data/oxygen options/OCNMS/OCNMS1/raw_data/2021/CAST_CA042_210827faed.cnv
* Sea-Bird SBE 19 Data File:
* FileName = C:\2021 Mooring Data\Casts\CAST_CA042_210827.hex
* Software Version SeatermAF 2.1.2
* Temperature SN = 2997
* Conductivity SN = 2997
* System UpLoad Time = Aug 27 2021 23:37:52 (localtime) = Aug 27 2021 23:37:52 (UTC)
** CAST_CA042_210827
* ds
# nquan = 9                                 
# nvalues = 1283                        
# units = specified
# name 0 = timeJ: Julian Days
# name 1 = prSM: Pressure, Strain Gauge [db]
# name 2 = c0mS/cm: Conductivity [mS/cm]
# name 3 = t090C: Temperature [ITS-90, deg C]
# name 4 = sbeox0ML/L: Oxygen, SBE 43 [ml/l]
# name 5 = depSM: Depth [salt water, m], lat = 47.5
# name 6 = sal00: Salinity, Practical [PSU]
# name 7 = sigma-é00: Density [sigma-theta, kg/m^3]
# name 8 = flag: flag
# span 0 = 239.919896, 239.927315       
# span 1 =     -5.200,     40.961       
# span 2 =   0.211388,  38.172430       
# span 3 =     7.7130,    15.7553       
# span 4 =   -10.0653,    13.1504       
# span 5 =     -5.157,     40.615       
# span 6 =     0.1250,    33.4743       
# span 7 =    -0.9016,    26.1157       
# span 8 = 0.0000e+00, 0.0000e+00       
# interval = seconds: 0.5
# start_time = Aug 27 2021 22:04:39 [Instrument's time stamp, header]
# bad_flag = -9.990e-29
*END*
 239.919896     -5.200 -9.990e-29    15.5670    -1.8546     -5.157 -9.990e-29 -9.990e-29 -9.990e-29
 239.919902     -5.196   0.213093    15.5727    -1.8551     -5.153     0.1253    -0.8903 -9.990e-29
 239.919907     -5.184   0.213093    15.5832    -1.8556     -5.141     0.1252    -0.8920 -9.990e-29
 239.919913     -5.167   0.213093    15.5969    -1.8558     -5.124     0.1252    -0.8942 -9.990e-29
 239.919919     -5.148   0.213093    15.6118    -1.8558     -5.105     0.1252    -0.8965 -9.990e-29
 239.919925     -5.126   0.213093    15.6256    -1.8556     -5.083     0.1251    -0.8988 -9.990e-29
 239.919931     -5.099   0.213092    15.6367    -1.8555     -5.057     0.1251    -0.9005 -9.990e-29
 239.919936     -5.067   0.213092    15.6432    -1.8556     -5.025     0.1251    -0.9016 -9.990e-29
 239.919942     -5.030   0.213091    15.6431    -1.8556     -4.988     0.1251    -0.9016 -9.990e-29
 239.919948     -4.995   0.213091    15.6367    -1.8564     -4.953     0.1251    -0.9005 -9.990e-29
 239.919954     -4.965   0.213090    15.6272    -1.8574     -4.924     0.1251    -0.8990 -9.990e-29
 239.919959     -4.937   0.213090    15.6189    -1.8582     -4.896     0.1251    -0.8977 -9.990e-29
 239.919965     -4.909   0.213089    15.6143    -1.8593     -4.868     0.1252    -0.8969 -9.990e-29
 239.919971     -4.881   0.213089    15.6133    -1.8602     -4.840     0.1252    -0.8968 -9.990e-29
 239.919977     -4.853   0.213089    15.6139    -1.8608     -4.813     0.1252    -0.8969 -9.990e-29
 239.919983     -4.830   0.213088    15.6141    -1.8612     -4.790     0.1252    -0.8969 -9.990e-29
 239.919988     -4.808   0.213088    15.6118    -1.8613     -4.768     0.1252    -0.8965 -9.990e-29
 239.919994     -4.788   0.213087    15.6043    -1.8613     -4.748     0.1252    -0.8953 -9.990e-29
 239.920000     -4.763   0.213087    15.5898    -1.8614     -4.723     0.1252    -0.8930 -9.990e-29
 239.920006     -4.732   0.213086    15.5698    -1.8614     -4.693     0.1253    -0.8898 -9.990e-29
 239.920012     -4.701   0.213086    15.5474    -1.8614     -4.662     0.1253    -0.8862 -9.990e-29
 239.920017     -4.673   0.213085    15.5244    -1.8616     -4.634     0.1254    -0.8826 -9.990e-29
 239.920023     -4.645   0.213085    15.5040    -1.8618     -4.606     0.1255    -0.8793 -9.990e-29
 239.920029     -4.617   0.213084    15.4886    -1.8622     -4.579     0.1255    -0.8769 -9.990e-29
 239.920035     -4.590   0.213082    15.4781    -1.8628     -4.552     0.1255    -0.8752 -9.990e-29
 239.920041     -4.568   0.213079    15.4722    -1.8632     -4.530     0.1255    -0.8743 -9.990e-29
 239.920046     -4.544   0.213068    15.4696    -1.8639     -4.506     0.1255    -0.8739 -9.990e-29
 239.920052     -4.512   0.213037    15.4686    -1.8643     -4.474     0.1255    -0.8737 -9.990e-29
 239.920058     -4.476   0.212945    15.4676    -1.8644     -4.439     0.1255    -0.8736 -9.990e-29
 239.920064     -4.441   0.212670    15.4655    -1.8645     -4.404     0.1253    -0.8734 -9.990e-29
 239.920069     -4.409   0.212400    15.4611    -1.8647     -4.372     0.1252    -0.8728 -9.990e-29
 239.920075     -4.379   0.212329    15.4542    -1.8645     -4.342     0.1252    -0.8717 -9.990e-29
 239.920081     -4.347   0.212362    15.4448    -1.8647     -4.311     0.1252    -0.8702 -9.990e-29
 239.920087     -4.313   0.212546    15.4336    -1.8653     -4.277     0.1253    -0.8684 -9.990e-29
 239.920093     -4.278   0.212573    15.4214    -1.8659     -4.242     0.1254    -0.8664 -9.990e-29
 239.920098     -4.250   0.212479    15.4095    -1.8665     -4.215     0.1254    -0.8646 -9.990e-29
 239.920104     -4.225   0.212693    15.4004    -1.8668     -4.190     0.1255    -0.8631 -9.990e-29
 239.920110     -4.198   0.212948    15.3948    -1.8667     -4.163     0.1257    -0.8621 -9.990e-29
 239.920116     -4.171   0.213030    15.3909    -1.8666     -4.136     0.1257    -0.8614 -9.990e-29
 239.920122     -4.148   0.213049    15.3880    -1.8665     -4.113     0.1258    -0.8609 -9.990e-29
 239.920127     -4.127   0.213031    15.3852    -1.8663     -4.093     0.1258    -0.8605 -9.990e-29
 239.920133     -4.107   0.212951    15.3792    -1.8660     -4.073     0.1257    -0.8596 -9.990e-29
 239.920139     -4.085   0.212703    15.3687    -1.8664     -4.051     0.1256    -0.8580 -9.990e-29
 239.920145     -4.061   0.212514    15.3565    -1.8670     -4.027     0.1255    -0.8562 -9.990e-29
 239.920150     -4.034   0.212685    15.3460    -1.8676     -4.000     0.1257    -0.8545 -9.990e-29
 239.920156     -4.001   0.212890    15.3400    -1.8678     -3.968     0.1258    -0.8534 -9.990e-29
 239.920162     -3.964   0.212850    15.3387    -1.8684     -3.931     0.1258    -0.8533 -9.990e-29
 239.920168     -3.931   0.212511    15.3398    -1.8690     -3.898     0.1256    -0.8536 -9.990e-29
 239.920174     -3.903   0.211974    15.3418    -1.8696     -3.870     0.1253    -0.8541 -9.990e-29
 239.920179     -3.878   0.211634    15.3441    -1.8696     -3.846     0.1251    -0.8547 -9.990e-29
 239.920185     -3.854   0.211594    15.3442    -1.8694     -3.822     0.1250    -0.8547 -9.990e-29
 239.920191     -3.827   0.211799    15.3389    -1.8694     -3.795     0.1252    -0.8538 -9.990e-29
 239.920197     -3.794   0.211970    15.3286    -1.8694     -3.762     0.1253    -0.8521 -9.990e-29
 239.920203     -3.761   0.211780    15.3174    -1.8697     -3.730     0.1252    -0.8504 -9.990e-29
 239.920208     -3.731   0.211532    15.3064    -1.8696     -3.700     0.1251    -0.8488 -9.990e-29
 239.920214     -3.702   0.211449    15.2944    -1.8695     -3.671     0.1251    -0.8469 -9.990e-29
 239.920220     -3.672   0.211421    15.2821    -1.8697     -3.641     0.1251    -0.8450 -9.990e-29
 239.920226     -3.644   0.211411    15.2725    -1.8707     -3.614     0.1251    -0.8435 -9.990e-29
 239.920231     -3.620   0.211408    15.2681    -1.8717     -3.590     0.1251    -0.8428 -9.990e-29
 239.920237     -3.598   0.211406    15.2678    -1.8725     -3.568     0.1251    -0.8428 -9.990e-29
 239.920243     -3.577   0.211405    15.2682    -1.8733     -3.547     0.1251    -0.8429 -9.990e-29
 239.920249     -3.556   0.211405    15.2674    -1.8736     -3.526     0.1251    -0.8427 -9.990e-29
 239.920255     -3.533   0.211405    15.2656    -1.8738     -3.504     0.1251    -0.8424 -9.990e-29
 239.920260     -3.511   0.211404    15.2641    -1.8738     -3.482     0.1251    -0.8422 -9.990e-29
 239.920266     -3.493   0.211404    15.2610    -1.8741     -3.464     0.1251    -0.8417 -9.990e-29
 239.920272     -3.474   0.211403    15.2518    -1.8742     -3.445     0.1252    -0.8403 -9.990e-29
 239.920278     -3.448   0.211403    15.2351    -1.8744     -3.419     0.1252    -0.8377 -9.990e-29
 239.920284     -3.418   0.211402    15.2145    -1.8743     -3.390     0.1253    -0.8345 -9.990e-29
 239.920289     -3.390   0.211402    15.1947    -1.8745     -3.362     0.1253    -0.8314 -9.990e-29
 239.920295     -3.367   0.211401    15.1788    -1.8746     -3.339     0.1254    -0.8289 -9.990e-29
 239.920301     -3.348   0.211401    15.1680    -1.8747     -3.320     0.1254    -0.8272 -9.990e-29
 239.920307     -3.330   0.211400    15.1615    -1.8748     -3.302     0.1254    -0.8262 -9.990e-29
 239.920312     -3.314   0.211400    15.1573    -1.8751     -3.286     0.1254    -0.8256 -9.990e-29
 239.920318     -3.298   0.211400    15.1535    -1.8756     -3.271     0.1254    -0.8250 -9.990e-29
 239.920324     -3.281   0.211399    15.1501    -1.8757     -3.254     0.1255    -0.8245 -9.990e-29
 239.920330     -3.262   0.211399    15.1474    -1.8759     -3.235     0.1255    -0.8240 -9.990e-29
 239.920336     -3.245   0.211398    15.1449    -1.8759     -3.218     0.1255    -0.8236 -9.990e-29
 239.920341     -3.231   0.211398    15.1423    -1.8762     -3.204     0.1255    -0.8232 -9.990e-29
 239.920347     -3.216   0.211397    15.1395    -1.8766     -3.189     0.1255    -0.8228 -9.990e-29
 239.920353     -3.196   0.211397    15.1364    -1.8769     -3.169     0.1255    -0.8223 -9.990e-29
 239.920359     -3.172   0.211396    15.1319    -1.8767     -3.146     0.1255    -0.8216 -9.990e-29
 239.920365     -3.152   0.211396    15.1253    -1.8763     -3.126     0.1255    -0.8206 -9.990e-29
 239.920370     -3.134   0.211395    15.1183    -1.8760     -3.108     0.1255    -0.8195 -9.990e-29
 239.920376     -3.114   0.211395    15.1127    -1.8763     -3.088     0.1256    -0.8187 -9.990e-29
 239.920382     -3.093   0.211395    15.1084    -1.8763     -3.067     0.1256    -0.8180 -9.990e-29
 239.920388     -3.076   0.211394    15.1040    -1.8762     -3.050     0.1256    -0.8173 -9.990e-29
 239.920394     -3.061   0.211394    15.0983    -1.8761     -3.035     0.1256    -0.8164 -9.990e-29
 239.920399     -3.047   0.211393    15.0920    -1.8757     -3.022     0.1256    -0.8155 -9.990e-29
 239.920405     -3.033   0.211393    15.0887    -1.8754     -3.008     0.1256    -0.8150 -9.990e-29
 239.920411     -3.018   0.211392    15.0906    -1.8746     -2.993     0.1256    -0.8152 -9.990e-29
 239.920417     -3.002   0.211392    15.0957    -1.8734     -2.977     0.1256    -0.8160 -9.990e-29
 239.920422     -2.984   0.211391    15.0995    -1.8720     -2.959     0.1256    -0.8166 -9.990e-29
 239.920428     -2.961   0.211391    15.1001    -1.8707     -2.936     0.1256    -0.8167 -9.990e-29
 239.920434     -2.937   0.211390    15.1003    -1.8694     -2.913     0.1256    -0.8167 -9.990e-29
 239.920440     -2.916   0.211390    15.1029    -1.8686     -2.892     0.1256    -0.8171 -9.990e-29
 239.920446     -2.894   0.211390    15.1080    -1.8680     -2.870     0.1256    -0.8179 -9.990e-29
 239.920451     -2.876   0.211389    15.1163    -1.8677     -2.852     0.1255    -0.8192 -9.990e-29
 239.920457     -2.860   0.211389    15.1297    -1.8676     -2.836     0.1255    -0.8213 -9.990e-29
 239.920463     -2.841   0.211388    15.1500    -1.8676     -2.817     0.1254    -0.8244 -9.990e-29
 239.920469     -2.822   0.211388    15.1770    -1.8679     -2.798     0.1254    -0.8286 -9.990e-29
 239.920475     -2.807   0.211388    15.2077    -1.8676     -2.784     0.1253    -0.8334 -9.990e-29
 239.920480     -2.793   0.211389    15.2386    -1.8673     -2.770     0.1252    -0.8382 -9.990e-29
 239.920486     -2.780   0.211394    15.2663    -1.8667     -2.757     0.1251    -0.8425 -9.990e-29
 239.920492     -2.768   0.211410    15.2880    -1.8664     -2.745     0.1251    -0.8459 -9.990e-29
 239.920498     -2.755   0.211458    15.3031    -1.8662     -2.732     0.1251    -0.8483 -9.990e-29
 239.920503     -2.741   0.211603    15.3121    -1.8657     -2.718     0.1251    -0.8496 -9.990e-29
 239.920509     -2.730   0.212038    15.3163    -1.8651     -2.707     0.1254    -0.8501 -9.990e-29
 239.920515     -2.720   0.212792    15.3173    -1.8650     -2.697     0.1258    -0.8499 -9.990e-29
 239.920521     -2.702   0.213762    15.3178    -1.8649     -2.679     0.1264    -0.8495 -9.990e-29
 239.920527     -2.679   0.215687    15.3206    -1.8646     -2.657     0.1275    -0.8491 -9.990e-29
 239.920532     -2.664   0.220026    15.3262    -1.8642     -2.642     0.1301    -0.8480 -9.990e-29
 239.920538     -2.654   0.227579    15.3333    -1.8639     -2.632     0.1345    -0.8456 -9.990e-29
 239.920544     -2.640   0.237891    15.3401    -1.8635     -2.618     0.1406    -0.8419 -9.990e-29
 239.920550     -2.618   0.250306    15.3466    -1.8631     -2.596     0.1480    -0.8372 -9.990e-29
 239.920556     -2.591   0.265313    15.3536    -1.8629     -2.569     0.1569    -0.8314 -9.990e-29
 239.920561     -2.565   0.284083    15.3590    -1.8626     -2.544     0.1682    -0.8236 -9.990e-29
 239.920567     -2.542   0.306712    15.3613    -1.8623     -2.521     0.1817    -0.8134 -9.990e-29
 239.920573     -2.522   0.331793    15.3628    -1.8620     -2.501     0.1969    -0.8019 -9.990e-29
 239.920579     -2.503   0.357862    15.3671    -1.8620     -2.482     0.2126    -0.7904 -9.990e-29
 239.920584     -2.484   0.382002    15.3747    -1.8620     -2.463     0.2273    -0.7803 -9.990e-29
 239.920590     -2.464   0.398723    15.3836    -1.8617     -2.443     0.2374    -0.7738 -9.990e-29
 239.920596     -2.445   0.405939    15.3925    -1.8612     -2.425     0.2417    -0.7718 -9.990e-29
 239.920602     -2.431   0.407180    15.4010    -1.8611     -2.411     0.2424    -0.7726 -9.990e-29
 239.920608     -2.416   0.406316    15.4086    -1.8608     -2.396     0.2419    -0.7742 -9.990e-29
 239.920613     -2.400   0.405521    15.4156    -1.8605     -2.380     0.2413    -0.7757 -9.990e-29
 239.920619     -2.386   0.405583    15.4224    -1.8602     -2.366     0.2413    -0.7768 -9.990e-29
 239.920625     -2.368   0.406032    15.4282    -1.8598     -2.348     0.2416    -0.7775 -9.990e-29
 239.920631     -2.346   0.405989    15.4324    -1.8595     -2.326     0.2415    -0.7782 -9.990e-29
 239.920637     -2.327   0.404842    15.4366    -1.8595     -2.308     0.2408    -0.7794 -9.990e-29
 239.920642     -2.314   0.402906    15.4427    -1.8592     -2.295     0.2396    -0.7813 -9.990e-29
 239.920648     -2.306   0.400924    15.4503    -1.8588     -2.287     0.2383    -0.7835 -9.990e-29
 239.920654     -2.298   0.399024    15.4579    -1.8584     -2.279     0.2371    -0.7856 -9.990e-29
 239.920660     -2.285   0.397444    15.4650    -1.8581     -2.266     0.2361    -0.7875 -9.990e-29
 239.920666     -2.271   0.396847    15.4720    -1.8579     -2.252     0.2357    -0.7889 -9.990e-29
 239.920671     -2.259   0.397546    15.4795    -1.8574     -2.240     0.2361    -0.7898 -9.990e-29
 239.920677     -2.249   0.399362    15.4872    -1.8571     -2.230     0.2372    -0.7902 -9.990e-29
 239.920683     -2.240   0.401394    15.4939    -1.8569     -2.221     0.2384    -0.7903 -9.990e-29
 239.920689     -2.231   0.402470    15.4998    -1.8570     -2.212     0.2390    -0.7907 -9.990e-29
 239.920694     -2.221   0.402361    15.5066    -1.8568     -2.202     0.2389    -0.7919 -9.990e-29
 239.920700     -2.211   0.402031    15.5149    -1.8566     -2.193     0.2387    -0.7934 -9.990e-29
 239.920706     -2.199   0.402701    15.5234    -1.8563     -2.181     0.2390    -0.7944 -9.990e-29
 239.920712     -2.184   0.404712    15.5314    -1.8560     -2.166     0.2402    -0.7948 -9.990e-29
 239.920718     -2.167   0.407419    15.5394    -1.8560     -2.149     0.2418    -0.7948 -9.990e-29
 239.920723     -2.149   0.409997    15.5476    -1.8559     -2.131     0.2433    -0.7949 -9.990e-29
 239.920729     -2.134   0.412006    15.5549    -1.8560     -2.116     0.2445    -0.7952 -9.990e-29
 239.920735     -2.117   0.413352    15.5598    -1.8559     -2.099     0.2453    -0.7953 -9.990e-29
 239.920741     -2.097   0.414170    15.5627    -1.8555     -2.080     0.2458    -0.7954 -9.990e-29
 239.920747     -2.080   0.414994    15.5657    -1.8552     -2.063     0.2462    -0.7955 -9.990e-29
 239.920752     -2.071   0.416369    15.5698    -1.8554     -2.054     0.2471    -0.7955 -9.990e-29
 239.920758     -2.064   0.418466    15.5748    -1.8554     -2.047     0.2483    -0.7954 -9.990e-29
 239.920764     -2.055   0.421308    15.5793    -1.8552     -2.038     0.2500    -0.7948 -9.990e-29
 239.920770     -2.043   0.424807    15.5822    -1.8549     -2.026     0.2521    -0.7936 -9.990e-29
 239.920775     -2.027   0.428640    15.5835    -1.8546     -2.010     0.2544    -0.7920 -9.990e-29
 239.920781     -2.011   0.432377    15.5841    -1.8546     -1.994     0.2567    -0.7903 -9.990e-29
 239.920787     -1.997   0.436013    15.5866    -1.8546     -1.980     0.2589    -0.7890 -9.990e-29
 239.920793     -1.986   0.439963    15.5914    -1.8541     -1.969     0.2613    -0.7880 -9.990e-29
 239.920799     -1.976   0.444507    15.5954    -1.8537     -1.960     0.2640    -0.7865 -9.990e-29
 239.920804     -1.966   0.449052    15.5968    -1.8535     -1.950     0.2668    -0.7845 -9.990e-29
 239.920810     -1.956   0.452457    15.5981    -1.8536     -1.940     0.2689    -0.7832 -9.990e-29
 239.920816     -1.945   0.454827    15.6017    -1.8533     -1.929     0.2703    -0.7826 -9.990e-29
