data/oxygen options/OCNMS/OCNMS1/raw_data/2021/CAST_MB042_210716faed.cnv
* Sea-Bird SBE 19 Data File:
* FileName = C:\2021 Mooring Data\Casts\CAST_MB042_210716.hex
* Software Version SeatermAF 2.1.2
* Temperature SN = 2997
* Conductivity SN = 2997
* System UpLoad Time = Jul 16 2021 18:06:10 (localtime) = Jul 16 2021 18:06:10 (UTC)
** CAST_MB042_210716
* ds
# nquan = 9                                 
# nvalues = 971                         
# units = specified
# name 0 = timeJ: Julian Days
# name 1 = prSM: Pressure, Strain Gauge [db]
# name 2 = c0mS/cm: Conductivity [mS/cm]
# name 3 = t090C: Temperature [ITS-90, deg C]
# name 4 = sbeox0ML/L: Oxygen, SBE 43 [ml/l]
# name 5 = depSM: Depth [salt water, m], lat = 47.5
# name 6 = sal00: Salinity, Practical [PSU]
# name 7 = sigma-é00: Density [sigma-theta, kg/m^3]
# name 8 = flag: flag
# span 0 = 197.699120, 197.704734       
# span 1 =     -4.942,     41.610       
# span 2 =   0.011229,  36.154407       
# span 3 =     6.9954,    11.8405       
# span 4 =    -2.0366,    12.1122       
# span 5 =     -4.901,     41.259       
# span 6 =     0.0109,    33.7632       
# span 7 =    -0.4705,    26.4455       
# span 8 = 0.0000e+00, 0.0000e+00       
# interval = seconds: 0.5
# start_time = Jul 16 2021 16:46:44 [Instrument's time stamp, header]
# bad_flag = -9.990e-29
*END*
[from data line 801]
 197.703756     36.837  34.169410     7.0542     1.5242     36.526    33.7018    26.3892 0.0000e+00
 197.703762     36.509  34.169091     7.0550     1.5599     36.201    33.7008    26.3883 0.0000e+00
 197.703767     36.179  34.168669     7.0575     1.5722     35.874    33.6981    26.3858 0.0000e+00
 197.703773     35.847  34.168549     7.0610     1.5991     35.545    33.6947    26.3827 0.0000e+00
 197.703779     35.520  34.168419     7.0636     1.6032     35.221    33.6922    26.3803 0.0000e+00
 197.703785     35.196  34.167955     7.0650     1.5759     34.899    33.6904    26.3788 0.0000e+00
 197.703791     34.873  34.167505     7.0661     1.5882     34.579    33.6890    26.3775 0.0000e+00
 197.703796     34.552  34.167440     7.0674     1.5857     34.261    33.6878    26.3764 0.0000e+00
 197.703802     34.233  34.167519     7.0692     1.5896     33.944    33.6863    26.3749 0.0000e+00
 197.703808     33.913  34.167137     7.0720     1.6021     33.627    33.6833    26.3722 0.0000e+00
 197.703814     33.594  34.166192     7.0760     1.5976     33.311    33.6785    26.3679 0.0000e+00
 197.703819     33.276  34.165511     7.0818     1.5976     32.996    33.6723    26.3621 0.0000e+00
 197.703825     32.956  34.165717     7.0882     1.6017     32.678    33.6664    26.3566 0.0000e+00
 197.703831     32.632  34.166370     7.0934     1.5953     32.357    33.6622    26.3526 0.0000e+00
 197.703837     32.295  34.166510     7.0975     1.6119     32.023    33.6585    26.3491 0.0000e+00
 197.703843     31.933  34.166175     7.1027     1.6222     31.664    33.6532    26.3443 0.0000e+00
 197.703848     31.543  34.165885     7.1090     1.6117     31.277    33.6470    26.3384 0.0000e+00
 197.703854     31.141  34.165661     7.1146     1.6219     30.879    33.6414    26.3333 0.0000e+00
 197.703860     30.737  34.165616     7.1192     1.6236     30.478    33.6371    26.3293 0.0000e+00
 197.703866     30.338  34.165540     7.1228     1.6228     30.083    33.6337    26.3261 0.0000e+00
 197.703872     29.942  34.165182     7.1247     1.6309     29.690    33.6317    26.3242 0.0000e+00
 197.703877     29.552  34.164473     7.1260     1.6310     29.303    33.6298    26.3226 0.0000e+00
 197.703883     29.167  34.163434     7.1283     1.6285     28.922    33.6266    26.3197 0.0000e+00
 197.703889     28.788  34.162768     7.1314     1.6427     28.546    33.6230    26.3165 0.0000e+00
 197.703895     28.414  34.162556     7.1342     1.6654     28.175    33.6203    26.3139 0.0000e+00
 197.703900     28.037  34.162363     7.1374     1.6672     27.801    33.6171    26.3110 0.0000e+00
 197.703906     27.646  34.162900     7.1426     1.6880     27.413    33.6128    26.3069 0.0000e+00
 197.703912     27.234  34.165293     7.1519     1.6960     27.005    33.6066    26.3007 0.0000e+00
 197.703918     26.808  34.168660     7.1638     1.6955     26.583    33.5989    26.2930 0.0000e+00
 197.703924     26.380  34.170625     7.1727     1.7077     26.158    33.5926    26.2868 0.0000e+00
 197.703929     25.953  34.170297     7.1781     1.7117     25.735    33.5871    26.2818 0.0000e+00
 197.703935     25.530  34.168770     7.1851     1.7135     25.315    33.5789    26.2743 0.0000e+00
 197.703941     25.117  34.168337     7.1939     1.6737     24.906    33.5700    26.2661 0.0000e+00
 197.703947     24.714  34.169391     7.2012     1.7282     24.506    33.5643    26.2606 0.0000e+00
 197.703953     24.313  34.170389     7.2062     1.7447     24.109    33.5607    26.2571 0.0000e+00
 197.703958     23.910  34.170831     7.2106     1.7676     23.709    33.5571    26.2536 0.0000e+00
 197.703964     23.509  34.171714     7.2179     1.7770     23.311    33.5512    26.2479 0.0000e+00
 197.703970     23.115  34.174067     7.2282     1.7061     22.921    33.5439    26.2408 0.0000e+00
 197.703976     22.723  34.176396     7.2372     1.7556     22.532    33.5379    26.2348 0.0000e+00
 197.703981     22.326  34.176620     7.2436     1.7859     22.138    33.5321    26.2294 0.0000e+00
 197.703987     21.924  34.175446     7.2490     1.7876     21.740    33.5258    26.2236 0.0000e+00
 197.703993     21.527  34.174518     7.2524     1.8100     21.346    33.5217    26.2199 0.0000e+00
 197.703999     21.138  34.174128     7.2527     1.7936     20.961    33.5212    26.2195 0.0000e+00
 197.704005     20.755  34.174164     7.2524     1.8033     20.581    33.5217    26.2199 0.0000e+00
 197.704010     20.371  34.174829     7.2563     1.8301     20.200    33.5188    26.2171 0.0000e+00
 197.704016     19.981  34.176599     7.2655     1.8443     19.813    33.5120    26.2105 0.0000e+00
 197.704022     19.584  34.180999     7.2759     1.8453     19.420    33.5069    26.2050 0.0000e+00
 197.704028     19.174  34.190280     7.2868     1.8731     19.013    33.5066    26.2033 0.0000e+00
 197.704034     18.756  34.201753     7.2977     1.8802     18.599    33.5087    26.2034 0.0000e+00
 197.704039     18.342  34.210234     7.3058     1.8944     18.188    33.5103    26.2035 0.0000e+00
 197.704045     17.940  34.216067     7.3119     1.9188     17.790    33.5109    26.2032 0.0000e+00
 197.704051     17.545  34.222779     7.3189     1.9264     17.398    33.5116    26.2027 0.0000e+00
 197.704057     17.154  34.230592     7.3272     1.9501     17.010    33.5123    26.2021 0.0000e+00
 197.704062     16.763  34.236716     7.3354     1.9707     16.622    33.5112    26.2001 0.0000e+00
 197.704068     16.370  34.241146     7.3463     1.9891     16.233    33.5056    26.1942 0.0000e+00
 197.704074     15.974  34.246658     7.3644     2.0001     15.840    33.4943    26.1827 0.0000e+00
 197.704080     15.576  34.255790     7.3885     2.0215     15.445    33.4811    26.1689 0.0000e+00
 197.704086     15.176  34.266392     7.4110     2.0391     15.049    33.4710    26.1579 0.0000e+00
 197.704091     14.775  34.273238     7.4261     2.0412     14.651    33.4641    26.1503 0.0000e+00
 197.704097     14.377  34.276169     7.4381     2.0558     14.257    33.4558    26.1421 0.0000e+00
 197.704103     13.992  34.281004     7.4539     2.0675     13.875    33.4460    26.1322 0.0000e+00
 197.704109     13.624  34.289379     7.4707     2.0787     13.510    33.4391    26.1243 0.0000e+00
 197.704115     13.267  34.295336     7.4826     2.1085     13.156    33.4342    26.1188 0.0000e+00
 197.704120     12.907  34.297528     7.4943     2.1264     12.799    33.4255    26.1103 0.0000e+00
 197.704126     12.539  34.302464     7.5119     2.1289     12.434    33.4140    26.0988 0.0000e+00
 197.704132     12.173  34.313592     7.5323     2.1600     12.071    33.4066    26.0901 0.0000e+00
 197.704138     11.824  34.329745     7.5501     2.1680     11.725    33.4071    26.0879 0.0000e+00
 197.704144     11.493  34.345819     7.5618     2.1770     11.397    33.4133    26.0912 0.0000e+00
 197.704149     11.165  34.354365     7.5702     2.2022     11.072    33.4147    26.0910 0.0000e+00
 197.704155     10.834  34.358046     7.5816     2.1403     10.743    33.4078    26.0840 0.0000e+00
 197.704161     10.503  34.364796     7.5966     2.1936     10.415    33.4008    26.0764 0.0000e+00
 197.704167     10.191  34.376561     7.6119     2.2237     10.106    33.3990    26.0728 0.0000e+00
 197.704172      9.907  34.390782     7.6235     2.2381      9.824    33.4033    26.0745 0.0000e+00
 197.704178      9.646  34.400898     7.6285     2.2908      9.565    33.4095    26.0787 0.0000e+00
 197.704184      9.400  34.403828     7.6310     2.2550      9.321    33.4104    26.0790 0.0000e+00
 197.704190      9.162  34.405942     7.6390     2.2919      9.085    33.4051    26.0737 0.0000e+00
 197.704196      8.934  34.413080     7.6566     2.3101      8.859    33.3960    26.0640 0.0000e+00
 197.704201      8.727  34.426026     7.6790     2.3246      8.654    33.3885    26.0550 0.0000e+00
 197.704207      8.546  34.440994     7.6973     2.3260      8.475    33.3872    26.0513 0.0000e+00
 197.704213      8.382  34.455215     7.7088     2.3179      8.312    33.3915    26.0531 0.0000e+00
 197.704219      8.226  34.467722     7.7159     2.3280      8.157    33.3983    26.0573 0.0000e+00
 197.704225      8.071  34.473581     7.7190     2.3160      8.003    33.4017    26.0595 0.0000e+00
 197.704230      7.918  34.471869     7.7188     2.3221      7.852    33.4001    26.0583 0.0000e+00
 197.704236      7.763  34.468365     7.7183     2.3326      7.698    33.3969    26.0559 0.0000e+00
 197.704242      7.611  34.468138     7.7195     2.3264      7.547    33.3955    26.0547 0.0000e+00
 197.704248      7.465  34.470550     7.7220     2.3458      7.403    33.3958    26.0545 0.0000e+00
 197.704253      7.323  34.472879     7.7264     2.3528      7.262    33.3942    26.0526 0.0000e+00
 197.704259      7.186  34.475655     7.7337     2.3508      7.126    33.3902    26.0484 0.0000e+00
 197.704265      7.053  34.481122     7.7419     2.3694      6.994    33.3883    26.0457 0.0000e+00
 197.704271      6.925  34.488954     7.7482     2.3761      6.867    33.3907    26.0467 -9.990e-29
 197.704277      6.801  34.496380     7.7529     2.3785      6.744    33.3943    26.0488 -9.990e-29
 197.704282      6.678  34.501209     7.7569     2.4013      6.622    33.3957    26.0494 -9.990e-29
 197.704288      6.549  34.502823     7.7609     2.4322      6.494    33.3937    26.0472 0.0000e+00
 197.704294      6.409  34.503035     7.7676     2.4530      6.355    33.3875    26.0414 0.0000e+00
 197.704300      6.258  34.505151     7.7813     2.4759      6.206    33.3767    26.0310 0.0000e+00
 197.704306      6.104  34.511653     7.8019     2.4893      6.053    33.3641    26.0180 0.0000e+00
 197.704311      5.958  34.522478     7.8280     2.4957      5.908    33.3508    26.0038 0.0000e+00
 197.704317      5.823  34.541085     7.8529     2.5454      5.774    33.3470    25.9973 0.0000e+00
 197.704323      5.696  34.558911     7.8650     2.5940      5.648    33.3546    26.0015 0.0000e+00
 197.704329      5.564  34.561314     7.8721     2.6480      5.517    33.3505    25.9972 0.0000e+00
 197.704334      5.419  34.562926     7.8892     2.6917      5.374    33.3359    25.9833 0.0000e+00
 197.704340      5.264  34.576757     7.9160     2.6676      5.220    33.3252    25.9710 0.0000e+00
 197.704346      5.111  34.597391     7.9531     2.7132      5.068    33.3120    25.9552 0.0000e+00
 197.704352      4.967  34.631846     7.9967     2.7320      4.925    33.3073    25.9451 0.0000e+00
 197.704358      4.827  34.669730     8.0287     2.7587      4.787    33.3174    25.9483 0.0000e+00
 197.704363      4.687  34.682263     8.0439     2.7833      4.648    33.3163    25.9453 0.0000e+00
 197.704369      4.542  34.680225     8.0518     2.7538      4.504    33.3067    25.9366 0.0000e+00
 197.704375      4.391  34.683524     8.0593     2.8244      4.354    33.3031    25.9327 0.0000e+00
 197.704381      4.243  34.690622     8.0715     2.8774      4.208    33.2992    25.9278 0.0000e+00
 197.704387      4.100  34.705044     8.0890     2.9569      4.066    33.2980    25.9242 0.0000e+00
 197.704392      3.962  34.724961     8.1106     3.0322      3.929    33.2987    25.9217 0.0000e+00
 197.704398      3.824  34.740191     8.1447     3.0714      3.792    33.2826    25.9040 0.0000e+00
 197.704404      3.682  34.760061     8.1937     3.1061      3.651    33.2573    25.8769 0.0000e+00
 197.704410      3.540  34.792247     8.2364     3.1110      3.510    33.2511    25.8656 0.0000e+00
 197.704416      3.402  34.829487     8.2644     3.1014      3.374    33.2642    25.8717 0.0000e+00
 197.704421      3.266  34.874059     8.2915     3.1246      3.239    33.2858    25.8847 0.0000e+00
 197.704427      3.134  34.915052     8.3221     3.1586      3.108    33.3004    25.8915 0.0000e+00
 197.704433      3.000  34.932297     8.3491     3.2521      2.975    33.2931    25.8817 0.0000e+00
 197.704439      2.862  34.933889     8.3700     3.3955      2.838    33.2751    25.8644 0.0000e+00
 197.704444      2.722  34.933935     8.3991     3.5566      2.699    33.2477    25.8386 0.0000e+00
 197.704450      2.585  34.937197     8.4586     3.7646      2.563    33.1951    25.7883 0.0000e+00
 197.704456      2.451  34.961689     8.5584     3.9213      2.431    33.1271    25.7199 0.0000e+00
 197.704462      2.324  35.037486     8.6972     4.0530      2.305    33.0767    25.6593 -9.990e-29
 197.704468      2.204  35.140414     8.8577     4.1341      2.186    33.0347    25.6016 -9.990e-29
 197.704473      2.080  35.216387     9.0303     4.1621      2.063    32.9535    25.5112 -9.990e-29
 197.704479      1.947  35.287964     9.2164     4.1326      1.931    32.8559    25.4055 0.0000e+00
 197.704485      1.820  35.374642     9.3620     4.0914      1.805    32.8116    25.3476 -9.990e-29
 197.704491      1.711  35.457238     9.4236     4.0846      1.697    32.8402    25.3601 -9.990e-29
 197.704497      1.626  35.533538     9.4144     4.1288      1.612    32.9272    25.4296 -9.990e-29
 197.704502      1.564  35.541383     9.3660     4.1613      1.551    32.9799    25.4786 -9.990e-29
 197.704508      1.517  35.461202     9.3481     4.1781      1.504    32.9137    25.4297 -9.990e-29
 197.704514      1.473  35.422689     9.3921     4.1836      1.461    32.8336    25.3600 -9.990e-29
 197.704520      1.430  35.477207     9.4527     4.2131      1.418    32.8341    25.3507 -9.990e-29
 197.704525      1.393  35.565452     9.4812     4.2343      1.381    32.8987    25.3966 -9.990e-29
 197.704531      1.364  35.625484     9.4637     4.3529      1.353    32.9766    25.4603 -9.990e-29
 197.704537      1.337  35.616006     9.4369     4.4312      1.326    32.9915    25.4763 -9.990e-29
 197.704543      1.302  35.592943     9.4405     4.4535      1.291    32.9645    25.4546 -9.990e-29
 197.704549      1.256  35.610904     9.4697     4.4282      1.246    32.9561    25.4433 -9.990e-29
 197.704554      1.206  35.650900     9.5152     4.3043      1.196    32.9554    25.4354 -9.990e-29
 197.704560      1.152  35.703728     9.5700     4.9312      1.142    32.9593    25.4296 -9.990e-29
 197.704566      1.091  35.758247     9.6126     5.1035      1.082    32.9761    25.4358 -9.990e-29
 197.704572      1.019  35.776997     9.6393     5.2837      1.010    32.9708    25.4273 -9.990e-29
 197.704578      0.936  35.765592     9.6560     5.5346      0.928    32.9438    25.4035 -9.990e-29
 197.704583      0.849  35.752180     9.6601     5.7775      0.842    32.9264    25.3892 -9.990e-29
 197.704589      0.770  35.719653     9.6608     6.1026      0.764    32.8925    25.3626 -9.990e-29
 197.704595      0.706  35.633821     9.6688     6.2842      0.700    32.7974    25.2870 -9.990e-29
 197.704601      0.658  35.412948     9.6844     6.4398      0.653    32.5574    25.0970 -9.990e-29
 197.704606      0.624  34.788518     9.7046     6.5365      0.619    31.9025    24.5824 -9.990e-29
 197.704612      0.599  32.953381     9.7247     6.5763      0.594    30.0250    23.1140 -9.990e-29
 197.704618      0.584  27.484993     9.7415     6.6033      0.579    24.5638    18.8555 -9.990e-29
 197.704624      0.573  18.563214     9.7551     6.6122      0.568    15.9808    12.1775 -9.990e-29
 197.704630      0.560  11.181182     9.7642     6.6215      0.555     9.2211     6.9216 -9.990e-29
 197.704635      0.550   7.535724     9.7689     6.6098      0.545     6.0293     4.4370 -9.990e-29
 197.704641      0.542   6.059950     9.7744     6.6049      0.537     4.7728     3.4572 -9.990e-29
 197.704647      0.531   5.367484     9.7832     6.6005      0.527     4.1911     3.0027 -9.990e-29
 197.704653      0.520   4.843182     9.7933     6.5938      0.516     3.7546     2.6611 -9.990e-29
 197.704659      0.513   4.472800     9.8043     6.6011      0.509     3.4482     2.4209 -9.990e-29
 197.704664      0.509   4.045778     9.8166     6.6085      0.505     3.0978     2.1461 -9.990e-29
 197.704670      0.509   3.510768     9.8297     6.6074      0.505     2.6633     1.8054 -9.990e-29
