data/oxygen options/OCNMS/OCNMS1/raw_data/2021/CAST_CE015_210824faed.cnv
* Sea-Bird SBE 19 Data File:
* FileName = C:\2021 Mooring Data\Casts\CAST_CE015_210824.hex
* Software Version SeatermAF 2.1.2
* Temperature SN = 2997
* Conductivity SN = 2997
* System UpLoad Time = Aug 24 2021 21:21:50 (localtime) = Aug 24 2021 21:21:50 (UTC)
** CAST_CE015_210824
* ds
# nquan = 9                                 
# nvalues = 2052                        
# units = specified
# name 0 = timeJ: Julian Days
# name 1 = prSM: Pressure, Strain Gauge [db]
# name 2 = c0mS/cm: Conductivity [mS/cm]
# name 3 = t090C: Temperature [ITS-90, deg C]
# name 4 = sbeox0ML/L: Oxygen, SBE 43 [ml/l]
# name 5 = depSM: Depth [salt water, m], lat = 47.5
# name 6 = sal00: Salinity, Practical [PSU]
# name 7 = sigma-é00: Density [sigma-theta, kg/m^3]
# name 8 = flag: flag
# span 0 = 236.817882, 236.829751       
# span 1 =     -5.182,     15.473       
# span 2 =   0.000627,  39.888274       
# span 3 =    10.8615,    14.2633       
# span 4 =    -1.9755,    12.9530       
# span 5 =     -5.139,     15.343       
# span 6 =     0.0067,    33.1841       
# span 7 =    -0.7502,    25.3811       
# span 8 = 0.0000e+00, 0.0000e+00       
# interval = seconds: 0.5
# start_time = Aug 24 2021 19:37:45 [Instrument's time stamp, header]
# bad_flag = -9.990e-29
*END*
 236.817882     -5.182 -9.990e-29    13.8383    -1.9282     -5.139 -9.990e-29 -9.990e-29 -9.990e-29
 236.817888     -5.177   0.003830    13.8388    -1.9284     -5.134     0.0082    -0.7255 -9.990e-29
 236.817894     -5.171   0.003830    13.8403    -1.9288     -5.128     0.0082    -0.7257 -9.990e-29
 236.817899     -5.164   0.003830    13.8405    -1.9294     -5.121     0.0082    -0.7257 -9.990e-29
 236.817905     -5.155   0.003830    13.8394    -1.9301     -5.112     0.0082    -0.7256 -9.990e-29
 236.817911     -5.143   0.003830    13.8390    -1.9297     -5.100     0.0082    -0.7255 -9.990e-29
 236.817917     -5.127   0.003830    13.8399    -1.9291     -5.084     0.0082    -0.7256 -9.990e-29
 236.817922     -5.107   0.003830    13.8416    -1.9288     -5.064     0.0082    -0.7259 -9.990e-29
 236.817928     -5.081   0.003830    13.8439    -1.9290     -5.039     0.0082    -0.7262 -9.990e-29
 236.817934     -5.053   0.003830    13.8452    -1.9285     -5.011     0.0082    -0.7264 -9.990e-29
 236.817940     -5.023   0.003829    13.8423    -1.9277     -4.981     0.0082    -0.7260 -9.990e-29
 236.817946     -4.991   0.003829    13.8347    -1.9270     -4.949     0.0082    -0.7249 -9.990e-29
 236.817951     -4.959   0.003829    13.8250    -1.9265     -4.918     0.0082    -0.7236 -9.990e-29
 236.817957     -4.929   0.003829    13.8190    -1.9261     -4.888     0.0082    -0.7228 -9.990e-29
 236.817963     -4.899   0.003829    13.8213    -1.9259     -4.858     0.0082    -0.7231 -9.990e-29
 236.817969     -4.867   0.003829    13.8286    -1.9254     -4.826     0.0082    -0.7241 -9.990e-29
 236.817975     -4.831   0.003829    13.8350    -1.9251     -4.791     0.0082    -0.7250 -9.990e-29
 236.817980     -4.793   0.003829    13.8407    -1.9250     -4.753     0.0082    -0.7257 -9.990e-29
 236.817986     -4.759   0.003829    13.8501    -1.9249     -4.719     0.0082    -0.7270 -9.990e-29
 236.817992     -4.732   0.003829    13.8638    -1.9250     -4.693     0.0082    -0.7289 -9.990e-29
 236.817998     -4.705   0.003828    13.8786    -1.9250     -4.666     0.0082    -0.7309 -9.990e-29
 236.818003     -4.673   0.003828    13.8912    -1.9250     -4.634     0.0082    -0.7327 -9.990e-29
 236.818009     -4.641   0.003828    13.9008    -1.9250     -4.602     0.0082    -0.7340 -9.990e-29
 236.818015     -4.617   0.003828    13.9091    -1.9251     -4.579     0.0082    -0.7351 -9.990e-29
 236.818021     -4.594   0.003828    13.9174    -1.9252     -4.556     0.0082    -0.7363 -9.990e-29
 236.818027     -4.568   0.003828    13.9243    -1.9254     -4.530     0.0082    -0.7372 -9.990e-29
 236.818032     -4.535   0.003828    13.9287    -1.9256     -4.497     0.0082    -0.7378 -9.990e-29
 236.818038     -4.499   0.003828    13.9308    -1.9260     -4.462     0.0082    -0.7381 -9.990e-29
 236.818044     -4.466   0.003828    13.9313    -1.9271     -4.429     0.0082    -0.7382 -9.990e-29
 236.818050     -4.437   0.003828    13.9310    -1.9275     -4.400     0.0082    -0.7381 -9.990e-29
 236.818056     -4.412   0.003827    13.9303    -1.9275     -4.375     0.0082    -0.7380 -9.990e-29
 236.818061     -4.387   0.003827    13.9292    -1.9274     -4.350     0.0082    -0.7379 -9.990e-29
 236.818067     -4.363   0.003827    13.9274    -1.9273     -4.327     0.0082    -0.7376 -9.990e-29
 236.818073     -4.337   0.003827    13.9242    -1.9275     -4.301     0.0082    -0.7372 -9.990e-29
 236.818079     -4.308   0.003827    13.9195    -1.9273     -4.272     0.0082    -0.7365 -9.990e-29
 236.818084     -4.273   0.003827    13.9127    -1.9272     -4.237     0.0082    -0.7356 -9.990e-29
 236.818090     -4.235   0.003827    13.9019    -1.9268     -4.200     0.0082    -0.7341 -9.990e-29
 236.818096     -4.200   0.003827    13.8888    -1.9272     -4.165     0.0082    -0.7323 -9.990e-29
 236.818102     -4.171   0.003827    13.8795    -1.9275     -4.136     0.0082    -0.7310 -9.990e-29
 236.818108     -4.144   0.003826    13.8760    -1.9280     -4.109     0.0082    -0.7306 -9.990e-29
 236.818113     -4.119   0.003826    13.8760    -1.9288     -4.085     0.0082    -0.7306 -9.990e-29
 236.818119     -4.094   0.003826    13.8764    -1.9288     -4.060     0.0082    -0.7306 -9.990e-29
 236.818125     -4.072   0.003826    13.8765    -1.9284     -4.038     0.0082    -0.7306 -9.990e-29
 236.818131     -4.055   0.003826    13.8777    -1.9279     -4.021     0.0082    -0.7308 -9.990e-29
 236.818137     -4.039   0.003826    13.8804    -1.9274     -4.005     0.0082    -0.7312 -9.990e-29
 236.818142     -4.017   0.003826    13.8818    -1.9275     -3.984     0.0082    -0.7314 -9.990e-29
 236.818148     -3.988   0.003826    13.8788    -1.9273     -3.955     0.0082    -0.7309 -9.990e-29
 236.818154     -3.956   0.003826    13.8713    -1.9270     -3.923     0.0082    -0.7299 -9.990e-29
 236.818160     -3.926   0.003826    13.8614    -1.9265     -3.893     0.0082    -0.7286 -9.990e-29
 236.818166     -3.900   0.003825    13.8532    -1.9263     -3.867     0.0082    -0.7274 -9.990e-29
 236.818171     -3.878   0.003825    13.8515    -1.9262     -3.846     0.0082    -0.7272 -9.990e-29
 236.818177     -3.857   0.003825    13.8565    -1.9259     -3.825     0.0082    -0.7279 -9.990e-29
 236.818183     -3.837   0.003825    13.8646    -1.9256     -3.805     0.0082    -0.7290 -9.990e-29
 236.818189     -3.816   0.003825    13.8717    -1.9255     -3.784     0.0082    -0.7300 -9.990e-29
 236.818194     -3.793   0.003825    13.8768    -1.9254     -3.761     0.0082    -0.7307 -9.990e-29
 236.818200     -3.766   0.003825    13.8822    -1.9254     -3.735     0.0082    -0.7314 -9.990e-29
 236.818206     -3.733   0.003825    13.8890    -1.9253     -3.702     0.0082    -0.7323 -9.990e-29
 236.818212     -3.702   0.003825    13.8963    -1.9255     -3.671     0.0082    -0.7333 -9.990e-29
 236.818218     -3.678   0.003825    13.9027    -1.9255     -3.647     0.0082    -0.7342 -9.990e-29
 236.818223     -3.656   0.003824    13.9084    -1.9255     -3.626     0.0082    -0.7350 -9.990e-29
 236.818229     -3.634   0.003824    13.9143    -1.9253     -3.604     0.0082    -0.7358 -9.990e-29
 236.818235     -3.616   0.003824    13.9195    -1.9251     -3.586     0.0082    -0.7365 -9.990e-29
 236.818241     -3.600   0.003824    13.9229    -1.9250     -3.570     0.0082    -0.7370 -9.990e-29
 236.818247     -3.585   0.003824    13.9248    -1.9252     -3.555     0.0082    -0.7373 -9.990e-29
 236.818252     -3.571   0.003824    13.9259    -1.9252     -3.541     0.0082    -0.7374 -9.990e-29
 236.818258     -3.555   0.003824    13.9261    -1.9250     -3.525     0.0082    -0.7374 -9.990e-29
 236.818264     -3.538   0.003824    13.9254    -1.9248     -3.509     0.0082    -0.7373 -9.990e-29
 236.818270     -3.518   0.003824    13.9249    -1.9247     -3.489     0.0082    -0.7373 -9.990e-29
 236.818275     -3.494   0.003823    13.9262    -1.9245     -3.465     0.0082    -0.7375 -9.990e-29
 236.818281     -3.464   0.003823    13.9294    -1.9243     -3.435     0.0082    -0.7379 -9.990e-29
 236.818287     -3.432   0.003823    13.9327    -1.9244     -3.403     0.0082    -0.7384 -9.990e-29
 236.818293     -3.402   0.003823    13.9341    -1.9242     -3.374     0.0082    -0.7385 -9.990e-29
 236.818299     -3.378   0.003823    13.9341    -1.9240     -3.350     0.0082    -0.7385 -9.990e-29
 236.818304     -3.358   0.003823    13.9350    -1.9241     -3.330     0.0082    -0.7387 -9.990e-29
 236.818310     -3.342   0.003823    13.9377    -1.9248     -3.314     0.0082    -0.7390 -9.990e-29
 236.818316     -3.327   0.003823    13.9410    -1.9251     -3.299     0.0082    -0.7395 -9.990e-29
 236.818322     -3.313   0.003823    13.9444    -1.9253     -3.285     0.0082    -0.7400 -9.990e-29
 236.818328     -3.299   0.003823    13.9481    -1.9255     -3.271     0.0082    -0.7405 -9.990e-29
 236.818333     -3.284   0.003822    13.9514    -1.9259     -3.257     0.0082    -0.7409 -9.990e-29
 236.818339     -3.267   0.003822    13.9536    -1.9262     -3.240     0.0082    -0.7412 -9.990e-29
 236.818345     -3.247   0.003822    13.9556    -1.9258     -3.220     0.0082    -0.7415 -9.990e-29
 236.818351     -3.223   0.003822    13.9564    -1.9255     -3.196     0.0082    -0.7416 -9.990e-29
 236.818356     -3.198   0.003822    13.9529    -1.9254     -3.171     0.0082    -0.7411 -9.990e-29
 236.818362     -3.174   0.003822    13.9455    -1.9257     -3.148     0.0082    -0.7401 -9.990e-29
 236.818368     -3.149   0.003822    13.9380    -1.9262     -3.123     0.0082    -0.7391 -9.990e-29
 236.818374     -3.127   0.003822    13.9319    -1.9269     -3.101     0.0082    -0.7382 -9.990e-29
 236.818380     -3.110   0.003822    13.9258    -1.9269     -3.084     0.0082    -0.7374 -9.990e-29
 236.818385     -3.094   0.003822    13.9201    -1.9267     -3.068     0.0082    -0.7366 -9.990e-29
 236.818391     -3.072   0.003821    13.9175    -1.9268     -3.046     0.0082    -0.7363 -9.990e-29
 236.818397     -3.047   0.003821    13.9195    -1.9269     -3.022     0.0082    -0.7365 -9.990e-29
 236.818403     -3.022   0.003821    13.9229    -1.9268     -2.997     0.0082    -0.7370 -9.990e-29
 236.818409     -2.996   0.003821    13.9232    -1.9275     -2.971     0.0082    -0.7370 -9.990e-29
 236.818414     -2.968   0.003821    13.9182    -1.9281     -2.943     0.0082    -0.7363 -9.990e-29
 236.818420     -2.938   0.003821    13.9097    -1.9280     -2.914     0.0082    -0.7352 -9.990e-29
 236.818426     -2.911   0.003821    13.9020    -1.9279     -2.887     0.0082    -0.7341 -9.990e-29
 236.818432     -2.883   0.003821    13.8984    -1.9279     -2.859     0.0082    -0.7336 -9.990e-29
 236.818437     -2.858   0.003821    13.8976    -1.9278     -2.834     0.0082    -0.7335 -9.990e-29
 236.818443     -2.839   0.003820    13.8965    -1.9275     -2.815     0.0082    -0.7334 -9.990e-29
 236.818449     -2.823   0.003820    13.8944    -1.9272     -2.799     0.0082    -0.7331 -9.990e-29
 236.818455     -2.811   0.003820    13.8898    -1.9271     -2.788     0.0082    -0.7324 -9.990e-29
 236.818461     -2.801   0.003820    13.8818    -1.9269     -2.778     0.0082    -0.7313 -9.990e-29
 236.818466     -2.793   0.003820    13.8744    -1.9262     -2.770     0.0082    -0.7303 -9.990e-29
 236.818472     -2.786   0.003820    13.8713    -1.9259     -2.763     0.0082    -0.7299 -9.990e-29
 236.818478     -2.779   0.003820    13.8714    -1.9259     -2.756     0.0082    -0.7299 -9.990e-29
 236.818484     -2.773   0.003820    13.8727    -1.9257     -2.750     0.0082    -0.7301 -9.990e-29
 236.818490     -2.767   0.003820    13.8757    -1.9256     -2.744     0.0082    -0.7305 -9.990e-29
 236.818495     -2.761   0.003820    13.8807    -1.9259     -2.738     0.0082    -0.7312 -9.990e-29
 236.818501     -2.754   0.003819    13.8864    -1.9262     -2.731     0.0082    -0.7320 -9.990e-29
 236.818507     -2.745   0.003819    13.8921    -1.9271     -2.722     0.0082    -0.7328 -9.990e-29
 236.818513     -2.735   0.003819    13.8992    -1.9275     -2.712     0.0082    -0.7337 -9.990e-29
 236.818519     -2.722   0.003819    13.9076    -1.9273     -2.699     0.0082    -0.7349 -9.990e-29
 236.818524     -2.705   0.003819    13.9147    -1.9268     -2.682     0.0082    -0.7359 -9.990e-29
 236.818530     -2.685   0.003819    13.9191    -1.9265     -2.663     0.0082    -0.7365 -9.990e-29
 236.818536     -2.663   0.003819    13.9214    -1.9266     -2.641     0.0082    -0.7368 -9.990e-29
 236.818542     -2.642   0.003819    13.9212    -1.9270     -2.620     0.0082    -0.7368 -9.990e-29
 236.818547     -2.618   0.003819    13.9170    -1.9273     -2.596     0.0082    -0.7362 -9.990e-29
 236.818553     -2.587   0.003819    13.9084    -1.9278     -2.565     0.0082    -0.7350 -9.990e-29
 236.818559     -2.558   0.003818    13.8980    -1.9280     -2.537     0.0082    -0.7336 -9.990e-29
 236.818565     -2.532   0.003818    13.8917    -1.9282     -2.511     0.0082    -0.7327 -9.990e-29
 236.818571     -2.508   0.003818    13.8925    -1.9288     -2.487     0.0082    -0.7328 -9.990e-29
 236.818576     -2.488   0.003818    13.8971    -1.9297     -2.467     0.0082    -0.7334 -9.990e-29
 236.818582     -2.476   0.003818    13.9002    -1.9302     -2.455     0.0082    -0.7339 -9.990e-29
 236.818588     -2.466   0.003818    13.8988    -1.9305     -2.445     0.0082    -0.7337 -9.990e-29
 236.818594     -2.453   0.003818    13.8932    -1.9309     -2.433     0.0082    -0.7329 -9.990e-29
 236.818600     -2.442   0.003818    13.8857    -1.9311     -2.422     0.0082    -0.7319 -9.990e-29
 236.818605     -2.435   0.003818    13.8777    -1.9312     -2.415     0.0082    -0.7308 -9.990e-29
 236.818611     -2.432   0.003818    13.8697    -1.9313     -2.412     0.0082    -0.7297 -9.990e-29
 236.818617     -2.433   0.003818    13.8605    -1.9314     -2.413     0.0082    -0.7284 -9.990e-29
 236.818623     -2.434   0.003818    13.8483    -1.9314     -2.414     0.0082    -0.7268 -9.990e-29
 236.818628     -2.430   0.003818    13.8341    -1.9312     -2.410     0.0082    -0.7248 -9.990e-29
 236.818634     -2.421   0.003819    13.8219    -1.9317     -2.401     0.0082    -0.7231 -9.990e-29
 236.818640     -2.407   0.003819    13.8129    -1.9330     -2.387     0.0082    -0.7219 -9.990e-29
 236.818646     -2.387   0.003819    13.8059    -1.9337     -2.367     0.0082    -0.7210 -9.990e-29
 236.818652     -2.363   0.003819    13.8006    -1.9332     -2.343     0.0082    -0.7202 -9.990e-29
 236.818657     -2.344   0.003819    13.7968    -1.9332     -2.324     0.0082    -0.7197 -9.990e-29
 236.818663     -2.327   0.003820    13.7941    -1.9333     -2.308     0.0082    -0.7194 -9.990e-29
 236.818669     -2.307   0.003820    13.7923    -1.9339     -2.288     0.0082    -0.7191 -9.990e-29
 236.818675     -2.287   0.003820    13.7908    -1.9344     -2.268     0.0082    -0.7189 -9.990e-29
 236.818681     -2.271   0.003820    13.7869    -1.9345     -2.252     0.0082    -0.7184 -9.990e-29
 236.818686     -2.257   0.003820    13.7761    -1.9345     -2.238     0.0082    -0.7169 -9.990e-29
 236.818692     -2.244   0.003821    13.7607    -1.9346     -2.225     0.0082    -0.7148 -9.990e-29
 236.818698     -2.232   0.003821    13.7499    -1.9349     -2.213     0.0082    -0.7133 -9.990e-29
 236.818704     -2.219   0.003821    13.7469    -1.9357     -2.200     0.0082    -0.7129 -9.990e-29
 236.818709     -2.205   0.003821    13.7457    -1.9366     -2.187     0.0081    -0.7128 -9.990e-29
 236.818715     -2.190   0.003821    13.7415    -1.9374     -2.172     0.0081    -0.7122 -9.990e-29
 236.818721     -2.171   0.003822    13.7340    -1.9377     -2.153     0.0081    -0.7112 -9.990e-29
 236.818727     -2.148   0.003822    13.7264    -1.9380     -2.130     0.0081    -0.7102 -9.990e-29
 236.818733     -2.124   0.003822    13.7213    -1.9383     -2.106     0.0081    -0.7095 -9.990e-29
 236.818738     -2.106   0.003822    13.7176    -1.9385     -2.088     0.0081    -0.7090 -9.990e-29
 236.818744     -2.092   0.003822    13.7124    -1.9382     -2.075     0.0081    -0.7083 -9.990e-29
 236.818750     -2.077   0.003823    13.7029    -1.9378     -2.060     0.0081    -0.7070 -9.990e-29
 236.818756     -2.062   0.003823    13.6887    -1.9374     -2.045     0.0081    -0.7051 -9.990e-29
 236.818762     -2.043   0.003823    13.6723    -1.9367     -2.026     0.0081    -0.7029 -9.990e-29
 236.818767     -2.025   0.003823    13.6576    -1.9360     -2.008     0.0081    -0.7009 -9.990e-29
 236.818773     -2.011   0.003823    13.6469    -1.9356     -1.994     0.0081    -0.6994 -9.990e-29
 236.818779     -2.000   0.003824    13.6391    -1.9353     -1.983     0.0081    -0.6984 -9.990e-29
 236.818785     -1.991   0.003824    13.6336    -1.9352     -1.974     0.0081    -0.6977 -9.990e-29
 236.818791     -1.983   0.003824    13.6324    -1.9347     -1.966     0.0081    -0.6975 -9.990e-29
 236.818796     -1.977   0.003824    13.6363    -1.9340     -1.961     0.0081    -0.6980 -9.990e-29
 236.818802     -1.971   0.003824    13.6442    -1.9334     -1.955     0.0081    -0.6991 -9.990e-29
