data/oxygen options/OCNMS/OCNMS1/raw_data/2021/CAST_MB015_210826faed.cnv
* Sea-Bird SBE 19 Data File:
* FileName = C:\2021 Mooring Data\Casts\CAST_MB015_210826.hex
* Software Version SeatermAF 2.1.2
* Temperature SN = 2997
* Conductivity SN = 2997
* System UpLoad Time = Aug 26 2021 21:33:54 (localtime) = Aug 26 2021 21:33:54 (UTC)
** CAST_MB015_210826
* ds
# nquan = 9                                 
# nvalues = 1438                        
# units = specified
# name 0 = timeJ: Julian Days
# name 1 = prSM: Pressure, Strain Gauge [db]
# name 2 = c0mS/cm: Conductivity [mS/cm]
# name 3 = t090C: Temperature [ITS-90, deg C]
# name 4 = sbeox0ML/L: Oxygen, SBE 43 [ml/l]
# name 5 = depSM: Depth [salt water, m], lat = 47.5
# name 6 = sal00: Salinity, Practical [PSU]
# name 7 = sigma-é00: Density [sigma-theta, kg/m^3]
# name 8 = flag: flag
# span 0 = 238.879259, 238.887575       
# span 1 =     -4.958,     10.188       
# span 2 =   0.213371,  38.376768       
# span 3 =    11.5725,    15.4632       
# span 4 =   -11.6454,    15.5197       
# span 5 =     -4.917,     10.103       
# span 6 =     0.1267,    32.8962       
# span 7 =    -0.8320,    24.9048       
# span 8 = 0.0000e+00, 0.0000e+00       
# interval = seconds: 0.5
# start_time = Aug 26 2021 21:06:08 [Instrument's time stamp, header]
# bad_flag = -9.990e-29
*END*
[from data line 961]
 238.884821      0.980  37.839427    12.5854     7.0500      0.972    32.3892    24.4514 -9.990e-29
 238.884826      0.923  37.557106    12.6391     6.8739      0.915    32.0746    24.1974 -9.990e-29
 238.884832      0.880  36.711890    12.7059     6.8278      0.873    31.2175    23.5209 -9.990e-29
 238.884838      0.845  34.176289    12.7780     6.8321      0.838    28.7787    21.6205 -9.990e-29
 238.884844      0.819  29.229858    12.8515     6.8662      0.812    24.1660    18.0439 -9.990e-29
 238.884850      0.798  22.972598    12.9234     6.9104      0.791    18.5146    13.6740 -9.990e-29
 238.884855      0.782  16.571829    12.9892     6.9412      0.775    12.9451     9.3743 -9.990e-29
 238.884861      0.769  11.283123    13.0458     6.9794      0.763     8.5242     5.9617 -9.990e-29
 238.884867      0.759   8.416237    13.0940     7.0160      0.753     6.2083     4.1703 -9.990e-29
 238.884873      0.751   7.268904    13.1370     7.0300      0.745     5.2986     3.4627 -9.990e-29
 238.884878      0.745   6.696093    13.1772     7.0438      0.739     4.8473     3.1090 -9.990e-29
 238.884884      0.740   6.391613    13.2147     7.0123      0.734     4.6071     2.9185 -9.990e-29
 238.884890      0.736   6.211862    13.2507     7.0441      0.730     4.4644     2.8033 -9.990e-29
 238.884896      0.732   6.066138    13.2880     7.0607      0.726     4.3483     2.7085 -9.990e-29
 238.884902      0.729   5.809609    13.3261     7.0677      0.723     4.1478     2.5485 -9.990e-29
 238.884907      0.726   5.406987    13.3608     7.0573      0.720     3.8380     2.3046 -9.990e-29
 238.884913      0.723   4.943257    13.3884     6.9763      0.717     3.4853     2.0285 -9.990e-29
 238.884919      0.719   4.387933    13.4089     7.0169      0.713     3.0681     1.7035 -9.990e-29
 238.884925      0.716   3.759265    13.4275     7.0068      0.710     2.6016     1.3405 -9.990e-29
 238.884931      0.711   3.213528    13.4495     7.0217      0.705     2.2014     1.0281 -9.990e-29
 238.884936      0.706   2.819128    13.4751     7.0246      0.700     1.9151     0.8032 -9.990e-29
 238.884942      0.700   2.529701    13.4996     7.0115      0.694     1.7068     0.6386 -9.990e-29
 238.884948      0.692   2.278950    13.5186     7.0188      0.686     1.5279     0.4976 -9.990e-29
 238.884954      0.685   2.065963    13.5312     7.0298      0.679     1.3773     0.3792 -9.990e-29
 238.884959      0.685   1.977302    13.5399     7.0314      0.679     1.3148     0.3296 -9.990e-29
 238.884965      0.687   2.096101    13.5481     7.0457      0.681     1.3979     0.3929 -9.990e-29
 238.884971      0.686   2.356652    13.5581     7.0531      0.680     1.5813     0.5335 -9.990e-29
 238.884977      0.683   2.573805    13.5702     7.0464      0.677     1.7351     0.6508 -9.990e-29
 238.884983      0.677   2.756940    13.5829    -8.4075      0.671     1.8652     0.7498 -9.990e-29
 238.884988      0.672   2.975971    13.5949   -11.6354      0.666     2.0218     0.8692 -9.990e-29
 238.884994      0.672   3.108951    13.6056   -11.6454      0.666     2.1170     0.9413 -9.990e-29
 238.885000      0.673   3.067371    13.6155    -8.3782      0.667     2.0865     0.9163 -9.990e-29
 238.885006      0.675   2.834633    13.6252    -1.9113      0.669     1.9188     0.7853 -9.990e-29
 238.885012      0.683   2.494992    13.6339    -1.9152      0.677     1.6762     0.5965 -9.990e-29
 238.885017      0.692   2.195987    13.6414    -1.9174      0.686     1.4647     0.4317 -9.990e-29
 238.885023      0.699   1.981669    13.6496    -1.9129      0.693     1.3142     0.3141 -9.990e-29
 238.885029      0.704   1.841409    13.6600    -1.9119      0.698     1.2161     0.2367 -9.990e-29
 238.885035      0.707   1.781204    13.6704    -1.9152      0.701     1.1740     0.2027 -9.990e-29
 238.885041      0.710   1.857210    13.6781    -1.9086      0.704     1.2265     0.2423 -9.990e-29
 238.885046      0.711   2.064824    13.6832    -1.9130      0.705     1.3711     0.3536 -9.990e-29
 238.885052      0.711   2.253773    13.6879    -1.9137      0.705     1.5035     0.4554 -9.990e-29
 238.885058      0.711   2.407525    13.6946    -1.9088      0.705     1.6117     0.5382 -9.990e-29
 238.885064      0.709   2.620111    13.7060    -1.9063      0.703     1.7619     0.6527 -9.990e-29
 238.885069      0.707   2.739411    13.7209    -1.9035      0.701     1.8461     0.7158 -9.990e-29
 238.885075      0.703   2.642064    13.7330    -1.9106      0.697     1.7763     0.6601 -9.990e-29
 238.885081      0.698   2.543962    13.7378    -1.9078      0.692     1.7064     0.6054 -9.990e-29
 238.885087      0.695   2.597290    13.7375    -1.9117      0.689     1.7443     0.6347 -9.990e-29
 238.885093      0.699   2.666200    13.7367    -1.9095      0.693     1.7933     0.6727 -9.990e-29
 238.885098      0.706   2.734380    13.7376    -1.9112      0.700     1.8418     0.7101 -9.990e-29
 238.885104      0.711   2.826120    13.7410    -1.9095      0.705     1.9070     0.7600 -9.990e-29
 238.885110      0.715   2.832334    13.7476    -1.9117      0.709     1.9111     0.7623 -9.990e-29
 238.885116      0.719   2.876200    13.7556    -1.9108      0.713     1.9421     0.7851 -9.990e-29
 238.885122      0.722   3.067261    13.7619    -1.9100      0.716     2.0786     0.8897 -9.990e-29
 238.885127      0.724   3.257912    13.7652    -1.9112      0.718     2.2156     0.9951 -9.990e-29
 238.885133      0.727   3.271099    13.7665    -1.9120      0.721     2.2250     1.0022 -9.990e-29
 238.885139      0.730   3.129927    13.7683    -1.9146      0.724     2.1232     0.9233 -9.990e-29
 238.885145      0.733   2.996404    13.7713    -1.9164      0.727     2.0273     0.8487 -9.990e-29
 238.885150      0.736   2.902309    13.7741    -1.9182      0.730     1.9598     0.7962 -9.990e-29
 238.885156      0.740   2.843717    13.7747    -1.9141      0.734     1.9179     0.7637 -9.990e-29
 238.885162      0.745   2.817984    13.7732    -1.9115      0.739     1.8996     0.7498 -9.990e-29
 238.885168      0.751   2.798571    13.7728    -1.9103      0.745     1.8858     0.7392 -9.990e-29
 238.885174      0.755   2.778458    13.7764    -1.9140      0.749     1.8713     0.7275 -9.990e-29
 238.885179      0.752   2.774668    13.7844    -1.9098      0.746     1.8682     0.7240 -9.990e-29
 238.885185      0.746   2.747741    13.7939    -1.9077      0.740     1.8486     0.7075 -9.990e-29
 238.885191      0.742   2.632920    13.8016    -1.9129      0.736     1.7667     0.6430 -9.990e-29
 238.885197      0.738   2.443574    13.8057    -1.9169      0.732     1.6325     0.5388 -9.990e-29
 238.885203      0.735   2.223528    13.8056    -1.9147      0.729     1.4778     0.4191 -9.990e-29
 238.885208      0.733   2.048306    13.8021    -1.9150      0.727     1.3554     0.3249 -9.990e-29
 238.885214      0.732   2.034296    13.7963    -1.9182      0.726     1.3459     0.3183 -9.990e-29
 238.885220      0.730   2.214947    13.7896    -1.9204      0.724     1.4724     0.4171 -9.990e-29
 238.885226      0.729   2.445049    13.7833    -1.9220      0.723     1.6345     0.5434 -9.990e-29
 238.885231      0.729   2.564295    13.7772    -1.9230      0.723     1.7191     0.6097 -9.990e-29
 238.885237      0.728   2.624599    13.7705    -1.9236      0.722     1.7622     0.6439 -9.990e-29
 238.885243      0.728   2.744083    13.7636    -1.9240      0.722     1.8474     0.7108 -9.990e-29
 238.885249      0.727   2.776861    13.7572    -1.9246      0.721     1.8711     0.7300 -9.990e-29
 238.885255      0.727   2.596836    13.7516    -1.9253      0.721     1.7433     0.6320 -9.990e-29
 238.885260      0.727   2.403434    13.7465    -1.9259      0.721     1.6067     0.5270 -9.990e-29
 238.885266      0.727   2.331630    13.7415    -1.9263      0.721     1.5563     0.4887 -9.990e-29
 238.885272      0.726   2.245193    13.7363    -1.9263      0.720     1.4956     0.4426 -9.990e-29
 238.885278      0.726   2.059934    13.7312    -1.9263      0.720     1.3660     0.3430 -9.990e-29
 238.885284      0.726   1.855572    13.7270    -1.9266      0.720     1.2239     0.2335 -9.990e-29
 238.885289      0.726   1.692984    13.7241    -1.9271      0.720     1.1114     0.1468 -9.990e-29
 238.885295      0.726   1.576117    13.7223    -1.9274      0.720     1.0310     0.0848 -9.990e-29
 238.885301      0.726   1.494439    13.7210    -1.9274      0.720     0.9751     0.0416 -9.990e-29
 238.885307      0.726   1.428324    13.7186    -1.9266      0.720     0.9299     0.0070 -9.990e-29
 238.885313      0.726   1.363922    13.7148    -1.9224      0.720     0.8861    -0.0265 -9.990e-29
 238.885318      0.726   1.304630    13.7118    -1.9211      0.720     0.8459    -0.0573 -9.990e-29
 238.885324      0.726   1.260107    13.7118    -1.9211      0.720     0.8157    -0.0807 -9.990e-29
 238.885330      0.726   1.231421    13.7133    -1.9221      0.720     0.7962    -0.0960 -9.990e-29
 238.885336      0.726   1.208044    13.7141    -1.9229      0.720     0.7804    -0.1083 -9.990e-29
 238.885341      0.726   1.179876    13.7140    -1.9163      0.720     0.7614    -0.1231 -9.990e-29
 238.885347      0.726   1.147611    13.7142    -1.9108      0.720     0.7396    -0.1400 -9.990e-29
 238.885353      0.726   1.119789    13.7155    -1.9161      0.720     0.7209    -0.1547 -9.990e-29
 238.885359      0.726   1.111425    13.7182    -1.9189      0.720     0.7152    -0.1595 -9.990e-29
 238.885365      0.726   1.152942    13.7223    -1.9206      0.720     0.7431    -0.1384 -9.990e-29
 238.885370      0.726   1.293044    13.7273    -1.9218      0.720     0.8377    -0.0657 -9.990e-29
 238.885376      0.726   1.499525    13.7320    -1.9209      0.720     0.9783     0.0426 -9.990e-29
 238.885382      0.727   1.644586    13.7351    -1.9164      0.721     1.0778     0.1192 -9.990e-29
 238.885388      0.727   1.684866    13.7367    -1.9174      0.721     1.1055     0.1405 -9.990e-29
 238.885394      0.727   1.701800    13.7375    -1.9129      0.721     1.1171     0.1494 -9.990e-29
 238.885399      0.727   1.851612    13.7384    -1.9150      0.721     1.2208     0.2295 -9.990e-29
 238.885405      0.727   2.175408    13.7397    -1.9171      0.721     1.4465     0.4041 -9.990e-29
 238.885411      0.728   2.386560    13.7402    -1.9174      0.722     1.5950     0.5189 -9.990e-29
 238.885417      0.728   2.279537    13.7396    -1.9181      0.722     1.5197     0.4607 -9.990e-29
 238.885422      0.729   2.040647    13.7391    -1.9189      0.723     1.3523     0.3312 -9.990e-29
 238.885428      0.730   1.863976    13.7396    -1.9165      0.724     1.2293     0.2359 -9.990e-29
 238.885434      0.731   1.803490    13.7417    -1.9109      0.725     1.1873     0.2031 -9.990e-29
 238.885440      0.732   1.901107    13.7449    -1.9158      0.726     1.2549     0.2550 -9.990e-29
 238.885446      0.734   2.083425    13.7480    -1.9185      0.728     1.3818     0.3529 -9.990e-29
 238.885451      0.736   2.246318    13.7508    -1.9156      0.730     1.4959     0.4407 -9.990e-29
 238.885457      0.735   2.350691    13.7533    -1.9135      0.729     1.5692     0.4971 -9.990e-29
 238.885463      0.726   2.318782    13.7551    -1.9125      0.720     1.5467     0.4794 -9.990e-29
 238.885469      0.717   2.193492    13.7568    -1.9162      0.711     1.4586     0.4110 -9.990e-29
 238.885475      0.715   2.093475    13.7587    -1.9150      0.709     1.3885     0.3565 -9.990e-29
 238.885480      0.718   2.038479    13.7602    -1.9138      0.712     1.3500     0.3266 -9.990e-29
 238.885486      0.719   2.066112    13.7604    -1.9125      0.713     1.3693     0.3414 -9.990e-29
 238.885492      0.721   2.224860    13.7594    -1.9163      0.715     1.4805     0.4276 -9.990e-29
 238.885498      0.722   2.357465    13.7581    -1.9193      0.716     1.5738     0.5000 -9.990e-29
 238.885503      0.723   2.293998    13.7569    -1.9194      0.717     1.5292     0.4656 -9.990e-29
 238.885509      0.724   2.214473    13.7563    -1.9131      0.718     1.4733     0.4225 -9.990e-29
 238.885515      0.724   2.296354    13.7566    -1.9162      0.718     1.5308     0.4669 -9.990e-29
 238.885521      0.725   2.426916    13.7564    -1.9188      0.719     1.6228     0.5382 -9.990e-29
 238.885527      0.725   2.451260    13.7550    -1.9160      0.719     1.6401     0.5517 -9.990e-29
 238.885532      0.725   2.396289    13.7528    -1.9088      0.719     1.6014     0.5221 -9.990e-29
 238.885538      0.725   2.400570    13.7503    -1.9141      0.719     1.6045     0.5248 -9.990e-29
 238.885544      0.726   2.458939    13.7476    -1.9171      0.720     1.6458     0.5572 -9.990e-29
 238.885550      0.726   2.433213    13.7456    -1.9195      0.720     1.6277     0.5435 -9.990e-29
 238.885556      0.726   2.272776    13.7449    -1.9142      0.720     1.5147     0.4561 -9.990e-29
 238.885561      0.726   2.118470    13.7456    -1.9134      0.720     1.4064     0.3722 -9.990e-29
 238.885567      0.726   2.146771    13.7483    -1.9073      0.720     1.4262     0.3871 -9.990e-29
 238.885573      0.726   2.265030    13.7538    -1.9114      0.720     1.5089     0.4504 -9.990e-29
 238.885579      0.726   2.252038    13.7596    -1.9147      0.720     1.4996     0.4423 -9.990e-29
 238.885584      0.726   2.207539    13.7619    -1.9171      0.720     1.4682     0.4178 -9.990e-29
 238.885590      0.726   2.346251    13.7615    -1.9098      0.720     1.5657     0.4933 -9.990e-29
 238.885596      0.727   2.503026    13.7620    -1.9081      0.721     1.6764     0.5788 -9.990e-29
 238.885602      0.727   2.419189    13.7643    -1.9018      0.721     1.6171     0.5326 -9.990e-29
 238.885608      0.727   2.214897    13.7672    -1.9076      0.721     1.4732     0.4209 -9.990e-29
 238.885613      0.727   2.165338    13.7707    -1.9068      0.721     1.4383     0.3934 -9.990e-29
 238.885619      0.727   2.324795    13.7750    -1.9105      0.721     1.5501     0.4793 -9.990e-29
 238.885625      0.728   2.564168    13.7784    -1.9124      0.722     1.7190     0.6094 -9.990e-29
 238.885631      0.728   2.707163    13.7798    -1.9143      0.722     1.8204     0.6876 -9.990e-29
 238.885637      0.729   2.623705    13.7803    -1.9162      0.723     1.7611     0.6417 -9.990e-29
 238.885642      0.730   2.445563    13.7818    -1.9126      0.724     1.6349     0.5440 -9.990e-29
 238.885648      0.731   2.465094    13.7849    -1.9126      0.725     1.6486     0.5541 -9.990e-29
 238.885654      0.733   2.733831    13.7885    -1.9071      0.727     1.8390     0.7008 -9.990e-29
 238.885660      0.735   3.058577    13.7905    -1.9100      0.729     2.0708     0.8797 -9.990e-29
 238.885666      0.737   3.226374    13.7901    -1.9077      0.731     2.1914     0.9729 -9.990e-29
 238.885671      0.740   3.166209    13.7892    -1.9058      0.734     2.1482     0.9396 -9.990e-29
 238.885677      0.744   2.994369    13.7888    -1.9091      0.738     2.0249     0.8444 -9.990e-29
 238.885683      0.750   2.777580    13.7881    -1.9127      0.744     1.8701     0.7249 -9.990e-29
 238.885689      0.756   2.549203    13.7877    -1.9147      0.750     1.7080     0.5996 -9.990e-29
 238.885694      0.761   2.380397    13.7888    -1.9164      0.755     1.5887     0.5072 -9.990e-29
 238.885700      0.759   2.339019    13.7909    -1.9167      0.753     1.5595     0.4843 -9.990e-29
 238.885706      0.754   2.440905    13.7915    -1.9171      0.748     1.6313     0.5397 -9.990e-29
 238.885712      0.752   2.624958    13.7891    -1.9179      0.746     1.7616     0.6409 -9.990e-29
 238.885718      0.752   2.807549    13.7852    -1.9186      0.746     1.8916     0.7419 -9.990e-29
 238.885723      0.753   2.921387    13.7817    -1.9127      0.747     1.9730     0.8054 -9.990e-29
 238.885729      0.755   3.015605    13.7815    -1.9106      0.749     2.0405     0.8575 -9.990e-29
 238.885735      0.760   3.035452    13.7870    -1.9095      0.754     2.0544     0.8675 -9.990e-29
