data/oxygen options/OCNMS/OCNMS1/raw_data/2021/CAST_CA042_210827faed.cnv
* Sea-Bird SBE 19 Data File:
* FileName = C:\2021 Mooring Data\Casts\CAST_CA042_210827.hex
* Software Version SeatermAF 2.1.2
* Temperature SN = 2997
* Conductivity SN = 2997
* System UpLoad Time = Aug 27 2021 23:37:52 (localtime) = Aug 27 2021 23:37:52 (UTC)
** CAST_CA042_210827
* ds
# nquan = 9                                 
# nvalues = 1283                        
# units = specified
# name 0 = timeJ: Julian Days
# name 1 = prSM: Pressure, Strain Gauge [db]
# name 2 = c0mS/cm: Conductivity [mS/cm]
# name 3 = t090C: Temperature [ITS-90, deg C]
# name 4 = sbeox0ML/L: Oxygen, SBE 43 [ml/l]
# name 5 = depSM: Depth [salt water, m], lat = 47.5
# name 6 = sal00: Salinity, Practical [PSU]
# name 7 = sigma-é00: Density [sigma-theta, kg/m^3]
# name 8 = flag: flag
# span 0 = 239.919896, 239.927315       
# span 1 =     -5.200,     40.961       
# span 2 =   0.211388,  38.172430       
# span 3 =     7.7130,    15.7553       
# span 4 =   -10.0653,    13.1504       
# span 5 =     -5.157,     40.615       
# span 6 =     0.1250,    33.4743       
# span 7 =    -0.9016,    26.1157       
# span 8 = 0.0000e+00, 0.0000e+00       
# interval = seconds: 0.5
# start_time = Aug 27 2021 22:04:39 [Instrument's time stamp, header]
# bad_flag = -9.990e-29
*END*
[from data line 1121]
 239.926383      1.297  37.648421    12.5655     6.2968      1.286    32.2242    24.3274 -9.990e-29
 239.926389      1.299  37.658840    12.5700     6.2969      1.288    32.2303    24.3313 -9.990e-29
 239.926395      1.303  37.668999    12.5724     6.3033      1.292    32.2379    24.3367 -9.990e-29
 239.926400      1.305  37.662730    12.5739     6.2990      1.294    32.2306    24.3308 -9.990e-29
 239.926406      1.301  37.647927    12.5776     6.2899      1.290    32.2134    24.3167 -9.990e-29
 239.926412      1.295  37.647450    12.5859     6.2974      1.284    32.2058    24.3093 -9.990e-29
 239.926418      1.292  37.657298    12.5951     6.2509      1.281    32.2073    24.3087 -9.990e-29
 239.926424      1.290  37.668734    12.6019     6.2969      1.279    32.2124    24.3113 -9.990e-29
 239.926429      1.289  37.682426    12.6088     6.2961      1.278    32.2195    24.3155 -9.990e-29
 239.926435      1.291  37.701490    12.6181     6.2947      1.280    32.2297    24.3216 -9.990e-29
 239.926441      1.294  37.725555    12.6260     6.3087      1.283    32.2458    24.3326 -9.990e-29
 239.926447      1.299  37.741857    12.6307     6.2498      1.288    32.2573    24.3406 -9.990e-29
 239.926453      1.306  37.747465    12.6347     6.2817      1.295    32.2592    24.3413 -9.990e-29
 239.926458      1.311  37.749290    12.6366     6.2774      1.300    32.2593    24.3410 -9.990e-29
 239.926464      1.311  37.745277    12.6368     6.2871      1.300    32.2553    24.3379 -9.990e-29
 239.926470      1.310  37.737359    12.6385     6.2876      1.299    32.2463    24.3306 -9.990e-29
 239.926476      1.311  37.731792    12.6414     6.2805      1.300    32.2386    24.3240 -9.990e-29
 239.926481      1.316  37.731237    12.6433     6.2925      1.305    32.2364    24.3220 -9.990e-29
 239.926487      1.324  37.733828    12.6432     6.2855      1.313    32.2390    24.3239 -9.990e-29
 239.926493      1.331  37.734048    12.6430     6.2939      1.320    32.2393    24.3243 -9.990e-29
 239.926499      1.330  37.731624    12.6434     6.2865      1.319    32.2367    24.3221 -9.990e-29
 239.926505      1.320  37.729485    12.6423     6.3113      1.309    32.2356    24.3215 -9.990e-29
 239.926510      1.310  37.728138    12.6392     6.3318      1.299    32.2370    24.3232 -9.990e-29
 239.926516      1.302  37.726903    12.6337     6.3399      1.291    32.2405    24.3270 -9.990e-29
 239.926522      1.297  37.724689    12.6255     6.3383      1.286    32.2454    24.3324 -9.990e-29
 239.926528      1.294  37.720222    12.6198     6.2976      1.283    32.2461    24.3339 -9.990e-29
 239.926534      1.293  37.717069    12.6207     6.2976      1.282    32.2423    24.3308 -9.990e-29
 239.926539      1.293  37.718306    12.6261     6.3115      1.282    32.2388    24.3271 -9.990e-29
 239.926545      1.296  37.722212    12.6291     6.3397      1.285    32.2400    24.3275 -9.990e-29
 239.926551      1.296  37.725582    12.6245     6.3549      1.285    32.2471    24.3339 -9.990e-29
 239.926557      1.290  37.723377    12.6167     6.3490      1.279    32.2517    24.3389 -9.990e-29
 239.926562      1.281  37.718259    12.6118     6.3393      1.270    32.2510    24.3393 -9.990e-29
 239.926568      1.273  37.716292    12.6098     6.3282      1.262    32.2509    24.3396 -9.990e-29
 239.926574      1.266  37.716526    12.6092     6.3219      1.255    32.2516    24.3403 -9.990e-29
 239.926580      1.259  37.717586    12.6085     6.3254      1.248    32.2532    24.3417 -9.990e-29
 239.926586      1.252  37.719760    12.6069     6.3040      1.242    32.2567    24.3446 -9.990e-29
 239.926591      1.244  37.724261    12.6058     6.2920      1.234    32.2619    24.3489 -9.990e-29
 239.926597      1.234  37.730356    12.6082     6.2679      1.224    32.2657    24.3514 -9.990e-29
 239.926603      1.227  37.736638    12.6152     6.2182      1.217    32.2656    24.3500 -9.990e-29
 239.926609      1.226  37.749796    12.6230     6.2928      1.216    32.2715    24.3530 -9.990e-29
 239.926615      1.227  37.762141    12.6294     6.3527      1.217    32.2777    24.3566 -9.990e-29
 239.926620      1.230  37.758178    12.6394     6.4257      1.220    32.2654    24.3452 -9.990e-29
 239.926626      1.239  37.751678    12.6524     6.4546      1.229    32.2481    24.3292 -9.990e-29
 239.926632      1.251  37.750230    12.6599     6.3969      1.241    32.2403    24.3218 -9.990e-29
 239.926638      1.262  37.737885    12.6628     6.4239      1.251    32.2261    24.3102 -9.990e-29
 239.926644      1.268  37.723965    12.6667     6.4293      1.257    32.2095    24.2966 -9.990e-29
 239.926649      1.267  37.728588    12.6690     6.4472      1.256    32.2119    24.2981 -9.990e-29
 239.926655      1.265  37.742777    12.6635     6.4430      1.254    32.2301    24.3132 -9.990e-29
 239.926661      1.272  37.747887    12.6531     6.4233      1.261    32.2439    24.3258 -9.990e-29
 239.926667      1.280  37.742320    12.6497     6.3966      1.269    32.2415    24.3247 -9.990e-29
 239.926672      1.280  37.745553    12.6560     6.3735      1.269    32.2392    24.3216 -9.990e-29
 239.926678      1.277  37.761329    12.6645     6.3782      1.266    32.2469    24.3260 -9.990e-29
 239.926684      1.274  37.771435    12.6699     6.3812      1.263    32.2519    24.3288 -9.990e-29
 239.926690      1.273  37.775327    12.6705     6.4235      1.262    32.2551    24.3312 -9.990e-29
 239.926696      1.272  37.778755    12.6619     6.4401      1.261    32.2657    24.3411 -9.990e-29
 239.926701      1.271  37.772829    12.6418     6.4462      1.260    32.2773    24.3539 -9.990e-29
 239.926707      1.271  37.756932    12.6171     6.4613      1.260    32.2833    24.3633 -9.990e-29
 239.926713      1.271  37.742937    12.5978     6.4303      1.260    32.2865    24.3695 -9.990e-29
 239.926719      1.272  37.732356    12.5896     6.4215      1.261    32.2835    24.3687 -9.990e-29
 239.926725      1.273  37.723964    12.5903     6.4142      1.262    32.2749    24.3619 -9.990e-29
 239.926730      1.275  37.721698    12.5937     6.4302      1.264    32.2698    24.3574 -9.990e-29
 239.926736      1.278  37.724214    12.5980     6.4693      1.267    32.2685    24.3555 -9.990e-29
 239.926742      1.281  37.727575    12.6050     6.4674      1.270    32.2657    24.3520 -9.990e-29
 239.926748      1.286  37.733455    12.6124     6.4739      1.275    32.2650    24.3500 -9.990e-29
 239.926753      1.292  37.739598    12.6143     6.4550      1.281    32.2692    24.3529 -9.990e-29
 239.926759      1.295  37.737934    12.6113     6.4369      1.284    32.2702    24.3543 -9.990e-29
 239.926765      1.292  37.731847    12.6092     6.4359      1.281    32.2662    24.3516 -9.990e-29
 239.926771      1.286  37.728914    12.6093     6.4189      1.275    32.2633    24.3493 -9.990e-29
 239.926777      1.277  37.728581    12.6094     6.4201      1.266    32.2629    24.3490 -9.990e-29
 239.926782      1.261  37.728158    12.6088     6.4231      1.250    32.2630    24.3492 -9.990e-29
 239.926788      1.241  37.727073    12.6097     6.3867      1.231    32.2613    24.3476 -9.990e-29
 239.926794      1.219  37.727239    12.6134     6.4166      1.209    32.2583    24.3446 -9.990e-29
 239.926800      1.198  37.730556    12.6195     6.3976      1.188    32.2562    24.3418 -9.990e-29
 239.926806      1.181  37.735835    12.6252     6.7787      1.171    32.2563    24.3409 -9.990e-29
 239.926811      1.164  37.739460    12.6278     7.0831      1.154    32.2576    24.3413 -9.990e-29
 239.926817      1.140  37.739532    12.6272     7.2584      1.130    32.2582    24.3419 -9.990e-29
 239.926823      1.109  37.736705    12.6252     7.4346      1.100    32.2572    24.3415 -9.990e-29
 239.926829      1.067  37.730568    12.6235     7.2209      1.058    32.2528    24.3385 -9.990e-29
 239.926834      1.018  37.715735    12.6222     6.8678      1.010    32.2398    24.3287 -9.990e-29
 239.926840      0.965  37.672985    12.6211     6.3853      0.957    32.2001    24.2981 -9.990e-29
 239.926846      0.911  37.544754    12.6205     5.8991      0.903    32.0787    24.2042 -9.990e-29
 239.926852      0.856  37.161184    12.6205     5.5873      0.849    31.7144    23.9219 -9.990e-29
 239.926858      0.804  36.013085    12.6217     5.4042      0.797    30.6262    23.0792 -9.990e-29
 239.926863      0.758  32.571335    12.6241     5.3287      0.752    27.3976    20.5811 -9.990e-29
 239.926869      0.713  26.014017    12.6281     5.2469      0.707    21.3840    15.9360 -9.990e-29
 239.926875      0.672  18.301870    12.6338     5.2279      0.666    14.5573    10.6714 -9.990e-29
 239.926881      0.640  11.837845    12.6409     5.2378      0.635     9.0738     6.4440 -9.990e-29
 239.926887      0.621   7.907273    12.6500     5.2338      0.616     5.8740     3.9742 -9.990e-29
 239.926892      0.611   6.461575    12.6611     5.2277      0.606     4.7292     3.0886 -9.990e-29
 239.926898      0.607   6.105349    12.6724     5.2097      0.602     4.4495     2.8709 -9.990e-29
 239.926904      0.600   5.841376    12.6824     5.1731      0.595     4.2429     2.7099 -9.990e-29
 239.926910      0.589   5.495510    12.6918     5.2476      0.584     3.9741     2.5008 -9.990e-29
 239.926916      0.583   5.169501    12.7019     5.2672      0.578     3.7219     2.3045 -9.990e-29
 239.926921      0.580   4.955414    12.7120     5.2807      0.575     3.5567     2.1754 -9.990e-29
 239.926927      0.576   4.930544    12.7209     5.2821      0.571     3.5369     2.1589 -9.990e-29
 239.926933      0.572   5.044460    12.7278     5.2764      0.567     3.6234     2.2249 -9.990e-29
 239.926939      0.562   4.970188    12.7329     5.2276      0.557     3.5661     2.1799 -9.990e-29
 239.926944      0.546   4.743153    12.7377     5.2567      0.541     3.3922     2.0448 -9.990e-29
 239.926950      0.531   4.702803    12.7434     5.2705      0.527     3.3610     2.0199 -9.990e-29
 239.926956      0.521   4.908115    12.7503     5.2774      0.517     3.5170     2.1396 -9.990e-29
 239.926962      0.515   5.234574    12.7574     5.2748      0.511     3.7664     2.3316 -9.990e-29
 239.926968      0.513   5.138921    12.7642     5.2595      0.509     3.6924     2.2734 -9.990e-29
 239.926973      0.515   4.261018    12.7717     5.2698      0.511     3.0235     1.7551 -9.990e-29
 239.926979      0.520   3.278359    12.7802     5.2803      0.516     2.2881     1.1845 -9.990e-29
 239.926985      0.530   2.696237    12.7880     5.2824      0.526     1.8598     0.8516 -9.990e-29
 239.926991      0.544   2.466011    12.7933     5.2855      0.539     1.6921     0.7209 -9.990e-29
 239.926997      0.560   2.655205    12.7970     5.2844      0.555     1.8295     0.8269 -9.990e-29
 239.927002      0.569   2.946064    12.8011     5.2224      0.564     2.0420     0.9911 -9.990e-29
 239.927008      0.573   2.822951    12.8067    -7.4525      0.568     1.9515     0.9202 -9.990e-29
 239.927014      0.575   2.486441    12.8134   -10.0653      0.570     1.7061     0.7291 -9.990e-29
 239.927020      0.576   2.348036    12.8192   -10.0638      0.571     1.6057     0.6505 -9.990e-29
 239.927025      0.581   2.425710    12.8230    -7.3690      0.576     1.6617     0.6935 -9.990e-29
 239.927031      0.589   2.472935    12.8259    -1.9556      0.584     1.6957     0.7195 -9.990e-29
 239.927037      0.593   2.312432    12.8289    -1.9570      0.588     1.5796     0.6291 -9.990e-29
 239.927043      0.593   2.082507    12.8316    -1.9582      0.588     1.4143     0.5005 -9.990e-29
 239.927049      0.592   1.910991    12.8336    -1.9589      0.587     1.2918     0.4052 -9.990e-29
 239.927054      0.592   1.797718    12.8359    -1.9592      0.587     1.2113     0.3423 -9.990e-29
 239.927060      0.592   1.753611    12.8400    -1.9595      0.587     1.1799     0.3175 -9.990e-29
 239.927066      0.592   1.834660    12.8464    -1.9596      0.587     1.2372     0.3611 -9.990e-29
 239.927072      0.592   2.222132    12.8536    -1.9601      0.587     1.5136     0.5747 -9.990e-29
 239.927078      0.592   2.746258    12.8604    -1.9605      0.587     1.8927     0.8678 -9.990e-29
 239.927083      0.592   2.827505    12.8668    -1.9608      0.587     1.9517     0.9127 -9.990e-29
 239.927089      0.588   2.477819    12.8739    -1.9610      0.583     1.6971     0.7144 -9.990e-29
 239.927095      0.580   2.120513    12.8824    -1.9614      0.575     1.4396     0.5136 -9.990e-29
 239.927101      0.570   1.867293    12.8913    -1.9619      0.565     1.2589     0.3722 -9.990e-29
 239.927106      0.560   1.678389    12.8995    -1.9595      0.555     1.1251     0.2672 -9.990e-29
 239.927112      0.552   1.537076    12.9062    -1.9486      0.547     1.0256     0.1892 -9.990e-29
 239.927118      0.550   1.434612    12.9111    -1.9340      0.545     0.9539     0.1328 -9.990e-29
 239.927124      0.554   1.358587    12.9137    -1.9487      0.549     0.9009     0.0913 -9.990e-29
 239.927130      0.559   1.298016    12.9148    -1.9403      0.554     0.8588     0.0585 -9.990e-29
 239.927135      0.559   1.246989    12.9157    -1.9511      0.554     0.8235     0.0309 -9.990e-29
 239.927141      0.552   1.201785    12.9156    -1.9540      0.547     0.7923     0.0067 -9.990e-29
 239.927147      0.547   1.163672    12.9142    -1.9556      0.542     0.7660    -0.0136 -9.990e-29
 239.927153      0.548   1.145038    12.9122    -1.9507      0.543     0.7532    -0.0232 -9.990e-29
 239.927159      0.550   1.174259    12.9101    -1.9466      0.545     0.7734    -0.0073 -9.990e-29
 239.927164      0.550   1.336863    12.9086    -1.9389      0.545     0.8859     0.0803 -9.990e-29
 239.927170      0.547   1.789778    12.9081    -1.9495      0.542     1.2034     0.3270 -9.990e-29
 239.927176      0.542   2.529057    12.9091    -1.9439      0.537     1.7326     0.7374 -9.990e-29
 239.927182      0.537   3.046865    12.9116    -1.9502      0.533     2.1099     1.0294 -9.990e-29
 239.927188      0.538   3.068070    12.9145    -1.9463      0.534     2.1253     1.0410 -9.990e-29
 239.927193      0.544   2.865797    12.9165    -1.9446      0.539     1.9771     0.9259 -9.990e-29
 239.927199      0.551   2.516733    12.9176    -1.9495      0.546     1.7233     0.7291 -9.990e-29
 239.927205      0.555   2.187472    12.9189    -1.9526      0.550     1.4862     0.5450 -9.990e-29
 239.927211      0.562   2.141989    12.9203    -1.9548      0.557     1.4536     0.5195 -9.990e-29
 239.927216      0.570   2.375100    12.9206    -1.9560      0.565     1.6209     0.6493 -9.990e-29
 239.927222      0.578   2.736071    12.9196    -1.9568      0.573     1.8824     0.8521 -9.990e-29
 239.927228      0.589   2.926595    12.9185    -1.9574      0.584     2.0215     0.9600 -9.990e-29
 239.927234      0.604   2.869920    12.9179    -1.9580      0.599     1.9801     0.9280 -9.990e-29
 239.927240      0.616   2.776307    12.9178    -1.9527      0.611     1.9118     0.8751 -9.990e-29
 239.927245      0.625   2.716873    12.9182    -1.9512      0.620     1.8685     0.8415 -9.990e-29
 239.927251      0.636   2.721694    12.9186    -1.9539      0.631     1.8720     0.8442 -9.990e-29
 239.927257      0.646   2.679575    12.9189    -1.9556      0.641     1.8414     0.8204 -9.990e-29
 239.927263      0.651   2.451119    12.9195 -9.990e-29      0.646     1.6758     0.6920 -9.990e-29
 239.927269      0.650   2.160066    12.9204 -9.990e-29      0.645     1.4665     0.5295 -9.990e-29
 239.927274      0.646   1.922657    12.9210 -9.990e-29      0.641     1.2972     0.3981 -9.990e-29
 239.927280      0.636   1.756272    12.9210 -9.990e-29      0.631     1.1793     0.3066 -9.990e-29
 239.927286      0.624   1.653702    12.9206 -9.990e-29      0.619     1.1071     0.2506 -9.990e-29
 239.927292      0.619   1.617941    12.9202 -9.990e-29      0.614     1.0819     0.2311 -9.990e-29
 239.927297      0.620   1.706669    12.9198 -9.990e-29      0.615     1.1444     0.2796 -9.990e-29
