data/oxygen options/OCNMS/OCNMS1/raw_data/2021/CAST_TH042_210608faedb.cnv
* Sea-Bird SBE19 Data File:
* FileName = C:\2021 Mooring Data\CTD\CAST_TH042_210608.hex
* Software Version 1.59
* Temperature SN = 2997
* Conductivity SN = 2997
* System UpLoad Time = Jun 08 2021 22:05:31
** CAST_TH042_210608
* ds
# nquan = 9
# nvalues = 42                          
# units = specified
# name 0 = timeJ: Julian Days
# name 1 = prSM: Pressure, Strain Gauge [db]
# name 2 = c0mS/cm: Conductivity [mS/cm]
# name 3 = t090C: Temperature [ITS-90, deg C]
# name 4 = sbeox0ML/L: Oxygen, SBE 43 [ml/l]
# name 5 = depSM: Depth [salt water, m], lat = 47.5
# name 6 = sal00: Salinity, Practical [PSU]
# name 7 = sigma-é00: Density [sigma-theta, kg/m^3]
# name 8 = flag: flag
# span 0 = 159.915617, 159.916523       
# span 1 =      2.000,     43.000       
# span 2 =  34.530031,  37.872491       
# span 3 =     7.4870,    12.6162       
# span 4 =     2.3416,     9.1112       
# span 5 =      1.983,     42.637       
# span 6 =    32.3938,    33.6799       
# span 7 =    24.4491,    26.3117       
# span 8 = 0.0000e+00, 0.0000e+00       
# interval = decibars: 1                
# start_time = Jun 08 2021 21:52:10 [Instrument's time stamp, header]
# bad_flag = -9.990e-29
*END*
 159.915617      2.000  37.872491    12.6162     8.8516      1.983    32.3938    24.4491 0.0000e+00
 159.915645      3.000  37.739008    12.4528     8.9174      2.975    32.4068    24.4905 0.0000e+00
 159.915668      4.000  37.612418    12.3134     9.0378      3.966    32.4057    24.5161 0.0000e+00
 159.915688      5.000  37.339025    11.8502     9.1112      4.958    32.5444    24.7102 0.0000e+00
 159.915708      6.000  36.965501    11.4941     8.9245      5.950    32.4924    24.7352 0.0000e+00
 159.915728      7.000  36.821915    11.2822     8.7229      6.942    32.5378    24.8087 0.0000e+00
 159.915749      8.000  36.732817    11.1404     8.6014      7.933    32.5750    24.8629 0.0000e+00
 159.915769      9.000  36.692740    11.0698     8.5631      8.925    32.5976    24.8930 0.0000e+00
 159.915788     10.000  36.670189    11.0335     8.4540      9.916    32.6071    24.9069 0.0000e+00
 159.915807     11.000  36.655066    11.0156     8.3720     10.908    32.6076    24.9105 0.0000e+00
 159.915828     12.000  36.634737    10.9903     8.3212     11.899    32.6096    24.9165 0.0000e+00
 159.915849     13.000  36.612009    10.9700     8.2692     12.891    32.6046    24.9162 0.0000e+00
 159.915870     14.000  36.602744    10.9563     8.0587     13.883    32.6073    24.9207 0.0000e+00
 159.915892     15.000  36.585008    10.9168     7.4992     14.874    32.6244    24.9410 0.0000e+00
 159.915915     16.000  36.519982    10.7494     7.1041     15.866    32.7087    25.0359 0.0000e+00
 159.915936     17.000  36.391993    10.5431     6.8406     16.857    32.7654    25.1158 0.0000e+00
 159.915957     18.000  36.304218    10.4137     6.2611     17.849    32.7935    25.1599 0.0000e+00
 159.915978     19.000  36.161573    10.1510     6.1086     18.840    32.8870    25.2774 0.0000e+00
 159.915998     20.000  36.034495    10.0128     6.1084     19.832    32.8835    25.2978 0.0000e+00
 159.916020     21.000  35.991154     9.9502     6.0541     20.824    32.8961    25.3181 0.0000e+00
 159.916040     22.000  35.932568     9.8948     5.8813     21.815    32.8865    25.3198 0.0000e+00
 159.916059     23.000  35.887211     9.8295     5.4736     22.807    32.8995    25.3407 0.0000e+00
 159.916077     24.000  35.772982     9.6679     5.1477     23.798    32.9303    25.3913 0.0000e+00
 159.916099     25.000  35.617740     9.4753     4.8899     24.790    32.9473    25.4360 0.0000e+00
 159.916123     26.000  35.499140     9.2763     4.0396     25.782    33.0082    25.5154 0.0000e+00
 159.916145     27.000  35.180262     8.7389     3.5586     26.773    33.1760    25.7310 0.0000e+00
 159.916164     28.000  34.931062     8.3710     3.3716     27.765    33.2595    25.8525 0.0000e+00
 159.916184     29.000  34.786706     8.1713     3.2872     28.756    33.2950    25.9101 0.0000e+00
 159.916203     30.000  34.634712     8.0078     3.2341     29.747    33.2880    25.9287 0.0000e+00
 159.916226     31.000  34.572995     7.9627     3.2988     30.739    33.2645    25.9168 0.0000e+00
 159.916255     32.000  34.619436     8.0019     3.1896     31.730    33.2764    25.9205 0.0000e+00
 159.916278     33.000  34.587660     7.8841     2.7143     32.722    33.3543    25.9988 0.0000e+00
 159.916297     34.000  34.566876     7.6833     2.4832     33.713    33.5241    26.1612 0.0000e+00
 159.916319     35.000  34.530031     7.5457     2.4555     34.705    33.6167    26.2537 0.0000e+00
 159.916344     36.000  34.532590     7.5266     2.4891     35.697    33.6375    26.2728 0.0000e+00
 159.916374     37.000  34.545959     7.5306     2.4322     36.688    33.6476    26.2801 0.0000e+00
 159.916396     38.000  34.534618     7.5026     2.3974     37.679    33.6620    26.2954 0.0000e+00
 159.916417     39.000  34.534538     7.4913     2.3484     38.671    33.6724    26.3052 0.0000e+00
 159.916438     40.000  34.535936     7.4923     2.3760     39.662    33.6724    26.3051 0.0000e+00
 159.916464     41.000  34.538335     7.4955     2.3687     40.654    33.6715    26.3039 0.0000e+00
 159.916493     42.000  34.539838     7.4880     2.3519     41.645    33.6799    26.3117 0.0000e+00
 159.916523     43.000  34.537528     7.4870     2.3416     42.637    33.6779    26.3103 0.0000e+00
