data/oxygen options/OCNMS/OCNMS1/raw_data/2021/CAST_CE042_210826faedb.cnv
* Sea-Bird SBE 19 Data File:
* FileName = C:\2021 Mooring Data\Casts\CAST_CE042_210826.hex
* Software Version SeatermAF 2.1.2
* Temperature SN = 2997
* Conductivity SN = 2997
* System UpLoad Time = Aug 26 2021 00:35:33 (localtime) = Aug 26 2021 00:35:33 (UTC)
** CAST_CE042_210826
* ds
# nquan = 9
# nvalues = 44                          
# units = specified
# name 0 = timeJ: Julian Days
# name 1 = prSM: Pressure, Strain Gauge [db]
# name 2 = c0mS/cm: Conductivity [mS/cm]
# name 3 = t090C: Temperature [ITS-90, deg C]
# name 4 = sbeox0ML/L: Oxygen, SBE 43 [ml/l]
# name 5 = depSM: Depth [salt water, m], lat = 47.5
# name 6 = sal00: Salinity, Practical [PSU]
# name 7 = sigma-é00: Density [sigma-theta, kg/m^3]
# name 8 = flag: flag
# span 0 = 237.916093, 237.917228       
# span 1 =      2.000,     45.000       
# span 2 =  34.604674,  40.555431       
# span 3 =     7.4437,    14.7978       
# span 4 =     0.4647,     6.8648       
# span 5 =      1.983,     44.619       
# span 6 =    33.0124,    33.7920       
# span 7 =    24.4932,    26.4060       
# span 8 = 0.0000e+00, 0.0000e+00       
# interval = decibars: 1                
# start_time = Aug 25 2021 21:50:33 [Instrument's time stamp, header]
# bad_flag = -9.990e-29
*END*
 237.916093      2.000  40.555431    14.7978     6.6381      1.983    33.0250    24.4932 0.0000e+00
 237.916131      3.000  40.506229    14.7436     6.6717      2.975    33.0258    24.5055 0.0000e+00
 237.916163      4.000  40.368113    14.6075     6.7137      3.967    33.0153    24.5265 0.0000e+00
 237.916194      5.000  40.186020    14.3941     6.7603      4.958    33.0302    24.5830 0.0000e+00
 237.916223      6.000  39.994926    14.2090     6.7808      5.950    33.0124    24.6083 0.0000e+00
 237.916251      7.000  39.939933    14.1417     6.7563      6.941    33.0190    24.6274 0.0000e+00
 237.916280      8.000  39.913455    14.1087     6.7561      7.933    33.0225    24.6369 0.0000e+00
 237.916308      9.000  39.896587    14.0909     6.7096      8.925    33.0217    24.6401 0.0000e+00
 237.916335     10.000  39.878379    14.0696     6.7025      9.916    33.0228    24.6454 0.0000e+00
 237.916362     11.000  39.840045    14.0235     6.6616     10.908    33.0266    24.6578 0.0000e+00
 237.916389     12.000  39.740998    13.9184     6.6282     11.899    33.0248    24.6782 0.0000e+00
 237.916415     13.000  39.554107    13.7061     6.7961     12.891    33.0337    24.7286 0.0000e+00
 237.916442     14.000  39.293169    13.4385     6.8648     13.883    33.0208    24.7729 0.0000e+00
 237.916469     15.000  38.698976    12.7951     6.6507     14.874    33.0190    24.8984 0.0000e+00
 237.916496     16.000  37.809295    11.8134     5.8755     15.866    33.0291    25.0934 0.0000e+00
 237.916522     17.000  36.949554    10.8515     4.9924     16.857    33.0441    25.2792 0.0000e+00
 237.916549     18.000  36.416032    10.1946     3.9089     17.849    33.1051    25.4400 0.0000e+00
 237.916574     19.000  35.777841     9.4633     3.0913     18.841    33.1258    25.5770 0.0000e+00
 237.916599     20.000  35.304053     8.7983     2.7956     19.832    33.2532    25.7821 0.0000e+00
 237.916623     21.000  35.163191     8.5576     2.6193     20.824    33.3315    25.8806 0.0000e+00
 237.916648     22.000  35.122518     8.4319     2.6480     21.815    33.4070    25.9589 0.0000e+00
 237.916673     23.000  35.114575     8.3973     2.6023     22.807    33.4310    25.9829 0.0000e+00
 237.916696     24.000  35.119265     8.3988     2.4584     23.798    33.4341    25.9851 0.0000e+00
 237.916721     25.000  35.134018     8.3809     1.9753     24.790    33.4662    26.0130 0.0000e+00
 237.916744     26.000  35.024444     8.2018     1.8040     25.781    33.5201    26.0822 0.0000e+00
 237.916768     27.000  34.937805     8.0730     1.7106     26.773    33.5507    26.1253 0.0000e+00
 237.916791     28.000  34.821662     7.9099     1.5451     27.764    33.5826    26.1743 0.0000e+00
 237.916815     29.000  34.750606     7.8082     0.7856     28.756    33.6038    26.2058 0.0000e+00
 237.916840     30.000  34.794977     7.8003     0.5572     29.747    33.6586    26.2500 0.0000e+00
 237.916865     31.000  34.821058     7.8168     0.6081     30.739    33.6702    26.2567 0.0000e+00
 237.916892     32.000  34.820844     7.8124     0.6092     31.730    33.6737    26.2601 0.0000e+00
 237.916918     33.000  34.820971     7.8069     0.6168     32.722    33.6788    26.2649 0.0000e+00
 237.916944     34.000  34.797749     7.7629     0.6453     33.713    33.6958    26.2847 0.0000e+00
 237.916970     35.000  34.689555     7.6079     0.5925     34.705    33.7289    26.3330 0.0000e+00
 237.916997     36.000  34.651295     7.5270     0.5150     35.697    33.7656    26.3734 0.0000e+00
 237.917023     37.000  34.613792     7.4649     0.5085     36.688    33.7850    26.3975 0.0000e+00
 237.917049     38.000  34.610681     7.4538     0.5144     37.679    33.7919    26.4045 0.0000e+00
 237.917074     39.000  34.608471     7.4545     0.5189     38.671    33.7883    26.4016 0.0000e+00
 237.917099     40.000  34.608038     7.4511     0.5116     39.663    33.7907    26.4040 0.0000e+00
 237.917123     41.000  34.607180     7.4498     0.4996     40.654    33.7906    26.4041 0.0000e+00
 237.917147     42.000  34.606453     7.4473     0.4884     41.645    33.7917    26.4053 0.0000e+00
 237.917172     43.000  34.605359     7.4469     0.4841     42.637    33.7904    26.4044 0.0000e+00
 237.917199     44.000  34.605033     7.4444     0.4722     43.628    33.7920    26.4060 0.0000e+00
 237.917228     45.000  34.604674     7.4437     0.4647     44.619    33.7919    26.4060 0.0000e+00
