data/oxygen options/OCNMS/OCNMS1/raw_data/2021/CAST_MB042_210609faed.cnv
* Sea-Bird SBE19 Data File:
* FileName = C:\2021 Mooring Data\CTD\CAST_MB042_210609.hex
* Software Version 1.59
* Temperature SN = 2997
* Conductivity SN = 2997
* System UpLoad Time = Jun 09 2021 23:24:31
** CAST_MB042_210609
* ds
# nquan = 9                                 
# nvalues = 962                         
# units = specified
# name 0 = timeJ: Julian Days
# name 1 = prSM: Pressure, Strain Gauge [db]
# name 2 = c0mS/cm: Conductivity [mS/cm]
# name 3 = t090C: Temperature [ITS-90, deg C]
# name 4 = sbeox0ML/L: Oxygen, SBE 43 [ml/l]
# name 5 = depSM: Depth [salt water, m], lat = 47.5
# name 6 = sal00: Salinity, Practical [PSU]
# name 7 = sigma-é00: Density [sigma-theta, kg/m^3]
# name 8 = flag: flag
# span 0 = 160.966285, 160.971846       
# span 1 =     -5.380,     43.076       
# span 2 =   0.253378,  38.859645       
# span 3 =     7.6359,    15.3369       
# span 4 =    -1.9405,    20.3452       
# span 5 =     -5.335,     42.712       
# span 6 =     0.1525,    33.6891       
# span 7 =    -0.8320,    26.2977       
# span 8 = 0.0000e+00, 0.0000e+00       
# interval = seconds: 0.5
# start_time = Jun 09 2021 23:11:27 [Instrument's time stamp, header]
# bad_flag = -9.990e-29
*END*
[from data line 161]
 160.967216     -1.983   0.256616    14.7488    -1.8970     -1.966     0.1539    -0.7420 -9.990e-29
 160.967222     -1.975   0.256617    14.7389    -1.8989     -1.959     0.1539    -0.7405 -9.990e-29
 160.967228     -1.968   0.256618    14.7317    -1.9005     -1.952     0.1539    -0.7394 -9.990e-29
 160.967234     -1.961   0.256619    14.7247    -1.9017     -1.945     0.1540    -0.7383 -9.990e-29
 160.967240     -1.953   0.256621    14.7167    -1.9022     -1.937     0.1540    -0.7371 -9.990e-29
 160.967245     -1.945   0.256622    14.7045    -1.9026     -1.929     0.1540    -0.7353 -9.990e-29
 160.967251     -1.935   0.256623    14.6848    -1.9028     -1.919     0.1541    -0.7323 -9.990e-29
 160.967257     -1.923   0.256624    14.6562    -1.9026     -1.907     0.1542    -0.7280 -9.990e-29
 160.967263     -1.909   0.256625    14.6202    -1.9028     -1.893     0.1543    -0.7226 -9.990e-29
 160.967269     -1.891   0.256626    14.5804    -1.9027     -1.875     0.1545    -0.7167 -9.990e-29
 160.967274     -1.868   0.256628    14.5406    -1.9030     -1.852     0.1546    -0.7108 -9.990e-29
 160.967280     -1.842   0.256629    14.5049    -1.9035     -1.827     0.1548    -0.7055 -9.990e-29
 160.967286     -1.822   0.256630    14.4776    -1.9040     -1.807     0.1549    -0.7014 -9.990e-29
 160.967292     -1.806   0.256631    14.4600    -1.9042     -1.791     0.1549    -0.6988 -9.990e-29
 160.967297     -1.788   0.256632    14.4497    -1.9047     -1.773     0.1550    -0.6973 -9.990e-29
 160.967303     -1.771   0.256633    14.4447    -1.9061     -1.756     0.1550    -0.6966 -9.990e-29
 160.967309     -1.759   0.256634    14.4426    -1.9069     -1.744     0.1550    -0.6963 -9.990e-29
 160.967315     -1.751   0.256634    14.4405    -1.9076     -1.736     0.1550    -0.6960 -9.990e-29
 160.967321     -1.746   0.256630    14.4371    -1.9078     -1.731     0.1550    -0.6955 -9.990e-29
 160.967326     -1.745   0.256618    14.4309    -1.9077     -1.730     0.1550    -0.6946 -9.990e-29
 160.967332     -1.747   0.256578    14.4217    -1.9076     -1.732     0.1550    -0.6932 -9.990e-29
 160.967338     -1.747   0.256456    14.4118    -1.9077     -1.732     0.1550    -0.6918 -9.990e-29
 160.967344     -1.742   0.256089    14.4010    -1.9082     -1.727     0.1548    -0.6904 -9.990e-29
 160.967350     -1.735   0.255541    14.3852    -1.9088     -1.721     0.1545    -0.6883 -9.990e-29
 160.967355     -1.731   0.255185    14.3645    -1.9097     -1.717     0.1544    -0.6855 -9.990e-29
 160.967361     -1.730   0.255099    14.3450    -1.9103     -1.716     0.1544    -0.6827 -9.990e-29
 160.967367     -1.725   0.255169    14.3311    -1.9115     -1.711     0.1545    -0.6806 -9.990e-29
 160.967373     -1.715   0.255485    14.3236    -1.9125     -1.701     0.1547    -0.6794 -9.990e-29
 160.967378     -1.701   0.255914    14.3211    -1.9133     -1.687     0.1550    -0.6788 -9.990e-29
 160.967384     -1.687   0.255918    14.3194    -1.9139     -1.673     0.1550    -0.6785 -9.990e-29
 160.967390     -1.673   0.255500    14.3146    -1.9145     -1.659     0.1547    -0.6780 -9.990e-29
 160.967396     -1.657   0.255209    14.3047    -1.9153     -1.643     0.1546    -0.6767 -9.990e-29
 160.967402     -1.639   0.255210    14.2902    -1.9153     -1.625     0.1547    -0.6746 -9.990e-29
 160.967407     -1.617   0.255503    14.2732    -1.9152     -1.604     0.1549    -0.6720 -9.990e-29
 160.967413     -1.594   0.255923    14.2535    -1.9156     -1.581     0.1552    -0.6689 -9.990e-29
 160.967419     -1.577   0.255920    14.2309    -1.9160     -1.564     0.1553    -0.6657 -9.990e-29
 160.967425     -1.565   0.255489    14.2089    -1.9162     -1.552     0.1551    -0.6627 -9.990e-29
 160.967431     -1.550   0.255162    14.1899    -1.9167     -1.537     0.1550    -0.6601 -9.990e-29
 160.967436     -1.529   0.255053    14.1735    -1.9174     -1.516     0.1550    -0.6578 -9.990e-29
 160.967442     -1.510   0.255017    14.1588    -1.9184     -1.497     0.1550    -0.6557 -9.990e-29
 160.967448     -1.497   0.255006    14.1472    -1.9186     -1.485     0.1551    -0.6540 -9.990e-29
 160.967454     -1.488   0.255003    14.1406    -1.9188     -1.476     0.1551    -0.6531 -9.990e-29
 160.967459     -1.483   0.255003    14.1363    -1.9187     -1.471     0.1551    -0.6524 -9.990e-29
 160.967465     -1.482   0.255004    14.1301    -1.9190     -1.470     0.1551    -0.6516 -9.990e-29
 160.967471     -1.483   0.255005    14.1220    -1.9192     -1.471     0.1551    -0.6504 -9.990e-29
 160.967477     -1.489   0.255006    14.1124    -1.9192     -1.477     0.1552    -0.6490 -9.990e-29
 160.967483     -1.494   0.255007    14.1004    -1.9195     -1.482     0.1552    -0.6473 -9.990e-29
 160.967488     -1.490   0.255008    14.0858    -1.9200     -1.478     0.1553    -0.6452 -9.990e-29
 160.967494     -1.478   0.255009    14.0718    -1.9204     -1.466     0.1553    -0.6432 -9.990e-29
 160.967500     -1.464   0.255011    14.0623    -1.9213     -1.452     0.1554    -0.6418 -9.990e-29
 160.967506     -1.453   0.255012    14.0573    -1.9225     -1.441     0.1554    -0.6411 -9.990e-29
 160.967512     -1.443   0.255013    14.0538    -1.9232     -1.431     0.1554    -0.6406 -9.990e-29
 160.967517     -1.434   0.255014    14.0497    -1.9235     -1.422     0.1554    -0.6400 -9.990e-29
 160.967523     -1.426   0.255015    14.0456    -1.9240     -1.414     0.1554    -0.6394 -9.990e-29
 160.967529     -1.417   0.255016    14.0409    -1.9243     -1.405     0.1554    -0.6388 -9.990e-29
 160.967535     -1.412   0.255018    14.0335    -1.9242     -1.400     0.1555    -0.6377 -9.990e-29
 160.967541     -1.411   0.255019    14.0235    -1.9240     -1.399     0.1555    -0.6363 -9.990e-29
 160.967546     -1.404   0.255020    14.0101    -1.9238     -1.392     0.1556    -0.6344 -9.990e-29
 160.967552     -1.391   0.255021    13.9920    -1.9235     -1.379     0.1556    -0.6318 -9.990e-29
 160.967558     -1.376   0.255022    13.9722    -1.9233     -1.365     0.1557    -0.6290 -9.990e-29
 160.967564     -1.357   0.255023    13.9557    -1.9231     -1.346     0.1558    -0.6267 -9.990e-29
 160.967569     -1.339   0.255024    13.9436    -1.9230     -1.328     0.1558    -0.6249 -9.990e-29
 160.967575     -1.327   0.255024    13.9345    -1.9231     -1.316     0.1558    -0.6237 -9.990e-29
 160.967581     -1.322   0.255020    13.9293    -1.9230     -1.311     0.1559    -0.6229 -9.990e-29
 160.967587     -1.314   0.255007    13.9289    -1.9231     -1.303     0.1559    -0.6229 -9.990e-29
 160.967593     -1.303   0.254967    13.9318    -1.9232     -1.292     0.1558    -0.6233 -9.990e-29
 160.967598     -1.293   0.254845    13.9366    -1.9232     -1.282     0.1557    -0.6240 -9.990e-29
 160.967604     -1.279   0.254477    13.9423    -1.9230     -1.268     0.1555    -0.6250 -9.990e-29
 160.967610     -1.259   0.253925    13.9476    -1.9227     -1.248     0.1551    -0.6260 -9.990e-29
 160.967616     -1.242   0.253557    13.9514    -1.9225     -1.232     0.1549    -0.6268 -9.990e-29
 160.967622     -1.230   0.253435    13.9532    -1.9223     -1.220     0.1548    -0.6271 -9.990e-29
 160.967627     -1.222   0.253395    13.9534    -1.9222     -1.212     0.1548    -0.6271 -9.990e-29
 160.967633     -1.219   0.253382    13.9532    -1.9220     -1.209     0.1548    -0.6271 -9.990e-29
 160.967639     -1.215   0.253379    13.9529    -1.9219     -1.205     0.1548    -0.6271 -9.990e-29
 160.967645     -1.205   0.253378    13.9525    -1.9218     -1.195     0.1548    -0.6270 -9.990e-29
 160.967650     -1.195   0.253379    13.9536    -1.9217     -1.185     0.1548    -0.6272 -9.990e-29
 160.967656     -1.187   0.253380    13.9571    -1.9216     -1.177     0.1547    -0.6276 -9.990e-29
 160.967662     -1.180   0.253381    13.9619    -1.9216     -1.170     0.1547    -0.6283 -9.990e-29
 160.967668     -1.175   0.253382    13.9668    -1.9219     -1.165     0.1547    -0.6290 -9.990e-29
 160.967674     -1.171   0.253383    13.9713    -1.9232     -1.161     0.1547    -0.6297 -9.990e-29
 160.967679     -1.168   0.253384    13.9750    -1.9239     -1.158     0.1547    -0.6302 -9.990e-29
 160.967685     -1.165   0.253385    13.9782    -1.9241     -1.155     0.1547    -0.6306 -9.990e-29
 160.967691     -1.163   0.253386    13.9812    -1.9243     -1.153     0.1547    -0.6311 -9.990e-29
 160.967697     -1.161   0.253387    13.9839    -1.9243     -1.151     0.1546    -0.6314 -9.990e-29
 160.967703     -1.159   0.253388    13.9859    -1.9244     -1.149     0.1546    -0.6317 -9.990e-29
 160.967708     -1.158   0.253388    13.9862    -1.9242     -1.148     0.1546    -0.6318 -9.990e-29
 160.967714     -1.156   0.253387    13.9829    -1.9238     -1.146     0.1547    -0.6313 -9.990e-29
 160.967720     -1.153   0.253387    13.9725    -1.9238     -1.143     0.1547    -0.6298 -9.990e-29
 160.967726     -1.151   0.253386    13.9562    -1.9239     -1.141     0.1547    -0.6275 -9.990e-29
 160.967731     -1.148   0.253385    13.9414    -1.9241     -1.138     0.1548    -0.6254 -9.990e-29
 160.967737     -1.144   0.253384    13.9321    -1.9241     -1.134     0.1548    -0.6241 -9.990e-29
 160.967743     -1.139   0.253384    13.9272    -1.9237     -1.129     0.1549    -0.6234 -9.990e-29
 160.967749     -1.133   0.253383    13.9253    -1.9233     -1.124     0.1549    -0.6231 -9.990e-29
 160.967755     -1.125   0.253382    13.9262    -1.9230     -1.116     0.1549    -0.6233 -9.990e-29
 160.967760     -1.116   0.253381    13.9294    -1.9229     -1.107     0.1548    -0.6237 -9.990e-29
 160.967766     -1.107   0.253381    13.9329    -1.9226     -1.098     0.1548    -0.6242 -9.990e-29
 160.967772     -1.104   0.253381    13.9342    -1.9226     -1.095     0.1548    -0.6244 -9.990e-29
 160.967778     -1.102   0.253381    13.9334    -1.9230     -1.093     0.1548    -0.6243 -9.990e-29
 160.967784     -1.096   0.253383    13.9327    -1.9233     -1.087     0.1548    -0.6242 -9.990e-29
 160.967789     -1.086   0.253392    13.9347    -1.9232     -1.077     0.1548    -0.6245 -9.990e-29
 160.967795     -1.071   0.253419    13.9403    -1.9231     -1.062     0.1548    -0.6252 -9.990e-29
 160.967801     -1.051   0.253501    13.9476    -1.9232     -1.042     0.1548    -0.6262 -9.990e-29
 160.967807     -1.028   0.253749    13.9538    -1.9225     -1.019     0.1550    -0.6270 -9.990e-29
 160.967813     -1.010   0.254496    13.9581    -1.9220     -1.002     0.1554    -0.6272 -9.990e-29
 160.967818     -0.999   0.256182    13.9604    -1.9222     -0.991     0.1565    -0.6268 -9.990e-29
 160.967824     -0.991   0.259397    13.9594    -1.9225     -0.983     0.1585    -0.6251 -9.990e-29
 160.967830     -0.981   0.263993    13.9553    -1.9230     -0.973     0.1613    -0.6223 -9.990e-29
 160.967836     -0.973   0.268345    13.9514    -1.9234     -0.965     0.1640    -0.6196 -9.990e-29
 160.967841     -0.969   0.271605    13.9503    -1.9232     -0.961     0.1661    -0.6179 -9.990e-29
 160.967847     -0.971   0.274242    13.9511    -1.9229     -0.963     0.1677    -0.6167 -9.990e-29
 160.967853     -0.978   0.276450    13.9540    -1.9229     -0.970     0.1690    -0.6161 -9.990e-29
 160.967859     -0.986   0.278403    13.9603    -1.9230     -0.978     0.1702    -0.6160 -9.990e-29
 160.967865     -0.988   0.280488    13.9658    -1.9229     -0.980     0.1715    -0.6158 -9.990e-29
 160.967870     -0.983   0.282716    13.9653    -1.9225     -0.975     0.1729    -0.6147 -9.990e-29
 160.967876     -0.979   0.284735    13.9596    -1.9224     -0.971     0.1742    -0.6129 -9.990e-29
 160.967882     -0.981   0.286466    13.9524    -1.9221     -0.973     0.1753    -0.6110 -9.990e-29
 160.967888     -0.985   0.288003    13.9479    -1.9222     -0.977     0.1763    -0.6096 -9.990e-29
 160.967894     -0.987   0.289179    13.9478    -1.9224     -0.979     0.1770    -0.6091 -9.990e-29
 160.967899     -0.986   0.289901    13.9498    -1.9223     -0.978     0.1774    -0.6090 -9.990e-29
 160.967905     -0.982   0.290579    13.9514    -1.9227     -0.974     0.1778    -0.6089 -9.990e-29
 160.967911     -0.976   0.291565    13.9527    -1.9228     -0.968     0.1785    -0.6086 -9.990e-29
 160.967917     -0.966   0.292513    13.9554    -1.9226     -0.958     0.1790    -0.6085 -9.990e-29
 160.967922     -0.957   0.293026    13.9597    -1.9229     -0.949     0.1793    -0.6089 -9.990e-29
 160.967928     -0.948   0.293233    13.9642    -1.9230     -0.940     0.1794    -0.6094 -9.990e-29
 160.967934     -0.935   0.293411    13.9670    -1.9228     -0.927     0.1795    -0.6097 -9.990e-29
 160.967940     -0.919   0.293798    13.9670    -1.9232     -0.911     0.1798    -0.6095 -9.990e-29
 160.967946     -0.906   0.294357    13.9655    -1.9236     -0.898     0.1801    -0.6091 -9.990e-29
 160.967951     -0.894   0.294728    13.9633    -1.9237     -0.887     0.1804    -0.6086 -9.990e-29
 160.967957     -0.882   0.294851    13.9604    -1.9239     -0.875     0.1805    -0.6081 -9.990e-29
 160.967963     -0.874   0.294892    13.9580    -1.9240     -0.867     0.1805    -0.6077 -9.990e-29
 160.967969     -0.873   0.294905    13.9563    -1.9245     -0.866     0.1805    -0.6075 -9.990e-29
 160.967975     -0.876   0.294909    13.9538    -1.9248     -0.869     0.1805    -0.6071 -9.990e-29
 160.967980     -0.877   0.294910    13.9515    -1.9253     -0.870     0.1805    -0.6068 -9.990e-29
 160.967986     -0.878   0.294911    13.9489    -1.9254     -0.871     0.1806    -0.6064 -9.990e-29
 160.967992     -0.878   0.294916    13.9438    -1.9252     -0.871     0.1806    -0.6057 -9.990e-29
 160.967998     -0.878   0.294930    13.9378    -1.9247     -0.871     0.1806    -0.6048 -9.990e-29
 160.968003     -0.876   0.294973    13.9329    -1.9245     -0.869     0.1807    -0.6041 -9.990e-29
 160.968009     -0.874   0.295105    13.9281    -1.9241     -0.867     0.1808    -0.6034 -9.990e-29
 160.968015     -0.871   0.295501    13.9221    -1.9239     -0.864     0.1810    -0.6023 -9.990e-29
 160.968021     -0.866   0.296137    13.9145    -1.9236     -0.859     0.1815    -0.6010 -9.990e-29
 160.968027     -0.860   0.296752    13.9067    -1.9234     -0.853     0.1819    -0.5996 -9.990e-29
 160.968032     -0.853   0.297060    13.9007    -1.9230     -0.846     0.1821    -0.5986 -9.990e-29
 160.968038     -0.842   0.296921    13.8989    -1.9225     -0.835     0.1820    -0.5984 -9.990e-29
 160.968044     -0.833   0.296702    13.9022    -1.9220     -0.826     0.1819    -0.5989 -9.990e-29
 160.968050     -0.829   0.296667    13.9084    -1.9215     -0.822     0.1818    -0.5998 -9.990e-29
 160.968056     -0.830   0.296768    13.9150    -1.9213     -0.823     0.1819    -0.6007 -9.990e-29
 160.968061     -0.835   0.297142    13.9217    -1.9211     -0.828     0.1821    -0.6015 -9.990e-29
 160.968067     -0.841   0.297735    13.9284    -1.9208     -0.834     0.1824    -0.6021 -9.990e-29
 160.968073     -0.845   0.298230    13.9349    -1.9206     -0.838     0.1827    -0.6028 -9.990e-29
 160.968079     -0.845   0.298735    13.9419    -1.9204     -0.838     0.1830    -0.6036 -9.990e-29
 160.968084     -0.842   0.299371    13.9507    -1.9206     -0.835     0.1833    -0.6045 -9.990e-29
 160.968090     -0.836   0.299878    13.9612    -1.9207     -0.829     0.1836    -0.6058 -9.990e-29
 160.968096     -0.827   0.300379    13.9720    -1.9210     -0.820     0.1839    -0.6071 -9.990e-29
 160.968102     -0.814   0.300989    13.9813    -1.9210     -0.807     0.1842    -0.6081 -9.990e-29
 160.968108     -0.796   0.301414    13.9886    -1.9209     -0.789     0.1844    -0.6089 -9.990e-29
 160.968113     -0.776   0.301666    13.9947    -1.9210     -0.770     0.1846    -0.6097 -9.990e-29
 160.968119     -0.762   0.302084    14.0000    -1.9212     -0.756     0.1848    -0.6102 -9.990e-29
 160.968125     -0.757   0.302671    14.0039    -1.9207     -0.751     0.1852    -0.6105 -9.990e-29
 160.968131     -0.756   0.303103    14.0056    -1.9205     -0.750     0.1854    -0.6105 -9.990e-29
