data/oxygen options/OCNMS/OCNMS1/raw_data/2021/CAST_MB015_210716faed.cnv
* Sea-Bird SBE 19 Data File:
* FileName = C:\2021 Mooring Data\Casts\CAST_MB015_210716.hex
* Software Version SeatermAF 2.1.2
* Temperature SN = 2997
* Conductivity SN = 2997
* System UpLoad Time = Jul 16 2021 18:59:53 (localtime) = Jul 16 2021 18:59:53 (UTC)
** CAST_MB015_210716
* ds
# nquan = 9                                 
# nvalues = 972                         
# units = specified
# name 0 = timeJ: Julian Days
# name 1 = prSM: Pressure, Strain Gauge [db]
# name 2 = c0mS/cm: Conductivity [mS/cm]
# name 3 = t090C: Temperature [ITS-90, deg C]
# name 4 = sbeox0ML/L: Oxygen, SBE 43 [ml/l]
# name 5 = depSM: Depth [salt water, m], lat = 47.5
# name 6 = sal00: Salinity, Practical [PSU]
# name 7 = sigma-é00: Density [sigma-theta, kg/m^3]
# name 8 = flag: flag
# span 0 = 197.760637, 197.766256       
# span 1 =     -4.037,     16.241       
# span 2 =   0.408436,  37.590694       
# span 3 =     8.3514,    13.2234       
# span 4 =    -1.9674,    12.4457       
# span 5 =     -4.003,     16.105       
# span 6 =     0.2566,    33.5023       
# span 7 =    -0.4473,    26.0434       
# span 8 = 0.0000e+00, 0.0000e+00       
# interval = seconds: 0.5
# start_time = Jul 16 2021 18:15:19 [Instrument's time stamp, header]
# bad_flag = -9.990e-29
*END*
 197.760637     -4.037 -9.990e-29    12.9501    -1.9636     -4.003 -9.990e-29 -9.990e-29 -9.990e-29
 197.760642     -4.013   0.460578    12.9516    -1.9639     -3.980     0.2922    -0.3871 -9.990e-29
 197.760648     -3.982   0.461113    12.9529    -1.9639     -3.949     0.2926    -0.3870 -9.990e-29
 197.760654     -3.947   0.461423    12.9545    -1.9639     -3.914     0.2927    -0.3870 -9.990e-29
 197.760660     -3.914   0.461368    12.9562    -1.9640     -3.881     0.2927    -0.3873 -9.990e-29
 197.760666     -3.885   0.461058    12.9574    -1.9641     -3.853     0.2925    -0.3876 -9.990e-29
 197.760671     -3.858   0.460635    12.9582    -1.9643     -3.826     0.2922    -0.3879 -9.990e-29
 197.760677     -3.831   0.460277    12.9589    -1.9645     -3.799     0.2920    -0.3882 -9.990e-29
 197.760683     -3.808   0.460061    12.9582    -1.9648     -3.776     0.2918    -0.3882 -9.990e-29
 197.760689     -3.790   0.459883    12.9554    -1.9650     -3.758     0.2917    -0.3879 -9.990e-29
 197.760694     -3.772   0.459506    12.9523    -1.9653     -3.741     0.2915    -0.3877 -9.990e-29
 197.760700     -3.750   0.458985    12.9508    -1.9653     -3.719     0.2912    -0.3878 -9.990e-29
 197.760706     -3.721   0.458736    12.9501    -1.9652     -3.690     0.2910    -0.3878 -9.990e-29
 197.760712     -3.688   0.458980    12.9485    -1.9651     -3.657     0.2912    -0.3875 -9.990e-29
 197.760718     -3.657   0.459492    12.9456    -1.9648     -3.627     0.2916    -0.3868 -9.990e-29
 197.760723     -3.632   0.459847    12.9418    -1.9648     -3.602     0.2918    -0.3862 -9.990e-29
 197.760729     -3.609   0.459964    12.9372    -1.9648     -3.579     0.2919    -0.3855 -9.990e-29
 197.760735     -3.588   0.460003    12.9320    -1.9648     -3.558     0.2920    -0.3848 -9.990e-29
 197.760741     -3.568   0.460016    12.9271    -1.9649     -3.538     0.2920    -0.3841 -9.990e-29
 197.760747     -3.547   0.460019    12.9234    -1.9649     -3.517     0.2921    -0.3836 -9.990e-29
 197.760752     -3.523   0.460020    12.9221    -1.9648     -3.494     0.2921    -0.3835 -9.990e-29
 197.760758     -3.496   0.460019    12.9234    -1.9647     -3.467     0.2921    -0.3836 -9.990e-29
 197.760764     -3.464   0.460018    12.9263    -1.9647     -3.435     0.2920    -0.3840 -9.990e-29
 197.760770     -3.428   0.460017    12.9291    -1.9646     -3.399     0.2920    -0.3844 -9.990e-29
 197.760775     -3.395   0.460017    12.9305    -1.9644     -3.367     0.2920    -0.3846 -9.990e-29
 197.760781     -3.367   0.460016    12.9309    -1.9643     -3.339     0.2920    -0.3846 -9.990e-29
 197.760787     -3.343   0.460015    12.9309    -1.9641     -3.315     0.2920    -0.3846 -9.990e-29
 197.760793     -3.321   0.460014    12.9309    -1.9640     -3.293     0.2920    -0.3846 -9.990e-29
 197.760799     -3.299   0.460013    12.9315    -1.9640     -3.271     0.2920    -0.3847 -9.990e-29
 197.760804     -3.276   0.460012    12.9330    -1.9639     -3.249     0.2920    -0.3849 -9.990e-29
 197.760810     -3.251   0.460011    12.9348    -1.9643     -3.224     0.2920    -0.3851 -9.990e-29
 197.760816     -3.222   0.460010    12.9367    -1.9646     -3.195     0.2920    -0.3854 -9.990e-29
 197.760822     -3.191   0.460009    12.9390    -1.9648     -3.164     0.2919    -0.3857 -9.990e-29
 197.760828     -3.166   0.460008    12.9419    -1.9648     -3.140     0.2919    -0.3861 -9.990e-29
 197.760833     -3.143   0.460007    12.9453    -1.9651     -3.117     0.2919    -0.3865 -9.990e-29
 197.760839     -3.119   0.460006    12.9483    -1.9651     -3.093     0.2919    -0.3869 -9.990e-29
 197.760845     -3.095   0.460005    12.9499    -1.9651     -3.069     0.2919    -0.3872 -9.990e-29
 197.760851     -3.075   0.460004    12.9503    -1.9650     -3.049     0.2918    -0.3872 -9.990e-29
 197.760856     -3.056   0.460003    12.9488    -1.9653     -3.031     0.2919    -0.3870 -9.990e-29
 197.760862     -3.038   0.460002    12.9445    -1.9655     -3.013     0.2919    -0.3864 -9.990e-29
 197.760868     -3.020   0.460001    12.9394    -1.9657     -2.995     0.2919    -0.3858 -9.990e-29
 197.760874     -3.001   0.460000    12.9356    -1.9656     -2.976     0.2920    -0.3853 -9.990e-29
 197.760880     -2.978   0.459999    12.9328    -1.9662     -2.953     0.2920    -0.3849 -9.990e-29
 197.760885     -2.951   0.459999    12.9300    -1.9665     -2.926     0.2920    -0.3845 -9.990e-29
 197.760891     -2.923   0.459998    12.9282    -1.9664     -2.899     0.2920    -0.3843 -9.990e-29
 197.760897     -2.896   0.459997    12.9277    -1.9664     -2.872     0.2920    -0.3842 -9.990e-29
 197.760903     -2.867   0.459995    12.9266    -1.9667     -2.843     0.2920    -0.3841 -9.990e-29
 197.760909     -2.841   0.459993    12.9236    -1.9668     -2.817     0.2920    -0.3837 -9.990e-29
 197.760914     -2.819   0.459989    12.9199    -1.9670     -2.795     0.2921    -0.3832 -9.990e-29
 197.760920     -2.799   0.459979    12.9164    -1.9672     -2.776     0.2921    -0.3827 -9.990e-29
 197.760926     -2.781   0.459951    12.9123    -1.9672     -2.758     0.2921    -0.3822 -9.990e-29
 197.760932     -2.764   0.459868    12.9065    -1.9674     -2.741     0.2921    -0.3815 -9.990e-29
 197.760938     -2.745   0.459621    12.9016    -1.9672     -2.722     0.2920    -0.3810 -9.990e-29
 197.760943     -2.725   0.459435    12.8994    -1.9670     -2.702     0.2918    -0.3808 -9.990e-29
 197.760949     -2.702   0.459618    12.8975    -1.9669     -2.679     0.2920    -0.3804 -9.990e-29
 197.760955     -2.675   0.459862    12.8942    -1.9667     -2.653     0.2922    -0.3799 -9.990e-29
 197.760961     -2.645   0.459938    12.8903    -1.9667     -2.623     0.2922    -0.3793 -9.990e-29
 197.760966     -2.620   0.459951    12.8867    -1.9666     -2.598     0.2923    -0.3788 -9.990e-29
 197.760972     -2.598   0.459918    12.8839    -1.9665     -2.576     0.2923    -0.3785 -9.990e-29
 197.760978     -2.574   0.459797    12.8821    -1.9664     -2.553     0.2922    -0.3783 -9.990e-29
 197.760984     -2.549   0.459426    12.8817    -1.9663     -2.528     0.2920    -0.3784 -9.990e-29
 197.760990     -2.528   0.458866    12.8834    -1.9660     -2.507     0.2916    -0.3789 -9.990e-29
 197.760995     -2.508   0.458482    12.8862    -1.9658     -2.487     0.2913    -0.3795 -9.990e-29
 197.761001     -2.488   0.458317    12.8892    -1.9656     -2.467     0.2912    -0.3800 -9.990e-29
 197.761007     -2.466   0.458151    12.8924    -1.9651     -2.445     0.2911    -0.3805 -9.990e-29
 197.761013     -2.443   0.457766    12.8949    -1.9650     -2.423     0.2908    -0.3810 -9.990e-29
 197.761019     -2.420   0.457203    12.8969    -1.9649     -2.400     0.2904    -0.3816 -9.990e-29
 197.761024     -2.400   0.456821    12.8994    -1.9649     -2.380     0.2901    -0.3821 -9.990e-29
 197.761030     -2.377   0.456668    12.9029    -1.9651     -2.357     0.2900    -0.3826 -9.990e-29
 197.761036     -2.351   0.456540    12.9069    -1.9653     -2.331     0.2899    -0.3832 -9.990e-29
 197.761042     -2.328   0.456269    12.9115    -1.9653     -2.309     0.2897    -0.3840 -9.990e-29
 197.761047     -2.310   0.456047    12.9167    -1.9652     -2.291     0.2895    -0.3848 -9.990e-29
 197.761053     -2.297   0.456133    12.9222    -1.9652     -2.278     0.2895    -0.3855 -9.990e-29
 197.761059     -2.288   0.456091    12.9278    -1.9651     -2.269     0.2895    -0.3862 -9.990e-29
 197.761065     -2.278   0.455864    12.9323    -1.9652     -2.259     0.2893    -0.3869 -9.990e-29
 197.761071     -2.263   0.455705    12.9346    -1.9651     -2.244     0.2891    -0.3873 -9.990e-29
 197.761076     -2.244   0.455405    12.9346    -1.9653     -2.225     0.2890    -0.3875 -9.990e-29
 197.761082     -2.227   0.455120    12.9326    -1.9652     -2.208     0.2888    -0.3873 -9.990e-29
 197.761088     -2.208   0.455025    12.9305    -1.9653     -2.190     0.2887    -0.3871 -9.990e-29
 197.761094     -2.192   0.454994    12.9296    -1.9653     -2.174     0.2887    -0.3870 -9.990e-29
 197.761100     -2.182   0.454987    12.9299    -1.9652     -2.164     0.2887    -0.3871 -9.990e-29
 197.761105     -2.173   0.454996    12.9304    -1.9651     -2.155     0.2887    -0.3871 -9.990e-29
 197.761111     -2.160   0.455035    12.9309    -1.9651     -2.142     0.2887    -0.3872 -9.990e-29
 197.761117     -2.142   0.455156    12.9312    -1.9650     -2.124     0.2888    -0.3871 -9.990e-29
 197.761123     -2.122   0.455524    12.9309    -1.9650     -2.104     0.2891    -0.3869 -9.990e-29
 197.761128     -2.104   0.456076    12.9304    -1.9652     -2.086     0.2894    -0.3866 -9.990e-29
 197.761134     -2.085   0.456440    12.9300    -1.9651     -2.068     0.2897    -0.3863 -9.990e-29
 197.761140     -2.066   0.456549    12.9298    -1.9649     -2.049     0.2897    -0.3862 -9.990e-29
 197.761146     -2.044   0.456548    12.9303    -1.9649     -2.027     0.2897    -0.3863 -9.990e-29
 197.761152     -2.023   0.456437    12.9317    -1.9647     -2.006     0.2896    -0.3865 -9.990e-29
 197.761157     -2.006   0.456070    12.9330    -1.9646     -1.989     0.2894    -0.3869 -9.990e-29
 197.761163     -1.991   0.455512    12.9340    -1.9643     -1.974     0.2890    -0.3873 -9.990e-29
 197.761169     -1.977   0.455128    12.9347    -1.9641     -1.961     0.2888    -0.3876 -9.990e-29
 197.761175     -1.965   0.454963    12.9348    -1.9640     -1.949     0.2887    -0.3877 -9.990e-29
 197.761181     -1.952   0.454798    12.9349    -1.9639     -1.936     0.2886    -0.3878 -9.990e-29
 197.761186     -1.938   0.454413    12.9363    -1.9639     -1.922     0.2883    -0.3882 -9.990e-29
 197.761192     -1.922   0.453853    12.9386    -1.9639     -1.906     0.2879    -0.3888 -9.990e-29
 197.761198     -1.903   0.453481    12.9409    -1.9641     -1.887     0.2876    -0.3893 -9.990e-29
 197.761204     -1.880   0.453355    12.9438    -1.9640     -1.864     0.2875    -0.3897 -9.990e-29
 197.761209     -1.852   0.453309    12.9479    -1.9639     -1.837     0.2875    -0.3903 -9.990e-29
 197.761215     -1.820   0.453281    12.9526    -1.9635     -1.805     0.2874    -0.3909 -9.990e-29
 197.761221     -1.792   0.453234    12.9568    -1.9637     -1.777     0.2874    -0.3915 -9.990e-29
 197.761227     -1.771   0.453109    12.9598    -1.9637     -1.756     0.2873    -0.3920 -9.990e-29
 197.761233     -1.754   0.452738    12.9614    -1.9637     -1.739     0.2870    -0.3924 -9.990e-29
 197.761238     -1.740   0.452183    12.9619    -1.9637     -1.725     0.2866    -0.3927 -9.990e-29
 197.761244     -1.729   0.451815    12.9617    -1.9638     -1.715     0.2864    -0.3929 -9.990e-29
 197.761250     -1.720   0.451700    12.9614    -1.9639     -1.706     0.2863    -0.3929 -9.990e-29
 197.761256     -1.713   0.451686    12.9623    -1.9642     -1.699     0.2863    -0.3930 -9.990e-29
 197.761262     -1.707   0.451754    12.9648    -1.9640     -1.693     0.2863    -0.3933 -9.990e-29
 197.761267     -1.701   0.451996    12.9675    -1.9640     -1.687     0.2865    -0.3936 -9.990e-29
 197.761273     -1.696   0.452183    12.9683    -1.9641     -1.682     0.2866    -0.3936 -9.990e-29
 197.761279     -1.690   0.452009    12.9680    -1.9641     -1.676     0.2865    -0.3936 -9.990e-29
 197.761285     -1.684   0.451798    12.9676    -1.9642     -1.670     0.2864    -0.3937 -9.990e-29
 197.761291     -1.677   0.451824    12.9666    -1.9644     -1.663     0.2864    -0.3935 -9.990e-29
 197.761296     -1.669   0.452124    12.9648    -1.9644     -1.655     0.2866    -0.3931 -9.990e-29
 197.761302     -1.660   0.452545    12.9626    -1.9643     -1.646     0.2869    -0.3926 -9.990e-29
 197.761308     -1.648   0.452540    12.9611    -1.9644     -1.634     0.2869    -0.3924 -9.990e-29
 197.761314     -1.637   0.452106    12.9605    -1.9644     -1.623     0.2866    -0.3926 -9.990e-29
 197.761319     -1.630   0.451772    12.9599    -1.9646     -1.616     0.2864    -0.3927 -9.990e-29
 197.761325     -1.624   0.451648    12.9587    -1.9645     -1.610     0.2863    -0.3926 -9.990e-29
 197.761331     -1.613   0.451569    12.9574    -1.9645     -1.600     0.2863    -0.3924 -9.990e-29
 197.761337     -1.597   0.451432    12.9560    -1.9645     -1.584     0.2862    -0.3923 -9.990e-29
 197.761343     -1.575   0.451058    12.9548    -1.9644     -1.562     0.2860    -0.3923 -9.990e-29
 197.761348     -1.548   0.450502    12.9541    -1.9643     -1.535     0.2856    -0.3925 -9.990e-29
 197.761354     -1.526   0.450131    12.9537    -1.9643     -1.513     0.2854    -0.3927 -9.990e-29
 197.761360     -1.505   0.450006    12.9534    -1.9641     -1.492     0.2853    -0.3927 -9.990e-29
 197.761366     -1.481   0.449964    12.9529    -1.9639     -1.469     0.2853    -0.3926 -9.990e-29
 197.761372     -1.455   0.449946    12.9521    -1.9637     -1.443     0.2853    -0.3926 -9.990e-29
 197.761377     -1.436   0.449928    12.9517    -1.9638     -1.424     0.2852    -0.3925 -9.990e-29
 197.761383     -1.425   0.449886    12.9521    -1.9637     -1.413     0.2852    -0.3926 -9.990e-29
 197.761389     -1.419   0.449764    12.9530    -1.9636     -1.407     0.2851    -0.3928 -9.990e-29
 197.761395     -1.412   0.449399    12.9543    -1.9635     -1.400     0.2849    -0.3931 -9.990e-29
 197.761400     -1.404   0.448858    12.9559    -1.9635     -1.392     0.2845    -0.3936 -9.990e-29
 197.761406     -1.395   0.448528    12.9579    -1.9634     -1.383     0.2843    -0.3940 -9.990e-29
 197.761412     -1.383   0.448523    12.9610    -1.9633     -1.371     0.2843    -0.3945 -9.990e-29
 197.761418     -1.369   0.448838    12.9646    -1.9633     -1.358     0.2844    -0.3948 -9.990e-29
 197.761424     -1.351   0.449338    12.9676    -1.9633     -1.340     0.2847    -0.3949 -9.990e-29
 197.761429     -1.328   0.449580    12.9695    -1.9631     -1.317     0.2849    -0.3950 -9.990e-29
 197.761435     -1.303   0.449332    12.9711    -1.9629     -1.292     0.2847    -0.3954 -9.990e-29
 197.761441     -1.283   0.448818    12.9728    -1.9627     -1.272     0.2844    -0.3959 -9.990e-29
 197.761447     -1.271   0.448462    12.9745    -1.9626     -1.260     0.2841    -0.3963 -9.990e-29
 197.761453     -1.261   0.448342    12.9761    -1.9626     -1.250     0.2840    -0.3965 -9.990e-29
 197.761458     -1.250   0.448300    12.9777    -1.9626     -1.240     0.2840    -0.3968 -9.990e-29
 197.761464     -1.240   0.448278    12.9792    -1.9625     -1.230     0.2840    -0.3970 -9.990e-29
 197.761470     -1.235   0.448248    12.9805    -1.9626     -1.225     0.2839    -0.3972 -9.990e-29
 197.761476     -1.231   0.448169    12.9826    -1.9625     -1.221     0.2839    -0.3975 -9.990e-29
 197.761481     -1.223   0.447935    12.9859    -1.9625     -1.213     0.2837    -0.3981 -9.990e-29
 197.761487     -1.214   0.447786    12.9894    -1.9623     -1.204     0.2836    -0.3986 -9.990e-29
 197.761493     -1.209   0.448079    12.9924    -1.9623     -1.199     0.2837    -0.3988 -9.990e-29
 197.761499     -1.203   0.448649    12.9946    -1.9622     -1.193     0.2841    -0.3988 -9.990e-29
 197.761505     -1.192   0.449149    12.9960    -1.9621     -1.182     0.2844    -0.3988 -9.990e-29
 197.761510     -1.178   0.449137    12.9969    -1.9621     -1.168     0.2844    -0.3989 -9.990e-29
 197.761516     -1.165   0.448595    12.9978    -1.9620     -1.155     0.2840    -0.3993 -9.990e-29
 197.761522     -1.153   0.447909    12.9985    -1.9619     -1.143     0.2836    -0.3997 -9.990e-29
 197.761528     -1.140   0.447274    12.9995    -1.9619     -1.130     0.2832    -0.4002 -9.990e-29
 197.761534     -1.126   0.446951    13.0010    -1.9618     -1.117     0.2829    -0.4006 -9.990e-29
 197.761539     -1.114   0.447064    13.0026    -1.9618     -1.105     0.2830    -0.4007 -9.990e-29
 197.761545     -1.108   0.447208    13.0042    -1.9614     -1.099     0.2831    -0.4009 -9.990e-29
 197.761551     -1.103   0.447020    13.0060    -1.9613     -1.094     0.2830    -0.4012 -9.990e-29
 197.761557     -1.095   0.446805    13.0078    -1.9612     -1.086     0.2828    -0.4015 -9.990e-29
