data/oxygen options/OCNMS/OCNMS1/raw_data/2021/CAST_CA042_210716faedb.cnv
* Sea-Bird SBE 19 Data File:
* FileName = C:\2021 Mooring Data\Casts\CAST_CA042_210716.hex
* Software Version SeatermAF 2.1.2
* Temperature SN = 2997
* Conductivity SN = 2997
* System UpLoad Time = Jul 16 2021 20:59:05 (localtime) = Jul 16 2021 20:59:05 (UTC)
** CAST_CA042_210716
* ds
# nquan = 9
# nvalues = 40                          
# units = specified
# name 0 = timeJ: Julian Days
# name 1 = prSM: Pressure, Strain Gauge [db]
# name 2 = c0mS/cm: Conductivity [mS/cm]
# name 3 = t090C: Temperature [ITS-90, deg C]
# name 4 = sbeox0ML/L: Oxygen, SBE 43 [ml/l]
# name 5 = depSM: Depth [salt water, m], lat = 47.5
# name 6 = sal00: Salinity, Practical [PSU]
# name 7 = sigma-é00: Density [sigma-theta, kg/m^3]
# name 8 = flag: flag
# span 0 = 197.830892, 197.831475       
# span 1 =      2.000,     41.000       
# span 2 =  34.267624,  36.616590       
# span 3 =     7.3837,    11.0546       
# span 4 =     1.9173,     5.1543       
# span 5 =      1.984,     40.654       
# span 6 =    32.5387,    33.4864       
# span 7 =    24.8500,    26.1741       
# span 8 = 0.0000e+00, 0.0000e+00       
# interval = decibars: 1                
# start_time = Jul 16 2021 19:49:26 [Instrument's time stamp, header]
# bad_flag = -9.990e-29
*END*
 197.830892      2.000  36.616590    11.0546     5.1543      1.984    32.5387    24.8500 0.0000e+00
 197.830917      3.000  36.337232    10.6026     4.9329      2.975    32.6633    25.0256 0.0000e+00
 197.830938      4.000  36.164943    10.4158     4.9015      3.967    32.6578    25.0536 0.0000e+00
 197.830956      5.000  36.108944    10.3396     4.8744      4.958    32.6696    25.0757 0.0000e+00
 197.830972      6.000  36.083399    10.3148     4.8468      5.950    32.6657    25.0769 0.0000e+00
 197.830989      7.000  36.059647    10.2739     4.8633      6.941    32.6782    25.0936 0.0000e+00
 197.831005      8.000  36.034343    10.2540     4.8449      7.933    32.6702    25.0907 0.0000e+00
 197.831021      9.000  36.034928    10.2464     4.7494      8.925    32.6772    25.0975 0.0000e+00
 197.831035     10.000  36.024486    10.2056     4.6451      9.916    32.7030    25.1245 0.0000e+00
 197.831048     11.000  35.964153    10.0963     4.5585     10.908    32.7404    25.1720 0.0000e+00
 197.831060     12.000  35.911373    10.0281     4.4346     11.899    32.7482    25.1896 0.0000e+00
 197.831072     13.000  35.860736     9.9448     4.2767     12.891    32.7719    25.2219 0.0000e+00
 197.831083     14.000  35.764840     9.8052     4.0773     13.883    32.8009    25.2676 0.0000e+00
 197.831095     15.000  35.684609     9.6385     3.9037     14.874    32.8707    25.3494 0.0000e+00
 197.831107     16.000  35.527981     9.4271     3.7909     15.866    32.9033    25.4091 0.0000e+00
 197.831119     17.000  35.373738     9.2842     3.6815     16.858    32.8754    25.4102 0.0000e+00
 197.831131     18.000  35.288579     9.1061     3.5918     17.849    32.9511    25.4976 0.0000e+00
 197.831144     19.000  35.188452     8.9734     3.5679     18.841    32.9695    25.5329 0.0000e+00
 197.831156     20.000  35.111427     8.8629     3.6015     19.832    32.9914    25.5672 0.0000e+00
 197.831169     21.000  35.085866     8.7988     3.6029     20.823    33.0239    25.6026 0.0000e+00
 197.831183     22.000  35.093492     8.8025     3.6461     21.815    33.0280    25.6053 0.0000e+00
 197.831198     23.000  35.094860     8.7933     3.6051     22.807    33.0376    25.6142 0.0000e+00
 197.831211     24.000  35.075036     8.7675     3.6057     23.798    33.0404    25.6204 0.0000e+00
 197.831225     25.000  35.056503     8.7513     3.5750     24.790    33.0358    25.6193 0.0000e+00
 197.831238     26.000  35.039836     8.7453     3.5065     25.782    33.0234    25.6105 0.0000e+00
 197.831252     27.000  35.025483     8.7253     3.3924     26.773    33.0265    25.6160 0.0000e+00
 197.831266     28.000  34.975270     8.6711     3.2716     27.764    33.0240    25.6224 0.0000e+00
 197.831280     29.000  34.899562     8.6135     3.1132     28.756    32.9979    25.6107 0.0000e+00
 197.831294     30.000  34.825468     8.5075     2.9359     29.748    33.0186    25.6431 0.0000e+00
 197.831309     31.000  34.725416     8.3822     2.8136     30.739    33.0301    25.6710 0.0000e+00
 197.831324     32.000  34.645215     8.2223     2.7040     31.731    33.0951    25.7457 0.0000e+00
 197.831340     33.000  34.604183     8.1690     2.4116     32.722    33.1014    25.7585 0.0000e+00
 197.831355     34.000  34.535544     7.9596     2.1251     33.713    33.2261    25.8872 0.0000e+00
 197.831371     35.000  34.411711     7.7560     2.0469     34.705    33.2869    25.9644 0.0000e+00
 197.831386     36.000  34.366472     7.6109     2.0065     35.696    33.3767    26.0557 0.0000e+00
 197.831402     37.000  34.329038     7.5231     2.0273     36.688    33.4202    26.1024 0.0000e+00
 197.831419     38.000  34.300073     7.5004     2.0039     37.680    33.4103    26.0978 0.0000e+00
 197.831435     39.000  34.286030     7.4687     1.9640     38.671    33.4251    26.1140 0.0000e+00
 197.831453     40.000  34.276834     7.4447     1.9196     39.662    33.4378    26.1274 0.0000e+00
 197.831475     41.000  34.267624     7.3837     1.9173     40.654    33.4864    26.1741 0.0000e+00
