data/oxygen options/OCNMS/OCNMS1/raw_data/2021/CAST_CE042_210715faedb.cnv
* Sea-Bird SBE 19 Data File:
* FileName = C:\2021 Mooring Data\Casts\CAST_CE042_210715.hex
* Software Version SeatermAF 2.1.2
* Temperature SN = 2997
* Conductivity SN = 2997
* System UpLoad Time = Jul 15 2021 20:17:29 (localtime) = Jul 15 2021 20:17:29 (UTC)
** CAST_CE042_210715
* ds
# nquan = 9
# nvalues = 42                          
# units = specified
# name 0 = timeJ: Julian Days
# name 1 = prSM: Pressure, Strain Gauge [db]
# name 2 = c0mS/cm: Conductivity [mS/cm]
# name 3 = t090C: Temperature [ITS-90, deg C]
# name 4 = sbeox0ML/L: Oxygen, SBE 43 [ml/l]
# name 5 = depSM: Depth [salt water, m], lat = 47.5
# name 6 = sal00: Salinity, Practical [PSU]
# name 7 = sigma-é00: Density [sigma-theta, kg/m^3]
# name 8 = flag: flag
# span 0 = 196.778883, 196.779847       
# span 1 =      2.000,     43.000       
# span 2 =  34.568889,  36.407523       
# span 3 =     7.4043,    10.4346       
# span 4 =     0.7838,     4.4970       
# span 5 =      1.983,     42.637       
# span 6 =    32.8659,    33.7944       
# span 7 =    25.2276,    26.4131       
# span 8 = 0.0000e+00, 0.0000e+00       
# interval = decibars: 1                
# start_time = Jul 15 2021 18:35:01 [Instrument's time stamp, header]
# bad_flag = -9.990e-29
*END*
 196.778883      2.000  36.407523    10.4346     4.4970      1.983    32.8854    25.2276 0.0000e+00
 196.778917      3.000  36.351255    10.3560     4.4626      2.975    32.8995    25.2521 0.0000e+00
 196.778944      4.000  36.275004    10.3078     4.3832      3.967    32.8659    25.2341 0.0000e+00
 196.778968      5.000  36.231629    10.2069     4.3358      4.958    32.9132    25.2881 0.0000e+00
 196.778991      6.000  36.210067    10.1475     4.2480      5.950    32.9450    25.3230 0.0000e+00
 196.779015      7.000  36.210898    10.1184     4.1505      6.941    32.9719    25.3489 0.0000e+00
 196.779038      8.000  36.194991    10.0783     3.7599      7.933    32.9918    25.3712 0.0000e+00
 196.779061      9.000  36.105896     9.8843     3.4093      8.925    33.0784    25.4711 0.0000e+00
 196.779084     10.000  35.965794     9.7216     2.6043      9.916    33.0847    25.5029 0.0000e+00
 196.779106     11.000  35.578035     9.1886     2.3023     10.908    33.1778    25.6617 0.0000e+00
 196.779129     12.000  35.445935     8.9278     1.6334     11.900    33.2839    25.7858 0.0000e+00
 196.779150     13.000  35.018574     8.4891     1.4599     12.891    33.2473    25.8249 0.0000e+00
 196.779171     14.000  34.880245     8.3499     1.2862     13.883    33.2321    25.8339 0.0000e+00
 196.779194     15.000  34.725091     8.0512     1.1253     14.874    33.3504    25.9711 0.0000e+00
 196.779215     16.000  34.646955     7.7558     1.0833     15.866    33.5489    26.1701 0.0000e+00
 196.779234     17.000  34.645320     7.7085     1.0701     16.857    33.5924    26.2110 0.0000e+00
 196.779256     18.000  34.650755     7.7026     0.9814     17.849    33.6035    26.2206 0.0000e+00
 196.779277     19.000  34.640661     7.6231     0.8532     18.840    33.6690    26.2835 0.0000e+00
 196.779297     20.000  34.602156     7.5393     0.8442     19.832    33.7082    26.3263 0.0000e+00
 196.779317     21.000  34.589794     7.5025     0.8259     20.824    33.7300    26.3487 0.0000e+00
 196.779338     22.000  34.583908     7.4895     0.8049     21.815    33.7358    26.3552 0.0000e+00
 196.779359     23.000  34.582314     7.4756     0.8119     22.807    33.7472    26.3661 0.0000e+00
 196.779378     24.000  34.579147     7.4644     0.7838     23.798    33.7542    26.3732 0.0000e+00
 196.779398     25.000  34.578369     7.4577     0.8021     24.790    33.7594    26.3782 0.0000e+00
 196.779419     26.000  34.584869     7.4622     0.7874     25.781    33.7616    26.3793 0.0000e+00
 196.779438     27.000  34.582275     7.4574     0.7899     26.773    33.7629    26.3811 0.0000e+00
 196.779456     28.000  34.577352     7.4512     0.7947     27.764    33.7632    26.3822 0.0000e+00
 196.779474     29.000  34.575096     7.4460     0.7839     28.756    33.7653    26.3846 0.0000e+00
 196.779499     30.000  34.583084     7.4548     0.7900     29.748    33.7649    26.3830 0.0000e+00
 196.779522     31.000  34.579232     7.4418     0.8057     30.739    33.7729    26.3912 0.0000e+00
 196.779540     32.000  34.571449     7.4270     0.8012     31.730    33.7784    26.3976 0.0000e+00
 196.779560     33.000  34.572638     7.4288     0.7908     32.722    33.7774    26.3966 0.0000e+00
 196.779583     34.000  34.576149     7.4282     0.7939     33.713    33.7813    26.3998 0.0000e+00
 196.779602     35.000  34.570938     7.4211     0.8143     34.705    33.7821    26.4014 0.0000e+00
 196.779624     36.000  34.571469     7.4177     0.8165     35.696    33.7856    26.4046 0.0000e+00
 196.779646     37.000  34.570466     7.4151     0.8102     36.688    33.7865    26.4057 0.0000e+00
 196.779668     38.000  34.571296     7.4115     0.8173     37.679    33.7905    26.4093 0.0000e+00
 196.779689     39.000  34.568919     7.4078     0.8149     38.671    33.7910    26.4103 0.0000e+00
 196.779713     40.000  34.571131     7.4082     0.8108     39.662    33.7925    26.4115 0.0000e+00
 196.779735     41.000  34.568889     7.4043     0.8080     40.654    33.7934    26.4127 0.0000e+00
 196.779757     42.000  34.569431     7.4044     0.7984     41.645    33.7934    26.4127 0.0000e+00
 196.779847     43.000  34.573061     7.4069     0.7987     42.637    33.7944    26.4131 0.0000e+00
