data/oxygen options/OCNMS/OCNMS1/raw_data/2021/CAST_MB015_210826faed.cnv
* Sea-Bird SBE 19 Data File:
* FileName = C:\2021 Mooring Data\Casts\CAST_MB015_210826.hex
* Software Version SeatermAF 2.1.2
* Temperature SN = 2997
* Conductivity SN = 2997
* System UpLoad Time = Aug 26 2021 21:33:54 (localtime) = Aug 26 2021 21:33:54 (UTC)
** CAST_MB015_210826
* ds
# nquan = 9                                 
# nvalues = 1438                        
# units = specified
# name 0 = timeJ: Julian Days
# name 1 = prSM: Pressure, Strain Gauge [db]
# name 2 = c0mS/cm: Conductivity [mS/cm]
# name 3 = t090C: Temperature [ITS-90, deg C]
# name 4 = sbeox0ML/L: Oxygen, SBE 43 [ml/l]
# name 5 = depSM: Depth [salt water, m], lat = 47.5
# name 6 = sal00: Salinity, Practical [PSU]
# name 7 = sigma-é00: Density [sigma-theta, kg/m^3]
# name 8 = flag: flag
# span 0 = 238.879259, 238.887575       
# span 1 =     -4.958,     10.188       
# span 2 =   0.213371,  38.376768       
# span 3 =    11.5725,    15.4632       
# span 4 =   -11.6454,    15.5197       
# span 5 =     -4.917,     10.103       
# span 6 =     0.1267,    32.8962       
# span 7 =    -0.8320,    24.9048       
# span 8 = 0.0000e+00, 0.0000e+00       
# interval = seconds: 0.5
# start_time = Aug 26 2021 21:06:08 [Instrument's time stamp, header]
# bad_flag = -9.990e-29
*END*
[from data line 161]
 238.880191     -1.672   0.218322    15.1462    -1.8741     -1.658     0.1296    -0.8206 -9.990e-29
 238.880197     -1.661   0.218322    15.1523    -1.8741     -1.647     0.1296    -0.8216 -9.990e-29
 238.880203     -1.648   0.218322    15.1560    -1.8743     -1.634     0.1296    -0.8222 -9.990e-29
 238.880208     -1.636   0.218322    15.1583    -1.8742     -1.622     0.1295    -0.8225 -9.990e-29
 238.880214     -1.628   0.218322    15.1594    -1.8740     -1.614     0.1295    -0.8227 -9.990e-29
 238.880220     -1.621   0.218322    15.1591    -1.8738     -1.607     0.1295    -0.8226 -9.990e-29
 238.880226     -1.613   0.218322    15.1585    -1.8737     -1.600     0.1295    -0.8225 -9.990e-29
 238.880231     -1.608   0.218323    15.1590    -1.8738     -1.595     0.1295    -0.8226 -9.990e-29
 238.880237     -1.602   0.218323    15.1598    -1.8737     -1.589     0.1295    -0.8227 -9.990e-29
 238.880243     -1.594   0.218323    15.1599    -1.8734     -1.581     0.1295    -0.8228 -9.990e-29
 238.880249     -1.588   0.218323    15.1593    -1.8730     -1.575     0.1295    -0.8227 -9.990e-29
 238.880255     -1.580   0.218323    15.1590    -1.8727     -1.567     0.1295    -0.8226 -9.990e-29
 238.880260     -1.568   0.218322    15.1604    -1.8725     -1.555     0.1295    -0.8228 -9.990e-29
 238.880266     -1.557   0.218319    15.1637    -1.8723     -1.544     0.1295    -0.8233 -9.990e-29
 238.880272     -1.541   0.218310    15.1672    -1.8722     -1.528     0.1295    -0.8239 -9.990e-29
 238.880278     -1.520   0.218282    15.1694    -1.8720     -1.507     0.1295    -0.8243 -9.990e-29
 238.880284     -1.500   0.218199    15.1710    -1.8721     -1.487     0.1294    -0.8245 -9.990e-29
 238.880289     -1.485   0.217948    15.1744    -1.8721     -1.473     0.1293    -0.8252 -9.990e-29
 238.880295     -1.473   0.217749    15.1806    -1.8721     -1.461     0.1291    -0.8262 -9.990e-29
 238.880301     -1.464   0.217893    15.1884    -1.8721     -1.452     0.1292    -0.8274 -9.990e-29
 238.880307     -1.458   0.218017    15.1957    -1.8722     -1.446     0.1293    -0.8285 -9.990e-29
 238.880313     -1.453   0.217731    15.2014    -1.8724     -1.441     0.1291    -0.8295 -9.990e-29
 238.880318     -1.450   0.217205    15.2059    -1.8725     -1.438     0.1287    -0.8304 -9.990e-29
 238.880324     -1.448   0.216848    15.2093    -1.8726     -1.436     0.1285    -0.8311 -9.990e-29
 238.880330     -1.448   0.216737    15.2116    -1.8727     -1.436     0.1284    -0.8315 -9.990e-29
 238.880336     -1.445   0.216724    15.2125    -1.8727     -1.433     0.1284    -0.8317 -9.990e-29
 238.880341     -1.434   0.216793    15.2125    -1.8729     -1.422     0.1285    -0.8316 -9.990e-29
 238.880347     -1.419   0.217035    15.2119    -1.8730     -1.407     0.1286    -0.8314 -9.990e-29
 238.880353     -1.404   0.217218    15.2106    -1.8732     -1.392     0.1287    -0.8312 -9.990e-29
 238.880359     -1.387   0.217033    15.2084    -1.8734     -1.375     0.1286    -0.8309 -9.990e-29
 238.880365     -1.367   0.216787    15.2056    -1.8736     -1.356     0.1285    -0.8306 -9.990e-29
 238.880370     -1.344   0.216705    15.2029    -1.8740     -1.333     0.1285    -0.8302 -9.990e-29
 238.880376     -1.316   0.216678    15.2008    -1.8742     -1.305     0.1284    -0.8299 -9.990e-29
 238.880382     -1.284   0.216669    15.1991    -1.8743     -1.273     0.1284    -0.8296 -9.990e-29
 238.880388     -1.256   0.216666    15.1972    -1.8745     -1.246     0.1284    -0.8293 -9.990e-29
 238.880394     -1.235   0.216665    15.1944    -1.8748     -1.225     0.1285    -0.8289 -9.990e-29
 238.880399     -1.218   0.216665    15.1908    -1.8751     -1.208     0.1285    -0.8283 -9.990e-29
 238.880405     -1.205   0.216665    15.1863    -1.8753     -1.195     0.1285    -0.8276 -9.990e-29
 238.880411     -1.194   0.216665    15.1809    -1.8755     -1.184     0.1285    -0.8268 -9.990e-29
 238.880417     -1.186   0.216665    15.1746    -1.8757     -1.176     0.1285    -0.8258 -9.990e-29
 238.880422     -1.180   0.216666    15.1679    -1.8759     -1.170     0.1285    -0.8248 -9.990e-29
 238.880428     -1.175   0.216666    15.1624    -1.8763     -1.165     0.1285    -0.8239 -9.990e-29
 238.880434     -1.172   0.216666    15.1579    -1.8766     -1.162     0.1286    -0.8232 -9.990e-29
 238.880440     -1.169   0.216666    15.1526    -1.8769     -1.159     0.1286    -0.8224 -9.990e-29
 238.880446     -1.166   0.216666    15.1462    -1.8773     -1.156     0.1286    -0.8214 -9.990e-29
 238.880451     -1.164   0.216666    15.1397    -1.8776     -1.154     0.1286    -0.8204 -9.990e-29
 238.880457     -1.163   0.216666    15.1339    -1.8778     -1.153     0.1286    -0.8195 -9.990e-29
 238.880463     -1.161   0.216667    15.1286    -1.8780     -1.151     0.1286    -0.8187 -9.990e-29
 238.880469     -1.160   0.216667    15.1231    -1.8784     -1.150     0.1287    -0.8178 -9.990e-29
 238.880475     -1.159   0.216667    15.1166    -1.8786     -1.149     0.1287    -0.8168 -9.990e-29
 238.880480     -1.158   0.216667    15.1088    -1.8785     -1.148     0.1287    -0.8156 -9.990e-29
 238.880486     -1.157   0.216667    15.1004    -1.8784     -1.147     0.1287    -0.8143 -9.990e-29
 238.880492     -1.155   0.216667    15.0921    -1.8781     -1.145     0.1287    -0.8130 -9.990e-29
 238.880498     -1.153   0.216668    15.0840    -1.8780     -1.143     0.1288    -0.8118 -9.990e-29
 238.880503     -1.151   0.216668    15.0765    -1.8779     -1.141     0.1288    -0.8106 -9.990e-29
 238.880509     -1.149   0.216668    15.0698    -1.8778     -1.139     0.1288    -0.8096 -9.990e-29
 238.880515     -1.146   0.216668    15.0637    -1.8779     -1.136     0.1288    -0.8086 -9.990e-29
 238.880521     -1.142   0.216668    15.0582    -1.8778     -1.132     0.1288    -0.8078 -9.990e-29
 238.880527     -1.137   0.216668    15.0548    -1.8778     -1.128     0.1289    -0.8073 -9.990e-29
 238.880532     -1.131   0.216669    15.0549    -1.8778     -1.122     0.1289    -0.8073 -9.990e-29
 238.880538     -1.122   0.216669    15.0577    -1.8778     -1.113     0.1289    -0.8077 -9.990e-29
 238.880544     -1.116   0.216669    15.0612    -1.8778     -1.107     0.1288    -0.8082 -9.990e-29
 238.880550     -1.116   0.216669    15.0642    -1.8778     -1.107     0.1288    -0.8087 -9.990e-29
 238.880556     -1.117   0.216669    15.0663    -1.8773     -1.108     0.1288    -0.8090 -9.990e-29
 238.880561     -1.115   0.216669    15.0679    -1.8770     -1.106     0.1288    -0.8093 -9.990e-29
 238.880567     -1.107   0.216670    15.0691    -1.8765     -1.098     0.1288    -0.8095 -9.990e-29
 238.880573     -1.091   0.216670    15.0700    -1.8761     -1.082     0.1288    -0.8096 -9.990e-29
 238.880579     -1.075   0.216670    15.0706    -1.8760     -1.066     0.1288    -0.8097 -9.990e-29
 238.880584     -1.062   0.216670    15.0710    -1.8762     -1.053     0.1288    -0.8098 -9.990e-29
 238.880590     -1.051   0.216670    15.0715    -1.8762     -1.042     0.1288    -0.8098 -9.990e-29
 238.880596     -1.037   0.216670    15.0728    -1.8762     -1.028     0.1288    -0.8100 -9.990e-29
 238.880602     -1.021   0.216670    15.0766    -1.8760     -1.012     0.1288    -0.8106 -9.990e-29
 238.880608     -1.008   0.216670    15.0838    -1.8757     -1.000     0.1288    -0.8117 -9.990e-29
 238.880613     -0.999   0.216669    15.0930    -1.8755     -0.991     0.1287    -0.8132 -9.990e-29
 238.880619     -0.988   0.216666    15.1023    -1.8754     -0.980     0.1287    -0.8146 -9.990e-29
 238.880625     -0.974   0.216657    15.1099    -1.8752     -0.966     0.1287    -0.8158 -9.990e-29
 238.880631     -0.958   0.216630    15.1134    -1.8752     -0.950     0.1287    -0.8163 -9.990e-29
 238.880637     -0.941   0.216548    15.1134    -1.8755     -0.933     0.1286    -0.8164 -9.990e-29
 238.880642     -0.928   0.216302    15.1132    -1.8755     -0.920     0.1285    -0.8164 -9.990e-29
 238.880648     -0.917   0.216118    15.1150    -1.8754     -0.909     0.1284    -0.8168 -9.990e-29
 238.880654     -0.907   0.216303    15.1190    -1.8755     -0.899     0.1285    -0.8173 -9.990e-29
 238.880660     -0.899   0.216549    15.1241    -1.8756     -0.891     0.1286    -0.8180 -9.990e-29
 238.880666     -0.892   0.216631    15.1286    -1.8758     -0.885     0.1286    -0.8187 -9.990e-29
 238.880671     -0.884   0.216658    15.1320    -1.8759     -0.877     0.1286    -0.8192 -9.990e-29
 238.880677     -0.876   0.216665    15.1342    -1.8757     -0.869     0.1286    -0.8195 -9.990e-29
 238.880683     -0.868   0.216664    15.1341    -1.8755     -0.861     0.1286    -0.8195 -9.990e-29
 238.880689     -0.862   0.216652    15.1321    -1.8754     -0.855     0.1286    -0.8192 -9.990e-29
 238.880694     -0.863   0.216612    15.1308    -1.8754     -0.856     0.1286    -0.8190 -9.990e-29
 238.880700     -0.866   0.216491    15.1306    -1.8753     -0.859     0.1285    -0.8190 -9.990e-29
 238.880706     -0.868   0.216126    15.1296    -1.8753     -0.861     0.1283    -0.8191 -9.990e-29
 238.880712     -0.868   0.215584    15.1272    -1.8753     -0.861     0.1280    -0.8189 -9.990e-29
 238.880718     -0.867   0.215251    15.1246    -1.8753     -0.860     0.1278    -0.8187 -9.990e-29
 238.880723     -0.865   0.215238    15.1241    -1.8754     -0.858     0.1278    -0.8186 -9.990e-29
 238.880729     -0.861   0.215525    15.1264    -1.8753     -0.854     0.1280    -0.8188 -9.990e-29
 238.880735     -0.855   0.215943    15.1293    -1.8755     -0.848     0.1282    -0.8191 -9.990e-29
 238.880741     -0.847   0.215938    15.1314    -1.8756     -0.840     0.1282    -0.8194 -9.990e-29
 238.880747     -0.837   0.215506    15.1327    -1.8757     -0.830     0.1279    -0.8198 -9.990e-29
 238.880752     -0.827   0.215178    15.1338    -1.8758     -0.820     0.1277    -0.8201 -9.990e-29
 238.880758     -0.822   0.215068    15.1345    -1.8757     -0.815     0.1277    -0.8203 -9.990e-29
 238.880764     -0.816   0.215032    15.1347    -1.8757     -0.809     0.1277    -0.8204 -9.990e-29
 238.880770     -0.806   0.215020    15.1346    -1.8755     -0.799     0.1276    -0.8203 -9.990e-29
 238.880775     -0.791   0.215016    15.1344    -1.8756     -0.784     0.1276    -0.8203 -9.990e-29
 238.880781     -0.773   0.215015    15.1334    -1.8757     -0.767     0.1276    -0.8202 -9.990e-29
 238.880787     -0.761   0.215015    15.1311    -1.8758     -0.755     0.1277    -0.8198 -9.990e-29
 238.880793     -0.758   0.215016    15.1280    -1.8758     -0.752     0.1277    -0.8193 -9.990e-29
 238.880799     -0.759   0.215016    15.1258    -1.8759     -0.753     0.1277    -0.8190 -9.990e-29
 238.880804     -0.752   0.215016    15.1253    -1.8758     -0.746     0.1277    -0.8189 -9.990e-29
 238.880810     -0.731   0.215016    15.1261    -1.8758     -0.725     0.1277    -0.8190 -9.990e-29
 238.880816     -0.710   0.215017    15.1274    -1.8759     -0.704     0.1277    -0.8192 -9.990e-29
 238.880822     -0.694   0.215017    15.1284    -1.8760     -0.688     0.1277    -0.8194 -9.990e-29
 238.880828     -0.682   0.215017    15.1283    -1.8759     -0.676     0.1277    -0.8194 -9.990e-29
 238.880833     -0.674   0.215017    15.1271    -1.8759     -0.668     0.1277    -0.8192 -9.990e-29
 238.880839     -0.670   0.215018    15.1256    -1.8759     -0.664     0.1277    -0.8190 -9.990e-29
 238.880845     -0.669   0.215018    15.1242    -1.8757     -0.663     0.1277    -0.8187 -9.990e-29
 238.880851     -0.671   0.215018    15.1234    -1.8756     -0.665     0.1277    -0.8186 -9.990e-29
 238.880856     -0.676   0.215018    15.1232    -1.8754     -0.670     0.1277    -0.8186 -9.990e-29
 238.880862     -0.680   0.215019    15.1229    -1.8752     -0.674     0.1277    -0.8185 -9.990e-29
 238.880868     -0.680   0.215019    15.1219    -1.8750     -0.674     0.1277    -0.8184 -9.990e-29
 238.880874     -0.678   0.215019    15.1207    -1.8748     -0.672     0.1277    -0.8182 -9.990e-29
 238.880880     -0.681   0.215020    15.1205    -1.8748     -0.675     0.1277    -0.8182 -9.990e-29
 238.880885     -0.683   0.215020    15.1214    -1.8750     -0.677     0.1277    -0.8183 -9.990e-29
 238.880891     -0.681   0.215020    15.1232    -1.8751     -0.675     0.1277    -0.8186 -9.990e-29
 238.880897     -0.678   0.215020    15.1261    -1.8752     -0.672     0.1277    -0.8190 -9.990e-29
 238.880903     -0.674   0.215021    15.1297    -1.8752     -0.668     0.1277    -0.8196 -9.990e-29
 238.880909     -0.665   0.215021    15.1337    -1.8753     -0.659     0.1276    -0.8202 -9.990e-29
 238.880914     -0.655   0.215021    15.1381    -1.8754     -0.650     0.1276    -0.8209 -9.990e-29
 238.880920     -0.647   0.215021    15.1424    -1.8756     -0.642     0.1276    -0.8216 -9.990e-29
 238.880926     -0.640   0.215022    15.1453    -1.8757     -0.635     0.1276    -0.8220 -9.990e-29
 238.880932     -0.635   0.215022    15.1456    -1.8757     -0.630     0.1276    -0.8220 -9.990e-29
 238.880937     -0.630   0.215022    15.1439    -1.8758     -0.625     0.1276    -0.8218 -9.990e-29
 238.880943     -0.626   0.215022    15.1418    -1.8757     -0.621     0.1276    -0.8215 -9.990e-29
 238.880949     -0.623   0.215023    15.1400    -1.8756     -0.618     0.1276    -0.8212 -9.990e-29
 238.880955     -0.619   0.215023    15.1384    -1.8757     -0.614     0.1276    -0.8209 -9.990e-29
 238.880961     -0.616   0.215023    15.1365    -1.8758     -0.611     0.1276    -0.8206 -9.990e-29
 238.880966     -0.612   0.215024    15.1337    -1.8759     -0.607     0.1277    -0.8202 -9.990e-29
 238.880972     -0.608   0.215024    15.1306    -1.8761     -0.603     0.1277    -0.8197 -9.990e-29
 238.880978     -0.602   0.215024    15.1282    -1.8763     -0.597     0.1277    -0.8193 -9.990e-29
 238.880984     -0.596   0.215024    15.1269    -1.8763     -0.591     0.1277    -0.8191 -9.990e-29
 238.880990     -0.588   0.215025    15.1265    -1.8760     -0.583     0.1277    -0.8191 -9.990e-29
 238.880995     -0.578   0.215025    15.1268    -1.8758     -0.573     0.1277    -0.8191 -9.990e-29
 238.881001     -0.569   0.215025    15.1266    -1.8756     -0.564     0.1277    -0.8191 -9.990e-29
 238.881007     -0.566   0.215025    15.1251    -1.8754     -0.561     0.1277    -0.8189 -9.990e-29
 238.881013     -0.563   0.215026    15.1227    -1.8752     -0.558     0.1277    -0.8185 -9.990e-29
 238.881019     -0.557   0.215026    15.1197    -1.8750     -0.552     0.1277    -0.8180 -9.990e-29
 238.881024     -0.547   0.215026    15.1166    -1.8749     -0.542     0.1277    -0.8176 -9.990e-29
 238.881030     -0.533   0.215026    15.1148    -1.8748     -0.529     0.1277    -0.8173 -9.990e-29
 238.881036     -0.516   0.215025    15.1159    -1.8748     -0.512     0.1277    -0.8174 -9.990e-29
 238.881042     -0.502   0.215022    15.1200    -1.8749     -0.498     0.1277    -0.8181 -9.990e-29
 238.881047     -0.489   0.215012    15.1252    -1.8751     -0.485     0.1277    -0.8189 -9.990e-29
 238.881053     -0.480   0.214981    15.1302    -1.8754     -0.476     0.1276    -0.8197 -9.990e-29
 238.881059     -0.480   0.214889    15.1349    -1.8757     -0.476     0.1276    -0.8204 -9.990e-29
 238.881065     -0.483   0.214611    15.1394    -1.8758     -0.479     0.1274    -0.8213 -9.990e-29
 238.881071     -0.482   0.214331    15.1436    -1.8760     -0.478     0.1272    -0.8221 -9.990e-29
 238.881076     -0.472   0.214229    15.1471    -1.8765     -0.468     0.1271    -0.8226 -9.990e-29
 238.881082     -0.457   0.214168    15.1490    -1.8767     -0.453     0.1271    -0.8230 -9.990e-29
 238.881088     -0.445   0.214067    15.1487    -1.8767     -0.441     0.1270    -0.8230 -9.990e-29
 238.881094     -0.434   0.213791    15.1461    -1.8767     -0.430     0.1269    -0.8227 -9.990e-29
 238.881100     -0.420   0.213526    15.1413    -1.8768     -0.416     0.1267    -0.8221 -9.990e-29
 238.881105     -0.406   0.213473    15.1353    -1.8771     -0.403     0.1267    -0.8212 -9.990e-29
