data/oxygen options/OCNMS/OCNMS1/raw_data/2021/CAST_CA042_210827faedb.cnv
* Sea-Bird SBE 19 Data File:
* FileName = C:\2021 Mooring Data\Casts\CAST_CA042_210827.hex
* Software Version SeatermAF 2.1.2
* Temperature SN = 2997
* Conductivity SN = 2997
* System UpLoad Time = Aug 27 2021 23:37:52 (localtime) = Aug 27 2021 23:37:52 (UTC)
** CAST_CA042_210827
* ds
# nquan = 9
# nvalues = 41                          
# units = specified
# name 0 = timeJ: Julian Days
# name 1 = prSM: Pressure, Strain Gauge [db]
# name 2 = c0mS/cm: Conductivity [mS/cm]
# name 3 = t090C: Temperature [ITS-90, deg C]
# name 4 = sbeox0ML/L: Oxygen, SBE 43 [ml/l]
# name 5 = depSM: Depth [salt water, m], lat = 47.5
# name 6 = sal00: Salinity, Practical [PSU]
# name 7 = sigma-é00: Density [sigma-theta, kg/m^3]
# name 8 = flag: flag
# span 0 = 239.923686, 239.924974       
# span 1 =      1.000,     41.000       
# span 2 =  34.560222,  37.690418       
# span 3 =     7.7198,    12.5675       
# span 4 =     2.8219,     6.1930       
# span 5 =      0.991,     40.653       
# span 6 =    32.2626,    33.4809       
# span 7 =    24.3568,    26.1222       
# span 8 = 0.0000e+00, 0.0000e+00       
# interval = decibars: 1                
# start_time = Aug 27 2021 22:04:39 [Instrument's time stamp, header]
# bad_flag = -9.990e-29
*END*
 239.923686      1.000  37.690418    12.5675     6.1930      0.991    32.2626    24.3568 0.0000e+00
 239.923714      2.000  37.676212    12.5149     5.7092      1.983    32.2938    24.3910 0.0000e+00
 239.923744      3.000  37.671489    12.4606     5.5831      2.975    32.3356    24.4338 0.0000e+00
 239.923776      4.000  37.647586    12.2409     5.5084      3.967    32.5024    24.6047 0.0000e+00
 239.923810      5.000  37.543463    12.0454     5.9791      4.958    32.5718    24.6953 0.0000e+00
 239.923842      6.000  37.292939    11.7970     6.0160      5.950    32.5459    24.7214 0.0000e+00
 239.923879      7.000  37.063235    11.6464     5.4891      6.941    32.4540    24.6776 0.0000e+00
 239.923911      8.000  36.732127    11.2173     4.9040      7.933    32.5063    24.7957 0.0000e+00
 239.923941      9.000  36.286097    10.6455     4.6425      8.925    32.5712    24.9466 0.0000e+00
 239.923970     10.000  36.030095    10.2746     4.6807      9.916    32.6467    25.0689 0.0000e+00
 239.923995     11.000  35.675805     9.8723     4.6316     10.908    32.6506    25.1392 0.0000e+00
 239.924021     12.000  35.544251     9.7001     4.5450     11.899    32.6723    25.1843 0.0000e+00
 239.924051     13.000  35.474658     9.6488     4.4296     12.891    32.6473    25.1733 0.0000e+00
 239.924091     14.000  35.402803     9.5222     4.2516     13.883    32.6885    25.2259 0.0000e+00
 239.924151     15.000  35.311685     9.3722     4.3231     14.874    32.7315    25.2836 0.0000e+00
 239.924191     16.000  35.244206     9.2953     4.3609     15.866    32.7319    25.2962 0.0000e+00
 239.924218     17.000  35.242758     9.2865     4.3863     16.857    32.7380    25.3024 0.0000e+00
 239.924244     18.000  35.258086     9.2994     4.3779     17.849    32.7416    25.3032 0.0000e+00
 239.924269     19.000  35.258785     9.2959     4.3947     18.841    32.7451    25.3065 0.0000e+00
 239.924291     20.000  35.306781     9.3315     4.4178     19.832    32.7615    25.3137 0.0000e+00
 239.924312     21.000  35.356282     9.3648     4.4252     20.824    32.7815    25.3241 0.0000e+00
 239.924335     22.000  35.375968     9.3751     4.4338     21.815    32.7919    25.3305 0.0000e+00
 239.924362     23.000  35.417908     9.4137     4.4748     22.807    32.7993    25.3301 0.0000e+00
 239.924389     24.000  35.466283     9.4630     4.5286     23.798    32.8034    25.3254 0.0000e+00
 239.924412     25.000  35.577545     9.5378     4.5171     24.790    32.8487    25.3488 0.0000e+00
 239.924433     26.000  35.588222     9.5377     4.4398     25.781    32.8593    25.3571 0.0000e+00
 239.924455     27.000  35.563052     9.5033     4.4353     26.773    32.8645    25.3668 0.0000e+00
 239.924483     28.000  35.569190     9.5003     4.4027     27.764    32.8732    25.3740 0.0000e+00
 239.924509     29.000  35.588173     9.4632     4.2860     28.756    32.9263    25.4215 0.0000e+00
 239.924530     30.000  35.566732     9.3613     4.2047     29.748    32.9976    25.4937 0.0000e+00
 239.924551     31.000  35.535774     9.3048     4.1693     30.739    33.0174    25.5182 0.0000e+00
 239.924577     32.000  35.499037     9.2341     4.1538     31.730    33.0444    25.5506 0.0000e+00
 239.924607     33.000  35.473346     9.2143     3.9629     32.722    33.0357    25.5469 0.0000e+00
 239.924635     34.000  35.320044     8.9309     3.6097     33.713    33.1394    25.6726 0.0000e+00
 239.924659     35.000  35.108292     8.6582     3.4006     34.705    33.1725    25.7408 0.0000e+00
 239.924682     36.000  34.972768     8.4922     3.4321     35.696    33.1854    25.7762 0.0000e+00
 239.924710     37.000  34.896838     8.5688     3.5659     36.688    33.0331    25.6452 0.0000e+00
 239.924748     38.000  34.840134     8.1307     2.8219     37.679    33.3861    25.9876 0.0000e+00
 239.924768     39.000  34.595053     7.7922     2.8231     38.671    33.4473    26.0853 0.0000e+00
 239.924788     40.000  34.560222     7.7497     2.8940     39.662    33.4502    26.0937 0.0000e+00
 239.924974     41.000  34.562615     7.7198     2.8571     40.653    33.4809    26.1222 0.0000e+00
