data/oxygen options/OCNMS/OCNMS1/raw_data/2021/CAST_KL015_210608faed.cnv
* Sea-Bird SBE19 Data File:
* FileName = C:\2021 Mooring Data\CTD\CAST_KL015_210608.hex
* Software Version 1.59
* Temperature SN = 2997
* Conductivity SN = 2997
* System UpLoad Time = Jun 08 2021 19:48:28
** CAST_KL015_210608
* ds
# nquan = 9                                 
# nvalues = 741                         
# units = specified
# name 0 = timeJ: Julian Days
# name 1 = prSM: Pressure, Strain Gauge [db]
# name 2 = c0mS/cm: Conductivity [mS/cm]
# name 3 = t090C: Temperature [ITS-90, deg C]
# name 4 = sbeox0ML/L: Oxygen, SBE 43 [ml/l]
# name 5 = depSM: Depth [salt water, m], lat = 47.5
# name 6 = sal00: Salinity, Practical [PSU]
# name 7 = sigma-é00: Density [sigma-theta, kg/m^3]
# name 8 = flag: flag
# span 0 = 159.817465, 159.821748       
# span 1 =     -5.125,     16.935       
# span 2 =   0.447213,  36.782424       
# span 3 =     9.6558,    14.1073       
# span 4 =    -1.9935,    14.3774       
# span 5 =     -5.082,     16.793       
# span 6 =     0.2880,    32.8022       
# span 7 =    -0.5286,    25.2932       
# span 8 = 0.0000e+00, 0.0000e+00       
# interval = seconds: 0.5
# start_time = Jun 08 2021 19:37:09 [Instrument's time stamp, header]
# bad_flag = -9.990e-29
*END*
[from data line 161]
 159.818397     -1.769   0.515147    13.9977    -1.9184     -1.754     0.3195    -0.5053 -9.990e-29
 159.818403     -1.759   0.514613    14.0212    -1.9182     -1.744     0.3190    -0.5090 -9.990e-29
 159.818409     -1.753   0.513030    14.0410    -1.9175     -1.738     0.3178    -0.5126 -9.990e-29
 159.818414     -1.750   0.511060    14.0517    -1.9165     -1.735     0.3165    -0.5152 -9.990e-29
 159.818420     -1.746   0.509399    14.0509    -1.9155     -1.731     0.3154    -0.5159 -9.990e-29
 159.818426     -1.737   0.508605    14.0421    -1.9153     -1.723     0.3150    -0.5150 -9.990e-29
 159.818432     -1.726   0.508726    14.0339    -1.9151     -1.712     0.3151    -0.5137 -9.990e-29
 159.818437     -1.717   0.509367    14.0297    -1.9151     -1.703     0.3156    -0.5128 -9.990e-29
 159.818443     -1.709   0.509720    14.0266    -1.9149     -1.695     0.3158    -0.5122 -9.990e-29
 159.818449     -1.702   0.509147    14.0255    -1.9151     -1.688     0.3155    -0.5123 -9.990e-29
 159.818455     -1.695   0.507990    14.0309    -1.9150     -1.681     0.3147    -0.5137 -9.990e-29
 159.818461     -1.688   0.506925    14.0442    -1.9148     -1.674     0.3139    -0.5161 -9.990e-29
 159.818466     -1.680   0.506193    14.0621    -1.9145     -1.666     0.3133    -0.5191 -9.990e-29
 159.818472     -1.672   0.505369    14.0787    -1.9147     -1.658     0.3126    -0.5220 -9.990e-29
 159.818478     -1.661   0.503909    14.0894    -1.9150     -1.647     0.3116    -0.5243 -9.990e-29
 159.818484     -1.649   0.502084    14.0951    -1.9159     -1.635     0.3104    -0.5260 -9.990e-29
 159.818490     -1.633   0.500783    14.0985    -1.9167     -1.619     0.3096    -0.5271 -9.990e-29
 159.818495     -1.613   0.500487    14.1003    -1.9175     -1.600     0.3094    -0.5275 -9.990e-29
 159.818501     -1.593   0.500803    14.1009    -1.9177     -1.580     0.3095    -0.5275 -9.990e-29
 159.818507     -1.574   0.501043    14.1026    -1.9175     -1.561     0.3097    -0.5276 -9.990e-29
 159.818513     -1.556   0.500972    14.1058    -1.9181     -1.543     0.3096    -0.5281 -9.990e-29
 159.818519     -1.542   0.500492    14.1073    -1.9208     -1.529     0.3093    -0.5286 -9.990e-29
 159.818524     -1.536   0.499519    14.1038    -1.9235     -1.523     0.3087    -0.5285 -9.990e-29
 159.818530     -1.531   0.498417    14.0943    -1.9268     -1.518     0.3081    -0.5277 -9.990e-29
 159.818536     -1.521   0.497378    14.0799    -1.9305     -1.508     0.3075    -0.5261 -9.990e-29
 159.818542     -1.503   0.496123    14.0637    -1.9335     -1.490     0.3068    -0.5243 -9.990e-29
 159.818547     -1.486   0.494640    14.0498    -1.9360     -1.474     0.3060    -0.5230 -9.990e-29
 159.818553     -1.473   0.493169    14.0396    -1.9374     -1.461     0.3051    -0.5223 -9.990e-29
 159.818559     -1.463   0.491965    14.0276    -1.9382     -1.451     0.3045    -0.5211 -9.990e-29
 159.818565     -1.455   0.491083    14.0008    -1.9395     -1.443     0.3041    -0.5177 -9.990e-29
 159.818571     -1.448   0.490456    13.9527    -1.9403     -1.436     0.3041    -0.5110 -9.990e-29
 159.818576     -1.443   0.490355    13.8894    -1.9409     -1.431     0.3045    -0.5019 -9.990e-29
 159.818582     -1.439   0.490644    13.8173    -1.9421     -1.427     0.3052    -0.4914 -9.990e-29
 159.818588     -1.435   0.490601    13.7428    -1.9436     -1.423     0.3058    -0.4807 -9.990e-29
 159.818594     -1.432   0.490165    13.6751    -1.9444     -1.420     0.3060    -0.4713 -9.990e-29
 159.818600     -1.429   0.489865    13.6207    -1.9450     -1.417     0.3062    -0.4638 -9.990e-29
 159.818605     -1.427   0.489853    13.5814    -1.9455     -1.415     0.3065    -0.4583 -9.990e-29
 159.818611     -1.424   0.490111    13.5522    -1.9468     -1.412     0.3069    -0.4541 -9.990e-29
 159.818617     -1.421   0.490430    13.5271    -1.9485     -1.409     0.3073    -0.4504 -9.990e-29
 159.818623     -1.418   0.490125    13.5049    -1.9502     -1.406     0.3073    -0.4474 -9.990e-29
 159.818628     -1.414   0.488788    13.4835    -1.9514     -1.402     0.3066    -0.4451 -9.990e-29
 159.818634     -1.409   0.486852    13.4592    -1.9528     -1.397     0.3055    -0.4427 -9.990e-29
 159.818640     -1.402   0.485062    13.4340    -1.9541     -1.390     0.3045    -0.4401 -9.990e-29
 159.818646     -1.394   0.483799    13.4125    -1.9552     -1.382     0.3039    -0.4378 -9.990e-29
 159.818652     -1.384   0.483043    13.3943    -1.9568     -1.372     0.3035    -0.4356 -9.990e-29
 159.818657     -1.376   0.482337    13.3737    -1.9581     -1.365     0.3032    -0.4331 -9.990e-29
 159.818663     -1.372   0.481296    13.3464    -1.9592     -1.361     0.3028    -0.4299 -9.990e-29
 159.818669     -1.370   0.480193    13.3132    -1.9598     -1.359     0.3023    -0.4259 -9.990e-29
 159.818675     -1.364   0.479773    13.2785    -1.9602     -1.353     0.3023    -0.4214 -9.990e-29
 159.818681     -1.358   0.480581    13.2456    -1.9609     -1.347     0.3031    -0.4165 -9.990e-29
 159.818686     -1.356   0.482032    13.2147    -1.9616     -1.345     0.3042    -0.4115 -9.990e-29
 159.818692     -1.353   0.482733    13.1852    -1.9625     -1.342     0.3049    -0.4071 -9.990e-29
 159.818698     -1.346   0.481956    13.1560    -1.9630     -1.335     0.3046    -0.4036 -9.990e-29
 159.818704     -1.334   0.480329    13.1263    -1.9636     -1.323     0.3038    -0.4004 -9.990e-29
 159.818709     -1.320   0.479005    13.0983    -1.9646     -1.309     0.3031    -0.3973 -9.990e-29
 159.818715     -1.308   0.478436    13.0752    -1.9658     -1.297     0.3030    -0.3945 -9.990e-29
 159.818721     -1.297   0.478417    13.0577    -1.9672     -1.286     0.3031    -0.3921 -9.990e-29
 159.818727     -1.286   0.478368    13.0433    -1.9680     -1.275     0.3032    -0.3902 -9.990e-29
 159.818733     -1.274   0.477667    13.0287    -1.9692     -1.263     0.3028    -0.3886 -9.990e-29
 159.818738     -1.261   0.476488    13.0129    -1.9706     -1.250     0.3022    -0.3871 -9.990e-29
 159.818744     -1.246   0.475474    12.9965    -1.9716     -1.236     0.3016    -0.3854 -9.990e-29
 159.818750     -1.232   0.474935    12.9803    -1.9727     -1.222     0.3014    -0.3836 -9.990e-29
 159.818756     -1.219   0.474705    12.9631    -1.9733     -1.209     0.3014    -0.3814 -9.990e-29
 159.818762     -1.201   0.474476    12.9423    -1.9739     -1.191     0.3014    -0.3787 -9.990e-29
 159.818767     -1.181   0.473943    12.9176    -1.9749     -1.171     0.3012    -0.3757 -9.990e-29
 159.818773     -1.163   0.472947    12.8919    -1.9755     -1.153     0.3008    -0.3729 -9.990e-29
 159.818779     -1.145   0.471824    12.8668    -1.9762     -1.135     0.3002    -0.3701 -9.990e-29
 159.818785     -1.126   0.471291    12.8412    -1.9773     -1.117     0.3001    -0.3670 -9.990e-29
 159.818791     -1.105   0.471745    12.8153    -1.9782     -1.096     0.3005    -0.3634 -9.990e-29
 159.818796     -1.090   0.472682    12.7910    -1.9787     -1.081     0.3013    -0.3597 -9.990e-29
 159.818802     -1.087   0.473134    12.7697    -1.9792     -1.078     0.3018    -0.3567 -9.990e-29
 159.818808     -1.092   0.472595    12.7514    -1.9799     -1.083     0.3016    -0.3546 -9.990e-29
 159.818814     -1.101   0.471454    12.7341    -1.9808     -1.092     0.3010    -0.3529 -9.990e-29
 159.818819     -1.111   0.470404    12.7166    -1.9817     -1.102     0.3004    -0.3512 -9.990e-29
 159.818825     -1.118   0.469707    12.6996    -1.9827     -1.109     0.3001    -0.3494 -9.990e-29
 159.818831     -1.122   0.468988    12.6817    -1.9837     -1.113     0.2997    -0.3474 -9.990e-29
 159.818837     -1.124   0.467842    12.6626    -1.9844     -1.115     0.2991    -0.3455 -9.990e-29
 159.818843     -1.124   0.466403    12.6451    -1.9848     -1.115     0.2983    -0.3440 -9.990e-29
 159.818848     -1.121   0.464967    12.6303    -1.9849     -1.112     0.2975    -0.3428 -9.990e-29
 159.818854     -1.116   0.463837    12.6162    -1.9853     -1.107     0.2968    -0.3416 -9.990e-29
 159.818860     -1.108   0.463166    12.6003    -1.9855     -1.099     0.2965    -0.3399 -9.990e-29
 159.818866     -1.097   0.462614    12.5818    -1.9857     -1.088     0.2963    -0.3378 -9.990e-29
 159.818872     -1.082   0.461996    12.5620    -1.9854     -1.073     0.2960    -0.3356 -9.990e-29
 159.818877     -1.063   0.461597    12.5422    -1.9856     -1.054     0.2959    -0.3333 -9.990e-29
 159.818883     -1.041   0.461438    12.5239    -1.9861     -1.032     0.2959    -0.3310 -9.990e-29
 159.818889     -1.025   0.461306    12.5091    -1.9866     -1.016     0.2960    -0.3292 -9.990e-29
 159.818895     -1.017   0.461025    12.4987    -1.9869     -1.009     0.2959    -0.3280 -9.990e-29
 159.818900     -1.017   0.460776    12.4912    -1.9874     -1.009     0.2958    -0.3272 -9.990e-29
 159.818906     -1.021   0.460781    12.4850    -1.9881     -1.012     0.2958    -0.3264 -9.990e-29
 159.818912     -1.021   0.460492    12.4805    -1.9891     -1.012     0.2956    -0.3260 -9.990e-29
 159.818918     -1.012   0.459523    12.4787    -1.9897     -1.004     0.2950    -0.3263 -9.990e-29
 159.818924     -0.998   0.458242    12.4776    -1.9898     -0.990     0.2942    -0.3268 -9.990e-29
 159.818929     -0.982   0.457159    12.4736    -1.9901     -0.974     0.2935    -0.3268 -9.990e-29
 159.818935     -0.963   0.456491    12.4660    -1.9906     -0.955     0.2931    -0.3262 -9.990e-29
 159.818941     -0.945   0.455904    12.4571    -1.9908     -0.937     0.2928    -0.3254 -9.990e-29
 159.818947     -0.930   0.455167    12.4478    -1.9909     -0.922     0.2924    -0.3246 -9.990e-29
 159.818953     -0.917   0.454407    12.4362    -1.9917     -0.909     0.2919    -0.3235 -9.990e-29
 159.818958     -0.907   0.453718    12.4213    -1.9922     -0.899     0.2916    -0.3220 -9.990e-29
 159.818964     -0.897   0.453290    12.4059    -1.9923     -0.890     0.2914    -0.3203 -9.990e-29
 159.818970     -0.888   0.453107    12.3938    -1.9923     -0.881     0.2914    -0.3189 -9.990e-29
 159.818976     -0.879   0.452924    12.3858    -1.9921     -0.872     0.2913    -0.3180 -9.990e-29
 159.818981     -0.869   0.452496    12.3790    -1.9935     -0.862     0.2911    -0.3173 -9.990e-29
 159.818987     -0.858   0.451808    12.3718    -1.9922     -0.851     0.2907    -0.3168 -9.990e-29
 159.818993     -0.849   0.451050    12.3649    -1.9910     -0.842     0.2902    -0.3163 -9.990e-29
 159.818999     -0.846   0.450319    12.3574    -1.9910     -0.839     0.2898    -0.3157 -9.990e-29
 159.819005     -0.844   0.449748    12.3480    -1.9905     -0.837     0.2895    -0.3149 -9.990e-29
 159.819010     -0.844   0.449131    12.3394    -1.9889     -0.837     0.2892    -0.3141 -9.990e-29
 159.819016     -0.850   0.448199    12.3345    -1.9888     -0.843     0.2886    -0.3140 -9.990e-29
 159.819022     -0.857   0.447373    12.3321    -1.9891     -0.850     0.2880    -0.3141 -9.990e-29
 159.819028     -0.862   0.447213    12.3285    -1.9890     -0.855     0.2880    -0.3137 -9.990e-29
 159.819034     -0.865   0.448059    12.3263    -1.9882     -0.858     0.2885    -0.3130 -9.990e-29
 159.819039     -0.867   0.450486    12.3337    -1.9874     -0.860     0.2901    -0.3127 -9.990e-29
 159.819045     -0.868   0.455511    12.3460    -1.9863     -0.861     0.2934    -0.3116 -9.990e-29
 159.819051     -0.867   0.464847    12.3562    -1.9856     -0.860     0.2995    -0.3081 -9.990e-29
 159.819057     -0.864   0.477641    12.3680    -1.9846     -0.857     0.3079    -0.3029 -9.990e-29
 159.819063     -0.860   0.490446    12.3803    -1.9835     -0.853     0.3163    -0.2978 -9.990e-29
 159.819068     -0.854   0.504265    12.3859    -1.9828     -0.847     0.3255    -0.2913 -9.990e-29
 159.819074     -0.846   0.521449    12.3863    -1.9824     -0.839     0.3370    -0.2824 -9.990e-29
 159.819080     -0.835   0.539971    12.3894    -1.9821     -0.828     0.3493    -0.2731 -9.990e-29
 159.819086     -0.824   0.557924    12.3985    -1.9822     -0.817     0.3613    -0.2649 -9.990e-29
 159.819091     -0.818   0.576521    12.4126    -1.9827     -0.811     0.3736    -0.2570 -9.990e-29
 159.819097     -0.812   0.596172    12.4295    -1.9827     -0.805     0.3866    -0.2489 -9.990e-29
 159.819103     -0.801   0.614259    12.4475    -1.9826     -0.794     0.3986    -0.2417 -9.990e-29
 159.819109     -0.788   0.628847    12.4659    -1.9833     -0.781     0.4082    -0.2364 -9.990e-29
 159.819115     -0.782   0.640541    12.4829    -1.9839     -0.775     0.4159    -0.2325 -9.990e-29
 159.819120     -0.782   0.651632    12.4957    -1.9843     -0.775     0.4233    -0.2283 -9.990e-29
 159.819126     -0.783   0.664158    12.5039    -1.9844     -0.776     0.4316    -0.2228 -9.990e-29
 159.819132     -0.786   0.677085    12.5080    -1.9836     -0.779     0.4403    -0.2165 -9.990e-29
 159.819138     -0.787   0.686033    12.5074    -1.9832     -0.780     0.4463    -0.2117 -9.990e-29
 159.819144     -0.785   0.688521    12.5042    -1.9829     -0.778     0.4480    -0.2100 -9.990e-29
 159.819149     -0.785   0.686758    12.5018    -1.9825     -0.778     0.4469    -0.2106 -9.990e-29
 159.819155     -0.783   0.682826    12.4985    -1.9818     -0.776     0.4443    -0.2123 -9.990e-29
 159.819161     -0.774   0.677579    12.4914    -1.9811     -0.768     0.4408    -0.2141 -9.990e-29
 159.819167     -0.762   0.671781    12.4830    -1.9803     -0.756     0.4370    -0.2161 -9.990e-29
 159.819172     -0.750   0.665459    12.4786    -1.9794     -0.744     0.4328    -0.2188 -9.990e-29
 159.819178     -0.734   0.658499    12.4815    -1.9784     -0.728     0.4280    -0.2229 -9.990e-29
 159.819184     -0.712   0.651045    12.4904    -1.9774     -0.706     0.4229    -0.2279 -9.990e-29
 159.819190     -0.692   0.643686    12.5009    -1.9770     -0.686     0.4178    -0.2332 -9.990e-29
 159.819196     -0.676   0.636588    12.5114    -1.9778     -0.670     0.4130    -0.2382 -9.990e-29
 159.819201     -0.664   0.629155    12.5236    -1.9790     -0.658     0.4078    -0.2437 -9.990e-29
 159.819207     -0.654   0.621453    12.5384    -1.9808     -0.649     0.4025    -0.2497 -9.990e-29
 159.819213     -0.647   0.614299    12.5549    -1.9829     -0.642     0.3975    -0.2556 -9.990e-29
 159.819219     -0.641   0.608683    12.5727    -1.9850     -0.636     0.3936    -0.2608 -9.990e-29
 159.819225     -0.636   0.605433    12.5917    -1.9873     -0.631     0.3912    -0.2650 -9.990e-29
 159.819230     -0.633   0.604092    12.6107    -1.9884     -0.628     0.3901    -0.2682 -9.990e-29
 159.819236     -0.630   0.602872    12.6250    -1.9893     -0.625     0.3892    -0.2707 -9.990e-29
 159.819242     -0.628   0.601256    12.6273    -1.9899     -0.623     0.3881    -0.2718 -9.990e-29
 159.819248     -0.626   0.600969    12.6138    -1.9895     -0.621     0.3880    -0.2702 -9.990e-29
 159.819253     -0.625   0.603291    12.5868    -1.9892     -0.620     0.3898    -0.2655 -9.990e-29
 159.819259     -0.623   0.607991    12.5500    -1.9891     -0.618     0.3933    -0.2582 -9.990e-29
 159.819265     -0.622   0.614130    12.5074    -1.9888     -0.617     0.3979    -0.2495 -9.990e-29
 159.819271     -0.621   0.620473    12.4639    -1.9879     -0.616     0.4026    -0.2405 -9.990e-29
 159.819277     -0.620   0.625499    12.4250    -1.9867     -0.615     0.4064    -0.2329 -9.990e-29
 159.819282     -0.619   0.627594    12.3952    -1.9868     -0.614     0.4081    -0.2280 -9.990e-29
 159.819288     -0.618   0.627335    12.3747    -1.9876     -0.613     0.4082    -0.2255 -9.990e-29
 159.819294     -0.616   0.627703    12.3639    -1.9877     -0.611     0.4085    -0.2239 -9.990e-29
 159.819300     -0.615   0.630851    12.3628    -1.9872     -0.610     0.4107    -0.2221 -9.990e-29
 159.819306     -0.613   0.635432    12.3670    -1.9860     -0.608     0.4137    -0.2202 -9.990e-29
 159.819311     -0.610   0.637576    12.3734    -1.9843     -0.605     0.4151    -0.2199 -9.990e-29
