data/oxygen options/OCNMS/OCNMS1/raw_data/2021/CAST_CA015_210716faed.cnv
* Sea-Bird SBE 19 Data File:
* FileName = C:\2021 Mooring Data\Casts\CAST_CA015_210716.hex
* Software Version SeatermAF 2.1.2
* Temperature SN = 2997
* Conductivity SN = 2997
* System UpLoad Time = Jul 16 2021 22:42:32 (localtime) = Jul 16 2021 22:42:32 (UTC)
** CAST_CA015_210716
* ds
# nquan = 9                                 
# nvalues = 746                         
# units = specified
# name 0 = timeJ: Julian Days
# name 1 = prSM: Pressure, Strain Gauge [db]
# name 2 = c0mS/cm: Conductivity [mS/cm]
# name 3 = t090C: Temperature [ITS-90, deg C]
# name 4 = sbeox0ML/L: Oxygen, SBE 43 [ml/l]
# name 5 = depSM: Depth [salt water, m], lat = 47.5
# name 6 = sal00: Salinity, Practical [PSU]
# name 7 = sigma-é00: Density [sigma-theta, kg/m^3]
# name 8 = flag: flag
# span 0 = 197.907720, 197.912031       
# span 1 =     -5.094,     17.584       
# span 2 =   0.361613,  37.272858       
# span 3 =     7.7295,    12.5287       
# span 4 =    -1.9944,    11.8656       
# span 5 =     -5.052,     17.437       
# span 6 =     0.2315,    33.6358       
# span 7 =    -0.3749,    26.2406       
# span 8 = 0.0000e+00, 0.0000e+00       
# interval = seconds: 0.5
# start_time = Jul 16 2021 21:47:07 [Instrument's time stamp, header]
# bad_flag = -9.990e-29
*END*
[from data line 641]
 197.911429     15.608  34.695753     7.7436     2.1241     15.477    33.6135    26.2225 0.0000e+00
 197.911435     15.857  34.696157     7.7463     2.1147     15.724    33.6112    26.2204 0.0000e+00
 197.911441     16.098  34.697495     7.7467     2.0982     15.963    33.6121    26.2210 0.0000e+00
 197.911447     16.336  34.699302     7.7439     2.0999     16.199    33.6167    26.2250 0.0000e+00
 197.911453     16.573  34.699494     7.7385     2.0974     16.434    33.6220    26.2300 0.0000e+00
 197.911458     16.804  34.697197     7.7340     2.0891     16.663    33.6237    26.2320 0.0000e+00
 197.911464     17.017  34.694942     7.7327     2.0907     16.874    33.6225    26.2312 0.0000e+00
 197.911470     17.205  34.694191     7.7339     2.0821     17.061    33.6204    26.2294 0.0000e+00
 197.911476     17.362  34.694491     7.7347     2.0861     17.216    33.6199    26.2289 -9.990e-29
 197.911481     17.482  34.695114     7.7331     2.0919     17.335    33.6220    26.2308 -9.990e-29
 197.911487     17.558  34.695200     7.7308     2.0899     17.411    33.6243    26.2329 -9.990e-29
 197.911493     17.584  34.695415     7.7299     2.0918     17.437    33.6254    26.2339 -9.990e-29
 197.911499     17.543  34.697154     7.7310     2.0917     17.396    33.6262    26.2344 -9.990e-29
 197.911505     17.429  34.701603     7.7341     2.0940     17.283    33.6281    26.2354 -9.990e-29
 197.911510     17.248  34.707403     7.7373     2.0981     17.103    33.6313    26.2375 0.0000e+00
 197.911516     17.009  34.710510     7.7402     2.0898     16.866    33.6320    26.2376 0.0000e+00
 197.911522     16.723  34.711699     7.7428     2.0956     16.583    33.6309    26.2364 0.0000e+00
 197.911528     16.396  34.713669     7.7434     2.0892     16.259    33.6326    26.2376 0.0000e+00
 197.911534     16.039  34.714559     7.7420     2.0893     15.905    33.6351    26.2397 0.0000e+00
 197.911539     15.663  34.713306     7.7400     2.0831     15.532    33.6358    26.2406 0.0000e+00
 197.911545     15.283  34.710476     7.7382     2.0869     15.155    33.6347    26.2400 0.0000e+00
 197.911551     14.912  34.706211     7.7356     2.0846     14.787    33.6328    26.2389 0.0000e+00
 197.911557     14.557  34.702103     7.7321     2.0845     14.435    33.6319    26.2387 0.0000e+00
 197.911563     14.218  34.699390     7.7296     2.0783     14.099    33.6316    26.2388 0.0000e+00
 197.911568     13.884  34.697250     7.7295     2.0902     13.768    33.6295    26.2372 0.0000e+00
 197.911574     13.549  34.696743     7.7314     2.1058     13.435    33.6273    26.2351 0.0000e+00
 197.911580     13.211  34.698867     7.7331     2.1259     13.100    33.6281    26.2355 0.0000e+00
 197.911586     12.876  34.700282     7.7330     2.1286     12.768    33.6299    26.2369 0.0000e+00
 197.911591     12.547  34.699504     7.7326     2.0835     12.442    33.6296    26.2368 0.0000e+00
 197.911597     12.230  34.698853     7.7335     2.1000     12.128    33.6282    26.2355 0.0000e+00
 197.911603     11.925  34.701376     7.7358     2.1190     11.825    33.6288    26.2357 0.0000e+00
 197.911609     11.630  34.705947     7.7388     2.1241     11.533    33.6310    26.2369 0.0000e+00
 197.911615     11.344  34.708005     7.7424     2.1734     11.249    33.6299    26.2355 0.0000e+00
 197.911620     11.065  34.707486     7.7476     2.1903     10.972    33.6244    26.2305 0.0000e+00
 197.911626     10.789  34.708735     7.7561     2.3272     10.699    33.6177    26.2240 0.0000e+00
 197.911632     10.506  34.714528     7.7716     2.4909     10.418    33.6091    26.2150 0.0000e+00
 197.911638     10.212  34.723056     7.8040     2.6548     10.127    33.5872    26.1931 0.0000e+00
 197.911644      9.910  34.740080     7.8686     2.7686      9.827    33.5434    26.1493 0.0000e+00
 197.911649      9.609  34.782128     7.9698     2.8142      9.529    33.4915    26.0937 0.0000e+00
 197.911655      9.321  34.867718     8.0976     2.8620      9.243    33.4607    26.0508 0.0000e+00
 197.911661      9.045  34.989935     8.2304     2.9346      8.969    33.4642    26.0338 0.0000e+00
 197.911667      8.771  35.099363     8.3366     3.0541      8.698    33.4793    26.0297 0.0000e+00
 197.911672      8.496  35.154751     8.4019     3.2403      8.425    33.4759    26.0172 0.0000e+00
 197.911678      8.214  35.161600     8.4410     3.4196      8.145    33.4461    25.9879 0.0000e+00
 197.911684      7.920  35.162114     8.4943     3.5765      7.854    33.3962    25.9407 0.0000e+00
 197.911690      7.621  35.196767     8.5873     3.6554      7.557    33.3449    25.8863 0.0000e+00
 197.911696      7.332  35.279253     8.7153     3.6732      7.271    33.3111    25.8401 0.0000e+00
 197.911701      7.062  35.422043     8.8614     3.6652      7.003    33.3233    25.8271 0.0000e+00
 197.911707      6.801  35.583515     8.9766     3.6609      6.744    33.3838    25.8564 0.0000e+00
 197.911713      6.536  35.676346     9.0330     3.6953      6.481    33.4277    25.8819 0.0000e+00
 197.911719      6.264  35.696553     9.0531     3.7745      6.212    33.4299    25.8805 0.0000e+00
 197.911725      5.990  35.694628     9.0635     3.8949      5.940    33.4183    25.8697 0.0000e+00
 197.911730      5.720  35.696586     9.0799     4.0614      5.672    33.4051    25.8568 0.0000e+00
 197.911736      5.456  35.706711     9.1197     4.2132      5.410    33.3784    25.8296 0.0000e+00
 197.911742      5.193  35.734573     9.1921     4.3194      5.150    33.3396    25.7878 0.0000e+00
 197.911748      4.935  35.781446     9.2809     4.3644      4.894    33.3054    25.7468 0.0000e+00
 197.911753      4.693  35.849294     9.3875     4.3491      4.654    33.2763    25.7069 0.0000e+00
 197.911759      4.472  35.956848     9.5115     4.3074      4.435    33.2719    25.6834 0.0000e+00
 197.911765      4.267  36.060879     9.6099     4.2533      4.231    33.2876    25.6797 0.0000e+00
 197.911771      4.069  36.100570     9.6569     4.2129      4.035    33.2848    25.6698 0.0000e+00
 197.911777      3.873  36.094109     9.6628     4.1589      3.841    33.2728    25.6594 0.0000e+00
 197.911782      3.677  36.079410     9.6426     4.2142      3.646    33.2766    25.6657 0.0000e+00
 197.911788      3.476  36.055930     9.6171     4.2412      3.447    33.2762    25.6696 0.0000e+00
 197.911794      3.270  36.028786     9.6018     4.2773      3.243    33.2626    25.6614 0.0000e+00
 197.911800      3.063  36.025107     9.5988     4.3014      3.037    33.2617    25.6612 0.0000e+00
 197.911806      2.854  36.043899     9.6049     4.2709      2.830    33.2755    25.6709 0.0000e+00
 197.911811      2.645  36.058639     9.6164     4.3113      2.623    33.2800    25.6726 0.0000e+00
 197.911817      2.437  36.063190     9.6343     4.3250      2.417    33.2682    25.6605 0.0000e+00
 197.911823      2.236  36.075384     9.6589     4.3627      2.217    33.2580    25.6485 0.0000e+00
 197.911829      2.045  36.096342     9.6838     4.4012      2.028    33.2565    25.6432 0.0000e+00
 197.911834      1.865  36.108040     9.7083     4.3898      1.849    33.2459    25.6309 0.0000e+00
 197.911840      1.694  36.107576     9.7405     4.3754      1.680    33.2157    25.6020 0.0000e+00
 197.911846      1.528  36.109461     9.7786     4.3328      1.515    33.1826    25.5698 0.0000e+00
 197.911852      1.366  36.130776     9.8138     4.5918      1.355    33.1720    25.5557 0.0000e+00
 197.911858      1.211  36.168548     9.8583     4.8045      1.201    33.1696    25.5465 0.0000e+00
 197.911863      1.066  36.205318     9.9420     5.0206      1.057    33.1302    25.5018 0.0000e+00
 197.911869      0.929  36.239104    10.0648     5.1916      0.921    33.0521    25.4203 -9.990e-29
 197.911875      0.805  36.261698    10.1819     5.5609      0.798    32.9682    25.3351 -9.990e-29
 197.911881      0.703  36.244377    10.2593     5.8842      0.697    32.8804    25.2536 -9.990e-29
 197.911887      0.626  36.169107    10.3033     6.1804      0.621    32.7648    25.1560 -9.990e-29
 197.911892      0.567  36.005047    10.3313     6.3695      0.562    32.5745    25.0029 -9.990e-29
 197.911898      0.525  35.603516    10.3549     6.4752      0.521    32.1501    24.6681 -9.990e-29
 197.911904      0.491  34.472294    10.3797     6.5531      0.487    30.9968    23.7654 -9.990e-29
 197.911910      0.459  31.131662    10.4052     6.5737      0.455    27.6695    21.1712 -9.990e-29
 197.911916      0.427  24.813720    10.4275     6.5820      0.423    21.5429    16.4068 -9.990e-29
 197.911921      0.398  17.511238    10.4437     6.5698      0.395    14.7158    11.1072 -9.990e-29
 197.911927      0.378  11.801262    10.4550     6.5407      0.375     9.5906     7.1301 -9.990e-29
 197.911933      0.370   8.300956    10.4651     6.5431      0.367     6.5625     4.7779 -9.990e-29
 197.911939      0.370   6.244827    10.4768     6.5485      0.367     4.8346     3.4334 -9.990e-29
 197.911944      0.368   5.155799    10.4897     6.5667      0.365     3.9378     2.7342 -9.990e-29
 197.911950      0.365   4.709749    10.5019     6.5742      0.362     3.5742     2.4498 -9.990e-29
 197.911956      0.369   4.474707    10.5120     6.5843      0.366     3.3835     2.3002 -9.990e-29
 197.911962      0.380   4.195617    10.5213     6.5673      0.377     3.1585     2.1239 -9.990e-29
 197.911968      0.390   3.845807    10.5333     6.5768      0.387     2.8782     1.9043 -9.990e-29
 197.911973      0.397   3.591415    10.5504     6.5828      0.394     2.6751     1.7441 -9.990e-29
 197.911979      0.399   3.524704    10.5710 -9.990e-29      0.396     2.6209     1.6998 -9.990e-29
 197.911985      0.398   3.672756    10.5895 -9.990e-29      0.395     2.7366     1.7881 -9.990e-29
 197.911991      0.394   3.841510    10.6036 -9.990e-29      0.391     2.8693     1.8901 -9.990e-29
 197.911997      0.385   3.736786    10.6178 -9.990e-29      0.382     2.7851     1.8230 -9.990e-29
 197.912002      0.372   3.348896    10.6351 -9.990e-29      0.369     2.4780     1.5818 -9.990e-29
 197.912008      0.358   2.871906    10.6536 -9.990e-29      0.355     2.1045     1.2886 -9.990e-29
 197.912014      0.346   2.460860    10.6700 -9.990e-29      0.343     1.7865     1.0387 -9.990e-29
 197.912020      0.335   2.169843    10.6834 -9.990e-29      0.332     1.5636     0.8633 -9.990e-29
 197.912025      0.330   1.980370    10.6894 -9.990e-29      0.327     1.4198     0.7504 -9.990e-29
 197.912031      0.330   1.861164 -9.990e-29 -9.990e-29      0.327 -9.990e-29 -9.990e-29 -9.990e-29
