data/oxygen options/OCNMS/OCNMS1/raw_data/2021/CAST_KL027_210715faed.cnv
* Sea-Bird SBE 19 Data File:
* FileName = C:\2021 Mooring Data\Casts\CAST_KL027_210715.hex
* Software Version SeatermAF 2.1.2
* Temperature SN = 2997
* Conductivity SN = 2997
* System UpLoad Time = Jul 15 2021 23:30:52 (localtime) = Jul 15 2021 23:30:52 (UTC)
** CAST_KL027_210715
* ds
# nquan = 9                                 
# nvalues = 1084                        
# units = specified
# name 0 = timeJ: Julian Days
# name 1 = prSM: Pressure, Strain Gauge [db]
# name 2 = c0mS/cm: Conductivity [mS/cm]
# name 3 = t090C: Temperature [ITS-90, deg C]
# name 4 = sbeox0ML/L: Oxygen, SBE 43 [ml/l]
# name 5 = depSM: Depth [salt water, m], lat = 47.5
# name 6 = sal00: Salinity, Practical [PSU]
# name 7 = sigma-é00: Density [sigma-theta, kg/m^3]
# name 8 = flag: flag
# span 0 = 196.926053, 196.932321       
# span 1 =     -2.100,     28.191       
# span 2 =   0.236531,  37.988095       
# span 3 =     7.3732,    16.6438       
# span 4 =    -1.8847,    10.5443       
# span 5 =     -2.082,     27.954       
# span 6 =     0.1358,    33.7365       
# span 7 =    -1.0577,    26.3708       
# span 8 = 0.0000e+00, 0.0000e+00       
# interval = seconds: 0.5
# start_time = Jul 15 2021 22:13:31 [Instrument's time stamp, header]
# bad_flag = -9.990e-29
*END*
[from data line 801]
 196.930689      1.468  36.522513    10.5917     4.6504      1.456    32.8591    25.1801 -9.990e-29
 196.930694      1.469  36.590869    10.6758     4.6477      1.457    32.8517    25.1598 -9.990e-29
 196.930700      1.478  36.653640    10.7052     4.6321      1.466    32.8879    25.1829 -9.990e-29
 196.930706      1.498  36.687488    10.6914     4.6176      1.485    32.9341    25.2213 -9.990e-29
 196.930712      1.519  36.654596    10.6803     4.6110      1.506    32.9112    25.2054 -9.990e-29
 196.930718      1.539  36.617023    10.6921     4.5892      1.526    32.8631    25.1658 -9.990e-29
 196.930723      1.564  36.631694    10.6902     4.5865      1.551    32.8794    25.1789 -9.990e-29
 196.930729      1.603  36.645294    10.6468     4.5882      1.590    32.9321    25.2275 -9.990e-29
 196.930735      1.664  36.626628    10.5657     4.5944      1.650    32.9867    25.2841 -9.990e-29
 196.930741      1.751  36.582180    10.4699     4.5827      1.736    33.0289    25.3335 -9.990e-29
 196.930747      1.864  36.518236    10.3784     4.5814      1.848    33.0477    25.3638 -9.990e-29
 196.930752      2.003  36.453749    10.2835     4.5756      1.986    33.0691    25.3967 0.0000e+00
 196.930758      2.167  36.387889    10.1789     4.5877      2.149    33.0979    25.4369 0.0000e+00
 196.930764      2.354  36.301745    10.0789     4.5870      2.334    33.1021    25.4570 0.0000e+00
 196.930770      2.559  36.212126     9.9886     4.5929      2.538    33.0937    25.4656 0.0000e+00
 196.930775      2.782  36.144091     9.9000     4.5802      2.759    33.1056    25.4897 0.0000e+00
 196.930781      3.029  36.088713     9.8229     4.5594      3.004    33.1199    25.5136 0.0000e+00
 196.930787      3.299  36.044976     9.7752     4.5152      3.271    33.1190    25.5208 0.0000e+00
 196.930793      3.582  36.021781     9.7542     4.4664      3.552    33.1145    25.5208 0.0000e+00
 196.930799      3.871  36.010024     9.7434     4.3760      3.839    33.1123    25.5208 0.0000e+00
 196.930804      4.163  35.999608     9.7251     4.3542      4.128    33.1184    25.5286 0.0000e+00
 196.930810      4.465  35.981671     9.6908     4.3315      4.428    33.1315    25.5444 0.0000e+00
 196.930816      4.781  35.949094     9.6479     4.3118      4.741    33.1376    25.5562 0.0000e+00
 196.930822      5.112  35.910537     9.6093     4.2983      5.069    33.1335    25.5594 0.0000e+00
 196.930828      5.447  35.876771     9.5789     4.2080      5.401    33.1268    25.5591 0.0000e+00
 196.930833      5.779  35.849821     9.5525     4.2425      5.731    33.1233    25.5607 0.0000e+00
 196.930839      6.111  35.829591     9.5259     4.2396      6.060    33.1270    25.5678 0.0000e+00
 196.930845      6.456  35.813744     9.5002     4.2386      6.402    33.1343    25.5777 0.0000e+00
 196.930851      6.818  35.799064     9.4805     4.2025      6.761    33.1372    25.5832 0.0000e+00
 196.930856      7.192  35.787252     9.4693     4.1229      7.132    33.1353    25.5835 0.0000e+00
 196.930862      7.566  35.781028     9.4644     4.0393      7.503    33.1332    25.5827 0.0000e+00
 196.930868      7.934  35.776554     9.4585     3.9541      7.868    33.1339    25.5842 0.0000e+00
 196.930874      8.298  35.763924     9.4423     3.8764      8.229    33.1357    25.5883 0.0000e+00
 196.930880      8.664  35.741413     9.4074     3.8119      8.592    33.1447    25.6009 0.0000e+00
 196.930885      9.034  35.707006     9.3480     3.7595      8.958    33.1641    25.6256 0.0000e+00
 196.930891      9.402  35.650673     9.2729     3.6987      9.323    33.1755    25.6465 0.0000e+00
 196.930897      9.765  35.582452     9.2019     3.5891      9.683    33.1707    25.6541 0.0000e+00
 196.930903     10.129  35.521183     9.1460     3.4545     10.044    33.1590    25.6539 0.0000e+00
 196.930909     10.492  35.475360     9.1005     3.2628     10.404    33.1536    25.6569 0.0000e+00
 196.930914     10.852  35.443251     9.0471     3.0544     10.761    33.1698    25.6780 0.0000e+00
 196.930920     11.217  35.406673     8.9665     2.8498     11.123    33.2068    25.7196 0.0000e+00
 196.930926     11.595  35.344851     8.8488     2.6584     11.498    33.2523    25.7736 0.0000e+00
 196.930932     11.979  35.252658     8.6980     2.5147     11.879    33.2973    25.8321 0.0000e+00
 196.930938     12.365  35.144418     8.5315     2.4033     12.261    33.3403    25.8913 0.0000e+00
 196.930943     12.750  35.036627     8.3683     2.3196     12.643    33.3808    25.9478 0.0000e+00
 196.930949     13.133  34.931290     8.2168     2.2441     13.023    33.4129    25.9956 0.0000e+00
 196.930955     13.518  34.822393     8.0835     2.1909     13.405    33.4239    26.0240 0.0000e+00
 196.930961     13.912  34.723738     7.9814     2.1006     13.795    33.4159    26.0328 0.0000e+00
 196.930966     14.318  34.659470     7.9120     1.9758     14.198    33.4133    26.0409 0.0000e+00
 196.930972     14.732  34.623991     7.8651     1.8184     14.609    33.4200    26.0529 0.0000e+00
 196.930978     15.151  34.601354     7.8291     1.6655     15.024    33.4300    26.0660 0.0000e+00
 196.930984     15.576  34.584898     7.7911     1.5205     15.445    33.4486    26.0861 0.0000e+00
 196.930990     16.008  34.570041     7.7447     1.4327     15.874    33.4770    26.1151 0.0000e+00
 196.930995     16.444  34.556020     7.6962     1.3608     16.306    33.5083    26.1468 0.0000e+00
 196.931001     16.874  34.545984     7.6558     1.2931     16.732    33.5363    26.1745 0.0000e+00
 196.931007     17.291  34.540549     7.6285     1.2232     17.146    33.5565    26.1943 0.0000e+00
 196.931013     17.696  34.536944     7.6147     1.0960     17.548    33.5658    26.2036 0.0000e+00
 196.931019     18.084  34.537076     7.6096     1.0823     17.932    33.5707    26.2081 0.0000e+00
 196.931024     18.451  34.541118     7.6046     1.0705     18.296    33.5797    26.2160 0.0000e+00
 196.931030     18.802  34.546056     7.5933     1.0606     18.644    33.5958    26.2302 0.0000e+00
 196.931036     19.151  34.550073     7.5713     1.0776     18.990    33.6212    26.2534 0.0000e+00
 196.931042     19.507  34.548440     7.5366     1.0332     19.343    33.6529    26.2832 0.0000e+00
 196.931047     19.877  34.536741     7.4952     1.0715     19.710    33.6802    26.3106 0.0000e+00
 196.931053     20.262  34.519541     7.4586     1.0930     20.092    33.6970    26.3289 0.0000e+00
 196.931059     20.657  34.505277     7.4327     1.1091     20.484    33.7065    26.3401 0.0000e+00
 196.931065     21.052  34.496209     7.4150     1.1193     20.875    33.7137    26.3483 0.0000e+00
 196.931071     21.443  34.490887     7.4021     1.1234     21.263    33.7203    26.3553 0.0000e+00
 196.931076     21.828  34.487812     7.3938     1.1333     21.645    33.7248    26.3600 0.0000e+00
 196.931082     22.203  34.486244     7.3922     1.1412     22.017    33.7245    26.3600 0.0000e+00
 196.931088     22.557  34.487453     7.3993     1.1370     22.368    33.7187    26.3545 0.0000e+00
 196.931094     22.883  34.494729     7.4108     1.1371     22.691    33.7153    26.3501 0.0000e+00
 196.931100     23.189  34.504887     7.4182     1.1349     22.994    33.7190    26.3520 0.0000e+00
 196.931105     23.493  34.509065     7.4193     1.1451     23.296    33.7223    26.3544 0.0000e+00
 196.931111     23.812  34.507236     7.4130     1.1428     23.612    33.7263    26.3585 0.0000e+00
 196.931117     24.152  34.500887     7.3996     1.1305     23.949    33.7323    26.3651 0.0000e+00
 196.931123     24.505  34.491077     7.3882     1.1264     24.299    33.7325    26.3669 0.0000e+00
 196.931128     24.850  34.484896     7.3845     1.1285     24.641    33.7293    26.3649 0.0000e+00
 196.931134     25.181  34.483622     7.3838     1.1160     24.969    33.7284    26.3643 0.0000e+00
 196.931140     25.504  34.482752     7.3811     1.1284     25.290    33.7299    26.3659 0.0000e+00
 196.931146     25.824  34.481129     7.3773     1.1262     25.607    33.7317    26.3678 0.0000e+00
 196.931152     26.135  34.479950     7.3756     1.1219     25.915    33.7319    26.3682 0.0000e+00
 196.931157     26.435  34.479325     7.3759     1.1217     26.213    33.7308    26.3673 0.0000e+00
 196.931163     26.723  34.478980     7.3761     1.1093     26.498    33.7301    26.3667 0.0000e+00
 196.931169     26.994  34.479015     7.3752     1.1051     26.767    33.7309    26.3675 0.0000e+00
 196.931175     27.254  34.478919     7.3738     1.1092     27.025    33.7320    26.3686 0.0000e+00
 196.931181     27.501  34.478565     7.3732     1.1069     27.270    33.7321    26.3687 0.0000e+00
 196.931186     27.727  34.478603     7.3735     1.1026     27.494    33.7318    26.3684 0.0000e+00
 196.931192     27.919  34.479083     7.3740     1.1047     27.684    33.7317    26.3683 0.0000e+00
 196.931198     28.064  34.480086     7.3750     1.0489     27.828    33.7317    26.3682 -9.990e-29
 196.931204     28.154  34.482388     7.3774     1.1069     27.917    33.7319    26.3679 -9.990e-29
 196.931209     28.191  34.485698     7.3803     1.1109     27.954    33.7326    26.3681 -9.990e-29
 196.931215     28.177  34.488832     7.3821     1.1210     27.940    33.7343    26.3692 -9.990e-29
 196.931221     28.111  34.490928     7.3825     1.1249     27.874    33.7362    26.3706 -9.990e-29
 196.931227     27.993  34.491423     7.3828     1.0529     27.757    33.7365    26.3708 -9.990e-29
 196.931233     27.829  34.490979     7.3837     1.0839     27.595    33.7352    26.3697 0.0000e+00
 196.931238     27.625  34.490687     7.3841     1.1025     27.393    33.7346    26.3691 0.0000e+00
 196.931244     27.390  34.490162     7.3829     1.1105     27.160    33.7353    26.3699 0.0000e+00
 196.931250     27.138  34.487587     7.3802     1.1289     26.910    33.7353    26.3702 0.0000e+00
 196.931256     26.884  34.482895     7.3773     1.0959     26.658    33.7331    26.3689 0.0000e+00
 196.931262     26.637  34.479358     7.3759     1.0979     26.413    33.7308    26.3673 0.0000e+00
 196.931267     26.398  34.478987     7.3761     1.0854     26.176    33.7303    26.3669 0.0000e+00
 196.931273     26.157  34.480169     7.3766     1.0896     25.937    33.7312    26.3675 0.0000e+00
 196.931279     25.907  34.480562     7.3763     1.0976     25.689    33.7320    26.3682 0.0000e+00
 196.931285     25.648  34.480130     7.3752     1.0978     25.432    33.7328    26.3689 0.0000e+00
 196.931291     25.383  34.479423     7.3741     1.0957     25.170    33.7332    26.3694 0.0000e+00
 196.931296     25.110  34.477503     7.3740     1.0978     24.899    33.7313    26.3680 0.0000e+00
 196.931302     24.830  34.475172     7.3747     1.0915     24.621    33.7283    26.3654 0.0000e+00
 196.931308     24.542  34.474930     7.3760     1.0914     24.336    33.7269    26.3642 0.0000e+00
 196.931314     24.245  34.477015     7.3779     1.0850     24.041    33.7274    26.3643 0.0000e+00
 196.931319     23.941  34.479169     7.3792     1.0808     23.740    33.7287    26.3651 0.0000e+00
 196.931325     23.637  34.479788     7.3794     1.0847     23.438    33.7293    26.3656 0.0000e+00
 196.931331     23.334  34.478579     7.3786     1.0784     23.138    33.7289    26.3654 0.0000e+00
 196.931337     23.044  34.475616     7.3767     1.0804     22.850    33.7277    26.3647 0.0000e+00
 196.931343     22.778  34.472557     7.3749     1.0720     22.587    33.7262    26.3638 0.0000e+00
 196.931348     22.519  34.470928     7.3741     1.0719     22.330    33.7254    26.3632 0.0000e+00
 196.931354     22.247  34.470799     7.3749     1.0676     22.060    33.7246    26.3625 0.0000e+00
 196.931360     21.956  34.472561     7.3772     1.0592     21.772    33.7244    26.3620 0.0000e+00
 196.931366     21.646  34.475206     7.3802     1.0609     21.464    33.7245    26.3616 0.0000e+00
 196.931372     21.317  34.476660     7.3834     1.0623     21.138    33.7231    26.3601 0.0000e+00
 196.931377     20.980  34.477187     7.3870     1.0597     20.804    33.7203    26.3574 0.0000e+00
 196.931383     20.647  34.477494     7.3907     1.0282     20.474    33.7172    26.3545 0.0000e+00
 196.931389     20.327  34.477436     7.3947     1.0441     20.156    33.7134    26.3509 0.0000e+00
 196.931395     20.021  34.477499     7.3992     1.0603     19.853    33.7093    26.3470 0.0000e+00
 196.931400     19.722  34.477774     7.4031     1.0738     19.556    33.7059    26.3438 0.0000e+00
 196.931406     19.419  34.478069     7.4069     1.0916     19.256    33.7027    26.3407 0.0000e+00
 196.931412     19.107  34.479340     7.4134     1.0706     18.947    33.6979    26.3360 0.0000e+00
 196.931418     18.783  34.482725     7.4261     1.1703     18.625    33.6894    26.3275 0.0000e+00
 196.931424     18.447  34.488820     7.4454     1.2433     18.292    33.6774    26.3154 0.0000e+00
 196.931429     18.108  34.497354     7.4692     1.3592     17.956    33.6637    26.3012 0.0000e+00
 196.931435     17.770  34.506827     7.4959     1.4767     17.621    33.6482    26.2853 0.0000e+00
 196.931441     17.425  34.513629     7.5196     1.5697     17.279    33.6327    26.2697 0.0000e+00
 196.931447     17.071  34.515073     7.5387     1.6560     16.928    33.6159    26.2538 0.0000e+00
 196.931453     16.721  34.514211     7.5593     1.7130     16.581    33.5952    26.2346 0.0000e+00
 196.931458     16.383  34.514387     7.5835     1.7574     16.246    33.5722    26.2131 0.0000e+00
 196.931464     16.060  34.515282     7.6082     1.8066     15.925    33.5494    26.1916 0.0000e+00
 196.931470     15.749  34.515855     7.6265     1.8922     15.617    33.5326    26.1758 0.0000e+00
 196.931476     15.434  34.515756     7.6372     2.0113     15.305    33.5223    26.1661 0.0000e+00
 196.931481     15.105  34.515981     7.6483     2.1430     14.978    33.5120    26.1565 0.0000e+00
 196.931487     14.761  34.517955     7.6665     2.2339     14.637    33.4967    26.1419 0.0000e+00
 196.931493     14.407  34.522636     7.6931     2.3251     14.286    33.4763    26.1220 0.0000e+00
 196.931499     14.050  34.532348     7.7292     2.3748     13.932    33.4523    26.0979 0.0000e+00
 196.931505     13.698  34.548283     7.7707     2.4597     13.583    33.4297    26.0742 0.0000e+00
 196.931510     13.348  34.564803     7.8067     2.5630     13.236    33.4131    26.0560 0.0000e+00
 196.931516     12.996  34.577616     7.8346     2.6877     12.887    33.4003    26.0419 0.0000e+00
 196.931522     12.637  34.588690     7.8662     2.8093     12.531    33.3821    26.0230 0.0000e+00
 196.931528     12.265  34.606637     7.9241     2.9576     12.162    33.3461    25.9863 0.0000e+00
 196.931534     11.882  34.645869     8.0174     3.0886     11.782    33.2993    25.9359 0.0000e+00
 196.931539     11.503  34.704359     8.1210     3.2049     11.407    33.2634    25.8925 0.0000e+00
 196.931545     11.136  34.763746     8.2199     3.3135     11.043    33.2329    25.8539 0.0000e+00
 196.931551     10.781  34.830963     8.3232     3.4487     10.691    33.2067    25.8179 0.0000e+00
 196.931557     10.428  34.914978     8.4202     3.6014     10.341    33.2041    25.8014 0.0000e+00
 196.931563     10.063  34.981037     8.5106     3.7687      9.979    33.1889    25.7757 0.0000e+00
 196.931568      9.680  35.021996     8.6298     3.8986      9.599    33.1202    25.7038 0.0000e+00
 196.931574      9.283  35.078479     8.7746     4.0051      9.205    33.0442    25.6220 0.0000e+00
 196.931580      8.884  35.165301     8.8922     4.0595      8.810    33.0255    25.5892 0.0000e+00
 196.931586      8.493  35.271062     8.9822     4.0773      8.422    33.0522    25.5960 0.0000e+00
 196.931591      8.126  35.386092     9.0793     4.0993      8.058    33.0817    25.6039 0.0000e+00
 196.931597      7.780  35.487850     9.1666     4.0755      7.715    33.1063    25.6094 0.0000e+00
 196.931603      7.441  35.546172     9.2174     4.1546      7.379    33.1197    25.6118 0.0000e+00
