data/oxygen options/OCNMS/OCNMS1/raw_data/2021/CAST_TH015_211008faed.cnv
* Sea-Bird SBE 19 Data File:
* FileName = C:\2021 Mooring Data\Casts\CAST_TH015_211008.hex
* Software Version SeatermAF 2.1.2
* Temperature SN = 2997
* Conductivity SN = 2997
* System UpLoad Time = Oct 08 2021 21:45:43 (localtime) = Oct 08 2021 21:45:43 (UTC)
** CAST_TH015_211008
* ds
# nquan = 9                                 
# nvalues = 1580                        
# units = specified
# name 0 = timeJ: Julian Days
# name 1 = prSM: Pressure, Strain Gauge [db]
# name 2 = c0mS/cm: Conductivity [mS/cm]
# name 3 = t090C: Temperature [ITS-90, deg C]
# name 4 = sbeox0ML/L: Oxygen, SBE 43 [ml/l]
# name 5 = depSM: Depth [salt water, m], lat = 47.5
# name 6 = sal00: Salinity, Practical [PSU]
# name 7 = sigma-é00: Density [sigma-theta, kg/m^3]
# name 8 = flag: flag
# span 0 = 281.863333, 281.872471       
# span 1 =     -4.645,     18.370       
# span 2 =   0.407946,  36.880611       
# span 3 =    12.1300,    14.4977       
# span 4 =    -1.9188,    13.1645       
# span 5 =     -4.606,     18.216       
# span 6 =     0.2496,    31.5457       
# span 7 =    -0.6250,    23.8166       
# span 8 = 0.0000e+00, 0.0000e+00       
# interval = seconds: 0.5
# start_time = Oct 08 2021 20:43:12 [Instrument's time stamp, header]
# bad_flag = -9.990e-29
*END*
[from data line 801]
 281.867969      1.519  35.863080    12.8695     6.1729      1.506    30.2849    22.7681 -9.990e-29
 281.867975      1.530  35.910858    12.8657     6.1472      1.517    30.3328    22.8059 -9.990e-29
 281.867980      1.541  35.950920    12.8633     6.1404      1.528    30.3723    22.8369 -9.990e-29
 281.867986      1.553  35.966032    12.8649     6.1296      1.540    30.3852    22.8465 -9.990e-29
 281.867992      1.561  35.938754    12.8697     6.1303      1.548    30.3557    22.8228 -9.990e-29
 281.867998      1.563  35.884786    12.8748     6.1457      1.550    30.3010    22.7796 -9.990e-29
 281.868003      1.562  35.820106    12.8784     6.1587      1.549    30.2375    22.7297 -9.990e-29
 281.868009      1.563  35.755933    12.8784     6.1602      1.550    30.1774    22.6832 -9.990e-29
 281.868015      1.562  35.754032    12.8758     6.1634      1.549    30.1777    22.6840 -9.990e-29
 281.868021      1.554  35.803981    12.8752     6.1553      1.541    30.2250    22.7206 -9.990e-29
 281.868027      1.544  35.829447    12.8779     6.1509      1.531    30.2467    22.7369 -9.990e-29
 281.868032      1.534  35.832402    12.8802     6.1613      1.521    30.2476    22.7372 -9.990e-29
 281.868038      1.528  35.843080    12.8776     6.1644      1.515    30.2597    22.7471 -9.990e-29
 281.868044      1.535  35.886885    12.8715     6.1710      1.522    30.3057    22.7838 -9.990e-29
 281.868050      1.554  35.940928    12.8689     6.1680      1.541    30.3584    22.8251 -9.990e-29
 281.868056      1.575  35.934330    12.8729     6.1714      1.562    30.3490    22.8170 -9.990e-29
 281.868061      1.586  35.862731    12.8804     6.1736      1.573    30.2759    22.7590 -9.990e-29
 281.868067      1.584  35.779120    12.8886     6.1740      1.571    30.1910    22.6918 -9.990e-29
 281.868073      1.571  35.713744    12.8960     6.1730      1.558    30.1238    22.6385 -9.990e-29
 281.868079      1.557  35.652799    12.9007     6.1699      1.544    30.0630    22.5906 -9.990e-29
 281.868084      1.544  35.599036    12.9018     6.1632      1.531    30.0119    22.5508 -9.990e-29
 281.868090      1.532  35.582710    12.9007     6.1619      1.519    29.9975    22.5398 -9.990e-29
 281.868096      1.525  35.597701    12.8998     6.1548      1.512    30.0122    22.5514 -9.990e-29
 281.868102      1.525  35.601198    12.9008     6.1343      1.512    30.0147    22.5531 -9.990e-29
 281.868108      1.529  35.577089    12.9033     6.1595      1.516    29.9901    22.5337 -9.990e-29
 281.868113      1.533  35.540812    12.9061     6.1591      1.520    29.9540    22.5052 -9.990e-29
 281.868119      1.537  35.499991    12.9081     6.1657      1.524    29.9142    22.4741 -9.990e-29
 281.868125      1.541  35.465152    12.9095     6.1818      1.528    29.8805    22.4477 -9.990e-29
 281.868131      1.545  35.443594    12.9100     6.1356      1.532    29.8600    22.4317 -9.990e-29
 281.868137      1.550  35.431746    12.9095     6.1778      1.537    29.8493    22.4236 -9.990e-29
 281.868142      1.557  35.428897    12.9089     6.1769      1.544    29.8471    22.4220 -9.990e-29
 281.868148      1.565  35.432325    12.9089     6.1793      1.552    29.8503    22.4245 -9.990e-29
 281.868154      1.570  35.439276    12.9092     6.1932      1.557    29.8566    22.4293 -9.990e-29
 281.868160      1.570  35.448327    12.9091     6.1693      1.557    29.8651    22.4359 -9.990e-29
 281.868166      1.567  35.455814    12.9089     6.1705      1.554    29.8723    22.4415 -9.990e-29
 281.868171      1.567  35.461592    12.9087     6.1686      1.554    29.8778    22.4458 -9.990e-29
 281.868177      1.568  35.463799    12.9086     6.1673      1.555    29.8800    22.4475 -9.990e-29
 281.868183      1.572  35.458610    12.9090     6.1822      1.559    29.8748    22.4434 -9.990e-29
 281.868189      1.579  35.448590    12.9092     6.1851      1.566    29.8653    22.4360 -9.990e-29
 281.868194      1.588  35.433787    12.9079     6.1725      1.575    29.8524    22.4263 -9.990e-29
 281.868200      1.601  35.421314    12.9049     6.1669      1.588    29.8431    22.4197 -9.990e-29
 281.868206      1.618  35.420835    12.9027     6.1676      1.604    29.8444    22.4211 -9.990e-29
 281.868212      1.636  35.425504    12.9023     6.1785      1.622    29.8491    22.4248 -9.990e-29
 281.868218      1.648  35.429738    12.9028     6.1853      1.634    29.8527    22.4275 -9.990e-29
 281.868223      1.650  35.434291    12.9039     6.1777      1.636    29.8560    22.4299 -9.990e-29
 281.868229      1.647  35.438484    12.9051     6.1724      1.633    29.8590    22.4319 -9.990e-29
 281.868235      1.642  35.441902    12.9058     6.1760      1.628    29.8617    22.4339 -9.990e-29
 281.868241      1.636  35.446826    12.9061     6.1792      1.622    29.8660    22.4372 -9.990e-29
 281.868247      1.633  35.453819    12.9064     6.1752      1.619    29.8723    22.4420 -9.990e-29
 281.868252      1.631  35.456492    12.9069     6.1729      1.617    29.8744    22.4435 -9.990e-29
 281.868258      1.623  35.453345    12.9076     6.1764      1.609    29.8710    22.4407 -9.990e-29
 281.868264      1.607  35.449123    12.9081     6.1789      1.594    29.8666    22.4372 -9.990e-29
 281.868270      1.593  35.446020    12.9079     6.1819      1.580    29.8639    22.4352 -9.990e-29
 281.868275      1.581  35.444922    12.9068     6.1739      1.568    29.8637    22.4353 -9.990e-29
 281.868281      1.573  35.444903    12.9056     6.1697      1.560    29.8647    22.4362 -9.990e-29
 281.868287      1.568  35.443674    12.9047     6.1766      1.555    29.8642    22.4360 -9.990e-29
 281.868293      1.565  35.441816    12.9029     6.1798      1.552    29.8639    22.4361 -9.990e-29
 281.868299      1.563  35.440753    12.9001     6.1821      1.550    29.8651    22.4376 -9.990e-29
 281.868304      1.564  35.442406    12.8981     6.1740      1.551    29.8682    22.4404 -9.990e-29
 281.868310      1.567  35.447278    12.8984     6.1631      1.554    29.8726    22.4437 -9.990e-29
 281.868316      1.571  35.451193    12.9001     6.1221      1.558    29.8749    22.4452 -9.990e-29
 281.868322      1.578  35.452065    12.9015     6.1679      1.565    29.8746    22.4447 -9.990e-29
 281.868328      1.584  35.451037    12.9021     6.1835      1.571    29.8731    22.4434 -9.990e-29
 281.868333      1.580  35.448958    12.9021     6.1945      1.567    29.8712    22.4419 -9.990e-29
 281.868339      1.566  35.445835    12.9021     6.2002      1.553    29.8683    22.4397 -9.990e-29
 281.868345      1.551  35.441404    12.9028     6.1512      1.538    29.8636    22.4359 -9.990e-29
 281.868351      1.536  35.435898    12.9040     6.1851      1.523    29.8575    22.4310 -9.990e-29
 281.868356      1.526  35.430921    12.9054     6.1939      1.513    29.8518    22.4263 -9.990e-29
 281.868362      1.524  35.428781    12.9064     6.1866      1.511    29.8490    22.4239 -9.990e-29
 281.868368      1.525  35.428284    12.9066     6.1863      1.512    29.8483    22.4234 -9.990e-29
 281.868374      1.526  35.427624    12.9065     6.1698      1.513    29.8478    22.4230 -9.990e-29
 281.868380      1.527  35.427580    12.9065     6.1857      1.514    29.8478    22.4230 -9.990e-29
 281.868385      1.527  35.428631    12.9066     6.1878      1.514    29.8487    22.4237 -9.990e-29
 281.868391      1.527  35.430474    12.9063     6.1793      1.514    29.8506    22.4252 -9.990e-29
 281.868397      1.527  35.432744    12.9054     6.1683      1.514    29.8535    22.4276 -9.990e-29
 281.868403      1.526  35.434522    12.9042     6.1624      1.513    29.8561    22.4298 -9.990e-29
 281.868409      1.525  35.435916    12.9034     6.1801      1.512    29.8580    22.4315 -9.990e-29
 281.868414      1.523  35.437082    12.9033     6.1807      1.510    29.8592    22.4324 -9.990e-29
 281.868420      1.521  35.435632    12.9033     6.1757      1.508    29.8578    22.4314 -9.990e-29
 281.868426      1.522  35.431851    12.9029     6.1716      1.509    29.8546    22.4289 -9.990e-29
 281.868432      1.531  35.429079    12.9026     6.1736      1.518    29.8522    22.4272 -9.990e-29
 281.868438      1.544  35.428643    12.9030     6.1724      1.531    29.8515    22.4265 -9.990e-29
 281.868443      1.553  35.429939    12.9036     6.1741      1.540    29.8522    22.4270 -9.990e-29
 281.868449      1.556  35.431309    12.9040     6.1731      1.543    29.8532    22.4277 -9.990e-29
 281.868455      1.555  35.432877    12.9041     6.1721      1.542    29.8546    22.4287 -9.990e-29
 281.868461      1.556  35.435034    12.9035     6.1748      1.543    29.8571    22.4308 -9.990e-29
 281.868466      1.558  35.436150    12.9020     6.1811      1.545    29.8593    22.4328 -9.990e-29
 281.868472      1.562  35.436570    12.9003     6.1826      1.549    29.8610    22.4344 -9.990e-29
 281.868478      1.568  35.437954    12.8995     6.1689      1.555    29.8630    22.4361 -9.990e-29
 281.868484      1.576  35.439883    12.8995     6.1656      1.563    29.8648    22.4375 -9.990e-29
 281.868490      1.586  35.441545    12.8986     6.1766      1.573    29.8670    22.4394 -9.990e-29
 281.868495      1.600  35.444014    12.8959     6.1823      1.587    29.8715    22.4433 -9.990e-29
 281.868501      1.618  35.447757    12.8926     6.1478      1.604    29.8776    22.4487 -9.990e-29
 281.868507      1.642  35.451581    12.8909     6.1758      1.628    29.8825    22.4528 -9.990e-29
 281.868513      1.672  35.453838    12.8910     6.1731      1.658    29.8845    22.4543 -9.990e-29
 281.868519      1.708  35.454150    12.8913     6.1805      1.694    29.8845    22.4543 -9.990e-29
 281.868524      1.745  35.454592    12.8906     6.1890      1.730    29.8855    22.4552 -9.990e-29
 281.868530      1.792  35.456292    12.8881     6.1403      1.777    29.8890    22.4584 -9.990e-29
 281.868536      1.851  35.460374    12.8841     6.1826      1.836    29.8960    22.4645 -9.990e-29
 281.868542      1.918  35.466096    12.8809     6.1740      1.902    29.9038    22.4712 -9.990e-29
 281.868547      1.991  35.468736    12.8795     6.1833      1.974    29.9074    22.4742 -9.990e-29
 281.868553      2.077  35.468430    12.8783     6.1827      2.060    29.9080    22.4749 -9.990e-29
 281.868559      2.181  35.470350    12.8757     6.1765      2.163    29.9118    22.4784 -9.990e-29
 281.868565      2.304  35.477594    12.8723     6.1734      2.285    29.9213    22.4863 -9.990e-29
 281.868571      2.442  35.486911    12.8706     6.1581      2.422    29.9313    22.4944 0.0000e+00
 281.868576      2.586  35.492770    12.8708     6.1479      2.564    29.9365    22.4984 0.0000e+00
 281.868582      2.733  35.496232    12.8714     6.1224      2.710    29.9393    22.5004 0.0000e+00
 281.868588      2.883  35.504132    12.8711     6.1170      2.859    29.9468    22.5063 0.0000e+00
 281.868594      3.038  35.530343    12.8694     6.1055      3.013    29.9727    22.5266 0.0000e+00
 281.868600      3.199  35.613715    12.8655     6.1121      3.172    30.0538    22.5901 0.0000e+00
 281.868605      3.363  35.757797    12.8596     6.1214      3.335    30.1934    22.6993 0.0000e+00
 281.868611      3.523  35.899705    12.8548     6.1246      3.494    30.3303    22.8061 0.0000e+00
 281.868617      3.673  35.982616    12.8546     6.1179      3.642    30.4082    22.8664 0.0000e+00
 281.868623      3.810  35.988161    12.8588     6.0947      3.778    30.4100    22.8669 0.0000e+00
 281.868628      3.937  35.942762    12.8636     6.0527      3.904    30.3635    22.8301 -9.990e-29
 281.868634      4.058  35.868805    12.8658     6.0271      4.024    30.2923    22.7746 -9.990e-29
 281.868640      4.178  35.804957    12.8639     6.0300      4.143    30.2339    22.7298 -9.990e-29
 281.868646      4.303  35.831941    12.8579     6.0487      4.267    30.2640    22.7542 0.0000e+00
 281.868652      4.433  35.976185    12.8509     6.0576      4.396    30.4049    22.8645 0.0000e+00
 281.868657      4.559  36.154834    12.8474     6.0362      4.521    30.5754    22.9971 -9.990e-29
 281.868663      4.676  36.237868    12.8481     5.9926      4.637    30.6528    23.0568 -9.990e-29
 281.868669      4.788  36.202034    12.8494     5.9442      4.748    30.6180    23.0297 -9.990e-29
 281.868675      4.901  36.132354    12.8488     5.9281      4.860    30.5530    22.9795 -9.990e-29
 281.868681      5.023  36.109630    12.8477     5.9181      4.981    30.5325    22.9639 -9.990e-29
 281.868686      5.157  36.194891    12.8476     5.8895      5.114    30.6126    23.0259 0.0000e+00
 281.868692      5.299  36.360006    12.8487     5.8946      5.255    30.7669    23.1450 0.0000e+00
 281.868698      5.441  36.500049    12.8507     5.8816      5.396    30.8969    23.2452 0.0000e+00
 281.868704      5.579  36.579220    12.8524     5.8832      5.532    30.9699    23.3014 0.0000e+00
 281.868709      5.713  36.602734    12.8533     5.8953      5.665    30.9912    23.3178 0.0000e+00
 281.868715      5.843  36.590147    12.8534     5.8550      5.794    30.9793    23.3085 0.0000e+00
 281.868721      5.969  36.598639    12.8528     5.8917      5.919    30.9877    23.3151 -9.990e-29
 281.868727      6.090  36.639507    12.8511     5.8984      6.039    31.0275    23.3463 -9.990e-29
 281.868733      6.206  36.672500    12.8497     5.9087      6.154    31.0597    23.3714 -9.990e-29
 281.868738      6.315  36.674885    12.8498     5.9150      6.262    31.0618    23.3730 -9.990e-29
 281.868744      6.419  36.655986    12.8504     5.9013      6.365    31.0435    23.3587 -9.990e-29
 281.868750      6.523  36.635978    12.8504     5.8990      6.468    31.0246    23.3441 -9.990e-29
 281.868756      6.622  36.623472    12.8503     5.8786      6.567    31.0129    23.3351 -9.990e-29
 281.868762      6.720  36.619707    12.8504     5.8376      6.664    31.0092    23.3322 -9.990e-29
 281.868767      6.818  36.624683    12.8501     5.7923      6.761    31.0141    23.3361 -9.990e-29
 281.868773      6.918  36.636046    12.8486     5.7592      6.860    31.0260    23.3456 -9.990e-29
 281.868779      7.027  36.654910    12.8455     5.7355      6.968    31.0462    23.3618 -9.990e-29
 281.868785      7.147  36.681181    12.8410     5.7147      7.087    31.0746    23.3847 -9.990e-29
 281.868791      7.277  36.712311    12.8348     5.6969      7.216    31.1090    23.4125 0.0000e+00
 281.868796      7.409  36.743263    12.8277     5.7045      7.347    31.1440    23.4409 0.0000e+00
 281.868802      7.534  36.766520    12.8220     5.7190      7.471    31.1705    23.4625 -9.990e-29
 281.868808      7.655  36.777753    12.8180     5.7476      7.591    31.1844    23.4740 -9.990e-29
 281.868814      7.771  36.782389    12.8142     5.7773      7.706    31.1918    23.4805 -9.990e-29
 281.868819      7.882  36.788263    12.8113     5.7932      7.816    31.1997    23.4872 -9.990e-29
 281.868825      7.990  36.790852    12.8130     5.8039      7.923    31.2007    23.4876 -9.990e-29
 281.868831      8.089  36.781816    12.8195     5.7930      8.021    31.1868    23.4756 -9.990e-29
 281.868837      8.178  36.762533    12.8258     5.7636      8.110    31.1634    23.4563 -9.990e-29
 281.868843      8.260  36.740900    12.8281     5.7291      8.191    31.1411    23.4386 -9.990e-29
 281.868848      8.343  36.725606    12.8273     5.6957      8.273    31.1273    23.4281 -9.990e-29
 281.868854      8.430  36.723141    12.8246     5.6643      8.359    31.1271    23.4285 -9.990e-29
 281.868860      8.528  36.730194    12.8181     5.6588      8.457    31.1391    23.4390 -9.990e-29
 281.868866      8.639  36.744937    12.8062     5.6603      8.567    31.1628    23.4596 -9.990e-29
 281.868872      8.756  36.771873    12.7931     5.6692      8.683    31.1989    23.4901 -9.990e-29
 281.868877      8.870  36.801490    12.7861     5.6779      8.796    31.2326    23.5175 -9.990e-29
 281.868883      8.976  36.816077    12.7866     5.6716      8.901    31.2459    23.5277 -9.990e-29
