data/oxygen options/OCNMS/OCNMS1/raw_data/2021/CAST_CA015_210716faed.cnv
* Sea-Bird SBE 19 Data File:
* FileName = C:\2021 Mooring Data\Casts\CAST_CA015_210716.hex
* Software Version SeatermAF 2.1.2
* Temperature SN = 2997
* Conductivity SN = 2997
* System UpLoad Time = Jul 16 2021 22:42:32 (localtime) = Jul 16 2021 22:42:32 (UTC)
** CAST_CA015_210716
* ds
# nquan = 9                                 
# nvalues = 746                         
# units = specified
# name 0 = timeJ: Julian Days
# name 1 = prSM: Pressure, Strain Gauge [db]
# name 2 = c0mS/cm: Conductivity [mS/cm]
# name 3 = t090C: Temperature [ITS-90, deg C]
# name 4 = sbeox0ML/L: Oxygen, SBE 43 [ml/l]
# name 5 = depSM: Depth [salt water, m], lat = 47.5
# name 6 = sal00: Salinity, Practical [PSU]
# name 7 = sigma-é00: Density [sigma-theta, kg/m^3]
# name 8 = flag: flag
# span 0 = 197.907720, 197.912031       
# span 1 =     -5.094,     17.584       
# span 2 =   0.361613,  37.272858       
# span 3 =     7.7295,    12.5287       
# span 4 =    -1.9944,    11.8656       
# span 5 =     -5.052,     17.437       
# span 6 =     0.2315,    33.6358       
# span 7 =    -0.3749,    26.2406       
# span 8 = 0.0000e+00, 0.0000e+00       
# interval = seconds: 0.5
# start_time = Jul 16 2021 21:47:07 [Instrument's time stamp, header]
# bad_flag = -9.990e-29
*END*
 197.907720     -5.094 -9.990e-29    12.4723    -1.9847     -5.052 -9.990e-29 -9.990e-29 -9.990e-29
 197.907726     -5.065   0.381035    12.4789    -1.9845     -5.023     0.2433    -0.3667 -9.990e-29
 197.907731     -5.031   0.380481    12.4855    -1.9843     -4.989     0.2429    -0.3678 -9.990e-29
 197.907737     -5.000   0.380111    12.4909    -1.9845     -4.958     0.2426    -0.3687 -9.990e-29
 197.907743     -4.973   0.379988    12.4948    -1.9846     -4.932     0.2425    -0.3692 -9.990e-29
 197.907749     -4.949   0.379949    12.4967    -1.9848     -4.908     0.2425    -0.3695 -9.990e-29
 197.907755     -4.926   0.379939    12.4963    -1.9848     -4.885     0.2425    -0.3695 -9.990e-29
 197.907760     -4.903   0.379947    12.4950    -1.9845     -4.862     0.2425    -0.3693 -9.990e-29
 197.907766     -4.879   0.379986    12.4940    -1.9843     -4.838     0.2425    -0.3691 -9.990e-29
 197.907772     -4.851   0.380108    12.4938    -1.9838     -4.811     0.2426    -0.3691 -9.990e-29
 197.907778     -4.823   0.380477    12.4946    -1.9835     -4.783     0.2428    -0.3690 -9.990e-29
 197.907784     -4.797   0.381030    12.4954    -1.9834     -4.757     0.2432    -0.3688 -9.990e-29
 197.907789     -4.767   0.381399    12.4950    -1.9833     -4.727     0.2434    -0.3685 -9.990e-29
 197.907795     -4.730   0.381522    12.4935    -1.9831     -4.691     0.2435    -0.3683 -9.990e-29
 197.907801     -4.694   0.381562    12.4922    -1.9831     -4.655     0.2436    -0.3681 -9.990e-29
 197.907807     -4.661   0.381575    12.4930    -1.9831     -4.622     0.2436    -0.3682 -9.990e-29
 197.907813     -4.627   0.381579    12.4967    -1.9830     -4.588     0.2435    -0.3687 -9.990e-29
 197.907818     -4.591   0.381578    12.5027    -1.9831     -4.553     0.2435    -0.3694 -9.990e-29
 197.907824     -4.556   0.381573    12.5097    -1.9832     -4.518     0.2435    -0.3703 -9.990e-29
 197.907830     -4.522   0.381559    12.5159    -1.9832     -4.484     0.2434    -0.3711 -9.990e-29
 197.907836     -4.488   0.381517    12.5205    -1.9832     -4.451     0.2434    -0.3717 -9.990e-29
 197.907841     -4.457   0.381393    12.5240    -1.9831     -4.420     0.2433    -0.3722 -9.990e-29
 197.907847     -4.429   0.381023    12.5266    -1.9832     -4.392     0.2430    -0.3727 -9.990e-29
 197.907853     -4.404   0.380469    12.5279    -1.9832     -4.367     0.2426    -0.3732 -9.990e-29
 197.907859     -4.380   0.380099    12.5284    -1.9833     -4.343     0.2424    -0.3734 -9.990e-29
 197.907865     -4.355   0.379975    12.5287    -1.9835     -4.319     0.2423    -0.3735 -9.990e-29
 197.907870     -4.328   0.379933    12.5284    -1.9839     -4.292     0.2423    -0.3735 -9.990e-29
 197.907876     -4.297   0.379918    12.5279    -1.9840     -4.261     0.2423    -0.3734 -9.990e-29
 197.907882     -4.264   0.379913    12.5278    -1.9840     -4.228     0.2423    -0.3734 -9.990e-29
 197.907888     -4.236   0.379911    12.5278    -1.9842     -4.201     0.2423    -0.3734 -9.990e-29
 197.907894     -4.215   0.379910    12.5277    -1.9846     -4.180     0.2423    -0.3734 -9.990e-29
 197.907899     -4.197   0.379909    12.5274    -1.9850     -4.162     0.2423    -0.3734 -9.990e-29
 197.907905     -4.174   0.379908    12.5263    -1.9853     -4.139     0.2423    -0.3732 -9.990e-29
 197.907911     -4.151   0.379908    12.5237    -1.9853     -4.116     0.2423    -0.3729 -9.990e-29
 197.907917     -4.129   0.379907    12.5192    -1.9853     -4.095     0.2423    -0.3723 -9.990e-29
 197.907922     -4.108   0.379906    12.5142    -1.9854     -4.074     0.2423    -0.3717 -9.990e-29
 197.907928     -4.087   0.379906    12.5105    -1.9854     -4.053     0.2424    -0.3713 -9.990e-29
 197.907934     -4.063   0.379905    12.5075    -1.9856     -4.029     0.2424    -0.3709 -9.990e-29
 197.907940     -4.036   0.379905    12.5033    -1.9855     -4.002     0.2424    -0.3703 -9.990e-29
 197.907946     -4.003   0.379904    12.4976    -1.9857     -3.970     0.2424    -0.3696 -9.990e-29
 197.907951     -3.968   0.379903    12.4915    -1.9859     -3.935     0.2425    -0.3689 -9.990e-29
 197.907957     -3.935   0.379901    12.4866    -1.9861     -3.902     0.2425    -0.3682 -9.990e-29
 197.907963     -3.908   0.379896    12.4837    -1.9864     -3.875     0.2425    -0.3679 -9.990e-29
 197.907969     -3.884   0.379883    12.4820    -1.9868     -3.852     0.2425    -0.3677 -9.990e-29
 197.907975     -3.862   0.379846    12.4807    -1.9872     -3.830     0.2425    -0.3675 -9.990e-29
 197.907980     -3.841   0.379736    12.4791    -1.9875     -3.809     0.2424    -0.3674 -9.990e-29
 197.907986     -3.820   0.379406    12.4773    -1.9876     -3.788     0.2422    -0.3673 -9.990e-29
 197.907992     -3.796   0.378974    12.4754    -1.9875     -3.764     0.2420    -0.3673 -9.990e-29
 197.907998     -3.769   0.378972    12.4730    -1.9875     -3.738     0.2420    -0.3670 -9.990e-29
 197.908003     -3.737   0.379398    12.4697    -1.9875     -3.706     0.2423    -0.3664 -9.990e-29
 197.908009     -3.702   0.379712    12.4650    -1.9872     -3.671     0.2425    -0.3656 -9.990e-29
 197.908015     -3.670   0.379780    12.4586    -1.9869     -3.639     0.2426    -0.3648 -9.990e-29
 197.908021     -3.644   0.379693    12.4511    -1.9869     -3.614     0.2426    -0.3639 -9.990e-29
 197.908027     -3.622   0.379335    12.4437    -1.9869     -3.592     0.2424    -0.3632 -9.990e-29
 197.908032     -3.602   0.378784    12.4383    -1.9869     -3.572     0.2421    -0.3628 -9.990e-29
 197.908038     -3.584   0.378416    12.4361    -1.9866     -3.554     0.2418    -0.3627 -9.990e-29
 197.908044     -3.565   0.378294    12.4363    -1.9865     -3.535     0.2418    -0.3628 -9.990e-29
 197.908050     -3.546   0.378257    12.4373    -1.9863     -3.516     0.2417    -0.3629 -9.990e-29
 197.908056     -3.524   0.378256    12.4393    -1.9862     -3.495     0.2417    -0.3632 -9.990e-29
 197.908061     -3.503   0.378291    12.4426    -1.9862     -3.474     0.2417    -0.3635 -9.990e-29
 197.908067     -3.485   0.378411    12.4460    -1.9861     -3.456     0.2418    -0.3639 -9.990e-29
 197.908073     -3.466   0.378774    12.4483    -1.9858     -3.437     0.2420    -0.3640 -9.990e-29
 197.908079     -3.444   0.379314    12.4499    -1.9856     -3.415     0.2423    -0.3639 -9.990e-29
 197.908084     -3.421   0.379642    12.4522    -1.9853     -3.392     0.2425    -0.3641 -9.990e-29
 197.908090     -3.396   0.379641    12.4556    -1.9854     -3.368     0.2425    -0.3645 -9.990e-29
 197.908096     -3.373   0.379312    12.4593    -1.9857     -3.345     0.2423    -0.3651 -9.990e-29
 197.908102     -3.353   0.378771    12.4625    -1.9859     -3.325     0.2419    -0.3658 -9.990e-29
 197.908108     -3.335   0.378406    12.4650    -1.9859     -3.307     0.2416    -0.3663 -9.990e-29
 197.908113     -3.320   0.378283    12.4671    -1.9857     -3.292     0.2416    -0.3666 -9.990e-29
 197.908119     -3.304   0.378242    12.4700    -1.9856     -3.276     0.2415    -0.3670 -9.990e-29
 197.908125     -3.288   0.378228    12.4742    -1.9855     -3.261     0.2415    -0.3675 -9.990e-29
 197.908131     -3.271   0.378223    12.4786    -1.9851     -3.244     0.2414    -0.3681 -9.990e-29
 197.908137     -3.250   0.378220    12.4814    -1.9852     -3.223     0.2414    -0.3684 -9.990e-29
 197.908142     -3.226   0.378219    12.4812    -1.9851     -3.199     0.2414    -0.3684 -9.990e-29
 197.908148     -3.201   0.378219    12.4786    -1.9850     -3.174     0.2414    -0.3681 -9.990e-29
 197.908154     -3.177   0.378218    12.4764    -1.9850     -3.151     0.2415    -0.3678 -9.990e-29
 197.908160     -3.148   0.378216    12.4764    -1.9850     -3.122     0.2415    -0.3678 -9.990e-29
 197.908166     -3.113   0.378214    12.4785    -1.9848     -3.087     0.2414    -0.3681 -9.990e-29
 197.908171     -3.079   0.378209    12.4817    -1.9845     -3.053     0.2414    -0.3685 -9.990e-29
 197.908177     -3.047   0.378195    12.4855    -1.9844     -3.022     0.2414    -0.3690 -9.990e-29
 197.908183     -3.019   0.378153    12.4889    -1.9844     -2.994     0.2413    -0.3694 -9.990e-29
 197.908189     -2.998   0.378029    12.4911    -1.9845     -2.973     0.2412    -0.3698 -9.990e-29
 197.908194     -2.979   0.377659    12.4928    -1.9842     -2.954     0.2410    -0.3702 -9.990e-29
 197.908200     -2.955   0.377104    12.4945    -1.9842     -2.930     0.2406    -0.3707 -9.990e-29
 197.908206     -2.926   0.376734    12.4960    -1.9843     -2.902     0.2404    -0.3710 -9.990e-29
 197.908212     -2.893   0.376610    12.4979    -1.9843     -2.869     0.2403    -0.3713 -9.990e-29
 197.908218     -2.864   0.376569    12.5010    -1.9845     -2.840     0.2402    -0.3718 -9.990e-29
 197.908223     -2.841   0.376554    12.5046    -1.9847     -2.817     0.2402    -0.3722 -9.990e-29
 197.908229     -2.821   0.376548    12.5072    -1.9847     -2.797     0.2402    -0.3725 -9.990e-29
 197.908235     -2.805   0.376545    12.5085    -1.9848     -2.782     0.2402    -0.3727 -9.990e-29
 197.908241     -2.791   0.376540    12.5095    -1.9849     -2.768     0.2402    -0.3728 -9.990e-29
 197.908247     -2.778   0.376527    12.5113    -1.9850     -2.755     0.2401    -0.3731 -9.990e-29
 197.908252     -2.765   0.376489    12.5126    -1.9851     -2.742     0.2401    -0.3733 -9.990e-29
 197.908258     -2.751   0.376377    12.5120    -1.9850     -2.728     0.2400    -0.3732 -9.990e-29
 197.908264     -2.741   0.376044    12.5098    -1.9849     -2.718     0.2398    -0.3731 -9.990e-29
 197.908270     -2.736   0.375598    12.5068    -1.9848     -2.713     0.2396    -0.3730 -9.990e-29
 197.908275     -2.734   0.375556    12.5041    -1.9848     -2.711     0.2395    -0.3727 -9.990e-29
 197.908281     -2.729   0.375863    12.5023    -1.9849     -2.706     0.2398    -0.3723 -9.990e-29
 197.908287     -2.721   0.375821    12.5007    -1.9848     -2.698     0.2397    -0.3721 -9.990e-29
 197.908293     -2.710   0.375376    12.4989    -1.9848     -2.687     0.2395    -0.3721 -9.990e-29
 197.908299     -2.695   0.375043    12.4973    -1.9849     -2.673     0.2392    -0.3721 -9.990e-29
 197.908304     -2.675   0.374931    12.4967    -1.9849     -2.653     0.2392    -0.3720 -9.990e-29
 197.908310     -2.653   0.374894    12.4975    -1.9849     -2.631     0.2391    -0.3722 -9.990e-29
 197.908316     -2.631   0.374881    12.4992    -1.9849     -2.609     0.2391    -0.3724 -9.990e-29
 197.908322     -2.610   0.374875    12.5006    -1.9849     -2.588     0.2391    -0.3726 -9.990e-29
 197.908328     -2.590   0.374872    12.5011    -1.9847     -2.568     0.2391    -0.3726 -9.990e-29
 197.908333     -2.572   0.374866    12.5011    -1.9847     -2.551     0.2391    -0.3726 -9.990e-29
 197.908339     -2.549   0.374852    12.5012    -1.9846     -2.528     0.2391    -0.3727 -9.990e-29
 197.908345     -2.525   0.374810    12.5011    -1.9847     -2.504     0.2391    -0.3727 -9.990e-29
 197.908351     -2.503   0.374686    12.5008    -1.9847     -2.482     0.2390    -0.3727 -9.990e-29
 197.908356     -2.480   0.374316    12.5005    -1.9847     -2.459     0.2388    -0.3728 -9.990e-29
 197.908362     -2.456   0.373761    12.5006    -1.9846     -2.436     0.2384    -0.3731 -9.990e-29
 197.908368     -2.433   0.373391    12.5012    -1.9843     -2.413     0.2381    -0.3734 -9.990e-29
 197.908374     -2.413   0.373267    12.5025    -1.9844     -2.393     0.2381    -0.3736 -9.990e-29
 197.908380     -2.397   0.373226    12.5040    -1.9845     -2.377     0.2380    -0.3738 -9.990e-29
 197.908385     -2.382   0.373211    12.5053    -1.9847     -2.362     0.2380    -0.3740 -9.990e-29
 197.908391     -2.367   0.373206    12.5062    -1.9848     -2.347     0.2380    -0.3741 -9.990e-29
 197.908397     -2.353   0.373203    12.5064    -1.9847     -2.333     0.2380    -0.3742 -9.990e-29
 197.908403     -2.337   0.373200    12.5063    -1.9846     -2.318     0.2380    -0.3741 -9.990e-29
 197.908409     -2.324   0.373195    12.5069    -1.9847     -2.305     0.2380    -0.3742 -9.990e-29
 197.908414     -2.316   0.373181    12.5088    -1.9849     -2.297     0.2380    -0.3745 -9.990e-29
 197.908420     -2.313   0.373139    12.5107    -1.9852     -2.294     0.2379    -0.3747 -9.990e-29
 197.908426     -2.311   0.373015    12.5109    -1.9857     -2.292     0.2378    -0.3748 -9.990e-29
 197.908432     -2.305   0.372645    12.5094    -1.9862     -2.286     0.2376    -0.3748 -9.990e-29
 197.908437     -2.295   0.372091    12.5075    -1.9864     -2.276     0.2373    -0.3749 -9.990e-29
 197.908443     -2.281   0.371721    12.5063    -1.9867     -2.262     0.2370    -0.3749 -9.990e-29
 197.908449     -2.264   0.371598    12.5061    -1.9865     -2.245     0.2369    -0.3749 -9.990e-29
 197.908455     -2.250   0.371557    12.5058    -1.9866     -2.231     0.2369    -0.3749 -9.990e-29
 197.908461     -2.236   0.371543    12.5040    -1.9867     -2.217     0.2369    -0.3747 -9.990e-29
 197.908466     -2.222   0.371539    12.4998    -1.9866     -2.203     0.2369    -0.3742 -9.990e-29
 197.908472     -2.208   0.371537    12.4932    -1.9865     -2.190     0.2370    -0.3733 -9.990e-29
 197.908478     -2.192   0.371535    12.4849    -1.9863     -2.174     0.2370    -0.3723 -9.990e-29
 197.908484     -2.173   0.371530    12.4768    -1.9863     -2.155     0.2371    -0.3713 -9.990e-29
 197.908490     -2.150   0.371516    12.4706    -1.9861     -2.132     0.2371    -0.3705 -9.990e-29
 197.908495     -2.121   0.371475    12.4673    -1.9864     -2.103     0.2371    -0.3701 -9.990e-29
 197.908501     -2.089   0.371352    12.4665    -1.9868     -2.072     0.2370    -0.3701 -9.990e-29
 197.908507     -2.061   0.370983    12.4664    -1.9870     -2.044     0.2368    -0.3703 -9.990e-29
 197.908513     -2.039   0.370428    12.4663    -1.9870     -2.022     0.2364    -0.3705 -9.990e-29
 197.908519     -2.022   0.370057    12.4672    -1.9873     -2.005     0.2362    -0.3708 -9.990e-29
 197.908524     -2.008   0.369930    12.4690    -1.9877     -1.991     0.2361    -0.3711 -9.990e-29
 197.908530     -1.997   0.369876    12.4710    -1.9878     -1.980     0.2360    -0.3714 -9.990e-29
 197.908536     -1.987   0.369823    12.4726    -1.9877     -1.970     0.2360    -0.3716 -9.990e-29
 197.908542     -1.979   0.369700    12.4725    -1.9879     -1.962     0.2359    -0.3717 -9.990e-29
 197.908547     -1.971   0.369342    12.4693    -1.9881     -1.955     0.2357    -0.3715 -9.990e-29
 197.908553     -1.964   0.368827    12.4640    -1.9882     -1.948     0.2354    -0.3711 -9.990e-29
 197.908559     -1.957   0.368576    12.4592    -1.9883     -1.941     0.2352    -0.3706 -9.990e-29
 197.908565     -1.949   0.368809    12.4550    -1.9885     -1.933     0.2354    -0.3699 -9.990e-29
 197.908571     -1.939   0.369281    12.4500    -1.9889     -1.923     0.2357    -0.3691 -9.990e-29
 197.908576     -1.928   0.369514    12.4451    -1.9896     -1.912     0.2359    -0.3683 -9.990e-29
 197.908582     -1.915   0.369263    12.4419    -1.9899     -1.899     0.2358    -0.3681 -9.990e-29
 197.908588     -1.898   0.368747    12.4400    -1.9899     -1.882     0.2355    -0.3681 -9.990e-29
 197.908594     -1.877   0.368386    12.4377    -1.9898     -1.861     0.2352    -0.3680 -9.990e-29
 197.908600     -1.855   0.368254    12.4342    -1.9898     -1.840     0.2352    -0.3676 -9.990e-29
 197.908605     -1.838   0.368173    12.4308    -1.9900     -1.823     0.2351    -0.3672 -9.990e-29
 197.908611     -1.827   0.368037    12.4277    -1.9905     -1.812     0.2351    -0.3669 -9.990e-29
 197.908617     -1.810   0.367664    12.4230    -1.9910     -1.795     0.2348    -0.3665 -9.990e-29
 197.908623     -1.788   0.367108    12.4152    -1.9912     -1.773     0.2345    -0.3658 -9.990e-29
 197.908628     -1.767   0.366739    12.4059    -1.9914     -1.752     0.2343    -0.3649 -9.990e-29
 197.908634     -1.750   0.366616    12.3992    -1.9919     -1.735     0.2343    -0.3641 -9.990e-29
 197.908640     -1.737   0.366575    12.3965    -1.9923     -1.723     0.2343    -0.3638 -9.990e-29
