data/oxygen options/OCNMS/OCNMS1/raw_data/2021/CAST_KL027_210608faedb.cnv
* Sea-Bird SBE19 Data File:
* FileName = C:\2021 Mooring Data\CTD\CAST_KL027_210608.hex
* Software Version 1.59
* Temperature SN = 2997
* Conductivity SN = 2997
* System UpLoad Time = Jun 08 2021 18:39:25
** CAST_KL027_210608
* ds
# nquan = 9
# nvalues = 28                          
# units = specified
# name 0 = timeJ: Julian Days
# name 1 = prSM: Pressure, Strain Gauge [db]
# name 2 = c0mS/cm: Conductivity [mS/cm]
# name 3 = t090C: Temperature [ITS-90, deg C]
# name 4 = sbeox0ML/L: Oxygen, SBE 43 [ml/l]
# name 5 = depSM: Depth [salt water, m], lat = 47.5
# name 6 = sal00: Salinity, Practical [PSU]
# name 7 = sigma-é00: Density [sigma-theta, kg/m^3]
# name 8 = flag: flag
# span 0 = 159.772272, 159.772830       
# span 1 =      2.000,     29.000       
# span 2 =  34.606239,  37.204038       
# span 3 =     7.6738,    12.0877       
# span 4 =     1.8326,     9.3447       
# span 5 =      1.983,     28.756       
# span 6 =    32.1333,    33.5853       
# span 7 =    24.4051,    26.2094       
# span 8 = 0.0000e+00, 0.0000e+00       
# interval = decibars: 1                
# start_time = Jun 08 2021 18:26:19 [Instrument's time stamp, header]
# bad_flag = -9.990e-29
*END*
 159.772272      2.000  37.204038    12.0877     8.7429      1.983    32.2091    24.4061 0.0000e+00
 159.772300      3.000  36.845948    11.7741     9.2698      2.975    32.1333    24.4051 0.0000e+00
 159.772322      4.000  36.957843    11.7692     9.3447      3.967    32.2456    24.4933 0.0000e+00
 159.772343      5.000  37.128244    11.8251     9.3147      4.958    32.3620    24.5734 0.0000e+00
 159.772362      6.000  37.113769    11.7876     9.0063      5.950    32.3801    24.5944 0.0000e+00
 159.772379      7.000  37.025447    11.6684     8.6104      6.942    32.3978    24.6300 0.0000e+00
 159.772395      8.000  36.889168    11.4985     8.2618      7.933    32.4132    24.6728 0.0000e+00
 159.772409      9.000  36.767885    11.3502     7.6046      8.925    32.4241    24.7081 0.0000e+00
 159.772424     10.000  36.705363    11.2232     6.5472      9.916    32.4740    24.7696 0.0000e+00
 159.772439     11.000  36.569305    10.9645     5.3571     10.908    32.5681    24.8888 0.0000e+00
 159.772455     12.000  36.246415    10.4421     4.4883     11.899    32.7126    25.0918 0.0000e+00
 159.772469     13.000  35.774751     9.7036     4.0848     12.891    32.9041    25.3650 0.0000e+00
 159.772484     14.000  35.388905     9.1985     3.7897     13.883    32.9714    25.4989 0.0000e+00
 159.772498     15.000  35.191193     8.8786     3.4765     14.874    33.0624    25.6203 0.0000e+00
 159.772512     16.000  35.006767     8.5737     3.3025     15.866    33.1539    25.7388 0.0000e+00
 159.772526     17.000  34.876546     8.3218     3.1508     16.858    33.2534    25.8548 0.0000e+00
 159.772540     18.000  34.790980     8.1536     2.7563     17.849    33.3215    25.9333 0.0000e+00
 159.772554     19.000  34.735064     8.0387     2.2658     18.841    33.3708    25.9890 0.0000e+00
 159.772569     20.000  34.693640     7.8802     2.0194     19.832    33.4778    26.0962 0.0000e+00
 159.772583     21.000  34.640542     7.7506     1.9445     20.824    33.5447    26.1676 0.0000e+00
 159.772598     22.000  34.621653     7.7079     1.9297     21.815    33.5651    26.1898 0.0000e+00
 159.772613     23.000  34.614131     7.6887     1.9311     22.807    33.5750    26.2003 0.0000e+00
 159.772629     24.000  34.611570     7.6795     1.9393     23.798    33.5807    26.2061 0.0000e+00
 159.772647     25.000  34.622988     7.6879     1.9199     24.790    33.5844    26.2078 0.0000e+00
 159.772669     26.000  34.618703     7.6817     1.9126     25.781    33.5853    26.2094 0.0000e+00
 159.772690     27.000  34.608652     7.6738     1.8678     26.773    33.5816    26.2077 0.0000e+00
 159.772715     28.000  34.606239     7.6753     1.8875     27.764    33.5771    26.2039 0.0000e+00
 159.772830     29.000  34.621495     7.6938     1.8326     28.756    33.5751    26.1997 0.0000e+00
