data/oxygen options/OCNMS/OCNMS1/raw_data/2021/CAST_KL027_210827faed.cnv
* Sea-Bird SBE 19 Data File:
* FileName = C:\2021 Mooring Data\Casts\CAST_KL027_210827.hex
* Software Version SeatermAF 2.1.2
* Temperature SN = 2997
* Conductivity SN = 2997
* System UpLoad Time = Aug 27 2021 19:55:52 (localtime) = Aug 27 2021 19:55:52 (UTC)
** CAST_KL027_210827
* ds
# nquan = 9                                 
# nvalues = 1666                        
# units = specified
# name 0 = timeJ: Julian Days
# name 1 = prSM: Pressure, Strain Gauge [db]
# name 2 = c0mS/cm: Conductivity [mS/cm]
# name 3 = t090C: Temperature [ITS-90, deg C]
# name 4 = sbeox0ML/L: Oxygen, SBE 43 [ml/l]
# name 5 = depSM: Depth [salt water, m], lat = 47.5
# name 6 = sal00: Salinity, Practical [PSU]
# name 7 = sigma-é00: Density [sigma-theta, kg/m^3]
# name 8 = flag: flag
# span 0 = 239.771204, 239.780839       
# span 1 =     -4.888,     27.231       
# span 2 =   0.267275,  39.751813       
# span 3 =     8.6519,    15.9405       
# span 4 =   -10.9643,    13.7879       
# span 5 =     -4.847,     27.002       
# span 6 =     0.1565,    33.5244       
# span 7 =    -0.9249,    26.0173       
# span 8 = 0.0000e+00, 0.0000e+00       
# interval = seconds: 0.5
# start_time = Aug 27 2021 18:30:32 [Instrument's time stamp, header]
# bad_flag = -9.990e-29
*END*
[from data line 1601]
 239.780469      1.888  39.625061    14.0048     7.1493      1.872    32.8475    24.5231 -9.990e-29
 239.780475      1.842  39.632463    14.0110     7.1010      1.827    32.8490    24.5231 -9.990e-29
 239.780480      1.794  39.637717    14.0182     7.0093      1.779    32.8477    24.5206 -9.990e-29
 239.780486      1.746  39.640537    14.0234     6.9214      1.731    32.8459    24.5181 -9.990e-29
 239.780492      1.694  39.639639    14.0258     6.8706      1.680    32.8431    24.5154 -9.990e-29
 239.780498      1.635  39.637752    14.0275     6.8733      1.621    32.8399    24.5126 -9.990e-29
 239.780503      1.570  39.637969    14.0288     8.0918      1.557    32.8390    24.5117 -9.990e-29
 239.780509      1.508  39.638898    14.0289     7.9437      1.495    32.8398    24.5122 -9.990e-29
 239.780515      1.452  39.637294    14.0271     7.5605      1.440    32.8399    24.5127 -9.990e-29
 239.780521      1.399  39.632138    14.0236     6.9631      1.387    32.8381    24.5120 -9.990e-29
 239.780527      1.351  39.621603    14.0190     6.4915      1.340    32.8323    24.5085 -9.990e-29
 239.780532      1.308  39.593325    14.0143     6.3496      1.297    32.8103    24.4924 -9.990e-29
 239.780538      1.269  39.507918    14.0104     6.2874      1.258    32.7347    24.4349 -9.990e-29
 239.780544      1.229  39.249821    14.0065     6.2958      1.219    32.4997    24.2543 -9.990e-29
 239.780550      1.192  38.474906    14.0013     6.3402      1.182    31.7901    23.7076 -9.990e-29
 239.780556      1.162  36.151072    13.9950     6.3850      1.152    29.6675    22.0713 -9.990e-29
 239.780561      1.144  29.180997    13.9887     6.4242      1.134    23.4150    17.2571 -9.990e-29
 239.780567      1.135  18.442522    13.9838     6.4750      1.126    14.1703    10.1545 -9.990e-29
 239.780573      1.130  10.628267    13.9812     6.5044      1.121     7.7995     5.2626 -9.990e-29
 239.780579      1.121   7.547990    13.9801     6.5162      1.112     5.3977     3.4162 -9.990e-29
 239.780584      1.108   6.625874    13.9797     6.4727      1.099     4.6941     2.8748 -9.990e-29
 239.780590      1.097   5.937150    13.9797     6.5357      1.088     4.1740     2.4744 -9.990e-29
 239.780596      1.093   4.655962    13.9803     6.5420      1.084     3.2202     1.7394 -9.990e-29
 239.780602      1.091   3.574045    13.9818     6.5616      1.082     2.4307     1.1303 -9.990e-29
 239.780608      1.087   3.202879    13.9834     6.5744      1.078     2.1637     0.9240 -9.990e-29
 239.780613      1.084   3.314031    13.9848     6.4940      1.075     2.2433     0.9852 -9.990e-29
 239.780619      1.086   3.604471    13.9859    -8.0279      1.077     2.4524     1.1464 -9.990e-29
 239.780625      1.090   3.732035    13.9862   -10.9643      1.081     2.5446     1.2176 -9.990e-29
 239.780631      1.088   3.532593    13.9862   -10.9531      1.079     2.4005     1.1063 -9.990e-29
 239.780637      1.078   3.213222    13.9876    -7.9323      1.069     2.1709     0.9289 -9.990e-29
 239.780642      1.070   2.928213    13.9906    -1.9079      1.061     1.9673     0.7713 -9.990e-29
 239.780648      1.066   2.596146    13.9945    -1.9094      1.057     1.7320     0.5889 -9.990e-29
 239.780654      1.067   2.234805    13.9985    -1.9102      1.058     1.4784     0.3923 -9.990e-29
 239.780660      1.072   1.963252    14.0025    -1.9107      1.063     1.2896     0.2457 -9.990e-29
 239.780666      1.078   1.799957    14.0067    -1.9111      1.069     1.1768     0.1579 -9.990e-29
 239.780671      1.080   1.714652    14.0108    -1.9112      1.071     1.1182     0.1119 -9.990e-29
 239.780677      1.084   1.731686    14.0141    -1.9114      1.075     1.1298     0.1204 -9.990e-29
 239.780683      1.093   1.987453    14.0167    -1.9118      1.084     1.3059     0.2563 -9.990e-29
 239.780689      1.105   2.371376    14.0191    -1.8975      1.096     1.5730     0.4625 -9.990e-29
 239.780694      1.114   2.465061    14.0215    -1.9023      1.105     1.6386     0.5129 -9.990e-29
 239.780700      1.128   2.248171    14.0239    -1.9057      1.119     1.4867     0.3951 -9.990e-29
 239.780706      1.145   1.991332    14.0266    -1.9077      1.135     1.3082     0.2567 -9.990e-29
 239.780712      1.159   1.794766    14.0299    -1.9088      1.149     1.1726     0.1513 -9.990e-29
 239.780718      1.166   1.658730    14.0332    -1.9014      1.156     1.0793     0.0786 -9.990e-29
 239.780723      1.167   1.564889    14.0359    -1.9029      1.157     1.0152     0.0287 -9.990e-29
 239.780729      1.162   1.506239    14.0380    -1.9059      1.152     0.9752    -0.0026 -9.990e-29
 239.780735      1.155   1.493854    14.0405    -1.9077      1.145     0.9668    -0.0095 -9.990e-29
 239.780741      1.149   1.565562    14.0439    -1.9082      1.139     1.0154     0.0277 -9.990e-29
 239.780747      1.144   1.861889    14.0472    -1.9082      1.134     1.2182     0.1842 -9.990e-29
 239.780752      1.141   2.249810    14.0499    -1.9014      1.131     1.4869     0.3915 -9.990e-29
 239.780758      1.134   2.316877    14.0520    -1.8989      1.125     1.5336     0.4274 -9.990e-29
 239.780764      1.123   2.118801    14.0540    -1.9023      1.114     1.3956     0.3204 -9.990e-29
 239.780770      1.112   1.961250    14.0558    -1.9054      1.103     1.2865     0.2357 -9.990e-29
 239.780775      1.099   1.995252    14.0574    -1.9073      1.090     1.3099     0.2536 -9.990e-29
 239.780781      1.089   2.153508    14.0587    -1.9080      1.080     1.4195     0.3382 -9.990e-29
 239.780787      1.081   2.168881    14.0596 -9.990e-29      1.072     1.4302     0.3463 -9.990e-29
 239.780793      1.069   2.014193    14.0598 -9.990e-29      1.060     1.3229     0.2633 -9.990e-29
 239.780799      1.058   1.868165    14.0593 -9.990e-29      1.049     1.2222     0.1855 -9.990e-29
 239.780804      1.051   1.836718    14.0584 -9.990e-29      1.042     1.2006     0.1689 -9.990e-29
 239.780810      1.047   1.994946    14.0575 -9.990e-29      1.038     1.3097     0.2534 -9.990e-29
 239.780816      1.047   2.289780    14.0569 -9.990e-29      1.038     1.5145     0.4119 -9.990e-29
 239.780822      1.050   2.451431    14.0564 -9.990e-29      1.041     1.6276     0.4994 -9.990e-29
 239.780828      1.057   2.344836    14.0562 -9.990e-29      1.048     1.5530     0.4417 -9.990e-29
 239.780833      1.063   2.120253    14.0561 -9.990e-29      1.054     1.3965     0.3208 -9.990e-29
 239.780839      1.065   1.939801 -9.990e-29 -9.990e-29      1.056 -9.990e-29 -9.990e-29 -9.990e-29
