data/oxygen options/OCNMS/OCNMS1/raw_data/2021/CAST_TH015_211008faed.cnv
* Sea-Bird SBE 19 Data File:
* FileName = C:\2021 Mooring Data\Casts\CAST_TH015_211008.hex
* Software Version SeatermAF 2.1.2
* Temperature SN = 2997
* Conductivity SN = 2997
* System UpLoad Time = Oct 08 2021 21:45:43 (localtime) = Oct 08 2021 21:45:43 (UTC)
** CAST_TH015_211008
* ds
# nquan = 9                                 
# nvalues = 1580                        
# units = specified
# name 0 = timeJ: Julian Days
# name 1 = prSM: Pressure, Strain Gauge [db]
# name 2 = c0mS/cm: Conductivity [mS/cm]
# name 3 = t090C: Temperature [ITS-90, deg C]
# name 4 = sbeox0ML/L: Oxygen, SBE 43 [ml/l]
# name 5 = depSM: Depth [salt water, m], lat = 47.5
# name 6 = sal00: Salinity, Practical [PSU]
# name 7 = sigma-é00: Density [sigma-theta, kg/m^3]
# name 8 = flag: flag
# span 0 = 281.863333, 281.872471       
# span 1 =     -4.645,     18.370       
# span 2 =   0.407946,  36.880611       
# span 3 =    12.1300,    14.4977       
# span 4 =    -1.9188,    13.1645       
# span 5 =     -4.606,     18.216       
# span 6 =     0.2496,    31.5457       
# span 7 =    -0.6250,    23.8166       
# span 8 = 0.0000e+00, 0.0000e+00       
# interval = seconds: 0.5
# start_time = Oct 08 2021 20:43:12 [Instrument's time stamp, header]
# bad_flag = -9.990e-29
*END*
[from data line 321]
 281.865191     -0.220   0.428403    14.3969    -1.9038     -0.218     0.2617    -0.6068 -9.990e-29
 281.865197     -0.208   0.428074    14.3888    -1.9039     -0.206     0.2615    -0.6058 -9.990e-29
 281.865203     -0.199   0.427963    14.3829    -1.9036     -0.197     0.2615    -0.6050 -9.990e-29
 281.865208     -0.193   0.427921    14.3808    -1.9032     -0.191     0.2615    -0.6047 -9.990e-29
 281.865214     -0.186   0.427895    14.3820    -1.9027     -0.184     0.2615    -0.6048 -9.990e-29
 281.865220     -0.177   0.427849    14.3843    -1.9023     -0.176     0.2614    -0.6052 -9.990e-29
 281.865226     -0.166   0.427723    14.3867    -1.9019     -0.165     0.2613    -0.6056 -9.990e-29
 281.865231     -0.155   0.427349    14.3893    -1.9016     -0.154     0.2611    -0.6062 -9.990e-29
 281.865237     -0.150   0.426781    14.3920    -1.9015     -0.149     0.2607    -0.6069 -9.990e-29
 281.865243     -0.144   0.426370    14.3943    -1.9015     -0.143     0.2604    -0.6074 -9.990e-29
 281.865249     -0.133   0.426124    14.3972    -1.9014     -0.132     0.2602    -0.6080 -9.990e-29
 281.865255     -0.122   0.425713    14.4029    -1.9013     -0.121     0.2599    -0.6090 -9.990e-29
 281.865260     -0.113   0.425145    14.4115    -1.9012     -0.112     0.2595    -0.6106 -9.990e-29
 281.865266     -0.106   0.424771    14.4211    -1.9012     -0.105     0.2592    -0.6122 -9.990e-29
 281.865272     -0.101   0.424647    14.4305    -1.9013     -0.100     0.2591    -0.6137 -9.990e-29
 281.865278     -0.097   0.424605    14.4390    -1.9010     -0.096     0.2590    -0.6150 -9.990e-29
 281.865284     -0.093   0.424590    14.4455    -1.9005     -0.092     0.2590    -0.6159 -9.990e-29
 281.865289     -0.091   0.424583    14.4495    -1.9002     -0.090     0.2589    -0.6165 -9.990e-29
 281.865295     -0.089   0.424577    14.4519    -1.9000     -0.088     0.2589    -0.6169 -9.990e-29
 281.865301     -0.087   0.424563    14.4540    -1.8998     -0.086     0.2589    -0.6172 -9.990e-29
 281.865307     -0.086   0.424521    14.4563    -1.8997     -0.085     0.2589    -0.6176 -9.990e-29
 281.865313     -0.085   0.424398    14.4580    -1.8997     -0.084     0.2588    -0.6179 -9.990e-29
 281.865318     -0.084   0.424029    14.4590    -1.8995     -0.083     0.2585    -0.6182 -9.990e-29
 281.865324     -0.084   0.423475    14.4612    -1.8996     -0.083     0.2582    -0.6188 -9.990e-29
 281.865330     -0.083   0.423105    14.4666    -1.8997     -0.082     0.2579    -0.6198 -9.990e-29
 281.865336     -0.083   0.422981    14.4743    -1.8997     -0.082     0.2578    -0.6210 -9.990e-29
 281.865341     -0.083   0.422939    14.4817    -1.9001     -0.082     0.2577    -0.6222 -9.990e-29
 281.865347     -0.083   0.422921    14.4873    -1.9009     -0.082     0.2577    -0.6230 -9.990e-29
 281.865353     -0.083   0.422903    14.4914    -1.9015     -0.082     0.2576    -0.6237 -9.990e-29
 281.865359     -0.082   0.422863    14.4943    -1.9019     -0.081     0.2576    -0.6241 -9.990e-29
 281.865365     -0.082   0.422748    14.4964    -1.9015     -0.081     0.2575    -0.6245 -9.990e-29
 281.865370     -0.082   0.422406    14.4977    -1.9009     -0.081     0.2573    -0.6248 -9.990e-29
 281.865376     -0.082   0.421934    14.4972    -1.9007     -0.081     0.2570    -0.6250 -9.990e-29
 281.865382     -0.082   0.421810    14.4947    -1.9008     -0.081     0.2569    -0.6247 -9.990e-29
 281.865388     -0.082   0.421871    14.4896    -1.9009     -0.081     0.2570    -0.6239 -9.990e-29
 281.865394     -0.082   0.421644    14.4803    -1.9010     -0.081     0.2569    -0.6226 -9.990e-29
 281.865399     -0.082   0.421380    14.4679    -1.9011     -0.081     0.2568    -0.6209 -9.990e-29
 281.865405     -0.081   0.421281    14.4570    -1.9020     -0.080     0.2568    -0.6193 -9.990e-29
 281.865411     -0.081   0.421215    14.4523    -1.9034     -0.080     0.2568    -0.6186 -9.990e-29
 281.865417     -0.081   0.421093    14.4555    -1.9043     -0.080     0.2567    -0.6191 -9.990e-29
 281.865422     -0.081   0.420755    14.4622    -1.9049     -0.080     0.2565    -0.6203 -9.990e-29
 281.865428     -0.081   0.420303    14.4665    -1.9050     -0.080     0.2562    -0.6212 -9.990e-29
 281.865434     -0.080   0.420242    14.4672    -1.9053     -0.079     0.2561    -0.6213 -9.990e-29
 281.865440     -0.080   0.420493    14.4655    -1.9054     -0.079     0.2563    -0.6209 -9.990e-29
 281.865446     -0.079   0.420468    14.4613    -1.9055     -0.078     0.2563    -0.6203 -9.990e-29
 281.865451     -0.078   0.420133    14.4517    -1.9055     -0.077     0.2561    -0.6190 -9.990e-29
 281.865457     -0.077   0.419779    14.4339    -1.9053     -0.076     0.2560    -0.6165 -9.990e-29
 281.865463     -0.075   0.419490    14.4112    -1.9050     -0.074     0.2560    -0.6133 -9.990e-29
 281.865469     -0.073   0.419065    14.3910    -1.9049     -0.072     0.2559    -0.6105 -9.990e-29
 281.865475     -0.071   0.418491    14.3769    -1.9050     -0.070     0.2556    -0.6087 -9.990e-29
 281.865480     -0.068   0.418112    14.3683    -1.9058     -0.067     0.2554    -0.6076 -9.990e-29
 281.865486     -0.064   0.417979    14.3627    -1.9064     -0.063     0.2553    -0.6068 -9.990e-29
 281.865492     -0.058   0.417915    14.3589    -1.9068     -0.058     0.2553    -0.6063 -9.990e-29
 281.865498     -0.052   0.417832    14.3570    -1.9070     -0.052     0.2553    -0.6060 -9.990e-29
 281.865503     -0.043   0.417622    14.3576    -1.9072     -0.043     0.2552    -0.6062 -9.990e-29
 281.865509     -0.032   0.417558    14.3604    -1.9072     -0.032     0.2551    -0.6067 -9.990e-29
 281.865515     -0.022   0.418109    14.3636    -1.9075     -0.022     0.2554    -0.6069 -9.990e-29
 281.865521     -0.017   0.418904    14.3642    -1.9074     -0.017     0.2559    -0.6066 -9.990e-29
 281.865527     -0.016   0.419341    14.3592    -1.9070     -0.016     0.2562    -0.6056 -9.990e-29
 281.865532     -0.019   0.419449    14.3485    -1.9068     -0.019     0.2564    -0.6040 -9.990e-29
 281.865538     -0.022   0.419372    14.3364    -1.9062     -0.022     0.2564    -0.6022 -9.990e-29
 281.865544     -0.022   0.419006    14.3267    -1.9059     -0.022     0.2562    -0.6010 -9.990e-29
 281.865550     -0.018   0.418418    14.3204    -1.9060     -0.018     0.2559    -0.6003 -9.990e-29
 281.865556     -0.010   0.417933    14.3166    -1.9061     -0.010     0.2556    -0.6000 -9.990e-29
 281.865561     -0.002   0.417459    14.3137    -1.9064     -0.002     0.2553    -0.5998 -9.990e-29
 281.865567     -0.001   0.416918    14.3120    -1.9070     -0.001     0.2550    -0.5998 -9.990e-29
 281.865573     -0.009   0.416698    14.3137    -1.9075     -0.009     0.2548    -0.6002 -9.990e-29
 281.865579     -0.015   0.417061    14.3188    -1.9077     -0.015     0.2550    -0.6007 -9.990e-29
 281.865584     -0.018   0.417937    14.3259    -1.9076     -0.018     0.2556    -0.6014 -9.990e-29
 281.865590     -0.016   0.418832    14.3334    -1.9074     -0.016     0.2561    -0.6020 -9.990e-29
 281.865596     -0.010   0.419278    14.3386    -1.9073     -0.010     0.2563    -0.6026 -9.990e-29
 281.865602      0.000   0.419316    14.3396    -1.9073      0.000     0.2563    -0.6027 -9.990e-29
 281.865608      0.016   0.418996    14.3369    -1.9071      0.016     0.2561    -0.6025 -9.990e-29
 281.865613      0.037   0.418446    14.3306    -1.9071      0.037     0.2558    -0.6018 -9.990e-29
 281.865619      0.062   0.418041    14.3214    -1.9070      0.061     0.2556    -0.6006 -9.990e-29
 281.865625      0.084   0.417797    14.3130    -1.9072      0.083     0.2555    -0.5995 -9.990e-29
 281.865631      0.099   0.417387    14.3084    -1.9074      0.098     0.2553    -0.5990 -9.990e-29
 281.865637      0.108   0.416819    14.3080    -1.9076      0.107     0.2550    -0.5992 -9.990e-29
 281.865642      0.112   0.416444    14.3100    -1.9077      0.111     0.2547    -0.5997 -9.990e-29
 281.865648      0.112   0.416319    14.3119    -1.9085      0.111     0.2546    -0.6001 -9.990e-29
 281.865654      0.107   0.416277    14.3134    -1.9090      0.106     0.2546    -0.6003 -9.990e-29
 281.865660      0.101   0.416261    14.3153    -1.9086      0.100     0.2546    -0.6006 -9.990e-29
 281.865666      0.102   0.416252    14.3168    -1.9084      0.101     0.2546    -0.6008 -9.990e-29
 281.865671      0.111   0.416237    14.3166    -1.9084      0.110     0.2545    -0.6008 -9.990e-29
 281.865677      0.119   0.416195    14.3139    -1.9084      0.118     0.2545    -0.6004 -9.990e-29
 281.865683      0.123   0.416071    14.3096    -1.9087      0.122     0.2545    -0.5998 -9.990e-29
 281.865689      0.127   0.415701    14.3045    -1.9088      0.126     0.2543    -0.5993 -9.990e-29
 281.865694      0.135   0.415146    14.2973    -1.9089      0.134     0.2540    -0.5985 -9.990e-29
 281.865700      0.145   0.414776    14.2882    -1.9088      0.144     0.2538    -0.5973 -9.990e-29
 281.865706      0.152   0.414651    14.2823    -1.9088      0.151     0.2538    -0.5965 -9.990e-29
 281.865712      0.157   0.414605    14.2823    -1.9088      0.156     0.2537    -0.5965 -9.990e-29
 281.865718      0.160   0.414578    14.2844    -1.9088      0.159     0.2537    -0.5968 -9.990e-29
 281.865723      0.161   0.414532    14.2851    -1.9087      0.160     0.2537    -0.5970 -9.990e-29
 281.865729      0.160   0.414406    14.2837    -1.9087      0.159     0.2536    -0.5968 -9.990e-29
 281.865735      0.158   0.414035    14.2806    -1.9086      0.157     0.2534    -0.5966 -9.990e-29
 281.865741      0.154   0.413479    14.2775    -1.9087      0.153     0.2531    -0.5964 -9.990e-29
 281.865747      0.152   0.413105    14.2761    -1.9088      0.151     0.2528    -0.5963 -9.990e-29
 281.865752      0.157   0.412968    14.2761    -1.9087      0.156     0.2527    -0.5964 -9.990e-29
 281.865758      0.163   0.412886    14.2766    -1.9088      0.162     0.2527    -0.5965 -9.990e-29
 281.865764      0.169   0.412751    14.2771    -1.9089      0.168     0.2526    -0.5967 -9.990e-29
 281.865770      0.173   0.412381    14.2780    -1.9092      0.172     0.2524    -0.5970 -9.990e-29
 281.865775      0.176   0.411838    14.2788    -1.9093      0.175     0.2520    -0.5974 -9.990e-29
 281.865781      0.179   0.411507    14.2795    -1.9092      0.178     0.2518    -0.5976 -9.990e-29
 281.865787      0.180   0.411502    14.2799    -1.9089      0.178     0.2518    -0.5977 -9.990e-29
 281.865793      0.182   0.411816    14.2794    -1.9087      0.180     0.2520    -0.5975 -9.990e-29
 281.865799      0.183   0.412313    14.2787    -1.9084      0.181     0.2523    -0.5971 -9.990e-29
 281.865804      0.184   0.412551    14.2781    -1.9085      0.182     0.2525    -0.5969 -9.990e-29
 281.865810      0.185   0.412293    14.2767    -1.9086      0.183     0.2523    -0.5968 -9.990e-29
 281.865816      0.185   0.411749    14.2738    -1.9089      0.183     0.2520    -0.5967 -9.990e-29
 281.865822      0.186   0.411302    14.2705    -1.9088      0.184     0.2517    -0.5964 -9.990e-29
 281.865828      0.186   0.410909    14.2691    -1.9087      0.184     0.2515    -0.5964 -9.990e-29
 281.865833      0.186   0.410601    14.2708    -1.9087      0.184     0.2513    -0.5968 -9.990e-29
 281.865839      0.187   0.410521    14.2747    -1.9089      0.185     0.2512    -0.5974 -9.990e-29
 281.865845      0.187   0.410564    14.2794    -1.9086      0.185     0.2512    -0.5981 -9.990e-29
 281.865851      0.187   0.410788    14.2827    -1.9085      0.185     0.2513    -0.5984 -9.990e-29
 281.865856      0.187   0.410938    14.2832    -1.9086      0.185     0.2514    -0.5984 -9.990e-29
 281.865862      0.188   0.410659    14.2813    -1.9085      0.186     0.2513    -0.5983 -9.990e-29
 281.865868      0.188   0.410135    14.2789    -1.9085      0.186     0.2509    -0.5982 -9.990e-29
 281.865874      0.188   0.409775    14.2782    -1.9084      0.186     0.2507    -0.5983 -9.990e-29
 281.865880      0.189   0.409655    14.2788    -1.9082      0.187     0.2506    -0.5984 -9.990e-29
 281.865885      0.189   0.409614    14.2787    -1.9085      0.187     0.2506    -0.5984 -9.990e-29
 281.865891      0.190   0.409600    14.2790    -1.9088      0.188     0.2506    -0.5985 -9.990e-29
 281.865897      0.190   0.409594    14.2811    -1.9090      0.188     0.2506    -0.5988 -9.990e-29
 281.865903      0.191   0.409588    14.2831    -1.9096      0.189     0.2506    -0.5991 -9.990e-29
 281.865909      0.192   0.409574    14.2841    -1.9100      0.190     0.2506    -0.5992 -9.990e-29
 281.865914      0.194   0.409532    14.2848    -1.9103      0.192     0.2505    -0.5994 -9.990e-29
 281.865920      0.196   0.409409    14.2857    -1.9104      0.194     0.2504    -0.5996 -9.990e-29
 281.865926      0.199   0.409039    14.2870    -1.9104      0.197     0.2502    -0.5999 -9.990e-29
 281.865932      0.202   0.408485    14.2871    -1.9101      0.200     0.2499    -0.6002 -9.990e-29
 281.865937      0.206   0.408115    14.2835    -1.9098      0.204     0.2496    -0.5999 -9.990e-29
 281.865943      0.211   0.407992    14.2773    -1.9097      0.209     0.2496    -0.5990 -9.990e-29
 281.865949      0.218   0.407953    14.2696    -1.9099      0.216     0.2496    -0.5979 -9.990e-29
 281.865955      0.227   0.407946    14.2606    -1.9104      0.225     0.2497    -0.5966 -9.990e-29
 281.865961      0.235   0.407962    14.2517    -1.9109      0.233     0.2497    -0.5953 -9.990e-29
 281.865966      0.237   0.408021    14.2453    -1.9117      0.235     0.2498    -0.5943 -9.990e-29
 281.865972      0.237   0.408204    14.2424    -1.9115      0.235     0.2500    -0.5938 -9.990e-29
 281.865978      0.241   0.408755    14.2429    -1.9108      0.239     0.2503    -0.5936 -9.990e-29
 281.865984      0.244   0.409856    14.2458    -1.9105      0.242     0.2510    -0.5935 -9.990e-29
 281.865990      0.242   0.411311    14.2484    -1.9102      0.240     0.2519    -0.5931 -9.990e-29
 281.865995      0.240   0.413398    14.2476    -1.9099      0.238     0.2532    -0.5920 -9.990e-29
 281.866001      0.241   0.418347    14.2422    -1.9097      0.239     0.2563    -0.5888 -9.990e-29
 281.866007      0.245   0.426662    14.2330    -1.9095      0.243     0.2616    -0.5834 -9.990e-29
 281.866013      0.248   0.433912    14.2222    -1.9091      0.246     0.2663    -0.5782 -9.990e-29
 281.866019      0.247   0.437019    14.2146    -1.9089      0.245     0.2683    -0.5756 -9.990e-29
 281.866024      0.246   0.437358    14.2154    -1.9088      0.244     0.2685    -0.5755 -9.990e-29
 281.866030      0.248   0.436488    14.2230    -1.9086      0.246     0.2679    -0.5771 -9.990e-29
 281.866036      0.254   0.434912    14.2319    -1.9087      0.252     0.2668    -0.5792 -9.990e-29
 281.866042      0.264   0.433300    14.2399    -1.9091      0.262     0.2658    -0.5811 -9.990e-29
 281.866047      0.275   0.432275    14.2469    -1.9095      0.273     0.2651    -0.5827 -9.990e-29
 281.866053      0.283   0.432132    14.2528    -1.9096      0.281     0.2649    -0.5836 -9.990e-29
 281.866059      0.289   0.432682    14.2583    -1.9092      0.287     0.2653    -0.5842 -9.990e-29
 281.866065      0.289   0.433548    14.2636    -1.9094      0.287     0.2658    -0.5845 -9.990e-29
 281.866071      0.282   0.434777    14.2683    -1.9094      0.280     0.2665    -0.5846 -9.990e-29
 281.866076      0.276   0.436345    14.2717    -1.9096      0.274     0.2675    -0.5843 -9.990e-29
 281.866082      0.272   0.438128    14.2725    -1.9098      0.270     0.2686    -0.5836 -9.990e-29
 281.866088      0.265   0.440287    14.2698    -1.9099      0.263     0.2700    -0.5821 -9.990e-29
 281.866094      0.259   0.442931    14.2642    -1.9099      0.257     0.2717    -0.5800 -9.990e-29
 281.866100      0.257   0.445706    14.2584    -1.9096      0.255     0.2735    -0.5778 -9.990e-29
 281.866105      0.260   0.448434    14.2559    -1.9094      0.258     0.2752    -0.5761 -9.990e-29
