data/oxygen options/OCNMS/OCNMS1/raw_data/2021/CAST_TH042_210827faed.cnv
* Sea-Bird SBE 19 Data File:
* FileName = C:\2021 Mooring Data\Casts\CAST_TH042_210827.hex
* Software Version SeatermAF 2.1.2
* Temperature SN = 2997
* Conductivity SN = 2997
* System UpLoad Time = Aug 27 2021 17:21:08 (localtime) = Aug 27 2021 17:21:08 (UTC)
** CAST_TH042_210827
* ds
# nquan = 9                                 
# nvalues = 1804                        
# units = specified
# name 0 = timeJ: Julian Days
# name 1 = prSM: Pressure, Strain Gauge [db]
# name 2 = c0mS/cm: Conductivity [mS/cm]
# name 3 = t090C: Temperature [ITS-90, deg C]
# name 4 = sbeox0ML/L: Oxygen, SBE 43 [ml/l]
# name 5 = depSM: Depth [salt water, m], lat = 47.5
# name 6 = sal00: Salinity, Practical [PSU]
# name 7 = sigma-é00: Density [sigma-theta, kg/m^3]
# name 8 = flag: flag
# span 0 = 239.647014, 239.657448       
# span 1 =     -4.891,     41.373       
# span 2 =   0.005928,  37.275820       
# span 3 =     7.6572,    13.2366       
# span 4 =   -12.5614,    17.2538       
# span 5 =     -4.850,     41.024       
# span 6 =     0.0088,    33.5840       
# span 7 =    -0.6444,    26.2115       
# span 8 = 0.0000e+00, 0.0000e+00       
# interval = seconds: 0.5
# start_time = Aug 27 2021 15:31:42 [Instrument's time stamp, header]
# bad_flag = -9.990e-29
*END*
[from data line 961]
 239.652575     25.060  34.607831     7.6744     1.6076     24.849    33.5811    26.2072 0.0000e+00
 239.652581     25.306  34.610657     7.6756     1.6508     25.093    33.5828    26.2084 0.0000e+00
 239.652587     25.536  34.610500     7.6767     1.6710     25.321    33.5815    26.2072 0.0000e+00
 239.652593     25.752  34.609257     7.6777     1.6565     25.535    33.5791    26.2051 0.0000e+00
 239.652598     25.959  34.606839     7.6764     1.6810     25.741    33.5776    26.2042 0.0000e+00
 239.652604     26.170  34.603318     7.6723     1.6181     25.950    33.5777    26.2048 0.0000e+00
 239.652610     26.393  34.600690     7.6687     1.6325     26.171    33.5782    26.2058 0.0000e+00
 239.652616     26.631  34.599920     7.6679     1.6587     26.407    33.5781    26.2057 0.0000e+00
 239.652622     26.877  34.600548     7.6685     1.6506     26.651    33.5780    26.2056 0.0000e+00
 239.652627     27.125  34.601744     7.6687     1.6546     26.897    33.5790    26.2064 0.0000e+00
 239.652633     27.379  34.602317     7.6675     1.6426     27.149    33.5807    26.2079 0.0000e+00
 239.652639     27.645  34.601367     7.6650     1.6261     27.412    33.5819    26.2092 0.0000e+00
 239.652645     27.928  34.599327     7.6622     1.6239     27.693    33.5823    26.2099 0.0000e+00
 239.652650     28.229  34.597414     7.6601     1.6259     27.991    33.5821    26.2101 0.0000e+00
 239.652656     28.542  34.596456     7.6592     1.6217     28.302    33.5818    26.2100 0.0000e+00
 239.652662     28.851  34.596313     7.6593     1.6298     28.608    33.5814    26.2096 0.0000e+00
 239.652668     29.151  34.596808     7.6596     1.6340     28.906    33.5815    26.2097 0.0000e+00
 239.652674     29.444  34.597497     7.6591     1.6198     29.196    33.5826    26.2106 0.0000e+00
 239.652679     29.727  34.597635     7.6581     1.6281     29.477    33.5836    26.2115 0.0000e+00
 239.652685     29.993  34.597421     7.6578     1.6220     29.741    33.5835    26.2115 0.0000e+00
 239.652691     30.236  34.597708     7.6588     1.6159     29.981    33.5827    26.2108 0.0000e+00
 239.652697     30.461  34.598892     7.6602     1.6282     30.205    33.5825    26.2104 0.0000e+00
 239.652703     30.671  34.600330     7.6609     1.6035     30.413    33.5833    26.2109 0.0000e+00
 239.652708     30.877  34.601153     7.6610     1.6115     30.617    33.5840    26.2115 0.0000e+00
 239.652714     31.096  34.600795     7.6605     1.6156     30.834    33.5840    26.2115 0.0000e+00
 239.652720     31.341  34.599357     7.6594     1.6095     31.077    33.5834    26.2112 0.0000e+00
 239.652726     31.612  34.597744     7.6581     1.6177     31.346    33.5828    26.2109 0.0000e+00
 239.652731     31.899  34.596621     7.6573     1.6220     31.630    33.5822    26.2106 0.0000e+00
 239.652737     32.195  34.596186     7.6572     1.6097     31.924    33.5817    26.2102 0.0000e+00
 239.652743     32.489  34.596436     7.6577     1.6262     32.215    33.5813    26.2099 0.0000e+00
 239.652749     32.771  34.597162     7.6589     1.6118     32.495    33.5808    26.2093 0.0000e+00
 239.652755     33.031  34.598225     7.6607     1.6079     32.753    33.5801    26.2085 0.0000e+00
 239.652760     33.261  34.599937     7.6620     1.5630     32.981    33.5806    26.2087 0.0000e+00
 239.652766     33.467  34.601797     7.6623     1.5879     33.185    33.5822    26.2099 0.0000e+00
 239.652772     33.676  34.602377     7.6619     1.6061     33.392    33.5831    26.2107 0.0000e+00
 239.652778     33.903  34.601351     7.6609     1.6263     33.617    33.5829    26.2106 0.0000e+00
 239.652784     34.152  34.599611     7.6599     1.6260     33.864    33.5818    26.2100 0.0000e+00
 239.652789     34.416  34.598214     7.6593     1.5609     34.126    33.5808    26.2092 0.0000e+00
 239.652795     34.692  34.597554     7.6592     1.5898     34.400    33.5800    26.2087 0.0000e+00
 239.652801     34.979  34.597328     7.6590     1.5916     34.684    33.5799    26.2085 0.0000e+00
 239.652807     35.278  34.597251     7.6584     1.6241     34.981    33.5802    26.2089 0.0000e+00
 239.652813     35.592  34.597237     7.6580     1.6300     35.292    33.5804    26.2092 0.0000e+00
 239.652818     35.910  34.597286     7.6581     1.6019     35.607    33.5802    26.2090 0.0000e+00
 239.652824     36.209  34.597478     7.6584     1.6081     35.904    33.5800    26.2088 0.0000e+00
 239.652830     36.472  34.598083     7.6589     1.5877     36.164    33.5801    26.2087 0.0000e+00
 239.652836     36.687  34.599364     7.6593     1.5981     36.378    33.5809    26.2094 0.0000e+00
 239.652841     36.861  34.600802     7.6594     1.5940     36.550    33.5823    26.2105 0.0000e+00
 239.652847     37.005  34.601530     7.6593     1.5921     36.693    33.5831    26.2111 0.0000e+00
 239.652853     37.132  34.601417     7.6592     1.5981     36.819    33.5830    26.2111 0.0000e+00
 239.652859     37.263  34.600888     7.6594     1.5962     36.949    33.5822    26.2104 0.0000e+00
 239.652865     37.419  34.600380     7.6595     1.5838     37.103    33.5815    26.2098 0.0000e+00
 239.652870     37.609  34.599793     7.6591     1.5961     37.292    33.5812    26.2096 0.0000e+00
 239.652876     37.830  34.598924     7.6587     1.5920     37.511    33.5805    26.2091 0.0000e+00
 239.652882     38.069  34.598310     7.6585     1.5941     37.748    33.5799    26.2087 0.0000e+00
 239.652888     38.320  34.598269     7.6582     1.5982     37.997    33.5800    26.2089 0.0000e+00
 239.652894     38.578  34.598202     7.6578     1.5757     38.252    33.5802    26.2091 0.0000e+00
 239.652899     38.828  34.598038     7.6575     1.5921     38.500    33.5802    26.2091 0.0000e+00
 239.652905     39.058  34.598133     7.6577     1.5799     38.728    33.5800    26.2089 0.0000e+00
 239.652911     39.265  34.598069     7.6581     1.5798     38.934    33.5795    26.2084 0.0000e+00
 239.652917     39.453  34.597777     7.6586     1.5920     39.120    33.5786    26.2077 0.0000e+00
 239.652922     39.625  34.598006     7.6590     1.5817     39.291    33.5784    26.2074 0.0000e+00
 239.652928     39.789  34.598518     7.6589     1.5959     39.453    33.5789    26.2079 0.0000e+00
 239.652934     39.950  34.598333     7.6586     1.5877     39.613    33.5790    26.2080 0.0000e+00
 239.652940     40.105  34.597781     7.6586     1.5836     39.766    33.5783    26.2074 0.0000e+00
 239.652946     40.248  34.597824     7.6590     1.5448     39.908    33.5779    26.2071 0.0000e+00
 239.652951     40.375  34.598536     7.6593     1.5737     40.034    33.5783    26.2073 -9.990e-29
 239.652957     40.490  34.599202     7.6596     1.5797     40.148    33.5787    26.2076 -9.990e-29
 239.652963     40.591  34.599605     7.6603     1.6042     40.248    33.5784    26.2073 -9.990e-29
 239.652969     40.663  34.600302     7.6610     1.6019     40.320    33.5784    26.2072 -9.990e-29
 239.652975     40.694  34.601117     7.6614     1.5305     40.350    33.5789    26.2075 -9.990e-29
 239.652980     40.690  34.601472     7.6615     1.5759     40.346    33.5792    26.2077 -9.990e-29
 239.652986     40.673  34.601298     7.6613     1.5779     40.330    33.5792    26.2078 -9.990e-29
 239.652992     40.662  34.600382     7.6606     1.6043     40.319    33.5789    26.2076 -9.990e-29
 239.652998     40.674  34.598643     7.6596     1.6083     40.331    33.5780    26.2071 -9.990e-29
 239.653003     40.718  34.597144     7.6589     1.5799     40.374    33.5770    26.2064 -9.990e-29
 239.653009     40.788  34.596707     7.6587     1.5819     40.444    33.5767    26.2062 -9.990e-29
 239.653015     40.872  34.596766     7.6586     1.5716     40.527    33.5768    26.2063 -9.990e-29
 239.653021     40.963  34.596855     7.6585     1.5817     40.617    33.5770    26.2064 -9.990e-29
 239.653027     41.057  34.597110     7.6584     1.5837     40.710    33.5773    26.2067 -9.990e-29
 239.653032     41.152  34.597328     7.6580     1.5774     40.804    33.5779    26.2072 -9.990e-29
 239.653038     41.245  34.597255     7.6574     1.5774     40.897    33.5783    26.2077 -9.990e-29
 239.653044     41.326  34.597372     7.6572     1.5734     40.977    33.5786    26.2079 -9.990e-29
 239.653050     41.373  34.597851     7.6574     1.5671     41.024    33.5789    26.2081 -9.990e-29
 239.653056     41.369  34.598226     7.6576     1.5855     41.020    33.5791    26.2083 -9.990e-29
 239.653061     41.309  34.598453     7.6580     1.5731     40.960    33.5790    26.2081 -9.990e-29
 239.653067     41.206  34.598851     7.6585     1.5793     40.858    33.5790    26.2080 -9.990e-29
 239.653073     41.075  34.599408     7.6590     1.5811     40.728    33.5792    26.2081 0.0000e+00
 239.653079     40.924  34.599767     7.6594     1.5689     40.578    33.5793    26.2081 0.0000e+00
 239.653084     40.762  34.599866     7.6597     1.5893     40.418    33.5792    26.2080 0.0000e+00
 239.653090     40.595  34.599856     7.6598     1.5812     40.252    33.5791    26.2079 0.0000e+00
 239.653096     40.425  34.599743     7.6598     1.5731     40.084    33.5791    26.2079 0.0000e+00
 239.653102     40.250  34.599393     7.6596     1.5793     39.910    33.5790    26.2078 0.0000e+00
 239.653108     40.072  34.598920     7.6590     1.5671     39.734    33.5791    26.2081 0.0000e+00
 239.653113     39.896  34.598831     7.6586     1.5875     39.559    33.5795    26.2084 0.0000e+00
 239.653119     39.729  34.599027     7.6588     1.5770     39.394    33.5796    26.2084 0.0000e+00
 239.653125     39.573  34.598668     7.6591     1.5709     39.239    33.5790    26.2079 0.0000e+00
 239.653131     39.430  34.597853     7.6591     1.5544     39.097    33.5782    26.2073 -9.990e-29
 239.653137     39.308  34.597195     7.6587     1.5545     38.976    33.5779    26.2071 -9.990e-29
 239.653142     39.214  34.596398     7.6582     1.5726     38.883    33.5776    26.2069 -9.990e-29
 239.653148     39.144  34.595538     7.6579     1.5787     38.814    33.5770    26.2065 -9.990e-29
 239.653154     39.082  34.595167     7.6580     1.5765     38.752    33.5765    26.2061 -9.990e-29
 239.653160     39.003  34.595367     7.6580     1.5275     38.674    33.5768    26.2063 -9.990e-29
 239.653166     38.892  34.595861     7.6580     1.5544     38.564    33.5774    26.2068 -9.990e-29
 239.653171     38.743  34.596203     7.6584     1.5828     38.416    33.5774    26.2068 0.0000e+00
 239.653177     38.555  34.596306     7.6588     1.6009     38.230    33.5772    26.2066 0.0000e+00
 239.653183     38.337  34.596326     7.6588     1.5945     38.014    33.5774    26.2067 0.0000e+00
 239.653189     38.102  34.596311     7.6587     1.5744     37.781    33.5776    26.2068 0.0000e+00
 239.653194     37.863  34.596259     7.6586     1.5601     37.544    33.5777    26.2070 0.0000e+00
 239.653200     37.641  34.596121     7.6584     1.5622     37.323    33.5779    26.2071 0.0000e+00
 239.653206     37.446  34.595734     7.6581     1.5764     37.130    33.5778    26.2071 0.0000e+00
 239.653212     37.276  34.595160     7.6579     1.5601     36.962    33.5775    26.2069 0.0000e+00
 239.653218     37.118  34.594773     7.6581     1.5764     36.805    33.5769    26.2064 0.0000e+00
 239.653223     36.963  34.594635     7.6585     1.5702     36.651    33.5765    26.2060 0.0000e+00
 239.653229     36.805  34.594578     7.6588     1.5682     36.495    33.5762    26.2057 0.0000e+00
 239.653235     36.644  34.594545     7.6590     1.5804     36.335    33.5761    26.2056 0.0000e+00
 239.653241     36.477  34.594513     7.6588     1.5681     36.169    33.5763    26.2058 0.0000e+00
 239.653247     36.310  34.594456     7.6586     1.5783     36.004    33.5765    26.2060 0.0000e+00
 239.653252     36.160  34.594316     7.6584     1.5701     35.855    33.5766    26.2061 0.0000e+00
 239.653258     36.028  34.593928     7.6581     1.5662     35.724    33.5766    26.2061 -9.990e-29
 239.653264     35.907  34.593352     7.6581     1.5762     35.604    33.5760    26.2057 -9.990e-29
 239.653270     35.790  34.592958     7.6583     1.5681     35.488    33.5754    26.2052 -9.990e-29
 239.653275     35.667  34.592801     7.6583     1.5702     35.366    33.5753    26.2051 -9.990e-29
 239.653281     35.542  34.592686     7.6580     1.5680     35.242    33.5756    26.2053 0.0000e+00
 239.653287     35.417  34.592480     7.6577     1.5659     35.118    33.5757    26.2055 -9.990e-29
 239.653293     35.294  34.592110     7.6577     1.5780     34.996    33.5753    26.2052 -9.990e-29
 239.653299     35.178  34.591658     7.6580     1.5636     34.881    33.5746    26.2046 -9.990e-29
 239.653304     35.075  34.591287     7.6580     1.5759     34.779    33.5743    26.2043 -9.990e-29
 239.653310     34.981  34.591094     7.6579     1.5698     34.686    33.5742    26.2043 -9.990e-29
 239.653316     34.887  34.591031     7.6579     1.5677     34.593    33.5742    26.2042 -9.990e-29
 239.653322     34.783  34.591036     7.6577     1.5800     34.490    33.5744    26.2045 -9.990e-29
 239.653328     34.666  34.591136     7.6574     1.5678     34.374    33.5749    26.2049 -9.990e-29
 239.653333     34.529  34.591486     7.6576     1.5779     34.238    33.5751    26.2050 0.0000e+00
 239.653339     34.364  34.592015     7.6582     1.5779     34.074    33.5752    26.2050 0.0000e+00
 239.653345     34.180  34.592330     7.6586     1.5185     33.892    33.5752    26.2050 0.0000e+00
 239.653351     33.996  34.592312     7.6587     1.5719     33.709    33.5752    26.2049 0.0000e+00
 239.653356     33.826  34.591963     7.6586     1.5676     33.541    33.5750    26.2048 0.0000e+00
 239.653362     33.681  34.591400     7.6584     1.5858     33.397    33.5747    26.2045 -9.990e-29
 239.653368     33.560  34.591015     7.6584     1.5916     33.277    33.5743    26.2043 -9.990e-29
 239.653374     33.456  34.590879     7.6584     1.5369     33.174    33.5742    26.2042 -9.990e-29
 239.653380     33.357  34.590831     7.6585     1.5613     33.076    33.5741    26.2041 -9.990e-29
 239.653385     33.249  34.590828     7.6586     1.5653     32.969    33.5741    26.2040 -9.990e-29
 239.653391     33.125  34.590887     7.6585     1.5753     32.846    33.5743    26.2042 -9.990e-29
 239.653397     32.985  34.591109     7.6584     1.5733     32.707    33.5747    26.2045 0.0000e+00
 239.653403     32.833  34.591249     7.6584     1.5673     32.556    33.5749    26.2047 0.0000e+00
 239.653409     32.678  34.590958     7.6584     1.5694     32.403    33.5747    26.2045 0.0000e+00
 239.653414     32.517  34.590432     7.6581     1.5633     32.243    33.5745    26.2044 0.0000e+00
 239.653420     32.344  34.590112     7.6580     1.5797     32.072    33.5743    26.2043 0.0000e+00
 239.653426     32.162  34.590153     7.6580     1.5714     31.891    33.5744    26.2044 0.0000e+00
 239.653432     31.980  34.590072     7.6584     1.5795     31.711    33.5740    26.2040 0.0000e+00
 239.653438     31.813  34.589782     7.6588     1.5733     31.545    33.5734    26.2035 0.0000e+00
 239.653443     31.671  34.589480     7.6589     1.5569     31.404    33.5731    26.2032 -9.990e-29
 239.653449     31.558  34.588788     7.6588     1.5651     31.292    33.5725    26.2027 -9.990e-29
 239.653455     31.471  34.587365     7.6587     1.5569     31.206    33.5711    26.2016 -9.990e-29
 239.653461     31.404  34.586137     7.6585     1.5691     31.140    33.5700    26.2008 -9.990e-29
 239.653466     31.345  34.586290     7.6582     1.5650     31.081    33.5705    26.2012 -9.990e-29
 239.653472     31.273  34.586928     7.6582     1.5691     31.010    33.5712    26.2018 -9.990e-29
 239.653478     31.175  34.587240     7.6585     1.5730     30.912    33.5713    26.2018 -9.990e-29
 239.653484     31.044  34.587664     7.6586     1.5628     30.783    33.5717    26.2021 0.0000e+00
 239.653490     30.881  34.588226     7.6587     1.5710     30.621    33.5723    26.2026 0.0000e+00
