data/oxygen options/OCNMS/OCNMS1/raw_data/2021/CAST_TH042_210827faedb.cnv
* Sea-Bird SBE 19 Data File:
* FileName = C:\2021 Mooring Data\Casts\CAST_TH042_210827.hex
* Software Version SeatermAF 2.1.2
* Temperature SN = 2997
* Conductivity SN = 2997
* System UpLoad Time = Aug 27 2021 17:21:08 (localtime) = Aug 27 2021 17:21:08 (UTC)
** CAST_TH042_210827
* ds
# nquan = 9
# nvalues = 39                          
# units = specified
# name 0 = timeJ: Julian Days
# name 1 = prSM: Pressure, Strain Gauge [db]
# name 2 = c0mS/cm: Conductivity [mS/cm]
# name 3 = t090C: Temperature [ITS-90, deg C]
# name 4 = sbeox0ML/L: Oxygen, SBE 43 [ml/l]
# name 5 = depSM: Depth [salt water, m], lat = 47.5
# name 6 = sal00: Salinity, Practical [PSU]
# name 7 = sigma-é00: Density [sigma-theta, kg/m^3]
# name 8 = flag: flag
# span 0 = 239.652052, 239.653076       
# span 1 =      3.000,     41.000       
# span 2 =  34.596761,  37.077164       
# span 3 =     7.6577,    11.3543       
# span 4 =     1.5750,     7.4183       
# span 5 =      2.975,     40.653       
# span 6 =    32.7265,    33.5837       
# span 7 =    24.9423,    26.2113       
# span 8 = 0.0000e+00, 0.0000e+00       
# interval = decibars: 1                
# start_time = Aug 27 2021 15:31:42 [Instrument's time stamp, header]
# bad_flag = -9.990e-29
*END*
 239.652052      3.000  37.077164    11.3543     7.4183      2.975    32.7265    24.9423 0.0000e+00
 239.652080      4.000  36.940318    11.1793     7.1364      3.966    32.7469    24.9896 0.0000e+00
 239.652106      5.000  36.833064    11.0217     6.5705      4.958    32.7810    25.0441 0.0000e+00
 239.652131      6.000  36.670679    10.7366     5.5460      5.950    32.8748    25.1672 0.0000e+00
 239.652153      7.000  36.273127    10.1808     5.2229      6.941    32.9780    25.3430 0.0000e+00
 239.652176      8.000  36.053737     9.9250     5.1086      7.933    32.9885    25.3942 0.0000e+00
 239.652202      9.000  35.941650     9.7359     4.9354      8.925    33.0470    25.4711 0.0000e+00
 239.652223     10.000  35.865266     9.6249     4.7819      9.916    33.0705    25.5077 0.0000e+00
 239.652244     11.000  35.759143     9.4922     4.5877     10.908    33.0835    25.5394 0.0000e+00
 239.652267     12.000  35.683686     9.3887     3.8168     11.900    33.1010    25.5698 0.0000e+00
 239.652293     13.000  35.284928     8.8539     3.3633     12.891    33.1841    25.7193 0.0000e+00
 239.652321     14.000  35.047850     8.4843     2.6962     13.883    33.2824    25.8531 0.0000e+00
 239.652342     15.000  34.733255     8.0337     2.5784     14.874    33.3756    25.9935 0.0000e+00
 239.652361     16.000  34.702417     7.9885     2.7300     15.866    33.3853    26.0077 0.0000e+00
 239.652386     17.000  34.745508     8.1288     2.7487     16.858    33.2972    25.9179 0.0000e+00
 239.652413     18.000  34.754201     8.0100     2.2770     17.849    33.4191    26.0311 0.0000e+00
 239.652436     19.000  34.650352     7.8539     1.9300     18.840    33.4570    26.0837 0.0000e+00
 239.652459     20.000  34.639035     7.7996     1.7334     19.832    33.4965    26.1226 0.0000e+00
 239.652480     21.000  34.620080     7.7226     1.7092     20.824    33.5497    26.1755 0.0000e+00
 239.652506     22.000  34.622921     7.7112     1.7457     21.815    33.5633    26.1878 0.0000e+00
 239.652536     23.000  34.608519     7.6890     1.6621     22.807    33.5687    26.1953 0.0000e+00
 239.652555     24.000  34.601461     7.6702     1.6705     23.798    33.5787    26.2059 0.0000e+00
 239.652574     25.000  34.606927     7.6736     1.6466     24.790    33.5809    26.2071 0.0000e+00
 239.652599     26.000  34.606071     7.6744     1.6521     25.781    33.5787    26.2053 0.0000e+00
 239.652624     27.000  34.601147     7.6682     1.6516     26.773    33.5789    26.2064 0.0000e+00
 239.652646     28.000  34.599244     7.6620     1.6234     27.764    33.5823    26.2100 0.0000e+00
 239.652665     29.000  34.596761     7.6593     1.6263     28.756    33.5818    26.2100 0.0000e+00
 239.652686     30.000  34.597806     7.6588     1.6238     29.748    33.5830    26.2109 0.0000e+00
 239.652711     31.000  34.600419     7.6605     1.6100     30.739    33.5837    26.2113 0.0000e+00
 239.652733     32.000  34.596916     7.6577     1.6185     31.730    33.5821    26.2104 0.0000e+00
 239.652755     33.000  34.598971     7.6606     1.5959     32.722    33.5811    26.2093 0.0000e+00
 239.652780     34.000  34.600343     7.6605     1.6043     33.713    33.5821    26.2101 0.0000e+00
 239.652801     35.000  34.597324     7.6588     1.6018     34.705    33.5800    26.2087 0.0000e+00
 239.652820     36.000  34.597515     7.6584     1.6067     35.696    33.5802    26.2089 0.0000e+00
 239.652848     37.000  34.600537     7.6593     1.5945     36.688    33.5820    26.2103 0.0000e+00
 239.652880     38.000  34.598733     7.6586     1.5952     37.680    33.5803    26.2090 0.0000e+00
 239.652904     39.000  34.598070     7.6580     1.5843     38.671    33.5797    26.2087 0.0000e+00
 239.652936     40.000  34.598095     7.6589     1.5784     39.662    33.5784    26.2075 0.0000e+00
 239.653076     41.000  34.599588     7.6592     1.5750     40.653    33.5793    26.2081 0.0000e+00
