Newport Hydrographic Line (44.65oN) CTD+DO station data collected on 17-Jul-2018 starting at 08:04:00 UTC
NHL station number, longitude (degW), pressure (dbar),temperature (degC), practical salinity, potential density (kg/m^3), spiciness (kg/m^3), dissolved oxygen (ml/L)
15,-124.41,1,12.423,32.442,24.528,-0.14635,6.253
15,-124.41,2,12.287,32.446,24.557,-0.1701,6.3245
15,-124.41,3,11.993,32.455,24.62,-0.22096,6.3306
15,-124.41,4,11.663,32.464,24.687,-0.2787,6.3108
15,-124.41,5,11.56,32.472,24.712,-0.29217,6.2893
15,-124.41,6,11.394,32.492,24.758,-0.3094,6.2913
15,-124.41,7,11.218,32.514,24.806,-0.32646,6.2561
15,-124.41,8,10.929,32.551,24.886,-0.35319,6.2305
15,-124.41,9,10.554,32.597,24.987,-0.3886,6.0989
15,-124.41,10,10.298,32.609,25.04,-0.42579,5.7939
15,-124.41,11,10.211,32.623,25.065,-0.4312,5.7211
15,-124.41,12,10.179,32.622,25.07,-0.43734,5.8135
15,-124.41,13,10.151,32.634,25.084,-0.43395,5.8143
15,-124.41,14,10.178,32.652,25.094,-0.41573,5.7593
15,-124.41,15,10.208,32.672,25.104,-0.39614,5.6589
15,-124.41,16,10.188,32.728,25.151,-0.35932,5.5726
15,-124.41,17,10.157,32.777,25.194,-0.32906,5.467
15,-124.41,18,10.157,32.811,25.221,-0.30453,5.4306
15,-124.41,19,10.142,32.821,25.232,-0.29942,5.2003
15,-124.41,20,10.056,32.867,25.282,-0.2815,4.9859
15,-124.41,21,10.019,32.89,25.306,-0.27137,4.8244
15,-124.41,22,9.8986,32.91,25.341,-0.27814,4.7692
15,-124.41,23,9.8752,32.911,25.346,-0.2819,4.7763
15,-124.41,24,9.8746,32.923,25.355,-0.27302,4.6641
15,-124.41,25,9.8522,32.944,25.376,-0.26142,4.5591
15,-124.41,26,9.7719,32.976,25.413,-0.25275,4.329
15,-124.41,27,9.4115,32.947,25.45,-0.33548,4.1985
15,-124.41,28,9.1241,32.953,25.5,-0.37993,3.9037
15,-124.41,29,9.0347,33.022,25.568,-0.34487,3.8325
15,-124.41,30,8.6377,33.017,25.625,-0.41407,3.6205
15,-124.41,31,8.6299,33.052,25.653,-0.39047,3.5236
15,-124.41,32,8.6192,33.078,25.676,-0.37321,3.5102
15,-124.41,33,8.6496,33.155,25.732,-0.31221,3.5565
15,-124.41,34,8.6892,33.209,25.768,-0.2672,3.6058
15,-124.41,35,8.7063,33.236,25.786,-0.24465,3.5901
15,-124.41,36,8.7144,33.256,25.801,-0.22864,3.5017
15,-124.41,37,8.6852,33.326,25.86,-0.1831,3.2063
15,-124.41,38,8.6621,33.372,25.899,-0.15385,3.0959
15,-124.41,39,8.6535,33.39,25.915,-0.14181,3.0519
15,-124.41,40,8.6411,33.407,25.93,-0.13192,2.9988
15,-124.41,41,8.6226,33.444,25.962,-0.10785,2.8976
15,-124.41,42,8.6067,33.483,25.995,-0.082548,2.707
15,-124.41,43,8.5539,33.545,26.052,-0.046221,2.4156
15,-124.41,44,8.5402,33.558,26.064,-0.039141,2.4178
15,-124.41,45,8.5392,33.559,26.065,-0.038807,2.4369
15,-124.41,46,8.5274,33.57,26.076,-0.032575,2.414
15,-124.41,47,8.5203,33.577,26.082,-0.028539,2.4061
15,-124.41,48,8.5167,33.581,26.086,-0.026605,2.3875
15,-124.41,49,8.5137,33.586,26.091,-0.022985,2.3701
15,-124.41,50,8.5045,33.599,26.102,-0.015314,2.3737
15,-124.41,51,8.4994,33.624,26.122,0.0018551,2.4415
15,-124.41,52,8.4933,33.67,26.16,0.03447,2.5448
15,-124.41,53,8.4852,33.7,26.184,0.054475,2.496
15,-124.41,54,8.448,33.714,26.201,0.058611,2.2906
15,-124.41,55,8.406,33.727,26.217,0.060897,2.2506
15,-124.41,56,8.3544,33.765,26.255,0.08007,2.2575
15,-124.41,57,8.309,33.784,26.276,0.08639,2.2238
15,-124.41,58,8.2586,33.807,26.302,0.094959,2.2412
15,-124.41,59,8.2367,33.817,26.313,0.098518,2.263
15,-124.41,60,8.228,33.82,26.317,0.099648,2.2526
15,-124.41,61,8.2192,33.825,26.322,0.10149,2.2698
15,-124.41,62,8.2141,33.828,26.326,0.10312,2.2585
15,-124.41,63,8.1879,33.835,26.335,0.10412,2.1673
15,-124.41,64,8.1336,33.846,26.351,0.10295,2.1082
15,-124.41,65,8.091,33.853,26.363,0.10136,2.0935
15,-124.41,66,8.0703,33.854,26.368,0.099154,2.0666
15,-124.41,67,8.0226,33.862,26.381,0.097072,2.0149
15,-124.41,68,7.9695,33.869,26.394,0.093725,1.945
15,-124.41,69,7.9131,33.876,26.408,0.090101,1.8949
15,-124.41,70,7.8728,33.879,26.417,0.086008,1.8663
15,-124.41,71,7.856,33.881,26.42,0.084602,1.8472
15,-124.41,72,7.8446,33.882,26.423,0.083899,1.8474
15,-124.41,73,7.8424,33.882,26.423,0.083339,1.8407
15,-124.41,74,7.8367,33.883,26.425,0.083026,1.8331
15,-124.41,75,7.8329,33.883,26.425,0.08229,1.8259
15,-124.41,76,7.8292,33.882,26.426,0.081567,1.8358
15,-124.41,77,7.8272,33.883,26.426,0.081555,1.8258
15,-124.41,78,7.8246,33.883,26.427,0.081304,1.8167
15,-124.41,79,7.8195,33.884,26.428,0.081025,1.8206
15,-124.41,80,7.8153,33.884,26.429,0.080813,1.8241
15,-124.41,81,7.8147,33.884,26.429,0.080588,1.8253
15,-124.41,82,7.8136,33.884,26.43,0.0805,1.8132
10,-124.29,1,11.279,33.115,25.262,0.12332,4.5373
10,-124.29,2,10.349,33.176,25.473,-0.0037876,4.4777
10,-124.29,3,10.177,33.171,25.498,-0.038656,4.4613
10,-124.29,4,10.091,33.185,25.524,-0.043822,4.4754
10,-124.29,5,10.042,33.215,25.555,-0.031255,4.4821
10,-124.29,6,9.9835,33.257,25.598,-0.010405,4.4533
10,-124.29,7,9.9446,33.275,25.618,-0.004602,4.3591
10,-124.29,8,9.892,33.299,25.646,0.0035846,4.2766
10,-124.29,9,9.8057,33.324,25.679,0.0061637,4.1224
10,-124.29,10,9.6931,33.367,25.732,0.017782,3.919
10,-124.29,11,9.615,33.395,25.767,0.024679,3.8171
10,-124.29,12,9.584,33.402,25.777,0.02434,3.8312
10,-124.29,13,9.5736,33.403,25.779,0.023013,3.8331
10,-124.29,14,9.5464,33.412,25.791,0.0253,3.773
10,-124.29,15,9.5232,33.419,25.8,0.026114,3.6935
10,-124.29,16,9.4948,33.425,25.81,0.02545,3.6905
10,-124.29,17,9.4862,33.431,25.815,0.028141,3.5921
10,-124.29,18,9.4312,33.448,25.838,0.031101,3.5516
10,-124.29,19,9.4233,33.452,25.842,0.032536,3.5269
10,-124.29,20,9.4048,33.462,25.853,0.036791,3.4091
10,-124.29,21,9.3842,33.481,25.871,0.046863,3.4141
10,-124.29,22,9.3761,33.485,25.876,0.0485,3.4336
10,-124.29,23,9.3672,33.495,25.885,0.05435,3.4203
10,-124.29,24,9.3664,33.511,25.898,0.065721,3.3922
10,-124.29,25,9.372,33.525,25.907,0.076308,3.359
10,-124.29,26,9.3752,33.531,25.912,0.081552,3.3177
10,-124.29,27,9.3546,33.54,25.922,0.084232,3.297
10,-124.29,28,9.3272,33.552,25.936,0.088361,3.2803
10,-124.29,29,9.3214,33.563,25.945,0.094962,3.2283
10,-124.29,30,9.2938,33.581,25.964,0.10348,3.1701
10,-124.29,31,9.2511,33.593,25.98,0.10495,3.115
10,-124.29,32,9.2473,33.611,25.995,0.11749,3.0855
10,-124.29,33,9.2049,33.621,26.009,0.11714,3.0388
10,-124.29,34,9.085,33.637,26.042,0.10897,2.8427
10,-124.29,35,8.9289,33.666,26.089,0.10355,2.7731
10,-124.29,36,8.8988,33.669,26.095,0.10039,2.7193
10,-124.29,37,8.8158,33.681,26.118,0.095655,2.4152
10,-124.29,38,8.6628,33.705,26.16,0.08724,2.2209
10,-124.29,39,8.5496,33.725,26.194,0.083319,2.2111
10,-124.29,40,8.496,33.725,26.202,0.074479,2.1028
10,-124.29,41,8.4376,33.729,26.214,0.067994,2.0769
10,-124.29,42,8.4216,33.727,26.215,0.064086,2.0923
10,-124.29,43,8.4056,33.727,26.217,0.061405,2.0942
10,-124.29,44,8.3678,33.733,26.228,0.059463,2.06
10,-124.29,45,8.326,33.741,26.24,0.058116,2.0412
10,-124.29,46,8.3129,33.745,26.245,0.059316,2.0229
10,-124.29,47,8.2945,33.754,26.255,0.06248,1.9978
10,-124.29,48,8.2627,33.767,26.27,0.066813,1.8985
10,-124.29,49,8.2221,33.783,26.289,0.071838,1.7439
10,-124.29,50,8.1521,33.812,26.322,0.081926,1.5513
10,-124.29,51,8.0972,33.833,26.347,0.088403,1.4775
10,-124.29,52,8.0369,33.852,26.37,0.091887,1.4029
10,-124.29,53,7.9047,33.886,26.417,0.095824,1.3576
10,-124.29,54,7.8458,33.897,26.434,0.094514,1.338
10,-124.29,55,7.8128,33.901,26.442,0.092597,1.3207
10,-124.29,56,7.7824,33.905,26.45,0.090519,1.2628
10,-124.29,57,7.7361,33.915,26.464,0.090587,1.2244
10,-124.29,58,7.7095,33.919,26.471,0.089268,1.1992
10,-124.29,59,7.6938,33.92,26.474,0.087625,1.1936
10,-124.29,60,7.6796,33.922,26.477,0.086363,1.1755
10,-124.29,61,7.6755,33.922,26.478,0.085873,1.1772
10,-124.29,62,7.6746,33.921,26.478,0.085304,1.1719
10,-124.29,63,7.6741,33.921,26.478,0.085012,1.1746
10,-124.29,64,7.6734,33.92,26.477,0.084545,1.1744
10,-124.29,65,7.6718,33.921,26.478,0.084445,1.1644
10,-124.29,66,7.6691,33.921,26.479,0.084389,1.1673
10,-124.29,67,7.6657,33.92,26.479,0.08343,1.1724
10,-124.29,68,7.6638,33.92,26.479,0.08285,1.162
10,-124.29,69,7.6632,33.92,26.479,0.082976,1.1605
10,-124.29,70,7.6651,33.92,26.479,0.083129,1.1471
10,-124.29,71,7.6654,33.92,26.479,0.083178,1.1467
10,-124.29,72,7.6679,33.921,26.479,0.083856,1.133
10,-124.29,73,7.6683,33.921,26.479,0.084062,1.1334
10,-124.29,74,7.6684,33.921,26.479,0.083937,1.1374
10,-124.29,75,7.6686,33.92,26.478,0.083753,1.1313
10,-124.29,76,7.6686,33.92,26.478,0.083609,1.1412
10,-124.29,77,7.6674,33.92,26.478,0.083364,1.1511
10,-124.29,78,7.6665,33.919,26.478,0.082949,1.1535
10,-124.29,79,7.6652,33.919,26.478,0.082618,1.1539
5,-124.18,1,10.946,33.549,25.66,0.37711,4.2056
5,-124.18,2,10.094,33.635,25.874,0.28395,3.8543
5,-124.18,3,9.7942,33.633,25.923,0.22882,3.4224
5,-124.18,4,9.4205,33.616,25.971,0.15139,3.1285
5,-124.18,5,9.2967,33.618,25.992,0.13176,3.152
5,-124.18,6,9.1987,33.649,26.032,0.1374,2.9785
5,-124.18,7,9.0978,33.654,26.052,0.12395,2.9075
5,-124.18,8,9.0761,33.657,26.058,0.1225,2.9056
5,-124.18,9,9.0387,33.687,26.087,0.13745,2.8409
5,-124.18,10,9.0057,33.709,26.11,0.14802,2.7276
5,-124.18,11,8.8485,33.758,26.173,0.15673,2.6529
5,-124.18,12,8.8341,33.757,26.174,0.1538,2.6611
5,-124.18,13,8.7927,33.768,26.189,0.1549,2.6358
5,-124.18,14,8.7705,33.775,26.199,0.15646,2.6217
5,-124.18,15,8.7549,33.783,26.207,0.15948,2.6198
5,-124.18,16,8.7513,33.799,26.22,0.17028,2.6319
5,-124.18,17,8.6546,33.848,26.273,0.18968,2.3
5,-124.18,18,8.4089,33.857,26.318,0.15611,1.9618
5,-124.18,19,8.325,33.856,26.33,0.14182,1.8712
5,-124.18,20,8.2715,33.859,26.34,0.13496,1.8631
5,-124.18,21,8.2394,33.86,26.346,0.13093,1.8277
5,-124.18,22,8.216,33.861,26.351,0.12781,1.7914
5,-124.18,23,8.1927,33.866,26.357,0.12723,1.7749
5,-124.18,24,8.1377,33.873,26.371,0.12361,1.6702
5,-124.18,25,8.0507,33.882,26.392,0.11659,1.4865
5,-124.18,26,7.9668,33.895,26.414,0.1123,1.4035
5,-124.18,27,7.9317,33.898,26.422,0.10927,1.3726
5,-124.18,28,7.9132,33.899,26.425,0.10692,1.3636
5,-124.18,29,7.8926,33.901,26.429,0.10481,1.3544
5,-124.18,30,7.8895,33.901,26.43,0.10417,1.3497
5,-124.18,31,7.8813,33.901,26.431,0.10302,1.3391
5,-124.18,32,7.8737,33.901,26.432,0.10197,1.3281
5,-124.18,33,7.8715,33.901,26.432,0.10126,1.325
5,-124.18,34,7.8707,33.901,26.433,0.10113,1.3242
5,-124.18,35,7.8692,33.9,26.433,0.10067,1.3169
5,-124.18,36,7.8666,33.9,26.433,0.10026,1.3123
5,-124.18,37,7.8608,33.9,26.434,0.099342,1.3087
5,-124.18,38,7.8592,33.9,26.434,0.09923,1.3045
5,-124.18,39,7.8584,33.9,26.434,0.098957,1.3014
5,-124.18,40,7.858,33.9,26.434,0.098889,1.3001
5,-124.18,41,7.8565,33.9,26.434,0.098356,1.3005
5,-124.18,42,7.8552,33.9,26.434,0.098144,1.2957
5,-124.18,43,7.8544,33.9,26.435,0.098081,1.2953
5,-124.18,44,7.8538,33.9,26.435,0.098052,1.2934
5,-124.18,45,7.8539,33.9,26.435,0.097984,1.2904
5,-124.18,46,7.8541,33.9,26.435,0.097864,1.2874
5,-124.18,47,7.8542,33.9,26.434,0.097727,1.2895
5,-124.18,48,7.8542,33.9,26.434,0.097718,1.2884
5,-124.18,49,7.8543,33.9,26.434,0.097725,1.2843
5,-124.18,50,7.8538,33.9,26.435,0.097709,1.2822
5,-124.18,51,7.8537,33.899,26.435,0.09755,1.2836
5,-124.18,52,7.8544,33.899,26.434,0.09759,1.2815
5,-124.18,53,7.8545,33.899,26.434,0.097464,1.2807
5,-124.18,54,7.8546,33.899,26.434,0.097624,1.2799
5,-124.18,55,7.8547,33.899,26.434,0.097424,1.2801
5,-124.18,56,7.8554,33.899,26.434,0.097464,1.2747
5,-124.18,57,7.8555,33.899,26.434,0.097553,1.2745
1,-124.1,1,9.7932,33.734,26.002,0.30201,3.8961
1,-124.1,2,9.7426,33.742,26.017,0.2991,3.923
1,-124.1,3,9.6968,33.761,26.039,0.30453,3.8888
1,-124.1,4,9.6669,33.774,26.054,0.30877,3.8467
1,-124.1,5,9.6493,33.781,26.063,0.31103,3.7385
1,-124.1,6,9.6368,33.788,26.07,0.31375,3.7164
1,-124.1,7,9.6333,33.791,26.073,0.31508,3.703
1,-124.1,8,9.6352,33.798,26.078,0.32046,3.7144
1,-124.1,9,9.6368,33.803,26.082,0.32457,3.7146
1,-124.1,10,9.64,33.804,26.082,0.32554,3.7163
1,-124.1,11,9.6387,33.802,26.081,0.32412,3.7533
1,-124.1,12,9.6522,33.81,26.084,0.33197,3.8649
1,-124.1,13,9.6656,33.817,26.088,0.33972,3.9429
1,-124.1,14,9.6751,33.82,26.089,0.34346,4.0113
1,-124.1,15,9.6833,33.828,26.093,0.35038,4.0363
1,-124.1,16,9.6688,33.835,26.102,0.35332,3.9487
1,-124.1,17,9.6029,33.848,26.122,0.35104,3.7147
1,-124.1,18,9.5177,33.853,26.14,0.3397,3.451
1,-124.1,19,9.2576,33.868,26.194,0.30528,3.32
1,-124.1,20,9.1327,33.874,26.218,0.28827,3.168
1,-124.1,21,8.9085,33.884,26.262,0.25768,2.7507
1,-124.1,22,8.4056,33.909,26.359,0.19255,2.4061
3,-124.13,1,10.69,33.643,25.778,0.39793,4.2865
3,-124.13,2,9.9346,33.698,25.95,0.30089,4.2016
3,-124.13,3,9.6618,33.732,26.022,0.27778,3.6189
3,-124.13,4,9.4932,33.746,26.061,0.25823,3.3679
3,-124.13,5,9.3978,33.748,26.078,0.24323,3.23
3,-124.13,6,9.3037,33.749,26.094,0.2276,3.1531
3,-124.13,7,9.2074,33.753,26.112,0.21386,3.0442
3,-124.13,8,9.1195,33.758,26.13,0.2025,2.9593
3,-124.13,9,9.029,33.766,26.151,0.19332,2.8672
3,-124.13,10,8.9614,33.767,26.162,0.18241,2.7695
3,-124.13,11,8.8513,33.772,26.183,0.16741,2.6977
3,-124.13,12,8.8476,33.785,26.194,0.17653,2.707
3,-124.13,13,8.8392,33.787,26.197,0.17633,2.7102
3,-124.13,14,8.8302,33.787,26.198,0.17472,2.6937
3,-124.13,15,8.8175,33.79,26.202,0.1746,2.6861
3,-124.13,16,8.8035,33.792,26.207,0.17404,2.6751
3,-124.13,17,8.7998,33.793,26.208,0.17419,2.6847
3,-124.13,18,8.7974,33.794,26.209,0.17463,2.675
3,-124.13,19,8.7932,33.796,26.211,0.17484,2.6629
3,-124.13,20,8.7892,33.798,26.213,0.17559,2.6681
3,-124.13,21,8.7897,33.798,26.213,0.17587,2.6845
3,-124.13,22,8.7918,33.798,26.213,0.1765,2.6809
3,-124.13,23,8.7918,33.798,26.213,0.17641,2.6851
3,-124.13,24,8.7924,33.798,26.213,0.17628,2.6801
3,-124.13,25,8.7906,33.799,26.214,0.17632,2.6741
3,-124.13,26,8.7907,33.798,26.214,0.17618,2.6892
3,-124.13,27,8.7895,33.799,26.214,0.17611,2.6868
3,-124.13,28,8.788,33.799,26.215,0.17634,2.675
3,-124.13,29,8.7284,33.808,26.231,0.17301,2.5731
3,-124.13,30,8.6767,33.82,26.248,0.17298,2.4973
3,-124.13,31,8.6175,33.832,26.267,0.17188,2.4489
3,-124.13,32,8.5772,33.837,26.277,0.16879,2.3755
3,-124.13,33,8.5299,33.849,26.294,0.16977,2.3468
3,-124.13,34,8.4903,33.86,26.308,0.17131,2.2318
3,-124.13,35,8.3861,33.866,26.328,0.15816,2.0914
3,-124.13,36,8.2926,33.867,26.344,0.14432,1.9
3,-124.13,37,8.2037,33.877,26.365,0.13709,1.8424
3,-124.13,38,8.1786,33.882,26.372,0.13631,1.8378
3,-124.13,39,8.1612,33.883,26.376,0.13489,1.7998
3,-124.13,40,8.1039,33.889,26.39,0.12999,1.6281
3,-124.13,41,7.9944,33.902,26.415,0.12139,1.4944
3,-124.13,42,7.9797,33.9,26.416,0.11775,1.4899
3,-124.13,43,7.9725,33.9,26.418,0.11704,1.4742
3,-124.13,44,7.9589,33.901,26.42,0.11553,1.4513
3,-124.13,45,7.9519,33.901,26.421,0.11405,1.4546
3,-124.13,46,7.9473,33.9,26.421,0.11252,1.4338
3,-124.13,47,7.9417,33.9,26.422,0.11199,1.4273
25,-124.65,1,12.781,32.241,24.304,-0.2213,6.9843
25,-124.65,2,12.775,32.244,24.308,-0.22036,7.0036
25,-124.65,3,12.755,32.25,24.316,-0.22082,7.0112
25,-124.65,4,12.708,32.259,24.332,-0.22333,6.9702
25,-124.65,5,12.555,32.289,24.385,-0.23191,6.9746
25,-124.65,6,12.392,32.324,24.443,-0.23866,6.882
25,-124.65,7,12.352,32.335,24.459,-0.23867,6.8026
25,-124.65,8,12.315,32.341,24.471,-0.24149,6.5331
25,-124.65,9,12.197,32.366,24.513,-0.24634,6.5284
25,-124.65,10,12.049,32.385,24.555,-0.26139,6.4642
25,-124.65,11,11.715,32.41,24.636,-0.30787,6.3966
25,-124.65,12,11.548,32.416,24.671,-0.33552,6.3389
25,-124.65,13,11.03,32.38,24.735,-0.4591,6.1103
25,-124.65,14,10.467,32.353,24.811,-0.58201,6.0122
25,-124.65,15,10.113,32.371,24.885,-0.63183,5.9247
25,-124.65,16,9.954,32.385,24.922,-0.64972,5.8138
25,-124.65,17,9.8854,32.388,24.936,-0.65962,5.7477
25,-124.65,18,9.7771,32.401,24.964,-0.66865,5.5196
25,-124.65,19,9.6236,32.424,25.007,-0.67852,5.3932
25,-124.65,20,9.5478,32.438,25.03,-0.68145,5.3862
25,-124.65,21,9.4722,32.451,25.052,-0.68471,5.3515
25,-124.65,22,9.3518,32.489,25.101,-0.67789,5.2226
25,-124.65,23,9.2254,32.529,25.152,-0.67035,5.0212
25,-124.65,24,9.1383,32.559,25.189,-0.66292,4.8665
25,-124.65,25,9.087,32.581,25.214,-0.656,4.853
25,-124.65,26,9.0263,32.606,25.243,-0.64785,4.7539
25,-124.65,27,8.9992,32.618,25.257,-0.64353,4.6804
25,-124.65,28,8.9543,32.649,25.289,-0.62825,4.7388
25,-124.65,29,8.9218,32.679,25.317,-0.61235,4.73
25,-124.65,30,8.8796,32.716,25.352,-0.59226,4.3889
25,-124.65,31,8.8593,32.742,25.376,-0.57679,4.1724
25,-124.65,32,8.8289,32.788,25.416,-0.5488,4.1324
25,-124.65,33,8.803,32.822,25.447,-0.5281,4.1304
25,-124.65,34,8.7964,32.826,25.452,-0.5263,4.1689
25,-124.65,35,8.7925,32.829,25.454,-0.52499,4.163
25,-124.65,36,8.7871,32.839,25.463,-0.51836,4.1585
25,-124.65,37,8.7824,32.85,25.473,-0.51103,4.1509
25,-124.65,38,8.7709,32.892,25.507,-0.48276,4.1477
25,-124.65,39,8.7639,32.935,25.542,-0.45295,4.1678
25,-124.65,40,8.7658,32.962,25.563,-0.43282,4.1917
25,-124.65,41,8.7704,33.003,25.594,-0.40293,4.2042
25,-124.65,42,8.7763,33.033,25.617,-0.38027,4.2337
25,-124.65,43,8.7836,33.061,25.638,-0.35839,4.2158
25,-124.65,44,8.7872,33.076,25.649,-0.34717,4.2052
25,-124.65,45,8.7945,33.101,25.667,-0.32804,4.1425
25,-124.65,46,8.8123,33.164,25.714,-0.2796,4.0755
25,-124.65,47,8.8213,33.205,25.745,-0.24832,3.9852
25,-124.65,48,8.8274,33.234,25.767,-0.22612,3.9004
25,-124.65,49,8.8315,33.255,25.782,-0.2104,3.8773
25,-124.65,50,8.833,33.279,25.801,-0.19309,3.8351
25,-124.65,51,8.8336,33.296,25.814,-0.18033,3.7885
25,-124.65,52,8.8343,33.298,25.816,-0.17876,3.7884
25,-124.65,53,8.8345,33.301,25.818,-0.17641,3.7594
25,-124.65,54,8.8316,33.316,25.83,-0.16619,3.7288
25,-124.65,55,8.8195,33.341,25.852,-0.14988,3.607
25,-124.65,56,8.7993,33.37,25.878,-0.13239,3.5676
25,-124.65,57,8.792,33.382,25.888,-0.12542,3.4971
25,-124.65,58,8.7631,33.431,25.931,-0.094527,3.4365
25,-124.65,59,8.756,33.442,25.94,-0.087815,3.4209
25,-124.65,60,8.7469,33.463,25.958,-0.074126,3.3612
25,-124.65,61,8.7432,33.481,25.973,-0.061715,3.325
25,-124.65,62,8.7395,33.489,25.98,-0.056034,3.3193
25,-124.65,63,8.7318,33.501,25.991,-0.049057,3.2758
25,-124.65,64,8.7137,33.521,26.01,-0.037141,3.1814
25,-124.65,65,8.6868,33.547,26.034,-0.022984,3.1209
25,-124.65,66,8.6708,33.561,26.047,-0.01571,3.0959
25,-124.65,67,8.654,33.574,26.06,-0.0087808,2.9968
25,-124.65,68,8.6172,33.603,26.089,0.0061474,2.9298
25,-124.65,69,8.6043,33.611,26.097,0.0097445,2.8869
25,-124.65,70,8.5836,33.624,26.11,0.015392,2.8653
25,-124.65,71,8.57,33.632,26.119,0.019383,2.8409
25,-124.65,72,8.5611,33.638,26.125,0.02205,2.7732
25,-124.65,73,8.5431,33.65,26.137,0.028071,2.7443
25,-124.65,74,8.5336,33.656,26.143,0.030352,2.7443
25,-124.65,75,8.5306,33.657,26.144,0.030875,2.7455
25,-124.65,76,8.5306,33.656,26.144,0.030439,2.7342
25,-124.65,77,8.5255,33.66,26.147,0.03186,2.6377
25,-124.65,78,8.4886,33.681,26.169,0.041251,2.5466
25,-124.65,79,8.4313,33.714,26.204,0.056082,2.4901
25,-124.65,80,8.4114,33.723,26.215,0.059513,2.4931
25,-124.65,81,8.395,33.73,26.222,0.061634,2.3997
25,-124.65,82,8.3551,33.747,26.242,0.067255,2.3367
25,-124.65,83,8.3409,33.751,26.247,0.068367,2.3303
25,-124.65,84,8.3191,33.759,26.257,0.070567,2.2991
25,-124.65,85,8.3078,33.763,26.261,0.071068,2.2634
25,-124.65,86,8.3011,33.765,26.264,0.071515,2.2634
25,-124.65,87,8.298,33.765,26.265,0.071317,2.2375
25,-124.65,88,8.2898,33.768,26.268,0.071958,2.2318
25,-124.65,89,8.2847,33.769,26.27,0.07216,2.1629
25,-124.65,90,8.2366,33.79,26.294,0.079536,2.1011
25,-124.65,91,8.2051,33.801,26.307,0.082224,2.0303
25,-124.65,92,8.1628,33.818,26.326,0.087599,2.0321
25,-124.65,93,8.1443,33.823,26.333,0.088628,2.038
25,-124.65,94,8.1128,33.833,26.346,0.091125,1.9995
25,-124.65,95,8.0524,33.853,26.371,0.095753,1.972
25,-124.65,96,8.0406,33.856,26.374,0.095696,1.9652
25,-124.65,97,8.0381,33.855,26.374,0.09459,1.9511
25,-124.65,98,8.0315,33.855,26.375,0.093773,1.9265
25,-124.65,99,8.0282,33.855,26.376,0.09348,1.9162
25,-124.65,100,8.0239,33.856,26.378,0.093457,1.9066
25,-124.65,101,8.0167,33.857,26.38,0.093268,1.9113
25,-124.65,102,8.0081,33.86,26.383,0.093934,1.9391
25,-124.65,103,8.0052,33.862,26.385,0.094781,1.9515
25,-124.65,104,7.9906,33.867,26.391,0.096088,1.9549
25,-124.65,105,7.9813,33.869,26.394,0.096357,1.9587
25,-124.65,106,7.948,33.878,26.406,0.097313,1.9728
25,-124.65,107,7.8972,33.894,26.426,0.10065,1.9912
25,-124.65,108,7.866,33.902,26.437,0.10139,2.0171
25,-124.65,109,7.8433,33.908,26.445,0.10282,2.0501
25,-124.65,110,7.8184,33.915,26.454,0.1039,2.0519
25,-124.65,111,7.7881,33.919,26.462,0.1017,1.9807
25,-124.65,112,7.7652,33.92,26.466,0.098861,1.9391
25,-124.65,113,7.7419,33.923,26.471,0.09726,1.9191
25,-124.65,114,7.7304,33.923,26.473,0.095408,1.901
25,-124.65,115,7.7147,33.922,26.475,0.092906,1.8797
25,-124.65,116,7.6957,33.924,26.479,0.091335,1.8953
25,-124.65,117,7.6766,33.926,26.484,0.089967,1.9213
25,-124.65,118,7.6558,33.93,26.489,0.088921,1.9554
25,-124.65,119,7.6352,33.931,26.494,0.087043,2.0056
25,-124.65,120,7.5946,33.936,26.503,0.084107,2.0737
25,-124.65,121,7.561,33.94,26.511,0.081973,2.1337
25,-124.65,122,7.5413,33.941,26.515,0.079605,2.1357
25,-124.65,123,7.5335,33.942,26.517,0.078849,2.1177
25,-124.65,124,7.5318,33.941,26.516,0.078236,2.1192
25,-124.65,125,7.5316,33.941,26.516,0.078141,2.115
25,-124.65,126,7.5316,33.94,26.516,0.077643,2.1146
25,-124.65,127,7.5247,33.941,26.517,0.077098,2.1054
25,-124.65,128,7.5194,33.941,26.518,0.076436,2.0947
25,-124.65,129,7.5173,33.942,26.519,0.076338,2.095
25,-124.65,130,7.5153,33.942,26.519,0.076038,2.0903
25,-124.65,131,7.5139,33.942,26.52,0.075831,2.0925
25,-124.65,132,7.5115,33.941,26.52,0.075253,2.0863
25,-124.65,133,7.5062,33.942,26.521,0.074808,2.0782
25,-124.65,134,7.495,33.943,26.524,0.074254,2.0677
25,-124.65,135,7.4931,33.943,26.524,0.07361,2.0621
25,-124.65,136,7.4901,33.943,26.524,0.073375,2.0606
25,-124.65,137,7.489,33.943,26.525,0.073142,2.0641
25,-124.65,138,7.488,33.943,26.525,0.073067,2.0497
25,-124.65,139,7.4848,33.943,26.525,0.072368,2.0595
25,-124.65,140,7.4749,33.944,26.527,0.071657,2.0499
25,-124.65,141,7.4705,33.944,26.528,0.071281,2.0363
25,-124.65,142,7.4682,33.944,26.529,0.070862,2.0297
25,-124.65,143,7.4606,33.945,26.53,0.070432,2.0311
25,-124.65,144,7.4578,33.945,26.531,0.070155,2.0405
25,-124.65,145,7.4401,33.947,26.535,0.068473,2.0561
25,-124.65,146,7.384,33.954,26.548,0.064923,2.0235
25,-124.65,147,7.3717,33.954,26.55,0.062994,1.994
25,-124.65,148,7.3642,33.953,26.551,0.061648,1.9536
25,-124.65,149,7.3408,33.956,26.556,0.060272,1.9384
25,-124.65,150,7.3374,33.956,26.557,0.059765,1.9346
25,-124.65,151,7.328,33.956,26.558,0.058351,1.8892
25,-124.65,152,7.3225,33.957,26.559,0.057882,1.8919
25,-124.65,153,7.3247,33.956,26.559,0.057712,1.9078
25,-124.65,154,7.3221,33.956,26.559,0.057538,1.8902
25,-124.65,155,7.3222,33.956,26.559,0.057337,1.8788
25,-124.65,156,7.3133,33.957,26.561,0.056714,1.8648
25,-124.65,157,7.3183,33.956,26.559,0.056605,1.8683
25,-124.65,158,7.3207,33.956,26.559,0.056897,1.8742
25,-124.65,159,7.32,33.956,26.559,0.056864,1.8595
25,-124.65,160,7.3125,33.957,26.561,0.056239,1.8526
25,-124.65,161,7.3022,33.957,26.563,0.055263,1.8312
25,-124.65,162,7.283,33.96,26.567,0.054027,1.8229
25,-124.65,163,7.2566,33.962,26.573,0.051785,1.8071
25,-124.65,164,7.2423,33.964,26.576,0.050717,1.7975
25,-124.65,165,7.24,33.963,26.576,0.049942,1.8079
25,-124.65,166,7.2291,33.964,26.578,0.04881,1.7909
25,-124.65,167,7.2098,33.966,26.583,0.047574,1.7834
25,-124.65,168,7.1934,33.967,26.586,0.046057,1.7697
25,-124.65,169,7.1818,33.968,26.588,0.044755,1.7289
25,-124.65,170,7.1354,33.974,26.599,0.042078,1.686
25,-124.65,171,7.1211,33.974,26.602,0.040453,1.6627
25,-124.65,172,7.1171,33.974,26.602,0.039428,1.6559
25,-124.65,173,7.1095,33.974,26.603,0.038588,1.6459
25,-124.65,174,7.1006,33.975,26.605,0.037769,1.6191
25,-124.65,175,7.0892,33.976,26.607,0.036799,1.6023
25,-124.65,176,7.0893,33.975,26.607,0.036382,1.5979
25,-124.65,177,7.0884,33.975,26.607,0.03611,1.6033
25,-124.65,178,7.0879,33.975,26.607,0.036041,1.6096
25,-124.65,179,7.0775,33.976,26.609,0.03479,1.5869
25,-124.65,180,7.01,33.984,26.625,0.030849,1.5574
25,-124.65,181,6.9865,33.986,26.629,0.028682,1.5311
25,-124.65,182,6.962,33.987,26.634,0.026301,1.5029
25,-124.65,183,6.952,33.988,26.636,0.025412,1.4932
25,-124.65,184,6.9396,33.989,26.638,0.024097,1.4873
25,-124.65,185,6.9275,33.99,26.641,0.022902,1.482
25,-124.65,186,6.9213,33.99,26.642,0.022143,1.4738
25,-124.65,187,6.9137,33.99,26.643,0.021106,1.4726
25,-124.65,188,6.9003,33.991,26.645,0.019721,1.4692
25,-124.65,189,6.8874,33.992,26.648,0.018774,1.4739
25,-124.65,190,6.8788,33.993,26.65,0.017738,1.4809
25,-124.65,191,6.8697,33.993,26.652,0.017061,1.4755
25,-124.65,192,6.8662,33.993,26.652,0.016555,1.479
25,-124.65,193,6.8622,33.994,26.653,0.016118,1.4797
25,-124.65,194,6.8572,33.994,26.654,0.015898,1.4806
25,-124.65,195,6.8545,33.994,26.654,0.015293,1.4715
25,-124.65,196,6.8461,33.995,26.656,0.014863,1.4772
25,-124.65,197,6.8365,33.996,26.658,0.013902,1.5032
25,-124.65,198,6.816,33.997,26.662,0.012143,1.5538
25,-124.65,199,6.7935,34,26.667,0.01046,1.5909
25,-124.65,200,6.7773,34,26.669,0.0082593,1.6316
25,-124.65,201,6.7551,34.002,26.674,0.0063384,1.668
25,-124.65,202,6.75,34.001,26.674,0.0055343,1.6653
25,-124.65,203,6.7443,34.002,26.675,0.0050003,1.6625
25,-124.65,204,6.741,34.002,26.676,0.0045262,1.66
25,-124.65,205,6.7417,34.002,26.676,0.0044141,1.656
25,-124.65,206,6.7338,34.002,26.677,0.0038504,1.6368
25,-124.65,207,6.7214,34.004,26.681,0.0034978,1.626
25,-124.65,208,6.7184,34.004,26.681,0.0029966,1.6295
25,-124.65,209,6.7174,34.005,26.681,0.0030007,1.6291
25,-124.65,210,6.7167,34.005,26.681,0.0029028,1.6308
25,-124.65,211,6.7149,34.005,26.682,0.0030763,1.6308
25,-124.65,212,6.7129,34.005,26.683,0.0030074,1.6256
25,-124.65,213,6.7115,34.006,26.683,0.0030935,1.6233
25,-124.65,214,6.7102,34.006,26.684,0.0030543,1.6131
25,-124.65,215,6.7067,34.006,26.684,0.002769,1.6085
25,-124.65,216,6.7016,34.007,26.686,0.0026807,1.6096
25,-124.65,217,6.7018,34.007,26.685,0.0023537,1.6068
25,-124.65,218,6.6939,34.008,26.687,0.0018649,1.5943
25,-124.65,219,6.6883,34.008,26.688,0.0014943,1.592
25,-124.65,220,6.6849,34.008,26.689,0.00086261,1.5826
25,-124.65,221,6.6795,34.009,26.69,0.00066385,1.5754
25,-124.65,222,6.6781,34.008,26.69,3.5451e-05,1.5806
25,-124.65,223,6.673,34.009,26.691,-0.00019378,1.5687
25,-124.65,224,6.668,34.009,26.692,-0.00069318,1.565
20,-124.53,1,13.192,32.381,24.332,-0.035509,6.9654
20,-124.53,2,12.919,32.391,24.393,-0.084049,6.8665
20,-124.53,3,12.36,32.406,24.512,-0.18504,6.8281
20,-124.53,4,11.981,32.375,24.559,-0.28239,6.7085
20,-124.53,5,11.376,32.343,24.645,-0.42106,6.6634
20,-124.53,6,11.059,32.361,24.716,-0.46717,6.3877
20,-124.53,7,10.72,32.398,24.803,-0.50293,6.0004
20,-124.53,8,10.623,32.471,24.877,-0.46786,5.7654
20,-124.53,9,10.45,32.496,24.926,-0.48047,5.7225
20,-124.53,10,10.52,32.571,24.972,-0.41365,5.6803
20,-124.53,11,10.315,32.571,25.007,-0.45056,5.1827
20,-124.53,12,9.8369,32.602,25.11,-0.51268,5.0417
20,-124.53,13,9.637,32.6,25.142,-0.54821,4.8658
20,-124.53,14,9.2209,32.621,25.225,-0.60378,4.704
20,-124.53,15,9.0721,32.645,25.267,-0.61168,4.693
20,-124.53,16,9.0323,32.652,25.278,-0.61319,4.6675
20,-124.53,17,8.958,32.696,25.324,-0.59376,4.675
20,-124.53,18,8.8893,32.743,25.372,-0.5709,4.7226
20,-124.53,19,8.8457,32.776,25.404,-0.5543,4.7485
20,-124.53,20,8.8348,32.788,25.416,-0.54737,4.7243
20,-124.53,21,8.8224,32.807,25.432,-0.53568,4.5991
20,-124.53,22,8.7908,32.885,25.498,-0.48474,4.4622
20,-124.53,23,8.7842,32.907,25.517,-0.46949,4.4644
20,-124.53,24,8.782,32.913,25.522,-0.46567,4.3751
20,-124.53,25,8.7739,32.95,25.552,-0.44039,4.2028
20,-124.53,26,8.7657,33.038,25.622,-0.37831,4.0401
20,-124.53,27,8.7655,33.095,25.666,-0.33706,4.0291
20,-124.53,28,8.7669,33.112,25.68,-0.32404,4.0314
20,-124.53,29,8.776,33.146,25.705,-0.29789,4.0472
20,-124.53,30,8.7825,33.153,25.71,-0.29191,4.0863
20,-124.53,31,8.7876,33.156,25.711,-0.28905,4.1003
20,-124.53,32,8.7889,33.162,25.716,-0.28436,4.0577
20,-124.53,33,8.7925,33.182,25.73,-0.26981,3.9814
20,-124.53,34,8.7992,33.236,25.772,-0.22971,3.8573
20,-124.53,35,8.8001,33.267,25.796,-0.20663,3.7948
20,-124.53,36,8.8017,33.29,25.814,-0.18988,3.7778
20,-124.53,37,8.8025,33.299,25.821,-0.18353,3.7431
20,-124.53,38,8.8004,33.311,25.831,-0.17462,3.7096
20,-124.53,39,8.8011,33.326,25.842,-0.16417,3.6583
20,-124.53,40,8.803,33.356,25.866,-0.14172,3.5987
20,-124.53,41,8.7984,33.371,25.878,-0.13164,3.5735
20,-124.53,42,8.7882,33.393,25.897,-0.11785,3.4561
20,-124.53,43,8.7683,33.423,25.923,-0.099379,3.3223
20,-124.53,44,8.7426,33.452,25.95,-0.082508,3.2431
20,-124.53,45,8.721,33.473,25.97,-0.070745,3.2255
20,-124.53,46,8.697,33.494,25.991,-0.059305,3.1405
20,-124.53,47,8.6807,33.508,26.003,-0.052377,3.1184
20,-124.53,48,8.6781,33.51,26.006,-0.050937,3.1253
20,-124.53,49,8.6717,33.513,26.009,-0.050265,3.0362
20,-124.53,50,8.6451,33.532,26.028,-0.040758,2.9859
20,-124.53,51,8.6373,33.54,26.036,-0.036039,2.9893
20,-124.53,52,8.6358,33.547,26.041,-0.0318,3.0036
20,-124.53,53,8.6306,33.556,26.049,-0.025641,2.9554
20,-124.53,54,8.6099,33.583,26.073,-0.0099448,2.9175
20,-124.53,55,8.5827,33.613,26.101,0.0077968,2.8654
20,-124.53,56,8.5755,33.623,26.11,0.013342,2.8681
20,-124.53,57,8.5741,33.624,26.111,0.014415,2.8527
20,-124.53,58,8.5643,33.633,26.119,0.018739,2.7847
20,-124.53,59,8.534,33.658,26.144,0.031861,2.7463
20,-124.53,60,8.5246,33.669,26.154,0.038783,2.7455
20,-124.53,61,8.5173,33.673,26.158,0.040195,2.7296
20,-124.53,62,8.5141,33.678,26.163,0.043214,2.7278
20,-124.53,63,8.5132,33.68,26.165,0.044876,2.7346
20,-124.53,64,8.512,33.682,26.167,0.046125,2.7217
20,-124.53,65,8.5107,33.684,26.168,0.04743,2.7296
20,-124.53,66,8.5096,33.686,26.17,0.048263,2.7253
20,-124.53,67,8.5073,33.689,26.172,0.049912,2.7274
20,-124.53,68,8.5117,33.697,26.178,0.05663,2.7352
20,-124.53,69,8.514,33.7,26.181,0.059537,2.7317
20,-124.53,70,8.5155,33.71,26.188,0.06672,2.7564
20,-124.53,71,8.5072,33.74,26.213,0.086979,2.7852
20,-124.53,72,8.518,33.748,26.217,0.094453,2.7981
20,-124.53,73,8.5152,33.754,26.223,0.098405,2.7824
20,-124.53,74,8.5021,33.765,26.233,0.10422,2.7648
20,-124.53,75,8.4711,33.777,26.248,0.10813,2.7531
20,-124.53,76,8.4552,33.792,26.261,0.1158,2.7607
20,-124.53,77,8.433,33.802,26.273,0.12,2.7389
20,-124.53,78,8.4144,33.805,26.278,0.11858,2.6894
20,-124.53,79,8.3829,33.812,26.289,0.11905,2.6638
20,-124.53,80,8.3723,33.814,26.292,0.11864,2.6578
20,-124.53,81,8.3593,33.817,26.296,0.119,2.6533
20,-124.53,82,8.3457,33.82,26.301,0.11884,2.6221
20,-124.53,83,8.3,33.835,26.319,0.1223,2.6028
20,-124.53,84,8.2843,33.839,26.324,0.12231,2.595
20,-124.53,85,8.2776,33.84,26.327,0.12225,2.5931
20,-124.53,86,8.271,33.841,26.329,0.12214,2.584
20,-124.53,87,8.2398,33.85,26.34,0.12306,2.522
20,-124.53,88,8.1881,33.863,26.358,0.12424,2.4775
20,-124.53,89,8.1722,33.865,26.362,0.12358,2.4788
20,-124.53,90,8.1596,33.867,26.366,0.1228,2.4531
20,-124.53,91,8.1331,33.872,26.373,0.12212,2.416
20,-124.53,92,8.0961,33.878,26.383,0.12042,2.3209
20,-124.53,93,8.0101,33.892,26.408,0.11731,2.2314
20,-124.53,94,7.9873,33.893,26.412,0.11437,2.2235
20,-124.53,95,7.9755,33.893,26.413,0.11215,2.2256
20,-124.53,96,7.964,33.894,26.415,0.11093,2.2124
20,-124.53,97,7.9496,33.895,26.419,0.10946,2.2024
20,-124.53,98,7.9429,33.894,26.419,0.10827,2.1949
20,-124.53,99,7.9349,33.895,26.421,0.10753,2.1768
20,-124.53,100,7.9216,33.897,26.424,0.10653,2.1719
