data/oxygen options/ONMS/Olympic_Coast_National_Marine_Sanctuary_CTD_Data_2005_2023/raw_data/2010/CAST_CA015_081610faed.cnv
* Sea-Bird SBE19 Data File:
* FileName = C:\Documents and Settings\OCNMS\Desktop\2010 mooring data\second service\CAST_CA015_081610.hex
* Software Version 1.24
* Temperature SN = 2997
* Conductivity SN = 2997
* System UpLoad Time = Aug 16 2010 19:16:23
** CAST_CA015_081610
* SEACAT PROFILER V3.1c SN 2997   08/16/10  19:15:45.955
# nquan = 9                                 
# nvalues = 13830                       
# units = specified
# name 0 = timeJ: Julian Days
# name 1 = prSM: Pressure, Strain Gauge [db]
# name 2 = c0mS/cm: Conductivity [mS/cm]
# name 3 = t090C: Temperature [ITS-90, deg C]
# name 4 = sbeox0ML/L: Oxygen, SBE 43 [ml/l]
# name 5 = depSM: Depth [salt water, m], lat = 47.5
# name 6 = sal00: Salinity, Practical [PSU]
# name 7 = sigma-é00: Density [sigma-theta, kg/m^3]
# name 8 = flag: flag
# span 0 = 228.719144, 228.799172       
# span 1 =     -5.773,     14.514       
# span 2 =   0.035876,  39.795391       
# span 3 =    10.9328,    14.8794       
# span 4 =   -11.1109,    14.1042       
# span 5 =     -5.725,     14.392       
# span 6 =     0.0248,    34.7805       
# span 7 =    -0.8547,    26.4138       
# span 8 = 0.0000e+00, 0.0000e+00       
# interval = seconds: 0.5
# start_time = Aug 16 2010 17:15:34 [Instrument's time stamp, header]
# bad_flag = -9.990e-29
*END*
[from data line 10081]
 228.777483      1.303   0.060560    14.0303    -1.9849      1.292     0.0387    -0.7281 -9.990e-29
 228.777488      1.311   0.060560    14.0198    -1.9855      1.300     0.0387    -0.7266 -9.990e-29
 228.777494      1.313   0.060559    14.0151    -1.9863      1.302     0.0387    -0.7260 -9.990e-29
 228.777500      1.309   0.060558    14.0144    -1.9863      1.298     0.0387    -0.7259 -9.990e-29
 228.777506      1.302   0.060557    14.0147    -1.9867      1.291     0.0387    -0.7259 -9.990e-29
 228.777512      1.293   0.060554    14.0137    -1.9878      1.282     0.0387    -0.7258 -9.990e-29
 228.777517      1.285   0.060544    14.0074    -1.9890      1.274     0.0387    -0.7249 -9.990e-29
 228.777523      1.281   0.060513    13.9923    -1.9894      1.270     0.0387    -0.7228 -9.990e-29
 228.777529      1.283   0.060420    13.9716    -1.9900      1.272     0.0386    -0.7200 -9.990e-29
 228.777535      1.289   0.060142    13.9520    -1.9909      1.278     0.0385    -0.7174 -9.990e-29
 228.777541      1.296   0.059862    13.9355    -1.9913      1.285     0.0383    -0.7152 -9.990e-29
 228.777546      1.300   0.059759    13.9221    -1.9917      1.289     0.0383    -0.7134 -9.990e-29
 228.777552      1.301   0.059698    13.9110    -1.9919      1.290     0.0383    -0.7119 -9.990e-29
 228.777558      1.300   0.059597    13.8971    -1.9918      1.289     0.0382    -0.7100 -9.990e-29
 228.777564      1.300   0.059320    13.8781    -1.9917      1.289     0.0381    -0.7075 -9.990e-29
 228.777569      1.306   0.059051    13.8586    -1.9921      1.295     0.0379    -0.7049 -9.990e-29
 228.777575      1.314   0.058986    13.8422    -1.9923      1.303     0.0379    -0.7027 -9.990e-29
 228.777581      1.316   0.059037    13.8268    -1.9929      1.305     0.0379    -0.7006 -9.990e-29
 228.777587      1.312   0.059274    13.8120    -1.9933      1.301     0.0381    -0.6984 -9.990e-29
 228.777593      1.306   0.059458    13.8000    -1.9937      1.295     0.0382    -0.6967 -9.990e-29
 228.777598      1.298   0.059281    13.7915    -1.9943      1.287     0.0381    -0.6956 -9.990e-29
 228.777604      1.291   0.059063    13.7867    -1.9947      1.280     0.0380    -0.6951 -9.990e-29
 228.777610      1.289   0.059064    13.7850    -1.9959      1.278     0.0380    -0.6948 -9.990e-29
 228.777616      1.293   0.059287    13.7830    -1.9970      1.282     0.0381    -0.6945 -9.990e-29
 228.777622      1.302   0.059474    13.7783    -1.9981      1.291     0.0382    -0.6937 -9.990e-29
 228.777627      1.312   0.059323    13.7705    -1.9989      1.301     0.0381    -0.6927 -9.990e-29
 228.777633      1.321   0.059185    13.7609    -1.9994      1.310     0.0380    -0.6915 -9.990e-29
 228.777639      1.332   0.059431    13.7509    -1.9998      1.321     0.0382    -0.6900 -9.990e-29
 228.777645      1.347   0.059834    13.7400    -2.0002      1.336     0.0384    -0.6883 -9.990e-29
 228.777650      1.358   0.059825    13.7270    -2.0005      1.347     0.0384    -0.6866 -9.990e-29
 228.777656      1.361   0.059392    13.7105    -2.0014      1.350     0.0382    -0.6845 -9.990e-29
 228.777662      1.361   0.059063    13.6895    -2.0022      1.350     0.0380    -0.6818 -9.990e-29
 228.777668      1.363   0.058953    13.6661    -2.0028      1.352     0.0380    -0.6787 -9.990e-29
 228.777674      1.365   0.058916    13.6444    -2.0035      1.354     0.0379    -0.6758 -9.990e-29
 228.777679      1.369   0.058904    13.6265    -2.0037      1.358     0.0379    -0.6734 -9.990e-29
 228.777685      1.371   0.058900    13.6124    -2.0039      1.360     0.0380    -0.6715 -9.990e-29
 228.777691      1.370   0.058898    13.6012    -2.0040      1.359     0.0380    -0.6700 -9.990e-29
 228.777697      1.370   0.058898    13.5909    -2.0043      1.359     0.0380    -0.6686 -9.990e-29
 228.777703      1.368   0.058898    13.5785    -2.0045      1.357     0.0380    -0.6669 -9.990e-29
 228.777708      1.359   0.058898    13.5627    -2.0048      1.348     0.0380    -0.6648 -9.990e-29
 228.777714      1.347   0.058898    13.5463    -2.0053      1.336     0.0380    -0.6626 -9.990e-29
 228.777720      1.339   0.058898    13.5319    -2.0063      1.328     0.0380    -0.6607 -9.990e-29
 228.777726      1.340   0.058898    13.5206    -2.0068      1.329     0.0380    -0.6592 -9.990e-29
 228.777731      1.345   0.058898    13.5127    -2.0069      1.334     0.0380    -0.6581 -9.990e-29
 228.777737      1.345   0.058898    13.5070    -2.0072      1.334     0.0380    -0.6573 -9.990e-29
 228.777743      1.337   0.058898    13.5019    -2.0070      1.326     0.0380    -0.6567 -9.990e-29
 228.777749      1.324   0.058898    13.4963    -2.0068      1.313     0.0380    -0.6559 -9.990e-29
 228.777755      1.315   0.058898    13.4895    -2.0071      1.304     0.0380    -0.6550 -9.990e-29
 228.777760      1.308   0.058898    13.4806    -2.0079      1.297     0.0380    -0.6538 -9.990e-29
 228.777766      1.299   0.058898    13.4689    -2.0084      1.288     0.0380    -0.6523 -9.990e-29
 228.777772      1.291   0.058898    13.4556    -2.0082      1.280     0.0380    -0.6505 -9.990e-29
 228.777778      1.284   0.058898    13.4445    -2.0083      1.273     0.0380    -0.6490 -9.990e-29
 228.777784      1.274   0.058898    13.4374    -2.0084      1.263     0.0380    -0.6481 -9.990e-29
 228.777789      1.263   0.058898    13.4338    -2.0085      1.252     0.0380    -0.6476 -9.990e-29
 228.777795      1.256   0.058898    13.4329    -2.0086      1.246     0.0380    -0.6475 -9.990e-29
 228.777801      1.252   0.058898    13.4314    -2.0086      1.242     0.0380    -0.6473 -9.990e-29
 228.777807      1.251   0.058898    13.4252    -2.0084      1.241     0.0380    -0.6465 -9.990e-29
 228.777813      1.252   0.058898    13.4156    -2.0094      1.242     0.0381    -0.6452 -9.990e-29
 228.777818      1.256   0.058898    13.4082    -2.0105      1.246     0.0381    -0.6442 -9.990e-29
 228.777824      1.264   0.058898    13.4054    -2.0110      1.253     0.0381    -0.6438 -9.990e-29
 228.777830      1.275   0.058898    13.4043    -2.0116      1.264     0.0381    -0.6437 -9.990e-29
 228.777836      1.285   0.058898    13.4024    -2.0125      1.274     0.0381    -0.6435 -9.990e-29
 228.777841      1.288   0.058898    13.4001    -2.0137      1.277     0.0381    -0.6431 -9.990e-29
 228.777847      1.283   0.058898    13.3981    -2.0139      1.272     0.0381    -0.6429 -9.990e-29
 228.777853      1.279   0.058898    13.3956    -2.0142      1.268     0.0381    -0.6426 -9.990e-29
 228.777859      1.275   0.058898    13.3890    -2.0143      1.264     0.0381    -0.6417 -9.990e-29
 228.777865      1.266   0.058898    13.3749    -2.0146      1.255     0.0381    -0.6398 -9.990e-29
 228.777870      1.257   0.058898    13.3574    -2.0149      1.247     0.0381    -0.6375 -9.990e-29
 228.777876      1.251   0.058898    13.3412    -2.0149      1.241     0.0381    -0.6354 -9.990e-29
 228.777882      1.248   0.058898    13.3249    -2.0148      1.238     0.0381    -0.6332 -9.990e-29
 228.777888      1.248   0.058898    13.3067    -2.0150      1.238     0.0381    -0.6309 -9.990e-29
 228.777894      1.249   0.058898    13.2900    -2.0144      1.239     0.0381    -0.6287 -9.990e-29
 228.777899      1.254   0.058898    13.2787    -2.0144      1.244     0.0381    -0.6272 -9.990e-29
 228.777905      1.262   0.058898    13.2721    -2.0147      1.251     0.0381    -0.6263 -9.990e-29
 228.777911      1.272   0.058898    13.2670    -2.0148      1.261     0.0381    -0.6257 -9.990e-29
 228.777917      1.283   0.058898    13.2617    -2.0148      1.272     0.0381    -0.6250 -9.990e-29
 228.777922      1.290   0.058898    13.2574    -2.0146      1.279     0.0381    -0.6244 -9.990e-29
 228.777928      1.297   0.058898    13.2559    -2.0148      1.286     0.0381    -0.6242 -9.990e-29
 228.777934      1.307   0.058898    13.2561    -2.0145      1.296     0.0381    -0.6242 -9.990e-29
 228.777940      1.313   0.058898    13.2578    -2.0144      1.302     0.0381    -0.6245 -9.990e-29
 228.777946      1.318   0.058898    13.2604    -2.0148      1.307     0.0381    -0.6248 -9.990e-29
 228.777951      1.318   0.058898    13.2612    -2.0150      1.307     0.0381    -0.6249 -9.990e-29
 228.777957      1.311   0.058898    13.2596    -2.0148      1.300     0.0381    -0.6247 -9.990e-29
 228.777963      1.302   0.058898    13.2578    -2.0146      1.291     0.0381    -0.6245 -9.990e-29
 228.777969      1.290   0.058898    13.2573    -2.0150      1.279     0.0381    -0.6244 -9.990e-29
 228.777975      1.280   0.058898    13.2578    -2.0150      1.269     0.0381    -0.6245 -9.990e-29
 228.777980      1.274   0.058898    13.2587    -2.0154      1.263     0.0381    -0.6246 -9.990e-29
 228.777986      1.272   0.058898    13.2603    -2.0161      1.261     0.0381    -0.6248 -9.990e-29
 228.777992      1.275   0.058898    13.2604    -2.0164      1.264     0.0381    -0.6248 -9.990e-29
 228.777998      1.281   0.058898    13.2582    -2.0161      1.270     0.0381    -0.6245 -9.990e-29
 228.778003      1.293   0.058898    13.2565    -2.0158      1.282     0.0381    -0.6243 -9.990e-29
 228.778009      1.305   0.058898    13.2564    -2.0160      1.294     0.0381    -0.6243 -9.990e-29
 228.778015      1.311   0.058898    13.2554    -2.0157      1.300     0.0381    -0.6242 -9.990e-29
 228.778021      1.310   0.058898    13.2523    -2.0156      1.299     0.0381    -0.6238 -9.990e-29
 228.778027      1.311   0.058898    13.2476    -2.0155      1.300     0.0381    -0.6231 -9.990e-29
 228.778032      1.319   0.058898    13.2404    -2.0152      1.308     0.0381    -0.6222 -9.990e-29
 228.778038      1.330   0.058898    13.2322    -2.0155      1.319     0.0381    -0.6211 -9.990e-29
 228.778044      1.340   0.058898    13.2278    -2.0154      1.329     0.0381    -0.6206 -9.990e-29
 228.778050      1.350   0.058898    13.2284    -2.0152      1.339     0.0381    -0.6206 -9.990e-29
 228.778056      1.356   0.058898    13.2306    -2.0154      1.345     0.0381    -0.6209 -9.990e-29
 228.778061      1.354   0.058898    13.2323    -2.0153      1.343     0.0381    -0.6211 -9.990e-29
 228.778067      1.345   0.058898    13.2346    -2.0149      1.334     0.0381    -0.6214 -9.990e-29
 228.778073      1.331   0.058898    13.2375    -2.0144      1.320     0.0381    -0.6218 -9.990e-29
 228.778079      1.321   0.058898    13.2402    -2.0143      1.310     0.0381    -0.6222 -9.990e-29
 228.778084      1.313   0.058898    13.2418    -2.0144      1.302     0.0381    -0.6224 -9.990e-29
 228.778090      1.304   0.058898    13.2421    -2.0143      1.293     0.0381    -0.6224 -9.990e-29
 228.778096      1.297   0.058898    13.2431    -2.0140      1.286     0.0381    -0.6226 -9.990e-29
 228.778102      1.295   0.058898    13.2447    -2.0139      1.284     0.0381    -0.6228 -9.990e-29
 228.778108      1.298   0.058898    13.2458    -2.0140      1.287     0.0381    -0.6229 -9.990e-29
 228.778113      1.303   0.058898    13.2484    -2.0138      1.292     0.0381    -0.6232 -9.990e-29
 228.778119      1.306   0.058898    13.2544    -2.0141      1.295     0.0381    -0.6240 -9.990e-29
 228.778125      1.311   0.058898    13.2614    -2.0142      1.300     0.0381    -0.6249 -9.990e-29
 228.778131      1.317   0.058898    13.2658    -2.0139      1.306     0.0381    -0.6255 -9.990e-29
 228.778137      1.318   0.058898    13.2675    -2.0137      1.307     0.0381    -0.6257 -9.990e-29
 228.778142      1.309   0.058898    13.2693    -2.0135      1.298     0.0381    -0.6260 -9.990e-29
 228.778148      1.293   0.058898    13.2722    -2.0133      1.282     0.0381    -0.6263 -9.990e-29
 228.778154      1.278   0.058898    13.2743    -2.0124      1.267     0.0381    -0.6266 -9.990e-29
 228.778160      1.268   0.058898    13.2751    -2.0119      1.257     0.0381    -0.6267 -9.990e-29
 228.778166      1.262   0.058898    13.2749    -2.0117      1.251     0.0381    -0.6267 -9.990e-29
 228.778171      1.259   0.058898    13.2735    -2.0111      1.248     0.0381    -0.6265 -9.990e-29
 228.778177      1.260   0.058898    13.2735    -2.0106      1.249     0.0381    -0.6265 -9.990e-29
 228.778183      1.259   0.058898    13.2763    -2.0102      1.248     0.0381    -0.6269 -9.990e-29
 228.778189      1.253   0.058898    13.2808    -2.0093      1.243     0.0381    -0.6275 -9.990e-29
 228.778194      1.245   0.058898    13.2866    -2.0087      1.235     0.0381    -0.6282 -9.990e-29
 228.778200      1.240   0.058898    13.2954    -2.0084      1.230     0.0381    -0.6294 -9.990e-29
 228.778206      1.237   0.058899    13.3075    -2.0081      1.227     0.0381    -0.6310 -9.990e-29
 228.778212      1.236   0.058900    13.3192    -2.0078      1.226     0.0381    -0.6325 -9.990e-29
 228.778218      1.236   0.058901    13.3293    -2.0076      1.226     0.0381    -0.6338 -9.990e-29
 228.778223      1.239   0.058902    13.3398    -2.0076      1.229     0.0381    -0.6352 -9.990e-29
 228.778229      1.243   0.058903    13.3516    -2.0073      1.233     0.0381    -0.6368 -9.990e-29
 228.778235      1.249   0.058904    13.3645    -2.0071      1.239     0.0381    -0.6384 -9.990e-29
 228.778241      1.254   0.058905    13.3783    -2.0069      1.244     0.0381    -0.6403 -9.990e-29
 228.778247      1.253   0.058906    13.3907    -2.0070      1.243     0.0381    -0.6419 -9.990e-29
 228.778252      1.250   0.058907    13.4002    -2.0073      1.240     0.0381    -0.6432 -9.990e-29
 228.778258      1.251   0.058908    13.4074    -2.0074      1.241     0.0381    -0.6441 -9.990e-29
 228.778264      1.254   0.058909    13.4132    -2.0072      1.244     0.0381    -0.6449 -9.990e-29
 228.778270      1.260   0.058910    13.4179    -2.0074      1.249     0.0381    -0.6455 -9.990e-29
 228.778275      1.269   0.058911    13.4220    -2.0075      1.258     0.0381    -0.6460 -9.990e-29
 228.778281      1.278   0.058912    13.4260    -2.0079      1.267     0.0381    -0.6466 -9.990e-29
 228.778287      1.282   0.058913    13.4300    -2.0083      1.271     0.0381    -0.6471 -9.990e-29
 228.778293      1.287   0.058914    13.4325    -2.0091      1.276     0.0381    -0.6474 -9.990e-29
 228.778299      1.297   0.058915    13.4321    -2.0100      1.286     0.0381    -0.6474 -9.990e-29
 228.778304      1.309   0.058916    13.4296    -2.0106      1.298     0.0381    -0.6470 -9.990e-29
 228.778310      1.314   0.058917    13.4275    -2.0115      1.303     0.0381    -0.6468 -9.990e-29
 228.778316      1.313   0.058918    13.4261    -2.0121      1.302     0.0381    -0.6466 -9.990e-29
 228.778322      1.314   0.058919    13.4236    -2.0127      1.303     0.0381    -0.6462 -9.990e-29
 228.778328      1.318   0.058920    13.4187    -2.0130      1.307     0.0381    -0.6456 -9.990e-29
 228.778333      1.320   0.058921    13.4109    -2.0132      1.309     0.0381    -0.6446 -9.990e-29
 228.778339      1.321   0.058922    13.3996    -2.0132      1.310     0.0381    -0.6431 -9.990e-29
 228.778345      1.320   0.058923    13.3846    -2.0131      1.309     0.0381    -0.6411 -9.990e-29
 228.778351      1.318   0.058924    13.3676    -2.0138      1.307     0.0381    -0.6388 -9.990e-29
 228.778356      1.314   0.058926    13.3506    -2.0147      1.303     0.0381    -0.6366 -9.990e-29
 228.778362      1.313   0.058927    13.3344    -2.0151      1.302     0.0381    -0.6345 -9.990e-29
 228.778368      1.314   0.058928    13.3199    -2.0154      1.303     0.0381    -0.6326 -9.990e-29
 228.778374      1.313   0.058929    13.3081    -2.0156      1.302     0.0381    -0.6310 -9.990e-29
 228.778380      1.311   0.058929    13.2995    -2.0156      1.300     0.0381    -0.6299 -9.990e-29
 228.778385      1.306   0.058929    13.2943    -2.0156      1.295     0.0381    -0.6292 -9.990e-29
 228.778391      1.303   0.058927    13.2912    -2.0155      1.292     0.0381    -0.6288 -9.990e-29
 228.778397      1.307   0.058919    13.2861    -2.0152      1.296     0.0381    -0.6282 -9.990e-29
