data/oxygen options/ONMS/Olympic_Coast_National_Marine_Sanctuary_CTD_Data_2005_2023/raw_data/2010/CAST_KL027_101310faed.cnv
* Sea-Bird SBE19 Data File:
* FileName = C:\Documents and Settings\OCNMS\Desktop\2010 mooring data\fourth service\CAST_KL027_101310.hex
* Software Version 1.24
* Temperature SN = 2997
* Conductivity SN = 2997
* System UpLoad Time = Oct 13 2010 18:09:30
** CAST_KL027_101310
* SEACAT PROFILER V3.1c SN 2997   10/13/10  18:06:23.491
# nquan = 9                                 
# nvalues = 546                         
# units = specified
# name 0 = timeJ: Julian Days
# name 1 = prSM: Pressure, Strain Gauge [db]
# name 2 = c0mS/cm: Conductivity [mS/cm]
# name 3 = t090C: Temperature [ITS-90, deg C]
# name 4 = sbeox0ML/L: Oxygen, SBE 43 [ml/l]
# name 5 = depSM: Depth [salt water, m], lat = 47.5
# name 6 = sal00: Salinity, Practical [PSU]
# name 7 = sigma-é00: Density [sigma-theta, kg/m^3]
# name 8 = flag: flag
# span 0 = 286.650417, 286.653571       
# span 1 =     -5.248,     25.608       
# span 2 =   0.061917,  37.640810       
# span 3 =    12.8119,    15.2800       
# span 4 =    -1.9294,    13.4029       
# span 5 =     -5.204,     25.393       
# span 6 =     0.0389,    31.5533       
# span 7 =    -0.9097,    23.7612       
# span 8 = 0.0000e+00, 0.0000e+00       
# interval = seconds: 0.5
# start_time = Oct 13 2010 15:36:36 [Instrument's time stamp, header]
# bad_flag = -9.990e-29
*END*
[from data line 481]
 286.653200     14.809  37.331779    13.5076     5.8639     14.685    31.1341    23.3008 0.0000e+00
 286.653206     14.479  37.325374    13.5061     5.9206     14.358    31.1295    23.2976 0.0000e+00
 286.653212     14.136  37.310989    13.5029     5.9686     14.018    31.1189    23.2900 0.0000e+00
 286.653218     13.788  37.286812    13.4986     6.0008     13.672    31.1001    23.2763 0.0000e+00
 286.653223     13.435  37.257029    13.4958     6.0272     13.322    31.0749    23.2574 0.0000e+00
 286.653229     13.075  37.226760    13.4964     6.0348     12.965    31.0465    23.2353 0.0000e+00
 286.653235     12.712  37.200466    13.4993     6.0305     12.606    31.0199    23.2142 0.0000e+00
 286.653241     12.347  37.180057    13.5019     6.0210     12.244    30.9990    23.1975 0.0000e+00
 286.653247     11.984  37.160169    13.5028     6.0181     11.884    30.9800    23.1826 0.0000e+00
 286.653252     11.625  37.138377    13.5024     6.0227     11.528    30.9602    23.1675 0.0000e+00
 286.653258     11.277  37.123163    13.5020     6.0371     11.183    30.9466    23.1570 0.0000e+00
 286.653264     10.948  37.120575    13.5022     6.0608     10.856    30.9442    23.1551 0.0000e+00
 286.653270     10.635  37.128286    13.5021     6.0786     10.546    30.9515    23.1607 0.0000e+00
 286.653275     10.325  37.134729    13.5014     6.0902     10.239    30.9582    23.1660 0.0000e+00
 286.653281     10.013  37.128325    13.5005     6.0963      9.929    30.9531    23.1623 0.0000e+00
 286.653287      9.704  37.113424    13.5001     6.1080      9.623    30.9397    23.1520 0.0000e+00
 286.653293      9.412  37.093128    13.5004     6.1187      9.333    30.9208    23.1373 0.0000e+00
 286.653299      9.144  37.070633    13.5010     6.1374      9.067    30.8995    23.1208 0.0000e+00
 286.653304      8.893  37.061884    13.5013     6.1521      8.819    30.8913    23.1143 0.0000e+00
 286.653310      8.638  37.065862    13.5012     6.1445      8.566    30.8951    23.1173 0.0000e+00
 286.653316      8.367  37.066581    13.5011     6.1441      8.297    30.8960    23.1180 0.0000e+00
 286.653322      8.084  37.061641    13.5009     6.1442      8.016    30.8917    23.1147 0.0000e+00
 286.653328      7.802  37.051738    13.5003     6.1572      7.737    30.8831    23.1082 0.0000e+00
 286.653333      7.527  37.038796    13.4995     6.1828      7.464    30.8719    23.0996 0.0000e+00
 286.653339      7.247  37.029653    13.4975     6.2124      7.186    30.8651    23.0948 0.0000e+00
 286.653345      6.945  37.021082    13.4930     6.2467      6.887    30.8609    23.0925 0.0000e+00
 286.653351      6.617  37.005575    13.4855     6.2813      6.562    30.8527    23.0876 0.0000e+00
 286.653356      6.273  36.981506    13.4767     6.2996      6.221    30.8377    23.0777 0.0000e+00
 286.653362      5.926  36.947037    13.4709     6.3102      5.876    30.8105    23.0579 0.0000e+00
 286.653368      5.583  36.905508    13.4706     6.3595      5.536    30.7724    23.0285 0.0000e+00
 286.653374      5.244  36.872136    13.4743     6.4519      5.200    30.7386    23.0016 0.0000e+00
 286.653380      4.909  36.856208    13.4795     6.5992      4.868    30.7198    22.9861 0.0000e+00
 286.653385      4.583  36.850493    13.4854     6.7927      4.545    30.7099    22.9772 0.0000e+00
 286.653391      4.265  36.845693    13.4946     6.9685      4.229    30.6982    22.9664 0.0000e+00
 286.653397      3.953  36.837651    13.5161     7.1002      3.920    30.6736    22.9431 0.0000e+00
 286.653403      3.644  36.831893    13.5679     7.1919      3.614    30.6268    22.8968 0.0000e+00
 286.653409      3.340  36.848194    13.6573     7.2567      3.312    30.5705    22.8355 0.0000e+00
 286.653414      3.048  36.911652    13.7663     7.3279      3.023    30.5422    22.7919 0.0000e+00
 286.653420      2.769  37.048065    13.8773     7.3759      2.746    30.5792    22.7983 0.0000e+00
 286.653426      2.500  37.206837    13.9641     7.4026      2.479    30.6558    22.8398 0.0000e+00
 286.653432      2.236  37.275868    14.0052     7.4281      2.217    30.6863    22.8551 0.0000e+00
 286.653438      1.982  37.262064    14.0267     7.4494      1.965    30.6567    22.8279 0.0000e+00
 286.653443      1.747  37.250686    14.0560     7.4725      1.732    30.6231    22.7960 0.0000e+00
 286.653449      1.541  37.270828    14.0934     7.8614      1.528    30.6118    22.7797 0.0000e+00
 286.653455      1.370  37.311253    14.1288     8.6920      1.359    30.6207    22.7794 0.0000e+00
 286.653461      1.226  37.340146    14.1512     8.5185      1.216    30.6293    22.7814 0.0000e+00
 286.653466      1.100  37.342816    14.1661     7.4468      1.091    30.6200    22.7712 -9.990e-29
 286.653472      0.989  37.346360    14.1905     7.3180      0.981    30.6039    22.7538 -9.990e-29
 286.653478      0.894  37.376235    14.2273     7.2320      0.887    30.6020    22.7448 -9.990e-29
 286.653484      0.813  37.401685    14.2596     7.1486      0.806    30.5996    22.7364 -9.990e-29
 286.653490      0.741  37.317699    14.2716     7.1250      0.735    30.5138    22.6678 -9.990e-29
 286.653495      0.669  36.948434    14.2618     8.2434      0.663    30.1860    22.4171 -9.990e-29
 286.653501      0.589  35.856450    14.2410     8.2811      0.584    29.2127    21.6712 -9.990e-29
 286.653507      0.504  32.661406    14.2182     8.0886      0.500    26.3588    19.4782 -9.990e-29
 286.653513      0.425  26.092769    14.1956     7.6822      0.421    20.5945    15.0503 -9.990e-29
 286.653519      0.361  19.999846    14.1736 -9.990e-29      0.358    15.4038    11.0687 -9.990e-29
 286.653524      0.311  21.448019    14.1530 -9.990e-29      0.308    16.6341    12.0167 -9.990e-29
 286.653530      0.272  28.726554    14.1335 -9.990e-29      0.270    22.9279    16.8552 -9.990e-29
 286.653536      0.243  33.943410    14.1139 -9.990e-29      0.241    27.5805    20.4393 -9.990e-29
 286.653542      0.221  35.226351    14.0931 -9.990e-29      0.219    28.7537    21.3472 -9.990e-29
 286.653547      0.204  33.785139    14.0693 -9.990e-29      0.202    27.4699    20.3629 -9.990e-29
 286.653553      0.192  27.564254    14.0412 -9.990e-29      0.190    21.9616    16.1296 -9.990e-29
 286.653559      0.184  17.534235    14.0159 -9.990e-29      0.182    13.4015     9.5587 -9.990e-29
 286.653565      0.180   9.899908    14.0056 -9.990e-29      0.178     7.2205     4.8138 -9.990e-29
 286.653571      0.178   6.462253 -9.990e-29 -9.990e-29      0.177 -9.990e-29 -9.990e-29 -9.990e-29
