data/oxygen options/ONMS/Olympic_Coast_National_Marine_Sanctuary_CTD_Data_2005_2023/raw_data/2010/CAST_CA015_100210faed.cnv
* Sea-Bird SBE19 Data File:
* FileName = C:\Documents and Settings\OCNMS\Desktop\2010 mooring data\third service\CAST_CA015_100210.hex
* Software Version 1.24
* Temperature SN = 2997
* Conductivity SN = 2997
* System UpLoad Time = Oct 02 2010 16:58:14
** CAST_CA015_100210
* SEACAT PROFILER V3.1c SN 2997   10/02/10  16:55:53.847
# nquan = 9                                 
# nvalues = 644                         
# units = specified
# name 0 = timeJ: Julian Days
# name 1 = prSM: Pressure, Strain Gauge [db]
# name 2 = c0mS/cm: Conductivity [mS/cm]
# name 3 = t090C: Temperature [ITS-90, deg C]
# name 4 = sbeox0ML/L: Oxygen, SBE 43 [ml/l]
# name 5 = depSM: Depth [salt water, m], lat = 47.5
# name 6 = sal00: Salinity, Practical [PSU]
# name 7 = sigma-é00: Density [sigma-theta, kg/m^3]
# name 8 = flag: flag
# span 0 = 275.591678, 275.595399       
# span 1 =     -4.099,     15.537       
# span 2 =   0.199193,  37.634187       
# span 3 =    13.5263,    14.4590       
# span 4 =   -10.3582,    12.0967       
# span 5 =     -4.065,     15.407       
# span 6 =     0.1214,    30.9533       
# span 7 =    -0.6715,    23.1209       
# span 8 = 0.0000e+00, 0.0000e+00       
# interval = seconds: 0.5
# start_time = Oct 02 2010 14:12:01 [Instrument's time stamp, header]
# bad_flag = -9.990e-29
*END*
[from data line 481]
 275.594462      0.166   5.797931    14.0876     6.5322      0.165     4.0583     2.3692 -9.990e-29
 275.594468      0.163   3.907799    14.0450     6.5308      0.162     2.6682     1.3043 -9.990e-29
 275.594473      0.163   3.645463    14.0044     6.5060      0.162     2.4809     1.1657 -9.990e-29
 275.594479      0.165   3.985410    13.9686    -7.5925      0.164     2.7299     1.3630 -9.990e-29
 275.594485      0.169   3.971881    13.9374   -10.3582      0.168     2.7222     1.3616 -9.990e-29
 275.594491      0.171   3.516886    13.9113   -10.3388      0.170     2.3938     1.1119 -9.990e-29
 275.594497      0.167   3.033102    13.8891    -7.5675      0.166     2.0474     0.8476 -9.990e-29
 275.594502      0.161   2.697177    13.8706    -1.9749      0.160     1.8091     0.6661 -9.990e-29
 275.594508      0.157   2.476963    13.8554    -1.9750      0.156     1.6540     0.5484 -9.990e-29
 275.594514      0.154   2.267462    13.8421    -1.9777      0.153     1.5072     0.4367 -9.990e-29
 275.594520      0.153   2.051712    13.8297    -1.9805      0.152     1.3569     0.3221 -9.990e-29
 275.594525      0.154   1.894793    13.8182    -1.9820      0.153     1.2482     0.2396 -9.990e-29
 275.594531      0.156   1.927979    13.8087    -1.9838      0.155     1.2715     0.2590 -9.990e-29
 275.594537      0.159   2.146693    13.8002    -1.9864      0.158     1.4242     0.3784 -9.990e-29
 275.594543      0.164   2.325653    13.7894    -1.9870      0.163     1.5501     0.4773 -9.990e-29
 275.594549      0.172   2.366818    13.7749    -1.9878      0.171     1.5797     0.5022 -9.990e-29
 275.594554      0.177   2.305099    13.7558    -1.9893      0.176     1.5370     0.4718 -9.990e-29
 275.594560      0.177   2.210732    13.7325    -1.9891      0.176     1.4716     0.4245 -9.990e-29
 275.594566      0.176   2.203060    13.7109    -1.9904      0.175     1.4670     0.4239 -9.990e-29
 275.594572      0.178   2.215841    13.6966    -1.9886      0.177     1.4765     0.4333 -9.990e-29
 275.594578      0.182   2.122462    13.6869    -1.9827      0.180     1.4114     0.3842 -9.990e-29
 275.594583      0.185   1.952051    13.6760    -1.9844      0.183     1.2926     0.2938 -9.990e-29
 275.594589      0.184   1.773560    13.6633    -1.9864      0.182     1.1689     0.1997 -9.990e-29
 275.594595      0.181   1.606873    13.6522    -1.9887      0.179     1.0541     0.1123 -9.990e-29
 275.594601      0.182   1.468165    13.6447    -1.9904      0.180     0.9590     0.0396 -9.990e-29
 275.594606      0.186   1.374863    13.6403    -1.9885      0.184     0.8953    -0.0092 -9.990e-29
 275.594612      0.189   1.297919    13.6378    -1.9846      0.187     0.8429    -0.0494 -9.990e-29
 275.594618      0.187   1.228979    13.6353    -1.9846      0.185     0.7962    -0.0853 -9.990e-29
 275.594624      0.185   1.191980    13.6308    -1.9827      0.183     0.7712    -0.1041 -9.990e-29
 275.594630      0.185   1.231266    13.6252    -1.9855      0.183     0.7979    -0.0826 -9.990e-29
 275.594635      0.190   1.419167    13.6221    -1.9824      0.188     0.9260     0.0171 -9.990e-29
 275.594641      0.194   1.646392    13.6218    -1.9867      0.192     1.0822     0.1382 -9.990e-29
 275.594647      0.193   1.688078    13.6197    -1.9886      0.191     1.1110     0.1609 -9.990e-29
 275.594653      0.192   1.553806    13.6131    -1.9888      0.190     1.0186     0.0901 -9.990e-29
 275.594659      0.194   1.405553    13.6056    -1.9894      0.192     0.9171     0.0125 -9.990e-29
 275.594664      0.201   1.379411    13.6048    -1.9905      0.199     0.8992    -0.0013 -9.990e-29
 275.594670      0.208   1.529773    13.6144    -1.9919      0.206     1.0020     0.0771 -9.990e-29
 275.594676      0.211   1.725567    13.6268    -1.9929      0.209     1.1368     0.1798 -9.990e-29
 275.594682      0.215   1.819212    13.6347    -1.9939      0.213     1.2015     0.2289 -9.990e-29
 275.594688      0.220   1.809698    13.6392    -1.9939      0.218     1.1947     0.2230 -9.990e-29
 275.594693      0.223   1.760306    13.6412    -1.9938      0.221     1.1604     0.1962 -9.990e-29
 275.594699      0.222   1.674493    13.6411    -1.9938      0.220     1.1010     0.1502 -9.990e-29
 275.594705      0.219   1.502709    13.6421    -1.9941      0.217     0.9827     0.0584 -9.990e-29
 275.594711      0.218   1.318642    13.6447    -1.9947      0.216     0.8569    -0.0395 -9.990e-29
 275.594716      0.221   1.191238    13.6449    -1.9952      0.219     0.7704    -0.1066 -9.990e-29
 275.594722      0.227   1.075904    13.6392    -1.9954      0.225     0.6927    -0.1661 -9.990e-29
 275.594728      0.225   0.956325    13.6286    -1.9957      0.223     0.6128    -0.2267 -9.990e-29
 275.594734      0.217   0.855409    13.6194    -1.9961      0.215     0.5457    -0.2776 -9.990e-29
 275.594740      0.209   0.790456    13.6169    -1.9963      0.207     0.5027    -0.3106 -9.990e-29
 275.594745      0.207   0.753556    13.6195    -1.9978      0.205     0.4783    -0.3299 -9.990e-29
 275.594751      0.210   0.725984    13.6214    -1.9986      0.208     0.4601    -0.3443 -9.990e-29
 275.594757      0.213   0.697576    13.6191    -1.9990      0.211     0.4414    -0.3585 -9.990e-29
 275.594763      0.213   0.669244    13.6135    -1.9994      0.211     0.4229    -0.3721 -9.990e-29
 275.594769      0.214   0.644769    13.6081    -1.9996      0.212     0.4069    -0.3838 -9.990e-29
 275.594774      0.220   0.623657    13.6046    -1.9996      0.218     0.3932    -0.3940 -9.990e-29
 275.594780      0.231   0.603243    13.6022    -1.9998      0.229     0.3799    -0.4040 -9.990e-29
 275.594786      0.245   0.580135    13.6008    -1.9999      0.243     0.3648    -0.4155 -9.990e-29
 275.594792      0.253   0.550117    13.5998    -1.9997      0.251     0.3453    -0.4305 -9.990e-29
 275.594797      0.256   0.505302    13.5952    -1.9992      0.254     0.3164    -0.4525 -9.990e-29
 275.594803      0.259   0.435246    13.5864    -1.9989      0.257     0.2713    -0.4863 -9.990e-29
 275.594809      0.261   0.358458    13.5774    -1.9995      0.259     0.2224    -0.5232 -9.990e-29
 275.594815      0.263   0.310504    13.5707    -1.9999      0.261     0.1920    -0.5459 -9.990e-29
 275.594821      0.264   0.290047    13.5669    -1.9999      0.262     0.1792    -0.5554 -9.990e-29
 275.594826      0.270   0.278671    13.5653    -2.0003      0.268     0.1720    -0.5607 -9.990e-29
 275.594832      0.280   0.270627    13.5645    -2.0010      0.278     0.1670    -0.5645 -9.990e-29
 275.594838      0.287   0.264604    13.5656    -2.0010      0.285     0.1632    -0.5676 -9.990e-29
 275.594844      0.287   0.259772    13.5699    -2.0010      0.285     0.1602    -0.5706 -9.990e-29
 275.594850      0.279   0.254673    13.5754    -2.0015      0.277     0.1569    -0.5738 -9.990e-29
 275.594855      0.268   0.248599    13.5772    -2.0022      0.266     0.1531    -0.5770 -9.990e-29
 275.594861      0.257   0.242314    13.5731    -2.0022      0.255     0.1492    -0.5795 -9.990e-29
 275.594867      0.246   0.236854    13.5672    -2.0015      0.244     0.1459    -0.5813 -9.990e-29
 275.594873      0.238   0.232694    13.5617    -2.0009      0.236     0.1433    -0.5826 -9.990e-29
 275.594878      0.236   0.229269    13.5547    -2.0010      0.234     0.1412    -0.5833 -9.990e-29
 275.594884      0.242   0.225336    13.5475    -2.0010      0.240     0.1388    -0.5842 -9.990e-29
 275.594890      0.250   0.220636    13.5428    -1.9997      0.248     0.1359    -0.5859 -9.990e-29
 275.594896      0.257   0.216104    13.5386    -1.9983      0.255     0.1331    -0.5875 -9.990e-29
 275.594902      0.267   0.212342    13.5321    -1.9979      0.265     0.1307    -0.5884 -9.990e-29
 275.594907      0.283   0.209318    13.5263    -1.9977      0.281     0.1289    -0.5891 -9.990e-29
 275.594913      0.295   0.206876    13.5266    -1.9976      0.293     0.1274    -0.5903 -9.990e-29
 275.594919      0.300   0.205083    13.5331    -1.9976      0.297     0.1262    -0.5921 -9.990e-29
 275.594925      0.298   0.204316    13.5399    -1.9977      0.296     0.1257    -0.5934 -9.990e-29
 275.594931      0.295   0.205215    13.5435    -1.9971      0.293     0.1263    -0.5934 -9.990e-29
 275.594936      0.298   0.210084    13.5471    -1.9963      0.296     0.1293    -0.5916 -9.990e-29
 275.594942      0.307   0.226519    13.5555    -1.9957      0.304     0.1395    -0.5848 -9.990e-29
 275.594948      0.314   0.266461    13.5689    -1.9949      0.311     0.1643    -0.5672 -9.990e-29
 275.594954      0.320   0.322229    13.5830    -1.9943      0.317     0.1994    -0.5418 -9.990e-29
 275.594959      0.330   0.357933    13.5934    -1.9942      0.327     0.2219    -0.5257 -9.990e-29
 275.594965      0.339   0.358023    13.5997    -1.9929      0.336     0.2220    -0.5265 -9.990e-29
 275.594971      0.345   0.343670    13.6041    -1.9906      0.342     0.2128    -0.5342 -9.990e-29
 275.594977      0.347   0.330636    13.6105    -1.9906      0.344     0.2046    -0.5415 -9.990e-29
 275.594983      0.345   0.319270    13.6220    -1.9910      0.342     0.1973    -0.5487 -9.990e-29
 275.594988      0.341   0.309375    13.6371    -1.9914      0.338     0.1910    -0.5556 -9.990e-29
 275.594994      0.336   0.301606    13.6532    -1.9909      0.333     0.1860    -0.5616 -9.990e-29
 275.595000      0.337   0.295574    13.6691    -1.9904      0.334     0.1822    -0.5668 -9.990e-29
 275.595006      0.342   0.290438    13.6840    -1.9900      0.339     0.1789    -0.5714 -9.990e-29
 275.595012      0.351   0.285997    13.7009    -1.9890      0.348     0.1760    -0.5759 -9.990e-29
 275.595017      0.362   0.282422    13.7252    -1.9885      0.359     0.1737    -0.5810 -9.990e-29
 275.595023      0.370   0.279930    13.7500    -1.9889      0.367     0.1720    -0.5857 -9.990e-29
 275.595029      0.377   0.278520    13.7625    -1.9888      0.374     0.1711    -0.5881 -9.990e-29
 275.595035      0.382   0.277419    13.7640    -1.9888      0.379     0.1704    -0.5889 -9.990e-29
 275.595041      0.386   0.275713    13.7648    -1.9886      0.383     0.1694    -0.5898 -9.990e-29
 275.595046      0.389   0.273340    13.7709    -1.9881      0.386     0.1678    -0.5918 -9.990e-29
 275.595052      0.392   0.271015    13.7811    -1.9878      0.389     0.1664    -0.5943 -9.990e-29
 275.595058      0.393   0.269512    13.7934    -1.9870      0.390     0.1654    -0.5968 -9.990e-29
 275.595064      0.395   0.269043    13.8064    -1.9856      0.392     0.1650    -0.5988 -9.990e-29
 275.595069      0.396   0.268981    13.8149    -1.9849      0.393     0.1650    -0.6001 -9.990e-29
 275.595075      0.397   0.268688    13.8174    -1.9841      0.394     0.1648    -0.6006 -9.990e-29
 275.595081      0.397   0.268327    13.8185    -1.9834      0.394     0.1645    -0.6009 -9.990e-29
 275.595087      0.398   0.267968    13.8213    -1.9825      0.395     0.1643    -0.6015 -9.990e-29
 275.595093      0.398   0.267129    13.8272    -1.9817      0.395     0.1638    -0.6027 -9.990e-29
 275.595098      0.399   0.265246    13.8366    -1.9810      0.396     0.1625    -0.6049 -9.990e-29
 275.595104      0.399   0.262577    13.8495    -1.9802      0.396     0.1608    -0.6080 -9.990e-29
 275.595110      0.399   0.260547    13.8676    -1.9790      0.396     0.1595    -0.6115 -9.990e-29
 275.595116      0.399   0.259773    13.8893    -1.9792      0.396     0.1589    -0.6150 -9.990e-29
 275.595122      0.399   0.259221    13.9099    -1.9793      0.396     0.1585    -0.6181 -9.990e-29
 275.595127      0.399   0.258153    13.9288    -1.9795      0.396     0.1578    -0.6213 -9.990e-29
 275.595133      0.398   0.257360    13.9476    -1.9795      0.395     0.1572    -0.6244 -9.990e-29
 275.595139      0.398   0.257446    13.9667    -1.9796      0.395     0.1572    -0.6270 -9.990e-29
 275.595145      0.397   0.257414    13.9854    -1.9798      0.394     0.1571    -0.6297 -9.990e-29
 275.595150      0.396   0.256667    14.0034    -1.9797      0.393     0.1566    -0.6326 -9.990e-29
 275.595156      0.395   0.255869    14.0213    -1.9789      0.392     0.1560    -0.6355 -9.990e-29
 275.595162      0.394   0.255616    14.0357    -1.9790      0.391     0.1558    -0.6377 -9.990e-29
 275.595168      0.392   0.255571    14.0417    -1.9791      0.389     0.1558    -0.6386 -9.990e-29
 275.595174      0.390   0.255116    14.0414    -1.9794      0.387     0.1555    -0.6388 -9.990e-29
 275.595179      0.387   0.254383    14.0399    -1.9810      0.384     0.1551    -0.6389 -9.990e-29
 275.595185      0.384   0.253503    14.0387    -1.9819      0.381     0.1545    -0.6392 -9.990e-29
 275.595191      0.379   0.252040    14.0376    -1.9816      0.376     0.1536    -0.6397 -9.990e-29
 275.595197      0.373   0.249705    14.0373    -1.9812      0.370     0.1522    -0.6408 -9.990e-29
 275.595203      0.365   0.246895    14.0410    -1.9807      0.362     0.1504    -0.6427 -9.990e-29
 275.595208      0.359   0.244293    14.0467    -1.9806      0.356     0.1488    -0.6447 -9.990e-29
 275.595214      0.360   0.242310    14.0482    -1.9804      0.357     0.1476    -0.6459 -9.990e-29
 275.595220      0.361   0.241070    14.0433    -1.9799      0.358     0.1468    -0.6458 -9.990e-29
 275.595226      0.361   0.240583    14.0309    -1.9790      0.358     0.1466    -0.6442 -9.990e-29
 275.595231      0.362   0.240200    14.0133    -1.9785      0.359     0.1464    -0.6419 -9.990e-29
 275.595237      0.370   0.238854    14.0007    -1.9792      0.367     0.1456    -0.6408 -9.990e-29
 275.595243      0.379   0.236415    13.9992    -1.9797      0.376     0.1441    -0.6417 -9.990e-29
 275.595249      0.388   0.233507    14.0049    -1.9797      0.385     0.1423    -0.6439 -9.990e-29
 275.595255      0.395   0.230683    14.0124    -1.9793      0.392     0.1406    -0.6464 -9.990e-29
 275.595260      0.403   0.228057    14.0195    -1.9792      0.400     0.1389    -0.6486 -9.990e-29
 275.595266      0.411   0.225452    14.0278    -1.9786      0.408     0.1373    -0.6510 -9.990e-29
 275.595272      0.419   0.223274    14.0387    -1.9782      0.416     0.1359    -0.6536 -9.990e-29
 275.595278      0.424   0.221940    14.0495    -1.9781      0.420     0.1351    -0.6558 -9.990e-29
 275.595284      0.422   0.221336    14.0543    -1.9781      0.418     0.1347    -0.6568 -9.990e-29
 275.595289      0.417   0.221210    14.0512    -1.9781      0.414     0.1346    -0.6564 -9.990e-29
 275.595295      0.413   0.220840    14.0464    -1.9779      0.410     0.1344    -0.6559 -9.990e-29
 275.595301      0.410   0.219732    14.0462    -1.9780      0.407     0.1337    -0.6564 -9.990e-29
 275.595307      0.408   0.218071    14.0503    -1.9782      0.405     0.1327    -0.6578 -9.990e-29
 275.595312      0.406   0.216412    14.0568    -1.9788      0.403     0.1317    -0.6595 -9.990e-29
 275.595318      0.405   0.215312    14.0650    -1.9778      0.402     0.1310    -0.6612 -9.990e-29
 275.595324      0.404   0.214411    14.0724    -1.9773      0.401     0.1304    -0.6626 -9.990e-29
 275.595330      0.403   0.213063    14.0768    -1.9776      0.400     0.1296    -0.6639 -9.990e-29
 275.595336      0.402   0.211131    14.0790    -1.9780      0.399     0.1284    -0.6651 -9.990e-29
 275.595341      0.402   0.208811    14.0805    -1.9783      0.399     0.1269    -0.6665 -9.990e-29
 275.595347      0.401   0.206886    14.0816 -9.990e-29      0.398     0.1258    -0.6675 -9.990e-29
 275.595353      0.401   0.206114    14.0808 -9.990e-29      0.398     0.1253    -0.6678 -9.990e-29
 275.595359      0.401   0.206019    14.0782 -9.990e-29      0.398     0.1252    -0.6675 -9.990e-29
 275.595365      0.401   0.205368    14.0786 -9.990e-29      0.398     0.1248    -0.6678 -9.990e-29
 275.595370      0.400   0.203848    14.0851 -9.990e-29      0.397     0.1239    -0.6695 -9.990e-29
 275.595376      0.400   0.202201    14.0908 -9.990e-29      0.397     0.1229    -0.6711 -9.990e-29
