data/oxygen options/ONMS/Olympic_Coast_National_Marine_Sanctuary_CTD_Data_2005_2023/raw_data/2010/CAST_CE042_081710faedb.cnv
* Sea-Bird SBE19 Data File:
* FileName = C:\Documents and Settings\OCNMS\Desktop\2010 mooring data\second service\CAST_CE042_081710.hex
* Software Version 1.24
* Temperature SN = 2997
* Conductivity SN = 2997
* System UpLoad Time = Aug 18 2010 18:02:03
** CAST_CE042_081710
* SEACAT PROFILER V3.1c SN 2997   08/18/10  18:00:29.051
# nquan = 9
# nvalues = 24                          
# units = specified
# name 0 = timeJ: Julian Days
# name 1 = prSM: Pressure, Strain Gauge [db]
# name 2 = c0mS/cm: Conductivity [mS/cm]
# name 3 = t090C: Temperature [ITS-90, deg C]
# name 4 = sbeox0ML/L: Oxygen, SBE 43 [ml/l]
# name 5 = depSM: Depth [salt water, m], lat = 47.5
# name 6 = sal00: Salinity, Practical [PSU]
# name 7 = sigma-é00: Density [sigma-theta, kg/m^3]
# name 8 = flag: flag
# span 0 = 229.483226, 229.484452       
# span 1 =      3.000,     26.000       
# span 2 =  34.767786,  39.552988       
# span 3 =     7.9116,    14.5126       
# span 4 =     1.7480,     7.4983       
# span 5 =      2.975,     25.782       
# span 6 =    32.2952,    33.5240       
# span 7 =    23.9912,    26.1281       
# span 8 = 0.0000e+00, 0.0000e+00       
# interval = decibars: 1                
# start_time = Aug 17 2010 11:33:10 [Instrument's time stamp, header]
# bad_flag = -9.990e-29
*END*
 229.483226      3.000  39.490407    14.5126     7.4983      2.975    32.2952    23.9912 0.0000e+00
 229.483264      4.000  39.482485    14.5029     7.4844      3.967    32.2956    23.9936 0.0000e+00
 229.483305      5.000  39.477823    14.4973     7.4698      4.958    32.2957    23.9949 0.0000e+00
 229.483346      6.000  39.471787    14.4895     7.4612      5.950    32.2963    23.9970 0.0000e+00
 229.483385      7.000  39.465214    14.4814     7.4368      6.941    32.2966    23.9990 0.0000e+00
 229.483427      8.000  39.497705    14.4840     7.2414      7.933    32.3237    24.0193 0.0000e+00
 229.483463      9.000  39.552988    14.4609     7.2362      8.925    32.3930    24.0777 0.0000e+00
 229.483506     10.000  39.335679    14.0430     6.7778      9.916    32.5449    24.2816 0.0000e+00
 229.483543     11.000  39.030030    13.7381     6.3656     10.908    32.5198    24.3249 0.0000e+00
 229.483583     12.000  38.453254    13.0517     5.8108     11.899    32.5659    24.4976 0.0000e+00
 229.483621     13.000  37.623775    11.8401     5.8389     12.891    32.8255    24.9331 0.0000e+00
 229.483679     14.000  37.682080    11.7937     4.5662     13.882    32.9233    25.0155 0.0000e+00
 229.483908     15.000  36.832924    10.8715     4.6202     14.874    32.9103    25.1701 0.0000e+00
 229.483997     16.000  36.148196    10.0056     4.6422     15.866    33.0072    25.3961 0.0000e+00
 229.484054     17.000  35.982398     9.8533     4.1751     16.857    32.9774    25.3975 0.0000e+00
 229.484098     18.000  35.776627     9.5516     3.7819     17.849    33.0435    25.4985 0.0000e+00
 229.484142     19.000  35.621928     9.3331     3.5943     18.840    33.0856    25.5668 0.0000e+00
 229.484187     20.000  35.396464     9.0646     3.4542     19.832    33.1007    25.6213 0.0000e+00
 229.484227     21.000  35.326049     8.9669     3.4166     20.824    33.1180    25.6501 0.0000e+00
 229.484265     22.000  35.222637     8.8353     3.3535     21.815    33.1324    25.6819 0.0000e+00
 229.484304     23.000  35.102595     8.6083     2.7294     22.807    33.2191    25.7846 0.0000e+00
 229.484336     24.000  34.945565     8.3944     2.6322     23.798    33.2546    25.8450 0.0000e+00
 229.484372     25.000  34.927565     8.2314     1.8890     24.790    33.3896    25.9753 0.0000e+00
 229.484452     26.000  34.767786     7.9116     1.7480     25.782    33.5240    26.1281 0.0000e+00
