data/oxygen options/ONMS/Olympic_Coast_National_Marine_Sanctuary_CTD_Data_2005_2023/raw_data/2010/CAST_CA042_101910faedb.cnv
* Sea-Bird SBE19 Data File:
* FileName = C:\Documents and Settings\OCNMS\Desktop\2010 mooring data\fourth service\CAST_CA042_101910.hex
* Software Version 1.24
* Temperature SN = 2997
* Conductivity SN = 2997
* System UpLoad Time = Oct 20 2010 11:32:35
** CAST_CA042_101910
* SEACAT PROFILER V3.1c SN 2997   10/20/10  11:29:23.060
# nquan = 9
# nvalues = 43                          
# units = specified
# name 0 = timeJ: Julian Days
# name 1 = prSM: Pressure, Strain Gauge [db]
# name 2 = c0mS/cm: Conductivity [mS/cm]
# name 3 = t090C: Temperature [ITS-90, deg C]
# name 4 = sbeox0ML/L: Oxygen, SBE 43 [ml/l]
# name 5 = depSM: Depth [salt water, m], lat = 47.5
# name 6 = sal00: Salinity, Practical [PSU]
# name 7 = sigma-é00: Density [sigma-theta, kg/m^3]
# name 8 = flag: flag
# span 0 = 292.449694, 292.450554       
# span 1 =      2.000,     44.000       
# span 2 =  34.264862,  37.371258       
# span 3 =     7.4137,    12.9702       
# span 4 =     3.4135,     6.7807       
# span 5 =      1.983,     43.628       
# span 6 =    31.5252,    33.4650       
# span 7 =    23.7082,    26.1531       
# span 8 = 0.0000e+00, 0.0000e+00       
# interval = decibars: 1                
# start_time = Oct 19 2010 10:45:17 [Instrument's time stamp, header]
# bad_flag = -9.990e-29
*END*
 292.449694      2.000  37.271327    12.9702     6.7489      1.983    31.5252    23.7082 0.0000e+00
 292.449721      3.000  37.238868    12.8955     6.7807      2.975    31.5565    23.7470 0.0000e+00
 292.449750      4.000  37.236959    12.8778     6.7737      3.967    31.5691    23.7601 0.0000e+00
 292.449780      5.000  37.243185    12.8789     6.2994      4.958    31.5736    23.7634 0.0000e+00
 292.449804      6.000  37.289862    12.8719     5.8510      5.950    31.6231    23.8031 0.0000e+00
 292.449825      7.000  37.356689    12.8333     5.5698      6.942    31.7181    23.8842 0.0000e+00
 292.449845      8.000  37.370486    12.7381     5.5569      7.933    31.8108    23.9743 0.0000e+00
 292.449863      9.000  37.371258    12.6975     5.5973      8.925    31.8455    24.0090 0.0000e+00
 292.449878     10.000  37.365959    12.6869     5.5568      9.916    31.8490    24.0137 0.0000e+00
 292.449894     11.000  37.359382    12.6730     5.4054     10.908    31.8541    24.0203 0.0000e+00
 292.449909     12.000  37.331751    12.6274     5.1670     11.899    31.8660    24.0384 0.0000e+00
 292.449925     13.000  37.258780    12.5072     5.4013     12.891    31.8981    24.0862 0.0000e+00
 292.449942     14.000  37.130730    12.2719     5.6904     13.883    31.9756    24.1907 0.0000e+00
 292.449961     15.000  37.093095    12.1671     5.5904     14.874    32.0287    24.2516 0.0000e+00
 292.449987     16.000  37.118016    12.1923     5.6070     15.866    32.0307    24.2484 0.0000e+00
 292.450009     17.000  36.966442    11.9080     5.5661     16.857    32.1286    24.3771 0.0000e+00
 292.450028     18.000  36.775951    11.6459     5.2685     17.849    32.1700    24.4575 0.0000e+00
 292.450045     19.000  36.604153    11.3286     5.1707     18.840    32.2783    24.5988 0.0000e+00
 292.450063     20.000  36.247030    10.8765     5.1888     19.832    32.3227    24.7133 0.0000e+00
 292.450084     21.000  36.227954    10.9283     5.0700     20.824    32.2578    24.6539 0.0000e+00
 292.450106     22.000  36.062841    10.7524     4.9703     21.815    32.2485    24.6772 0.0000e+00
 292.450127     23.000  35.852875    10.3331     4.9261     22.807    32.4102    24.8749 0.0000e+00
 292.450146     24.000  35.688849    10.0832     4.7604     23.798    32.4680    24.9620 0.0000e+00
 292.450164     25.000  35.557625     9.8594     4.6566     24.790    32.5359    25.0521 0.0000e+00
 292.450181     26.000  35.431988     9.6852     4.7144     25.781    32.5650    25.1033 0.0000e+00
 292.450203     27.000  35.454383     9.7422     4.6718     26.773    32.5358    25.0712 0.0000e+00
 292.450226     28.000  35.507335     9.7086     4.6205     27.764    32.6198    25.1423 0.0000e+00
 292.450248     29.000  35.420045     9.6777     4.5609     28.756    32.5582    25.0992 0.0000e+00
 292.450267     30.000  35.386836     9.6201     4.5132     29.748    32.5761    25.1226 0.0000e+00
 292.450284     31.000  35.360562     9.5883     4.4707     30.739    32.5776    25.1289 0.0000e+00
 292.450301     32.000  35.330699     9.5340     4.4367     31.730    32.5958    25.1519 0.0000e+00
 292.450323     33.000  35.302117     9.4608     4.3360     32.722    32.6327    25.1925 0.0000e+00
 292.450344     34.000  35.217625     9.2867     4.1030     33.713    32.7043    25.2763 0.0000e+00
 292.450363     35.000  35.066045     9.0129     3.8417     34.705    32.7984    25.3930 0.0000e+00
 292.450377     36.000  35.014351     8.8352     3.7128     35.697    32.9085    25.5068 0.0000e+00
 292.450394     37.000  34.927535     8.6189     3.8231     36.688    33.0186    25.6263 0.0000e+00
 292.450415     38.000  34.888952     8.6611     3.8636     37.680    32.9383    25.5569 0.0000e+00
 292.450446     39.000  34.880583     8.5000     3.5422     38.671    33.0799    25.6922 0.0000e+00
 292.450466     40.000  34.579403     7.9265     3.4521     39.662    33.3021    25.9515 0.0000e+00
 292.450483     41.000  34.324671     7.4845     3.4617     40.654    33.4508    26.1319 0.0000e+00
 292.450502     42.000  34.264862     7.4145     3.4379     41.645    33.4531    26.1436 0.0000e+00
 292.450526     43.000  34.309252     7.4722     3.4337     42.637    33.4451    26.1292 0.0000e+00
 292.450554     44.000  34.275957     7.4137     3.4135     43.628    33.4650    26.1531 0.0000e+00
