data/oxygen options/ONMS/Olympic_Coast_National_Marine_Sanctuary_CTD_Data_2005_2023/raw_data/2010/CAST_CE065_091410faed.cnv
* Sea-Bird SBE19 Data File:
* FileName = C:\Documents and Settings\OCNMS\Desktop\2010 mooring data\third service\CAST_CE065_091410.hex
* Software Version 1.24
* Temperature SN = 2997
* Conductivity SN = 2997
* System UpLoad Time = Sep 14 2010 15:16:45
** CAST_CE065_091410
* SEACAT PROFILER V3.1c SN 2997   09/14/10  15:08:25.319
# nquan = 9                                 
# nvalues = 725                         
# units = specified
# name 0 = timeJ: Julian Days
# name 1 = prSM: Pressure, Strain Gauge [db]
# name 2 = c0mS/cm: Conductivity [mS/cm]
# name 3 = t090C: Temperature [ITS-90, deg C]
# name 4 = sbeox0ML/L: Oxygen, SBE 43 [ml/l]
# name 5 = depSM: Depth [salt water, m], lat = 47.5
# name 6 = sal00: Salinity, Practical [PSU]
# name 7 = sigma-é00: Density [sigma-theta, kg/m^3]
# name 8 = flag: flag
# span 0 = 257.411968, 257.416157       
# span 1 =     -4.951,     66.467       
# span 2 =   0.004238, 222.235699       
# span 3 =     6.9673,    41.1942       
# span 4 =    -2.0516,    57.6434       
# span 5 =     -4.910,     65.902       
# span 6 =     0.0078,    38.1387       
# span 7 =    -0.5512,    26.4852       
# span 8 = 0.0000e+00, 0.0000e+00       
# interval = seconds: 0.5
# start_time = Sep 14 2010 09:53:14 [Instrument's time stamp, header]
# bad_flag = -9.990e-29
*END*
[from data line 481]
 257.414751     66.290  34.203036     6.9695     1.4560     65.726    33.8073    26.4842 -9.990e-29
 257.414757     66.294  34.202940     6.9699     1.4598     65.730    33.8068    26.4838 -9.990e-29
 257.414763     66.306  34.202589     6.9699     1.4516     65.742    33.8064    26.4835 -9.990e-29
 257.414769     66.324  34.202055     6.9697     1.4520     65.760    33.8060    26.4832 -9.990e-29
 257.414774     66.340  34.201733     6.9692     1.4578     65.776    33.8062    26.4834 -9.990e-29
 257.414780     66.351  34.201741     6.9689     1.4598     65.787    33.8065    26.4836 -9.990e-29
 257.414786     66.357  34.202082     6.9691     1.4617     65.793    33.8066    26.4838 -9.990e-29
 257.414792     66.359  34.202637     6.9696     1.4659     65.795    33.8068    26.4838 -9.990e-29
 257.414797     66.358  34.203019     6.9699     1.4517     65.794    33.8069    26.4838 -9.990e-29
 257.414803     66.352  34.203173     6.9702     1.4560     65.788    33.8068    26.4837 -9.990e-29
 257.414809     66.341  34.203298     6.9706     1.4561     65.777    33.8065    26.4835 -9.990e-29
 257.414815     66.325  34.203553     6.9710     1.4479     65.761    33.8064    26.4833 -9.990e-29
 257.414821     66.307  34.203714     6.9712     1.4599     65.743    33.8064    26.4833 -9.990e-29
 257.414826     66.295  34.203430     6.9710     1.4660     65.731    33.8063    26.4832 -9.990e-29
 257.414832     66.291  34.202877     6.9706     1.4618     65.727    33.8061    26.4831 -9.990e-29
 257.414838     66.292  34.202432     6.9705     1.4536     65.728    33.8057    26.4828 -9.990e-29
 257.414844     66.294  34.202616     6.9703     1.4541     65.730    33.8061    26.4832 -9.990e-29
 257.414850     66.300  34.203109     6.9695     1.4541     65.736    33.8074    26.4843 -9.990e-29
 257.414855     66.315  34.202883     6.9687     1.4600     65.751    33.8079    26.4848 -9.990e-29
 257.414861     66.336  34.202192     6.9680     1.4456     65.772    33.8079    26.4849 -9.990e-29
 257.414867     66.356  34.201789     6.9678     1.4541     65.792    33.8076    26.4847 -9.990e-29
 257.414873     66.371  34.201691     6.9683     1.4579     65.806    33.8070    26.4841 -9.990e-29
 257.414878     66.384  34.201760     6.9689     1.4536     65.819    33.8065    26.4837 -9.990e-29
 257.414884     66.394  34.202082     6.9692     1.4555     65.829    33.8065    26.4837 -9.990e-29
 257.414890     66.402  34.202521     6.9690     1.4558     65.837    33.8072    26.4842 -9.990e-29
 257.414896     66.408  34.202536     6.9683     1.4435     65.843    33.8079    26.4849 -9.990e-29
 257.414902     66.414  34.202143     6.9676     1.4517     65.849    33.8082    26.4852 -9.990e-29
 257.414907     66.419  34.201932     6.9675     1.4517     65.854    33.8080    26.4851 -9.990e-29
 257.414913     66.419  34.202175     6.9681     1.4518     65.854    33.8077    26.4847 -9.990e-29
 257.414919     66.411  34.202629     6.9690     1.4575     65.846    33.8073    26.4843 -9.990e-29
 257.414925     66.398  34.202774     6.9696     1.4536     65.833    33.8069    26.4839 -9.990e-29
 257.414931     66.383  34.202800     6.9702     1.4536     65.818    33.8063    26.4834 -9.990e-29
 257.414936     66.365  34.203295     6.9708     1.4617     65.801    33.8063    26.4833 -9.990e-29
 257.414942     66.349  34.203794     6.9709     1.4555     65.785    33.8068    26.4836 -9.990e-29
 257.414948     66.340  34.203837     6.9703     1.4536     65.776    33.8074    26.4842 -9.990e-29
 257.414954     66.343  34.203476     6.9694     1.4435     65.779    33.8079    26.4847 -9.990e-29
 257.414959     66.354  34.202785     6.9688     1.4397     65.790    33.8077    26.4846 -9.990e-29
 257.414965     66.364  34.202516     6.9688     1.4517     65.800    33.8074    26.4844 -9.990e-29
 257.414971     66.371  34.202865     6.9693     1.4637     65.806    33.8073    26.4842 -9.990e-29
 257.414977     66.375  34.203171     6.9700     1.4614     65.810    33.8069    26.4839 -9.990e-29
 257.414983     66.376  34.203275     6.9706     1.4495     65.811    33.8065    26.4834 -9.990e-29
 257.414988     66.373  34.203311     6.9707     1.4418     65.808    33.8064    26.4834 -9.990e-29
 257.414994     66.372  34.203322     6.9705     1.4479     65.807    33.8066    26.4836 -9.990e-29
 257.415000     66.376  34.203316     6.9702     1.4556     65.811    33.8069    26.4838 -9.990e-29
 257.415006     66.381  34.203280     6.9701     1.4513     65.816    33.8070    26.4839 -9.990e-29
 257.415012     66.388  34.203161     6.9700     1.4555     65.823    33.8069    26.4839 -9.990e-29
 257.415017     66.401  34.202793     6.9696     1.4537     65.836    33.8069    26.4839 -9.990e-29
 257.415023     66.418  34.202240     6.9688     1.4475     65.853    33.8071    26.4841 -9.990e-29
 257.415029     66.433  34.201881     6.9681     1.4393     65.868    33.8074    26.4845 -9.990e-29
 257.415035     66.450  34.201790     6.9675     1.4418     65.885    33.8079    26.4849 -9.990e-29
 257.415041     66.463  34.201840     6.9673     1.4537     65.898    33.8081    26.4851 -9.990e-29
 257.415046     66.467  34.202092     6.9678     1.4532     65.902    33.8079    26.4849 -9.990e-29
 257.415052     66.461  34.202317     6.9689     1.4452     65.896    33.8070    26.4841 -9.990e-29
 257.415058     66.452  34.202248     6.9702     1.4455     65.887    33.8057    26.4829 -9.990e-29
 257.415064     66.446  34.202346     6.9706     1.4456     65.881    33.8054    26.4826 -9.990e-29
 257.415069     66.440  34.202740     6.9701     1.4432     65.875    33.8063    26.4834 -9.990e-29
 257.415075     66.436  34.202828     6.9695     1.4513     65.871    33.8070    26.4840 -9.990e-29
 257.415081     66.433  34.202723     6.9690     1.4494     65.868    33.8074    26.4844 -9.990e-29
 257.415087     66.431  34.202837     6.9686     1.4432     65.866    33.8079    26.4848 -9.990e-29
 257.415093     66.429  34.202759     6.9689     1.4432     65.864    33.8075    26.4845 -9.990e-29
 257.415098     66.427  34.202378     6.9694     1.4393     65.862    33.8066    26.4837 -9.990e-29
 257.415104     66.426  34.202300     6.9696     1.4494     65.861    33.8064    26.4835 -9.990e-29
 257.415110     66.420  34.202418     6.9695     1.4552     65.855    33.8066    26.4837 -9.990e-29
 257.415116     66.406  34.202320     6.9694     1.4470     65.841    33.8066    26.4837 -9.990e-29
 257.415122     66.382  34.202432     6.9698     1.4512     65.817    33.8063    26.4834 -9.990e-29
 257.415127     66.347  34.202897     6.9701     1.4492     65.783    33.8066    26.4836 -9.990e-29
 257.415133     66.303  34.203207     6.9703     1.4429     65.739    33.8067    26.4837 -9.990e-29
 257.415139     66.251  34.203212     6.9705     1.4429     65.688    33.8066    26.4835 -9.990e-29
 257.415145     66.188  34.202913     6.9702     1.4470     65.625    33.8066    26.4835 -9.990e-29
 257.415150     66.110  34.202467     6.9697     1.4508     65.548    33.8066    26.4836 -9.990e-29
 257.415156     66.012  34.202392     6.9693     1.4546     65.451    33.8070    26.4840 -9.990e-29
 257.415162     65.889  34.202584     6.9692     1.4527     65.329    33.8073    26.4843 -9.990e-29
 257.415168     65.731  34.202733     6.9696     1.4567     65.172    33.8072    26.4841 0.0000e+00
 257.415174     65.533  34.203031     6.9701     1.4504     64.976    33.8071    26.4840 0.0000e+00
 257.415179     65.297  34.203310     6.9703     1.4480     64.742    33.8073    26.4841 0.0000e+00
 257.415185     65.027  34.203377     6.9703     1.4458     64.474    33.8075    26.4843 0.0000e+00
 257.415191     64.733  34.203317     6.9704     1.4598     64.183    33.8075    26.4843 0.0000e+00
 257.415197     64.421  34.203048     6.9708     1.4673     63.873    33.8070    26.4838 0.0000e+00
 257.415203     64.102  34.202765     6.9713     1.4673     63.557    33.8063    26.4832 0.0000e+00
 257.415208     63.781  34.202649     6.9719     1.4875     63.239    33.8058    26.4827 0.0000e+00
 257.415214     63.450  34.202542     6.9731     1.5017     62.911    33.8046    26.4816 0.0000e+00
 257.415220     63.101  34.202855     6.9759     1.5134     62.565    33.8024    26.4795 0.0000e+00
 257.415226     62.735  34.204001     6.9811     1.5337     62.202    33.7987    26.4758 0.0000e+00
 257.415231     62.352  34.205823     6.9885     1.5481     61.822    33.7937    26.4708 0.0000e+00
 257.415237     61.954  34.207947     6.9958     1.5683     61.428    33.7890    26.4662 0.0000e+00
 257.415243     61.546  34.209843     7.0014     1.5723     61.023    33.7858    26.4629 0.0000e+00
 257.415249     61.137  34.211235     7.0048     1.5887     60.618    33.7842    26.4611 0.0000e+00
 257.415255     60.730  34.212295     7.0066     1.6109     60.214    33.7838    26.4606 0.0000e+00
 257.415260     60.320  34.213316     7.0087     1.6210     59.808    33.7830    26.4597 0.0000e+00
 257.415266     59.904  34.214532     7.0115     1.6453     59.395    33.7818    26.4584 0.0000e+00
 257.415272     59.480  34.215881     7.0147     1.6622     58.975    33.7804    26.4568 0.0000e+00
 257.415278     59.047  34.216918     7.0179     1.6990     58.546    33.7786    26.4549 0.0000e+00
 257.415284     58.609  34.217902     7.0218     1.7354     58.112    33.7760    26.4524 0.0000e+00
 257.415289     58.166  34.219583     7.0270     1.7545     57.672    33.7730    26.4493 0.0000e+00
 257.415295     57.716  34.221957     7.0341     1.7758     57.226    33.7689    26.4450 0.0000e+00
 257.415301     57.256  34.224825     7.0436     1.7849     56.770    33.7629    26.4390 0.0000e+00
 257.415307     56.788  34.228089     7.0533     1.7894     56.306    33.7572    26.4332 0.0000e+00
 257.415313     56.315  34.231055     7.0607     1.7856     55.837    33.7534    26.4292 0.0000e+00
 257.415318     55.842  34.233198     7.0654     1.7784     55.368    33.7514    26.4270 0.0000e+00
 257.415324     55.378  34.234571     7.0683     1.7773     54.908    33.7503    26.4257 0.0000e+00
 257.415330     54.926  34.235322     7.0695     1.7820     54.460    33.7502    26.4254 0.0000e+00
 257.415336     54.484  34.235329     7.0684     1.7983     54.022    33.7515    26.4266 0.0000e+00
 257.415341     54.050  34.234599     7.0654     1.8161     53.592    33.7538    26.4289 0.0000e+00
 257.415347     53.618  34.233836     7.0635     1.8500     53.164    33.7551    26.4301 0.0000e+00
 257.415353     53.181  34.233698     7.0667     1.8619     52.730    33.7520    26.4272 0.0000e+00
 257.415359     52.742  34.235115     7.0763     1.8725     52.295    33.7443    26.4199 0.0000e+00
 257.415365     52.302  34.238293     7.0881     1.8732     51.859    33.7365    26.4121 0.0000e+00
 257.415370     51.859  34.241864     7.0961     1.8782     51.420    33.7328    26.4080 0.0000e+00
 257.415376     51.416  34.244988     7.0993     1.8704     50.981    33.7333    26.4080 0.0000e+00
 257.415382     50.978  34.247345     7.1014     1.8630     50.546    33.7340    26.4083 0.0000e+00
 257.415388     50.544  34.248716     7.1063     1.8514     50.116    33.7309    26.4052 0.0000e+00
 257.415394     50.102  34.249807     7.1147     1.8479     49.678    33.7241    26.3987 0.0000e+00
 257.415399     49.651  34.251507     7.1240     1.8558     49.231    33.7171    26.3918 0.0000e+00
 257.415405     49.195  34.253837     7.1313     1.8377     48.779    33.7127    26.3874 0.0000e+00
 257.415411     48.736  34.255983     7.1357     1.8478     48.324    33.7110    26.3854 0.0000e+00
 257.415417     48.267  34.257442     7.1382     1.8618     47.859    33.7104    26.3846 0.0000e+00
 257.415422     47.783  34.258477     7.1401     1.8895     47.379    33.7099    26.3839 0.0000e+00
 257.415428     47.287  34.259345     7.1419     1.9148     46.887    33.7093    26.3832 0.0000e+00
 257.415434     46.778  34.260080     7.1436     1.9232     46.382    33.7087    26.3825 0.0000e+00
 257.415440     46.253  34.260538     7.1450     1.9536     45.862    33.7081    26.3818 0.0000e+00
 257.415446     45.719  34.260766     7.1461     1.9719     45.332    33.7075    26.3812 0.0000e+00
 257.415451     45.182  34.261064     7.1472     1.9738     44.800    33.7071    26.3807 0.0000e+00
 257.415457     44.649  34.261269     7.1484     1.9816     44.272    33.7064    26.3800 0.0000e+00
 257.415463     44.120  34.261091     7.1496     1.9775     43.747    33.7053    26.3789 0.0000e+00
 257.415469     43.594  34.260850     7.1506     1.9831     43.226    33.7043    26.3780 0.0000e+00
 257.415475     43.073  34.260784     7.1514     1.9926     42.709    33.7037    26.3774 0.0000e+00
 257.415480     42.559  34.260806     7.1523     1.9885     42.199    33.7031    26.3768 0.0000e+00
 257.415486     42.052  34.260946     7.1533     1.9863     41.697    33.7025    26.3762 0.0000e+00
 257.415492     41.550  34.261393     7.1550     1.9682     41.199    33.7016    26.3752 0.0000e+00
 257.415498     41.048  34.262187     7.1590     1.9408     40.701    33.6988    26.3725 0.0000e+00
 257.415503     40.538  34.263267     7.1686     1.8992     40.196    33.6908    26.3649 0.0000e+00
 257.415509     40.019  34.265515     7.1857     1.8738     39.681    33.6768    26.3515 0.0000e+00
 257.415515     39.496  34.270251     7.2068     1.8694     39.163    33.6617    26.3366 0.0000e+00
 257.415521     38.974  34.276512     7.2267     1.8822     38.645    33.6494    26.3242 0.0000e+00
 257.415527     38.455  34.283128     7.2449     1.8997     38.131    33.6391    26.3136 0.0000e+00
 257.415532     37.935  34.290524     7.2615     1.9318     37.615    33.6313    26.3051 0.0000e+00
 257.415538     37.407  34.296804     7.2762     1.9716     37.091    33.6240    26.2974 0.0000e+00
 257.415544     36.871  34.300822     7.2886     1.9941     36.560    33.6166    26.2898 0.0000e+00
 257.415550     36.338  34.304020     7.2982     2.0229     36.032    33.6110    26.2841 0.0000e+00
 257.415556     35.810  34.306185     7.3052     2.0509     35.508    33.6068    26.2798 0.0000e+00
 257.415561     35.289  34.306850     7.3107     2.0885     34.991    33.6025    26.2756 0.0000e+00
 257.415567     34.772  34.306905     7.3168     2.1401     34.479    33.5968    26.2703 0.0000e+00
 257.415573     34.251  34.307545     7.3279     2.2072     33.962    33.5870    26.2610 0.0000e+00
 257.415579     33.724  34.309626     7.3468     2.2806     33.440    33.5712    26.2459 0.0000e+00
 257.415584     33.187  34.313686     7.3707     2.3550     32.907    33.5527    26.2280 0.0000e+00
 257.415590     32.635  34.317858     7.3949     2.4297     32.360    33.5340    26.2099 0.0000e+00
 257.415596     32.073  34.318750     7.4162     2.4794     31.803    33.5147    26.1917 0.0000e+00
 257.415602     31.503  34.316997     7.4334     2.5455     31.238    33.4964    26.1749 0.0000e+00
 257.415608     30.926  34.314748     7.4461     2.6043     30.666    33.4820    26.1618 0.0000e+00
 257.415613     30.351  34.312373     7.4557     2.6623     30.095    33.4704    26.1513 0.0000e+00
 257.415619     29.778  34.310632     7.4666     2.7219     29.527    33.4583    26.1402 0.0000e+00
 257.415625     29.205  34.310568     7.4872     2.7560     28.959    33.4386    26.1218 0.0000e+00
 257.415631     28.630  34.314901     7.5286     2.7892     28.389    33.4037    26.0885 0.0000e+00
 257.415637     28.051  34.329971     7.5916     2.8212     27.815    33.3597    26.0450 0.0000e+00
 257.415642     27.470  34.357389     7.6595     2.8560     27.239    33.3244    26.0076 0.0000e+00
 257.415648     26.892  34.388350     7.7129     2.9057     26.666    33.3069    25.9862 0.0000e+00
 257.415654     26.319  34.413176     7.7455     2.9499     26.098    33.3026    25.9782 0.0000e+00
 257.415660     25.749  34.427454     7.7619     3.0075     25.533    33.3026    25.9758 0.0000e+00
 257.415666     25.180  34.432308     7.7698     3.0668     24.968    33.3005    25.9730 0.0000e+00
