data/oxygen options/ONMS/Olympic_Coast_National_Marine_Sanctuary_CTD_Data_2005_2023/raw_data/2010/CAST_MB042_081610faed.cnv
* Sea-Bird SBE19 Data File:
* FileName = C:\Documents and Settings\OCNMS\Desktop\2010 mooring data\second service\CAST_MB042_081610.hex
* Software Version 1.24
* Temperature SN = 2997
* Conductivity SN = 2997
* System UpLoad Time = Aug 16 2010 19:15:11
** CAST_MB042_081610
* SEACAT PROFILER V3.1c SN 2997   08/16/10  19:14:28.169
# nquan = 9                                 
# nvalues = 1118                        
# units = specified
# name 0 = timeJ: Julian Days
# name 1 = prSM: Pressure, Strain Gauge [db]
# name 2 = c0mS/cm: Conductivity [mS/cm]
# name 3 = t090C: Temperature [ITS-90, deg C]
# name 4 = sbeox0ML/L: Oxygen, SBE 43 [ml/l]
# name 5 = depSM: Depth [salt water, m], lat = 47.5
# name 6 = sal00: Salinity, Practical [PSU]
# name 7 = sigma-é00: Density [sigma-theta, kg/m^3]
# name 8 = flag: flag
# span 0 = 228.518588, 228.525052       
# span 1 =     -5.080,     42.507       
# span 2 =   0.050488,  38.728150       
# span 3 =     8.2075,    14.8501       
# span 4 =   -10.9679,    15.2988       
# span 5 =     -5.038,     42.148       
# span 6 =     0.0327,    33.0196       
# span 7 =    -0.8501,    25.6883       
# span 8 = 0.0000e+00, 0.0000e+00       
# interval = seconds: 0.5
# start_time = Aug 16 2010 12:26:46 [Instrument's time stamp, header]
# bad_flag = -9.990e-29
*END*
[from data line 321]
 228.520446      0.483  37.780760    12.5146     6.4248      0.479    32.3945    24.4690 -9.990e-29
 228.520451      0.492  37.780780    12.5179     6.3337      0.488    32.3916    24.4662 -9.990e-29
 228.520457      0.498  37.782059    12.5207     6.2242      0.494    32.3904    24.4648 -9.990e-29
 228.520463      0.502  37.785155    12.5240     6.1123      0.498    32.3905    24.4642 -9.990e-29
 228.520469      0.503  37.787446    12.5299     6.0398      0.499    32.3876    24.4608 -9.990e-29
 228.520475      0.507  37.789160    12.5391     6.0384      0.503    32.3814    24.4542 -9.990e-29
 228.520480      0.518  37.790872    12.5470     6.0984      0.514    32.3762    24.4487 -9.990e-29
 228.520486      0.532  37.793160    12.5502     6.1838      0.528    32.3756    24.4476 -9.990e-29
 228.520492      0.541  37.795128    12.5509     6.2704      0.536    32.3769    24.4485 -9.990e-29
 228.520498      0.543  37.796010    12.5511     6.3268      0.538    32.3775    24.4490 -9.990e-29
 228.520503      0.540  37.796395    12.5500     6.3506      0.535    32.3789    24.4502 -9.990e-29
 228.520509      0.542  37.796208    12.5467     6.3598      0.537    32.3815    24.4529 -9.990e-29
 228.520515      0.554  37.796295    12.5429     6.3608      0.549    32.3849    24.4562 -9.990e-29
 228.520521      0.570  37.796184    12.5432     6.3962      0.565    32.3845    24.4559 -9.990e-29
 228.520527      0.585  37.795138    12.5489     6.4613      0.580    32.3786    24.4502 -9.990e-29
 228.520532      0.594  37.795656    12.5603     6.5493      0.589    32.3693    24.4408 -9.990e-29
 228.520538      0.599  37.800085    12.5779     6.6271      0.594    32.3583    24.4290 -9.990e-29
 228.520544      0.599  37.808138    12.5985     6.6612      0.594    32.3483    24.4172 -9.990e-29
 228.520550      0.599  37.818762    12.6166     6.7097      0.594    32.3429    24.4095 -9.990e-29
 228.520556      0.602  37.830968    12.6294     6.7402      0.597    32.3435    24.4076 -9.990e-29
 228.520561      0.606  37.843076    12.6337     6.7255      0.601    32.3513    24.4128 -9.990e-29
 228.520567      0.606  37.853275    12.6286     6.7370      0.601    32.3654    24.4247 -9.990e-29
 228.520573      0.601  37.858328    12.6210     6.7814      0.596    32.3768    24.4349 -9.990e-29
 228.520579      0.597  37.857102    12.6198     6.8569      0.592    32.3766    24.4351 -9.990e-29
 228.520584      0.601  37.856338    12.6301     6.9264      0.596    32.3670    24.4257 -9.990e-29
 228.520590      0.613  37.861152    12.6504     6.9735      0.608    32.3542    24.4118 -9.990e-29
 228.520596      0.626  37.871212    12.6690     7.0204      0.621    32.3478    24.4032 -9.990e-29
 228.520602      0.636  37.884777    12.6746     7.0581      0.631    32.3558    24.4084 -9.990e-29
 228.520608      0.644  37.894132    12.6722     7.0797      0.639    32.3668    24.4174 -9.990e-29
 228.520613      0.650  37.894918    12.6755     7.1053      0.645    32.3647    24.4151 -9.990e-29
 228.520619      0.655  37.896564    12.6871     7.1295      0.650    32.3563    24.4064 -9.990e-29
 228.520625      0.659  37.905156    12.6987     7.1486      0.653    32.3545    24.4028 -9.990e-29
 228.520631      0.662  37.913631    12.7046     7.1556      0.656    32.3575    24.4039 -9.990e-29
 228.520637      0.665  37.917015    12.7049     7.1465      0.659    32.3605    24.4062 -9.990e-29
 228.520642      0.668  37.917553    12.7008     7.1348      0.662    32.3645    24.4101 -9.990e-29
 228.520648      0.670  37.917057    12.6934     7.1233      0.664    32.3704    24.4161 -9.990e-29
 228.520654      0.673  37.914277    12.6872     7.1300      0.667    32.3731    24.4193 -9.990e-29
 228.520660      0.675  37.911084    12.6864     7.1291      0.669    32.3707    24.4177 -9.990e-29
 228.520666      0.678  37.912156    12.6875     7.1085      0.672    32.3708    24.4175 -9.990e-29
 228.520671      0.681  37.920016    12.6851     7.0889      0.675    32.3803    24.4254 -9.990e-29
 228.520677      0.681  37.928303    12.6816     7.1086      0.675    32.3912    24.4345 -9.990e-29
 228.520683      0.673  37.928428    12.6862     7.1416      0.667    32.3874    24.4306 -9.990e-29
 228.520689      0.665  37.926696    12.7022     7.1670      0.659    32.3720    24.4156 -9.990e-29
 228.520694      0.666  37.929735    12.7219     7.1714      0.660    32.3580    24.4009 -9.990e-29
 228.520700      0.670  37.935972    12.7326     7.1610      0.664    32.3547    24.3964 -9.990e-29
 228.520706      0.675  37.943065    12.7274     7.1620      0.669    32.3659    24.4060 -9.990e-29
 228.520712      0.680  37.947013    12.7154     7.1726      0.674    32.3799    24.4192 -9.990e-29
 228.520718      0.685  37.946344    12.7097     7.1875      0.679    32.3842    24.4236 -9.990e-29
 228.520723      0.692  37.943518    12.7124     7.2072      0.686    32.3792    24.4192 -9.990e-29
 228.520729      0.699  37.942042    12.7169     7.1997      0.693    32.3739    24.4143 -9.990e-29
 228.520735      0.709  37.942742    12.7171     7.1996      0.703    32.3744    24.4146 -9.990e-29
 228.520741      0.721  37.941504    12.7155     7.1917      0.715    32.3746    24.4151 -9.990e-29
 228.520747      0.732  37.937794    12.7162     7.1935      0.726    32.3705    24.4117 -9.990e-29
 228.520752      0.739  37.935063    12.7186     7.2071      0.733    32.3658    24.4077 -9.990e-29
 228.520758      0.746  37.934143    12.7247     7.2355      0.740    32.3597    24.4018 -9.990e-29
 228.520764      0.757  37.938286    12.7386     7.2584      0.751    32.3517    24.3929 -9.990e-29
 228.520770      0.770  37.953012    12.7522     7.2421      0.764    32.3540    24.3920 -9.990e-29
 228.520775      0.776  37.970492    12.7523     7.2196      0.770    32.3705    24.4048 -9.990e-29
 228.520781      0.772  37.975923    12.7446     7.1876      0.766    32.3823    24.4154 -9.990e-29
 228.520787      0.762  37.972061    12.7467     7.1926      0.756    32.3768    24.4108 -9.990e-29
 228.520793      0.753  37.970562    12.7649     7.2019      0.747    32.3598    24.3941 -9.990e-29
 228.520799      0.749  37.980063    12.7896     7.2004      0.743    32.3476    24.3799 -9.990e-29
 228.520804      0.751  37.998657    12.8059     7.2330      0.745    32.3513    24.3795 -9.990e-29
 228.520810      0.753  38.011347    12.8077     7.2535      0.747    32.3618    24.3873 -9.990e-29
 228.520816      0.748  38.013197    12.8021     7.2775      0.742    32.3683    24.3935 -9.990e-29
 228.520822      0.735  38.011155    12.8008     7.2911      0.729    32.3675    24.3931 -9.990e-29
 228.520828      0.722  38.009775    12.8068     7.2838      0.716    32.3611    24.3869 -9.990e-29
 228.520833      0.713  38.011133    12.8143     7.2790      0.707    32.3559    24.3815 -9.990e-29
 228.520839      0.710  38.013671    12.8183     7.2749      0.704    32.3549    24.3799 -9.990e-29
 228.520845      0.718  38.014606    12.8191     7.2945      0.712    32.3551    24.3799 -9.990e-29
 228.520851      0.729  38.015179    12.8192     7.3022      0.723    32.3556    24.3803 -9.990e-29
 228.520856      0.736  38.016711    12.8198     7.2948      0.730    32.3565    24.3809 -9.990e-29
 228.520862      0.743  38.018433    12.8203     7.2803      0.737    32.3577    24.3817 -9.990e-29
 228.520868      0.749  38.018153    12.8185     7.2789      0.743    32.3590    24.3830 -9.990e-29
 228.520874      0.748  38.015493    12.8143     7.2782      0.742    32.3601    24.3847 -9.990e-29
 228.520880      0.740  38.013621    12.8119     7.3014      0.734    32.3603    24.3854 -9.990e-29
 228.520885      0.736  38.013960    12.8154     7.3049      0.730    32.3577    24.3826 -9.990e-29
 228.520891      0.744  38.016954    12.8223     7.3063      0.738    32.3546    24.3789 -9.990e-29
 228.520897      0.761  38.019867    12.8262     7.3105      0.755    32.3540    24.3777 -9.990e-29
 228.520903      0.780  38.020411    12.8250     7.3106      0.773    32.3555    24.3791 -9.990e-29
 228.520909      0.794  38.021548    12.8208     7.3109      0.787    32.3602    24.3835 -9.990e-29
 228.520914      0.797  38.021985    12.8180     7.3196      0.790    32.3630    24.3863 -9.990e-29
 228.520920      0.797  38.021179    12.8208     7.3236      0.790    32.3599    24.3833 -9.990e-29
 228.520926      0.799  38.023651    12.8271     7.3230      0.792    32.3568    24.3797 -9.990e-29
 228.520932      0.811  38.028769    12.8317     7.3329      0.804    32.3577    24.3795 -9.990e-29
 228.520938      0.826  38.031022    12.8332     7.3291      0.819    32.3585    24.3798 -9.990e-29
 228.520943      0.839  38.030048    12.8324     7.3259      0.832    32.3583    24.3798 -9.990e-29
 228.520949      0.846  38.029586    12.8305     7.3294      0.839    32.3595    24.3811 -9.990e-29
 228.520955      0.847  38.029574    12.8285     7.3323      0.840    32.3612    24.3828 -9.990e-29
 228.520961      0.841  38.028870    12.8269     7.3400      0.834    32.3619    24.3837 -9.990e-29
 228.520966      0.834  38.027649    12.8264     7.3454      0.827    32.3612    24.3832 -9.990e-29
 228.520972      0.833  38.027638    12.8274     7.3425      0.826    32.3603    24.3823 -9.990e-29
 228.520978      0.842  38.031060    12.8288     7.3382      0.835    32.3623    24.3836 -9.990e-29
 228.520984      0.858  38.034065    12.8297     7.3343      0.851    32.3644    24.3851 -9.990e-29
 228.520990      0.874  38.033370    12.8307     7.3321      0.867    32.3629    24.3837 -9.990e-29
 228.520995      0.885  38.032522    12.8323     7.3456      0.878    32.3607    24.3817 -9.990e-29
 228.521001      0.892  38.033749    12.8336     7.3612      0.885    32.3608    24.3815 -9.990e-29
 228.521007      0.897  38.035316    12.8336     7.3566      0.890    32.3622    24.3826 -9.990e-29
 228.521013      0.899  38.035386    12.8336     7.3520      0.891    32.3623    24.3827 -9.990e-29
 228.521019      0.898  38.035725    12.8355     7.3570      0.891    32.3610    24.3813 -9.990e-29
 228.521024      0.899  38.037902    12.8387     7.3560      0.891    32.3603    24.3802 -9.990e-29
 228.521030      0.906  38.040329    12.8414     7.3585      0.898    32.3603    24.3796 -9.990e-29
 228.521036      0.915  38.041754    12.8422     7.3563      0.907    32.3610    24.3800 -9.990e-29
 228.521042      0.923  38.041829    12.8405     7.3448      0.915    32.3625    24.3815 -9.990e-29
 228.521047      0.929  38.040650    12.8374     7.3374      0.921    32.3640    24.3833 -9.990e-29
 228.521053      0.935  38.038880    12.8359     7.3421      0.927    32.3636    24.3833 -9.990e-29
 228.521059      0.941  38.038074    12.8376     7.3566      0.933    32.3614    24.3812 -9.990e-29
 228.521065      0.947  38.039393    12.8407     7.3630      0.939    32.3600    24.3795 -9.990e-29
 228.521071      0.953  38.041786    12.8427     7.3837      0.945    32.3606    24.3796 -9.990e-29
 228.521076      0.961  38.042275    12.8426     7.3765      0.953    32.3611    24.3800 -9.990e-29
 228.521082      0.965  38.040946    12.8412     7.3698      0.957    32.3610    24.3802 -9.990e-29
 228.521088      0.963  38.041065    12.8398     7.3529      0.955    32.3624    24.3815 -9.990e-29
 228.521094      0.958  38.042224    12.8392     7.3503      0.950    32.3640    24.3829 -9.990e-29
 228.521100      0.953  38.042599    12.8394     7.3607      0.945    32.3642    24.3830 -9.990e-29
 228.521105      0.950  38.042684    12.8407     7.3648      0.942    32.3631    24.3819 -9.990e-29
 228.521111      0.948  38.043147    12.8425     7.3748      0.940    32.3620    24.3807 -9.990e-29
 228.521117      0.946  38.044037    12.8431     7.3719      0.938    32.3623    24.3809 -9.990e-29
 228.521123      0.945  38.044295    12.8421     7.3689      0.937    32.3634    24.3819 -9.990e-29
 228.521128      0.944  38.043139    12.8410     7.3736      0.936    32.3633    24.3820 -9.990e-29
 228.521134      0.944  38.041821    12.8413     7.3727      0.936    32.3618    24.3808 -9.990e-29
 228.521140      0.943  38.041940    12.8427     7.3847      0.935    32.3607    24.3797 -9.990e-29
 228.521146      0.943  38.043090    12.8434     7.3857      0.935    32.3612    24.3799 -9.990e-29
 228.521152      0.944  38.043435    12.8432     7.3832      0.936    32.3617    24.3803 -9.990e-29
 228.521157      0.944  38.042309    12.8426     7.3808      0.936    32.3611    24.3800 -9.990e-29
 228.521163      0.945  38.040445    12.8423     7.3748      0.937    32.3596    24.3789 -9.990e-29
 228.521169      0.947  38.039835    12.8426     7.3807      0.939    32.3588    24.3782 -9.990e-29
 228.521175      0.948  38.042463    12.8437     7.3878      0.940    32.3603    24.3792 -9.990e-29
 228.521181      0.951  38.047341    12.8449     7.3971      0.943    32.3639    24.3817 -9.990e-29
 228.521186      0.954  38.051442    12.8459     7.4062      0.946    32.3670    24.3839 -9.990e-29
 228.521192      0.958  38.052943    12.8475     7.4093      0.950    32.3670    24.3836 -9.990e-29
 228.521198      0.963  38.053280    12.8492     7.3928      0.955    32.3659    24.3824 -9.990e-29
 228.521204      0.970  38.054015    12.8504     7.3851      0.962    32.3655    24.3819 -9.990e-29
 228.521209      0.979  38.055002    12.8523     7.3741      0.971    32.3648    24.3810 -9.990e-29
 228.521215      0.986  38.055870    12.8551     7.3664      0.978    32.3633    24.3792 -9.990e-29
 228.521221      0.988  38.056088    12.8574     7.3641      0.980    32.3615    24.3774 -9.990e-29
 228.521227      0.988  38.055942    12.8577     7.3574      0.980    32.3611    24.3771 -9.990e-29
 228.521233      0.992  38.054672    12.8534     7.3469      0.984    32.3636    24.3798 -9.990e-29
 228.521238      0.999  38.047779    12.8464     7.3415      0.991    32.3630    24.3808 -9.990e-29
 228.521244      1.009  38.037274    12.8443     7.3440      1.001    32.3549    24.3749 -9.990e-29
 228.521250      1.020  38.033799    12.8483     7.3551      1.011    32.3482    24.3689 -9.990e-29
 228.521256      1.024  38.038317    12.8537     7.3565      1.015    32.3478    24.3676 -9.990e-29
 228.521262      1.019  38.044514    12.8580     7.3638      1.010    32.3500    24.3684 -9.990e-29
 228.521267      1.016  38.050561    12.8606     7.3645      1.008    32.3535    24.3706 -9.990e-29
 228.521273      1.017  38.055550    12.8621     7.3715      1.009    32.3569    24.3730 -9.990e-29
 228.521279      1.019  38.058283    12.8635     7.3744      1.010    32.3583    24.3738 -9.990e-29
 228.521285      1.018  38.060156    12.8654     7.3719      1.010    32.3585    24.3735 -9.990e-29
 228.521291      1.018  38.062541    12.8675     7.3822      1.010    32.3589    24.3735 -9.990e-29
 228.521296      1.022  38.065249    12.8698     7.3749      1.013    32.3595    24.3735 -9.990e-29
 228.521302      1.027  38.067402    12.8714     7.3731      1.018    32.3602    24.3737 -9.990e-29
 228.521308      1.026  38.067380    12.8715     7.3705      1.017    32.3601    24.3736 -9.990e-29
 228.521314      1.017  38.065711    12.8709     7.3664      1.009    32.3590    24.3729 -9.990e-29
 228.521319      1.008  38.064084    12.8689     7.3570      1.000    32.3592    24.3734 -9.990e-29
 228.521325      1.004  38.059766    12.8645     7.3481      0.996    32.3589    24.3740 -9.990e-29
 228.521331      1.005  38.050354    12.8600     7.3466      0.997    32.3538    24.3710 -9.990e-29
 228.521337      1.009  38.042347    12.8581     7.3552      1.001    32.3479    24.3667 -9.990e-29
 228.521343      1.013  38.042994    12.8597     7.3750      1.005    32.3471    24.3659 -9.990e-29
 228.521348      1.014  38.049787    12.8631     7.3803      1.006    32.3506    24.3679 -9.990e-29
 228.521354      1.015  38.056646    12.8660     7.3665      1.007    32.3546    24.3705 -9.990e-29
 228.521360      1.021  38.062062    12.8677     7.3594      1.012    32.3583    24.3730 -9.990e-29
