data/oxygen options/ONMS/Olympic_Coast_National_Marine_Sanctuary_CTD_Data_2005_2023/raw_data/2010/CAST_CA042_081810faed.cnv
* Sea-Bird SBE19 Data File:
* FileName = C:\Documents and Settings\OCNMS\Desktop\2010 mooring data\second service\CAST_CA042_081810.hex
* Software Version 1.24
* Temperature SN = 2997
* Conductivity SN = 2997
* System UpLoad Time = Aug 18 2010 18:05:26
** CAST_CA042_081810
* SEACAT PROFILER V3.1c SN 2997   08/18/10  18:03:47.109
# nquan = 9                                 
# nvalues = 682                         
# units = specified
# name 0 = timeJ: Julian Days
# name 1 = prSM: Pressure, Strain Gauge [db]
# name 2 = c0mS/cm: Conductivity [mS/cm]
# name 3 = t090C: Temperature [ITS-90, deg C]
# name 4 = sbeox0ML/L: Oxygen, SBE 43 [ml/l]
# name 5 = depSM: Depth [salt water, m], lat = 47.5
# name 6 = sal00: Salinity, Practical [PSU]
# name 7 = sigma-é00: Density [sigma-theta, kg/m^3]
# name 8 = flag: flag
# span 0 = 230.566042, 230.569983       
# span 1 =     -5.235,     43.168       
# span 2 =   0.097110,  38.527457       
# span 3 =     7.2208,    15.1139       
# span 4 =    -1.9394,    14.3102       
# span 5 =     -5.191,     42.803       
# span 6 =     0.0588,    33.5416       
# span 7 =    -0.8627,    26.2398       
# span 8 = 0.0000e+00, 0.0000e+00       
# interval = seconds: 0.5
# start_time = Aug 18 2010 13:35:06 [Instrument's time stamp, header]
# bad_flag = -9.990e-29
*END*
[from data line 321]
 230.567899     18.085  35.886735     9.7270     4.8406     17.933    32.9950    25.4321 0.0000e+00
 230.567905     18.367  35.838396     9.6666     4.7981     18.213    33.0009    25.4466 0.0000e+00
 230.567911     18.630  35.805673     9.6473     4.7394     18.474    32.9850    25.4374 0.0000e+00
 230.567917     18.875  35.801411     9.6532     4.6782     18.717    32.9751    25.4287 0.0000e+00
 230.567922     19.112  35.815347     9.6418     4.6242     18.952    32.9997    25.4498 0.0000e+00
 230.567928     19.357  35.804349     9.5821     4.5899     19.195    33.0433    25.4935 0.0000e+00
 230.567934     19.620  35.749752     9.4840     4.5415     19.455    33.0775    25.5362 0.0000e+00
 230.567940     19.902  35.673352     9.3857     4.4980     19.735    33.0895    25.5615 0.0000e+00
 230.567946     20.190  35.605402     9.3223     4.4446     20.021    33.0780    25.5626 0.0000e+00
 230.567951     20.472  35.571720     9.2944     4.3981     20.300    33.0689    25.5599 0.0000e+00
 230.567957     20.751  35.565382     9.2647     4.3649     20.577    33.0897    25.5810 0.0000e+00
 230.567963     21.033  35.541988     9.2029     4.3427     20.856    33.1227    25.6166 0.0000e+00
 230.567969     21.326  35.486506     9.1218     4.3194     21.147    33.1404    25.6434 0.0000e+00
 230.567975     21.629  35.425152     9.0492     4.2830     21.447    33.1442    25.6577 0.0000e+00
 230.567980     21.942  35.375179     8.9970     4.2373     21.758    33.1407    25.6632 0.0000e+00
 230.567986     22.253  35.338761     8.9695     4.2033     22.066    33.1282    25.6578 0.0000e+00
 230.567992     22.553  35.319899     8.9540     4.1632     22.364    33.1229    25.6560 0.0000e+00
 230.567998     22.844  35.307353     8.9236     4.1548     22.652    33.1380    25.6726 0.0000e+00
 230.568003     23.136  35.273661     8.8648     4.1328     22.942    33.1577    25.6971 0.0000e+00
 230.568009     23.434  35.213591     8.7830     4.1122     23.237    33.1712    25.7204 0.0000e+00
 230.568015     23.740  35.146678     8.6952     4.0760     23.541    33.1833    25.7434 0.0000e+00
 230.568021     24.052  35.083882     8.6170     4.0497     23.850    33.1906    25.7611 0.0000e+00
 230.568027     24.360  35.027641     8.5636     4.0235     24.155    33.1815    25.7621 0.0000e+00
 230.568032     24.653  34.993056     8.5422     4.0101     24.446    33.1651    25.7525 0.0000e+00
 230.568038     24.930  34.985448     8.5233     3.9861     24.720    33.1747    25.7629 0.0000e+00
 230.568044     25.198  34.964891     8.4572     3.9654     24.986    33.2151    25.8046 0.0000e+00
 230.568050     25.475  34.885965     8.3343     3.9380     25.261    33.2476    25.8486 0.0000e+00
 230.568056     25.766  34.765470     8.2023     3.9012     25.549    33.2446    25.8659 0.0000e+00
 230.568061     26.059  34.660558     8.1125     3.8489     25.840    33.2180    25.8583 0.0000e+00
 230.568067     26.347  34.602644     8.0731     3.7899     26.125    33.1935    25.8449 0.0000e+00
 230.568073     26.631  34.587778     8.0494     3.7321     26.407    33.2000    25.8535 0.0000e+00
 230.568079     26.913  34.581476     7.9965     3.6789     26.687    33.2434    25.8953 0.0000e+00
 230.568084     27.197  34.542760     7.9035     3.6348     26.968    33.2904    25.9457 0.0000e+00
 230.568090     27.488  34.474821     7.7933     3.5858     27.257    33.3226    25.9870 0.0000e+00
 230.568096     27.789  34.402372     7.6793     3.5718     27.555    33.3537    26.0278 0.0000e+00
 230.568102     28.096  34.331781     7.5631     3.5495     27.860    33.3890    26.0721 0.0000e+00
 230.568108     28.403  34.267966     7.4605     3.5395     28.164    33.4186    26.1099 0.0000e+00
 230.568113     28.709  34.222640     7.3944     3.5262     28.467    33.4331    26.1305 0.0000e+00
 230.568119     29.012  34.200798     7.3733     3.5093     28.768    33.4296    26.1308 0.0000e+00
 230.568125     29.304  34.202903     7.3787     3.5056     29.057    33.4266    26.1276 0.0000e+00
 230.568131     29.589  34.213744     7.3758     3.5029     29.340    33.4410    26.1394 0.0000e+00
 230.568137     29.874  34.206803     7.3542     3.4850     29.623    33.4542    26.1528 0.0000e+00
 230.568142     30.165  34.186189     7.3315     3.4666     29.911    33.4536    26.1555 0.0000e+00
 230.568148     30.456  34.172503     7.3152     3.4445     30.200    33.4543    26.1583 0.0000e+00
 230.568154     30.735  34.168147     7.3011     3.4296     30.476    33.4631    26.1672 0.0000e+00
 230.568160     31.006  34.167268     7.2867     3.4138     30.745    33.4760    26.1793 0.0000e+00
 230.568166     31.283  34.166427     7.2714     3.4082     31.020    33.4897    26.1923 0.0000e+00
 230.568171     31.569  34.165609     7.2590     3.4053     31.303    33.5007    26.2026 0.0000e+00
 230.568177     31.863  34.166521     7.2537     3.4013     31.595    33.5067    26.2081 0.0000e+00
 230.568183     32.157  34.168703     7.2548     3.3886     31.886    33.5079    26.2089 0.0000e+00
 230.568189     32.449  34.171708     7.2556     3.3822     32.176    33.5102    26.2106 0.0000e+00
 230.568194     32.739  34.173385     7.2509     3.3714     32.463    33.5165    26.2162 0.0000e+00
 230.568200     33.029  34.172058     7.2440     3.3688     32.751    33.5216    26.2212 0.0000e+00
 230.568206     33.316  34.171565     7.2405     3.3601     33.035    33.5243    26.2238 0.0000e+00
 230.568212     33.593  34.174615     7.2420     3.3518     33.310    33.5260    26.2250 0.0000e+00
 230.568218     33.859  34.178556     7.2442     3.3471     33.574    33.5281    26.2263 0.0000e+00
 230.568223     34.125  34.179127     7.2416     3.3403     33.837    33.5311    26.2290 0.0000e+00
 230.568229     34.397  34.176537     7.2351     3.3354     34.107    33.5345    26.2325 0.0000e+00
 230.568235     34.681  34.174061     7.2299     3.3191     34.389    33.5367    26.2350 0.0000e+00
 230.568241     34.968  34.172885     7.2272     3.3253     34.673    33.5379    26.2363 0.0000e+00
 230.568247     35.247  34.172566     7.2258     3.3208     34.950    33.5387    26.2372 0.0000e+00
 230.568252     35.518  34.172684     7.2252     3.3227     35.219    33.5393    26.2378 0.0000e+00
 230.568258     35.790  34.172841     7.2250     3.3164     35.488    33.5396    26.2380 0.0000e+00
 230.568264     36.064  34.172696     7.2251     3.3164     35.760    33.5392    26.2377 0.0000e+00
 230.568270     36.331  34.172621     7.2258     3.3093     36.025    33.5383    26.2369 0.0000e+00
 230.568275     36.590  34.173082     7.2278     3.3050     36.281    33.5367    26.2354 0.0000e+00
 230.568281     36.851  34.174700     7.2301     3.3028     36.540    33.5361    26.2346 0.0000e+00
 230.568287     37.116  34.176838     7.2306     3.3049     36.803    33.5378    26.2359 0.0000e+00
 230.568293     37.389  34.176753     7.2288     3.3066     37.074    33.5394    26.2373 0.0000e+00
 230.568299     37.675  34.174337     7.2262     3.3107     37.357    33.5391    26.2375 0.0000e+00
 230.568304     37.971  34.172538     7.2241     3.3069     37.651    33.5390    26.2377 0.0000e+00
 230.568310     38.270  34.172325     7.2233     3.3147     37.947    33.5394    26.2381 0.0000e+00
 230.568316     38.561  34.172858     7.2248     3.3206     38.236    33.5384    26.2371 0.0000e+00
 230.568322     38.832  34.174294     7.2279     3.3068     38.504    33.5369    26.2355 0.0000e+00
 230.568328     39.080  34.176872     7.2299     3.2972     38.750    33.5376    26.2358 0.0000e+00
 230.568333     39.306  34.178992     7.2297     3.2836     38.974    33.5400    26.2377 0.0000e+00
 230.568339     39.522  34.179009     7.2280     3.2856     39.188    33.5416    26.2392 0.0000e+00
 230.568345     39.741  34.176953     7.2258     3.2870     39.406    33.5413    26.2393 0.0000e+00
 230.568351     39.977  34.174011     7.2239     3.2985     39.640    33.5399    26.2384 0.0000e+00
 230.568356     40.236  34.171870     7.2227     3.2880     39.896    33.5386    26.2376 0.0000e+00
 230.568362     40.509  34.171042     7.2221     3.2785     40.167    33.5381    26.2373 0.0000e+00
 230.568368     40.788  34.170988     7.2219     3.2704     40.444    33.5381    26.2373 0.0000e+00
 230.568374     41.077  34.171083     7.2219     3.2765     40.730    33.5381    26.2373 0.0000e+00
 230.568380     41.374  34.170900     7.2221     3.2800     41.025    33.5376    26.2369 0.0000e+00
 230.568385     41.659  34.170759     7.2225     3.2918     41.307    33.5369    26.2363 0.0000e+00
 230.568391     41.916  34.171038     7.2233     3.2797     41.562    33.5363    26.2357 0.0000e+00
 230.568397     42.140  34.171554     7.2246     3.2818     41.784    33.5355    26.2349 0.0000e+00
 230.568403     42.328  34.172440     7.2259     3.2852     41.970    33.5351    26.2344 0.0000e+00
 230.568409     42.478  34.174326     7.2264     3.2848     42.119    33.5366    26.2355 -9.990e-29
 230.568414     42.597  34.176372     7.2261     3.2825     42.237    33.5390    26.2375 -9.990e-29
 230.568420     42.692  34.176833     7.2259     3.2849     42.331    33.5397    26.2380 -9.990e-29
 230.568426     42.764  34.176330     7.2256     3.2789     42.403    33.5394    26.2379 -9.990e-29
 230.568432     42.810  34.176441     7.2246     3.2871     42.448    33.5405    26.2388 -9.990e-29
 230.568437     42.828  34.176760     7.2238     3.2751     42.466    33.5416    26.2398 -9.990e-29
 230.568443     42.820  34.176600     7.2239     3.2774     42.458    33.5413    26.2396 -9.990e-29
 230.568449     42.784  34.176316     7.2252     3.2731     42.423    33.5398    26.2382 -9.990e-29
 230.568455     42.718  34.176655     7.2269     3.2711     42.357    33.5385    26.2370 -9.990e-29
 230.568461     42.624  34.178076     7.2282     3.2766     42.264    33.5388    26.2371 -9.990e-29
 230.568466     42.511  34.179683     7.2285     3.2668     42.152    33.5404    26.2382 -9.990e-29
 230.568472     42.398  34.179708     7.2279     3.2607     42.040    33.5410    26.2388 -9.990e-29
 230.568478     42.300  34.177631     7.2266     3.2587     41.943    33.5401    26.2382 -9.990e-29
 230.568484     42.223  34.174615     7.2248     3.2525     41.866    33.5386    26.2373 -9.990e-29
 230.568490     42.166  34.172248     7.2233     3.2641     41.810    33.5375    26.2366 -9.990e-29
 230.568495     42.122  34.171301     7.2229     3.2698     41.766    33.5369    26.2362 -9.990e-29
 230.568501     42.079  34.171640     7.2231     3.2637     41.724    33.5370    26.2363 -9.990e-29
 230.568507     42.031  34.172602     7.2237     3.2640     41.676    33.5375    26.2366 -9.990e-29
 230.568513     41.978  34.173238     7.2243     3.2524     41.623    33.5377    26.2367 -9.990e-29
 230.568519     41.925  34.173284     7.2247     3.2607     41.571    33.5374    26.2364 -9.990e-29
 230.568524     41.874  34.172809     7.2244     3.2582     41.520    33.5372    26.2362 -9.990e-29
 230.568530     41.822  34.172307     7.2242     3.2662     41.469    33.5368    26.2360 -9.990e-29
 230.568536     41.769  34.172796     7.2247     3.2698     41.416    33.5369    26.2360 -9.990e-29
 230.568542     41.720  34.173817     7.2252     3.2680     41.368    33.5376    26.2364 -9.990e-29
 230.568547     41.681  34.173937     7.2250     3.2618     41.329    33.5379    26.2367 -9.990e-29
 230.568553     41.662  34.172764     7.2241     3.2561     41.310    33.5375    26.2366 -9.990e-29
 230.568559     41.676  34.170983     7.2228     3.2482     41.324    33.5368    26.2362 -9.990e-29
 230.568565     41.722  34.169590     7.2217     3.2642     41.370    33.5363    26.2360 -9.990e-29
 230.568571     41.791  34.168976     7.2213     3.2557     41.438    33.5360    26.2358 -9.990e-29
 230.568576     41.866  34.168888     7.2216     3.2618     41.512    33.5356    26.2354 -9.990e-29
 230.568582     41.930  34.169215     7.2225     3.2556     41.576    33.5351    26.2349 -9.990e-29
 230.568588     41.979  34.169838     7.2232     3.2500     41.624    33.5350    26.2347 -9.990e-29
 230.568594     42.016  34.170474     7.2236     3.2478     41.661    33.5353    26.2349 -9.990e-29
 230.568600     42.043  34.170860     7.2237     3.2521     41.688    33.5356    26.2351 -9.990e-29
 230.568605     42.061  34.170957     7.2237     3.2498     41.706    33.5357    26.2352 -9.990e-29
 230.568611     42.078  34.170904     7.2237     3.2579     41.723    33.5357    26.2352 -9.990e-29
 230.568617     42.097  34.170635     7.2240     3.2536     41.741    33.5351    26.2347 -9.990e-29
 230.568623     42.115  34.170362     7.2242     3.2577     41.759    33.5346    26.2342 -9.990e-29
 230.568628     42.130  34.170287     7.2242     3.2535     41.774    33.5345    26.2342 -9.990e-29
 230.568634     42.143  34.170319     7.2240     3.2497     41.787    33.5347    26.2344 -9.990e-29
 230.568640     42.158  34.170507     7.2238     3.2518     41.802    33.5351    26.2347 -9.990e-29
 230.568646     42.185  34.170549     7.2235     3.2579     41.829    33.5354    26.2350 -9.990e-29
 230.568652     42.227  34.169949     7.2230     3.2636     41.870    33.5352    26.2349 -9.990e-29
 230.568657     42.276  34.169036     7.2227     3.2555     41.919    33.5345    26.2344 -9.990e-29
 230.568663     42.327  34.168838     7.2227     3.2517     41.969    33.5343    26.2342 -9.990e-29
 230.568669     42.371  34.169660     7.2231     3.2560     42.013    33.5348    26.2345 -9.990e-29
 230.568675     42.403  34.170364     7.2238     3.2518     42.045    33.5348    26.2345 -9.990e-29
 230.568681     42.428  34.170214     7.2243     3.2536     42.070    33.5342    26.2339 -9.990e-29
 230.568686     42.452  34.169580     7.2242     3.2436     42.093    33.5336    26.2334 -9.990e-29
 230.568692     42.477  34.168742     7.2236     3.2480     42.118    33.5332    26.2333 -9.990e-29
 230.568698     42.501  34.168273     7.2229     3.2460     42.142    33.5334    26.2335 -9.990e-29
 230.568704     42.515  34.168673     7.2226     3.2457     42.156    33.5341    26.2341 -9.990e-29
 230.568709     42.517  34.169363     7.2227     3.2475     42.158    33.5347    26.2346 -9.990e-29
 230.568715     42.511  34.169592     7.2228     3.2456     42.152    33.5349    26.2347 -9.990e-29
 230.568721     42.505  34.169110     7.2228     3.2414     42.146    33.5344    26.2343 -9.990e-29
 230.568727     42.504  34.168403     7.2228     3.2397     42.145    33.5336    26.2337 -9.990e-29
 230.568733     42.507  34.168217     7.2229     3.2479     42.148    33.5333    26.2334 -9.990e-29
 230.568738     42.514  34.168314     7.2227     3.2518     42.155    33.5336    26.2337 -9.990e-29
 230.568744     42.530  34.168268     7.2223     3.2554     42.171    33.5339    26.2340 -9.990e-29
 230.568750     42.560  34.168026     7.2222     3.2454     42.200    33.5338    26.2339 -9.990e-29
 230.568756     42.594  34.167835     7.2227     3.2397     42.234    33.5330    26.2332 -9.990e-29
 230.568762     42.616  34.168005     7.2230     3.2316     42.256    33.5329    26.2331 -9.990e-29
 230.568767     42.633  34.168209     7.2229     3.2317     42.273    33.5332    26.2334 -9.990e-29
 230.568773     42.657  34.168166     7.2226     3.2356     42.297    33.5335    26.2336 -9.990e-29
 230.568779     42.695  34.167830     7.2220     3.2375     42.334    33.5337    26.2338 -9.990e-29
 230.568785     42.746  34.167318     7.2214     3.2412     42.385    33.5337    26.2339 -9.990e-29
 230.568791     42.798  34.167076     7.2213     3.2410     42.436    33.5335    26.2338 -9.990e-29
 230.568796     42.839  34.167347     7.2219     3.2408     42.477    33.5332    26.2335 -9.990e-29
 230.568802     42.859  34.167939     7.2226     3.2489     42.497    33.5331    26.2333 -9.990e-29
 230.568808     42.858  34.168528     7.2228     3.2428     42.496    33.5336    26.2337 -9.990e-29
 230.568814     42.845  34.168788     7.2227     3.2571     42.483    33.5340    26.2340 -9.990e-29
