data/oxygen options/ONMS/Olympic_Coast_National_Marine_Sanctuary_CTD_Data_2005_2023/raw_data/2010/CAST_KL027_091610faed.cnv
* Sea-Bird SBE19 Data File:
* FileName = C:\Documents and Settings\OCNMS\Desktop\2010 mooring data\third service\CAST_KL027_091610.hex
* Software Version 1.24
* Temperature SN = 2997
* Conductivity SN = 2997
* System UpLoad Time = Sep 16 2010 13:58:40
** CAST_KL027_091610
* SEACAT PROFILER V3.1c SN 2997   09/16/10  13:56:57.647
# nquan = 9                                 
# nvalues = 648                         
# units = specified
# name 0 = timeJ: Julian Days
# name 1 = prSM: Pressure, Strain Gauge [db]
# name 2 = c0mS/cm: Conductivity [mS/cm]
# name 3 = t090C: Temperature [ITS-90, deg C]
# name 4 = sbeox0ML/L: Oxygen, SBE 43 [ml/l]
# name 5 = depSM: Depth [salt water, m], lat = 47.5
# name 6 = sal00: Salinity, Practical [PSU]
# name 7 = sigma-é00: Density [sigma-theta, kg/m^3]
# name 8 = flag: flag
# span 0 = 259.417581, 259.421325       
# span 1 =     -4.655,     28.021       
# span 2 =   1.100750,  38.785848       
# span 3 =    10.4821,    14.0245       
# span 4 =   -10.9384,    15.0309       
# span 5 =     -4.616,     27.785       
# span 6 =     0.7031,    32.9717       
# span 7 =    -0.2074,    25.2842       
# span 8 = 0.0000e+00, 0.0000e+00       
# interval = seconds: 0.5
# start_time = Sep 16 2010 10:01:19 [Instrument's time stamp, header]
# bad_flag = -9.990e-29
*END*
 259.417581     -4.655 -9.990e-29    14.0245    -1.6420     -4.616 -9.990e-29 -9.990e-29 -9.990e-29
 259.417587     -4.633   1.100750    13.9953    -1.6417     -4.594     0.7031    -0.2074 -9.990e-29
 259.417593     -4.592   2.738929    13.9184    -1.6419     -4.554     1.8366     0.6805 -9.990e-29
 259.417598     -4.525   7.651250    13.7738    -1.6418     -4.487     5.5066     3.5308 -9.990e-29
 259.417604     -4.433  15.986739    13.5962    -1.6418     -4.396    12.2543     8.7466 -9.990e-29
 259.417610     -4.324  24.134462    13.4477    -1.6419     -4.288    19.2771    14.1715 -9.990e-29
 259.417616     -4.206  30.558145    13.3626    -1.6423     -4.171    25.0428    18.6274 -9.990e-29
 259.417622     -4.089  35.248672    13.3261    -1.6425     -4.055    29.3566    21.9629 -9.990e-29
 259.417627     -3.984  37.606357    13.3134    -1.6422     -3.951    31.5565    23.6652 -9.990e-29
 259.417633     -3.897  38.400272    13.3102    -1.6422     -3.865    32.3016    24.2419 -9.990e-29
 259.417639     -3.825  38.657562    13.3073    -1.6426     -3.793    32.5451    24.4309 -9.990e-29
 259.417645     -3.765  38.738623    13.3065    -1.6423     -3.734    32.6218    24.4903 -9.990e-29
 259.417650     -3.713  38.773923    13.3114    -1.6422     -3.682    32.6507    24.5117 -9.990e-29
 259.417656     -3.665  38.785848    13.3175    -1.6423     -3.634    32.6567    24.5151 -9.990e-29
 259.417662     -3.619  38.776822    13.3185    -1.6423     -3.589    32.6473    24.5077 -9.990e-29
 259.417668     -3.571  38.759440    13.3135    -1.6425     -3.541    32.6353    24.4993 -9.990e-29
 259.417674     -3.519  38.744680    13.3065    -1.6424     -3.490    32.6274    24.4947 -9.990e-29
 259.417679     -3.464  38.739170    13.3025    -1.6422     -3.435    32.6257    24.4941 -9.990e-29
 259.417685     -3.410  38.747304    13.3033    -1.6424     -3.382    32.6326    24.4993 -9.990e-29
 259.417691     -3.362  38.759164    13.3070    -1.6424     -3.334    32.6405    24.5047 -9.990e-29
 259.417697     -3.322  38.755797    13.3103    -1.6421     -3.294    32.6345    24.4994 -9.990e-29
 259.417703     -3.284  38.741650    13.3094    -1.6422     -3.257    32.6220    24.4899 -9.990e-29
 259.417708     -3.239  38.735377    13.3040    -1.6426     -3.212    32.6207    24.4900 -9.990e-29
 259.417714     -3.191  38.742599    13.3005    -1.6424     -3.164    32.6305    24.4982 -9.990e-29
 259.417720     -3.148  38.758908    13.3038    -1.6423     -3.122    32.6429    24.5072 -9.990e-29
 259.417726     -3.120  38.767358    13.3099    -1.6421     -3.094    32.6456    24.5081 -9.990e-29
 259.417731     -3.107  38.755653    13.3126    -1.6424     -3.081    32.6323    24.4972 -9.990e-29
 259.417737     -3.094  38.738978    13.3099    -1.6426     -3.068    32.6190    24.4875 -9.990e-29
 259.417743     -3.072  38.733741    13.3043    -1.6428     -3.046    32.6189    24.4885 -9.990e-29
 259.417749     -3.043  38.741898    13.3005    -1.6429     -3.018    32.6298    24.4977 -9.990e-29
 259.417755     -3.015  38.761408    13.3012    -1.6424     -2.990    32.6475    24.5112 -9.990e-29
 259.417760     -2.994  38.776792    13.3054    -1.6424     -2.969    32.6583    24.5188 -9.990e-29
 259.417766     -2.979  38.768750    13.3100    -1.6427     -2.954    32.6468    24.5090 -9.990e-29
 259.417772     -2.960  38.747827    13.3106    -1.6426     -2.935    32.6266    24.4932 -9.990e-29
 259.417778     -2.932  38.737649    13.3059    -1.6422     -2.908    32.6211    24.4899 -9.990e-29
 259.417784     -2.898  38.744232    13.3001    -1.6420     -2.874    32.6322    24.4997 -9.990e-29
 259.417789     -2.863  38.757274    13.2973    -1.6422     -2.839    32.6469    24.5116 -9.990e-29
 259.417795     -2.830  38.761638    13.2969    -1.6421     -2.806    32.6513    24.5151 -9.990e-29
 259.417801     -2.802  38.754150    13.2966    -1.6421     -2.779    32.6445    24.5099 -9.990e-29
 259.417807     -2.780  38.744410    13.2968    -1.6419     -2.757    32.6352    24.5026 -9.990e-29
 259.417813     -2.758  38.745178    13.2983    -1.6419     -2.735    32.6346    24.5019 -9.990e-29
 259.417818     -2.736  38.755771    13.3015    -1.6420     -2.713    32.6418    24.5068 -9.990e-29
 259.417824     -2.721  38.758908    13.3062    -1.6421     -2.698    32.6407    24.5050 -9.990e-29
 259.417830     -2.711  38.750900    13.3111    -1.6421     -2.688    32.6290    24.4950 -9.990e-29
 259.417836     -2.698  38.746819    13.3142    -1.6420     -2.676    32.6225    24.4893 -9.990e-29
 259.417841     -2.676  38.752405    13.3157    -1.6420     -2.654    32.6264    24.4921 -9.990e-29
 259.417847     -2.649  38.758272    13.3162    -1.6420     -2.627    32.6315    24.4959 -9.990e-29
 259.417853     -2.622  38.759887    13.3162    -1.6418     -2.600    32.6330    24.4971 -9.990e-29
 259.417859     -2.599  38.762178    13.3168    -1.6421     -2.577    32.6346    24.4982 -9.990e-29
 259.417865     -2.579  38.767612    13.3184    -1.6425     -2.557    32.6384    24.5008 -9.990e-29
 259.417870     -2.559  38.772763    13.3202    -1.6422     -2.538    32.6416    24.5029 -9.990e-29
 259.417876     -2.539  38.771025    13.3208    -1.6423     -2.518    32.6395    24.5012 -9.990e-29
 259.417882     -2.518  38.762853    13.3206    -1.6421     -2.497    32.6320    24.4954 -9.990e-29
 259.417888     -2.494  38.757498    13.3205    -1.6421     -2.473    32.6270    24.4916 -9.990e-29
 259.417894     -2.465  38.758439    13.3202    -1.6421     -2.444    32.6282    24.4925 -9.990e-29
 259.417899     -2.429  38.761860    13.3197    -1.6422     -2.409    32.6318    24.4954 -9.990e-29
 259.417905     -2.390  38.765574    13.3193    -1.6424     -2.370    32.6356    24.4985 -9.990e-29
 259.417911     -2.352  38.769462    13.3182    -1.6425     -2.332    32.6402    24.5022 -9.990e-29
 259.417917     -2.318  38.768595    13.3154    11.1986     -2.299    32.6417    24.5040 -9.990e-29
 259.417922     -2.286  38.760107    13.3126    14.6007     -2.267    32.6362    24.5002 -9.990e-29
 259.417928     -2.257  38.756750    13.3131    15.0309     -2.238    32.6326    24.4974 -9.990e-29
 259.417934     -2.239  38.764108    13.3185    12.8101     -2.220    32.6348    24.4980 -9.990e-29
 259.417940     -2.230  38.766746    13.3249     7.8863     -2.211    32.6318    24.4944 -9.990e-29
 259.417946     -2.221  38.756388    13.3277     7.8342     -2.202    32.6197    24.4845 -9.990e-29
 259.417951     -2.203  38.741052    13.3260     7.9552     -2.185    32.6068    24.4748 -9.990e-29
 259.417957     -2.171  38.730524    13.3218     7.9983     -2.153    32.6005    24.4708 -9.990e-29
 259.417963     -2.131  38.727550    13.3189     7.9863     -2.113    32.6002    24.4711 -9.990e-29
 259.417969     -2.093  38.728138    13.3188     7.9698     -2.076    32.6008    24.4716 -9.990e-29
 259.417975     -2.064  38.724638    13.3189     7.9469     -2.047    32.5974    24.4690 -9.990e-29
 259.417980     -2.045  38.715157    13.3171     7.9249     -2.028    32.5901    24.4637 -9.990e-29
 259.417986     -2.033  38.706077    13.3153     7.9101     -2.016    32.5831    24.4586 -9.990e-29
 259.417992     -2.021  38.700954    13.3160     7.8790     -2.004    32.5777    24.4543 -9.990e-29
 259.417998     -2.008  38.700216    13.3185     7.8445     -1.991    32.5748    24.4516 -9.990e-29
 259.418003     -1.995  38.702852    13.3219     7.8369     -1.978    32.5744    24.4506 -9.990e-29
 259.418009     -1.979  38.705627    13.3265     7.8314     -1.962    32.5731    24.4487 -9.990e-29
 259.418015     -1.961  38.708293    13.3311     7.8440     -1.945    32.5716    24.4466 -9.990e-29
 259.418021     -1.939  38.712137    13.3341     7.8520     -1.923    32.5726    24.4468 -9.990e-29
 259.418027     -1.911  38.715534    13.3357     7.8473     -1.895    32.5744    24.4479 -9.990e-29
 259.418032     -1.880  38.714581    13.3366     7.8508     -1.864    32.5728    24.4464 -9.990e-29
 259.418038     -1.853  38.711345    13.3361     7.8621     -1.838    32.5701    24.4445 -9.990e-29
 259.418044     -1.832  38.711570    13.3340     7.8721     -1.817    32.5721    24.4465 -9.990e-29
 259.418050     -1.815  38.712726    13.3316     7.8825     -1.800    32.5753    24.4494 -9.990e-29
 259.418056     -1.799  38.711285    13.3288     7.8825     -1.784    32.5763    24.4507 -9.990e-29
 259.418061     -1.776  38.708099    13.3259     7.8742     -1.761    32.5758    24.4509 -9.990e-29
 259.418067     -1.751  38.705057    13.3247     7.8613     -1.736    32.5740    24.4497 -9.990e-29
 259.418073     -1.729  38.704800    13.3267     7.8676     -1.715    32.5720    24.4478 -9.990e-29
 259.418079     -1.714  38.707518    13.3316     7.8574     -1.700    32.5704    24.4456 -9.990e-29
 259.418084     -1.701  38.710645    13.3364     7.8687     -1.687    32.5692    24.4437 -9.990e-29
 259.418090     -1.684  38.713282    13.3384     7.8710     -1.670    32.5699    24.4439 -9.990e-29
 259.418096     -1.663  38.715556    13.3383     7.8759     -1.649    32.5721    24.4456 -9.990e-29
 259.418102     -1.636  38.716552    13.3374     7.8804     -1.622    32.5738    24.4471 -9.990e-29
 259.418108     -1.605  38.716450    13.3360     7.8841     -1.592    32.5749    24.4482 -9.990e-29
 259.418113     -1.578  38.715649    13.3339     7.8844     -1.565    32.5760    24.4494 -9.990e-29
 259.418119     -1.557  38.713613    13.3307     7.8881     -1.544    32.5768    24.4507 -9.990e-29
 259.418125     -1.535  38.708720    13.3247     7.8942     -1.522    32.5773    24.4523 -9.990e-29
 259.418131     -1.509  38.700024    13.3164     7.9042     -1.496    32.5763    24.4532 -9.990e-29
 259.418137     -1.483  38.692153    13.3104     7.9043     -1.471    32.5740    24.4526 -9.990e-29
 259.418142     -1.467  38.689714    13.3079     7.9002     -1.455    32.5738    24.4530 -9.990e-29
 259.418148     -1.453  38.688304    13.3048     7.8945     -1.441    32.5752    24.4546 -9.990e-29
 259.418154     -1.437  38.681534    13.2980     7.8889     -1.425    32.5746    24.4556 -9.990e-29
 259.418160     -1.418  38.672118    13.2896     7.8945     -1.406    32.5730    24.4560 -9.990e-29
 259.418166     -1.394  38.665965    13.2839     7.9080     -1.382    32.5721    24.4564 -9.990e-29
 259.418171     -1.369  38.663809    13.2817     7.9100     -1.358    32.5719    24.4567 -9.990e-29
 259.418177     -1.350  38.664985    13.2828     7.9083     -1.339    32.5721    24.4566 -9.990e-29
 259.418183     -1.339  38.668232    13.2866     7.8921     -1.328    32.5719    24.4557 -9.990e-29
 259.418189     -1.336  38.671688    13.2908     7.8801     -1.325    32.5715    24.4546 -9.990e-29
 259.418194     -1.335  38.675453    13.2943     7.8852     -1.324    32.5721    24.4543 -9.990e-29
 259.418200     -1.330  38.680598    13.2989     7.8950     -1.319    32.5729    24.4541 -9.990e-29
 259.418206     -1.315  38.686113    13.3043     7.9022     -1.304    32.5735    24.4534 -9.990e-29
 259.418212     -1.293  38.689241    13.3083     7.8912     -1.282    32.5730    24.4523 -9.990e-29
 259.418218     -1.271  38.690203    13.3104     7.8925     -1.260    32.5721    24.4511 -9.990e-29
 259.418223     -1.254  38.691377    13.3119     7.9039     -1.244    32.5719    24.4507 -9.990e-29
 259.418229     -1.238  38.693181    13.3124     7.9141     -1.228    32.5732    24.4516 -9.990e-29
 259.418235     -1.219  38.693510    13.3100     7.9170     -1.209    32.5755    24.4539 -9.990e-29
 259.418241     -1.193  38.690536    13.3055     7.9124     -1.183    32.5766    24.4556 -9.990e-29
 259.418247     -1.164  38.686433    13.3021     7.9007     -1.154    32.5756    24.4555 -9.990e-29
 259.418252     -1.145  38.684667    13.3009     7.9100     -1.135    32.5750    24.4553 -9.990e-29
 259.418258     -1.139  38.684535    13.3006     7.9052     -1.129    32.5751    24.4554 -9.990e-29
 259.418264     -1.140  38.683591    13.2996     7.8990     -1.130    32.5751    24.4556 -9.990e-29
 259.418270     -1.141  38.680551    13.2965     7.8995     -1.131    32.5749    24.4561 -9.990e-29
 259.418275     -1.138  38.675821    13.2937     7.8966     -1.129    32.5728    24.4551 -9.990e-29
 259.418281     -1.129  38.674833    13.2956     7.9012     -1.120    32.5703    24.4527 -9.990e-29
 259.418287     -1.114  38.680724    13.3002     7.8964     -1.105    32.5719    24.4530 -9.990e-29
 259.418293     -1.093  38.687875    13.3021     7.8887     -1.084    32.5769    24.4565 -9.990e-29
 259.418299     -1.064  38.691784    13.3013     7.9004     -1.055    32.5813    24.4601 -9.990e-29
 259.418304     -1.030  38.693159    13.3014     7.9037     -1.021    32.5825    24.4610 -9.990e-29
 259.418310     -1.001  38.693241    13.3029     7.9137     -0.993    32.5812    24.4597 -9.990e-29
 259.418316     -0.984  38.692056    13.3032     7.9335     -0.976    32.5799    24.4586 -9.990e-29
 259.418322     -0.973  38.689016    13.3000     7.9317     -0.965    32.5798    24.4592 -9.990e-29
 259.418328     -0.964  38.682185    13.2939     7.9300     -0.956    32.5786    24.4594 -9.990e-29
 259.418333     -0.956  38.674670    13.2895     7.9300     -0.948    32.5753    24.4578 -9.990e-29
 259.418339     -0.949  38.673710    13.2890     7.9176     -0.941    32.5748    24.4575 -9.990e-29
 259.418345     -0.942  38.677354    13.2896     7.9040     -0.934    32.5777    24.4596 -9.990e-29
 259.418351     -0.935  38.680819    13.2899     7.9003     -0.927    32.5807    24.4619 -9.990e-29
 259.418356     -0.927  38.682451    13.2904     7.8985     -0.919    32.5818    24.4626 -9.990e-29
 259.418362     -0.918  38.681511    13.2904     7.9035     -0.910    32.5809    24.4620 -9.990e-29
 259.418368     -0.906  38.680558    13.2906     7.9145     -0.898    32.5798    24.4611 -9.990e-29
 259.418374     -0.892  38.681569    13.2921     7.9219     -0.885    32.5795    24.4605 -9.990e-29
 259.418380     -0.875  38.684100    13.2943     7.9235     -0.868    32.5800    24.4605 -9.990e-29
 259.418385     -0.853  38.686932    13.2961     7.9225     -0.846    32.5811    24.4610 -9.990e-29
 259.418391     -0.830  38.688687    13.2967     7.9186     -0.823    32.5822    24.4617 -9.990e-29
 259.418397     -0.811  38.689350    13.2967     7.9032     -0.804    32.5828    24.4622 -9.990e-29
 259.418403     -0.798  38.689692    13.2971     7.8951     -0.791    32.5828    24.4621 -9.990e-29
 259.418409     -0.778  38.690056    13.2985     7.8933     -0.772    32.5819    24.4611 -9.990e-29
 259.418414     -0.749  38.691379    13.3004     7.8972     -0.743    32.5815    24.4605 -9.990e-29
 259.418420     -0.710  38.693072    13.3017     7.9097     -0.704    32.5820    24.4606 -9.990e-29
 259.418426     -0.670  38.693358    13.3019     7.9189     -0.664    32.5821    24.4606 -9.990e-29
 259.418432     -0.633  38.693065    13.3010     7.9064     -0.628    32.5826    24.4611 -9.990e-29
 259.418437     -0.606  38.693370    13.3002     7.9150     -0.601    32.5835    24.4620 -9.990e-29
 259.418443     -0.592  38.694008    13.3004     7.9085     -0.587    32.5839    24.4623 -9.990e-29
 259.418449     -0.590  38.694596    13.3012     7.9138     -0.585    32.5838    24.4621 -9.990e-29
 259.418455     -0.594  38.694685    13.3014     7.9178     -0.589    32.5837    24.4620 -9.990e-29
 259.418461     -0.598  38.693162    13.3009     7.9084     -0.593    32.5827    24.4613 -9.990e-29
 259.418466     -0.597  38.691245    13.2995     7.9150     -0.592    32.5821    24.4611 -9.990e-29
 259.418472     -0.591  38.688509    13.2978     7.9195     -0.586    32.5810    24.4606 -9.990e-29
 259.418478     -0.583  38.685677    13.2988     7.9103     -0.578    32.5775    24.4577 -9.990e-29
 259.418484     -0.578  38.688387    13.3021     7.9280     -0.573    32.5772    24.4568 -9.990e-29
 259.418490     -0.570  38.693416    13.3036     7.9290     -0.565    32.5806    24.4591 -9.990e-29
 259.418495     -0.556  38.695028    13.3024     7.9235     -0.551    32.5832    24.4613 -9.990e-29
 259.418501     -0.535  38.693583    13.3003     7.9235     -0.531    32.5836    24.4621 -9.990e-29
