data/oxygen options/ONMS/Olympic_Coast_National_Marine_Sanctuary_CTD_Data_2005_2023/raw_data/2010/CAST_CE042_081710faed.cnv
* Sea-Bird SBE19 Data File:
* FileName = C:\Documents and Settings\OCNMS\Desktop\2010 mooring data\second service\CAST_CE042_081710.hex
* Software Version 1.24
* Temperature SN = 2997
* Conductivity SN = 2997
* System UpLoad Time = Aug 18 2010 18:02:03
** CAST_CE042_081710
* SEACAT PROFILER V3.1c SN 2997   08/18/10  18:00:29.051
# nquan = 9                                 
# nvalues = 890                         
# units = specified
# name 0 = timeJ: Julian Days
# name 1 = prSM: Pressure, Strain Gauge [db]
# name 2 = c0mS/cm: Conductivity [mS/cm]
# name 3 = t090C: Temperature [ITS-90, deg C]
# name 4 = sbeox0ML/L: Oxygen, SBE 43 [ml/l]
# name 5 = depSM: Depth [salt water, m], lat = 47.5
# name 6 = sal00: Salinity, Practical [PSU]
# name 7 = sigma-é00: Density [sigma-theta, kg/m^3]
# name 8 = flag: flag
# span 0 = 229.481366, 229.486510       
# span 1 =     -5.013,     26.427       
# span 2 =   0.074130,  39.567208       
# span 3 =     7.6651,    14.5267       
# span 4 =   -10.4191,    14.0604       
# span 5 =     -4.971,     26.205       
# span 6 =     0.0466,    33.6490       
# span 7 =    -0.7004,    26.2542       
# span 8 = 0.0000e+00, 0.0000e+00       
# interval = seconds: 0.5
# start_time = Aug 17 2010 11:33:10 [Instrument's time stamp, header]
# bad_flag = -9.990e-29
*END*
[from data line 801]
 229.486001      1.182  39.404395    14.4902     8.3077      1.172    32.2361    23.9503 -9.990e-29
 229.486007      1.094  39.396822    14.4936     7.9821      1.085    32.2264    23.9421 -9.990e-29
 229.486013      1.020  39.395515    14.4860     7.5608      1.011    32.2315    23.9477 -9.990e-29
 229.486019      0.952  39.385918    14.4646     7.0387      0.944    32.2406    23.9592 -9.990e-29
 229.486024      0.889  39.351389    14.4299     6.6884      0.882    32.2380    23.9644 -9.990e-29
 229.486030      0.835  39.276797    14.3810     6.4393      0.828    32.2106    23.9535 -9.990e-29
 229.486036      0.792  39.101999    14.3166     6.3311      0.785    32.1044    23.8850 -9.990e-29
 229.486042      0.757  38.624833    14.2420     6.2768      0.751    31.7295    23.6113 -9.990e-29
 229.486047      0.727  37.230448    14.1668     6.2677      0.721    30.5171    22.6918 -9.990e-29
 229.486053      0.705  33.087757    14.0987     6.2611      0.699    26.8224    19.8585 -9.990e-29
 229.486059      0.694  24.429816    14.0427     6.2613      0.688    19.2350    14.0338 -9.990e-29
 229.486065      0.689  14.605616    13.9986     6.2647      0.683    10.9939     7.7132 -9.990e-29
 229.486071      0.685   8.826587    13.9608     6.2210      0.679     6.3889     4.1814 -9.990e-29
 229.486076      0.682   6.683519    13.9239    -7.7181      0.676     4.7447     2.9221 -9.990e-29
 229.486082      0.680   5.636401    13.8878   -10.4191      0.674     3.9578     2.3214 -9.990e-29
 229.486088      0.678   4.840318    13.8579   -10.3729      0.672     3.3668     1.8703 -9.990e-29
 229.486094      0.677   4.221160    13.8375    -7.5618      0.671     2.9117     1.5222 -9.990e-29
 229.486100      0.676   3.733427    13.8224    -1.9844      0.670     2.5564     1.2502 -9.990e-29
 229.486105      0.676   3.223236    13.8065    -1.9856      0.670     2.1882     0.9681 -9.990e-29
 229.486111      0.676   2.712069    13.7893    -1.9870      0.670     1.8234     0.6887 -9.990e-29
 229.486117      0.676   2.268195    13.7735    -1.9872      0.670     1.5104     0.4488 -9.990e-29
 229.486123      0.677   1.982814    13.7605    -1.9892      0.671     1.3112     0.2965 -9.990e-29
 229.486128      0.678   2.000175    13.7476    -1.9870      0.672     1.3238     0.3080 -9.990e-29
 229.486134      0.680   2.208007    13.7325    -1.9866      0.674     1.4697     0.4230 -9.990e-29
 229.486140      0.682   2.254916    13.7158    -1.9870      0.676     1.5033     0.4513 -9.990e-29
 229.486146      0.686   2.111995    13.6991    -1.9898      0.680     1.4036     0.3765 -9.990e-29
 229.486152      0.690   1.912137    13.6838    -1.9911      0.684     1.2645     0.2710 -9.990e-29
 229.486157      0.695   1.718363    13.6706    -1.9909      0.689     1.1305     0.1690 -9.990e-29
 229.486163      0.698   1.577366    13.6588    -1.9821      0.692     1.0336     0.0955 -9.990e-29
 229.486169      0.694   1.476956    13.6471    -1.9841      0.688     0.9649     0.0439 -9.990e-29
 229.486175      0.687   1.406915    13.6352    -1.9882      0.681     0.9173     0.0086 -9.990e-29
 229.486181      0.681   1.367568    13.6242    -1.9905      0.675     0.8907    -0.0105 -9.990e-29
 229.486186      0.677   1.382416    13.6143    -1.9925      0.671     0.9010    -0.0011 -9.990e-29
 229.486192      0.672   1.462933    13.6035    -1.9943      0.666     0.9564     0.0433 -9.990e-29
 229.486198      0.668   1.529060    13.5917    -1.9961      0.662     1.0021     0.0803 -9.990e-29
 229.486204      0.663   1.512046    13.5804    -1.9979      0.657     0.9907     0.0730 -9.990e-29
 229.486209      0.658   1.447430    13.5697    -1.9991      0.653     0.9466     0.0402 -9.990e-29
 229.486215      0.652   1.449792    13.5596    -2.0000      0.647     0.9485     0.0431 -9.990e-29
 229.486221      0.646   1.649261    13.5500    -2.0003      0.641     1.0861     0.1511 -9.990e-29
 229.486227      0.641   1.930762    13.5391    -2.0001      0.636     1.2823     0.3046 -9.990e-29
 229.486233      0.644   1.989109    13.5252    -2.0008      0.639     1.3236     0.3384 -9.990e-29
 229.486238      0.650   1.823391    13.5085    -2.0019      0.645     1.2083     0.2514 -9.990e-29
 229.486244      0.654   1.631446    13.4907    -2.0021      0.649     1.0755     0.1509 -9.990e-29
 229.486250      0.657   1.474593    13.4732    -2.0024      0.652     0.9676     0.0696 -9.990e-29
 229.486256      0.659   1.341374    13.4572    -2.0012      0.653     0.8766     0.0011 -9.990e-29
 229.486262      0.660   1.221960    13.4442    -1.9939      0.654     0.7953    -0.0602 -9.990e-29
 229.486267      0.661   1.118288    13.4344    -1.9931      0.655     0.7251    -0.1134 -9.990e-29
 229.486273      0.661   1.038697    13.4266    -1.9910      0.655     0.6714    -0.1540 -9.990e-29
 229.486279      0.661   0.988412    13.4192    -1.9936      0.655     0.6376    -0.1792 -9.990e-29
 229.486285      0.660   0.969679    13.4120    -1.9950      0.654     0.6251    -0.1880 -9.990e-29
 229.486291      0.658   0.965834    13.4063    -1.9969      0.653     0.6226    -0.1891 -9.990e-29
 229.486296      0.656   0.946254    13.4033    -1.9971      0.651     0.6095    -0.1989 -9.990e-29
 229.486302      0.653   0.916980    13.4038    -1.9977      0.648     0.5899    -0.2143 -9.990e-29
 229.486308      0.648   0.913257    13.4073    -1.9969      0.643     0.5873    -0.2167 -9.990e-29
 229.486314      0.643   0.979452    13.4117    -1.9978      0.638     0.6317    -0.1828 -9.990e-29
 229.486319      0.635   1.196621    13.4148    -1.9978      0.630     0.7786    -0.0692 -9.990e-29
 229.486325      0.625   1.517784    13.4168    -1.9974      0.620     0.9988     0.1014 -9.990e-29
 229.486331      0.617   1.756823    13.4194    -1.9969      0.612     1.1646     0.2296 -9.990e-29
 229.486337      0.614   1.828210    13.4238    -1.9931      0.609     1.2143     0.2675 -9.990e-29
 229.486343      0.616   1.743928    13.4300    -1.9920      0.611     1.1553     0.2210 -9.990e-29
 229.486348      0.624   1.575738    13.4375    -1.9918      0.619     1.0383     0.1293 -9.990e-29
 229.486354      0.632   1.412725    13.4457    -1.9932      0.627     0.9258     0.0408 -9.990e-29
 229.486360      0.638   1.290396    13.4540    -1.9940      0.633     0.8418    -0.0254 -9.990e-29
 229.486366      0.642   1.211985    13.4619    -1.9943      0.637     0.7881    -0.0681 -9.990e-29
 229.486372      0.645   1.156660    13.4693    -1.9948      0.640     0.7504    -0.0984 -9.990e-29
 229.486377      0.645   1.103323    13.4769    -1.9951      0.640     0.7141    -0.1275 -9.990e-29
 229.486383      0.644   1.072885    13.4848    -1.9952      0.639     0.6934    -0.1447 -9.990e-29
 229.486389      0.642   1.092949    13.4925    -1.9954      0.637     0.7068    -0.1353 -9.990e-29
 229.486395      0.638   1.189156    13.5000    -1.9955      0.633     0.7719    -0.0858 -9.990e-29
 229.486400      0.636   1.339536    13.5072    -1.9955      0.631     0.8742    -0.0074 -9.990e-29
 229.486406      0.640   1.438551    13.5141    -1.9956      0.635     0.9418     0.0441 -9.990e-29
 229.486412      0.647   1.429707    13.5209    -1.9957      0.642     0.9356     0.0384 -9.990e-29
 229.486418      0.652   1.343353    13.5273    -1.9958      0.647     0.8763    -0.0085 -9.990e-29
 229.486424      0.656   1.237350    13.5327    -1.9960      0.651     0.8040    -0.0654 -9.990e-29
 229.486429      0.659   1.145565    13.5370    -1.9960      0.653     0.7416    -0.1143 -9.990e-29
 229.486435      0.662   1.069805    13.5411    -1.9959      0.656     0.6904    -0.1546 -9.990e-29
 229.486441      0.663   1.011060    13.5456    -1.9957      0.657     0.6508    -0.1860 -9.990e-29
 229.486447      0.665   0.965840    13.5504    -1.9957      0.659     0.6203    -0.2102 -9.990e-29
 229.486453      0.666   0.924847    13.5550    -1.9957      0.660     0.5929    -0.2322 -9.990e-29
 229.486458      0.667   0.885531    13.5589 -9.990e-29      0.661     0.5666    -0.2532 -9.990e-29
 229.486464      0.667   0.850898    13.5621 -9.990e-29      0.661     0.5435    -0.2715 -9.990e-29
 229.486470      0.668   0.820775    13.5649 -9.990e-29      0.662     0.5234    -0.2875 -9.990e-29
 229.486476      0.668   0.792137    13.5680 -9.990e-29      0.662     0.5044    -0.3027 -9.990e-29
 229.486481      0.669   0.763379    13.5722 -9.990e-29      0.663     0.4853    -0.3180 -9.990e-29
 229.486487      0.669   0.736616    13.5771 -9.990e-29      0.663     0.4676    -0.3325 -9.990e-29
 229.486493      0.669   0.713854    13.5812 -9.990e-29      0.663     0.4526    -0.3447 -9.990e-29
 229.486499      0.669   0.695778    13.5834 -9.990e-29      0.663     0.4406    -0.3543 -9.990e-29
 229.486505      0.669   0.683781    13.5840 -9.990e-29      0.663     0.4328    -0.3605 -9.990e-29
 229.486510      0.669   0.677386 -9.990e-29 -9.990e-29      0.663 -9.990e-29 -9.990e-29 -9.990e-29
