data/oxygen options/ONMS/Olympic_Coast_National_Marine_Sanctuary_CTD_Data_2005_2023/raw_data/2010/CAST_TH042_060610faed.cnv
* Sea-Bird SBE19 Data File:
* FileName = C:\Documents and Settings\OCNMS\Desktop\2010 mooring data\CAST_TH042_060610.hex
* Software Version 1.24
* Temperature SN = 2997
* Conductivity SN = 2997
* System UpLoad Time = Jun 06 2010 11:53:39
** CAST_TH042_060610
* SEACAT PROFILER V3.1c SN 2997   06/06/10  11:53:09.040
# nquan = 9                                 
# nvalues = 943                         
# units = specified
# name 0 = timeJ: Julian Days
# name 1 = prSM: Pressure, Strain Gauge [db]
# name 2 = c0mS/cm: Conductivity [mS/cm]
# name 3 = t090C: Temperature [ITS-90, deg C]
# name 4 = sbeox0ML/L: Oxygen, SBE 43 [ml/l]
# name 5 = depSM: Depth [salt water, m], lat = 47.5
# name 6 = sal00: Salinity, Practical [PSU]
# name 7 = sigma-é00: Density [sigma-theta, kg/m^3]
# name 8 = flag: flag
# span 0 = 157.386134, 157.391586       
# span 1 =     -4.958,     38.315       
# span 2 =   0.000293,  35.359715       
# span 3 =     9.0868,    12.7715       
# span 4 =   -11.7828,    13.0528       
# span 5 =     -4.917,     37.992       
# span 6 =     0.0066,    32.4890       
# span 7 =    -0.5768,    25.1377       
# span 8 = 0.0000e+00, 0.0000e+00       
# interval = seconds: 0.5
# start_time = Jun 06 2010 09:16:02 [Instrument's time stamp, header]
# bad_flag = -9.990e-29
*END*
[from data line 321]
 157.387992      0.429  31.385597    12.7120     6.5314      0.425    26.2362    19.6675 -9.990e-29
 157.387998      0.435  31.402391    12.7126     6.5302      0.431    26.2513    19.6791 -9.990e-29
 157.388003      0.435  31.411102    12.7129     6.5303      0.431    26.2592    19.6851 -9.990e-29
 157.388009      0.433  31.414377    12.7129     6.5308      0.429    26.2622    19.6874 -9.990e-29
 157.388015      0.433  31.417139    12.7127     6.5361      0.429    26.2649    19.6895 -9.990e-29
 157.388021      0.435  31.420265    12.7123     6.5500      0.431    26.2680    19.6921 -9.990e-29
 157.388027      0.440  31.423998    12.7119     6.5397      0.436    26.2718    19.6950 -9.990e-29
 157.388032      0.447  31.425468    12.7117     6.5593      0.443    26.2733    19.6962 -9.990e-29
 157.388038      0.457  31.423830    12.7116     6.5485      0.453    26.2718    19.6951 -9.990e-29
 157.388044      0.466  31.424172    12.7113     6.5547      0.462    26.2723    19.6956 -9.990e-29
 157.388050      0.471  31.425824    12.7112     6.5752      0.467    26.2739    19.6968 -9.990e-29
 157.388056      0.472  31.426503    12.7112     6.5518      0.468    26.2746    19.6973 -9.990e-29
 157.388061      0.464  31.424870    12.7114     6.5544      0.460    26.2729    19.6960 -9.990e-29
 157.388067      0.448  31.416501    12.7118     6.5254      0.444    26.2649    19.6897 -9.990e-29
 157.388073      0.430  31.396950    12.7122     6.5099      0.426    26.2466    19.6755 -9.990e-29
 157.388079      0.415  31.378778    12.7127     6.4931      0.412    26.2295    19.6622 -9.990e-29
 157.388084      0.400  31.366865    12.7141     6.4900      0.397    26.2175    19.6527 -9.990e-29
 157.388090      0.386  31.314523    12.7160     6.5042      0.383    26.1679    19.6140 -9.990e-29
 157.388096      0.374  31.217466    12.7174     6.5174      0.371    26.0773    19.5438 -9.990e-29
 157.388102      0.374  31.126011    12.7181     6.5254      0.371    25.9925    19.4781 -9.990e-29
 157.388108      0.389  31.029073    12.7180     6.5200      0.386    25.9032    19.4092 -9.990e-29
 157.388113      0.417  31.001747    12.7169     6.5277      0.414    25.8787    19.3905 -9.990e-29
 157.388119      0.450  31.102204    12.7150     6.5342      0.446    25.9727    19.4634 -9.990e-29
 157.388125      0.481  31.206838    12.7137     6.5369      0.477    26.0701    19.5388 -9.990e-29
 157.388131      0.505  31.285514    12.7137     6.5368      0.501    26.1426    19.5949 -9.990e-29
 157.388137      0.523  31.359701    12.7140     6.5369      0.519    26.2109    19.6476 -9.990e-29
 157.388142      0.545  31.402890    12.7140     6.5485      0.540    26.2508    19.6784 -9.990e-29
 157.388148      0.571  31.425626    12.7139     6.5519      0.566    26.2718    19.6947 -9.990e-29
 157.388154      0.595  31.439741    12.7139     6.5553      0.590    26.2849    19.7048 -9.990e-29
 157.388160      0.614  31.447249    12.7142     6.5560      0.609    26.2916    19.7099 -9.990e-29
 157.388166      0.630  31.450877    12.7146     6.5513      0.625    26.2947    19.7122 -9.990e-29
 157.388171      0.644  31.453215    12.7152     6.5576      0.639    26.2964    19.7134 -9.990e-29
 157.388177      0.656  31.454575    12.7159     6.5538      0.651    26.2972    19.7139 -9.990e-29
 157.388183      0.662  31.455085    12.7161     6.5386      0.656    26.2975    19.7141 -9.990e-29
 157.388189      0.660  31.454297    12.7160     6.5223      0.654    26.2968    19.7136 -9.990e-29
 157.388194      0.652  31.451717    12.7162     6.5178      0.647    26.2943    19.7116 -9.990e-29
 157.388200      0.644  31.446697    12.7168     6.5264      0.639    26.2893    19.7076 -9.990e-29
 157.388206      0.633  31.433658    12.7175     6.5423      0.628    26.2767    19.6978 -9.990e-29
 157.388212      0.621  31.400248    12.7179     6.5334      0.616    26.2456    19.6737 -9.990e-29
 157.388218      0.605  31.357903    12.7184     6.5324      0.600    26.2062    19.6432 -9.990e-29
 157.388223      0.586  31.338626    12.7191     6.5133      0.581    26.1879    19.6289 -9.990e-29
 157.388229      0.565  31.344143    12.7201     6.5170      0.560    26.1923    19.6321 -9.990e-29
 157.388235      0.546  31.365569    12.7210     6.5162      0.541    26.2115    19.6468 -9.990e-29
 157.388241      0.528  31.391711    12.7217     6.5268      0.524    26.2351    19.6649 -9.990e-29
 157.388247      0.514  31.398073    12.7218     6.5342      0.510    26.2409    19.6694 -9.990e-29
 157.388252      0.507  31.384740    12.7212     6.5376      0.503    26.2290    19.6603 -9.990e-29
 157.388258      0.506  31.367522    12.7202     6.5439      0.502    26.2138    19.6487 -9.990e-29
 157.388264      0.517  31.340802    12.7194     6.5422      0.513    26.1897    19.6303 -9.990e-29
 157.388270      0.544  31.321014    12.7188     6.5421      0.539    26.1719    19.6166 -9.990e-29
 157.388275      0.584  31.320956    12.7184     6.5435      0.579    26.1721    19.6168 -9.990e-29
 157.388281      0.632  31.330465    12.7185     6.5490      0.627    26.1808    19.6235 -9.990e-29
 157.388287      0.681  31.358850    12.7191     6.5508      0.675    26.2065    19.6433 -9.990e-29
 157.388293      0.731  31.391879    12.7193     6.5626      0.725    26.2369    19.6667 -9.990e-29
 157.388299      0.785  31.419830    12.7194     6.5681      0.778    26.2626    19.6866 -9.990e-29
 157.388304      0.842  31.432371    12.7198     6.5668      0.835    26.2739    19.6952 -9.990e-29
 157.388310      0.893  31.432776    12.7201     6.5705      0.886    26.2740    19.6953 -9.990e-29
 157.388316      0.929  31.447331    12.7202     6.5721      0.921    26.2874    19.7056 -9.990e-29
 157.388322      0.946  31.463518    12.7202     6.5579      0.938    26.3023    19.7171 -9.990e-29
 157.388328      0.951  31.466517    12.7201     6.5475      0.943    26.3052    19.7193 -9.990e-29
 157.388333      0.953  31.464238    12.7196     6.5418      0.945    26.3034    19.7181 -9.990e-29
 157.388339      0.956  31.465393    12.7189     6.5407      0.948    26.3050    19.7194 -9.990e-29
 157.388345      0.959  31.465915    12.7182     6.5354      0.951    26.3059    19.7203 -9.990e-29
 157.388351      0.964  31.463131    12.7176     6.5351      0.956    26.3038    19.7187 -9.990e-29
 157.388356      0.971  31.460602    12.7175     6.5408      0.963    26.3015    19.7170 -9.990e-29
 157.388362      0.980  31.458866    12.7174     6.5458      0.972    26.3000    19.7158 -9.990e-29
 157.388368      0.991  31.457838    12.7166     6.5571      0.983    26.2996    19.7156 -9.990e-29
 157.388374      1.005  31.457259    12.7157     6.5572      0.997    26.2997    19.7159 -9.990e-29
 157.388380      1.019  31.456909    12.7153     6.5615      1.010    26.2996    19.7159 -9.990e-29
 157.388385      1.026  31.456872    12.7156     6.5613      1.017    26.2994    19.7157 -9.990e-29
 157.388391      1.025  31.457652    12.7162     6.5582      1.016    26.2997    19.7158 -9.990e-29
 157.388397      1.026  31.461398    12.7169     6.5569      1.017    26.3026    19.7180 -9.990e-29
 157.388403      1.028  31.464698    12.7175     6.5613      1.019    26.3053    19.7199 -9.990e-29
 157.388409      1.022  31.463544    12.7181     6.5560      1.013    26.3038    19.7186 -9.990e-29
 157.388414      1.009  31.463669    12.7188     6.5553      1.001    26.3034    19.7182 -9.990e-29
 157.388420      0.993  31.464671    12.7190     6.5546      0.985    26.3042    19.7188 -9.990e-29
 157.388426      0.966  31.462841    12.7183     6.5588      0.958    26.3030    19.7180 -9.990e-29
 157.388432      0.929  31.461887    12.7174     6.5561      0.921    26.3028    19.7180 -9.990e-29
 157.388438      0.887  31.461650    12.7169     6.5606      0.880    26.3029    19.7182 -9.990e-29
 157.388443      0.841  31.461245    12.7166     6.5679      0.834    26.3028    19.7181 -9.990e-29
 157.388449      0.798  31.461804    12.7163     6.5608      0.791    26.3035    19.7187 -9.990e-29
 157.388455      0.767  31.462385    12.7165     6.5609      0.761    26.3039    19.7190 -9.990e-29
 157.388461      0.747  31.460955    12.7170     6.6040      0.741    26.3023    19.7176 -9.990e-29
 157.388466      0.731  31.456160    12.7173     6.5500      0.725    26.2976    19.7140 -9.990e-29
 157.388472      0.720  31.448875    12.7174     6.5571      0.714    26.2908    19.7087 -9.990e-29
 157.388478      0.711  31.440579    12.7179     6.5453      0.705    26.2828    19.7025 -9.990e-29
 157.388484      0.706  31.437001    12.7188     6.5436      0.700    26.2789    19.6993 -9.990e-29
 157.388490      0.702  31.440638    12.7196     6.5453      0.696    26.2817    19.7013 -9.990e-29
 157.388495      0.705  31.444015    12.7200     6.5325      0.699    26.2845    19.7034 -9.990e-29
 157.388501      0.718  31.439867    12.7197     6.5392      0.712    26.2809    19.7007 -9.990e-29
 157.388507      0.735  31.421537    12.7185     6.5447      0.729    26.2648    19.6884 -9.990e-29
 157.388513      0.743  31.364574    12.7171     6.5625      0.737    26.2132    19.6488 -9.990e-29
 157.388519      0.743  31.184060    12.7161     6.5670      0.737    26.0473    19.5208 -9.990e-29
 157.388524      0.744  31.044087    12.7154     6.5711      0.738    25.9187    19.4216 -9.990e-29
 157.388530      0.749  31.179597    12.7153     6.5613      0.743    26.0437    19.5182 -9.990e-29
 157.388536      0.754  31.367038    12.7155     6.5463      0.748    26.2166    19.6517 -9.990e-29
 157.388542      0.757  31.431940    12.7154     6.5319      0.751    26.2766    19.6981 -9.990e-29
 157.388547      0.756  31.449071    12.7149     6.5331      0.750    26.2927    19.7107 -9.990e-29
 157.388553      0.753  31.439587    12.7141     6.5358      0.747    26.2845    19.7045 -9.990e-29
 157.388559      0.746  31.395872    12.7133     6.5399      0.740    26.2447    19.6739 -9.990e-29
 157.388565      0.735  31.303305    12.7130     6.5429      0.729    26.1595    19.6081 -9.990e-29
 157.388571      0.725  31.214830    12.7129     6.5519      0.719    26.0779    19.5450 -9.990e-29
 157.388576      0.717  31.229716    12.7131     6.5604      0.711    26.0915    19.5555 -9.990e-29
 157.388582      0.713  31.317972    12.7142     6.5665      0.707    26.1722    19.6177 -9.990e-29
 157.388588      0.712  31.378339    12.7158     6.5689      0.706    26.2268    19.6596 -9.990e-29
 157.388594      0.713  31.398352    12.7170     6.5588      0.707    26.2445    19.6730 -9.990e-29
 157.388600      0.721  31.409167    12.7173     6.5447      0.715    26.2542    19.6805 -9.990e-29
 157.388605      0.745  31.424636    12.7172     6.5379      0.739    26.2686    19.6916 -9.990e-29
 157.388611      0.787  31.438500    12.7173     6.5404      0.780    26.2813    19.7014 -9.990e-29
 157.388617      0.841  31.445718    12.7176     6.5447      0.834    26.2877    19.7063 -9.990e-29
 157.388623      0.905  31.437987    12.7180     6.5483      0.897    26.2803    19.7005 -9.990e-29
 157.388628      0.980  31.396032    12.7183     6.5492      0.972    26.2413    19.6703 -9.990e-29
 157.388634      1.062  31.349574    12.7182     6.5527      1.053    26.1985    19.6372 -9.990e-29
 157.388640      1.148  31.355925    12.7179     6.5543      1.138    26.2045    19.6420 -9.990e-29
 157.388646      1.234  31.390508    12.7172     6.5609      1.224    26.2369    19.6671 -9.990e-29
 157.388652      1.322  31.407596    12.7162     6.5607      1.311    26.2533    19.6800 -9.990e-29
 157.388657      1.416  31.411489    12.7152     6.5571      1.404    26.2576    19.6835 -9.990e-29
 157.388663      1.520  31.404007    12.7149     6.5557      1.507    26.2509    19.6783 -9.990e-29
 157.388669      1.627  31.402602    12.7156     6.5593      1.613    26.2490    19.6768 -9.990e-29
 157.388675      1.726  31.428909    12.7167     6.5676      1.712    26.2725    19.6948 -9.990e-29
 157.388681      1.810  31.459761    12.7173     6.5752      1.795    26.3006    19.7163 -9.990e-29
 157.388686      1.882  31.476933    12.7175     6.5796      1.866    26.3163    19.7284 -9.990e-29
 157.388692      1.945  31.487634    12.7175     6.5918      1.929    26.3261    19.7360 -9.990e-29
 157.388698      2.003  31.494367    12.7174     6.5839      1.986    26.3324    19.7409 -9.990e-29
 157.388704      2.060  31.497699    12.7176     6.5853      2.043    26.3353    19.7431 -9.990e-29
 157.388709      2.116  31.501507    12.7181     6.5801      2.098    26.3385    19.7455 -9.990e-29
 157.388715      2.169  31.509177    12.7193     6.5817      2.151    26.3447    19.7501 -9.990e-29
 157.388721      2.224  31.518609    12.7207     6.5909      2.205    26.3524    19.7558 -9.990e-29
 157.388727      2.279  31.524453    12.7214     6.6027      2.260    26.3573    19.7594 -9.990e-29
 157.388733      2.334  31.526094    12.7218     6.6044      2.315    26.3585    19.7603 -9.990e-29
 157.388738      2.392  31.529072    12.7225     6.6071      2.372    26.3608    19.7619 -9.990e-29
 157.388744      2.452  31.540150    12.7231     6.6034      2.432    26.3706    19.7694 -9.990e-29
 157.388750      2.505  31.551132    12.7231     6.5967      2.484    26.3807    19.7772 -9.990e-29
 157.388756      2.547  31.549773    12.7230     6.5953      2.526    26.3795    19.7763 -9.990e-29
 157.388762      2.584  31.545453    12.7232     6.5903      2.562    26.3754    19.7730 -9.990e-29
 157.388767      2.626  31.549762    12.7237     6.5860      2.604    26.3790    19.7757 -9.990e-29
 157.388773      2.682  31.563397    12.7247     6.5998      2.660    26.3909    19.7847 -9.990e-29
 157.388779      2.746  31.578772    12.7256     6.6030      2.723    26.4044    19.7951 -9.990e-29
 157.388785      2.809  31.586140    12.7260     6.5950      2.786    26.4109    19.8000 -9.990e-29
 157.388791      2.871  31.585238    12.7256     6.5737      2.847    26.4103    19.7996 -9.990e-29
 157.388796      2.936  31.581573    12.7251     6.5534      2.911    26.4073    19.7974 -9.990e-29
 157.388802      3.013  31.580329    12.7250     6.5546      2.988    26.4062    19.7965 -9.990e-29
 157.388808      3.114  31.587120    12.7251     6.5651      3.088    26.4124    19.8013 -9.990e-29
 157.388814      3.246  31.605391    12.7243     6.5762      3.219    26.4298    19.8149 0.0000e+00
 157.388819      3.409  31.637097    12.7197     6.5791      3.381    26.4622    19.8408 0.0000e+00
 157.388825      3.605  31.690348    12.7100     6.5785      3.575    26.5182    19.8858 0.0000e+00
 157.388831      3.829  31.758863    12.7000     6.5663      3.797    26.5885    19.9420 0.0000e+00
 157.388837      4.070  31.823112    12.6978     6.5567      4.036    26.6494    19.9894 0.0000e+00
 157.388843      4.321  31.885872    12.7103     6.5355      4.285    26.6986    20.0252 0.0000e+00
 157.388848      4.582  31.963053    12.7371     6.5004      4.544    26.7510    20.0608 0.0000e+00
 157.388854      4.852  32.065715    12.7637     6.4641      4.811    26.8270    20.1147 0.0000e+00
 157.388860      5.130  32.176733    12.7715     6.4407      5.087    26.9241    20.1883 0.0000e+00
 157.388866      5.418  32.265484    12.7555     6.4156      5.373    27.0175    20.2634 0.0000e+00
 157.388872      5.713  32.343898    12.7230     6.3969      5.665    27.1133    20.3434 0.0000e+00
 157.388877      6.006  32.427474    12.6845     6.3726      5.956    27.2184    20.4317 0.0000e+00
 157.388883      6.296  32.501624    12.6398     6.3615      6.243    27.3195    20.5179 0.0000e+00
 157.388889      6.584  32.566633    12.5860     6.3415      6.529    27.4189    20.6046 0.0000e+00
 157.388895      6.872  32.628517    12.5362     6.3376      6.815    27.5128    20.6862 0.0000e+00
 157.388900      7.159  32.670641    12.5013     6.3285      7.099    27.5775    20.7426 0.0000e+00
 157.388906      7.448  32.691466    12.4698     6.3215      7.386    27.6199    20.7812 0.0000e+00
