data/oxygen options/ONMS/Olympic_Coast_National_Marine_Sanctuary_CTD_Data_2005_2023/raw_data/2010/CAST_CA015_100210faed.cnv
* Sea-Bird SBE19 Data File:
* FileName = C:\Documents and Settings\OCNMS\Desktop\2010 mooring data\third service\CAST_CA015_100210.hex
* Software Version 1.24
* Temperature SN = 2997
* Conductivity SN = 2997
* System UpLoad Time = Oct 02 2010 16:58:14
** CAST_CA015_100210
* SEACAT PROFILER V3.1c SN 2997   10/02/10  16:55:53.847
# nquan = 9                                 
# nvalues = 644                         
# units = specified
# name 0 = timeJ: Julian Days
# name 1 = prSM: Pressure, Strain Gauge [db]
# name 2 = c0mS/cm: Conductivity [mS/cm]
# name 3 = t090C: Temperature [ITS-90, deg C]
# name 4 = sbeox0ML/L: Oxygen, SBE 43 [ml/l]
# name 5 = depSM: Depth [salt water, m], lat = 47.5
# name 6 = sal00: Salinity, Practical [PSU]
# name 7 = sigma-é00: Density [sigma-theta, kg/m^3]
# name 8 = flag: flag
# span 0 = 275.591678, 275.595399       
# span 1 =     -4.099,     15.537       
# span 2 =   0.199193,  37.634187       
# span 3 =    13.5263,    14.4590       
# span 4 =   -10.3582,    12.0967       
# span 5 =     -4.065,     15.407       
# span 6 =     0.1214,    30.9533       
# span 7 =    -0.6715,    23.1209       
# span 8 = 0.0000e+00, 0.0000e+00       
# interval = seconds: 0.5
# start_time = Oct 02 2010 14:12:01 [Instrument's time stamp, header]
# bad_flag = -9.990e-29
*END*
[from data line 321]
 275.593536     14.169  37.387383    13.8758     5.3462     14.050    30.8877    23.0369 -9.990e-29
 275.593542     14.176  37.386322    13.8718     5.3397     14.057    30.8899    23.0395 -9.990e-29
 275.593547     14.190  37.383835    13.8683     5.3386     14.071    30.8905    23.0406 -9.990e-29
 275.593553     14.202  37.382199    13.8676     5.3259     14.083    30.8895    23.0400 -9.990e-29
 275.593559     14.209  37.382584    13.8681     5.3028     14.090    30.8895    23.0398 -9.990e-29
 275.593565     14.216  37.383254    13.8677     5.2947     14.097    30.8904    23.0406 -9.990e-29
 275.593571     14.227  37.383412    13.8669     5.2892     14.108    30.8912    23.0414 -9.990e-29
 275.593576     14.248  37.383264    13.8654     5.3031     14.129    30.8922    23.0425 -9.990e-29
 275.593582     14.284  37.382044    13.8604     5.3137     14.164    30.8951    23.0458 -9.990e-29
 275.593588     14.324  37.378116    13.8521     5.3298     14.204    30.8982    23.0498 -9.990e-29
 275.593594     14.351  37.372956    13.8470     5.3331     14.231    30.8975    23.0503 -9.990e-29
 275.593600     14.352  37.371999    13.8503     5.3300     14.232    30.8940    23.0469 -9.990e-29
 275.593605     14.324  37.376198    13.8593     5.3270     14.204    30.8906    23.0425 -9.990e-29
 275.593611     14.277  37.381058    13.8688     5.3159     14.157    30.8875    23.0382 -9.990e-29
 275.593617     14.234  37.384650    13.8765     5.3271     14.115    30.8846    23.0344 -9.990e-29
 275.593623     14.210  37.387837    13.8810     5.3295     14.091    30.8839    23.0330 -9.990e-29
 275.593628     14.207  37.390379    13.8809     5.3425     14.088    30.8863    23.0348 -9.990e-29
 275.593634     14.217  37.390618    13.8775     5.3383     14.098    30.8893    23.0378 -9.990e-29
 275.593640     14.223  37.388866    13.8751     5.3377     14.104    30.8896    23.0385 -9.990e-29
 275.593646     14.216  37.387818    13.8763     5.3488     14.097    30.8877    23.0368 -9.990e-29
 275.593652     14.198  37.388309    13.8793     5.3352     14.079    30.8857    23.0347 -9.990e-29
 275.593657     14.170  37.389305    13.8821     5.3279     14.051    30.8844    23.0331 -9.990e-29
 275.593663     14.147  37.390443    13.8843     5.3162     14.028    30.8837    23.0321 -9.990e-29
 275.593669     14.147  37.391556    13.8858     5.3188     14.028    30.8835    23.0317 -9.990e-29
 275.593675     14.168  37.392440    13.8878     5.3322     14.049    30.8827    23.0306 -9.990e-29
 275.593681     14.203  37.394266    13.8921     5.3434     14.084    30.8809    23.0284 -9.990e-29
 275.593686     14.243  37.397779    13.8978     5.3451     14.124    30.8795    23.0262 -9.990e-29
 275.593692     14.271  37.400929    13.9023     5.3287     14.151    30.8788    23.0247 -9.990e-29
 275.593698     14.282  37.401747    13.9039     5.3222     14.162    30.8783    23.0240 -9.990e-29
 275.593704     14.280  37.401315    13.9035     5.3072     14.160    30.8782    23.0240 -9.990e-29
 275.593709     14.274  37.401291    13.9022     5.3256     14.154    30.8792    23.0251 -9.990e-29
 275.593715     14.276  37.401635    13.9014     5.3343     14.156    30.8802    23.0260 -9.990e-29
 275.593721     14.295  37.401679    13.9016     5.3367     14.175    30.8800    23.0258 -9.990e-29
 275.593727     14.323  37.400914    13.9020     5.3378     14.203    30.8790    23.0249 -9.990e-29
 275.593733     14.346  37.399989    13.9028     5.3307     14.226    30.8775    23.0236 -9.990e-29
 275.593738     14.352  37.399904    13.9055     5.3368     14.232    30.8753    23.0213 -9.990e-29
 275.593744     14.342  37.400536    13.9093     5.3192     14.222    30.8728    23.0187 -9.990e-29
 275.593750     14.326  37.401599    13.9128     5.3156     14.206    30.8710    23.0166 -9.990e-29
 275.593756     14.318  37.403384    13.9155     5.3021     14.198    30.8704    23.0156 -9.990e-29
 275.593762     14.322  37.405463    13.9167     5.3069     14.202    30.8714    23.0161 -9.990e-29
 275.593767     14.336  37.406677    13.9168     5.3150     14.216    30.8724    23.0169 -9.990e-29
 275.593773     14.358  37.406958    13.9168     5.3052     14.238    30.8727    23.0171 -9.990e-29
 275.593779     14.381  37.407233    13.9172     5.3067     14.260    30.8726    23.0169 -9.990e-29
 275.593785     14.402  37.407860    13.9181     5.2981     14.281    30.8724    23.0166 -9.990e-29
 275.593791     14.419  37.408173    13.9194     5.3112     14.298    30.8717    23.0158 -9.990e-29
 275.593796     14.422  37.408024    13.9206     5.3059     14.301    30.8706    23.0147 -9.990e-29
 275.593802     14.413  37.407950    13.9212     5.3103     14.292    30.8700    23.0141 -9.990e-29
 275.593808     14.401  37.408401    13.9216     5.3118     14.280    30.8701    23.0141 -9.990e-29
 275.593814     14.387  37.409595    13.9226     5.3192     14.266    30.8704    23.0142 -9.990e-29
 275.593819     14.372  37.410875    13.9236     5.3345     14.252    30.8708    23.0142 -9.990e-29
 275.593825     14.358  37.411137    13.9238     5.3217     14.238    30.8709    23.0143 -9.990e-29
 275.593831     14.353  37.410720    13.9237     5.3103     14.233    30.8706    23.0141 -9.990e-29
 275.593837     14.358  37.410740    13.9242     5.2906     14.238    30.8702    23.0137 -9.990e-29
 275.593843     14.363  37.411773    13.9258     5.2680     14.243    30.8699    23.0131 -9.990e-29
 275.593848     14.366  37.413506    13.9278     5.2632     14.246    30.8698    23.0127 -9.990e-29
 275.593854     14.369  37.414318    13.9285     5.2678     14.249    30.8700    23.0127 -9.990e-29
 275.593860     14.382  37.412483    13.9207     5.2847     14.261    30.8746    23.0178 -9.990e-29
 275.593866     14.407  37.404983    13.8976     5.2966     14.286    30.8863    23.0314 -9.990e-29
 275.593872     14.430  37.391897    13.8696     5.3040     14.309    30.8967    23.0452 -9.990e-29
 275.593877     14.447  37.382095    13.8564     5.2843     14.326    30.8983    23.0490 -9.990e-29
 275.593883     14.457  37.382663    13.8629     5.2838     14.336    30.8936    23.0441 -9.990e-29
 275.593889     14.461  37.389299    13.8800     5.2776     14.340    30.8860    23.0348 -9.990e-29
 275.593895     14.464  37.395713    13.8968     5.2711     14.343    30.8784    23.0255 -9.990e-29
 275.593900     14.470  37.400363    13.9060     5.2762     14.349    30.8752    23.0212 -9.990e-29
 275.593906     14.480  37.401603    13.9038     5.2697     14.359    30.8781    23.0239 -9.990e-29
 275.593912     14.494  37.396037    13.8907     5.2848     14.373    30.8835    23.0307 -9.990e-29
 275.593918     14.509  37.385201    13.8773     5.2775     14.387    30.8844    23.0341 -9.990e-29
 275.593924     14.517  37.379847    13.8751     5.2757     14.395    30.8812    23.0321 -9.990e-29
 275.593929     14.515  37.384586    13.8815     5.2682     14.393    30.8804    23.0302 -9.990e-29
 275.593935     14.506  37.390598    13.8876     5.2632     14.384    30.8810    23.0294 -9.990e-29
 275.593941     14.499  37.392443    13.8907     5.2790     14.377    30.8802    23.0282 -9.990e-29
 275.593947     14.498  37.393136    13.8919     5.2810     14.376    30.8799    23.0277 -9.990e-29
 275.593953     14.502  37.394714    13.8911     5.3026     14.380    30.8820    23.0295 -9.990e-29
 275.593958     14.512  37.394787    13.8877     5.3050     14.390    30.8848    23.0323 -9.990e-29
 275.593964     14.523  37.392323    13.8842     5.3129     14.401    30.8853    23.0334 -9.990e-29
 275.593970     14.529  37.391312    13.8844     5.3114     14.407    30.8843    23.0325 -9.990e-29
 275.593976     14.524  37.393194    13.8898     5.3022     14.402    30.8816    23.0294 -9.990e-29
 275.593981     14.506  37.395987    13.8994     5.3048     14.384    30.8765    23.0235 -9.990e-29
 275.593987     14.472  37.399482    13.9110     5.3018     14.351    30.8704    23.0165 -9.990e-29
 275.593993     14.437  37.403848    13.9235     5.3088     14.316    30.8644    23.0093 -9.990e-29
 275.593999     14.416  37.408737    13.9328     5.3083     14.295    30.8614    23.0052 -9.990e-29
 275.594005     14.409  37.411697    13.9330     5.3169     14.288    30.8640    23.0071 -9.990e-29
 275.594010     14.405  37.410505    13.9267     5.3176     14.284    30.8680    23.0114 -9.990e-29
 275.594016     14.401  37.408048    13.9221     5.3277     14.280    30.8694    23.0135 -9.990e-29
 275.594022     14.401  37.408323    13.9254     5.3221     14.280    30.8670    23.0110 -9.990e-29
 275.594028     14.413  37.412245    13.9363     5.3234     14.292    30.8618    23.0048 -9.990e-29
 275.594034     14.437  37.417188    13.9461     5.3233     14.316    30.8585    23.0002 -9.990e-29
 275.594039     14.468  37.418530    13.9481     5.3205     14.347    30.8581    22.9995 -9.990e-29
 275.594045     14.498  37.416372    13.9466     5.3283     14.376    30.8573    22.9992 -9.990e-29
 275.594051     14.520  37.416233    13.9490     5.3218     14.398    30.8553    22.9971 -9.990e-29
 275.594057     14.527  37.419597    13.9543     5.3199     14.405    30.8541    22.9952 -9.990e-29
 275.594063     14.516  37.422534    13.9573     5.3052     14.394    30.8544    22.9948 -9.990e-29
 275.594068     14.495  37.423348    13.9561     5.2943     14.374    30.8561    22.9964 -9.990e-29
 275.594074     14.474  37.422557    13.9511     5.2954     14.353    30.8594    22.9999 -9.990e-29
 275.594080     14.462  37.419098    13.9426     5.2977     14.341    30.8631    23.0044 -9.990e-29
 275.594086     14.461  37.413393    13.9326     5.3164     14.340    30.8658    23.0086 -9.990e-29
 275.594091     14.467  37.409029    13.9247     5.3152     14.346    30.8682    23.0120 -9.990e-29
 275.594097     14.477  37.406899    13.9194     5.3144     14.356    30.8705    23.0149 -9.990e-29
 275.594103     14.487  37.404710    13.9169     5.3004     14.366    30.8705    23.0154 -9.990e-29
 275.594109     14.484  37.404017    13.9198     5.3058     14.363    30.8675    23.0125 -9.990e-29
 275.594115     14.456  37.407246    13.9272     5.3030     14.335    30.8645    23.0087 -9.990e-29
 275.594120     14.401  37.411405    13.9343     5.3156     14.280    30.8627    23.0058 -9.990e-29
 275.594126     14.328  37.414188    13.9383     5.3257     14.208    30.8621    23.0045 -9.990e-29
 275.594132     14.245  37.415938    13.9391     5.3228     14.126    30.8630    23.0051 -9.990e-29
 275.594138     14.151  37.416178    13.9376     5.3285     14.032    30.8645    23.0066 -9.990e-29
 275.594144     14.041  37.415221    13.9353     5.3167     13.923    30.8655    23.0078 -9.990e-29
 275.594149     13.907  37.414022    13.9324     5.3290     13.790    30.8668    23.0094 0.0000e+00
 275.594155     13.741  37.412653    13.9304     5.3212     13.626    30.8672    23.0101 0.0000e+00
 275.594161     13.532  37.412079    13.9329     5.3334     13.419    30.8647    23.0077 0.0000e+00
 275.594167     13.276  37.413767    13.9396     5.3403     13.165    30.8610    23.0034 0.0000e+00
 275.594172     12.982  37.416597    13.9467     5.3483     12.873    30.8580    22.9997 0.0000e+00
 275.594178     12.662  37.419290    13.9525     5.3561     12.556    30.8560    22.9969 0.0000e+00
 275.594184     12.315  37.422070    13.9572     5.3482     12.212    30.8549    22.9951 0.0000e+00
 275.594190     11.943  37.424716    13.9631     5.3484     11.843    30.8527    22.9922 0.0000e+00
 275.594196     11.546  37.427389    13.9741     5.3327     11.449    30.8465    22.9852 0.0000e+00
 275.594201     11.121  37.431403    13.9940     5.3265     11.028    30.8344    22.9718 0.0000e+00
 275.594207     10.667  37.438741    14.0213     5.3225     10.578    30.8194    22.9547 0.0000e+00
 275.594213     10.193  37.449097    14.0462     5.3295     10.108    30.8091    22.9417 0.0000e+00
 275.594219      9.712  37.458907    14.0592     5.3557      9.631    30.8079    22.9381 0.0000e+00
 275.594225      9.237  37.466123    14.0613     5.4088      9.160    30.8130    22.9416 0.0000e+00
 275.594230      8.774  37.470840    14.0614     5.4738      8.701    30.8174    22.9450 0.0000e+00
 275.594236      8.322  37.474300    14.0675     5.5418      8.252    30.8159    22.9426 0.0000e+00
 275.594242      7.868  37.478869    14.0859     5.6307      7.802    30.8055    22.9308 0.0000e+00
 275.594248      7.409  37.487827    14.1233     5.7005      7.347    30.7840    22.9066 0.0000e+00
 275.594253      6.950  37.507508    14.1732     5.7731      6.892    30.7623    22.8797 0.0000e+00
 275.594259      6.491  37.540057    14.2196     5.8386      6.437    30.7552    22.8647 0.0000e+00
 275.594265      6.031  37.575649    14.2560     5.8970      5.981    30.7588    22.8600 0.0000e+00
 275.594271      5.564  37.601231    14.2842     5.9673      5.517    30.7598    22.8550 0.0000e+00
 275.594277      5.087  37.614497    14.3089     6.0456      5.044    30.7524    22.8442 0.0000e+00
 275.594282      4.604  37.623047    14.3291     6.1586      4.566    30.7443    22.8338 0.0000e+00
 275.594288      4.131  37.630436    14.3402     6.2619      4.096    30.7424    22.8300 0.0000e+00
 275.594294      3.682  37.634187    14.3438     6.3580      3.651    30.7431    22.8298 0.0000e+00
 275.594300      3.252  37.632576    14.3426     6.4450      3.225    30.7428    22.8298 0.0000e+00
 275.594306      2.837  37.624569    14.3374     6.5076      2.813    30.7398    22.8286 0.0000e+00
 275.594311      2.440  37.605643    14.3334     6.5440      2.420    30.7259    22.8187 0.0000e+00
 275.594317      2.073  37.575211    14.3344     6.5563      2.056    30.6976    22.7966 0.0000e+00
 275.594323      1.758  37.545914    14.3391     6.5435      1.743    30.6674    22.7724 0.0000e+00
 275.594329      1.507  37.527423    14.3499     6.5430      1.494    30.6421    22.7507 0.0000e+00
 275.594334      1.318  37.507963    14.3656     6.5586      1.307    30.6121    22.7243 0.0000e+00
 275.594340      1.170  37.483990    14.3778     6.5808      1.160    30.5808    22.6976 0.0000e+00
 275.594346      1.045  37.472275    14.3837     6.5854      1.036    30.5655    22.6847 -9.990e-29
 275.594352      0.940  37.471756    14.3855     6.5707      0.932    30.5637    22.6829 -9.990e-29
 275.594358      0.852  37.471090    14.3862     6.4776      0.845    30.5626    22.6819 -9.990e-29
 275.594363      0.780  37.466580    14.3879     6.3526      0.773    30.5572    22.6773 -9.990e-29
 275.594369      0.723  37.458926    14.3893     6.2471      0.717    30.5491    22.6709 -9.990e-29
 275.594375      0.674  37.453600    14.3887     6.2304      0.668    30.5448    22.6677 -9.990e-29
 275.594381      0.625  37.453578    14.3857     6.8805      0.620    30.5472    22.6701 -9.990e-29
 275.594387      0.574  37.457699    14.3806     6.6998      0.569    30.5549    22.6771 -9.990e-29
 275.594392      0.516  37.463606    14.3746     7.1291      0.512    30.5651    22.6862 -9.990e-29
 275.594398      0.453  37.466838    14.3697     6.9887      0.449    30.5719    22.6924 -9.990e-29
 275.594404      0.393  37.461610    14.3657     6.8054      0.390    30.5703    22.6920 -9.990e-29
 275.594410      0.346  37.440941    14.3591     6.6785      0.343    30.5568    22.6830 -9.990e-29
 275.594416      0.308  37.383424    14.3466     6.5377      0.305    30.5145    22.6529 -9.990e-29
 275.594421      0.273  37.220764    14.3272     6.5264      0.271    30.3821    22.5549 -9.990e-29
 275.594427      0.242  36.746156    14.3004     6.5312      0.240    29.9727    22.2448 -9.990e-29
 275.594433      0.219  35.334623    14.2675     6.5350      0.217    28.7218    21.2877 -9.990e-29
 275.594439      0.201  31.108590    14.2313     6.5300      0.199    24.9694    18.4066 -9.990e-29
 275.594444      0.187  24.483378    14.1940     6.5185      0.185    19.2062    13.9842 -9.990e-29
 275.594450      0.177  17.587890    14.1584     6.5260      0.176    13.3968     9.5310 -9.990e-29
