data/oxygen options/ONMS/Olympic_Coast_National_Marine_Sanctuary_CTD_Data_2005_2023/raw_data/2010/CAST_KL050_101810faed.cnv
* Sea-Bird SBE19 Data File:
* FileName = C:\Documents and Settings\OCNMS\Desktop\2010 mooring data\fourth service\CAST_KL050_101810.hex
* Software Version 1.24
* Temperature SN = 2997
* Conductivity SN = 2997
* System UpLoad Time = Oct 18 2010 10:56:44
** CAST_KL050_101810
* SEACAT PROFILER V3.1c SN 2997   10/18/10  10:55:06.147
# nquan = 9                                 
# nvalues = 935                         
# units = specified
# name 0 = timeJ: Julian Days
# name 1 = prSM: Pressure, Strain Gauge [db]
# name 2 = c0mS/cm: Conductivity [mS/cm]
# name 3 = t090C: Temperature [ITS-90, deg C]
# name 4 = sbeox0ML/L: Oxygen, SBE 43 [ml/l]
# name 5 = depSM: Depth [salt water, m], lat = 47.5
# name 6 = sal00: Salinity, Practical [PSU]
# name 7 = sigma-é00: Density [sigma-theta, kg/m^3]
# name 8 = flag: flag
# span 0 = 291.447882, 291.453287       
# span 1 =     -3.304,     52.642       
# span 2 =   3.241381,  37.770441       
# span 3 =     7.5019,    13.3652       
# span 4 =    -1.6560,    12.3606       
# span 5 =     -3.276,     52.196       
# span 6 =     2.2863,    33.4179       
# span 7 =     1.2377,    26.1020       
# span 8 = 0.0000e+00, 0.0000e+00       
# interval = seconds: 0.5
# start_time = Oct 18 2010 10:44:57 [Instrument's time stamp, header]
# bad_flag = -9.990e-29
*END*
 291.447882     -3.304 -9.990e-29    13.3386    -1.6553     -3.276 -9.990e-29 -9.990e-29 -9.990e-29
 291.447888     -3.284  37.326154    13.3378    -1.6549     -3.257    31.2747    23.4426 -9.990e-29
 291.447894     -3.259  37.295710    13.3364    -1.6547     -3.232    31.2475    23.4218 -9.990e-29
 291.447899     -3.226  37.263966    13.3351    -1.6551     -3.199    31.2190    23.4000 -9.990e-29
 291.447905     -3.188  37.277143    13.3342    -1.6560     -3.161    31.2320    23.4102 -9.990e-29
 291.447911     -3.147  37.316015    13.3336    -1.6560     -3.121    31.2687    23.4387 -9.990e-29
 291.447917     -3.100  37.347294    13.3334    -1.6552     -3.074    31.2980    23.4614 -9.990e-29
 291.447922     -3.049  37.362089    13.3333    -1.6547     -3.024    31.3118    23.4721 -9.990e-29
 291.447928     -2.995  37.359728    13.3328    -1.6555     -2.970    31.3100    23.4708 -9.990e-29
 291.447934     -2.937  37.355525    13.3318    -1.6549     -2.913    31.3069    23.4686 -9.990e-29
 291.447940     -2.882  37.355966    13.3310    -1.6545     -2.858    31.3079    23.4696 -9.990e-29
 291.447946     -2.830  37.362521    13.3316    -1.6552     -2.806    31.3135    23.4738 -9.990e-29
 291.447951     -2.778  37.373606    13.3333    -1.6558     -2.755    31.3225    23.4804 -9.990e-29
 291.447957     -2.727  37.371817    13.3343    -1.6553     -2.704    31.3199    23.4782 -9.990e-29
 291.447963     -2.682  37.345004    13.3338    -1.6547     -2.660    31.2953    23.4593 -9.990e-29
 291.447969     -2.644  37.313215    13.3325    -1.6545     -2.622    31.2668    23.4375 -9.990e-29
 291.447975     -2.611  37.312842    13.3328    -1.6555     -2.589    31.2662    23.4370 -9.990e-29
 291.447980     -2.581  37.343707    13.3354    -1.6556     -2.559    31.2928    23.4570 -9.990e-29
 291.447986     -2.553  37.363228    13.3385    -1.6550     -2.532    31.3084    23.4685 -9.990e-29
 291.447992     -2.523  37.360772    13.3406    -1.6544     -2.502    31.3044    23.4650 -9.990e-29
 291.447998     -2.492  37.363646    13.3410    -1.6554     -2.471    31.3067    23.4667 -9.990e-29
 291.448003     -2.455  37.363117    13.3398    -1.6558     -2.435    31.3072    23.4673 -9.990e-29
 291.448009     -2.416  37.343110    13.3384    -1.6553     -2.396    31.2897    23.4541 -9.990e-29
 291.448015     -2.380  37.331066    13.3383    -1.6547     -2.360    31.2785    23.4455 -9.990e-29
 291.448021     -2.350  37.347111    13.3392    -1.6546     -2.330    31.2927    23.4563 -9.990e-29
 291.448027     -2.324  37.369812    13.3399    -1.6545     -2.305    31.3133    23.4720 -9.990e-29
 291.448032     -2.299  37.368119    13.3399    -1.6546     -2.280    31.3117    23.4708 -9.990e-29
 291.448038     -2.274  37.345700    13.3397    -1.6554     -2.255    31.2910    23.4548 -9.990e-29
 291.448044     -2.248  37.339667    13.3400    -1.6555     -2.229    31.2851    23.4502 -9.990e-29
 291.448050     -2.220  37.358548    13.3401    -1.6556     -2.201    31.3026    23.4637 -9.990e-29
 291.448056     -2.186  37.365081    13.3393    -1.6553     -2.168    31.3093    23.4691 -9.990e-29
 291.448061     -2.149  37.344764    13.3383    -1.6547     -2.131    31.2912    23.4553 -9.990e-29
 291.448067     -2.117  37.334148    13.3380    -1.6544     -2.099    31.2816    23.4479 -9.990e-29
 291.448073     -2.090  37.354699    13.3385    -1.6543     -2.073    31.3003    23.4622 -9.990e-29
 291.448079     -2.067  37.384831    13.3401    -1.6553     -2.050    31.3271    23.4826 -9.990e-29
 291.448084     -2.043  37.402288    13.3423    -1.6556     -2.026    31.3415    23.4933 -9.990e-29
 291.448090     -2.011  37.400970    13.3438    -1.6554     -1.994    31.3390    23.4911 -9.990e-29
 291.448096     -1.974  37.378881    13.3442    -1.6550     -1.958    31.3181    23.4749 -9.990e-29
 291.448102     -1.938  37.346676    13.3440    -1.6547     -1.922    31.2882    23.4518 -9.990e-29
 291.448108     -1.909  37.326731    13.3436    -1.6543     -1.893    31.2700    23.4378 -9.990e-29
 291.448113     -1.890  37.328072    13.3433    -1.6542     -1.874    31.2715    23.4390 -9.990e-29
 291.448119     -1.875  37.348885    13.3433    -1.6544     -1.859    31.2908    23.4540 -9.990e-29
 291.448125     -1.856  37.379144    13.3439    -1.6552     -1.841    31.3185    23.4753 -9.990e-29
 291.448131     -1.825  37.399003    13.3446    -1.6554     -1.810    31.3365    23.4890 -9.990e-29
 291.448137     -1.786  37.390441    13.3445    -1.6555     -1.771    31.3286    23.4829 -9.990e-29
 291.448142     -1.749  37.360293    13.3439    -1.6554     -1.734    31.3009    23.4617 -9.990e-29
 291.448148     -1.724  37.340959    13.3435    -1.6548     -1.710    31.2832    23.4481 -9.990e-29
 291.448154     -1.714  37.347882    13.3433    -1.6544     -1.700    31.2899    23.4532 -9.990e-29
 291.448160     -1.714  37.370445    13.3432    -1.6545     -1.700    31.3110    23.4696 -9.990e-29
 291.448166     -1.712  37.395353    13.3428    -1.6553     -1.698    31.3345    23.4878 -9.990e-29
 291.448171     -1.694  37.415240    13.3422    -1.6552     -1.680    31.3535    23.5027 -9.990e-29
 291.448177     -1.660  37.422769    13.3415    -1.6545     -1.646    31.3611    23.5087 -9.990e-29
 291.448183     -1.619  37.408691    13.3408    -1.6543     -1.605    31.3485    23.4991 -9.990e-29
 291.448189     -1.582  37.378648    13.3404    -1.6548     -1.569    31.3209    23.4778 -9.990e-29
 291.448194     -1.552  37.354533    13.3404    -1.6549     -1.539    31.2984    23.4604 -9.990e-29
 291.448200     -1.526  37.349334    13.3406     9.4967     -1.513    31.2934    23.4565 -9.990e-29
 291.448206     -1.502  37.363723    13.3409    12.1508     -1.489    31.3065    23.4666 -9.990e-29
 291.448212     -1.480  37.390878    13.3415    12.3606     -1.468    31.3313    23.4856 -9.990e-29
 291.448218     -1.457  37.410742    13.3421    10.3194     -1.445    31.3493    23.4994 -9.990e-29
 291.448223     -1.432  37.404183    13.3423     6.0187     -1.420    31.3430    23.4945 -9.990e-29
 291.448229     -1.408  37.384628    13.3421     6.0564     -1.396    31.3250    23.4806 -9.990e-29
 291.448235     -1.388  37.385708    13.3417     6.1622     -1.376    31.3263    23.4817 -9.990e-29
 291.448241     -1.365  37.407505    13.3413     6.2110     -1.354    31.3469    23.4977 -9.990e-29
 291.448247     -1.340  37.421701    13.3413     6.2028     -1.329    31.3601    23.5080 -9.990e-29
 291.448252     -1.317  37.420657    13.3415     6.1938     -1.306    31.3590    23.5070 -9.990e-29
 291.448258     -1.302  37.426829    13.3421     6.1877     -1.291    31.3643    23.5110 -9.990e-29
 291.448264     -1.291  37.447649    13.3430     6.1705     -1.280    31.3829    23.5252 -9.990e-29
 291.448270     -1.286  37.463021    13.3442     6.1643     -1.275    31.3963    23.5353 -9.990e-29
 291.448275     -1.280  37.466876    13.3456     6.1458     -1.269    31.3987    23.5369 -9.990e-29
 291.448281     -1.266  37.466917    13.3468     6.1359     -1.255    31.3977    23.5359 -9.990e-29
 291.448287     -1.242  37.465762    13.3474     6.1421     -1.232    31.3962    23.5346 -9.990e-29
 291.448293     -1.215  37.463315    13.3477     6.1286     -1.205    31.3936    23.5326 -9.990e-29
 291.448299     -1.188  37.459439    13.3482     6.1297     -1.178    31.3896    23.5294 -9.990e-29
 291.448304     -1.163  37.455448    13.3490     6.1263     -1.153    31.3852    23.5258 -9.990e-29
 291.448310     -1.143  37.453067    13.3497     6.1238     -1.133    31.3824    23.5235 -9.990e-29
 291.448316     -1.124  37.452245    13.3502     6.1286     -1.115    31.3812    23.5225 -9.990e-29
 291.448322     -1.102  37.452207    13.3507     6.1174     -1.093    31.3807    23.5220 -9.990e-29
 291.448328     -1.082  37.452107    13.3514     6.1187     -1.073    31.3801    23.5214 -9.990e-29
 291.448333     -1.062  37.451011    13.3520     6.1163     -1.053    31.3785    23.5201 -9.990e-29
 291.448339     -1.045  37.449463    13.3524     6.1275     -1.036    31.3768    23.5186 -9.990e-29
 291.448345     -1.029  37.447961    13.3530     6.1250     -1.020    31.3749    23.5170 -9.990e-29
 291.448351     -1.011  37.446506    13.3537     6.1274     -1.003    31.3729    23.5154 -9.990e-29
 291.448356     -0.992  37.445162    13.3539     6.1202     -0.984    31.3715    23.5143 -9.990e-29
 291.448362     -0.976  37.443579    13.3541     6.1277     -0.968    31.3699    23.5130 -9.990e-29
 291.448368     -0.962  37.442208    13.3546     6.1252     -0.954    31.3682    23.5115 -9.990e-29
 291.448374     -0.949  37.441784    13.3550     6.1291     -0.941    31.3674    23.5109 -9.990e-29
 291.448380     -0.935  37.442064    13.3551     6.1112     -0.927    31.3676    23.5110 -9.990e-29
 291.448385     -0.922  37.442064    13.3552     6.1102     -0.914    31.3675    23.5109 -9.990e-29
 291.448391     -0.906  37.440987    13.3554     6.1125     -0.898    31.3663    23.5100 -9.990e-29
 291.448397     -0.888  37.439400    13.3559     6.1198     -0.881    31.3644    23.5084 -9.990e-29
 291.448403     -0.866  37.438311    13.3563     6.1273     -0.859    31.3631    23.5073 -9.990e-29
 291.448409     -0.839  37.437710    13.3566     6.1309     -0.832    31.3623    23.5066 -9.990e-29
 291.448414     -0.810  37.437119    13.3570     6.1372     -0.803    31.3614    23.5058 -9.990e-29
 291.448420     -0.784  37.436072    13.3573     6.1364     -0.777    31.3602    23.5048 -9.990e-29
 291.448426     -0.766  37.434614    13.3577     6.1416     -0.760    31.3585    23.5034 -9.990e-29
 291.448432     -0.752  37.433364    13.3583     6.1330     -0.746    31.3568    23.5020 -9.990e-29
 291.448438     -0.740  37.432661    13.3587     6.1417     -0.734    31.3558    23.5012 -9.990e-29
 291.448443     -0.722  37.433010    13.3593     6.1365     -0.716    31.3556    23.5009 -9.990e-29
 291.448449     -0.703  37.434637    13.3605     6.1400     -0.697    31.3562    23.5011 -9.990e-29
 291.448455     -0.686  37.436114    13.3615     6.1413     -0.680    31.3567    23.5013 -9.990e-29
 291.448461     -0.670  37.435810    13.3621     6.1313     -0.664    31.3559    23.5006 -9.990e-29
 291.448466     -0.653  37.434203    13.3618     6.1374     -0.648    31.3547    23.4997 -9.990e-29
 291.448472     -0.634  37.432276    13.3607     6.1364     -0.629    31.3538    23.4992 -9.990e-29
 291.448478     -0.613  37.430020    13.3596     6.1375     -0.608    31.3526    23.4985 -9.990e-29
 291.448484     -0.591  37.428111    13.3592     6.1329     -0.586    31.3511    23.4975 -9.990e-29
 291.448490     -0.577  37.427124    13.3591     6.1289     -0.572    31.3503    23.4968 -9.990e-29
 291.448495     -0.574  37.426626    13.3593     6.1352     -0.569    31.3496    23.4963 -9.990e-29
 291.448501     -0.577  37.426276    13.3598     6.1375     -0.572    31.3489    23.4956 -9.990e-29
 291.448507     -0.574  37.425928    13.3605     6.1399     -0.569    31.3480    23.4948 -9.990e-29
 291.448513     -0.555  37.426004    13.3614     6.1325     -0.550    31.3473    23.4941 -9.990e-29
 291.448519     -0.525  37.426928    13.3624     6.1411     -0.521    31.3473    23.4939 -9.990e-29
 291.448524     -0.489  37.428013    13.3630     6.1376     -0.485    31.3478    23.4942 -9.990e-29
 291.448530     -0.454  37.428227    13.3633     6.1439     -0.450    31.3478    23.4941 -9.990e-29
 291.448536     -0.421  37.427618    13.3634     6.1328     -0.417    31.3471    23.4936 -9.990e-29
 291.448542     -0.394  37.426816    13.3637     6.1086     -0.391    31.3461    23.4927 -9.990e-29
 291.448547     -0.375  37.426192    13.3642     6.1065     -0.372    31.3451    23.4918 -9.990e-29
 291.448553     -0.362  37.425797    13.3646     6.1136     -0.359    31.3444    23.4912 -9.990e-29
 291.448559     -0.354  37.425427    13.3648     6.1279     -0.351    31.3439    23.4908 -9.990e-29
 291.448565     -0.348  37.425472    13.3650     6.1306     -0.345    31.3438    23.4907 -9.990e-29
 291.448571     -0.337  37.425753    13.3652     6.1218     -0.334    31.3439    23.4907 -9.990e-29
 291.448576     -0.322  37.425288    13.3651     6.1230     -0.319    31.3435    23.4904 -9.990e-29
 291.448582     -0.302  37.423781    13.3643     6.1229     -0.299    31.3428    23.4900 -9.990e-29
 291.448588     -0.280  37.422342    13.3621     6.1329     -0.278    31.3432    23.4908 -9.990e-29
 291.448594     -0.262  37.422176    13.3583     6.1355     -0.260    31.3462    23.4938 -9.990e-29
 291.448600     -0.251  37.422264    13.3545     6.1330     -0.249    31.3494    23.4971 -9.990e-29
 291.448605     -0.244  37.421683    13.3543     6.1255     -0.242    31.3490    23.4968 -9.990e-29
 291.448611     -0.234  37.420928    13.3581     6.1280     -0.232    31.3452    23.4931 -9.990e-29
 291.448617     -0.223  37.420533    13.3613     6.1353     -0.221    31.3422    23.4901 -9.990e-29
 291.448623     -0.208  37.420523    13.3626     6.1441     -0.206    31.3411    23.4891 -9.990e-29
 291.448628     -0.193  37.420633    13.3635     6.1406     -0.191    31.3404    23.4884 -9.990e-29
 291.448634     -0.181  37.420925    13.3640     6.1296     -0.179    31.3403    23.4882 -9.990e-29
 291.448640     -0.173  37.421143    13.3639     6.1309     -0.172    31.3406    23.4884 -9.990e-29
 291.448646     -0.166  37.420934    13.3636     6.1369     -0.165    31.3406    23.4885 -9.990e-29
 291.448652     -0.161  37.420495    13.3634     6.1355     -0.160    31.3404    23.4884 -9.990e-29
 291.448657     -0.158  37.420277    13.3633     6.1291     -0.157    31.3403    23.4883 -9.990e-29
 291.448663     -0.155  37.420462    13.3633     6.1242     -0.154    31.3404    23.4884 -9.990e-29
 291.448669     -0.154  37.420654    13.3634     6.1294     -0.153    31.3405    23.4885 -9.990e-29
 291.448675     -0.150  37.420462    13.3633     6.1465     -0.149    31.3404    23.4884 -9.990e-29
 291.448681     -0.137  37.420107    13.3626     6.1518     -0.136    31.3407    23.4887 -9.990e-29
 291.448686     -0.121  37.419592    13.3618     6.1506     -0.120    31.3408    23.4890 -9.990e-29
 291.448692     -0.103  37.419264    13.3619     6.1457     -0.102    31.3404    23.4887 -9.990e-29
 291.448698     -0.087  37.419723    13.3624     6.1405     -0.086    31.3405    23.4886 -9.990e-29
 291.448704     -0.076  37.420373    13.3631     6.1467     -0.075    31.3405    23.4885 -9.990e-29
 291.448709     -0.065  37.420878    13.3638     6.1481     -0.064    31.3404    23.4883 -9.990e-29
 291.448715     -0.050  37.421266    13.3641     6.1419     -0.050    31.3405    23.4883 -9.990e-29
 291.448721     -0.029  37.421412    13.3643     6.1394     -0.029    31.3404    23.4882 -9.990e-29
 291.448727     -0.006  37.421424    13.3642     6.1370     -0.006    31.3405    23.4883 -9.990e-29
 291.448733      0.018  37.421234    13.3637     6.1446      0.018    31.3408    23.4886 -9.990e-29
 291.448738      0.042  37.421063    13.3632     6.1481      0.042    31.3410    23.4889 -9.990e-29
 291.448744      0.066  37.421159    13.3630     6.1419      0.065    31.3412    23.4891 -9.990e-29
 291.448750      0.085  37.421565    13.3633     6.1393      0.084    31.3414    23.4891 -9.990e-29
 291.448756      0.101  37.422177    13.3635     6.1369      0.100    31.3418    23.4894 -9.990e-29
 291.448762      0.115  37.422608    13.3633     6.1383      0.114    31.3423    23.4899 -9.990e-29
 291.448767      0.129  37.422785    13.3631     6.1410      0.128    31.3427    23.4902 -9.990e-29
 291.448773      0.142  37.422861    13.3629     6.1350      0.141    31.3429    23.4904 -9.990e-29
 291.448779      0.155  37.422853    13.3627     6.1398      0.154    31.3430    23.4906 -9.990e-29
 291.448785      0.171  37.422665    13.3625     6.1472      0.170    31.3430    23.4906 -9.990e-29
 291.448791      0.185  37.422522    13.3625     6.1492      0.183    31.3429    23.4905 -9.990e-29
 291.448796      0.193  37.422709    13.3627     6.1442      0.191    31.3429    23.4904 -9.990e-29
 291.448802      0.201  37.422831    13.3627     6.1331      0.199    31.3430    23.4905 -9.990e-29
