data/oxygen options/ONMS/Olympic_Coast_National_Marine_Sanctuary_CTD_Data_2005_2023/raw_data/2010/CAST_KL027_091610faed.cnv
* Sea-Bird SBE19 Data File:
* FileName = C:\Documents and Settings\OCNMS\Desktop\2010 mooring data\third service\CAST_KL027_091610.hex
* Software Version 1.24
* Temperature SN = 2997
* Conductivity SN = 2997
* System UpLoad Time = Sep 16 2010 13:58:40
** CAST_KL027_091610
* SEACAT PROFILER V3.1c SN 2997   09/16/10  13:56:57.647
# nquan = 9                                 
# nvalues = 648                         
# units = specified
# name 0 = timeJ: Julian Days
# name 1 = prSM: Pressure, Strain Gauge [db]
# name 2 = c0mS/cm: Conductivity [mS/cm]
# name 3 = t090C: Temperature [ITS-90, deg C]
# name 4 = sbeox0ML/L: Oxygen, SBE 43 [ml/l]
# name 5 = depSM: Depth [salt water, m], lat = 47.5
# name 6 = sal00: Salinity, Practical [PSU]
# name 7 = sigma-é00: Density [sigma-theta, kg/m^3]
# name 8 = flag: flag
# span 0 = 259.417581, 259.421325       
# span 1 =     -4.655,     28.021       
# span 2 =   1.100750,  38.785848       
# span 3 =    10.4821,    14.0245       
# span 4 =   -10.9384,    15.0309       
# span 5 =     -4.616,     27.785       
# span 6 =     0.7031,    32.9717       
# span 7 =    -0.2074,    25.2842       
# span 8 = 0.0000e+00, 0.0000e+00       
# interval = seconds: 0.5
# start_time = Sep 16 2010 10:01:19 [Instrument's time stamp, header]
# bad_flag = -9.990e-29
*END*
[from data line 161]
 259.418513     -0.484  38.690475    13.2960     7.9168     -0.480    32.5844    24.4635 -9.990e-29
 259.418519     -0.464  38.688925    13.2938     7.9214     -0.460    32.5848    24.4643 -9.990e-29
 259.418524     -0.448  38.686937    13.2918     7.9313     -0.444    32.5846    24.4646 -9.990e-29
 259.418530     -0.430  38.685671    13.2894     7.9491     -0.426    32.5855    24.4657 -9.990e-29
 259.418536     -0.400  38.684446    13.2865     7.9386     -0.397    32.5868    24.4673 -9.990e-29
 259.418542     -0.353  38.682078    13.2827     7.9345     -0.350    32.5878    24.4688 -9.990e-29
 259.418547     -0.290  38.678660    13.2788     7.9158     -0.288    32.5879    24.4697 -9.990e-29
 259.418553     -0.215  38.676246    13.2761     7.9058     -0.213    32.5879    24.4703 -9.990e-29
 259.418559     -0.128  38.675987    13.2743     7.9000     -0.127    32.5892    24.4716 -9.990e-29
 259.418565     -0.022  38.675745    13.2719     7.8978     -0.022    32.5910    24.4735 -9.990e-29
 259.418571      0.103  38.672842    13.2665     7.8983      0.102    32.5928    24.4760 -9.990e-29
 259.418576      0.248  38.666098    13.2569     7.8836      0.246    32.5947    24.4793 -9.990e-29
 259.418582      0.413  38.655936    13.2450     7.8664      0.410    32.5953    24.4821 0.0000e+00
 259.418588      0.596  38.644943    13.2355     7.8319      0.591    32.5930    24.4823 0.0000e+00
 259.418594      0.788  38.638524    13.2323     7.8229      0.781    32.5897    24.4803 0.0000e+00
 259.418600      0.978  38.639209    13.2330     7.7960      0.970    32.5896    24.4802 0.0000e+00
 259.418605      1.171  38.641072    13.2303     7.7905      1.161    32.5936    24.4838 0.0000e+00
 259.418611      1.374  38.636396    13.2199     7.7552      1.363    32.5981    24.4893 0.0000e+00
 259.418617      1.588  38.623319    13.2047     7.7155      1.575    32.5987    24.4928 0.0000e+00
 259.418623      1.809  38.608390    13.1927     7.6836      1.794    32.5949    24.4923 0.0000e+00
 259.418628      2.034  38.599610    13.1870     7.6610      2.017    32.5914    24.4907 0.0000e+00
 259.418634      2.260  38.596923    13.1831     7.6593      2.241    32.5922    24.4921 0.0000e+00
 259.418640      2.488  38.596070    13.1744     7.6423      2.467    32.5987    24.4989 0.0000e+00
 259.418646      2.725  38.590196    13.1605     7.6276      2.702    32.6050    24.5065 0.0000e+00
 259.418652      2.969  38.575841    13.1484     7.6023      2.944    32.6018    24.5064 0.0000e+00
 259.418657      3.208  38.564011    13.1428     7.5956      3.181    32.5954    24.5026 0.0000e+00
 259.418663      3.443  38.562916    13.1405     7.5791      3.414    32.5963    24.5037 0.0000e+00
 259.418669      3.677  38.566495    13.1360     7.5884      3.646    32.6034    24.5101 0.0000e+00
 259.418675      3.919  38.564278    13.1270     7.5816      3.886    32.6089    24.5162 0.0000e+00
 259.418681      4.175  38.553756    13.1177     7.5743      4.140    32.6069    24.5165 0.0000e+00
 259.418686      4.440  38.543765    13.1121     7.5519      4.403    32.6022    24.5139 0.0000e+00
 259.418692      4.695  38.539922    13.1102     7.5348      4.656    32.6001    24.5127 0.0000e+00
 259.418698      4.942  38.540909    13.1096     7.5139      4.901    32.6015    24.5139 0.0000e+00
 259.418704      5.194  38.542327    13.1067     7.5120      5.151    32.6052    24.5173 0.0000e+00
 259.418709      5.460  38.538667    13.0983     7.4575      5.414    32.6089    24.5218 0.0000e+00
 259.418715      5.739  38.528300    13.0853     7.4101      5.691    32.6102    24.5254 0.0000e+00
 259.418721      6.028  38.514664    13.0719     7.3299      5.978    32.6087    24.5269 0.0000e+00
 259.418727      6.315  38.501319    13.0603     7.2497      6.262    32.6060    24.5271 0.0000e+00
 259.418733      6.592  38.490531    13.0479     7.2124      6.537    32.6064    24.5298 0.0000e+00
 259.418738      6.865  38.480128    13.0271     7.2082      6.808    32.6143    24.5401 0.0000e+00
 259.418744      7.137  38.458929    12.9871     7.1770      7.077    32.6286    24.5591 0.0000e+00
 259.418750      7.409  38.414804    12.9223     7.0558      7.347    32.6427    24.5826 0.0000e+00
 259.418756      7.678  38.345969    12.8495     6.8045      7.614    32.6402    24.5950 0.0000e+00
 259.418762      7.938  38.275409    12.7983     6.4362      7.872    32.6174    24.5873 0.0000e+00
 259.418767      8.193  38.242856    12.7682     6.0406      8.124    32.6124    24.5893 0.0000e+00
 259.418773      8.450  38.242328    12.7250     5.6810      8.379    32.6492    24.6261 0.0000e+00
 259.418779      8.723  38.206873    12.6279     5.4337      8.650    32.6995    24.6839 0.0000e+00
 259.418785      9.024  38.099193    12.4468     5.3225      8.948    32.7542    24.7610 0.0000e+00
 259.418791      9.355  37.923547    12.1790     5.2761      9.277    32.8197    24.8627 0.0000e+00
 259.418796      9.702  37.679298    11.8775     5.2707      9.621    32.8487    24.9417 0.0000e+00
 259.418802     10.046  37.425052    11.6354     5.2416      9.962    32.8151    24.9603 0.0000e+00
 259.418808     10.373  37.248639    11.4985     5.1831     10.286    32.7638    24.9454 0.0000e+00
 259.418814     10.683  37.157297    11.4395     5.1287     10.594    32.7264    24.9271 0.0000e+00
 259.418819     10.979  37.128259    11.4156     5.0900     10.887    32.7190    24.9256 0.0000e+00
 259.418825     11.266  37.141169    11.4004     5.0734     11.172    32.7450    24.9486 0.0000e+00
 259.418831     11.542  37.140846    11.3585     5.0706     11.445    32.7817    24.9847 0.0000e+00
 259.418837     11.798  37.086968    11.2755     5.0535     11.699    32.8024    25.0158 0.0000e+00
 259.418843     12.046  37.011811    11.1989     5.0061     11.945    32.7965    25.0249 0.0000e+00
 259.418848     12.298  36.969699    11.1653     4.9517     12.195    32.7848    25.0218 0.0000e+00
 259.418854     12.553  36.972713    11.1609     4.8777     12.448    32.7916    25.0278 0.0000e+00
 259.418860     12.814  36.987207    11.1538     4.7999     12.707    32.8121    25.0451 0.0000e+00
 259.418866     13.088  36.964035    11.1146     4.7134     12.978    32.8241    25.0614 0.0000e+00
 259.418872     13.381  36.901892    11.0421     4.6144     13.269    32.8273    25.0768 0.0000e+00
 259.418877     13.694  36.837164    10.9657     4.5044     13.579    32.8313    25.0934 0.0000e+00
 259.418883     14.021  36.786528    10.9057     4.4098     13.904    32.8347    25.1066 0.0000e+00
 259.418889     14.345  36.747902    10.8616     4.3866     14.225    32.8357    25.1152 0.0000e+00
 259.418895     14.651  36.715603    10.8232     4.4258     14.528    32.8379    25.1236 0.0000e+00
 259.418900     14.938  36.681188    10.7759     4.5244     14.813    32.8459    25.1382 0.0000e+00
 259.418906     15.208  36.641237    10.7222     4.5996     15.081    32.8543    25.1540 0.0000e+00
 259.418912     15.459  36.608484    10.6881     4.6183     15.329    32.8521    25.1583 0.0000e+00
 259.418918     15.691  36.603577    10.6980     4.5231     15.559    32.8382    25.1458 0.0000e+00
 259.418924     15.906  36.634984    10.7558     4.3555     15.773    32.8175    25.1196 0.0000e+00
 259.418929     16.113  36.693478    10.8382     4.1591     15.978    32.8018    25.0929 0.0000e+00
 259.418935     16.326  36.751610    10.8932     3.9908     16.189    32.8102    25.0898 0.0000e+00
 259.418941     16.557  36.780337    10.8748     3.9019     16.418    32.8551    25.1280 0.0000e+00
 259.418947     16.817  36.765766    10.7792     3.8414     16.676    32.9264    25.2003 0.0000e+00
 259.418953     17.110  36.701822    10.6581     3.8339     16.966    32.9717    25.2567 0.0000e+00
 259.418958     17.434  36.621924    10.5726     3.8257     17.288    32.9689    25.2693 0.0000e+00
 259.418964     17.778  36.575175    10.5325     3.8302     17.629    32.9582    25.2679 0.0000e+00
 259.418970     18.126  36.560184    10.5173     3.8587     17.974    32.9568    25.2694 0.0000e+00
 259.418976     18.458  36.556276    10.5147     3.8762     18.303    32.9550    25.2685 0.0000e+00
 259.418981     18.759  36.557008    10.5204     3.9078     18.602    32.9505    25.2640 0.0000e+00
 259.418987     19.029  36.562129    10.5312     3.8979     18.869    32.9457    25.2584 0.0000e+00
 259.418993     19.271  36.570512    10.5433     3.8769     19.109    32.9431    25.2543 0.0000e+00
 259.418999     19.496  36.577372    10.5524     3.8465     19.332    32.9416    25.2516 0.0000e+00
 259.419005     19.719  36.580599    10.5540     3.8184     19.553    32.9433    25.2526 0.0000e+00
 259.419010     19.954  36.579235    10.5480     3.8021     19.787    32.9473    25.2568 0.0000e+00
 259.419016     20.207  36.573123    10.5390     3.7840     20.037    32.9492    25.2598 0.0000e+00
 259.419022     20.472  36.565684    10.5292     3.7808     20.300    32.9505    25.2625 0.0000e+00
 259.419028     20.746  36.559328    10.5188     3.7637     20.572    32.9534    25.2666 0.0000e+00
 259.419034     21.029  36.555103    10.5108     3.7506     20.852    32.9563    25.2702 0.0000e+00
 259.419039     21.321  36.552978    10.5067     3.7299     21.142    32.9577    25.2720 0.0000e+00
 259.419045     21.624  36.551802    10.5038     3.7249     21.442    32.9590    25.2736 0.0000e+00
 259.419051     21.940  36.551127    10.5002     3.7294     21.756    32.9615    25.2761 0.0000e+00
 259.419057     22.267  36.550614    10.4968     3.7324     22.080    32.9639    25.2786 0.0000e+00
 259.419063     22.597  36.550142    10.4949     3.7481     22.407    32.9650    25.2798 0.0000e+00
 259.419068     22.916  36.550201    10.4954     3.7368     22.723    32.9645    25.2793 0.0000e+00
 259.419074     23.210  36.551990    10.4985     3.7350     23.015    32.9633    25.2779 0.0000e+00
 259.419080     23.473  36.556213    10.5028     3.7260     23.276    32.9636    25.2773 0.0000e+00
 259.419086     23.712  36.560658    10.5060     3.7069     23.513    32.9650    25.2779 0.0000e+00
 259.419091     23.942  36.562849    10.5071     3.7129     23.741    32.9661    25.2786 0.0000e+00
 259.419097     24.174  36.562348    10.5069     3.7050     23.971    32.9657    25.2783 0.0000e+00
 259.419103     24.415  36.560171    10.5053     3.6988     24.210    32.9649    25.2779 0.0000e+00
 259.419109     24.670  36.557902    10.5019     3.6911     24.463    32.9656    25.2790 0.0000e+00
 259.419115     24.943  36.554757    10.4969     3.6770     24.733    32.9668    25.2809 0.0000e+00
 259.419120     25.234  36.550466    10.4920     3.6829     25.022    32.9668    25.2817 0.0000e+00
 259.419126     25.546  36.547153    10.4885     3.6710     25.331    32.9665    25.2821 0.0000e+00
 259.419132     25.871  36.545444    10.4866     3.6755     25.653    32.9664    25.2823 0.0000e+00
 259.419138     26.192  36.544742    10.4861     3.6747     25.972    32.9660    25.2821 0.0000e+00
 259.419144     26.491  36.544670    10.4866     3.6711     26.268    32.9653    25.2815 0.0000e+00
 259.419149     26.757  36.545132    10.4871     3.6923     26.532    32.9652    25.2814 0.0000e+00
 259.419155     26.990  36.545624    10.4869     3.6831     26.763    32.9658    25.2819 0.0000e+00
 259.419161     27.196  36.545683    10.4868     3.6847     26.967    32.9659    25.2819 0.0000e+00
 259.419167     27.375  36.546510    10.4877     3.6705     27.145    32.9658    25.2817 0.0000e+00
 259.419172     27.526  36.548649    10.4895     3.6643     27.294    32.9663    25.2818 0.0000e+00
 259.419178     27.655  36.551033    10.4913     3.6772     27.422    32.9670    25.2820 -9.990e-29
 259.419184     27.764  36.552919    10.4922     3.6681     27.530    32.9680    25.2827 -9.990e-29
 259.419190     27.852  36.553464    10.4918     3.6780     27.618    32.9689    25.2834 -9.990e-29
 259.419196     27.921  36.552274    10.4905     3.6709     27.686    32.9688    25.2836 -9.990e-29
 259.419201     27.971  36.550569    10.4895     3.6692     27.736    32.9680    25.2831 -9.990e-29
 259.419207     28.000  36.549440    10.4891     3.6736     27.764    32.9672    25.2826 -9.990e-29
 259.419213     28.015  36.548504    10.4894     3.6652     27.779    32.9660    25.2816 -9.990e-29
 259.419219     28.021  36.547075    10.4903     3.6667     27.785    32.9637    25.2797 -9.990e-29
 259.419225     28.019  36.546613    10.4910     3.6667     27.783    32.9626    25.2787 -9.990e-29
 259.419230     28.007  36.548747    10.4915     3.6680     27.771    32.9643    25.2799 -9.990e-29
 259.419236     27.991  36.551281    10.4920     3.6713     27.756    32.9664    25.2815 -9.990e-29
 259.419242     27.968  36.551994    10.4924     3.6572     27.733    32.9668    25.2817 -9.990e-29
 259.419248     27.925  36.551841    10.4929     3.6540     27.690    32.9662    25.2812 -9.990e-29
 259.419253     27.854  36.552300    10.4938     3.6541     27.620    32.9659    25.2808 -9.990e-29
 259.419259     27.759  36.553425    10.4943     3.6505     27.525    32.9666    25.2812 -9.990e-29
 259.419265     27.644  36.553917    10.4937     3.6550     27.411    32.9677    25.2822 -9.990e-29
 259.419271     27.509  36.553316    10.4924     3.6554     27.278    32.9683    25.2829 0.0000e+00
 259.419277     27.354  36.552503    10.4909     3.6568     27.124    32.9689    25.2836 0.0000e+00
 259.419282     27.187  36.551520    10.4895     3.6596     26.958    32.9693    25.2841 0.0000e+00
 259.419288     27.022  36.550180    10.4883     3.6458     26.795    32.9691    25.2842 0.0000e+00
 259.419294     26.867  36.548941    10.4876     3.6497     26.641    32.9686    25.2839 0.0000e+00
 259.419300     26.720  36.547836    10.4870     3.6370     26.495    32.9681    25.2836 0.0000e+00
 259.419306     26.588  36.546517    10.4857     3.6368     26.364    32.9680    25.2837 -9.990e-29
 259.419311     26.489  36.544349    10.4840     3.6411     26.266    32.9674    25.2836 -9.990e-29
 259.419317     26.430  36.541808    10.4826     3.6410     26.208    32.9661    25.2828 -9.990e-29
 259.419323     26.403  36.540551    10.4821     3.6539     26.181    32.9653    25.2823 -9.990e-29
 259.419329     26.392  36.540584    10.4827     3.6485     26.170    32.9648    25.2818 -9.990e-29
 259.419334     26.376  36.541393    10.4837     3.6470     26.154    32.9647    25.2816 -9.990e-29
 259.419340     26.337  36.542938    10.4844     3.6458     26.116    32.9657    25.2822 -9.990e-29
 259.419346     26.268  36.543918    10.4850     3.6442     26.047    32.9661    25.2824 -9.990e-29
 259.419352     26.169  36.543961    10.4860     3.6473     25.949    32.9653    25.2816 -9.990e-29
 259.419358     26.047  36.544249    10.4868     3.6474     25.828    32.9649    25.2812 -9.990e-29
 259.419363     25.910  36.544609    10.4869     3.6403     25.692    32.9653    25.2814 0.0000e+00
 259.419369     25.771  36.544405    10.4867     3.6455     25.554    32.9653    25.2815 -9.990e-29
 259.419375     25.649  36.543928    10.4863     3.6402     25.433    32.9652    25.2815 -9.990e-29
 259.419381     25.555  36.543107    10.4859     3.6401     25.340    32.9648    25.2812 -9.990e-29
 259.419387     25.496  36.541973    10.4855     3.6415     25.282    32.9641    25.2807 -9.990e-29
 259.419392     25.474  36.541258    10.4854     3.6330     25.260    32.9634    25.2802 -9.990e-29
 259.419398     25.479  36.541134    10.4858     3.6414     25.265    32.9630    25.2798 -9.990e-29
 259.419404     25.494  36.541438    10.4865     3.6362     25.280    32.9626    25.2794 -9.990e-29
 259.419410     25.506  36.542016    10.4871     3.6429     25.292    32.9626    25.2793 -9.990e-29
 259.419416     25.503  36.542518    10.4876     3.6526     25.289    32.9627    25.2793 -9.990e-29
 259.419421     25.478  36.543057    10.4879     3.6458     25.264    32.9630    25.2795 -9.990e-29
 259.419427     25.437  36.543791    10.4882     3.6529     25.223    32.9635    25.2798 -9.990e-29
