data/oxygen options/ONMS/Olympic_Coast_National_Marine_Sanctuary_CTD_Data_2005_2023/raw_data/2010/CAST_CA015_101910faed.cnv
* Sea-Bird SBE19 Data File:
* FileName = C:\Documents and Settings\OCNMS\Desktop\2010 mooring data\fourth service\CAST_CA015_101910.hex
* Software Version 1.24
* Temperature SN = 2997
* Conductivity SN = 2997
* System UpLoad Time = Oct 20 2010 11:34:23
** CAST_CA015_101910
* SEACAT PROFILER V3.1c SN 2997   10/20/10  11:32:53.189
# nquan = 9                                 
# nvalues = 539                         
# units = specified
# name 0 = timeJ: Julian Days
# name 1 = prSM: Pressure, Strain Gauge [db]
# name 2 = c0mS/cm: Conductivity [mS/cm]
# name 3 = t090C: Temperature [ITS-90, deg C]
# name 4 = sbeox0ML/L: Oxygen, SBE 43 [ml/l]
# name 5 = depSM: Depth [salt water, m], lat = 47.5
# name 6 = sal00: Salinity, Practical [PSU]
# name 7 = sigma-é00: Density [sigma-theta, kg/m^3]
# name 8 = flag: flag
# span 0 = 292.519178, 292.522292       
# span 1 =     -4.920,     17.808       
# span 2 =   0.171727,  37.917954       
# span 3 =    12.4754,    16.1110       
# span 4 =    -1.8772,    12.3726       
# span 5 =     -4.879,     17.659       
# span 6 =     0.0999,    32.0556       
# span 7 =    -0.9959,    24.2120       
# span 8 = 0.0000e+00, 0.0000e+00       
# interval = seconds: 0.5
# start_time = Oct 19 2010 12:27:37 [Instrument's time stamp, header]
# bad_flag = -9.990e-29
*END*
[from data line 321]
 292.521036     15.700  37.055178    12.5096     5.2158     15.568    31.7011    23.9332 -9.990e-29
 292.521042     15.640  37.054188    12.5076     5.2056     15.509    31.7019    23.9341 -9.990e-29
 292.521047     15.602  37.053258    12.5053     5.2086     15.471    31.7030    23.9354 -9.990e-29
 292.521053     15.601  37.052253    12.5016     5.2176     15.470    31.7051    23.9378 -9.990e-29
 292.521059     15.637  37.050940    12.4963     5.2150     15.506    31.7083    23.9413 -9.990e-29
 292.521065     15.699  37.049234    12.4916     5.2099     15.567    31.7107    23.9440 -9.990e-29
 292.521071     15.770  37.047643    12.4893     5.1956     15.638    31.7111    23.9447 -9.990e-29
 292.521076     15.829  37.046830    12.4888     5.2006     15.696    31.7107    23.9445 -9.990e-29
 292.521082     15.863  37.046814    12.4891     5.1993     15.730    31.7104    23.9442 -9.990e-29
 292.521088     15.877  37.046997    12.4896     5.2099     15.744    31.7101    23.9439 -9.990e-29
 292.521094     15.890  37.047048    12.4897     5.2220     15.757    31.7101    23.9439 -9.990e-29
 292.521100     15.907  37.047019    12.4896     5.2288     15.774    31.7102    23.9440 -9.990e-29
 292.521105     15.916  37.046857    12.4898     5.2377     15.783    31.7098    23.9437 -9.990e-29
 292.521111     15.904  37.046891    12.4901     5.2283     15.771    31.7096    23.9434 -9.990e-29
 292.521117     15.872  37.047151    12.4898     5.1968     15.739    31.7101    23.9439 -9.990e-29
 292.521123     15.826  37.046846    12.4890     5.1874     15.693    31.7105    23.9444 -9.990e-29
 292.521128     15.775  37.046114    12.4885     5.1926     15.643    31.7103    23.9443 -9.990e-29
 292.521134     15.739  37.045647    12.4884     5.2018     15.607    31.7099    23.9440 -9.990e-29
 292.521140     15.730  37.045369    12.4880     5.2190     15.598    31.7100    23.9441 -9.990e-29
 292.521146     15.750  37.044895    12.4873     5.2256     15.618    31.7101    23.9444 -9.990e-29
 292.521152     15.786  37.044138    12.4871     5.2307     15.654    31.7096    23.9440 -9.990e-29
 292.521157     15.819  37.043753    12.4879     5.2176     15.686    31.7085    23.9430 -9.990e-29
 292.521163     15.831  37.044330    12.4890     5.2112     15.698    31.7081    23.9425 -9.990e-29
 292.521169     15.817  37.045500    12.4899     5.2072     15.684    31.7085    23.9426 -9.990e-29
 292.521175     15.793  37.046569    12.4905     5.2010     15.661    31.7090    23.9429 -9.990e-29
 292.521181     15.785  37.047266    12.4910     5.1984     15.653    31.7093    23.9430 -9.990e-29
 292.521186     15.803  37.047948    12.4915     5.2034     15.671    31.7095    23.9431 -9.990e-29
 292.521192     15.846  37.048950    12.4921     5.2123     15.713    31.7099    23.9433 -9.990e-29
 292.521198     15.903  37.049911    12.4924     5.2179     15.770    31.7105    23.9437 -9.990e-29
 292.521204     15.956  37.050414    12.4925     5.2193     15.822    31.7109    23.9440 -9.990e-29
 292.521209     15.991  37.050554    12.4923     5.2217     15.857    31.7112    23.9443 -9.990e-29
 292.521215     16.011  37.050500    12.4921     5.2204     15.877    31.7113    23.9444 -9.990e-29
 292.521221     16.026  37.050166    12.4920     5.2269     15.892    31.7111    23.9442 -9.990e-29
 292.521227     16.040  37.049650    12.4921     5.2266     15.906    31.7105    23.9437 -9.990e-29
 292.521233     16.051  37.049370    12.4921     5.2241     15.916    31.7102    23.9435 -9.990e-29
 292.521238     16.050  37.049497    12.4920     5.2292     15.915    31.7104    23.9437 -9.990e-29
 292.521244     16.038  37.049626    12.4915     5.2219     15.904    31.7110    23.9442 -9.990e-29
 292.521250     16.026  37.049350    12.4908     5.2268     15.892    31.7113    23.9446 -9.990e-29
 292.521256     16.022  37.048848    12.4903     5.2203     15.888    31.7113    23.9447 -9.990e-29
 292.521262     16.023  37.048559    12.4902     5.2113     15.889    31.7111    23.9446 -9.990e-29
 292.521267     16.022  37.048640    12.4902     5.2180     15.888    31.7111    23.9446 -9.990e-29
 292.521273     16.022  37.048622    12.4902     5.2178     15.888    31.7111    23.9446 -9.990e-29
 292.521279     16.020  37.048466    12.4905     5.2218     15.886    31.7107    23.9442 -9.990e-29
 292.521285     16.022  37.048511    12.4909     5.2230     15.888    31.7104    23.9439 -9.990e-29
 292.521291     16.033  37.048430    12.4907     5.2141     15.899    31.7105    23.9440 -9.990e-29
 292.521296     16.048  37.048108    12.4898     5.2069     15.913    31.7110    23.9445 -9.990e-29
 292.521302     16.059  37.047861    12.4892     5.2062     15.924    31.7112    23.9449 -9.990e-29
 292.521308     16.064  37.047919    12.4891     5.2076     15.929    31.7114    23.9450 -9.990e-29
 292.521314     16.067  37.047987    12.4887     5.2112     15.932    31.7118    23.9454 -9.990e-29
 292.521319     16.072  37.047602    12.4881     5.2136     15.937    31.7119    23.9456 -9.990e-29
 292.521325     16.080  37.046814    12.4880     5.2195     15.945    31.7112    23.9451 -9.990e-29
 292.521331     16.091  37.046256    12.4880     5.2082     15.956    31.7107    23.9447 -9.990e-29
 292.521337     16.106  37.046310    12.4879     5.1989     15.971    31.7108    23.9448 -9.990e-29
 292.521343     16.130  37.045930    12.4871     5.1896     15.995    31.7111    23.9452 -9.990e-29
 292.521348     16.169  37.044615    12.4854     5.1947     16.033    31.7113    23.9456 -9.990e-29
 292.521354     16.217  37.042855    12.4833     5.1900     16.081    31.7114    23.9461 -9.990e-29
 292.521360     16.255  37.041110    12.4822     5.1848     16.119    31.7106    23.9457 -9.990e-29
 292.521366     16.265  37.040416    12.4824     5.1851     16.129    31.7098    23.9451 -9.990e-29
 292.521372     16.243  37.040971    12.4832     5.1916     16.107    31.7097    23.9448 -9.990e-29
 292.521377     16.199  37.041838    12.4840     5.2062     16.063    31.7098    23.9448 -9.990e-29
 292.521383     16.154  37.042495    12.4846     5.2102     16.019    31.7100    23.9448 -9.990e-29
 292.521389     16.121  37.043264    12.4852     5.2088     15.986    31.7102    23.9448 -9.990e-29
 292.521395     16.098  37.044616    12.4855     5.2174     15.963    31.7112    23.9456 -9.990e-29
 292.521400     16.083  37.046115    12.4855     5.2107     15.948    31.7127    23.9467 -9.990e-29
 292.521406     16.085  37.046964    12.4854     5.2099     15.950    31.7136    23.9474 -9.990e-29
 292.521412     16.103  37.047177    12.4854     5.2077     15.968    31.7138    23.9476 -9.990e-29
 292.521418     16.130  37.047042    12.4851     5.2101     15.995    31.7139    23.9477 -9.990e-29
 292.521424     16.159  37.046384    12.4842     5.2073     16.024    31.7140    23.9480 -9.990e-29
 292.521429     16.183  37.045448    12.4830     5.2122     16.047    31.7141    23.9483 -9.990e-29
 292.521435     16.200  37.044672    12.4823     5.2059     16.064    31.7140    23.9483 -9.990e-29
 292.521441     16.210  37.044143    12.4825     5.2098     16.074    31.7133    23.9477 -9.990e-29
 292.521447     16.215  37.044282    12.4835     5.2125     16.079    31.7126    23.9470 -9.990e-29
 292.521453     16.218  37.044716    12.4841     5.2179     16.082    31.7125    23.9468 -9.990e-29
 292.521458     16.229  37.044908    12.4836     5.2202     16.093    31.7131    23.9474 -9.990e-29
 292.521464     16.249  37.044559    12.4825     5.2245     16.113    31.7137    23.9480 -9.990e-29
 292.521470     16.266  37.043208    12.4815     5.2116     16.130    31.7132    23.9479 -9.990e-29
 292.521476     16.267  37.042419    12.4811     5.1996     16.131    31.7128    23.9476 -9.990e-29
 292.521481     16.258  37.043381    12.4815     5.1840     16.122    31.7134    23.9480 -9.990e-29
 292.521487     16.255  37.044581    12.4819     5.1811     16.119    31.7142    23.9485 -9.990e-29
 292.521493     16.266  37.044822    12.4819     5.1876     16.130    31.7144    23.9487 -9.990e-29
 292.521499     16.287  37.044430    12.4817     5.1991     16.150    31.7142    23.9486 -9.990e-29
 292.521505     16.313  37.044005    12.4816     5.2056     16.176    31.7139    23.9484 -9.990e-29
 292.521510     16.334  37.043546    12.4814     5.2055     16.197    31.7136    23.9482 -9.990e-29
 292.521516     16.350  37.043005    12.4806     5.1979     16.213    31.7137    23.9485 -9.990e-29
 292.521522     16.360  37.042785    12.4806     5.2005     16.223    31.7135    23.9483 -9.990e-29
 292.521528     16.360  37.043155    12.4818     5.2022     16.223    31.7129    23.9476 -9.990e-29
 292.521534     16.348  37.044053    12.4833     5.2101     16.211    31.7125    23.9470 -9.990e-29
 292.521539     16.322  37.044996    12.4845     5.2193     16.185    31.7124    23.9466 -9.990e-29
 292.521545     16.280  37.045566    12.4850     5.2177     16.143    31.7125    23.9467 -9.990e-29
 292.521551     16.224  37.045968    12.4849     5.2229     16.088    31.7130    23.9471 -9.990e-29
 292.521557     16.163  37.046181    12.4843     5.2203     16.027    31.7137    23.9477 -9.990e-29
 292.521563     16.111  37.045936    12.4836     5.2114     15.976    31.7141    23.9482 -9.990e-29
 292.521568     16.081  37.045470    12.4833     5.2149     15.946    31.7139    23.9481 -9.990e-29
 292.521574     16.083  37.044726    12.4832     5.2072     15.948    31.7133    23.9476 -9.990e-29
 292.521580     16.120  37.043838    12.4831     5.2070     15.985    31.7125    23.9470 -9.990e-29
 292.521586     16.175  37.043306    12.4828     5.2150     16.039    31.7122    23.9469 -9.990e-29
 292.521591     16.226  37.042986    12.4825     5.2086     16.090    31.7122    23.9469 -9.990e-29
 292.521597     16.259  37.043011    12.4824     5.2101     16.123    31.7123    23.9470 -9.990e-29
 292.521603     16.277  37.043420    12.4822     5.1960     16.141    31.7128    23.9474 -9.990e-29
 292.521609     16.290  37.043639    12.4820     5.1918     16.153    31.7132    23.9478 -9.990e-29
 292.521615     16.301  37.043405    12.4821     5.1880     16.164    31.7129    23.9475 -9.990e-29
 292.521620     16.309  37.042972    12.4824     5.1891     16.172    31.7122    23.9469 -9.990e-29
 292.521626     16.309  37.042885    12.4825     5.2008     16.172    31.7120    23.9468 -9.990e-29
 292.521632     16.305  37.043033    12.4824     5.1971     16.168    31.7123    23.9470 -9.990e-29
 292.521638     16.305  37.043056    12.4820     5.2053     16.168    31.7126    23.9473 -9.990e-29
 292.521644     16.314  37.042991    12.4816     5.2060     16.177    31.7129    23.9476 -9.990e-29
 292.521649     16.329  37.042755    12.4812     5.2113     16.192    31.7130    23.9478 -9.990e-29
 292.521655     16.341  37.042597    12.4810     5.2072     16.204    31.7130    23.9478 -9.990e-29
 292.521661     16.343  37.042868    12.4811     5.1962     16.206    31.7132    23.9479 -9.990e-29
 292.521667     16.334  37.043373    12.4813     5.1934     16.197    31.7135    23.9481 -9.990e-29
 292.521672     16.324  37.043670    12.4815     5.1920     16.187    31.7136    23.9482 -9.990e-29
 292.521678     16.320  37.043596    12.4815     5.1961     16.183    31.7136    23.9481 -9.990e-29
 292.521684     16.329  37.043058    12.4810     5.1991     16.192    31.7135    23.9482 -9.990e-29
 292.521690     16.358  37.041905    12.4796     5.2117     16.221    31.7135    23.9485 -9.990e-29
 292.521696     16.399  37.040283    12.4776     5.2082     16.261    31.7137    23.9490 -9.990e-29
 292.521701     16.433  37.038834    12.4765     5.2005     16.295    31.7132    23.9488 -9.990e-29
 292.521707     16.442  37.038431    12.4768     5.1967     16.304    31.7126    23.9483 -9.990e-29
 292.521713     16.416  37.039100    12.4778     5.1993     16.278    31.7124    23.9479 -9.990e-29
 292.521719     16.369  37.040053    12.4783     5.1918     16.232    31.7129    23.9482 -9.990e-29
 292.521725     16.321  37.040327    12.4782     5.1917     16.184    31.7132    23.9485 -9.990e-29
 292.521730     16.292  37.039731    12.4777     5.1902     16.155    31.7131    23.9485 -9.990e-29
 292.521736     16.288  37.039156    12.4771     5.1900     16.151    31.7131    23.9486 -9.990e-29
 292.521742     16.300  37.038962    12.4768     5.2014     16.163    31.7131    23.9487 -9.990e-29
 292.521748     16.321  37.038893    12.4765     5.2027     16.184    31.7133    23.9489 -9.990e-29
 292.521753     16.352  37.038861    12.4762     5.2093     16.215    31.7135    23.9491 -9.990e-29
 292.521759     16.386  37.038827    12.4758     5.2091     16.249    31.7138    23.9494 -9.990e-29
 292.521765     16.413  37.038749    12.4754     5.2130     16.275    31.7141    23.9497 -9.990e-29
 292.521771     16.430  37.038524    12.4754     5.2131     16.292    31.7138    23.9495 -9.990e-29
 292.521777     16.434  37.038417    12.4757     5.2042     16.296    31.7135    23.9492 -9.990e-29
 292.521782     16.416  37.038849    12.4762     5.2081     16.278    31.7135    23.9491 -9.990e-29
 292.521788     16.376  37.039278    12.4767     5.2074     16.239    31.7135    23.9490 -9.990e-29
 292.521794     16.324  37.039160    12.4772     5.2086     16.187    31.7130    23.9485 -9.990e-29
 292.521800     16.273  37.038904    12.4772     5.2097     16.137    31.7127    23.9483 -9.990e-29
 292.521806     16.233  37.038734    12.4770     5.1939     16.097    31.7128    23.9484 -9.990e-29
 292.521811     16.206  37.038428    12.4767     5.1911     16.070    31.7127    23.9484 -9.990e-29
 292.521817     16.195  37.038143    12.4765     5.1848     16.059    31.7126    23.9484 -9.990e-29
 292.521823     16.207  37.038063    12.4765     5.1794     16.071    31.7126    23.9483 -9.990e-29
 292.521829     16.243  37.038085    12.4764     5.1897     16.107    31.7126    23.9484 -9.990e-29
 292.521834     16.292  37.038242    12.4760     5.1924     16.155    31.7131    23.9488 -9.990e-29
 292.521840     16.346  37.038184    12.4758     5.2030     16.209    31.7132    23.9489 -9.990e-29
 292.521846     16.389  37.037838    12.4759     5.2118     16.252    31.7128    23.9486 -9.990e-29
 292.521852     16.399  37.037867    12.4764     5.2168     16.261    31.7124    23.9482 -9.990e-29
 292.521858     16.369  37.038310    12.4770     5.2168     16.232    31.7123    23.9480 -9.990e-29
 292.521863     16.309  37.038642    12.4771     5.1999     16.172    31.7126    23.9482 -9.990e-29
 292.521869     16.232  37.038751    12.4769     5.1931     16.096    31.7129    23.9485 -9.990e-29
 292.521875     16.147  37.038786    12.4770     5.1836     16.012    31.7128    23.9484 -9.990e-29
 292.521881     16.056  37.038798    12.4773     5.1836     15.921    31.7126    23.9482 -9.990e-29
 292.521887     15.963  37.038809    12.4774     5.1922     15.829    31.7126    23.9482 -9.990e-29
 292.521892     15.866  37.038837    12.4774     5.1992     15.733    31.7127    23.9482 -9.990e-29
 292.521898     15.753  37.038922    12.4776     5.2023     15.621    31.7126    23.9481 -9.990e-29
 292.521904     15.615  37.039183    12.4778     5.2070     15.484    31.7128    23.9482 0.0000e+00
 292.521910     15.450  37.039412    12.4781     5.2105     15.320    31.7128    23.9482 0.0000e+00
 292.521916     15.261  37.039358    12.4789     5.2159     15.133    31.7121    23.9475 0.0000e+00
 292.521921     15.041  37.039514    12.4807     5.2214     14.915    31.7109    23.9462 0.0000e+00
 292.521927     14.779  37.040094    12.4855     5.2243     14.655    31.7075    23.9426 0.0000e+00
 292.521933     14.476  37.041314    12.4966     5.2337     14.355    31.6994    23.9343 0.0000e+00
 292.521939     14.143  37.044807    12.5133     5.2374     14.024    31.6888    23.9229 0.0000e+00
 292.521944     13.793  37.051313    12.5282     5.2481     13.677    31.6825    23.9152 0.0000e+00
 292.521950     13.437  37.058869    12.5371     5.2450     13.324    31.6824    23.9134 0.0000e+00
