data/oxygen options/ONMS/Olympic_Coast_National_Marine_Sanctuary_CTD_Data_2005_2023/raw_data/2010/CAST_CA042_100210faed.cnv
* Sea-Bird SBE19 Data File:
* FileName = C:\Documents and Settings\OCNMS\Desktop\2010 mooring data\third service\CAST_CA042_100210.hex
* Software Version 1.24
* Temperature SN = 2997
* Conductivity SN = 2997
* System UpLoad Time = Oct 02 2010 16:56:29
** CAST_CA042_100210
* SEACAT PROFILER V3.1c SN 2997   10/02/10  16:54:53.261
# nquan = 9                                 
# nvalues = 642                         
# units = specified
# name 0 = timeJ: Julian Days
# name 1 = prSM: Pressure, Strain Gauge [db]
# name 2 = c0mS/cm: Conductivity [mS/cm]
# name 3 = t090C: Temperature [ITS-90, deg C]
# name 4 = sbeox0ML/L: Oxygen, SBE 43 [ml/l]
# name 5 = depSM: Depth [salt water, m], lat = 47.5
# name 6 = sal00: Salinity, Practical [PSU]
# name 7 = sigma-é00: Density [sigma-theta, kg/m^3]
# name 8 = flag: flag
# span 0 = 275.494977, 275.498686       
# span 1 =     -4.936,     42.638       
# span 2 =   0.017181,  37.972177       
# span 3 =     8.4873,    14.9209       
# span 4 =    -1.9447,    11.7247       
# span 5 =     -4.895,     42.278       
# span 6 =     0.0149,    33.2231       
# span 7 =    -0.8713,    25.8054       
# span 8 = 0.0000e+00, 0.0000e+00       
# interval = seconds: 0.5
# start_time = Oct 02 2010 11:52:46 [Instrument's time stamp, header]
# bad_flag = -9.990e-29
*END*
 275.494977     -4.936 -9.990e-29    14.8726    -1.9447     -4.895 -9.990e-29 -9.990e-29 -9.990e-29
 275.494983     -4.921   0.017181    14.8732    -1.9444     -4.880     0.0149    -0.8685 -9.990e-29
 275.494988     -4.901   0.017181    14.8751    -1.9443     -4.860     0.0149    -0.8687 -9.990e-29
 275.494994     -4.876   0.017181    14.8767    -1.9442     -4.835     0.0149    -0.8690 -9.990e-29
 275.495000     -4.848   0.017181    14.8777    -1.9441     -4.808     0.0149    -0.8691 -9.990e-29
 275.495006     -4.819   0.017182    14.8790    -1.9438     -4.779     0.0149    -0.8693 -9.990e-29
 275.495012     -4.788   0.017183    14.8807    -1.9436     -4.748     0.0149    -0.8696 -9.990e-29
 275.495017     -4.757   0.017187    14.8820    -1.9429     -4.717     0.0149    -0.8698 -9.990e-29
 275.495023     -4.728   0.017202    14.8831    -1.9426     -4.689     0.0149    -0.8699 -9.990e-29
 275.495029     -4.700   0.017248    14.8861    -1.9421     -4.661     0.0149    -0.8703 -9.990e-29
 275.495035     -4.670   0.017390    14.8903    -1.6105     -4.631     0.0150    -0.8709 -9.990e-29
 275.495041     -4.638   0.017818    14.8939    -1.6200     -4.599     0.0152    -0.8713 -9.990e-29
 275.495046     -4.600   0.019104    14.8975    -1.6225     -4.562     0.0158    -0.8713 -9.990e-29
 275.495052     -4.554   0.022964    14.9021    -1.6228     -4.516     0.0178    -0.8705 -9.990e-29
 275.495058     -4.502   0.034544    14.9079    -1.6226     -4.464     0.0240    -0.8666 -9.990e-29
 275.495064     -4.445   0.069286    14.9149    -1.6228     -4.408     0.0431    -0.8527 -9.990e-29
 275.495069     -4.379   0.173514    14.9209    -1.6218     -4.342     0.1036    -0.8067 -9.990e-29
 275.495075     -4.304   0.486200    14.9174    -1.6224     -4.268     0.2943    -0.6583 -9.990e-29
 275.495081     -4.229   1.424261    14.8843    -1.6231     -4.194     0.9003    -0.1847 -9.990e-29
 275.495087     -4.156   4.238447    14.7839    -1.6239     -4.121     2.8547     1.3370 -9.990e-29
 275.495093     -4.073  12.681007    14.6309    -1.6231     -4.039     9.2828     6.2961 -9.990e-29
 275.495098     -3.971  25.332743    14.5083    -1.6227     -3.938    19.7785    14.3656 -9.990e-29
 275.495104     -3.856  33.749404    14.4473    -1.6228     -3.824    27.1725    20.0588 -9.990e-29
 275.495110     -3.736  36.555138    14.4245    -1.6234     -3.705    29.7058    22.0137 -9.990e-29
 275.495116     -3.623  37.512775    14.4254    -1.6236     -3.593    30.5711    22.6802 -9.990e-29
 275.495122     -3.521  37.842574    14.4325    -1.6240     -3.492    30.8644    22.9048 -9.990e-29
 275.495127     -3.429  37.942253    14.4266    -1.6236     -3.400    30.9596    22.9794 -9.990e-29
 275.495133     -3.345  37.964914    14.4121    -1.6231     -3.317    30.9917    23.0071 -9.990e-29
 275.495139     -3.271  37.972177    14.4079    -1.6228     -3.244    31.0016    23.0157 -9.990e-29
 275.495145     -3.213  37.971503    14.4164    -1.6233     -3.186    30.9942    23.0082 -9.990e-29
 275.495150     -3.170  37.959207    14.4249    -1.6237     -3.144    30.9762    22.9926 -9.990e-29
 275.495156     -3.135  37.947492    14.4230    -1.6238     -3.109    30.9671    22.9859 -9.990e-29
 275.495162     -3.103  37.941496    14.4121    -1.6238     -3.077    30.9703    22.9907 -9.990e-29
 275.495168     -3.071  37.938294    14.4023    -1.6237     -3.045    30.9753    22.9965 -9.990e-29
 275.495174     -3.036  37.939798    14.4009    -1.6237     -3.011    30.9777    22.9987 -9.990e-29
 275.495179     -3.002  37.940187    14.4069    -1.6233     -2.977    30.9733    22.9940 -9.990e-29
 275.495185     -2.970  37.934951    14.4123    -1.6232     -2.945    30.9642    22.9859 -9.990e-29
 275.495191     -2.938  37.934500    14.4113    -1.6231     -2.914    30.9646    22.9864 -9.990e-29
 275.495197     -2.908  37.947782    14.4063    -1.6232     -2.884    30.9806    22.9998 -9.990e-29
 275.495203     -2.882  37.962267    14.4017    -1.6238     -2.858    30.9974    23.0137 -9.990e-29
 275.495208     -2.860  37.959739    14.3989    -1.6239     -2.836    30.9974    23.0143 -9.990e-29
 275.495214     -2.840  37.945812    14.3978    -1.6233     -2.816    30.9856    23.0054 -9.990e-29
 275.495220     -2.820  37.937242    14.4003    -1.6233     -2.796    30.9758    22.9973 -9.990e-29
 275.495226     -2.798  37.936633    14.4075    -1.6236     -2.775    30.9695    22.9910 -9.990e-29
 275.495231     -2.775  37.934785    14.4152    -1.6236     -2.752    30.9616    22.9833 -9.990e-29
 275.495237     -2.748  37.929254    14.4174    -1.6236     -2.725    30.9549    22.9777 -9.990e-29
 275.495243     -2.716  37.928938    14.4137    -1.6237     -2.693    30.9575    22.9805 -9.990e-29
 275.495249     -2.680  37.939605    14.4092    -1.6239     -2.658    30.9708    22.9916 -9.990e-29
 275.495255     -2.647  37.953641    14.4069    -1.6241     -2.625    30.9854    23.0033 -9.990e-29
 275.495260     -2.620  37.952794    14.4053    -1.6239     -2.598    30.9859    23.0041 -9.990e-29
 275.495266     -2.596  37.939313    14.4033    -1.6237     -2.574    30.9752    22.9963 -9.990e-29
 275.495272     -2.574  37.940075    14.4029    -1.6238     -2.553    30.9762    22.9971 -9.990e-29
 275.495278     -2.558  37.957799    14.4060    -1.6239     -2.537    30.9898    23.0070 -9.990e-29
 275.495284     -2.549  37.963456    14.4093    -1.6238     -2.528    30.9923    23.0082 -9.990e-29
 275.495289     -2.544  37.947238    14.4086    -1.6239     -2.523    30.9781    22.9974 -9.990e-29
 275.495295     -2.537  37.929570    14.4047    -1.6242     -2.516    30.9652    22.9883 -9.990e-29
 275.495301     -2.528  37.922781    14.4000    -1.6238     -2.507    30.9628    22.9874 -9.990e-29
 275.495307     -2.518  37.921763    14.3957    -1.6238     -2.497    30.9653    22.9902 -9.990e-29
 275.495313     -2.504  37.921255    14.3925    -1.6236     -2.483    30.9674    22.9925 -9.990e-29
 275.495318     -2.487  37.925643    14.3921    -1.6238     -2.466    30.9717    22.9959 -9.990e-29
 275.495324     -2.460  37.938554    14.3954    -1.6242     -2.439    30.9808    23.0022 -9.990e-29
 275.495330     -2.422  37.948642    14.4007    -1.6245     -2.402    30.9857    23.0049 -9.990e-29
 275.495336     -2.384  37.943599    14.4036    -1.6238     -2.364    30.9788    22.9990 -9.990e-29
 275.495341     -2.352  37.929051    14.4009    -1.6238     -2.332    30.9677    22.9910 -9.990e-29
 275.495347     -2.323  37.919244    14.3957    -1.6237     -2.304    30.9630    22.9884 -9.990e-29
 275.495353     -2.296  37.919616    14.3927    -1.6240     -2.277    30.9657    22.9911 -9.990e-29
 275.495359     -2.269  37.930684    14.3929    -1.6243     -2.250    30.9756    22.9987 -9.990e-29
 275.495365     -2.245  37.947608    14.3950    -1.6244     -2.226    30.9893    23.0088 -9.990e-29
 275.495370     -2.227  37.957107    14.3967    -1.6243     -2.208    30.9965    23.0141 -9.990e-29
 275.495376     -2.208  37.951692    14.3961    -1.6238     -2.190    30.9921    23.0108 -9.990e-29
 275.495382     -2.183  37.933690    14.3937    -1.6237     -2.165    30.9776    23.0001 -9.990e-29
 275.495388     -2.152  37.916106    14.3922    -1.6232     -2.134    30.9628    22.9890 -9.990e-29
 275.495394     -2.116  37.919226    14.3925    -1.6241     -2.098    30.9654    22.9910 -9.990e-29
 275.495399     -2.081  37.940502    14.3940     9.1837     -2.064    30.9835    23.0046 -9.990e-29
 275.495405     -2.049  37.955085    14.3956    11.5423     -2.032    30.9955    23.0135 -9.990e-29
 275.495411     -2.020  37.950495    14.3957    11.7247     -2.003    30.9912    23.0102 -9.990e-29
 275.495417     -1.990  37.931282    14.3948     9.9966     -1.973    30.9745    22.9975 -9.990e-29
 275.495422     -1.962  37.912756    14.3941     6.2109     -1.946    30.9582    22.9851 -9.990e-29
 275.495428     -1.938  37.908343    14.3935     6.5236     -1.922    30.9547    22.9825 -9.990e-29
 275.495434     -1.917  37.921703    14.3935     6.7642     -1.901    30.9668    22.9918 -9.990e-29
 275.495440     -1.903  37.946574    14.3944     6.8271     -1.887    30.9887    23.0085 -9.990e-29
 275.495446     -1.897  37.966822    14.3949     6.8211     -1.881    31.0067    23.0223 -9.990e-29
 275.495451     -1.897  37.962392    14.3950     6.7893     -1.881    31.0026    23.0191 -9.990e-29
 275.495457     -1.892  37.925154    14.3952     6.7696     -1.876    30.9686    22.9928 -9.990e-29
 275.495463     -1.880  37.880572    14.3953     6.7513     -1.864    30.9280    22.9615 -9.990e-29
 275.495469     -1.862  37.854964    14.3949     6.7328     -1.846    30.9050    22.9439 -9.990e-29
 275.495475     -1.842  37.845026    14.3944     6.7144     -1.827    30.8964    22.9374 -9.990e-29
 275.495480     -1.819  37.840890    14.3944     6.6953     -1.804    30.8926    22.9345 -9.990e-29
 275.495486     -1.796  37.839863    14.3955     6.6895     -1.781    30.8908    22.9329 -9.990e-29
 275.495492     -1.776  37.840596    14.3970     6.6772     -1.761    30.8903    22.9321 -9.990e-29
 275.495498     -1.757  37.841283    14.3977     6.6746     -1.742    30.8903    22.9320 -9.990e-29
 275.495503     -1.738  37.841178    14.3975     6.6666     -1.724    30.8904    22.9321 -9.990e-29
 275.495509     -1.718  37.840161    14.3970     6.6605     -1.704    30.8899    22.9318 -9.990e-29
 275.495515     -1.695  37.839699    14.3974     6.6550     -1.681    30.8891    22.9312 -9.990e-29
 275.495521     -1.673  37.840876    14.3989     6.6539     -1.659    30.8890    22.9307 -9.990e-29
 275.495527     -1.654  37.842479    14.4005     6.6624     -1.640    30.8892    22.9305 -9.990e-29
 275.495532     -1.637  37.843303    14.4016     6.6676     -1.623    30.8890    22.9302 -9.990e-29
 275.495538     -1.621  37.842786    14.4022     6.6805     -1.607    30.8881    22.9294 -9.990e-29
 275.495544     -1.601  37.839698    14.4023     6.6923     -1.588    30.8852    22.9271 -9.990e-29
 275.495550     -1.575  37.832744    14.4017     6.6965     -1.562    30.8793    22.9227 -9.990e-29
 275.495556     -1.550  37.826682    14.4000     6.7038     -1.537    30.8752    22.9199 -9.990e-29
 275.495561     -1.530  37.826900    14.3966     6.6993     -1.517    30.8781    22.9228 -9.990e-29
 275.495567     -1.512  37.827541    14.3916     6.6988     -1.499    30.8826    22.9274 -9.990e-29
 275.495573     -1.496  37.822197    14.3871     6.6949     -1.484    30.8814    22.9273 -9.990e-29
 275.495579     -1.480  37.815529    14.3862     6.6784     -1.468    30.8760    22.9234 -9.990e-29
 275.495584     -1.465  37.815474    14.3868     6.6755     -1.453    30.8755    22.9228 -9.990e-29
 275.495590     -1.448  37.819738    14.3825     6.6852     -1.436    30.8828    22.9294 -9.990e-29
 275.495596     -1.428  37.818337    14.3728     6.6900     -1.416    30.8892    22.9363 -9.990e-29
 275.495602     -1.405  37.812223    14.3652     6.7005     -1.393    30.8897    22.9383 -9.990e-29
 275.495608     -1.381  37.808955    14.3633     6.7050     -1.369    30.8883    22.9376 -9.990e-29
 275.495613     -1.363  37.809235    14.3645     6.7012     -1.352    30.8876    22.9368 -9.990e-29
 275.495619     -1.355  37.811773    14.3669     6.6995     -1.344    30.8880    22.9366 -9.990e-29
 275.495625     -1.351  37.813810    14.3692     6.7015     -1.340    30.8880    22.9361 -9.990e-29
 275.495631     -1.342  37.813599    14.3698     6.6997     -1.331    30.8873    22.9355 -9.990e-29
 275.495637     -1.325  37.812001    14.3686     6.6934     -1.314    30.8868    22.9353 -9.990e-29
 275.495642     -1.301  37.810268    14.3673     6.7030     -1.290    30.8862    22.9352 -9.990e-29
 275.495648     -1.279  37.810593    14.3671     6.7027     -1.268    30.8867    22.9356 -9.990e-29
 275.495654     -1.261  37.811747    14.3677     6.6917     -1.250    30.8873    22.9359 -9.990e-29
 275.495660     -1.245  37.811924    14.3691     6.6831     -1.235    30.8863    22.9348 -9.990e-29
 275.495666     -1.231  37.813061    14.3716     6.6713     -1.221    30.8853    22.9336 -9.990e-29
 275.495671     -1.218  37.815575    14.3746     6.6671     -1.208    30.8852    22.9329 -9.990e-29
 275.495677     -1.206  37.818354    14.3776     6.6836     -1.196    30.8853    22.9324 -9.990e-29
 275.495683     -1.192  37.822321    14.3806     6.6776     -1.182    30.8865    22.9327 -9.990e-29
 275.495689     -1.176  37.827743    14.3837     6.6725     -1.166    30.8890    22.9339 -9.990e-29
 275.495694     -1.159  37.832344    14.3868     6.6718     -1.149    30.8907    22.9346 -9.990e-29
 275.495700     -1.141  37.834244    14.3890     6.6705     -1.131    30.8907    22.9341 -9.990e-29
 275.495706     -1.132  37.834291    14.3902     6.6830     -1.123    30.8897    22.9331 -9.990e-29
 275.495712     -1.130  37.833998    14.3913     6.6866     -1.121    30.8886    22.9320 -9.990e-29
 275.495718     -1.123  37.834020    14.3925     6.6865     -1.114    30.8877    22.9311 -9.990e-29
 275.495723     -1.102  37.833559    14.3925     6.6965     -1.093    30.8872    22.9307 -9.990e-29
 275.495729     -1.073  37.831363    14.3914     6.6898     -1.064    30.8861    22.9301 -9.990e-29
 275.495735     -1.047  37.829474    14.3906     6.6945     -1.038    30.8850    22.9294 -9.990e-29
 275.495741     -1.029  37.829777    14.3901     6.6933     -1.020    30.8857    22.9300 -9.990e-29
 275.495747     -1.015  37.829800    14.3879     6.6842     -1.007    30.8875    22.9319 -9.990e-29
 275.495752     -1.001  37.826695    14.3833     6.6845     -0.993    30.8883    22.9335 -9.990e-29
 275.495758     -0.983  37.821850    14.3785     6.6771     -0.975    30.8877    22.9340 -9.990e-29
 275.495764     -0.966  37.819938    14.3761     6.6770     -0.958    30.8879    22.9346 -9.990e-29
 275.495770     -0.959  37.821133    14.3769     6.6964     -0.951    30.8883    22.9348 -9.990e-29
 275.495775     -0.957  37.822469    14.3798     6.7005     -0.949    30.8872    22.9334 -9.990e-29
 275.495781     -0.956  37.823971    14.3830     6.7086     -0.948    30.8860    22.9318 -9.990e-29
 275.495787     -0.951  37.826444    14.3856     6.7002     -0.943    30.8862    22.9314 -9.990e-29
 275.495793     -0.938  37.828628    14.3869     6.6920     -0.930    30.8872    22.9318 -9.990e-29
 275.495799     -0.920  37.828316    14.3866     6.6906     -0.912    30.8871    22.9319 -9.990e-29
 275.495804     -0.901  37.825577    14.3846     6.6834     -0.893    30.8862    22.9316 -9.990e-29
 275.495810     -0.878  37.821726    14.3815     6.7025     -0.871    30.8852    22.9314 -9.990e-29
 275.495816     -0.855  37.819398    14.3801     6.7004     -0.848    30.8842    22.9309 -9.990e-29
 275.495822     -0.840  37.821578    14.3819     6.7068     -0.833    30.8847    22.9310 -9.990e-29
 275.495828     -0.830  37.826610    14.3850     6.7071     -0.823    30.8868    22.9320 -9.990e-29
 275.495833     -0.817  37.831040    14.3878     6.7007     -0.810    30.8886    22.9328 -9.990e-29
 275.495839     -0.801  37.833978    14.3895     6.7074     -0.794    30.8899    22.9334 -9.990e-29
 275.495845     -0.787  37.835342    14.3902     6.7007     -0.780    30.8906    22.9338 -9.990e-29
 275.495851     -0.781  37.835755    14.3906     6.7117     -0.774    30.8906    22.9337 -9.990e-29
 275.495856     -0.777  37.836250    14.3911     6.7013     -0.771    30.8907    22.9337 -9.990e-29
 275.495862     -0.767  37.836852    14.3915     6.6978     -0.761    30.8909    22.9338 -9.990e-29
 275.495868     -0.745  37.836609    14.3910     6.6977     -0.739    30.8911    22.9340 -9.990e-29
 275.495874     -0.714  37.834558    14.3894     6.6901     -0.708    30.8905    22.9339 -9.990e-29
 275.495880     -0.682  37.832374    14.3886     6.6929     -0.676    30.8891    22.9330 -9.990e-29
 275.495885     -0.654  37.832110    14.3894     6.6925     -0.649    30.8882    22.9321 -9.990e-29
 275.495891     -0.633  37.832778    14.3903     6.7053     -0.628    30.8881    22.9319 -9.990e-29
 275.495897     -0.609  37.832951    14.3900     6.7117     -0.604    30.8885    22.9322 -9.990e-29
