data/oxygen options/ONMS/Olympic_Coast_National_Marine_Sanctuary_CTD_Data_2005_2023/raw_data/2010/CAST_CE015_101310faed.cnv
* Sea-Bird SBE19 Data File:
* FileName = C:\Documents and Settings\OCNMS\Desktop\2010 mooring data\fourth service\CAST_CE015_101310.hex
* Software Version 1.24
* Temperature SN = 2997
* Conductivity SN = 2997
* System UpLoad Time = Oct 13 2010 13:55:59
** CAST_CE015_101310
* SEACAT PROFILER V3.1c SN 2997   10/13/10  13:54:40.075
# nquan = 9                                 
# nvalues = 644                         
# units = specified
# name 0 = timeJ: Julian Days
# name 1 = prSM: Pressure, Strain Gauge [db]
# name 2 = c0mS/cm: Conductivity [mS/cm]
# name 3 = t090C: Temperature [ITS-90, deg C]
# name 4 = sbeox0ML/L: Oxygen, SBE 43 [ml/l]
# name 5 = depSM: Depth [salt water, m], lat = 47.5
# name 6 = sal00: Salinity, Practical [PSU]
# name 7 = sigma-é00: Density [sigma-theta, kg/m^3]
# name 8 = flag: flag
# span 0 = 286.528218, 286.531939       
# span 1 =     -4.493,     16.307       
# span 2 =   1.991000,  36.971699       
# span 3 =    13.5468,    13.9629       
# span 4 =    -1.6662,    12.3563       
# span 5 =     -4.456,     16.170       
# span 6 =     1.4968,    30.5941       
# span 7 =     0.4696,    22.8335       
# span 8 = 0.0000e+00, 0.0000e+00       
# interval = seconds: 0.5
# start_time = Oct 13 2010 12:40:38 [Instrument's time stamp, header]
# bad_flag = -9.990e-29
*END*
 286.528218     -4.493 -9.990e-29    13.8905    -1.6649     -4.456 -9.990e-29 -9.990e-29 -9.990e-29
 286.528223     -4.432  34.867335    13.8753    -1.6646     -4.395    28.5917    21.2655 -9.990e-29
 286.528229     -4.366  34.918210    13.8615    -1.6656     -4.330    28.6482    21.3118 -9.990e-29
 286.528235     -4.294  34.982733    13.8554    -1.6654     -4.258    28.7114    21.3617 -9.990e-29
 286.528241     -4.217  35.022622    13.8545    -1.6651     -4.182    28.7484    21.3904 -9.990e-29
 286.528247     -4.141  35.031146    13.8540    -1.6644     -4.106    28.7565    21.3967 -9.990e-29
 286.528252     -4.077  35.022506    13.8508    -1.6644     -4.043    28.7510    21.3931 -9.990e-29
 286.528258     -4.022  34.996528    13.8436    -1.6651     -3.988    28.7327    21.3805 -9.990e-29
 286.528264     -3.975  34.975928    13.8346    -1.6640     -3.942    28.7207    21.3729 -9.990e-29
 286.528270     -3.931  34.989476    13.8246    -1.6639     -3.898    28.7405    21.3902 -9.990e-29
 286.528275     -3.889  35.009542    13.8124    -1.6633     -3.857    28.7679    21.4137 -9.990e-29
 286.528281     -3.850  35.021664    13.8018    -1.6635     -3.818    28.7868    21.4304 -9.990e-29
 286.528287     -3.819  35.034946    13.7981    -1.6633     -3.787    28.8017    21.4426 -9.990e-29
 286.528293     -3.800  35.040440    13.8028    -1.6636     -3.768    28.8032    21.4428 -9.990e-29
 286.528299     -3.787  35.045691    13.8128    -1.6631     -3.755    28.8005    21.4388 -9.990e-29
 286.528304     -3.770  35.055683    13.8234    -1.6627     -3.739    28.8016    21.4376 -9.990e-29
 286.528310     -3.748  35.058206    13.8329    -1.6625     -3.717    28.7968    21.4320 -9.990e-29
 286.528316     -3.729  35.042849    13.8417    -1.6623     -3.698    28.7762    21.4144 -9.990e-29
 286.528322     -3.715  35.027436    13.8483    -1.6646     -3.684    28.7572    21.3984 -9.990e-29
 286.528328     -3.701  35.033633    13.8511    -1.6646     -3.670    28.7608    21.4006 -9.990e-29
 286.528333     -3.678  35.052010    13.8511    -1.6641     -3.647    28.7775    21.4135 -9.990e-29
 286.528339     -3.645  35.071459    13.8507    -1.6643     -3.615    28.7955    21.4275 -9.990e-29
 286.528345     -3.608  35.086217    13.8524    -1.6645     -3.578    28.8076    21.4365 -9.990e-29
 286.528351     -3.569  35.093787    13.8580    -1.6645     -3.539    28.8103    21.4375 -9.990e-29
 286.528356     -3.529  35.099446    13.8660    -1.6647     -3.500    28.8095    21.4352 -9.990e-29
 286.528362     -3.495  35.107602    13.8727    -1.6648     -3.466    28.8119    21.4358 -9.990e-29
 286.528368     -3.468  35.111436    13.8773    -1.6640     -3.439    28.8119    21.4349 -9.990e-29
 286.528374     -3.444  35.099486    13.8788    -1.6644     -3.415    28.7999    21.4253 -9.990e-29
 286.528380     -3.411  35.048764    13.8732    -1.6648     -3.383    28.7579    21.3941 -9.990e-29
 286.528385     -3.367  34.974729    13.8614    -1.6648     -3.339    28.6993    21.3512 -9.990e-29
 286.528391     -3.319  34.949658    13.8525    -1.6644     -3.291    28.6832    21.3405 -9.990e-29
 286.528397     -3.272  34.977297    13.8507    -1.6647     -3.245    28.7096    21.3613 -9.990e-29
 286.528403     -3.231  34.997296    13.8516    -1.6635     -3.204    28.7272    21.3746 -9.990e-29
 286.528409     -3.199  34.993428    13.8529    -1.6638     -3.172    28.7227    21.3709 -9.990e-29
 286.528414     -3.168  34.982595    13.8556    -1.6651     -3.142    28.7108    21.3612 -9.990e-29
 286.528420     -3.128  34.971851    13.8592    -1.6649     -3.102    28.6983    21.3509 -9.990e-29
 286.528426     -3.077  34.970608    13.8621    -1.6646     -3.051    28.6950    21.3477 -9.990e-29
 286.528432     -3.025  34.976311    13.8641    -1.6640     -3.000    28.6987    21.3502 -9.990e-29
 286.528438     -2.980  34.966552    13.8646    -1.6641     -2.955    28.6894    21.3429 -9.990e-29
 286.528443     -2.940  34.946457    13.8626    -1.6645     -2.915    28.6726    21.3304 -9.990e-29
 286.528449     -2.894  34.942641    13.8594    -1.6649     -2.870    28.6715    21.3302 -9.990e-29
 286.528455     -2.840  34.959757    13.8578    -1.6642     -2.816    28.6882    21.3434 -9.990e-29
 286.528461     -2.785  34.991733    13.8577    -1.6636     -2.762    28.7174    21.3659 -9.990e-29
 286.528466     -2.745  35.022079    13.8583    -1.6650     -2.722    28.7445    21.3867 -9.990e-29
 286.528472     -2.721  35.012538    13.8594    -1.6658     -2.698    28.7350    21.3792 -9.990e-29
 286.528478     -2.697  34.973005    13.8602    -1.6662     -2.675    28.6984    21.3508 -9.990e-29
 286.528484     -2.665  34.956804    13.8606    -1.6659     -2.643    28.6834    21.3391 -9.990e-29
 286.528490     -2.627  34.973906    13.8615    -1.6657     -2.605    28.6983    21.3504 -9.990e-29
 286.528495     -2.588  34.995271    13.8633    -1.6657     -2.566    28.7163    21.3640 -9.990e-29
 286.528501     -2.551  34.994742    13.8657    -1.6650     -2.530    28.7141    21.3618 -9.990e-29
 286.528507     -2.513  34.975195    13.8684    -1.6662     -2.492    28.6942    21.3459 -9.990e-29
 286.528513     -2.477  34.964534    13.8704    -1.6656     -2.456    28.6830    21.3369 -9.990e-29
 286.528519     -2.443  34.972280    13.8713    -1.6652     -2.423    28.6894    21.3416 -9.990e-29
 286.528524     -2.410  34.960838    13.8712    -1.6654     -2.390    28.6791    21.3337 -9.990e-29
 286.528530     -2.380  34.906777    13.8704    -1.6662     -2.360    28.6305    21.2964 -9.990e-29
 286.528536     -2.355  34.846282    13.8687     9.6535     -2.335    28.5767    21.2553 -9.990e-29
 286.528542     -2.339  34.815354    13.8646    12.2217     -2.319    28.5516    21.2368 -9.990e-29
 286.528547     -2.329  34.816081    13.8580    12.3563     -2.310    28.5572    21.2423 -9.990e-29
 286.528553     -2.318  34.836779    13.8526    10.3731     -2.299    28.5800    21.2610 -9.990e-29
 286.528559     -2.303  34.869439    13.8518     6.1878     -2.284    28.6103    21.2845 -9.990e-29
 286.528565     -2.290  34.888413    13.8544     6.3553     -2.271    28.6257    21.2958 -9.990e-29
 286.528571     -2.275  34.881151    13.8572     6.5518     -2.256    28.6170    21.2886 -9.990e-29
 286.528576     -2.260  34.880177    13.8585     6.6258     -2.241    28.6151    21.2869 -9.990e-29
 286.528582     -2.242  34.887215    13.8585     6.6247     -2.223    28.6215    21.2918 -9.990e-29
 286.528588     -2.221  34.881080    13.8580     6.6118     -2.202    28.6163    21.2879 -9.990e-29
 286.528594     -2.196  34.887963    13.8577     6.5908     -2.178    28.6228    21.2929 -9.990e-29
 286.528600     -2.164  34.925099    13.8583     6.5661     -2.146    28.6561    21.3185 -9.990e-29
 286.528605     -2.128  34.955455    13.8598     6.5439     -2.110    28.6826    21.3386 -9.990e-29
 286.528611     -2.094  34.959271    13.8625     6.5199     -2.077    28.6840    21.3392 -9.990e-29
 286.528617     -2.065  34.949134    13.8662     6.5060     -2.048    28.6720    21.3293 -9.990e-29
 286.528623     -2.038  34.941417    13.8695     6.4939     -2.021    28.6625    21.3213 -9.990e-29
 286.528628     -2.017  34.942846    13.8727     6.5024     -2.000    28.6614    21.3198 -9.990e-29
 286.528634     -2.003  34.944353    13.8758     6.5056     -1.986    28.6605    21.3185 -9.990e-29
 286.528640     -1.992  34.943132    13.8779     6.5065     -1.975    28.6578    21.3160 -9.990e-29
 286.528646     -1.979  34.939456    13.8786     6.5063     -1.962    28.6539    21.3129 -9.990e-29
 286.528652     -1.963  34.937602    13.8780     6.5068     -1.947    28.6527    21.3120 -9.990e-29
 286.528657     -1.943  34.942596    13.8764     6.5029     -1.927    28.6584    21.3168 -9.990e-29
 286.528663     -1.919  34.942846    13.8750     6.5074     -1.903    28.6597    21.3180 -9.990e-29
 286.528669     -1.891  34.933309    13.8752     6.5175     -1.875    28.6509    21.3112 -9.990e-29
 286.528675     -1.868  34.926121    13.8768     6.5163     -1.852    28.6431    21.3049 -9.990e-29
 286.528681     -1.852  34.924791    13.8789     6.5269     -1.837    28.6403    21.3023 -9.990e-29
 286.528686     -1.838  34.918813    13.8811     6.5087     -1.823    28.6333    21.2964 -9.990e-29
 286.528692     -1.821  34.906594    13.8827     6.4893     -1.806    28.6210    21.2866 -9.990e-29
 286.528698     -1.803  34.901172    13.8832     6.4904     -1.788    28.6157    21.2824 -9.990e-29
 286.528704     -1.789  34.904494    13.8830     6.4917     -1.774    28.6188    21.2849 -9.990e-29
 286.528709     -1.776  34.908338    13.8824     6.4857     -1.761    28.6228    21.2881 -9.990e-29
 286.528715     -1.765  34.911892    13.8821     6.4975     -1.750    28.6262    21.2908 -9.990e-29
 286.528721     -1.750  34.918438    13.8824     6.4967     -1.735    28.6319    21.2952 -9.990e-29
 286.528727     -1.726  34.926851    13.8833     6.5128     -1.712    28.6389    21.3004 -9.990e-29
 286.528733     -1.696  34.926742    13.8848     6.5301     -1.682    28.6377    21.2991 -9.990e-29
 286.528738     -1.666  34.915387    13.8857     6.5340     -1.652    28.6267    21.2905 -9.990e-29
 286.528744     -1.644  34.905851    13.8862     6.5451     -1.630    28.6176    21.2834 -9.990e-29
 286.528750     -1.628  34.903555    13.8875     6.5333     -1.614    28.6146    21.2808 -9.990e-29
 286.528756     -1.607  34.899500    13.8905     6.5450     -1.594    28.6086    21.2756 -9.990e-29
 286.528762     -1.582  34.885145    13.8954     6.5444     -1.569    28.5919    21.2618 -9.990e-29
 286.528767     -1.558  34.866198    13.9000     6.5598     -1.545    28.5713    21.2449 -9.990e-29
 286.528773     -1.538  34.859595    13.9015     6.5616     -1.525    28.5642    21.2392 -9.990e-29
 286.528779     -1.522  34.866828    13.9006     6.5545     -1.509    28.5714    21.2449 -9.990e-29
 286.528785     -1.508  34.873136    13.9000     6.5515     -1.495    28.5776    21.2498 -9.990e-29
 286.528791     -1.496  34.872041    13.9003     6.5502     -1.484    28.5764    21.2488 -9.990e-29
 286.528796     -1.484  34.867898    13.9009     6.5566     -1.472    28.5721    21.2454 -9.990e-29
 286.528802     -1.473  34.864921    13.9015     6.5582     -1.461    28.5690    21.2429 -9.990e-29
 286.528808     -1.460  34.864958    13.9018     6.5699     -1.448    28.5688    21.2427 -9.990e-29
 286.528814     -1.446  34.865481    13.9026     6.5733     -1.434    28.5687    21.2424 -9.990e-29
 286.528819     -1.429  34.860692    13.9045     6.5858     -1.417    28.5629    21.2376 -9.990e-29
 286.528825     -1.413  34.850583    13.9071     6.5921     -1.401    28.5518    21.2285 -9.990e-29
 286.528831     -1.400  34.840926    13.9103     6.5994     -1.388    28.5406    21.2193 -9.990e-29
 286.528837     -1.387  34.833059    13.9137     6.5964     -1.375    28.5310    21.2112 -9.990e-29
 286.528843     -1.371  34.822310    13.9169     6.5964     -1.360    28.5188    21.2012 -9.990e-29
 286.528848     -1.357  34.810239    13.9195     6.5931     -1.346    28.5059    21.1907 -9.990e-29
 286.528854     -1.343  34.804477    13.9215     6.5912     -1.332    28.4992    21.1852 -9.990e-29
 286.528860     -1.332  34.804279    13.9240     6.5951     -1.321    28.4972    21.1831 -9.990e-29
 286.528866     -1.325  34.800090    13.9263     6.6053     -1.314    28.4917    21.1784 -9.990e-29
 286.528872     -1.311  34.793259    13.9271     6.5874     -1.300    28.4849    21.1730 -9.990e-29
 286.528877     -1.291  34.789454    13.9277     6.5761     -1.280    28.4810    21.1699 -9.990e-29
 286.528883     -1.271  34.784941    13.9293     6.5797     -1.260    28.4757    21.1655 -9.990e-29
 286.528889     -1.255  34.780637    13.9311     6.5807     -1.245    28.4705    21.1611 -9.990e-29
 286.528895     -1.242  34.779977    13.9322     6.5925     -1.232    28.4690    21.1598 -9.990e-29
 286.528900     -1.229  34.781742    13.9319     6.5888     -1.219    28.4709    21.1612 -9.990e-29
 286.528906     -1.218  34.785149    13.9289     6.5972     -1.208    28.4762    21.1659 -9.990e-29
 286.528912     -1.206  34.796642    13.9237     6.5960     -1.196    28.4904    21.1779 -9.990e-29
 286.528918     -1.198  34.809381    13.9204     6.6056     -1.188    28.5044    21.1894 -9.990e-29
 286.528924     -1.194  34.805872    13.9198     6.6197     -1.184    28.5017    21.1874 -9.990e-29
 286.528929     -1.183  34.795086    13.9187     6.6061     -1.173    28.4927    21.1807 -9.990e-29
 286.528935     -1.167  34.786928    13.9171     6.5767     -1.157    28.4865    21.1762 -9.990e-29
 286.528941     -1.147  34.777048    13.9187     6.5223     -1.137    28.4763    21.1681 -9.990e-29
 286.528947     -1.122  34.767505    13.9231     6.4931     -1.113    28.4644    21.1580 -9.990e-29
 286.528953     -1.096  34.766579    13.9255     6.4697     -1.087    28.4618    21.1555 -9.990e-29
 286.528958     -1.075  34.779308    13.9241     6.4825     -1.066    28.4744    21.1655 -9.990e-29
 286.528964     -1.063  34.805583    13.9163     6.5105     -1.054    28.5040    21.1899 -9.990e-29
 286.528970     -1.053  34.864269    13.8979     6.5258     -1.044    28.5709    21.2451 -9.990e-29
 286.528976     -1.037  34.955324    13.8770     6.5531     -1.028    28.6692    21.3250 -9.990e-29
 286.528981     -1.014  35.006581    13.8727     6.5651     -1.006    28.7191    21.3643 -9.990e-29
 286.528987     -0.991  34.974512    13.8878     6.5785     -0.983    28.6786    21.3301 -9.990e-29
 286.528993     -0.971  34.911551    13.9066     6.5794     -0.963    28.6074    21.2715 -9.990e-29
 286.528999     -0.952  34.867557    13.9183     6.5764     -0.944    28.5587    21.2317 -9.990e-29
 286.529005     -0.934  34.838779    13.9230     6.5839     -0.926    28.5291    21.2079 -9.990e-29
 286.529010     -0.914  34.820486    13.9246     6.5801     -0.906    28.5113    21.1939 -9.990e-29
 286.529016     -0.893  34.814651    13.9278     6.5745     -0.886    28.5036    21.1873 -9.990e-29
 286.529022     -0.868  34.807955    13.9333     6.5785     -0.861    28.4935    21.1784 -9.990e-29
 286.529028     -0.843  34.796563    13.9382     6.5630     -0.836    28.4795    21.1667 -9.990e-29
 286.529034     -0.819  34.785493    13.9419     6.5671     -0.812    28.4667    21.1561 -9.990e-29
 286.529039     -0.792  34.769557    13.9450     6.5605     -0.785    28.4500    21.1426 -9.990e-29
 286.529045     -0.759  34.758345    13.9470     6.5313     -0.753    28.4383    21.1332 -9.990e-29
 286.529051     -0.732  34.766065    13.9477     6.5195     -0.726    28.4448    21.1380 -9.990e-29
 286.529057     -0.720  34.777328    13.9470     6.4943     -0.714    28.4555    21.1464 -9.990e-29
 286.529063     -0.724  34.782585    13.9431     6.4857     -0.718    28.4632    21.1531 -9.990e-29
 286.529068     -0.731  34.786668    13.9299     6.4950     -0.725    28.4766    21.1661 -9.990e-29
 286.529074     -0.729  34.807389    13.9090     6.4833     -0.723    28.5109    21.1966 -9.990e-29
 286.529080     -0.717  34.860127    13.8949     6.4820     -0.711    28.5693    21.2444 -9.990e-29
 286.529086     -0.703  34.916204    13.8944     6.5017     -0.697    28.6206    21.2841 -9.990e-29
 286.529091     -0.691  34.943558    13.9005     6.4986     -0.685    28.6409    21.2985 -9.990e-29
 286.529097     -0.680  34.943461    13.9039     6.4937     -0.674    28.6383    21.2958 -9.990e-29
 286.529103     -0.669  34.940465    13.9012     6.4825     -0.663    28.6376    21.2958 -9.990e-29
 286.529109     -0.657  34.944628    13.8972     6.4470     -0.652    28.6443    21.3018 -9.990e-29
 286.529115     -0.644  34.935816    13.8970     6.4425     -0.639    28.6365    21.2958 -9.990e-29
 286.529120     -0.629  34.911293    13.8984     6.4674     -0.624    28.6131    21.2775 -9.990e-29
 286.529126     -0.610  34.897176    13.8931     6.4796     -0.605    28.6042    21.2717 -9.990e-29
 286.529132     -0.592  34.928986    13.8776     6.5021     -0.587    28.6447    21.3060 -9.990e-29
 286.529138     -0.581  34.996590    13.8657     6.5100     -0.576    28.7150    21.3626 -9.990e-29
