data/oxygen options/ONMS/Olympic_Coast_National_Marine_Sanctuary_CTD_Data_2005_2023/raw_data/2010/CAST_CA015_060610faed.cnv
* Sea-Bird SBE19 Data File:
* FileName = C:\Documents and Settings\OCNMS\Desktop\2010 mooring data\CAST_CA015_060610.hex
* Software Version 1.24
* Temperature SN = 2997
* Conductivity SN = 2997
* System UpLoad Time = Jun 06 2010 20:09:50
** CAST_CA015_060610
* SEACAT PROFILER V3.1c SN 2997   06/06/10  20:09:24.136
# nquan = 9                                 
# nvalues = 562                         
# units = specified
# name 0 = timeJ: Julian Days
# name 1 = prSM: Pressure, Strain Gauge [db]
# name 2 = c0mS/cm: Conductivity [mS/cm]
# name 3 = t090C: Temperature [ITS-90, deg C]
# name 4 = sbeox0ML/L: Oxygen, SBE 43 [ml/l]
# name 5 = depSM: Depth [salt water, m], lat = 47.5
# name 6 = sal00: Salinity, Practical [PSU]
# name 7 = sigma-é00: Density [sigma-theta, kg/m^3]
# name 8 = flag: flag
# span 0 = 157.727072, 157.730318       
# span 1 =     -5.684,     13.801       
# span 2 =  -0.000336,  34.321065       
# span 3 =    12.0107,    15.2847       
# span 4 =   -11.5764,    13.3191       
# span 5 =     -5.637,     13.685       
# span 6 =     0.0000,    29.4805       
# span 7 =    -0.9425,    22.3048       
# span 8 = 0.0000e+00, 0.0000e+00       
# interval = seconds: 0.5
# start_time = Jun 06 2010 17:26:59 [Instrument's time stamp, header]
# bad_flag = -9.990e-29
*END*
[from data line 161]
 157.728003     -0.970  33.955693    13.6492    -1.6818     -0.962    27.9272    20.7973 -9.990e-29
 157.728009     -0.953  33.974582    13.6492    -1.6817     -0.945    27.9444    20.8106 -9.990e-29
 157.728015     -0.937  33.990406    13.6479    10.1828     -0.929    27.9598    20.8227 -9.990e-29
 157.728021     -0.920  33.992909    13.6428    13.0628     -0.912    27.9658    20.8283 -9.990e-29
 157.728027     -0.901  33.982643    13.6280    13.3191     -0.893    27.9672    20.8323 -9.990e-29
 157.728032     -0.884  33.966659    13.6061    11.2021     -0.877    27.9686    20.8376 -9.990e-29
 157.728038     -0.872  33.965112    13.5915     6.6802     -0.865    27.9779    20.8476 -9.990e-29
 157.728044     -0.863  33.984914    13.5895     6.6921     -0.856    27.9974    20.8630 -9.990e-29
 157.728050     -0.857  33.997582    13.5934     6.7929     -0.850    28.0061    20.8690 -9.990e-29
 157.728056     -0.850  33.978567    13.5973     6.8213     -0.843    27.9859    20.8526 -9.990e-29
 157.728061     -0.837  33.942299    13.5990     6.8042     -0.830    27.9516    20.8258 -9.990e-29
 157.728067     -0.821  33.917738    13.6009     6.7963     -0.814    27.9278    20.8071 -9.990e-29
 157.728073     -0.809  33.908003    13.6067     6.7896     -0.802    27.9147    20.7959 -9.990e-29
 157.728079     -0.806  33.902927    13.6160     6.7719     -0.799    27.9033    20.7853 -9.990e-29
 157.728084     -0.807  33.902478    13.6261     6.7550     -0.800    27.8955    20.7774 -9.990e-29
 157.728090     -0.804  33.905513    13.6344     6.7379     -0.797    27.8922    20.7732 -9.990e-29
 157.728096     -0.791  33.909374    13.6398     6.7421     -0.784    27.8918    20.7719 -9.990e-29
 157.728102     -0.772  33.913063    13.6427     6.7546     -0.766    27.8931    20.7723 -9.990e-29
 157.728108     -0.756  33.914234    13.6447     6.7559     -0.750    27.8927    20.7716 -9.990e-29
 157.728113     -0.744  33.914461    13.6467     6.7416     -0.738    27.8914    20.7702 -9.990e-29
 157.728119     -0.732  33.914623    13.6459     6.7345     -0.726    27.8921    20.7709 -9.990e-29
 157.728125     -0.715  33.911027    13.6404     6.7248     -0.709    27.8929    20.7725 -9.990e-29
 157.728131     -0.696  33.904496    13.6364     6.7330     -0.690    27.8898    20.7710 -9.990e-29
 157.728137     -0.683  33.901461    13.6375     6.7456     -0.677    27.8862    20.7680 -9.990e-29
 157.728142     -0.679  33.902928    13.6401     6.7434     -0.673    27.8857    20.7671 -9.990e-29
 157.728148     -0.674  33.904704    13.6405     6.7344     -0.668    27.8870    20.7680 -9.990e-29
 157.728154     -0.661  33.903574    13.6362     6.7258     -0.655    27.8891    20.7705 -9.990e-29
 157.728160     -0.642  33.894685    13.6301     6.7275     -0.637    27.8854    20.7688 -9.990e-29
 157.728166     -0.626  33.885802    13.6295     6.7244     -0.621    27.8778    20.7630 -9.990e-29
 157.728171     -0.619  33.889743    13.6338     6.7188     -0.614    27.8782    20.7625 -9.990e-29
 157.728177     -0.621  33.898331    13.6360     6.7153     -0.616    27.8845    20.7669 -9.990e-29
 157.728183     -0.624  33.901745    13.6349     6.7199     -0.619    27.8884    20.7702 -9.990e-29
 157.728189     -0.623  33.901193    13.6332     6.7259     -0.618    27.8891    20.7710 -9.990e-29
 157.728194     -0.618  33.900435    13.6321     6.7351     -0.613    27.8892    20.7713 -9.990e-29
 157.728200     -0.615  33.901275    13.6317     6.7347     -0.610    27.8903    20.7722 -9.990e-29
 157.728206     -0.615  33.902047    13.6313     6.7443     -0.610    27.8913    20.7731 -9.990e-29
 157.728212     -0.616  33.900992    13.6293     6.7322     -0.611    27.8918    20.7738 -9.990e-29
 157.728218     -0.614  33.898399    13.6274     6.7207     -0.609    27.8908    20.7735 -9.990e-29
 157.728223     -0.607  33.897547    13.6290     6.7233     -0.602    27.8888    20.7716 -9.990e-29
 157.728229     -0.595  33.899554    13.6336     6.7285     -0.590    27.8873    20.7696 -9.990e-29
 157.728235     -0.578  33.901510    13.6363     6.7419     -0.573    27.8871    20.7689 -9.990e-29
 157.728241     -0.555  33.900436    13.6346     6.7316     -0.550    27.8874    20.7694 -9.990e-29
 157.728247     -0.529  33.898276    13.6321     6.7254     -0.525    27.8872    20.7698 -9.990e-29
 157.728252     -0.505  33.899446    13.6323     6.7280     -0.501    27.8881    20.7705 -9.990e-29
 157.728258     -0.488  33.903280    13.6351     6.7363     -0.484    27.8896    20.7710 -9.990e-29
 157.728264     -0.476  33.906500    13.6387     6.7439     -0.472    27.8899    20.7706 -9.990e-29
 157.728270     -0.469  33.908373    13.6412     6.7370     -0.465    27.8898    20.7700 -9.990e-29
 157.728275     -0.465  33.909170    13.6422     6.7379     -0.461    27.8898    20.7698 -9.990e-29
 157.728281     -0.460  33.908847    13.6429     6.7423     -0.456    27.8890    20.7691 -9.990e-29
 157.728287     -0.451  33.908671    13.6441     6.7501     -0.447    27.8879    20.7680 -9.990e-29
 157.728293     -0.439  33.909541    13.6453     6.7581     -0.435    27.8878    20.7677 -9.990e-29
 157.728299     -0.430  33.910393    13.6459     6.7615     -0.426    27.8882    20.7679 -9.990e-29
 157.728304     -0.422  33.910135    13.6449     6.7588     -0.418    27.8887    20.7685 -9.990e-29
 157.728310     -0.415  33.907877    13.6407     6.7428     -0.412    27.8897    20.7700 -9.990e-29
 157.728316     -0.409  33.902864    13.6337     6.7367     -0.406    27.8902    20.7718 -9.990e-29
 157.728322     -0.403  33.898510    13.6285     6.7343     -0.400    27.8900    20.7727 -9.990e-29
 157.728328     -0.396  33.899106    13.6282     6.7433     -0.393    27.8908    20.7733 -9.990e-29
 157.728333     -0.389  33.902659    13.6319     6.7426     -0.386    27.8913    20.7730 -9.990e-29
 157.728339     -0.380  33.906078    13.6375     6.7287     -0.377    27.8903    20.7712 -9.990e-29
 157.728345     -0.369  33.908892    13.6429     6.7126     -0.366    27.8890    20.7691 -9.990e-29
 157.728351     -0.357  33.910950    13.6467     6.7090     -0.354    27.8881    20.7677 -9.990e-29
 157.728356     -0.340  33.912208    13.6489     6.7205     -0.337    27.8876    20.7669 -9.990e-29
 157.728362     -0.320  33.912680    13.6499     6.7290     -0.317    27.8873    20.7664 -9.990e-29
 157.728368     -0.298  33.912449    13.6501     6.7338     -0.296    27.8869    20.7661 -9.990e-29
 157.728374     -0.282  33.911222    13.6496     6.7339     -0.280    27.8862    20.7656 -9.990e-29
 157.728380     -0.275  33.909620    13.6491     6.7396     -0.273    27.8851    20.7649 -9.990e-29
 157.728385     -0.276  33.909441    13.6496     6.7417     -0.274    27.8846    20.7644 -9.990e-29
 157.728391     -0.282  33.910458    13.6502     6.7403     -0.280    27.8851    20.7646 -9.990e-29
 157.728397     -0.285  33.911243    13.6500     6.7374     -0.283    27.8859    20.7654 -9.990e-29
 157.728403     -0.279  33.911177    13.6491     6.7423     -0.277    27.8865    20.7660 -9.990e-29
 157.728409     -0.265  33.910746    13.6486     6.7384     -0.263    27.8865    20.7661 -9.990e-29
 157.728414     -0.247  33.911071    13.6486     6.7374     -0.245    27.8868    20.7663 -9.990e-29
 157.728420     -0.231  33.911479    13.6476     6.7419     -0.229    27.8879    20.7673 -9.990e-29
 157.728426     -0.221  33.909729    13.6428     6.7409     -0.219    27.8898    20.7697 -9.990e-29
 157.728432     -0.212  33.902380    13.6341     6.7488     -0.210    27.8894    20.7711 -9.990e-29
 157.728438     -0.199  33.893091    13.6284     6.7541     -0.197    27.8851    20.7689 -9.990e-29
 157.728443     -0.186  33.892456    13.6305     6.7597     -0.184    27.8830    20.7668 -9.990e-29
 157.728449     -0.175  33.898521    13.6346     6.7603     -0.174    27.8855    20.7680 -9.990e-29
 157.728455     -0.167  33.902580    13.6335     6.7448     -0.166    27.8900    20.7717 -9.990e-29
 157.728461     -0.160  33.902220    13.6287     6.7331     -0.159    27.8932    20.7751 -9.990e-29
 157.728466     -0.155  33.900336    13.6262     6.7287     -0.154    27.8933    20.7756 -9.990e-29
 157.728472     -0.151  33.901712    13.6283     6.7366     -0.150    27.8930    20.7750 -9.990e-29
 157.728478     -0.148  33.904835    13.6336     6.7375     -0.147    27.8920    20.7732 -9.990e-29
 157.728484     -0.145  33.907163    13.6396     6.7385     -0.144    27.8897    20.7703 -9.990e-29
 157.728490     -0.143  33.909009    13.6436     6.7374     -0.142    27.8885    20.7686 -9.990e-29
 157.728495     -0.141  33.910041    13.6440     6.7363     -0.140    27.8891    20.7690 -9.990e-29
 157.728501     -0.139  33.909391    13.6414     6.7393     -0.138    27.8904    20.7705 -9.990e-29
 157.728507     -0.137  33.906182    13.6371     6.7394     -0.136    27.8906    20.7715 -9.990e-29
 157.728513     -0.135  33.902285    13.6336     6.7448     -0.134    27.8896    20.7714 -9.990e-29
 157.728519     -0.133  33.901450    13.6341     6.7523     -0.132    27.8885    20.7704 -9.990e-29
 157.728524     -0.130  33.904231    13.6375     6.7536     -0.129    27.8886    20.7698 -9.990e-29
 157.728530     -0.126  33.907600    13.6409     6.7523     -0.125    27.8892    20.7696 -9.990e-29
 157.728536     -0.122  33.909313    13.6428     6.7483     -0.121    27.8893    20.7694 -9.990e-29
 157.728542     -0.117  33.909400    13.6431     6.7387     -0.116    27.8892    20.7692 -9.990e-29
 157.728547     -0.110  33.908525    13.6422     6.7242     -0.109    27.8891    20.7693 -9.990e-29
 157.728553     -0.102  33.907188    13.6412     6.7156     -0.101    27.8886    20.7691 -9.990e-29
 157.728559     -0.091  33.905832    13.6412     6.7151     -0.090    27.8873    20.7681 -9.990e-29
 157.728565     -0.082  33.905438    13.6425     6.7202     -0.081    27.8860    20.7669 -9.990e-29
 157.728571     -0.077  33.907144    13.6437     6.7324     -0.076    27.8867    20.7672 -9.990e-29
 157.728576     -0.073  33.909292    13.6445     6.7363     -0.072    27.8881    20.7681 -9.990e-29
 157.728582     -0.064  33.910253    13.6460     6.7363     -0.063    27.8878    20.7676 -9.990e-29
 157.728588     -0.055  33.911292    13.6489     6.7430     -0.055    27.8867    20.7662 -9.990e-29
 157.728594     -0.054  33.912661    13.6527     6.7391     -0.054    27.8852    20.7643 -9.990e-29
 157.728600     -0.060  33.913929    13.6559     6.7442     -0.059    27.8840    20.7627 -9.990e-29
 157.728605     -0.066  33.915655    13.6575     6.7331     -0.065    27.8844    20.7627 -9.990e-29
 157.728611     -0.066  33.917327    13.6582     6.7321     -0.065    27.8854    20.7634 -9.990e-29
 157.728617     -0.058  33.918921    13.6594     6.7378     -0.058    27.8860    20.7636 -9.990e-29
 157.728623     -0.036  33.920870    13.6608     6.7535     -0.036    27.8867    20.7639 -9.990e-29
 157.728628     -0.003  33.921278    13.6607     6.7671     -0.003    27.8872    20.7643 -9.990e-29
 157.728634      0.034  33.919554    13.6575     6.7644      0.034    27.8879    20.7655 -9.990e-29
 157.728640      0.069  33.915627    13.6476     6.7513      0.068    27.8915    20.7702 -9.990e-29
 157.728646      0.100  33.904245    13.6261     6.7490      0.099    27.8968    20.7784 -9.990e-29
 157.728652      0.130  33.883102    13.5977     6.7569      0.129    27.8982    20.7849 -9.990e-29
 157.728657      0.159  33.862081    13.5803     6.7550      0.158    27.8917    20.7833 -9.990e-29
 157.728663      0.190  33.854588    13.5847     6.7456      0.188    27.8816    20.7747 -9.990e-29
 157.728669      0.225  33.862933    13.5990     6.7426      0.223    27.8788    20.7697 -9.990e-29
 157.728675      0.266  33.876383    13.6072     6.7601      0.264    27.8851    20.7730 -9.990e-29
 157.728681      0.315  33.885973    13.6080     6.7788      0.312    27.8932    20.7791 -9.990e-29
 157.728686      0.376  33.890475    13.6074     6.8012      0.373    27.8978    20.7827 -9.990e-29
 157.728692      0.453  33.890278    13.6028     6.8096      0.449    27.9009    20.7861 -9.990e-29
 157.728698      0.554  33.882864    13.5783     6.7987      0.549    27.9120    20.7993 -9.990e-29
 157.728704      0.691  33.854416    13.5263     6.7941      0.685    27.9239    20.8185 0.0000e+00
 157.728709      0.863  33.808440    13.4677     6.7953      0.856    27.9246    20.8303 0.0000e+00
 157.728715      1.065  33.774357    13.4205     6.8087      1.056    27.9278    20.8418 0.0000e+00
 157.728721      1.297  33.756551    13.3831     6.8213      1.286    27.9387    20.8574 0.0000e+00
 157.728727      1.563  33.743018    13.3551     6.8292      1.550    27.9467    20.8690 0.0000e+00
 157.728733      1.861  33.731935    13.3361     6.8263      1.845    27.9504    20.8754 0.0000e+00
 157.728738      2.175  33.722507    13.3240     6.8207      2.157    27.9505    20.8778 0.0000e+00
 157.728744      2.494  33.716708    13.3182     6.8038      2.473    27.9493    20.8780 0.0000e+00
 157.728750      2.818  33.715188    13.3143     6.7878      2.794    27.9507    20.8798 0.0000e+00
 157.728756      3.154  33.713666    13.3088     6.7754      3.128    27.9532    20.8828 0.0000e+00
 157.728762      3.507  33.710097    13.3030     6.7587      3.478    27.9540    20.8846 0.0000e+00
 157.728767      3.869  33.705868    13.2976     6.7414      3.837    27.9540    20.8855 0.0000e+00
 157.728773      4.233  33.702604    13.2916     6.7024      4.198    27.9552    20.8877 0.0000e+00
 157.728779      4.596  33.700421    13.2847     6.6712      4.558    27.9582    20.8913 0.0000e+00
 157.728785      4.952  33.698630    13.2763     6.6458      4.911    27.9626    20.8963 0.0000e+00
 157.728791      5.294  33.698187    13.2654     6.6100      5.250    27.9700    20.9041 0.0000e+00
 157.728796      5.621  33.704088    13.2513     6.5794      5.574    27.9857    20.9189 0.0000e+00
 157.728802      5.937  33.721942    13.2335     6.5429      5.887    28.0151    20.9450 0.0000e+00
 157.728808      6.241  33.746414    13.2140     6.5170      6.189    28.0519    20.9770 0.0000e+00
 157.728814      6.527  33.765864    13.1983     6.4740      6.472    28.0812    21.0027 0.0000e+00
 157.728819      6.796  33.777641    13.1856     6.4270      6.739    28.1014    21.0207 0.0000e+00
 157.728825      7.056  33.790709    13.1705     6.3608      6.997    28.1245    21.0414 0.0000e+00
 157.728831      7.311  33.813513    13.1554     6.2982      7.250    28.1566    21.0690 0.0000e+00
 157.728837      7.560  33.841715    13.1450     6.2525      7.497    28.1902    21.0970 0.0000e+00
 157.728843      7.801  33.865291    13.1358     6.2205      7.736    28.2187    21.1207 0.0000e+00
 157.728848      8.037  33.883168    13.1171     6.2018      7.970    28.2490    21.1477 0.0000e+00
 157.728854      8.275  33.905163    13.0810     6.1920      8.206    28.2961    21.1909 0.0000e+00
 157.728860      8.517  33.932023    13.0378     6.1868      8.446    28.3531    21.2430 0.0000e+00
 157.728866      8.761  33.951932    13.0045     6.1854      8.688    28.3963    21.2827 0.0000e+00
 157.728872      9.005  33.960603    12.9851     6.1799      8.930    28.4188    21.3037 0.0000e+00
 157.728877      9.248  33.962854    12.9741     6.1775      9.171    28.4290    21.3137 0.0000e+00
 157.728883      9.488  33.962787    12.9636     6.1733      9.409    28.4368    21.3216 0.0000e+00
 157.728889      9.724  33.961414    12.9463     6.1609      9.643    28.4484    21.3339 0.0000e+00
 157.728895      9.957  33.959130    12.9230     6.1643      9.874    28.4637    21.3501 0.0000e+00
 157.728900     10.193  33.956235    12.9010     6.1356     10.108    28.4774    21.3648 0.0000e+00
 157.728906     10.436  33.952774    12.8846     6.0718     10.349    28.4864    21.3749 0.0000e+00
 157.728912     10.682  33.949716    12.8721     5.9840     10.593    28.4929    21.3822 0.0000e+00
 157.728918     10.936  33.948567    12.8590     5.9143     10.844    28.5016    21.3914 0.0000e+00
