data/oxygen options/ONMS/Olympic_Coast_National_Marine_Sanctuary_CTD_Data_2005_2023/raw_data/2010/CAST_KL027_101310faedb.cnv
* Sea-Bird SBE19 Data File:
* FileName = C:\Documents and Settings\OCNMS\Desktop\2010 mooring data\fourth service\CAST_KL027_101310.hex
* Software Version 1.24
* Temperature SN = 2997
* Conductivity SN = 2997
* System UpLoad Time = Oct 13 2010 18:09:30
** CAST_KL027_101310
* SEACAT PROFILER V3.1c SN 2997   10/13/10  18:06:23.491
# nquan = 9
# nvalues = 25                          
# units = specified
# name 0 = timeJ: Julian Days
# name 1 = prSM: Pressure, Strain Gauge [db]
# name 2 = c0mS/cm: Conductivity [mS/cm]
# name 3 = t090C: Temperature [ITS-90, deg C]
# name 4 = sbeox0ML/L: Oxygen, SBE 43 [ml/l]
# name 5 = depSM: Depth [salt water, m], lat = 47.5
# name 6 = sal00: Salinity, Practical [PSU]
# name 7 = sigma-é00: Density [sigma-theta, kg/m^3]
# name 8 = flag: flag
# span 0 = 286.651336, 286.651866       
# span 1 =      1.000,     25.000       
# span 2 =  36.820396,  37.353342       
# span 3 =    12.9896,    13.7300       
# span 4 =     5.3158,     6.5326       
# span 5 =      0.992,     24.790       
# span 6 =    30.6030,    31.4831       
# span 7 =    22.8460,    23.6725       
# span 8 = 0.0000e+00, 0.0000e+00       
# interval = decibars: 1                
# start_time = Oct 13 2010 15:36:36 [Instrument's time stamp, header]
# bad_flag = -9.990e-29
*END*
 286.651336      1.000  36.945405    13.7300     6.5326      0.992    30.6030    22.8460 0.0000e+00
 286.651357      2.000  36.824609    13.5483     6.2360      1.983    30.6364    22.9080 0.0000e+00
 286.651377      3.000  36.820396    13.4809     6.2266      2.975    30.6862    22.9598 0.0000e+00
 286.651396      4.000  36.915378    13.4717     6.2625      3.967    30.7812    23.0350 0.0000e+00
 286.651416      5.000  36.974296    13.4930     6.2418      4.958    30.8183    23.0595 0.0000e+00
 286.651437      6.000  37.007374    13.5058     6.2090      5.950    30.8382    23.0724 0.0000e+00
 286.651459      7.000  37.032656    13.5039     6.1825      6.942    30.8628    23.0918 0.0000e+00
 286.651481      8.000  37.046793    13.5021     6.1285      7.933    30.8770    23.1032 0.0000e+00
 286.651502      9.000  37.082416    13.5085     6.0833      8.925    30.9044    23.1231 0.0000e+00
 286.651523     10.000  37.117727    13.5125     6.0389      9.916    30.9335    23.1447 0.0000e+00
 286.651544     11.000  37.155839    13.5051     5.9043     10.908    30.9745    23.1779 0.0000e+00
 286.651566     12.000  37.178191    13.4963     5.7457     11.900    31.0019    23.2009 0.0000e+00
 286.651585     13.000  37.249035    13.5242     5.6824     12.891    31.0446    23.2283 0.0000e+00
 286.651605     14.000  37.317357    13.5540     5.6494     13.883    31.0833    23.2524 0.0000e+00
 286.651627     15.000  37.337140    13.5501     5.6600     14.874    31.1044    23.2694 0.0000e+00
 286.651652     16.000  37.334937    13.5405     5.5696     15.866    31.1098    23.2756 0.0000e+00
 286.651674     17.000  37.350467    13.4972     5.5362     16.857    31.1592    23.3223 0.0000e+00
 286.651693     18.000  37.353342    13.4420     5.5722     17.849    31.2065    23.3698 0.0000e+00
 286.651716     19.000  37.350336    13.4189     5.5871     18.840    31.2222    23.3866 0.0000e+00
 286.651740     20.000  37.346862    13.4066     5.6270     19.832    31.2286    23.3940 0.0000e+00
 286.651761     21.000  37.340519    13.3643     5.6304     20.824    31.2571    23.4243 0.0000e+00
 286.651782     22.000  37.336408    13.3426     5.6195     21.815    31.2706    23.4390 0.0000e+00
 286.651807     23.000  37.336529    13.3269     5.6560     22.807    31.2832    23.4519 0.0000e+00
 286.651838     24.000  37.337666    13.3175     5.3504     23.798    31.2916    23.4604 0.0000e+00
 286.651866     25.000  37.253124    12.9896     5.3158     24.790    31.4831    23.6725 0.0000e+00
