data/oxygen options/ONMS/Olympic_Coast_National_Marine_Sanctuary_CTD_Data_2005_2023/raw_data/2010/CAST_KL027_101310faed.cnv
* Sea-Bird SBE19 Data File:
* FileName = C:\Documents and Settings\OCNMS\Desktop\2010 mooring data\fourth service\CAST_KL027_101310.hex
* Software Version 1.24
* Temperature SN = 2997
* Conductivity SN = 2997
* System UpLoad Time = Oct 13 2010 18:09:30
** CAST_KL027_101310
* SEACAT PROFILER V3.1c SN 2997   10/13/10  18:06:23.491
# nquan = 9                                 
# nvalues = 546                         
# units = specified
# name 0 = timeJ: Julian Days
# name 1 = prSM: Pressure, Strain Gauge [db]
# name 2 = c0mS/cm: Conductivity [mS/cm]
# name 3 = t090C: Temperature [ITS-90, deg C]
# name 4 = sbeox0ML/L: Oxygen, SBE 43 [ml/l]
# name 5 = depSM: Depth [salt water, m], lat = 47.5
# name 6 = sal00: Salinity, Practical [PSU]
# name 7 = sigma-é00: Density [sigma-theta, kg/m^3]
# name 8 = flag: flag
# span 0 = 286.650417, 286.653571       
# span 1 =     -5.248,     25.608       
# span 2 =   0.061917,  37.640810       
# span 3 =    12.8119,    15.2800       
# span 4 =    -1.9294,    13.4029       
# span 5 =     -5.204,     25.393       
# span 6 =     0.0389,    31.5533       
# span 7 =    -0.9097,    23.7612       
# span 8 = 0.0000e+00, 0.0000e+00       
# interval = seconds: 0.5
# start_time = Oct 13 2010 15:36:36 [Instrument's time stamp, header]
# bad_flag = -9.990e-29
*END*
[from data line 321]
 286.652274     23.337  37.334769    13.3295     5.6091     23.141    31.2793    23.4485 -9.990e-29
 286.652280     23.369  37.334510    13.3282     5.6163     23.173    31.2801    23.4493 -9.990e-29
 286.652286     23.405  37.334420    13.3253     5.6152     23.208    31.2824    23.4517 -9.990e-29
 286.652292     23.448  37.334371    13.3207     5.6150     23.251    31.2861    23.4555 -9.990e-29
 286.652297     23.495  37.334290    13.3158     5.6137     23.298    31.2901    23.4595 -9.990e-29
 286.652303     23.537  37.334059    13.3127     5.6172     23.339    31.2924    23.4619 -9.990e-29
 286.652309     23.564  37.333920    13.3123     5.6118     23.366    31.2926    23.4621 -9.990e-29
 286.652315     23.573  37.334238    13.3138     5.6105     23.375    31.2916    23.4611 -9.990e-29
 286.652321     23.565  37.334866    13.3166     5.6218     23.367    31.2899    23.4592 -9.990e-29
 286.652326     23.539  37.335512    13.3196     5.6171     23.341    31.2881    23.4572 -9.990e-29
 286.652332     23.498  37.335909    13.3215     5.6120     23.301    31.2869    23.4559 -9.990e-29
 286.652338     23.452  37.336017    13.3225     5.6022     23.255    31.2862    23.4551 -9.990e-29
 286.652344     23.411  37.335974    13.3237     5.5908     23.214    31.2852    23.4541 -9.990e-29
 286.652350     23.376  37.335717    13.3250     5.5997     23.180    31.2839    23.4529 -9.990e-29
 286.652355     23.346  37.335454    13.3267     5.6049     23.150    31.2822    23.4513 -9.990e-29
 286.652361     23.323  37.335387    13.3287     5.6085     23.127    31.2805    23.4496 -9.990e-29
 286.652367     23.314  37.335417    13.3302     5.6155     23.118    31.2793    23.4483 -9.990e-29
 286.652373     23.323  37.335579    13.3309     5.6016     23.127    31.2789    23.4479 -9.990e-29
 286.652378     23.349  37.335521    13.3313     5.6056     23.153    31.2785    23.4475 -9.990e-29
 286.652384     23.387  37.335157    13.3313     5.6057     23.190    31.2782    23.4472 -9.990e-29
 286.652390     23.421  37.335111    13.3311     5.6064     23.224    31.2783    23.4473 -9.990e-29
 286.652396     23.446  37.335315    13.3309     5.6162     23.249    31.2786    23.4477 -9.990e-29
 286.652402     23.462  37.335470    13.3305     5.6085     23.265    31.2791    23.4481 -9.990e-29
 286.652407     23.471  37.335774    13.3302     5.6072     23.274    31.2796    23.4486 -9.990e-29
 286.652413     23.469  37.336064    13.3302     5.6062     23.272    31.2799    23.4488 -9.990e-29
 286.652419     23.452  37.336156    13.3307     5.6053     23.255    31.2796    23.4484 -9.990e-29
 286.652425     23.431  37.336166    13.3311     5.6079     23.234    31.2793    23.4481 -9.990e-29
 286.652431     23.426  37.336100    13.3308     5.6081     23.229    31.2794    23.4483 -9.990e-29
 286.652436     23.442  37.335860    13.3295     5.6082     23.245    31.2803    23.4492 -9.990e-29
 286.652442     23.471  37.335681    13.3280     5.6015     23.274    31.2813    23.4503 -9.990e-29
 286.652448     23.502  37.335875    13.3272     5.5934     23.305    31.2822    23.4511 -9.990e-29
 286.652454     23.523  37.336128    13.3269     5.5921     23.325    31.2826    23.4515 -9.990e-29
 286.652459     23.542  37.336208    13.3267     5.5997     23.344    31.2829    23.4518 -9.990e-29
 286.652465     23.571  37.336214    13.3263     5.6046     23.373    31.2832    23.4521 -9.990e-29
 286.652471     23.612  37.336146    13.3258     5.6131     23.414    31.2835    23.4524 -9.990e-29
 286.652477     23.656  37.335907    13.3254     5.6129     23.457    31.2836    23.4526 -9.990e-29
 286.652483     23.688  37.335729    13.3249     5.6038     23.489    31.2838    23.4529 -9.990e-29
 286.652488     23.693  37.335923    13.3245     5.6010     23.494    31.2844    23.4533 -9.990e-29
 286.652494     23.663  37.336180    13.3253     5.5929     23.464    31.2839    23.4529 -9.990e-29
 286.652500     23.608  37.336271    13.3270     5.5992     23.410    31.2827    23.4515 -9.990e-29
 286.652506     23.551  37.336310    13.3285     5.6037     23.353    31.2815    23.4503 -9.990e-29
 286.652512     23.505  37.336343    13.3295     5.6047     23.308    31.2807    23.4495 -9.990e-29
 286.652517     23.467  37.336407    13.3303     5.6062     23.270    31.2801    23.4489 -9.990e-29
 286.652523     23.427  37.336579    13.3310     5.6048     23.230    31.2797    23.4485 -9.990e-29
 286.652529     23.381  37.336893    13.3320     5.6047     23.185    31.2792    23.4479 -9.990e-29
 286.652535     23.340  37.337203    13.3335     5.6057     23.144    31.2783    23.4469 -9.990e-29
 286.652541     23.319  37.337174    13.3345     5.5993     23.123    31.2775    23.4460 -9.990e-29
 286.652546     23.328  37.336764    13.3339     5.5974     23.132    31.2776    23.4462 -9.990e-29
 286.652552     23.365  37.336361    13.3317     5.5972     23.169    31.2790    23.4478 -9.990e-29
 286.652558     23.413  37.335985    13.3290     5.5983     23.216    31.2808    23.4497 -9.990e-29
 286.652564     23.465  37.335694    13.3270     5.6071     23.268    31.2822    23.4512 -9.990e-29
 286.652569     23.517  37.335655    13.3243     5.6146     23.319    31.2843    23.4534 -9.990e-29
 286.652575     23.575  37.335255    13.3203     5.6098     23.377    31.2872    23.4564 -9.990e-29
 286.652581     23.632  37.334519    13.3162     5.6133     23.433    31.2899    23.4593 -9.990e-29
 286.652587     23.681  37.334145    13.3128     5.6104     23.482    31.2923    23.4618 -9.990e-29
 286.652593     23.714  37.334189    13.3119     5.6149     23.515    31.2931    23.4626 -9.990e-29
 286.652598     23.727  37.334709    13.3134     5.6175     23.528    31.2923    23.4617 -9.990e-29
 286.652604     23.723  37.335276    13.3154     5.6149     23.524    31.2912    23.4604 -9.990e-29
 286.652610     23.720  37.335524    13.3170     5.6136     23.521    31.2901    23.4593 -9.990e-29
 286.652616     23.727  37.335782    13.3181     5.6046     23.528    31.2895    23.4586 -9.990e-29
 286.652622     23.738  37.335834    13.3187     5.6032     23.539    31.2890    23.4581 -9.990e-29
 286.652627     23.747  37.335749    13.3196     5.6028     23.547    31.2882    23.4573 -9.990e-29
 286.652633     23.746  37.335971    13.3212     5.6038     23.546    31.2871    23.4561 -9.990e-29
 286.652639     23.725  37.336235    13.3231     5.5936     23.526    31.2858    23.4547 -9.990e-29
 286.652645     23.684  37.336332    13.3247     5.5912     23.485    31.2846    23.4535 -9.990e-29
 286.652650     23.637  37.336389    13.3261     5.5918     23.438    31.2835    23.4524 -9.990e-29
 286.652656     23.599  37.336483    13.3275     5.5951     23.401    31.2824    23.4513 -9.990e-29
 286.652662     23.566  37.336738    13.3292     5.5940     23.368    31.2813    23.4501 -9.990e-29
 286.652668     23.528  37.336936    13.3305     5.5987     23.330    31.2804    23.4491 -9.990e-29
 286.652674     23.478  37.336778    13.3314     5.5997     23.281    31.2796    23.4483 -9.990e-29
 286.652679     23.423  37.336612    13.3324     5.6012     23.226    31.2786    23.4473 -9.990e-29
 286.652685     23.375  37.336774    13.3336     5.6032     23.179    31.2778    23.4465 -9.990e-29
 286.652691     23.348  37.336920    13.3347     5.6081     23.152    31.2770    23.4457 -9.990e-29
 286.652697     23.354  37.336687    13.3346     5.6027     23.158    31.2769    23.4456 -9.990e-29
 286.652703     23.393  37.336324    13.3322     5.6008     23.196    31.2785    23.4473 -9.990e-29
 286.652708     23.450  37.335905    13.3285     5.5933     23.253    31.2811    23.4501 -9.990e-29
 286.652714     23.507  37.335431    13.3264     5.6025     23.309    31.2824    23.4515 -9.990e-29
 286.652720     23.561  37.335387    13.3267     5.6072     23.363    31.2821    23.4512 -9.990e-29
 286.652726     23.613  37.335711    13.3272     5.6145     23.415    31.2820    23.4510 -9.990e-29
 286.652731     23.672  37.335711    13.3259     5.6157     23.473    31.2830    23.4520 -9.990e-29
 286.652737     23.741  37.335387    13.3220     5.6109     23.542    31.2859    23.4550 -9.990e-29
 286.652743     23.808  37.335426    13.3180     5.6095     23.608    31.2892    23.4584 -9.990e-29
 286.652749     23.856  37.335877    13.3177     5.6006     23.656    31.2898    23.4589 -9.990e-29
 286.652755     23.879  37.336218    13.3209     5.6055     23.678    31.2875    23.4565 -9.990e-29
 286.652760     23.882  37.336340    13.3247     5.6066     23.681    31.2845    23.4534 -9.990e-29
 286.652766     23.862  37.336406    13.3275     5.6019     23.661    31.2823    23.4512 -9.990e-29
 286.652772     23.813  37.336502    13.3290     5.6021     23.613    31.2812    23.4500 -9.990e-29
 286.652778     23.753  37.336756    13.3299     5.5937     23.553    31.2807    23.4494 -9.990e-29
 286.652784     23.705  37.336948    13.3306     5.5937     23.506    31.2803    23.4490 -9.990e-29
 286.652789     23.678  37.336775    13.3315     5.5960     23.479    31.2794    23.4481 -9.990e-29
 286.652795     23.670  37.336565    13.3327     5.5967     23.471    31.2782    23.4470 -9.990e-29
 286.652801     23.673  37.336597    13.3338     5.5984     23.474    31.2774    23.4461 -9.990e-29
 286.652807     23.681  37.336912    13.3348     5.5981     23.482    31.2768    23.4455 -9.990e-29
 286.652812     23.696  37.337369    13.3354     5.5919     23.497    31.2768    23.4453 -9.990e-29
 286.652818     23.719  37.337454    13.3354     5.5845     23.520    31.2768    23.4454 -9.990e-29
 286.652824     23.747  37.337281    13.3347     5.5897     23.547    31.2772    23.4458 -9.990e-29
 286.652830     23.769  37.337179    13.3338     5.5984     23.569    31.2779    23.4465 -9.990e-29
 286.652836     23.773  37.337007    13.3336     5.6038     23.573    31.2779    23.4465 -9.990e-29
 286.652841     23.751  37.337096    13.3345     5.6118     23.551    31.2772    23.4459 -9.990e-29
 286.652847     23.697  37.337562    13.3365     5.6099     23.498    31.2760    23.4445 -9.990e-29
 286.652853     23.621  37.337904    13.3389     5.6021     23.423    31.2744    23.4428 -9.990e-29
 286.652859     23.548  37.338017    13.3409     5.5947     23.350    31.2729    23.4413 -9.990e-29
 286.652865     23.503  37.338053    13.3423     5.5971     23.306    31.2718    23.4401 -9.990e-29
 286.652870     23.497  37.338061    13.3429     5.5996     23.300    31.2713    23.4396 -9.990e-29
 286.652876     23.519  37.338051    13.3424     5.6087     23.321    31.2717    23.4400 -9.990e-29
 286.652882     23.560  37.338009    13.3412     5.6233     23.362    31.2726    23.4410 -9.990e-29
 286.652888     23.616  37.337876    13.3389     5.6295     23.418    31.2744    23.4428 -9.990e-29
 286.652894     23.688  37.337473    13.3348     5.6232     23.489    31.2773    23.4459 -9.990e-29
 286.652899     23.767  37.336823    13.3286     5.6159     23.567    31.2818    23.4506 -9.990e-29
 286.652905     23.845  37.336175    13.3209     5.6030     23.645    31.2875    23.4565 -9.990e-29
 286.652911     23.919  37.335785    13.3141     5.5941     23.718    31.2927    23.4618 -9.990e-29
 286.652917     23.981  37.335688    13.3111     5.6014     23.779    31.2950    23.4642 -9.990e-29
 286.652922     24.026  37.335752    13.3130     5.6032     23.824    31.2935    23.4627 -9.990e-29
 286.652928     24.056  37.336059    13.3177     5.6064     23.854    31.2899    23.4590 -9.990e-29
 286.652934     24.070  37.336457    13.3224     5.6079     23.868    31.2864    23.4554 -9.990e-29
 286.652940     24.064  37.336914    13.3258     5.5929     23.862    31.2841    23.4529 -9.990e-29
 286.652946     24.033  37.337477    13.3290     5.5906     23.831    31.2820    23.4506 -9.990e-29
 286.652951     23.967  37.337778    13.3328     5.6027     23.766    31.2792    23.4477 -9.990e-29
 286.652957     23.866  37.337654    13.3356     5.6138     23.665    31.2768    23.4453 -9.990e-29
 286.652963     23.745  37.337501    13.3371     5.6204     23.545    31.2755    23.4440 -9.990e-29
 286.652969     23.618  37.337675    13.3390     5.6185     23.420    31.2741    23.4426 0.0000e+00
 286.652975     23.493  37.337850    13.3418     5.6065     23.296    31.2720    23.4404 -9.990e-29
 286.652980     23.380  37.337699    13.3438     5.5968     23.184    31.2703    23.4387 -9.990e-29
 286.652986     23.289  37.337580    13.3441     5.5959     23.093    31.2700    23.4384 -9.990e-29
 286.652992     23.227  37.337896    13.3441     5.5905     23.032    31.2703    23.4386 -9.990e-29
 286.652998     23.194  37.338508    13.3452     5.5921     22.999    31.2700    23.4381 -9.990e-29
 286.653003     23.184  37.339110    13.3474     5.5942     22.989    31.2687    23.4367 -9.990e-29
 286.653009     23.187  37.339384    13.3488     5.5954     22.992    31.2678    23.4358 -9.990e-29
 286.653015     23.196  37.339133    13.3477     5.5969     23.001    31.2685    23.4365 -9.990e-29
 286.653021     23.197  37.338582    13.3445     5.5899     23.002    31.2706    23.4388 -9.990e-29
 286.653027     23.179  37.338115    13.3410     5.5941     22.984    31.2730    23.4413 -9.990e-29
 286.653032     23.131  37.337665    13.3378     5.5941     22.937    31.2753    23.4437 -9.990e-29
 286.653038     23.043  37.337191    13.3361     5.5942     22.849    31.2763    23.4448 -9.990e-29
 286.653044     22.903  37.337179    13.3372     5.6013     22.711    31.2754    23.4439 0.0000e+00
 286.653050     22.708  37.337612    13.3396     5.5933     22.517    31.2739    23.4423 0.0000e+00
 286.653056     22.458  37.337945    13.3408     5.5862     22.269    31.2733    23.4416 0.0000e+00
 286.653061     22.162  37.338062    13.3421     5.5710     21.976    31.2725    23.4407 0.0000e+00
 286.653067     21.841  37.338118    13.3459     5.5589     21.658    31.2695    23.4376 0.0000e+00
 286.653073     21.512  37.338190    13.3519     5.5582     21.331    31.2648    23.4328 0.0000e+00
 286.653079     21.185  37.338375    13.3591     5.5604     21.007    31.2592    23.4270 0.0000e+00
 286.653084     20.860  37.338921    13.3672     5.5645     20.685    31.2532    23.4208 0.0000e+00
 286.653090     20.538  37.339999    13.3747     5.5596     20.366    31.2482    23.4154 0.0000e+00
 286.653096     20.224  37.341364    13.3801     5.5579     20.054    31.2451    23.4120 0.0000e+00
 286.653102     19.916  37.342598    13.3827     5.5653     19.749    31.2443    23.4108 0.0000e+00
 286.653108     19.602  37.343107    13.3845     5.5794     19.437    31.2434    23.4098 0.0000e+00
 286.653113     19.279  37.343011    13.3918     5.5905     19.117    31.2375    23.4037 0.0000e+00
 286.653119     18.949  37.343303    13.4097     5.5966     18.790    31.2232    23.3892 0.0000e+00
 286.653125     18.612  37.343249    13.4360     5.5930     18.456    31.2018    23.3674 0.0000e+00
 286.653131     18.276  37.341100    13.4623     5.5922     18.123    31.1784    23.3441 0.0000e+00
 286.653137     17.946  37.337356    13.4821     5.5951     17.795    31.1589    23.3251 0.0000e+00
 286.653142     17.621  37.334313    13.4932     5.5996     17.473    31.1471    23.3138 0.0000e+00
 286.653148     17.309  37.333523    13.4957     5.6000     17.164    31.1445    23.3113 0.0000e+00
 286.653154     17.008  37.334497    13.4938     5.6029     16.865    31.1471    23.3136 0.0000e+00
 286.653160     16.719  37.335732    13.4931     5.6142     16.579    31.1489    23.3152 0.0000e+00
 286.653166     16.439  37.336075    13.4933     5.6219     16.301    31.1491    23.3153 0.0000e+00
 286.653171     16.168  37.335423    13.4931     5.6355     16.032    31.1488    23.3151 0.0000e+00
 286.653177     15.906  37.335147    13.4947     5.6454     15.773    31.1473    23.3136 0.0000e+00
 286.653183     15.648  37.335998    13.4998     5.6783     15.517    31.1441    23.3101 0.0000e+00
 286.653189     15.388  37.336311    13.5056     5.7312     15.259    31.1397    23.3056 0.0000e+00
