data/oxygen options/ONMS/Olympic_Coast_National_Marine_Sanctuary_CTD_Data_2005_2023/raw_data/2010/CAST_KL027_082210faed.cnv
* Sea-Bird SBE19 Data File:
* FileName = C:\Documents and Settings\OCNMS\Desktop\2010 mooring data\second service\CAST_KL027_082210.hex
* Software Version 1.24
* Temperature SN = 2997
* Conductivity SN = 2997
* System UpLoad Time = Aug 22 2010 17:45:24
** CAST_KL027_082210
* SEACAT PROFILER V3.1c SN 2997   08/22/10  17:43:33.073
# nquan = 9                                 
# nvalues = 926                         
# units = specified
# name 0 = timeJ: Julian Days
# name 1 = prSM: Pressure, Strain Gauge [db]
# name 2 = c0mS/cm: Conductivity [mS/cm]
# name 3 = t090C: Temperature [ITS-90, deg C]
# name 4 = sbeox0ML/L: Oxygen, SBE 43 [ml/l]
# name 5 = depSM: Depth [salt water, m], lat = 47.5
# name 6 = sal00: Salinity, Practical [PSU]
# name 7 = sigma-é00: Density [sigma-theta, kg/m^3]
# name 8 = flag: flag
# span 0 = 234.426273, 234.431626       
# span 1 =     -5.126,     28.349       
# span 2 =  -0.000884,  38.970023       
# span 3 =     7.1872,    17.0663       
# span 4 =   -10.3146,    12.9613       
# span 5 =     -5.083,     28.110       
# span 6 =     0.0000,    33.6805       
# span 7 =    -1.2355,    26.3515       
# span 8 = 0.0000e+00, 0.0000e+00       
# interval = seconds: 0.5
# start_time = Aug 22 2010 10:13:50 [Instrument's time stamp, header]
# bad_flag = -9.990e-29
*END*
[from data line 321]
 234.428131      0.623  38.719873    13.7751     6.8552      0.618    32.2049    24.0739 -9.990e-29
 234.428137      0.621  38.720809    13.7754     6.8393      0.616    32.2056    24.0743 -9.990e-29
 234.428142      0.624  38.721246    13.7749     6.8354      0.619    32.2064    24.0751 -9.990e-29
 234.428148      0.629  38.720030    13.7742     6.8283      0.624    32.2058    24.0748 -9.990e-29
 234.428154      0.631  38.718843    13.7753     6.8251      0.626    32.2038    24.0730 -9.990e-29
 234.428160      0.631  38.720528    13.7783     6.8352      0.626    32.2029    24.0717 -9.990e-29
 234.428166      0.628  38.723353    13.7809     6.8434      0.623    32.2033    24.0715 -9.990e-29
 234.428171      0.623  38.724864    13.7819     6.8479      0.618    32.2038    24.0717 -9.990e-29
 234.428177      0.614  38.724777    13.7825     6.8559      0.609    32.2033    24.0711 -9.990e-29
 234.428183      0.602  38.724038    13.7831     6.8486      0.597    32.2021    24.0701 -9.990e-29
 234.428189      0.586  38.724969    13.7836     6.8455      0.581    32.2025    24.0703 -9.990e-29
 234.428194      0.564  38.727631    13.7839     6.8442      0.559    32.2048    24.0720 -9.990e-29
 234.428200      0.540  38.729915    13.7844     6.8430      0.535    32.2065    24.0732 -9.990e-29
 234.428206      0.521  38.731447    13.7853     6.8448      0.517    32.2071    24.0735 -9.990e-29
 234.428212      0.509  38.733092    13.7858     6.8447      0.505    32.2082    24.0743 -9.990e-29
 234.428218      0.500  38.734746    13.7858     6.8323      0.496    32.2098    24.0755 -9.990e-29
 234.428223      0.489  38.735755    13.7855     6.8349      0.485    32.2110    24.0765 -9.990e-29
 234.428229      0.479  38.735725    13.7834     6.8363      0.475    32.2127    24.0782 -9.990e-29
 234.428235      0.474  38.732878    13.7797     6.8385      0.470    32.2132    24.0794 -9.990e-29
 234.428241      0.474  38.726723    13.7766     6.8541      0.470    32.2101    24.0776 -9.990e-29
 234.428247      0.478  38.720764    13.7755     6.8481      0.474    32.2055    24.0743 -9.990e-29
 234.428252      0.488  38.718203    13.7763     6.8470      0.484    32.2024    24.0717 -9.990e-29
 234.428258      0.498  38.718931    13.7784     6.8448      0.494    32.2013    24.0705 -9.990e-29
 234.428264      0.507  38.720496    13.7806     6.8415      0.503    32.2009    24.0697 -9.990e-29
 234.428270      0.513  38.721565    13.7832     6.8437      0.509    32.1997    24.0683 -9.990e-29
 234.428275      0.518  38.722948    13.7865     6.8435      0.514    32.1983    24.0664 -9.990e-29
 234.428281      0.527  38.725311    13.7889     6.8440      0.523    32.1984    24.0661 -9.990e-29
 234.428287      0.539  38.727825    13.7900     6.8382      0.535    32.1998    24.0669 -9.990e-29
 234.428293      0.547  38.729302    13.7903     6.8436      0.542    32.2009    24.0677 -9.990e-29
 234.428299      0.552  38.729974    13.7902     6.8444      0.547    32.2016    24.0683 -9.990e-29
 234.428304      0.558  38.730680    13.7897     6.8329      0.553    32.2027    24.0692 -9.990e-29
 234.428310      0.561  38.731182    13.7883     6.8504      0.556    32.2044    24.0708 -9.990e-29
 234.428316      0.557  38.730974    13.7868     6.8511      0.552    32.2054    24.0719 -9.990e-29
 234.428322      0.545  38.730839    13.7859     6.8478      0.540    32.2061    24.0726 -9.990e-29
 234.428328      0.530  38.731100    13.7855     6.8419      0.526    32.2066    24.0731 -9.990e-29
 234.428333      0.520  38.730927    13.7845     6.8276      0.516    32.2073    24.0739 -9.990e-29
 234.428339      0.516  38.729473    13.7828     6.8210      0.512    32.2074    24.0743 -9.990e-29
 234.428345      0.520  38.726984    13.7816     6.8236      0.516    32.2061    24.0735 -9.990e-29
 234.428351      0.528  38.725688    13.7817     6.8396      0.524    32.2048    24.0725 -9.990e-29
 234.428356      0.531  38.726600    13.7824     6.8466      0.527    32.2051    24.0725 -9.990e-29
 234.428362      0.529  38.728076    13.7830     6.8611      0.525    32.2059    24.0731 -9.990e-29
 234.428368      0.531  38.728105    13.7833     6.8544      0.527    32.2057    24.0729 -9.990e-29
 234.428374      0.542  38.727229    13.7828     6.8484      0.537    32.2053    24.0727 -9.990e-29
 234.428380      0.557  38.727583    13.7819     6.8519      0.552    32.2064    24.0737 -9.990e-29
 234.428385      0.569  38.728473    13.7817     6.8438      0.564    32.2074    24.0745 -9.990e-29
 234.428391      0.575  38.728808    13.7821     6.8511      0.570    32.2074    24.0744 -9.990e-29
 234.428397      0.575  38.728987    13.7815     6.8513      0.570    32.2080    24.0750 -9.990e-29
 234.428403      0.574  38.728068    13.7790     6.8497      0.569    32.2093    24.0765 -9.990e-29
 234.428409      0.579  38.725898    13.7761     6.8448      0.574    32.2097    24.0774 -9.990e-29
 234.428414      0.591  38.724587    13.7752     6.8409      0.586    32.2092    24.0772 -9.990e-29
 234.428420      0.602  38.725146    13.7766     6.8531      0.597    32.2086    24.0764 -9.990e-29
 234.428426      0.609  38.726598    13.7779     6.8504      0.604    32.2088    24.0764 -9.990e-29
 234.428432      0.612  38.726916    13.7779     6.8575      0.607    32.2091    24.0766 -9.990e-29
 234.428438      0.616  38.725922    13.7773     6.8623      0.611    32.2087    24.0764 -9.990e-29
 234.428443      0.624  38.725053    13.7766     6.8539      0.619    32.2085    24.0764 -9.990e-29
 234.428449      0.635  38.724790    13.7764     6.8539      0.630    32.2084    24.0763 -9.990e-29
 234.428455      0.643  38.725301    13.7769     6.8504      0.638    32.2084    24.0763 -9.990e-29
 234.428461      0.649  38.726664    13.7780     6.8430      0.644    32.2088    24.0763 -9.990e-29
 234.428466      0.653  38.728415    13.7792     6.8440      0.648    32.2094    24.0765 -9.990e-29
 234.428472      0.657  38.729484    13.7801     6.8503      0.652    32.2096    24.0765 -9.990e-29
 234.428478      0.660  38.730135    13.7808     6.8527      0.654    32.2096    24.0764 -9.990e-29
 234.428484      0.662  38.731197    13.7818     6.8490      0.656    32.2098    24.0763 -9.990e-29
 234.428490      0.664  38.732364    13.7828     6.8523      0.658    32.2100    24.0763 -9.990e-29
 234.428495      0.666  38.732909    13.7832     6.8390      0.660    32.2102    24.0763 -9.990e-29
 234.428501      0.667  38.732398    13.7830     6.8381      0.661    32.2099    24.0761 -9.990e-29
 234.428507      0.668  38.731788    13.7828     6.8454      0.662    32.2095    24.0759 -9.990e-29
 234.428513      0.669  38.731908    13.7829     6.8463      0.663    32.2095    24.0759 -9.990e-29
 234.428519      0.669  38.732317    13.7831     6.8386      0.663    32.2097    24.0760 -9.990e-29
 234.428524      0.670  38.732958    13.7830     6.8349      0.664    32.2104    24.0765 -9.990e-29
 234.428530      0.671  38.733522    13.7828     6.8328      0.665    32.2111    24.0771 -9.990e-29
 234.428536      0.671  38.733600    13.7832     6.8359      0.665    32.2108    24.0768 -9.990e-29
 234.428542      0.672  38.733817    13.7842     6.8409      0.666    32.2102    24.0761 -9.990e-29
 234.428547      0.673  38.734419    13.7847     6.8405      0.667    32.2103    24.0761 -9.990e-29
 234.428553      0.674  38.734487    13.7843     6.8339      0.668    32.2107    24.0765 -9.990e-29
 234.428559      0.676  38.733510    13.7839     6.8387      0.670    32.2102    24.0762 -9.990e-29
 234.428565      0.677  38.732949    13.7845     6.8400      0.671    32.2091    24.0753 -9.990e-29
 234.428571      0.679  38.734255    13.7859     6.8419      0.673    32.2092    24.0750 -9.990e-29
 234.428576      0.682  38.736327    13.7868     6.8431      0.676    32.2103    24.0757 -9.990e-29
 234.428582      0.685  38.736843    13.7859     6.8466      0.679    32.2116    24.0769 -9.990e-29
 234.428588      0.690  38.734767    13.7835     6.8415      0.684    32.2117    24.0774 -9.990e-29
 234.428594      0.695  38.731774    13.7821     6.8400      0.689    32.2101    24.0765 -9.990e-29
 234.428600      0.703  38.730559    13.7829     6.8391      0.697    32.2083    24.0749 -9.990e-29
 234.428605      0.712  38.731700    13.7846     6.8379      0.706    32.2079    24.0743 -9.990e-29
 234.428611      0.724  38.733874    13.7855     6.8402      0.718    32.2091    24.0751 -9.990e-29
 234.428617      0.739  38.735458    13.7850     6.8460      0.733    32.2110    24.0766 -9.990e-29
 234.428623      0.759  38.735720    13.7838     6.8409      0.753    32.2123    24.0778 -9.990e-29
 234.428628      0.781  38.734970    13.7832     6.8396      0.774    32.2121    24.0778 -9.990e-29
 234.428634      0.796  38.734407    13.7836     6.8385      0.789    32.2112    24.0770 -9.990e-29
 234.428640      0.802  38.734920    13.7843     6.8374      0.795    32.2111    24.0768 -9.990e-29
 234.428646      0.800  38.736029    13.7849     6.8339      0.793    32.2116    24.0771 -9.990e-29
 234.428652      0.793  38.736930    13.7850     6.8390      0.786    32.2124    24.0776 -9.990e-29
 234.428657      0.786  38.737103    13.7851     6.8523      0.779    32.2124    24.0777 -9.990e-29
 234.428663      0.777  38.736738    13.7856     6.8496      0.771    32.2117    24.0770 -9.990e-29
 234.428669      0.767  38.736430    13.7863     6.8559      0.761    32.2108    24.0762 -9.990e-29
 234.428675      0.754  38.736847    13.7871     6.8523      0.748    32.2105    24.0758 -9.990e-29
 234.428681      0.742  38.737945    13.7876     6.8548      0.736    32.2111    24.0762 -9.990e-29
 234.428686      0.735  38.738903    13.7875     6.8506      0.729    32.2121    24.0769 -9.990e-29
 234.428692      0.732  38.739278    13.7869     6.8408      0.726    32.2130    24.0777 -9.990e-29
 234.428698      0.732  38.738970    13.7859     6.8322      0.726    32.2135    24.0784 -9.990e-29
 234.428704      0.737  38.738087    13.7848     6.8416      0.731    32.2136    24.0787 -9.990e-29
 234.428709      0.746  38.737092    13.7845     6.8537      0.740    32.2129    24.0782 -9.990e-29
 234.428715      0.760  38.736857    13.7852     6.8523      0.754    32.2121    24.0774 -9.990e-29
 234.428721      0.780  38.737588    13.7863     6.8448      0.773    32.2119    24.0770 -9.990e-29
 234.428727      0.802  38.737977    13.7869     6.8368      0.795    32.2117    24.0768 -9.990e-29
 234.428733      0.820  38.737382    13.7874     6.8353      0.813    32.2107    24.0759 -9.990e-29
 234.428738      0.830  38.737210    13.7884     6.8329      0.823    32.2097    24.0749 -9.990e-29
 234.428744      0.838  38.738312    13.7897     6.8400      0.831    32.2097    24.0746 -9.990e-29
 234.428750      0.847  38.740435    13.7910     6.8412      0.840    32.2105    24.0750 -9.990e-29
 234.428756      0.856  38.743004    13.7924     6.8363      0.849    32.2117    24.0757 -9.990e-29
 234.428762      0.858  38.745481    13.7937     6.8422      0.851    32.2129    24.0763 -9.990e-29
 234.428767      0.856  38.746646    13.7947     6.8345      0.849    32.2132    24.0763 -9.990e-29
 234.428773      0.853  38.746328    13.7967     6.8295      0.846    32.2112    24.0744 -9.990e-29
 234.428779      0.853  38.747427    13.7999     6.8361      0.846    32.2095    24.0724 -9.990e-29
 234.428785      0.856  38.750248    13.8027     6.8296      0.849    32.2098    24.0721 -9.990e-29
 234.428791      0.862  38.752347    13.8040     6.8309      0.855    32.2106    24.0725 -9.990e-29
 234.428796      0.868  38.753119    13.8046     6.8385      0.861    32.2109    24.0725 -9.990e-29
 234.428802      0.873  38.753552    13.8056     6.8445      0.866    32.2104    24.0720 -9.990e-29
 234.428808      0.883  38.754183    13.8065     6.8491      0.876    32.2102    24.0716 -9.990e-29
 234.428814      0.893  38.754130    13.8071     6.8487      0.886    32.2097    24.0711 -9.990e-29
 234.428819      0.901  38.753842    13.8070     6.8468      0.893    32.2095    24.0710 -9.990e-29
 234.428825      0.910  38.753455    13.8051     6.8392      0.902    32.2107    24.0723 -9.990e-29
 234.428831      0.927  38.751292    13.8034     6.8393      0.919    32.2101    24.0722 -9.990e-29
 234.428837      0.946  38.748910    13.8049     6.8467      0.938    32.2067    24.0692 -9.990e-29
 234.428843      0.966  38.748696    13.8083     6.8534      0.958    32.2036    24.0662 -9.990e-29
 234.428848      0.988  38.749201    13.8098     6.8548      0.980    32.2028    24.0652 -9.990e-29
 234.428854      1.013  38.747695    13.8078     6.8673      1.005    32.2031    24.0659 -9.990e-29
 234.428860      1.042  38.744933    13.8023     6.8835      1.033    32.2051    24.0686 -9.990e-29
 234.428866      1.078  38.742236    13.7945     6.8992      1.069    32.2092    24.0733 -9.990e-29
 234.428872      1.127  38.738768    13.7862     6.9356      1.118    32.2129    24.0779 -9.990e-29
 234.428877      1.197  38.733784    13.7774     6.9804      1.187    32.2157    24.0818 -9.990e-29
 234.428883      1.287  38.727883    13.7673     7.0143      1.276    32.2187    24.0861 -9.990e-29
 234.428889      1.396  38.725484    13.7568     7.0250      1.384    32.2252    24.0933 -9.990e-29
 234.428895      1.520  38.731752    13.7488     7.0138      1.507    32.2377    24.1046 -9.990e-29
 234.428900      1.660  38.754439    13.7456     6.9919      1.646    32.2614    24.1235 0.0000e+00
 234.428906      1.812  38.794050    13.7465     6.9987      1.797    32.2973    24.1511 0.0000e+00
 234.428912      1.967  38.826579    13.7488     7.0088      1.951    32.3255    24.1724 0.0000e+00
 234.428918      2.124  38.839315    13.7495     7.0241      2.106    32.3366    24.1809 0.0000e+00
 234.428924      2.283  38.853120    13.7380     7.0320      2.264    32.3591    24.2006 0.0000e+00
 234.428929      2.446  38.865064    13.6919     7.0170      2.426    32.4091    24.2486 0.0000e+00
 234.428935      2.616  38.837790    13.6139     6.9706      2.594    32.4498    24.2958 0.0000e+00
 234.428941      2.789  38.776363    13.5472     6.9147      2.766    32.4491    24.3087 0.0000e+00
 234.428947      2.960  38.731651    13.5149     6.8590      2.935    32.4348    24.3042 0.0000e+00
 234.428953      3.126  38.725236    13.4972     6.7929      3.100    32.4438    24.3147 0.0000e+00
 234.428958      3.294  38.730015    13.4668     6.7384      3.266    32.4740    24.3442 0.0000e+00
 234.428964      3.471  38.702438    13.3988     6.6913      3.442    32.5061    24.3826 0.0000e+00
 234.428970      3.659  38.628111    13.2880     6.6619      3.628    32.5310    24.4240 0.0000e+00
 234.428976      3.862  38.528376    13.1684     6.6343      3.830    32.5396    24.4544 0.0000e+00
 234.428981      4.074  38.431593    13.0809     6.5966      4.040    32.5234    24.4591 0.0000e+00
 234.428987      4.289  38.373970    13.0314     6.5701      4.253    32.5115    24.4596 0.0000e+00
 234.428993      4.507  38.355382    12.9819     6.5298      4.469    32.5363    24.4886 0.0000e+00
 234.428999      4.734  38.320168    12.9002     6.5059      4.694    32.5732    24.5331 0.0000e+00
 234.429005      4.974  38.248788    12.8060     6.4970      4.932    32.5867    24.5619 0.0000e+00
 234.429010      5.227  38.174910    12.7352     6.4890      5.183    32.5776    24.5686 0.0000e+00
 234.429016      5.483  38.122695    12.6931     6.5073      5.437    32.5642    24.5664 0.0000e+00
 234.429022      5.737  38.091945    12.6596     6.5179      5.689    32.5638    24.5725 0.0000e+00
 234.429028      5.987  38.071305    12.6223     6.5182      5.937    32.5763    24.5894 0.0000e+00
 234.429034      6.232  38.047217    12.5828     6.5255      6.180    32.5874    24.6056 0.0000e+00
 234.429039      6.472  38.011053    12.5481     6.4669      6.418    32.5829    24.6088 0.0000e+00
 234.429045      6.703  37.975625    12.5284     6.2763      6.647    32.5660    24.5995 0.0000e+00
