data/oxygen options/ONMS/Olympic_Coast_National_Marine_Sanctuary_CTD_Data_2005_2023/raw_data/2010/CAST_CA015_101910faed.cnv
* Sea-Bird SBE19 Data File:
* FileName = C:\Documents and Settings\OCNMS\Desktop\2010 mooring data\fourth service\CAST_CA015_101910.hex
* Software Version 1.24
* Temperature SN = 2997
* Conductivity SN = 2997
* System UpLoad Time = Oct 20 2010 11:34:23
** CAST_CA015_101910
* SEACAT PROFILER V3.1c SN 2997   10/20/10  11:32:53.189
# nquan = 9                                 
# nvalues = 539                         
# units = specified
# name 0 = timeJ: Julian Days
# name 1 = prSM: Pressure, Strain Gauge [db]
# name 2 = c0mS/cm: Conductivity [mS/cm]
# name 3 = t090C: Temperature [ITS-90, deg C]
# name 4 = sbeox0ML/L: Oxygen, SBE 43 [ml/l]
# name 5 = depSM: Depth [salt water, m], lat = 47.5
# name 6 = sal00: Salinity, Practical [PSU]
# name 7 = sigma-é00: Density [sigma-theta, kg/m^3]
# name 8 = flag: flag
# span 0 = 292.519178, 292.522292       
# span 1 =     -4.920,     17.808       
# span 2 =   0.171727,  37.917954       
# span 3 =    12.4754,    16.1110       
# span 4 =    -1.8772,    12.3726       
# span 5 =     -4.879,     17.659       
# span 6 =     0.0999,    32.0556       
# span 7 =    -0.9959,    24.2120       
# span 8 = 0.0000e+00, 0.0000e+00       
# interval = seconds: 0.5
# start_time = Oct 19 2010 12:27:37 [Instrument's time stamp, header]
# bad_flag = -9.990e-29
*END*
 292.519178     -4.920 -9.990e-29    16.1110    -1.8772     -4.879 -9.990e-29 -9.990e-29 -9.990e-29
 292.519184     -4.899   0.171727    16.1074    -1.7253     -4.858     0.0999    -0.9959 -9.990e-29
 292.519190     -4.874   0.172181    16.0976    -1.6808     -4.833     0.1002    -0.9941 -9.990e-29
 292.519196     -4.845   0.173543    16.0850    -1.6513     -4.805     0.1010    -0.9914 -9.990e-29
 292.519201     -4.815   0.177628    16.0709    -1.6520     -4.775     0.1034    -0.9872 -9.990e-29
 292.519207     -4.782   0.189883    16.0548    -1.6515     -4.742     0.1105    -0.9791 -9.990e-29
 292.519213     -4.746   0.226648    16.0249    -1.6521     -4.706     0.1319    -0.9577 -9.990e-29
 292.519219     -4.702   0.336943    15.9404    -1.6528     -4.663     0.1973    -0.8934 -9.990e-29
 292.519225     -4.653   0.667829    15.6981    -1.6518     -4.614     0.4008    -0.6972 -9.990e-29
 292.519230     -4.599   1.660487    15.1397    -1.6483     -4.561     1.0508    -0.1076 -9.990e-29
 292.519236     -4.538   4.638461    14.3809    -1.6510     -4.500     3.1748     1.6449 -9.990e-29
 292.519242     -4.465  11.948951    13.8103    -1.6519     -4.428     8.8906     6.1276 -9.990e-29
 292.519248     -4.381  22.336785    13.5356    -1.6531     -4.344    17.6705    12.9204 -9.990e-29
 292.519253     -4.288  30.574932    13.4191    -1.6516     -4.252    25.0210    18.6001 -9.990e-29
 292.519259     -4.180  34.863052    13.3699    -1.6511     -4.145    28.9674    21.6539 -9.990e-29
 292.519265     -4.050  36.688080    13.3416    -1.6520     -4.016    30.6782    22.9808 -9.990e-29
 292.519271     -3.908  37.318781    13.3204    -1.6525     -3.875    31.2824    23.4519 -9.990e-29
 292.519277     -3.766  37.552408    13.3077    -1.6523     -3.735    31.5107    23.6309 -9.990e-29
 292.519282     -3.632  37.677511    13.3082    -1.6520     -3.602    31.6271    23.7208 -9.990e-29
 292.519288     -3.510  37.807682    13.3200    -1.6514     -3.481    31.7388    23.8048 -9.990e-29
 292.519294     -3.401  37.883391    13.3290    -1.6521     -3.373    31.8020    23.8519 -9.990e-29
 292.519300     -3.307  37.824051    13.3240    -1.6528     -3.279    31.7507    23.8132 -9.990e-29
 292.519306     -3.225  37.722042    13.3102    -1.6536     -3.198    31.6669    23.7511 -9.990e-29
 292.519311     -3.151  37.697468    13.3036    -1.6527     -3.125    31.6494    23.7389 -9.990e-29
 292.519317     -3.085  37.750647    13.3114    -1.6517     -3.059    31.6925    23.7708 -9.990e-29
 292.519323     -3.030  37.785522    13.3227    -1.6510     -3.005    31.7157    23.7864 -9.990e-29
 292.519329     -2.987  37.747191    13.3221    -1.6523     -2.962    31.6804    23.7592 -9.990e-29
 292.519334     -2.950  37.694965    13.3067    -1.6529     -2.925    31.6444    23.7345 -9.990e-29
 292.519340     -2.912  37.695405    13.2895    -1.6533     -2.888    31.6591    23.7492 -9.990e-29
 292.519346     -2.875  37.750246    13.2821    -1.6520     -2.851    31.7165    23.7951 -9.990e-29
 292.519352     -2.845  37.799267    13.2808    -1.6513     -2.821    31.7634    23.8316 -9.990e-29
 292.519358     -2.823  37.791296    13.2782    -1.6515     -2.799    31.7581    23.8280 -9.990e-29
 292.519363     -2.806  37.751594    13.2740    -1.6524     -2.783    31.7245    23.8028 -9.990e-29
 292.519369     -2.786  37.740443    13.2692    -1.6521     -2.763    31.7180    23.7988 -9.990e-29
 292.519375     -2.764  37.781105    13.2675    -1.6507     -2.741    31.7575    23.8296 -9.990e-29
 292.519381     -2.741  37.844329    13.2738    -1.6509     -2.718    31.8113    23.8701 -9.990e-29
 292.519387     -2.726  37.866502    13.2828    -1.6518     -2.703    31.8245    23.8785 -9.990e-29
 292.519392     -2.716  37.817814    13.2879    -1.6527     -2.693    31.7748    23.8390 -9.990e-29
 292.519398     -2.703  37.752732    13.2890    -1.6527     -2.680    31.7130    23.7910 -9.990e-29
 292.519404     -2.682  37.737485    13.2894    -1.6511     -2.660    31.6984    23.7796 -9.990e-29
 292.519410     -2.651  37.776428    13.2925    -1.6509     -2.629    31.7322    23.8052 -9.990e-29
 292.519416     -2.613  37.816166    13.2982    -1.6528     -2.591    31.7646    23.8291 -9.990e-29
 292.519421     -2.574  37.813887    13.3031    -1.6534     -2.553    31.7583    23.8233 -9.990e-29
 292.519427     -2.535  37.790112    13.3017    -1.6534     -2.514    31.7373    23.8073 -9.990e-29
 292.519433     -2.494  37.796102    13.2972    -1.6534     -2.473    31.7466    23.8154 -9.990e-29
 292.519439     -2.454  37.836507    13.2988    -1.6538     -2.434    31.7830    23.8432 -9.990e-29
 292.519444     -2.419  37.850353    13.3041    -1.6545     -2.399    31.7915    23.8488 -9.990e-29
 292.519450     -2.392  37.805694    13.3042    -1.6556     -2.372    31.7497    23.8164 -9.990e-29
 292.519456     -2.371  37.753399    13.2995    -1.6558     -2.351    31.7047    23.7826 -9.990e-29
 292.519462     -2.355  37.759377    13.2950    -1.6549     -2.335    31.7141    23.7907 -9.990e-29
 292.519468     -2.342  37.805846    13.2888    -1.6539     -2.322    31.7627    23.8295 -9.990e-29
 292.519473     -2.333  37.809659    13.2791    -1.6525     -2.314    31.7743    23.8404 -9.990e-29
 292.519479     -2.326  37.761357    13.2654    -1.6539     -2.307    31.7406    23.8170 -9.990e-29
 292.519485     -2.317  37.723763    13.2412    -1.6541     -2.298    31.7256    23.8102 -9.990e-29
 292.519491     -2.301  37.725785    13.2087    -1.6524     -2.282    31.7546    23.8390 -9.990e-29
 292.519497     -2.280  37.763420    13.1877    -1.6536     -2.261    31.8074    23.8840 -9.990e-29
 292.519502     -2.259  37.807299    13.1893    -1.6533     -2.240    31.8472    23.9145 -9.990e-29
 292.519508     -2.236  37.802756    13.2010    -1.6522     -2.217    31.8331    23.9013 -9.990e-29
 292.519514     -2.208  37.745435    13.2070    -1.6513     -2.190    31.7744    23.8547 -9.990e-29
 292.519520     -2.176  37.706866    13.2056    -1.6522     -2.158    31.7394    23.8279 -9.990e-29
 292.519525     -2.140  37.739878    13.2040    -1.6526     -2.122    31.7717    23.8532 -9.990e-29
 292.519531     -2.107  37.819593    13.2077    -1.6514     -2.089    31.8433    23.9078 -9.990e-29
 292.519537     -2.079  37.871328    13.2163    -1.6525     -2.062    31.8845    23.9380 -9.990e-29
 292.519543     -2.055  37.859863    13.2252     9.6927     -2.038    31.8663    23.9222 -9.990e-29
 292.519549     -2.033  37.843907    13.2314    12.2708     -2.016    31.8461    23.9054 -9.990e-29
 292.519554     -2.011  37.847039    13.2354    12.3726     -1.994    31.8457    23.9042 -9.990e-29
 292.519560     -1.988  37.842085    13.2406    10.3565     -1.971    31.8367    23.8963 -9.990e-29
 292.519566     -1.963  37.857208    13.2476     6.1301     -1.947    31.8450    23.9013 -9.990e-29
 292.519572     -1.934  37.899150    13.2527     6.3653     -1.918    31.8800    23.9273 -9.990e-29
 292.519578     -1.903  37.917954    13.2547     6.5967     -1.887    31.8959    23.9392 -9.990e-29
 292.519583     -1.878  37.899494    13.2553     6.6668     -1.862    31.8781    23.9254 -9.990e-29
 292.519589     -1.860  37.881942    13.2556     6.6574     -1.844    31.8614    23.9124 -9.990e-29
 292.519595     -1.844  37.860974    13.2555     6.6371     -1.829    31.8419    23.8973 -9.990e-29
 292.519601     -1.822  37.781203    13.2541     6.6082     -1.807    31.7684    23.8408 -9.990e-29
 292.519606     -1.786  37.667413    13.2524     6.5830     -1.771    31.6633    23.7599 -9.990e-29
 292.519612     -1.740  37.595968    13.2520     6.5532     -1.725    31.5968    23.7085 -9.990e-29
 292.519618     -1.692  37.571373    13.2524     6.5346     -1.678    31.5735    23.6904 -9.990e-29
 292.519624     -1.654  37.563663    13.2523     6.5088     -1.640    31.5664    23.6849 -9.990e-29
 292.519630     -1.626  37.560900    13.2509     6.4898     -1.612    31.5649    23.6841 -9.990e-29
 292.519635     -1.607  37.557746    13.2471     6.4825     -1.594    31.5651    23.6850 -9.990e-29
 292.519641     -1.591  37.548899    13.2412     6.4870     -1.578    31.5617    23.6835 -9.990e-29
 292.519647     -1.573  37.536038    13.2379     6.5019     -1.560    31.5524    23.6770 -9.990e-29
 292.519653     -1.557  37.532298    13.2389     6.5170     -1.544    31.5481    23.6734 -9.990e-29
 292.519659     -1.545  37.538320    13.2389     6.5308     -1.532    31.5537    23.6778 -9.990e-29
 292.519664     -1.537  37.542545    13.2361     6.5362     -1.524    31.5600    23.6832 -9.990e-29
 292.519670     -1.527  37.542229    13.2343     6.5496     -1.514    31.5612    23.6845 -9.990e-29
 292.519676     -1.512  37.542018    13.2370     6.5356     -1.499    31.5588    23.6820 -9.990e-29
 292.519682     -1.494  37.546700    13.2426     6.5105     -1.482    31.5585    23.6807 -9.990e-29
 292.519687     -1.476  37.552457    13.2453     6.4863     -1.464    31.5616    23.6826 -9.990e-29
 292.519693     -1.458  37.552984    13.2441     6.4708     -1.446    31.5631    23.6840 -9.990e-29
 292.519699     -1.439  37.550133    13.2424     6.4741     -1.427    31.5618    23.6834 -9.990e-29
 292.519705     -1.416  37.548533    13.2414     6.4684     -1.404    31.5612    23.6830 -9.990e-29
 292.519711     -1.393  37.548316    13.2400     6.4597     -1.381    31.5621    23.6840 -9.990e-29
 292.519716     -1.373  37.545295    13.2355     6.4600     -1.362    31.5630    23.6856 -9.990e-29
 292.519722     -1.349  37.537709    13.2285     6.4757     -1.338    31.5617    23.6860 -9.990e-29
 292.519728     -1.322  37.526678    13.2244     6.4931     -1.311    31.5548    23.6814 -9.990e-29
 292.519734     -1.296  37.518810    13.2258     6.5117     -1.285    31.5463    23.6746 -9.990e-29
 292.519740     -1.276  37.521567    13.2290     6.5177     -1.265    31.5462    23.6739 -9.990e-29
 292.519745     -1.260  37.529684    13.2322     6.5122     -1.249    31.5511    23.6771 -9.990e-29
 292.519751     -1.246  37.537201    13.2368     6.5061     -1.236    31.5543    23.6786 -9.990e-29
 292.519757     -1.234  37.542961    13.2415     6.5061     -1.224    31.5558    23.6789 -9.990e-29
 292.519763     -1.224  37.543466    13.2430     6.5047     -1.214    31.5550    23.6780 -9.990e-29
 292.519769     -1.213  37.540534    13.2410     6.5170     -1.203    31.5539    23.6775 -9.990e-29
 292.519774     -1.203  37.538127    13.2356     6.5180     -1.193    31.5562    23.6803 -9.990e-29
 292.519780     -1.191  37.535864    13.2291     6.5150     -1.181    31.5594    23.6841 -9.990e-29
 292.519786     -1.178  37.535795    13.2261     6.5053     -1.168    31.5618    23.6866 -9.990e-29
 292.519792     -1.163  37.539537    13.2271     6.5050     -1.153    31.5645    23.6884 -9.990e-29
 292.519797     -1.148  37.543698    13.2305     6.5195     -1.138    31.5656    23.6886 -9.990e-29
 292.519803     -1.137  37.546564    13.2351     6.5367     -1.128    31.5644    23.6868 -9.990e-29
 292.519809     -1.126  37.548623    13.2385     6.5401     -1.117    31.5635    23.6854 -9.990e-29
 292.519815     -1.108  37.549284    13.2403     6.5344     -1.099    31.5627    23.6844 -9.990e-29
 292.519821     -1.084  37.550016    13.2427     6.5326     -1.075    31.5613    23.6829 -9.990e-29
 292.519826     -1.056  37.552943    13.2460     6.5416     -1.047    31.5613    23.6823 -9.990e-29
 292.519832     -1.034  37.555828    13.2498     6.5571     -1.025    31.5609    23.6812 -9.990e-29
 292.519838     -1.027  37.557502    13.2538     6.5710     -1.018    31.5591    23.6790 -9.990e-29
 292.519844     -1.029  37.559103    13.2558     6.5685     -1.020    31.5589    23.6785 -9.990e-29
 292.519850     -1.032  37.558869    13.2541     6.5672     -1.023    31.5601    23.6798 -9.990e-29
 292.519855     -1.027  37.555396    13.2510     6.5541     -1.018    31.5595    23.6798 -9.990e-29
 292.519861     -1.014  37.551923    13.2503     6.5494     -1.006    31.5568    23.6779 -9.990e-29
 292.519867     -1.002  37.552250    13.2522     6.5465     -0.994    31.5555    23.6766 -9.990e-29
 292.519873     -0.993  37.555156    13.2540     6.5549     -0.985    31.5567    23.6771 -9.990e-29
 292.519878     -0.983  37.557259    13.2539     6.5462     -0.975    31.5588    23.6787 -9.990e-29
 292.519884     -0.962  37.557467    13.2529     6.5116     -0.954    31.5598    23.6797 -9.990e-29
 292.519890     -0.929  37.556643    13.2520     6.4934     -0.921    31.5598    23.6799 -9.990e-29
 292.519896     -0.895  37.555957    13.2513     6.4814     -0.888    31.5597    23.6800 -9.990e-29
 292.519902     -0.870  37.555822    13.2504     6.4827     -0.863    31.5603    23.6806 -9.990e-29
 292.519907     -0.858  37.555505    13.2476     6.4836     -0.851    31.5623    23.6827 -9.990e-29
 292.519913     -0.848  37.553081    13.2381     6.4752     -0.841    31.5679    23.6889 -9.990e-29
 292.519919     -0.828  37.543617    13.2171     6.4653     -0.821    31.5765    23.6997 -9.990e-29
 292.519925     -0.801  37.524186    13.1929     6.4610     -0.794    31.5784    23.7059 -9.990e-29
 292.519931     -0.777  37.506955    13.1821     6.4622     -0.771    31.5712    23.7025 -9.990e-29
 292.519936     -0.759  37.503658    13.1842     6.4809     -0.753    31.5664    23.6983 -9.990e-29
 292.519942     -0.746  37.505387    13.1843     6.4888     -0.740    31.5679    23.6995 -9.990e-29
 292.519948     -0.734  37.500975    13.1722     6.5027     -0.728    31.5739    23.7065 -9.990e-29
 292.519954     -0.716  37.487318    13.1520     6.5183     -0.710    31.5778    23.7135 -9.990e-29
 292.519959     -0.697  37.469717    13.1385     6.5306     -0.691    31.5726    23.7121 -9.990e-29
 292.519965     -0.683  37.462219    13.1395     6.5306     -0.677    31.5647    23.7058 -9.990e-29
 292.519971     -0.678  37.467123    13.1501     6.5235     -0.672    31.5605    23.7004 -9.990e-29
 292.519977     -0.677  37.474691    13.1616     6.5162     -0.671    31.5580    23.6963 -9.990e-29
 292.519983     -0.671  37.483227    13.1684     6.5165     -0.665    31.5604    23.6968 -9.990e-29
 292.519988     -0.657  37.488401    13.1713     6.5190     -0.652    31.5628    23.6981 -9.990e-29
 292.519994     -0.638  37.487567    13.1762     6.5131     -0.633    31.5579    23.6934 -9.990e-29
 292.520000     -0.620  37.491916    13.1827     6.5123     -0.615    31.5566    23.6911 -9.990e-29
 292.520006     -0.607  37.499939    13.1843     6.5097     -0.602    31.5628    23.6955 -9.990e-29
 292.520012     -0.593  37.500457    13.1797     6.5158     -0.588    31.5671    23.6997 -9.990e-29
 292.520017     -0.575  37.491897    13.1736     6.5180     -0.570    31.5641    23.6987 -9.990e-29
 292.520023     -0.554  37.485235    13.1699     6.5188     -0.549    31.5610    23.6969 -9.990e-29
 292.520029     -0.538  37.487253    13.1686     6.5306     -0.534    31.5639    23.6995 -9.990e-29
 292.520035     -0.530  37.489410    13.1677     6.5248     -0.526    31.5667    23.7018 -9.990e-29
 292.520041     -0.530  37.489512    13.1650     6.5298     -0.526    31.5690    23.7041 -9.990e-29
 292.520046     -0.533  37.487673    13.1595     6.5156     -0.529    31.5719    23.7074 -9.990e-29
 292.520052     -0.531  37.481978    13.1528     6.5030     -0.527    31.5721    23.7089 -9.990e-29
 292.520058     -0.525  37.478817    13.1509     6.5033     -0.521    31.5707    23.7082 -9.990e-29
 292.520064     -0.521  37.482355    13.1557     6.4854     -0.517    31.5700    23.7067 -9.990e-29
 292.520069     -0.525  37.487758    13.1607     6.4814     -0.521    31.5709    23.7065 -9.990e-29
 292.520075     -0.532  37.490439    13.1609     6.4630     -0.528    31.5733    23.7082 -9.990e-29
 292.520081     -0.533  37.490589    13.1584     6.4556     -0.529    31.5755    23.7104 -9.990e-29
 292.520087     -0.522  37.488944    13.1565     6.4513     -0.518    31.5755    23.7108 -9.990e-29
 292.520093     -0.496  37.487772    13.1564     6.4546     -0.492    31.5745    23.7101 -9.990e-29
 292.520098     -0.467  37.488846    13.1574     6.4570     -0.463    31.5747    23.7100 -9.990e-29
