data/oxygen options/ONMS/Olympic_Coast_National_Marine_Sanctuary_CTD_Data_2005_2023/raw_data/2010/CAST_MB042_081610faedb.cnv
* Sea-Bird SBE19 Data File:
* FileName = C:\Documents and Settings\OCNMS\Desktop\2010 mooring data\second service\CAST_MB042_081610.hex
* Software Version 1.24
* Temperature SN = 2997
* Conductivity SN = 2997
* System UpLoad Time = Aug 16 2010 19:15:11
** CAST_MB042_081610
* SEACAT PROFILER V3.1c SN 2997   08/16/10  19:14:28.169
# nquan = 9
# nvalues = 41                          
# units = specified
# name 0 = timeJ: Julian Days
# name 1 = prSM: Pressure, Strain Gauge [db]
# name 2 = c0mS/cm: Conductivity [mS/cm]
# name 3 = t090C: Temperature [ITS-90, deg C]
# name 4 = sbeox0ML/L: Oxygen, SBE 43 [ml/l]
# name 5 = depSM: Depth [salt water, m], lat = 47.5
# name 6 = sal00: Salinity, Practical [PSU]
# name 7 = sigma-é00: Density [sigma-theta, kg/m^3]
# name 8 = flag: flag
# span 0 = 228.521520, 228.522332       
# span 1 =      2.000,     42.000       
# span 2 =  34.540904,  37.909934       
# span 3 =     8.2082,    12.6594       
# span 4 =     3.7064,     6.9394       
# span 5 =      1.983,     41.645       
# span 6 =    32.3923,    33.0172       
# span 7 =    24.4398,    25.6859       
# span 8 = 0.0000e+00, 0.0000e+00       
# interval = decibars: 1                
# start_time = Aug 16 2010 12:26:46 [Instrument's time stamp, header]
# bad_flag = -9.990e-29
*END*
 228.521520      2.000  37.909934    12.6594     6.9394      1.983    32.3923    24.4398 0.0000e+00
 228.521545      3.000  37.277130    11.7524     6.4972      2.975    32.5708    24.7487 0.0000e+00
 228.521565      4.000  36.807627    11.2631     6.3379      3.967    32.5420    24.8152 0.0000e+00
 228.521583      5.000  36.679465    11.0671     6.2353      4.958    32.5886    24.8864 0.0000e+00
 228.521601      6.000  36.622136    10.9830     6.1248      5.950    32.6061    24.9149 0.0000e+00
 228.521620      7.000  36.612649    10.9451     6.0781      6.941    32.6300    24.9402 0.0000e+00
 228.521639      8.000  36.572540    10.8956     5.9969      7.933    32.6339    24.9520 0.0000e+00
 228.521659      9.000  36.546719    10.8692     5.8501      8.925    32.6313    24.9547 0.0000e+00
 228.521680     10.000  36.410519    10.6820     5.6367      9.917    32.6624    25.0114 0.0000e+00
 228.521701     11.000  36.240900    10.3721     5.5032     10.908    32.7704    25.1489 0.0000e+00
 228.521721     12.000  35.993431    10.0506     5.3818     11.900    32.8110    25.2349 0.0000e+00
 228.521739     13.000  35.882637     9.9249     5.2821     12.891    32.8123    25.2568 0.0000e+00
 228.521758     14.000  35.768335     9.8010     5.1793     13.883    32.8083    25.2741 0.0000e+00
 228.521778     15.000  35.662522     9.7025     5.0177     14.874    32.7896    25.2757 0.0000e+00
 228.521798     16.000  35.535232     9.5495     4.9175     15.866    32.7986    25.3076 0.0000e+00
 228.521817     17.000  35.364173     9.3895     4.6580     16.857    32.7687    25.3100 0.0000e+00
 228.521837     18.000  35.247479     9.2280     4.3138     17.849    32.7962    25.3571 0.0000e+00
 228.521857     19.000  34.863357     8.7845     4.2318     18.841    32.8054    25.4336 0.0000e+00
 228.521877     20.000  34.661244     8.5503     4.1738     19.832    32.8105    25.4734 0.0000e+00
 228.521896     21.000  34.585965     8.3937     4.0655     20.824    32.8767    25.5488 0.0000e+00
 228.521916     22.000  34.541958     8.2771     4.0071     21.815    32.9388    25.6149 0.0000e+00
 228.521937     23.000  34.540904     8.2579     3.9500     22.807    32.9553    25.6307 0.0000e+00
 228.521958     24.000  34.541648     8.2364     3.8956     23.798    32.9757    25.6500 0.0000e+00
 228.521979     25.000  34.555285     8.2245     3.8775     24.790    33.0009    25.6714 0.0000e+00
 228.521999     26.000  34.560031     8.2241     3.8532     25.781    33.0059    25.6754 0.0000e+00
 228.522019     27.000  34.568785     8.2252     3.8469     26.773    33.0136    25.6813 0.0000e+00
 228.522039     28.000  34.571336     8.2291     3.8285     27.764    33.0122    25.6797 0.0000e+00
 228.522059     29.000  34.568119     8.2240     3.8277     28.756    33.0131    25.6811 0.0000e+00
 228.522079     30.000  34.562986     8.2134     3.8131     29.748    33.0172    25.6859 0.0000e+00
 228.522098     31.000  34.560524     8.2181     3.8126     30.739    33.0097    25.6794 0.0000e+00
 228.522118     32.000  34.557884     8.2187     3.7999     31.731    33.0058    25.6763 0.0000e+00
 228.522138     33.000  34.558346     8.2181     3.7818     32.722    33.0065    25.6769 0.0000e+00
 228.522158     34.000  34.555601     8.2119     3.7673     33.714    33.0089    25.6797 0.0000e+00
 228.522178     35.000  34.550386     8.2082     3.7616     34.705    33.0063    25.6783 0.0000e+00
 228.522199     36.000  34.549997     8.2110     3.7643     35.696    33.0029    25.6751 0.0000e+00
 228.522220     37.000  34.551535     8.2154     3.7537     36.688    32.9998    25.6721 0.0000e+00
 228.522241     38.000  34.549573     8.2172     3.7556     37.679    32.9957    25.6686 0.0000e+00
 228.522261     39.000  34.546404     8.2185     3.7366     38.671    32.9906    25.6645 0.0000e+00
 228.522282     40.000  34.545689     8.2179     3.7215     39.662    32.9899    25.6640 0.0000e+00
 228.522305     41.000  34.545470     8.2178     3.7064     40.654    32.9894    25.6636 0.0000e+00
 228.522332     42.000  34.541089     8.2133     3.7087     41.645    32.9885    25.6636 0.0000e+00
