data/oxygen options/ONMS/Olympic_Coast_National_Marine_Sanctuary_CTD_Data_2005_2023/raw_data/2010/CAST_CA042_100210faed.cnv
* Sea-Bird SBE19 Data File:
* FileName = C:\Documents and Settings\OCNMS\Desktop\2010 mooring data\third service\CAST_CA042_100210.hex
* Software Version 1.24
* Temperature SN = 2997
* Conductivity SN = 2997
* System UpLoad Time = Oct 02 2010 16:56:29
** CAST_CA042_100210
* SEACAT PROFILER V3.1c SN 2997   10/02/10  16:54:53.261
# nquan = 9                                 
# nvalues = 642                         
# units = specified
# name 0 = timeJ: Julian Days
# name 1 = prSM: Pressure, Strain Gauge [db]
# name 2 = c0mS/cm: Conductivity [mS/cm]
# name 3 = t090C: Temperature [ITS-90, deg C]
# name 4 = sbeox0ML/L: Oxygen, SBE 43 [ml/l]
# name 5 = depSM: Depth [salt water, m], lat = 47.5
# name 6 = sal00: Salinity, Practical [PSU]
# name 7 = sigma-é00: Density [sigma-theta, kg/m^3]
# name 8 = flag: flag
# span 0 = 275.494977, 275.498686       
# span 1 =     -4.936,     42.638       
# span 2 =   0.017181,  37.972177       
# span 3 =     8.4873,    14.9209       
# span 4 =    -1.9447,    11.7247       
# span 5 =     -4.895,     42.278       
# span 6 =     0.0149,    33.2231       
# span 7 =    -0.8713,    25.8054       
# span 8 = 0.0000e+00, 0.0000e+00       
# interval = seconds: 0.5
# start_time = Oct 02 2010 11:52:46 [Instrument's time stamp, header]
# bad_flag = -9.990e-29
*END*
[from data line 321]
 275.496834     41.822  34.903696     8.5167     3.0204     41.469    33.0870    25.6954 -9.990e-29
 275.496840     41.864  34.899413     8.5150     3.0028     41.510    33.0840    25.6934 -9.990e-29
 275.496846     41.895  34.898120     8.5159     3.0110     41.541    33.0818    25.6915 -9.990e-29
 275.496852     41.908  34.899718     8.5182     3.0071     41.554    33.0813    25.6908 -9.990e-29
 275.496858     41.909  34.901247     8.5205     3.0112     41.555    33.0808    25.6900 -9.990e-29
 275.496863     41.906  34.901338     8.5216     3.0125     41.552    33.0798    25.6891 -9.990e-29
 275.496869     41.908  34.900061     8.5206     3.0130     41.554    33.0794    25.6889 -9.990e-29
 275.496875     41.919  34.897344     8.5194     3.0092     41.565    33.0777    25.6878 -9.990e-29
 275.496881     41.931  34.895671     8.5208     3.0057     41.577    33.0746    25.6851 -9.990e-29
 275.496887     41.933  34.896675     8.5240     3.0003     41.579    33.0727    25.6831 -9.990e-29
 275.496892     41.923  34.898284     8.5265     3.0050     41.569    33.0720    25.6822 -9.990e-29
 275.496898     41.911  34.898116     8.5275     3.0100     41.557    33.0709    25.6812 -9.990e-29
 275.496904     41.904  34.895897     8.5277     3.0117     41.550    33.0684    25.6792 -9.990e-29
 275.496910     41.905  34.893096     8.5273     3.0053     41.551    33.0658    25.6773 -9.990e-29
 275.496916     41.911  34.890963     8.5259     2.9998     41.557    33.0649    25.6767 -9.990e-29
 275.496921     41.918  34.889402     8.5243     2.9994     41.564    33.0647    25.6769 -9.990e-29
 275.496927     41.930  34.888519     8.5233     3.0090     41.576    33.0647    25.6770 -9.990e-29
 275.496933     41.952  34.888203     8.5225     3.0065     41.598    33.0652    25.6775 -9.990e-29
 275.496939     41.983  34.886301     8.5202     3.0047     41.628    33.0653    25.6779 -9.990e-29
 275.496944     42.014  34.881347     8.5168     3.0032     41.659    33.0632    25.6768 -9.990e-29
 275.496950     42.035  34.876195     8.5150     3.0017     41.680    33.0595    25.6742 -9.990e-29
 275.496956     42.035  34.875116     8.5165     3.0052     41.680    33.0570    25.6719 -9.990e-29
 275.496962     42.013  34.877178     8.5209     3.0056     41.658    33.0550    25.6698 -9.990e-29
 275.496968     41.977  34.878923     8.5257     3.0060     41.622    33.0524    25.6670 -9.990e-29
 275.496973     41.933  34.879831     8.5281     2.9983     41.579    33.0511    25.6656 -9.990e-29
 275.496979     41.891  34.880500     8.5285     3.0042     41.537    33.0515    25.6658 -9.990e-29
 275.496985     41.862  34.881215     8.5292     3.0056     41.508    33.0516    25.6658 -9.990e-29
 275.496991     41.847  34.881200     8.5298     3.0000     41.494    33.0510    25.6653 -9.990e-29
 275.496997     41.846  34.879264     8.5288     3.0075     41.493    33.0499    25.6645 -9.990e-29
 275.497002     41.859  34.876133     8.5272     3.0056     41.505    33.0481    25.6634 -9.990e-29
 275.497008     41.886  34.873174     8.5255     2.9997     41.532    33.0466    25.6624 -9.990e-29
 275.497014     41.925  34.870308     8.5228     2.9999     41.571    33.0460    25.6624 -9.990e-29
 275.497020     41.966  34.867580     8.5201     2.9968     41.612    33.0457    25.6626 -9.990e-29
 275.497025     41.998  34.865216     8.5189     2.9991     41.643    33.0443    25.6617 -9.990e-29
 275.497031     42.019  34.863927     8.5194     3.0032     41.664    33.0425    25.6601 -9.990e-29
 275.497037     42.031  34.864181     8.5206     3.0036     41.676    33.0416    25.6593 -9.990e-29
 275.497043     42.034  34.864026     8.5210     2.9944     41.679    33.0411    25.6588 -9.990e-29
 275.497049     42.028  34.862645     8.5209     2.9927     41.673    33.0397    25.6578 -9.990e-29
 275.497054     42.013  34.861502     8.5209     3.0002     41.658    33.0385    25.6568 -9.990e-29
 275.497060     41.992  34.861258     8.5204     2.9964     41.637    33.0387    25.6571 -9.990e-29
 275.497066     41.978  34.860978     8.5185     2.9981     41.623    33.0402    25.6585 -9.990e-29
 275.497072     41.981  34.859120     8.5143     3.0039     41.626    33.0422    25.6607 -9.990e-29
 275.497078     42.002  34.855392     8.5076     2.9961     41.647    33.0445    25.6636 -9.990e-29
 275.497083     42.029  34.852047     8.5013     3.0055     41.674    33.0469    25.6664 -9.990e-29
 275.497089     42.047  34.850825     8.5011     2.9905     41.692    33.0458    25.6655 -9.990e-29
 275.497095     42.050  34.850944     8.5080     2.9855     41.695    33.0395    25.6595 -9.990e-29
 275.497101     42.044  34.851376     8.5144     2.9873     41.689    33.0339    25.6542 -9.990e-29
 275.497106     42.043  34.851372     8.5167     2.9946     41.688    33.0318    25.6522 -9.990e-29
 275.497112     42.052  34.850266     8.5168     2.9955     41.697    33.0305    25.6512 -9.990e-29
 275.497118     42.065  34.848471     8.5165     3.0089     41.710    33.0289    25.6499 -9.990e-29
 275.497124     42.077  34.847160     8.5169     2.9952     41.722    33.0271    25.6485 -9.990e-29
 275.497130     42.082  34.847030     8.5177     3.0052     41.727    33.0262    25.6477 -9.990e-29
 275.497135     42.086  34.847557     8.5180     3.0010     41.730    33.0265    25.6479 -9.990e-29
 275.497141     42.093  34.847416     8.5173     3.0034     41.737    33.0270    25.6484 -9.990e-29
 275.497147     42.100  34.846069     8.5162     3.0010     41.744    33.0266    25.6482 -9.990e-29
 275.497153     42.103  34.844166     8.5159     3.0018     41.747    33.0249    25.6469 -9.990e-29
 275.497159     42.101  34.843294     8.5172     2.9901     41.745    33.0228    25.6450 -9.990e-29
 275.497164     42.094  34.844176     8.5195     2.9923     41.738    33.0215    25.6437 -9.990e-29
 275.497170     42.083  34.845399     8.5214     2.9882     41.728    33.0211    25.6431 -9.990e-29
 275.497176     42.066  34.846007     8.5226     2.9941     41.711    33.0206    25.6425 -9.990e-29
 275.497182     42.043  34.846460     8.5229     2.9862     41.688    33.0208    25.6426 -9.990e-29
 275.497188     42.016  34.847011     8.5233     2.9959     41.661    33.0210    25.6427 -9.990e-29
 275.497193     41.996  34.846925     8.5240     2.9865     41.641    33.0203    25.6421 -9.990e-29
 275.497199     41.995  34.845739     8.5247     2.9984     41.640    33.0184    25.6405 -9.990e-29
 275.497205     42.013  34.844878     8.5254     2.9901     41.658    33.0168    25.6391 -9.990e-29
 275.497211     42.038  34.845080     8.5265     2.9982     41.683    33.0160    25.6383 -9.990e-29
 275.497216     42.060  34.845145     8.5276     2.9977     41.705    33.0150    25.6374 -9.990e-29
 275.497222     42.074  34.844809     8.5273     2.9926     41.719    33.0149    25.6374 -9.990e-29
 275.497228     42.082  34.844390     8.5260     2.9885     41.727    33.0157    25.6382 -9.990e-29
 275.497234     42.089  34.843541     8.5251     2.9818     41.733    33.0156    25.6383 -9.990e-29
 275.497240     42.099  34.841337     8.5241     2.9849     41.743    33.0142    25.6373 -9.990e-29
 275.497245     42.113  34.837846     8.5218     2.9944     41.757    33.0127    25.6365 -9.990e-29
 275.497251     42.132  34.834775     8.5197     2.9845     41.776    33.0114    25.6358 -9.990e-29
 275.497257     42.153  34.832711     8.5191     2.9889     41.797    33.0098    25.6346 -9.990e-29
 275.497263     42.173  34.831349     8.5189     2.9814     41.817    33.0086    25.6337 -9.990e-29
 275.497269     42.194  34.830758     8.5186     2.9873     41.838    33.0082    25.6334 -9.990e-29
 275.497274     42.216  34.830361     8.5180     2.9939     41.859    33.0083    25.6336 -9.990e-29
 275.497280     42.236  34.829277     8.5166     2.9993     41.879    33.0085    25.6340 -9.990e-29
 275.497286     42.252  34.828507     8.5157     2.9951     41.895    33.0085    25.6341 -9.990e-29
 275.497292     42.265  34.828910     8.5160     2.9897     41.908    33.0087    25.6342 -9.990e-29
 275.497297     42.275  34.828993     8.5159     2.9804     41.918    33.0088    25.6343 -9.990e-29
 275.497303     42.288  34.827959     8.5153     2.9845     41.931    33.0083    25.6340 -9.990e-29
 275.497309     42.308  34.826316     8.5147     2.9824     41.951    33.0071    25.6332 -9.990e-29
 275.497315     42.329  34.824877     8.5141     2.9899     41.971    33.0062    25.6325 -9.990e-29
 275.497321     42.334  34.824168     8.5144     2.9861     41.976    33.0051    25.6317 -9.990e-29
 275.497326     42.315  34.824011     8.5164     2.9903     41.958    33.0031    25.6298 -9.990e-29
 275.497332     42.275  34.824404     8.5192     2.9938     41.918    33.0009    25.6276 -9.990e-29
 275.497338     42.225  34.825520     8.5213     2.9919     41.868    33.0002    25.6267 -9.990e-29
 275.497344     42.174  34.826822     8.5226     2.9860     41.818    33.0003    25.6266 -9.990e-29
 275.497350     42.132  34.827457     8.5233     2.9885     41.776    33.0004    25.6266 -9.990e-29
 275.497355     42.113  34.827365     8.5233     2.9903     41.757    33.0003    25.6265 -9.990e-29
 275.497361     42.124  34.826633     8.5230     2.9842     41.768    32.9998    25.6262 -9.990e-29
 275.497367     42.163  34.825611     8.5233     2.9840     41.807    32.9984    25.6250 -9.990e-29
 275.497373     42.218  34.824823     8.5228     2.9802     41.861    32.9980    25.6248 -9.990e-29
 275.497378     42.272  34.823986     8.5216     2.9746     41.915    32.9982    25.6252 -9.990e-29
 275.497384     42.311  34.823309     8.5211     2.9843     41.954    32.9980    25.6250 -9.990e-29
 275.497390     42.334  34.823216     8.5218     2.9787     41.976    32.9972    25.6243 -9.990e-29
 275.497396     42.341  34.823231     8.5226     2.9863     41.983    32.9965    25.6236 -9.990e-29
 275.497402     42.334  34.823025     8.5225     2.9895     41.976    32.9964    25.6235 -9.990e-29
 275.497407     42.311  34.822530     8.5225     2.9801     41.954    32.9959    25.6231 -9.990e-29
 275.497413     42.276  34.821854     8.5235     2.9799     41.919    32.9942    25.6217 -9.990e-29
 275.497419     42.235  34.821422     8.5251     2.9843     41.878    32.9923    25.6200 -9.990e-29
 275.497425     42.198  34.821429     8.5262     2.9877     41.842    32.9913    25.6190 -9.990e-29
 275.497431     42.179  34.821532     8.5257     2.9839     41.823    32.9919    25.6195 -9.990e-29
 275.497436     42.192  34.820960     8.5243     2.9803     41.836    32.9926    25.6203 -9.990e-29
 275.497442     42.231  34.819722     8.5234     2.9767     41.874    32.9921    25.6201 -9.990e-29
 275.497448     42.274  34.818611     8.5234     2.9784     41.917    32.9909    25.6191 -9.990e-29
 275.497454     42.299  34.818029     8.5239     2.9817     41.942    32.9898    25.6182 -9.990e-29
 275.497459     42.301  34.817967     8.5245     2.9895     41.944    32.9892    25.6176 -9.990e-29
 275.497465     42.294  34.817991     8.5248     2.9837     41.937    32.9889    25.6174 -9.990e-29
 275.497471     42.296  34.817783     8.5249     2.9898     41.939    32.9886    25.6171 -9.990e-29
 275.497477     42.314  34.817277     8.5249     2.9822     41.957    32.9881    25.6167 -9.990e-29
 275.497483     42.341  34.816565     8.5248     2.9861     41.983    32.9874    25.6162 -9.990e-29
 275.497488     42.362  34.815467     8.5249     2.9895     42.004    32.9862    25.6152 -9.990e-29
 275.497494     42.366  34.814402     8.5253     2.9878     42.008    32.9847    25.6139 -9.990e-29
 275.497500     42.356  34.814396     8.5259     2.9821     41.998    32.9841    25.6134 -9.990e-29
 275.497506     42.349  34.814530     8.5262     2.9846     41.991    32.9840    25.6133 -9.990e-29
 275.497512     42.354  34.814075     8.5259     2.9785     41.996    32.9838    25.6132 -9.990e-29
 275.497517     42.370  34.813191     8.5255     2.9861     42.012    32.9832    25.6128 -9.990e-29
 275.497523     42.395  34.812029     8.5248     2.9895     42.037    32.9826    25.6124 -9.990e-29
 275.497529     42.416  34.811483     8.5246     2.9802     42.058    32.9822    25.6121 -9.990e-29
 275.497535     42.424  34.811592     8.5254     2.9802     42.066    32.9816    25.6115 -9.990e-29
 275.497541     42.418  34.811591     8.5258     2.9766     42.060    32.9812    25.6112 -9.990e-29
 275.497546     42.406  34.811127     8.5253     2.9857     42.048    32.9812    25.6112 -9.990e-29
 275.497552     42.396  34.810350     8.5246     2.9910     42.038    32.9810    25.6112 -9.990e-29
 275.497558     42.392  34.809553     8.5250     2.9912     42.034    32.9798    25.6102 -9.990e-29
 275.497564     42.389  34.809001     8.5261     2.9971     42.031    32.9782    25.6088 -9.990e-29
 275.497569     42.383  34.808724     8.5270     2.9803     42.025    32.9771    25.6078 -9.990e-29
 275.497575     42.374  34.808560     8.5274     2.9846     42.016    32.9765    25.6073 -9.990e-29
 275.497581     42.360  34.808500     8.5276     2.9843     42.002    32.9763    25.6071 -9.990e-29
 275.497587     42.342  34.808672     8.5280     2.9844     41.984    32.9761    25.6068 -9.990e-29
 275.497593     42.322  34.808955     8.5288     2.9745     41.964    32.9757    25.6064 -9.990e-29
 275.497598     42.306  34.808817     8.5295     2.9824     41.949    32.9749    25.6057 -9.990e-29
 275.497604     42.304  34.808284     8.5297     2.9783     41.947    32.9741    25.6050 -9.990e-29
 275.497610     42.319  34.807973     8.5297     2.9801     41.962    32.9738    25.6048 -9.990e-29
 275.497616     42.344  34.807676     8.5294     2.9838     41.986    32.9738    25.6048 -9.990e-29
 275.497622     42.367  34.806648     8.5286     2.9789     42.009    32.9734    25.6046 -9.990e-29
 275.497627     42.385  34.805402     8.5283     2.9825     42.027    32.9724    25.6039 -9.990e-29
 275.497633     42.395  34.804722     8.5288     2.9900     42.037    32.9712    25.6029 -9.990e-29
 275.497639     42.394  34.804468     8.5289     2.9916     42.036    32.9708    25.6026 -9.990e-29
 275.497645     42.382  34.804508     8.5290     2.9913     42.024    32.9708    25.6025 -9.990e-29
 275.497650     42.357  34.804545     8.5297     2.9822     41.999    32.9702    25.6019 -9.990e-29
 275.497656     42.332  34.804280     8.5303     2.9847     41.974    32.9693    25.6012 -9.990e-29
 275.497662     42.325  34.803567     8.5301     2.9791     41.967    32.9688    25.6008 -9.990e-29
 275.497668     42.341  34.802224     8.5287     2.9790     41.983    32.9687    25.6009 -9.990e-29
 275.497674     42.368  34.800347     8.5266     2.9809     42.010    32.9686    25.6012 -9.990e-29
 275.497679     42.394  34.798438     8.5250     2.9789     42.036    32.9681    25.6010 -9.990e-29
 275.497685     42.414  34.797515     8.5248     2.9747     42.056    32.9673    25.6004 -9.990e-29
 275.497691     42.423  34.797672     8.5261     2.9805     42.065    32.9663    25.5994 -9.990e-29
 275.497697     42.427  34.797647     8.5274     2.9747     42.069    32.9650    25.5983 -9.990e-29
 275.497703     42.439  34.797057     8.5275     2.9823     42.080    32.9643    25.5977 -9.990e-29
 275.497708     42.467  34.796444     8.5269     2.9782     42.108    32.9642    25.5977 -9.990e-29
 275.497714     42.506  34.795760     8.5264     2.9823     42.147    32.9639    25.5976 -9.990e-29
 275.497720     42.541  34.794858     8.5256     2.9788     42.182    32.9637    25.5975 -9.990e-29
 275.497726     42.557  34.794420     8.5249     2.9834     42.197    32.9639    25.5978 -9.990e-29
 275.497731     42.550  34.794629     8.5255     2.9799     42.191    32.9636    25.5974 -9.990e-29
 275.497737     42.533  34.794852     8.5270     2.9819     42.174    32.9624    25.5963 -9.990e-29
 275.497743     42.518  34.795037     8.5280     2.9779     42.159    32.9617    25.5955 -9.990e-29
 275.497749     42.508  34.795082     8.5282     2.9822     42.149    32.9615    25.5954 -9.990e-29
