data/oxygen options/ONMS/Olympic_Coast_National_Marine_Sanctuary_CTD_Data_2005_2023/raw_data/2010/CAST_CE065_101310faed.cnv
* Sea-Bird SBE19 Data File:
* FileName = C:\Documents and Settings\OCNMS\Desktop\2010 mooring data\fourth service\CAST_CE065_101310.hex
* Software Version 1.24
* Temperature SN = 2997
* Conductivity SN = 2997
* System UpLoad Time = Oct 13 2010 10:39:02
** CAST_CE065_101310
* SEACAT PROFILER V3.1c SN 2997   10/13/10  10:37:11.329
# nquan = 9                                 
# nvalues = 991                         
# units = specified
# name 0 = timeJ: Julian Days
# name 1 = prSM: Pressure, Strain Gauge [db]
# name 2 = c0mS/cm: Conductivity [mS/cm]
# name 3 = t090C: Temperature [ITS-90, deg C]
# name 4 = sbeox0ML/L: Oxygen, SBE 43 [ml/l]
# name 5 = depSM: Depth [salt water, m], lat = 47.5
# name 6 = sal00: Salinity, Practical [PSU]
# name 7 = sigma-é00: Density [sigma-theta, kg/m^3]
# name 8 = flag: flag
# span 0 = 286.434595, 286.440324       
# span 1 =     -4.023,     67.031       
# span 2 =   4.850479,  38.118617       
# span 3 =     7.4306,    13.8178       
# span 4 =    -1.6587,    12.2383       
# span 5 =     -3.989,     66.461       
# span 6 =     3.8150,    33.6354       
# span 7 =     2.2701,    26.2835       
# span 8 = 0.0000e+00, 0.0000e+00       
# interval = seconds: 0.5
# start_time = Oct 13 2010 10:25:49 [Instrument's time stamp, header]
# bad_flag = -9.990e-29
*END*
[from data line 161]
 286.435527     -0.229  36.121761    13.8130     6.6194     -0.227    29.7819    22.1959 -9.990e-29
 286.435532     -0.205  36.122132    13.8134     6.6096     -0.203    29.7819    22.1958 -9.990e-29
 286.435538     -0.185  36.122203    13.8136     6.6152     -0.183    29.7818    22.1957 -9.990e-29
 286.435544     -0.168  36.122039    13.8138     6.6065     -0.167    29.7815    22.1954 -9.990e-29
 286.435550     -0.153  36.121952    13.8141     6.6078     -0.152    29.7812    22.1951 -9.990e-29
 286.435556     -0.138  36.122360    13.8140     6.5965     -0.137    29.7817    22.1955 -9.990e-29
 286.435561     -0.124  36.123219    13.8137     6.5996     -0.123    29.7827    22.1963 -9.990e-29
 286.435567     -0.109  36.124524    13.8137     6.6088     -0.108    29.7839    22.1972 -9.990e-29
 286.435573     -0.092  36.125746    13.8138     6.6060     -0.091    29.7849    22.1980 -9.990e-29
 286.435579     -0.076  36.126244    13.8139     6.6207     -0.075    29.7853    22.1983 -9.990e-29
 286.435584     -0.065  36.126653    13.8141     6.6197     -0.064    29.7855    22.1984 -9.990e-29
 286.435590     -0.053  36.128052    13.8145     6.5937     -0.053    29.7865    22.1991 -9.990e-29
 286.435596     -0.036  36.132836    13.8150     6.5874     -0.036    29.7904    22.2020 -9.990e-29
 286.435602     -0.016  36.143437    13.8153     6.5782     -0.016    29.7999    22.2093 -9.990e-29
 286.435608     -0.002  36.151552    13.8151     6.6061     -0.002    29.8075    22.2152 -9.990e-29
 286.435613      0.004  36.149485    13.8147     6.6028      0.004    29.8059    22.2140 -9.990e-29
 286.435619      0.006  36.143973    13.8147     6.6059      0.006    29.8009    22.2101 -9.990e-29
 286.435625      0.013  36.141646    13.8151     6.6174      0.013    29.7984    22.2082 -9.990e-29
 286.435631      0.030  36.144412    13.8159     6.6075      0.030    29.8003    22.2095 -9.990e-29
 286.435637      0.053  36.149211    13.8167     6.6122      0.053    29.8041    22.2122 -9.990e-29
 286.435642      0.076  36.151207    13.8173     6.6197      0.075    29.8054    22.2132 -9.990e-29
 286.435648      0.095  36.151911    13.8178     6.6069      0.094    29.8057    22.2132 -9.990e-29
 286.435654      0.111  36.156155    13.8177     6.6012      0.110    29.8096    22.2163 -9.990e-29
 286.435660      0.127  36.158366    13.8173     6.6160      0.126    29.8120    22.2182 -9.990e-29
 286.435666      0.142  36.152500    13.8169     6.6110      0.141    29.8069    22.2144 -9.990e-29
 286.435671      0.158  36.146393    13.8165     6.6162      0.157    29.8016    22.2104 -9.990e-29
 286.435677      0.175  36.144761    13.8163     6.6121      0.174    29.8003    22.2094 -9.990e-29
 286.435683      0.196  36.145397    13.8163     6.6023      0.194    29.8008    22.2098 -9.990e-29
 286.435689      0.220  36.145198    13.8165     6.5701      0.218    29.8005    22.2095 -9.990e-29
 286.435694      0.255  36.143873    13.8164     6.5914      0.253    29.7994    22.2086 -9.990e-29
 286.435700      0.310  36.141867    13.8155     6.5816      0.307    29.7982    22.2079 -9.990e-29
 286.435706      0.389  36.138159    13.8140     6.5760      0.386    29.7959    22.2065 -9.990e-29
 286.435712      0.485  36.135059    13.8127     6.5192      0.481    29.7941    22.2053 -9.990e-29
 286.435718      0.590  36.135688    13.8123     6.4444      0.585    29.7949    22.2060 -9.990e-29
 286.435723      0.708  36.140855    13.8127     6.3992      0.702    29.7993    22.2093 -9.990e-29
 286.435729      0.841  36.152936    13.8137     6.3463      0.834    29.8095    22.2171 0.0000e+00
 286.435735      0.988  36.186330    13.8154     6.2908      0.980    29.8387    22.2392 0.0000e+00
 286.435741      1.152  36.263685    13.8170     6.2537      1.142    29.9083    22.2926 0.0000e+00
 286.435747      1.330  36.407439    13.8171     6.2139      1.319    30.0398    22.3941 0.0000e+00
 286.435752      1.515  36.575051    13.8158     6.1982      1.502    30.1945    22.5136 0.0000e+00
 286.435758      1.702  36.672309    13.8128     6.2145      1.688    30.2860    22.5849 0.0000e+00
 286.435764      1.891  36.717369    13.8057     6.2205      1.875    30.3329    22.6225 0.0000e+00
 286.435770      2.089  36.781486    13.7953     6.2173      2.072    30.3999    22.6763 0.0000e+00
 286.435775      2.300  36.841985    13.7880     6.2002      2.281    30.4612    22.7250 0.0000e+00
 286.435781      2.516  36.859600    13.7872     6.1658      2.495    30.4779    22.7381 0.0000e+00
 286.435787      2.730  36.848821    13.7906     6.1278      2.707    30.4652    22.7277 0.0000e+00
 286.435793      2.942  36.832223    13.7948     6.0865      2.917    30.4466    22.7124 0.0000e+00
 286.435799      3.157  36.821265    13.7952     6.0606      3.131    30.4361    22.7043 0.0000e+00
 286.435804      3.376  36.852291    13.7864     6.0538      3.348    30.4715    22.7334 0.0000e+00
 286.435810      3.595  36.949271    13.7704     6.0513      3.565    30.5733    22.8151 0.0000e+00
 286.435816      3.813  37.053784    13.7552     6.0338      3.781    30.6815    22.9017 0.0000e+00
 286.435822      4.028  37.119125    13.7438     5.9677      3.994    30.7507    22.9574 0.0000e+00
 286.435828      4.248  37.177472    13.7359     5.8823      4.213    30.8107    23.0053 0.0000e+00
 286.435833      4.468  37.239350    13.7301     5.8082      4.431    30.8723    23.0541 0.0000e+00
 286.435839      4.681  37.280207    13.7233     5.7508      4.642    30.9154    23.0887 0.0000e+00
 286.435845      4.887  37.300697    13.7100     5.7298      4.846    30.9450    23.1142 0.0000e+00
 286.435851      5.092  37.338195    13.6838     5.7237      5.049    31.0007    23.1624 0.0000e+00
 286.435856      5.296  37.413531    13.6505     5.7209      5.252    31.0972    23.2436 0.0000e+00
 286.435862      5.490  37.487032    13.6260     5.7238      5.444    31.1850    23.3163 0.0000e+00
 286.435868      5.664  37.523302    13.6150     5.7373      5.617    31.2275    23.3513 0.0000e+00
 286.435874      5.818  37.533119    13.6112     5.7472      5.769    31.2396    23.3615 0.0000e+00
 286.435880      5.956  37.534019    13.6102     5.7455      5.906    31.2412    23.3629 0.0000e+00
 286.435885      6.088  37.533335    13.6107     5.7181      6.037    31.2401    23.3620 0.0000e+00
 286.435891      6.218  37.534610    13.6120     5.6999      6.166    31.2402    23.3618 0.0000e+00
 286.435897      6.344  37.533910    13.6141     5.6883      6.291    31.2378    23.3595 0.0000e+00
 286.435903      6.472  37.528591    13.6156     5.6758      6.418    31.2316    23.3544 0.0000e+00
 286.435909      6.609  37.526101    13.6119     5.6589      6.554    31.2323    23.3557 0.0000e+00
 286.435914      6.755  37.537100    13.6039     5.6208      6.699    31.2489    23.3701 0.0000e+00
 286.435920      6.902  37.560534    13.5980     5.5940      6.844    31.2754    23.3918 0.0000e+00
 286.435926      7.052  37.577745    13.5961     5.5859      6.993    31.2928    23.4056 0.0000e+00
 286.435932      7.213  37.580267    13.5927     5.5972      7.153    31.2979    23.4102 0.0000e+00
 286.435938      7.405  37.585440    13.5823     5.6070      7.343    31.3111    23.4225 0.0000e+00
 286.435943      7.643  37.613583    13.5658     5.6148      7.579    31.3506    23.4563 0.0000e+00
 286.435949      7.918  37.662966    13.5497     5.6227      7.852    31.4095    23.5050 0.0000e+00
 286.435955      8.209  37.708619    13.5388     5.6344      8.140    31.4608    23.5468 0.0000e+00
 286.435961      8.499  37.732922    13.5332     5.6422      8.428    31.4878    23.5688 0.0000e+00
 286.435966      8.777  37.741348    13.5300     5.6515      8.704    31.4982    23.5775 0.0000e+00
 286.435972      9.039  37.743416    13.5267     5.6576      8.963    31.5027    23.5817 0.0000e+00
 286.435978      9.290  37.742971    13.5226     5.6628      9.212    31.5056    23.5847 0.0000e+00
 286.435984      9.536  37.742191    13.5188     5.6630      9.456    31.5079    23.5872 0.0000e+00
 286.435990      9.784  37.742807    13.5157     5.6655      9.702    31.5109    23.5902 0.0000e+00
 286.435995     10.042  37.745608    13.5127     5.6754      9.958    31.5159    23.5947 0.0000e+00
 286.436001     10.314  37.749255    13.5095     5.6749     10.228    31.5218    23.5999 0.0000e+00
 286.436007     10.599  37.751856    13.5065     5.6797     10.510    31.5266    23.6042 0.0000e+00
 286.436013     10.895  37.753302    13.5039     5.6822     10.804    31.5300    23.6073 0.0000e+00
 286.436019     11.194  37.754382    13.5022     5.6846     11.100    31.5323    23.6094 0.0000e+00
 286.436024     11.485  37.755764    13.5016     5.6783     11.389    31.5339    23.6109 0.0000e+00
 286.436030     11.757  37.757576    13.5015     5.6668     11.659    31.5356    23.6122 0.0000e+00
 286.436036     12.005  37.759220    13.5017     5.6609     11.904    31.5369    23.6131 0.0000e+00
 286.436042     12.230  37.760066    13.5026     5.6628     12.128    31.5368    23.6129 0.0000e+00
 286.436047     12.431  37.760098    13.5049     5.6602     12.327    31.5349    23.6109 0.0000e+00
 286.436053     12.617  37.758777    13.5077     5.6679     12.511    31.5313    23.6076 0.0000e+00
 286.436059     12.805  37.756005    13.5093     5.6680     12.698    31.5273    23.6042 0.0000e+00
 286.436065     13.010  37.754790    13.5089     5.6672     12.901    31.5264    23.6036 0.0000e+00
 286.436071     13.237  37.758538    13.5073     5.6566     13.126    31.5311    23.6076 0.0000e+00
 286.436076     13.484  37.768304    13.5065     5.6395     13.371    31.5408    23.6152 0.0000e+00
 286.436082     13.749  37.783638    13.5082     5.6433     13.634    31.5535    23.6247 0.0000e+00
 286.436088     14.027  37.802551    13.5123     5.6415     13.909    31.5676    23.6348 0.0000e+00
 286.436094     14.315  37.825019    13.5183     5.6547     14.195    31.5834    23.6458 0.0000e+00
 286.436100     14.614  37.857443    13.5237     5.6543     14.492    31.6090    23.6645 0.0000e+00
 286.436105     14.921  37.896520    13.5252     5.6529     14.796    31.6439    23.6912 0.0000e+00
 286.436111     15.227  37.925964    13.5231     5.6489     15.099    31.6729    23.7140 0.0000e+00
 286.436117     15.519  37.942983    13.5197     5.6284     15.389    31.6914    23.7290 0.0000e+00
 286.436123     15.797  37.954555    13.5162     5.6146     15.665    31.7050    23.7402 0.0000e+00
 286.436128     16.059  37.961518    13.5129     5.5948     15.924    31.7141    23.7479 0.0000e+00
 286.436134     16.311  37.964726    13.5094     5.5920     16.174    31.7199    23.7531 0.0000e+00
 286.436140     16.563  37.966755    13.5044     5.5951     16.424    31.7258    23.7587 0.0000e+00
 286.436146     16.824  37.968608    13.4973     5.5970     16.683    31.7333    23.7659 0.0000e+00
 286.436152     17.088  37.970492    13.4888     5.5980     16.945    31.7420    23.7744 0.0000e+00
 286.436157     17.350  37.972658    13.4800     5.5946     17.204    31.7513    23.7833 0.0000e+00
 286.436163     17.607  37.975168    13.4725     5.5840     17.459    31.7598    23.7913 0.0000e+00
 286.436169     17.852  37.977422    13.4682     5.5797     17.702    31.7653    23.7965 0.0000e+00
 286.436175     18.089  37.978480    13.4662     5.5828     17.937    31.7679    23.7989 0.0000e+00
 286.436181     18.324  37.978610    13.4632     5.5874     18.170    31.7704    23.8014 0.0000e+00
 286.436186     18.564  37.980206    13.4581     5.5933     18.408    31.7761    23.8068 0.0000e+00
 286.436192     18.806  37.984256    13.4528     5.5900     18.648    31.7841    23.8141 0.0000e+00
 286.436198     19.040  37.988292    13.4496     5.5966     18.880    31.7905    23.8197 0.0000e+00
 286.436204     19.261  37.990387    13.4490     5.6005     19.099    31.7928    23.8216 0.0000e+00
 286.436209     19.468  37.990509    13.4497     5.6027     19.305    31.7923    23.8211 0.0000e+00
 286.436215     19.671  37.988800    13.4499     5.5914     19.506    31.7905    23.8196 0.0000e+00
 286.436221     19.878  37.988007    13.4484     5.5616     19.711    31.7909    23.8202 0.0000e+00
 286.436227     20.091  37.990415    13.4472     5.5562     19.922    31.7941    23.8229 0.0000e+00
 286.436233     20.304  37.992488    13.4473     5.5586     20.134    31.7958    23.8243 0.0000e+00
 286.436238     20.520  37.991925    13.4463     5.5628     20.348    31.7960    23.8247 0.0000e+00
 286.436244     20.751  37.990756    13.4410     5.5767     20.577    31.7993    23.8282 0.0000e+00
 286.436250     21.013  37.990766    13.4295     5.5841     20.837    31.8088    23.8378 0.0000e+00
 286.436256     21.300  37.991388    13.4153     5.5925     21.121    31.8211    23.8502 0.0000e+00
 286.436262     21.592  37.992310    13.4057     5.6074     21.411    31.8298    23.8589 0.0000e+00
 286.436267     21.869  37.994175    13.4025     5.6069     21.685    31.8341    23.8628 0.0000e+00
 286.436273     22.128  37.995519    13.4030     5.6152     21.942    31.8349    23.8633 0.0000e+00
 286.436279     22.381  37.995871    13.4046     5.6311     22.193    31.8338    23.8622 0.0000e+00
 286.436285     22.639  37.997360    13.4055     5.6366     22.449    31.8343    23.8624 0.0000e+00
 286.436291     22.906  38.001954    13.4064     5.6293     22.714    31.8377    23.8649 0.0000e+00
 286.436296     23.178  38.009030    13.4091     5.6256     22.983    31.8420    23.8676 0.0000e+00
 286.436302     23.446  38.018475    13.4132     5.6244     23.249    31.8473    23.8709 0.0000e+00
 286.436308     23.697  38.028852    13.4164     5.6240     23.498    31.8542    23.8756 0.0000e+00
 286.436314     23.917  38.034358    13.4175     5.6249     23.716    31.8583    23.8786 0.0000e+00
 286.436319     24.112  38.033908    13.4176     5.6144     23.909    31.8577    23.8781 0.0000e+00
 286.436325     24.298  38.030805    13.4177     5.6168     24.094    31.8547    23.8758 0.0000e+00
 286.436331     24.479  38.029300    13.4179     5.6236     24.273    31.8530    23.8744 0.0000e+00
 286.436337     24.649  38.032970    13.4183     5.6252     24.442    31.8560    23.8767 0.0000e+00
 286.436343     24.805  38.036039    13.4183     5.6399     24.597    31.8588    23.8789 0.0000e+00
 286.436348     24.954  38.033051    13.4180     5.6594     24.744    31.8562    23.8769 0.0000e+00
 286.436354     25.105  38.029528    13.4180     5.6686     24.894    31.8529    23.8744 0.0000e+00
 286.436360     25.267  38.029720    13.4185     5.6859     25.055    31.8526    23.8740 0.0000e+00
 286.436366     25.447  38.034425    13.4196     5.6864     25.233    31.8560    23.8764 0.0000e+00
 286.436372     25.643  38.044292    13.4207     5.6846     25.427    31.8642    23.8826 0.0000e+00
 286.436377     25.854  38.056764    13.4213     5.6920     25.637    31.8752    23.8910 0.0000e+00
 286.436383     26.087  38.069395    13.4213     5.6995     25.868    31.8869    23.9000 0.0000e+00
 286.436389     26.342  38.083875    13.4204     5.7120     26.120    31.9011    23.9112 0.0000e+00
 286.436395     26.610  38.102118    13.4155     5.7042     26.386    31.9221    23.9284 0.0000e+00
 286.436400     26.874  38.114799    13.4054     5.7026     26.648    31.9423    23.9460 0.0000e+00
 286.436406     27.125  38.114704    13.3960     5.6964     26.897    31.9500    23.9538 0.0000e+00
 286.436412     27.358  38.111213    13.3928     5.6928     27.128    31.9493    23.9539 0.0000e+00
 286.436418     27.566  38.110855    13.3949     5.6881     27.334    31.9471    23.9518 0.0000e+00
 286.436424     27.757  38.111449    13.3979     5.6776     27.523    31.9451    23.9497 0.0000e+00
 286.436429     27.953  38.110964    13.3972     5.6749     27.718    31.9451    23.9499 0.0000e+00
 286.436435     28.166  38.109855    13.3916     5.6757     27.929    31.9487    23.9538 0.0000e+00
 286.436441     28.392  38.109426    13.3840     5.6858     28.153    31.9546    23.9598 0.0000e+00
