data/oxygen options/ONMS/Olympic_Coast_National_Marine_Sanctuary_CTD_Data_2005_2023/raw_data/2010/CAST_CE015_060510faed.cnv
* Sea-Bird SBE19 Data File:
* FileName = C:\Program Files\Sea-Bird\SeaTermAF\CAST_CE015_060510.hex
* Software Version 1.24
* Temperature SN = 2997
* Conductivity SN = 2997
* System UpLoad Time = Jun 05 2010 19:17:22
** CAST_CE015_060510
* SEACAT PROFILER V3.1c SN 2997   06/05/10  19:15:23.780
# nquan = 9                                 
# nvalues = 820                         
# units = specified
# name 0 = timeJ: Julian Days
# name 1 = prSM: Pressure, Strain Gauge [db]
# name 2 = c0mS/cm: Conductivity [mS/cm]
# name 3 = t090C: Temperature [ITS-90, deg C]
# name 4 = sbeox0ML/L: Oxygen, SBE 43 [ml/l]
# name 5 = depSM: Depth [salt water, m], lat = 47.5
# name 6 = sal00: Salinity, Practical [PSU]
# name 7 = sigma-é00: Density [sigma-theta, kg/m^3]
# name 8 = flag: flag
# span 0 = 156.638970, 156.643709       
# span 1 =     -5.484,     17.124       
# span 2 =  -0.001564,  34.691180       
# span 3 =    11.2641,    16.1852       
# span 4 =    -1.9135,    14.0330       
# span 5 =     -5.438,     16.980       
# span 6 =     0.0000,    30.4604       
# span 7 =    -1.0860,    23.1972       
# span 8 = 0.0000e+00, 0.0000e+00       
# interval = seconds: 0.5
# start_time = Jun 05 2010 15:20:07 [Instrument's time stamp, header]
# bad_flag = -9.990e-29
*END*
[from data line 481]
 156.641753      2.061  28.390220    14.2667     7.1602      2.044    22.5544    16.5430 -9.990e-29
 156.641759      2.038  28.389861    14.2797     7.1597      2.021    22.5465    16.5345 -9.990e-29
 156.641765      2.012  28.389203    14.2988     7.1490      1.995    22.5349    16.5219 -9.990e-29
 156.641771      1.986  28.387928    14.3189     7.1465      1.969    22.5221    16.5083 -9.990e-29
 156.641777      1.958  28.386763    14.3340     7.1553      1.942    22.5123    16.4979 -9.990e-29
 156.641782      1.926  28.385833    14.3408     7.1575      1.910    22.5076    16.4930 -9.990e-29
 156.641788      1.893  28.384649    14.3417     7.1534      1.877    22.5060    16.4916 -9.990e-29
 156.641794      1.864  28.382757    14.3401     7.1501      1.848    22.5053    16.4914 -9.990e-29
 156.641800      1.839  28.380621    14.3392     7.1591      1.824    22.5040    16.4905 -9.990e-29
 156.641806      1.811  28.379313    14.3411     7.1686      1.796    22.5018    16.4884 -9.990e-29
 156.641811      1.783  28.378768    14.3447     7.1718      1.768    22.4992    16.4858 -9.990e-29
 156.641817      1.757  28.378262    14.3480     7.1745      1.742    22.4969    16.4834 -9.990e-29
 156.641823      1.732  28.377682    14.3499     7.1682      1.718    22.4953    16.4818 -9.990e-29
 156.641829      1.705  28.377376    14.3508     7.1522      1.691    22.4945    16.4810 -9.990e-29
 156.641834      1.677  28.377500    14.3522     7.1480      1.663    22.4938    16.4802 -9.990e-29
 156.641840      1.648  28.378220    14.3554     7.1328      1.634    22.4926    16.4786 -9.990e-29
 156.641846      1.621  28.379380    14.3606     7.1329      1.607    22.4906    16.4761 -9.990e-29
 156.641852      1.594  28.380292    14.3667     7.1384      1.581    22.4878    16.4729 -9.990e-29
 156.641858      1.571  28.381055    14.3724     7.1469      1.558    22.4852    16.4698 -9.990e-29
 156.641863      1.554  28.382129    14.3785     7.1416      1.541    22.4826    16.4666 -9.990e-29
 156.641869      1.542  28.383271    14.3864     7.1338      1.529    22.4791    16.4624 -9.990e-29
 156.641875      1.533  28.384327    14.3951     7.1382      1.520    22.4750    16.4576 -9.990e-29
 156.641881      1.524  28.385591    14.4020     7.1394      1.511    22.4721    16.4540 -9.990e-29
 156.641887      1.510  28.386510    14.4061     7.1388      1.497    22.4705    16.4520 -9.990e-29
 156.641892      1.493  28.386636    14.4076     7.1445      1.481    22.4697    16.4512 -9.990e-29
 156.641898      1.477  28.386700    14.4069     7.1498      1.465    22.4702    16.4517 -9.990e-29
 156.641904      1.461  28.386789    14.4047     7.1523      1.449    22.4716    16.4531 -9.990e-29
 156.641910      1.443  28.386466    14.4013     7.1532      1.431    22.4733    16.4551 -9.990e-29
 156.641916      1.428  28.385860    14.3964     7.1490      1.416    22.4756    16.4578 -9.990e-29
 156.641921      1.419  28.385286    14.3912     7.1462      1.407    22.4781    16.4607 -9.990e-29
 156.641927      1.410  28.384539    14.3878     7.1459      1.398    22.4794    16.4624 -9.990e-29
 156.641933      1.396  28.383743    14.3871     7.1449      1.384    22.4791    16.4623 -9.990e-29
 156.641939      1.378  28.383517    14.3883     7.1440      1.366    22.4782    16.4614 -9.990e-29
 156.641944      1.353  28.383562    14.3896     7.1438      1.342    22.4775    16.4606 -9.990e-29
 156.641950      1.324  28.383379    14.3899     7.1440      1.313    22.4772    16.4603 -9.990e-29
 156.641956      1.299  28.383289    14.3903     7.1381      1.288    22.4769    16.4600 -9.990e-29
 156.641962      1.279  28.383734    14.3919     7.1435      1.268    22.4764    16.4592 -9.990e-29
 156.641968      1.263  28.384749    14.3948     7.1386      1.252    22.4756    16.4581 -9.990e-29
 156.641973      1.252  28.386012    14.3982     7.1394      1.242    22.4747    16.4568 -9.990e-29
 156.641979      1.242  28.386969    14.4022     7.1348      1.232    22.4732    16.4549 -9.990e-29
 156.641985      1.236  28.387780    14.4072     7.1328      1.226    22.4710    16.4522 -9.990e-29
 156.641991      1.230  28.388971    14.4117     7.1358      1.220    22.4695    16.4502 -9.990e-29
 156.641997      1.227  28.390452    14.4140     7.1437      1.217    22.4694    16.4497 -9.990e-29
 156.642002      1.224  28.391403    14.4138     7.1475      1.214    22.4704    16.4505 -9.990e-29
 156.642008      1.223  28.391416    14.4121     7.1539      1.213    22.4714    16.4516 -9.990e-29
 156.642014      1.222  28.391071    14.4098     7.1481      1.212    22.4724    16.4528 -9.990e-29
 156.642020      1.222  28.390469    14.4069     7.1451      1.212    22.4736    16.4542 -9.990e-29
 156.642025      1.223  28.389370    14.4032     7.1510      1.213    22.4748    16.4558 -9.990e-29
 156.642031      1.225  28.387989    14.3992     7.1445      1.215    22.4759    16.4575 -9.990e-29
 156.642037      1.229  28.386724    14.3953     7.1533      1.219    22.4770    16.4591 -9.990e-29
 156.642043      1.233  28.385571    14.3916     7.1527      1.223    22.4781    16.4607 -9.990e-29
 156.642049      1.240  28.384672    14.3884     7.1641      1.230    22.4792    16.4621 -9.990e-29
 156.642054      1.248  28.384507    14.3859     7.1722      1.238    22.4805    16.4636 -9.990e-29
 156.642060      1.258  28.384859    14.3834     7.1516      1.247    22.4823    16.4654 -9.990e-29
 156.642066      1.272  28.385078    14.3799     7.1457      1.261    22.4845    16.4678 -9.990e-29
 156.642072      1.290  28.384899    14.3755     7.1392      1.279    22.4869    16.4704 -9.990e-29
 156.642078      1.313  28.384647    14.3718     7.1402      1.302    22.4888    16.4726 -9.990e-29
 156.642083      1.343  28.384545    14.3695     7.1409      1.332    22.4900    16.4740 -9.990e-29
 156.642089      1.381  28.383900    14.3682     7.1393      1.369    22.4902    16.4744 -9.990e-29
 156.642095      1.426  28.382413    14.3692     7.1454      1.414    22.4883    16.4727 -9.990e-29
 156.642101      1.473  28.381459    14.3733     7.1541      1.461    22.4851    16.4695 -9.990e-29
 156.642106      1.514  28.382006    14.3792     7.1643      1.501    22.4821    16.4661 -9.990e-29
 156.642112      1.549  28.383106    14.3838     7.1578      1.536    22.4804    16.4639 -9.990e-29
 156.642118      1.585  28.383990    14.3866     7.1283      1.572    22.4796    16.4627 -9.990e-29
 156.642124      1.623  28.384721    14.3890     7.1148      1.609    22.4788    16.4617 -9.990e-29
 156.642130      1.657  28.385158    14.3915     7.1190      1.643    22.4777    16.4604 -9.990e-29
 156.642135      1.686  28.385327    14.3942     7.1272      1.672    22.4763    16.4588 -9.990e-29
 156.642141      1.710  28.385455    14.3966     7.1316      1.696    22.4750    16.4573 -9.990e-29
 156.642147      1.733  28.385715    14.3982     7.1130      1.719    22.4743    16.4565 -9.990e-29
 156.642153      1.754  28.385896    14.3990     7.1136      1.739    22.4740    16.4561 -9.990e-29
 156.642159      1.776  28.385682    14.3987     7.1161      1.761    22.4740    16.4561 -9.990e-29
 156.642164      1.796  28.385350    14.3968     7.1355      1.781    22.4748    16.4571 -9.990e-29
 156.642170      1.810  28.385020    14.3927     7.1505      1.795    22.4769    16.4595 -9.990e-29
 156.642176      1.824  28.384254    14.3876     7.1623      1.809    22.4791    16.4622 -9.990e-29
 156.642182      1.842  28.383152    14.3848     7.1698      1.827    22.4798    16.4632 -9.990e-29
 156.642188      1.867  28.382483    14.3848     7.1717      1.851    22.4792    16.4628 -9.990e-29
 156.642193      1.895  28.382477    14.3852     7.1618      1.879    22.4790    16.4625 -9.990e-29
 156.642199      1.923  28.382566    14.3844     7.1608      1.907    22.4795    16.4631 -9.990e-29
 156.642205      1.955  28.382311    14.3827     7.1650      1.939    22.4803    16.4640 -9.990e-29
 156.642211      1.987  28.381935    14.3807     7.1653      1.970    22.4811    16.4650 -9.990e-29
 156.642216      2.016  28.381497    14.3780     7.1603      1.999    22.4822    16.4664 -9.990e-29
 156.642222      2.042  28.380976    14.3747     7.1497      2.025    22.4837    16.4682 -9.990e-29
 156.642228      2.061  28.380798    14.3707     7.1522      2.044    22.4858    16.4706 -9.990e-29
 156.642234      2.078  28.380727    14.3661     7.1612      2.061    22.4884    16.4734 -9.990e-29
 156.642240      2.094  28.380110    14.3620     7.1665      2.077    22.4903    16.4756 -9.990e-29
 156.642245      2.103  28.379245    14.3592     7.1613      2.085    22.4911    16.4768 -9.990e-29
 156.642251      2.105  28.378659    14.3572     7.1562      2.087    22.4918    16.4777 -9.990e-29
 156.642257      2.107  28.378131    14.3553     7.1538      2.089    22.4924    16.4786 -9.990e-29
 156.642263      2.116  28.377519    14.3536     7.1550      2.098    22.4929    16.4792 -9.990e-29
 156.642269      2.131  28.377128    14.3522     7.1573      2.113    22.4933    16.4799 -9.990e-29
 156.642274      2.148  28.377000    14.3506     7.1513      2.130    22.4941    16.4808 -9.990e-29
 156.642280      2.162  28.376405    14.3490     7.1501      2.144    22.4945    16.4814 -9.990e-29
 156.642286      2.171  28.375111    14.3477     7.1503      2.153    22.4942    16.4813 -9.990e-29
 156.642292      2.186  28.374193    14.3470     7.1523      2.168    22.4938    16.4812 -9.990e-29
 156.642297      2.208  28.374107    14.3472     7.1616      2.190    22.4936    16.4810 -9.990e-29
 156.642303      2.229  28.374180    14.3477     7.1628      2.210    22.4933    16.4807 -9.990e-29
 156.642309      2.246  28.373954    14.3480     7.1685      2.227    22.4930    16.4804 -9.990e-29
 156.642315      2.260  28.373687    14.3483     7.1739      2.241    22.4926    16.4800 -9.990e-29
 156.642321      2.273  28.373585    14.3482     7.1731      2.254    22.4925    16.4800 -9.990e-29
 156.642326      2.286  28.373515    14.3474     7.1790      2.267    22.4929    16.4804 -9.990e-29
 156.642332      2.298  28.373385    14.3460     7.1762      2.279    22.4936    16.4812 -9.990e-29
 156.642338      2.311  28.373026    14.3436     7.1794      2.292    22.4947    16.4825 -9.990e-29
 156.642344      2.325  28.372520    14.3401     7.1777      2.306    22.4963    16.4844 -9.990e-29
 156.642350      2.342  28.372313    14.3376     7.1677      2.322    22.4975    16.4859 -9.990e-29
 156.642355      2.363  28.372690    14.3380     7.1594      2.343    22.4976    16.4858 -9.990e-29
 156.642361      2.384  28.373594    14.3405     7.1583      2.364    22.4970    16.4849 -9.990e-29
 156.642367      2.398  28.374554    14.3424     7.1610      2.378    22.4967    16.4843 -9.990e-29
 156.642373      2.407  28.375174    14.3421     7.1495      2.387    22.4974    16.4849 -9.990e-29
 156.642378      2.419  28.375725    14.3415     7.1357      2.399    22.4982    16.4857 -9.990e-29
 156.642384      2.436  28.376384    14.3436     7.1270      2.416    22.4976    16.4848 -9.990e-29
 156.642390      2.449  28.376914    14.3490     7.1413      2.429    22.4949    16.4817 -9.990e-29
 156.642396      2.455  28.377463    14.3559     7.1639      2.434    22.4914    16.4777 -9.990e-29
 156.642402      2.455  28.378203    14.3602     7.1771      2.434    22.4895    16.4754 -9.990e-29
 156.642407      2.452  28.379008    14.3580     7.1768      2.432    22.4915    16.4774 -9.990e-29
 156.642413      2.452  28.379274    14.3509     7.1680      2.432    22.4959    16.4821 -9.990e-29
 156.642419      2.444  28.378801    14.3473     7.1606      2.424    22.4975    16.4840 -9.990e-29
 156.642425      2.417  28.378637    14.3509     7.1579      2.397    22.4953    16.4816 -9.990e-29
 156.642431      2.369  28.379123    14.3561     7.1516      2.349    22.4928    16.4787 -9.990e-29
 156.642436      2.313  28.379788    14.3583     7.1364      2.294    22.4921    16.4777 -9.990e-29
 156.642442      2.258  28.380406    14.3586     7.1264      2.239    22.4925    16.4780 -9.990e-29
 156.642448      2.197  28.381243    14.3614     7.1256      2.179    22.4916    16.4768 -9.990e-29
 156.642454      2.127  28.382299    14.3687     7.1423      2.109    22.4883    16.4728 -9.990e-29
 156.642459      2.046  28.383306    14.3782     7.1573      2.029    22.4837    16.4675 -9.990e-29
 156.642465      1.954  28.384489    14.3875     7.1546      1.938    22.4794    16.4624 -9.990e-29
 156.642471      1.859  28.385565    14.3951     7.1446      1.843    22.4759    16.4583 -9.990e-29
 156.642477      1.766  28.386287    14.4001     7.1366      1.751    22.4737    16.4556 -9.990e-29
 156.642483      1.674  28.386855    14.4046     7.1352      1.660    22.4716    16.4532 -9.990e-29
 156.642488      1.578  28.387435    14.4109     7.1331      1.565    22.4685    16.4496 -9.990e-29
 156.642494      1.475  28.388024    14.4179     7.1214      1.463    22.4650    16.4456 -9.990e-29
 156.642500      1.373  28.387701    14.4237     7.1061      1.362    22.4614    16.4417 -9.990e-29
 156.642506      1.280  28.386568    14.4280     7.1048      1.269    22.4580    16.4382 -9.990e-29
 156.642512      1.205  28.385884    14.4305     7.1097      1.195    22.4559    16.4362 -9.990e-29
 156.642517      1.147  28.384708    14.4315     7.1295      1.137    22.4544    16.4348 -9.990e-29
 156.642523      1.102  28.383123    14.4323     7.1433      1.093    22.4525    16.4332 -9.990e-29
 156.642529      1.068  28.383462    14.4335     7.1444      1.059    22.4521    16.4327 -9.990e-29
 156.642535      1.041  28.386150    14.4346     7.1289      1.032    22.4539    16.4338 -9.990e-29
 156.642541      1.021  28.389147    14.4352     7.1144      1.012    22.4561    16.4354 -9.990e-29
 156.642546      1.007  28.389145    14.4355     7.1168      0.999    22.4560    16.4352 -9.990e-29
 156.642552      0.996  28.387789    14.4359     7.1208      0.988    22.4545    16.4341 -9.990e-29
 156.642558      0.990  28.389400    14.4362     7.1142      0.982    22.4558    16.4350 -9.990e-29
 156.642564      0.986  28.392177    14.4364     7.1066      0.978    22.4581    16.4367 -9.990e-29
 156.642569      0.985  28.393640    14.4367     7.1033      0.977    22.4592    16.4375 -9.990e-29
 156.642575      0.988  28.394031    14.4372     7.1000      0.980    22.4592    16.4374 -9.990e-29
 156.642581      0.993  28.393282    14.4379     7.1114      0.985    22.4582    16.4365 -9.990e-29
 156.642587      1.002  28.392045    14.4385     7.1215      0.994    22.4567    16.4353 -9.990e-29
 156.642593      1.020  28.391437    14.4387     7.1245      1.011    22.4561    16.4347 -9.990e-29
 156.642598      1.051  28.391739    14.4386     7.1332      1.042    22.4564    16.4350 -9.990e-29
 156.642604      1.093  28.392765    14.4382     7.1392      1.084    22.4575    16.4359 -9.990e-29
 156.642610      1.145  28.393615    14.4380     7.1408      1.135    22.4584    16.4366 -9.990e-29
 156.642616      1.210  28.393716    14.4378     7.1469      1.200    22.4585    16.4368 -9.990e-29
 156.642622      1.293  28.393732    14.4371     7.1450      1.282    22.4589    16.4372 -9.990e-29
 156.642627      1.393  28.393653    14.4357     7.1435      1.381    22.4597    16.4381 -9.990e-29
 156.642633      1.506  28.392786    14.4336     7.1394      1.493    22.4601    16.4388 -9.990e-29
 156.642639      1.624  28.391624    14.4310     7.1530      1.610    22.4605    16.4396 -9.990e-29
 156.642645      1.752  28.390827    14.4264     7.1713      1.737    22.4625    16.4420 0.0000e+00
 156.642650      1.892  28.389302    14.4177     7.1526      1.876    22.4661    16.4465 0.0000e+00
 156.642656      2.047  28.386663    14.4048     7.1259      2.030    22.4712    16.4529 0.0000e+00
 156.642662      2.215  28.384398    14.3909     7.1263      2.197    22.4773    16.4601 0.0000e+00
 156.642668      2.393  28.383374    14.3787     7.1597      2.373    22.4834    16.4672 0.0000e+00
