data/oxygen options/ONMS/Olympic_Coast_National_Marine_Sanctuary_CTD_Data_2005_2023/raw_data/2010/CAST_MB042_052710faed.cnv
* Sea-Bird SBE19 Data File:
* FileName = C:\Program Files\Sea-Bird\SeaTermAF\CAST_MB042_052710.hex
* Software Version 1.24
* Temperature SN = 2997
* Conductivity SN = 2997
* System UpLoad Time = May 27 2010 17:07:41
** CAST_MB042_052710
* SEACAT PROFILER V3.1c SN 2997   05/27/10  17:07:13.106
# nquan = 9                                 
# nvalues = 853                         
# units = specified
# name 0 = timeJ: Julian Days
# name 1 = prSM: Pressure, Strain Gauge [db]
# name 2 = c0mS/cm: Conductivity [mS/cm]
# name 3 = t090C: Temperature [ITS-90, deg C]
# name 4 = sbeox0ML/L: Oxygen, SBE 43 [ml/l]
# name 5 = depSM: Depth [salt water, m], lat = 47.5
# name 6 = sal00: Salinity, Practical [PSU]
# name 7 = sigma-é00: Density [sigma-theta, kg/m^3]
# name 8 = flag: flag
# span 0 = 147.528252, 147.533183       
# span 1 =     -5.212,     43.073       
# span 2 =  -0.001381,  35.060356       
# span 3 =     9.1676,    12.4658       
# span 4 =   -12.3928,    13.8739       
# span 5 =     -5.169,     42.709       
# span 6 =     0.0000,    32.4721       
# span 7 =    -0.5013,    25.1133       
# span 8 = 0.0000e+00, 0.0000e+00       
# interval = seconds: 0.5
# start_time = May 27 2010 12:40:41 [Instrument's time stamp, header]
# bad_flag = -9.990e-29
*END*
[from data line 321]
 147.530110      0.625  34.153466    12.3291     6.4973      0.620    29.1022    21.9537 -9.990e-29
 147.530116      0.631  34.153764    12.3294     6.5052      0.626    29.1023    21.9537 -9.990e-29
 147.530122      0.634  34.154077    12.3293     6.5133      0.629    29.1027    21.9540 -9.990e-29
 147.530127      0.634  34.154252    12.3293     6.5106      0.629    29.1028    21.9541 -9.990e-29
 147.530133      0.632  34.154512    12.3293     6.5212      0.627    29.1031    21.9543 -9.990e-29
 147.530139      0.632  34.154634    12.3289     6.5158      0.627    29.1035    21.9547 -9.990e-29
 147.530145      0.638  34.154212    12.3284     6.5116      0.633    29.1035    21.9548 -9.990e-29
 147.530150      0.647  34.153793    12.3281     6.5024      0.642    29.1033    21.9547 -9.990e-29
 147.530156      0.654  34.153929    12.3285     6.5039      0.649    29.1031    21.9545 -9.990e-29
 147.530162      0.660  34.154233    12.3294     6.5086      0.654    29.1027    21.9540 -9.990e-29
 147.530168      0.665  34.154539    12.3301     6.5097      0.659    29.1025    21.9537 -9.990e-29
 147.530174      0.670  34.154685    12.3300     6.4975      0.664    29.1027    21.9539 -9.990e-29
 147.530179      0.675  34.154296    12.3294     6.4986      0.669    29.1028    21.9540 -9.990e-29
 147.530185      0.681  34.153965    12.3291     6.5001      0.675    29.1027    21.9540 -9.990e-29
 147.530191      0.687  34.154361    12.3295     6.5031      0.681    29.1028    21.9540 -9.990e-29
 147.530197      0.694  34.154881    12.3300     6.5072      0.688    29.1029    21.9540 -9.990e-29
 147.530203      0.703  34.155088    12.3300     6.5109      0.697    29.1030    21.9541 -9.990e-29
 147.530208      0.713  34.154686    12.3290     6.5119      0.707    29.1034    21.9546 -9.990e-29
 147.530214      0.727  34.153130    12.3276     6.5121      0.721    29.1030    21.9546 -9.990e-29
 147.530220      0.740  34.151699    12.3274     6.4976      0.734    29.1018    21.9537 -9.990e-29
 147.530226      0.744  34.151837    12.3281     6.4863      0.738    29.1014    21.9532 -9.990e-29
 147.530231      0.741  34.152597    12.3283     6.4788      0.735    29.1020    21.9536 -9.990e-29
 147.530237      0.737  34.152739    12.3279     6.4868      0.731    29.1024    21.9541 -9.990e-29
 147.530243      0.738  34.152446    12.3273     6.5012      0.732    29.1026    21.9543 -9.990e-29
 147.530249      0.743  34.151878    12.3272     6.5066      0.737    29.1022    21.9540 -9.990e-29
 147.530255      0.749  34.151388    12.3276     6.5010      0.743    29.1014    21.9533 -9.990e-29
 147.530260      0.747  34.151994    12.3279     6.4955      0.741    29.1017    21.9535 -9.990e-29
 147.530266      0.737  34.152812    12.3276     6.4930      0.731    29.1027    21.9543 -9.990e-29
 147.530272      0.726  34.152122    12.3262     6.4944      0.720    29.1032    21.9549 -9.990e-29
 147.530278      0.724  34.150116    12.3239     6.4971      0.718    29.1031    21.9553 -9.990e-29
 147.530284      0.734  34.148032    12.3219     6.4966      0.728    29.1027    21.9553 -9.990e-29
 147.530289      0.752  34.147003    12.3214     6.4967      0.746    29.1021    21.9549 -9.990e-29
 147.530295      0.771  34.147330    12.3220     6.5033      0.765    29.1019    21.9547 -9.990e-29
 147.530301      0.783  34.148317    12.3229     6.5043      0.776    29.1021    21.9547 -9.990e-29
 147.530307      0.786  34.149029    12.3237     6.5038      0.779    29.1022    21.9546 -9.990e-29
 147.530313      0.783  34.149283    12.3240     6.5086      0.776    29.1022    21.9546 -9.990e-29
 147.530318      0.783  34.149410    12.3239     6.5083      0.776    29.1024    21.9547 -9.990e-29
 147.530324      0.790  34.149569    12.3240     6.5016      0.783    29.1025    21.9548 -9.990e-29
 147.530330      0.800  34.149963    12.3245     6.4991      0.793    29.1024    21.9547 -9.990e-29
 147.530336      0.806  34.150546    12.3252     6.5096      0.799    29.1024    21.9545 -9.990e-29
 147.530341      0.808  34.151525    12.3263     6.5068      0.801    29.1025    21.9544 -9.990e-29
 147.530347      0.815  34.152515    12.3280     6.5080      0.808    29.1021    21.9538 -9.990e-29
 147.530353      0.826  34.152586    12.3306     6.5055      0.819    29.1002    21.9518 -9.990e-29
 147.530359      0.834  34.152383    12.3330     6.5010      0.827    29.0981    21.9498 -9.990e-29
 147.530365      0.836  34.152562    12.3331     6.5107      0.829    29.0982    21.9498 -9.990e-29
 147.530370      0.831  34.152815    12.3307     6.5056      0.824    29.1003    21.9519 -9.990e-29
 147.530376      0.823  34.152818    12.3289     6.5040      0.816    29.1017    21.9533 -9.990e-29
 147.530382      0.821  34.152714    12.3284     6.5093      0.814    29.1020    21.9536 -9.990e-29
 147.530388      0.825  34.152879    12.3283     6.5157      0.818    29.1022    21.9538 -9.990e-29
 147.530394      0.825  34.153100    12.3286     6.5198      0.818    29.1022    21.9538 -9.990e-29
 147.530399      0.822  34.153244    12.3290     6.5182      0.815    29.1020    21.9535 -9.990e-29
 147.530405      0.825  34.153631    12.3294     6.5076      0.818    29.1021    21.9535 -9.990e-29
 147.530411      0.833  34.154349    12.3297     6.5101      0.826    29.1025    21.9538 -9.990e-29
 147.530417      0.843  34.154803    12.3297     6.5113      0.836    29.1030    21.9541 -9.990e-29
 147.530422      0.855  34.154609    12.3298     6.5126      0.848    29.1027    21.9539 -9.990e-29
 147.530428      0.867  34.154198    12.3304     6.5139      0.860    29.1018    21.9531 -9.990e-29
 147.530434      0.873  34.153713    12.3309     6.5177      0.866    29.1010    21.9524 -9.990e-29
 147.530440      0.876  34.153200    12.3309     6.5128      0.869    29.1005    21.9520 -9.990e-29
 147.530446      0.874  34.153226    12.3309     6.5110      0.867    29.1005    21.9520 -9.990e-29
 147.530451      0.869  34.153955    12.3311     6.5164      0.862    29.1011    21.9524 -9.990e-29
 147.530457      0.863  34.154809    12.3317     6.5162      0.856    29.1014    21.9526 -9.990e-29
 147.530463      0.866  34.155375    12.3327     6.5187      0.859    29.1012    21.9522 -9.990e-29
 147.530469      0.876  34.155978    12.3338     6.5173      0.869    29.1009    21.9518 -9.990e-29
 147.530475      0.887  34.156433    12.3345     6.5147      0.880    29.1008    21.9516 -9.990e-29
 147.530480      0.894  34.156354    12.3348     6.5144      0.887    29.1004    21.9513 -9.990e-29
 147.530486      0.899  34.156329    12.3347     6.5144      0.891    29.1005    21.9513 -9.990e-29
 147.530492      0.900  34.156455    12.3345     6.5145      0.892    29.1008    21.9516 -9.990e-29
 147.530498      0.900  34.156468    12.3348     6.5014      0.892    29.1006    21.9513 -9.990e-29
 147.530503      0.901  34.156516    12.3355     6.4916      0.893    29.1001    21.9508 -9.990e-29
 147.530509      0.909  34.156795    12.3362     6.4837      0.901    29.0998    21.9505 -9.990e-29
 147.530515      0.918  34.157805    12.3371     6.4982      0.910    29.1000    21.9505 -9.990e-29
 147.530521      0.927  34.159345    12.3376     6.5076      0.919    29.1011    21.9512 -9.990e-29
 147.530527      0.934  34.160235    12.3379     6.5049      0.926    29.1017    21.9517 -9.990e-29
 147.530532      0.942  34.160669    12.3387     6.5099      0.934    29.1015    21.9513 -9.990e-29
 147.530538      0.949  34.161358    12.3393     6.5000      0.941    29.1017    21.9514 -9.990e-29
 147.530544      0.958  34.161670    12.3394     6.5018      0.950    29.1019    21.9515 -9.990e-29
 147.530550      0.967  34.161593    12.3400     6.5046      0.959    29.1013    21.9510 -9.990e-29
 147.530556      0.979  34.162274    12.3418     6.5096      0.971    29.1006    21.9501 -9.990e-29
 147.530561      0.993  34.163631    12.3436     6.5129      0.985    29.1005    21.9497 -9.990e-29
 147.530567      1.006  34.164239    12.3440     6.4993      0.998    29.1007    21.9498 -9.990e-29
 147.530573      1.010  34.163920    12.3436     6.4883      1.002    29.1007    21.9499 -9.990e-29
 147.530579      1.006  34.163498    12.3433     6.4915      0.998    29.1006    21.9498 -9.990e-29
 147.530584      1.002  34.163103    12.3426     6.5029      0.994    29.1007    21.9501 -9.990e-29
 147.530590      1.006  34.161778    12.3396     6.5187      0.998    29.1018    21.9514 -9.990e-29
 147.530596      1.028  34.156768    12.3327     6.5149      1.019    29.1024    21.9532 -9.990e-29
 147.530602      1.068  34.148249    12.3254     6.4965      1.059    29.1000    21.9526 -9.990e-29
 147.530608      1.116  34.142922    12.3224     6.4844      1.107    29.0973    21.9511 -9.990e-29
 147.530613      1.162  34.143339    12.3230     6.4834      1.152    29.0972    21.9509 -9.990e-29
 147.530619      1.214  34.145141    12.3245     6.4959      1.204    29.0977    21.9510 -9.990e-29
 147.530625      1.292  34.146939    12.3253     6.5110      1.281    29.0988    21.9517 -9.990e-29
 147.530631      1.410  34.148458    12.3240     6.5225      1.398    29.1012    21.9538 -9.990e-29
 147.530637      1.575  34.147374    12.3210     6.5174      1.562    29.1024    21.9553 0.0000e+00
 147.530642      1.793  34.144053    12.3182     6.5002      1.778    29.1014    21.9550 0.0000e+00
 147.530648      2.056  34.141482    12.3168     6.4741      2.039    29.0999    21.9542 0.0000e+00
 147.530654      2.348  34.140282    12.3150     6.4687      2.328    29.1001    21.9546 0.0000e+00
 147.530660      2.664  34.137859    12.3102     6.4747      2.642    29.1014    21.9565 0.0000e+00
 147.530666      3.018  34.133355    12.3041     6.4850      2.993    29.1017    21.9579 0.0000e+00
 147.530671      3.414  34.129297    12.3001     6.5016      3.385    29.1009    21.9580 0.0000e+00
 147.530677      3.847  34.127690    12.2979     6.4919      3.815    29.1009    21.9584 0.0000e+00
 147.530683      4.311  34.127077    12.2949     6.4782      4.275    29.1025    21.9602 0.0000e+00
 147.530689      4.801  34.124526    12.2901     6.4621      4.761    29.1036    21.9619 0.0000e+00
 147.530694      5.314  34.120128    12.2855     6.4474      5.270    29.1028    21.9622 0.0000e+00
 147.530700      5.848  34.117110    12.2842     6.4398      5.799    29.1008    21.9608 0.0000e+00
 147.530706      6.398  34.117177    12.2848     6.4536      6.345    29.1002    21.9603 0.0000e+00
 147.530712      6.957  34.117746    12.2842     6.4706      6.899    29.1010    21.9610 0.0000e+00
 147.530718      7.521  34.116339    12.2809     6.4816      7.458    29.1020    21.9624 0.0000e+00
 147.530723      8.093  34.112890    12.2741     6.4744      8.025    29.1038    21.9651 0.0000e+00
 147.530729      8.670  34.106850    12.2638     6.4485      8.597    29.1058    21.9686 0.0000e+00
 147.530735      9.246  34.099258    12.2530     6.4097      9.169    29.1068    21.9713 0.0000e+00
 147.530741      9.819  34.093005    12.2441     6.3667      9.737    29.1076    21.9735 0.0000e+00
 147.530747     10.392  34.088845    12.2370     6.3430     10.305    29.1090    21.9759 0.0000e+00
 147.530752     10.965  34.086959    12.2305     6.3460     10.873    29.1120    21.9794 0.0000e+00
 147.530758     11.547  34.088323    12.2233     6.3614     11.450    29.1187    21.9859 0.0000e+00
 147.530764     12.138  34.092081    12.2148     6.3773     12.036    29.1286    21.9952 0.0000e+00
 147.530770     12.731  34.096646    12.2049     6.3846     12.624    29.1404    22.0061 0.0000e+00
 147.530775     13.316  34.102068    12.1949     6.3777     13.204    29.1531    22.0178 0.0000e+00
 147.530781     13.886  34.107295    12.1865     6.3542     13.770    29.1644    22.0281 0.0000e+00
 147.530787     14.444  34.110458    12.1792     6.3265     14.323    29.1729    22.0360 0.0000e+00
 147.530793     15.000  34.112537    12.1714     6.2878     14.874    29.1807    22.0435 0.0000e+00
 147.530799     15.559  34.115872    12.1620     6.2815     15.429    29.1910    22.0531 0.0000e+00
 147.530804     16.122  34.121676    12.1494     6.2833     15.987    29.2061    22.0672 0.0000e+00
 147.530810     16.692  34.132773    12.1311     6.2854     16.552    29.2307    22.0895 0.0000e+00
 147.530816     17.269  34.151198    12.1073     6.2723     17.124    29.2666    22.1217 0.0000e+00
 147.530822     17.856  34.174189    12.0793     6.2502     17.706    29.3102    22.1605 0.0000e+00
 147.530828     18.452  34.197226    12.0506     6.2248     18.297    29.3544    22.1999 0.0000e+00
 147.530833     19.053  34.219212    12.0287     6.2158     18.893    29.3923    22.2332 0.0000e+00
 147.530839     19.657  34.242130    12.0128     6.2000     19.492    29.4264    22.2626 0.0000e+00
 147.530845     20.264  34.261921    11.9895     6.2002     20.094    29.4634    22.2955 0.0000e+00
 147.530851     20.871  34.277082    11.9510     6.1957     20.696    29.5080    22.3370 0.0000e+00
 147.530856     21.478  34.299551    11.9027     6.1709     21.298    29.5675    22.3918 0.0000e+00
 147.530862     22.083  34.343164    11.8536     6.1568     21.898    29.6480    22.4630 0.0000e+00
 147.530868     22.684  34.397836    11.8108     6.1494     22.493    29.7343    22.5375 0.0000e+00
 147.530874     23.280  34.434606    11.7750     6.1441     23.084    29.7979    22.5933 0.0000e+00
 147.530880     23.869  34.447712    11.7421     6.1230     23.668    29.8367    22.6292 0.0000e+00
 147.530885     24.447  34.451950    11.7107     6.1023     24.242    29.8657    22.6574 0.0000e+00
 147.530891     25.012  34.459257    11.6830     6.0739     24.802    29.8948    22.6849 0.0000e+00
 147.530897     25.562  34.476136    11.6620     6.0452     25.347    29.9278    22.7142 0.0000e+00
 147.530903     26.092  34.498324    11.6473     6.0133     25.873    29.9608    22.7424 0.0000e+00
 147.530909     26.611  34.521348    11.6288     5.9750     26.387    29.9977    22.7743 0.0000e+00
 147.530914     27.130  34.557545    11.5853     5.9592     26.902    30.0676    22.8363 0.0000e+00
 147.530920     27.652  34.622807    11.4995     5.9126     27.419    30.2002    22.9544 0.0000e+00
 147.530926     28.181  34.706785    11.3918     5.8640     27.944    30.3695    23.1049 0.0000e+00
 147.530932     28.724  34.778694    11.3042     5.7825     28.482    30.5114    23.2304 0.0000e+00
 147.530937     29.277  34.824144    11.2458     5.7053     29.031    30.6038    23.3124 0.0000e+00
 147.530943     29.829  34.852292    11.1956     5.6268     29.578    30.6728    23.3748 0.0000e+00
 147.530949     30.380  34.876692    11.1353     5.5514     30.124    30.7467    23.4427 0.0000e+00
 147.530955     30.931  34.904785    11.0481     5.4806     30.671    30.8469    23.5358 0.0000e+00
 147.530961     31.474  34.941653    10.9033     5.3990     31.209    31.0049    23.6836 0.0000e+00
 147.530966     32.005  34.989507    10.7002     5.3295     31.735    31.2245    23.8893 0.0000e+00
 147.530972     32.524  35.033828    10.4869     5.2713     32.250    31.4515    24.1021 0.0000e+00
 147.530978     33.030  35.056492    10.3009     5.2079     32.752    31.6352    24.2765 0.0000e+00
 147.530984     33.524  35.060356    10.1556     5.1410     33.242    31.7658    24.4025 0.0000e+00
 147.530990     34.012  35.054029    10.0411     5.0744     33.725    31.8598    24.4948 0.0000e+00
 147.530995     34.496  35.038702     9.9334     5.0155     34.205    31.9392    24.5744 0.0000e+00
 147.531001     34.976  35.016464     9.8235     4.9543     34.681    32.0139    24.6506 0.0000e+00
 147.531007     35.461  34.989160     9.7124     4.9042     35.162    32.0848    24.7240 0.0000e+00
 147.531013     35.960  34.956362     9.6002     4.8670     35.657    32.1514    24.7941 0.0000e+00
 147.531019     36.472  34.922645     9.4865     4.8463     36.164    32.2186    24.8649 0.0000e+00
 147.531024     36.990  34.896960     9.3804     4.8293     36.678    32.2876    24.9357 0.0000e+00
