data/oxygen options/ONMS/Olympic_Coast_National_Marine_Sanctuary_CTD_Data_2005_2023/raw_data/2010/CAST_MB042_052710faed.cnv
* Sea-Bird SBE19 Data File:
* FileName = C:\Program Files\Sea-Bird\SeaTermAF\CAST_MB042_052710.hex
* Software Version 1.24
* Temperature SN = 2997
* Conductivity SN = 2997
* System UpLoad Time = May 27 2010 17:07:41
** CAST_MB042_052710
* SEACAT PROFILER V3.1c SN 2997   05/27/10  17:07:13.106
# nquan = 9                                 
# nvalues = 853                         
# units = specified
# name 0 = timeJ: Julian Days
# name 1 = prSM: Pressure, Strain Gauge [db]
# name 2 = c0mS/cm: Conductivity [mS/cm]
# name 3 = t090C: Temperature [ITS-90, deg C]
# name 4 = sbeox0ML/L: Oxygen, SBE 43 [ml/l]
# name 5 = depSM: Depth [salt water, m], lat = 47.5
# name 6 = sal00: Salinity, Practical [PSU]
# name 7 = sigma-é00: Density [sigma-theta, kg/m^3]
# name 8 = flag: flag
# span 0 = 147.528252, 147.533183       
# span 1 =     -5.212,     43.073       
# span 2 =  -0.001381,  35.060356       
# span 3 =     9.1676,    12.4658       
# span 4 =   -12.3928,    13.8739       
# span 5 =     -5.169,     42.709       
# span 6 =     0.0000,    32.4721       
# span 7 =    -0.5013,    25.1133       
# span 8 = 0.0000e+00, 0.0000e+00       
# interval = seconds: 0.5
# start_time = May 27 2010 12:40:41 [Instrument's time stamp, header]
# bad_flag = -9.990e-29
*END*
[from data line 481]
 147.531036     38.039  34.875406     9.2519     4.8100     37.718    32.3812    25.0292 0.0000e+00
 147.531042     38.569  34.873438     9.2262     4.7843     38.244    32.4022    25.0498 0.0000e+00
 147.531047     39.096  34.873181     9.2098     4.7615     38.766    32.4166    25.0636 0.0000e+00
 147.531053     39.617  34.873297     9.1965     4.7509     39.283    32.4286    25.0751 0.0000e+00
 147.531059     40.125  34.873486     9.1859     4.7559     39.786    32.4382    25.0843 0.0000e+00
 147.531065     40.614  34.873463     9.1785     4.7634     40.271    32.4447    25.0905 0.0000e+00
 147.531071     41.082  34.873089     9.1741     4.7611     40.735    32.4481    25.0939 0.0000e+00
 147.531076     41.514  34.871650     9.1729     4.7540     41.163    32.4475    25.0936 0.0000e+00
 147.531082     41.892  34.867553     9.1762     4.7530     41.538    32.4401    25.0873 0.0000e+00
 147.531088     42.206  34.865192     9.1832     4.7544     41.849    32.4312    25.0792 0.0000e+00
 147.531094     42.453  34.870158     9.1890     4.7541     42.094    32.4309    25.0781 0.0000e+00
 147.531100     42.637  34.875400     9.1903     4.7569     42.277    32.4351    25.0812 0.0000e+00
 147.531105     42.770  34.869753     9.1889     4.7503     42.409    32.4304    25.0778 -9.990e-29
 147.531111     42.868  34.856110     9.1878     4.7570     42.506    32.4173    25.0677 -9.990e-29
 147.531117     42.941  34.841834     9.1876     4.7513     42.578    32.4027    25.0563 -9.990e-29
 147.531123     42.996  34.826717     9.1891     4.7474     42.633    32.3857    25.0428 -9.990e-29
 147.531128     43.034  34.821197     9.1938     4.7451     42.670    32.3757    25.0342 -9.990e-29
 147.531134     43.059  34.833379     9.2005     4.7469     42.695    32.3822    25.0382 -9.990e-29
 147.531140     43.071  34.850703     9.2063     4.7464     42.707    32.3948    25.0472 -9.990e-29
 147.531146     43.073  34.861304     9.2098     4.7473     42.709    32.4026    25.0527 -9.990e-29
 147.531152     43.067  34.865086     9.2108     4.7429     42.703    32.4056    25.0549 -9.990e-29
 147.531157     43.059  34.865747     9.2096     4.7299     42.695    32.4074    25.0565 -9.990e-29
 147.531163     43.043  34.866189     9.2062     4.7375     42.679    32.4109    25.0598 -9.990e-29
 147.531169     43.018  34.867336     9.2012     4.7340     42.655    32.4167    25.0651 -9.990e-29
 147.531175     42.991  34.868812     9.1964     4.7391     42.628    32.4226    25.0704 -9.990e-29
 147.531181     42.962  34.871799     9.1935     4.7435     42.599    32.4283    25.0754 -9.990e-29
 147.531186     42.918  34.877813     9.1963     4.7371     42.555    32.4320    25.0778 -9.990e-29
 147.531192     42.853  34.885120     9.2060     4.7316     42.491    32.4307    25.0753 -9.990e-29
 147.531198     42.767  34.889230     9.2157     4.7290     42.406    32.4262    25.0702 -9.990e-29
 147.531204     42.664  34.892595     9.2178     4.7226     42.304    32.4278    25.0712 -9.990e-29
 147.531209     42.544  34.898362     9.2116     4.7184     42.185    32.4395    25.0812 -9.990e-29
 147.531215     42.402  34.901110     9.2033     4.7197     42.044    32.4499    25.0907 0.0000e+00
 147.531221     42.236  34.899794     9.1973     4.7215     41.879    32.4541    25.0949 0.0000e+00
 147.531227     42.074  34.896358     9.1925     4.7276     41.719    32.4550    25.0964 0.0000e+00
 147.531233     41.936  34.891041     9.1859     4.7312     41.582    32.4555    25.0978 -9.990e-29
 147.531238     41.826  34.888860     9.1795     4.7316     41.473    32.4592    25.1017 -9.990e-29
 147.531244     41.749  34.887242     9.1772     4.7315     41.396    32.4596    25.1024 -9.990e-29
 147.531250     41.702  34.879324     9.1789     4.7307     41.350    32.4499    25.0945 -9.990e-29
 147.531256     41.676  34.873936     9.1823     4.7232     41.324    32.4413    25.0872 -9.990e-29
 147.531262     41.670  34.877678     9.1857     4.7149     41.318    32.4420    25.0873 -9.990e-29
 147.531267     41.683  34.882428     9.1878     4.7129     41.331    32.4450    25.0893 -9.990e-29
 147.531273     41.717  34.883085     9.1868     4.7076     41.365    32.4466    25.0907 -9.990e-29
 147.531279     41.774  34.880863     9.1832     4.7115     41.421    32.4476    25.0920 -9.990e-29
 147.531285     41.852  34.877621     9.1798     4.7076     41.498    32.4473    25.0923 -9.990e-29
 147.531291     41.945  34.875534     9.1782     4.7146     41.591    32.4465    25.0920 -9.990e-29
 147.531296     42.040  34.875519     9.1791     4.7118     41.685    32.4456    25.0912 -9.990e-29
 147.531302     42.128  34.877328     9.1816     4.7117     41.772    32.4452    25.0904 -9.990e-29
 147.531308     42.199  34.880343     9.1824     4.7135     41.843    32.4476    25.0922 -9.990e-29
 147.531314     42.256  34.882758     9.1817     4.7047     41.899    32.4507    25.0947 -9.990e-29
 147.531319     42.301  34.883083     9.1811     4.7135     41.944    32.4515    25.0955 -9.990e-29
 147.531325     42.337  34.881528     9.1792     4.7148     41.979    32.4516    25.0958 -9.990e-29
 147.531331     42.362  34.879159     9.1755     4.7090     42.004    32.4525    25.0971 -9.990e-29
 147.531337     42.369  34.877636     9.1728     4.7095     42.011    32.4534    25.0982 -9.990e-29
 147.531343     42.355  34.878626     9.1727     4.6990     41.997    32.4545    25.0991 -9.990e-29
 147.531348     42.323  34.880982     9.1739     4.6994     41.965    32.4559    25.1000 -9.990e-29
 147.531354     42.283  34.882015     9.1745     4.7100     41.926    32.4564    25.1003 -9.990e-29
 147.531360     42.251  34.881199     9.1741     4.7138     41.894    32.4560    25.1000 -9.990e-29
 147.531366     42.236  34.879466     9.1737     4.7244     41.879    32.4545    25.0990 -9.990e-29
 147.531372     42.243  34.878203     9.1747     4.7163     41.886    32.4523    25.0971 -9.990e-29
 147.531377     42.272  34.878305     9.1765     4.7039     41.915    32.4508    25.0956 -9.990e-29
 147.531383     42.321  34.879685     9.1771     4.6928     41.963    32.4516    25.0962 -9.990e-29
 147.531389     42.383  34.881157     9.1762     4.6977     42.025    32.4540    25.0981 -9.990e-29
 147.531395     42.458  34.881094     9.1749     4.7044     42.099    32.4550    25.0992 -9.990e-29
 147.531400     42.543  34.879750     9.1731     4.7018     42.184    32.4552    25.0996 -9.990e-29
 147.531406     42.626  34.879030     9.1714     4.7090     42.266    32.4560    25.1005 -9.990e-29
 147.531412     42.700  34.880552     9.1709     4.7001     42.339    32.4580    25.1021 -9.990e-29
 147.531418     42.761  34.882756     9.1724     4.7075     42.400    32.4589    25.1026 -9.990e-29
 147.531424     42.803  34.883312     9.1750     4.7110     42.441    32.4571    25.1008 -9.990e-29
 147.531429     42.825  34.883296     9.1766     4.7016     42.463    32.4556    25.0994 -9.990e-29
 147.531435     42.834  34.883582     9.1764     4.7013     42.472    32.4561    25.0998 -9.990e-29
 147.531441     42.838  34.883768     9.1748     4.6980     42.476    32.4577    25.1013 -9.990e-29
 147.531447     42.841  34.883319     9.1740     4.6998     42.479    32.4580    25.1016 -9.990e-29
 147.531453     42.845  34.881973     9.1748     4.7103     42.483    32.4559    25.0999 -9.990e-29
 147.531458     42.848  34.880512     9.1756     4.7055     42.486    32.4536    25.0980 -9.990e-29
 147.531464     42.851  34.879567     9.1759     4.7038     42.489    32.4524    25.0970 -9.990e-29
 147.531470     42.856  34.879334     9.1757     4.7098     42.494    32.4523    25.0969 -9.990e-29
 147.531476     42.852  34.879839     9.1751     4.7097     42.490    32.4534    25.0979 -9.990e-29
 147.531481     42.827  34.880969     9.1748     4.7127     42.465    32.4548    25.0991 -9.990e-29
 147.531487     42.785  34.882326     9.1749     4.7035     42.424    32.4562    25.1001 -9.990e-29
 147.531493     42.742  34.883250     9.1748     4.6990     42.381    32.4572    25.1009 -9.990e-29
 147.531499     42.715  34.883069     9.1742     4.6987     42.354    32.4576    25.1013 -9.990e-29
 147.531505     42.710  34.881880     9.1729     4.6928     42.349    32.4576    25.1015 -9.990e-29
 147.531510     42.735  34.880679     9.1712     4.7021     42.374    32.4579    25.1020 -9.990e-29
 147.531516     42.787  34.880441     9.1700     4.7038     42.426    32.4587    25.1028 -9.990e-29
 147.531522     42.844  34.881186     9.1691     4.6981     42.482    32.4602    25.1042 -9.990e-29
 147.531528     42.888  34.881998     9.1694     4.6908     42.526    32.4608    25.1046 -9.990e-29
 147.531534     42.922  34.882612     9.1708     4.6860     42.559    32.4601    25.1038 -9.990e-29
 147.531539     42.952  34.883062     9.1715     4.6871     42.589    32.4599    25.1036 -9.990e-29
 147.531545     42.981  34.883164     9.1714     4.6844     42.618    32.4601    25.1037 -9.990e-29
 147.531551     43.006  34.883392     9.1720     4.6786     42.643    32.4598    25.1034 -9.990e-29
 147.531557     43.024  34.883824     9.1726     4.6768     42.660    32.4597    25.1032 -9.990e-29
 147.531563     43.036  34.884251     9.1719     4.6860     42.672    32.4608    25.1042 -9.990e-29
 147.531568     43.040  34.885017     9.1707     4.6852     42.676    32.4627    25.1058 -9.990e-29
 147.531574     43.030  34.885799     9.1700     4.6946     42.666    32.4641    25.1071 -9.990e-29
 147.531580     43.010  34.885734     9.1698     4.6874     42.647    32.4642    25.1072 -9.990e-29
 147.531586     42.984  34.885069     9.1703     4.6837     42.621    32.4631    25.1062 -9.990e-29
 147.531591     42.946  34.884938     9.1715     4.6778     42.583    32.4619    25.1051 -9.990e-29
 147.531597     42.892  34.885500     9.1726     4.6675     42.530    32.4615    25.1046 -9.990e-29
 147.531603     42.833  34.886162     9.1731     4.6772     42.471    32.4617    25.1047 -9.990e-29
 147.531609     42.782  34.886460     9.1734     4.6800     42.421    32.4618    25.1047 -9.990e-29
 147.531615     42.749  34.886008     9.1732     4.6925     42.388    32.4615    25.1045 -9.990e-29
 147.531620     42.735  34.885100     9.1725     4.6958     42.374    32.4612    25.1044 -9.990e-29
 147.531626     42.740  34.884545     9.1717     4.6853     42.379    32.4614    25.1047 -9.990e-29
 147.531632     42.760  34.884500     9.1715     4.6889     42.399    32.4615    25.1048 -9.990e-29
 147.531638     42.787  34.884680     9.1724     4.6874     42.426    32.4609    25.1041 -9.990e-29
 147.531644     42.819  34.885101     9.1727     4.6963     42.457    32.4610    25.1042 -9.990e-29
 147.531649     42.858  34.885538     9.1714     4.6993     42.496    32.4626    25.1057 -9.990e-29
 147.531655     42.903  34.885788     9.1700     4.6891     42.541    32.4642    25.1071 -9.990e-29
 147.531661     42.943  34.885961     9.1700     4.6927     42.580    32.4643    25.1072 -9.990e-29
 147.531667     42.972  34.886061     9.1704     4.6835     42.609    32.4640    25.1069 -9.990e-29
 147.531672     42.991  34.885996     9.1703     4.6834     42.628    32.4641    25.1070 -9.990e-29
 147.531678     42.999  34.886015     9.1702     4.6853     42.636    32.4642    25.1071 -9.990e-29
 147.531684     42.991  34.886480     9.1704     4.6759     42.628    32.4645    25.1073 -9.990e-29
 147.531690     42.967  34.887227     9.1702     4.6849     42.604    32.4654    25.1081 -9.990e-29
 147.531696     42.929  34.887905     9.1702     4.6867     42.566    32.4661    25.1086 -9.990e-29
 147.531701     42.888  34.888073     9.1705     4.6958     42.526    32.4661    25.1085 -9.990e-29
 147.531707     42.855  34.887733     9.1708     4.6993     42.493    32.4655    25.1080 -9.990e-29
 147.531713     42.830  34.887329     9.1722     4.6955     42.468    32.4638    25.1065 -9.990e-29
 147.531719     42.813  34.887220     9.1738     4.6948     42.451    32.4622    25.1050 -9.990e-29
 147.531725     42.803  34.887596     9.1744     4.6981     42.441    32.4621    25.1048 -9.990e-29
 147.531730     42.799  34.888175     9.1742     4.6857     42.437    32.4628    25.1054 -9.990e-29
 147.531736     42.800  34.888942     9.1744     4.6973     42.438    32.4635    25.1059 -9.990e-29
 147.531742     42.807  34.890697     9.1752     4.6915     42.445    32.4645    25.1066 -9.990e-29
 147.531748     42.820  34.892753     9.1759     4.6977     42.458    32.4660    25.1076 -9.990e-29
 147.531753     42.837  34.892992     9.1758     4.7021     42.475    32.4663    25.1079 -9.990e-29
 147.531759     42.848  34.891654     9.1746     4.6971     42.486    32.4661    25.1079 -9.990e-29
 147.531765     42.851  34.890762     9.1731     4.6837     42.489    32.4665    25.1084 -9.990e-29
 147.531771     42.851  34.892103     9.1729     4.6695     42.489    32.4681    25.1097 -9.990e-29
 147.531777     42.859  34.891882     9.1736     4.6753     42.497    32.4672    25.1089 -9.990e-29
 147.531782     42.886  34.887774     9.1737     4.6804     42.524    32.4628    25.1055 -9.990e-29
 147.531788     42.919  34.885730     9.1731     4.6876     42.556    32.4613    25.1043 -9.990e-29
 147.531794     42.936  34.886038     9.1721     4.6904     42.573    32.4625    25.1055 -9.990e-29
 147.531800     42.925  34.885955     9.1712     4.6791     42.562    32.4632    25.1062 -9.990e-29
 147.531806     42.884  34.886143     9.1713     4.6851     42.522    32.4633    25.1063 -9.990e-29
 147.531811     42.812  34.886503     9.1717     4.6865     42.450    32.4634    25.1062 -9.990e-29
 147.531817     42.713  34.886607     9.1721     4.6954     42.352    32.4632    25.1060 -9.990e-29
 147.531823     42.601  34.886245     9.1726     4.6988     42.241    32.4624    25.1053 -9.990e-29
 147.531829     42.490  34.885710     9.1721     4.6958     42.131    32.4623    25.1053 -9.990e-29
 147.531834     42.383  34.885624     9.1709     4.6941     42.025    32.4634    25.1064 -9.990e-29
 147.531840     42.276  34.886647     9.1700     4.6982     41.919    32.4653    25.1080 -9.990e-29
 147.531846     42.177  34.890355     9.1696     4.6996     41.821    32.4696    25.1114 -9.990e-29
 147.531852     42.090  34.892933     9.1698     4.6925     41.734    32.4721    25.1133 -9.990e-29
 147.531858     42.024  34.889625     9.1709     4.6895     41.669    32.4677    25.1097 -9.990e-29
 147.531863     41.987  34.885764     9.1730     4.6856     41.632    32.4618    25.1048 -9.990e-29
 147.531869     41.978  34.884264     9.1752     4.6876     41.623    32.4583    25.1016 -9.990e-29
 147.531875     41.985  34.882776     9.1756     4.6981     41.630    32.4563    25.1001 -9.990e-29
 147.531881     41.999  34.881770     9.1746     4.6921     41.644    32.4562    25.1001 -9.990e-29
 147.531887     42.005  34.881800     9.1737     4.6906     41.650    32.4571    25.1010 -9.990e-29
 147.531892     42.006  34.881996     9.1738     4.6888     41.651    32.4572    25.1010 -9.990e-29
 147.531898     42.009  34.881710     9.1743     4.6874     41.654    32.4564    25.1004 -9.990e-29
 147.531904     42.019  34.881334     9.1744     4.6834     41.664    32.4559    25.1000 -9.990e-29
 147.531910     42.032  34.881139     9.1746     4.6812     41.677    32.4555    25.0996 -9.990e-29
 147.531916     42.036  34.881079     9.1751     4.6812     41.681    32.4550    25.0991 -9.990e-29
 147.531921     42.023  34.881284     9.1751     4.6905     41.668    32.4552    25.0993 -9.990e-29
 147.531927     41.993  34.881678     9.1751     4.6881     41.638    32.4557    25.0996 -9.990e-29
 147.531933     41.946  34.881878     9.1756     4.6935     41.592    32.4554    25.0994 -9.990e-29
 147.531939     41.895  34.881802     9.1755     4.6861     41.541    32.4555    25.0994 -9.990e-29
 147.531944     41.843  34.881562     9.1747     4.6904     41.490    32.4560    25.0999 -9.990e-29
 147.531950     41.791  34.881052     9.1739     4.6864     41.438    32.4562    25.1002 -9.990e-29
