data/oxygen options/ONMS/Olympic_Coast_National_Marine_Sanctuary_CTD_Data_2005_2023/raw_data/2010/CAST_MB042_101910faed.cnv
* Sea-Bird SBE19 Data File:
* FileName = C:\Documents and Settings\OCNMS\Desktop\2010 mooring data\fourth service\CAST_MB042_101910.hex
* Software Version 1.24
* Temperature SN = 2997
* Conductivity SN = 2997
* System UpLoad Time = Oct 20 2010 11:36:09
** CAST_MB042_101910
* SEACAT PROFILER V3.1c SN 2997   10/20/10  11:34:33.985
# nquan = 9                                 
# nvalues = 852                         
# units = specified
# name 0 = timeJ: Julian Days
# name 1 = prSM: Pressure, Strain Gauge [db]
# name 2 = c0mS/cm: Conductivity [mS/cm]
# name 3 = t090C: Temperature [ITS-90, deg C]
# name 4 = sbeox0ML/L: Oxygen, SBE 43 [ml/l]
# name 5 = depSM: Depth [salt water, m], lat = 47.5
# name 6 = sal00: Salinity, Practical [PSU]
# name 7 = sigma-é00: Density [sigma-theta, kg/m^3]
# name 8 = flag: flag
# span 0 = 292.590208, 292.595133       
# span 1 =     -5.211,     42.302       
# span 2 =   0.057347,  37.718341       
# span 3 =     7.6095,    13.5207       
# span 4 =    -2.0124,    13.7218       
# span 5 =     -5.168,     41.945       
# span 6 =     0.0372,    33.3579       
# span 7 =    -0.6574,    26.0366       
# span 8 = 0.0000e+00, 0.0000e+00       
# interval = seconds: 0.5
# start_time = Oct 19 2010 14:09:54 [Instrument's time stamp, header]
# bad_flag = -9.990e-29
*END*
[from data line 481]
 292.592992     35.788  34.656147     8.0253     3.3179     35.486    33.2915    25.9290 0.0000e+00
 292.592998     36.011  34.602850     7.9575     3.3169     35.707    33.2990    25.9448 0.0000e+00
 292.593003     36.232  34.565948     7.9227     3.3167     35.926    33.2926    25.9449 0.0000e+00
 292.593009     36.439  34.549584     7.9088     3.3248     36.132    33.2883    25.9435 0.0000e+00
 292.593015     36.629  34.547377     7.9039     3.3081     36.320    33.2905    25.9459 0.0000e+00
 292.593021     36.814  34.550394     7.8971     3.3000     36.503    33.3001    25.9545 0.0000e+00
 292.593027     37.013  34.545873     7.8703     3.2949     36.701    33.3207    25.9746 0.0000e+00
 292.593032     37.241  34.523322     7.8224     3.2919     36.927    33.3422    25.9984 0.0000e+00
 292.593038     37.497  34.488118     7.7724     3.3064     37.181    33.3521    26.0134 0.0000e+00
 292.593044     37.778  34.455954     7.7329     3.3049     37.459    33.3553    26.0215 0.0000e+00
 292.593050     38.071  34.432012     7.7075     3.3024     37.750    33.3537    26.0239 0.0000e+00
 292.593056     38.365  34.417879     7.6940     3.3047     38.041    33.3513    26.0239 0.0000e+00
 292.593061     38.656  34.409748     7.6819     3.3060     38.330    33.3540    26.0278 0.0000e+00
 292.593067     38.947  34.398381     7.6657     3.3112     38.618    33.3571    26.0326 0.0000e+00
 292.593073     39.238  34.385343     7.6501     3.3154     38.907    33.3579    26.0354 0.0000e+00
 292.593079     39.527  34.374447     7.6402     3.3160     39.193    33.3555    26.0350 0.0000e+00
 292.593084     39.803  34.367326     7.6377     3.3165     39.467    33.3501    26.0311 0.0000e+00
 292.593090     40.056  34.366166     7.6376     3.3086     39.718    33.3489    26.0301 0.0000e+00
 292.593096     40.295  34.365427     7.6323     3.3065     39.955    33.3530    26.0342 0.0000e+00
 292.593102     40.531  34.357892     7.6223     3.3142     40.189    33.3544    26.0366 0.0000e+00
 292.593108     40.760  34.348000     7.6154     3.3098     40.416    33.3502    26.0344 0.0000e+00
 292.593113     40.973  34.343759     7.6148     3.3037     40.627    33.3461    26.0312 0.0000e+00
 292.593119     41.165  34.345034     7.6164     3.3000     40.817    33.3459    26.0308 0.0000e+00
 292.593125     41.345  34.346177     7.6157     3.3065     40.996    33.3477    26.0323 0.0000e+00
 292.593131     41.520  34.343040     7.6127     3.3063     41.169    33.3471    26.0323 0.0000e+00
 292.593137     41.687  34.336968     7.6099     3.3001     41.335    33.3432    26.0296 0.0000e+00
 292.593142     41.841  34.332106     7.6095     3.2803     41.488    33.3382    26.0258 0.0000e+00
 292.593148     41.975  34.330855     7.6111     3.2748     41.620    33.3353    26.0232 -9.990e-29
 292.593154     42.083  34.332032     7.6135     3.2803     41.728    33.3342    26.0221 -9.990e-29
 292.593160     42.164  34.333775     7.6158     3.2952     41.808    33.3338    26.0214 -9.990e-29
 292.593166     42.219  34.334978     7.6176     3.2880     41.862    33.3334    26.0208 -9.990e-29
 292.593171     42.256  34.334374     7.6181     3.2845     41.899    33.3322    26.0199 -9.990e-29
 292.593177     42.281  34.331649     7.6169     3.2827     41.924    33.3304    26.0186 -9.990e-29
 292.593183     42.296  34.327014     7.6151     3.2911     41.939    33.3272    26.0163 -9.990e-29
 292.593189     42.302  34.322614     7.6151     3.3007     41.945    33.3224    26.0126 -9.990e-29
 292.593194     42.295  34.322025     7.6170     3.2927     41.938    33.3200    26.0104 -9.990e-29
 292.593200     42.270  34.324388     7.6190     3.2890     41.913    33.3206    26.0106 -9.990e-29
 292.593206     42.226  34.325505     7.6204     3.2854     41.869    33.3205    26.0103 -9.990e-29
 292.593212     42.160  34.325115     7.6225     3.2871     41.804    33.3181    26.0081 -9.990e-29
 292.593218     42.071  34.325985     7.6252     3.2985     41.716    33.3165    26.0065 -9.990e-29
 292.593223     41.968  34.327524     7.6268     3.2924     41.614    33.3166    26.0064 -9.990e-29
 292.593229     41.865  34.326116     7.6264     3.2827     41.511    33.3156    26.0056 -9.990e-29
 292.593235     41.773  34.320935     7.6236     3.2789     41.420    33.3127    26.0037 -9.990e-29
 292.593241     41.689  34.314517     7.6201     3.2850     41.337    33.3092    26.0014 -9.990e-29
 292.593247     41.610  34.309985     7.6186     3.3002     41.259    33.3058    25.9990 -9.990e-29
 292.593252     41.525  34.309059     7.6183     3.2975     41.174    33.3051    25.9985 -9.990e-29
 292.593258     41.420  34.309870     7.6180     3.2856     41.070    33.3063    25.9995 -9.990e-29
 292.593264     41.289  34.310068     7.6180     3.2860     40.940    33.3066    25.9997 0.0000e+00
 292.593270     41.132  34.309286     7.6175     3.2859     40.785    33.3063    25.9995 0.0000e+00
 292.593275     40.952  34.307531     7.6165     3.2834     40.606    33.3055    25.9990 0.0000e+00
 292.593281     40.767  34.305189     7.6162     3.2753     40.423    33.3033    25.9974 0.0000e+00
 292.593287     40.605  34.302425     7.6164     3.2699     40.262    33.3002    25.9949 0.0000e+00
 292.593293     40.480  34.299401     7.6167     3.2639     40.138    33.2967    25.9921 -9.990e-29
 292.593299     40.397  34.297608     7.6181     3.2753     40.056    33.2935    25.9894 -9.990e-29
 292.593304     40.352  34.298502     7.6219     3.2806     40.011    33.2908    25.9867 -9.990e-29
 292.593310     40.328  34.301526     7.6270     3.2828     39.988    33.2892    25.9848 -9.990e-29
 292.593316     40.306  34.303922     7.6306     3.2772     39.966    33.2884    25.9836 -9.990e-29
 292.593322     40.274  34.304337     7.6322     3.2645     39.934    33.2873    25.9825 -9.990e-29
 292.593328     40.228  34.304371     7.6335     3.2709     39.888    33.2861    25.9814 -9.990e-29
 292.593333     40.178  34.304559     7.6353     3.2746     39.839    33.2846    25.9800 -9.990e-29
 292.593339     40.139  34.303959     7.6367     3.2724     39.800    33.2826    25.9782 -9.990e-29
 292.593345     40.116  34.302262     7.6374     3.2646     39.777    33.2802    25.9762 -9.990e-29
 292.593351     40.104  34.300489     7.6379     3.2593     39.765    33.2778    25.9742 -9.990e-29
 292.593356     40.098  34.299561     7.6379     3.2610     39.759    33.2768    25.9734 -9.990e-29
 292.593362     40.106  34.298168     7.6365     3.2740     39.767    33.2766    25.9735 -9.990e-29
 292.593368     40.140  34.294941     7.6332     3.2794     39.801    33.2763    25.9737 -9.990e-29
 292.593374     40.200  34.289983     7.6286     3.2795     39.861    33.2753    25.9736 -9.990e-29
 292.593380     40.272  34.284443     7.6249     3.2780     39.932    33.2728    25.9722 -9.990e-29
 292.593385     40.343  34.280371     7.6229     3.2745     40.002    33.2703    25.9705 -9.990e-29
 292.593391     40.405  34.278417     7.6217     3.2824     40.064    33.2694    25.9699 -9.990e-29
 292.593397     40.458  34.277021     7.6206     3.2761     40.116    33.2689    25.9697 -9.990e-29
 292.593403     40.504  34.275369     7.6201     3.2740     40.162    33.2675    25.9687 -9.990e-29
 292.593409     40.543  34.274540     7.6212     3.2636     40.201    33.2656    25.9670 -9.990e-29
 292.593414     40.569  34.275036     7.6233     3.2676     40.226    33.2641    25.9655 -9.990e-29
 292.593420     40.583  34.275765     7.6249     3.2730     40.240    33.2633    25.9647 -9.990e-29
 292.593426     40.594  34.275389     7.6251     3.2747     40.251    33.2627    25.9642 -9.990e-29
 292.593432     40.608  34.273895     7.6243     3.2764     40.265    33.2619    25.9637 -9.990e-29
 292.593437     40.621  34.272018     7.6236     3.2647     40.278    33.2605    25.9627 -9.990e-29
 292.593443     40.622  34.269980     7.6237     3.2552     40.279    33.2582    25.9609 -9.990e-29
 292.593449     40.597  34.268907     7.6252     3.2620     40.254    33.2557    25.9586 -9.990e-29
 292.593455     40.544  34.269531     7.6281     3.2663     40.202    33.2536    25.9566 -9.990e-29
 292.593461     40.474  34.270933     7.6320     3.2720     40.132    33.2514    25.9543 -9.990e-29
 292.593466     40.403  34.272672     7.6356     3.2658     40.062    33.2499    25.9526 -9.990e-29
 292.593472     40.349  34.274200     7.6380     3.2602     40.008    33.2492    25.9518 -9.990e-29
 292.593478     40.315  34.274689     7.6394     3.2598     39.975    33.2484    25.9509 -9.990e-29
 292.593484     40.305  34.274718     7.6410     3.2620     39.965    33.2470    25.9495 -9.990e-29
 292.593490     40.327  34.275374     7.6431     3.2740     39.987    33.2456    25.9482 -9.990e-29
 292.593495     40.385  34.275222     7.6430     3.2759     40.044    33.2455    25.9482 -9.990e-29
 292.593501     40.475  34.271748     7.6395     3.2676     40.133    33.2451    25.9483 -9.990e-29
 292.593507     40.582  34.266402     7.6351     3.2639     40.239    33.2435    25.9477 -9.990e-29
 292.593513     40.686  34.262050     7.6324     3.2524     40.342    33.2413    25.9464 -9.990e-29
 292.593519     40.773  34.259527     7.6320     3.2606     40.429    33.2390    25.9446 -9.990e-29
 292.593524     40.840  34.259307     7.6335     3.2660     40.495    33.2373    25.9430 -9.990e-29
 292.593530     40.891  34.260466     7.6354     3.2601     40.546    33.2367    25.9423 -9.990e-29
 292.593536     40.934  34.260560     7.6353     3.2522     40.588    33.2369    25.9424 -9.990e-29
 292.593542     40.975  34.257964     7.6331     3.2468     40.629    33.2361    25.9422 -9.990e-29
 292.593547     41.012  34.254178     7.6320     3.2563     40.666    33.2331    25.9399 -9.990e-29
 292.593553     41.041  34.253032     7.6333     3.2713     40.694    33.2306    25.9378 -9.990e-29
 292.593559     41.057  34.254041     7.6348     3.2691     40.710    33.2303    25.9373 -9.990e-29
 292.593565     41.068  34.254003     7.6352     3.2732     40.721    33.2298    25.9369 -9.990e-29
 292.593571     41.076  34.252796     7.6347     3.2619     40.729    33.2290    25.9363 -9.990e-29
 292.593576     41.080  34.250975     7.6338     3.2659     40.733    33.2279    25.9356 -9.990e-29
 292.593582     41.069  34.249395     7.6331     3.2617     40.722    33.2269    25.9349 -9.990e-29
 292.593588     41.040  34.248672     7.6327     3.2659     40.693    33.2265    25.9346 -9.990e-29
 292.593594     40.995  34.247769     7.6325     3.2618     40.649    33.2257    25.9341 -9.990e-29
 292.593600     40.940  34.246530     7.6326     3.2505     40.594    33.2243    25.9330 -9.990e-29
 292.593605     40.879  34.245467     7.6328     3.2510     40.534    33.2230    25.9319 -9.990e-29
 292.593611     40.821  34.244767     7.6327     3.2575     40.476    33.2224    25.9314 -9.990e-29
 292.593617     40.777  34.243987     7.6323     3.2651     40.433    33.2219    25.9311 -9.990e-29
 292.593623     40.751  34.242572     7.6323     3.2688     40.407    33.2204    25.9299 -9.990e-29
 292.593628     40.746  34.241358     7.6327     3.2669     40.402    33.2187    25.9286 -9.990e-29
 292.593634     40.757  34.240892     7.6331     3.2552     40.413    33.2179    25.9278 -9.990e-29
 292.593640     40.786  34.240478     7.6334     3.2453     40.442    33.2171    25.9272 -9.990e-29
 292.593646     40.842  34.239492     7.6332     3.2519     40.497    33.2162    25.9265 -9.990e-29
 292.593652     40.929  34.237668     7.6317     3.2640     40.583    33.2156    25.9263 -9.990e-29
 292.593657     41.041  34.235295     7.6290     3.2641     40.694    33.2156    25.9266 -9.990e-29
 292.593663     41.166  34.232490     7.6262     3.2615     40.818    33.2152    25.9267 -9.990e-29
 292.593669     41.291  34.229353     7.6244     3.2639     40.942    33.2135    25.9256 -9.990e-29
 292.593675     41.399  34.227220     7.6242     3.2639     41.049    33.2113    25.9239 -9.990e-29
 292.593681     41.476  34.226524     7.6248     3.2597     41.126    33.2100    25.9228 -9.990e-29
 292.593686     41.517  34.226263     7.6252     3.2637     41.166    33.2093    25.9222 -9.990e-29
 292.593692     41.525  34.226575     7.6233     3.2618     41.174    33.2114    25.9242 -9.990e-29
 292.593698     41.496  34.227804     7.6179     3.2479     41.146    33.2179    25.9300 -9.990e-29
 292.593704     41.429  34.228721     7.6122     3.2536     41.079    33.2244    25.9359 -9.990e-29
 292.593709     41.332  34.228529     7.6141     3.2521     40.983    33.2224    25.9341 -9.990e-29
 292.593715     41.216  34.227816     7.6238     3.2563     40.868    33.2124    25.9249 -9.990e-29
 292.593721     41.091  34.227458     7.6313     3.2622     40.744    33.2049    25.9179 -9.990e-29
 292.593727     40.966  34.227378     7.6336     3.2508     40.620    33.2027    25.9158 -9.990e-29
 292.593733     40.850  34.226488     7.6343     3.2414     40.505    33.2011    25.9145 -9.990e-29
 292.593738     40.748  34.224979     7.6346     3.2399     40.404    33.1993    25.9130 -9.990e-29
 292.593744     40.668  34.223894     7.6350     3.2497     40.325    33.1978    25.9118 -9.990e-29
 292.593750     40.624  34.223162     7.6363     3.2648     40.281    33.1958    25.9100 -9.990e-29
 292.593756     40.628  34.223185     7.6378     3.2624     40.285    33.1944    25.9087 -9.990e-29
 292.593762     40.675  34.223691     7.6372     3.2507     40.332    33.1954    25.9096 -9.990e-29
 292.593767     40.760  34.222259     7.6344     3.2510     40.416    33.1965    25.9109 -9.990e-29
 292.593773     40.875  34.218912     7.6316     3.2507     40.530    33.1956    25.9105 -9.990e-29
 292.593779     41.006  34.216156     7.6295     3.2642     40.660    33.1945    25.9100 -9.990e-29
 292.593785     41.140  34.214485     7.6278     3.2679     40.793    33.1943    25.9100 -9.990e-29
 292.593791     41.269  34.213042     7.6266     3.2643     40.920    33.1938    25.9098 -9.990e-29
 292.593796     41.379  34.211837     7.6261     3.2548     41.030    33.1929    25.9092 -9.990e-29
 292.593802     41.456  34.211197     7.6265     3.2571     41.106    33.1918    25.9083 -9.990e-29
 292.593808     41.497  34.211085     7.6276     3.2589     41.147    33.1906    25.9072 -9.990e-29
 292.593814     41.503  34.211048     7.6289     3.2528     41.152    33.1894    25.9060 -9.990e-29
 292.593819     41.475  34.210734     7.6302     3.2682     41.125    33.1878    25.9046 -9.990e-29
 292.593825     41.421  34.210543     7.6312     3.2524     41.071    33.1867    25.9036 -9.990e-29
 292.593831     41.353  34.210478     7.6312     3.2501     41.004    33.1866    25.9035 -9.990e-29
 292.593837     41.284  34.209592     7.6305     3.2418     40.935    33.1864    25.9034 -9.990e-29
 292.593843     41.223  34.208081     7.6299     3.2361     40.875    33.1853    25.9027 -9.990e-29
 292.593848     41.171  34.206983     7.6297     3.2515     40.823    33.1844    25.9020 -9.990e-29
 292.593854     41.120  34.206209     7.6299     3.2635     40.773    33.1834    25.9012 -9.990e-29
 292.593860     41.057  34.205545     7.6303     3.2619     40.710    33.1823    25.9003 -9.990e-29
 292.593866     40.975  34.204921     7.6308     3.2585     40.629    33.1812    25.8993 -9.990e-29
 292.593872     40.873  34.204321     7.6316     3.2374     40.528    33.1798    25.8981 -9.990e-29
 292.593877     40.761  34.204321     7.6330     3.2321     40.417    33.1786    25.8969 -9.990e-29
 292.593883     40.657  34.204619     7.6359     3.2357     40.314    33.1762    25.8946 -9.990e-29
 292.593889     40.582  34.205313     7.6397     3.2395     40.239    33.1733    25.8919 -9.990e-29
 292.593895     40.552  34.206469     7.6422     3.2468     40.210    33.1722    25.8906 -9.990e-29
 292.593900     40.573  34.206533     7.6419     3.2386     40.230    33.1725    25.8909 -9.990e-29
 292.593906     40.641  34.205291     7.6391     3.2441     40.298    33.1738    25.8924 -9.990e-29
