data/oxygen options/ONMS/Olympic_Coast_National_Marine_Sanctuary_CTD_Data_2005_2023/raw_data/2010/CAST_MB042_052710faedb.cnv
* Sea-Bird SBE19 Data File:
* FileName = C:\Program Files\Sea-Bird\SeaTermAF\CAST_MB042_052710.hex
* Software Version 1.24
* Temperature SN = 2997
* Conductivity SN = 2997
* System UpLoad Time = May 27 2010 17:07:41
** CAST_MB042_052710
* SEACAT PROFILER V3.1c SN 2997   05/27/10  17:07:13.106
# nquan = 9
# nvalues = 42                          
# units = specified
# name 0 = timeJ: Julian Days
# name 1 = prSM: Pressure, Strain Gauge [db]
# name 2 = c0mS/cm: Conductivity [mS/cm]
# name 3 = t090C: Temperature [ITS-90, deg C]
# name 4 = sbeox0ML/L: Oxygen, SBE 43 [ml/l]
# name 5 = depSM: Depth [salt water, m], lat = 47.5
# name 6 = sal00: Salinity, Practical [PSU]
# name 7 = sigma-é00: Density [sigma-theta, kg/m^3]
# name 8 = flag: flag
# span 0 = 147.530646, 147.531109       
# span 1 =      2.000,     43.000       
# span 2 =  34.086797,  35.061236       
# span 3 =     9.1740,    12.3171       
# span 4 =     4.7510,     6.4899       
# span 5 =      1.983,     42.637       
# span 6 =    29.1008,    32.4484       
# span 7 =    21.9549,    25.0941       
# span 8 = 0.0000e+00, 0.0000e+00       
# interval = decibars: 1                
# start_time = May 27 2010 12:40:41 [Instrument's time stamp, header]
# bad_flag = -9.990e-29
*END*
 147.530646      2.000  34.142785    12.3171     6.4899      1.983    29.1010    21.9549 0.0000e+00
 147.530665      3.000  34.133791    12.3052     6.4872      2.975    29.1013    21.9574 0.0000e+00
 147.530679      4.000  34.127845    12.2970     6.4852      3.967    29.1017    21.9592 0.0000e+00
 147.530691      5.000  34.122624    12.2883     6.4565      4.958    29.1031    21.9619 0.0000e+00
 147.530702      6.000  34.117742    12.2849     6.4476      5.950    29.1008    21.9607 0.0000e+00
 147.530712      7.000  34.117777    12.2842     6.4718      6.942    29.1010    21.9610 0.0000e+00
 147.530722      8.000  34.113903    12.2760     6.4797      7.933    29.1033    21.9644 0.0000e+00
 147.530732      9.000  34.102632    12.2577     6.4273      8.925    29.1064    21.9702 0.0000e+00
 147.530743     10.000  34.092040    12.2422     6.3617      9.916    29.1081    21.9743 0.0000e+00
 147.530752     11.000  34.086797    12.2301     6.3456     10.908    29.1122    21.9796 0.0000e+00
 147.530763     12.000  34.090784    12.2170     6.3735     11.899    29.1257    21.9926 0.0000e+00
 147.530772     13.000  34.099175    12.2003     6.3809     12.891    29.1463    22.0115 0.0000e+00
 147.530782     14.000  34.107500    12.1853     6.3462     13.883    29.1655    22.0291 0.0000e+00
 147.530793     15.000  34.112537    12.1714     6.2878     14.874    29.1807    22.0435 0.0000e+00
 147.530803     16.000  34.119958    12.1527     6.2814     15.866    29.2019    22.0633 0.0000e+00
 147.530813     17.000  34.142383    12.1186     6.2788     16.857    29.2495    22.1064 0.0000e+00
 147.530823     18.000  34.179970    12.0721     6.2429     17.849    29.3213    22.1704 0.0000e+00
 147.530833     19.000  34.217237    12.0308     6.2171     18.840    29.3888    22.2301 0.0000e+00
 147.530842     20.000  34.253454    12.0000     6.1994     19.832    29.4472    22.2810 0.0000e+00
 147.530852     21.000  34.283100    11.9375     6.1857     20.824    29.5244    22.3521 0.0000e+00
 147.530861     22.000  34.338153    11.8603     6.1592     21.816    29.6379    22.4540 0.0000e+00
 147.530871     23.000  34.417684    11.7917     6.1465     22.806    29.7685    22.5675 0.0000e+00
 147.530881     24.000  34.445315    11.7353     6.1172     23.798    29.8398    22.6328 0.0000e+00
 147.530891     25.000  34.459125    11.6836     6.0744     24.790    29.8942    22.6843 0.0000e+00
 147.530902     26.000  34.493168    11.6486     6.0198     25.782    29.9548    22.7375 0.0000e+00
 147.530913     27.000  34.545927    11.6011     5.9594     26.773    30.0436    22.8149 0.0000e+00
 147.530924     28.000  34.674802    11.4328     5.8820     27.764    30.3050    23.0476 0.0000e+00
 147.530934     29.000  34.801356    11.2751     5.7440     28.756    30.5575    23.2713 0.0000e+00
 147.530945     30.000  34.858522    11.1758     5.6038     29.747    30.6953    23.3957 0.0000e+00
 147.530956     31.000  34.912388    11.0107     5.4673     30.739    30.8860    23.5726 0.0000e+00
 147.530966     32.000  34.989094    10.7019     5.3302     31.730    31.2226    23.8876 0.0000e+00
 147.530978     33.000  35.061236    10.3054     5.2136     32.722    31.6355    24.2760 0.0000e+00
 147.530990     34.000  35.050978    10.0464     5.0784     33.713    31.8522    24.4880 0.0000e+00
 147.531001     35.000  35.011535     9.8178     4.9560     34.705    32.0142    24.6517 0.0000e+00
 147.531013     36.000  34.953212     9.5920     4.8724     35.696    32.1556    24.7987 0.0000e+00
 147.531024     37.000  34.896410     9.3783     4.8289     36.688    32.2889    24.9371 0.0000e+00
 147.531036     38.000  34.873598     9.2461     4.8125     37.680    32.3846    25.0328 0.0000e+00
 147.531046     39.000  34.872442     9.2088     4.7660     38.671    32.4167    25.0639 0.0000e+00
 147.531057     40.000  34.873402     9.1879     4.7510     39.662    32.4364    25.0826 0.0000e+00
 147.531070     41.000  34.873258     9.1740     4.7636     40.654    32.4484    25.0941 0.0000e+00
 147.531085     42.000  34.868703     9.1803     4.7540     41.645    32.4375    25.0847 0.0000e+00
 147.531109     43.000  34.879354     9.1961     4.7587     42.637    32.4337    25.0792 0.0000e+00
