data/oxygen options/ONMS/Olympic_Coast_National_Marine_Sanctuary_CTD_Data_2005_2023/raw_data/2010/CAST_TH042_060610faed.cnv
* Sea-Bird SBE19 Data File:
* FileName = C:\Documents and Settings\OCNMS\Desktop\2010 mooring data\CAST_TH042_060610.hex
* Software Version 1.24
* Temperature SN = 2997
* Conductivity SN = 2997
* System UpLoad Time = Jun 06 2010 11:53:39
** CAST_TH042_060610
* SEACAT PROFILER V3.1c SN 2997   06/06/10  11:53:09.040
# nquan = 9                                 
# nvalues = 943                         
# units = specified
# name 0 = timeJ: Julian Days
# name 1 = prSM: Pressure, Strain Gauge [db]
# name 2 = c0mS/cm: Conductivity [mS/cm]
# name 3 = t090C: Temperature [ITS-90, deg C]
# name 4 = sbeox0ML/L: Oxygen, SBE 43 [ml/l]
# name 5 = depSM: Depth [salt water, m], lat = 47.5
# name 6 = sal00: Salinity, Practical [PSU]
# name 7 = sigma-é00: Density [sigma-theta, kg/m^3]
# name 8 = flag: flag
# span 0 = 157.386134, 157.391586       
# span 1 =     -4.958,     38.315       
# span 2 =   0.000293,  35.359715       
# span 3 =     9.0868,    12.7715       
# span 4 =   -11.7828,    13.0528       
# span 5 =     -4.917,     37.992       
# span 6 =     0.0066,    32.4890       
# span 7 =    -0.5768,    25.1377       
# span 8 = 0.0000e+00, 0.0000e+00       
# interval = seconds: 0.5
# start_time = Jun 06 2010 09:16:02 [Instrument's time stamp, header]
# bad_flag = -9.990e-29
*END*
[from data line 161]
 157.387066     -0.333  31.316590    12.6851    -1.7322     -0.330    26.1914    19.6377 -9.990e-29
 157.387072     -0.325  31.316133    12.6848    -1.7321     -0.322    26.1912    19.6376 -9.990e-29
 157.387078     -0.321  31.316869    12.6847    -1.7321     -0.318    26.1920    19.6382 -9.990e-29
 157.387083     -0.315  31.317545    12.6848    -1.7320     -0.312    26.1925    19.6386 -9.990e-29
 157.387089     -0.304  31.317947    12.6851    -1.7321     -0.301    26.1927    19.6387 -9.990e-29
 157.387095     -0.286  31.318619    12.6855    -1.7321     -0.284    26.1930    19.6389 -9.990e-29
 157.387101     -0.264  31.319903    12.6855    -1.7321     -0.262    26.1942    19.6398 -9.990e-29
 157.387106     -0.247  31.322395    12.6852    -1.7321     -0.245    26.1967    19.6418 -9.990e-29
 157.387112     -0.236  31.326066    12.6851    -1.7320     -0.234    26.2001    19.6445 -9.990e-29
 157.387118     -0.227  31.327976    12.6858    -1.7320     -0.225    26.2014    19.6453 -9.990e-29
 157.387124     -0.210  31.326760    12.6870    -1.7319     -0.208    26.1995    19.6436 -9.990e-29
 157.387130     -0.186  31.326401    12.6880    -1.7319     -0.184    26.1984    19.6426 -9.990e-29
 157.387135     -0.164  31.328106    12.6880    -1.7317     -0.163    26.2000    19.6438 -9.990e-29
 157.387141     -0.153  31.329674    12.6873    -1.7319     -0.152    26.2019    19.6455 -9.990e-29
 157.387147     -0.147  31.331522    12.6868    -1.7319     -0.146    26.2040    19.6471 -9.990e-29
 157.387153     -0.141  31.333319    12.6868    -1.7319     -0.140    26.2056    19.6484 -9.990e-29
 157.387159     -0.136  31.334109    12.6872    -1.7319     -0.135    26.2061    19.6487 -9.990e-29
 157.387164     -0.130  31.334391    12.6884    -1.7319     -0.129    26.2055    19.6480 -9.990e-29
 157.387170     -0.123  31.334547    12.6901    -1.7318     -0.122    26.2045    19.6469 -9.990e-29
 157.387176     -0.116  31.334792    12.6914    -1.7319     -0.115    26.2038    19.6462 -9.990e-29
 157.387182     -0.107  31.335457    12.6918    -1.7320     -0.106    26.2041    19.6464 -9.990e-29
 157.387188     -0.101  31.337438    12.6913    -1.7321     -0.100    26.2063    19.6481 -9.990e-29
 157.387193     -0.100  31.341140    12.6902    -1.7320     -0.099    26.2105    19.6516 -9.990e-29
 157.387199     -0.102  31.344226    12.6893    -1.7318     -0.101    26.2140    19.6544 -9.990e-29
 157.387205     -0.101  31.344657    12.6888    -1.7319     -0.100    26.2147    19.6551 -9.990e-29
 157.387211     -0.097  31.344134    12.6885    -1.7319     -0.096    26.2144    19.6549 -9.990e-29
 157.387216     -0.091  31.344767    12.6883    -1.7318     -0.090    26.2151    19.6555 -9.990e-29
 157.387222     -0.082  31.346843    12.6881    -1.7319     -0.081    26.2172    19.6571 -9.990e-29
 157.387228     -0.070  31.349220    12.6878    -1.7319     -0.069    26.2196    19.6590 -9.990e-29
 157.387234     -0.053  31.349473    12.6874    -1.7317     -0.053    26.2201    19.6595 -9.990e-29
 157.387240     -0.030  31.346266    12.6874    -1.7318     -0.030    26.2171    19.6572 -9.990e-29
 157.387245     -0.005  31.342605    12.6877    10.0869     -0.005    26.2135    19.6544 -9.990e-29
 157.387251      0.016  31.342575    12.6880    12.8991      0.016    26.2133    19.6541 -9.990e-29
 157.387257      0.029  31.346701    12.6880    13.0528      0.029    26.2171    19.6571 -9.990e-29
 157.387263      0.036  31.352092    12.6881    10.8560      0.036    26.2220    19.6608 -9.990e-29
 157.387269      0.037  31.355303    12.6882     6.2816      0.037    26.2249    19.6631 -9.990e-29
 157.387274      0.037  31.356142    12.6886     6.4069      0.037    26.2254    19.6634 -9.990e-29
 157.387280      0.043  31.355733    12.6897     6.5868      0.043    26.2243    19.6623 -9.990e-29
 157.387286      0.056  31.354658    12.6909     6.6578      0.056    26.2224    19.6607 -9.990e-29
 157.387292      0.069  31.354290    12.6912     6.6594      0.068    26.2219    19.6602 -9.990e-29
 157.387297      0.078  31.354703    12.6906     6.6430      0.077    26.2227    19.6609 -9.990e-29
 157.387303      0.084  31.354214    12.6898     6.6288      0.083    26.2228    19.6611 -9.990e-29
 157.387309      0.086  31.352737    12.6894     6.5974      0.085    26.2217    19.6604 -9.990e-29
 157.387315      0.090  31.353347    12.6895     6.5792      0.089    26.2222    19.6607 -9.990e-29
 157.387321      0.100  31.356304    12.6900     6.5782      0.099    26.2246    19.6625 -9.990e-29
 157.387326      0.112  31.356598    12.6906     6.5723      0.111    26.2244    19.6623 -9.990e-29
 157.387332      0.123  31.354626    12.6909     6.5826      0.122    26.2224    19.6606 -9.990e-29
 157.387338      0.134  31.354484    12.6908     6.5743      0.133    26.2223    19.6606 -9.990e-29
 157.387344      0.144  31.355429    12.6903     6.5660      0.143    26.2235    19.6616 -9.990e-29
 157.387350      0.156  31.357046    12.6897     6.5643      0.155    26.2254    19.6632 -9.990e-29
 157.387355      0.169  31.359818    12.6895     6.5642      0.168    26.2281    19.6653 -9.990e-29
 157.387361      0.184  31.360170    12.6895     6.5722      0.182    26.2285    19.6656 -9.990e-29
 157.387367      0.199  31.356896    12.6895     6.5668      0.197    26.2254    19.6632 -9.990e-29
 157.387373      0.209  31.354035    12.6899     6.5655      0.207    26.2225    19.6609 -9.990e-29
 157.387378      0.220  31.353376    12.6905     6.5585      0.218    26.2215    19.6600 -9.990e-29
 157.387384      0.233  31.354047    12.6907     6.5571      0.231    26.2219    19.6603 -9.990e-29
 157.387390      0.243  31.354150    12.6907     6.5583      0.241    26.2220    19.6604 -9.990e-29
 157.387396      0.257  31.353268    12.6908     6.5683      0.255    26.2212    19.6597 -9.990e-29
 157.387402      0.278  31.353031    12.6908     6.5630      0.276    26.2209    19.6595 -9.990e-29
 157.387407      0.308  31.353687    12.6908     6.5452      0.305    26.2215    19.6600 -9.990e-29
 157.387413      0.350  31.354440    12.6911     6.5370      0.347    26.2220    19.6603 -9.990e-29
 157.387419      0.401  31.354620    12.6913     6.5401      0.398    26.2220    19.6603 -9.990e-29
 157.387425      0.457  31.355032    12.6913     6.5554      0.453    26.2224    19.6606 -9.990e-29
 157.387431      0.517  31.357350    12.6918     6.5553      0.513    26.2241    19.6618 -9.990e-29
 157.387436      0.583  31.365790    12.6937     6.5529      0.578    26.2306    19.6665 -9.990e-29
 157.387442      0.662  31.389932    12.6971     6.5493      0.656    26.2505    19.6813 -9.990e-29
 157.387448      0.749  31.433975    12.6998     6.5471      0.743    26.2893    19.7107 -9.990e-29
 157.387454      0.827  31.462581    12.6996     6.5621      0.820    26.3158    19.7313 -9.990e-29
 157.387459      0.886  31.446707    12.6982     6.5637      0.879    26.3021    19.7209 -9.990e-29
 157.387465      0.929  31.421186    12.6979     6.5787      0.921    26.2787    19.7029 -9.990e-29
 157.387471      0.967  31.416949    12.6988     6.5785      0.959    26.2742    19.6992 -9.990e-29
 157.387477      1.006  31.430590    12.6998     6.5770      0.998    26.2861    19.7083 -9.990e-29
 157.387483      1.046  31.441670    12.6998     6.5772      1.037    26.2963    19.7162 -9.990e-29
 157.387488      1.079  31.437531    12.6991     6.5721      1.070    26.2930    19.7137 -9.990e-29
 157.387494      1.105  31.431698    12.6987     6.5842      1.096    26.2878    19.7098 -9.990e-29
 157.387500      1.124  31.430396    12.6995     6.5779      1.115    26.2861    19.7083 -9.990e-29
 157.387506      1.141  31.432454    12.7013     6.5824      1.131    26.2867    19.7085 -9.990e-29
 157.387512      1.163  31.440065    12.7026     6.5737      1.153    26.2928    19.7130 -9.990e-29
 157.387517      1.187  31.450505    12.7030     6.5622      1.177    26.3022    19.7201 -9.990e-29
 157.387523      1.209  31.454741    12.7031     6.5688      1.199    26.3060    19.7231 -9.990e-29
 157.387529      1.231  31.451709    12.7038     6.5620      1.221    26.3027    19.7204 -9.990e-29
 157.387535      1.255  31.458088    12.7049     6.5716      1.245    26.3079    19.7242 -9.990e-29
 157.387541      1.277  31.470073    12.7051     6.5744      1.266    26.3188    19.7326 -9.990e-29
 157.387546      1.291  31.468935    12.7045     6.5669      1.280    26.3181    19.7322 -9.990e-29
 157.387552      1.293  31.461745    12.7037     6.5740      1.282    26.3121    19.7276 -9.990e-29
 157.387558      1.283  31.458516    12.7035     6.5663      1.272    26.3092    19.7255 -9.990e-29
 157.387564      1.266  31.460167    12.7043     6.5605      1.255    26.3102    19.7261 -9.990e-29
 157.387569      1.247  31.466656    12.7055     6.5606      1.237    26.3154    19.7299 -9.990e-29
 157.387575      1.227  31.471696    12.7061     6.5525      1.217    26.3196    19.7330 -9.990e-29
 157.387581      1.195  31.471361    12.7060     6.5558      1.185    26.3194    19.7329 -9.990e-29
 157.387587      1.149  31.469120    12.7056     6.5652      1.139    26.3176    19.7316 -9.990e-29
 157.387593      1.096  31.466458    12.7048     6.5685      1.087    26.3157    19.7302 -9.990e-29
 157.387598      1.039  31.461500    12.7039     6.5650      1.030    26.3118    19.7274 -9.990e-29
 157.387604      0.985  31.454908    12.7031     6.5563      0.977    26.3063    19.7233 -9.990e-29
 157.387610      0.933  31.447404    12.7021     6.5635      0.925    26.3000    19.7186 -9.990e-29
 157.387616      0.881  31.439056    12.7010     6.5617      0.874    26.2931    19.7135 -9.990e-29
 157.387622      0.826  31.430486    12.7002     6.5524      0.819    26.2858    19.7079 -9.990e-29
 157.387627      0.767  31.422019    12.6996     6.5376      0.761    26.2784    19.7023 -9.990e-29
 157.387633      0.711  31.415798    12.6992     6.5194      0.705    26.2729    19.6982 -9.990e-29
 157.387639      0.657  31.410801    12.6988     6.5065      0.652    26.2686    19.6949 -9.990e-29
 157.387645      0.602  31.403158    12.6977     6.5049      0.597    26.2623    19.6903 -9.990e-29
 157.387650      0.547  31.392190    12.6960     6.4986      0.542    26.2534    19.6837 -9.990e-29
 157.387656      0.497  31.379507    12.6947     6.4975      0.493    26.2426    19.6756 -9.990e-29
 157.387662      0.454  31.364990    12.6941     6.4895      0.450    26.2296    19.6657 -9.990e-29
 157.387668      0.418  31.340473    12.6941     6.4986      0.415    26.2070    19.6482 -9.990e-29
 157.387674      0.392  31.323092    12.6946     6.5162      0.389    26.1906    19.6354 -9.990e-29
 157.387679      0.369  31.335578    12.6948     6.5198      0.366    26.2020    19.6442 -9.990e-29
 157.387685      0.349  31.353142    12.6949     6.5237      0.346    26.2182    19.6567 -9.990e-29
 157.387691      0.339  31.357762    12.6952     6.5283      0.336    26.2222    19.6597 -9.990e-29
 157.387697      0.337  31.357272    12.6956     6.5312      0.334    26.2215    19.6591 -9.990e-29
 157.387703      0.340  31.356052    12.6959     6.5322      0.337    26.2202    19.6580 -9.990e-29
 157.387708      0.347  31.355827    12.6960     6.5308      0.344    26.2199    19.6578 -9.990e-29
 157.387714      0.356  31.355733    12.6960     6.5398      0.353    26.2198    19.6577 -9.990e-29
 157.387720      0.362  31.355078    12.6959     6.5396      0.359    26.2193    19.6573 -9.990e-29
 157.387726      0.365  31.352982    12.6961     6.5264      0.362    26.2172    19.6557 -9.990e-29
 157.387731      0.366  31.343843    12.6968     6.5209      0.363    26.2082    19.6486 -9.990e-29
 157.387737      0.365  31.335628    12.6973     6.5088      0.362    26.2003    19.6424 -9.990e-29
 157.387743      0.361  31.341453    12.6971     6.5232      0.358    26.2058    19.6467 -9.990e-29
 157.387749      0.360  31.345563    12.6972     6.5378      0.357    26.2096    19.6496 -9.990e-29
 157.387755      0.365  31.346713    12.6975     6.5276      0.362    26.2104    19.6502 -9.990e-29
 157.387760      0.371  31.359867    12.6978     6.5246      0.368    26.2224    19.6594 -9.990e-29
 157.387766      0.376  31.374001    12.6983     6.5445      0.373    26.2351    19.6691 -9.990e-29
 157.387772      0.379  31.380520    12.6986     6.5607      0.376    26.2409    19.6735 -9.990e-29
 157.387778      0.381  31.384191    12.6988     6.5470      0.378    26.2441    19.6760 -9.990e-29
 157.387784      0.382  31.387661    12.6993     6.5498      0.379    26.2470    19.6781 -9.990e-29
 157.387789      0.382  31.390512    12.7001     6.5456      0.379    26.2491    19.6796 -9.990e-29
 157.387795      0.380  31.392059    12.7005     6.5454      0.377    26.2502    19.6804 -9.990e-29
 157.387801      0.377  31.392679    12.7007     6.5228      0.374    26.2506    19.6807 -9.990e-29
 157.387807      0.373  31.392074    12.7007     6.5454      0.370    26.2501    19.6803 -9.990e-29
 157.387813      0.367  31.388870    12.7006     6.5351      0.364    26.2472    19.6781 -9.990e-29
 157.387818      0.359  31.380471    12.7008     6.5623      0.356    26.2393    19.6719 -9.990e-29
 157.387824      0.348  31.356789    12.7013     6.5272      0.345    26.2171    19.6547 -9.990e-29
 157.387830      0.334  31.284563    12.7023     6.5110      0.331    26.1497    19.6024 -9.990e-29
 157.387836      0.316  31.223135    12.7039     6.5063      0.313    26.0919    19.5575 -9.990e-29
 157.387841      0.292  31.245686    12.7054     6.5023      0.290    26.1117    19.5725 -9.990e-29
 157.387847      0.266  31.240623    12.7064     6.5105      0.264    26.1063    19.5682 -9.990e-29
 157.387853      0.245  31.174319    12.7071     6.5102      0.243    26.0447    19.5204 -9.990e-29
 157.387859      0.230  31.153768    12.7076     6.5318      0.228    26.0254    19.5054 -9.990e-29
 157.387865      0.222  31.149324    12.7079     6.5140      0.220    26.0211    19.5020 -9.990e-29
 157.387870      0.219  31.119781    12.7083     6.5307      0.217    25.9935    19.4807 -9.990e-29
 157.387876      0.222  31.057094    12.7091     6.5326      0.220    25.9352    19.4355 -9.990e-29
 157.387882      0.231  30.995240    12.7101     6.5284      0.229    25.8775    19.3907 -9.990e-29
 157.387888      0.246  31.057211    12.7105     6.5185      0.244    25.9343    19.4346 -9.990e-29
 157.387894      0.264  31.178951    12.7105     6.5204      0.262    26.0466    19.5213 -9.990e-29
 157.387899      0.282  31.250119    12.7102     6.5344      0.280    26.1125    19.5722 -9.990e-29
 157.387905      0.302  31.243538    12.7102     6.5383      0.299    26.1064    19.5675 -9.990e-29
 157.387911      0.319  31.142028    12.7105     6.5201      0.316    26.0125    19.4950 -9.990e-29
 157.387917      0.331  30.992202    12.7105     6.5184      0.328    25.8744    19.3882 -9.990e-29
 157.387922      0.339  30.956524    12.7103     6.5128      0.336    25.8416    19.3630 -9.990e-29
 157.387928      0.343  31.107775    12.7101     6.5128      0.340    25.9812    19.4708 -9.990e-29
 157.387934      0.347  31.249548    12.7102     6.5063      0.344    26.1119    19.5718 -9.990e-29
 157.387940      0.357  31.303255    12.7106     6.5013      0.354    26.1612    19.6098 -9.990e-29
 157.387946      0.368  31.320344    12.7108     6.5100      0.365    26.1768    19.6219 -9.990e-29
 157.387951      0.378  31.306237    12.7111     6.5274      0.375    26.1636    19.6116 -9.990e-29
 157.387957      0.386  31.282431    12.7121     6.5466      0.383    26.1409    19.5939 -9.990e-29
 157.387963      0.393  31.230616    12.7131     6.5538      0.390    26.0924    19.5562 -9.990e-29
 157.387969      0.399  31.181920    12.7132     6.5497      0.396    26.0474    19.5215 -9.990e-29
 157.387975      0.405  31.211942    12.7125     6.5359      0.402    26.0756    19.5433 -9.990e-29
 157.387980      0.412  31.286801    12.7118     6.5275      0.409    26.1452    19.5972 -9.990e-29
