data/oxygen options/ONMS/Olympic_Coast_National_Marine_Sanctuary_CTD_Data_2005_2023/raw_data/2010/CAST_CE042_091410faed.cnv
* Sea-Bird SBE19 Data File:
* FileName = C:\Documents and Settings\OCNMS\Desktop\2010 mooring data\third service\CAST_CE042_091410.hex
* Software Version 1.24
* Temperature SN = 2997
* Conductivity SN = 2997
* System UpLoad Time = Sep 14 2010 15:17:50
** CAST_CE042_091410
* SEACAT PROFILER V3.1c SN 2997   09/14/10  15:16:23.283
# nquan = 9                                 
# nvalues = 887                         
# units = specified
# name 0 = timeJ: Julian Days
# name 1 = prSM: Pressure, Strain Gauge [db]
# name 2 = c0mS/cm: Conductivity [mS/cm]
# name 3 = t090C: Temperature [ITS-90, deg C]
# name 4 = sbeox0ML/L: Oxygen, SBE 43 [ml/l]
# name 5 = depSM: Depth [salt water, m], lat = 47.5
# name 6 = sal00: Salinity, Practical [PSU]
# name 7 = sigma-é00: Density [sigma-theta, kg/m^3]
# name 8 = flag: flag
# span 0 = 257.486829, 257.491956       
# span 1 =     -4.953,     43.531       
# span 2 =   0.032156,  39.486467       
# span 3 =     7.2187,    14.9939       
# span 4 =    -1.9605,    14.7412       
# span 5 =     -4.912,     43.163       
# span 6 =     0.0227,    33.6986       
# span 7 =    -0.8777,    26.3623       
# span 8 = 0.0000e+00, 0.0000e+00       
# interval = seconds: 0.5
# start_time = Sep 14 2010 11:41:02 [Instrument's time stamp, header]
# bad_flag = -9.990e-29
*END*
[from data line 481]
 257.489612     42.582  34.338600     7.2614     1.8973     42.222    33.6815    26.3447 -9.990e-29
 257.489618     42.584  34.336599     7.2602     1.8893     42.224    33.6805    26.3441 -9.990e-29
 257.489624     42.596  34.332626     7.2585     1.8815     42.236    33.6778    26.3422 -9.990e-29
 257.489630     42.618  34.329221     7.2562     1.8856     42.258    33.6763    26.3413 -9.990e-29
 257.489635     42.647  34.326695     7.2529     1.8932     42.287    33.6767    26.3422 -9.990e-29
 257.489641     42.676  34.324477     7.2490     1.8987     42.315    33.6781    26.3438 -9.990e-29
 257.489647     42.699  34.323339     7.2468     1.8926     42.338    33.6790    26.3448 -9.990e-29
 257.489653     42.713  34.323998     7.2469     1.8951     42.352    33.6796    26.3453 -9.990e-29
 257.489659     42.722  34.326582     7.2484     1.8812     42.361    33.6810    26.3461 -9.990e-29
 257.489664     42.728  34.330048     7.2506     1.8873     42.367    33.6826    26.3471 -9.990e-29
 257.489670     42.727  34.331734     7.2520     1.8909     42.366    33.6831    26.3473 -9.990e-29
 257.489676     42.723  34.329962     7.2517     1.8989     42.362    33.6814    26.3460 -9.990e-29
 257.489682     42.720  34.326847     7.2506     1.8823     42.359    33.6791    26.3443 -9.990e-29
 257.489688     42.718  34.326632     7.2500     1.8891     42.357    33.6795    26.3447 -9.990e-29
 257.489693     42.712  34.329587     7.2503     1.8752     42.351    33.6824    26.3470 -9.990e-29
 257.489699     42.697  34.331804     7.2506     1.8973     42.336    33.6845    26.3486 -9.990e-29
 257.489705     42.682  34.331194     7.2498     1.8867     42.321    33.6847    26.3488 -9.990e-29
 257.489711     42.677  34.328060     7.2482     1.8933     42.316    33.6828    26.3476 -9.990e-29
 257.489716     42.684  34.324942     7.2473     1.8910     42.323    33.6803    26.3457 -9.990e-29
 257.489722     42.689  34.324960     7.2475     1.8833     42.328    33.6801    26.3455 -9.990e-29
 257.489728     42.684  34.327012     7.2481     1.8908     42.323    33.6818    26.3468 -9.990e-29
 257.489734     42.674  34.328227     7.2484     1.8850     42.313    33.6828    26.3475 -9.990e-29
 257.489740     42.665  34.327979     7.2473     1.8809     42.305    33.6836    26.3483 -9.990e-29
 257.489745     42.667  34.325933     7.2452     1.8790     42.307    33.6834    26.3485 -9.990e-29
 257.489751     42.679  34.322719     7.2433     1.8791     42.318    33.6818    26.3474 -9.990e-29
 257.489757     42.693  34.320208     7.2415     1.8809     42.332    33.6808    26.3469 -9.990e-29
 257.489763     42.706  34.317849     7.2397     1.8686     42.345    33.6799    26.3465 -9.990e-29
 257.489769     42.719  34.315291     7.2386     1.8807     42.358    33.6782    26.3453 -9.990e-29
 257.489774     42.729  34.315280     7.2390     1.8762     42.368    33.6778    26.3449 -9.990e-29
 257.489780     42.731  34.318356     7.2404     1.8862     42.370    33.6798    26.3463 -9.990e-29
 257.489786     42.730  34.321335     7.2417     1.8841     42.369    33.6818    26.3477 -9.990e-29
 257.489792     42.731  34.322582     7.2421     1.8771     42.370    33.6828    26.3484 -9.990e-29
 257.489797     42.733  34.322637     7.2419     1.8791     42.372    33.6830    26.3486 -9.990e-29
 257.489803     42.736  34.322129     7.2416     1.8692     42.375    33.6827    26.3484 -9.990e-29
 257.489809     42.737  34.321497     7.2414     1.8788     42.376    33.6823    26.3481 -9.990e-29
 257.489815     42.732  34.321573     7.2424     1.8805     42.371    33.6814    26.3472 -9.990e-29
 257.489821     42.723  34.323573     7.2450     1.8741     42.362    33.6810    26.3466 -9.990e-29
 257.489826     42.715  34.326239     7.2475     1.8742     42.354    33.6815    26.3466 -9.990e-29
 257.489832     42.712  34.326960     7.2476     1.8706     42.351    33.6822    26.3472 -9.990e-29
 257.489838     42.722  34.325014     7.2442     1.8645     42.361    33.6834    26.3486 -9.990e-29
 257.489844     42.746  34.320605     7.2385     1.8745     42.385    33.6841    26.3499 -9.990e-29
 257.489850     42.773  34.315690     7.2339     1.8764     42.412    33.6832    26.3499 -9.990e-29
 257.489855     42.790  34.313793     7.2331     1.8786     42.428    33.6819    26.3490 -9.990e-29
 257.489861     42.795  34.315738     7.2358     1.8723     42.433    33.6814    26.3482 -9.990e-29
 257.489867     42.789  34.319073     7.2400     1.8667     42.427    33.6809    26.3473 -9.990e-29
 257.489873     42.775  34.321518     7.2435     1.8665     42.414    33.6802    26.3462 -9.990e-29
 257.489878     42.766  34.322409     7.2445     1.8683     42.405    33.6802    26.3460 -9.990e-29
 257.489884     42.768  34.321810     7.2434     1.8643     42.407    33.6806    26.3465 -9.990e-29
 257.489890     42.779  34.320038     7.2419     1.8705     42.418    33.6802    26.3464 -9.990e-29
 257.489896     42.794  34.318087     7.2402     1.8726     42.432    33.6797    26.3462 -9.990e-29
 257.489902     42.811  34.316712     7.2381     1.8745     42.449    33.6802    26.3469 -9.990e-29
 257.489907     42.825  34.315756     7.2362     1.8683     42.463    33.6810    26.3478 -9.990e-29
 257.489913     42.834  34.314500     7.2351     1.8706     42.472    33.6807    26.3478 -9.990e-29
 257.489919     42.833  34.314062     7.2352     1.8722     42.471    33.6801    26.3473 -9.990e-29
 257.489925     42.828  34.316094     7.2364     1.8660     42.466    33.6812    26.3479 -9.990e-29
 257.489931     42.822  34.318261     7.2371     1.8578     42.460    33.6829    26.3492 -9.990e-29
 257.489936     42.818  34.318407     7.2361     1.8681     42.456    33.6840    26.3502 -9.990e-29
 257.489942     42.822  34.316723     7.2341     1.8500     42.460    33.6841    26.3506 -9.990e-29
 257.489948     42.832  34.313759     7.2323     1.8741     42.470    33.6826    26.3497 -9.990e-29
 257.489954     42.846  34.311162     7.2313     1.8640     42.484    33.6808    26.3483 -9.990e-29
 257.489959     42.852  34.310504     7.2316     1.8663     42.490    33.6798    26.3475 -9.990e-29
 257.489965     42.841  34.312021     7.2334     1.8578     42.479    33.6797    26.3472 -9.990e-29
 257.489971     42.818  34.314369     7.2365     1.8625     42.456    33.6792    26.3464 -9.990e-29
 257.489977     42.788  34.316194     7.2396     1.8638     42.426    33.6782    26.3451 -9.990e-29
 257.489983     42.759  34.317687     7.2415     1.8698     42.398    33.6780    26.3447 -9.990e-29
 257.489988     42.737  34.319154     7.2419     1.8674     42.376    33.6792    26.3456 -9.990e-29
 257.489994     42.730  34.319747     7.2406     1.8680     42.369    33.6811    26.3473 -9.990e-29
 257.490000     42.737  34.318012     7.2376     1.8560     42.376    33.6822    26.3485 -9.990e-29
 257.490006     42.751  34.314994     7.2345     1.8585     42.390    33.6819    26.3488 -9.990e-29
 257.490012     42.763  34.313943     7.2331     1.8624     42.402    33.6821    26.3491 -9.990e-29
 257.490017     42.765  34.315134     7.2333     1.8624     42.404    33.6832    26.3500 -9.990e-29
 257.490023     42.758  34.316229     7.2342     1.8521     42.397    33.6835    26.3501 -9.990e-29
 257.490029     42.750  34.316442     7.2355     1.8604     42.389    33.6825    26.3491 -9.990e-29
 257.490035     42.745  34.316614     7.2370     1.8481     42.384    33.6812    26.3479 -9.990e-29
 257.490041     42.742  34.316969     7.2377     1.8641     42.381    33.6809    26.3476 -9.990e-29
 257.490046     42.745  34.316856     7.2366     1.8717     42.384    33.6819    26.3484 -9.990e-29
 257.490052     42.759  34.315560     7.2340     1.8600     42.398    33.6830    26.3497 -9.990e-29
 257.490058     42.780  34.313029     7.2312     1.8618     42.419    33.6829    26.3500 -9.990e-29
 257.490064     42.806  34.310366     7.2292     1.8543     42.444    33.6820    26.3496 -9.990e-29
 257.490069     42.834  34.308496     7.2280     1.8561     42.472    33.6811    26.3490 -9.990e-29
 257.490075     42.858  34.307720     7.2276     1.8520     42.496    33.6806    26.3487 -9.990e-29
 257.490081     42.869  34.308681     7.2282     1.8581     42.507    33.6811    26.3490 -9.990e-29
 257.490087     42.865  34.310972     7.2291     1.8521     42.503    33.6827    26.3502 -9.990e-29
 257.490093     42.849  34.312604     7.2292     1.8521     42.487    33.6844    26.3515 -9.990e-29
 257.490098     42.829  34.312387     7.2283     1.8539     42.467    33.6850    26.3521 -9.990e-29
 257.490104     42.813  34.311146     7.2272     1.8599     42.451    33.6848    26.3520 -9.990e-29
 257.490110     42.803  34.310585     7.2270     1.8577     42.441    33.6844    26.3517 -9.990e-29
 257.490116     42.800  34.311073     7.2275     1.8638     42.438    33.6844    26.3517 -9.990e-29
 257.490122     42.802  34.311574     7.2278     1.8480     42.440    33.6847    26.3519 -9.990e-29
 257.490127     42.810  34.311634     7.2277     1.8583     42.448    33.6848    26.3520 -9.990e-29
 257.490133     42.820  34.311328     7.2276     1.8561     42.458    33.6846    26.3518 -9.990e-29
 257.490139     42.829  34.310243     7.2272     1.8622     42.467    33.6838    26.3513 -9.990e-29
 257.490145     42.836  34.308608     7.2263     1.8599     42.474    33.6829    26.3507 -9.990e-29
 257.490150     42.839  34.308159     7.2258     1.8443     42.477    33.6829    26.3507 -9.990e-29
 257.490156     42.838  34.309414     7.2261     1.8442     42.476    33.6839    26.3515 -9.990e-29
 257.490162     42.840  34.310680     7.2263     1.8503     42.478    33.6851    26.3524 -9.990e-29
 257.490168     42.846  34.310840     7.2255     1.8658     42.484    33.6861    26.3533 -9.990e-29
 257.490174     42.853  34.309542     7.2238     1.8555     42.491    33.6863    26.3537 -9.990e-29
 257.490179     42.860  34.307291     7.2219     1.8658     42.498    33.6857    26.3535 -9.990e-29
 257.490185     42.868  34.305563     7.2207     1.8560     42.506    33.6850    26.3531 -9.990e-29
 257.490191     42.878  34.304851     7.2202     1.8542     42.516    33.6847    26.3530 -9.990e-29
 257.490197     42.886  34.304759     7.2202     1.8421     42.524    33.6846    26.3529 -9.990e-29
 257.490203     42.887  34.305161     7.2209     1.8486     42.525    33.6844    26.3526 -9.990e-29
 257.490208     42.883  34.306026     7.2219     1.8480     42.521    33.6843    26.3524 -9.990e-29
 257.490214     42.873  34.306824     7.2225     1.8578     42.511    33.6846    26.3526 -9.990e-29
 257.490220     42.861  34.306935     7.2226     1.8554     42.499    33.6846    26.3526 -9.990e-29
 257.490226     42.854  34.306503     7.2224     1.8480     42.492    33.6844    26.3524 -9.990e-29
 257.490231     42.856  34.306066     7.2221     1.8499     42.494    33.6842    26.3523 -9.990e-29
 257.490237     42.868  34.305598     7.2217     1.8481     42.506    33.6841    26.3522 -9.990e-29
 257.490243     42.890  34.305032     7.2210     1.8520     42.528    33.6841    26.3524 -9.990e-29
 257.490249     42.918  34.304730     7.2203     1.8438     42.555    33.6845    26.3528 -9.990e-29
 257.490255     42.944  34.304844     7.2205     1.8498     42.581    33.6844    26.3527 -9.990e-29
 257.490260     42.954  34.305519     7.2214     1.8515     42.591    33.6842    26.3524 -9.990e-29
 257.490266     42.949  34.306530     7.2223     1.8533     42.586    33.6845    26.3525 -9.990e-29
 257.490272     42.943  34.306979     7.2227     1.8472     42.580    33.6846    26.3525 -9.990e-29
 257.490278     42.947  34.306901     7.2225     1.8575     42.584    33.6847    26.3526 -9.990e-29
 257.490284     42.963  34.306751     7.2220     1.8455     42.600    33.6850    26.3529 -9.990e-29
 257.490289     42.981  34.306323     7.2215     1.8517     42.618    33.6850    26.3530 -9.990e-29
 257.490295     42.995  34.306163     7.2215     1.8456     42.632    33.6848    26.3529 -9.990e-29
 257.490301     42.998  34.306610     7.2227     1.8479     42.635    33.6841    26.3522 -9.990e-29
 257.490307     42.985  34.307135     7.2249     1.8555     42.622    33.6826    26.3506 -9.990e-29
 257.490313     42.959  34.307873     7.2273     1.8537     42.596    33.6810    26.3491 -9.990e-29
 257.490318     42.932  34.308684     7.2293     1.8555     42.569    33.6800    26.3480 -9.990e-29
 257.490324     42.915  34.308967     7.2304     1.8436     42.552    33.6792    26.3472 -9.990e-29
 257.490330     42.912  34.308724     7.2301     1.8416     42.549    33.6793    26.3473 -9.990e-29
 257.490336     42.921  34.308187     7.2280     1.8335     42.558    33.6807    26.3487 -9.990e-29
 257.490341     42.939  34.307388     7.2259     1.8496     42.576    33.6819    26.3500 -9.990e-29
 257.490347     42.959  34.306941     7.2250     1.8493     42.596    33.6823    26.3504 -9.990e-29
 257.490353     42.973  34.307557     7.2247     1.8575     42.610    33.6832    26.3512 -9.990e-29
 257.490359     42.979  34.308375     7.2241     1.8436     42.616    33.6847    26.3524 -9.990e-29
 257.490365     42.980  34.308247     7.2235     1.8501     42.617    33.6851    26.3528 -9.990e-29
 257.490370     42.977  34.307565     7.2240     1.8476     42.614    33.6839    26.3518 -9.990e-29
 257.490376     42.966  34.307660     7.2260     1.8457     42.603    33.6821    26.3501 -9.990e-29
 257.490382     42.950  34.308658     7.2282     1.8574     42.587    33.6810    26.3490 -9.990e-29
 257.490388     42.936  34.309652     7.2291     1.8457     42.573    33.6812    26.3490 -9.990e-29
 257.490394     42.932  34.310289     7.2284     1.8476     42.569    33.6826    26.3502 -9.990e-29
 257.490399     42.942  34.310299     7.2263     1.8457     42.579    33.6847    26.3521 -9.990e-29
 257.490405     42.963  34.309137     7.2234     1.8518     42.600    33.6862    26.3537 -9.990e-29
 257.490411     42.987  34.306934     7.2208     1.8414     42.624    33.6863    26.3542 -9.990e-29
 257.490417     43.008  34.305235     7.2198     1.8456     42.645    33.6855    26.3536 -9.990e-29
 257.490422     43.017  34.305134     7.2202     1.8297     42.654    33.6849    26.3532 -9.990e-29
 257.490428     43.016  34.305936     7.2213     1.8340     42.653    33.6848    26.3528 -9.990e-29
 257.490434     43.013  34.306469     7.2222     1.8417     42.650    33.6845    26.3525 -9.990e-29
 257.490440     43.012  34.306327     7.2224     1.8416     42.649    33.6841    26.3522 -9.990e-29
 257.490446     43.014  34.305882     7.2223     1.8551     42.651    33.6837    26.3519 -9.990e-29
 257.490451     43.018  34.305660     7.2223     1.8372     42.655    33.6835    26.3517 -9.990e-29
 257.490457     43.024  34.305928     7.2227     1.8413     42.660    33.6834    26.3516 -9.990e-29
 257.490463     43.029  34.306483     7.2233     1.8334     42.665    33.6834    26.3515 -9.990e-29
 257.490469     43.029  34.306947     7.2235     1.8475     42.665    33.6837    26.3517 -9.990e-29
 257.490475     43.028  34.306818     7.2229     1.8490     42.664    33.6841    26.3521 -9.990e-29
 257.490480     43.029  34.305924     7.2217     1.8454     42.665    33.6843    26.3525 -9.990e-29
 257.490486     43.034  34.304758     7.2207     1.8375     42.670    33.6840    26.3524 -9.990e-29
 257.490492     43.039  34.304003     7.2206     1.8378     42.675    33.6833    26.3518 -9.990e-29
 257.490498     43.034  34.304334     7.2216     1.8515     42.670    33.6827    26.3512 -9.990e-29
 257.490503     43.020  34.305633     7.2231     1.8472     42.657    33.6827    26.3510 -9.990e-29
 257.490509     43.005  34.306832     7.2239     1.8472     42.642    33.6832    26.3513 -9.990e-29
 257.490515     42.995  34.307293     7.2238     1.8336     42.632    33.6838    26.3518 -9.990e-29
 257.490521     42.995  34.307070     7.2231     1.8458     42.632    33.6842    26.3522 -9.990e-29
 257.490527     43.004  34.306428     7.2219     1.8374     42.641    33.6847    26.3527 -9.990e-29
