data/oxygen options/ONMS/Olympic_Coast_National_Marine_Sanctuary_CTD_Data_2005_2023/raw_data/2010/CAST_CE015_060510faed.cnv
* Sea-Bird SBE19 Data File:
* FileName = C:\Program Files\Sea-Bird\SeaTermAF\CAST_CE015_060510.hex
* Software Version 1.24
* Temperature SN = 2997
* Conductivity SN = 2997
* System UpLoad Time = Jun 05 2010 19:17:22
** CAST_CE015_060510
* SEACAT PROFILER V3.1c SN 2997   06/05/10  19:15:23.780
# nquan = 9                                 
# nvalues = 820                         
# units = specified
# name 0 = timeJ: Julian Days
# name 1 = prSM: Pressure, Strain Gauge [db]
# name 2 = c0mS/cm: Conductivity [mS/cm]
# name 3 = t090C: Temperature [ITS-90, deg C]
# name 4 = sbeox0ML/L: Oxygen, SBE 43 [ml/l]
# name 5 = depSM: Depth [salt water, m], lat = 47.5
# name 6 = sal00: Salinity, Practical [PSU]
# name 7 = sigma-é00: Density [sigma-theta, kg/m^3]
# name 8 = flag: flag
# span 0 = 156.638970, 156.643709       
# span 1 =     -5.484,     17.124       
# span 2 =  -0.001564,  34.691180       
# span 3 =    11.2641,    16.1852       
# span 4 =    -1.9135,    14.0330       
# span 5 =     -5.438,     16.980       
# span 6 =     0.0000,    30.4604       
# span 7 =    -1.0860,    23.1972       
# span 8 = 0.0000e+00, 0.0000e+00       
# interval = seconds: 0.5
# start_time = Jun 05 2010 15:20:07 [Instrument's time stamp, header]
# bad_flag = -9.990e-29
*END*
[from data line 161]
 156.639902     -1.084  28.441870    14.4326    -1.7097     -1.075    22.5041    16.4727 -9.990e-29
 156.639907     -1.087  28.448499    14.4342    -1.7097     -1.078    22.5090    16.4762 -9.990e-29
 156.639913     -1.086  28.447258    14.4331    -1.7098     -1.077    22.5085    16.4760 -9.990e-29
 156.639919     -1.077  28.447097    14.4309    -1.7093     -1.068    22.5097    16.4773 -9.990e-29
 156.639925     -1.058  28.456729    14.4308    -1.7095     -1.049    22.5181    16.4838 -9.990e-29
 156.639931     -1.034  28.471627    14.4326    -1.7102     -1.025    22.5300    16.4926 -9.990e-29
 156.639936     -1.012  28.483655    14.4339    -1.7103     -1.004    22.5397    16.4999 -9.990e-29
 156.639942     -0.993  28.487560    14.4336    -1.7100     -0.985    22.5433    16.5027 -9.990e-29
 156.639948     -0.977  28.479573    14.4322    -1.7092     -0.969    22.5372    16.4982 -9.990e-29
 156.639954     -0.964  28.467482    14.4303    -1.7103     -0.956    22.5277    16.4913 -9.990e-29
 156.639959     -0.951  28.468711    14.4285    -1.7109     -0.943    22.5298    16.4933 -9.990e-29
 156.639965     -0.939  28.484873    14.4280    -1.7113     -0.931    22.5442    16.5044 -9.990e-29
 156.639971     -0.926  28.500007    14.4288    -1.7111     -0.918    22.5569    16.5140 -9.990e-29
 156.639977     -0.912  28.508528    14.4280    -1.7108     -0.904    22.5648    16.5202 -9.990e-29
 156.639983     -0.895  28.511141    14.4243    -1.7106     -0.888    22.5692    16.5243 -9.990e-29
 156.639988     -0.875  28.501234    14.4198    -1.7103     -0.868    22.5632    16.5206 -9.990e-29
 156.639994     -0.855  28.488511    14.4171    -1.7099     -0.848    22.5537    16.5138 -9.990e-29
 156.640000     -0.842  28.494026    14.4166    -1.7099     -0.835    22.5588    16.5178 -9.990e-29
 156.640006     -0.839  28.516153    14.4160    -1.7098     -0.832    22.5784    16.5330 -9.990e-29
 156.640012     -0.842  28.520585    14.4124    -1.7102     -0.835    22.5843    16.5382 -9.990e-29
 156.640017     -0.843  28.486351    14.4062    -1.7104     -0.836    22.5581    16.5193 -9.990e-29
 156.640023     -0.838  28.447790    14.4013    -1.7098     -0.831    22.5273    16.4966 -9.990e-29
 156.640029     -0.829  28.439065    14.3996    -1.7090     -0.822    22.5207    16.4918 -9.990e-29
 156.640035     -0.826  28.454672    14.3998    -1.7095     -0.819    22.5342    16.5021 -9.990e-29
 156.640041     -0.828  28.477346    14.4008    -1.7106     -0.821    22.5534    16.5167 -9.990e-29
 156.640046     -0.827  28.500928    14.4021    -1.7108     -0.820    22.5732    16.5316 -9.990e-29
 156.640052     -0.818  28.526622    14.4035    -1.7098     -0.811    22.5948    16.5479 -9.990e-29
 156.640058     -0.801  28.548376    14.4054    -1.7093     -0.794    22.6126    16.5613 -9.990e-29
 156.640064     -0.779  28.557681    14.4075    -1.7088     -0.773    22.6195    16.5662 -9.990e-29
 156.640069     -0.759  28.551254    14.4089    -1.7087     -0.753    22.6131    16.5610 -9.990e-29
 156.640075     -0.744  28.536165    14.4097    -1.7084     -0.738    22.5995    16.5504 -9.990e-29
 156.640081     -0.733  28.535913    14.4106    -1.7080     -0.727    22.5987    16.5496 -9.990e-29
 156.640087     -0.726  28.560767    14.4117    -1.7078     -0.720    22.6197    16.5656 -9.990e-29
 156.640093     -0.722  28.577817    14.4132    -1.7075     -0.716    22.6337    16.5760 -9.990e-29
 156.640098     -0.721  28.552700    14.4146    -1.7074     -0.715    22.6110    16.5583 -9.990e-29
 156.640104     -0.722  28.507292    14.4156    -1.7071     -0.716    22.5709    16.5273 -9.990e-29
 156.640110     -0.722  28.495724    14.4165    -1.7070     -0.716    22.5603    16.5190 -9.990e-29
 156.640116     -0.716  28.531083    14.4175    -1.7076     -0.710    22.5905    16.5420 -9.990e-29
 156.640122     -0.708  28.581599    14.4192    -1.7094     -0.702    22.6335    16.5747 -9.990e-29
 156.640127     -0.702  28.622277    14.4219    -1.7102     -0.696    22.6674    16.6003 -9.990e-29
 156.640133     -0.698  28.650258    14.4243    -1.7086     -0.692    22.6904    16.6175 -9.990e-29
 156.640139     -0.695  28.674289    14.4251    -1.7073     -0.689    22.7109    16.6330 -9.990e-29
 156.640145     -0.693  28.700089    14.4247    10.9129     -0.687    22.7336    16.6506 -9.990e-29
 156.640150     -0.688  28.725664    14.4239    13.8602     -0.682    22.7564    16.6682 -9.990e-29
 156.640156     -0.675  28.749836    14.4233    14.0330     -0.669    22.7778    16.6848 -9.990e-29
 156.640162     -0.661  28.772915    14.4235    11.7677     -0.655    22.7978    16.7001 -9.990e-29
 156.640168     -0.660  28.787037    14.4246     6.9875     -0.654    22.8095    16.7089 -9.990e-29
 156.640174     -0.670  28.769599    14.4255     6.9914     -0.664    22.7938    16.6966 -9.990e-29
 156.640179     -0.684  28.703480    14.4254     7.1222     -0.678    22.7362    16.6524 -9.990e-29
 156.640185     -0.699  28.616879    14.4244     7.1683     -0.693    22.6613    16.5950 -9.990e-29
 156.640191     -0.715  28.579509    14.4235     7.1825     -0.709    22.6292    16.5706 -9.990e-29
 156.640197     -0.733  28.605863    14.4232     7.2012     -0.727    22.6524    16.5884 -9.990e-29
 156.640203     -0.754  28.594528    14.4233     7.1576     -0.748    22.6424    16.5808 -9.990e-29
 156.640208     -0.776  28.503506    14.4231     7.1306     -0.770    22.5632    16.5200 -9.990e-29
 156.640214     -0.791  28.424030    14.4219     7.1117     -0.784    22.4947    16.4676 -9.990e-29
 156.640220     -0.801  28.382715    14.4199     7.1074     -0.794    22.4599    16.4412 -9.990e-29
 156.640226     -0.815  28.356901    14.4180     7.0966     -0.808    22.4385    16.4251 -9.990e-29
 156.640231     -0.832  28.345153    14.4170     7.0882     -0.825    22.4288    16.4179 -9.990e-29
 156.640237     -0.847  28.317793    14.4167     7.0811     -0.840    22.4052    16.3998 -9.990e-29
 156.640243     -0.855  28.284756    14.4167     7.0888     -0.848    22.3764    16.3777 -9.990e-29
 156.640249     -0.858  28.253441    14.4170     7.0992     -0.851    22.3490    16.3566 -9.990e-29
 156.640255     -0.859  28.128357    14.4174     7.1039     -0.852    22.2399    16.2727 -9.990e-29
 156.640260     -0.863  28.012353    14.4173     7.0994     -0.856    22.1391    16.1953 -9.990e-29
 156.640266     -0.866  28.103750    14.4161     7.0894     -0.859    22.2193    16.2571 -9.990e-29
 156.640272     -0.860  28.260329    14.4143     7.0897     -0.853    22.3565    16.3629 -9.990e-29
 156.640278     -0.839  28.334460    14.4132     7.1009     -0.832    22.4217    16.4132 -9.990e-29
 156.640284     -0.808  28.363412    14.4131     7.1156     -0.801    22.4470    16.4326 -9.990e-29
 156.640289     -0.772  28.375691    14.4134     7.1231     -0.766    22.4575    16.4406 -9.990e-29
 156.640295     -0.737  28.382048    14.4141     7.1252     -0.731    22.4626    16.4444 -9.990e-29
 156.640301     -0.706  28.384780    14.4148     7.1005     -0.700    22.4646    16.4458 -9.990e-29
 156.640307     -0.682  28.385266    14.4152     7.1032     -0.676    22.4648    16.4458 -9.990e-29
 156.640312     -0.666  28.384687    14.4152     7.0958     -0.660    22.4643    16.4455 -9.990e-29
 156.640318     -0.654  28.383362    14.4148     7.0890     -0.649    22.4633    16.4448 -9.990e-29
 156.640324     -0.640  28.382299    14.4147     7.0986     -0.635    22.4625    16.4442 -9.990e-29
 156.640330     -0.624  28.383412    14.4155     7.0959     -0.619    22.4630    16.4444 -9.990e-29
 156.640336     -0.604  28.385364    14.4171     7.1244     -0.599    22.4637    16.4447 -9.990e-29
 156.640341     -0.579  28.386814    14.4189     7.1308     -0.574    22.4640    16.4445 -9.990e-29
 156.640347     -0.553  28.387991    14.4205     7.1337     -0.548    22.4640    16.4443 -9.990e-29
 156.640353     -0.527  28.388759    14.4214     7.1358     -0.523    22.4642    16.4442 -9.990e-29
 156.640359     -0.500  28.389001    14.4220     7.1209     -0.496    22.4640    16.4440 -9.990e-29
 156.640365     -0.475  28.389012    14.4232     7.1190     -0.471    22.4634    16.4432 -9.990e-29
 156.640370     -0.454  28.389341    14.4252     7.1096     -0.450    22.4625    16.4422 -9.990e-29
 156.640376     -0.436  28.389841    14.4275     7.1069     -0.432    22.4616    16.4411 -9.990e-29
 156.640382     -0.419  28.390594    14.4298     7.1220     -0.416    22.4609    16.4401 -9.990e-29
 156.640388     -0.403  28.391653    14.4317     7.1128     -0.400    22.4607    16.4396 -9.990e-29
 156.640394     -0.387  28.392735    14.4338     7.1065     -0.384    22.4604    16.4390 -9.990e-29
 156.640399     -0.374  28.393771    14.4367     7.0967     -0.371    22.4597    16.4378 -9.990e-29
 156.640405     -0.368  28.394439    14.4392     7.0932     -0.365    22.4588    16.4367 -9.990e-29
 156.640411     -0.363  28.394674    14.4399     7.1060     -0.360    22.4586    16.4364 -9.990e-29
 156.640417     -0.355  28.394774    14.4389     7.1239     -0.352    22.4593    16.4371 -9.990e-29
 156.640422     -0.344  28.394299    14.4377     7.1288     -0.341    22.4595    16.4376 -9.990e-29
 156.640428     -0.333  28.393156    14.4372     7.1340     -0.330    22.4588    16.4371 -9.990e-29
 156.640434     -0.326  28.392604    14.4373     7.1303     -0.323    22.4583    16.4367 -9.990e-29
 156.640440     -0.322  28.393007    14.4374     7.1126     -0.319    22.4586    16.4369 -9.990e-29
 156.640446     -0.321  28.393206    14.4370     7.1026     -0.318    22.4590    16.4373 -9.990e-29
 156.640451     -0.319  28.392890    14.4361     7.0860     -0.316    22.4592    16.4376 -9.990e-29
 156.640457     -0.312  28.392740    14.4348     7.0859     -0.309    22.4599    16.4383 -9.990e-29
 156.640463     -0.298  28.392541    14.4330     7.0923     -0.296    22.4607    16.4393 -9.990e-29
 156.640469     -0.277  28.392009    14.4316     7.0973     -0.275    22.4611    16.4399 -9.990e-29
 156.640475     -0.252  28.391537    14.4309     7.1150     -0.250    22.4610    16.4400 -9.990e-29
 156.640480     -0.230  28.391037    14.4305     7.1177     -0.228    22.4608    16.4399 -9.990e-29
 156.640486     -0.214  28.390385    14.4304     7.1114     -0.212    22.4603    16.4395 -9.990e-29
 156.640492     -0.203  28.390371    14.4307     7.1082     -0.201    22.4601    16.4393 -9.990e-29
 156.640498     -0.192  28.391521    14.4319     7.1105     -0.190    22.4604    16.4393 -9.990e-29
 156.640503     -0.175  28.393113    14.4336     7.1130     -0.174    22.4608    16.4393 -9.990e-29
 156.640509     -0.156  28.393898    14.4344     7.1208     -0.155    22.4610    16.4393 -9.990e-29
 156.640515     -0.139  28.393225    14.4337     7.1203     -0.138    22.4609    16.4393 -9.990e-29
 156.640521     -0.125  28.392418    14.4319     7.1176     -0.124    22.4612    16.4399 -9.990e-29
 156.640527     -0.119  28.392621    14.4299     7.1103     -0.118    22.4625    16.4413 -9.990e-29
 156.640532     -0.117  28.392969    14.4284     7.1070     -0.116    22.4637    16.4425 -9.990e-29
 156.640538     -0.113  28.392792    14.4270     7.1135     -0.112    22.4643    16.4433 -9.990e-29
 156.640544     -0.107  28.391836    14.4247     7.1225     -0.106    22.4648    16.4441 -9.990e-29
 156.640550     -0.099  28.389927    14.4222     7.1193     -0.098    22.4646    16.4444 -9.990e-29
 156.640556     -0.089  28.388420    14.4222     7.1169     -0.088    22.4633    16.4434 -9.990e-29
 156.640561     -0.079  28.388645    14.4248     7.1197     -0.078    22.4620    16.4419 -9.990e-29
 156.640567     -0.079  28.389766    14.4275     7.1199     -0.078    22.4614    16.4409 -9.990e-29
 156.640573     -0.088  28.390464    14.4287     7.1164     -0.087    22.4613    16.4406 -9.990e-29
 156.640579     -0.098  28.390533    14.4280     7.1076     -0.097    22.4618    16.4411 -9.990e-29
 156.640584     -0.105  28.390047    14.4264     7.1096     -0.104    22.4623    16.4418 -9.990e-29
 156.640590     -0.106  28.389463    14.4254     7.1057     -0.105    22.4624    16.4421 -9.990e-29
 156.640596     -0.096  28.389662    14.4255     7.1085     -0.095    22.4625    16.4421 -9.990e-29
 156.640602     -0.083  28.390334    14.4261     7.1164     -0.082    22.4627    16.4422 -9.990e-29
 156.640608     -0.076  28.390679    14.4261     7.1291     -0.075    22.4630    16.4424 -9.990e-29
 156.640613     -0.069  28.390581    14.4252     7.1402     -0.068    22.4635    16.4429 -9.990e-29
 156.640619     -0.057  28.390451    14.4242     7.1467     -0.057    22.4639    16.4435 -9.990e-29
 156.640625     -0.041  28.390660    14.4237     7.1364     -0.041    22.4644    16.4439 -9.990e-29
 156.640631     -0.022  28.390911    14.4241     7.1231     -0.022    22.4644    16.4439 -9.990e-29
 156.640637     -0.008  28.390961    14.4252     7.1120     -0.008    22.4638    16.4432 -9.990e-29
 156.640642      0.000  28.390859    14.4258     7.1226      0.000    22.4633    16.4427 -9.990e-29
 156.640648      0.014  28.390453    14.4253     7.1349      0.014    22.4633    16.4428 -9.990e-29
 156.640654      0.033  28.389743    14.4240     7.1527      0.033    22.4634    16.4431 -9.990e-29
 156.640660      0.049  28.388886    14.4229     7.1611      0.049    22.4633    16.4432 -9.990e-29
 156.640666      0.061  28.388400    14.4223     7.1621      0.060    22.4632    16.4433 -9.990e-29
 156.640671      0.068  28.388740    14.4218     7.1521      0.067    22.4638    16.4438 -9.990e-29
 156.640677      0.072  28.389223    14.4214     7.1448      0.071    22.4644    16.4444 -9.990e-29
 156.640683      0.075  28.389354    14.4209     7.1411      0.074    22.4648    16.4448 -9.990e-29
 156.640689      0.084  28.389291    14.4199     7.1399      0.083    22.4653    16.4454 -9.990e-29
 156.640694      0.095  28.388934    14.4187     7.1482      0.094    22.4657    16.4459 -9.990e-29
 156.640700      0.102  28.388352    14.4177     7.1560      0.101    22.4658    16.4462 -9.990e-29
 156.640706      0.108  28.387870    14.4173     7.1513      0.107    22.4656    16.4461 -9.990e-29
 156.640712      0.113  28.387946    14.4182     7.1489      0.112    22.4651    16.4456 -9.990e-29
 156.640718      0.117  28.388664    14.4199     7.1385      0.116    22.4648    16.4450 -9.990e-29
 156.640723      0.119  28.389284    14.4210     7.1295      0.118    22.4647    16.4447 -9.990e-29
 156.640729      0.121  28.389499    14.4214     7.1304      0.120    22.4647    16.4446 -9.990e-29
 156.640735      0.122  28.389580    14.4217     7.1313      0.121    22.4645    16.4445 -9.990e-29
 156.640741      0.123  28.389617    14.4221     7.1291      0.122    22.4643    16.4442 -9.990e-29
 156.640747      0.123  28.389642    14.4224     7.1305      0.122    22.4642    16.4441 -9.990e-29
 156.640752      0.126  28.389671    14.4224     7.1307      0.125    22.4642    16.4441 -9.990e-29
 156.640758      0.138  28.389727    14.4222     7.1256      0.137    22.4644    16.4442 -9.990e-29
 156.640764      0.151  28.389868    14.4223     7.1267      0.150    22.4644    16.4443 -9.990e-29
 156.640770      0.152  28.390265    14.4232     7.1263      0.151    22.4643    16.4440 -9.990e-29
 156.640775      0.141  28.390871    14.4247     7.1277      0.140    22.4639    16.4434 -9.990e-29
 156.640781      0.127  28.391355    14.4260     7.1177      0.126    22.4636    16.4429 -9.990e-29
 156.640787      0.113  28.391787    14.4266     7.1087      0.112    22.4636    16.4428 -9.990e-29
 156.640793      0.102  28.392169    14.4263     7.1196      0.101    22.4642    16.4433 -9.990e-29
 156.640799      0.097  28.391872    14.4253     7.1323      0.096    22.4645    16.4437 -9.990e-29
 156.640804      0.094  28.391044    14.4243     7.1439      0.093    22.4643    16.4438 -9.990e-29
 156.640810      0.090  28.390803    14.4242     7.1608      0.089    22.4642    16.4437 -9.990e-29
 156.640816      0.082  28.391368    14.4252     7.1466      0.081    22.4641    16.4434 -9.990e-29
