data/oxygen options/ONMS/Olympic_Coast_National_Marine_Sanctuary_CTD_Data_2005_2023/raw_data/2010/CAST_MB042_091310faedb.cnv
* Sea-Bird SBE19 Data File:
* FileName = C:\Documents and Settings\OCNMS\Desktop\2010 mooring data\third service\CAST_MB042_091310.hex
* Software Version 1.24
* Temperature SN = 2997
* Conductivity SN = 2997
* System UpLoad Time = Sep 13 2010 16:12:15
** CAST_MB042_091310
* SEACAT PROFILER V3.1c SN 2997   09/13/10  16:10:19.149
# nquan = 9
# nvalues = 42                          
# units = specified
# name 0 = timeJ: Julian Days
# name 1 = prSM: Pressure, Strain Gauge [db]
# name 2 = c0mS/cm: Conductivity [mS/cm]
# name 3 = t090C: Temperature [ITS-90, deg C]
# name 4 = sbeox0ML/L: Oxygen, SBE 43 [ml/l]
# name 5 = depSM: Depth [salt water, m], lat = 47.5
# name 6 = sal00: Salinity, Practical [PSU]
# name 7 = sigma-é00: Density [sigma-theta, kg/m^3]
# name 8 = flag: flag
# span 0 = 256.521558, 256.522615       
# span 1 =      2.000,     43.000       
# span 2 =  35.358836,  36.326630       
# span 3 =     9.0641,    11.4587       
# span 4 =     4.5518,     5.7666       
# span 5 =      1.984,     42.636       
# span 6 =    31.7541,    33.0531       
# span 7 =    24.1680,    25.5840       
# span 8 = 0.0000e+00, 0.0000e+00       
# interval = decibars: 1                
# start_time = Sep 13 2010 12:29:23 [Instrument's time stamp, header]
# bad_flag = -9.990e-29
*END*
 256.521558      2.000  36.176334    11.4587     5.6709      1.984    31.7541    24.1680 0.0000e+00
 256.521587      3.000  36.005575    11.2578     5.6745      2.975    31.7595    24.2079 0.0000e+00
 256.521606      4.000  35.921771    11.1437     5.6572      3.967    31.7752    24.2402 0.0000e+00
 256.521622      5.000  35.910788    11.0290     5.6585      4.958    31.8632    24.3289 0.0000e+00
 256.521637      6.000  35.920111    10.8840     5.6672      5.950    31.9983    24.4593 0.0000e+00
 256.521651      7.000  35.958244    10.8121     5.6688      6.941    32.0985    24.5499 0.0000e+00
 256.521665      8.000  35.978676    10.7691     5.6687      7.933    32.1561    24.6021 0.0000e+00
 256.521681      9.000  35.993450    10.7331     5.6861      8.925    32.2020    24.6441 0.0000e+00
 256.521696     10.000  36.040430    10.7111     5.7240      9.916    32.2678    24.6991 0.0000e+00
 256.521712     11.000  36.101692    10.7160     5.7473     10.908    32.3240    24.7421 0.0000e+00
 256.521730     12.000  36.165004    10.7449     5.7495     11.899    32.3610    24.7659 0.0000e+00
 256.521753     13.000  36.223837    10.7533     5.7506     12.891    32.4117    24.8039 0.0000e+00
 256.521779     14.000  36.286604    10.7366     5.7666     13.883    32.4886    24.8667 0.0000e+00
 256.521806     15.000  36.326630    10.6961     5.7279     14.874    32.5641    24.9326 0.0000e+00
 256.521832     16.000  36.307270    10.5867     5.6125     15.866    32.6420    25.0122 0.0000e+00
 256.521859     17.000  36.235976    10.4210     5.5690     16.858    32.7188    25.1005 0.0000e+00
 256.521884     18.000  36.204938    10.3534     5.4816     17.849    32.7480    25.1348 0.0000e+00
 256.521911     19.000  36.132898    10.2098     5.2694     18.841    32.8047    25.2033 0.0000e+00
 256.521937     20.000  35.965668     9.9418     5.0451     19.832    32.8783    25.3055 0.0000e+00
 256.521964     21.000  35.766810     9.6657     4.9103     20.824    32.9272    25.3893 0.0000e+00
 256.521989     22.000  35.650194     9.5005     4.8851     21.816    32.9588    25.4409 0.0000e+00
 256.522016     23.000  35.629392     9.4557     4.8126     22.807    32.9783    25.4633 0.0000e+00
 256.522041     24.000  35.569413     9.3704     4.7714     23.798    32.9947    25.4899 0.0000e+00
 256.522065     25.000  35.537564     9.3327     4.7566     24.790    32.9962    25.4971 0.0000e+00
 256.522092     26.000  35.518318     9.3138     4.7164     25.781    32.9933    25.4979 0.0000e+00
 256.522118     27.000  35.491965     9.2688     4.6756     26.773    33.0072    25.5159 0.0000e+00
 256.522143     28.000  35.462822     9.2251     4.6643     27.764    33.0171    25.5306 0.0000e+00
 256.522171     29.000  35.448105     9.2020     4.6459     28.756    33.0227    25.5386 0.0000e+00
 256.522196     30.000  35.446344     9.1852     4.6342     29.748    33.0360    25.5518 0.0000e+00
 256.522219     31.000  35.415585     9.1521     4.6136     30.739    33.0344    25.5558 0.0000e+00
 256.522246     32.000  35.409212     9.1429     4.6029     31.730    33.0358    25.5584 0.0000e+00
 256.522272     33.000  35.399643     9.1267     4.6001     32.722    33.0404    25.5645 0.0000e+00
 256.522295     34.000  35.391289     9.1147     4.6001     33.713    33.0425    25.5680 0.0000e+00
 256.522321     35.000  35.391539     9.1141     4.5917     34.705    33.0428    25.5684 0.0000e+00
 256.522350     36.000  35.390710     9.1094     4.5763     35.696    33.0459    25.5716 0.0000e+00
 256.522372     37.000  35.377760     9.0936     4.5747     36.688    33.0466    25.5747 0.0000e+00
 256.522396     38.000  35.371662     9.0853     4.5809     37.679    33.0476    25.5768 0.0000e+00
 256.522425     39.000  35.376592     9.0906     4.5676     38.671    33.0473    25.5757 0.0000e+00
 256.522450     40.000  35.365230     9.0711     4.5662     39.662    33.0531    25.5834 0.0000e+00
 256.522473     41.000  35.358836     9.0641     4.5593     40.654    33.0526    25.5840 0.0000e+00
 256.522501     42.000  35.360794     9.0672     4.5518     41.645    33.0512    25.5825 0.0000e+00
 256.522615     43.000  35.366695     9.0751     4.5610     42.636    33.0497    25.5800 0.0000e+00
