data/oxygen options/ONMS/Olympic_Coast_National_Marine_Sanctuary_CTD_Data_2005_2023/raw_data/2010/CAST_CE065_081710faed.cnv
* Sea-Bird SBE19 Data File:
* FileName = C:\Documents and Settings\OCNMS\Desktop\2010 mooring data\second service\CAST_CE065_081710.hex
* Software Version 1.24
* Temperature SN = 2997
* Conductivity SN = 2997
* System UpLoad Time = Aug 18 2010 18:01:00
** CAST_CE065_081710
* SEACAT PROFILER V3.1c SN 2997   08/18/10  17:55:52.551
# nquan = 9                                 
# nvalues = 927                         
# units = specified
# name 0 = timeJ: Julian Days
# name 1 = prSM: Pressure, Strain Gauge [db]
# name 2 = c0mS/cm: Conductivity [mS/cm]
# name 3 = t090C: Temperature [ITS-90, deg C]
# name 4 = sbeox0ML/L: Oxygen, SBE 43 [ml/l]
# name 5 = depSM: Depth [salt water, m], lat = 47.5
# name 6 = sal00: Salinity, Practical [PSU]
# name 7 = sigma-é00: Density [sigma-theta, kg/m^3]
# name 8 = flag: flag
# span 0 = 229.370532, 229.375891       
# span 1 =     -4.961,     66.861       
# span 2 =   0.001278,  39.032534       
# span 3 =     6.8845,    13.8777       
# span 4 =   -10.7048,    14.0587       
# span 5 =     -4.920,     66.292       
# span 6 =     0.0067,    33.8371       
# span 7 =    -0.5641,    26.5184       
# span 8 = 0.0000e+00, 0.0000e+00       
# interval = seconds: 0.5
# start_time = Aug 17 2010 08:53:34 [Instrument's time stamp, header]
# bad_flag = -9.990e-29
*END*
[from data line 801]
 229.375168     12.894  35.332568     9.4512     4.5149     12.786    32.6817    25.2320 0.0000e+00
 229.375174     12.614  35.345609     9.4631     4.5076     12.508    32.6843    25.2322 0.0000e+00
 229.375179     12.327  35.354271     9.4715     4.5222     12.224    32.6857    25.2319 0.0000e+00
 229.375185     12.026  35.354513     9.4843     4.5484     11.925    32.6744    25.2210 0.0000e+00
 229.375191     11.716  35.349557     9.5113     4.6170     11.618    32.6449    25.1936 0.0000e+00
 229.375197     11.401  35.354178     9.5490     4.7404     11.306    32.6154    25.1645 0.0000e+00
 229.375203     11.087  35.376874     9.5877     4.8820     10.994    32.6036    25.1490 0.0000e+00
 229.375208     10.776  35.407114     9.6265     5.0520     10.686    32.5995    25.1395 0.0000e+00
 229.375214     10.461  35.427057     9.6774     5.1962     10.373    32.5738    25.1112 0.0000e+00
 229.375220     10.134  35.447707     9.7751     5.2760     10.049    32.5067    25.0428 0.0000e+00
 229.375226      9.801  35.505662     9.9315     5.3407      9.719    32.4249    24.9532 0.0000e+00
 229.375231      9.478  35.626755    10.1060     5.3755      9.399    32.3911    24.8980 0.0000e+00
 229.375237      9.181  35.789359    10.2537     5.3514      9.104    32.4232    24.8982 0.0000e+00
 229.375243      8.906  35.914601    10.3479     5.4077      8.831    32.4651    24.9149 0.0000e+00
 229.375249      8.640  35.962306    10.3993     5.4948      8.568    32.4672    24.9079 0.0000e+00
 229.375255      8.368  35.976595    10.4401     5.6215      8.298    32.4452    24.8838 0.0000e+00
 229.375260      8.079  35.993437    10.4829     5.8223      8.011    32.4241    24.8600 0.0000e+00
 229.375266      7.778  36.019700    10.5374     6.0488      7.713    32.4020    24.8335 0.0000e+00
 229.375272      7.470  36.060249    10.6058     6.1318      7.408    32.3818    24.8061 0.0000e+00
 229.375278      7.162  36.129477    10.6920     6.2633      7.102    32.3745    24.7855 0.0000e+00
 229.375284      6.856  36.222306    10.8595     6.3996      6.799    32.3188    24.7131 0.0000e+00
 229.375289      6.553  36.345520    11.1204     6.5767      6.498    32.2114    24.5837 0.0000e+00
 229.375295      6.260  36.558734    11.3541     6.7309      6.208    32.2167    24.5462 0.0000e+00
 229.375301      5.980  36.792247    11.5073     6.8228      5.930    32.3116    24.5923 0.0000e+00
 229.375307      5.712  37.024743    11.6539     6.9064      5.664    32.4104    24.6424 0.0000e+00
 229.375313      5.452  37.269363    11.8305     6.9640      5.406    32.4939    24.6749 0.0000e+00
 229.375318      5.192  37.369917    12.0937     7.0275      5.149    32.3623    24.5238 0.0000e+00
 229.375324      4.929  37.442680    12.4886     7.0777      4.888    32.0924    24.2401 0.0000e+00
 229.375330      4.661  37.676135    12.8929     7.1048      4.622    31.9706    24.0680 0.0000e+00
 229.375336      4.391  38.021926    13.1905     7.1080      4.354    32.0449    24.0673 0.0000e+00
 229.375341      4.117  38.355655    13.3713     7.1122      4.083    32.2049    24.1552 0.0000e+00
 229.375347      3.840  38.528969    13.4890     7.2659      3.808    32.2673    24.1799 0.0000e+00
 229.375353      3.559  38.598252    13.5995     8.4649      3.529    32.2387    24.1356 0.0000e+00
 229.375359      3.278  38.685715    13.6915     8.1564      3.251    32.2425    24.1200 0.0000e+00
 229.375365      3.004  38.783667    13.7502     7.7125      2.979    32.2841    24.1402 0.0000e+00
 229.375370      2.741  38.864780    13.7847     7.1602      2.718    32.3303    24.1689 0.0000e+00
 229.375376      2.490  38.900008    13.8015     8.1305      2.469    32.3489    24.1798 0.0000e+00
 229.375382      2.252  38.873100    13.8079     7.9534      2.233    32.3186    24.1551 0.0000e+00
 229.375388      2.029  38.771266    13.8125     7.5124      2.012    32.2206    24.0784 0.0000e+00
 229.375394      1.823  38.479575    13.8107     7.0896      1.808    31.9523    23.8716 0.0000e+00
 229.375399      1.636  37.582304    13.7876     6.7557      1.622    31.1430    23.2514 0.0000e+00
 229.375405      1.462  34.880958    13.7357     6.4804      1.450    28.7061    21.3813 0.0000e+00
 229.375411      1.305  28.041305    13.6627     6.3528      1.294    22.6006    16.6910 0.0000e+00
 229.375417      1.171  20.120451    13.5813     6.3044      1.161    15.7446    11.4319 -9.990e-29
 229.375422      1.065  18.544407    13.5019     6.2112      1.056    14.4350    10.4383 -9.990e-29
 229.375428      0.983  22.194306    13.4311     6.2216      0.975    17.5940    12.8795 -9.990e-29
 229.375434      0.922  22.254557    13.3692     6.2099      0.914    17.6747    12.9522 -9.990e-29
 229.375440      0.877  15.985546    13.3105     6.2170      0.870    12.3440     8.8613 -9.990e-29
 229.375446      0.840   9.918302    13.2503     6.2216      0.833     7.3781     5.0490 -9.990e-29
 229.375451      0.806   7.171510    13.1890     6.2285      0.799     5.2154     3.3913 -9.990e-29
 229.375457      0.775   5.612387    13.1322     6.2340      0.769     4.0178     2.4751 -9.990e-29
 229.375463      0.752   4.567417    13.0838     6.2312      0.746     3.2291     1.8724 -9.990e-29
 229.375469      0.734   4.011166    13.0432     6.2153      0.728     2.8152     1.5579 -9.990e-29
 229.375475      0.720   3.637457    13.0082     6.2265      0.714     2.5397     1.3494 -9.990e-29
 229.375480      0.709   3.475956    12.9761    -7.8718      0.703     2.4222     1.2627 -9.990e-29
 229.375486      0.700   3.516106    12.9434   -10.7048      0.694     2.4540     1.2917 -9.990e-29
 229.375492      0.694   3.312338    12.9094   -10.6789      0.688     2.3054     1.1811 -9.990e-29
 229.375498      0.689   2.895590    12.8762    -7.7940      0.683     2.0010     0.9496 -9.990e-29
 229.375503      0.685   2.560618    12.8460    -2.0330      0.679     1.7584     0.7655 -9.990e-29
 229.375509      0.682   2.336381    12.8200    -2.0332      0.676     1.5972     0.6439 -9.990e-29
 229.375515      0.680   2.164695    12.7979    -2.0334      0.674     1.4745     0.5515 -9.990e-29
 229.375521      0.678   1.996390    12.7783    -2.0335      0.672     1.3546     0.4610 -9.990e-29
 229.375527      0.677   1.806757    12.7603    -2.0340      0.671     1.2201     0.3588 -9.990e-29
 229.375532      0.677   1.590325    12.7439    -2.0348      0.671     1.0674     0.2423 -9.990e-29
 229.375538      0.677   1.386828    12.7297    -2.0349      0.671     0.9249     0.1333 -9.990e-29
 229.375544      0.677   1.259858    12.7192    -2.0348      0.671     0.8366     0.0660 -9.990e-29
 229.375550      0.678   1.196483    12.7135    -2.0349      0.672     0.7927     0.0326 -9.990e-29
 229.375556      0.679   1.108876    12.7116    -2.0354      0.673     0.7322    -0.0143 -9.990e-29
 229.375561      0.681   0.978353    12.7116    -2.0191      0.675     0.6424    -0.0842 -9.990e-29
 229.375567      0.684   0.864263    12.7114    -2.0134      0.678     0.5645    -0.1448 -9.990e-29
 229.375573      0.688   0.794639    12.7098    -2.0219      0.682     0.5173    -0.1814 -9.990e-29
 229.375579      0.693   0.755355    12.7057    -2.0258      0.687     0.4908    -0.2015 -9.990e-29
 229.375584      0.699   0.727842    12.6999    -2.0287      0.693     0.4723    -0.2152 -9.990e-29
 229.375590      0.702   0.704788    12.6940    -2.0309      0.696     0.4568    -0.2265 -9.990e-29
 229.375596      0.700   0.693697    12.6884    -2.0321      0.694     0.4494    -0.2316 -9.990e-29
 229.375602      0.694   0.710817    12.6834    -2.0330      0.688     0.4610    -0.2219 -9.990e-29
 229.375608      0.691   0.771770    12.6789    -2.0342      0.685     0.5022    -0.1893 -9.990e-29
 229.375613      0.688   0.920694    12.6741    -2.0351      0.682     0.6036    -0.1097 -9.990e-29
 229.375619      0.687   1.346177    12.6692    -2.0363      0.681     0.8979     0.1199 -9.990e-29
 229.375625      0.683   2.021593    12.6653    -2.0379      0.677     1.3767     0.4924 -9.990e-29
 229.375631      0.671   2.405489    12.6611    -2.0392      0.665     1.6540     0.7082 -9.990e-29
 229.375637      0.654   2.258187    12.6531    -2.0396      0.649     1.5476     0.6266 -9.990e-29
 229.375642      0.637   1.923157    12.6411    -2.0398      0.632     1.3070     0.4413 -9.990e-29
 229.375648      0.626   1.649953    12.6283    -2.0394      0.621     1.1129     0.2921 -9.990e-29
 229.375654      0.629   1.468637    12.6167    -2.0401      0.624     0.9851     0.1942 -9.990e-29
 229.375660      0.639   1.359825    12.6064    -2.0394      0.634     0.9090     0.1363 -9.990e-29
 229.375666      0.646   1.282122    12.5968    -2.0405      0.641     0.8548     0.0954 -9.990e-29
 229.375671      0.652   1.207882    12.5861    -2.0416      0.647     0.8033     0.0566 -9.990e-29
 229.375677      0.657   1.130152    12.5736    -2.0421      0.652     0.7496     0.0163 -9.990e-29
 229.375683      0.661   1.047857    12.5609    -2.0427      0.655     0.6928    -0.0262 -9.990e-29
 229.375689      0.664   0.970458    12.5504    -2.0432      0.658     0.6397    -0.0663 -9.990e-29
 229.375694      0.667   0.918928    12.5436    -2.0438      0.661     0.6044    -0.0930 -9.990e-29
 229.375700      0.670   0.902162    12.5394    -2.0440      0.664     0.5930    -0.1014 -9.990e-29
 229.375706      0.673   0.907783    12.5362    -2.0439      0.667     0.5969    -0.0979 -9.990e-29
 229.375712      0.676   0.915571    12.5337    -2.0438      0.670     0.6023    -0.0934 -9.990e-29
 229.375718      0.680   0.917064    12.5320    -2.0428      0.674     0.6033    -0.0924 -9.990e-29
 229.375723      0.684   0.902058    12.5311    -2.0380      0.678     0.5930    -0.1003 -9.990e-29
 229.375729      0.689   0.847218    12.5308    -2.0367      0.683     0.5555    -0.1295 -9.990e-29
 229.375735      0.695   0.766446    12.5304    -2.0357      0.689     0.5005    -0.1723 -9.990e-29
 229.375741      0.698   0.691723    12.5290    -2.0361      0.692     0.4499    -0.2116 -9.990e-29
 229.375747      0.695   0.627059    12.5265    -2.0372      0.689     0.4064    -0.2452 -9.990e-29
 229.375752      0.689   0.573798    12.5241    -2.0380      0.683     0.3707    -0.2727 -9.990e-29
 229.375758      0.684   0.541284    12.5225    -2.0386      0.678     0.3490    -0.2895 -9.990e-29
 229.375764      0.680   0.534928    12.5209    -2.0392      0.674     0.3448    -0.2926 -9.990e-29
 229.375770      0.676   0.560664    12.5187    -2.0402      0.670     0.3620    -0.2789 -9.990e-29
 229.375775      0.673   0.642280    12.5159    -2.0407      0.667     0.4167    -0.2358 -9.990e-29
 229.375781      0.671   0.828190    12.5133    -2.0410      0.665     0.5428    -0.1373 -9.990e-29
 229.375787      0.668   1.088589    12.5115    -2.0415      0.662     0.7219     0.0025 -9.990e-29
 229.375793      0.669   1.298396    12.5103    -2.0421      0.663     0.8682     0.1164 -9.990e-29
 229.375799      0.679   1.399738    12.5092    -2.0427      0.673     0.9393     0.1719 -9.990e-29
 229.375804      0.690   1.406861    12.5076    -2.0428      0.684     0.9444     0.1760 -9.990e-29
 229.375810      0.693   1.351998    12.5057    -2.0430      0.687     0.9059     0.1463 -9.990e-29
 229.375816      0.693   1.280102    12.5039    -2.0432      0.687     0.8555     0.1073 -9.990e-29
 229.375822      0.695   1.211746    12.5025    -2.0434      0.689     0.8078     0.0704 -9.990e-29
 229.375828      0.698   1.142836    12.5012    -2.0434      0.692     0.7598     0.0332 -9.990e-29
 229.375833      0.703   1.072413    12.4990    -2.0434      0.697     0.7110    -0.0046 -9.990e-29
 229.375839      0.711   1.013572    12.4962 -9.990e-29      0.705     0.6703    -0.0359 -9.990e-29
 229.375845      0.720   0.969905    12.4939 -9.990e-29      0.714     0.6402    -0.0590 -9.990e-29
 229.375851      0.734   0.928088    12.4929 -9.990e-29      0.728     0.6115    -0.0813 -9.990e-29
 229.375856      0.746   0.882254    12.4929 -9.990e-29      0.740     0.5800    -0.1058 -9.990e-29
 229.375862      0.756   0.839470    12.4931 -9.990e-29      0.750     0.5508    -0.1286 -9.990e-29
 229.375868      0.762   0.805879    12.4925 -9.990e-29      0.756     0.5278    -0.1464 -9.990e-29
 229.375874      0.761   0.781589    12.4912 -9.990e-29      0.755     0.5113    -0.1591 -9.990e-29
 229.375880      0.752   0.764143    12.4901 -9.990e-29      0.746     0.4995    -0.1682 -9.990e-29
 229.375885      0.745   0.753002    12.4896 -9.990e-29      0.739     0.4919    -0.1740 -9.990e-29
 229.375891      0.743   0.749383 -9.990e-29 -9.990e-29      0.737 -9.990e-29 -9.990e-29 -9.990e-29
