data/oxygen options/ONMS/Olympic_Coast_National_Marine_Sanctuary_CTD_Data_2005_2023/raw_data/2010/CAST_CE015_101310faed.cnv
* Sea-Bird SBE19 Data File:
* FileName = C:\Documents and Settings\OCNMS\Desktop\2010 mooring data\fourth service\CAST_CE015_101310.hex
* Software Version 1.24
* Temperature SN = 2997
* Conductivity SN = 2997
* System UpLoad Time = Oct 13 2010 13:55:59
** CAST_CE015_101310
* SEACAT PROFILER V3.1c SN 2997   10/13/10  13:54:40.075
# nquan = 9                                 
# nvalues = 644                         
# units = specified
# name 0 = timeJ: Julian Days
# name 1 = prSM: Pressure, Strain Gauge [db]
# name 2 = c0mS/cm: Conductivity [mS/cm]
# name 3 = t090C: Temperature [ITS-90, deg C]
# name 4 = sbeox0ML/L: Oxygen, SBE 43 [ml/l]
# name 5 = depSM: Depth [salt water, m], lat = 47.5
# name 6 = sal00: Salinity, Practical [PSU]
# name 7 = sigma-é00: Density [sigma-theta, kg/m^3]
# name 8 = flag: flag
# span 0 = 286.528218, 286.531939       
# span 1 =     -4.493,     16.307       
# span 2 =   1.991000,  36.971699       
# span 3 =    13.5468,    13.9629       
# span 4 =    -1.6662,    12.3563       
# span 5 =     -4.456,     16.170       
# span 6 =     1.4968,    30.5941       
# span 7 =     0.4696,    22.8335       
# span 8 = 0.0000e+00, 0.0000e+00       
# interval = seconds: 0.5
# start_time = Oct 13 2010 12:40:38 [Instrument's time stamp, header]
# bad_flag = -9.990e-29
*END*
[from data line 161]
 286.529149     -0.588  34.973310    13.8964     6.5025     -0.583    28.6710    21.3225 -9.990e-29
 286.529155     -0.593  34.922006    13.9137     6.5162     -0.588    28.6115    21.2732 -9.990e-29
 286.529161     -0.589  34.894065    13.9175     6.5186     -0.584    28.5833    21.2508 -9.990e-29
 286.529167     -0.570  34.886431    13.9108     6.5385     -0.565    28.5813    21.2506 -9.990e-29
 286.529172     -0.545  34.900179    13.9027     6.5459     -0.540    28.5998    21.2664 -9.990e-29
 286.529178     -0.523  34.907813    13.9033     6.5554     -0.519    28.6063    21.2713 -9.990e-29
 286.529184     -0.510  34.887110    13.9087     6.5630     -0.506    28.5835    21.2526 -9.990e-29
 286.529190     -0.498  34.863124    13.9115     6.5515     -0.494    28.5596    21.2337 -9.990e-29
 286.529196     -0.479  34.848143    13.9127     6.5416     -0.475    28.5451    21.2223 -9.990e-29
 286.529201     -0.452  34.834002    13.9143     6.5140     -0.448    28.5311    21.2111 -9.990e-29
 286.529207     -0.424  34.825969    13.9160     6.4963     -0.420    28.5225    21.2042 -9.990e-29
 286.529213     -0.401  34.825703    13.9170     6.5160     -0.398    28.5215    21.2032 -9.990e-29
 286.529219     -0.386  34.827869    13.9163     6.5341     -0.383    28.5240    21.2053 -9.990e-29
 286.529225     -0.374  34.836535    13.9112     6.5532     -0.371    28.5356    21.2153 -9.990e-29
 286.529230     -0.359  34.873388    13.9023     6.5380     -0.356    28.5757    21.2479 -9.990e-29
 286.529236     -0.346  34.918233    13.8996     6.5164     -0.343    28.6185    21.2814 -9.990e-29
 286.529242     -0.342  34.915085    13.9076     6.4971     -0.339    28.6096    21.2730 -9.990e-29
 286.529248     -0.346  34.877151    13.9173     6.4877     -0.343    28.5680    21.2390 -9.990e-29
 286.529253     -0.351  34.846804    13.9208     6.4966     -0.348    28.5378    21.2151 -9.990e-29
 286.529259     -0.347  34.832326    13.9137     6.5154     -0.344    28.5299    21.2104 -9.990e-29
 286.529265     -0.332  34.842456    13.8970     6.5325     -0.329    28.5515    21.2303 -9.990e-29
 286.529271     -0.311  34.879006    13.8843     6.5483     -0.308    28.5942    21.2657 -9.990e-29
 286.529277     -0.297  34.909628    13.8856     6.5759     -0.295    28.6210    21.2862 -9.990e-29
 286.529282     -0.293  34.908613    13.8950     6.5726     -0.291    28.6131    21.2782 -9.990e-29
 286.529288     -0.295  34.888655    13.9036     6.5851     -0.293    28.5886    21.2576 -9.990e-29
 286.529294     -0.294  34.862931    13.9091     6.5730     -0.292    28.5611    21.2353 -9.990e-29
 286.529300     -0.285  34.831340    13.9122     6.5660     -0.283    28.5301    21.2108 -9.990e-29
 286.529306     -0.269  34.790435    13.9143     6.5504     -0.267    28.4914    21.1806 -9.990e-29
 286.529311     -0.248  34.754001    13.9171     6.5277     -0.246    28.4563    21.1529 -9.990e-29
 286.529317     -0.230  34.750179    13.9206     6.5243     -0.228    28.4502    21.1476 -9.990e-29
 286.529323     -0.217  34.762739    13.9240     6.5196     -0.215    28.4591    21.1538 -9.990e-29
 286.529329     -0.206  34.769878    13.9258     6.5105     -0.204    28.4642    21.1574 -9.990e-29
 286.529334     -0.185  34.787888    13.9236     6.4888     -0.183    28.4822    21.1716 -9.990e-29
 286.529340     -0.155  34.838046    13.9195     6.4488     -0.154    28.5308    21.2099 -9.990e-29
 286.529346     -0.126  34.885444    13.9179     6.4154     -0.125    28.5750    21.2443 -9.990e-29
 286.529352     -0.109  34.884220    13.9158     6.4096     -0.108    28.5754    21.2450 -9.990e-29
 286.529358     -0.103  34.873088    13.9076     6.4067     -0.102    28.5714    21.2436 -9.990e-29
 286.529363     -0.098  34.887625    13.8909     6.4103     -0.097    28.5970    21.2666 -9.990e-29
 286.529369     -0.092  34.934405    13.8704     6.4202     -0.091    28.6548    21.3152 -9.990e-29
 286.529375     -0.082  34.991923    13.8579     6.4208     -0.081    28.7164    21.3652 -9.990e-29
 286.529381     -0.073  35.014936    13.8572     6.4243     -0.072    28.7379    21.3819 -9.990e-29
 286.529387     -0.068  35.016836    13.8600     6.4271     -0.067    28.7375    21.3811 -9.990e-29
 286.529392     -0.063  35.024275    13.8581     6.4488     -0.062    28.7457    21.3877 -9.990e-29
 286.529398     -0.053  35.037717    13.8515     6.4628     -0.053    28.7629    21.4023 -9.990e-29
 286.529404     -0.038  35.057798    13.8466     6.4924     -0.038    28.7848    21.4202 -9.990e-29
 286.529410     -0.020  35.068822    13.8481     6.5111     -0.020    28.7938    21.4267 -9.990e-29
 286.529416     -0.008  35.054211    13.8547     6.5243     -0.008    28.7755    21.4114 -9.990e-29
 286.529421     -0.005  35.024197    13.8637     6.5393     -0.005    28.7415    21.3833 -9.990e-29
 286.529427     -0.006  34.980790    13.8733     6.5355     -0.006    28.6948    21.3455 -9.990e-29
 286.529433     -0.002  34.924372    13.8817     6.5243     -0.002    28.6372    21.2994 -9.990e-29
 286.529439      0.005  34.877144    13.8880     6.5332      0.005    28.5896    21.2615 -9.990e-29
 286.529444      0.009  34.853418    13.8932     6.5345      0.009    28.5642    21.2408 -9.990e-29
 286.529450      0.009  34.847917    13.8974     6.5588      0.009    28.5561    21.2338 -9.990e-29
 286.529456      0.015  34.842175    13.9009     6.5596      0.015    28.5483    21.2270 -9.990e-29
 286.529462      0.026  34.828037    13.9052     6.5457      0.026    28.5322    21.2138 -9.990e-29
 286.529468      0.034  34.815807    13.9103     6.5477      0.034    28.5173    21.2014 -9.990e-29
 286.529473      0.037  34.810500    13.9157     6.5530      0.037    28.5085    21.1935 -9.990e-29
 286.529479      0.033  34.805661    13.9211     6.5693      0.033    28.5001    21.1860 -9.990e-29
 286.529485      0.028  34.796575    13.9245     6.5652      0.028    28.4894    21.1770 -9.990e-29
 286.529491      0.029  34.789091    13.9254     6.5629      0.029    28.4819    21.1711 -9.990e-29
 286.529497      0.041  34.785602    13.9259     6.5567      0.041    28.4784    21.1682 -9.990e-29
 286.529502      0.060  34.780956    13.9280     6.5641      0.059    28.4726    21.1634 -9.990e-29
 286.529508      0.078  34.773491    13.9316     6.5828      0.077    28.4631    21.1554 -9.990e-29
 286.529514      0.093  34.762825    13.9358     6.6011      0.092    28.4504    21.1447 -9.990e-29
 286.529520      0.106  34.750465    13.9393     6.5880      0.105    28.4365    21.1334 -9.990e-29
 286.529525      0.117  34.742931    13.9409     6.5719      0.116    28.4285    21.1269 -9.990e-29
 286.529531      0.128  34.744225    13.9418     6.5542      0.127    28.4290    21.1271 -9.990e-29
 286.529537      0.138  34.747178    13.9430     6.5441      0.137    28.4308    21.1282 -9.990e-29
 286.529543      0.148  34.746835    13.9437     6.5493      0.147    28.4300    21.1274 -9.990e-29
 286.529549      0.160  34.747273    13.9435     6.5591      0.159    28.4305    21.1279 -9.990e-29
 286.529554      0.173  34.751932    13.9429     6.5631      0.172    28.4352    21.1316 -9.990e-29
 286.529560      0.189  34.765964    13.9425     6.5708      0.187    28.4482    21.1417 -9.990e-29
 286.529566      0.205  34.793030    13.9434     6.5834      0.203    28.4721    21.1600 -9.990e-29
 286.529572      0.212  34.807725    13.9465     6.5913      0.210    28.4831    21.1678 -9.990e-29
 286.529578      0.212  34.789412    13.9510     6.5989      0.210    28.4632    21.1516 -9.990e-29
 286.529583      0.212  34.761296    13.9551     6.5966      0.210    28.4347    21.1288 -9.990e-29
 286.529589      0.218  34.740781    13.9578     6.5868      0.216    28.4141    21.1124 -9.990e-29
 286.529595      0.229  34.729110    13.9590     6.5762      0.227    28.4026    21.1033 -9.990e-29
 286.529601      0.247  34.724212    13.9597     6.5668      0.245    28.3976    21.0993 -9.990e-29
 286.529606      0.267  34.722972    13.9600     6.5663      0.265    28.3963    21.0982 -9.990e-29
 286.529612      0.284  34.727709    13.9584     6.5614      0.282    28.4018    21.1028 -9.990e-29
 286.529618      0.297  34.738085    13.9537     6.5687      0.295    28.4146    21.1136 -9.990e-29
 286.529624      0.312  34.750086    13.9471     6.5808      0.309    28.4304    21.1271 -9.990e-29
 286.529630      0.322  34.756272    13.9417     6.5822      0.319    28.4400    21.1355 -9.990e-29
 286.529635      0.318  34.752257    13.9429     6.5827      0.315    28.4354    21.1318 -9.990e-29
 286.529641      0.309  34.742817    13.9507     6.5685      0.306    28.4211    21.1192 -9.990e-29
 286.529647      0.307  34.736383    13.9555     6.5693      0.304    28.4117    21.1110 -9.990e-29
 286.529653      0.317  34.738557    13.9541     6.5708      0.314    28.4147    21.1136 -9.990e-29
 286.529659      0.333  34.747572    13.9515     6.5796      0.330    28.4248    21.1219 -9.990e-29
 286.529664      0.350  34.756030    13.9499     6.5902      0.347    28.4337    21.1291 -9.990e-29
 286.529670      0.364  34.760264    13.9490     6.5953      0.361    28.4382    21.1327 -9.990e-29
 286.529676      0.375  34.764966    13.9493     6.5934      0.372    28.4422    21.1358 -9.990e-29
 286.529682      0.380  34.767057    13.9513     6.5973      0.377    28.4426    21.1357 -9.990e-29
 286.529688      0.376  34.759976    13.9534     6.5965      0.373    28.4347    21.1291 -9.990e-29
 286.529693      0.370  34.751791    13.9544     6.5995      0.367    28.4265    21.1226 -9.990e-29
 286.529699      0.371  34.742946    13.9547     6.5992      0.368    28.4183    21.1162 -9.990e-29
 286.529705      0.379  34.731324    13.9554     6.5974      0.376    28.4072    21.1076 -9.990e-29
 286.529711      0.393  34.724535    13.9569     6.5973      0.390    28.3999    21.1017 -9.990e-29
 286.529716      0.412  34.720962    13.9593     6.5984      0.409    28.3949    21.0973 -9.990e-29
 286.529722      0.431  34.717125    13.9613     6.6093      0.427    28.3900    21.0931 -9.990e-29
 286.529728      0.457  34.714228    13.9609     6.6001      0.453    28.3876    21.0914 -9.990e-29
 286.529734      0.495  34.717523    13.9584     6.5782      0.491    28.3924    21.0956 -9.990e-29
 286.529740      0.538  34.726533    13.9567     6.5554      0.534    28.4019    21.1032 -9.990e-29
 286.529745      0.578  34.727140    13.9585     6.5551      0.573    28.4011    21.1022 -9.990e-29
 286.529751      0.616  34.718639    13.9618     6.5497      0.611    28.3909    21.0938 -9.990e-29
 286.529757      0.668  34.711120    13.9629     6.5285      0.662    28.3833    21.0876 -9.990e-29
 286.529763      0.746  34.710948    13.9586     6.4674      0.740    28.3863    21.0908 -9.990e-29
 286.529769      0.849  34.737640    13.9480     6.3723      0.842    28.4182    21.1175 -9.990e-29
 286.529774      0.977  34.800654    13.9375     6.2660      0.969    28.4831    21.1696 0.0000e+00
 286.529780      1.125  34.846539    13.9291     6.1834      1.116    28.5309    21.2081 0.0000e+00
 286.529786      1.288  34.846559    13.9101     6.1171      1.277    28.5450    21.2227 0.0000e+00
 286.529792      1.474  34.873637    13.8660     6.0668      1.462    28.6023    21.2756 0.0000e+00
 286.529797      1.689  34.976910    13.7974     6.0498      1.675    28.7474    21.4010 0.0000e+00
 286.529803      1.930  35.112405    13.7242     6.0385      1.914    28.9259    21.5531 0.0000e+00
 286.529809      2.184  35.214757    13.6705     6.0346      2.166    29.0600    21.6671 0.0000e+00
 286.529815      2.435  35.268961    13.6442     6.0177      2.415    29.1295    21.7259 0.0000e+00
 286.529821      2.678  35.297086    13.6345     5.9937      2.656    29.1626    21.7533 0.0000e+00
 286.529826      2.911  35.321681    13.6310     5.9956      2.887    29.1877    21.7734 0.0000e+00
 286.529832      3.134  35.364512    13.6323     6.0057      3.108    29.2259    21.8026 0.0000e+00
 286.529838      3.341  35.421306    13.6383     6.0024      3.313    29.2733    21.8380 0.0000e+00
 286.529844      3.534  35.478430    13.6470     5.9810      3.504    29.3190    21.8716 0.0000e+00
 286.529850      3.717  35.540597    13.6538     5.9500      3.686    29.3707    21.9102 0.0000e+00
 286.529855      3.892  35.574483    13.6580     5.9312      3.859    29.3985    21.9308 0.0000e+00
 286.529861      4.062  35.544306    13.6637     5.9249      4.028    29.3664    21.9049 0.0000e+00
 286.529867      4.234  35.506237    13.6728     5.9301      4.199    29.3245    21.8708 0.0000e+00
 286.529873      4.414  35.558521    13.6835     5.9329      4.377    29.3642    21.8993 0.0000e+00
 286.529878      4.600  35.690463    13.6931     5.9364      4.562    29.4777    21.9850 0.0000e+00
 286.529884      4.788  35.787760    13.6995     5.9447      4.748    29.5619    22.0487 0.0000e+00
 286.529890      4.973  35.813569    13.7035     5.9495      4.931    29.5824    22.0637 0.0000e+00
 286.529896      5.156  35.815343    13.7086     5.9595      5.113    29.5800    22.0609 0.0000e+00
 286.529902      5.351  35.833667    13.7174     5.9674      5.306    29.5899    22.0668 0.0000e+00
 286.529907      5.561  35.877477    13.7288     5.9681      5.515    29.6212    22.0887 0.0000e+00
 286.529913      5.774  35.930936    13.7386     5.9861      5.726    29.6626    22.1187 0.0000e+00
 286.529919      5.972  35.975405    13.7441     5.9907      5.922    29.6990    22.1457 0.0000e+00
 286.529925      6.152  35.994807    13.7463     6.0015      6.101    29.7150    22.1576 0.0000e+00
 286.529931      6.321  35.990563    13.7478     6.0151      6.268    29.7099    22.1534 0.0000e+00
 286.529936      6.490  35.986839    13.7532     6.0212      6.436    29.7022    22.1464 0.0000e+00
 286.529942      6.664  36.029199    13.7674     6.0245      6.608    29.7300    22.1650 0.0000e+00
 286.529948      6.843  36.140720    13.7855     6.0057      6.786    29.8181    22.2294 0.0000e+00
 286.529954      7.020  36.256520    13.7971     5.9922      6.961    29.9151    22.3019 0.0000e+00
 286.529959      7.194  36.293360    13.8013     5.9649      7.134    29.9455    22.3246 0.0000e+00
 286.529965      7.372  36.274796    13.8015     5.9466      7.310    29.9282    22.3112 0.0000e+00
 286.529971      7.560  36.273052    13.7991     5.9488      7.497    29.9285    22.3119 0.0000e+00
 286.529977      7.762  36.327383    13.7974     5.9551      7.697    29.9795    22.3516 0.0000e+00
 286.529983      7.978  36.435420    13.7978     5.9636      7.911    30.0781    22.4277 0.0000e+00
 286.529988      8.201  36.534901    13.7987     5.9478      8.132    30.1686    22.4973 0.0000e+00
 286.529994      8.418  36.585172    13.7990     5.9257      8.348    30.2144    22.5326 0.0000e+00
 286.530000      8.622  36.594679    13.7990     5.9089      8.550    30.2231    22.5393 0.0000e+00
 286.530006      8.819  36.576269    13.7987     5.9122      8.745    30.2063    22.5264 0.0000e+00
 286.530012      9.019  36.547536    13.7987     5.9258      8.944    30.1799    22.5060 0.0000e+00
 286.530017      9.232  36.553160    13.7996     5.9268      9.155    30.1843    22.5092 0.0000e+00
 286.530023      9.458  36.623753    13.8005     5.9187      9.379    30.2482    22.5584 0.0000e+00
 286.530029      9.690  36.707004    13.8004     5.8987      9.609    30.3246    22.6174 0.0000e+00
 286.530035      9.917  36.749012    13.7999     5.8659      9.834    30.3635    22.6475 0.0000e+00
 286.530041     10.137  36.749441    13.7994     5.8508     10.052    30.3642    22.6482 0.0000e+00
 286.530046     10.360  36.725267    13.7982     5.8377     10.273    30.3429    22.6319 0.0000e+00
 286.530052     10.594  36.717733    13.7953     5.8289     10.505    30.3382    22.6289 0.0000e+00
 286.530058     10.838  36.756699    13.7901     5.8210     10.747    30.3780    22.6607 0.0000e+00
 286.530064     11.082  36.805878    13.7843     5.8189     10.989    30.4277    22.7002 0.0000e+00
