data/oxygen options/ONMS/Olympic_Coast_National_Marine_Sanctuary_CTD_Data_2005_2023/raw_data/2010/CAST_CE065_101310faed.cnv
* Sea-Bird SBE19 Data File:
* FileName = C:\Documents and Settings\OCNMS\Desktop\2010 mooring data\fourth service\CAST_CE065_101310.hex
* Software Version 1.24
* Temperature SN = 2997
* Conductivity SN = 2997
* System UpLoad Time = Oct 13 2010 10:39:02
** CAST_CE065_101310
* SEACAT PROFILER V3.1c SN 2997   10/13/10  10:37:11.329
# nquan = 9                                 
# nvalues = 991                         
# units = specified
# name 0 = timeJ: Julian Days
# name 1 = prSM: Pressure, Strain Gauge [db]
# name 2 = c0mS/cm: Conductivity [mS/cm]
# name 3 = t090C: Temperature [ITS-90, deg C]
# name 4 = sbeox0ML/L: Oxygen, SBE 43 [ml/l]
# name 5 = depSM: Depth [salt water, m], lat = 47.5
# name 6 = sal00: Salinity, Practical [PSU]
# name 7 = sigma-é00: Density [sigma-theta, kg/m^3]
# name 8 = flag: flag
# span 0 = 286.434595, 286.440324       
# span 1 =     -4.023,     67.031       
# span 2 =   4.850479,  38.118617       
# span 3 =     7.4306,    13.8178       
# span 4 =    -1.6587,    12.2383       
# span 5 =     -3.989,     66.461       
# span 6 =     3.8150,    33.6354       
# span 7 =     2.2701,    26.2835       
# span 8 = 0.0000e+00, 0.0000e+00       
# interval = seconds: 0.5
# start_time = Oct 13 2010 10:25:49 [Instrument's time stamp, header]
# bad_flag = -9.990e-29
*END*
[from data line 641]
 286.438304     65.187  34.450813     7.4325     2.3677     64.633    33.6261    26.2775 -9.990e-29
 286.438310     65.219  34.450786     7.4321     2.3659     64.664    33.6265    26.2778 -9.990e-29
 286.438316     65.252  34.451040     7.4321     2.3659     64.697    33.6267    26.2780 -9.990e-29
 286.438322     65.274  34.451357     7.4323     2.3836     64.719    33.6269    26.2781 -9.990e-29
 286.438328     65.280  34.451603     7.4328     2.3830     64.725    33.6267    26.2779 -9.990e-29
 286.438333     65.272  34.452112     7.4333     2.3812     64.717    33.6267    26.2779 -9.990e-29
 286.438339     65.269  34.452447     7.4334     2.3694     64.714    33.6270    26.2781 -9.990e-29
 286.438345     65.277  34.451940     7.4331     2.3700     64.722    33.6267    26.2779 -9.990e-29
 286.438351     65.294  34.451041     7.4326     2.3756     64.739    33.6262    26.2776 -9.990e-29
 286.438356     65.317  34.450236     7.4321     2.3775     64.762    33.6258    26.2773 -9.990e-29
 286.438362     65.346  34.449578     7.4315     2.3715     64.790    33.6257    26.2773 -9.990e-29
 286.438368     65.376  34.449313     7.4311     2.3658     64.820    33.6258    26.2774 -9.990e-29
 286.438374     65.394  34.449653     7.4313     2.3737     64.838    33.6259    26.2775 -9.990e-29
 286.438380     65.399  34.450494     7.4319     2.3695     64.843    33.6263    26.2777 -9.990e-29
 286.438385     65.394  34.451283     7.4324     2.3635     64.838    33.6266    26.2779 -9.990e-29
 286.438391     65.387  34.451395     7.4325     2.3598     64.831    33.6267    26.2779 -9.990e-29
 286.438397     65.388  34.450986     7.4323     2.3578     64.832    33.6264    26.2778 -9.990e-29
 286.438403     65.400  34.450635     7.4322     2.3713     64.844    33.6261    26.2776 -9.990e-29
 286.438409     65.420  34.450442     7.4321     2.3768     64.864    33.6260    26.2775 -9.990e-29
 286.438414     65.440  34.450154     7.4319     2.3687     64.884    33.6259    26.2774 -9.990e-29
 286.438420     65.454  34.449950     7.4321     2.3730     64.897    33.6255    26.2770 -9.990e-29
 286.438426     65.457  34.450125     7.4325     2.3712     64.900    33.6253    26.2768 -9.990e-29
 286.438432     65.454  34.450355     7.4327     2.3733     64.897    33.6253    26.2768 -9.990e-29
 286.438438     65.450  34.450391     7.4326     2.3752     64.893    33.6255    26.2770 -9.990e-29
 286.438443     65.440  34.450286     7.4325     2.3634     64.884    33.6254    26.2770 -9.990e-29
 286.438449     65.415  34.450464     7.4327     2.3695     64.859    33.6255    26.2770 -9.990e-29
 286.438455     65.368  34.451167     7.4331     2.3793     64.812    33.6259    26.2772 -9.990e-29
 286.438461     65.305  34.451657     7.4334     2.3752     64.750    33.6261    26.2774 -9.990e-29
 286.438466     65.240  34.451475     7.4332     2.3672     64.685    33.6262    26.2774 -9.990e-29
 286.438472     65.190  34.450942     7.4328     2.3598     64.636    33.6260    26.2774 -9.990e-29
 286.438478     65.172  34.450477     7.4325     2.3737     64.618    33.6258    26.2772 -9.990e-29
 286.438484     65.191  34.450024     7.4321     2.3751     64.637    33.6257    26.2772 -9.990e-29
 286.438490     65.229  34.449545     7.4318     2.3770     64.674    33.6254    26.2770 -9.990e-29
 286.438495     65.269  34.449526     7.4318     2.3651     64.714    33.6254    26.2770 -9.990e-29
 286.438501     65.304  34.449945     7.4320     2.3658     64.749    33.6256    26.2772 -9.990e-29
 286.438507     65.336  34.450244     7.4321     2.3714     64.780    33.6258    26.2773 -9.990e-29
 286.438513     65.368  34.450268     7.4322     2.3735     64.812    33.6258    26.2773 -9.990e-29
 286.438519     65.397  34.450052     7.4322     2.3754     64.841    33.6255    26.2771 -9.990e-29
 286.438524     65.416  34.449874     7.4322     2.3717     64.860    33.6253    26.2769 -9.990e-29
 286.438530     65.423  34.450060     7.4325     2.3716     64.867    33.6252    26.2768 -9.990e-29
 286.438536     65.422  34.450303     7.4329     2.3716     64.866    33.6251    26.2766 -9.990e-29
 286.438542     65.422  34.450372     7.4330     2.3635     64.866    33.6251    26.2766 -9.990e-29
 286.438547     65.426  34.450365     7.4330     2.3695     64.870    33.6251    26.2766 -9.990e-29
 286.438553     65.444  34.450278     7.4329     2.3714     64.888    33.6251    26.2766 -9.990e-29
 286.438559     65.485  34.450001     7.4326     2.3653     64.928    33.6250    26.2766 -9.990e-29
 286.438565     65.544  34.449729     7.4321     2.3653     64.987    33.6252    26.2768 -9.990e-29
 286.438571     65.607  34.449664     7.4318     2.3616     65.049    33.6254    26.2770 -9.990e-29
 286.438576     65.657  34.449723     7.4318     2.3711     65.099    33.6254    26.2770 -9.990e-29
 286.438582     65.675  34.449989     7.4320     2.3766     65.117    33.6255    26.2771 -9.990e-29
 286.438588     65.654  34.450259     7.4321     2.3687     65.096    33.6257    26.2772 -9.990e-29
 286.438594     65.601  34.450337     7.4323     2.3651     65.043    33.6256    26.2771 -9.990e-29
 286.438600     65.531  34.450332     7.4325     2.3615     64.974    33.6255    26.2770 -9.990e-29
 286.438605     65.455  34.450244     7.4324     2.3715     64.898    33.6255    26.2770 -9.990e-29
 286.438611     65.382  34.449962     7.4320     2.3692     64.826    33.6256    26.2772 -9.990e-29
 286.438617     65.311  34.449675     7.4320     2.3673     64.756    33.6253    26.2769 -9.990e-29
 286.438623     65.238  34.449568     7.4323     2.3654     64.683    33.6250    26.2766 -9.990e-29
 286.438628     65.158  34.449502     7.4326     2.3636     64.604    33.6246    26.2763 -9.990e-29
 286.438634     65.079  34.449394     7.4325     2.3673     64.526    33.6247    26.2763 -9.990e-29
 286.438640     65.026  34.449105     7.4319     2.3595     64.473    33.6249    26.2767 -9.990e-29
 286.438646     65.021  34.448819     7.4319     2.3576     64.468    33.6246    26.2764 -9.990e-29
 286.438652     65.068  34.448722     7.4321     2.3574     64.515    33.6243    26.2761 -9.990e-29
 286.438657     65.149  34.448688     7.4319     2.3672     64.595    33.6244    26.2763 -9.990e-29
 286.438663     65.239  34.448674     7.4317     2.3648     64.684    33.6246    26.2764 -9.990e-29
 286.438669     65.322  34.448667     7.4317     2.3630     64.767    33.6245    26.2764 -9.990e-29
 286.438675     65.390  34.448661     7.4319     2.3611     64.834    33.6243    26.2761 -9.990e-29
 286.438681     65.445  34.448649     7.4322     2.3673     64.889    33.6240    26.2758 -9.990e-29
 286.438686     65.488  34.448622     7.4322     2.3650     64.931    33.6239    26.2758 -9.990e-29
 286.438692     65.524  34.448549     7.4320     2.3631     64.967    33.6240    26.2759 -9.990e-29
 286.438698     65.549  34.448336     7.4321     2.3613     64.992    33.6237    26.2756 -9.990e-29
 286.438704     65.558  34.448266     7.4326     2.3593     65.001    33.6231    26.2751 -9.990e-29
 286.438709     65.550  34.448809     7.4332     2.3710     64.993    33.6231    26.2750 -9.990e-29
 286.438715     65.533  34.449572     7.4332     2.3648     64.976    33.6240    26.2757 -9.990e-29
 286.438721     65.516  34.449900     7.4327     2.3629     64.959    33.6248    26.2764 -9.990e-29
 286.438727     65.505  34.449675     7.4323     2.3690     64.948    33.6249    26.2766 -9.990e-29
 286.438733     65.505  34.449162     7.4321     2.3609     64.948    33.6246    26.2763 -9.990e-29
 286.438738     65.510  34.448802     7.4319     2.3628     64.953    33.6244    26.2762 -9.990e-29
 286.438744     65.513  34.448681     7.4318     2.3612     64.956    33.6244    26.2762 -9.990e-29
 286.438750     65.510  34.448641     7.4320     2.3674     64.953    33.6241    26.2760 -9.990e-29
 286.438756     65.495  34.448634     7.4322     2.3731     64.938    33.6239    26.2758 -9.990e-29
 286.438762     65.464  34.448653     7.4324     2.3650     64.907    33.6238    26.2757 -9.990e-29
 286.438767     65.424  34.448730     7.4326     2.3613     64.868    33.6237    26.2756 -9.990e-29
 286.438773     65.385  34.448973     7.4328     2.3655     64.829    33.6238    26.2756 -9.990e-29
 286.438779     65.352  34.449151     7.4332     2.3614     64.796    33.6236    26.2754 -9.990e-29
 286.438785     65.333  34.448948     7.4336     2.3553     64.777    33.6230    26.2749 -9.990e-29
 286.438791     65.334  34.448658     7.4334     2.3595     64.778    33.6229    26.2748 -9.990e-29
 286.438796     65.360  34.448466     7.4324     2.3594     64.804    33.6236    26.2755 -9.990e-29
 286.438802     65.405  34.448153     7.4317     2.3728     64.849    33.6239    26.2759 -9.990e-29
 286.438808     65.453  34.447919     7.4316     2.3683     64.896    33.6237    26.2758 -9.990e-29
 286.438814     65.490  34.448065     7.4317     2.3548     64.933    33.6238    26.2758 -9.990e-29
 286.438819     65.507  34.448277     7.4317     2.3668     64.950    33.6240    26.2760 -9.990e-29
 286.438825     65.505  34.448330     7.4316     2.3687     64.948    33.6242    26.2761 -9.990e-29
 286.438831     65.487  34.448346     7.4315     2.3583     64.930    33.6243    26.2762 -9.990e-29
 286.438837     65.448  34.448400     7.4315     2.3546     64.891    33.6244    26.2763 -9.990e-29
 286.438843     65.376  34.448613     7.4317     2.3551     64.820    33.6244    26.2763 -9.990e-29
 286.438848     65.264  34.448760     7.4321     2.3609     64.709    33.6243    26.2761 -9.990e-29
 286.438854     65.113  34.448529     7.4325     2.3603     64.559    33.6237    26.2756 -9.990e-29
 286.438860     64.930  34.448227     7.4323     2.3647     64.378    33.6237    26.2756 0.0000e+00
 286.438866     64.729  34.448062     7.4318     2.3707     64.179    33.6241    26.2760 0.0000e+00
 286.438872     64.532  34.447869     7.4319     2.3664     63.983    33.6238    26.2758 0.0000e+00
 286.438877     64.356  34.447445     7.4321     2.3663     63.809    33.6233    26.2753 0.0000e+00
 286.438883     64.207  34.446839     7.4322     2.3606     63.661    33.6226    26.2748 0.0000e+00
 286.438889     64.080  34.446416     7.4321     2.3584     63.535    33.6223    26.2745 -9.990e-29
 286.438895     63.970  34.446224     7.4317     2.3540     63.426    33.6225    26.2748 -9.990e-29
 286.438900     63.876  34.446061     7.4312     2.3441     63.333    33.6229    26.2751 -9.990e-29
 286.438906     63.787  34.445759     7.4310     2.3420     63.245    33.6228    26.2751 -9.990e-29
 286.438912     63.689  34.445529     7.4311     2.3518     63.148    33.6225    26.2748 -9.990e-29
 286.438918     63.567  34.445676     7.4315     2.3592     63.027    33.6223    26.2746 -9.990e-29
 286.438924     63.405  34.445885     7.4321     2.3549     62.866    33.6220    26.2743 0.0000e+00
 286.438929     63.192  34.445927     7.4323     2.3589     62.655    33.6220    26.2743 0.0000e+00
 286.438935     62.928  34.445912     7.4322     2.3728     62.393    33.6222    26.2744 0.0000e+00
 286.438941     62.618  34.445870     7.4322     2.3625     62.086    33.6223    26.2745 0.0000e+00
 286.438947     62.276  34.445800     7.4323     2.3686     61.747    33.6223    26.2745 0.0000e+00
 286.438953     61.922  34.445664     7.4325     2.3630     61.396    33.6221    26.2743 0.0000e+00
 286.438958     61.570  34.445333     7.4327     2.3591     61.047    33.6217    26.2740 0.0000e+00
 286.438964     61.221  34.444981     7.4325     2.3647     60.701    33.6217    26.2740 0.0000e+00
 286.438970     60.880  34.444754     7.4319     2.3609     60.363    33.6222    26.2745 0.0000e+00
 286.438976     60.551  34.444403     7.4317     2.3688     60.037    33.6222    26.2745 0.0000e+00
 286.438981     60.239  34.444072     7.4323     2.3705     59.728    33.6214    26.2738 0.0000e+00
 286.438987     59.948  34.443935     7.4332     2.3625     59.439    33.6205    26.2729 0.0000e+00
 286.438993     59.687  34.443863     7.4338     2.3588     59.180    33.6200    26.2724 0.0000e+00
 286.438999     59.456  34.443812     7.4338     2.3629     58.951    33.6200    26.2725 0.0000e+00
 286.439005     59.245  34.443769     7.4337     2.3665     58.742    33.6202    26.2726 0.0000e+00
 286.439010     59.039  34.443728     7.4338     2.3622     58.538    33.6202    26.2725 0.0000e+00
 286.439016     58.831  34.443689     7.4335     2.3584     58.332    33.6205    26.2729 0.0000e+00
 286.439022     58.621  34.443649     7.4331     2.3609     58.123    33.6210    26.2733 0.0000e+00
 286.439028     58.411  34.443610     7.4335     2.3633     57.915    33.6206    26.2729 0.0000e+00
 286.439034     58.206  34.443570     7.4346     2.3577     57.712    33.6196    26.2720 0.0000e+00
 286.439039     58.005  34.443531     7.4352     2.3608     57.513    33.6191    26.2715 0.0000e+00
 286.439045     57.804  34.443494     7.4355     2.3658     57.314    33.6188    26.2713 0.0000e+00
 286.439051     57.599  34.443460     7.4366     2.3686     57.110    33.6178    26.2703 0.0000e+00
 286.439057     57.385  34.443439     7.4390     2.3776     56.898    33.6156    26.2682 0.0000e+00
 286.439062     57.163  34.443454     7.4438     2.3973     56.678    33.6111    26.2640 0.0000e+00
 286.439068     56.930  34.443577     7.4561     2.4147     56.447    33.5994    26.2530 0.0000e+00
 286.439074     56.680  34.444027     7.4791     2.4245     56.199    33.5777    26.2327 0.0000e+00
 286.439080     56.410  34.444895     7.5072     2.4250     55.932    33.5516    26.2082 0.0000e+00
 286.439086     56.121  34.446272     7.5342     2.4342     55.645    33.5272    26.1852 0.0000e+00
 286.439091     55.811  34.448371     7.5578     2.4344     55.338    33.5068    26.1658 0.0000e+00
 286.439097     55.481  34.450689     7.5775     2.4289     55.011    33.4905    26.1502 0.0000e+00
 286.439103     55.141  34.453013     7.5930     2.4201     54.673    33.4782    26.1383 0.0000e+00
 286.439109     54.803  34.455697     7.6036     2.4392     54.338    33.4710    26.1312 0.0000e+00
 286.439115     54.476  34.459016     7.6102     2.4419     54.014    33.4684    26.1282 0.0000e+00
 286.439120     54.165  34.462971     7.6149     2.4502     53.706    33.4683    26.1274 0.0000e+00
 286.439126     53.871  34.465610     7.6195     2.4539     53.414    33.4669    26.1256 0.0000e+00
 286.439132     53.588  34.466025     7.6297     2.4489     53.134    33.4576    26.1169 0.0000e+00
 286.439138     53.312  34.468182     7.6545     2.4486     52.860    33.4362    26.0966 0.0000e+00
 286.439144     53.046  34.477810     7.6917     2.4430     52.597    33.4110    26.0714 0.0000e+00
 286.439149     52.799  34.498278     7.7245     2.4526     52.352    33.4017    26.0594 0.0000e+00
 286.439155     52.572  34.519405     7.7396     2.4519     52.127    33.4100    26.0638 0.0000e+00
 286.439161     52.360  34.522371     7.7424     2.4510     51.916    33.4106    26.0638 0.0000e+00
 286.439167     52.157  34.514549     7.7428     2.4538     51.715    33.4019    26.0569 0.0000e+00
 286.439172     51.960  34.513011     7.7372     2.4554     51.520    33.4057    26.0607 0.0000e+00
 286.439178     51.768  34.511838     7.7252     2.4550     51.330    33.4161    26.0706 0.0000e+00
 286.439184     51.583  34.508960     7.7180     2.4475     51.146    33.4200    26.0747 0.0000e+00
 286.439190     51.396  34.512353     7.7192     2.4448     50.961    33.4226    26.0765 0.0000e+00
 286.439196     51.200  34.517628     7.7248     2.4534     50.766    33.4230    26.0760 0.0000e+00
 286.439201     50.992  34.518428     7.7339     2.4526     50.560    33.4152    26.0686 0.0000e+00
 286.439207     50.767  34.519231     7.7460     2.4643     50.337    33.4046    26.0585 0.0000e+00
 286.439213     50.523  34.523402     7.7615     2.4841     50.095    33.3943    26.0482 0.0000e+00
 286.439219     50.262  34.531518     7.7827     2.4943     49.836    33.3828    26.0362 0.0000e+00
