data/oxygen options/ONMS/Olympic_Coast_National_Marine_Sanctuary_CTD_Data_2005_2023/raw_data/2010/CAST_MB042_101910faed.cnv
* Sea-Bird SBE19 Data File:
* FileName = C:\Documents and Settings\OCNMS\Desktop\2010 mooring data\fourth service\CAST_MB042_101910.hex
* Software Version 1.24
* Temperature SN = 2997
* Conductivity SN = 2997
* System UpLoad Time = Oct 20 2010 11:36:09
** CAST_MB042_101910
* SEACAT PROFILER V3.1c SN 2997   10/20/10  11:34:33.985
# nquan = 9                                 
# nvalues = 852                         
# units = specified
# name 0 = timeJ: Julian Days
# name 1 = prSM: Pressure, Strain Gauge [db]
# name 2 = c0mS/cm: Conductivity [mS/cm]
# name 3 = t090C: Temperature [ITS-90, deg C]
# name 4 = sbeox0ML/L: Oxygen, SBE 43 [ml/l]
# name 5 = depSM: Depth [salt water, m], lat = 47.5
# name 6 = sal00: Salinity, Practical [PSU]
# name 7 = sigma-é00: Density [sigma-theta, kg/m^3]
# name 8 = flag: flag
# span 0 = 292.590208, 292.595133       
# span 1 =     -5.211,     42.302       
# span 2 =   0.057347,  37.718341       
# span 3 =     7.6095,    13.5207       
# span 4 =    -2.0124,    13.7218       
# span 5 =     -5.168,     41.945       
# span 6 =     0.0372,    33.3579       
# span 7 =    -0.6574,    26.0366       
# span 8 = 0.0000e+00, 0.0000e+00       
# interval = seconds: 0.5
# start_time = Oct 19 2010 14:09:54 [Instrument's time stamp, header]
# bad_flag = -9.990e-29
*END*
[from data line 161]
 292.591140     -0.859  37.515496    13.0434     6.8325     -0.852    31.6949    23.8252 -9.990e-29
 292.591146     -0.858  37.517372    13.0453     6.8321     -0.851    31.6951    23.8250 -9.990e-29
 292.591152     -0.852  37.518993    13.0469     6.8302     -0.845    31.6952    23.8248 -9.990e-29
 292.591157     -0.832  37.519718    13.0482     6.8275     -0.825    31.6948    23.8243 -9.990e-29
 292.591163     -0.804  37.519949    13.0491     6.8217     -0.797    31.6943    23.8237 -9.990e-29
 292.591169     -0.780  37.519992    13.0494     6.8264     -0.773    31.6941    23.8234 -9.990e-29
 292.591175     -0.758  37.519899    13.0483     6.8343     -0.752    31.6949    23.8243 -9.990e-29
 292.591181     -0.732  37.519544    13.0465     6.8371     -0.726    31.6960    23.8255 -9.990e-29
 292.591186     -0.706  37.520130    13.0461     6.8381     -0.700    31.6969    23.8263 -9.990e-29
 292.591192     -0.686  37.521875    13.0472     6.8337     -0.680    31.6976    23.8266 -9.990e-29
 292.591198     -0.674  37.522619    13.0495     6.8383     -0.668    31.6964    23.8252 -9.990e-29
 292.591204     -0.667  37.522789    13.0522     6.8525     -0.661    31.6943    23.8231 -9.990e-29
 292.591209     -0.659  37.523729    13.0539     6.8553     -0.654    31.6938    23.8223 -9.990e-29
 292.591215     -0.650  37.524450    13.0540     6.8605     -0.645    31.6944    23.8228 -9.990e-29
 292.591221     -0.640  37.523669    13.0534     6.8442     -0.635    31.6941    23.8227 -9.990e-29
 292.591227     -0.626  37.523142    13.0531     6.8423     -0.621    31.6939    23.8226 -9.990e-29
 292.591233     -0.614  37.523845    13.0528     6.8493     -0.609    31.6948    23.8233 -9.990e-29
 292.591238     -0.611  37.523350    13.0529     6.8512     -0.606    31.6942    23.8229 -9.990e-29
 292.591244     -0.616  37.522114    13.0530     6.8506     -0.611    31.6930    23.8219 -9.990e-29
 292.591250     -0.618  37.521288    13.0514     6.8392     -0.613    31.6935    23.8227 -9.990e-29
 292.591256     -0.607  37.519768    13.0487     6.8348     -0.602    31.6944    23.8238 -9.990e-29
 292.591262     -0.587  37.518325    13.0469     6.8356     -0.582    31.6945    23.8243 -9.990e-29
 292.591267     -0.565  37.518396    13.0462     6.8393     -0.560    31.6952    23.8249 -9.990e-29
 292.591273     -0.550  37.518387    13.0460     6.8353     -0.545    31.6953    23.8251 -9.990e-29
 292.591279     -0.543  37.517162    13.0457     6.8276     -0.538    31.6944    23.8244 -9.990e-29
 292.591285     -0.541  37.515887    13.0437     6.8327     -0.536    31.6949    23.8252 -9.990e-29
 292.591291     -0.534  37.512859    13.0383     6.8351     -0.530    31.6965    23.8275 -9.990e-29
 292.591296     -0.518  37.507401    13.0317     6.8388     -0.514    31.6969    23.8291 -9.990e-29
 292.591302     -0.496  37.504001    13.0285     6.8465     -0.492    31.6964    23.8293 -9.990e-29
 292.591308     -0.475  37.504286    13.0295     6.8448     -0.471    31.6958    23.8287 -9.990e-29
 292.591314     -0.459  37.506390    13.0318     6.8451     -0.455    31.6959    23.8283 -9.990e-29
 292.591319     -0.445  37.508629    13.0338     6.8501     -0.441    31.6963    23.8282 -9.990e-29
 292.591325     -0.435  37.510063    13.0355     6.8554     -0.431    31.6962    23.8278 -9.990e-29
 292.591331     -0.426  37.510921    13.0368     6.8630     -0.422    31.6959    23.8274 -9.990e-29
 292.591337     -0.418  37.511222    13.0376     6.8502     -0.415    31.6955    23.8269 -9.990e-29
 292.591343     -0.410  37.510806    13.0381     6.8370     -0.407    31.6947    23.8262 -9.990e-29
 292.591348     -0.403  37.510235    13.0383     6.8255     -0.400    31.6940    23.8256 -9.990e-29
 292.591354     -0.395  37.510427    13.0385     6.8370     -0.392    31.6940    23.8256 -9.990e-29
 292.591360     -0.387  37.511072    13.0389     6.8456     -0.384    31.6943    23.8257 -9.990e-29
 292.591366     -0.377  37.511908    13.0391     6.8496     -0.374    31.6949    23.8261 -9.990e-29
 292.591372     -0.365  37.512366    13.0389     6.8494     -0.362    31.6955    23.8266 -9.990e-29
 292.591377     -0.351  37.511371    13.0386     6.8442     -0.348    31.6948    23.8261 -9.990e-29
 292.591383     -0.337  37.510394    13.0387     6.8497     -0.334    31.6938    23.8253 -9.990e-29
 292.591389     -0.332  37.510372    13.0396     6.8571     -0.329    31.6930    23.8246 -9.990e-29
 292.591395     -0.334  37.510710    13.0414     6.8523     -0.331    31.6919    23.8233 -9.990e-29
 292.591400     -0.336  37.511856    13.0432     6.8374     -0.333    31.6914    23.8226 -9.990e-29
 292.591406     -0.334  37.513093    13.0443     6.8251     -0.331    31.6917    23.8226 -9.990e-29
 292.591412     -0.326  37.512705    13.0447     6.8287     -0.323    31.6910    23.8220 -9.990e-29
 292.591418     -0.314  37.511854    13.0450     6.8412     -0.311    31.6899    23.8211 -9.990e-29
 292.591424     -0.300  37.512766    13.0458     6.8425     -0.297    31.6901    23.8211 -9.990e-29
 292.591429     -0.291  37.514409    13.0472     6.8486     -0.289    31.6905    23.8211 -9.990e-29
 292.591435     -0.289  37.515608    13.0492     6.8591     -0.287    31.6899    23.8203 -9.990e-29
 292.591441     -0.283  37.517398    13.0511     6.8604     -0.281    31.6900    23.8200 -9.990e-29
 292.591447     -0.269  37.519363    13.0519     6.8682     -0.267    31.6912    23.8207 -9.990e-29
 292.591453     -0.250  37.519637    13.0516     6.8645     -0.248    31.6917    23.8212 -9.990e-29
 292.591458     -0.234  37.518582    13.0509     6.8718     -0.232    31.6913    23.8210 -9.990e-29
 292.591464     -0.224  37.517590    13.0509     6.8666     -0.222    31.6903    23.8203 -9.990e-29
 292.591470     -0.220  37.517015    13.0513     6.8565     -0.218    31.6895    23.8195 -9.990e-29
 292.591476     -0.221  37.516648    13.0515     6.8468     -0.219    31.6889    23.8191 -9.990e-29
 292.591481     -0.222  37.515434    13.0512     6.8428     -0.220    31.6881    23.8185 -9.990e-29
 292.591487     -0.216  37.513994    13.0506     6.8531     -0.214    31.6872    23.8179 -9.990e-29
 292.591493     -0.203  37.513770    13.0499     6.8581     -0.201    31.6876    23.8183 -9.990e-29
 292.591499     -0.188  37.513337    13.0491     6.8661     -0.186    31.6878    23.8187 -9.990e-29
 292.591505     -0.177  37.512114    13.0485     6.8718     -0.176    31.6872    23.8183 -9.990e-29
 292.591510     -0.169  37.511268    13.0485     6.8643     -0.168    31.6864    23.8177 -9.990e-29
 292.591516     -0.162  37.511351    13.0490     6.8570     -0.161    31.6860    23.8173 -9.990e-29
 292.591522     -0.157  37.511910    13.0489     6.8466     -0.156    31.6866    23.8178 -9.990e-29
 292.591528     -0.153  37.511444    13.0472     6.8373     -0.152    31.6876    23.8189 -9.990e-29
 292.591534     -0.146  37.508771    13.0445     6.8336     -0.145    31.6874    23.8192 -9.990e-29
 292.591539     -0.130  37.504806    13.0428     6.8304     -0.129    31.6851    23.8178 -9.990e-29
 292.591545     -0.110  37.502102    13.0432     6.8381     -0.109    31.6822    23.8155 -9.990e-29
 292.591551     -0.092  37.502095    13.0451     6.8495     -0.091    31.6806    23.8139 -9.990e-29
 292.591557     -0.083  37.504771    13.0468     6.8546     -0.082    31.6817    23.8144 -9.990e-29
 292.591563     -0.085  37.507531    13.0457     6.8616     -0.084    31.6852    23.8173 -9.990e-29
 292.591568     -0.087  37.506766    13.0409     6.8649     -0.086    31.6885    23.8208 -9.990e-29
 292.591574     -0.085  37.502574    13.0358     6.8696     -0.084    31.6888    23.8220 -9.990e-29
 292.591580     -0.081  37.498891    13.0334     6.8762     -0.080    31.6873    23.8214 -9.990e-29
 292.591586     -0.072  37.499208    13.0324     6.8802     -0.071    31.6885    23.8224 -9.990e-29
 292.591591     -0.060  37.501700    13.0325     6.8776     -0.059    31.6907    23.8242 -9.990e-29
 292.591597     -0.046  37.504082    13.0347     6.8611     -0.046    31.6911    23.8240 -9.990e-29
 292.591603     -0.036  37.506165    13.0368     6.8551     -0.036    31.6913    23.8238 -9.990e-29
 292.591609     -0.027  37.506800    13.0382     6.8533     -0.027    31.6907    23.8231 -9.990e-29
 292.591615     -0.020  37.506830    13.0405     6.8555     -0.020    31.6888    23.8212 -9.990e-29
 292.591620     -0.009  37.507415    13.0436     6.8604     -0.009    31.6868    23.8190 -9.990e-29
 292.591626      0.009  37.508211    13.0464     6.8541      0.009    31.6852    23.8172 -9.990e-29
 292.591632      0.033  37.508598    13.0481     6.8462      0.033    31.6841    23.8160 -9.990e-29
 292.591638      0.055  37.506843    13.0487     6.8449      0.055    31.6820    23.8142 -9.990e-29
 292.591644      0.072  37.502843    13.0485     6.8593      0.071    31.6784    23.8115 -9.990e-29
 292.591649      0.085  37.499662    13.0471     6.8722      0.084    31.6765    23.8104 -9.990e-29
 292.591655      0.096  37.499220    13.0441     6.8823      0.095    31.6786    23.8126 -9.990e-29
 292.591661      0.104  37.500921    13.0413     6.8745      0.103    31.6826    23.8161 -9.990e-29
 292.591667      0.110  37.503105    13.0404     6.8604      0.109    31.6854    23.8185 -9.990e-29
 292.591672      0.116  37.504753    13.0408     6.8613      0.115    31.6866    23.8193 -9.990e-29
 292.591678      0.120  37.506377    13.0418     6.8497      0.119    31.6873    23.8197 -9.990e-29
 292.591684      0.123  37.507894    13.0432     6.8589      0.122    31.6875    23.8196 -9.990e-29
 292.591690      0.126  37.508518    13.0439     6.8676      0.125    31.6875    23.8195 -9.990e-29
 292.591696      0.129  37.507395    13.0429     6.8617      0.128    31.6873    23.8195 -9.990e-29
 292.591701      0.131  37.504143    13.0408     6.8710      0.130    31.6860    23.8189 -9.990e-29
 292.591707      0.133  37.501146    13.0393     6.8763      0.132    31.6844    23.8180 -9.990e-29
 292.591713      0.136  37.501685    13.0397     6.8770      0.135    31.6846    23.8180 -9.990e-29
 292.591719      0.139  37.504232    13.0410     6.8704      0.138    31.6859    23.8188 -9.990e-29
 292.591725      0.142  37.504894    13.0411     6.8516      0.141    31.6864    23.8192 -9.990e-29
 292.591730      0.147  37.503427    13.0376     6.8339      0.146    31.6880    23.8211 -9.990e-29
 292.591736      0.152  37.499549    13.0316     6.8322      0.151    31.6894    23.8233 -9.990e-29
 292.591742      0.158  37.494811    13.0285     6.8309      0.157    31.6875    23.8225 -9.990e-29
 292.591748      0.167  37.494097    13.0295     6.8371      0.166    31.6860    23.8211 -9.990e-29
 292.591753      0.177  37.495329    13.0297     6.8419      0.176    31.6870    23.8218 -9.990e-29
 292.591759      0.191  37.491735    13.0260     6.8499      0.189    31.6867    23.8223 -9.990e-29
 292.591765      0.204  37.483561    13.0223     6.8658      0.202    31.6821    23.8195 -9.990e-29
 292.591771      0.209  37.480078    13.0236     6.8747      0.207    31.6777    23.8159 -9.990e-29
 292.591777      0.205  37.485602    13.0276     6.8745      0.203    31.6796    23.8165 -9.990e-29
 292.591782      0.203  37.494042    13.0311     6.8822      0.201    31.6846    23.8197 -9.990e-29
 292.591788      0.205  37.500393    13.0342     6.8846      0.203    31.6880    23.8217 -9.990e-29
 292.591794      0.211  37.503595    13.0368     6.8838      0.209    31.6888    23.8218 -9.990e-29
 292.591800      0.219  37.504549    13.0384     6.8748      0.217    31.6884    23.8212 -9.990e-29
 292.591806      0.219  37.504521    13.0390     6.8606      0.217    31.6878    23.8207 -9.990e-29
 292.591811      0.212  37.504028    13.0391     6.8627      0.210    31.6873    23.8202 -9.990e-29
 292.591817      0.206  37.502968    13.0392     6.8656      0.204    31.6862    23.8194 -9.990e-29
 292.591823      0.205  37.502166    13.0394     6.8757      0.203    31.6853    23.8186 -9.990e-29
 292.591829      0.209  37.502787    13.0397     6.8902      0.207    31.6856    23.8188 -9.990e-29
 292.591834      0.217  37.503411    13.0397     6.8901      0.215    31.6862    23.8193 -9.990e-29
 292.591840      0.231  37.503185    13.0394     6.8950      0.229    31.6862    23.8194 -9.990e-29
 292.591846      0.251  37.502922    13.0394     6.9035      0.249    31.6860    23.8192 -9.990e-29
 292.591852      0.275  37.502826    13.0404     6.8948      0.273    31.6850    23.8182 -9.990e-29
 292.591858      0.294  37.502761    13.0422     6.8923      0.292    31.6835    23.8167 -9.990e-29
 292.591863      0.308  37.503195    13.0433     6.8875      0.305    31.6829    23.8161 -9.990e-29
 292.591869      0.315  37.504141    13.0433     6.8854      0.312    31.6838    23.8167 -9.990e-29
 292.591875      0.317  37.504614    13.0435     6.9023      0.314    31.6841    23.8169 -9.990e-29
 292.591881      0.313  37.504679    13.0448     6.9040      0.310    31.6831    23.8159 -9.990e-29
 292.591887      0.309  37.504977    13.0465     6.8956      0.306    31.6819    23.8147 -9.990e-29
 292.591892      0.311  37.505339    13.0483     6.8922      0.308    31.6808    23.8134 -9.990e-29
 292.591898      0.320  37.505685    13.0494     6.8752      0.317    31.6802    23.8127 -9.990e-29
 292.591904      0.329  37.505908    13.0492     6.8738      0.326    31.6806    23.8131 -9.990e-29
 292.591910      0.333  37.505741    13.0481     6.8761      0.330    31.6813    23.8139 -9.990e-29
 292.591916      0.333  37.504956    13.0453     6.8656      0.330    31.6829    23.8157 -9.990e-29
 292.591921      0.333  37.501379    13.0385     6.8616      0.330    31.6852    23.8188 -9.990e-29
 292.591927      0.337  37.494159    13.0314     6.8674      0.334    31.6844    23.8195 -9.990e-29
 292.591933      0.341  37.489915    13.0313     6.8852      0.338    31.6805    23.8165 -9.990e-29
 292.591939      0.342  37.492509    13.0357     6.9004      0.339    31.6792    23.8147 -9.990e-29
 292.591944      0.343  37.496424    13.0380     6.8960      0.340    31.6810    23.8156 -9.990e-29
 292.591950      0.353  37.497909    13.0382     6.8831      0.350    31.6822    23.8165 -9.990e-29
 292.591956      0.374  37.497817    13.0389     6.8699      0.371    31.6815    23.8158 -9.990e-29
 292.591962      0.392  37.498263    13.0402     6.8610      0.389    31.6809    23.8151 -9.990e-29
 292.591968      0.398  37.499837    13.0408     6.8571      0.395    31.6818    23.8157 -9.990e-29
 292.591973      0.390  37.501267    13.0398     6.8551      0.387    31.6840    23.8176 -9.990e-29
 292.591979      0.381  37.501653    13.0362     6.8455      0.378    31.6874    23.8209 -9.990e-29
 292.591985      0.380  37.500384    13.0313     6.8395      0.377    31.6903    23.8241 -9.990e-29
 292.591991      0.382  37.498003    13.0288     6.8412      0.379    31.6902    23.8245 -9.990e-29
 292.591997      0.383  37.496373    13.0295     6.8466      0.380    31.6880    23.8227 -9.990e-29
 292.592002      0.383  37.496116    13.0297     6.8476      0.380    31.6876    23.8223 -9.990e-29
 292.592008      0.386  37.495763    13.0282     6.8490      0.383    31.6886    23.8233 -9.990e-29
 292.592014      0.396  37.495959    13.0273     6.8490      0.393    31.6895    23.8242 -9.990e-29
 292.592020      0.411  37.497522    13.0260     6.8564      0.408    31.6920    23.8265 -9.990e-29
 292.592025      0.426  37.496363    13.0222     6.8607      0.422    31.6941    23.8288 -9.990e-29
 292.592031      0.443  37.491492    13.0200     6.8724      0.439    31.6914    23.8271 -9.990e-29
 292.592037      0.459  37.488737    13.0219     6.8666      0.455    31.6872    23.8235 -9.990e-29
 292.592043      0.465  37.490023    13.0241     6.8622      0.461    31.6866    23.8226 -9.990e-29
 292.592049      0.463  37.491455    13.0232     6.8658      0.459    31.6887    23.8244 -9.990e-29
 292.592054      0.460  37.491014    13.0202     6.8699      0.456    31.6907    23.8266 -9.990e-29
