data/oxygen options/ONMS/Olympic_Coast_National_Marine_Sanctuary_CTD_Data_2005_2023/raw_data/2010/CAST_KL027_082210faed.cnv
* Sea-Bird SBE19 Data File:
* FileName = C:\Documents and Settings\OCNMS\Desktop\2010 mooring data\second service\CAST_KL027_082210.hex
* Software Version 1.24
* Temperature SN = 2997
* Conductivity SN = 2997
* System UpLoad Time = Aug 22 2010 17:45:24
** CAST_KL027_082210
* SEACAT PROFILER V3.1c SN 2997   08/22/10  17:43:33.073
# nquan = 9                                 
# nvalues = 926                         
# units = specified
# name 0 = timeJ: Julian Days
# name 1 = prSM: Pressure, Strain Gauge [db]
# name 2 = c0mS/cm: Conductivity [mS/cm]
# name 3 = t090C: Temperature [ITS-90, deg C]
# name 4 = sbeox0ML/L: Oxygen, SBE 43 [ml/l]
# name 5 = depSM: Depth [salt water, m], lat = 47.5
# name 6 = sal00: Salinity, Practical [PSU]
# name 7 = sigma-é00: Density [sigma-theta, kg/m^3]
# name 8 = flag: flag
# span 0 = 234.426273, 234.431626       
# span 1 =     -5.126,     28.349       
# span 2 =  -0.000884,  38.970023       
# span 3 =     7.1872,    17.0663       
# span 4 =   -10.3146,    12.9613       
# span 5 =     -5.083,     28.110       
# span 6 =     0.0000,    33.6805       
# span 7 =    -1.2355,    26.3515       
# span 8 = 0.0000e+00, 0.0000e+00       
# interval = seconds: 0.5
# start_time = Aug 22 2010 10:13:50 [Instrument's time stamp, header]
# bad_flag = -9.990e-29
*END*
[from data line 641]
 234.429983     27.508  34.261695     7.1911     2.5330     27.277    33.6735    26.3480 -9.990e-29
 234.429988     27.501  34.262044     7.1917     2.5333     27.270    33.6733    26.3477 -9.990e-29
 234.429994     27.486  34.262083     7.1921     2.5277     27.255    33.6729    26.3474 -9.990e-29
 234.430000     27.467  34.262428     7.1926     2.5178     27.236    33.6728    26.3472 -9.990e-29
 234.430006     27.451  34.262982     7.1931     2.5116     27.220    33.6730    26.3473 -9.990e-29
 234.430012     27.447  34.262807     7.1930     2.5175     27.216    33.6729    26.3472 -9.990e-29
 234.430017     27.457  34.261673     7.1926     2.5213     27.226    33.6720    26.3466 -9.990e-29
 234.430023     27.474  34.260870     7.1925     2.5190     27.243    33.6712    26.3460 -9.990e-29
 234.430029     27.486  34.261013     7.1929     2.5192     27.255    33.6710    26.3457 -9.990e-29
 234.430035     27.489  34.261734     7.1931     2.5235     27.258    33.6716    26.3462 -9.990e-29
 234.430041     27.489  34.262315     7.1926     2.5113     27.258    33.6727    26.3471 -9.990e-29
 234.430046     27.489  34.261854     7.1921     2.5273     27.258    33.6727    26.3472 -9.990e-29
 234.430052     27.486  34.260862     7.1923     2.5214     27.255    33.6714    26.3462 -9.990e-29
 234.430058     27.474  34.260820     7.1929     2.5116     27.243    33.6708    26.3456 -9.990e-29
 234.430064     27.452  34.261673     7.1933     2.5054     27.221    33.6713    26.3460 -9.990e-29
 234.430069     27.429  34.262323     7.1932     2.5057     27.198    33.6722    26.3466 -9.990e-29
 234.430075     27.419  34.261958     7.1925     2.5131     27.188    33.6724    26.3469 -9.990e-29
 234.430081     27.431  34.260657     7.1912     2.5186     27.200    33.6723    26.3470 -9.990e-29
 234.430087     27.462  34.259488     7.1902     2.5205     27.231    33.6720    26.3469 -9.990e-29
 234.430093     27.503  34.259137     7.1898     2.5088     27.272    33.6720    26.3469 -9.990e-29
 234.430098     27.550  34.259139     7.1892     2.5071     27.318    33.6725    26.3475 -9.990e-29
 234.430104     27.598  34.258938     7.1885     2.5073     27.366    33.6730    26.3479 -9.990e-29
 234.430110     27.639  34.258830     7.1887     2.5090     27.406    33.6726    26.3476 -9.990e-29
 234.430116     27.665  34.259232     7.1897     2.5128     27.432    33.6721    26.3471 -9.990e-29
 234.430122     27.664  34.260123     7.1908     2.5127     27.431    33.6720    26.3468 -9.990e-29
 234.430127     27.636  34.261012     7.1915     2.5207     27.404    33.6723    26.3470 -9.990e-29
 234.430133     27.593  34.261408     7.1915     2.5148     27.361    33.6727    26.3473 -9.990e-29
 234.430139     27.547  34.261282     7.1910     2.5129     27.315    33.6731    26.3477 -9.990e-29
 234.430145     27.514  34.260471     7.1905     2.5110     27.283    33.6727    26.3474 -9.990e-29
 234.430150     27.505  34.259021     7.1897     2.5090     27.274    33.6719    26.3469 -9.990e-29
 234.430156     27.518  34.257800     7.1891     2.5126     27.287    33.6712    26.3464 -9.990e-29
 234.430162     27.542  34.257424     7.1891     2.5125     27.310    33.6708    26.3461 -9.990e-29
 234.430168     27.566  34.257955     7.1895     2.5048     27.334    33.6709    26.3462 -9.990e-29
 234.430174     27.586  34.258983     7.1901     2.5029     27.354    33.6715    26.3465 -9.990e-29
 234.430179     27.604  34.259641     7.1903     2.5109     27.372    33.6720    26.3469 -9.990e-29
 234.430185     27.622  34.259688     7.1899     2.4987     27.390    33.6724    26.3473 -9.990e-29
 234.430191     27.635  34.259192     7.1895     2.5067     27.403    33.6722    26.3472 -9.990e-29
 234.430197     27.636  34.258614     7.1896     2.5149     27.404    33.6715    26.3466 -9.990e-29
 234.430203     27.622  34.258864     7.1902     2.5168     27.390    33.6712    26.3463 -9.990e-29
 234.430208     27.595  34.259719     7.1909     2.5143     27.363    33.6715    26.3464 -9.990e-29
 234.430214     27.567  34.260083     7.1908     2.5146     27.335    33.6720    26.3468 -9.990e-29
 234.430220     27.552  34.259325     7.1902     2.5047     27.320    33.6718    26.3467 -9.990e-29
 234.430226     27.559  34.258119     7.1899     2.5047     27.327    33.6707    26.3460 -9.990e-29
 234.430231     27.579  34.257660     7.1897     2.5146     27.347    33.6704    26.3457 -9.990e-29
 234.430237     27.602  34.257901     7.1895     2.5067     27.370    33.6709    26.3461 -9.990e-29
 234.430243     27.623  34.258045     7.1893     2.5086     27.391    33.6712    26.3464 -9.990e-29
 234.430249     27.645  34.257726     7.1889     2.5148     27.412    33.6712    26.3465 -9.990e-29
 234.430255     27.664  34.257081     7.1886     2.5068     27.431    33.6708    26.3462 -9.990e-29
 234.430260     27.673  34.256935     7.1890     2.5007     27.440    33.6703    26.3457 -9.990e-29
 234.430266     27.668  34.257656     7.1898     2.5047     27.435    33.6703    26.3456 -9.990e-29
 234.430272     27.654  34.258526     7.1902     2.5049     27.421    33.6708    26.3460 -9.990e-29
 234.430278     27.638  34.259028     7.1904     2.4946     27.405    33.6712    26.3463 -9.990e-29
 234.430284     27.627  34.258716     7.1904     2.5087     27.395    33.6709    26.3460 -9.990e-29
 234.430289     27.625  34.257739     7.1902     2.5007     27.393    33.6700    26.3453 -9.990e-29
 234.430295     27.628  34.257038     7.1900     2.5106     27.396    33.6694    26.3449 -9.990e-29
 234.430301     27.632  34.256801     7.1898     2.5083     27.400    33.6693    26.3449 -9.990e-29
 234.430307     27.633  34.256715     7.1895     2.5009     27.401    33.6695    26.3451 -9.990e-29
 234.430313     27.626  34.256670     7.1894     2.5025     27.394    33.6696    26.3451 -9.990e-29
 234.430318     27.615  34.256607     7.1895     2.5006     27.383    33.6694    26.3450 -9.990e-29
 234.430324     27.608  34.256446     7.1893     2.5044     27.376    33.6695    26.3450 -9.990e-29
 234.430330     27.609  34.255974     7.1889     2.5044     27.377    33.6693    26.3450 -9.990e-29
 234.430336     27.614  34.255128     7.1886     2.5045     27.382    33.6687    26.3445 -9.990e-29
 234.430341     27.619  34.254460     7.1884     2.5047     27.387    33.6682    26.3441 -9.990e-29
 234.430347     27.623  34.254204     7.1878     2.4966     27.391    33.6685    26.3445 -9.990e-29
 234.430353     27.629  34.254023     7.1872     2.5026     27.397    33.6689    26.3449 -9.990e-29
 234.430359     27.634  34.254238     7.1872     2.5042     27.402    33.6691    26.3450 -9.990e-29
 234.430365     27.637  34.255139     7.1879     2.4981     27.405    33.6694    26.3452 -9.990e-29
 234.430370     27.632  34.256248     7.1886     2.4983     27.400    33.6699    26.3455 -9.990e-29
 234.430376     27.628  34.256808     7.1889     2.5025     27.396    33.6702    26.3457 -9.990e-29
 234.430382     27.633  34.256449     7.1888     2.4984     27.401    33.6699    26.3455 -9.990e-29
 234.430388     27.644  34.255817     7.1884     2.5004     27.411    33.6696    26.3453 -9.990e-29
 234.430394     27.656  34.255751     7.1882     2.5064     27.423    33.6698    26.3454 -9.990e-29
 234.430399     27.663  34.256167     7.1887     2.5062     27.430    33.6697    26.3453 -9.990e-29
 234.430405     27.650  34.256500     7.1896     2.5100     27.417    33.6692    26.3448 -9.990e-29
 234.430411     27.619  34.256638     7.1902     2.5082     27.387    33.6688    26.3444 -9.990e-29
 234.430417     27.579  34.256768     7.1900     2.5044     27.347    33.6691    26.3447 -9.990e-29
 234.430422     27.549  34.256508     7.1895     2.5046     27.317    33.6694    26.3449 -9.990e-29
 234.430428     27.540  34.255514     7.1890     2.5046     27.308    33.6688    26.3445 -9.990e-29
 234.430434     27.548  34.254707     7.1886     2.4964     27.316    33.6683    26.3442 -9.990e-29
 234.430440     27.564  34.254695     7.1882     2.4948     27.332    33.6686    26.3446 -9.990e-29
 234.430446     27.577  34.254902     7.1881     2.5027     27.345    33.6690    26.3448 -9.990e-29
 234.430451     27.579  34.255047     7.1884     2.4985     27.347    33.6688    26.3447 -9.990e-29
 234.430457     27.579  34.255327     7.1889     2.5002     27.347    33.6686    26.3445 -9.990e-29
 234.430463     27.588  34.255559     7.1892     2.5062     27.356    33.6686    26.3444 -9.990e-29
 234.430469     27.609  34.255308     7.1890     2.4982     27.377    33.6685    26.3443 -9.990e-29
 234.430475     27.633  34.254804     7.1884     2.5002     27.401    33.6685    26.3444 -9.990e-29
 234.430480     27.654  34.254872     7.1881     2.4983     27.421    33.6689    26.3448 -9.990e-29
 234.430486     27.665  34.255613     7.1882     2.4964     27.432    33.6696    26.3453 -9.990e-29
 234.430492     27.666  34.256158     7.1881     2.5002     27.433    33.6703    26.3459 -9.990e-29
 234.430498     27.661  34.256121     7.1881     2.5001     27.428    33.6702    26.3458 -9.990e-29
 234.430503     27.646  34.256020     7.1884     2.4923     27.413    33.6699    26.3455 -9.990e-29
 234.430509     27.616  34.256290     7.1890     2.4984     27.384    33.6696    26.3452 -9.990e-29
 234.430515     27.572  34.256738     7.1894     2.5084     27.340    33.6697    26.3452 -9.990e-29
 234.430521     27.526  34.256852     7.1892     2.5042     27.294    33.6700    26.3455 -9.990e-29
 234.430527     27.492  34.256230     7.1888     2.4962     27.261    33.6698    26.3454 -9.990e-29
 234.430532     27.474  34.255173     7.1886     2.4965     27.243    33.6688    26.3446 -9.990e-29
 234.430538     27.470  34.254523     7.1885     2.4886     27.239    33.6682    26.3442 -9.990e-29
 234.430544     27.473  34.254540     7.1886     2.4922     27.242    33.6681    26.3441 -9.990e-29
 234.430550     27.483  34.254696     7.1886     2.4940     27.252    33.6683    26.3442 -9.990e-29
 234.430556     27.503  34.254645     7.1884     2.4920     27.272    33.6684    26.3443 -9.990e-29
 234.430561     27.528  34.254331     7.1879     2.4958     27.296    33.6686    26.3445 -9.990e-29
 234.430567     27.551  34.253901     7.1875     2.4958     27.319    33.6685    26.3445 -9.990e-29
 234.430573     27.566  34.253912     7.1875     2.4799     27.334    33.6685    26.3445 -9.990e-29
 234.430579     27.565  34.254384     7.1879     2.4840     27.333    33.6686    26.3446 -9.990e-29
 234.430584     27.544  34.254834     7.1885     2.4938     27.312    33.6685    26.3444 -9.990e-29
 234.430590     27.500  34.255312     7.1889     2.4834     27.269    33.6687    26.3445 -9.990e-29
 234.430596     27.432  34.255902     7.1894     2.4932     27.201    33.6689    26.3445 -9.990e-29
 234.430602     27.340  34.256279     7.1899     2.4973     27.110    33.6688    26.3445 -9.990e-29
 234.430608     27.230  34.256396     7.1900     2.4834     27.001    33.6689    26.3445 -9.990e-29
 234.430613     27.112  34.256416     7.1897     2.4932     26.884    33.6693    26.3448 -9.990e-29
 234.430619     26.992  34.256376     7.1892     2.4893     26.765    33.6698    26.3453 -9.990e-29
 234.430625     26.867  34.256234     7.1888     2.4971     26.641    33.6701    26.3456 0.0000e+00
 234.430631     26.728  34.255808     7.1886     2.5045     26.503    33.6699    26.3455 0.0000e+00
 234.430637     26.571  34.255098     7.1886     2.5007     26.348    33.6692    26.3449 0.0000e+00
 234.430642     26.399  34.254284     7.1887     2.4908     26.177    33.6683    26.3442 0.0000e+00
 234.430648     26.217  34.253413     7.1889     2.4931     25.997    33.6672    26.3433 0.0000e+00
 234.430654     26.033  34.252451     7.1887     2.4870     25.814    33.6664    26.3427 0.0000e+00
 234.430660     25.850  34.251806     7.1880     2.4948     25.633    33.6665    26.3429 0.0000e+00
 234.430666     25.667  34.251748     7.1876     2.5064     25.451    33.6669    26.3433 0.0000e+00
 234.430671     25.471  34.251650     7.1881     2.4982     25.257    33.6664    26.3428 0.0000e+00
 234.430677     25.263  34.251389     7.1891     2.5059     25.051    33.6653    26.3417 0.0000e+00
 234.430683     25.055  34.251187     7.1899     2.5100     24.844    33.6644    26.3409 0.0000e+00
 234.430689     24.851  34.250784     7.1902     2.5021     24.642    33.6637    26.3404 0.0000e+00
 234.430694     24.646  34.250212     7.1902     2.5020     24.439    33.6632    26.3400 0.0000e+00
 234.430700     24.441  34.249838     7.1903     2.5042     24.236    33.6628    26.3396 0.0000e+00
 234.430706     24.236  34.249733     7.1906     2.4960     24.032    33.6625    26.3393 0.0000e+00
 234.430712     24.025  34.249767     7.1915     2.5056     23.823    33.6618    26.3386 0.0000e+00
 234.430718     23.809  34.249992     7.1932     2.5055     23.609    33.6605    26.3374 0.0000e+00
 234.430723     23.590  34.250157     7.1953     2.5038     23.392    33.6587    26.3357 0.0000e+00
 234.430729     23.372  34.249933     7.1974     2.5136     23.176    33.6565    26.3337 0.0000e+00
 234.430735     23.163  34.249592     7.1990     2.4958     22.968    33.6547    26.3320 0.0000e+00
 234.430741     22.971  34.249248     7.1998     2.4998     22.778    33.6536    26.3311 0.0000e+00
 234.430747     22.786  34.249013     7.2004     2.5072     22.595    33.6529    26.3304 0.0000e+00
 234.430752     22.595  34.249142     7.2019     2.5083     22.405    33.6516    26.3292 0.0000e+00
 234.430758     22.397  34.249258     7.2040     2.5137     22.209    33.6498    26.3275 0.0000e+00
 234.430764     22.205  34.248964     7.2060     2.5156     22.018    33.6476    26.3255 0.0000e+00
 234.430770     22.029  34.248436     7.2071     2.5138     21.844    33.6461    26.3241 0.0000e+00
 234.430775     21.871  34.248102     7.2075     2.5138     21.687    33.6454    26.3235 0.0000e+00
 234.430781     21.719  34.248086     7.2083     2.5118     21.537    33.6447    26.3228 0.0000e+00
 234.430787     21.557  34.248375     7.2100     2.5080     21.376    33.6434    26.3216 0.0000e+00
 234.430793     21.370  34.248803     7.2136     2.5158     21.191    33.6405    26.3188 0.0000e+00
 234.430799     21.153  34.248828     7.2202     2.5174     20.975    33.6342    26.3129 0.0000e+00
 234.430804     20.919  34.248494     7.2281     2.5251     20.743    33.6262    26.3056 0.0000e+00
 234.430810     20.688  34.248486     7.2349     2.5330     20.514    33.6197    26.2995 0.0000e+00
 234.430816     20.470  34.248803     7.2397     2.5228     20.298    33.6155    26.2955 0.0000e+00
 234.430822     20.265  34.248760     7.2421     2.5185     20.095    33.6132    26.2934 0.0000e+00
 234.430828     20.067  34.248311     7.2427     2.5123     19.899    33.6122    26.2925 0.0000e+00
 234.430833     19.870  34.247985     7.2428     2.5012     19.703    33.6119    26.2922 0.0000e+00
 234.430839     19.668  34.247917     7.2435     2.5148     19.503    33.6112    26.2916 0.0000e+00
 234.430845     19.466  34.248028     7.2453     2.5064     19.303    33.6097    26.2901 0.0000e+00
 234.430851     19.264  34.248473     7.2477     2.5028     19.102    33.6079    26.2884 0.0000e+00
 234.430856     19.062  34.249297     7.2505     2.5153     18.902    33.6062    26.2867 0.0000e+00
 234.430862     18.864  34.250486     7.2540     2.5041     18.706    33.6042    26.2846 0.0000e+00
 234.430868     18.671  34.252515     7.2604     2.5133     18.514    33.6003    26.2806 0.0000e+00
 234.430874     18.479  34.256419     7.2725     2.5024     18.324    33.5928    26.2731 0.0000e+00
 234.430880     18.284  34.261811     7.2927     2.4928     18.131    33.5792    26.2595 0.0000e+00
 234.430885     18.083  34.266929     7.3297     2.4935     17.931    33.5489    26.2306 0.0000e+00
 234.430891     17.870  34.275808     7.3889     2.4829     17.720    33.5013    26.1848 0.0000e+00
 234.430897     17.646  34.291896     7.4586     2.4748     17.498    33.4515    26.1359 0.0000e+00
