data/oxygen options/ONMS/Olympic_Coast_National_Marine_Sanctuary_CTD_Data_2005_2023/raw_data/2010/CAST_MB042_081610faed.cnv
* Sea-Bird SBE19 Data File:
* FileName = C:\Documents and Settings\OCNMS\Desktop\2010 mooring data\second service\CAST_MB042_081610.hex
* Software Version 1.24
* Temperature SN = 2997
* Conductivity SN = 2997
* System UpLoad Time = Aug 16 2010 19:15:11
** CAST_MB042_081610
* SEACAT PROFILER V3.1c SN 2997   08/16/10  19:14:28.169
# nquan = 9                                 
# nvalues = 1118                        
# units = specified
# name 0 = timeJ: Julian Days
# name 1 = prSM: Pressure, Strain Gauge [db]
# name 2 = c0mS/cm: Conductivity [mS/cm]
# name 3 = t090C: Temperature [ITS-90, deg C]
# name 4 = sbeox0ML/L: Oxygen, SBE 43 [ml/l]
# name 5 = depSM: Depth [salt water, m], lat = 47.5
# name 6 = sal00: Salinity, Practical [PSU]
# name 7 = sigma-é00: Density [sigma-theta, kg/m^3]
# name 8 = flag: flag
# span 0 = 228.518588, 228.525052       
# span 1 =     -5.080,     42.507       
# span 2 =   0.050488,  38.728150       
# span 3 =     8.2075,    14.8501       
# span 4 =   -10.9679,    15.2988       
# span 5 =     -5.038,     42.148       
# span 6 =     0.0327,    33.0196       
# span 7 =    -0.8501,    25.6883       
# span 8 = 0.0000e+00, 0.0000e+00       
# interval = seconds: 0.5
# start_time = Aug 16 2010 12:26:46 [Instrument's time stamp, header]
# bad_flag = -9.990e-29
*END*
[from data line 801]
 228.523223     41.916  34.465844     8.2459     3.6956     41.562    32.8782    25.5723 -9.990e-29
 228.523229     41.882  34.465468     8.2463     3.6918     41.528    32.8774    25.5716 -9.990e-29
 228.523235     41.848  34.464393     8.2464     3.6917     41.495    32.8762    25.5706 -9.990e-29
 228.523241     41.823  34.463596     8.2463     3.6915     41.470    32.8755    25.5701 -9.990e-29
 228.523247     41.811  34.463308     8.2455     3.6913     41.458    32.8759    25.5705 -9.990e-29
 228.523252     41.801  34.462756     8.2447     3.6912     41.448    32.8761    25.5708 -9.990e-29
 228.523258     41.776  34.462497     8.2447     3.6914     41.423    32.8758    25.5706 -9.990e-29
 228.523264     41.726  34.462914     8.2452     3.6836     41.374    32.8758    25.5705 -9.990e-29
 228.523270     41.653  34.463059     8.2457     3.6971     41.301    32.8755    25.5702 -9.990e-29
 228.523275     41.559  34.462741     8.2459     3.7005     41.208    32.8751    25.5698 -9.990e-29
 228.523281     41.444  34.462268     8.2461     3.7023     41.094    32.8744    25.5693 -9.990e-29
 228.523287     41.304  34.461740     8.2463     3.7022     40.955    32.8737    25.5687 0.0000e+00
 228.523293     41.144  34.461745     8.2467     3.6950     40.797    32.8734    25.5684 0.0000e+00
 228.523299     40.969  34.461903     8.2471     3.6873     40.623    32.8733    25.5683 0.0000e+00
 228.523304     40.787  34.461483     8.2469     3.6929     40.443    32.8731    25.5681 0.0000e+00
 228.523310     40.602  34.460659     8.2463     3.7022     40.259    32.8729    25.5681 0.0000e+00
 228.523316     40.416  34.459624     8.2458     3.6904     40.075    32.8724    25.5677 0.0000e+00
 228.523322     40.226  34.458848     8.2457     3.6962     39.886    32.8717    25.5672 0.0000e+00
 228.523328     40.032  34.458587     8.2459     3.6850     39.694    32.8714    25.5669 0.0000e+00
 228.523333     39.836  34.458110     8.2459     3.6907     39.500    32.8709    25.5666 0.0000e+00
 228.523339     39.632  34.456953     8.2457     3.6974     39.297    32.8700    25.5658 0.0000e+00
 228.523345     39.420  34.455425     8.2458     3.6956     39.087    32.8684    25.5646 0.0000e+00
 228.523351     39.206  34.454455     8.2464     3.7052     38.875    32.8669    25.5633 0.0000e+00
 228.523356     38.987  34.454603     8.2472     3.7033     38.658    32.8664    25.5628 0.0000e+00
 228.523362     38.762  34.454560     8.2474     3.7109     38.435    32.8663    25.5627 0.0000e+00
 228.523368     38.540  34.453886     8.2475     3.7183     38.215    32.8656    25.5621 0.0000e+00
 228.523374     38.322  34.453531     8.2477     3.6860     37.999    32.8651    25.5617 0.0000e+00
 228.523380     38.104  34.453199     8.2478     3.6923     37.782    32.8648    25.5614 0.0000e+00
 228.523385     37.880  34.452619     8.2482     3.6982     37.560    32.8639    25.5606 0.0000e+00
 228.523391     37.649  34.451752     8.2490     3.7032     37.331    32.8623    25.5593 0.0000e+00
 228.523397     37.421  34.450175     8.2490     3.7061     37.105    32.8608    25.5581 0.0000e+00
 228.523403     37.209  34.448754     8.2483     3.7031     36.895    32.8600    25.5576 0.0000e+00
 228.523409     37.007  34.448563     8.2479     3.7012     36.695    32.8603    25.5578 0.0000e+00
 228.523414     36.806  34.448962     8.2479     3.7040     36.496    32.8608    25.5582 0.0000e+00
 228.523420     36.603  34.448979     8.2479     3.7145     36.294    32.8609    25.5583 0.0000e+00
 228.523426     36.397  34.448810     8.2479     3.7139     36.090    32.8608    25.5583 0.0000e+00
 228.523432     36.192  34.448962     8.2483     3.7178     35.887    32.8607    25.5581 0.0000e+00
 228.523438     35.988  34.448696     8.2487     3.7025     35.685    32.8601    25.5576 0.0000e+00
 228.523443     35.781  34.447829     8.2488     3.7031     35.479    32.8592    25.5569 0.0000e+00
 228.523449     35.571  34.447056     8.2481     3.7106     35.271    32.8591    25.5569 0.0000e+00
 228.523455     35.361  34.446638     8.2463     3.7120     35.063    32.8605    25.5582 0.0000e+00
 228.523461     35.150  34.446750     8.2413     3.7095     34.854    32.8654    25.5628 0.0000e+00
 228.523466     34.939  34.446597     8.2319     3.7172     34.644    32.8741    25.5710 0.0000e+00
 228.523472     34.730  34.445592     8.2226     3.7170     34.437    32.8819    25.5785 0.0000e+00
 228.523478     34.524  34.444214     8.2237     3.7260     34.233    32.8795    25.5764 0.0000e+00
 228.523484     34.312  34.442967     8.2358     3.7352     34.023    32.8669    25.5648 0.0000e+00
 228.523490     34.089  34.442555     8.2460     3.7222     33.802    32.8570    25.5555 0.0000e+00
 228.523495     33.861  34.442594     8.2503     3.7264     33.576    32.8532    25.5519 0.0000e+00
 228.523501     33.632  34.441603     8.2529     3.7229     33.349    32.8498    25.5488 0.0000e+00
 228.523507     33.396  34.440053     8.2550     3.7361     33.115    32.8463    25.5458 0.0000e+00
 228.523513     33.150  34.439344     8.2570     3.7412     32.871    32.8438    25.5435 0.0000e+00
 228.523519     32.896  34.439204     8.2591     3.7452     32.619    32.8418    25.5416 0.0000e+00
 228.523524     32.639  34.439561     8.2615     3.7433     32.364    32.8400    25.5399 0.0000e+00
 228.523530     32.389  34.440447     8.2638     3.7439     32.116    32.8389    25.5387 0.0000e+00
 228.523536     32.150  34.440923     8.2654     3.7440     31.879    32.8381    25.5378 0.0000e+00
 228.523542     31.926  34.441181     8.2664     3.7478     31.657    32.8375    25.5372 0.0000e+00
 228.523547     31.714  34.441677     8.2669     3.7476     31.447    32.8377    25.5372 0.0000e+00
 228.523553     31.502  34.442072     8.2670     3.7515     31.237    32.8381    25.5375 0.0000e+00
 228.523559     31.271  34.441887     8.2670     3.7510     31.008    32.8380    25.5375 0.0000e+00
 228.523565     31.020  34.441546     8.2673     3.7397     30.759    32.8375    25.5370 0.0000e+00
 228.523571     30.757  34.441828     8.2679     3.7516     30.498    32.8373    25.5368 0.0000e+00
 228.523576     30.489  34.441545     8.2680     3.7361     30.232    32.8370    25.5366 0.0000e+00
 228.523582     30.220  34.439876     8.2674     3.7418     29.966    32.8360    25.5358 0.0000e+00
 228.523588     29.952  34.438622     8.2672     3.7359     29.700    32.8350    25.5350 0.0000e+00
 228.523594     29.684  34.438461     8.2680     3.7379     29.434    32.8342    25.5343 0.0000e+00
 228.523600     29.409  34.438175     8.2693     3.7446     29.161    32.8328    25.5330 0.0000e+00
 228.523605     29.129  34.437499     8.2705     3.7430     28.884    32.8311    25.5315 0.0000e+00
 228.523611     28.846  34.436761     8.2719     3.7599     28.603    32.8291    25.5297 0.0000e+00
 228.523617     28.573  34.436769     8.2731     3.7595     28.333    32.8281    25.5288 0.0000e+00
 228.523623     28.317  34.437651     8.2736     3.7594     28.079    32.8287    25.5292 0.0000e+00
 228.523628     28.072  34.437902     8.2741     3.7633     27.836    32.8286    25.5290 0.0000e+00
 228.523634     27.826  34.437415     8.2747     3.7578     27.592    32.8276    25.5282 0.0000e+00
 228.523640     27.576  34.437330     8.2752     3.7501     27.344    32.8272    25.5277 0.0000e+00
 228.523646     27.323  34.437646     8.2764     3.7543     27.093    32.8265    25.5270 0.0000e+00
 228.523652     27.068  34.438340     8.2777     3.7445     26.840    32.8262    25.5265 0.0000e+00
 228.523657     26.813  34.438775     8.2785     3.7525     26.587    32.8260    25.5263 0.0000e+00
 228.523663     26.553  34.437971     8.2792     3.7556     26.330    32.8246    25.5251 0.0000e+00
 228.523669     26.282  34.436645     8.2800     3.7616     26.061    32.8226    25.5234 0.0000e+00
 228.523675     25.999  34.435937     8.2811     3.7655     25.780    32.8209    25.5219 0.0000e+00
 228.523681     25.711  34.435577     8.2825     3.7618     25.495    32.8194    25.5205 0.0000e+00
 228.523686     25.422  34.434082     8.2835     3.7675     25.208    32.8170    25.5185 0.0000e+00
 228.523692     25.135  34.431250     8.2837     3.7657     24.924    32.8140    25.5160 0.0000e+00
 228.523698     24.857  34.428449     8.2837     3.7661     24.648    32.8111    25.5138 0.0000e+00
 228.523704     24.592  34.425973     8.2835     3.7725     24.385    32.8088    25.5120 0.0000e+00
 228.523709     24.340  34.424547     8.2832     3.7634     24.135    32.8077    25.5112 0.0000e+00
 228.523715     24.098  34.424059     8.2832     3.7621     23.895    32.8073    25.5109 0.0000e+00
 228.523721     23.864  34.422297     8.2830     3.7677     23.663    32.8057    25.5097 0.0000e+00
 228.523727     23.639  34.419260     8.2824     3.7679     23.440    32.8032    25.5078 0.0000e+00
 228.523733     23.418  34.414925     8.2816     3.7638     23.221    32.7994    25.5049 0.0000e+00
 228.523738     23.192  34.410891     8.2811     3.7674     22.997    32.7957    25.5021 0.0000e+00
 228.523744     22.954  34.410274     8.2807     3.7773     22.761    32.7956    25.5020 0.0000e+00
 228.523750     22.702  34.409014     8.2785     3.7873     22.511    32.7964    25.5030 0.0000e+00
 228.523756     22.442  34.401632     8.2744     3.8053     22.253    32.7925    25.5006 0.0000e+00
 228.523762     22.178  34.391252     8.2707     3.8101     21.992    32.7851    25.4953 0.0000e+00
 228.523767     21.915  34.382031     8.2689     3.8237     21.731    32.7772    25.4893 0.0000e+00
 228.523773     21.662  34.372403     8.2686     3.8424     21.480    32.7674    25.4817 0.0000e+00
 228.523779     21.421  34.364175     8.2695     3.8605     21.241    32.7579    25.4742 0.0000e+00
 228.523785     21.179  34.361020     8.2743     3.8934     21.001    32.7502    25.4674 0.0000e+00
 228.523791     20.927  34.359959     8.2889     3.9143     20.751    32.7356    25.4538 0.0000e+00
 228.523796     20.664  34.359132     8.3154     3.9391     20.491    32.7102    25.4299 0.0000e+00
 228.523802     20.405  34.361465     8.3437     3.9501     20.234    32.6865    25.4071 0.0000e+00
 228.523808     20.159  34.366272     8.3625     3.9484     19.990    32.6742    25.3947 0.0000e+00
 228.523814     19.918  34.368349     8.3758     3.9585     19.751    32.6642    25.3848 0.0000e+00
 228.523819     19.667  34.369467     8.3968     3.9754     19.502    32.6460    25.3674 0.0000e+00
 228.523825     19.400  34.376817     8.4300     4.0083     19.237    32.6231    25.3445 0.0000e+00
 228.523831     19.123  34.394168     8.4782     4.0650     18.963    32.5969    25.3168 0.0000e+00
 228.523837     18.851  34.436950     8.5348     4.1244     18.693    32.5897    25.3026 0.0000e+00
 228.523843     18.587  34.482416     8.5814     4.2153     18.431    32.5945    25.2994 0.0000e+00
 228.523848     18.327  34.490728     8.6254     4.3050     18.173    32.5628    25.2679 0.0000e+00
 228.523854     18.062  34.499916     8.6866     4.3855     17.910    32.5162    25.2221 0.0000e+00
 228.523860     17.790  34.535204     8.7657     4.4286     17.641    32.4806    25.1821 0.0000e+00
 228.523866     17.515  34.589000     8.8625     4.4605     17.368    32.4482    25.1419 0.0000e+00
 228.523872     17.243  34.696833     8.9708     4.4644     17.098    32.4615    25.1356 0.0000e+00
 228.523877     16.981  34.820437     9.0613     4.4648     16.839    32.5072    25.1573 0.0000e+00
 228.523883     16.723  34.869369     9.1129     4.4913     16.583    32.5109    25.1522 0.0000e+00
 228.523889     16.462  34.866540     9.1341     4.5019     16.324    32.4887    25.1315 0.0000e+00
 228.523895     16.194  34.862515     9.1404     4.5480     16.058    32.4790    25.1229 0.0000e+00
 228.523900     15.923  34.865461     9.1462     4.6145     15.789    32.4768    25.1203 0.0000e+00
 228.523906     15.659  34.878307     9.1622     4.6843     15.528    32.4757    25.1169 0.0000e+00
 228.523912     15.405  34.906560     9.1883     4.7577     15.276    32.4812    25.1171 0.0000e+00
 228.523918     15.159  34.942185     9.2328     4.8301     15.032    32.4776    25.1073 0.0000e+00
 228.523924     14.909  34.974682     9.3104     4.8823     14.784    32.4407    25.0661 0.0000e+00
 228.523929     14.648  35.028499     9.4042     4.9178     14.525    32.4111    25.0281 0.0000e+00
 228.523935     14.380  35.107337     9.4905     4.9376     14.259    32.4141    25.0166 0.0000e+00
 228.523941     14.114  35.198532     9.5655     4.9514     13.996    32.4398    25.0247 0.0000e+00
 228.523947     13.854  35.283544     9.6167     4.9614     13.738    32.4806    25.0483 0.0000e+00
 228.523953     13.598  35.326085     9.6393     4.9717     13.484    32.5038    25.0627 0.0000e+00
 228.523958     13.342  35.332150     9.6505     5.0093     13.230    32.5000    25.0579 0.0000e+00
 228.523964     13.085  35.337333     9.6658     5.0276     12.975    32.4915    25.0488 0.0000e+00
 228.523970     12.830  35.362076     9.6877     5.0557     12.723    32.4971    25.0496 0.0000e+00
 228.523976     12.577  35.395340     9.7092     5.0767     12.472    32.5117    25.0575 0.0000e+00
 228.523981     12.328  35.413418     9.7274     5.0778     12.225    32.5138    25.0562 0.0000e+00
 228.523987     12.082  35.421533     9.7511     5.1154     11.981    32.5008    25.0422 0.0000e+00
 228.523993     11.839  35.435096     9.7920     5.1425     11.740    32.4778    25.0175 0.0000e+00
 228.523999     11.594  35.461693     9.8445     5.2000     11.497    32.4577    24.9932 0.0000e+00
 228.524005     11.355  35.505613     9.8848     5.2736     11.260    32.4661    24.9932 0.0000e+00
 228.524010     11.122  35.546742     9.9060     5.3488     11.029    32.4889    25.0075 0.0000e+00
 228.524016     10.886  35.565162     9.9359     5.4117     10.795    32.4808    24.9962 0.0000e+00
 228.524022     10.636  35.582763    10.0015     5.4507     10.547    32.4398    24.9533 0.0000e+00
 228.524028     10.372  35.620336    10.1061     5.4903     10.285    32.3842    24.8925 0.0000e+00
 228.524034     10.104  35.678360    10.2222     5.5143     10.019    32.3391    24.8380 0.0000e+00
 228.524039      9.840  35.768384    10.3256     5.5591      9.758    32.3376    24.8194 0.0000e+00
 228.524045      9.586  35.875892    10.4187     5.6038      9.506    32.3628    24.8232 0.0000e+00
 228.524051      9.337  35.952675    10.4830     5.6507      9.259    32.3826    24.8277 0.0000e+00
 228.524057      9.092  35.984440    10.5101     5.6798      9.016    32.3904    24.8292 0.0000e+00
 228.524063      8.846  35.986851    10.5305     5.7000      8.772    32.3748    24.8135 0.0000e+00
 228.524068      8.593  35.983930    10.5731     5.7131      8.521    32.3342    24.7746 0.0000e+00
 228.524074      8.335  36.008231    10.6349     5.7364      8.265    32.3038    24.7403 0.0000e+00
 228.524080      8.079  36.068240    10.6945     5.7587      8.011    32.3109    24.7356 0.0000e+00
 228.524086      7.832  36.130646    10.7416     5.7853      7.766    32.3315    24.7434 0.0000e+00
 228.524091      7.591  36.159745    10.7711     5.8218      7.528    32.3345    24.7406 0.0000e+00
 228.524097      7.348  36.161493    10.7890     5.8431      7.287    32.3205    24.7266 0.0000e+00
 228.524103      7.102  36.158468    10.8109     5.8534      7.043    32.2982    24.7055 0.0000e+00
 228.524109      6.854  36.162411    10.8445     5.8662      6.797    32.2726    24.6797 0.0000e+00
 228.524115      6.605  36.176464    10.8813     5.8861      6.550    32.2543    24.6590 0.0000e+00
 228.524120      6.356  36.197131    10.9056     5.9277      6.303    32.2535    24.6541 0.0000e+00
 228.524126      6.113  36.219678    10.9160     5.9635      6.062    32.2667    24.6626 0.0000e+00
 228.524132      5.882  36.242441    10.9218     6.0209      5.833    32.2843    24.6753 0.0000e+00
 228.524138      5.657  36.261803    10.9259     6.0568      5.610    32.2999    24.6867 0.0000e+00
