data/oxygen options/ONMS/Olympic_Coast_National_Marine_Sanctuary_CTD_Data_2005_2023/raw_data/2010/CAST_CE042_091410faed.cnv
* Sea-Bird SBE19 Data File:
* FileName = C:\Documents and Settings\OCNMS\Desktop\2010 mooring data\third service\CAST_CE042_091410.hex
* Software Version 1.24
* Temperature SN = 2997
* Conductivity SN = 2997
* System UpLoad Time = Sep 14 2010 15:17:50
** CAST_CE042_091410
* SEACAT PROFILER V3.1c SN 2997   09/14/10  15:16:23.283
# nquan = 9                                 
# nvalues = 887                         
# units = specified
# name 0 = timeJ: Julian Days
# name 1 = prSM: Pressure, Strain Gauge [db]
# name 2 = c0mS/cm: Conductivity [mS/cm]
# name 3 = t090C: Temperature [ITS-90, deg C]
# name 4 = sbeox0ML/L: Oxygen, SBE 43 [ml/l]
# name 5 = depSM: Depth [salt water, m], lat = 47.5
# name 6 = sal00: Salinity, Practical [PSU]
# name 7 = sigma-é00: Density [sigma-theta, kg/m^3]
# name 8 = flag: flag
# span 0 = 257.486829, 257.491956       
# span 1 =     -4.953,     43.531       
# span 2 =   0.032156,  39.486467       
# span 3 =     7.2187,    14.9939       
# span 4 =    -1.9605,    14.7412       
# span 5 =     -4.912,     43.163       
# span 6 =     0.0227,    33.6986       
# span 7 =    -0.8777,    26.3623       
# span 8 = 0.0000e+00, 0.0000e+00       
# interval = seconds: 0.5
# start_time = Sep 14 2010 11:41:02 [Instrument's time stamp, header]
# bad_flag = -9.990e-29
*END*
[from data line 161]
 257.487760     -0.611  39.452925    13.8081    -1.6247     -0.606    32.8573    24.5711 -9.990e-29
 257.487766     -0.607  39.449780    13.8101    -1.6243     -0.602    32.8526    24.5671 -9.990e-29
 257.487772     -0.598  39.422331    13.8132    -1.6239     -0.593    32.8245    24.5447 -9.990e-29
 257.487778     -0.584  39.400706    13.8140    -1.6241     -0.579    32.8037    24.5285 -9.990e-29
 257.487784     -0.565  39.392534    13.8106    -1.6240     -0.560    32.7991    24.5256 -9.990e-29
 257.487789     -0.542  39.394796    13.8071    -1.6237     -0.537    32.8041    24.5302 -9.990e-29
 257.487795     -0.523  39.413902    13.8081    -1.6235     -0.519    32.8210    24.5431 -9.990e-29
 257.487801     -0.512  39.441728    13.8130    -1.6238     -0.508    32.8426    24.5588 -9.990e-29
 257.487807     -0.508  39.447027    13.8171    -1.6247     -0.504    32.8440    24.5590 -9.990e-29
 257.487813     -0.505  39.423445    13.8164    -1.6245     -0.501    32.8228    24.5427 -9.990e-29
 257.487818     -0.496  39.400102    13.8124    -1.6244     -0.492    32.8045    24.5294 -9.990e-29
 257.487824     -0.479  39.403635    13.8090    -1.6243     -0.475    32.8107    24.5349 -9.990e-29
 257.487830     -0.463  39.433181    13.8077    -1.6246     -0.459    32.8392    24.5572 -9.990e-29
 257.487836     -0.450  39.463148    13.8092    -1.6252     -0.446    32.8658    24.5774 -9.990e-29
 257.487841     -0.440  39.478035    13.8139    -1.6253     -0.436    32.8755    24.5840 -9.990e-29
 257.487847     -0.432  39.484832    13.8197    -1.6254     -0.428    32.8769    24.5839 -9.990e-29
 257.487853     -0.426  39.486467    13.8222    -1.6254     -0.422    32.8763    24.5829 -9.990e-29
 257.487859     -0.420  39.473382    13.8180    -1.6257     -0.416    32.8677    24.5771 -9.990e-29
 257.487865     -0.416  39.443297    13.8096    -1.6262     -0.413    32.8470    24.5628 -9.990e-29
 257.487870     -0.412  39.421704    13.8040    11.5150     -0.409    32.8317    24.5522 -9.990e-29
 257.487876     -0.408  39.428605    13.8028    14.5679     -0.405    32.8392    24.5582 -9.990e-29
 257.487882     -0.404  39.441843    13.8014    14.7412     -0.401    32.8526    24.5689 -9.990e-29
 257.487888     -0.400  39.437063    13.7960    12.5683     -0.397    32.8528    24.5701 -9.990e-29
 257.487894     -0.395  39.416330    13.7858     7.8772     -0.392    32.8423    24.5641 -9.990e-29
 257.487899     -0.389  39.398548    13.7742     8.2350     -0.386    32.8357    24.5614 -9.990e-29
 257.487905     -0.383  39.400955    13.7659     8.5945     -0.380    32.8451    24.5703 -9.990e-29
 257.487911     -0.375  39.414458    13.7601     8.7262     -0.372    32.8626    24.5850 -9.990e-29
 257.487917     -0.364  39.415614    13.7557     8.7320     -0.361    32.8674    24.5897 -9.990e-29
 257.487922     -0.351  39.396467    13.7579     8.7014     -0.348    32.8478    24.5740 -9.990e-29
 257.487928     -0.338  39.356179    13.7685     8.6705     -0.335    32.8012    24.5359 -9.990e-29
 257.487934     -0.330  39.309998    13.7769     8.6385     -0.327    32.7511    24.4955 -9.990e-29
 257.487940     -0.320  39.285493    13.7753     8.6030     -0.317    32.7298    24.4793 -9.990e-29
 257.487946     -0.306  39.276367    13.7702     8.5787     -0.303    32.7256    24.4771 -9.990e-29
 257.487951     -0.288  39.268803    13.7697     8.5551     -0.286    32.7190    24.4721 -9.990e-29
 257.487957     -0.272  39.267316    13.7738     8.5437     -0.270    32.7141    24.4675 -9.990e-29
 257.487963     -0.252  39.271073    13.7783     8.5338     -0.250    32.7138    24.4663 -9.990e-29
 257.487969     -0.226  39.274464    13.7814     8.5307     -0.224    32.7143    24.4661 -9.990e-29
 257.487975     -0.201  39.277560    13.7840     8.5478     -0.199    32.7149    24.4660 -9.990e-29
 257.487980     -0.180  39.281158    13.7877     8.5537     -0.178    32.7151    24.4654 -9.990e-29
 257.487986     -0.166  39.283362    13.7920     8.5606     -0.165    32.7135    24.4633 -9.990e-29
 257.487992     -0.163  39.284338    13.7948     8.5651     -0.162    32.7120    24.4616 -9.990e-29
 257.487998     -0.165  39.283737    13.7940     8.5632     -0.164    32.7121    24.4618 -9.990e-29
 257.488003     -0.169  39.279110    13.7898     8.5668     -0.168    32.7114    24.4621 -9.990e-29
 257.488009     -0.170  39.272163    13.7857     8.5520     -0.169    32.7084    24.4607 -9.990e-29
 257.488015     -0.165  39.268797    13.7841     8.5407     -0.164    32.7067    24.4597 -9.990e-29
 257.488021     -0.157  39.270159    13.7841     8.5333     -0.156    32.7079    24.4606 -9.990e-29
 257.488027     -0.150  39.272490    13.7845     8.5355     -0.149    32.7098    24.4620 -9.990e-29
 257.488032     -0.145  39.273884    13.7855     8.5448     -0.144    32.7102    24.4621 -9.990e-29
 257.488038     -0.139  39.275670    13.7872     8.5403     -0.138    32.7104    24.4619 -9.990e-29
 257.488044     -0.133  39.278578    13.7888     8.5380     -0.132    32.7117    24.4626 -9.990e-29
 257.488050     -0.128  39.281473    13.7897     8.5338     -0.127    32.7137    24.4639 -9.990e-29
 257.488056     -0.121  39.283203    13.7907     8.5327     -0.120    32.7144    24.4643 -9.990e-29
 257.488061     -0.113  39.283865    13.7923     8.5409     -0.112    32.7136    24.4634 -9.990e-29
 257.488067     -0.104  39.284930    13.7941     8.5481     -0.103    32.7131    24.4626 -9.990e-29
 257.488073     -0.092  39.287290    13.7958     8.5555     -0.091    32.7138    24.4628 -9.990e-29
 257.488079     -0.078  39.290199    13.7978     8.5433     -0.077    32.7148    24.4632 -9.990e-29
 257.488084     -0.059  39.291963    13.7995     8.5492     -0.059    32.7150    24.4629 -9.990e-29
 257.488090     -0.036  39.292161    13.8005     8.5476     -0.036    32.7143    24.4622 -9.990e-29
 257.488096     -0.010  39.291650    13.8013     8.5537     -0.010    32.7132    24.4611 -9.990e-29
 257.488102      0.012  39.290900    13.8025     8.5636      0.012    32.7114    24.4596 -9.990e-29
 257.488108      0.029  39.290622    13.8038     8.5599      0.029    32.7101    24.4582 -9.990e-29
 257.488113      0.049  39.291037    13.8049     8.5647      0.049    32.7095    24.4576 -9.990e-29
 257.488119      0.068  39.291610    13.8055     8.5562      0.067    32.7095    24.4575 -9.990e-29
 257.488125      0.084  39.292014    13.8053     8.5587      0.083    32.7100    24.4579 -9.990e-29
 257.488131      0.096  39.292259    13.8052     8.5594      0.095    32.7103    24.4582 -9.990e-29
 257.488137      0.106  39.293263    13.8059     8.5589      0.105    32.7107    24.4583 -9.990e-29
 257.488142      0.114  39.295273    13.8069     8.5541      0.113    32.7117    24.4589 -9.990e-29
 257.488148      0.121  39.297076    13.8073     8.5500      0.120    32.7130    24.4598 -9.990e-29
 257.488154      0.128  39.297747    13.8069     8.5500      0.127    32.7140    24.4606 -9.990e-29
 257.488160      0.134  39.297649    13.8069     8.5568      0.133    32.7139    24.4606 -9.990e-29
 257.488166      0.141  39.297803    13.8075     8.5662      0.140    32.7135    24.4602 -9.990e-29
 257.488171      0.148  39.297885    13.8079     8.5734      0.147    32.7132    24.4599 -9.990e-29
 257.488177      0.157  39.296915    13.8071     8.5733      0.156    32.7130    24.4599 -9.990e-29
 257.488183      0.167  39.295311    13.8048     8.5699      0.166    32.7135    24.4607 -9.990e-29
 257.488189      0.179  39.293767    13.8022     8.5604      0.178    32.7143    24.4618 -9.990e-29
 257.488194      0.190  39.293058    13.8009     8.5573      0.188    32.7147    24.4624 -9.990e-29
 257.488200      0.192  39.293950    13.8011     8.5627      0.190    32.7154    24.4629 -9.990e-29
 257.488206      0.185  39.295420    13.8022     8.5523      0.183    32.7158    24.4630 -9.990e-29
 257.488212      0.177  39.296095    13.8035     8.5585      0.176    32.7153    24.4624 -9.990e-29
 257.488218      0.172  39.296347    13.8045     8.5644      0.171    32.7147    24.4617 -9.990e-29
 257.488223      0.170  39.297103    13.8050     8.5658      0.169    32.7150    24.4618 -9.990e-29
 257.488229      0.170  39.298281    13.8051     8.5755      0.169    32.7160    24.4626 -9.990e-29
 257.488235      0.173  39.299243    13.8047     8.5609      0.172    32.7172    24.4636 -9.990e-29
 257.488241      0.178  39.299619    13.8040     8.5498      0.177    32.7182    24.4645 -9.990e-29
 257.488247      0.187  39.299562    13.8039     8.5591      0.185    32.7182    24.4645 -9.990e-29
 257.488252      0.194  39.299558    13.8052     8.5675      0.192    32.7171    24.4634 -9.990e-29
 257.488258      0.198  39.300290    13.8074     8.5691      0.196    32.7159    24.4620 -9.990e-29
 257.488264      0.201  39.301515    13.8088     8.5560      0.199    32.7158    24.4617 -9.990e-29
 257.488270      0.208  39.301587    13.8088     8.5415      0.206    32.7159    24.4617 -9.990e-29
 257.488275      0.221  39.301064    13.8083     8.5456      0.219    32.7158    24.4618 -9.990e-29
 257.488281      0.239  39.301952    13.8084     8.5634      0.237    32.7166    24.4623 -9.990e-29
 257.488287      0.259  39.303655    13.8092     8.5712      0.257    32.7174    24.4629 -9.990e-29
 257.488293      0.275  39.304981    13.8103     8.5781      0.273    32.7177    24.4629 -9.990e-29
 257.488299      0.284  39.305917    13.8113     8.5741      0.282    32.7177    24.4627 -9.990e-29
 257.488304      0.289  39.306492    13.8119     8.5759      0.287    32.7178    24.4626 -9.990e-29
 257.488310      0.299  39.306252    13.8121     8.5777      0.297    32.7174    24.4622 -9.990e-29
 257.488316      0.316  39.304781    13.8119     8.5741      0.313    32.7162    24.4613 -9.990e-29
 257.488322      0.332  39.302821    13.8118     8.5725      0.329    32.7144    24.4600 -9.990e-29
 257.488328      0.344  39.301580    13.8118     8.5696      0.341    32.7133    24.4591 -9.990e-29
 257.488333      0.352  39.300426    13.8122     8.5760      0.349    32.7119    24.4579 -9.990e-29
 257.488339      0.357  39.299403    13.8132     8.5943      0.354    32.7100    24.4563 -9.990e-29
 257.488345      0.360  39.300971    13.8144     8.5979      0.357    32.7105    24.4564 -9.990e-29
 257.488351      0.359  39.304320    13.8149     8.5775      0.356    32.7132    24.4584 -9.990e-29
 257.488356      0.361  39.305971    13.8144     8.5683      0.358    32.7151    24.4600 -9.990e-29
 257.488362      0.369  39.304662    13.8132     8.5796      0.366    32.7149    24.4601 -9.990e-29
 257.488368      0.378  39.299672    13.8124     8.5908      0.375    32.7110    24.4572 -9.990e-29
 257.488374      0.387  39.296017    13.8128     8.6077      0.384    32.7072    24.4542 -9.990e-29
 257.488380      0.395  39.299374    13.8135     8.6129      0.392    32.7098    24.4560 -9.990e-29
 257.488385      0.402  39.302911    13.8119     8.5927      0.399    32.7144    24.4600 -9.990e-29
 257.488391      0.410  39.298354    13.8056     8.5859      0.407    32.7155    24.4621 -9.990e-29
 257.488397      0.418  39.280090    13.7961     8.5861      0.415    32.7067    24.4572 -9.990e-29
 257.488403      0.427  39.258978    13.7896     8.5879      0.423    32.6926    24.4477 -9.990e-29
 257.488409      0.433  39.260012    13.7907     8.5889      0.429    32.6927    24.4475 -9.990e-29
 257.488414      0.434  39.278302    13.7977     8.5942      0.430    32.7037    24.4546 -9.990e-29
 257.488420      0.432  39.291617    13.8037     8.5860      0.428    32.7109    24.4589 -9.990e-29
 257.488426      0.432  39.295755    13.8036     8.5851      0.428    32.7148    24.4620 -9.990e-29
 257.488432      0.434  39.292211    13.7995     8.5977      0.430    32.7150    24.4630 -9.990e-29
 257.488437      0.434  39.284571    13.7976     8.5935      0.430    32.7096    24.4591 -9.990e-29
 257.488443      0.427  39.284968    13.8007     8.5952      0.423    32.7073    24.4568 -9.990e-29
 257.488449      0.418  39.292711    13.8048     8.5930      0.415    32.7110    24.4588 -9.990e-29
 257.488455      0.410  39.298408    13.8049     8.5781      0.407    32.7162    24.4628 -9.990e-29
 257.488461      0.407  39.299468    13.7999     8.5835      0.404    32.7214    24.4678 -9.990e-29
 257.488466      0.413  39.293845    13.7938     8.5909      0.410    32.7214    24.4691 -9.990e-29
 257.488472      0.424  39.287393    13.7924     8.5879      0.420    32.7166    24.4657 -9.990e-29
 257.488478      0.436  39.288223    13.7954     8.5972      0.432    32.7148    24.4637 -9.990e-29
 257.488484      0.451  39.292298    13.7979     8.5900      0.447    32.7165    24.4644 -9.990e-29
 257.488490      0.469  39.293743    13.7975     8.5834      0.465    32.7181    24.4658 -9.990e-29
 257.488495      0.491  39.292704    13.7953     8.5971      0.487    32.7191    24.4669 -9.990e-29
 257.488501      0.519  39.291061    13.7929     8.6044      0.515    32.7196    24.4678 -9.990e-29
 257.488507      0.554  39.290447    13.7914     8.6134      0.549    32.7203    24.4687 -9.990e-29
 257.488513      0.596  39.290505    13.7912     8.6130      0.591    32.7205    24.4689 -9.990e-29
 257.488519      0.641  39.290654    13.7919     8.6120      0.636    32.7200    24.4684 -9.990e-29
 257.488524      0.692  39.290992    13.7919     8.6255      0.686    32.7203    24.4686 -9.990e-29
 257.488530      0.754  39.290187    13.7893     8.6348      0.748    32.7217    24.4703 -9.990e-29
 257.488536      0.830  39.287068    13.7834     8.6533      0.823    32.7238    24.4731 -9.990e-29
 257.488542      0.920  39.281302    13.7742     8.6852      0.912    32.7263    24.4769 -9.990e-29
 257.488547      1.026  39.272388    13.7625     8.6990      1.017    32.7280    24.4806 -9.990e-29
 257.488553      1.150  39.261794    13.7510     8.7158      1.140    32.7279    24.4829 -9.990e-29
 257.488559      1.287  39.244261    13.7380     8.6981      1.276    32.7227    24.4815 0.0000e+00
 257.488565      1.434  39.218729    13.7184     8.6711      1.422    32.7156    24.4800 0.0000e+00
 257.488571      1.591  39.199255    13.6956     8.6570      1.578    32.7169    24.4857 0.0000e+00
 257.488576      1.759  39.187236    13.6770     8.6405      1.744    32.7216    24.4930 0.0000e+00
 257.488582      1.941  39.176633    13.6631     8.6430      1.925    32.7235    24.4974 0.0000e+00
 257.488588      2.135  39.167216    13.6513     8.6330      2.117    32.7248    24.5007 0.0000e+00
 257.488594      2.337  39.157536    13.6411     8.6322      2.317    32.7244    24.5025 0.0000e+00
 257.488600      2.546  39.148597    13.6329     8.6075      2.525    32.7230    24.5031 0.0000e+00
 257.488605      2.763  39.142393    13.6257     8.5543      2.740    32.7233    24.5048 0.0000e+00
 257.488611      2.985  39.137276    13.6176     8.4958      2.960    32.7254    24.5081 0.0000e+00
 257.488617      3.213  39.130245    13.6075     8.4159      3.186    32.7274    24.5117 0.0000e+00
 257.488623      3.448  39.120232    13.5950     8.3386      3.419    32.7287    24.5152 0.0000e+00
 257.488628      3.688  39.106675    13.5794     8.2486      3.657    32.7293    24.5188 0.0000e+00
 257.488634      3.932  39.089333    13.5543     8.1604      3.899    32.7345    24.5279 0.0000e+00
 257.488640      4.178  39.062357    13.5078     8.0794      4.143    32.7491    24.5486 0.0000e+00
 257.488646      4.428  39.013220    13.4378     7.9789      4.391    32.7632    24.5736 0.0000e+00
 257.488652      4.686  38.941319    13.3600     7.8661      4.647    32.7626    24.5887 0.0000e+00
 257.488657      4.946  38.864459    13.2900     7.7029      4.905    32.7506    24.5935 0.0000e+00
 257.488663      5.204  38.800548    13.2277     7.5340      5.161    32.7441    24.6009 0.0000e+00
 257.488669      5.464  38.750571    13.1669     7.3367      5.418    32.7494    24.6170 0.0000e+00
 257.488675      5.729  38.702706    13.1052     7.1752      5.681    32.7575    24.6355 0.0000e+00
