data/oxygen options/ONMS/Olympic_Coast_National_Marine_Sanctuary_CTD_Data_2005_2023/raw_data/2010/CAST_CA065_060610faedb.cnv
* Sea-Bird SBE19 Data File:
* FileName = C:\Documents and Settings\OCNMS\Desktop\2010 mooring data\CAST_CA065_060610.hex
* Software Version 1.24
* Temperature SN = 2997
* Conductivity SN = 2997
* System UpLoad Time = Jun 06 2010 20:08:00
** CAST_CA065_060610
* SEACAT PROFILER V3.1c SN 2997   06/06/10  20:07:28.808
# nquan = 9
# nvalues = 66                          
# units = specified
# name 0 = timeJ: Julian Days
# name 1 = prSM: Pressure, Strain Gauge [db]
# name 2 = c0mS/cm: Conductivity [mS/cm]
# name 3 = t090C: Temperature [ITS-90, deg C]
# name 4 = sbeox0ML/L: Oxygen, SBE 43 [ml/l]
# name 5 = depSM: Depth [salt water, m], lat = 47.5
# name 6 = sal00: Salinity, Practical [PSU]
# name 7 = sigma-é00: Density [sigma-theta, kg/m^3]
# name 8 = flag: flag
# span 0 = 157.546014, 157.547248       
# span 1 =      1.000,     66.000       
# span 2 =  32.312543,  35.699113       
# span 3 =     8.1381,    13.3531       
# span 4 =     4.2959,     6.8102       
# span 5 =      0.992,     65.438       
# span 6 =    26.6403,    33.0368       
# span 7 =    19.8613,    25.7129       
# span 8 = 0.0000e+00, 0.0000e+00       
# interval = decibars: 1                
# start_time = Jun 06 2010 13:03:36 [Instrument's time stamp, header]
# bad_flag = -9.990e-29
*END*
 157.546014      1.000  32.312543    13.3531     6.7912      0.992    26.6403    19.8613 0.0000e+00
 157.546041      2.000  32.359185    13.3347     6.7771      1.983    26.6954    19.9073 0.0000e+00
 157.546061      3.000  32.702544    13.2311     6.8102      2.975    27.0824    20.2254 0.0000e+00
 157.546080      4.000  33.316913    12.7774     6.7272      3.966    27.9802    21.0033 0.0000e+00
 157.546100      5.000  34.117988    12.1263     6.7146      4.958    29.2253    22.0859 0.0000e+00
 157.546119      6.000  34.535808    11.9470     6.7454      5.950    29.7643    22.5361 0.0000e+00
 157.546139      7.000  35.086179    11.8557     6.6891      6.941    30.3648    23.0181 0.0000e+00
 157.546158      8.000  35.338203    11.7856     6.5162      7.933    30.6641    23.2630 0.0000e+00
 157.546176      9.000  35.517576    11.6880     6.2711      8.925    30.9176    23.4773 0.0000e+00
 157.546194     10.000  35.518924    11.5350     6.1884      9.916    31.0465    23.6048 0.0000e+00
 157.546213     11.000  35.537758    11.3900     6.1997     10.908    31.1863    23.7392 0.0000e+00
 157.546232     12.000  35.536850    11.3488     6.1845     11.899    31.2197    23.7725 0.0000e+00
 157.546251     13.000  35.537069    11.3336     6.2315     12.891    31.2324    23.7851 0.0000e+00
 157.546268     14.000  35.554145    11.3319     6.2919     13.883    31.2501    23.7990 0.0000e+00
 157.546286     15.000  35.606931    11.3398     6.3340     14.874    31.2945    23.8323 0.0000e+00
 157.546302     16.000  35.667714    11.3465     6.3266     15.866    31.3478    23.8725 0.0000e+00
 157.546320     17.000  35.684365    11.3389     6.3070     16.858    31.3701    23.8911 0.0000e+00
 157.546337     18.000  35.696098    11.3215     6.2361     17.849    31.3959    23.9143 0.0000e+00
 157.546354     19.000  35.699113    11.2882     6.1912     18.840    31.4268    23.9443 0.0000e+00
 157.546370     20.000  35.681503    11.2289     6.1859     19.832    31.4597    23.9803 0.0000e+00
 157.546385     21.000  35.661789    11.1852     6.1486     20.824    31.4773    24.0017 0.0000e+00
 157.546401     22.000  35.650503    11.1543     6.0754     21.816    31.4922    24.0188 0.0000e+00
 157.546417     23.000  35.638002    11.0962     5.9819     22.807    31.5294    24.0578 0.0000e+00
 157.546433     24.000  35.600085    10.9707     5.9812     23.798    31.5994    24.1342 0.0000e+00
 157.546451     25.000  35.554376    10.8574     5.9595     24.790    31.6514    24.1944 0.0000e+00
 157.546476     26.000  35.542199    10.8194     5.9022     25.781    31.6719    24.2169 0.0000e+00
 157.546500     27.000  35.482514    10.6727     5.9367     26.773    31.7394    24.2947 0.0000e+00
 157.546522     28.000  35.461346    10.5700     6.0718     27.765    31.8073    24.3651 0.0000e+00
 157.546544     29.000  35.577246    10.6415     6.0721     28.756    31.8599    24.3939 0.0000e+00
 157.546564     30.000  35.642537    10.6449     5.9839     29.747    31.9215    24.4413 0.0000e+00
 157.546586     31.000  35.565313    10.5465     5.9300     30.739    31.9302    24.4649 0.0000e+00
 157.546609     32.000  35.498375    10.4347     5.8747     31.730    31.9611    24.5079 0.0000e+00
 157.546631     33.000  35.452297    10.3697     5.7709     32.722    31.9716    24.5271 0.0000e+00
 157.546652     34.000  35.381386    10.2742     5.7249     33.713    31.9840    24.5529 0.0000e+00
 157.546671     35.000  35.321437    10.1779     5.7250     34.705    32.0083    24.5879 0.0000e+00
 157.546694     36.000  35.278436    10.1185     5.6990     35.697    32.0170    24.6047 0.0000e+00
 157.546719     37.000  35.229693     9.9971     5.6870     36.688    32.0749    24.6699 0.0000e+00
 157.546739     38.000  35.180473     9.9197     5.6567     37.679    32.0934    24.6970 0.0000e+00
 157.546756     39.000  35.166586     9.8978     5.6388     38.670    32.0984    24.7045 0.0000e+00
 157.546774     40.000  35.160477     9.8920     5.6432     39.663    32.0970    24.7044 0.0000e+00
 157.546791     41.000  35.151042     9.8731     5.6397     40.654    32.1038    24.7128 0.0000e+00
 157.546810     42.000  35.141988     9.8476     5.6141     41.645    32.1169    24.7272 0.0000e+00
 157.546830     43.000  35.082941     9.7344     5.5665     42.637    32.1573    24.7773 0.0000e+00
 157.546849     44.000  34.996805     9.5781     5.5218     43.628    32.2090    24.8428 0.0000e+00
 157.546866     45.000  34.946747     9.4540     5.4852     44.619    32.2689    24.9095 0.0000e+00
 157.546883     46.000  34.919118     9.3976     5.4879     45.611    32.2909    24.9357 0.0000e+00
 157.546901     47.000  34.895163     9.3607     5.4417     46.603    32.2992    24.9481 0.0000e+00
 157.546921     48.000  34.887996     9.3269     5.3263     47.594    32.3219    24.9712 0.0000e+00
 157.546938     49.000  34.847018     9.2219     5.2351     48.585    32.3743    25.0288 0.0000e+00
 157.546955     50.000  34.794359     9.1263     5.1610     49.577    32.4063    25.0688 0.0000e+00
 157.546974     51.000  34.744962     9.0126     5.1130     50.568    32.4581    25.1271 0.0000e+00
 157.546993     52.000  34.691891     8.8865     5.0933     51.560    32.5179    25.1934 0.0000e+00
 157.547010     53.000  34.642463     8.7611     5.0799     52.551    32.5810    25.2620 0.0000e+00
 157.547027     54.000  34.608652     8.6966     5.0665     53.542    32.6045    25.2903 0.0000e+00
 157.547047     55.000  34.604995     8.6881     5.0544     54.534    32.6080    25.2943 0.0000e+00
 157.547071     56.000  34.604374     8.6728     4.9791     55.525    32.6211    25.3070 0.0000e+00
 157.547090     57.000  34.586686     8.6063     4.8760     56.517    32.6634    25.3502 0.0000e+00
 157.547105     58.000  34.573399     8.5363     4.7911     57.508    32.7138    25.4002 0.0000e+00
 157.547120     59.000  34.566680     8.4726     4.7994     58.499    32.7654    25.4503 0.0000e+00
 157.547136     60.000  34.567956     8.4506     4.7479     59.491    32.7868    25.4703 0.0000e+00
 157.547157     61.000  34.573588     8.4578     4.5681     60.482    32.7855    25.4683 0.0000e+00
 157.547174     62.000  34.563246     8.3547     4.4481     61.473    32.8703    25.5502 0.0000e+00
 157.547189     63.000  34.558711     8.2884     4.3531     62.465    32.9270    25.6046 0.0000e+00
 157.547204     64.000  34.548661     8.2201     4.2959     63.456    32.9799    25.6563 0.0000e+00
 157.547221     65.000  34.530021     8.1381     4.3176     64.447    33.0368    25.7129 0.0000e+00
 157.547248     66.000  34.533117     8.1437     4.3928     65.438    33.0344    25.7103 0.0000e+00
