data/oxygen options/ONMS/Olympic_Coast_National_Marine_Sanctuary_CTD_Data_2005_2023/raw_data/2010/CAST_CA015_060610faed.cnv
* Sea-Bird SBE19 Data File:
* FileName = C:\Documents and Settings\OCNMS\Desktop\2010 mooring data\CAST_CA015_060610.hex
* Software Version 1.24
* Temperature SN = 2997
* Conductivity SN = 2997
* System UpLoad Time = Jun 06 2010 20:09:50
** CAST_CA015_060610
* SEACAT PROFILER V3.1c SN 2997   06/06/10  20:09:24.136
# nquan = 9                                 
# nvalues = 562                         
# units = specified
# name 0 = timeJ: Julian Days
# name 1 = prSM: Pressure, Strain Gauge [db]
# name 2 = c0mS/cm: Conductivity [mS/cm]
# name 3 = t090C: Temperature [ITS-90, deg C]
# name 4 = sbeox0ML/L: Oxygen, SBE 43 [ml/l]
# name 5 = depSM: Depth [salt water, m], lat = 47.5
# name 6 = sal00: Salinity, Practical [PSU]
# name 7 = sigma-é00: Density [sigma-theta, kg/m^3]
# name 8 = flag: flag
# span 0 = 157.727072, 157.730318       
# span 1 =     -5.684,     13.801       
# span 2 =  -0.000336,  34.321065       
# span 3 =    12.0107,    15.2847       
# span 4 =   -11.5764,    13.3191       
# span 5 =     -5.637,     13.685       
# span 6 =     0.0000,    29.4805       
# span 7 =    -0.9425,    22.3048       
# span 8 = 0.0000e+00, 0.0000e+00       
# interval = seconds: 0.5
# start_time = Jun 06 2010 17:26:59 [Instrument's time stamp, header]
# bad_flag = -9.990e-29
*END*
[from data line 481]
 157.729855      2.616  33.699798    13.2865     6.7723      2.594    27.9570    20.8899 0.0000e+00
 157.729861      2.394  33.702321    13.2866     6.7500      2.374    27.9593    20.8917 0.0000e+00
 157.729867      2.182  33.701230    13.2862     6.7617      2.164    27.9587    20.8913 0.0000e+00
 157.729873      1.981  33.699000    13.2862     6.7506      1.964    27.9567    20.8898 0.0000e+00
 157.729878      1.787  33.699574    13.2866     6.7479      1.772    27.9570    20.8899 0.0000e+00
 157.729884      1.591  33.702604    13.2879     6.7432      1.578    27.9589    20.8911 0.0000e+00
 157.729890      1.397  33.706159    13.2915     6.6930      1.385    27.9596    20.8910 0.0000e+00
 157.729896      1.211  33.708820    13.2996     6.6022      1.201    27.9561    20.8868 0.0000e+00
 157.729902      1.030  33.709844    13.3178     6.5298      1.021    27.9438    20.8738 0.0000e+00
 157.729907      0.855  33.715638    13.3437     6.4929      0.848    27.9302    20.8584 0.0000e+00
 157.729913      0.691  33.732808    13.3662     7.4691      0.685    27.9296    20.8536 0.0000e+00
 157.729919      0.542  33.756805    13.3856     7.2608      0.537    27.9374    20.8559 0.0000e+00
 157.729925      0.405  33.778183    13.4060     7.2158      0.402    27.9421    20.8557 -9.990e-29
 157.729931      0.287  33.789043    13.4238     7.2325      0.285    27.9391    20.8499 -9.990e-29
 157.729936      0.191  33.782023    13.4363     7.3694      0.189    27.9236    20.8355 -9.990e-29
 157.729942      0.116  33.746086    13.4436     7.3938      0.115    27.8854    20.8047 -9.990e-29
 157.729948      0.057  33.656283    13.4430    -8.4768      0.057    27.8037    20.7417 -9.990e-29
 157.729954      0.010  33.423688    13.4330   -11.5764      0.010    27.5982    20.5851 -9.990e-29
 157.729959     -0.027  32.761700    13.4190   -11.5564     -0.027    27.0039    20.1293 -9.990e-29
 157.729965     -0.057  30.805032    13.4065    -8.3615     -0.057    25.2358    18.7682 -9.990e-29
 157.729971     -0.081  24.953753    13.3936    -1.9994     -0.080    20.0228    14.7550 -9.990e-29
 157.729977     -0.102  16.534512    13.3768    -1.9952     -0.101    12.7832     9.1885 -9.990e-29
 157.729983     -0.121  11.222704    13.3583    -1.9967     -0.120     8.4061     5.8244 -9.990e-29
 157.729988     -0.135   8.719922    13.3427    -1.9990     -0.134     6.4078     4.2882 -9.990e-29
 157.729994     -0.139   5.985440    13.3299    -1.9999     -0.138     4.2818     2.6513 -9.990e-29
 157.730000     -0.139   3.319173    13.3158    -2.0023     -0.138     2.2862     1.1119 -9.990e-29
 157.730006     -0.140   1.760472    13.2988    -2.0048     -0.139     1.1708     0.2505 -9.990e-29
 157.730012     -0.140   1.363065    13.2824    -2.0080     -0.139     0.8954     0.0391 -9.990e-29
 157.730017     -0.141   1.480055    13.2707    -2.0104     -0.140     0.9765     0.1035 -9.990e-29
 157.730023     -0.141   1.646917    13.2620    -2.0129     -0.140     1.0926     0.1948 -9.990e-29
 157.730029     -0.142   1.764506    13.2519    -2.0140     -0.141     1.1751     0.2601 -9.990e-29
 157.730035     -0.143   1.928590    13.2395    -2.0151     -0.142     1.2907     0.3514 -9.990e-29
 157.730041     -0.144   2.098303    13.2269    -2.0095     -0.143     1.4111     0.4464 -9.990e-29
 157.730046     -0.145   2.140410    13.2156    -2.0107     -0.144     1.4414     0.4714 -9.990e-29
 157.730052     -0.147   2.059465    13.2042    -2.0147     -0.146     1.3844     0.4287 -9.990e-29
 157.730058     -0.149   1.927316    13.1913    -2.0170     -0.148     1.2914     0.3583 -9.990e-29
 157.730064     -0.151   1.749742    13.1778    -2.0194     -0.150     1.1670     0.2636 -9.990e-29
 157.730069     -0.155   1.532955    13.1656    -2.0217     -0.154     1.0159     0.1480 -9.990e-29
 157.730075     -0.160   1.301855    13.1549    -2.0231     -0.159     0.8562     0.0254 -9.990e-29
 157.730081     -0.165   1.084950    13.1461    -2.0240     -0.164     0.7077    -0.0888 -9.990e-29
 157.730087     -0.169   0.915205    13.1394    -2.0245     -0.168     0.5927    -0.1773 -9.990e-29
 157.730093     -0.165   0.827990    13.1312    -2.0230     -0.164     0.5341    -0.2218 -9.990e-29
 157.730098     -0.160   0.879430    13.1184    -2.0162     -0.159     0.5689    -0.1931 -9.990e-29
 157.730104     -0.155   1.017227    13.1037    -2.0200     -0.154     0.6624    -0.1185 -9.990e-29
 157.730110     -0.151   1.030910    13.0895    -2.0211     -0.150     0.6719    -0.1093 -9.990e-29
 157.730116     -0.149   0.869989    13.0734    -2.0214     -0.148     0.5632    -0.1917 -9.990e-29
 157.730122     -0.147   0.661994    13.0539    -2.0189     -0.146     0.4241    -0.2974 -9.990e-29
 157.730127     -0.145   0.478301    13.0332    -2.0132     -0.144     0.3032    -0.3889 -9.990e-29
 157.730133     -0.144   0.347797    13.0148    -2.0173     -0.143     0.2186    -0.4525 -9.990e-29
 157.730139     -0.143   0.288789    13.0001    -2.0187     -0.142     0.1808    -0.4800 -9.990e-29
 157.730145     -0.142   0.297967    12.9896    -2.0191     -0.141     0.1867    -0.4741 -9.990e-29
 157.730150     -0.141   0.396988    12.9850    -2.0187     -0.140     0.2506    -0.4238 -9.990e-29
 157.730156     -0.141   0.628655    12.9878    -2.0196     -0.140     0.4027    -0.3056 -9.990e-29
 157.730162     -0.140   0.847310    12.9961    -2.0099     -0.139     0.5490    -0.1928 -9.990e-29
 157.730168     -0.140   0.853891    13.0065    -2.0129     -0.139     0.5533    -0.1908 -9.990e-29
 157.730174     -0.140   0.756999    13.0179    -2.0107     -0.139     0.4880    -0.2431 -9.990e-29
 157.730179     -0.140   0.752330    13.0300    -2.0119     -0.139     0.4847    -0.2472 -9.990e-29
 157.730185     -0.139   0.879667    13.0417    -2.0137     -0.138     0.5701    -0.1822 -9.990e-29
 157.730191     -0.139   0.978911    13.0528    -2.0145     -0.138     0.6372    -0.1315 -9.990e-29
 157.730197     -0.139   0.890202    13.0651    -2.0143     -0.138     0.5769    -0.1800 -9.990e-29
 157.730203     -0.139   0.726470    13.0809    -2.0137     -0.138     0.4668    -0.2677 -9.990e-29
 157.730208     -0.139   0.619799    13.0997    -2.0128     -0.138     0.3957    -0.3254 -9.990e-29
 157.730214     -0.139   0.575964    13.1188    -2.0120     -0.138     0.3666    -0.3506 -9.990e-29
 157.730220     -0.139   0.675633    13.1353    -2.0111     -0.138     0.4323    -0.3015 -9.990e-29
 157.730226     -0.139   0.872590    13.1465    -2.0109     -0.138     0.5639    -0.2007 -9.990e-29
 157.730231     -0.139   0.961010    13.1536    -2.0096     -0.138     0.6234    -0.1553 -9.990e-29
 157.730237     -0.139   0.945747    13.1603    -2.0085     -0.138     0.6130    -0.1643 -9.990e-29
 157.730243     -0.139   0.867453    13.1696    -2.0077     -0.138     0.5601    -0.2066 -9.990e-29
 157.730249     -0.139   0.732617    13.1837    -2.0075     -0.138     0.4696    -0.2788 -9.990e-29
 157.730255     -0.139   0.614253    13.2026    -2.0075     -0.138     0.3910    -0.3424 -9.990e-29
 157.730260     -0.139   0.535810    13.2249    -2.0074     -0.138     0.3392    -0.3856 -9.990e-29
 157.730266     -0.139   0.485815    13.2496 -9.990e-29     -0.138     0.3064    -0.4143 -9.990e-29
 157.730272     -0.139   0.448600    13.2769 -9.990e-29     -0.138     0.2821    -0.4369 -9.990e-29
 157.730278     -0.139   0.410572    13.3065 -9.990e-29     -0.138     0.2573    -0.4600 -9.990e-29
 157.730284     -0.139   0.353723    13.3348 -9.990e-29     -0.138     0.2207    -0.4923 -9.990e-29
 157.730289     -0.139   0.284276    13.3580 -9.990e-29     -0.138     0.1764    -0.5298 -9.990e-29
 157.730295     -0.139   0.238759    13.3740 -9.990e-29     -0.138     0.1477    -0.5542 -9.990e-29
 157.730301     -0.139   0.222983    13.3826 -9.990e-29     -0.138     0.1378    -0.5631 -9.990e-29
 157.730307     -0.139   0.219238    13.3863 -9.990e-29     -0.138     0.1355    -0.5654 -9.990e-29
 157.730313     -0.139   0.219206    13.3874 -9.990e-29     -0.138     0.1355    -0.5656 -9.990e-29
 157.730318     -0.139   0.218413 -9.990e-29 -9.990e-29     -0.138 -9.990e-29 -9.990e-29 -9.990e-29
