data/oxygen options/ONMS/Olympic_Coast_National_Marine_Sanctuary_CTD_Data_2005_2023/raw_data/2010/CAST_CA015_081610faed.cnv
* Sea-Bird SBE19 Data File:
* FileName = C:\Documents and Settings\OCNMS\Desktop\2010 mooring data\second service\CAST_CA015_081610.hex
* Software Version 1.24
* Temperature SN = 2997
* Conductivity SN = 2997
* System UpLoad Time = Aug 16 2010 19:16:23
** CAST_CA015_081610
* SEACAT PROFILER V3.1c SN 2997   08/16/10  19:15:45.955
# nquan = 9                                 
# nvalues = 13830                       
# units = specified
# name 0 = timeJ: Julian Days
# name 1 = prSM: Pressure, Strain Gauge [db]
# name 2 = c0mS/cm: Conductivity [mS/cm]
# name 3 = t090C: Temperature [ITS-90, deg C]
# name 4 = sbeox0ML/L: Oxygen, SBE 43 [ml/l]
# name 5 = depSM: Depth [salt water, m], lat = 47.5
# name 6 = sal00: Salinity, Practical [PSU]
# name 7 = sigma-é00: Density [sigma-theta, kg/m^3]
# name 8 = flag: flag
# span 0 = 228.719144, 228.799172       
# span 1 =     -5.773,     14.514       
# span 2 =   0.035876,  39.795391       
# span 3 =    10.9328,    14.8794       
# span 4 =   -11.1109,    14.1042       
# span 5 =     -5.725,     14.392       
# span 6 =     0.0248,    34.7805       
# span 7 =    -0.8547,    26.4138       
# span 8 = 0.0000e+00, 0.0000e+00       
# interval = seconds: 0.5
# start_time = Aug 16 2010 17:15:34 [Instrument's time stamp, header]
# bad_flag = -9.990e-29
*END*
[from data line 1441]
 228.727483      0.243   0.190617    13.6120    -1.9965      0.241     0.1171    -0.6098 -9.990e-29
 228.727488      0.253   0.190234    13.6056    -1.9961      0.251     0.1169    -0.6091 -9.990e-29
 228.727494      0.263   0.189675    13.6019    -1.9959      0.261     0.1165    -0.6088 -9.990e-29
 228.727500      0.273   0.189302    13.6012    -1.9958      0.271     0.1163    -0.6089 -9.990e-29
 228.727506      0.283   0.189174    13.6030    -1.9957      0.281     0.1162    -0.6092 -9.990e-29
 228.727512      0.294   0.189118    13.6078    -1.9955      0.292     0.1162    -0.6099 -9.990e-29
 228.727517      0.303   0.189062    13.6154    -1.9954      0.300     0.1161    -0.6110 -9.990e-29
 228.727523      0.305   0.188933    13.6254    -1.9953      0.302     0.1160    -0.6124 -9.990e-29
 228.727529      0.302   0.188560    13.6368    -1.9950      0.299     0.1158    -0.6141 -9.990e-29
 228.727535      0.296   0.188001    13.6475    -1.9950      0.294     0.1154    -0.6159 -9.990e-29
 228.727541      0.292   0.187618    13.6560    -1.9948      0.290     0.1151    -0.6172 -9.990e-29
 228.727546      0.286   0.187458    13.6618    -1.9945      0.284     0.1150    -0.6181 -9.990e-29
 228.727552      0.277   0.187306    13.6659    -1.9939      0.275     0.1149    -0.6187 -9.990e-29
 228.727558      0.273   0.186962    13.6692    -1.9933      0.271     0.1147    -0.6193 -9.990e-29
 228.727564      0.274   0.186521    13.6721    -1.9927      0.272     0.1144    -0.6200 -9.990e-29
 228.727569      0.275   0.186505    13.6753    -1.9922      0.273     0.1144    -0.6204 -9.990e-29
 228.727575      0.281   0.186894    13.6793    -1.9919      0.279     0.1146    -0.6208 -9.990e-29
 228.727581      0.292   0.187098    13.6834    -1.9917      0.290     0.1147    -0.6212 -9.990e-29
 228.727587      0.306   0.186837    13.6879    -1.9914      0.303     0.1146    -0.6220 -9.990e-29
 228.727593      0.321   0.186318    13.6934    -1.9913      0.318     0.1142    -0.6230 -9.990e-29
 228.727598      0.336   0.185960    13.7013    -1.9910      0.333     0.1140    -0.6242 -9.990e-29
 228.727604      0.347   0.185840    13.7122    -1.9906      0.344     0.1139    -0.6258 -9.990e-29
 228.727610      0.354   0.185798    13.7249    -1.9901      0.351     0.1138    -0.6276 -9.990e-29
 228.727616      0.359   0.185779    13.7374    -1.9897      0.356     0.1138    -0.6293 -9.990e-29
 228.727622      0.361   0.185760    13.7482    -1.9895      0.358     0.1138    -0.6308 -9.990e-29
 228.727627      0.361   0.185717    13.7563    -1.9888      0.358     0.1137    -0.6319 -9.990e-29
 228.727633      0.358   0.185592    13.7624    -1.9876      0.355     0.1136    -0.6328 -9.990e-29
 228.727639      0.352   0.185221    13.7678    -1.9868      0.349     0.1134    -0.6338 -9.990e-29
 228.727645      0.347   0.184665    13.7735    -1.9859      0.344     0.1130    -0.6348 -9.990e-29
 228.727650      0.348   0.184291    13.7805    -1.9840      0.345     0.1128    -0.6360 -9.990e-29
 228.727656      0.350   0.184153    13.7890    -1.9835      0.347     0.1127    -0.6372 -9.990e-29
 228.727662      0.348   0.184070    13.7988    -1.9837      0.345     0.1126    -0.6386 -9.990e-29
 228.727668      0.348   0.183932    13.8092    -1.9841      0.345     0.1125    -0.6401 -9.990e-29
 228.727674      0.353   0.183557    13.8211    -1.9845      0.350     0.1122    -0.6419 -9.990e-29
 228.727679      0.359   0.183000    13.8375    -1.9846      0.356     0.1118    -0.6445 -9.990e-29
 228.727685      0.362   0.182626    13.8582    -1.9847      0.359     0.1116    -0.6476 -9.990e-29
 228.727691      0.364   0.182493    13.8801    -1.9847      0.361     0.1114    -0.6507 -9.990e-29
 228.727697      0.362   0.182423    13.9041    -1.9847      0.359     0.1113    -0.6541 -9.990e-29
 228.727703      0.359   0.182325    13.9279    -1.9847      0.356     0.1112    -0.6574 -9.990e-29
 228.727708      0.352   0.182069    13.9419    -1.9849      0.349     0.1110    -0.6595 -9.990e-29
 228.727714      0.343   0.181868    13.9436    -1.9850      0.340     0.1109    -0.6599 -9.990e-29
 228.727720      0.334   0.182010    13.9394    -1.9852      0.331     0.1110    -0.6592 -9.990e-29
 228.727726      0.334   0.182132    13.9346    -1.9853      0.331     0.1111    -0.6585 -9.990e-29
 228.727731      0.343   0.181843    13.9311    -1.9854      0.340     0.1109    -0.6581 -9.990e-29
 228.727737      0.352   0.181314    13.9289    -1.9857      0.349     0.1106    -0.6581 -9.990e-29
 228.727743      0.359   0.180949    13.9276    -1.9858      0.356     0.1104    -0.6581 -9.990e-29
 228.727749      0.362   0.180816    13.9269    -1.9862      0.359     0.1103    -0.6580 -9.990e-29
 228.727755      0.363   0.180739    13.9256    -1.9866      0.360     0.1102    -0.6579 -9.990e-29
 228.727760      0.362   0.180614    13.9232    -1.9870      0.359     0.1102    -0.6576 -9.990e-29
 228.727766      0.359   0.180279    13.9199    -1.9872      0.356     0.1100    -0.6573 -9.990e-29
 228.727772      0.352   0.179842    13.9162    -1.9871      0.349     0.1097    -0.6570 -9.990e-29
 228.727778      0.343   0.179827    13.9125    -1.9870      0.340     0.1097    -0.6565 -9.990e-29
 228.727784      0.330   0.180216    13.9086    -1.9862      0.327     0.1100    -0.6557 -9.990e-29
 228.727789      0.317   0.180421    13.9043    -1.9857      0.314     0.1101    -0.6550 -9.990e-29
 228.727795      0.307   0.180160    13.8986    -1.9858      0.304     0.1100    -0.6544 -9.990e-29
 228.727801      0.296   0.179642    13.8908    -1.9867      0.294     0.1097    -0.6535 -9.990e-29
 228.727807      0.282   0.179284    13.8825    -1.9870      0.280     0.1095    -0.6525 -9.990e-29
 228.727813      0.273   0.179164    13.8762    -1.9872      0.271     0.1094    -0.6517 -9.990e-29
 228.727818      0.274   0.179123    13.8735    -1.9874      0.272     0.1094    -0.6514 -9.990e-29
 228.727824      0.279   0.179108    13.8746    -1.9878      0.277     0.1094    -0.6515 -9.990e-29
 228.727830      0.285   0.179103    13.8802    -1.9880      0.283     0.1094    -0.6523 -9.990e-29
 228.727836      0.293   0.179099    13.8889    -1.9880      0.291     0.1093    -0.6535 -9.990e-29
 228.727841      0.298   0.179093    13.8946    -1.9880      0.296     0.1093    -0.6543 -9.990e-29
 228.727847      0.296   0.179078    13.8920    -1.9884      0.294     0.1093    -0.6540 -9.990e-29
 228.727853      0.288   0.179036    13.8832    -1.9883      0.286     0.1093    -0.6528 -9.990e-29
 228.727859      0.277   0.178912    13.8746    -1.9878      0.275     0.1093    -0.6516 -9.990e-29
 228.727865      0.272   0.178542    13.8684    -1.9872      0.270     0.1090    -0.6509 -9.990e-29
 228.727870      0.275   0.177987    13.8630    -1.9867      0.273     0.1087    -0.6504 -9.990e-29
 228.727876      0.282   0.177617    13.8573    -1.9858      0.280     0.1085    -0.6498 -9.990e-29
 228.727882      0.287   0.177493    13.8526    -1.9850      0.285     0.1084    -0.6492 -9.990e-29
 228.727888      0.289   0.177451    13.8498    -1.9848      0.287     0.1084    -0.6488 -9.990e-29
 228.727894      0.292   0.177435    13.8476    -1.9847      0.290     0.1084    -0.6485 -9.990e-29
 228.727899      0.297   0.177425    13.8464    -1.9847      0.295     0.1084    -0.6484 -9.990e-29
 228.727905      0.304   0.177409    13.8495    -1.9847      0.301     0.1084    -0.6488 -9.990e-29
 228.727911      0.309   0.177366    13.8583    -1.9847      0.306     0.1084    -0.6501 -9.990e-29
 228.727917      0.313   0.177242    13.8705    -1.9849      0.310     0.1082    -0.6518 -9.990e-29
 228.727922      0.320   0.176872    13.8845    -1.9852      0.317     0.1080    -0.6540 -9.990e-29
 228.727928      0.325   0.176318    13.8999    -1.9858      0.322     0.1076    -0.6564 -9.990e-29
 228.727934      0.331   0.175948    13.9136    -1.9864      0.328     0.1074    -0.6585 -9.990e-29
 228.727940      0.340   0.175824    13.9221    -1.9870      0.337     0.1073    -0.6597 -9.990e-29
 228.727946      0.350   0.175782    13.9262    -1.9875      0.347     0.1072    -0.6603 -9.990e-29
 228.727951      0.357   0.175767    13.9277    -1.9878      0.354     0.1072    -0.6605 -9.990e-29
 228.727957      0.361   0.175760    13.9277    -1.9879      0.358     0.1072    -0.6605 -9.990e-29
 228.727963      0.363   0.175755    13.9259    -1.9879      0.360     0.1072    -0.6603 -9.990e-29
 228.727969      0.362   0.175744    13.9211    -1.9877      0.359     0.1072    -0.6596 -9.990e-29
 228.727975      0.359   0.175716    13.9127    -1.9876      0.356     0.1072    -0.6584 -9.990e-29
 228.727980      0.353   0.175632    13.9015    -1.9874      0.350     0.1072    -0.6569 -9.990e-29
 228.727986      0.344   0.175384    13.8889    -1.9876      0.341     0.1071    -0.6553 -9.990e-29
 228.727992      0.335   0.175194    13.8766    -1.9876      0.332     0.1070    -0.6536 -9.990e-29
 228.727998      0.332   0.175364    13.8662    -1.9876      0.329     0.1071    -0.6521 -9.990e-29
 228.728003      0.328   0.175569    13.8589    -1.9877      0.325     0.1073    -0.6510 -9.990e-29
 228.728009      0.324   0.175527    13.8557    -1.9877      0.321     0.1072    -0.6506 -9.990e-29
 228.728015      0.328   0.175184    13.8559    -1.9876      0.325     0.1070    -0.6508 -9.990e-29
 228.728021      0.340   0.174638    13.8578    -1.9876      0.337     0.1067    -0.6513 -9.990e-29
 228.728027      0.352   0.174271    13.8603    -1.9875      0.349     0.1065    -0.6518 -9.990e-29
 228.728032      0.361   0.174147    13.8619    -1.9877      0.358     0.1064    -0.6521 -9.990e-29
 228.728038      0.368   0.174104    13.8617    -1.9883      0.365     0.1064    -0.6521 -9.990e-29
 228.728044      0.373   0.174085    13.8607    -1.9890      0.370     0.1063    -0.6520 -9.990e-29
 228.728050      0.377   0.174066    13.8598    -1.9892      0.374     0.1063    -0.6518 -9.990e-29
 228.728056      0.379   0.174023    13.8592    -1.9893      0.376     0.1063    -0.6518 -9.990e-29
 228.728061      0.379   0.173900    13.8595    -1.9893      0.376     0.1062    -0.6519 -9.990e-29
 228.728067      0.378   0.173533    13.8603    -1.9893      0.375     0.1060    -0.6522 -9.990e-29
 228.728073      0.376   0.172987    13.8606    -1.9892      0.373     0.1057    -0.6525 -9.990e-29
 228.728079      0.372   0.172644    13.8587    -1.9892      0.369     0.1055    -0.6524 -9.990e-29
 228.728084      0.366   0.172602    13.8529    -1.9890      0.363     0.1055    -0.6516 -9.990e-29
 228.728090      0.363   0.172807    13.8434    -1.9890      0.360     0.1056    -0.6502 -9.990e-29
 228.728096      0.365   0.172976    13.8335    -1.9886      0.362     0.1057    -0.6487 -9.990e-29
 228.728102      0.370   0.172784    13.8265    -1.9887      0.367     0.1056    -0.6478 -9.990e-29
 228.728108      0.373   0.172531    13.8231    -1.9889      0.370     0.1055    -0.6475 -9.990e-29
 228.728113      0.375   0.172434    13.8221    -1.9889      0.372     0.1054    -0.6474 -9.990e-29
 228.728119      0.374   0.172365    13.8227    -1.9888      0.371     0.1054    -0.6475 -9.990e-29
 228.728125      0.372   0.172232    13.8241    -1.9887      0.369     0.1053    -0.6477 -9.990e-29
 228.728131      0.368   0.171858    13.8257    -1.9885      0.365     0.1051    -0.6481 -9.990e-29
 228.728137      0.362   0.171302    13.8276    -1.9882      0.359     0.1047    -0.6487 -9.990e-29
 228.728142      0.354   0.170931    13.8300    -1.9879      0.351     0.1045    -0.6492 -9.990e-29
 228.728148      0.343   0.170804    13.8324    -1.9876      0.340     0.1044    -0.6496 -9.990e-29
 228.728154      0.332   0.170753    13.8330    -1.9873      0.329     0.1044    -0.6497 -9.990e-29
 228.728160      0.326   0.170711    13.8321    -1.9871      0.323     0.1044    -0.6496 -9.990e-29
 228.728166      0.324   0.170623    13.8319    -1.9870      0.321     0.1043    -0.6496 -9.990e-29
 228.728171      0.325   0.170372    13.8334    -1.9871      0.322     0.1042    -0.6499 -9.990e-29
 228.728177      0.330   0.170179    13.8366    -1.9872      0.327     0.1040    -0.6505 -9.990e-29
 228.728183      0.340   0.170343    13.8412    -1.9876      0.337     0.1041    -0.6510 -9.990e-29
 228.728189      0.349   0.170529    13.8472    -1.9880      0.346     0.1042    -0.6518 -9.990e-29
 228.728194      0.355   0.170433    13.8540    -1.9882      0.352     0.1041    -0.6528 -9.990e-29
 228.728200      0.359   0.170111    13.8605    -1.9886      0.356     0.1039    -0.6538 -9.990e-29
 228.728206      0.360   0.169689    13.8659    -1.9891      0.357     0.1037    -0.6548 -9.990e-29
 228.728212      0.358   0.169343    13.8697    -1.9892      0.355     0.1034    -0.6555 -9.990e-29
 228.728218      0.358   0.169167    13.8718    -1.9891      0.355     0.1033    -0.6558 -9.990e-29
 228.728223      0.364   0.169108    13.8712    -1.9889      0.361     0.1033    -0.6558 -9.990e-29
 228.728229      0.372   0.169088    13.8673    -1.9887      0.369     0.1033    -0.6552 -9.990e-29
 228.728235      0.378   0.169082    13.8606    -1.9886      0.375     0.1033    -0.6543 -9.990e-29
 228.728241      0.383   0.169080    13.8530    -1.9889      0.380     0.1033    -0.6533 -9.990e-29
 228.728247      0.387   0.169078    13.8457    -1.9900      0.384     0.1033    -0.6522 -9.990e-29
 228.728252      0.390   0.169073    13.8380    -1.9903      0.387     0.1034    -0.6512 -9.990e-29
 228.728258      0.392   0.169060    13.8313    -1.9902      0.389     0.1034    -0.6502 -9.990e-29
 228.728264      0.393   0.169019    13.8283    -1.9901      0.390     0.1033    -0.6498 -9.990e-29
 228.728270      0.395   0.168896    13.8290    -1.9903      0.392     0.1033    -0.6500 -9.990e-29
 228.728275      0.396   0.168527    13.8313    -1.9905      0.393     0.1030    -0.6505 -9.990e-29
 228.728281      0.396   0.167974    13.8331    -1.9907      0.393     0.1027    -0.6510 -9.990e-29
 228.728287      0.396   0.167605    13.8318    -1.9912      0.393     0.1025    -0.6510 -9.990e-29
 228.728293      0.396   0.167482    13.8245    -1.9916      0.393     0.1024    -0.6500 -9.990e-29
 228.728299      0.396   0.167441    13.8134    -1.9924      0.393     0.1024    -0.6485 -9.990e-29
 228.728304      0.396   0.167427    13.8053    -1.9932      0.393     0.1024    -0.6474 -9.990e-29
 228.728310      0.395   0.167422    13.8020    -1.9936      0.392     0.1024    -0.6470 -9.990e-29
 228.728316      0.394   0.167420    13.8002    -1.9935      0.391     0.1024    -0.6467 -9.990e-29
 228.728322      0.393   0.167415    13.7971    -1.9936      0.390     0.1024    -0.6463 -9.990e-29
 228.728328      0.391   0.167402    13.7921    -1.9934      0.388     0.1024    -0.6456 -9.990e-29
 228.728333      0.389   0.167361    13.7853    -1.9933      0.386     0.1024    -0.6447 -9.990e-29
 228.728339      0.386   0.167238    13.7764    -1.9932      0.383     0.1024    -0.6435 -9.990e-29
 228.728345      0.382   0.166869    13.7649    -1.9935      0.379     0.1022    -0.6421 -9.990e-29
 228.728351      0.377   0.166315    13.7509    -1.9934      0.374     0.1019    -0.6404 -9.990e-29
 228.728356      0.371   0.165945    13.7372    -1.9935      0.368     0.1017    -0.6387 -9.990e-29
 228.728362      0.363   0.165821    13.7281    -1.9933      0.360     0.1016    -0.6375 -9.990e-29
 228.728368      0.352   0.165777    13.7242    -1.9930      0.349     0.1016    -0.6370 -9.990e-29
 228.728374      0.342   0.165751    13.7239    -1.9931      0.339     0.1016    -0.6370 -9.990e-29
 228.728380      0.342   0.165710    13.7256    -1.9924      0.339     0.1016    -0.6372 -9.990e-29
 228.728385      0.351   0.165599    13.7275    -1.9916      0.348     0.1015    -0.6375 -9.990e-29
 228.728391      0.361   0.165270    13.7278    -1.9912      0.358     0.1013    -0.6377 -9.990e-29
 228.728397      0.369   0.164838    13.7268    -1.9909      0.366     0.1010    -0.6378 -9.990e-29
