data/oxygen options/ONMS/Olympic_Coast_National_Marine_Sanctuary_CTD_Data_2005_2023/raw_data/2010/CAST_MB015_091310faed.cnv
* Sea-Bird SBE19 Data File:
* FileName = C:\Documents and Settings\OCNMS\Desktop\2010 mooring data\third service\CAST_MB015_091310.hex
* Software Version 1.24
* Temperature SN = 2997
* Conductivity SN = 2997
* System UpLoad Time = Sep 13 2010 16:14:24
** CAST_MB015_091310
* SEACAT PROFILER V3.1c SN 2997   09/13/10  16:12:54.880
# nquan = 9                                 
# nvalues = 826                         
# units = specified
# name 0 = timeJ: Julian Days
# name 1 = prSM: Pressure, Strain Gauge [db]
# name 2 = c0mS/cm: Conductivity [mS/cm]
# name 3 = t090C: Temperature [ITS-90, deg C]
# name 4 = sbeox0ML/L: Oxygen, SBE 43 [ml/l]
# name 5 = depSM: Depth [salt water, m], lat = 47.5
# name 6 = sal00: Salinity, Practical [PSU]
# name 7 = sigma-é00: Density [sigma-theta, kg/m^3]
# name 8 = flag: flag
# span 0 = 256.606991, 256.611765       
# span 1 =     -4.841,     17.290       
# span 2 =  -0.000731,  37.227698       
# span 3 =    10.8057,    15.8685       
# span 4 =   -11.1412,    11.7867       
# span 5 =     -4.801,     17.145       
# span 6 =     0.0000,    32.5254       
# span 7 =    -0.6409,    24.8831       
# span 8 = 0.0000e+00, 0.0000e+00       
# interval = seconds: 0.5
# start_time = Sep 13 2010 14:34:04 [Instrument's time stamp, header]
# bad_flag = -9.990e-29
*END*
[from data line 801]
 256.611626      0.670   0.002685    13.1088    -2.0179      0.664     0.0074    -0.6292 -9.990e-29
 256.611632      0.670   0.002685    13.1055    -2.0180      0.664     0.0074    -0.6288 -9.990e-29
 256.611638      0.670   0.002685    13.1128    -2.0181      0.664     0.0074    -0.6298 -9.990e-29
 256.611644      0.670   0.002685    13.1303    -2.0186      0.664     0.0074    -0.6320 -9.990e-29
 256.611649      0.670   0.002685    13.1546    -2.0183      0.664     0.0074    -0.6351 -9.990e-29
 256.611655      0.670   0.002685    13.1785    -2.0178      0.664     0.0074    -0.6382 -9.990e-29
 256.611661      0.670   0.002685    13.1946    -2.0181      0.664     0.0075    -0.6402 -9.990e-29
 256.611667      0.670   0.002685    13.1999    -2.0182      0.664     0.0075    -0.6409 -9.990e-29
 256.611672      0.670   0.002685    13.1977    -2.0183      0.664     0.0075    -0.6406 -9.990e-29
 256.611678      0.670   0.002685    13.1931    -2.0182      0.664     0.0075    -0.6401 -9.990e-29
 256.611684      0.670   0.002685    13.1890    -2.0179      0.664     0.0075    -0.6395 -9.990e-29
 256.611690      0.670   0.002685    13.1852    -2.0176      0.664     0.0074    -0.6390 -9.990e-29
 256.611696      0.670   0.002685    13.1828    -2.0177      0.664     0.0074    -0.6387 -9.990e-29
 256.611701      0.670   0.002685    13.1844    -2.0178      0.664     0.0074    -0.6389 -9.990e-29
 256.611707      0.670   0.002685    13.1873    -2.0184      0.664     0.0075    -0.6393 -9.990e-29
 256.611713      0.670   0.002685    13.1873 -9.990e-29      0.664     0.0075    -0.6393 -9.990e-29
 256.611719      0.670   0.002685    13.1858 -9.990e-29      0.664     0.0074    -0.6391 -9.990e-29
 256.611725      0.670   0.002685    13.1854 -9.990e-29      0.664     0.0074    -0.6391 -9.990e-29
 256.611730      0.670   0.002685    13.1874 -9.990e-29      0.664     0.0075    -0.6393 -9.990e-29
 256.611736      0.670   0.002685    13.1911 -9.990e-29      0.664     0.0075    -0.6398 -9.990e-29
 256.611742      0.670   0.002685    13.1943 -9.990e-29      0.664     0.0075    -0.6402 -9.990e-29
 256.611748      0.670   0.002685    13.1945 -9.990e-29      0.664     0.0075    -0.6402 -9.990e-29
 256.611753      0.670   0.002685    13.1919 -9.990e-29      0.664     0.0075    -0.6399 -9.990e-29
 256.611759      0.670   0.002685    13.1900 -9.990e-29      0.664     0.0075    -0.6397 -9.990e-29
 256.611765      0.670   0.002685 -9.990e-29 -9.990e-29      0.664 -9.990e-29 -9.990e-29 -9.990e-29
