data/oxygen options/ONMS/Olympic_Coast_National_Marine_Sanctuary_CTD_Data_2005_2023/raw_data/2010/CAST_CA042_100210faedb.cnv
* Sea-Bird SBE19 Data File:
* FileName = C:\Documents and Settings\OCNMS\Desktop\2010 mooring data\third service\CAST_CA042_100210.hex
* Software Version 1.24
* Temperature SN = 2997
* Conductivity SN = 2997
* System UpLoad Time = Oct 02 2010 16:56:29
** CAST_CA042_100210
* SEACAT PROFILER V3.1c SN 2997   10/02/10  16:54:53.261
# nquan = 9
# nvalues = 42                          
# units = specified
# name 0 = timeJ: Julian Days
# name 1 = prSM: Pressure, Strain Gauge [db]
# name 2 = c0mS/cm: Conductivity [mS/cm]
# name 3 = t090C: Temperature [ITS-90, deg C]
# name 4 = sbeox0ML/L: Oxygen, SBE 43 [ml/l]
# name 5 = depSM: Depth [salt water, m], lat = 47.5
# name 6 = sal00: Salinity, Practical [PSU]
# name 7 = sigma-é00: Density [sigma-theta, kg/m^3]
# name 8 = flag: flag
# span 0 = 275.495962, 275.496427       
# span 1 =      1.000,     42.000       
# span 2 =  35.002034,  37.780965       
# span 3 =     8.4867,    14.2894       
# span 4 =     3.1061,     6.5231       
# span 5 =      0.991,     41.645       
# span 6 =    30.9210,    33.2222       
# span 7 =    22.9780,    25.8044       
# span 8 = 0.0000e+00, 0.0000e+00       
# interval = decibars: 1                
# start_time = Oct 02 2010 11:52:46 [Instrument's time stamp, header]
# bad_flag = -9.990e-29
*END*
 275.495962      1.000  37.780965    14.2894     6.5231      0.991    30.9210    22.9780 0.0000e+00
 275.495976      2.000  37.697084    14.1778     6.4058      1.983    30.9335    23.0106 0.0000e+00
 275.495989      3.000  37.661712    14.1270     6.2863      2.975    30.9415    23.0272 0.0000e+00
 275.496000      4.000  37.647034    14.1027     5.9082      3.966    30.9472    23.0366 0.0000e+00
 275.496013      5.000  37.641558    14.0687     5.6099      4.958    30.9692    23.0604 0.0000e+00
 275.496025      6.000  37.564975    13.9159     5.5739      5.950    31.0216    23.1319 0.0000e+00
 275.496037      7.000  37.407448    13.6980     5.6473      6.941    31.0524    23.1995 0.0000e+00
 275.496049      8.000  37.326432    13.5674     5.7322      7.933    31.0831    23.2494 0.0000e+00
 275.496061      9.000  37.334538    13.5315     5.8194      8.925    31.1195    23.2846 0.0000e+00
 275.496072     10.000  37.373065    13.5351     5.8897      9.916    31.1519    23.3090 0.0000e+00
 275.496083     11.000  37.420332    13.5511     5.9098     10.908    31.1822    23.3293 0.0000e+00
 275.496094     12.000  37.464215    13.5667     5.9123     11.900    31.2098    23.3475 0.0000e+00
 275.496105     13.000  37.497771    13.5776     5.9128     12.891    31.2316    23.3621 0.0000e+00
 275.496116     14.000  37.515834    13.5809     5.8853     13.882    31.2452    23.3720 0.0000e+00
 275.496127     15.000  37.524723    13.5776     5.7636     14.874    31.2557    23.3809 0.0000e+00
 275.496138     16.000  37.529067    13.5622     5.5611     15.866    31.2721    23.3966 0.0000e+00
 275.496149     17.000  37.518161    13.5109     5.4170     16.858    31.3035    23.4310 0.0000e+00
 275.496160     18.000  37.472340    13.3964     5.3372     17.849    31.3546    23.4933 0.0000e+00
 275.496171     19.000  37.379041    13.2491     5.2474     18.840    31.3884    23.5485 0.0000e+00
 275.496183     20.000  37.312590    13.1390     5.0947     19.832    31.4169    23.5921 0.0000e+00
 275.496195     21.000  37.264829    13.0106     4.9047     20.824    31.4781    23.6645 0.0000e+00
 275.496206     22.000  37.164758    12.8511     4.7176     21.815    31.5162    23.7248 0.0000e+00
 275.496217     23.000  37.033050    12.6527     4.5539     22.806    31.5571    23.7945 0.0000e+00
 275.496229     24.000  36.863970    12.3152     4.3719     23.799    31.6797    23.9533 0.0000e+00
 275.496240     25.000  36.708606    11.9072     4.1802     24.790    31.8771    24.1822 0.0000e+00
 275.496251     26.000  36.577225    11.4858     4.0297     25.781    32.1125    24.4418 0.0000e+00
 275.496262     27.000  36.413481    10.9998     3.8768     26.773    32.3758    24.7333 0.0000e+00
 275.496272     28.000  36.171814    10.5009     3.7345     27.765    32.5778    24.9773 0.0000e+00
 275.496283     29.000  35.955235    10.0603     3.5695     28.756    32.7560    25.1907 0.0000e+00
 275.496293     30.000  35.736804     9.6364     3.4668     29.748    32.9195    25.3881 0.0000e+00
 275.496302     31.000  35.512211     9.2262     3.4267     30.739    33.0657    25.5686 0.0000e+00
 275.496312     32.000  35.319164     8.9578     3.4018     31.731    33.1143    25.6488 0.0000e+00
 275.496321     33.000  35.251509     8.8771     3.3668     32.722    33.1185    25.6647 0.0000e+00
 275.496330     34.000  35.224808     8.8403     3.3325     33.713    33.1246    25.6752 0.0000e+00
 275.496340     35.000  35.215467     8.8186     3.3004     34.705    33.1346    25.6864 0.0000e+00
 275.496350     36.000  35.196556     8.7818     3.2506     35.696    33.1488    25.7032 0.0000e+00
 275.496361     37.000  35.168459     8.7280     3.2066     36.688    33.1693    25.7276 0.0000e+00
 275.496372     38.000  35.129154     8.6555     3.1865     37.679    33.1956    25.7593 0.0000e+00
 275.496382     39.000  35.075845     8.5815     3.1547     38.671    33.2086    25.7810 0.0000e+00
 275.496395     40.000  35.037282     8.5318     3.1365     39.662    33.2143    25.7929 0.0000e+00
 275.496409     41.000  35.013636     8.4965     3.1296     40.654    33.2222    25.8044 0.0000e+00
 275.496427     42.000  35.002034     8.4867     3.1061     41.645    33.2186    25.8032 0.0000e+00
