data/oxygen options/ONMS/Olympic_Coast_National_Marine_Sanctuary_CTD_Data_2005_2023/raw_data/2010/CAST_CA042_081810faed.cnv
* Sea-Bird SBE19 Data File:
* FileName = C:\Documents and Settings\OCNMS\Desktop\2010 mooring data\second service\CAST_CA042_081810.hex
* Software Version 1.24
* Temperature SN = 2997
* Conductivity SN = 2997
* System UpLoad Time = Aug 18 2010 18:05:26
** CAST_CA042_081810
* SEACAT PROFILER V3.1c SN 2997   08/18/10  18:03:47.109
# nquan = 9                                 
# nvalues = 682                         
# units = specified
# name 0 = timeJ: Julian Days
# name 1 = prSM: Pressure, Strain Gauge [db]
# name 2 = c0mS/cm: Conductivity [mS/cm]
# name 3 = t090C: Temperature [ITS-90, deg C]
# name 4 = sbeox0ML/L: Oxygen, SBE 43 [ml/l]
# name 5 = depSM: Depth [salt water, m], lat = 47.5
# name 6 = sal00: Salinity, Practical [PSU]
# name 7 = sigma-é00: Density [sigma-theta, kg/m^3]
# name 8 = flag: flag
# span 0 = 230.566042, 230.569983       
# span 1 =     -5.235,     43.168       
# span 2 =   0.097110,  38.527457       
# span 3 =     7.2208,    15.1139       
# span 4 =    -1.9394,    14.3102       
# span 5 =     -5.191,     42.803       
# span 6 =     0.0588,    33.5416       
# span 7 =    -0.8627,    26.2398       
# span 8 = 0.0000e+00, 0.0000e+00       
# interval = seconds: 0.5
# start_time = Aug 18 2010 13:35:06 [Instrument's time stamp, header]
# bad_flag = -9.990e-29
*END*
[from data line 161]
 230.566973     -0.839  38.155425    13.0015     7.2862     -0.832    32.3329    24.3271 -9.990e-29
 230.566979     -0.840  38.146668    13.0014     7.2603     -0.833    32.3247    24.3208 -9.990e-29
 230.566985     -0.834  38.132212    13.0001     7.2382     -0.827    32.3122    24.3114 -9.990e-29
 230.566991     -0.821  38.119675    12.9984     7.2179     -0.814    32.3018    24.3037 -9.990e-29
 230.566997     -0.801  38.111949    12.9973     7.2059     -0.794    32.2955    24.2990 -9.990e-29
 230.567002     -0.775  38.108254    12.9969     7.1980     -0.769    32.2923    24.2966 -9.990e-29
 230.567008     -0.751  38.107018    12.9968     7.1792     -0.745    32.2912    24.2958 -9.990e-29
 230.567014     -0.732  38.106589    12.9970     7.1730     -0.726    32.2906    24.2953 -9.990e-29
 230.567020     -0.716  38.106950    12.9977     7.1741     -0.710    32.2904    24.2950 -9.990e-29
 230.567025     -0.702  38.108016    12.9988     7.1813     -0.696    32.2904    24.2948 -9.990e-29
 230.567031     -0.690  38.108963    12.9999     7.1890     -0.684    32.2904    24.2945 -9.990e-29
 230.567037     -0.679  38.108807    13.0004     7.1865     -0.673    32.2898    24.2940 -9.990e-29
 230.567043     -0.667  38.107337    13.0002     7.1827     -0.661    32.2886    24.2931 -9.990e-29
 230.567049     -0.656  38.106509    13.0003     7.1862     -0.651    32.2877    24.2924 -9.990e-29
 230.567054     -0.642  38.107456    13.0005     7.1823     -0.637    32.2884    24.2929 -9.990e-29
 230.567060     -0.627  38.108635    13.0002     7.1850     -0.622    32.2898    24.2940 -9.990e-29
 230.567066     -0.608  38.108811    13.0000     7.1819     -0.603    32.2901    24.2943 -9.990e-29
 230.567072     -0.585  38.108215    13.0004     7.2021     -0.580    32.2892    24.2935 -9.990e-29
 230.567078     -0.560  38.107727    13.0006     7.2058     -0.555    32.2886    24.2930 -9.990e-29
 230.567083     -0.540  38.107813    12.9999     7.1910     -0.535    32.2892    24.2937 -9.990e-29
 230.567089     -0.529  38.108020    12.9989     7.1899     -0.525    32.2903    24.2947 -9.990e-29
 230.567095     -0.521  38.108062    12.9990     7.1624     -0.517    32.2902    24.2946 -9.990e-29
 230.567101     -0.512  38.107987    12.9995     7.1671     -0.508    32.2897    24.2941 -9.990e-29
 230.567106     -0.505  38.107691    12.9995     7.1406     -0.501    32.2894    24.2939 -9.990e-29
 230.567112     -0.500  38.106776    12.9985     7.1483     -0.496    32.2894    24.2941 -9.990e-29
 230.567118     -0.489  38.105138    12.9967     7.1574     -0.485    32.2894    24.2944 -9.990e-29
 230.567124     -0.469  38.103390    12.9951     7.1546     -0.465    32.2891    24.2945 -9.990e-29
 230.567130     -0.449  38.102557    12.9944     7.1637     -0.445    32.2889    24.2945 -9.990e-29
 230.567135     -0.431  38.102645    12.9940     7.1584     -0.427    32.2893    24.2949 -9.990e-29
 230.567141     -0.419  38.102085    12.9928     7.1658     -0.416    32.2898    24.2955 -9.990e-29
 230.567147     -0.417  38.100685    12.9918     7.1634     -0.414    32.2894    24.2953 -9.990e-29
 230.567153     -0.419  38.099934    12.9917     7.1561     -0.416    32.2887    24.2949 -9.990e-29
 230.567159     -0.422  38.100510    12.9919     7.1601     -0.418    32.2891    24.2951 -9.990e-29
 230.567164     -0.421  38.101493    12.9918     7.1662     -0.417    32.2901    24.2959 -9.990e-29
 230.567170     -0.413  38.101947    12.9916     7.1651     -0.410    32.2907    24.2964 -9.990e-29
 230.567176     -0.401  38.101914    12.9918     7.1527     -0.398    32.2905    24.2962 -9.990e-29
 230.567182     -0.388  38.101905    12.9920     7.1463     -0.385    32.2903    24.2961 -9.990e-29
 230.567187     -0.379  38.102462    12.9922     7.1517     -0.376    32.2907    24.2963 -9.990e-29
 230.567193     -0.376  38.103203    12.9925     7.1585     -0.373    32.2911    24.2966 -9.990e-29
 230.567199     -0.376  38.103429    12.9923     7.1509     -0.373    32.2915    24.2969 -9.990e-29
 230.567205     -0.373  38.102878    12.9916     7.1406     -0.370    32.2916    24.2971 -9.990e-29
 230.567211     -0.368  38.101930    12.9908     7.1364     -0.365    32.2914    24.2971 -9.990e-29
 230.567216     -0.361  38.100998    12.9902     7.1452     -0.358    32.2910    24.2969 -9.990e-29
 230.567222     -0.351  38.100516    12.9899     7.1531     -0.348    32.2908    24.2968 -9.990e-29
 230.567228     -0.337  38.100959    12.9899     7.1624     -0.334    32.2912    24.2971 -9.990e-29
 230.567234     -0.322  38.101231    12.9896     7.1750     -0.319    32.2917    24.2976 -9.990e-29
 230.567240     -0.311  38.100008    12.9881     7.1685     -0.308    32.2918    24.2980 -9.990e-29
 230.567245     -0.298  38.097893    12.9865     7.1466     -0.296    32.2912    24.2978 -9.990e-29
 230.567251     -0.283  38.097105    12.9862     7.1375     -0.281    32.2907    24.2975 -9.990e-29
 230.567257     -0.272  38.098271    12.9870     7.1464     -0.270    32.2911    24.2976 -9.990e-29
 230.567263     -0.270  38.099578    12.9879     7.1683     -0.268    32.2916    24.2978 -9.990e-29
 230.567269     -0.271  38.099962    12.9881     7.1659     -0.269    32.2918    24.2979 -9.990e-29
 230.567274     -0.268  38.099369    12.9871     7.1545     -0.266    32.2921    24.2984 -9.990e-29
 230.567280     -0.257  38.098125    12.9859     7.1268     -0.255    32.2919    24.2985 -9.990e-29
 230.567286     -0.240  38.097369    12.9855     7.1203     -0.238    32.2915    24.2983 -9.990e-29
 230.567292     -0.229  38.097771    12.9859     7.1329     -0.227    32.2916    24.2982 -9.990e-29
 230.567297     -0.233  38.098739    12.9869     7.1531     -0.231    32.2916    24.2981 -9.990e-29
 230.567303     -0.242  38.099877    12.9879     7.1637     -0.240    32.2919    24.2980 -9.990e-29
 230.567309     -0.245  38.101016    12.9881     7.1561     -0.243    32.2928    24.2987 -9.990e-29
 230.567315     -0.238  38.100870    12.9875     7.1369     -0.236    32.2931    24.2991 -9.990e-29
 230.567321     -0.225  38.099240    12.9869     7.1287     -0.223    32.2921    24.2984 -9.990e-29
 230.567326     -0.213  38.098432    12.9868     7.1359     -0.211    32.2914    24.2979 -9.990e-29
 230.567332     -0.205  38.099043    12.9869     7.1489     -0.203    32.2919    24.2983 -9.990e-29
 230.567338     -0.202  38.099641    12.9869     7.1497     -0.200    32.2925    24.2987 -9.990e-29
 230.567344     -0.198  38.099898    12.9868     7.1408     -0.196    32.2928    24.2990 -9.990e-29
 230.567350     -0.185  38.100151    12.9866     7.1290     -0.183    32.2932    24.2993 -9.990e-29
 230.567355     -0.163  38.100735    12.9864     7.1196     -0.162    32.2939    24.2999 -9.990e-29
 230.567361     -0.141  38.101301    12.9865     7.1345     -0.140    32.2944    24.3002 -9.990e-29
 230.567367     -0.133  38.101478    12.9872     7.1532     -0.132    32.2939    24.2998 -9.990e-29
 230.567373     -0.138  38.102059    12.9885     7.1597     -0.137    32.2934    24.2991 -9.990e-29
 230.567378     -0.142  38.103250    12.9897     7.1663     -0.141    32.2935    24.2989 -9.990e-29
 230.567384     -0.134  38.104394    12.9896     7.1539     -0.133    32.2946    24.2999 -9.990e-29
 230.567390     -0.113  38.104212    12.9886     7.1412     -0.112    32.2953    24.3006 -9.990e-29
 230.567396     -0.090  38.103017    12.9886     7.1386     -0.089    32.2942    24.2997 -9.990e-29
 230.567402     -0.076  38.103133    12.9902     7.1561     -0.075    32.2929    24.2984 -9.990e-29
 230.567407     -0.076  38.104710    12.9922     7.1698     -0.075    32.2927    24.2978 -9.990e-29
 230.567413     -0.084  38.106481    12.9935     7.1731     -0.083    32.2933    24.2980 -9.990e-29
 230.567419     -0.094  38.107443    12.9937     7.1758     -0.093    32.2940    24.2986 -9.990e-29
 230.567425     -0.096  38.107193    12.9932     7.1686     -0.095    32.2942    24.2988 -9.990e-29
 230.567431     -0.083  38.106515    12.9928     7.1723     -0.082    32.2939    24.2987 -9.990e-29
 230.567436     -0.054  38.106181    12.9927     7.1658     -0.054    32.2936    24.2985 -9.990e-29
 230.567442     -0.019  38.106301    12.9927     7.1739     -0.019    32.2937    24.2986 -9.990e-29
 230.567448      0.010  38.107029    12.9929     7.1877      0.010    32.2942    24.2989 -9.990e-29
 230.567454      0.032  38.108211    12.9934     7.1831      0.032    32.2949    24.2993 -9.990e-29
 230.567459      0.048  38.109363    12.9942     7.1881      0.048    32.2953    24.2995 -9.990e-29
 230.567465      0.058  38.110321    12.9954     7.1570      0.058    32.2952    24.2992 -9.990e-29
 230.567471      0.068  38.110807    12.9958     7.1541      0.067    32.2953    24.2992 -9.990e-29
 230.567477      0.083  38.110248    12.9951     7.1753      0.082    32.2954    24.2994 -9.990e-29
 230.567483      0.099  38.109106    12.9947     7.1813      0.098    32.2946    24.2989 -9.990e-29
 230.567488      0.113  38.109130    12.9956     7.1909      0.112    32.2939    24.2981 -9.990e-29
 230.567494      0.126  38.110259    12.9968     7.1856      0.125    32.2939    24.2979 -9.990e-29
 230.567500      0.142  38.111105    12.9974     7.1914      0.141    32.2942    24.2980 -9.990e-29
 230.567506      0.173  38.111585    12.9974     7.2005      0.172    32.2946    24.2983 -9.990e-29
 230.567512      0.218  38.111689    12.9973     7.1893      0.216    32.2948    24.2985 -9.990e-29
 230.567517      0.274  38.111463    12.9973     7.1781      0.272    32.2946    24.2983 -9.990e-29
 230.567523      0.334  38.111635    12.9975     7.1901      0.331    32.2945    24.2982 -9.990e-29
 230.567529      0.399  38.112343    12.9977     7.2021      0.396    32.2950    24.2986 -9.990e-29
 230.567535      0.477  38.112758    12.9971     7.2060      0.473    32.2959    24.2994 -9.990e-29
 230.567541      0.581  38.112219    12.9951     7.2047      0.576    32.2970    24.3007 -9.990e-29
 230.567546      0.722  38.110479    12.9916     7.2085      0.716    32.2983    24.3023 0.0000e+00
 230.567552      0.900  38.107366    12.9882     7.2117      0.892    32.2982    24.3029 0.0000e+00
 230.567558      1.110  38.104802    12.9867     7.2106      1.101    32.2970    24.3023 0.0000e+00
 230.567564      1.344  38.104879    12.9868     7.2062      1.333    32.2969    24.3022 0.0000e+00
 230.567569      1.590  38.105924    12.9867     7.2011      1.577    32.2979    24.3030 0.0000e+00
 230.567575      1.844  38.104753    12.9840     7.2037      1.829    32.2990    24.3043 0.0000e+00
 230.567581      2.109  38.098594    12.9757     7.2099      2.091    32.3001    24.3069 0.0000e+00
 230.567587      2.387  38.088106    12.9640     7.2171      2.367    32.3001    24.3091 0.0000e+00
 230.567593      2.676  38.079949    12.9556     7.2212      2.654    32.2994    24.3103 0.0000e+00
 230.567598      2.969  38.077159    12.9508     7.2276      2.944    32.3008    24.3123 0.0000e+00
 230.567604      3.262  38.073118    12.9443     7.2121      3.235    32.3024    24.3148 0.0000e+00
 230.567610      3.558  38.064027    12.9366     7.2080      3.528    32.3003    24.3147 0.0000e+00
 230.567616      3.852  38.054482    12.9320     7.1921      3.820    32.2950    24.3115 0.0000e+00
 230.567622      4.140  38.050154    12.9291     7.2167      4.105    32.2933    24.3108 0.0000e+00
 230.567627      4.416  38.049102    12.9211     7.2448      4.379    32.2990    24.3168 0.0000e+00
 230.567633      4.691  38.040301    12.9024     7.2515      4.652    32.3066    24.3263 0.0000e+00
 230.567639      4.974  38.020331    12.8754     7.2652      4.932    32.3106    24.3347 0.0000e+00
 230.567645      5.256  37.995536    12.8516     7.2320      5.212    32.3074    24.3368 0.0000e+00
 230.567650      5.525  37.975347    12.8424     7.2250      5.479    32.2961    24.3298 0.0000e+00
 230.567656      5.777  37.971413    12.8464     7.2107      5.729    32.2888    24.3234 0.0000e+00
 230.567662      6.020  37.980633    12.8479     7.1884      5.970    32.2962    24.3288 0.0000e+00
 230.567668      6.270  37.984384    12.8305     7.1549      6.218    32.3145    24.3464 0.0000e+00
 230.567674      6.536  37.964604    12.7888     7.1068      6.481    32.3313    24.3675 0.0000e+00
 230.567679      6.825  37.916127    12.7317     7.1254      6.768    32.3341    24.3808 0.0000e+00
 230.567685      7.128  37.852113    12.6732     7.1161      7.068    32.3234    24.3837 0.0000e+00
 230.567691      7.435  37.793580    12.6187     7.0504      7.373    32.3143    24.3872 0.0000e+00
 230.567697      7.747  37.753724    12.5596     6.9394      7.682    32.3270    24.4083 0.0000e+00
 230.567703      8.069  37.717405    12.4748     6.7821      8.002    32.3652    24.4541 0.0000e+00
 230.567708      8.394  37.649545    12.3572     6.6122      8.324    32.4016    24.5047 0.0000e+00
 230.567714      8.722  37.541938    12.2377     6.4795      8.649    32.4016    24.5273 0.0000e+00
 230.567720      9.048  37.431439    12.1414     6.3551      8.972    32.3786    24.5276 0.0000e+00
 230.567726      9.362  37.344309    12.0119     6.2696      9.284    32.4068    24.5737 0.0000e+00
 230.567731      9.668  37.232621    11.7604     6.2135      9.587    32.5178    24.7064 0.0000e+00
 230.567737      9.977  37.024126    11.4155     6.1629      9.893    32.6174    24.8466 0.0000e+00
 230.567743     10.290  36.760668    11.1106     6.1053     10.204    32.6280    24.9095 0.0000e+00
 230.567749     10.598  36.562607    10.9292     6.0404     10.509    32.5930    24.9143 0.0000e+00
 230.567755     10.891  36.468813    10.8599     5.9756     10.800    32.5614    24.9019 0.0000e+00
 230.567760     11.170  36.447084    10.8327     5.9192     11.076    32.5639    24.9086 0.0000e+00
 230.567766     11.449  36.438078    10.7690     5.8912     11.353    32.6115    24.9568 0.0000e+00
 230.567772     11.740  36.379832    10.6515     5.8487     11.642    32.6583    25.0136 0.0000e+00
 230.567778     12.045  36.283683    10.5300     5.8054     11.944    32.6709    25.0443 0.0000e+00
 230.567784     12.354  36.206782    10.4529     5.7566     12.251    32.6629    25.0513 0.0000e+00
 230.567789     12.657  36.168612    10.4229     5.7096     12.551    32.6514    25.0475 0.0000e+00
 230.567795     12.950  36.157946    10.4056     5.6586     12.842    32.6561    25.0541 0.0000e+00
 230.567801     13.240  36.150376    10.3696     5.6223     13.129    32.6807    25.0794 0.0000e+00
 230.567807     13.538  36.122276    10.3138     5.5905     13.425    32.7025    25.1059 0.0000e+00
 230.567813     13.844  36.079231    10.2561     5.5747     13.728    32.7110    25.1223 0.0000e+00
 230.567818     14.147  36.044427    10.2161     5.5468     14.028    32.7119    25.1297 0.0000e+00
 230.567824     14.439  36.030745    10.2031     5.5130     14.318    32.7097    25.1302 0.0000e+00
 230.567830     14.715  36.033287    10.2040     5.4544     14.592    32.7113    25.1313 0.0000e+00
 230.567836     14.980  36.039660    10.1953     5.3889     14.854    32.7255    25.1439 0.0000e+00
 230.567841     15.242  36.036424    10.1695     5.3406     15.114    32.7454    25.1638 0.0000e+00
 230.567847     15.506  36.024783    10.1361     5.2914     15.376    32.7637    25.1837 0.0000e+00
 230.567853     15.775  36.014340    10.1024     5.2468     15.643    32.7836    25.2048 0.0000e+00
 230.567859     16.058  36.006203    10.0625     5.2029     15.923    32.8114    25.2332 0.0000e+00
 230.567865     16.356  35.995593    10.0118     5.1184     16.219    32.8465    25.2691 0.0000e+00
 230.567870     16.657  35.979477     9.9641     5.0470     16.517    32.8734    25.2980 0.0000e+00
 230.567876     16.951  35.962603     9.9392     4.9775     16.809    32.8788    25.3064 0.0000e+00
 230.567882     17.234  35.957110     9.9297     4.9374     17.089    32.8818    25.3103 0.0000e+00
 230.567888     17.513  35.958936     9.8944     4.9058     17.366    32.9157    25.3426 0.0000e+00
