data/oxygen options/ONMS/Olympic_Coast_National_Marine_Sanctuary_CTD_Data_2005_2023/raw_data/2010/CAST_KL050_101810faed.cnv
* Sea-Bird SBE19 Data File:
* FileName = C:\Documents and Settings\OCNMS\Desktop\2010 mooring data\fourth service\CAST_KL050_101810.hex
* Software Version 1.24
* Temperature SN = 2997
* Conductivity SN = 2997
* System UpLoad Time = Oct 18 2010 10:56:44
** CAST_KL050_101810
* SEACAT PROFILER V3.1c SN 2997   10/18/10  10:55:06.147
# nquan = 9                                 
# nvalues = 935                         
# units = specified
# name 0 = timeJ: Julian Days
# name 1 = prSM: Pressure, Strain Gauge [db]
# name 2 = c0mS/cm: Conductivity [mS/cm]
# name 3 = t090C: Temperature [ITS-90, deg C]
# name 4 = sbeox0ML/L: Oxygen, SBE 43 [ml/l]
# name 5 = depSM: Depth [salt water, m], lat = 47.5
# name 6 = sal00: Salinity, Practical [PSU]
# name 7 = sigma-é00: Density [sigma-theta, kg/m^3]
# name 8 = flag: flag
# span 0 = 291.447882, 291.453287       
# span 1 =     -3.304,     52.642       
# span 2 =   3.241381,  37.770441       
# span 3 =     7.5019,    13.3652       
# span 4 =    -1.6560,    12.3606       
# span 5 =     -3.276,     52.196       
# span 6 =     2.2863,    33.4179       
# span 7 =     1.2377,    26.1020       
# span 8 = 0.0000e+00, 0.0000e+00       
# interval = seconds: 0.5
# start_time = Oct 18 2010 10:44:57 [Instrument's time stamp, header]
# bad_flag = -9.990e-29
*END*
[from data line 161]
 291.448814      0.232  37.423210    13.3616     6.1310      0.230    31.3442    23.4917 -9.990e-29
 291.448819      0.256  37.423244    13.3611     6.1284      0.254    31.3447    23.4921 -9.990e-29
 291.448825      0.284  37.423588    13.3610     6.1297      0.282    31.3451    23.4925 -9.990e-29
 291.448831      0.304  37.424056    13.3611     6.1359      0.301    31.3454    23.4927 -9.990e-29
 291.448837      0.310  37.424064    13.3615     6.1322      0.307    31.3451    23.4924 -9.990e-29
 291.448843      0.306  37.424098    13.3621     6.1395      0.303    31.3446    23.4919 -9.990e-29
 291.448848      0.300  37.424679    13.3626     6.1333      0.297    31.3448    23.4919 -9.990e-29
 291.448854      0.301  37.425379    13.3626     6.1370      0.298    31.3454    23.4924 -9.990e-29
 291.448860      0.312  37.425368    13.3623     6.1396      0.309    31.3456    23.4927 -9.990e-29
 291.448866      0.331  37.425107    13.3620     6.1383      0.328    31.3456    23.4927 -9.990e-29
 291.448872      0.349  37.425283    13.3620     6.1460      0.346    31.3458    23.4928 -9.990e-29
 291.448877      0.364  37.425484    13.3621     6.1507      0.361    31.3459    23.4929 -9.990e-29
 291.448883      0.377  37.425335    13.3619     6.1455      0.374    31.3459    23.4929 -9.990e-29
 291.448889      0.388  37.425112    13.3617     6.1367      0.385    31.3459    23.4929 -9.990e-29
 291.448895      0.399  37.425552    13.3619     6.1319      0.396    31.3461    23.4931 -9.990e-29
 291.448900      0.410  37.426597    13.3621     6.1246      0.407    31.3469    23.4937 -9.990e-29
 291.448906      0.421  37.427316    13.3622     6.1336      0.417    31.3475    23.4941 -9.990e-29
 291.448912      0.433  37.427463    13.3620     6.1249      0.429    31.3478    23.4944 -9.990e-29
 291.448918      0.448  37.427150    13.3617     6.1236      0.444    31.3477    23.4944 -9.990e-29
 291.448924      0.466  37.426993    13.3618     6.1248      0.462    31.3475    23.4942 -9.990e-29
 291.448929      0.483  37.427819    13.3625     6.1310      0.479    31.3477    23.4942 -9.990e-29
 291.448935      0.493  37.428967    13.3631     6.1435      0.489    31.3483    23.4945 -9.990e-29
 291.448941      0.497  37.429641    13.3633     6.1511      0.493    31.3487    23.4948 -9.990e-29
 291.448947      0.502  37.430095    13.3630     6.1509      0.498    31.3494    23.4954 -9.990e-29
 291.448953      0.513  37.430291    13.3622     6.1412      0.509    31.3502    23.4962 -9.990e-29
 291.448958      0.532  37.429846    13.3614     6.1421      0.528    31.3505    23.4966 -9.990e-29
 291.448964      0.554  37.429202    13.3612     6.1468      0.549    31.3500    23.4963 -9.990e-29
 291.448970      0.574  37.429093    13.3613     6.1430      0.569    31.3498    23.4961 -9.990e-29
 291.448976      0.587  37.429289    13.3613     6.1372      0.582    31.3500    23.4962 -9.990e-29
 291.448981      0.595  37.429406    13.3610     6.1321      0.590    31.3504    23.4966 -9.990e-29
 291.448987      0.598  37.429517    13.3603     6.1310      0.593    31.3510    23.4972 -9.990e-29
 291.448993      0.597  37.429685    13.3595     6.1286      0.592    31.3519    23.4980 -9.990e-29
 291.448999      0.591  37.430048    13.3591     6.1357      0.586    31.3525    23.4986 -9.990e-29
 291.449005      0.585  37.430446    13.3593     6.1369      0.580    31.3527    23.4987 -9.990e-29
 291.449010      0.582  37.430766    13.3602     6.1381      0.577    31.3523    23.4982 -9.990e-29
 291.449016      0.581  37.430791    13.3611     6.1454      0.576    31.3516    23.4975 -9.990e-29
 291.449022      0.588  37.431029    13.3615     6.1441      0.583    31.3515    23.4973 -9.990e-29
 291.449028      0.607  37.432271    13.3614     6.1444      0.602    31.3527    23.4983 -9.990e-29
 291.449034      0.635  37.433291    13.3614     6.1492      0.630    31.3536    23.4990 -9.990e-29
 291.449039      0.665  37.433682    13.3614     6.1419      0.659    31.3540    23.4993 -9.990e-29
 291.449045      0.690  37.434441    13.3614     6.1407      0.684    31.3547    23.4998 -9.990e-29
 291.449051      0.703  37.435374    13.3617     6.1454      0.697    31.3553    23.5003 -9.990e-29
 291.449057      0.706  37.435962    13.3620     6.1457      0.700    31.3556    23.5004 -9.990e-29
 291.449063      0.707  37.436344    13.3622     6.1421      0.701    31.3558    23.5005 -9.990e-29
 291.449068      0.710  37.436945    13.3624     6.1334      0.704    31.3562    23.5008 -9.990e-29
 291.449074      0.716  37.437921    13.3624     6.1234      0.710    31.3571    23.5015 -9.990e-29
 291.449080      0.725  37.438809    13.3622     6.1295      0.719    31.3581    23.5023 -9.990e-29
 291.449086      0.738  37.439028    13.3623     6.1345      0.732    31.3582    23.5024 -9.990e-29
 291.449091      0.754  37.438784    13.3626     6.1319      0.748    31.3577    23.5019 -9.990e-29
 291.449097      0.772  37.438788    13.3628     6.1318      0.766    31.3576    23.5018 -9.990e-29
 291.449103      0.783  37.438960    13.3628     6.1355      0.776    31.3577    23.5019 -9.990e-29
 291.449109      0.789  37.438325    13.3622     6.1384      0.782    31.3576    23.5019 -9.990e-29
 291.449115      0.798  37.437071    13.3615     6.1414      0.791    31.3570    23.5016 -9.990e-29
 291.449120      0.811  37.436804    13.3615     6.1405      0.804    31.3568    23.5014 -9.990e-29
 291.449126      0.821  37.437641    13.3616     6.1447      0.814    31.3575    23.5019 -9.990e-29
 291.449132      0.823  37.438373    13.3615     6.1448      0.816    31.3582    23.5025 -9.990e-29
 291.449138      0.821  37.438773    13.3614     6.1443      0.814    31.3587    23.5029 -9.990e-29
 291.449144      0.821  37.439289    13.3614     6.1491      0.814    31.3592    23.5033 -9.990e-29
 291.449149      0.821  37.439962    13.3615     6.1548      0.814    31.3597    23.5037 -9.990e-29
 291.449155      0.827  37.440487    13.3611     6.1563      0.820    31.3605    23.5044 -9.990e-29
 291.449161      0.843  37.440359    13.3595     6.1552      0.836    31.3617    23.5056 -9.990e-29
 291.449167      0.866  37.439323    13.3573     6.1512      0.859    31.3625    23.5067 -9.990e-29
 291.449172      0.888  37.438153    13.3559     6.1546      0.881    31.3626    23.5070 -9.990e-29
 291.449178      0.903  37.436885    13.3559     6.1494      0.895    31.3614    23.5061 -9.990e-29
 291.449184      0.902  37.434303    13.3570     6.1419      0.894    31.3581    23.5033 -9.990e-29
 291.449190      0.891  37.433039    13.3586     6.1396      0.884    31.3556    23.5011 -9.990e-29
 291.449196      0.885  37.436364    13.3593     6.1324      0.878    31.3581    23.5029 -9.990e-29
 291.449201      0.893  37.440227    13.3582     6.1417      0.886    31.3626    23.5066 -9.990e-29
 291.449207      0.911  37.440733    13.3566     6.1450      0.903    31.3644    23.5083 -9.990e-29
 291.449213      0.932  37.440150    13.3561     6.1466      0.924    31.3643    23.5083 -9.990e-29
 291.449219      0.947  37.440419    13.3568     6.1473      0.939    31.3639    23.5079 -9.990e-29
 291.449225      0.955  37.441252    13.3582     6.1447      0.947    31.3636    23.5073 -9.990e-29
 291.449230      0.959  37.442553    13.3596     6.1447      0.951    31.3636    23.5071 -9.990e-29
 291.449236      0.965  37.443734    13.3601     6.1452      0.957    31.3643    23.5075 -9.990e-29
 291.449242      0.973  37.444045    13.3595     6.1459      0.965    31.3651    23.5083 -9.990e-29
 291.449248      0.982  37.443254    13.3578     6.1464      0.974    31.3658    23.5091 -9.990e-29
 291.449253      0.995  37.441904    13.3559     6.1514      0.987    31.3661    23.5097 -9.990e-29
 291.449259      1.006  37.441471    13.3549     6.1522      0.998    31.3665    23.5102 -9.990e-29
 291.449265      1.014  37.442410    13.3549     6.1521      1.006    31.3673    23.5109 -9.990e-29
 291.449271      1.017  37.443650    13.3553     6.1509      1.009    31.3682    23.5115 -9.990e-29
 291.449277      1.017  37.444517    13.3556     6.1486      1.009    31.3687    23.5118 -9.990e-29
 291.449282      1.018  37.445524    13.3546     6.1484      1.010    31.3705    23.5134 -9.990e-29
 291.449288      1.024  37.446248    13.3520     6.1481      1.015    31.3733    23.5161 -9.990e-29
 291.449294      1.035  37.445889    13.3491     6.1482      1.026    31.3754    23.5182 -9.990e-29
 291.449300      1.048  37.445206    13.3488     6.1544      1.039    31.3750    23.5180 -9.990e-29
 291.449306      1.055  37.444909    13.3518     6.1559      1.046    31.3722    23.5153 -9.990e-29
 291.449311      1.052  37.445256    13.3549     6.1558      1.043    31.3700    23.5129 -9.990e-29
 291.449317      1.044  37.446025    13.3563     6.1482      1.035    31.3695    23.5123 -9.990e-29
 291.449323      1.038  37.446638    13.3566     6.1321      1.029    31.3699    23.5125 -9.990e-29
 291.449329      1.038  37.447259    13.3566     6.1299      1.029    31.3705    23.5130 -9.990e-29
 291.449334      1.041  37.448064    13.3569     6.1314      1.032    31.3710    23.5133 -9.990e-29
 291.449340      1.041  37.448911    13.3575     6.1361      1.032    31.3712    23.5134 -9.990e-29
 291.449346      1.043  37.449713    13.3580     6.1411      1.034    31.3716    23.5136 -9.990e-29
 291.449352      1.052  37.450322    13.3582     6.1413      1.043    31.3720    23.5138 -9.990e-29
 291.449358      1.069  37.450338    13.3581     6.1473      1.060    31.3721    23.5139 -9.990e-29
 291.449363      1.089  37.450245    13.3581     6.1546      1.080    31.3720    23.5139 -9.990e-29
 291.449369      1.106  37.450945    13.3581     6.1557      1.097    31.3726    23.5144 -9.990e-29
 291.449375      1.116  37.451597    13.3576     6.1544      1.107    31.3736    23.5152 -9.990e-29
 291.449381      1.125  37.451293    13.3565     6.1507      1.116    31.3743    23.5159 -9.990e-29
 291.449387      1.137  37.450655    13.3557     6.1547      1.128    31.3743    23.5161 -9.990e-29
 291.449392      1.149  37.450416    13.3555     6.1498      1.139    31.3743    23.5161 -9.990e-29
 291.449398      1.157  37.450721    13.3554     6.1486      1.147    31.3746    23.5164 -9.990e-29
 291.449404      1.162  37.451324    13.3553     6.1537      1.152    31.3753    23.5169 -9.990e-29
 291.449410      1.165  37.451811    13.3557     6.1471      1.155    31.3754    23.5170 -9.990e-29
 291.449416      1.164  37.452177    13.3564     6.1480      1.154    31.3752    23.5166 -9.990e-29
 291.449421      1.160  37.452818    13.3570     6.1650      1.150    31.3753    23.5166 -9.990e-29
 291.449427      1.154  37.453372    13.3570     6.1612      1.144    31.3758    23.5170 -9.990e-29
 291.449433      1.148  37.453362    13.3566     6.1572      1.138    31.3761    23.5173 -9.990e-29
 291.449439      1.152  37.453243    13.3560     6.1456      1.142    31.3765    23.5177 -9.990e-29
 291.449444      1.165  37.453321    13.3555     6.1383      1.155    31.3770    23.5182 -9.990e-29
 291.449450      1.179  37.453604    13.3551     6.1424      1.169    31.3775    23.5188 -9.990e-29
 291.449456      1.191  37.453811    13.3553     6.1459      1.181    31.3776    23.5187 -9.990e-29
 291.449462      1.202  37.454125    13.3571     6.1425      1.192    31.3764    23.5175 -9.990e-29
 291.449468      1.213  37.455430    13.3603     6.1348      1.203    31.3750    23.5157 -9.990e-29
 291.449473      1.224  37.456570    13.3631     6.1335      1.214    31.3737    23.5142 -9.990e-29
 291.449479      1.232  37.456170    13.3637     6.1349      1.222    31.3728    23.5134 -9.990e-29
 291.449485      1.232  37.454722    13.3623     6.1323      1.222    31.3726    23.5135 -9.990e-29
 291.449491      1.231  37.451319    13.3603     6.1402      1.221    31.3711    23.5128 -9.990e-29
 291.449497      1.230  37.448612    13.3584     6.1478      1.220    31.3702    23.5124 -9.990e-29
 291.449502      1.231  37.450180    13.3569     6.1564      1.221    31.3729    23.5148 -9.990e-29
 291.449508      1.233  37.452415    13.3561     6.1588      1.223    31.3756    23.5170 -9.990e-29
 291.449514      1.237  37.453162    13.3557     6.1546      1.227    31.3766    23.5179 -9.990e-29
 291.449520      1.243  37.453321    13.3556     6.1510      1.233    31.3768    23.5181 -9.990e-29
 291.449525      1.251  37.453570    13.3556     6.1610      1.241    31.3771    23.5183 -9.990e-29
 291.449531      1.262  37.454705    13.3553     6.1635      1.251    31.3784    23.5194 -9.990e-29
 291.449537      1.276  37.455345    13.3546     6.1638      1.265    31.3795    23.5204 -9.990e-29
 291.449543      1.295  37.455128    13.3534     6.1611      1.284    31.3803    23.5212 -9.990e-29
 291.449549      1.315  37.455350    13.3525     6.1564      1.304    31.3813    23.5221 -9.990e-29
 291.449554      1.328  37.455652    13.3525     6.1501      1.317    31.3815    23.5224 -9.990e-29
 291.449560      1.332  37.455780    13.3532     6.1490      1.321    31.3811    23.5219 -9.990e-29
 291.449566      1.327  37.456368    13.3540     6.1488      1.316    31.3810    23.5216 -9.990e-29
 291.449572      1.317  37.456985    13.3541     6.1500      1.306    31.3815    23.5220 -9.990e-29
 291.449578      1.310  37.457239    13.3536     6.1588      1.299    31.3821    23.5226 -9.990e-29
 291.449583      1.308  37.457376    13.3527     6.1601      1.297    31.3830    23.5234 -9.990e-29
 291.449589      1.313  37.457481    13.3518     6.1540      1.302    31.3838    23.5243 -9.990e-29
 291.449595      1.325  37.457600    13.3514     6.1513      1.314    31.3843    23.5247 -9.990e-29
 291.449601      1.344  37.457798    13.3514     6.1424      1.333    31.3844    23.5248 -9.990e-29
 291.449606      1.368  37.458244    13.3515     6.1425      1.357    31.3848    23.5250 -9.990e-29
 291.449612      1.389  37.458876    13.3517     6.1389      1.377    31.3852    23.5253 -9.990e-29
 291.449618      1.404  37.459320    13.3521     6.1391      1.392    31.3853    23.5253 -9.990e-29
 291.449624      1.415  37.459513    13.3522     6.1478      1.403    31.3853    23.5254 -9.990e-29
 291.449630      1.421  37.459620    13.3518     6.1442      1.409    31.3858    23.5258 -9.990e-29
 291.449635      1.424  37.459687    13.3513     6.1515      1.412    31.3862    23.5262 -9.990e-29
 291.449641      1.423  37.459707    13.3511     6.1515      1.411    31.3864    23.5264 -9.990e-29
 291.449647      1.419  37.459613    13.3513     6.1439      1.407    31.3862    23.5262 -9.990e-29
 291.449653      1.412  37.459744    13.3514     6.1439      1.400    31.3862    23.5262 -9.990e-29
 291.449659      1.404  37.460181    13.3510     6.1418      1.392    31.3870    23.5268 -9.990e-29
 291.449664      1.404  37.460291    13.3505     6.1430      1.392    31.3875    23.5273 -9.990e-29
 291.449670      1.417  37.460127    13.3503     6.1453      1.405    31.3875    23.5274 -9.990e-29
 291.449676      1.439  37.459936    13.3501     6.1514      1.427    31.3875    23.5274 -9.990e-29
 291.449682      1.463  37.459926    13.3499     6.1526      1.451    31.3876    23.5276 -9.990e-29
 291.449687      1.482  37.460549    13.3497     6.1585      1.470    31.3883    23.5282 -9.990e-29
 291.449693      1.492  37.461421    13.3497     6.1590      1.480    31.3892    23.5288 -9.990e-29
 291.449699      1.499  37.461929    13.3500     6.1567      1.486    31.3894    23.5289 -9.990e-29
 291.449705      1.507  37.462093    13.3500     6.1555      1.494    31.3895    23.5290 -9.990e-29
 291.449711      1.517  37.462040    13.3496     6.1467      1.504    31.3898    23.5293 -9.990e-29
 291.449716      1.526  37.462162    13.3495     6.1454      1.513    31.3900    23.5295 -9.990e-29
 291.449722      1.524  37.462528    13.3497     6.1392      1.511    31.3902    23.5296 -9.990e-29
 291.449728      1.513  37.462411    13.3500     6.1394      1.500    31.3898    23.5293 -9.990e-29
