data/oxygen options/ONMS/Olympic_Coast_National_Marine_Sanctuary_CTD_Data_2005_2023/raw_data/2010/CAST_MB015_091310faed.cnv
* Sea-Bird SBE19 Data File:
* FileName = C:\Documents and Settings\OCNMS\Desktop\2010 mooring data\third service\CAST_MB015_091310.hex
* Software Version 1.24
* Temperature SN = 2997
* Conductivity SN = 2997
* System UpLoad Time = Sep 13 2010 16:14:24
** CAST_MB015_091310
* SEACAT PROFILER V3.1c SN 2997   09/13/10  16:12:54.880
# nquan = 9                                 
# nvalues = 826                         
# units = specified
# name 0 = timeJ: Julian Days
# name 1 = prSM: Pressure, Strain Gauge [db]
# name 2 = c0mS/cm: Conductivity [mS/cm]
# name 3 = t090C: Temperature [ITS-90, deg C]
# name 4 = sbeox0ML/L: Oxygen, SBE 43 [ml/l]
# name 5 = depSM: Depth [salt water, m], lat = 47.5
# name 6 = sal00: Salinity, Practical [PSU]
# name 7 = sigma-é00: Density [sigma-theta, kg/m^3]
# name 8 = flag: flag
# span 0 = 256.606991, 256.611765       
# span 1 =     -4.841,     17.290       
# span 2 =  -0.000731,  37.227698       
# span 3 =    10.8057,    15.8685       
# span 4 =   -11.1412,    11.7867       
# span 5 =     -4.801,     17.145       
# span 6 =     0.0000,    32.5254       
# span 7 =    -0.6409,    24.8831       
# span 8 = 0.0000e+00, 0.0000e+00       
# interval = seconds: 0.5
# start_time = Sep 13 2010 14:34:04 [Instrument's time stamp, header]
# bad_flag = -9.990e-29
*END*
[from data line 321]
 256.608848     16.977  36.384796    10.8147     5.2329     16.835    32.5155    24.8742 -9.990e-29
 256.608854     16.990  36.384153    10.8145     5.2315     16.848    32.5150    24.8738 -9.990e-29
 256.608860     17.008  36.383286    10.8143     5.2219     16.865    32.5144    24.8733 -9.990e-29
 256.608866     17.024  36.382729    10.8141     5.2337     16.881    32.5140    24.8731 -9.990e-29
 256.608872     17.034  36.382312    10.8139     5.2299     16.891    32.5137    24.8729 -9.990e-29
 256.608877     17.040  36.382051    10.8139     5.2299     16.897    32.5135    24.8727 -9.990e-29
 256.608883     17.042  36.382172    10.8142     5.2301     16.899    32.5133    24.8726 -9.990e-29
 256.608889     17.044  36.382848    10.8144     5.2191     16.901    32.5138    24.8729 -9.990e-29
 256.608895     17.050  36.383873    10.8147     5.2275     16.907    32.5146    24.8734 -9.990e-29
 256.608900     17.057  36.384384    10.8149     5.2360     16.914    32.5149    24.8737 -9.990e-29
 256.608906     17.061  36.383955    10.8145     5.2320     16.918    32.5148    24.8737 -9.990e-29
 256.608912     17.061  36.383146    10.8139     5.2318     16.918    32.5145    24.8736 -9.990e-29
 256.608918     17.055  36.383131    10.8136     5.2342     16.912    32.5148    24.8738 -9.990e-29
 256.608924     17.041  36.383901    10.8135     5.2343     16.898    32.5157    24.8745 -9.990e-29
 256.608929     17.031  36.384256    10.8133     5.2439     16.888    32.5162    24.8750 -9.990e-29
 256.608935     17.033  36.383560    10.8128     5.2440     16.890    32.5159    24.8748 -9.990e-29
 256.608941     17.048  36.382020    10.8121     5.2342     16.905    32.5150    24.8743 -9.990e-29
 256.608947     17.071  36.380397    10.8114     5.2448     16.928    32.5140    24.8736 -9.990e-29
 256.608953     17.097  36.379338    10.8112     5.2446     16.954    32.5131    24.8729 -9.990e-29
 256.608958     17.117  36.379124    10.8115     5.2463     16.973    32.5127    24.8725 -9.990e-29
 256.608964     17.125  36.379483    10.8118     5.2468     16.981    32.5127    24.8725 -9.990e-29
 256.608970     17.122  36.379784    10.8118     5.2408     16.978    32.5130    24.8728 -9.990e-29
 256.608976     17.115  36.379879    10.8119     5.2409     16.971    32.5131    24.8728 -9.990e-29
 256.608981     17.109  36.379907    10.8122     5.2407     16.966    32.5128    24.8725 -9.990e-29
 256.608987     17.102  36.379920    10.8123     5.2406     16.959    32.5127    24.8724 -9.990e-29
 256.608993     17.095  36.379947    10.8123     5.2475     16.952    32.5128    24.8725 -9.990e-29
 256.608999     17.088  36.380034    10.8126     5.2424     16.945    32.5126    24.8723 -9.990e-29
 256.609005     17.083  36.380311    10.8129     5.2409     16.940    32.5126    24.8722 -9.990e-29
 256.609010     17.090  36.380598    10.8128     5.2532     16.947    32.5130    24.8725 -9.990e-29
 256.609016     17.112  36.380172    10.8123     5.2407     16.968    32.5130    24.8726 -9.990e-29
 256.609022     17.144  36.379037    10.8117     5.2408     17.000    32.5124    24.8723 -9.990e-29
 256.609028     17.169  36.378493    10.8113     5.2378     17.025    32.5122    24.8722 -9.990e-29
 256.609034     17.181  36.378947    10.8116     5.2281     17.037    32.5124    24.8723 -9.990e-29
 256.609039     17.184  36.379333    10.8121     5.2392     17.040    32.5123    24.8721 -9.990e-29
 256.609045     17.188  36.379059    10.8121     5.2472     17.044    32.5120    24.8719 -9.990e-29
 256.609051     17.198  36.378333    10.8114     5.2433     17.054    32.5119    24.8720 -9.990e-29
 256.609057     17.208  36.377879    10.8108     5.2508     17.064    32.5120    24.8721 -9.990e-29
 256.609062     17.212  36.378225    10.8106     5.2479     17.068    32.5125    24.8726 -9.990e-29
 256.609068     17.206  36.378723    10.8106     5.2395     17.062    32.5130    24.8730 -9.990e-29
 256.609074     17.193  36.378929    10.8107     5.2464     17.049    32.5131    24.8730 -9.990e-29
 256.609080     17.181  36.379130    10.8108     5.2448     17.037    32.5133    24.8731 -9.990e-29
 256.609086     17.174  36.379045    10.8113     5.2394     17.030    32.5127    24.8726 -9.990e-29
 256.609091     17.171  36.378575    10.8122     5.2461     17.027    32.5115    24.8715 -9.990e-29
 256.609097     17.172  36.378225    10.8132     5.2380     17.028    32.5102    24.8703 -9.990e-29
 256.609103     17.181  36.378100    10.8131     5.2380     17.037    32.5102    24.8703 -9.990e-29
 256.609109     17.203  36.378045    10.8118     5.2463     17.059    32.5113    24.8714 -9.990e-29
 256.609115     17.232  36.378010    10.8108     5.2324     17.087    32.5121    24.8722 -9.990e-29
 256.609120     17.255  36.377986    10.8105     5.2323     17.110    32.5124    24.8725 -9.990e-29
 256.609126     17.271  36.377971    10.8105     5.2310     17.126    32.5123    24.8724 -9.990e-29
 256.609132     17.280  36.377977    10.8108     5.2244     17.135    32.5121    24.8722 -9.990e-29
 256.609138     17.283  36.378041    10.8110     5.2358     17.138    32.5120    24.8721 -9.990e-29
 256.609144     17.279  36.378280    10.8110     5.2370     17.134    32.5122    24.8722 -9.990e-29
 256.609149     17.274  36.378483    10.8109     5.2386     17.129    32.5125    24.8725 -9.990e-29
 256.609155     17.271  36.378391    10.8108     5.2403     17.126    32.5125    24.8725 -9.990e-29
 256.609161     17.265  36.378471    10.8109     5.2306     17.120    32.5125    24.8725 -9.990e-29
 256.609167     17.252  36.378861    10.8111     5.2431     17.107    32.5127    24.8726 -9.990e-29
 256.609172     17.235  36.378991    10.8112     5.2459     17.090    32.5127    24.8726 -9.990e-29
 256.609178     17.227  36.378505    10.8111     5.2405     17.083    32.5124    24.8723 -9.990e-29
 256.609184     17.234  36.377345    10.8105     5.2527     17.089    32.5117    24.8720 -9.990e-29
 256.609190     17.250  36.376239    10.8098     5.2497     17.105    32.5112    24.8717 -9.990e-29
 256.609196     17.261  36.375983    10.8096     5.2444     17.116    32.5112    24.8717 -9.990e-29
 256.609201     17.270  36.376265    10.8096     5.2497     17.125    32.5114    24.8719 -9.990e-29
 256.609207     17.280  36.376369    10.8092     5.2454     17.135    32.5119    24.8723 -9.990e-29
 256.609213     17.288  36.375345    10.8080     5.2465     17.143    32.5119    24.8726 -9.990e-29
 256.609219     17.290  36.373537    10.8068     5.2477     17.145    32.5112    24.8722 -9.990e-29
 256.609225     17.287  36.372488    10.8063     5.2311     17.142    32.5106    24.8718 -9.990e-29
 256.609230     17.278  36.372510    10.8066     5.2349     17.133    32.5104    24.8716 -9.990e-29
 256.609236     17.263  36.373102    10.8071     5.2363     17.118    32.5105    24.8716 -9.990e-29
 256.609242     17.241  36.373404    10.8073     5.2391     17.096    32.5107    24.8717 -9.990e-29
 256.609248     17.209  36.373287    10.8075     5.2504     17.065    32.5104    24.8714 -9.990e-29
 256.609253     17.168  36.373187    10.8076     5.2419     17.024    32.5102    24.8713 -9.990e-29
 256.609259     17.112  36.373001    10.8077     5.2471     16.968    32.5100    24.8711 -9.990e-29
 256.609265     17.040  36.373071    10.8082     5.2472     16.897    32.5096    24.8707 -9.990e-29
 256.609271     16.951  36.373521    10.8087     5.2385     16.809    32.5096    24.8707 -9.990e-29
 256.609277     16.852  36.373861    10.8091     5.2454     16.711    32.5097    24.8706 -9.990e-29
 256.609282     16.749  36.374016    10.8094     5.2506     16.609    32.5096    24.8705 -9.990e-29
 256.609288     16.640  36.374224    10.8096     5.2602     16.500    32.5097    24.8705 -9.990e-29
 256.609294     16.519  36.374795    10.8097     5.2561     16.380    32.5102    24.8709 -9.990e-29
 256.609300     16.382  36.375399    10.8100     5.2498     16.245    32.5106    24.8712 0.0000e+00
 256.609306     16.229  36.375192    10.8101     5.2454     16.093    32.5104    24.8710 0.0000e+00
 256.609311     16.059  36.374488    10.8100     5.2505     15.924    32.5098    24.8706 0.0000e+00
 256.609317     15.873  36.374061    10.8099     5.2615     15.740    32.5096    24.8704 0.0000e+00
 256.609323     15.673  36.373933    10.8101     5.2699     15.542    32.5094    24.8702 0.0000e+00
 256.609329     15.454  36.373965    10.8102     5.2768     15.324    32.5094    24.8702 0.0000e+00
 256.609334     15.212  36.373670    10.8099     5.2668     15.084    32.5095    24.8703 0.0000e+00
 256.609340     14.944  36.372687    10.8094     5.2673     14.819    32.5091    24.8700 0.0000e+00
 256.609346     14.654  36.371417    10.8085     5.2507     14.531    32.5087    24.8699 0.0000e+00
 256.609352     14.349  36.369879    10.8075     5.2395     14.229    32.5082    24.8697 0.0000e+00
 256.609358     14.044  36.368295    10.8068     5.2529     13.926    32.5074    24.8692 0.0000e+00
 256.609363     13.758  36.367390    10.8068     5.2488     13.643    32.5066    24.8686 0.0000e+00
 256.609369     13.500  36.367109    10.8072     5.2544     13.387    32.5061    24.8681 0.0000e+00
 256.609375     13.268  36.367110    10.8076     5.2608     13.157    32.5058    24.8678 0.0000e+00
 256.609381     13.059  36.367427    10.8080     5.2576     12.950    32.5059    24.8678 0.0000e+00
 256.609387     12.853  36.367952    10.8084     5.2604     12.745    32.5061    24.8679 0.0000e+00
 256.609392     12.634  36.368294    10.8085     5.2589     12.528    32.5065    24.8681 0.0000e+00
 256.609398     12.400  36.368380    10.8084     5.2628     12.296    32.5067    24.8684 0.0000e+00
 256.609404     12.162  36.368357    10.8084     5.2642     12.060    32.5068    24.8684 0.0000e+00
 256.609410     11.918  36.368227    10.8084     5.2639     11.818    32.5068    24.8684 0.0000e+00
 256.609416     11.662  36.367847    10.8085     5.2760     11.564    32.5064    24.8681 0.0000e+00
 256.609421     11.397  36.367301    10.8088     5.2617     11.302    32.5057    24.8675 0.0000e+00
 256.609427     11.129  36.367014    10.8094     5.2585     11.036    32.5050    24.8668 0.0000e+00
 256.609433     10.863  36.367198    10.8099     5.2622     10.772    32.5049    24.8666 0.0000e+00
 256.609439     10.606  36.367568    10.8101     5.2534     10.517    32.5052    24.8668 0.0000e+00
 256.609444     10.364  36.367528    10.8102     5.2711     10.277    32.5052    24.8668 0.0000e+00
 256.609450     10.134  36.367058    10.8102     5.2849     10.049    32.5048    24.8665 0.0000e+00
 256.609456      9.907  36.366684    10.8102     5.2853      9.824    32.5045    24.8663 0.0000e+00
 256.609462      9.672  36.366497    10.8107     5.2988      9.591    32.5040    24.8658 0.0000e+00
 256.609468      9.426  36.366281    10.8121     5.2997      9.347    32.5026    24.8645 0.0000e+00
 256.609473      9.172  36.365778    10.8146     5.3025      9.095    32.5000    24.8620 0.0000e+00
 256.609479      8.914  36.364909    10.8177     5.3284      8.839    32.4965    24.8587 0.0000e+00
 256.609485      8.658  36.363666    10.8210     5.3269      8.586    32.4925    24.8550 0.0000e+00
 256.609491      8.400  36.361546    10.8247     5.3358      8.330    32.4872    24.8502 0.0000e+00
 256.609497      8.137  36.359118    10.8298     5.3365      8.069    32.4804    24.8440 0.0000e+00
 256.609502      7.869  36.357657    10.8367     5.3257      7.803    32.4729    24.8370 0.0000e+00
 256.609508      7.600  36.356929    10.8427     5.3426      7.536    32.4670    24.8313 0.0000e+00
 256.609514      7.339  36.356557    10.8453     5.3324      7.278    32.4644    24.8289 0.0000e+00
 256.609520      7.091  36.356637    10.8451     5.3345      7.032    32.4648    24.8292 0.0000e+00
 256.609525      6.857  36.356750    10.8438     5.3382      6.800    32.4661    24.8305 0.0000e+00
 256.609531      6.636  36.356517    10.8427     5.3384      6.581    32.4670    24.8313 0.0000e+00
 256.609537      6.417  36.356219    10.8425     5.3615      6.363    32.4670    24.8313 0.0000e+00
 256.609543      6.190  36.356049    10.8435     5.3753      6.138    32.4660    24.8304 0.0000e+00
 256.609549      5.955  36.355813    10.8459     5.3873      5.905    32.4637    24.8282 0.0000e+00
 256.609554      5.713  36.355227    10.8494     5.3964      5.665    32.4602    24.8248 0.0000e+00
 256.609560      5.466  36.354102    10.8534     5.4009      5.420    32.4556    24.8205 0.0000e+00
 256.609566      5.221  36.352649    10.8571     5.4018      5.177    32.4510    24.8163 0.0000e+00
 256.609572      4.986  36.351207    10.8601     5.4081      4.944    32.4470    24.8127 0.0000e+00
 256.609578      4.764  36.350124    10.8629     5.4018      4.724    32.4435    24.8095 0.0000e+00
 256.609583      4.550  36.349671    10.8656     5.4073      4.512    32.4408    24.8069 0.0000e+00
 256.609589      4.343  36.349836    10.8672     5.4037      4.307    32.4396    24.8057 0.0000e+00
 256.609595      4.146  36.350310    10.8676     5.3972      4.111    32.4398    24.8058 0.0000e+00
 256.609601      3.961  36.350638    10.8680     5.4057      3.928    32.4399    24.8057 0.0000e+00
 256.609606      3.783  36.350728    10.8691     5.4022      3.751    32.4391    24.8049 0.0000e+00
 256.609612      3.611  36.350730    10.8705     5.4226      3.581    32.4379    24.8037 0.0000e+00
 256.609618      3.442  36.350680    10.8719     5.4565      3.413    32.4367    24.8025 0.0000e+00
 256.609624      3.273  36.350540    10.8738     5.4770      3.246    32.4349    24.8008 0.0000e+00
 256.609630      3.103  36.350156    10.8776     5.5106      3.077    32.4312    24.7973 0.0000e+00
 256.609635      2.933  36.349608    10.8838     5.5091      2.909    32.4253    24.7916 0.0000e+00
 256.609641      2.770  36.349317    10.8921     5.5329      2.747    32.4177    24.7843 0.0000e+00
 256.609647      2.616  36.348927    10.9031     5.5454      2.594    32.4077    24.7745 0.0000e+00
 256.609653      2.470  36.347950    10.9157     5.5318      2.449    32.3956    24.7629 0.0000e+00
 256.609659      2.332  36.346796    10.9258     5.5333      2.313    32.3856    24.7534 0.0000e+00
 256.609664      2.201  36.345642    10.9344     5.5205      2.183    32.3769    24.7451 -9.990e-29
 256.609670      2.077  36.344101    10.9442     5.5279      2.060    32.3668    24.7355 -9.990e-29
 256.609676      1.957  36.342954    10.9527     5.5384      1.941    32.3582    24.7273 -9.990e-29
 256.609682      1.837  36.343505    10.9569     5.5210      1.822    32.3551    24.7242 -9.990e-29
 256.609688      1.719  36.344839    10.9576     5.5122      1.705    32.3559    24.7246 -9.990e-29
 256.609693      1.600  36.345407    10.9586     5.4972      1.587    32.3556    24.7242 -9.990e-29
 256.609699      1.475  36.344875    10.9639     5.4871      1.463    32.3505    24.7193 0.0000e+00
 256.609705      1.345  36.344247    10.9731     5.4418      1.334    32.3418    24.7109 0.0000e+00
 256.609711      1.216  36.344956    10.9831     5.3671      1.206    32.3337    24.7029 -9.990e-29
 256.609716      1.096  36.345739    10.9934     5.3099      1.087    32.3255    24.6947 -9.990e-29
 256.609722      0.985  36.345435    11.0136     6.1980      0.977    32.3074    24.6771 -9.990e-29
 256.609728      0.882  36.345910    11.0662     6.3106      0.875    32.2617    24.6322 -9.990e-29
 256.609734      0.789  36.348948    11.1617     6.4320      0.782    32.1811    24.5526 -9.990e-29
 256.609740      0.702  36.355831    11.2646     6.5604      0.696    32.0981    24.4698 -9.990e-29
 256.609745      0.622  36.356166    11.3243     6.6642      0.617    32.0465    24.4191 -9.990e-29
 256.609751      0.552  36.326356    11.3421     6.7231      0.547    32.0019    24.3812 -9.990e-29
 256.609757      0.492  36.236232    11.3525     6.6846      0.488    31.9047    24.3038 -9.990e-29
 256.609763      0.438  35.991441    11.3700     6.6438      0.434    31.6503    24.1030 -9.990e-29
