data/oxygen options/ONMS/Olympic_Coast_National_Marine_Sanctuary_CTD_Data_2005_2023/raw_data/2010/CAST_CE065_091410faed.cnv
* Sea-Bird SBE19 Data File:
* FileName = C:\Documents and Settings\OCNMS\Desktop\2010 mooring data\third service\CAST_CE065_091410.hex
* Software Version 1.24
* Temperature SN = 2997
* Conductivity SN = 2997
* System UpLoad Time = Sep 14 2010 15:16:45
** CAST_CE065_091410
* SEACAT PROFILER V3.1c SN 2997   09/14/10  15:08:25.319
# nquan = 9                                 
# nvalues = 725                         
# units = specified
# name 0 = timeJ: Julian Days
# name 1 = prSM: Pressure, Strain Gauge [db]
# name 2 = c0mS/cm: Conductivity [mS/cm]
# name 3 = t090C: Temperature [ITS-90, deg C]
# name 4 = sbeox0ML/L: Oxygen, SBE 43 [ml/l]
# name 5 = depSM: Depth [salt water, m], lat = 47.5
# name 6 = sal00: Salinity, Practical [PSU]
# name 7 = sigma-é00: Density [sigma-theta, kg/m^3]
# name 8 = flag: flag
# span 0 = 257.411968, 257.416157       
# span 1 =     -4.951,     66.467       
# span 2 =   0.004238, 222.235699       
# span 3 =     6.9673,    41.1942       
# span 4 =    -2.0516,    57.6434       
# span 5 =     -4.910,     65.902       
# span 6 =     0.0078,    38.1387       
# span 7 =    -0.5512,    26.4852       
# span 8 = 0.0000e+00, 0.0000e+00       
# interval = seconds: 0.5
# start_time = Sep 14 2010 09:53:14 [Instrument's time stamp, header]
# bad_flag = -9.990e-29
*END*
 257.411968     -4.951 -9.990e-29    12.4873    -2.0484     -4.910 -9.990e-29 -9.990e-29 -9.990e-29
 257.411973     -4.939   0.004238    12.4826    -2.0488     -4.898     0.0078    -0.5512 -9.990e-29
 257.411979     -4.925   0.004238    12.4777    -2.0489     -4.884     0.0078    -0.5506 -9.990e-29
 257.411985     -4.906   0.004238    12.4739    -2.0488     -4.865     0.0078    -0.5502 -9.990e-29
 257.411991     -4.882   0.004238    12.4708    -2.0485     -4.841     0.0078    -0.5498 -9.990e-29
 257.411997     -4.851   0.004238    12.4688    -2.0483     -4.811     0.0078    -0.5496 -9.990e-29
 257.412002     -4.816   0.004239    12.4688    -2.0484     -4.776     0.0078    -0.5496 -9.990e-29
 257.412008     -4.783   0.004240    12.4705    -2.0491     -4.743     0.0078    -0.5498 -9.990e-29
 257.412014     -4.753   0.004241    12.4726    -2.0500     -4.713     0.0078    -0.5500 -9.990e-29
 257.412020     -4.726   0.004241    12.4730    -2.0507     -4.687     0.0078    -0.5501 -9.990e-29
 257.412025     -4.698   0.004242    12.4714    -2.0512     -4.659     0.0078    -0.5499 -9.990e-29
 257.412031     -4.670   0.004243    12.4705    -2.0516     -4.631     0.0078    -0.5498 -9.990e-29
 257.412037     -4.639   0.004243    12.4720    -2.0514     -4.600     0.0078    -0.5500 -9.990e-29
 257.412043     -4.606   0.004244    12.4747    -2.0512     -4.568     0.0078    -0.5503 -9.990e-29
 257.412049     -4.575   0.004245    12.4757    -2.0508     -4.537     0.0078    -0.5504 -9.990e-29
 257.412054     -4.543   0.004246    12.4714    -2.0502     -4.505     0.0078    -0.5499 -9.990e-29
 257.412060     -4.509   0.004248    12.4607    -2.0496     -4.471     0.0078    -0.5486 -9.990e-29
 257.412066     -4.469   0.004254    12.4464    -2.0495     -4.432     0.0078    -0.5469 -9.990e-29
 257.412072     -4.427   0.004269    12.4329    -2.0494     -4.390     0.0078    -0.5453 -9.990e-29
 257.412078     -4.382   0.004314    12.4230    -2.0490     -4.345     0.0078    -0.5441 -9.990e-29
 257.412083     -4.334   0.004446    12.4184    -1.6756     -4.298     0.0078    -0.5435 -9.990e-29
 257.412089     -4.283   0.004842    12.4193    -1.6604     -4.247     0.0080    -0.5434 -9.990e-29
 257.412095     -4.233   0.006027    12.4242    -1.6589     -4.198     0.0086    -0.5436 -9.990e-29
 257.412101     -4.187   0.009582    12.4321    -1.6574     -4.152     0.0104    -0.5431 -9.990e-29
 257.412106     -4.141   0.020799    12.4422    -1.6566     -4.106     0.0164    -0.5396 -9.990e-29
 257.412112     -4.093   0.055188    12.4530    -1.6569     -4.059     0.0363    -0.5253 -9.990e-29
 257.412118     -4.039   0.158045    12.4650    -1.6585     -4.005     0.0997    -0.4772 -9.990e-29
 257.412124     -3.976   0.465957    12.4873    -1.6588     -3.943     0.2992    -0.3241 -9.990e-29
 257.412130     -3.905   1.389474    12.5436    -1.6586     -3.872     0.9313     0.1614 -9.990e-29
 257.412135     -3.824   4.159951    12.6770    -1.6575     -3.792     2.9548     1.7142 -9.990e-29
 257.412141     -3.730  12.471356    12.8647    -1.6568     -3.699     9.5439     6.7738 -9.990e-29
 257.412147     -3.619  24.981897    13.0053    -1.6566     -3.589    20.2535    14.9999 -9.990e-29
 257.412153     -3.495  33.390522    13.0668    -1.6565     -3.466    27.8354    20.8374 -9.990e-29
 257.412159     -3.361  36.242573    13.0838    -1.6559     -3.333    30.4701    22.8701 -9.990e-29
 257.412164     -3.221  37.226648    13.0782    -1.6559     -3.194    31.3957    23.5869 -9.990e-29
 257.412170     -3.077  37.586643    13.0636    -1.6557     -3.051    31.7457    23.8606 -9.990e-29
 257.412176     -2.935  37.706320    13.0510    -1.6561     -2.911    31.8687    23.9582 -9.990e-29
 257.412182     -2.808  37.734757    13.0476    -1.6564     -2.785    31.8983    23.9818 -9.990e-29
 257.412188     -2.701  37.754302    13.0536    -1.6557     -2.678    31.9116    23.9909 -9.990e-29
 257.412193     -2.616  37.790613    13.0640    -1.6556     -2.594    31.9370    24.0085 -9.990e-29
 257.412199     -2.551  37.832298    13.0744    -1.6554     -2.530    31.9674    24.0300 -9.990e-29
 257.412205     -2.502  37.861689    13.0831    -1.6554     -2.481    31.9877    24.0440 -9.990e-29
 257.412211     -2.466  37.873864    13.0892    -1.6564     -2.445    31.9940    24.0476 -9.990e-29
 257.412216     -2.441  37.881298    13.0928    -1.6568     -2.421    31.9979    24.0500 -9.990e-29
 257.412222     -2.425  37.892387    13.0954    -1.6561     -2.405    32.0061    24.0558 -9.990e-29
 257.412228     -2.418  37.900783    13.0972    -1.6555     -2.398    32.0125    24.0604 -9.990e-29
 257.412234     -2.418  37.897108    13.0980    -1.6555     -2.398    32.0084    24.0570 -9.990e-29
 257.412240     -2.427  37.882789    13.0987    -1.6557     -2.407    31.9943    24.0460 -9.990e-29
 257.412245     -2.443  37.879247    13.0991    -1.6564     -2.423    31.9907    24.0431 -9.990e-29
 257.412251     -2.465  37.894252    13.0983    -1.6572     -2.444    32.0054    24.0547 -9.990e-29
 257.412257     -2.485  37.909864    13.0960    -1.6561     -2.464    32.0221    24.0680 -9.990e-29
 257.412263     -2.495  37.916800    13.0933    -1.6559     -2.474    32.0309    24.0754 -9.990e-29
 257.412269     -2.493  37.906539    13.0915    -1.6561     -2.472    32.0227    24.0694 -9.990e-29
 257.412274     -2.482  37.880694    13.0911    -1.6568     -2.461    31.9988    24.0510 -9.990e-29
 257.412280     -2.469  37.870534    13.0911    -1.6567     -2.448    31.9892    24.0436 -9.990e-29
 257.412286     -2.460  37.890695    13.0899    -1.6562     -2.439    32.0092    24.0593 -9.990e-29
 257.412292     -2.447  37.916664    13.0873    -1.6560     -2.427    32.0358    24.0804 -9.990e-29
 257.412297     -2.428  37.926068    13.0846    -1.6560     -2.408    32.0469    24.0895 -9.990e-29
 257.412303     -2.404  37.913676    13.0829    -1.6565     -2.384    32.0367    24.0819 -9.990e-29
 257.412309     -2.383  37.885542    13.0822    -1.6568     -2.363    32.0108    24.0620 -9.990e-29
 257.412315     -2.367  37.872684    13.0814    -1.6564     -2.347    31.9994    24.0534 -9.990e-29
 257.412321     -2.356  37.890624    13.0795    -1.6561     -2.336    32.0179    24.0680 -9.990e-29
 257.412326     -2.349  37.907405    13.0770    -1.6560     -2.329    32.0357    24.0824 -9.990e-29
 257.412332     -2.341  37.900734    13.0754    -1.6565     -2.321    32.0308    24.0789 -9.990e-29
 257.412338     -2.327  37.887097    13.0752    -1.6568     -2.308    32.0182    24.0691 -9.990e-29
 257.412344     -2.311  37.890502    13.0755    -1.6566     -2.292    32.0211    24.0713 -9.990e-29
 257.412350     -2.296  37.908368    13.0748    -1.6562     -2.277    32.0385    24.0849 -9.990e-29
 257.412355     -2.281  37.920967    13.0731    -1.6561     -2.262    32.0518    24.0955 -9.990e-29
 257.412361     -2.265  37.918362    13.0719    -1.6560     -2.246    32.0503    24.0946 -9.990e-29
 257.412367     -2.247  37.905089    13.0719    -1.6565     -2.228    32.0378    24.0850 -9.990e-29
 257.412373     -2.226  37.898356    13.0730    -1.6566     -2.207    32.0306    24.0791 -9.990e-29
 257.412378     -2.201  37.907279    13.0744    -1.6563     -2.183    32.0378    24.0844 -9.990e-29
 257.412384     -2.169  37.919262    13.0752    -1.6561     -2.151    32.0483    24.0925 -9.990e-29
 257.412390     -2.135  37.917946    13.0756    -1.6562     -2.117    32.0468    24.0912 -9.990e-29
 257.412396     -2.102  37.903418    13.0761    -1.6563     -2.084    32.0327    24.0801 -9.990e-29
 257.412402     -2.075  37.892332    13.0765    -1.6563     -2.058    32.0219    24.0717 -9.990e-29
 257.412407     -2.051  37.897528    13.0767    -1.6562     -2.034    32.0266    24.0753 -9.990e-29
 257.412413     -2.028  37.912650    13.0768    -1.6565     -2.011    32.0407    24.0862 -9.990e-29
 257.412419     -2.006  37.922719    13.0767    -1.6565     -1.989    32.0503    24.0937 -9.990e-29
 257.412425     -1.986  37.919469    13.0766    -1.6562     -1.969    32.0473    24.0914 -9.990e-29
 257.412431     -1.973  37.907695    13.0768    -1.6560     -1.957    32.0360    24.0826 -9.990e-29
 257.412436     -1.961  37.902681    13.0770    -1.6564     -1.945    32.0311    24.0788 -9.990e-29
 257.412442     -1.944  37.910232    13.0773    -1.6565     -1.928    32.0380    24.0840 -9.990e-29
 257.412448     -1.923  37.918726    13.0779    10.1724     -1.907    32.0455    24.0897 -9.990e-29
 257.412454     -1.895  37.918358    13.0787    12.9805     -1.879    32.0444    24.0887 -9.990e-29
 257.412459     -1.863  37.913843    13.0795    13.1602     -1.847    32.0395    24.0848 -9.990e-29
 257.412465     -1.834  37.911652    13.0800    11.1686     -1.819    32.0370    24.0827 -9.990e-29
 257.412471     -1.809  37.908466    13.0797     6.8554     -1.794    32.0342    24.0807 -9.990e-29
 257.412477     -1.788  37.904123    13.0793     7.1985     -1.773    32.0305    24.0779 -9.990e-29
 257.412483     -1.769  37.907563    13.0791     7.5318     -1.754    32.0339    24.0805 -9.990e-29
 257.412488     -1.751  37.917931    13.0791     7.6566     -1.736    32.0436    24.0881 -9.990e-29
 257.412494     -1.732  37.921196    13.0795     7.6620     -1.718    32.0464    24.0901 -9.990e-29
 257.412500     -1.716  37.916271    13.0807     7.6181     -1.702    32.0407    24.0855 -9.990e-29
 257.412506     -1.707  37.920287    13.0823     7.5800     -1.693    32.0431    24.0870 -9.990e-29
 257.412512     -1.698  37.935959    13.0840     7.5380     -1.684    32.0564    24.0970 -9.990e-29
 257.412517     -1.686  37.947926    13.0859     7.5173     -1.672    32.0661    24.1041 -9.990e-29
 257.412523     -1.669  37.951013    13.0877     7.4857     -1.655    32.0675    24.1048 -9.990e-29
 257.412529     -1.647  37.950059    13.0891     7.4735     -1.633    32.0654    24.1029 -9.990e-29
 257.412535     -1.622  37.948439    13.0901     7.4674     -1.608    32.0630    24.1009 -9.990e-29
 257.412541     -1.602  37.946960    13.0911     7.4649     -1.589    32.0607    24.0989 -9.990e-29
 257.412546     -1.584  37.945492    13.0923     7.4746     -1.571    32.0583    24.0968 -9.990e-29
 257.412552     -1.565  37.943922    13.0931     7.4656     -1.552    32.0562    24.0950 -9.990e-29
 257.412558     -1.546  37.942561    13.0934     7.4588     -1.533    32.0546    24.0938 -9.990e-29
 257.412564     -1.530  37.941997    13.0939     7.4610     -1.517    32.0537    24.0929 -9.990e-29
 257.412569     -1.518  37.941641    13.0949     7.4619     -1.505    32.0525    24.0918 -9.990e-29
 257.412575     -1.507  37.940622    13.0951     7.4635     -1.494    32.0514    24.0909 -9.990e-29
 257.412581     -1.498  37.938305    13.0935     7.4688     -1.486    32.0505    24.0906 -9.990e-29
 257.412587     -1.490  37.935125    13.0911     7.4672     -1.478    32.0496    24.0903 -9.990e-29
 257.412593     -1.482  37.933169    13.0897     7.4747     -1.470    32.0489    24.0901 -9.990e-29
 257.412598     -1.474  37.933353    13.0899     7.4659     -1.462    32.0489    24.0900 -9.990e-29
 257.412604     -1.465  37.934405    13.0914     7.4583     -1.453    32.0486    24.0895 -9.990e-29
 257.412610     -1.455  37.935087    13.0935     7.4597     -1.443    32.0475    24.0882 -9.990e-29
 257.412616     -1.443  37.935351    13.0952     7.4633     -1.431    32.0463    24.0870 -9.990e-29
 257.412622     -1.428  37.935713    13.0957     7.4667     -1.416    32.0462    24.0868 -9.990e-29
 257.412627     -1.410  37.936259    13.0952     7.4658     -1.398    32.0471    24.0876 -9.990e-29
 257.412633     -1.386  37.936760    13.0949     7.4686     -1.374    32.0478    24.0882 -9.990e-29
 257.412639     -1.361  37.936925    13.0955     7.4739     -1.350    32.0475    24.0878 -9.990e-29
 257.412645     -1.336  37.936576    13.0964     7.4684     -1.325    32.0464    24.0868 -9.990e-29
 257.412650     -1.310  37.935971    13.0971     7.4718     -1.299    32.0452    24.0858 -9.990e-29
 257.412656     -1.286  37.935587    13.0973     7.4755     -1.275    32.0447    24.0853 -9.990e-29
 257.412662     -1.266  37.935634    13.0973     7.4816     -1.255    32.0447    24.0853 -9.990e-29
 257.412668     -1.249  37.935778    13.0976     7.4907     -1.239    32.0446    24.0852 -9.990e-29
 257.412674     -1.234  37.935814    13.0980     7.4821     -1.224    32.0443    24.0849 -9.990e-29
 257.412679     -1.221  37.935953    13.0972     7.4765     -1.211    32.0451    24.0856 -9.990e-29
 257.412685     -1.207  37.935982    13.0958     7.4731     -1.197    32.0463    24.0868 -9.990e-29
 257.412691     -1.193  37.935703    13.0957     7.4720     -1.183    32.0461    24.0867 -9.990e-29
 257.412697     -1.178  37.935374    13.0973     7.4867     -1.168    32.0444    24.0851 -9.990e-29
 257.412703     -1.164  37.935308    13.0989     7.4953     -1.154    32.0430    24.0837 -9.990e-29
 257.412708     -1.155  37.935382    13.0997     7.5087     -1.145    32.0424    24.0831 -9.990e-29
 257.412714     -1.147  37.935259    13.1000     7.5024     -1.137    32.0420    24.0827 -9.990e-29
 257.412720     -1.135  37.935264    13.1000     7.4954     -1.126    32.0420    24.0827 -9.990e-29
 257.412726     -1.121  37.935333    13.1000     7.4846     -1.112    32.0421    24.0828 -9.990e-29
 257.412731     -1.110  37.934366    13.1000     7.4734     -1.101    32.0412    24.0821 -9.990e-29
 257.412737     -1.096  37.933804    13.1003     7.4684     -1.087    32.0404    24.0814 -9.990e-29
 257.412743     -1.079  37.935069    13.1010     7.4676     -1.070    32.0410    24.0817 -9.990e-29
 257.412749     -1.062  37.934731    13.1017     7.4772     -1.053    32.0401    24.0809 -9.990e-29
 257.412755     -1.043  37.933392    13.1025     7.4822     -1.034    32.0381    24.0792 -9.990e-29
 257.412760     -1.026  37.934797    13.1035     7.4913     -1.017    32.0386    24.0794 -9.990e-29
 257.412766     -1.011  37.936826    13.1042     7.4787     -1.003    32.0399    24.0803 -9.990e-29
 257.412772     -0.990  37.937070    13.1037     7.4794     -0.982    32.0406    24.0809 -9.990e-29
 257.412778     -0.968  37.935226    13.1019     7.4777     -0.960    32.0403    24.0811 -9.990e-29
 257.412784     -0.948  37.932126    13.1002     7.4718     -0.940    32.0388    24.0802 -9.990e-29
 257.412789     -0.927  37.931408    13.1007     7.4753     -0.919    32.0377    24.0793 -9.990e-29
 257.412795     -0.905  37.933725    13.1030     7.4781     -0.897    32.0380    24.0790 -9.990e-29
 257.412801     -0.881  37.935931    13.1051     7.4746     -0.874    32.0383    24.0788 -9.990e-29
 257.412807     -0.852  37.937536    13.1062     7.4748     -0.845    32.0388    24.0790 -9.990e-29
 257.412812     -0.818  37.938928    13.1070     7.4742     -0.811    32.0394    24.0794 -9.990e-29
 257.412818     -0.779  37.939651    13.1087     7.4613     -0.773    32.0387    24.0784 -9.990e-29
 257.412824     -0.743  37.940598    13.1121     7.4612     -0.737    32.0367    24.0762 -9.990e-29
 257.412830     -0.710  37.942399    13.1156     7.4555     -0.704    32.0354    24.0746 -9.990e-29
 257.412836     -0.680  37.945705    13.1175     7.4541     -0.674    32.0369    24.0753 -9.990e-29
 257.412841     -0.645  37.948688    13.1182     7.4757     -0.640    32.0391    24.0769 -9.990e-29
 257.412847     -0.600  37.946851    13.1187     7.5045     -0.595    32.0369    24.0751 -9.990e-29
 257.412853     -0.546  37.944400    13.1199     7.4927     -0.541    32.0336    24.0723 -9.990e-29
 257.412859     -0.484  37.946397    13.1211     7.4587     -0.480    32.0344    24.0727 -9.990e-29
 257.412865     -0.409  37.948711    13.1199     7.3801     -0.406    32.0376    24.0754 -9.990e-29
 257.412870     -0.317  37.948195    13.1164     7.2592     -0.314    32.0400    24.0780 -9.990e-29
 257.412876     -0.202  37.944651    13.1113     7.1805     -0.200    32.0409    24.0797 -9.990e-29
 257.412882     -0.057  37.938324    13.0993     7.1202     -0.057    32.0451    24.0853 -9.990e-29
 257.412888      0.124  37.923509    13.0653     7.1073      0.123    32.0598    24.1033 -9.990e-29
