data/oxygen options/OCNMS/OCNMS1/raw_data/2008/SBE19plus/CTD_KL042_081808faed.cnv
* Sea-Bird SBE19plus Data File:
* FileName = C:\2008_Mooring_Data\081808_sevice\CTD_KL042_081808.hex
* Software Version 1.59
* Temperature SN =  4671
* Conductivity SN =  4671
* System UpLoad Time = Aug 18 2008 16:26:52
* ds
* SeacatPlus V 1.6b  SERIAL NO. 4671    18 Aug 2008  16:26:31
# nquan = 9                                 
# nvalues = 1304                        
# units = specified
# name 0 = timeJ: Julian Days
# name 1 = prdM: Pressure, Strain Gauge [db]
# name 2 = c0mS/cm: Conductivity [mS/cm]
# name 3 = tv290C: Temperature [ITS-90, deg C]
# name 4 = sbeox0ML/L: Oxygen, SBE 43 [ml/l]
# name 5 = depSM: Depth [salt water, m], lat = 47.5
# name 6 = sal00: Salinity, Practical [PSU]
# name 7 = sigma-é00: Density [sigma-theta, kg/m^3]
# name 8 = flag: flag
# span 0 = 231.680752, 231.684523       
# span 1 =      0.006,     44.390       
# span 2 =   1.347399,  38.776088       
# span 3 =     7.2205,    13.5848       
# span 4 =     1.4891,     5.8208       
# span 5 =      0.006,     44.015       
# span 6 =     0.8799,    33.7358       
# span 7 =    -0.0009,    26.3925       
# span 8 = 0.0000e+00, 0.0000e+00       
# interval = seconds: 0.25
# start_time = Aug 18 2008 16:20:17 [Instrument's time stamp, header]
# bad_flag = -9.990e-29
*END*
[from data line 641]
 231.682607      1.786  38.002163    12.5401     5.7501      1.771    32.5832    24.6105 -9.990e-29
 231.682610      1.794  38.005949    12.5425     5.7551      1.779    32.5848    24.6112 -9.990e-29
 231.682613      1.807  38.008982    12.5429     5.7633      1.792    32.5873    24.6131 -9.990e-29
 231.682616      1.825  38.011491    12.5397     5.7700      1.810    32.5925    24.6177 -9.990e-29
 231.682619      1.846  38.012738    12.5315     5.7735      1.831    32.6008    24.6257 -9.990e-29
 231.682622      1.865  38.011111    12.5180     5.7772      1.849    32.6109    24.6362 -9.990e-29
 231.682624      1.881  38.005253    12.5014     5.7780      1.865    32.6197    24.6462 -9.990e-29
 231.682627      1.890  37.993741    12.4862     5.7757      1.874    32.6219    24.6508 -9.990e-29
 231.682630      1.891  37.977434    12.4765     5.7708      1.875    32.6147    24.6471 -9.990e-29
 231.682633      1.884  37.961383    12.4752     5.7689      1.868    32.6005    24.6363 -9.990e-29
 231.682636      1.871  37.950814    12.4830     5.7623      1.855    32.5836    24.6217 -9.990e-29
 231.682639      1.853  37.948299    12.4976     5.7591      1.838    32.5686    24.6073 -9.990e-29
 231.682642      1.832  37.954845    12.5151     5.7549      1.817    32.5597    24.5970 -9.990e-29
 231.682645      1.813  37.969126    12.5318     5.7530      1.798    32.5589    24.5932 -9.990e-29
 231.682648      1.797  37.986607    12.5454     5.7556      1.782    32.5638    24.5944 -9.990e-29
 231.682650      1.787  38.002768    12.5554     5.7500      1.772    32.5706    24.5977 -9.990e-29
 231.682653      1.784  38.015337    12.5631     5.7476      1.769    32.5759    24.6004 -9.990e-29
 231.682656      1.787  38.023722    12.5706     5.7494      1.772    32.5774    24.6001 -9.990e-29
 231.682659      1.795  38.028984    12.5783     5.7520      1.780    32.5757    24.5973 -9.990e-29
 231.682662      1.807  38.033863    12.5850     5.7530      1.792    32.5746    24.5952 -9.990e-29
 231.682665      1.819  38.040442    12.5894     5.7588      1.804    32.5770    24.5962 -9.990e-29
 231.682668      1.829  38.047214    12.5913     5.7623      1.814    32.5819    24.5996 -9.990e-29
 231.682671      1.836  38.051242    12.5915     5.7641      1.821    32.5855    24.6024 -9.990e-29
 231.682674      1.839  38.052262    12.5905     5.7628      1.824    32.5874    24.6040 -9.990e-29
 231.682677      1.839  38.051844    12.5885     5.7628      1.824    32.5887    24.6054 -9.990e-29
 231.682679      1.836  38.050734    12.5854     5.7612      1.821    32.5903    24.6073 -9.990e-29
 231.682682      1.832  38.049002    12.5807     5.7629      1.817    32.5927    24.6101 -9.990e-29
 231.682685      1.829  38.046742    12.5745     5.7685      1.814    32.5960    24.6137 -9.990e-29
 231.682688      1.826  38.043442    12.5680     5.7728      1.811    32.5984    24.6169 -9.990e-29
 231.682691      1.825  38.038195    12.5624     5.7799      1.810    32.5983    24.6179 -9.990e-29
 231.682694      1.826  38.031732    12.5576     5.7854      1.811    32.5963    24.6172 -9.990e-29
 231.682697      1.827  38.026426    12.5530     5.7877      1.812    32.5952    24.6173 -9.990e-29
 231.682700      1.830  38.022829    12.5484     5.7911      1.815    32.5957    24.6186 -9.990e-29
 231.682703      1.833  38.019497    12.5436     5.7900      1.818    32.5967    24.6203 -9.990e-29
 231.682705      1.836  38.015747    12.5386     5.7878      1.821    32.5975    24.6218 -9.990e-29
 231.682708      1.840  38.011779    12.5331     5.7852      1.825    32.5985    24.6236 -9.990e-29
 231.682711      1.844  38.007756    12.5269     5.7777      1.829    32.6000    24.6260 -9.990e-29
 231.682714      1.847  38.003232    12.5203     5.7694      1.832    32.6014    24.6284 -9.990e-29
 231.682717      1.848  37.997762    12.5137     5.7599      1.833    32.6019    24.6300 -9.990e-29
 231.682720      1.845  37.991942    12.5083     5.7494      1.830    32.6010    24.6304 -9.990e-29
 231.682723      1.838  37.986343    12.5065     5.7429      1.823    32.5972    24.6278 -9.990e-29
 231.682726      1.825  37.980910    12.5113     5.7409      1.810    32.5879    24.6196 -9.990e-29
 231.682729      1.808  37.977358    12.5230     5.7432      1.793    32.5744    24.6069 -9.990e-29
 231.682731      1.790  37.979785    12.5392     5.7498      1.775    32.5626    24.5947 -9.990e-29
 231.682734      1.772  37.990127    12.5560     5.7591      1.757    32.5580    24.5879 -9.990e-29
 231.682737      1.760  38.005930    12.5692     5.7677      1.745    32.5616    24.5882 -9.990e-29
 231.682740      1.755  38.022774    12.5761     5.7744      1.740    32.5717    24.5947 -9.990e-29
 231.682743      1.758  38.036067    12.5765     5.7793      1.743    32.5841    24.6041 -9.990e-29
 231.682746      1.770  38.042692    12.5723     5.7842      1.755    32.5940    24.6127 -9.990e-29
 231.682749      1.788  38.042102    12.5662     5.7847      1.773    32.5987    24.6175 -9.990e-29
 231.682752      1.809  38.036180    12.5598     5.7832      1.794    32.5986    24.6186 -9.990e-29
 231.682755      1.830  38.028921    12.5541     5.7790      1.815    32.5966    24.6182 -9.990e-29
 231.682758      1.848  38.023156    12.5488     5.7758      1.833    32.5957    24.6185 -9.990e-29
 231.682760      1.861  38.018690    12.5434     5.7717      1.845    32.5961    24.6198 -9.990e-29
 231.682763      1.868  38.014864    12.5379     5.7688      1.852    32.5972    24.6218 -9.990e-29
 231.682766      1.869  38.011143    12.5334     5.7681      1.853    32.5976    24.6229 -9.990e-29
 231.682769      1.865  38.006780    12.5316     5.7665      1.849    32.5950    24.6212 -9.990e-29
 231.682772      1.858  38.002250    12.5335     5.7698      1.842    32.5890    24.6162 -9.990e-29
 231.682775      1.847  37.999694    12.5381     5.7733      1.832    32.5826    24.6104 -9.990e-29
 231.682778      1.836  38.000951    12.5441     5.7767      1.821    32.5786    24.6061 -9.990e-29
 231.682781      1.825  38.005665    12.5501     5.7782      1.810    32.5779    24.6044 -9.990e-29
 231.682784      1.815  38.011722    12.5554     5.7789      1.800    32.5791    24.6043 -9.990e-29
 231.682786      1.809  38.017387    12.5597     5.7771      1.794    32.5808    24.6048 -9.990e-29
 231.682789      1.806  38.022233    12.5627     5.7743      1.791    32.5828    24.6058 -9.990e-29
 231.682792      1.807  38.026168    12.5641     5.7713      1.792    32.5853    24.6075 -9.990e-29
 231.682795      1.811  38.028943    12.5636     5.7693      1.796    32.5884    24.6100 -9.990e-29
 231.682798      1.818  38.030324    12.5607     5.7713      1.803    32.5922    24.6135 -9.990e-29
 231.682801      1.825  38.030122    12.5561     5.7718      1.810    32.5960    24.6173 -9.990e-29
 231.682804      1.831  38.027959    12.5509     5.7726      1.816    32.5985    24.6202 -9.990e-29
 231.682807      1.835  38.023585    12.5465     5.7739      1.820    32.5981    24.6208 -9.990e-29
 231.682810      1.837  38.018241    12.5438     5.7757      1.822    32.5954    24.6192 -9.990e-29
 231.682813      1.837  38.013900    12.5435     5.7773      1.822    32.5915    24.6162 -9.990e-29
 231.682815      1.836  38.011324    12.5457     5.7759      1.821    32.5871    24.6124 -9.990e-29
 231.682818      1.835  38.010813    12.5499     5.7734      1.820    32.5830    24.6084 -9.990e-29
 231.682821      1.834  38.012873    12.5549     5.7719      1.819    32.5806    24.6056 -9.990e-29
 231.682824      1.833  38.017154    12.5597     5.7693      1.818    32.5805    24.6046 -9.990e-29
 231.682827      1.835  38.022166    12.5637     5.7635      1.820    32.5819    24.6049 -9.990e-29
 231.682830      1.837  38.026728    12.5662     5.7614      1.822    32.5840    24.6061 -9.990e-29
 231.682833      1.839  38.030416    12.5673     5.7631      1.824    32.5866    24.6079 -9.990e-29
 231.682836      1.840  38.032780    12.5671     5.7654      1.825    32.5890    24.6098 -9.990e-29
 231.682839      1.838  38.033570    12.5663     5.7707      1.823    32.5905    24.6111 -9.990e-29
 231.682841      1.831  38.033068    12.5659     5.7729      1.816    32.5904    24.6111 -9.990e-29
 231.682844      1.822  38.031928    12.5664     5.7736      1.807    32.5888    24.6098 -9.990e-29
 231.682847      1.810  38.030959    12.5679     5.7773      1.795    32.5866    24.6078 -9.990e-29
 231.682850      1.800  38.031034    12.5699     5.7846      1.785    32.5850    24.6061 -9.990e-29
 231.682853      1.793  38.032446    12.5722     5.7843      1.778    32.5843    24.6052 -9.990e-29
 231.682856      1.793  38.034530    12.5744     5.7801      1.778    32.5844    24.6048 -9.990e-29
 231.682859      1.800  38.036644    12.5762     5.7714      1.785    32.5849    24.6048 -9.990e-29
 231.682862      1.812  38.038586    12.5772     5.7606      1.797    32.5858    24.6054 -9.990e-29
 231.682865      1.826  38.040247    12.5774     5.7528      1.811    32.5872    24.6064 -9.990e-29
 231.682867      1.838  38.041304    12.5773     5.7459      1.823    32.5883    24.6073 -9.990e-29
 231.682870      1.844  38.041396    12.5774     5.7420      1.829    32.5883    24.6073 -9.990e-29
 231.682873      1.843  38.040896    12.5781     5.7401      1.828    32.5872    24.6063 -9.990e-29
 231.682876      1.832  38.040575    12.5800     5.7449      1.817    32.5853    24.6044 -9.990e-29
 231.682879      1.816  38.040804    12.5832     5.7510      1.801    32.5828    24.6018 -9.990e-29
 231.682882      1.796  38.042082    12.5874     5.7553      1.781    32.5803    24.5992 -9.990e-29
 231.682885      1.778  38.044847    12.5916     5.7645      1.763    32.5794    24.5976 -9.990e-29
 231.682888      1.766  38.048797    12.5947     5.7692      1.751    32.5804    24.5978 -9.990e-29
 231.682891      1.761  38.053067    12.5957     5.7778      1.746    32.5836    24.6001 -9.990e-29
 231.682894      1.767  38.056392    12.5942     5.7827      1.752    32.5881    24.6039 -9.990e-29
 231.682896      1.781  38.057711    12.5897     5.7896      1.766    32.5933    24.6087 -9.990e-29
 231.682899      1.803  38.056680    12.5815     5.7951      1.788    32.5994    24.6150 -9.990e-29
 231.682902      1.827  38.053238    12.5685     5.8003      1.812    32.6073    24.6237 -9.990e-29
 231.682905      1.850  38.047039    12.5511     5.8021      1.835    32.6165    24.6342 -9.990e-29
 231.682908      1.871  38.036870    12.5332     5.8034      1.855    32.6223    24.6421 -9.990e-29
 231.682911      1.886  38.021270    12.5194     5.8005      1.870    32.6194    24.6425 -9.990e-29
 231.682914      1.895  38.002830    12.5116     5.7971      1.879    32.6085    24.6356 -9.990e-29
 231.682917      1.899  37.988274    12.5094     5.7902      1.883    32.5965    24.6267 -9.990e-29
 231.682920      1.898  37.981433    12.5113     5.7852      1.882    32.5884    24.6200 -9.990e-29
 231.682922      1.892  37.980849    12.5164     5.7792      1.876    32.5834    24.6151 -9.990e-29
 231.682925      1.880  37.983759    12.5238     5.7735      1.864    32.5797    24.6109 -9.990e-29
 231.682928      1.865  37.988752    12.5335     5.7705      1.849    32.5761    24.6062 -9.990e-29
 231.682931      1.845  37.995241    12.5453     5.7702      1.830    32.5721    24.6009 -9.990e-29
 231.682934      1.822  38.003062    12.5589     5.7736      1.807    32.5678    24.5949 -9.990e-29
 231.682937      1.797  38.012638    12.5732     5.7767      1.782    32.5646    24.5897 -9.990e-29
 231.682940      1.772  38.024194    12.5871     5.7827      1.757    32.5636    24.5862 -9.990e-29
 231.682943      1.750  38.036790    12.5995     5.7848      1.735    32.5648    24.5848 -9.990e-29
 231.682946      1.732  38.049047    12.6096     5.7901      1.718    32.5678    24.5852 -9.990e-29
 231.682948      1.723  38.060020    12.6168     5.7953      1.709    32.5720    24.5871 -9.990e-29
 231.682951      1.722  38.068958    12.6207     5.7928      1.708    32.5772    24.5903 -9.990e-29
 231.682954      1.731  38.075330    12.6214     5.7878      1.717    32.5826    24.5944 -9.990e-29
 231.682957      1.748  38.078890    12.6195     5.7824      1.733    32.5877    24.5987 -9.990e-29
 231.682960      1.771  38.079433    12.6160     5.7771      1.756    32.5912    24.6021 -9.990e-29
 231.682963      1.796  38.077354    12.6119     5.7720      1.781    32.5928    24.6041 -9.990e-29
 231.682966      1.820  38.073972    12.6081     5.7652      1.805    32.5928    24.6049 -9.990e-29
 231.682969      1.840  38.070309    12.6056     5.7642      1.825    32.5915    24.6043 -9.990e-29
 231.682972      1.853  38.066735    12.6050     5.7673      1.838    32.5886    24.6022 -9.990e-29
 231.682975      1.859  38.064059    12.6062     5.7720      1.843    32.5850    24.5992 -9.990e-29
 231.682977      1.858  38.063323    12.6091     5.7787      1.842    32.5818    24.5961 -9.990e-29
 231.682980      1.853  38.064492    12.6134     5.7825      1.838    32.5792    24.5933 -9.990e-29
 231.682983      1.844  38.067072    12.6185     5.7878      1.829    32.5772    24.5908 -9.990e-29
 231.682986      1.835  38.070944    12.6233     5.7912      1.820    32.5768    24.5895 -9.990e-29
 231.682989      1.829  38.075702    12.6267     5.7949      1.814    32.5784    24.5901 -9.990e-29
 231.682992      1.827  38.080391    12.6274     5.7961      1.812    32.5822    24.5929 -9.990e-29
 231.682995      1.831  38.083900    12.6246     5.7947      1.816    32.5880    24.5979 -9.990e-29
 231.682998      1.839  38.085288    12.6179     5.7906      1.824    32.5951    24.6047 -9.990e-29
 231.683001      1.850  38.083535    12.6077     5.7878      1.835    32.6023    24.6123 -9.990e-29
 231.683003      1.862  38.077968    12.5956     5.7844      1.846    32.6074    24.6186 -9.990e-29
 231.683006      1.872  38.069117    12.5845     5.7801      1.856    32.6086    24.6216 -9.990e-29
 231.683009      1.876  38.057929    12.5768     5.7749      1.860    32.6046    24.6200 -9.990e-29
 231.683012      1.874  38.046533    12.5741     5.7712      1.858    32.5961    24.6139 -9.990e-29
 231.683015      1.864  38.038531    12.5769     5.7669      1.848    32.5860    24.6056 -9.990e-29
 231.683018      1.847  38.035713    12.5850     5.7647      1.832    32.5763    24.5965 -9.990e-29
 231.683021      1.825  38.037881    12.5966     5.7638      1.810    32.5684    24.5881 -9.990e-29
 231.683024      1.799  38.045063    12.6091     5.7647      1.784    32.5644    24.5826 -9.990e-29
 231.683027      1.774  38.056310    12.6202     5.7714      1.759    32.5655    24.5814 -9.990e-29
 231.683030      1.753  38.068562    12.6283     5.7810      1.738    32.5702    24.5834 -9.990e-29
 231.683032      1.739  38.079070    12.6330     5.7901      1.724    32.5762    24.5871 -9.990e-29
 231.683035      1.733  38.086541    12.6347     5.7910      1.719    32.5818    24.5912 -9.990e-29
 231.683038      1.737  38.090556    12.6343     5.7913      1.722    32.5860    24.5945 -9.990e-29
 231.683041      1.748  38.091492    12.6325     5.7846      1.733    32.5884    24.5967 -9.990e-29
 231.683044      1.764  38.090408    12.6298     5.7791      1.749    32.5897    24.5983 -9.990e-29
 231.683047      1.782  38.088473    12.6270     5.7736      1.767    32.5903    24.5993 -9.990e-29
 231.683050      1.799  38.085934    12.6249     5.7701      1.784    32.5897    24.5992 -9.990e-29
 231.683053      1.813  38.083066    12.6238     5.7654      1.798    32.5879    24.5980 -9.990e-29
 231.683056      1.822  38.080957    12.6235     5.7622      1.807    32.5861    24.5967 -9.990e-29
 231.683058      1.828  38.080110    12.6239     5.7640      1.813    32.5850    24.5957 -9.990e-29
 231.683061      1.831  38.080069    12.6252     5.7688      1.816    32.5838    24.5946 -9.990e-29
 231.683064      1.834  38.080519    12.6270     5.7731      1.819    32.5827    24.5934 -9.990e-29
