data/oxygen options/OCNMS/OCNMS1/raw_data/2008/SBE19plus/CTD_KL027_071508faed.cnv
* Sea-Bird SBE19plus Data File:
* FileName = C:\2008_Mooring_Data\071408_sevice\CTD_KL027_071508.hex
* Software Version 1.59
* Temperature SN =  4671
* Conductivity SN =  4671
* System UpLoad Time = Jul 15 2008 15:58:06
* ds
* SeacatPlus V 1.6b  SERIAL NO. 4671    15 Jul 2008  15:57:45
# nquan = 9                                 
# nvalues = 1318                        
# units = specified
# name 0 = timeJ: Julian Days
# name 1 = prdM: Pressure, Strain Gauge [db]
# name 2 = c0mS/cm: Conductivity [mS/cm]
# name 3 = tv290C: Temperature [ITS-90, deg C]
# name 4 = sbeox0ML/L: Oxygen, SBE 43 [ml/l]
# name 5 = depSM: Depth [salt water, m], lat = 47.5
# name 6 = sal00: Salinity, Practical [PSU]
# name 7 = sigma-é00: Density [sigma-theta, kg/m^3]
# name 8 = flag: flag
# span 0 = 197.646979, 197.650790       
# span 1 =      0.006,     25.986       
# span 2 =   0.001247,  36.850313       
# span 3 =     6.8621,    12.1436       
# span 4 =     2.0353,     7.9047       
# span 5 =      0.006,     25.767       
# span 6 =     0.0064,    33.7971       
# span 7 =    -0.5119,    26.4902       
# span 8 = 0.0000e+00, 0.0000e+00       
# interval = seconds: 0.25
# start_time = Jul 15 2008 15:31:39 [Instrument's time stamp, header]
# bad_flag = -9.990e-29
*END*
[from data line 961]
 197.649760      1.259  36.317605     9.8433     5.1345      1.248    33.3355    25.6786 -9.990e-29
 197.649763      1.263  36.320105     9.8443     5.1378      1.252    33.3372    25.6797 -9.990e-29
 197.649766      1.262  36.322093     9.8443     5.1422      1.251    33.3392    25.6813 -9.990e-29
 197.649769      1.259  36.323181     9.8435     5.1443      1.248    33.3411    25.6828 -9.990e-29
 197.649771      1.255  36.323194     9.8423     5.1460      1.245    33.3422    25.6839 -9.990e-29
 197.649774      1.253  36.322354     9.8409     5.1443      1.243    33.3426    25.6845 -9.990e-29
 197.649777      1.255  36.321096     9.8394     5.1361      1.245    33.3427    25.6848 -9.990e-29
 197.649780      1.259  36.319760     9.8381     5.1211      1.248    33.3426    25.6849 -9.990e-29
 197.649783      1.267  36.318539     9.8368     5.0980      1.256    33.3425    25.6851 -9.990e-29
 197.649786      1.277  36.317485     9.8357     5.0710      1.266    33.3425    25.6852 -9.990e-29
 197.649789      1.288  36.316519     9.8349     5.0177      1.277    33.3422    25.6852 -9.990e-29
 197.649792      1.301  36.315635     9.8341     4.9592      1.290    33.3420    25.6852 -9.990e-29
 197.649795      1.317  36.314935     9.8334     4.8895      1.306    33.3420    25.6852 -9.990e-29
 197.649797      1.340  36.314381     9.8326     4.8055      1.329    33.3421    25.6855 -9.990e-29
 197.649800      1.374  36.313850     9.8313     4.7185      1.363    33.3428    25.6862 -9.990e-29
 197.649803      1.421  36.313270     9.8294     4.6346      1.409    33.3439    25.6874 -9.990e-29
 197.649806      1.485  36.312490     9.8262     4.5509      1.473    33.3461    25.6896 0.0000e+00
 197.649809      1.568  36.311193     9.8212     4.4703      1.555    33.3493    25.6930 0.0000e+00
 197.649812      1.672  36.309003     9.8130     4.3939      1.658    33.3546    25.6985 0.0000e+00
 197.649815      1.798  36.305517     9.7996     4.3311      1.783    33.3634    25.7076 0.0000e+00
 197.649818      1.945  36.300011     9.7780     4.2743      1.929    33.3778    25.7224 0.0000e+00
 197.649821      2.114  36.291235     9.7452     4.2271      2.096    33.3992    25.7445 0.0000e+00
 197.649823      2.299  36.276655     9.6997     4.1850      2.280    33.4264    25.7733 0.0000e+00
 197.649826      2.500  36.253417     9.6422     4.1526      2.479    33.4560    25.8059 0.0000e+00
 197.649829      2.713  36.219912     9.5762     4.1325      2.690    33.4831    25.8379 0.0000e+00
 197.649832      2.938  36.176072     9.5066     4.1191      2.913    33.5029    25.8647 0.0000e+00
 197.649835      3.175  36.124754     9.4371     4.1110      3.148    33.5149    25.8854 0.0000e+00
 197.649838      3.421  36.070876     9.3695     4.1054      3.392    33.5225    25.9023 0.0000e+00
 197.649841      3.674  36.018227     9.3045     4.1003      3.643    33.5289    25.9178 0.0000e+00
 197.649844      3.931  35.967850     9.2422     4.0992      3.898    33.5351    25.9327 0.0000e+00
 197.649847      4.188  35.919431     9.1829     4.1016      4.153    33.5406    25.9464 0.0000e+00
 197.649850      4.440  35.873011     9.1273     4.1056      4.403    33.5446    25.9584 0.0000e+00
 197.649852      4.689  35.828709     9.0762     4.1087      4.650    33.5465    25.9681 0.0000e+00
 197.649855      4.934  35.786780     9.0290     4.1090      4.893    33.5472    25.9761 0.0000e+00
 197.649858      5.179  35.747985     8.9837     4.1097      5.136    33.5494    25.9850 0.0000e+00
 197.649861      5.425  35.712379     8.9398     4.1105      5.380    33.5536    25.9952 0.0000e+00
 197.649864      5.671  35.678083     8.8989     4.1119      5.624    33.5563    26.0037 0.0000e+00
 197.649867      5.917  35.642507     8.8632     4.1123      5.868    33.5528    26.0065 0.0000e+00
 197.649870      6.159  35.606757     8.8325     4.1099      6.108    33.5443    26.0047 0.0000e+00
 197.649873      6.393  35.575551     8.8056     4.1050      6.340    33.5370    26.0031 0.0000e+00
 197.649876      6.618  35.550268     8.7821     4.0981      6.563    33.5326    26.0033 0.0000e+00
 197.649878      6.834  35.528321     8.7626     4.0885      6.777    33.5279    26.0027 0.0000e+00
 197.649881      7.046  35.508198     8.7471     4.0751      6.987    33.5214    26.0000 0.0000e+00
 197.649884      7.260  35.490946     8.7342     4.0606      7.199    33.5154    25.9973 0.0000e+00
 197.649887      7.482  35.477825     8.7219     4.0494      7.419    33.5132    25.9975 0.0000e+00
 197.649890      7.713  35.467838     8.7083     4.0402      7.648    33.5155    26.0014 0.0000e+00
 197.649893      7.954  35.458388     8.6925     4.0309      7.887    33.5204    26.0077 0.0000e+00
 197.649896      8.203  35.446864     8.6743     4.0201      8.134    33.5254    26.0145 0.0000e+00
 197.649899      8.458  35.432400     8.6540     4.0074      8.387    33.5294    26.0207 0.0000e+00
 197.649902      8.716  35.415576     8.6318     3.9932      8.643    33.5326    26.0266 0.0000e+00
 197.649905      8.975  35.396737     8.6092     3.9746      8.900    33.5341    26.0313 0.0000e+00
 197.649907      9.231  35.376219     8.5876     3.9474      9.154    33.5329    26.0336 0.0000e+00
 197.649910      9.483  35.355035     8.5680     3.9089      9.404    33.5291    26.0337 0.0000e+00
 197.649913      9.727  35.335199     8.5505     3.8726      9.646    33.5247    26.0329 0.0000e+00
 197.649916      9.962  35.318025     8.5341     3.8319      9.879    33.5220    26.0333 0.0000e+00
 197.649919     10.191  35.303375     8.5177     3.7891     10.106    33.5221    26.0359 0.0000e+00
 197.649922     10.414  35.290252     8.5005     3.7410     10.327    33.5245    26.0404 0.0000e+00
 197.649925     10.632  35.277266     8.4825     3.6966     10.543    33.5278    26.0457 0.0000e+00
 197.649928     10.845  35.263301     8.4640     3.6528     10.754    33.5305    26.0507 0.0000e+00
 197.649931     11.053  35.248001     8.4457     3.6169     10.960    33.5317    26.0543 0.0000e+00
 197.649933     11.257  35.231905     8.4277     3.5873     11.163    33.5317    26.0571 0.0000e+00
 197.649936     11.457  35.215791     8.4082     3.5599     11.361    33.5331    26.0612 0.0000e+00
 197.649939     11.656  35.200359     8.3847     3.5443     11.558    33.5391    26.0694 0.0000e+00
 197.649942     11.857  35.184784     8.3547     3.5305     11.758    33.5511    26.0834 0.0000e+00
 197.649945     12.062  35.166179     8.3182     3.5220     11.961    33.5661    26.1006 0.0000e+00
 197.649948     12.271  35.141004     8.2769     3.5060     12.168    33.5788    26.1168 0.0000e+00
 197.649951     12.486  35.107823     8.2328     3.4860     12.381    33.5856    26.1287 0.0000e+00
 197.649954     12.706  35.069026     8.1862     3.4493     12.600    33.5888    26.1382 0.0000e+00
 197.649957     12.931  35.028122     8.1366     3.4026     12.823    33.5927    26.1486 0.0000e+00
 197.649959     13.158  34.986640     8.0855     3.3451     13.048    33.5973    26.1599 0.0000e+00
 197.649962     13.385  34.942473     8.0369     3.2791     13.273    33.5967    26.1666 0.0000e+00
 197.649965     13.608  34.893489     7.9941     3.2120     13.494    33.5854    26.1640 0.0000e+00
 197.649968     13.825  34.844433     7.9578     3.1470     13.709    33.5676    26.1554 0.0000e+00
 197.649971     14.031  34.802271     7.9279     3.0986     13.913    33.5511    26.1468 0.0000e+00
 197.649974     14.225  34.767727     7.9040     3.0638     14.106    33.5370    26.1392 0.0000e+00
 197.649977     14.408  34.738825     7.8847     3.0419     14.287    33.5245    26.1321 0.0000e+00
 197.649980     14.587  34.715571     7.8672     3.0340     14.465    33.5162    26.1282 0.0000e+00
 197.649983     14.768  34.697864     7.8478     3.0365     14.644    33.5158    26.1307 0.0000e+00
 197.649986     14.956  34.683006     7.8218     3.0459     14.831    33.5248    26.1415 0.0000e+00
 197.649988     15.155  34.666898     7.7840     3.0565     15.028    33.5437    26.1619 0.0000e+00
 197.649991     15.366  34.644539     7.7306     3.0721     15.237    33.5710    26.1910 0.0000e+00
 197.649994     15.585  34.610274     7.6615     3.0759     15.454    33.6007    26.2243 0.0000e+00
 197.649997     15.811  34.558842     7.5820     3.0969     15.678    33.6220    26.2524 0.0000e+00
 197.650000     16.039  34.488337     7.5025     3.1111     15.905    33.6226    26.2642 0.0000e+00
 197.650003     16.266  34.402972     7.4331     3.1164     16.130    33.5972    26.2541 0.0000e+00
 197.650006     16.486  34.314373     7.3784     3.1204     16.348    33.5540    26.2277 0.0000e+00
 197.650009     16.696  34.239083     7.3376     3.1093     16.556    33.5117    26.2001 0.0000e+00
 197.650012     16.894  34.184905     7.3079     3.0876     16.752    33.4814    26.1805 0.0000e+00
 197.650014     17.081  34.148433     7.2859     3.0554     16.938    33.4630    26.1690 0.0000e+00
 197.650017     17.261  34.124173     7.2687     3.0048     17.116    33.4531    26.1637 0.0000e+00
 197.650020     17.436  34.107629     7.2539     2.9429     17.290    33.4494    26.1628 0.0000e+00
 197.650023     17.611  34.095702     7.2402     2.8729     17.463    33.4496    26.1648 0.0000e+00
 197.650026     17.785  34.086201     7.2265     2.7895     17.636    33.4524    26.1689 0.0000e+00
 197.650029     17.963  34.077828     7.2119     2.6973     17.812    33.4573    26.1748 0.0000e+00
 197.650032     18.144  34.070054     7.1954     2.6041     17.992    33.4648    26.1830 0.0000e+00
 197.650035     18.331  34.062533     7.1769     2.5126     18.177    33.4744    26.1931 0.0000e+00
 197.650038     18.524  34.054727     7.1566     2.4276     18.369    33.4855    26.2046 0.0000e+00
 197.650041     18.726  34.046765     7.1344     2.3495     18.569    33.4983    26.2177 0.0000e+00
 197.650043     18.936  34.039675     7.1114     2.2858     18.777    33.5128    26.2323 0.0000e+00
 197.650046     19.152  34.034145     7.0890     2.2426     18.991    33.5284    26.2477 0.0000e+00
 197.650049     19.373  34.030554     7.0680     2.2149     19.210    33.5448    26.2635 0.0000e+00
 197.650052     19.597  34.029218     7.0486     2.1985     19.433    33.5621    26.2798 0.0000e+00
 197.650055     19.822  34.029844     7.0302     2.1932     19.656    33.5807    26.2969 0.0000e+00
 197.650058     20.047  34.031834     7.0122     2.1961     19.879    33.6003    26.3148 0.0000e+00
 197.650061     20.272  34.034929     6.9940     2.1979     20.102    33.6214    26.3339 0.0000e+00
 197.650064     20.498  34.038998     6.9752     2.1988     20.326    33.6441    26.3543 0.0000e+00
 197.650067     20.724  34.043822     6.9562     2.1976     20.550    33.6679    26.3757 0.0000e+00
 197.650069     20.950  34.049493     6.9384     2.1908     20.774    33.6915    26.3966 0.0000e+00
 197.650072     21.174  34.056012     6.9230     2.1840     20.996    33.7136    26.4162 0.0000e+00
 197.650075     21.392  34.062582     6.9108     2.1762     21.212    33.7327    26.4329 0.0000e+00
 197.650078     21.600  34.068251     6.9018     2.1680     21.419    33.7477    26.4459 0.0000e+00
 197.650081     21.796  34.072676     6.8961     2.1627     21.613    33.7580    26.4548 0.0000e+00
 197.650084     21.979  34.075925     6.8931     2.1562     21.794    33.7645    26.4603 0.0000e+00
 197.650087     22.155  34.078232     6.8917     2.1491     21.969    33.7683    26.4635 0.0000e+00
 197.650090     22.330  34.079895     6.8908     2.1437     22.142    33.7709    26.4657 0.0000e+00
 197.650093     22.509  34.080885     6.8892     2.1401     22.320    33.7735    26.4680 0.0000e+00
 197.650095     22.698  34.080908     6.8865     2.1317     22.507    33.7761    26.4704 0.0000e+00
 197.650098     22.896  34.080244     6.8831     2.1261     22.704    33.7786    26.4728 0.0000e+00
 197.650101     23.103  34.079565     6.8795     2.1164     22.909    33.7813    26.4754 0.0000e+00
 197.650104     23.317  34.079144     6.8762     2.1104     23.121    33.7840    26.4780 0.0000e+00
 197.650107     23.534  34.078934     6.8734     2.1048     23.336    33.7864    26.4803 0.0000e+00
 197.650110     23.752  34.078855     6.8711     2.0999     23.552    33.7885    26.4822 0.0000e+00
 197.650113     23.967  34.078862     6.8692     2.0945     23.766    33.7902    26.4839 0.0000e+00
 197.650116     24.177  34.078981     6.8677     2.0937     23.974    33.7918    26.4853 0.0000e+00
 197.650119     24.381  34.079202     6.8666     2.0889     24.176    33.7930    26.4864 0.0000e+00
 197.650122     24.576  34.079416     6.8658     2.0894     24.369    33.7939    26.4872 0.0000e+00
 197.650124     24.762  34.079527     6.8651     2.0903     24.554    33.7946    26.4879 0.0000e+00
 197.650127     24.942  34.079561     6.8645     2.0900     24.732    33.7952    26.4884 0.0000e+00
 197.650130     25.116  34.079611     6.8640     2.0893     24.905    33.7956    26.4888 0.0000e+00
 197.650133     25.286  34.079693     6.8636     2.0890     25.073    33.7960    26.4892 0.0000e+00
 197.650136     25.451  34.079771     6.8631     2.0871     25.237    33.7965    26.4896 0.0000e+00
 197.650139     25.607  34.079780     6.8626     2.0826     25.392    33.7969    26.4901 0.0000e+00
 197.650142     25.748  34.079637     6.8622     2.0787     25.532    33.7971    26.4902 0.0000e+00
 197.650145     25.865  34.079363     6.8621     2.0711     25.648    33.7969    26.4900 0.0000e+00
 197.650148     25.949  34.079011     6.8623     2.0632     25.731    33.7962    26.4895 -9.990e-29
 197.650150     25.986  34.078530     6.8628     2.0566     25.767    33.7952    26.4886 -9.990e-29
 197.650153     25.966  34.077800     6.8637     2.0522     25.748    33.7935    26.4872 -9.990e-29
 197.650156     25.890  34.076550     6.8648     2.0475     25.672    33.7911    26.4851 0.0000e+00
 197.650159     25.763  34.074166     6.8659     2.0415     25.546    33.7874    26.4821 0.0000e+00
 197.650162     25.597  34.069601     6.8670     2.0423     25.382    33.7814    26.4772 0.0000e+00
 197.650165     25.402  34.066148     6.8681     2.0403     25.188    33.7766    26.4733 0.0000e+00
 197.650168     25.186  34.068035     6.8688     2.0370     24.974    33.7781    26.4744 0.0000e+00
 197.650171     24.958  34.071762     6.8690     2.0361     24.748    33.7821    26.4775 0.0000e+00
 197.650174     24.723  34.073831     6.8689     2.0353     24.515    33.7846    26.4795 0.0000e+00
 197.650177     24.484  34.075115     6.8688     2.0366     24.278    33.7863    26.4808 0.0000e+00
 197.650179     24.242  34.076297     6.8688     2.0385     24.038    33.7877    26.4819 0.0000e+00
 197.650182     23.999  34.077246     6.8688     2.0439     23.797    33.7888    26.4828 0.0000e+00
 197.650185     23.753  34.077854     6.8686     2.0494     23.553    33.7898    26.4836 0.0000e+00
 197.650188     23.506  34.078240     6.8683     2.0587     23.308    33.7907    26.4843 0.0000e+00
 197.650191     23.263  34.078251     6.8681     2.0804     23.068    33.7910    26.4846 0.0000e+00
 197.650194     23.027  34.077719     6.8681     2.1036     22.834    33.7905    26.4842 0.0000e+00
 197.650197     22.804  34.076779     6.8682     2.1341     22.612    33.7895    26.4834 0.0000e+00
 197.650200     22.596  34.075735     6.8686     2.1677     22.406    33.7881    26.4822 0.0000e+00
 197.650203     22.406  34.074757     6.8693     2.2109     22.218    33.7864    26.4808 0.0000e+00
 197.650205     22.230  34.073969     6.8703     2.2523     22.043    33.7846    26.4793 0.0000e+00
 197.650208     22.063  34.073372     6.8716     2.2868     21.878    33.7828    26.4776 0.0000e+00
 197.650211     21.896  34.072703     6.8732     2.3148     21.712    33.7805    26.4757 0.0000e+00
 197.650214     21.722  34.071762     6.8752     2.3344     21.540    33.7776    26.4731 0.0000e+00
 197.650217     21.536  34.070600     6.8775     2.3508     21.355    33.7742    26.4701 0.0000e+00
