data/oxygen options/OCNMS/OCNMS1/raw_data/2008/SBE19plus/CTD_CA015_071408faed.cnv
* Sea-Bird SBE19plus Data File:
* FileName = C:\2008_Mooring_Data\071408_sevice\CTD_CA015_071408.hex
* Software Version 1.59
* Temperature SN =  4671
* Conductivity SN =  4671
* System UpLoad Time = Jul 14 2008 17:11:33
* ds
* SeacatPlus V 1.6b  SERIAL NO. 4671    14 Jul 2008  17:11:12
# nquan = 9                                 
# nvalues = 3093                        
# units = specified
# name 0 = timeJ: Julian Days
# name 1 = prdM: Pressure, Strain Gauge [db]
# name 2 = c0mS/cm: Conductivity [mS/cm]
# name 3 = tv290C: Temperature [ITS-90, deg C]
# name 4 = sbeox0ML/L: Oxygen, SBE 43 [ml/l]
# name 5 = depSM: Depth [salt water, m], lat = 47.5
# name 6 = sal00: Salinity, Practical [PSU]
# name 7 = sigma-é00: Density [sigma-theta, kg/m^3]
# name 8 = flag: flag
# span 0 = 196.697731, 196.706678       
# span 1 =     -0.001,     22.175       
# span 2 =  -0.093491,  36.865946       
# span 3 =     7.3401,    13.1418       
# span 4 =     2.2150,     6.2183       
# span 5 =     -0.001,     21.989       
# span 6 =     0.0000,    33.6442       
# span 7 =    -0.6367,    26.3035       
# span 8 = 0.0000e+00, 0.0000e+00       
# interval = seconds: 0.25
# start_time = Jul 14 2008 16:44:44 [Instrument's time stamp, header]
# bad_flag = -9.990e-29
*END*
[from data line 2401]
 196.704679      5.329  35.813790     9.4455     3.9580      5.284    33.1855    25.6266 -9.990e-29
 196.704682      5.321  35.819881     9.4483     3.9646      5.277    33.1892    25.6290 -9.990e-29
 196.704685      5.317  35.824660     9.4476     3.9794      5.273    33.1947    25.6335 -9.990e-29
 196.704688      5.317  35.827198     9.4437     3.9891      5.273    33.2010    25.6390 -9.990e-29
 196.704690      5.321  35.826645     9.4363     3.9974      5.277    33.2073    25.6451 -9.990e-29
 196.704693      5.330  35.823311     9.4235     4.0014      5.285    33.2157    25.6538 -9.990e-29
 196.704696      5.341  35.818139     9.4035     4.0022      5.296    33.2289    25.6673 -9.990e-29
 196.704699      5.352  35.810118     9.3772     4.0049      5.307    33.2451    25.6842 -9.990e-29
 196.704702      5.361  35.796256     9.3500     4.0054      5.316    33.2561    25.6972 -9.990e-29
 196.704705      5.363  35.775303     9.3302     4.0102      5.318    33.2529    25.6978 -9.990e-29
 196.704708      5.358  35.751036     9.3227     4.0152      5.313    33.2348    25.6849 -9.990e-29
 196.704711      5.346  35.731923     9.3262     4.0285      5.301    33.2118    25.6663 -9.990e-29
 196.704714      5.328  35.725292     9.3363     4.0371      5.283    33.1955    25.6520 -9.990e-29
 196.704716      5.308  35.730674     9.3485     4.0541      5.264    33.1898    25.6456 -9.990e-29
 196.704719      5.289  35.741560     9.3595     4.0673      5.245    33.1908    25.6446 -9.990e-29
 196.704722      5.274  35.752900     9.3671     4.0807      5.230    33.1955    25.6470 -9.990e-29
 196.704725      5.266  35.762494     9.3706     4.0929      5.222    33.2021    25.6517 -9.990e-29
 196.704728      5.264  35.768645     9.3712     4.1001      5.220    33.2079    25.6561 -9.990e-29
 196.704731      5.269  35.770932     9.3709     4.1091      5.225    33.2105    25.6582 -9.990e-29
 196.704734      5.276  35.770491     9.3716     4.1107      5.232    33.2094    25.6572 -9.990e-29
 196.704737      5.285  35.769298     9.3744     4.1109      5.241    33.2056    25.6538 -9.990e-29
 196.704740      5.292  35.769241     9.3796     4.1081      5.248    33.2007    25.6491 -9.990e-29
 196.704742      5.300  35.771361     9.3879     4.1050      5.256    33.1952    25.6435 -9.990e-29
 196.704745      5.307  35.775635     9.3996     4.0919      5.263    33.1887    25.6365 -9.990e-29
 196.704748      5.316  35.781779     9.4142     4.0952      5.272    33.1815    25.6285 -9.990e-29
 196.704751      5.327  35.790434     9.4303     4.0894      5.282    33.1755    25.6212 -9.990e-29
 196.704754      5.343  35.801896     9.4475     4.0897      5.298    33.1714    25.6152 -9.990e-29
 196.704757      5.364  35.814685     9.4660     4.0930      5.319    33.1674    25.6091 -9.990e-29
 196.704760      5.388  35.827180     9.4844     4.0989      5.343    33.1632    25.6029 -9.990e-29
 196.704763      5.411  35.840224     9.5001     4.1099      5.366    33.1621    25.5995 -9.990e-29
 196.704766      5.427  35.854647     9.5113     4.1236      5.382    33.1665    25.6011 -9.990e-29
 196.704769      5.433  35.867634     9.5178     4.1443      5.388    33.1739    25.6058 -9.990e-29
 196.704771      5.424  35.876143     9.5200     4.1632      5.379    33.1806    25.6107 -9.990e-29
 196.704774      5.401  35.880408     9.5184     4.1892      5.356    33.1865    25.6155 -9.990e-29
 196.704777      5.367  35.881543     9.5141     4.2035      5.322    33.1916    25.6203 -9.990e-29
 196.704780      5.326  35.879822     9.5090     4.2118      5.281    33.1946    25.6234 -9.990e-29
 196.704783      5.284  35.875822     9.5051     4.2060      5.240    33.1941    25.6237 -9.990e-29
 196.704786      5.246  35.870891     9.5038     4.1836      5.202    33.1903    25.6209 -9.990e-29
 196.704789      5.215  35.867001     9.5054     4.1449      5.171    33.1848    25.6164 -9.990e-29
 196.704792      5.193  35.865639     9.5101     4.1019      5.150    33.1791    25.6111 -9.990e-29
 196.704795      5.179  35.866776     9.5175     4.0578      5.136    33.1734    25.6055 -9.990e-29
 196.704797      5.174  35.870234     9.5272     4.0254      5.131    33.1680    25.5997 -9.990e-29
 196.704800      5.179  35.875894     9.5396     4.0066      5.136    33.1623    25.5932 -9.990e-29
 196.704803      5.190  35.883000     9.5554     3.9967      5.147    33.1550    25.5849 -9.990e-29
 196.704806      5.208  35.891613     9.5741     4.0086      5.164    33.1465    25.5753 -9.990e-29
 196.704809      5.231  35.903106     9.5931     4.0337      5.187    33.1408    25.5677 -9.990e-29
 196.704812      5.255  35.918193     9.6093     4.0718      5.211    33.1413    25.5654 -9.990e-29
 196.704815      5.282  35.934805     9.6203     4.1097      5.238    33.1482    25.5690 -9.990e-29
 196.704818      5.309  35.949027     9.6230     4.1529      5.265    33.1602    25.5780 -9.990e-29
 196.704821      5.337  35.958687     9.6130     4.1855      5.292    33.1794    25.5946 -9.990e-29
 196.704823      5.366  35.962731     9.5861     4.2034      5.321    33.2084    25.6217 -9.990e-29
 196.704826      5.393  35.957698     9.5435     4.2032      5.348    33.2427    25.6554 -9.990e-29
 196.704829      5.416  35.938934     9.4940     4.1855      5.371    33.2693    25.6843 -9.990e-29
 196.704832      5.432  35.904662     9.4507     4.1579      5.387    33.2742    25.6951 -9.990e-29
 196.704835      5.439  35.860826     9.4244     4.1214      5.394    33.2535    25.6832 -9.990e-29
 196.704838      5.435  35.821380     9.4201     4.0842      5.390    33.2168    25.6552 -9.990e-29
 196.704841      5.419  35.797904     9.4362     4.0545      5.374    33.1777    25.6220 -9.990e-29
 196.704844      5.395  35.794294     9.4654     4.0454      5.350    33.1469    25.5932 -9.990e-29
 196.704847      5.364  35.809717     9.4984     4.0494      5.319    33.1323    25.5764 -9.990e-29
 196.704850      5.333  35.837533     9.5288     4.0679      5.288    33.1328    25.5719 -9.990e-29
 196.704852      5.304  35.867588     9.5542     4.0856      5.260    33.1402    25.5736 -9.990e-29
 196.704855      5.282  35.892624     9.5745     4.1072      5.238    33.1472    25.5757 -9.990e-29
 196.704858      5.270  35.911265     9.5900     4.1206      5.226    33.1520    25.5770 -9.990e-29
 196.704861      5.270  35.925611     9.5994     4.1251      5.226    33.1580    25.5801 -9.990e-29
 196.704864      5.283  35.936721     9.5984     4.1119      5.239    33.1704    25.5899 -9.990e-29
 196.704867      5.306  35.944717     9.5814     4.0922      5.262    33.1943    25.6114 -9.990e-29
 196.704870      5.334  35.947050     9.5469     4.0700      5.289    33.2286    25.6439 -9.990e-29
 196.704873      5.360  35.937260     9.5030     4.0539      5.315    33.2593    25.6749 -9.990e-29
 196.704876      5.377  35.910744     9.4654     4.0409      5.332    33.2669    25.6870 -9.990e-29
 196.704878      5.380  35.871152     9.4476     4.0475      5.335    33.2426    25.6709 -9.990e-29
 196.704881      5.368  35.833210     9.4536     4.0645      5.323    33.1980    25.6350 -9.990e-29
 196.704884      5.345  35.813976     9.4775     4.0752      5.300    33.1560    25.5984 -9.990e-29
 196.704887      5.317  35.819409     9.5086     4.0834      5.273    33.1328    25.5752 -9.990e-29
 196.704890      5.294  35.842900     9.5361     4.0839      5.250    33.1316    25.5698 -9.990e-29
 196.704893      5.282  35.872974     9.5524     4.0719      5.238    33.1474    25.5795 -9.990e-29
 196.704896      5.284  35.899081     9.5528     4.0533      5.240    33.1739    25.6001 -9.990e-29
 196.704899      5.298  35.914541     9.5353     4.0342      5.254    33.2060    25.6280 -9.990e-29
 196.704902      5.320  35.916792     9.5045     4.0176      5.276    33.2368    25.6572 -9.990e-29
 196.704905      5.339  35.903961     9.4712     4.0112      5.294    33.2545    25.6764 -9.990e-29
 196.704907      5.349  35.876862     9.4472     4.0228      5.304    33.2489    25.6759 -9.990e-29
 196.704910      5.344  35.844705     9.4387     4.0462      5.299    33.2236    25.6575 -9.990e-29
 196.704913      5.327  35.820757     9.4452     4.0748      5.282    33.1929    25.6325 -9.990e-29
 196.704916      5.304  35.812743     9.4615     4.1116      5.260    33.1696    25.6116 -9.990e-29
 196.704919      5.284  35.819671     9.4795     4.1434      5.240    33.1601    25.6012 -9.990e-29
 196.704922      5.276  35.835830     9.4912     4.1691      5.232    33.1659    25.6038 -9.990e-29
 196.704925      5.285  35.854296     9.4916     4.1858      5.241    33.1845    25.6183 -9.990e-29
 196.704928      5.308  35.867099     9.4779     4.1907      5.264    33.2104    25.6408 -9.990e-29
 196.704931      5.339  35.869134     9.4507     4.1894      5.294    33.2377    25.6665 -9.990e-29
 196.704933      5.369  35.859592     9.4174     4.1833      5.324    33.2588    25.6884 -9.990e-29
 196.704936      5.384  35.838222     9.3910     4.1744      5.339    33.2613    25.6946 -9.990e-29
 196.704939      5.378  35.807879     9.3828     4.1619      5.333    33.2376    25.6774 -9.990e-29
 196.704942      5.347  35.780087     9.3962     4.1542      5.302    33.1965    25.6431 -9.990e-29
 196.704945      5.297  35.768913     9.4260     4.1440      5.253    33.1573    25.6077 -9.990e-29
 196.704948      5.237  35.779392     9.4630     4.1396      5.193    33.1339    25.5834 -9.990e-29
 196.704951      5.178  35.806357     9.4991     4.1351      5.135    33.1283    25.5732 -9.990e-29
 196.704954      5.127  35.839698     9.5300     4.1325      5.084    33.1340    25.5727 -9.990e-29
 196.704957      5.093  35.870200     9.5538     4.1322      5.050    33.1434    25.5761 -9.990e-29
 196.704959      5.078  35.894261     9.5695     4.1392      5.036    33.1536    25.5815 -9.990e-29
 196.704962      5.083  35.912231     9.5772     4.1421      5.041    33.1649    25.5891 -9.990e-29
 196.704965      5.106  35.923942     9.5786     4.1432      5.063    33.1756    25.5973 -9.990e-29
 196.704968      5.141  35.928722     9.5764     4.1480      5.098    33.1826    25.6031 -9.990e-29
 196.704971      5.185  35.928045     9.5727     4.1506      5.142    33.1853    25.6058 -9.990e-29
 196.704974      5.232  35.924740     9.5688     4.1506      5.188    33.1855    25.6066 -9.990e-29
 196.704977      5.278  35.920877     9.5651     4.1408      5.234    33.1849    25.6067 -9.990e-29
 196.704980      5.320  35.917624     9.5613     4.1229      5.276    33.1851    25.6075 -9.990e-29
 196.704983      5.352  35.915161     9.5576     4.1071      5.307    33.1859    25.6088 -9.990e-29
 196.704986      5.373  35.912688     9.5549     4.0856      5.328    33.1859    25.6091 -9.990e-29
 196.704988      5.380  35.909676     9.5539     4.0612      5.335    33.1837    25.6076 -9.990e-29
 196.704991      5.371  35.907026     9.5547     4.0388      5.326    33.1802    25.6048 -9.990e-29
 196.704994      5.348  35.905987     9.5567     4.0206      5.303    33.1773    25.6022 -9.990e-29
 196.704997      5.316  35.906878     9.5590     4.0072      5.272    33.1761    25.6009 -9.990e-29
 196.705000      5.279  35.909018     9.5609     4.0108      5.235    33.1766    25.6009 -9.990e-29
 196.705003      5.240  35.911335     9.5620     4.0181      5.196    33.1780    25.6018 -9.990e-29
 196.705006      5.205  35.913126     9.5617     4.0228      5.161    33.1801    25.6035 -9.990e-29
 196.705009      5.175  35.914095     9.5589     4.0448      5.132    33.1837    25.6068 -9.990e-29
 196.705012      5.155  35.914177     9.5520     4.0433      5.112    33.1902    25.6130 -9.990e-29
 196.705014      5.148  35.912915     9.5402     4.0635      5.105    33.1998    25.6224 -9.990e-29
 196.705017      5.155  35.908795     9.5240     4.0599      5.112    33.2106    25.6335 -9.990e-29
 196.705020      5.175  35.900339     9.5032     4.0589      5.132    33.2212    25.6451 -9.990e-29
 196.705023      5.202  35.887739     9.4767     4.0518      5.159    33.2328    25.6585 -9.990e-29
 196.705026      5.230  35.872479     9.4465     4.0444      5.186    33.2451    25.6730 -9.990e-29
 196.705029      5.252  35.853754     9.4207     4.0347      5.208    33.2497    25.6808 -9.990e-29
 196.705032      5.263  35.829339     9.4073     4.0296      5.219    33.2370    25.6730 -9.990e-29
 196.705035      5.262  35.804701     9.4082     4.0343      5.218    33.2108    25.6524 -9.990e-29
 196.705038      5.253  35.791035     9.4182     4.0355      5.209    33.1874    25.6325 -9.990e-29
 196.705041      5.239  35.792699     9.4309     4.0383      5.195    33.1773    25.6226 -9.990e-29
 196.705043      5.225  35.804445     9.4423     4.0416      5.181    33.1789    25.6219 -9.990e-29
 196.705046      5.215  35.817656     9.4509     4.0429      5.171    33.1845    25.6249 -9.990e-29
 196.705049      5.212  35.827505     9.4554     4.0409      5.168    33.1905    25.6289 -9.990e-29
 196.705052      5.216  35.834039     9.4537     4.0361      5.172    33.1988    25.6357 -9.990e-29
 196.705055      5.227  35.837861     9.4456     4.0306      5.183    33.2102    25.6459 -9.990e-29
 196.705058      5.241  35.837516     9.4341     4.0243      5.197    33.2205    25.6558 -9.990e-29
 196.705061      5.255  35.830801     9.4225     4.0199      5.211    33.2244    25.6607 -9.990e-29
 196.705064      5.264  35.819659     9.4134     4.0220      5.220    33.2213    25.6598 -9.990e-29
 196.705067      5.267  35.809076     9.4091     4.0249      5.223    33.2144    25.6551 -9.990e-29
 196.705069      5.263  35.801080     9.4104     4.0299      5.219    33.2050    25.6475 -9.990e-29
 196.705072      5.256  35.796782     9.4150     4.0358      5.212    33.1963    25.6399 -9.990e-29
 196.705075      5.250  35.798131     9.4191     4.0406      5.206    33.1939    25.6374 -9.990e-29
 196.705078      5.249  35.803831     9.4203     4.0486      5.205    33.1986    25.6409 -9.990e-29
 196.705081      5.254  35.809273     9.4186     4.0541      5.210    33.2058    25.6468 -9.990e-29
 196.705084      5.267  35.811049     9.4144     4.0579      5.223    33.2115    25.6520 -9.990e-29
 196.705087      5.283  35.809270     9.4081     4.0672      5.239    33.2155    25.6561 -9.990e-29
 196.705090      5.300  35.805682     9.4010     4.0745      5.256    33.2184    25.6595 -9.990e-29
 196.705093      5.311  35.800689     9.3954     4.0780      5.267    33.2185    25.6605 -9.990e-29
 196.705095      5.314  35.794342     9.3930     4.0750      5.270    33.2142    25.6575 -9.990e-29
 196.705098      5.306  35.788679     9.3945     4.0640      5.262    33.2069    25.6516 -9.990e-29
 196.705101      5.288  35.785956     9.3992     4.0496      5.244    33.1998    25.6452 -9.990e-29
 196.705104      5.263  35.787004     9.4056     4.0256      5.219    33.1949    25.6404 -9.990e-29
 196.705107      5.238  35.791227     9.4119     4.0033      5.194    33.1934    25.6382 -9.990e-29
 196.705110      5.215  35.797027     9.4169     3.9768      5.171    33.1948    25.6385 -9.990e-29
 196.705113      5.199  35.802592     9.4204     3.9579      5.156    33.1973    25.6399 -9.990e-29
 196.705116      5.193  35.806704     9.4229     3.9505      5.150    33.1992    25.6410 -9.990e-29
 196.705119      5.196  35.809159     9.4248     3.9559      5.153    33.2000    25.6412 -9.990e-29
 196.705122      5.208  35.810440     9.4269     3.9669      5.164    33.1993    25.6404 -9.990e-29
 196.705124      5.225  35.811289     9.4296     3.9851      5.181    33.1977    25.6387 -9.990e-29
 196.705127      5.247  35.812313     9.4329     4.0093      5.203    33.1957    25.6366 -9.990e-29
 196.705130      5.270  35.813934     9.4358     4.0329      5.226    33.1947    25.6353 -9.990e-29
 196.705133      5.295  35.816325     9.4352     4.0579      5.251    33.1977    25.6378 -9.990e-29
 196.705136      5.321  35.819172     9.4270     4.0754      5.277    33.2082    25.6473 -9.990e-29
