data/oxygen options/OCNMS/OCNMS1/raw_data/2008/SBE19plus/CTD_CE015_071508faed.cnv
* Sea-Bird SBE19plus Data File:
* FileName = C:\2008_Mooring_Data\071408_sevice\CTD_CE015_071508.hex
* Software Version 1.59
* Temperature SN =  4671
* Conductivity SN =  4671
* System UpLoad Time = Jul 15 2008 14:26:25
* ds
* SeacatPlus V 1.6b  SERIAL NO. 4671    15 Jul 2008  14:26:05
# nquan = 9                                 
# nvalues = 2331                        
# units = specified
# name 0 = timeJ: Julian Days
# name 1 = prdM: Pressure, Strain Gauge [db]
# name 2 = c0mS/cm: Conductivity [mS/cm]
# name 3 = tv290C: Temperature [ITS-90, deg C]
# name 4 = sbeox0ML/L: Oxygen, SBE 43 [ml/l]
# name 5 = depSM: Depth [salt water, m], lat = 47.5
# name 6 = sal00: Salinity, Practical [PSU]
# name 7 = sigma-é00: Density [sigma-theta, kg/m^3]
# name 8 = flag: flag
# span 0 = 197.575174, 197.581916       
# span 1 =      0.019,     17.117       
# span 2 =   0.032907,  35.894198       
# span 3 =     7.2037,    10.4202       
# span 4 =     1.6485,     7.7820       
# span 5 =      0.019,     16.973       
# span 6 =     0.0235,    33.9138       
# span 7 =    -0.3175,    26.4590       
# span 8 = 0.0000e+00, 0.0000e+00       
# interval = seconds: 0.25
# start_time = Jul 15 2008 13:48:15 [Instrument's time stamp, header]
# bad_flag = -9.990e-29
*END*
[from data line 961]
 197.577954     10.851  34.388995     7.2171     1.7383     10.760    33.7951    26.4399 -9.990e-29
 197.577957     10.826  34.389833     7.2183     1.7380     10.735    33.7949    26.4395 -9.990e-29
 197.577960     10.801  34.390657     7.2195     1.7378     10.711    33.7946    26.4392 -9.990e-29
 197.577963     10.781  34.391516     7.2208     1.7385     10.691    33.7943    26.4387 -9.990e-29
 197.577966     10.768  34.392380     7.2219     1.7448     10.678    33.7942    26.4385 -9.990e-29
 197.577969     10.767  34.393261     7.2228     1.7484     10.677    33.7942    26.4384 -9.990e-29
 197.577972     10.776  34.394137     7.2231     1.7544     10.686    33.7949    26.4389 -9.990e-29
 197.577975     10.793  34.394855     7.2225     1.7580     10.703    33.7963    26.4400 -9.990e-29
 197.577977     10.815  34.395242     7.2209     1.7597     10.724    33.7982    26.4418 -9.990e-29
 197.577980     10.836  34.394964     7.2188     1.7631     10.745    33.8000    26.4435 -9.990e-29
 197.577983     10.851  34.393724     7.2170     1.7612     10.760    33.8004    26.4440 -9.990e-29
 197.577986     10.858  34.391884     7.2160     1.7570     10.767    33.7994    26.4434 -9.990e-29
 197.577989     10.856  34.390202     7.2162     1.7483     10.765    33.7973    26.4417 -9.990e-29
 197.577992     10.844  34.389288     7.2174     1.7430     10.753    33.7952    26.4399 -9.990e-29
 197.577995     10.825  34.389419     7.2192     1.7322     10.734    33.7936    26.4384 -9.990e-29
 197.577998     10.801  34.390457     7.2211     1.7268     10.711    33.7928    26.4375 -9.990e-29
 197.578001     10.776  34.391992     7.2229     1.7214     10.686    33.7928    26.4372 -9.990e-29
 197.578003     10.750  34.393573     7.2244     1.7216     10.660    33.7930    26.4372 -9.990e-29
 197.578006     10.729  34.394884     7.2257     1.7224     10.639    33.7932    26.4372 -9.990e-29
 197.578009     10.714  34.395896     7.2268     1.7257     10.624    33.7932    26.4370 -9.990e-29
 197.578012     10.709  34.396755     7.2274     1.7302     10.619    33.7936    26.4372 -9.990e-29
 197.578015     10.718  34.397534     7.2273     1.7337     10.628    33.7945    26.4380 -9.990e-29
 197.578018     10.742  34.398094     7.2263     1.7382     10.652    33.7961    26.4394 -9.990e-29
 197.578021     10.779  34.398149     7.2241     1.7414     10.689    33.7983    26.4414 -9.990e-29
 197.578024     10.823  34.397500     7.2210     1.7396     10.732    33.8006    26.4437 -9.990e-29
 197.578027     10.869  34.396037     7.2175     1.7424     10.778    33.8024    26.4456 -9.990e-29
 197.578030     10.907  34.393668     7.2145     1.7389     10.816    33.8028    26.4463 -9.990e-29
 197.578032     10.930  34.390731     7.2125     1.7376     10.838    33.8015    26.4455 -9.990e-29
 197.578035     10.933  34.388111     7.2116     1.7361     10.841    33.7995    26.4441 -9.990e-29
 197.578038     10.917  34.386476     7.2118     1.7305     10.826    33.7975    26.4425 -9.990e-29
 197.578041     10.884  34.385940     7.2126     1.7280     10.793    33.7962    26.4413 -9.990e-29
 197.578044     10.841  34.386291     7.2140     1.7224     10.750    33.7952    26.4404 -9.990e-29
 197.578047     10.795  34.387148     7.2156     1.7242     10.705    33.7946    26.4397 -9.990e-29
 197.578050     10.752  34.388179     7.2173     1.7225     10.662    33.7941    26.4390 -9.990e-29
 197.578053     10.721  34.389340     7.2189     1.7276     10.631    33.7938    26.4386 -9.990e-29
 197.578056     10.704  34.390656     7.2200     1.7279     10.614    33.7942    26.4387 -9.990e-29
 197.578058     10.704  34.391872     7.2205     1.7327     10.614    33.7950    26.4393 -9.990e-29
 197.578061     10.718  34.392731     7.2200     1.7399     10.628    33.7964    26.4405 -9.990e-29
 197.578064     10.742  34.393126     7.2188     1.7439     10.652    33.7980    26.4419 -9.990e-29
 197.578067     10.771  34.392863     7.2172     1.7480     10.681    33.7993    26.4432 -9.990e-29
 197.578070     10.800  34.391890     7.2157     1.7481     10.710    33.7997    26.4437 -9.990e-29
 197.578073     10.826  34.390541     7.2144     1.7456     10.735    33.7995    26.4437 -9.990e-29
 197.578076     10.846  34.389276     7.2135     1.7425     10.755    33.7990    26.4434 -9.990e-29
 197.578079     10.858  34.388340     7.2131     1.7419     10.767    33.7983    26.4430 -9.990e-29
 197.578082     10.859  34.387743     7.2133     1.7374     10.768    33.7975    26.4423 -9.990e-29
 197.578084     10.848  34.387451     7.2141     1.7332     10.757    33.7964    26.4413 -9.990e-29
 197.578087     10.829  34.387559     7.2156     1.7322     10.738    33.7950    26.4400 -9.990e-29
 197.578090     10.805  34.388198     7.2174     1.7323     10.715    33.7940    26.4390 -9.990e-29
 197.578093     10.782  34.389320     7.2192     1.7320     10.692    33.7935    26.4383 -9.990e-29
 197.578096     10.765  34.390668     7.2207     1.7337     10.675    33.7935    26.4381 -9.990e-29
 197.578099     10.759  34.391982     7.2218     1.7367     10.669    33.7938    26.4382 -9.990e-29
 197.578102     10.765  34.393144     7.2221     1.7385     10.675    33.7948    26.4389 -9.990e-29
 197.578105     10.781  34.394079     7.2215     1.7421     10.691    33.7964    26.4403 -9.990e-29
 197.578108     10.802  34.394515     7.2201     1.7495     10.712    33.7982    26.4419 -9.990e-29
 197.578111     10.824  34.394156     7.2185     1.7508     10.733    33.7994    26.4431 -9.990e-29
 197.578113     10.842  34.393012     7.2171     1.7522     10.751    33.7995    26.4433 -9.990e-29
 197.578116     10.855  34.391451     7.2164     1.7486     10.764    33.7985    26.4426 -9.990e-29
 197.578119     10.863  34.390177     7.2162     1.7471     10.772    33.7973    26.4417 -9.990e-29
 197.578122     10.866  34.389619     7.2165     1.7370     10.775    33.7964    26.4410 -9.990e-29
 197.578125     10.866  34.389610     7.2170     1.7346     10.775    33.7959    26.4405 -9.990e-29
 197.578128     10.863  34.389912     7.2177     1.7294     10.772    33.7955    26.4401 -9.990e-29
 197.578131     10.856  34.390412     7.2187     1.7230     10.765    33.7951    26.4397 -9.990e-29
 197.578134     10.845  34.391007     7.2201     1.7254     10.754    33.7944    26.4389 -9.990e-29
 197.578137     10.829  34.391686     7.2218     1.7275     10.738    33.7935    26.4379 -9.990e-29
 197.578139     10.812  34.392588     7.2237     1.7328     10.721    33.7926    26.4370 -9.990e-29
 197.578142     10.796  34.393820     7.2254     1.7354     10.706    33.7923    26.4365 -9.990e-29
 197.578145     10.788  34.395239     7.2266     1.7412     10.698    33.7927    26.4366 -9.990e-29
 197.578148     10.790  34.396560     7.2268     1.7435     10.700    33.7939    26.4376 -9.990e-29
 197.578151     10.804  34.397552     7.2258     1.7463     10.714    33.7960    26.4393 -9.990e-29
 197.578154     10.829  34.397915     7.2236     1.7453     10.738    33.7985    26.4417 -9.990e-29
 197.578157     10.858  34.397293     7.2207     1.7453     10.767    33.8007    26.4437 -9.990e-29
 197.578160     10.885  34.395584     7.2180     1.7379     10.794    33.8014    26.4447 -9.990e-29
 197.578163     10.902  34.393087     7.2164     1.7346     10.811    33.8003    26.4440 -9.990e-29
 197.578166     10.906  34.390582     7.2161     1.7303     10.815    33.7978    26.4421 -9.990e-29
 197.578168     10.896  34.389037     7.2170     1.7245     10.805    33.7953    26.4400 -9.990e-29
 197.578171     10.873  34.388834     7.2187     1.7212     10.782    33.7934    26.4383 -9.990e-29
 197.578174     10.841  34.389741     7.2208     1.7189     10.750    33.7923    26.4372 -9.990e-29
 197.578177     10.806  34.391285     7.2227     1.7194     10.716    33.7922    26.4368 -9.990e-29
 197.578180     10.773  34.392954     7.2242     1.7219     10.683    33.7925    26.4369 -9.990e-29
 197.578183     10.749  34.394425     7.2252     1.7237     10.659    33.7932    26.4372 -9.990e-29
 197.578186     10.738  34.395509     7.2256     1.7226     10.648    33.7940    26.4378 -9.990e-29
 197.578189     10.743  34.396149     7.2250     1.7260     10.653    33.7953    26.4389 -9.990e-29
 197.578192     10.760  34.396391     7.2234     1.7216     10.670    33.7971    26.4405 -9.990e-29
 197.578194     10.786  34.396150     7.2211     1.7217     10.696    33.7991    26.4424 -9.990e-29
 197.578197     10.814  34.395126     7.2184     1.7174     10.723    33.8006    26.4440 -9.990e-29
 197.578200     10.838  34.393255     7.2163     1.7166     10.747    33.8006    26.4443 -9.990e-29
 197.578203     10.852  34.391027     7.2150     1.7130     10.761    33.7994    26.4435 -9.990e-29
 197.578206     10.855  34.389124     7.2148     1.7127     10.764    33.7975    26.4421 -9.990e-29
 197.578209     10.848  34.388093     7.2154     1.7131     10.757    33.7958    26.4407 -9.990e-29
 197.578212     10.835  34.388090     7.2164     1.7134     10.744    33.7948    26.4398 -9.990e-29
 197.578215     10.821  34.388855     7.2174     1.7163     10.730    33.7947    26.4395 -9.990e-29
 197.578218     10.811  34.389901     7.2180     1.7178     10.720    33.7953    26.4399 -9.990e-29
 197.578220     10.808  34.390816     7.2181     1.7208     10.718    33.7962    26.4406 -9.990e-29
 197.578223     10.814  34.391458     7.2174     1.7239     10.723    33.7975    26.4417 -9.990e-29
 197.578226     10.828  34.391658     7.2161     1.7252     10.737    33.7990    26.4431 -9.990e-29
 197.578229     10.847  34.391126     7.2147     1.7276     10.756    33.7998    26.4439 -9.990e-29
 197.578232     10.867  34.389941     7.2134     1.7301     10.776    33.7998    26.4441 -9.990e-29
 197.578235     10.885  34.388603     7.2125     1.7320     10.794    33.7992    26.4437 -9.990e-29
 197.578238     10.898  34.387506     7.2122     1.7323     10.807    33.7983    26.4431 -9.990e-29
 197.578241     10.904  34.386851     7.2124     1.7338     10.813    33.7974    26.4423 -9.990e-29
 197.578244     10.903  34.386697     7.2131     1.7327     10.812    33.7965    26.4415 -9.990e-29
 197.578247     10.896  34.386980     7.2141     1.7313     10.805    33.7958    26.4409 -9.990e-29
 197.578249     10.883  34.387604     7.2153     1.7267     10.792    33.7954    26.4403 -9.990e-29
 197.578252     10.866  34.388414     7.2164     1.7261     10.775    33.7952    26.4400 -9.990e-29
 197.578255     10.849  34.389279     7.2174     1.7181     10.758    33.7952    26.4399 -9.990e-29
 197.578258     10.833  34.390117     7.2183     1.7180     10.742    33.7952    26.4398 -9.990e-29
 197.578261     10.818  34.390858     7.2191     1.7113     10.727    33.7952    26.4397 -9.990e-29
 197.578264     10.805  34.391473     7.2197     1.7110     10.715    33.7953    26.4397 -9.990e-29
 197.578267     10.795  34.391966     7.2202     1.7088     10.705    33.7954    26.4396 -9.990e-29
 197.578270     10.788  34.392387     7.2207     1.7081     10.698    33.7953    26.4396 -9.990e-29
 197.578273     10.784  34.392784     7.2210     1.7080     10.694    33.7955    26.4396 -9.990e-29
 197.578275     10.784  34.393150     7.2209     1.7065     10.694    33.7960    26.4400 -9.990e-29
 197.578278     10.788  34.393411     7.2204     1.7069     10.698    33.7968    26.4407 -9.990e-29
 197.578281     10.795  34.393443     7.2194     1.7038     10.705    33.7978    26.4416 -9.990e-29
 197.578284     10.806  34.393133     7.2179     1.7043     10.716    33.7989    26.4427 -9.990e-29
 197.578287     10.819  34.392378     7.2161     1.7038     10.728    33.7998    26.4437 -9.990e-29
 197.578290     10.835  34.391187     7.2143     1.7054     10.744    33.8003    26.4443 -9.990e-29
 197.578293     10.852  34.389759     7.2127     1.7097     10.761    33.8003    26.4446 -9.990e-29
 197.578296     10.871  34.388321     7.2114     1.7103     10.780    33.8000    26.4445 -9.990e-29
 197.578299     10.892  34.387030     7.2104     1.7148     10.801    33.7995    26.4443 -9.990e-29
 197.578302     10.912  34.386014     7.2097     1.7176     10.821    33.7991    26.4440 -9.990e-29
 197.578304     10.931  34.385299     7.2093     1.7164     10.839    33.7987    26.4438 -9.990e-29
 197.578307     10.946  34.384843     7.2091     1.7155     10.854    33.7984    26.4436 -9.990e-29
 197.578310     10.955  34.384611     7.2090     1.7172     10.863    33.7982    26.4435 -9.990e-29
 197.578313     10.955  34.384534     7.2091     1.7123     10.863    33.7980    26.4433 -9.990e-29
 197.578316     10.947  34.384534     7.2094     1.7098     10.855    33.7978    26.4430 -9.990e-29
 197.578319     10.928  34.384599     7.2098     1.7121     10.837    33.7974    26.4427 -9.990e-29
 197.578322     10.901  34.384760     7.2104     1.7098     10.810    33.7970    26.4423 -9.990e-29
 197.578325     10.869  34.385036     7.2112     1.7105     10.778    33.7966    26.4419 -9.990e-29
 197.578328     10.838  34.385455     7.2121     1.7131     10.747    33.7962    26.4414 -9.990e-29
 197.578330     10.812  34.386026     7.2131     1.7112     10.721    33.7958    26.4410 -9.990e-29
 197.578333     10.798  34.386732     7.2139     1.7102     10.708    33.7958    26.4409 -9.990e-29
 197.578336     10.798  34.387521     7.2142     1.7109     10.708    33.7964    26.4413 -9.990e-29
 197.578339     10.810  34.388221     7.2141     1.7108     10.719    33.7972    26.4420 -9.990e-29
 197.578342     10.832  34.388615     7.2136     1.7066     10.741    33.7982    26.4428 -9.990e-29
 197.578345     10.857  34.388598     7.2130     1.7063     10.766    33.7987    26.4433 -9.990e-29
 197.578348     10.880  34.388222     7.2124     1.7072     10.789    33.7989    26.4435 -9.990e-29
 197.578351     10.896  34.387656     7.2122     1.7046     10.805    33.7984    26.4432 -9.990e-29
 197.578354     10.904  34.387140     7.2123     1.7069     10.813    33.7978    26.4426 -9.990e-29
 197.578356     10.905  34.386903     7.2127     1.7093     10.814    33.7971    26.4421 -9.990e-29
 197.578359     10.902  34.387034     7.2131     1.7096     10.811    33.7969    26.4418 -9.990e-29
 197.578362     10.897  34.387418     7.2135     1.7108     10.806    33.7969    26.4418 -9.990e-29
 197.578365     10.894  34.387830     7.2137     1.7137     10.803    33.7972    26.4420 -9.990e-29
 197.578368     10.893  34.388102     7.2135     1.7075     10.802    33.7977    26.4424 -9.990e-29
 197.578371     10.894  34.388185     7.2131     1.7108     10.803    33.7981    26.4428 -9.990e-29
 197.578374     10.897  34.388076     7.2126     1.7058     10.806    33.7985    26.4432 -9.990e-29
 197.578377     10.899  34.387698     7.2121     1.7047     10.808    33.7986    26.4433 -9.990e-29
 197.578380     10.900  34.387102     7.2118     1.7037     10.809    33.7982    26.4431 -9.990e-29
 197.578383     10.898  34.386583     7.2119     1.7025     10.807    33.7976    26.4425 -9.990e-29
 197.578385     10.895  34.386341     7.2121     1.7016     10.804    33.7971    26.4421 -9.990e-29
 197.578388     10.892  34.386398     7.2125     1.7056     10.801    33.7968    26.4418 -9.990e-29
 197.578391     10.890  34.386703     7.2128     1.7065     10.799    33.7968    26.4418 -9.990e-29
 197.578394     10.891  34.387145     7.2128     1.7052     10.800    33.7973    26.4422 -9.990e-29
 197.578397     10.894  34.387518     7.2127     1.7045     10.803    33.7978    26.4426 -9.990e-29
 197.578400     10.898  34.387669     7.2125     1.7048     10.807    33.7982    26.4429 -9.990e-29
 197.578403     10.903  34.387614     7.2121     1.7038     10.812    33.7985    26.4432 -9.990e-29
 197.578406     10.908  34.387422     7.2118     1.7034     10.817    33.7986    26.4433 -9.990e-29
 197.578409     10.911  34.387148     7.2115     1.7021     10.820    33.7986    26.4434 -9.990e-29
 197.578411     10.912  34.386847     7.2113     1.7004     10.821    33.7984    26.4433 -9.990e-29
