data/oxygen options/OCNMS/OCNMS1/raw_data/2008/SBE19plus/CTD_MB042_071408faed.cnv
* Sea-Bird SBE19plus Data File:
* FileName = C:\2008_Mooring_Data\071408_sevice\CTD_MB042_071408.hex
* Software Version 1.59
* Temperature SN =  4671
* Conductivity SN =  4671
* System UpLoad Time = Jul 14 2008 13:10:36
**
**
# nquan = 9                                 
# nvalues = 4155                        
# units = specified
# name 0 = timeJ: Julian Days
# name 1 = prdM: Pressure, Strain Gauge [db]
# name 2 = c0mS/cm: Conductivity [mS/cm]
# name 3 = tv290C: Temperature [ITS-90, deg C]
# name 4 = sbeox0ML/L: Oxygen, SBE 43 [ml/l]
# name 5 = depSM: Depth [salt water, m], lat = 47.5
# name 6 = sal00: Salinity, Practical [PSU]
# name 7 = sigma-é00: Density [sigma-theta, kg/m^3]
# name 8 = flag: flag
# span 0 = 226.519120, 226.531140       
# span 1 =      0.012,     31.326       
# span 2 =  -0.174194,  36.005572       
# span 3 =     6.6786,    15.2800       
# span 4 =     1.3718,     7.2209       
# span 5 =      0.012,     31.062       
# span 6 =     0.0000,    33.8797       
# span 7 =    -0.9416,    26.5799       
# span 8 = 0.0000e+00, 0.0000e+00       
# interval = seconds: 0.25
# start_time = Aug 13 2008 12:27:32 [Instrument's time stamp, header]
# bad_flag = -9.990e-29
*END*
[from data line 161]
 226.519586      0.022   0.021474    15.2476     7.1741      0.022     0.0171    -0.9234 -9.990e-29
 226.519589      0.022   0.021633    15.2507     7.1728      0.022     0.0172    -0.9238 -9.990e-29
 226.519592      0.022   0.021649    15.2536     7.1728      0.022     0.0172    -0.9242 -9.990e-29
 226.519595      0.022   0.021479    15.2564     7.1717      0.022     0.0171    -0.9247 -9.990e-29
 226.519598      0.022   0.021025    15.2591     7.1746      0.022     0.0169    -0.9253 -9.990e-29
 226.519601      0.022   0.020152    15.2617     7.1724      0.022     0.0164    -0.9261 -9.990e-29
 226.519604      0.022   0.018619    15.2642     7.1727      0.022     0.0157    -0.9271 -9.990e-29
 226.519606      0.022   0.015976    15.2666     7.1744      0.022     0.0143    -0.9285 -9.990e-29
 226.519609      0.022   0.011446    15.2689     7.1747      0.022     0.0121    -0.9305 -9.990e-29
 226.519612      0.022   0.003683    15.2712     7.1736      0.022     0.0087    -0.9335 -9.990e-29
 226.519615      0.022  -0.009596    15.2733     7.1772      0.022     0.0000    -0.9406 -9.990e-29
 226.519618      0.022  -0.032179    15.2752     7.1749      0.022     0.0000    -0.9409 -9.990e-29
 226.519621      0.022  -0.070312    15.2768     7.1754      0.022     0.0000    -0.9412 -9.990e-29
 226.519624      0.022  -0.134353    15.2781     7.1752      0.022     0.0000    -0.9414 -9.990e-29
 226.519627      0.022  -0.174194    15.2792     7.1749      0.022     0.0000    -0.9415 -9.990e-29
 226.519630      0.022  -0.133285    15.2797     7.1767      0.022     0.0000    -0.9416 -9.990e-29
 226.519633      0.022  -0.068251    15.2798     7.1787      0.022     0.0000    -0.9416 -9.990e-29
 226.519635      0.022  -0.029197    15.2795     7.1804      0.022     0.0000    -0.9416 -9.990e-29
 226.519638      0.022  -0.005735    15.2793     7.1816      0.022     0.0000    -0.9416 -9.990e-29
 226.519641      0.022   0.008369    15.2793     7.1817      0.022     0.0107    -0.9332 -9.990e-29
 226.519644      0.022   0.016850    15.2793     7.1836      0.022     0.0148    -0.9301 -9.990e-29
 226.519647      0.022   0.021939    15.2794     7.1834      0.022     0.0173    -0.9281 -9.990e-29
 226.519650      0.022   0.024961    15.2793     7.1827      0.022     0.0189    -0.9269 -9.990e-29
 226.519653      0.022   0.026719    15.2793     7.1842      0.022     0.0198    -0.9262 -9.990e-29
 226.519656      0.022   0.027726    15.2795     7.1851      0.022     0.0203    -0.9258 -9.990e-29
 226.519659      0.021   0.028337    15.2798     7.1831      0.021     0.0207    -0.9256 -9.990e-29
 226.519661      0.021   0.028796    15.2800     7.1833      0.021     0.0209    -0.9254 -9.990e-29
 226.519664      0.021   0.029240    15.2800     7.1836      0.021     0.0211    -0.9253 -9.990e-29
 226.519667      0.021   0.029716    15.2796     7.1828      0.021     0.0214    -0.9250 -9.990e-29
 226.519670      0.021   0.030217    15.2783     7.1829      0.021     0.0216    -0.9246 -9.990e-29
 226.519673      0.022   0.030672    15.2757     7.1823      0.022     0.0219    -0.9240 -9.990e-29
 226.519676      0.022   0.030952    15.2712     7.1830      0.022     0.0220    -0.9232 -9.990e-29
 226.519679      0.022   0.030957    15.2642     7.1852      0.022     0.0220    -0.9221 -9.990e-29
 226.519682      0.022   0.030681    15.2549     7.1857      0.022     0.0219    -0.9208 -9.990e-29
 226.519685      0.023   0.030206    15.2446     7.1844      0.023     0.0216    -0.9194 -9.990e-29
 226.519688      0.023   0.029674    15.2354     7.1835      0.023     0.0214    -0.9182 -9.990e-29
 226.519690      0.023   0.029241    15.2287     7.1844      0.023     0.0211    -0.9174 -9.990e-29
 226.519693      0.023   0.029041    15.2247     7.1837      0.023     0.0210    -0.9168 -9.990e-29
 226.519696      0.023   0.029122    15.2229     7.1823      0.023     0.0211    -0.9165 -9.990e-29
 226.519699      0.024   0.029383    15.2225     7.2209      0.024     0.0212    -0.9164 -9.990e-29
 226.519702      0.024   0.029698    15.2231     7.1255      0.024     0.0214    -0.9163 -9.990e-29
 226.519705      0.025   0.030025    15.2240     6.9031      0.025     0.0215    -0.9163 -9.990e-29
 226.519708      0.026   0.030339    15.2249     6.3768      0.026     0.0217    -0.9163 -9.990e-29
 226.519711      0.027   0.030633    15.2256     6.4492      0.027     0.0219    -0.9163 -9.990e-29
 226.519714      0.028   0.030979    15.2260     6.5026      0.028     0.0220    -0.9162 -9.990e-29
 226.519716      0.030   0.031585    15.2262     6.5560      0.030     0.0224    -0.9160 -9.990e-29
 226.519719      0.032   0.032805    15.2258     6.6137      0.032     0.0230    -0.9155 -9.990e-29
 226.519722      0.035   0.035110    15.2242     6.6921      0.035     0.0242    -0.9143 -9.990e-29
 226.519725      0.038   0.039179    15.2203     6.4683      0.038     0.0264    -0.9120 -9.990e-29
 226.519728      0.042   0.046128    15.2129     6.3140      0.042     0.0302    -0.9079 -9.990e-29
 226.519731      0.048   0.057795    15.1998     6.1314      0.048     0.0366    -0.9009 -9.990e-29
 226.519734      0.055   0.077228    15.1776     5.9977      0.055     0.0474    -0.8891 -9.990e-29
 226.519737      0.064   0.109477    15.1405     5.7104      0.063     0.0658    -0.8692 -9.990e-29
 226.519740      0.076   0.163067    15.0785     5.4019      0.075     0.0971    -0.8355 -9.990e-29
 226.519742      0.091   0.252389    14.9752     5.1751      0.090     0.1505    -0.7784 -9.990e-29
 226.519745      0.110   0.401378    14.8030     5.0600      0.109     0.2423    -0.6814 -9.990e-29
 226.519748      0.135   0.649829    14.5155     4.9783      0.134     0.4010    -0.5160 -9.990e-29
 226.519751      0.167   1.064027    14.0556     4.7465      0.166     0.6776    -0.2356 -9.990e-29
 226.519754      0.208   1.754454    13.4002     4.5840      0.206     1.1636     0.2314 -9.990e-29
 226.519757      0.261   2.905040    12.6129     4.4688      0.259     2.0218     0.9996 -9.990e-29
 226.519760      0.328   4.822144    11.8195     4.4076      0.325     3.5374     2.2730 -9.990e-29
 226.519763      0.409   8.016806    11.1207     4.3357      0.406     6.2098     4.4289 0.0000e+00
 226.519766      0.504  12.873341    10.5591     4.2303      0.500    10.5060     7.8278 0.0000e+00
 226.519769      0.611  18.995221    10.1373     4.1418      0.606    16.2144    12.3102 0.0000e+00
 226.519771      0.726  24.904755     9.8347     4.0851      0.720    21.9855    16.8357 0.0000e+00
 226.519774      0.845  29.152659     9.6225     4.0602      0.838    26.2969    20.2229 0.0000e+00
 226.519777      0.968  31.717320     9.4752     4.0148      0.960    28.9814    22.3385 0.0000e+00
 226.519780      1.089  33.261373     9.3753     3.9725      1.080    30.6326    23.6429 0.0000e+00
 226.519783      1.205  34.187936     9.3169     3.9409      1.195    31.6318    24.4326 0.0000e+00
 226.519786      1.309  34.746316     9.2979     3.9153      1.298    32.2228    24.8976 0.0000e+00
 226.519789      1.396  35.097093     9.3010     3.8994      1.384    32.5814    25.1774 0.0000e+00
 226.519792      1.464  35.331569     9.2932     3.8790      1.452    32.8305    25.3734 -9.990e-29
 226.519795      1.517  35.490124     9.2553     3.8623      1.504    33.0293    25.5349 -9.990e-29
 226.519797      1.556  35.597701     9.1943     3.8570      1.543    33.1973    25.6760 -9.990e-29
 226.519800      1.587  35.668794     9.1270     3.8618      1.574    33.3339    25.7936 -9.990e-29
 226.519803      1.610  35.703791     9.0662     3.9128      1.597    33.4273    25.8763 -9.990e-29
 226.519806      1.629  35.708275     9.0205     3.9721      1.615    33.4750    25.9208 -9.990e-29
 226.519809      1.644  35.697314     8.9959     4.0148      1.630    33.4867    25.9339 -9.990e-29
 226.519812      1.657  35.692065     8.9972     4.0402      1.643    33.4800    25.9284 -9.990e-29
 226.519815      1.667  35.713271     9.0270     4.0429      1.653    33.4740    25.9191 -9.990e-29
 226.519818      1.670  35.770095     9.0775     4.0336      1.656    33.4857    25.9202 -9.990e-29
 226.519821      1.666  35.850019     9.1264     4.0156      1.652    33.5228    25.9415 -9.990e-29
 226.519823      1.655  35.923916     9.1513     3.9800      1.641    33.5762    25.9793 -9.990e-29
 226.519826      1.637  35.975072     9.1478     3.9341      1.623    33.6326    26.0240 -9.990e-29
 226.519829      1.613  36.001424     9.1263     3.8863      1.600    33.6804    26.0648 -9.990e-29
 226.519832      1.588  36.005572     9.0975     3.8508      1.575    33.7120    26.0941 -9.990e-29
 226.519835      1.564  35.995276     9.0679     3.8177      1.551    33.7293    26.1124 -9.990e-29
 226.519838      1.548  35.972854     9.0411     3.8113      1.535    33.7314    26.1183 -9.990e-29
 226.519841      1.541  35.931771     9.0177     3.8155      1.528    33.7107    26.1058 -9.990e-29
 226.519844      1.548  35.872944     8.9966     3.8472      1.535    33.6693    26.0767 -9.990e-29
 226.519847      1.569  35.808476     8.9776     3.8762      1.556    33.6200    26.0411 -9.990e-29
 226.519850      1.601  35.749562     8.9654     3.9073      1.588    33.5700    26.0039 -9.990e-29
 226.519852      1.642  35.704552     8.9693     3.9335      1.628    33.5193    25.9636 -9.990e-29
 226.519855      1.685  35.678846     9.0024     3.9520      1.671    33.4613    25.9130 -9.990e-29
 226.519858      1.722  35.679158     9.0719     3.9615      1.708    33.3963    25.8511 -9.990e-29
 226.519861      1.749  35.717871     9.1624     3.9385      1.734    33.3516    25.8018 -9.990e-29
 226.519864      1.759  35.785400     9.2428     3.8886      1.744    33.3465    25.7850 -9.990e-29
 226.519867      1.753  35.844559     9.2904     3.8450      1.738    33.3632    25.7905 -9.990e-29
 226.519870      1.731  35.879835     9.2957     3.8179      1.717    33.3948    25.8143 -9.990e-29
 226.519873      1.697  35.899886     9.2585     3.8006      1.683    33.4504    25.8638 -9.990e-29
 226.519876      1.658  35.901864     9.1905     3.8068      1.644    33.5163    25.9262 -9.990e-29
 226.519878      1.621  35.872079     9.1077     3.8243      1.607    33.5634    25.9762 -9.990e-29
 226.519881      1.590  35.804680     9.0235     3.8489      1.577    33.5726    25.9968 -9.990e-29
 226.519884      1.570  35.715035     8.9482     3.8649      1.557    33.5502    25.9911 -9.990e-29
 226.519887      1.563  35.629186     8.8905     3.8554      1.550    33.5150    25.9726 -9.990e-29
 226.519890      1.568  35.563154     8.8577     3.8154      1.555    33.4769    25.9479 -9.990e-29
 226.519893      1.582  35.523550     8.8571     3.7749      1.569    33.4361    25.9160 -9.990e-29
 226.519896      1.600  35.516465     8.8956     3.7405      1.587    33.3924    25.8758 -9.990e-29
 226.519899      1.617  35.548181     8.9681     3.7138      1.603    33.3573    25.8370 -9.990e-29
 226.519902      1.629  35.616647     9.0490     3.7050      1.615    33.3527    25.8206 -9.990e-29
 226.519905      1.633  35.694020     9.1066     3.6993      1.619    33.3792    25.8323 -9.990e-29
 226.519907      1.633  35.745827     9.1202     3.7040      1.619    33.4203    25.8623 -9.990e-29
 226.519910      1.631  35.766475     9.0886     3.7110      1.617    33.4715    25.9073 -9.990e-29
 226.519913      1.631  35.759546     9.0325     3.7002      1.617    33.5171    25.9519 -9.990e-29
 226.519916      1.636  35.720103     8.9812     3.6778      1.622    33.5243    25.9657 -9.990e-29
 226.519919      1.644  35.658010     8.9581     3.6468      1.630    33.4813    25.9356 -9.990e-29
 226.519922      1.652  35.607601     8.9730     3.6028      1.638    33.4147    25.8811 -9.990e-29
 226.519925      1.656  35.602106     9.0138     3.5650      1.642    33.3706    25.8402 -9.990e-29
 226.519928      1.654  35.639059     9.0539     3.5264      1.640    33.3714    25.8345 -9.990e-29
 226.519931      1.646  35.684711     9.0703     3.4866      1.632    33.4036    25.8571 -9.990e-29
 226.519933      1.636  35.714724     9.0536     3.4536      1.622    33.4505    25.8965 -9.990e-29
 226.519936      1.626  35.721995     9.0109     3.4276      1.612    33.4983    25.9406 -9.990e-29
 226.519939      1.621  35.700394     8.9610     3.4112      1.607    33.5228    25.9677 -9.990e-29
 226.519942      1.622  35.651210     8.9239     3.4010      1.608    33.5065    25.9607 -9.990e-29
 226.519945      1.627  35.595086     8.9141     3.3953      1.613    33.4571    25.9235 -9.990e-29
 226.519948      1.634  35.563573     8.9379     3.3920      1.620    33.4018    25.8765 -9.990e-29
 226.519951      1.640  35.577258     8.9849     3.3846      1.626    33.3718    25.8457 -9.990e-29
 226.519954      1.643  35.628027     9.0303     3.3793      1.629    33.3821    25.8466 -9.990e-29
 226.519957      1.642  35.681733     9.0532     3.3656      1.628    33.4165    25.8699 -9.990e-29
 226.519959      1.639  35.713126     9.0455     3.3504      1.625    33.4565    25.9024 -9.990e-29
 226.519962      1.635  35.719498     9.0128     3.3339      1.621    33.4939    25.9369 -9.990e-29
 226.519965      1.633  35.703251     8.9693     3.3188      1.619    33.5180    25.9626 -9.990e-29
 226.519968      1.632  35.670003     8.9280     3.3037      1.618    33.5223    25.9724 -9.990e-29
 226.519971      1.634  35.631374     8.8971     3.2938      1.620    33.5111    25.9685 -9.990e-29
 226.519974      1.637  35.603505     8.8821     3.2910      1.623    33.4961    25.9591 -9.990e-29
 226.519977      1.639  35.600035     8.8880     3.2817      1.625    33.4869    25.9510 -9.990e-29
 226.519980      1.638  35.624862     8.9202     3.2726      1.624    33.4824    25.9424 -9.990e-29
 226.519983      1.633  35.675091     8.9780     3.2646      1.619    33.4804    25.9318 -9.990e-29
 226.519986      1.625  35.738594     9.0475     3.2621      1.611    33.4811    25.9214 -9.990e-29
 226.519988      1.613  35.796833     9.1083     3.2700      1.600    33.4845    25.9144 -9.990e-29
 226.519991      1.601  35.839884     9.1442     3.2895      1.588    33.4955    25.9173 -9.990e-29
 226.519994      1.592  35.866422     9.1471     3.3082      1.579    33.5204    25.9363 -9.990e-29
 226.519997      1.586  35.874765     9.1209     3.3252      1.573    33.5537    25.9666 -9.990e-29
 226.520000      1.584  35.862793     9.0773     3.3409      1.571    33.5824    25.9959 -9.990e-29
 226.520003      1.586  35.834799     9.0266     3.3478      1.573    33.6011    26.0186 -9.990e-29
 226.520006      1.591  35.801161     8.9747     3.3389      1.578    33.6151    26.0378 -9.990e-29
 226.520009      1.599  35.768630     8.9254     3.3215      1.586    33.6278    26.0554 -9.990e-29
 226.520012      1.611  35.737993     8.8819     3.2967      1.598    33.6370    26.0695 -9.990e-29
 226.520014      1.624  35.708254     8.8479     3.2767      1.610    33.6381    26.0757 -9.990e-29
 226.520017      1.637  35.680940     8.8270     3.2731      1.623    33.6293    26.0720 -9.990e-29
 226.520020      1.649  35.661040     8.8229     3.2722      1.635    33.6124    26.0594 -9.990e-29
 226.520023      1.658  35.653850     8.8380     3.2798      1.644    33.5905    26.0399 -9.990e-29
 226.520026      1.663  35.664986     8.8756     3.2842      1.649    33.5665    26.0153 -9.990e-29
 226.520029      1.663  35.700993     8.9375     3.2864      1.649    33.5456    25.9892 -9.990e-29
 226.520032      1.658  35.757412     9.0145     3.2822      1.644    33.5318    25.9663 -9.990e-29
 226.520035      1.649  35.813230     9.0875     3.2799      1.635    33.5212    25.9464 -9.990e-29
 226.520038      1.640  35.850715     9.1384     3.2768      1.626    33.5122    25.9313 -9.990e-29
 226.520041      1.632  35.867611     9.1559     3.2642      1.618    33.5133    25.9294 -9.990e-29
 226.520043      1.628  35.867088     9.1427     3.2544      1.614    33.5252    25.9408 -9.990e-29
