data/oxygen options/OCNMS/OCNMS1/raw_data/2008/SBE19plus/CTD_CE042_081808faed.cnv
* Sea-Bird SBE19plus Data File:
* FileName = C:\2008_Mooring_Data\081808_sevice\CTD_CE042_081808.hex
* Software Version 1.59
* Temperature SN =  4671
* Conductivity SN =  4671
* System UpLoad Time = Aug 18 2008 13:50:44
* ds
* SeacatPlus V 1.6b  SERIAL NO. 4671    18 Aug 2008  13:50:25
# nquan = 9                                 
# nvalues = 3656                        
# units = specified
# name 0 = timeJ: Julian Days
# name 1 = prdM: Pressure, Strain Gauge [db]
# name 2 = c0mS/cm: Conductivity [mS/cm]
# name 3 = tv290C: Temperature [ITS-90, deg C]
# name 4 = sbeox0ML/L: Oxygen, SBE 43 [ml/l]
# name 5 = depSM: Depth [salt water, m], lat = 47.5
# name 6 = sal00: Salinity, Practical [PSU]
# name 7 = sigma-é00: Density [sigma-theta, kg/m^3]
# name 8 = flag: flag
# span 0 = 231.558461, 231.569036       
# span 1 =     -0.079,     47.104       
# span 2 =   0.282880,  38.536498       
# span 3 =     7.2513,    14.7832       
# span 4 =     0.4592,     6.2061       
# span 5 =     -0.078,     46.706       
# span 6 =     0.1697,    33.8010       
# span 7 =    -0.7338,    26.4369       
# span 8 = 0.0000e+00, 0.0000e+00       
# interval = seconds: 0.25
# start_time = Aug 18 2008 13:24:11 [Instrument's time stamp, header]
# bad_flag = -9.990e-29
*END*
[from data line 2401]
 231.565408     19.806  34.627173     7.6597     1.2437     19.640    33.6186    26.2387 -9.990e-29
 231.565411     19.818  34.623864     7.6583     1.2461     19.652    33.6164    26.2372 -9.990e-29
 231.565414     19.811  34.621559     7.6589     1.2446     19.645    33.6134    26.2347 -9.990e-29
 231.565417     19.789  34.620601     7.6609     1.2449     19.623    33.6104    26.2321 -9.990e-29
 231.565420     19.755  34.621128     7.6639     1.2449     19.589    33.6081    26.2298 -9.990e-29
 231.565422     19.716  34.622591     7.6678     1.2439     19.551    33.6059    26.2276 -9.990e-29
 231.565425     19.677  34.624538     7.6718     1.2462     19.512    33.6042    26.2256 -9.990e-29
 231.565428     19.642  34.626945     7.6755     1.2476     19.477    33.6032    26.2243 -9.990e-29
 231.565431     19.614  34.629582     7.6787     1.2495     19.449    33.6030    26.2237 -9.990e-29
 231.565434     19.593  34.632020     7.6810     1.2479     19.429    33.6034    26.2237 -9.990e-29
 231.565437     19.577  34.634013     7.6825     1.2511     19.413    33.6041    26.2240 -9.990e-29
 231.565440     19.568  34.635476     7.6834     1.2490     19.404    33.6048    26.2244 -9.990e-29
 231.565443     19.564  34.636404     7.6839     1.2496     19.400    33.6053    26.2248 -9.990e-29
 231.565446     19.567  34.636926     7.6841     1.2472     19.403    33.6057    26.2250 -9.990e-29
 231.565448     19.575  34.637190     7.6838     1.2476     19.411    33.6063    26.2255 -9.990e-29
 231.565451     19.587  34.637264     7.6830     1.2465     19.423    33.6071    26.2263 -9.990e-29
 231.565454     19.600  34.637146     7.6818     1.2493     19.435    33.6081    26.2273 -9.990e-29
 231.565457     19.611  34.636732     7.6805     1.2493     19.446    33.6089    26.2281 -9.990e-29
 231.565460     19.617  34.635952     7.6796     1.2480     19.452    33.6090    26.2283 -9.990e-29
 231.565463     19.616  34.635034     7.6791     1.2471     19.451    33.6085    26.2279 -9.990e-29
 231.565466     19.608  34.634345     7.6790     1.2491     19.443    33.6078    26.2274 -9.990e-29
 231.565469     19.593  34.634004     7.6794     1.2509     19.429    33.6071    26.2268 -9.990e-29
 231.565472     19.573  34.633986     7.6802     1.2493     19.409    33.6063    26.2261 -9.990e-29
 231.565475     19.550  34.634247     7.6813     1.2519     19.386    33.6055    26.2253 -9.990e-29
 231.565477     19.527  34.634725     7.6826     1.2508     19.363    33.6048    26.2245 -9.990e-29
 231.565480     19.504  34.635373     7.6840     1.2508     19.340    33.6041    26.2238 -9.990e-29
 231.565483     19.486  34.636128     7.6854     1.2523     19.322    33.6036    26.2232 -9.990e-29
 231.565486     19.474  34.636953     7.6865     1.2516     19.311    33.6034    26.2229 -9.990e-29
 231.565489     19.474  34.637804     7.6872     1.2488     19.311    33.6037    26.2230 -9.990e-29
 231.565492     19.488  34.638584     7.6875     1.2490     19.324    33.6042    26.2234 -9.990e-29
 231.565495     19.516  34.639167     7.6870     1.2482     19.352    33.6053    26.2243 -9.990e-29
 231.565498     19.556  34.639429     7.6857     1.2459     19.392    33.6068    26.2257 -9.990e-29
 231.565501     19.603  34.639266     7.6834     1.2455     19.438    33.6089    26.2276 -9.990e-29
 231.565503     19.650  34.638573     7.6804     1.2436     19.485    33.6110    26.2297 -9.990e-29
 231.565506     19.690  34.637168     7.6775     1.2427     19.525    33.6123    26.2312 -9.990e-29
 231.565509     19.719  34.635118     7.6756     1.2438     19.553    33.6119    26.2311 -9.990e-29
 231.565512     19.733  34.632968     7.6752     1.2453     19.567    33.6099    26.2297 -9.990e-29
 231.565515     19.733  34.631463     7.6760     1.2468     19.567    33.6075    26.2277 -9.990e-29
 231.565518     19.720  34.631174     7.6775     1.2490     19.554    33.6058    26.2261 -9.990e-29
 231.565521     19.701  34.631935     7.6795     1.2504     19.536    33.6047    26.2249 -9.990e-29
 231.565524     19.679  34.633056     7.6816     1.2485     19.514    33.6039    26.2240 -9.990e-29
 231.565527     19.659  34.634296     7.6834     1.2499     19.494    33.6035    26.2234 -9.990e-29
 231.565530     19.646  34.635703     7.6845     1.2504     19.481    33.6039    26.2236 -9.990e-29
 231.565532     19.639  34.636999     7.6845     1.2497     19.474    33.6053    26.2247 -9.990e-29
 231.565535     19.641  34.637811     7.6836     1.2467     19.476    33.6071    26.2262 -9.990e-29
 231.565538     19.648  34.637963     7.6819     1.2447     19.483    33.6089    26.2279 -9.990e-29
 231.565541     19.657  34.637384     7.6798     1.2467     19.492    33.6103    26.2293 -9.990e-29
 231.565544     19.666  34.636175     7.6777     1.2456     19.501    33.6110    26.2301 -9.990e-29
 231.565547     19.670  34.634701     7.6762     1.2437     19.505    33.6109    26.2302 -9.990e-29
 231.565550     19.667  34.633251     7.6758     1.2445     19.502    33.6097    26.2294 -9.990e-29
 231.565553     19.653  34.632055     7.6766     1.2480     19.488    33.6076    26.2276 -9.990e-29
 231.565556     19.632  34.631556     7.6784     1.2504     19.467    33.6054    26.2256 -9.990e-29
 231.565558     19.605  34.632011     7.6808     1.2551     19.440    33.6036    26.2238 -9.990e-29
 231.565561     19.576  34.633273     7.6832     1.2556     19.412    33.6026    26.2228 -9.990e-29
 231.565564     19.551  34.634958     7.6854     1.2562     19.387    33.6023    26.2222 -9.990e-29
 231.565567     19.532  34.636656     7.6871     1.2590     19.368    33.6025    26.2221 -9.990e-29
 231.565570     19.524  34.638106     7.6882     1.2592     19.360    33.6030    26.2223 -9.990e-29
 231.565573     19.527  34.639194     7.6887     1.2608     19.363    33.6037    26.2228 -9.990e-29
 231.565576     19.540  34.639906     7.6886     1.2560     19.376    33.6046    26.2235 -9.990e-29
 231.565579     19.562  34.640222     7.6878     1.2551     19.398    33.6057    26.2245 -9.990e-29
 231.565582     19.591  34.640123     7.6864     1.2531     19.427    33.6069    26.2257 -9.990e-29
 231.565584     19.625  34.639661     7.6839     1.2504     19.460    33.6088    26.2275 -9.990e-29
 231.565587     19.661  34.638837     7.6804     1.2493     19.496    33.6113    26.2300 -9.990e-29
 231.565590     19.698  34.637519     7.6763     1.2477     19.533    33.6138    26.2325 -9.990e-29
 231.565593     19.729  34.635462     7.6723     1.2464     19.563    33.6154    26.2344 -9.990e-29
 231.565596     19.752  34.632684     7.6695     1.2470     19.586    33.6151    26.2346 -9.990e-29
 231.565599     19.761  34.629838     7.6681     1.2514     19.595    33.6134    26.2334 -9.990e-29
 231.565602     19.755  34.627751     7.6683     1.2517     19.589    33.6110    26.2315 -9.990e-29
 231.565605     19.733  34.626841     7.6698     1.2484     19.567    33.6086    26.2293 -9.990e-29
 231.565608     19.699  34.627060     7.6721     1.2503     19.534    33.6066    26.2275 -9.990e-29
 231.565611     19.658  34.628184     7.6746     1.2491     19.493    33.6054    26.2262 -9.990e-29
 231.565613     19.616  34.629836     7.6771     1.2502     19.451    33.6048    26.2253 -9.990e-29
 231.565616     19.579  34.631539     7.6792     1.2514     19.415    33.6046    26.2249 -9.990e-29
 231.565619     19.549  34.633124     7.6808     1.2490     19.385    33.6048    26.2248 -9.990e-29
 231.565622     19.527  34.634516     7.6818     1.2520     19.363    33.6053    26.2251 -9.990e-29
 231.565625     19.512  34.635539     7.6822     1.2557     19.348    33.6061    26.2256 -9.990e-29
 231.565628     19.502  34.636140     7.6821     1.2568     19.338    33.6068    26.2262 -9.990e-29
 231.565631     19.494  34.636365     7.6817     1.2584     19.330    33.6074    26.2268 -9.990e-29
 231.565634     19.486  34.636225     7.6811     1.2622     19.322    33.6079    26.2272 -9.990e-29
 231.565637     19.479  34.635802     7.6806     1.2606     19.316    33.6079    26.2273 -9.990e-29
 231.565639     19.474  34.635298     7.6804     1.2593     19.311    33.6075    26.2270 -9.990e-29
 231.565642     19.474  34.634882     7.6804     1.2566     19.311    33.6071    26.2267 -9.990e-29
 231.565645     19.480  34.634697     7.6804     1.2541     19.317    33.6069    26.2265 -9.990e-29
 231.565648     19.496  34.634786     7.6801     1.2541     19.332    33.6073    26.2269 -9.990e-29
 231.565651     19.522  34.634965     7.6791     1.2522     19.358    33.6084    26.2279 -9.990e-29
 231.565654     19.555  34.634931     7.6772     1.2518     19.391    33.6102    26.2296 -9.990e-29
 231.565657     19.591  34.634430     7.6745     1.2513     19.427    33.6123    26.2316 -9.990e-29
 231.565660     19.627  34.633366     7.6714     1.2536     19.462    33.6141    26.2335 -9.990e-29
 231.565663     19.656  34.631694     7.6690     1.2582     19.491    33.6146    26.2342 -9.990e-29
 231.565666     19.676  34.629564     7.6678     1.2567     19.511    33.6134    26.2335 -9.990e-29
 231.565668     19.686  34.627628     7.6681     1.2561     19.521    33.6111    26.2316 -9.990e-29
 231.565671     19.686  34.626670     7.6693     1.2558     19.521    33.6089    26.2297 -9.990e-29
 231.565674     19.680  34.626972     7.6707     1.2551     19.515    33.6078    26.2287 -9.990e-29
 231.565677     19.671  34.628091     7.6719     1.2610     19.506    33.6079    26.2285 -9.990e-29
 231.565680     19.663  34.629282     7.6727     1.2569     19.498    33.6084    26.2288 -9.990e-29
 231.565683     19.658  34.630144     7.6730     1.2547     19.493    33.6091    26.2293 -9.990e-29
 231.565686     19.657  34.630662     7.6729     1.2548     19.492    33.6097    26.2298 -9.990e-29
 231.565689     19.659  34.630871     7.6724     1.2544     19.494    33.6104    26.2304 -9.990e-29
 231.565692     19.662  34.630748     7.6720     1.2539     19.497    33.6107    26.2307 -9.990e-29
 231.565694     19.664  34.630367     7.6718     1.2524     19.499    33.6105    26.2305 -9.990e-29
 231.565697     19.666  34.629968     7.6719     1.2525     19.501    33.6099    26.2301 -9.990e-29
 231.565700     19.667  34.629777     7.6721     1.2496     19.502    33.6095    26.2298 -9.990e-29
 231.565703     19.668  34.629839     7.6723     1.2504     19.503    33.6094    26.2296 -9.990e-29
 231.565706     19.669  34.630033     7.6723     1.2507     19.504    33.6096    26.2298 -9.990e-29
 231.565709     19.672  34.630208     7.6719     1.2500     19.507    33.6102    26.2303 -9.990e-29
 231.565712     19.675  34.630260     7.6712     1.2506     19.510    33.6109    26.2310 -9.990e-29
 231.565715     19.677  34.630096     7.6703     1.2487     19.512    33.6116    26.2317 -9.990e-29
 231.565718     19.675  34.629644     7.6697     1.2472     19.510    33.6117    26.2318 -9.990e-29
 231.565720     19.669  34.628906     7.6699     1.2471     19.504    33.6107    26.2310 -9.990e-29
 231.565723     19.658  34.628192     7.6712     1.2500     19.493    33.6087    26.2292 -9.990e-29
 231.565726     19.643  34.628079     7.6732     1.2494     19.478    33.6066    26.2274 -9.990e-29
 231.565729     19.625  34.628865     7.6754     1.2475     19.460    33.6054    26.2260 -9.990e-29
 231.565732     19.608  34.630325     7.6774     1.2476     19.443    33.6050    26.2255 -9.990e-29
 231.565735     19.594  34.631980     7.6789     1.2497     19.430    33.6054    26.2255 -9.990e-29
 231.565738     19.585  34.633446     7.6799     1.2495     19.421    33.6060    26.2259 -9.990e-29
 231.565741     19.580  34.634529     7.6802     1.2499     19.416    33.6069    26.2265 -9.990e-29
 231.565744     19.581  34.635149     7.6799     1.2465     19.417    33.6078    26.2273 -9.990e-29
 231.565747     19.584  34.635250     7.6791     1.2493     19.420    33.6087    26.2281 -9.990e-29
 231.565749     19.588  34.634861     7.6779     1.2508     19.424    33.6094    26.2289 -9.990e-29
 231.565752     19.588  34.634188     7.6769     1.2538     19.424    33.6097    26.2292 -9.990e-29
 231.565755     19.584  34.633318     7.6765     1.2538     19.420    33.6091    26.2288 -9.990e-29
 231.565758     19.572  34.632382     7.6771     1.2542     19.408    33.6075    26.2275 -9.990e-29
 231.565761     19.555  34.631947     7.6784     1.2565     19.391    33.6058    26.2260 -9.990e-29
 231.565764     19.536  34.632375     7.6801     1.2563     19.372    33.6047    26.2248 -9.990e-29
 231.565767     19.519  34.633413     7.6818     1.2569     19.355    33.6041    26.2242 -9.990e-29
 231.565770     19.510  34.634669     7.6830     1.2525     19.346    33.6043    26.2241 -9.990e-29
 231.565773     19.513  34.635892     7.6836     1.2533     19.349    33.6051    26.2246 -9.990e-29
 231.565775     19.529  34.636860     7.6833     1.2538     19.365    33.6064    26.2257 -9.990e-29
 231.565778     19.556  34.637327     7.6820     1.2515     19.392    33.6082    26.2273 -9.990e-29
 231.565781     19.590  34.637160     7.6796     1.2510     19.426    33.6103    26.2293 -9.990e-29
 231.565784     19.626  34.636315     7.6766     1.2528     19.461    33.6122    26.2313 -9.990e-29
 231.565787     19.658  34.634778     7.6734     1.2540     19.493    33.6137    26.2328 -9.990e-29
 231.565790     19.680  34.632715     7.6710     1.2532     19.515    33.6137    26.2333 -9.990e-29
 231.565793     19.689  34.630517     7.6699     1.2542     19.524    33.6124    26.2324 -9.990e-29
 231.565796     19.685  34.628737     7.6699     1.2538     19.520    33.6105    26.2309 -9.990e-29
 231.565799     19.668  34.627918     7.6706     1.2542     19.503    33.6090    26.2296 -9.990e-29
 231.565802     19.642  34.628078     7.6718     1.2580     19.477    33.6080    26.2286 -9.990e-29
 231.565804     19.613  34.628722     7.6733     1.2548     19.448    33.6073    26.2278 -9.990e-29
 231.565807     19.585  34.629488     7.6750     1.2537     19.421    33.6065    26.2269 -9.990e-29
 231.565810     19.565  34.630338     7.6766     1.2564     19.401    33.6058    26.2262 -9.990e-29
 231.565813     19.556  34.631317     7.6778     1.2542     19.392    33.6057    26.2260 -9.990e-29
 231.565816     19.558  34.632342     7.6784     1.2553     19.394    33.6063    26.2263 -9.990e-29
 231.565819     19.571  34.633164     7.6784     1.2548     19.407    33.6071    26.2270 -9.990e-29
 231.565822     19.591  34.633595     7.6780     1.2532     19.427    33.6080    26.2277 -9.990e-29
 231.565825     19.614  34.633605     7.6774     1.2532     19.449    33.6086    26.2283 -9.990e-29
 231.565828     19.635  34.633274     7.6769     1.2544     19.470    33.6087    26.2284 -9.990e-29
 231.565830     19.653  34.632837     7.6765     1.2509     19.488    33.6086    26.2284 -9.990e-29
 231.565833     19.666  34.632505     7.6764     1.2530     19.501    33.6083    26.2282 -9.990e-29
 231.565836     19.674  34.632340     7.6764     1.2524     19.509    33.6081    26.2281 -9.990e-29
 231.565839     19.680  34.632342     7.6764     1.2517     19.515    33.6081    26.2281 -9.990e-29
 231.565842     19.684  34.632443     7.6764     1.2516     19.519    33.6082    26.2281 -9.990e-29
 231.565845     19.689  34.632539     7.6763     1.2489     19.524    33.6084    26.2283 -9.990e-29
 231.565848     19.692  34.632592     7.6761     1.2501     19.527    33.6087    26.2285 -9.990e-29
 231.565851     19.691  34.632616     7.6758     1.2534     19.526    33.6090    26.2288 -9.990e-29
 231.565854     19.683  34.632573     7.6755     1.2543     19.518    33.6092    26.2291 -9.990e-29
 231.565856     19.666  34.632409     7.6753     1.2524     19.501    33.6093    26.2291 -9.990e-29
 231.565859     19.639  34.632162     7.6752     1.2533     19.474    33.6091    26.2290 -9.990e-29
 231.565862     19.605  34.631940     7.6754     1.2559     19.440    33.6087    26.2287 -9.990e-29
 231.565865     19.567  34.631817     7.6762     1.2543     19.403    33.6078    26.2278 -9.990e-29
