data/oxygen options/OCNMS/OCNMS1/raw_data/2008/SBE19plus/CTD_KL027_071508faed.cnv
* Sea-Bird SBE19plus Data File:
* FileName = C:\2008_Mooring_Data\071408_sevice\CTD_KL027_071508.hex
* Software Version 1.59
* Temperature SN =  4671
* Conductivity SN =  4671
* System UpLoad Time = Jul 15 2008 15:58:06
* ds
* SeacatPlus V 1.6b  SERIAL NO. 4671    15 Jul 2008  15:57:45
# nquan = 9                                 
# nvalues = 1318                        
# units = specified
# name 0 = timeJ: Julian Days
# name 1 = prdM: Pressure, Strain Gauge [db]
# name 2 = c0mS/cm: Conductivity [mS/cm]
# name 3 = tv290C: Temperature [ITS-90, deg C]
# name 4 = sbeox0ML/L: Oxygen, SBE 43 [ml/l]
# name 5 = depSM: Depth [salt water, m], lat = 47.5
# name 6 = sal00: Salinity, Practical [PSU]
# name 7 = sigma-é00: Density [sigma-theta, kg/m^3]
# name 8 = flag: flag
# span 0 = 197.646979, 197.650790       
# span 1 =      0.006,     25.986       
# span 2 =   0.001247,  36.850313       
# span 3 =     6.8621,    12.1436       
# span 4 =     2.0353,     7.9047       
# span 5 =      0.006,     25.767       
# span 6 =     0.0064,    33.7971       
# span 7 =    -0.5119,    26.4902       
# span 8 = 0.0000e+00, 0.0000e+00       
# interval = seconds: 0.25
# start_time = Jul 15 2008 15:31:39 [Instrument's time stamp, header]
# bad_flag = -9.990e-29
*END*
[from data line 1281]
 197.650686      3.913  35.601232     8.9946     4.3506      3.880    33.3867    25.8558 0.0000e+00
 197.650689      3.750  35.638445     9.0281     4.3977      3.719    33.3941    25.8563 0.0000e+00
 197.650692      3.596  35.672026     9.0534     4.4388      3.566    33.4053    25.8612 0.0000e+00
 197.650694      3.449  35.699588     9.0705     4.4858      3.420    33.4180    25.8684 0.0000e+00
 197.650697      3.304  35.719578     9.0806     4.5264      3.276    33.4294    25.8757 0.0000e+00
 197.650700      3.160  35.732529     9.0868     4.5672      3.134    33.4371    25.8808 0.0000e+00
 197.650703      3.013  35.739417     9.0930     4.6133      2.988    33.4385    25.8809 0.0000e+00
 197.650706      2.864  35.742212     9.1026     4.6425      2.840    33.4325    25.8746 0.0000e+00
 197.650709      2.713  35.744854     9.1187     4.6571      2.690    33.4202    25.8624 0.0000e+00
 197.650712      2.562  35.750722     9.1434     4.6502      2.541    33.4032    25.8452 0.0000e+00
 197.650715      2.413  35.761627     9.1768     4.6287      2.393    33.3833    25.8243 0.0000e+00
 197.650718      2.269  35.779560     9.2161     4.5991      2.250    33.3652    25.8039 0.0000e+00
 197.650720      2.130  35.805522     9.2574     4.5668      2.112    33.3535    25.7881 0.0000e+00
 197.650723      1.995  35.837184     9.2975     4.5329      1.978    33.3489    25.7781 0.0000e+00
 197.650726      1.859  35.870233     9.3344     4.5651      1.843    33.3487    25.7720 0.0000e+00
 197.650729      1.720  35.901421     9.3686     5.4760      1.706    33.3490    25.7668 0.0000e+00
 197.650732      1.574  35.929182     9.4024     5.8277      1.561    33.3462    25.7592 0.0000e+00
 197.650735      1.419  35.952971     9.4398 -9.990e-29      1.407    33.3360    25.7451 0.0000e+00
 197.650738      1.256  35.974966     9.4845 -9.990e-29      1.246    33.3171    25.7231 0.0000e+00
 197.650741      1.089  35.999054     9.5358 -9.990e-29      1.080    33.2943    25.6969 0.0000e+00
 197.650744      0.925  36.028429     9.5865 -9.990e-29      0.917    33.2775    25.6755 0.0000e+00
 197.650747      0.770  36.065069     9.6269 -9.990e-29      0.764    33.2777    25.6691 0.0000e+00
 197.650749      0.629  36.103751     9.6527 -9.990e-29      0.624    33.2936    25.6772 0.0000e+00
 197.650752      0.508  36.132624     9.6647 -9.990e-29      0.504    33.3121    25.6897 0.0000e+00
 197.650755      0.406  36.143762     9.6651 -9.990e-29      0.403    33.3232    25.6983 0.0000e+00
 197.650758      0.325  36.136069     9.6557 -9.990e-29      0.322    33.3241    25.7005 0.0000e+00
 197.650761      0.261  36.110581     9.6382 -9.990e-29      0.259    33.3142    25.6957 -9.990e-29
 197.650764      0.211  36.064806     9.6148 -9.990e-29      0.209    33.2889    25.6798 -9.990e-29
 197.650767      0.173  35.990196     9.5883 -9.990e-29      0.172    33.2369    25.6435 -9.990e-29
 197.650770      0.143  35.872742     9.5609 -9.990e-29      0.142    33.1416    25.5735 -9.990e-29
 197.650773      0.120  35.690553     9.5343 -9.990e-29      0.119    32.9790    25.4508 -9.990e-29
 197.650775      0.103  35.403537     9.5102 -9.990e-29      0.102    32.7064    25.2416 -9.990e-29
 197.650778      0.090  34.941330     9.4908 -9.990e-29      0.089    32.2499    24.8881 -9.990e-29
 197.650781      0.081  34.186895     9.4784 -9.990e-29      0.080    31.4888    24.2955 -9.990e-29
 197.650784      0.075  32.944874     9.4742 -9.990e-29      0.074    30.2267    23.3106 -9.990e-29
 197.650787      0.071  30.888517 -9.990e-29 -9.990e-29      0.070 -9.990e-29 -9.990e-29 -9.990e-29
 197.650790      0.070  27.538511 -9.990e-29 -9.990e-29      0.069 -9.990e-29 -9.990e-29 -9.990e-29
