data/oxygen options/OCNMS/OCNMS1/raw_data/2008/SBE19plus/CTD_CA042_072108faedb.cnv
* Sea-Bird SBE19plus Data File:
* FileName = C:\2008_Mooring_Data\072108_service\CTD_CA042_072108.hex
* Software Version 1.59
* Temperature SN =  4671
* Conductivity SN =  4671
* System UpLoad Time = Jul 21 2008 15:46:05
* ds
* SeacatPlus V 1.6b  SERIAL NO. 4671    21 Jul 2008  15:45:50
# nquan = 9
# nvalues = 40                          
# units = specified
# name 0 = timeJ: Julian Days
# name 1 = prdM: Pressure, Strain Gauge [db]
# name 2 = c0mS/cm: Conductivity [mS/cm]
# name 3 = tv290C: Temperature [ITS-90, deg C]
# name 4 = sbeox0ML/L: Oxygen, SBE 43 [ml/l]
# name 5 = depSM: Depth [salt water, m], lat = 47.5
# name 6 = sal00: Salinity, Practical [PSU]
# name 7 = sigma-é00: Density [sigma-theta, kg/m^3]
# name 8 = flag: flag
# span 0 = 203.586687, 203.589577       
# span 1 =      1.000,     40.000       
# span 2 =  27.581301,  35.765555       
# span 3 =     7.2178,    11.5663       
# span 4 =     2.6554,     4.8917       
# span 5 =      0.992,     39.662       
# span 6 =    23.7232,    33.7177       
# span 7 =    17.9327,    26.3790       
# span 8 = 0.0000e+00, 0.0000e+00       
# interval = decibars: 1                
# start_time = Jul 21 2008 14:04:44 [Instrument's time stamp, header]
# bad_flag = -9.990e-29
*END*
 203.586687      1.000  27.581301    11.5663     4.8689      0.992    23.7232    17.9327 0.0000e+00
 203.588489      2.000  33.498219    10.7724     4.8917      1.983    29.8625    22.8250 0.0000e+00
 203.589204      3.000  35.765555    10.3629     4.8841      2.975    32.3046    24.7872 0.0000e+00
 203.589217      4.000  35.693329    10.2089     4.8634      3.967    32.3686    24.8631 0.0000e+00
 203.589226      5.000  35.641168    10.1071     4.8506      4.958    32.4067    24.9098 0.0000e+00
 203.589235      6.000  35.602534    10.0370     4.8071      5.950    32.4300    24.9397 0.0000e+00
 203.589244      7.000  35.559114     9.9795     4.7367      6.941    32.4371    24.9549 0.0000e+00
 203.589252      8.000  35.520110     9.9394     4.6814      7.933    32.4333    24.9584 0.0000e+00
 203.589260      9.000  35.493393     9.9016     4.6307      8.924    32.4396    24.9696 0.0000e+00
 203.589268     10.000  35.460237     9.8525     4.5983      9.916    32.4496    24.9856 0.0000e+00
 203.589277     11.000  35.415868     9.7606     4.5580     10.908    32.4869    25.0297 0.0000e+00
 203.589285     12.000  35.333550     9.6371     4.4329     11.899    32.5141    25.0710 0.0000e+00
 203.589294     13.000  35.258145     9.5359     4.1994     12.891    32.5282    25.0984 0.0000e+00
 203.589303     14.000  35.223823     9.4037     3.9233     13.883    32.6128    25.1858 0.0000e+00
 203.589311     15.000  35.176089     9.2472     3.7032     14.874    32.7061    25.2837 0.0000e+00
 203.589320     16.000  35.156392     9.0579     3.5834     15.866    32.8594    25.4334 0.0000e+00
 203.589329     17.000  35.085230     8.7998     3.5488     16.857    33.0242    25.6026 0.0000e+00
 203.589338     18.000  34.966535     8.5099     3.5394     17.849    33.1705    25.7616 0.0000e+00
 203.589347     19.000  34.800938     8.1910     3.4967     18.841    33.2961    25.9080 0.0000e+00
 203.589356     20.000  34.595624     7.9848     3.4283     19.832    33.2729    25.9201 0.0000e+00
 203.589365     21.000  34.510504     7.8994     3.3802     20.824    33.2627    25.9245 0.0000e+00
 203.589374     22.000  34.464502     7.8254     3.3573     21.815    33.2834    25.9515 0.0000e+00
 203.589385     23.000  34.409846     7.7108     3.3447     22.807    33.3338    26.0076 0.0000e+00
 203.589396     24.000  34.331464     7.5941     3.3192     23.799    33.3608    26.0455 0.0000e+00
 203.589407     25.000  34.277052     7.5258     3.2830     24.790    33.3672    26.0602 0.0000e+00
 203.589418     26.000  34.254112     7.4943     3.2289     25.782    33.3722    26.0686 0.0000e+00
 203.589427     27.000  34.243020     7.4729     3.1418     26.773    33.3803    26.0780 0.0000e+00
 203.589436     28.000  34.237621     7.4512     3.0660     27.765    33.3949    26.0925 0.0000e+00
 203.589445     29.000  34.235042     7.4250     3.0176     28.756    33.4168    26.1135 0.0000e+00
 203.589454     30.000  34.236877     7.3885     2.9436     29.747    33.4536    26.1475 0.0000e+00
 203.589464     31.000  34.249081     7.3470     2.8337     30.739    33.5065    26.1949 0.0000e+00
 203.589476     32.000  34.268184     7.3146     2.7488     31.730    33.5582    26.2402 0.0000e+00
 203.589490     33.000  34.283792     7.2777     2.7324     32.722    33.6105    26.2865 0.0000e+00
 203.589500     34.000  34.308688     7.2435     2.7352     33.714    33.6705    26.3384 0.0000e+00
 203.589510     35.000  34.326163     7.2272     2.7284     34.705    33.7049    26.3678 0.0000e+00
 203.589521     36.000  34.331007     7.2214     2.7174     35.696    33.7154    26.3769 0.0000e+00
 203.589531     37.000  34.331937     7.2196     2.7087     36.688    33.7177    26.3790 0.0000e+00
 203.589543     38.000  34.331005     7.2183     2.6938     37.679    33.7174    26.3789 0.0000e+00
 203.589557     39.000  34.330070     7.2178     2.6813     38.671    33.7164    26.3782 0.0000e+00
 203.589577     40.000  34.329568     7.2200     2.6554     39.662    33.7132    26.3754 0.0000e+00
