data/oxygen options/OCNMS/OCNMS1/raw_data/2008/SBE19plus/CTD_CE042_101808faedb.cnv
* Sea-Bird SBE19plus Data File:
* FileName = C:\2008_Mooring_Data\101508_retreive\DO_CE042_101808.hex
* Software Version 1.59
* Temperature SN =  4671
* Conductivity SN =  4671
* System UpLoad Time = Oct 18 2008 12:13:55
* ds
* SeacatPlus V 1.6b  SERIAL NO. 4671    18 Oct 2008  12:13:46
# nquan = 9
# nvalues = 42                          
# units = specified
# name 0 = timeJ: Julian Days
# name 1 = prdM: Pressure, Strain Gauge [db]
# name 2 = c0mS/cm: Conductivity [mS/cm]
# name 3 = tv290C: Temperature [ITS-90, deg C]
# name 4 = sbeox0ML/L: Oxygen, SBE 43 [ml/l]
# name 5 = depSM: Depth [salt water, m], lat = 47.5
# name 6 = sal00: Salinity, Practical [PSU]
# name 7 = sigma-é00: Density [sigma-theta, kg/m^3]
# name 8 = flag: flag
# span 0 = 292.495143, 292.498318       
# span 1 =      1.000,     42.000       
# span 2 =  24.725097,  36.952272       
# span 3 =     8.5254,    12.6609       
# span 4 =     3.6688,     6.2720       
# span 5 =      0.992,     41.645       
# span 6 =    20.4418,    33.1970       
# span 7 =    15.2132,    25.7717       
# span 8 = 0.0000e+00, 0.0000e+00       
# interval = decibars: 1                
# start_time = Oct 18 2008 11:52:05 [Instrument's time stamp, header]
# bad_flag = -9.990e-29
*END*
 292.495143      1.000  24.725097    12.6609     5.7059      0.992    20.4418    15.2132 0.0000e+00
 292.497252      2.000  34.262062    12.3443     6.2035      1.983    29.3042    22.1132 0.0000e+00
 292.497788      3.000  36.598075    12.2306     6.2720      2.975    31.5050    23.8334 0.0000e+00
 292.497802      4.000  36.601306    12.1928     6.2088      3.967    31.5396    23.8672 0.0000e+00
 292.497816      5.000  36.613877    12.1815     6.1640      4.958    31.5607    23.8857 0.0000e+00
 292.497832      6.000  36.660737    12.1670     6.1296      5.950    31.6175    23.9325 0.0000e+00
 292.497848      7.000  36.706992    12.1585     6.0985      6.941    31.6686    23.9737 0.0000e+00
 292.497862      8.000  36.738632    12.1539     6.1211      7.933    31.7025    24.0009 0.0000e+00
 292.497874      9.000  36.785255    12.1506     6.1254      8.925    31.7496    24.0380 0.0000e+00
 292.497890     10.000  36.832136    12.1521     6.1353      9.916    31.7929    24.0714 0.0000e+00
 292.497906     11.000  36.860742    12.1590     6.1182     10.908    31.8141    24.0865 0.0000e+00
 292.497918     12.000  36.894572    12.1653     6.1203     11.899    31.8409    24.1061 0.0000e+00
 292.497929     13.000  36.920136    12.1673     6.1020     12.891    31.8633    24.1232 0.0000e+00
 292.497941     14.000  36.933812    12.1666     6.0598     13.883    31.8766    24.1337 0.0000e+00
 292.497954     15.000  36.942830    12.1622     6.0205     14.874    31.8886    24.1438 0.0000e+00
 292.497967     16.000  36.948218    12.1511     5.9947     15.866    31.9028    24.1570 0.0000e+00
 292.497977     17.000  36.950862    12.1328     5.9435     16.858    31.9206    24.1742 0.0000e+00
 292.497987     18.000  36.952272    12.1055     5.8910     17.849    31.9448    24.1981 0.0000e+00
 292.497996     19.000  36.949874    12.0726     5.8638     18.841    31.9703    24.2239 0.0000e+00
 292.498005     20.000  36.946573    12.0388     5.8201     19.832    31.9956    24.2499 0.0000e+00
 292.498014     21.000  36.937733    11.9887     5.7172     20.824    32.0297    24.2857 0.0000e+00
 292.498024     22.000  36.916408    11.9377     5.5855     21.815    32.0525    24.3128 0.0000e+00
 292.498033     23.000  36.896066    11.8887     5.3844     22.807    32.0746    24.3391 0.0000e+00
 292.498042     24.000  36.878094    11.8161     5.1378     23.798    32.1195    24.3872 0.0000e+00
 292.498051     25.000  36.847037    11.6896     4.9708     24.790    32.1984    24.4717 0.0000e+00
 292.498059     26.000  36.784098    11.5405     4.8837     25.781    32.2663    24.5516 0.0000e+00
 292.498068     27.000  36.707483    11.3359     4.8775     26.773    32.3699    24.6689 0.0000e+00
 292.498077     28.000  36.576239    11.0043     4.9039     27.764    32.5324    24.8543 0.0000e+00
 292.498085     29.000  36.378805    10.7156     4.8371     28.756    32.5926    24.9517 0.0000e+00
 292.498093     30.000  36.239204    10.5140     4.7084     29.747    32.6329    25.0178 0.0000e+00
 292.498101     31.000  36.133807    10.3386     4.6444     30.739    32.6842    25.0878 0.0000e+00
 292.498110     32.000  36.031542    10.2364     4.6353     31.730    32.6728    25.0962 0.0000e+00
 292.498118     33.000  35.982068    10.1101     4.5886     32.722    32.7365    25.1671 0.0000e+00
 292.498129     34.000  35.850011     9.7568     4.5144     33.713    32.9233    25.3714 0.0000e+00
 292.498157     35.000  35.539549     9.4132     4.3924     34.705    32.9196    25.4244 0.0000e+00
 292.498202     36.000  35.384560     9.1494     4.0518     35.696    33.0024    25.5313 0.0000e+00
 292.498217     37.000  35.316492     9.0481     3.9605     36.688    33.0253    25.5651 0.0000e+00
 292.498236     38.000  35.270592     8.9826     3.8009     37.679    33.0379    25.5853 0.0000e+00
 292.498252     39.000  35.240734     8.8854     3.7169     38.671    33.0968    25.6465 0.0000e+00
 292.498269     40.000  35.156473     8.7417     3.6792     39.662    33.1425    25.7046 0.0000e+00
 292.498288     41.000  35.073318     8.5900     3.6880     40.654    33.1970    25.7705 0.0000e+00
 292.498318     42.000  35.005528     8.5254     3.6688     41.645    33.1860    25.7717 0.0000e+00
