data/oxygen options/OCNMS/OCNMS1/raw_data/2008/SBE19plus/CTD_KL042_081808faed.cnv
* Sea-Bird SBE19plus Data File:
* FileName = C:\2008_Mooring_Data\081808_sevice\CTD_KL042_081808.hex
* Software Version 1.59
* Temperature SN =  4671
* Conductivity SN =  4671
* System UpLoad Time = Aug 18 2008 16:26:52
* ds
* SeacatPlus V 1.6b  SERIAL NO. 4671    18 Aug 2008  16:26:31
# nquan = 9                                 
# nvalues = 1304                        
# units = specified
# name 0 = timeJ: Julian Days
# name 1 = prdM: Pressure, Strain Gauge [db]
# name 2 = c0mS/cm: Conductivity [mS/cm]
# name 3 = tv290C: Temperature [ITS-90, deg C]
# name 4 = sbeox0ML/L: Oxygen, SBE 43 [ml/l]
# name 5 = depSM: Depth [salt water, m], lat = 47.5
# name 6 = sal00: Salinity, Practical [PSU]
# name 7 = sigma-é00: Density [sigma-theta, kg/m^3]
# name 8 = flag: flag
# span 0 = 231.680752, 231.684523       
# span 1 =      0.006,     44.390       
# span 2 =   1.347399,  38.776088       
# span 3 =     7.2205,    13.5848       
# span 4 =     1.4891,     5.8208       
# span 5 =      0.006,     44.015       
# span 6 =     0.8799,    33.7358       
# span 7 =    -0.0009,    26.3925       
# span 8 = 0.0000e+00, 0.0000e+00       
# interval = seconds: 0.25
# start_time = Aug 18 2008 16:20:17 [Instrument's time stamp, header]
# bad_flag = -9.990e-29
*END*
[from data line 321]
 231.681681      1.760  37.864748    12.3782     5.6776      1.745    32.5923    24.6484 -9.990e-29
 231.681684      1.743  37.867458    12.3799     5.6756      1.728    32.5934    24.6490 -9.990e-29
 231.681687      1.731  37.869680    12.3813     5.6763      1.717    32.5943    24.6494 -9.990e-29
 231.681690      1.724  37.871182    12.3828     5.6736      1.710    32.5945    24.6493 -9.990e-29
 231.681693      1.723  37.872228    12.3845     5.6760      1.709    32.5940    24.6486 -9.990e-29
 231.681696      1.724  37.873354    12.3864     5.6829      1.710    32.5934    24.6478 -9.990e-29
 231.681698      1.728  37.874813    12.3883     5.6891      1.714    32.5932    24.6472 -9.990e-29
 231.681701      1.733  37.876485    12.3898     5.6935      1.719    32.5935    24.6471 -9.990e-29
 231.681704      1.742  37.878211    12.3906     5.6932      1.727    32.5944    24.6477 -9.990e-29
 231.681707      1.752  37.879694    12.3909     5.6915      1.737    32.5956    24.6486 -9.990e-29
 231.681710      1.765  37.880433    12.3914     5.6833      1.750    32.5959    24.6487 -9.990e-29
 231.681713      1.779  37.880353    12.3922     5.6775      1.764    32.5951    24.6479 -9.990e-29
 231.681716      1.791  37.880333    12.3932     5.6695      1.776    32.5942    24.6471 -9.990e-29
 231.681719      1.799  37.881100    12.3943     5.6653      1.784    32.5940    24.6467 -9.990e-29
 231.681722      1.801  37.882122    12.3952     5.6669      1.786    32.5942    24.6466 -9.990e-29
 231.681725      1.798  37.883098    12.3956     5.6669      1.783    32.5947    24.6470 -9.990e-29
 231.681727      1.790  37.884151    12.3958     5.6695      1.775    32.5956    24.6476 -9.990e-29
 231.681730      1.780  37.884687    12.3960     5.6757      1.765    32.5959    24.6479 -9.990e-29
 231.681733      1.770  37.884553    12.3967     5.6824      1.755    32.5952    24.6472 -9.990e-29
 231.681736      1.762  37.884426    12.3976     5.6861      1.747    32.5943    24.6463 -9.990e-29
 231.681739      1.758  37.884776    12.3988     5.6910      1.743    32.5936    24.6455 -9.990e-29
 231.681742      1.758  37.885581    12.3993     5.6952      1.743    32.5939    24.6457 -9.990e-29
 231.681745      1.763  37.886598    12.3964     5.6914      1.748    32.5974    24.6489 -9.990e-29
 231.681748      1.772  37.887569    12.3866     5.6918      1.757    32.6069    24.6581 -9.990e-29
 231.681751      1.781  37.887140    12.3699     5.6914      1.766    32.6210    24.6722 -9.990e-29
 231.681753      1.790  37.881326    12.3515     5.6912      1.775    32.6314    24.6838 -9.990e-29
 231.681756      1.796  37.866226    12.3366     5.6927      1.781    32.6299    24.6855 -9.990e-29
 231.681759      1.799  37.845985    12.3273     5.6983      1.784    32.6186    24.6785 -9.990e-29
 231.681762      1.798  37.830246    12.3239     5.7032      1.783    32.6064    24.6697 -9.990e-29
 231.681765      1.794  37.822029    12.3253     5.7065      1.779    32.5973    24.6624 -9.990e-29
 231.681768      1.789  37.819465    12.3285     5.7078      1.774    32.5921    24.6577 -9.990e-29
 231.681771      1.782  37.821934    12.3316     5.7094      1.767    32.5918    24.6569 -9.990e-29
 231.681774      1.777  37.827035    12.3349     5.7111      1.762    32.5938    24.6578 -9.990e-29
 231.681777      1.773  37.831098    12.3393     5.7105      1.758    32.5938    24.6570 -9.990e-29
 231.681780      1.772  37.833786    12.3443     5.7068      1.757    32.5921    24.6547 -9.990e-29
 231.681782      1.772  37.836697    12.3477     5.7003      1.757    32.5919    24.6539 -9.990e-29
 231.681785      1.773  37.840788    12.3473     5.6975      1.758    32.5962    24.6573 -9.990e-29
 231.681788      1.774  37.844732    12.3432     5.6930      1.759    32.6035    24.6638 -9.990e-29
 231.681791      1.772  37.844870    12.3370     5.6951      1.757    32.6091    24.6693 -9.990e-29
 231.681794      1.767  37.840255    12.3315     5.6987      1.752    32.6094    24.6706 -9.990e-29
 231.681797      1.760  37.833124    12.3304     5.7000      1.745    32.6035    24.6662 -9.990e-29
 231.681800      1.750  37.826167    12.3353     5.7059      1.735    32.5926    24.6568 -9.990e-29
 231.681803      1.739  37.823248    12.3442     5.7096      1.724    32.5821    24.6470 -9.990e-29
 231.681806      1.731  37.827886    12.3536     5.7124      1.717    32.5784    24.6423 -9.990e-29
 231.681808      1.726  37.838280    12.3612     5.7091      1.712    32.5817    24.6435 -9.990e-29
 231.681811      1.726  37.848885    12.3651     5.7050      1.712    32.5885    24.6480 -9.990e-29
 231.681814      1.732  37.856833    12.3640     5.7005      1.718    32.5971    24.6548 -9.990e-29
 231.681817      1.743  37.861513    12.3585     5.6975      1.728    32.6063    24.6631 -9.990e-29
 231.681820      1.759  37.861574    12.3512     5.6996      1.744    32.6127    24.6694 -9.990e-29
 231.681823      1.777  37.856132    12.3434     5.6997      1.762    32.6143    24.6721 -9.990e-29
 231.681826      1.793  37.848153    12.3358     5.7057      1.778    32.6132    24.6727 -9.990e-29
 231.681829      1.806  37.841002    12.3298     5.7105      1.791    32.6116    24.6726 -9.990e-29
 231.681832      1.813  37.834246    12.3266     5.7131      1.798    32.6079    24.6703 -9.990e-29
 231.681834      1.814  37.828149    12.3272     5.7157      1.799    32.6015    24.6653 -9.990e-29
 231.681837      1.810  37.824598    12.3311     5.7214      1.795    32.5947    24.6593 -9.990e-29
 231.681840      1.803  37.824692    12.3365     5.7235      1.788    32.5901    24.6547 -9.990e-29
 231.681843      1.795  37.828545    12.3402     5.7246      1.780    32.5906    24.6544 -9.990e-29
 231.681846      1.789  37.834637    12.3401     5.7261      1.774    32.5965    24.6590 -9.990e-29
 231.681849      1.787  37.839746    12.3355     5.7252      1.772    32.6054    24.6667 -9.990e-29
 231.681852      1.790  37.840680    12.3277     5.7266      1.775    32.6131    24.6742 -9.990e-29
 231.681855      1.796  37.836403    12.3184     5.7262      1.781    32.6171    24.6790 -9.990e-29
 231.681858      1.802  37.828558    12.3094     5.7268      1.787    32.6174    24.6810 -9.990e-29
 231.681861      1.805  37.819650    12.3031     5.7267      1.790    32.6143    24.6798 -9.990e-29
 231.681863      1.801  37.810840    12.3019     5.7295      1.786    32.6069    24.6743 -9.990e-29
 231.681866      1.792  37.803709    12.3066     5.7307      1.777    32.5960    24.6649 -9.990e-29
 231.681869      1.778  37.801290    12.3161     5.7325      1.763    32.5854    24.6549 -9.990e-29
 231.681872      1.763  37.805116    12.3281     5.7292      1.748    32.5787    24.6474 -9.990e-29
 231.681875      1.751  37.814305    12.3405     5.7260      1.736    32.5767    24.6435 -9.990e-29
 231.681878      1.745  37.826159    12.3526     5.7215      1.730    32.5776    24.6419 -9.990e-29
 231.681881      1.746  37.837639    12.3639     5.7171      1.731    32.5787    24.6407 -9.990e-29
 231.681884      1.752  37.847902    12.3738     5.7143      1.737    32.5800    24.6397 -9.990e-29
 231.681887      1.761  37.857548    12.3812     5.7146      1.746    32.5828    24.6405 -9.990e-29
 231.681889      1.768  37.866414    12.3854     5.7178      1.753    32.5876    24.6435 -9.990e-29
 231.681892      1.771  37.873301    12.3871     5.7204      1.756    32.5928    24.6471 -9.990e-29
 231.681895      1.768  37.876988    12.3878     5.7261      1.753    32.5957    24.6492 -9.990e-29
 231.681898      1.760  37.877769    12.3881     5.7301      1.745    32.5962    24.6496 -9.990e-29
 231.681901      1.750  37.877554    12.3882     5.7329      1.735    32.5959    24.6493 -9.990e-29
 231.681904      1.741  37.877617    12.3882     5.7355      1.726    32.5959    24.6494 -9.990e-29
 231.681907      1.737  37.877748    12.3884     5.7350      1.722    32.5959    24.6493 -9.990e-29
 231.681910      1.740  37.877685    12.3889     5.7311      1.725    32.5954    24.6488 -9.990e-29
 231.681913      1.750  37.877778    12.3890     5.7273      1.735    32.5954    24.6488 -9.990e-29
 231.681916      1.765  37.878376    12.3874     5.7264      1.750    32.5974    24.6506 -9.990e-29
 231.681918      1.780  37.879244    12.3844     5.7266      1.765    32.6008    24.6538 -9.990e-29
 231.681921      1.792  37.878749    12.3820     5.7270      1.777    32.6024    24.6556 -9.990e-29
 231.681924      1.798  37.875698    12.3819     5.7294      1.783    32.5996    24.6534 -9.990e-29
 231.681927      1.796  37.872200    12.3843     5.7330      1.781    32.5941    24.6487 -9.990e-29
 231.681930      1.789  37.871122    12.3886     5.7362      1.774    32.5894    24.6442 -9.990e-29
 231.681933      1.780  37.873257    12.3936     5.7402      1.765    32.5871    24.6415 -9.990e-29
 231.681936      1.773  37.877556    12.3982     5.7388      1.758    32.5872    24.6407 -9.990e-29
 231.681939      1.771  37.882471    12.4019     5.7365      1.756    32.5887    24.6411 -9.990e-29
 231.681942      1.775  37.886971    12.4042     5.7352      1.760    32.5910    24.6425 -9.990e-29
 231.681944      1.785  37.890438    12.4048     5.7333      1.770    32.5938    24.6445 -9.990e-29
 231.681947      1.798  37.892557    12.4041     5.7326      1.783    32.5964    24.6467 -9.990e-29
 231.681950      1.811  37.893041    12.4029     5.7313      1.796    32.5979    24.6481 -9.990e-29
 231.681953      1.819  37.892021    12.4021     5.7318      1.804    32.5976    24.6480 -9.990e-29
 231.681956      1.819  37.890441    12.4022     5.7334      1.804    32.5960    24.6468 -9.990e-29
 231.681959      1.813  37.889329    12.4036     5.7356      1.798    32.5938    24.6447 -9.990e-29
 231.681962      1.800  37.889243    12.4061     5.7378      1.785    32.5915    24.6425 -9.990e-29
 231.681965      1.784  37.890390    12.4095     5.7391      1.769    32.5897    24.6404 -9.990e-29
 231.681968      1.769  37.892636    12.4131     5.7419      1.754    32.5887    24.6390 -9.990e-29
 231.681970      1.758  37.895632    12.4163     5.7420      1.743    32.5888    24.6385 -9.990e-29
 231.681973      1.753  37.899032    12.4183     5.7430      1.738    32.5903    24.6393 -9.990e-29
 231.681976      1.754  37.902158    12.4190     5.7438      1.739    32.5927    24.6410 -9.990e-29
 231.681979      1.760  37.904163    12.4190     5.7436      1.745    32.5946    24.6425 -9.990e-29
 231.681982      1.769  37.904662    12.4188     5.7413      1.754    32.5953    24.6430 -9.990e-29
 231.681985      1.778  37.904181    12.4189     5.7399      1.763    32.5947    24.6426 -9.990e-29
 231.681988      1.786  37.903717    12.4193     5.7367      1.771    32.5939    24.6419 -9.990e-29
 231.681991      1.790  37.903675    12.4199     5.7400      1.775    32.5933    24.6413 -9.990e-29
 231.681994      1.789  37.904043    12.4209     5.7379      1.774    32.5928    24.6407 -9.990e-29
 231.681997      1.785  37.904645    12.4224     5.7387      1.770    32.5921    24.6399 -9.990e-29
 231.681999      1.778  37.905363    12.4243     5.7388      1.763    32.5911    24.6388 -9.990e-29
 231.682002      1.770  37.906504    12.4266     5.7417      1.755    32.5902    24.6376 -9.990e-29
 231.682005      1.763  37.908212    12.4294     5.7383      1.748    32.5895    24.6365 -9.990e-29
 231.682008      1.758  37.910320    12.4328     5.7379      1.743    32.5885    24.6351 -9.990e-29
 231.682011      1.758  37.912720    12.4372     5.7395      1.743    32.5870    24.6331 -9.990e-29
 231.682014      1.762  37.915524    12.4429     5.7362      1.747    32.5847    24.6302 -9.990e-29
 231.682017      1.769  37.919068    12.4497     5.7401      1.754    32.5822    24.6270 -9.990e-29
 231.682020      1.778  37.923788    12.4565     5.7381      1.763    32.5808    24.6246 -9.990e-29
 231.682023      1.787  37.929975    12.4620     5.7434      1.772    32.5820    24.6245 -9.990e-29
 231.682025      1.794  37.936716    12.4658     5.7434      1.779    32.5851    24.6262 -9.990e-29
 231.682028      1.798  37.942075    12.4681     5.7438      1.783    32.5882    24.6282 -9.990e-29
 231.682031      1.801  37.945246    12.4692     5.7425      1.786    32.5903    24.6296 -9.990e-29
 231.682034      1.803  37.946872    12.4696     5.7435      1.788    32.5915    24.6304 -9.990e-29
 231.682037      1.805  37.947641    12.4698     5.7423      1.790    32.5921    24.6308 -9.990e-29
 231.682040      1.807  37.947868    12.4698     5.7516      1.792    32.5923    24.6310 -9.990e-29
 231.682043      1.810  37.947845    12.4694     5.7423      1.795    32.5926    24.6313 -9.990e-29
 231.682046      1.812  37.947798    12.4683     5.7451      1.797    32.5935    24.6322 -9.990e-29
 231.682049      1.811  37.947552    12.4664     5.7408      1.796    32.5950    24.6337 -9.990e-29
 231.682052      1.806  37.946629    12.4643     5.7367      1.791    32.5959    24.6348 -9.990e-29
 231.682054      1.797  37.944828    12.4624     5.7360      1.782    32.5958    24.6351 -9.990e-29
 231.682057      1.783  37.942450    12.4615     5.7384      1.768    32.5943    24.6341 -9.990e-29
 231.682060      1.767  37.940083    12.4613     5.7415      1.752    32.5923    24.6326 -9.990e-29
 231.682063      1.751  37.938689    12.4614     5.7353      1.736    32.5908    24.6315 -9.990e-29
 231.682066      1.738  37.938726    12.4613     5.7429      1.723    32.5910    24.6316 -9.990e-29
 231.682069      1.732  37.939420    12.4605     5.7469      1.718    32.5923    24.6328 -9.990e-29
 231.682072      1.733  37.939919    12.4586     5.7592      1.719    32.5945    24.6348 -9.990e-29
 231.682075      1.743  37.939734    12.4562     5.7539      1.728    32.5964    24.6367 -9.990e-29
 231.682078      1.758  37.938328    12.4543     5.7581      1.743    32.5967    24.6373 -9.990e-29
 231.682080      1.777  37.935903    12.4534     5.7536      1.762    32.5951    24.6363 -9.990e-29
 231.682083      1.796  37.933754    12.4534     5.7497      1.781    32.5930    24.6347 -9.990e-29
 231.682086      1.810  37.932942    12.4537     5.7420      1.795    32.5920    24.6338 -9.990e-29
 231.682089      1.819  37.933291    12.4540     5.7344      1.804    32.5921    24.6338 -9.990e-29
 231.682092      1.820  37.933951    12.4542     5.7395      1.805    32.5925    24.6341 -9.990e-29
 231.682095      1.814  37.934431    12.4541     5.7488      1.799    32.5931    24.6346 -9.990e-29
 231.682098      1.803  37.934652    12.4541     5.7534      1.788    32.5933    24.6347 -9.990e-29
 231.682101      1.789  37.934626    12.4543     5.7562      1.774    32.5931    24.6346 -9.990e-29
 231.682104      1.775  37.934513    12.4550     5.7644      1.760    32.5924    24.6339 -9.990e-29
 231.682106      1.763  37.934503    12.4564     5.7519      1.748    32.5912    24.6327 -9.990e-29
 231.682109      1.757  37.934771    12.4586     5.7497      1.742    32.5895    24.6310 -9.990e-29
 231.682112      1.757  37.935635    12.4611     5.7367      1.742    32.5882    24.6294 -9.990e-29
 231.682115      1.763  37.937351    12.4627     5.7390      1.748    32.5884    24.6293 -9.990e-29
 231.682118      1.773  37.939961    12.4617     5.7408      1.758    32.5918    24.6321 -9.990e-29
 231.682121      1.786  37.942450    12.4571     5.7345      1.771    32.5982    24.6379 -9.990e-29
 231.682124      1.797  37.942807    12.4496     5.7344      1.782    32.6050    24.6447 -9.990e-29
 231.682127      1.805  37.939627    12.4426     5.7478      1.790    32.6080    24.6484 -9.990e-29
 231.682130      1.809  37.932430    12.4394     5.7556      1.794    32.6039    24.6458 -9.990e-29
 231.682133      1.808  37.923679    12.4412     5.7516      1.793    32.5940    24.6378 -9.990e-29
 231.682135      1.804  37.918597    12.4470     5.7534      1.789    32.5841    24.6290 -9.990e-29
 231.682138      1.800  37.919789    12.4543     5.7508      1.785    32.5789    24.6236 -9.990e-29
