data/oxygen options/OCNMS/OCNMS1/raw_data/2008/SBE19plus/CTD_CE042_071508faed.cnv
* Sea-Bird SBE19plus Data File:
* FileName = C:\2008_Mooring_Data\071408_sevice\CTD_CE042_071508.hex
* Software Version 1.59
* Temperature SN =  4671
* Conductivity SN =  4671
* System UpLoad Time = Jul 15 2008 12:27:01
* ds
* SeacatPlus V 1.6b  SERIAL NO. 4671    15 Jul 2008  12:26:10
# nquan = 9                                 
# nvalues = 3959                        
# units = specified
# name 0 = timeJ: Julian Days
# name 1 = prdM: Pressure, Strain Gauge [db]
# name 2 = c0mS/cm: Conductivity [mS/cm]
# name 3 = tv290C: Temperature [ITS-90, deg C]
# name 4 = sbeox0ML/L: Oxygen, SBE 43 [ml/l]
# name 5 = depSM: Depth [salt water, m], lat = 47.5
# name 6 = sal00: Salinity, Practical [PSU]
# name 7 = sigma-é00: Density [sigma-theta, kg/m^3]
# name 8 = flag: flag
# span 0 = 197.494248, 197.505700       
# span 1 =     -0.004,     43.641       
# span 2 =   0.004741,  36.573547       
# span 3 =     7.0273,    12.0644       
# span 4 =     1.6069,     8.2315       
# span 5 =     -0.004,     43.272       
# span 6 =     0.0078,    33.8604       
# span 7 =    -0.5019,    26.5112       
# span 8 = 0.0000e+00, 0.0000e+00       
# interval = seconds: 0.25
# start_time = Jul 15 2008 11:51:43 [Instrument's time stamp, header]
# bad_flag = -9.990e-29
*END*
[from data line 321]
 197.495177      1.297  36.240160     9.4644     4.3931      1.286    33.6092    25.9547 -9.990e-29
 197.495179      1.314  36.237869     9.4689     4.3520      1.303    33.6026    25.9488 -9.990e-29
 197.495182      1.313  36.242502     9.4766     4.3013      1.302    33.6002    25.9457 -9.990e-29
 197.495185      1.296  36.252050     9.4844     4.2459      1.285    33.6027    25.9464 -9.990e-29
 197.495188      1.266  36.262223     9.4886     4.1916      1.255    33.6093    25.9508 -9.990e-29
 197.495191      1.232  36.269934     9.4871     4.1431      1.222    33.6187    25.9584 -9.990e-29
 197.495194      1.202  36.272430     9.4804     4.0964      1.192    33.6275    25.9664 -9.990e-29
 197.495197      1.181  36.268169     9.4710     4.0511      1.171    33.6320    25.9714 -9.990e-29
 197.495200      1.174  36.257948     9.4620     4.0118      1.164    33.6299    25.9713 -9.990e-29
 197.495203      1.182  36.244411     9.4550     3.9704      1.172    33.6225    25.9666 -9.990e-29
 197.495205      1.201  36.231914     9.4507     3.9381      1.191    33.6136    25.9604 -9.990e-29
 197.495208      1.227  36.223692     9.4491     3.9117      1.217    33.6066    25.9552 -9.990e-29
 197.495211      1.254  36.220186     9.4501     3.8890      1.244    33.6021    25.9514 -9.990e-29
 197.495214      1.275  36.220717     9.4538     3.8635      1.264    33.5991    25.9485 -9.990e-29
 197.495217      1.289  36.224960     9.4604     3.8450      1.278    33.5973    25.9460 -9.990e-29
 197.495220      1.292  36.232566     9.4683     3.8283      1.281    33.5978    25.9451 -9.990e-29
 197.495223      1.288  36.241197     9.4754     3.8060      1.277    33.6000    25.9457 -9.990e-29
 197.495226      1.279  36.247864     9.4794     3.7917      1.268    33.6031    25.9475 -9.990e-29
 197.495229      1.271  36.252223     9.4797     3.7831      1.260    33.6073    25.9507 -9.990e-29
 197.495231      1.265  36.254650     9.4766     3.7856      1.254    33.6128    25.9555 -9.990e-29
 197.495234      1.264  36.254480     9.4717     3.7953      1.253    33.6172    25.9597 -9.990e-29
 197.495237      1.268  36.251859     9.4666     3.8136      1.257    33.6193    25.9622 -9.990e-29
 197.495240      1.275  36.248151     9.4625     3.8325      1.264    33.6193    25.9629 -9.990e-29
 197.495243      1.283  36.245434     9.4600     3.8436      1.272    33.6188    25.9629 -9.990e-29
 197.495246      1.289  36.246250     9.4594     3.8587      1.278    33.6202    25.9641 -9.990e-29
 197.495249      1.293  36.252140     9.4608     3.8630      1.282    33.6250    25.9676 -9.990e-29
 197.495252      1.295  36.262110     9.4638     3.8652      1.284    33.6325    25.9730 -9.990e-29
 197.495255      1.295  36.273235     9.4677     3.8605      1.284    33.6403    25.9784 -9.990e-29
 197.495258      1.295  36.283200     9.4720     3.8596      1.284    33.6465    25.9826 -9.990e-29
 197.495260      1.294  36.291302     9.4772     3.8610      1.283    33.6500    25.9845 -9.990e-29
 197.495263      1.292  36.297589     9.4842     3.8641      1.281    33.6499    25.9833 -9.990e-29
 197.495266      1.289  36.302303     9.4937     3.8689      1.278    33.6458    25.9785 -9.990e-29
 197.495269      1.285  36.305789     9.5045     3.8708      1.274    33.6393    25.9717 -9.990e-29
 197.495272      1.282  36.308609     9.5147     3.8708      1.271    33.6326    25.9648 -9.990e-29
 197.495275      1.280  36.311043     9.5222     3.8681      1.269    33.6281    25.9600 -9.990e-29
 197.495278      1.281  36.312541     9.5250     3.8614      1.270    33.6270    25.9587 -9.990e-29
 197.495281      1.287  36.312124     9.5223     3.8554      1.276    33.6291    25.9608 -9.990e-29
 197.495284      1.298  36.308859     9.5154     3.8597      1.287    33.6322    25.9643 -9.990e-29
 197.495286      1.314  36.302015     9.5065     3.8786      1.303    33.6335    25.9668 -9.990e-29
 197.495289      1.333  36.291710     9.4983     3.9106      1.322    33.6306    25.9659 -9.990e-29
 197.495292      1.350  36.280209     9.4925     3.9511      1.339    33.6241    25.9618 -9.990e-29
 197.495295      1.365  36.272092     9.4904     3.9962      1.354    33.6177    25.9571 -9.990e-29
 197.495298      1.374  36.271566     9.4931     4.0346      1.363    33.6147    25.9543 -9.990e-29
 197.495301      1.378  36.279110     9.5004     4.0661      1.366    33.6156    25.9538 -9.990e-29
 197.495304      1.377  36.290924     9.5103     4.0862      1.366    33.6185    25.9544 -9.990e-29
 197.495307      1.372  36.302203     9.5210     4.0973      1.361    33.6200    25.9539 -9.990e-29
 197.495310      1.363  36.310631     9.5318     4.0941      1.352    33.6186    25.9510 -9.990e-29
 197.495313      1.348  36.316359     9.5422     4.0866      1.337    33.6148    25.9463 -9.990e-29
 197.495315      1.330  36.320292     9.5515     4.0914      1.319    33.6101    25.9412 -9.990e-29
 197.495318      1.308  36.323262     9.5582     4.1079      1.297    33.6069    25.9376 -9.990e-29
 197.495321      1.286  36.325464     9.5604     4.1445      1.275    33.6071    25.9374 -9.990e-29
 197.495324      1.266  36.326094     9.5567     4.1794      1.255    33.6112    25.9412 -9.990e-29
 197.495327      1.253  36.324004     9.5463     4.2133      1.243    33.6188    25.9488 -9.990e-29
 197.495330      1.248  36.318079     9.5310     4.2412      1.238    33.6271    25.9578 -9.990e-29
 197.495333      1.252  36.307620     9.5147     4.2578      1.242    33.6316    25.9640 -9.990e-29
 197.495336      1.263  36.292929     9.5010     4.2564      1.252    33.6293    25.9644 -9.990e-29
 197.495339      1.276  36.276862     9.4919     4.2290      1.265    33.6213    25.9597 -9.990e-29
 197.495341      1.288  36.264909     9.4886     4.1821      1.277    33.6121    25.9530 -9.990e-29
 197.495344      1.294  36.260975     9.4913     4.1429      1.283    33.6055    25.9474 -9.990e-29
 197.495347      1.295  36.265835     9.4978     4.1377      1.284    33.6044    25.9455 -9.990e-29
 197.495350      1.292  36.276055     9.5037     4.1747      1.281    33.6094    25.9484 -9.990e-29
 197.495353      1.288  36.284274     9.5054     4.2385      1.277    33.6163    25.9535 -9.990e-29
 197.495356      1.287  36.286196     9.5013     4.3280      1.276    33.6221    25.9587 -9.990e-29
 197.495359      1.294  36.282164     9.4928     4.4248      1.283    33.6259    25.9631 -9.990e-29
 197.495362      1.308  36.273320     9.4829     4.5174      1.297    33.6261    25.9649 -9.990e-29
 197.495365      1.327  36.261045     9.4746     4.5932      1.316    33.6212    25.9624 -9.990e-29
 197.495367      1.345  36.247984     9.4699     4.6386      1.334    33.6121    25.9561 -9.990e-29
 197.495370      1.355  36.238121     9.4696     4.6581      1.344    33.6022    25.9484 -9.990e-29
 197.495373      1.353  36.234450     9.4738     4.6566      1.342    33.5945    25.9417 -9.990e-29
 197.495376      1.335  36.237709     9.4806     4.6458      1.324    33.5915    25.9382 -9.990e-29
 197.495379      1.304  36.245225     9.4869     4.6298      1.293    33.5933    25.9386 -9.990e-29
 197.495382      1.264  36.252078     9.4899     4.6174      1.253    33.5976    25.9415 -9.990e-29
 197.495385      1.223  36.255878     9.4875     4.6069      1.213    33.6038    25.9467 -9.990e-29
 197.495388      1.189  36.256049     9.4794     4.5978      1.179    33.6116    25.9541 -9.990e-29
 197.495391      1.167  36.251375     9.4669     4.5985      1.157    33.6185    25.9616 -9.990e-29
 197.495394      1.162  36.241159     9.4527     4.5986      1.152    33.6213    25.9661 -9.990e-29
 197.495396      1.177  36.226172     9.4387     4.6004      1.167    33.6190    25.9665 -9.990e-29
 197.495399      1.206  36.208987     9.4256     4.6027      1.196    33.6136    25.9644 -9.990e-29
 197.495402      1.243  36.192971     9.4136     4.6005      1.233    33.6083    25.9622 -9.990e-29
 197.495405      1.280  36.179709     9.4032     4.5979      1.269    33.6043    25.9608 -9.990e-29
 197.495408      1.305  36.168722     9.3951     4.5953      1.294    33.6006    25.9592 -9.990e-29
 197.495411      1.311  36.159155     9.3901     4.5889      1.300    33.5954    25.9559 -9.990e-29
 197.495414      1.297  36.151327     9.3879     4.5836      1.286    33.5894    25.9516 -9.990e-29
 197.495417      1.267  36.146549     9.3875     4.5815      1.256    33.5848    25.9481 -9.990e-29
 197.495420      1.231  36.145004     9.3881     4.5818      1.221    33.5827    25.9463 -9.990e-29
 197.495422      1.198  36.145383     9.3887     4.5786      1.188    33.5825    25.9461 -9.990e-29
 197.495425      1.176  36.146423     9.3891     4.5811      1.166    33.5832    25.9466 -9.990e-29
 197.495428      1.169  36.147477     9.3890     4.5845      1.159    33.5844    25.9475 -9.990e-29
 197.495431      1.175  36.148039     9.3887     4.5876      1.165    33.5853    25.9483 -9.990e-29
 197.495434      1.191  36.147890     9.3883     4.5904      1.181    33.5855    25.9485 -9.990e-29
 197.495437      1.210  36.147424     9.3876     4.5939      1.200    33.5857    25.9487 -9.990e-29
 197.495440      1.226  36.146979     9.3867     4.5956      1.216    33.5860    25.9492 -9.990e-29
 197.495443      1.235  36.146201     9.3859     4.5977      1.225    33.5860    25.9493 -9.990e-29
 197.495446      1.236  36.144826     9.3854     4.6031      1.226    33.5850    25.9486 -9.990e-29
 197.495448      1.233  36.143670     9.3847     4.6073      1.223    33.5845    25.9483 -9.990e-29
 197.495451      1.231  36.143506     9.3837     4.6092      1.221    33.5853    25.9491 -9.990e-29
 197.495454      1.235  36.143614     9.3825     4.6123      1.225    33.5865    25.9502 -9.990e-29
 197.495457      1.245  36.143087     9.3814     4.6165      1.235    33.5870    25.9508 -9.990e-29
 197.495460      1.260  36.142059     9.3807     4.6185      1.249    33.5866    25.9506 -9.990e-29
 197.495463      1.277  36.141060     9.3807     4.6210      1.266    33.5855    25.9498 -9.990e-29
 197.495466      1.291  36.140396     9.3813     4.6229      1.280    33.5843    25.9487 -9.990e-29
 197.495469      1.300  36.140293     9.3825     4.6217      1.289    33.5830    25.9475 -9.990e-29
 197.495472      1.301  36.140897     9.3839     4.6272      1.290    33.5823    25.9467 -9.990e-29
 197.495475      1.294  36.141995     9.3855     4.6243      1.283    33.5820    25.9462 -9.990e-29
 197.495477      1.282  36.143303     9.3871     4.6280      1.271    33.5818    25.9458 -9.990e-29
 197.495480      1.267  36.144722     9.3886     4.6308      1.256    33.5819    25.9456 -9.990e-29
 197.495483      1.255  36.146207     9.3900     4.6343      1.245    33.5821    25.9456 -9.990e-29
 197.495486      1.250  36.147634     9.3911     4.6345      1.240    33.5826    25.9458 -9.990e-29
 197.495489      1.253  36.148879     9.3916     4.6312      1.243    33.5834    25.9463 -9.990e-29
 197.495492      1.266  36.149917     9.3914     4.6298      1.255    33.5846    25.9473 -9.990e-29
 197.495495      1.286  36.150604     9.3900     4.6276      1.275    33.5866    25.9491 -9.990e-29
 197.495498      1.311  36.150636     9.3873     4.6309      1.300    33.5892    25.9516 -9.990e-29
 197.495501      1.335  36.149646     9.3842     4.6316      1.324    33.5911    25.9535 -9.990e-29
 197.495503      1.352  36.147101     9.3818     4.6361      1.341    33.5907    25.9536 -9.990e-29
 197.495506      1.360  36.143470     9.3811     4.6385      1.349    33.5876    25.9513 -9.990e-29
 197.495509      1.357  36.140572     9.3818     4.6409      1.346    33.5840    25.9483 -9.990e-29
 197.495512      1.345  36.139620     9.3836     4.6449      1.334    33.5813    25.9460 -9.990e-29
 197.495515      1.329  36.140521     9.3859     4.6437      1.318    33.5801    25.9446 -9.990e-29
 197.495518      1.315  36.142480     9.3884     4.6470      1.304    33.5797    25.9440 -9.990e-29
 197.495521      1.307  36.144794     9.3907     4.6481      1.296    33.5800    25.9438 -9.990e-29
 197.495524      1.305  36.147189     9.3926     4.6499      1.294    33.5807    25.9440 -9.990e-29
 197.495527      1.310  36.149431     9.3941     4.6493      1.299    33.5816    25.9445 -9.990e-29
 197.495530      1.318  36.151342     9.3951     4.6451      1.307    33.5826    25.9451 -9.990e-29
 197.495532      1.323  36.152762     9.3959     4.6427      1.312    33.5833    25.9456 -9.990e-29
 197.495535      1.320  36.153634     9.3965     4.6405      1.309    33.5837    25.9457 -9.990e-29
 197.495538      1.308  36.154209     9.3969     4.6411      1.297    33.5839    25.9458 -9.990e-29
 197.495541      1.287  36.154686     9.3971     4.6394      1.276    33.5842    25.9461 -9.990e-29
 197.495544      1.258  36.154993     9.3972     4.6406      1.247    33.5844    25.9462 -9.990e-29
 197.495547      1.229  36.155099     9.3973     4.6438      1.219    33.5845    25.9462 -9.990e-29
 197.495550      1.206  36.155077     9.3973     4.6496      1.196    33.5845    25.9462 -9.990e-29
 197.495553      1.194  36.154989     9.3974     4.6573      1.184    33.5843    25.9461 -9.990e-29
 197.495556      1.197  36.154922     9.3974     4.6628      1.187    33.5842    25.9460 -9.990e-29
 197.495558      1.215  36.154944     9.3972     4.6680      1.205    33.5844    25.9462 -9.990e-29
 197.495561      1.245  36.155035     9.3970     4.6668      1.235    33.5847    25.9464 -9.990e-29
 197.495564      1.281  36.155090     9.3967     4.6691      1.270    33.5850    25.9467 -9.990e-29
 197.495567      1.315  36.155018     9.3964     4.6698      1.304    33.5852    25.9469 -9.990e-29
 197.495570      1.339  36.154867     9.3963     4.6670      1.328    33.5851    25.9469 -9.990e-29
 197.495573      1.349  36.154768     9.3964     4.6661      1.338    33.5849    25.9467 -9.990e-29
 197.495576      1.343  36.154695     9.3969     4.6672      1.332    33.5844    25.9462 -9.990e-29
 197.495579      1.325  36.154670     9.3976     4.6621      1.314    33.5837    25.9456 -9.990e-29
 197.495582      1.302  36.154974     9.3985     4.6624      1.291    33.5832    25.9450 -9.990e-29
 197.495584      1.280  36.155646     9.3993     4.6650      1.269    33.5831    25.9449 -9.990e-29
 197.495587      1.266  36.156466     9.4001     4.6630      1.255    33.5832    25.9448 -9.990e-29
 197.495590      1.264  36.157275     9.4008     4.6689      1.253    33.5834    25.9448 -9.990e-29
 197.495593      1.272  36.157977     9.4015     4.6685      1.261    33.5835    25.9448 -9.990e-29
 197.495596      1.288  36.158580     9.4022     4.6681      1.277    33.5834    25.9446 -9.990e-29
 197.495599      1.306  36.159154     9.4028     4.6690      1.295    33.5835    25.9446 -9.990e-29
 197.495602      1.318  36.159717     9.4035     4.6695      1.307    33.5834    25.9444 -9.990e-29
 197.495605      1.321  36.160294     9.4041     4.6676      1.310    33.5834    25.9443 -9.990e-29
 197.495608      1.313  36.160901     9.4046     4.6672      1.302    33.5836    25.9444 -9.990e-29
 197.495611      1.294  36.161431     9.4050     4.6720      1.283    33.5837    25.9444 -9.990e-29
 197.495613      1.267  36.161764     9.4053     4.6690      1.256    33.5838    25.9444 -9.990e-29
 197.495616      1.236  36.161939     9.4057     4.6728      1.226    33.5836    25.9442 -9.990e-29
 197.495619      1.209  36.162019     9.4061     4.6781      1.199    33.5834    25.9439 -9.990e-29
 197.495622      1.192  36.161962     9.4066     4.6809      1.182    33.5828    25.9435 -9.990e-29
 197.495625      1.188  36.161954     9.4070     4.6795      1.178    33.5825    25.9431 -9.990e-29
 197.495628      1.198  36.162163     9.4074     4.6815      1.188    33.5823    25.9429 -9.990e-29
 197.495631      1.220  36.162573     9.4079     4.6794      1.210    33.5822    25.9428 -9.990e-29
 197.495634      1.247  36.163273     9.4085     4.6774      1.237    33.5824    25.9428 -9.990e-29
