data/oxygen options/OCNMS/OCNMS1/raw_data/2008/SBE19plus/CTD_TH042_071608faedb.cnv
* Sea-Bird SBE19plus Data File:
* FileName = C:\2008_Mooring_Data\071408_sevice\CTD_TH042_071608.hex
* Software Version 1.59
* Temperature SN =  4671
* Conductivity SN =  4671
* System UpLoad Time = Jul 16 2008 12:57:35
* ds
* SeacatPlus V 1.6b  SERIAL NO. 4671    16 Jul 2008  12:57:17
# nquan = 9
# nvalues = 41                          
# units = specified
# name 0 = timeJ: Julian Days
# name 1 = prdM: Pressure, Strain Gauge [db]
# name 2 = c0mS/cm: Conductivity [mS/cm]
# name 3 = tv290C: Temperature [ITS-90, deg C]
# name 4 = sbeox0ML/L: Oxygen, SBE 43 [ml/l]
# name 5 = depSM: Depth [salt water, m], lat = 47.5
# name 6 = sal00: Salinity, Practical [PSU]
# name 7 = sigma-é00: Density [sigma-theta, kg/m^3]
# name 8 = flag: flag
# span 0 = 198.528165, 198.531051       
# span 1 =      1.000,     41.000       
# span 2 =  27.046226,  35.589615       
# span 3 =     6.7843,     9.8958       
# span 4 =     1.7351,     4.8084       
# span 5 =      0.992,     40.654       
# span 6 =    24.2537,    33.8694       
# span 7 =    18.6012,    26.5578       
# span 8 = 0.0000e+00, 0.0000e+00       
# interval = decibars: 1                
# start_time = Jul 16 2008 12:39:34 [Instrument's time stamp, header]
# bad_flag = -9.990e-29
*END*
 198.528165      1.000  27.046226     9.8958     4.8084      0.992    24.2537    18.6012 0.0000e+00
 198.530033      2.000  34.003269     9.4068     3.9087      1.983    31.4544    24.2850 0.0000e+00
 198.530478      3.000  35.589615     9.1874     3.1156      2.975    33.1947    25.6751 0.0000e+00
 198.530492      4.000  35.511615     8.9548     2.7490      3.967    33.3307    25.8182 0.0000e+00
 198.530504      5.000  35.326930     8.5130     2.6475      4.958    33.5542    26.0614 0.0000e+00
 198.530515      6.000  34.957638     8.0084     2.5741      5.950    33.6438    26.2074 0.0000e+00
 198.530529      7.000  34.666431     7.6571     2.4574      6.941    33.6696    26.2790 0.0000e+00
 198.530542      8.000  34.501316     7.4486     2.3304      7.933    33.6929    26.3269 0.0000e+00
 198.530554      9.000  34.414338     7.3119     2.2734      8.925    33.7310    26.3762 0.0000e+00
 198.530564     10.000  34.338149     7.1751     2.2637      9.916    33.7811    26.4346 0.0000e+00
 198.530574     11.000  34.254893     7.0370     2.2544     10.908    33.8251    26.4883 0.0000e+00
 198.530587     12.000  34.174419     6.9537     2.2312     11.899    33.8181    26.4942 0.0000e+00
 198.530601     13.000  34.146074     6.9286     2.2053     12.891    33.8111    26.4921 0.0000e+00
 198.530614     14.000  34.136887     6.9150     2.1908     13.883    33.8140    26.4962 0.0000e+00
 198.530627     15.000  34.128910     6.9055     2.1623     14.875    33.8140    26.4976 0.0000e+00
 198.530638     16.000  34.123775     6.8987     2.1333     15.866    33.8145    26.4989 0.0000e+00
 198.530647     17.000  34.120900     6.8941     2.1172     16.857    33.8154    26.5002 0.0000e+00
 198.530656     18.000  34.119202     6.8908     2.1126     17.849    33.8163    26.5013 0.0000e+00
 198.530666     19.000  34.117192     6.8888     2.1074     18.841    33.8156    26.5011 0.0000e+00
 198.530676     20.000  34.115868     6.8871     2.0900     19.832    33.8153    26.5011 0.0000e+00
 198.530687     21.000  34.114970     6.8855     2.0591     20.824    33.8154    26.5015 0.0000e+00
 198.530696     22.000  34.114377     6.8831     2.0281     21.815    33.8166    26.5028 0.0000e+00
 198.530706     23.000  34.113500     6.8783     2.0025     22.807    33.8199    26.5060 0.0000e+00
 198.530715     24.000  34.111332     6.8709     1.9796     23.798    33.8243    26.5104 0.0000e+00
 198.530723     25.000  34.108406     6.8624     1.9565     24.790    33.8289    26.5153 0.0000e+00
 198.530732     26.000  34.105040     6.8537     1.9359     25.781    33.8333    26.5199 0.0000e+00
 198.530741     27.000  34.101523     6.8457     1.9196     26.773    33.8369    26.5238 0.0000e+00
 198.530749     28.000  34.098193     6.8364     1.9043     27.765    33.8419    26.5290 0.0000e+00
 198.530757     29.000  34.094705     6.8252     1.8923     28.756    33.8486    26.5358 0.0000e+00
 198.530766     30.000  34.090925     6.8161     1.8812     29.748    33.8528    26.5404 0.0000e+00
 198.530775     31.000  34.088179     6.8085     1.8716     30.739    33.8568    26.5446 0.0000e+00
 198.530783     32.000  34.086153     6.8011     1.8616     31.731    33.8615    26.5493 0.0000e+00
 198.530792     33.000  34.084613     6.7959     1.8539     32.722    33.8644    26.5523 0.0000e+00
 198.530800     34.000  34.083781     6.7929     1.8476     33.713    33.8659    26.5539 0.0000e+00
 198.530809     35.000  34.083369     6.7909     1.8415     34.705    33.8670    26.5550 0.0000e+00
 198.530818     36.000  34.083110     6.7896     1.8346     35.696    33.8675    26.5556 0.0000e+00
 198.530829     37.000  34.082506     6.7887     1.8264     36.688    33.8672    26.5555 0.0000e+00
 198.530842     38.000  34.082229     6.7868     1.8086     37.679    33.8683    26.5566 0.0000e+00
 198.530855     39.000  34.081825     6.7847     1.8031     38.671    33.8694    26.5578 0.0000e+00
 198.530871     40.000  34.079105     6.7843     1.8001     39.662    33.8663    26.5554 0.0000e+00
 198.531051     41.000  34.071114     6.7941     1.7351     40.654    33.8474    26.5391 0.0000e+00
