data/oxygen options/OCNMS/OCNMS1/raw_data/2008/SBE19plus/CTD_CE065_071508faedb.cnv
* Sea-Bird SBE19plus Data File:
* FileName = C:\2008_Mooring_Data\071408_sevice\CTD_CE065_071508.hex
* Software Version 1.59
* Temperature SN =  4671
* Conductivity SN =  4671
* System UpLoad Time = Jul 15 2008 12:23:40
* ds
* SeacatPlus V 1.6b  SERIAL NO. 4671    15 Jul 2008  12:22:38
# nquan = 9
# nvalues = 63                          
# units = specified
# name 0 = timeJ: Julian Days
# name 1 = prdM: Pressure, Strain Gauge [db]
# name 2 = c0mS/cm: Conductivity [mS/cm]
# name 3 = tv290C: Temperature [ITS-90, deg C]
# name 4 = sbeox0ML/L: Oxygen, SBE 43 [ml/l]
# name 5 = depSM: Depth [salt water, m], lat = 47.5
# name 6 = sal00: Salinity, Practical [PSU]
# name 7 = sigma-é00: Density [sigma-theta, kg/m^3]
# name 8 = flag: flag
# span 0 = 197.439092, 197.442605       
# span 1 =      1.000,     63.000       
# span 2 =  27.645553,  35.705313       
# span 3 =     6.8133,     9.8767       
# span 4 =     1.1515,     5.0293       
# span 5 =      0.992,     62.465       
# span 6 =    24.8065,    33.9453       
# span 7 =    19.0328,    26.6137       
# span 8 = 0.0000e+00, 0.0000e+00       
# interval = decibars: 1                
# start_time = Jul 15 2008 10:31:27 [Instrument's time stamp, header]
# bad_flag = -9.990e-29
*END*
 197.439092      1.000  27.645553     9.8767     5.0293      0.992    24.8065    19.0328 0.0000e+00
 197.439979      2.000  35.619358     9.6047     5.0257      1.983    32.8390    25.3298 0.0000e+00
 197.441683      3.000  35.684778     9.4347     4.9992      2.975    33.0637    25.5331 0.0000e+00
 197.441848      4.000  35.681426     9.3756     4.9243      3.967    33.1144    25.5822 0.0000e+00
 197.441869      5.000  35.670165     9.3156     4.8917      4.958    33.1579    25.6259 0.0000e+00
 197.441891      6.000  35.672076     9.2842     4.8190      5.950    33.1886    25.6550 0.0000e+00
 197.441912      7.000  35.672227     9.2525     4.7765      6.942    33.2178    25.6829 0.0000e+00
 197.441925      8.000  35.668714     9.2108     4.7797      7.933    33.2526    25.7167 0.0000e+00
 197.441939      9.000  35.663034     9.1915     4.7564      8.925    33.2642    25.7289 0.0000e+00
 197.441952     10.000  35.660672     9.1800     4.7116      9.916    33.2720    25.7369 0.0000e+00
 197.441969     11.000  35.656430     9.1625     4.7085     10.908    33.2836    25.7487 0.0000e+00
 197.441982     12.000  35.643519     9.1291     4.6840     11.899    33.3009    25.7677 0.0000e+00
 197.441994     13.000  35.632577     9.1161     4.6844     12.891    33.3012    25.7699 0.0000e+00
 197.442006     14.000  35.629235     9.1063     4.6695     13.883    33.3065    25.7756 0.0000e+00
 197.442021     15.000  35.624408     9.0955     4.6169     14.874    33.3111    25.7810 0.0000e+00
 197.442034     16.000  35.622459     9.0868     4.5810     15.866    33.3167    25.7867 0.0000e+00
 197.442046     17.000  35.619206     9.0562     4.5746     16.858    33.3416    25.8111 0.0000e+00
 197.442056     18.000  35.611946     9.0234     4.5855     17.849    33.3643    25.8340 0.0000e+00
 197.442067     19.000  35.608981     9.0003     4.5934     18.841    33.3825    25.8519 0.0000e+00
 197.442077     20.000  35.618620     8.9926     4.5861     19.832    33.3993    25.8663 0.0000e+00
 197.442086     21.000  35.638796     8.9919     4.5588     20.824    33.4205    25.8830 0.0000e+00
 197.442097     22.000  35.663141     8.9878     4.5225     21.815    33.4493    25.9062 0.0000e+00
 197.442107     23.000  35.687157     8.9793     4.5000     22.807    33.4819    25.9331 0.0000e+00
 197.442118     24.000  35.701966     8.9701     4.4387     23.798    33.5056    25.9531 0.0000e+00
 197.442128     25.000  35.705313     8.9532     4.3280     24.790    33.5245    25.9706 0.0000e+00
 197.442138     26.000  35.701895     8.9305     4.2351     25.781    33.5419    25.9878 0.0000e+00
 197.442150     27.000  35.690115     8.8877     4.1925     26.773    33.5697    26.0163 0.0000e+00
 197.442161     28.000  35.650674     8.8141     4.1801     27.764    33.5977    26.0497 0.0000e+00
 197.442171     29.000  35.599501     8.7557     4.1777     28.756    33.5988    26.0597 0.0000e+00
 197.442182     30.000  35.558589     8.7189     4.1639     29.748    33.5904    26.0588 0.0000e+00
 197.442193     31.000  35.536099     8.7025     4.1168     30.739    33.5819    26.0547 0.0000e+00
 197.442205     32.000  35.526319     8.6938     4.0810     31.730    33.5794    26.0541 0.0000e+00
 197.442216     33.000  35.519453     8.6809     4.0696     32.722    33.5839    26.0596 0.0000e+00
 197.442226     34.000  35.502093     8.6562     4.0419     33.714    33.5887    26.0673 0.0000e+00
 197.442236     35.000  35.475977     8.6366     3.9379     34.705    33.5794    26.0630 0.0000e+00
 197.442246     36.000  35.463429     8.6265     3.6857     35.696    33.5754    26.0614 0.0000e+00
 197.442258     37.000  35.453462     8.6057     3.2641     36.688    33.5841    26.0714 0.0000e+00
 197.442270     38.000  35.419900     8.5325     2.8594     37.679    33.6179    26.1092 0.0000e+00
 197.442282     39.000  35.309364     8.3421     2.6855     38.671    33.6824    26.1887 0.0000e+00
 197.442295     40.000  35.048166     7.9578     2.6213     39.662    33.7733    26.3171 0.0000e+00
 197.442307     41.000  34.666393     7.6137     2.5512     40.653    33.6952    26.3057 0.0000e+00
 197.442320     42.000  34.458791     7.4404     2.5147     41.646    33.6383    26.2857 0.0000e+00
 197.442332     43.000  34.347593     7.2908     2.4235     42.637    33.6624    26.3256 0.0000e+00
 197.442349     44.000  34.223870     7.1879     2.3457     43.628    33.6273    26.3123 0.0000e+00
 197.442366     45.000  34.180811     7.0753     2.2930     44.619    33.6896    26.3768 0.0000e+00
 197.442380     46.000  34.139355     7.0210     2.2367     45.611    33.6969    26.3900 0.0000e+00
 197.442394     47.000  34.137556     7.0021     2.1708     46.602    33.7129    26.4052 0.0000e+00
 197.442407     48.000  34.144258     6.9910     2.0677     47.594    33.7307    26.4207 0.0000e+00
 197.442422     49.000  34.155401     6.9778     1.9517     48.585    33.7554    26.4420 0.0000e+00
 197.442436     50.000  34.171363     6.9613     1.8423     49.577    33.7886    26.4704 0.0000e+00
 197.442449     51.000  34.192970     6.9493     1.7731     50.568    33.8237    26.4997 0.0000e+00
 197.442461     52.000  34.209480     6.9471     1.7355     51.559    33.8434    26.5155 0.0000e+00
 197.442472     53.000  34.226651     6.9488     1.6345     52.551    33.8602    26.5285 0.0000e+00
 197.442484     54.000  34.240203     6.9496     1.4728     53.542    33.8737    26.5391 0.0000e+00
 197.442496     55.000  34.247420     6.9462     1.3560     54.534    33.8846    26.5481 0.0000e+00
 197.442509     56.000  34.245767     6.9193     1.2972     55.525    33.9088    26.5709 0.0000e+00
 197.442522     57.000  34.229640     6.8819     1.2716     56.517    33.9275    26.5907 0.0000e+00
 197.442535     58.000  34.215392     6.8554     1.2523     57.508    33.9374    26.6021 0.0000e+00
 197.442547     59.000  34.203989     6.8391     1.2304     58.500    33.9405    26.6068 0.0000e+00
 197.442561     60.000  34.198061     6.8301     1.2060     59.491    33.9424    26.6095 0.0000e+00
 197.442574     61.000  34.193733     6.8224     1.1884     60.482    33.9447    26.6123 0.0000e+00
 197.442588     62.000  34.189440     6.8165     1.1758     61.473    33.9453    26.6137 0.0000e+00
 197.442605     63.000  34.186386     6.8133     1.1515     62.465    33.9447    26.6136 0.0000e+00
