data/oxygen options/OCNMS/OCNMS1/raw_data/2008/SBE19plus/CTD_KL015_081808faed.cnv
* Sea-Bird SBE19plus Data File:
* FileName = C:\2008_Mooring_Data\081808_sevice\CTD_KL015_081808.hex
* Software Version 1.59
* Temperature SN =  4671
* Conductivity SN =  4671
* System UpLoad Time = Aug 18 2008 18:05:03
* ds
* SeacatPlus V 1.6b  SERIAL NO. 4671    18 Aug 2008  18:04:26
# nquan = 9                                 
# nvalues = 1049                        
# units = specified
# name 0 = timeJ: Julian Days
# name 1 = prdM: Pressure, Strain Gauge [db]
# name 2 = c0mS/cm: Conductivity [mS/cm]
# name 3 = tv290C: Temperature [ITS-90, deg C]
# name 4 = sbeox0ML/L: Oxygen, SBE 43 [ml/l]
# name 5 = depSM: Depth [salt water, m], lat = 47.5
# name 6 = sal00: Salinity, Practical [PSU]
# name 7 = sigma-é00: Density [sigma-theta, kg/m^3]
# name 8 = flag: flag
# span 0 = 231.748900, 231.751933       
# span 1 =     -0.062,     15.813       
# span 2 =  -0.435958,  39.147576       
# span 3 =     8.1301,    13.9591       
# span 4 =     1.8315,     7.1059       
# span 5 =     -0.061,     15.680       
# span 6 =     0.0000,    33.6507       
# span 7 =    -0.7479,    26.1613       
# span 8 = 0.0000e+00, 0.0000e+00       
# interval = seconds: 0.25
# start_time = Aug 18 2008 17:58:25 [Instrument's time stamp, header]
# bad_flag = -9.990e-29
*END*
[from data line 321]
 231.749829      1.302  38.889934    13.5015     6.5575      1.291    32.5946    24.4303 -9.990e-29
 231.749832      1.302  38.897346    13.5108     6.5353      1.291    32.5936    24.4277 -9.990e-29
 231.749835      1.298  38.904246    13.5173     6.5180      1.287    32.5945    24.4271 -9.990e-29
 231.749838      1.292  38.908827    13.5177     6.5033      1.281    32.5984    24.4300 -9.990e-29
 231.749841      1.283  38.909702    13.5095     6.4864      1.272    32.6062    24.4377 -9.990e-29
 231.749844      1.274  38.905920    13.4935     6.4823      1.263    32.6164    24.4488 -9.990e-29
 231.749847      1.266  38.897498    13.4750     6.4807      1.255    32.6243    24.4587 -9.990e-29
 231.749850      1.261  38.886291    13.4598     6.4620      1.250    32.6268    24.4637 -9.990e-29
 231.749852      1.260  38.875501    13.4514     6.4382      1.249    32.6239    24.4631 -9.990e-29
 231.749855      1.262  38.868902    13.4516     6.4217      1.251    32.6176    24.4582 -9.990e-29
 231.749858      1.267  38.870342    13.4611     6.4095      1.256    32.6108    24.4510 -9.990e-29
 231.749861      1.273  38.879790    13.4761     6.3833      1.262    32.6068    24.4449 -9.990e-29
 231.749864      1.280  38.891622    13.4902     6.3404      1.269    32.6058    24.4413 -9.990e-29
 231.749867      1.287  38.900024    13.4983     6.2863      1.276    32.6068    24.4404 -9.990e-29
 231.749870      1.293  38.902261    13.4981     6.2308      1.282    32.6090    24.4422 -9.990e-29
 231.749873      1.297  38.898113    13.4902     6.1711      1.286    32.6119    24.4460 -9.990e-29
 231.749876      1.300  38.889574    13.4784     6.1005      1.289    32.6140    24.4500 -9.990e-29
 231.749878      1.302  38.880124    13.4681     6.0220      1.291    32.6140    24.4520 -9.990e-29
 231.749881      1.303  38.872897    13.4618     5.9416      1.292    32.6126    24.4522 -9.990e-29
 231.749884      1.303  38.869696    13.4593     5.8654      1.292    32.6117    24.4521 -9.990e-29
 231.749887      1.302  38.871441    13.4592     5.7869      1.291    32.6135    24.4534 -9.990e-29
 231.749890      1.300  38.876856    13.4601     5.7122      1.289    32.6178    24.4566 -9.990e-29
 231.749893      1.296  38.881948    13.4599     5.6406      1.285    32.6227    24.4604 -9.990e-29
 231.749896      1.291  38.882495    13.4562     5.5713      1.280    32.6264    24.4640 -9.990e-29
 231.749899      1.286  38.875608    13.4465     5.5113      1.275    32.6282    24.4674 -9.990e-29
 231.749902      1.280  38.859784    13.4314     5.4562      1.269    32.6263    24.4690 -9.990e-29
 231.749905      1.274  38.834080    13.4150     5.4059      1.263    32.6163    24.4645 -9.990e-29
 231.749907      1.269  38.796243    13.4012     5.3667      1.258    32.5927    24.4490 -9.990e-29
 231.749910      1.265  38.753449    13.3913     5.3319      1.254    32.5611    24.4266 -9.990e-29
 231.749913      1.262  38.722501    13.3847     5.2951      1.251    32.5378    24.4099 -9.990e-29
 231.749916      1.260  38.707307    13.3806     5.2661      1.249    32.5271    24.4024 -9.990e-29
 231.749919      1.260  38.700820    13.3782     5.2510      1.249    32.5231    24.3998 -9.990e-29
 231.749922      1.260  38.698452    13.3769     5.2538      1.249    32.5220    24.3992 -9.990e-29
 231.749925      1.262  38.698326    13.3765     5.2650      1.251    32.5222    24.3994 -9.990e-29
 231.749928      1.266  38.699819    13.3766     5.2680      1.255    32.5235    24.4004 -9.990e-29
 231.749931      1.270  38.701987    13.3773     5.2738      1.259    32.5249    24.4014 -9.990e-29
 231.749933      1.274  38.704058    13.3782     5.3051      1.263    32.5261    24.4021 -9.990e-29
 231.749936      1.279  38.706349    13.3794     5.3849      1.268    32.5272    24.4027 -9.990e-29
 231.749939      1.283  38.709152    13.3807     5.5050      1.272    32.5287    24.4036 -9.990e-29
 231.749942      1.286  38.711810    13.3821     5.6378      1.275    32.5300    24.4044 -9.990e-29
 231.749945      1.289  38.713669    13.3836     5.7619      1.278    32.5305    24.4044 -9.990e-29
 231.749948      1.291  38.714743    13.3853     5.8688      1.280    32.5300    24.4037 -9.990e-29
 231.749951      1.293  38.715297    13.3872     5.9495      1.282    32.5289    24.4025 -9.990e-29
 231.749954      1.295  38.715559    13.3891     5.9865      1.284    32.5275    24.4010 -9.990e-29
 231.749957      1.296  38.715909    13.3912     5.9814      1.285    32.5261    24.3995 -9.990e-29
 231.749959      1.296  38.716975    13.3937     5.9607      1.285    32.5249    24.3981 -9.990e-29
 231.749962      1.295  38.718774    13.3968     5.9476      1.284    32.5240    24.3968 -9.990e-29
 231.749965      1.292  38.720537    13.4012     5.9650      1.281    32.5219    24.3942 -9.990e-29
 231.749968      1.289  38.721207    13.4078     6.0018      1.278    32.5169    24.3891 -9.990e-29
 231.749971      1.284  38.719742    13.4177     6.0399      1.273    32.5071    24.3795 -9.990e-29
 231.749974      1.280  38.716785    13.4321     6.0860      1.269    32.4920    24.3650 -9.990e-29
 231.749977      1.277  38.714915    13.4511     6.1191      1.266    32.4741    24.3473 -9.990e-29
 231.749980      1.276  38.716468    13.4730     6.1320      1.265    32.4569    24.3296 -9.990e-29
 231.749983      1.277  38.722756    13.4943     6.1173      1.266    32.4447    24.3159 -9.990e-29
 231.749986      1.279  38.734529    13.5124     6.0723      1.268    32.4403    24.3088 -9.990e-29
 231.749988      1.280  38.750834    13.5262     6.0013      1.269    32.4437    24.3088 -9.990e-29
 231.749991      1.280  38.767877    13.5362     5.9239      1.269    32.4511    24.3125 -9.990e-29
 231.749994      1.279  38.781841    13.5430     5.8436      1.268    32.4584    24.3167 -9.990e-29
 231.749997      1.276  38.791907    13.5476     5.7580      1.265    32.4639    24.3200 -9.990e-29
 231.750000      1.274  38.798956    13.5509     5.6779      1.263    32.4676    24.3223 -9.990e-29
 231.750003      1.274  38.803851    13.5533     5.6109      1.263    32.4701    24.3237 -9.990e-29
 231.750006      1.278  38.807145    13.5554     5.5764      1.267    32.4714    24.3243 -9.990e-29
 231.750009      1.286  38.809144    13.5569     5.5727      1.275    32.4720    24.3244 -9.990e-29
 231.750012      1.297  38.810312    13.5574     5.5876      1.286    32.4727    24.3249 -9.990e-29
 231.750014      1.309  38.811117    13.5566     5.6083      1.298    32.4741    24.3261 -9.990e-29
 231.750017      1.317  38.811574    13.5548     5.6262      1.306    32.4761    24.3280 -9.990e-29
 231.750020      1.318  38.811294    13.5522     5.6432      1.307    32.4780    24.3300 -9.990e-29
 231.750023      1.311  38.809952    13.5485     5.6564      1.300    32.4799    24.3322 -9.990e-29
 231.750026      1.295  38.807984    13.5429     5.6565      1.284    32.4828    24.3356 -9.990e-29
 231.750029      1.276  38.806395    13.5340     5.6473      1.265    32.4889    24.3421 -9.990e-29
 231.750032      1.257  38.805392    13.5211     5.6363      1.247    32.4990    24.3525 -9.990e-29
 231.750035      1.243  38.804268    13.5063     5.6249      1.233    32.5105    24.3644 -9.990e-29
 231.750038      1.236  38.802178    13.4924     5.6171      1.226    32.5204    24.3748 -9.990e-29
 231.750041      1.238  38.798008    13.4806     5.6166      1.228    32.5266    24.3820 -9.990e-29
 231.750043      1.248  38.790348    13.4708     5.6251      1.238    32.5278    24.3849 -9.990e-29
 231.750046      1.261  38.779889    13.4624     5.6478      1.250    32.5252    24.3845 -9.990e-29
 231.750049      1.275  38.770425    13.4550     5.7029      1.264    32.5226    24.3841 -9.990e-29
 231.750052      1.286  38.764590    13.4478     5.7826      1.275    32.5233    24.3860 -9.990e-29
 231.750055      1.294  38.761872    13.4402     5.8700      1.283    32.5273    24.3906 -9.990e-29
 231.750058      1.297  38.760484    13.4320     5.9593      1.286    32.5330    24.3966 -9.990e-29
 231.750061      1.296  38.759081    13.4240     6.0342      1.285    32.5385    24.4025 -9.990e-29
 231.750064      1.295  38.757876    13.4173     6.0838      1.284    32.5431    24.4074 -9.990e-29
 231.750067      1.293  38.757517    13.4124     6.1019      1.282    32.5469    24.4114 -9.990e-29
 231.750069      1.290  38.758264    13.4088     6.0848      1.279    32.5507    24.4150 -9.990e-29
 231.750072      1.287  38.760173    13.4058     6.0392      1.276    32.5550    24.4190 -9.990e-29
 231.750075      1.281  38.762574    13.4029     5.9761      1.270    32.5598    24.4232 -9.990e-29
 231.750078      1.274  38.764429    13.3997     5.9109      1.263    32.5642    24.4273 -9.990e-29
 231.750081      1.267  38.765262    13.3959     5.8572      1.256    32.5683    24.4312 -9.990e-29
 231.750084      1.260  38.765149    13.3918     5.8251      1.249    32.5717    24.4346 -9.990e-29
 231.750087      1.256  38.764647    13.3878     5.8160      1.246    32.5746    24.4377 -9.990e-29
 231.750090      1.256  38.764547    13.3844     5.8257      1.246    32.5774    24.4406 -9.990e-29
 231.750093      1.260  38.765061    13.3818     5.8561      1.249    32.5801    24.4432 -9.990e-29
 231.750095      1.269  38.765996    13.3796     5.8992      1.258    32.5829    24.4457 -9.990e-29
 231.750098      1.279  38.767129    13.3777     5.9419      1.268    32.5856    24.4482 -9.990e-29
 231.750101      1.290  38.768148    13.3760     5.9715      1.279    32.5880    24.4504 -9.990e-29
 231.750104      1.297  38.768782    13.3745     5.9834      1.286    32.5898    24.4521 -9.990e-29
 231.750107      1.300  38.768941    13.3729     5.9684      1.289    32.5914    24.4536 -9.990e-29
 231.750110      1.299  38.768785    13.3710     5.9373      1.288    32.5928    24.4552 -9.990e-29
 231.750113      1.294  38.768347    13.3690     5.9022      1.283    32.5941    24.4566 -9.990e-29
 231.750116      1.288  38.767514    13.3669     5.8805      1.277    32.5952    24.4578 -9.990e-29
 231.750119      1.282  38.766555    13.3646     5.8672      1.271    32.5962    24.4591 -9.990e-29
 231.750122      1.279  38.765991    13.3626     5.8646      1.268    32.5974    24.4604 -9.990e-29
 231.750124      1.278  38.765952    13.3610     5.8863      1.267    32.5988    24.4617 -9.990e-29
 231.750127      1.280  38.766500    13.3602     5.9302      1.269    32.6000    24.4628 -9.990e-29
 231.750130      1.284  38.767760    13.3604     5.9838      1.273    32.6010    24.4636 -9.990e-29
 231.750133      1.289  38.769289    13.3615     6.0326      1.278    32.6015    24.4637 -9.990e-29
 231.750136      1.292  38.770615    13.3627     6.0681      1.281    32.6017    24.4636 -9.990e-29
 231.750139      1.291  38.771335    13.3623     6.0841      1.280    32.6027    24.4645 -9.990e-29
 231.750142      1.288  38.770766    13.3585     6.0775      1.277    32.6054    24.4674 -9.990e-29
 231.750145      1.283  38.769064    13.3510     6.0609      1.272    32.6102    24.4726 -9.990e-29
 231.750148      1.279  38.766795    13.3412     6.0321      1.268    32.6165    24.4794 -9.990e-29
 231.750150      1.276  38.763760    13.3317     5.9978      1.265    32.6218    24.4854 -9.990e-29
 231.750153      1.276  38.760730    13.3247     5.9765      1.265    32.6250    24.4892 -9.990e-29
 231.750156      1.278  38.758923    13.3217     5.9780      1.267    32.6258    24.4905 -9.990e-29
 231.750159      1.281  38.758060    13.3224     5.9971      1.270    32.6244    24.4893 -9.990e-29
 231.750162      1.282  38.758060    13.3245     6.0202      1.271    32.6226    24.4875 -9.990e-29
 231.750165      1.281  38.758268    13.3259     6.0438      1.270    32.6216    24.4864 -9.990e-29
 231.750168      1.278  38.756800    13.3259     6.0618      1.267    32.6202    24.4854 -9.990e-29
 231.750171      1.275  38.754188    13.3247     6.0651      1.264    32.6188    24.4845 -9.990e-29
 231.750174      1.274  38.752677    13.3228     6.0492      1.263    32.6190    24.4850 -9.990e-29
 231.750177      1.274  38.752174    13.3206     6.0144      1.263    32.6205    24.4866 -9.990e-29
 231.750179      1.277  38.751927    13.3184     5.9780      1.266    32.6221    24.4883 -9.990e-29
 231.750182      1.284  38.752523    13.3165     5.9498      1.273    32.6243    24.4904 -9.990e-29
 231.750185      1.293  38.753175    13.3151     5.9385      1.282    32.6261    24.4920 -9.990e-29
 231.750188      1.303  38.752525    13.3141     5.9424      1.292    32.6263    24.4924 -9.990e-29
 231.750191      1.313  38.751581    13.3135     5.9611      1.302    32.6260    24.4923 -9.990e-29
 231.750194      1.320  38.751105    13.3134     5.9936      1.309    32.6256    24.4920 -9.990e-29
 231.750197      1.322  38.749878    13.3135     6.0256      1.311    32.6244    24.4910 -9.990e-29
 231.750200      1.318  38.748284    13.3138     6.0462      1.307    32.6226    24.4896 -9.990e-29
 231.750203      1.308  38.747345    13.3141     6.0467      1.297    32.6215    24.4887 -9.990e-29
 231.750205      1.295  38.745863    13.3146     6.0241      1.284    32.6197    24.4872 -9.990e-29
 231.750208      1.280  38.743490    13.3152     5.9914      1.269    32.6169    24.4849 -9.990e-29
 231.750211      1.266  38.741078    13.3158     5.9447      1.255    32.6142    24.4827 -9.990e-29
 231.750214      1.256  38.738765    13.3163     5.8901      1.246    32.6116    24.4806 -9.990e-29
 231.750217      1.250  38.736799    13.3166     5.8304      1.240    32.6095    24.4789 -9.990e-29
 231.750220      1.249  38.735026    13.3167     5.7727      1.239    32.6077    24.4775 -9.990e-29
 231.750223      1.253  38.732699    13.3166     5.7224      1.243    32.6056    24.4759 -9.990e-29
 231.750226      1.259  38.729846    13.3163     5.7003      1.248    32.6032    24.4741 -9.990e-29
 231.750229      1.266  38.726962    13.3160     5.7086      1.255    32.6008    24.4723 -9.990e-29
 231.750231      1.273  38.723354    13.3157     5.7348      1.262    32.5976    24.4699 -9.990e-29
 231.750234      1.278  38.718095    13.3148     5.7682      1.267    32.5935    24.4669 -9.990e-29
 231.750237      1.281  38.711968    13.3126     5.7956      1.270    32.5896    24.4643 -9.990e-29
 231.750240      1.282  38.705952    13.3088     5.8117      1.271    32.5872    24.4632 -9.990e-29
 231.750243      1.281  38.700121    13.3031     5.8247      1.270    32.5866    24.4639 -9.990e-29
 231.750246      1.280  38.694427    13.2956     5.8379      1.269    32.5877    24.4662 -9.990e-29
 231.750249      1.278  38.687718    13.2866     5.8471      1.267    32.5891    24.4691 -9.990e-29
 231.750252      1.276  38.679232    13.2772     5.8510      1.265    32.5892    24.4711 -9.990e-29
 231.750255      1.276  38.670747    13.2682     5.8617      1.265    32.5890    24.4727 -9.990e-29
 231.750258      1.277  38.663519    13.2603     5.8782      1.266    32.5889    24.4742 -9.990e-29
 231.750260      1.278  38.657153    13.2534     5.8921      1.267    32.5889    24.4755 -9.990e-29
 231.750263      1.280  38.651381    13.2475     5.8926      1.269    32.5885    24.4764 -9.990e-29
 231.750266      1.282  38.645721    13.2425     5.8764      1.271    32.5875    24.4766 -9.990e-29
 231.750269      1.284  38.639827    13.2384     5.8422      1.273    32.5855    24.4759 -9.990e-29
 231.750272      1.286  38.634207    13.2351     5.7975      1.275    32.5830    24.4746 -9.990e-29
 231.750275      1.288  38.628424    13.2323     5.7455      1.277    32.5800    24.4728 -9.990e-29
 231.750278      1.290  38.621994    13.2299     5.7023      1.279    32.5760    24.4702 -9.990e-29
 231.750281      1.292  38.615486    13.2277     5.6825      1.281    32.5718    24.4674 -9.990e-29
 231.750284      1.293  38.608907    13.2256     5.7062      1.282    32.5674    24.4644 -9.990e-29
 231.750286      1.294  38.603117    13.2237     5.7730      1.283    32.5636    24.4619 -9.990e-29
