data/oxygen options/OCNMS/OCNMS1/raw_data/2008/SBE19plus/CTD_CE042_071508faed.cnv
* Sea-Bird SBE19plus Data File:
* FileName = C:\2008_Mooring_Data\071408_sevice\CTD_CE042_071508.hex
* Software Version 1.59
* Temperature SN =  4671
* Conductivity SN =  4671
* System UpLoad Time = Jul 15 2008 12:27:01
* ds
* SeacatPlus V 1.6b  SERIAL NO. 4671    15 Jul 2008  12:26:10
# nquan = 9                                 
# nvalues = 3959                        
# units = specified
# name 0 = timeJ: Julian Days
# name 1 = prdM: Pressure, Strain Gauge [db]
# name 2 = c0mS/cm: Conductivity [mS/cm]
# name 3 = tv290C: Temperature [ITS-90, deg C]
# name 4 = sbeox0ML/L: Oxygen, SBE 43 [ml/l]
# name 5 = depSM: Depth [salt water, m], lat = 47.5
# name 6 = sal00: Salinity, Practical [PSU]
# name 7 = sigma-é00: Density [sigma-theta, kg/m^3]
# name 8 = flag: flag
# span 0 = 197.494248, 197.505700       
# span 1 =     -0.004,     43.641       
# span 2 =   0.004741,  36.573547       
# span 3 =     7.0273,    12.0644       
# span 4 =     1.6069,     8.2315       
# span 5 =     -0.004,     43.272       
# span 6 =     0.0078,    33.8604       
# span 7 =    -0.5019,    26.5112       
# span 8 = 0.0000e+00, 0.0000e+00       
# interval = seconds: 0.25
# start_time = Jul 15 2008 11:51:43 [Instrument's time stamp, header]
# bad_flag = -9.990e-29
*END*
[from data line 481]
 197.495639      1.292  36.164998     9.4097     4.6721      1.281    33.5830    25.9431 -9.990e-29
 197.495642      1.302  36.165751     9.4103     4.6688      1.291    33.5832    25.9432 -9.990e-29
 197.495645      1.305  36.166405     9.4110     4.6700      1.294    33.5832    25.9431 -9.990e-29
 197.495648      1.303  36.167022     9.4117     4.6730      1.292    33.5832    25.9429 -9.990e-29
 197.495651      1.299  36.167602     9.4124     4.6740      1.288    33.5832    25.9428 -9.990e-29
 197.495654      1.298  36.168193     9.4131     4.6782      1.287    33.5831    25.9426 -9.990e-29
 197.495657      1.301  36.168849     9.4135     4.6813      1.290    33.5834    25.9428 -9.990e-29
 197.495660      1.310  36.169520     9.4134     4.6821      1.299    33.5842    25.9434 -9.990e-29
 197.495663      1.321  36.170004     9.4127     4.6836      1.310    33.5854    25.9444 -9.990e-29
 197.495666      1.334  36.170027     9.4120     4.6826      1.323    33.5860    25.9451 -9.990e-29
 197.495668      1.344  36.169350     9.4116     4.6813      1.333    33.5857    25.9449 -9.990e-29
 197.495671      1.348  36.168275     9.4117     4.6807      1.337    33.5845    25.9439 -9.990e-29
 197.495674      1.347  36.167672     9.4121     4.6833      1.336    33.5835    25.9431 -9.990e-29
 197.495677      1.339  36.167851     9.4129     4.6856      1.328    33.5829    25.9425 -9.990e-29
 197.495680      1.328  36.168415     9.4139     4.6872      1.317    33.5826    25.9421 -9.990e-29
 197.495683      1.315  36.169120     9.4150     4.6880      1.304    33.5823    25.9417 -9.990e-29
 197.495686      1.303  36.170041     9.4162     4.6870      1.292    33.5821    25.9413 -9.990e-29
 197.495689      1.294  36.171225     9.4173     4.6833      1.283    33.5823    25.9413 -9.990e-29
 197.495692      1.290  36.172449     9.4184     4.6798      1.279    33.5825    25.9413 -9.990e-29
 197.495694      1.290  36.173500     9.4195     4.6809      1.279    33.5826    25.9412 -9.990e-29
 197.495697      1.295  36.174441     9.4203     4.6788      1.284    33.5828    25.9412 -9.990e-29
 197.495700      1.301  36.175392     9.4210     4.6794      1.290    33.5831    25.9414 -9.990e-29
 197.495703      1.308  36.176320     9.4215     4.6812      1.297    33.5836    25.9417 -9.990e-29
 197.495706      1.312  36.176998     9.4219     4.6822      1.301    33.5839    25.9418 -9.990e-29
 197.495709      1.313  36.177359     9.4224     4.6844      1.302    33.5838    25.9417 -9.990e-29
 197.495712      1.311  36.177637     9.4229     4.6868      1.300    33.5837    25.9415 -9.990e-29
 197.495715      1.310  36.177997     9.4235     4.6878      1.299    33.5835    25.9412 -9.990e-29
 197.495718      1.312  36.178444     9.4241     4.6886      1.301    33.5834    25.9410 -9.990e-29
 197.495720      1.318  36.178968     9.4248     4.6890      1.307    33.5833    25.9408 -9.990e-29
 197.495723      1.328  36.179552     9.4255     4.6878      1.317    33.5832    25.9407 -9.990e-29
 197.495726      1.340  36.180192     9.4262     4.6859      1.329    33.5832    25.9406 -9.990e-29
 197.495729      1.351  36.180918     9.4266     4.6856      1.340    33.5836    25.9408 -9.990e-29
 197.495732      1.357  36.181607     9.4269     4.6791      1.346    33.5840    25.9411 -9.990e-29
 197.495735      1.357  36.182050     9.4268     4.6756      1.346    33.5845    25.9415 -9.990e-29
 197.495738      1.355  36.182235     9.4264     4.6751      1.344    33.5851    25.9420 -9.990e-29
 197.495741      1.353  36.182216     9.4254     4.6728      1.342    33.5860    25.9429 -9.990e-29
 197.495744      1.353  36.181899     9.4239     4.6749      1.342    33.5871    25.9440 -9.990e-29
 197.495747      1.359  36.181150     9.4218     4.6788      1.348    33.5883    25.9453 -9.990e-29
 197.495749      1.368  36.179879     9.4194     4.6805      1.357    33.5892    25.9464 -9.990e-29
 197.495752      1.376  36.177991     9.4172     4.6844      1.365    33.5894    25.9468 -9.990e-29
 197.495755      1.380  36.175594     9.4157     4.6904      1.368    33.5883    25.9462 -9.990e-29
 197.495758      1.375  36.173243     9.4150     4.6919      1.364    33.5865    25.9450 -9.990e-29
 197.495761      1.359  36.171613     9.4150     4.6927      1.348    33.5848    25.9437 -9.990e-29
 197.495764      1.334  36.170969     9.4156     4.6934      1.323    33.5836    25.9426 -9.990e-29
 197.495767      1.302  36.171167     9.4166     4.6890      1.291    33.5829    25.9419 -9.990e-29
 197.495770      1.270  36.171900     9.4176     4.6857      1.259    33.5827    25.9416 -9.990e-29
 197.495773      1.242  36.172874     9.4187     4.6834      1.232    33.5827    25.9414 -9.990e-29
 197.495775      1.225  36.173906     9.4197     4.6819      1.215    33.5829    25.9414 -9.990e-29
 197.495778      1.222  36.174874     9.4204     4.6811      1.212    33.5832    25.9415 -9.990e-29
 197.495781      1.234  36.175726     9.4209     4.6826      1.224    33.5836    25.9417 -9.990e-29
 197.495784      1.258  36.176437     9.4211     4.6827      1.247    33.5841    25.9421 -9.990e-29
 197.495787      1.289  36.176908     9.4209     4.6830      1.278    33.5848    25.9427 -9.990e-29
 197.495790      1.321  36.177000     9.4209     4.6844      1.310    33.5849    25.9427 -9.990e-29
 197.495793      1.347  36.176755     9.4211     4.6852      1.336    33.5844    25.9424 -9.990e-29
 197.495796      1.361  36.176513     9.4217     4.6856      1.350    33.5836    25.9416 -9.990e-29
 197.495799      1.363  36.176592     9.4226     4.6866      1.352    33.5828    25.9409 -9.990e-29
 197.495802      1.351  36.177098     9.4237     4.6890      1.340    33.5823    25.9403 -9.990e-29
 197.495804      1.330  36.177961     9.4249     4.6903      1.319    33.5821    25.9399 -9.990e-29
 197.495807      1.306  36.179060     9.4260     4.6906      1.295    33.5822    25.9398 -9.990e-29
 197.495810      1.284  36.180307     9.4267     4.6896      1.273    33.5829    25.9402 -9.990e-29
 197.495813      1.270  36.181500     9.4268     4.6879      1.259    33.5840    25.9411 -9.990e-29
 197.495816      1.268  36.182333     9.4260     4.6878      1.257    33.5856    25.9425 -9.990e-29
 197.495819      1.277  36.182514     9.4247     4.6845      1.266    33.5870    25.9438 -9.990e-29
 197.495822      1.294  36.181848     9.4234     4.6820      1.283    33.5876    25.9444 -9.990e-29
 197.495825      1.311  36.180482     9.4222     4.6810      1.300    33.5873    25.9444 -9.990e-29
 197.495828      1.325  36.178971     9.4214     4.6796      1.314    33.5864    25.9439 -9.990e-29
 197.495830      1.331  36.177811     9.4208     4.6808      1.320    33.5858    25.9435 -9.990e-29
 197.495833      1.328  36.177047     9.4204     4.6820      1.317    33.5854    25.9432 -9.990e-29
 197.495836      1.317  36.176522     9.4202     4.6840      1.306    33.5850    25.9430 -9.990e-29
 197.495839      1.302  36.176165     9.4200     4.6810      1.291    33.5849    25.9429 -9.990e-29
 197.495842      1.286  36.175925     9.4199     4.6830      1.275    33.5847    25.9428 -9.990e-29
 197.495845      1.274  36.175739     9.4199     4.6818      1.263    33.5845    25.9426 -9.990e-29
 197.495848      1.268  36.175626     9.4200     4.6848      1.257    33.5843    25.9425 -9.990e-29
 197.495851      1.271  36.175665     9.4201     4.6827      1.260    33.5843    25.9424 -9.990e-29
 197.495854      1.281  36.175815     9.4202     4.6853      1.270    33.5843    25.9424 -9.990e-29
 197.495856      1.296  36.176006     9.4200     4.6846      1.285    33.5847    25.9428 -9.990e-29
 197.495859      1.313  36.176187     9.4194     4.6819      1.302    33.5855    25.9434 -9.990e-29
 197.495862      1.331  36.176091     9.4185     4.6808      1.320    33.5862    25.9442 -9.990e-29
 197.495865      1.348  36.175526     9.4174     4.6794      1.337    33.5866    25.9447 -9.990e-29
 197.495868      1.362  36.174681     9.4161     4.6761      1.351    33.5870    25.9452 -9.990e-29
 197.495871      1.373  36.173691     9.4145     4.6744      1.362    33.5875    25.9458 -9.990e-29
 197.495874      1.379  36.172492     9.4125     4.6740      1.367    33.5881    25.9466 -9.990e-29
 197.495877      1.378  36.171010     9.4108     4.6742      1.366    33.5882    25.9469 -9.990e-29
 197.495880      1.369  36.169042     9.4103     4.6734      1.358    33.5866    25.9458 -9.990e-29
 197.495883      1.353  36.166791     9.4113     4.6763      1.342    33.5833    25.9431 -9.990e-29
 197.495885      1.332  36.165703     9.4129     4.6718      1.321    33.5807    25.9408 -9.990e-29
 197.495888      1.310  36.166837     9.4143     4.6747      1.299    33.5806    25.9405 -9.990e-29
 197.495891      1.292  36.169182     9.4146     4.6738      1.281    33.5827    25.9421 -9.990e-29
 197.495894      1.284  36.171159     9.4133     4.6756      1.273    33.5860    25.9448 -9.990e-29
 197.495897      1.288  36.171859     9.4101     4.6788      1.277    33.5897    25.9483 -9.990e-29
 197.495900      1.302  36.170856     9.4048     4.6799      1.291    33.5937    25.9522 -9.990e-29
 197.495903      1.323  36.167992     9.3975     4.6815      1.312    33.5976    25.9564 -9.990e-29
 197.495906      1.343  36.163273     9.3893     4.6784      1.332    33.6004    25.9600 -9.990e-29
 197.495909      1.358  36.156514     9.3826     4.6784      1.347    33.5997    25.9605 -9.990e-29
 197.495911      1.363  36.147898     9.3793     4.6771      1.352    33.5939    25.9565 -9.990e-29
 197.495914      1.359  36.139963     9.3796     4.6736      1.348    33.5854    25.9498 -9.990e-29
 197.495917      1.348  36.136062     9.3820     4.6697      1.337    33.5791    25.9445 -9.990e-29
 197.495920      1.335  36.136834     9.3851     4.6666      1.324    33.5770    25.9424 -9.990e-29
 197.495923      1.323  36.140375     9.3876     4.6679      1.312    33.5783    25.9430 -9.990e-29
 197.495926      1.314  36.144262     9.3889     4.6689      1.303    33.5811    25.9450 -9.990e-29
 197.495929      1.309  36.147148     9.3890     4.6721      1.298    33.5840    25.9472 -9.990e-29
 197.495932      1.305  36.148584     9.3888     4.6729      1.294    33.5857    25.9486 -9.990e-29
 197.495935      1.303  36.148360     9.3888     4.6732      1.292    33.5854    25.9484 -9.990e-29
 197.495938      1.301  36.147445     9.3887     4.6745      1.290    33.5846    25.9477 -9.990e-29
 197.495940      1.301  36.147185     9.3881     4.6767      1.290    33.5849    25.9481 -9.990e-29
 197.495943      1.304  36.147324     9.3864     4.6726      1.293    33.5866    25.9497 -9.990e-29
 197.495946      1.314  36.147058     9.3832     4.6699      1.303    33.5894    25.9523 -9.990e-29
 197.495949      1.330  36.145963     9.3789     4.6672      1.319    33.5923    25.9553 -9.990e-29
 197.495952      1.351  36.143230     9.3746     4.6662      1.340    33.5935    25.9570 -9.990e-29
 197.495955      1.371  36.138942     9.3710     4.6654      1.360    33.5924    25.9567 -9.990e-29
 197.495958      1.384  36.134364     9.3688     4.6687      1.372    33.5897    25.9550 -9.990e-29
 197.495961      1.385  36.130581     9.3678     4.6705      1.373    33.5868    25.9528 -9.990e-29
 197.495964      1.376  36.128345     9.3678     4.6745      1.365    33.5845    25.9510 -9.990e-29
 197.495966      1.358  36.127652     9.3686     4.6780      1.347    33.5830    25.9497 -9.990e-29
 197.495969      1.337  36.127930     9.3698     4.6764      1.326    33.5822    25.9489 -9.990e-29
 197.495972      1.319  36.128809     9.3710     4.6759      1.308    33.5820    25.9485 -9.990e-29
 197.495975      1.306  36.130077     9.3717     4.6730      1.295    33.5826    25.9489 -9.990e-29
 197.495978      1.301  36.131401     9.3719     4.6719      1.290    33.5838    25.9498 -9.990e-29
 197.495981      1.302  36.132268     9.3720     4.6703      1.291    33.5846    25.9504 -9.990e-29
 197.495984      1.307  36.132499     9.3722     4.6697      1.296    33.5846    25.9504 -9.990e-29
 197.495987      1.313  36.132440     9.3728     4.6685      1.302    33.5840    25.9499 -9.990e-29
 197.495990      1.319  36.132492     9.3742     4.6697      1.308    33.5828    25.9486 -9.990e-29
 197.495992      1.322  36.132891     9.3766     4.6711      1.311    33.5809    25.9468 -9.990e-29
 197.495995      1.324  36.133890     9.3796     4.6729      1.313    33.5791    25.9449 -9.990e-29
 197.495998      1.326  36.135869     9.3826     4.6723      1.315    33.5784    25.9438 -9.990e-29
 197.496001      1.327  36.138930     9.3847     4.6730      1.316    33.5795    25.9444 -9.990e-29
 197.496004      1.327  36.142200     9.3858     4.6719      1.316    33.5819    25.9461 -9.990e-29
 197.496007      1.325  36.144424     9.3861     4.6721      1.314    33.5839    25.9476 -9.990e-29
 197.496010      1.321  36.145302     9.3862     4.6721      1.310    33.5847    25.9482 -9.990e-29
 197.496013      1.316  36.145286     9.3862     4.6665      1.305    33.5847    25.9482 -9.990e-29
 197.496016      1.310  36.144976     9.3861     4.6627      1.299    33.5845    25.9481 -9.990e-29
 197.496019      1.305  36.144847     9.3860     4.6610      1.294    33.5844    25.9481 -9.990e-29
 197.496021      1.303  36.144881     9.3858     4.6604      1.292    33.5847    25.9483 -9.990e-29
 197.496024      1.304  36.144800     9.3854     4.6600      1.293    33.5850    25.9486 -9.990e-29
 197.496027      1.310  36.144514     9.3850     4.6599      1.299    33.5850    25.9487 -9.990e-29
 197.496030      1.319  36.144124     9.3846     4.6623      1.308    33.5850    25.9487 -9.990e-29
 197.496033      1.328  36.143710     9.3845     4.6635      1.317    33.5847    25.9485 -9.990e-29
 197.496036      1.333  36.143341     9.3848     4.6644      1.322    33.5840    25.9479 -9.990e-29
 197.496039      1.329  36.143148     9.3853     4.6632      1.318    33.5833    25.9473 -9.990e-29
 197.496042      1.314  36.143346     9.3859     4.6614      1.303    33.5830    25.9469 -9.990e-29
 197.496045      1.286  36.143971     9.3865     4.6596      1.275    33.5831    25.9469 -9.990e-29
 197.496047      1.251  36.144626     9.3870     4.6591      1.241    33.5833    25.9470 -9.990e-29
 197.496050      1.215  36.145075     9.3874     4.6551      1.205    33.5834    25.9470 -9.990e-29
 197.496053      1.186  36.145411     9.3877     4.6589      1.176    33.5835    25.9470 -9.990e-29
 197.496056      1.172  36.145681     9.3880     4.6588      1.162    33.5835    25.9470 -9.990e-29
 197.496059      1.175  36.145973     9.3884     4.6644      1.165    33.5834    25.9469 -9.990e-29
 197.496062      1.194  36.146364     9.3888     4.6704      1.184    33.5834    25.9468 -9.990e-29
 197.496065      1.222  36.146789     9.3891     4.6771      1.212    33.5836    25.9469 -9.990e-29
 197.496068      1.249  36.147206     9.3890     4.6790      1.239    33.5841    25.9473 -9.990e-29
 197.496071      1.264  36.147575     9.3887     4.6808      1.253    33.5847    25.9479 -9.990e-29
 197.496073      1.257  36.147720     9.3885     4.6826      1.247    33.5851    25.9482 -9.990e-29
 197.496076      1.224  36.147389     9.3887     4.6772      1.214    33.5846    25.9477 -9.990e-29
 197.496079      1.168  36.146729     9.3895     4.6745      1.158    33.5832    25.9465 -9.990e-29
 197.496082      1.102  36.146475     9.3903     4.6720      1.093    33.5822    25.9456 -9.990e-29
 197.496085      1.036  36.146878     9.3911     4.6694      1.027    33.5819    25.9452 -9.990e-29
 197.496088      0.983  36.147311     9.3916     4.6689      0.975    33.5819    25.9451 -9.990e-29
 197.496091      0.949  36.147616     9.3919     4.6703      0.941    33.5819    25.9451 -9.990e-29
 197.496094      0.935  36.148208     9.3919     4.6728      0.927    33.5825    25.9456 -9.990e-29
 197.496097      0.941  36.148905     9.3918     4.6794      0.933    33.5834    25.9463 -9.990e-29
