data/oxygen options/OCNMS/OCNMS1/raw_data/2008/SBE19plus/CTD_TH042_072108faedb.cnv
* Sea-Bird SBE19plus Data File:
* FileName = C:\2008_Mooring_Data\072108_service\CTD_TH042_072108.hex
* Software Version 1.59
* Temperature SN =  4671
* Conductivity SN =  4671
* System UpLoad Time = Jul 21 2008 11:35:10
* ds
* SeacatPlus V 1.6b  SERIAL NO. 4671    21 Jul 2008  11:34:52
# nquan = 9
# nvalues = 40                          
# units = specified
# name 0 = timeJ: Julian Days
# name 1 = prdM: Pressure, Strain Gauge [db]
# name 2 = c0mS/cm: Conductivity [mS/cm]
# name 3 = tv290C: Temperature [ITS-90, deg C]
# name 4 = sbeox0ML/L: Oxygen, SBE 43 [ml/l]
# name 5 = depSM: Depth [salt water, m], lat = 47.5
# name 6 = sal00: Salinity, Practical [PSU]
# name 7 = sigma-é00: Density [sigma-theta, kg/m^3]
# name 8 = flag: flag
# span 0 = 203.459364, 203.462005       
# span 1 =      1.000,     40.000       
# span 2 =  25.159937,  37.358196       
# span 3 =     7.0572,    11.2223       
# span 4 =     2.7204,     5.3781       
# span 5 =      0.992,     39.662       
# span 6 =    21.6575,    33.6587       
# span 7 =    16.3863,    26.3548       
# span 8 = 0.0000e+00, 0.0000e+00       
# interval = decibars: 1                
# start_time = Jul 21 2008 11:00:55 [Instrument's time stamp, header]
# bad_flag = -9.990e-29
*END*
 203.459364      1.000  25.159937    11.2223     4.9770      0.992    21.6575    16.3863 0.0000e+00
 203.459385      2.000  37.358196    10.7545     4.9967      1.984    33.4079    25.5716 0.0000e+00
 203.461440      3.000  35.800085    10.7164     5.3781      2.975    32.0272    24.5107 0.0000e+00
 203.461556      4.000  35.831091    10.6756     5.3354      3.967    32.0932    24.5692 0.0000e+00
 203.461568      5.000  35.864485    10.6415     5.2842      4.958    32.1561    24.6241 0.0000e+00
 203.461581      6.000  35.890368    10.6172     5.2828      5.950    32.2029    24.6648 0.0000e+00
 203.461593      7.000  35.900108    10.5627     5.1826      6.941    32.2604    24.7189 0.0000e+00
 203.461605      8.000  35.898150    10.5121     5.0185      7.933    32.3028    24.7606 0.0000e+00
 203.461617      9.000  35.888342    10.4729     4.9347      8.925    32.3273    24.7863 0.0000e+00
 203.461630     10.000  35.861267    10.3289     4.9151      9.916    32.4281    24.8893 0.0000e+00
 203.461641     11.000  35.777354    10.1081     4.8793     10.908    32.5408    25.0143 0.0000e+00
 203.461652     12.000  35.694255     9.9568     4.8045     11.899    32.5926    25.0800 0.0000e+00
 203.461664     13.000  35.651738     9.8817     4.7408     12.891    32.6168    25.1113 0.0000e+00
 203.461675     14.000  35.625780     9.8054     4.7191     13.883    32.6590    25.1568 0.0000e+00
 203.461687     15.000  35.571056     9.6730     4.7363     14.874    32.7230    25.2285 0.0000e+00
 203.461699     16.000  35.490784     9.5447     4.7225     15.866    32.7574    25.2762 0.0000e+00
 203.461712     17.000  35.406556     9.4582     4.6502     16.858    32.7495    25.2840 0.0000e+00
 203.461724     18.000  35.359996     9.4116     4.5232     17.849    32.7438    25.2870 0.0000e+00
 203.461736     19.000  35.311380     9.3221     4.3708     18.841    32.7753    25.3259 0.0000e+00
 203.461748     20.000  35.205411     9.1526     4.2134     19.832    32.8211    25.3887 0.0000e+00
 203.461760     21.000  35.102600     8.9752     4.0298     20.824    32.8776    25.4607 0.0000e+00
 203.461772     22.000  35.018424     8.7978     3.8630     21.815    32.9539    25.5479 0.0000e+00
 203.461785     23.000  34.929853     8.5901     3.7770     22.807    33.0544    25.6585 0.0000e+00
 203.461798     24.000  34.803569     8.3312     3.6615     23.798    33.1640    25.7834 0.0000e+00
 203.461811     25.000  34.626087     8.1030     3.5628     24.790    33.1907    25.8383 0.0000e+00
 203.461825     26.000  34.520382     7.9357     3.5487     25.781    33.2364    25.8987 0.0000e+00
 203.461837     27.000  34.405645     7.7186     3.5524     26.773    33.3200    25.9956 0.0000e+00
 203.461849     28.000  34.288258     7.5652     3.5449     27.765    33.3400    26.0332 0.0000e+00
 203.461861     29.000  34.204472     7.4659     3.5284     28.756    33.3444    26.0507 0.0000e+00
 203.461874     30.000  34.155272     7.4191     3.4885     29.747    33.3357    26.0505 0.0000e+00
 203.461887     31.000  34.138231     7.4022     3.4412     30.739    33.3329    26.0507 0.0000e+00
 203.461899     32.000  34.132164     7.3906     3.3945     31.731    33.3371    26.0556 0.0000e+00
 203.461910     33.000  34.135449     7.3753     3.2735     32.722    33.3549    26.0717 0.0000e+00
 203.461921     34.000  34.148570     7.3527     3.0312     33.714    33.3904    26.1029 0.0000e+00
 203.461934     35.000  34.149291     7.3093     2.8760     34.705    33.4326    26.1421 0.0000e+00
 203.461947     36.000  34.146182     7.2219     2.8193     35.696    33.5134    26.2178 0.0000e+00
 203.461961     37.000  34.146870     7.1414     2.7614     36.688    33.5920    26.2908 0.0000e+00
 203.461974     38.000  34.143315     7.1047     2.7339     37.679    33.6233    26.3205 0.0000e+00
 203.461988     39.000  34.138630     7.0813     2.7438     38.671    33.6406    26.3373 0.0000e+00
 203.462005     40.000  34.134074     7.0572     2.7204     39.662    33.6587    26.3548 0.0000e+00
