data/oxygen options/OCNMS/OCNMS1/raw_data/2008/SBE19plus/CTD_CE065_081808faed.cnv
* Sea-Bird SBE19plus Data File:
* FileName = C:\2008_Mooring_Data\081808_sevice\CTD_CE065_081808.hex
* Software Version 1.59
* Temperature SN =  4671
* Conductivity SN =  4671
* System UpLoad Time = Aug 18 2008 12:19:26
* ds
* SeacatPlus V 1.6b  SERIAL NO. 4671    18 Aug 2008  12:19:03
# nquan = 9                                 
# nvalues = 4527                        
# units = specified
# name 0 = timeJ: Julian Days
# name 1 = prdM: Pressure, Strain Gauge [db]
# name 2 = c0mS/cm: Conductivity [mS/cm]
# name 3 = tv290C: Temperature [ITS-90, deg C]
# name 4 = sbeox0ML/L: Oxygen, SBE 43 [ml/l]
# name 5 = depSM: Depth [salt water, m], lat = 47.5
# name 6 = sal00: Salinity, Practical [PSU]
# name 7 = sigma-é00: Density [sigma-theta, kg/m^3]
# name 8 = flag: flag
# span 0 = 231.499236, 231.512332       
# span 1 =     -0.090,     67.098       
# span 2 =   0.190433,  38.645665       
# span 3 =     7.1947,    14.4116       
# span 4 =     1.1175,     6.3351       
# span 5 =     -0.089,     66.527       
# span 6 =     0.1150,    33.8775       
# span 7 =    -0.7181,    26.5076       
# span 8 = 0.0000e+00, 0.0000e+00       
# interval = seconds: 0.25
# start_time = Aug 18 2008 11:58:54 [Instrument's time stamp, header]
# bad_flag = -9.990e-29
*END*
[from data line 1601]
 231.503869     55.735  34.466013     7.2008     1.2677     55.262    33.8733    26.5042 0.0000e+00
 231.503872     55.481  34.466420     7.2005     1.2658     55.011    33.8741    26.5050 0.0000e+00
 231.503874     55.222  34.466681     7.1999     1.2739     54.754    33.8751    26.5058 0.0000e+00
 231.503877     54.960  34.466412     7.1993     1.2771     54.494    33.8756    26.5062 0.0000e+00
 231.503880     54.699  34.465654     7.1987     1.2802     54.235    33.8755    26.5062 0.0000e+00
 231.503883     54.443  34.464808     7.1982     1.2823     53.981    33.8752    26.5061 0.0000e+00
 231.503886     54.193  34.464122     7.1980     1.2804     53.734    33.8747    26.5057 0.0000e+00
 231.503889     53.948  34.463654     7.1979     1.2808     53.491    33.8744    26.5055 0.0000e+00
 231.503892     53.706  34.463385     7.1981     1.2792     53.251    33.8741    26.5052 0.0000e+00
 231.503895     53.463  34.463264     7.1984     1.2812     53.010    33.8737    26.5049 0.0000e+00
 231.503898     53.216  34.463238     7.1987     1.2782     52.765    33.8735    26.5047 0.0000e+00
 231.503900     52.966  34.463238     7.1990     1.2784     52.517    33.8734    26.5045 0.0000e+00
 231.503903     52.713  34.463152     7.1992     1.2712     52.266    33.8732    26.5044 0.0000e+00
 231.503906     52.462  34.462826     7.1994     1.2723     52.018    33.8728    26.5040 0.0000e+00
 231.503909     52.218  34.462197     7.1996     1.2758     51.776    33.8720    26.5034 0.0000e+00
 231.503912     51.986  34.461380     7.1998     1.2691     51.546    33.8710    26.5026 0.0000e+00
 231.503915     51.775  34.460548     7.1998     1.2691     51.336    33.8702    26.5019 0.0000e+00
 231.503918     51.590  34.459843     7.1997     1.2610     51.153    33.8696    26.5015 0.0000e+00
 231.503921     51.437  34.459322     7.1995     1.2601     51.001    33.8694    26.5013 0.0000e+00
 231.503924     51.317  34.458962     7.1994     1.2577     50.882    33.8691    26.5011 0.0000e+00
 231.503927     51.230  34.458744     7.1992     1.2570     50.796    33.8691    26.5011 -9.990e-29
 231.503929     51.168  34.458649     7.1990     1.2514     50.735    33.8692    26.5013 -9.990e-29
 231.503932     51.125  34.458585     7.1988     1.2513     50.692    33.8694    26.5014 -9.990e-29
 231.503935     51.092  34.458498     7.1987     1.2544     50.659    33.8694    26.5014 -9.990e-29
 231.503938     51.064  34.458430     7.1988     1.2532     50.632    33.8692    26.5013 -9.990e-29
 231.503941     51.038  34.458428     7.1990     1.2539     50.606    33.8691    26.5011 -9.990e-29
 231.503944     51.014  34.458594     7.1993     1.2525     50.582    33.8690    26.5010 -9.990e-29
 231.503947     50.995  34.459001     7.1995     1.2497     50.563    33.8692    26.5012 -9.990e-29
 231.503950     50.986  34.459573     7.1995     1.2530     50.554    33.8698    26.5017 -9.990e-29
 231.503953     50.990  34.460134     7.1992     1.2487     50.558    33.8708    26.5024 -9.990e-29
 231.503955     51.006  34.460392     7.1987     1.2505     50.574    33.8715    26.5031 -9.990e-29
 231.503958     51.030  34.460241     7.1983     1.2460     50.598    33.8717    26.5033 -9.990e-29
 231.503961     51.058  34.459920     7.1980     1.2458     50.626    33.8717    26.5033 -9.990e-29
 231.503964     51.087  34.459600     7.1979     1.2445     50.654    33.8714    26.5031 -9.990e-29
 231.503967     51.111  34.459283     7.1979     1.2437     50.678    33.8710    26.5028 -9.990e-29
 231.503970     51.126  34.459025     7.1980     1.2418     50.693    33.8707    26.5025 -9.990e-29
 231.503973     51.132  34.458940     7.1983     1.2428     50.699    33.8703    26.5022 -9.990e-29
 231.503976     51.129  34.459084     7.1986     1.2435     50.696    33.8701    26.5020 -9.990e-29
 231.503979     51.119  34.459379     7.1990     1.2448     50.686    33.8701    26.5019 -9.990e-29
 231.503981     51.106  34.459731     7.1993     1.2464     50.673    33.8702    26.5019 -9.990e-29
 231.503984     51.094  34.460057     7.1995     1.2479     50.661    33.8703    26.5020 -9.990e-29
 231.503987     51.086  34.460274     7.1996     1.2498     50.653    33.8705    26.5021 -9.990e-29
 231.503990     51.083  34.460397     7.1996     1.2513     50.650    33.8706    26.5022 -9.990e-29
 231.503993     51.082  34.460429     7.1996     1.2496     50.649    33.8706    26.5023 -9.990e-29
 231.503996     51.080  34.460313     7.1995     1.2531     50.647    33.8706    26.5023 -9.990e-29
 231.503999     51.074  34.460088     7.1994     1.2521     50.641    33.8705    26.5022 -9.990e-29
 231.504002     51.062  34.459870     7.1995     1.2515     50.630    33.8701    26.5019 -9.990e-29
 231.504005     51.041  34.459748     7.1997     1.2515     50.609    33.8698    26.5016 -9.990e-29
 231.504008     51.012  34.459776     7.1999     1.2532     50.580    33.8697    26.5015 -9.990e-29
 231.504010     50.978  34.459965     7.2001     1.2566     50.546    33.8697    26.5015 -9.990e-29
 231.504013     50.942  34.460216     7.2001     1.2561     50.511    33.8700    26.5017 -9.990e-29
 231.504016     50.910  34.460265     7.2000     1.2536     50.479    33.8701    26.5018 -9.990e-29
 231.504019     50.885  34.459994     7.2000     1.2551     50.454    33.8699    26.5016 -9.990e-29
 231.504022     50.870  34.459617     7.1999     1.2561     50.439    33.8696    26.5014 -9.990e-29
 231.504025     50.863  34.459360     7.1998     1.2574     50.432    33.8694    26.5013 -9.990e-29
 231.504028     50.860  34.459242     7.1996     1.2544     50.429    33.8694    26.5013 -9.990e-29
 231.504031     50.857  34.459143     7.1994     1.2523     50.426    33.8695    26.5014 -9.990e-29
 231.504034     50.854  34.458970     7.1994     1.2505     50.423    33.8693    26.5013 -9.990e-29
 231.504036     50.849  34.458745     7.1995     1.2493     50.418    33.8690    26.5010 -9.990e-29
 231.504039     50.848  34.458525     7.1998     1.2472     50.417    33.8685    26.5005 -9.990e-29
 231.504042     50.854  34.458369     7.2000     1.2441     50.423    33.8681    26.5002 -9.990e-29
 231.504045     50.872  34.458334     7.2002     1.2451     50.441    33.8679    26.5000 -9.990e-29
 231.504048     50.906  34.458382     7.2001     1.2432     50.475    33.8680    26.5001 -9.990e-29
 231.504051     50.956  34.458375     7.1999     1.2436     50.524    33.8682    26.5003 -9.990e-29
 231.504054     51.018  34.458225     7.1996     1.2425     50.586    33.8683    26.5004 -9.990e-29
 231.504057     51.086  34.457935     7.1994     1.2429     50.653    33.8681    26.5003 -9.990e-29
 231.504060     51.154  34.457554     7.1991     1.2405     50.721    33.8680    26.5002 -9.990e-29
 231.504063     51.213  34.457216     7.1990     1.2421     50.779    33.8677    26.5000 -9.990e-29
 231.504065     51.260  34.457069     7.1991     1.2403     50.826    33.8674    26.4998 -9.990e-29
 231.504068     51.290  34.457160     7.1994     1.2401     50.856    33.8672    26.4996 -9.990e-29
 231.504071     51.305  34.457451     7.1997     1.2419     50.870    33.8672    26.4995 -9.990e-29
 231.504074     51.305  34.457867     7.1999     1.2441     50.870    33.8674    26.4997 -9.990e-29
 231.504077     51.293  34.458258     7.1998     1.2470     50.859    33.8680    26.5001 -9.990e-29
 231.504080     51.272  34.458401     7.1995     1.2491     50.838    33.8684    26.5005 -9.990e-29
 231.504083     51.245  34.458229     7.1992     1.2534     50.811    33.8685    26.5007 -9.990e-29
 231.504086     51.213  34.457909     7.1990     1.2547     50.779    33.8684    26.5006 -9.990e-29
 231.504089     51.177  34.457618     7.1989     1.2556     50.744    33.8682    26.5005 -9.990e-29
 231.504091     51.138  34.457415     7.1989     1.2556     50.705    33.8680    26.5003 -9.990e-29
 231.504094     51.096  34.457328     7.1990     1.2556     50.663    33.8678    26.5001 -9.990e-29
 231.504097     51.051  34.457354     7.1992     1.2531     50.619    33.8677    26.5000 -9.990e-29
 231.504100     51.003  34.457456     7.1994     1.2488     50.571    33.8676    26.4999 -9.990e-29
 231.504103     50.953  34.457575     7.1995     1.2450     50.522    33.8677    26.5000 -9.990e-29
 231.504106     50.903  34.457615     7.1995     1.2431     50.472    33.8677    26.5000 -9.990e-29
 231.504109     50.855  34.457498     7.1996     1.2388     50.424    33.8675    26.4998 -9.990e-29
 231.504112     50.813  34.457199     7.1998     1.2331     50.383    33.8670    26.4994 -9.990e-29
 231.504115     50.781  34.456772     7.2000     1.2302     50.351    33.8664    26.4989 -9.990e-29
 231.504117     50.763  34.456315     7.2004     1.2303     50.333    33.8655    26.4981 -9.990e-29
 231.504120     50.760  34.455940     7.2007     1.2315     50.330    33.8648    26.4975 -9.990e-29
 231.504123     50.773  34.455805     7.2008     1.2325     50.343    33.8646    26.4973 -9.990e-29
 231.504126     50.802  34.455938     7.2006     1.2298     50.372    33.8649    26.4976 -9.990e-29
 231.504129     50.846  34.456097     7.2002     1.2294     50.415    33.8654    26.4981 -9.990e-29
 231.504132     50.900  34.456042     7.1997     1.2278     50.469    33.8658    26.4985 -9.990e-29
 231.504135     50.960  34.455837     7.1992     1.2269     50.528    33.8661    26.4987 -9.990e-29
 231.504138     51.022  34.455706     7.1988     1.2231     50.590    33.8663    26.4990 -9.990e-29
 231.504141     51.081  34.455812     7.1987     1.2192     50.648    33.8665    26.4991 -9.990e-29
 231.504144     51.131  34.456145     7.1987     1.2183     50.698    33.8668    26.4994 -9.990e-29
 231.504146     51.170  34.456533     7.1990     1.2173     50.737    33.8669    26.4994 -9.990e-29
 231.504149     51.197  34.456907     7.1994     1.2180     50.763    33.8669    26.4994 -9.990e-29
 231.504152     51.214  34.457321     7.1996     1.2176     50.780    33.8672    26.4995 -9.990e-29
 231.504155     51.222  34.457715     7.1997     1.2195     50.788    33.8675    26.4998 -9.990e-29
 231.504158     51.223  34.457935     7.1996     1.2225     50.789    33.8678    26.5001 -9.990e-29
 231.504161     51.220  34.457966     7.1994     1.2208     50.786    33.8681    26.5003 -9.990e-29
 231.504164     51.215  34.457890     7.1992     1.2207     50.781    33.8682    26.5004 -9.990e-29
 231.504167     51.207  34.457786     7.1991     1.2224     50.773    33.8682    26.5004 -9.990e-29
 231.504170     51.199  34.457724     7.1990     1.2245     50.765    33.8682    26.5004 -9.990e-29
 231.504172     51.188  34.457744     7.1990     1.2231     50.754    33.8682    26.5005 -9.990e-29
 231.504175     51.176  34.457854     7.1988     1.2258     50.743    33.8686    26.5008 -9.990e-29
 231.504178     51.161  34.457979     7.1986     1.2235     50.728    33.8689    26.5010 -9.990e-29
 231.504181     51.143  34.458026     7.1984     1.2277     50.710    33.8692    26.5013 -9.990e-29
 231.504184     51.123  34.457970     7.1983     1.2259     50.690    33.8692    26.5013 -9.990e-29
 231.504187     51.103  34.457848     7.1984     1.2295     50.670    33.8690    26.5011 -9.990e-29
 231.504190     51.085  34.457748     7.1986     1.2294     50.652    33.8687    26.5009 -9.990e-29
 231.504193     51.071  34.457738     7.1989     1.2286     50.638    33.8684    26.5006 -9.990e-29
 231.504196     51.061  34.457835     7.1992     1.2278     50.629    33.8682    26.5004 -9.990e-29
 231.504198     51.053  34.458045     7.1994     1.2237     50.621    33.8682    26.5004 -9.990e-29
 231.504201     51.045  34.458279     7.1995     1.2246     50.613    33.8684    26.5005 -9.990e-29
 231.504204     51.033  34.458406     7.1996     1.2172     50.601    33.8685    26.5005 -9.990e-29
 231.504207     51.014  34.458405     7.1997     1.2186     50.582    33.8684    26.5005 -9.990e-29
 231.504210     50.988  34.458305     7.1999     1.2114     50.556    33.8681    26.5002 -9.990e-29
 231.504213     50.956  34.458176     7.2002     1.2112     50.524    33.8676    26.4998 -9.990e-29
 231.504216     50.923  34.458089     7.2004     1.2123     50.492    33.8674    26.4996 -9.990e-29
 231.504219     50.895  34.458063     7.2006     1.2127     50.464    33.8672    26.4994 -9.990e-29
 231.504222     50.876  34.458045     7.2007     1.2139     50.445    33.8671    26.4993 -9.990e-29
 231.504225     50.871  34.457941     7.2008     1.2121     50.440    33.8668    26.4991 -9.990e-29
 231.504227     50.883  34.457837     7.2008     1.2120     50.452    33.8667    26.4990 -9.990e-29
 231.504230     50.912  34.457878     7.2006     1.2142     50.481    33.8670    26.4992 -9.990e-29
 231.504233     50.954  34.458014     7.2002     1.2152     50.523    33.8675    26.4997 -9.990e-29
 231.504236     51.006  34.458060     7.1996     1.2116     50.574    33.8681    26.5003 -9.990e-29
 231.504239     51.059  34.457961     7.1990     1.2131     50.627    33.8685    26.5007 -9.990e-29
 231.504242     51.108  34.457803     7.1986     1.2087     50.675    33.8687    26.5009 -9.990e-29
 231.504245     51.146  34.457651     7.1984     1.2115     50.713    33.8687    26.5010 -9.990e-29
 231.504248     51.167  34.457567     7.1985     1.2130     50.734    33.8685    26.5008 -9.990e-29
 231.504251     51.171  34.457616     7.1988     1.2079     50.738    33.8683    26.5005 -9.990e-29
 231.504253     51.159  34.457811     7.1991     1.2073     50.726    33.8682    26.5004 -9.990e-29
 231.504256     51.139  34.458057     7.1994     1.2038     50.706    33.8682    26.5004 -9.990e-29
 231.504259     51.115  34.458188     7.1996     1.2090     50.682    33.8682    26.5003 -9.990e-29
 231.504262     51.095  34.458169     7.1998     1.2027     50.662    33.8680    26.5001 -9.990e-29
 231.504265     51.083  34.458138     7.2000     1.2029     50.650    33.8677    26.4999 -9.990e-29
 231.504268     51.081  34.458194     7.1999     1.2050     50.648    33.8679    26.5001 -9.990e-29
 231.504271     51.090  34.458269     7.1997     1.2076     50.657    33.8682    26.5003 -9.990e-29
 231.504274     51.105  34.458255     7.1994     1.2127     50.672    33.8684    26.5006 -9.990e-29
 231.504277     51.123  34.458105     7.1991     1.2073     50.690    33.8686    26.5007 -9.990e-29
 231.504280     51.140  34.457869     7.1989     1.2090     50.707    33.8685    26.5007 -9.990e-29
 231.504282     51.152  34.457685     7.1988     1.2087     50.719    33.8684    26.5006 -9.990e-29
 231.504285     51.157  34.457650     7.1989     1.2094     50.724    33.8683    26.5005 -9.990e-29
 231.504288     51.155  34.457751     7.1989     1.2069     50.722    33.8684    26.5006 -9.990e-29
 231.504291     51.147  34.457882     7.1990     1.2049     50.714    33.8684    26.5006 -9.990e-29
 231.504294     51.135  34.457928     7.1992     1.2066     50.702    33.8683    26.5005 -9.990e-29
 231.504297     51.122  34.457970     7.1996     1.2063     50.689    33.8679    26.5001 -9.990e-29
 231.504300     51.109  34.458192     7.2000     1.2083     50.676    33.8678    26.5000 -9.990e-29
 231.504303     51.097  34.458531     7.2003     1.2077     50.664    33.8679    26.5000 -9.990e-29
 231.504306     51.086  34.458844     7.2005     1.2085     50.653    33.8680    26.5001 -9.990e-29
 231.504308     51.076  34.459074     7.2006     1.2097     50.643    33.8682    26.5002 -9.990e-29
 231.504311     51.066  34.459168     7.2008     1.2093     50.634    33.8681    26.5001 -9.990e-29
 231.504314     51.058  34.459149     7.2010     1.2066     50.626    33.8679    26.4999 -9.990e-29
 231.504317     51.052  34.459126     7.2011     1.2067     50.620    33.8678    26.4998 -9.990e-29
 231.504320     51.049  34.459202     7.2010     1.2067     50.617    33.8679    26.5000 -9.990e-29
 231.504323     51.047  34.459355     7.2007     1.2061     50.615    33.8684    26.5004 -9.990e-29
 231.504326     51.044  34.459359     7.2005     1.2026     50.612    33.8686    26.5005 -9.990e-29
