data/oxygen options/OCNMS/OCNMS1/raw_data/2008/SBE19plus/CTD_CA065_090508faedb.cnv
* Sea-Bird SBE19plus Data File:
* FileName = C:\2008_Mooring_Data\090508_service\CTD_CA065_090508.hex
* Software Version 1.59
* Temperature SN =  4671
* Conductivity SN =  4671
* System UpLoad Time = Sep 05 2008 10:45:59
* ds
* SeacatPlus V 1.6b  SERIAL NO. 4671    05 Sep 2008  10:45:43
# nquan = 9
# nvalues = 57                          
# units = specified
# name 0 = timeJ: Julian Days
# name 1 = prdM: Pressure, Strain Gauge [db]
# name 2 = c0mS/cm: Conductivity [mS/cm]
# name 3 = tv290C: Temperature [ITS-90, deg C]
# name 4 = sbeox0ML/L: Oxygen, SBE 43 [ml/l]
# name 5 = depSM: Depth [salt water, m], lat = 47.5
# name 6 = sal00: Salinity, Practical [PSU]
# name 7 = sigma-é00: Density [sigma-theta, kg/m^3]
# name 8 = flag: flag
# span 0 = 249.428414, 249.432073       
# span 1 =      1.000,     57.000       
# span 2 =  29.491486,  38.995445       
# span 3 =     7.3662,    12.9862       
# span 4 =     2.1200,     6.0970       
# span 5 =      0.992,     56.517       
# span 6 =    24.4893,    33.8704       
# span 7 =    18.2769,    26.4781       
# span 8 = 0.0000e+00, 0.0000e+00       
# interval = decibars: 1                
# start_time = Sep 05 2008 10:16:24 [Instrument's time stamp, header]
# bad_flag = -9.990e-29
*END*
 249.428414      1.000  29.491486    12.9862     5.4790      0.992    24.4893    18.2769 0.0000e+00
 249.428439      2.000  38.995445    12.8859     4.9561      1.983    33.1859    25.0080 0.0000e+00
 249.431085      3.000  37.920193    12.7348     6.0970      2.975    32.3369    24.3822 0.0000e+00
 249.431323      4.000  37.877229    12.6307     6.0152      3.967    32.3851    24.4396 0.0000e+00
 249.431339      5.000  37.723253    12.3902     5.9791      4.958    32.4450    24.5320 0.0000e+00
 249.431356      6.000  37.548145    12.2441     5.6745      5.950    32.4032    24.5273 0.0000e+00
 249.431372      7.000  37.510764    12.1812     5.1559      6.941    32.4213    24.5532 0.0000e+00
 249.431385      8.000  37.416642    11.9554     4.9046      7.933    32.5266    24.6771 0.0000e+00
 249.431399      9.000  37.130914    11.5188     4.8544      8.925    32.6313    24.8386 0.0000e+00
 249.431417     10.000  36.615747    10.9126     4.7475      9.916    32.6605    24.9695 0.0000e+00
 249.431439     11.000  36.252650    10.5663     4.6848     10.908    32.6079    24.9890 0.0000e+00
 249.431454     12.000  36.075094    10.3672     4.5934     11.900    32.6077    25.0228 0.0000e+00
 249.431469     13.000  35.991099    10.2800     4.5394     12.891    32.6011    25.0326 0.0000e+00
 249.431481     14.000  35.967949    10.2296     4.5603     13.883    32.6226    25.0578 0.0000e+00
 249.431492     15.000  35.928544    10.1478     4.5685     14.874    32.6561    25.0977 0.0000e+00
 249.431503     16.000  35.869279    10.0903     4.5623     15.866    32.6476    25.1007 0.0000e+00
 249.431514     17.000  35.843297    10.0689     4.5581     16.858    32.6402    25.0985 0.0000e+00
 249.431526     18.000  35.835810    10.0628     4.5284     17.849    32.6377    25.0977 0.0000e+00
 249.431540     19.000  35.835286    10.0583     4.4482     18.840    32.6408    25.1008 0.0000e+00
 249.431557     20.000  35.828782    10.0339     4.3136     19.832    32.6558    25.1166 0.0000e+00
 249.431571     21.000  35.788894     9.9483     4.1311     20.824    32.6923    25.1594 0.0000e+00
 249.431583     22.000  35.718087     9.8211     3.8024     21.815    32.7352    25.2139 0.0000e+00
 249.431594     23.000  35.586021     9.5855     3.4911     22.807    32.8147    25.3144 0.0000e+00
 249.431608     24.000  35.382092     9.2722     3.3897     23.798    32.8920    25.4252 0.0000e+00
 249.431621     25.000  35.109043     8.7886     3.3909     24.790    33.0559    25.6292 0.0000e+00
 249.431632     26.000  34.830437     8.5139     3.3798     25.781    33.0197    25.6429 0.0000e+00
 249.431643     27.000  34.765483     8.4515     3.3440     26.773    33.0093    25.6441 0.0000e+00
 249.431655     28.000  34.763197     8.4250     3.2792     27.764    33.0312    25.6653 0.0000e+00
 249.431666     29.000  34.746045     8.3829     3.1965     28.756    33.0521    25.6880 0.0000e+00
 249.431675     30.000  34.717341     8.3206     3.1357     29.748    33.0799    25.7192 0.0000e+00
 249.431686     31.000  34.672314     8.2350     3.0839     30.739    33.1123    25.7574 0.0000e+00
 249.431697     32.000  34.622694     8.1381     3.0455     31.731    33.1506    25.8018 0.0000e+00
 249.431707     33.000  34.578089     8.0650     3.0451     32.722    33.1720    25.8293 0.0000e+00
 249.431717     34.000  34.538907     7.9913     3.0524     33.713    33.1995    25.8617 0.0000e+00
 249.431727     35.000  34.492711     7.9163     3.0634     34.705    33.2209    25.8895 0.0000e+00
 249.431739     36.000  34.444977     7.8564     3.1256     35.696    33.2264    25.9025 0.0000e+00
 249.431756     37.000  34.416152     7.8106     3.2262     36.688    33.2386    25.9187 0.0000e+00
 249.431771     38.000  34.391225     7.7070     3.2048     37.679    33.3104    25.9899 0.0000e+00
 249.431785     39.000  34.360293     7.6017     3.1511     38.671    33.3775    26.0577 0.0000e+00
 249.431799     40.000  34.348331     7.5439     3.1388     39.662    33.4197    26.0991 0.0000e+00
 249.431811     41.000  34.358370     7.5273     3.1027     40.654    33.4460    26.1221 0.0000e+00
 249.431825     42.000  34.403804     7.5278     3.0357     41.645    33.4942    26.1600 0.0000e+00
 249.431840     43.000  34.438304     7.5285     2.9822     42.637    33.5304    26.1883 0.0000e+00
 249.431855     44.000  34.452574     7.5245     2.9183     43.628    33.5492    26.2037 0.0000e+00
 249.431869     45.000  34.514558     7.5337     2.6678     44.620    33.6068    26.2477 0.0000e+00
 249.431886     46.000  34.563920     7.5341     2.4065     45.611    33.6594    26.2890 0.0000e+00
 249.431899     47.000  34.603569     7.5059     2.3033     46.602    33.7292    26.3479 0.0000e+00
 249.431914     48.000  34.639193     7.4556     2.2507     47.594    33.8163    26.4236 0.0000e+00
 249.431931     49.000  34.637863     7.4086     2.2492     48.585    33.8603    26.4648 0.0000e+00
 249.431943     50.000  34.620907     7.3796     2.2473     49.577    33.8696    26.4763 0.0000e+00
 249.431955     51.000  34.614202     7.3709     2.2425     50.568    33.8704    26.4781 0.0000e+00
 249.431968     52.000  34.612269     7.3699     2.2389     51.559    33.8688    26.4770 0.0000e+00
 249.431989     53.000  34.612794     7.3713     2.2128     52.551    33.8675    26.4758 0.0000e+00
 249.432008     54.000  34.612143     7.3711     2.1793     53.542    33.8665    26.4751 0.0000e+00
 249.432022     55.000  34.611401     7.3695     2.1673     54.533    33.8668    26.4755 0.0000e+00
 249.432036     56.000  34.610282     7.3666     2.1517     55.525    33.8679    26.4769 0.0000e+00
 249.432073     57.000  34.610509     7.3662     2.1200     56.517    33.8680    26.4770 0.0000e+00
