data/oxygen options/OCNMS/OCNMS1/raw_data/2008/SBE19plus/CTD_CE015_071508faed.cnv
* Sea-Bird SBE19plus Data File:
* FileName = C:\2008_Mooring_Data\071408_sevice\CTD_CE015_071508.hex
* Software Version 1.59
* Temperature SN =  4671
* Conductivity SN =  4671
* System UpLoad Time = Jul 15 2008 14:26:25
* ds
* SeacatPlus V 1.6b  SERIAL NO. 4671    15 Jul 2008  14:26:05
# nquan = 9                                 
# nvalues = 2331                        
# units = specified
# name 0 = timeJ: Julian Days
# name 1 = prdM: Pressure, Strain Gauge [db]
# name 2 = c0mS/cm: Conductivity [mS/cm]
# name 3 = tv290C: Temperature [ITS-90, deg C]
# name 4 = sbeox0ML/L: Oxygen, SBE 43 [ml/l]
# name 5 = depSM: Depth [salt water, m], lat = 47.5
# name 6 = sal00: Salinity, Practical [PSU]
# name 7 = sigma-é00: Density [sigma-theta, kg/m^3]
# name 8 = flag: flag
# span 0 = 197.575174, 197.581916       
# span 1 =      0.019,     17.117       
# span 2 =   0.032907,  35.894198       
# span 3 =     7.2037,    10.4202       
# span 4 =     1.6485,     7.7820       
# span 5 =      0.019,     16.973       
# span 6 =     0.0235,    33.9138       
# span 7 =    -0.3175,    26.4590       
# span 8 = 0.0000e+00, 0.0000e+00       
# interval = seconds: 0.25
# start_time = Jul 15 2008 13:48:15 [Instrument's time stamp, header]
# bad_flag = -9.990e-29
*END*
[from data line 1761]
 197.580269      5.067  34.996692     7.9551     2.6618      5.025    33.7375    26.2890 -9.990e-29
 197.580272      5.060  34.992758     7.9540     2.6554      5.018    33.7343    26.2867 -9.990e-29
 197.580275      5.045  34.989439     7.9560     2.6413      5.003    33.7288    26.2821 -9.990e-29
 197.580278      5.023  34.987874     7.9616     2.6340      4.981    33.7218    26.2757 -9.990e-29
 197.580281      4.994  34.989053     7.9701     2.6193      4.952    33.7148    26.2690 -9.990e-29
 197.580284      4.963  34.993733     7.9801     2.6081      4.922    33.7102    26.2639 -9.990e-29
 197.580286      4.932  35.001653     7.9896     2.6004      4.891    33.7095    26.2620 -9.990e-29
 197.580289      4.906  35.011203     7.9972     2.5976      4.865    33.7124    26.2632 -9.990e-29
 197.580292      4.889  35.020419     8.0018     2.5924      4.848    33.7179    26.2667 -9.990e-29
 197.580295      4.883  35.027650     8.0030     2.5981      4.842    33.7245    26.2717 -9.990e-29
 197.580298      4.887  35.031926     8.0015     2.6092      4.846    33.7305    26.2767 -9.990e-29
 197.580301      4.901  35.032733     7.9980     2.6219      4.860    33.7347    26.2805 -9.990e-29
 197.580304      4.923  35.030696     7.9926     2.6346      4.882    33.7377    26.2837 -9.990e-29
 197.580307      4.949  35.027288     7.9854     2.6484      4.908    33.7410    26.2873 -9.990e-29
 197.580310      4.976  35.022841     7.9766     2.6571      4.934    33.7447    26.2916 -9.990e-29
 197.580312      5.002  35.016860     7.9673     2.6665      4.960    33.7473    26.2949 -9.990e-29
 197.580315      5.025  35.009060     7.9588     2.6710      4.983    33.7472    26.2961 -9.990e-29
 197.580318      5.042  35.000248     7.9515     2.6674      5.000    33.7448    26.2952 -9.990e-29
 197.580321      5.054  34.992198     7.9461     2.6624      5.012    33.7413    26.2934 -9.990e-29
 197.580324      5.059  34.985810     7.9433     2.6565      5.017    33.7372    26.2905 -9.990e-29
 197.580327      5.056  34.980977     7.9442     2.6482      5.014    33.7312    26.2856 -9.990e-29
 197.580330      5.045  34.978157     7.9492     2.6406      5.003    33.7233    26.2787 -9.990e-29
 197.580333      5.027  34.978471     7.9579     2.6329      4.985    33.7153    26.2711 -9.990e-29
 197.580336      5.004  34.982693     7.9687     2.6309      4.962    33.7094    26.2649 -9.990e-29
 197.580339      4.981  34.990763     7.9793     2.6287      4.939    33.7078    26.2621 -9.990e-29
 197.580341      4.960  35.001191     7.9881     2.6347      4.919    33.7105    26.2630 -9.990e-29
 197.580344      4.947  35.011500     7.9942     2.6355      4.906    33.7156    26.2661 -9.990e-29
 197.580347      4.943  35.019749     7.9973     2.6413      4.902    33.7215    26.2702 -9.990e-29
 197.580350      4.947  35.025099     7.9976     2.6421      4.906    33.7269    26.2745 -9.990e-29
 197.580353      4.958  35.027498     7.9956     2.6479      4.917    33.7314    26.2783 -9.990e-29
 197.580356      4.972  35.027348     7.9914     2.6494      4.930    33.7353    26.2819 -9.990e-29
 197.580359      4.986  35.025398     7.9849     2.6503      4.944    33.7395    26.2862 -9.990e-29
 197.580362      4.999  35.021957     7.9772     2.6494      4.957    33.7432    26.2903 -9.990e-29
 197.580365      5.007  35.016427     7.9702     2.6488      4.965    33.7440    26.2919 -9.990e-29
 197.580367      5.011  35.008969     7.9658     2.6480      4.969    33.7403    26.2897 -9.990e-29
 197.580370      5.010  35.001615     7.9646     2.6465      4.968    33.7336    26.2846 -9.990e-29
 197.580373      5.006  34.996951     7.9661     2.6466      4.964    33.7271    26.2793 -9.990e-29
 197.580376      4.998  34.996089     7.9692     2.6464      4.956    33.7232    26.2757 -9.990e-29
 197.580379      4.990  34.998186     7.9725     2.6464      4.948    33.7223    26.2745 -9.990e-29
 197.580382      4.982  35.001810     7.9751     2.6470      4.940    33.7237    26.2752 -9.990e-29
 197.580385      4.974  35.005540     7.9765     2.6491      4.932    33.7263    26.2771 -9.990e-29
 197.580388      4.969  35.008203     7.9771     2.6525      4.927    33.7286    26.2788 -9.990e-29
 197.580391      4.965  35.009529     7.9772     2.6516      4.924    33.7299    26.2798 -9.990e-29
 197.580394      4.965  35.009832     7.9770     2.6512      4.924    33.7304    26.2803 -9.990e-29
 197.580396      4.966  35.009660     7.9763     2.6495      4.924    33.7309    26.2807 -9.990e-29
 197.580399      4.969  35.009408     7.9752     2.6483      4.927    33.7317    26.2815 -9.990e-29
 197.580402      4.973  35.008828     7.9740     2.6422      4.931    33.7323    26.2821 -9.990e-29
 197.580405      4.977  35.007730     7.9729     2.6483      4.935    33.7321    26.2822 -9.990e-29
 197.580408      4.981  35.006493     7.9721     2.6468      4.939    33.7316    26.2819 -9.990e-29
 197.580411      4.985  35.005504     7.9719     2.6518      4.943    33.7307    26.2812 -9.990e-29
 197.580414      4.991  35.004898     7.9722     2.6633      4.949    33.7298    26.2804 -9.990e-29
 197.580417      4.999  35.004774     7.9729     2.6704      4.957    33.7290    26.2797 -9.990e-29
 197.580420      5.008  35.005150     7.9737     2.6804      4.966    33.7286    26.2793 -9.990e-29
 197.580422      5.019  35.005891     7.9742     2.6862      4.977    33.7289    26.2795 -9.990e-29
 197.580425      5.030  35.006762     7.9743     2.6925      4.988    33.7297    26.2801 -9.990e-29
 197.580428      5.041  35.007476     7.9736     2.6921      4.999    33.7312    26.2813 -9.990e-29
 197.580431      5.051  35.007751     7.9724     2.6963      5.009    33.7326    26.2826 -9.990e-29
 197.580434      5.057  35.007296     7.9714     2.6945      5.015    33.7331    26.2832 -9.990e-29
 197.580437      5.056  35.006022     7.9714     2.6923      5.014    33.7317    26.2821 -9.990e-29
 197.580440      5.048  35.004526     7.9733     2.6868      5.006    33.7283    26.2791 -9.990e-29
 197.580443      5.033  35.003916     7.9770     2.6821      4.991    33.7241    26.2753 -9.990e-29
 197.580446      5.014  35.005078     7.9822     2.6806      4.972    33.7203    26.2715 -9.990e-29
 197.580448      4.991  35.008245     7.9881     2.6783      4.949    33.7180    26.2689 -9.990e-29
 197.580451      4.969  35.012949     7.9943     2.6811      4.927    33.7171    26.2672 -9.990e-29
 197.580454      4.947  35.018410     8.0000     2.6786      4.906    33.7174    26.2667 -9.990e-29
 197.580457      4.928  35.023944     8.0047     2.6800      4.887    33.7188    26.2671 -9.990e-29
 197.580460      4.914  35.029069     8.0081     2.6777      4.873    33.7210    26.2683 -9.990e-29
 197.580463      4.908  35.033326     8.0102     2.6793      4.867    33.7236    26.2700 -9.990e-29
 197.580466      4.910  35.036244     8.0116     2.6737      4.869    33.7253    26.2712 -9.990e-29
 197.580469      4.922  35.037855     8.0124     2.6684      4.881    33.7263    26.2718 -9.990e-29
 197.580472      4.940  35.038734     8.0127     2.6649      4.899    33.7269    26.2722 -9.990e-29
 197.580475      4.961  35.039447     8.0123     2.6648      4.920    33.7281    26.2732 -9.990e-29
 197.580477      4.981  35.039969     8.0111     2.6670      4.939    33.7298    26.2747 -9.990e-29
 197.580480      4.998  35.039780     8.0096     2.6727      4.956    33.7310    26.2759 -9.990e-29
 197.580483      5.009  35.038670     8.0082     2.6776      4.967    33.7312    26.2762 -9.990e-29
 197.580486      5.017  35.037051     8.0069     2.6803      4.975    33.7307    26.2761 -9.990e-29
 197.580489      5.023  35.035552     8.0057     2.6863      4.981    33.7302    26.2759 -9.990e-29
 197.580492      5.028  35.034500     8.0045     2.6879      4.986    33.7303    26.2761 -9.990e-29
 197.580495      5.034  35.033704     8.0025     2.6855      4.992    33.7314    26.2772 -9.990e-29
 197.580498      5.039  35.032839     7.9988     2.6855      4.997    33.7340    26.2798 -9.990e-29
 197.580501      5.044  35.031631     7.9928     2.6843      5.002    33.7385    26.2842 -9.990e-29
 197.580503      5.045  35.029233     7.9860     2.6816      5.003    33.7425    26.2884 -9.990e-29
 197.580506      5.039  35.024196     7.9819     2.6814      4.997    33.7411    26.2879 -9.990e-29
 197.580509      5.026  35.016604     7.9830     2.6834      4.984    33.7319    26.2805 -9.990e-29
 197.580512      5.005  35.010235     7.9881     2.6887      4.963    33.7201    26.2705 -9.990e-29
 197.580515      4.980  35.010170     7.9945     2.6929      4.938    33.7139    26.2647 -9.990e-29
 197.580518      4.957  35.016472     8.0000     2.6951      4.916    33.7154    26.2650 -9.990e-29
 197.580521      4.940  35.024193     8.0034     2.6948      4.899    33.7204    26.2684 -9.990e-29
 197.580524      4.932  35.030027     8.0046     2.6902      4.891    33.7254    26.2723 -9.990e-29
 197.580527      4.933  35.033399     8.0041     2.6833      4.892    33.7295    26.2755 -9.990e-29
 197.580530      4.940  35.034327     8.0025     2.6703      4.899    33.7321    26.2778 -9.990e-29
 197.580532      4.949  35.033437     8.0006     2.6562      4.908    33.7329    26.2787 -9.990e-29
 197.580535      4.955  35.031510     7.9993     2.6436      4.914    33.7321    26.2783 -9.990e-29
 197.580538      4.954  35.029225     7.9995     2.6302      4.913    33.7295    26.2762 -9.990e-29
 197.580541      4.943  35.027461     8.0012     2.6258      4.902    33.7260    26.2732 -9.990e-29
 197.580544      4.923  35.027303     8.0039     2.6238      4.882    33.7232    26.2706 -9.990e-29
 197.580547      4.899  35.029091     8.0069     2.6246      4.858    33.7222    26.2694 -9.990e-29
 197.580550      4.875  35.031876     8.0092     2.6321      4.834    33.7230    26.2697 -9.990e-29
 197.580553      4.858  35.034768     8.0099     2.6396      4.817    33.7254    26.2715 -9.990e-29
 197.580556      4.853  35.037246     8.0081     2.6523      4.812    33.7298    26.2752 -9.990e-29
 197.580558      4.861  35.038482     8.0032     2.6604      4.820    33.7359    26.2807 -9.990e-29
 197.580561      4.881  35.037475     7.9947     2.6710      4.840    33.7430    26.2875 -9.990e-29
 197.580564      4.909  35.033552     7.9825     2.6790      4.868    33.7506    26.2952 -9.990e-29
 197.580567      4.940  35.026591     7.9682     2.6871      4.899    33.7569    26.3023 -9.990e-29
 197.580570      4.968  35.016140     7.9552     2.6927      4.926    33.7582    26.3053 -9.990e-29
 197.580573      4.989  35.002405     7.9461     2.6911      4.947    33.7523    26.3020 -9.990e-29
 197.580576      5.003  34.988939     7.9421     2.6918      4.961    33.7417    26.2943 -9.990e-29
 197.580579      5.008  34.979962     7.9431     2.6881      4.966    33.7312    26.2858 -9.990e-29
 197.580582      5.007  34.976533     7.9483     2.6833      4.965    33.7225    26.2782 -9.990e-29
 197.580584      4.998  34.977970     7.9564     2.6807      4.956    33.7162    26.2721 -9.990e-29
 197.580587      4.985  34.983239     7.9657     2.6728      4.943    33.7129    26.2681 -9.990e-29
 197.580590      4.967  34.991071     7.9744     2.6639      4.925    33.7129    26.2668 -9.990e-29
 197.580593      4.945  35.000003     7.9818     2.6587      4.904    33.7153    26.2677 -9.990e-29
 197.580596      4.924  35.008346     7.9876     2.6508      4.883    33.7186    26.2694 -9.990e-29
 197.580599      4.904  35.014910     7.9923     2.6429      4.863    33.7211    26.2707 -9.990e-29
 197.580602      4.889  35.019572     7.9963     2.6368      4.848    33.7223    26.2710 -9.990e-29
 197.580605      4.881  35.023049     7.9992     2.6335      4.840    33.7232    26.2713 -9.990e-29
 197.580608      4.878  35.026252     8.0000     2.6259      4.837    33.7259    26.2733 -9.990e-29
 197.580611      4.880  35.029180     7.9986     2.6254      4.839    33.7303    26.2770 -9.990e-29
 197.580613      4.884  35.030403     7.9951     2.6210      4.843    33.7350    26.2812 -9.990e-29
 197.580616      4.888  35.029100     7.9900     2.6207      4.847    33.7386    26.2847 -9.990e-29
 197.580619      4.893  35.026033     7.9837     2.6242      4.852    33.7414    26.2878 -9.990e-29
 197.580622      4.898  35.021651     7.9767     2.6233      4.857    33.7434    26.2905 -9.990e-29
 197.580625      4.906  35.016071     7.9693     2.6251      4.865    33.7446    26.2925 -9.990e-29
 197.580628      4.916  35.009861     7.9621     2.6286      4.875    33.7449    26.2938 -9.990e-29
 197.580631      4.928  35.003484     7.9552     2.6325      4.887    33.7447    26.2947 -9.990e-29
 197.580634      4.940  34.997216     7.9490     2.6343      4.899    33.7440    26.2950 -9.990e-29
 197.580637      4.952  34.991278     7.9432     2.6375      4.911    33.7432    26.2952 -9.990e-29
 197.580639      4.961  34.986025     7.9378     2.6407      4.920    33.7428    26.2957 -9.990e-29
 197.580642      4.968  34.981419     7.9330     2.6445      4.926    33.7425    26.2962 -9.990e-29
 197.580645      4.972  34.976909     7.9293     2.6498      4.930    33.7412    26.2957 -9.990e-29
 197.580648      4.973  34.972563     7.9270     2.6528      4.931    33.7388    26.2942 -9.990e-29
 197.580651      4.972  34.969049     7.9261     2.6587      4.930    33.7359    26.2920 -9.990e-29
 197.580654      4.970  34.966993     7.9262     2.6606      4.928    33.7336    26.2902 -9.990e-29
 197.580657      4.967  34.966399     7.9271     2.6614      4.925    33.7321    26.2889 -9.990e-29
 197.580660      4.963  34.966756     7.9285     2.6604      4.922    33.7311    26.2879 -9.990e-29
 197.580663      4.960  34.967740     7.9302     2.6536      4.919    33.7305    26.2872 -9.990e-29
 197.580666      4.958  34.969085     7.9324     2.6510      4.917    33.7299    26.2863 -9.990e-29
 197.580668      4.958  34.970573     7.9351     2.6492      4.917    33.7288    26.2852 -9.990e-29
 197.580671      4.959  34.972335     7.9383     2.6525      4.918    33.7276    26.2837 -9.990e-29
 197.580674      4.961  34.974580     7.9420     2.6503      4.920    33.7265    26.2823 -9.990e-29
 197.580677      4.962  34.977295     7.9461     2.6558      4.921    33.7254    26.2809 -9.990e-29
 197.580680      4.962  34.980376     7.9504     2.6592      4.921    33.7246    26.2796 -9.990e-29
 197.580683      4.962  34.983906     7.9540     2.6620      4.921    33.7249    26.2793 -9.990e-29
 197.580686      4.965  34.987741     7.9568     2.6626      4.924    33.7263    26.2800 -9.990e-29
 197.580689      4.971  34.991054     7.9588     2.6606      4.929    33.7279    26.2809 -9.990e-29
 197.580692      4.980  34.993272     7.9596     2.6609      4.938    33.7295    26.2821 -9.990e-29
 197.580694      4.992  34.994827     7.9589     2.6573      4.950    33.7318    26.2840 -9.990e-29
 197.580697      5.004  34.995961     7.9569     2.6570      4.962    33.7350    26.2868 -9.990e-29
 197.580700      5.013  34.995660     7.9550     2.6570      4.971    33.7365    26.2882 -9.990e-29
 197.580703      5.016  34.993482     7.9545     2.6600      4.974    33.7346    26.2869 -9.990e-29
 197.580706      5.013  34.990901     7.9559     2.6620      4.971    33.7305    26.2834 -9.990e-29
 197.580709      5.005  34.989793     7.9585     2.6644      4.963    33.7268    26.2801 -9.990e-29
 197.580712      4.994  34.991041     7.9612     2.6683      4.952    33.7256    26.2787 -9.990e-29
 197.580715      4.983  34.994002     7.9629     2.6660      4.941    33.7271    26.2797 -9.990e-29
 197.580718      4.973  34.997122     7.9632     2.6642      4.931    33.7301    26.2821 -9.990e-29
 197.580720      4.966  34.999261     7.9621     2.6631      4.924    33.7335    26.2849 -9.990e-29
 197.580723      4.961  34.999867     7.9608     2.6574      4.920    33.7354    26.2865 -9.990e-29
 197.580726      4.956  34.998760     7.9603     2.6550      4.915    33.7347    26.2861 -9.990e-29
