data/oxygen options/OCNMS/OCNMS1/raw_data/2008/SBE19plus/CTD_TH042_090508faed.cnv
* Sea-Bird SBE19plus Data File:
* FileName = C:\2008_Mooring_Data\090508_service\CTD_TH042_090508.hex
* Software Version 1.59
* Temperature SN =  4671
* Conductivity SN =  4671
* System UpLoad Time = Sep 05 2008 17:12:47
* ds
* SeacatPlus V 1.6b  SERIAL NO. 4671    05 Sep 2008  17:12:29
# nquan = 9                                 
# nvalues = 4647                        
# units = specified
# name 0 = timeJ: Julian Days
# name 1 = prdM: Pressure, Strain Gauge [db]
# name 2 = c0mS/cm: Conductivity [mS/cm]
# name 3 = tv290C: Temperature [ITS-90, deg C]
# name 4 = sbeox0ML/L: Oxygen, SBE 43 [ml/l]
# name 5 = depSM: Depth [salt water, m], lat = 47.5
# name 6 = sal00: Salinity, Practical [PSU]
# name 7 = sigma-é00: Density [sigma-theta, kg/m^3]
# name 8 = flag: flag
# span 0 = 249.695590, 249.709034       
# span 1 =      0.039,     39.164       
# span 2 =   0.067024,  37.751663       
# span 3 =     7.3763,    13.4426       
# span 4 =     2.2553,     7.0601       
# span 5 =      0.039,     38.833       
# span 6 =     0.0428,    33.7705       
# span 7 =    -0.6451,    26.3985       
# span 8 = 0.0000e+00, 0.0000e+00       
# interval = seconds: 0.25
# start_time = Sep 05 2008 16:41:39 [Instrument's time stamp, header]
# bad_flag = -9.990e-29
*END*
[from data line 3201]
 249.704852     20.508  34.620329     8.0091     2.6785     20.336    33.2759    25.9189 -9.990e-29
 249.704855     20.478  34.620256     8.0128     2.6836     20.306    33.2723    25.9155 -9.990e-29
 249.704858     20.453  34.621378     8.0167     2.6896     20.281    33.2698    25.9130 -9.990e-29
 249.704861     20.442  34.623202     8.0198     2.6929     20.270    33.2688    25.9118 -9.990e-29
 249.704864     20.448  34.625215     8.0212     2.7027     20.276    33.2696    25.9122 -9.990e-29
 249.704867     20.471  34.626978     8.0200     2.7072     20.299    33.2726    25.9147 -9.990e-29
 249.704870     20.505  34.628025     8.0160     2.7095     20.333    33.2775    25.9192 -9.990e-29
 249.704873     20.543  34.627919     8.0097     2.7126     20.371    33.2834    25.9247 -9.990e-29
 249.704876     20.577  34.626416     8.0026     2.7137     20.404    33.2885    25.9298 -9.990e-29
 249.704878     20.599  34.623570     7.9974     2.7136     20.426    33.2904    25.9320 -9.990e-29
 249.704881     20.604  34.620163     7.9961     2.7087     20.431    33.2880    25.9303 -9.990e-29
 249.704884     20.591  34.617593     7.9994     2.7028     20.418    33.2822    25.9252 -9.990e-29
 249.704887     20.562  34.616889     8.0062     2.6923     20.389    33.2749    25.9186 -9.990e-29
 249.704890     20.523  34.618294     8.0146     2.6794     20.351    33.2685    25.9123 -9.990e-29
 249.704893     20.479  34.621311     8.0232     2.6665     20.307    33.2635    25.9071 -9.990e-29
 249.704896     20.437  34.625074     8.0306     2.6503     20.265    33.2605    25.9037 -9.990e-29
 249.704899     20.400  34.628835     8.0362     2.6366     20.229    33.2592    25.9018 -9.990e-29
 249.704902     20.371  34.632056     8.0400     2.6247     20.200    33.2591    25.9012 -9.990e-29
 249.704905     20.353  34.634466     8.0420     2.6188     20.182    33.2598    25.9014 -9.990e-29
 249.704907     20.346  34.636054     8.0425     2.6170     20.175    33.2610    25.9023 -9.990e-29
 249.704910     20.351  34.636957     8.0417     2.6257     20.180    33.2627    25.9038 -9.990e-29
 249.704913     20.368  34.637264     8.0399     2.6344     20.197    33.2647    25.9056 -9.990e-29
 249.704916     20.398  34.637019     8.0369     2.6464     20.227    33.2673    25.9081 -9.990e-29
 249.704919     20.443  34.636415     8.0316     2.6649     20.271    33.2717    25.9123 -9.990e-29
 249.704922     20.501  34.635529     8.0231     2.6774     20.329    33.2788    25.9191 -9.990e-29
 249.704925     20.569  34.633975     8.0107     2.6918     20.396    33.2889    25.9289 -9.990e-29
 249.704928     20.641  34.631049     7.9953     2.7044     20.468    33.3004    25.9401 -9.990e-29
 249.704931     20.710  34.626232     7.9793     2.7134     20.536    33.3105    25.9504 -9.990e-29
 249.704933     20.768  34.619867     7.9656     2.7189     20.594    33.3167    25.9573 -9.990e-29
 249.704936     20.807  34.613169     7.9566     2.7219     20.632    33.3181    25.9597 -9.990e-29
 249.704939     20.819  34.607545     7.9539     2.7263     20.644    33.3146    25.9574 -9.990e-29
 249.704942     20.804  34.604039     7.9578     2.7336     20.629    33.3072    25.9510 -9.990e-29
 249.704945     20.761  34.603001     7.9674     2.7318     20.587    33.2970    25.9415 -9.990e-29
 249.704948     20.695  34.604385     7.9809     2.7294     20.521    33.2856    25.9306 -9.990e-29
 249.704951     20.613  34.607877     7.9961     2.7265     20.440    33.2749    25.9200 -9.990e-29
 249.704954     20.521  34.612937     8.0105     2.7342     20.349    33.2667    25.9114 -9.990e-29
 249.704957     20.426  34.618942     8.0224     2.7320     20.255    33.2618    25.9059 -9.990e-29
 249.704959     20.334  34.624818     8.0314     2.7297     20.163    33.2596    25.9028 -9.990e-29
 249.704962     20.254  34.629564     8.0377     2.7252     20.084    33.2587    25.9012 0.0000e+00
 249.704965     20.188  34.633001     8.0419     2.7144     20.019    33.2584    25.9003 -9.990e-29
 249.704968     20.141  34.635357     8.0450     2.7076     19.972    33.2580    25.8995 -9.990e-29
 249.704971     20.112  34.636822     8.0485     2.6971     19.943    33.2562    25.8977 -9.990e-29
 249.704974     20.099  34.637701     8.0534     2.6800     19.930    33.2525    25.8940 -9.990e-29
 249.704977     20.099  34.638645     8.0592     2.6621     19.930    33.2480    25.8896 -9.990e-29
 249.704980     20.109  34.640477     8.0646     2.6530     19.940    33.2448    25.8863 -9.990e-29
 249.704983     20.124  34.643181     8.0690     2.6464     19.955    33.2435    25.8847 -9.990e-29
 249.704986     20.146  34.645808     8.0719     2.6435     19.977    33.2436    25.8843 -9.990e-29
 249.704988     20.173  34.647797     8.0733     2.6481     20.004    33.2443    25.8847 -9.990e-29
 249.704991     20.208  34.649114     8.0730     2.6571     20.038    33.2460    25.8860 -9.990e-29
 249.704994     20.253  34.649801     8.0708     2.6682     20.083    33.2488    25.8886 -9.990e-29
 249.704997     20.307  34.649900     8.0658     2.6846     20.137    33.2536    25.8931 -9.990e-29
 249.705000     20.370  34.649291     8.0573     2.6978     20.199    33.2610    25.9001 -9.990e-29
 249.705003     20.438  34.647687     8.0454     2.7089     20.266    33.2706    25.9094 -9.990e-29
 249.705006     20.505  34.644662     8.0308     2.7207     20.333    33.2812    25.9199 -9.990e-29
 249.705009     20.567  34.639930     8.0155     2.7249     20.394    33.2907    25.9296 -9.990e-29
 249.705012     20.620  34.633719     8.0017     2.7322     20.447    33.2972    25.9367 -9.990e-29
 249.705014     20.659  34.626969     7.9916     2.7260     20.486    33.2996    25.9400 -9.990e-29
 249.705017     20.684  34.621036     7.9865     2.7313     20.510    33.2981    25.9396 -9.990e-29
 249.705020     20.695  34.616861     7.9865     2.7275     20.521    33.2936    25.9361 -9.990e-29
 249.705023     20.693  34.614808     7.9909     2.7262     20.519    33.2872    25.9304 -9.990e-29
 249.705026     20.679  34.614958     7.9983     2.7273     20.505    33.2803    25.9240 -9.990e-29
 249.705029     20.652  34.616941     8.0079     2.7232     20.479    33.2733    25.9171 -9.990e-29
 249.705032     20.611  34.620093     8.0187     2.7221     20.438    33.2665    25.9101 -9.990e-29
 249.705035     20.558  34.623973     8.0296     2.7176     20.385    33.2603    25.9036 -9.990e-29
 249.705038     20.494  34.628422     8.0394     2.7186     20.322    33.2557    25.8986 -9.990e-29
 249.705041     20.425  34.632997     8.0475     2.7150     20.254    33.2529    25.8952 -9.990e-29
 249.705043     20.357  34.637094     8.0532     2.7124     20.186    33.2519    25.8936 -9.990e-29
 249.705046     20.298  34.640563     8.0567     2.7103     20.128    33.2523    25.8934 -9.990e-29
 249.705049     20.252  34.643088     8.0586     2.7091     20.082    33.2532    25.8938 -9.990e-29
 249.705052     20.222  34.644414     8.0598     2.7085     20.052    33.2535    25.8939 -9.990e-29
 249.705055     20.209  34.644943     8.0609     2.7110     20.039    33.2530    25.8934 -9.990e-29
 249.705058     20.209  34.645166     8.0626     2.7144     20.039    33.2517    25.8920 -9.990e-29
 249.705061     20.221  34.645386     8.0651     2.7165     20.051    33.2495    25.8900 -9.990e-29
 249.705064     20.241  34.645889     8.0679     2.7211     20.071    33.2474    25.8879 -9.990e-29
 249.705067     20.266  34.646925     8.0702     2.7255     20.096    33.2463    25.8867 -9.990e-29
 249.705069     20.296  34.648323     8.0712     2.7269     20.126    33.2468    25.8870 -9.990e-29
 249.705072     20.330  34.649557     8.0703     2.7294     20.159    33.2490    25.8888 -9.990e-29
 249.705075     20.368  34.650193     8.0674     2.7292     20.197    33.2524    25.8919 -9.990e-29
 249.705078     20.407  34.650011     8.0627     2.7266     20.236    33.2566    25.8959 -9.990e-29
 249.705081     20.444  34.648915     8.0569     2.7282     20.272    33.2610    25.9002 -9.990e-29
 249.705084     20.475  34.646955     8.0514     2.7309     20.303    33.2641    25.9034 -9.990e-29
 249.705087     20.495  34.644374     8.0478     2.7290     20.323    33.2648    25.9045 -9.990e-29
 249.705090     20.503  34.641639     8.0473     2.7303     20.331    33.2623    25.9026 -9.990e-29
 249.705093     20.499  34.639474     8.0504     2.7317     20.327    33.2571    25.8980 -9.990e-29
 249.705095     20.486  34.638798     8.0563     2.7357     20.314    33.2507    25.8922 -9.990e-29
 249.705098     20.468  34.640218     8.0631     2.7366     20.296    33.2458    25.8873 -9.990e-29
 249.705101     20.449  34.643309     8.0690     2.7382     20.277    33.2435    25.8847 -9.990e-29
 249.705104     20.434  34.646920     8.0730     2.7375     20.262    33.2436    25.8841 -9.990e-29
 249.705107     20.424  34.650036     8.0750     2.7324     20.253    33.2450    25.8850 -9.990e-29
 249.705110     20.417  34.652047     8.0754     2.7282     20.246    33.2467    25.8863 -9.990e-29
 249.705113     20.408  34.652863     8.0749     2.7190     20.237    33.2481    25.8874 -9.990e-29
 249.705116     20.394  34.652939     8.0745     2.7116     20.223    33.2486    25.8878 -9.990e-29
 249.705119     20.375  34.652643     8.0756     2.7054     20.204    33.2472    25.8866 -9.990e-29
 249.705122     20.349  34.652223     8.0785     2.7033     20.178    33.2440    25.8837 -9.990e-29
 249.705124     20.320  34.652415     8.0824     2.7002     20.149    33.2405    25.8804 -9.990e-29
 249.705127     20.291  34.653792     8.0862     2.7024     20.121    33.2384    25.8782 -9.990e-29
 249.705130     20.270  34.655961     8.0891     2.7089     20.100    33.2380    25.8774 -9.990e-29
 249.705133     20.262  34.658045     8.0908     2.7168     20.092    33.2386    25.8776 -9.990e-29
 249.705136     20.271  34.659517     8.0909     2.7247     20.101    33.2401    25.8788 -9.990e-29
 249.705139     20.299  34.660291     8.0891     2.7317     20.129    33.2426    25.8810 -9.990e-29
 249.705142     20.343  34.660356     8.0849     2.7329     20.172    33.2466    25.8848 -9.990e-29
 249.705145     20.400  34.659576     8.0780     2.7337     20.229    33.2523    25.8903 -9.990e-29
 249.705148     20.463  34.657813     8.0680     2.7344     20.291    33.2599    25.8977 -9.990e-29
 249.705150     20.525  34.654921     8.0556     2.7352     20.353    33.2686    25.9063 -9.990e-29
 249.705153     20.578  34.650629     8.0433     2.7347     20.405    33.2757    25.9137 -9.990e-29
 249.705156     20.615  34.644962     8.0344     2.7364     20.442    33.2781    25.9169 -9.990e-29
 249.705159     20.630  34.638800     8.0319     2.7361     20.457    33.2739    25.9139 -9.990e-29
 249.705162     20.623  34.633890     8.0365     2.7377     20.450    33.2642    25.9057 -9.990e-29
 249.705165     20.596  34.632118     8.0461     2.7364     20.423    33.2532    25.8957 -9.990e-29
 249.705168     20.554  34.634275     8.0579     2.7293     20.381    33.2444    25.8870 -9.990e-29
 249.705171     20.504  34.639255     8.0696     2.7255     20.332    33.2386    25.8807 -9.990e-29
 249.705174     20.453  34.645080     8.0797     2.7198     20.281    33.2352    25.8766 -9.990e-29
 249.705177     20.403  34.650586     8.0873     2.7123     20.232    33.2339    25.8744 -9.990e-29
 249.705179     20.358  34.655262     8.0925     2.7110     20.187    33.2340    25.8737 -9.990e-29
 249.705182     20.316  34.658719     8.0955     2.7153     20.145    33.2348    25.8740 -9.990e-29
 249.705185     20.280  34.660894     8.0971     2.7169     20.110    33.2356    25.8744 -9.990e-29
 249.705188     20.252  34.662054     8.0977     2.7239     20.082    33.2363    25.8748 -9.990e-29
 249.705191     20.234  34.662583     8.0976     2.7297     20.064    33.2370    25.8754 -9.990e-29
 249.705194     20.229  34.662775     8.0969     2.7382     20.059    33.2379    25.8761 -9.990e-29
 249.705197     20.240  34.662743     8.0957     2.7458     20.070    33.2390    25.8772 -9.990e-29
 249.705200     20.268  34.662489     8.0935     2.7532     20.098    33.2408    25.8789 -9.990e-29
 249.705203     20.309  34.661995     8.0897     2.7558     20.139    33.2438    25.8819 -9.990e-29
 249.705205     20.359  34.661191     8.0834     2.7562     20.188    33.2489    25.8868 -9.990e-29
 249.705208     20.410  34.659745     8.0748     2.7592     20.239    33.2555    25.8933 -9.990e-29
 249.705211     20.456  34.657117     8.0651     2.7580     20.284    33.2619    25.8997 -9.990e-29
 249.705214     20.490  34.653123     8.0569     2.7554     20.318    33.2654    25.9037 -9.990e-29
 249.705217     20.506  34.648206     8.0528     2.7491     20.334    33.2641    25.9032 -9.990e-29
 249.705220     20.503  34.643407     8.0544     2.7473     20.331    33.2574    25.8978 -9.990e-29
 249.705223     20.480  34.640415     8.0618     2.7385     20.308    33.2472    25.8887 -9.990e-29
 249.705226     20.442  34.640705     8.0731     2.7319     20.270    33.2368    25.8788 -9.990e-29
 249.705229     20.394  34.644446     8.0858     2.7266     20.223    33.2288    25.8707 -9.990e-29
 249.705231     20.346  34.650509     8.0973     2.7188     20.175    33.2244    25.8655 -9.990e-29
 249.705234     20.303  34.657331     8.1057     2.7145     20.133    33.2237    25.8637 -9.990e-29
 249.705237     20.273  34.663465     8.1101     2.7110     20.103    33.2261    25.8649 -9.990e-29
 249.705240     20.257  34.667766     8.1111     2.7138     20.087    33.2297    25.8676 -9.990e-29
 249.705243     20.257  34.669819     8.1094     2.7156     20.087    33.2335    25.8709 -9.990e-29
 249.705246     20.270  34.669937     8.1059     2.7220     20.100    33.2369    25.8741 -9.990e-29
 249.705249     20.295  34.668739     8.1011     2.7273     20.125    33.2402    25.8774 -9.990e-29
 249.705252     20.327  34.666789     8.0953     2.7338     20.156    33.2436    25.8809 -9.990e-29
 249.705255     20.362  34.664397     8.0887     2.7446     20.191    33.2473    25.8848 -9.990e-29
 249.705258     20.399  34.661624     8.0820     2.7482     20.228    33.2507    25.8884 -9.990e-29
 249.705260     20.433  34.658538     8.0758     2.7532     20.261    33.2533    25.8913 -9.990e-29
 249.705263     20.464  34.655402     8.0704     2.7548     20.292    33.2551    25.8935 -9.990e-29
 249.705266     20.491  34.652606     8.0658     2.7564     20.319    33.2564    25.8953 -9.990e-29
 249.705269     20.512  34.650351     8.0622     2.7521     20.340    33.2574    25.8966 -9.990e-29
 249.705272     20.528  34.648523     8.0596     2.7520     20.356    33.2579    25.8974 -9.990e-29
 249.705275     20.538  34.647037     8.0586     2.7451     20.366    33.2573    25.8970 -9.990e-29
 249.705278     20.541  34.645975     8.0594     2.7358     20.369    33.2554    25.8954 -9.990e-29
 249.705281     20.536  34.645464     8.0628     2.7348     20.364    33.2516    25.8920 -9.990e-29
 249.705284     20.522  34.645679     8.0687     2.7292     20.350    33.2463    25.8869 -9.990e-29
 249.705286     20.501  34.646947     8.0763     2.7254     20.329    33.2404    25.8812 -9.990e-29
 249.705289     20.474  34.649598     8.0845     2.7234     20.302    33.2355    25.8761 -9.990e-29
 249.705292     20.445  34.653289     8.0920     2.7224     20.273    33.2323    25.8725 -9.990e-29
 249.705295     20.418  34.657289     8.0972     2.7208     20.247    33.2316    25.8712 -9.990e-29
 249.705298     20.398  34.661104     8.0991     2.7235     20.227    33.2339    25.8727 -9.990e-29
 249.705301     20.387  34.663918     8.0980     2.7244     20.216    33.2380    25.8761 -9.990e-29
 249.705304     20.387  34.664934     8.0943     2.7279     20.216    33.2426    25.8802 -9.990e-29
 249.705307     20.396  34.664186     8.0887     2.7302     20.225    33.2471    25.8846 -9.990e-29
 249.705310     20.410  34.662260     8.0819     2.7339     20.239    33.2515    25.8890 -9.990e-29
