data/oxygen options/OCNMS/OCNMS1/raw_data/2008/SBE19plus/CTD_MB042_071408faed.cnv
* Sea-Bird SBE19plus Data File:
* FileName = C:\2008_Mooring_Data\071408_sevice\CTD_MB042_071408.hex
* Software Version 1.59
* Temperature SN =  4671
* Conductivity SN =  4671
* System UpLoad Time = Jul 14 2008 13:10:36
**
**
# nquan = 9                                 
# nvalues = 4155                        
# units = specified
# name 0 = timeJ: Julian Days
# name 1 = prdM: Pressure, Strain Gauge [db]
# name 2 = c0mS/cm: Conductivity [mS/cm]
# name 3 = tv290C: Temperature [ITS-90, deg C]
# name 4 = sbeox0ML/L: Oxygen, SBE 43 [ml/l]
# name 5 = depSM: Depth [salt water, m], lat = 47.5
# name 6 = sal00: Salinity, Practical [PSU]
# name 7 = sigma-é00: Density [sigma-theta, kg/m^3]
# name 8 = flag: flag
# span 0 = 226.519120, 226.531140       
# span 1 =      0.012,     31.326       
# span 2 =  -0.174194,  36.005572       
# span 3 =     6.6786,    15.2800       
# span 4 =     1.3718,     7.2209       
# span 5 =      0.012,     31.062       
# span 6 =     0.0000,    33.8797       
# span 7 =    -0.9416,    26.5799       
# span 8 = 0.0000e+00, 0.0000e+00       
# interval = seconds: 0.25
# start_time = Aug 13 2008 12:27:32 [Instrument's time stamp, header]
# bad_flag = -9.990e-29
*END*
 226.519120      0.024 -9.990e-29    15.2430     7.1773      0.024 -9.990e-29 -9.990e-29 -9.990e-29
 226.519123      0.024 -9.990e-29    15.2429     7.1779      0.024 -9.990e-29 -9.990e-29 -9.990e-29
 226.519126      0.024   0.003345    15.2428     7.1771      0.024     0.0086    -0.9293 -9.990e-29
 226.519129      0.024   0.003296    15.2426     7.1771      0.024     0.0086    -0.9292 -9.990e-29
 226.519132      0.024   0.003220    15.2425     7.1761      0.024     0.0086    -0.9293 -9.990e-29
 226.519135      0.024   0.003097    15.2424     7.1777      0.024     0.0085    -0.9293 -9.990e-29
 226.519138      0.024   0.002900    15.2423     7.1785      0.024     0.0084    -0.9293 -9.990e-29
 226.519141      0.023   0.002583    15.2421     7.1772      0.023     0.0083    -0.9294 -9.990e-29
 226.519144      0.023   0.002056    15.2420     7.1772      0.023     0.0082    -0.9295 -9.990e-29
 226.519146      0.023   0.001172    15.2418     7.1770      0.023     0.0079    -0.9296 -9.990e-29
 226.519149      0.023  -0.000305    15.2417     7.1779      0.023     0.0000    -0.9358 -9.990e-29
 226.519152      0.023  -0.002768    15.2415     7.1779      0.023     0.0000    -0.9357 -9.990e-29
 226.519155      0.023  -0.006874    15.2413     7.1782      0.023     0.0000    -0.9357 -9.990e-29
 226.519158      0.023  -0.013718    15.2411     7.1773      0.023     0.0000    -0.9357 -9.990e-29
 226.519161      0.023  -0.025125    15.2409     7.1765      0.023     0.0000    -0.9356 -9.990e-29
 226.519164      0.023  -0.044138    15.2407     7.1761      0.023     0.0000    -0.9356 -9.990e-29
 226.519167      0.023  -0.075831    15.2406     7.1771      0.023     0.0000    -0.9356 -9.990e-29
 226.519170      0.023  -0.128663    15.2406     7.1763      0.023     0.0000    -0.9356 -9.990e-29
 226.519172      0.023  -0.161693    15.2405     7.1773      0.023     0.0000    -0.9356 -9.990e-29
 226.519175      0.023  -0.128691    15.2404     7.1773      0.023     0.0000    -0.9356 -9.990e-29
 226.519178      0.023  -0.075866    15.2403     7.1784      0.023     0.0000    -0.9356 -9.990e-29
 226.519181      0.023  -0.044166    15.2402     7.1781      0.023     0.0000    -0.9355 -9.990e-29
 226.519184      0.023  -0.025148    15.2400     7.1789      0.023     0.0000    -0.9355 -9.990e-29
 226.519187      0.023  -0.013741    15.2399     7.1788      0.023     0.0000    -0.9355 -9.990e-29
 226.519190      0.023  -0.006898    15.2398     7.1788      0.023     0.0000    -0.9355 -9.990e-29
 226.519193      0.023  -0.002784    15.2397     7.1792      0.023     0.0000    -0.9355 -9.990e-29
 226.519196      0.022  -0.000305    15.2396     7.1759      0.022     0.0000    -0.9354 -9.990e-29
 226.519198      0.022   0.001187    15.2394     7.1783      0.022     0.0079    -0.9293 -9.990e-29
 226.519201      0.022   0.002079    15.2393     7.1779      0.022     0.0082    -0.9291 -9.990e-29
 226.519204      0.022   0.002614    15.2391     7.1783      0.022     0.0083    -0.9289 -9.990e-29
 226.519207      0.022   0.002941    15.2390     7.1773      0.022     0.0085    -0.9288 -9.990e-29
 226.519210      0.022   0.003142    15.2389     7.1755      0.022     0.0085    -0.9287 -9.990e-29
 226.519213      0.023   0.003259    15.2389     7.1782      0.023     0.0086    -0.9287 -9.990e-29
 226.519216      0.023   0.003322    15.2388     7.1781      0.023     0.0086    -0.9287 -9.990e-29
 226.519219      0.023   0.003360    15.2387     7.1792      0.023     0.0086    -0.9286 -9.990e-29
 226.519222      0.023   0.003383    15.2386     7.1769      0.023     0.0086    -0.9286 -9.990e-29
 226.519225      0.023   0.003391    15.2384     7.1783      0.023     0.0086    -0.9286 -9.990e-29
 226.519227      0.023   0.003393    15.2383     7.1767      0.023     0.0086    -0.9286 -9.990e-29
 226.519230      0.022   0.003395    15.2382     7.1778      0.022     0.0086    -0.9285 -9.990e-29
 226.519233      0.022   0.003398    15.2381     7.1776      0.022     0.0086    -0.9285 -9.990e-29
 226.519236      0.022   0.003396    15.2379     7.1796      0.022     0.0086    -0.9285 -9.990e-29
 226.519239      0.022   0.003382    15.2378     7.1806      0.022     0.0086    -0.9285 -9.990e-29
 226.519242      0.022   0.003355    15.2377     7.1790      0.022     0.0086    -0.9285 -9.990e-29
 226.519245      0.022   0.003299    15.2376     7.1806      0.022     0.0086    -0.9285 -9.990e-29
 226.519248      0.022   0.003201    15.2375     7.1796      0.022     0.0085    -0.9285 -9.990e-29
 226.519251      0.022   0.003046    15.2375     7.1791      0.022     0.0085    -0.9285 -9.990e-29
 226.519253      0.022   0.002804    15.2374     7.1784      0.022     0.0084    -0.9286 -9.990e-29
 226.519256      0.022   0.002416    15.2372     7.1765      0.022     0.0083    -0.9287 -9.990e-29
 226.519259      0.022   0.001773    15.2371     7.1759      0.022     0.0081    -0.9288 -9.990e-29
 226.519262      0.022   0.000697    15.2369     7.1777      0.022     0.0078    -0.9289 -9.990e-29
 226.519265      0.022  -0.001097    15.2367     7.1788      0.022     0.0000    -0.9350 -9.990e-29
 226.519268      0.022  -0.004089    15.2365     7.1789      0.022     0.0000    -0.9350 -9.990e-29
 226.519271      0.022  -0.009082    15.2362     7.1784      0.022     0.0000    -0.9349 -9.990e-29
 226.519274      0.022  -0.017419    15.2359     7.1771      0.022     0.0000    -0.9349 -9.990e-29
 226.519277      0.022  -0.031324    15.2358     7.1780      0.022     0.0000    -0.9349 -9.990e-29
 226.519280      0.022  -0.054493    15.2359     7.1780      0.022     0.0000    -0.9349 -9.990e-29
 226.519282      0.022  -0.093098    15.2360     7.1762      0.022     0.0000    -0.9349 -9.990e-29
 226.519285      0.022  -0.117224    15.2361     7.1789      0.022     0.0000    -0.9349 -9.990e-29
 226.519288      0.022  -0.093094    15.2361     7.1766      0.022     0.0000    -0.9349 -9.990e-29
 226.519291      0.023  -0.054488    15.2360     7.1772      0.023     0.0000    -0.9349 -9.990e-29
 226.519294      0.023  -0.031330    15.2359     7.1771      0.023     0.0000    -0.9349 -9.990e-29
 226.519297      0.023  -0.017437    15.2359     7.1788      0.023     0.0000    -0.9349 -9.990e-29
 226.519300      0.023  -0.009098    15.2358     7.1779      0.023     0.0000    -0.9349 -9.990e-29
 226.519303      0.023  -0.004091    15.2357     7.1791      0.023     0.0000    -0.9348 -9.990e-29
 226.519306      0.022  -0.001080    15.2356     7.1792      0.022     0.0000    -0.9348 -9.990e-29
 226.519308      0.022   0.000732    15.2355     7.1786      0.022     0.0078    -0.9287 -9.990e-29
 226.519311      0.022   0.001818    15.2353     7.1793      0.022     0.0081    -0.9285 -9.990e-29
 226.519314      0.022   0.002466    15.2352     7.1793      0.022     0.0083    -0.9283 -9.990e-29
 226.519317      0.022   0.002855    15.2351     7.1789      0.022     0.0084    -0.9282 -9.990e-29
 226.519320      0.022   0.003089    15.2349     7.1787      0.022     0.0085    -0.9281 -9.990e-29
 226.519323      0.022   0.003231    15.2347     7.1783      0.022     0.0086    -0.9281 -9.990e-29
 226.519326      0.022   0.003317    15.2345     7.1799      0.022     0.0086    -0.9280 -9.990e-29
 226.519329      0.022   0.003372    15.2343     7.1782      0.022     0.0086    -0.9279 -9.990e-29
 226.519332      0.022   0.003403    15.2342     7.1772      0.022     0.0086    -0.9279 -9.990e-29
 226.519334      0.022   0.003413    15.2341     7.1759      0.022     0.0086    -0.9279 -9.990e-29
 226.519337      0.022   0.003412    15.2340     7.1791      0.022     0.0086    -0.9279 -9.990e-29
 226.519340      0.022   0.003410    15.2339     7.1759      0.022     0.0086    -0.9279 -9.990e-29
 226.519343      0.022   0.003412    15.2337     7.1785      0.022     0.0086    -0.9278 -9.990e-29
 226.519346      0.022   0.003418    15.2336     7.1761      0.022     0.0086    -0.9278 -9.990e-29
 226.519349      0.022   0.003425    15.2334     7.1774      0.022     0.0086    -0.9278 -9.990e-29
 226.519352      0.022   0.003432    15.2333     7.1787      0.022     0.0086    -0.9278 -9.990e-29
 226.519355      0.022   0.003446    15.2331     7.1774      0.022     0.0086    -0.9277 -9.990e-29
 226.519358      0.022   0.003461    15.2330     7.1773      0.022     0.0086    -0.9277 -9.990e-29
 226.519361      0.022   0.003471    15.2330     7.1765      0.022     0.0086    -0.9277 -9.990e-29
 226.519363      0.022   0.003479    15.2329     7.1769      0.022     0.0086    -0.9277 -9.990e-29
 226.519366      0.022   0.003492    15.2328     7.1783      0.022     0.0086    -0.9277 -9.990e-29
 226.519369      0.022   0.003520    15.2328     7.1773      0.022     0.0087    -0.9277 -9.990e-29
 226.519372      0.022   0.003564    15.2327     7.1751      0.022     0.0087    -0.9276 -9.990e-29
 226.519375      0.022   0.003630    15.2327     7.1771      0.022     0.0087    -0.9276 -9.990e-29
 226.519378      0.022   0.003743    15.2326     7.1781      0.022     0.0087    -0.9276 -9.990e-29
 226.519381      0.022   0.003942    15.2326     7.1774      0.022     0.0088    -0.9275 -9.990e-29
 226.519384      0.022   0.004287    15.2326     7.1777      0.022     0.0090    -0.9274 -9.990e-29
 226.519387      0.022   0.004871    15.2326     7.1790      0.022     0.0092    -0.9272 -9.990e-29
 226.519389      0.022   0.005849    15.2328     7.1773      0.022     0.0096    -0.9269 -9.990e-29
 226.519392      0.022   0.007476    15.2335     7.1794      0.022     0.0103    -0.9265 -9.990e-29
 226.519395      0.022   0.010175    15.2346     7.1813      0.022     0.0115    -0.9257 -9.990e-29
 226.519398      0.022   0.014658    15.2357     7.1796      0.022     0.0137    -0.9242 -9.990e-29
 226.519401      0.022   0.021969    15.2368     7.1803      0.022     0.0174    -0.9215 -9.990e-29
 226.519404      0.022   0.030503    15.2376     7.1799      0.022     0.0218    -0.9182 -9.990e-29
 226.519407      0.022   0.036219    15.2381     7.1800      0.022     0.0248    -0.9159 -9.990e-29
 226.519410      0.022   0.038283    15.2384     7.1801      0.022     0.0259    -0.9151 -9.990e-29
 226.519413      0.022   0.038236    15.2385     7.1805      0.022     0.0259    -0.9152 -9.990e-29
 226.519416      0.022   0.036930    15.2386     7.1802      0.022     0.0252    -0.9157 -9.990e-29
 226.519418      0.022   0.034897    15.2387     7.1796      0.022     0.0241    -0.9166 -9.990e-29
 226.519421      0.022   0.032523    15.2386     7.1805      0.022     0.0229    -0.9175 -9.990e-29
 226.519424      0.022   0.030119    15.2385     7.1800      0.022     0.0216    -0.9185 -9.990e-29
 226.519427      0.022   0.027911    15.2381     7.1808      0.022     0.0204    -0.9194 -9.990e-29
 226.519430      0.022   0.026012    15.2375     7.1806      0.022     0.0194    -0.9200 -9.990e-29
 226.519433      0.022   0.024448    15.2365     7.1793      0.022     0.0186    -0.9205 -9.990e-29
 226.519436      0.022   0.023178    15.2347     7.1803      0.022     0.0180    -0.9207 -9.990e-29
 226.519439      0.022   0.022163    15.2321     7.1797      0.022     0.0175    -0.9207 -9.990e-29
 226.519442      0.022   0.021384    15.2287     7.1808      0.022     0.0171    -0.9205 -9.990e-29
 226.519444      0.022   0.020797    15.2252     7.1824      0.022     0.0168    -0.9202 -9.990e-29
 226.519447      0.022   0.020340    15.2220     7.1815      0.022     0.0165    -0.9199 -9.990e-29
 226.519450      0.022   0.019972    15.2195     7.1811      0.022     0.0163    -0.9197 -9.990e-29
 226.519453      0.022   0.019669    15.2177     7.1809      0.022     0.0162    -0.9195 -9.990e-29
 226.519456      0.022   0.019421    15.2165     7.1812      0.022     0.0161    -0.9194 -9.990e-29
 226.519459      0.022   0.019226    15.2158     7.1795      0.022     0.0160    -0.9194 -9.990e-29
 226.519462      0.022   0.019045    15.2152     7.1821      0.022     0.0159    -0.9194 -9.990e-29
 226.519465      0.022   0.018842    15.2146     7.1797      0.022     0.0158    -0.9194 -9.990e-29
 226.519468      0.022   0.018631    15.2139     7.1790      0.022     0.0157    -0.9193 -9.990e-29
 226.519470      0.022   0.018434    15.2131     7.1830      0.022     0.0156    -0.9193 -9.990e-29
 226.519473      0.022   0.018256    15.2121     7.1813      0.022     0.0155    -0.9192 -9.990e-29
 226.519476      0.022   0.018100    15.2108     7.1803      0.022     0.0154    -0.9191 -9.990e-29
 226.519479      0.022   0.017973    15.2093     7.1810      0.022     0.0153    -0.9189 -9.990e-29
 226.519482      0.022   0.017879    15.2080     7.1813      0.022     0.0153    -0.9187 -9.990e-29
 226.519485      0.022   0.017810    15.2072     7.1805      0.022     0.0152    -0.9186 -9.990e-29
 226.519488      0.022   0.017760    15.2069     7.1805      0.022     0.0152    -0.9186 -9.990e-29
 226.519491      0.022   0.017731    15.2074     7.1793      0.022     0.0152    -0.9187 -9.990e-29
 226.519494      0.022   0.017726    15.2085     7.1800      0.022     0.0152    -0.9189 -9.990e-29
 226.519497      0.022   0.017744    15.2101     7.1783      0.022     0.0152    -0.9191 -9.990e-29
 226.519499      0.022   0.017768    15.2118     7.1788      0.022     0.0152    -0.9194 -9.990e-29
 226.519502      0.022   0.017793    15.2134     7.1811      0.022     0.0152    -0.9196 -9.990e-29
 226.519505      0.022   0.017823    15.2149     7.1786      0.022     0.0153    -0.9198 -9.990e-29
 226.519508      0.022   0.017863    15.2164     7.1800      0.022     0.0153    -0.9200 -9.990e-29
 226.519511      0.022   0.017908    15.2177     7.1793      0.022     0.0153    -0.9202 -9.990e-29
 226.519514      0.022   0.017941    15.2188     7.1800      0.022     0.0153    -0.9204 -9.990e-29
 226.519517      0.022   0.017920    15.2196     7.1774      0.022     0.0153    -0.9205 -9.990e-29
 226.519520      0.022   0.017973    15.2200     7.1786      0.022     0.0153    -0.9205 -9.990e-29
 226.519523      0.022   0.018247    15.2197     7.1763      0.022     0.0155    -0.9204 -9.990e-29
 226.519525      0.023   0.018552    15.2189     7.1753      0.023     0.0156    -0.9201 -9.990e-29
 226.519528      0.023   0.018718    15.2180     7.1765      0.023     0.0157    -0.9199 -9.990e-29
 226.519531      0.023   0.018794    15.2174     7.1760      0.023     0.0157    -0.9198 -9.990e-29
 226.519534      0.023   0.018836    15.2173     7.1765      0.023     0.0158    -0.9198 -9.990e-29
 226.519537      0.023   0.018873    15.2177     7.1741      0.023     0.0158    -0.9198 -9.990e-29
 226.519540      0.022   0.018935    15.2185     7.1744      0.022     0.0158    -0.9199 -9.990e-29
 226.519543      0.022   0.019053    15.2195     7.1747      0.022     0.0159    -0.9200 -9.990e-29
 226.519546      0.022   0.019224    15.2207     7.1738      0.022     0.0160    -0.9202 -9.990e-29
 226.519549      0.022   0.019428    15.2221     7.1702      0.022     0.0161    -0.9203 -9.990e-29
 226.519552      0.022   0.019630    15.2233     7.1728      0.022     0.0162    -0.9204 -9.990e-29
 226.519554      0.022   0.019797    15.2244     7.1718      0.022     0.0162    -0.9205 -9.990e-29
 226.519557      0.022   0.019912    15.2253     7.1723      0.022     0.0163    -0.9206 -9.990e-29
 226.519560      0.022   0.019974    15.2262     7.1734      0.022     0.0163    -0.9207 -9.990e-29
 226.519563      0.022   0.019990    15.2272     7.1722      0.022     0.0163    -0.9208 -9.990e-29
 226.519566      0.022   0.019994    15.2286     7.1714      0.022     0.0163    -0.9211 -9.990e-29
 226.519569      0.022   0.020025    15.2304     7.1710      0.022     0.0164    -0.9213 -9.990e-29
 226.519572      0.022   0.020132    15.2326     7.1729      0.022     0.0164    -0.9216 -9.990e-29
 226.519575      0.022   0.020339    15.2352     7.1714      0.022     0.0165    -0.9219 -9.990e-29
 226.519578      0.022   0.020601    15.2382     7.1717      0.022     0.0167    -0.9223 -9.990e-29
 226.519580      0.022   0.020887    15.2413     7.1724      0.022     0.0168    -0.9227 -9.990e-29
