data/oxygen options/OCNMS/OCNMS1/raw_data/2008/SBE19plus/CTD_CA042_072108faed.cnv
* Sea-Bird SBE19plus Data File:
* FileName = C:\2008_Mooring_Data\072108_service\CTD_CA042_072108.hex
* Software Version 1.59
* Temperature SN =  4671
* Conductivity SN =  4671
* System UpLoad Time = Jul 21 2008 15:46:05
* ds
* SeacatPlus V 1.6b  SERIAL NO. 4671    21 Jul 2008  15:45:50
# nquan = 9                                 
# nvalues = 3977                        
# units = specified
# name 0 = timeJ: Julian Days
# name 1 = prdM: Pressure, Strain Gauge [db]
# name 2 = c0mS/cm: Conductivity [mS/cm]
# name 3 = tv290C: Temperature [ITS-90, deg C]
# name 4 = sbeox0ML/L: Oxygen, SBE 43 [ml/l]
# name 5 = depSM: Depth [salt water, m], lat = 47.5
# name 6 = sal00: Salinity, Practical [PSU]
# name 7 = sigma-é00: Density [sigma-theta, kg/m^3]
# name 8 = flag: flag
# span 0 = 203.586620, 203.598125       
# span 1 =      0.022,     39.932       
# span 2 =   0.323992,  36.850001       
# span 3 =     7.2176,    14.3272       
# span 4 =     2.5803,     5.6948       
# span 5 =      0.022,     39.595       
# span 6 =     0.1971,    33.7178       
# span 7 =    -0.6430,    26.3790       
# span 8 = 0.0000e+00, 0.0000e+00       
# interval = seconds: 0.25
# start_time = Jul 21 2008 14:04:44 [Instrument's time stamp, header]
# bad_flag = -9.990e-29
*END*
[from data line 1281]
 203.590327     31.229  34.241676     7.3187     2.8030     30.966    33.5258    26.2141 -9.990e-29
 203.590330     31.241  34.241758     7.3186     2.8022     30.978    33.5260    26.2142 -9.990e-29
 203.590333     31.246  34.241967     7.3190     2.7996     30.983    33.5258    26.2140 -9.990e-29
 203.590336     31.245  34.242317     7.3197     2.8005     30.982    33.5255    26.2137 -9.990e-29
 203.590339     31.240  34.242769     7.3207     2.8000     30.977    33.5250    26.2132 -9.990e-29
 203.590341     31.231  34.243166     7.3217     2.8005     30.968    33.5245    26.2126 -9.990e-29
 203.590344     31.219  34.243357     7.3226     2.7945     30.956    33.5238    26.2120 -9.990e-29
 203.590347     31.204  34.243341     7.3233     2.7907     30.941    33.5231    26.2113 -9.990e-29
 203.590350     31.185  34.243192     7.3240     2.7868     30.922    33.5223    26.2106 -9.990e-29
 203.590353     31.162  34.242923     7.3245     2.7824     30.900    33.5216    26.2099 -9.990e-29
 203.590356     31.137  34.242490     7.3250     2.7831     30.875    33.5206    26.2091 -9.990e-29
 203.590359     31.111  34.241885     7.3254     2.7799     30.849    33.5196    26.2082 -9.990e-29
 203.590362     31.088  34.241208     7.3255     2.7783     30.826    33.5188    26.2076 -9.990e-29
 203.590365     31.070  34.240599     7.3255     2.7772     30.808    33.5181    26.2071 -9.990e-29
 203.590367     31.059  34.240126     7.3251     2.7805     30.797    33.5180    26.2070 -9.990e-29
 203.590370     31.058  34.239791     7.3245     2.7806     30.796    33.5182    26.2073 -9.990e-29
 203.590373     31.068  34.239590     7.3237     2.7805     30.806    33.5187    26.2078 -9.990e-29
 203.590376     31.088  34.239558     7.3228     2.7805     30.826    33.5196    26.2086 -9.990e-29
 203.590379     31.118  34.239667     7.3218     2.7797     30.856    33.5206    26.2096 -9.990e-29
 203.590382     31.156  34.239775     7.3208     2.7792     30.894    33.5217    26.2106 -9.990e-29
 203.590385     31.197  34.239781     7.3199     2.7775     30.934    33.5226    26.2114 -9.990e-29
 203.590388     31.238  34.239704     7.3189     2.7787     30.975    33.5234    26.2122 -9.990e-29
 203.590391     31.275  34.239676     7.3180     2.7783     31.012    33.5243    26.2130 -9.990e-29
 203.590394     31.306  34.239879     7.3174     2.7768     31.042    33.5251    26.2137 -9.990e-29
 203.590396     31.330  34.240367     7.3172     2.7779     31.066    33.5258    26.2143 -9.990e-29
 203.590399     31.348  34.240996     7.3175     2.7819     31.084    33.5261    26.2145 -9.990e-29
 203.590402     31.360  34.241613     7.3182     2.7861     31.096    33.5261    26.2144 -9.990e-29
 203.590405     31.369  34.242164     7.3191     2.7892     31.105    33.5259    26.2141 -9.990e-29
 203.590408     31.377  34.242582     7.3200     2.7927     31.113    33.5254    26.2136 -9.990e-29
 203.590411     31.384  34.242744     7.3204     2.7921     31.120    33.5252    26.2134 -9.990e-29
 203.590414     31.390  34.242588     7.3202     2.7977     31.126    33.5252    26.2134 -9.990e-29
 203.590417     31.392  34.242221     7.3197     2.7953     31.128    33.5253    26.2136 -9.990e-29
 203.590420     31.387  34.241848     7.3193     2.7920     31.123    33.5253    26.2136 -9.990e-29
 203.590422     31.374  34.241646     7.3194     2.7892     31.110    33.5250    26.2134 -9.990e-29
 203.590425     31.350  34.241688     7.3202     2.7873     31.086    33.5243    26.2127 -9.990e-29
 203.590428     31.317  34.241796     7.3216     2.7848     31.053    33.5231    26.2115 -9.990e-29
 203.590431     31.276  34.241677     7.3233     2.7792     31.013    33.5213    26.2099 -9.990e-29
 203.590434     31.230  34.241212     7.3248     2.7744     30.967    33.5194    26.2082 -9.990e-29
 203.590437     31.186  34.240480     7.3260     2.7701     30.923    33.5174    26.2065 -9.990e-29
 203.590440     31.147  34.239657     7.3267     2.7659     30.885    33.5159    26.2051 -9.990e-29
 203.590443     31.118  34.238945     7.3270     2.7612     30.856    33.5148    26.2043 -9.990e-29
 203.590446     31.102  34.238488     7.3268     2.7614     30.840    33.5145    26.2041 -9.990e-29
 203.590448     31.099  34.238333     7.3263     2.7598     30.837    33.5148    26.2044 -9.990e-29
 203.590451     31.109  34.238421     7.3255     2.7628     30.847    33.5157    26.2052 -9.990e-29
 203.590454     31.130  34.238584     7.3244     2.7626     30.868    33.5169    26.2063 -9.990e-29
 203.590457     31.163  34.238715     7.3231     2.7681     30.901    33.5183    26.2076 -9.990e-29
 203.590460     31.204  34.238889     7.3216     2.7686     30.941    33.5200    26.2091 -9.990e-29
 203.590463     31.250  34.239216     7.3199     2.7736     30.987    33.5219    26.2109 -9.990e-29
 203.590466     31.299  34.239675     7.3178     2.7787     31.035    33.5244    26.2131 -9.990e-29
 203.590469     31.347  34.240218     7.3156     2.7780     31.083    33.5271    26.2156 -9.990e-29
 203.590472     31.390  34.240927     7.3136     2.7829     31.126    33.5298    26.2180 -9.990e-29
 203.590475     31.425  34.241862     7.3120     2.7867     31.160    33.5324    26.2202 -9.990e-29
 203.590477     31.452  34.242910     7.3111     2.7913     31.187    33.5344    26.2219 -9.990e-29
 203.590480     31.468  34.243893     7.3111     2.7914     31.203    33.5354    26.2227 -9.990e-29
 203.590483     31.475  34.244728     7.3119     2.7931     31.210    33.5356    26.2227 -9.990e-29
 203.590486     31.471  34.245383     7.3132     2.7911     31.206    33.5350    26.2221 -9.990e-29
 203.590489     31.458  34.245757     7.3149     2.7899     31.193    33.5338    26.2209 -9.990e-29
 203.590492     31.436  34.245797     7.3167     2.7875     31.171    33.5321    26.2193 -9.990e-29
 203.590495     31.403  34.245578     7.3186     2.7808     31.139    33.5300    26.2174 -9.990e-29
 203.590498     31.361  34.245129     7.3203     2.7788     31.097    33.5279    26.2155 -9.990e-29
 203.590501     31.309  34.244441     7.3217     2.7717     31.045    33.5258    26.2137 -9.990e-29
 203.590503     31.248  34.243525     7.3228     2.7649     30.985    33.5238    26.2119 -9.990e-29
 203.590506     31.182  34.242371     7.3237     2.7648     30.919    33.5217    26.2102 -9.990e-29
 203.590509     31.118  34.241056     7.3244     2.7607     30.856    33.5196    26.2084 -9.990e-29
 203.590512     31.064  34.239768     7.3247     2.7591     30.802    33.5180    26.2071 -9.990e-29
 203.590515     31.027  34.238681     7.3247     2.7551     30.766    33.5168    26.2062 -9.990e-29
 203.590518     31.012  34.237908     7.3244     2.7591     30.751    33.5163    26.2058 -9.990e-29
 203.590521     31.021  34.237478     7.3236     2.7610     30.760    33.5166    26.2061 -9.990e-29
 203.590524     31.053  34.237352     7.3223     2.7652     30.792    33.5177    26.2072 -9.990e-29
 203.590527     31.101  34.237551     7.3207     2.7671     30.839    33.5194    26.2088 -9.990e-29
 203.590530     31.160  34.238138     7.3191     2.7732     30.898    33.5216    26.2107 -9.990e-29
 203.590532     31.224  34.238998     7.3176     2.7810     30.961    33.5239    26.2128 -9.990e-29
 203.590535     31.287  34.239874     7.3162     2.7839     31.024    33.5262    26.2148 -9.990e-29
 203.590538     31.343  34.240549     7.3147     2.7907     31.079    33.5284    26.2167 -9.990e-29
 203.590541     31.391  34.241093     7.3134     2.7913     31.127    33.5302    26.2183 -9.990e-29
 203.590544     31.427  34.241777     7.3128     2.7936     31.162    33.5315    26.2194 -9.990e-29
 203.590547     31.450  34.242551     7.3129     2.7962     31.185    33.5323    26.2200 -9.990e-29
 203.590550     31.460  34.243167     7.3138     2.7950     31.195    33.5320    26.2197 -9.990e-29
 203.590553     31.455  34.243573     7.3152     2.7893     31.190    33.5311    26.2188 -9.990e-29
 203.590556     31.436  34.243793     7.3171     2.7888     31.171    33.5295    26.2172 -9.990e-29
 203.590558     31.405  34.243759     7.3192     2.7835     31.141    33.5275    26.2153 -9.990e-29
 203.590561     31.362  34.243286     7.3213     2.7751     31.098    33.5249    26.2130 -9.990e-29
 203.590564     31.309  34.242314     7.3232     2.7731     31.045    33.5221    26.2105 -9.990e-29
 203.590567     31.249  34.241038     7.3249     2.7633     30.986    33.5191    26.2079 -9.990e-29
 203.590570     31.183  34.239682     7.3262     2.7583     30.920    33.5164    26.2056 -9.990e-29
 203.590573     31.117  34.238353     7.3271     2.7522     30.855    33.5141    26.2037 -9.990e-29
 203.590576     31.056  34.237143     7.3277     2.7449     30.794    33.5122    26.2021 -9.990e-29
 203.590579     31.005  34.236202     7.3278     2.7394     30.744    33.5111    26.2013 -9.990e-29
 203.590582     30.973  34.235642     7.3273     2.7351     30.712    33.5110    26.2012 -9.990e-29
 203.590584     30.963  34.235462     7.3264     2.7320     30.702    33.5117    26.2019 -9.990e-29
 203.590587     30.978  34.235595     7.3252     2.7321     30.717    33.5130    26.2031 -9.990e-29
 203.590590     31.013  34.235967     7.3237     2.7375     30.752    33.5148    26.2047 -9.990e-29
 203.590593     31.065  34.236525     7.3222     2.7470     30.803    33.5169    26.2066 -9.990e-29
 203.590596     31.124  34.237209     7.3203     2.7581     30.862    33.5194    26.2088 -9.990e-29
 203.590599     31.186  34.237899     7.3180     2.7654     30.923    33.5224    26.2115 -9.990e-29
 203.590602     31.244  34.238584     7.3152     2.7732     30.981    33.5258    26.2146 -9.990e-29
 203.590605     31.296  34.239558     7.3124     2.7778     31.032    33.5296    26.2179 -9.990e-29
 203.590608     31.343  34.240974     7.3097     2.7849     31.079    33.5337    26.2215 -9.990e-29
 203.590611     31.382  34.242518     7.3069     2.7826     31.118    33.5381    26.2254 -9.990e-29
 203.590613     31.413  34.243934     7.3043     2.7792     31.148    33.5421    26.2289 -9.990e-29
 203.590616     31.432  34.245315     7.3023     2.7744     31.167    33.5455    26.2319 -9.990e-29
 203.590619     31.437  34.246845     7.3016     2.7695     31.172    33.5479    26.2338 -9.990e-29
 203.590622     31.426  34.248399     7.3029     2.7699     31.161    33.5483    26.2340 -9.990e-29
 203.590625     31.396  34.249447     7.3062     2.7631     31.132    33.5463    26.2319 -9.990e-29
 203.590628     31.351  34.249369     7.3107     2.7608     31.087    33.5418    26.2278 -9.990e-29
 203.590631     31.297  34.247799     7.3154     2.7601     31.033    33.5356    26.2223 -9.990e-29
 203.590634     31.241  34.245023     7.3194     2.7642     30.978    33.5287    26.2163 -9.990e-29
 203.590637     31.192  34.241953     7.3223     2.7631     30.929    33.5226    26.2111 -9.990e-29
 203.590639     31.156  34.239291     7.3236     2.7657     30.894    33.5185    26.2076 -9.990e-29
 203.590642     31.137  34.237360     7.3236     2.7686     30.875    33.5164    26.2060 -9.990e-29
 203.590645     31.135  34.236459     7.3228     2.7674     30.873    33.5162    26.2059 -9.990e-29
 203.590648     31.146  34.236560     7.3218     2.7693     30.884    33.5173    26.2069 -9.990e-29
 203.590651     31.165  34.237244     7.3206     2.7684     30.903    33.5192    26.2086 -9.990e-29
 203.590654     31.184  34.238050     7.3192     2.7641     30.921    33.5214    26.2105 -9.990e-29
 203.590657     31.198  34.238765     7.3178     2.7646     30.935    33.5235    26.2124 -9.990e-29
 203.590660     31.202  34.239535     7.3169     2.7638     30.939    33.5252    26.2139 -9.990e-29
 203.590663     31.196  34.240547     7.3169     2.7619     30.933    33.5263    26.2147 -9.990e-29
 203.590666     31.180  34.241533     7.3176     2.7618     30.917    33.5267    26.2149 -9.990e-29
 203.590668     31.161  34.241941     7.3187     2.7614     30.899    33.5261    26.2143 -9.990e-29
 203.590671     31.140  34.241708     7.3197     2.7603     30.878    33.5249    26.2132 -9.990e-29
 203.590674     31.124  34.241201     7.3204     2.7576     30.862    33.5237    26.2122 -9.990e-29
 203.590677     31.115  34.240626     7.3207     2.7558     30.853    33.5228    26.2114 -9.990e-29
 203.590680     31.116  34.240110     7.3204     2.7540     30.854    33.5225    26.2112 -9.990e-29
 203.590683     31.126  34.239779     7.3196     2.7518     30.864    33.5229    26.2117 -9.990e-29
 203.590686     31.143  34.239652     7.3185     2.7505     30.881    33.5238    26.2125 -9.990e-29
 203.590689     31.165  34.239713     7.3174     2.7531     30.903    33.5249    26.2136 -9.990e-29
 203.590692     31.188  34.239917     7.3166     2.7576     30.925    33.5259    26.2145 -9.990e-29
 203.590694     31.211  34.240185     7.3161     2.7641     30.948    33.5267    26.2151 -9.990e-29
 203.590697     31.234  34.240436     7.3160     2.7729     30.971    33.5270    26.2154 -9.990e-29
 203.590700     31.257  34.240570     7.3159     2.7793     30.994    33.5273    26.2156 -9.990e-29
 203.590703     31.282  34.240566     7.3157     2.7859     31.019    33.5275    26.2158 -9.990e-29
 203.590706     31.307  34.240507     7.3151     2.7907     31.043    33.5280    26.2163 -9.990e-29
 203.590709     31.332  34.240499     7.3141     2.7919     31.068    33.5289    26.2172 -9.990e-29
 203.590712     31.352  34.240648     7.3130     2.7948     31.088    33.5301    26.2183 -9.990e-29
 203.590715     31.361  34.241038     7.3122     2.7881     31.097    33.5313    26.2193 -9.990e-29
 203.590718     31.354  34.241640     7.3120     2.7852     31.090    33.5322    26.2200 -9.990e-29
 203.590720     31.326  34.242227     7.3127     2.7798     31.062    33.5322    26.2199 -9.990e-29
 203.590723     31.277  34.242572     7.3144     2.7757     31.014    33.5309    26.2187 -9.990e-29
 203.590726     31.208  34.242550     7.3169     2.7669     30.945    33.5285    26.2164 -9.990e-29
 203.590729     31.123  34.241963     7.3200     2.7583     30.861    33.5249    26.2132 -9.990e-29
 203.590732     31.031  34.240677     7.3231     2.7530     30.770    33.5205    26.2093 -9.990e-29
 203.590735     30.942  34.238890     7.3259     2.7405     30.681    33.5159    26.2053 -9.990e-29
 203.590738     30.866  34.236917     7.3280     2.7370     30.606    33.5118    26.2017 -9.990e-29
 203.590741     30.813  34.235002     7.3292     2.7301     30.554    33.5086    26.1990 -9.990e-29
 203.590744     30.788  34.233484     7.3294     2.7297     30.529    33.5067    26.1976 -9.990e-29
 203.590747     30.793  34.232700     7.3286     2.7331     30.534    33.5066    26.1976 -9.990e-29
 203.590749     30.826  34.232703     7.3270     2.7408     30.566    33.5082    26.1990 -9.990e-29
 203.590752     30.881  34.233351     7.3249     2.7505     30.621    33.5109    26.2015 -9.990e-29
 203.590755     30.952  34.234500     7.3226     2.7645     30.691    33.5143    26.2045 -9.990e-29
 203.590758     31.031  34.235919     7.3204     2.7780     30.770    33.5180    26.2077 -9.990e-29
 203.590761     31.113  34.237323     7.3181     2.7851     30.851    33.5217    26.2109 -9.990e-29
 203.590764     31.192  34.238528     7.3154     2.7973     30.929    33.5256    26.2144 -9.990e-29
 203.590767     31.262  34.239580     7.3125     2.8024     30.999    33.5295    26.2178 -9.990e-29
 203.590770     31.321  34.240757     7.3096     2.8042     31.057    33.5336    26.2214 -9.990e-29
 203.590773     31.363  34.242267     7.3074     2.8025     31.099    33.5373    26.2247 -9.990e-29
 203.590775     31.386  34.243974     7.3064     2.7982     31.122    33.5401    26.2271 -9.990e-29
 203.590778     31.385  34.245471     7.3073     2.7929     31.121    33.5409    26.2275 -9.990e-29
 203.590781     31.359  34.246345     7.3102     2.7858     31.095    33.5390    26.2257 -9.990e-29
 203.590784     31.311  34.246296     7.3146     2.7812     31.047    33.5347    26.2217 -9.990e-29
