data/oxygen options/OCNMS/OCNMS1/raw_data/2008/SBE19plus/CTD_KL042_081808faedb.cnv
* Sea-Bird SBE19plus Data File:
* FileName = C:\2008_Mooring_Data\081808_sevice\CTD_KL042_081808.hex
* Software Version 1.59
* Temperature SN =  4671
* Conductivity SN =  4671
* System UpLoad Time = Aug 18 2008 16:26:52
* ds
* SeacatPlus V 1.6b  SERIAL NO. 4671    18 Aug 2008  16:26:31
# nquan = 9
# nvalues = 44                          
# units = specified
# name 0 = timeJ: Julian Days
# name 1 = prdM: Pressure, Strain Gauge [db]
# name 2 = c0mS/cm: Conductivity [mS/cm]
# name 3 = tv290C: Temperature [ITS-90, deg C]
# name 4 = sbeox0ML/L: Oxygen, SBE 43 [ml/l]
# name 5 = depSM: Depth [salt water, m], lat = 47.5
# name 6 = sal00: Salinity, Practical [PSU]
# name 7 = sigma-é00: Density [sigma-theta, kg/m^3]
# name 8 = flag: flag
# span 0 = 231.681391, 231.683909       
# span 1 =      1.000,     44.000       
# span 2 =  33.648205,  37.933298       
# span 3 =     7.2246,    13.1682       
# span 4 =     1.6698,     5.4268       
# span 5 =      0.991,     43.628       
# span 6 =    28.0323,    33.7358       
# span 7 =    20.9728,    26.3925       
# span 8 = 0.0000e+00, 0.0000e+00       
# interval = decibars: 1                
# start_time = Aug 18 2008 16:20:17 [Instrument's time stamp, header]
# bad_flag = -9.990e-29
*END*
 231.681391      1.000  33.648205    13.1682     5.2170      0.991    28.0323    20.9728 0.0000e+00
 231.683001      2.000  37.248126    12.7501     5.3923      1.983    31.7113    23.8964 0.0000e+00
 231.683422      3.000  37.933298    12.2544     5.4268      2.975    32.7655    24.8062 0.0000e+00
 231.683437      4.000  37.571040    11.8585     5.4255      3.966    32.7627    24.8782 0.0000e+00
 231.683453      5.000  37.340893    11.6424     5.3247      4.958    32.7289    24.8919 0.0000e+00
 231.683472      6.000  37.256375    11.5432     4.8489      5.950    32.7336    24.9137 0.0000e+00
 231.683489      7.000  37.140517    11.3269     4.4212      6.941    32.8115    25.0134 0.0000e+00
 231.683502      8.000  36.914616    10.9049     4.3765      7.933    32.9654    25.2083 0.0000e+00
 231.683514      9.000  36.459332    10.1628     4.4180      8.925    33.1821    25.5050 0.0000e+00
 231.683524     10.000  35.791275     9.4058     4.3812      9.916    33.1968    25.6418 0.0000e+00
 231.683535     11.000  35.231016     8.9159     4.3152     10.908    33.0709    25.6210 0.0000e+00
 231.683545     12.000  34.916125     8.6258     4.2817     11.900    33.0116    25.6193 0.0000e+00
 231.683554     13.000  34.714975     8.3600     4.2599     12.891    33.0482    25.6882 0.0000e+00
 231.683565     14.000  34.494017     8.0732     4.2075     13.883    33.0835    25.7583 0.0000e+00
 231.683580     15.000  34.289347     7.9147     4.1361     14.874    33.0144    25.7273 0.0000e+00
 231.683597     16.000  34.240534     7.8300     3.9287     15.866    33.0418    25.7610 0.0000e+00
 231.683611     17.000  34.205996     7.7918     3.7502     16.857    33.0406    25.7656 0.0000e+00
 231.683625     18.000  34.208457     7.7707     3.7026     17.849    33.0628    25.7860 0.0000e+00
 231.683639     19.000  34.250957     7.7561     3.6179     18.841    33.1218    25.8345 0.0000e+00
 231.683654     20.000  34.269399     7.7396     3.4677     19.832    33.1567    25.8643 0.0000e+00
 231.683669     21.000  34.275775     7.7160     3.3198     20.824    33.1857    25.8905 0.0000e+00
 231.683686     22.000  34.254174     7.6528     3.2255     21.815    33.2222    25.9282 0.0000e+00
 231.683702     23.000  34.218374     7.5712     2.9466     22.807    33.2612    25.9704 0.0000e+00
 231.683713     24.000  34.188265     7.4987     2.7667     23.798    33.2977    26.0093 0.0000e+00
 231.683724     25.000  34.180842     7.4675     2.7251     24.790    33.3193    26.0307 0.0000e+00
 231.683735     26.000  34.215899     7.4508     2.6149     25.781    33.3727    26.0751 0.0000e+00
 231.683745     27.000  34.253520     7.4228     2.3042     26.773    33.4399    26.1319 0.0000e+00
 231.683755     28.000  34.261740     7.3956     2.0321     27.764    33.4747    26.1631 0.0000e+00
 231.683765     29.000  34.260769     7.3667     1.9153     28.756    33.5011    26.1879 0.0000e+00
 231.683774     30.000  34.270229     7.3233     1.8888     29.747    33.5530    26.2348 0.0000e+00
 231.683784     31.000  34.307771     7.2775     1.8862     30.739    33.6378    26.3080 0.0000e+00
 231.683793     32.000  34.335718     7.2509     1.8843     31.730    33.6937    26.3557 0.0000e+00
 231.683802     33.000  34.347702     7.2376     1.8754     32.722    33.7193    26.3776 0.0000e+00
 231.683813     34.000  34.351322     7.2322     1.8589     33.713    33.7280    26.3853 0.0000e+00
 231.683822     35.000  34.353322     7.2301     1.8389     34.705    33.7318    26.3885 0.0000e+00
 231.683831     36.000  34.354413     7.2300     1.8185     35.696    33.7325    26.3892 0.0000e+00
 231.683840     37.000  34.355371     7.2289     1.7987     36.688    33.7341    26.3906 0.0000e+00
 231.683848     38.000  34.355228     7.2270     1.7765     37.680    33.7354    26.3919 0.0000e+00
 231.683858     39.000  34.354508     7.2256     1.7587     38.671    33.7355    26.3921 0.0000e+00
 231.683867     40.000  34.354367     7.2246     1.7434     39.662    33.7358    26.3925 0.0000e+00
 231.683876     41.000  34.354917     7.2249     1.7290     40.654    33.7357    26.3924 0.0000e+00
 231.683885     42.000  34.355296     7.2257     1.7149     41.645    33.7348    26.3916 0.0000e+00
 231.683895     43.000  34.355812     7.2265     1.6972     42.637    33.7340    26.3909 0.0000e+00
 231.683909     44.000  34.356844     7.2294     1.6698     43.628    33.7319    26.3888 0.0000e+00
