data/oxygen options/OCNMS/OCNMS1/raw_data/2008/SBE19plus/CTD_CA015_071408faed.cnv
* Sea-Bird SBE19plus Data File:
* FileName = C:\2008_Mooring_Data\071408_sevice\CTD_CA015_071408.hex
* Software Version 1.59
* Temperature SN =  4671
* Conductivity SN =  4671
* System UpLoad Time = Jul 14 2008 17:11:33
* ds
* SeacatPlus V 1.6b  SERIAL NO. 4671    14 Jul 2008  17:11:12
# nquan = 9                                 
# nvalues = 3093                        
# units = specified
# name 0 = timeJ: Julian Days
# name 1 = prdM: Pressure, Strain Gauge [db]
# name 2 = c0mS/cm: Conductivity [mS/cm]
# name 3 = tv290C: Temperature [ITS-90, deg C]
# name 4 = sbeox0ML/L: Oxygen, SBE 43 [ml/l]
# name 5 = depSM: Depth [salt water, m], lat = 47.5
# name 6 = sal00: Salinity, Practical [PSU]
# name 7 = sigma-é00: Density [sigma-theta, kg/m^3]
# name 8 = flag: flag
# span 0 = 196.697731, 196.706678       
# span 1 =     -0.001,     22.175       
# span 2 =  -0.093491,  36.865946       
# span 3 =     7.3401,    13.1418       
# span 4 =     2.2150,     6.2183       
# span 5 =     -0.001,     21.989       
# span 6 =     0.0000,    33.6442       
# span 7 =    -0.6367,    26.3035       
# span 8 = 0.0000e+00, 0.0000e+00       
# interval = seconds: 0.25
# start_time = Jul 14 2008 16:44:44 [Instrument's time stamp, header]
# bad_flag = -9.990e-29
*END*
[from data line 2081]
 196.703753      5.287  35.993029     9.6465     4.0623      5.243    33.1837    25.5925 -9.990e-29
 196.703756      5.312  35.983853     9.6147     4.0848      5.268    33.2036    25.6133 -9.990e-29
 196.703759      5.342  35.969161     9.5725     4.0806      5.297    33.2276    25.6389 -9.990e-29
 196.703762      5.371  35.947089     9.5239     4.0636      5.326    33.2500    25.6643 -9.990e-29
 196.703764      5.398  35.915635     9.4744     4.0370      5.353    33.2635    25.6829 -9.990e-29
 196.703767      5.418  35.877398     9.4306     4.0110      5.373    33.2648    25.6910 -9.990e-29
 196.703770      5.428  35.837528     9.3993     3.9904      5.383    33.2528    25.6867 -9.990e-29
 196.703773      5.429  35.801095     9.3869     3.9870      5.384    33.2267    25.6683 -9.990e-29
 196.703776      5.421  35.774455     9.3964     3.9906      5.376    33.1904    25.6384 -9.990e-29
 196.703779      5.406  35.763301     9.4244     4.0018      5.361    33.1530    25.6046 -9.990e-29
 196.703782      5.387  35.770712     9.4628     4.0152      5.342    33.1251    25.5766 -9.990e-29
 196.703785      5.368  35.795127     9.5023     4.0280      5.323    33.1137    25.5613 -9.990e-29
 196.703788      5.351  35.829208     9.5361     4.0319      5.306    33.1175    25.5588 -9.990e-29
 196.703791      5.340  35.863061     9.5591     4.0276      5.295    33.1310    25.5656 -9.990e-29
 196.703793      5.336  35.890166     9.5661     4.0157      5.291    33.1524    25.5812 -9.990e-29
 196.703796      5.336  35.908632     9.5503     3.9932      5.291    33.1860    25.6100 -9.990e-29
 196.703799      5.338  35.916529     9.5117     3.9692      5.293    33.2299    25.6505 -9.990e-29
 196.703802      5.339  35.909188     9.4650     3.9450      5.294    33.2657    25.6861 -9.990e-29
 196.703805      5.337  35.878807     9.4310     3.9223      5.292    33.2659    25.6918 -9.990e-29
 196.703808      5.331  35.831128     9.4202     3.9047      5.286    33.2268    25.6630 -9.990e-29
 196.703811      5.322  35.793883     9.4309     3.8938      5.278    33.1785    25.6235 -9.990e-29
 196.703814      5.310  35.784509     9.4540     3.8885      5.266    33.1475    25.5955 -9.990e-29
 196.703817      5.300  35.797650     9.4765     3.8899      5.256    33.1402    25.5861 -9.990e-29
 196.703819      5.294  35.822376     9.4887     3.8998      5.250    33.1543    25.5952 -9.990e-29
 196.703822      5.293  35.846682     9.4874     3.9192      5.249    33.1805    25.6159 -9.990e-29
 196.703825      5.299  35.859076     9.4739     3.9511      5.255    33.2058    25.6379 -9.990e-29
 196.703828      5.312  35.856775     9.4526     3.9885      5.268    33.2232    25.6549 -9.990e-29
 196.703831      5.330  35.844577     9.4289     4.0412      5.285    33.2326    25.6661 -9.990e-29
 196.703834      5.352  35.826241     9.4066     4.0902      5.307    33.2344    25.6711 -9.990e-29
 196.703837      5.376  35.805833     9.3855     4.1410      5.331    33.2330    25.6734 -9.990e-29
 196.703840      5.400  35.788330     9.3637     4.1806      5.355    33.2351    25.6786 -9.990e-29
 196.703843      5.420  35.774488     9.3415     4.2062      5.375    33.2415    25.6871 -9.990e-29
 196.703845      5.434  35.760328     9.3239     4.2195      5.389    33.2432    25.6913 -9.990e-29
 196.703848      5.440  35.743524     9.3173     4.2105      5.395    33.2320    25.6836 -9.990e-29
 196.703851      5.440  35.727310     9.3236     4.1808      5.395    33.2094    25.6649 -9.990e-29
 196.703854      5.434  35.719368     9.3397     4.1316      5.389    33.1862    25.6442 -9.990e-29
 196.703857      5.424  35.724805     9.3617     4.0921      5.379    33.1714    25.6291 -9.990e-29
 196.703860      5.410  35.739492     9.3881     4.0485      5.365    33.1621    25.6175 -9.990e-29
 196.703863      5.392  35.757359     9.4195     4.0130      5.347    33.1514    25.6041 -9.990e-29
 196.703866      5.370  35.776915     9.4575     3.9935      5.325    33.1364    25.5863 -9.990e-29
 196.703869      5.344  35.799015     9.5028     3.9876      5.299    33.1172    25.5640 -9.990e-29
 196.703872      5.316  35.825034     9.5514     3.9981      5.272    33.0991    25.5419 -9.990e-29
 196.703874      5.291  35.857566     9.5956     4.0193      5.247    33.0917    25.5289 -9.990e-29
 196.703877      5.271  35.896118     9.6284     4.0478      5.227    33.1010    25.5309 -9.990e-29
 196.703880      5.262  35.933110     9.6448     4.0856      5.218    33.1238    25.5460 -9.990e-29
 196.703883      5.266  35.960223     9.6415     4.1158      5.222    33.1547    25.5706 -9.990e-29
 196.703886      5.282  35.973733     9.6185     4.1456      5.238    33.1898    25.6018 -9.990e-29
 196.703889      5.307  35.971659     9.5819     4.1754      5.263    33.2215    25.6326 -9.990e-29
 196.703892      5.338  35.952786     9.5410     4.2005      5.293    33.2400    25.6537 -9.990e-29
 196.703895      5.369  35.921459     9.5035     4.2227      5.324    33.2425    25.6618 -9.990e-29
 196.703898      5.395  35.886874     9.4747     4.2375      5.350    33.2336    25.6595 -9.990e-29
 196.703900      5.413  35.856553     9.4575     4.2415      5.368    33.2184    25.6503 -9.990e-29
 196.703903      5.422  35.833908     9.4533     4.2369      5.377    33.1989    25.6358 -9.990e-29
 196.703906      5.422  35.820747     9.4625     4.2256      5.377    33.1769    25.6171 -9.990e-29
 196.703909      5.415  35.817984     9.4837     4.1957      5.370    33.1544    25.5961 -9.990e-29
 196.703912      5.403  35.825419     9.5133     4.1537      5.358    33.1346    25.5759 -9.990e-29
 196.703915      5.390  35.842623     9.5464     4.1050      5.345    33.1217    25.5604 -9.990e-29
 196.703918      5.379  35.867121     9.5786     4.0553      5.334    33.1172    25.5516 -9.990e-29
 196.703921      5.371  35.894148     9.6066     4.0174      5.326    33.1191    25.5485 -9.990e-29
 196.703924      5.367  35.919582     9.6294     3.9826      5.322    33.1241    25.5487 -9.990e-29
 196.703927      5.365  35.941285     9.6481     3.9773      5.320    33.1291    25.5496 -9.990e-29
 196.703929      5.364  35.958062     9.6638     3.9720      5.319    33.1318    25.5491 -9.990e-29
 196.703932      5.361  35.970493     9.6763     3.9850      5.316    33.1330    25.5480 -9.990e-29
 196.703935      5.353  35.981333     9.6845     4.0039      5.308    33.1366    25.5495 -9.990e-29
 196.703938      5.342  35.990929     9.6868     4.0266      5.297    33.1443    25.5551 -9.990e-29
 196.703941      5.329  35.997244     9.6798     4.0373      5.284    33.1572    25.5663 -9.990e-29
 196.703944      5.319  35.999727     9.6595     4.0389      5.275    33.1785    25.5863 -9.990e-29
 196.703947      5.314  35.996738     9.6232     4.0265      5.270    33.2090    25.6161 -9.990e-29
 196.703950      5.317  35.984101     9.5740     4.0001      5.273    33.2416    25.6496 -9.990e-29
 196.703953      5.325  35.958125     9.5210     3.9737      5.280    33.2640    25.6757 -9.990e-29
 196.703955      5.336  35.918695     9.4739     3.9428      5.291    33.2672    25.6858 -9.990e-29
 196.703958      5.345  35.873729     9.4392     3.9225      5.300    33.2531    25.6804 -9.990e-29
 196.703961      5.348  35.834785     9.4203     3.9190      5.303    33.2305    25.6658 -9.990e-29
 196.703964      5.343  35.807478     9.4177     3.9337      5.298    33.2048    25.6461 -9.990e-29
 196.703967      5.332  35.793242     9.4301     3.9713      5.287    33.1786    25.6237 -9.990e-29
 196.703970      5.319  35.792231     9.4514     4.0255      5.275    33.1578    25.6040 -9.990e-29
 196.703973      5.310  35.803070     9.4704     4.0883      5.266    33.1514    25.5959 -9.990e-29
 196.703976      5.310  35.823170     9.4781     4.1688      5.266    33.1649    25.6053 -9.990e-29
 196.703979      5.322  35.843959     9.4726     4.2414      5.278    33.1914    25.6269 -9.990e-29
 196.703981      5.344  35.853136     9.4571     4.3006      5.299    33.2153    25.6480 -9.990e-29
 196.703984      5.372  35.847553     9.4348     4.3412      5.327    33.2302    25.6633 -9.990e-29
 196.703987      5.400  35.833305     9.4069     4.3589      5.355    33.2414    25.6765 -9.990e-29
 196.703990      5.424  35.815594     9.3759     4.3561      5.379    33.2519    25.6898 -9.990e-29
 196.703993      5.439  35.795107     9.3494     4.3415      5.394    33.2554    25.6967 -9.990e-29
 196.703996      5.442  35.770609     9.3381     4.3201      5.397    33.2406    25.6870 -9.990e-29
 196.703999      5.431  35.745987     9.3500     4.2890      5.386    33.2041    25.6565 -9.990e-29
 196.704002      5.405  35.731973     9.3867     4.2667      5.360    33.1556    25.6127 -9.990e-29
 196.704005      5.364  35.737987     9.4439     4.2485      5.319    33.1089    25.5670 -9.990e-29
 196.704008      5.311  35.765750     9.5134     4.2382      5.267    33.0732    25.5279 -9.990e-29
 196.704010      5.251  35.811148     9.5862     4.2355      5.207    33.0528    25.5000 -9.990e-29
 196.704013      5.190  35.866852     9.6546     4.2378      5.147    33.0469    25.4843 -9.990e-29
 196.704016      5.140  35.924518     9.7123     4.2464      5.097    33.0529    25.4795 -9.990e-29
 196.704019      5.107  35.977932     9.7556     4.2589      5.064    33.0677    25.4840 -9.990e-29
 196.704022      5.098  36.022596     9.7826     4.2721      5.055    33.0886    25.4958 -9.990e-29
 196.704025      5.114  36.055437     9.7928     4.2868      5.071    33.1127    25.5130 -9.990e-29
 196.704028      5.151  36.075867     9.7875     4.2981      5.108    33.1384    25.5340 -9.990e-29
 196.704031      5.202  36.083550     9.7716     4.3070      5.159    33.1609    25.5541 -9.990e-29
 196.704034      5.257  36.078256     9.7516     4.3161      5.213    33.1739    25.5676 -9.990e-29
 196.704036      5.305  36.063299     9.7340     4.3274      5.261    33.1748    25.5712 -9.990e-29
 196.704039      5.338  36.044849     9.7240     4.3340      5.293    33.1652    25.5653 -9.990e-29
 196.704042      5.353  36.028380     9.7233     4.3419      5.308    33.1490    25.5528 -9.990e-29
 196.704045      5.351  36.018472     9.7298     4.3527      5.306    33.1328    25.5391 -9.990e-29
 196.704048      5.336  36.018293     9.7404     4.3630      5.291    33.1229    25.5296 -9.990e-29
 196.704051      5.313  36.025499     9.7533     4.3735      5.269    33.1184    25.5239 -9.990e-29
 196.704054      5.284  36.035244     9.7677     4.3827      5.240    33.1151    25.5190 -9.990e-29
 196.704057      5.253  36.045627     9.7829     4.3865      5.209    33.1117    25.5139 -9.990e-29
 196.704060      5.222  36.056554     9.7987     4.3912      5.178    33.1084    25.5086 -9.990e-29
 196.704062      5.195  36.068053     9.8139     4.3997      5.152    33.1061    25.5044 -9.990e-29
 196.704065      5.174  36.080056     9.8273     4.4052      5.131    33.1061    25.5021 -9.990e-29
 196.704068      5.163  36.092081     9.8384     4.3950      5.120    33.1082    25.5019 -9.990e-29
 196.704071      5.162  36.102923     9.8476     4.3833      5.119    33.1108    25.5024 -9.990e-29
 196.704074      5.171  36.111493     9.8557     4.3726      5.128    33.1121    25.5021 -9.990e-29
 196.704077      5.189  36.118150     9.8638     4.3674      5.146    33.1114    25.5002 -9.990e-29
 196.704080      5.212  36.123897     9.8732     4.3487      5.168    33.1086    25.4965 -9.990e-29
 196.704083      5.238  36.129396     9.8847     4.3328      5.194    33.1036    25.4907 -9.990e-29
 196.704086      5.263  36.135699     9.8984     4.3192      5.219    33.0975    25.4836 -9.990e-29
 196.704089      5.286  36.143967     9.9122     4.3112      5.242    33.0932    25.4780 -9.990e-29
 196.704091      5.304  36.154718     9.9233     4.3097      5.260    33.0940    25.4767 -9.990e-29
 196.704094      5.317  36.166692     9.9301     4.3067      5.273    33.0999    25.4802 -9.990e-29
 196.704097      5.325  36.176417     9.9320     4.3093      5.280    33.1081    25.4863 -9.990e-29
 196.704100      5.329  36.181698     9.9295     4.3156      5.284    33.1157    25.4927 -9.990e-29
 196.704103      5.330  36.182786     9.9242     4.3234      5.285    33.1217    25.4982 -9.990e-29
 196.704106      5.329  36.180097     9.9176     4.3260      5.284    33.1250    25.5019 -9.990e-29
 196.704109      5.330  36.174883     9.9097     4.3255      5.285    33.1270    25.5048 -9.990e-29
 196.704112      5.333  36.169307     9.8986     4.3227      5.288    33.1315    25.5101 -9.990e-29
 196.704115      5.337  36.164054     9.8820     4.3185      5.292    33.1414    25.5206 -9.990e-29
 196.704117      5.341  36.157526     9.8610     4.3096      5.296    33.1540    25.5340 -9.990e-29
 196.704120      5.345  36.146777     9.8411     4.2990      5.300    33.1614    25.5430 -9.990e-29
 196.704123      5.347  36.130018     9.8273     4.2935      5.302    33.1570    25.5419 -9.990e-29
 196.704126      5.347  36.111545     9.8210     4.2861      5.302    33.1439    25.5327 -9.990e-29
 196.704129      5.344  36.099291     9.8208     4.2747      5.299    33.1316    25.5231 -9.990e-29
 196.704132      5.339  36.095425     9.8245     4.2621      5.294    33.1243    25.5168 -9.990e-29
 196.704135      5.333  36.096960     9.8295     4.2439      5.288    33.1212    25.5136 -9.990e-29
 196.704138      5.325  36.101353     9.8336     4.2262      5.280    33.1220    25.5135 -9.990e-29
 196.704141      5.318  36.106672     9.8351     4.2084      5.274    33.1260    25.5164 -9.990e-29
 196.704144      5.311  36.110930     9.8335     4.1957      5.267    33.1318    25.5212 -9.990e-29
 196.704146      5.306  36.112902     9.8284     4.1850      5.262    33.1385    25.5273 -9.990e-29
 196.704149      5.304  36.112012     9.8198     4.1861      5.260    33.1455    25.5342 -9.990e-29
 196.704152      5.306  36.108163     9.8081     4.1927      5.262    33.1524    25.5415 -9.990e-29
 196.704155      5.311  36.101715     9.7947     4.2037      5.267    33.1581    25.5482 -9.990e-29
 196.704158      5.319  36.092773     9.7818     4.2166      5.275    33.1609    25.5524 -9.990e-29
 196.704161      5.330  36.081934     9.7704     4.2294      5.285    33.1603    25.5539 -9.990e-29
 196.704164      5.345  36.071252     9.7590     4.2367      5.300    33.1599    25.5554 -9.990e-29
 196.704167      5.361  36.062860     9.7449     4.2449      5.316    33.1643    25.5612 -9.990e-29
 196.704170      5.380  36.055915     9.7271     4.2564      5.335    33.1736    25.5714 -9.990e-29
 196.704172      5.400  36.047039     9.7059     4.2662      5.355    33.1841    25.5831 -9.990e-29
 196.704175      5.420  36.034217     9.6831     4.2803      5.375    33.1920    25.5930 -9.990e-29
 196.704178      5.436  36.018170     9.6623     4.2936      5.391    33.1948    25.5986 -9.990e-29
 196.704181      5.447  36.000187     9.6478     4.2998      5.401    33.1897    25.5970 -9.990e-29
 196.704184      5.451  35.982512     9.6417     4.2996      5.405    33.1772    25.5882 -9.990e-29
 196.704187      5.446  35.969752     9.6445     4.2950      5.400    33.1616    25.5755 -9.990e-29
 196.704190      5.433  35.964921     9.6551     4.2792      5.388    33.1468    25.5623 -9.990e-29
 196.704193      5.415  35.967609     9.6702     4.2623      5.370    33.1357    25.5511 -9.990e-29
 196.704196      5.394  35.976582     9.6842     4.2381      5.349    33.1320    25.5459 -9.990e-29
 196.704198      5.375  35.990209     9.6920     4.2187      5.330    33.1387    25.5499 -9.990e-29
 196.704201      5.358  36.004089     9.6929     4.2099      5.313    33.1521    25.5602 -9.990e-29
 196.704204      5.343  36.012211     9.6914     4.2052      5.298    33.1618    25.5681 -9.990e-29
 196.704207      5.329  36.011949     9.6946     4.2101      5.284    33.1586    25.5650 -9.990e-29
 196.704210      5.315  36.006708     9.7063     4.2179      5.271    33.1425    25.5505 -9.990e-29
