data/oxygen options/OCNMS/OCNMS1/raw_data/2008/SBE19plus/CTD_CA042_072108faed.cnv
* Sea-Bird SBE19plus Data File:
* FileName = C:\2008_Mooring_Data\072108_service\CTD_CA042_072108.hex
* Software Version 1.59
* Temperature SN =  4671
* Conductivity SN =  4671
* System UpLoad Time = Jul 21 2008 15:46:05
* ds
* SeacatPlus V 1.6b  SERIAL NO. 4671    21 Jul 2008  15:45:50
# nquan = 9                                 
# nvalues = 3977                        
# units = specified
# name 0 = timeJ: Julian Days
# name 1 = prdM: Pressure, Strain Gauge [db]
# name 2 = c0mS/cm: Conductivity [mS/cm]
# name 3 = tv290C: Temperature [ITS-90, deg C]
# name 4 = sbeox0ML/L: Oxygen, SBE 43 [ml/l]
# name 5 = depSM: Depth [salt water, m], lat = 47.5
# name 6 = sal00: Salinity, Practical [PSU]
# name 7 = sigma-é00: Density [sigma-theta, kg/m^3]
# name 8 = flag: flag
# span 0 = 203.586620, 203.598125       
# span 1 =      0.022,     39.932       
# span 2 =   0.323992,  36.850001       
# span 3 =     7.2176,    14.3272       
# span 4 =     2.5803,     5.6948       
# span 5 =      0.022,     39.595       
# span 6 =     0.1971,    33.7178       
# span 7 =    -0.6430,    26.3790       
# span 8 = 0.0000e+00, 0.0000e+00       
# interval = seconds: 0.25
# start_time = Jul 21 2008 14:04:44 [Instrument's time stamp, header]
# bad_flag = -9.990e-29
*END*
[from data line 1921]
 203.592179     20.438  34.415139     7.8105     3.1274     20.266    33.2455    25.9238 -9.990e-29
 203.592182     20.451  34.415061     7.8103     3.1290     20.279    33.2456    25.9240 -9.990e-29
 203.592185     20.464  34.415082     7.8101     3.1281     20.292    33.2458    25.9241 -9.990e-29
 203.592187     20.475  34.415038     7.8098     3.1242     20.303    33.2460    25.9244 -9.990e-29
 203.592190     20.480  34.414830     7.8096     3.1263     20.308    33.2460    25.9244 -9.990e-29
 203.592193     20.478  34.414551     7.8097     3.1236     20.306    33.2456    25.9241 -9.990e-29
 203.592196     20.468  34.414348     7.8101     3.1227     20.296    33.2450    25.9235 -9.990e-29
 203.592199     20.452  34.414315     7.8109     3.1214     20.280    33.2442    25.9228 -9.990e-29
 203.592202     20.433  34.414596     7.8117     3.1260     20.261    33.2438    25.9223 -9.990e-29
 203.592205     20.415  34.415310     7.8124     3.1249     20.244    33.2439    25.9223 -9.990e-29
 203.592208     20.401  34.416256     7.8126     3.1278     20.230    33.2447    25.9229 -9.990e-29
 203.592211     20.394  34.417041     7.8123     3.1309     20.223    33.2458    25.9239 -9.990e-29
 203.592214     20.393  34.417419     7.8116     3.1335     20.222    33.2469    25.9248 -9.990e-29
 203.592216     20.402  34.417315     7.8104     3.1379     20.231    33.2479    25.9258 -9.990e-29
 203.592219     20.418  34.416735     7.8089     3.1368     20.247    33.2487    25.9266 -9.990e-29
 203.592222     20.442  34.415791     7.8069     3.1372     20.270    33.2496    25.9276 -9.990e-29
 203.592225     20.472  34.414630     7.8045     3.1373     20.300    33.2506    25.9288 -9.990e-29
 203.592228     20.505  34.413178     7.8020     3.1405     20.333    33.2514    25.9298 -9.990e-29
 203.592231     20.535  34.411309     7.7998     3.1375     20.363    33.2515    25.9301 -9.990e-29
 203.592234     20.561  34.409146     7.7981     3.1382     20.388    33.2508    25.9298 -9.990e-29
 203.592237     20.578  34.407018     7.7971     3.1371     20.405    33.2495    25.9289 -9.990e-29
 203.592240     20.585  34.405373     7.7969     3.1358     20.412    33.2479    25.9277 -9.990e-29
 203.592242     20.582  34.404481     7.7975     3.1376     20.409    33.2464    25.9264 -9.990e-29
 203.592245     20.569  34.404279     7.7988     3.1373     20.396    33.2449    25.9251 -9.990e-29
 203.592248     20.547  34.404758     7.8006     3.1402     20.375    33.2437    25.9239 -9.990e-29
 203.592251     20.520  34.405997     7.8025     3.1371     20.348    33.2433    25.9233 -9.990e-29
 203.592254     20.489  34.407742     7.8042     3.1374     20.317    33.2435    25.9232 -9.990e-29
 203.592257     20.460  34.409514     7.8056     3.1354     20.288    33.2441    25.9235 -9.990e-29
 203.592260     20.436  34.411031     7.8067     3.1369     20.264    33.2447    25.9238 -9.990e-29
 203.592263     20.422  34.412219     7.8074     3.1339     20.251    33.2453    25.9242 -9.990e-29
 203.592266     20.420  34.413094     7.8076     3.1346     20.249    33.2461    25.9247 -9.990e-29
 203.592269     20.428  34.413675     7.8075     3.1365     20.257    33.2468    25.9253 -9.990e-29
 203.592271     20.446  34.413927     7.8070     3.1352     20.274    33.2475    25.9260 -9.990e-29
 203.592274     20.469  34.413853     7.8064     3.1378     20.297    33.2480    25.9264 -9.990e-29
 203.592277     20.494  34.413536     7.8057     3.1405     20.322    33.2483    25.9268 -9.990e-29
 203.592280     20.519  34.413063     7.8051     3.1417     20.347    33.2484    25.9269 -9.990e-29
 203.592283     20.542  34.412589     7.8046     3.1409     20.370    33.2483    25.9269 -9.990e-29
 203.592286     20.563  34.412271     7.8041     3.1428     20.390    33.2484    25.9271 -9.990e-29
 203.592289     20.583  34.412004     7.8035     3.1408     20.410    33.2487    25.9274 -9.990e-29
 203.592292     20.600  34.411629     7.8030     3.1427     20.427    33.2488    25.9275 -9.990e-29
 203.592295     20.613  34.411153     7.8027     3.1419     20.440    33.2486    25.9274 -9.990e-29
 203.592297     20.619  34.410631     7.8025     3.1395     20.446    33.2482    25.9271 -9.990e-29
 203.592300     20.616  34.410172     7.8027     3.1368     20.443    33.2475    25.9266 -9.990e-29
 203.592303     20.603  34.409903     7.8034     3.1373     20.430    33.2466    25.9257 -9.990e-29
 203.592306     20.582  34.409915     7.8045     3.1370     20.409    33.2455    25.9248 -9.990e-29
 203.592309     20.555  34.410362     7.8058     3.1384     20.382    33.2448    25.9240 -9.990e-29
 203.592312     20.530  34.411319     7.8070     3.1400     20.358    33.2447    25.9237 -9.990e-29
 203.592315     20.510  34.412546     7.8078     3.1391     20.338    33.2452    25.9240 -9.990e-29
 203.592318     20.501  34.413682     7.8080     3.1428     20.329    33.2463    25.9248 -9.990e-29
 203.592321     20.503  34.414490     7.8077     3.1452     20.331    33.2474    25.9258 -9.990e-29
 203.592323     20.514  34.414780     7.8068     3.1432     20.342    33.2486    25.9268 -9.990e-29
 203.592326     20.533  34.414467     7.8055     3.1444     20.361    33.2495    25.9277 -9.990e-29
 203.592329     20.555  34.413722     7.8035     3.1433     20.382    33.2506    25.9289 -9.990e-29
 203.592332     20.579  34.412703     7.8012     3.1394     20.406    33.2517    25.9301 -9.990e-29
 203.592335     20.602  34.411309     7.7987     3.1391     20.429    33.2525    25.9311 -9.990e-29
 203.592338     20.622  34.409451     7.7964     3.1383     20.449    33.2527    25.9316 -9.990e-29
 203.592341     20.635  34.407324     7.7945     3.1385     20.462    33.2523    25.9315 -9.990e-29
 203.592344     20.641  34.405268     7.7934     3.1384     20.468    33.2511    25.9307 -9.990e-29
 203.592347     20.637  34.403571     7.7934     3.1380     20.464    33.2493    25.9293 -9.990e-29
 203.592350     20.623  34.402502     7.7945     3.1400     20.450    33.2471    25.9274 -9.990e-29
 203.592352     20.600  34.402345     7.7966     3.1408     20.427    33.2449    25.9254 -9.990e-29
 203.592355     20.571  34.403287     7.7990     3.1388     20.398    33.2437    25.9241 -9.990e-29
 203.592358     20.539  34.405157     7.8014     3.1400     20.367    33.2434    25.9235 -9.990e-29
 203.592361     20.510  34.407421     7.8034     3.1404     20.338    33.2439    25.9237 -9.990e-29
 203.592364     20.485  34.409561     7.8048     3.1386     20.313    33.2449    25.9242 -9.990e-29
 203.592367     20.468  34.411308     7.8052     3.1384     20.296    33.2464    25.9253 -9.990e-29
 203.592370     20.461  34.412478     7.8049     3.1391     20.289    33.2480    25.9266 -9.990e-29
 203.592373     20.463  34.412888     7.8040     3.1403     20.291    33.2493    25.9277 -9.990e-29
 203.592376     20.476  34.412496     7.8029     3.1399     20.304    33.2499    25.9284 -9.990e-29
 203.592378     20.498  34.411587     7.8016     3.1394     20.326    33.2501    25.9288 -9.990e-29
 203.592381     20.529  34.410611     7.8001     3.1374     20.357    33.2505    25.9293 -9.990e-29
 203.592384     20.567  34.409715     7.7985     3.1360     20.394    33.2510    25.9300 -9.990e-29
 203.592387     20.609  34.408768     7.7967     3.1364     20.436    33.2517    25.9307 -9.990e-29
 203.592390     20.653  34.407674     7.7947     3.1309     20.480    33.2524    25.9316 -9.990e-29
 203.592393     20.696  34.406401     7.7926     3.1307     20.522    33.2531    25.9324 -9.990e-29
 203.592396     20.736  34.404952     7.7904     3.1289     20.562    33.2536    25.9331 -9.990e-29
 203.592399     20.769  34.403302     7.7882     3.1303     20.595    33.2539    25.9337 -9.990e-29
 203.592402     20.792  34.401484     7.7865     3.1331     20.617    33.2536    25.9337 -9.990e-29
 203.592405     20.800  34.399653     7.7854     3.1319     20.625    33.2526    25.9331 -9.990e-29
 203.592407     20.788  34.398023     7.7854     3.1325     20.613    33.2509    25.9317 -9.990e-29
 203.592410     20.755  34.396917     7.7866     3.1345     20.581    33.2486    25.9297 -9.990e-29
 203.592413     20.699  34.396654     7.7889     3.1393     20.525    33.2461    25.9275 -9.990e-29
 203.592416     20.621  34.397425     7.7919     3.1436     20.448    33.2441    25.9255 -9.990e-29
 203.592419     20.527  34.399284     7.7949     3.1470     20.355    33.2433    25.9244 -9.990e-29
 203.592422     20.426  34.401865     7.7977     3.1518     20.255    33.2434    25.9241 -9.990e-29
 203.592425     20.330  34.404479     7.7999     3.1531     20.159    33.2442    25.9244 -9.990e-29
 203.592428     20.249  34.406681     7.8015     3.1547     20.079    33.2451    25.9248 -9.990e-29
 203.592431     20.193  34.408338     7.8024     3.1560     20.023    33.2460    25.9254 -9.990e-29
 203.592433     20.166  34.409464     7.8027     3.1517     19.997    33.2470    25.9261 -9.990e-29
 203.592436     20.169  34.410116     7.8024     3.1619     20.000    33.2479    25.9269 -9.990e-29
 203.592439     20.198  34.410288     7.8018     3.1615     20.028    33.2487    25.9276 -9.990e-29
 203.592442     20.246  34.410026     7.8012     3.1607     20.076    33.2490    25.9279 -9.990e-29
 203.592445     20.308  34.409519     7.8007     3.1585     20.138    33.2489    25.9279 -9.990e-29
 203.592448     20.373  34.409040     7.8003     3.1594     20.202    33.2487    25.9278 -9.990e-29
 203.592451     20.431  34.408759     7.8001     3.1527     20.259    33.2486    25.9278 -9.990e-29
 203.592454     20.472  34.408578     7.8002     3.1550     20.300    33.2482    25.9275 -9.990e-29
 203.592457     20.491  34.408361     7.8009     3.1520     20.319    33.2473    25.9267 -9.990e-29
 203.592459     20.490  34.408288     7.8023     3.1483     20.318    33.2459    25.9254 -9.990e-29
 203.592462     20.475  34.408688     7.8040     3.1504     20.303    33.2447    25.9242 -9.990e-29
 203.592465     20.455  34.409650     7.8058     3.1441     20.283    33.2441    25.9234 -9.990e-29
 203.592468     20.437  34.410936     7.8076     3.1446     20.265    33.2437    25.9229 -9.990e-29
 203.592471     20.427  34.412286     7.8089     3.1497     20.256    33.2439    25.9229 -9.990e-29
 203.592474     20.427  34.413559     7.8095     3.1396     20.256    33.2447    25.9234 -9.990e-29
 203.592477     20.436  34.414535     7.8095     3.1420     20.264    33.2458    25.9242 -9.990e-29
 203.592480     20.450  34.414977     7.8088     3.1420     20.278    33.2469    25.9252 -9.990e-29
 203.592483     20.466  34.414897     7.8076     3.1460     20.294    33.2480    25.9262 -9.990e-29
 203.592486     20.479  34.414384     7.8058     3.1523     20.307    33.2491    25.9274 -9.990e-29
 203.592488     20.486  34.413385     7.8041     3.1493     20.314    33.2497    25.9281 -9.990e-29
 203.592491     20.484  34.411911     7.8030     3.1562     20.312    33.2491    25.9278 -9.990e-29
 203.592494     20.472  34.410260     7.8030     3.1572     20.300    33.2474    25.9264 -9.990e-29
 203.592497     20.449  34.409006     7.8038     3.1594     20.277    33.2453    25.9247 -9.990e-29
 203.592500     20.418  34.408764     7.8051     3.1567     20.247    33.2438    25.9233 -9.990e-29
 203.592503     20.382  34.409619     7.8063     3.1559     20.211    33.2436    25.9230 -9.990e-29
 203.592506     20.347  34.410934     7.8072     3.1484     20.176    33.2442    25.9233 -9.990e-29
 203.592509     20.318  34.412042     7.8076     3.1448     20.147    33.2450    25.9239 -9.990e-29
 203.592512     20.299  34.412743     7.8075     3.1454     20.129    33.2458    25.9246 -9.990e-29
 203.592514     20.294  34.413052     7.8070     3.1415     20.124    33.2466    25.9253 -9.990e-29
 203.592517     20.304  34.412944     7.8060     3.1437     20.134    33.2475    25.9261 -9.990e-29
 203.592520     20.326  34.412392     7.8048     3.1424     20.155    33.2480    25.9267 -9.990e-29
 203.592523     20.358  34.411486     7.8034     3.1485     20.187    33.2484    25.9271 -9.990e-29
 203.592526     20.397  34.410354     7.8018     3.1470     20.226    33.2487    25.9276 -9.990e-29
 203.592529     20.440  34.409020     7.8001     3.1527     20.268    33.2488    25.9280 -9.990e-29
 203.592532     20.485  34.407558     7.7982     3.1539     20.313    33.2491    25.9284 -9.990e-29
 203.592535     20.530  34.406029     7.7962     3.1566     20.358    33.2493    25.9289 -9.990e-29
 203.592538     20.574  34.404365     7.7943     3.1582     20.401    33.2493    25.9292 -9.990e-29
 203.592541     20.615  34.402606     7.7926     3.1583     20.442    33.2490    25.9292 -9.990e-29
 203.592543     20.650  34.400938     7.7912     3.1590     20.477    33.2485    25.9290 -9.990e-29
 203.592546     20.676  34.399533     7.7903     3.1581     20.502    33.2479    25.9287 -9.990e-29
 203.592549     20.690  34.398468     7.7901     3.1557     20.516    33.2469    25.9279 -9.990e-29
 203.592552     20.688  34.397758     7.7906     3.1524     20.514    33.2457    25.9269 -9.990e-29
 203.592555     20.670  34.397514     7.7919     3.1500     20.496    33.2442    25.9255 -9.990e-29
 203.592558     20.635  34.397909     7.7939     3.1491     20.462    33.2427    25.9241 -9.990e-29
 203.592561     20.587  34.399026     7.7962     3.1487     20.414    33.2418    25.9230 -9.990e-29
 203.592564     20.533  34.400809     7.7983     3.1490     20.361    33.2417    25.9226 -9.990e-29
 203.592567     20.478  34.402927     7.7999     3.1499     20.306    33.2425    25.9230 -9.990e-29
 203.592569     20.429  34.404852     7.8011     3.1524     20.257    33.2434    25.9236 -9.990e-29
 203.592572     20.389  34.406248     7.8019     3.1542     20.218    33.2442    25.9241 -9.990e-29
 203.592575     20.362  34.407124     7.8024     3.1579     20.191    33.2446    25.9244 -9.990e-29
 203.592578     20.345  34.407653     7.8027     3.1588     20.174    33.2449    25.9245 -9.990e-29
 203.592581     20.337  34.407974     7.8028     3.1571     20.166    33.2452    25.9247 -9.990e-29
 203.592584     20.334  34.408174     7.8027     3.1571     20.163    33.2455    25.9250 -9.990e-29
 203.592587     20.335  34.408285     7.8026     3.1564     20.164    33.2457    25.9252 -9.990e-29
 203.592590     20.337  34.408318     7.8025     3.1563     20.166    33.2458    25.9253 -9.990e-29
 203.592593     20.339  34.408322     7.8026     3.1552     20.168    33.2457    25.9252 -9.990e-29
 203.592595     20.341  34.408420     7.8028     3.1535     20.170    33.2457    25.9251 -9.990e-29
 203.592598     20.344  34.408682     7.8031     3.1498     20.173    33.2457    25.9251 -9.990e-29
 203.592601     20.351  34.409031     7.8035     3.1484     20.180    33.2456    25.9250 -9.990e-29
 203.592604     20.364  34.409409     7.8039     3.1410     20.193    33.2457    25.9249 -9.990e-29
 203.592607     20.383  34.409809     7.8044     3.1389     20.212    33.2456    25.9248 -9.990e-29
 203.592610     20.409  34.410208     7.8049     3.1340     20.238    33.2455    25.9247 -9.990e-29
 203.592613     20.441  34.410599     7.8055     3.1291     20.269    33.2454    25.9245 -9.990e-29
 203.592616     20.475  34.411013     7.8058     3.1364     20.303    33.2455    25.9246 -9.990e-29
 203.592619     20.508  34.411464     7.8058     3.1369     20.336    33.2460    25.9249 -9.990e-29
 203.592622     20.539  34.411870     7.8054     3.1424     20.367    33.2468    25.9256 -9.990e-29
 203.592624     20.566  34.412068     7.8045     3.1467     20.393    33.2478    25.9266 -9.990e-29
 203.592627     20.588  34.411960     7.8034     3.1526     20.415    33.2488    25.9275 -9.990e-29
 203.592630     20.605  34.411562     7.8022     3.1546     20.432    33.2495    25.9282 -9.990e-29
 203.592633     20.619  34.410937     7.8011     3.1562     20.446    33.2498    25.9286 -9.990e-29
 203.592636     20.629  34.410246     7.8004     3.1515     20.456    33.2498    25.9287 -9.990e-29
