data/oxygen options/OCNMS/OCNMS1/raw_data/2008/SBE19plus/CTD_TH042_090508faedb.cnv
* Sea-Bird SBE19plus Data File:
* FileName = C:\2008_Mooring_Data\090508_service\CTD_TH042_090508.hex
* Software Version 1.59
* Temperature SN =  4671
* Conductivity SN =  4671
* System UpLoad Time = Sep 05 2008 17:12:47
* ds
* SeacatPlus V 1.6b  SERIAL NO. 4671    05 Sep 2008  17:12:29
# nquan = 9
# nvalues = 39                          
# units = specified
# name 0 = timeJ: Julian Days
# name 1 = prdM: Pressure, Strain Gauge [db]
# name 2 = c0mS/cm: Conductivity [mS/cm]
# name 3 = tv290C: Temperature [ITS-90, deg C]
# name 4 = sbeox0ML/L: Oxygen, SBE 43 [ml/l]
# name 5 = depSM: Depth [salt water, m], lat = 47.5
# name 6 = sal00: Salinity, Practical [PSU]
# name 7 = sigma-é00: Density [sigma-theta, kg/m^3]
# name 8 = flag: flag
# span 0 = 249.695944, 249.699547       
# span 1 =      1.000,     39.000       
# span 2 =  24.193677,  37.523178       
# span 3 =     7.3786,    12.7279       
# span 4 =     2.3406,     5.9473       
# span 5 =      0.992,     38.671       
# span 6 =    19.9712,    33.7669       
# span 7 =    14.8378,    26.3955       
# span 8 = 0.0000e+00, 0.0000e+00       
# interval = decibars: 1                
# start_time = Sep 05 2008 16:41:39 [Instrument's time stamp, header]
# bad_flag = -9.990e-29
*END*
 249.695944      1.000  24.193677    12.7279     5.9473      0.992    19.9712    14.8378 0.0000e+00
 249.695961      2.000  36.300082    12.4333     5.9074      1.983    31.0987    23.4828 0.0000e+00
 249.697480      3.000  37.523178    12.1590     5.9376      2.975    32.4541    24.5826 0.0000e+00
 249.699008      4.000  37.242882    11.8168     5.8347      3.966    32.4808    24.6672 0.0000e+00
 249.699093      5.000  37.017288    11.5805     5.3012      4.958    32.4676    24.7002 0.0000e+00
 249.699116      6.000  36.896212    11.3601     4.7270      5.950    32.5426    24.7984 0.0000e+00
 249.699129      7.000  36.627437    10.9358     4.3292      6.941    32.6528    24.9597 0.0000e+00
 249.699141      8.000  36.340147    10.5990     4.1937      7.933    32.6673    25.0296 0.0000e+00
 249.699151      9.000  36.096988    10.2508     4.1701      8.924    32.7358    25.1425 0.0000e+00
 249.699165     10.000  35.798306     9.7838     4.1105      9.916    32.8563    25.3144 0.0000e+00
 249.699179     11.000  35.522472     9.4641     4.0240     10.908    32.8660    25.3740 0.0000e+00
 249.699193     12.000  35.409168     9.2982     3.9649     11.899    32.9012    25.4281 0.0000e+00
 249.699205     13.000  35.306507     9.1436     3.9135     12.891    32.9373    25.4808 0.0000e+00
 249.699219     14.000  35.209016     9.0025     3.8497     13.883    32.9662    25.5256 0.0000e+00
 249.699235     15.000  35.140238     8.8946     3.7190     14.874    32.9944    25.5645 0.0000e+00
 249.699249     16.000  35.082235     8.7878     3.5658     15.866    33.0327    25.6111 0.0000e+00
 249.699262     17.000  35.034145     8.6858     3.4312     16.857    33.0771    25.6616 0.0000e+00
 249.699274     18.000  34.959186     8.5347     3.3410     17.849    33.1395    25.7335 0.0000e+00
 249.699287     19.000  34.868050     8.3781     3.2399     18.841    33.1903    25.7969 0.0000e+00
 249.699303     20.000  34.779470     8.2126     3.0670     19.832    33.2524    25.8704 0.0000e+00
 249.699323     21.000  34.703336     8.0606     2.9661     20.824    33.3152    25.9422 0.0000e+00
 249.699337     22.000  34.636386     7.9121     2.9322     21.815    33.3849    26.0186 0.0000e+00
 249.699349     23.000  34.605375     7.8544     2.8918     22.807    33.4064    26.0439 0.0000e+00
 249.699362     24.000  34.584697     7.7999     2.8540     23.798    33.4359    26.0750 0.0000e+00
 249.699376     25.000  34.556773     7.7232     2.8310     24.790    33.4790    26.1200 0.0000e+00
 249.699391     26.000  34.532741     7.6544     2.8347     25.781    33.5190    26.1612 0.0000e+00
 249.699404     27.000  34.519311     7.6227     2.8438     26.773    33.5346    26.1781 0.0000e+00
 249.699416     28.000  34.509254     7.5942     2.8250     27.764    33.5508    26.1949 0.0000e+00
 249.699429     29.000  34.499199     7.5692     2.7529     28.756    33.5636    26.2085 0.0000e+00
 249.699441     30.000  34.489246     7.5360     2.6725     29.748    33.5844    26.2296 0.0000e+00
 249.699452     31.000  34.477804     7.5008     2.6117     30.739    33.6056    26.2513 0.0000e+00
 249.699464     32.000  34.474882     7.4786     2.5484     31.730    33.6235    26.2685 0.0000e+00
 249.699474     33.000  34.476813     7.4629     2.4675     32.722    33.6404    26.2840 0.0000e+00
 249.699485     34.000  34.480085     7.4477     2.3991     33.713    33.6581    26.3001 0.0000e+00
 249.699495     35.000  34.482289     7.4313     2.3658     34.705    33.6760    26.3165 0.0000e+00
 249.699505     36.000  34.486839     7.4120     2.3521     35.696    33.6992    26.3375 0.0000e+00
 249.699518     37.000  34.497358     7.3943     2.3458     36.688    33.7274    26.3621 0.0000e+00
 249.699530     38.000  34.509067     7.3832     2.3508     37.679    33.7504    26.3818 0.0000e+00
 249.699547     39.000  34.520488     7.3786     2.3406     38.671    33.7669    26.3955 0.0000e+00
