data/oxygen options/OCNMS/OCNMS1/raw_data/2008/SBE19plus/CTD_CA015_090508faedb.cnv
* Sea-Bird SBE19plus Data File:
* FileName = C:\2008_Mooring_Data\090508_service\CTD_CA015_090508.hex
* Software Version 1.59
* Temperature SN =  4671
* Conductivity SN =  4671
* System UpLoad Time = Sep 05 2008 13:22:49
* ds
* SeacatPlus V 1.6b  SERIAL NO. 4671    05 Sep 2008  13:22:34
# nquan = 9
# nvalues = 26                          
# units = specified
# name 0 = timeJ: Julian Days
# name 1 = prdM: Pressure, Strain Gauge [db]
# name 2 = c0mS/cm: Conductivity [mS/cm]
# name 3 = tv290C: Temperature [ITS-90, deg C]
# name 4 = sbeox0ML/L: Oxygen, SBE 43 [ml/l]
# name 5 = depSM: Depth [salt water, m], lat = 47.5
# name 6 = sal00: Salinity, Practical [PSU]
# name 7 = sigma-é00: Density [sigma-theta, kg/m^3]
# name 8 = flag: flag
# span 0 = 249.543091, 249.545217       
# span 1 =      1.000,     26.000       
# span 2 =  31.196196,  36.582342       
# span 3 =     7.9306,    11.7432       
# span 4 =     2.5056,     5.3105       
# span 5 =      0.992,     25.781       
# span 6 =    26.8740,    33.3900       
# span 7 =    20.3384,    26.0200       
# span 8 = 0.0000e+00, 0.0000e+00       
# interval = decibars: 1                
# start_time = Sep 05 2008 13:01:40 [Instrument's time stamp, header]
# bad_flag = -9.990e-29
*END*
 249.543091      1.000  31.196196    11.7432     5.3105      0.992    26.8740    20.3384 0.0000e+00
 249.544357      2.000  35.001526    11.5256     4.3412      1.983    30.6184    23.2775 0.0000e+00
 249.544918      3.000  36.582342    11.2057     3.1249      2.975    32.3714    24.6928 0.0000e+00
 249.544936      4.000  36.299971    10.4107     3.0616      3.967    32.7992    25.1641 0.0000e+00
 249.544952      5.000  35.629114     9.2710     3.2165      4.958    33.1568    25.6318 0.0000e+00
 249.544971      6.000  35.174779     8.7080     3.2704      5.950    33.2090    25.7614 0.0000e+00
 249.544984      7.000  35.024568     8.4883     3.2647      6.941    33.2572    25.8326 0.0000e+00
 249.544995      8.000  34.932081     8.3560     3.2230      7.933    33.2840    25.8736 0.0000e+00
 249.545008      9.000  34.843998     8.2380     3.1890      8.925    33.3019    25.9053 0.0000e+00
 249.545022     10.000  34.800305     8.1881     3.1696      9.916    33.3025    25.9132 0.0000e+00
 249.545035     11.000  34.769446     8.1326     3.1426     10.908    33.3219    25.9367 0.0000e+00
 249.545046     12.000  34.744891     8.1112     3.1117     11.899    33.3157    25.9350 0.0000e+00
 249.545058     13.000  34.734830     8.1007     3.0802     12.891    33.3144    25.9355 0.0000e+00
 249.545069     14.000  34.727892     8.0910     3.0428     13.883    33.3158    25.9381 0.0000e+00
 249.545081     15.000  34.722665     8.0813     2.9605     14.874    33.3189    25.9420 0.0000e+00
 249.545095     16.000  34.719219     8.0751     2.8064     15.866    33.3207    25.9443 0.0000e+00
 249.545107     17.000  34.714611     8.0637     2.7299     16.858    33.3262    25.9503 0.0000e+00
 249.545117     18.000  34.709356     8.0432     2.7124     17.849    33.3396    25.9638 0.0000e+00
 249.545127     19.000  34.700532     8.0125     2.6968     18.841    33.3590    25.9836 0.0000e+00
 249.545137     20.000  34.689705     7.9926     2.6804     19.832    33.3660    25.9920 0.0000e+00
 249.545148     21.000  34.683334     7.9811     2.6618     20.824    33.3696    25.9966 0.0000e+00
 249.545162     22.000  34.679786     7.9744     2.5815     21.815    33.3718    25.9992 0.0000e+00
 249.545175     23.000  34.676268     7.9641     2.5655     22.806    33.3774    26.0052 0.0000e+00
 249.545187     24.000  34.669941     7.9533     2.5312     23.798    33.3804    26.0092 0.0000e+00
 249.545202     25.000  34.667139     7.9439     2.5056     24.790    33.3860    26.0149 0.0000e+00
 249.545217     26.000  34.659468     7.9306     2.5126     25.781    33.3900    26.0200 0.0000e+00
