data/oxygen options/OCNMS/OCNMS1/raw_data/2008/SBE19plus/CTD_CE042_081808faed.cnv
* Sea-Bird SBE19plus Data File:
* FileName = C:\2008_Mooring_Data\081808_sevice\CTD_CE042_081808.hex
* Software Version 1.59
* Temperature SN =  4671
* Conductivity SN =  4671
* System UpLoad Time = Aug 18 2008 13:50:44
* ds
* SeacatPlus V 1.6b  SERIAL NO. 4671    18 Aug 2008  13:50:25
# nquan = 9                                 
# nvalues = 3656                        
# units = specified
# name 0 = timeJ: Julian Days
# name 1 = prdM: Pressure, Strain Gauge [db]
# name 2 = c0mS/cm: Conductivity [mS/cm]
# name 3 = tv290C: Temperature [ITS-90, deg C]
# name 4 = sbeox0ML/L: Oxygen, SBE 43 [ml/l]
# name 5 = depSM: Depth [salt water, m], lat = 47.5
# name 6 = sal00: Salinity, Practical [PSU]
# name 7 = sigma-é00: Density [sigma-theta, kg/m^3]
# name 8 = flag: flag
# span 0 = 231.558461, 231.569036       
# span 1 =     -0.079,     47.104       
# span 2 =   0.282880,  38.536498       
# span 3 =     7.2513,    14.7832       
# span 4 =     0.4592,     6.2061       
# span 5 =     -0.078,     46.706       
# span 6 =     0.1697,    33.8010       
# span 7 =    -0.7338,    26.4369       
# span 8 = 0.0000e+00, 0.0000e+00       
# interval = seconds: 0.25
# start_time = Aug 18 2008 13:24:11 [Instrument's time stamp, header]
# bad_flag = -9.990e-29
*END*
[from data line 2241]
 231.564945     19.624  34.609050     7.6389     1.2018     19.459    33.6193    26.2422 -9.990e-29
 231.564948     19.608  34.607647     7.6376     1.2030     19.443    33.6190    26.2422 -9.990e-29
 231.564951     19.595  34.606619     7.6367     1.2047     19.431    33.6188    26.2421 -9.990e-29
 231.564954     19.585  34.605952     7.6359     1.2027     19.421    33.6189    26.2423 -9.990e-29
 231.564957     19.576  34.605639     7.6347     1.2029     19.412    33.6197    26.2431 -9.990e-29
 231.564959     19.568  34.605465     7.6334     1.2018     19.404    33.6208    26.2442 -9.990e-29
 231.564962     19.559  34.604973     7.6326     1.2085     19.395    33.6210    26.2445 -9.990e-29
 231.564965     19.551  34.604254     7.6323     1.2095     19.387    33.6205    26.2441 -9.990e-29
 231.564968     19.545  34.603881     7.6324     1.2100     19.381    33.6200    26.2437 -9.990e-29
 231.564971     19.542  34.603904     7.6329     1.2161     19.378    33.6196    26.2433 -9.990e-29
 231.564974     19.545  34.604060     7.6334     1.2172     19.381    33.6193    26.2430 -9.990e-29
 231.564977     19.553  34.604347     7.6337     1.2221     19.389    33.6193    26.2429 -9.990e-29
 231.564980     19.566  34.604692     7.6340     1.2252     19.402    33.6193    26.2430 -9.990e-29
 231.564983     19.582  34.604795     7.6344     1.2245     19.418    33.6191    26.2427 -9.990e-29
 231.564986     19.599  34.604771     7.6348     1.2240     19.435    33.6186    26.2423 -9.990e-29
 231.564988     19.616  34.604962     7.6352     1.2264     19.451    33.6185    26.2421 -9.990e-29
 231.564991     19.633  34.605285     7.6359     1.2282     19.468    33.6181    26.2417 -9.990e-29
 231.564994     19.649  34.605505     7.6369     1.2260     19.484    33.6174    26.2410 -9.990e-29
 231.564997     19.665  34.605661     7.6383     1.2258     19.500    33.6162    26.2399 -9.990e-29
 231.565000     19.682  34.606072     7.6399     1.2253     19.517    33.6151    26.2388 -9.990e-29
 231.565003     19.700  34.606868     7.6416     1.2233     19.535    33.6143    26.2379 -9.990e-29
 231.565006     19.718  34.607939     7.6430     1.2242     19.553    33.6141    26.2375 -9.990e-29
 231.565009     19.735  34.609162     7.6440     1.2211     19.569    33.6144    26.2377 -9.990e-29
 231.565012     19.749  34.610251     7.6446     1.2231     19.583    33.6150    26.2380 -9.990e-29
 231.565014     19.757  34.610953     7.6449     1.2197     19.591    33.6155    26.2383 -9.990e-29
 231.565017     19.759  34.611303     7.6450     1.2227     19.593    33.6158    26.2386 -9.990e-29
 231.565020     19.754  34.611458     7.6452     1.2196     19.588    33.6157    26.2385 -9.990e-29
 231.565023     19.740  34.611500     7.6456     1.2185     19.574    33.6154    26.2382 -9.990e-29
 231.565026     19.718  34.611507     7.6465     1.2169     19.553    33.6145    26.2374 -9.990e-29
 231.565029     19.688  34.611633     7.6480     1.2163     19.523    33.6132    26.2362 -9.990e-29
 231.565032     19.651  34.612062     7.6502     1.2161     19.486    33.6116    26.2345 -9.990e-29
 231.565035     19.610  34.612976     7.6531     1.2161     19.445    33.6098    26.2327 -9.990e-29
 231.565038     19.568  34.614425     7.6567     1.2162     19.404    33.6079    26.2307 -9.990e-29
 231.565041     19.527  34.616340     7.6606     1.2156     19.363    33.6062    26.2288 -9.990e-29
 231.565043     19.491  34.618692     7.6643     1.2199     19.327    33.6052    26.2275 -9.990e-29
 231.565046     19.462  34.621389     7.6673     1.2219     19.299    33.6052    26.2271 -9.990e-29
 231.565049     19.443  34.624020     7.6698     1.2236     19.280    33.6056    26.2271 -9.990e-29
 231.565052     19.435  34.626005     7.6719     1.2280     19.272    33.6058    26.2268 -9.990e-29
 231.565055     19.438  34.627416     7.6732     1.2309     19.275    33.6060    26.2269 -9.990e-29
 231.565058     19.452  34.628776     7.6739     1.2324     19.289    33.6068    26.2274 -9.990e-29
 231.565061     19.474  34.629710     7.6743     1.2358     19.311    33.6074    26.2278 -9.990e-29
 231.565064     19.502  34.629864     7.6744     1.2354     19.338    33.6075    26.2278 -9.990e-29
 231.565067     19.536  34.629931     7.6742     1.2333     19.372    33.6077    26.2281 -9.990e-29
 231.565069     19.572  34.630127     7.6741     1.2340     19.408    33.6080    26.2283 -9.990e-29
 231.565072     19.610  34.629984     7.6742     1.2321     19.445    33.6077    26.2281 -9.990e-29
 231.565075     19.649  34.629702     7.6739     1.2302     19.484    33.6077    26.2281 -9.990e-29
 231.565078     19.690  34.629816     7.6719     1.2316     19.525    33.6097    26.2300 -9.990e-29
 231.565081     19.729  34.630048     7.6678     1.2288     19.563    33.6139    26.2339 -9.990e-29
 231.565084     19.766  34.629398     7.6624     1.2242     19.600    33.6184    26.2382 -9.990e-29
 231.565087     19.797  34.626915     7.6572     1.2244     19.631    33.6208    26.2408 -9.990e-29
 231.565090     19.818  34.622985     7.6533     1.2252     19.652    33.6203    26.2409 -9.990e-29
 231.565093     19.826  34.619081     7.6517     1.2231     19.660    33.6176    26.2391 -9.990e-29
 231.565095     19.819  34.616196     7.6529     1.2222     19.653    33.6134    26.2355 -9.990e-29
 231.565098     19.798  34.614837     7.6567     1.2225     19.632    33.6082    26.2310 -9.990e-29
 231.565101     19.765  34.615375     7.6624     1.2245     19.599    33.6033    26.2263 -9.990e-29
 231.565104     19.724  34.617912     7.6685     1.2257     19.558    33.6002    26.2230 -9.990e-29
 231.565107     19.682  34.621952     7.6741     1.2268     19.517    33.5991    26.2213 -9.990e-29
 231.565110     19.642  34.626390     7.6783     1.2259     19.477    33.5999    26.2213 -9.990e-29
 231.565113     19.609  34.630249     7.6813     1.2259     19.444    33.6012    26.2219 -9.990e-29
 231.565116     19.583  34.633070     7.6832     1.2263     19.419    33.6024    26.2226 -9.990e-29
 231.565119     19.565  34.634839     7.6845     1.2324     19.401    33.6031    26.2229 -9.990e-29
 231.565122     19.552  34.635876     7.6855     1.2344     19.388    33.6032    26.2229 -9.990e-29
 231.565124     19.540  34.636521     7.6865     1.2351     19.376    33.6029    26.2225 -9.990e-29
 231.565127     19.527  34.637042     7.6873     1.2375     19.363    33.6027    26.2223 -9.990e-29
 231.565130     19.513  34.637633     7.6879     1.2381     19.349    33.6028    26.2222 -9.990e-29
 231.565133     19.499  34.638206     7.6882     1.2379     19.335    33.6031    26.2224 -9.990e-29
 231.565136     19.490  34.638578     7.6881     1.2371     19.326    33.6036    26.2229 -9.990e-29
 231.565139     19.488  34.638742     7.6875     1.2371     19.324    33.6044    26.2235 -9.990e-29
 231.565142     19.497  34.638740     7.6862     1.2335     19.333    33.6056    26.2247 -9.990e-29
 231.565145     19.520  34.638510     7.6843     1.2371     19.356    33.6072    26.2262 -9.990e-29
 231.565148     19.553  34.637838     7.6820     1.2357     19.389    33.6087    26.2277 -9.990e-29
 231.565150     19.594  34.636628     7.6795     1.2322     19.430    33.6098    26.2289 -9.990e-29
 231.565153     19.635  34.635207     7.6768     1.2337     19.470    33.6109    26.2301 -9.990e-29
 231.565156     19.671  34.633762     7.6745     1.2352     19.506    33.6115    26.2310 -9.990e-29
 231.565159     19.697  34.632078     7.6734     1.2358     19.532    33.6107    26.2305 -9.990e-29
 231.565162     19.710  34.630357     7.6741     1.2331     19.545    33.6082    26.2284 -9.990e-29
 231.565165     19.711  34.629356     7.6763     1.2338     19.546    33.6050    26.2256 -9.990e-29
 231.565168     19.702  34.629722     7.6792     1.2339     19.537    33.6026    26.2233 -9.990e-29
 231.565171     19.689  34.631313     7.6820     1.2343     19.524    33.6016    26.2221 -9.990e-29
 231.565174     19.675  34.633425     7.6842     1.2346     19.510    33.6018    26.2219 -9.990e-29
 231.565177     19.662  34.635472     7.6854     1.2356     19.497    33.6028    26.2226 -9.990e-29
 231.565179     19.651  34.636999     7.6860     1.2357     19.486    33.6039    26.2234 -9.990e-29
 231.565182     19.641  34.637759     7.6862     1.2360     19.476    33.6045    26.2238 -9.990e-29
 231.565185     19.631  34.637890     7.6863     1.2373     19.466    33.6046    26.2238 -9.990e-29
 231.565188     19.622  34.637771     7.6863     1.2369     19.457    33.6044    26.2237 -9.990e-29
 231.565191     19.615  34.637718     7.6862     1.2366     19.450    33.6045    26.2238 -9.990e-29
 231.565194     19.611  34.637716     7.6860     1.2374     19.446    33.6047    26.2240 -9.990e-29
 231.565197     19.612  34.637650     7.6856     1.2382     19.447    33.6050    26.2243 -9.990e-29
 231.565200     19.617  34.637538     7.6851     1.2374     19.452    33.6054    26.2246 -9.990e-29
 231.565203     19.626  34.637362     7.6846     1.2373     19.461    33.6056    26.2249 -9.990e-29
 231.565205     19.636  34.637063     7.6842     1.2379     19.471    33.6057    26.2250 -9.990e-29
 231.565208     19.647  34.636752     7.6839     1.2386     19.482    33.6057    26.2250 -9.990e-29
 231.565211     19.657  34.636562     7.6838     1.2365     19.492    33.6055    26.2250 -9.990e-29
 231.565214     19.664  34.636455     7.6838     1.2387     19.499    33.6054    26.2249 -9.990e-29
 231.565217     19.670  34.636413     7.6839     1.2398     19.505    33.6053    26.2247 -9.990e-29
 231.565220     19.674  34.636456     7.6839     1.2434     19.509    33.6053    26.2248 -9.990e-29
 231.565223     19.674  34.636566     7.6837     1.2438     19.509    33.6056    26.2251 -9.990e-29
 231.565226     19.671  34.636686     7.6833     1.2480     19.506    33.6062    26.2255 -9.990e-29
 231.565229     19.662  34.636654     7.6832     1.2479     19.497    33.6062    26.2256 -9.990e-29
 231.565231     19.646  34.636323     7.6836     1.2508     19.481    33.6055    26.2249 -9.990e-29
 231.565234     19.626  34.636010     7.6841     1.2512     19.461    33.6047    26.2242 -9.990e-29
 231.565237     19.603  34.636185     7.6845     1.2511     19.438    33.6045    26.2240 -9.990e-29
 231.565240     19.581  34.636728     7.6844     1.2524     19.417    33.6052    26.2246 -9.990e-29
 231.565243     19.564  34.637237     7.6837     1.2517     19.400    33.6064    26.2257 -9.990e-29
 231.565246     19.556  34.637395     7.6822     1.2489     19.392    33.6080    26.2272 -9.990e-29
 231.565249     19.556  34.637065     7.6798     1.2469     19.392    33.6100    26.2290 -9.990e-29
 231.565252     19.563  34.636257     7.6766     1.2481     19.399    33.6122    26.2312 -9.990e-29
 231.565255     19.574  34.634870     7.6732     1.2458     19.410    33.6140    26.2331 -9.990e-29
 231.565258     19.587  34.632842     7.6702     1.2470     19.423    33.6147    26.2341 -9.990e-29
 231.565260     19.597  34.630485     7.6682     1.2416     19.433    33.6141    26.2339 -9.990e-29
 231.565263     19.605  34.628367     7.6673     1.2417     19.440    33.6127    26.2329 -9.990e-29
 231.565266     19.608  34.626945     7.6673     1.2447     19.443    33.6111    26.2317 -9.990e-29
 231.565269     19.610  34.626434     7.6676     1.2426     19.445    33.6103    26.2310 -9.990e-29
 231.565272     19.611  34.626626     7.6680     1.2452     19.446    33.6101    26.2308 -9.990e-29
 231.565275     19.611  34.627062     7.6683     1.2451     19.446    33.6103    26.2309 -9.990e-29
 231.565278     19.612  34.627468     7.6684     1.2487     19.447    33.6106    26.2312 -9.990e-29
 231.565281     19.612  34.627717     7.6685     1.2466     19.447    33.6108    26.2313 -9.990e-29
 231.565284     19.611  34.627752     7.6689     1.2523     19.446    33.6105    26.2310 -9.990e-29
 231.565286     19.609  34.627699     7.6695     1.2528     19.444    33.6098    26.2304 -9.990e-29
 231.565289     19.606  34.627797     7.6704     1.2513     19.441    33.6091    26.2297 -9.990e-29
 231.565292     19.605  34.628153     7.6711     1.2515     19.440    33.6088    26.2293 -9.990e-29
 231.565295     19.606  34.628710     7.6715     1.2507     19.441    33.6090    26.2294 -9.990e-29
 231.565298     19.612  34.629314     7.6711     1.2490     19.447    33.6100    26.2303 -9.990e-29
 231.565301     19.623  34.629664     7.6699     1.2484     19.458    33.6116    26.2317 -9.990e-29
 231.565304     19.639  34.629479     7.6680     1.2477     19.474    33.6132    26.2332 -9.990e-29
 231.565307     19.657  34.628651     7.6658     1.2455     19.492    33.6144    26.2345 -9.990e-29
 231.565310     19.675  34.627289     7.6635     1.2443     19.510    33.6151    26.2354 -9.990e-29
 231.565313     19.691  34.625726     7.6616     1.2440     19.526    33.6153    26.2358 -9.990e-29
 231.565315     19.701  34.624199     7.6606     1.2429     19.536    33.6146    26.2354 -9.990e-29
 231.565318     19.703  34.622867     7.6608     1.2451     19.538    33.6130    26.2341 -9.990e-29
 231.565321     19.698  34.622090     7.6622     1.2455     19.533    33.6108    26.2322 -9.990e-29
 231.565324     19.686  34.622160     7.6646     1.2478     19.521    33.6086    26.2301 -9.990e-29
 231.565327     19.669  34.623090     7.6676     1.2505     19.504    33.6067    26.2282 -9.990e-29
 231.565330     19.650  34.624735     7.6707     1.2536     19.485    33.6054    26.2268 -9.990e-29
 231.565333     19.631  34.626839     7.6735     1.2526     19.466    33.6050    26.2260 -9.990e-29
 231.565336     19.616  34.629006     7.6757     1.2531     19.451    33.6052    26.2259 -9.990e-29
 231.565339     19.604  34.630848     7.6773     1.2510     19.439    33.6057    26.2260 -9.990e-29
 231.565341     19.598  34.632232     7.6781     1.2490     19.434    33.6064    26.2265 -9.990e-29
 231.565344     19.596  34.633164     7.6784     1.2485     19.432    33.6071    26.2270 -9.990e-29
 231.565347     19.599  34.633654     7.6779     1.2480     19.435    33.6081    26.2278 -9.990e-29
 231.565350     19.605  34.633789     7.6764     1.2436     19.440    33.6097    26.2293 -9.990e-29
 231.565353     19.612  34.633574     7.6743     1.2459     19.447    33.6115    26.2310 -9.990e-29
 231.565356     19.616  34.632655     7.6722     1.2460     19.451    33.6126    26.2321 -9.990e-29
 231.565359     19.616  34.631016     7.6708     1.2444     19.451    33.6121    26.2320 -9.990e-29
 231.565362     19.610  34.629363     7.6705     1.2460     19.445    33.6107    26.2309 -9.990e-29
 231.565365     19.595  34.628253     7.6716     1.2474     19.431    33.6084    26.2290 -9.990e-29
 231.565367     19.573  34.627908     7.6741     1.2497     19.409    33.6056    26.2264 -9.990e-29
 231.565370     19.547  34.628531     7.6775     1.2529     19.383    33.6030    26.2239 -9.990e-29
 231.565373     19.521  34.630154     7.6811     1.2550     19.357    33.6013    26.2220 -9.990e-29
 231.565376     19.497  34.632480     7.6844     1.2572     19.333    33.6006    26.2210 -9.990e-29
 231.565379     19.482  34.635005     7.6868     1.2582     19.318    33.6010    26.2210 -9.990e-29
 231.565382     19.476  34.637272     7.6882     1.2585     19.313    33.6021    26.2217 -9.990e-29
 231.565385     19.483  34.638954     7.6886     1.2559     19.319    33.6036    26.2227 -9.990e-29
 231.565388     19.502  34.639901     7.6881     1.2542     19.338    33.6051    26.2240 -9.990e-29
 231.565391     19.533  34.640137     7.6865     1.2536     19.369    33.6068    26.2256 -9.990e-29
 231.565394     19.575  34.639779     7.6836     1.2499     19.411    33.6092    26.2279 -9.990e-29
 231.565396     19.625  34.638959     7.6791     1.2475     19.460    33.6127    26.2313 -9.990e-29
 231.565399     19.679  34.637458     7.6735     1.2467     19.514    33.6164    26.2350 -9.990e-29
 231.565402     19.731  34.634817     7.6679     1.2459     19.565    33.6190    26.2378 -9.990e-29
