data/oxygen options/OCNMS/OCNMS1/raw_data/2008/SBE19plus/CTD_TH042_090508faed.cnv
* Sea-Bird SBE19plus Data File:
* FileName = C:\2008_Mooring_Data\090508_service\CTD_TH042_090508.hex
* Software Version 1.59
* Temperature SN =  4671
* Conductivity SN =  4671
* System UpLoad Time = Sep 05 2008 17:12:47
* ds
* SeacatPlus V 1.6b  SERIAL NO. 4671    05 Sep 2008  17:12:29
# nquan = 9                                 
# nvalues = 4647                        
# units = specified
# name 0 = timeJ: Julian Days
# name 1 = prdM: Pressure, Strain Gauge [db]
# name 2 = c0mS/cm: Conductivity [mS/cm]
# name 3 = tv290C: Temperature [ITS-90, deg C]
# name 4 = sbeox0ML/L: Oxygen, SBE 43 [ml/l]
# name 5 = depSM: Depth [salt water, m], lat = 47.5
# name 6 = sal00: Salinity, Practical [PSU]
# name 7 = sigma-é00: Density [sigma-theta, kg/m^3]
# name 8 = flag: flag
# span 0 = 249.695590, 249.709034       
# span 1 =      0.039,     39.164       
# span 2 =   0.067024,  37.751663       
# span 3 =     7.3763,    13.4426       
# span 4 =     2.2553,     7.0601       
# span 5 =      0.039,     38.833       
# span 6 =     0.0428,    33.7705       
# span 7 =    -0.6451,    26.3985       
# span 8 = 0.0000e+00, 0.0000e+00       
# interval = seconds: 0.25
# start_time = Sep 05 2008 16:41:39 [Instrument's time stamp, header]
# bad_flag = -9.990e-29
*END*
[from data line 1761]
 249.700686     30.177  34.455081     7.4695     2.4505     29.923    33.6117    26.2605 -9.990e-29
 249.700689     30.170  34.454811     7.4694     2.4509     29.916    33.6115    26.2604 -9.990e-29
 249.700692     30.156  34.454594     7.4692     2.4540     29.902    33.6115    26.2604 -9.990e-29
 249.700694     30.135  34.454480     7.4694     2.4427     29.881    33.6112    26.2601 -9.990e-29
 249.700697     30.104  34.454433     7.4700     2.4378     29.851    33.6106    26.2595 -9.990e-29
 249.700700     30.063  34.454399     7.4711     2.4387     29.810    33.6095    26.2585 -9.990e-29
 249.700703     30.014  34.454327     7.4725     2.4317     29.761    33.6081    26.2572 -9.990e-29
 249.700706     29.958  34.454135     7.4739     2.4318     29.706    33.6066    26.2558 -9.990e-29
 249.700709     29.903  34.453764     7.4748     2.4290     29.651    33.6053    26.2547 -9.990e-29
 249.700712     29.855  34.453302     7.4751     2.4285     29.604    33.6045    26.2540 -9.990e-29
 249.700715     29.820  34.452913     7.4751     2.4277     29.569    33.6041    26.2537 -9.990e-29
 249.700718     29.802  34.452671     7.4747     2.4276     29.551    33.6043    26.2539 -9.990e-29
 249.700720     29.801  34.452555     7.4741     2.4250     29.550    33.6047    26.2543 -9.990e-29
 249.700723     29.815  34.452493     7.4734     2.4205     29.564    33.6053    26.2549 -9.990e-29
 249.700726     29.838  34.452422     7.4729     2.4162     29.587    33.6057    26.2553 -9.990e-29
 249.700729     29.864  34.452369     7.4725     2.4115     29.613    33.6060    26.2556 -9.990e-29
 249.700732     29.887  34.452350     7.4723     2.4069     29.635    33.6062    26.2558 -9.990e-29
 249.700735     29.905  34.452349     7.4722     2.4070     29.653    33.6063    26.2558 -9.990e-29
 249.700738     29.917  34.452376     7.4722     2.4086     29.665    33.6063    26.2559 -9.990e-29
 249.700741     29.927  34.452452     7.4722     2.4115     29.675    33.6064    26.2559 -9.990e-29
 249.700744     29.940  34.452551     7.4722     2.4160     29.688    33.6065    26.2560 -9.990e-29
 249.700747     29.961  34.452658     7.4720     2.4249     29.709    33.6068    26.2563 -9.990e-29
 249.700749     29.991  34.452781     7.4714     2.4319     29.739    33.6075    26.2569 -9.990e-29
 249.700752     30.028  34.452845     7.4702     2.4372     29.775    33.6087    26.2580 -9.990e-29
 249.700755     30.069  34.452811     7.4687     2.4406     29.816    33.6101    26.2593 -9.990e-29
 249.700758     30.107  34.452791     7.4673     2.4439     29.854    33.6114    26.2606 -9.990e-29
 249.700761     30.139  34.452877     7.4662     2.4439     29.885    33.6126    26.2616 -9.990e-29
 249.700764     30.161  34.453041     7.4656     2.4446     29.907    33.6133    26.2623 -9.990e-29
 249.700767     30.172  34.453220     7.4656     2.4445     29.918    33.6135    26.2624 -9.990e-29
 249.700770     30.171  34.453416     7.4663     2.4428     29.917    33.6130    26.2620 -9.990e-29
 249.700773     30.161  34.453620     7.4674     2.4424     29.907    33.6122    26.2612 -9.990e-29
 249.700775     30.142  34.453754     7.4689     2.4417     29.888    33.6109    26.2599 -9.990e-29
 249.700778     30.119  34.453777     7.4705     2.4428     29.865    33.6094    26.2585 -9.990e-29
 249.700781     30.091  34.453689     7.4721     2.4413     29.838    33.6078    26.2570 -9.990e-29
 249.700784     30.061  34.453473     7.4736     2.4409     29.808    33.6061    26.2555 -9.990e-29
 249.700787     30.028  34.453168     7.4747     2.4364     29.775    33.6047    26.2542 -9.990e-29
 249.700790     29.993  34.452863     7.4755     2.4306     29.741    33.6036    26.2533 -9.990e-29
 249.700793     29.956  34.452605     7.4759     2.4252     29.704    33.6030    26.2527 -9.990e-29
 249.700796     29.918  34.452392     7.4759     2.4178     29.666    33.6027    26.2525 -9.990e-29
 249.700799     29.881  34.452211     7.4758     2.4130     29.629    33.6027    26.2525 -9.990e-29
 249.700802     29.848  34.452078     7.4756     2.4046     29.597    33.6027    26.2526 -9.990e-29
 249.700804     29.821  34.452033     7.4755     2.4017     29.570    33.6028    26.2526 -9.990e-29
 249.700807     29.804  34.452072     7.4753     2.3988     29.553    33.6030    26.2528 -9.990e-29
 249.700810     29.800  34.452129     7.4752     2.4016     29.549    33.6032    26.2530 -9.990e-29
 249.700813     29.810  34.452105     7.4749     2.4081     29.559    33.6035    26.2532 -9.990e-29
 249.700816     29.834  34.451887     7.4745     2.4121     29.583    33.6036    26.2534 -9.990e-29
 249.700819     29.872  34.451479     7.4737     2.4185     29.621    33.6039    26.2538 -9.990e-29
 249.700822     29.921  34.451075     7.4725     2.4253     29.669    33.6046    26.2545 -9.990e-29
 249.700825     29.977  34.450869     7.4708     2.4325     29.725    33.6060    26.2558 -9.990e-29
 249.700828     30.034  34.450937     7.4689     2.4348     29.781    33.6079    26.2576 -9.990e-29
 249.700830     30.085  34.451278     7.4672     2.4397     29.832    33.6099    26.2594 -9.990e-29
 249.700833     30.125  34.451808     7.4658     2.4396     29.871    33.6118    26.2611 -9.990e-29
 249.700836     30.148  34.452384     7.4650     2.4423     29.894    33.6132    26.2623 -9.990e-29
 249.700839     30.150  34.452904     7.4649     2.4435     29.896    33.6139    26.2628 -9.990e-29
 249.700842     30.129  34.453313     7.4657     2.4445     29.875    33.6135    26.2624 -9.990e-29
 249.700845     30.088  34.453550     7.4671     2.4414     29.835    33.6125    26.2614 -9.990e-29
 249.700848     30.030  34.453568     7.4690     2.4375     29.777    33.6107    26.2597 -9.990e-29
 249.700851     29.962  34.453382     7.4712     2.4329     29.710    33.6084    26.2576 -9.990e-29
 249.700854     29.890  34.453047     7.4732     2.4263     29.638    33.6061    26.2555 -9.990e-29
 249.700856     29.819  34.452633     7.4748     2.4164     29.568    33.6041    26.2538 -9.990e-29
 249.700859     29.754  34.452227     7.4758     2.4039     29.504    33.6027    26.2525 -9.990e-29
 249.700862     29.696  34.451916     7.4765     2.3940     29.446    33.6018    26.2517 -9.990e-29
 249.700865     29.650  34.451726     7.4768     2.3847     29.400    33.6013    26.2512 -9.990e-29
 249.700868     29.617  34.451626     7.4770     2.3817     29.368    33.6010    26.2510 -9.990e-29
 249.700871     29.602  34.451569     7.4771     2.3808     29.353    33.6008    26.2509 -9.990e-29
 249.700874     29.607  34.451520     7.4770     2.3836     29.358    33.6009    26.2509 -9.990e-29
 249.700877     29.636  34.451474     7.4767     2.3933     29.387    33.6011    26.2511 -9.990e-29
 249.700880     29.688  34.451383     7.4760     2.3998     29.438    33.6017    26.2517 -9.990e-29
 249.700883     29.761  34.451235     7.4746     2.4086     29.510    33.6028    26.2528 -9.990e-29
 249.700885     29.850  34.451134     7.4725     2.4178     29.599    33.6047    26.2545 -9.990e-29
 249.700888     29.948  34.451204     7.4699     2.4245     29.696    33.6073    26.2569 -9.990e-29
 249.700891     30.045  34.451547     7.4672     2.4310     29.792    33.6102    26.2596 -9.990e-29
 249.700894     30.132  34.452166     7.4647     2.4327     29.878    33.6133    26.2624 -9.990e-29
 249.700897     30.198  34.452967     7.4630     2.4356     29.944    33.6157    26.2646 -9.990e-29
 249.700900     30.233  34.453816     7.4623     2.4392     29.978    33.6173    26.2659 -9.990e-29
 249.700903     30.231  34.454546     7.4628     2.4427     29.976    33.6176    26.2661 -9.990e-29
 249.700906     30.194  34.454996     7.4643     2.4446     29.940    33.6167    26.2651 -9.990e-29
 249.700909     30.126  34.455051     7.4664     2.4428     29.872    33.6147    26.2633 -9.990e-29
 249.700911     30.037  34.454721     7.4688     2.4434     29.784    33.6121    26.2609 -9.990e-29
 249.700914     29.935  34.454133     7.4711     2.4419     29.683    33.6093    26.2583 -9.990e-29
 249.700917     29.828  34.453456     7.4729     2.4382     29.577    33.6069    26.2562 -9.990e-29
 249.700920     29.720  34.452816     7.4741     2.4321     29.470    33.6050    26.2546 -9.990e-29
 249.700923     29.620  34.452289     7.4747     2.4214     29.371    33.6039    26.2536 -9.990e-29
 249.700926     29.531  34.451914     7.4750     2.4150     29.282    33.6033    26.2531 -9.990e-29
 249.700929     29.459  34.451667     7.4753     2.4089     29.211    33.6028    26.2526 -9.990e-29
 249.700932     29.407  34.451474     7.4758     2.4044     29.159    33.6021    26.2520 -9.990e-29
 249.700935     29.377  34.451288     7.4766     2.4024     29.130    33.6011    26.2511 -9.990e-29
 249.700938     29.369  34.451126     7.4778     2.4079     29.122    33.5998    26.2499 -9.990e-29
 249.700940     29.384  34.450990     7.4792     2.4119     29.137    33.5983    26.2485 -9.990e-29
 249.700943     29.421  34.450844     7.4804     2.4191     29.173    33.5970    26.2473 -9.990e-29
 249.700946     29.477  34.450688     7.4808     2.4276     29.229    33.5964    26.2468 -9.990e-29
 249.700949     29.548  34.450543     7.4800     2.4331     29.299    33.5970    26.2474 -9.990e-29
 249.700952     29.629  34.450421     7.4781     2.4365     29.380    33.5986    26.2490 -9.990e-29
 249.700955     29.712  34.450394     7.4756     2.4404     29.462    33.6010    26.2512 -9.990e-29
 249.700958     29.792  34.450559     7.4728     2.4439     29.541    33.6038    26.2538 -9.990e-29
 249.700961     29.862  34.450913     7.4705     2.4411     29.611    33.6064    26.2562 -9.990e-29
 249.700964     29.915  34.451374     7.4688     2.4404     29.663    33.6085    26.2581 -9.990e-29
 249.700966     29.949  34.451831     7.4682     2.4384     29.697    33.6096    26.2590 -9.990e-29
 249.700969     29.961  34.452190     7.4688     2.4358     29.709    33.6094    26.2588 -9.990e-29
 249.700972     29.949  34.452428     7.4706     2.4383     29.697    33.6079    26.2573 -9.990e-29
 249.700975     29.915  34.452536     7.4733     2.4365     29.663    33.6054    26.2550 -9.990e-29
 249.700978     29.862  34.452472     7.4762     2.4379     29.611    33.6026    26.2523 -9.990e-29
 249.700981     29.795  34.452226     7.4787     2.4388     29.544    33.5999    26.2499 -9.990e-29
 249.700984     29.721  34.451881     7.4805     2.4395     29.471    33.5978    26.2480 -9.990e-29
 249.700987     29.648  34.451562     7.4814     2.4401     29.398    33.5967    26.2469 -9.990e-29
 249.700990     29.580  34.451341     7.4817     2.4363     29.331    33.5962    26.2465 -9.990e-29
 249.700992     29.521  34.451222     7.4815     2.4310     29.273    33.5962    26.2466 -9.990e-29
 249.700995     29.469  34.451198     7.4809     2.4256     29.221    33.5968    26.2472 -9.990e-29
 249.700998     29.422  34.451202     7.4803     2.4193     29.174    33.5974    26.2477 -9.990e-29
 249.701001     29.378  34.451168     7.4800     2.4109     29.131    33.5977    26.2480 -9.990e-29
 249.701004     29.336  34.451128     7.4800     2.4048     29.089    33.5977    26.2480 -9.990e-29
 249.701007     29.299  34.451133     7.4803     2.4009     29.052    33.5974    26.2477 -9.990e-29
 249.701010     29.273  34.451182     7.4807     2.3986     29.027    33.5971    26.2474 -9.990e-29
 249.701013     29.263  34.451243     7.4814     2.3985     29.017    33.5965    26.2468 -9.990e-29
 249.701016     29.274  34.451293     7.4820     2.4002     29.028    33.5960    26.2463 -9.990e-29
 249.701019     29.310  34.451303     7.4823     2.4068     29.063    33.5957    26.2460 -9.990e-29
 249.701021     29.371  34.451258     7.4820     2.4121     29.124    33.5959    26.2462 -9.990e-29
 249.701024     29.452  34.451178     7.4807     2.4158     29.204    33.5970    26.2473 -9.990e-29
 249.701027     29.547  34.451102     7.4783     2.4210     29.298    33.5992    26.2494 -9.990e-29
 249.701030     29.649  34.451086     7.4752     2.4230     29.399    33.6021    26.2521 -9.990e-29
 249.701033     29.748  34.451204     7.4721     2.4254     29.498    33.6052    26.2550 -9.990e-29
 249.701036     29.833  34.451528     7.4695     2.4277     29.582    33.6081    26.2576 -9.990e-29
 249.701039     29.894  34.452059     7.4680     2.4298     29.642    33.6101    26.2594 -9.990e-29
 249.701042     29.925  34.452665     7.4678     2.4275     29.673    33.6109    26.2601 -9.990e-29
 249.701045     29.928  34.453118     7.4685     2.4310     29.676    33.6107    26.2598 -9.990e-29
 249.701047     29.910  34.453272     7.4699     2.4327     29.658    33.6095    26.2587 -9.990e-29
 249.701050     29.881  34.453168     7.4715     2.4329     29.629    33.6079    26.2572 -9.990e-29
 249.701053     29.848  34.452932     7.4733     2.4335     29.597    33.6059    26.2554 -9.990e-29
 249.701056     29.815  34.452678     7.4750     2.4314     29.564    33.6040    26.2536 -9.990e-29
 249.701059     29.780  34.452468     7.4763     2.4320     29.529    33.6025    26.2523 -9.990e-29
 249.701062     29.740  34.452310     7.4772     2.4311     29.490    33.6015    26.2513 -9.990e-29
 249.701065     29.693  34.452183     7.4777     2.4325     29.443    33.6009    26.2508 -9.990e-29
 249.701068     29.640  34.452053     7.4781     2.4304     29.391    33.6004    26.2504 -9.990e-29
 249.701071     29.580  34.451917     7.4786     2.4308     29.331    33.5998    26.2498 -9.990e-29
 249.701073     29.519  34.451795     7.4791     2.4335     29.271    33.5992    26.2493 -9.990e-29
 249.701076     29.459  34.451689     7.4797     2.4335     29.211    33.5985    26.2487 -9.990e-29
 249.701079     29.406  34.451584     7.4802     2.4317     29.159    33.5980    26.2481 -9.990e-29
 249.701082     29.366  34.451452     7.4805     2.4325     29.119    33.5975    26.2478 -9.990e-29
 249.701085     29.343  34.451301     7.4806     2.4314     29.096    33.5973    26.2476 -9.990e-29
 249.701088     29.336  34.451178     7.4806     2.4285     29.089    33.5972    26.2475 -9.990e-29
 249.701091     29.345  34.451095     7.4804     2.4238     29.098    33.5973    26.2476 -9.990e-29
 249.701094     29.364  34.450993     7.4802     2.4190     29.117    33.5973    26.2477 -9.990e-29
 249.701097     29.387  34.450810     7.4800     2.4132     29.140    33.5973    26.2477 -9.990e-29
 249.701100     29.409  34.450572     7.4799     2.4119     29.161    33.5971    26.2475 -9.990e-29
 249.701102     29.426  34.450376     7.4799     2.4085     29.178    33.5969    26.2474 -9.990e-29
 249.701105     29.438  34.450274     7.4800     2.4070     29.190    33.5967    26.2472 -9.990e-29
 249.701108     29.448  34.450265     7.4802     2.4087     29.200    33.5965    26.2470 -9.990e-29
 249.701111     29.458  34.450346     7.4806     2.4111     29.210    33.5962    26.2467 -9.990e-29
 249.701114     29.474  34.450494     7.4810     2.4189     29.226    33.5960    26.2465 -9.990e-29
 249.701117     29.497  34.450687     7.4813     2.4205     29.249    33.5959    26.2463 -9.990e-29
 249.701120     29.528  34.450891     7.4812     2.4266     29.279    33.5962    26.2466 -9.990e-29
 249.701123     29.567  34.451029     7.4806     2.4269     29.318    33.5969    26.2472 -9.990e-29
 249.701126     29.610  34.451052     7.4793     2.4283     29.361    33.5982    26.2484 -9.990e-29
 249.701128     29.653  34.450970     7.4776     2.4291     29.403    33.5997    26.2499 -9.990e-29
 249.701131     29.693  34.450867     7.4755     2.4313     29.443    33.6016    26.2517 -9.990e-29
 249.701134     29.722  34.450864     7.4735     2.4282     29.472    33.6035    26.2535 -9.990e-29
 249.701137     29.738  34.451022     7.4721     2.4267     29.488    33.6050    26.2549 -9.990e-29
 249.701140     29.736  34.451322     7.4720     2.4249     29.486    33.6055    26.2552 -9.990e-29
 249.701143     29.715  34.451638     7.4732     2.4267     29.465    33.6046    26.2544 -9.990e-29
