data/oxygen options/ONMS/Olympic_Coast_National_Marine_Sanctuary_Hypoxia_Survey_CTD_Data_2004_2015/raw_data/2004/CTD_CA10_090804faed.cnv
* Sea-Bird SBE19 Data File:
* FileName = C:\WINDOWS\Desktop\put hypoxia files here\CTD data\September 07_0804\CA\raw\CA10_090804.hex
* Software Version 1.1.4
* Temperature SN = 2997
* Conductivity SN = 2997
* System UpLoad Time = Sep 08 2004 10:19:55
* SEACAT PROFILER V3.1c SN 2997   09/08/04  10:22:00.759
* strain gauge pressure sensor: S/N = 184829,  range = 3000 psia,  tc = 40
# nquan = 9                                 
# nvalues = 459                         
# units = specified
# name 0 = timeJ: Julian Days
# name 1 = prSM: Pressure, Strain Gauge [db]
# name 2 = c0mS/cm: Conductivity [mS/cm]
# name 3 = t090C: Temperature [ITS-90, deg C]
# name 4 = oxML/L: Oxygen, Beckman/YSI [ml/l]
# name 5 = depSM: Depth [salt water, m], lat = 47.5
# name 6 = sal00: Salinity, Practical [PSU]
# name 7 = sigma-é00: Density [sigma-theta, kg/m^3]
# name 8 = flag: flag
# span 0 = 252.360660, 252.363310       
# span 1 =     -5.392,     11.009       
# span 2 =   0.953552,  38.703483       
# span 3 =     9.1993,    15.4447       
# span 4 =   -0.05243,   31.29733       
# span 5 =     -5.347,     10.917       
# span 6 =     0.5838,    33.1584       
# span 7 =    -0.5156,    25.6346       
# span 8 = 0.0000e+00, 0.0000e+00       
# interval = seconds: 0.5
# start_time = Sep 08 2004 08:39:21 [Instrument's time stamp, header]
# bad_flag = -9.990e-29
*END*
[from data line 161]
 252.361591     -0.739  38.283717    13.3623    6.35437     -0.733    32.1471    24.1122 -9.990e-29
 252.361597     -0.721  38.279377    13.3599    6.34926     -0.715    32.1451    24.1111 -9.990e-29
 252.361603     -0.708  38.277947    13.3605    6.33442     -0.702    32.1432    24.1096 -9.990e-29
 252.361609     -0.702  38.278640    13.3620    6.31861     -0.696    32.1426    24.1088 -9.990e-29
 252.361615     -0.704  38.280141    13.3624    6.31076     -0.698    32.1437    24.1095 -9.990e-29
 252.361620     -0.708  38.280526    13.3610    6.32021     -0.702    32.1452    24.1110 -9.990e-29
 252.361626     -0.707  38.278629    13.3584    6.32076     -0.701    32.1457    24.1118 -9.990e-29
 252.361632     -0.697  38.275850    13.3561    6.31744     -0.691    32.1450    24.1118 -9.990e-29
 252.361638     -0.681  38.274093    13.3549    6.31738     -0.675    32.1444    24.1115 -9.990e-29
 252.361644     -0.667  38.273821    13.3544    6.31694     -0.661    32.1445    24.1118 -9.990e-29
 252.361649     -0.658  38.274114    13.3537    6.32536     -0.653    32.1454    24.1126 -9.990e-29
 252.361655     -0.648  38.273681    13.3525    6.32474     -0.643    32.1460    24.1133 -9.990e-29
 252.361661     -0.630  38.272506    13.3512    6.31090     -0.625    32.1460    24.1135 -9.990e-29
 252.361667     -0.602  38.271271    13.3503    6.31363     -0.597    32.1456    24.1134 -9.990e-29
 252.361672     -0.570  38.270573    13.3500    6.32174     -0.565    32.1452    24.1131 -9.990e-29
 252.361678     -0.542  38.270606    13.3499    6.32204     -0.537    32.1453    24.1132 -9.990e-29
 252.361684     -0.519  38.270853    13.3501    6.31943     -0.515    32.1453    24.1132 -9.990e-29
 252.361690     -0.500  38.271084    13.3509    6.31884     -0.496    32.1448    24.1127 -9.990e-29
 252.361696     -0.489  38.271608    13.3527    6.31313     -0.485    32.1438    24.1115 -9.990e-29
 252.361701     -0.489  38.272565    13.3545    6.30675     -0.485    32.1432    24.1107 -9.990e-29
 252.361707     -0.495  38.273552    13.3548    6.30544     -0.491    32.1439    24.1112 -9.990e-29
 252.361713     -0.499  38.273642    13.3533    6.31046     -0.495    32.1452    24.1125 -9.990e-29
 252.361719     -0.498  38.272399    13.3513    6.32261     -0.494    32.1457    24.1133 -9.990e-29
 252.361725     -0.491  38.270973    13.3505    6.31767     -0.487    32.1451    24.1130 -9.990e-29
 252.361730     -0.482  38.270829    13.3509    6.30846     -0.478    32.1446    24.1125 -9.990e-29
 252.361736     -0.480  38.271776    13.3512    6.29522     -0.476    32.1452    24.1129 -9.990e-29
 252.361742     -0.483  38.272273    13.3502    6.30218     -0.479    32.1465    24.1142 -9.990e-29
 252.361748     -0.479  38.271303    13.3480    6.30464     -0.475    32.1475    24.1153 -9.990e-29
 252.361753     -0.461  38.269258    13.3457    6.30696     -0.457    32.1475    24.1158 -9.990e-29
 252.361759     -0.434  38.267341    13.3442    6.30170     -0.430    32.1470    24.1157 -9.990e-29
 252.361765     -0.410  38.266362    13.3438    6.29883     -0.407    32.1464    24.1153 -9.990e-29
 252.361771     -0.392  38.266137    13.3442    6.29037     -0.389    32.1458    24.1148 -9.990e-29
 252.361777     -0.379  38.266368    13.3450    6.29465     -0.376    32.1454    24.1143 -9.990e-29
 252.361782     -0.366  38.266805    13.3452    6.29664     -0.363    32.1456    24.1144 -9.990e-29
 252.361788     -0.347  38.266911    13.3441    6.30279     -0.344    32.1466    24.1154 -9.990e-29
 252.361794     -0.325  38.266267    13.3425    6.30861     -0.322    32.1474    24.1163 -9.990e-29
 252.361800     -0.304  38.265139    13.3417    6.31307     -0.301    32.1470    24.1162 -9.990e-29
 252.361806     -0.287  38.264829    13.3422    6.30396     -0.285    32.1463    24.1155 -9.990e-29
 252.361811     -0.276  38.265488    13.3430    6.29848     -0.274    32.1462    24.1153 -9.990e-29
 252.361817     -0.266  38.265751    13.3429    6.29716     -0.264    32.1465    24.1156 -9.990e-29
 252.361823     -0.253  38.265411    13.3415    6.29240     -0.251    32.1474    24.1165 -9.990e-29
 252.361829     -0.236  38.264576    13.3389    6.29037     -0.234    32.1488    24.1181 -9.990e-29
 252.361834     -0.214  38.262697    13.3360    6.29381     -0.212    32.1495    24.1192 -9.990e-29
 252.361840     -0.194  38.260075    13.3343    6.29168     -0.192    32.1484    24.1188 -9.990e-29
 252.361846     -0.184  38.258263    13.3343    6.28821     -0.182    32.1467    24.1175 -9.990e-29
 252.361852     -0.177  38.258212    13.3354    6.29327     -0.176    32.1458    24.1165 -9.990e-29
 252.361858     -0.171  38.259293    13.3368    6.28155     -0.170    32.1456    24.1161 -9.990e-29
 252.361863     -0.159  38.260707    13.3375    6.28933     -0.158    32.1463    24.1165 -9.990e-29
 252.361869     -0.141  38.261538    13.3372    6.28647     -0.140    32.1473    24.1174 -9.990e-29
 252.361875     -0.125  38.261213    13.3364    6.28015     -0.124    32.1477    24.1178 -9.990e-29
 252.361881     -0.114  38.260422    13.3358    6.28797     -0.113    32.1475    24.1177 -9.990e-29
 252.361887     -0.107  38.259795    13.3357    6.28931     -0.106    32.1470    24.1174 -9.990e-29
 252.361892     -0.104  38.259621    13.3356    6.28697     -0.103    32.1469    24.1173 -9.990e-29
 252.361898     -0.104  38.259670    13.3353    6.29128     -0.103    32.1472    24.1176 -9.990e-29
 252.361904     -0.108  38.259447    13.3350    6.27226     -0.107    32.1472    24.1177 -9.990e-29
 252.361910     -0.116  38.259218    13.3347    6.27104     -0.115    32.1473    24.1178 -9.990e-29
 252.361916     -0.123  38.259241    13.3342    6.28386     -0.122    32.1477    24.1183 -9.990e-29
 252.361921     -0.123  38.258987    13.3332    6.28945     -0.122    32.1483    24.1189 -9.990e-29
 252.361927     -0.115  38.258122    13.3325    6.29825     -0.114    32.1481    24.1189 -9.990e-29
 252.361933     -0.106  38.257176    13.3325    6.28898     -0.105    32.1472    24.1182 -9.990e-29
 252.361939     -0.101  38.256571    13.3329    6.26946     -0.100    32.1463    24.1174 -9.990e-29
 252.361944     -0.100  38.256624    13.3337    6.27366     -0.099    32.1457    24.1168 -9.990e-29
 252.361950     -0.102  38.257409    13.3347    6.27604     -0.101    32.1456    24.1165 -9.990e-29
 252.361956     -0.098  38.258290    13.3354    6.29415     -0.097    32.1458    24.1165 -9.990e-29
 252.361962     -0.081  38.258763    13.3356    6.29629     -0.080    32.1461    24.1167 -9.990e-29
 252.361968     -0.061  38.258901    13.3355    6.28418     -0.060    32.1463    24.1169 -9.990e-29
 252.361973     -0.051  38.258890    13.3354    6.28017     -0.051    32.1463    24.1170 -9.990e-29
 252.361979     -0.045  38.258716    13.3349    6.27111     -0.045    32.1466    24.1173 -9.990e-29
 252.361985     -0.040  38.258149    13.3338    6.27392     -0.040    32.1470    24.1178 -9.990e-29
 252.361991     -0.033  38.256997    13.3320    6.28136     -0.033    32.1474    24.1185 -9.990e-29
 252.361997     -0.026  38.255409    13.3307    6.27772     -0.026    32.1470    24.1184 -9.990e-29
 252.362002     -0.022  38.254073    13.3306    6.27269     -0.022    32.1459    24.1176 -9.990e-29
 252.362008     -0.024  38.254014    13.3315    6.26487     -0.024    32.1451    24.1167 -9.990e-29
 252.362014     -0.025  38.255154    13.3323    6.26862     -0.025    32.1455    24.1169 -9.990e-29
 252.362020     -0.016  38.256211    13.3324    6.27426     -0.016    32.1464    24.1176 -9.990e-29
 252.362025     -0.000  38.256355    13.3318    6.28520     -0.000    32.1470    24.1182 -9.990e-29
 252.362031      0.018  38.255777    13.3313    6.28787      0.018    32.1469    24.1182 -9.990e-29
 252.362037      0.037  38.255391    13.3314    6.27864      0.037    32.1464    24.1178 -9.990e-29
 252.362043      0.048  38.255807    13.3321    6.26997      0.048    32.1462    24.1175 -9.990e-29
 252.362049      0.052  38.256458    13.3327    6.26038      0.052    32.1463    24.1175 -9.990e-29
 252.362054      0.058  38.256534    13.3329    6.27235      0.058    32.1462    24.1174 -9.990e-29
 252.362060      0.071  38.256137    13.3329    6.27894      0.070    32.1458    24.1171 -9.990e-29
 252.362066      0.092  38.255863    13.3331    6.27783      0.091    32.1454    24.1167 -9.990e-29
 252.362072      0.118  38.255910    13.3334    6.28097      0.117    32.1452    24.1165 -9.990e-29
 252.362078      0.141  38.256155    13.3336    6.27215      0.140    32.1452    24.1165 -9.990e-29
 252.362083      0.154  38.256364    13.3331    6.26600      0.153    32.1458    24.1170 -9.990e-29
 252.362089      0.155  38.256070    13.3319    6.25974      0.154    32.1466    24.1178 -9.990e-29
 252.362095      0.151  38.254880    13.3304    6.26316      0.150    32.1467    24.1183 -9.990e-29
 252.362101      0.152  38.253263    13.3293    6.26232      0.151    32.1461    24.1180 -9.990e-29
 252.362106      0.157  38.252430    13.3293    6.26665      0.156    32.1454    24.1174 -9.990e-29
 252.362112      0.166  38.252950    13.3307    6.26162      0.165    32.1447    24.1166 -9.990e-29
 252.362118      0.176  38.254395    13.3325    6.25886      0.175    32.1445    24.1161 -9.990e-29
 252.362124      0.184  38.255888    13.3334    6.26832      0.182    32.1451    24.1164 -9.990e-29
 252.362130      0.193  38.256615    13.3332    6.27102      0.191    32.1460    24.1171 -9.990e-29
 252.362135      0.209  38.256425    13.3323    6.26701      0.207    32.1466    24.1177 -9.990e-29
 252.362141      0.224  38.255627    13.3313    6.26404      0.222    32.1466    24.1180 -9.990e-29
 252.362147      0.230  38.254836    13.3310    6.26111      0.228    32.1462    24.1177 -9.990e-29
 252.362153      0.233  38.254682    13.3312    6.25596      0.231    32.1458    24.1174 -9.990e-29
 252.362159      0.237  38.254959    13.3313    6.27002      0.235    32.1460    24.1175 -9.990e-29
 252.362164      0.242  38.254914    13.3311    6.26617      0.240    32.1461    24.1177 -9.990e-29
 252.362170      0.248  38.254487    13.3308    6.27283      0.246    32.1460    24.1176 -9.990e-29
 252.362176      0.256  38.254231    13.3307    6.26316      0.254    32.1458    24.1175 -9.990e-29
 252.362182      0.265  38.254364    13.3314    6.26594      0.263    32.1454    24.1170 -9.990e-29
 252.362188      0.278  38.255062    13.3328    6.27165      0.276    32.1448    24.1163 -9.990e-29
 252.362193      0.295  38.256695    13.3344    6.27836      0.293    32.1450    24.1161 -9.990e-29
 252.362199      0.311  38.258638    13.3357    6.27600      0.308    32.1457    24.1164 -9.990e-29
 252.362205      0.321  38.259554    13.3364    6.26899      0.318    32.1460    24.1165 -9.990e-29
 252.362211      0.320  38.259542    13.3368    6.26144      0.317    32.1456    24.1161 -9.990e-29
 252.362216      0.312  38.259709    13.3369    6.26541      0.309    32.1457    24.1162 -9.990e-29
 252.362222      0.310  38.260279    13.3368    6.26960      0.307    32.1463    24.1167 -9.990e-29
 252.362228      0.322  38.260890    13.3367    6.27763      0.319    32.1470    24.1172 -9.990e-29
 252.362234      0.341  38.261236    13.3369    6.27401      0.338    32.1471    24.1173 -9.990e-29
 252.362240      0.354  38.261214    13.3368    6.26982      0.351    32.1472    24.1173 -9.990e-29
 252.362245      0.359  38.260797    13.3362    6.26850      0.356    32.1473    24.1175 -9.990e-29
 252.362251      0.355  38.259989    13.3353    6.27355      0.352    32.1473    24.1177 -9.990e-29
 252.362257      0.347  38.259394    13.3342    6.27084      0.344    32.1477    24.1182 -9.990e-29
 252.362263      0.342  38.258780    13.3329    6.26947      0.339    32.1482    24.1189 -9.990e-29
 252.362269      0.345  38.257889    13.3322    6.26820      0.342    32.1480    24.1188 -9.990e-29
 252.362274      0.352  38.257215    13.3319    6.26024      0.349    32.1476    24.1186 -9.990e-29
 252.362280      0.354  38.256422    13.3314    6.26181      0.351    32.1473    24.1185 -9.990e-29
 252.362286      0.348  38.255570    13.3307    6.26181      0.345    32.1470    24.1184 -9.990e-29
 252.362292      0.337  38.254647    13.3300    6.25159      0.334    32.1468    24.1184 -9.990e-29
 252.362297      0.329  38.253542    13.3298    6.25678      0.326    32.1459    24.1178 -9.990e-29
 252.362303      0.327  38.253027    13.3302    6.24667      0.324    32.1451    24.1170 -9.990e-29
 252.362309      0.329  38.253536    13.3310    6.25187      0.326    32.1449    24.1167 -9.990e-29
 252.362315      0.328  38.254628    13.3314    6.25272      0.325    32.1456    24.1172 -9.990e-29
 252.362321      0.330  38.254952    13.3312    6.25598      0.327    32.1461    24.1176 -9.990e-29
 252.362326      0.339  38.254381    13.3312    6.25049      0.336    32.1455    24.1172 -9.990e-29
 252.362332      0.356  38.254398    13.3314    6.24702      0.353    32.1454    24.1170 -9.990e-29
 252.362338      0.376  38.255024    13.3317    6.24873      0.373    32.1457    24.1172 -9.990e-29
 252.362344      0.394  38.255413    13.3318    6.25540      0.391    32.1460    24.1174 -9.990e-29
 252.362350      0.406  38.255520    13.3317    6.26241      0.403    32.1461    24.1175 -9.990e-29
 252.362355      0.412  38.255489    13.3314    6.26221      0.409    32.1464    24.1178 -9.990e-29
 252.362361      0.413  38.255279    13.3310    6.25462      0.410    32.1465    24.1180 -9.990e-29
 252.362367      0.410  38.254609    13.3304    6.25018      0.407    32.1464    24.1180 -9.990e-29
 252.362373      0.401  38.253708    13.3297    6.24377      0.398    32.1461    24.1179 -9.990e-29
 252.362378      0.390  38.253056    13.3284    6.24346      0.387    32.1466    24.1186 -9.990e-29
 252.362384      0.386  38.251785    13.3263    6.23989      0.383    32.1472    24.1194 -9.990e-29
 252.362390      0.389  38.249322    13.3243    6.22688      0.386    32.1466    24.1194 -9.990e-29
 252.362396      0.393  38.246870    13.3234    6.22682      0.390    32.1451    24.1184 -9.990e-29
 252.362402      0.400  38.245644    13.3233    6.21665      0.397    32.1440    24.1176 -9.990e-29
 252.362407      0.406  38.245691    13.3234    6.21808      0.403    32.1439    24.1175 -9.990e-29
 252.362413      0.410  38.245953    13.3234    6.21216      0.407    32.1442    24.1177 -9.990e-29
 252.362419      0.418  38.245657    13.3235    6.21216      0.415    32.1438    24.1174 -9.990e-29
 252.362425      0.425  38.245532    13.3236    6.21935      0.421    32.1436    24.1172 -9.990e-29
 252.362431      0.428  38.245970    13.3240    6.22714      0.424    32.1437    24.1172 -9.990e-29
 252.362436      0.432  38.246432    13.3246    6.23401      0.428    32.1436    24.1170 -9.990e-29
 252.362442      0.440  38.246975    13.3251    6.22768      0.436    32.1437    24.1170 -9.990e-29
 252.362448      0.449  38.247761    13.3255    6.22989      0.445    32.1441    24.1172 -9.990e-29
 252.362454      0.456  38.248717    13.3259    6.23631      0.452    32.1446    24.1175 -9.990e-29
 252.362459      0.460  38.249435    13.3264    6.24540      0.456    32.1449    24.1176 -9.990e-29
 252.362465      0.462  38.249750    13.3268    6.23547      0.458    32.1449    24.1175 -9.990e-29
 252.362471      0.463  38.250084    13.3271    6.23464      0.459    32.1449    24.1175 -9.990e-29
 252.362477      0.461  38.250321    13.3274    6.23182      0.457    32.1449    24.1174 -9.990e-29
 252.362483      0.458  38.250215    13.3278    6.24464      0.454    32.1444    24.1170 -9.990e-29
 252.362488      0.453  38.250187    13.3282    6.25183      0.449    32.1441    24.1167 -9.990e-29
 252.362494      0.450  38.250760    13.3286    6.24249      0.446    32.1443    24.1167 -9.990e-29
 252.362500      0.452  38.251574    13.3288    6.23479      0.448    32.1449    24.1171 -9.990e-29
 252.362506      0.456  38.252034    13.3290    6.23292      0.452    32.1451    24.1173 -9.990e-29
