data/oxygen options/ONMS/Olympic_Coast_National_Marine_Sanctuary_Hypoxia_Survey_CTD_Data_2004_2015/raw_data/2004/CTD_CE100_061604faed.cnv
* Sea-Bird SBE19 Data File:
* FileName = C:\WINDOWS\Desktop\put hypoxia files here\CTD files\CE\CE100m061604.hex
* Software Version 1.1.4
* Temperature SN = 2997
* Conductivity SN = 2997
* System UpLoad Time = Jun 16 2004 11:41:18
** Cape Elizabeth hypoxia June 16, 2004 100m CE-10
* SEACAT PROFILER V3.1c SN 2997   06/16/04  11:45:26.609
# nquan = 9                                 
# nvalues = 992                         
# units = specified
# name 0 = timeJ: Julian Days
# name 1 = prSM: Pressure, Strain Gauge [db]
# name 2 = c0mS/cm: Conductivity [mS/cm]
# name 3 = t090C: Temperature [ITS-90, deg C]
# name 4 = oxML/L: Oxygen, Beckman/YSI [ml/l]
# name 5 = depSM: Depth [salt water, m], lat = 47.5
# name 6 = sal00: Salinity, Practical [PSU]
# name 7 = sigma-é00: Density [sigma-theta, kg/m^3]
# name 8 = flag: flag
# span 0 = 168.466979, 168.472714       
# span 1 =     -5.347,    103.094       
# span 2 =   0.393745,  37.891701       
# span 3 =     6.9657,    14.5737       
# span 4 =   -0.05525,   31.28038       
# span 5 =     -5.302,    102.208       
# span 6 =     0.2449,    33.9353       
# span 7 =    -0.5057,    26.5829       
# span 8 = 0.0000e+00, 0.0000e+00       
# interval = seconds: 0.5
# start_time = Jun 16 2004 11:12:27 [Instrument's time stamp, header]
# bad_flag = -9.990e-29
*END*
[from data line 481]
 168.469763     16.505  35.846435    10.7024    5.83069     16.367    32.0797    24.5543 0.0000e+00
 168.469769     16.937  35.785488    10.6217    5.76652     16.795    32.0897    24.5760 0.0000e+00
 168.469774     17.377  35.727980    10.5450    5.69884     17.231    32.0997    24.5969 0.0000e+00
 168.469780     17.828  35.670113    10.4701    5.61386     17.678    32.1076    24.6159 0.0000e+00
 168.469786     18.285  35.611179    10.3914    5.51470     18.132    32.1179    24.6372 0.0000e+00
 168.469792     18.741  35.549995    10.3067    5.39223     18.584    32.1312    24.6619 0.0000e+00
 168.469797     19.192  35.486454    10.2209    5.27182     19.031    32.1431    24.6856 0.0000e+00
 168.469803     19.633  35.422128    10.1336    5.17324     19.468    32.1556    24.7099 0.0000e+00
 168.469809     20.060  35.357743    10.0304    5.08739     19.892    32.1821    24.7477 0.0000e+00
 168.469815     20.476  35.282001     9.9132    5.02690     20.304    32.2097    24.7886 0.0000e+00
 168.469821     20.882  35.196497     9.8138    4.95864     20.707    32.2115    24.8062 0.0000e+00
 168.469826     21.277  35.128494     9.7534    4.88738     21.098    32.1962    24.8041 0.0000e+00
 168.469832     21.657  35.090453     9.7243    4.83216     21.475    32.1833    24.7988 0.0000e+00
 168.469838     22.016  35.073111     9.7076    4.76542     21.831    32.1804    24.7993 0.0000e+00
 168.469844     22.359  35.061734     9.6874    4.70482     22.171    32.1868    24.8075 0.0000e+00
 168.469850     22.700  35.044504     9.6557    4.64808     22.509    32.1974    24.8209 0.0000e+00
 168.469855     23.051  35.018616     9.6080    4.58383     22.857    32.2136    24.8413 0.0000e+00
 168.469861     23.423  34.982620     9.5466    4.55045     23.226    32.2318    24.8653 0.0000e+00
 168.469867     23.817  34.940088     9.4765    4.52943     23.617    32.2511    24.8917 0.0000e+00
 168.469873     24.228  34.895964     9.4035    4.51483     24.024    32.2714    24.9192 0.0000e+00
 168.469878     24.645  34.852504     9.3418    4.52862     24.438    32.2822    24.9374 0.0000e+00
 168.469884     25.055  34.818455     9.2939    4.54761     24.844    32.2902    24.9513 0.0000e+00
 168.469890     25.454  34.793804     9.2453    4.55813     25.240    32.3086    24.9733 0.0000e+00
 168.469896     25.841  34.767527     9.1951    4.56957     25.624    32.3268    24.9954 0.0000e+00
 168.469902     26.216  34.739889     9.1574    4.55929     25.996    32.3322    25.0056 0.0000e+00
 168.469907     26.582  34.719993     9.1339    4.55080     26.358    32.3328    25.0098 0.0000e+00
 168.469913     26.943  34.707079     9.1123    4.53739     26.716    32.3389    25.0179 0.0000e+00
 168.469919     27.302  34.693440     9.0867    4.53966     27.072    32.3479    25.0289 0.0000e+00
 168.469925     27.660  34.678256     9.0576    4.52586     27.427    32.3584    25.0417 0.0000e+00
 168.469931     28.019  34.663133     9.0297    4.51153     27.783    32.3680    25.0535 0.0000e+00
 168.469936     28.371  34.650316     9.0120    4.49269     28.132    32.3706    25.0583 0.0000e+00
 168.469942     28.709  34.643999     9.0013    4.49121     28.467    32.3737    25.0624 0.0000e+00
 168.469948     29.033  34.639667     8.9842    4.51347     28.789    32.3846    25.0736 0.0000e+00
 168.469954     29.354  34.628726     8.9576    4.54183     29.107    32.3973    25.0877 0.0000e+00
 168.469959     29.685  34.612272     8.9282    4.55667     29.435    32.4069    25.0997 0.0000e+00
 168.469965     30.012  34.596385     8.9074    4.55976     29.759    32.4092    25.1047 0.0000e+00
 168.469971     30.314  34.587897     8.9034    4.55150     30.059    32.4039    25.1012 0.0000e+00
 168.469977     30.592  34.589484     8.9013    4.55332     30.334    32.4073    25.1042 0.0000e+00
 168.469983     30.864  34.587550     8.8773    4.56893     30.604    32.4271    25.1234 0.0000e+00
 168.469988     31.147  34.568851     8.8331    4.59378     30.885    32.4479    25.1465 0.0000e+00
 168.469994     31.451  34.539844     8.7858    4.63003     31.186    32.4608    25.1638 0.0000e+00
 168.470000     31.774  34.512854     8.7461    4.66099     31.506    32.4689    25.1762 0.0000e+00
 168.470006     32.110  34.492797     8.7192    4.70286     31.840    32.4725    25.1831 0.0000e+00
 168.470012     32.447  34.479820     8.7004    4.74275     32.174    32.4760    25.1887 0.0000e+00
 168.470017     32.771  34.470056     8.6769    4.77797     32.495    32.4872    25.2011 0.0000e+00
 168.470023     33.091  34.456637     8.6480    4.80363     32.812    32.4996    25.2152 0.0000e+00
 168.470029     33.418  34.440158     8.6237    4.82292     33.136    32.5045    25.2227 0.0000e+00
 168.470035     33.748  34.427222     8.6088    4.82965     33.464    32.5045    25.2250 0.0000e+00
 168.470041     34.071  34.419624     8.6005    4.84289     33.784    32.5040    25.2258 0.0000e+00
 168.470046     34.386  34.415624     8.5925    4.85735     34.096    32.5070    25.2294 0.0000e+00
 168.470052     34.697  34.411556     8.5791    4.86965     34.405    32.5150    25.2377 0.0000e+00
 168.470058     35.005  34.403106     8.5614    4.88894     34.710    32.5223    25.2460 0.0000e+00
 168.470064     35.310  34.391886     8.5445    4.89639     35.012    32.5259    25.2515 0.0000e+00
 168.470069     35.604  34.381985     8.5299    4.91308     35.304    32.5288    25.2559 0.0000e+00
 168.470075     35.885  34.373637     8.5187    4.90655     35.582    32.5303    25.2587 0.0000e+00
 168.470081     36.155  34.367471     8.5126    4.89017     35.850    32.5293    25.2589 0.0000e+00
 168.470087     36.416  34.364780     8.5068    4.87466     36.109    32.5317    25.2617 0.0000e+00
 168.470093     36.677  34.361963     8.4907    4.87385     36.368    32.5435    25.2733 0.0000e+00
 168.470098     36.946  34.351328     8.4587    4.89516     36.634    32.5617    25.2924 0.0000e+00
 168.470104     37.232  34.329333     8.4141    4.92576     36.918    32.5796    25.3131 0.0000e+00
 168.470110     37.536  34.299715     8.3650    4.97188     37.219    32.5937    25.3314 0.0000e+00
 168.470116     37.846  34.268937     8.3182    5.01674     37.527    32.6044    25.3468 0.0000e+00
 168.470122     38.149  34.241909     8.2763    5.03717     37.827    32.6146    25.3610 0.0000e+00
 168.470127     38.434  34.220130     8.2458    5.06178     38.110    32.6197    25.3695 0.0000e+00
 168.470133     38.702  34.206497     8.2335    5.06818     38.375    32.6166    25.3689 0.0000e+00
 168.470139     38.965  34.201872     8.2288    5.05978     38.636    32.6159    25.3691 0.0000e+00
 168.470145     39.236  34.198953     8.2155    5.06654     38.905    32.6251    25.3782 0.0000e+00
 168.470150     39.523  34.191592     8.1949    5.07223     39.189    32.6363    25.3900 0.0000e+00
 168.470156     39.832  34.182296     8.1763    5.07218     39.496    32.6436    25.3985 0.0000e+00
 168.470162     40.158  34.176035     8.1624    5.07221     39.819    32.6498    25.4053 0.0000e+00
 168.470168     40.489  34.173413     8.1537    5.05877     40.147    32.6549    25.4107 0.0000e+00
 168.470174     40.819  34.173160     8.1507    5.04816     40.474    32.6573    25.4130 0.0000e+00
 168.470179     41.133  34.174926     8.1512    5.05541     40.786    32.6586    25.4139 0.0000e+00
 168.470185     41.429  34.177124     8.1498    5.05611     41.079    32.6621    25.4169 0.0000e+00
 168.470191     41.723  34.176506     8.1435    5.04758     41.371    32.6671    25.4218 0.0000e+00
 168.470197     42.025  34.172797     8.1356    5.03174     41.670    32.6704    25.4255 0.0000e+00
 168.470203     42.332  34.169450     8.1287    5.00859     41.974    32.6731    25.4287 0.0000e+00
 168.470208     42.646  34.168715     8.1213    4.97233     42.286    32.6791    25.4344 0.0000e+00
 168.470214     42.980  34.171278     8.1085    4.94496     42.617    32.6936    25.4477 0.0000e+00
 168.470220     43.336  34.178303     8.0858    4.92111     42.970    32.7221    25.4734 0.0000e+00
 168.470226     43.709  34.189053     8.0539    4.88734     43.340    32.7632    25.5102 0.0000e+00
 168.470231     44.091  34.200468     8.0194    4.85651     43.718    32.8075    25.5500 0.0000e+00
 168.470237     44.477  34.210371     7.9924    4.82246     44.101    32.8432    25.5820 0.0000e+00
 168.470243     44.858  34.217372     7.9786    4.79030     44.479    32.8634    25.5999 0.0000e+00
 168.470249     45.226  34.221256     7.9740    4.76588     44.844    32.8717    25.6071 0.0000e+00
 168.470255     45.589  34.223260     7.9706    4.73990     45.204    32.8769    25.6116 0.0000e+00
 168.470260     45.961  34.223241     7.9644    4.72155     45.572    32.8825    25.6169 0.0000e+00
 168.470266     46.349  34.221722     7.9555    4.69726     45.957    32.8891    25.6234 0.0000e+00
 168.470272     46.752  34.221710     7.9445    4.66379     46.357    32.8992    25.6329 0.0000e+00
 168.470278     47.164  34.224295     7.9311    4.63578     46.765    32.9144    25.6468 0.0000e+00
 168.470284     47.579  34.227865     7.9156    4.59814     47.176    32.9326    25.6634 0.0000e+00
 168.470289     47.992  34.230997     7.8992    4.56309     47.586    32.9512    25.6804 0.0000e+00
 168.470295     48.400  34.233929     7.8841    4.53045     47.990    32.9684    25.6960 0.0000e+00
 168.470301     48.794  34.237749     7.8732    4.49505     48.381    32.9826    25.7088 0.0000e+00
 168.470307     49.170  34.241929     7.8686    4.47290     48.754    32.9913    25.7162 0.0000e+00
 168.470313     49.525  34.244741     7.8689    4.44434     49.106    32.9938    25.7182 0.0000e+00
 168.470318     49.865  34.245433     7.8680    4.42230     49.443    32.9953    25.7194 0.0000e+00
 168.470324     50.204  34.244913     7.8606    4.39040     49.779    33.0015    25.7254 0.0000e+00
 168.470330     50.549  34.244719     7.8492    4.36424     50.121    33.0119    25.7353 0.0000e+00
 168.470336     50.902  34.245144     7.8385    4.34215     50.471    33.0224    25.7450 0.0000e+00
 168.470341     51.255  34.245617     7.8299    4.31793     50.821    33.0308    25.7529 0.0000e+00
 168.470347     51.600  34.246192     7.8228    4.30369     51.163    33.0380    25.7596 0.0000e+00
 168.470353     51.937  34.247063     7.8164    4.27892     51.497    33.0448    25.7658 0.0000e+00
 168.470359     52.272  34.247694     7.8100    4.26107     51.829    33.0514    25.7719 0.0000e+00
 168.470365     52.612  34.247790     7.8039    4.23439     52.166    33.0572    25.7773 0.0000e+00
 168.470370     52.966  34.248030     7.7988    4.22095     52.517    33.0621    25.7819 0.0000e+00
 168.470376     53.331  34.248718     7.7943    4.20484     52.879    33.0669    25.7864 0.0000e+00
 168.470382     53.697  34.249639     7.7897    4.19428     53.242    33.0721    25.7911 0.0000e+00
 168.470388     54.055  34.250883     7.7851    4.18508     53.597    33.0776    25.7961 0.0000e+00
 168.470394     54.404  34.252414     7.7813    4.16250     53.943    33.0827    25.8007 0.0000e+00
 168.470399     54.736  34.254016     7.7784    4.13970     54.272    33.0870    25.8045 0.0000e+00
 168.470405     55.045  34.255567     7.7752    4.11967     54.578    33.0916    25.8085 0.0000e+00
 168.470411     55.339  34.256879     7.7699    4.10347     54.870    33.0979    25.8142 0.0000e+00
 168.470417     55.628  34.258010     7.7616    4.09201     55.156    33.1068    25.8224 0.0000e+00
 168.470422     55.917  34.259335     7.7511    4.06951     55.443    33.1181    25.8328 0.0000e+00
 168.470428     56.207  34.261486     7.7398    4.04882     55.730    33.1310    25.8446 0.0000e+00
 168.470434     56.505  34.264513     7.7283    4.02307     56.026    33.1451    25.8573 0.0000e+00
 168.470440     56.816  34.267392     7.7158    3.99624     56.334    33.1599    25.8707 0.0000e+00
 168.470446     57.138  34.270023     7.7033    3.97220     56.653    33.1745    25.8840 0.0000e+00
 168.470451     57.467  34.273096     7.6935    3.95475     56.979    33.1870    25.8952 0.0000e+00
 168.470457     57.797  34.276211     7.6880    3.94249     57.307    33.1954    25.9026 0.0000e+00
 168.470463     58.129  34.278458     7.6851    3.92203     57.636    33.2004    25.9069 0.0000e+00
 168.470469     58.465  34.280017     7.6828    3.90748     57.969    33.2041    25.9102 0.0000e+00
 168.470475     58.811  34.281272     7.6804    3.89889     58.312    33.2076    25.9133 0.0000e+00
 168.470480     59.166  34.281830     7.6776    3.88556     58.664    33.2107    25.9161 0.0000e+00
 168.470486     59.520  34.281865     7.6745    3.88940     59.015    33.2135    25.9188 0.0000e+00
 168.470492     59.860  34.282157     7.6718    3.87451     59.352    33.2163    25.9213 0.0000e+00
 168.470498     60.191  34.283081     7.6697    3.86103     59.680    33.2191    25.9239 0.0000e+00
 168.470503     60.521  34.284361     7.6669    3.85016     60.007    33.2230    25.9273 0.0000e+00
 168.470509     60.854  34.285448     7.6617    3.83752     60.337    33.2290    25.9328 0.0000e+00
 168.470515     61.197  34.286659     7.6537    3.82001     60.677    33.2378    25.9408 0.0000e+00
 168.470521     61.561  34.289040     7.6434    3.80434     61.038    33.2500    25.9519 0.0000e+00
 168.470527     61.943  34.292948     7.6315    3.77538     61.417    33.2654    25.9657 0.0000e+00
 168.470532     62.332  34.297976     7.6194    3.74181     61.802    33.2822    25.9806 0.0000e+00
 168.470538     62.723  34.303526     7.6086    3.71976     62.190    33.2984    25.9949 0.0000e+00
 168.470544     63.116  34.309135     7.5996    3.69020     62.580    33.3128    26.0075 0.0000e+00
 168.470550     63.510  34.314418     7.5899    3.66067     62.970    33.3276    26.0205 0.0000e+00
 168.470556     63.904  34.320242     7.5765    3.62461     63.361    33.3466    26.0373 0.0000e+00
 168.470561     64.302  34.329313     7.5613    3.58709     63.755    33.3708    26.0585 0.0000e+00
 168.470567     64.707  34.340257     7.5482    3.54628     64.157    33.3950    26.0794 0.0000e+00
 168.470573     65.116  34.348032     7.5368    3.51567     64.562    33.4142    26.0961 0.0000e+00
 168.470579     65.520  34.352899     7.5267    3.47763     64.963    33.4290    26.1092 0.0000e+00
 168.470584     65.910  34.357409     7.5197    3.44998     65.349    33.4404    26.1191 0.0000e+00
 168.470590     66.285  34.360832     7.5144    3.42630     65.721    33.4490    26.1267 0.0000e+00
 168.470596     66.662  34.362675     7.5058    3.39196     66.095    33.4591    26.1358 0.0000e+00
 168.470602     67.059  34.364823     7.4934    3.37506     66.489    33.4732    26.1487 0.0000e+00
 168.470608     67.480  34.369007     7.4816    3.34071     66.906    33.4889    26.1627 0.0000e+00
 168.470613     67.918  34.375747     7.4737    3.28662     67.340    33.5036    26.1754 0.0000e+00
 168.470619     68.366  34.386169     7.4699    3.23726     67.784    33.5184    26.1875 0.0000e+00
 168.470625     68.815  34.402381     7.4689    3.16715     68.229    33.5367    26.2021 0.0000e+00
 168.470631     69.249  34.421878     7.4683    3.10530     68.660    33.5582    26.2191 0.0000e+00
 168.470637     69.658  34.437003     7.4667    3.06628     69.065    33.5759    26.2332 0.0000e+00
 168.470642     70.043  34.445487     7.4634    3.01482     69.447    33.5881    26.2433 0.0000e+00
 168.470648     70.411  34.450780     7.4571    2.96700     69.811    33.5997    26.2534 0.0000e+00
 168.470654     70.767  34.455441     7.4475    2.93226     70.164    33.6139    26.2659 0.0000e+00
 168.470660     71.118  34.460069     7.4361    2.88916     70.512    33.6298    26.2800 0.0000e+00
 168.470666     71.468  34.464095     7.4255    2.86086     70.859    33.6443    26.2929 0.0000e+00
 168.470671     71.819  34.467269     7.4170    2.82240     71.207    33.6558    26.3031 0.0000e+00
 168.470677     72.163  34.469883     7.4115    2.79291     71.548    33.6639    26.3102 0.0000e+00
