data/oxygen options/ONMS/Olympic_Coast_National_Marine_Sanctuary_Hypoxia_Survey_CTD_Data_2004_2015/raw_data/2004/CTD_CE100_072604faed.cnv
* Sea-Bird SBE19 Data File:
* FileName = C:\WINDOWS\Desktop\put hypoxia files here\CTD files\july 24_25-04\CE\CE10_072604.hex
* Software Version 1.1.4
* Temperature SN = 2997
* Conductivity SN = 2997
* System UpLoad Time = Jul 26 2004 14:43:29
* SEACAT PROFILER V3.1c SN 2997   07/26/04  14:43:18.506
* strain gauge pressure sensor: S/N = 184829,  range = 3000 psia,  tc = 40
# nquan = 9                                 
# nvalues = 840                         
# units = specified
# name 0 = timeJ: Julian Days
# name 1 = prSM: Pressure, Strain Gauge [db]
# name 2 = c0mS/cm: Conductivity [mS/cm]
# name 3 = t090C: Temperature [ITS-90, deg C]
# name 4 = oxML/L: Oxygen, Beckman/YSI [ml/l]
# name 5 = depSM: Depth [salt water, m], lat = 47.5
# name 6 = sal00: Salinity, Practical [PSU]
# name 7 = sigma-é00: Density [sigma-theta, kg/m^3]
# name 8 = flag: flag
# span 0 = 208.589722, 208.594578       
# span 1 =     -5.407,     97.230       
# span 2 =   0.773944,  40.271714       
# span 3 =     7.1362,    15.7630       
# span 4 =   -0.05271,   28.73829       
# span 5 =     -5.362,     96.396       
# span 6 =     0.4715,    33.8729       
# span 7 =    -0.5808,    26.5114       
# span 8 = 0.0000e+00, 0.0000e+00       
# interval = seconds: 0.5
# start_time = Jul 26 2004 14:09:12 [Instrument's time stamp, header]
# bad_flag = -9.990e-29
*END*
[from data line 641]
 208.593432     96.072  34.440364     7.1780    1.97084     95.248    33.8480    26.4880 0.0000e+00
 208.593437     96.390  34.442150     7.1794    1.96280     95.563    33.8484    26.4882 0.0000e+00
 208.593443     96.693  34.443030     7.1783    1.94621     95.864    33.8503    26.4898 0.0000e+00
 208.593449     96.951  34.441937     7.1771    1.94873     96.119    33.8502    26.4899 0.0000e+00
 208.593455     97.138  34.441342     7.1757    1.95065     96.305    33.8508    26.4906 -9.990e-29
 208.593461     97.230  34.441015     7.1708    1.94213     96.396    33.8552    26.4947 -9.990e-29
 208.593466     97.203  34.438282     7.1621    1.93881     96.369    33.8608    26.5003 -9.990e-29
 208.593472     97.044  34.433430     7.1511    1.91230     96.211    33.8663    26.5062 0.0000e+00
 208.593478     96.758  34.427280     7.1409    1.88653     95.928    33.8698    26.5103 0.0000e+00
 208.593484     96.376  34.421171     7.1362    1.87988     95.549    33.8679    26.5095 0.0000e+00
 208.593490     95.932  34.418177     7.1391    1.87000     95.109    33.8620    26.5044 0.0000e+00
 208.593495     95.455  34.419360     7.1500    1.87626     94.636    33.8528    26.4957 0.0000e+00
 208.593501     94.969  34.424625     7.1673    1.88778     94.155    33.8418    26.4846 0.0000e+00
 208.593507     94.498  34.433154     7.1839    1.90412     93.688    33.8351    26.4770 0.0000e+00
 208.593513     94.062  34.441196     7.1880    1.91547     93.256    33.8401    26.4804 0.0000e+00
 208.593519     93.669  34.442110     7.1804    1.91945     92.866    33.8487    26.4882 0.0000e+00
 208.593524     93.322  34.437125     7.1805    1.92607     92.522    33.8433    26.4840 0.0000e+00
 208.593530     93.010  34.437544     7.1963    1.93254     92.213    33.8285    26.4701 0.0000e+00
 208.593536     92.714  34.446173     7.2158    1.95194     91.920    33.8189    26.4599 0.0000e+00
 208.593542     92.406  34.456023     7.2268    1.97997     91.614    33.8191    26.4584 0.0000e+00
 208.593547     92.068  34.461176     7.2308    1.99823     91.279    33.8209    26.4593 0.0000e+00
 208.593553     91.690  34.462910     7.2380    2.01186     90.905    33.8160    26.4544 0.0000e+00
 208.593559     91.270  34.466349     7.2502    2.02722     90.488    33.8080    26.4464 0.0000e+00
 208.593565     90.811  34.471599     7.2617    2.05188     90.033    33.8027    26.4407 0.0000e+00
 208.593571     90.317  34.476142     7.2699    2.07394     89.544    33.7999    26.4373 0.0000e+00
 208.593576     89.798  34.479319     7.2765    2.10986     89.029    33.7971    26.4342 0.0000e+00
 208.593582     89.261  34.482012     7.2833    2.12690     88.497    33.7937    26.4305 0.0000e+00
 208.593588     88.716  34.485022     7.2896    2.14727     87.957    33.7911    26.4276 0.0000e+00
 208.593594     88.172  34.487888     7.2934    2.16870     87.417    33.7907    26.4268 0.0000e+00
 208.593600     87.631  34.489395     7.2957    2.19523     86.881    33.7904    26.4262 0.0000e+00
 208.593605     87.085  34.489884     7.3013    2.23878     86.340    33.7857    26.4217 0.0000e+00
 208.593611     86.522  34.492257     7.3133    2.27160     85.782    33.7768    26.4131 0.0000e+00
 208.593617     85.948  34.498005     7.3282    2.30051     85.213    33.7688    26.4047 0.0000e+00
 208.593623     85.390  34.504709     7.3402    2.34069     84.660    33.7647    26.3997 0.0000e+00
 208.593628     84.878  34.509551     7.3465    2.36466     84.152    33.7641    26.3983 0.0000e+00
 208.593634     84.427  34.511711     7.3490    2.39766     83.705    33.7642    26.3981 0.0000e+00
 208.593640     84.033  34.512401     7.3508    2.41059     83.315    33.7634    26.3972 0.0000e+00
 208.593646     83.679  34.513113     7.3521    2.41565     82.964    33.7630    26.3968 0.0000e+00
 208.593652     83.344  34.513681     7.3527    2.42662     82.632    33.7632    26.3968 0.0000e+00
 208.593657     83.010  34.513748     7.3536    2.44705     82.301    33.7626    26.3962 0.0000e+00
 208.593663     82.660  34.513972     7.3552    2.46887     81.954    33.7615    26.3950 0.0000e+00
 208.593669     82.273  34.514659     7.3573    2.48849     81.570    33.7603    26.3939 0.0000e+00
 208.593675     81.827  34.515610     7.3613    2.50636     81.128    33.7577    26.3912 0.0000e+00
 208.593681     81.312  34.517537     7.3686    2.51382     80.617    33.7529    26.3864 0.0000e+00
 208.593686     80.733  34.520776     7.3780    2.53939     80.044    33.7476    26.3809 0.0000e+00
 208.593692     80.114  34.524610     7.3879    2.57789     79.430    33.7424    26.3754 0.0000e+00
 208.593698     79.484  34.528559     7.3973    2.61207     78.805    33.7378    26.3705 0.0000e+00
 208.593704     78.867  34.532293     7.4041    2.63573     78.194    33.7355    26.3677 0.0000e+00
 208.593709     78.279  34.535200     7.4056    2.64690     77.611    33.7375    26.3691 0.0000e+00
 208.593715     77.730  34.535563     7.4038    2.64780     77.067    33.7399    26.3712 0.0000e+00
 208.593721     77.220  34.533875     7.4029    2.66150     76.561    33.7392    26.3708 0.0000e+00
 208.593727     76.742  34.532941     7.4037    2.67189     76.087    33.7377    26.3694 0.0000e+00
 208.593733     76.290  34.533207     7.4067    2.69945     75.639    33.7352    26.3671 0.0000e+00
 208.593738     75.855  34.534473     7.4127    2.69861     75.208    33.7310    26.3629 0.0000e+00
 208.593744     75.420  34.537315     7.4201    2.71433     74.777    33.7271    26.3588 0.0000e+00
 208.593750     74.979  34.541044     7.4261    2.71846     74.340    33.7255    26.3567 0.0000e+00
 208.593756     74.536  34.543916     7.4298    2.73619     73.901    33.7252    26.3560 0.0000e+00
 208.593762     74.094  34.545285     7.4319    2.76826     73.462    33.7249    26.3554 0.0000e+00
 208.593767     73.653  34.545864     7.4333    2.78249     73.025    33.7244    26.3548 0.0000e+00
 208.593773     73.197  34.546437     7.4345    2.79912     72.573    33.7240    26.3543 0.0000e+00
 208.593779     72.710  34.546653     7.4360    2.79875     72.090    33.7230    26.3533 0.0000e+00
 208.593785     72.178  34.545687     7.4384    2.79908     71.563    33.7199    26.3505 0.0000e+00
 208.593791     71.598  34.543382     7.4411    2.82024     70.988    33.7151    26.3463 0.0000e+00
 208.593796     70.983  34.538914     7.4421    2.83997     70.378    33.7096    26.3418 0.0000e+00
 208.593802     70.355  34.530262     7.4411    2.86029     69.756    33.7014    26.3356 0.0000e+00
 208.593808     69.734  34.518234     7.4392    2.87986     69.140    33.6905    26.3273 0.0000e+00
 208.593814     69.135  34.506984     7.4372    2.88313     68.547    33.6806    26.3197 0.0000e+00
 208.593819     68.569  34.498341     7.4358    2.89643     67.985    33.6728    26.3138 0.0000e+00
 208.593825     68.033  34.492563     7.4354    2.89193     67.454    33.6672    26.3095 0.0000e+00
 208.593831     67.519  34.490924     7.4357    2.90298     66.945    33.6654    26.3080 0.0000e+00
 208.593837     67.025  34.492368     7.4361    2.91163     66.455    33.6668    26.3090 0.0000e+00
 208.593843     66.548  34.494345     7.4358    2.91930     65.982    33.6695    26.3112 0.0000e+00
 208.593848     66.079  34.493893     7.4334    2.91385     65.517    33.6716    26.3131 0.0000e+00
 208.593854     65.607  34.486495     7.4263    2.88894     65.049    33.6707    26.3134 0.0000e+00
 208.593860     65.115  34.468462     7.4146    2.85643     64.561    33.6627    26.3088 0.0000e+00
 208.593866     64.587  34.436497     7.4050    2.83476     64.038    33.6376    26.2904 0.0000e+00
 208.593872     64.030  34.397879     7.4051    2.81624     63.486    33.5959    26.2575 0.0000e+00
 208.593877     63.458  34.369515     7.4134    2.80086     62.919    33.5573    26.2261 0.0000e+00
 208.593883     62.883  34.355638     7.4228    2.78887     62.349    33.5335    26.2060 0.0000e+00
 208.593889     62.316  34.350088     7.4283    2.76509     61.787    33.5224    26.1965 0.0000e+00
 208.593895     61.767  34.348841     7.4295    2.76205     61.242    33.5201    26.1945 0.0000e+00
 208.593900     61.240  34.350245     7.4302    2.76246     60.720    33.5212    26.1953 0.0000e+00
 208.593906     60.731  34.352259     7.4346    2.77315     60.215    33.5194    26.1932 0.0000e+00
 208.593912     60.231  34.352532     7.4421    2.77653     59.720    33.5127    26.1869 0.0000e+00
 208.593918     59.723  34.351435     7.4498    2.77967     59.216    33.5043    26.1792 0.0000e+00
 208.593924     59.197  34.350311     7.4571    2.78342     58.695    33.4963    26.1719 0.0000e+00
 208.593929     58.655  34.349910     7.4649    2.76854     58.157    33.4886    26.1647 0.0000e+00
 208.593935     58.103  34.350822     7.4733    2.77725     57.610    33.4817    26.1581 0.0000e+00
 208.593941     57.542  34.352588     7.4813    2.77535     57.054    33.4762    26.1526 0.0000e+00
 208.593947     56.967  34.354203     7.4883    2.77257     56.484    33.4715    26.1479 0.0000e+00
 208.593953     56.382  34.355580     7.4960    2.78990     55.904    33.4658    26.1424 0.0000e+00
 208.593958     55.803  34.357439     7.5067    2.79448     55.330    33.4578    26.1345 0.0000e+00
 208.593964     55.243  34.360020     7.5174    2.80012     54.775    33.4505    26.1273 0.0000e+00
 208.593970     54.715  34.362287     7.5226    2.79691     54.251    33.4482    26.1247 0.0000e+00
 208.593976     54.220  34.363343     7.5232    2.79462     53.760    33.4490    26.1253 0.0000e+00
 208.593981     53.746  34.363477     7.5264    2.79859     53.290    33.4463    26.1227 0.0000e+00
 208.593987     53.278  34.363992     7.5428    2.82371     52.827    33.4313    26.1086 0.0000e+00
 208.593993     52.793  34.368380     7.5837    2.84335     52.346    33.3969    26.0757 0.0000e+00
 208.593999     52.278  34.382490     7.6483    2.85725     51.835    33.3504    26.0299 0.0000e+00
 208.594005     51.731  34.407758     7.7208    2.87517     51.293    33.3084    25.9866 0.0000e+00
 208.594010     51.154  34.433039     7.7896    2.89811     50.721    33.2701    25.9466 0.0000e+00
 208.594016     50.560  34.441604     7.8474    2.92763     50.132    33.2245    25.9024 0.0000e+00
 208.594022     49.960  34.428629     7.8846    2.97244     49.537    33.1755    25.8586 0.0000e+00
 208.594028     49.365  34.407662     7.9010    2.99880     48.947    33.1378    25.8266 0.0000e+00
 208.594034     48.774  34.393925     7.9050    3.03386     48.361    33.1196    25.8117 0.0000e+00
 208.594039     48.186  34.388729     7.9050    3.07679     47.778    33.1143    25.8075 0.0000e+00
 208.594045     47.595  34.382349     7.9072    3.11872     47.192    33.1057    25.8004 0.0000e+00
 208.594051     47.004  34.370204     7.9117    3.15626     46.606    33.0887    25.7865 0.0000e+00
 208.594057     46.418  34.360206     7.9174    3.18064     46.025    33.0729    25.7732 0.0000e+00
 208.594063     45.843  34.356405     7.9250    3.19419     45.455    33.0619    25.7635 0.0000e+00
 208.594068     45.284  34.355418     7.9338    3.21678     44.901    33.0528    25.7550 0.0000e+00
 208.594074     44.740  34.354812     7.9405    3.25330     44.362    33.0460    25.7488 0.0000e+00
 208.594080     44.203  34.353782     7.9458    3.30216     43.829    33.0402    25.7434 0.0000e+00
 208.594086     43.669  34.350961     7.9542    3.38108     43.300    33.0295    25.7338 0.0000e+00
 208.594091     43.132  34.343711     7.9654    3.46747     42.768    33.0114    25.7180 0.0000e+00
 208.594097     42.586  34.330774     7.9755    3.56766     42.226    32.9883    25.6984 0.0000e+00
 208.594103     42.029  34.313962     7.9832    3.66256     41.674    32.9634    25.6777 0.0000e+00
 208.594109     41.470  34.298894     7.9881    3.73543     41.120    32.9430    25.6609 0.0000e+00
 208.594115     40.915  34.290148     7.9900    3.78202     40.570    32.9321    25.6521 0.0000e+00
 208.594120     40.371  34.286717     7.9899    3.82551     40.030    32.9288    25.6495 0.0000e+00
 208.594126     39.839  34.286274     7.9898    3.86386     39.503    32.9287    25.6494 0.0000e+00
 208.594132     39.306  34.287109     7.9916    3.89076     38.974    32.9281    25.6487 0.0000e+00
 208.594138     38.756  34.287534     7.9980    3.91855     38.429    32.9228    25.6436 0.0000e+00
 208.594144     38.175  34.287557     8.0102    3.94327     37.853    32.9116    25.6330 0.0000e+00
 208.594149     37.560  34.287770     8.0235    3.96791     37.243    32.8996    25.6217 0.0000e+00
 208.594155     36.919  34.287897     8.0331    3.99823     36.608    32.8910    25.6135 0.0000e+00
 208.594161     36.267  34.287553     8.0382    4.01172     35.961    32.8862    25.6090 0.0000e+00
 208.594167     35.623  34.286847     8.0402    4.02526     35.323    32.8839    25.6068 0.0000e+00
 208.594172     34.998  34.285964     8.0415    4.02945     34.703    32.8820    25.6052 0.0000e+00
 208.594178     34.385  34.285414     8.0449    4.02961     34.095    32.8785    25.6019 0.0000e+00
 208.594184     33.776  34.285586     8.0517    4.05092     33.491    32.8726    25.5963 0.0000e+00
 208.594190     33.171  34.286152     8.0616    4.06943     32.892    32.8642    25.5882 0.0000e+00
 208.594196     32.573  34.287309     8.0738    4.08840     32.299    32.8542    25.5786 0.0000e+00
 208.594201     31.989  34.289482     8.0882    4.09383     31.720    32.8433    25.5680 0.0000e+00
 208.594207     31.418  34.292770     8.1064    4.09453     31.153    32.8300    25.5549 0.0000e+00
 208.594213     30.860  34.298198     8.1356    4.08489     30.600    32.8087    25.5338 0.0000e+00
 208.594219     30.309  34.309082     8.1785    4.08285     30.054    32.7804    25.5053 0.0000e+00
 208.594225     29.760  34.326487     8.2188    4.08755     29.509    32.7615    25.4845 0.0000e+00
 208.594230     29.212  34.342793     8.2426    4.09646     28.966    32.7568    25.4774 0.0000e+00
 208.594236     28.660  34.351724     8.2562    4.10124     28.419    32.7538    25.4730 0.0000e+00
 208.594242     28.103  34.356789     8.2755    4.10826     27.867    32.7415    25.4604 0.0000e+00
 208.594248     27.541  34.364746     8.3165    4.11019     27.309    32.7120    25.4312 0.0000e+00
 208.594253     26.958  34.382284     8.3782    4.11880     26.731    32.6734    25.3918 0.0000e+00
 208.594259     26.354  34.409247     8.4400    4.12634     26.132    32.6448    25.3602 0.0000e+00
 208.594265     25.739  34.436187     8.4868    4.14055     25.523    32.6301    25.3416 0.0000e+00
 208.594271     25.118  34.456437     8.5204    4.17108     24.907    32.6206    25.3291 0.0000e+00
 208.594277     24.490  34.471224     8.5477    4.19850     24.284    32.6112    25.3176 0.0000e+00
 208.594282     23.863  34.484015     8.5734    4.20004     23.662    32.6012    25.3059 0.0000e+00
 208.594288     23.244  34.497299     8.6020    4.16439     23.049    32.5890    25.2920 0.0000e+00
 208.594294     22.635  34.514780     8.6436    4.06475     22.445    32.5693    25.2702 0.0000e+00
 208.594300     22.042  34.544076     8.7100    3.96535     21.857    32.5391    25.2365 0.0000e+00
 208.594306     21.465  34.592861     8.7910    3.86516     21.285    32.5159    25.2060 0.0000e+00
 208.594311     20.901  34.652752     8.8514    3.80112     20.726    32.5232    25.2025 0.0000e+00
 208.594317     20.354  34.695982     8.8676    3.77312     20.183    32.5537    25.2238 0.0000e+00
 208.594323     19.831  34.703970     8.8559    3.75298     19.665    32.5730    25.2407 0.0000e+00
 208.594329     19.330  34.692426     8.8445    3.75417     19.168    32.5716    25.2414 0.0000e+00
 208.594334     18.835  34.684082     8.8492    3.73598     18.677    32.5588    25.2306 0.0000e+00
 208.594340     18.332  34.684625     8.8949    3.71425     18.178    32.5177    25.1914 0.0000e+00
 208.594346     17.807  34.709354     8.9912    3.72418     17.658    32.4556    25.1279 0.0000e+00
