data/oxygen options/ONMS/Olympic_Coast_National_Marine_Sanctuary_Hypoxia_Survey_CTD_Data_2004_2015/raw_data/2004/CTD_CE40_061604faed.cnv
* Sea-Bird SBE19 Data File:
* FileName = C:\WINDOWS\Desktop\put hypoxia files here\CTD files\CE\CE40m061604.hex
* Software Version 1.1.4
* Temperature SN = 2997
* Conductivity SN = 2997
* System UpLoad Time = Jun 16 2004 11:27:45
** CapeElizabeth hypoxia June16, 2004 40m CE-4
* SEACAT PROFILER V3.1c SN 2997   06/16/04  11:31:50.240
# nquan = 9                                 
# nvalues = 774                         
# units = specified
# name 0 = timeJ: Julian Days
# name 1 = prSM: Pressure, Strain Gauge [db]
# name 2 = c0mS/cm: Conductivity [mS/cm]
# name 3 = t090C: Temperature [ITS-90, deg C]
# name 4 = oxML/L: Oxygen, Beckman/YSI [ml/l]
# name 5 = depSM: Depth [salt water, m], lat = 47.5
# name 6 = sal00: Salinity, Practical [PSU]
# name 7 = sigma-é00: Density [sigma-theta, kg/m^3]
# name 8 = flag: flag
# span 0 = 168.396493, 168.400966       
# span 1 =     -5.388,     40.124       
# span 2 =   0.237165,  36.835223       
# span 3 =     7.7964,    14.7051       
# span 4 =   -0.05509,   30.68761       
# span 5 =     -5.343,     39.785       
# span 6 =     0.1457,    33.3110       
# span 7 =    -0.5978,    25.9775       
# span 8 = 0.0000e+00, 0.0000e+00       
# interval = seconds: 0.5
# start_time = Jun 16 2004 09:30:57 [Instrument's time stamp, header]
# bad_flag = -9.990e-29
*END*
[from data line 321]
 168.398351      0.534  35.818291    14.6026    5.65464      0.530    28.9074    21.3626 -9.990e-29
 168.398356      0.534  35.819771    14.6048    5.65632      0.530    28.9071    21.3620 -9.990e-29
 168.398362      0.533  35.821281    14.6067    5.65337      0.529    28.9070    21.3615 -9.990e-29
 168.398368      0.534  35.822597    14.6089    5.65289      0.530    28.9066    21.3607 -9.990e-29
 168.398374      0.539  35.824915    14.6098    5.65669      0.535    28.9080    21.3616 -9.990e-29
 168.398380      0.546  35.826283    14.6083    5.64225      0.541    28.9103    21.3637 -9.990e-29
 168.398385      0.557  35.825724    14.6034    5.63054      0.552    28.9134    21.3671 -9.990e-29
 168.398391      0.572  35.821934    14.5947    5.64150      0.567    28.9165    21.3713 -9.990e-29
 168.398397      0.588  35.813787    14.5847    5.64183      0.583    28.9166    21.3734 -9.990e-29
 168.398403      0.597  35.804442    14.5763    5.64769      0.592    28.9145    21.3735 -9.990e-29
 168.398409      0.596  35.797139    14.5707    5.65316      0.591    28.9121    21.3728 -9.990e-29
 168.398414      0.589  35.792796    14.5687    5.64505      0.584    28.9097    21.3714 -9.990e-29
 168.398420      0.583  35.791791    14.5696    5.64967      0.578    28.9082    21.3700 -9.990e-29
 168.398426      0.584  35.793348    14.5712    5.65254      0.579    28.9084    21.3698 -9.990e-29
 168.398432      0.590  35.795061    14.5732    5.65734      0.585    28.9084    21.3695 -9.990e-29
 168.398438      0.598  35.795852    14.5772    5.65897      0.593    28.9061    21.3669 -9.990e-29
 168.398443      0.605  35.798463    14.5813    5.64937      0.600    28.9054    21.3655 -9.990e-29
 168.398449      0.614  35.802450    14.5823    5.65742      0.609    28.9083    21.3675 -9.990e-29
 168.398455      0.628  35.803040    14.5820    5.65069      0.623    28.9090    21.3681 -9.990e-29
 168.398461      0.636  35.802146    14.5835    5.65686      0.631    28.9071    21.3663 -9.990e-29
 168.398466      0.642  35.803624    14.5872    5.66507      0.637    28.9057    21.3645 -9.990e-29
 168.398472      0.648  35.807203    14.5903    5.65233      0.643    28.9066    21.3645 -9.990e-29
 168.398478      0.656  35.809811    14.5900    5.64935      0.651    28.9091    21.3666 -9.990e-29
 168.398484      0.666  35.809321    14.5894    5.65034      0.660    28.9091    21.3667 -9.990e-29
 168.398490      0.674  35.809006    14.5898    5.65184      0.668    28.9085    21.3662 -9.990e-29
 168.398495      0.676  35.809009    14.5850    5.65639      0.670    28.9121    21.3699 -9.990e-29
 168.398501      0.674  35.804291    14.5746    5.65528      0.668    28.9156    21.3747 -9.990e-29
 168.398507      0.670  35.796976    14.5670    5.65522      0.664    28.9147    21.3756 -9.990e-29
 168.398513      0.669  35.792452    14.5648    5.64989      0.663    28.9123    21.3742 -9.990e-29
 168.398519      0.666  35.790296    14.5652    5.64871      0.660    28.9101    21.3724 -9.990e-29
 168.398524      0.662  35.789878    14.5658    5.64805      0.656    28.9093    21.3716 -9.990e-29
 168.398530      0.660  35.790642    14.5621    5.65436      0.654    28.9127    21.3750 -9.990e-29
 168.398536      0.660  35.788002    14.5523    5.65432      0.654    28.9176    21.3808 -9.990e-29
 168.398542      0.666  35.779005    14.5441    5.65342      0.660    28.9156    21.3810 -9.990e-29
 168.398547      0.680  35.771280    14.5432    5.65275      0.674    28.9094    21.3763 -9.990e-29
 168.398553      0.692  35.771352    14.5461    5.65678      0.686    28.9073    21.3741 -9.990e-29
 168.398559      0.700  35.774268    14.5473    5.66192      0.694    28.9090    21.3752 -9.990e-29
 168.398565      0.705  35.774388    14.5458    5.66195      0.699    28.9102    21.3764 -9.990e-29
 168.398571      0.706  35.772436    14.5449    5.65826      0.700    28.9091    21.3758 -9.990e-29
 168.398576      0.708  35.771982    14.5469    5.64852      0.702    28.9072    21.3739 -9.990e-29
 168.398582      0.715  35.774105    14.5496    5.65675      0.709    28.9071    21.3733 -9.990e-29
 168.398588      0.728  35.776591    14.5497    5.65818      0.722    28.9093    21.3749 -9.990e-29
 168.398594      0.747  35.776590    14.5475    5.66054      0.741    28.9109    21.3766 -9.990e-29
 168.398600      0.770  35.774666    14.5449    5.67245      0.764    28.9111    21.3773 -9.990e-29
 168.398605      0.789  35.772742    14.5432    5.67123      0.782    28.9107    21.3773 -9.990e-29
 168.398611      0.797  35.771055    14.5430    5.66081      0.790    28.9093    21.3763 -9.990e-29
 168.398617      0.794  35.769604    14.5451    5.65485      0.787    28.9064    21.3737 -9.990e-29
 168.398623      0.786  35.770386    14.5486    5.65897      0.779    28.9045    21.3715 -9.990e-29
 168.398628      0.774  35.773890    14.5483    5.65711      0.768    28.9079    21.3741 -9.990e-29
 168.398634      0.768  35.774143    14.5430    5.65664      0.762    28.9121    21.3784 -9.990e-29
 168.398640      0.766  35.769248    14.5371    5.65532      0.760    28.9121    21.3796 -9.990e-29
 168.398646      0.765  35.763897    14.5290    5.65126      0.759    28.9133    21.3822 -9.990e-29
 168.398652      0.764  35.756006    14.5193    5.65981      0.758    28.9134    21.3843 -9.990e-29
 168.398657      0.763  35.746275    14.5194    5.66250      0.757    28.9046    21.3775 -9.990e-29
 168.398663      0.762  35.746969    14.5309    5.66087      0.756    28.8967    21.3691 -9.990e-29
 168.398669      0.762  35.759016    14.5420    5.65966      0.756    28.8992    21.3688 -9.990e-29
 168.398675      0.761  35.769325    14.5465    5.65792      0.755    28.9051    21.3724 -9.990e-29
 168.398681      0.761  35.772589    14.5483    5.65617      0.755    28.9067    21.3732 -9.990e-29
 168.398686      0.761  35.772606    14.5517    5.66092      0.755    28.9042    21.3706 -9.990e-29
 168.398692      0.761  35.774453    14.5589    5.66018      0.755    28.9005    21.3663 -9.990e-29
 168.398698      0.761  35.781720    14.5683    5.67453      0.755    28.9000    21.3640 -9.990e-29
 168.398704      0.761  35.791204    14.5743    5.68149      0.755    28.9041    21.3659 -9.990e-29
 168.398709      0.761  35.796495    14.5774    5.67646      0.755    28.9065    21.3671 -9.990e-29
 168.398715      0.761  35.799048    14.5868    5.67315      0.755    28.9018    21.3616 -9.990e-29
 168.398721      0.761  35.807884    14.6038    5.66429      0.755    28.8971    21.3545 -9.990e-29
 168.398727      0.761  35.822451    14.6192    5.65277      0.755    28.8987    21.3526 -9.990e-29
 168.398733      0.761  35.833584    14.6285    5.65488      0.755    28.9018    21.3530 -9.990e-29
 168.398738      0.762  35.840437    14.6309    5.65956      0.756    28.9061    21.3559 -9.990e-29
 168.398744      0.762  35.842624    14.6264    5.66057      0.756    28.9114    21.3609 -9.990e-29
 168.398750      0.763  35.838584    14.6217    5.66661      0.757    28.9113    21.3617 -9.990e-29
 168.398756      0.764  35.834712    14.6251    5.67035      0.758    28.9053    21.3564 -9.990e-29
 168.398762      0.765  35.839867    14.6347    5.67090      0.759    28.9028    21.3525 -9.990e-29
 168.398767      0.766  35.849153    14.6443    5.66925      0.760    28.9040    21.3515 -9.990e-29
 168.398773      0.768  35.855332    14.6537    5.66378      0.762    28.9025    21.3484 -9.990e-29
 168.398779      0.771  35.862165    14.6620    5.65798      0.765    28.9024    21.3467 -9.990e-29
 168.398785      0.774  35.869239    14.6648    5.65431      0.768    28.9067    21.3494 -9.990e-29
 168.398791      0.777  35.873097    14.6612    5.66243      0.771    28.9128    21.3548 -9.990e-29
 168.398796      0.782  35.871602    14.6593    5.66233      0.775    28.9129    21.3553 -9.990e-29
 168.398802      0.789  35.871177    14.6627    5.66783      0.782    28.9100    21.3523 -9.990e-29
 168.398808      0.797  35.874626    14.6665    5.67175      0.790    28.9102    21.3517 -9.990e-29
 168.398814      0.808  35.874775    14.6692    5.66419      0.801    28.9084    21.3497 -9.990e-29
 168.398819      0.817  35.873515    14.6711    5.65313      0.810    28.9058    21.3474 -9.990e-29
 168.398825      0.821  35.872536    14.6756    5.65095      0.814    28.9016    21.3432 -9.990e-29
 168.398831      0.825  35.874464    14.6797    5.65169      0.818    28.9003    21.3414 -9.990e-29
 168.398837      0.834  35.879634    14.6749    5.65605      0.827    28.9085    21.3487 -9.990e-29
 168.398843      0.846  35.879806    14.6657    5.67062      0.839    28.9155    21.3559 -9.990e-29
 168.398848      0.860  35.874658    14.6613    5.66353      0.853    28.9141    21.3558 -9.990e-29
 168.398854      0.868  35.870226    14.6619    5.65509      0.861    28.9097    21.3523 -9.990e-29
 168.398860      0.869  35.869017    14.6651    5.65401      0.862    28.9062    21.3489 -9.990e-29
 168.398866      0.869  35.869985    14.6667    5.65098      0.862    28.9059    21.3484 -9.990e-29
 168.398872      0.867  35.868820    14.6598    5.65066      0.860    28.9100    21.3529 -9.990e-29
 168.398877      0.864  35.862294    14.6478    5.64993      0.857    28.9131    21.3578 -9.990e-29
 168.398883      0.858  35.853487    14.6416    5.64698      0.851    28.9098    21.3565 -9.990e-29
 168.398889      0.854  35.849726    14.6421    5.65066      0.847    28.9061    21.3535 -9.990e-29
 168.398895      0.856  35.852170    14.6374    5.65293      0.849    28.9117    21.3589 -9.990e-29
 168.398900      0.865  35.848942    14.6250    5.64056      0.858    28.9181    21.3663 -9.990e-29
 168.398906      0.880  35.837988    14.6157    5.64661      0.873    28.9152    21.3660 -9.990e-29
 168.398912      0.898  35.829943    14.6123    5.65586      0.891    28.9105    21.3631 -9.990e-29
 168.398918      0.917  35.826418    14.6095    5.65898      0.909    28.9094    21.3628 -9.990e-29
 168.398924      0.937  35.823840    14.6078    5.66814      0.929    28.9084    21.3623 -9.990e-29
 168.398929      0.955  35.822704    14.6104    5.66234      0.947    28.9054    21.3595 -9.990e-29
 168.398935      0.969  35.824865    14.6155    5.65571      0.961    28.9035    21.3570 -9.990e-29
 168.398941      0.978  35.829282    14.6195    5.64903      0.970    28.9045    21.3570 -9.990e-29
 168.398947      0.985  35.833443    14.6212    5.65135      0.977    28.9070    21.3585 -9.990e-29
 168.398953      0.988  35.836175    14.6191    5.65429      0.980    28.9110    21.3620 -9.990e-29
 168.398958      0.989  35.834959    14.6118    5.66245      0.981    28.9153    21.3669 -9.990e-29
 168.398964      0.987  35.827619    14.6053    5.66624      0.979    28.9136    21.3669 -9.990e-29
 168.398970      0.986  35.820635    14.6065    5.65108      0.978    28.9064    21.3611 -9.990e-29
 168.398976      0.992  35.821522    14.6142    5.64066      0.984    28.9015    21.3557 -9.990e-29
 168.398981      0.999  35.828664    14.6196    5.64479      0.991    28.9039    21.3565 -9.990e-29
 168.398987      1.005  35.832527    14.6158    5.66204      0.997    28.9102    21.3621 -9.990e-29
 168.398993      1.008  35.827616    14.6078    5.67071      1.000    28.9117    21.3649 -9.990e-29
 168.398999      1.011  35.820846    14.6039    5.66987      1.003    28.9085    21.3633 -9.990e-29
 168.399005      1.012  35.818898    14.6054    5.65724      1.004    28.9057    21.3608 -9.990e-29
 168.399010      1.012  35.821419    14.6086    5.64333      1.004    28.9056    21.3600 -9.990e-29
 168.399016      1.011  35.825048    14.6106    5.64082      1.003    28.9073    21.3610 -9.990e-29
 168.399022      1.008  35.827341    14.6102    5.65385      1.000    28.9097    21.3629 -9.990e-29
 168.399028      1.005  35.826878    14.6067    5.66039      0.997    28.9119    21.3653 -9.990e-29
 168.399034      0.999  35.823047    14.6021    5.66696      0.991    28.9119    21.3662 -9.990e-29
 168.399039      0.997  35.819158    14.6001    5.67342      0.989    28.9099    21.3651 -9.990e-29
 168.399045      1.000  35.817883    14.6042    5.66925      0.992    28.9057    21.3610 -9.990e-29
 168.399051      1.010  35.820891    14.6136    5.68473      1.002    28.9014    21.3558 -9.990e-29
 168.399057      1.028  35.826031    14.6223    5.69428      1.019    28.8995    21.3526 -9.990e-29
 168.399063      1.049  35.828387    14.6282    5.67887      1.040    28.8972    21.3496 -9.990e-29
 168.399068      1.076  35.832230    14.6330    5.64303      1.067    28.8971    21.3485 -9.990e-29
 168.399074      1.115  35.839889    14.6357    5.62429      1.106    28.9019    21.3517 -9.990e-29
 168.399080      1.168  35.845321    14.6297    5.62713      1.158    28.9112    21.3601 -9.990e-29
 168.399086      1.238  35.842880    14.6022    5.65309      1.228    28.9295    21.3797 -9.990e-29
 168.399091      1.326  35.824835    14.5639    5.68574      1.315    28.9418    21.3970 -9.990e-29
 168.399097      1.428  35.796850    14.5432    5.70532      1.416    28.9321    21.3938 -9.990e-29
 168.399103      1.542  35.779927    14.5405    5.70143      1.529    28.9188    21.3842 -9.990e-29
 168.399109      1.668  35.776730    14.5468    5.66871      1.654    28.9112    21.3771 0.0000e+00
 168.399115      1.804  35.780196    14.5600    5.64446      1.789    28.9045    21.3692 0.0000e+00
 168.399120      1.951  35.789344    14.5661    5.63583      1.935    28.9081    21.3707 0.0000e+00
 168.399126      2.109  35.792269    14.5464    5.63680      2.091    28.9253    21.3880 0.0000e+00
 168.399132      2.280  35.771573    14.5056    5.65104      2.261    28.9371    21.4054 0.0000e+00
 168.399138      2.462  35.736115    14.4682    5.66610      2.441    28.9331    21.4099 0.0000e+00
 168.399144      2.649  35.708710    14.4422    5.66961      2.627    28.9277    21.4111 0.0000e+00
 168.399149      2.841  35.688699    14.4246    5.67309      2.817    28.9228    21.4109 0.0000e+00
 168.399155      3.041  35.672950    14.4149    5.68376      3.016    28.9158    21.4075 0.0000e+00
 168.399161      3.248  35.664574    14.4101    5.68632      3.221    28.9118    21.4053 0.0000e+00
 168.399167      3.460  35.660257    14.4072    5.68424      3.431    28.9100    21.4046 0.0000e+00
 168.399172      3.671  35.657613    14.4050    5.67573      3.640    28.9092    21.4044 0.0000e+00
 168.399178      3.879  35.655922    14.4025    5.66484      3.847    28.9094    21.4051 0.0000e+00
 168.399184      4.080  35.654056    14.3975    5.66756      4.046    28.9114    21.4076 0.0000e+00
 168.399190      4.273  35.650094    14.3895    5.67466      4.237    28.9138    21.4111 0.0000e+00
 168.399196      4.467  35.643805    14.3817    5.67993      4.430    28.9138    21.4127 0.0000e+00
 168.399201      4.669  35.638021    14.3775    5.67473      4.630    28.9117    21.4119 0.0000e+00
 168.399207      4.876  35.635127    14.3768    5.67257      4.835    28.9095    21.4104 0.0000e+00
 168.399213      5.079  35.634633    14.3771    5.67225      5.037    28.9088    21.4098 0.0000e+00
 168.399219      5.277  35.634762    14.3760    5.66405      5.233    28.9097    21.4107 0.0000e+00
 168.399225      5.476  35.634011    14.3727    5.66404      5.430    28.9114    21.4127 0.0000e+00
 168.399230      5.683  35.631946    14.3673    5.65751      5.635    28.9135    21.4154 0.0000e+00
 168.399236      5.907  35.628623    14.3602    5.65542      5.858    28.9157    21.4186 0.0000e+00
 168.399242      6.150  35.624102    14.3522    5.66395      6.099    28.9175    21.4216 0.0000e+00
 168.399248      6.406  35.619088    14.3438    5.65861      6.352    28.9192    21.4246 0.0000e+00
 168.399253      6.669  35.614187    14.3361    5.64184      6.613    28.9204    21.4271 0.0000e+00
 168.399259      6.939  35.611839    14.3327    5.62382      6.881    28.9208    21.4280 0.0000e+00
 168.399265      7.212  35.613964    14.3315    5.61002      7.152    28.9235    21.4304 0.0000e+00
