data/oxygen options/ONMS/Olympic_Coast_National_Marine_Sanctuary_Hypoxia_Survey_CTD_Data_2004_2015/raw_data/2004/CTD_TH100_061504faedb.cnv
* Sea-Bird SBE19 Data File:
* FileName = C:\WINDOWS\Desktop\put hypoxia files here\CTD files\CA\TH100m061504.hex
* Software Version 1.1.4
* Temperature SN = 2997
* Conductivity SN = 2997
* System UpLoad Time = Jun 15 2004 15:16:14
** Teahwhit Head hypoxia TH10 100m June 15, 2004
* SEACAT PROFILER V3.1c SN 2997   06/15/04  15:13:23.901
# nquan = 9
# nvalues = 100                         
# units = specified
# name 0 = timeJ: Julian Days
# name 1 = prSM: Pressure, Strain Gauge [db]
# name 2 = c0mS/cm: Conductivity [mS/cm]
# name 3 = t090C: Temperature [ITS-90, deg C]
# name 4 = oxML/L: Oxygen, Beckman/YSI [ml/l]
# name 5 = depSM: Depth [salt water, m], lat = 47.5
# name 6 = sal00: Salinity, Practical [PSU]
# name 7 = sigma-é00: Density [sigma-theta, kg/m^3]
# name 8 = flag: flag
# span 0 = 167.538848, 169.311116       
# span 1 =      2.000,    102.000       
# span 2 =  34.097899,  37.857058       
# span 3 =     7.3893,    13.1556       
# span 4 =    2.96077,    6.01595       
# span 5 =      1.983,    101.124       
# span 6 =    31.6472,    33.6747       
# span 7 =    23.7712,    26.3222       
# span 8 = 0.0000e+00, 0.0000e+00       
# interval = decibars: 1                
# start_time = Jun 15 2004 12:52:01 [Instrument's time stamp, header]
# bad_flag = -9.990e-29
*END*
 167.538848      2.000  37.579666    13.1556    5.80626      1.983    31.6603    23.7767 0.0000e+00
 167.538875      3.000  37.545019    13.1318    5.80705      2.975    31.6472    23.7712 0.0000e+00
 167.538906      4.000  37.523163    13.1063    5.81063      3.966    31.6476    23.7766 0.0000e+00
 169.311116      6.000  37.857058    13.1541    5.87254      5.950    31.9983    24.0581 0.0000e+00
 167.539013      7.000  37.402624    12.9626    5.92489      6.942    31.6532    23.8089 0.0000e+00
 167.539026      8.000  37.387493    12.9482    6.01595      7.933    31.6505    23.8097 0.0000e+00
 167.539037      9.000  37.378650    12.9229    5.91267      8.925    31.6630    23.8242 0.0000e+00
 167.539047     10.000  37.347212    12.8257    5.71242      9.916    31.7144    23.8829 0.0000e+00
 167.539057     11.000  37.269487    12.5983    5.58948     10.908    31.8319    24.0175 0.0000e+00
 167.539067     12.000  37.043430    12.1035    5.60813     11.900    32.0366    24.2695 0.0000e+00
 167.539076     13.000  36.643365    11.5007    5.52690     12.891    32.1690    24.4826 0.0000e+00
 167.539087     14.000  36.254426    11.0175    5.44108     13.882    32.2087    24.5999 0.0000e+00
 167.539096     15.000  35.989085    10.6193    5.47196     14.874    32.2956    24.7369 0.0000e+00
 167.539106     16.000  35.711511    10.2446    5.54481     15.866    32.3499    24.8427 0.0000e+00
 167.539116     17.000  35.503468    10.0393    5.54032     16.857    32.3229    24.8560 0.0000e+00
 167.539127     18.000  35.406214     9.9609    5.52302     17.849    32.2941    24.8465 0.0000e+00
 167.539139     19.000  35.353006     9.8875    5.51593     18.841    32.3054    24.8674 0.0000e+00
 167.539151     20.000  35.293039     9.8048    5.49312     19.832    32.3182    24.8909 0.0000e+00
 167.539164     21.000  35.239689     9.7273    5.46808     20.824    32.3329    24.9151 0.0000e+00
 167.539176     22.000  35.179606     9.6363    5.44567     21.815    32.3531    24.9456 0.0000e+00
 167.539189     23.000  35.119081     9.5411    5.44988     22.807    32.3765    24.9793 0.0000e+00
 167.539201     24.000  35.055284     9.4284    5.41199     23.798    32.4126    25.0255 0.0000e+00
 167.539217     25.000  34.965735     9.2720    5.47348     24.790    32.4618    25.0889 0.0000e+00
 167.539238     26.000  34.816115     9.1335    5.52178     25.782    32.4329    25.0881 0.0000e+00
 167.539278     27.000  34.829573     9.1321    5.49401     26.773    32.4476    25.0998 0.0000e+00
 167.539301     28.000  34.735470     9.0114    5.52192     27.764    32.4597    25.1282 0.0000e+00
 167.539321     29.000  34.715794     8.9977    5.52320     28.756    32.4513    25.1237 0.0000e+00
 167.539347     30.000  34.701124     8.9847    5.54068     29.748    32.4475    25.1228 0.0000e+00
 167.539377     31.000  34.688465     8.9645    5.54047     30.739    32.4524    25.1297 0.0000e+00
 167.539398     32.000  34.661036     8.9225    5.56862     31.730    32.4618    25.1436 0.0000e+00
 167.539418     33.000  34.631621     8.8837    5.54767     32.722    32.4662    25.1530 0.0000e+00
 167.539439     34.000  34.587067     8.7928    5.53276     33.714    32.5026    25.1954 0.0000e+00
 167.539459     35.000  34.468919     8.6530    5.55609     34.705    32.5069    25.2202 0.0000e+00
 167.539480     36.000  34.421397     8.6007    5.55198     35.696    32.5048    25.2265 0.0000e+00
 167.539500     37.000  34.390610     8.5677    5.55152     36.688    32.5024    25.2296 0.0000e+00
 167.539518     38.000  34.372098     8.5437    5.55532     37.679    32.5047    25.2350 0.0000e+00
 167.539533     39.000  34.353239     8.5188    5.51339     38.671    32.5074    25.2408 0.0000e+00
 167.539549     40.000  34.332783     8.4799    5.46878     39.662    32.5212    25.2576 0.0000e+00
 167.539565     41.000  34.284328     8.3974    5.48662     40.654    32.5459    25.2893 0.0000e+00
 167.539586     42.000  34.246324     8.3617    5.45539     41.645    32.5384    25.2887 0.0000e+00
 167.539613     43.000  34.221304     8.3181    5.43126     42.637    32.5518    25.3057 0.0000e+00
 167.539637     44.000  34.203226     8.2840    5.41907     43.628    32.5639    25.3201 0.0000e+00
 167.539661     45.000  34.196189     8.2728    5.40541     44.620    32.5664    25.3237 0.0000e+00
 167.539689     46.000  34.191591     8.2624    5.39249     45.611    32.5706    25.3287 0.0000e+00
 167.539713     47.000  34.188666     8.2518    5.35149     46.603    32.5769    25.3352 0.0000e+00
 167.539733     48.000  34.172944     8.2107    5.32042     47.594    32.5980    25.3578 0.0000e+00
 167.539753     49.000  34.154637     8.1624    5.29004     48.585    32.6230    25.3845 0.0000e+00
 167.539776     50.000  34.136201     8.1232    5.26947     49.576    32.6395    25.4031 0.0000e+00
 167.539799     51.000  34.124964     8.0957    5.23727     50.568    32.6527    25.4176 0.0000e+00
 167.539818     52.000  34.113028     8.0529    5.19292     51.560    32.6794    25.4448 0.0000e+00
 167.539834     53.000  34.097899     7.9903    5.15960     52.551    32.7213    25.4868 0.0000e+00
 167.539852     54.000  34.100546     7.9646    5.11134     53.542    32.7477    25.5112 0.0000e+00
 167.539875     55.000  34.109842     7.9653    5.03210     54.534    32.7565    25.5181 0.0000e+00
 167.539893     56.000  34.123868     7.9283    4.93243     55.525    32.8057    25.5620 0.0000e+00
 167.539907     57.000  34.139123     7.8956    4.83412     56.517    32.8522    25.6032 0.0000e+00
 167.539922     58.000  34.147587     7.8801    4.76890     57.508    32.8755    25.6237 0.0000e+00
 167.539939     59.000  34.153159     7.8722    4.73451     58.499    32.8884    25.6350 0.0000e+00
 167.539960     60.000  34.155476     7.8669    4.68642     59.490    32.8954    25.6413 0.0000e+00
 167.539978     61.000  34.160821     7.8447    4.61660     60.482    32.9215    25.6650 0.0000e+00
 167.539993     62.000  34.179547     7.8071    4.51187     61.473    32.9766    25.7137 0.0000e+00
 167.540009     63.000  34.204035     7.7744    4.41918     62.465    33.0333    25.7629 0.0000e+00
 167.540029     64.000  34.214191     7.7722    4.34367     63.456    33.0458    25.7731 0.0000e+00
 167.540054     65.000  34.224130     7.7408    4.16917     64.447    33.0859    25.8090 0.0000e+00
 167.540071     66.000  34.271867     7.6482    3.94659     65.439    33.2248    25.9315 0.0000e+00
 167.540088     67.000  34.300351     7.5823    3.81443     66.430    33.3180    26.0142 0.0000e+00
 167.540112     68.000  34.304443     7.5737    3.73515     67.421    33.3303    26.0250 0.0000e+00
 167.540143     69.000  34.306874     7.5555    3.66745     68.413    33.3499    26.0430 0.0000e+00
 167.540179     70.000  34.311115     7.5414    3.60966     69.404    33.3676    26.0589 0.0000e+00
 167.540206     71.000  34.316786     7.5195    3.56477     70.395    33.3942    26.0829 0.0000e+00
 167.540231     72.000  34.331643     7.5020    3.51032     71.386    33.4267    26.1110 0.0000e+00
 167.540265     73.000  34.340338     7.4931    3.45352     72.378    33.4442    26.1260 0.0000e+00
 167.540293     74.000  34.356049     7.4776    3.38932     73.369    33.4756    26.1529 0.0000e+00
 167.540316     75.000  34.372709     7.4687    3.33790     74.361    33.5017    26.1747 0.0000e+00
 167.540341     76.000  34.387473     7.4566    3.27671     75.352    33.5290    26.1979 0.0000e+00
 167.540362     77.000  34.413151     7.4326    3.20086     76.343    33.5795    26.2410 0.0000e+00
 167.540379     78.000  34.420709     7.4286    3.18518     77.335    33.5911    26.2507 0.0000e+00
 167.540399     79.000  34.426842     7.4250    3.15916     78.326    33.6008    26.2588 0.0000e+00
 167.540420     80.000  34.433680     7.4189    3.13156     79.317    33.6137    26.2698 0.0000e+00
 167.540441     81.000  34.441011     7.4123    3.09278     80.308    33.6275    26.2816 0.0000e+00
 167.540462     82.000  34.444443     7.4081    3.07403     81.299    33.6349    26.2880 0.0000e+00
 167.540480     83.000  34.448229     7.4043    3.06057     82.291    33.6421    26.2943 0.0000e+00
 167.540498     84.000  34.451255     7.4024    3.05027     83.282    33.6467    26.2982 0.0000e+00
 167.540516     85.000  34.453399     7.4012    3.02708     84.273    33.6498    26.3008 0.0000e+00
 167.540535     86.000  34.456010     7.3983    3.02015     85.264    33.6550    26.3053 0.0000e+00
 167.540556     87.000  34.458316     7.3979    3.02256     86.256    33.6574    26.3073 0.0000e+00
 167.540580     88.000  34.458546     7.3972    3.01119     87.247    33.6579    26.3077 0.0000e+00
 167.540599     89.000  34.459898     7.3947    2.99125     88.239    33.6612    26.3108 0.0000e+00
 167.540615     90.000  34.461676     7.3940    2.99372     89.229    33.6634    26.3125 0.0000e+00
 167.540631     91.000  34.463663     7.3930    3.00065     90.221    33.6660    26.3148 0.0000e+00
 167.540651     92.000  34.464938     7.3935    2.99127     91.212    33.6665    26.3151 0.0000e+00
 167.540673     93.000  34.464616     7.3926    2.97757     92.203    33.6665    26.3152 0.0000e+00
 167.540690     94.000  34.466150     7.3912    2.98532     93.194    33.6690    26.3174 0.0000e+00
 167.540709     95.000  34.467614     7.3917    2.97327     94.185    33.6697    26.3179 0.0000e+00
 167.540726     96.000  34.468205     7.3909    2.96671     95.177    33.6706    26.3187 0.0000e+00
 167.540741     97.000  34.470171     7.3899    2.97018     96.168    33.6732    26.3209 0.0000e+00
 167.540755     98.000  34.471049     7.3893    2.96859     97.159    33.6742    26.3218 0.0000e+00
 167.540771     99.000  34.471400     7.3893    2.96088     98.150    33.6741    26.3217 0.0000e+00
 167.540790    100.000  34.472592     7.3897    2.97477     99.141    33.6746    26.3221 0.0000e+00
 167.540811    101.000  34.473309     7.3899    2.97805    100.133    33.6747    26.3222 0.0000e+00
 167.540867    102.000  34.473873     7.3905    2.96077    101.124    33.6742    26.3217 0.0000e+00
