data/oxygen options/ONMS/Olympic_Coast_National_Marine_Sanctuary_Hypoxia_Survey_CTD_Data_2004_2015/raw_data/2004/CTD_CA60_072704faed.cnv
* Sea-Bird SBE19 Data File:
* FileName = C:\WINDOWS\Desktop\put hypoxia files here\CTD files\July 26_27-04\CA\CA6_072704.hex
* Software Version 1.1.4
* Temperature SN = 2997
* Conductivity SN = 2997
* System UpLoad Time = Jul 27 2004 15:37:14
* SEACAT PROFILER V3.1c SN 2997   07/27/04  15:36:48.451
* strain gauge pressure sensor: S/N = 184829,  range = 3000 psia,  tc = 40
# nquan = 9                                 
# nvalues = 751                         
# units = specified
# name 0 = timeJ: Julian Days
# name 1 = prSM: Pressure, Strain Gauge [db]
# name 2 = c0mS/cm: Conductivity [mS/cm]
# name 3 = t090C: Temperature [ITS-90, deg C]
# name 4 = oxML/L: Oxygen, Beckman/YSI [ml/l]
# name 5 = depSM: Depth [salt water, m], lat = 47.5
# name 6 = sal00: Salinity, Practical [PSU]
# name 7 = sigma-é00: Density [sigma-theta, kg/m^3]
# name 8 = flag: flag
# span 0 = 209.565417, 209.569757       
# span 1 =     -5.098,     59.844       
# span 2 =   1.022007,  40.161186       
# span 3 =     7.1896,    15.6718       
# span 4 =   -0.05380,   29.38144       
# span 5 =     -5.056,     59.336       
# span 6 =     0.6430,    33.7856       
# span 7 =    -0.3214,    26.4368       
# span 8 = 0.0000e+00, 0.0000e+00       
# interval = seconds: 0.5
# start_time = Jul 27 2004 13:34:12 [Instrument's time stamp, header]
# bad_flag = -9.990e-29
*END*
[from data line 641]
 209.569126     53.677  34.360347     7.1932    2.63867     53.222    33.7664    26.4211 0.0000e+00
 209.569132     53.167  34.359451     7.1935    2.63291     52.716    33.7654    26.4203 0.0000e+00
 209.569138     52.656  34.357337     7.1938    2.65078     52.210    33.7630    26.4184 0.0000e+00
 209.569144     52.144  34.354593     7.1941    2.64711     51.702    33.7600    26.4159 0.0000e+00
 209.569149     51.633  34.352652     7.1944    2.66168     51.196    33.7578    26.4142 0.0000e+00
 209.569155     51.126  34.350654     7.1950    2.66563     50.693    33.7553    26.4121 0.0000e+00
 209.569161     50.617  34.345979     7.1968    2.67716     50.188    33.7487    26.4066 0.0000e+00
 209.569167     50.093  34.334682     7.2035    2.71675     49.669    33.7300    26.3911 0.0000e+00
 209.569172     49.556  34.314637     7.2182    2.74027     49.137    33.6941    26.3607 0.0000e+00
 209.569178     49.014  34.293356     7.2341    2.77341     48.599    33.6556    26.3282 0.0000e+00
 209.569184     48.477  34.282308     7.2456    2.76999     48.067    33.6327    26.3086 0.0000e+00
 209.569190     47.952  34.281944     7.2629    2.73305     47.546    33.6157    26.2928 0.0000e+00
 209.569196     47.446  34.283422     7.3013    2.67895     47.045    33.5802    26.2595 0.0000e+00
 209.569201     46.950  34.283714     7.3603    2.61383     46.553    33.5236    26.2067 0.0000e+00
 209.569207     46.452  34.288861     7.4211    2.55972     46.059    33.4706    26.1565 0.0000e+00
 209.569213     45.953  34.301852     7.4645    2.51649     45.564    33.4430    26.1287 0.0000e+00
 209.569219     45.470  34.314840     7.4901    2.51048     45.086    33.4326    26.1170 0.0000e+00
 209.569225     45.005  34.323340     7.5116    2.50643     44.625    33.4213    26.1050 0.0000e+00
 209.569230     44.551  34.332572     7.5395    2.52813     44.174    33.4047    26.0880 0.0000e+00
 209.569236     44.087  34.345363     7.5878    2.55259     43.714    33.3723    26.0557 0.0000e+00
 209.569242     43.592  34.367044     7.6608    2.58813     43.224    33.3259    26.0088 0.0000e+00
 209.569248     43.065  34.400785     7.7454    2.62333     42.701    33.2815    25.9618 0.0000e+00
 209.569253     42.515  34.440059     7.8390    2.65182     42.156    33.2346    25.9115 0.0000e+00
 209.569259     41.950  34.484600     7.9464    2.69657     41.596    33.1804    25.8534 0.0000e+00
 209.569265     41.378  34.536681     8.0575    2.73952     41.029    33.1310    25.7983 0.0000e+00
 209.569271     40.808  34.591813     8.1422    2.77096     40.463    33.1099    25.7693 0.0000e+00
 209.569277     40.260  34.633883     8.1857    2.81850     39.920    33.1137    25.7659 0.0000e+00
 209.569282     39.747  34.654028     8.2143    2.84673     39.411    33.1084    25.7575 0.0000e+00
 209.569288     39.265  34.669079     8.2425    2.88158     38.934    33.0980    25.7451 0.0000e+00
 209.569294     38.807  34.683457     8.2691    2.89877     38.479    33.0884    25.7337 0.0000e+00
 209.569300     38.354  34.695081     8.3049    2.91407     38.030    33.0672    25.7117 0.0000e+00
 209.569306     37.892  34.714454     8.3459    2.93746     37.572    33.0494    25.6916 0.0000e+00
 209.569311     37.413  34.737745     8.3785    2.95927     37.097    33.0436    25.6822 0.0000e+00
 209.569317     36.916  34.755139     8.4002    2.98644     36.605    33.0419    25.6775 0.0000e+00
 209.569323     36.399  34.766339     8.4145    2.98642     36.092    33.0405    25.6743 0.0000e+00
 209.569329     35.855  34.773995     8.4258    2.98967     35.553    33.0382    25.6709 0.0000e+00
 209.569334     35.289  34.780518     8.4380    2.98750     34.991    33.0339    25.6656 0.0000e+00
 209.569340     34.716  34.787925     8.4532    2.99231     34.423    33.0278    25.6585 0.0000e+00
 209.569346     34.150  34.797173     8.4697    3.01382     33.862    33.0223    25.6517 0.0000e+00
 209.569352     33.607  34.807188     8.4837    3.04365     33.324    33.0200    25.6478 0.0000e+00
 209.569358     33.092  34.814557     8.4989    3.07644     32.813    33.0138    25.6406 0.0000e+00
 209.569363     32.596  34.820746     8.5250    3.09866     32.321    32.9961    25.6228 0.0000e+00
 209.569369     32.115  34.832371     8.5752    3.12921     31.844    32.9616    25.5882 0.0000e+00
 209.569375     31.639  34.859936     8.6600    3.15597     31.373    32.9118    25.5362 0.0000e+00
 209.569381     31.155  34.911091     8.7672    3.19775     30.893    32.8659    25.4839 0.0000e+00
 209.569387     30.654  34.974496     8.8660    3.24715     30.396    32.8408    25.4490 0.0000e+00
 209.569392     30.134  35.030485     8.9339    3.29075     29.880    32.8366    25.4352 0.0000e+00
 209.569398     29.596  35.066885     8.9744    3.33569     29.347    32.8373    25.4294 0.0000e+00
 209.569404     29.040  35.086886     9.0063    3.36900     28.796    32.8289    25.4178 0.0000e+00
 209.569410     28.465  35.103761     9.0434    3.39740     28.225    32.8124    25.3992 0.0000e+00
 209.569416     27.873  35.125485     9.0900    3.38332     27.639    32.7923    25.3761 0.0000e+00
 209.569421     27.274  35.153605     9.1508    3.41562     27.045    32.7658    25.3458 0.0000e+00
 209.569427     26.681  35.191472     9.2336    3.48075     26.457    32.7292    25.3041 0.0000e+00
 209.569433     26.103  35.246464     9.3285    3.57532     25.884    32.6993    25.2656 0.0000e+00
 209.569439     25.542  35.310113     9.4152    3.71351     25.327    32.6858    25.2412 0.0000e+00
 209.569444     24.997  35.366996     9.4997    3.84593     24.787    32.6674    25.2133 0.0000e+00
 209.569450     24.467  35.422945     9.6017    3.94480     24.261    32.6322    25.1693 0.0000e+00
 209.569456     23.949  35.488709     9.7445    4.05313     23.748    32.5701    25.0975 0.0000e+00
 209.569462     23.435  35.576909     9.9910    4.19483     23.238    32.4377    24.9537 0.0000e+00
 209.569468     22.927  35.754750    10.3417    4.34140     22.734    32.3040    24.7907 0.0000e+00
 209.569473     22.432  36.030667    10.6406    4.52782     22.244    32.3151    24.7484 0.0000e+00
 209.569479     21.948  36.252336    10.7871    4.68169     21.764    32.4062    24.7940 0.0000e+00
 209.569485     21.469  36.343147    10.8511    4.80778     21.289    32.4399    24.8091 0.0000e+00
 209.569491     20.992  36.379431    10.9060    4.92579     20.816    32.4275    24.7898 0.0000e+00
 209.569497     20.506  36.412995    10.9874    5.04106     20.334    32.3891    24.7456 0.0000e+00
 209.569502     19.999  36.470137    11.1196    5.16816     19.831    32.3293    24.6758 0.0000e+00
 209.569508     19.465  36.574390    11.2737    5.28698     19.302    32.2969    24.6232 0.0000e+00
 209.569514     18.906  36.690429    11.4242    5.42746     18.747    32.2792    24.5824 0.0000e+00
 209.569520     18.336  36.799219    11.5721    5.52470     18.182    32.2567    24.5382 0.0000e+00
 209.569525     17.769  36.916357    11.6967    5.57630     17.620    32.2626    24.5201 0.0000e+00
 209.569531     17.212  37.019778    11.7810    5.60329     17.068    32.2900    24.5259 0.0000e+00
 209.569537     16.664  37.084831    11.8615    5.63323     16.524    32.2834    24.5060 0.0000e+00
 209.569543     16.125  37.148414    11.9882    5.72050     15.990    32.2354    24.4453 0.0000e+00
 209.569549     15.590  37.259471    12.1376    5.85969     15.459    32.2137    24.4006 0.0000e+00
 209.569554     15.059  37.384997    12.2575    6.02831     14.933    32.2313    24.3917 0.0000e+00
 209.569560     14.541  37.474842    12.3500    6.16270     14.419    32.2380    24.3794 0.0000e+00
 209.569566     14.038  37.537838    12.4834    6.30812     13.920    32.1839    24.3122 0.0000e+00
 209.569572     13.536  37.635619    12.7471    6.48816     13.423    32.0522    24.1596 0.0000e+00
 209.569578     13.018  37.857673    13.1389    6.71885     12.909    31.9308    23.9894 0.0000e+00
 209.569583     12.492  38.202876    13.5437    6.89485     12.387    31.9143    23.8963 0.0000e+00
 209.569589     11.966  38.538184    13.8784    7.03660     11.866    31.9462    23.8534 0.0000e+00
 209.569595     11.441  38.774577    14.1581    7.11181     11.345    31.9318    23.7850 0.0000e+00
 209.569601     10.922  38.942980    14.4209    7.09389     10.831    31.8691    23.6821 0.0000e+00
 209.569606     10.415  39.099185    14.6716    7.08554     10.328    31.8055    23.5805 0.0000e+00
 209.569612      9.917  39.265255    14.8817    7.08605      9.834    31.7843    23.5197 0.0000e+00
 209.569618      9.424  39.430142    15.0179    7.11745      9.345    31.8220    23.5196 0.0000e+00
 209.569624      8.932  39.563922    15.0791    7.10974      8.857    31.8926    23.5608 0.0000e+00
 209.569630      8.450  39.634369    15.1198    7.07701      8.379    31.9229    23.5754 0.0000e+00
 209.569635      7.986  39.671728    15.2029    7.45785      7.919    31.8888    23.5312 0.0000e+00
 209.569641      7.539  39.747695    15.3131    7.27860      7.476    31.8674    23.4909 0.0000e+00
 209.569647      7.108  39.850231    15.3957    7.39449      7.049    31.8921    23.4919 0.0000e+00
 209.569653      6.690  39.921380    15.4410    7.24242      6.634    31.9189    23.5026 0.0000e+00
 209.569659      6.290  39.956167    15.4676    6.95690      6.237    31.9285    23.5042 0.0000e+00
 209.569664      5.915  39.975185    15.4877    7.36484      5.866    31.9293    23.5004 0.0000e+00
 209.569670      5.568  39.991455    15.5040    7.81276      5.521    31.9307    23.4979 0.0000e+00
 209.569676      5.240  40.008160    15.5178    7.37530      5.196    31.9344    23.4977 0.0000e+00
 209.569682      4.926  40.022327    15.5331    6.68078      4.885    31.9348    23.4946 0.0000e+00
 209.569687      4.628  40.037140    15.5523    6.27663      4.589    31.9325    23.4886 0.0000e+00
 209.569693      4.341  40.058329    15.5732    6.14579      4.305    31.9345    23.4856 0.0000e+00
 209.569699      4.063  40.082165    15.5875    6.41609      4.029    31.9442    23.4899 0.0000e+00
 209.569705      3.797  40.095549    15.5942 -9.990e-29      3.765    31.9507    23.4935 0.0000e+00
 209.569711      3.541  40.100622    15.6099 -9.990e-29      3.511    31.9426    23.4838 0.0000e+00
 209.569716      3.294  40.117058    15.6427 -9.990e-29      3.266    31.9307    23.4674 0.0000e+00
 209.569722      3.067  40.146571    15.6718 -9.990e-29      3.041    31.9335    23.4631 0.0000e+00
 209.569728      2.866  40.161186    15.6624 -9.990e-29      2.842    31.9541    23.4810 0.0000e+00
 209.569734      2.697  40.136633    15.6056 -9.990e-29      2.674    31.9784    23.5122 0.0000e+00
 209.569740      2.560  40.082828    15.5312 -9.990e-29      2.539    31.9910    23.5382 -9.990e-29
 209.569745      2.457  40.020612    15.4675 -9.990e-29      2.436    31.9874    23.5494 -9.990e-29
 209.569751      2.388  39.957912    15.4401 -9.990e-29      2.368    31.9538    23.5295 -9.990e-29
 209.569757      2.363  39.904253 -9.990e-29 -9.990e-29      2.343 -9.990e-29 -9.990e-29 -9.990e-29
