data/oxygen options/ONMS/Olympic_Coast_National_Marine_Sanctuary_Hypoxia_Survey_CTD_Data_2004_2015/raw_data/2004/CTD_CA50_061504faed.cnv
* Sea-Bird SBE19 Data File:
* FileName = C:\WINDOWS\Desktop\put hypoxia files here\CTD files\CA\CA50m061504.hex
* Software Version 1.1.4
* Temperature SN = 2997
* Conductivity SN = 2997
* System UpLoad Time = Jun 15 2004 12:09:20
** Cape Alava hypoxia 50 m CA-5 June 1,2004
* SEACAT PROFILER V3.1c SN 2997   06/15/04  12:07:02.673
# nquan = 9                                 
# nvalues = 924                         
# units = specified
# name 0 = timeJ: Julian Days
# name 1 = prSM: Pressure, Strain Gauge [db]
# name 2 = c0mS/cm: Conductivity [mS/cm]
# name 3 = t090C: Temperature [ITS-90, deg C]
# name 4 = oxML/L: Oxygen, Beckman/YSI [ml/l]
# name 5 = depSM: Depth [salt water, m], lat = 47.5
# name 6 = sal00: Salinity, Practical [PSU]
# name 7 = sigma-é00: Density [sigma-theta, kg/m^3]
# name 8 = flag: flag
# span 0 = 167.447870, 167.453212       
# span 1 =     -4.873,     51.130       
# span 2 =   0.438244,  37.229854       
# span 3 =     7.9036,    13.4073       
# span 4 =  -12.21242,   32.57564       
# span 5 =     -4.832,     50.697       
# span 6 =     0.2811,    33.0427       
# span 7 =    -0.3350,    25.7512       
# span 8 = 0.0000e+00, 0.0000e+00       
# interval = seconds: 0.5
# start_time = Jun 15 2004 10:44:56 [Instrument's time stamp, header]
# bad_flag = -9.990e-29
*END*
[from data line 641]
 167.451580      8.911  36.976683    12.5877    5.76485      8.836    31.5636    23.8116 0.0000e+00
 167.451586      9.350  36.963646    12.5371    5.77177      9.272    31.5935    23.8444 0.0000e+00
 167.451591      9.799  36.943908    12.4945    5.77596      9.717    31.6103    23.8655 0.0000e+00
 167.451597     10.258  36.923647    12.4555    5.79136     10.172    31.6237    23.8833 0.0000e+00
 167.451603     10.712  36.903855    12.4135    5.80354     10.622    31.6400    23.9039 0.0000e+00
 167.451609     11.151  36.881665    12.3745    5.81341     11.058    31.6515    23.9202 0.0000e+00
 167.451615     11.587  36.861668    12.3431    5.81772     11.490    31.6588    23.9317 0.0000e+00
 167.451620     12.030  36.847454    12.3145    5.80143     11.929    31.6692    23.9451 0.0000e+00
 167.451626     12.483  36.834621    12.2817    5.75830     12.378    31.6844    23.9631 0.0000e+00
 167.451632     12.944  36.816682    12.2400    5.72020     12.836    31.7024    23.9848 0.0000e+00
 167.451638     13.412  36.792121    12.1847    5.69840     13.300    31.7255    24.0131 0.0000e+00
 167.451644     13.888  36.760688    12.1107    5.71442     13.772    31.7579    24.0521 0.0000e+00
 167.451649     14.362  36.720261    12.0151    5.76963     14.242    31.8002    24.1026 0.0000e+00
 167.451655     14.832  36.669059    11.9024    5.84501     14.708    31.8469    24.1596 0.0000e+00
 167.451661     15.301  36.604954    11.7918    5.92683     15.173    31.8794    24.2051 0.0000e+00
 167.451667     15.764  36.537775    11.7083    6.00028     15.632    31.8857    24.2253 0.0000e+00
 167.451672     16.212  36.488386    11.6578    6.06987     16.076    31.8810    24.2308 0.0000e+00
 167.451678     16.649  36.460433    11.6261    6.11825     16.509    31.8809    24.2365 0.0000e+00
 167.451684     17.081  36.441840    11.5981    6.11703     16.938    31.8867    24.2461 0.0000e+00
 167.451690     17.504  36.422363    11.5713    6.08669     17.357    31.8906    24.2540 0.0000e+00
 167.451696     17.913  36.401239    11.5464    6.03474     17.763    31.8913    24.2590 0.0000e+00
 167.451701     18.306  36.381119    11.5074    5.99253     18.152    31.9052    24.2768 0.0000e+00
 167.451707     18.696  36.349165    11.4279    5.96684     18.539    31.9424    24.3201 0.0000e+00
 167.451713     19.091  36.282931    11.3038    5.89920     18.931    31.9849    24.3752 0.0000e+00
 167.451719     19.490  36.181565    11.1593    5.81380     19.326    32.0107    24.4209 0.0000e+00
 167.451725     19.893  36.067459    11.0163    5.70314     19.726    32.0226    24.4554 0.0000e+00
 167.451730     20.300  35.957224    10.8838    5.53979     20.130    32.0291    24.4836 0.0000e+00
 167.451736     20.711  35.858603    10.7587    5.36561     20.537    32.0406    24.5143 0.0000e+00
 167.451742     21.121  35.765106    10.6339    5.20126     20.944    32.0569    24.5484 0.0000e+00
 167.451748     21.528  35.664736    10.5014    5.05503     21.347    32.0731    24.5837 0.0000e+00
 167.451753     21.931  35.557641    10.3314    4.94979     21.747    32.1157    24.6457 0.0000e+00
 167.451759     22.330  35.424908    10.1169    4.83467     22.142    32.1721    24.7255 0.0000e+00
 167.451765     22.730  35.267828     9.9120    4.72478     22.539    32.1954    24.7776 0.0000e+00
 167.451771     23.129  35.137080     9.7639    4.64175     22.935    32.1947    24.8013 0.0000e+00
 167.451777     23.523  35.053957     9.6727    4.58432     23.325    32.1915    24.8136 0.0000e+00
 167.451782     23.912  35.004001     9.6141    4.55578     23.711    32.1928    24.8241 0.0000e+00
 167.451788     24.290  34.972140     9.5674    4.52406     24.086    32.2020    24.8388 0.0000e+00
 167.451794     24.656  34.946133     9.5284    4.49509     24.449    32.2102    24.8515 0.0000e+00
 167.451800     25.015  34.923789     9.4989    4.47023     24.805    32.2137    24.8589 0.0000e+00
 167.451806     25.374  34.908923     9.4794    4.44355     25.161    32.2158    24.8637 0.0000e+00
 167.451811     25.738  34.907475     9.4595    4.42188     25.522    32.2321    24.8796 0.0000e+00
 167.451817     26.109  34.914118     9.4244    4.38517     25.889    32.2703    24.9151 0.0000e+00
 167.451823     26.480  34.909649     9.3770    4.34774     26.257    32.3083    24.9523 0.0000e+00
 167.451829     26.845  34.888082     9.3138    4.31351     26.619    32.3431    24.9895 0.0000e+00
 167.451834     27.210  34.846982     9.2282    4.26858     26.981    32.3782    25.0304 0.0000e+00
 167.451840     27.590  34.788703     9.1414    4.23184     27.358    32.3966    25.0585 0.0000e+00
 167.451846     27.992  34.738671     9.0727    4.19403     27.756    32.4071    25.0775 0.0000e+00
 167.451852     28.407  34.709189     9.0227    4.15167     28.168    32.4219    25.0968 0.0000e+00
 167.451858     28.822  34.690618     8.9860    4.11627     28.579    32.4359    25.1135 0.0000e+00
 167.451863     29.235  34.674981     8.9516    4.09413     28.989    32.4509    25.1305 0.0000e+00
 167.451869     29.650  34.658774     8.9108    4.04571     29.400    32.4712    25.1527 0.0000e+00
 167.451875     30.072  34.642225     8.8655    4.00290     29.819    32.4952    25.1785 0.0000e+00
 167.451881     30.497  34.627346     8.8191    3.96172     30.240    32.5220    25.2066 0.0000e+00
 167.451887     30.923  34.614448     8.7693    3.92062     30.663    32.5541    25.2394 0.0000e+00
 167.451892     31.348  34.600317     8.7131    3.88372     31.084    32.5908    25.2767 0.0000e+00
 167.451898     31.767  34.582337     8.6519    3.85225     31.499    32.6282    25.3153 0.0000e+00
 167.451904     32.182  34.561730     8.5932    3.82168     31.911    32.6607    25.3496 0.0000e+00
 167.451910     32.589  34.541820     8.5437    3.81702     32.314    32.6854    25.3765 0.0000e+00
 167.451916     32.985  34.525180     8.5006    3.81708     32.707    32.7076    25.4004 0.0000e+00
 167.451921     33.373  34.510329     8.4587    3.81957     33.092    32.7307    25.4248 0.0000e+00
 167.451927     33.755  34.494815     8.4214    3.82532     33.471    32.7488    25.4446 0.0000e+00
 167.451933     34.132  34.480346     8.3947    3.83834     33.844    32.7582    25.4560 0.0000e+00
 167.451939     34.505  34.469461     8.3767    3.85131     34.214    32.7633    25.4627 0.0000e+00
 167.451944     34.880  34.461072     8.3603    3.85805     34.586    32.7696    25.4700 0.0000e+00
 167.451950     35.261  34.452933     8.3402    3.86670     34.964    32.7795    25.4808 0.0000e+00
 167.451956     35.646  34.444256     8.3154    3.86927     35.345    32.7933    25.4953 0.0000e+00
 167.451962     36.037  34.435218     8.2869    3.87396     35.733    32.8101    25.5127 0.0000e+00
 167.451968     36.439  34.426074     8.2549    3.89065     36.132    32.8302    25.5332 0.0000e+00
 167.451973     36.847  34.416376     8.2195    3.90816     36.536    32.8528    25.5562 0.0000e+00
 167.451979     37.252  34.406058     8.1848    3.91715     36.938    32.8742    25.5781 0.0000e+00
 167.451985     37.646  34.397028     8.1570    3.93403     37.328    32.8905    25.5949 0.0000e+00
 167.451991     38.024  34.390108     8.1364    3.92219     37.703    32.9023    25.6072 0.0000e+00
 167.451997     38.393  34.383888     8.1188    3.91429     38.069    32.9120    25.6175 0.0000e+00
 167.452002     38.768  34.377896     8.1010    3.91679     38.441    32.9222    25.6281 0.0000e+00
 167.452008     39.159  34.372524     8.0808    3.92049     38.828    32.9353    25.6413 0.0000e+00
 167.452014     39.571  34.367310     8.0587    3.93250     39.237    32.9503    25.6563 0.0000e+00
 167.452020     39.995  34.362003     8.0383    3.94594     39.657    32.9637    25.6698 0.0000e+00
 167.452025     40.415  34.357346     8.0217    3.95526     40.074    32.9741    25.6805 0.0000e+00
 167.452031     40.815  34.353826     8.0114    3.95985     40.470    32.9799    25.6865 0.0000e+00
 167.452037     41.182  34.351765     8.0113    3.97312     40.834    32.9776    25.6847 0.0000e+00
 167.452043     41.518  34.352311     8.0196    3.96234     41.167    32.9702    25.6777 0.0000e+00
 167.452049     41.835  34.355041     8.0304    3.94542     41.482    32.9628    25.6703 0.0000e+00
 167.452054     42.146  34.357404     8.0401    3.92554     41.790    32.9561    25.6636 0.0000e+00
 167.452060     42.466  34.358045     8.0449    3.92401     42.107    32.9521    25.6598 0.0000e+00
 167.452066     42.806  34.356304     8.0343    3.92979     42.444    32.9600    25.6676 0.0000e+00
 167.452072     43.166  34.352096     8.0019    3.94237     42.801    32.9859    25.6926 0.0000e+00
 167.452078     43.545  34.345055     7.9633    3.94443     43.177    33.0146    25.7208 0.0000e+00
 167.452083     43.940  34.336469     7.9362    3.94630     43.569    33.0309    25.7375 0.0000e+00
 167.452089     44.346  34.330237     7.9212    3.95364     43.971    33.0382    25.7454 0.0000e+00
 167.452095     44.755  34.327039     7.9137    3.95762     44.377    33.0417    25.7492 0.0000e+00
 167.452101     45.163  34.325438     7.9108    3.96262     44.781    33.0425    25.7503 0.0000e+00
 167.452106     45.566  34.324447     7.9094    3.96575     45.181    33.0426    25.7506 0.0000e+00
 167.452112     45.960  34.323333     7.9079    3.96107     45.571    33.0427    25.7509 0.0000e+00
 167.452118     46.348  34.322319     7.9066    3.96855     45.956    33.0426    25.7510 0.0000e+00
 167.452124     46.733  34.321763     7.9057    3.96520     46.338    33.0427    25.7512 0.0000e+00
 167.452130     47.110  34.321511     7.9054    3.95861     46.711    33.0425    25.7511 0.0000e+00
 167.452135     47.468  34.321255     7.9060    3.96885     47.066    33.0415    25.7503 0.0000e+00
 167.452141     47.801  34.321242     7.9078    3.96242     47.397    33.0397    25.7485 0.0000e+00
 167.452147     48.108  34.322044     7.9108    3.95924     47.701    33.0375    25.7464 0.0000e+00
 167.452153     48.395  34.323638     7.9133    3.95138     47.985    33.0367    25.7455 0.0000e+00
 167.452159     48.678  34.324815     7.9127    3.94911     48.266    33.0384    25.7469 0.0000e+00
 167.452164     48.968  34.323809     7.9099    3.94704     48.554    33.0399    25.7484 0.0000e+00
 167.452170     49.268  34.321550     7.9083    3.95161     48.851    33.0388    25.7478 0.0000e+00
 167.452176     49.572  34.320663     7.9080    3.94890     49.152    33.0380    25.7473 0.0000e+00
 167.452182     49.863  34.321112     7.9083    3.94216     49.441    33.0381    25.7473 0.0000e+00
 167.452188     50.118  34.321842     7.9098    3.93574     49.694    33.0373    25.7465 0.0000e+00
 167.452193     50.328  34.322732     7.9126    3.93774     49.902    33.0355    25.7446 0.0000e+00
 167.452199     50.501  34.323876     7.9157    3.93572     50.073    33.0337    25.7428 0.0000e+00
 167.452205     50.643  34.325145     7.9182    3.93186     50.214    33.0327    25.7416 -9.990e-29
 167.452211     50.757  34.326020     7.9200    3.92626     50.327    33.0318    25.7407 -9.990e-29
 167.452216     50.843  34.326577     7.9213    3.92688     50.412    33.0312    25.7400 -9.990e-29
 167.452222     50.909  34.327028     7.9216    3.92410     50.478    33.0313    25.7401 -9.990e-29
 167.452228     50.958  34.326881     7.9207    3.92018     50.526    33.0320    25.7407 -9.990e-29
 167.452234     50.993  34.325972     7.9192    3.91432     50.561    33.0324    25.7413 -9.990e-29
 167.452240     51.016  34.324800     7.9174    3.91428     50.584    33.0329    25.7419 -9.990e-29
 167.452245     51.030  34.323515     7.9156    3.91233     50.598    33.0332    25.7424 -9.990e-29
 167.452251     51.034  34.322115     7.9143    3.90867     50.602    33.0329    25.7424 -9.990e-29
 167.452257     51.033  34.321003     7.9135    3.90210     50.601    33.0325    25.7421 -9.990e-29
 167.452263     51.037  34.320409     7.9133    3.90310     50.605    33.0321    25.7418 -9.990e-29
 167.452269     51.044  34.320132     7.9134    3.90114     50.612    33.0317    25.7415 -9.990e-29
 167.452274     51.052  34.319831     7.9135    3.89636     50.620    33.0312    25.7412 -9.990e-29
 167.452280     51.065  34.319696     7.9140    3.89909     50.633    33.0306    25.7406 -9.990e-29
 167.452286     51.084  34.320139     7.9146    3.89219     50.651    33.0305    25.7404 -9.990e-29
 167.452292     51.101  34.320659     7.9150    3.89643     50.668    33.0307    25.7405 -9.990e-29
 167.452297     51.114  34.320294     7.9145    3.89255     50.681    33.0308    25.7406 -9.990e-29
 167.452303     51.123  34.319149     7.9133    3.89316     50.690    33.0307    25.7407 -9.990e-29
 167.452309     51.128  34.317971     7.9122    3.88899     50.695    33.0304    25.7407 -9.990e-29
 167.452315     51.130  34.316901     7.9115    3.88977     50.697    33.0300    25.7404 -9.990e-29
 167.452321     51.130  34.315661     7.9111    3.88486     50.697    33.0290    25.7398 -9.990e-29
 167.452326     51.126  34.314310     7.9111    3.88586     50.693    33.0276    25.7386 -9.990e-29
 167.452332     51.120  34.313319     7.9113    3.87322     50.687    33.0263    25.7376 -9.990e-29
 167.452338     51.110  34.313077     7.9110    3.87208     50.677    33.0264    25.7377 -9.990e-29
 167.452344     51.096  34.313294     7.9099    3.87600     50.663    33.0276    25.7388 -9.990e-29
 167.452350     51.077  34.313728     7.9095    3.87219     50.644    33.0285    25.7396 -9.990e-29
 167.452355     51.052  34.314427     7.9105    3.87042     50.620    33.0283    25.7393 -9.990e-29
 167.452361     51.019  34.315231     7.9121    3.87685     50.587    33.0277    25.7385 -9.990e-29
 167.452367     50.976  34.316120     7.9131    3.87365     50.544    33.0277    25.7384 -9.990e-29
 167.452373     50.920  34.316627     7.9134    3.86874     50.489    33.0280    25.7386 -9.990e-29
 167.452378     50.853  34.316337     7.9135    3.86069     50.422    33.0276    25.7383 -9.990e-29
 167.452384     50.778  34.315453     7.9138    3.84808     50.348    33.0264    25.7373 -9.990e-29
 167.452390     50.695  34.314510     7.9140    3.85165     50.266    33.0252    25.7364 -9.990e-29
 167.452396     50.598  34.313961     7.9137    3.84948     50.170    33.0250    25.7362 -9.990e-29
 167.452402     50.482  34.313667     7.9131    3.85268     50.055    33.0253    25.7365 -9.990e-29
 167.452407     50.339  34.313265     7.9127    3.85715     49.913    33.0253    25.7366 0.0000e+00
 167.452413     50.156  34.312808     7.9127    3.85030     49.731    33.0249    25.7363 0.0000e+00
 167.452419     49.917  34.312838     7.9126    3.84383     49.494    33.0252    25.7365 0.0000e+00
 167.452425     49.611  34.313425     7.9118    3.84095     49.191    33.0267    25.7378 0.0000e+00
 167.452431     49.232  34.313699     7.9102    3.83280     48.815    33.0287    25.7396 0.0000e+00
 167.452436     48.780  34.312935     7.9078    3.83676     48.367    33.0303    25.7412 0.0000e+00
 167.452442     48.270  34.311269     7.9056    3.83149     47.862    33.0309    25.7420 0.0000e+00
 167.452448     47.726  34.309312     7.9042    3.84022     47.322    33.0303    25.7417 0.0000e+00
 167.452454     47.164  34.307852     7.9036    3.84501     46.765    33.0296    25.7413 0.0000e+00
 167.452459     46.595  34.307220     7.9041    3.83585     46.201    33.0287    25.7405 0.0000e+00
 167.452465     46.035  34.307166     7.9067    3.83061     45.646    33.0265    25.7383 0.0000e+00
 167.452471     45.483  34.307649     7.9134    3.82494     45.098    33.0209    25.7330 0.0000e+00
 167.452477     44.920  34.308787     7.9254    3.81740     44.540    33.0111    25.7235 0.0000e+00
 167.452483     44.336  34.310445     7.9385    3.82186     43.961    33.0007    25.7135 0.0000e+00
 167.452488     43.730  34.312065     7.9473    3.82873     43.360    32.9944    25.7073 0.0000e+00
 167.452494     43.095  34.313038     7.9522    3.82476     42.731    32.9912    25.7040 0.0000e+00
