data/oxygen options/ONMS/Olympic_Coast_National_Marine_Sanctuary_Hypoxia_Survey_CTD_Data_2004_2015/raw_data/2004/CTD_CE90_100404faed.cnv
* Sea-Bird SBE19 Data File:
* FileName = C:\WINDOWS\Desktop\put hypoxia files here\CTD data\October 04_05-04\raw\CE90_100404.hex
* Software Version 1.1.4
* Temperature SN = 2997
* Conductivity SN = 2997
* System UpLoad Time = Oct 04 2004 15:14:52
* SEACAT PROFILER V3.1c SN 2997   10/04/04  15:18:36.752
* strain gauge pressure sensor: S/N = 184829,  range = 3000 psia,  tc = 40
# nquan = 9                                 
# nvalues = 1019                        
# units = specified
# name 0 = timeJ: Julian Days
# name 1 = prSM: Pressure, Strain Gauge [db]
# name 2 = c0mS/cm: Conductivity [mS/cm]
# name 3 = t090C: Temperature [ITS-90, deg C]
# name 4 = oxML/L: Oxygen, Beckman/YSI [ml/l]
# name 5 = depSM: Depth [salt water, m], lat = 47.5
# name 6 = sal00: Salinity, Practical [PSU]
# name 7 = sigma-é00: Density [sigma-theta, kg/m^3]
# name 8 = flag: flag
# span 0 = 278.533206, 278.539097       
# span 1 =     -4.874,     93.266       
# span 2 =   0.927239,  38.676287       
# span 3 =     7.6623,    16.0136       
# span 4 =   -0.05344,   28.03395       
# span 5 =     -4.833,     92.467       
# span 6 =     0.5771,    33.7313       
# span 7 =    -0.4123,    26.3279       
# span 8 = 0.0000e+00, 0.0000e+00       
# interval = seconds: 0.5
# start_time = Oct 04 2004 12:47:49 [Instrument's time stamp, header]
# bad_flag = -9.990e-29
*END*
[from data line 801]
 278.537841     89.359  34.760072     7.6676    2.01159     88.594    33.7210    26.3190 0.0000e+00
 278.537847     88.960  34.759223     7.6680    2.00795     88.199    33.7199    26.3181 0.0000e+00
 278.537853     88.559  34.758466     7.6684    2.01624     87.801    33.7189    26.3172 0.0000e+00
 278.537859     88.157  34.757915     7.6686    2.02676     87.403    33.7183    26.3167 0.0000e+00
 278.537865     87.753  34.757398     7.6685    2.03750     87.002    33.7180    26.3165 0.0000e+00
 278.537870     87.344  34.756788     7.6682    2.03776     86.597    33.7178    26.3164 0.0000e+00
 278.537876     86.925  34.756393     7.6681    2.04051     86.181    33.7177    26.3163 0.0000e+00
 278.537882     86.495  34.756248     7.6682    2.02816     85.755    33.7177    26.3162 0.0000e+00
 278.537888     86.052  34.756162     7.6683    2.03044     85.316    33.7177    26.3162 0.0000e+00
 278.537894     85.598  34.756021     7.6682    2.03083     84.866    33.7178    26.3164 0.0000e+00
 278.537899     85.139  34.755640     7.6680    2.02044     84.411    33.7178    26.3164 0.0000e+00
 278.537905     84.679  34.755073     7.6679    2.02866     83.955    33.7175    26.3162 0.0000e+00
 278.537911     84.220  34.754686     7.6678    2.02709     83.500    33.7174    26.3161 0.0000e+00
 278.537917     83.763  34.754527     7.6677    2.02892     83.047    33.7176    26.3162 0.0000e+00
 278.537922     83.311  34.754386     7.6679    2.02246     82.599    33.7175    26.3161 0.0000e+00
 278.537928     82.868  34.754077     7.6681    2.01647     82.160    33.7171    26.3158 0.0000e+00
 278.537934     82.434  34.753749     7.6683    2.02461     81.730    33.7168    26.3155 0.0000e+00
 278.537940     82.012  34.753528     7.6685    2.02008     81.311    33.7166    26.3153 0.0000e+00
 278.537946     81.601  34.753122     7.6685    2.02194     80.904    33.7163    26.3151 0.0000e+00
 278.537951     81.201  34.752552     7.6682    2.02026     80.507    33.7162    26.3150 0.0000e+00
 278.537957     80.807  34.752179     7.6679    2.01822     80.117    33.7163    26.3151 0.0000e+00
 278.537963     80.416  34.752066     7.6678    2.03061     79.729    33.7164    26.3153 0.0000e+00
 278.537969     80.028  34.752065     7.6680    2.03253     79.345    33.7164    26.3152 0.0000e+00
 278.537975     79.641  34.752176     7.6683    2.03247     78.961    33.7164    26.3152 0.0000e+00
 278.537980     79.247  34.751990     7.6684    2.03862     78.571    33.7163    26.3151 0.0000e+00
 278.537986     78.838  34.751257     7.6682    2.03704     78.165    33.7159    26.3148 0.0000e+00
 278.537992     78.414  34.750684     7.6680    2.03684     77.745    33.7157    26.3146 0.0000e+00
 278.537998     77.982  34.750630     7.6680    2.05228     77.317    33.7159    26.3147 0.0000e+00
 278.538003     77.544  34.750465     7.6681    2.04388     76.882    33.7158    26.3147 0.0000e+00
 278.538009     77.099  34.749969     7.6681    2.05015     76.441    33.7155    26.3144 0.0000e+00
 278.538015     76.644  34.749604     7.6682    2.06628     75.990    33.7152    26.3142 0.0000e+00
 278.538021     76.184  34.749445     7.6682    2.06371     75.534    33.7152    26.3142 0.0000e+00
 278.538027     75.728  34.749283     7.6680    2.06558     75.082    33.7155    26.3144 0.0000e+00
 278.538032     75.274  34.748905     7.6678    2.05801     74.632    33.7155    26.3144 0.0000e+00
 278.538038     74.818  34.748366     7.6677    2.05887     74.180    33.7152    26.3142 0.0000e+00
 278.538044     74.369  34.748072     7.6683    2.07779     73.735    33.7145    26.3136 0.0000e+00
 278.538050     73.934  34.748193     7.6691    2.08149     73.304    33.7141    26.3132 0.0000e+00
 278.538056     73.510  34.748332     7.6694    2.07106     72.884    33.7142    26.3132 0.0000e+00
 278.538061     73.097  34.748116     7.6692    2.06987     72.474    33.7143    26.3133 0.0000e+00
 278.538067     72.689  34.747820     7.6688    2.07222     72.070    33.7146    26.3136 0.0000e+00
 278.538073     72.278  34.747610     7.6685    2.07651     71.662    33.7148    26.3138 0.0000e+00
 278.538079     71.858  34.747207     7.6686    2.08760     71.246    33.7145    26.3135 0.0000e+00
 278.538084     71.430  34.746636     7.6690    2.08400     70.822    33.7137    26.3128 0.0000e+00
 278.538090     70.991  34.746258     7.6694    2.08925     70.386    33.7131    26.3123 0.0000e+00
 278.538096     70.539  34.746130     7.6695    2.08862     69.938    33.7131    26.3123 0.0000e+00
 278.538102     70.071  34.746085     7.6692    2.10268     69.474    33.7136    26.3127 0.0000e+00
 278.538108     69.592  34.746067     7.6689    2.11331     69.000    33.7141    26.3131 0.0000e+00
 278.538113     69.114  34.746057     7.6688    2.12004     68.526    33.7144    26.3134 0.0000e+00
 278.538119     68.646  34.746048     7.6687    2.11840     68.062    33.7147    26.3136 0.0000e+00
 278.538125     68.191  34.746034     7.6687    2.12561     67.611    33.7149    26.3138 0.0000e+00
 278.538131     67.751  34.746000     7.6690    2.13238     67.175    33.7148    26.3136 0.0000e+00
 278.538137     67.319  34.745909     7.6692    2.13883     66.746    33.7147    26.3135 0.0000e+00
 278.538142     66.890  34.745641     7.6694    2.15422     66.321    33.7144    26.3133 0.0000e+00
 278.538148     66.461  34.745404     7.6697    2.15678     65.896    33.7141    26.3130 0.0000e+00
 278.538154     66.032  34.745448     7.6703    2.16159     65.470    33.7138    26.3126 0.0000e+00
 278.538160     65.600  34.745276     7.6708    2.17318     65.042    33.7133    26.3122 0.0000e+00
 278.538166     65.159  34.744664     7.6713    2.18470     64.605    33.7124    26.3114 0.0000e+00
 278.538171     64.704  34.743923     7.6729    2.21763     64.154    33.7102    26.3094 0.0000e+00
 278.538177     64.234  34.742629     7.6765    2.27022     63.688    33.7056    26.3053 0.0000e+00
 278.538183     63.751  34.739622     7.6818    2.33164     63.209    33.6974    26.2981 0.0000e+00
 278.538189     63.254  34.734821     7.6871    2.39117     62.716    33.6874    26.2894 0.0000e+00
 278.538194     62.748  34.729680     7.6919    2.44772     62.215    33.6774    26.2809 0.0000e+00
 278.538200     62.242  34.724636     7.6957    2.48781     61.713    33.6686    26.2734 0.0000e+00
 278.538206     61.736  34.719134     7.6984    2.53069     61.212    33.6603    26.2665 0.0000e+00
 278.538212     61.233  34.713132     7.7008    2.56457     60.713    33.6517    26.2594 0.0000e+00
 278.538218     60.736  34.706482     7.7035    2.60324     60.220    33.6422    26.2515 0.0000e+00
 278.538223     60.246  34.699290     7.7060    2.63737     59.734    33.6323    26.2433 0.0000e+00
 278.538229     59.768  34.693182     7.7077    2.66752     59.261    33.6243    26.2368 0.0000e+00
 278.538235     59.304  34.689550     7.7090    2.67347     58.801    33.6193    26.2327 0.0000e+00
 278.538241     58.856  34.687480     7.7105    2.68844     58.356    33.6159    26.2298 0.0000e+00
 278.538247     58.421  34.684776     7.7124    2.69434     57.925    33.6113    26.2259 0.0000e+00
 278.538252     57.996  34.680080     7.7152    2.73693     57.504    33.6038    26.2196 0.0000e+00
 278.538258     57.576  34.673302     7.7196    2.77811     57.088    33.5924    26.2100 0.0000e+00
 278.538264     57.152  34.663816     7.7252    2.82876     56.667    33.5770    26.1971 0.0000e+00
 278.538270     56.719  34.651310     7.7303    2.89172     56.238    33.5589    26.1821 0.0000e+00
 278.538275     56.277  34.637613     7.7336    2.95388     55.800    33.5412    26.1677 0.0000e+00
 278.538281     55.835  34.624645     7.7349    3.02199     55.362    33.5262    26.1557 0.0000e+00
 278.538287     55.393  34.613617     7.7349    3.08049     54.923    33.5145    26.1466 0.0000e+00
 278.538293     54.949  34.604966     7.7345    3.11615     54.483    33.5058    26.1398 0.0000e+00
 278.538299     54.506  34.597248     7.7343    3.15199     54.044    33.4979    26.1336 0.0000e+00
 278.538304     54.064  34.590268     7.7341    3.18979     53.606    33.4908    26.1280 0.0000e+00
 278.538310     53.626  34.585372     7.7337    3.21486     53.172    33.4861    26.1244 0.0000e+00
 278.538316     53.193  34.582202     7.7334    3.24032     52.742    33.4832    26.1222 0.0000e+00
 278.538322     52.761  34.579900     7.7331    3.25398     52.314    33.4812    26.1206 0.0000e+00
 278.538328     52.326  34.579325     7.7328    3.27022     51.883    33.4811    26.1206 0.0000e+00
 278.538333     51.892  34.578596     7.7329    3.29265     51.452    33.4804    26.1200 0.0000e+00
 278.538339     51.456  34.574503     7.7332    3.30879     51.020    33.4759    26.1165 0.0000e+00
 278.538345     51.017  34.568880     7.7331    3.32728     50.585    33.4702    26.1120 0.0000e+00
 278.538351     50.572  34.563202     7.7328    3.34527     50.144    33.4646    26.1076 0.0000e+00
 278.538356     50.118  34.555506     7.7328    3.37473     49.694    33.4565    26.1013 0.0000e+00
 278.538362     49.657  34.545626     7.7332    3.40001     49.237    33.4457    26.0927 0.0000e+00
 278.538368     49.194  34.536647     7.7337    3.42510     48.778    33.4358    26.0848 0.0000e+00
 278.538374     48.730  34.529493     7.7345    3.44732     48.318    33.4276    26.0782 0.0000e+00
 278.538380     48.264  34.521919     7.7358    3.48511     47.856    33.4184    26.0708 0.0000e+00
 278.538385     47.802  34.513357     7.7376    3.51330     47.398    33.4077    26.0622 0.0000e+00
 278.538391     47.343  34.505851     7.7395    3.55531     46.942    33.3980    26.0543 0.0000e+00
 278.538397     46.886  34.501165     7.7415    3.57051     46.489    33.3913    26.0487 0.0000e+00
 278.538403     46.425  34.498101     7.7439    3.59248     46.032    33.3859    26.0441 0.0000e+00
 278.538409     45.963  34.494822     7.7462    3.61427     45.574    33.3804    26.0395 0.0000e+00
 278.538414     45.507  34.492006     7.7476    3.62360     45.122    33.3763    26.0360 0.0000e+00
 278.538420     45.069  34.490386     7.7481    3.63801     44.688    33.3742    26.0343 0.0000e+00
 278.538426     44.649  34.489492     7.7484    3.64722     44.272    33.3732    26.0335 0.0000e+00
 278.538432     44.243  34.489257     7.7486    3.67082     43.869    33.3729    26.0332 0.0000e+00
 278.538437     43.841  34.489933     7.7488    3.69186     43.470    33.3737    26.0338 0.0000e+00
 278.538443     43.437  34.490745     7.7495    3.69331     43.070    33.3741    26.0340 0.0000e+00
 278.538449     43.020  34.489976     7.7515    3.69835     42.657    33.3715    26.0317 0.0000e+00
 278.538455     42.586  34.487727     7.7550    3.70214     42.226    33.3660    26.0268 0.0000e+00
 278.538461     42.137  34.485488     7.7589    3.72162     41.781    33.3600    26.0216 0.0000e+00
 278.538466     41.680  34.483641     7.7623    3.74157     41.328    33.3550    26.0171 0.0000e+00
 278.538472     41.214  34.481972     7.7651    3.76248     40.866    33.3508    26.0134 0.0000e+00
 278.538478     40.737  34.480503     7.7686    3.77453     40.393    33.3461    26.0092 0.0000e+00
 278.538484     40.252  34.478961     7.7739    3.80895     39.912    33.3396    26.0033 0.0000e+00
 278.538490     39.770  34.475858     7.7804    3.83325     39.434    33.3302    25.9950 0.0000e+00
 278.538495     39.301  34.469302     7.7880    3.85980     38.969    33.3162    25.9829 0.0000e+00
 278.538501     38.843  34.460088     7.7971    3.88785     38.515    33.2978    25.9671 0.0000e+00
 278.538507     38.390  34.451068     7.8076    3.92509     38.066    33.2783    25.9503 0.0000e+00
 278.538513     37.934  34.443674     7.8193    3.95411     37.614    33.2594    25.9338 0.0000e+00
 278.538519     37.476  34.438701     7.8329    3.96824     37.160    33.2413    25.9176 0.0000e+00
 278.538524     37.017  34.436812     7.8487    3.98422     36.705    33.2245    25.9021 0.0000e+00
 278.538530     36.553  34.437177     7.8672    3.98901     36.245    33.2075    25.8861 0.0000e+00
 278.538536     36.085  34.439168     7.8891    3.99132     35.781    33.1890    25.8684 0.0000e+00
 278.538542     35.613  34.443765     7.9137    3.98324     35.313    33.1708    25.8505 0.0000e+00
 278.538547     35.137  34.450942     7.9391    3.97072     34.841    33.1546    25.8341 0.0000e+00
 278.538553     34.662  34.456825     7.9624    3.98440     34.370    33.1390    25.8184 0.0000e+00
 278.538559     34.186  34.456936     7.9830    4.00912     33.898    33.1198    25.8004 0.0000e+00
 278.538565     33.711  34.451993     8.0016    4.05323     33.427    33.0972    25.7799 0.0000e+00
 278.538571     33.239  34.446623     8.0186    4.10217     32.959    33.0756    25.7604 0.0000e+00
 278.538576     32.771  34.443764     8.0368    4.15220     32.495    33.0555    25.7420 0.0000e+00
 278.538582     32.307  34.443535     8.0606    4.18943     32.035    33.0331    25.7209 0.0000e+00
 278.538588     31.847  34.446196     8.0927    4.23951     31.579    33.0058    25.6948 0.0000e+00
 278.538594     31.388  34.454182     8.1336    4.28875     31.124    32.9760    25.6654 0.0000e+00
 278.538600     30.936  34.469742     8.1764    4.32303     30.676    32.9526    25.6407 0.0000e+00
 278.538605     30.495  34.487852     8.2103    4.35571     30.238    32.9402    25.6260 0.0000e+00
 278.538611     30.064  34.500723     8.2365    4.39430     29.811    32.9294    25.6137 0.0000e+00
 278.538617     29.640  34.511518     8.2677    4.40707     29.391    32.9118    25.5952 0.0000e+00
 278.538623     29.218  34.531278     8.3128    4.42128     28.972    32.8907    25.5720 0.0000e+00
 278.538628     28.788  34.565619     8.3733    4.43761     28.546    32.8706    25.5472 0.0000e+00
 278.538634     28.349  34.614376     8.4506    4.43727     28.110    32.8502    25.5196 0.0000e+00
 278.538640     27.908  34.676994     8.5432    4.44182     27.673    32.8300    25.4899 0.0000e+00
 278.538646     27.465  34.746741     8.6501    4.43136     27.234    32.8042    25.4534 0.0000e+00
 278.538652     27.019  34.824148     8.7793    4.40224     26.792    32.7657    25.4035 0.0000e+00
 278.538657     26.567  34.923324     8.9330    4.36755     26.344    32.7275    25.3498 0.0000e+00
 278.538663     26.110  35.044803     9.0982    4.31695     25.890    32.7019    25.3041 0.0000e+00
 278.538669     25.658  35.175139     9.2537    4.25714     25.442    32.6944    25.2736 0.0000e+00
 278.538675     25.216  35.293636     9.3825    4.19694     25.004    32.6989    25.2567 0.0000e+00
 278.538681     24.774  35.385112     9.4896    4.14812     24.566    32.6953    25.2367 0.0000e+00
 278.538686     24.320  35.460014     9.5958    4.10622     24.116    32.6755    25.2041 0.0000e+00
 278.538692     23.860  35.540314     9.7114    4.09838     23.659    32.6528    25.1675 0.0000e+00
 278.538698     23.402  35.632757     9.8229    4.11090     23.205    32.6461    25.1440 0.0000e+00
 278.538704     22.949  35.718230     9.9235    4.10824     22.756    32.6421    25.1244 0.0000e+00
 278.538709     22.501  35.795803    10.0254    4.11551     22.312    32.6290    25.0972 0.0000e+00
 278.538715     22.060  35.880352    10.1436    4.10355     21.875    32.6081    25.0612 0.0000e+00
 278.538721     21.619  35.973628    10.2889    4.09113     21.437    32.5718    25.0083 0.0000e+00
 278.538727     21.176  36.081163    10.4417    4.10634     20.998    32.5431    24.9601 0.0000e+00
 278.538733     20.737  36.185457    10.5671    4.13918     20.563    32.5357    24.9328 0.0000e+00
 278.538738     20.303  36.265256    10.6514    4.17161     20.133    32.5404    24.9219 0.0000e+00
 278.538744     19.874  36.319345    10.7062    4.21309     19.707    32.5457    24.9166 0.0000e+00
 278.538750     19.451  36.348668    10.7705    4.22548     19.288    32.5178    24.8837 0.0000e+00
 278.538756     19.039  36.390657    10.8755    4.23125     18.879    32.4665    24.8255 0.0000e+00
