data/oxygen options/ONMS/Olympic_Coast_National_Marine_Sanctuary_Hypoxia_Survey_CTD_Data_2004_2015/raw_data/2004/CTD_CA10_072704faed.cnv
* Sea-Bird SBE19 Data File:
* FileName = C:\WINDOWS\Desktop\put hypoxia files here\CTD files\July 26_27-04\CA\CA1.hex
* Software Version 1.1.4
* Temperature SN = 2997
* Conductivity SN = 2997
* System UpLoad Time = Jul 27 2004 16:00:41
* SEACAT PROFILER V3.1c SN 2997   07/27/04  16:00:02.891
* strain gauge pressure sensor: S/N = 184829,  range = 3000 psia,  tc = 40
# nquan = 9                                 
# nvalues = 473                         
# units = specified
# name 0 = timeJ: Julian Days
# name 1 = prSM: Pressure, Strain Gauge [db]
# name 2 = c0mS/cm: Conductivity [mS/cm]
# name 3 = t090C: Temperature [ITS-90, deg C]
# name 4 = oxML/L: Oxygen, Beckman/YSI [ml/l]
# name 5 = depSM: Depth [salt water, m], lat = 47.5
# name 6 = sal00: Salinity, Practical [PSU]
# name 7 = sigma-é00: Density [sigma-theta, kg/m^3]
# name 8 = flag: flag
# span 0 = 209.628484, 209.631215       
# span 1 =     -4.625,     10.578       
# span 2 =   2.248286,  38.201724       
# span 3 =    10.5129,    13.1901       
# span 4 =   -0.05535,   33.19570       
# span 5 =     -4.586,     10.489       
# span 6 =     1.5205,    33.1040       
# span 7 =     0.5406,    25.3754       
# span 8 = 0.0000e+00, 0.0000e+00       
# interval = seconds: 0.5
# start_time = Jul 27 2004 15:05:01 [Instrument's time stamp, header]
# bad_flag = -9.990e-29
*END*
[from data line 161]
 209.629416     -0.203  37.912513    12.5340    7.56137     -0.201    32.5037    24.5500 -9.990e-29
 209.629421     -0.182  37.912742    12.5329    7.55555     -0.180    32.5049    24.5511 -9.990e-29
 209.629427     -0.156  37.912779    12.5271    7.56371     -0.155    32.5099    24.5561 -9.990e-29
 209.629433     -0.132  37.909316    12.5221    7.55685     -0.131    32.5110    24.5579 -9.990e-29
 209.629439     -0.114  37.905037    12.5267    7.55087     -0.113    32.5029    24.5507 -9.990e-29
 209.629444     -0.100  37.907142    12.5381    7.55913     -0.099    32.4950    24.5425 -9.990e-29
 209.629450     -0.089  37.915637    12.5478    7.55746     -0.088    32.4948    24.5404 -9.990e-29
 209.629456     -0.081  37.925028    12.5488    7.57260     -0.080    32.5028    24.5465 -9.990e-29
 209.629462     -0.076  37.927652    12.5408    7.57947     -0.075    32.5123    24.5553 -9.990e-29
 209.629468     -0.071  37.920845    12.5358    7.58779     -0.070    32.5101    24.5546 -9.990e-29
 209.629473     -0.069  37.915172    12.5424    7.59915     -0.068    32.4990    24.5447 -9.990e-29
 209.629479     -0.067  37.918780    12.5576    7.59039     -0.066    32.4893    24.5343 -9.990e-29
 209.629485     -0.067  37.929190    12.5743    7.58165     -0.066    32.4848    24.5276 -9.990e-29
 209.629491     -0.069  37.940097    12.5801    7.57456     -0.068    32.4902    24.5307 -9.990e-29
 209.629497     -0.071  37.941933    12.5679    7.57325     -0.070    32.5025    24.5425 -9.990e-29
 209.629502     -0.071  37.932669    12.5458    7.56722     -0.070    32.5127    24.5547 -9.990e-29
 209.629508     -0.063  37.919598    12.5245    7.55354     -0.062    32.5187    24.5634 -9.990e-29
 209.629514     -0.053  37.907170    12.5120    7.54765     -0.053    32.5176    24.5650 -9.990e-29
 209.629520     -0.042  37.899572    12.5107    7.54419     -0.042    32.5115    24.5605 -9.990e-29
 209.629525     -0.031  37.899017    12.5169    7.55127     -0.031    32.5056    24.5547 -9.990e-29
 209.629531     -0.019  37.903085    12.5285    7.55633     -0.019    32.4994    24.5477 -9.990e-29
 209.629537     -0.006  37.910477    12.5441    7.56370     -0.006    32.4930    24.5397 -9.990e-29
 209.629543      0.006  37.919840    12.5571    7.57294      0.006    32.4907    24.5355 -9.990e-29
 209.629549      0.013  37.927397    12.5591    7.57695      0.013    32.4962    24.5393 -9.990e-29
 209.629554      0.020  37.928087    12.5505    7.58032      0.020    32.5043    24.5472 -9.990e-29
 209.629560      0.031  37.922840    12.5421    7.57732      0.031    32.5065    24.5506 -9.990e-29
 209.629566      0.043  37.918693    12.5418    7.58163      0.043    32.5028    24.5478 -9.990e-29
 209.629572      0.051  37.919656    12.5470    7.57838      0.051    32.4992    24.5440 -9.990e-29
 209.629578      0.058  37.923650    12.5488    7.55858      0.058    32.5015    24.5454 -9.990e-29
 209.629583      0.059  37.924788    12.5406    7.54610      0.059    32.5096    24.5533 -9.990e-29
 209.629589      0.053  37.918989    12.5214    7.53184      0.053    32.5207    24.5656 -9.990e-29
 209.629595      0.050  37.906941    12.4989    7.53073      0.050    32.5287    24.5761 -9.990e-29
 209.629601      0.053  37.893342    12.4864    7.52442      0.053    32.5265    24.5768 -9.990e-29
 209.629606      0.062  37.885869    12.4914    7.51887      0.061    32.5150    24.5669 -9.990e-29
 209.629612      0.074  37.889703    12.5091    7.50980      0.073    32.5034    24.5545 -9.990e-29
 209.629618      0.081  37.903789    12.5223    7.50646      0.080    32.5054    24.5536 -9.990e-29
 209.629624      0.083  37.915504    12.5155    7.51242      0.082    32.5225    24.5681 -9.990e-29
 209.629630      0.089  37.910187    12.4982    7.51229      0.088    32.5324    24.5791 -9.990e-29
 209.629635      0.104  37.895905    12.4896    7.49718      0.103    32.5262    24.5759 -9.990e-29
 209.629641      0.125  37.888961    12.4949    7.48836      0.124    32.5149    24.5662 -9.990e-29
 209.629647      0.143  37.892438    12.5068    7.47929      0.142    32.5080    24.5585 -9.990e-29
 209.629653      0.157  37.900319    12.5110    7.50172      0.156    32.5118    24.5607 -9.990e-29
 209.629659      0.166  37.902364    12.5027    7.51135      0.165    32.5210    24.5694 -9.990e-29
 209.629664      0.172  37.896262    12.4981    7.51544      0.171    32.5191    24.5688 -9.990e-29
 209.629670      0.175  37.892957    12.5088    7.50911      0.174    32.5067    24.5571 -9.990e-29
 209.629676      0.179  37.899265    12.5250    7.51434      0.178    32.4987    24.5479 -9.990e-29
 209.629682      0.189  37.909018    12.5308    7.52281      0.187    32.5030    24.5501 -9.990e-29
 209.629687      0.202  37.912789    12.5213    7.53273      0.200    32.5148    24.5610 -9.990e-29
 209.629693      0.213  37.907765    12.5106    7.52282      0.211    32.5193    24.5665 -9.990e-29
 209.629699      0.224  37.901842    12.5140    7.51024      0.222    32.5107    24.5592 -9.990e-29
 209.629705      0.235  37.903394    12.5252    7.50027      0.233    32.5025    24.5507 -9.990e-29
 209.629711      0.247  37.909444    12.5248    7.51317      0.245    32.5086    24.5555 -9.990e-29
 209.629716      0.260  37.907873    12.5045    7.51282      0.258    32.5246    24.5719 -9.990e-29
 209.629722      0.276  37.893791    12.4844    7.50582      0.274    32.5286    24.5788 -9.990e-29
 209.629728      0.296  37.881527    12.4872    7.49310      0.294    32.5144    24.5673 -9.990e-29
 209.629734      0.316  37.885020    12.5070    7.49442      0.313    32.5006    24.5528 -9.990e-29
 209.629740      0.329  37.898272    12.5257    7.50561      0.326    32.4971    24.5465 -9.990e-29
 209.629745      0.336  37.909787    12.5338    7.52005      0.333    32.5011    24.5480 -9.990e-29
 209.629751      0.342  37.914176    12.5313    7.51595      0.339    32.5074    24.5534 -9.990e-29
 209.629757      0.347  37.911694    12.5250    7.52154      0.344    32.5105    24.5570 -9.990e-29
 209.629763      0.356  37.907453    12.5187    7.51953      0.353    32.5119    24.5593 -9.990e-29
 209.629769      0.368  37.903659    12.5114    7.51614      0.365    32.5146    24.5628 -9.990e-29
 209.629774      0.378  37.899185    12.5096    7.50990      0.375    32.5119    24.5610 -9.990e-29
 209.629780      0.380  37.898168    12.5207    7.50922      0.377    32.5013    24.5507 -9.990e-29
 209.629786      0.375  37.905988    12.5349    7.51907      0.372    32.4965    24.5442 -9.990e-29
 209.629792      0.367  37.915687    12.5336    7.53783      0.364    32.5069    24.5525 -9.990e-29
 209.629797      0.364  37.914404    12.5187    7.54693      0.361    32.5186    24.5644 -9.990e-29
 209.629803      0.371  37.904365    12.5129    7.54173      0.368    32.5140    24.5620 -9.990e-29
 209.629809      0.382  37.900802    12.5267    7.54065      0.379    32.4986    24.5475 -9.990e-29
 209.629815      0.395  37.909062    12.5481    7.54328      0.392    32.4880    24.5351 -9.990e-29
 209.629821      0.410  37.922771    12.5562    7.54154      0.407    32.4941    24.5383 -9.990e-29
 209.629826      0.425  37.929929    12.5432    7.53218      0.421    32.5122    24.5548 -9.990e-29
 209.629832      0.435  37.922141    12.5239    7.52775      0.431    32.5214    24.5657 -9.990e-29
 209.629838      0.442  37.908106    12.5106    7.52050      0.438    32.5195    24.5667 -9.990e-29
 209.629844      0.446  37.898281    12.5024    7.51785      0.442    32.5172    24.5665 -9.990e-29
 209.629850      0.447  37.893030    12.4973    7.49702      0.443    32.5166    24.5670 -9.990e-29
 209.629855      0.445  37.890967    12.4968    7.48486      0.441    32.5151    24.5659 -9.990e-29
 209.629861      0.445  37.891591    12.4989    7.47814      0.441    32.5139    24.5646 -9.990e-29
 209.629867      0.450  37.892937    12.4966    7.47810      0.446    32.5171    24.5676 -9.990e-29
 209.629873      0.457  37.892317    12.4896    7.47869      0.453    32.5226    24.5731 -9.990e-29
 209.629878      0.462  37.890035    12.4848    7.46139      0.458    32.5246    24.5756 -9.990e-29
 209.629884      0.465  37.889224    12.4806    7.44999      0.461    32.5274    24.5786 -9.990e-29
 209.629890      0.470  37.891611    12.4697    7.44246      0.466    32.5392    24.5898 -9.990e-29
 209.629896      0.483  37.891971    12.4540    7.44394      0.479    32.5531    24.6036 -9.990e-29
 209.629902      0.500  37.884062    12.4418    7.42970      0.496    32.5561    24.6082 -9.990e-29
 209.629907      0.513  37.871927    12.4425    7.42404      0.509    32.5439    24.5986 -9.990e-29
 209.629913      0.519  37.866311    12.4592    7.40830      0.515    32.5240    24.5801 -9.990e-29
 209.629919      0.522  37.873183    12.4784    7.41741      0.518    32.5140    24.5686 -9.990e-29
 209.629925      0.527  37.883756    12.4813    7.41840      0.523    32.5216    24.5739 -9.990e-29
 209.629931      0.531  37.884645    12.4653    7.41954      0.527    32.5363    24.5884 -9.990e-29
 209.629936      0.528  37.875918    12.4494    7.40953      0.524    32.5417    24.5956 -9.990e-29
 209.629942      0.523  37.867817    12.4475    7.38885      0.519    32.5356    24.5913 -9.990e-29
 209.629948      0.521  37.866928    12.4576    7.38131      0.517    32.5260    24.5819 -9.990e-29
 209.629954      0.520  37.873183    12.4671    7.36804      0.516    32.5238    24.5783 -9.990e-29
 209.629959      0.521  37.879214    12.4592    7.37379      0.517    32.5364    24.5896 -9.990e-29
 209.629965      0.524  37.873995    12.4376    7.35662      0.520    32.5501    24.6044 -9.990e-29
 209.629971      0.530  37.861229    12.4212    7.35489      0.526    32.5521    24.6091 -9.990e-29
 209.629977      0.537  37.853060    12.4159    7.33758      0.533    32.5489    24.6076 -9.990e-29
 209.629983      0.548  37.852615    12.4171    7.31346      0.543    32.5474    24.6062 -9.990e-29
 209.629988      0.558  37.856494    12.4196    7.30553      0.553    32.5489    24.6069 -9.990e-29
 209.629994      0.560  37.860332    12.4216    7.30755      0.555    32.5509    24.6080 -9.990e-29
 209.630000      0.553  37.862515    12.4221    7.31103      0.548    32.5525    24.6092 -9.990e-29
 209.630006      0.546  37.863150    12.4212    7.31252      0.541    32.5539    24.6105 -9.990e-29
 209.630012      0.542  37.862525    12.4208    7.29915      0.537    32.5537    24.6104 -9.990e-29
 209.630017      0.541  37.862051    12.4207    7.29090      0.536    32.5533    24.6101 -9.990e-29
 209.630023      0.544  37.862219    12.4180    7.29155      0.539    32.5558    24.6126 -9.990e-29
 209.630029      0.550  37.860448    12.4124    7.30742      0.545    32.5590    24.6161 -9.990e-29
 209.630035      0.560  37.857180    12.4104    7.30764      0.555    32.5576    24.6154 -9.990e-29
 209.630041      0.574  37.856475    12.4168    7.30334      0.569    32.5514    24.6093 -9.990e-29
 209.630046      0.589  37.859074    12.4284    7.29894      0.584    32.5438    24.6012 -9.990e-29
 209.630052      0.602  37.863954    12.4353    7.30381      0.597    32.5425    24.5989 -9.990e-29
 209.630058      0.613  37.866964    12.4303    7.30983      0.608    32.5497    24.6054 -9.990e-29
 209.630064      0.623  37.864267    12.4202    7.31487      0.618    32.5558    24.6122 -9.990e-29
 209.630069      0.634  37.860121    12.4155    7.30922      0.629    32.5559    24.6131 -9.990e-29
 209.630075      0.645  37.859095    12.4165    7.28683      0.640    32.5541    24.6115 -9.990e-29
 209.630081      0.657  37.859819    12.4162    7.27713      0.652    32.5550    24.6123 -9.990e-29
 209.630087      0.667  37.858772    12.4117    7.27529      0.661    32.5579    24.6154 -9.990e-29
 209.630093      0.675  37.855118    12.4065    7.27340      0.669    32.5589    24.6172 -9.990e-29
 209.630098      0.686  37.852961    12.4040    7.28163      0.680    32.5590    24.6177 -9.990e-29
 209.630104      0.697  37.853912    12.4053    7.27059      0.691    32.5588    24.6173 -9.990e-29
 209.630110      0.704  37.854750    12.4088    7.25815      0.698    32.5566    24.6149 -9.990e-29
 209.630116      0.708  37.855471    12.4109    7.26240      0.702    32.5555    24.6136 -9.990e-29
 209.630122      0.712  37.856475    12.4094    7.26162      0.706    32.5577    24.6157 -9.990e-29
 209.630127      0.722  37.856858    12.4072    7.27617      0.716    32.5600    24.6178 -9.990e-29
 209.630133      0.733  37.858255    12.4087    7.26840      0.727    32.5600    24.6176 -9.990e-29
 209.630139      0.743  37.860844    12.4151    7.27033      0.737    32.5569    24.6140 -9.990e-29
 209.630145      0.752  37.864710    12.4238    7.28672      0.746    32.5531    24.6093 -9.990e-29
 209.630150      0.761  37.869960    12.4305    7.29068      0.755    32.5523    24.6074 -9.990e-29
 209.630156      0.769  37.873498    12.4333    7.29762      0.763    32.5533    24.6077 -9.990e-29
 209.630162      0.778  37.874436    12.4335    7.29605      0.772    32.5540    24.6082 -9.990e-29
 209.630168      0.784  37.875707    12.4338    7.29835      0.777    32.5549    24.6089 -9.990e-29
 209.630174      0.783  37.878445    12.4344    7.30306      0.776    32.5570    24.6104 -9.990e-29
 209.630179      0.779  37.880693    12.4347    7.29686      0.772    32.5589    24.6118 -9.990e-29
 209.630185      0.776  37.881521    12.4353    7.30300      0.770    32.5592    24.6119 -9.990e-29
 209.630191      0.774  37.882035    12.4360    7.30013      0.768    32.5591    24.6117 -9.990e-29
 209.630197      0.774  37.882358    12.4354    7.30417      0.768    32.5599    24.6124 -9.990e-29
 209.630203      0.774  37.881800    12.4319    7.30686      0.768    32.5624    24.6150 -9.990e-29
 209.630208      0.774  37.879618    12.4278    7.28908      0.768    32.5639    24.6169 -9.990e-29
 209.630214      0.776  37.877389    12.4268    7.28451      0.770    32.5626    24.6161 -9.990e-29
 209.630220      0.779  37.878875    12.4243    7.27582      0.772    32.5662    24.6194 -9.990e-29
 209.630226      0.783  37.880445    12.4170    7.28272      0.776    32.5740    24.6269 -9.990e-29
 209.630231      0.789  37.878022    12.4119    7.28766      0.782    32.5761    24.6295 -9.990e-29
 209.630237      0.792  37.875669    12.4152    7.28090      0.785    32.5710    24.6249 -9.990e-29
 209.630243      0.788  37.875856    12.4249    7.28630      0.781    32.5628    24.6166 -9.990e-29
 209.630249      0.783  37.877709    12.4341    7.28341      0.776    32.5566    24.6101 -9.990e-29
 209.630255      0.778  37.879772    12.4368    7.29177      0.772    32.5562    24.6093 -9.990e-29
 209.630260      0.775  37.881433    12.4334    7.30430      0.769    32.5608    24.6135 -9.990e-29
 209.630266      0.773  37.882105    12.4289    7.30018      0.767    32.5653    24.6178 -9.990e-29
 209.630272      0.771  37.881564    12.4277    7.27696      0.765    32.5658    24.6185 -9.990e-29
 209.630278      0.770  37.883012    12.4287    7.26829      0.764    32.5663    24.6187 -9.990e-29
 209.630284      0.770  37.886698    12.4259    7.27340      0.764    32.5723    24.6238 -9.990e-29
 209.630289      0.771  37.889121    12.4145    7.27775      0.765    32.5845    24.6355 -9.990e-29
 209.630295      0.772  37.886220    12.4037    7.27890      0.766    32.5911    24.6426 -9.990e-29
 209.630301      0.774  37.880861    12.4081    7.26251      0.768    32.5822    24.6349 -9.990e-29
 209.630307      0.777  37.882723    12.4215    7.25656      0.771    32.5723    24.6247 -9.990e-29
 209.630313      0.781  37.889799    12.4284    7.26423      0.774    32.5731    24.6240 -9.990e-29
 209.630318      0.786  37.893574    12.4244    7.28103      0.779    32.5802    24.6302 -9.990e-29
 209.630324      0.793  37.892354    12.4164    7.29102      0.786    32.5860    24.6362 -9.990e-29
 209.630330      0.802  37.889004    12.4137    7.28150      0.795    32.5851    24.6361 -9.990e-29
