data/oxygen options/ONMS/Olympic_Coast_National_Marine_Sanctuary_Hypoxia_Survey_CTD_Data_2004_2015/raw_data/2004/CTD_CE100_090704faed.cnv
* Sea-Bird SBE19 Data File:
* FileName = C:\WINDOWS\Desktop\put hypoxia files here\CTD data\September 07_0804\CE\CE-100.hex
* Software Version 1.1.4
* Temperature SN = 2997
* Conductivity SN = 2997
* System UpLoad Time = Sep 07 2004 12:23:58
* SEACAT PROFILER V3.1c SN 2997   09/07/04  12:26:36.535
* strain gauge pressure sensor: S/N = 184829,  range = 3000 psia,  tc = 40
# nquan = 9                                 
# nvalues = 937                         
# units = specified
# name 0 = timeJ: Julian Days
# name 1 = prSM: Pressure, Strain Gauge [db]
# name 2 = c0mS/cm: Conductivity [mS/cm]
# name 3 = t090C: Temperature [ITS-90, deg C]
# name 4 = oxML/L: Oxygen, Beckman/YSI [ml/l]
# name 5 = depSM: Depth [salt water, m], lat = 47.5
# name 6 = sal00: Salinity, Practical [PSU]
# name 7 = sigma-é00: Density [sigma-theta, kg/m^3]
# name 8 = flag: flag
# span 0 = 251.511748, 251.517164       
# span 1 =     -5.704,    102.236       
# span 2 =   0.033153,  40.679862       
# span 3 =     7.4106,    17.2400       
# span 4 =  -11.12954,   26.43060       
# span 5 =     -5.656,    101.358       
# span 6 =     0.0231,    33.8718       
# span 7 =    -1.2466,    26.4743       
# span 8 = 0.0000e+00, 0.0000e+00       
# interval = seconds: 0.5
# start_time = Sep 07 2004 12:16:55 [Instrument's time stamp, header]
# bad_flag = -9.990e-29
*END*
[from data line 481]
 251.514531     25.140  35.092543     8.7428    3.61983     24.929    33.0813    25.6562 0.0000e+00
 251.514537     25.616  35.062488     8.6954    3.61142     25.401    33.0939    25.6734 0.0000e+00
 251.514543     26.091  35.029538     8.6482    3.58504     25.872    33.1033    25.6880 0.0000e+00
 251.514549     26.566  34.996799     8.6019    3.56905     26.343    33.1121    25.7019 0.0000e+00
 251.514554     27.036  34.964674     8.5535    3.53681     26.809    33.1235    25.7182 0.0000e+00
 251.514560     27.500  34.932907     8.5033    3.51259     27.269    33.1369    25.7364 0.0000e+00
 251.514566     27.964  34.903207     8.4540    3.47667     27.729    33.1517    25.7555 0.0000e+00
 251.514572     28.430  34.875730     8.4044    3.45091     28.191    33.1692    25.7766 0.0000e+00
 251.514578     28.903  34.848938     8.3571    3.43498     28.660    33.1853    25.7963 0.0000e+00
 251.514583     29.382  34.822958     8.3180    3.40314     29.135    33.1944    25.8094 0.0000e+00
 251.514589     29.864  34.800125     8.2898    3.37404     29.613    33.1967    25.8154 0.0000e+00
 251.514595     30.346  34.783605     8.2702    3.34648     30.091    33.1974    25.8189 0.0000e+00
 251.514601     30.827  34.772651     8.2532    3.32153     30.567    33.2017    25.8248 0.0000e+00
 251.514606     31.317  34.762168     8.2305    3.30905     31.053    33.2118    25.8361 0.0000e+00
 251.514612     31.822  34.747693     8.1970    3.29512     31.554    33.2279    25.8537 0.0000e+00
 251.514618     32.339  34.727287     8.1543    3.28412     32.067    33.2464    25.8746 0.0000e+00
 251.514624     32.867  34.701752     8.1092    3.27365     32.590    33.2618    25.8933 0.0000e+00
 251.514630     33.400  34.675697     8.0719    3.24952     33.119    33.2692    25.9046 0.0000e+00
 251.514635     33.935  34.655835     8.0464    3.23831     33.649    33.2720    25.9105 0.0000e+00
 251.514641     34.471  34.643127     8.0253    3.21089     34.180    33.2782    25.9186 0.0000e+00
 251.514647     35.007  34.631820     8.0007    3.18972     34.712    33.2893    25.9309 0.0000e+00
 251.514653     35.543  34.618033     7.9707    3.18665     35.243    33.3029    25.9459 0.0000e+00
 251.514659     36.080  34.601864     7.9387    3.17427     35.776    33.3159    25.9608 0.0000e+00
 251.514664     36.613  34.585838     7.9110    3.18251     36.304    33.3249    25.9719 0.0000e+00
 251.514670     37.133  34.572671     7.8874    3.19474     36.820    33.3331    25.9818 0.0000e+00
 251.514676     37.635  34.559920     7.8636    3.20321     37.317    33.3419    25.9921 0.0000e+00
 251.514682     38.119  34.544579     7.8411    3.21164     37.797    33.3467    25.9992 0.0000e+00
 251.514688     38.596  34.530279     7.8220    3.23433     38.270    33.3494    26.0041 0.0000e+00
 251.514693     39.075  34.519796     7.8042    3.25759     38.745    33.3550    26.0110 0.0000e+00
 251.514699     39.556  34.510907     7.7874    3.27550     39.222    33.3613    26.0184 0.0000e+00
 251.514705     40.031  34.502395     7.7726    3.30206     39.693    33.3661    26.0243 0.0000e+00
 251.514711     40.496  34.494665     7.7602    3.30529     40.154    33.3694    26.0287 0.0000e+00
 251.514716     40.959  34.488605     7.7503    3.33205     40.613    33.3722    26.0323 0.0000e+00
 251.514722     41.420  34.485088     7.7433    3.33819     41.070    33.3749    26.0355 0.0000e+00
 251.514728     41.874  34.483896     7.7385    3.30939     41.520    33.3780    26.0386 0.0000e+00
 251.514734     42.327  34.485107     7.7360    3.24165     41.969    33.3815    26.0417 0.0000e+00
 251.514740     42.788  34.491444     7.7389    3.11805     42.426    33.3853    26.0443 0.0000e+00
 251.514745     43.259  34.507982     7.7471    2.97635     42.893    33.3950    26.0507 0.0000e+00
 251.514751     43.742  34.532658     7.7533    2.83800     43.372    33.4153    26.0658 0.0000e+00
 251.514757     44.228  34.553526     7.7514    2.70496     43.854    33.4393    26.0850 0.0000e+00
 251.514763     44.709  34.563654     7.7405    2.61784     44.331    33.4605    26.1032 0.0000e+00
 251.514769     45.182  34.565885     7.7242    2.55896     44.800    33.4783    26.1195 0.0000e+00
 251.514774     45.646  34.564862     7.7092    2.53480     45.260    33.4914    26.1320 0.0000e+00
 251.514780     46.115  34.563692     7.6967    2.53563     45.725    33.5020    26.1421 0.0000e+00
 251.514786     46.596  34.562482     7.6823    2.55278     46.202    33.5143    26.1538 0.0000e+00
 251.514792     47.086  34.560165     7.6648    2.54911     46.688    33.5284    26.1675 0.0000e+00
 251.514797     47.582  34.557003     7.6460    2.52609     47.179    33.5429    26.1815 0.0000e+00
 251.514803     48.081  34.552687     7.6301    2.48917     47.674    33.5533    26.1920 0.0000e+00
 251.514809     48.585  34.549294     7.6207    2.44431     48.174    33.5585    26.1974 0.0000e+00
 251.514815     49.091  34.550692     7.6166    2.41578     48.675    33.5637    26.2021 0.0000e+00
 251.514821     49.593  34.556489     7.6150    2.37993     49.173    33.5713    26.2083 0.0000e+00
 251.514826     50.093  34.565434     7.6149    2.34317     49.669    33.5808    26.2158 0.0000e+00
 251.514832     50.597  34.575430     7.6153    2.31219     50.169    33.5910    26.2237 0.0000e+00
 251.514838     51.111  34.582420     7.6153    2.28163     50.678    33.5983    26.2295 0.0000e+00
 251.514844     51.639  34.586182     7.6148    2.26368     51.202    33.6026    26.2329 0.0000e+00
 251.514850     52.179  34.588358     7.6144    2.24487     51.737    33.6050    26.2350 0.0000e+00
 251.514855     52.727  34.589597     7.6142    2.22341     52.280    33.6063    26.2360 0.0000e+00
 251.514861     53.270  34.590417     7.6140    2.21632     52.819    33.6071    26.2367 0.0000e+00
 251.514867     53.797  34.590778     7.6137    2.20942     53.341    33.6075    26.2370 0.0000e+00
 251.514873     54.307  34.590586     7.6133    2.20284     53.847    33.6075    26.2371 0.0000e+00
 251.514878     54.810  34.590134     7.6129    2.19327     54.345    33.6071    26.2369 0.0000e+00
 251.514884     55.317  34.589929     7.6124    2.17501     54.848    33.6072    26.2370 0.0000e+00
 251.514890     55.830  34.590246     7.6119    2.17384     55.357    33.6077    26.2375 0.0000e+00
 251.514896     56.348  34.590935     7.6118    2.15996     55.870    33.6083    26.2380 0.0000e+00
 251.514902     56.865  34.591782     7.6120    2.14134     56.383    33.6088    26.2383 0.0000e+00
 251.514907     57.375  34.592784     7.6118    2.12791     56.888    33.6098    26.2392 0.0000e+00
 251.514913     57.880  34.593584     7.6106    2.12077     57.389    33.6116    26.2407 0.0000e+00
 251.514919     58.388  34.593554     7.6079    2.12310     57.893    33.6140    26.2430 0.0000e+00
 251.514925     58.900  34.592082     7.6019    2.09805     58.400    33.6179    26.2470 0.0000e+00
 251.514931     59.410  34.587195     7.5927    2.08600     58.906    33.6213    26.2509 0.0000e+00
 251.514936     59.913  34.579651     7.5836    2.06010     59.404    33.6217    26.2526 0.0000e+00
 251.514942     60.405  34.575069     7.5765    2.02716     59.892    33.6234    26.2549 0.0000e+00
 251.514948     60.889  34.574614     7.5706    2.00672     60.372    33.6284    26.2597 0.0000e+00
 251.514954     61.365  34.575422     7.5665    1.97974     60.844    33.6330    26.2639 0.0000e+00
 251.514959     61.829  34.577436     7.5653    1.96266     61.304    33.6361    26.2665 0.0000e+00
 251.514965     62.280  34.581089     7.5664    1.96512     61.751    33.6388    26.2685 0.0000e+00
 251.514971     62.726  34.586193     7.5680    1.95050     62.193    33.6425    26.2712 0.0000e+00
 251.514977     63.182  34.591697     7.5687    1.95015     62.645    33.6476    26.2751 0.0000e+00
 251.514983     63.656  34.595962     7.5681    1.95822     63.115    33.6526    26.2791 0.0000e+00
 251.514988     64.144  34.599618     7.5670    1.95503     63.599    33.6573    26.2830 0.0000e+00
 251.514994     64.642  34.604164     7.5669    1.96286     64.092    33.6621    26.2868 0.0000e+00
 251.515000     65.144  34.609486     7.5687    1.96193     64.590    33.6659    26.2895 0.0000e+00
 251.515006     65.642  34.615382     7.5726    1.96890     65.084    33.6682    26.2908 0.0000e+00
 251.515012     66.138  34.622975     7.5784    1.98798     65.576    33.6706    26.2918 0.0000e+00
 251.515017     66.635  34.633408     7.5823    1.98756     66.068    33.6778    26.2970 0.0000e+00
 251.515023     67.125  34.642648     7.5793    1.97250     66.554    33.6905    26.3073 0.0000e+00
 251.515029     67.604  34.643385     7.5697    1.94089     67.029    33.7004    26.3165 0.0000e+00
 251.515035     68.075  34.636031     7.5594    1.89806     67.496    33.7022    26.3194 0.0000e+00
 251.515041     68.531  34.627583     7.5527    1.85462     67.948    33.6993    26.3181 0.0000e+00
 251.515046     68.976  34.622454     7.5495    1.81465     68.389    33.6967    26.3165 0.0000e+00
 251.515052     69.422  34.620520     7.5481    1.78977     68.831    33.6957    26.3159 0.0000e+00
 251.515058     69.880  34.620311     7.5472    1.76385     69.285    33.6961    26.3164 0.0000e+00
 251.515064     70.357  34.620977     7.5470    1.74820     69.758    33.6968    26.3170 0.0000e+00
 251.515069     70.854  34.622834     7.5477    1.73200     70.251    33.6979    26.3177 0.0000e+00
 251.515075     71.364  34.626102     7.5487    1.72283     70.756    33.7002    26.3194 0.0000e+00
 251.515081     71.872  34.629522     7.5492    1.73576     71.260    33.7032    26.3217 0.0000e+00
 251.515087     72.363  34.632036     7.5494    1.73087     71.746    33.7055    26.3235 0.0000e+00
 251.515093     72.830  34.633621     7.5496    1.73769     72.209    33.7068    26.3245 0.0000e+00
 251.515098     73.273  34.634697     7.5498    1.73139     72.649    33.7076    26.3250 0.0000e+00
 251.515104     73.698  34.635565     7.5506    1.72048     73.070    33.7075    26.3249 0.0000e+00
 251.515110     74.115  34.636811     7.5532    1.73945     73.483    33.7061    26.3235 0.0000e+00
 251.515116     74.530  34.640086     7.5601    1.77654     73.895    33.7028    26.3198 0.0000e+00
 251.515122     74.943  34.649745     7.5715    1.81237     74.304    33.7020    26.3176 0.0000e+00
 251.515127     75.354  34.665765     7.5823    1.84916     74.711    33.7086    26.3213 0.0000e+00
 251.515133     75.764  34.679229     7.5889    1.88935     75.118    33.7165    26.3266 0.0000e+00
 251.515139     76.177  34.686222     7.5924    1.92750     75.527    33.7205    26.3292 0.0000e+00
 251.515145     76.603  34.690453     7.5945    1.95008     75.950    33.7228    26.3307 0.0000e+00
 251.515150     77.048  34.694192     7.5950    1.95222     76.391    33.7262    26.3333 0.0000e+00
 251.515156     77.513  34.696806     7.5927    1.95330     76.852    33.7310    26.3374 0.0000e+00
 251.515162     77.999  34.696727     7.5880    1.93382     77.333    33.7353    26.3414 0.0000e+00
 251.515168     78.497  34.694398     7.5820    1.91816     77.827    33.7383    26.3447 0.0000e+00
 251.515174     78.997  34.690622     7.5758    1.89675     78.323    33.7400    26.3469 0.0000e+00
 251.515179     79.488  34.686517     7.5717    1.86601     78.809    33.7393    26.3470 0.0000e+00
 251.515185     79.962  34.685004     7.5704    1.84449     79.279    33.7387    26.3467 0.0000e+00
 251.515191     80.420  34.686296     7.5705    1.83422     79.733    33.7398    26.3476 0.0000e+00
 251.515197     80.868  34.688179     7.5710    1.84903     80.177    33.7411    26.3485 0.0000e+00
 251.515203     81.315  34.689788     7.5712    1.85449     80.620    33.7425    26.3496 0.0000e+00
 251.515208     81.758  34.691015     7.5713    1.85353     81.060    33.7435    26.3504 0.0000e+00
 251.515214     82.196  34.691802     7.5717    1.85404     81.494    33.7437    26.3505 0.0000e+00
 251.515220     82.631  34.692629     7.5720    1.83501     81.925    33.7441    26.3508 0.0000e+00
 251.515226     83.064  34.693465     7.5717    1.83741     82.354    33.7451    26.3516 0.0000e+00
 251.515231     83.498  34.693733     7.5714    1.84188     82.784    33.7455    26.3519 0.0000e+00
 251.515237     83.930  34.693779     7.5717    1.83716     83.213    33.7450    26.3515 0.0000e+00
 251.515243     84.358  34.694211     7.5723    1.84324     83.637    33.7447    26.3512 0.0000e+00
 251.515249     84.784  34.694849     7.5725    1.84291     84.059    33.7450    26.3514 0.0000e+00
 251.515255     85.203  34.695414     7.5723    1.84552     84.474    33.7456    26.3519 0.0000e+00
 251.515260     85.613  34.695902     7.5723    1.84969     84.881    33.7459    26.3522 0.0000e+00
 251.515266     86.019  34.696394     7.5723    1.84124     85.283    33.7463    26.3525 0.0000e+00
 251.515272     86.430  34.696788     7.5722    1.83970     85.691    33.7466    26.3527 0.0000e+00
 251.515278     86.849  34.697044     7.5722    1.83237     86.106    33.7467    26.3528 0.0000e+00
 251.515284     87.278  34.697495     7.5720    1.84256     86.531    33.7472    26.3532 0.0000e+00
 251.515289     87.718  34.698173     7.5714    1.84884     86.967    33.7483    26.3542 0.0000e+00
 251.515295     88.168  34.698853     7.5706    1.86908     87.413    33.7496    26.3553 0.0000e+00
 251.515301     88.621  34.699312     7.5695    1.86674     87.863    33.7509    26.3565 0.0000e+00
 251.515307     89.077  34.699594     7.5671    1.87022     88.315    33.7533    26.3588 0.0000e+00
 251.515312     89.535  34.700068     7.5624    1.87811     88.768    33.7582    26.3633 0.0000e+00
 251.515318     89.989  34.700794     7.5540    1.88296     89.218    33.7669    26.3713 0.0000e+00
 251.515324     90.438  34.701613     7.5396    1.89673     89.664    33.7816    26.3849 0.0000e+00
 251.515330     90.885  34.703049     7.5203    1.91990     90.107    33.8017    26.4035 0.0000e+00
 251.515336     91.334  34.704764     7.5030    1.92117     90.552    33.8202    26.4205 0.0000e+00
 251.515341     91.781  34.705110     7.4907    1.95129     90.995    33.8323    26.4318 0.0000e+00
 251.515347     92.227  34.703977     7.4808    1.96827     91.437    33.8405    26.4397 0.0000e+00
 251.515353     92.672  34.702084     7.4715    1.97033     91.878    33.8474    26.4464 0.0000e+00
 251.515359     93.112  34.699703     7.4624    1.98288     92.314    33.8534    26.4524 0.0000e+00
 251.515365     93.537  34.697011     7.4539    1.98594     92.735    33.8586    26.4577 0.0000e+00
 251.515370     93.942  34.693771     7.4460    1.99852     93.137    33.8626    26.4620 0.0000e+00
 251.515376     94.327  34.690139     7.4381    2.01299     93.518    33.8662    26.4659 0.0000e+00
 251.515382     94.697  34.686307     7.4306    2.02342     93.885    33.8692    26.4694 0.0000e+00
 251.515388     95.057  34.682202     7.4246    2.03340     94.242    33.8704    26.4712 0.0000e+00
 251.515394     95.414  34.678505     7.4206    2.02659     94.596    33.8701    26.4715 0.0000e+00
 251.515399     95.776  34.675885     7.4176    2.02424     94.955    33.8701    26.4719 0.0000e+00
 251.515405     96.154  34.674203     7.4150    2.02378     95.329    33.8706    26.4727 0.0000e+00
 251.515411     96.551  34.672891     7.4130    2.02696     95.723    33.8709    26.4732 0.0000e+00
 251.515417     96.971  34.671872     7.4120    2.03650     96.139    33.8706    26.4731 0.0000e+00
 251.515422     97.414  34.671460     7.4115    2.03307     96.578    33.8704    26.4731 0.0000e+00
 251.515428     97.865  34.671659     7.4112    2.15433     97.025    33.8707    26.4733 0.0000e+00
 251.515434     98.308  34.672166     7.4110    2.18790     97.464    33.8712    26.4738 0.0000e+00
 251.515440     98.734  34.672526     7.4108    2.18578     97.887    33.8716    26.4741 0.0000e+00
 251.515446     99.150  34.672650     7.4106    2.15752     98.299    33.8718    26.4743 0.0000e+00
