data/oxygen options/ONMS/Olympic_Coast_National_Marine_Sanctuary_Hypoxia_Survey_CTD_Data_2004_2015/raw_data/2004/CTD_TH40_072704faed.cnv
* Sea-Bird SBE19 Data File:
* FileName = C:\WINDOWS\Desktop\put hypoxia files here\CTD files\July 26_27-04\TH\TH4_072704.hex
* Software Version 1.1.4
* Temperature SN = 2997
* Conductivity SN = 2997
* System UpLoad Time = Jul 27 2004 11:53:41
* SEACAT PROFILER V3.1c SN 2997   07/27/04  11:52:59.646
* strain gauge pressure sensor: S/N = 184829,  range = 3000 psia,  tc = 40
# nquan = 9                                 
# nvalues = 636                         
# units = specified
# name 0 = timeJ: Julian Days
# name 1 = prSM: Pressure, Strain Gauge [db]
# name 2 = c0mS/cm: Conductivity [mS/cm]
# name 3 = t090C: Temperature [ITS-90, deg C]
# name 4 = oxML/L: Oxygen, Beckman/YSI [ml/l]
# name 5 = depSM: Depth [salt water, m], lat = 47.5
# name 6 = sal00: Salinity, Practical [PSU]
# name 7 = sigma-é00: Density [sigma-theta, kg/m^3]
# name 8 = flag: flag
# span 0 = 209.387674, 209.391348       
# span 1 =     -5.288,     41.710       
# span 2 =   0.655476,  37.502214       
# span 3 =     7.4081,    12.4367       
# span 4 =   -0.05658,   34.39760       
# span 5 =     -5.244,     41.358       
# span 6 =     0.4278,    33.5036       
# span 7 =    -0.2038,    26.1842       
# span 8 = 0.0000e+00, 0.0000e+00       
# interval = seconds: 0.5
# start_time = Jul 27 2004 09:18:15 [Instrument's time stamp, header]
# bad_flag = -9.990e-29
*END*
[from data line 481]
 209.390457     30.916  34.310157     7.4730    3.32079     30.656    33.4510    26.1336 0.0000e+00
 209.390463     31.545  34.309951     7.4722    3.31039     31.279    33.4513    26.1340 0.0000e+00
 209.390469     32.173  34.309731     7.4705    3.30757     31.902    33.4524    26.1351 0.0000e+00
 209.390475     32.797  34.309180     7.4675    3.29158     32.521    33.4544    26.1371 0.0000e+00
 209.390480     33.410  34.308104     7.4616    3.29238     33.128    33.4586    26.1412 0.0000e+00
 209.390486     34.003  34.306741     7.4529    3.27932     33.716    33.4652    26.1477 0.0000e+00
 209.390492     34.580  34.305522     7.4449    3.25981     34.289    33.4714    26.1536 0.0000e+00
 209.390498     35.143  34.305083     7.4393    3.25699     34.847    33.4760    26.1581 0.0000e+00
 209.390503     35.686  34.305418     7.4351    3.22914     35.385    33.4802    26.1620 0.0000e+00
 209.390509     36.204  34.305314     7.4302    3.21406     35.899    33.4846    26.1661 0.0000e+00
 209.390515     36.699  34.304651     7.4245    3.22032     36.389    33.4891    26.1705 0.0000e+00
 209.390521     37.183  34.304250     7.4195    3.19383     36.869    33.4933    26.1745 0.0000e+00
 209.390527     37.664  34.304162     7.4160    3.20132     37.346    33.4963    26.1774 0.0000e+00
 209.390532     38.139  34.304292     7.4136    3.19698     37.817    33.4986    26.1795 0.0000e+00
 209.390538     38.599  34.304273     7.4118    3.18141     38.273    33.5001    26.1809 0.0000e+00
 209.390544     39.049  34.304101     7.4102    3.18890     38.719    33.5012    26.1820 0.0000e+00
 209.390550     39.490  34.304129     7.4088    3.16104     39.157    33.5024    26.1832 0.0000e+00
 209.390556     39.912  34.304418     7.4081    3.14997     39.575    33.5032    26.1839 0.0000e+00
 209.390561     40.300  34.305376     7.4085    3.15166     39.960    33.5036    26.1842 0.0000e+00
 209.390567     40.639  34.306620     7.4101    3.12577     40.296    33.5033    26.1837 0.0000e+00
 209.390573     40.925  34.307587     7.4123    3.12961     40.579    33.5021    26.1824 0.0000e+00
 209.390579     41.160  34.308468     7.4141    3.12053     40.812    33.5012    26.1815 0.0000e+00
 209.390584     41.345  34.308779     7.4154    3.11979     40.996    33.5002    26.1805 0.0000e+00
 209.390590     41.483  34.308398     7.4165    3.12689     41.133    33.4986    26.1791 -9.990e-29
 209.390596     41.580  34.307965     7.4172    3.10751     41.229    33.4974    26.1781 -9.990e-29
 209.390602     41.645  34.307487     7.4176    3.11129     41.293    33.4965    26.1773 -9.990e-29
 209.390608     41.687  34.305790     7.4180    3.10802     41.335    33.4942    26.1755 -9.990e-29
 209.390613     41.708  34.302319     7.4186    3.09128     41.356    33.4899    26.1720 -9.990e-29
 209.390619     41.710  34.299198     7.4189    3.09702     41.358    33.4862    26.1691 -9.990e-29
 209.390625     41.694  34.298459     7.4180    3.09026     41.342    33.4863    26.1692 -9.990e-29
 209.390631     41.653  34.299699     7.4159    3.08954     41.301    33.4897    26.1722 -9.990e-29
 209.390637     41.581  34.301233     7.4137    3.09925     41.230    33.4935    26.1755 -9.990e-29
 209.390642     41.477  34.301769     7.4123    3.09277     41.127    33.4955    26.1773 -9.990e-29
 209.390648     41.340  34.301484     7.4124    3.08828     40.991    33.4952    26.1770 0.0000e+00
 209.390654     41.160  34.301144     7.4134    3.08982     40.812    33.4939    26.1759 0.0000e+00
 209.390660     40.927  34.300879     7.4141    3.08295     40.581    33.4931    26.1751 0.0000e+00
 209.390666     40.628  34.300924     7.4140    3.07848     40.285    33.4933    26.1753 0.0000e+00
 209.390671     40.264  34.300802     7.4139    3.08094     39.924    33.4935    26.1755 0.0000e+00
 209.390677     39.845  34.299254     7.4144    3.07391     39.509    33.4915    26.1738 0.0000e+00
 209.390683     39.391  34.297048     7.4149    3.08729     39.059    33.4889    26.1717 0.0000e+00
 209.390689     38.924  34.295755     7.4152    3.09332     38.596    33.4874    26.1705 0.0000e+00
 209.390694     38.463  34.295362     7.4161    3.08578     38.138    33.4863    26.1695 0.0000e+00
 209.390700     38.012  34.295370     7.4182    3.09285     37.691    33.4845    26.1678 0.0000e+00
 209.390706     37.569  34.295257     7.4217    3.08264     37.252    33.4812    26.1647 0.0000e+00
 209.390712     37.130  34.294337     7.4254    3.09112     36.817    33.4769    26.1607 0.0000e+00
 209.390718     36.694  34.293093     7.4281    3.10297     36.385    33.4731    26.1574 0.0000e+00
 209.390723     36.259  34.292138     7.4297    3.10347     35.953    33.4707    26.1553 0.0000e+00
 209.390729     35.817  34.291345     7.4312    3.12292     35.515    33.4686    26.1534 0.0000e+00
 209.390735     35.360  34.290806     7.4341    3.12053     35.062    33.4655    26.1505 0.0000e+00
 209.390741     34.873  34.290388     7.4401    3.11579     34.579    33.4595    26.1450 0.0000e+00
 209.390747     34.349  34.289560     7.4489    3.13786     34.059    33.4503    26.1365 0.0000e+00
 209.390752     33.788  34.288365     7.4571    3.13549     33.503    33.4414    26.1283 0.0000e+00
 209.390758     33.202  34.287479     7.4624    3.13580     32.922    33.4356    26.1230 0.0000e+00
 209.390764     32.608  34.286872     7.4649    3.15543     32.333    33.4328    26.1205 0.0000e+00
 209.390770     32.025  34.286326     7.4659    3.14971     31.755    33.4315    26.1193 0.0000e+00
 209.390775     31.463  34.286263     7.4671    3.15745     31.198    33.4306    26.1184 0.0000e+00
 209.390781     30.925  34.286627     7.4694    3.16180     30.665    33.4290    26.1168 0.0000e+00
 209.390787     30.402  34.286811     7.4731    3.15229     30.146    33.4259    26.1139 0.0000e+00
 209.390793     29.882  34.286526     7.4779    3.16614     29.630    33.4212    26.1095 0.0000e+00
 209.390799     29.362  34.285978     7.4823    3.17404     29.115    33.4166    26.1053 0.0000e+00
 209.390804     28.844  34.285585     7.4855    3.17175     28.601    33.4134    26.1022 0.0000e+00
 209.390810     28.329  34.285412     7.4881    3.18462     28.091    33.4109    26.0999 0.0000e+00
 209.390816     27.818  34.285257     7.4910    3.17930     27.584    33.4082    26.0974 0.0000e+00
 209.390822     27.314  34.284940     7.4944    3.20105     27.084    33.4048    26.0943 0.0000e+00
 209.390828     26.813  34.284627     7.4979    3.21962     26.587    33.4014    26.0910 0.0000e+00
 209.390833     26.311  34.284488     7.5011    3.21410     26.090    33.3984    26.0882 0.0000e+00
 209.390839     25.805  34.284363     7.5041    3.22511     25.588    33.3956    26.0856 0.0000e+00
 209.390845     25.297  34.284114     7.5069    3.22148     25.084    33.3929    26.0831 0.0000e+00
 209.390851     24.789  34.283436     7.5090    3.23254     24.581    33.3904    26.0808 0.0000e+00
 209.390856     24.283  34.282573     7.5103    3.24445     24.079    33.3884    26.0791 0.0000e+00
 209.390862     23.782  34.282086     7.5116    3.25949     23.582    33.3869    26.0777 0.0000e+00
 209.390868     23.287  34.281911     7.5150    3.25596     23.091    33.3837    26.0746 0.0000e+00
 209.390874     22.798  34.281842     7.5224    3.27746     22.606    33.3767    26.0681 0.0000e+00
 209.390880     22.308  34.281816     7.5337    3.29143     22.121    33.3660    26.0581 0.0000e+00
 209.390885     21.817  34.281823     7.5467    3.31787     21.634    33.3538    26.0467 0.0000e+00
 209.390891     21.328  34.281902     7.5589    3.36004     21.149    33.3424    26.0360 0.0000e+00
 209.390897     20.840  34.282186     7.5718    3.38325     20.665    33.3305    26.0248 0.0000e+00
 209.390903     20.347  34.283645     7.5935    3.40805     20.176    33.3115    26.0068 0.0000e+00
 209.390909     19.848  34.289371     7.6323    3.44007     19.681    33.2808    25.9771 0.0000e+00
 209.390914     19.345  34.305906     7.6786    3.46964     19.183    33.2545    25.9499 0.0000e+00
 209.390920     18.842  34.330100     7.7165    3.48753     18.684    33.2446    25.9366 0.0000e+00
 209.390926     18.340  34.349394     7.7518    3.51142     18.186    33.2319    25.9216 0.0000e+00
 209.390932     17.841  34.367126     7.8082    3.52264     17.691    33.1974    25.8864 0.0000e+00
 209.390938     17.352  34.405291     7.8836    3.55904     17.206    33.1668    25.8515 0.0000e+00
 209.390943     16.882  34.460985     7.9451    3.58401     16.740    33.1682    25.8436 0.0000e+00
 209.390949     16.425  34.501427     7.9932    3.58826     16.287    33.1660    25.8349 0.0000e+00
 209.390955     15.974  34.527321     8.0690    3.62293     15.840    33.1220    25.7892 0.0000e+00
 209.390961     15.522  34.566502     8.1953    3.65112     15.392    33.0447    25.7100 0.0000e+00
 209.390966     15.057  34.635921     8.3333    3.69045     14.931    32.9887    25.6456 0.0000e+00
 209.390972     14.579  34.713801     8.4257    3.75232     14.457    32.9846    25.6285 0.0000e+00
 209.390978     14.093  34.757707     8.4809    3.75886     13.975    32.9795    25.6162 0.0000e+00
 209.390984     13.594  34.777459     8.5534    3.77313     13.480    32.9328    25.5686 0.0000e+00
 209.390990     13.084  34.818495     8.6657    3.80831     12.974    32.8715    25.5035 0.0000e+00
 209.390995     12.568  34.889022     8.7943    3.84012     12.463    32.8262    25.4483 0.0000e+00
 209.391001     12.050  34.961451     8.8998    3.90731     11.949    32.8044    25.4150 0.0000e+00
 209.391007     11.533  35.013540     8.9648    3.96399     11.436    32.7988    25.4005 0.0000e+00
 209.391013     11.028  35.042468     9.0217    3.97454     10.936    32.7767    25.3743 0.0000e+00
 209.391019     10.543  35.075078     9.0951    3.99325     10.455    32.7431    25.3365 0.0000e+00
 209.391024     10.070  35.118439     9.1958    3.99374      9.986    32.6958    25.2837 0.0000e+00
 209.391030      9.602  35.176575     9.3342    3.99971      9.522    32.6294    25.2098 0.0000e+00
 209.391036      9.140  35.264237     9.4661    4.04673      9.064    32.5996    25.1654 0.0000e+00
 209.391042      8.683  35.342478     9.5364    4.06284      8.610    32.6161    25.1670 0.0000e+00
 209.391047      8.233  35.375498     9.5398    4.05200      8.164    32.6471    25.1906 0.0000e+00
 209.391053      7.795  35.373176     9.5253    4.06576      7.730    32.6581    25.2016 0.0000e+00
 209.391059      7.371  35.366657     9.5740    4.12108      7.309    32.6073    25.1540 0.0000e+00
 209.391065      6.961  35.394372     9.7267    4.27670      6.903    32.4974    25.0434 0.0000e+00
 209.391071      6.563  35.479832     9.9258    4.53885      6.508    32.4052    24.9388 0.0000e+00
 209.391076      6.179  35.594593    10.0940    4.79742      6.127    32.3708    24.8841 0.0000e+00
 209.391082      5.809  35.689305    10.2534    5.89090      5.760    32.3242    24.8210 0.0000e+00
 209.391088      5.452  35.787706    10.4818   10.78727      5.406    32.2202    24.7013 0.0000e+00
 209.391094      5.106  35.952076    10.8497    9.26333      5.063    32.0602    24.5135 0.0000e+00
 209.391100      4.774  36.261990    11.3248    6.49895      4.734    31.9521    24.3457 0.0000e+00
 209.391105      4.462  36.689369    11.7357    5.20936      4.425    32.0139    24.3195 0.0000e+00
 209.391111      4.171  37.033008    11.9827    4.19116      4.136    32.1337    24.3671 0.0000e+00
 209.391117      3.896  37.211122    12.0944    6.10169      3.863    32.2092    24.4049 0.0000e+00
 209.391123      3.635  37.278450    12.1403    7.19029      3.605    32.2345    24.4159 0.0000e+00
 209.391128      3.395  37.303512    12.1813    7.16557      3.367    32.2234    24.3996 0.0000e+00
 209.391134      3.172  37.344443    12.2178    7.14094      3.146    32.2314    24.3989 0.0000e+00
 209.391140      2.965  37.387417    12.2395    7.07086      2.940    32.2540    24.4124 0.0000e+00
 209.391146      2.774  37.412921    12.2585    6.99890      2.751    32.2622    24.4152 0.0000e+00
 209.391152      2.595  37.431435    12.2755    6.98350      2.573    32.2654    24.4144 0.0000e+00
 209.391157      2.426  37.444680    12.2820    6.92546      2.406    32.2726    24.4188 0.0000e+00
 209.391163      2.265  37.445666    12.2777    7.68906      2.246    32.2773    24.4232 0.0000e+00
 209.391169      2.113  37.432371    12.2632    7.64467      2.095    32.2771    24.4258 0.0000e+00
 209.391175      1.974  37.406545    12.2290    7.25288      1.958    32.2818    24.4359 0.0000e+00
 209.391181      1.844  37.371919    12.1740    6.91105      1.829    32.2961    24.4573 0.0000e+00
 209.391186      1.714  37.328703    12.1159    6.69866      1.700    32.3048    24.4749 0.0000e+00
 209.391192      1.585  37.264140    12.0569    6.71193      1.572    32.2936    24.4773 -9.990e-29
 209.391198      1.465  37.139621    11.9872    6.74470      1.453    32.2338    24.4439 -9.990e-29
 209.391204      1.356  36.863152    11.9142    6.80377      1.345    32.0298    24.2990 -9.990e-29
 209.391209      1.254  36.161454    11.8484    6.84160      1.244    31.4082    23.8288 -9.990e-29
 209.391215      1.163  34.176880    11.7903    6.84163      1.153    29.5471    22.3955 -9.990e-29
 209.391221      1.080  28.331185    11.7436    6.83373      1.071    24.0473    18.1428 -9.990e-29
 209.391227      1.000  18.579926    11.7155    6.83318      0.992    15.1643    11.2784 -9.990e-29
 209.391233      0.922  10.201637    11.7032    6.83900      0.914     7.9231     5.6835 -9.990e-29
 209.391238      0.851   6.014295    11.6979    6.84189      0.844     4.4931     3.0288 -9.990e-29
 209.391244      0.789   4.551112    11.6933    6.83562      0.782     3.3371     2.1327 -9.990e-29
 209.391250      0.738   4.200479    11.6883    6.80934      0.732     3.0644     1.9217 -9.990e-29
 209.391256      0.690   3.953748    11.6851    6.80542      0.684     2.8735     1.7738 -9.990e-29
 209.391262      0.637   3.612712    11.6841    6.83881      0.632     2.6110     1.5700 -9.990e-29
 209.391267      0.581   3.241548    11.6838    6.86641      0.576     2.3272     1.3495 -9.990e-29
 209.391273      0.526   2.906943    11.6836    6.87713      0.522     2.0735     1.1523 -9.990e-29
 209.391279      0.478   2.739286    11.6833    6.88949      0.474     1.9472     1.0541 -9.990e-29
 209.391285      0.442   2.719605    11.6824    6.88407      0.438     1.9324     1.0427 -9.990e-29
 209.391291      0.416   2.749957    11.6810    6.87714      0.413     1.9553     1.0607 -9.990e-29
 209.391296      0.389   2.803552    11.6796 -9.990e-29      0.386     1.9957     1.0923 -9.990e-29
 209.391302      0.360   2.933506    11.6785 -9.990e-29      0.357     2.0939     1.1687 -9.990e-29
 209.391308      0.331   3.224146    11.6776 -9.990e-29      0.328     2.3144     1.3403 -9.990e-29
 209.391314      0.301   3.610974    11.6762 -9.990e-29      0.298     2.6102     1.5703 -9.990e-29
 209.391319      0.275   3.830746    11.6741 -9.990e-29      0.273     2.7794     1.7020 -9.990e-29
 209.391325      0.262   3.732180    11.6715 -9.990e-29      0.260     2.7037     1.6435 -9.990e-29
 209.391331      0.255   3.417982    11.6689 -9.990e-29      0.253     2.4628     1.4566 -9.990e-29
 209.391337      0.250   3.071457    11.6669 -9.990e-29      0.248     2.1990     1.2518 -9.990e-29
 209.391343      0.248   2.826601    11.6662 -9.990e-29      0.246     2.0138     1.1079 -9.990e-29
 209.391348      0.247   2.737191 -9.990e-29 -9.990e-29      0.245 -9.990e-29 -9.990e-29 -9.990e-29
