data/oxygen options/ONMS/Olympic_Coast_National_Marine_Sanctuary_Hypoxia_Survey_CTD_Data_2004_2015/raw_data/2004/CTD_CE20_100404faed.cnv
* Sea-Bird SBE19 Data File:
* FileName = C:\WINDOWS\Desktop\put hypoxia files here\CTD data\October 04_05-04\raw\CE20_100404.hex
* Software Version 1.1.4
* Temperature SN = 2997
* Conductivity SN = 2997
* System UpLoad Time = Oct 04 2004 15:26:42
* SEACAT PROFILER V3.1c SN 2997   10/04/04  15:30:41.994
* strain gauge pressure sensor: S/N = 184829,  range = 3000 psia,  tc = 40
# nquan = 9                                 
# nvalues = 440                         
# units = specified
# name 0 = timeJ: Julian Days
# name 1 = prSM: Pressure, Strain Gauge [db]
# name 2 = c0mS/cm: Conductivity [mS/cm]
# name 3 = t090C: Temperature [ITS-90, deg C]
# name 4 = oxML/L: Oxygen, Beckman/YSI [ml/l]
# name 5 = depSM: Depth [salt water, m], lat = 47.5
# name 6 = sal00: Salinity, Practical [PSU]
# name 7 = sigma-é00: Density [sigma-theta, kg/m^3]
# name 8 = flag: flag
# span 0 = 278.624618, 278.627159       
# span 1 =     -4.719,     17.645       
# span 2 =   0.513161,  38.147053       
# span 3 =     9.8417,    15.8577       
# span 4 =   -0.05390,   29.01201       
# span 5 =     -4.680,     17.497       
# span 6 =     0.3143,    32.9595       
# span 7 =    -0.5836,    25.3713       
# span 8 = 0.0000e+00, 0.0000e+00       
# interval = seconds: 0.5
# start_time = Oct 04 2004 14:59:27 [Instrument's time stamp, header]
# bad_flag = -9.990e-29
*END*
[from data line 321]
 278.626476      1.099  37.842936    15.8225    7.06565      1.090    29.7873    21.7812 -9.990e-29
 278.626481      1.100  37.844487    15.8256    7.06951      1.091    29.7864    21.7797 -9.990e-29
 278.626487      1.092  37.846167    15.8305    7.06776      1.083    29.7841    21.7770 -9.990e-29
 278.626493      1.084  37.850222    15.8364    7.06441      1.075    29.7833    21.7750 -9.990e-29
 278.626499      1.079  37.854773    15.8417    7.05617      1.070    29.7833    21.7738 -9.990e-29
 278.626505      1.077  37.858605    15.8455    7.04903      1.068    29.7837    21.7734 -9.990e-29
 278.626510      1.079  37.861227    15.8468    7.05295      1.070    29.7851    21.7741 -9.990e-29
 278.626516      1.083  37.861658    15.8450    7.05429      1.074    29.7868    21.7758 -9.990e-29
 278.626522      1.091  37.859916    15.8409    7.05802      1.082    29.7883    21.7779 -9.990e-29
 278.626528      1.103  37.856488    15.8372    7.05585      1.094    29.7881    21.7786 -9.990e-29
 278.626534      1.119  37.853539    15.8358    7.04505      1.110    29.7866    21.7777 -9.990e-29
 278.626539      1.137  37.852747    15.8356    7.04538      1.128    29.7860    21.7773 -9.990e-29
 278.626545      1.153  37.853061    15.8354    7.04459      1.143    29.7865    21.7777 -9.990e-29
 278.626551      1.168  37.853224    15.8354    7.05381      1.158    29.7866    21.7778 -9.990e-29
 278.626557      1.179  37.852898    15.8357    7.05780      1.169    29.7861    21.7773 -9.990e-29
 278.626562      1.182  37.852776    15.8361    7.05269      1.172    29.7857    21.7769 -9.990e-29
 278.626568      1.182  37.853259    15.8360    7.05128      1.172    29.7862    21.7773 -9.990e-29
 278.626574      1.183  37.853317    15.8350    7.05124      1.173    29.7870    21.7782 -9.990e-29
 278.626580      1.186  37.852473    15.8331    7.05382      1.176    29.7877    21.7791 -9.990e-29
 278.626586      1.189  37.851289    15.8315    7.05818      1.179    29.7878    21.7796 -9.990e-29
 278.626591      1.195  37.850435    15.8315    7.05638      1.185    29.7871    21.7790 -9.990e-29
 278.626597      1.202  37.850461    15.8325    7.04966      1.192    29.7864    21.7782 -9.990e-29
 278.626603      1.207  37.850844    15.8329    7.03699      1.197    29.7864    21.7782 -9.990e-29
 278.626609      1.210  37.850981    15.8320    7.03917      1.200    29.7872    21.7790 -9.990e-29
 278.626615      1.217  37.850499    15.8280    7.04655      1.207    29.7898    21.7818 -9.990e-29
 278.626620      1.222  37.847638    15.8215    7.05117      1.212    29.7921    21.7851 -9.990e-29
 278.626626      1.223  37.842516    15.8185    7.04581      1.213    29.7899    21.7840 -9.990e-29
 278.626632      1.219  37.840086    15.8222    7.02857      1.209    29.7850    21.7795 -9.990e-29
 278.626638      1.213  37.843278    15.8272    7.02978      1.203    29.7841    21.7776 -9.990e-29
 278.626644      1.211  37.847382    15.8280    7.03217      1.201    29.7870    21.7797 -9.990e-29
 278.626649      1.212  37.847784    15.8250    7.03926      1.202    29.7896    21.7824 -9.990e-29
 278.626655      1.215  37.845027    15.8223    7.04242      1.205    29.7893    21.7827 -9.990e-29
 278.626661      1.218  37.842170    15.8226    7.04112      1.208    29.7865    21.7805 -9.990e-29
 278.626667      1.215  37.842135    15.8245    7.03003      1.205    29.7851    21.7790 -9.990e-29
 278.626672      1.212  37.844320    15.8253    7.02787      1.202    29.7864    21.7798 -9.990e-29
 278.626678      1.215  37.845476    15.8243    7.03789      1.205    29.7882    21.7814 -9.990e-29
 278.626684      1.226  37.844347    15.8221    7.04820      1.216    29.7888    21.7824 -9.990e-29
 278.626690      1.237  37.842240    15.8201    7.04858      1.227    29.7885    21.7826 -9.990e-29
 278.626696      1.244  37.840274    15.8196    7.03885      1.234    29.7871    21.7816 -9.990e-29
 278.626701      1.247  37.839198    15.8205    7.02718      1.237    29.7855    21.7802 -9.990e-29
 278.626707      1.247  37.839826    15.8220    7.02849      1.237    29.7849    21.7794 -9.990e-29
 278.626713      1.247  37.841880    15.8232    7.03965      1.237    29.7858    21.7799 -9.990e-29
 278.626719      1.258  37.843618    15.8236    7.03889      1.247    29.7870    21.7807 -9.990e-29
 278.626725      1.278  37.843997    15.8235    7.03471      1.267    29.7874    21.7810 -9.990e-29
 278.626730      1.297  37.843716    15.8235    7.03005      1.286    29.7872    21.7808 -9.990e-29
 278.626736      1.303  37.843524    15.8240    7.02896      1.292    29.7866    21.7803 -9.990e-29
 278.626742      1.297  37.843914    15.8246    7.03828      1.286    29.7865    21.7801 -9.990e-29
 278.626748      1.285  37.844845    15.8251    7.04176      1.274    29.7870    21.7803 -9.990e-29
 278.626753      1.278  37.845503    15.8258    7.03545      1.267    29.7870    21.7802 -9.990e-29
 278.626759      1.277  37.845644    15.8263    7.02907      1.266    29.7868    21.7799 -9.990e-29
 278.626765      1.280  37.845459    15.8262    7.02424      1.269    29.7867    21.7799 -9.990e-29
 278.626771      1.281  37.845262    15.8260    7.03250      1.270    29.7867    21.7799 -9.990e-29
 278.626777      1.280  37.845351    15.8256    7.03775      1.269    29.7870    21.7803 -9.990e-29
 278.626782      1.279  37.845282    15.8248    7.03623      1.268    29.7876    21.7809 -9.990e-29
 278.626788      1.276  37.844403    15.8242    7.03313      1.265    29.7873    21.7808 -9.990e-29
 278.626794      1.272  37.843224    15.8244    7.02876      1.261    29.7861    21.7798 -9.990e-29
 278.626800      1.266  37.842976    15.8252    7.03142      1.255    29.7853    21.7790 -9.990e-29
 278.626806      1.262  37.843890    15.8262    7.02635      1.251    29.7853    21.7788 -9.990e-29
 278.626811      1.268  37.844942    15.8260    7.02632      1.257    29.7864    21.7797 -9.990e-29
 278.626817      1.285  37.844733    15.8238    7.02183      1.274    29.7879    21.7813 -9.990e-29
 278.626823      1.306  37.842982    15.8206    7.02852      1.295    29.7887    21.7827 -9.990e-29
 278.626829      1.323  37.840721    15.8183    7.03753      1.312    29.7885    21.7830 -9.990e-29
 278.626834      1.332  37.839420    15.8179    7.03929      1.321    29.7876    21.7824 -9.990e-29
 278.626840      1.335  37.839585    15.8187    7.04111      1.324    29.7872    21.7819 -9.990e-29
 278.626846      1.332  37.840314    15.8199    7.03810      1.321    29.7869    21.7814 -9.990e-29
 278.626852      1.327  37.840895    15.8210    7.03143      1.316    29.7866    21.7809 -9.990e-29
 278.626858      1.324  37.841543    15.8219    7.04083      1.313    29.7865    21.7807 -9.990e-29
 278.626863      1.321  37.842563    15.8215    7.03757      1.310    29.7877    21.7817 -9.990e-29
 278.626869      1.321  37.842512    15.8189    7.03682      1.310    29.7896    21.7837 -9.990e-29
 278.626875      1.321  37.840199    15.8162    7.02756      1.310    29.7896    21.7843 -9.990e-29
 278.626881      1.323  37.837590    15.8158    7.02667      1.312    29.7876    21.7828 -9.990e-29
 278.626887      1.326  37.836811    15.8164    7.03389      1.315    29.7865    21.7818 -9.990e-29
 278.626892      1.336  37.837385    15.8159    7.03116      1.325    29.7873    21.7826 -9.990e-29
 278.626898      1.356  37.837272    15.8145    7.03446      1.345    29.7883    21.7837 -9.990e-29
 278.626904      1.384  37.835762    15.8139    7.03145      1.372    29.7874    21.7831 -9.990e-29
 278.626910      1.417  37.834768    15.8147    7.03537      1.405    29.7859    21.7818 -9.990e-29
 278.626916      1.458  37.835768    15.8148    7.05908      1.446    29.7867    21.7824 -9.990e-29
 278.626921      1.509  37.836728    15.8135    7.07889      1.496    29.7885    21.7841 -9.990e-29
 278.626927      1.573  37.835564    15.8122    7.10168      1.560    29.7885    21.7843 -9.990e-29
 278.626933      1.650  37.834089    15.8124    7.09133      1.636    29.7870    21.7831 -9.990e-29
 278.626939      1.736  37.834263    15.8140    7.05409      1.722    29.7859    21.7819 -9.990e-29
 278.626944      1.837  37.835755    15.8156    7.02054      1.822    29.7860    21.7817 -9.990e-29
 278.626950      1.968  37.837189    15.8130    6.98881      1.952    29.7891    21.7847 0.0000e+00
 278.626956      2.142  37.835431    15.7983    7.00986      2.124    29.7986    21.7951 0.0000e+00
 278.626962      2.369  37.825335    15.7563    7.07448      2.349    29.8213    21.8217 0.0000e+00
 278.626968      2.660  37.796805    15.6793    7.13837      2.638    29.8543    21.8638 0.0000e+00
 278.626973      3.015  37.744886    15.5869    7.18810      2.990    29.8784    21.9023 0.0000e+00
 278.626979      3.429  37.692314    15.5125    7.16777      3.400    29.8883    21.9259 0.0000e+00
 278.626985      3.887  37.678890    15.4820    7.03754      3.855    29.8994    21.9411 0.0000e+00
 278.626991      4.377  37.750060    15.4739    6.87236      4.340    29.9682    21.9957 0.0000e+00
 278.626997      4.887  37.904242    15.4093    6.76260      4.846    30.1536    22.1521 0.0000e+00
 278.627002      5.407  38.054273    15.2152    6.66847      5.362    30.4361    22.4109 0.0000e+00
 278.627008      5.931  38.134380    14.8971    6.54219      5.881    30.7562    22.7247 0.0000e+00
 278.627014      6.458  38.147053    14.5652    6.38513      6.404    31.0308    23.0058 0.0000e+00
 278.627020      6.987  38.115884    14.3179    6.16810      6.929    31.2008    23.1881 0.0000e+00
 278.627025      7.517  38.065986    14.1368    5.93169      7.454    31.3016    23.3031 0.0000e+00
 278.627031      8.049  38.002544    13.9588    5.66885      7.982    31.3881    23.4061 0.0000e+00
 278.627037      8.586  37.920000    13.7477    5.37411      8.514    31.4846    23.5234 0.0000e+00
 278.627043      9.131  37.820995    13.4688    5.06705      9.055    31.6226    23.6859 0.0000e+00
 278.627049      9.682  37.705284    13.1090    4.72574      9.601    31.8141    23.9049 0.0000e+00
 278.627054     10.234  37.571646    12.7259    4.38193     10.148    32.0109    24.1316 0.0000e+00
 278.627060     10.789  37.432515    12.3805    4.11255     10.699    32.1728    24.3231 0.0000e+00
 278.627066     11.347  37.306432    12.0736    3.88290     11.252    32.3159    24.4917 0.0000e+00
 278.627072     11.909  37.189513    11.7765    3.71001     11.809    32.4609    24.6593 0.0000e+00
 278.627078     12.461  37.058143    11.4887    3.59083     12.357    32.5851    24.8084 0.0000e+00
 278.627083     12.985  36.917101    11.2524    3.49171     12.876    32.6553    24.9055 0.0000e+00
 278.627089     13.494  36.798078    11.0858    3.40373     13.381    32.6856    24.9588 0.0000e+00
 278.627095     13.994  36.709975    10.9656    3.29928     13.877    32.7052    24.9953 0.0000e+00
 278.627101     14.482  36.639004    10.8727    3.20577     14.361    32.7175    25.0212 0.0000e+00
 278.627106     14.965  36.579100    10.7876 -9.990e-29     14.840    32.7338    25.0488 0.0000e+00
 278.627112     15.437  36.524379    10.6765 -9.990e-29     15.308    32.7786    25.1030 0.0000e+00
 278.627118     15.888  36.450082    10.5354 -9.990e-29     15.755    32.8310    25.1683 0.0000e+00
 278.627124     16.306  36.351884    10.3873 -9.990e-29     16.169    32.8660    25.2209 0.0000e+00
 278.627130     16.684  36.253574    10.2272 -9.990e-29     16.544    32.9118    25.2838 0.0000e+00
 278.627135     17.011  36.147948    10.0586 -9.990e-29     16.868    32.9582    25.3484 0.0000e+00
 278.627141     17.280  36.031496     9.9274 -9.990e-29     17.135    32.9595    25.3713 0.0000e+00
 278.627147     17.480  35.941774     9.8600 -9.990e-29     17.333    32.9297    25.3592 -9.990e-29
 278.627153     17.603  35.897587     9.8417 -9.990e-29     17.455    32.9013    25.3401 -9.990e-29
 278.627159     17.645  35.876997 -9.990e-29 -9.990e-29     17.497 -9.990e-29 -9.990e-29 -9.990e-29
