data/oxygen options/ONMS/Olympic_Coast_National_Marine_Sanctuary_Hypoxia_Survey_CTD_Data_2004_2015/raw_data/2004/CTD_TH60_082404faed.cnv
* Sea-Bird SBE19 Data File:
* FileName = C:\WINDOWS\Desktop\put hypoxia files here\CTD data\August 24_25-04\TH\TH60_082404.hex
* Software Version 1.1.4
* Temperature SN = 2997
* Conductivity SN = 2997
* System UpLoad Time = Aug 24 2004 16:11:13
* SEACAT PROFILER V3.1c SN 2997   08/24/04  16:12:50.435
* strain gauge pressure sensor: S/N = 184829,  range = 3000 psia,  tc = 40
# nquan = 9                                 
# nvalues = 682                         
# units = specified
# name 0 = timeJ: Julian Days
# name 1 = prSM: Pressure, Strain Gauge [db]
# name 2 = c0mS/cm: Conductivity [mS/cm]
# name 3 = t090C: Temperature [ITS-90, deg C]
# name 4 = oxML/L: Oxygen, Beckman/YSI [ml/l]
# name 5 = depSM: Depth [salt water, m], lat = 47.5
# name 6 = sal00: Salinity, Practical [PSU]
# name 7 = sigma-é00: Density [sigma-theta, kg/m^3]
# name 8 = flag: flag
# span 0 = 237.600961, 237.604902       
# span 1 =     -5.055,     60.580       
# span 2 =   0.598727,  39.368821       
# span 3 =     7.6192,    15.0425       
# span 4 =   -0.05318,   30.36497       
# span 5 =     -5.013,     60.066       
# span 6 =     0.3644,    33.4631       
# span 7 =    -0.6119,    26.1205       
# span 8 = 0.0000e+00, 0.0000e+00       
# interval = seconds: 0.5
# start_time = Aug 24 2004 14:25:23 [Instrument's time stamp, header]
# bad_flag = -9.990e-29
*END*
[from data line 321]
 237.602818      0.834  39.336674    14.6533    8.02112      0.827    32.0396    23.7645 -9.990e-29
 237.602824      0.840  39.336537    14.6538    8.01274      0.833    32.0390    23.7639 -9.990e-29
 237.602830      0.838  39.337112    14.6542    8.00669      0.831    32.0392    23.7640 -9.990e-29
 237.602836      0.837  39.338057    14.6536    8.01500      0.830    32.0406    23.7652 -9.990e-29
 237.602841      0.840  39.337838    14.6525    8.01845      0.833    32.0413    23.7659 -9.990e-29
 237.602847      0.849  39.336738    14.6523    8.02000      0.842    32.0404    23.7653 -9.990e-29
 237.602853      0.859  39.336106    14.6527    8.01694      0.852    32.0395    23.7646 -9.990e-29
 237.602859      0.862  39.336231    14.6527    8.00649      0.855    32.0396    23.7646 -9.990e-29
 237.602865      0.859  39.336731    14.6522    7.99971      0.852    32.0405    23.7654 -9.990e-29
 237.602870      0.859  39.336601    14.6511    8.00555      0.852    32.0413    23.7663 -9.990e-29
 237.602876      0.864  39.335116    14.6496    8.01115      0.857    32.0412    23.7665 -9.990e-29
 237.602882      0.876  39.333115    14.6484    8.02130      0.869    32.0404    23.7661 -9.990e-29
 237.602888      0.891  39.331868    14.6484    8.03056      0.884    32.0392    23.7652 -9.990e-29
 237.602894      0.901  39.331965    14.6493    8.02958      0.893    32.0386    23.7645 -9.990e-29
 237.602899      0.904  39.332985    14.6504    8.02622      0.896    32.0386    23.7643 -9.990e-29
 237.602905      0.902  39.334057    14.6515    8.02216      0.894    32.0386    23.7641 -9.990e-29
 237.602911      0.906  39.334939    14.6522    8.02006      0.898    32.0389    23.7642 -9.990e-29
 237.602917      0.918  39.335697    14.6524    8.02308      0.910    32.0394    23.7645 -9.990e-29
 237.602922      0.937  39.336233    14.6524    8.02209      0.929    32.0399    23.7649 -9.990e-29
 237.602928      0.954  39.336148    14.6521    8.02203      0.946    32.0400    23.7651 -9.990e-29
 237.602934      0.966  39.335341    14.6511    8.02232      0.958    32.0401    23.7654 -9.990e-29
 237.602940      0.973  39.334431    14.6499    8.01641      0.965    32.0403    23.7657 -9.990e-29
 237.602946      0.978  39.333337    14.6487    8.01077      0.970    32.0403    23.7660 -9.990e-29
 237.602951      0.979  39.331732    14.6477    8.01645      0.971    32.0396    23.7657 -9.990e-29
 237.602957      0.976  39.330854    14.6465    8.01224      0.968    32.0398    23.7661 -9.990e-29
 237.602963      0.975  39.330666    14.6449    8.01946      0.967    32.0410    23.7673 -9.990e-29
 237.602969      0.983  39.329247    14.6436    8.02242      0.975    32.0408    23.7674 -9.990e-29
 237.602975      0.996  39.327521    14.6435    8.01917      0.988    32.0393    23.7663 -9.990e-29
 237.602980      1.003  39.327684    14.6437    8.02781      0.995    32.0392    23.7662 -9.990e-29
 237.602986      1.004  39.328282    14.6428    8.01447      0.996    32.0405    23.7674 -9.990e-29
 237.602992      1.003  39.327317    14.6404    8.00495      0.995    32.0416    23.7688 -9.990e-29
 237.602998      1.001  39.325198    14.6363    8.01441      0.993    32.0431    23.7708 -9.990e-29
 237.603003      0.997  39.321917    14.6333    8.02219      0.989    32.0426    23.7710 -9.990e-29
 237.603009      0.995  39.318719    14.6342    8.03600      0.987    32.0389    23.7680 -9.990e-29
 237.603015      0.999  39.319203    14.6375    8.03703      0.991    32.0367    23.7656 -9.990e-29
 237.603021      1.006  39.322906    14.6397    8.01789      0.998    32.0382    23.7663 -9.990e-29
 237.603027      1.007  39.325239    14.6405    8.01058      0.999    32.0397    23.7672 -9.990e-29
 237.603032      0.998  39.325398    14.6412    8.00742      0.990    32.0392    23.7668 -9.990e-29
 237.603038      0.986  39.325849    14.6424    8.01598      0.978    32.0387    23.7661 -9.990e-29
 237.603044      0.981  39.327206    14.6440    8.02329      0.973    32.0386    23.7657 -9.990e-29
 237.603050      0.981  39.329045    14.6460    8.01639      0.973    32.0386    23.7653 -9.990e-29
 237.603056      0.987  39.331026    14.6480    8.00549      0.979    32.0387    23.7650 -9.990e-29
 237.603061      0.994  39.334120    14.6501    8.00333      0.986    32.0398    23.7653 -9.990e-29
 237.603067      0.998  39.338535    14.6523    8.01185      0.990    32.0420    23.7666 -9.990e-29
 237.603073      1.001  39.341381    14.6547    8.01864      0.993    32.0426    23.7665 -9.990e-29
 237.603079      1.002  39.341966    14.6570    8.01072      0.994    32.0412    23.7650 -9.990e-29
 237.603084      1.001  39.341803    14.6587    8.00236      0.993    32.0397    23.7634 -9.990e-29
 237.603090      1.003  39.341215    14.6593    7.99996      0.995    32.0387    23.7625 -9.990e-29
 237.603096      1.011  39.340701    14.6582    8.01033      1.003    32.0391    23.7631 -9.990e-29
 237.603102      1.023  39.340113    14.6564    8.02113      1.014    32.0401    23.7642 -9.990e-29
 237.603108      1.034  39.338643    14.6559    8.01668      1.025    32.0391    23.7636 -9.990e-29
 237.603113      1.041  39.337670    14.6569    8.00845      1.032    32.0374    23.7621 -9.990e-29
 237.603119      1.040  39.338118    14.6579    8.00322      1.031    32.0370    23.7615 -9.990e-29
 237.603125      1.036  39.338874    14.6581    8.00202      1.027    32.0375    23.7619 -9.990e-29
 237.603131      1.031  39.339242    14.6576    8.01199      1.022    32.0383    23.7626 -9.990e-29
 237.603137      1.027  39.339126    14.6568    8.01526      1.018    32.0388    23.7632 -9.990e-29
 237.603142      1.023  39.338907    14.6561    8.00913      1.014    32.0392    23.7636 -9.990e-29
 237.603148      1.018  39.338830    14.6558    7.99999      1.010    32.0394    23.7638 -9.990e-29
 237.603154      1.012  39.338768    14.6555    7.99024      1.004    32.0396    23.7640 -9.990e-29
 237.603160      1.010  39.338615    14.6549    8.00070      1.002    32.0399    23.7644 -9.990e-29
 237.603166      1.015  39.338141    14.6540    8.00155      1.007    32.0402    23.7648 -9.990e-29
 237.603171      1.023  39.337252    14.6532    8.00996      1.014    32.0401    23.7649 -9.990e-29
 237.603177      1.030  39.336422    14.6531    8.01720      1.021    32.0394    23.7644 -9.990e-29
 237.603183      1.038  39.336200    14.6540    8.00861      1.029    32.0385    23.7635 -9.990e-29
 237.603189      1.042  39.336828    14.6552    8.00902      1.033    32.0381    23.7629 -9.990e-29
 237.603194      1.038  39.337996    14.6561    8.00094      1.029    32.0384    23.7630 -9.990e-29
 237.603200      1.030  39.338993    14.6566    7.99977      1.021    32.0389    23.7632 -9.990e-29
 237.603206      1.027  39.339440    14.6568    8.00293      1.018    32.0391    23.7634 -9.990e-29
 237.603212      1.032  39.339348    14.6568    8.00754      1.023    32.0390    23.7633 -9.990e-29
 237.603218      1.041  39.339132    14.6569    8.00637      1.032    32.0387    23.7631 -9.990e-29
 237.603223      1.047  39.339042    14.6571    7.99311      1.038    32.0385    23.7628 -9.990e-29
 237.603229      1.045  39.338932    14.6568    7.98711      1.036    32.0386    23.7630 -9.990e-29
 237.603235      1.040  39.338631    14.6554    7.98121      1.031    32.0395    23.7640 -9.990e-29
 237.603241      1.035  39.337712    14.6522    7.99085      1.026    32.0413    23.7661 -9.990e-29
 237.603247      1.036  39.334925    14.6470    8.00398      1.027    32.0431    23.7685 -9.990e-29
 237.603252      1.045  39.329897    14.6419    8.00084      1.036    32.0427    23.7693 -9.990e-29
 237.603258      1.059  39.325435    14.6396    8.00138      1.050    32.0406    23.7681 -9.990e-29
 237.603264      1.071  39.323980    14.6405    7.99600      1.062    32.0385    23.7663 -9.990e-29
 237.603270      1.077  39.325247    14.6428    8.00041      1.068    32.0378    23.7653 -9.990e-29
 237.603275      1.081  39.327537    14.6444    8.00511      1.072    32.0385    23.7655 -9.990e-29
 237.603281      1.085  39.328829    14.6453    8.00107      1.076    32.0389    23.7657 -9.990e-29
 237.603287      1.083  39.329138    14.6462    8.00219      1.074    32.0385    23.7651 -9.990e-29
 237.603293      1.081  39.329415    14.6468    7.99989      1.072    32.0382    23.7648 -9.990e-29
 237.603299      1.082  39.330003    14.6466    8.01279      1.073    32.0389    23.7654 -9.990e-29
 237.603304      1.086  39.330542    14.6462    8.02156      1.077    32.0397    23.7661 -9.990e-29
 237.603310      1.093  39.330044    14.6464    8.01098      1.084    32.0391    23.7656 -9.990e-29
 237.603316      1.101  39.329502    14.6475    7.99638      1.092    32.0377    23.7643 -9.990e-29
 237.603322      1.104  39.330412    14.6475    7.97720      1.095    32.0386    23.7649 -9.990e-29
 237.603328      1.107  39.331156    14.6441    7.98056      1.098    32.0420    23.7683 -9.990e-29
 237.603333      1.116  39.328777    14.6363    8.00076      1.107    32.0463    23.7732 -9.990e-29
 237.603339      1.134  39.321761    14.6273    8.01443      1.125    32.0473    23.7760 -9.990e-29
 237.603345      1.167  39.313071    14.6221    8.01352      1.157    32.0437    23.7743 -9.990e-29
 237.603351      1.210  39.308485    14.6219    8.01807      1.200    32.0397    23.7712 -9.990e-29
 237.603356      1.255  39.309156    14.6252    8.02725      1.245    32.0376    23.7689 -9.990e-29
 237.603362      1.310  39.312025    14.6305    8.05916      1.299    32.0358    23.7664 -9.990e-29
 237.603368      1.382  39.315843    14.6360    8.10882      1.370    32.0347    23.7644 -9.990e-29
 237.603374      1.477  39.320628    14.6400    8.16363      1.465    32.0357    23.7643 -9.990e-29
 237.603380      1.601  39.324323    14.6418    8.22037      1.588    32.0375    23.7653 -9.990e-29
 237.603385      1.761  39.325660    14.6418    8.23797      1.746    32.0387    23.7662 0.0000e+00
 237.603391      1.963  39.325837    14.6389    8.21662      1.947    32.0412    23.7688 0.0000e+00
 237.603397      2.211  39.324505    14.6260    8.12105      2.193    32.0505    23.7787 0.0000e+00
 237.603403      2.512  39.316496    14.5873    7.98179      2.491    32.0751    23.8058 0.0000e+00
 237.603409      2.870  39.288863    14.4971    7.82777      2.846    32.1244    23.8628 0.0000e+00
 237.603414      3.275  39.222686    14.3317    7.65352      3.248    32.2012    23.9566 0.0000e+00
 237.603420      3.717  39.102068    14.0965    7.48485      3.686    32.2869    24.0715 0.0000e+00
 237.603426      4.179  38.927706    13.8334    7.33866      4.144    32.3470    24.1719 0.0000e+00
 237.603432      4.652  38.728466    13.5832    7.22547      4.613    32.3732    24.2429 0.0000e+00
 237.603438      5.138  38.538168    13.3640    7.13396      5.095    32.3814    24.2931 0.0000e+00
 237.603443      5.640  38.375051    13.1942    7.02203      5.593    32.3727    24.3202 0.0000e+00
 237.603449      6.157  38.257696    13.0879    6.91678      6.106    32.3528    24.3257 0.0000e+00
 237.603455      6.678  38.193341    13.0318    6.84431      6.622    32.3398    24.3267 0.0000e+00
 237.603461      7.199  38.162870    12.9976    6.77171      7.139    32.3400    24.3336 0.0000e+00
 237.603466      7.717  38.141314    12.9599    6.66740      7.652    32.3517    24.3500 0.0000e+00
 237.603472      8.237  38.111678    12.8968    6.55869      8.168    32.3774    24.3823 0.0000e+00
 237.603478      8.764  38.060220    12.7821    6.43731      8.691    32.4269    24.4429 0.0000e+00
 237.603484      9.299  37.960925    12.5943    6.30778      9.221    32.4940    24.5311 0.0000e+00
 237.603490      9.833  37.796343    12.3602    6.15710      9.751    32.5391    24.6108 0.0000e+00
 237.603495     10.356  37.615632    12.1369    5.98936     10.269    32.5594    24.6687 0.0000e+00
 237.603501     10.860  37.475021    11.9280    5.82894     10.769    32.6058    24.7437 0.0000e+00
 237.603507     11.342  37.343427    11.6866    5.67929     11.247    32.6898    24.8535 0.0000e+00
 237.603513     11.811  37.154123    11.3944    5.50606     11.712    32.7628    24.9635 0.0000e+00
 237.603519     12.279  36.897467    11.1051    5.33207     12.176    32.7671    25.0188 0.0000e+00
 237.603524     12.756  36.647828    10.8700    5.17950     12.649    32.7294    25.0309 0.0000e+00
 237.603530     13.237  36.466474    10.6614    5.06212     13.126    32.7353    25.0719 0.0000e+00
 237.603536     13.710  36.316181    10.4318    4.95147     13.595    32.7910    25.1548 0.0000e+00
 237.603542     14.170  36.142838    10.1811    4.83680     14.051    32.8429    25.2378 0.0000e+00
 237.603547     14.622  35.944584     9.9494    4.72735     14.499    32.8523    25.2839 0.0000e+00
 237.603553     15.068  35.763696     9.7747    4.62526     14.942    32.8271    25.2931 0.0000e+00
 237.603559     15.511  35.652696     9.6454    4.55405     15.381    32.8315    25.3177 0.0000e+00
 237.603565     15.953  35.599190     9.5211    4.49681     15.819    32.8903    25.3838 0.0000e+00
 237.603571     16.398  35.536831     9.3887    4.43786     16.260    32.9476    25.4500 0.0000e+00
 237.603576     16.842  35.441299     9.2586    4.37982     16.701    32.9688    25.4873 0.0000e+00
 237.603582     17.284  35.336536     9.1421    4.33504     17.139    32.9679    25.5051 0.0000e+00
 237.603588     17.728  35.242582     9.0462    4.27213     17.579    32.9589    25.5132 0.0000e+00
 237.603594     18.174  35.166413     8.9679    4.22041     18.022    32.9521    25.5201 0.0000e+00
 237.603600     18.630  35.105090     8.8954    4.18360     18.474    32.9552    25.5338 0.0000e+00
 237.603605     19.104  35.050244     8.8174    4.15748     18.944    32.9703    25.5577 0.0000e+00
 237.603611     19.600  34.994859     8.7346    4.15064     19.435    32.9892    25.5853 0.0000e+00
 237.603617     20.120  34.940168     8.6613    4.14018     19.951    33.0000    25.6049 0.0000e+00
 237.603623     20.663  34.896735     8.6109    4.13159     20.490    33.0012    25.6136 0.0000e+00
 237.603628     21.228  34.871631     8.5846    4.13082     21.050    32.9991    25.6160 0.0000e+00
 237.603634     21.813  34.863858     8.5754    4.13034     21.630    32.9993    25.6175 0.0000e+00
 237.603640     22.416  34.871429     8.5820    4.14097     22.228    33.0008    25.6177 0.0000e+00
 237.603646     23.043  34.900487     8.6037    4.14800     22.849    33.0108    25.6222 0.0000e+00
 237.603652     23.693  34.948832     8.6279    4.16826     23.494    33.0386    25.6404 0.0000e+00
 237.603657     24.362  34.995138     8.6419    4.20330     24.157    33.0739    25.6659 0.0000e+00
 237.603663     25.039  35.023212     8.6429    4.24144     24.829    33.1021    25.6878 0.0000e+00
 237.603669     25.710  35.032907     8.6337    4.26400     25.494    33.1206    25.7037 0.0000e+00
 237.603675     26.351  35.029840     8.6192    4.26318     26.129    33.1307    25.7139 0.0000e+00
 237.603681     26.956  35.021665     8.6044    4.23605     26.729    33.1357    25.7201 0.0000e+00
 237.603686     27.530  35.014273     8.5878    4.19642     27.298    33.1432    25.7285 0.0000e+00
 237.603692     28.079  35.004508     8.5597    4.16238     27.843    33.1591    25.7452 0.0000e+00
 237.603698     28.612  34.982684     8.5040    4.13702     28.371    33.1882    25.7765 0.0000e+00
 237.603704     29.138  34.936495     8.4020    4.16300     28.893    33.2354    25.8289 0.0000e+00
 237.603709     29.673  34.849174     8.2513    4.20798     29.423    33.2852    25.8905 0.0000e+00
 237.603715     30.233  34.716370     8.0908    4.27657     29.978    33.2961    25.9229 0.0000e+00
 237.603721     30.816  34.580701     7.9691    4.35773     30.557    33.2668    25.9177 0.0000e+00
 237.603727     31.411  34.494398     7.8928    4.42218     31.146    33.2468    25.9132 0.0000e+00
 237.603733     32.014  34.455557     7.8406    4.46870     31.744    33.2547    25.9269 0.0000e+00
