data/oxygen options/ONMS/Olympic_Coast_National_Marine_Sanctuary_Hypoxia_Survey_CTD_Data_2004_2015/raw_data/2004/CTD_TH70_061504faedb.cnv
* Sea-Bird SBE19 Data File:
* FileName = C:\WINDOWS\Desktop\put hypoxia files here\CTD files\CA\TH70m061504.hex
* Software Version 1.1.4
* Temperature SN = 2997
* Conductivity SN = 2997
* System UpLoad Time = Jun 15 2004 15:25:53
** Teahwhit Head hypoxia TH70 70m June 15, 2004
* SEACAT PROFILER V3.1c SN 2997   06/15/04  15:24:07.252
# nquan = 9
# nvalues = 70                          
# units = specified
# name 0 = timeJ: Julian Days
# name 1 = prSM: Pressure, Strain Gauge [db]
# name 2 = c0mS/cm: Conductivity [mS/cm]
# name 3 = t090C: Temperature [ITS-90, deg C]
# name 4 = oxML/L: Oxygen, Beckman/YSI [ml/l]
# name 5 = depSM: Depth [salt water, m], lat = 47.5
# name 6 = sal00: Salinity, Practical [PSU]
# name 7 = sigma-é00: Density [sigma-theta, kg/m^3]
# name 8 = flag: flag
# span 0 = 167.568783, 167.570108       
# span 1 =      2.000,     71.000       
# span 2 =  34.414298,  37.769808       
# span 3 =     7.5344,    13.7748       
# span 4 =    3.19464,    6.23633       
# span 5 =      1.983,     70.395       
# span 6 =    31.3272,    33.4868       
# span 7 =    23.3958,    26.1536       
# span 8 = 0.0000e+00, 0.0000e+00       
# interval = decibars: 1                
# start_time = Jun 15 2004 13:33:53 [Instrument's time stamp, header]
# bad_flag = -9.990e-29
*END*
 167.568783      2.000  37.769808    13.7748    6.03825      1.983    31.3272    23.3958 0.0000e+00
 167.568811      3.000  37.520097    13.1147    6.20397      2.975    31.6382    23.7675 0.0000e+00
 167.568833      4.000  37.503786    13.0161    6.18193      3.967    31.7048    23.8383 0.0000e+00
 167.568853      5.000  37.460641    12.9092    6.16683      4.958    31.7533    23.8967 0.0000e+00
 167.568874      6.000  37.362550    12.7818    6.16449      5.950    31.7673    23.9321 0.0000e+00
 167.568894      7.000  37.282413    12.6822    6.19154      6.941    31.7749    23.9572 0.0000e+00
 167.568916      8.000  37.243246    12.6435    6.18045      7.933    31.7700    23.9608 0.0000e+00
 167.568940      9.000  37.156483    12.5327    6.23633      8.924    31.7807    23.9902 0.0000e+00
 167.568962     10.000  37.125011    12.4845    6.22113      9.916    31.7911    24.0075 0.0000e+00
 167.568983     11.000  37.073990    12.3761    6.21642     10.908    31.8339    24.0612 0.0000e+00
 167.569004     12.000  36.981531    12.2639    6.18856     11.900    31.8403    24.0873 0.0000e+00
 167.569025     13.000  36.938188    12.1935    6.15548     12.891    31.8583    24.1144 0.0000e+00
 167.569045     14.000  36.881948    12.1201    6.14727     13.883    31.8665    24.1345 0.0000e+00
 167.569064     15.000  36.845214    12.0959    6.12376     14.874    31.8513    24.1273 0.0000e+00
 167.569083     16.000  36.834775    12.0659    6.12741     15.866    31.8665    24.1446 0.0000e+00
 167.569101     17.000  36.807603    12.0275    6.06434     16.857    31.8727    24.1566 0.0000e+00
 167.569117     18.000  36.772380    11.9645    6.05299     17.849    31.8922    24.1834 0.0000e+00
 167.569132     19.000  36.686688    11.8352    5.86715     18.841    31.9198    24.2286 0.0000e+00
 167.569149     20.000  36.643979    11.7510    5.51450     19.832    31.9504    24.2678 0.0000e+00
 167.569168     21.000  36.399870    11.2924    5.21288     20.824    32.1085    24.4734 0.0000e+00
 167.569187     22.000  36.230997    11.1529    4.95860     21.815    32.0638    24.4634 0.0000e+00
 167.569205     23.000  36.148473    10.9540    4.74997     22.807    32.1558    24.5700 0.0000e+00
 167.569222     24.000  35.993345    10.7419    4.50598     23.798    32.1878    24.6318 0.0000e+00
 167.569239     25.000  35.872598    10.4657    4.40628     24.790    32.3112    24.7753 0.0000e+00
 167.569256     26.000  35.694340    10.2263    4.31463     25.781    32.3447    24.8419 0.0000e+00
 167.569275     27.000  35.565557     9.9581    4.42762     26.773    32.4543    24.9721 0.0000e+00
 167.569294     28.000  35.432861     9.8230    4.39548     27.764    32.4405    24.9836 0.0000e+00
 167.569316     29.000  35.271993     9.5039    4.37295     28.756    32.5643    25.1321 0.0000e+00
 167.569338     30.000  35.042873     9.1555    4.30200     29.747    32.6458    25.2511 0.0000e+00
 167.569359     31.000  34.766790     8.7993    4.39855     30.739    32.6855    25.3376 0.0000e+00
 167.569418     32.000  34.660646     8.7007    4.42526     31.730    32.6651    25.3368 0.0000e+00
 167.569468     33.000  34.616941     8.6535    4.42837     32.722    32.6624    25.3419 0.0000e+00
 167.569488     34.000  34.593213     8.5857    4.37384     33.713    32.6998    25.3814 0.0000e+00
 167.569505     35.000  34.555336     8.4791    4.26563     34.705    32.7584    25.4434 0.0000e+00
 167.569521     36.000  34.528359     8.3333    4.15297     35.696    32.8653    25.5491 0.0000e+00
 167.569538     37.000  34.527297     8.3029    4.07871     36.688    32.8921    25.5747 0.0000e+00
 167.569557     38.000  34.537717     8.2892    4.02583     37.679    32.9155    25.5951 0.0000e+00
 167.569574     39.000  34.541903     8.2763    3.98799     38.671    32.9317    25.6096 0.0000e+00
 167.569590     40.000  34.537640     8.2616    3.95999     39.662    32.9404    25.6187 0.0000e+00
 167.569605     41.000  34.531568     8.2329    3.93548     40.654    32.9604    25.6387 0.0000e+00
 167.569619     42.000  34.524705     8.2116    3.90889     41.645    32.9727    25.6514 0.0000e+00
 167.569634     43.000  34.515334     8.1811    3.88549     42.637    32.9910    25.6703 0.0000e+00
 167.569649     44.000  34.507322     8.1572    3.85271     43.628    33.0044    25.6844 0.0000e+00
 167.569664     45.000  34.502496     8.1328    3.81461     44.620    33.0218    25.7017 0.0000e+00
 167.569680     46.000  34.487986     8.0937    3.79688     45.611    33.0427    25.7238 0.0000e+00
 167.569697     47.000  34.477349     8.0686    3.77974     46.602    33.0546    25.7369 0.0000e+00
 167.569713     48.000  34.472890     8.0567    3.76745     47.594    33.0607    25.7434 0.0000e+00
 167.569729     49.000  34.469210     8.0458    3.77192     48.585    33.0666    25.7496 0.0000e+00
 167.569745     50.000  34.467305     8.0396    3.74771     49.576    33.0700    25.7532 0.0000e+00
 167.569762     51.000  34.466437     8.0363    3.74323     50.568    33.0716    25.7550 0.0000e+00
 167.569778     52.000  34.465942     8.0328    3.72695     51.560    33.0739    25.7573 0.0000e+00
 167.569796     53.000  34.465538     8.0288    3.72106     52.551    33.0769    25.7602 0.0000e+00
 167.569812     54.000  34.464981     8.0272    3.70621     53.542    33.0774    25.7609 0.0000e+00
 167.569828     55.000  34.464069     8.0245    3.70231     54.534    33.0784    25.7621 0.0000e+00
 167.569842     56.000  34.465549     8.0217    3.69743     55.525    33.0822    25.7655 0.0000e+00
 167.569856     57.000  34.469501     8.0135    3.66864     56.516    33.0937    25.7757 0.0000e+00
 167.569870     58.000  34.471312     8.0010    3.62411     57.508    33.1070    25.7880 0.0000e+00
 167.569883     59.000  34.468506     7.9555    3.57520     58.499    33.1466    25.8257 0.0000e+00
 167.569897     60.000  34.454632     7.8724    3.51200     59.491    33.2101    25.8877 0.0000e+00
 167.569910     61.000  34.442495     7.8036    3.44881     60.482    33.2622    25.9386 0.0000e+00
 167.569924     62.000  34.433109     7.7295    3.40368     61.473    33.3224    25.9965 0.0000e+00
 167.569936     63.000  34.425153     7.6537    3.35370     62.464    33.3861    26.0574 0.0000e+00
 167.569948     64.000  34.420565     7.5990    3.31892     63.456    33.4331    26.1022 0.0000e+00
 167.569961     65.000  34.417726     7.5742    3.28537     64.447    33.4535    26.1217 0.0000e+00
 167.569975     66.000  34.416607     7.5607    3.26949     65.439    33.4648    26.1326 0.0000e+00
 167.569989     67.000  34.414298     7.5481    3.26271     66.430    33.4740    26.1415 0.0000e+00
 167.570005     68.000  34.415860     7.5469    3.24772     67.421    33.4763    26.1435 0.0000e+00
 167.570023     69.000  34.415110     7.5413    3.22839     68.413    33.4804    26.1476 0.0000e+00
 167.570041     70.000  34.415118     7.5345    3.22583     69.404    33.4865    26.1534 0.0000e+00
 167.570108     71.000  34.415660     7.5344    3.19464     70.395    33.4868    26.1536 0.0000e+00
