data/oxygen options/ONMS/Olympic_Coast_National_Marine_Sanctuary_Hypoxia_Survey_CTD_Data_2004_2015/raw_data/2004/CTD_CA100_072704faedb.cnv
* Sea-Bird SBE19 Data File:
* FileName = C:\WINDOWS\Desktop\put hypoxia files here\CTD files\July 26_27-04\CA\CA10_072704.hex
* Software Version 1.1.4
* Temperature SN = 2997
* Conductivity SN = 2997
* System UpLoad Time = Jul 27 2004 15:20:06
* SEACAT PROFILER V3.1c SN 2997   07/27/04  15:18:56.788
* strain gauge pressure sensor: S/N = 184829,  range = 3000 psia,  tc = 40
# nquan = 9
# nvalues = 96                          
# units = specified
# name 0 = timeJ: Julian Days
# name 1 = prSM: Pressure, Strain Gauge [db]
# name 2 = c0mS/cm: Conductivity [mS/cm]
# name 3 = t090C: Temperature [ITS-90, deg C]
# name 4 = oxML/L: Oxygen, Beckman/YSI [ml/l]
# name 5 = depSM: Depth [salt water, m], lat = 47.5
# name 6 = sal00: Salinity, Practical [PSU]
# name 7 = sigma-é00: Density [sigma-theta, kg/m^3]
# name 8 = flag: flag
# span 0 = 209.539341, 209.540390       
# span 1 =      2.000,     97.000       
# span 2 =  34.286613,  40.114596       
# span 3 =     7.0496,    15.4236       
# span 4 =    2.09279,    8.39009       
# span 5 =      1.983,     96.168       
# span 6 =    32.0651,    33.8894       
# span 7 =    23.6512,    26.5357       
# span 8 = 0.0000e+00, 0.0000e+00       
# interval = decibars: 1                
# start_time = Jul 27 2004 12:51:35 [Instrument's time stamp, header]
# bad_flag = -9.990e-29
*END*
 209.539341      2.000  40.114596    15.4236    8.06787      1.983    32.1072    23.6512 0.0000e+00
 209.539366      3.000  39.808992    15.0832    7.80657      2.975    32.1117    23.7285 0.0000e+00
 209.539383      4.000  39.620994    14.9334    8.33968      3.967    32.0651    23.7247 0.0000e+00
 209.539394      5.000  39.571657    14.8769    8.39009      4.958    32.0667    23.7380 0.0000e+00
 209.539405      6.000  39.507277    14.7831    8.33260      5.950    32.0853    23.7723 0.0000e+00
 209.539415      7.000  39.422295    14.6626    8.19445      6.942    32.1073    23.8149 0.0000e+00
 209.539423      8.000  39.309880    14.4608    8.00832      7.933    32.1717    23.9070 0.0000e+00
 209.539432      9.000  39.126136    14.0728    6.24806      8.925    32.3270    24.1075 0.0000e+00
 209.539440     10.000  38.779484    13.5236    3.87479      9.917    32.4690    24.3293 0.0000e+00
 209.539447     11.000  38.299586    12.9731    3.99386     10.908    32.4885    24.4533 0.0000e+00
 209.539455     12.000  37.864774    12.4682    4.87883     11.900    32.5100    24.5677 0.0000e+00
 209.539463     13.000  37.467363    11.9649    5.42654     12.892    32.5652    24.7057 0.0000e+00
 209.539471     14.000  37.057764    11.4531    5.36462     13.883    32.6154    24.8383 0.0000e+00
 209.539478     15.000  36.654483    11.0252    5.21901     14.874    32.5967    24.9003 0.0000e+00
 209.539486     16.000  36.332620    10.6809    4.72399     15.866    32.5832    24.9502 0.0000e+00
 209.539494     17.000  36.102718    10.4907    4.39950     16.858    32.5227    24.9357 0.0000e+00
 209.539502     18.000  36.013304    10.4460    4.50815     17.849    32.4726    24.9043 0.0000e+00
 209.539510     19.000  35.991865    10.1061    4.50350     18.841    32.7565    25.1830 0.0000e+00
 209.539519     20.000  35.638175     9.7279    4.37052     19.832    32.7392    25.2322 0.0000e+00
 209.539527     21.000  35.358358     9.5213    4.18004     20.824    32.6406    25.1887 0.0000e+00
 209.539536     22.000  35.220388     9.3924    3.99527     21.815    32.6159    25.1902 0.0000e+00
 209.539545     23.000  35.153591     9.2999    3.89070     22.807    32.6310    25.2168 0.0000e+00
 209.539553     24.000  35.082717     9.1912    3.90305     23.799    32.6568    25.2541 0.0000e+00
 209.539563     25.000  34.965796     9.0643    4.01001     24.790    32.6515    25.2699 0.0000e+00
 209.539573     26.000  34.855337     8.9610    4.12888     25.781    32.6313    25.2702 0.0000e+00
 209.539582     27.000  34.790618     8.9021    4.19527     26.773    32.6175    25.2685 0.0000e+00
 209.539592     28.000  34.776417     8.8970    4.16501     27.765    32.6070    25.2611 0.0000e+00
 209.539602     29.000  34.797936     8.9193    4.08545     28.756    32.6084    25.2588 0.0000e+00
 209.539611     30.000  34.857872     8.9589    3.95793     29.748    32.6340    25.2727 0.0000e+00
 209.539621     31.000  34.915855     8.9934    3.82292     30.739    32.6621    25.2894 0.0000e+00
 209.539631     32.000  34.970456     9.0050    3.68529     31.731    32.7077    25.3233 0.0000e+00
 209.539641     33.000  34.998709     8.9899    3.57595     32.722    32.7506    25.3592 0.0000e+00
 209.539652     34.000  34.979445     8.9036    3.52208     33.713    32.8097    25.4189 0.0000e+00
 209.539662     35.000  34.893656     8.7750    3.47138     34.705    32.8387    25.4614 0.0000e+00
 209.539672     36.000  34.859748     8.7264    3.42317     35.696    32.8479    25.4761 0.0000e+00
 209.539682     37.000  34.855146     8.7080    3.38427     36.688    32.8596    25.4881 0.0000e+00
 209.539691     38.000  34.856916     8.7017    4.33704     37.680    32.8669    25.4948 0.0000e+00
 209.539701     39.000  34.848790     8.6730    3.25864     38.671    32.8846    25.5131 0.0000e+00
 209.539711     40.000  34.819275     8.6179    2.67144     39.662    32.9044    25.5370 0.0000e+00
 209.539720     41.000  34.762513     8.5244    3.27180     40.654    32.9315    25.5724 0.0000e+00
 209.539730     42.000  34.682797     8.4203    3.20260     41.645    32.9443    25.5981 0.0000e+00
 209.539741     43.000  34.629101     8.3866    3.19841     42.637    32.9187    25.5831 0.0000e+00
 209.539753     44.000  34.610891     8.3079    3.27226     43.628    32.9727    25.6372 0.0000e+00
 209.539764     45.000  34.523939     8.2039    3.36316     44.620    32.9778    25.6566 0.0000e+00
 209.539774     46.000  34.478671     8.1574    3.41140     45.611    32.9729    25.6597 0.0000e+00
 209.539784     47.000  34.490899     8.1443    3.40045     46.602    32.9977    25.6811 0.0000e+00
 209.539793     48.000  34.517745     8.1589    3.35707     47.594    33.0121    25.6902 0.0000e+00
 209.539803     49.000  34.556140     8.1798    3.29758     48.585    33.0326    25.7034 0.0000e+00
 209.539814     50.000  34.604105     8.1924    3.23576     49.577    33.0714    25.7318 0.0000e+00
 209.539825     51.000  34.638284     8.1896    3.19891     50.568    33.1097    25.7623 0.0000e+00
 209.539837     52.000  34.610871     8.1756    3.14515     51.559    33.0934    25.7516 0.0000e+00
 209.539850     53.000  34.649456     8.1508    3.07234     52.551    33.1574    25.8055 0.0000e+00
 209.539860     54.000  34.658258     8.1079    3.00719     53.542    33.2068    25.8506 0.0000e+00
 209.539871     55.000  34.624906     8.0570    2.94862     54.534    33.2191    25.8678 0.0000e+00
 209.539882     56.000  34.606069     8.0135    2.90372     55.525    33.2398    25.8904 0.0000e+00
 209.539894     57.000  34.573157     7.9265    2.86439     56.517    33.2869    25.9401 0.0000e+00
 209.539905     58.000  34.517928     7.8544    2.81655     57.508    33.2960    25.9578 0.0000e+00
 209.539917     59.000  34.501003     7.8414    2.76897     58.499    33.2899    25.9548 0.0000e+00
 209.539931     60.000  34.502690     7.8246    2.71653     59.491    33.3072    25.9708 0.0000e+00
 209.539943     61.000  34.488216     7.7679    2.67999     60.482    33.3454    26.0090 0.0000e+00
 209.539955     62.000  34.466518     7.7150    2.64397     61.474    33.3723    26.0377 0.0000e+00
 209.539966     63.000  34.450923     7.6798    2.60922     62.464    33.3888    26.0558 0.0000e+00
 209.539976     64.000  34.438379     7.6379    2.56397     63.456    33.4149    26.0823 0.0000e+00
 209.539986     65.000  34.414622     7.5573    2.51688     64.448    33.4665    26.1343 0.0000e+00
 209.539997     66.000  34.375743     7.4749    2.47563     65.439    33.5034    26.1750 0.0000e+00
 209.540008     67.000  34.351443     7.4233    2.43594     66.430    33.5265    26.2004 0.0000e+00
 209.540019     68.000  34.334214     7.3860    2.41244     67.421    33.5434    26.2189 0.0000e+00
 209.540030     69.000  34.321478     7.3675    2.40498     68.413    33.5470    26.2244 0.0000e+00
 209.540041     70.000  34.315581     7.3591    2.40213     69.404    33.5482    26.2267 0.0000e+00
 209.540051     71.000  34.313137     7.3539    2.40224     70.396    33.5501    26.2288 0.0000e+00
 209.540062     72.000  34.311514     7.3450    2.41078     71.387    33.5566    26.2352 0.0000e+00
 209.540071     73.000  34.307645     7.3350    2.40305     72.378    33.5616    26.2405 0.0000e+00
 209.540082     74.000  34.305947     7.3284    2.42753     73.369    33.5656    26.2446 0.0000e+00
 209.540093     75.000  34.303574     7.3104    2.51490     74.361    33.5801    26.2585 0.0000e+00
 209.540104     76.000  34.293785     7.2793    2.64206     75.352    33.5991    26.2778 0.0000e+00
 209.540116     77.000  34.286613     7.2571    2.72900     76.343    33.6123    26.2914 0.0000e+00
 209.540126     78.000  34.289130     7.2400    2.75234     77.334    33.6313    26.3086 0.0000e+00
 209.540138     79.000  34.289945     7.2263    2.72785     78.325    33.6450    26.3214 0.0000e+00
 209.540150     80.000  34.291015     7.2145    2.70636     79.317    33.6572    26.3326 0.0000e+00
 209.540163     81.000  34.297144     7.2046    2.69698     80.308    33.6731    26.3464 0.0000e+00
 209.540176     82.000  34.308993     7.1952    2.68385     81.300    33.6946    26.3647 0.0000e+00
 209.540188     83.000  34.345526     7.1932    2.64900     82.291    33.7360    26.3975 0.0000e+00
 209.540201     84.000  34.412849     7.1917    2.59641     83.282    33.8104    26.4563 0.0000e+00
 209.540215     85.000  34.435292     7.1731    2.53625     84.273    33.8527    26.4922 0.0000e+00
 209.540231     86.000  34.428636     7.1588    2.46895     85.264    33.8589    26.4991 0.0000e+00
 209.540247     87.000  34.409963     7.1155    2.36394     86.256    33.8805    26.5221 0.0000e+00
 209.540259     88.000  34.376144     7.0683    2.26850     87.247    33.8894    26.5357 0.0000e+00
 209.540271     89.000  34.352470     7.0513    2.21160     88.238    33.8797    26.5304 0.0000e+00
 209.540283     90.000  34.349554     7.0502    2.16234     89.229    33.8771    26.5284 0.0000e+00
 209.540294     91.000  34.349299     7.0504    2.12580     90.221    33.8761    26.5277 0.0000e+00
 209.540307     92.000  34.349467     7.0511    2.11706     91.212    33.8751    26.5268 0.0000e+00
 209.540322     93.000  34.350753     7.0529    2.10155     92.203    33.8743    26.5259 0.0000e+00
 209.540338     94.000  34.349021     7.0512    2.15223     93.194    33.8736    26.5256 0.0000e+00
 209.540353     95.000  34.348397     7.0507    2.15183     94.186    33.8729    26.5252 0.0000e+00
 209.540369     96.000  34.348107     7.0496    2.11226     95.177    33.8732    26.5255 0.0000e+00
 209.540390     97.000  34.349030     7.0511    2.09279     96.168    33.8722    26.5246 0.0000e+00
