data/oxygen options/ONMS/Olympic_Coast_National_Marine_Sanctuary_Hypoxia_Survey_CTD_Data_2004_2015/raw_data/2004/CTD_CE100_100404faed.cnv
* Sea-Bird SBE19 Data File:
* FileName = C:\WINDOWS\Desktop\put hypoxia files here\CTD data\October 04_05-04\CE100_100404.hex
* Software Version 1.1.4
* Temperature SN = 2997
* Conductivity SN = 2997
* System UpLoad Time = Oct 04 2004 12:24:00
* SEACAT PROFILER V3.1c SN 2997   10/04/04  12:27:31.858
* strain gauge pressure sensor: S/N = 184829,  range = 3000 psia,  tc = 40
# nquan = 9                                 
# nvalues = 1099                        
# units = specified
# name 0 = timeJ: Julian Days
# name 1 = prSM: Pressure, Strain Gauge [db]
# name 2 = c0mS/cm: Conductivity [mS/cm]
# name 3 = t090C: Temperature [ITS-90, deg C]
# name 4 = oxML/L: Oxygen, Beckman/YSI [ml/l]
# name 5 = depSM: Depth [salt water, m], lat = 47.5
# name 6 = sal00: Salinity, Practical [PSU]
# name 7 = sigma-é00: Density [sigma-theta, kg/m^3]
# name 8 = flag: flag
# span 0 = 278.511968, 278.518322       
# span 1 =     -5.181,    103.428       
# span 2 =   0.116807,  38.605296       
# span 3 =     7.6215,    16.0467       
# span 4 =   -0.05458,   28.82111       
# span 5 =     -5.138,    102.539       
# span 6 =     0.0715,    33.7683       
# span 7 =    -0.7079,    26.3626       
# span 8 = 0.0000e+00, 0.0000e+00       
# interval = seconds: 0.5
# start_time = Oct 04 2004 12:17:14 [Instrument's time stamp, header]
# bad_flag = -9.990e-29
*END*
[from data line 481]
 278.514751      1.405  37.982140    15.8956    6.93486      1.393    29.8540    21.8164 -9.990e-29
 278.514757      1.405  37.983350    15.8968    6.93146      1.393    29.8541    21.8162 -9.990e-29
 278.514763      1.407  37.985128    15.8969    6.92140      1.395    29.8556    21.8173 -9.990e-29
 278.514769      1.416  37.986451    15.8962    6.91715      1.404    29.8573    21.8188 -9.990e-29
 278.514774      1.428  37.986072    15.8955    6.92669      1.416    29.8575    21.8191 -9.990e-29
 278.514780      1.435  37.984587    15.8952    6.93323      1.423    29.8564    21.8183 -9.990e-29
 278.514786      1.438  37.983727    15.8954    6.94071      1.426    29.8555    21.8176 -9.990e-29
 278.514792      1.441  37.983995    15.8967    6.92955      1.429    29.8547    21.8167 -9.990e-29
 278.514797      1.440  37.984970    15.8994    6.93006      1.428    29.8536    21.8152 -9.990e-29
 278.514803      1.435  37.986806    15.9018    6.92969      1.423    29.8534    21.8145 -9.990e-29
 278.514809      1.434  37.988561    15.9016    6.93346      1.422    29.8550    21.8159 -9.990e-29
 278.514815      1.438  37.988627    15.8998    6.93319      1.426    29.8564    21.8174 -9.990e-29
 278.514821      1.438  37.987628    15.8985    6.92993      1.426    29.8566    21.8177 -9.990e-29
 278.514826      1.434  37.987010    15.8986    6.92857      1.422    29.8559    21.8172 -9.990e-29
 278.514832      1.433  37.987045    15.8998    6.93199      1.421    29.8551    21.8163 -9.990e-29
 278.514838      1.438  37.987756    15.9014    6.92897      1.426    29.8545    21.8155 -9.990e-29
 278.514844      1.442  37.988944    15.9025    6.92749      1.430    29.8547    21.8154 -9.990e-29
 278.514850      1.447  37.989924    15.9034    6.93299      1.435    29.8549    21.8154 -9.990e-29
 278.514855      1.448  37.990856    15.9045    6.92851      1.436    29.8549    21.8151 -9.990e-29
 278.514861      1.441  37.991837    15.9049    6.92990      1.429    29.8554    21.8154 -9.990e-29
 278.514867      1.431  37.991907    15.9041    6.93385      1.419    29.8561    21.8161 -9.990e-29
 278.514873      1.425  37.991135    15.9033    6.93759      1.413    29.8560    21.8163 -9.990e-29
 278.514878      1.427  37.990711    15.9042    6.94105      1.415    29.8550    21.8152 -9.990e-29
 278.514884      1.432  37.991727    15.9072    6.93849      1.420    29.8536    21.8135 -9.990e-29
 278.514890      1.437  37.994389    15.9109    6.93122      1.425    29.8531    21.8124 -9.990e-29
 278.514896      1.447  37.997175    15.9124    6.92589      1.435    29.8544    21.8130 -9.990e-29
 278.514902      1.462  37.998170    15.9103    6.93176      1.450    29.8569    21.8154 -9.990e-29
 278.514907      1.474  37.996433    15.9067    6.93535      1.462    29.8581    21.8171 -9.990e-29
 278.514913      1.481  37.993547    15.9049    6.93557      1.469    29.8569    21.8166 -9.990e-29
 278.514919      1.481  37.992368    15.9055    6.92846      1.469    29.8554    21.8153 -9.990e-29
 278.514925      1.476  37.992978    15.9066    6.93073      1.464    29.8551    21.8148 -9.990e-29
 278.514931      1.466  37.993924    15.9069    6.92709      1.454    29.8557    21.8152 -9.990e-29
 278.514936      1.452  37.994760    15.9062    6.93383      1.440    29.8570    21.8164 -9.990e-29
 278.514942      1.445  37.994894    15.9049    6.93022      1.433    29.8581    21.8175 -9.990e-29
 278.514948      1.442  37.993920    15.9040    6.92718      1.430    29.8579    21.8176 -9.990e-29
 278.514954      1.440  37.992758    15.9043    6.92792      1.428    29.8567    21.8165 -9.990e-29
 278.514959      1.438  37.992634    15.9057    6.92677      1.426    29.8555    21.8153 -9.990e-29
 278.514965      1.431  37.993920    15.9073    6.92390      1.419    29.8554    21.8149 -9.990e-29
 278.514971      1.421  37.995500    15.9077    6.92286      1.409    29.8565    21.8157 -9.990e-29
 278.514977      1.414  37.996092    15.9063    6.92857      1.402    29.8581    21.8172 -9.990e-29
 278.514983      1.414  37.995341    15.9037    6.93636      1.402    29.8594    21.8188 -9.990e-29
 278.514988      1.421  37.993343    15.9016    6.94039      1.409    29.8592    21.8191 -9.990e-29
 278.514994      1.432  37.991334    15.9016    6.93893      1.420    29.8575    21.8177 -9.990e-29
 278.515000      1.438  37.991094    15.9030    6.92893      1.426    29.8562    21.8165 -9.990e-29
 278.515006      1.436  37.992278    15.9041    6.92487      1.424    29.8564    21.8164 -9.990e-29
 278.515012      1.430  37.993074    15.9041    6.92516      1.418    29.8571    21.8169 -9.990e-29
 278.515017      1.427  37.992838    15.9035    6.93309      1.415    29.8573    21.8172 -9.990e-29
 278.515023      1.433  37.992353    15.9031    6.93097      1.421    29.8572    21.8172 -9.990e-29
 278.515029      1.443  37.992629    15.9033    6.92368      1.431    29.8573    21.8172 -9.990e-29
 278.515035      1.449  37.993447    15.9038    6.92120      1.437    29.8576    21.8174 -9.990e-29
 278.515041      1.452  37.994192    15.9046    6.91992      1.440    29.8577    21.8173 -9.990e-29
 278.515046      1.456  37.994708    15.9055    6.92945      1.444    29.8575    21.8169 -9.990e-29
 278.515052      1.457  37.995099    15.9065    6.93345      1.445    29.8571    21.8164 -9.990e-29
 278.515058      1.455  37.995861    15.9075    6.93376      1.443    29.8570    21.8161 -9.990e-29
 278.515064      1.458  37.996863    15.9085    6.93304      1.446    29.8571    21.8159 -9.990e-29
 278.515069      1.468  37.997737    15.9099    6.93075      1.456    29.8568    21.8154 -9.990e-29
 278.515075      1.479  37.999062    15.9117    6.93074      1.467    29.8566    21.8149 -9.990e-29
 278.515081      1.493  38.000896    15.9131    6.93087      1.481    29.8571    21.8150 -9.990e-29
 278.515087      1.507  38.002296    15.9138    6.92910      1.494    29.8578    21.8154 -9.990e-29
 278.515093      1.517  38.002862    15.9139    6.93475      1.504    29.8582    21.8156 -9.990e-29
 278.515098      1.524  38.002760    15.9135    6.93059      1.511    29.8585    21.8159 -9.990e-29
 278.515104      1.527  38.002391    15.9125    6.92860      1.514    29.8589    21.8164 -9.990e-29
 278.515110      1.528  38.001801    15.9108    6.92755      1.515    29.8596    21.8174 -9.990e-29
 278.515116      1.527  38.000736    15.9088    6.92832      1.514    29.8602    21.8183 -9.990e-29
 278.515122      1.523  37.999436    15.9072    6.92730      1.510    29.8603    21.8187 -9.990e-29
 278.515127      1.515  37.998385    15.9063    6.93438      1.502    29.8601    21.8187 -9.990e-29
 278.515133      1.505  37.997836    15.9058    6.94202      1.492    29.8600    21.8187 -9.990e-29
 278.515139      1.490  37.997595    15.9056    6.94288      1.478    29.8599    21.8187 -9.990e-29
 278.515145      1.475  37.997314    15.9057    6.94208      1.463    29.8596    21.8185 -9.990e-29
 278.515150      1.467  37.997155    15.9063    6.93261      1.455    29.8590    21.8179 -9.990e-29
 278.515156      1.465  37.997440    15.9071    6.93414      1.453    29.8586    21.8174 -9.990e-29
 278.515162      1.464  37.997964    15.9073    6.93554      1.452    29.8589    21.8176 -9.990e-29
 278.515168      1.466  37.998279    15.9068    6.93724      1.454    29.8596    21.8182 -9.990e-29
 278.515174      1.465  37.998220    15.9067    6.93820      1.453    29.8596    21.8183 -9.990e-29
 278.515179      1.462  37.998245    15.9067    6.93566      1.450    29.8596    21.8183 -9.990e-29
 278.515185      1.466  37.998361    15.9063    6.93411      1.454    29.8600    21.8187 -9.990e-29
 278.515191      1.475  37.998138    15.9060    6.93399      1.463    29.8601    21.8188 -9.990e-29
 278.515197      1.487  37.997815    15.9057    6.93596      1.475    29.8600    21.8188 -9.990e-29
 278.515203      1.502  37.997496    15.9057    6.93442      1.489    29.8597    21.8186 -9.990e-29
 278.515208      1.517  37.997290    15.9059    6.92858      1.504    29.8594    21.8183 -9.990e-29
 278.515214      1.529  37.997458    15.9057    6.92294      1.516    29.8597    21.8186 -9.990e-29
 278.515220      1.539  37.997639    15.9052    6.91565      1.526    29.8602    21.8191 -9.990e-29
 278.515226      1.546  37.997489    15.9052    6.91939      1.533    29.8601    21.8190 -9.990e-29
 278.515231      1.553  37.997345    15.9054    6.92017      1.540    29.8598    21.8187 -9.990e-29
 278.515237      1.558  37.997549    15.9055    6.92880      1.545    29.8599    21.8188 -9.990e-29
 278.515243      1.562  37.997788    15.9052    6.92587      1.549    29.8603    21.8192 -9.990e-29
 278.515249      1.566  37.997793    15.9046    6.92744      1.553    29.8608    21.8196 -9.990e-29
 278.515255      1.570  37.997548    15.9043    6.92979      1.557    29.8608    21.8197 -9.990e-29
 278.515260      1.574  37.997260    15.9047    6.93000      1.561    29.8603    21.8192 -9.990e-29
 278.515266      1.578  37.997641    15.9056    6.93004      1.565    29.8599    21.8187 -9.990e-29
 278.515272      1.583  37.998613    15.9070    6.92799      1.570    29.8597    21.8183 -9.990e-29
 278.515278      1.588  37.999767    15.9085    6.93185      1.575    29.8596    21.8179 -9.990e-29
 278.515284      1.595  38.000933    15.9091    6.93441      1.582    29.8601    21.8182 -9.990e-29
 278.515289      1.604  38.001400    15.9085    6.92870      1.591    29.8610    21.8190 -9.990e-29
 278.515295      1.614  38.001203    15.9079    6.92659      1.601    29.8613    21.8193 -9.990e-29
 278.515301      1.628  38.000617    15.9077    6.92411      1.614    29.8609    21.8191 -9.990e-29
 278.515307      1.645  37.999958    15.9079    6.92556      1.631    29.8602    21.8185 -9.990e-29
 278.515312      1.667  38.000001    15.9078    6.93299      1.653    29.8603    21.8186 -9.990e-29
 278.515318      1.696  38.000219    15.9068    6.92609      1.682    29.8612    21.8195 -9.990e-29
 278.515324      1.732  37.999758    15.9059    6.92793      1.718    29.8615    21.8199 -9.990e-29
 278.515330      1.779  37.999098    15.9059    6.93567      1.764    29.8609    21.8194 -9.990e-29
 278.515336      1.839  37.999015    15.9064    6.93804      1.824    29.8604    21.8190 -9.990e-29
 278.515341      1.916  37.999376    15.9061    6.93027      1.900    29.8609    21.8194 -9.990e-29
 278.515347      2.016  37.999514    15.9050    6.92785      1.999    29.8618    21.8204 -9.990e-29
 278.515353      2.143  37.999027    15.9034    6.90632      2.125    29.8626    21.8213 0.0000e+00
 278.515359      2.307  37.997802    15.9006    6.89381      2.288    29.8636    21.8227 0.0000e+00
 278.515365      2.518  37.995864    15.8942    6.89425      2.497    29.8666    21.8264 0.0000e+00
 278.515370      2.785  37.991723    15.8818    6.88827      2.762    29.8722    21.8335 0.0000e+00
 278.515376      3.113  37.983198    15.8653    6.89910      3.087    29.8771    21.8408 0.0000e+00
 278.515382      3.495  37.971792    15.8486    6.91525      3.466    29.8796    21.8464 0.0000e+00
 278.515388      3.918  37.961333    15.8334    6.94022      3.885    29.8818    21.8514 0.0000e+00
 278.515394      4.375  37.953544    15.8197    6.95354      4.338    29.8851    21.8570 0.0000e+00
 278.515399      4.865  37.947540    15.8066    6.94958      4.824    29.8896    21.8633 0.0000e+00
 278.515405      5.379  37.942576    15.7929    6.91682      5.334    29.8954    21.8707 0.0000e+00
 278.515411      5.909  37.940975    15.7762    6.85200      5.860    29.9064    21.8828 0.0000e+00
 278.515417      6.441  37.947301    15.7499    6.74280      6.387    29.9317    21.9080 0.0000e+00
 278.515422      6.965  37.964912    15.6984    6.60702      6.907    29.9859    21.9609 0.0000e+00
 278.515428      7.485  37.994829    15.5979    6.46086      7.422    30.0885    22.0615 0.0000e+00
 278.515434      8.004  38.035978    15.4380    6.29629      7.937    30.2470    22.2178 0.0000e+00
 278.515440      8.526  38.088802    15.2403    6.13054      8.455    30.4463    22.4134 0.0000e+00
 278.515446      9.056  38.156401    15.0427    5.98028      8.980    30.6604    22.6202 0.0000e+00
 278.515451      9.596  38.235208    14.8613    5.82850      9.516    30.8737    22.8228 0.0000e+00
 278.515457     10.140  38.325934    14.6868    5.72689     10.055    31.0939    23.0291 0.0000e+00
 278.515463     10.690  38.426113    14.5138    5.66479     10.601    31.3234    23.2421 0.0000e+00
 278.515469     11.240  38.513953    14.3480    5.57221     11.146    31.5376    23.4417 0.0000e+00
 278.515475     11.784  38.577580    14.1873    5.44290     11.685    31.7270    23.6210 0.0000e+00
 278.515480     12.318  38.605296    14.0231    5.26041     12.215    31.8878    23.7788 0.0000e+00
 278.515486     12.850  38.587938    13.8602    5.01788     12.742    32.0069    23.9040 0.0000e+00
 278.515492     13.387  38.544312    13.6843    4.72826     13.275    32.1134    24.0220 0.0000e+00
 278.515498     13.926  38.473369    13.4530    4.52225     13.809    32.2419    24.1678 0.0000e+00
 278.515503     14.466  38.345487    13.1188    4.37518     14.345    32.4057    24.3608 0.0000e+00
 278.515509     15.012  38.133639    12.6464    4.28597     14.886    32.6111    24.6120 0.0000e+00
 278.515515     15.560  37.809864    12.1072    4.21965     15.430    32.7705    24.8382 0.0000e+00
 278.515521     16.106  37.421780    11.6542    4.14275     15.971    32.7927    24.9396 0.0000e+00
 278.515527     16.651  37.099412    11.3524    4.07447     16.511    32.7443    24.9568 0.0000e+00
 278.515532     17.191  36.896073    11.1674    4.04696     17.047    32.7082    24.9619 0.0000e+00
 278.515538     17.717  36.774297    11.0489    4.02079     17.568    32.6931    24.9713 0.0000e+00
 278.515544     18.228  36.694394    10.9536    3.97284     18.075    32.6987    24.9924 0.0000e+00
 278.515550     18.732  36.625430    10.8498    3.94417     18.575    32.7226    25.0293 0.0000e+00
 278.515556     19.234  36.547145    10.7140    3.90093     19.073    32.7660    25.0868 0.0000e+00
 278.515561     19.736  36.445912    10.5296    3.83569     19.570    32.8304    25.1689 0.0000e+00
 278.515567     20.236  36.307776    10.3140    3.77727     20.066    32.8862    25.2492 0.0000e+00
 278.515573     20.737  36.146926    10.1085    3.73475     20.563    32.9101    25.3026 0.0000e+00
 278.515579     21.243  36.000504     9.9038    3.73039     21.065    32.9478    25.3662 0.0000e+00
 278.515584     21.757  35.858171     9.6550    3.74689     21.574    33.0303    25.4715 0.0000e+00
 278.515590     22.274  35.676367     9.3767    3.76971     22.087    33.0999    25.5711 0.0000e+00
 278.515596     22.787  35.468201     9.1335    3.78440     22.596    33.1099    25.6176 0.0000e+00
 278.515602     23.299  35.288959     8.9621    3.77422     23.103    33.0828    25.6233 0.0000e+00
 278.515608     23.817  35.164655     8.8524    3.76501     23.617    33.0551    25.6187 0.0000e+00
 278.515613     24.344  35.086388     8.7711    3.79541     24.139    33.0488    25.6264 0.0000e+00
 278.515619     24.880  35.026508     8.6852    3.83172     24.671    33.0661    25.6531 0.0000e+00
 278.515625     25.419  34.960593     8.5788    3.89910     25.205    33.0962    25.6930 0.0000e+00
 278.515631     25.957  34.878597     8.4635    3.95170     25.739    33.1178    25.7274 0.0000e+00
 278.515637     26.495  34.788260     8.3712    3.98080     26.272    33.1089    25.7343 0.0000e+00
 278.515642     27.028  34.721497     8.3158    3.96562     26.801    33.0902    25.7279 0.0000e+00
 278.515648     27.551  34.691214     8.2879    3.92908     27.319    33.0841    25.7274 0.0000e+00
 278.515654     28.067  34.684987     8.2735    3.88006     27.831    33.0909    25.7348 0.0000e+00
 278.515660     28.584  34.693896     8.2536    3.82546     28.343    33.1188    25.7597 0.0000e+00
 278.515666     29.101  34.698945     8.2215    3.78988     28.856    33.1542    25.7922 0.0000e+00
