data/oxygen options/ONMS/Olympic_Coast_National_Marine_Sanctuary_Hypoxia_Survey_CTD_Data_2004_2015/raw_data/2004/CTD_CE30_100404faed.cnv
* Sea-Bird SBE19 Data File:
* FileName = C:\WINDOWS\Desktop\put hypoxia files here\CTD data\October 04_05-04\raw\CE30_100404.hex
* Software Version 1.1.4
* Temperature SN = 2997
* Conductivity SN = 2997
* System UpLoad Time = Oct 04 2004 15:25:24
* SEACAT PROFILER V3.1c SN 2997   10/04/04  15:29:16.252
* strain gauge pressure sensor: S/N = 184829,  range = 3000 psia,  tc = 40
# nquan = 9                                 
# nvalues = 943                         
# units = specified
# name 0 = timeJ: Julian Days
# name 1 = prSM: Pressure, Strain Gauge [db]
# name 2 = c0mS/cm: Conductivity [mS/cm]
# name 3 = t090C: Temperature [ITS-90, deg C]
# name 4 = oxML/L: Oxygen, Beckman/YSI [ml/l]
# name 5 = depSM: Depth [salt water, m], lat = 47.5
# name 6 = sal00: Salinity, Practical [PSU]
# name 7 = sigma-é00: Density [sigma-theta, kg/m^3]
# name 8 = flag: flag
# span 0 = 278.615579, 278.621030       
# span 1 =     -5.028,     29.951       
# span 2 =   0.477698,  38.775589       
# span 3 =     8.4047,    16.0199       
# span 4 =   -0.04353,   27.76907       
# span 5 =     -4.986,     29.699       
# span 6 =     0.2895,    33.1949       
# span 7 =    -0.6509,    25.7829       
# span 8 = 0.0000e+00, 0.0000e+00       
# interval = seconds: 0.5
# start_time = Oct 04 2004 14:46:26 [Instrument's time stamp, header]
# bad_flag = -9.990e-29
*END*
[from data line 321]
 278.617436      1.035  38.064141    15.8207    6.97222      1.026    29.9824    21.9313 -9.990e-29
 278.617442      1.038  38.064244    15.8248    6.96642      1.029    29.9794    21.9281 -9.990e-29
 278.617448      1.041  38.066896    15.8266    6.96502      1.032    29.9803    21.9284 -9.990e-29
 278.617454      1.045  38.069475    15.8231    6.96531      1.036    29.9852    21.9330 -9.990e-29
 278.617459      1.050  38.068143    15.8175    6.96086      1.041    29.9883    21.9366 -9.990e-29
 278.617465      1.056  38.063940    15.8150    6.95724      1.047    29.9865    21.9357 -9.990e-29
 278.617471      1.060  38.062490    15.8162    6.95412      1.051    29.9843    21.9338 -9.990e-29
 278.617477      1.057  38.064674    15.8175    6.95595      1.048    29.9853    21.9342 -9.990e-29
 278.617483      1.051  38.066123    15.8172    6.96610      1.042    29.9867    21.9354 -9.990e-29
 278.617488      1.047  38.065977    15.8171    6.96883      1.038    29.9867    21.9354 -9.990e-29
 278.617494      1.048  38.065739    15.8179    6.97326      1.039    29.9859    21.9346 -9.990e-29
 278.617500      1.058  38.065662    15.8187    6.96338      1.049    29.9852    21.9339 -9.990e-29
 278.617506      1.075  38.065656    15.8193    6.95184      1.066    29.9847    21.9334 -9.990e-29
 278.617512      1.090  38.065725    15.8200    6.95108      1.081    29.9843    21.9329 -9.990e-29
 278.617517      1.097  38.065972    15.8211    6.95834      1.088    29.9836    21.9322 -9.990e-29
 278.617523      1.094  38.066738    15.8217    6.97451      1.085    29.9839    21.9322 -9.990e-29
 278.617529      1.092  38.067372    15.8208    6.97893      1.083    29.9851    21.9334 -9.990e-29
 278.617535      1.093  38.067051    15.8206    6.96875      1.084    29.9850    21.9333 -9.990e-29
 278.617541      1.099  38.067604    15.8233    6.96272      1.090    29.9834    21.9315 -9.990e-29
 278.617546      1.104  38.070338    15.8268    6.95751      1.095    29.9832    21.9306 -9.990e-29
 278.617552      1.106  38.072742    15.8276    6.96431      1.097    29.9847    21.9316 -9.990e-29
 278.617558      1.108  38.072424    15.8249    6.96598      1.099    29.9864    21.9335 -9.990e-29
 278.617564      1.115  38.070095    15.8212    6.96912      1.106    29.9872    21.9349 -9.990e-29
 278.617569      1.124  38.067710    15.8201    6.96508      1.115    29.9859    21.9342 -9.990e-29
 278.617575      1.125  38.066588    15.8215    6.96045      1.116    29.9839    21.9323 -9.990e-29
 278.617581      1.120  38.066923    15.8222    6.96138      1.111    29.9836    21.9320 -9.990e-29
 278.617587      1.120  38.067494    15.8203    6.95322      1.111    29.9856    21.9339 -9.990e-29
 278.617593      1.135  38.066830    15.8174    6.95753      1.126    29.9872    21.9357 -9.990e-29
 278.617598      1.156  38.065181    15.8167    6.95735      1.146    29.9863    21.9352 -9.990e-29
 278.617604      1.173  38.064283    15.8178    6.96014      1.163    29.9846    21.9337 -9.990e-29
 278.617610      1.185  38.064632    15.8178    6.96284      1.175    29.9849    21.9339 -9.990e-29
 278.617616      1.199  38.064463    15.8171    6.96719      1.189    29.9853    21.9344 -9.990e-29
 278.617622      1.211  38.063562    15.8183    6.96256      1.201    29.9836    21.9328 -9.990e-29
 278.617627      1.217  38.064665    15.8220    6.95990      1.207    29.9818    21.9306 -9.990e-29
 278.617633      1.223  38.068131    15.8248    6.95880      1.213    29.9827    21.9307 -9.990e-29
 278.617639      1.232  38.070183    15.8235    6.95769      1.222    29.9855    21.9331 -9.990e-29
 278.617645      1.240  38.069084    15.8186    6.95507      1.230    29.9882    21.9363 -9.990e-29
 278.617650      1.246  38.066185    15.8134    6.95398      1.236    29.9896    21.9385 -9.990e-29
 278.617656      1.247  38.063240    15.8106    6.95380      1.237    29.9892    21.9387 -9.990e-29
 278.617662      1.250  38.061939    15.8112    6.95967      1.240    29.9876    21.9374 -9.990e-29
 278.617668      1.258  38.062803    15.8140    6.95795      1.247    29.9862    21.9357 -9.990e-29
 278.617674      1.267  38.064752    15.8161    6.95842      1.256    29.9863    21.9353 -9.990e-29
 278.617679      1.275  38.065909    15.8164    6.95242      1.264    29.9871    21.9359 -9.990e-29
 278.617685      1.281  38.066146    15.8162    6.95485      1.270    29.9874    21.9362 -9.990e-29
 278.617691      1.286  38.066537    15.8171    6.95730      1.275    29.9871    21.9357 -9.990e-29
 278.617697      1.289  38.067051    15.8191    6.95646      1.278    29.9860    21.9345 -9.990e-29
 278.617703      1.293  38.066880    15.8204    6.95953      1.282    29.9849    21.9333 -9.990e-29
 278.617708      1.295  38.065800    15.8203    6.94766      1.284    29.9840    21.9327 -9.990e-29
 278.617714      1.298  38.064804    15.8194    6.94634      1.287    29.9838    21.9327 -9.990e-29
 278.617720      1.300  38.064248    15.8181    6.95620      1.289    29.9843    21.9334 -9.990e-29
 278.617726      1.302  38.063391    15.8164    6.96059      1.291    29.9849    21.9342 -9.990e-29
 278.617731      1.304  38.062213    15.8152    6.97009      1.293    29.9847    21.9343 -9.990e-29
 278.617737      1.307  38.061384    15.8167    6.96185      1.296    29.9829    21.9326 -9.990e-29
 278.617743      1.310  38.062604    15.8204    6.95146      1.299    29.9812    21.9304 -9.990e-29
 278.617749      1.313  38.065818    15.8228    6.95109      1.302    29.9822    21.9307 -9.990e-29
 278.617755      1.318  38.067462    15.8211    6.95063      1.307    29.9849    21.9332 -9.990e-29
 278.617760      1.323  38.065805    15.8159    6.95404      1.312    29.9874    21.9362 -9.990e-29
 278.617766      1.331  38.062002    15.8111    6.96631      1.320    29.9877    21.9375 -9.990e-29
 278.617772      1.335  38.058276    15.8094    6.96245      1.324    29.9857    21.9363 -9.990e-29
 278.617778      1.334  38.056947    15.8115    6.95042      1.323    29.9829    21.9338 -9.990e-29
 278.617784      1.330  38.058486    15.8161    6.94813      1.319    29.9808    21.9311 -9.990e-29
 278.617789      1.328  38.061580    15.8200    6.94494      1.317    29.9806    21.9301 -9.990e-29
 278.617795      1.328  38.064188    15.8198    6.95457      1.317    29.9830    21.9320 -9.990e-29
 278.617801      1.330  38.063621    15.8155    6.95520      1.319    29.9857    21.9350 -9.990e-29
 278.617807      1.334  38.059685    15.8120    6.95493      1.323    29.9849    21.9352 -9.990e-29
 278.617813      1.340  38.056664    15.8127    6.94989      1.329    29.9818    21.9326 -9.990e-29
 278.617818      1.344  38.057823    15.8161    6.94607      1.333    29.9802    21.9307 -9.990e-29
 278.617824      1.343  38.061340    15.8182    6.94551      1.332    29.9817    21.9313 -9.990e-29
 278.617830      1.340  38.062933    15.8152    6.94728      1.329    29.9854    21.9348 -9.990e-29
 278.617836      1.339  38.060241    15.8085    6.94507      1.328    29.9881    21.9384 -9.990e-29
 278.617841      1.341  38.055285    15.8041    6.94611      1.330    29.9871    21.9386 -9.990e-29
 278.617847      1.346  38.052673    15.8040    6.94395      1.335    29.9849    21.9369 -9.990e-29
 278.617853      1.353  38.052846    15.8039    6.95007      1.342    29.9851    21.9371 -9.990e-29
 278.617859      1.364  38.052670    15.8023    6.95599      1.353    29.9861    21.9382 -9.990e-29
 278.617865      1.379  38.051914    15.8022    6.95227      1.367    29.9855    21.9378 -9.990e-29
 278.617870      1.395  38.052372    15.8052    6.94375      1.383    29.9837    21.9357 -9.990e-29
 278.617876      1.408  38.054656    15.8088    6.95369      1.396    29.9829    21.9344 -9.990e-29
 278.617882      1.424  38.057324    15.8096    6.95128      1.412    29.9847    21.9355 -9.990e-29
 278.617888      1.448  38.057769    15.8076    6.94910      1.436    29.9866    21.9374 -9.990e-29
 278.617894      1.477  38.055464    15.8053    6.94835      1.465    29.9863    21.9377 -9.990e-29
 278.617899      1.508  38.052942    15.8049    6.93337      1.495    29.9844    21.9363 -9.990e-29
 278.617905      1.549  38.053012    15.8051    6.93092      1.536    29.9843    21.9362 -9.990e-29
 278.617911      1.605  38.055205    15.8018    6.93138      1.592    29.9887    21.9403 -9.990e-29
 278.617917      1.681  38.056276    15.7935    6.92343      1.667    29.9959    21.9476 -9.990e-29
 278.617922      1.773  38.058218    15.7840    6.93242      1.758    30.0047    21.9565 -9.990e-29
 278.617928      1.869  38.067545    15.7779    6.93373      1.853    30.0175    21.9676 -9.990e-29
 278.617934      1.958  38.082110    15.7753    6.94175      1.942    30.0322    21.9795 -9.990e-29
 278.617940      2.029  38.093288    15.7743    6.94402      2.012    30.0427    21.9878 -9.990e-29
 278.617946      2.077  38.095234    15.7739    6.94061      2.060    30.0447    21.9894 -9.990e-29
 278.617951      2.111  38.086617    15.7741    6.94089      2.093    30.0370    21.9835 -9.990e-29
 278.617957      2.137  38.074453    15.7753    6.95198      2.119    30.0254    21.9743 -9.990e-29
 278.617963      2.156  38.064958    15.7784    6.95713      2.138    30.0147    21.9654 -9.990e-29
 278.617969      2.174  38.058370    15.7828    6.95729      2.156    30.0056    21.9575 -9.990e-29
 278.617975      2.191  38.055440    15.7873    6.95692      2.173    29.9996    21.9519 -9.990e-29
 278.617980      2.201  38.054507    15.7911    6.95015      2.183    29.9959    21.9482 -9.990e-29
 278.617986      2.204  38.053206    15.7935    6.94509      2.186    29.9930    21.9454 -9.990e-29
 278.617992      2.209  38.051487    15.7940    6.94949      2.191    29.9911    21.9439 -9.990e-29
 278.617998      2.220  38.049863    15.7918    6.95472      2.201    29.9913    21.9445 -9.990e-29
 278.618003      2.234  38.048413    15.7868    6.95294      2.215    29.9938    21.9476 -9.990e-29
 278.618009      2.244  38.046328    15.7818    6.94975      2.225    29.9958    21.9501 -9.990e-29
 278.618015      2.249  38.044192    15.7791    6.94251      2.230    29.9960    21.9509 -9.990e-29
 278.618021      2.258  38.043083    15.7776    6.94037      2.239    29.9961    21.9513 -9.990e-29
 278.618027      2.273  38.042644    15.7765    6.94456      2.254    29.9966    21.9519 -9.990e-29
 278.618032      2.286  38.042850    15.7773    6.94739      2.267    29.9961    21.9514 -9.990e-29
 278.618038      2.293  38.043415    15.7796    6.94283      2.274    29.9949    21.9499 -9.990e-29
 278.618044      2.294  38.042848    15.7811    6.94792      2.275    29.9933    21.9484 -9.990e-29
 278.618050      2.290  38.041516    15.7812    6.94296      2.271    29.9920    21.9474 -9.990e-29
 278.618056      2.285  38.041571    15.7801    6.94277      2.266    29.9929    21.9483 -9.990e-29
 278.618061      2.282  38.043647    15.7788    6.94891      2.263    29.9957    21.9507 -9.990e-29
 278.618067      2.278  38.047149    15.7797    6.95508      2.259    29.9981    21.9524 -9.990e-29
 278.618073      2.271  38.049456    15.7819    6.95871      2.252    29.9985    21.9522 -9.990e-29
 278.618079      2.271  38.048036    15.7828    6.95363      2.252    29.9965    21.9505 -9.990e-29
 278.618084      2.281  38.045486    15.7832    6.94673      2.262    29.9940    21.9485 -9.990e-29
 278.618090      2.297  38.044574    15.7836    6.94857      2.278    29.9929    21.9475 -9.990e-29
 278.618096      2.313  38.044087    15.7836    6.95078      2.294    29.9924    21.9472 -9.990e-29
 278.618102      2.325  38.043374    15.7841    6.95339      2.306    29.9914    21.9463 -9.990e-29
 278.618108      2.333  38.043729    15.7857    6.95268      2.314    29.9905    21.9453 -9.990e-29
 278.618113      2.338  38.045626    15.7875    6.95212      2.318    29.9908    21.9451 -9.990e-29
 278.618119      2.341  38.047670    15.7884    6.95196      2.321    29.9919    21.9457 -9.990e-29
 278.618125      2.342  38.048100    15.7883    6.94620      2.322    29.9924    21.9461 -9.990e-29
 278.618131      2.340  38.047489    15.7881    6.94458      2.320    29.9920    21.9459 -9.990e-29
 278.618137      2.336  38.047828    15.7887    6.95084      2.316    29.9919    21.9456 -9.990e-29
 278.618142      2.329  38.050131    15.7901    6.95358      2.310    29.9928    21.9460 -9.990e-29
 278.618148      2.323  38.055788    15.7913    6.95559      2.304    29.9969    21.9489 -9.990e-29
 278.618154      2.322  38.063930    15.7916    6.95423      2.303    30.0038    21.9541 -9.990e-29
 278.618160      2.322  38.069712    15.7915    6.94514      2.303    30.0089    21.9581 -9.990e-29
 278.618166      2.319  38.069627    15.7912    6.94461      2.300    30.0091    21.9583 -9.990e-29
 278.618171      2.311  38.064123    15.7908    6.94412      2.292    30.0046    21.9549 -9.990e-29
 278.618177      2.304  38.058199    15.7903    6.94985      2.285    29.9997    21.9513 -9.990e-29
 278.618183      2.301  38.056856    15.7894    6.94998      2.282    29.9993    21.9511 -9.990e-29
 278.618189      2.301  38.059428    15.7882    6.94856      2.282    30.0024    21.9538 -9.990e-29
 278.618194      2.305  38.063174    15.7880    6.93687      2.286    30.0058    21.9565 -9.990e-29
 278.618200      2.309  38.065800    15.7887    6.94185      2.290    30.0076    21.9577 -9.990e-29
 278.618206      2.312  38.066322    15.7891    6.94831      2.293    30.0078    21.9577 -9.990e-29
 278.618212      2.320  38.067678    15.7880    6.94500      2.301    30.0098    21.9595 -9.990e-29
 278.618218      2.329  38.073360    15.7857    6.94590      2.310    30.0165    21.9652 -9.990e-29
 278.618223      2.334  38.081413    15.7847    6.93545      2.315    30.0243    21.9714 -9.990e-29
 278.618229      2.337  38.084627    15.7857    6.94666      2.317    30.0264    21.9728 -9.990e-29
 278.618235      2.341  38.081681    15.7872    6.95138      2.321    30.0227    21.9696 -9.990e-29
 278.618241      2.355  38.077619    15.7886    6.95377      2.335    30.0180    21.9657 -9.990e-29
 278.618247      2.381  38.074319    15.7895    6.95835      2.361    30.0145    21.9628 -9.990e-29
 278.618252      2.412  38.073551    15.7902    6.94371      2.392    30.0132    21.9617 -9.990e-29
 278.618258      2.445  38.074291    15.7912    6.94100      2.425    30.0131    21.9614 -9.990e-29
 278.618264      2.482  38.073039    15.7923    6.94893      2.461    30.0112    21.9597 -9.990e-29
 278.618270      2.526  38.070931    15.7926    6.95305      2.505    30.0091    21.9580 -9.990e-29
 278.618275      2.579  38.070205    15.7918    6.95486      2.557    30.0090    21.9581 -9.990e-29
 278.618281      2.645  38.071575    15.7896    6.94088      2.623    30.0119    21.9608 -9.990e-29
 278.618287      2.727  38.075748    15.7850    6.93584      2.704    30.0190    21.9673 -9.990e-29
 278.618293      2.832  38.086044    15.7781    6.93770      2.808    30.0332    21.9797 -9.990e-29
 278.618299      2.966  38.103855    15.7686    6.94517      2.941    30.0560    21.9993 0.0000e+00
 278.618304      3.133  38.130496    15.7554    6.94766      3.107    30.0894    22.0278 0.0000e+00
 278.618310      3.331  38.171766    15.7395    6.94066      3.303    30.1376    22.0683 0.0000e+00
 278.618316      3.554  38.225487    15.7206    6.93598      3.524    30.1992    22.1197 0.0000e+00
 278.618322      3.797  38.282526    15.6955    6.91016      3.765    30.2684    22.1784 0.0000e+00
 278.618328      4.053  38.346023    15.6610    6.87780      4.019    30.3507    22.2491 0.0000e+00
 278.618333      4.326  38.425487    15.6173    6.84534      4.290    30.4542    22.3381 0.0000e+00
 278.618339      4.611  38.508528    15.5660    6.83255      4.572    30.5671    22.4360 0.0000e+00
 278.618345      4.892  38.564528    15.5096    6.82969      4.851    30.6603    22.5199 0.0000e+00
 278.618351      5.162  38.581210    15.4475    6.80548      5.119    30.7233    22.5818 0.0000e+00
