data/oxygen options/ONMS/Olympic_Coast_National_Marine_Sanctuary_Hypoxia_Survey_CTD_Data_2004_2015/raw_data/2004/CTD_CE50_072604faed.cnv
* Sea-Bird SBE19 Data File:
* FileName = C:\WINDOWS\Desktop\put hypoxia files here\CTD files\july 24_25-04\CE\CE5_072404.hex
* Software Version 1.1.4
* Temperature SN = 2997
* Conductivity SN = 2997
* System UpLoad Time = Jul 26 2004 14:32:34
* SEACAT PROFILER V3.1c SN 2997   07/26/04  14:32:44.340
* strain gauge pressure sensor: S/N = 184829,  range = 3000 psia,  tc = 40
# nquan = 9                                 
# nvalues = 594                         
# units = specified
# name 0 = timeJ: Julian Days
# name 1 = prSM: Pressure, Strain Gauge [db]
# name 2 = c0mS/cm: Conductivity [mS/cm]
# name 3 = t090C: Temperature [ITS-90, deg C]
# name 4 = oxML/L: Oxygen, Beckman/YSI [ml/l]
# name 5 = depSM: Depth [salt water, m], lat = 47.5
# name 6 = sal00: Salinity, Practical [PSU]
# name 7 = sigma-é00: Density [sigma-theta, kg/m^3]
# name 8 = flag: flag
# span 0 = 208.529595, 208.533027       
# span 1 =     -5.227,     44.811       
# span 2 =   0.501723,  40.329672       
# span 3 =     7.4170,    15.4751       
# span 4 =   -0.05260,   28.71888       
# span 5 =     -5.183,     44.432       
# span 6 =     0.3007,    33.6137       
# span 7 =    -0.7229,    26.2695       
# span 8 = 0.0000e+00, 0.0000e+00       
# interval = seconds: 0.5
# start_time = Jul 26 2004 12:42:37 [Instrument's time stamp, header]
# bad_flag = -9.990e-29
*END*
 208.529595     -5.206 -9.990e-29    15.3690   -0.05260     -5.163 -9.990e-29 -9.990e-29 -9.990e-29
 208.529601     -5.215   0.504481    15.3694   -0.05260     -5.172     0.3024    -0.7213 -9.990e-29
 208.529606     -5.224   0.502681    15.3700   -0.05259     -5.180     0.3013    -0.7223 -9.990e-29
 208.529612     -5.227   0.501723    15.3708   -0.05258     -5.183     0.3007    -0.7229 -9.990e-29
 208.529618     -5.225   0.503106    15.3719   -0.05257     -5.181     0.3015    -0.7224 -9.990e-29
 208.529624     -5.214   0.507010    15.3731   -0.05256     -5.171     0.3039    -0.7207 -9.990e-29
 208.529630     -5.193   0.511980    15.3741   -0.05256     -5.150     0.3070    -0.7185 -9.990e-29
 208.529635     -5.169   0.515759    15.3748   -0.05254     -5.126     0.3093    -0.7168 -9.990e-29
 208.529641     -5.145   0.516721    15.3754   -0.05253     -5.102     0.3099    -0.7165 -9.990e-29
 208.529647     -5.124   0.515589    15.3768   -0.05243     -5.081     0.3092    -0.7172 -9.990e-29
 208.529653     -5.108   0.515296    15.3797   -0.04320     -5.065     0.3090    -0.7178 -9.990e-29
 208.529659     -5.092   0.518230    15.3842   -0.04317     -5.050     0.3108    -0.7172 -9.990e-29
 208.529664     -5.071   0.524971    15.3897   -0.04317     -5.029     0.3149    -0.7148 -9.990e-29
 208.529670     -5.044   0.535623    15.3954   -0.04317     -5.002     0.3214    -0.7107 -9.990e-29
 208.529676     -5.009   0.554392    15.4009   -0.04320     -4.967     0.3330    -0.7026 -9.990e-29
 208.529682     -4.969   0.596864    15.4070   -0.04324     -4.928     0.3593    -0.6832 -9.990e-29
 208.529687     -4.928   0.711341    15.4147   -0.04326     -4.887     0.4308    -0.6291 -9.990e-29
 208.529693     -4.888   1.048794    15.4234   -0.04326     -4.847     0.6450    -0.4650 -9.990e-29
 208.529699     -4.848   2.057493    15.4333   -0.04326     -4.808     1.3069     0.0438 -9.990e-29
 208.529705     -4.804   5.075153    15.4472   -0.04325     -4.764     3.4013     1.6516 -9.990e-29
 208.529711     -4.755  13.968720    15.4626   -0.04324     -4.715    10.0919     6.7728 -9.990e-29
 208.529716     -4.696  27.178168    15.4707   -0.04324     -4.657    20.8486    15.0010 -9.990e-29
 208.529722     -4.628  35.945299    15.4669   -0.04324     -4.589    28.3893    20.7840 -9.990e-29
 208.529728     -4.555  38.861542    15.4511   -0.04323     -4.517    30.9726    22.7723 -9.990e-29
 208.529734     -4.478  39.822543    15.4290   -0.04323     -4.441    31.8447    23.4478 -9.990e-29
 208.529740     -4.396  40.124816    15.4128   -0.04324     -4.359    32.1275    23.6689 -9.990e-29
 208.529745     -4.311  40.212942    15.4067   -0.04324     -4.275    32.2111    23.7346 -9.990e-29
 208.529751     -4.227  40.240918    15.4070   -0.04324     -4.192    32.2358    23.7535 -9.990e-29
 208.529757     -4.147  40.252803    15.4112   -0.04325     -4.112    32.2430    23.7581 -9.990e-29
 208.529763     -4.071  40.257734    15.4172   -0.04325     -4.037    32.2424    23.7563 -9.990e-29
 208.529769     -3.994  40.257825    15.4218   -0.04324     -3.961    32.2387    23.7525 -9.990e-29
 208.529774     -3.915  40.256028    15.4249   -0.04324     -3.882    32.2345    23.7486 -9.990e-29
 208.529780     -3.837  40.259516    15.4278   -0.04324     -3.805    32.2352    23.7485 -9.990e-29
 208.529786     -3.761  40.269602    15.4282   -0.04324     -3.730    32.2439    23.7551 -9.990e-29
 208.529792     -3.684  40.276752    15.4254   -0.04324     -3.653    32.2525    23.7623 -9.990e-29
 208.529797     -3.612  40.277058    15.4225   -0.04323     -3.582    32.2552    23.7650 -9.990e-29
 208.529803     -3.543  40.274881    15.4200   -0.04325     -3.513    32.2552    23.7656 -9.990e-29
 208.529809     -3.474  40.272396    15.4191   -0.04325     -3.445    32.2537    23.7647 -9.990e-29
 208.529815     -3.408  40.270244    15.4210   -0.04325     -3.380    32.2502    23.7615 -9.990e-29
 208.529821     -3.354  40.267826    15.4238   -0.04324     -3.326    32.2458    23.7575 -9.990e-29
 208.529826     -3.309  40.265871    15.4260   -0.04324     -3.281    32.2422    23.7543 -9.990e-29
 208.529832     -3.266  40.267413    15.4268   -0.04324     -3.239    32.2429    23.7546 -9.990e-29
 208.529838     -3.221  40.270608    15.4269   -0.04324     -3.194    32.2456    23.7567 -9.990e-29
 208.529844     -3.177  40.270204    15.4269   -0.04324     -3.151    32.2453    23.7564 -9.990e-29
 208.529850     -3.139  40.266809    15.4249   -0.04324     -3.113    32.2439    23.7558 -9.990e-29
 208.529855     -3.104  40.266025    15.4206   -0.04325     -3.078    32.2467    23.7589 -9.990e-29
 208.529861     -3.067  40.267396    15.4171   -0.04324     -3.041    32.2508    23.7628 -9.990e-29
 208.529867     -3.029  40.266603    15.4174   -0.04323     -3.004    32.2498    23.7620 -9.990e-29
 208.529873     -2.992  40.265418    15.4207   -0.04323     -2.967    32.2460    23.7584 -9.990e-29
 208.529878     -2.953  40.267898    15.4244   -0.04322     -2.928    32.2452    23.7569 -9.990e-29
 208.529884     -2.915  40.272889    15.4265   -0.04323     -2.891    32.2479    23.7586 -9.990e-29
 208.529890     -2.879  40.274728    15.4270   -0.04323     -2.855    32.2491    23.7594 -9.990e-29
 208.529896     -2.838  40.272525    15.4264   -0.04322     -2.814    32.2476    23.7584 -9.990e-29
 208.529902     -2.791  40.271227    15.4247   -0.04324     -2.768    32.2478    23.7589 -9.990e-29
 208.529907     -2.742  40.272499    15.4242   -0.04323     -2.719    32.2494    23.7602 -9.990e-29
 208.529913     -2.702  40.274134    15.4272   -0.04324     -2.679    32.2484    23.7588 -9.990e-29
 208.529919     -2.676  40.275532    15.4330   -0.04324     -2.654    32.2448    23.7548 -9.990e-29
 208.529925     -2.655  40.278022    15.4390   -0.04325     -2.633    32.2421    23.7514 -9.990e-29
 208.529931     -2.632  40.280463    15.4427   -0.04326     -2.610    32.2413    23.7499 -9.990e-29
 208.529936     -2.611  40.280526    15.4436   -0.04326     -2.589    32.2406    23.7492 -9.990e-29
 208.529942     -2.589  40.278884    15.4431   -0.04326     -2.567    32.2395    23.7485 -9.990e-29
 208.529948     -2.571  40.278426    15.4401   -0.04325     -2.550    32.2416    23.7507 -9.990e-29
 208.529954     -2.559  40.280812    15.4343   -0.04325     -2.538    32.2484    23.7573 -9.990e-29
 208.529959     -2.544  40.283640    15.4295   -0.04325     -2.523    32.2549    23.7633 -9.990e-29
 208.529965     -2.516  40.285094    15.4257   -0.04324     -2.495    32.2593    23.7675 -9.990e-29
 208.529971     -2.482  40.286016    15.4210   -0.04323     -2.461    32.2640    23.7721 -9.990e-29
 208.529977     -2.448  40.284294    15.4155   -0.04323     -2.428    32.2669    23.7756 -9.990e-29
 208.529983     -2.413  40.279904    15.4109   -0.04323     -2.393    32.2668    23.7765 -9.990e-29
 208.529988     -2.373  40.276556    15.4096   -0.04323     -2.353    32.2648    23.7753 -9.990e-29
 208.529994     -2.328  40.275985    15.4118   -0.04324     -2.309    32.2625    23.7730 -9.990e-29
 208.530000     -2.272  40.276896    15.4152   -0.04322     -2.253    32.2605    23.7708 -9.990e-29
 208.530006     -2.213  40.277161    15.4183   -0.04321     -2.195    32.2582    23.7683 -9.990e-29
 208.530012     -2.162  40.277722    15.4221   -0.04322     -2.144    32.2555    23.7654 -9.990e-29
 208.530017     -2.122  40.279355    15.4273   -0.04322     -2.104    32.2527    23.7621 -9.990e-29
 208.530023     -2.085  40.282019    15.4330   -0.04322     -2.068    32.2504    23.7591 -9.990e-29
 208.530029     -2.049  40.285929    15.4379   -0.04322     -2.032    32.2499    23.7576 -9.990e-29
 208.530035     -2.012  40.288469    15.4404   -0.04324     -1.995    32.2501    23.7572 -9.990e-29
 208.530041     -1.975  40.289123    15.4402   -0.04324     -1.959    32.2508    23.7578 -9.990e-29
 208.530046     -1.941  40.291038    15.4409   -0.04325     -1.925    32.2519    23.7585 -9.990e-29
 208.530052     -1.907  40.294549    15.4452   -0.04324     -1.891    32.2515    23.7573 -9.990e-29
 208.530058     -1.875  40.299311    15.4497   -0.04324     -1.859    32.2521    23.7567 -9.990e-29
 208.530064     -1.848  40.304968    15.4510   -0.04325     -1.833    32.2560    23.7595 -9.990e-29
 208.530069     -1.820  40.307868    15.4501   -0.04326     -1.805    32.2594    23.7622 -9.990e-29
 208.530075     -1.789  40.306854    15.4477   -0.04326     -1.774    32.2604    23.7636 -9.990e-29
 208.530081     -1.761  40.304528    15.4426   -0.04326     -1.746    32.2625    23.7663 -9.990e-29
 208.530087     -1.739  40.302304    15.4357   -0.04326     -1.724    32.2662    23.7706 -9.990e-29
 208.530093     -1.722  40.299489    15.4299   -0.04326     -1.708    32.2684    23.7736 -9.990e-29
 208.530098     -1.709  40.296284    15.4268   -0.04325     -1.695    32.2681    23.7741 -9.990e-29
 208.530104     -1.698  40.294613    15.4268   -0.04325     -1.684    32.2666    23.7729 -9.990e-29
 208.530110     -1.690  40.294518    15.4251   -0.04326     -1.676    32.2679    23.7743 -9.990e-29
 208.530116     -1.682  40.294778    15.4180   -0.04326     -1.668    32.2740    23.7805 -9.990e-29
 208.530122     -1.676  40.294643    15.4109   -0.04326     -1.662    32.2797    23.7865 -9.990e-29
 208.530127     -1.670  40.292840    15.4085   -0.04325     -1.656    32.2800    23.7873 -9.990e-29
 208.530133     -1.665  40.288110    15.4085   15.09360     -1.651    32.2758    23.7840 -9.990e-29
 208.530139     -1.660  40.283151    15.4085   26.92576     -1.646    32.2714    23.7806 -9.990e-29
 208.530145     -1.654  40.282602    15.4098   28.71888     -1.640    32.2698    23.7791 -9.990e-29
 208.530150     -1.648  40.285757    15.4127   25.42636     -1.634    32.2702    23.7788 -9.990e-29
 208.530156     -1.640  40.288433    15.4149   16.85516     -1.626    32.2708    23.7788 -9.990e-29
 208.530162     -1.631  40.288612    15.4150   13.08929     -1.617    32.2709    23.7788 -9.990e-29
 208.530168     -1.619  40.287122    15.4142   13.10665     -1.605    32.2702    23.7785 -9.990e-29
 208.530174     -1.605  40.286493    15.4148   13.08223     -1.592    32.2692    23.7775 -9.990e-29
 208.530179     -1.586  40.288159    15.4173   10.11874     -1.573    32.2686    23.7765 -9.990e-29
 208.530185     -1.567  40.289877    15.4200    6.42519     -1.554    32.2679    23.7754 -9.990e-29
 208.530191     -1.555  40.289474    15.4216    4.38593     -1.542    32.2662    23.7738 -9.990e-29
 208.530197     -1.548  40.287562    15.4227    3.72657     -1.535    32.2636    23.7715 -9.990e-29
 208.530203     -1.538  40.286111    15.4246    4.76126     -1.525    32.2607    23.7689 -9.990e-29
 208.530208     -1.521  40.286580    15.4280    5.72146     -1.508    32.2584    23.7663 -9.990e-29
 208.530214     -1.498  40.289058    15.4333    6.03932     -1.486    32.2562    23.7635 -9.990e-29
 208.530220     -1.477  40.293511    15.4386    6.25200     -1.465    32.2558    23.7621 -9.990e-29
 208.530226     -1.462  40.298048    15.4423    6.39101     -1.450    32.2569    23.7620 -9.990e-29
 208.530231     -1.450  40.300889    15.4450    6.47894     -1.438    32.2572    23.7617 -9.990e-29
 208.530237     -1.438  40.302483    15.4463    6.54428     -1.426    32.2575    23.7617 -9.990e-29
 208.530243     -1.420  40.303298    15.4466    6.57379     -1.408    32.2580    23.7620 -9.990e-29
 208.530249     -1.399  40.303889    15.4472    6.60287     -1.387    32.2580    23.7619 -9.990e-29
 208.530255     -1.378  40.305071    15.4492    6.61875     -1.367    32.2574    23.7610 -9.990e-29
 208.530260     -1.356  40.307323    15.4519    6.63279     -1.345    32.2572    23.7602 -9.990e-29
 208.530266     -1.336  40.309747    15.4538    6.65159     -1.325    32.2578    23.7603 -9.990e-29
 208.530272     -1.321  40.311111    15.4548    6.65226     -1.310    32.2582    23.7604 -9.990e-29
 208.530278     -1.305  40.311580    15.4558    6.66465     -1.294    32.2578    23.7598 -9.990e-29
 208.530284     -1.288  40.312368    15.4567    6.64917     -1.277    32.2578    23.7596 -9.990e-29
 208.530289     -1.272  40.313431    15.4568    6.64817     -1.261    32.2586    23.7602 -9.990e-29
 208.530295     -1.253  40.313406    15.4559    6.65673     -1.243    32.2593    23.7610 -9.990e-29
 208.530301     -1.229  40.311725    15.4547    6.65814     -1.219    32.2588    23.7608 -9.990e-29
 208.530307     -1.203  40.308421    15.4539    6.66081     -1.193    32.2565    23.7592 -9.990e-29
 208.530313     -1.173  40.305286    15.4531    6.64230     -1.163    32.2543    23.7578 -9.990e-29
 208.530318     -1.146  40.304710    15.4513    6.62841     -1.136    32.2553    23.7589 -9.990e-29
 208.530324     -1.129  40.305376    15.4463    6.63727     -1.120    32.2600    23.7636 -9.990e-29
 208.530330     -1.117  40.302947    15.4379    6.65599     -1.108    32.2647    23.7691 -9.990e-29
 208.530336     -1.104  40.296446    15.4300    6.67314     -1.095    32.2654    23.7713 -9.990e-29
 208.530341     -1.089  40.289933    15.4265    6.67085     -1.080    32.2624    23.7698 -9.990e-29
 208.530347     -1.076  40.286513    15.4289    6.65803     -1.067    32.2574    23.7654 -9.990e-29
 208.530353     -1.068  40.287802    15.4356    6.64654     -1.059    32.2531    23.7606 -9.990e-29
 208.530359     -1.061  40.294403    15.4428    6.65258     -1.052    32.2530    23.7590 -9.990e-29
 208.530365     -1.050  40.301657    15.4463    6.65497     -1.041    32.2566    23.7610 -9.990e-29
 208.530370     -1.038  40.304094    15.4449    6.65016     -1.029    32.2600    23.7639 -9.990e-29
 208.530376     -1.028  40.302168    15.4427    6.64180     -1.019    32.2600    23.7644 -9.990e-29
 208.530382     -1.017  40.300050    15.4431    6.64525     -1.009    32.2578    23.7626 -9.990e-29
 208.530388     -1.004  40.301097    15.4430    6.64594     -0.996    32.2588    23.7634 -9.990e-29
 208.530394     -0.991  40.302783    15.4387    6.65084     -0.983    32.2639    23.7682 -9.990e-29
 208.530399     -0.973  40.300066    15.4331    6.65396     -0.965    32.2660    23.7711 -9.990e-29
 208.530405     -0.950  40.294944    15.4317    6.64920     -0.942    32.2626    23.7688 -9.990e-29
 208.530411     -0.929  40.292939    15.4343    6.64991     -0.921    32.2587    23.7652 -9.990e-29
 208.530417     -0.912  40.294750    15.4373    6.65437     -0.904    32.2578    23.7639 -9.990e-29
 208.530422     -0.899  40.297184    15.4386    6.65740     -0.891    32.2589    23.7645 -9.990e-29
 208.530428     -0.888  40.297884    15.4384    6.65337     -0.881    32.2597    23.7651 -9.990e-29
 208.530434     -0.880  40.297229    15.4375    6.65058     -0.873    32.2598    23.7654 -9.990e-29
 208.530440     -0.872  40.296036    15.4365    6.64319     -0.865    32.2596    23.7654 -9.990e-29
 208.530446     -0.866  40.294967    15.4343    6.64381     -0.859    32.2604    23.7666 -9.990e-29
 208.530451     -0.861  40.293726    15.4299    6.64605     -0.854    32.2629    23.7695 -9.990e-29
 208.530457     -0.855  40.290666    15.4264    6.64857     -0.848    32.2631    23.7703 -9.990e-29
 208.530463     -0.850  40.287324    15.4257    6.65553     -0.843    32.2607    23.7686 -9.990e-29
 208.530469     -0.844  40.285984    15.4269    6.66237     -0.837    32.2585    23.7667 -9.990e-29
 208.530475     -0.837  40.286548    15.4297    6.65440     -0.830    32.2567    23.7647 -9.990e-29
 208.530480     -0.829  40.289215    15.4329    6.64512     -0.822    32.2564    23.7638 -9.990e-29
 208.530486     -0.819  40.292497    15.4341    6.65084     -0.812    32.2584    23.7650 -9.990e-29
 208.530492     -0.807  40.293484    15.4328    6.65926     -0.800    32.2603    23.7668 -9.990e-29
 208.530498     -0.792  40.291816    15.4311    6.66013     -0.785    32.2602    23.7671 -9.990e-29
 208.530503     -0.776  40.289764    15.4306    6.65383     -0.770    32.2588    23.7661 -9.990e-29
 208.530509     -0.765  40.289088    15.4309    6.64265     -0.759    32.2579    23.7654 -9.990e-29
 208.530515     -0.751  40.289455    15.4312    6.65115     -0.745    32.2580    23.7654 -9.990e-29
