data/oxygen options/ONMS/Olympic_Coast_National_Marine_Sanctuary_Hypoxia_Survey_CTD_Data_2004_2015/raw_data/2004/CTD_TH100_102104faed.cnv
* Sea-Bird SBE19 Data File:
* FileName = C:\WINDOWS\Desktop\put hypoxia files here\CTD data\October 21-04\Th\raw\th100_102104.hex
* Software Version 1.1.4
* Temperature SN = 2997
* Conductivity SN = 2997
* System UpLoad Time = Oct 21 2004 12:36:21
* SEACAT PROFILER V3.1c SN 2997   10/21/04  12:41:36.067
* strain gauge pressure sensor: S/N = 184829,  range = 3000 psia,  tc = 40
# nquan = 9                                 
# nvalues = 947                         
# units = specified
# name 0 = timeJ: Julian Days
# name 1 = prSM: Pressure, Strain Gauge [db]
# name 2 = c0mS/cm: Conductivity [mS/cm]
# name 3 = t090C: Temperature [ITS-90, deg C]
# name 4 = oxML/L: Oxygen, Beckman/YSI [ml/l]
# name 5 = depSM: Depth [salt water, m], lat = 47.5
# name 6 = sal00: Salinity, Practical [PSU]
# name 7 = sigma-é00: Density [sigma-theta, kg/m^3]
# name 8 = flag: flag
# span 0 = 295.507014, 295.512488       
# span 1 =     -4.900,    102.942       
# span 2 =   0.372668,  38.020365       
# span 3 =     7.7769,    13.1174       
# span 4 =   -0.05919,   33.52008       
# span 5 =     -4.859,    102.057       
# span 6 =     0.2481,    33.5658       
# span 7 =    -0.1793,    26.1810       
# span 8 = 0.0000e+00, 0.0000e+00       
# interval = seconds: 0.5
# start_time = Oct 21 2004 12:10:06 [Instrument's time stamp, header]
# bad_flag = -9.990e-29
*END*
[from data line 801]
 295.511649     67.231  34.689779     7.8433    3.20302     66.659    33.4865    26.1091 0.0000e+00
 295.511655     66.791  34.691869     7.8596    3.29704     66.223    33.4734    26.0964 0.0000e+00
 295.511661     66.320  34.695675     7.8823    3.37305     65.756    33.4559    26.0794 0.0000e+00
 295.511667     65.823  34.701236     7.9055    3.46522     65.263    33.4399    26.0634 0.0000e+00
 295.511672     65.313  34.707572     7.9225    3.54616     64.758    33.4306    26.0537 0.0000e+00
 295.511678     64.808  34.712494     7.9310    3.62398     64.257    33.4280    26.0504 0.0000e+00
 295.511684     64.311  34.714733     7.9339    3.68565     63.764    33.4279    26.0498 0.0000e+00
 295.511690     63.828  34.715043     7.9359    3.71824     63.286    33.4265    26.0485 0.0000e+00
 295.511696     63.365  34.714971     7.9394    3.73815     62.827    33.4233    26.0454 0.0000e+00
 295.511701     62.935  34.715551     7.9427    3.75931     62.400    33.4210    26.0431 0.0000e+00
 295.511707     62.550  34.716446     7.9439    3.77047     62.019    33.4210    26.0429 0.0000e+00
 295.511713     62.212  34.717179     7.9434    3.78385     61.683    33.4224    26.0441 0.0000e+00
 295.511719     61.906  34.717617     7.9429    3.78662     61.380    33.4235    26.0450 0.0000e+00
 295.511725     61.610  34.717794     7.9443    3.80417     61.087    33.4225    26.0440 0.0000e+00
 295.511730     61.296  34.718512     7.9492    3.81974     60.775    33.4187    26.0403 0.0000e+00
 295.511736     60.944  34.721297     7.9581    3.83626     60.426    33.4133    26.0348 0.0000e+00
 295.511742     60.550  34.727625     7.9693    3.83910     60.036    33.4096    26.0302 0.0000e+00
 295.511748     60.117  34.735853     7.9801    3.83351     59.607    33.4083    26.0276 0.0000e+00
 295.511753     59.656  34.742389     7.9888    3.83554     59.150    33.4072    26.0255 0.0000e+00
 295.511759     59.183  34.746429     7.9942    3.84187     58.681    33.4065    26.0242 0.0000e+00
 295.511765     58.704  34.748329     7.9962    3.85765     58.206    33.4069    26.0242 0.0000e+00
 295.511771     58.224  34.748389     7.9963    3.86343     57.730    33.4071    26.0243 0.0000e+00
 295.511777     57.747  34.747261     7.9957    3.86740     57.257    33.4067    26.0241 0.0000e+00
 295.511782     57.276  34.744572     7.9948    3.87178     56.790    33.4049    26.0228 0.0000e+00
 295.511788     56.816  34.739550     7.9934    3.87757     56.334    33.4011    26.0200 0.0000e+00
 295.511794     56.372  34.733919     7.9923    3.89690     55.894    33.3963    26.0164 0.0000e+00
 295.511800     55.945  34.730272     7.9915    3.91925     55.471    33.3934    26.0142 0.0000e+00
 295.511806     55.522  34.727679     7.9895    3.92690     55.051    33.3927    26.0140 0.0000e+00
 295.511811     55.075  34.723252     7.9845    3.94279     54.608    33.3930    26.0149 0.0000e+00
 295.511817     54.593  34.713899     7.9760    3.94860     54.130    33.3913    26.0148 0.0000e+00
 295.511823     54.088  34.698928     7.9667    3.96381     53.630    33.3844    26.0108 0.0000e+00
 295.511829     53.581  34.683615     7.9594    3.95996     53.127    33.3753    26.0047 0.0000e+00
 295.511834     53.084  34.672778     7.9527    3.97970     52.634    33.3703    26.0017 0.0000e+00
 295.511840     52.603  34.663190     7.9441    3.99272     52.157    33.3685    26.0016 0.0000e+00
 295.511846     52.130  34.649923     7.9322    4.02830     51.688    33.3659    26.0012 0.0000e+00
 295.511852     51.667  34.631553     7.9157    4.06467     51.229    33.3622    26.0007 0.0000e+00
 295.511858     51.217  34.603215     7.8962    4.09548     50.783    33.3507    25.9945 0.0000e+00
 295.511863     50.784  34.564693     7.8810    4.10621     50.354    33.3242    25.9759 0.0000e+00
 295.511869     50.364  34.532459     7.8741    4.13439     49.938    33.2964    25.9551 0.0000e+00
 295.511875     49.961  34.516791     7.8734    4.14726     49.538    33.2805    25.9427 0.0000e+00
 295.511881     49.575  34.513062     7.8764    4.16392     49.155    33.2739    25.9370 0.0000e+00
 295.511887     49.190  34.515188     7.8807    4.16978     48.774    33.2722    25.9351 0.0000e+00
 295.511892     48.782  34.513680     7.8855    4.18868     48.369    33.2662    25.9297 0.0000e+00
 295.511898     48.333  34.504854     7.8912    4.17822     47.924    33.2516    25.9173 0.0000e+00
 295.511904     47.840  34.492833     7.8981    4.17628     47.435    33.2324    25.9013 0.0000e+00
 295.511910     47.311  34.480095     7.9067    4.17044     46.911    33.2108    25.8831 0.0000e+00
 295.511916     46.760  34.468347     7.9174    4.17611     46.364    33.1883    25.8639 0.0000e+00
 295.511921     46.202  34.455942     7.9290    4.19462     45.811    33.1643    25.8433 0.0000e+00
 295.511927     45.653  34.437744     7.9383    4.22191     45.267    33.1363    25.8200 0.0000e+00
 295.511933     45.127  34.415840     7.9433    4.27079     44.745    33.1084    25.7973 0.0000e+00
 295.511939     44.627  34.400827     7.9449    4.29827     44.250    33.0911    25.7835 0.0000e+00
 295.511944     44.152  34.398478     7.9464    4.34793     43.779    33.0874    25.7804 0.0000e+00
 295.511950     43.693  34.398937     7.9496    4.38584     43.324    33.0851    25.7781 0.0000e+00
 295.511956     43.238  34.394411     7.9555    4.42509     42.873    33.0748    25.7692 0.0000e+00
 295.511962     42.780  34.388393     7.9659    4.46186     42.419    33.0588    25.7551 0.0000e+00
 295.511968     42.320  34.381271     7.9785    4.50016     41.962    33.0395    25.7381 0.0000e+00
 295.511973     41.863  34.377565     7.9909    4.51857     41.509    33.0241    25.7242 0.0000e+00
 295.511979     41.409  34.380746     8.0043    4.54755     41.059    33.0150    25.7151 0.0000e+00
 295.511985     40.951  34.386649     8.0208    4.55507     40.605    33.0060    25.7056 0.0000e+00
 295.511991     40.482  34.394743     8.0416    4.56402     40.140    32.9952    25.6941 0.0000e+00
 295.511997     40.001  34.404611     8.0618    4.57988     39.663    32.9869    25.6846 0.0000e+00
 295.512002     39.513  34.412038     8.0771    4.59216     39.179    32.9806    25.6774 0.0000e+00
 295.512008     39.024  34.416842     8.0880    4.58892     38.695    32.9757    25.6720 0.0000e+00
 295.512014     38.543  34.421513     8.0984    4.59289     38.218    32.9711    25.6668 0.0000e+00
 295.512020     38.065  34.427798     8.1144    4.57747     37.744    32.9630    25.6581 0.0000e+00
 295.512025     37.584  34.437913     8.1340    4.56979     37.267    32.9555    25.6494 0.0000e+00
 295.512031     37.109  34.450773     8.1503    4.57126     36.796    32.9541    25.6458 0.0000e+00
 295.512037     36.643  34.462792     8.1617    4.55676     36.334    32.9563    25.6459 0.0000e+00
 295.512043     36.180  34.472624     8.1734    4.54567     35.875    32.9560    25.6439 0.0000e+00
 295.512049     35.710  34.483291     8.1922    4.50891     35.409    32.9499    25.6364 0.0000e+00
 295.512054     35.234  34.500051     8.2187    4.47451     34.937    32.9430    25.6270 0.0000e+00
 295.512060     34.755  34.524513     8.2471    4.42315     34.462    32.9425    25.6224 0.0000e+00
 295.512066     34.274  34.551181     8.2731    4.37100     33.985    32.9466    25.6218 0.0000e+00
 295.512072     33.790  34.574137     8.2956    4.31152     33.505    32.9500    25.6211 0.0000e+00
 295.512078     33.306  34.592604     8.3150    4.27389     33.025    32.9516    25.6195 0.0000e+00
 295.512083     32.821  34.608790     8.3310    4.26105     32.544    32.9540    25.6189 0.0000e+00
 295.512089     32.335  34.621857     8.3449    4.27024     32.063    32.9550    25.6176 0.0000e+00
 295.512095     31.851  34.630736     8.3684    4.28575     31.583    32.9426    25.6044 0.0000e+00
 295.512101     31.364  34.647832     8.4182    4.31808     31.100    32.9143    25.5748 0.0000e+00
 295.512106     30.860  34.689213     8.5033    4.32753     30.600    32.8787    25.5341 0.0000e+00
 295.512112     30.338  34.757364     8.6263    4.30040     30.083    32.8361    25.4820 0.0000e+00
 295.512118     29.806  34.847863     8.7887    4.22630     29.555    32.7805    25.4137 0.0000e+00
 295.512124     29.269  34.961425     8.9855    4.13605     29.023    32.7175    25.3339 0.0000e+00
 295.512130     28.733  35.101493     9.1793    4.03011     28.491    32.6850    25.2781 0.0000e+00
 295.512135     28.209  35.241258     9.3062    3.92695     27.972    32.7134    25.2802 0.0000e+00
 295.512141     27.713  35.327163     9.3455    3.87187     27.480    32.7662    25.3152 0.0000e+00
 295.512147     27.250  35.344844     9.3347    3.83160     27.021    32.7945    25.3391 0.0000e+00
 295.512153     26.821  35.328553     9.3067    3.88329     26.595    32.8036    25.3507 0.0000e+00
 295.512159     26.421  35.308149     9.2800    4.01263     26.199    32.8072    25.3577 0.0000e+00
 295.512164     26.036  35.292867     9.2900    4.20497     25.817    32.7824    25.3368 0.0000e+00
 295.512170     25.647  35.306052     9.3881    4.43266     25.431    32.7064    25.2616 0.0000e+00
 295.512176     25.234  35.382097     9.6354    4.70502     25.022    32.5594    25.1070 0.0000e+00
 295.512182     24.787  35.548948    10.0823    4.92920     24.579    32.3271    24.8522 0.0000e+00
 295.512187     24.304  35.848551    10.6852    5.14216     24.100    32.0936    24.5683 0.0000e+00
 295.512193     23.783  36.252048    11.3262    5.32403     23.583    31.9333    24.3312 0.0000e+00
 295.512199     23.231  36.665586    11.9237    5.44531     23.036    31.8219    24.1365 0.0000e+00
 295.512205     22.659  37.065884    12.4097    5.56080     22.469    31.7930    24.0234 0.0000e+00
 295.512211     22.086  37.418689    12.7111    5.64706     21.900    31.8737    24.0285 0.0000e+00
 295.512216     21.528  37.630305    12.7956    5.72735     21.347    32.0029    24.1123 0.0000e+00
 295.512222     20.993  37.649259    12.6856    5.74767     20.817    32.1145    24.2199 0.0000e+00
 295.512228     20.487  37.518826    12.5119    5.73533     20.315    32.1388    24.2720 0.0000e+00
 295.512234     20.015  37.389856    12.4501    5.74656     19.847    32.0688    24.2294 0.0000e+00
 295.512240     19.567  37.387618    12.5233    5.76650     19.403    32.0045    24.1657 0.0000e+00
 295.512245     19.136  37.481601    12.6377    5.82471     18.975    31.9968    24.1378 0.0000e+00
 295.512251     18.717  37.589587    12.7350    5.87396     18.560    32.0168    24.1347 0.0000e+00
 295.512257     18.291  37.673299    12.8127    5.92381     18.138    32.0303    24.1302 0.0000e+00
 295.512263     17.835  37.732203    12.8829    5.96131     17.685    32.0267    24.1137 0.0000e+00
 295.512269     17.330  37.784838    12.9513    5.98742     17.185    32.0187    24.0942 0.0000e+00
 295.512274     16.755  37.841380    13.0188    5.98684     16.614    32.0152    24.0783 0.0000e+00
 295.512280     16.109  37.899264    13.0685    5.98632     15.974    32.0279    24.0785 0.0000e+00
 295.512286     15.410  37.939207    13.0908    5.98104     15.281    32.0470    24.0888 0.0000e+00
 295.512292     14.708  37.953904    13.0974    5.99390     14.585    32.0555    24.0941 0.0000e+00
 295.512297     14.062  37.956799    13.0986    5.99771     13.944    32.0574    24.0953 0.0000e+00
 295.512303     13.473  37.956810    13.0982    6.00022     13.360    32.0580    24.0958 0.0000e+00
 295.512309     12.908  37.957320    13.0981    5.98276     12.800    32.0588    24.0965 0.0000e+00
 295.512315     12.356  37.959569    13.0992    5.95708     12.253    32.0602    24.0973 0.0000e+00
 295.512321     11.835  37.963192    13.1005    5.94502     11.736    32.0627    24.0990 0.0000e+00
 295.512326     11.358  37.965734    13.1014    5.94285     11.263    32.0645    24.1002 0.0000e+00
 295.512332     10.917  37.967221    13.1022    5.95208     10.826    32.0654    24.1007 0.0000e+00
 295.512338     10.486  37.969077    13.1019    5.95242     10.398    32.0676    24.1025 0.0000e+00
 295.512344     10.040  37.969291    13.1005    5.95165      9.956    32.0692    24.1039 0.0000e+00
 295.512350      9.559  37.968148    13.1004    5.93594      9.479    32.0684    24.1033 0.0000e+00
 295.512355      9.041  37.969171    13.1020    5.94849      8.965    32.0682    24.1028 0.0000e+00
 295.512361      8.505  37.971485    13.1027    5.93114      8.434    32.0700    24.1041 0.0000e+00
 295.512367      7.973  37.971446    13.1011    5.94786      7.906    32.0715    24.1056 0.0000e+00
 295.512373      7.454  37.967886    13.0978    5.94221      7.392    32.0712    24.1059 0.0000e+00
 295.512378      6.950  37.961670    13.0938    5.94361      6.892    32.0689    24.1049 0.0000e+00
 295.512384      6.461  37.954049    13.0899    5.94683      6.407    32.0652    24.1029 0.0000e+00
 295.512390      5.988  37.946080    13.0863    5.94848      5.938    32.0610    24.1003 0.0000e+00
 295.512396      5.526  37.937798    13.0826    5.92702      5.480    32.0565    24.0975 0.0000e+00
 295.512402      5.076  37.927698    13.0786    5.85712      5.034    32.0505    24.0937 0.0000e+00
 295.512407      4.643  37.914653    13.0743    5.72478      4.604    32.0421    24.0880 0.0000e+00
 295.512413      4.230  37.902027    13.0704    5.70470      4.195    32.0337    24.0822 0.0000e+00
 295.512419      3.831  37.892618    13.0676    5.71553      3.799    32.0273    24.0778 0.0000e+00
 295.512425      3.443  37.883979    13.0655    5.68900      3.414    32.0211    24.0734 0.0000e+00
 295.512431      3.068  37.875809    13.0638    5.66041      3.042    32.0150    24.0690 0.0000e+00
 295.512436      2.702  37.871800    13.0636 -9.990e-29      2.679    32.0116    24.0664 0.0000e+00
 295.512442      2.348  37.872218    13.0639 -9.990e-29      2.328    32.0118    24.0665 0.0000e+00
 295.512448      2.022  37.870892    13.0589 -9.990e-29      2.005    32.0149    24.0699 0.0000e+00
 295.512454      1.742  37.862128    13.0447 -9.990e-29      1.727    32.0188    24.0757 0.0000e+00
 295.512459      1.524  37.848829    13.0259 -9.990e-29      1.511    32.0223    24.0820 0.0000e+00
 295.512465      1.372  37.836262    13.0067 -9.990e-29      1.361    32.0267    24.0892 -9.990e-29
 295.512471      1.267  37.821692    12.9853 -9.990e-29      1.256    32.0311    24.0968 -9.990e-29
 295.512477      1.194  37.803076    12.9637 -9.990e-29      1.184    32.0319    24.1016 -9.990e-29
 295.512483      1.149  37.786440    12.9538 -9.990e-29      1.139    32.0246    24.0979 -9.990e-29
 295.512488      1.133  37.775963 -9.990e-29 -9.990e-29      1.124 -9.990e-29 -9.990e-29 -9.990e-29
