data/oxygen options/ONMS/Olympic_Coast_National_Marine_Sanctuary_Hypoxia_Survey_CTD_Data_2004_2015/raw_data/2004/CTD_TH90_072704faed.cnv
* Sea-Bird SBE19 Data File:
* FileName = C:\WINDOWS\Desktop\put hypoxia files here\CTD files\July 26_27-04\TH\TH9_072704.hex
* Software Version 1.1.4
* Temperature SN = 2997
* Conductivity SN = 2997
* System UpLoad Time = Jul 27 2004 12:04:34
* SEACAT PROFILER V3.1c SN 2997   07/27/04  12:04:15.059
* strain gauge pressure sensor: S/N = 184829,  range = 3000 psia,  tc = 40
# nquan = 9                                 
# nvalues = 832                         
# units = specified
# name 0 = timeJ: Julian Days
# name 1 = prSM: Pressure, Strain Gauge [db]
# name 2 = c0mS/cm: Conductivity [mS/cm]
# name 3 = t090C: Temperature [ITS-90, deg C]
# name 4 = oxML/L: Oxygen, Beckman/YSI [ml/l]
# name 5 = depSM: Depth [salt water, m], lat = 47.5
# name 6 = sal00: Salinity, Practical [PSU]
# name 7 = sigma-é00: Density [sigma-theta, kg/m^3]
# name 8 = flag: flag
# span 0 = 209.451389, 209.456198       
# span 1 =     -5.678,     91.387       
# span 2 =   0.326455,  39.501096       
# span 3 =     7.1257,    14.5877       
# span 4 =   -0.05419,   30.45769       
# span 5 =     -5.631,     90.604       
# span 6 =     0.1987,    33.8087       
# span 7 =    -0.6378,    26.4642       
# span 8 = 0.0000e+00, 0.0000e+00       
# interval = seconds: 0.5
# start_time = Jul 27 2004 10:50:00 [Instrument's time stamp, header]
# bad_flag = -9.990e-29
*END*
[from data line 641]
 209.455098     89.285  34.350735     7.1286    2.38154     88.521    33.8018    26.4584 0.0000e+00
 209.455104     88.921  34.350209     7.1280    2.37701     88.160    33.8020    26.4586 0.0000e+00
 209.455110     88.545  34.350056     7.1278    2.36499     87.787    33.8022    26.4588 0.0000e+00
 209.455116     88.149  34.350087     7.1278    2.37587     87.395    33.8024    26.4590 0.0000e+00
 209.455122     87.738  34.349796     7.1276    2.37310     86.987    33.8025    26.4591 0.0000e+00
 209.455127     87.317  34.349374     7.1274    2.38462     86.570    33.8024    26.4590 0.0000e+00
 209.455133     86.879  34.348834     7.1277    2.39244     86.136    33.8018    26.4585 0.0000e+00
 209.455139     86.419  34.348030     7.1284    2.38123     85.680    33.8004    26.4573 0.0000e+00
 209.455145     85.938  34.347027     7.1295    2.38152     85.203    33.7985    26.4556 0.0000e+00
 209.455150     85.442  34.345624     7.1313    2.38580     84.711    33.7954    26.4530 0.0000e+00
 209.455156     84.945  34.343649     7.1343    2.38994     84.219    33.7906    26.4487 0.0000e+00
 209.455162     84.456  34.341290     7.1375    2.40263     83.734    33.7851    26.4440 0.0000e+00
 209.455168     83.987  34.339341     7.1393    2.41174     83.269    33.7814    26.4408 0.0000e+00
 209.455174     83.544  34.338583     7.1391    2.41852     82.830    33.7810    26.4405 0.0000e+00
 209.455179     83.123  34.339144     7.1380    2.41866     82.413    33.7829    26.4421 0.0000e+00
 209.455185     82.715  34.340105     7.1383    2.42106     82.008    33.7839    26.4429 0.0000e+00
 209.455191     82.303  34.339961     7.1410    2.43398     81.600    33.7813    26.4404 0.0000e+00
 209.455197     81.877  34.337973     7.1460    2.44238     81.178    33.7744    26.4343 0.0000e+00
 209.455203     81.432  34.333746     7.1522    2.45060     80.736    33.7639    26.4252 0.0000e+00
 209.455208     80.966  34.328388     7.1574    2.47145     80.275    33.7532    26.4161 0.0000e+00
 209.455214     80.487  34.324302     7.1607    2.48506     79.800    33.7458    26.4097 0.0000e+00
 209.455220     80.003  34.322222     7.1634    2.50091     79.320    33.7411    26.4057 0.0000e+00
 209.455226     79.513  34.320515     7.1675    2.51307     78.834    33.7355    26.4007 0.0000e+00
 209.455231     79.013  34.316919     7.1745    2.53652     78.339    33.7249    26.3914 0.0000e+00
 209.455237     78.500  34.310579     7.1848    2.57691     77.830    33.7082    26.3768 0.0000e+00
 209.455243     77.980  34.301467     7.1983    2.61031     77.315    33.6854    26.3570 0.0000e+00
 209.455249     77.463  34.289784     7.2126    2.63755     76.802    33.6589    26.3342 0.0000e+00
 209.455255     76.955  34.277911     7.2239    2.66336     76.299    33.6352    26.3139 0.0000e+00
 209.455260     76.458  34.269656     7.2311    2.68101     75.806    33.6195    26.3005 0.0000e+00
 209.455266     75.974  34.265245     7.2357    2.70075     75.326    33.6104    26.2928 0.0000e+00
 209.455272     75.503  34.262735     7.2378    2.71852     74.859    33.6059    26.2889 0.0000e+00
 209.455278     75.036  34.262163     7.2381    2.74338     74.396    33.6052    26.2883 0.0000e+00
 209.455284     74.560  34.262782     7.2393    2.75552     73.924    33.6049    26.2879 0.0000e+00
 209.455289     74.067  34.262628     7.2437    2.77356     73.436    33.6007    26.2840 0.0000e+00
 209.455295     73.556  34.260389     7.2511    2.77357     72.929    33.5913    26.2756 0.0000e+00
 209.455301     73.028  34.256460     7.2595    2.78650     72.406    33.5791    26.2648 0.0000e+00
 209.455307     72.488  34.252907     7.2666    2.80104     71.870    33.5686    26.2556 0.0000e+00
 209.455312     71.948  34.250054     7.2718    2.81319     71.335    33.5607    26.2486 0.0000e+00
 209.455318     71.423  34.247480     7.2752    2.82957     70.815    33.5549    26.2435 0.0000e+00
 209.455324     70.913  34.245694     7.2773    2.84872     70.309    33.5512    26.2403 0.0000e+00
 209.455330     70.414  34.244574     7.2790    2.84653     69.814    33.5485    26.2380 0.0000e+00
 209.455336     69.930  34.243763     7.2803    2.85657     69.335    33.5466    26.2363 0.0000e+00
 209.455341     69.456  34.243317     7.2807    2.85080     68.865    33.5460    26.2357 0.0000e+00
 209.455347     68.979  34.243217     7.2817    2.86923     68.392    33.5451    26.2349 0.0000e+00
 209.455353     68.486  34.242785     7.2843    2.87579     67.903    33.5424    26.2324 0.0000e+00
 209.455359     67.966  34.241458     7.2877    2.88921     67.388    33.5379    26.2284 0.0000e+00
 209.455365     67.421  34.239726     7.2920    2.90050     66.847    33.5321    26.2232 0.0000e+00
 209.455370     66.855  34.238099     7.2982    2.91946     66.286    33.5246    26.2164 0.0000e+00
 209.455376     66.266  34.236665     7.3069    2.94249     65.702    33.5149    26.2076 0.0000e+00
 209.455382     65.659  34.235211     7.3174    2.95758     65.101    33.5034    26.1971 0.0000e+00
 209.455388     65.052  34.233498     7.3282    2.96604     64.499    33.4914    26.1861 0.0000e+00
 209.455394     64.461  34.232064     7.3390    2.97712     63.913    33.4797    26.1754 0.0000e+00
 209.455399     63.892  34.231258     7.3503    2.98994     63.349    33.4681    26.1647 0.0000e+00
 209.455405     63.344  34.231142     7.3627    3.00339     62.806    33.4563    26.1537 0.0000e+00
 209.455411     62.815  34.232140     7.3765    3.00016     62.281    33.4443    26.1423 0.0000e+00
 209.455417     62.302  34.234481     7.3927    3.00816     61.773    33.4315    26.1299 0.0000e+00
 209.455422     61.798  34.238498     7.4122    2.99371     61.273    33.4172    26.1160 0.0000e+00
 209.455428     61.301  34.245080     7.4321    2.97739     60.780    33.4054    26.1039 0.0000e+00
 209.455434     60.813  34.252931     7.4440    2.98345     60.297    33.4027    26.1001 0.0000e+00
 209.455440     60.334  34.257961     7.4425    2.97448     59.822    33.4098    26.1059 0.0000e+00
 209.455446     59.854  34.257929     7.4383    2.97367     59.346    33.4141    26.1098 0.0000e+00
 209.455451     59.360  34.256734     7.4507    2.96756     58.856    33.4011    26.0979 0.0000e+00
 209.455457     58.843  34.260644     7.4801    2.96709     58.344    33.3772    26.0750 0.0000e+00
 209.455463     58.295  34.269280     7.5131    2.95949     57.800    33.3551    26.0529 0.0000e+00
 209.455469     57.715  34.276792     7.5437    2.96616     57.225    33.3341    26.0321 0.0000e+00
 209.455475     57.118  34.280885     7.5704    2.97445     56.633    33.3132    26.0119 0.0000e+00
 209.455480     56.518  34.284236     7.5909    2.99962     56.039    33.2975    25.9966 0.0000e+00
 209.455486     55.919  34.287971     7.6037    3.01566     55.445    33.2895    25.9885 0.0000e+00
 209.455492     55.330  34.290925     7.6102    3.02596     54.861    33.2868    25.9854 0.0000e+00
 209.455498     54.761  34.292572     7.6139    3.02596     54.297    33.2853    25.9837 0.0000e+00
 209.455503     54.215  34.293445     7.6181    3.02074     53.755    33.2824    25.9809 0.0000e+00
 209.455509     53.694  34.294162     7.6211    3.01647     53.239    33.2806    25.9790 0.0000e+00
 209.455515     53.205  34.294576     7.6179    3.00738     52.754    33.2843    25.9824 0.0000e+00
 209.455521     52.743  34.294132     7.6099    3.00760     52.296    33.2917    25.9893 0.0000e+00
 209.455527     52.290  34.292817     7.6051    3.00715     51.847    33.2951    25.9927 0.0000e+00
 209.455532     51.826  34.291696     7.6073    3.02424     51.387    33.2920    25.9899 0.0000e+00
 209.455538     51.336  34.291526     7.6181    3.05753     50.901    33.2817    25.9803 0.0000e+00
 209.455544     50.813  34.292095     7.6398    3.11684     50.383    33.2618    25.9616 0.0000e+00
 209.455550     50.259  34.292494     7.6708    3.14111     49.833    33.2329    25.9344 0.0000e+00
 209.455556     49.671  34.294954     7.7111    3.15815     49.251    33.1974    25.9007 0.0000e+00
 209.455561     49.057  34.307820     7.7700    3.12664     48.642    33.1554    25.8593 0.0000e+00
 209.455567     48.428  34.343783     7.8444    3.09503     48.018    33.1236    25.8236 0.0000e+00
 209.455573     47.801  34.402045     7.9148    3.01844     47.397    33.1194    25.8101 0.0000e+00
 209.455579     47.190  34.457723     7.9728    2.97755     46.791    33.1242    25.8055 0.0000e+00
 209.455584     46.600  34.493331     8.0138    2.95665     46.206    33.1237    25.7991 0.0000e+00
 209.455590     46.027  34.512083     8.0221    2.94172     45.638    33.1361    25.8076 0.0000e+00
 209.455596     45.470  34.512836     7.9938    2.97768     45.086    33.1640    25.8336 0.0000e+00
 209.455602     44.928  34.490997     7.9586    2.97821     44.548    33.1743    25.8468 0.0000e+00
 209.455608     44.399  34.465851     7.9504    3.00430     44.024    33.1554    25.8332 0.0000e+00
 209.455613     43.881  34.463291     7.9796    2.99248     43.510    33.1253    25.8053 0.0000e+00
 209.455619     43.363  34.485502     8.0464    2.98837     42.997    33.0860    25.7647 0.0000e+00
 209.455625     42.832  34.527339     8.1282    2.96080     42.470    33.0536    25.7272 0.0000e+00
 209.455631     42.280  34.573954     8.1927    2.94729     41.923    33.0426    25.7091 0.0000e+00
 209.455637     41.707  34.605100     8.2350    2.94189     41.355    33.0361    25.6977 0.0000e+00
 209.455642     41.124  34.619158     8.2609    2.93981     40.777    33.0269    25.6867 0.0000e+00
 209.455648     40.535  34.620868     8.2734    2.95745     40.193    33.0172    25.6772 0.0000e+00
 209.455654     39.943  34.615324     8.2770    2.95114     39.606    33.0083    25.6696 0.0000e+00
 209.455660     39.357  34.609715     8.2771    2.94233     39.025    33.0025    25.6651 0.0000e+00
 209.455666     38.782  34.606659     8.2801    2.91140     38.455    32.9967    25.6601 0.0000e+00
 209.455671     38.212  34.604886     8.2906    2.89126     37.890    32.9852    25.6495 0.0000e+00
 209.455677     37.636  34.602036     8.3071    2.85553     37.318    32.9670    25.6328 0.0000e+00
 209.455683     37.048  34.597674     8.3230    2.83642     36.736    32.9478    25.6153 0.0000e+00
 209.455689     36.448  34.594397     8.3350    2.80796     36.141    32.9333    25.6022 0.0000e+00
 209.455694     35.842  34.594010     8.3431    2.79260     35.540    32.9256    25.5949 0.0000e+00
 209.455700     35.235  34.594881     8.3472    2.78940     34.938    32.9230    25.5923 0.0000e+00
 209.455706     34.629  34.594812     8.3490    2.78229     34.337    32.9215    25.5908 0.0000e+00
 209.455712     34.033  34.594273     8.3516    2.78515     33.746    32.9188    25.5883 0.0000e+00
 209.455718     33.454  34.594792     8.3601    2.78378     33.172    32.9116    25.5814 0.0000e+00
 209.455723     32.883  34.597626     8.3811    2.79885     32.606    32.8953    25.5654 0.0000e+00
 209.455729     32.311  34.606556     8.4139    2.79989     32.039    32.8743    25.5441 0.0000e+00
 209.455735     31.731  34.623397     8.4481    2.81842     31.464    32.8604    25.5281 0.0000e+00
 209.455741     31.148  34.641459     8.4743    2.82354     30.886    32.8553    25.5201 0.0000e+00
 209.455747     30.574  34.652875     8.4911    2.83438     30.317    32.8520    25.5149 0.0000e+00
 209.455752     30.010  34.658302     8.5037    2.84411     29.757    32.8462    25.5085 0.0000e+00
 209.455758     29.449  34.662740     8.5177    2.85350     29.201    32.8381    25.5000 0.0000e+00
 209.455764     28.879  34.667626     8.5356    2.87684     28.636    32.8268    25.4885 0.0000e+00
 209.455770     28.293  34.672188     8.5548    2.87163     28.055    32.8140    25.4756 0.0000e+00
 209.455775     27.700  34.674665     8.5714    2.90349     27.467    32.8015    25.4632 0.0000e+00
 209.455781     27.105  34.673318     8.5839    2.90770     26.877    32.7887    25.4513 0.0000e+00
 209.455787     26.510  34.669723     8.5937    2.93187     26.287    32.7761    25.4399 0.0000e+00
 209.455793     25.920  34.665819     8.6077    2.96085     25.702    32.7593    25.4246 0.0000e+00
 209.455799     25.335  34.660328     8.6283    2.98359     25.122    32.7347    25.4022 0.0000e+00
 209.455804     24.753  34.652661     8.6465    3.01694     24.545    32.7101    25.3802 0.0000e+00
 209.455810     24.176  34.646056     8.6582    3.02537     23.973    32.6926    25.3647 0.0000e+00
 209.455816     23.604  34.642926     8.6668    3.05379     23.406    32.6817    25.3548 0.0000e+00
 209.455822     23.036  34.643027     8.6744    3.06034     22.842    32.6750    25.3484 0.0000e+00
 209.455828     22.470  34.644816     8.6790    3.08968     22.281    32.6729    25.3460 0.0000e+00
 209.455833     21.905  34.646198     8.6787    3.11070     21.721    32.6749    25.3476 0.0000e+00
 209.455839     21.343  34.646774     8.6808    3.11907     21.164    32.6738    25.3465 0.0000e+00
 209.455845     20.786  34.648439     8.7018    3.16059     20.611    32.6564    25.3296 0.0000e+00
 209.455851     20.231  34.654534     8.7470    3.19815     20.061    32.6213    25.2953 0.0000e+00
 209.455856     19.666  34.667579     8.8001    3.28191     19.501    32.5863    25.2597 0.0000e+00
 209.455862     19.091  34.684231     8.8439    3.37960     18.931    32.5637    25.2353 0.0000e+00
 209.455868     18.511  34.696429     8.8749    3.51029     18.356    32.5483    25.2184 0.0000e+00
 209.455874     17.932  34.699704     8.8966    3.62097     17.782    32.5320    25.2023 0.0000e+00
 209.455880     17.362  34.697874     8.9155    3.73198     17.216    32.5131    25.1846 0.0000e+00
 209.455885     16.801  34.701401     8.9539    3.86478     16.660    32.4818    25.1542 0.0000e+00
 209.455891     16.248  34.722841     9.0302    3.99025     16.112    32.4347    25.1055 0.0000e+00
 209.455897     15.704  34.770040     9.1072    4.12650     15.572    32.4137    25.0770 0.0000e+00
 209.455903     15.171  34.819598     9.1505    4.22247     15.044    32.4258    25.0797 0.0000e+00
 209.455909     14.654  34.844543     9.2062    4.26824     14.531    32.4012    25.0517 0.0000e+00
 209.455914     14.146  34.877592     9.3337    4.28762     14.027    32.3199    24.9680 0.0000e+00
 209.455920     13.637  34.966739     9.5244    4.29079     13.523    32.2397    24.8750 0.0000e+00
 209.455926     13.123  35.106380     9.7070    4.28971     13.013    32.2188    24.8291 0.0000e+00
 209.455932     12.608  35.239954     9.8265    4.31925     12.502    32.2479    24.8324 0.0000e+00
 209.455938     12.095  35.323009     9.8828    4.42728     11.994    32.2821    24.8499 0.0000e+00
 209.455943     11.592  35.359791     9.9002    4.53071     11.495    32.3041    24.8642 0.0000e+00
 209.455949     11.100  35.371328     9.9232    4.63468     11.007    32.2955    24.8536 0.0000e+00
 209.455955     10.619  35.389830    10.0217    4.68980     10.530    32.2264    24.7835 0.0000e+00
 209.455961     10.139  35.471368    10.2435    4.73785     10.054    32.1118    24.6572 0.0000e+00
 209.455966      9.655  35.657369    10.5523    4.83064      9.574    32.0260    24.5381 0.0000e+00
 209.455972      9.172  35.905947    10.8927    4.97377      9.095    31.9753    24.4400 0.0000e+00
 209.455978      8.691  36.162785    11.2420    5.24278      8.618    31.9249    24.3394 0.0000e+00
 209.455984      8.217  36.434484    11.5481    5.57515      8.148    31.9262    24.2856 0.0000e+00
 209.455990      7.755  36.695288    11.7630    5.86280      7.690    31.9948    24.2998 0.0000e+00
 209.455995      7.309  36.869566    11.9599    6.10893      7.248    31.9943    24.2632 0.0000e+00
 209.456001      6.881  37.016444    12.3121    6.34146      6.823    31.8348    24.0739 0.0000e+00
 209.456007      6.470  37.341321    12.8747    7.75995      6.416    31.6691    23.8383 0.0000e+00
 209.456013      6.074  37.893716    13.4712    7.70169      6.023    31.6895    23.7370 0.0000e+00
