data/oxygen options/ONMS/Olympic_Coast_National_Marine_Sanctuary_Hypoxia_Survey_CTD_Data_2004_2015/raw_data/2004/CTD_CE10_072604faed.cnv
* Sea-Bird SBE19 Data File:
* FileName = C:\WINDOWS\Desktop\put hypoxia files here\CTD files\july 24_25-04\CE\CE_072404.hex
* Software Version 1.1.4
* Temperature SN = 2997
* Conductivity SN = 2997
* System UpLoad Time = Jul 26 2004 14:24:55
**
**
# nquan = 9                                 
# nvalues = 814                         
# units = specified
# name 0 = timeJ: Julian Days
# name 1 = prSM: Pressure, Strain Gauge [db]
# name 2 = c0mS/cm: Conductivity [mS/cm]
# name 3 = t090C: Temperature [ITS-90, deg C]
# name 4 = oxML/L: Oxygen, Beckman/YSI [ml/l]
# name 5 = depSM: Depth [salt water, m], lat = 47.5
# name 6 = sal00: Salinity, Practical [PSU]
# name 7 = sigma-é00: Density [sigma-theta, kg/m^3]
# name 8 = flag: flag
# span 0 = 208.478461, 208.483166       
# span 1 =     -6.026,     10.490       
# span 2 =   0.017250,  36.461379       
# span 3 =     8.1346,    15.0625       
# span 4 =   -2.42336,   36.36362       
# span 5 =     -5.976,     10.402       
# span 6 =     0.0149,    33.5526       
# span 7 =    -0.8828,    25.8784       
# span 8 = 0.0000e+00, 0.0000e+00       
# interval = seconds: 0.5
# start_time = Jul 26 2004 11:28:59 [Instrument's time stamp, header]
# bad_flag = -9.990e-29
*END*
[from data line 641]
 208.482170      0.949  35.985676     9.8495    4.24056      0.941    32.9913    25.4088 -9.990e-29
 208.482176      0.953  35.988193     9.8543    4.22721      0.945    32.9895    25.4066 -9.990e-29
 208.482182      0.957  35.992940     9.8586    4.21456      0.949    32.9904    25.4066 -9.990e-29
 208.482188      0.965  35.997252     9.8591    4.22937      0.957    32.9943    25.4095 -9.990e-29
 208.482193      0.973  35.997326     9.8554    4.22890      0.965    32.9978    25.4129 -9.990e-29
 208.482199      0.977  35.993236     9.8504    4.23558      0.969    32.9982    25.4140 -9.990e-29
 208.482205      0.978  35.988475     9.8508    4.24145      0.970    32.9930    25.4099 -9.990e-29
 208.482211      0.975  35.987880     9.8625    4.22725      0.967    32.9817    25.3991 -9.990e-29
 208.482216      0.969  35.997358     9.8790    4.22994      0.961    32.9762    25.3921 -9.990e-29
 208.482222      0.960  36.012705     9.8880    4.21902      0.952    32.9836    25.3964 -9.990e-29
 208.482228      0.946  36.021287     9.8848    4.22208      0.938    32.9953    25.4060 -9.990e-29
 208.482234      0.930  36.018268     9.8746    4.21974      0.922    33.0016    25.4126 -9.990e-29
 208.482240      0.917  36.008568     9.8661    4.21196      0.909    32.9995    25.4124 -9.990e-29
 208.482245      0.910  36.001655     9.8638    4.21966      0.902    32.9946    25.4089 -9.990e-29
 208.482251      0.912  36.001738     9.8650    4.21128      0.904    32.9935    25.4079 -9.990e-29
 208.482257      0.915  36.004417     9.8645    4.21574      0.907    32.9967    25.4105 -9.990e-29
 208.482263      0.911  36.003709     9.8625    4.23300      0.903    32.9978    25.4117 -9.990e-29
 208.482269      0.904  36.000889     9.8636    4.22871      0.896    32.9940    25.4085 -9.990e-29
 208.482274      0.901  36.001703     9.8700    4.23138      0.893    32.9889    25.4035 -9.990e-29
 208.482280      0.908  36.007772     9.8786    4.22782      0.900    32.9872    25.4008 -9.990e-29
 208.482286      0.919  36.015390     9.8850    4.22337      0.911    32.9891    25.4012 -9.990e-29
 208.482292      0.932  36.020115     9.8883    4.22646      0.924    32.9909    25.4020 -9.990e-29
 208.482297      0.947  36.022057     9.8891    4.23423      0.939    32.9922    25.4029 -9.990e-29
 208.482303      0.962  36.022663     9.8884    4.23360      0.954    32.9934    25.4040 -9.990e-29
 208.482309      0.972  36.022155     9.8869    4.22912      0.964    32.9943    25.4049 -9.990e-29
 208.482315      0.978  36.020951     9.8845    4.23217      0.970    32.9952    25.4060 -9.990e-29
 208.482321      0.981  36.019103     9.8796    4.22327      0.973    32.9978    25.4089 -9.990e-29
 208.482326      0.982  36.015244     9.8733    4.22573      0.974    32.9997    25.4113 -9.990e-29
 208.482332      0.983  36.009810     9.8684    4.22638      0.975    32.9986    25.4113 -9.990e-29
 208.482338      0.990  36.005063     9.8657    4.20980      0.982    32.9963    25.4099 -9.990e-29
 208.482344      0.998  36.001934     9.8622    4.21661      0.990    32.9963    25.4105 -9.990e-29
 208.482350      1.005  35.999030     9.8512    4.22463      0.997    33.0034    25.4179 -9.990e-29
 208.482355      1.010  35.989650     9.8285    4.21608      1.002    33.0146    25.4304 -9.990e-29
 208.482361      1.014  35.967990     9.8038    4.23345      1.006    33.0152    25.4349 -9.990e-29
 208.482367      1.016  35.943829     9.7930    4.23854      1.008    33.0004    25.4252 -9.990e-29
 208.482373      1.018  35.934815     9.7966    4.23105      1.010    32.9879    25.4148 -9.990e-29
 208.482378      1.019  35.940675     9.8034    4.23899      1.010    32.9876    25.4135 -9.990e-29
 208.482384      1.020  35.947891     9.8080    4.24147      1.011    32.9908    25.4152 -9.990e-29
 208.482390      1.020  35.952046     9.8119    4.23561      1.011    32.9915    25.4151 -9.990e-29
 208.482396      1.019  35.955857     9.8166    4.25654      1.010    32.9910    25.4140 -9.990e-29
 208.482402      1.017  35.960456     9.8209    4.24619      1.009    32.9918    25.4139 -9.990e-29
 208.482407      1.019  35.964662     9.8240    4.23721      1.010    32.9932    25.4145 -9.990e-29
 208.482413      1.029  35.967332     9.8273    4.24598      1.020    32.9929    25.4137 -9.990e-29
 208.482419      1.043  35.969762     9.8337    4.23812      1.034    32.9895    25.4100 -9.990e-29
 208.482425      1.058  35.975729     9.8430    4.24145      1.049    32.9871    25.4066 -9.990e-29
 208.482431      1.075  35.985873     9.8486    4.24049      1.066    32.9923    25.4097 -9.990e-29
 208.482436      1.095  35.992395     9.8456    4.23431      1.086    33.0017    25.4175 -9.990e-29
 208.482442      1.119  35.988832     9.8323    4.25861      1.110    33.0102    25.4264 -9.990e-29
 208.482448      1.148  35.976016     9.8060    4.27444      1.138    33.0213    25.4393 -9.990e-29
 208.482454      1.185  35.950289     9.7813    4.27300      1.175    33.0176    25.4406 -9.990e-29
 208.482459      1.231  35.924972     9.7833    4.27547      1.221    32.9899    25.4186 -9.990e-29
 208.482465      1.287  35.929070     9.8022    4.26443      1.276    32.9768    25.4052 -9.990e-29
 208.482471      1.350  35.951756     9.8059    4.26481      1.339    32.9965    25.4200 -9.990e-29
 208.482477      1.429  35.959347     9.7724    4.27713      1.417    33.0350    25.4556 -9.990e-29
 208.482483      1.533  35.929991     9.7064    4.26337      1.520    33.0656    25.4903 -9.990e-29
 208.482488      1.669  35.867692     9.6350    4.24630      1.655    33.0674    25.5035 0.0000e+00
 208.482494      1.841  35.804279     9.5708    4.23058      1.826    33.0614    25.5093 0.0000e+00
 208.482500      2.052  35.752150     9.5050    4.18375      2.035    33.0685    25.5254 0.0000e+00
 208.482506      2.311  35.700065     9.4249    4.15164      2.292    33.0888    25.5542 0.0000e+00
 208.482512      2.629  35.638527     9.3192    4.07401      2.607    33.1230    25.5980 0.0000e+00
 208.482517      3.011  35.556085     9.1927    3.99599      2.986    33.1550    25.6432 0.0000e+00
 208.482523      3.450  35.452654     9.0778    3.93457      3.421    33.1544    25.6609 0.0000e+00
 208.482529      3.945  35.356770     9.0086    3.84728      3.912    33.1189    25.6440 0.0000e+00
 208.482535      4.496  35.300299     8.9901    3.78313      4.458    33.0771    25.6142 0.0000e+00
 208.482541      5.095  35.290300     9.0004    3.71314      5.052    33.0568    25.5967 0.0000e+00
 208.482546      5.727  35.303312     9.0042    3.65212      5.679    33.0665    25.6038 0.0000e+00
 208.482552      6.365  35.309571     8.9646    3.62711      6.312    33.1096    25.6437 0.0000e+00
 208.482558      6.982  35.292173     8.8764    3.57989      6.924    33.1736    25.7075 0.0000e+00
 208.482564      7.559  35.243032     8.7675    3.51037      7.496    33.2239    25.7638 0.0000e+00
 208.482569      8.087  35.164421     8.6558    3.44849      8.019    33.2461    25.7984 0.0000e+00
 208.482575      8.563  35.070875     8.5614    3.36339      8.491    33.2364    25.8052 0.0000e+00
 208.482581      8.978  35.000173     8.4836    3.29296      8.903    33.2350    25.8160 0.0000e+00
 208.482587      9.332  34.951049     8.4006    3.21878      9.254    33.2613    25.8491 0.0000e+00
 208.482593      9.632  34.887671     8.3230    3.14622      9.551    33.2675    25.8656 0.0000e+00
 208.482598      9.879  34.824149     8.2585    3.08482      9.796    33.2611    25.8702 0.0000e+00
 208.482604     10.076  34.777201     8.2055    3.02879      9.992    33.2613    25.8784 0.0000e+00
 208.482610     10.231  34.743607     8.1752    2.98604     10.145    33.2543    25.8773 -9.990e-29
 208.482616     10.349  34.728985     8.1717    2.94139     10.262    33.2420    25.8682 -9.990e-29
 208.482622     10.430  34.731742     8.1808    2.90283     10.343    33.2363    25.8624 -9.990e-29
 208.482627     10.475  34.737589     8.1856    2.88580     10.387    33.2379    25.8629 -9.990e-29
 208.482633     10.490  34.736361     8.1826    2.86100     10.402    33.2395    25.8646 -9.990e-29
 208.482639     10.481  34.729764     8.1758    2.86158     10.393    33.2389    25.8652 -9.990e-29
 208.482645     10.443  34.722434     8.1712    2.85101     10.356    33.2355    25.8632 -9.990e-29
 208.482650     10.374  34.717463     8.1690    2.83345     10.287    33.2323    25.8610 -9.990e-29
 208.482656     10.273  34.715673     8.1649    2.82786     10.187    33.2343    25.8632 -9.990e-29
 208.482662     10.134  34.714666     8.1560    2.80302     10.049    33.2418    25.8703 0.0000e+00
 208.482668      9.961  34.709356     8.1452    2.78797      9.878    33.2464    25.8756 0.0000e+00
 208.482674      9.769  34.700506     8.1372    2.78364      9.687    33.2447    25.8754 0.0000e+00
 208.482679      9.566  34.693314     8.1346    2.78249      9.486    33.2396    25.8718 0.0000e+00
 208.482685      9.354  34.689401     8.1452    2.80621      9.276    33.2255    25.8592 0.0000e+00
 208.482691      9.122  34.694196     8.1747    2.83286      9.046    33.2028    25.8369 0.0000e+00
 208.482697      8.861  34.711291     8.2130    2.87477      8.787    33.1848    25.8172 0.0000e+00
 208.482703      8.571  34.732091     8.2455    2.91998      8.499    33.1763    25.8057 0.0000e+00
 208.482708      8.259  34.748466     8.2774    2.94359      8.190    33.1637    25.7910 0.0000e+00
 208.482714      7.931  34.765443     8.3330    2.96630      7.865    33.1294    25.7558 0.0000e+00
 208.482720      7.591  34.801181     8.4237    2.98919      7.528    33.0820    25.7050 0.0000e+00
 208.482726      7.240  34.865782     8.5174    3.04456      7.179    33.0623    25.6755 0.0000e+00
 208.482731      6.877  34.930484     8.5807    3.11117      6.819    33.0713    25.6729 0.0000e+00
 208.482737      6.509  34.967793     8.6256    3.15860      6.455    33.0686    25.6640 0.0000e+00
 208.482743      6.146  34.992162     8.6868    3.21498      6.095    33.0371    25.6299 0.0000e+00
 208.482749      5.796  35.034411     8.7770    3.28469      5.748    32.9974    25.5849 0.0000e+00
 208.482755      5.457  35.105474     8.8763    3.38935      5.411    32.9794    25.5555 0.0000e+00
 208.482760      5.129  35.184082     8.9782    3.46468      5.086    32.9668    25.5298 0.0000e+00
 208.482766      4.818  35.261275     9.0902    3.54482      4.778    32.9434    25.4939 0.0000e+00
 208.482772      4.525  35.350866     9.1848    3.62547      4.487    32.9490    25.4833 0.0000e+00
 208.482778      4.253  35.438354     9.2079    3.69484      4.217    33.0183    25.5339 0.0000e+00
 208.482784      4.010  35.469999     9.1542    3.75561      3.976    33.1011    25.6071 0.0000e+00
 208.482789      3.802  35.420748     9.1030    3.76339      3.770    33.0976    25.6125 0.0000e+00
 208.482795      3.629  35.362840     9.1144    3.77757      3.599    33.0270    25.5555 0.0000e+00
 208.482801      3.484  35.368155     9.1633    3.79771      3.455    32.9873    25.5167 0.0000e+00
 208.482807      3.358  35.409573     9.2161    3.82705      3.330    32.9814    25.5037 -9.990e-29
 208.482812      3.247  35.453755     9.2606    3.87726      3.220    32.9860    25.5002 -9.990e-29
 208.482818      3.153  35.491793     9.3022    3.91678      3.127    32.9869    25.4943 -9.990e-29
 208.482824      3.073  35.517238     9.3491    3.95856      3.047    32.9699    25.4735 -9.990e-29
 208.482830      3.004  35.542721     9.3920    3.99862      2.979    32.9567    25.4563 -9.990e-29
 208.482836      2.944  35.578119     9.4308    4.04321      2.919    32.9574    25.4506 -9.990e-29
 208.482841      2.899  35.617945     9.4611    4.08606      2.875    32.9705    25.4560 -9.990e-29
 208.482847      2.866  35.645794     9.4724    4.12730      2.842    32.9888    25.4685 -9.990e-29
 208.482853      2.837  35.654516     9.4733    4.15855      2.813    32.9969    25.4747 -9.990e-29
 208.482859      2.813  35.655748     9.4750    4.17617      2.790    32.9967    25.4742 -9.990e-29
 208.482865      2.786  35.658420     9.4796    4.19623      2.763    32.9952    25.4723 -9.990e-29
 208.482870      2.754  35.662730     9.4843    4.20208      2.731    32.9953    25.4716 -9.990e-29
 208.482876      2.726  35.667696     9.4879    4.19986      2.703    32.9971    25.4724 -9.990e-29
 208.482882      2.698  35.671535     9.4930    4.19981      2.675    32.9964    25.4710 -9.990e-29
 208.482888      2.660  35.676560     9.5002    4.19310      2.638    32.9949    25.4687 -9.990e-29
 208.482894      2.606  35.683866     9.5079    4.21833      2.584    32.9954    25.4678 -9.990e-29
 208.482899      2.537  35.690300     9.5170    4.23467      2.516    32.9936    25.4650 -9.990e-29
 208.482905      2.456  35.696597     9.5326    4.27054      2.435    32.9858    25.4563 -9.990e-29
 208.482911      2.367  35.707230     9.5641    4.27959      2.347    32.9678    25.4372 -9.990e-29
 208.482917      2.269  35.731330     9.6120    4.27746      2.250    32.9485    25.4143 -9.990e-29
 208.482922      2.160  35.772444     9.6610    4.25827      2.142    32.9457    25.4042 -9.990e-29
 208.482928      2.046  35.814757     9.6994    4.21588      2.029    32.9539    25.4042 -9.990e-29
 208.482934      1.928  35.846304     9.7283    4.22359      1.912    32.9597    25.4040 -9.990e-29
 208.482940      1.802  35.872156     9.7545    4.28374      1.787    32.9621    25.4017 0.0000e+00
 208.482946      1.670  35.898759     9.7781    4.44589      1.656    32.9678    25.4022 0.0000e+00
 208.482951      1.531  35.921784     9.7891    5.69992      1.518    32.9812    25.4109 0.0000e+00
 208.482957      1.390  35.928208     9.7849    6.22895      1.378    32.9917    25.4197 0.0000e+00
 208.482963      1.251  35.917070     9.7707    6.72650      1.241    32.9934    25.4234 0.0000e+00
 208.482969      1.112  35.895949     9.7481    7.08010      1.103    32.9926    25.4265 0.0000e+00
 208.482975      0.979  35.861911     9.7180    7.24887      0.971    32.9855    25.4259 -9.990e-29
 208.482980      0.860  35.802646     9.6842    7.26413      0.853    32.9559    25.4083 -9.990e-29
 208.482986      0.759  35.687906     9.6514    7.28935      0.753    32.8686    25.3455 -9.990e-29
 208.482992      0.672  35.411231     9.6222    7.32875      0.666    32.6121    25.1498 -9.990e-29
 208.482998      0.588  34.641276     9.5977    7.30425      0.583    31.8473    24.5565 -9.990e-29
 208.483003      0.505  32.387867     9.5807    7.30435      0.501    29.5733    22.7840 -9.990e-29
 208.483009      0.424  25.672242     9.5725    7.32290      0.420    22.8962    17.5811 -9.990e-29
 208.483015      0.342  15.400265     9.5700    7.33374      0.339    13.1106     9.9683 -9.990e-29
 208.483021      0.264   8.082147     9.5697    7.33701      0.262     6.5360     4.8517 -9.990e-29
 208.483027      0.193   5.154842     9.5703    7.32433      0.191     4.0378     2.9032 -9.990e-29
 208.483032      0.133   4.050021     9.5716    7.31891      0.132     3.1223     2.1879 -9.990e-29
 208.483038      0.085   3.873384     9.5734    7.31134      0.084     2.9775     2.0746 -9.990e-29
 208.483044      0.045   4.032457     9.5751    7.31127      0.045     3.1076     2.1761 -9.990e-29
 208.483050      0.011   4.009875     9.5765    7.30861      0.011     3.0890     2.1614 -9.990e-29
 208.483056     -0.020   3.834486     9.5778    7.29900     -0.020     2.9454     2.0490 -9.990e-29
 208.483061     -0.044   3.732274     9.5791    7.25522     -0.044     2.8619     1.9836 -9.990e-29
 208.483067     -0.060   3.547518     9.5804    7.24921     -0.059     2.7115     1.8659 -9.990e-29
 208.483073     -0.072   3.156730     9.5817    7.27544     -0.071     2.3956     1.6186 -9.990e-29
 208.483079     -0.086   2.718699     9.5831    7.29705     -0.085     2.0449     1.3439 -9.990e-29
 208.483084     -0.102   2.382484     9.5845    7.30634     -0.101     1.7784     1.1351 -9.990e-29
