data/oxygen options/ONMS/Olympic_Coast_National_Marine_Sanctuary_Hypoxia_Survey_CTD_Data_2004_2015/raw_data/2004/CTD_TH100_102104faedb.cnv
* Sea-Bird SBE19 Data File:
* FileName = C:\WINDOWS\Desktop\put hypoxia files here\CTD data\October 21-04\Th\raw\th100_102104.hex
* Software Version 1.1.4
* Temperature SN = 2997
* Conductivity SN = 2997
* System UpLoad Time = Oct 21 2004 12:36:21
* SEACAT PROFILER V3.1c SN 2997   10/21/04  12:41:36.067
* strain gauge pressure sensor: S/N = 184829,  range = 3000 psia,  tc = 40
# nquan = 9
# nvalues = 101                         
# units = specified
# name 0 = timeJ: Julian Days
# name 1 = prSM: Pressure, Strain Gauge [db]
# name 2 = c0mS/cm: Conductivity [mS/cm]
# name 3 = t090C: Temperature [ITS-90, deg C]
# name 4 = oxML/L: Oxygen, Beckman/YSI [ml/l]
# name 5 = depSM: Depth [salt water, m], lat = 47.5
# name 6 = sal00: Salinity, Practical [PSU]
# name 7 = sigma-é00: Density [sigma-theta, kg/m^3]
# name 8 = flag: flag
# span 0 = 295.509654, 295.510996       
# span 1 =      2.000,    102.000       
# span 2 =  34.409547,  38.020224       
# span 3 =     7.7771,    13.1174       
# span 4 =    2.60328,    6.04525       
# span 5 =      1.983,    101.124       
# span 6 =    32.0281,    33.5657       
# span 7 =    24.0778,    26.1809       
# span 8 = 0.0000e+00, 0.0000e+00       
# interval = decibars: 1                
# start_time = Oct 21 2004 12:10:06 [Instrument's time stamp, header]
# bad_flag = -9.990e-29
*END*
 295.509654      2.000  37.894958    13.0702    5.92753      1.983    32.0281    24.0778 0.0000e+00
 295.509675      3.000  37.922849    13.0835    5.91938      2.975    32.0426    24.0865 0.0000e+00
 295.509691      4.000  37.952140    13.0899    5.92030      3.967    32.0644    24.1021 0.0000e+00
 295.509707      5.000  37.965398    13.0918    5.92890      4.958    32.0748    24.1099 0.0000e+00
 295.509720      6.000  37.977549    13.0934    5.93012      5.950    32.0845    24.1171 0.0000e+00
 295.509733      7.000  37.981786    13.0954    5.92049      6.941    32.0864    24.1182 0.0000e+00
 295.509743      8.000  37.987767    13.0995    5.93581      7.933    32.0881    24.1188 0.0000e+00
 295.509754      9.000  37.996386    13.1039    5.93363      8.925    32.0922    24.1210 0.0000e+00
 295.509765     10.000  38.000340    13.1067    5.92678      9.916    32.0931    24.1212 0.0000e+00
 295.509775     11.000  38.004959    13.1103    5.92600     10.908    32.0940    24.1213 0.0000e+00
 295.509786     12.000  38.011428    13.1138    5.92384     11.899    32.0967    24.1227 0.0000e+00
 295.509796     13.000  38.016528    13.1160    5.90310     12.892    32.0993    24.1242 0.0000e+00
 295.509806     14.000  38.018897    13.1171    5.91483     13.883    32.1002    24.1248 0.0000e+00
 295.509818     15.000  38.020010    13.1174    5.96924     14.874    32.1006    24.1250 0.0000e+00
 295.509830     16.000  38.020224    13.1170    6.04525     15.866    32.1008    24.1253 0.0000e+00
 295.509844     17.000  38.019561    13.1123    5.99891     16.857    32.1037    24.1285 0.0000e+00
 295.509856     18.000  38.004934    13.0642    5.83579     17.849    32.1303    24.1585 0.0000e+00
 295.509868     19.000  37.906292    12.8368    5.68471     18.840    32.2302    24.2801 0.0000e+00
 295.509878     20.000  37.626705    12.4198    5.34993     19.832    32.3210    24.4306 0.0000e+00
 295.509888     21.000  37.274669    12.0247    5.05799     20.824    32.3238    24.5072 0.0000e+00
 295.509900     22.000  37.039765    11.4677    4.67447     21.815    32.5817    24.8097 0.0000e+00
 295.509912     23.000  36.560496    10.7778    4.37051     22.807    32.7204    25.0405 0.0000e+00
 295.509924     24.000  36.162973     9.9838    4.16367     23.798    33.0379    25.4237 0.0000e+00
 295.509935     25.000  35.634431     9.4579    3.99523     24.790    32.9807    25.4652 0.0000e+00
 295.509945     26.000  35.443041     9.1949    3.91212     25.781    33.0255    25.5419 0.0000e+00
 295.509955     27.000  35.245209     8.9157    3.91118     26.773    33.0787    25.6273 0.0000e+00
 295.509965     28.000  35.045136     8.6617    3.95681     27.764    33.1062    25.6882 0.0000e+00
 295.509976     29.000  34.873164     8.4836    4.01055     28.756    33.0917    25.7040 0.0000e+00
 295.509987     30.000  34.762290     8.3884    4.10485     29.748    33.0637    25.6964 0.0000e+00
 295.509999     31.000  34.698374     8.3335    4.18308     30.739    33.0472    25.6916 0.0000e+00
 295.510012     32.000  34.664586     8.3008    4.23334     31.730    33.0417    25.6923 0.0000e+00
 295.510022     33.000  34.631283     8.2614    4.29160     32.722    33.0430    25.6990 0.0000e+00
 295.510033     34.000  34.593668     8.2234    4.36207     33.714    33.0384    25.7012 0.0000e+00
 295.510043     35.000  34.559373     8.1849    4.41365     34.705    33.0378    25.7064 0.0000e+00
 295.510053     36.000  34.520238     8.1369    4.49658     35.696    33.0410    25.7160 0.0000e+00
 295.510064     37.000  34.482221     8.0972    4.56511     36.688    33.0375    25.7192 0.0000e+00
 295.510077     38.000  34.464951     8.0825    4.58910     37.679    33.0326    25.7174 0.0000e+00
 295.510091     39.000  34.458513     8.0730    4.58539     38.671    33.0342    25.7201 0.0000e+00
 295.510104     40.000  34.444384     8.0312    4.59687     39.662    33.0581    25.7450 0.0000e+00
 295.510117     41.000  34.420343     7.9908    4.61635     40.653    33.0702    25.7604 0.0000e+00
 295.510129     42.000  34.409547     7.9723    4.60598     41.645    33.0757    25.7674 0.0000e+00
 295.510141     43.000  34.413772     7.9569    4.54562     42.637    33.0943    25.7842 0.0000e+00
 295.510153     44.000  34.440737     7.9420    4.44818     43.628    33.1368    25.8197 0.0000e+00
 295.510166     45.000  34.481427     7.9288    4.35576     44.619    33.1923    25.8653 0.0000e+00
 295.510181     46.000  34.488635     7.9323    4.28906     45.611    33.1962    25.8679 0.0000e+00
 295.510198     47.000  34.478622     7.9231    4.24712     46.602    33.1938    25.8673 0.0000e+00
 295.510211     48.000  34.488442     7.8903    4.26290     47.594    33.2350    25.9045 0.0000e+00
 295.510223     49.000  34.508785     7.8780    4.28582     48.585    33.2680    25.9321 0.0000e+00
 295.510233     50.000  34.565355     7.9039    4.25706     49.577    33.3034    25.9562 0.0000e+00
 295.510244     51.000  34.633891     7.9369    4.21129     50.568    33.3448    25.9840 0.0000e+00
 295.510257     52.000  34.672739     7.9566    4.17158     51.560    33.3670    25.9986 0.0000e+00
 295.510271     53.000  34.687074     7.9666    4.14424     52.551    33.3723    26.0013 0.0000e+00
 295.510285     54.000  34.706792     7.9777    4.11106     53.542    33.3824    26.0076 0.0000e+00
 295.510298     55.000  34.731273     7.9912    4.07676     54.534    33.3951    26.0156 0.0000e+00
 295.510309     56.000  34.753892     7.9966    4.04231     55.525    33.4137    26.0295 0.0000e+00
 295.510320     57.000  34.762344     7.9926    4.00973     56.517    33.4261    26.0398 0.0000e+00
 295.510333     58.000  34.756682     7.9756    3.99991     57.508    33.4358    26.0499 0.0000e+00
 295.510345     59.000  34.741292     7.9614    4.00193     58.499    33.4325    26.0493 0.0000e+00
 295.510359     60.000  34.735887     7.9536    3.98838     59.490    33.4337    26.0515 0.0000e+00
 295.510370     61.000  34.731487     7.9434    3.98314     60.482    33.4383    26.0565 0.0000e+00
 295.510381     62.000  34.730364     7.9377    3.95096     61.473    33.4420    26.0603 0.0000e+00
 295.510393     63.000  34.728187     7.9218    3.87937     62.465    33.4544    26.0724 0.0000e+00
 295.510404     64.000  34.715337     7.8838    3.77604     63.456    33.4766    26.0954 0.0000e+00
 295.510416     65.000  34.705081     7.8560    3.62800     64.447    33.4918    26.1114 0.0000e+00
 295.510428     66.000  34.703877     7.8319    3.44306     65.439    33.5132    26.1317 0.0000e+00
 295.510441     67.000  34.706007     7.8198    3.29459     66.430    33.5266    26.1440 0.0000e+00
 295.510456     68.000  34.708948     7.8203    3.20042     67.421    33.5289    26.1457 0.0000e+00
 295.510473     69.000  34.708183     7.8208    3.14307     68.413    33.5271    26.1443 0.0000e+00
 295.510484     70.000  34.712331     7.8116    3.06753     69.404    33.5398    26.1556 0.0000e+00
 295.510496     71.000  34.716023     7.7988    2.97800     70.395    33.5557    26.1699 0.0000e+00
 295.510506     72.000  34.715442     7.7930    2.90676     71.386    33.5601    26.1743 0.0000e+00
 295.510518     73.000  34.714159     7.7883    2.84937     72.378    33.5628    26.1771 0.0000e+00
 295.510531     74.000  34.713897     7.7889    2.81778     73.369    33.5615    26.1760 0.0000e+00
 295.510547     75.000  34.714147     7.7901    2.80656     74.361    33.5601    26.1747 0.0000e+00
 295.510560     76.000  34.711620     7.7810    2.75593     75.352    33.5657    26.1805 0.0000e+00
 295.510573     77.000  34.708517     7.7771    2.73912     76.343    33.5656    26.1809 0.0000e+00
 295.510585     78.000  34.708737     7.7772    2.71796     77.335    33.5654    26.1808 0.0000e+00
 295.510597     79.000  34.709033     7.7771    2.70251     78.326    33.5653    26.1807 0.0000e+00
 295.510609     80.000  34.709712     7.7772    2.69167     79.317    33.5654    26.1808 0.0000e+00
 295.510622     81.000  34.710526     7.7781    2.68548     80.308    33.5649    26.1803 0.0000e+00
 295.510635     82.000  34.710600     7.7779    2.67766     81.299    33.5647    26.1802 0.0000e+00
 295.510646     83.000  34.710209     7.7775    2.68147     82.291    33.5642    26.1799 0.0000e+00
 295.510659     84.000  34.710699     7.7779    2.67532     83.282    33.5639    26.1796 0.0000e+00
 295.510673     85.000  34.711280     7.7786    2.66614     84.273    33.5634    26.1791 0.0000e+00
 295.510687     86.000  34.710879     7.7783    2.66404     85.264    33.5628    26.1787 0.0000e+00
 295.510699     87.000  34.710305     7.7775    2.65159     86.255    33.5624    26.1786 0.0000e+00
 295.510712     88.000  34.711398     7.7773    2.65327     87.247    33.5633    26.1793 0.0000e+00
 295.510724     89.000  34.712270     7.7775    2.64572     88.238    33.5636    26.1795 0.0000e+00
 295.510738     90.000  34.713151     7.7779    2.64495     89.229    33.5637    26.1796 0.0000e+00
 295.510752     91.000  34.713262     7.7782    2.65204     90.220    33.5631    26.1790 0.0000e+00
 295.510765     92.000  34.713306     7.7778    2.64738     91.212    33.5630    26.1790 0.0000e+00
 295.510779     93.000  34.713562     7.7779    2.63890     92.203    33.5627    26.1787 0.0000e+00
 295.510792     94.000  34.713904     7.7779    2.63778     93.194    33.5626    26.1787 0.0000e+00
 295.510805     95.000  34.714531     7.7779    2.63056     94.186    33.5628    26.1789 0.0000e+00
 295.510818     96.000  34.715011     7.7778    2.62877     95.177    33.5630    26.1790 0.0000e+00
 295.510833     97.000  34.715648     7.7781    2.62914     96.168    33.5628    26.1789 0.0000e+00
 295.510849     98.000  34.716097     7.7786    2.62237     97.159    33.5624    26.1785 0.0000e+00
 295.510863     99.000  34.715869     7.7786    2.62333     98.150    33.5616    26.1780 0.0000e+00
 295.510879    100.000  34.716635     7.7780    2.61388     99.142    33.5626    26.1788 0.0000e+00
 295.510896    101.000  34.717301     7.7776    2.61070    100.133    33.5632    26.1793 0.0000e+00
 295.510996    102.000  34.716271     7.7778    2.60328    101.124    33.5615    26.1779 0.0000e+00
