data/oxygen options/ONMS/Olympic_Coast_National_Marine_Sanctuary_Hypoxia_Survey_CTD_Data_2004_2015/raw_data/2004/CTD_CE50_061604faedb.cnv
* Sea-Bird SBE19 Data File:
* FileName = C:\WINDOWS\Desktop\put hypoxia files here\CTD files\CE\CE50m061604.hex
* Software Version 1.1.4
* Temperature SN = 2997
* Conductivity SN = 2997
* System UpLoad Time = Jun 16 2004 11:29:55
** Cape Elizabeth hypoxia June 16, 2004 50 m CE-5
* SEACAT PROFILER V3.1c SN 2997   06/16/04  11:34:02.892
# nquan = 9
# nvalues = 47                          
# units = specified
# name 0 = timeJ: Julian Days
# name 1 = prSM: Pressure, Strain Gauge [db]
# name 2 = c0mS/cm: Conductivity [mS/cm]
# name 3 = t090C: Temperature [ITS-90, deg C]
# name 4 = oxML/L: Oxygen, Beckman/YSI [ml/l]
# name 5 = depSM: Depth [salt water, m], lat = 47.5
# name 6 = sal00: Salinity, Practical [PSU]
# name 7 = sigma-é00: Density [sigma-theta, kg/m^3]
# name 8 = flag: flag
# span 0 = 168.417962, 168.418514       
# span 1 =      2.000,     48.000       
# span 2 =  34.460331,  36.832176       
# span 3 =     7.6708,    14.6493       
# span 4 =    3.01241,    5.86191       
# span 5 =      1.983,     47.594       
# span 6 =    28.8251,    33.4207       
# span 7 =    21.2898,    26.0799       
# span 8 = 0.0000e+00, 0.0000e+00       
# interval = decibars: 1                
# start_time = Jun 16 2004 09:57:56 [Instrument's time stamp, header]
# bad_flag = -9.990e-29
*END*
 168.417962      2.000  35.765800    14.6493    5.86191      1.983    28.8251    21.2898 0.0000e+00
 168.417991      3.000  35.847362    14.5193    5.73046      2.975    28.9948    21.4470 0.0000e+00
 168.418011      4.000  36.158731    14.2312    5.79323      3.967    29.4923    21.8888 0.0000e+00
 168.418027      5.000  36.280765    14.1213    5.74980      4.958    29.6869    22.0610 0.0000e+00
 168.418041      6.000  36.333169    14.0292    5.76723      5.950    29.8053    22.1708 0.0000e+00
 168.418055      7.000  36.409478    13.9208    5.76840      6.942    29.9587    22.3109 0.0000e+00
 168.418066      8.000  36.470118    13.8812    5.75118      7.933    30.0446    22.3851 0.0000e+00
 168.418079      9.000  36.495963    13.8211    5.71683      8.925    30.1150    22.4515 0.0000e+00
 168.418089     10.000  36.564079    13.7099    5.70575      9.916    30.2647    22.5891 0.0000e+00
 168.418101     11.000  36.625383    13.5923    5.76975     10.908    30.4138    22.7277 0.0000e+00
 168.418112     12.000  36.701847    13.4240    5.69455     11.899    30.6186    22.9190 0.0000e+00
 168.418123     13.000  36.802165    13.2661    5.32334     12.891    30.8388    23.1201 0.0000e+00
 168.418136     14.000  36.832176    12.9049    5.03264     13.883    31.1616    23.4398 0.0000e+00
 168.418146     15.000  36.764942    12.1604    4.87288     14.874    31.7187    24.0125 0.0000e+00
 168.418158     16.000  36.524267    11.6249    4.67777     15.866    31.9442    24.2859 0.0000e+00
 168.418168     17.000  36.318753    11.2730    4.42519     16.857    32.0476    24.4294 0.0000e+00
 168.418177     18.000  36.164377    10.9902    4.16176     17.849    32.1418    24.5527 0.0000e+00
 168.418187     19.000  36.016650    10.5840    4.01197     18.840    32.3529    24.7874 0.0000e+00
 168.418196     20.000  35.723746     9.9635    3.84542     19.832    32.6132    25.0948 0.0000e+00
 168.418206     21.000  35.374475     9.4004    3.71485     20.824    32.7675    25.3074 0.0000e+00
 168.418216     22.000  35.108624     8.9018    3.64731     21.815    32.9515    25.5300 0.0000e+00
 168.418225     23.000  34.889734     8.5161    3.57535     22.807    33.0816    25.6909 0.0000e+00
 168.418234     24.000  34.741605     8.2973    3.51776     23.799    33.1303    25.7621 0.0000e+00
 168.418244     25.000  34.674436     8.1825    3.48117     24.790    33.1669    25.8079 0.0000e+00
 168.418252     26.000  34.629023     8.0989    3.45690     25.781    33.1972    25.8441 0.0000e+00
 168.418261     27.000  34.597548     8.0519    3.43697     26.773    33.2079    25.8593 0.0000e+00
 168.418271     28.000  34.576360     8.0260    3.39953     27.764    33.2093    25.8643 0.0000e+00
 168.418279     29.000  34.564642     8.0057    3.37384     28.756    33.2157    25.8723 0.0000e+00
 168.418288     30.000  34.555164     7.9760    3.33305     29.747    33.2334    25.8904 0.0000e+00
 168.418297     31.000  34.544501     7.9225    3.30783     30.739    33.2724    25.9289 0.0000e+00
 168.418305     32.000  34.530806     7.8515    3.25924     31.730    33.3249    25.9805 0.0000e+00
 168.418314     33.000  34.514934     7.7857    3.22408     32.722    33.3703    26.0257 0.0000e+00
 168.418323     34.000  34.502081     7.7447    3.20126     33.713    33.3953    26.0512 0.0000e+00
 168.418332     35.000  34.494016     7.7171    3.16272     34.705    33.4127    26.0689 0.0000e+00
 168.418342     36.000  34.486055     7.7043    3.14028     35.697    33.4159    26.0732 0.0000e+00
 168.418352     37.000  34.482575     7.6993    3.12859     36.688    33.4164    26.0744 0.0000e+00
 168.418362     38.000  34.481443     7.6931    3.10508     37.679    33.4207    26.0786 0.0000e+00
 168.418375     39.000  34.480465     7.6919    3.09301     38.671    33.4204    26.0786 0.0000e+00
 168.418388     40.000  34.474288     7.6854    3.08328     39.662    33.4195    26.0788 0.0000e+00
 168.418403     41.000  34.471741     7.6815    3.07887     40.654    33.4200    26.0797 0.0000e+00
 168.418417     42.000  34.472055     7.6813    3.07690     41.645    33.4201    26.0799 0.0000e+00
 168.418434     43.000  34.464877     7.6764    3.05917     42.637    33.4166    26.0778 0.0000e+00
 168.418450     44.000  34.462281     7.6763    3.05337     43.628    33.4134    26.0754 0.0000e+00
 168.418465     45.000  34.460866     7.6746    3.03036     44.620    33.4130    26.0753 0.0000e+00
 168.418480     46.000  34.460331     7.6714    3.01654     45.611    33.4150    26.0774 0.0000e+00
 168.418496     47.000  34.460545     7.6708    3.01520     46.603    33.4153    26.0777 0.0000e+00
 168.418514     48.000  34.460866     7.6732    3.01241     47.594    33.4129    26.0755 0.0000e+00
