data/oxygen options/ONMS/Olympic_Coast_National_Marine_Sanctuary_Hypoxia_Survey_CTD_Data_2004_2015/raw_data/2004/CTD_TH60_072704faed.cnv
* Sea-Bird SBE19 Data File:
* FileName = C:\WINDOWS\Desktop\put hypoxia files here\CTD files\July 26_27-04\TH\TH6_072704.hex
* Software Version 1.1.4
* Temperature SN = 2997
* Conductivity SN = 2997
* System UpLoad Time = Jul 27 2004 11:59:01
* SEACAT PROFILER V3.1c SN 2997   07/27/04  11:58:26.602
* strain gauge pressure sensor: S/N = 184829,  range = 3000 psia,  tc = 40
# nquan = 9                                 
# nvalues = 783                         
# units = specified
# name 0 = timeJ: Julian Days
# name 1 = prSM: Pressure, Strain Gauge [db]
# name 2 = c0mS/cm: Conductivity [mS/cm]
# name 3 = t090C: Temperature [ITS-90, deg C]
# name 4 = oxML/L: Oxygen, Beckman/YSI [ml/l]
# name 5 = depSM: Depth [salt water, m], lat = 47.5
# name 6 = sal00: Salinity, Practical [PSU]
# name 7 = sigma-é00: Density [sigma-theta, kg/m^3]
# name 8 = flag: flag
# span 0 = 209.406343, 209.410868       
# span 1 =     -5.103,     60.763       
# span 2 =   0.839386,  39.458527       
# span 3 =     7.1941,    14.5818       
# span 4 =   -0.05528,   30.97138       
# span 5 =     -5.060,     60.247       
# span 6 =     0.5425,    33.7521       
# span 7 =    -0.2083,    26.4095       
# span 8 = 0.0000e+00, 0.0000e+00       
# interval = seconds: 0.5
# start_time = Jul 27 2004 09:45:08 [Instrument's time stamp, header]
# bad_flag = -9.990e-29
*END*
[from data line 481]
 209.409126      1.357  39.430606    14.5519    7.41564      1.346    32.2086    23.9162 -9.990e-29
 209.409132      1.360  39.431396    14.5525    7.40355      1.349    32.2088    23.9162 -9.990e-29
 209.409138      1.362  39.433433    14.5533    7.41006      1.351    32.2100    23.9170 -9.990e-29
 209.409144      1.360  39.436076    14.5540    7.40491      1.349    32.2119    23.9182 -9.990e-29
 209.409149      1.358  39.436499    14.5535    7.40643      1.347    32.2127    23.9189 -9.990e-29
 209.409155      1.354  39.434692    14.5514    7.40577      1.343    32.2128    23.9195 -9.990e-29
 209.409161      1.346  39.431921    14.5489    7.41169      1.335    32.2123    23.9196 -9.990e-29
 209.409167      1.336  39.428874    14.5471    7.41242      1.325    32.2110    23.9190 -9.990e-29
 209.409172      1.329  39.426241    14.5454    7.40945      1.318    32.2101    23.9186 -9.990e-29
 209.409178      1.323  39.424336    14.5440    7.40917      1.312    32.2095    23.9185 -9.990e-29
 209.409184      1.319  39.423324    14.5434    7.41720      1.308    32.2091    23.9183 -9.990e-29
 209.409190      1.316  39.422873    14.5434    7.42286      1.305    32.2087    23.9180 -9.990e-29
 209.409196      1.314  39.422841    14.5442    7.42377      1.303    32.2080    23.9173 -9.990e-29
 209.409201      1.314  39.423647    14.5453    7.41320      1.303    32.2078    23.9169 -9.990e-29
 209.409207      1.314  39.425140    14.5467    7.41441      1.303    32.2080    23.9168 -9.990e-29
 209.409213      1.314  39.426965    14.5483    7.42190      1.303    32.2083    23.9167 -9.990e-29
 209.409219      1.316  39.428646    14.5496    7.43471      1.305    32.2088    23.9168 -9.990e-29
 209.409225      1.319  39.429518    14.5506    7.43241      1.308    32.2087    23.9165 -9.990e-29
 209.409230      1.323  39.430079    14.5516    7.41681      1.312    32.2084    23.9161 -9.990e-29
 209.409236      1.329  39.430978    14.5522    7.40864      1.318    32.2087    23.9162 -9.990e-29
 209.409242      1.336  39.431626    14.5528    7.41039      1.325    32.2088    23.9161 -9.990e-29
 209.409248      1.346  39.432226    14.5541    7.42581      1.335    32.2083    23.9154 -9.990e-29
 209.409253      1.358  39.433475    14.5554    7.42921      1.347    32.2083    23.9152 -9.990e-29
 209.409259      1.375  39.434691    14.5560    7.42651      1.364    32.2089    23.9155 -9.990e-29
 209.409265      1.391  39.435151    14.5562    7.41482      1.379    32.2092    23.9157 -9.990e-29
 209.409271      1.401  39.435367    14.5566    7.41556      1.389    32.2090    23.9155 -9.990e-29
 209.409277      1.404  39.436085    14.5572    7.42581      1.392    32.2092    23.9155 -9.990e-29
 209.409282      1.410  39.437038    14.5577    7.43887      1.398    32.2096    23.9157 -9.990e-29
 209.409288      1.418  39.437710    14.5582    7.42661      1.406    32.2098    23.9158 -9.990e-29
 209.409294      1.422  39.438335    14.5588    7.40576      1.410    32.2099    23.9157 -9.990e-29
 209.409300      1.415  39.439084    14.5592    7.40453      1.403    32.2103    23.9159 -9.990e-29
 209.409306      1.404  39.439729    14.5597    7.42244      1.392    32.2104    23.9159 -9.990e-29
 209.409311      1.394  39.440468    14.5603    7.43582      1.382    32.2106    23.9159 -9.990e-29
 209.409317      1.390  39.441063    14.5608    7.42957      1.378    32.2107    23.9159 -9.990e-29
 209.409323      1.393  39.441084    14.5608    7.41103      1.381    32.2108    23.9159 -9.990e-29
 209.409329      1.401  39.441017    14.5605    7.39364      1.389    32.2109    23.9161 -9.990e-29
 209.409334      1.416  39.441234    14.5601    7.40109      1.404    32.2115    23.9166 -9.990e-29
 209.409340      1.437  39.441358    14.5590    7.42006      1.425    32.2125    23.9176 -9.990e-29
 209.409346      1.468  39.440893    14.5580    7.42835      1.456    32.2129    23.9182 -9.990e-29
 209.409352      1.505  39.440238    14.5583    7.41562      1.492    32.2120    23.9174 -9.990e-29
 209.409358      1.547  39.440102    14.5588    7.41480      1.534    32.2115    23.9169 -9.990e-29
 209.409363      1.596  39.440198    14.5569    7.40815      1.583    32.2131    23.9186 -9.990e-29
 209.409369      1.655  39.438310    14.5519    7.42258      1.641    32.2155    23.9215 -9.990e-29
 209.409375      1.727  39.433501    14.5458    7.43229      1.713    32.2162    23.9233 -9.990e-29
 209.409381      1.815  39.428235    14.5409    7.47687      1.800    32.2154    23.9237 -9.990e-29
 209.409387      1.917  39.424366    14.5382    7.50866      1.901    32.2141    23.9233 -9.990e-29
 209.409392      2.038  39.422244    14.5348    7.55600      2.021    32.2149    23.9247 -9.990e-29
 209.409398      2.180  39.419495    14.5253    7.57950      2.162    32.2203    23.9308 0.0000e+00
 209.409404      2.352  39.409548    14.5081    7.57328      2.332    32.2254    23.9384 0.0000e+00
 209.409410      2.557  39.393065    14.4864    7.53210      2.536    32.2284    23.9452 0.0000e+00
 209.409416      2.790  39.377707    14.4590    7.46048      2.767    32.2371    23.9577 0.0000e+00
 209.409421      3.054  39.361407    14.4097    7.40551      3.028    32.2631    23.9881 0.0000e+00
 209.409427      3.352  39.329618    14.3047    7.37957      3.324    32.3216    24.0551 0.0000e+00
 209.409433      3.683  39.251074    14.1265    7.36755      3.652    32.3988    24.1517 0.0000e+00
 209.409439      4.044  39.103427    13.8975    7.37524      4.010    32.4555    24.2426 0.0000e+00
 209.409444      4.443  38.911901    13.6575    7.40578      4.406    32.4810    24.3111 0.0000e+00
 209.409450      4.883  38.715572    13.4481    7.40043      4.842    32.4758    24.3493 0.0000e+00
 209.409456      5.363  38.543164    13.2891    7.35407      5.318    32.4497    24.3609 0.0000e+00
 209.409462      5.878  38.413207    13.1583    7.25980      5.829    32.4391    24.3787 0.0000e+00
 209.409468      6.427  38.309939    13.0023    7.16221      6.373    32.4751    24.4372 0.0000e+00
 209.409473      7.010  38.188118    12.7819    7.00447      6.951    32.5491    24.5375 0.0000e+00
 209.409479      7.626  38.011428    12.5235    6.82326      7.562    32.6041    24.6300 0.0000e+00
 209.409485      8.272  37.797740    12.2722    6.26042      8.203    32.6176    24.6883 0.0000e+00
 209.409491      8.945  37.588496    12.0112    5.98516      8.870    32.6435    24.7575 0.0000e+00
 209.409497      9.646  37.373826    11.7032    5.85121      9.565    32.7055    24.8626 0.0000e+00
 209.409502     10.372  37.116431    11.3870    5.77820     10.285    32.7330    24.9416 0.0000e+00
 209.409508     11.113  36.847116    11.1392    5.99337     11.020    32.6875    24.9508 0.0000e+00
 209.409514     11.862  36.641905    10.9811    6.66186     11.763    32.6249    24.9300 0.0000e+00
 209.409520     12.617  36.518681    10.8840    6.32759     12.511    32.5887    24.9190 0.0000e+00
 209.409525     13.381  36.444810    10.8121    5.99992     13.269    32.5790    24.9240 0.0000e+00
 209.409531     14.145  36.388979    10.7401    5.56919     14.026    32.5873    24.9430 0.0000e+00
 209.409537     14.904  36.332163    10.6407    5.16439     14.779    32.6190    24.9849 0.0000e+00
 209.409543     15.658  36.256267    10.4935    5.23504     15.527    32.6746    25.0536 0.0000e+00
 209.409549     16.408  36.146923    10.3205    4.81206     16.270    32.7200    25.1185 0.0000e+00
 209.409554     17.146  36.020866    10.1752    4.48515     17.002    32.7237    25.1459 0.0000e+00
 209.409560     17.866  35.920206    10.0832    4.40264     17.716    32.7047    25.1466 0.0000e+00
 209.409566     18.574  35.862016    10.0269    4.42005     18.418    32.6964    25.1495 0.0000e+00
 209.409572     19.269  35.828595     9.9732    4.58270     19.107    32.7108    25.1697 0.0000e+00
 209.409578     19.955  35.797145     9.9034    5.73539     19.788    32.7419    25.2055 0.0000e+00
 209.409583     20.631  35.755354     9.8300    5.47106     20.458    32.7657    25.2362 0.0000e+00
 209.409589     21.297  35.709085     9.7730    5.21092     21.118    32.7701    25.2490 0.0000e+00
 209.409595     21.954  35.671124     9.7365    4.82215     21.770    32.7643    25.2505 0.0000e+00
 209.409601     22.604  35.645703     9.7132    4.32418     22.414    32.7593    25.2504 0.0000e+00
 209.409606     23.251  35.627983     9.6816    4.49831     23.056    32.7697    25.2637 0.0000e+00
 209.409612     23.891  35.606014     9.6114    4.48797     23.690    32.8110    25.3074 0.0000e+00
 209.409618     24.524  35.564428     9.5054    4.43164     24.318    32.8651    25.3669 0.0000e+00
 209.409624     25.147  35.499831     9.4146    3.96953     24.936    32.8818    25.3945 0.0000e+00
 209.409630     25.760  35.442070     9.3600    3.75028     25.543    32.8722    25.3957 0.0000e+00
 209.409635     26.368  35.405417     9.3081    3.74229     26.146    32.8818    25.4116 0.0000e+00
 209.409641     26.977  35.365006     9.2517    3.80972     26.750    32.8918    25.4283 0.0000e+00
 209.409647     27.589  35.323493     9.2063    4.00101     27.357    32.8904    25.4345 0.0000e+00
 209.409653     28.206  35.294398     9.1732    3.99319     27.969    32.8905    25.4398 0.0000e+00
 209.409659     28.824  35.274714     9.1467    3.90042     28.581    32.8943    25.4470 0.0000e+00
 209.409664     29.443  35.260524     9.1190    3.84176     29.195    32.9049    25.4597 0.0000e+00
 209.409670     30.065  35.244585     9.0773    3.77909     29.812    32.9266    25.4832 0.0000e+00
 209.409676     30.690  35.219005     8.9840    3.73855     30.432    32.9862    25.5445 0.0000e+00
 209.409682     31.324  35.155188     8.8262    3.68112     31.060    33.0662    25.6316 0.0000e+00
 209.409687     31.965  35.041407     8.6616    3.62932     31.696    33.1005    25.6838 0.0000e+00
 209.409693     32.605  34.929398     8.5392    3.57669     32.330    33.0972    25.6999 0.0000e+00
 209.409699     33.243  34.855291     8.4596    3.53160     32.963    33.0935    25.7090 0.0000e+00
 209.409705     33.877  34.808748     8.4144    3.50714     33.592    33.0865    25.7104 0.0000e+00
 209.409711     34.508  34.781427     8.3910    3.49050     34.217    33.0794    25.7083 0.0000e+00
 209.409716     35.137  34.765955     8.3723    3.47220     34.841    33.0803    25.7119 0.0000e+00
 209.409722     35.763  34.752819     8.3504    3.46943     35.461    33.0867    25.7202 0.0000e+00
 209.409728     36.381  34.736743     8.3206    3.45191     36.074    33.0975    25.7331 0.0000e+00
 209.409734     36.989  34.713022     8.2801    3.46805     36.677    33.1102    25.7491 0.0000e+00
 209.409740     37.586  34.680769     8.2293    3.46628     37.269    33.1236    25.7672 0.0000e+00
 209.409745     38.176  34.643421     8.1668    3.48976     37.854    33.1427    25.7914 0.0000e+00
 209.409751     38.763  34.603790     8.1014    3.49353     38.436    33.1621    25.8163 0.0000e+00
 209.409757     39.349  34.566687     8.0482    3.49652     39.017    33.1727    25.8324 0.0000e+00
 209.409763     39.937  34.539170     8.0094    3.48729     39.600    33.1799    25.8437 0.0000e+00
 209.409769     40.526  34.522012     7.9776    3.46943     40.184    33.1914    25.8575 0.0000e+00
 209.409774     41.111  34.509619     7.9482    3.46162     40.764    33.2058    25.8731 0.0000e+00
 209.409780     41.690  34.497702     7.9216    3.45229     41.338    33.2181    25.8866 0.0000e+00
 209.409786     42.266  34.485976     7.8983    3.43910     41.909    33.2275    25.8973 0.0000e+00
 209.409792     42.837  34.475532     7.8785    3.41945     42.475    33.2348    25.9060 0.0000e+00
 209.409797     43.401  34.467487     7.8597    3.39872     43.034    33.2439    25.9158 0.0000e+00
 209.409803     43.963  34.460551     7.8363    3.36896     43.591    33.2585    25.9307 0.0000e+00
 209.409809     44.530  34.451550     7.8062    3.34913     44.154    33.2773    25.9498 0.0000e+00
 209.409815     45.102  34.440722     7.7726    3.33084     44.721    33.2974    25.9705 0.0000e+00
 209.409821     45.683  34.431478     7.7363    3.32209     45.297    33.3219    25.9949 0.0000e+00
 209.409826     46.270  34.424855     7.6908    3.29303     45.879    33.3581    26.0299 0.0000e+00
 209.409832     46.859  34.416410     7.6335    3.26299     46.463    33.4037    26.0739 0.0000e+00
 209.409838     47.442  34.402637     7.5706    3.22503     47.041    33.4491    26.1185 0.0000e+00
 209.409844     48.016  34.385272     7.5103    3.20188     47.610    33.4881    26.1578 0.0000e+00
 209.409850     48.573  34.367473     7.4593    3.16790     48.162    33.5179    26.1884 0.0000e+00
 209.409855     49.110  34.352413     7.4208    3.14087     48.694    33.5385    26.2100 0.0000e+00
 209.409861     49.636  34.341903     7.3930    3.11756     49.216    33.5538    26.2259 0.0000e+00
 209.409867     50.159  34.334304     7.3713    3.09175     49.734    33.5663    26.2388 0.0000e+00
 209.409873     50.681  34.327943     7.3518    3.07466     50.252    33.5781    26.2508 0.0000e+00
 209.409878     51.215  34.322798     7.3310    3.05739     50.781    33.5924    26.2650 0.0000e+00
 209.409884     51.764  34.319350     7.3064    3.03300     51.326    33.6123    26.2841 0.0000e+00
 209.409890     52.320  34.318659     7.2804    3.00669     51.877    33.6365    26.3068 0.0000e+00
 209.409896     52.877  34.322094     7.2579    2.97779     52.429    33.6619    26.3299 0.0000e+00
 209.409902     53.430  34.329238     7.2412    2.93848     52.977    33.6857    26.3510 0.0000e+00
 209.409907     53.977  34.336209     7.2308    2.90126     53.520    33.7032    26.3662 0.0000e+00
 209.409913     54.509  34.339454     7.2244    2.88136     54.047    33.7127    26.3746 0.0000e+00
 209.409919     55.026  34.339426     7.2195    2.86775     54.559    33.7172    26.3788 0.0000e+00
 209.409925     55.530  34.338380     7.2156    2.85733     55.059    33.7196    26.3812 0.0000e+00
 209.409931     56.025  34.337779     7.2125    2.84360     55.550    33.7218    26.3834 0.0000e+00
 209.409936     56.510  34.337994     7.2096    2.82122     56.031    33.7246    26.3860 0.0000e+00
 209.409942     56.984  34.338244     7.2063    2.83151     56.501    33.7278    26.3890 0.0000e+00
 209.409948     57.445  34.338354     7.2027    2.85897     56.958    33.7313    26.3922 0.0000e+00
 209.409954     57.894  34.339645     7.1992    2.86260     57.403    33.7359    26.3963 0.0000e+00
 209.409959     58.325  34.342768     7.1966    2.82752     57.830    33.7416    26.4012 0.0000e+00
 209.409965     58.730  34.346894     7.1958    2.80278     58.232    33.7467    26.4053 0.0000e+00
 209.409971     59.101  34.350850     7.1969    2.76133     58.599    33.7498    26.4076 0.0000e+00
 209.409977     59.432  34.353233     7.1976    2.76675     58.927    33.7515    26.4089 0.0000e+00
 209.409983     59.726  34.352790     7.1964    2.74923     59.219    33.7521    26.4095 0.0000e+00
 209.409988     59.990  34.350666     7.1945    2.74067     59.481    33.7515    26.4093 0.0000e+00
 209.409994     60.219  34.349128     7.1941    2.74155     59.708    33.7501    26.4082 0.0000e+00
 209.410000     60.406  34.348983     7.1951    2.70943     59.893    33.7488    26.4071 0.0000e+00
 209.410006     60.550  34.349530     7.1965    2.70538     60.036    33.7480    26.4063 -9.990e-29
 209.410012     60.656  34.349870     7.1983    2.69619     60.141    33.7466    26.4049 -9.990e-29
 209.410017     60.727  34.349952     7.2006    2.70205     60.211    33.7444    26.4029 -9.990e-29
 209.410023     60.762  34.349940     7.2028    2.69853     60.246    33.7422    26.4008 -9.990e-29
 209.410029     60.763  34.349874     7.2043    2.69702     60.247    33.7407    26.3994 -9.990e-29
 209.410035     60.732  34.349161     7.2047    2.68805     60.216    33.7395    26.3985 -9.990e-29
 209.410041     60.669  34.346904     7.2039    2.69392     60.154    33.7379    26.3973 -9.990e-29
