data/oxygen options/ONMS/Olympic_Coast_National_Marine_Sanctuary_Hypoxia_Survey_CTD_Data_2004_2015/raw_data/2004/CTD_CA45_090804faedb.cnv
* Sea-Bird SBE19 Data File:
* FileName = C:\WINDOWS\Desktop\put hypoxia files here\CTD data\September 07_0804\CA\raw\CA45_090804.hex
* Software Version 1.1.4
* Temperature SN = 2997
* Conductivity SN = 2997
* System UpLoad Time = Sep 08 2004 10:23:01
* SEACAT PROFILER V3.1c SN 2997   09/08/04  10:25:37.157
* strain gauge pressure sensor: S/N = 184829,  range = 3000 psia,  tc = 40
# nquan = 9
# nvalues = 43                          
# units = specified
# name 0 = timeJ: Julian Days
# name 1 = prSM: Pressure, Strain Gauge [db]
# name 2 = c0mS/cm: Conductivity [mS/cm]
# name 3 = t090C: Temperature [ITS-90, deg C]
# name 4 = oxML/L: Oxygen, Beckman/YSI [ml/l]
# name 5 = depSM: Depth [salt water, m], lat = 47.5
# name 6 = sal00: Salinity, Practical [PSU]
# name 7 = sigma-é00: Density [sigma-theta, kg/m^3]
# name 8 = flag: flag
# span 0 = 252.399810, 252.400452       
# span 1 =      2.000,     44.000       
# span 2 =  34.618193,  38.295021       
# span 3 =     7.5953,    13.1166       
# span 4 =  -10.91827,   15.74274       
# span 5 =      1.984,     43.628       
# span 6 =    32.3494,    33.6658       
# span 7 =    24.3174,    26.2848       
# span 8 = 0.0000e+00, 0.0000e+00       
# interval = decibars: 1                
# start_time = Sep 08 2004 09:31:28 [Instrument's time stamp, header]
# bad_flag = -9.990e-29
*END*
 252.399810      2.000  38.278333    13.1166    7.19890      1.984    32.3494    24.3174 0.0000e+00
 252.399832      3.000  38.292025    13.1166    7.21505      2.975    32.3619    24.3271 0.0000e+00
 252.399852      4.000  38.293164    13.1143    7.21967      3.967    32.3645    24.3296 0.0000e+00
 252.399870      5.000  38.295021    13.1074    7.26314      4.958    32.3717    24.3365 0.0000e+00
 252.399889      6.000  38.291688    13.0966    7.26159      5.950    32.3775    24.3431 0.0000e+00
 252.399906      7.000  38.264947    13.0464    7.39270      6.942    32.3947    24.3664 0.0000e+00
 252.399921      8.000  38.216427    12.9801    7.31728      7.933    32.4052    24.3875 0.0000e+00
 252.399937      9.000  38.133477    12.8144    6.88652      8.925    32.4686    24.4689 0.0000e+00
 252.399954     10.000  37.712940    12.0431    6.40344      9.916    32.7355    24.8225 0.0000e+00
 252.399970     11.000  37.033275    11.3653    5.77689     10.908    32.6700    24.8964 0.0000e+00
 252.399986     12.000  36.736945    10.9102    5.40556     11.899    32.7823    25.0650 0.0000e+00
 252.400001     13.000  36.262639    10.3960    5.11596     12.891    32.7697    25.1444 0.0000e+00
 252.400017     14.000  36.101028    10.2577    5.03949     13.883    32.7315    25.1380 0.0000e+00
 252.400033     15.000  35.931880    10.0192    5.68719     14.874    32.7758    25.2126 0.0000e+00
 252.400047     16.000  35.835164     9.9473    6.82562     15.866    32.7424    25.1985 0.0000e+00
 252.400062     17.000  35.795667     9.8690    9.09209     16.858    32.7730    25.2354 0.0000e+00
 252.400078     18.000  35.739211     9.8125   10.86723     17.849    32.7664    25.2396 0.0000e+00
 252.400094     19.000  35.725161     9.7699   11.66995     18.841    32.7904    25.2653 0.0000e+00
 252.400109     20.000  35.663422     9.6877   12.09606     19.832    32.8019    25.2878 0.0000e+00
 252.400124     21.000  35.634774     9.6686   12.65544     20.824    32.7896    25.2813 0.0000e+00
 252.400139     22.000  35.635311     9.6586   13.05529     21.815    32.7988    25.2901 0.0000e+00
 252.400152     23.000  35.612702     9.6177   13.76421     22.807    32.8125    25.3075 0.0000e+00
 252.400167     24.000  35.596661     9.5905   14.30004     23.798    32.8205    25.3183 0.0000e+00
 252.400182     25.000  35.571297     9.4814   14.44852     24.789    32.8941    25.3933 0.0000e+00
 252.400197     26.000  35.511539     9.3262   14.57968     25.782    32.9749    25.4815 0.0000e+00
 252.400211     27.000  35.447206     9.1461   14.68406     26.773    33.0746    25.5881 0.0000e+00
 252.400226     28.000  35.364126     9.0288   14.99477     27.765    33.0967    25.6240 0.0000e+00
 252.400243     29.000  35.262895     8.7026   15.08857     28.756    33.2960    25.8305 0.0000e+00
 252.400259     30.000  34.993900     8.2643   15.12010     29.747    33.4263    25.9992 0.0000e+00
 252.400275     31.000  34.857022     8.0802   15.02753     30.739    33.4557    26.0498 0.0000e+00
 252.400288     32.000  34.778749     7.9391   15.15784     31.731    33.5067    26.1105 0.0000e+00
 252.400300     33.000  34.719390     7.8634   15.57117     32.722    33.5152    26.1283 0.0000e+00
 252.400311     34.000  34.699583     7.8331   15.74274     33.714    33.5226    26.1385 0.0000e+00
 252.400321     35.000  34.686492     7.8128   15.32970     34.705    33.5276    26.1453 0.0000e+00
 252.400332     36.000  34.675974     7.7839   15.19456     35.696    33.5437    26.1621 0.0000e+00
 252.400342     37.000  34.663593     7.7214   15.46608     36.688    33.5901    26.2076 0.0000e+00
 252.400352     38.000  34.648565     7.6511   15.64740     37.680    33.6413    26.2580 0.0000e+00
 252.400363     39.000  34.634498     7.6102    3.41906     38.671    33.6653    26.2827 0.0000e+00
 252.400373     40.000  34.625255     7.5988  -10.91827     39.662    33.6658    26.2848 0.0000e+00
 252.400384     41.000  34.620637     7.5960   -2.98831     40.654    33.6631    26.2831 0.0000e+00
 252.400395     42.000  34.619699     7.5953    2.42060     41.645    33.6623    26.2825 0.0000e+00
 252.400408     43.000  34.618193     7.5956    3.00350     42.637    33.6598    26.2806 0.0000e+00
 252.400452     44.000  34.620822     7.6039    2.97354     43.628    33.6542    26.2750 0.0000e+00
