data/oxygen options/ONMS/Olympic_Coast_National_Marine_Sanctuary_Hypoxia_Survey_CTD_Data_2004_2015/raw_data/2004/CTD_TH50_072704faed.cnv
* Sea-Bird SBE19 Data File:
* FileName = C:\WINDOWS\Desktop\put hypoxia files here\CTD files\July 26_27-04\TH\TH5_072704.hex
* Software Version 1.1.4
* Temperature SN = 2997
* Conductivity SN = 2997
* System UpLoad Time = Jul 27 2004 11:56:47
* SEACAT PROFILER V3.1c SN 2997   07/27/04  11:56:31.604
* strain gauge pressure sensor: S/N = 184829,  range = 3000 psia,  tc = 40
# nquan = 9                                 
# nvalues = 785                         
# units = specified
# name 0 = timeJ: Julian Days
# name 1 = prSM: Pressure, Strain Gauge [db]
# name 2 = c0mS/cm: Conductivity [mS/cm]
# name 3 = t090C: Temperature [ITS-90, deg C]
# name 4 = oxML/L: Oxygen, Beckman/YSI [ml/l]
# name 5 = depSM: Depth [salt water, m], lat = 47.5
# name 6 = sal00: Salinity, Practical [PSU]
# name 7 = sigma-é00: Density [sigma-theta, kg/m^3]
# name 8 = flag: flag
# span 0 = 209.395926, 209.400463       
# span 1 =     -5.303,     50.949       
# span 2 =   0.546597,  37.732279       
# span 3 =     7.2487,    12.5554       
# span 4 =   -0.05678,   33.91627       
# span 5 =     -5.259,     50.518       
# span 6 =     0.3524,    33.6906       
# span 7 =    -0.2896,    26.3536       
# span 8 = 0.0000e+00, 0.0000e+00       
# interval = seconds: 0.5
# start_time = Jul 27 2004 09:30:08 [Instrument's time stamp, header]
# bad_flag = -9.990e-29
*END*
[from data line 481]
 209.398709      1.058  37.723793    12.5455    7.50198      1.049    32.3133    24.4003 -9.990e-29
 209.398715      1.059  37.724018    12.5460    7.50106      1.050    32.3131    24.4000 -9.990e-29
 209.398721      1.066  37.724346    12.5468    7.48818      1.057    32.3127    24.3996 -9.990e-29
 209.398727      1.084  37.724656    12.5477    7.49519      1.075    32.3122    24.3990 -9.990e-29
 209.398733      1.105  37.724804    12.5480    7.50389      1.096    32.3121    24.3988 -9.990e-29
 209.398738      1.118  37.724981    12.5477    7.50234      1.109    32.3125    24.3992 -9.990e-29
 209.398744      1.120  37.725393    12.5473    7.50256      1.111    32.3132    24.3999 -9.990e-29
 209.398750      1.114  37.725977    12.5475    7.49955      1.105    32.3136    24.4001 -9.990e-29
 209.398756      1.110  37.726342    12.5478    7.50300      1.101    32.3137    24.4002 -9.990e-29
 209.398762      1.110  37.726367    12.5476    7.49442      1.101    32.3139    24.4003 -9.990e-29
 209.398767      1.116  37.726042    12.5469    7.49790      1.107    32.3142    24.4007 -9.990e-29
 209.398773      1.123  37.725450    12.5463    7.49789      1.114    32.3142    24.4008 -9.990e-29
 209.398779      1.127  37.724875    12.5463    7.49811      1.118    32.3136    24.4004 -9.990e-29
 209.398785      1.129  37.724627    12.5467    7.50276      1.120    32.3130    24.3998 -9.990e-29
 209.398791      1.133  37.724890    12.5469    7.49267      1.124    32.3131    24.3998 -9.990e-29
 209.398796      1.144  37.725409    12.5466    7.50267      1.134    32.3139    24.4005 -9.990e-29
 209.398802      1.153  37.725709    12.5463    7.50678      1.143    32.3144    24.4010 -9.990e-29
 209.398808      1.157  37.725581    12.5462    7.50654      1.147    32.3144    24.4010 -9.990e-29
 209.398814      1.165  37.725370    12.5464    7.49410      1.155    32.3140    24.4006 -9.990e-29
 209.398819      1.177  37.725312    12.5468    7.48372      1.167    32.3136    24.4002 -9.990e-29
 209.398825      1.186  37.725282    12.5469    7.49844      1.176    32.3135    24.4001 -9.990e-29
 209.398831      1.188  37.725195    12.5465    7.49449      1.178    32.3137    24.4004 -9.990e-29
 209.398837      1.182  37.724889    12.5462    7.50370      1.172    32.3137    24.4004 -9.990e-29
 209.398843      1.169  37.724471    12.5464    7.50402      1.159    32.3131    24.4000 -9.990e-29
 209.398848      1.152  37.724460    12.5473    7.49677      1.142    32.3123    24.3992 -9.990e-29
 209.398854      1.138  37.725355    12.5484    7.50188      1.128    32.3123    24.3989 -9.990e-29
 209.398860      1.131  37.726623    12.5480    7.48569      1.122    32.3138    24.4002 -9.990e-29
 209.398866      1.130  37.726543    12.5449    7.48973      1.121    32.3164    24.4028 -9.990e-29
 209.398872      1.136  37.723840    12.5408    7.49625      1.127    32.3173    24.4043 -9.990e-29
 209.398877      1.144  37.719914    12.5387    7.50300      1.134    32.3154    24.4032 -9.990e-29
 209.398883      1.151  37.718459    12.5387    7.50090      1.141    32.3140    24.4021 -9.990e-29
 209.398889      1.158  37.719170    12.5404    7.49247      1.148    32.3132    24.4012 -9.990e-29
 209.398895      1.163  37.720706    12.5442    7.49566      1.153    32.3114    24.3991 -9.990e-29
 209.398900      1.169  37.724508    12.5478    7.49395      1.159    32.3120    24.3988 -9.990e-29
 209.398906      1.175  37.727746    12.5489    7.49589      1.165    32.3141    24.4002 -9.990e-29
 209.398912      1.181  37.727961    12.5481    7.48119      1.171    32.3150    24.4011 -9.990e-29
 209.398918      1.184  37.727079    12.5469    7.48833      1.174    32.3152    24.4015 -9.990e-29
 209.398924      1.180  37.726121    12.5455    7.49579      1.170    32.3155    24.4019 -9.990e-29
 209.398929      1.173  37.724884    12.5442    7.49945      1.163    32.3154    24.4021 -9.990e-29
 209.398935      1.170  37.723918    12.5441    7.50631      1.160    32.3146    24.4015 -9.990e-29
 209.398941      1.172  37.724133    12.5453    7.50350      1.162    32.3137    24.4006 -9.990e-29
 209.398947      1.174  37.725210    12.5467    7.50372      1.164    32.3136    24.4002 -9.990e-29
 209.398953      1.181  37.726293    12.5471    7.49182      1.171    32.3142    24.4007 -9.990e-29
 209.398958      1.193  37.726538    12.5463    7.47707      1.183    32.3152    24.4016 -9.990e-29
 209.398964      1.203  37.725666    12.5453    7.49408      1.193    32.3152    24.4018 -9.990e-29
 209.398970      1.207  37.724712    12.5449    7.50743      1.197    32.3146    24.4014 -9.990e-29
 209.398976      1.205  37.724600    12.5447    7.50895      1.195    32.3147    24.4015 -9.990e-29
 209.398981      1.201  37.724576    12.5447    7.48738      1.191    32.3147    24.4015 -9.990e-29
 209.398987      1.200  37.724560    12.5454    7.49097      1.190    32.3141    24.4009 -9.990e-29
 209.398993      1.200  37.725609    12.5449    7.49596      1.190    32.3155    24.4021 -9.990e-29
 209.398999      1.203  37.725711    12.5410    7.50857      1.193    32.3189    24.4055 -9.990e-29
 209.399005      1.204  37.722149    12.5367    7.50367      1.194    32.3192    24.4065 -9.990e-29
 209.399010      1.204  37.717423    12.5365    7.48521      1.194    32.3149    24.4032 -9.990e-29
 209.399016      1.205  37.716963    12.5404    7.49996      1.195    32.3111    24.3995 -9.990e-29
 209.399022      1.205  37.721231    12.5448    7.50630      1.195    32.3114    24.3989 -9.990e-29
 209.399028      1.199  37.725774    12.5476    7.51215      1.189    32.3133    24.3999 -9.990e-29
 209.399034      1.191  37.728192    12.5488    7.49229      1.181    32.3146    24.4006 -9.990e-29
 209.399039      1.189  37.728859    12.5491    7.49055      1.179    32.3150    24.4009 -9.990e-29
 209.399045      1.197  37.728619    12.5489    7.48656      1.187    32.3149    24.4009 -9.990e-29
 209.399051      1.211  37.728229    12.5479    7.49679      1.201    32.3154    24.4014 -9.990e-29
 209.399057      1.224  37.727685    12.5461    7.50430      1.214    32.3164    24.4026 -9.990e-29
 209.399063      1.231  37.726213    12.5449    7.49993      1.221    32.3160    24.4025 -9.990e-29
 209.399068      1.235  37.724611    12.5450    7.50172      1.225    32.3144    24.4012 -9.990e-29
 209.399074      1.239  37.724621    12.5455    7.48638      1.229    32.3140    24.4008 -9.990e-29
 209.399080      1.247  37.725652    12.5456    7.49525      1.237    32.3149    24.4015 -9.990e-29
 209.399086      1.256  37.726229    12.5453    7.49908      1.246    32.3157    24.4022 -9.990e-29
 209.399091      1.263  37.725951    12.5451    7.50251      1.252    32.3156    24.4021 -9.990e-29
 209.399097      1.267  37.725524    12.5450    7.50122      1.256    32.3153    24.4019 -9.990e-29
 209.399103      1.273  37.724894    12.5446    7.49337      1.262    32.3150    24.4018 -9.990e-29
 209.399109      1.286  37.723737    12.5440    7.49012      1.275    32.3144    24.4014 -9.990e-29
 209.399115      1.303  37.723268    12.5434    7.48470      1.292    32.3145    24.4016 -9.990e-29
 209.399120      1.319  37.723379    12.5427    7.49026      1.308    32.3152    24.4023 -9.990e-29
 209.399126      1.337  37.723048    12.5422    7.48516      1.326    32.3153    24.4025 -9.990e-29
 209.399132      1.362  37.722911    12.5415    7.48815      1.351    32.3158    24.4029 -9.990e-29
 209.399138      1.403  37.722738    12.5397    7.48778      1.391    32.3171    24.4044 -9.990e-29
 209.399144      1.464  37.721133    12.5365    7.49491      1.452    32.3183    24.4059 -9.990e-29
 209.399149      1.540  37.718714    12.5318    7.51736      1.527    32.3200    24.4081 -9.990e-29
 209.399155      1.631  37.715577    12.5249    7.52383      1.617    32.3229    24.4117 -9.990e-29
 209.399161      1.747  37.709734    12.5149    7.54378      1.732    32.3259    24.4159 -9.990e-29
 209.399167      1.895  37.700641    12.4996    7.64868      1.879    32.3303    24.4223 0.0000e+00
 209.399172      2.073  37.688471    12.4771    7.75633      2.056    32.3380    24.4325 0.0000e+00
 209.399178      2.284  37.670974    12.4457    7.76533      2.265    32.3482    24.4464 0.0000e+00
 209.399184      2.535  37.645528    12.4045    7.73104      2.514    32.3593    24.4628 0.0000e+00
 209.399190      2.826  37.612934    12.3533    7.65092      2.802    32.3722    24.4825 0.0000e+00
 209.399196      3.154  37.573438    12.2859    7.47059      3.128    32.3924    24.5110 0.0000e+00
 209.399201      3.523  37.523128    12.1864    7.24344      3.494    32.4301    24.5590 0.0000e+00
 209.399207      3.930  37.447040    12.0341    7.02559      3.897    32.4889    24.6332 0.0000e+00
 209.399213      4.371  37.327812    11.7686    6.80114      4.334    32.6054    24.7728 0.0000e+00
 209.399219      4.850  37.129259    11.3497    6.51595      4.809    32.7810    24.9856 0.0000e+00
 209.399225      5.365  36.794686    10.8995    6.11415      5.320    32.8521    25.1211 0.0000e+00
 209.399230      5.916  36.407953    10.5608    5.46832      5.867    32.7703    25.1164 0.0000e+00
 209.399236      6.503  36.129697    10.3142    5.13583      6.449    32.7127    25.1136 0.0000e+00
 209.399242      7.126  35.952203    10.0805    5.07948      7.066    32.7443    25.1777 0.0000e+00
 209.399248      7.780  35.792374     9.8424    5.49594      7.715    32.7978    25.2590 0.0000e+00
 209.399253      8.465  35.626577     9.6414    5.29309      8.394    32.8115    25.3026 0.0000e+00
 209.399259      9.176  35.481530     9.5090    5.02906      9.099    32.7835    25.3023 0.0000e+00
 209.399265      9.913  35.386930     9.4348    4.72706      9.830    32.7539    25.2910 0.0000e+00
 209.399271     10.675  35.333761     9.3863    4.49922     10.586    32.7432    25.2905 0.0000e+00
 209.399277     11.455  35.295922     9.3284    4.58330     11.359    32.7569    25.3104 0.0000e+00
 209.399282     12.241  35.251507     9.2548    4.51822     12.138    32.7782    25.3388 0.0000e+00
 209.399288     13.025  35.198439     9.1912    4.50276     12.916    32.7815    25.3514 0.0000e+00
 209.399294     13.800  35.154498     9.1606    4.48476     13.684    32.7638    25.3424 0.0000e+00
 209.399300     14.559  35.138977     9.1510    4.45221     14.437    32.7562    25.3380 0.0000e+00
 209.399306     15.297  35.139533     9.1404    4.42252     15.169    32.7662    25.3475 0.0000e+00
 209.399311     16.011  35.135550     9.1323    4.36747     15.877    32.7692    25.3511 0.0000e+00
 209.399317     16.705  35.141860     9.1185    4.32273     16.565    32.7881    25.3681 0.0000e+00
 209.399323     17.380  35.151129     9.0766    4.27804     17.234    32.8360    25.4122 0.0000e+00
 209.399329     18.040  35.130812     9.0105    4.23935     17.889    32.8756    25.4536 0.0000e+00
 209.399334     18.694  35.087416     8.9303    4.18019     18.537    32.9044    25.4886 0.0000e+00
 209.399340     19.344  35.038165     8.8361    4.14197     19.182    32.9402    25.5312 0.0000e+00
 209.399346     19.988  34.979575     8.7426    4.04751     19.820    32.9656    25.5655 0.0000e+00
 209.399352     20.620  34.919818     8.6714    3.65314     20.447    32.9690    25.5791 0.0000e+00
 209.399358     21.234  34.875597     8.6197    3.51601     21.056    32.9705    25.5882 0.0000e+00
 209.399363     21.830  34.841154     8.5657    3.51652     21.647    32.9845    25.6074 0.0000e+00
 209.399369     22.416  34.798543     8.4899    3.62618     22.228    33.0103    25.6391 0.0000e+00
 209.399375     23.003  34.734634     8.3957    3.81730     22.810    33.0309    25.6694 0.0000e+00
 209.399381     23.598  34.657240     8.3114    3.88091     23.400    33.0279    25.6797 0.0000e+00
 209.399387     24.202  34.594870     8.2565    3.90122     23.999    33.0131    25.6763 0.0000e+00
 209.399392     24.809  34.565224     8.2297    3.93269     24.600    33.0066    25.6752 0.0000e+00
 209.399398     25.419  34.564598     8.2210    3.93659     25.205    33.0139    25.6821 0.0000e+00
 209.399404     26.037  34.574723     8.2175    3.94559     25.818    33.0276    25.6934 0.0000e+00
 209.399410     26.664  34.582701     8.2082    3.92782     26.440    33.0445    25.7081 0.0000e+00
 209.399416     27.296  34.590153     8.1918    3.92155     27.066    33.0676    25.7286 0.0000e+00
 209.399421     27.931  34.597440     8.1722    3.90789     27.696    33.0935    25.7519 0.0000e+00
 209.399427     28.567  34.602839     8.1513    3.88901     28.327    33.1187    25.7747 0.0000e+00
 209.399433     29.201  34.606793     8.1311    3.87039     28.955    33.1417    25.7958 0.0000e+00
 209.399439     29.831  34.609310     8.1127    3.84280     29.580    33.1615    25.8140 0.0000e+00
 209.399444     30.454  34.609787     8.0950    3.82949     30.198    33.1784    25.8299 0.0000e+00
 209.399450     31.066  34.608086     8.0769    3.79867     30.804    33.1935    25.8444 0.0000e+00
 209.399456     31.672  34.604160     8.0558    3.78502     31.405    33.2090    25.8597 0.0000e+00
 209.399462     32.281  34.597801     8.0273    3.76027     32.009    33.2290    25.8796 0.0000e+00
 209.399468     32.892  34.588358     7.9907    3.74168     32.615    33.2534    25.9041 0.0000e+00
 209.399473     33.507  34.573872     7.9498    3.72373     33.225    33.2766    25.9283 0.0000e+00
 209.399479     34.126  34.554068     7.9095    3.68895     33.838    33.2935    25.9474 0.0000e+00
 209.399485     34.744  34.531672     7.8702    3.67191     34.451    33.3067    25.9635 0.0000e+00
 209.399491     35.360  34.508196     7.8290    3.64823     35.062    33.3206    25.9804 0.0000e+00
 209.399497     35.968  34.483709     7.7801    3.61937     35.665    33.3408    26.0033 0.0000e+00
 209.399502     36.570  34.456936     7.7159    3.58890     36.262    33.3732    26.0380 0.0000e+00
 209.399508     37.164  34.424676     7.6433    3.55157     36.851    33.4078    26.0756 0.0000e+00
 209.399514     37.749  34.391544     7.5808    3.49625     37.431    33.4319    26.1034 0.0000e+00
 209.399520     38.335  34.367721     7.5342    3.44563     38.012    33.4507    26.1249 0.0000e+00
 209.399525     38.926  34.353929     7.4976    3.38783     38.597    33.4708    26.1458 0.0000e+00
 209.399531     39.523  34.345766     7.4657    3.34029     39.189    33.4925    26.1674 0.0000e+00
 209.399537     40.121  34.340172     7.4369    3.27788     39.782    33.5140    26.1884 0.0000e+00
 209.399543     40.718  34.334713     7.4104    3.23368     40.374    33.5334    26.2074 0.0000e+00
 209.399549     41.314  34.329375     7.3843    3.19681     40.965    33.5526    26.2261 0.0000e+00
 209.399554     41.906  34.324869     7.3586    3.15454     41.552    33.5724    26.2453 0.0000e+00
 209.399560     42.490  34.321892     7.3319    3.13217     42.131    33.5947    26.2666 0.0000e+00
 209.399566     43.071  34.322620     7.3032    3.09374     42.707    33.6231    26.2930 0.0000e+00
 209.399572     43.651  34.328002     7.2787    3.07997     43.282    33.6526    26.3195 0.0000e+00
 209.399578     44.228  34.334538     7.2640    3.02977     43.854    33.6737    26.3382 0.0000e+00
 209.399583     44.792  34.338587     7.2577    2.99798     44.413    33.6840    26.3472 0.0000e+00
 209.399589     45.332  34.340477     7.2555    2.96334     44.949    33.6879    26.3506 0.0000e+00
 209.399595     45.843  34.341026     7.2544    2.93378     45.455    33.6894    26.3519 0.0000e+00
 209.399601     46.327  34.340387     7.2527    2.93491     45.935    33.6901    26.3527 0.0000e+00
 209.399606     46.795  34.339372     7.2508    2.92617     46.399    33.6906    26.3534 0.0000e+00
 209.399612     47.255  34.338291     7.2494    2.93580     46.855    33.6906    26.3536 0.0000e+00
 209.399618     47.705  34.337369     7.2488    2.91643     47.301    33.6899    26.3532 0.0000e+00
 209.399624     48.141  34.337039     7.2488    2.91766     47.734    33.6894    26.3527 0.0000e+00
