data/oxygen options/ONMS/Olympic_Coast_National_Marine_Sanctuary_Hypoxia_Survey_CTD_Data_2004_2015/raw_data/2004/CTD_CE10_072604faed.cnv
* Sea-Bird SBE19 Data File:
* FileName = C:\WINDOWS\Desktop\put hypoxia files here\CTD files\july 24_25-04\CE\CE_072404.hex
* Software Version 1.1.4
* Temperature SN = 2997
* Conductivity SN = 2997
* System UpLoad Time = Jul 26 2004 14:24:55
**
**
# nquan = 9                                 
# nvalues = 814                         
# units = specified
# name 0 = timeJ: Julian Days
# name 1 = prSM: Pressure, Strain Gauge [db]
# name 2 = c0mS/cm: Conductivity [mS/cm]
# name 3 = t090C: Temperature [ITS-90, deg C]
# name 4 = oxML/L: Oxygen, Beckman/YSI [ml/l]
# name 5 = depSM: Depth [salt water, m], lat = 47.5
# name 6 = sal00: Salinity, Practical [PSU]
# name 7 = sigma-é00: Density [sigma-theta, kg/m^3]
# name 8 = flag: flag
# span 0 = 208.478461, 208.483166       
# span 1 =     -6.026,     10.490       
# span 2 =   0.017250,  36.461379       
# span 3 =     8.1346,    15.0625       
# span 4 =   -2.42336,   36.36362       
# span 5 =     -5.976,     10.402       
# span 6 =     0.0149,    33.5526       
# span 7 =    -0.8828,    25.8784       
# span 8 = 0.0000e+00, 0.0000e+00       
# interval = seconds: 0.5
# start_time = Jul 26 2004 11:28:59 [Instrument's time stamp, header]
# bad_flag = -9.990e-29
*END*
[from data line 161]
 208.479392     -2.843   0.026538    14.8497   -0.05349     -2.819     0.0197    -0.8612 -9.990e-29
 208.479398     -2.834   0.026496    14.8486   -0.05350     -2.810     0.0197    -0.8610 -9.990e-29
 208.479404     -2.823   0.026481    14.8475   -0.05350     -2.799     0.0197    -0.8609 -9.990e-29
 208.479410     -2.807   0.026472    14.8454   -0.05351     -2.784     0.0197    -0.8605 -9.990e-29
 208.479416     -2.792   0.026458    14.8424   -0.05351     -2.769     0.0197    -0.8601 -9.990e-29
 208.479421     -2.779   0.026418    14.8395   -0.05352     -2.756     0.0196    -0.8597 -9.990e-29
 208.479427     -2.769   0.026299    14.8370   -0.05353     -2.746     0.0196    -0.8594 -9.990e-29
 208.479433     -2.760   0.025941    14.8340   -0.05353     -2.737     0.0194    -0.8591 -9.990e-29
 208.479439     -2.752   0.025423    14.8296   -0.05354     -2.729     0.0191    -0.8586 -9.990e-29
 208.479444     -2.744   0.025163    14.8247   -0.05354     -2.721     0.0190    -0.8580 -9.990e-29
 208.479450     -2.737   0.025369    14.8202   -0.05355     -2.714     0.0191    -0.8572 -9.990e-29
 208.479456     -2.729   0.025760    14.8162   -0.05355     -2.706     0.0193    -0.8565 -9.990e-29
 208.479462     -2.720   0.025746    14.8124   -0.05355     -2.697     0.0193    -0.8559 -9.990e-29
 208.479468     -2.710   0.025310    14.8086   -0.05356     -2.687     0.0191    -0.8555 -9.990e-29
 208.479473     -2.698   0.024980    14.8046   -0.05356     -2.676     0.0189    -0.8551 -9.990e-29
 208.479479     -2.686   0.024870    14.8003   -0.05356     -2.664     0.0188    -0.8545 -9.990e-29
 208.479485     -2.680   0.024833    14.7964   -0.05357     -2.658     0.0188    -0.8539 -9.990e-29
 208.479491     -2.674   0.024820    14.7932   -0.05357     -2.652     0.0188    -0.8535 -9.990e-29
 208.479497     -2.663   0.024811    14.7903   -0.05357     -2.641     0.0188    -0.8530 -9.990e-29
 208.479502     -2.652   0.024796    14.7874   -0.05357     -2.630     0.0188    -0.8526 -9.990e-29
 208.479508     -2.643   0.024755    14.7848   -0.05358     -2.621     0.0188    -0.8522 -9.990e-29
 208.479514     -2.633   0.024632    14.7826   -0.05358     -2.611     0.0187    -0.8520 -9.990e-29
 208.479520     -2.615   0.024262    14.7807   -0.05358     -2.593     0.0185    -0.8518 -9.990e-29
 208.479525     -2.589   0.023707    14.7788   -0.05358     -2.567     0.0182    -0.8518 -9.990e-29
 208.479531     -2.557   0.023338    14.7769   -0.05358     -2.536     0.0180    -0.8516 -9.990e-29
 208.479537     -2.526   0.023215    14.7749   -0.05359     -2.505     0.0180    -0.8514 -9.990e-29
 208.479543     -2.499   0.023174    14.7731   -0.05359     -2.478     0.0179    -0.8511 -9.990e-29
 208.479549     -2.478   0.023160    14.7712   -0.05359     -2.457     0.0179    -0.8509 -9.990e-29
 208.479554     -2.465   0.023156    14.7695   -0.05359     -2.444     0.0179    -0.8506 -9.990e-29
 208.479560     -2.455   0.023154    14.7680   -0.05359     -2.435     0.0179    -0.8504 -9.990e-29
 208.479566     -2.445   0.023154    14.7666   -0.05359     -2.425     0.0179    -0.8502 -9.990e-29
 208.479572     -2.433   0.023155    14.7651   -0.05360     -2.413     0.0179    -0.8500 -9.990e-29
 208.479578     -2.417   0.023155    14.7637   -0.05360     -2.397     0.0179    -0.8498 -9.990e-29
 208.479583     -2.399   0.023155    14.7624   -0.05360     -2.379     0.0179    -0.8496 -9.990e-29
 208.479589     -2.375   0.023155    14.7611   -0.05360     -2.355     0.0179    -0.8494 -9.990e-29
 208.479595     -2.345   0.023154    14.7598   -0.05360     -2.325     0.0179    -0.8492 -9.990e-29
 208.479601     -2.312   0.023150    14.7588   -0.05360     -2.293     0.0179    -0.8490 -9.990e-29
 208.479606     -2.280   0.023138    14.7579   -0.05360     -2.261     0.0179    -0.8489 -9.990e-29
 208.479612     -2.254   0.023100    14.7571   -0.05360     -2.235     0.0179    -0.8488 -9.990e-29
 208.479618     -2.230   0.022987    14.7563   -0.05360     -2.211     0.0178    -0.8487 -9.990e-29
 208.479624     -2.209   0.022648    14.7556   -0.05360     -2.191     0.0177    -0.8488 -9.990e-29
 208.479630     -2.187   0.022185    14.7548   -0.05360     -2.169     0.0174    -0.8488 -9.990e-29
 208.479635     -2.165   0.022089    14.7540   -0.05360     -2.147     0.0174    -0.8487 -9.990e-29
 208.479641     -2.139   0.022233    14.7533   -0.05360     -2.121     0.0174    -0.8486 -9.990e-29
 208.479647     -2.114   0.022254    14.7529   -0.05361     -2.096     0.0175    -0.8485 -9.990e-29
 208.479653     -2.092   0.022179    14.7527   -0.05361     -2.075     0.0174    -0.8485 -9.990e-29
 208.479659     -2.071   0.021908    14.7525   -0.05361     -2.054     0.0173    -0.8486 -9.990e-29
 208.479664     -2.054   0.021632    14.7523   -0.05361     -2.037     0.0171    -0.8487 -9.990e-29
 208.479670     -2.041   0.021540    14.7522   -0.05361     -2.024     0.0171    -0.8487 -9.990e-29
 208.479676     -2.025   0.021510    14.7521   -0.05360     -2.008     0.0171    -0.8487 -9.990e-29
 208.479682     -2.012   0.021500    14.7518   -0.05360     -1.995     0.0171    -0.8487 -9.990e-29
 208.479688     -2.003   0.021497    14.7511   -0.05360     -1.986     0.0171    -0.8486 -9.990e-29
 208.479693     -1.998   0.021496    14.7499   -0.05360     -1.981     0.0171    -0.8484 -9.990e-29
 208.479699     -1.992   0.021496    14.7488   -0.05359     -1.975     0.0171    -0.8482 -9.990e-29
 208.479705     -1.982   0.021496    14.7485   -0.05360     -1.965     0.0171    -0.8482 -9.990e-29
 208.479711     -1.971   0.021497    14.7490   -0.05360     -1.955     0.0171    -0.8482 -9.990e-29
 208.479716     -1.961   0.021497    14.7498   -0.05359     -1.945     0.0171    -0.8484 -9.990e-29
 208.479722     -1.954   0.021497    14.7506   -0.05359     -1.938     0.0171    -0.8485 -9.990e-29
 208.479728     -1.947   0.021498    14.7517   -0.05358     -1.931     0.0171    -0.8486 -9.990e-29
 208.479734     -1.941   0.021498    14.7529   -0.05357     -1.925     0.0171    -0.8488 -9.990e-29
 208.479740     -1.939   0.021498    14.7540   -0.05357     -1.923     0.0171    -0.8490 -9.990e-29
 208.479745     -1.943   0.021499    14.7551   -0.05357     -1.927     0.0171    -0.8491 -9.990e-29
 208.479751     -1.942   0.021499    14.7562   -0.05356     -1.926     0.0171    -0.8493 -9.990e-29
 208.479757     -1.933   0.021499    14.7574   -0.05355     -1.917     0.0171    -0.8495 -9.990e-29
 208.479763     -1.915   0.021499    14.7591   -0.05354     -1.899     0.0171    -0.8497 -9.990e-29
 208.479769     -1.897   0.021500    14.7616   -0.05354     -1.881     0.0171    -0.8501 -9.990e-29
 208.479774     -1.884   0.021500    14.7647   -0.05353     -1.868     0.0171    -0.8506 -9.990e-29
 208.479780     -1.872   0.021500    14.7685   -0.05352     -1.856     0.0171    -0.8511 -9.990e-29
 208.479786     -1.856   0.021501    14.7725   -0.05351     -1.841     0.0171    -0.8517 -9.990e-29
 208.479792     -1.839   0.021501    14.7761   -0.05350     -1.824     0.0171    -0.8522 -9.990e-29
 208.479797     -1.824   0.021501    14.7797   -0.05350     -1.809     0.0171    -0.8528 -9.990e-29
 208.479803     -1.812   0.021500    14.7842   -0.05350     -1.797     0.0171    -0.8534 -9.990e-29
 208.479809     -1.804   0.021496    14.7889   -0.05349     -1.789     0.0171    -0.8541 -9.990e-29
 208.479815     -1.804   0.021483    14.7932   -0.05348     -1.789     0.0171    -0.8548 -9.990e-29
 208.479821     -1.810   0.021445    14.7973   -0.05348     -1.795     0.0170    -0.8554 -9.990e-29
 208.479826     -1.811   0.021331    14.8026   -0.05347     -1.796     0.0170    -0.8562 -9.990e-29
 208.479832     -1.805   0.020989    14.8093   -0.05347     -1.790     0.0168    -0.8574 -9.990e-29
 208.479838     -1.794   0.020516    14.8157   -0.05346     -1.779     0.0166    -0.8585 -9.990e-29
 208.479844     -1.788   0.020393    14.8205   -0.05346     -1.773     0.0165    -0.8593 -9.990e-29
 208.479850     -1.785   0.020455    14.8241   -0.05345     -1.770     0.0165    -0.8598 -9.990e-29
 208.479855     -1.781   0.020229    14.8278   -0.05345     -1.766     0.0164    -0.8604 -9.990e-29
 208.479861     -1.780   0.019969    14.8324   -0.05344     -1.765     0.0163    -0.8612 -9.990e-29
 208.479867     -1.782   0.019883    14.8374   -0.05345     -1.767     0.0162    -0.8620 -9.990e-29
 208.479873     -1.778   0.019855    14.8421   -0.05345     -1.763     0.0162    -0.8627 -9.990e-29
 208.479878     -1.768   0.019845    14.8458   -0.05346     -1.753     0.0162    -0.8633 -9.990e-29
 208.479884     -1.761   0.019841    14.8485   -0.05346     -1.746     0.0162    -0.8637 -9.990e-29
 208.479890     -1.760   0.019840    14.8519   -0.05345     -1.745     0.0162    -0.8642 -9.990e-29
 208.479896     -1.760   0.019840    14.8562   -0.05346     -1.745     0.0162    -0.8648 -9.990e-29
 208.479902     -1.758   0.019840    14.8602   -0.05346     -1.743     0.0162    -0.8654 -9.990e-29
 208.479907     -1.753   0.019840    14.8627   -0.05347     -1.738     0.0162    -0.8658 -9.990e-29
 208.479913     -1.745   0.019840    14.8632   -0.05346     -1.730     0.0162    -0.8659 -9.990e-29
 208.479919     -1.738   0.019840    14.8615   -0.05346     -1.724     0.0162    -0.8656 -9.990e-29
 208.479925     -1.736   0.019840    14.8586   -0.05346     -1.722     0.0162    -0.8652 -9.990e-29
 208.479931     -1.733   0.019840    14.8567   -0.05345     -1.719     0.0162    -0.8649 -9.990e-29
 208.479936     -1.727   0.019840    14.8567   -0.05345     -1.713     0.0162    -0.8649 -9.990e-29
 208.479942     -1.720   0.019840    14.8565   -0.05345     -1.706     0.0162    -0.8649 -9.990e-29
 208.479948     -1.716   0.019840    14.8547   -0.05345     -1.702     0.0162    -0.8646 -9.990e-29
 208.479954     -1.715   0.019840    14.8525   -0.05344     -1.701     0.0162    -0.8643 -9.990e-29
 208.479959     -1.714   0.019840    14.8519   -0.05344     -1.700     0.0162    -0.8642 -9.990e-29
 208.479965     -1.706   0.019840    14.8532   -0.05344     -1.692     0.0162    -0.8644 -9.990e-29
 208.479971     -1.697   0.019840    14.8553   -0.05344     -1.683     0.0162    -0.8647 -9.990e-29
 208.479977     -1.690   0.019840    14.8573   -0.05345     -1.676     0.0162    -0.8650 -9.990e-29
 208.479983     -1.685   0.019840    14.8597   -0.05345     -1.671     0.0162    -0.8653 -9.990e-29
 208.479988     -1.681   0.019840    14.8620   -0.05345     -1.667     0.0162    -0.8657 -9.990e-29
 208.479994     -1.677   0.019840    14.8635   -0.05345     -1.663     0.0162    -0.8659 -9.990e-29
 208.480000     -1.675   0.019839    14.8650   -0.05345     -1.661     0.0162    -0.8661 -9.990e-29
 208.480006     -1.673   0.019838    14.8668   -0.05345     -1.659     0.0162    -0.8664 -9.990e-29
 208.480012     -1.671   0.019833    14.8682   -0.05345     -1.657     0.0162    -0.8666 -9.990e-29
 208.480017     -1.670   0.019820    14.8679   -0.05345     -1.656     0.0162    -0.8666 -9.990e-29
 208.480023     -1.668   0.019780    14.8661   -0.05345     -1.654     0.0162    -0.8663 -9.990e-29
 208.480029     -1.667   0.019660    14.8641   -0.05345     -1.653     0.0161    -0.8661 -9.990e-29
 208.480035     -1.667   0.019299    14.8628   -0.05345     -1.653     0.0159    -0.8660 -9.990e-29
 208.480041     -1.666   0.018771    14.8619   -0.05345     -1.652     0.0157    -0.8661 -9.990e-29
 208.480046     -1.665   0.018483    14.8606   -0.05345     -1.651     0.0155    -0.8660 -9.990e-29
 208.480052     -1.664   0.018607    14.8593   -0.05345     -1.650     0.0156    -0.8658 -9.990e-29
 208.480058     -1.663   0.018751    14.8587   -0.05345     -1.649     0.0157    -0.8656 -9.990e-29
 208.480064     -1.662   0.018552    14.8588   -0.05345     -1.648     0.0156    -0.8657 -9.990e-29
 208.480069     -1.661   0.018301    14.8591   -0.05345     -1.647     0.0154    -0.8659 -9.990e-29
 208.480075     -1.659   0.018217    14.8593   -0.05346     -1.645     0.0154    -0.8659 -9.990e-29
 208.480081     -1.657   0.018189    14.8594   -0.05346     -1.643     0.0154    -0.8659 -9.990e-29
 208.480087     -1.654   0.018179    14.8595   -0.05346     -1.640     0.0154    -0.8660 -9.990e-29
 208.480093     -1.650   0.018176    14.8597   -0.05346     -1.636     0.0154    -0.8660 -9.990e-29
 208.480098     -1.646   0.018175    14.8598   -0.05346     -1.632     0.0154    -0.8660 -9.990e-29
 208.480104     -1.640   0.018175    14.8600   -0.05346     -1.626     0.0154    -0.8660 -9.990e-29
 208.480110     -1.633   0.018175    14.8601   -0.05347     -1.619     0.0154    -0.8661 -9.990e-29
 208.480116     -1.624   0.018175    14.8597   -0.05347     -1.610     0.0154    -0.8660 -9.990e-29
 208.480122     -1.616   0.018175    14.8585   -0.05347     -1.603     0.0154    -0.8658 -9.990e-29
 208.480127     -1.613   0.018175    14.8572   -0.05347     -1.600     0.0154    -0.8656 -9.990e-29
 208.480133     -1.611   0.018175    14.8562   -0.05347     -1.598     0.0154    -0.8655 -9.990e-29
 208.480139     -1.606   0.018175    14.8552   -0.05347     -1.593     0.0154    -0.8653 -9.990e-29
 208.480145     -1.602   0.018175    14.8537   -0.05348     -1.589     0.0154    -0.8651 -9.990e-29
 208.480150     -1.602   0.018175    14.8522   -0.05348     -1.589     0.0154    -0.8649 -9.990e-29
 208.480156     -1.602   0.018175    14.8510   -0.05348     -1.589     0.0154    -0.8647 -9.990e-29
 208.480162     -1.598   0.018175    14.8500   -0.05348     -1.585     0.0154    -0.8645 -9.990e-29
 208.480168     -1.594   0.018175    14.8490   -0.05348     -1.581     0.0154    -0.8644 -9.990e-29
 208.480174     -1.594   0.018175    14.8479   -0.05348     -1.581     0.0154    -0.8642 -9.990e-29
 208.480179     -1.594   0.018175    14.8467   -0.05349     -1.581     0.0154    -0.8641 -9.990e-29
 208.480185     -1.589   0.018175    14.8456   -0.05349     -1.576     0.0154    -0.8639 -9.990e-29
 208.480191     -1.579   0.018175    14.8447   -0.05349     -1.566     0.0154    -0.8638 -9.990e-29
 208.480197     -1.563   0.018175    14.8436   -0.05349     -1.550     0.0154    -0.8636 -9.990e-29
 208.480203     -1.546   0.018175    14.8421   -0.05349     -1.533     0.0154    -0.8634 -9.990e-29
 208.480208     -1.533   0.018175    14.8409   -0.05349     -1.520     0.0154    -0.8632 -9.990e-29
 208.480214     -1.525   0.018175    14.8401   -0.05349     -1.512     0.0154    -0.8631 -9.990e-29
 208.480220     -1.513   0.018175    14.8393   -0.05350     -1.500     0.0154    -0.8630 -9.990e-29
 208.480226     -1.495   0.018175    14.8381   -0.05350     -1.483     0.0154    -0.8628 -9.990e-29
 208.480231     -1.479   0.018175    14.8367   -0.05350     -1.467     0.0154    -0.8626 -9.990e-29
 208.480237     -1.468   0.018175    14.8358   -0.05350     -1.456     0.0154    -0.8624 -9.990e-29
 208.480243     -1.462   0.018175    14.8351   -0.05350     -1.450     0.0154    -0.8623 -9.990e-29
 208.480249     -1.460   0.018175    14.8343   -0.05350     -1.448     0.0154    -0.8622 -9.990e-29
 208.480255     -1.462   0.018175    14.8333   -0.05350     -1.450     0.0154    -0.8621 -9.990e-29
 208.480260     -1.468   0.018175    14.8323   -0.05351     -1.456     0.0154    -0.8619 -9.990e-29
 208.480266     -1.474   0.018175    14.8314   -0.05351     -1.462     0.0154    -0.8618 -9.990e-29
 208.480272     -1.473   0.018175    14.8308   -0.05351     -1.461     0.0154    -0.8617 -9.990e-29
 208.480278     -1.463   0.018175    14.8303   -0.05351     -1.451     0.0154    -0.8616 -9.990e-29
 208.480284     -1.454   0.018175    14.8297   -0.05351     -1.442     0.0154    -0.8615 -9.990e-29
 208.480289     -1.448   0.018175    14.8289   -0.05351     -1.436     0.0154    -0.8614 -9.990e-29
 208.480295     -1.445   0.018175    14.8279   -0.05352     -1.433     0.0154    -0.8613 -9.990e-29
 208.480301     -1.446   0.018175    14.8265   -0.05351     -1.434     0.0154    -0.8610 -9.990e-29
 208.480307     -1.445   0.018175    14.8249   -0.05352     -1.433     0.0154    -0.8608 -9.990e-29
