data/oxygen options/ONMS/Olympic_Coast_National_Marine_Sanctuary_Hypoxia_Survey_CTD_Data_2004_2015/raw_data/2004/CTD_CA10_090804faed.cnv
* Sea-Bird SBE19 Data File:
* FileName = C:\WINDOWS\Desktop\put hypoxia files here\CTD data\September 07_0804\CA\raw\CA10_090804.hex
* Software Version 1.1.4
* Temperature SN = 2997
* Conductivity SN = 2997
* System UpLoad Time = Sep 08 2004 10:19:55
* SEACAT PROFILER V3.1c SN 2997   09/08/04  10:22:00.759
* strain gauge pressure sensor: S/N = 184829,  range = 3000 psia,  tc = 40
# nquan = 9                                 
# nvalues = 459                         
# units = specified
# name 0 = timeJ: Julian Days
# name 1 = prSM: Pressure, Strain Gauge [db]
# name 2 = c0mS/cm: Conductivity [mS/cm]
# name 3 = t090C: Temperature [ITS-90, deg C]
# name 4 = oxML/L: Oxygen, Beckman/YSI [ml/l]
# name 5 = depSM: Depth [salt water, m], lat = 47.5
# name 6 = sal00: Salinity, Practical [PSU]
# name 7 = sigma-é00: Density [sigma-theta, kg/m^3]
# name 8 = flag: flag
# span 0 = 252.360660, 252.363310       
# span 1 =     -5.392,     11.009       
# span 2 =   0.953552,  38.703483       
# span 3 =     9.1993,    15.4447       
# span 4 =   -0.05243,   31.29733       
# span 5 =     -5.347,     10.917       
# span 6 =     0.5838,    33.1584       
# span 7 =    -0.5156,    25.6346       
# span 8 = 0.0000e+00, 0.0000e+00       
# interval = seconds: 0.5
# start_time = Sep 08 2004 08:39:21 [Instrument's time stamp, header]
# bad_flag = -9.990e-29
*END*
 252.360660     -5.392 -9.990e-29    15.4436   -0.05242     -5.347 -9.990e-29 -9.990e-29 -9.990e-29
 252.360666     -5.379   0.958878    15.4441   -0.05243     -5.334     0.5872    -0.5130 -9.990e-29
 252.360671     -5.361   0.955649    15.4444   -0.04787     -5.316     0.5851    -0.5146 -9.990e-29
 252.360677     -5.338   0.953552    15.4445   -0.04428     -5.294     0.5838    -0.5156 -9.990e-29
 252.360683     -5.309   0.954234    15.4446   -0.04503     -5.265     0.5842    -0.5153 -9.990e-29
 252.360689     -5.276   0.958048    15.4447   -0.04528     -5.232     0.5866    -0.5135 -9.990e-29
 252.360694     -5.241   0.967857    15.4446   -0.04534     -5.197     0.5929    -0.5086 -9.990e-29
 252.360700     -5.198   0.994519    15.4416   -0.04538     -5.155     0.6100    -0.4950 -9.990e-29
 252.360706     -5.144   1.069141    15.4313   -0.04539     -5.101     0.6580    -0.4563 -9.990e-29
 252.360712     -5.083   1.281777    15.4028   -0.04537     -5.041     0.7958    -0.3454 -9.990e-29
 252.360718     -5.017   1.912053    15.3227   -0.04533     -4.975     1.2132    -0.0109 -9.990e-29
 252.360723     -4.942   3.812000    15.0930   -0.04531     -4.901     2.5306     1.0394 -9.990e-29
 252.360729     -4.852   9.524320    14.6513   -0.04530     -4.812     6.8126     4.3983 -9.990e-29
 252.360735     -4.741  20.063881    14.1571   -0.04529     -4.701    15.4652    11.1186 -9.990e-29
 252.360741     -4.607  30.374680    13.8192   -0.04529     -4.569    24.5826    18.1875 -9.990e-29
 252.360747     -4.460  35.778164    13.6528   -0.04530     -4.423    29.5925    22.0812 -9.990e-29
 252.360752     -4.309  37.570514    13.5795   -0.04530     -4.273    31.3041    23.4173 -9.990e-29
 252.360758     -4.164  38.167302    13.5537   -0.04528     -4.129    31.8793    23.8669 -9.990e-29
 252.360764     -4.032  38.372671    13.5560   -0.04528     -3.998    32.0684    24.0125 -9.990e-29
 252.360770     -3.918  38.449809    13.5716   -0.04526     -3.885    32.1270    24.0547 -9.990e-29
 252.360775     -3.822  38.487567    13.5874   -0.04529     -3.790    32.1488    24.0684 -9.990e-29
 252.360781     -3.744  38.512201    13.5964   -0.04532     -3.713    32.1641    24.0784 -9.990e-29
 252.360787     -3.677  38.531346    13.5982   -0.04533     -3.646    32.1804    24.0906 -9.990e-29
 252.360793     -3.623  38.549248    13.5953   -0.04529     -3.593    32.1995    24.1059 -9.990e-29
 252.360799     -3.582  38.566805    13.5899   -0.04528     -3.552    32.2203    24.1231 -9.990e-29
 252.360804     -3.547  38.582776    13.5836   -0.04520     -3.517    32.2405    24.1400 -9.990e-29
 252.360810     -3.511  38.599972    13.5793   -0.04524     -3.482    32.2601    24.1560 -9.990e-29
 252.360816     -3.473  38.630130    13.5801   -0.04529     -3.444    32.2875    24.1770 -9.990e-29
 252.360822     -3.434  38.671977    13.5853   -0.04529     -3.405    32.3220    24.2027 -9.990e-29
 252.360828     -3.397  38.697194    13.5882   -0.04528     -3.369    32.3430    24.2183 -9.990e-29
 252.360833     -3.357  38.680531    13.5843   -0.04526     -3.329    32.3308    24.2097 -9.990e-29
 252.360839     -3.318  38.631217    13.5792   -0.04521     -3.290    32.2892    24.1785 -9.990e-29
 252.360845     -3.282  38.594598    13.5829   -0.04524     -3.255    32.2520    24.1490 -9.990e-29
 252.360851     -3.245  38.609946    13.6031   -0.04527     -3.218    32.2492    24.1428 -9.990e-29
 252.360856     -3.205  38.655118    13.6276   -0.04529     -3.178    32.2705    24.1543 -9.990e-29
 252.360862     -3.165  38.677624    13.6311   -0.04528     -3.139    32.2885    24.1675 -9.990e-29
 252.360868     -3.130  38.663189    13.6147   -0.04528     -3.104    32.2889    24.1711 -9.990e-29
 252.360874     -3.099  38.631306    13.5995   -0.04530     -3.073    32.2720    24.1612 -9.990e-29
 252.360880     -3.064  38.621393    13.5974   -0.04534     -3.038    32.2646    24.1558 -9.990e-29
 252.360885     -3.028  38.651109    13.6103   -0.04531     -3.003    32.2813    24.1662 -9.990e-29
 252.360891     -2.992  38.688299    13.6248   -0.04530     -2.967    32.3037    24.1805 -9.990e-29
 252.360897     -2.960  38.703483    13.6224   -0.04523     -2.935    32.3198    24.1935 -9.990e-29
 252.360903     -2.933  38.696184    13.6060   -0.04522     -2.909    32.3269    24.2022 -9.990e-29
 252.360909     -2.909  38.681947    13.5897   -0.04528     -2.885    32.3274    24.2059 -9.990e-29
 252.360914     -2.892  38.676036    13.5793   -0.04529     -2.868    32.3307    24.2106 -9.990e-29
 252.360920     -2.879  38.686302    13.5743   -0.04529     -2.855    32.3445    24.2222 -9.990e-29
 252.360926     -2.863  38.703459    13.5705   -0.04525     -2.839    32.3636    24.2378 -9.990e-29
 252.360932     -2.841  38.697682    13.5656   -0.04530     -2.817    32.3624    24.2379 -9.990e-29
 252.360938     -2.821  38.665784    13.5654   -0.04532     -2.797    32.3329    24.2151 -9.990e-29
 252.360943     -2.801  38.653893    13.5817   -0.04531     -2.778    32.3080    24.1926 -9.990e-29
 252.360949     -2.777  38.679836    13.6104   -0.04528     -2.754    32.3079    24.1867 -9.990e-29
 252.360955     -2.750  38.701944    13.6226   -0.04521     -2.727    32.3181    24.1921 -9.990e-29
 252.360961     -2.728  38.696437    13.6075   -0.04517     -2.705    32.3257    24.2011 -9.990e-29
 252.360966     -2.714  38.676765    13.5885   -0.04526     -2.691    32.3235    24.2032 -9.990e-29
 252.360972     -2.702  38.671142    13.5874   -0.04532     -2.679    32.3192    24.2001 -9.990e-29
 252.360978     -2.687  38.686681    13.5958   -0.04531     -2.665    32.3265    24.2041 -9.990e-29
 252.360984     -2.669  38.687466    13.5917   -0.04530     -2.647    32.3307    24.2081 -9.990e-29
 252.360990     -2.646  38.659429    13.5795   -0.04525     -2.624    32.3149    24.1984 -9.990e-29
 252.360995     -2.617  38.637583    13.5801   -0.04525     -2.595    32.2941    24.1821 -9.990e-29
 252.361001     -2.583  38.651166    13.6042   -0.04528     -2.561    32.2864    24.1713 -9.990e-29
 252.361007     -2.553  38.681290    13.6416   -0.04529     -2.532    32.2828    24.1610 -9.990e-29
 252.361013     -2.528  38.695226    13.6585   -0.04529     -2.507    32.2815    24.1566 -9.990e-29
 252.361019     -2.506  38.684664    13.6371   -0.04534     -2.485    32.2897    24.1673 -9.990e-29
 252.361024     -2.481  38.651828    13.6024   -0.04534     -2.460    32.2884    24.1733 -9.990e-29
 252.361030     -2.449  38.619723    13.5841   -0.04533     -2.429    32.2740    24.1658 -9.990e-29
 252.361036     -2.410  38.625217    13.5896   -0.04529     -2.390    32.2745    24.1651 -9.990e-29
 252.361042     -2.367  38.657706    13.6054   -0.04523     -2.347    32.2913    24.1749 -9.990e-29
 252.361047     -2.322  38.675272    13.6100   -0.04526     -2.303    32.3038    24.1836 -9.990e-29
 252.361053     -2.280  38.672760    13.6014   -0.04533     -2.261    32.3087    24.1891 -9.990e-29
 252.361059     -2.243  38.671535    13.5941   -0.04534     -2.224    32.3137    24.1945 -9.990e-29
 252.361065     -2.208  38.674479    13.5897   -0.04533     -2.190    32.3202    24.2004 -9.990e-29
 252.361071     -2.178  38.660864    13.5799   -0.04531     -2.160    32.3158    24.1989 -9.990e-29
 252.361076     -2.154  38.622659    13.5696   -0.04528     -2.136    32.2889    24.1802 -9.990e-29
 252.361082     -2.131  38.593657    13.5733   -0.04529     -2.113    32.2587    24.1562 -9.990e-29
 252.361088     -2.104  38.604771    13.5976   -0.04535     -2.086    32.2486    24.1435 -9.990e-29
 252.361094     -2.074  38.631019    13.6231   -0.04536     -2.057    32.2515    24.1406 -9.990e-29
 252.361100     -2.049  38.636189    13.6225   -0.04535     -2.032    32.2568    24.1448 -9.990e-29
 252.361105     -2.031  38.614869    13.5993   -0.04532     -2.014    32.2565    24.1492 -9.990e-29
 252.361111     -2.019  38.578495    13.5774   -0.04530     -2.002    32.2411    24.1418 -9.990e-29
 252.361117     -2.008  38.558249    13.5706   -0.04537     -1.991    32.2280    24.1330 -9.990e-29
 252.361123     -1.993  38.577642    13.5786   -0.04538     -1.976    32.2393    24.1401 -9.990e-29
 252.361128     -1.978  38.611511    13.5889   -0.04539     -1.962    32.2621    24.1557 -9.990e-29
 252.361134     -1.956  38.624830    13.5856   -0.04534     -1.940    32.2773    24.1681 -9.990e-29
 252.361140     -1.919  38.615196    13.5692   -0.04530     -1.903    32.2822    24.1752 -9.990e-29
 252.361146     -1.877  38.593915    13.5544   -0.04537     -1.861    32.2748    24.1725 -9.990e-29
 252.361152     -1.839  38.576395    13.5544   13.26561     -1.824    32.2585    24.1598 -9.990e-29
 252.361157     -1.803  38.580807    13.5693   28.65975     -1.788    32.2500    24.1503 -9.990e-29
 252.361163     -1.773  38.593985    13.5784   31.29733     -1.758    32.2546    24.1520 -9.990e-29
 252.361169     -1.749  38.579682    13.5658   28.45649     -1.734    32.2519    24.1525 -9.990e-29
 252.361175     -1.730  38.538493    13.5471   19.82030     -1.716    32.2293    24.1388 -9.990e-29
 252.361181     -1.715  38.513132    13.5454   14.30819     -1.701    32.2071    24.1220 -9.990e-29
 252.361186     -1.703  38.522537    13.5635   14.34421     -1.689    32.2006    24.1133 -9.990e-29
 252.361192     -1.694  38.538885    13.5752   14.29239     -1.680    32.2060    24.1151 -9.990e-29
 252.361198     -1.686  38.534079    13.5589   13.85154     -1.672    32.2152    24.1255 -9.990e-29
 252.361204     -1.680  38.498381    13.5272    8.26425     -1.666    32.2087    24.1268 -9.990e-29
 252.361209     -1.674  38.443684    13.4993    3.83769     -1.660    32.1813    24.1112 -9.990e-29
 252.361215     -1.669  38.397488    13.4824    1.71371     -1.655    32.1525    24.0923 -9.990e-29
 252.361221     -1.665  38.372821    13.4774    1.78538     -1.651    32.1337    24.0788 -9.990e-29
 252.361227     -1.660  38.364299    13.4802    4.07897     -1.646    32.1234    24.0703 -9.990e-29
 252.361233     -1.654  38.364512    13.4848    5.23648     -1.640    32.1197    24.0665 -9.990e-29
 252.361238     -1.648  38.367602    13.4867    5.71152     -1.634    32.1210    24.0671 -9.990e-29
 252.361244     -1.641  38.368186    13.4843    5.99017     -1.627    32.1235    24.0696 -9.990e-29
 252.361250     -1.633  38.365389    13.4775    6.13913     -1.619    32.1266    24.0733 -9.990e-29
 252.361256     -1.622  38.360000    13.4690    6.23712     -1.608    32.1288    24.0767 -9.990e-29
 252.361262     -1.613  38.353834    13.4647    6.28483     -1.600    32.1266    24.0759 -9.990e-29
 252.361267     -1.609  38.351037    13.4660    6.33467     -1.596    32.1229    24.0728 -9.990e-29
 252.361273     -1.605  38.351835    13.4689    6.36374     -1.592    32.1212    24.0709 -9.990e-29
 252.361279     -1.598  38.353393    13.4712    6.38650     -1.585    32.1207    24.0701 -9.990e-29
 252.361285     -1.586  38.354452    13.4729    6.39795     -1.573    32.1203    24.0694 -9.990e-29
 252.361291     -1.570  38.355331    13.4744    6.38686     -1.557    32.1198    24.0687 -9.990e-29
 252.361296     -1.547  38.356671    13.4755    6.38472     -1.534    32.1202    24.0687 -9.990e-29
 252.361302     -1.521  38.358043    13.4746    6.38390     -1.508    32.1222    24.0705 -9.990e-29
 252.361308     -1.499  38.358503    13.4718    6.38365     -1.486    32.1250    24.0732 -9.990e-29
 252.361314     -1.479  38.357570    13.4688    6.39397     -1.467    32.1266    24.0751 -9.990e-29
 252.361319     -1.456  38.354589    13.4628    6.39060     -1.444    32.1289    24.0780 -9.990e-29
 252.361325     -1.432  38.347859    13.4543    6.38180     -1.420    32.1297    24.0804 -9.990e-29
 252.361331     -1.410  38.339654    13.4506    6.37629     -1.398    32.1252    24.0776 -9.990e-29
 252.361337     -1.390  38.337008    13.4522    6.36314     -1.378    32.1214    24.0743 -9.990e-29
 252.361343     -1.368  38.339786    13.4534    6.36229     -1.357    32.1229    24.0753 -9.990e-29
 252.361348     -1.346  38.342183    13.4513    6.35604     -1.335    32.1269    24.0788 -9.990e-29
 252.361354     -1.324  38.341818    13.4461    6.34609     -1.313    32.1310    24.0830 -9.990e-29
 252.361360     -1.306  38.337671    13.4405    6.35736     -1.295    32.1318    24.0848 -9.990e-29
 252.361366     -1.291  38.332095    13.4380    6.35535     -1.280    32.1287    24.0829 -9.990e-29
 252.361372     -1.278  38.330022    13.4391    6.36475     -1.267    32.1258    24.0804 -9.990e-29
 252.361377     -1.261  38.331518    13.4420    6.36268     -1.250    32.1248    24.0790 -9.990e-29
 252.361383     -1.240  38.333369    13.4453    6.35682     -1.230    32.1237    24.0775 -9.990e-29
 252.361389     -1.222  38.334690    13.4488    6.35432     -1.212    32.1220    24.0755 -9.990e-29
 252.361395     -1.211  38.336507    13.4532    6.34975     -1.201    32.1200    24.0731 -9.990e-29
 252.361400     -1.204  38.339571    13.4583    6.33594     -1.194    32.1186    24.0710 -9.990e-29
 252.361406     -1.198  38.343297    13.4628    6.32480     -1.188    32.1182    24.0698 -9.990e-29
 252.361412     -1.184  38.346488    13.4665    6.31055     -1.174    32.1181    24.0690 -9.990e-29
 252.361418     -1.161  38.348915    13.4696    6.30799     -1.151    32.1177    24.0681 -9.990e-29
 252.361424     -1.139  38.351010    13.4709    6.31797     -1.129    32.1186    24.0685 -9.990e-29
 252.361429     -1.128  38.352205    13.4699    6.32192     -1.119    32.1205    24.0702 -9.990e-29
 252.361435     -1.120  38.351291    13.4686    6.31681     -1.111    32.1208    24.0706 -9.990e-29
 252.361441     -1.112  38.349856    13.4695    6.29926     -1.103    32.1187    24.0688 -9.990e-29
 252.361447     -1.103  38.350476    13.4719    6.29004     -1.094    32.1172    24.0672 -9.990e-29
 252.361453     -1.093  38.352295    13.4731    6.29283     -1.084    32.1179    24.0675 -9.990e-29
 252.361458     -1.080  38.353255    13.4706    6.29711     -1.071    32.1209    24.0703 -9.990e-29
 252.361464     -1.065  38.351835    13.4647    6.30274     -1.056    32.1245    24.0743 -9.990e-29
 252.361470     -1.045  38.347827    13.4597    6.30189     -1.036    32.1250    24.0757 -9.990e-29
 252.361476     -1.020  38.344300    13.4587    6.29869     -1.011    32.1226    24.0740 -9.990e-29
 252.361481     -0.993  38.343845    13.4608    6.29159     -0.985    32.1204    24.0718 -9.990e-29
 252.361487     -0.970  38.345854    13.4627    6.29369     -0.962    32.1206    24.0717 -9.990e-29
 252.361493     -0.950  38.347399    13.4612    6.30102     -0.942    32.1233    24.0741 -9.990e-29
 252.361499     -0.928  38.346054    13.4540    6.31007     -0.920    32.1281    24.0792 -9.990e-29
 252.361505     -0.905  38.340591    13.4433    6.31046     -0.897    32.1320    24.0844 -9.990e-29
 252.361510     -0.886  38.332703    13.4370    6.31521     -0.879    32.1300    24.0840 -9.990e-29
 252.361516     -0.869  38.328700    13.4372    6.32144     -0.862    32.1260    24.0810 -9.990e-29
 252.361522     -0.852  38.329413    13.4385    6.31204     -0.845    32.1256    24.0804 -9.990e-29
 252.361528     -0.835  38.330184    13.4387    6.29925     -0.828    32.1262    24.0808 -9.990e-29
 252.361534     -0.821  38.330363    13.4372    6.29417     -0.814    32.1276    24.0822 -9.990e-29
 252.361539     -0.813  38.329067    13.4304    6.29046     -0.806    32.1321    24.0870 -9.990e-29
 252.361545     -0.806  38.324570    13.4160    6.31052     -0.799    32.1400    24.0960 -9.990e-29
 252.361551     -0.797  38.315367    13.3974    6.32002     -0.790    32.1471    24.1052 -9.990e-29
 252.361557     -0.783  38.302088    13.3834    6.32215     -0.776    32.1465    24.1075 -9.990e-29
 252.361562     -0.769  38.292267    13.3787    6.32348     -0.763    32.1413    24.1044 -9.990e-29
 252.361568     -0.762  38.289635    13.3799    6.30660     -0.756    32.1378    24.1015 -9.990e-29
 252.361574     -0.763  38.291240    13.3806    6.30451     -0.757    32.1387    24.1021 -9.990e-29
 252.361580     -0.761  38.292494    13.3762    6.31156     -0.755    32.1436    24.1067 -9.990e-29
