data/oxygen options/ONMS/Olympic_Coast_National_Marine_Sanctuary_Hypoxia_Survey_CTD_Data_2004_2015/raw_data/2004/CTD_CA10_072704faed.cnv
* Sea-Bird SBE19 Data File:
* FileName = C:\WINDOWS\Desktop\put hypoxia files here\CTD files\July 26_27-04\CA\CA1.hex
* Software Version 1.1.4
* Temperature SN = 2997
* Conductivity SN = 2997
* System UpLoad Time = Jul 27 2004 16:00:41
* SEACAT PROFILER V3.1c SN 2997   07/27/04  16:00:02.891
* strain gauge pressure sensor: S/N = 184829,  range = 3000 psia,  tc = 40
# nquan = 9                                 
# nvalues = 473                         
# units = specified
# name 0 = timeJ: Julian Days
# name 1 = prSM: Pressure, Strain Gauge [db]
# name 2 = c0mS/cm: Conductivity [mS/cm]
# name 3 = t090C: Temperature [ITS-90, deg C]
# name 4 = oxML/L: Oxygen, Beckman/YSI [ml/l]
# name 5 = depSM: Depth [salt water, m], lat = 47.5
# name 6 = sal00: Salinity, Practical [PSU]
# name 7 = sigma-é00: Density [sigma-theta, kg/m^3]
# name 8 = flag: flag
# span 0 = 209.628484, 209.631215       
# span 1 =     -4.625,     10.578       
# span 2 =   2.248286,  38.201724       
# span 3 =    10.5129,    13.1901       
# span 4 =   -0.05535,   33.19570       
# span 5 =     -4.586,     10.489       
# span 6 =     1.5205,    33.1040       
# span 7 =     0.5406,    25.3754       
# span 8 = 0.0000e+00, 0.0000e+00       
# interval = seconds: 0.5
# start_time = Jul 27 2004 15:05:01 [Instrument's time stamp, header]
# bad_flag = -9.990e-29
*END*
[from data line 321]
 209.630341      0.824  37.891494    12.4276    7.28679      0.817    32.5754    24.6259 -9.990e-29
 209.630347      0.830  37.897286    12.4340    7.28957      0.823    32.5754    24.6247 -9.990e-29
 209.630353      0.837  37.901910    12.4365    7.29338      0.830    32.5776    24.6259 -9.990e-29
 209.630359      0.848  37.903681    12.4363    7.27828      0.841    32.5795    24.6274 -9.990e-29
 209.630365      0.860  37.903279    12.4317    7.26782      0.853    32.5831    24.6311 -9.990e-29
 209.630370      0.871  37.900729    12.4177    7.26581      0.864    32.5928    24.6413 -9.990e-29
 209.630376      0.884  37.893753    12.3950    7.25941      0.877    32.6059    24.6557 -9.990e-29
 209.630382      0.900  37.880904    12.3796    7.25428      0.892    32.6069    24.6595 -9.990e-29
 209.630388      0.913  37.870290    12.3863    7.23842      0.905    32.5909    24.6458 -9.990e-29
 209.630394      0.918  37.872435    12.4046    7.23755      0.910    32.5771    24.6316 -9.990e-29
 209.630399      0.921  37.882343    12.4160    7.24426      0.913    32.5767    24.6291 -9.990e-29
 209.630405      0.925  37.889107    12.4138    7.25484      0.917    32.5851    24.6360 -9.990e-29
 209.630411      0.926  37.888286    12.4052    7.25681      0.918    32.5917    24.6428 -9.990e-29
 209.630417      0.926  37.883277    12.4039    7.24549      0.918    32.5881    24.6402 -9.990e-29
 209.630422      0.927  37.883109    12.4119    7.23567      0.919    32.5810    24.6332 -9.990e-29
 209.630428      0.926  37.889798    12.4162    7.24197      0.918    32.5836    24.6345 -9.990e-29
 209.630434      0.923  37.894311    12.4064    7.24225      0.915    32.5965    24.6463 -9.990e-29
 209.630440      0.926  37.888084    12.3883    7.23292      0.918    32.6062    24.6573 -9.990e-29
 209.630446      0.935  37.874035    12.3796    7.22135      0.927    32.6003    24.6544 -9.990e-29
 209.630451      0.946  37.867088    12.3875    7.21033      0.938    32.5868    24.6424 -9.990e-29
 209.630457      0.961  37.874245    12.3991    7.21520      0.953    32.5836    24.6377 -9.990e-29
 209.630463      0.976  37.883168    12.4006    7.22234      0.968    32.5908    24.6430 -9.990e-29
 209.630469      0.987  37.883318    12.3916    7.22320      0.979    32.5988    24.6509 -9.990e-29
 209.630475      0.995  37.876021    12.3864    7.22129      0.987    32.5963    24.6500 -9.990e-29
 209.630480      1.002  37.872304    12.3956    7.22865      0.994    32.5847    24.6392 -9.990e-29
 209.630486      1.006  37.879548    12.4110    7.23747      0.998    32.5783    24.6313 -9.990e-29
 209.630492      1.010  37.889461    12.4220    7.24167      1.002    32.5782    24.6292 -9.990e-29
 209.630498      1.011  37.894508    12.4267    7.25886      1.003    32.5790    24.6289 -9.990e-29
 209.630503      1.012  37.895811    12.4271    7.26397      1.004    32.5799    24.6295 -9.990e-29
 209.630509      1.011  37.896232    12.4256    7.26903      1.003    32.5816    24.6311 -9.990e-29
 209.630515      1.009  37.896896    12.4217    7.27553      1.001    32.5856    24.6350 -9.990e-29
 209.630521      1.006  37.897004    12.4149    7.26459      0.998    32.5916    24.6409 -9.990e-29
 209.630527      1.002  37.895017    12.4112    7.25375      0.994    32.5929    24.6426 -9.990e-29
 209.630532      0.995  37.892773    12.4146    7.25257      0.987    32.5878    24.6380 -9.990e-29
 209.630538      0.987  37.894012    12.4174    7.25194      0.979    32.5866    24.6365 -9.990e-29
 209.630544      0.979  37.895896    12.4111    7.25292      0.971    32.5939    24.6434 -9.990e-29
 209.630550      0.978  37.891963    12.4018    7.24777      0.970    32.5982    24.6485 -9.990e-29
 209.630556      0.977  37.884826    12.4017    7.23575      0.969    32.5914    24.6433 -9.990e-29
 209.630561      0.977  37.884040    12.4093    7.23404      0.969    32.5841    24.6361 -9.990e-29
 209.630567      0.982  37.889673    12.4138    7.22895      0.974    32.5856    24.6364 -9.990e-29
 209.630573      0.989  37.894093    12.4082    7.23100      0.981    32.5947    24.6445 -9.990e-29
 209.630579      0.993  37.891414    12.3981    7.23183      0.985    32.6009    24.6513 -9.990e-29
 209.630584      0.999  37.882554    12.3962    7.23282      0.991    32.5940    24.6463 -9.990e-29
 209.630590      1.011  37.877016    12.4028    7.22932      1.003    32.5830    24.6365 -9.990e-29
 209.630596      1.027  37.879943    12.4110    7.23239      1.018    32.5787    24.6316 -9.990e-29
 209.630602      1.038  37.887382    12.4179    7.24698      1.029    32.5798    24.6312 -9.990e-29
 209.630608      1.041  37.894295    12.4223    7.25194      1.032    32.5826    24.6325 -9.990e-29
 209.630613      1.041  37.898121    12.4238    7.25934      1.032    32.5850    24.6340 -9.990e-29
 209.630619      1.041  37.899100    12.4223    7.26053      1.032    32.5872    24.6361 -9.990e-29
 209.630625      1.042  37.898539    12.4170    7.25132      1.033    32.5913    24.6402 -9.990e-29
 209.630631      1.043  37.896250    12.4080    7.25016      1.034    32.5969    24.6463 -9.990e-29
 209.630637      1.046  37.891424    12.4010    7.25339      1.037    32.5983    24.6488 -9.990e-29
 209.630642      1.049  37.887725    12.4037    7.25554      1.040    32.5924    24.6437 -9.990e-29
 209.630648      1.054  37.889755    12.4143    7.25637      1.045    32.5852    24.6360 -9.990e-29
 209.630654      1.060  37.894608    12.4243    7.25888      1.051    32.5811    24.6310 -9.990e-29
 209.630660      1.068  37.897537    12.4279    7.26891      1.059    32.5808    24.6301 -9.990e-29
 209.630666      1.078  37.898523    12.4219    7.28784      1.069    32.5870    24.6360 -9.990e-29
 209.630671      1.092  37.897200    12.4083    7.28807      1.083    32.5975    24.6467 -9.990e-29
 209.630677      1.109  37.891805    12.4002    7.28598      1.100    32.5994    24.6497 -9.990e-29
 209.630683      1.132  37.886923    12.4066    7.29551      1.123    32.5891    24.6406 -9.990e-29
 209.630689      1.161  37.888944    12.4182    7.27504      1.151    32.5810    24.6320 -9.990e-29
 209.630694      1.198  37.894388    12.4221    7.23127      1.188    32.5828    24.6327 -9.990e-29
 209.630700      1.242  37.895933    12.4106    7.18195      1.232    32.5942    24.6438 -9.990e-29
 209.630706      1.286  37.890031    12.3773    7.14203      1.275    32.6175    24.6681 -9.990e-29
 209.630712      1.334  37.874423    12.3216    7.09296      1.323    32.6510    24.7047 -9.990e-29
 209.630718      1.393  37.846810    12.2541    7.05500      1.381    32.6833    24.7426 -9.990e-29
 209.630723      1.465  37.811316    12.1869    7.01059      1.453    32.7079    24.7743 -9.990e-29
 209.630729      1.557  37.775019    12.1273    6.96445      1.544    32.7250    24.7988 -9.990e-29
 209.630735      1.670  37.740553    12.0852    6.95798      1.656    32.7286    24.8095 -9.990e-29
 209.630741      1.806  37.716925    12.0713    6.96321      1.791    32.7179    24.8038 0.0000e+00
 209.630747      1.970  37.721421    12.0796    6.96448      1.954    32.7149    24.8000 0.0000e+00
 209.630752      2.159  37.751051    12.0822    6.97497      2.141    32.7412    24.8198 0.0000e+00
 209.630758      2.369  37.773522    12.0605    6.95266      2.349    32.7819    24.8555 0.0000e+00
 209.630764      2.596  37.771119    12.0209    6.89606      2.574    32.8142    24.8880 0.0000e+00
 209.630770      2.836  37.751296    11.9710    6.84907      2.812    32.8389    24.9165 0.0000e+00
 209.630775      3.092  37.721274    11.9101    6.79826      3.066    32.8634    24.9469 0.0000e+00
 209.630781      3.368  37.684768    11.8266    6.73987      3.340    32.9017    24.9921 0.0000e+00
 209.630787      3.664  37.632357    11.7233    6.68284      3.633    32.9421    25.0426 0.0000e+00
 209.630793      3.982  37.561461    11.6291    6.62580      3.949    32.9564    25.0711 0.0000e+00
 209.630799      4.320  37.495891    11.5548    6.54862      4.284    32.9583    25.0862 0.0000e+00
 209.630804      4.674  37.441312    11.4920    6.45151      4.635    32.9607    25.0994 0.0000e+00
 209.630810      5.042  37.388876    11.4375    6.36849      5.000    32.9577    25.1071 0.0000e+00
 209.630816      5.421  37.343253    11.3834    6.28521      5.376    32.9610    25.1195 0.0000e+00
 209.630822      5.808  37.300253    11.3100    6.18516      5.759    32.9841    25.1507 0.0000e+00
 209.630828      6.208  37.243476    11.2065    6.08059      6.156    33.0207    25.1978 0.0000e+00
 209.630833      6.620  37.161713    11.0942    5.94199      6.565    33.0406    25.2333 0.0000e+00
 209.630839      7.036  37.069330    10.9956    5.80704      6.977    33.0376    25.2486 0.0000e+00
 209.630845      7.453  36.986147    10.9120    5.67444      7.391    33.0301    25.2575 0.0000e+00
 209.630851      7.866  36.914526    10.8424    5.58432      7.800    33.0215    25.2631 0.0000e+00
 209.630856      8.268  36.862709    10.7685    5.50302      8.199    33.0364    25.2877 0.0000e+00
 209.630862      8.651  36.817676    10.6683    5.45348      8.579    33.0820    25.3406 0.0000e+00
 209.630868      9.008  36.747973    10.5669    5.41947      8.933    33.1040    25.3754 0.0000e+00
 209.630874      9.342  36.667210    10.5129    5.40091      9.264    33.0719    25.3597 0.0000e+00
 209.630880      9.651  36.618545    10.5188    5.39824      9.570    33.0176    25.3164 0.0000e+00
 209.630885      9.925  36.617263    10.5694    5.43763      9.842    32.9704    25.2709 0.0000e+00
 209.630891     10.152  36.653792    10.6472    5.49278     10.067    32.9365    25.2310 0.0000e+00
 209.630897     10.329  36.711223    10.7230    5.49451     10.243    32.9255    25.2092 0.0000e+00
 209.630903     10.460  36.764631    10.7837    5.49928     10.372    32.9240    25.1975 -9.990e-29
 209.630909     10.542  36.814018    10.8318    5.48152     10.454    32.9298    25.1936 -9.990e-29
 209.630914     10.578  36.860188    10.8497    5.45694     10.489    32.9597    25.2137 -9.990e-29
 209.630920     10.570  36.879461    10.8271    5.42897     10.482    32.9992    25.2485 -9.990e-29
 209.630926     10.517  36.863895    10.7761    5.44919     10.429    33.0298    25.2812 -9.990e-29
 209.630932     10.416  36.820221    10.7165    5.50153     10.329    33.0401    25.2996 -9.990e-29
 209.630937     10.261  36.769841    10.6688    5.52806     10.175    33.0330    25.3024 0.0000e+00
 209.630943     10.049  36.730818    10.6828    5.58858      9.965    32.9814    25.2598 0.0000e+00
 209.630949      9.790  36.738039    10.8030    5.70019      9.708    32.8804    25.1602 0.0000e+00
 209.630955      9.492  36.835330    10.9879    5.82089      9.413    32.8115    25.0740 0.0000e+00
 209.630961      9.167  36.983599    11.1749    5.93532      9.090    32.7913    25.0250 0.0000e+00
 209.630966      8.823  37.118652    11.3570    6.05468      8.749    32.7624    24.9699 0.0000e+00
 209.630972      8.465  37.245609    11.5248    6.16294      8.394    32.7383    24.9208 0.0000e+00
 209.630978      8.099  37.373370    11.6237    6.27203      8.031    32.7758    24.9319 0.0000e+00
 209.630984      7.733  37.451322    11.6438    6.36669      7.668    32.8343    24.9736 0.0000e+00
 209.630990      7.373  37.464526    11.6369    6.45411      7.311    32.8534    24.9897 0.0000e+00
 209.630995      7.027  37.460898    11.6321    6.51364      6.968    32.8543    24.9913 0.0000e+00
 209.631001      6.689  37.459158    11.6433    6.55103      6.633    32.8428    24.9803 0.0000e+00
 209.631007      6.355  37.465397    11.6958    6.58117      6.302    32.8026    24.9394 0.0000e+00
 209.631013      6.029  37.505318    11.7854    6.62687      5.979    32.7625    24.8917 0.0000e+00
 209.631019      5.713  37.572135    11.8748    6.67253      5.665    32.7488    24.8645 0.0000e+00
 209.631024      5.403  37.634351    11.9393    6.71202      5.358    32.7525    24.8554 0.0000e+00
 209.631030      5.102  37.678462    11.9739    6.74404      5.059    32.7649    24.8586 0.0000e+00
 209.631036      4.815  37.702163    11.9816    6.76957      4.775    32.7812    24.8698 0.0000e+00
 209.631042      4.545  37.710705    11.9705    6.80046      4.507    32.7993    24.8859 0.0000e+00
 209.631047      4.294  37.704827    11.9642    6.82448      4.258    32.7993    24.8871 0.0000e+00
 209.631053      4.057  37.696324    11.9838    6.84123      4.023    32.7739    24.8637 0.0000e+00
 209.631059      3.828  37.705267    12.0177    6.86447      3.796    32.7529    24.8410 0.0000e+00
 209.631065      3.606  37.719457    12.0506    6.90588      3.576    32.7378    24.8232 0.0000e+00
 209.631071      3.393  37.724163    12.0880    6.89939      3.365    32.7096    24.7943 0.0000e+00
 209.631076      3.190  37.728474    12.1413    6.85575      3.163    32.6672    24.7514 0.0000e+00
 209.631082      2.990  37.744876    12.2073    6.79922      2.965    32.6255    24.7066 0.0000e+00
 209.631088      2.795  37.772805    12.2567    6.84814      2.772    32.6093    24.6847 0.0000e+00
 209.631094      2.605  37.793978    12.2723    6.89254      2.583    32.6162    24.6871 0.0000e+00
 209.631100      2.417  37.796814    12.2715    6.83873      2.397    32.6197    24.6899 0.0000e+00
 209.631105      2.232  37.790154    12.2721    7.89916      2.213    32.6128    24.6845 0.0000e+00
 209.631111      2.054  37.785874    12.2718    7.59909      2.037    32.6091    24.6816 0.0000e+00
 209.631117      1.885  37.781632    12.2577    7.29010      1.869    32.6173    24.6907 0.0000e+00
 209.631123      1.724  37.767846    12.2311    7.04298      1.710    32.6273    24.7035 0.0000e+00
 209.631128      1.573  37.744650    12.2023    6.99468      1.560    32.6302    24.7111 0.0000e+00
 209.631134      1.435  37.700746    12.1692    7.00356      1.423    32.6169    24.7070 0.0000e+00
 209.631140      1.305  37.594418    12.1290    6.99913      1.294    32.5495    24.6623 0.0000e+00
 209.631146      1.180  37.313621    12.0884    7.01023      1.170    32.3142    24.4874 -9.990e-29
 209.631152      1.064  36.509196    12.0541    6.97305      1.055    31.5694    23.9161 -9.990e-29
 209.631157      0.964  34.123154    12.0300    7.00851      0.956    29.3066    22.1662 -9.990e-29
 209.631163      0.876  26.984757    12.0178 -9.990e-29      0.869    22.6264    16.9980 -9.990e-29
 209.631169      0.795  16.047017    12.0145 -9.990e-29      0.788    12.8269     9.4296 -9.990e-29
 209.631175      0.722   8.312274    12.0151 -9.990e-29      0.716     6.3029     4.3901 -9.990e-29
 209.631181      0.658   5.472295    12.0169 -9.990e-29      0.653     4.0273     2.6286 -9.990e-29
 209.631186      0.606   4.473730    12.0189 -9.990e-29      0.601     3.2484     2.0247 -9.990e-29
 209.631192      0.560   3.856100    12.0213 -9.990e-29      0.555     2.7732     1.6559 -9.990e-29
 209.631198      0.519   3.392612    12.0244 -9.990e-29      0.515     2.4204     1.3817 -9.990e-29
 209.631204      0.484   3.218786    12.0282 -9.990e-29      0.480     2.2889     1.2791 -9.990e-29
 209.631209      0.461   3.312458    12.0302 -9.990e-29      0.457     2.3594     1.3336 -9.990e-29
 209.631215      0.454   3.474897 -9.990e-29 -9.990e-29      0.450 -9.990e-29 -9.990e-29 -9.990e-29
