data/oxygen options/ONMS/Olympic_Coast_National_Marine_Sanctuary_Hypoxia_Survey_CTD_Data_2004_2015/raw_data/2004/CTD_CE10_090704faed.cnv
* Sea-Bird SBE19 Data File:
* FileName = C:\WINDOWS\Desktop\put hypoxia files here\CTD data\September 07_0804\CE\Raw\CE10_090704.hex
* Software Version 1.1.4
* Temperature SN = 2997
* Conductivity SN = 2997
* System UpLoad Time = Sep 07 2004 16:11:03
* SEACAT PROFILER V3.1c SN 2997   09/07/04  16:13:29.695
* strain gauge pressure sensor: S/N = 184829,  range = 3000 psia,  tc = 40
# nquan = 9                                 
# nvalues = 487                         
# units = specified
# name 0 = timeJ: Julian Days
# name 1 = prSM: Pressure, Strain Gauge [db]
# name 2 = c0mS/cm: Conductivity [mS/cm]
# name 3 = t090C: Temperature [ITS-90, deg C]
# name 4 = oxML/L: Oxygen, Beckman/YSI [ml/l]
# name 5 = depSM: Depth [salt water, m], lat = 47.5
# name 6 = sal00: Salinity, Practical [PSU]
# name 7 = sigma-é00: Density [sigma-theta, kg/m^3]
# name 8 = flag: flag
# span 0 = 251.654572, 251.657384       
# span 1 =     -5.427,      9.790       
# span 2 =   0.393713,  39.065250       
# span 3 =     9.6916,    15.7563       
# span 4 =   -0.05214,   30.60217       
# span 5 =     -5.382,      9.708       
# span 6 =     0.2324,    33.0329       
# span 7 =    -0.8350,    25.4589       
# span 8 = 0.0000e+00, 0.0000e+00       
# interval = seconds: 0.5
# start_time = Sep 07 2004 15:42:35 [Instrument's time stamp, header]
# bad_flag = -9.990e-29
*END*
[from data line 321]
 251.656429      0.339  38.505100    13.5637    5.67195      0.336    32.1834    24.1000 -9.990e-29
 251.656435      0.358  38.484912    13.5502    5.67487      0.355    32.1760    24.0970 -9.990e-29
 251.656441      0.373  38.473125    13.5451    5.68007      0.370    32.1693    24.0928 -9.990e-29
 251.656447      0.380  38.471971    13.5559    5.69186      0.377    32.1591    24.0828 -9.990e-29
 251.656453      0.380  38.483840    13.5842    5.70558      0.377    32.1464    24.0673 -9.990e-29
 251.656458      0.378  38.510541    13.6149    5.71049      0.375    32.1454    24.0603 -9.990e-29
 251.656464      0.381  38.536080    13.6345    5.71553      0.378    32.1527    24.0620 -9.990e-29
 251.656470      0.389  38.548529    13.6438    5.70546      0.386    32.1564    24.0630 -9.990e-29
 251.656476      0.400  38.553283    13.6454    5.69714      0.397    32.1595    24.0650 -9.990e-29
 251.656481      0.414  38.553883    13.6421    5.67050      0.411    32.1628    24.0683 -9.990e-29
 251.656487      0.427  38.551136    13.6370    5.66322      0.423    32.1645    24.0706 -9.990e-29
 251.656493      0.436  38.548115    13.6220    5.66456      0.432    32.1743    24.0812 -9.990e-29
 251.656499      0.442  38.537433    13.5945    5.67462      0.438    32.1875    24.0970 -9.990e-29
 251.656505      0.445  38.514948    13.5745    5.68652      0.441    32.1835    24.0979 -9.990e-29
 251.656510      0.444  38.498358    13.5770    5.68895      0.440    32.1659    24.0838 -9.990e-29
 251.656516      0.441  38.500876    13.5950    5.67254      0.437    32.1531    24.0703 -9.990e-29
 251.656522      0.434  38.516326    13.6130    5.67718      0.430    32.1523    24.0661 -9.990e-29
 251.656528      0.429  38.530538    13.6225    5.67144      0.425    32.1576    24.0682 -9.990e-29
 251.656534      0.432  38.536674    13.6258    5.68258      0.428    32.1605    24.0698 -9.990e-29
 251.656539      0.444  38.539557    13.6261    5.68402      0.440    32.1629    24.0716 -9.990e-29
 251.656545      0.457  38.539675    13.6265    5.67959      0.453    32.1627    24.0713 -9.990e-29
 251.656551      0.469  38.538874    13.6286    5.71245      0.465    32.1602    24.0690 -9.990e-29
 251.656557      0.478  38.540577    13.6335    5.71105      0.474    32.1576    24.0660 -9.990e-29
 251.656563      0.488  38.544816    13.6459    5.70134      0.484    32.1511    24.0585 -9.990e-29
 251.656568      0.496  38.557250    13.6687    5.69058      0.492    32.1435    24.0480 -9.990e-29
 251.656574      0.501  38.582684    13.6890    5.66573      0.497    32.1501    24.0490 -9.990e-29
 251.656580      0.503  38.603435    13.6848    5.66871      0.499    32.1729    24.0675 -9.990e-29
 251.656586      0.509  38.596703    13.6587    5.67378      0.505    32.1886    24.0849 -9.990e-29
 251.656591      0.521  38.570348    13.6326    5.69533      0.517    32.1860    24.0882 -9.990e-29
 251.656597      0.535  38.545885    13.6203    5.70225      0.531    32.1736    24.0811 -9.990e-29
 251.656603      0.542  38.535005    13.6261    5.69313      0.537    32.1587    24.0683 -9.990e-29
 251.656609      0.536  38.538905    13.6485    5.67361      0.532    32.1435    24.0521 -9.990e-29
 251.656615      0.525  38.556618    13.6721    5.65741      0.521    32.1401    24.0447 -9.990e-29
 251.656620      0.515  38.576432    13.6748    5.65678      0.511    32.1562    24.0566 -9.990e-29
 251.656626      0.512  38.577104    13.6530    5.68088      0.508    32.1752    24.0756 -9.990e-29
 251.656632      0.518  38.558419    13.6268    5.69155      0.514    32.1798    24.0845 -9.990e-29
 251.656638      0.530  38.538661    13.6201    5.69523      0.526    32.1671    24.0760 -9.990e-29
 251.656644      0.540  38.534109    13.6398    5.69115      0.535    32.1463    24.0560 -9.990e-29
 251.656649      0.545  38.551594    13.6702    5.69064      0.540    32.1370    24.0427 -9.990e-29
 251.656655      0.549  38.576851    13.6898    5.68933      0.544    32.1440    24.0441 -9.990e-29
 251.656661      0.557  38.590845    13.6914    5.68874      0.552    32.1556    24.0528 -9.990e-29
 251.656667      0.573  38.590375    13.6839    5.68851      0.568    32.1615    24.0588 -9.990e-29
 251.656672      0.599  38.582114    13.6803    5.68765      0.594    32.1568    24.0560 -9.990e-29
 251.656678      0.623  38.576929    13.6820    5.69165      0.618    32.1506    24.0508 -9.990e-29
 251.656684      0.639  38.576131    13.6835    5.70867      0.634    32.1486    24.0489 -9.990e-29
 251.656690      0.646  38.575854    13.6834    5.71274      0.641    32.1484    24.0488 -9.990e-29
 251.656696      0.643  38.577219    13.6861    5.69746      0.638    32.1474    24.0475 -9.990e-29
 251.656701      0.627  38.582039    13.6964    5.66783      0.622    32.1432    24.0422 -9.990e-29
 251.656707      0.612  38.592621    13.7082    5.64576      0.607    32.1432    24.0398 -9.990e-29
 251.656713      0.604  38.603436    13.6991    5.65099      0.599    32.1608    24.0553 -9.990e-29
 251.656719      0.604  38.591878    13.6574    5.65541      0.599    32.1852    24.0825 -9.990e-29
 251.656725      0.611  38.552068    13.6154    5.66838      0.606    32.1835    24.0897 -9.990e-29
 251.656730      0.621  38.518978    13.6062    5.67286      0.616    32.1605    24.0737 -9.990e-29
 251.656736      0.626  38.517457    13.6225    5.67553      0.621    32.1453    24.0588 -9.990e-29
 251.656742      0.623  38.535922    13.6450    5.67987      0.618    32.1436    24.0529 -9.990e-29
 251.656748      0.616  38.557477    13.6638    5.67994      0.611    32.1478    24.0523 -9.990e-29
 251.656753      0.612  38.573281    13.6775    5.68657      0.607    32.1510    24.0520 -9.990e-29
 251.656759      0.611  38.582528    13.6898    5.69835      0.606    32.1492    24.0482 -9.990e-29
 251.656765      0.610  38.589692    13.7012    5.67889      0.605    32.1463    24.0436 -9.990e-29
 251.656771      0.612  38.597027    13.7099    5.67275      0.607    32.1458    24.0415 -9.990e-29
 251.656777      0.617  38.604773    13.7140    5.66072      0.612    32.1496    24.0435 -9.990e-29
 251.656782      0.622  38.608105    13.7088    5.66711      0.617    32.1570    24.0503 -9.990e-29
 251.656788      0.630  38.601924    13.6962    5.68269      0.625    32.1619    24.0566 -9.990e-29
 251.656794      0.644  38.590885    13.6878    5.69173      0.639    32.1587    24.0559 -9.990e-29
 251.656800      0.654  38.584938    13.6899    5.69558      0.649    32.1514    24.0498 -9.990e-29
 251.656806      0.661  38.587917    13.6982    5.69319      0.655    32.1472    24.0449 -9.990e-29
 251.656811      0.671  38.594812    13.7096    5.70800      0.665    32.1440    24.0401 -9.990e-29
 251.656817      0.680  38.602471    13.7247    5.72078      0.674    32.1384    24.0328 -9.990e-29
 251.656823      0.684  38.613807    13.7421    5.72694      0.678    32.1343    24.0261 -9.990e-29
 251.656829      0.687  38.628223    13.7585    5.72271      0.681    32.1339    24.0225 -9.990e-29
 251.656834      0.694  38.641376    13.7703    5.71576      0.688    32.1362    24.0218 -9.990e-29
 251.656840      0.701  38.651730    13.7728    5.67997      0.695    32.1437    24.0271 -9.990e-29
 251.656846      0.704  38.655136    13.7634    5.66323      0.698    32.1548    24.0375 -9.990e-29
 251.656852      0.703  38.647154    13.7440    5.65703      0.697    32.1636    24.0483 -9.990e-29
 251.656858      0.699  38.630037    13.7131    5.64953      0.693    32.1737    24.0624 -9.990e-29
 251.656863      0.691  38.604508    13.6740    5.64505      0.685    32.1829    24.0774 -9.990e-29
 251.656869      0.683  38.573538    13.6432    5.64784      0.677    32.1800    24.0814 -9.990e-29
 251.656875      0.679  38.550786    13.6320    5.65538      0.673    32.1683    24.0746 -9.990e-29
 251.656881      0.674  38.544038    13.6352    5.67172      0.668    32.1593    24.0670 -9.990e-29
 251.656887      0.668  38.547649    13.6523    5.68918      0.662    32.1483    24.0551 -9.990e-29
 251.656892      0.664  38.560816    13.6846    5.69081      0.658    32.1334    24.0370 -9.990e-29
 251.656898      0.663  38.587063    13.7129    5.69397      0.657    32.1340    24.0318 -9.990e-29
 251.656904      0.664  38.609781    13.7274    5.68126      0.658    32.1429    24.0357 -9.990e-29
 251.656910      0.663  38.619436    13.7391    5.67986      0.657    32.1421    24.0327 -9.990e-29
 251.656916      0.657  38.628901    13.7456    5.67769      0.652    32.1454    24.0339 -9.990e-29
 251.656921      0.648  38.633959    13.7395    5.68355      0.643    32.1552    24.0427 -9.990e-29
 251.656927      0.644  38.626766    13.7265    5.69043      0.639    32.1594    24.0486 -9.990e-29
 251.656933      0.651  38.614555    13.7167    5.68631      0.646    32.1563    24.0482 -9.990e-29
 251.656939      0.663  38.606835    13.7146    5.68423      0.657    32.1509    24.0445 -9.990e-29
 251.656944      0.673  38.607323    13.7166    5.67453      0.667    32.1497    24.0431 -9.990e-29
 251.656950      0.682  38.611048    13.7161    5.67437      0.676    32.1536    24.0462 -9.990e-29
 251.656956      0.700  38.611190    13.7110    5.67349      0.694    32.1580    24.0507 -9.990e-29
 251.656962      0.726  38.606249    13.7077    5.66902      0.720    32.1562    24.0499 -9.990e-29
 251.656968      0.754  38.602532    13.7099    5.68262      0.748    32.1509    24.0454 -9.990e-29
 251.656973      0.781  38.605167    13.7126    5.74937      0.774    32.1510    24.0450 -9.990e-29
 251.656979      0.814  38.608684    13.7126    5.80707      0.807    32.1543    24.0475 -9.990e-29
 251.656985      0.860  38.607107    13.7133    5.91253      0.853    32.1522    24.0457 -9.990e-29
 251.656991      0.920  38.605057    13.7182    5.98481      0.912    32.1462    24.0401 -9.990e-29
 251.656997      0.998  38.608208    13.7278    5.95361      0.990    32.1410    24.0342 -9.990e-29
 251.657002      1.097  38.616263    13.7386    5.86373      1.088    32.1394    24.0307 -9.990e-29
 251.657008      1.216  38.626495    13.7352    5.74318      1.206    32.1517    24.0409 -9.990e-29
 251.657014      1.365  38.626177    13.6826    5.58113      1.354    32.1955    24.0854 0.0000e+00
 251.657020      1.552  38.586835    13.5158    5.39685      1.539    32.2995    24.1994 0.0000e+00
 251.657025      1.789  38.458254    13.2136    5.25456      1.774    32.4359    24.3651 0.0000e+00
 251.657031      2.083  38.227149    12.8213    5.08687      2.066    32.5542    24.5337 0.0000e+00
 251.657037      2.427  37.943740    12.3746    4.94730      2.407    32.6709    24.7101 0.0000e+00
 251.657043      2.812  37.634449    11.9564    4.78012      2.789    32.7386    24.8414 0.0000e+00
 251.657049      3.233  37.348910    11.6564    4.61146      3.206    32.7251    24.8864 0.0000e+00
 251.657054      3.675  37.163902    11.4486    4.46848      3.644    32.7278    24.9263 0.0000e+00
 251.657060      4.117  37.049114    11.2689    4.32922      4.083    32.7743    24.9949 0.0000e+00
 251.657066      4.554  36.936108    11.0973    4.18166      4.516    32.8156    25.0577 0.0000e+00
 251.657072      4.993  36.819401    10.9339    4.04589      4.951    32.8459    25.1102 0.0000e+00
 251.657078      5.439  36.705395    10.7784    3.91054      5.394    32.8719    25.1578 0.0000e+00
 251.657083      5.892  36.591750    10.6305    3.75981      5.843    32.8914    25.1987 0.0000e+00
 251.657089      6.345  36.483338    10.4899    3.61919      6.292    32.9096    25.2371 0.0000e+00
 251.657095      6.793  36.384712    10.3599    3.46568      6.736    32.9280    25.2737 0.0000e+00
 251.657101      7.230  36.296094    10.2470    3.31955      7.170    32.9409    25.3030 0.0000e+00
 251.657106      7.650  36.219836    10.1525    3.17614      7.586    32.9496    25.3257 0.0000e+00
 251.657112      8.050  36.156265    10.0730    3.04838      7.983    32.9574    25.3452 0.0000e+00
 251.657118      8.429  36.102447    10.0004    2.95912      8.358    32.9689    25.3663 0.0000e+00
 251.657124      8.781  36.053876     9.9190    2.90270      8.708    32.9937    25.3993 0.0000e+00
 251.657130      9.099  35.998469     9.8263    2.86218      9.023    33.0220    25.4367 0.0000e+00
 251.657135      9.373  35.934651     9.7433    2.82471      9.295    33.0329    25.4589 0.0000e+00
 251.657141      9.586  35.879340     9.6946    2.79093      9.506    33.0210    25.4576 0.0000e+00
 251.657147      9.726  35.847900     9.6916    2.77806      9.645    32.9915    25.4351 -9.990e-29
 251.657153      9.790  35.846598     9.7311    2.76503      9.708    32.9539    25.3992 -9.990e-29
 251.657159      9.780  35.873119     9.7985    2.77755      9.698    32.9193    25.3611 -9.990e-29
 251.657164      9.701  35.918528     9.8738    2.79843      9.620    32.8968    25.3311 -9.990e-29
 251.657170      9.548  35.969932     9.9230    2.82629      9.468    32.9043    25.3288 0.0000e+00
 251.657176      9.328  35.997766     9.9234    2.84620      9.250    32.9324    25.3507 0.0000e+00
 251.657182      9.066  35.988134     9.9120    2.85423      8.990    32.9331    25.3531 0.0000e+00
 251.657187      8.779  35.976973     9.9336    2.87420      8.706    32.9022    25.3254 0.0000e+00
 251.657193      8.467  35.992561     9.9884    2.88676      8.396    32.8682    25.2898 0.0000e+00
 251.657199      8.126  36.027638    10.0585    2.94305      8.058    32.8402    25.2562 0.0000e+00
 251.657205      7.769  36.070104    10.1260    2.99364      7.704    32.8221    25.2308 0.0000e+00
 251.657211      7.412  36.110994    10.1783    3.05821      7.350    32.8162    25.2174 0.0000e+00
 251.657216      7.062  36.142044    10.2212    3.12444      7.003    32.8089    25.2044 0.0000e+00
 251.657222      6.718  36.167659    10.2750    3.19551      6.662    32.7862    25.1776 0.0000e+00
 251.657228      6.381  36.200690    10.3561    3.29481      6.328    32.7464    25.1328 0.0000e+00
 251.657234      6.054  36.253218    10.4586    3.40707      6.003    32.7070    25.0846 0.0000e+00
 251.657240      5.741  36.325763    10.5568    3.52707      5.693    32.6917    25.0558 0.0000e+00
 251.657245      5.446  36.394518    10.6362    3.61953      5.400    32.6894    25.0403 0.0000e+00
 251.657251      5.161  36.444644    10.7066    3.71676      5.118    32.6765    25.0181 0.0000e+00
 251.657257      4.882  36.490285    10.7863    3.79779      4.841    32.6509    24.9843 0.0000e+00
 251.657263      4.608  36.549128    10.8692    3.90168      4.569    32.6356    24.9579 0.0000e+00
 251.657269      4.342  36.613849    10.9415    3.98067      4.306    32.6355    24.9451 0.0000e+00
 251.657274      4.090  36.665341    11.0149    4.03379      4.056    32.6213    24.9212 0.0000e+00
 251.657280      3.849  36.710030    11.0948    4.10773      3.817    32.5947    24.8863 0.0000e+00
 251.657286      3.610  36.760968    11.1654    4.15895      3.580    32.5825    24.8642 0.0000e+00
 251.657292      3.365  36.808698    11.2221    4.19593      3.337    32.5795    24.8518 0.0000e+00
 251.657297      3.105  36.841175    11.2853    4.23127      3.079    32.5557    24.8219 0.0000e+00
 251.657303      2.835  36.870305    11.3699    4.26088      2.811    32.5098    24.7711 0.0000e+00
 251.657309      2.561  36.915303    11.4699    4.20475      2.540    32.4660    24.7190 0.0000e+00
 251.657315      2.285  36.975051    11.5895    4.16632      2.266    32.4197    24.6613 0.0000e+00
 251.657321      2.016  37.054643    11.7635    4.06728      1.999    32.3454    24.5718 0.0000e+00
 251.657326      1.754  37.184516    12.0059    3.95272      1.739    32.2609    24.4614 0.0000e+00
 251.657332      1.495  37.361767    12.2805 -9.990e-29      1.483    32.1947    24.3587 0.0000e+00
 251.657338      1.244  37.540689    12.5727 -9.990e-29      1.234    32.1155    24.2418 0.0000e+00
 251.657344      1.006  37.709778    12.9028 -9.990e-29      0.998    31.9954    24.0852 0.0000e+00
