data/oxygen options/ONMS/Olympic_Coast_National_Marine_Sanctuary_Hypoxia_Survey_CTD_Data_2004_2015/raw_data/2004/CTD_CA70_082404faed.cnv
* Sea-Bird SBE19 Data File:
* FileName = C:\WINDOWS\Desktop\put hypoxia files here\CTD data\August 24_25-04\CA70_082404.hex
* Software Version 1.1.4
* Temperature SN = 2997
* Conductivity SN = 2997
* System UpLoad Time = Aug 24 2004 12:37:37
* SEACAT PROFILER V3.1c SN 2997   08/24/04  12:39:15.226
* strain gauge pressure sensor: S/N = 184829,  range = 3000 psia,  tc = 40
# nquan = 9                                 
# nvalues = 760                         
# units = specified
# name 0 = timeJ: Julian Days
# name 1 = prSM: Pressure, Strain Gauge [db]
# name 2 = c0mS/cm: Conductivity [mS/cm]
# name 3 = t090C: Temperature [ITS-90, deg C]
# name 4 = oxML/L: Oxygen, Beckman/YSI [ml/l]
# name 5 = depSM: Depth [salt water, m], lat = 47.5
# name 6 = sal00: Salinity, Practical [PSU]
# name 7 = sigma-é00: Density [sigma-theta, kg/m^3]
# name 8 = flag: flag
# span 0 = 237.477593, 237.481985       
# span 1 =     -5.021,     70.318       
# span 2 =   0.913715,  39.628997       
# span 3 =     7.7031,    15.3569       
# span 4 =   -0.05272,   29.45553       
# span 5 =     -4.979,     69.719       
# span 6 =     0.5612,    33.4513       
# span 7 =    -0.5017,    26.0990       
# span 8 = 0.0000e+00, 0.0000e+00       
# interval = seconds: 0.5
# start_time = Aug 24 2004 11:27:44 [Instrument's time stamp, header]
# bad_flag = -9.990e-29
*END*
 237.477593     -4.965 -9.990e-29    15.2261   -0.05270     -4.924 -9.990e-29 -9.990e-29 -9.990e-29
 237.477598     -4.983   1.096129    15.2263   -0.05270     -4.941     0.6787    -0.4082 -9.990e-29
 237.477604     -5.003   1.098446    15.2265   -0.05270     -4.961     0.6802    -0.4071 -9.990e-29
 237.477610     -5.016   1.099101    15.2270   -0.05270     -4.974     0.6807    -0.4069 -9.990e-29
 237.477616     -5.019   1.095081    15.2276   -0.05271     -4.977     0.6780    -0.4090 -9.990e-29
 237.477622     -5.016   1.085846    15.2280   -0.05271     -4.974     0.6721    -0.4136 -9.990e-29
 237.477627     -5.017   1.074090    15.2282   -0.05272     -4.975     0.6645    -0.4195 -9.990e-29
 237.477633     -5.021   1.063393    15.2286   -0.05271     -4.979     0.6576    -0.4249 -9.990e-29
 237.477639     -5.019   1.053364    15.2298   -0.05271     -4.977     0.6511    -0.4301 -9.990e-29
 237.477645     -5.008   1.039326    15.2318   -0.05270     -4.966     0.6420    -0.4375 -9.990e-29
 237.477650     -4.987   1.021445    15.2336   -0.05270     -4.945     0.6304    -0.4467 -9.990e-29
 237.477656     -4.958   1.005870    15.2347   -0.05269     -4.917     0.6204    -0.4546 -9.990e-29
 237.477662     -4.928   0.996271    15.2356   -0.05269     -4.887     0.6142    -0.4595 -9.990e-29
 237.477668     -4.901   0.988181    15.2370   -0.05268     -4.860     0.6090    -0.4637 -9.990e-29
 237.477674     -4.873   0.972482    15.2387   -0.05264     -4.832     0.5989    -0.4718 -9.990e-29
 237.477679     -4.843   0.948236    15.2403   -0.05258     -4.803     0.5833    -0.4841 -9.990e-29
 237.477685     -4.810   0.925319    15.2418   -0.05256     -4.770     0.5686    -0.4957 -9.990e-29
 237.477691     -4.771   0.913715    15.2435   -0.05256     -4.731     0.5612    -0.5017 -9.990e-29
 237.477697     -4.724   0.914614    15.2455   -0.04434     -4.685     0.5617    -0.5016 -9.990e-29
 237.477703     -4.670   0.923661    15.2474   -0.04350     -4.631     0.5675    -0.4974 -9.990e-29
 237.477708     -4.614   0.939037    15.2494   -0.04346     -4.576     0.5773    -0.4902 -9.990e-29
 237.477714     -4.557   0.960700    15.2526   -0.04346     -4.519     0.5911    -0.4800 -9.990e-29
 237.477720     -4.499   0.990878    15.2578   -0.04346     -4.462     0.6104    -0.4659 -9.990e-29
 237.477726     -4.441   1.047043    15.2640   -0.04347     -4.404     0.6464    -0.4390 -9.990e-29
 237.477731     -4.376   1.195751    15.2700   -0.04347     -4.340     0.7425    -0.3658 -9.990e-29
 237.477737     -4.298   1.594186    15.2756   -0.04346     -4.262     1.0034    -0.1653 -9.990e-29
 237.477743     -4.208   2.605321    15.2826   -0.04347     -4.173     1.6828     0.3571 -9.990e-29
 237.477749     -4.096   5.345739    15.2968   -0.04348     -4.062     3.6087     1.8353 -9.990e-29
 237.477755     -3.953  13.350472    15.3183   -0.04349     -3.920     9.6442     6.4556 -9.990e-29
 237.477760     -3.781  25.697576    15.3368   -0.04349     -3.749    19.6712    14.1256 -9.990e-29
 237.477766     -3.584  34.564472    15.3464   -0.04347     -3.554    27.2658    19.9467 -9.990e-29
 237.477772     -3.385  37.918458    15.3493   -0.04346     -3.357    30.2151    22.2120 -9.990e-29
 237.477778     -3.206  39.046987    15.3492   -0.04346     -3.179    31.2175    22.9827 -9.990e-29
 237.477784     -3.055  39.423386    15.3484   -0.04347     -3.030    31.5534    23.2413 -9.990e-29
 237.477789     -2.933  39.549561    15.3466   -0.04348     -2.909    31.6673    23.3293 -9.990e-29
 237.477795     -2.828  39.590983    15.3434   -0.04348     -2.804    31.7068    23.3604 -9.990e-29
 237.477801     -2.732  39.602360    15.3401   -0.04348     -2.709    31.7196    23.3710 -9.990e-29
 237.477807     -2.652  39.601150    15.3378   -0.04348     -2.630    31.7203    23.3720 -9.990e-29
 237.477813     -2.596  39.595318    15.3383   -0.04348     -2.574    31.7147    23.3676 -9.990e-29
 237.477818     -2.566  39.592837    15.3423   -0.04348     -2.545    31.7093    23.3625 -9.990e-29
 237.477824     -2.553  39.597172    15.3471   -0.04349     -2.532    31.7093    23.3615 -9.990e-29
 237.477830     -2.546  39.604049    15.3489   -0.04349     -2.525    31.7139    23.3647 -9.990e-29
 237.477836     -2.531  39.606971    15.3470   -0.04348     -2.510    31.7181    23.3683 -9.990e-29
 237.477841     -2.506  39.603146    15.3427   -0.04348     -2.485    31.7181    23.3693 -9.990e-29
 237.477847     -2.479  39.596495    15.3383   -0.04347     -2.458    31.7157    23.3684 -9.990e-29
 237.477853     -2.452  39.593338    15.3362   -0.04347     -2.432    31.7146    23.3680 -9.990e-29
 237.477859     -2.424  39.595117    15.3371   -0.04347     -2.404    31.7154    23.3684 -9.990e-29
 237.477865     -2.392  39.596953    15.3388   -0.04347     -2.372    31.7157    23.3683 -9.990e-29
 237.477870     -2.355  39.594040    15.3380   -0.04349     -2.335    31.7137    23.3669 -9.990e-29
 237.477876     -2.311  39.588711    15.3358   -0.04350     -2.292    31.7107    23.3651 -9.990e-29
 237.477882     -2.260  39.586246    15.3369   -0.04349     -2.241    31.7076    23.3625 -9.990e-29
 237.477888     -2.213  39.587888    15.3410   -0.04348     -2.195    31.7058    23.3601 -9.990e-29
 237.477894     -2.175  39.591940    15.3444   -0.04348     -2.157    31.7066    23.3601 -9.990e-29
 237.477899     -2.144  39.595430    15.3468   -0.04348     -2.126    31.7078    23.3604 -9.990e-29
 237.477905     -2.118  39.598568    15.3487   -0.04348     -2.100    31.7090    23.3610 -9.990e-29
 237.477911     -2.094  39.602213    15.3492   -0.04349     -2.077    31.7119    23.3631 -9.990e-29
 237.477917     -2.072  39.601731    15.3455   -0.04349     -2.055    31.7144    23.3658 -9.990e-29
 237.477922     -2.050  39.598206    15.3378   -0.04347     -2.033    31.7175    23.3699 -9.990e-29
 237.477928     -2.031  39.597640    15.3325   -0.04348     -2.014    31.7213    23.3739 -9.990e-29
 237.477934     -2.018  39.598758    15.3331   -0.04348     -2.001    31.7218    23.3742 -9.990e-29
 237.477940     -2.010  39.600846    15.3360   -0.04348     -1.993    31.7213    23.3732 -9.990e-29
 237.477946     -2.003  39.604486    15.3384   -0.04349     -1.986    31.7226    23.3737 -9.990e-29
 237.477951     -1.987  39.605037    15.3387   -0.04349     -1.970    31.7228    23.3738 -9.990e-29
 237.477957     -1.961  39.602154    15.3360   -0.04347     -1.945    31.7224    23.3741 -9.990e-29
 237.477963     -1.933  39.600453    15.3333   -0.04347     -1.917    31.7231    23.3752 -9.990e-29
 237.477969     -1.905  39.600513    15.3351   -0.04347     -1.889    31.7217    23.3737 -9.990e-29
 237.477975     -1.874  39.602454    15.3403   -0.04347     -1.858    31.7192    23.3706 -9.990e-29
 237.477980     -1.840  39.606101    15.3437   -0.04348     -1.825    31.7197    23.3703 -9.990e-29
 237.477986     -1.803  39.606820    15.3425   -0.04348     -1.788    31.7213    23.3718 -9.990e-29
 237.477992     -1.772  39.603931    15.3379   -0.04347     -1.757    31.7224    23.3736 -9.990e-29
 237.477998     -1.747  39.602042    15.3344   -0.04347     -1.732    31.7236    23.3753 -9.990e-29
 237.478003     -1.727  39.602042    15.3362   -0.04347     -1.713    31.7221    23.3738 -9.990e-29
 237.478009     -1.710  39.603972    15.3424   -0.04347     -1.696    31.7188    23.3699 -9.990e-29
 237.478015     -1.693  39.608761    15.3481   -0.04348     -1.679    31.7185    23.3684 -9.990e-29
 237.478021     -1.668  39.612178    15.3501   -0.04348     -1.654    31.7199    23.3691 -9.990e-29
 237.478027     -1.640  39.610970    15.3482   -0.04348     -1.626    31.7203    23.3698 -9.990e-29
 237.478032     -1.614  39.608059    15.3445   -0.04348     -1.601    31.7207    23.3709 -9.990e-29
 237.478038     -1.597  39.606337    15.3432   -0.04347     -1.584    31.7202    23.3708 -9.990e-29
 237.478044     -1.589  39.606354    15.3455   -0.04348     -1.576    31.7184    23.3689 -9.990e-29
 237.478050     -1.580  39.608735    15.3484   -0.04348     -1.567    31.7182    23.3681 -9.990e-29
 237.478056     -1.566  39.612210    15.3495   -0.04349     -1.553    31.7204    23.3695 -9.990e-29
 237.478061     -1.550  39.612479    15.3485   -0.04349     -1.537    31.7214    23.3706 -9.990e-29
 237.478067     -1.536  39.609382    15.3462   -0.04347     -1.523    31.7205    23.3704 -9.990e-29
 237.478073     -1.521  39.606686    15.3444   -0.04347     -1.508    31.7195    23.3700 -9.990e-29
 237.478079     -1.510  39.605328    15.3440   -0.04347     -1.497    31.7186    23.3694 -9.990e-29
 237.478084     -1.502  39.605221    15.3444   -0.04347     -1.489    31.7182    23.3690 -9.990e-29
 237.478090     -1.492  39.607385    15.3446   -0.04348     -1.480    31.7200    23.3703 -9.990e-29
 237.478096     -1.480  39.610823    15.3437   -0.04348     -1.468    31.7238    23.3734 -9.990e-29
 237.478102     -1.460  39.611744    15.3412   -0.04348     -1.448    31.7266    23.3762 -9.990e-29
 237.478108     -1.436  39.610299    15.3384   -0.04347     -1.424    31.7276    23.3775 -9.990e-29
 237.478113     -1.422  39.610214    15.3389   -0.04347     -1.410    31.7271    23.3770 -9.990e-29
 237.478119     -1.423  39.611976    15.3430   -0.04347     -1.411    31.7254    23.3748 -9.990e-29
 237.478125     -1.426  39.615171    15.3472   -0.04348     -1.414    31.7248    23.3735 -9.990e-29
 237.478131     -1.418  39.618492    15.3495   -0.04348     -1.406    31.7259    23.3738 -9.990e-29
 237.478137     -1.394  39.619116    15.3494   -0.04348     -1.382    31.7265    23.3743 -9.990e-29
 237.478142     -1.357  39.617359    15.3474   -0.04347     -1.346    31.7266    23.3748 -9.990e-29
 237.478148     -1.318  39.615410    15.3459   -0.04347     -1.307    31.7260    23.3747 -9.990e-29
 237.478154     -1.286  39.614077    15.3468   -0.04347     -1.275    31.7241    23.3730 -9.990e-29
 237.478160     -1.260  39.613867    15.3490   -0.04347     -1.249    31.7221    23.3710 -9.990e-29
 237.478166     -1.234  39.613981    15.3504   -0.04348     -1.224    31.7211    23.3699 -9.990e-29
 237.478171     -1.211  39.612932    15.3499   -0.04349     -1.201    31.7206    23.3696 -9.990e-29
 237.478177     -1.193  39.611608    15.3482   16.71780     -1.183    31.7207    23.3701 -9.990e-29
 237.478183     -1.180  39.611090    15.3471   27.88393     -1.170    31.7212    23.3707 -9.990e-29
 237.478189     -1.169  39.611289    15.3476   29.45553     -1.159    31.7209    23.3704 -9.990e-29
 237.478194     -1.162  39.611952    15.3488   25.80675     -1.152    31.7206    23.3699 -9.990e-29
 237.478200     -1.156  39.612886    15.3498   16.73712     -1.146    31.7206    23.3697 -9.990e-29
 237.478206     -1.148  39.613695    15.3497   13.41769     -1.138    31.7214    23.3703 -9.990e-29
 237.478212     -1.133  39.613255    15.3480   13.42964     -1.124    31.7223    23.3714 -9.990e-29
 237.478218     -1.115  39.612146    15.3449   13.38662     -1.106    31.7239    23.3732 -9.990e-29
 237.478223     -1.095  39.612295    15.3429   13.37762     -1.086    31.7256    23.3750 -9.990e-29
 237.478229     -1.078  39.613943    15.3443   13.37265     -1.069    31.7259    23.3750 -9.990e-29
 237.478235     -1.066  39.617646    15.3480   13.36865     -1.057    31.7262    23.3744 -9.990e-29
 237.478241     -1.054  39.622771    15.3514   13.36360     -1.045    31.7281    23.3751 -9.990e-29
 237.478247     -1.038  39.626097    15.3537   13.36039     -1.029    31.7292    23.3754 -9.990e-29
 237.478252     -1.020  39.627053    15.3549   12.37195     -1.011    31.7290    23.3751 -9.990e-29
 237.478258     -1.009  39.627520    15.3554   10.07330     -1.001    31.7291    23.3750 -9.990e-29
 237.478264     -1.007  39.628161    15.3557    8.57064     -0.999    31.7294    23.3752 -9.990e-29
 237.478270     -1.010  39.628751    15.3559    7.77715     -1.002    31.7298    23.3754 -9.990e-29
 237.478275     -1.010  39.628997    15.3560    7.92353     -1.002    31.7299    23.3755 -9.990e-29
 237.478281     -0.998  39.628708    15.3563    8.52840     -0.990    31.7294    23.3750 -9.990e-29
 237.478287     -0.974  39.628104    15.3566    8.73818     -0.966    31.7286    23.3744 -9.990e-29
 237.478293     -0.945  39.627545    15.3566    8.86733     -0.937    31.7281    23.3740 -9.990e-29
 237.478299     -0.912  39.627448    15.3565    8.93638     -0.904    31.7281    23.3740 -9.990e-29
 237.478304     -0.879  39.627726    15.3563    8.97046     -0.872    31.7285    23.3743 -9.990e-29
 237.478310     -0.847  39.627670    15.3558    9.00653     -0.840    31.7288    23.3747 -9.990e-29
 237.478316     -0.819  39.627052    15.3546    9.04655     -0.812    31.7292    23.3753 -9.990e-29
 237.478322     -0.801  39.626193    15.3530    9.06986     -0.794    31.7297    23.3760 -9.990e-29
 237.478328     -0.796  39.625462    15.3517    9.08651     -0.789    31.7301    23.3766 -9.990e-29
 237.478333     -0.800  39.625023    15.3510    9.08344     -0.793    31.7303    23.3769 -9.990e-29
 237.478339     -0.806  39.624676    15.3509    9.07598     -0.799    31.7301    23.3767 -9.990e-29
 237.478345     -0.807  39.624524    15.3517    9.07445     -0.800    31.7293    23.3760 -9.990e-29
 237.478351     -0.806  39.624933    15.3523    9.08089     -0.799    31.7292    23.3757 -9.990e-29
 237.478356     -0.802  39.625333    15.3521    9.08635     -0.795    31.7297    23.3762 -9.990e-29
 237.478362     -0.794  39.625142    15.3516    9.07446     -0.787    31.7299    23.3765 -9.990e-29
 237.478368     -0.782  39.624674    15.3513    9.05988     -0.775    31.7297    23.3764 -9.990e-29
 237.478374     -0.765  39.624430    15.3516    9.05540     -0.759    31.7293    23.3760 -9.990e-29
 237.478380     -0.746  39.624653    15.3519    9.07065     -0.740    31.7292    23.3759 -9.990e-29
 237.478385     -0.730  39.625086    15.3514    9.07209     -0.724    31.7300    23.3766 -9.990e-29
 237.478391     -0.709  39.625188    15.3502    9.06610     -0.703    31.7311    23.3777 -9.990e-29
 237.478397     -0.683  39.624544    15.3499    9.05035     -0.677    31.7307    23.3775 -9.990e-29
 237.478403     -0.659  39.623983    15.3510    9.03460     -0.654    31.7293    23.3761 -9.990e-29
 237.478409     -0.639  39.624446    15.3517    9.02776     -0.634    31.7292    23.3759 -9.990e-29
 237.478414     -0.623  39.624872    15.3506    9.03003     -0.618    31.7304    23.3771 -9.990e-29
 237.478420     -0.609  39.624152    15.3486    9.02894     -0.604    31.7314    23.3783 -9.990e-29
 237.478426     -0.596  39.623018    15.3480    9.03774     -0.591    31.7309    23.3780 -9.990e-29
 237.478432     -0.584  39.622768    15.3490    9.03272     -0.579    31.7298    23.3770 -9.990e-29
 237.478438     -0.571  39.623635    15.3500    9.01196     -0.566    31.7298    23.3767 -9.990e-29
 237.478443     -0.562  39.624537    15.3499    9.00043     -0.557    31.7307    23.3774 -9.990e-29
 237.478449     -0.560  39.624440    15.3490    9.00706     -0.555    31.7313    23.3781 -9.990e-29
 237.478455     -0.556  39.623781    15.3478    9.02232     -0.551    31.7317    23.3787 -9.990e-29
 237.478461     -0.541  39.623372    15.3466    9.03062     -0.536    31.7323    23.3794 -9.990e-29
 237.478466     -0.519  39.623236    15.3459    9.02712     -0.515    31.7327    23.3799 -9.990e-29
 237.478472     -0.492  39.623195    15.3461    9.00634     -0.488    31.7325    23.3797 -9.990e-29
 237.478478     -0.464  39.623200    15.3470    9.00446     -0.460    31.7318    23.3789 -9.990e-29
 237.478484     -0.441  39.623265    15.3477    9.00341     -0.437    31.7313    23.3784 -9.990e-29
 237.478490     -0.425  39.623480    15.3475    8.99213     -0.421    31.7316    23.3787 -9.990e-29
 237.478495     -0.416  39.623580    15.3464    8.99907     -0.413    31.7326    23.3797 -9.990e-29
 237.478501     -0.410  39.623143    15.3455    9.00276     -0.407    31.7329    23.3801 -9.990e-29
 237.478507     -0.400  39.622715    15.3456    9.01242     -0.397    31.7325    23.3797 -9.990e-29
 237.478513     -0.392  39.622854    15.3462    9.01038     -0.389    31.7321    23.3793 -9.990e-29
