data/oxygen options/ONMS/Olympic_Coast_National_Marine_Sanctuary_Hypoxia_Survey_CTD_Data_2004_2015/raw_data/2004/CTD_CE80_090704faed.cnv
* Sea-Bird SBE19 Data File:
* FileName = C:\WINDOWS\Desktop\put hypoxia files here\CTD data\September 07_0804\CE\Raw\CE80_090704.hex
* Software Version 1.1.4
* Temperature SN = 2997
* Conductivity SN = 2997
* System UpLoad Time = Sep 07 2004 16:02:38
* SEACAT PROFILER V3.1c SN 2997   09/07/04  16:04:54.322
* strain gauge pressure sensor: S/N = 184829,  range = 3000 psia,  tc = 40
# nquan = 9                                 
# nvalues = 741                         
# units = specified
# name 0 = timeJ: Julian Days
# name 1 = prSM: Pressure, Strain Gauge [db]
# name 2 = c0mS/cm: Conductivity [mS/cm]
# name 3 = t090C: Temperature [ITS-90, deg C]
# name 4 = oxML/L: Oxygen, Beckman/YSI [ml/l]
# name 5 = depSM: Depth [salt water, m], lat = 47.5
# name 6 = sal00: Salinity, Practical [PSU]
# name 7 = sigma-é00: Density [sigma-theta, kg/m^3]
# name 8 = flag: flag
# span 0 = 251.545868, 251.550150       
# span 1 =     -5.599,     79.743       
# span 2 =   0.750013,  40.604925       
# span 3 =     7.5296,    17.0516       
# span 4 =   -0.04222,   27.73474       
# span 5 =     -5.552,     79.062       
# span 6 =     0.4573,    33.8180       
# span 7 =    -0.5790,    26.4148       
# span 8 = 0.0000e+00, 0.0000e+00       
# interval = seconds: 0.5
# start_time = Sep 07 2004 13:06:03 [Instrument's time stamp, header]
# bad_flag = -9.990e-29
*END*
[from data line 161]
 251.546800     -1.040  40.548001    16.9120    7.37286     -1.031    31.3017    22.6983 -9.990e-29
 251.546806     -1.027  40.527945    16.9058    7.35045     -1.018    31.2893    22.6902 -9.990e-29
 251.546811     -1.007  40.522086    16.8909    7.34677     -0.999    31.2958    22.6986 -9.990e-29
 251.546817     -0.983  40.510835    16.8569    7.35513     -0.975    31.3126    22.7193 -9.990e-29
 251.546823     -0.964  40.479763    16.8143    7.36791     -0.956    31.3190    22.7340 -9.990e-29
 251.546829     -0.951  40.438513    16.7870    7.36652     -0.943    31.3047    22.7293 -9.990e-29
 251.546834     -0.944  40.415133    16.7899    7.38023     -0.936    31.2823    22.7114 -9.990e-29
 251.546840     -0.942  40.425021    16.8145    7.38453     -0.934    31.2716    22.6976 -9.990e-29
 251.546846     -0.942  40.454993    16.8372    7.37029     -0.934    31.2798    22.6987 -9.990e-29
 251.546852     -0.934  40.476007    16.8436    7.37113     -0.926    31.2929    22.7073 -9.990e-29
 251.546858     -0.918  40.475139    16.8425    7.37701     -0.910    31.2930    22.7076 -9.990e-29
 251.546863     -0.902  40.469202    16.8484    7.36957     -0.894    31.2833    22.6988 -9.990e-29
 251.546869     -0.889  40.476103    16.8649    7.34321     -0.882    31.2764    22.6897 -9.990e-29
 251.546875     -0.878  40.495511    16.8894    7.32799     -0.871    31.2741    22.6823 -9.990e-29
 251.546881     -0.868  40.525260    16.9015    7.34695     -0.861    31.2903    22.6919 -9.990e-29
 251.546887     -0.859  40.541622    16.8798    7.37979     -0.852    31.3213    22.7206 -9.990e-29
 251.546892     -0.850  40.511441    16.8527    7.39130     -0.843    31.3164    22.7231 -9.990e-29
 251.546898     -0.840  40.471924    16.8613    7.39220     -0.833    31.2756    22.6899 -9.990e-29
 251.546904     -0.833  40.480366    16.8979    7.38988     -0.826    31.2544    22.6653 -9.990e-29
 251.546910     -0.834  40.524456    16.9337    7.36868     -0.827    31.2645    22.6648 -9.990e-29
 251.546916     -0.838  40.567042    16.9545    7.36245     -0.831    31.2850    22.6756 -9.990e-29
 251.546921     -0.840  40.591419    16.9643    7.38824     -0.833    31.2983    22.6836 -9.990e-29
 251.546927     -0.837  40.600928    16.9685    7.41376     -0.830    31.3033    22.6864 -9.990e-29
 251.546933     -0.824  40.602654    16.9663    7.41185     -0.817    31.3064    22.6893 -9.990e-29
 251.546939     -0.804  40.592737    16.9665    7.40287     -0.797    31.2978    22.6826 -9.990e-29
 251.546944     -0.782  40.583776    16.9727    7.38301     -0.775    31.2852    22.6716 -9.990e-29
 251.546950     -0.759  40.589644    16.9783    7.35816     -0.753    31.2859    22.6708 -9.990e-29
 251.546956     -0.742  40.600220    16.9803    7.32768     -0.736    31.2934    22.6761 -9.990e-29
 251.546962     -0.735  40.604925    16.9747    7.30475     -0.729    31.3018    22.6839 -9.990e-29
 251.546968     -0.733  40.599944    16.9480    7.31464     -0.727    31.3183    22.7027 -9.990e-29
 251.546973     -0.728  40.573599    16.8884    7.34405     -0.722    31.3420    22.7346 -9.990e-29
 251.546979     -0.714  40.510975    16.8209    7.36505     -0.708    31.3407    22.7491 -9.990e-29
 251.546985     -0.696  40.440244    16.7907    7.36307     -0.690    31.3032    22.7273 -9.990e-29
 251.546991     -0.680  40.412986    16.8026    7.35359     -0.674    31.2704    22.6995 -9.990e-29
 251.546997     -0.670  40.432688    16.8213    7.34858     -0.664    31.2729    22.6970 -9.990e-29
 251.547002     -0.665  40.457168    16.8199    7.34907     -0.659    31.2951    22.7144 -9.990e-29
 251.547008     -0.661  40.455117    16.8062    7.34491     -0.655    31.3040    22.7243 -9.990e-29
 251.547014     -0.653  40.437845    16.8020    7.32652     -0.648    31.2923    22.7164 -9.990e-29
 251.547020     -0.644  40.432274    16.8059    7.31806     -0.639    31.2845    22.7095 -9.990e-29
 251.547025     -0.640  40.439397    16.7949    7.33117     -0.635    31.2992    22.7233 -9.990e-29
 251.547031     -0.634  40.428880    16.7633    7.35786     -0.629    31.3148    22.7425 -9.990e-29
 251.547037     -0.623  40.391767    16.7344    7.37339     -0.618    31.3053    22.7418 -9.990e-29
 251.547043     -0.610  40.359945    16.7320    7.36236     -0.605    31.2796    22.7227 -9.990e-29
 251.547049     -0.598  40.360561    16.7559    7.35205     -0.593    31.2615    22.7034 -9.990e-29
 251.547054     -0.586  40.390511    16.7827    7.34090     -0.581    31.2665    22.7010 -9.990e-29
 251.547060     -0.575  40.419039    16.7900    7.34646     -0.570    31.2854    22.7139 -9.990e-29
 251.547066     -0.563  40.420795    16.7795    7.35213     -0.558    31.2951    22.7237 -9.990e-29
 251.547072     -0.549  40.406557    16.7693    7.35615     -0.544    31.2908    22.7227 -9.990e-29
 251.547078     -0.537  40.397752    16.7737    7.34777     -0.533    31.2798    22.7132 -9.990e-29
 251.547083     -0.530  40.403408    16.7917    7.32340     -0.526    31.2706    22.7021 -9.990e-29
 251.547089     -0.528  40.423217    16.8089    7.31490     -0.524    31.2743    22.7010 -9.990e-29
 251.547095     -0.531  40.444884    16.8100    7.33603     -0.527    31.2921    22.7144 -9.990e-29
 251.547101     -0.535  40.451866    16.7917    7.34496     -0.531    31.3124    22.7341 -9.990e-29
 251.547106     -0.535  40.431605    16.7733    7.35455     -0.531    31.3093    22.7360 -9.990e-29
 251.547112     -0.532  40.401425    16.7769    7.36302     -0.528    31.2804    22.7130 -9.990e-29
 251.547118     -0.525  40.398523    16.7949    7.36245     -0.521    31.2639    22.6962 -9.990e-29
 251.547124     -0.514  40.419035    16.8075    7.35770     -0.510    31.2718    22.6994 -9.990e-29
 251.547130     -0.499  40.434772    16.8139    7.36215     -0.495    31.2804    22.7045 -9.990e-29
 251.547135     -0.477  40.439239    16.8266    7.35750     -0.473    31.2743    22.6969 -9.990e-29
 251.547141     -0.453  40.451312    16.8389    7.35126     -0.449    31.2752    22.6947 -9.990e-29
 251.547147     -0.434  40.466895    16.8373    7.34707     -0.430    31.2898    22.7063 -9.990e-29
 251.547153     -0.421  40.463574    16.8277    7.34317     -0.417    31.2944    22.7121 -9.990e-29
 251.547159     -0.411  40.453768    16.8141    7.34314     -0.408    31.2966    22.7169 -9.990e-29
 251.547164     -0.399  40.442368    16.8008    7.34457     -0.396    31.2971    22.7203 -9.990e-29
 251.547170     -0.387  40.428212    16.8002    7.33597     -0.384    31.2853    22.7114 -9.990e-29
 251.547176     -0.379  40.427782    16.8090    7.33918     -0.376    31.2781    22.7039 -9.990e-29
 251.547182     -0.376  40.438826    16.8104    7.34498     -0.373    31.2865    22.7100 -9.990e-29
 251.547188     -0.372  40.440170    16.7956    7.36489     -0.369    31.2992    22.7232 -9.990e-29
 251.547193     -0.362  40.422960    16.7755    7.38032     -0.359    31.3000    22.7284 -9.990e-29
 251.547199     -0.351  40.401856    16.7722    7.35663     -0.348    31.2844    22.7172 -9.990e-29
 251.547205     -0.343  40.400347    16.7891    7.31502     -0.340    31.2699    22.7022 -9.990e-29
 251.547211     -0.336  40.422597    16.8067    7.29780     -0.333    31.2754    22.7023 -9.990e-29
 251.547216     -0.330  40.445540    16.8054    7.29974     -0.327    31.2962    22.7186 -9.990e-29
 251.547222     -0.325  40.447036    16.7807    7.32250     -0.322    31.3168    22.7400 -9.990e-29
 251.547228     -0.320  40.420121    16.7498    7.33784     -0.317    31.3176    22.7478 -9.990e-29
 251.547234     -0.315  40.382224    16.7356    7.34279     -0.312    31.2960    22.7344 -9.990e-29
 251.547240     -0.310  40.364739    16.7388    7.34607     -0.307    31.2784    22.7202 -9.990e-29
 251.547245     -0.305  40.370168    16.7470    7.35457     -0.302    31.2767    22.7170 -9.990e-29
 251.547251     -0.299  40.379946    16.7574    7.35264     -0.297    31.2770    22.7149 -9.990e-29
 251.547257     -0.292  40.390850    16.7711    7.34360     -0.290    31.2757    22.7108 -9.990e-29
 251.547263     -0.283  40.406210    16.7861    7.32805     -0.281    31.2773    22.7085 -9.990e-29
 251.547269     -0.271  40.422950    16.7990    7.31709     -0.269    31.2817    22.7089 -9.990e-29
 251.547274     -0.257  40.438157    16.8058    7.32024     -0.255    31.2895    22.7134 -9.990e-29
 251.547280     -0.239  40.446307    16.8067    7.33331     -0.237    31.2958    22.7180 -9.990e-29
 251.547286     -0.216  40.443879    16.8025    7.34203     -0.214    31.2970    22.7199 -9.990e-29
 251.547292     -0.190  40.435499    16.7947    7.35150     -0.188    31.2958    22.7208 -9.990e-29
 251.547297     -0.169  40.426460    16.7914    7.35241     -0.168    31.2906    22.7175 -9.990e-29
 251.547303     -0.156  40.423795    16.7964    7.33664     -0.155    31.2844    22.7116 -9.990e-29
 251.547309     -0.150  40.428635    16.8073    7.31499     -0.149    31.2801    22.7058 -9.990e-29
 251.547315     -0.151  40.438461    16.8178    7.30937     -0.150    31.2804    22.7036 -9.990e-29
 251.547321     -0.153  40.451235    16.8130    7.31517     -0.152    31.2951    22.7160 -9.990e-29
 251.547326     -0.149  40.446965    16.7850    7.33514     -0.148    31.3133    22.7364 -9.990e-29
 251.547332     -0.139  40.416042    16.7481    7.36985     -0.138    31.3154    22.7464 -9.990e-29
 251.547338     -0.131  40.378405    16.7268    7.36497     -0.130    31.2995    22.7391 -9.990e-29
 251.547344     -0.128  40.357374    16.7318    7.33764     -0.127    31.2774    22.7211 -9.990e-29
 251.547350     -0.130  40.359694    16.7515    7.33057     -0.129    31.2641    22.7063 -9.990e-29
 251.547355     -0.132  40.377241    16.7659    7.32560     -0.131    31.2680    22.7060 -9.990e-29
 251.547361     -0.128  40.394703    16.7589    7.32412     -0.127    31.2885    22.7234 -9.990e-29
 251.547367     -0.115  40.386560    16.7377    7.32280     -0.114    31.2980    22.7355 -9.990e-29
 251.547373     -0.103  40.359924    16.7269    7.30299     -0.102    31.2834    22.7268 -9.990e-29
 251.547378     -0.093  40.351666    16.7257    7.30919     -0.092    31.2772    22.7223 -9.990e-29
 251.547384     -0.083  40.356948    16.7146    7.32519     -0.082    31.2904    22.7350 -9.990e-29
 251.547390     -0.066  40.347472    16.6942    7.32977     -0.065    31.2981    22.7456 -9.990e-29
 251.547396     -0.050  40.325200    16.6822    7.33026     -0.050    31.2882    22.7407 -9.990e-29
 251.547402     -0.048  40.311502    16.6912    7.31914     -0.048    31.2694    22.7242 -9.990e-29
 251.547407     -0.058  40.320657    16.7165    7.31755     -0.058    31.2576    22.7094 -9.990e-29
 251.547413     -0.072  40.348043    16.7389    7.33023     -0.071    31.2638    22.7090 -9.990e-29
 251.547419     -0.089  40.370708    16.7460    7.33626     -0.088    31.2778    22.7181 -9.990e-29
 251.547425     -0.104  40.375122    16.7481    7.34935     -0.103    31.2800    22.7193 -9.990e-29
 251.547431     -0.109  40.376160    16.7626    7.36587     -0.108    31.2696    22.7080 -9.990e-29
 251.547436     -0.101  40.393171    16.7966    7.38661     -0.100    31.2578    22.6912 -9.990e-29
 251.547442     -0.084  40.431448    16.8428    7.38386     -0.083    31.2549    22.6783 -9.990e-29
 251.547448     -0.065  40.480875    16.8828    7.37741     -0.064    31.2663    22.6779 -9.990e-29
 251.547454     -0.047  40.520957    16.9024    7.37850     -0.047    31.2856    22.6881 -9.990e-29
 251.547459     -0.033  40.537261    16.9064    7.36350     -0.033    31.2965    22.6956 -9.990e-29
 251.547465     -0.031  40.537513    16.9085    7.33268     -0.031    31.2951    22.6940 -9.990e-29
 251.547471     -0.041  40.537770    16.9134    7.30366     -0.041    31.2915    22.6901 -9.990e-29
 251.547477     -0.054  40.541187    16.9111    7.29125     -0.054    31.2962    22.6943 -9.990e-29
 251.547483     -0.064  40.536617    16.8762    7.30841     -0.063    31.3195    22.7201 -9.990e-29
 251.547488     -0.061  40.495532    16.8125    7.33894     -0.060    31.3337    22.7457 -9.990e-29
 251.547494     -0.047  40.426009    16.7653    7.35383     -0.047    31.3105    22.7388 -9.990e-29
 251.547500     -0.033  40.381801    16.7558    7.34046     -0.033    31.2798    22.7174 -9.990e-29
 251.547506     -0.026  40.376336    16.7672    7.31772     -0.026    31.2662    22.7043 -9.990e-29
 251.547512     -0.023  40.388294    16.7752    7.29734     -0.023    31.2702    22.7056 -9.990e-29
 251.547517     -0.017  40.399401    16.7659    7.28726     -0.017    31.2871    22.7207 -9.990e-29
 251.547523     -0.010  40.393621    16.7410    7.28282     -0.010    31.3015    22.7374 -9.990e-29
 251.547529      0.000  40.369991    16.7130    7.28028      0.000    31.3029    22.7449 -9.990e-29
 251.547535      0.013  40.341898    16.6936    7.30316      0.013    31.2938    22.7424 -9.990e-29
 251.547541      0.030  40.323506    16.6848    7.31581      0.030    31.2847    22.7374 -9.990e-29
 251.547546      0.047  40.316104    16.6861    7.30481      0.047    31.2773    22.7314 -9.990e-29
 251.547552      0.058  40.317119    16.6994    7.30430      0.058    31.2678    22.7211 -9.990e-29
 251.547558      0.059  40.330717    16.7203    7.31641      0.059    31.2633    22.7129 -9.990e-29
 251.547564      0.053  40.353153    16.7401    7.33537      0.053    31.2672    22.7114 -9.990e-29
 251.547569      0.050  40.372831    16.7612    7.34419      0.050    31.2678    22.7069 -9.990e-29
 251.547575      0.053  40.392436    16.7977    7.34442      0.053    31.2563    22.6898 -9.990e-29
 251.547581      0.062  40.430826    16.8418    7.34200      0.061    31.2551    22.6787 -9.990e-29
 251.547587      0.074  40.477472    16.8716    7.32575      0.073    31.2721    22.6849 -9.990e-29
 251.547593      0.081  40.503124    16.8899    7.33721      0.080    31.2799    22.6867 -9.990e-29
 251.547598      0.084  40.515072    16.9001    7.34032      0.083    31.2823    22.6861 -9.990e-29
 251.547604      0.090  40.524207    16.8990    7.34294      0.089    31.2910    22.6930 -9.990e-29
 251.547610      0.101  40.524766    16.8975    7.36203      0.100    31.2926    22.6947 -9.990e-29
 251.547616      0.113  40.525919    16.9044    7.35214      0.112    31.2882    22.6897 -9.990e-29
 251.547622      0.127  40.535943    16.9163    7.34372      0.126    31.2876    22.6865 -9.990e-29
 251.547627      0.139  40.548011    16.9203    7.32170      0.138    31.2949    22.6911 -9.990e-29
 251.547633      0.145  40.549605    16.9099    7.29503      0.144    31.3043    22.7008 -9.990e-29
 251.547639      0.147  40.537248    16.8923    7.24601      0.146    31.3074    22.7072 -9.990e-29
 251.547645      0.144  40.520286    16.8702    7.23062      0.143    31.3100    22.7143 -9.990e-29
 251.547650      0.141  40.498552    16.8385    7.25872      0.140    31.3160    22.7261 -9.990e-29
 251.547656      0.145  40.468321    16.7915    7.31057      0.144    31.3265    22.7450 -9.990e-29
 251.547662      0.157  40.422398    16.7432    7.32825      0.156    31.3246    22.7546 -9.990e-29
 251.547668      0.169  40.370814    16.7266    7.33413      0.168    31.2930    22.7342 -9.990e-29
 251.547674      0.174  40.351956    16.7531    7.35288      0.173    31.2560    22.6998 -9.990e-29
 251.547679      0.167  40.381076    16.8008    7.34148      0.166    31.2440    22.6797 -9.990e-29
 251.547685      0.157  40.435281    16.8431    7.34437      0.156    31.2579    22.6805 -9.990e-29
 251.547691      0.156  40.479691    16.8732    7.34843      0.155    31.2727    22.6850 -9.990e-29
 251.547697      0.167  40.513500    16.8864    7.36065      0.166    31.2915    22.6964 -9.990e-29
 251.547703      0.188  40.533547    16.8797    7.33294      0.186    31.3140    22.7151 -9.990e-29
 251.547708      0.207  40.521126    16.8803    7.28403      0.205    31.3028    22.7065 -9.990e-29
 251.547714      0.212  40.515234    16.9009    7.27206      0.210    31.2817    22.6855 -9.990e-29
