data/oxygen options/ONMS/Olympic_Coast_National_Marine_Sanctuary_Hypoxia_Survey_CTD_Data_2004_2015/raw_data/2004/CTD_CE70_100404faed.cnv
* Sea-Bird SBE19 Data File:
* FileName = C:\WINDOWS\Desktop\put hypoxia files here\CTD data\October 04_05-04\raw\CE70_100404.hex
* Software Version 1.1.4
* Temperature SN = 2997
* Conductivity SN = 2997
* System UpLoad Time = Oct 04 2004 15:19:27
* SEACAT PROFILER V3.1c SN 2997   10/04/04  15:22:45.557
* strain gauge pressure sensor: S/N = 184829,  range = 3000 psia,  tc = 40
# nquan = 9                                 
# nvalues = 1267                        
# units = specified
# name 0 = timeJ: Julian Days
# name 1 = prSM: Pressure, Strain Gauge [db]
# name 2 = c0mS/cm: Conductivity [mS/cm]
# name 3 = t090C: Temperature [ITS-90, deg C]
# name 4 = oxML/L: Oxygen, Beckman/YSI [ml/l]
# name 5 = depSM: Depth [salt water, m], lat = 47.5
# name 6 = sal00: Salinity, Practical [PSU]
# name 7 = sigma-é00: Density [sigma-theta, kg/m^3]
# name 8 = flag: flag
# span 0 = 278.553773, 278.561100       
# span 1 =     -4.836,     71.746       
# span 2 =   0.525977,  38.833994       
# span 3 =     7.7037,    15.7746       
# span 4 =   -0.05431,   29.26538       
# span 5 =     -4.796,     71.135       
# span 6 =     0.3249,    33.6303       
# span 7 =    -0.5289,    26.2423       
# span 8 = 0.0000e+00, 0.0000e+00       
# interval = seconds: 0.5
# start_time = Oct 04 2004 13:17:26 [Instrument's time stamp, header]
# bad_flag = -9.990e-29
*END*
[from data line 481]
 278.556557      7.583  37.904707    14.9570    6.88190      7.520    30.5028    22.5170 0.0000e+00
 278.556562      7.778  37.915966    14.9013    6.72413      7.713    30.5564    22.5700 0.0000e+00
 278.556568      8.020  37.940027    14.8286    6.46696      7.953    30.6349    22.6457 0.0000e+00
 278.556574      8.313  38.002237    14.7453    6.17745      8.243    30.7563    22.7567 0.0000e+00
 278.556580      8.649  38.120599    14.6618    5.83987      8.577    30.9291    22.9073 0.0000e+00
 278.556586      9.010  38.274807    14.5824    5.57066      8.935    31.1317    23.0800 0.0000e+00
 278.556591      9.382  38.437137    14.5036    5.37935      9.303    31.3421    23.2586 0.0000e+00
 278.556597      9.753  38.590436    14.4208    5.28838      9.671    31.5485    23.4349 0.0000e+00
 278.556603     10.118  38.708991    14.3348    5.30462     10.033    31.7267    23.5902 0.0000e+00
 278.556609     10.469  38.779771    14.2490    5.36444     10.381    31.8618    23.7122 0.0000e+00
 278.556615     10.790  38.818593    14.1707    5.43646     10.700    31.9620    23.8057 0.0000e+00
 278.556620     11.063  38.833994    14.1215    5.48664     10.970    32.0168    23.8581 0.0000e+00
 278.556626     11.280  38.830769    14.1245    5.51008     11.186    32.0113    23.8532 0.0000e+00
 278.556632     11.446  38.819729    14.1757    5.52051     11.350    31.9586    23.8021 0.0000e+00
 278.556638     11.572  38.792860    14.2480    5.54845     11.475    31.8742    23.7220 -9.990e-29
 278.556644     11.669  38.744048    14.3085    5.58603     11.571    31.7797    23.6366 -9.990e-29
 278.556649     11.754  38.698516    14.3346    5.61411     11.656    31.7167    23.5826 -9.990e-29
 278.556655     11.830  38.681933    14.3357    5.62570     11.731    31.7006    23.5699 -9.990e-29
 278.556661     11.890  38.683403    14.3395    5.61989     11.790    31.6988    23.5678 -9.990e-29
 278.556667     11.929  38.677391    14.3505    5.59370     11.829    31.6843    23.5543 -9.990e-29
 278.556672     11.954  38.662030    14.3537    5.56898     11.854    31.6677    23.5408 -9.990e-29
 278.556678     11.970  38.652721    14.3494    5.53803     11.870    31.6627    23.5379 -9.990e-29
 278.556684     11.980  38.651625    14.3408    5.53195     11.880    31.6687    23.5443 -9.990e-29
 278.556690     11.983  38.657265    14.3121    5.53673     11.883    31.6974    23.5723 -9.990e-29
 278.556696     11.984  38.677145    14.2562    5.54104     11.884    31.7614    23.6333 -9.990e-29
 278.556701     11.992  38.708029    14.1914    5.53418     11.892    31.8431    23.7097 -9.990e-29
 278.556707     12.007  38.738351    14.1501    5.51613     11.906    31.9050    23.7660 -9.990e-29
 278.556713     12.021  38.755787    14.1506    5.49616     11.920    31.9205    23.7779 -9.990e-29
 278.556719     12.031  38.753827    14.1724    5.49158     11.930    31.9007    23.7581 -9.990e-29
 278.556725     12.037  38.743855    14.1799    5.48250     11.936    31.8854    23.7447 -9.990e-29
 278.556730     12.045  38.741729    14.1614    5.46735     11.944    31.8987    23.7588 -9.990e-29
 278.556736     12.059  38.750217    14.1293    5.46151     11.958    31.9330    23.7919 -9.990e-29
 278.556742     12.076  38.765481    14.0986    5.45100     11.975    31.9725    23.8287 -9.990e-29
 278.556748     12.093  38.781488    14.0746    5.44943     11.992    32.0071    23.8603 -9.990e-29
 278.556753     12.110  38.791512    14.0521    5.45109     12.009    32.0350    23.8865 -9.990e-29
 278.556759     12.124  38.794875    14.0291    5.44960     12.022    32.0573    23.9084 -9.990e-29
 278.556765     12.128  38.793235    14.0164    5.44583     12.026    32.0663    23.9180 -9.990e-29
 278.556771     12.118  38.791118    14.0227    5.44294     12.017    32.0591    23.9111 -9.990e-29
 278.556777     12.098  38.793533    14.0390    5.43877     11.997    32.0478    23.8990 -9.990e-29
 278.556782     12.078  38.798074    14.0482    5.44612     11.977    32.0443    23.8945 -9.990e-29
 278.556788     12.071  38.800126    14.0430    5.44612     11.970    32.0506    23.9003 -9.990e-29
 278.556794     12.080  38.798486    14.0297    5.44830     11.979    32.0601    23.9105 -9.990e-29
 278.556800     12.098  38.794883    14.0210    5.44713     11.997    32.0640    23.9153 -9.990e-29
 278.556806     12.108  38.792909    14.0238    5.44393     12.007    32.0599    23.9115 -9.990e-29
 278.556811     12.107  38.794958    14.0318    5.44250     12.006    32.0551    23.9062 -9.990e-29
 278.556817     12.103  38.798698    14.0352    5.43981     12.002    32.0557    23.9059 -9.990e-29
 278.556823     12.100  38.799565    14.0333    5.43857     11.999    32.0581    23.9082 -9.990e-29
 278.556829     12.098  38.797582    14.0321    5.44429     11.997    32.0573    23.9078 -9.990e-29
 278.556834     12.097  38.796257    14.0343    5.44977     11.996    32.0542    23.9050 -9.990e-29
 278.556840     12.097  38.797174    14.0372    5.45815     11.996    32.0527    23.9032 -9.990e-29
 278.556846     12.098  38.798735    14.0376    5.45604     11.997    32.0538    23.9039 -9.990e-29
 278.556852     12.100  38.799081    14.0377    5.45208     11.999    32.0540    23.9041 -9.990e-29
 278.556858     12.103  38.798657    14.0420    5.44546     12.002    32.0500    23.9001 -9.990e-29
 278.556863     12.108  38.798564    14.0486    5.44349     12.007    32.0444    23.8945 -9.990e-29
 278.556869     12.114  38.799225    14.0513    5.45667     12.013    32.0428    23.8927 -9.990e-29
 278.556875     12.122  38.799822    14.0476    5.46417     12.020    32.0464    23.8962 -9.990e-29
 278.556881     12.132  38.799456    14.0420    5.46290     12.030    32.0507    23.9007 -9.990e-29
 278.556887     12.145  38.799306    14.0411    5.44275     12.043    32.0514    23.9014 -9.990e-29
 278.556892     12.158  38.800279    14.0438    5.44161     12.056    32.0500    23.8998 -9.990e-29
 278.556898     12.168  38.801409    14.0428    5.44498     12.066    32.0519    23.9014 -9.990e-29
 278.556904     12.178  38.800820    14.0362    5.45220     12.076    32.0568    23.9066 -9.990e-29
 278.556910     12.190  38.798275    14.0304    5.45139     12.088    32.0593    23.9097 -9.990e-29
 278.556916     12.196  38.796534    14.0308    5.43751     12.094    32.0574    23.9081 -9.990e-29
 278.556921     12.192  38.797748    14.0356    5.42905     12.090    32.0545    23.9049 -9.990e-29
 278.556927     12.187  38.800151    14.0372    5.42294     12.085    32.0554    23.9053 -9.990e-29
 278.556933     12.192  38.800201    14.0315    5.42025     12.090    32.0602    23.9101 -9.990e-29
 278.556939     12.204  38.797390    14.0226    5.42984     12.102    32.0650    23.9157 -9.990e-29
 278.556944     12.211  38.793566    14.0151    5.44366     12.109    32.0677    23.9193 -9.990e-29
 278.556950     12.209  38.790342    14.0110    5.45667     12.107    32.0681    23.9205 -9.990e-29
 278.556956     12.198  38.788450    14.0122    5.45453     12.096    32.0654    23.9181 -9.990e-29
 278.556962     12.177  38.788156    14.0211    5.44948     12.075    32.0577    23.9104 -9.990e-29
 278.556968     12.149  38.791295    14.0363    5.45378     12.047    32.0480    23.8997 -9.990e-29
 278.556973     12.121  38.798112    14.0505    5.46101     12.019    32.0424    23.8925 -9.990e-29
 278.556979     12.099  38.804218    14.0584    5.46467     11.998    32.0415    23.8902 -9.990e-29
 278.556985     12.092  38.806526    14.0596    5.46217     11.991    32.0426    23.8908 -9.990e-29
 278.556991     12.097  38.805859    14.0562    5.45265     11.996    32.0448    23.8932 -9.990e-29
 278.556997     12.108  38.803554    14.0501    5.44677     12.007    32.0478    23.8968 -9.990e-29
 278.557002     12.121  38.801010    14.0435    5.43867     12.019    32.0509    23.9005 -9.990e-29
 278.557008     12.136  38.799307    14.0378    5.43578     12.034    32.0541    23.9042 -9.990e-29
 278.557014     12.154  38.797838    14.0309    5.44514     12.052    32.0585    23.9090 -9.990e-29
 278.557020     12.181  38.795191    14.0221    5.44817     12.079    32.0634    23.9145 -9.990e-29
 278.557025     12.223  38.791747    14.0159    5.46229     12.121    32.0654    23.9173 -9.990e-29
 278.557031     12.278  38.789628    14.0150    5.50775     12.175    32.0641    23.9166 -9.990e-29
 278.557037     12.345  38.789356    14.0155    5.53591     12.242    32.0634    23.9159 -9.990e-29
 278.557043     12.429  38.789429    14.0118    5.54813     12.325    32.0666    23.9191 -9.990e-29
 278.557049     12.535  38.787686    14.0042    5.52400     12.430    32.0712    23.9243 -9.990e-29
 278.557054     12.665  38.783470    13.9972    5.44553     12.559    32.0731    23.9272 0.0000e+00
 278.557060     12.820  38.779559    13.9892    5.37549     12.713    32.0762    23.9312 0.0000e+00
 278.557066     13.008  38.775207    13.9603    5.31842     12.899    32.0962    23.9525 0.0000e+00
 278.557072     13.251  38.757862    13.8724    5.26605     13.140    32.1536    24.0148 0.0000e+00
 278.557078     13.559  38.702140    13.6981    5.21312     13.445    32.2482    24.1233 0.0000e+00
 278.557083     13.927  38.584213    13.4726    5.12589     13.810    32.3288    24.2310 0.0000e+00
 278.557089     14.344  38.426864    13.2711    5.01211     14.224    32.3524    24.2895 0.0000e+00
 278.557095     14.797  38.288911    13.1210    4.91635     14.673    32.3505    24.3177 0.0000e+00
 278.557101     15.268  38.188831    12.9905    4.88298     15.140    32.3674    24.3564 0.0000e+00
 278.557106     15.745  38.099131    12.8220    4.86202     15.613    32.4267    24.4352 0.0000e+00
 278.557112     16.222  37.973084    12.5956    4.83395     16.086    32.5016    24.5369 0.0000e+00
 278.557118     16.694  37.795703    12.3698    4.75128     16.554    32.5273    24.6000 0.0000e+00
 278.557124     17.149  37.623191    12.1874    4.65505     17.005    32.5199    24.6288 0.0000e+00
 278.557130     17.589  37.491856    12.0125    4.50058     17.441    32.5454    24.6813 0.0000e+00
 278.557135     18.018  37.366724    11.7960    4.32582     17.867    32.6134    24.7743 0.0000e+00
 278.557141     18.444  37.205406    11.5324    4.20679     18.289    32.6881    24.8806 0.0000e+00
 278.557147     18.862  37.008105    11.2272    4.13933     18.704    32.7648    24.9953 0.0000e+00
 278.557153     19.270  36.785348    10.8659    4.14192     19.108    32.8669    25.1388 0.0000e+00
 278.557159     19.664  36.520431    10.4750    4.17422     19.499    32.9545    25.2749 0.0000e+00
 278.557164     20.029  36.230128    10.1369    4.15902     19.861    32.9687    25.3436 0.0000e+00
 278.557170     20.351  35.983117     9.9191    4.16848     20.180    32.9165    25.3392 0.0000e+00
 278.557176     20.621  35.831200     9.8351    4.17267     20.448    32.8384    25.2921 0.0000e+00
 278.557182     20.838  35.782536     9.8627    4.16608     20.663    32.7636    25.2292 0.0000e+00
 278.557188     21.020  35.826570     9.9400    4.22807     20.844    32.7381    25.1965 0.0000e+00
 278.557193     21.183  35.902578    10.0043    4.27622     21.005    32.7569    25.2005 0.0000e+00
 278.557199     21.321  35.956049    10.0381    4.27617     21.142    32.7804    25.2132 -9.990e-29
 278.557205     21.424  35.982035    10.0312    4.24130     21.244    32.8129    25.2397 -9.990e-29
 278.557211     21.496  35.952950    10.0313    4.21557     21.315    32.7833    25.2166 -9.990e-29
 278.557216     21.545  35.925875    10.0850    4.17382     21.364    32.7072    25.1483 -9.990e-29
 278.557222     21.578  35.962238    10.1313    4.20342     21.397    32.7022    25.1366 -9.990e-29
 278.557228     21.599  35.990527    10.1132    4.27416     21.418    32.7471    25.1747 -9.990e-29
 278.557234     21.607  35.964369    10.0150    4.34535     21.426    32.8096    25.2399 -9.990e-29
 278.557240     21.607  35.882524     9.8678    4.36623     21.426    32.8604    25.3039 -9.990e-29
 278.557245     21.605  35.765915     9.7821    4.33173     21.424    32.8197    25.2862 -9.990e-29
 278.557251     21.600  35.712428     9.8355    4.28904     21.419    32.7166    25.1970 -9.990e-29
 278.557257     21.595  35.790849     9.9418    4.25951     21.414    32.6999    25.1664 -9.990e-29
 278.557263     21.595  35.915655     9.9656    4.24621     21.414    32.8051    25.2445 -9.990e-29
 278.557269     21.601  35.956129     9.9090    4.22437     21.420    32.8977    25.3262 -9.990e-29
 278.557274     21.611  35.903153     9.8367    4.21783     21.430    32.9098    25.3476 -9.990e-29
 278.557280     21.623  35.816272     9.7735    4.22050     21.441    32.8789    25.3339 -9.990e-29
 278.557286     21.633  35.737344     9.7109    4.23884     21.451    32.8555    25.3259 -9.990e-29
 278.557292     21.645  35.672560     9.6403    4.25182     21.463    32.8537    25.3360 -9.990e-29
 278.557297     21.662  35.608537     9.5832    4.25191     21.480    32.8404    25.3349 -9.990e-29
 278.557303     21.675  35.561369     9.5600    4.22852     21.493    32.8133    25.3174 -9.990e-29
 278.557309     21.680  35.546071     9.5709    4.20365     21.498    32.7876    25.2956 -9.990e-29
 278.557315     21.679  35.557370     9.5954    4.20206     21.497    32.7768    25.2832 -9.990e-29
 278.557321     21.675  35.578375     9.5994    4.20438     21.493    32.7947    25.2965 -9.990e-29
 278.557326     21.676  35.581036     9.5738    4.20720     21.494    32.8208    25.3211 -9.990e-29
 278.557332     21.688  35.557137     9.5399    4.21359     21.506    32.8273    25.3317 -9.990e-29
 278.557338     21.706  35.527510     9.5117    4.21687     21.524    32.8227    25.3326 -9.990e-29
 278.557344     21.723  35.507020     9.4876    4.23412     21.541    32.8237    25.3373 -9.990e-29
 278.557350     21.736  35.488521     9.4766    4.23596     21.553    32.8148    25.3321 -9.990e-29
 278.557355     21.745  35.475934     9.4944    4.22460     21.562    32.7856    25.3064 -9.990e-29
 278.557361     21.751  35.485544     9.5287    4.21779     21.568    32.7641    25.2841 -9.990e-29
 278.557367     21.751  35.510538     9.5506    4.22628     21.568    32.7697    25.2849 -9.990e-29
 278.557373     21.740  35.530428     9.5520    4.24887     21.557    32.7888    25.2996 -9.990e-29
 278.557378     21.726  35.535866     9.5435    4.27058     21.544    32.8022    25.3115 -9.990e-29
 278.557384     21.716  35.528501     9.5488    4.28109     21.534    32.7898    25.3009 -9.990e-29
 278.557390     21.706  35.527659     9.5800    4.27106     21.524    32.7604    25.2729 -9.990e-29
 278.557396     21.691  35.550153     9.6127    4.26031     21.509    32.7536    25.2623 -9.990e-29
 278.557402     21.674  35.578323     9.6253    4.24775     21.492    32.7710    25.2738 -9.990e-29
 278.557407     21.663  35.590314     9.6219    4.23937     21.481    32.7864    25.2864 -9.990e-29
 278.557413     21.660  35.586985     9.6126    4.23488     21.478    32.7914    25.2919 -9.990e-29
 278.557419     21.667  35.575671     9.6060    4.23398     21.485    32.7859    25.2886 -9.990e-29
 278.557425     21.679  35.565949     9.5995    4.23702     21.497    32.7818    25.2865 -9.990e-29
 278.557431     21.688  35.555505     9.5783    4.22517     21.506    32.7905    25.2967 -9.990e-29
 278.557436     21.694  35.534895     9.5380    4.22074     21.512    32.8062    25.3155 -9.990e-29
 278.557442     21.708  35.505790     9.4910    4.21510     21.526    32.8193    25.3334 -9.990e-29
 278.557448     21.729  35.474228     9.4576    4.21369     21.547    32.8175    25.3373 -9.990e-29
 278.557454     21.751  35.453055     9.4475    4.23143     21.568    32.8050    25.3291 -9.990e-29
 278.557459     21.770  35.448786     9.4479    4.24070     21.587    32.8002    25.3253 -9.990e-29
 278.557465     21.788  35.449554     9.4412    4.25793     21.605    32.8071    25.3318 -9.990e-29
 278.557471     21.802  35.441806     9.4310    4.25616     21.619    32.8085    25.3345 -9.990e-29
