data/oxygen options/ONMS/Olympic_Coast_National_Marine_Sanctuary_Hypoxia_Survey_CTD_Data_2004_2015/raw_data/2004/CTD_TH60_102104faed.cnv
* Sea-Bird SBE19 Data File:
* FileName = C:\WINDOWS\Desktop\put hypoxia files here\CTD data\October 21-04\Th\raw\th60_102104.hex
* Software Version 1.1.4
* Temperature SN = 2997
* Conductivity SN = 2997
* System UpLoad Time = Oct 21 2004 12:33:41
* SEACAT PROFILER V3.1c SN 2997   10/21/04  12:38:54.431
* strain gauge pressure sensor: S/N = 184829,  range = 3000 psia,  tc = 40
# nquan = 9                                 
# nvalues = 751                         
# units = specified
# name 0 = timeJ: Julian Days
# name 1 = prSM: Pressure, Strain Gauge [db]
# name 2 = c0mS/cm: Conductivity [mS/cm]
# name 3 = t090C: Temperature [ITS-90, deg C]
# name 4 = oxML/L: Oxygen, Beckman/YSI [ml/l]
# name 5 = depSM: Depth [salt water, m], lat = 47.5
# name 6 = sal00: Salinity, Practical [PSU]
# name 7 = sigma-é00: Density [sigma-theta, kg/m^3]
# name 8 = flag: flag
# span 0 = 295.464502, 295.468843       
# span 1 =     -4.269,     61.543       
# span 2 =   0.425490,  37.648982       
# span 3 =     8.0281,    13.1130       
# span 4 =   -0.04651,   33.51732       
# span 5 =     -4.233,     61.020       
# span 6 =     0.2842,    33.2192       
# span 7 =    -0.1540,    25.8720       
# span 8 = 0.0000e+00, 0.0000e+00       
# interval = seconds: 0.5
# start_time = Oct 21 2004 11:08:53 [Instrument's time stamp, header]
# bad_flag = -9.990e-29
*END*
 295.464502     -4.269 -9.990e-29    10.8485   -0.04628     -4.233 -9.990e-29 -9.990e-29 -9.990e-29
 295.464508     -4.243   0.425490    10.8443   -0.04627     -4.208     0.2842    -0.1540 -9.990e-29
 295.464514     -4.209   0.463398    10.8435   -0.04627     -4.174     0.3104    -0.1334 -9.990e-29
 295.464520     -4.165   0.576382    10.8573   -0.04626     -4.130     0.3889    -0.0732 -9.990e-29
 295.464525     -4.109   0.909537    10.9110   -0.04625     -4.075     0.6242     0.1057 -9.990e-29
 295.464531     -4.036   1.860634    11.0780   -0.04626     -4.002     1.3158     0.6289 -9.990e-29
 295.464537     -3.943   4.586981    11.5098   -0.04627     -3.910     3.3819     2.1890 -9.990e-29
 295.464543     -3.823  12.583036    12.1559   -0.04627     -3.791     9.8188     7.0873 -9.990e-29
 295.464549     -3.682  24.559529    12.6801   -0.04627     -3.651    20.0494    14.8977 -9.990e-29
 295.464554     -3.537  32.617282    12.9383   -0.04628     -3.508    27.2149    20.3821 -9.990e-29
 295.464560     -3.398  35.356265    13.0379   -0.04629     -3.370    29.6799    22.2680 -9.990e-29
 295.464566     -3.280  36.269868    13.0724   -0.04632     -3.253    30.5048    22.8991 -9.990e-29
 295.464572     -3.188  36.577952    13.0869   -0.04635     -3.161    30.7810    23.1099 -9.990e-29
 295.464578     -3.115  36.686831    13.0947   -0.04636     -3.089    30.8765    23.1822 -9.990e-29
 295.464583     -3.057  36.722624    13.0971   -0.04633     -3.032    30.9080    23.2061 -9.990e-29
 295.464589     -3.006  36.724662    13.0963   -0.04631     -2.981    30.9105    23.2082 -9.990e-29
 295.464595     -2.954  36.712503    13.0948   -0.04630     -2.929    30.9003    23.2006 -9.990e-29
 295.464601     -2.898  36.700235    13.0933   -0.04632     -2.874    30.8900    23.1930 -9.990e-29
 295.464606     -2.836  36.693389    13.0916   -0.04634     -2.812    30.8850    23.1894 -9.990e-29
 295.464612     -2.762  36.686781    13.0890   -0.04636     -2.739    30.8809    23.1868 -9.990e-29
 295.464618     -2.676  36.669932    13.0815   -0.04638     -2.654    30.8712    23.1807 -9.990e-29
 295.464624     -2.586  36.634974    13.0667   -0.04636     -2.564    30.8505    23.1676 -9.990e-29
 295.464630     -2.503  36.594756    13.0545   -0.04637     -2.482    30.8227    23.1485 -9.990e-29
 295.464635     -2.434  36.585396    13.0542   -0.04638     -2.414    30.8142    23.1419 -9.990e-29
 295.464641     -2.380  36.615174    13.0600   -0.04644     -2.360    30.8373    23.1587 -9.990e-29
 295.464647     -2.337  36.652586    13.0644   -0.04640     -2.318    30.8688    23.1821 -9.990e-29
 295.464653     -2.299  36.672385    13.0649   -0.04635     -2.280    30.8869    23.1960 -9.990e-29
 295.464659     -2.253  36.661171    13.0592   -0.04633     -2.234    30.8810    23.1926 -9.990e-29
 295.464664     -2.198  36.621956    13.0477   -0.04636     -2.180    30.8536    23.1737 -9.990e-29
 295.464670     -2.137  36.584909    13.0386   -0.04638     -2.119    30.8263    23.1543 -9.990e-29
 295.464676     -2.077  36.572430    13.0379   -0.04648     -2.060    30.8152    23.1458 -9.990e-29
 295.464682     -2.022  36.576866    13.0376   -0.04651     -2.005    30.8195    23.1493 -9.990e-29
 295.464688     -1.972  36.572741    13.0258   -0.04644     -1.956    30.8253    23.1560 -9.990e-29
 295.464693     -1.928  36.554571    13.0096   -0.04641     -1.912    30.8214    23.1561 -9.990e-29
 295.464699     -1.897  36.546375    13.0095   -0.04642     -1.881    30.8138    23.1502 -9.990e-29
 295.464705     -1.876  36.566400    13.0241   -0.04639     -1.860    30.8207    23.1527 -9.990e-29
 295.464711     -1.856  36.605466    13.0357   -0.04631     -1.841    30.8478    23.1715 -9.990e-29
 295.464716     -1.831  36.629876    13.0335   -0.04628     -1.816    30.8725    23.1910 -9.990e-29
 295.464722     -1.798  36.614997    13.0095   -0.04628     -1.783    30.8780    23.1999 -9.990e-29
 295.464728     -1.762  36.575779    12.9725   -0.04632     -1.747    30.8714    23.2019 -9.990e-29
 295.464734     -1.727  36.546872    12.9566   -0.04633     -1.713    30.8572    23.1940 -9.990e-29
 295.464740     -1.696  36.538534    12.9737   -0.04629     -1.682    30.8355    23.1739 -9.990e-29
 295.464745     -1.672  36.536288    12.9964   -0.04629     -1.658    30.8149    23.1536 -9.990e-29
 295.464751     -1.656  36.529861    13.0086   -0.04632     -1.642    30.7989    23.1389 -9.990e-29
 295.464757     -1.644  36.529773    13.0219   -0.04636     -1.630    30.7881    23.1280 -9.990e-29
 295.464763     -1.630  36.560601    13.0439   -0.04638     -1.616    30.7991    23.1322 -9.990e-29
 295.464769     -1.610  36.628699    13.0637   -0.04636     -1.597    30.8467    23.1652 -9.990e-29
 295.464774     -1.578  36.698704    13.0692   -0.04633     -1.565    30.9077    23.2114 -9.990e-29
 295.464780     -1.536  36.729946    13.0608   -0.04631     -1.523    30.9438    23.2409 -9.990e-29
 295.464786     -1.490  36.726527    13.0526   -0.04632     -1.478    30.9473    23.2452 -9.990e-29
 295.464792     -1.446  36.725967    13.0545   -0.04633     -1.434    30.9452    23.2432 -9.990e-29
 295.464797     -1.405  36.743796    13.0564   -0.04638     -1.393    30.9603    23.2545 -9.990e-29
 295.464803     -1.368  36.753887    13.0470   -0.04641     -1.357    30.9774    23.2696 -9.990e-29
 295.464809     -1.343  36.738309    13.0308   -0.04634     -1.332    30.9761    23.2716 -9.990e-29
 295.464815     -1.331  36.711078    13.0202   -0.04630     -1.320    30.9592    23.2606 -9.990e-29
 295.464821     -1.332  36.693663    13.0213   -0.04631     -1.321    30.9420    23.2471 -9.990e-29
 295.464826     -1.338  36.694822    13.0297   -0.04636     -1.327    30.9362    23.2410 -9.990e-29
 295.464832     -1.331  36.709384    13.0379   -0.04636     -1.320    30.9432    23.2448 -9.990e-29
 295.464838     -1.304  36.727063    13.0409   -0.04631     -1.293    30.9573    23.2552 -9.990e-29
 295.464844     -1.261  36.731631    13.0328   -0.04628     -1.250    30.9681    23.2651 -9.990e-29
 295.464850     -1.219  36.715737    13.0136   -0.04628     -1.209    30.9689    23.2694 -9.990e-29
 295.464855     -1.187  36.696342    13.0025   -0.04631     -1.177    30.9598    23.2645 -9.990e-29
 295.464861     -1.171  36.699192    13.0148   -0.04634     -1.161    30.9524    23.2564 -9.990e-29
 295.464867     -1.167  36.728657    13.0339   -0.04632     -1.157    30.9644    23.2620 -9.990e-29
 295.464873     -1.157  36.757304    13.0396   -0.04629     -1.147    30.9866    23.2781 -9.990e-29
 295.464878     -1.136  36.759418    13.0326   -0.04629     -1.127    30.9943    23.2854 -9.990e-29
 295.464884     -1.116  36.740085    13.0291   -0.04630     -1.107    30.9790    23.2743 -9.990e-29
 295.464890     -1.103  36.729623    13.0401   -0.04633     -1.094    30.9602    23.2576 -9.990e-29
 295.464896     -1.089  36.746622    13.0566   -0.04633     -1.080    30.9627    23.2563 -9.990e-29
 295.464902     -1.060  36.771703    13.0650   -0.04630     -1.051    30.9793    23.2675 -9.990e-29
 295.464907     -1.014  36.778880    13.0601   -0.04631     -1.006    30.9900    23.2768 -9.990e-29
 295.464913     -0.965  36.765967    13.0503   -0.04632     -0.957    30.9859    23.2755 -9.990e-29
 295.464919     -0.931  36.751094    13.0500   -0.04634     -0.923    30.9722    23.2650 -9.990e-29
 295.464925     -0.915  36.753140    13.0581   -0.04634     -0.907    30.9675    23.2597 -9.990e-29
 295.464931     -0.907  36.767556    13.0626   -0.04631     -0.899    30.9773    23.2665 -9.990e-29
 295.464936     -0.897  36.772080    13.0586   -0.04632     -0.890    30.9848    23.2731 -9.990e-29
 295.464942     -0.882  36.760986    13.0493   -0.04632     -0.875    30.9820    23.2727 -9.990e-29
 295.464948     -0.864  36.749783    13.0431   -0.04634     -0.857    30.9766    23.2697 -9.990e-29
 295.464954     -0.847  36.751031    13.0438   -0.04634     -0.840    30.9772    23.2700 -9.990e-29
 295.464959     -0.828  36.764163    13.0441   -0.04634     -0.821    30.9892    23.2793 -9.990e-29
 295.464965     -0.808  36.773055    13.0390   17.81201     -0.801    31.0017    23.2899 -9.990e-29
 295.464971     -0.785  36.767151    13.0321   31.48396     -0.778    31.0018    23.2913 -9.990e-29
 295.464977     -0.762  36.758782    13.0310   33.51732     -0.756    30.9949    23.2862 -9.990e-29
 295.464983     -0.741  36.760921    13.0366   29.63140     -0.735    30.9923    23.2831 -9.990e-29
 295.464988     -0.717  36.771386    13.0406   19.58987     -0.711    30.9988    23.2874 -9.990e-29
 295.464994     -0.688  36.774984    13.0376   15.27801     -0.682    31.0046    23.2924 -9.990e-29
 295.465000     -0.662  36.766437    13.0305   15.30924     -0.656    31.0024    23.2921 -9.990e-29
 295.465006     -0.640  36.760161    13.0266   14.79363     -0.635    30.9997    23.2908 -9.990e-29
 295.465012     -0.622  36.764069    13.0282    9.48294     -0.617    31.0021    23.2923 -9.990e-29
 295.465017     -0.609  36.771047    13.0340    5.38264     -0.604    31.0038    23.2925 -9.990e-29
 295.465023     -0.611  36.782563    13.0455    3.25468     -0.606    31.0052    23.2914 -9.990e-29
 295.465029     -0.628  36.803895    13.0603    3.08413     -0.623    31.0131    23.2946 -9.990e-29
 295.465035     -0.647  36.822002    13.0698    4.95462     -0.642    31.0223    23.2999 -9.990e-29
 295.465041     -0.652  36.829081    13.0687    5.78809     -0.647    31.0299    23.3059 -9.990e-29
 295.465046     -0.636  36.830667    13.0566    6.11462     -0.631    31.0412    23.3171 -9.990e-29
 295.465052     -0.606  36.829453    13.0410    6.30232     -0.601    31.0529    23.3291 -9.990e-29
 295.465058     -0.577  36.826639    13.0357    6.40778     -0.572    31.0545    23.3314 -9.990e-29
 295.465064     -0.556  36.824095    13.0418    6.48013     -0.551    31.0472    23.3245 -9.990e-29
 295.465069     -0.537  36.824050    13.0495    6.53461     -0.533    31.0408    23.3181 -9.990e-29
 295.465075     -0.515  36.826458    13.0543    6.57060     -0.511    31.0391    23.3159 -9.990e-29
 295.465081     -0.493  36.828381    13.0577    6.58280     -0.489    31.0381    23.3145 -9.990e-29
 295.465087     -0.478  36.829035    13.0618    6.57511     -0.474    31.0354    23.3116 -9.990e-29
 295.465093     -0.468  36.829869    13.0658    6.56982     -0.464    31.0329    23.3088 -9.990e-29
 295.465098     -0.455  36.830889    13.0667    6.56977     -0.451    31.0331    23.3088 -9.990e-29
 295.465104     -0.434  36.831232    13.0625    6.58714     -0.430    31.0369    23.3126 -9.990e-29
 295.465110     -0.407  36.830251    13.0558    6.58885     -0.404    31.0414    23.3174 -9.990e-29
 295.465116     -0.385  36.828897    13.0531    6.58822     -0.382    31.0423    23.3186 -9.990e-29
 295.465122     -0.377  36.828745    13.0566    6.55738     -0.374    31.0393    23.3156 -9.990e-29
 295.465127     -0.377  36.829606    13.0622    6.52519     -0.374    31.0356    23.3116 -9.990e-29
 295.465133     -0.376  36.830401    13.0652    6.52225     -0.373    31.0338    23.3097 -9.990e-29
 295.465139     -0.366  36.830526    13.0643    6.52882     -0.363    31.0347    23.3105 -9.990e-29
 295.465145     -0.341  36.830165    13.0611    6.53919     -0.338    31.0370    23.3129 -9.990e-29
 295.465150     -0.310  36.829416    13.0589    6.53648     -0.307    31.0381    23.3142 -9.990e-29
 295.465156     -0.287  36.828418    13.0626    6.51286     -0.285    31.0341    23.3104 -9.990e-29
 295.465162     -0.278  36.828657    13.0721    6.50554     -0.276    31.0265    23.3027 -9.990e-29
 295.465168     -0.276  36.830469    13.0821    6.50067     -0.274    31.0201    23.2958 -9.990e-29
 295.465174     -0.263  36.832360    13.0891    6.50074     -0.261    31.0161    23.2913 -9.990e-29
 295.465179     -0.233  36.834066    13.0926    6.50703     -0.231    31.0148    23.2897 -9.990e-29
 295.465185     -0.198  36.835079    13.0935    6.49626     -0.196    31.0150    23.2897 -9.990e-29
 295.465191     -0.168  36.835083    13.0938    6.48370     -0.167    31.0148    23.2894 -9.990e-29
 295.465197     -0.141  36.835222    13.0936    6.47743     -0.140    31.0151    23.2897 -9.990e-29
 295.465203     -0.112  36.835136    13.0921    6.46140     -0.111    31.0162    23.2908 -9.990e-29
 295.465208     -0.083  36.834726    13.0899    6.44522     -0.082    31.0176    23.2923 -9.990e-29
 295.465214     -0.055  36.834583    13.0884    6.45502     -0.055    31.0187    23.2935 -9.990e-29
 295.465220     -0.029  36.834533    13.0877    6.45767     -0.029    31.0192    23.2940 -9.990e-29
 295.465226     -0.005  36.834523    13.0874    6.46278     -0.005    31.0194    23.2942 -9.990e-29
 295.465231      0.009  36.834548    13.0869    6.43961      0.009    31.0198    23.2947 -9.990e-29
 295.465237      0.013  36.834651    13.0861    6.42256      0.013    31.0206    23.2954 -9.990e-29
 295.465243      0.017  36.834985    13.0855    6.41173      0.017    31.0214    23.2961 -9.990e-29
 295.465249      0.025  36.835443    13.0857    6.41724      0.025    31.0217    23.2963 -9.990e-29
 295.465255      0.038  36.835525    13.0869    6.42229      0.038    31.0207    23.2954 -9.990e-29
 295.465260      0.056  36.835348    13.0877    6.41723      0.056    31.0199    23.2946 -9.990e-29
 295.465266      0.072  36.835245    13.0869    6.40888      0.071    31.0205    23.2952 -9.990e-29
 295.465272      0.075  36.835085    13.0853    6.40230      0.074    31.0216    23.2964 -9.990e-29
 295.465278      0.064  36.834664    13.0842    6.40083      0.063    31.0221    23.2970 -9.990e-29
 295.465284      0.051  36.833428    13.0838    6.39228      0.051    31.0213    23.2964 -9.990e-29
 295.465289      0.049  36.833103    13.0830    6.39628      0.049    31.0217    23.2968 -9.990e-29
 295.465295      0.058  36.834947    13.0816    6.39392      0.058    31.0245    23.2993 -9.990e-29
 295.465301      0.069  36.836379    13.0800    6.39798      0.068    31.0272    23.3017 -9.990e-29
 295.465307      0.079  36.836512    13.0782    6.39000      0.078    31.0288    23.3033 -9.990e-29
 295.465312      0.092  36.836092    13.0765    6.37530      0.091    31.0298    23.3044 -9.990e-29
 295.465318      0.115  36.835690    13.0755    6.36135      0.114    31.0302    23.3049 -9.990e-29
 295.465324      0.144  36.835900    13.0755    6.36206      0.143    31.0304    23.3050 -9.990e-29
 295.465330      0.171  36.836448    13.0762    6.37518      0.170    31.0303    23.3048 -9.990e-29
 295.465336      0.196  36.836952    13.0755    6.38001      0.194    31.0313    23.3058 -9.990e-29
 295.465341      0.219  36.836970    13.0737    6.37095      0.217    31.0328    23.3073 -9.990e-29
 295.465347      0.238  36.836533    13.0732    6.36045      0.236    31.0328    23.3074 -9.990e-29
 295.465353      0.249  36.836189    13.0746    6.35607      0.247    31.0313    23.3060 -9.990e-29
 295.465359      0.258  36.836048    13.0770    6.35049      0.256    31.0292    23.3039 -9.990e-29
 295.465365      0.269  36.835929    13.0796    6.36125      0.267    31.0270    23.3016 -9.990e-29
 295.465370      0.284  36.835683    13.0828    6.35912      0.282    31.0241    23.2988 -9.990e-29
 295.465376      0.302  36.835552    13.0853    6.36535      0.299    31.0220    23.2966 -9.990e-29
 295.465382      0.321  36.835929    13.0861    6.36472      0.318    31.0217    23.2962 -9.990e-29
 295.465388      0.338  36.836767    13.0866    6.35305      0.335    31.0220    23.2964 -9.990e-29
 295.465394      0.353  36.837507    13.0866    6.34089      0.350    31.0227    23.2970 -9.990e-29
 295.465399      0.369  36.837464    13.0856    6.33548      0.366    31.0235    23.2978 -9.990e-29
 295.465405      0.385  36.837148    13.0845    6.33332      0.382    31.0241    23.2984 -9.990e-29
 295.465411      0.403  36.837267    13.0843    6.33849      0.400    31.0244    23.2987 -9.990e-29
 295.465417      0.424  36.837429    13.0853    6.34403      0.420    31.0237    23.2980 -9.990e-29
 295.465422      0.445  36.837297    13.0869    6.34506      0.441    31.0222    23.2965 -9.990e-29
