data/oxygen options/ONMS/Olympic_Coast_National_Marine_Sanctuary_Hypoxia_Survey_CTD_Data_2004_2015/raw_data/2004/CTD_CE80_090704faedb.cnv
* Sea-Bird SBE19 Data File:
* FileName = C:\WINDOWS\Desktop\put hypoxia files here\CTD data\September 07_0804\CE\Raw\CE80_090704.hex
* Software Version 1.1.4
* Temperature SN = 2997
* Conductivity SN = 2997
* System UpLoad Time = Sep 07 2004 16:02:38
* SEACAT PROFILER V3.1c SN 2997   09/07/04  16:04:54.322
* strain gauge pressure sensor: S/N = 184829,  range = 3000 psia,  tc = 40
# nquan = 9
# nvalues = 79                          
# units = specified
# name 0 = timeJ: Julian Days
# name 1 = prSM: Pressure, Strain Gauge [db]
# name 2 = c0mS/cm: Conductivity [mS/cm]
# name 3 = t090C: Temperature [ITS-90, deg C]
# name 4 = oxML/L: Oxygen, Beckman/YSI [ml/l]
# name 5 = depSM: Depth [salt water, m], lat = 47.5
# name 6 = sal00: Salinity, Practical [PSU]
# name 7 = sigma-é00: Density [sigma-theta, kg/m^3]
# name 8 = flag: flag
# span 0 = 251.548084, 251.549028       
# span 1 =      1.000,     79.000       
# span 2 =  34.485136,  40.414124       
# span 3 =     7.5297,    16.7381       
# span 4 =    2.35000,    7.51529       
# span 5 =      0.992,     78.325       
# span 6 =    31.3212,    33.8176       
# span 7 =    22.7533,    26.4145       
# span 8 = 0.0000e+00, 0.0000e+00       
# interval = decibars: 1                
# start_time = Sep 07 2004 13:06:03 [Instrument's time stamp, header]
# bad_flag = -9.990e-29
*END*
 251.548084      1.000  40.414124    16.7381    7.26808      0.992    31.3212    22.7533 0.0000e+00
 251.548105      2.000  40.189628    16.4700    7.33059      1.983    31.3359    22.8256 0.0000e+00
 251.548120      3.000  40.029855    16.2965    7.46447      2.975    31.3327    22.8624 0.0000e+00
 251.548133      4.000  39.947457    16.1809    7.51529      3.966    31.3514    22.9028 0.0000e+00
 251.548145      5.000  39.870092    16.0545    7.18986      4.958    31.3830    22.9553 0.0000e+00
 251.548156      6.000  39.788450    15.7935    6.58816      5.950    31.5181    23.1170 0.0000e+00
 251.548167      7.000  39.677459    15.1727    6.05279      6.942    31.9198    23.5613 0.0000e+00
 251.548179      8.000  39.429148    14.4978    5.82627      7.933    32.2502    23.9595 0.0000e+00
 251.548190      9.000  39.077814    13.9931    5.79064      8.925    32.3494    24.1411 0.0000e+00
 251.548202     10.000  38.794846    13.6823    5.79349      9.916    32.3490    24.2042 0.0000e+00
 251.548213     11.000  38.574246    13.3936    5.79680     10.908    32.3877    24.2923 0.0000e+00
 251.548223     12.000  38.338892    13.0678    5.69906     11.900    32.4440    24.4006 0.0000e+00
 251.548233     13.000  38.093998    12.7224    5.63071     12.891    32.5086    24.5178 0.0000e+00
 251.548244     14.000  37.818220    12.3699    5.55277     13.883    32.5499    24.6174 0.0000e+00
 251.548254     15.000  37.552979    12.0599    5.50600     14.874    32.5641    24.6869 0.0000e+00
 251.548266     16.000  37.315187    11.7525    5.48183     15.866    32.6023    24.7736 0.0000e+00
 251.548277     17.000  37.105414    11.4847    5.37794     16.858    32.6330    24.8463 0.0000e+00
 251.548289     18.000  36.945422    11.2440    5.10917     17.849    32.6885    24.9329 0.0000e+00
 251.548301     19.000  36.781782    10.9527    4.73013     18.840    32.7859    25.0604 0.0000e+00
 251.548313     20.000  36.554343    10.4925    4.36170     19.832    32.9726    25.2860 0.0000e+00
 251.548327     21.000  36.179930     9.8373    4.12372     20.824    33.1916    25.5676 0.0000e+00
 251.548338     22.000  35.632087     9.1270    3.98821     21.815    33.2863    25.7571 0.0000e+00
 251.548351     23.000  35.276941     8.7060    4.00803     22.807    33.3101    25.8410 0.0000e+00
 251.548363     24.000  34.947807     8.3283    4.15503     23.799    33.3193    25.9055 0.0000e+00
 251.548375     25.000  34.715005     8.1107    4.28764     24.790    33.2781    25.9057 0.0000e+00
 251.548385     26.000  34.602348     8.0053    4.37493     25.782    33.2577    25.9053 0.0000e+00
 251.548397     27.000  34.561110     7.9622    4.38746     26.773    33.2542    25.9088 0.0000e+00
 251.548408     28.000  34.541997     7.9394    4.35810     27.765    33.2550    25.9127 0.0000e+00
 251.548418     29.000  34.526852     7.9097    4.29819     28.756    33.2666    25.9262 0.0000e+00
 251.548430     30.000  34.506737     7.8665    4.23911     29.748    33.2857    25.9475 0.0000e+00
 251.548441     31.000  34.485136     7.8392    4.17690     30.739    33.2882    25.9534 0.0000e+00
 251.548452     32.000  34.493708     7.8546    4.02903     31.731    33.2822    25.9465 0.0000e+00
 251.548462     33.000  34.546050     7.8774    3.83152     32.722    33.3161    25.9698 0.0000e+00
 251.548472     34.000  34.586014     7.8721    3.66217     33.713    33.3635    26.0079 0.0000e+00
 251.548483     35.000  34.585194     7.8409    3.56344     34.705    33.3919    26.0346 0.0000e+00
 251.548493     36.000  34.567429     7.7991    3.50167     35.697    33.4124    26.0569 0.0000e+00
 251.548504     37.000  34.546565     7.7583    3.51933     36.688    33.4287    26.0755 0.0000e+00
 251.548515     38.000  34.526873     7.7218    3.61096     37.679    33.4421    26.0913 0.0000e+00
 251.548526     39.000  34.518541     7.7025    3.68536     38.671    33.4511    26.1012 0.0000e+00
 251.548538     40.000  34.526651     7.6903    3.72106     39.662    33.4711    26.1187 0.0000e+00
 251.548549     41.000  34.540949     7.6854    3.69360     40.654    33.4908    26.1348 0.0000e+00
 251.548561     42.000  34.554060     7.6851    3.60392     41.646    33.5047    26.1458 0.0000e+00
 251.548574     43.000  34.566197     7.6787    3.47291     42.637    33.5234    26.1615 0.0000e+00
 251.548586     44.000  34.575112     7.6689    3.40129     43.628    33.5420    26.1775 0.0000e+00
 251.548598     45.000  34.579716     7.6634    3.34900     44.619    33.5519    26.1860 0.0000e+00
 251.548609     46.000  34.586433     7.6559    3.30018     45.611    33.5658    26.1981 0.0000e+00
 251.548622     47.000  34.597045     7.6495    3.27817     46.602    33.5829    26.2125 0.0000e+00
 251.548632     48.000  34.605410     7.6442    3.22211     47.594    33.5966    26.2240 0.0000e+00
 251.548645     49.000  34.608574     7.6372    3.15700     48.585    33.6063    26.2326 0.0000e+00
 251.548656     50.000  34.607608     7.6330    3.14001     49.577    33.6089    26.2353 0.0000e+00
 251.548668     51.000  34.608089     7.6293    3.12605     50.568    33.6125    26.2386 0.0000e+00
 251.548680     52.000  34.608100     7.6213    3.10295     51.559    33.6197    26.2455 0.0000e+00
 251.548692     53.000  34.609991     7.6102    3.07045     52.551    33.6320    26.2568 0.0000e+00
 251.548705     54.000  34.604279     7.5952    3.01504     53.542    33.6399    26.2651 0.0000e+00
 251.548719     55.000  34.593036     7.5803    2.91814     54.534    33.6418    26.2687 0.0000e+00
 251.548733     56.000  34.577250     7.5602    2.85258     55.525    33.6436    26.2731 0.0000e+00
 251.548746     57.000  34.569167     7.5516    2.80340     56.517    33.6428    26.2736 0.0000e+00
 251.548758     58.000  34.570541     7.5458    2.73241     57.508    33.6494    26.2797 0.0000e+00
 251.548769     59.000  34.569705     7.5378    2.65180     58.499    33.6557    26.2858 0.0000e+00
 251.548781     60.000  34.569657     7.5324    2.55473     59.491    33.6605    26.2903 0.0000e+00
 251.548792     61.000  34.573962     7.5305    2.48145     60.482    33.6665    26.2953 0.0000e+00
 251.548803     62.000  34.581419     7.5310    2.42991     61.473    33.6735    26.3008 0.0000e+00
 251.548816     63.000  34.587742     7.5326    2.37983     62.465    33.6784    26.3044 0.0000e+00
 251.548830     64.000  34.590283     7.5330    2.35433     63.456    33.6803    26.3059 0.0000e+00
 251.548843     65.000  34.592192     7.5346    2.35000     64.447    33.6803    26.3057 0.0000e+00
 251.548854     66.000  34.605030     7.5445    2.36552     65.439    33.6841    26.3073 0.0000e+00
 251.548867     67.000  34.629914     7.5553    2.37354     66.430    33.7000    26.3182 0.0000e+00
 251.548879     68.000  34.648877     7.5613    2.37711     67.421    33.7142    26.3286 0.0000e+00
 251.548892     69.000  34.658337     7.5636    2.38293     68.413    33.7218    26.3342 0.0000e+00
 251.548906     70.000  34.668845     7.5641    2.37443     69.404    33.7322    26.3423 0.0000e+00
 251.548919     71.000  34.678495     7.5633    2.36786     70.395    33.7429    26.3509 0.0000e+00
 251.548932     72.000  34.691218     7.5611    2.39105     71.387    33.7583    26.3633 0.0000e+00
 251.548945     73.000  34.701190     7.5566    2.42718     72.378    33.7729    26.3755 0.0000e+00
 251.548956     74.000  34.709613     7.5463    2.45788     73.369    33.7916    26.3917 0.0000e+00
 251.548968     75.000  34.717811     7.5352    2.48288     74.361    33.8108    26.4083 0.0000e+00
 251.548981     76.000  34.720101     7.5324    2.49850     75.352    33.8155    26.4124 0.0000e+00
 251.548996     77.000  34.719796     7.5317    2.50872     76.343    33.8154    26.4125 0.0000e+00
 251.549011     78.000  34.720471     7.5297    2.51210     77.334    33.8176    26.4145 0.0000e+00
 251.549028     79.000  34.720195     7.5302    2.49953     78.325    33.8163    26.4134 0.0000e+00
