data/oxygen options/ONMS/Olympic_Coast_National_Marine_Sanctuary_Hypoxia_Survey_CTD_Data_2004_2015/raw_data/2004/CTD_CE20_072604faed.cnv
* Sea-Bird SBE19 Data File:
* FileName = C:\WINDOWS\Desktop\put hypoxia files here\CTD files\july 24_25-04\CE\CE2-072404.hex
* Software Version 1.1.4
* Temperature SN = 2997
* Conductivity SN = 2997
* System UpLoad Time = Jul 26 2004 14:26:48
* SEACAT PROFILER V3.1c SN 2997   07/26/04  14:26:44.773
* strain gauge pressure sensor: S/N = 184829,  range = 3000 psia,  tc = 40
# nquan = 9                                 
# nvalues = 574                         
# units = specified
# name 0 = timeJ: Julian Days
# name 1 = prSM: Pressure, Strain Gauge [db]
# name 2 = c0mS/cm: Conductivity [mS/cm]
# name 3 = t090C: Temperature [ITS-90, deg C]
# name 4 = oxML/L: Oxygen, Beckman/YSI [ml/l]
# name 5 = depSM: Depth [salt water, m], lat = 47.5
# name 6 = sal00: Salinity, Practical [PSU]
# name 7 = sigma-é00: Density [sigma-theta, kg/m^3]
# name 8 = flag: flag
# span 0 = 208.488333, 208.491649       
# span 1 =     -5.711,     16.606       
# span 2 =   0.685556,  37.314681       
# span 3 =     7.8022,    13.0794       
# span 4 =   -0.72959,   34.68227       
# span 5 =     -5.663,     16.467       
# span 6 =     0.4416,    33.4374       
# span 7 =    -0.2633,    26.0628       
# span 8 = 0.0000e+00, 0.0000e+00       
# interval = seconds: 0.5
# start_time = Jul 26 2004 11:43:12 [Instrument's time stamp, header]
# bad_flag = -9.990e-29
*END*
[from data line 161]
 208.489265     -1.180  36.943975    11.2246    4.71422     -1.170    32.7124    24.9546 -9.990e-29
 208.489271     -1.172  36.937177    11.2009    4.71351     -1.162    32.7268    24.9700 -9.990e-29
 208.489277     -1.159  36.912685    11.1808    4.70151     -1.149    32.7205    24.9687 -9.990e-29
 208.489282     -1.144  36.890576    11.1709    4.70325     -1.134    32.7075    24.9603 -9.990e-29
 208.489288     -1.129  36.880082    11.1675    4.70842     -1.120    32.7001    24.9552 -9.990e-29
 208.489294     -1.115  36.878442    11.1695    4.70935     -1.106    32.6967    24.9522 -9.990e-29
 208.489300     -1.100  36.880683    11.1832    4.71643     -1.091    32.6868    24.9420 -9.990e-29
 208.489306     -1.087  36.893176    11.2103    4.70719     -1.078    32.6750    24.9281 -9.990e-29
 208.489311     -1.081  36.918014    11.2411    4.69970     -1.072    32.6721    24.9203 -9.990e-29
 208.489317     -1.076  36.942349    11.2637    4.69406     -1.067    32.6761    24.9193 -9.990e-29
 208.489323     -1.067  36.959954    11.2661    4.69727     -1.058    32.6913    24.9307 -9.990e-29
 208.489329     -1.055  36.960679    11.2489    4.70350     -1.046    32.7072    24.9462 -9.990e-29
 208.489334     -1.038  36.941027    11.2369    4.70788     -1.029    32.6985    24.9416 -9.990e-29
 208.489340     -1.020  36.928655    11.2482    4.70965     -1.011    32.6763    24.9223 -9.990e-29
 208.489346     -1.004  36.940728    11.2740    4.71065     -0.996    32.6653    24.9091 -9.990e-29
 208.489352     -0.984  36.965317    11.2989    4.70872     -0.976    32.6674    24.9063 -9.990e-29
 208.489358     -0.960  36.988681    11.3128    4.70915     -0.952    32.6781    24.9121 -9.990e-29
 208.489363     -0.937  37.003862    11.3121    4.72135     -0.929    32.6936    24.9243 -9.990e-29
 208.489369     -0.920  37.004206    11.3065    4.72460     -0.912    32.6989    24.9294 -9.990e-29
 208.489375     -0.907  36.995799    11.3107    4.72136     -0.899    32.6869    24.9193 -9.990e-29
 208.489381     -0.897  36.996054    11.3283    4.71141     -0.890    32.6715    24.9042 -9.990e-29
 208.489387     -0.889  37.013176    11.3490    4.70283     -0.882    32.6700    24.8993 -9.990e-29
 208.489392     -0.880  37.035803    11.3555    4.70537     -0.873    32.6865    24.9109 -9.990e-29
 208.489398     -0.867  37.041411    11.3427    4.71637     -0.860    32.7033    24.9263 -9.990e-29
 208.489404     -0.859  37.026286    11.3242    4.71332     -0.852    32.7049    24.9309 -9.990e-29
 208.489410     -0.852  37.006734    11.3198    4.71751     -0.845    32.6896    24.9198 -9.990e-29
 208.489416     -0.839  37.002689    11.3318    4.70800     -0.832    32.6749    24.9062 -9.990e-29
 208.489421     -0.830  37.014941    11.3443    4.68980     -0.823    32.6759    24.9047 -9.990e-29
 208.489427     -0.824  37.025070    11.3435    4.68701     -0.817    32.6866    24.9132 -9.990e-29
 208.489433     -0.815  37.021370    11.3260    4.68553     -0.808    32.6984    24.9255 -9.990e-29
 208.489439     -0.804  37.006218    11.3010    4.68764     -0.797    32.7057    24.9357 -9.990e-29
 208.489444     -0.789  36.988594    11.2825    4.69116     -0.782    32.7048    24.9383 -9.990e-29
 208.489450     -0.774  36.974738    11.2794    4.68766     -0.768    32.6939    24.9304 -9.990e-29
 208.489456     -0.763  36.971986    11.2931    4.67854     -0.757    32.6790    24.9164 -9.990e-29
 208.489462     -0.749  36.983413    11.3150    4.67383     -0.743    32.6708    24.9061 -9.990e-29
 208.489468     -0.734  37.001281    11.3305    4.68589     -0.728    32.6747    24.9063 -9.990e-29
 208.489473     -0.723  37.014102    11.3296    4.69097     -0.717    32.6881    24.9168 -9.990e-29
 208.489479     -0.716  37.013759    11.3170    4.68618     -0.710    32.6989    24.9275 -9.990e-29
 208.489485     -0.709  37.002060    11.3119    4.69090     -0.703    32.6919    24.9230 -9.990e-29
 208.489491     -0.701  36.994269    11.3252    4.69055     -0.695    32.6725    24.9055 -9.990e-29
 208.489497     -0.692  37.005252    11.3454    4.67658     -0.686    32.6654    24.8963 -9.990e-29
 208.489502     -0.685  37.024991    11.3572    4.68722     -0.679    32.6743    24.9012 -9.990e-29
 208.489508     -0.685  37.034962    11.3556    4.68386     -0.679    32.6855    24.9102 -9.990e-29
 208.489514     -0.686  37.032782    11.3408    4.68822     -0.680    32.6965    24.9214 -9.990e-29
 208.489520     -0.680  37.018928    11.3241    4.69753     -0.674    32.6977    24.9253 -9.990e-29
 208.489525     -0.668  37.002990    11.3224    4.68453     -0.662    32.6835    24.9146 -9.990e-29
 208.489531     -0.656  37.002988    11.3320    4.65969     -0.651    32.6750    24.9062 -9.990e-29
 208.489537     -0.649  37.015010    11.3357    4.65150     -0.644    32.6835    24.9122 -9.990e-29
 208.489543     -0.646  37.020333    11.3171    4.66352     -0.641    32.7052    24.9324 -9.990e-29
 208.489549     -0.642  37.006447    11.2746    4.68527     -0.637    32.7293    24.9588 -9.990e-29
 208.489554     -0.633  36.971685    11.2443    4.68313     -0.628    32.7220    24.9585 -9.990e-29
 208.489560     -0.622  36.943741    11.2603    4.67248     -0.617    32.6803    24.9232 -9.990e-29
 208.489566     -0.614  36.956024    11.3022    4.66708     -0.609    32.6552    24.8962 -9.990e-29
 208.489572     -0.607  36.995199    11.3271    4.65307     -0.602    32.6716    24.9045 -9.990e-29
 208.489578     -0.602  37.020989    11.3204    4.66264     -0.597    32.7029    24.9300 -9.990e-29
 208.489583     -0.597  37.012851    11.3008    4.67793     -0.592    32.7123    24.9409 -9.990e-29
 208.489589     -0.593  36.989682    11.2897    4.67642     -0.588    32.6994    24.9328 -9.990e-29
 208.489595     -0.590  36.980053    11.2918    4.67158     -0.585    32.6880    24.9236 -9.990e-29
 208.489601     -0.586  36.983477    11.3032    4.66124     -0.581    32.6813    24.9163 -9.990e-29
 208.489606     -0.583  36.993879    11.3059    4.66503     -0.578    32.6891    24.9219 -9.990e-29
 208.489612     -0.579  36.998228    11.2879    4.67802     -0.574    32.7094    24.9409 -9.990e-29
 208.489618     -0.574  36.982158    11.2703    4.66595     -0.569    32.7092    24.9439 -9.990e-29
 208.489624     -0.569  36.964641    11.2755    4.65299     -0.564    32.6873    24.9260 -9.990e-29
 208.489630     -0.563  36.969442    11.2934    4.64753     -0.558    32.6762    24.9141 -9.990e-29
 208.489635     -0.555  36.987834    11.2928    4.65749     -0.550    32.6948    24.9287 -9.990e-29
 208.489641     -0.545  36.988840    11.2681    4.67351     -0.540    32.7177    24.9509 -9.990e-29
 208.489647     -0.532  36.967099    11.2499    4.67765     -0.528    32.7124    24.9501 -9.990e-29
 208.489653     -0.515  36.949161    11.2568    4.66758     -0.511    32.6886    24.9304 -9.990e-29
 208.489659     -0.494  36.952622    11.2771    4.67064     -0.490    32.6740    24.9154 -9.990e-29
 208.489664     -0.471  36.969211    11.2914    4.66783     -0.467    32.6777    24.9156 -9.990e-29
 208.489670     -0.449  36.980689    11.2910    4.67131     -0.445    32.6893    24.9247 -9.990e-29
 208.489676     -0.427  36.978830    11.2832    4.65627     -0.423    32.6944    24.9301 -9.990e-29
 208.489682     -0.408  36.970711    11.2749    4.65040     -0.405    32.6938    24.9311 -9.990e-29
 208.489688     -0.395  36.964030    11.2622    4.63950     -0.392    32.6984    24.9370 -9.990e-29
 208.489693     -0.386  36.955503    11.2400    4.65439     -0.383    32.7097    24.9498 -9.990e-29
 208.489699     -0.382  36.939389    11.2154    4.66958     -0.379    32.7157    24.9588 -9.990e-29
 208.489705     -0.377  36.917774    11.2100    4.66589     -0.374    32.6992    24.9470 -9.990e-29
 208.489711     -0.368  36.910640    11.2337    4.66057     -0.365    32.6711    24.9209 -9.990e-29
 208.489716     -0.357  36.930920    11.2672    4.65074     -0.354    32.6614    24.9073 -9.990e-29
 208.489722     -0.349  36.959124    11.2816    4.65375     -0.346    32.6764    24.9164 -9.990e-29
 208.489728     -0.343  36.968951    11.2706    4.65269     -0.340    32.6958    24.9335 -9.990e-29
 208.489734     -0.338  36.956708    11.2578    4.66308     -0.335    32.6951    24.9352 -9.990e-29
 208.489740     -0.334  36.938059    11.2633    4.65806     -0.331    32.6719    24.9162 -9.990e-29
 208.489745     -0.332  36.930212    11.2809    4.64209     -0.329    32.6486    24.8949 -9.990e-29
 208.489751     -0.330  36.940293    11.2958    4.63812     -0.327    32.6453    24.8897 -9.990e-29
 208.489757     -0.330  36.959888    11.2973    4.64702     -0.327    32.6632    24.9033 -9.990e-29
 208.489763     -0.330  36.973260    11.2763    4.66578     -0.327    32.6950    24.9318 -9.990e-29
 208.489769     -0.330  36.964582    11.2486    4.68835     -0.327    32.7110    24.9492 -9.990e-29
 208.489774     -0.332  36.939850    11.2547    4.69286     -0.329    32.6813    24.9250 -9.990e-29
 208.489780     -0.335  36.940663    11.3018    4.68499     -0.332    32.6403    24.8847 -9.990e-29
 208.489786     -0.338  36.984355    11.3586    4.67042     -0.335    32.6330    24.8688 -9.990e-29
 208.489792     -0.343  37.038886    11.3900    4.66603     -0.340    32.6588    24.8832 -9.990e-29
 208.489797     -0.345  37.066488    11.3797    4.67432     -0.342    32.6950    24.9132 -9.990e-29
 208.489803     -0.340  37.052938    11.3492    4.69096     -0.337    32.7087    24.9293 -9.990e-29
 208.489809     -0.332  37.022795    11.3347    4.67749     -0.329    32.6919    24.9189 -9.990e-29
 208.489815     -0.325  37.011007    11.3451    4.66772     -0.322    32.6711    24.9009 -9.990e-29
 208.489821     -0.319  37.022031    11.3599    4.67763     -0.316    32.6688    24.8964 -9.990e-29
 208.489826     -0.313  37.035225    11.3558    4.67897     -0.310    32.6854    24.9101 -9.990e-29
 208.489832     -0.306  37.030047    11.3376    4.67915     -0.303    32.6965    24.9219 -9.990e-29
 208.489838     -0.299  37.009685    11.3422    4.67289     -0.297    32.6724    24.9024 -9.990e-29
 208.489844     -0.290  37.012038    11.3776    4.66575     -0.288    32.6434    24.8734 -9.990e-29
 208.489850     -0.280  37.049204    11.3960    4.66850     -0.278    32.6635    24.8858 -9.990e-29
 208.489855     -0.267  37.069223    11.3810    4.67017     -0.265    32.6965    24.9141 -9.990e-29
 208.489861     -0.256  37.053369    11.3672    4.68778     -0.254    32.6931    24.9140 -9.990e-29
 208.489867     -0.249  37.038828    11.3672    4.69366     -0.247    32.6788    24.9029 -9.990e-29
 208.489873     -0.241  37.038725    11.3772    4.68942     -0.239    32.6699    24.8941 -9.990e-29
 208.489878     -0.229  37.048991    11.3951    4.67981     -0.227    32.6641    24.8864 -9.990e-29
 208.489884     -0.216  37.067043    11.4138    4.69869     -0.214    32.6653    24.8839 -9.990e-29
 208.489890     -0.209  37.083859    11.4290    4.69240     -0.207    32.6683    24.8836 -9.990e-29
 208.489896     -0.212  37.094940    11.4406    4.67647     -0.210    32.6689    24.8819 -9.990e-29
 208.489902     -0.221  37.102720    11.4478    4.67235     -0.219    32.6702    24.8816 -9.990e-29
 208.489907     -0.229  37.109719    11.4366    4.67092     -0.227    32.6869    24.8967 -9.990e-29
 208.489913     -0.231  37.105075    11.4027    4.69240     -0.229    32.7124    24.9226 -9.990e-29
 208.489919     -0.227  37.078107    11.3786    4.67949     -0.225    32.7073    24.9230 -9.990e-29
 208.489925     -0.222  37.052859    11.3934    4.65953     -0.220    32.6694    24.8908 -9.990e-29
 208.489931     -0.219  37.064634    11.4243    4.64365     -0.217    32.6536    24.8730 -9.990e-29
 208.489936     -0.214  37.093226    11.4239    4.65579     -0.212    32.6820    24.8951 -9.990e-29
 208.489942     -0.207  37.090389    11.3860    4.67619     -0.205    32.7128    24.9259 -9.990e-29
 208.489948     -0.202  37.055711    11.3521    4.69022     -0.200    32.7088    24.9289 -9.990e-29
 208.489954     -0.193  37.026512    11.3600    4.70060     -0.191    32.6731    24.8997 -9.990e-29
 208.489959     -0.181  37.033385    11.4050    4.69169     -0.179    32.6400    24.8659 -9.990e-29
 208.489965     -0.173  37.074264    11.4487    4.70072     -0.172    32.6415    24.8591 -9.990e-29
 208.489971     -0.173  37.114480    11.4612    4.71472     -0.172    32.6698    24.8789 -9.990e-29
 208.489977     -0.177  37.121855    11.4481    4.71555     -0.176    32.6886    24.8959 -9.990e-29
 208.489983     -0.176  37.105106    11.4374    4.71328     -0.175    32.6817    24.8924 -9.990e-29
 208.489988     -0.170  37.096296    11.4451    4.67971     -0.169    32.6663    24.8790 -9.990e-29
 208.489994     -0.164  37.107225    11.4531    4.64789     -0.163    32.6699    24.8804 -9.990e-29
 208.490000     -0.156  37.118242    11.4269    4.63604     -0.155    32.7039    24.9116 -9.990e-29
 208.490006     -0.151  37.096925    11.3574    4.62962     -0.150    32.7445    24.9557 -9.990e-29
 208.490012     -0.148  37.037286    11.2726    4.65165     -0.147    32.7612    24.9840 -9.990e-29
 208.490017     -0.139  36.966914    11.2124    4.64990     -0.138    32.7454    24.9825 -9.990e-29
 208.490023     -0.122  36.917020    11.1964    4.65315     -0.121    32.7104    24.9581 -9.990e-29
 208.490029     -0.106  36.902935    11.2164    4.65519     -0.105    32.6788    24.9299 -9.990e-29
 208.490035     -0.094  36.919879    11.2534    4.64358     -0.093    32.6627    24.9108 -9.990e-29
 208.490041     -0.084  36.952303    11.2866    4.64877     -0.083    32.6651    24.9067 -9.990e-29
 208.490046     -0.077  36.980068    11.3021    4.64111     -0.076    32.6787    24.9145 -9.990e-29
 208.490052     -0.072  36.988603    11.3003    4.63630     -0.071    32.6887    24.9226 -9.990e-29
 208.490058     -0.068  36.984244    11.2849    4.64615     -0.067    32.6980    24.9326 -9.990e-29
 208.490064     -0.065  36.972391    11.2681    4.64708     -0.064    32.7013    24.9382 -9.990e-29
 208.490069     -0.064  36.958542    11.2643    4.65937     -0.063    32.6910    24.9309 -9.990e-29
 208.490075     -0.063  36.956190    11.2734    4.65786     -0.062    32.6806    24.9212 -9.990e-29
 208.490081     -0.064  36.964434    11.2931    4.64619     -0.063    32.6713    24.9104 -9.990e-29
 208.490087     -0.061  36.981360    11.3146    4.65505     -0.060    32.6689    24.9046 -9.990e-29
 208.490093     -0.050  37.000373    11.3195    4.65045     -0.050    32.6832    24.9149 -9.990e-29
 208.490098     -0.035  37.005320    11.3067    4.65441     -0.035    32.6994    24.9298 -9.990e-29
 208.490104     -0.020  36.994387    11.3005    4.67671     -0.020    32.6942    24.9268 -9.990e-29
 208.490110     -0.006  36.987760    11.3196    4.67677     -0.006    32.6707    24.9052 -9.990e-29
 208.490116      0.001  37.004632    11.3542    4.68005      0.001    32.6567    24.8880 -9.990e-29
 208.490122      0.007  37.036086    11.3859    4.66487      0.007    32.6595    24.8845 -9.990e-29
 208.490127      0.017  37.064052    11.4059    4.65144      0.017    32.6692    24.8884 -9.990e-29
 208.490133      0.030  37.079836    11.4063    4.66305      0.030    32.6843    24.9001 -9.990e-29
 208.490139      0.049  37.077003    11.3898    4.68403      0.049    32.6962    24.9123 -9.990e-29
 208.490145      0.069  37.060748    11.3790    4.68861      0.068    32.6898    24.9093 -9.990e-29
 208.490150      0.084  37.052574    11.3947    4.68747      0.083    32.6678    24.8894 -9.990e-29
 208.490156      0.091  37.069052    11.4309    4.68796      0.090    32.6520    24.8705 -9.990e-29
 208.490162      0.089  37.102419    11.4612    4.68282      0.088    32.6579    24.8697 -9.990e-29
 208.490168      0.083  37.127619    11.4711    4.70729      0.082    32.6739    24.8802 -9.990e-29
 208.490174      0.081  37.132829    11.4694    4.70805      0.080    32.6805    24.8857 -9.990e-29
 208.490179      0.087  37.127801    11.4692    4.67920      0.086    32.6757    24.8820 -9.990e-29
