data/oxygen options/ONMS/Olympic_Coast_National_Marine_Sanctuary_Hypoxia_Survey_CTD_Data_2004_2015/raw_data/2004/CTD_CA60_102104faed.cnv
* Sea-Bird SBE19 Data File:
* FileName = C:\WINDOWS\Desktop\put hypoxia files here\CTD data\October 21-04\CA\Raw\CA60_102104.hex
* Software Version 1.1.4
* Temperature SN = 2997
* Conductivity SN = 2997
* System UpLoad Time = Oct 21 2004 14:38:05
* SEACAT PROFILER V3.1c SN 2997   10/21/04  14:43:22.817
* strain gauge pressure sensor: S/N = 184829,  range = 3000 psia,  tc = 40
# nquan = 9                                 
# nvalues = 1333                        
# units = specified
# name 0 = timeJ: Julian Days
# name 1 = prSM: Pressure, Strain Gauge [db]
# name 2 = c0mS/cm: Conductivity [mS/cm]
# name 3 = t090C: Temperature [ITS-90, deg C]
# name 4 = oxML/L: Oxygen, Beckman/YSI [ml/l]
# name 5 = depSM: Depth [salt water, m], lat = 47.5
# name 6 = sal00: Salinity, Practical [PSU]
# name 7 = sigma-é00: Density [sigma-theta, kg/m^3]
# name 8 = flag: flag
# span 0 = 295.573414, 295.581123       
# span 1 =     -4.599,     60.940       
# span 2 =   0.458358,  37.275780       
# span 3 =     8.4021,    13.2227       
# span 4 =   -0.05831,   32.70088       
# span 5 =     -4.561,     60.422       
# span 6 =     0.2980,    33.1504       
# span 7 =    -0.2664,    25.7624       
# span 8 = 0.0000e+00, 0.0000e+00       
# interval = seconds: 0.5
# start_time = Oct 21 2004 13:45:43 [Instrument's time stamp, header]
# bad_flag = -9.990e-29
*END*
[from data line 1281]
 295.580828     19.933  36.937396    12.3051    5.36415     19.766    31.7599    24.0174 0.0000e+00
 295.580833     19.431  36.972078    12.4112    5.44400     19.268    31.7035    23.9537 0.0000e+00
 295.580839     18.917  37.005864    12.5401    5.50280     18.758    31.6273    23.8703 0.0000e+00
 295.580845     18.383  37.061404    12.6780    5.56154     18.229    31.5645    23.7954 0.0000e+00
 295.580851     17.837  37.128670    12.7820    5.62149     17.687    31.5414    23.7575 0.0000e+00
 295.580856     17.294  37.177945    12.8307    5.66335     17.149    31.5475    23.7529 0.0000e+00
 295.580862     16.760  37.198153    12.8421    5.68682     16.619    31.5573    23.7582 0.0000e+00
 295.580868     16.241  37.200016    12.8457    5.68943     16.105    31.5562    23.7567 0.0000e+00
 295.580874     15.733  37.197262    12.8590    5.67893     15.601    31.5427    23.7437 0.0000e+00
 295.580880     15.234  37.198016    12.8782    5.67422     15.106    31.5276    23.7283 0.0000e+00
 295.580885     14.739  37.199938    12.8920    5.67914     14.615    31.5181    23.7183 0.0000e+00
 295.580891     14.237  37.196639    12.9009    5.68929     14.118    31.5078    23.7085 0.0000e+00
 295.580897     13.726  37.188234    12.9126    5.71260     13.611    31.4903    23.6927 0.0000e+00
 295.580903     13.204  37.178121    12.9272    5.72296     13.093    31.4689    23.6733 0.0000e+00
 295.580909     12.672  37.164054    12.9389    5.74266     12.566    31.4461    23.6534 0.0000e+00
 295.580914     12.143  37.145245    12.9445    5.75404     12.041    31.4240    23.6352 0.0000e+00
 295.580920     11.630  37.128048    12.9459    5.77756     11.533    31.4069    23.6217 0.0000e+00
 295.580926     11.136  37.116475    12.9478    5.79702     11.043    31.3946    23.6118 0.0000e+00
 295.580932     10.646  37.107454    12.9524    5.80941     10.557    31.3825    23.6015 0.0000e+00
 295.580938     10.141  37.098513    12.9592    5.82654     10.056    31.3686    23.5895 0.0000e+00
 295.580943      9.620  37.090088    12.9667    5.82763      9.539    31.3547    23.5772 0.0000e+00
 295.580949      9.101  37.082182    12.9728    5.83714      9.025    31.3424    23.5665 0.0000e+00
 295.580955      8.607  37.075496    12.9762    5.83832      8.535    31.3335    23.5590 0.0000e+00
 295.580961      8.149  37.071795    12.9788    5.85486      8.081    31.3281    23.5542 0.0000e+00
 295.580966      7.723  37.071213    12.9836    5.85850      7.658    31.3237    23.5499 0.0000e+00
 295.580972      7.316  37.071874    12.9903    5.87458      7.255    31.3190    23.5450 0.0000e+00
 295.580978      6.914  37.073560    12.9980    5.88540      6.856    31.3143    23.5399 0.0000e+00
 295.580984      6.514  37.077417    13.0057    5.89281      6.460    31.3118    23.5364 0.0000e+00
 295.580990      6.119  37.081882    13.0121    5.92762      6.068    31.3108    23.5344 0.0000e+00
 295.580995      5.735  37.084519    13.0168    5.96397      5.687    31.3096    23.5325 0.0000e+00
 295.581001      5.359  37.085500    13.0218    5.99663      5.314    31.3065    23.5292 0.0000e+00
 295.581007      4.988  37.086718    13.0316    6.03359      4.946    31.2997    23.5220 0.0000e+00
 295.581013      4.624  37.089816    13.0515    6.04106      4.585    31.2863    23.5078 0.0000e+00
 295.581019      4.266  37.096705    13.0779    6.06388      4.230    31.2712    23.4909 0.0000e+00
 295.581024      3.917  37.105938    13.0983    6.00668      3.884    31.2631    23.4807 0.0000e+00
 295.581030      3.588  37.112464    13.1098    5.97029      3.558    31.2599    23.4760 0.0000e+00
 295.581036      3.281  37.116039    13.1187    5.88039      3.254    31.2560    23.4712 0.0000e+00
 295.581042      2.979  37.119773    13.1277    5.91943      2.954    31.2522    23.4665 0.0000e+00
 295.581047      2.677  37.124179    13.1397    5.88622      2.655    31.2466    23.4598 0.0000e+00
 295.581053      2.390  37.130666    13.1568    6.86645      2.370    31.2387    23.4504 0.0000e+00
 295.581059      2.134  37.138933    13.1721    6.97921      2.116    31.2340    23.4437 0.0000e+00
 295.581065      1.913  37.139840    13.1729    6.93555      1.897    31.2343    23.4438 0.0000e+00
 295.581071      1.731  37.126206    13.1545 -9.990e-29      1.717    31.2367    23.4493 0.0000e+00
 295.581076      1.590  37.098385    13.1242 -9.990e-29      1.577    31.2356    23.4543 -9.990e-29
 295.581082      1.479  37.048836    13.0895 -9.990e-29      1.467    31.2178    23.4473 -9.990e-29
 295.581088      1.385  36.942910    13.0534 -9.990e-29      1.373    31.1483    23.4005 -9.990e-29
 295.581094      1.300  36.672271    13.0205 -9.990e-29      1.289    30.9216    23.2316 -9.990e-29
 295.581100      1.228  35.904098    12.9954 -9.990e-29      1.218    30.2229    22.6961 -9.990e-29
 295.581105      1.173  33.632473    12.9781 -9.990e-29      1.163    28.1228    21.0761 -9.990e-29
 295.581111      1.139  26.843140    12.9674 -9.990e-29      1.129    21.9365    16.3038 -9.990e-29
 295.581117      1.126  16.390257    12.9637 -9.990e-29      1.117    12.7995     9.2662 -9.990e-29
 295.581123      1.123   9.103462 -9.990e-29 -9.990e-29      1.114 -9.990e-29 -9.990e-29 -9.990e-29
