data/oxygen options/ONMS/Olympic_Coast_National_Marine_Sanctuary_Hypoxia_Survey_CTD_Data_2004_2015/raw_data/2004/CTD_TH50_072704faed.cnv
* Sea-Bird SBE19 Data File:
* FileName = C:\WINDOWS\Desktop\put hypoxia files here\CTD files\July 26_27-04\TH\TH5_072704.hex
* Software Version 1.1.4
* Temperature SN = 2997
* Conductivity SN = 2997
* System UpLoad Time = Jul 27 2004 11:56:47
* SEACAT PROFILER V3.1c SN 2997   07/27/04  11:56:31.604
* strain gauge pressure sensor: S/N = 184829,  range = 3000 psia,  tc = 40
# nquan = 9                                 
# nvalues = 785                         
# units = specified
# name 0 = timeJ: Julian Days
# name 1 = prSM: Pressure, Strain Gauge [db]
# name 2 = c0mS/cm: Conductivity [mS/cm]
# name 3 = t090C: Temperature [ITS-90, deg C]
# name 4 = oxML/L: Oxygen, Beckman/YSI [ml/l]
# name 5 = depSM: Depth [salt water, m], lat = 47.5
# name 6 = sal00: Salinity, Practical [PSU]
# name 7 = sigma-é00: Density [sigma-theta, kg/m^3]
# name 8 = flag: flag
# span 0 = 209.395926, 209.400463       
# span 1 =     -5.303,     50.949       
# span 2 =   0.546597,  37.732279       
# span 3 =     7.2487,    12.5554       
# span 4 =   -0.05678,   33.91627       
# span 5 =     -5.259,     50.518       
# span 6 =     0.3524,    33.6906       
# span 7 =    -0.2896,    26.3536       
# span 8 = 0.0000e+00, 0.0000e+00       
# interval = seconds: 0.5
# start_time = Jul 27 2004 09:30:08 [Instrument's time stamp, header]
# bad_flag = -9.990e-29
*END*
[from data line 641]
 209.399635     48.974  34.338378     7.2503    2.89314     48.560    33.6889    26.3522 0.0000e+00
 209.399641     49.356  34.338991     7.2502    2.88412     48.938    33.6895    26.3527 0.0000e+00
 209.399647     49.700  34.338364     7.2494    2.87749     49.279    33.6895    26.3527 0.0000e+00
 209.399653     50.010  34.337325     7.2488    2.87119     49.587    33.6888    26.3523 0.0000e+00
 209.399659     50.284  34.336714     7.2487    2.85544     49.858    33.6881    26.3517 0.0000e+00
 209.399664     50.520  34.336821     7.2499    2.86100     50.092    33.6869    26.3507 0.0000e+00
 209.399670     50.709  34.337772     7.2519    2.84799     50.280    33.6859    26.3496 0.0000e+00
 209.399676     50.843  34.338573     7.2536    2.84240     50.412    33.6850    26.3487 -9.990e-29
 209.399682     50.921  34.338594     7.2548    2.84367     50.490    33.6839    26.3476 -9.990e-29
 209.399688     50.949  34.338409     7.2553    2.83407     50.518    33.6831    26.3470 -9.990e-29
 209.399693     50.938  34.338316     7.2555    2.83750     50.507    33.6829    26.3467 -9.990e-29
 209.399699     50.894  34.338176     7.2555    2.83707     50.463    33.6827    26.3466 -9.990e-29
 209.399705     50.802  34.337787     7.2552    2.84280     50.372    33.6826    26.3466 -9.990e-29
 209.399711     50.644  34.337177     7.2547    2.83610     50.215    33.6825    26.3466 0.0000e+00
 209.399716     50.417  34.336635     7.2539    2.83804     49.990    33.6828    26.3469 0.0000e+00
 209.399722     50.126  34.335423     7.2524    2.82523     49.702    33.6831    26.3473 0.0000e+00
 209.399728     49.776  34.333033     7.2515    2.82499     49.355    33.6816    26.3462 0.0000e+00
 209.399734     49.389  34.330751     7.2519    2.82366     48.971    33.6789    26.3441 0.0000e+00
 209.399740     48.987  34.329443     7.2525    2.81706     48.572    33.6771    26.3425 0.0000e+00
 209.399745     48.584  34.329035     7.2530    2.81311     48.173    33.6763    26.3419 0.0000e+00
 209.399751     48.182  34.329532     7.2534    2.81292     47.774    33.6767    26.3421 0.0000e+00
 209.399757     47.775  34.330460     7.2534    2.81689     47.371    33.6779    26.3430 0.0000e+00
 209.399763     47.349  34.330802     7.2528    2.81277     46.948    33.6790    26.3440 0.0000e+00
 209.399769     46.898  34.329876     7.2516    2.81375     46.501    33.6794    26.3445 0.0000e+00
 209.399774     46.419  34.328117     7.2508    2.80466     46.026    33.6785    26.3439 0.0000e+00
 209.399780     45.913  34.326527     7.2510    2.80490     45.525    33.6768    26.3425 0.0000e+00
 209.399786     45.380  34.325217     7.2522    2.80875     44.996    33.6745    26.3405 0.0000e+00
 209.399792     44.826  34.323548     7.2551    2.81624     44.447    33.6701    26.3367 0.0000e+00
 209.399797     44.259  34.320964     7.2618    2.82873     43.885    33.6611    26.3286 0.0000e+00
 209.399803     43.684  34.316810     7.2754    2.84638     43.315    33.6436    26.3129 0.0000e+00
 209.399809     43.113  34.310021     7.2948    2.87362     42.749    33.6176    26.2898 0.0000e+00
 209.399815     42.557  34.302185     7.3133    2.88225     42.197    33.5914    26.2665 0.0000e+00
 209.399821     42.018  34.297419     7.3259    2.91106     41.663    33.5742    26.2513 0.0000e+00
 209.399826     41.498  34.297209     7.3343    2.91279     41.148    33.5661    26.2437 0.0000e+00
 209.399832     40.991  34.299583     7.3446    2.91990     40.645    33.5589    26.2366 0.0000e+00
 209.399838     40.489  34.301529     7.3643    2.94384     40.147    33.5422    26.2207 0.0000e+00
 209.399844     39.980  34.302263     7.3959    2.96368     39.642    33.5126    26.1930 0.0000e+00
 209.399850     39.462  34.303873     7.4306    3.01422     39.129    33.4811    26.1633 0.0000e+00
 209.399855     38.936  34.306812     7.4584    3.04803     38.607    33.4576    26.1410 0.0000e+00
 209.399861     38.408  34.309384     7.4783    3.09258     38.084    33.4415    26.1255 0.0000e+00
 209.399867     37.883  34.312210     7.4994    3.13735     37.563    33.4245    26.1091 0.0000e+00
 209.399873     37.352  34.317927     7.5437    3.19258     37.037    33.3883    26.0744 0.0000e+00
 209.399878     36.799  34.331903     7.6248    3.27064     36.489    33.3257    26.0137 0.0000e+00
 209.399884     36.215  34.361546     7.7173    3.32847     35.910    33.2694    25.9563 0.0000e+00
 209.399890     35.606  34.400958     7.7904    3.38419     35.306    33.2423    25.9244 0.0000e+00
 209.399896     34.984  34.434850     7.8454    3.41306     34.689    33.2265    25.9041 0.0000e+00
 209.399902     34.361  34.463002     7.8931    3.44738     34.071    33.2115    25.8854 0.0000e+00
 209.399907     33.749  34.490990     7.9308    3.46115     33.465    33.2059    25.8756 0.0000e+00
 209.399913     33.156  34.512954     7.9524    3.46793     32.877    33.2092    25.8749 0.0000e+00
 209.399919     32.591  34.522852     7.9599    3.49115     32.316    33.2129    25.8768 0.0000e+00
 209.399925     32.065  34.523782     7.9598    3.49670     31.795    33.2142    25.8778 0.0000e+00
 209.399931     31.572  34.521461     7.9606    3.52006     31.306    33.2112    25.8753 0.0000e+00
 209.399936     31.088  34.520069     7.9677    3.53696     30.826    33.2032    25.8680 0.0000e+00
 209.399942     30.596  34.521659     7.9827    3.55356     30.338    33.1909    25.8561 0.0000e+00
 209.399948     30.085  34.525533     8.0091    3.56803     29.832    33.1702    25.8361 0.0000e+00
 209.399954     29.548  34.534599     8.0440    3.57668     29.299    33.1471    25.8128 0.0000e+00
 209.399959     28.982  34.549161     8.0764    3.59240     28.738    33.1322    25.7963 0.0000e+00
 209.399965     28.390  34.559469     8.1070    3.59619     28.151    33.1145    25.7780 0.0000e+00
 209.399971     27.776  34.560757     8.1393    3.62400     27.542    33.0856    25.7506 0.0000e+00
 209.399977     27.152  34.555858     8.1633    3.64036     26.924    33.0581    25.7254 0.0000e+00
 209.399983     26.539  34.547761     8.1726    3.67401     26.316    33.0410    25.7106 0.0000e+00
 209.399988     25.950  34.541925     8.1762    3.70937     25.732    33.0317    25.7028 0.0000e+00
 209.399994     25.385  34.540653     8.1867    3.72186     25.172    33.0207    25.6926 0.0000e+00
 209.400000     24.839  34.542237     8.2157    3.72994     24.630    32.9954    25.6684 0.0000e+00
 209.400006     24.298  34.547654     8.2769    3.71057     24.094    32.9439    25.6190 0.0000e+00
 209.400012     23.754  34.569719     8.3650    3.70144     23.554    32.8851    25.5597 0.0000e+00
 209.400017     23.211  34.619336     8.4510    3.68385     23.016    32.8574    25.5251 0.0000e+00
 209.400023     22.672  34.675752     8.5218    3.66597     22.482    32.8511    25.5095 0.0000e+00
 209.400029     22.138  34.723360     8.5966    3.65356     21.952    32.8318    25.4830 0.0000e+00
 209.400035     21.609  34.776295     8.6877    3.63029     21.428    32.8029    25.4466 0.0000e+00
 209.400041     21.081  34.838970     8.7843    3.64159     20.904    32.7793    25.4132 0.0000e+00
 209.400046     20.552  34.902991     8.8730    3.66080     20.379    32.7644    25.3879 0.0000e+00
 209.400052     20.020  34.960640     8.9395    3.69531     19.852    32.7633    25.3767 0.0000e+00
 209.400058     19.484  34.996826     8.9866    3.73418     19.320    32.7577    25.3651 0.0000e+00
 209.400064     18.938  35.014941     9.0323    3.76343     18.779    32.7347    25.3399 0.0000e+00
 209.400069     18.382  35.032405     9.0727    3.80431     18.228    32.7160    25.3189 0.0000e+00
 209.400075     17.815  35.042215     9.1034    3.80409     17.666    32.6982    25.3002 0.0000e+00
 209.400081     17.240  35.046229     9.1349    3.81872     17.095    32.6737    25.2761 0.0000e+00
 209.400087     16.663  35.059324     9.1696    3.83917     16.523    32.6557    25.2565 0.0000e+00
 209.400093     16.089  35.080447     9.2021    3.85239     15.954    32.6480    25.2454 0.0000e+00
 209.400098     15.526  35.102428     9.2348    3.89239     15.396    32.6411    25.2348 0.0000e+00
 209.400104     14.981  35.125970     9.2842    3.89640     14.855    32.6205    25.2109 0.0000e+00
 209.400110     14.457  35.162266     9.3610    3.95539     14.336    32.5881    25.1733 0.0000e+00
 209.400116     13.947  35.222132     9.4624    4.05934     13.830    32.5576    25.1332 0.0000e+00
 209.400122     13.439  35.308608     9.5994    4.23605     13.326    32.5221    25.0835 0.0000e+00
 209.400127     12.932  35.414297     9.7834    4.47999     12.824    32.4639    25.0081 0.0000e+00
 209.400133     12.428  35.534327     9.9942    4.71880     12.324    32.3965    24.9208 0.0000e+00
 209.400139     11.928  35.668831    10.2159    4.96116     11.828    32.3343    24.8353 0.0000e+00
 209.400145     11.435  35.817112    10.4742    5.21675     11.339    32.2538    24.7289 0.0000e+00
 209.400150     10.945  36.005306    10.8068    5.49869     10.853    32.1482    24.5895 0.0000e+00
 209.400156     10.446  36.275180    11.1755    5.82282     10.359    32.0924    24.4814 0.0000e+00
 209.400162      9.945  36.590074    11.4380    6.11071      9.862    32.1728    24.4970 0.0000e+00
 209.400168      9.459  36.800598    11.5224    6.30977      9.380    32.3051    24.5846 0.0000e+00
 209.400174      8.994  36.840884    11.5158    6.45566      8.919    32.3504    24.6210 0.0000e+00
 209.400179      8.551  36.804532    11.5571    6.57969      8.479    32.2790    24.5581 0.0000e+00
 209.400185      8.128  36.828183    11.7309    6.68954      8.060    32.1513    24.4272 0.0000e+00
 209.400191      7.724  37.004492    11.9695    6.81849      7.659    32.1161    24.3559 0.0000e+00
 209.400197      7.333  37.238704    12.1406    6.95982      7.272    32.1945    24.3849 0.0000e+00
 209.400203      6.949  37.380352    12.2084    7.03681      6.891    32.2724    24.4326 0.0000e+00
 209.400208      6.569  37.422573    12.2191    7.08552      6.514    32.3039    24.4550 0.0000e+00
 209.400214      6.198  37.423940    12.2427    7.08265      6.146    32.2850    24.4359 0.0000e+00
 209.400220      5.839  37.444626    12.3118    7.05897      5.790    32.2454    24.3922 0.0000e+00
 209.400226      5.485  37.507159    12.3864    7.02935      5.439    32.2413    24.3749 0.0000e+00
 209.400231      5.140  37.568693    12.4267    6.95324      5.097    32.2657    24.3861 0.0000e+00
 209.400237      4.808  37.596848    12.4365    6.92637      4.768    32.2843    24.3987 0.0000e+00
 209.400243      4.485  37.600009    12.4322    6.82424      4.448    32.2911    24.4048 0.0000e+00
 209.400249      4.171  37.592495    12.4292    7.76686      4.136    32.2867    24.4019 0.0000e+00
 209.400255      3.868  37.587291    12.4251    8.34957      3.836    32.2853    24.4016 0.0000e+00
 209.400260      3.579  37.575775    12.3970    9.29527      3.549    32.2986    24.4172 0.0000e+00
 209.400266      3.310  37.542593    12.3436   12.26688      3.282    32.3130    24.4385 0.0000e+00
 209.400272      3.062  37.496243    12.2883    9.87445      3.036    32.3163    24.4515 0.0000e+00
 209.400278      2.828  37.433266    12.2369    7.92102      2.804    32.3003    24.4488 0.0000e+00
 209.400284      2.609  37.309512    12.1821    6.25314      2.587    32.2288    24.4036 0.0000e+00
 209.400289      2.413  37.020556    12.1272    5.21182      2.393    31.9983    24.2351 0.0000e+00
 209.400295      2.237  36.254607    12.0751    6.40323      2.218    31.3068    23.7085 0.0000e+00
 209.400301      2.073  34.053780    12.0260    6.69059      2.056    29.2433    22.1179 0.0000e+00
 209.400307      1.920  27.547582    11.9861    6.81765      1.904    23.1652    17.4199 0.0000e+00
 209.400313      1.776  17.249524    11.9614    6.87476      1.761    13.8944    10.2615 0.0000e+00
 209.400318      1.645   9.419564    11.9498    6.88545      1.631     7.2229     5.1099 -9.990e-29
 209.400324      1.532   6.157777    11.9442    6.87303      1.519     4.5777     3.0640 -9.990e-29
 209.400330      1.434   5.033399    11.9398    6.87078      1.422     3.6910     2.3775 -9.990e-29
 209.400336      1.344   4.700238    11.9342    6.87465      1.333     3.4316     2.1771 -9.990e-29
 209.400341      1.257   4.440915    11.9262    6.74713      1.247     3.2309     2.0224 -9.990e-29
 209.400347      1.172   4.098804    11.9191    6.31590      1.162     2.9672     1.8187 -9.990e-29
 209.400353      1.095   3.797431    11.9166    6.31472      1.086     2.7360     1.6396 -9.990e-29
 209.400359      1.032   3.408649    11.9159    6.40300      1.023     2.4396     1.4095 -9.990e-29
 209.400365      0.972   2.950189    11.9152    6.59882      0.964     2.0932     1.1406 -9.990e-29
 209.400370      0.914   2.568139    11.9163    6.81495      0.906     1.8075     0.9183 -9.990e-29
 209.400376      0.861   2.320160    11.9185    6.81046      0.854     1.6236     0.7750 -9.990e-29
 209.400382      0.814   2.241933    11.9179    6.82971      0.807     1.5659     0.7302 -9.990e-29
 209.400388      0.771   2.293633    11.9135    6.83557      0.765     1.6042     0.7606 -9.990e-29
 209.400394      0.728   2.386341    11.9096    6.84012      0.722     1.6729     0.8145 -9.990e-29
 209.400399      0.688   2.440783    11.9085    6.85217      0.682     1.7133     0.8460 -9.990e-29
 209.400405      0.652   2.428937    11.9089    6.85077      0.647     1.7045     0.8391 -9.990e-29
 209.400411      0.617   2.405602    11.9097 -9.990e-29      0.612     1.6871     0.8255 -9.990e-29
 209.400417      0.586   2.408036    11.9101 -9.990e-29      0.581     1.6889     0.8269 -9.990e-29
 209.400422      0.561   2.381677    11.9094 -9.990e-29      0.556     1.6694     0.8118 -9.990e-29
 209.400428      0.540   2.284710    11.9087 -9.990e-29      0.535     1.5978     0.7562 -9.990e-29
 209.400434      0.523   2.135700    11.9082 -9.990e-29      0.519     1.4881     0.6709 -9.990e-29
 209.400440      0.507   1.991085    11.9075 -9.990e-29      0.503     1.3821     0.5885 -9.990e-29
 209.400446      0.493   1.903147    11.9066 -9.990e-29      0.489     1.3179     0.5386 -9.990e-29
 209.400451      0.479   1.864119    11.9056 -9.990e-29      0.475     1.2895     0.5166 -9.990e-29
 209.400457      0.468   1.834192    11.9051 -9.990e-29      0.464     1.2678     0.4997 -9.990e-29
 209.400463      0.465   1.797913 -9.990e-29 -9.990e-29      0.461 -9.990e-29 -9.990e-29 -9.990e-29
