data/oxygen options/ONMS/Olympic_Coast_National_Marine_Sanctuary_Hypoxia_Survey_CTD_Data_2004_2015/raw_data/2004/CTD_CA45_061504faed.cnv
* Sea-Bird SBE19 Data File:
* FileName = C:\WINDOWS\Desktop\put hypoxia files here\CTD files\CA\CA45m061504.hex
* Software Version 1.1.4
* Temperature SN = 2997
* Conductivity SN = 2997
* System UpLoad Time = Jun 15 2004 12:11:48
** Cape Alava hypoxia 45m CA-4.5 June 15, 2004
* SEACAT PROFILER V3.1c SN 2997   06/15/04  12:10:13.071
# nquan = 9                                 
# nvalues = 737                         
# units = specified
# name 0 = timeJ: Julian Days
# name 1 = prSM: Pressure, Strain Gauge [db]
# name 2 = c0mS/cm: Conductivity [mS/cm]
# name 3 = t090C: Temperature [ITS-90, deg C]
# name 4 = oxML/L: Oxygen, Beckman/YSI [ml/l]
# name 5 = depSM: Depth [salt water, m], lat = 47.5
# name 6 = sal00: Salinity, Practical [PSU]
# name 7 = sigma-é00: Density [sigma-theta, kg/m^3]
# name 8 = flag: flag
# span 0 = 167.456192, 167.460451       
# span 1 =     -4.703,     44.923       
# span 2 =   0.457137,  37.422531       
# span 3 =     8.0193,    13.3746       
# span 4 =  -12.41810,   32.91310       
# span 5 =     -4.664,     44.543       
# span 6 =     0.2978,    33.0006       
# span 7 =    -0.2564,    25.7012       
# span 8 = 0.0000e+00, 0.0000e+00       
# interval = seconds: 0.5
# start_time = Jun 15 2004 10:56:55 [Instrument's time stamp, header]
# bad_flag = -9.990e-29
*END*
[from data line 641]
 167.459902     29.460  34.727604     9.2245    4.33325     29.212    32.2574    24.9366 0.0000e+00
 167.459907     28.812  34.783332     9.3877    4.56176     28.570    32.1679    24.8409 0.0000e+00
 167.459913     28.152  34.886376     9.6547    4.78030     27.915    32.0346    24.6941 0.0000e+00
 167.459919     27.480  35.060913    10.0173    4.99486     27.249    31.8906    24.5226 0.0000e+00
 167.459925     26.802  35.302541    10.4191    5.17877     26.577    31.7810    24.3702 0.0000e+00
 167.459931     26.125  35.582504    10.7743    5.33707     25.905    31.7508    24.2861 0.0000e+00
 167.459936     25.454  35.846903    11.0234    5.46965     25.240    31.7966    24.2785 0.0000e+00
 167.459942     24.789  36.036775    11.1788    5.56623     24.581    31.8492    24.2921 0.0000e+00
 167.459948     24.130  36.144051    11.2993    5.63990     23.927    31.8506    24.2718 0.0000e+00
 167.459954     23.475  36.215377    11.4191    5.68285     23.278    31.8174    24.2246 0.0000e+00
 167.459959     22.811  36.284213    11.5379    5.71683     22.619    31.7827    24.1763 0.0000e+00
 167.459965     22.130  36.350412    11.6656    5.71900     21.944    31.7379    24.1184 0.0000e+00
 167.459971     21.437  36.419846    11.8193    5.72033     21.257    31.6743    24.0410 0.0000e+00
 167.459977     20.739  36.506627    11.9909    5.74234     20.565    31.6125    23.9616 0.0000e+00
 167.459983     20.038  36.608176    12.1507    5.77346     19.870    31.5752    23.9031 0.0000e+00
 167.459988     19.333  36.702911    12.2780    5.82135     19.171    31.5589    23.8666 0.0000e+00
 167.459994     18.626  36.775310    12.3729    5.84056     18.470    31.5484    23.8407 0.0000e+00
 167.460000     17.923  36.826617    12.4524    5.83614     17.773    31.5308    23.8121 0.0000e+00
 167.460006     17.228  36.870327    12.5349    5.84876     17.084    31.5035    23.7753 0.0000e+00
 167.460012     16.538  36.922697    12.6148    5.87476     16.399    31.4867    23.7471 0.0000e+00
 167.460017     15.857  36.977877    12.6710    5.90268     15.724    31.4923    23.7407 0.0000e+00
 167.460023     15.189  37.014696    12.6986    5.92522     15.062    31.5043    23.7447 0.0000e+00
 167.460029     14.534  37.026765    12.7172    5.92906     14.412    31.5005    23.7382 0.0000e+00
 167.460035     13.894  37.029655    12.7436    5.93319     13.778    31.4814    23.7184 0.0000e+00
 167.460041     13.266  37.037908    12.7774    5.92987     13.155    31.4613    23.6963 0.0000e+00
 167.460046     12.649  37.049098    12.8138    5.94044     12.543    31.4418    23.6742 0.0000e+00
 167.460052     12.037  37.061352    12.8477    5.93618     11.936    31.4254    23.6550 0.0000e+00
 167.460058     11.419  37.076461    12.8771    5.91748     11.323    31.4155    23.6416 0.0000e+00
 167.460064     10.792  37.093853    12.9043    5.92040     10.702    31.4095    23.6317 0.0000e+00
 167.460069     10.165  37.110954    12.9287    5.92396     10.080    31.4056    23.6240 0.0000e+00
 167.460075      9.540  37.123114    12.9481    5.92641      9.460    31.4012    23.6168 0.0000e+00
 167.460081      8.925  37.130316    12.9628    5.94678      8.850    31.3960    23.6099 0.0000e+00
 167.460087      8.327  37.134908    12.9766    5.96746      8.257    31.3891    23.6019 0.0000e+00
 167.460093      7.748  37.137995    12.9955    5.97319      7.683    31.3766    23.5886 0.0000e+00
 167.460098      7.184  37.144286    13.0268    5.94914      7.124    31.3568    23.5672 0.0000e+00
 167.460104      6.639  37.160519    13.0796    5.90723      6.583    31.3286    23.5351 0.0000e+00
 167.460110      6.121  37.193225    13.1490    5.87448      6.070    31.3022    23.5011 0.0000e+00
 167.460116      5.634  37.237249    13.2018    5.86770      5.587    31.3001    23.4891 0.0000e+00
 167.460122      5.184  37.266070    13.2226    5.87259      5.141    31.3101    23.4928 0.0000e+00
 167.460127      4.774  37.273290    13.2384    5.86940      4.734    31.3040    23.4850 0.0000e+00
 167.460133      4.410  37.284284    13.2636    5.86393      4.373    31.2937    23.4720 0.0000e+00
 167.460139      4.089  37.304762    13.2832    5.84285      4.055    31.2968    23.4706 0.0000e+00
 167.460145      3.808  37.318870    13.2890    5.83178      3.776    31.3053    23.4760 0.0000e+00
 167.460150      3.562  37.322454    13.2902    5.83583      3.532    31.3077    23.4776 0.0000e+00
 167.460156      3.345  37.323693    13.2966    5.81397      3.317    31.3037    23.4733 0.0000e+00
 167.460162      3.150  37.328752    13.3066    5.81358      3.124    31.3003    23.4687 0.0000e+00
 167.460168      2.975  37.335989    13.3129    5.82208      2.950    31.3019    23.4687 0.0000e+00
 167.460174      2.816  37.339938    13.3146    5.78133      2.792    31.3043    23.4701 0.0000e+00
 167.460179      2.667  37.340849    13.3170    5.73868      2.645    31.3032    23.4688 0.0000e+00
 167.460185      2.525  37.343330    13.3226    5.68811      2.504    31.3010    23.4660 0.0000e+00
 167.460191      2.387  37.348474    13.3295    5.64453      2.367    31.3002    23.4640 0.0000e+00
 167.460197      2.249  37.354752    13.3355    5.64720      2.230    31.3011    23.4636 0.0000e+00
 167.460203      2.113  37.359907    13.3394    5.63612      2.095    31.3028    23.4641 0.0000e+00
 167.460208      1.985  37.361304    13.3378    6.66483      1.968    31.3055    23.4665 -9.990e-29
 167.460214      1.866  37.355228    13.3261    6.72569      1.850    31.3094    23.4719 -9.990e-29
 167.460220      1.753  37.341459    13.3054    6.77436      1.738    31.3137    23.4792 -9.990e-29
 167.460226      1.647  37.323543    13.2820    6.79513      1.633    31.3162    23.4858 -9.990e-29
 167.460231      1.551  37.297248    13.2573    6.78726      1.538    31.3121    23.4874 -9.990e-29
 167.460237      1.462  37.245488    13.2277    6.74927      1.450    31.2881    23.4747 -9.990e-29
 167.460243      1.375  37.131245    13.1955    6.75884      1.364    31.2079    23.4189 -9.990e-29
 167.460249      1.289  36.845406    13.1684    6.79009      1.278    30.9630    23.2349 -9.990e-29
 167.460255      1.206  36.038287    13.1476    6.80097      1.196    30.2269    22.6699 -9.990e-29
 167.460260      1.130  33.650579    13.1299    6.75109      1.121    28.0273    20.9739 -9.990e-29
 167.460266      1.061  26.521690    13.1165    6.73799      1.052    21.5634    15.9901 -9.990e-29
 167.460272      0.993  15.614269    13.1098    6.77127      0.985    12.0963     8.7022 -9.990e-29
 167.460278      0.927   7.817792    13.1081    6.79139      0.919     5.7333     3.8021 -9.990e-29
 167.460284      0.868   4.654279    13.1074    6.81068      0.861     3.2925     1.9183 -9.990e-29
 167.460289      0.815   3.429594    13.1056    6.81451      0.808     2.3799     1.2128 -9.990e-29
 167.460295      0.766   3.195257    13.1029    6.80909      0.760     2.2079     1.0801 -9.990e-29
 167.460301      0.717   3.310799    13.1006    6.81195      0.711     2.2928     1.1461 -9.990e-29
 167.460307      0.670   3.263129    13.0989    6.81260      0.664     2.2579     1.1193 -9.990e-29
 167.460312      0.631   3.078215    13.0972    6.82137      0.626     2.1226     1.0148 -9.990e-29
 167.460318      0.600   3.174986    13.0951    6.81557      0.595     2.1935     1.0700 -9.990e-29
 167.460324      0.576   3.546731    13.0926   -3.78191      0.571     2.4671     1.2820 -9.990e-29
 167.460330      0.557   3.665488    13.0901  -11.28083      0.552     2.5550     1.3504 -9.990e-29
 167.460336      0.542   3.378848    13.0881  -12.41810      0.537     2.3436     1.1870 -9.990e-29
 167.460341      0.531   2.956341    13.0869   -9.36674      0.527     2.0343     0.9478 -9.990e-29
 167.460347      0.522   2.566867    13.0854   -2.13818      0.518     1.7520     0.7293 -9.990e-29
 167.460353      0.515   2.270345    13.0823   -0.21662      0.511     1.5391     0.5647 -9.990e-29
 167.460359      0.510   2.077137    13.0778   -0.12132      0.506     1.4015     0.4586 -9.990e-29
 167.460365      0.506   1.942478    13.0727   -0.08045      0.502     1.3061     0.3853 -9.990e-29
 167.460370      0.503   1.820740    13.0674   -0.06134      0.499     1.2203     0.3194 -9.990e-29
 167.460376      0.501   1.721300    13.0620   -0.05592      0.497     1.1504     0.2660 -9.990e-29
 167.460382      0.499   1.658814    13.0566   -0.05586      0.495     1.1068     0.2327 -9.990e-29
 167.460388      0.494   1.610046    13.0513   -0.05582      0.490     1.0727     0.2070 -9.990e-29
 167.460394      0.476   1.556788    13.0460   -0.05583      0.472     1.0357     0.1789 -9.990e-29
 167.460399      0.448   1.494698    13.0404 -9.990e-29      0.444     0.9925     0.1461 -9.990e-29
 167.460405      0.427   1.424731    13.0344 -9.990e-29      0.423     0.9440     0.1092 -9.990e-29
 167.460411      0.418   1.362967    13.0280 -9.990e-29      0.415     0.9013     0.0769 -9.990e-29
 167.460417      0.418   1.318160    13.0213 -9.990e-29      0.415     0.8704     0.0538 -9.990e-29
 167.460422      0.417   1.291120    13.0141 -9.990e-29      0.414     0.8519     0.0403 -9.990e-29
 167.460428      0.416   1.300785    13.0070 -9.990e-29      0.413     0.8587     0.0465 -9.990e-29
 167.460434      0.419   1.347821    13.0008 -9.990e-29      0.416     0.8914     0.0727 -9.990e-29
 167.460440      0.422   1.432727    12.9962 -9.990e-29      0.418     0.9505     0.1192 -9.990e-29
 167.460446      0.420   1.564826    12.9944 -9.990e-29      0.416     1.0427     0.1911 -9.990e-29
 167.460451      0.418   1.681360 -9.990e-29 -9.990e-29      0.415 -9.990e-29 -9.990e-29 -9.990e-29
