data/oxygen options/ONMS/Olympic_Coast_National_Marine_Sanctuary_Hypoxia_Survey_CTD_Data_2004_2015/raw_data/2004/CTD_CE50_090704faedb.cnv
* Sea-Bird SBE19 Data File:
* FileName = C:\WINDOWS\Desktop\put hypoxia files here\CTD data\September 07_0804\CE\Raw\CE50_090704.hex
* Software Version 1.1.4
* Temperature SN = 2997
* Conductivity SN = 2997
* System UpLoad Time = Sep 07 2004 16:06:15
* SEACAT PROFILER V3.1c SN 2997   09/07/04  16:08:48.828
* strain gauge pressure sensor: S/N = 184829,  range = 3000 psia,  tc = 40
# nquan = 9
# nvalues = 49                          
# units = specified
# name 0 = timeJ: Julian Days
# name 1 = prSM: Pressure, Strain Gauge [db]
# name 2 = c0mS/cm: Conductivity [mS/cm]
# name 3 = t090C: Temperature [ITS-90, deg C]
# name 4 = oxML/L: Oxygen, Beckman/YSI [ml/l]
# name 5 = depSM: Depth [salt water, m], lat = 47.5
# name 6 = sal00: Salinity, Practical [PSU]
# name 7 = sigma-é00: Density [sigma-theta, kg/m^3]
# name 8 = flag: flag
# span 0 = 251.572946, 251.573792       
# span 1 =      2.000,     50.000       
# span 2 =  34.463151,  40.715010       
# span 3 =     7.5618,    16.8751       
# span 4 =    1.13258,    6.75701       
# span 5 =      1.983,     49.577       
# span 6 =    31.4622,    33.6677       
# span 7 =    22.8385,    26.2916       
# span 8 = 0.0000e+00, 0.0000e+00       
# interval = decibars: 1                
# start_time = Sep 07 2004 13:41:38 [Instrument's time stamp, header]
# bad_flag = -9.990e-29
*END*
 251.572946      2.000  40.715010    16.8751    6.42589      1.983    31.4734    22.8385 0.0000e+00
 251.572965      3.000  40.377807    16.4534    6.50463      2.975    31.5122    22.9646 0.0000e+00
 251.572979      4.000  40.102668    16.2125    6.61442      3.966    31.4622    22.9807 0.0000e+00
 251.572990      5.000  40.028112    16.0472    6.75701      4.958    31.5274    23.0679 0.0000e+00
 251.573001      6.000  39.887114    15.7803    6.70195      5.950    31.6155    23.1948 0.0000e+00
 251.573012      7.000  39.716042    15.4500    6.29906      6.941    31.7287    23.3544 0.0000e+00
 251.573023      8.000  39.549457    14.8798    5.70890      7.933    32.0439    23.7197 0.0000e+00
 251.573033      9.000  39.195103    14.0155    5.16246      8.925    32.4401    24.2058 0.0000e+00
 251.573043     10.000  38.656018    13.0743    4.74432      9.916    32.7386    24.6269 0.0000e+00
 251.573054     11.000  38.030001    12.0998    4.44987     10.908    32.9913    25.0110 0.0000e+00
 251.573064     12.000  37.289665    11.1456    4.15448     11.900    33.1184    25.2848 0.0000e+00
 251.573076     13.000  36.677240    10.4526    3.97299     12.891    33.1352    25.4193 0.0000e+00
 251.573086     14.000  36.179094     9.7590    3.67981     13.883    33.2664    25.6383 0.0000e+00
 251.573097     15.000  35.590310     9.1284    4.32004     14.874    33.2445    25.7232 0.0000e+00
 251.573108     16.000  35.180924     8.7274    6.70401     15.866    33.1923    25.7453 0.0000e+00
 251.573119     17.000  34.929855     8.4527    3.66516     16.858    33.1862    25.7825 0.0000e+00
 251.573131     18.000  34.742845     8.2749    1.13258     17.849    33.1556    25.7852 0.0000e+00
 251.573142     19.000  34.622158     8.1708    4.47629     18.840    33.1253    25.7769 0.0000e+00
 251.573154     20.000  34.551619     8.1062    4.95869     19.832    33.1108    25.7752 0.0000e+00
 251.573166     21.000  34.509342     8.0564    4.88159     20.824    33.1124    25.7836 0.0000e+00
 251.573176     22.000  34.474272     8.0026    4.89760     21.815    33.1255    25.8018 0.0000e+00
 251.573188     23.000  34.463151     7.9861    4.88622     22.807    33.1288    25.8068 0.0000e+00
 251.573198     24.000  34.472506     7.9926    4.84068     23.798    33.1321    25.8085 0.0000e+00
 251.573210     25.000  34.485338     8.0069    4.74599     24.790    33.1318    25.8062 0.0000e+00
 251.573221     26.000  34.509555     8.0303    4.62393     25.781    33.1350    25.8053 0.0000e+00
 251.573232     27.000  34.550513     8.0517    4.45421     26.773    33.1580    25.8202 0.0000e+00
 251.573244     28.000  34.576587     8.0494    4.32280     27.764    33.1874    25.8436 0.0000e+00
 251.573254     29.000  34.572386     8.0173    4.24046     28.756    33.2129    25.8684 0.0000e+00
 251.573266     30.000  34.558380     7.9547    4.13159     29.748    33.2571    25.9122 0.0000e+00
 251.573275     31.000  34.541087     7.8630    3.98362     30.739    33.3254    25.9792 0.0000e+00
 251.573286     32.000  34.515195     7.7782    3.80414     31.730    33.3783    26.0330 0.0000e+00
 251.573296     33.000  34.514976     7.7029    3.54024     32.722    33.4498    26.1001 0.0000e+00
 251.573306     34.000  34.527171     7.6391    3.27498     33.714    33.5239    26.1674 0.0000e+00
 251.573317     35.000  34.536880     7.6013    3.05607     34.705    33.5703    26.2093 0.0000e+00
 251.573328     36.000  34.541167     7.5805    2.87241     35.697    33.5946    26.2314 0.0000e+00
 251.573339     37.000  34.550386     7.5701    2.74515     36.688    33.6141    26.2482 0.0000e+00
 251.573350     38.000  34.562836     7.5656    2.67677     37.679    33.6315    26.2625 0.0000e+00
 251.573361     39.000  34.570535     7.5636    2.61449     38.671    33.6413    26.2705 0.0000e+00
 251.573372     40.000  34.575520     7.5629    2.57098     39.662    33.6468    26.2750 0.0000e+00
 251.573383     41.000  34.583256     7.5627    2.54471     40.654    33.6550    26.2814 0.0000e+00
 251.573393     42.000  34.590423     7.5618    2.51959     41.645    33.6631    26.2880 0.0000e+00
 251.573405     43.000  34.594608     7.5618    2.49134     42.637    33.6671    26.2912 0.0000e+00
 251.573417     44.000  34.595762     7.5619    2.47038     43.628    33.6677    26.2916 0.0000e+00
 251.573430     45.000  34.595158     7.5623    2.46643     44.619    33.6662    26.2904 0.0000e+00
 251.573443     46.000  34.594573     7.5622    2.51013     45.611    33.6652    26.2896 0.0000e+00
 251.573456     47.000  34.594875     7.5625    2.53263     46.603    33.6648    26.2893 0.0000e+00
 251.573469     48.000  34.594509     7.5624    2.43541     47.594    33.6641    26.2887 0.0000e+00
 251.573486     49.000  34.594662     7.5637    2.38864     48.585    33.6624    26.2872 0.0000e+00
 251.573792     50.000  34.584742     7.5680    2.31654     49.577    33.6471    26.2746 0.0000e+00
