data/oxygen options/ONMS/Olympic_Coast_National_Marine_Sanctuary_Hypoxia_Survey_CTD_Data_2004_2015/raw_data/2004/CTD_CA60_061504faed.cnv
* Sea-Bird SBE19 Data File:
* FileName = C:\WINDOWS\Desktop\put hypoxia files here\CTD files\CA\CA60m061504.hex
* Software Version 1.1.4
* Temperature SN = 2997
* Conductivity SN = 2997
* System UpLoad Time = Jun 15 2004 12:06:01
** Cape Alava hypoxia CAne 15,2004
**
# nquan = 9                                 
# nvalues = 849                         
# units = specified
# name 0 = timeJ: Julian Days
# name 1 = prSM: Pressure, Strain Gauge [db]
# name 2 = c0mS/cm: Conductivity [mS/cm]
# name 3 = t090C: Temperature [ITS-90, deg C]
# name 4 = oxML/L: Oxygen, Beckman/YSI [ml/l]
# name 5 = depSM: Depth [salt water, m], lat = 47.5
# name 6 = sal00: Salinity, Practical [PSU]
# name 7 = sigma-é00: Density [sigma-theta, kg/m^3]
# name 8 = flag: flag
# span 0 = 167.439190, 167.444097       
# span 1 =     -4.863,     61.212       
# span 2 =   0.392767,  37.502963       
# span 3 =     7.4483,    13.4506       
# span 4 =   -0.05852,   33.17003       
# span 5 =     -4.822,     60.692       
# span 6 =     0.2574,    33.4638       
# span 7 =    -0.2421,    26.1476       
# span 8 = 0.0000e+00, 0.0000e+00       
# interval = seconds: 0.5
# start_time = Jun 15 2004 10:32:26 [Instrument's time stamp, header]
# bad_flag = -9.990e-29
*END*
[from data line 801]
 167.443825      3.072  37.387771    13.4082    5.91306      3.046    31.2719    23.4267 0.0000e+00
 167.443831      2.827  37.404140    13.4239    5.84441      2.803    31.2743    23.4254 0.0000e+00
 167.443837      2.606  37.415101    13.4323    5.79339      2.584    31.2777    23.4264 0.0000e+00
 167.443843      2.405  37.418466    13.4341    6.54195      2.385    31.2795    23.4274 0.0000e+00
 167.443848      2.222  37.415376    13.4284    6.66396      2.203    31.2813    23.4299 0.0000e+00
 167.443854      2.059  37.400612    13.4013    6.59544      2.042    31.2899    23.4419 0.0000e+00
 167.443860      1.909  37.364046    13.3437    6.63475      1.893    31.3032    23.4635 0.0000e+00
 167.443866      1.769  37.314159    13.2729    6.72251      1.754    31.3149    23.4866 0.0000e+00
 167.443872      1.637  37.248398    13.2005    6.82920      1.623    31.3132    23.4994 -9.990e-29
 167.443877      1.514  37.113305    13.1098    6.87268      1.501    31.2615    23.4771 -9.990e-29
 167.443883      1.400  36.804490    13.0014    6.87678      1.388    31.0611    23.3432 -9.990e-29
 167.443889      1.297  36.049876    12.9064    6.87286      1.286    30.4306    22.8737 -9.990e-29
 167.443895      1.202  33.954378    12.8395    6.83813      1.192    28.5252    21.4130 -9.990e-29
 167.443900      1.109  27.780085    12.7962    6.81692      1.100    22.8829    17.0636 -9.990e-29
 167.443906      1.022  17.699994    12.7738    6.80677      1.013    13.9851    10.2088 -9.990e-29
 167.443912      0.947   9.505094    12.7658    6.82233      0.939     7.1376     4.9333 -9.990e-29
 167.443918      0.883   5.721370    12.7644    6.85704      0.876     4.1409     2.6201 -9.990e-29
 167.443924      0.828   4.177418    12.7655    6.85035      0.821     2.9609     1.7074 -9.990e-29
 167.443929      0.777   3.384682    12.7666    6.82667      0.771     2.3677     1.2479 -9.990e-29
 167.443935      0.731   2.878377    12.7660    6.81730      0.725     1.9941     0.9586 -9.990e-29
 167.443941      0.696   2.527708    12.7639    6.81198      0.690     1.7382     0.7604 -9.990e-29
 167.443947      0.670   2.301479    12.7612    6.83030      0.664     1.5745     0.6338 -9.990e-29
 167.443953      0.642   2.166511    12.7590    6.82688      0.637     1.4773     0.5586 -9.990e-29
 167.443958      0.612   2.089014    12.7579    6.80563      0.607     1.4217     0.5156 -9.990e-29
 167.443964      0.584   2.096254    12.7575    6.77854      0.579     1.4269     0.5197 -9.990e-29
 167.443970      0.563   2.203996    12.7571    6.79221      0.558     1.5044     0.5799 -9.990e-29
 167.443976      0.546   2.317477    12.7560    6.82002      0.541     1.5863     0.6436 -9.990e-29
 167.443981      0.533   2.355143    12.7543    6.83960      0.529     1.6136     0.6649 -9.990e-29
 167.443987      0.522   2.326643    12.7519    6.83431      0.518     1.5930     0.6493 -9.990e-29
 167.443993      0.514   2.241779    12.7481    6.77074      0.510     1.5319     0.6024 -9.990e-29
 167.443999      0.506   2.119674    12.7436    6.80965      0.502     1.4443     0.5349 -9.990e-29
 167.444005      0.500   2.034828    12.7391    6.82832      0.496     1.3836     0.4884 -9.990e-29
 167.444010      0.494   2.069173    12.7344    6.84414      0.490     1.4083     0.5082 -9.990e-29
 167.444016      0.489   2.272394    12.7298    6.85838      0.485     1.5548     0.6225 -9.990e-29
 167.444022      0.483   2.637017    12.7257    6.87641      0.479     1.8196     0.8284 -9.990e-29
 167.444028      0.477   2.941040    12.7218    6.89796      0.473     2.0425     1.0017 -9.990e-29
 167.444034      0.470   2.944980    12.7173    6.90360      0.466     2.0456     1.0048 -9.990e-29
 167.444039      0.462   2.782542    12.7105    6.91201      0.458     1.9267     0.9135 -9.990e-29
 167.444045      0.452   2.799179    12.7002 -9.990e-29      0.448     1.9395     0.9246 -9.990e-29
 167.444051      0.440   3.268881    12.6892 -9.990e-29      0.436     2.2865     1.1950 -9.990e-29
 167.444057      0.428   3.846983    12.6815 -9.990e-29      0.424     2.7185     1.5307 -9.990e-29
 167.444063      0.421   3.882943    12.6773 -9.990e-29      0.417     2.7458     1.5524 -9.990e-29
 167.444068      0.419   3.492725    12.6748 -9.990e-29      0.416     2.4539     1.3266 -9.990e-29
 167.444074      0.424   3.089850    12.6728 -9.990e-29      0.420     2.1549     1.0951 -9.990e-29
 167.444080      0.438   2.769546    12.6711 -9.990e-29      0.434     1.9192     0.9126 -9.990e-29
 167.444086      0.449   2.509082    12.6696 -9.990e-29      0.445     1.7290     0.7653 -9.990e-29
 167.444091      0.449   2.287277    12.6689 -9.990e-29      0.445     1.5680     0.6405 -9.990e-29
 167.444097      0.446   2.118354 -9.990e-29 -9.990e-29      0.442 -9.990e-29 -9.990e-29 -9.990e-29
