data/oxygen options/ONMS/Olympic_Coast_National_Marine_Sanctuary_Hypoxia_Survey_CTD_Data_2004_2015/raw_data/2004/CTD_CA70_061504faedb.cnv
* Sea-Bird SBE19 Data File:
* FileName = C:\WINDOWS\Desktop\put hypoxia files here\CTD files\CA\CA70m061504.hex
* Software Version 1.1.4
* Temperature SN = 2997
* Conductivity SN = 2997
* System UpLoad Time = Jun 15 2004 12:01:55
** Cape Alava hypoxia CA-7 70m June 15, 2004
**
# nquan = 9
# nvalues = 68                          
# units = specified
# name 0 = timeJ: Julian Days
# name 1 = prSM: Pressure, Strain Gauge [db]
# name 2 = c0mS/cm: Conductivity [mS/cm]
# name 3 = t090C: Temperature [ITS-90, deg C]
# name 4 = oxML/L: Oxygen, Beckman/YSI [ml/l]
# name 5 = depSM: Depth [salt water, m], lat = 47.5
# name 6 = sal00: Salinity, Practical [PSU]
# name 7 = sigma-é00: Density [sigma-theta, kg/m^3]
# name 8 = flag: flag
# span 0 = 167.434065, 167.435056       
# span 1 =      3.000,     70.000       
# span 2 =  34.265713,  36.693413       
# span 3 =     7.3516,    12.1228       
# span 4 =    3.19732,    6.84459       
# span 5 =      2.975,     69.403       
# span 6 =    31.6801,    33.6421       
# span 7 =    23.9949,    26.3012       
# span 8 = 0.0000e+00, 0.0000e+00       
# interval = decibars: 1                
# start_time = Jun 15 2004 10:21:06 [Instrument's time stamp, header]
# bad_flag = -9.990e-29
*END*
 167.434065      3.000  36.693413    12.1228    6.81975      2.975    31.6875    23.9949 0.0000e+00
 167.434092      4.000  36.602262    12.0272    6.84459      3.967    31.6805    24.0072 0.0000e+00
 167.434113      5.000  36.569643    11.9903    6.79961      4.958    31.6801    24.0138 0.0000e+00
 167.434131      6.000  36.512643    11.9146    6.71112      5.950    31.6891    24.0347 0.0000e+00
 167.434147      7.000  36.429195    11.7958    6.63112      6.941    31.7092    24.0721 0.0000e+00
 167.434164      8.000  36.304511    11.6449    6.55109      7.933    31.7168    24.1055 0.0000e+00
 167.434180      9.000  36.213566    11.5343    6.40039      8.925    31.7226    24.1300 0.0000e+00
 167.434196     10.000  36.100579    11.3525    6.13385      9.916    31.7680    24.1978 0.0000e+00
 167.434211     11.000  35.951255    11.0980    5.88117     10.908    31.8409    24.2995 0.0000e+00
 167.434226     12.000  35.693114    10.7317    5.58117     11.899    31.9035    24.4121 0.0000e+00
 167.434241     13.000  35.525382    10.5141    5.31240     12.891    31.9264    24.4671 0.0000e+00
 167.434255     14.000  35.325055    10.2026    5.13542     13.883    31.9992    24.5763 0.0000e+00
 167.434270     15.000  35.163127    10.0286    5.00939     14.874    31.9892    24.5974 0.0000e+00
 167.434283     16.000  35.112502     9.9575    4.92623     15.866    32.0005    24.6179 0.0000e+00
 167.434297     17.000  35.051880     9.8607    4.75908     16.857    32.0246    24.6526 0.0000e+00
 167.434310     18.000  34.978847     9.7174    4.59150     17.849    32.0774    24.7171 0.0000e+00
 167.434323     19.000  34.862371     9.4622    4.52208     18.841    32.1864    24.8432 0.0000e+00
 167.434336     20.000  34.727278     9.2519    4.42486     19.832    32.2365    24.9158 0.0000e+00
 167.434350     21.000  34.660538     9.1725    4.31200     20.824    32.2390    24.9302 0.0000e+00
 167.434363     22.000  34.640501     9.1189    4.23822     21.816    32.2663    24.9599 0.0000e+00
 167.434375     23.000  34.619787     9.0082    4.19576     22.807    32.3448    25.0386 0.0000e+00
 167.434387     24.000  34.595305     8.9141    4.20835     23.798    32.4047    25.1001 0.0000e+00
 167.434400     25.000  34.567449     8.8482    4.28400     24.790    32.4354    25.1342 0.0000e+00
 167.434413     26.000  34.544453     8.8112    4.36206     25.782    32.4448    25.1473 0.0000e+00
 167.434427     27.000  34.533178     8.7956    4.40494     26.773    32.4469    25.1513 0.0000e+00
 167.434441     28.000  34.523169     8.7695    4.44069     27.765    32.4599    25.1656 0.0000e+00
 167.434455     29.000  34.500126     8.7137    4.51264     28.756    32.4865    25.1949 0.0000e+00
 167.434468     30.000  34.473245     8.6547    4.61553     29.748    32.5122    25.2240 0.0000e+00
 167.434481     31.000  34.438973     8.5844    4.69882     30.739    32.5405    25.2568 0.0000e+00
 167.434495     32.000  34.398015     8.5087    4.74485     31.731    32.5668    25.2888 0.0000e+00
 167.434506     33.000  34.358979     8.4296    4.77485     32.722    32.5985    25.3254 0.0000e+00
 167.434519     34.000  34.328840     8.3711    4.77438     33.713    32.6204    25.3514 0.0000e+00
 167.434531     35.000  34.323701     8.3395    4.66014     34.705    32.6438    25.3745 0.0000e+00
 167.434545     36.000  34.347636     8.3402    4.40143     35.696    32.6680    25.3934 0.0000e+00
 167.434558     37.000  34.406674     8.3533    4.09549     36.688    32.7177    25.4303 0.0000e+00
 167.434573     38.000  34.431283     8.3466    3.91421     37.679    32.7494    25.4563 0.0000e+00
 167.434588     39.000  34.433143     8.3215    3.81525     38.671    32.7743    25.4795 0.0000e+00
 167.434603     40.000  34.434150     8.3007    3.74129     39.663    32.7943    25.4983 0.0000e+00
 167.434618     41.000  34.433990     8.2707    3.68979     40.654    32.8217    25.5243 0.0000e+00
 167.434633     42.000  34.425323     8.2202    3.67001     41.645    32.8593    25.5612 0.0000e+00
 167.434649     43.000  34.402788     8.1464    3.69078     42.637    32.9040    25.6072 0.0000e+00
 167.434665     44.000  34.362643     8.0454    3.74602     43.628    32.9558    25.6627 0.0000e+00
 167.434680     45.000  34.324598     7.9405    3.82401     44.619    33.0136    25.7234 0.0000e+00
 167.434694     46.000  34.294911     7.8409    3.85529     45.611    33.0756    25.7864 0.0000e+00
 167.434709     47.000  34.280881     7.7992    3.86265     46.603    33.0997    25.8113 0.0000e+00
 167.434723     48.000  34.277495     7.7816    3.86661     47.594    33.1123    25.8238 0.0000e+00
 167.434740     49.000  34.276606     7.7653    3.84986     48.585    33.1264    25.8372 0.0000e+00
 167.434756     50.000  34.272930     7.7200    3.80988     49.577    33.1650    25.8740 0.0000e+00
 167.434771     51.000  34.268109     7.6495    3.80582     50.568    33.2267    25.9325 0.0000e+00
 167.434785     52.000  34.265713     7.5738    3.78636     51.559    33.2960    25.9978 0.0000e+00
 167.434799     53.000  34.267629     7.5302    3.75591     52.551    33.3394    26.0381 0.0000e+00
 167.434814     54.000  34.269215     7.5112    3.70587     53.542    33.3589    26.0562 0.0000e+00
 167.434828     55.000  34.273240     7.4878    3.65799     54.534    33.3852    26.0801 0.0000e+00
 167.434843     56.000  34.278942     7.4637    3.62388     55.525    33.4142    26.1063 0.0000e+00
 167.434858     57.000  34.285447     7.4506    3.58822     56.517    33.4333    26.1232 0.0000e+00
 167.434875     58.000  34.289105     7.4417    3.55680     57.508    33.4455    26.1340 0.0000e+00
 167.434892     59.000  34.297858     7.4154    3.49943     58.499    33.4798    26.1648 0.0000e+00
 167.434907     60.000  34.316508     7.3882    3.42374     59.491    33.5259    26.2048 0.0000e+00
 167.434921     61.000  34.344799     7.3589    3.33420     60.482    33.5845    26.2550 0.0000e+00
 167.434934     62.000  34.376734     7.3516    3.28936     61.473    33.6258    26.2886 0.0000e+00
 167.434948     63.000  34.388767     7.3527    3.25837     62.465    33.6373    26.2975 0.0000e+00
 167.434963     64.000  34.391991     7.3542    3.24490     63.456    33.6389    26.2985 0.0000e+00
 167.434979     65.000  34.393547     7.3530    3.24099     64.447    33.6413    26.3006 0.0000e+00
 167.434993     66.000  34.394939     7.3532    3.22817     65.439    33.6421    26.3012 0.0000e+00
 167.435008     67.000  34.395278     7.3535    3.20582     66.430    33.6417    26.3008 0.0000e+00
 167.435021     68.000  34.395320     7.3530    3.20249     67.421    33.6417    26.3010 0.0000e+00
 167.435037     69.000  34.395583     7.3540    3.19732     68.413    33.6406    26.3000 0.0000e+00
 167.435056     70.000  34.396783     7.3555    3.19988     69.403    33.6399    26.2992 0.0000e+00
