data/oxygen options/ONMS/Olympic_Coast_National_Marine_Sanctuary_Hypoxia_Survey_CTD_Data_2004_2015/raw_data/2004/CTD_CA20_090804faed.cnv
* Sea-Bird SBE19 Data File:
* FileName = C:\WINDOWS\Desktop\put hypoxia files here\CTD data\September 07_0804\CA\raw\CA20_090804.hex
* Software Version 1.1.4
* Temperature SN = 2997
* Conductivity SN = 2997
* System UpLoad Time = Sep 08 2004 10:20:53
* SEACAT PROFILER V3.1c SN 2997   09/08/04  10:23:28.355
* strain gauge pressure sensor: S/N = 184829,  range = 3000 psia,  tc = 40
# nquan = 9                                 
# nvalues = 496                         
# units = specified
# name 0 = timeJ: Julian Days
# name 1 = prSM: Pressure, Strain Gauge [db]
# name 2 = c0mS/cm: Conductivity [mS/cm]
# name 3 = t090C: Temperature [ITS-90, deg C]
# name 4 = oxML/L: Oxygen, Beckman/YSI [ml/l]
# name 5 = depSM: Depth [salt water, m], lat = 47.5
# name 6 = sal00: Salinity, Practical [PSU]
# name 7 = sigma-é00: Density [sigma-theta, kg/m^3]
# name 8 = flag: flag
# span 0 = 252.365150, 252.368015       
# span 1 =     -4.325,     18.561       
# span 2 =   1.865367,  38.448595       
# span 3 =     8.1248,    14.1112       
# span 4 =   -0.04541,   31.83782       
# span 5 =     -4.289,     18.405       
# span 6 =     1.2187,    33.3561       
# span 7 =     0.1753,    25.9623       
# span 8 = 0.0000e+00, 0.0000e+00       
# interval = seconds: 0.5
# start_time = Sep 08 2004 08:45:49 [Instrument's time stamp, header]
# bad_flag = -9.990e-29
*END*
[from data line 321]
 252.367008      0.741  38.427516    13.5654    6.31633      0.735    32.1096    24.0427 -9.990e-29
 252.367014      0.752  38.427774    13.5653    6.31487      0.746    32.1100    24.0429 -9.990e-29
 252.367020      0.762  38.427573    13.5647    6.32185      0.756    32.1103    24.0433 -9.990e-29
 252.367025      0.773  38.427211    13.5631    6.31532      0.767    32.1113    24.0444 -9.990e-29
 252.367031      0.784  38.426212    13.5610    6.31693      0.777    32.1121    24.0454 -9.990e-29
 252.367037      0.797  38.424372    13.5599    6.31076      0.790    32.1113    24.0451 -9.990e-29
 252.367043      0.807  38.423169    13.5600    6.31064      0.800    32.1101    24.0441 -9.990e-29
 252.367049      0.812  38.423250    13.5599    6.30875      0.805    32.1103    24.0442 -9.990e-29
 252.367054      0.817  38.423604    13.5590    6.30849      0.810    32.1113    24.0453 -9.990e-29
 252.367060      0.824  38.423027    13.5581    6.30524      0.817    32.1116    24.0456 -9.990e-29
 252.367066      0.836  38.421879    13.5581    6.29878      0.829    32.1105    24.0448 -9.990e-29
 252.367072      0.849  38.421440    13.5582    6.30503      0.842    32.1100    24.0444 -9.990e-29
 252.367078      0.854  38.421690    13.5578    6.30279      0.847    32.1106    24.0449 -9.990e-29
 252.367083      0.853  38.421847    13.5570    6.31207      0.846    32.1114    24.0457 -9.990e-29
 252.367089      0.853  38.421565    13.5564    6.31509      0.846    32.1116    24.0460 -9.990e-29
 252.367095      0.859  38.421035    13.5562    6.30750      0.852    32.1113    24.0458 -9.990e-29
 252.367101      0.871  38.420677    13.5562    6.31873      0.864    32.1110    24.0455 -9.990e-29
 252.367106      0.886  38.420582    13.5561    6.31347      0.879    32.1109    24.0455 -9.990e-29
 252.367112      0.900  38.420630    13.5561    6.31987      0.892    32.1110    24.0456 -9.990e-29
 252.367118      0.915  38.420890    13.5564    6.31527      0.907    32.1110    24.0455 -9.990e-29
 252.367124      0.927  38.421153    13.5567    6.30314      0.919    32.1110    24.0454 -9.990e-29
 252.367130      0.932  38.421216    13.5569    6.30957      0.924    32.1108    24.0453 -9.990e-29
 252.367135      0.935  38.421167    13.5569    6.30469      0.927    32.1108    24.0453 -9.990e-29
 252.367141      0.940  38.420947    13.5565    6.31216      0.932    32.1109    24.0454 -9.990e-29
 252.367147      0.945  38.420832    13.5561    6.30252      0.937    32.1112    24.0457 -9.990e-29
 252.367153      0.943  38.420673    13.5561    6.29953      0.935    32.1110    24.0456 -9.990e-29
 252.367159      0.937  38.420264    13.5561    6.29835      0.929    32.1106    24.0453 -9.990e-29
 252.367164      0.928  38.420187    13.5559    6.29314      0.920    32.1107    24.0454 -9.990e-29
 252.367170      0.926  38.420345    13.5553    6.30969      0.918    32.1114    24.0460 -9.990e-29
 252.367176      0.931  38.420394    13.5549    6.30594      0.923    32.1118    24.0464 -9.990e-29
 252.367182      0.937  38.420406    13.5549    6.29927      0.929    32.1118    24.0464 -9.990e-29
 252.367188      0.947  38.420402    13.5550    6.29860      0.939    32.1117    24.0463 -9.990e-29
 252.367193      0.955  38.420383    13.5552    6.28935      0.947    32.1115    24.0461 -9.990e-29
 252.367199      0.963  38.420329    13.5555    6.30189      0.955    32.1112    24.0458 -9.990e-29
 252.367205      0.975  38.420176    13.5558    6.31559      0.967    32.1108    24.0455 -9.990e-29
 252.367211      0.988  38.420285    13.5562    6.31171      0.980    32.1105    24.0452 -9.990e-29
 252.367216      0.993  38.420807    13.5569    6.31040      0.985    32.1104    24.0450 -9.990e-29
 252.367222      0.988  38.421322    13.5579    6.30297      0.980    32.1101    24.0445 -9.990e-29
 252.367228      0.977  38.421962    13.5586    6.30167      0.969    32.1101    24.0444 -9.990e-29
 252.367234      0.966  38.422464    13.5586    6.31147      0.958    32.1106    24.0447 -9.990e-29
 252.367240      0.968  38.422385    13.5585    6.30619      0.960    32.1106    24.0448 -9.990e-29
 252.367245      0.987  38.422186    13.5588    6.31135      0.979    32.1101    24.0444 -9.990e-29
 252.367251      1.008  38.422170    13.5592    6.30518      1.000    32.1098    24.0440 -9.990e-29
 252.367257      1.019  38.422318    13.5595    6.30216      1.010    32.1097    24.0439 -9.990e-29
 252.367263      1.021  38.422646    13.5596    6.30998      1.012    32.1099    24.0440 -9.990e-29
 252.367269      1.014  38.423034    13.5595    6.30369      1.006    32.1103    24.0444 -9.990e-29
 252.367274      1.001  38.423251    13.5594    6.30506      0.993    32.1106    24.0446 -9.990e-29
 252.367280      0.991  38.423025    13.5589    6.31028      0.983    32.1108    24.0449 -9.990e-29
 252.367286      0.991  38.422430    13.5585    6.30381      0.983    32.1106    24.0448 -9.990e-29
 252.367292      1.002  38.421791    13.5583    6.30500      0.994    32.1102    24.0445 -9.990e-29
 252.367297      1.015  38.421377    13.5579    6.29705      1.007    32.1101    24.0445 -9.990e-29
 252.367303      1.027  38.421192    13.5573    6.30087      1.018    32.1105    24.0449 -9.990e-29
 252.367309      1.039  38.420989    13.5571    6.30359      1.030    32.1104    24.0449 -9.990e-29
 252.367315      1.051  38.421057    13.5570    6.30001      1.042    32.1106    24.0451 -9.990e-29
 252.367321      1.065  38.421484    13.5568    6.29990      1.056    32.1111    24.0455 -9.990e-29
 252.367326      1.081  38.421716    13.5566    6.29729      1.072    32.1115    24.0459 -9.990e-29
 252.367332      1.100  38.421498    13.5563    6.28625      1.091    32.1115    24.0460 -9.990e-29
 252.367338      1.124  38.421101    13.5564    6.29792      1.115    32.1111    24.0456 -9.990e-29
 252.367344      1.153  38.421115    13.5571    6.29608      1.143    32.1105    24.0450 -9.990e-29
 252.367350      1.191  38.421556    13.5577    6.29790      1.181    32.1104    24.0448 -9.990e-29
 252.367355      1.238  38.421888    13.5579    6.30767      1.228    32.1105    24.0449 -9.990e-29
 252.367361      1.295  38.421991    13.5577    6.29271      1.284    32.1108    24.0451 -9.990e-29
 252.367367      1.359  38.422002    13.5576    6.29387      1.348    32.1108    24.0452 -9.990e-29
 252.367373      1.441  38.421934    13.5574    6.29397      1.429    32.1109    24.0453 -9.990e-29
 252.367378      1.548  38.421694    13.5567    6.28943      1.535    32.1112    24.0456 -9.990e-29
 252.367384      1.689  38.420961    13.5556    6.30087      1.675    32.1114    24.0460 0.0000e+00
 252.367390      1.871  38.419876    13.5548    6.30562      1.855    32.1110    24.0459 0.0000e+00
 252.367396      2.103  38.419235    13.5544    6.30954      2.085    32.1106    24.0457 0.0000e+00
 252.367402      2.385  38.419301    13.5543    6.32535      2.365    32.1107    24.0457 0.0000e+00
 252.367407      2.715  38.419600    13.5538    6.31169      2.692    32.1112    24.0463 0.0000e+00
 252.367413      3.084  38.419404    13.5521    6.31343      3.058    32.1123    24.0475 0.0000e+00
 252.367419      3.480  38.417887    13.5485    6.30910      3.451    32.1138    24.0493 0.0000e+00
 252.367425      3.894  38.414705    13.5426    6.36427      3.861    32.1156    24.0520 0.0000e+00
 252.367431      4.319  38.409538    13.5343    6.43707      4.283    32.1176    24.0552 0.0000e+00
 252.367436      4.748  38.402221    13.5235    6.44644      4.708    32.1197    24.0590 0.0000e+00
 252.367442      5.178  38.393091    13.5099    6.44282      5.135    32.1225    24.0639 0.0000e+00
 252.367448      5.610  38.381746    13.4880    6.40472      5.563    32.1302    24.0742 0.0000e+00
 252.367454      6.046  38.363711    13.4506    6.23182      5.995    32.1447    24.0929 0.0000e+00
 252.367459      6.483  38.333442    13.3949    6.02539      6.429    32.1632    24.1184 0.0000e+00
 252.367465      6.916  38.291518    13.3039    5.81510      6.858    32.2007    24.1655 0.0000e+00
 252.367471      7.342  38.229146    13.1097    5.58345      7.281    32.3069    24.2859 0.0000e+00
 252.367477      7.763  38.099048    12.7505    5.35087      7.698    32.4913    24.4989 0.0000e+00
 252.367483      8.178  37.848895    12.2989    5.10926      8.110    32.6435    24.7033 0.0000e+00
 252.367488      8.589  37.532097    11.8783    4.92959      8.517    32.7056    24.8304 0.0000e+00
 252.367494      9.002  37.251113    11.4981    4.79296      8.927    32.7671    24.9480 0.0000e+00
 252.367500      9.423  37.004691    11.1186    4.68386      9.344    32.8622    25.0903 0.0000e+00
 252.367506      9.856  36.751860    10.7742    4.55092      9.774    32.9201    25.1961 0.0000e+00
 252.367512     10.289  36.522166    10.5316    4.41321     10.203    32.9091    25.2297 0.0000e+00
 252.367517     10.710  36.369254    10.3867    4.30300     10.620    32.8864    25.2368 0.0000e+00
 252.367523     11.121  36.282613    10.2824    4.20843     11.028    32.8935    25.2601 0.0000e+00
 252.367529     11.530  36.215640    10.1671    4.17257     11.433    32.9303    25.3083 0.0000e+00
 252.367535     11.943  36.137329    10.0079    4.15003     11.843    32.9959    25.3862 0.0000e+00
 252.367541     12.352  36.022866     9.8082    4.11644     12.249    33.0621    25.4710 0.0000e+00
 252.367546     12.747  35.875474     9.6091    4.08388     12.640    33.0943    25.5289 0.0000e+00
 252.367552     13.134  35.736308     9.4515    4.02698     13.024    33.0966    25.5563 0.0000e+00
 252.367558     13.510  35.633929     9.3436    3.96742     13.397    33.0907    25.5690 0.0000e+00
 252.367564     13.874  35.565777     9.2567    3.93403     13.758    33.1007    25.5907 0.0000e+00
 252.367569     14.232  35.510467     9.1519    3.89307     14.113    33.1405    25.6385 0.0000e+00
 252.367575     14.589  35.441326     9.0219    3.84236     14.467    33.1897    25.6975 0.0000e+00
 252.367581     14.947  35.354726     8.8895    3.78092     14.822    33.2230    25.7443 0.0000e+00
 252.367587     15.307  35.267475     8.7743    3.72403     15.179    33.2396    25.7752 0.0000e+00
 252.367593     15.675  35.192705     8.6781    3.68309     15.544    33.2514    25.7992 0.0000e+00
 252.367598     16.049  35.131596     8.5868    3.63514     15.914    33.2729    25.8301 0.0000e+00
 252.367604     16.417  35.073838     8.4840    3.59894     16.279    33.3089    25.8739 0.0000e+00
 252.367610     16.774  35.005744     8.3736    3.55018     16.633    33.3412    25.9160 0.0000e+00
 252.367616     17.116  34.932358     8.2805    3.52011     16.972    33.3516    25.9381 0.0000e+00
 252.367622     17.440  34.875203     8.2165    3.49553     17.294    33.3516    25.9476 0.0000e+00
 252.367627     17.740  34.838764     8.1736    3.48829     17.591    33.3535    25.9555 0.0000e+00
 252.367633     18.010  34.813112     8.1420    3.48234     17.859    33.3561    25.9623 0.0000e+00
 252.367639     18.241  34.792620     8.1248    3.47053     18.088    33.3506    25.9604 0.0000e+00
 252.367645     18.418  34.780222     8.1377    3.46535     18.263    33.3250    25.9385 -9.990e-29
 252.367650     18.527  34.788526     8.1781    3.44626     18.372    33.2954    25.9093 -9.990e-29
 252.367656     18.561  34.816824     8.2240    3.43672     18.405    33.2819    25.8919 -9.990e-29
 252.367662     18.514  34.848478     8.2553    3.43726     18.359    33.2859    25.8903 -9.990e-29
 252.367668     18.383  34.866285     8.2553    3.44035     18.229    33.3048    25.9052 0.0000e+00
 252.367674     18.177  34.857563     8.2373    3.44538     18.025    33.3127    25.9141 0.0000e+00
 252.367679     17.913  34.837593     8.2311    3.47654     17.763    33.2975    25.9031 0.0000e+00
 252.367685     17.609  34.830193     8.2407    3.49357     17.461    33.2807    25.8884 0.0000e+00
 252.367691     17.278  34.834459     8.2585    3.51585     17.133    33.2685    25.8762 0.0000e+00
 252.367697     16.931  34.843747     8.2899    3.54665     16.789    33.2488    25.8561 0.0000e+00
 252.367703     16.571  34.860353     8.3503    3.56539     16.432    33.2095    25.8162 0.0000e+00
 252.367708     16.196  34.895212     8.4393    3.58812     16.060    33.1626    25.7660 0.0000e+00
 252.367714     15.799  34.950522     8.5341    3.60722     15.667    33.1320    25.7277 0.0000e+00
 252.367720     15.382  35.010355     8.6168    3.63010     15.253    33.1175    25.7037 0.0000e+00
 252.367726     14.960  35.063141     8.6808    3.63852     14.835    33.1132    25.6905 0.0000e+00
 252.367731     14.550  35.101925     8.7252    3.67149     14.428    33.1125    25.6832 0.0000e+00
 252.367737     14.147  35.121818     8.7735    3.69867     14.028    33.0883    25.6568 0.0000e+00
 252.367743     13.738  35.147673     8.8488    3.73129     13.623    33.0453    25.6115 0.0000e+00
 252.367749     13.318  35.199950     8.9314    3.80285     13.206    33.0231    25.5813 0.0000e+00
 252.367755     12.891  35.254186     9.0066    3.84170     12.783    33.0099    25.5592 0.0000e+00
 252.367760     12.464  35.298065     9.1005    3.88439     12.360    32.9686    25.5122 0.0000e+00
 252.367766     12.039  35.355353     9.2387    3.95702     11.938    32.9005    25.4370 0.0000e+00
 252.367772     11.612  35.446388     9.4187    4.02889     11.515    32.8290    25.3524 0.0000e+00
 252.367778     11.181  35.569796     9.6064    4.07971     11.087    32.7842    25.2870 0.0000e+00
 252.367784     10.757  35.695618     9.7690    4.10186     10.667    32.7647    25.2453 0.0000e+00
 252.367789     10.342  35.794319     9.9257    4.16526     10.255    32.7230    25.1869 0.0000e+00
 252.367795      9.928  35.888776    10.1091    4.26593      9.845    32.6530    25.1017 0.0000e+00
 252.367801      9.510  36.012453    10.3178    4.41191      9.430    32.5901    25.0176 0.0000e+00
 252.367807      9.087  36.156476    10.5580    4.63679      9.011    32.5198    24.9218 0.0000e+00
 252.367813      8.662  36.318360    10.8294    4.89783      8.590    32.4400    24.8127 0.0000e+00
 252.367818      8.238  36.496448    11.1053    5.15660      8.169    32.3728    24.7119 0.0000e+00
 252.367824      7.814  36.673117    11.4197    5.37167      7.749    32.2708    24.5765 0.0000e+00
 252.367830      7.393  36.884929    11.8681    5.58385      7.331    32.0880    24.3529 0.0000e+00
 252.367836      6.978  37.204631    12.4084    5.80197      6.920    31.9328    24.1316 0.0000e+00
 252.367841      6.559  37.582446    12.8477    5.96484      6.504    31.9195    24.0373 0.0000e+00
 252.367847      6.128  37.867208    13.1039    6.06555      6.077    31.9719    24.0279 0.0000e+00
 252.367853      5.691  38.022033    13.2326    6.11295      5.643    32.0090    24.0312 0.0000e+00
 252.367859      5.255  38.102007    13.2925    6.12890      5.211    32.0336    24.0384 0.0000e+00
 252.367865      4.821  38.141451    13.3162    6.15049      4.781    32.0507    24.0470 0.0000e+00
 252.367870      4.397  38.156513    13.3220    6.14248      4.360    32.0601    24.0531 0.0000e+00
 252.367876      3.982  38.158309    13.3323    6.06539      3.949    32.0533    24.0457 0.0000e+00
 252.367882      3.570  38.168867    13.3564    5.93372      3.540    32.0430    24.0330 0.0000e+00
 252.367888      3.165  38.196091    13.3795    5.60951      3.139    32.0492    24.0332 0.0000e+00
 252.367894      2.780  38.220754    13.3924    5.43097      2.757    32.0615    24.0401 0.0000e+00
 252.367899      2.430  38.232563    13.4012    5.34895      2.410    32.0653    24.0413 0.0000e+00
 252.367905      2.116  38.239417    13.4102    5.45970      2.098    32.0643    24.0387 0.0000e+00
 252.367911      1.834  38.245968    13.4187    5.49993      1.819    32.0633    24.0363 0.0000e+00
 252.367917      1.568  38.250857    13.4274    6.53119      1.555    32.0607    24.0325 0.0000e+00
 252.367922      1.310  38.254431    13.4281    6.68462      1.299    32.0635    24.0345 0.0000e+00
