data/oxygen options/ONMS/Olympic_Coast_National_Marine_Sanctuary_Hypoxia_Survey_CTD_Data_2004_2015/raw_data/2004/CTD_TH100_102104faed.cnv
* Sea-Bird SBE19 Data File:
* FileName = C:\WINDOWS\Desktop\put hypoxia files here\CTD data\October 21-04\Th\raw\th100_102104.hex
* Software Version 1.1.4
* Temperature SN = 2997
* Conductivity SN = 2997
* System UpLoad Time = Oct 21 2004 12:36:21
* SEACAT PROFILER V3.1c SN 2997   10/21/04  12:41:36.067
* strain gauge pressure sensor: S/N = 184829,  range = 3000 psia,  tc = 40
# nquan = 9                                 
# nvalues = 947                         
# units = specified
# name 0 = timeJ: Julian Days
# name 1 = prSM: Pressure, Strain Gauge [db]
# name 2 = c0mS/cm: Conductivity [mS/cm]
# name 3 = t090C: Temperature [ITS-90, deg C]
# name 4 = oxML/L: Oxygen, Beckman/YSI [ml/l]
# name 5 = depSM: Depth [salt water, m], lat = 47.5
# name 6 = sal00: Salinity, Practical [PSU]
# name 7 = sigma-é00: Density [sigma-theta, kg/m^3]
# name 8 = flag: flag
# span 0 = 295.507014, 295.512488       
# span 1 =     -4.900,    102.942       
# span 2 =   0.372668,  38.020365       
# span 3 =     7.7769,    13.1174       
# span 4 =   -0.05919,   33.52008       
# span 5 =     -4.859,    102.057       
# span 6 =     0.2481,    33.5658       
# span 7 =    -0.1793,    26.1810       
# span 8 = 0.0000e+00, 0.0000e+00       
# interval = seconds: 0.5
# start_time = Oct 21 2004 12:10:06 [Instrument's time stamp, header]
# bad_flag = -9.990e-29
*END*
[from data line 161]
 295.507946     -0.093  37.862208    13.0496    6.09971     -0.092    32.0155    24.0721 -9.990e-29
 295.507951     -0.079  37.863361    13.0518    6.10995     -0.078    32.0147    24.0711 -9.990e-29
 295.507957     -0.064  37.867341    13.0556    6.10623     -0.063    32.0152    24.0707 -9.990e-29
 295.507963     -0.040  37.875534    13.0586    6.10089     -0.040    32.0204    24.0741 -9.990e-29
 295.507969     -0.017  37.882605    13.0589    6.10031     -0.017    32.0268    24.0790 -9.990e-29
 295.507975     -0.008  37.881721    13.0572    6.09940     -0.008    32.0274    24.0798 -9.990e-29
 295.507980     -0.018  37.876195    13.0554    6.09623     -0.018    32.0237    24.0773 -9.990e-29
 295.507986     -0.035  37.872128    13.0540    6.08625     -0.035    32.0211    24.0756 -9.990e-29
 295.507992     -0.047  37.870272    13.0533    6.07721     -0.047    32.0199    24.0748 -9.990e-29
 295.507998     -0.045  37.869282    13.0536    6.07206     -0.045    32.0187    24.0738 -9.990e-29
 295.508003     -0.031  37.869527    13.0558    6.08768     -0.031    32.0171    24.0721 -9.990e-29
 295.508009     -0.011  37.874145    13.0597    6.09755     -0.011    32.0181    24.0722 -9.990e-29
 295.508015      0.010  37.883129    13.0624    6.09552      0.010    32.0243    24.0764 -9.990e-29
 295.508021      0.032  37.889390    13.0618    6.07499      0.032    32.0307    24.0815 -9.990e-29
 295.508027      0.045  37.887260    13.0590    6.06931      0.045    32.0310    24.0823 -9.990e-29
 295.508032      0.052  37.880076    13.0561    6.06725      0.052    32.0267    24.0795 -9.990e-29
 295.508038      0.065  37.873972    13.0543    6.08622      0.064    32.0225    24.0766 -9.990e-29
 295.508044      0.094  37.870910    13.0536    6.08315      0.093    32.0202    24.0750 -9.990e-29
 295.508050      0.127  37.869620    13.0536    6.07148      0.126    32.0190    24.0740 -9.990e-29
 295.508056      0.146  37.868947    13.0541    6.06317      0.145    32.0179    24.0731 -9.990e-29
 295.508061      0.148  37.869681    13.0546    6.05901      0.147    32.0182    24.0732 -9.990e-29
 295.508067      0.145  37.871123    13.0544    6.06682      0.144    32.0197    24.0744 -9.990e-29
 295.508073      0.149  37.871275    13.0540    6.06546      0.148    32.0202    24.0749 -9.990e-29
 295.508079      0.162  37.870347    13.0543    6.06586      0.161    32.0191    24.0739 -9.990e-29
 295.508084      0.176  37.870473    13.0549    6.07358      0.175    32.0187    24.0735 -9.990e-29
 295.508090      0.182  37.871829    13.0551    6.07640      0.180    32.0198    24.0743 -9.990e-29
 295.508096      0.178  37.872300    13.0555    6.07108      0.177    32.0199    24.0743 -9.990e-29
 295.508102      0.166  37.873080    13.0565    6.04942      0.165    32.0198    24.0741 -9.990e-29
 295.508108      0.155  37.875217    13.0575    6.04047      0.154    32.0209    24.0748 -9.990e-29
 295.508113      0.153  37.876516    13.0574    6.04211      0.152    32.0222    24.0758 -9.990e-29
 295.508119      0.163  37.875351    13.0563    6.05599      0.162    32.0221    24.0759 -9.990e-29
 295.508125      0.187  37.871860    13.0546    6.05330      0.185    32.0202    24.0748 -9.990e-29
 295.508131      0.217  37.868124    13.0533    6.04974      0.215    32.0178    24.0732 -9.990e-29
 295.508137      0.239  37.865899    13.0528    6.04818      0.237    32.0161    24.0720 -9.990e-29
 295.508142      0.249  37.865025    13.0531    6.04661      0.247    32.0150    24.0711 -9.990e-29
 295.508148      0.256  37.865467    13.0539    6.06556      0.254    32.0148    24.0707 -9.990e-29
 295.508154      0.265  37.867257    13.0551    6.06197      0.263    32.0154    24.0710 -9.990e-29
 295.508160      0.277  37.869983    13.0564    6.04776      0.275    32.0169    24.0719 -9.990e-29
 295.508166      0.289  37.872800    13.0571    6.04855      0.287    32.0189    24.0733 -9.990e-29
 295.508171      0.292  37.873862    13.0571    6.04532      0.290    32.0199    24.0741 -9.990e-29
 295.508177      0.286  37.872907    13.0570    6.04406      0.284    32.0191    24.0735 -9.990e-29
 295.508183      0.276  37.872032    13.0574    6.04512      0.274    32.0180    24.0725 -9.990e-29
 295.508189      0.266  37.872883    13.0584    6.03063      0.264    32.0179    24.0723 -9.990e-29
 295.508194      0.262  37.874916    13.0594    6.02212      0.260    32.0190    24.0729 -9.990e-29
 295.508200      0.266  37.876361    13.0598    6.02180      0.264    32.0200    24.0736 -9.990e-29
 295.508206      0.276  37.876908    13.0599    6.02982      0.274    32.0205    24.0739 -9.990e-29
 295.508212      0.299  37.877291    13.0597    6.03923      0.297    32.0210    24.0744 -9.990e-29
 295.508218      0.326  37.877468    13.0596    6.04940      0.323    32.0212    24.0746 -9.990e-29
 295.508223      0.347  37.877678    13.0603    6.04934      0.344    32.0208    24.0741 -9.990e-29
 295.508229      0.359  37.879329    13.0617    6.03337      0.356    32.0212    24.0741 -9.990e-29
 295.508235      0.363  37.882947    13.0631    6.02254      0.360    32.0234    24.0756 -9.990e-29
 295.508241      0.363  37.886628    13.0639    6.02456      0.360    32.0262    24.0776 -9.990e-29
 295.508247      0.363  37.888556    13.0647    6.02896      0.360    32.0273    24.0783 -9.990e-29
 295.508252      0.364  37.890188    13.0659    6.03630      0.361    32.0278    24.0785 -9.990e-29
 295.508258      0.369  37.892584    13.0666    6.02323      0.366    32.0295    24.0796 -9.990e-29
 295.508264      0.384  37.893895    13.0662    6.01772      0.381    32.0311    24.0809 -9.990e-29
 295.508270      0.405  37.892513    13.0649    6.01619      0.402    32.0309    24.0810 -9.990e-29
 295.508275      0.425  37.888843    13.0638    6.03248      0.421    32.0283    24.0793 -9.990e-29
 295.508281      0.441  37.885850    13.0632    6.03657      0.437    32.0260    24.0776 -9.990e-29
 295.508287      0.453  37.884597    13.0627    6.02690      0.449    32.0253    24.0771 -9.990e-29
 295.508293      0.464  37.883419    13.0625    6.01580      0.460    32.0243    24.0764 -9.990e-29
 295.508299      0.472  37.882996    13.0625    6.01520      0.468    32.0239    24.0761 -9.990e-29
 295.508304      0.479  37.883891    13.0626    6.02259      0.475    32.0247    24.0767 -9.990e-29
 295.508310      0.486  37.884499    13.0626    6.02680      0.482    32.0252    24.0771 -9.990e-29
 295.508316      0.492  37.883954    13.0623    6.02161      0.488    32.0250    24.0770 -9.990e-29
 295.508322      0.494  37.882657    13.0617    6.01080      0.490    32.0243    24.0765 -9.990e-29
 295.508328      0.487  37.881127    13.0607    6.01446      0.483    32.0237    24.0763 -9.990e-29
 295.508333      0.481  37.879014    13.0597    6.01747      0.477    32.0225    24.0756 -9.990e-29
 295.508339      0.482  37.876311    13.0592    6.02163      0.478    32.0204    24.0740 -9.990e-29
 295.508345      0.491  37.875030    13.0595    6.00810      0.487    32.0189    24.0729 -9.990e-29
 295.508351      0.509  37.876274    13.0600    5.99637      0.505    32.0197    24.0733 -9.990e-29
 295.508356      0.532  37.877781    13.0602    5.99566      0.528    32.0209    24.0742 -9.990e-29
 295.508362      0.554  37.878201    13.0602    6.01100      0.549    32.0213    24.0745 -9.990e-29
 295.508368      0.571  37.878659    13.0604    6.01463      0.566    32.0216    24.0747 -9.990e-29
 295.508374      0.588  37.879209    13.0606    6.00995      0.583    32.0219    24.0749 -9.990e-29
 295.508380      0.608  37.879469    13.0608    6.00601      0.603    32.0220    24.0749 -9.990e-29
 295.508385      0.627  37.879792    13.0614    6.00191      0.622    32.0218    24.0747 -9.990e-29
 295.508391      0.646  37.881175    13.0633    5.99989      0.641    32.0215    24.0741 -9.990e-29
 295.508397      0.661  37.885468    13.0669    6.01464      0.655    32.0224    24.0741 -9.990e-29
 295.508403      0.671  37.893915    13.0700    6.01078      0.665    32.0278    24.0776 -9.990e-29
 295.508409      0.675  37.902079    13.0701    6.00272      0.669    32.0354    24.0835 -9.990e-29
 295.508414      0.669  37.903463    13.0683    5.99579      0.663    32.0382    24.0860 -9.990e-29
 295.508420      0.653  37.898795    13.0665    5.97040      0.648    32.0353    24.0842 -9.990e-29
 295.508426      0.643  37.892517    13.0650    5.97866      0.638    32.0307    24.0809 -9.990e-29
 295.508432      0.651  37.888228    13.0637    5.99642      0.646    32.0277    24.0788 -9.990e-29
 295.508438      0.670  37.886387    13.0628    6.00025      0.664    32.0268    24.0783 -9.990e-29
 295.508443      0.683  37.885292    13.0619    5.99215      0.677    32.0265    24.0782 -9.990e-29
 295.508449      0.678  37.883494    13.0606    5.97608      0.672    32.0259    24.0780 -9.990e-29
 295.508455      0.659  37.880472    13.0598    5.97628      0.653    32.0237    24.0765 -9.990e-29
 295.508461      0.646  37.878378    13.0601    5.98345      0.641    32.0215    24.0747 -9.990e-29
 295.508466      0.657  37.878915    13.0612    5.99767      0.652    32.0211    24.0742 -9.990e-29
 295.508472      0.686  37.881687    13.0620    5.99439      0.680    32.0230    24.0755 -9.990e-29
 295.508478      0.711  37.884229    13.0615    5.98373      0.705    32.0258    24.0778 -9.990e-29
 295.508484      0.711  37.883204    13.0601    5.98091      0.705    32.0260    24.0782 -9.990e-29
 295.508490      0.695  37.879496    13.0594    5.97418      0.689    32.0231    24.0761 -9.990e-29
 295.508495      0.683  37.877708    13.0605    5.97694      0.677    32.0205    24.0739 -9.990e-29
 295.508501      0.688  37.880513    13.0633    5.98485      0.682    32.0208    24.0736 -9.990e-29
 295.508507      0.715  37.887171    13.0666    5.98785      0.709    32.0243    24.0756 -9.990e-29
 295.508513      0.751  37.894790    13.0686    5.99013      0.745    32.0297    24.0794 -9.990e-29
 295.508519      0.777  37.899514    13.0687    5.97416      0.771    32.0341    24.0828 -9.990e-29
 295.508524      0.788  37.899234    13.0673    5.97438      0.781    32.0350    24.0838 -9.990e-29
 295.508530      0.788  37.895269    13.0656    5.97048      0.781    32.0327    24.0823 -9.990e-29
 295.508536      0.785  37.891316    13.0647    5.97755      0.778    32.0298    24.0802 -9.990e-29
 295.508542      0.784  37.889404    13.0645    5.99037      0.777    32.0281    24.0790 -9.990e-29
 295.508547      0.784  37.888676    13.0649    5.98454      0.777    32.0271    24.0781 -9.990e-29
 295.508553      0.786  37.889289    13.0657    5.98446      0.779    32.0270    24.0779 -9.990e-29
 295.508559      0.790  37.891510    13.0668    5.98013      0.783    32.0282    24.0786 -9.990e-29
 295.508565      0.795  37.894383    13.0689    5.98530      0.788    32.0291    24.0789 -9.990e-29
 295.508571      0.803  37.899502    13.0723    5.98163      0.796    32.0310    24.0797 -9.990e-29
 295.508576      0.814  37.908091    13.0755    5.96843      0.807    32.0364    24.0832 -9.990e-29
 295.508582      0.828  37.915906    13.0771    5.96926      0.821    32.0424    24.0876 -9.990e-29
 295.508588      0.846  37.918792    13.0770    5.95753      0.839    32.0452    24.0897 -9.990e-29
 295.508594      0.870  37.917802    13.0762    5.96681      0.863    32.0449    24.0897 -9.990e-29
 295.508600      0.896  37.915550    13.0749    5.97794      0.889    32.0439    24.0892 -9.990e-29
 295.508605      0.914  37.912408    13.0738    5.97974      0.906    32.0419    24.0878 -9.990e-29
 295.508611      0.916  37.909242    13.0731    5.97112      0.908    32.0395    24.0861 -9.990e-29
 295.508617      0.907  37.906885    13.0723    5.96459      0.899    32.0379    24.0851 -9.990e-29
 295.508623      0.894  37.904448    13.0715    5.95359      0.887    32.0363    24.0840 -9.990e-29
 295.508628      0.889  37.903177    13.0715    5.95686      0.882    32.0351    24.0830 -9.990e-29
 295.508634      0.902  37.904193    13.0721    5.96764      0.894    32.0356    24.0833 -9.990e-29
 295.508640      0.923  37.906054    13.0727    5.97677      0.915    32.0368    24.0841 -9.990e-29
 295.508646      0.937  37.907321    13.0728    5.97433      0.929    32.0379    24.0849 -9.990e-29
 295.508652      0.937  37.907449    13.0724    5.96528      0.929    32.0384    24.0854 -9.990e-29
 295.508657      0.931  37.906054    13.0716    5.96598      0.923    32.0377    24.0850 -9.990e-29
 295.508663      0.932  37.903530    13.0711    5.95932      0.924    32.0358    24.0836 -9.990e-29
 295.508669      0.944  37.902130    13.0716    5.97418      0.936    32.0340    24.0822 -9.990e-29
 295.508675      0.967  37.903923    13.0728    5.96671      0.959    32.0347    24.0825 -9.990e-29
 295.508681      0.999  37.907382    13.0736    5.96118      0.991    32.0373    24.0843 -9.990e-29
 295.508686      1.029  37.909272    13.0744    5.96917      1.020    32.0384    24.0850 -9.990e-29
 295.508692      1.046  37.910439    13.0752    5.96754      1.037    32.0388    24.0851 -9.990e-29
 295.508698      1.047  37.913006    13.0755    5.97333      1.038    32.0409    24.0867 -9.990e-29
 295.508704      1.037  37.915358    13.0752    5.97210      1.028    32.0434    24.0887 -9.990e-29
 295.508709      1.018  37.915030    13.0744    5.96255      1.010    32.0438    24.0892 -9.990e-29
 295.508715      0.994  37.912152    13.0737    5.95460      0.986    32.0417    24.0877 -9.990e-29
 295.508721      0.977  37.909629    13.0733    5.95841      0.969    32.0396    24.0862 -9.990e-29
 295.508727      0.973  37.909153    13.0733    5.94943      0.965    32.0392    24.0858 -9.990e-29
 295.508733      0.983  37.909539    13.0738    5.95612      0.975    32.0391    24.0857 -9.990e-29
 295.508738      1.003  37.909626    13.0744    5.95889      0.995    32.0387    24.0852 -9.990e-29
 295.508744      1.020  37.909539    13.0748    5.96028      1.011    32.0383    24.0848 -9.990e-29
 295.508750      1.025  37.909732    13.0746    5.96998      1.016    32.0386    24.0851 -9.990e-29
 295.508756      1.016  37.909345    13.0738    5.96209      1.008    32.0389    24.0855 -9.990e-29
 295.508762      1.002  37.907871    13.0730    5.95420      0.994    32.0382    24.0851 -9.990e-29
 295.508767      0.991  37.906159    13.0726    5.95624      0.983    32.0370    24.0842 -9.990e-29
 295.508773      0.990  37.904742    13.0726    5.94982      0.982    32.0356    24.0832 -9.990e-29
 295.508779      1.003  37.903982    13.0730    5.95263      0.995    32.0346    24.0823 -9.990e-29
 295.508785      1.028  37.905118    13.0738    5.95591      1.019    32.0350    24.0825 -9.990e-29
 295.508791      1.053  37.907988    13.0746    5.95428      1.044    32.0370    24.0839 -9.990e-29
 295.508796      1.066  37.910257    13.0747    5.96913      1.057    32.0390    24.0854 -9.990e-29
 295.508802      1.064  37.910471    13.0742    5.96523      1.055    32.0396    24.0860 -9.990e-29
 295.508808      1.052  37.908922    13.0734    5.96374      1.043    32.0389    24.0856 -9.990e-29
 295.508814      1.037  37.906920    13.0729    5.95416      1.028    32.0374    24.0845 -9.990e-29
 295.508819      1.022  37.905171    13.0727    5.93501      1.013    32.0359    24.0834 -9.990e-29
 295.508825      1.011  37.903592    13.0725    5.93405      1.003    32.0346    24.0825 -9.990e-29
 295.508831      1.012  37.902333    13.0724    5.94326      1.004    32.0335    24.0816 -9.990e-29
 295.508837      1.028  37.901968    13.0726    5.95723      1.019    32.0330    24.0812 -9.990e-29
 295.508843      1.053  37.902580    13.0729    5.96467      1.044    32.0333    24.0814 -9.990e-29
 295.508848      1.071  37.903309    13.0732    5.95639      1.062    32.0337    24.0816 -9.990e-29
 295.508854      1.075  37.903451    13.0732    5.95694      1.066    32.0339    24.0817 -9.990e-29
 295.508860      1.069  37.902643    13.0729    5.95432      1.060    32.0334    24.0814 -9.990e-29
