data/oxygen options/ONMS/Olympic_Coast_National_Marine_Sanctuary_Hypoxia_Survey_CTD_Data_2004_2015/raw_data/2004/CTD_CE70_072604faedb.cnv
* Sea-Bird SBE19 Data File:
* FileName = C:\WINDOWS\Desktop\put hypoxia files here\CTD files\july 24_25-04\CE\CE7-042407.hex
* Software Version 1.1.4
* Temperature SN = 2997
* Conductivity SN = 2997
* System UpLoad Time = Jul 26 2004 14:38:16
* SEACAT PROFILER V3.1c SN 2997   07/26/04  14:37:46.492
* strain gauge pressure sensor: S/N = 184829,  range = 3000 psia,  tc = 40
# nquan = 9
# nvalues = 70                          
# units = specified
# name 0 = timeJ: Julian Days
# name 1 = prSM: Pressure, Strain Gauge [db]
# name 2 = c0mS/cm: Conductivity [mS/cm]
# name 3 = t090C: Temperature [ITS-90, deg C]
# name 4 = oxML/L: Oxygen, Beckman/YSI [ml/l]
# name 5 = depSM: Depth [salt water, m], lat = 47.5
# name 6 = sal00: Salinity, Practical [PSU]
# name 7 = sigma-é00: Density [sigma-theta, kg/m^3]
# name 8 = flag: flag
# span 0 = 208.563105, 208.563974       
# span 1 =      1.000,     70.000       
# span 2 =  34.356729,  39.538463       
# span 3 =     7.3227,    14.5520       
# span 4 =    2.28471,    8.43640       
# span 5 =      0.992,     69.404       
# span 6 =    32.3008,    33.8041       
# span 7 =    23.9928,    26.4329       
# span 8 = 0.0000e+00, 0.0000e+00       
# interval = decibars: 1                
# start_time = Jul 26 2004 13:27:22 [Instrument's time stamp, header]
# bad_flag = -9.990e-29
*END*
 208.563105      1.000  39.538463    14.5520    7.69035      0.992    32.3073    23.9928 0.0000e+00
 208.563135      2.000  39.077140    14.0478    8.43640      1.983    32.3054    24.0958 0.0000e+00
 208.563155      3.000  38.837354    13.7894    8.40689      2.975    32.3008    24.1452 0.0000e+00
 208.563170      4.000  38.606195    13.3714    7.57577      3.966    32.4393    24.3364 0.0000e+00
 208.563182      5.000  38.105334    12.3542    6.81075      4.958    32.8422    24.8470 0.0000e+00
 208.563192      6.000  37.126549    11.2114    6.18561      5.950    32.9007    25.1034 0.0000e+00
 208.563201      7.000  36.343920    10.4695    5.63335      6.941    32.7883    25.1465 0.0000e+00
 208.563210      8.000  35.920056    10.0838    5.30823      7.933    32.7085    25.1493 0.0000e+00
 208.563218      9.000  35.648946     9.8235    5.13132      8.925    32.6684    25.1612 0.0000e+00
 208.563225     10.000  35.475303     9.6658    5.07504      9.916    32.6339    25.1599 0.0000e+00
 208.563233     11.000  35.357642     9.5517    5.03583     10.908    32.6166    25.1650 0.0000e+00
 208.563241     12.000  35.278951     9.4682    4.97159     11.900    32.6115    25.1744 0.0000e+00
 208.563249     13.000  35.232717     9.4145    4.89393     12.891    32.6124    25.1838 0.0000e+00
 208.563256     14.000  35.212321     9.3767    4.78736     13.883    32.6254    25.2000 0.0000e+00
 208.563263     15.000  35.190191     9.3222    4.71902     14.875    32.6520    25.2295 0.0000e+00
 208.563271     16.000  35.153463     9.2268    4.65766     15.866    32.7010    25.2830 0.0000e+00
 208.563278     17.000  35.063065     9.0446    4.63734     16.857    32.7742    25.3689 0.0000e+00
 208.563286     18.000  34.919847     8.8706    4.59493     17.849    32.7853    25.4046 0.0000e+00
 208.563294     19.000  34.784516     8.7632    4.56504     18.841    32.7429    25.3879 0.0000e+00
 208.563302     20.000  34.725692     8.6870    4.56675     19.833    32.7513    25.4062 0.0000e+00
 208.563310     21.000  34.668779     8.5857    4.57029     20.824    32.7851    25.4480 0.0000e+00
 208.563319     22.000  34.586208     8.4582    4.53293     21.815    32.8163    25.4917 0.0000e+00
 208.563329     23.000  34.530623     8.3396    4.46953     22.807    32.8677    25.5499 0.0000e+00
 208.563337     24.000  34.508485     8.2257    4.39856     23.798    32.9506    25.6317 0.0000e+00
 208.563347     25.000  34.462468     8.1337    4.36741     24.790    32.9878    25.6745 0.0000e+00
 208.563356     26.000  34.415005     8.0608    4.35395     25.782    33.0055    25.6991 0.0000e+00
 208.563366     27.000  34.375856     8.0154    4.34407     26.773    33.0061    25.7063 0.0000e+00
 208.563377     28.000  34.356729     7.9949    4.32623     27.765    33.0045    25.7081 0.0000e+00
 208.563387     29.000  34.360001     7.9826    4.23883     28.756    33.0191    25.7213 0.0000e+00
 208.563398     30.000  34.397646     7.9682    4.04380     29.747    33.0725    25.7654 0.0000e+00
 208.563409     31.000  34.459928     7.9520    3.78469     30.739    33.1539    25.8315 0.0000e+00
 208.563419     32.000  34.525955     7.9430    3.52181     31.731    33.2325    25.8946 0.0000e+00
 208.563431     33.000  34.560713     7.9349    3.32488     32.722    33.2769    25.9307 0.0000e+00
 208.563442     34.000  34.559860     7.9056    3.21033     33.713    33.3034    25.9558 0.0000e+00
 208.563455     35.000  34.544514     7.8383    3.14445     34.705    33.3507    26.0027 0.0000e+00
 208.563465     36.000  34.523445     7.7636    3.16583     35.697    33.3992    26.0516 0.0000e+00
 208.563475     37.000  34.492274     7.7036    3.16241     36.688    33.4228    26.0788 0.0000e+00
 208.563485     38.000  34.468079     7.6677    3.11704     37.680    33.4308    26.0901 0.0000e+00
 208.563495     39.000  34.453828     7.6483    3.08412     38.671    33.4336    26.0951 0.0000e+00
 208.563506     40.000  34.446848     7.6289    3.04043     39.662    33.4442    26.1063 0.0000e+00
 208.563518     41.000  34.437185     7.5989    2.98081     40.654    33.4622    26.1247 0.0000e+00
 208.563531     42.000  34.421549     7.5726    2.92772     41.645    33.4701    26.1347 0.0000e+00
 208.563546     43.000  34.412929     7.5612    2.89436     42.637    33.4714    26.1373 0.0000e+00
 208.563559     44.000  34.409363     7.5541    2.87940     43.628    33.4739    26.1403 0.0000e+00
 208.563571     45.000  34.407112     7.5416    2.85776     44.620    33.4830    26.1493 0.0000e+00
 208.563582     46.000  34.401356     7.5103    2.88325     45.611    33.5065    26.1722 0.0000e+00
 208.563594     47.000  34.383822     7.4569    2.92291     46.602    33.5387    26.2050 0.0000e+00
 208.563606     48.000  34.363581     7.4171    2.95783     47.594    33.5548    26.2233 0.0000e+00
 208.563621     49.000  34.357109     7.4027    2.98911     48.585    33.5612    26.2304 0.0000e+00
 208.563635     50.000  34.362112     7.4014    2.98177     49.577    33.5674    26.2355 0.0000e+00
 208.563651     51.000  34.367182     7.3893    3.01084     50.568    33.5842    26.2504 0.0000e+00
 208.563663     52.000  34.377256     7.3799    3.00253     51.559    33.6037    26.2671 0.0000e+00
 208.563674     53.000  34.397284     7.3797    3.04245     52.551    33.6252    26.2840 0.0000e+00
 208.563684     54.000  34.419601     7.3811    3.06623     53.542    33.6476    26.3015 0.0000e+00
 208.563695     55.000  34.426819     7.3818    3.05315     54.534    33.6543    26.3066 0.0000e+00
 208.563706     56.000  34.429501     7.3797    3.02092     55.525    33.6588    26.3105 0.0000e+00
 208.563720     57.000  34.451113     7.3691    2.92064     56.516    33.6920    26.3382 0.0000e+00
 208.563737     58.000  34.489948     7.3567    2.79274     57.508    33.7458    26.3822 0.0000e+00
 208.563752     59.000  34.507030     7.3519    2.70055     58.499    33.7685    26.4008 0.0000e+00
 208.563763     60.000  34.510932     7.3505    2.67445     59.490    33.7737    26.4050 0.0000e+00
 208.563773     61.000  34.517829     7.3485    2.64673     60.482    33.7827    26.4124 0.0000e+00
 208.563784     62.000  34.520011     7.3469    2.60176     61.473    33.7861    26.4153 0.0000e+00
 208.563793     63.000  34.521049     7.3458    2.58767     62.465    33.7878    26.4168 0.0000e+00
 208.563804     64.000  34.521394     7.3450    2.56483     63.456    33.7884    26.4175 0.0000e+00
 208.563815     65.000  34.521146     7.3436    2.52620     64.447    33.7892    26.4182 0.0000e+00
 208.563828     66.000  34.521028     7.3423    2.50833     65.439    33.7898    26.4190 0.0000e+00
 208.563844     67.000  34.520978     7.3381    2.46532     66.430    33.7933    26.4223 0.0000e+00
 208.563860     68.000  34.518733     7.3259    2.41033     67.421    33.8023    26.4311 0.0000e+00
 208.563878     69.000  34.518603     7.3234    2.36410     68.413    33.8041    26.4329 0.0000e+00
 208.563974     70.000  34.514965     7.3227    2.28471     69.404    33.8005    26.4300 0.0000e+00
