data/oxygen options/ONMS/Olympic_Coast_National_Marine_Sanctuary_Hypoxia_Survey_CTD_Data_2004_2015/raw_data/2004/CTD_CE100_100404faedb.cnv
* Sea-Bird SBE19 Data File:
* FileName = C:\WINDOWS\Desktop\put hypoxia files here\CTD data\October 04_05-04\CE100_100404.hex
* Software Version 1.1.4
* Temperature SN = 2997
* Conductivity SN = 2997
* System UpLoad Time = Oct 04 2004 12:24:00
* SEACAT PROFILER V3.1c SN 2997   10/04/04  12:27:31.858
* strain gauge pressure sensor: S/N = 184829,  range = 3000 psia,  tc = 40
# nquan = 9
# nvalues = 102                         
# units = specified
# name 0 = timeJ: Julian Days
# name 1 = prSM: Pressure, Strain Gauge [db]
# name 2 = c0mS/cm: Conductivity [mS/cm]
# name 3 = t090C: Temperature [ITS-90, deg C]
# name 4 = oxML/L: Oxygen, Beckman/YSI [ml/l]
# name 5 = depSM: Depth [salt water, m], lat = 47.5
# name 6 = sal00: Salinity, Practical [PSU]
# name 7 = sigma-é00: Density [sigma-theta, kg/m^3]
# name 8 = flag: flag
# span 0 = 278.515351, 278.516601       
# span 1 =      2.000,    103.000       
# span 2 =  34.505866,  38.585737       
# span 3 =     7.6216,    15.9108       
# span 4 =    1.71171,    6.94091       
# span 5 =      1.983,    102.115       
# span 6 =    29.8599,    33.7682       
# span 7 =    21.8176,    26.3626       
# span 8 = 0.0000e+00, 0.0000e+00       
# interval = decibars: 1                
# start_time = Oct 04 2004 12:17:14 [Instrument's time stamp, header]
# bad_flag = -9.990e-29
*END*
 278.515351      2.000  38.002232    15.9108    6.90032      1.983    29.8599    21.8176 0.0000e+00
 278.515374      3.000  37.985267    15.8716    6.89919      2.975    29.8742    21.8372 0.0000e+00
 278.515389      4.000  37.960974    15.8323    6.94091      3.966    29.8822    21.8520 0.0000e+00
 278.515401      5.000  37.946606    15.8031    6.93491      4.958    29.8914    21.8654 0.0000e+00
 278.515412      6.000  37.944291    15.7691    6.81997      5.950    29.9146    21.8907 0.0000e+00
 278.515423      7.000  37.972214    15.6728    6.59040      6.941    30.0119    21.9864 0.0000e+00
 278.515434      8.000  38.035690    15.4391    6.29751      7.933    30.2459    22.2167 0.0000e+00
 278.515445      9.000  38.145606    15.0628    5.99144      8.925    30.6347    22.5962 0.0000e+00
 278.515455     10.000  38.299932    14.7290    5.74366      9.916    31.0366    22.9761 0.0000e+00
 278.515466     11.000  38.476078    14.4200    5.61342     10.908    31.4448    23.3552 0.0000e+00
 278.515477     12.000  38.585737    14.1205    5.36419     11.899    31.7897    23.6831 0.0000e+00
 278.515488     13.000  38.568935    13.8092    4.92620     12.891    32.0321    23.9338 0.0000e+00
 278.515498     14.000  38.437932    13.3744    4.52591     13.883    32.2758    24.2095 0.0000e+00
 278.515509     15.000  38.137695    12.6558    4.28836     14.874    32.6069    24.6069 0.0000e+00
 278.515520     16.000  37.510493    11.7249    4.15989     15.866    32.8163    24.9452 0.0000e+00
 278.515530     17.000  36.952864    11.2148    4.05197     16.857    32.7222    24.9645 0.0000e+00
 278.515541     18.000  36.727457    10.9945    3.99514     17.849    32.6951    24.9824 0.0000e+00
 278.515553     19.000  36.583797    10.7782    3.92130     18.841    32.7451    25.0593 0.0000e+00
 278.515564     20.000  36.373921    10.4168    3.80486     19.832    32.8599    25.2112 0.0000e+00
 278.515576     21.000  36.070696    10.0020    3.73183     20.824    32.9297    25.3356 0.0000e+00
 278.515587     22.000  35.771901     9.5233    3.75791     21.815    33.0630    25.5185 0.0000e+00
 278.515598     23.000  35.394846     9.0674    3.77843     22.807    33.0950    25.6163 0.0000e+00
 278.515610     24.000  35.145156     8.8301    3.78014     23.798    33.0554    25.6224 0.0000e+00
 278.515620     25.000  35.012007     8.6571    3.85349     24.790    33.0771    25.6660 0.0000e+00
 278.515631     26.000  34.867044     8.4624    3.94508     25.781    33.1066    25.7187 0.0000e+00
 278.515642     27.000  34.725405     8.3193    3.96564     26.773    33.0910    25.7280 0.0000e+00
 278.515653     28.000  34.679933     8.2721    3.88964     27.764    33.0868    25.7319 0.0000e+00
 278.515665     29.000  34.697688     8.2310    3.79290     28.756    33.1440    25.7828 0.0000e+00
 278.515675     30.000  34.671265     8.1601    3.74680     29.747    33.1825    25.8235 0.0000e+00
 278.515687     31.000  34.620828     8.0713    3.74444     30.739    33.2123    25.8601 0.0000e+00
 278.515698     32.000  34.584923     8.0175    3.73905     31.730    33.2247    25.8776 0.0000e+00
 278.515709     33.000  34.578449     8.0008    3.72022     32.722    33.2332    25.8867 0.0000e+00
 278.515720     34.000  34.576411     7.9921    3.68773     33.713    33.2389    25.8924 0.0000e+00
 278.515731     35.000  34.578390     7.9793    3.65562     34.705    33.2526    25.9052 0.0000e+00
 278.515743     36.000  34.577685     7.9475    3.63084     35.696    33.2817    25.9326 0.0000e+00
 278.515754     37.000  34.568075     7.8978    3.62178     36.688    33.3183    25.9686 0.0000e+00
 278.515766     38.000  34.549602     7.8591    3.62102     37.679    33.3350    25.9873 0.0000e+00
 278.515777     39.000  34.536208     7.8430    3.61962     38.671    33.3355    25.9901 0.0000e+00
 278.515789     40.000  34.531891     7.8350    3.61410     39.662    33.3381    25.9933 0.0000e+00
 278.515802     41.000  34.528334     7.8190    3.63127     40.654    33.3490    26.0043 0.0000e+00
 278.515814     42.000  34.516519     7.7956    3.67596     41.646    33.3583    26.0149 0.0000e+00
 278.515826     43.000  34.505866     7.7717    3.70598     42.636    33.3693    26.0270 0.0000e+00
 278.515837     44.000  34.510793     7.7518    3.70193     43.628    33.3932    26.0487 0.0000e+00
 278.515849     45.000  34.525827     7.7443    3.66628     44.620    33.4160    26.0677 0.0000e+00
 278.515859     46.000  34.538094     7.7417    3.62087     45.611    33.4312    26.0800 0.0000e+00
 278.515871     47.000  34.541549     7.7405    3.60875     46.603    33.4356    26.0836 0.0000e+00
 278.515883     48.000  34.542841     7.7402    3.60317     47.594    33.4368    26.0847 0.0000e+00
 278.515895     49.000  34.543072     7.7397    3.58587     48.585    33.4371    26.0849 0.0000e+00
 278.515907     50.000  34.543462     7.7384    3.56880     49.577    33.4383    26.0861 0.0000e+00
 278.515918     51.000  34.546125     7.7371    3.55652     50.568    33.4418    26.0891 0.0000e+00
 278.515931     52.000  34.551085     7.7355    3.52859     51.559    33.4482    26.0944 0.0000e+00
 278.515942     53.000  34.561217     7.7346    3.49885     52.551    33.4596    26.1034 0.0000e+00
 278.515954     54.000  34.572444     7.7336    3.46401     53.542    33.4721    26.1135 0.0000e+00
 278.515965     55.000  34.584712     7.7332    3.42352     54.534    33.4853    26.1239 0.0000e+00
 278.515976     56.000  34.597744     7.7334    3.37895     55.525    33.4986    26.1344 0.0000e+00
 278.515988     57.000  34.608014     7.7332    3.32171     56.516    33.5093    26.1427 0.0000e+00
 278.515999     58.000  34.630212     7.7331    3.24237     57.508    33.5329    26.1613 0.0000e+00
 278.516011     59.000  34.657884     7.7308    3.14652     58.499    33.5643    26.1864 0.0000e+00
 278.516022     60.000  34.677024     7.7218    3.04852     59.490    33.5931    26.2103 0.0000e+00
 278.516034     61.000  34.701218     7.7055    2.92438     60.482    33.6345    26.2452 0.0000e+00
 278.516047     62.000  34.719713     7.6967    2.83606     61.473    33.6624    26.2684 0.0000e+00
 278.516060     63.000  34.723604     7.6927    2.76771     62.464    33.6700    26.2749 0.0000e+00
 278.516073     64.000  34.724671     7.6894    2.73773     63.456    33.6739    26.2784 0.0000e+00
 278.516085     65.000  34.726035     7.6851    2.70677     64.448    33.6789    26.2831 0.0000e+00
 278.516098     66.000  34.731787     7.6792    2.65003     65.439    33.6904    26.2930 0.0000e+00
 278.516110     67.000  34.742400     7.6740    2.61262     66.430    33.7064    26.3063 0.0000e+00
 278.516122     68.000  34.748790     7.6671    2.56632     67.421    33.7196    26.3177 0.0000e+00
 278.516132     69.000  34.748492     7.6593    2.51528     68.413    33.7263    26.3240 0.0000e+00
 278.516144     70.000  34.746091     7.6527    2.47709     69.404    33.7297    26.3276 0.0000e+00
 278.516156     71.000  34.745496     7.6489    2.43927     70.395    33.7322    26.3302 0.0000e+00
 278.516169     72.000  34.747195     7.6471    2.42156     71.387    33.7353    26.3330 0.0000e+00
 278.516182     73.000  34.748706     7.6455    2.41118     72.378    33.7380    26.3352 0.0000e+00
 278.516197     74.000  34.750657     7.6444    2.38421     73.369    33.7407    26.3376 0.0000e+00
 278.516210     75.000  34.755503     7.6428    2.34004     74.361    33.7469    26.3427 0.0000e+00
 278.516224     76.000  34.760499     7.6381    2.26310     75.352    33.7564    26.3510 0.0000e+00
 278.516237     77.000  34.760117     7.6327    2.18188     76.343    33.7608    26.3552 0.0000e+00
 278.516249     78.000  34.759729     7.6302    2.08395     77.335    33.7623    26.3566 0.0000e+00
 278.516261     79.000  34.760068     7.6290    2.01196     78.325    33.7633    26.3577 0.0000e+00
 278.516274     80.000  34.759399     7.6276    1.94152     79.317    33.7636    26.3581 0.0000e+00
 278.516287     81.000  34.759115     7.6265    1.87660     80.308    33.7638    26.3584 0.0000e+00
 278.516299     82.000  34.759812     7.6259    1.84261     81.299    33.7647    26.3592 0.0000e+00
 278.516313     83.000  34.760391     7.6256    1.82704     82.291    33.7651    26.3596 0.0000e+00
 278.516327     84.000  34.760275     7.6245    1.81671     83.282    33.7655    26.3601 0.0000e+00
 278.516341     85.000  34.760743     7.6231    1.79828     84.273    33.7670    26.3615 0.0000e+00
 278.516354     86.000  34.761236     7.6224    1.79071     85.264    33.7677    26.3621 0.0000e+00
 278.516368     87.000  34.761870     7.6221    1.78748     86.256    33.7682    26.3626 0.0000e+00
 278.516381     88.000  34.762254     7.6222    1.78357     87.247    33.7680    26.3624 0.0000e+00
 278.516396     89.000  34.762242     7.6223    1.77689     88.238    33.7674    26.3620 0.0000e+00
 278.516409     90.000  34.762628     7.6220    1.76348     89.230    33.7677    26.3623 0.0000e+00
 278.516423     91.000  34.762714     7.6216    1.76473     90.221    33.7677    26.3623 0.0000e+00
 278.516434     92.000  34.763050     7.6222    1.76424     91.211    33.7669    26.3617 0.0000e+00
 278.516447     93.000  34.763711     7.6220    1.75914     92.203    33.7674    26.3621 0.0000e+00
 278.516459     94.000  34.764302     7.6219    1.75706     93.194    33.7677    26.3623 0.0000e+00
 278.516472     95.000  34.764826     7.6223    1.75455     94.186    33.7673    26.3620 0.0000e+00
 278.516486     96.000  34.765878     7.6226    1.75182     95.176    33.7677    26.3622 0.0000e+00
 278.516502     97.000  34.766494     7.6230    1.75232     96.168    33.7675    26.3621 0.0000e+00
 278.516517     98.000  34.766745     7.6236    1.73779     97.159    33.7667    26.3613 0.0000e+00
 278.516533     99.000  34.766897     7.6233    1.75154     98.150    33.7666    26.3614 0.0000e+00
 278.516548    100.000  34.767312     7.6233    1.73207     99.141    33.7666    26.3614 0.0000e+00
 278.516563    101.000  34.768033     7.6231    1.72457    100.132    33.7671    26.3618 0.0000e+00
 278.516579    102.000  34.768237     7.6234    1.72551    101.124    33.7667    26.3614 0.0000e+00
 278.516601    103.000  34.769245     7.6238    1.71171    102.115    33.7668    26.3615 0.0000e+00
