data/oxygen options/ONMS/Olympic_Coast_National_Marine_Sanctuary_Hypoxia_Survey_CTD_Data_2004_2015/raw_data/2004/CTD_TH90_061504faed.cnv
* Sea-Bird SBE19 Data File:
* FileName = C:\WINDOWS\Desktop\put hypoxia files here\CTD files\CA\TH90m061504.hex
* Software Version 1.1.4
* Temperature SN = 2997
* Conductivity SN = 2997
* System UpLoad Time = Jun 15 2004 15:20:09
** Teahwhit Head hypoxia 90m TH9 June 15, 2004
* SEACAT PROFILER V3.1c SN 2997   06/15/04  15:18:17.199
# nquan = 9                                 
# nvalues = 933                         
# units = specified
# name 0 = timeJ: Julian Days
# name 1 = prSM: Pressure, Strain Gauge [db]
# name 2 = c0mS/cm: Conductivity [mS/cm]
# name 3 = t090C: Temperature [ITS-90, deg C]
# name 4 = oxML/L: Oxygen, Beckman/YSI [ml/l]
# name 5 = depSM: Depth [salt water, m], lat = 47.5
# name 6 = sal00: Salinity, Practical [PSU]
# name 7 = sigma-é00: Density [sigma-theta, kg/m^3]
# name 8 = flag: flag
# span 0 = 167.546227, 167.551620       
# span 1 =     -5.287,     91.471       
# span 2 =   0.375959,  37.481243       
# span 3 =     7.4057,    13.0722       
# span 4 =   -0.05697,   32.52864       
# span 5 =     -5.243,     90.687       
# span 6 =     0.2402,    33.6506       
# span 7 =    -0.3653,    26.3008       
# span 8 = 0.0000e+00, 0.0000e+00       
# interval = seconds: 0.5
# start_time = Jun 15 2004 13:06:34 [Instrument's time stamp, header]
# bad_flag = -9.990e-29
*END*
[from data line 641]
 167.549936     57.417  34.351633     8.0700    4.04610     56.930    32.9147    25.6270 0.0000e+00
 167.549942     57.831  34.346903     8.0499    4.04807     57.340    32.9284    25.6407 0.0000e+00
 167.549948     58.254  34.339574     8.0351    4.04558     57.760    32.9343    25.6475 0.0000e+00
 167.549954     58.681  34.332757     8.0235    4.05274     58.183    32.9377    25.6519 0.0000e+00
 167.549959     59.105  34.328006     8.0145    4.05468     58.603    32.9409    25.6557 0.0000e+00
 167.549965     59.519  34.325141     8.0089    4.05297     59.014    32.9430    25.6581 0.0000e+00
 167.549971     59.919  34.323699     8.0056    4.04843     59.410    32.9444    25.6597 0.0000e+00
 167.549977     60.309  34.322871     8.0027    4.05784     59.797    32.9460    25.6614 0.0000e+00
 167.549983     60.698  34.322105     7.9994    4.05461     60.183    32.9481    25.6636 0.0000e+00
 167.549988     61.092  34.322056     7.9966    4.05279     60.573    32.9505    25.6659 0.0000e+00
 167.549994     61.491  34.323210     7.9950    4.04873     60.969    32.9531    25.6681 0.0000e+00
 167.550000     61.886  34.324858     7.9943    4.04282     61.360    32.9553    25.6700 0.0000e+00
 167.550006     62.272  34.326386     7.9936    4.03664     61.743    32.9574    25.6717 0.0000e+00
 167.550012     62.653  34.327581     7.9903    4.02515     62.121    32.9616    25.6755 0.0000e+00
 167.550017     63.043  34.328347     7.9829    4.00563     62.507    32.9692    25.6826 0.0000e+00
 167.550023     63.459  34.329138     7.9724    3.97956     62.920    32.9798    25.6924 0.0000e+00
 167.550029     63.898  34.330444     7.9580    3.96208     63.355    32.9945    25.7061 0.0000e+00
 167.550035     64.353  34.331193     7.9360    3.94663     63.806    33.0159    25.7260 0.0000e+00
 167.550041     64.823  34.329013     7.9062    3.93552     64.272    33.0415    25.7505 0.0000e+00
 167.550046     65.295  34.323789     7.8742    3.90148     64.740    33.0660    25.7743 0.0000e+00
 167.550052     65.761  34.318638     7.8455    3.86714     65.202    33.0874    25.7953 0.0000e+00
 167.550058     66.224  34.315647     7.8185    3.82675     65.661    33.1096    25.8166 0.0000e+00
 167.550064     66.688  34.314180     7.7871    3.79793     66.121    33.1377    25.8432 0.0000e+00
 167.550069     67.158  34.315073     7.7502    3.77427     66.587    33.1735    25.8766 0.0000e+00
 167.550075     67.632  34.320629     7.7121    3.73652     67.057    33.2155    25.9151 0.0000e+00
 167.550081     68.107  34.329836     7.6803    3.69806     67.527    33.2556    25.9511 0.0000e+00
 167.550087     68.579  34.339259     7.6595    3.64898     67.995    33.2854    25.9775 0.0000e+00
 167.550093     69.047  34.346310     7.6453    3.60290     68.459    33.3063    25.9960 0.0000e+00
 167.550098     69.525  34.350848     7.6305    3.55999     68.933    33.3251    26.0129 0.0000e+00
 167.550104     70.030  34.356670     7.6118    3.51905     69.434    33.3491    26.0344 0.0000e+00
 167.550110     70.568  34.367047     7.5901    3.47199     69.967    33.3809    26.0624 0.0000e+00
 167.550116     71.134  34.380108     7.5663    3.43277     70.528    33.4176    26.0947 0.0000e+00
 167.550122     71.719  34.394196     7.5413    3.38640     71.108    33.4566    26.1289 0.0000e+00
 167.550127     72.311  34.408463     7.5186    3.35073     71.695    33.4936    26.1612 0.0000e+00
 167.550133     72.906  34.420053     7.5016    3.32804     72.285    33.5222    26.1862 0.0000e+00
 167.550139     73.498  34.428148     7.4911    3.31203     72.872    33.5409    26.2023 0.0000e+00
 167.550145     74.087  34.433441     7.4864    3.29186     73.455    33.5509    26.2108 0.0000e+00
 167.550150     74.671  34.435688     7.4867    3.27341     74.034    33.5527    26.2122 0.0000e+00
 167.550156     75.241  34.435075     7.4909    3.25822     74.599    33.5477    26.2077 0.0000e+00
 167.550162     75.785  34.432455     7.4960    3.25173     75.139    33.5397    26.2007 0.0000e+00
 167.550168     76.296  34.429935     7.4970    3.24987     75.645    33.5358    26.1975 0.0000e+00
 167.550174     76.763  34.430875     7.4909    3.23321     76.108    33.5424    26.2036 0.0000e+00
 167.550179     77.186  34.435959     7.4785    3.21718     76.527    33.5597    26.2190 0.0000e+00
 167.550185     77.574  34.441870     7.4651    3.21610     76.912    33.5789    26.2359 0.0000e+00
 167.550191     77.935  34.445267     7.4557    3.19528     77.270    33.5915    26.2472 0.0000e+00
 167.550197     78.280  34.445626     7.4494    3.18826     77.612    33.5978    26.2531 0.0000e+00
 167.550203     78.612  34.445660     7.4443    3.17655     77.941    33.6027    26.2576 0.0000e+00
 167.550208     78.927  34.447651     7.4413    3.16361     78.253    33.6076    26.2619 0.0000e+00
 167.550214     79.228  34.449759     7.4395    3.15842     78.552    33.6115    26.2652 0.0000e+00
 167.550220     79.531  34.450303     7.4367    3.14453     78.852    33.6146    26.2681 0.0000e+00
 167.550226     79.845  34.450003     7.4335    3.13928     79.163    33.6172    26.2706 0.0000e+00
 167.550231     80.169  34.449574     7.4312    3.13737     79.484    33.6189    26.2722 0.0000e+00
 167.550237     80.502  34.449556     7.4297    3.14246     79.815    33.6201    26.2734 0.0000e+00
 167.550243     80.849  34.449920     7.4280    3.12258     80.159    33.6220    26.2751 0.0000e+00
 167.550249     81.210  34.450022     7.4257    3.12647     80.516    33.6242    26.2771 0.0000e+00
 167.550255     81.582  34.449993     7.4236    3.12818     80.885    33.6260    26.2789 0.0000e+00
 167.550260     81.964  34.450347     7.4219    3.12121     81.264    33.6279    26.2806 0.0000e+00
 167.550266     82.349  34.450989     7.4208    3.11631     81.645    33.6294    26.2820 0.0000e+00
 167.550272     82.727  34.451645     7.4201    3.09699     82.020    33.6306    26.2830 0.0000e+00
 167.550278     83.094  34.452061     7.4192    3.09296     82.384    33.6318    26.2841 0.0000e+00
 167.550284     83.455  34.452224     7.4178    3.09408     82.742    33.6331    26.2853 0.0000e+00
 167.550289     83.815  34.452343     7.4165    3.09478     83.099    33.6344    26.2865 0.0000e+00
 167.550295     84.168  34.452573     7.4156    3.09442     83.449    33.6353    26.2874 0.0000e+00
 167.550301     84.502  34.453212     7.4152    3.08945     83.780    33.6362    26.2881 0.0000e+00
 167.550307     84.812  34.453983     7.4150    3.08461     84.087    33.6371    26.2889 0.0000e+00
 167.550312     85.110  34.454224     7.4143    3.07149     84.382    33.6379    26.2896 0.0000e+00
 167.550318     85.405  34.454252     7.4134    3.06429     84.675    33.6387    26.2903 0.0000e+00
 167.550324     85.696  34.454657     7.4126    3.06824     84.963    33.6398    26.2913 0.0000e+00
 167.550330     85.966  34.455412     7.4119    3.05911     85.231    33.6411    26.2925 0.0000e+00
 167.550336     86.190  34.456397     7.4115    3.05612     85.453    33.6425    26.2936 0.0000e+00
 167.550341     86.353  34.457233     7.4116    3.05884     85.614    33.6432    26.2942 -9.990e-29
 167.550347     86.463  34.457347     7.4121    3.04520     85.723    33.6428    26.2938 -9.990e-29
 167.550353     86.546  34.456886     7.4124    3.04245     85.806    33.6420    26.2931 -9.990e-29
 167.550359     86.616  34.456350     7.4125    3.04434     85.875    33.6412    26.2925 -9.990e-29
 167.550365     86.676  34.456143     7.4131    3.03931     85.935    33.6404    26.2918 -9.990e-29
 167.550370     86.726  34.456543     7.4141    3.04781     85.984    33.6399    26.2912 -9.990e-29
 167.550376     86.766  34.456957     7.4144    3.04368     86.024    33.6400    26.2912 -9.990e-29
 167.550382     86.802  34.456813     7.4140    3.03488     86.059    33.6402    26.2915 -9.990e-29
 167.550388     86.840  34.456474     7.4133    3.02901     86.097    33.6405    26.2918 -9.990e-29
 167.550394     86.888  34.456044     7.4126    3.02914     86.145    33.6407    26.2920 -9.990e-29
 167.550399     86.956  34.455504     7.4121    3.03594     86.212    33.6406    26.2920 -9.990e-29
 167.550405     87.050  34.455250     7.4121    3.03284     86.305    33.6402    26.2918 -9.990e-29
 167.550411     87.158  34.455500     7.4128    3.03472     86.412    33.6398    26.2913 -9.990e-29
 167.550417     87.265  34.456020     7.4136    3.02624     86.518    33.6395    26.2910 -9.990e-29
 167.550422     87.370  34.456376     7.4138    3.01761     86.622    33.6397    26.2911 -9.990e-29
 167.550428     87.479  34.456480     7.4131    3.01971     86.731    33.6404    26.2917 -9.990e-29
 167.550434     87.600  34.456474     7.4117    3.02169     86.850    33.6417    26.2930 -9.990e-29
 167.550440     87.740  34.456358     7.4100    3.01805     86.989    33.6431    26.2943 0.0000e+00
 167.550446     87.900  34.456547     7.4088    3.02028     87.148    33.6444    26.2955 0.0000e+00
 167.550451     88.071  34.457301     7.4084    3.01157     87.317    33.6456    26.2965 0.0000e+00
 167.550457     88.249  34.457951     7.4085    3.00291     87.494    33.6461    26.2969 0.0000e+00
 167.550463     88.431  34.458250     7.4083    3.00501     87.674    33.6465    26.2972 0.0000e+00
 167.550469     88.630  34.458604     7.4076    3.00701     87.871    33.6475    26.2981 0.0000e+00
 167.550475     88.853  34.458933     7.4069    3.01247     88.092    33.6484    26.2989 0.0000e+00
 167.550480     89.089  34.459123     7.4067    3.01710     88.326    33.6487    26.2992 0.0000e+00
 167.550486     89.324  34.459432     7.4069    3.00835     88.559    33.6487    26.2992 0.0000e+00
 167.550492     89.554  34.459719     7.4070    2.99737     88.787    33.6488    26.2993 0.0000e+00
 167.550498     89.786  34.459812     7.4066    2.98696     89.017    33.6492    26.2996 0.0000e+00
 167.550503     90.021  34.459843     7.4060    2.98756     89.250    33.6497    26.3001 0.0000e+00
 167.550509     90.258  34.459862     7.4057    2.98465     89.485    33.6499    26.3003 0.0000e+00
 167.550515     90.491  34.459901     7.4058    2.98046     89.716    33.6497    26.3002 0.0000e+00
 167.550521     90.708  34.460019     7.4059    2.98302     89.931    33.6497    26.3001 0.0000e+00
 167.550527     90.901  34.460378     7.4058    2.97680     90.122    33.6501    26.3004 0.0000e+00
 167.550532     91.066  34.460905     7.4058    2.98076     90.286    33.6506    26.3008 0.0000e+00
 167.550538     91.201  34.461190     7.4060    2.98454     90.420    33.6506    26.3008 -9.990e-29
 167.550544     91.306  34.461058     7.4066    2.98722     90.524    33.6498    26.3001 -9.990e-29
 167.550550     91.378  34.460902     7.4073    2.98223     90.595    33.6489    26.2993 -9.990e-29
 167.550556     91.422  34.461081     7.4078    2.98091     90.639    33.6486    26.2990 -9.990e-29
 167.550561     91.450  34.461282     7.4080    2.98098     90.667    33.6486    26.2990 -9.990e-29
 167.550567     91.467  34.461221     7.4082    2.97470     90.684    33.6484    26.2988 -9.990e-29
 167.550573     91.471  34.460826     7.4084    2.97656     90.687    33.6477    26.2982 -9.990e-29
 167.550579     91.457  34.460141     7.4086    2.97705     90.674    33.6468    26.2975 -9.990e-29
 167.550584     91.424  34.459942     7.4088    2.97873     90.641    33.6464    26.2971 -9.990e-29
 167.550590     91.367  34.460532     7.4092    2.98258     90.584    33.6467    26.2973 -9.990e-29
 167.550596     91.281  34.461024     7.4094    2.97388     90.499    33.6471    26.2976 -9.990e-29
 167.550602     91.170  34.460961     7.4094    2.97148     90.389    33.6471    26.2976 -9.990e-29
 167.550608     91.030  34.460829     7.4092    2.96267     90.250    33.6472    26.2977 0.0000e+00
 167.550613     90.854  34.461022     7.4088    2.95457     90.076    33.6479    26.2983 0.0000e+00
 167.550619     90.629  34.461244     7.4086    2.95606     89.853    33.6484    26.2987 0.0000e+00
 167.550625     90.342  34.461239     7.4084    2.95853     89.568    33.6487    26.2990 0.0000e+00
 167.550631     89.978  34.461007     7.4080    2.96412     89.208    33.6490    26.2993 0.0000e+00
 167.550637     89.532  34.460249     7.4074    2.96803     88.766    33.6490    26.2994 0.0000e+00
 167.550642     89.009  34.459086     7.4068    2.96813     88.247    33.6486    26.2991 0.0000e+00
 167.550648     88.419  34.458219     7.4068    2.96833     87.662    33.6479    26.2986 0.0000e+00
 167.550654     87.768  34.457625     7.4075    2.97682     87.017    33.6469    26.2977 0.0000e+00
 167.550660     87.065  34.456524     7.4088    2.97021     86.320    33.6448    26.2958 0.0000e+00
 167.550666     86.329  34.454579     7.4104    2.97652     85.591    33.6415    26.2930 0.0000e+00
 167.550671     85.580  34.452575     7.4119    2.97650     84.848    33.6382    26.2902 0.0000e+00
 167.550677     84.823  34.451218     7.4131    2.98266     84.098    33.6360    26.2882 0.0000e+00
 167.550683     84.060  34.449832     7.4148    2.98653     83.341    33.6332    26.2858 0.0000e+00
 167.550689     83.283  34.447703     7.4173    2.98273     82.571    33.6288    26.2820 0.0000e+00
 167.550694     82.495  34.445367     7.4199    2.98924     81.790    33.6241    26.2779 0.0000e+00
 167.550700     81.705  34.443646     7.4221    2.98736     81.007    33.6205    26.2748 0.0000e+00
 167.550706     80.920  34.442499     7.4241    2.99615     80.229    33.6177    26.2723 0.0000e+00
 167.550712     80.141  34.441532     7.4266    2.99635     79.457    33.6146    26.2695 0.0000e+00
 167.550718     79.365  34.440589     7.4302    2.99174     78.687    33.6105    26.2657 0.0000e+00
 167.550723     78.585  34.439545     7.4348    2.99811     77.914    33.6053    26.2609 0.0000e+00
 167.550729     77.805  34.438143     7.4403    3.01190     77.141    33.5988    26.2551 0.0000e+00
 167.550735     77.033  34.436207     7.4459    3.01494     76.376    33.5916    26.2486 0.0000e+00
 167.550741     76.277  34.433970     7.4506    3.02894     75.626    33.5850    26.2428 0.0000e+00
 167.550747     75.536  34.431827     7.4550    3.04154     74.892    33.5788    26.2372 0.0000e+00
 167.550752     74.805  34.429737     7.4603    3.04469     74.167    33.5717    26.2309 0.0000e+00
 167.550758     74.082  34.427169     7.4667    3.05772     73.451    33.5631    26.2232 0.0000e+00
 167.550764     73.362  34.424075     7.4745    3.07392     72.737    33.5526    26.2138 0.0000e+00
 167.550770     72.642  34.420265     7.4854    3.08236     72.023    33.5383    26.2010 0.0000e+00
 167.550775     71.917  34.414597     7.5007    3.10797     71.304    33.5177    26.1827 0.0000e+00
 167.550781     71.177  34.406253     7.5199    3.14116     70.571    33.4905    26.1586 0.0000e+00
 167.550787     70.424  34.395332     7.5420    3.17576     69.824    33.4577    26.1297 0.0000e+00
 167.550793     69.661  34.382424     7.5655    3.23751     69.068    33.4215    26.0979 0.0000e+00
 167.550799     68.890  34.368834     7.5906    3.29565     68.304    33.3831    26.0641 0.0000e+00
 167.550804     68.110  34.354956     7.6196    3.36875     67.530    33.3407    26.0266 0.0000e+00
 167.550810     67.314  34.339680     7.6565    3.44177     66.741    33.2893    25.9810 0.0000e+00
 167.550816     66.503  34.323399     7.7056    3.52544     65.937    33.2252    25.9236 0.0000e+00
 167.550822     65.685  34.307964     7.7654    3.59277     65.126    33.1521    25.8576 0.0000e+00
 167.550828     64.863  34.296920     7.8275    3.64721     64.312    33.0817    25.7934 0.0000e+00
 167.550833     64.038  34.294061     7.8837    3.68930     63.494    33.0258    25.7414 0.0000e+00
 167.550839     63.213  34.297841     7.9277    3.72087     62.676    32.9887    25.7058 0.0000e+00
 167.550845     62.394  34.302109     7.9564    3.75746     61.864    32.9665    25.6843 0.0000e+00
 167.550851     61.590  34.303047     7.9716    3.78766     61.067    32.9536    25.6719 0.0000e+00
