data/oxygen options/ONMS/Olympic_Coast_National_Marine_Sanctuary_Hypoxia_Survey_CTD_Data_2004_2015/raw_data/2004/CTD_CA45_102104faedb.cnv
* Sea-Bird SBE19 Data File:
* FileName = C:\WINDOWS\Desktop\put hypoxia files here\CTD data\October 21-04\CA\Raw\CA45_102104.hex
* Software Version 1.1.4
* Temperature SN = 2997
* Conductivity SN = 2997
* System UpLoad Time = Oct 21 2004 14:39:35
* SEACAT PROFILER V3.1c SN 2997   10/21/04  14:44:32.773
* strain gauge pressure sensor: S/N = 184829,  range = 3000 psia,  tc = 40
# nquan = 9
# nvalues = 43                          
# units = specified
# name 0 = timeJ: Julian Days
# name 1 = prSM: Pressure, Strain Gauge [db]
# name 2 = c0mS/cm: Conductivity [mS/cm]
# name 3 = t090C: Temperature [ITS-90, deg C]
# name 4 = oxML/L: Oxygen, Beckman/YSI [ml/l]
# name 5 = depSM: Depth [salt water, m], lat = 47.5
# name 6 = sal00: Salinity, Practical [PSU]
# name 7 = sigma-é00: Density [sigma-theta, kg/m^3]
# name 8 = flag: flag
# span 0 = 295.593200, 295.593765       
# span 1 =      2.000,     44.000       
# span 2 =  35.905754,  37.040422       
# span 3 =    10.2195,    13.0615       
# span 4 =    3.94707,    6.29443       
# span 5 =      1.983,     43.628       
# span 6 =    31.1637,    32.5644       
# span 7 =    23.4109,    25.0081       
# span 8 = 0.0000e+00, 0.0000e+00       
# interval = decibars: 1                
# start_time = Oct 21 2004 14:11:02 [Instrument's time stamp, header]
# bad_flag = -9.990e-29
*END*
 295.593200      2.000  36.966717    13.0615    6.29443      1.983    31.1637    23.4109 0.0000e+00
 295.593221      3.000  36.945360    13.0236    6.26618      2.975    31.1744    23.4266 0.0000e+00
 295.593235      4.000  36.921095    12.9924    6.22321      3.967    31.1770    23.4346 0.0000e+00
 295.593247      5.000  36.902422    12.9687    6.18785      4.958    31.1785    23.4405 0.0000e+00
 295.593257      6.000  36.889431    12.9508    6.13899      5.950    31.1807    23.4455 0.0000e+00
 295.593269      7.000  36.879463    12.9388    6.05998      6.942    31.1808    23.4480 0.0000e+00
 295.593279      8.000  36.889424    12.9433    5.99854      7.933    31.1860    23.4512 0.0000e+00
 295.593290      9.000  36.920709    12.9550    5.94164      8.924    31.2054    23.4640 0.0000e+00
 295.593301     10.000  36.948687    12.9517    5.87724      9.916    31.2340    23.4867 0.0000e+00
 295.593311     11.000  36.965339    12.9366    5.82663     10.908    31.2618    23.5112 0.0000e+00
 295.593322     12.000  36.980535    12.9164    5.79626     11.900    31.2924    23.5388 0.0000e+00
 295.593333     13.000  36.988201    12.8820    5.76406     12.891    31.3276    23.5727 0.0000e+00
 295.593345     14.000  36.996355    12.8397    5.70601     13.883    31.3700    23.6136 0.0000e+00
 295.593356     15.000  37.022846    12.8050    5.56748     14.874    31.4234    23.6617 0.0000e+00
 295.593367     16.000  37.040422    12.7192    5.43062     15.866    31.5112    23.7461 0.0000e+00
 295.593378     17.000  36.990478    12.5673    5.30185     16.858    31.5905    23.8366 0.0000e+00
 295.593389     18.000  36.898584    12.3955    5.20327     17.849    31.6473    23.9130 0.0000e+00
 295.593402     19.000  36.800496    12.2419    5.10044     18.841    31.6828    23.9695 0.0000e+00
 295.593414     20.000  36.747565    12.1070    4.98906     19.832    31.7460    24.0436 0.0000e+00
 295.593426     21.000  36.689388    11.9471    4.86323     20.824    31.8258    24.1351 0.0000e+00
 295.593438     22.000  36.634313    11.7646    4.72183     21.815    31.9286    24.2484 0.0000e+00
 295.593449     23.000  36.579706    11.5736    4.58237     22.807    32.0395    24.3693 0.0000e+00
 295.593460     24.000  36.534616    11.4181    4.44584     23.798    32.1299    24.4677 0.0000e+00
 295.593469     25.000  36.485717    11.2737    4.35943     24.790    32.2075    24.5538 0.0000e+00
 295.593480     26.000  36.422356    11.1237    4.28881     25.782    32.2761    24.6338 0.0000e+00
 295.593492     27.000  36.361516    11.0053    4.21156     26.773    32.3196    24.6886 0.0000e+00
 295.593503     28.000  36.306754    10.8907    4.14467     27.764    32.3661    24.7448 0.0000e+00
 295.593515     29.000  36.247648    10.7669    4.09975     28.756    32.4165    24.8056 0.0000e+00
 295.593525     30.000  36.196135    10.6787    4.06186     29.747    32.4430    24.8415 0.0000e+00
 295.593536     31.000  36.159340    10.6241    4.01746     30.739    32.4544    24.8599 0.0000e+00
 295.593546     32.000  36.137019    10.5868    3.97343     31.731    32.4649    24.8745 0.0000e+00
 295.593556     33.000  36.117522    10.5387    3.95736     32.722    32.4878    24.9006 0.0000e+00
 295.593567     34.000  36.083614    10.4576    3.94742     33.714    32.5259    24.9442 0.0000e+00
 295.593578     35.000  36.040497    10.3912    3.94707     34.705    32.5415    24.9676 0.0000e+00
 295.593589     36.000  36.010595    10.3568    3.95864     35.697    32.5418    24.9738 0.0000e+00
 295.593601     37.000  35.996751    10.3455    3.96816     36.688    32.5376    24.9725 0.0000e+00
 295.593613     38.000  35.992613    10.3424    3.98171     37.680    32.5358    24.9716 0.0000e+00
 295.593626     39.000  35.988895    10.3382    3.98929     38.671    32.5354    24.9720 0.0000e+00
 295.593639     40.000  35.986283    10.3369    3.98392     39.663    32.5335    24.9707 0.0000e+00
 295.593652     41.000  35.982824    10.3292    3.96717     40.654    32.5365    24.9744 0.0000e+00
 295.593665     42.000  35.973489    10.3066    3.97163     41.645    32.5469    24.9864 0.0000e+00
 295.593679     43.000  35.953312    10.2640    3.98954     42.637    32.5644    25.0072 0.0000e+00
 295.593765     44.000  35.905754    10.2195    3.99936     43.628    32.5559    25.0081 0.0000e+00
