data/oxygen options/ONMS/Olympic_Coast_National_Marine_Sanctuary_Hypoxia_Survey_CTD_Data_2004_2015/raw_data/2004/CTD_CE30_061604faed.cnv
* Sea-Bird SBE19 Data File:
* FileName = C:\WINDOWS\Desktop\put hypoxia files here\CTD files\CE\CE30m061604.hex
* Software Version 1.1.4
* Temperature SN = 2997
* Conductivity SN = 2997
* System UpLoad Time = Jun 16 2004 11:24:51
** Cape Elizabeth hypoxia June 16, 2004 30m CE-3
* SEACAT PROFILER V3.1c SN 2997   06/16/04  11:28:54.800
# nquan = 9                                 
# nvalues = 637                         
# units = specified
# name 0 = timeJ: Julian Days
# name 1 = prSM: Pressure, Strain Gauge [db]
# name 2 = c0mS/cm: Conductivity [mS/cm]
# name 3 = t090C: Temperature [ITS-90, deg C]
# name 4 = oxML/L: Oxygen, Beckman/YSI [ml/l]
# name 5 = depSM: Depth [salt water, m], lat = 47.5
# name 6 = sal00: Salinity, Practical [PSU]
# name 7 = sigma-é00: Density [sigma-theta, kg/m^3]
# name 8 = flag: flag
# span 0 = 168.382512, 168.386192       
# span 1 =     -5.216,     28.091       
# span 2 =   0.481024,  36.362333       
# span 3 =     8.2984,    14.6990       
# span 4 =  -12.07670,   30.30704       
# span 5 =     -5.173,     27.855       
# span 6 =     0.2987,    33.0357       
# span 7 =    -0.5076,    25.6742       
# span 8 = 0.0000e+00, 0.0000e+00       
# interval = seconds: 0.5
# start_time = Jun 16 2004 09:10:49 [Instrument's time stamp, header]
# bad_flag = -9.990e-29
*END*
[from data line 161]
 168.383443     -0.703  36.096129    14.6536    5.53583     -0.697    29.1186    21.5147 -9.990e-29
 168.383449     -0.687  36.093412    14.6441    5.54156     -0.681    29.1233    21.5202 -9.990e-29
 168.383455     -0.669  36.087303    14.6361    5.53994     -0.663    29.1238    21.5223 -9.990e-29
 168.383461     -0.652  36.082568    14.6348    5.55127     -0.647    29.1205    21.5200 -9.990e-29
 168.383466     -0.639  36.082438    14.6362    5.53941     -0.634    29.1193    21.5188 -9.990e-29
 168.383472     -0.630  36.083948    14.6339    5.53792     -0.625    29.1224    21.5217 -9.990e-29
 168.383478     -0.619  36.082958    14.6290    5.54836     -0.614    29.1252    21.5248 -9.990e-29
 168.383484     -0.605  36.080968    14.6252    5.55212     -0.600    29.1262    21.5264 -9.990e-29
 168.383490     -0.597  36.079826    14.6232    5.56661     -0.592    29.1267    21.5272 -9.990e-29
 168.383495     -0.594  36.078581    14.6228    5.55529     -0.589    29.1259    21.5266 -9.990e-29
 168.383501     -0.591  36.077271    14.6237    5.54322     -0.586    29.1240    21.5250 -9.990e-29
 168.383507     -0.588  36.076966    14.6248    5.55454     -0.583    29.1229    21.5240 -9.990e-29
 168.383513     -0.585  36.077835    14.6257    5.56857     -0.580    29.1230    21.5239 -9.990e-29
 168.383519     -0.582  36.079370    14.6268    5.57784     -0.577    29.1236    21.5241 -9.990e-29
 168.383524     -0.579  36.080828    14.6285    5.57342     -0.574    29.1236    21.5237 -9.990e-29
 168.383530     -0.575  36.081925    14.6310    5.55264     -0.570    29.1227    21.5225 -9.990e-29
 168.383536     -0.570  36.083577    14.6342    5.53801     -0.565    29.1218    21.5212 -9.990e-29
 168.383542     -0.565  36.086318    14.6362    5.53721     -0.560    29.1228    21.5215 -9.990e-29
 168.383547     -0.557  36.088211    14.6345    5.54406     -0.552    29.1257    21.5241 -9.990e-29
 168.383553     -0.548  36.086748    14.6303    5.55840     -0.543    29.1276    21.5264 -9.990e-29
 168.383559     -0.537  36.083358    14.6284    5.57614     -0.533    29.1260    21.5256 -9.990e-29
 168.383565     -0.522  36.081946    14.6329    5.57255     -0.518    29.1213    21.5211 -9.990e-29
 168.383571     -0.507  36.084566    14.6436    5.55888     -0.503    29.1156    21.5145 -9.990e-29
 168.383576     -0.495  36.090801    14.6545    5.55102     -0.491    29.1131    21.5103 -9.990e-29
 168.383582     -0.487  36.097202    14.6580    5.55291     -0.483    29.1162    21.5119 -9.990e-29
 168.383588     -0.480  36.099423    14.6546    5.56013     -0.476    29.1207    21.5161 -9.990e-29
 168.383594     -0.471  36.098200    14.6508    5.55484     -0.467    29.1225    21.5183 -9.990e-29
 168.383600     -0.454  36.096966    14.6496    5.55105     -0.450    29.1222    21.5183 -9.990e-29
 168.383605     -0.433  36.096331    14.6508    5.55363     -0.429    29.1208    21.5170 -9.990e-29
 168.383611     -0.415  36.096583    14.6540    5.55879     -0.412    29.1186    21.5146 -9.990e-29
 168.383617     -0.399  36.098072    14.6568    5.56403     -0.396    29.1178    21.5135 -9.990e-29
 168.383623     -0.380  36.099432    14.6576    5.56267     -0.377    29.1184    21.5138 -9.990e-29
 168.383628     -0.360  36.099689    14.6573    5.55990     -0.357    29.1189    21.5142 -9.990e-29
 168.383634     -0.343  36.099201    14.6565    5.55455     -0.340    29.1190    21.5145 -9.990e-29
 168.383640     -0.328  36.098451    14.6552    5.54983     -0.325    29.1193    21.5150 -9.990e-29
 168.383646     -0.313  36.097578    14.6535    5.55451     -0.310    29.1198    21.5157 -9.990e-29
 168.383652     -0.302  36.096553    14.6514    5.55221     -0.299    29.1205    21.5166 -9.990e-29
 168.383657     -0.299  36.095145    14.6497    5.55345     -0.297    29.1205    21.5170 -9.990e-29
 168.383663     -0.298  36.093732    14.6494    5.55386     -0.296    29.1194    21.5162 -9.990e-29
 168.383669     -0.297  36.093250    14.6500    5.55943     -0.295    29.1186    21.5154 -9.990e-29
 168.383675     -0.294  36.093631    14.6510    5.56995     -0.292    29.1182    21.5149 -9.990e-29
 168.383681     -0.290  36.094276    14.6531    5.57855     -0.288    29.1172    21.5137 -9.990e-29
 168.383686     -0.284  36.095497    14.6584    5.57573     -0.282    29.1143    21.5104 -9.990e-29
 168.383692     -0.275  36.098376    14.6671    5.56945     -0.273    29.1104    21.5056 -9.990e-29
 168.383698     -0.264  36.102841    14.6753    5.55256     -0.262    29.1082    21.5023 -9.990e-29
 168.383704     -0.250  36.107010    14.6793    5.54113     -0.248    29.1090    21.5020 -9.990e-29
 168.383709     -0.236  36.109167    14.6783    5.54005     -0.234    29.1116    21.5043 -9.990e-29
 168.383715     -0.225  36.108842    14.6735    5.56132     -0.223    29.1149    21.5078 -9.990e-29
 168.383721     -0.216  36.105616    14.6681    5.57232     -0.214    29.1161    21.5098 -9.990e-29
 168.383727     -0.210  36.101368    14.6657    5.57712     -0.208    29.1141    21.5087 -9.990e-29
 168.383733     -0.201  36.100542    14.6682    5.57350     -0.199    29.1114    21.5062 -9.990e-29
 168.383738     -0.189  36.103173    14.6756    5.56379     -0.187    29.1083    21.5022 -9.990e-29
 168.383744     -0.178  36.107733    14.6850    5.56720     -0.177    29.1053    21.4980 -9.990e-29
 168.383750     -0.166  36.113590    14.6912    5.56210     -0.165    29.1059    21.4972 -9.990e-29
 168.383756     -0.157  36.117354    14.6929    5.56386     -0.156    29.1080    21.4985 -9.990e-29
 168.383762     -0.151  36.117892    14.6924    5.55878     -0.150    29.1089    21.4992 -9.990e-29
 168.383767     -0.143  36.117056    14.6911    5.56472     -0.142    29.1091    21.4997 -9.990e-29
 168.383773     -0.132  36.115992    14.6894    5.58049     -0.131    29.1094    21.5003 -9.990e-29
 168.383779     -0.119  36.114976    14.6874    5.58759     -0.118    29.1100    21.5011 -9.990e-29
 168.383785     -0.105  36.113227    14.6864    5.57532     -0.104    29.1092    21.5007 -9.990e-29
 168.383791     -0.095  36.110672    14.6892    5.55419     -0.094    29.1048    21.4968 -9.990e-29
 168.383796     -0.087  36.111206    14.6952    5.53264     -0.086    29.1008    21.4924 -9.990e-29
 168.383802     -0.078  36.115557    14.6971    5.53656     -0.077    29.1032    21.4939 -9.990e-29
 168.383808     -0.063  36.116644    14.6888    5.55816     -0.062    29.1104    21.5012 -9.990e-29
 168.383814     -0.048  36.110886    14.6735    5.58263     -0.048    29.1167    21.5092 -9.990e-29
 168.383819     -0.042  36.101834    14.6616    5.59029     -0.042    29.1175    21.5122 -9.990e-29
 168.383825     -0.040  36.095375    14.6616    5.58251     -0.040    29.1117    21.5078 -9.990e-29
 168.383831     -0.037  36.095807    14.6725    5.57849     -0.037    29.1039    21.4996 -9.990e-29
 168.383837     -0.034  36.102595    14.6856    5.56844     -0.034    29.1002    21.4940 -9.990e-29
 168.383843     -0.030  36.110785    14.6935    5.56138     -0.030    29.1016    21.4935 -9.990e-29
 168.383848     -0.024  36.115615    14.6951    5.55699     -0.024    29.1048    21.4955 -9.990e-29
 168.383854     -0.017  36.116813    14.6928    5.56410     -0.017    29.1075    21.4982 -9.990e-29
 168.383860     -0.008  36.116553    14.6897    5.57989     -0.008    29.1096    21.5004 -9.990e-29
 168.383866      0.003  36.115623    14.6889    5.57998      0.003    29.1094    21.5004 -9.990e-29
 168.383872      0.018  36.114478    14.6914    5.58086      0.018    29.1065    21.4976 -9.990e-29
 168.383877      0.033  36.114970    14.6954    5.56870      0.033    29.1039    21.4948 -9.990e-29
 168.383883      0.039  36.117208    14.6979    5.55951      0.039    29.1041    21.4944 -9.990e-29
 168.383889      0.039  36.119143    14.6970    5.56072      0.039    29.1065    21.4965 -9.990e-29
 168.383895      0.040  36.118887    14.6907    5.56156      0.040    29.1110    21.5012 -9.990e-29
 168.383900      0.047  36.114991    14.6786    5.57534      0.047    29.1165    21.5080 -9.990e-29
 168.383906      0.055  36.106761    14.6657    5.57905      0.055    29.1188    21.5124 -9.990e-29
 168.383912      0.061  36.097255    14.6588    5.57246      0.060    29.1154    21.5112 -9.990e-29
 168.383918      0.070  36.091756    14.6583    5.57416      0.069    29.1109    21.5078 -9.990e-29
 168.383924      0.087  36.090234    14.6601    5.56543      0.086    29.1082    21.5054 -9.990e-29
 168.383929      0.107  36.089175    14.6589    5.56543      0.106    29.1081    21.5056 -9.990e-29
 168.383935      0.125  36.087735    14.6545    5.57805      0.124    29.1101    21.5080 -9.990e-29
 168.383941      0.137  36.086994    14.6528    5.58533      0.136    29.1107    21.5088 -9.990e-29
 168.383947      0.144  36.088215    14.6575    5.59558      0.143    29.1083    21.5060 -9.990e-29
 168.383953      0.145  36.092095    14.6672    5.59401      0.144    29.1045    21.5011 -9.990e-29
 168.383958      0.146  36.098201    14.6775    5.58607      0.145    29.1023    21.4972 -9.990e-29
 168.383964      0.151  36.104589    14.6841    5.57598      0.150    29.1031    21.4965 -9.990e-29
 168.383970      0.155  36.108566    14.6872    5.57293      0.154    29.1043    21.4968 -9.990e-29
 168.383976      0.160  36.109832    14.6889    5.57280      0.159    29.1042    21.4964 -9.990e-29
 168.383981      0.169  36.110080    14.6909    5.58041      0.168    29.1029    21.4950 -9.990e-29
 168.383987      0.179  36.110208    14.6936    5.57863      0.178    29.1010    21.4929 -9.990e-29
 168.383993      0.187  36.111513    14.6958    5.57779      0.185    29.1005    21.4921 -9.990e-29
 168.383999      0.192  36.114054    14.6969    5.58110      0.190    29.1019    21.4930 -9.990e-29
 168.384005      0.196  36.115617    14.6975    5.58722      0.194    29.1029    21.4936 -9.990e-29
 168.384010      0.198  36.116050    14.6977    5.58020      0.196    29.1031    21.4937 -9.990e-29
 168.384016      0.199  36.115932    14.6976    5.57627      0.197    29.1031    21.4937 -9.990e-29
 168.384022      0.198  36.115671    14.6976    5.57317      0.196    29.1029    21.4936 -9.990e-29
 168.384028      0.195  36.116046    14.6976    5.56815      0.193    29.1032    21.4938 -9.990e-29
 168.384034      0.196  36.116440    14.6973    5.58209      0.194    29.1038    21.4943 -9.990e-29
 168.384039      0.203  36.116260    14.6962    5.58258      0.201    29.1044    21.4951 -9.990e-29
 168.384045      0.213  36.115270    14.6947    5.58698      0.211    29.1047    21.4956 -9.990e-29
 168.384051      0.223  36.113838    14.6939    5.58887      0.221    29.1040    21.4952 -9.990e-29
 168.384057      0.233  36.113422    14.6937    5.57245      0.231    29.1038    21.4951 -9.990e-29
 168.384063      0.244  36.114032    14.6930    5.56987      0.242    29.1048    21.4960 -9.990e-29
 168.384068      0.256  36.114242    14.6907    5.56882      0.254    29.1067    21.4980 -9.990e-29
 168.384074      0.271  36.113215    14.6859    5.58238      0.269    29.1094    21.5010 -9.990e-29
 168.384080      0.289  36.110145    14.6785    5.58525      0.287    29.1122    21.5047 -9.990e-29
 168.384086      0.307  36.104868    14.6707    5.58349      0.304    29.1133    21.5071 -9.990e-29
 168.384091      0.317  36.099324    14.6691    5.58797      0.314    29.1095    21.5045 -9.990e-29
 168.384097      0.316  36.097898    14.6751    5.58597      0.313    29.1037    21.4989 -9.990e-29
 168.384103      0.309  36.102057    14.6818    5.59053      0.306    29.1025    21.4965 -9.990e-29
 168.384109      0.302  36.106697    14.6850    5.59872      0.299    29.1042    21.4972 -9.990e-29
 168.384115      0.301  36.108478    14.6856    5.60150      0.298    29.1054    21.4980 -9.990e-29
 168.384120      0.305  36.108097    14.6851    5.59162      0.302    29.1054    21.4981 -9.990e-29
 168.384126      0.310  36.106733    14.6850    5.57422      0.307    29.1042    21.4972 -9.990e-29
 168.384132      0.312  36.105936    14.6848    5.56697      0.309    29.1037    21.4968 -9.990e-29
 168.384138      0.316  36.104647    14.6816    5.56823      0.313    29.1049    21.4984 -9.990e-29
 168.384144      0.321  36.101151    14.6759    5.58954      0.318    29.1061    21.5005 -9.990e-29
 168.384149      0.324  36.098080    14.6714    5.61438      0.321    29.1067    21.5019 -9.990e-29
 168.384155      0.329  36.097512    14.6711    5.61413      0.326    29.1064    21.5017 -9.990e-29
 168.384161      0.337  36.098694    14.6763    5.59571      0.334    29.1035    21.4985 -9.990e-29
 168.384167      0.340  36.102084    14.6836    5.57989      0.337    29.1011    21.4951 -9.990e-29
 168.384172      0.337  36.106597    14.6877    5.57041      0.334    29.1021    21.4950 -9.990e-29
 168.384178      0.332  36.108723    14.6865    5.57753      0.329    29.1049    21.4974 -9.990e-29
 168.384184      0.327  36.107378    14.6815    5.59481      0.324    29.1074    21.5004 -9.990e-29
 168.384190      0.323  36.104136    14.6751    5.60036      0.320    29.1093    21.5032 -9.990e-29
 168.384196      0.322  36.100847    14.6691    5.59549      0.319    29.1109    21.5056 -9.990e-29
 168.384201      0.315  36.097617    14.6655    5.58981      0.312    29.1107    21.5062 -9.990e-29
 168.384207      0.305  36.094065    14.6658    5.58976      0.302    29.1073    21.5035 -9.990e-29
 168.384213      0.304  36.092188    14.6667    5.59051      0.301    29.1049    21.5015 -9.990e-29
 168.384219      0.313  36.092291    14.6652    5.58176      0.310    29.1061    21.5027 -9.990e-29
 168.384225      0.324  36.092274    14.6633    5.57763      0.321    29.1075    21.5042 -9.990e-29
 168.384230      0.332  36.091557    14.6624    5.58103      0.329    29.1076    21.5044 -9.990e-29
 168.384236      0.339  36.090870    14.6623    5.59248      0.336    29.1070    21.5040 -9.990e-29
 168.384242      0.345  36.090982    14.6620    5.60489      0.342    29.1073    21.5043 -9.990e-29
 168.384248      0.354  36.091485    14.6644    5.60536      0.351    29.1060    21.5028 -9.990e-29
 168.384253      0.372  36.093056    14.6735    5.60133      0.369    29.1006    21.4968 -9.990e-29
 168.384259      0.395  36.097793    14.6850    5.59787      0.392    29.0962    21.4911 -9.990e-29
 168.384265      0.417  36.103605    14.6929    5.60138      0.414    29.0955    21.4889 -9.990e-29
 168.384271      0.433  36.107030    14.6972    5.60128      0.429    29.0954    21.4879 -9.990e-29
 168.384277      0.446  36.108716    14.6990    5.60076      0.442    29.0955    21.4876 -9.990e-29
 168.384282      0.456  36.109234    14.6987    5.59478      0.452    29.0962    21.4882 -9.990e-29
 168.384288      0.464  36.107599    14.6972    5.58431      0.460    29.0959    21.4883 -9.990e-29
 168.384294      0.470  36.103317    14.6959    5.58295      0.466    29.0930    21.4863 -9.990e-29
 168.384300      0.475  36.099094    14.6944    5.59059      0.471    29.0903    21.4846 -9.990e-29
 168.384306      0.478  36.097152    14.6918    5.59666      0.474    29.0905    21.4853 -9.990e-29
 168.384311      0.481  36.096591    14.6890    5.60604      0.477    29.0921    21.4871 -9.990e-29
 168.384317      0.484  36.098348    14.6877    5.59882      0.480    29.0947    21.4893 -9.990e-29
 168.384323      0.486  36.100843    14.6881    5.59411      0.482    29.0966    21.4907 -9.990e-29
 168.384329      0.487  36.102360    14.6891    5.58667      0.483    29.0972    21.4910 -9.990e-29
 168.384334      0.488  36.103804    14.6897    5.58416      0.484    29.0981    21.4915 -9.990e-29
 168.384340      0.489  36.104862    14.6902    5.58112      0.485    29.0986    21.4918 -9.990e-29
 168.384346      0.490  36.105267    14.6901    5.58776      0.486    29.0991    21.4922 -9.990e-29
 168.384352      0.491  36.105003    14.6888    5.60426      0.487    29.0998    21.4930 -9.990e-29
 168.384358      0.492  36.104280    14.6867    5.60185      0.488    29.1007    21.4942 -9.990e-29
