data/oxygen options/ONMS/Olympic_Coast_National_Marine_Sanctuary_Hypoxia_Survey_CTD_Data_2004_2015/raw_data/2004/CTD_CE60_100404faed.cnv
* Sea-Bird SBE19 Data File:
* FileName = C:\WINDOWS\Desktop\put hypoxia files here\CTD data\October 04_05-04\raw\CE60_100404.hex
* Software Version 1.1.4
* Temperature SN = 2997
* Conductivity SN = 2997
* System UpLoad Time = Oct 04 2004 15:20:53
* SEACAT PROFILER V3.1c SN 2997   10/04/04  15:24:48.198
* strain gauge pressure sensor: S/N = 184829,  range = 3000 psia,  tc = 40
# nquan = 9                                 
# nvalues = 664                         
# units = specified
# name 0 = timeJ: Julian Days
# name 1 = prSM: Pressure, Strain Gauge [db]
# name 2 = c0mS/cm: Conductivity [mS/cm]
# name 3 = t090C: Temperature [ITS-90, deg C]
# name 4 = oxML/L: Oxygen, Beckman/YSI [ml/l]
# name 5 = depSM: Depth [salt water, m], lat = 47.5
# name 6 = sal00: Salinity, Practical [PSU]
# name 7 = sigma-é00: Density [sigma-theta, kg/m^3]
# name 8 = flag: flag
# span 0 = 278.566076, 278.569913       
# span 1 =     -4.757,     60.911       
# span 2 =   0.790129,  39.294408       
# span 3 =     7.7112,    15.8222       
# span 4 =   -0.04385,   29.73094       
# span 5 =     -4.717,     60.394       
# span 6 =     0.5020,    33.6288       
# span 7 =    -0.3157,    26.2397       
# span 8 = 0.0000e+00, 0.0000e+00       
# interval = seconds: 0.5
# start_time = Oct 04 2004 13:35:09 [Instrument's time stamp, header]
# bad_flag = -9.990e-29
*END*
 278.566076     -4.757 -9.990e-29    13.6497   -0.04358     -4.717 -9.990e-29 -9.990e-29 -9.990e-29
 278.566082     -4.716   0.790129    13.6507   -0.04365     -4.677     0.5020    -0.3157 -9.990e-29
 278.566088     -4.667   0.966742    13.6555   -0.04366     -4.628     0.6193    -0.2253 -9.990e-29
 278.566094     -4.617   1.264864    13.6716   -0.04362     -4.579     0.8198    -0.0720 -9.990e-29
 278.566100     -4.561   1.716064    13.7201   -0.04355     -4.523     1.1276     0.1598 -9.990e-29
 278.566105     -4.487   2.632422    13.8639   -0.04347     -4.450     1.7636     0.6318 -9.990e-29
 278.566111     -4.388   5.090581    14.2897   -0.04344     -4.351     3.5139     1.9197 -9.990e-29
 278.566117     -4.256  12.266632    14.9613   -0.04346     -4.221     8.8802     5.9321 -9.990e-29
 278.566123     -4.095  23.689106    15.4532   -0.04346     -4.061    17.9396    12.7774 -9.990e-29
 278.566128     -3.926  32.461674    15.6130   -0.04346     -3.893    25.2654    18.3563 -9.990e-29
 278.566134     -3.768  36.041244    15.6337   -0.04349     -3.737    28.3531    20.7207 -9.990e-29
 278.566140     -3.633  37.194831    15.6403   -0.04351     -3.603    29.3574    21.4904 -9.990e-29
 278.566146     -3.519  37.581095    15.6675   -0.04354     -3.490    29.6759    21.7291 -9.990e-29
 278.566152     -3.421  37.729593    15.7163   -0.04351     -3.392    29.7695    21.7904 -9.990e-29
 278.566157     -3.331  37.804644    15.7705   -0.04349     -3.303    29.7945    21.7978 -9.990e-29
 278.566163     -3.244  37.849089    15.8069   -0.04351     -3.217    29.8059    21.7987 -9.990e-29
 278.566169     -3.163  37.864969    15.8202   -0.04356     -3.137    29.8098    21.7988 -9.990e-29
 278.566175     -3.096  37.854371    15.8222   -0.04356     -3.070    29.7990    21.7901 -9.990e-29
 278.566181     -3.043  37.837350    15.8206   -0.04354     -3.018    29.7853    21.7799 -9.990e-29
 278.566186     -3.004  37.826513    15.8147   -0.04356     -2.979    29.7802    21.7773 -9.990e-29
 278.566192     -2.978  37.799532    15.8025   -0.04357     -2.953    29.7658    21.7688 -9.990e-29
 278.566198     -2.953  37.748440    15.7882   -0.04359     -2.928    29.7318    21.7459 -9.990e-29
 278.566204     -2.929  37.711638    15.7813   -0.04360     -2.905    29.7047    21.7266 -9.990e-29
 278.566209     -2.909  37.723583    15.7804   -0.04359     -2.885    29.7159    21.7353 -9.990e-29
 278.566215     -2.885  37.766520    15.7753   -0.04358     -2.861    29.7573    21.7683 -9.990e-29
 278.566221     -2.854  37.787193    15.7654   -0.04361     -2.830    29.7828    21.7900 -9.990e-29
 278.566227     -2.817  37.760985    15.7553   -0.04364     -2.794    29.7675    21.7804 -9.990e-29
 278.566233     -2.780  37.717974    15.7443   -0.04366     -2.757    29.7380    21.7602 -9.990e-29
 278.566238     -2.741  37.707891    15.7325   -0.04365     -2.718    29.7380    21.7628 -9.990e-29
 278.566244     -2.698  37.733525    15.7249   -0.04364     -2.676    29.7662    21.7861 -9.990e-29
 278.566250     -2.657  37.751635    15.7213   -0.04365     -2.635    29.7848    21.8011 -9.990e-29
 278.566256     -2.613  37.734743    15.7170   -0.04367     -2.591    29.7732    21.7931 -9.990e-29
 278.566262     -2.566  37.700111    15.7102   -0.04368     -2.545    29.7479    21.7752 -9.990e-29
 278.566267     -2.517  37.690141    15.6998   -0.04369     -2.496    29.7470    21.7768 -9.990e-29
 278.566273     -2.465  37.712821    15.6862   -0.04369     -2.444    29.7771    21.8028 -9.990e-29
 278.566279     -2.417  37.732186    15.6741   -0.04372     -2.397    29.8032    21.8255 -9.990e-29
 278.566285     -2.370  37.718506    15.6661   -0.04373     -2.350    29.7972    21.8226 -9.990e-29
 278.566291     -2.325  37.683230    15.6614   -0.04374     -2.306    29.7698    21.8026 -9.990e-29
 278.566296     -2.296  37.665095    15.6585   -0.04378     -2.277    29.7560    21.7926 -9.990e-29
 278.566302     -2.281  37.674097    15.6561   -0.04377     -2.262    29.7657    21.8006 -9.990e-29
 278.566308     -2.263  37.680713    15.6525   -0.04374     -2.244    29.7742    21.8079 -9.990e-29
 278.566314     -2.235  37.661768    15.6447   -0.04374     -2.216    29.7635    21.8013 -9.990e-29
 278.566319     -2.205  37.628427    15.6328   -0.04374     -2.187    29.7431    21.7883 -9.990e-29
 278.566325     -2.175  37.607425    15.6204   -0.04375     -2.157    29.7340    21.7840 -9.990e-29
 278.566331     -2.143  37.606058    15.6090   -0.04375     -2.125    29.7414    21.7921 -9.990e-29
 278.566337     -2.107  37.606209    15.5971   -0.04376     -2.089    29.7505    21.8016 -9.990e-29
 278.566343     -2.069  37.594031    15.5819   -0.04376     -2.052    29.7512    21.8055 -9.990e-29
 278.566348     -2.035  37.580172    15.5671   -0.04380     -2.018    29.7502    21.8079 -9.990e-29
 278.566354     -2.008  37.575282    15.5643   -0.04383     -1.991    29.7480    21.8068 -9.990e-29
 278.566360     -1.985  37.578979    15.5731   -0.04378     -1.968    29.7446    21.8023 -9.990e-29
 278.566366     -1.965  37.587749    15.5816   -0.04377     -1.949    29.7459    21.8015 -9.990e-29
 278.566372     -1.948  37.588020    15.5827   -0.04377     -1.932    29.7453    21.8008 -9.990e-29
 278.566377     -1.931  37.574518    15.5784   -0.04382     -1.915    29.7366    21.7951 -9.990e-29
 278.566383     -1.913  37.562861    15.5735   -0.04385     -1.897    29.7301    21.7911 -9.990e-29
 278.566389     -1.894  37.559910    15.5679   -0.04380     -1.878    29.7317    21.7935 -9.990e-29
 278.566395     -1.872  37.557213    15.5549   -0.04378     -1.856    29.7391    21.8020 -9.990e-29
 278.566400     -1.847  37.553389    15.5334   -0.04378     -1.832    29.7519    21.8165 -9.990e-29
 278.566406     -1.820  37.555086    15.5195   -0.04381     -1.805    29.7639    21.8287 -9.990e-29
 278.566412     -1.794  37.565096    15.5244   -0.04380     -1.779    29.7690    21.8316 -9.990e-29
 278.566418     -1.767  37.583273    15.5342   -0.04379     -1.752    29.7776    21.8361 -9.990e-29
 278.566424     -1.743  37.596807    15.5295   -0.04381     -1.728    29.7931    21.8490 -9.990e-29
 278.566429     -1.724  37.594556    15.5106   -0.04382     -1.710    29.8054    21.8625 -9.990e-29
 278.566435     -1.708  37.589758    15.5004   -0.04379     -1.694    29.8088    21.8673 -9.990e-29
 278.566441     -1.695  37.592249    15.5112   -0.04378     -1.681    29.8029    21.8604 -9.990e-29
 278.566447     -1.684  37.597465    15.5253   -0.04378     -1.670    29.7968    21.8527 -9.990e-29
 278.566453     -1.673  37.597187    15.5265   -0.04379     -1.659    29.7957    21.8516 -9.990e-29
 278.566458     -1.664  37.590457    15.5210   -0.04381     -1.650    29.7939    21.8514 -9.990e-29
 278.566464     -1.654  37.585662    15.5207   -0.04382     -1.640    29.7899    21.8484 -9.990e-29
 278.566470     -1.644  37.583669    15.5218   -0.04384     -1.630    29.7873    21.8462 -9.990e-29
 278.566476     -1.632  37.580670    15.5180   -0.04384     -1.618    29.7875    21.8472 -9.990e-29
 278.566481     -1.617  37.578243    15.5167   -0.04379     -1.604    29.7863    21.8466 -9.990e-29
 278.566487     -1.600  37.578734    15.5234   -0.04378     -1.587    29.7817    21.8416 -9.990e-29
 278.566493     -1.579  37.581085    15.5314   -0.04377     -1.566    29.7777    21.8368 -9.990e-29
 278.566499     -1.552  37.580549    15.5329   -0.04380     -1.539    29.7761    21.8352 -9.990e-29
 278.566505     -1.522  37.575822    15.5269   -0.04384     -1.509    29.7765    21.8368 -9.990e-29
 278.566510     -1.496  37.571793    15.5162   -0.04382     -1.484    29.7810    21.8426 -9.990e-29
 278.566516     -1.477  37.570350    15.5035   -0.04379     -1.465    29.7893    21.8517 -9.990e-29
 278.566522     -1.462  37.570662    15.4937   -0.04378     -1.450    29.7970    21.8597 -9.990e-29
 278.566528     -1.452  37.572551    15.4968   -0.04378     -1.440    29.7963    21.8585 -9.990e-29
 278.566534     -1.441  37.577944    15.5131   -0.04378     -1.429    29.7887    21.8492 -9.990e-29
 278.566539     -1.419  37.590635    15.5284   16.65164     -1.407    29.7884    21.8456 -9.990e-29
 278.566545     -1.387  37.602844    15.5298   28.08993     -1.375    29.7980    21.8527 -9.990e-29
 278.566551     -1.349  37.603346    15.5155   29.73094     -1.338    29.8093    21.8644 -9.990e-29
 278.566557     -1.313  37.598954    15.5007   26.07963     -1.302    29.8166    21.8732 -9.990e-29
 278.566562     -1.284  37.598924    15.5037   16.98020     -1.273    29.8143    21.8708 -9.990e-29
 278.566568     -1.266  37.602621    15.5195   13.52648     -1.255    29.8056    21.8607 -9.990e-29
 278.566574     -1.256  37.607089    15.5328   13.53011     -1.246    29.7995    21.8532 -9.990e-29
 278.566580     -1.250  37.609285    15.5390   13.49214     -1.240    29.7967    21.8497 -9.990e-29
 278.566586     -1.239  37.610433    15.5409   13.47738     -1.229    29.7963    21.8490 -9.990e-29
 278.566591     -1.218  37.619888    15.5445   13.47176     -1.208    29.8019    21.8525 -9.990e-29
 278.566597     -1.190  37.659201    15.5534   10.04874     -1.180    29.8298    21.8720 -9.990e-29
 278.566603     -1.162  37.721312    15.5627    6.70461     -1.152    29.8774    21.9066 -9.990e-29
 278.566609     -1.136  37.763386    15.5683    4.96724     -1.127    29.9102    21.9306 -9.990e-29
 278.566615     -1.110  37.778124    15.5711    4.59542     -1.101    29.9210    21.9383 -9.990e-29
 278.566620     -1.088  37.784029    15.5719    5.88920     -1.079    29.9256    21.9417 -9.990e-29
 278.566626     -1.076  37.786703    15.5718    6.71626     -1.067    29.9281    21.9436 -9.990e-29
 278.566632     -1.074  37.787999    15.5725    7.00109     -1.065    29.9287    21.9439 -9.990e-29
 278.566638     -1.073  37.789613    15.5746    7.18849     -1.064    29.9285    21.9433 -9.990e-29
 278.566644     -1.064  37.791427    15.5761    7.28644     -1.055    29.9290    21.9433 -9.990e-29
 278.566649     -1.043  37.792466    15.5765    7.34807     -1.034    29.9296    21.9437 -9.990e-29
 278.566655     -1.012  37.792967    15.5771    7.38457     -1.004    29.9295    21.9436 -9.990e-29
 278.566661     -0.978  37.793569    15.5773    7.41101     -0.970    29.9299    21.9438 -9.990e-29
 278.566667     -0.947  37.793923    15.5768    7.42602     -0.939    29.9306    21.9444 -9.990e-29
 278.566672     -0.922  37.793350    15.5765    7.42306     -0.914    29.9303    21.9443 -9.990e-29
 278.566678     -0.901  37.792737    15.5767    7.42620     -0.893    29.9296    21.9437 -9.990e-29
 278.566684     -0.882  37.792923    15.5771    7.42661     -0.875    29.9294    21.9435 -9.990e-29
 278.566690     -0.866  37.793563    15.5769    7.42103     -0.859    29.9302    21.9441 -9.990e-29
 278.566696     -0.850  37.793801    15.5762    7.41969     -0.843    29.9309    21.9448 -9.990e-29
 278.566701     -0.833  37.793364    15.5759    7.41187     -0.826    29.9307    21.9447 -9.990e-29
 278.566707     -0.815  37.793324    15.5761    7.40315     -0.808    29.9305    21.9446 -9.990e-29
 278.566713     -0.795  37.794158    15.5763    7.40298     -0.788    29.9311    21.9450 -9.990e-29
 278.566719     -0.774  37.795268    15.5765    7.39012     -0.768    29.9319    21.9455 -9.990e-29
 278.566725     -0.762  37.795860    15.5772    7.38099     -0.756    29.9319    21.9454 -9.990e-29
 278.566730     -0.756  37.796693    15.5788    7.37985     -0.750    29.9314    21.9447 -9.990e-29
 278.566736     -0.748  37.798850    15.5804    7.37420     -0.742    29.9321    21.9448 -9.990e-29
 278.566742     -0.733  37.800130    15.5811    7.37539     -0.727    29.9327    21.9451 -9.990e-29
 278.566748     -0.710  37.799407    15.5809    7.36875     -0.704    29.9322    21.9448 -9.990e-29
 278.566753     -0.682  37.798493    15.5802    7.36686     -0.676    29.9319    21.9447 -9.990e-29
 278.566759     -0.656  37.797825    15.5797    7.35096     -0.651    29.9317    21.9447 -9.990e-29
 278.566765     -0.634  37.797601    15.5798    7.34621     -0.629    29.9314    21.9444 -9.990e-29
 278.566771     -0.615  37.798055    15.5801    7.33598     -0.610    29.9316    21.9445 -9.990e-29
 278.566777     -0.598  37.798643    15.5805    7.32661     -0.593    29.9318    21.9446 -9.990e-29
 278.566782     -0.581  37.799558    15.5810    7.32441     -0.576    29.9322    21.9448 -9.990e-29
 278.566788     -0.564  37.800870    15.5809    7.31387     -0.559    29.9335    21.9458 -9.990e-29
 278.566794     -0.546  37.801495    15.5802    7.31053     -0.541    29.9345    21.9467 -9.990e-29
 278.566800     -0.525  37.800747    15.5792    7.31556     -0.521    29.9346    21.9470 -9.990e-29
 278.566806     -0.504  37.799297    15.5783    7.30604     -0.500    29.9340    21.9468 -9.990e-29
 278.566811     -0.490  37.798199    15.5785    7.30786     -0.486    29.9329    21.9459 -9.990e-29
 278.566817     -0.488  37.798237    15.5801    7.29517     -0.484    29.9317    21.9446 -9.990e-29
 278.566823     -0.492  37.799653    15.5817    7.29322     -0.488    29.9317    21.9443 -9.990e-29
 278.566829     -0.494  37.801543    15.5822    7.28952     -0.490    29.9330    21.9452 -9.990e-29
 278.566834     -0.491  37.801948    15.5812    7.29491     -0.487    29.9341    21.9462 -9.990e-29
 278.566840     -0.481  37.800298    15.5794    7.29192     -0.477    29.9341    21.9466 -9.990e-29
 278.566846     -0.464  37.798327    15.5778    7.28594     -0.460    29.9335    21.9465 -9.990e-29
 278.566852     -0.444  37.797344    15.5771    7.28672     -0.440    29.9332    21.9464 -9.990e-29
 278.566858     -0.424  37.797170    15.5775    7.27374     -0.420    29.9327    21.9459 -9.990e-29
 278.566863     -0.401  37.797580    15.5788    7.26696     -0.398    29.9321    21.9452 -9.990e-29
 278.566869     -0.379  37.798569    15.5804    7.26157     -0.376    29.9317    21.9446 -9.990e-29
 278.566875     -0.362  37.799783    15.5815    7.26010     -0.359    29.9320    21.9445 -9.990e-29
 278.566881     -0.347  37.800607    15.5820    7.26107     -0.344    29.9323    21.9447 -9.990e-29
 278.566887     -0.334  37.801027    15.5827    7.26003     -0.331    29.9321    21.9444 -9.990e-29
 278.566892     -0.322  37.801614    15.5837    7.25479     -0.319    29.9319    21.9440 -9.990e-29
 278.566898     -0.310  37.802599    15.5846    7.24286     -0.307    29.9321    21.9439 -9.990e-29
 278.566904     -0.298  37.803622    15.5848    7.24254     -0.296    29.9328    21.9444 -9.990e-29
 278.566910     -0.284  37.803812    15.5838    7.24094     -0.282    29.9337    21.9454 -9.990e-29
 278.566916     -0.268  37.802873    15.5820    7.23175     -0.266    29.9343    21.9462 -9.990e-29
 278.566921     -0.253  37.801244    15.5812    7.23161     -0.251    29.9334    21.9457 -9.990e-29
 278.566927     -0.248  37.800127    15.5826    7.22169     -0.246    29.9314    21.9438 -9.990e-29
 278.566933     -0.250  37.801406    15.5853    7.21897     -0.248    29.9305    21.9425 -9.990e-29
 278.566939     -0.252  37.804552    15.5867    7.22847     -0.250    29.9322    21.9435 -9.990e-29
 278.566944     -0.251  37.805918    15.5851    7.23256     -0.249    29.9346    21.9457 -9.990e-29
 278.566950     -0.245  37.803410    15.5819    7.22734     -0.243    29.9348    21.9466 -9.990e-29
 278.566956     -0.234  37.799863    15.5812    7.22508     -0.232    29.9322    21.9448 -9.990e-29
 278.566962     -0.217  37.800093    15.5844    7.21319     -0.215    29.9300    21.9424 -9.990e-29
 278.566968     -0.199  37.804414    15.5884    7.21139     -0.197    29.9308    21.9421 -9.990e-29
 278.566973     -0.182  37.807942    15.5897    7.20830     -0.180    29.9329    21.9434 -9.990e-29
 278.566979     -0.165  37.808098    15.5886    7.20412     -0.164    29.9338    21.9444 -9.990e-29
 278.566985     -0.151  37.806785    15.5869    7.19258     -0.150    29.9340    21.9449 -9.990e-29
 278.566991     -0.143  37.805626    15.5857    7.19458     -0.142    29.9339    21.9450 -9.990e-29
 278.566997     -0.137  37.804767    15.5850    7.19254     -0.136    29.9336    21.9450 -9.990e-29
