data/oxygen options/ONMS/Olympic_Coast_National_Marine_Sanctuary_Hypoxia_Survey_CTD_Data_2004_2015/raw_data/2004/CTD_CA40_072704faed.cnv
* Sea-Bird SBE19 Data File:
* FileName = C:\WINDOWS\Desktop\put hypoxia files here\CTD files\July 26_27-04\CA\CA4_072704.hex
* Software Version 1.1.4
* Temperature SN = 2997
* Conductivity SN = 2997
* System UpLoad Time = Jul 27 2004 15:50:10
* SEACAT PROFILER V3.1c SN 2997   07/27/04  15:49:40.657
* strain gauge pressure sensor: S/N = 184829,  range = 3000 psia,  tc = 40
# nquan = 9                                 
# nvalues = 610                         
# units = specified
# name 0 = timeJ: Julian Days
# name 1 = prSM: Pressure, Strain Gauge [db]
# name 2 = c0mS/cm: Conductivity [mS/cm]
# name 3 = t090C: Temperature [ITS-90, deg C]
# name 4 = oxML/L: Oxygen, Beckman/YSI [ml/l]
# name 5 = depSM: Depth [salt water, m], lat = 47.5
# name 6 = sal00: Salinity, Practical [PSU]
# name 7 = sigma-é00: Density [sigma-theta, kg/m^3]
# name 8 = flag: flag
# span 0 = 209.610938, 209.614462       
# span 1 =     -5.680,     41.573       
# span 2 =   0.740950,  38.564064       
# span 3 =     7.5205,    12.8411       
# span 4 =   -0.05934,   35.50538       
# span 5 =     -5.633,     41.222       
# span 6 =     0.5074,    33.5058       
# span 7 =     0.0378,    26.1692       
# span 8 = 0.0000e+00, 0.0000e+00       
# interval = seconds: 0.5
# start_time = Jul 27 2004 14:39:45 [Instrument's time stamp, header]
# bad_flag = -9.990e-29
*END*
[from data line 321]
 209.612795      0.295  37.365620    11.4649    8.25619      0.293    32.9125    25.0668 -9.990e-29
 209.612801      0.302  37.360818    11.4882    8.21182      0.299    32.8870    25.0428 -9.990e-29
 209.612807      0.313  37.383562    11.5122    8.19551      0.310    32.8880    25.0392 -9.990e-29
 209.612812      0.326  37.404162    11.5141    8.21714      0.323    32.9064    25.0532 -9.990e-29
 209.612818      0.336  37.406902    11.4930    8.22977      0.333    32.9279    25.0737 -9.990e-29
 209.612824      0.346  37.388713    11.4768    8.22965      0.343    32.9245    25.0740 -9.990e-29
 209.612830      0.351  37.373586    11.4875    8.21855      0.348    32.9001    25.0531 -9.990e-29
 209.612836      0.351  37.385661    11.5047    8.21864      0.348    32.8967    25.0473 -9.990e-29
 209.612841      0.355  37.407940    11.4905    8.23903      0.352    32.9311    25.0767 -9.990e-29
 209.612847      0.364  37.397779    11.4586    8.24096      0.361    32.9496    25.0968 -9.990e-29
 209.612853      0.368  37.362392    11.4542    8.23082      0.365    32.9188    25.0737 -9.990e-29
 209.612859      0.369  37.355001    11.4775    8.23755      0.366    32.8908    25.0477 -9.990e-29
 209.612865      0.371  37.374719    11.4940    8.25546      0.368    32.8955    25.0483 -9.990e-29
 209.612870      0.370  37.384456    11.4900    8.25471      0.367    32.9086    25.0592 -9.990e-29
 209.612876      0.365  37.381499    11.4929    8.23541      0.362    32.9031    25.0544 -9.990e-29
 209.612882      0.364  37.389960    11.5179    8.22581      0.361    32.8891    25.0390 -9.990e-29
 209.612888      0.373  37.416071    11.5225    8.22705      0.370    32.9106    25.0549 -9.990e-29
 209.612894      0.388  37.414996    11.4799    8.21762      0.385    32.9475    25.0913 -9.990e-29
 209.612899      0.400  37.368486    11.4303    8.17521      0.397    32.9461    25.0992 -9.990e-29
 209.612905      0.406  37.326719    11.4174    8.13597      0.403    32.9166    25.0786 -9.990e-29
 209.612911      0.407  37.323744    11.4301    8.10499      0.404    32.9023    25.0653 -9.990e-29
 209.612917      0.403  37.340442    11.4252    8.11074      0.400    32.9231    25.0823 -9.990e-29
 209.612922      0.393  37.336816    11.3900    8.10345      0.390    32.9509    25.1103 -9.990e-29
 209.612928      0.381  37.304675    11.3530    8.09008      0.378    32.9524    25.1181 -9.990e-29
 209.612934      0.371  37.272405    11.3416    8.06632      0.368    32.9308    25.1034 -9.990e-29
 209.612940      0.361  37.264284    11.3614    8.05373      0.358    32.9052    25.0799 -9.990e-29
 209.612946      0.356  37.284624    11.3998    8.08789      0.353    32.8909    25.0619 -9.990e-29
 209.612951      0.360  37.321279    11.4263    8.10014      0.357    32.9033    25.0667 -9.990e-29
 209.612957      0.369  37.344042    11.4200    8.11712      0.366    32.9313    25.0896 -9.990e-29
 209.612963      0.374  37.332793    11.4011    8.11375      0.371    32.9371    25.0975 -9.990e-29
 209.612969      0.375  37.311247    11.4002    8.09075      0.372    32.9167    25.0819 -9.990e-29
 209.612975      0.383  37.309571    11.4203    8.09179      0.380    32.8972    25.0630 -9.990e-29
 209.612980      0.396  37.328333    11.4445    8.07668      0.393    32.8940    25.0562 -9.990e-29
 209.612986      0.407  37.350484    11.4583    8.07395      0.404    32.9035    25.0610 -9.990e-29
 209.612992      0.417  37.365741    11.4506    8.10527      0.414    32.9253    25.0794 -9.990e-29
 209.612998      0.432  37.363603    11.4173    8.15353      0.428    32.9529    25.1069 -9.990e-29
 209.613003      0.446  37.332813    11.3866    8.14167      0.442    32.9500    25.1102 -9.990e-29
 209.613009      0.458  37.300190    11.3980    8.12769      0.454    32.9078    25.0753 -9.990e-29
 209.613015      0.468  37.303566    11.4657    8.14498      0.464    32.8508    25.0188 -9.990e-29
 209.613021      0.477  37.359214    11.5493    8.18964      0.473    32.8311    24.9882 -9.990e-29
 209.613027      0.485  37.440369    11.5846    8.24661      0.481    32.8791    25.0191 -9.990e-29
 209.613032      0.492  37.478562    11.5779    8.29749      0.488    32.9224    25.0540 -9.990e-29
 209.613038      0.500  37.465284    11.5765    8.29835      0.496    32.9107    25.0451 -9.990e-29
 209.613044      0.508  37.462492    11.5944    8.33181      0.504    32.8921    25.0273 -9.990e-29
 209.613050      0.512  37.498829    11.6377    8.36386      0.508    32.8891    25.0171 -9.990e-29
 209.613056      0.510  37.552107    11.6962    8.29791      0.506    32.8892    25.0065 -9.990e-29
 209.613061      0.504  37.589375    11.7293    8.22490      0.500    32.8962    25.0058 -9.990e-29
 209.613067      0.500  37.592356    11.7325    8.14469      0.496    32.8963    25.0052 -9.990e-29
 209.613073      0.496  37.579924    11.7322    8.25341      0.492    32.8844    24.9961 -9.990e-29
 209.613079      0.492  37.577531    11.7422    8.44229      0.488    32.8732    24.9856 -9.990e-29
 209.613084      0.488  37.588669    11.7617    8.62833      0.484    32.8668    24.9770 -9.990e-29
 209.613090      0.484  37.604579    11.7736    8.86337      0.480    32.8718    24.9786 -9.990e-29
 209.613096      0.480  37.614453    11.7978    9.11465      0.476    32.8600    24.9650 -9.990e-29
 209.613102      0.475  37.635899    11.9349    9.14837      0.471    32.7599    24.8618 -9.990e-29
 209.613108      0.469  37.747951    12.2556    9.07421      0.465    32.5874    24.6678 -9.990e-29
 209.613113      0.466  38.023102    12.6459    9.06462      0.462    32.5122    24.5351 -9.990e-29
 209.613119      0.470  38.368732    12.8411    9.06411      0.466    32.6720    24.6210 -9.990e-29
 209.613125      0.477  38.564064    12.6733    9.04656      0.473    33.0038    24.9107 -9.990e-29
 209.613131      0.482  38.433654    12.3110    8.94673      0.478    33.1982    25.1310 -9.990e-29
 209.613137      0.488  38.087503    12.0465    8.75107      0.484    33.0986    25.1039 -9.990e-29
 209.613142      0.493  37.858953    11.9144    8.58904      0.489    32.9943    25.0476 -9.990e-29
 209.613148      0.498  37.778062    11.8100    8.49000      0.494    33.0083    25.0779 -9.990e-29
 209.613154      0.504  37.682464    11.7213    8.43400      0.500    32.9940    25.0832 -9.990e-29
 209.613160      0.511  37.591613    11.6739    8.42256      0.507    32.9475    25.0559 -9.990e-29
 209.613166      0.519  37.548675    11.6677    8.48142      0.515    32.9111    25.0287 -9.990e-29
 209.613171      0.528  37.545698    11.6868    8.54308      0.524    32.8913    25.0098 -9.990e-29
 209.613177      0.540  37.570243    11.7258    8.59293      0.535    32.8806    24.9943 -9.990e-29
 209.613183      0.555  37.602822    11.8044    8.66198      0.550    32.8428    24.9504 -9.990e-29
 209.613189      0.570  37.652050    11.9374    8.71690      0.565    32.7733    24.8718 -9.990e-29
 209.613194      0.582  37.753787    12.0743    8.73153      0.577    32.7514    24.8292 -9.990e-29
 209.613200      0.595  37.872548    12.1305    8.76711      0.590    32.8167    24.8693 -9.990e-29
 209.613206      0.614  37.923755    12.0870    8.77857      0.609    32.9044    24.9456 -9.990e-29
 209.613212      0.642  37.898255    11.9706    8.71168      0.637    32.9826    25.0280 -9.990e-29
 209.613218      0.679  37.805767    11.8370    8.59499      0.673    33.0112    25.0752 -9.990e-29
 209.613223      0.728  37.679429    11.7551    8.47364      0.722    32.9609    25.0513 -9.990e-29
 209.613229      0.792  37.603157    11.7103    8.38544      0.785    32.9264    25.0327 -9.990e-29
 209.613235      0.875  37.571665    11.6318    8.32436      0.868    32.9653    25.0774 -9.990e-29
 209.613241      0.978  37.505883    11.5111    8.30893      0.970    33.0085    25.1330 -9.990e-29
 209.613247      1.099  37.400513    11.4080    8.29944      1.090    32.9971    25.1430 -9.990e-29
 209.613252      1.241  37.318065    11.3535    8.24204      1.231    32.9647    25.1277 0.0000e+00
 209.613258      1.410  37.280356    11.3305    8.19394      1.398    32.9481    25.1189 0.0000e+00
 209.613264      1.608  37.265087    11.3221    8.13625      1.595    32.9405    25.1145 0.0000e+00
 209.613270      1.833  37.259697    11.3176    8.02632      1.818    32.9391    25.1143 0.0000e+00
 209.613275      2.080  37.256949    11.3010    7.91791      2.063    32.9512    25.1266 0.0000e+00
 209.613281      2.346  37.244154    11.2509    7.82190      2.326    32.9833    25.1606 0.0000e+00
 209.613287      2.640  37.205327    11.1371    7.69866      2.618    33.0469    25.2305 0.0000e+00
 209.613293      2.963  37.113894    10.9444    7.54168      2.938    33.1298    25.3293 0.0000e+00
 209.613299      3.315  36.953904    10.7353    7.36521      3.287    33.1596    25.3893 0.0000e+00
 209.613304      3.696  36.781209    10.6042    7.19109      3.665    33.1058    25.3702 0.0000e+00
 209.613310      4.102  36.681806    10.5462    7.03583      4.068    33.0586    25.3435 0.0000e+00
 209.613316      4.527  36.644215    10.4939    6.92050      4.489    33.0682    25.3600 0.0000e+00
 209.613322      4.972  36.601980    10.4345    6.79773      4.930    33.0796    25.3791 0.0000e+00
 209.613328      5.437  36.552020    10.3836    6.74125      5.392    33.0754    25.3846 0.0000e+00
 209.613333      5.917  36.512919    10.3381    6.75961      5.868    33.0773    25.3938 0.0000e+00
 209.613339      6.411  36.477348    10.2899    6.78534      6.357    33.0851    25.4082 0.0000e+00
 209.613345      6.918  36.437083    10.2429    6.77027      6.860    33.0871    25.4177 0.0000e+00
 209.613351      7.422  36.397274    10.2181    6.74827      7.360    33.0693    25.4080 0.0000e+00
 209.613356      7.913  36.376010    10.2314    6.68446      7.847    33.0355    25.3794 0.0000e+00
 209.613362      8.391  36.387506    10.2641    6.57754      8.321    33.0171    25.3595 0.0000e+00
 209.613368      8.857  36.416748    10.2747    6.48039      8.783    33.0367    25.3731 0.0000e+00
 209.613374      9.311  36.428088    10.2194    6.39755      9.233    33.0984    25.4306 0.0000e+00
 209.613380      9.764  36.393985    10.0468    6.30766      9.682    33.2218    25.5560 0.0000e+00
 209.613385     10.232  36.271168     9.7558    6.19870     10.146    33.3651    25.7163 0.0000e+00
 209.613391     10.720  36.039968     9.4499    6.05259     10.630    33.4121    25.8031 0.0000e+00
 209.613397     11.224  35.788548     9.2252    5.88293     11.130    33.3619    25.8000 0.0000e+00
 209.613403     11.738  35.610029     9.0711    5.69164     11.640    33.3205    25.7921 0.0000e+00
 209.613409     12.251  35.490031     8.9403    5.54756     12.148    33.3179    25.8106 0.0000e+00
 209.613414     12.757  35.381190     8.8194    5.41843     12.650    33.3174    25.8291 0.0000e+00
 209.613420     13.260  35.280186     8.6923    5.32426     13.149    33.3310    25.8594 0.0000e+00
 209.613426     13.759  35.178449     8.5399    5.23755     13.644    33.3676    25.9114 0.0000e+00
 209.613432     14.254  35.057459     8.3848    5.17199     14.135    33.3865    25.9498 0.0000e+00
 209.613438     14.746  34.942549     8.2508    5.07611     14.622    33.3918    25.9740 0.0000e+00
 209.613443     15.236  34.850889     8.1489    5.00804     15.108    33.3911    25.9886 0.0000e+00
 209.613449     15.715  34.783546     8.0964    4.94930     15.583    33.3691    25.9792 0.0000e+00
 209.613455     16.178  34.751026     8.0722    4.91266     16.042    33.3573    25.9735 0.0000e+00
 209.613461     16.626  34.736817     8.0286    4.88610     16.487    33.3835    26.0004 0.0000e+00
 209.613466     17.072  34.709587     7.9645    4.86710     16.929    33.4154    26.0349 0.0000e+00
 209.613472     17.522  34.669430     7.9085    4.84897     17.375    33.4258    26.0512 0.0000e+00
 209.613478     17.979  34.635637     7.8626    4.83223     17.828    33.4333    26.0638 0.0000e+00
 209.613484     18.443  34.605705     7.8165    4.80992     18.288    33.4452    26.0798 0.0000e+00
 209.613490     18.904  34.571068     7.7735    4.80479     18.745    33.4490    26.0891 0.0000e+00
 209.613495     19.353  34.538752     7.7420    4.78575     19.191    33.4443    26.0899 0.0000e+00
 209.613501     19.788  34.516075     7.7231    4.78868     19.622    33.4379    26.0876 0.0000e+00
 209.613507     20.212  34.501904     7.7112    4.76732     20.042    33.4338    26.0861 0.0000e+00
 209.613513     20.625  34.491870     7.6991    4.76816     20.452    33.4345    26.0883 0.0000e+00
 209.613519     21.033  34.481518     7.6837    4.76299     20.856    33.4379    26.0933 0.0000e+00
 209.613524     21.445  34.468770     7.6667    4.77663     21.265    33.4403    26.0976 0.0000e+00
 209.613530     21.865  34.455086     7.6505    4.78277     21.681    33.4410    26.1004 0.0000e+00
 209.613536     22.289  34.443477     7.6369    4.77705     22.102    33.4413    26.1027 0.0000e+00
 209.613542     22.716  34.435796     7.6268    4.76573     22.525    33.4426    26.1051 0.0000e+00
 209.613547     23.145  34.431282     7.6192    4.75586     22.951    33.4448    26.1079 0.0000e+00
 209.613553     23.580  34.428355     7.6118    4.73951     23.382    33.4486    26.1119 0.0000e+00
 209.613559     24.021  34.426430     7.6039    4.73303     23.819    33.4539    26.1172 0.0000e+00
 209.613565     24.466  34.425697     7.5969    4.72252     24.260    33.4596    26.1228 0.0000e+00
 209.613571     24.911  34.426252     7.5916    4.70457     24.702    33.4651    26.1278 0.0000e+00
 209.613576     25.348  34.427668     7.5873    4.70032     25.135    33.4706    26.1327 0.0000e+00
 209.613582     25.777  34.428982     7.5833    4.69115     25.560    33.4756    26.1373 0.0000e+00
 209.613588     26.201  34.429655     7.5799    4.69442     25.981    33.4794    26.1408 0.0000e+00
 209.613594     26.632  34.430540     7.5778    4.68033     26.408    33.4822    26.1433 0.0000e+00
 209.613600     27.075  34.432209     7.5770    4.67553     26.847    33.4846    26.1452 0.0000e+00
 209.613605     27.529  34.433476     7.5770    3.77213     27.297    33.4857    26.1461 0.0000e+00
 209.613611     27.987  34.433183     7.5770    1.86097     27.752    33.4852    26.1457 0.0000e+00
 209.613617     28.450  34.432573     7.5768    1.62936     28.211    33.4845    26.1452 0.0000e+00
 209.613623     28.916  34.433033     7.5766    1.82809     28.673    33.4850    26.1456 0.0000e+00
 209.613628     29.381  34.434007     7.5769    2.57724     29.134    33.4855    26.1460 0.0000e+00
 209.613634     29.844  34.435065     7.5772    3.29108     29.593    33.4861    26.1465 0.0000e+00
 209.613640     30.305  34.435891     7.5770    3.21385     30.050    33.4870    26.1472 0.0000e+00
 209.613646     30.764  34.436419     7.5758    3.21919     30.505    33.4885    26.1486 0.0000e+00
 209.613652     31.228  34.436746     7.5736    3.21076     30.965    33.4908    26.1506 0.0000e+00
 209.613657     31.704  34.436702     7.5713    3.21036     31.437    33.4927    26.1525 0.0000e+00
 209.613663     32.194  34.436741     7.5695    3.19845     31.923    33.4942    26.1540 0.0000e+00
 209.613669     32.690  34.436870     7.5681    3.19018     32.415    33.4955    26.1552 0.0000e+00
 209.613675     33.180  34.436654     7.5672    3.31365     32.900    33.4959    26.1556 0.0000e+00
 209.613681     33.654  34.436317     7.5675    2.23578     33.370    33.4950    26.1549 0.0000e+00
 209.613686     34.101  34.436484     7.5683    1.87977     33.814    33.4942    26.1541 0.0000e+00
 209.613692     34.527  34.436770     7.5675    2.22105     34.236    33.4951    26.1550 0.0000e+00
 209.613698     34.939  34.435828     7.5653    3.07466     34.644    33.4960    26.1560 0.0000e+00
 209.613704     35.343  34.434040     7.5632    3.82059     35.045    33.4959    26.1562 0.0000e+00
 209.613709     35.738  34.432902     7.5617    3.78789     35.437    33.4959    26.1565 0.0000e+00
