data/oxygen options/ONMS/Olympic_Coast_National_Marine_Sanctuary_Hypoxia_Survey_CTD_Data_2004_2015/raw_data/2004/CTD_CE50_072604faed.cnv
* Sea-Bird SBE19 Data File:
* FileName = C:\WINDOWS\Desktop\put hypoxia files here\CTD files\july 24_25-04\CE\CE5_072404.hex
* Software Version 1.1.4
* Temperature SN = 2997
* Conductivity SN = 2997
* System UpLoad Time = Jul 26 2004 14:32:34
* SEACAT PROFILER V3.1c SN 2997   07/26/04  14:32:44.340
* strain gauge pressure sensor: S/N = 184829,  range = 3000 psia,  tc = 40
# nquan = 9                                 
# nvalues = 594                         
# units = specified
# name 0 = timeJ: Julian Days
# name 1 = prSM: Pressure, Strain Gauge [db]
# name 2 = c0mS/cm: Conductivity [mS/cm]
# name 3 = t090C: Temperature [ITS-90, deg C]
# name 4 = oxML/L: Oxygen, Beckman/YSI [ml/l]
# name 5 = depSM: Depth [salt water, m], lat = 47.5
# name 6 = sal00: Salinity, Practical [PSU]
# name 7 = sigma-é00: Density [sigma-theta, kg/m^3]
# name 8 = flag: flag
# span 0 = 208.529595, 208.533027       
# span 1 =     -5.227,     44.811       
# span 2 =   0.501723,  40.329672       
# span 3 =     7.4170,    15.4751       
# span 4 =   -0.05260,   28.71888       
# span 5 =     -5.183,     44.432       
# span 6 =     0.3007,    33.6137       
# span 7 =    -0.7229,    26.2695       
# span 8 = 0.0000e+00, 0.0000e+00       
# interval = seconds: 0.5
# start_time = Jul 26 2004 12:42:37 [Instrument's time stamp, header]
# bad_flag = -9.990e-29
*END*
[from data line 161]
 208.530527     -0.720  40.290246    15.4293    6.66502     -0.714    32.2603    23.7675 -9.990e-29
 208.530532     -0.705  40.288931    15.4282    6.65915     -0.699    32.2600    23.7676 -9.990e-29
 208.530538     -0.693  40.287915    15.4278    6.66365     -0.687    32.2594    23.7672 -9.990e-29
 208.530544     -0.688  40.287533    15.4254    6.66550     -0.682    32.2610    23.7690 -9.990e-29
 208.530550     -0.685  40.285600    15.4198    6.66403     -0.679    32.2639    23.7724 -9.990e-29
 208.530556     -0.675  40.280667    15.4157    6.65971     -0.669    32.2629    23.7725 -9.990e-29
 208.530561     -0.658  40.276265    15.4174    6.65457     -0.653    32.2575    23.7680 -9.990e-29
 208.530567     -0.641  40.277193    15.4198    6.65491     -0.636    32.2564    23.7666 -9.990e-29
 208.530573     -0.628  40.279642    15.4142    6.65948     -0.623    32.2632    23.7731 -9.990e-29
 208.530579     -0.617  40.273979    15.4034    6.66218     -0.612    32.2670    23.7784 -9.990e-29
 208.530584     -0.607  40.262202    15.3990    6.66996     -0.602    32.2600    23.7740 -9.990e-29
 208.530590     -0.600  40.257791    15.4026    6.67089     -0.595    32.2531    23.7679 -9.990e-29
 208.530596     -0.592  40.262726    15.4077    6.67530     -0.587    32.2534    23.7670 -9.990e-29
 208.530602     -0.585  40.269004    15.4120    6.68406     -0.580    32.2554    23.7676 -9.990e-29
 208.530608     -0.578  40.273781    15.4151    6.68383     -0.573    32.2572    23.7683 -9.990e-29
 208.530613     -0.571  40.276700    15.4170    6.66751     -0.566    32.2582    23.7687 -9.990e-29
 208.530619     -0.562  40.278293    15.4180    6.65312     -0.557    32.2588    23.7689 -9.990e-29
 208.530625     -0.552  40.279570    15.4152    6.65233     -0.547    32.2622    23.7722 -9.990e-29
 208.530631     -0.543  40.277751    15.4073    6.66962     -0.538    32.2671    23.7776 -9.990e-29
 208.530637     -0.541  40.270420    15.3997    6.68501     -0.536    32.2668    23.7790 -9.990e-29
 208.530642     -0.539  40.262399    15.3979    6.68805     -0.535    32.2611    23.7751 -9.990e-29
 208.530648     -0.535  40.259832    15.4012    6.68288     -0.531    32.2561    23.7705 -9.990e-29
 208.530654     -0.527  40.262667    15.4056    6.68217     -0.523    32.2550    23.7687 -9.990e-29
 208.530660     -0.515  40.267397    15.4080    6.68053     -0.511    32.2573    23.7699 -9.990e-29
 208.530666     -0.499  40.270235    15.4076    6.68212     -0.495    32.2601    23.7722 -9.990e-29
 208.530671     -0.481  40.269924    15.4066    6.68062     -0.477    32.2607    23.7728 -9.990e-29
 208.530677     -0.465  40.268861    15.4074    6.66807     -0.461    32.2590    23.7714 -9.990e-29
 208.530683     -0.450  40.269563    15.4100    6.66958     -0.446    32.2575    23.7697 -9.990e-29
 208.530689     -0.440  40.271851    15.4120    6.68228     -0.436    32.2579    23.7695 -9.990e-29
 208.530694     -0.436  40.273170    15.4121    6.68051     -0.432    32.2590    23.7704 -9.990e-29
 208.530700     -0.441  40.272480    15.4114    6.67671     -0.437    32.2590    23.7705 -9.990e-29
 208.530706     -0.449  40.271675    15.4114    6.67059     -0.445    32.2583    23.7699 -9.990e-29
 208.530712     -0.452  40.271931    15.4122    6.66626     -0.448    32.2578    23.7694 -9.990e-29
 208.530718     -0.447  40.273038    15.4131    6.67536     -0.443    32.2581    23.7694 -9.990e-29
 208.530723     -0.437  40.274236    15.4137    6.68523     -0.433    32.2587    23.7697 -9.990e-29
 208.530729     -0.426  40.274883    15.4144    6.68735     -0.422    32.2587    23.7696 -9.990e-29
 208.530735     -0.413  40.275287    15.4155    6.68103     -0.410    32.2581    23.7689 -9.990e-29
 208.530741     -0.398  40.275994    15.4178    6.68116     -0.395    32.2569    23.7674 -9.990e-29
 208.530747     -0.379  40.277955    15.4213    6.67988     -0.376    32.2557    23.7658 -9.990e-29
 208.530752     -0.360  40.281546    15.4244    6.68281     -0.357    32.2564    23.7656 -9.990e-29
 208.530758     -0.344  40.284830    15.4261    6.67643     -0.341    32.2579    23.7664 -9.990e-29
 208.530764     -0.329  40.286020    15.4276    6.67252     -0.326    32.2577    23.7660 -9.990e-29
 208.530770     -0.315  40.286709    15.4289    6.67798     -0.312    32.2573    23.7654 -9.990e-29
 208.530775     -0.301  40.287822    15.4285    6.67495     -0.298    32.2586    23.7665 -9.990e-29
 208.530781     -0.285  40.287484    15.4263    6.68201     -0.283    32.2601    23.7681 -9.990e-29
 208.530787     -0.268  40.285252    15.4242    6.67469     -0.266    32.2598    23.7683 -9.990e-29
 208.530793     -0.251  40.283207    15.4235    6.67179     -0.249    32.2586    23.7675 -9.990e-29
 208.530799     -0.239  40.283119    15.4238    6.67889     -0.237    32.2582    23.7672 -9.990e-29
 208.530804     -0.227  40.283752    15.4243    6.68466     -0.225    32.2584    23.7672 -9.990e-29
 208.530810     -0.213  40.283716    15.4248    6.68113     -0.211    32.2579    23.7668 -9.990e-29
 208.530816     -0.200  40.284092    15.4258    6.67422     -0.198    32.2575    23.7662 -9.990e-29
 208.530822     -0.185  40.285388    15.4271    6.66766     -0.183    32.2575    23.7659 -9.990e-29
 208.530828     -0.165  40.286533    15.4278    6.67348     -0.164    32.2580    23.7661 -9.990e-29
 208.530833     -0.148  40.286815    15.4280    6.67272     -0.147    32.2581    23.7661 -9.990e-29
 208.530839     -0.138  40.286617    15.4282    6.67398     -0.137    32.2577    23.7658 -9.990e-29
 208.530845     -0.133  40.286805    15.4286    6.67270     -0.132    32.2576    23.7656 -9.990e-29
 208.530851     -0.130  40.287636    15.4292    6.67650     -0.129    32.2578    23.7657 -9.990e-29
 208.530856     -0.123  40.288543    15.4298    6.68087     -0.122    32.2581    23.7658 -9.990e-29
 208.530862     -0.117  40.289056    15.4302    6.67890     -0.116    32.2582    23.7658 -9.990e-29
 208.530868     -0.115  40.289305    15.4304    6.67292     -0.114    32.2583    23.7658 -9.990e-29
 208.530874     -0.118  40.289629    15.4304    6.67490     -0.117    32.2586    23.7660 -9.990e-29
 208.530880     -0.124  40.289906    15.4303    6.68035     -0.123    32.2589    23.7663 -9.990e-29
 208.530885     -0.132  40.289951    15.4307    6.67691     -0.131    32.2586    23.7660 -9.990e-29
 208.530891     -0.132  40.290394    15.4316    6.67726     -0.131    32.2583    23.7655 -9.990e-29
 208.530897     -0.124  40.291273    15.4326    6.67306     -0.123    32.2583    23.7653 -9.990e-29
 208.530903     -0.117  40.292083    15.4336    6.67191     -0.116    32.2582    23.7650 -9.990e-29
 208.530909     -0.110  40.292786    15.4346    6.67583     -0.109    32.2580    23.7646 -9.990e-29
 208.530914     -0.098  40.293207    15.4359    6.67584     -0.097    32.2573    23.7638 -9.990e-29
 208.530920     -0.085  40.293914    15.4374    6.67517     -0.084    32.2567    23.7630 -9.990e-29
 208.530926     -0.075  40.295297    15.4383    6.67938     -0.074    32.2572    23.7632 -9.990e-29
 208.530932     -0.066  40.296399    15.4389    6.68468     -0.065    32.2576    23.7634 -9.990e-29
 208.530937     -0.058  40.297014    15.4392    6.67443     -0.058    32.2579    23.7636 -9.990e-29
 208.530943     -0.051  40.297406    15.4391    6.67173     -0.051    32.2584    23.7640 -9.990e-29
 208.530949     -0.044  40.297546    15.4390    6.66823     -0.044    32.2586    23.7641 -9.990e-29
 208.530955     -0.037  40.297627    15.4378    6.67380     -0.037    32.2596    23.7652 -9.990e-29
 208.530961     -0.029  40.296641    15.4355    6.68579     -0.029    32.2606    23.7665 -9.990e-29
 208.530966     -0.020  40.294402    15.4350    6.68635     -0.020    32.2590    23.7654 -9.990e-29
 208.530972     -0.010  40.292982    15.4381    6.69015     -0.010    32.2552    23.7618 -9.990e-29
 208.530978      0.004  40.294984    15.4442    6.68223      0.004    32.2520    23.7579 -9.990e-29
 208.530984      0.016  40.300840    15.4499    6.66985      0.016    32.2526    23.7571 -9.990e-29
 208.530990      0.023  40.306579    15.4517    6.66611      0.023    32.2562    23.7595 -9.990e-29
 208.530995      0.031  40.308639    15.4505    6.66441      0.031    32.2590    23.7620 -9.990e-29
 208.531001      0.048  40.306971    15.4496    6.68403      0.048    32.2583    23.7616 -9.990e-29
 208.531007      0.076  40.304410    15.4499    6.68629      0.075    32.2557    23.7596 -9.990e-29
 208.531013      0.103  40.304279    15.4509    6.67936      0.102    32.2548    23.7586 -9.990e-29
 208.531019      0.123  40.306407    15.4526    6.66852      0.122    32.2553    23.7586 -9.990e-29
 208.531024      0.136  40.309148    15.4523    6.65467      0.135    32.2580    23.7608 -9.990e-29
 208.531030      0.144  40.309434    15.4462    6.65878      0.143    32.2632    23.7661 -9.990e-29
 208.531036      0.147  40.304291    15.4374    6.67988      0.146    32.2658    23.7701 -9.990e-29
 208.531042      0.145  40.296970    15.4326    6.69312      0.144    32.2632    23.7691 -9.990e-29
 208.531047      0.139  40.292866    15.4329    6.68542      0.138    32.2593    23.7661 -9.990e-29
 208.531053      0.127  40.293247    15.4362    6.67454      0.126    32.2570    23.7635 -9.990e-29
 208.531059      0.114  40.296382    15.4397    6.65815      0.113    32.2569    23.7627 -9.990e-29
 208.531065      0.106  40.299726    15.4417    6.66181      0.105    32.2583    23.7633 -9.990e-29
 208.531071      0.109  40.301575    15.4429    6.68028      0.108    32.2589    23.7636 -9.990e-29
 208.531076      0.121  40.302160    15.4443    6.68681      0.120    32.2583    23.7628 -9.990e-29
 208.531082      0.140  40.302829    15.4452    6.69399      0.139    32.2581    23.7625 -9.990e-29
 208.531088      0.158  40.303920    15.4458    6.68396      0.157    32.2586    23.7627 -9.990e-29
 208.531094      0.171  40.304652    15.4461    6.68116      0.170    32.2590    23.7629 -9.990e-29
 208.531100      0.182  40.304887    15.4452    6.68427      0.180    32.2600    23.7639 -9.990e-29
 208.531105      0.190  40.304384    15.4434    6.69385      0.188    32.2610    23.7650 -9.990e-29
 208.531111      0.196  40.303043    15.4435    6.69645      0.194    32.2597    23.7640 -9.990e-29
 208.531117      0.201  40.302448    15.4458    6.69087      0.199    32.2573    23.7617 -9.990e-29
 208.531123      0.205  40.304061    15.4482    6.67334      0.203    32.2568    23.7607 -9.990e-29
 208.531128      0.207  40.306671    15.4490    6.66184      0.205    32.2584    23.7618 -9.990e-29
 208.531134      0.209  40.307595    15.4473    6.66360      0.207    32.2606    23.7639 -9.990e-29
 208.531140      0.209  40.305830    15.4426    6.67360      0.207    32.2629    23.7667 -9.990e-29
 208.531146      0.209  40.301835    15.4370    6.69048      0.207    32.2640    23.7687 -9.990e-29
 208.531152      0.209  40.297025    15.4355    6.69181      0.207    32.2609    23.7667 -9.990e-29
 208.531157      0.207  40.295093    15.4389    6.68451      0.205    32.2564    23.7625 -9.990e-29
 208.531163      0.205  40.297958    15.4429    6.67684      0.203    32.2557    23.7610 -9.990e-29
 208.531169      0.206  40.302155    15.4444    6.67383      0.204    32.2582    23.7627 -9.990e-29
 208.531175      0.214  40.303750    15.4421    6.68821      0.212    32.2615    23.7657 -9.990e-29
 208.531181      0.227  40.301511    15.4361    6.69269      0.225    32.2644    23.7693 -9.990e-29
 208.531186      0.239  40.295828    15.4304    6.68588      0.237    32.2640    23.7702 -9.990e-29
 208.531192      0.253  40.290354    15.4291    6.67873      0.251    32.2602    23.7675 -9.990e-29
 208.531198      0.269  40.289581    15.4304    6.67757      0.267    32.2584    23.7659 -9.990e-29
 208.531204      0.288  40.291362    15.4301    6.69096      0.286    32.2602    23.7674 -9.990e-29
 208.531209      0.311  40.290784    15.4282    6.69703      0.308    32.2613    23.7686 -9.990e-29
 208.531215      0.336  40.288768    15.4276    6.69338      0.333    32.2600    23.7677 -9.990e-29
 208.531221      0.355  40.288247    15.4294    6.68839      0.352    32.2580    23.7658 -9.990e-29
 208.531227      0.365  40.289653    15.4327    6.68989      0.362    32.2565    23.7640 -9.990e-29
 208.531233      0.368  40.292627    15.4350    6.69276      0.365    32.2573    23.7641 -9.990e-29
 208.531238      0.362  40.294968    15.4346    6.68401      0.359    32.2597    23.7660 -9.990e-29
 208.531244      0.353  40.294195    15.4330    6.67982      0.350    32.2604    23.7668 -9.990e-29
 208.531250      0.344  40.292092    15.4328    6.68177      0.341    32.2586    23.7656 -9.990e-29
 208.531256      0.333  40.292034    15.4341    6.68414      0.330    32.2575    23.7644 -9.990e-29
 208.531262      0.326  40.293952    15.4345    6.67821      0.323    32.2589    23.7654 -9.990e-29
 208.531267      0.325  40.294801    15.4319    6.66991      0.322    32.2618    23.7682 -9.990e-29
 208.531273      0.331  40.292354    15.4272    6.67435      0.328    32.2635    23.7705 -9.990e-29
 208.531279      0.344  40.287846    15.4232    6.68692      0.341    32.2627    23.7708 -9.990e-29
 208.531285      0.360  40.284253    15.4213    6.70069      0.357    32.2611    23.7700 -9.990e-29
 208.531291      0.372  40.282401    15.4219    6.70231      0.369    32.2589    23.7682 -9.990e-29
 208.531296      0.377  40.282632    15.4259    6.69081      0.374    32.2559    23.7649 -9.990e-29
 208.531302      0.379  40.286384    15.4309    6.68192      0.376    32.2551    23.7633 -9.990e-29
 208.531308      0.382  40.291375    15.4326    6.67401      0.379    32.2582    23.7652 -9.990e-29
 208.531314      0.382  40.293044    15.4304    6.67782      0.379    32.2615    23.7682 -9.990e-29
 208.531319      0.380  40.291381    15.4266    6.68304      0.377    32.2631    23.7703 -9.990e-29
 208.531325      0.384  40.288105    15.4245    6.68872      0.381    32.2619    23.7699 -9.990e-29
 208.531331      0.394  40.285589    15.4266    6.70295      0.391    32.2579    23.7664 -9.990e-29
 208.531337      0.406  40.287219    15.4317    6.70299      0.403    32.2552    23.7631 -9.990e-29
 208.531343      0.422  40.291808    15.4372    6.69519      0.418    32.2548    23.7616 -9.990e-29
 208.531348      0.437  40.296505    15.4425    6.68430      0.433    32.2546    23.7603 -9.990e-29
 208.531354      0.449  40.300848    15.4480    6.68230      0.445    32.2540    23.7586 -9.990e-29
 208.531360      0.459  40.305588    15.4532    6.69176      0.455    32.2539    23.7575 -9.990e-29
 208.531366      0.466  40.310318    15.4567    6.69072      0.462    32.2553    23.7577 -9.990e-29
 208.531372      0.472  40.313501    15.4583    6.68203      0.468    32.2568    23.7586 -9.990e-29
 208.531377      0.476  40.314899    15.4587    6.67738      0.472    32.2577    23.7592 -9.990e-29
 208.531383      0.480  40.315262    15.4586    6.68110      0.476    32.2581    23.7595 -9.990e-29
 208.531389      0.483  40.315082    15.4590    6.69157      0.479    32.2576    23.7590 -9.990e-29
 208.531395      0.485  40.315249    15.4593    6.68744      0.481    32.2575    23.7589 -9.990e-29
 208.531400      0.487  40.315435    15.4590    6.68348      0.483    32.2579    23.7593 -9.990e-29
 208.531406      0.488  40.315334    15.4598    6.67969      0.484    32.2572    23.7585 -9.990e-29
 208.531412      0.490  40.316502    15.4597    6.67445      0.486    32.2583    23.7594 -9.990e-29
 208.531418      0.491  40.317137    15.4546    6.68525      0.487    32.2631    23.7642 -9.990e-29
 208.531424      0.492  40.313605    15.4453    6.67616      0.488    32.2675    23.7697 -9.990e-29
 208.531429      0.494  40.306253    15.4376    6.67973      0.490    32.2673    23.7712 -9.990e-29
 208.531435      0.495  40.299877    15.4352    6.68671      0.491    32.2636    23.7688 -9.990e-29
 208.531441      0.497  40.297205    15.4346    6.69405      0.493    32.2617    23.7675 -9.990e-29
