data/oxygen options/ONMS/Olympic_Coast_National_Marine_Sanctuary_Hypoxia_Survey_CTD_Data_2004_2015/raw_data/2004/CTD_CE30_090704faedb.cnv
* Sea-Bird SBE19 Data File:
* FileName = C:\WINDOWS\Desktop\put hypoxia files here\CTD data\September 07_0804\CE\Raw\CE30_090704.hex
* Software Version 1.1.4
* Temperature SN = 2997
* Conductivity SN = 2997
* System UpLoad Time = Sep 07 2004 16:08:36
* SEACAT PROFILER V3.1c SN 2997   09/07/04  16:11:06.263
* strain gauge pressure sensor: S/N = 184829,  range = 3000 psia,  tc = 40
# nquan = 9
# nvalues = 27                          
# units = specified
# name 0 = timeJ: Julian Days
# name 1 = prSM: Pressure, Strain Gauge [db]
# name 2 = c0mS/cm: Conductivity [mS/cm]
# name 3 = t090C: Temperature [ITS-90, deg C]
# name 4 = oxML/L: Oxygen, Beckman/YSI [ml/l]
# name 5 = depSM: Depth [salt water, m], lat = 47.5
# name 6 = sal00: Salinity, Practical [PSU]
# name 7 = sigma-é00: Density [sigma-theta, kg/m^3]
# name 8 = flag: flag
# span 0 = 251.643463, 251.643806       
# span 1 =      1.000,     27.000       
# span 2 =  34.740090,  40.123615       
# span 3 =     8.0192,    15.9273       
# span 4 =    2.61456,    6.57656       
# span 5 =      0.991,     26.773       
# span 6 =    31.7081,    33.4215       
# span 7 =    23.2333,    26.0260       
# span 8 = 0.0000e+00, 0.0000e+00       
# interval = decibars: 1                
# start_time = Sep 07 2004 15:22:48 [Instrument's time stamp, header]
# bad_flag = -9.990e-29
*END*
 251.643463      1.000  40.123615    15.9273    6.57656      0.991    31.7081    23.2333 0.0000e+00
 251.643487      2.000  39.983387    15.5637    6.51436      1.984    31.8766    23.4430 0.0000e+00
 251.643501      3.000  39.465537    14.8914    6.29614      2.975    31.9596    23.6522 0.0000e+00
 251.643515      4.000  39.129335    14.4269    5.68824      3.967    32.0368    23.8098 0.0000e+00
 251.643527      5.000  38.881057    13.7980    5.25564      4.958    32.3337    24.1687 0.0000e+00
 251.643539      6.000  38.398712    12.7937    4.96932      5.950    32.7392    24.6823 0.0000e+00
 251.643550      7.000  37.782327    12.0467    4.54978      6.942    32.8004    24.8726 0.0000e+00
 251.643562      8.000  37.420365    11.6378    4.09537      7.933    32.8093    24.9552 0.0000e+00
 251.643574      9.000  37.080875    10.9909    3.91705      8.925    33.0528    25.2610 0.0000e+00
 251.643585     10.000  36.384851     9.9470    3.81040      9.916    33.3041    25.6368 0.0000e+00
 251.643598     11.000  35.685989     9.2648    3.59701     10.908    33.2191    25.6821 0.0000e+00
 251.643610     12.000  35.393137     8.8918    3.48392     11.900    33.2624    25.7749 0.0000e+00
 251.643623     13.000  35.141794     8.5481    3.43325     12.891    33.3215    25.8742 0.0000e+00
 251.643634     14.000  35.030676     8.4396    3.27041     13.883    33.3064    25.8786 0.0000e+00
 251.643646     15.000  34.992699     8.3769    3.14083     14.874    33.3251    25.9028 0.0000e+00
 251.643658     16.000  34.955531     8.3214    3.02908     15.866    33.3379    25.9211 0.0000e+00
 251.643670     17.000  34.915358     8.2631    2.94043     16.857    33.3501    25.9395 0.0000e+00
 251.643683     18.000  34.870638     8.1724    2.86597     17.849    33.3885    25.9831 0.0000e+00
 251.643696     19.000  34.809168     8.0684    2.79571     18.840    33.4215    26.0245 0.0000e+00
 251.643709     20.000  34.774383     8.0339    2.72594     19.832    33.4170    26.0260 0.0000e+00
 251.643722     21.000  34.761360     8.0253    2.69625     20.824    33.4108    26.0224 0.0000e+00
 251.643734     22.000  34.754892     8.0229    2.68566     21.815    33.4056    26.0187 0.0000e+00
 251.643745     23.000  34.750126     8.0218    2.67567     22.807    33.4011    26.0154 0.0000e+00
 251.643758     24.000  34.746630     8.0217    2.63923     23.799    33.3970    26.0122 0.0000e+00
 251.643770     25.000  34.744146     8.0207    2.61456     24.790    33.3949    26.0107 0.0000e+00
 251.643785     26.000  34.741069     8.0192    2.62764     25.781    33.3926    26.0091 0.0000e+00
 251.643806     27.000  34.740090     8.0216    2.61572     26.773    33.3888    26.0058 0.0000e+00
