data/oxygen options/ONMS/Olympic_Coast_National_Marine_Sanctuary_Hypoxia_Survey_CTD_Data_2004_2015/raw_data/2004/CTD_CE10_090704faed.cnv
* Sea-Bird SBE19 Data File:
* FileName = C:\WINDOWS\Desktop\put hypoxia files here\CTD data\September 07_0804\CE\Raw\CE10_090704.hex
* Software Version 1.1.4
* Temperature SN = 2997
* Conductivity SN = 2997
* System UpLoad Time = Sep 07 2004 16:11:03
* SEACAT PROFILER V3.1c SN 2997   09/07/04  16:13:29.695
* strain gauge pressure sensor: S/N = 184829,  range = 3000 psia,  tc = 40
# nquan = 9                                 
# nvalues = 487                         
# units = specified
# name 0 = timeJ: Julian Days
# name 1 = prSM: Pressure, Strain Gauge [db]
# name 2 = c0mS/cm: Conductivity [mS/cm]
# name 3 = t090C: Temperature [ITS-90, deg C]
# name 4 = oxML/L: Oxygen, Beckman/YSI [ml/l]
# name 5 = depSM: Depth [salt water, m], lat = 47.5
# name 6 = sal00: Salinity, Practical [PSU]
# name 7 = sigma-é00: Density [sigma-theta, kg/m^3]
# name 8 = flag: flag
# span 0 = 251.654572, 251.657384       
# span 1 =     -5.427,      9.790       
# span 2 =   0.393713,  39.065250       
# span 3 =     9.6916,    15.7563       
# span 4 =   -0.05214,   30.60217       
# span 5 =     -5.382,      9.708       
# span 6 =     0.2324,    33.0329       
# span 7 =    -0.8350,    25.4589       
# span 8 = 0.0000e+00, 0.0000e+00       
# interval = seconds: 0.5
# start_time = Sep 07 2004 15:42:35 [Instrument's time stamp, header]
# bad_flag = -9.990e-29
*END*
[from data line 161]
 251.655503     -0.869  38.616450    13.7388    5.89086     -0.862    32.1402    24.0312 -9.990e-29
 251.655509     -0.857  38.625524    13.7441    5.89215     -0.850    32.1441    24.0332 -9.990e-29
 251.655515     -0.854  38.630990    13.7388    5.90131     -0.847    32.1536    24.0416 -9.990e-29
 251.655521     -0.856  38.626115    13.7312    5.90446     -0.849    32.1555    24.0446 -9.990e-29
 251.655527     -0.853  38.619546    13.7274    5.89160     -0.846    32.1526    24.0431 -9.990e-29
 251.655532     -0.841  38.616545    13.7274    5.87491     -0.834    32.1498    24.0410 -9.990e-29
 251.655538     -0.828  38.615354    13.7303    5.85421     -0.821    32.1463    24.0376 -9.990e-29
 251.655544     -0.821  38.617747    13.7285    5.84136     -0.814    32.1500    24.0409 -9.990e-29
 251.655550     -0.817  38.617939    13.7121    5.84497     -0.810    32.1639    24.0550 -9.990e-29
 251.655556     -0.810  38.603288    13.6906    5.84392     -0.803    32.1684    24.0628 -9.990e-29
 251.655561     -0.800  38.584548    13.6804    5.83515     -0.793    32.1596    24.0580 -9.990e-29
 251.655567     -0.786  38.578236    13.6817    5.84015     -0.779    32.1526    24.0524 -9.990e-29
 251.655573     -0.768  38.580978    13.6873    5.84668     -0.762    32.1504    24.0496 -9.990e-29
 251.655579     -0.749  38.585769    13.6937    5.85554     -0.743    32.1495    24.0476 -9.990e-29
 251.655584     -0.735  38.590025    13.7035    5.86606     -0.729    32.1452    24.0423 -9.990e-29
 251.655590     -0.727  38.596615    13.7216    5.86594     -0.721    32.1361    24.0316 -9.990e-29
 251.655596     -0.719  38.609840    13.7472    5.87003     -0.713    32.1269    24.0193 -9.990e-29
 251.655602     -0.711  38.629949    13.7682    5.87116     -0.705    32.1280    24.0158 -9.990e-29
 251.655608     -0.698  38.647298    13.7758    5.86972     -0.692    32.1376    24.0218 -9.990e-29
 251.655613     -0.679  38.651930    13.7801    5.87213     -0.673    32.1383    24.0214 -9.990e-29
 251.655619     -0.661  38.653953    13.7907    5.85582     -0.655    32.1313    24.0138 -9.990e-29
 251.655625     -0.648  38.663916    13.8037    5.84617     -0.643    32.1296    24.0099 -9.990e-29
 251.655631     -0.639  38.677154    13.8065    5.84762     -0.634    32.1395    24.0170 -9.990e-29
 251.655637     -0.628  38.680469    13.7861    5.85426     -0.623    32.1597    24.0367 -9.990e-29
 251.655642     -0.612  38.660336    13.7526    5.86042     -0.607    32.1691    24.0508 -9.990e-29
 251.655648     -0.593  38.629738    13.7360    5.86493     -0.588    32.1547    24.0430 -9.990e-29
 251.655654     -0.578  38.618544    13.7452    5.85666     -0.573    32.1366    24.0272 -9.990e-29
 251.655660     -0.572  38.630331    13.7588    5.84323     -0.567    32.1361    24.0241 -9.990e-29
 251.655666     -0.569  38.643791    13.7606    5.82304     -0.564    32.1471    24.0322 -9.990e-29
 251.655671     -0.564  38.646586    13.7532    5.81977     -0.559    32.1559    24.0404 -9.990e-29
 251.655677     -0.558  38.640762    13.7397    5.83262     -0.553    32.1618    24.0478 -9.990e-29
 251.655683     -0.550  38.627531    13.7229    5.82779     -0.545    32.1636    24.0526 -9.990e-29
 251.655689     -0.540  38.611123    13.7113    5.82356     -0.535    32.1582    24.0507 -9.990e-29
 251.655694     -0.526  38.600506    13.7130    5.83551     -0.522    32.1469    24.0416 -9.990e-29
 251.655700     -0.513  38.602275    13.7261    5.83168     -0.509    32.1375    24.0318 -9.990e-29
 251.655706     -0.504  38.614295    13.7414    5.82417     -0.500    32.1358    24.0274 -9.990e-29
 251.655712     -0.494  38.627355    13.7529    5.81211     -0.490    32.1383    24.0269 -9.990e-29
 251.655718     -0.482  38.636436    13.7586    5.80278     -0.478    32.1419    24.0286 -9.990e-29
 251.655723     -0.476  38.640748    13.7532    5.81750     -0.472    32.1504    24.0362 -9.990e-29
 251.655729     -0.477  38.635946    13.7397    5.84294     -0.473    32.1573    24.0443 -9.990e-29
 251.655735     -0.474  38.622358    13.7392    5.86526     -0.470    32.1451    24.0350 -9.990e-29
 251.655741     -0.468  38.621691    13.7574    5.87230     -0.464    32.1293    24.0190 -9.990e-29
 251.655747     -0.463  38.640901    13.7765    5.85800     -0.459    32.1310    24.0165 -9.990e-29
 251.655752     -0.455  38.657362    13.7889    5.86272     -0.451    32.1359    24.0178 -9.990e-29
 251.655758     -0.438  38.665545    13.7947    5.85599     -0.434    32.1386    24.0187 -9.990e-29
 251.655764     -0.415  38.669072    13.7961    5.80774     -0.412    32.1407    24.0200 -9.990e-29
 251.655770     -0.395  38.669283    13.7909    5.78719     -0.392    32.1452    24.0246 -9.990e-29
 251.655775     -0.380  38.666460    13.7523    5.79118     -0.377    32.1750    24.0554 -9.990e-29
 251.655781     -0.368  38.637206    13.6620    5.80301     -0.365    32.2238    24.1113 -9.990e-29
 251.655787     -0.360  38.566639    13.5689    5.80231     -0.357    32.2366    24.1400 -9.990e-29
 251.655793     -0.355  38.494154    13.5494    5.76618     -0.352    32.1856    24.1045 -9.990e-29
 251.655799     -0.351  38.481815    13.5970    5.72656     -0.348    32.1340    24.0551 -9.990e-29
 251.655804     -0.350  38.529971    13.6141    5.70443     -0.347    32.1644    24.0752 -9.990e-29
 251.655810     -0.347  38.553071    13.5474    5.70575     -0.344    32.2421    24.1486 -9.990e-29
 251.655816     -0.337  38.495559    13.4551    5.70462     -0.334    32.2665    24.1860 -9.990e-29
 251.655822     -0.319  38.412010    13.4014    5.69980     -0.316    32.2338    24.1715 -9.990e-29
 251.655828     -0.293  38.366561    13.3906    5.70485     -0.291    32.2005    24.1478 -9.990e-29
 251.655833     -0.266  38.359725    13.4037    5.71017     -0.264    32.1830    24.1317 -9.990e-29
 251.655839     -0.248  38.371161    13.4237    5.71303     -0.246    32.1768    24.1229 -9.990e-29
 251.655845     -0.242  38.386390    13.4452    5.71549     -0.240    32.1729    24.1156 -9.990e-29
 251.655851     -0.245  38.402165    13.4682    5.71281     -0.243    32.1682    24.1074 -9.990e-29
 251.655856     -0.248  38.419892    13.4893    5.70941     -0.246    32.1670    24.1022 -9.990e-29
 251.655862     -0.245  38.436288    13.5080    5.72031     -0.243    32.1665    24.0981 -9.990e-29
 251.655868     -0.239  38.450784    13.5198    5.72589     -0.237    32.1701    24.0985 -9.990e-29
 251.655874     -0.227  38.459715    13.5172    5.71987     -0.225    32.1806    24.1071 -9.990e-29
 251.655880     -0.213  38.456484    13.5035    5.72456     -0.211    32.1891    24.1165 -9.990e-29
 251.655885     -0.202  38.444637    13.4891    5.72759     -0.200    32.1902    24.1202 -9.990e-29
 251.655891     -0.192  38.433617    13.4844    5.72034     -0.190    32.1839    24.1162 -9.990e-29
 251.655897     -0.187  38.430039    13.4957    5.70727     -0.185    32.1710    24.1040 -9.990e-29
 251.655903     -0.190  38.439227    13.5177    5.71530     -0.188    32.1610    24.0919 -9.990e-29
 251.655909     -0.198  38.456601    13.5340    5.72340     -0.196    32.1635    24.0906 -9.990e-29
 251.655914     -0.203  38.466630    13.5328    5.73203     -0.201    32.1739    24.0988 -9.990e-29
 251.655920     -0.201  38.462501    13.5201    5.73962     -0.199    32.1807    24.1066 -9.990e-29
 251.655926     -0.191  38.450489    13.5111    5.71956     -0.189    32.1771    24.1057 -9.990e-29
 251.655932     -0.178  38.442621    13.5164    5.70439     -0.177    32.1653    24.0955 -9.990e-29
 251.655937     -0.164  38.448594    13.5304    5.70481     -0.163    32.1591    24.0878 -9.990e-29
 251.655943     -0.144  38.460103    13.5333    5.70587     -0.143    32.1673    24.0937 -9.990e-29
 251.655949     -0.114  38.459964    13.5210    5.71847     -0.113    32.1775    24.1040 -9.990e-29
 251.655955     -0.084  38.447435    13.5125    5.72837     -0.083    32.1730    24.1022 -9.990e-29
 251.655961     -0.068  38.439465    13.5204    5.73923     -0.067    32.1589    24.0898 -9.990e-29
 251.655966     -0.063  38.448979    13.5394    5.75455     -0.062    32.1518    24.0804 -9.990e-29
 251.655972     -0.058  38.467906    13.5618    5.76004     -0.058    32.1506    24.0750 -9.990e-29
 251.655978     -0.054  38.477735    13.5865    5.74011     -0.054    32.1389    24.0610 -9.990e-29
 251.655984     -0.046  38.478677    13.6110    5.72265     -0.046    32.1192    24.0409 -9.990e-29
 251.655990     -0.030  38.488635    13.6255    5.70267     -0.030    32.1163    24.0357 -9.990e-29
 251.655995     -0.012  38.507437    13.6204    5.71452     -0.012    32.1380    24.0535 -9.990e-29
 251.656001     -0.005  38.516787    13.5964    5.75161     -0.005    32.1669    24.0807 -9.990e-29
 251.656007     -0.008  38.507838    13.5651    5.76352     -0.008    32.1849    24.1009 -9.990e-29
 251.656013     -0.013  38.485859    13.5479    5.76360     -0.013    32.1790    24.0997 -9.990e-29
 251.656019     -0.015  38.470343    13.5600    5.75142     -0.015    32.1543    24.0783 -9.990e-29
 251.656024     -0.016  38.480983    13.5881    5.72303     -0.016    32.1406    24.0620 -9.990e-29
 251.656030     -0.014  38.506726    13.6080    5.71179     -0.014    32.1478    24.0636 -9.990e-29
 251.656036     -0.010  38.523576    13.6083    5.71449     -0.010    32.1632    24.0754 -9.990e-29
 251.656042     -0.004  38.522603    13.5913    5.71814     -0.004    32.1766    24.0892 -9.990e-29
 251.656047      0.001  38.507006    13.5654    5.74742      0.001    32.1839    24.1000 -9.990e-29
 251.656053     -0.000  38.485721    13.5402    5.74640     -0.000    32.1853    24.1062 -9.990e-29
 251.656059     -0.002  38.465705    13.5273    5.74354     -0.002    32.1775    24.1028 -9.990e-29
 251.656065     -0.001  38.454484    13.5352    5.74199     -0.001    32.1604    24.0880 -9.990e-29
 251.656071      0.002  38.461774    13.5568    5.71462      0.002    32.1490    24.0748 -9.990e-29
 251.656076      0.009  38.482717    13.5741    5.69824      0.009    32.1540    24.0751 -9.990e-29
 251.656082      0.016  38.499250    13.5724    5.67940      0.016    32.1708    24.0885 -9.990e-29
 251.656088      0.018  38.499215    13.5462    5.67179      0.018    32.1928    24.1108 -9.990e-29
 251.656094      0.019  38.478651    13.5051    5.69125      0.019    32.2083    24.1310 -9.990e-29
 251.656100      0.026  38.444917    13.4703    5.68160      0.026    32.2062    24.1364 -9.990e-29
 251.656105      0.036  38.416415    13.4584    5.69476      0.036    32.1897    24.1259 -9.990e-29
 251.656111      0.048  38.407859    13.4633    5.68450      0.048    32.1775    24.1156 -9.990e-29
 251.656117      0.054  38.413448    13.4728    5.66993      0.054    32.1747    24.1115 -9.990e-29
 251.656123      0.052  38.421009    13.4854    5.67588      0.052    32.1712    24.1062 -9.990e-29
 251.656128      0.053  38.431094    13.4942    5.67621      0.053    32.1732    24.1060 -9.990e-29
 251.656134      0.061  38.437528    13.4909    5.71093      0.060    32.1819    24.1135 -9.990e-29
 251.656140      0.071  38.432072    13.4849    5.71968      0.070    32.1819    24.1146 -9.990e-29
 251.656146      0.080  38.424284    13.4969    5.71219      0.079    32.1645    24.0988 -9.990e-29
 251.656152      0.089  38.435195    13.5332    5.70650      0.088    32.1441    24.0758 -9.990e-29
 251.656157      0.093  38.470378    13.5686    5.69196      0.092    32.1471    24.0709 -9.990e-29
 251.656163      0.094  38.499913    13.5772    5.70432      0.093    32.1673    24.0849 -9.990e-29
 251.656169      0.100  38.500936    13.5624    5.70667      0.099    32.1807    24.0982 -9.990e-29
 251.656175      0.115  38.483238    13.5432    5.70287      0.114    32.1804    24.1018 -9.990e-29
 251.656181      0.136  38.465294    13.5334    5.69955      0.135    32.1720    24.0972 -9.990e-29
 251.656186      0.155  38.458517    13.5362    5.69807      0.154    32.1633    24.0900 -9.990e-29
 251.656192      0.171  38.462843    13.5465    5.69344      0.170    32.1586    24.0843 -9.990e-29
 251.656198      0.183  38.472826    13.5539    5.70113      0.181    32.1617    24.0852 -9.990e-29
 251.656204      0.193  38.479350    13.5524    5.70585      0.191    32.1690    24.0912 -9.990e-29
 251.656209      0.202  38.477661    13.5470    5.71143      0.200    32.1720    24.0945 -9.990e-29
 251.656215      0.209  38.473925    13.5479    5.71401      0.207    32.1678    24.0911 -9.990e-29
 251.656221      0.215  38.475506    13.5614    5.70405      0.213    32.1579    24.0807 -9.990e-29
 251.656227      0.221  38.485638    13.5803    5.71132      0.219    32.1514    24.0719 -9.990e-29
 251.656233      0.222  38.502691    13.5845    5.70354      0.220    32.1637    24.0806 -9.990e-29
 251.656238      0.220  38.511270    13.5670    5.69777      0.218    32.1864    24.1017 -9.990e-29
 251.656244      0.222  38.497587    13.5484    5.69089      0.220    32.1894    24.1077 -9.990e-29
 251.656250      0.223  38.480421    13.5438    5.67391      0.221    32.1773    24.0992 -9.990e-29
 251.656256      0.216  38.478389    13.5427    5.69127      0.214    32.1763    24.0987 -9.990e-29
 251.656262      0.205  38.477005    13.5348    5.69398      0.203    32.1817    24.1045 -9.990e-29
 251.656267      0.197  38.467137    13.5250    5.68966      0.195    32.1807    24.1057 -9.990e-29
 251.656273      0.196  38.458072    13.5223    5.68234      0.194    32.1746    24.1015 -9.990e-29
 251.656279      0.197  38.455675    13.5305    5.68105      0.195    32.1654    24.0928 -9.990e-29
 251.656285      0.197  38.462922    13.5432    5.68640      0.195    32.1615    24.0872 -9.990e-29
 251.656291      0.196  38.474896    13.5480    5.69112      0.194    32.1686    24.0917 -9.990e-29
 251.656296      0.193  38.478403    13.5448    5.69839      0.191    32.1746    24.0969 -9.990e-29
 251.656302      0.192  38.474202    13.5442    5.69108      0.190    32.1711    24.0944 -9.990e-29
 251.656308      0.198  38.473526    13.5497    5.70234      0.196    32.1659    24.0893 -9.990e-29
 251.656314      0.207  38.478283    13.5578    5.69346      0.205    32.1635    24.0858 -9.990e-29
 251.656319      0.215  38.484162    13.5663    5.68576      0.213    32.1618    24.0828 -9.990e-29
 251.656325      0.223  38.490596    13.5722    5.68910      0.221    32.1628    24.0824 -9.990e-29
 251.656331      0.231  38.496074    13.5739    5.69185      0.229    32.1665    24.0849 -9.990e-29
 251.656337      0.239  38.497252    13.5748    5.69208      0.237    32.1668    24.0849 -9.990e-29
 251.656343      0.249  38.497389    13.5747    5.70527      0.247    32.1670    24.0851 -9.990e-29
 251.656348      0.256  38.496673    13.5670    5.69851      0.254    32.1728    24.0912 -9.990e-29
 251.656354      0.257  38.489667    13.5513    5.69757      0.255    32.1795    24.0995 -9.990e-29
 251.656360      0.255  38.476009    13.5426    5.69154      0.253    32.1742    24.0971 -9.990e-29
 251.656366      0.256  38.468342    13.5531    5.66530      0.254    32.1582    24.0826 -9.990e-29
 251.656372      0.260  38.478881    13.5705    5.65778      0.258    32.1533    24.0754 -9.990e-29
 251.656377      0.265  38.494757    13.5759    5.65872      0.263    32.1636    24.0822 -9.990e-29
 251.656383      0.274  38.500690    13.5634    5.67066      0.272    32.1796    24.0971 -9.990e-29
 251.656389      0.285  38.491702    13.5385    5.68428      0.283    32.1922    24.1119 -9.990e-29
 251.656395      0.297  38.467593    13.5193    5.70036      0.295    32.1859    24.1109 -9.990e-29
 251.656400      0.305  38.447822    13.5216    5.68800      0.302    32.1656    24.0947 -9.990e-29
 251.656406      0.310  38.450896    13.5413    5.67618      0.307    32.1518    24.0801 -9.990e-29
 251.656412      0.311  38.470257    13.5675    5.66803      0.308    32.1478    24.0717 -9.990e-29
 251.656418      0.315  38.494148    13.5854    5.66541      0.312    32.1550    24.0737 -9.990e-29
