data/oxygen options/ONMS/Olympic_Coast_National_Marine_Sanctuary_Hypoxia_Survey_CTD_Data_2004_2015/raw_data/2004/CTD_CA30_082404faedb.cnv
* Sea-Bird SBE19 Data File:
* FileName = C:\WINDOWS\Desktop\put hypoxia files here\CTD data\August 24_25-04\CA30_082404.hex
* Software Version 1.1.4
* Temperature SN = 2997
* Conductivity SN = 2997
* System UpLoad Time = Aug 24 2004 12:30:57
* SEACAT PROFILER V3.1c SN 2997   08/24/04  12:32:35.513
* strain gauge pressure sensor: S/N = 184829,  range = 3000 psia,  tc = 40
# nquan = 9
# nvalues = 33                          
# units = specified
# name 0 = timeJ: Julian Days
# name 1 = prSM: Pressure, Strain Gauge [db]
# name 2 = c0mS/cm: Conductivity [mS/cm]
# name 3 = t090C: Temperature [ITS-90, deg C]
# name 4 = oxML/L: Oxygen, Beckman/YSI [ml/l]
# name 5 = depSM: Depth [salt water, m], lat = 47.5
# name 6 = sal00: Salinity, Practical [PSU]
# name 7 = sigma-é00: Density [sigma-theta, kg/m^3]
# name 8 = flag: flag
# span 0 = 237.423786, 237.424271       
# span 1 =      1.000,     33.000       
# span 2 =  36.584906,  38.927841       
# span 3 =    10.5869,    13.7450       
# span 4 =    5.99358,    8.87190       
# span 5 =      0.992,     32.722       
# span 6 =    32.4226,    32.9653       
# span 7 =    24.2483,    25.2436       
# span 8 = 0.0000e+00, 0.0000e+00       
# interval = decibars: 1                
# start_time = Aug 24 2004 10:06:44 [Instrument's time stamp, header]
# bad_flag = -9.990e-29
*END*
 237.423786      1.000  38.927841    13.7450    8.87190      0.992    32.4226    24.2483 0.0000e+00
 237.423813      2.000  38.854072    13.4949    8.46671      1.983    32.5665    24.4100 0.0000e+00
 237.423829      3.000  38.563459    13.0351    8.20298      2.975    32.6875    24.5951 0.0000e+00
 237.423843      4.000  38.300953    12.8018    7.96869      3.966    32.6402    24.6041 0.0000e+00
 237.423856      5.000  38.148998    12.6251    7.84395      4.958    32.6483    24.6446 0.0000e+00
 237.423868      6.000  38.026850    12.5172    7.75416      5.950    32.6249    24.6473 0.0000e+00
 237.423878      7.000  37.985352    12.4641    7.69104      6.941    32.6310    24.6622 0.0000e+00
 237.423889      8.000  37.964337    12.3967    7.62763      7.933    32.6690    24.7045 0.0000e+00
 237.423900      9.000  37.907796    12.3191    7.47822      8.924    32.6820    24.7294 0.0000e+00
 237.423911     10.000  37.847241    12.2162    7.36308      9.916    32.7132    24.7732 0.0000e+00
 237.423923     11.000  37.723844    12.0330    7.25832     10.908    32.7544    24.8395 0.0000e+00
 237.423935     12.000  37.606227    11.9164    7.14959     11.900    32.7426    24.8521 0.0000e+00
 237.423949     13.000  37.541294    11.8575    7.10444     12.891    32.7310    24.8541 0.0000e+00
 237.423964     14.000  37.519282    11.8404    7.04850     13.883    32.7242    24.8520 0.0000e+00
 237.423980     15.000  37.497477    11.8059    7.04428     14.874    32.7330    24.8653 0.0000e+00
 237.424000     16.000  37.464179    11.7766    7.04028     15.866    32.7260    24.8652 0.0000e+00
 237.424028     17.000  37.446013    11.7553    6.98916     16.858    32.7267    24.8697 0.0000e+00
 237.424047     18.000  37.406994    11.6841    6.92990     17.849    32.7511    24.9018 0.0000e+00
 237.424062     19.000  37.356996    11.6225    6.88172     18.841    32.7563    24.9172 0.0000e+00
 237.424078     20.000  37.321764    11.5831    6.85186     19.832    32.7563    24.9244 0.0000e+00
 237.424092     21.000  37.305507    11.5693    6.80940     20.824    32.7523    24.9238 0.0000e+00
 237.424107     22.000  37.291674    11.5377    6.77088     21.815    32.7663    24.9404 0.0000e+00
 237.424120     23.000  37.252120    11.4640    6.74383     22.807    32.7924    24.9742 0.0000e+00
 237.424132     24.000  37.204998    11.4268    6.70162     23.798    32.7788    24.9704 0.0000e+00
 237.424145     25.000  37.191417    11.4157    6.67839     24.790    32.7749    24.9693 0.0000e+00
 237.424158     26.000  37.175095    11.3881    6.68260     25.781    32.7830    24.9807 0.0000e+00
 237.424170     27.000  37.155122    11.3626    6.70554     26.773    32.7856    24.9873 0.0000e+00
 237.424183     28.000  37.143516    11.3428    6.71013     27.765    32.7914    24.9954 0.0000e+00
 237.424196     29.000  37.115145    11.2916    6.55362     28.756    32.8085    25.0180 0.0000e+00
 237.424209     30.000  37.061120    11.1759    6.34977     29.747    32.8580    25.0773 0.0000e+00
 237.424222     31.000  36.906639    10.8849    6.22025     30.739    32.9653    25.2123 0.0000e+00
 237.424236     32.000  36.660312    10.6307    6.08697     31.730    32.9484    25.2436 0.0000e+00
 237.424271     33.000  36.584906    10.5869    5.99358     32.722    32.9122    25.2229 0.0000e+00
