data/oxygen options/ONMS/Olympic_Coast_National_Marine_Sanctuary_Hypoxia_Survey_CTD_Data_2004_2015/raw_data/2004/CTD_TH35_072704faedb.cnv
* Sea-Bird SBE19 Data File:
* FileName = C:\WINDOWS\Desktop\put hypoxia files here\CTD files\July 26_27-04\TH\th3-5_072704.hex
* Software Version 1.1.4
* Temperature SN = 2997
* Conductivity SN = 2997
* System UpLoad Time = Jul 27 2004 11:50:46
* SEACAT PROFILER V3.1c SN 2997   07/27/04  11:50:08.004
* strain gauge pressure sensor: S/N = 184829,  range = 3000 psia,  tc = 40
# nquan = 9
# nvalues = 33                          
# units = specified
# name 0 = timeJ: Julian Days
# name 1 = prSM: Pressure, Strain Gauge [db]
# name 2 = c0mS/cm: Conductivity [mS/cm]
# name 3 = t090C: Temperature [ITS-90, deg C]
# name 4 = oxML/L: Oxygen, Beckman/YSI [ml/l]
# name 5 = depSM: Depth [salt water, m], lat = 47.5
# name 6 = sal00: Salinity, Practical [PSU]
# name 7 = sigma-é00: Density [sigma-theta, kg/m^3]
# name 8 = flag: flag
# span 0 = 209.381720, 209.382094       
# span 1 =      2.000,     34.000       
# span 2 =  34.298852,  36.257068       
# span 3 =     7.5444,    10.4670       
# span 4 =    3.15346,    6.28469       
# span 5 =      1.983,     33.713       
# span 6 =    32.6456,    33.4387       
# span 7 =    25.0807,    26.0677       
# span 8 = 0.0000e+00, 0.0000e+00       
# interval = decibars: 1                
# start_time = Jul 27 2004 09:05:41 [Instrument's time stamp, header]
# bad_flag = -9.990e-29
*END*
 209.381720      2.000  36.257068    10.4670    6.28469      1.983    32.7044    25.0807 0.0000e+00
 209.381741      3.000  35.931005    10.1680    6.00197      2.975    32.6456    25.0859 0.0000e+00
 209.381755      4.000  35.920089    10.0807    6.00027      3.967    32.7130    25.1531 0.0000e+00
 209.381767      5.000  35.893819     9.8917    5.96717      4.958    32.8576    25.2974 0.0000e+00
 209.381778      6.000  35.794000     9.6528    5.85915      5.949    32.9736    25.4274 0.0000e+00
 209.381786      7.000  35.666510     9.3320    5.73904      6.942    33.1381    25.6078 0.0000e+00
 209.381795      8.000  35.434328     8.8830    3.86049      7.933    33.3153    25.8176 0.0000e+00
 209.381803      9.000  35.139413     8.6108    3.15346      8.925    33.2617    25.8175 0.0000e+00
 209.381810     10.000  34.966060     8.3906    3.28023      9.916    33.2863    25.8702 0.0000e+00
 209.381817     11.000  34.826727     8.1393    4.01907     10.908    33.3765    25.9786 0.0000e+00
 209.381825     12.000  34.666114     7.8940    4.01371     11.900    33.4387    26.0635 0.0000e+00
 209.381832     13.000  34.522604     7.7795    3.90417     12.891    33.3940    26.0449 0.0000e+00
 209.381839     14.000  34.455877     7.7409    3.86065     13.883    33.3588    26.0228 0.0000e+00
 209.381847     15.000  34.435497     7.7013    3.83207     14.874    33.3743    26.0408 0.0000e+00
 209.381855     16.000  34.393106     7.6534    3.81820     15.866    33.3742    26.0474 0.0000e+00
 209.381862     17.000  34.360551     7.6210    3.79824     16.857    33.3697    26.0486 0.0000e+00
 209.381870     18.000  34.344634     7.6020    3.78112     17.849    33.3703    26.0518 0.0000e+00
 209.381879     19.000  34.342334     7.5984    3.74562     18.841    33.3708    26.0526 0.0000e+00
 209.381889     20.000  34.346864     7.6137    3.73113     19.832    33.3605    26.0424 0.0000e+00
 209.381899     21.000  34.351517     7.6213    3.71922     20.824    33.3578    26.0392 0.0000e+00
 209.381910     22.000  34.343356     7.6046    3.70088     21.815    33.3645    26.0469 0.0000e+00
 209.381921     23.000  34.330023     7.5852    3.68731     22.807    33.3682    26.0526 0.0000e+00
 209.381931     24.000  34.323297     7.5734    3.65865     23.798    33.3719    26.0572 0.0000e+00
 209.381941     25.000  34.319005     7.5665    3.63010     24.790    33.3734    26.0593 0.0000e+00
 209.381951     26.000  34.317804     7.5620    3.60650     25.781    33.3760    26.0620 0.0000e+00
 209.381962     27.000  34.315235     7.5532    3.58419     26.773    33.3812    26.0673 0.0000e+00
 209.381972     28.000  34.308658     7.5462    3.55637     27.764    33.3803    26.0677 0.0000e+00
 209.381983     29.000  34.307623     7.5460    3.54452     28.756    33.3789    26.0666 0.0000e+00
 209.381995     30.000  34.308933     7.5493    3.54171     29.747    33.3767    26.0644 0.0000e+00
 209.382008     31.000  34.308780     7.5490    3.51933     30.739    33.3763    26.0642 0.0000e+00
 209.382022     32.000  34.304426     7.5447    3.51001     31.731    33.3753    26.0640 0.0000e+00
 209.382039     33.000  34.303514     7.5446    3.50766     32.722    33.3739    26.0629 0.0000e+00
 209.382094     34.000  34.298852     7.5444    3.47363     33.713    33.3686    26.0588 0.0000e+00
