data/oxygen options/ONMS/Olympic_Coast_National_Marine_Sanctuary_Hypoxia_Survey_CTD_Data_2004_2015/raw_data/2004/CTD_CA45_072704faed.cnv
* Sea-Bird SBE19 Data File:
* FileName = C:\WINDOWS\Desktop\put hypoxia files here\CTD files\July 26_27-04\CA\CA4-5072704.hex
* Software Version 1.1.4
* Temperature SN = 2997
* Conductivity SN = 2997
* System UpLoad Time = Jul 27 2004 15:47:21
* SEACAT PROFILER V3.1c SN 2997   07/27/04  15:42:19.530
* strain gauge pressure sensor: S/N = 184829,  range = 3000 psia,  tc = 40
# nquan = 9                                 
# nvalues = 674                         
# units = specified
# name 0 = timeJ: Julian Days
# name 1 = prSM: Pressure, Strain Gauge [db]
# name 2 = c0mS/cm: Conductivity [mS/cm]
# name 3 = t090C: Temperature [ITS-90, deg C]
# name 4 = oxML/L: Oxygen, Beckman/YSI [ml/l]
# name 5 = depSM: Depth [salt water, m], lat = 47.5
# name 6 = sal00: Salinity, Practical [PSU]
# name 7 = sigma-é00: Density [sigma-theta, kg/m^3]
# name 8 = flag: flag
# span 0 = 209.588692, 209.592587       
# span 1 =     -5.923,     43.134       
# span 2 =   0.326054,  40.218799       
# span 3 =     7.2715,    15.6715       
# span 4 =   -0.05586,   29.72640       
# span 5 =     -5.874,     42.770       
# span 6 =     0.1996,    33.6190       
# span 7 =    -0.6067,    26.2940       
# span 8 = 0.0000e+00, 0.0000e+00       
# interval = seconds: 0.5
# start_time = Jul 27 2004 14:07:43 [Instrument's time stamp, header]
# bad_flag = -9.990e-29
*END*
[from data line 481]
 209.591476      7.611  37.027283    11.6349    6.82353      7.547    32.4287    24.6601 0.0000e+00
 209.591481      7.935  36.984924    11.5908    6.80728      7.869    32.4258    24.6660 0.0000e+00
 209.591487      8.243  36.938950    11.5579    6.73324      8.174    32.4096    24.6594 0.0000e+00
 209.591493      8.542  36.903196    11.5288    6.59420      8.471    32.4001    24.6572 0.0000e+00
 209.591499      8.840  36.869424    11.4804    6.41316      8.766    32.4093    24.6732 0.0000e+00
 209.591505      9.137  36.825690    11.3841    6.25799      9.061    32.4509    24.7229 0.0000e+00
 209.591510      9.439  36.757039    11.1944    6.11404      9.360    32.5505    24.8343 0.0000e+00
 209.591516      9.757  36.616774    10.8892    5.95732      9.675    32.6827    24.9911 0.0000e+00
 209.591522     10.099  36.379549    10.5454    5.78695     10.014    32.7539    25.1063 0.0000e+00
 209.591528     10.465  36.114295    10.2838    5.57832     10.377    32.7228    25.1268 0.0000e+00
 209.591534     10.847  35.920377    10.1469    5.39393     10.756    32.6505    25.0934 0.0000e+00
 209.591539     11.241  35.825702    10.0870    5.24833     11.147    32.6086    25.0708 0.0000e+00
 209.591545     11.650  35.784726    10.0461    5.11103     11.552    32.6038    25.0739 0.0000e+00
 209.591551     12.079  35.751195    10.0013    5.01310     11.978    32.6101    25.0862 0.0000e+00
 209.591557     12.524  35.712348     9.9468    4.93525     12.419    32.6197    25.1028 0.0000e+00
 209.591563     12.985  35.669080     9.8620    4.88315     12.876    32.6522    25.1422 0.0000e+00
 209.591568     13.464  35.606296     9.7312    4.83818     13.351    32.7067    25.2062 0.0000e+00
 209.591574     13.958  35.506992     9.5915    4.76436     13.841    32.7322    25.2489 0.0000e+00
 209.591580     14.451  35.399659     9.4948    4.71181     14.330    32.7101    25.2472 0.0000e+00
 209.591586     14.932  35.329539     9.4417    4.63742     14.807    32.6863    25.2372 0.0000e+00
 209.591591     15.401  35.297296     9.3951    4.56858     15.272    32.6955    25.2519 0.0000e+00
 209.591597     15.863  35.268321     9.3294    4.50295     15.730    32.7256    25.2858 0.0000e+00
 209.591603     16.320  35.219662     9.2504    4.39169     16.183    32.7475    25.3156 0.0000e+00
 209.591609     16.778  35.161553     9.1694    4.30639     16.637    32.7616    25.3394 0.0000e+00
 209.591615     17.237  35.108441     9.0663    4.23798     17.092    32.8013    25.3866 0.0000e+00
 209.591620     17.704  35.044990     8.9040    4.16582     17.555    32.8850    25.4775 0.0000e+00
 209.591626     18.180  34.949368     8.6904    4.08354     18.027    32.9834    25.5875 0.0000e+00
 209.591632     18.663  34.831976     8.4882    3.96165     18.506    33.0488    25.6695 0.0000e+00
 209.591638     19.143  34.728548     8.3504    3.85189     18.982    33.0688    25.7058 0.0000e+00
 209.591644     19.619  34.664830     8.2658    3.78121     19.454    33.0807    25.7278 0.0000e+00
 209.591649     20.085  34.629817     8.1845    3.71476     19.916    33.1200    25.7707 0.0000e+00
 209.591655     20.541  34.595293     8.0874    3.68846     20.369    33.1748    25.8281 0.0000e+00
 209.591661     20.991  34.554446     7.9964    3.65498     20.815    33.2174    25.8748 0.0000e+00
 209.591667     21.437  34.517821     7.9331    3.63644     21.257    33.2382    25.9004 0.0000e+00
 209.591672     21.883  34.494297     7.8974    3.62104     21.699    33.2468    25.9124 0.0000e+00
 209.591678     22.329  34.481633     7.8792    3.60220     22.141    33.2504    25.9178 0.0000e+00
 209.591684     22.776  34.474133     7.8707    3.58740     22.585    33.2502    25.9189 0.0000e+00
 209.591690     23.218  34.470191     7.8662    3.57088     23.023    33.2501    25.9195 0.0000e+00
 209.591696     23.647  34.467901     7.8621    3.54398     23.448    33.2513    25.9210 0.0000e+00
 209.591701     24.062  34.465877     7.8558    3.54367     23.860    33.2550    25.9248 0.0000e+00
 209.591707     24.462  34.464210     7.8453    3.52574     24.256    33.2630    25.9327 0.0000e+00
 209.591713     24.848  34.462346     7.8308    3.50848     24.639    33.2747    25.9439 0.0000e+00
 209.591719     25.223  34.459470     7.8081    3.51250     25.011    33.2931    25.9616 0.0000e+00
 209.591725     25.598  34.452294     7.7738    3.48156     25.383    33.3180    25.9861 0.0000e+00
 209.591730     25.983  34.437401     7.7364    3.47783     25.765    33.3376    26.0069 0.0000e+00
 209.591736     26.383  34.420146     7.7050    3.44579     26.161    33.3489    26.0203 0.0000e+00
 209.591742     26.792  34.407777     7.6822    3.42755     26.567    33.3572    26.0301 0.0000e+00
 209.591748     27.205  34.401722     7.6673    3.42870     26.976    33.3648    26.0382 0.0000e+00
 209.591753     27.629  34.399497     7.6540    3.41010     27.397    33.3750    26.0481 0.0000e+00
 209.591759     28.065  34.395317     7.6338    3.40857     27.829    33.3896    26.0625 0.0000e+00
 209.591765     28.509  34.385276     7.6074    3.38165     28.269    33.4040    26.0776 0.0000e+00
 209.591771     28.965  34.372791     7.5836    3.35894     28.721    33.4131    26.0882 0.0000e+00
 209.591777     29.432  34.362502     7.5665    3.35044     29.184    33.4183    26.0946 0.0000e+00
 209.591782     29.900  34.354687     7.5538    3.33219     29.648    33.4218    26.0992 0.0000e+00
 209.591788     30.361  34.347876     7.5414    3.32477     30.105    33.4262    26.1044 0.0000e+00
 209.591794     30.810  34.340263     7.5279    3.30526     30.551    33.4307    26.1099 0.0000e+00
 209.591800     31.242  34.331771     7.5149    3.27278     30.979    33.4339    26.1142 0.0000e+00
 209.591806     31.657  34.324519     7.5025    3.25708     31.390    33.4378    26.1191 0.0000e+00
 209.591811     32.066  34.318913     7.4884    3.22640     31.796    33.4451    26.1268 0.0000e+00
 209.591817     32.476  34.314192     7.4723    3.20555     32.202    33.4553    26.1371 0.0000e+00
 209.591823     32.893  34.310214     7.4565    3.16997     32.616    33.4661    26.1478 0.0000e+00
 209.591829     33.318  34.306708     7.4412    3.11846     33.037    33.4768    26.1584 0.0000e+00
 209.591834     33.752  34.303469     7.4249    3.06499     33.468    33.4889    26.1702 0.0000e+00
 209.591840     34.196  34.300648     7.4074    2.79866     33.908    33.5025    26.1834 0.0000e+00
 209.591846     34.650  34.297830     7.3905    2.85010     34.358    33.5156    26.1961 0.0000e+00
 209.591852     35.106  34.294608     7.3767    2.95118     34.810    33.5252    26.2056 0.0000e+00
 209.591858     35.566  34.291715     7.3659    2.97142     35.266    33.5323    26.2127 0.0000e+00
 209.591863     36.027  34.289765     7.3555    3.03774     35.723    33.5401    26.2202 0.0000e+00
 209.591869     36.489  34.288943     7.3428    2.94221     36.181    33.5513    26.2308 0.0000e+00
 209.591875     36.951  34.289262     7.3279    2.90124     36.639    33.5658    26.2444 0.0000e+00
 209.591881     37.405  34.290573     7.3130    2.92252     37.089    33.5815    26.2588 0.0000e+00
 209.591887     37.840  34.292366     7.3010    2.90968     37.521    33.5949    26.2710 0.0000e+00
 209.591892     38.254  34.293653     7.2932    2.99581     37.931    33.6037    26.2790 0.0000e+00
 209.591898     38.649  34.294454     7.2891    2.17852     38.323    33.6083    26.2832 0.0000e+00
 209.591904     39.026  34.295262     7.2859    1.96490     38.697    33.6121    26.2867 0.0000e+00
 209.591910     39.403  34.294899     7.2817    2.15677     39.070    33.6157    26.2900 0.0000e+00
 209.591916     39.794  34.292871     7.2774    2.59545     39.458    33.6174    26.2920 0.0000e+00
 209.591921     40.199  34.290947     7.2746    3.38633     39.860    33.6179    26.2928 0.0000e+00
 209.591927     40.608  34.289912     7.2730    3.42064     40.265    33.6181    26.2932 0.0000e+00
 209.591933     41.014  34.289494     7.2719    3.27398     40.668    33.6185    26.2937 0.0000e+00
 209.591939     41.408  34.289681     7.2715    3.07927     41.058    33.6189    26.2940 0.0000e+00
 209.591944     41.782  34.290150     7.2718    2.91166     41.429    33.6190    26.2940 0.0000e+00
 209.591950     42.123  34.290394     7.2722    2.91651     41.767    33.6187    26.2938 0.0000e+00
 209.591956     42.425  34.290162     7.2728    2.91966     42.067    33.6177    26.2929 0.0000e+00
 209.591962     42.681  34.290256     7.2744    2.91325     42.320    33.6161    26.2915 0.0000e+00
 209.591968     42.881  34.291350     7.2765    2.90961     42.519    33.6152    26.2904 0.0000e+00
 209.591973     43.020  34.292646     7.2777    2.90375     42.657    33.6153    26.2904 -9.990e-29
 209.591979     43.105  34.293057     7.2780    2.89515     42.741    33.6155    26.2904 -9.990e-29
 209.591985     43.134  34.292563     7.2784    2.89954     42.770    33.6145    26.2896 -9.990e-29
 209.591991     43.103  34.292176     7.2794    2.89633     42.739    33.6131    26.2884 -9.990e-29
 209.591997     43.008  34.292490     7.2805    2.89216     42.645    33.6125    26.2877 -9.990e-29
 209.592002     42.857  34.292791     7.2811    2.89441     42.495    33.6123    26.2875 0.0000e+00
 209.592008     42.656  34.292350     7.2813    2.88861     42.296    33.6117    26.2870 0.0000e+00
 209.592014     42.412  34.291691     7.2813    2.89310     42.054    33.6111    26.2865 0.0000e+00
 209.592020     42.124  34.291050     7.2811    2.87980     41.768    33.6107    26.2863 0.0000e+00
 209.592025     41.793  34.290121     7.2812    2.88515     41.440    33.6098    26.2855 0.0000e+00
 209.592031     41.418  34.288778     7.2814    2.88177     41.068    33.6083    26.2843 0.0000e+00
 209.592037     41.010  34.286905     7.2813    2.87515     40.664    33.6066    26.2830 0.0000e+00
 209.592043     40.585  34.285359     7.2809    2.87802     40.242    33.6055    26.2821 0.0000e+00
 209.592049     40.156  34.284874     7.2808    2.86686     39.817    33.6053    26.2820 0.0000e+00
 209.592054     39.720  34.284795     7.2814    2.87143     39.385    33.6048    26.2815 0.0000e+00
 209.592060     39.267  34.284448     7.2828    2.87424     38.936    33.6033    26.2801 0.0000e+00
 209.592066     38.794  34.283362     7.2865    2.86741     38.467    33.5987    26.2760 0.0000e+00
 209.592072     38.305  34.281201     7.2952    2.85923     37.982    33.5882    26.2665 0.0000e+00
 209.592078     37.804  34.278437     7.3080    2.84688     37.485    33.5730    26.2528 0.0000e+00
 209.592083     37.297  34.275862     7.3215    2.82829     36.982    33.5573    26.2386 0.0000e+00
 209.592089     36.794  34.273962     7.3343    2.81231     36.484    33.5431    26.2256 0.0000e+00
 209.592095     36.303  34.272440     7.3458    2.79591     35.997    33.5305    26.2141 0.0000e+00
 209.592101     35.826  34.270942     7.3542    2.78868     35.524    33.5210    26.2054 0.0000e+00
 209.592106     35.367  34.270269     7.3598    2.76862     35.069    33.5150    26.1999 0.0000e+00
 209.592112     34.927  34.270637     7.3658    2.76321     34.633    33.5098    26.1950 0.0000e+00
 209.592118     34.500  34.271409     7.3751    2.76000     34.209    33.5019    26.1874 0.0000e+00
 209.592124     34.075  34.272485     7.3882    2.76552     33.788    33.4906    26.1767 0.0000e+00
 209.592130     33.648  34.273609     7.4024    2.78609     33.364    33.4783    26.1650 0.0000e+00
 209.592135     33.215  34.274591     7.4140    2.80012     32.935    33.4683    26.1556 0.0000e+00
 209.592141     32.777  34.275613     7.4241    2.82979     32.501    33.4599    26.1475 0.0000e+00
 209.592147     32.326  34.276909     7.4388    2.86754     32.054    33.4473    26.1356 0.0000e+00
 209.592153     31.846  34.279081     7.4620    2.90165     31.578    33.4275    26.1167 0.0000e+00
 209.592159     31.329  34.283334     7.4906    2.95741     31.065    33.4048    26.0948 0.0000e+00
 209.592164     30.780  34.290845     7.5183    2.99151     30.521    33.3866    26.0766 0.0000e+00
 209.592170     30.207  34.300975     7.5424    3.02836     29.953    33.3746    26.0637 0.0000e+00
 209.592176     29.616  34.311532     7.5654    3.07105     29.367    33.3642    26.0523 0.0000e+00
 209.592182     29.018  34.321453     7.5901    3.08930     28.774    33.3515    26.0388 0.0000e+00
 209.592187     28.424  34.330510     7.6161    3.12544     28.185    33.3366    26.0234 0.0000e+00
 209.592193     27.842  34.338441     7.6416    3.14385     27.608    33.3210    26.0075 0.0000e+00
 209.592199     27.266  34.345732     7.6671    3.14885     27.037    33.3047    25.9910 0.0000e+00
 209.592205     26.697  34.353138     7.6966    3.17090     26.472    33.2847    25.9711 0.0000e+00
 209.592211     26.135  34.362130     7.7309    3.17738     25.915    33.2618    25.9482 0.0000e+00
 209.592216     25.588  34.373491     7.7637    3.19000     25.373    33.2430    25.9287 0.0000e+00
 209.592222     25.063  34.383876     7.7880    3.18502     24.852    33.2312    25.9159 0.0000e+00
 209.592228     24.567  34.390321     7.8057    3.18485     24.361    33.2215    25.9057 0.0000e+00
 209.592234     24.089  34.394702     7.8235    3.20334     23.887    33.2094    25.8937 0.0000e+00
 209.592240     23.608  34.398940     7.8430    3.21068     23.410    33.1957    25.8801 0.0000e+00
 209.592245     23.109  34.403083     7.8653    3.22706     22.915    33.1791    25.8639 0.0000e+00
 209.592251     22.592  34.408176     7.8987    3.24882     22.402    33.1531    25.8386 0.0000e+00
 209.592257     22.056  34.417089     7.9618    3.24950     21.871    33.1030    25.7901 0.0000e+00
 209.592263     21.504  34.437225     8.0639    3.29001     21.323    33.0283    25.7165 0.0000e+00
 209.592269     20.938  34.474137     8.1904    3.36807     20.762    32.9487    25.6355 0.0000e+00
 209.592274     20.369  34.524915     8.3191    3.44273     20.198    32.8822    25.5642 0.0000e+00
 209.592280     19.813  34.585525     8.4434    3.53824     19.647    32.8304    25.5050 0.0000e+00
 209.592286     19.277  34.651594     8.5900    3.63402     19.115    32.7638    25.4308 0.0000e+00
 209.592292     18.756  34.729948     8.7708    3.73563     18.599    32.6789    25.3367 0.0000e+00
 209.592297     18.245  34.823605     8.9489    3.83858     18.092    32.6128    25.2575 0.0000e+00
 209.592303     17.735  34.912819     9.1100    3.94361     17.586    32.5581    25.1896 0.0000e+00
 209.592309     17.224  34.996600     9.2663    4.01252     17.080    32.5023    25.1214 0.0000e+00
 209.592315     16.711  35.091373     9.4001    4.07842     16.571    32.4786    25.0815 0.0000e+00
 209.592321     16.187  35.186166     9.4908    4.12516     16.051    32.4939    25.0789 0.0000e+00
 209.592326     15.654  35.253213     9.5481    4.19306     15.523    32.5109    25.0830 0.0000e+00
 209.592332     15.121  35.290544     9.6035    4.26674     14.994    32.4992    25.0649 0.0000e+00
 209.592338     14.593  35.323840     9.6987    4.38604     14.471    32.4474    25.0090 0.0000e+00
 209.592344     14.066  35.390215     9.8431    4.56417     13.948    32.3852    24.9369 0.0000e+00
 209.592350     13.532  35.504726     9.9887    4.73848     13.419    32.3710    24.9018 0.0000e+00
 209.592355     12.991  35.622140    10.1091    4.91349     12.882    32.3822    24.8905 0.0000e+00
 209.592361     12.449  35.708958    10.2712    5.13537     12.345    32.3252    24.8189 0.0000e+00
 209.592367     11.903  35.824333    10.5600    5.40091     11.803    32.1850    24.6606 0.0000e+00
 209.592373     11.359  36.054260    10.9204    5.71160     11.264    32.0969    24.5298 0.0000e+00
 209.592378     10.821  36.348681    11.2097    6.01599     10.730    32.1347    24.5083 0.0000e+00
 209.592384     10.292  36.571954    11.3948    6.28514     10.206    32.1925    24.5202 0.0000e+00
 209.592390      9.778  36.707803    11.5308    6.51470      9.696    32.2071    24.5069 0.0000e+00
