data/oxygen options/ONMS/Olympic_Coast_National_Marine_Sanctuary_Hypoxia_Survey_CTD_Data_2004_2015/raw_data/2004/CTD_CE20_090704faed.cnv
* Sea-Bird SBE19 Data File:
* FileName = C:\WINDOWS\Desktop\put hypoxia files here\CTD data\September 07_0804\CE\Raw\CE20_090704.hex
* Software Version 1.1.4
* Temperature SN = 2997
* Conductivity SN = 2997
* System UpLoad Time = Sep 07 2004 16:09:51
* SEACAT PROFILER V3.1c SN 2997   09/07/04  16:12:25.513
* strain gauge pressure sensor: S/N = 184829,  range = 3000 psia,  tc = 40
# nquan = 9                                 
# nvalues = 506                         
# units = specified
# name 0 = timeJ: Julian Days
# name 1 = prSM: Pressure, Strain Gauge [db]
# name 2 = c0mS/cm: Conductivity [mS/cm]
# name 3 = t090C: Temperature [ITS-90, deg C]
# name 4 = oxML/L: Oxygen, Beckman/YSI [ml/l]
# name 5 = depSM: Depth [salt water, m], lat = 47.5
# name 6 = sal00: Salinity, Practical [PSU]
# name 7 = sigma-é00: Density [sigma-theta, kg/m^3]
# name 8 = flag: flag
# span 0 = 251.647720, 251.650642       
# span 1 =     -5.133,     19.116       
# span 2 =   1.788154,  39.389518       
# span 3 =     8.5315,    15.4499       
# span 4 =   -0.04402,   29.60457       
# span 5 =     -5.090,     18.956       
# span 6 =     1.1276,    33.2539       
# span 7 =    -0.0940,    25.8227       
# span 8 = 0.0000e+00, 0.0000e+00       
# interval = seconds: 0.5
# start_time = Sep 07 2004 15:32:43 [Instrument's time stamp, header]
# bad_flag = -9.990e-29
*END*
[from data line 481]
 251.650503     -0.136  38.502302    14.2091    7.10972     -0.135    31.6448    23.5527 -9.990e-29
 251.650509     -0.191  37.956957    14.1331    7.18360     -0.189    31.2077    23.2312 -9.990e-29
 251.650515     -0.225  36.477238    14.0744    7.14793     -0.223    29.9038    22.2375 -9.990e-29
 251.650521     -0.241  32.166446    14.0266    7.13933     -0.239    26.0466    19.2752 -9.990e-29
 251.650527     -0.247  24.155201    13.9911    7.06261     -0.245    19.0238    13.8808 -9.990e-29
 251.650532     -0.248  15.235880    13.9715    6.95732     -0.246    11.5176     8.1197 -9.990e-29
 251.650538     -0.250   8.795299    13.9630    6.93076     -0.248     6.3642     4.1621 -9.990e-29
 251.650544     -0.255   5.585615    13.9590    6.95118     -0.253     3.9126     2.2761 -9.990e-29
 251.650550     -0.261   4.188798    13.9568    6.89430     -0.259     2.8791     1.4798 -9.990e-29
 251.650556     -0.268   3.394001    13.9555    6.87800     -0.266     2.3026     1.0351 -9.990e-29
 251.650561     -0.280   2.988100    13.9545    7.09782     -0.278     2.0119     0.8108 -9.990e-29
 251.650567     -0.294   2.921200    13.9521    7.13721     -0.292     1.9643     0.7744 -9.990e-29
 251.650573     -0.306   3.288594    13.9480    7.13244     -0.303     2.2272     0.9781 -9.990e-29
 251.650579     -0.318   3.793958    13.9445    7.04113     -0.315     2.5923     1.2604 -9.990e-29
 251.650584     -0.330   3.823072    13.9421    6.98976     -0.327     2.6136     1.2771 -9.990e-29
 251.650590     -0.342   3.684612    13.9398 -9.990e-29     -0.339     2.5134     1.2001 -9.990e-29
 251.650596     -0.356   3.759999    13.9387 -9.990e-29     -0.353     2.5681     1.2425 -9.990e-29
 251.650602     -0.368   3.833441    13.9390 -9.990e-29     -0.365     2.6214     1.2836 -9.990e-29
 251.650608     -0.371   3.831104    13.9400 -9.990e-29     -0.368     2.6196     1.2821 -9.990e-29
 251.650613     -0.364   3.722074    13.9414 -9.990e-29     -0.361     2.5404     1.2207 -9.990e-29
 251.650619     -0.355   3.587256    13.9431 -9.990e-29     -0.352     2.4427     1.1451 -9.990e-29
 251.650625     -0.349   3.532097    13.9452 -9.990e-29     -0.346     2.4027     1.1139 -9.990e-29
 251.650631     -0.345   3.559205    13.9472 -9.990e-29     -0.342     2.4222     1.1287 -9.990e-29
 251.650637     -0.343   3.620776    13.9480 -9.990e-29     -0.340     2.4666     1.1628 -9.990e-29
 251.650642     -0.342   3.564313 -9.990e-29 -9.990e-29     -0.339 -9.990e-29 -9.990e-29 -9.990e-29
