data/oxygen options/ONMS/Olympic_Coast_National_Marine_Sanctuary_Hypoxia_Survey_CTD_Data_2004_2015/raw_data/2004/CTD_TH100_082404faed.cnv
* Sea-Bird SBE19 Data File:
* FileName = C:\WINDOWS\Desktop\put hypoxia files here\CTD data\August 24_25-04\TH\TH100_082404.hex
* Software Version 1.1.4
* Temperature SN = 2997
* Conductivity SN = 2997
* System UpLoad Time = Aug 24 2004 16:05:32
* SEACAT PROFILER V3.1c SN 2997   08/24/04  16:05:55.430
* strain gauge pressure sensor: S/N = 184829,  range = 3000 psia,  tc = 40
# nquan = 9                                 
# nvalues = 868                         
# units = specified
# name 0 = timeJ: Julian Days
# name 1 = prSM: Pressure, Strain Gauge [db]
# name 2 = c0mS/cm: Conductivity [mS/cm]
# name 3 = t090C: Temperature [ITS-90, deg C]
# name 4 = oxML/L: Oxygen, Beckman/YSI [ml/l]
# name 5 = depSM: Depth [salt water, m], lat = 47.5
# name 6 = sal00: Salinity, Practical [PSU]
# name 7 = sigma-é00: Density [sigma-theta, kg/m^3]
# name 8 = flag: flag
# span 0 = 237.566574, 237.571591       
# span 1 =     -5.346,    102.185       
# span 2 =   2.000633,  39.760109       
# span 3 =     7.3603,    15.4864       
# span 4 =   -0.04375,   29.24042       
# span 5 =     -5.301,    101.307       
# span 6 =     1.2678,    33.7578       
# span 7 =     0.0079,    26.3866       
# span 8 = 0.0000e+00, 0.0000e+00       
# interval = seconds: 0.5
# start_time = Aug 24 2004 13:35:52 [Instrument's time stamp, header]
# bad_flag = -9.990e-29
*END*
[from data line 641]
 237.570284     94.984  34.546047     7.3975    2.71273     94.170    33.7491    26.3796 0.0000e+00
 237.570289     94.553  34.545679     7.3971    2.71073     93.742    33.7493    26.3798 0.0000e+00
 237.570295     94.130  34.545148     7.3967    2.70851     93.323    33.7493    26.3798 0.0000e+00
 237.570301     93.716  34.544866     7.3965    2.71297     92.913    33.7494    26.3799 0.0000e+00
 237.570307     93.320  34.545018     7.3967    2.71280     92.520    33.7496    26.3800 0.0000e+00
 237.570313     92.947  34.545246     7.3971    2.71258     92.151    33.7496    26.3800 0.0000e+00
 237.570318     92.585  34.545294     7.3974    2.70382     91.792    33.7496    26.3799 0.0000e+00
 237.570324     92.230  34.545227     7.3975    2.70157     91.440    33.7496    26.3799 0.0000e+00
 237.570330     91.884  34.544954     7.3971    2.70991     91.097    33.7498    26.3801 0.0000e+00
 237.570336     91.546  34.544672     7.3965    2.71377     90.762    33.7503    26.3806 0.0000e+00
 237.570341     91.208  34.544566     7.3962    2.71820     90.427    33.7506    26.3809 0.0000e+00
 237.570347     90.857  34.544494     7.3962    2.71592     90.079    33.7507    26.3809 0.0000e+00
 237.570353     90.484  34.544357     7.3963    2.72058     89.709    33.7506    26.3809 0.0000e+00
 237.570359     90.087  34.543970     7.3963    2.72299     89.316    33.7504    26.3807 0.0000e+00
 237.570365     89.665  34.543379     7.3963    2.71461     88.897    33.7500    26.3803 0.0000e+00
 237.570370     89.222  34.542917     7.3965    2.71055     88.458    33.7495    26.3799 0.0000e+00
 237.570376     88.768  34.542529     7.3965    2.69756     88.008    33.7493    26.3797 0.0000e+00
 237.570382     88.318  34.542258     7.3964    2.69750     87.562    33.7493    26.3798 0.0000e+00
 237.570388     87.877  34.542304     7.3964    2.69228     87.125    33.7496    26.3800 0.0000e+00
 237.570394     87.438  34.542170     7.3965    2.69200     86.690    33.7495    26.3799 0.0000e+00
 237.570399     86.996  34.541677     7.3966    2.68764     86.252    33.7491    26.3796 0.0000e+00
 237.570405     86.551  34.541289     7.3966    2.69643     85.811    33.7489    26.3794 0.0000e+00
 237.570411     86.114  34.541049     7.3963    2.70991     85.377    33.7491    26.3796 0.0000e+00
 237.570417     85.700  34.540636     7.3959    2.70612     84.967    33.7493    26.3798 0.0000e+00
 237.570422     85.317  34.540062     7.3957    2.69671     84.587    33.7490    26.3796 0.0000e+00
 237.570428     84.958  34.539683     7.3956    2.69680     84.232    33.7489    26.3795 0.0000e+00
 237.570434     84.604  34.539555     7.3954    2.69707     83.881    33.7491    26.3797 0.0000e+00
 237.570440     84.237  34.539503     7.3954    2.69374     83.517    33.7492    26.3798 0.0000e+00
 237.570446     83.851  34.539457     7.3956    2.68518     83.134    33.7492    26.3797 0.0000e+00
 237.570451     83.452  34.539357     7.3957    2.69698     82.739    33.7492    26.3797 0.0000e+00
 237.570457     83.039  34.539068     7.3958    2.70285     82.329    33.7490    26.3795 0.0000e+00
 237.570463     82.604  34.538766     7.3959    2.70891     81.898    33.7487    26.3793 0.0000e+00
 237.570469     82.145  34.538606     7.3958    2.70963     81.443    33.7489    26.3795 0.0000e+00
 237.570475     81.662  34.538377     7.3958    2.70157     80.964    33.7489    26.3794 0.0000e+00
 237.570480     81.155  34.538334     7.3959    2.70990     80.462    33.7490    26.3795 0.0000e+00
 237.570486     80.634  34.538418     7.3959    2.71196     79.945    33.7493    26.3798 0.0000e+00
 237.570492     80.118  34.538184     7.3958    2.71156     79.434    33.7494    26.3798 0.0000e+00
 237.570498     79.626  34.537881     7.3956    2.70995     78.946    33.7495    26.3799 0.0000e+00
 237.570503     79.172  34.537669     7.3957    2.70562     78.496    33.7494    26.3798 0.0000e+00
 237.570509     78.767  34.537266     7.3959    2.70460     78.095    33.7490    26.3795 0.0000e+00
 237.570515     78.411  34.536696     7.3957    2.69528     77.742    33.7487    26.3793 0.0000e+00
 237.570521     78.090  34.536320     7.3952    2.70207     77.424    33.7490    26.3795 0.0000e+00
 237.570527     77.783  34.536195     7.3953    2.70402     77.119    33.7489    26.3794 0.0000e+00
 237.570532     77.470  34.536154     7.3955    2.70611     76.809    33.7488    26.3793 0.0000e+00
 237.570538     77.133  34.536140     7.3956    2.70783     76.475    33.7488    26.3794 0.0000e+00
 237.570544     76.749  34.536131     7.3958    2.69474     76.094    33.7488    26.3793 0.0000e+00
 237.570550     76.307  34.536115     7.3960    2.70179     75.656    33.7488    26.3793 0.0000e+00
 237.570556     75.813  34.536068     7.3961    2.70427     75.166    33.7489    26.3793 0.0000e+00
 237.570561     75.279  34.535928     7.3961    2.70624     74.637    33.7490    26.3794 0.0000e+00
 237.570567     74.722  34.535512     7.3960    2.71734     74.085    33.7489    26.3794 0.0000e+00
 237.570573     74.167  34.534825     7.3959    2.70647     73.535    33.7485    26.3791 0.0000e+00
 237.570579     73.629  34.534076     7.3957    2.70436     73.001    33.7482    26.3788 0.0000e+00
 237.570584     73.109  34.533390     7.3956    2.70271     72.486    33.7478    26.3785 0.0000e+00
 237.570590     72.608  34.532973     7.3954    2.71863     71.989    33.7478    26.3785 0.0000e+00
 237.570596     72.145  34.532829     7.3950    2.73492     71.530    33.7482    26.3789 0.0000e+00
 237.570602     71.739  34.532767     7.3946    2.72006     71.128    33.7487    26.3794 0.0000e+00
 237.570608     71.384  34.532708     7.3946    2.71350     70.776    33.7489    26.3795 0.0000e+00
 237.570613     71.067  34.532571     7.3949    2.72109     70.462    33.7486    26.3792 0.0000e+00
 237.570619     70.777  34.532174     7.3951    2.72498     70.174    33.7481    26.3788 0.0000e+00
 237.570625     70.494  34.531545     7.3952    2.73355     69.894    33.7474    26.3782 0.0000e+00
 237.570631     70.189  34.530966     7.3952    2.72877     69.591    33.7470    26.3779 0.0000e+00
 237.570637     69.832  34.530220     7.3950    2.72894     69.237    33.7465    26.3775 0.0000e+00
 237.570642     69.415  34.528313     7.3939    2.73992     68.824    33.7457    26.3771 0.0000e+00
 237.570648     68.945  34.523261     7.3913    2.76060     68.358    33.7430    26.3753 0.0000e+00
 237.570654     68.444  34.513371     7.3866    2.78940     67.862    33.7371    26.3713 0.0000e+00
 237.570660     67.935  34.498353     7.3799    2.82675     67.357    33.7275    26.3647 0.0000e+00
 237.570666     67.428  34.480605     7.3740    2.84550     66.854    33.7142    26.3551 0.0000e+00
 237.570671     66.931  34.466169     7.3706    2.86180     66.362    33.7021    26.3460 0.0000e+00
 237.570677     66.455  34.458776     7.3696    2.87461     65.890    33.6953    26.3408 0.0000e+00
 237.570683     66.003  34.458099     7.3714    2.87846     65.442    33.6930    26.3387 0.0000e+00
 237.570689     65.568  34.464916     7.3753    2.88701     65.010    33.6968    26.3412 0.0000e+00
 237.570694     65.139  34.475427     7.3778    2.89026     64.585    33.7060    26.3480 0.0000e+00
 237.570700     64.707  34.479542     7.3772    2.89661     64.157    33.7113    26.3523 0.0000e+00
 237.570706     64.257  34.474903     7.3738    2.91432     63.711    33.7098    26.3515 0.0000e+00
 237.570712     63.778  34.463731     7.3688    2.93633     63.236    33.7027    26.3467 0.0000e+00
 237.570718     63.277  34.445702     7.3644    2.98322     62.739    33.6877    26.3355 0.0000e+00
 237.570723     62.774  34.427043     7.3619    3.01763     62.241    33.6701    26.3220 0.0000e+00
 237.570729     62.285  34.415386     7.3612    3.04365     61.756    33.6583    26.3128 0.0000e+00
 237.570735     61.812  34.410322     7.3615    3.07267     61.287    33.6528    26.3084 0.0000e+00
 237.570741     61.346  34.407903     7.3623    3.10508     60.825    33.6496    26.3058 0.0000e+00
 237.570747     60.876  34.405463     7.3638    3.13776     60.359    33.6457    26.3025 0.0000e+00
 237.570752     60.393  34.401430     7.3663    3.17636     59.880    33.6391    26.2970 0.0000e+00
 237.570758     59.896  34.395471     7.3695    3.21834     59.387    33.6298    26.2892 0.0000e+00
 237.570764     59.397  34.389168     7.3728    3.26040     58.893    33.6200    26.2810 0.0000e+00
 237.570770     58.910  34.383650     7.3752    3.29772     58.410    33.6119    26.2743 0.0000e+00
 237.570775     58.439  34.378852     7.3760    3.32532     57.943    33.6061    26.2696 0.0000e+00
 237.570781     57.985  34.375129     7.3760    3.35706     57.493    33.6023    26.2666 0.0000e+00
 237.570787     57.548  34.372035     7.3764    3.38524     57.060    33.5988    26.2638 0.0000e+00
 237.570793     57.122  34.367723     7.3774    3.40635     56.637    33.5933    26.2593 0.0000e+00
 237.570799     56.701  34.362082     7.3785    3.43981     56.220    33.5863    26.2537 0.0000e+00
 237.570804     56.288  34.357153     7.3796    3.46724     55.811    33.5801    26.2486 0.0000e+00
 237.570810     55.884  34.354242     7.3805    3.49925     55.410    33.5763    26.2455 0.0000e+00
 237.570816     55.475  34.352866     7.3811    3.52899     55.005    33.5744    26.2439 0.0000e+00
 237.570822     55.051  34.351783     7.3821    3.55108     54.584    33.5725    26.2422 0.0000e+00
 237.570828     54.613  34.350141     7.3844    3.56183     54.150    33.5687    26.2389 0.0000e+00
 237.570833     54.158  34.347466     7.3880    3.58527     53.699    33.5625    26.2335 0.0000e+00
 237.570839     53.692  34.343588     7.3927    3.61995     53.237    33.5539    26.2262 0.0000e+00
 237.570845     53.222  34.339536     7.3981    3.65303     52.771    33.5445    26.2180 0.0000e+00
 237.570851     52.750  34.336669     7.4041    3.69095     52.303    33.5359    26.2103 0.0000e+00
 237.570856     52.275  34.335121     7.4113    3.72217     51.832    33.5274    26.2027 0.0000e+00
 237.570862     51.798  34.334545     7.4223    3.74516     51.359    33.5164    26.1925 0.0000e+00
 237.570868     51.312  34.334767     7.4415    3.77160     50.877    33.4983    26.1755 0.0000e+00
 237.570874     50.815  34.335556     7.4677    3.80830     50.385    33.4741    26.1528 0.0000e+00
 237.570880     50.307  34.336320     7.4934    3.84757     49.881    33.4504    26.1305 0.0000e+00
 237.570885     49.799  34.338113     7.5174    3.87598     49.377    33.4294    26.1106 0.0000e+00
 237.570891     49.298  34.346167     7.5425    3.88694     48.881    33.4142    26.0951 0.0000e+00
 237.570897     48.811  34.361731     7.5650    3.86865     48.398    33.4096    26.0883 0.0000e+00
 237.570903     48.341  34.379252     7.5855    3.82148     47.932    33.4090    26.0849 0.0000e+00
 237.570909     47.883  34.397468     7.6130    3.75860     47.478    33.4025    26.0759 0.0000e+00
 237.570914     47.435  34.421085     7.6461    3.71839     47.034    33.3964    26.0663 0.0000e+00
 237.570920     46.988  34.447998     7.6691    3.68330     46.591    33.4035    26.0687 0.0000e+00
 237.570926     46.542  34.463687     7.6728    3.65027     46.148    33.4170    26.0788 0.0000e+00
 237.570932     46.092  34.463326     7.6696    3.63705     45.702    33.4199    26.0815 0.0000e+00
 237.570938     45.619  34.459923     7.6817    3.61608     45.233    33.4049    26.0679 0.0000e+00
 237.570943     45.105  34.465790     7.7122    3.61025     44.724    33.3822    26.0457 0.0000e+00
 237.570949     44.557  34.479811     7.7433    3.61575     44.180    33.3677    26.0299 0.0000e+00
 237.570955     43.995  34.488208     7.7620    3.62683     43.623    33.3591    26.0204 0.0000e+00
 237.570961     43.449  34.485403     7.7693    3.64809     43.082    33.3494    26.0117 0.0000e+00
 237.570966     42.942  34.480030     7.7720    3.68162     42.579    33.3412    26.0049 0.0000e+00
 237.570972     42.482  34.475051     7.7729    3.71398     42.123    33.3353    26.0001 0.0000e+00
 237.570978     42.060  34.467226     7.7722    3.73272     41.705    33.3277    25.9943 0.0000e+00
 237.570984     41.659  34.459045     7.7704    3.75134     41.307    33.3208    25.9891 0.0000e+00
 237.570990     41.257  34.452525     7.7679    3.78328     40.909    33.3164    25.9860 0.0000e+00
 237.570995     40.841  34.445729     7.7662    3.82085     40.496    33.3110    25.9819 0.0000e+00
 237.571001     40.407  34.440278     7.7672    3.85071     40.066    33.3043    25.9766 0.0000e+00
 237.571007     39.953  34.436782     7.7740    3.87602     39.616    33.2943    25.9677 0.0000e+00
 237.571013     39.475  34.431174     7.7906    3.86380     39.142    33.2727    25.9483 0.0000e+00
 237.571019     38.972  34.426098     7.8158    3.85325     38.643    33.2434    25.9217 0.0000e+00
 237.571024     38.453  34.427150     7.8408    3.84678     38.129    33.2210    25.9005 0.0000e+00
 237.571030     37.930  34.431848     7.8577    3.83312     37.610    33.2102    25.8896 0.0000e+00
 237.571036     37.418  34.435847     7.8649    3.82395     37.102    33.2078    25.8867 0.0000e+00
 237.571042     36.923  34.437794     7.8674    3.81129     36.612    33.2078    25.8863 0.0000e+00
 237.571047     36.439  34.438637     7.8717    3.79994     36.132    33.2048    25.8833 0.0000e+00
 237.571053     35.952  34.439536     7.8820    3.79513     35.649    33.1962    25.8751 0.0000e+00
 237.571059     35.452  34.441722     7.8981    3.79315     35.153    33.1835    25.8627 0.0000e+00
 237.571065     34.935  34.445901     7.9136    3.79066     34.641    33.1735    25.8526 0.0000e+00
 237.571071     34.396  34.449833     7.9266    3.77823     34.106    33.1656    25.8445 0.0000e+00
 237.571076     33.840  34.453191     7.9428    3.76219     33.555    33.1541    25.8331 0.0000e+00
 237.571082     33.279  34.459370     7.9640    3.73287     32.999    33.1408    25.8196 0.0000e+00
 237.571088     32.732  34.469357     7.9826    3.71941     32.456    33.1341    25.8116 0.0000e+00
 237.571094     32.222  34.478012     7.9932    3.71498     31.951    33.1336    25.8096 0.0000e+00
 237.571100     31.753  34.482342     7.9996    3.69723     31.486    33.1323    25.8077 0.0000e+00
 237.571105     31.314  34.485354     8.0046    3.69947     31.050    33.1310    25.8060 0.0000e+00
 237.571111     30.881  34.487737     8.0110    3.68490     30.621    33.1277    25.8024 0.0000e+00
 237.571117     30.429  34.489900     8.0227    3.67777     30.173    33.1192    25.7940 0.0000e+00
 237.571123     29.953  34.493637     8.0415    3.69155     29.701    33.1056    25.7806 0.0000e+00
 237.571128     29.461  34.498921     8.0642    3.72191     29.213    33.0900    25.7650 0.0000e+00
 237.571134     28.959  34.502742     8.0829    3.78695     28.715    33.0766    25.7518 0.0000e+00
 237.571140     28.451  34.497344     8.0923    3.89981     28.212    33.0622    25.7391 0.0000e+00
 237.571146     27.937  34.476126     8.0943    4.02769     27.702    33.0380    25.7198 0.0000e+00
 237.571152     27.424  34.442224     8.0991    4.16247     27.193    32.9976    25.6874 0.0000e+00
 237.571157     26.919  34.411562     8.1151    4.28749     26.693    32.9502    25.6478 0.0000e+00
 237.571163     26.422  34.399336     8.1390    4.38690     26.200    32.9150    25.6167 0.0000e+00
 237.571169     25.937  34.403291     8.1643    4.46742     25.719    32.8957    25.5978 0.0000e+00
 237.571175     25.463  34.412485     8.1860    4.54536     25.249    32.8853    25.5865 0.0000e+00
 237.571181     25.000  34.422399     8.2076    4.54680     24.790    32.8758    25.5758 0.0000e+00
 237.571186     24.552  34.436762     8.2487    4.52202     24.346    32.8528    25.5517 0.0000e+00
 237.571192     24.112  34.463552     8.3257    4.47627     23.909    32.8094    25.5062 0.0000e+00
 237.571198     23.667  34.513864     8.4214    4.39888     23.468    32.7735    25.4638 0.0000e+00
