data/oxygen options/ONMS/Olympic_Coast_National_Marine_Sanctuary_Hypoxia_Survey_CTD_Data_2004_2015/raw_data/2004/CTD_CA90_072704faed.cnv
* Sea-Bird SBE19 Data File:
* FileName = C:\WINDOWS\Desktop\put hypoxia files here\CTD files\July 26_27-04\CA\CA9_072704.hex
* Software Version 1.1.4
* Temperature SN = 2997
* Conductivity SN = 2997
* System UpLoad Time = Jul 27 2004 15:23:20
* SEACAT PROFILER V3.1c SN 2997   07/27/04  15:22:03.940
* strain gauge pressure sensor: S/N = 184829,  range = 3000 psia,  tc = 40
# nquan = 9                                 
# nvalues = 871                         
# units = specified
# name 0 = timeJ: Julian Days
# name 1 = prSM: Pressure, Strain Gauge [db]
# name 2 = c0mS/cm: Conductivity [mS/cm]
# name 3 = t090C: Temperature [ITS-90, deg C]
# name 4 = oxML/L: Oxygen, Beckman/YSI [ml/l]
# name 5 = depSM: Depth [salt water, m], lat = 47.5
# name 6 = sal00: Salinity, Practical [PSU]
# name 7 = sigma-é00: Density [sigma-theta, kg/m^3]
# name 8 = flag: flag
# span 0 = 209.544167, 209.549201       
# span 1 =     -4.896,     89.953       
# span 2 =   1.142159,  40.311408       
# span 3 =     7.0525,    15.7307       
# span 4 =   -0.05350,   29.09939       
# span 5 =     -4.855,     89.183       
# span 6 =     0.7200,    33.8774       
# span 7 =    -0.2795,    26.5191       
# span 8 = 0.0000e+00, 0.0000e+00       
# interval = seconds: 0.5
# start_time = Jul 27 2004 13:03:36 [Instrument's time stamp, header]
# bad_flag = -9.990e-29
*END*
[from data line 321]
 209.546024      0.613  40.177877    15.5899    6.62936      0.608    32.0286    23.5541 -9.990e-29
 209.546030      0.623  40.177124    15.6051    6.62860      0.618    32.0155    23.5408 -9.990e-29
 209.546036      0.628  40.190223    15.6219    6.62099      0.623    32.0135    23.5356 -9.990e-29
 209.546042      0.625  40.208280    15.6344    6.61559      0.620    32.0194    23.5373 -9.990e-29
 209.546047      0.617  40.222840    15.6403    6.61266      0.612    32.0276    23.5423 -9.990e-29
 209.546053      0.613  40.229206    15.6411    6.62388      0.608    32.0326    23.5460 -9.990e-29
 209.546059      0.617  40.229708    15.6416    6.62881      0.612    32.0326    23.5459 -9.990e-29
 209.546065      0.629  40.230078    15.6428    6.63205      0.624    32.0320    23.5451 -9.990e-29
 209.546071      0.645  40.230822    15.6452    6.62115      0.640    32.0307    23.5436 -9.990e-29
 209.546076      0.659  40.232384    15.6493    6.61885      0.653    32.0287    23.5412 -9.990e-29
 209.546082      0.665  40.236298    15.6516    6.61404      0.659    32.0303    23.5419 -9.990e-29
 209.546088      0.666  40.238819    15.6491    6.61886      0.660    32.0346    23.5457 -9.990e-29
 209.546094      0.665  40.236588    15.6425    6.62812      0.659    32.0380    23.5498 -9.990e-29
 209.546100      0.667  40.230011    15.6355    6.62756      0.661    32.0378    23.5512 -9.990e-29
 209.546105      0.667  40.222113    15.6326    6.63497      0.661    32.0332    23.5483 -9.990e-29
 209.546111      0.666  40.218647    15.6351    6.62615      0.660    32.0280    23.5438 -9.990e-29
 209.546117      0.671  40.221736    15.6384    6.62035      0.665    32.0281    23.5431 -9.990e-29
 209.546123      0.683  40.225973    15.6376    6.61103      0.677    32.0325    23.5467 -9.990e-29
 209.546128      0.695  40.225799    15.6305    6.61195      0.689    32.0381    23.5526 -9.990e-29
 209.546134      0.707  40.219873    15.6198    6.62021      0.701    32.0415    23.5576 -9.990e-29
 209.546140      0.725  40.210968    15.6118    6.63096      0.719    32.0401    23.5582 -9.990e-29
 209.546146      0.740  40.203495    15.6102    6.62965      0.734    32.0348    23.5545 -9.990e-29
 209.546152      0.745  40.200965    15.6153    6.63470      0.739    32.0284    23.5484 -9.990e-29
 209.546157      0.745  40.205625    15.6238    6.63524      0.739    32.0256    23.5444 -9.990e-29
 209.546163      0.743  40.213601    15.6323    6.63527      0.737    32.0258    23.5427 -9.990e-29
 209.546169      0.741  40.219833    15.6413    6.62608      0.735    32.0240    23.5394 -9.990e-29
 209.546175      0.742  40.225910    15.6504    6.62593      0.736    32.0220    23.5358 -9.990e-29
 209.546181      0.751  40.234339    15.6558    6.63081      0.745    32.0251    23.5370 -9.990e-29
 209.546186      0.763  40.241223    15.6567    6.63373      0.757    32.0305    23.5409 -9.990e-29
 209.546192      0.770  40.242848    15.6576    6.63656      0.764    32.0312    23.5413 -9.990e-29
 209.546198      0.770  40.244200    15.6612    6.61781      0.764    32.0295    23.5392 -9.990e-29
 209.546204      0.767  40.248215    15.6664    6.61128      0.761    32.0288    23.5375 -9.990e-29
 209.546209      0.764  40.252404    15.6713    6.61578      0.758    32.0286    23.5362 -9.990e-29
 209.546215      0.761  40.256194    15.6751    6.62965      0.755    32.0289    23.5356 -9.990e-29
 209.546221      0.758  40.259603    15.6785    6.63232      0.752    32.0291    23.5351 -9.990e-29
 209.546227      0.754  40.262699    15.6814    6.62053      0.748    32.0295    23.5347 -9.990e-29
 209.546233      0.755  40.265134    15.6835    6.60063      0.749    32.0300    23.5346 -9.990e-29
 209.546238      0.760  40.266803    15.6847    6.60862      0.754    32.0305    23.5347 -9.990e-29
 209.546244      0.760  40.268823    15.6835    6.62017      0.754    32.0333    23.5371 -9.990e-29
 209.546250      0.757  40.268847    15.6801    6.62076      0.751    32.0360    23.5400 -9.990e-29
 209.546256      0.753  40.264676    15.6795    6.62072      0.747    32.0328    23.5377 -9.990e-29
 209.546262      0.748  40.262546    15.6834    6.60941      0.742    32.0278    23.5329 -9.990e-29
 209.546267      0.752  40.268045    15.6882    6.61107      0.746    32.0288    23.5326 -9.990e-29
 209.546273      0.767  40.276173    15.6922    6.61470      0.761    32.0327    23.5348 -9.990e-29
 209.546279      0.779  40.281135    15.6960    6.62016      0.772    32.0340    23.5350 -9.990e-29
 209.546285      0.779  40.283379    15.6991    6.61652      0.772    32.0335    23.5339 -9.990e-29
 209.546291      0.776  40.284406    15.7009    6.61233      0.770    32.0329    23.5331 -9.990e-29
 209.546296      0.774  40.284472    15.7023    6.60956      0.768    32.0319    23.5319 -9.990e-29
 209.546302      0.773  40.284418    15.7033    6.60875      0.767    32.0310    23.5310 -9.990e-29
 209.546308      0.773  40.284737    15.7041    6.61123      0.767    32.0306    23.5306 -9.990e-29
 209.546314      0.773  40.285295    15.7055    6.59909      0.767    32.0300    23.5298 -9.990e-29
 209.546319      0.775  40.286840    15.7070    6.60635      0.769    32.0302    23.5296 -9.990e-29
 209.546325      0.777  40.288628    15.7081    6.60335      0.771    32.0309    23.5299 -9.990e-29
 209.546331      0.780  40.289681    15.7093    6.60916      0.773    32.0308    23.5296 -9.990e-29
 209.546337      0.785  40.290842    15.7111    6.60878      0.778    32.0304    23.5288 -9.990e-29
 209.546343      0.791  40.292543    15.7128    6.59592      0.784    32.0305    23.5286 -9.990e-29
 209.546348      0.795  40.294249    15.7132    6.59947      0.788    32.0317    23.5294 -9.990e-29
 209.546354      0.793  40.294870    15.7127    6.58940      0.786    32.0326    23.5302 -9.990e-29
 209.546360      0.788  40.294114    15.7129    6.59536      0.781    32.0318    23.5295 -9.990e-29
 209.546366      0.785  40.293783    15.7143    6.59391      0.778    32.0304    23.5281 -9.990e-29
 209.546372      0.784  40.295121    15.7154    6.59261      0.777    32.0307    23.5281 -9.990e-29
 209.546377      0.785  40.296550    15.7154    6.59070      0.778    32.0320    23.5291 -9.990e-29
 209.546383      0.786  40.296609    15.7150    6.59161      0.779    32.0323    23.5295 -9.990e-29
 209.546389      0.790  40.295943    15.7153    6.60131      0.783    32.0315    23.5288 -9.990e-29
 209.546395      0.796  40.295910    15.7169    6.60572      0.789    32.0302    23.5274 -9.990e-29
 209.546400      0.804  40.297591    15.7190    6.60890      0.797    32.0299    23.5268 -9.990e-29
 209.546406      0.814  40.300424    15.7202    6.60039      0.807    32.0315    23.5277 -9.990e-29
 209.546412      0.828  40.302017    15.7197    6.60454      0.821    32.0333    23.5292 -9.990e-29
 209.546418      0.842  40.301133    15.7173    6.59722      0.835    32.0344    23.5306 -9.990e-29
 209.546424      0.853  40.298278    15.7141    6.59542      0.846    32.0345    23.5313 -9.990e-29
 209.546429      0.861  40.294700    15.7121    6.58941      0.854    32.0330    23.5306 -9.990e-29
 209.546435      0.863  40.292925    15.7112    6.58848      0.856    32.0321    23.5301 -9.990e-29
 209.546441      0.858  40.293391    15.7085    6.59424      0.851    32.0347    23.5327 -9.990e-29
 209.546447      0.856  40.292796    15.7027    6.59069      0.849    32.0389    23.5372 -9.990e-29
 209.546453      0.859  40.288668    15.6971    6.60331      0.852    32.0398    23.5392 -9.990e-29
 209.546458      0.864  40.282800    15.6949    6.60596      0.857    32.0364    23.5370 -9.990e-29
 209.546464      0.868  40.279153    15.6955    6.62028      0.861    32.0326    23.5340 -9.990e-29
 209.546470      0.874  40.279038    15.6973    6.62073      0.867    32.0311    23.5324 -9.990e-29
 209.546476      0.883  40.280621    15.6995    6.61288      0.876    32.0307    23.5316 -9.990e-29
 209.546481      0.887  40.282648    15.7026    6.61396      0.880    32.0300    23.5304 -9.990e-29
 209.546487      0.881  40.285580    15.7064    6.59805      0.874    32.0295    23.5292 -9.990e-29
 209.546493      0.871  40.288841    15.7095    6.59167      0.864    32.0299    23.5288 -9.990e-29
 209.546499      0.863  40.291170    15.7097    6.58886      0.856    32.0318    23.5302 -9.990e-29
 209.546505      0.862  40.291748    15.7041    6.59755      0.855    32.0368    23.5353 -9.990e-29
 209.546510      0.867  40.287422    15.6949    6.60879      0.860    32.0405    23.5402 -9.990e-29
 209.546516      0.879  40.279163    15.6915    6.61824      0.872    32.0359    23.5374 -9.990e-29
 209.546522      0.895  40.275600    15.6962    6.61407      0.888    32.0289    23.5310 -9.990e-29
 209.546528      0.906  40.278714    15.7033    6.59581      0.898    32.0259    23.5271 -9.990e-29
 209.546534      0.909  40.284242    15.7096    6.59750      0.901    32.0257    23.5256 -9.990e-29
 209.546539      0.909  40.290582    15.7119    6.60595      0.901    32.0295    23.5279 -9.990e-29
 209.546545      0.914  40.293283    15.7054    6.62341      0.906    32.0371    23.5353 -9.990e-29
 209.546551      0.924  40.286975    15.6949    6.61047      0.916    32.0400    23.5398 -9.990e-29
 209.546557      0.933  40.276718    15.6928    6.59941      0.925    32.0326    23.5346 -9.990e-29
 209.546562      0.934  40.274650    15.7005    6.59455      0.926    32.0246    23.5267 -9.990e-29
 209.546568      0.934  40.282502    15.7087    6.59352      0.926    32.0249    23.5251 -9.990e-29
 209.546574      0.937  40.289983    15.7129    6.60566      0.929    32.0281    23.5267 -9.990e-29
 209.546580      0.938  40.293046    15.7154    6.60263      0.930    32.0288    23.5267 -9.990e-29
 209.546586      0.933  40.295778    15.7174    6.60527      0.925    32.0296    23.5268 -9.990e-29
 209.546591      0.926  40.298458    15.7193    6.60153      0.918    32.0304    23.5271 -9.990e-29
 209.546597      0.926  40.300173    15.7220    6.60279      0.918    32.0298    23.5259 -9.990e-29
 209.546603      0.932  40.302094    15.7255    6.59832      0.924    32.0286    23.5243 -9.990e-29
 209.546609      0.935  40.305101    15.7286    6.59317      0.927    32.0288    23.5237 -9.990e-29
 209.546615      0.938  40.308156    15.7301    6.60196      0.930    32.0303    23.5245 -9.990e-29
 209.546620      0.942  40.309162    15.7300    6.59776      0.934    32.0312    23.5253 -9.990e-29
 209.546626      0.946  40.308344    15.7292    6.60203      0.938    32.0312    23.5254 -9.990e-29
 209.546632      0.944  40.307419    15.7287    6.59521      0.936    32.0307    23.5252 -9.990e-29
 209.546638      0.936  40.307401    15.7284    6.58606      0.928    32.0310    23.5255 -9.990e-29
 209.546644      0.927  40.307706    15.7281    6.59123      0.919    32.0315    23.5259 -9.990e-29
 209.546649      0.920  40.307622    15.7278    6.58811      0.912    32.0317    23.5261 -9.990e-29
 209.546655      0.915  40.307602    15.7275    6.59109      0.907    32.0319    23.5264 -9.990e-29
 209.546661      0.915  40.307622    15.7267    6.58627      0.907    32.0326    23.5271 -9.990e-29
 209.546667      0.921  40.307149    15.7252    6.59497      0.913    32.0333    23.5280 -9.990e-29
 209.546672      0.928  40.306117    15.7237    6.59352      0.920    32.0336    23.5286 -9.990e-29
 209.546678      0.942  40.304836    15.7226    6.59212      0.934    32.0334    23.5286 -9.990e-29
 209.546684      0.963  40.303847    15.7216    6.59229      0.955    32.0333    23.5288 -9.990e-29
 209.546690      0.984  40.302956    15.7211    6.58989      0.976    32.0329    23.5286 -9.990e-29
 209.546696      1.002  40.302097    15.7214    6.59679      0.994    32.0319    23.5277 -9.990e-29
 209.546701      1.018  40.301811    15.7215    6.58834      1.010    32.0316    23.5275 -9.990e-29
 209.546707      1.034  40.301722    15.7214    6.58031      1.025    32.0316    23.5275 -9.990e-29
 209.546713      1.045  40.301711    15.7217    6.57800      1.036    32.0313    23.5272 -9.990e-29
 209.546719      1.049  40.302327    15.7229    6.58897      1.040    32.0309    23.5266 -9.990e-29
 209.546725      1.050  40.303834    15.7248    6.59801      1.041    32.0307    23.5260 -9.990e-29
 209.546730      1.053  40.306001    15.7259    6.59480      1.044    32.0317    23.5266 -9.990e-29
 209.546736      1.056  40.307231    15.7260    6.59630      1.047    32.0327    23.5273 -9.990e-29
 209.546742      1.062  40.306922    15.7258    6.58619      1.053    32.0326    23.5273 -9.990e-29
 209.546748      1.069  40.306350    15.7253    6.59556      1.060    32.0325    23.5273 -9.990e-29
 209.546753      1.079  40.305876    15.7247    6.58825      1.070    32.0326    23.5275 -9.990e-29
 209.546759      1.092  40.305432    15.7242    6.58444      1.083    32.0326    23.5276 -9.990e-29
 209.546765      1.104  40.304990    15.7239    6.58468      1.095    32.0324    23.5276 -9.990e-29
 209.546771      1.109  40.304525    15.7239    6.57778      1.100    32.0320    23.5273 -9.990e-29
 209.546777      1.105  40.304542    15.7242    6.59403      1.096    32.0318    23.5270 -9.990e-29
 209.546782      1.098  40.305064    15.7248    6.59066      1.089    32.0318    23.5269 -9.990e-29
 209.546788      1.086  40.305671    15.7262    6.59931      1.077    32.0312    23.5261 -9.990e-29
 209.546794      1.074  40.306612    15.7284    6.60348      1.065    32.0302    23.5249 -9.990e-29
 209.546800      1.064  40.308585    15.7302    6.59843      1.055    32.0305    23.5247 -9.990e-29
 209.546806      1.057  40.310857    15.7307    6.60232      1.048    32.0321    23.5258 -9.990e-29
 209.546811      1.051  40.311408    15.7297    6.59896      1.042    32.0334    23.5271 -9.990e-29
 209.546817      1.047  40.310417    15.7271    6.60155      1.038    32.0347    23.5286 -9.990e-29
 209.546823      1.043  40.308810    15.7225    6.60026      1.034    32.0370    23.5314 -9.990e-29
 209.546829      1.041  40.305009    15.7175    6.60235      1.032    32.0376    23.5330 -9.990e-29
 209.546834      1.039  40.300121    15.7119    6.59832      1.030    32.0379    23.5344 -9.990e-29
 209.546840      1.038  40.295486    15.7052    6.58774      1.029    32.0392    23.5369 -9.990e-29
 209.546846      1.037  40.291096    15.7000    6.59276      1.028    32.0395    23.5383 -9.990e-29
 209.546852      1.036  40.288396    15.6926    6.59678      1.027    32.0431    23.5427 -9.990e-29
 209.546858      1.036  40.282103    15.6818    6.61292      1.027    32.0463    23.5476 -9.990e-29
 209.546863      1.037  40.270564    15.6750    6.61835      1.028    32.0416    23.5454 -9.990e-29
 209.546869      1.038  40.263083    15.6742    6.60229      1.029    32.0356    23.5410 -9.990e-29
 209.546875      1.039  40.261469    15.6770    6.59422      1.030    32.0319    23.5375 -9.990e-29
 209.546881      1.041  40.263574    15.6791    6.59013      1.032    32.0321    23.5372 -9.990e-29
 209.546887      1.044  40.266595    15.6748    6.60447      1.035    32.0382    23.5429 -9.990e-29
 209.546892      1.048  40.262218    15.6674    6.61213      1.039    32.0404    23.5462 -9.990e-29
 209.546898      1.053  40.253589    15.6646    6.61590      1.044    32.0350    23.5426 -9.990e-29
 209.546904      1.059  40.250529    15.6686    6.60940      1.050    32.0290    23.5372 -9.990e-29
 209.546910      1.067  40.254569    15.6772    6.62145      1.058    32.0256    23.5327 -9.990e-29
 209.546916      1.077  40.262118    15.6862    6.64018      1.068    32.0250    23.5302 -9.990e-29
 209.546921      1.090  40.269780    15.6927    6.64722      1.081    32.0265    23.5299 -9.990e-29
 209.546927      1.108  40.276552    15.6956    6.67520      1.099    32.0302    23.5321 -9.990e-29
 209.546933      1.130  40.280246    15.6953    6.72050      1.121    32.0337    23.5349 -9.990e-29
 209.546939      1.158  40.279620    15.6947    7.11169      1.148    32.0336    23.5349 -9.990e-29
