data/oxygen options/ONMS/Olympic_Coast_National_Marine_Sanctuary_Hypoxia_Survey_CTD_Data_2004_2015/raw_data/2004/CTD_TH60_072704faed.cnv
* Sea-Bird SBE19 Data File:
* FileName = C:\WINDOWS\Desktop\put hypoxia files here\CTD files\July 26_27-04\TH\TH6_072704.hex
* Software Version 1.1.4
* Temperature SN = 2997
* Conductivity SN = 2997
* System UpLoad Time = Jul 27 2004 11:59:01
* SEACAT PROFILER V3.1c SN 2997   07/27/04  11:58:26.602
* strain gauge pressure sensor: S/N = 184829,  range = 3000 psia,  tc = 40
# nquan = 9                                 
# nvalues = 783                         
# units = specified
# name 0 = timeJ: Julian Days
# name 1 = prSM: Pressure, Strain Gauge [db]
# name 2 = c0mS/cm: Conductivity [mS/cm]
# name 3 = t090C: Temperature [ITS-90, deg C]
# name 4 = oxML/L: Oxygen, Beckman/YSI [ml/l]
# name 5 = depSM: Depth [salt water, m], lat = 47.5
# name 6 = sal00: Salinity, Practical [PSU]
# name 7 = sigma-é00: Density [sigma-theta, kg/m^3]
# name 8 = flag: flag
# span 0 = 209.406343, 209.410868       
# span 1 =     -5.103,     60.763       
# span 2 =   0.839386,  39.458527       
# span 3 =     7.1941,    14.5818       
# span 4 =   -0.05528,   30.97138       
# span 5 =     -5.060,     60.247       
# span 6 =     0.5425,    33.7521       
# span 7 =    -0.2083,    26.4095       
# span 8 = 0.0000e+00, 0.0000e+00       
# interval = seconds: 0.5
# start_time = Jul 27 2004 09:45:08 [Instrument's time stamp, header]
# bad_flag = -9.990e-29
*END*
[from data line 321]
 209.408200      0.854  39.438633    14.5611    7.39679      0.847    32.2085    23.9141 -9.990e-29
 209.408206      0.863  39.439702    14.5636    7.38140      0.856    32.2074    23.9127 -9.990e-29
 209.408212      0.874  39.441690    14.5660    7.37308      0.867    32.2072    23.9121 -9.990e-29
 209.408218      0.884  39.444457    14.5663    7.37058      0.877    32.2095    23.9138 -9.990e-29
 209.408223      0.893  39.444976    14.5646    7.36990      0.886    32.2113    23.9156 -9.990e-29
 209.408229      0.902  39.443396    14.5627    7.38219      0.894    32.2115    23.9161 -9.990e-29
 209.408235      0.915  39.441553    14.5618    7.37929      0.907    32.2105    23.9155 -9.990e-29
 209.408241      0.934  39.440372    14.5623    7.37747      0.926    32.2090    23.9143 -9.990e-29
 209.408247      0.952  39.440539    14.5634    7.37414      0.944    32.2083    23.9135 -9.990e-29
 209.408252      0.964  39.441731    14.5633    7.37786      0.956    32.2094    23.9144 -9.990e-29
 209.408258      0.972  39.442748    14.5605    7.38212      0.964    32.2127    23.9175 -9.990e-29
 209.408264      0.977  39.441594    14.5558    7.38867      0.969    32.2155    23.9207 -9.990e-29
 209.408270      0.978  39.437309    14.5520    7.38907      0.970    32.2148    23.9209 -9.990e-29
 209.408275      0.980  39.432612    14.5509    7.37995      0.972    32.2114    23.9185 -9.990e-29
 209.408281      0.988  39.430233    14.5522    7.38313      0.980    32.2082    23.9157 -9.990e-29
 209.408287      0.997  39.430383    14.5546    7.38336      0.989    32.2063    23.9138 -9.990e-29
 209.408293      1.005  39.433277    14.5572    7.38859      0.997    32.2068    23.9136 -9.990e-29
 209.408299      1.010  39.437179    14.5598    7.39487      1.002    32.2082    23.9141 -9.990e-29
 209.408304      1.015  39.440014    14.5621    7.38937      1.007    32.2088    23.9142 -9.990e-29
 209.408310      1.018  39.442211    14.5628    7.38145      1.010    32.2103    23.9151 -9.990e-29
 209.408316      1.021  39.443352    14.5619    7.36963      1.012    32.2120    23.9167 -9.990e-29
 209.408322      1.023  39.442728    14.5610    7.37280      1.014    32.2122    23.9170 -9.990e-29
 209.408328      1.025  39.441770    14.5612    7.38798      1.016    32.2112    23.9162 -9.990e-29
 209.408333      1.026  39.442020    14.5623    7.39474      1.017    32.2105    23.9154 -9.990e-29
 209.408339      1.027  39.442707    14.5635    7.39055      1.018    32.2101    23.9149 -9.990e-29
 209.408345      1.028  39.443080    14.5653    7.37950      1.019    32.2090    23.9136 -9.990e-29
 209.408351      1.028  39.444773    14.5674    7.37732      1.019    32.2088    23.9130 -9.990e-29
 209.408356      1.029  39.447253    14.5678    7.37381      1.020    32.2107    23.9144 -9.990e-29
 209.408362      1.029  39.447112    14.5668    7.38259      1.020    32.2114    23.9152 -9.990e-29
 209.408368      1.030  39.445300    14.5665    7.37935      1.021    32.2100    23.9141 -9.990e-29
 209.408374      1.030  39.445029    14.5675    7.37050      1.021    32.2089    23.9131 -9.990e-29
 209.408380      1.030  39.446515    14.5691    7.36436      1.021    32.2089    23.9128 -9.990e-29
 209.408385      1.030  39.448387    14.5698    7.36793      1.021    32.2101    23.9135 -9.990e-29
 209.408391      1.031  39.448671    14.5691    7.38522      1.022    32.2109    23.9143 -9.990e-29
 209.408397      1.031  39.447199    14.5681    7.38150      1.022    32.2104    23.9141 -9.990e-29
 209.408403      1.032  39.445953    14.5676    7.38844      1.023    32.2097    23.9137 -9.990e-29
 209.408409      1.033  39.445533    14.5675    7.37524      1.024    32.2094    23.9135 -9.990e-29
 209.408414      1.033  39.445395    14.5674    7.38038      1.024    32.2093    23.9134 -9.990e-29
 209.408420      1.034  39.445371    14.5672    7.38206      1.025    32.2095    23.9136 -9.990e-29
 209.408426      1.035  39.445445    14.5671    7.37800      1.026    32.2096    23.9137 -9.990e-29
 209.408432      1.037  39.445731    14.5671    7.37913      1.028    32.2099    23.9139 -9.990e-29
 209.408437      1.039  39.446066    14.5671    7.37673      1.030    32.2102    23.9142 -9.990e-29
 209.408443      1.041  39.446350    14.5677    7.39014      1.032    32.2100    23.9139 -9.990e-29
 209.408449      1.045  39.446977    14.5688    7.38328      1.036    32.2096    23.9134 -9.990e-29
 209.408455      1.045  39.447864    14.5697    7.38520      1.036    32.2097    23.9132 -9.990e-29
 209.408461      1.037  39.448520    14.5699    7.37841      1.028    32.2101    23.9135 -9.990e-29
 209.408466      1.025  39.448333    14.5691    7.38462      1.016    32.2106    23.9141 -9.990e-29
 209.408472      1.018  39.447071    14.5679    7.38854      1.010    32.2105    23.9142 -9.990e-29
 209.408478      1.018  39.445494    14.5670    7.37866      1.010    32.2098    23.9139 -9.990e-29
 209.408484      1.022  39.444878    14.5665    7.37184      1.013    32.2096    23.9138 -9.990e-29
 209.408490      1.025  39.444971    14.5660    7.36610      1.016    32.2101    23.9143 -9.990e-29
 209.408495      1.028  39.444224    14.5646    7.38432      1.019    32.2106    23.9150 -9.990e-29
 209.408501      1.031  39.442771    14.5627    7.38953      1.022    32.2109    23.9156 -9.990e-29
 209.408507      1.033  39.440931    14.5618    7.39250      1.024    32.2099    23.9151 -9.990e-29
 209.408513      1.036  39.439627    14.5626    7.37301      1.027    32.2081    23.9135 -9.990e-29
 209.408519      1.039  39.440496    14.5624    7.36926      1.030    32.2090    23.9143 -9.990e-29
 209.408524      1.043  39.440781    14.5594    7.38049      1.034    32.2118    23.9170 -9.990e-29
 209.408530      1.048  39.438065    14.5559    7.39318      1.039    32.2122    23.9181 -9.990e-29
 209.408536      1.054  39.434908    14.5538    7.38900      1.045    32.2111    23.9176 -9.990e-29
 209.408542      1.062  39.432722    14.5530    7.37442      1.053    32.2097    23.9168 -9.990e-29
 209.408547      1.071  39.431406    14.5523    7.37897      1.062    32.2091    23.9165 -9.990e-29
 209.408553      1.079  39.430899    14.5512    7.38698      1.070    32.2096    23.9170 -9.990e-29
 209.408559      1.082  39.430537    14.5505    7.39518      1.073    32.2098    23.9174 -9.990e-29
 209.408565      1.083  39.430405    14.5512    7.38854      1.074    32.2091    23.9167 -9.990e-29
 209.408571      1.088  39.430898    14.5531    7.38644      1.079    32.2080    23.9154 -9.990e-29
 209.408576      1.092  39.432124    14.5549    7.38530      1.083    32.2076    23.9147 -9.990e-29
 209.408582      1.091  39.433483    14.5561    7.38702      1.082    32.2079    23.9147 -9.990e-29
 209.408588      1.090  39.434551    14.5572    7.38200      1.081    32.2079    23.9145 -9.990e-29
 209.408594      1.093  39.435641    14.5582    7.39050      1.084    32.2081    23.9144 -9.990e-29
 209.408600      1.100  39.436534    14.5590    7.38726      1.091    32.2082    23.9144 -9.990e-29
 209.408605      1.107  39.437309    14.5601    7.39354      1.098    32.2080    23.9140 -9.990e-29
 209.408611      1.110  39.438448    14.5613    7.38986      1.101    32.2080    23.9137 -9.990e-29
 209.408617      1.110  39.439796    14.5622    7.39090      1.101    32.2085    23.9139 -9.990e-29
 209.408623      1.106  39.440917    14.5625    7.38776      1.097    32.2093    23.9144 -9.990e-29
 209.408628      1.103  39.441631    14.5624    7.38533      1.094    32.2100    23.9150 -9.990e-29
 209.408634      1.105  39.441781    14.5622    7.39800      1.096    32.2103    23.9153 -9.990e-29
 209.408640      1.107  39.441014    14.5617    7.40543      1.098    32.2101    23.9152 -9.990e-29
 209.408646      1.105  39.439441    14.5606    7.40229      1.096    32.2095    23.9150 -9.990e-29
 209.408652      1.104  39.437778    14.5592    7.38817      1.095    32.2092    23.9151 -9.990e-29
 209.408657      1.108  39.436625    14.5574    7.38315      1.099    32.2096    23.9158 -9.990e-29
 209.408663      1.116  39.435577    14.5548    7.38463      1.107    32.2108    23.9172 -9.990e-29
 209.408669      1.126  39.433807    14.5524    7.40185      1.117    32.2112    23.9180 -9.990e-29
 209.408675      1.133  39.431769    14.5511    7.40192      1.124    32.2104    23.9177 -9.990e-29
 209.408681      1.139  39.430684    14.5509    7.39629      1.129    32.2096    23.9171 -9.990e-29
 209.408686      1.138  39.430237    14.5514    7.39520      1.128    32.2088    23.9164 -9.990e-29
 209.408692      1.131  39.429842    14.5513    7.40031      1.122    32.2085    23.9162 -9.990e-29
 209.408698      1.126  39.429543    14.5503    7.40733      1.117    32.2091    23.9168 -9.990e-29
 209.408704      1.128  39.428953    14.5493    7.40170      1.119    32.2094    23.9173 -9.990e-29
 209.408709      1.131  39.428417    14.5488    7.39036      1.122    32.2093    23.9173 -9.990e-29
 209.408715      1.128  39.428351    14.5489    7.38726      1.119    32.2091    23.9172 -9.990e-29
 209.408721      1.118  39.428678    14.5499    7.39113      1.109    32.2086    23.9166 -9.990e-29
 209.408727      1.110  39.429842    14.5516    7.40392      1.101    32.2083    23.9159 -9.990e-29
 209.408733      1.107  39.431724    14.5531    7.41392      1.098    32.2087    23.9160 -9.990e-29
 209.408738      1.108  39.432916    14.5547    7.40187      1.099    32.2085    23.9155 -9.990e-29
 209.408744      1.111  39.433895    14.5568    7.39049      1.102    32.2076    23.9144 -9.990e-29
 209.408750      1.114  39.435978    14.5584    7.39116      1.105    32.2082    23.9145 -9.990e-29
 209.408756      1.127  39.437462    14.5583    7.40224      1.118    32.2096    23.9156 -9.990e-29
 209.408762      1.146  39.436972    14.5571    7.40116      1.136    32.2102    23.9163 -9.990e-29
 209.408767      1.164  39.435548    14.5564    7.40222      1.154    32.2095    23.9159 -9.990e-29
 209.408773      1.181  39.434665    14.5567    7.39549      1.171    32.2084    23.9150 -9.990e-29
 209.408779      1.196  39.434841    14.5574    7.39082      1.186    32.2080    23.9145 -9.990e-29
 209.408785      1.204  39.435757    14.5574    7.40616      1.194    32.2088    23.9151 -9.990e-29
 209.408791      1.205  39.436399    14.5559    7.40225      1.195    32.2106    23.9169 -9.990e-29
 209.408796      1.206  39.435391    14.5536    7.40294      1.196    32.2116    23.9181 -9.990e-29
 209.408802      1.208  39.433082    14.5526    7.39076      1.198    32.2103    23.9173 -9.990e-29
 209.408808      1.209  39.431452    14.5532    7.39972      1.199    32.2084    23.9157 -9.990e-29
 209.408814      1.209  39.431706    14.5544    7.41167      1.199    32.2076    23.9148 -9.990e-29
 209.408819      1.212  39.433069    14.5555    7.42105      1.202    32.2079    23.9149 -9.990e-29
 209.408825      1.217  39.434564    14.5568    7.41097      1.207    32.2082    23.9148 -9.990e-29
 209.408831      1.226  39.435949    14.5587    7.38738      1.216    32.2079    23.9142 -9.990e-29
 209.408837      1.234  39.437960    14.5601    7.37549      1.224    32.2086    23.9144 -9.990e-29
 209.408843      1.238  39.439921    14.5589    7.38643      1.228    32.2113    23.9168 -9.990e-29
 209.408848      1.238  39.438846    14.5557    7.40297      1.228    32.2130    23.9187 -9.990e-29
 209.408854      1.239  39.434994    14.5536    7.41081      1.229    32.2112    23.9178 -9.990e-29
 209.408860      1.244  39.432219    14.5546    7.39892      1.234    32.2079    23.9150 -9.990e-29
 209.408866      1.250  39.433002    14.5575    7.38823      1.240    32.2062    23.9131 -9.990e-29
 209.408872      1.252  39.436152    14.5605    7.38670      1.242    32.2066    23.9128 -9.990e-29
 209.408877      1.252  39.439144    14.5621    7.40068      1.242    32.2080    23.9135 -9.990e-29
 209.408883      1.253  39.440367    14.5614    7.40113      1.243    32.2097    23.9150 -9.990e-29
 209.408889      1.260  39.439219    14.5593    7.38961      1.249    32.2104    23.9159 -9.990e-29
 209.408895      1.268  39.436987    14.5580    7.38891      1.257    32.2094    23.9155 -9.990e-29
 209.408900      1.274  39.435753    14.5581    7.39222      1.263    32.2082    23.9145 -9.990e-29
 209.408906      1.279  39.436125    14.5585    7.41058      1.268    32.2082    23.9144 -9.990e-29
 209.408912      1.282  39.436925    14.5582    7.40495      1.271    32.2092    23.9153 -9.990e-29
 209.408918      1.285  39.436987    14.5579    7.40353      1.274    32.2095    23.9156 -9.990e-29
 209.408924      1.286  39.436963    14.5590    7.39485      1.275    32.2085    23.9146 -9.990e-29
 209.408929      1.286  39.437956    14.5609    7.40138      1.275    32.2079    23.9137 -9.990e-29
 209.408935      1.285  39.439615    14.5618    7.41025      1.274    32.2086    23.9141 -9.990e-29
 209.408941      1.284  39.440235    14.5613    7.40701      1.273    32.2096    23.9149 -9.990e-29
 209.408947      1.281  39.439531    14.5607    7.39736      1.270    32.2095    23.9150 -9.990e-29
 209.408953      1.277  39.438818    14.5608    7.39034      1.266    32.2087    23.9144 -9.990e-29
 209.408958      1.272  39.438840    14.5614    7.38425      1.261    32.2083    23.9139 -9.990e-29
 209.408964      1.264  39.439636    14.5613    7.40370      1.253    32.2091    23.9145 -9.990e-29
 209.408970      1.259  39.440032    14.5605    7.41337      1.248    32.2101    23.9155 -9.990e-29
 209.408976      1.260  39.439443    14.5598    7.42187      1.249    32.2101    23.9157 -9.990e-29
 209.408981      1.263  39.438778    14.5590    7.40143      1.252    32.2102    23.9159 -9.990e-29
 209.408987      1.263  39.438284    14.5578    7.39021      1.252    32.2107    23.9166 -9.990e-29
 209.408993      1.261  39.437311    14.5562    7.39608      1.250    32.2112    23.9172 -9.990e-29
 209.408999      1.260  39.435693    14.5538    7.39890      1.249    32.2117    23.9181 -9.990e-29
 209.409005      1.266  39.433529    14.5510    7.39973      1.255    32.2121    23.9190 -9.990e-29
 209.409010      1.274  39.430748    14.5493    7.39082      1.263    32.2109    23.9185 -9.990e-29
 209.409016      1.280  39.428700    14.5486    7.39892      1.269    32.2097    23.9177 -9.990e-29
 209.409022      1.285  39.428032    14.5474    7.40468      1.274    32.2100    23.9182 -9.990e-29
 209.409028      1.288  39.426739    14.5456    7.41131      1.277    32.2104    23.9188 -9.990e-29
 209.409034      1.292  39.424792    14.5452    7.40230      1.281    32.2089    23.9178 -9.990e-29
 209.409039      1.294  39.425217    14.5457    7.40436      1.283    32.2089    23.9177 -9.990e-29
 209.409045      1.296  39.426906    14.5450    7.40716      1.285    32.2110    23.9194 -9.990e-29
 209.409051      1.298  39.425949    14.5448    7.42449      1.287    32.2103    23.9189 -9.990e-29
 209.409057      1.300  39.425006    14.5466    7.42126      1.289    32.2079    23.9168 -9.990e-29
 209.409063      1.302  39.426758    14.5482    7.41880      1.291    32.2082    23.9166 -9.990e-29
 209.409068      1.304  39.428500    14.5488    7.40919      1.293    32.2093    23.9173 -9.990e-29
 209.409074      1.306  39.429200    14.5489    7.39643      1.295    32.2099    23.9177 -9.990e-29
 209.409080      1.309  39.429802    14.5492    7.39459      1.298    32.2101    23.9179 -9.990e-29
 209.409086      1.312  39.430558    14.5498    7.40806      1.301    32.2103    23.9179 -9.990e-29
 209.409091      1.316  39.430801    14.5506    7.41605      1.305    32.2099    23.9174 -9.990e-29
 209.409097      1.321  39.430304    14.5507    7.42029      1.310    32.2094    23.9170 -9.990e-29
 209.409103      1.327  39.429539    14.5494    7.41357      1.316    32.2097    23.9175 -9.990e-29
 209.409109      1.335  39.428056    14.5482    7.40307      1.324    32.2094    23.9175 -9.990e-29
 209.409115      1.345  39.427253    14.5491    7.41093      1.334    32.2079    23.9162 -9.990e-29
