data/oxygen options/ONMS/Olympic_Coast_National_Marine_Sanctuary_Hypoxia_Survey_CTD_Data_2004_2015/raw_data/2004/CTD_CA60_082404faed.cnv
* Sea-Bird SBE19 Data File:
* FileName = C:\WINDOWS\Desktop\put hypoxia files here\CTD data\August 24_25-04\CA60_082404.hex
* Software Version 1.1.4
* Temperature SN = 2997
* Conductivity SN = 2997
* System UpLoad Time = Aug 24 2004 12:36:21
* SEACAT PROFILER V3.1c SN 2997   08/24/04  12:37:59.332
* strain gauge pressure sensor: S/N = 184829,  range = 3000 psia,  tc = 40
# nquan = 9                                 
# nvalues = 723                         
# units = specified
# name 0 = timeJ: Julian Days
# name 1 = prSM: Pressure, Strain Gauge [db]
# name 2 = c0mS/cm: Conductivity [mS/cm]
# name 3 = t090C: Temperature [ITS-90, deg C]
# name 4 = oxML/L: Oxygen, Beckman/YSI [ml/l]
# name 5 = depSM: Depth [salt water, m], lat = 47.5
# name 6 = sal00: Salinity, Practical [PSU]
# name 7 = sigma-é00: Density [sigma-theta, kg/m^3]
# name 8 = flag: flag
# span 0 = 237.469375, 237.473553       
# span 1 =     -5.176,     60.729       
# span 2 =   0.545054,  39.505369       
# span 3 =     7.7793,    15.1328       
# span 4 =   -0.05391,   30.24766       
# span 5 =     -5.133,     60.213       
# span 6 =     0.3348,    33.4105       
# span 7 =    -0.5597,    26.0583       
# span 8 = 0.0000e+00, 0.0000e+00       
# interval = seconds: 0.5
# start_time = Aug 24 2004 11:15:54 [Instrument's time stamp, header]
# bad_flag = -9.990e-29
*END*
[from data line 481]
 237.472159     14.887  37.227337    11.5676    5.84976     14.762    32.6799    24.8678 0.0000e+00
 237.472164     15.369  37.062432    11.2984    5.71624     15.240    32.7564    24.9760 0.0000e+00
 237.472170     15.889  36.867730    10.9901    5.59844     15.756    32.8389    25.0950 0.0000e+00
 237.472176     16.450  36.654986    10.6768    5.51871     16.312    32.9083    25.2040 0.0000e+00
 237.472182     17.052  36.458923    10.4055    5.42344     16.909    32.9568    25.2886 0.0000e+00
 237.472187     17.683  36.288020    10.2174    5.32235     17.535    32.9551    25.3192 0.0000e+00
 237.472193     18.327  36.151317    10.1085    5.21398     18.173    32.9156    25.3068 0.0000e+00
 237.472199     18.974  36.063013    10.0407    5.15260     18.815    32.8875    25.2963 0.0000e+00
 237.472205     19.617  36.007609     9.9772    5.11064     19.452    32.8888    25.3079 0.0000e+00
 237.472211     20.256  35.957177     9.9025    5.08132     20.086    32.9053    25.3332 0.0000e+00
 237.472216     20.886  35.901077     9.8259    5.06872     20.711    32.9178    25.3557 0.0000e+00
 237.472222     21.511  35.845778     9.7621    5.04723     21.330    32.9195    25.3675 0.0000e+00
 237.472228     22.136  35.802737     9.7114    5.03644     21.950    32.9216    25.3775 0.0000e+00
 237.472234     22.761  35.770041     9.6646    5.00090     22.570    32.9308    25.3923 0.0000e+00
 237.472240     23.383  35.738829     9.6180    4.97790     23.187    32.9413    25.4081 0.0000e+00
 237.472245     24.005  35.707826     9.5717    4.93887     23.803    32.9517    25.4238 0.0000e+00
 237.472251     24.625  35.678279     9.5247    4.87195     24.418    32.9643    25.4412 0.0000e+00
 237.472257     25.242  35.650015     9.4750    4.81548     25.030    32.9807    25.4621 0.0000e+00
 237.472263     25.851  35.621765     9.4106    4.76129     25.634    33.0107    25.4959 0.0000e+00
 237.472269     26.448  35.583310     9.3190    4.70598     26.226    33.0554    25.5456 0.0000e+00
 237.472274     27.029  35.523717     9.2074    4.65920     26.802    33.0969    25.5958 0.0000e+00
 237.472280     27.587  35.445914     9.0967    4.59869     27.355    33.1188    25.6305 0.0000e+00
 237.472286     28.123  35.366101     9.0038    4.53873     27.886    33.1221    25.6477 0.0000e+00
 237.472292     28.647  35.301157     8.9235    4.48724     28.406    33.1290    25.6657 0.0000e+00
 237.472297     29.157  35.245741     8.8456    4.44256     28.912    33.1437    25.6893 0.0000e+00
 237.472303     29.651  35.189843     8.7784    4.40206     29.401    33.1478    25.7029 0.0000e+00
 237.472309     30.140  35.141869     8.7287    4.35504     29.886    33.1439    25.7075 0.0000e+00
 237.472315     30.632  35.108459     8.6853    4.31051     30.374    33.1493    25.7184 0.0000e+00
 237.472321     31.134  35.078674     8.6307    4.27864     30.872    33.1690    25.7422 0.0000e+00
 237.472326     31.647  35.039128     8.5552    4.23906     31.380    33.1981    25.7765 0.0000e+00
 237.472332     32.174  34.985842     8.4669    4.18824     31.903    33.2248    25.8109 0.0000e+00
 237.472338     32.718  34.928464     8.3887    4.13437     32.442    33.2378    25.8328 0.0000e+00
 237.472344     33.272  34.886316     8.3303    4.08498     32.992    33.2481    25.8497 0.0000e+00
 237.472350     33.823  34.863146     8.2827    4.02680     33.538    33.2683    25.8727 0.0000e+00
 237.472355     34.363  34.848772     8.2379    3.98379     34.073    33.2953    25.9005 0.0000e+00
 237.472361     34.889  34.834097     8.1961    3.93800     34.595    33.3191    25.9254 0.0000e+00
 237.472367     35.404  34.814105     8.1592    3.89977     35.106    33.3327    25.9416 0.0000e+00
 237.472373     35.914  34.792387     8.1298    3.86105     35.611    33.3373    25.9495 0.0000e+00
 237.472378     36.427  34.776400     8.1108    3.82519     36.120    33.3381    25.9530 0.0000e+00
 237.472384     36.944  34.767791     8.1004    3.79835     36.632    33.3386    25.9549 0.0000e+00
 237.472390     37.466  34.762908     8.0931    3.75531     37.150    33.3401    25.9572 0.0000e+00
 237.472396     37.990  34.758587     8.0846    3.72421     37.669    33.3433    25.9610 0.0000e+00
 237.472402     38.515  34.753536     8.0722    3.70309     38.190    33.3495    25.9676 0.0000e+00
 237.472407     39.042  34.746048     8.0544    3.68688     38.712    33.3582    25.9771 0.0000e+00
 237.472413     39.568  34.734531     8.0310    3.67375     39.234    33.3680    25.9882 0.0000e+00
 237.472419     40.093  34.718747     7.9991    3.64866     39.755    33.3813    26.0034 0.0000e+00
 237.472425     40.617  34.696130     7.9605    3.63202     40.274    33.3937    26.0188 0.0000e+00
 237.472431     41.137  34.668458     7.9270    3.61959     40.790    33.3959    26.0254 0.0000e+00
 237.472436     41.658  34.645898     7.9054    3.59998     41.306    33.3921    26.0256 0.0000e+00
 237.472442     42.183  34.632540     7.8913    3.59081     41.827    33.3911    26.0268 0.0000e+00
 237.472448     42.701  34.624005     7.8804    3.58479     42.340    33.3921    26.0292 0.0000e+00
 237.472454     43.199  34.616740     7.8709    3.57485     42.834    33.3932    26.0314 0.0000e+00
 237.472459     43.674  34.609451     7.8623    3.57135     43.305    33.3934    26.0328 0.0000e+00
 237.472465     44.131  34.603052     7.8562    3.58464     43.758    33.3921    26.0328 0.0000e+00
 237.472471     44.573  34.599086     7.8536    3.57604     44.196    33.3902    26.0316 0.0000e+00
 237.472477     45.006  34.597293     7.8523    3.56368     44.626    33.3893    26.0311 0.0000e+00
 237.472483     45.438  34.595827     7.8489    3.56004     45.054    33.3907    26.0328 0.0000e+00
 237.472488     45.873  34.592722     7.8434    3.54324     45.485    33.3925    26.0349 0.0000e+00
 237.472494     46.322  34.588867     7.8386    3.53739     45.930    33.3927    26.0358 0.0000e+00
 237.472500     46.784  34.586395     7.8359    3.53733     46.388    33.3924    26.0360 0.0000e+00
 237.472506     47.246  34.585359     7.8347    3.54027     46.846    33.3923    26.0360 0.0000e+00
 237.472512     47.701  34.584921     7.8339    3.54045     47.297    33.3923    26.0362 0.0000e+00
 237.472517     48.159  34.583922     7.8326    3.53772     47.751    33.3923    26.0364 0.0000e+00
 237.472523     48.627  34.582137     7.8305    3.53736     48.215    33.3922    26.0366 0.0000e+00
 237.472529     49.108  34.580534     7.8281    3.52841     48.692    33.3925    26.0372 0.0000e+00
 237.472535     49.607  34.579204     7.8255    3.52084     49.187    33.3933    26.0382 0.0000e+00
 237.472541     50.119  34.578042     7.8229    3.52002     49.695    33.3943    26.0394 0.0000e+00
 237.472546     50.623  34.577163     7.8203    3.51940     50.194    33.3957    26.0408 0.0000e+00
 237.472552     51.114  34.575941     7.8175    3.51346     50.681    33.3968    26.0421 0.0000e+00
 237.472558     51.596  34.573852     7.8144    3.50322     51.159    33.3973    26.0430 0.0000e+00
 237.472564     52.075  34.571459     7.8109    3.48968     51.634    33.3978    26.0439 0.0000e+00
 237.472569     52.556  34.569480     7.8064    3.47735     52.111    33.3998    26.0461 0.0000e+00
 237.472575     53.039  34.567504     7.8005    3.47716     52.590    33.4031    26.0496 0.0000e+00
 237.472581     53.520  34.565124     7.7945    3.45494     53.066    33.4061    26.0528 0.0000e+00
 237.472587     53.996  34.563076     7.7897    3.45992     53.538    33.4082    26.0552 0.0000e+00
 237.472593     54.467  34.561414     7.7861    3.44536     54.005    33.4097    26.0568 0.0000e+00
 237.472598     54.942  34.559590     7.7834    3.43477     54.476    33.4101    26.0575 0.0000e+00
 237.472604     55.425  34.557958     7.7817    3.43056     54.955    33.4097    26.0575 0.0000e+00
 237.472610     55.912  34.557131     7.7807    3.43259     55.438    33.4096    26.0575 0.0000e+00
 237.472616     56.400  34.557112     7.7801    3.43064     55.922    33.4099    26.0579 0.0000e+00
 237.472622     56.883  34.557300     7.7797    3.42273     56.400    33.4103    26.0582 0.0000e+00
 237.472627     57.351  34.557371     7.7796    3.40979     56.864    33.4102    26.0582 0.0000e+00
 237.472633     57.809  34.557404     7.7796    3.40124     57.318    33.4100    26.0581 0.0000e+00
 237.472639     58.260  34.557431     7.7795    3.39421     57.766    33.4099    26.0580 0.0000e+00
 237.472645     58.690  34.557472     7.7793    3.38539     58.192    33.4100    26.0581 0.0000e+00
 237.472650     59.084  34.557568     7.7794    3.38226     58.582    33.4098    26.0579 0.0000e+00
 237.472656     59.436  34.557829     7.7799    3.38069     58.931    33.4094    26.0576 0.0000e+00
 237.472662     59.744  34.558589     7.7805    3.39126     59.237    33.4095    26.0576 0.0000e+00
 237.472668     60.001  34.559727     7.7808    3.39308     59.492    33.4103    26.0582 0.0000e+00
 237.472674     60.207  34.559946     7.7808    3.38921     59.696    33.4105    26.0583 0.0000e+00
 237.472679     60.370  34.558963     7.7812    3.37555     59.857    33.4089    26.0570 0.0000e+00
 237.472685     60.500  34.558257     7.7822    3.38209     59.986    33.4072    26.0555 -9.990e-29
 237.472691     60.602  34.557997     7.7833    3.38979     60.087    33.4058    26.0543 -9.990e-29
 237.472697     60.674  34.556700     7.7842    3.38989     60.159    33.4035    26.0523 -9.990e-29
 237.472703     60.715  34.554306     7.7847    3.38552     60.199    33.4004    26.0499 -9.990e-29
 237.472708     60.729  34.553216     7.7848    3.39633     60.213    33.3992    26.0488 -9.990e-29
 237.472714     60.720  34.554207     7.7847    3.40301     60.204    33.4003    26.0498 -9.990e-29
 237.472720     60.697  34.554667     7.7845    3.39105     60.182    33.4010    26.0503 -9.990e-29
 237.472726     60.658  34.552955     7.7840    3.36159     60.143    33.3997    26.0494 -9.990e-29
 237.472731     60.596  34.549016     7.7834    3.33919     60.081    33.3961    26.0466 -9.990e-29
 237.472737     60.512  34.543751     7.7833    3.33295     59.998    33.3905    26.0423 -9.990e-29
 237.472743     60.405  34.540778     7.7836    3.32757     59.892    33.3871    26.0395 -9.990e-29
 237.472749     60.267  34.542286     7.7843    3.36316     59.755    33.3881    26.0402 0.0000e+00
 237.472755     60.091  34.547472     7.7851    3.37453     59.581    33.3930    26.0440 0.0000e+00
 237.472760     59.864  34.553708     7.7845    3.37393     59.356    33.4004    26.0498 0.0000e+00
 237.472766     59.582  34.556408     7.7828    3.39121     59.076    33.4050    26.0537 0.0000e+00
 237.472772     59.251  34.555236     7.7816    3.38340     58.748    33.4051    26.0539 0.0000e+00
 237.472778     58.889  34.553661     7.7813    3.38512     58.389    33.4039    26.0530 0.0000e+00
 237.472784     58.513  34.552939     7.7812    3.36824     58.016    33.4034    26.0526 0.0000e+00
 237.472789     58.123  34.552657     7.7811    3.37383     57.630    33.4033    26.0526 0.0000e+00
 237.472795     57.716  34.552429     7.7812    3.36820     57.226    33.4032    26.0525 0.0000e+00
 237.472801     57.297  34.551940     7.7812    3.36053     56.811    33.4029    26.0522 0.0000e+00
 237.472807     56.872  34.551087     7.7814    3.37153     56.390    33.4020    26.0515 0.0000e+00
 237.472813     56.450  34.550407     7.7818    3.36713     55.971    33.4010    26.0507 0.0000e+00
 237.472818     56.038  34.550104     7.7821    3.37329     55.563    33.4006    26.0503 0.0000e+00
 237.472824     55.639  34.549762     7.7823    3.38340     55.167    33.4003    26.0500 0.0000e+00
 237.472830     55.249  34.549476     7.7830    3.38921     54.781    33.3995    26.0493 0.0000e+00
 237.472836     54.862  34.549414     7.7844    3.38223     54.397    33.3982    26.0481 0.0000e+00
 237.472841     54.469  34.549483     7.7870    3.37883     54.007    33.3960    26.0460 0.0000e+00
 237.472847     54.062  34.549763     7.7915    3.39872     53.604    33.3922    26.0423 0.0000e+00
 237.472853     53.638  34.550618     7.7968    3.41108     53.183    33.3882    26.0384 0.0000e+00
 237.472859     53.199  34.552056     7.8013    3.41743     52.748    33.3857    26.0358 0.0000e+00
 237.472865     52.748  34.553182     7.8050    3.41163     52.301    33.3836    26.0336 0.0000e+00
 237.472870     52.280  34.553808     7.8083    3.41536     51.837    33.3813    26.0313 0.0000e+00
 237.472876     51.793  34.554759     7.8119    3.40716     51.354    33.3791    26.0290 0.0000e+00
 237.472882     51.281  34.556179     7.8159    3.42318     50.847    33.3770    26.0268 0.0000e+00
 237.472888     50.750  34.557717     7.8195    3.43090     50.320    33.3755    26.0251 0.0000e+00
 237.472894     50.226  34.559183     7.8221    3.43629     49.801    33.3748    26.0242 0.0000e+00
 237.472899     49.732  34.560293     7.8236    3.44734     49.311    33.3748    26.0240 0.0000e+00
 237.472905     49.270  34.560850     7.8243    3.44802     48.853    33.3750    26.0240 0.0000e+00
 237.472911     48.842  34.561039     7.8247    3.45220     48.429    33.3750    26.0239 0.0000e+00
 237.472917     48.449  34.561114     7.8251    3.44822     48.039    33.3749    26.0238 0.0000e+00
 237.472922     48.085  34.561175     7.8257    3.43257     47.678    33.3745    26.0234 0.0000e+00
 237.472928     47.734  34.561306     7.8268    3.44095     47.330    33.3738    26.0227 0.0000e+00
 237.472934     47.387  34.561683     7.8283    3.43967     46.986    33.3729    26.0218 0.0000e+00
 237.472940     47.034  34.562248     7.8298    3.44928     46.636    33.3723    26.0210 0.0000e+00
 237.472946     46.663  34.562636     7.8311    3.46624     46.268    33.3716    26.0203 0.0000e+00
 237.472951     46.262  34.562805     7.8326    3.46193     45.871    33.3705    26.0193 0.0000e+00
 237.472957     45.827  34.562981     7.8348    3.45963     45.439    33.3688    26.0176 0.0000e+00
 237.472963     45.357  34.563400     7.8382    3.45716     44.974    33.3663    26.0151 0.0000e+00
 237.472969     44.850  34.564622     7.8438    3.46000     44.471    33.3624    26.0113 0.0000e+00
 237.472975     44.319  34.567158     7.8517    3.47079     43.944    33.3579    26.0065 0.0000e+00
 237.472980     43.777  34.571031     7.8613    3.46808     43.407    33.3531    26.0014 0.0000e+00
 237.472986     43.231  34.576363     7.8724    3.47524     42.866    33.3485    25.9961 0.0000e+00
 237.472992     42.689  34.582982     7.8848    3.47008     42.328    33.3440    25.9908 0.0000e+00
 237.472998     42.166  34.590748     7.8976    3.47274     41.810    33.3403    25.9860 0.0000e+00
 237.473003     41.678  34.599371     7.9104    3.47792     41.326    33.3376    25.9820 0.0000e+00
 237.473009     41.233  34.609143     7.9255    3.47974     40.885    33.3338    25.9769 0.0000e+00
 237.473015     40.824  34.619647     7.9429    3.48771     40.479    33.3286    25.9703 0.0000e+00
 237.473021     40.443  34.629196     7.9570    3.50009     40.102    33.3256    25.9658 0.0000e+00
 237.473027     40.074  34.636512     7.9693    3.51263     39.736    33.3219    25.9611 0.0000e+00
 237.473032     39.693  34.643507     7.9892    3.52217     39.358    33.3105    25.9493 0.0000e+00
 237.473038     39.286  34.656708     8.0173    3.52041     38.954    33.2981    25.9354 0.0000e+00
 237.473044     38.846  34.675219     8.0450    3.52526     38.518    33.2917    25.9263 0.0000e+00
 237.473050     38.377  34.691778     8.0657    3.53428     38.053    33.2899    25.9218 0.0000e+00
 237.473056     37.887  34.703247     8.0789    3.52694     37.567    33.2898    25.9198 0.0000e+00
 237.473061     37.387  34.709791     8.0883    3.55008     37.072    33.2881    25.9171 0.0000e+00
 237.473067     36.890  34.713414     8.0969    3.56365     36.579    33.2840    25.9126 0.0000e+00
 237.473073     36.401  34.716150     8.1086    3.59507     36.094    33.2760    25.9046 0.0000e+00
