data/oxygen options/ONMS/Olympic_Coast_National_Marine_Sanctuary_Hypoxia_Survey_CTD_Data_2004_2015/raw_data/2004/CTD_CE100_061604faed.cnv
* Sea-Bird SBE19 Data File:
* FileName = C:\WINDOWS\Desktop\put hypoxia files here\CTD files\CE\CE100m061604.hex
* Software Version 1.1.4
* Temperature SN = 2997
* Conductivity SN = 2997
* System UpLoad Time = Jun 16 2004 11:41:18
** Cape Elizabeth hypoxia June 16, 2004 100m CE-10
* SEACAT PROFILER V3.1c SN 2997   06/16/04  11:45:26.609
# nquan = 9                                 
# nvalues = 992                         
# units = specified
# name 0 = timeJ: Julian Days
# name 1 = prSM: Pressure, Strain Gauge [db]
# name 2 = c0mS/cm: Conductivity [mS/cm]
# name 3 = t090C: Temperature [ITS-90, deg C]
# name 4 = oxML/L: Oxygen, Beckman/YSI [ml/l]
# name 5 = depSM: Depth [salt water, m], lat = 47.5
# name 6 = sal00: Salinity, Practical [PSU]
# name 7 = sigma-é00: Density [sigma-theta, kg/m^3]
# name 8 = flag: flag
# span 0 = 168.466979, 168.472714       
# span 1 =     -5.347,    103.094       
# span 2 =   0.393745,  37.891701       
# span 3 =     6.9657,    14.5737       
# span 4 =   -0.05525,   31.28038       
# span 5 =     -5.302,    102.208       
# span 6 =     0.2449,    33.9353       
# span 7 =    -0.5057,    26.5829       
# span 8 = 0.0000e+00, 0.0000e+00       
# interval = seconds: 0.5
# start_time = Jun 16 2004 11:12:27 [Instrument's time stamp, header]
# bad_flag = -9.990e-29
*END*
[from data line 641]
 168.470689     72.803  34.473264     7.4091    2.74390     72.183    33.6695    26.3150 0.0000e+00
 168.470694     73.111  34.473467     7.4072    2.72696     72.488    33.6715    26.3168 0.0000e+00
 168.470700     73.433  34.473477     7.4028    2.71301     72.807    33.6756    26.3207 0.0000e+00
 168.470706     73.782  34.473856     7.3977    2.70128     73.153    33.6808    26.3255 0.0000e+00
 168.470712     74.159  34.474539     7.3929    2.68749     73.527    33.6860    26.3303 0.0000e+00
 168.470718     74.557  34.475305     7.3885    2.66700     73.921    33.6909    26.3348 0.0000e+00
 168.470723     74.968  34.476040     7.3844    2.65184     74.329    33.6955    26.3390 0.0000e+00
 168.470729     75.379  34.476590     7.3814    2.62987     74.736    33.6988    26.3420 0.0000e+00
 168.470735     75.777  34.477113     7.3797    2.60641     75.131    33.7009    26.3439 0.0000e+00
 168.470741     76.163  34.477733     7.3781    2.59783     75.513    33.7029    26.3457 0.0000e+00
 168.470747     76.539  34.478145     7.3760    2.59124     75.886    33.7052    26.3478 0.0000e+00
 168.470752     76.907  34.478326     7.3737    2.58087     76.251    33.7075    26.3499 0.0000e+00
 168.470758     77.280  34.478506     7.3712    2.57288     76.621    33.7099    26.3522 0.0000e+00
 168.470764     77.658  34.478913     7.3688    2.55897     76.995    33.7125    26.3546 0.0000e+00
 168.470770     78.027  34.479517     7.3669    2.53815     77.361    33.7149    26.3567 0.0000e+00
 168.470775     78.376  34.479989     7.3657    2.53457     77.707    33.7164    26.3580 0.0000e+00
 168.470781     78.711  34.480386     7.3651    2.53149     78.039    33.7172    26.3588 0.0000e+00
 168.470787     79.044  34.480665     7.3640    2.52095     78.369    33.7184    26.3599 0.0000e+00
 168.470793     79.383  34.480627     7.3617    2.50077     78.705    33.7205    26.3618 0.0000e+00
 168.470799     79.733  34.480770     7.3587    2.48720     79.052    33.7234    26.3646 0.0000e+00
 168.470804     80.100  34.481273     7.3556    2.47067     79.416    33.7268    26.3677 0.0000e+00
 168.470810     80.483  34.481674     7.3525    2.45873     79.796    33.7300    26.3707 0.0000e+00
 168.470816     80.884  34.481936     7.3493    2.45495     80.193    33.7332    26.3737 0.0000e+00
 168.470822     81.301  34.482395     7.3462    2.42925     80.607    33.7366    26.3767 0.0000e+00
 168.470828     81.730  34.483090     7.3431    2.41317     81.032    33.7401    26.3800 0.0000e+00
 168.470833     82.165  34.483815     7.3396    2.38815     81.463    33.7441    26.3836 0.0000e+00
 168.470839     82.599  34.484962     7.3357    2.35198     81.893    33.7490    26.3879 0.0000e+00
 168.470845     83.031  34.486928     7.3317    2.32815     82.321    33.7548    26.3931 0.0000e+00
 168.470851     83.452  34.489516     7.3276    2.30459     82.739    33.7614    26.3989 0.0000e+00
 168.470856     83.851  34.492240     7.3238    2.27862     83.134    33.7679    26.4045 0.0000e+00
 168.470862     84.228  34.494234     7.3205    2.25232     83.508    33.7731    26.4091 0.0000e+00
 168.470868     84.585  34.495341     7.3183    2.23139     83.862    33.7763    26.4119 0.0000e+00
 168.470874     84.924  34.495904     7.3169    2.21445     84.198    33.7781    26.4135 0.0000e+00
 168.470880     85.250  34.496102     7.3153    2.20164     84.521    33.7797    26.4150 0.0000e+00
 168.470885     85.564  34.496187     7.3138    2.19513     84.832    33.7811    26.4163 0.0000e+00
 168.470891     85.871  34.496261     7.3129    2.17805     85.137    33.7819    26.4171 0.0000e+00
 168.470897     86.178  34.496412     7.3120    2.16780     85.441    33.7828    26.4179 0.0000e+00
 168.470903     86.499  34.496269     7.3102    2.16585     85.759    33.7842    26.4193 0.0000e+00
 168.470909     86.850  34.495631     7.3075    2.16406     86.107    33.7860    26.4211 0.0000e+00
 168.470914     87.237  34.494760     7.3040    2.15710     86.491    33.7883    26.4234 0.0000e+00
 168.470920     87.649  34.493604     7.2996    2.15558     86.899    33.7911    26.4263 0.0000e+00
 168.470926     88.071  34.492292     7.2944    2.15031     87.317    33.7946    26.4297 0.0000e+00
 168.470932     88.491  34.491303     7.2886    2.14592     87.734    33.7990    26.4340 0.0000e+00
 168.470937     88.896  34.490427     7.2829    2.14165     88.135    33.8034    26.4382 0.0000e+00
 168.470943     89.274  34.489041     7.2782    2.12326     88.510    33.8063    26.4412 0.0000e+00
 168.470949     89.623  34.487526     7.2743    2.10161     88.856    33.8083    26.4433 0.0000e+00
 168.470955     89.949  34.486094     7.2697    2.08988     89.179    33.8111    26.4461 0.0000e+00
 168.470961     90.259  34.483944     7.2583    2.07354     89.486    33.8197    26.4545 0.0000e+00
 168.470966     90.568  34.478199     7.2243    2.07792     89.792    33.8466    26.4804 0.0000e+00
 168.470972     90.893  34.459506     7.1616    2.09344     90.115    33.8875    26.5213 0.0000e+00
 168.470978     91.235  34.424796     7.0920    2.11687     90.454    33.9178    26.5548 0.0000e+00
 168.470984     91.588  34.388885     7.0379    2.13420     90.803    33.9315    26.5730 0.0000e+00
 168.470990     91.936  34.363296     7.0054    2.14865     91.148    33.9353    26.5805 0.0000e+00
 168.470995     92.256  34.348081     6.9939    2.14057     91.466    33.9298    26.5777 0.0000e+00
 168.471001     92.540  34.341996     6.9963    2.14474     91.747    33.9206    26.5702 0.0000e+00
 168.471007     92.802  34.341954     7.0020    2.14556     92.007    33.9148    26.5648 0.0000e+00
 168.471013     93.066  34.344524     7.0022    2.14477     92.268    33.9173    26.5668 0.0000e+00
 168.471019     93.354  34.344717     6.9952    2.14708     92.554    33.9243    26.5732 0.0000e+00
 168.471024     93.680  34.339979     6.9887    2.14356     92.877    33.9253    26.5749 0.0000e+00
 168.471030     94.043  34.336319     6.9855    2.14468     93.237    33.9243    26.5745 0.0000e+00
 168.471036     94.427  34.335570     6.9816    2.13680     93.617    33.9271    26.5773 0.0000e+00
 168.471042     94.819  34.333914     6.9780    2.14468     94.006    33.9287    26.5790 0.0000e+00
 168.471047     95.209  34.331937     6.9764    2.13867     94.393    33.9279    26.5786 0.0000e+00
 168.471053     95.588  34.330912     6.9747    2.13980     94.768    33.9282    26.5792 0.0000e+00
 168.471059     95.949  34.330021     6.9722    2.14293     95.126    33.9296    26.5805 0.0000e+00
 168.471065     96.295  34.329184     6.9706    2.14155     95.469    33.9300    26.5811 0.0000e+00
 168.471071     96.626  34.328958     6.9704    2.14623     95.797    33.9298    26.5810 0.0000e+00
 168.471076     96.945  34.329029     6.9704    2.14712     96.113    33.9298    26.5809 0.0000e+00
 168.471082     97.269  34.328918     6.9695    2.14712     96.434    33.9304    26.5815 0.0000e+00
 168.471088     97.609  34.328470     6.9679    2.14773     96.771    33.9313    26.5825 0.0000e+00
 168.471094     97.971  34.327636     6.9665    2.13926     97.130    33.9316    26.5829 0.0000e+00
 168.471100     98.352  34.326976     6.9659    2.13745     97.508    33.9312    26.5827 0.0000e+00
 168.471105     98.740  34.326719     6.9657    2.13814     97.892    33.9310    26.5826 0.0000e+00
 168.471111     99.132  34.326509     6.9657    2.14067     98.281    33.9306    26.5822 0.0000e+00
 168.471117     99.522  34.326615     6.9658    2.13611     98.668    33.9304    26.5821 0.0000e+00
 168.471123     99.901  34.327166     6.9663    2.16046     99.043    33.9303    26.5820 0.0000e+00
 168.471128    100.258  34.327764     6.9671    2.16712     99.397    33.9300    26.5816 0.0000e+00
 168.471134    100.590  34.328071     6.9677    2.16000     99.726    33.9296    26.5812 0.0000e+00
 168.471140    100.911  34.327926     6.9680    2.14724    100.044    33.9290    26.5807 0.0000e+00
 168.471146    101.231  34.327686     6.9680    2.12435    100.362    33.9285    26.5804 0.0000e+00
 168.471152    101.545  34.327581     6.9674    2.12478    100.673    33.9289    26.5807 0.0000e+00
 168.471157    101.840  34.327458     6.9668    2.13105    100.965    33.9292    26.5810 0.0000e+00
 168.471163    102.103  34.327142     6.9669    2.12801    101.226    33.9286    26.5806 0.0000e+00
 168.471169    102.331  34.326761     6.9674    2.13049    101.452    33.9276    26.5797 0.0000e+00
 168.471175    102.520  34.326730     6.9677    2.13060    101.639    33.9272    26.5793 0.0000e+00
 168.471181    102.670  34.327004     6.9676    2.12402    101.788    33.9275    26.5796 -9.990e-29
 168.471186    102.786  34.327201     6.9678    2.12620    101.903    33.9275    26.5796 -9.990e-29
 168.471192    102.876  34.327028     6.9682    2.12596    101.992    33.9268    26.5790 -9.990e-29
 168.471198    102.944  34.326636     6.9684    2.11925    102.059    33.9262    26.5785 -9.990e-29
 168.471204    102.996  34.326633     6.9680    2.12126    102.111    33.9265    26.5788 -9.990e-29
 168.471209    103.034  34.327022     6.9671    2.12160    102.149    33.9278    26.5799 -9.990e-29
 168.471215    103.062  34.327206     6.9666    2.12363    102.176    33.9285    26.5806 -9.990e-29
 168.471221    103.080  34.326877     6.9669    2.12783    102.194    33.9278    26.5800 -9.990e-29
 168.471227    103.091  34.325603     6.9675    2.12780    102.205    33.9258    26.5783 -9.990e-29
 168.471233    103.094  34.322254     6.9679    2.12787    102.208    33.9218    26.5751 -9.990e-29
 168.471238    103.090  34.316858     6.9679    2.12837    102.204    33.9158    26.5704 -9.990e-29
 168.471244    103.078  34.311759     6.9678    2.12764    102.192    33.9104    26.5661 -9.990e-29
 168.471250    103.063  34.310259     6.9678    2.11888    102.177    33.9087    26.5648 -9.990e-29
 168.471256    103.047  34.313729     6.9680    2.10828    102.161    33.9123    26.5676 -9.990e-29
 168.471262    103.026  34.318955     6.9682    2.10623    102.141    33.9179    26.5720 -9.990e-29
 168.471267    102.997  34.322258     6.9682    2.10914    102.112    33.9215    26.5748 -9.990e-29
 168.471273    102.968  34.323567     6.9679    2.10596    102.083    33.9233    26.5763 -9.990e-29
 168.471279    102.937  34.324073     6.9675    2.10829    102.052    33.9242    26.5771 -9.990e-29
 168.471285    102.893  34.324458     6.9673    2.09916    102.009    33.9249    26.5776 -9.990e-29
 168.471291    102.828  34.324684     6.9676    2.08979    101.944    33.9249    26.5775 -9.990e-29
 168.471296    102.740  34.324496     6.9685    2.10123    101.857    33.9238    26.5766 -9.990e-29
 168.471302    102.627  34.324775     6.9692    2.10461    101.745    33.9235    26.5762 -9.990e-29
 168.471308    102.490  34.325898     6.9691    2.10189    101.609    33.9249    26.5774 0.0000e+00
 168.471314    102.324  34.326570     6.9688    2.11087    101.445    33.9260    26.5783 0.0000e+00
 168.471319    102.119  34.326571     6.9685    2.10877    101.242    33.9264    26.5786 0.0000e+00
 168.471325    101.867  34.326472     6.9680    2.11065    100.992    33.9269    26.5791 0.0000e+00
 168.471331    101.569  34.326148     6.9674    2.10392    100.697    33.9273    26.5795 0.0000e+00
 168.471337    101.235  34.325738     6.9670    2.09744    100.365    33.9274    26.5796 0.0000e+00
 168.471343    100.874  34.325265     6.9672    2.09722    100.008    33.9269    26.5791 0.0000e+00
 168.471348    100.489  34.324667     6.9679    2.09035     99.626    33.9257    26.5781 0.0000e+00
 168.471354    100.085  34.324279     6.9687    2.09281     99.226    33.9247    26.5772 0.0000e+00
 168.471360     99.672  34.324153     6.9693    2.09261     98.816    33.9242    26.5767 0.0000e+00
 168.471366     99.253  34.324132     6.9695    2.08474     98.401    33.9241    26.5767 0.0000e+00
 168.471372     98.826  34.324199     6.9696    2.08515     97.978    33.9243    26.5768 0.0000e+00
 168.471377     98.391  34.324451     6.9697    2.08436     97.547    33.9247    26.5771 0.0000e+00
 168.471383     97.941  34.324673     6.9697    2.07825     97.101    33.9252    26.5774 0.0000e+00
 168.471389     97.469  34.324609     6.9703    2.08105     96.633    33.9247    26.5770 0.0000e+00
 168.471395     96.983  34.324745     6.9720    2.09000     96.151    33.9235    26.5758 0.0000e+00
 168.471400     96.501  34.325270     6.9740    2.10229     95.673    33.9223    26.5746 0.0000e+00
 168.471406     96.021  34.325775     6.9761    2.09899     95.197    33.9210    26.5733 0.0000e+00
 168.471412     95.529  34.326383     6.9806    2.10327     94.710    33.9175    26.5699 0.0000e+00
 168.471418     95.017  34.327912     6.9915    2.08764     94.202    33.9087    26.5614 0.0000e+00
 168.471424     94.481  34.332972     7.0074    2.06911     93.671    33.8988    26.5515 0.0000e+00
 168.471429     93.926  34.341591     7.0175    2.05670     93.121    33.8986    26.5499 0.0000e+00
 168.471435     93.364  34.346773     7.0172    2.05118     92.564    33.9049    26.5549 0.0000e+00
 168.471441     92.806  34.345349     7.0135    2.04788     92.011    33.9072    26.5573 0.0000e+00
 168.471447     92.255  34.342722     7.0136    2.06923     91.465    33.9045    26.5551 0.0000e+00
 168.471453     91.711  34.342688     7.0195    2.07778     90.925    33.8989    26.5499 0.0000e+00
 168.471458     91.173  34.345208     7.0323    2.07926     90.392    33.8894    26.5406 0.0000e+00
 168.471464     90.637  34.350852     7.0559    2.07805     89.861    33.8726    26.5242 0.0000e+00
 168.471470     90.094  34.361549     7.1002    2.05967     89.323    33.8411    26.4932 0.0000e+00
 168.471476     89.536  34.383163     7.1638    2.03810     88.769    33.8026    26.4542 0.0000e+00
 168.471481     88.958  34.416492     7.2230    2.02472     88.197    33.7814    26.4292 0.0000e+00
 168.471487     88.365  34.447122     7.2606    2.01430     87.609    33.7783    26.4216 0.0000e+00
 168.471493     87.771  34.464339     7.2793    2.01036     87.020    33.7791    26.4196 0.0000e+00
 168.471499     87.185  34.471498     7.2859    2.00904     86.439    33.7807    26.4199 0.0000e+00
 168.471505     86.614  34.473675     7.2863    2.00331     85.873    33.7829    26.4216 0.0000e+00
 168.471510     86.058  34.473226     7.2877    2.00638     85.322    33.7814    26.4202 0.0000e+00
 168.471516     85.510  34.472927     7.2936    2.00265     84.779    33.7755    26.4148 0.0000e+00
 168.471522     84.955  34.475190     7.3019    2.00600     84.229    33.7702    26.4094 0.0000e+00
 168.471528     84.392  34.478556     7.3096    2.02660     83.671    33.7666    26.4055 0.0000e+00
 168.471534     83.828  34.480235     7.3164    2.05021     83.111    33.7620    26.4010 0.0000e+00
 168.471539     83.267  34.479675     7.3231    2.07545     82.555    33.7552    26.3946 0.0000e+00
 168.471545     82.706  34.477264     7.3290    2.11079     81.999    33.7471    26.3874 0.0000e+00
 168.471551     82.145  34.474282     7.3331    2.12414     81.443    33.7401    26.3813 0.0000e+00
 168.471557     81.581  34.472372     7.3353    2.14224     80.884    33.7362    26.3779 0.0000e+00
 168.471563     81.014  34.471801     7.3375    2.16742     80.322    33.7337    26.3756 0.0000e+00
 168.471568     80.441  34.471818     7.3419    2.17368     79.754    33.7297    26.3719 0.0000e+00
 168.471574     79.856  34.471333     7.3483    2.18937     79.174    33.7232    26.3659 0.0000e+00
 168.471580     79.252  34.470271     7.3546    2.21186     78.575    33.7162    26.3595 0.0000e+00
 168.471586     78.634  34.469469     7.3596    2.22650     77.963    33.7108    26.3545 0.0000e+00
 168.471591     78.013  34.468990     7.3632    2.25387     77.347    33.7070    26.3510 0.0000e+00
 168.471597     77.401  34.468205     7.3659    2.27689     76.741    33.7038    26.3482 0.0000e+00
 168.471603     76.807  34.467203     7.3688    2.27979     76.152    33.7002    26.3449 0.0000e+00
