data/oxygen options/ONMS/Olympic_Coast_National_Marine_Sanctuary_Hypoxia_Survey_CTD_Data_2004_2015/raw_data/2004/CTD_CE50_100404faedb.cnv
* Sea-Bird SBE19 Data File:
* FileName = C:\WINDOWS\Desktop\put hypoxia files here\CTD data\October 04_05-04\raw\CE50_100404.hex
* Software Version 1.1.4
* Temperature SN = 2997
* Conductivity SN = 2997
* System UpLoad Time = Oct 04 2004 15:22:25
* SEACAT PROFILER V3.1c SN 2997   10/04/04  15:26:21.914
* strain gauge pressure sensor: S/N = 184829,  range = 3000 psia,  tc = 40
# nquan = 9
# nvalues = 47                          
# units = specified
# name 0 = timeJ: Julian Days
# name 1 = prSM: Pressure, Strain Gauge [db]
# name 2 = c0mS/cm: Conductivity [mS/cm]
# name 3 = t090C: Temperature [ITS-90, deg C]
# name 4 = oxML/L: Oxygen, Beckman/YSI [ml/l]
# name 5 = depSM: Depth [salt water, m], lat = 47.5
# name 6 = sal00: Salinity, Practical [PSU]
# name 7 = sigma-é00: Density [sigma-theta, kg/m^3]
# name 8 = flag: flag
# span 0 = 278.577381, 278.577956       
# span 1 =      2.000,     48.000       
# span 2 =  34.575833,  39.210403       
# span 3 =     7.7385,    15.5842       
# span 4 =    2.75296,    6.99793       
# span 5 =      1.984,     47.594       
# span 6 =    30.0636,    33.5850       
# span 7 =    22.0451,    26.2010       
# span 8 = 0.0000e+00, 0.0000e+00       
# interval = decibars: 1                
# start_time = Oct 04 2004 13:48:00 [Instrument's time stamp, header]
# bad_flag = -9.990e-29
*END*
 278.577381      2.000  37.952505    15.5842    6.99793      1.984    30.0636    22.0451 0.0000e+00
 278.577406      3.000  37.933691    15.5368    6.95947      2.975    30.0828    22.0702 0.0000e+00
 278.577421      4.000  37.901006    15.4730    6.87041      3.967    30.1023    22.0989 0.0000e+00
 278.577433      5.000  37.930536    15.4226    6.65434      4.958    30.1666    22.1592 0.0000e+00
 278.577445      6.000  38.060111    15.3304    6.31934      5.950    30.3520    22.3216 0.0000e+00
 278.577455      7.000  38.246947    15.1820    5.97666      6.941    30.6332    22.5696 0.0000e+00
 278.577466      8.000  38.582330    15.0245    5.74463      7.933    31.0567    22.9291 0.0000e+00
 278.577477      9.000  39.020594    14.8609    5.62487      8.925    31.5810    23.3675 0.0000e+00
 278.577487     10.000  39.210403    14.6917    5.57259      9.916    31.8899    23.6413 0.0000e+00
 278.577497     11.000  39.196423    14.5505    5.51527     10.908    31.9930    23.7506 0.0000e+00
 278.577508     12.000  39.135663    14.4056    5.42735     11.900    32.0571    23.8303 0.0000e+00
 278.577518     13.000  39.006531    14.1764    5.46677     12.891    32.1288    23.9333 0.0000e+00
 278.577529     14.000  38.756739    13.8400    5.57891     13.883    32.1793    24.0412 0.0000e+00
 278.577541     15.000  38.448277    13.4582    5.57517     14.874    32.2136    24.1448 0.0000e+00
 278.577552     16.000  38.141639    13.0009    5.34667     15.866    32.3139    24.3127 0.0000e+00
 278.577564     17.000  37.772111    12.3118    4.99703     16.857    32.5558    24.6325 0.0000e+00
 278.577575     18.000  37.275441    11.4419    4.62955     17.849    32.8370    25.0127 0.0000e+00
 278.577587     19.000  36.666959    10.6697    4.31413     18.841    32.9257    25.2192 0.0000e+00
 278.577598     20.000  36.234054    10.1404    4.01977     19.832    32.9697    25.3440 0.0000e+00
 278.577608     21.000  35.891859     9.6167    3.82719     20.824    33.1005    25.5327 0.0000e+00
 278.577620     22.000  35.479726     9.0134    3.73072     21.815    33.2341    25.7338 0.0000e+00
 278.577630     23.000  35.101445     8.5784    3.65732     22.807    33.2458    25.8102 0.0000e+00
 278.577642     24.000  34.903924     8.3607    3.57336     23.798    33.2423    25.8404 0.0000e+00
 278.577652     25.000  34.809121     8.2305    3.51294     24.790    33.2645    25.8773 0.0000e+00
 278.577663     26.000  34.743776     8.1390    3.47039     25.782    33.2814    25.9042 0.0000e+00
 278.577674     27.000  34.698201     8.0677    3.48012     26.773    33.3001    25.9294 0.0000e+00
 278.577684     28.000  34.660267     8.0094    3.49693     27.765    33.3148    25.9495 0.0000e+00
 278.577696     29.000  34.634889     7.9681    3.49343     28.756    33.3264    25.9647 0.0000e+00
 278.577707     30.000  34.619039     7.9440    3.51707     29.747    33.3321    25.9726 0.0000e+00
 278.577718     31.000  34.605509     7.9236    3.49961     30.739    33.3365    25.9791 0.0000e+00
 278.577729     32.000  34.596411     7.9075    3.45563     31.730    33.3418    25.9856 0.0000e+00
 278.577739     33.000  34.594201     7.8973    3.38431     32.722    33.3486    25.9924 0.0000e+00
 278.577750     34.000  34.596258     7.8854    3.30374     33.713    33.3617    26.0045 0.0000e+00
 278.577760     35.000  34.598997     7.8696    3.21670     34.705    33.3793    26.0206 0.0000e+00
 278.577771     36.000  34.599554     7.8525    3.13196     35.697    33.3958    26.0360 0.0000e+00
 278.577782     37.000  34.599760     7.8401    3.06264     36.688    33.4074    26.0470 0.0000e+00
 278.577793     38.000  34.603196     7.8209    3.06307     37.679    33.4290    26.0667 0.0000e+00
 278.577805     39.000  34.599698     7.7871    3.21923     38.671    33.4572    26.0938 0.0000e+00
 278.577816     40.000  34.582066     7.7625    3.40598     39.662    33.4613    26.1007 0.0000e+00
 278.577830     41.000  34.575833     7.7555    3.48347     40.654    33.4609    26.1013 0.0000e+00
 278.577842     42.000  34.585675     7.7517    3.47008     41.646    33.4747    26.1127 0.0000e+00
 278.577854     43.000  34.603344     7.7432    3.43680     42.637    33.5014    26.1349 0.0000e+00
 278.577866     44.000  34.619081     7.7385    3.32444     43.628    33.5224    26.1521 0.0000e+00
 278.577878     45.000  34.647968     7.7388    3.14505     44.619    33.5526    26.1758 0.0000e+00
 278.577892     46.000  34.669953     7.7400    2.96350     45.611    33.5746    26.1930 0.0000e+00
 278.577905     47.000  34.680971     7.7411    2.83173     46.602    33.5850    26.2010 0.0000e+00
 278.577956     48.000  34.681384     7.7515    2.75296     47.594    33.5749    26.1915 0.0000e+00
