data/oxygen options/ONMS/Olympic_Coast_National_Marine_Sanctuary_Hypoxia_Survey_CTD_Data_2004_2015/raw_data/2004/CTD_CA30_090804faedb.cnv
* Sea-Bird SBE19 Data File:
* FileName = C:\WINDOWS\Desktop\put hypoxia files here\CTD data\September 07_0804\CA\raw\CA30_090804.hex
* Software Version 1.1.4
* Temperature SN = 2997
* Conductivity SN = 2997
* System UpLoad Time = Sep 08 2004 10:22:00
* SEACAT PROFILER V3.1c SN 2997   09/08/04  10:24:27.585
* strain gauge pressure sensor: S/N = 184829,  range = 3000 psia,  tc = 40
# nquan = 9
# nvalues = 30                          
# units = specified
# name 0 = timeJ: Julian Days
# name 1 = prSM: Pressure, Strain Gauge [db]
# name 2 = c0mS/cm: Conductivity [mS/cm]
# name 3 = t090C: Temperature [ITS-90, deg C]
# name 4 = oxML/L: Oxygen, Beckman/YSI [ml/l]
# name 5 = depSM: Depth [salt water, m], lat = 47.5
# name 6 = sal00: Salinity, Practical [PSU]
# name 7 = sigma-é00: Density [sigma-theta, kg/m^3]
# name 8 = flag: flag
# span 0 = 252.372988, 252.373434       
# span 1 =      2.000,     31.000       
# span 2 =  34.618301,  38.948758       
# span 3 =     7.8610,    14.1897       
# span 4 =    3.39651,    7.45136       
# span 5 =      1.983,     30.739       
# span 6 =    32.0691,    33.4164       
# span 7 =    23.8842,    26.0509       
# span 8 = 0.0000e+00, 0.0000e+00       
# interval = decibars: 1                
# start_time = Sep 08 2004 08:53:51 [Instrument's time stamp, header]
# bad_flag = -9.990e-29
*END*
 252.372988      2.000  38.948758    14.1897    7.45136      1.983    32.0691    23.8842 0.0000e+00
 252.373007      3.000  38.581870    13.4895    6.98978      2.975    32.3164    24.2177 0.0000e+00
 252.373023      4.000  38.218039    13.1273    6.44496      3.967    32.2828    24.2638 0.0000e+00
 252.373035      5.000  38.028700    12.7007    5.93925      4.958    32.4686    24.4908 0.0000e+00
 252.373048      6.000  37.618165    12.0552    5.40307      5.950    32.6347    24.7425 0.0000e+00
 252.373060      7.000  37.220371    11.4941    4.99718      6.941    32.7414    24.9289 0.0000e+00
 252.373071      8.000  36.840126    10.9678    4.76066      7.933    32.8348    25.0957 0.0000e+00
 252.373084      9.000  36.533176    10.6336    4.58615      8.925    32.8288    25.1495 0.0000e+00
 252.373096     10.000  36.394969    10.4581    4.42567      9.916    32.8481    25.1947 0.0000e+00
 252.373108     11.000  36.246991    10.2155    4.29818     10.908    32.9183    25.2907 0.0000e+00
 252.373121     12.000  36.018842     9.8832    4.21621     11.900    32.9894    25.4019 0.0000e+00
 252.373134     13.000  35.779317     9.5425    4.14823     12.891    33.0569    25.5105 0.0000e+00
 252.373145     14.000  35.556171     9.1664    4.08980     13.883    33.1746    25.6628 0.0000e+00
 252.373158     15.000  35.293863     8.8228    3.99016     14.874    33.2218    25.7538 0.0000e+00
 252.373171     16.000  35.129255     8.5710    3.92087     15.866    33.2853    25.8422 0.0000e+00
 252.373184     17.000  34.953639     8.3523    3.83255     16.857    33.3061    25.8917 0.0000e+00
 252.373197     18.000  34.876276     8.2489    3.74191     17.849    33.3217    25.9194 0.0000e+00
 252.373211     19.000  34.831872     8.1602    3.66827     18.841    33.3583    25.9613 0.0000e+00
 252.373224     20.000  34.773690     8.0570    3.61274     19.832    33.3942    26.0047 0.0000e+00
 252.373238     21.000  34.721196     7.9943    3.56074     20.823    33.3975    26.0165 0.0000e+00
 252.373250     22.000  34.697956     7.9581    3.54339     21.815    33.4068    26.0291 0.0000e+00
 252.373263     23.000  34.679911     7.9378    3.52330     22.807    33.4064    26.0318 0.0000e+00
 252.373276     24.000  34.671514     7.9347    3.48436     23.798    33.3999    26.0272 0.0000e+00
 252.373291     25.000  34.659245     7.9041    3.47420     24.790    33.4156    26.0440 0.0000e+00
 252.373304     26.000  34.644085     7.8941    3.46547     25.781    33.4084    26.0398 0.0000e+00
 252.373318     27.000  34.649049     7.9088    3.46863     26.773    33.3993    26.0305 0.0000e+00
 252.373331     28.000  34.648967     7.9071    3.45024     27.765    33.4003    26.0315 0.0000e+00
 252.373346     29.000  34.637990     7.8854    3.43217     28.756    33.4088    26.0414 0.0000e+00
 252.373364     30.000  34.623701     7.8610    3.42549     29.748    33.4164    26.0509 0.0000e+00
 252.373434     31.000  34.618301     7.8644    3.39651     30.739    33.4068    26.0429 0.0000e+00
