data/oxygen options/ONMS/Olympic_Coast_National_Marine_Sanctuary_Hypoxia_Survey_CTD_Data_2004_2015/raw_data/2004/CTD_CA30_061504faed.cnv
* Sea-Bird SBE19 Data File:
* FileName = C:\WINDOWS\Desktop\put hypoxia files here\CTD files\CA\CA30m061504.hex
* Software Version 1.1.4
* Temperature SN = 2997
* Conductivity SN = 2997
* System UpLoad Time = Jun 15 2004 12:19:53
** Cape Alava hypoxia CA3 30 m June 15, 2004
* SEACAT PROFILER V3.1c SN 2997   06/15/04  12:17:29.359
# nquan = 9                                 
# nvalues = 619                         
# units = specified
# name 0 = timeJ: Julian Days
# name 1 = prSM: Pressure, Strain Gauge [db]
# name 2 = c0mS/cm: Conductivity [mS/cm]
# name 3 = t090C: Temperature [ITS-90, deg C]
# name 4 = oxML/L: Oxygen, Beckman/YSI [ml/l]
# name 5 = depSM: Depth [salt water, m], lat = 47.5
# name 6 = sal00: Salinity, Practical [PSU]
# name 7 = sigma-é00: Density [sigma-theta, kg/m^3]
# name 8 = flag: flag
# span 0 = 167.472604, 167.476181       
# span 1 =     -4.279,     33.715       
# span 2 =   1.184678,  37.498872       
# span 3 =     8.5202,    13.4710       
# span 4 =   -0.05599,   32.21644       
# span 5 =     -4.243,     33.431       
# span 6 =     0.7802,    32.9153       
# span 7 =    -0.0046,    25.5558       
# span 8 = 0.0000e+00, 0.0000e+00       
# interval = seconds: 0.5
# start_time = Jun 15 2004 11:20:33 [Instrument's time stamp, header]
# bad_flag = -9.990e-29
*END*
[from data line 321]
 167.474462      0.963  37.481383    13.4487    5.82823      0.955    31.3265    23.4608 -9.990e-29
 167.474468      0.967  37.481792    13.4481    5.83370      0.959    31.3274    23.4616 -9.990e-29
 167.474473      0.970  37.480787    13.4482    5.84277      0.962    31.3264    23.4608 -9.990e-29
 167.474479      0.974  37.480393    13.4489    5.84260      0.966    31.3254    23.4599 -9.990e-29
 167.474485      0.983  37.480644    13.4500    5.84495      0.975    31.3248    23.4592 -9.990e-29
 167.474491      0.993  37.481313    13.4521    5.84462      0.985    31.3237    23.4579 -9.990e-29
 167.474497      1.001  37.482730    13.4552    5.83539      0.993    31.3224    23.4563 -9.990e-29
 167.474502      1.007  37.485100    13.4588    5.83269      0.999    31.3217    23.4551 -9.990e-29
 167.474508      1.012  37.488216    13.4613    5.82379      1.004    31.3225    23.4552 -9.990e-29
 167.474514      1.015  37.490622    13.4623    5.82987      1.007    31.3239    23.4561 -9.990e-29
 167.474520      1.018  37.491601    13.4633    5.84057      1.010    31.3240    23.4560 -9.990e-29
 167.474525      1.020  37.492457    13.4645    5.83744      1.011    31.3238    23.4556 -9.990e-29
 167.474531      1.021  37.493769    13.4655    5.83119      1.012    31.3242    23.4557 -9.990e-29
 167.474537      1.022  37.495042    13.4664    5.83197      1.013    31.3247    23.4559 -9.990e-29
 167.474543      1.022  37.495729    13.4671    5.83251      1.013    31.3247    23.4558 -9.990e-29
 167.474549      1.022  37.495623    13.4672    5.83688      1.013    31.3246    23.4556 -9.990e-29
 167.474554      1.021  37.495142    13.4664    5.83170      1.012    31.3248    23.4559 -9.990e-29
 167.474560      1.019  37.494207    13.4654    5.82683      1.010    31.3247    23.4561 -9.990e-29
 167.474566      1.017  37.493250    13.4651    5.83936      1.009    31.3241    23.4557 -9.990e-29
 167.474572      1.014  37.493240    13.4648    5.84273      1.006    31.3243    23.4559 -9.990e-29
 167.474578      1.015  37.493040    13.4637    5.83192      1.007    31.3250    23.4567 -9.990e-29
 167.474583      1.023  37.491821    13.4624    5.82648      1.014    31.3250    23.4569 -9.990e-29
 167.474589      1.035  37.490762    13.4609    5.81602      1.026    31.3252    23.4574 -9.990e-29
 167.474595      1.047  37.490132    13.4594    5.82218      1.038    31.3258    23.4582 -9.990e-29
 167.474601      1.060  37.489651    13.4589    5.84558      1.051    31.3258    23.4582 -9.990e-29
 167.474606      1.075  37.489796    13.4602    5.84410      1.066    31.3249    23.4572 -9.990e-29
 167.474612      1.089  37.490762    13.4624    5.84737      1.080    31.3240    23.4561 -9.990e-29
 167.474618      1.098  37.492152    13.4653    5.84786      1.089    31.3229    23.4547 -9.990e-29
 167.474624      1.107  37.494135    13.4689    5.83678      1.098    31.3217    23.4531 -9.990e-29
 167.474630      1.121  37.497110    13.4710    5.84573      1.112    31.3228    23.4535 -9.990e-29
 167.474635      1.141  37.498872    13.4686    5.84510      1.131    31.3264    23.4567 -9.990e-29
 167.474641      1.172  37.496722    13.4600    5.83501      1.162    31.3314    23.4624 -9.990e-29
 167.474647      1.221  37.489476    13.4484    5.83169      1.211    31.3342    23.4668 -9.990e-29
 167.474653      1.287  37.480374    13.4387    5.83032      1.276    31.3337    23.4683 -9.990e-29
 167.474659      1.364  37.473545    13.4240    5.82171      1.353    31.3394    23.4756 -9.990e-29
 167.474664      1.453  37.463242    13.3967    5.80767      1.441    31.3522    23.4909 -9.990e-29
 167.474670      1.562  37.441896    13.3636    5.79085      1.549    31.3595    23.5031 -9.990e-29
 167.474676      1.686  37.414138    13.3310    5.78393      1.672    31.3604    23.5103 -9.990e-29
 167.474682      1.823  37.388388    13.2931    5.77699      1.808    31.3676    23.5233 0.0000e+00
 167.474687      1.975  37.360031    13.2502    5.77840      1.959    31.3764    23.5385 0.0000e+00
 167.474693      2.149  37.327152    13.2140    5.77742      2.131    31.3755    23.5449 0.0000e+00
 167.474699      2.347  37.300874    13.1889    5.77292      2.327    31.3715    23.5468 0.0000e+00
 167.474705      2.573  37.283171    13.1700    5.77145      2.552    31.3705    23.5497 0.0000e+00
 167.474711      2.829  37.268379    13.1538    5.74397      2.805    31.3699    23.5524 0.0000e+00
 167.474716      3.113  37.256590    13.1396    5.72104      3.087    31.3705    23.5557 0.0000e+00
 167.474722      3.422  37.247784    13.1271    5.69371      3.393    31.3724    23.5596 0.0000e+00
 167.474728      3.751  37.239931    13.1144    5.67902      3.720    31.3755    23.5644 0.0000e+00
 167.474734      4.099  37.232078    13.1004    5.65941      4.065    31.3795    23.5703 0.0000e+00
 167.474740      4.470  37.223462    13.0864    5.63449      4.433    31.3829    23.5757 0.0000e+00
 167.474745      4.862  37.214361    13.0755    5.61036      4.821    31.3832    23.5780 0.0000e+00
 167.474751      5.267  37.207207    13.0691    5.58625      5.223    31.3816    23.5781 0.0000e+00
 167.474757      5.680  37.204225    13.0613    5.56607      5.633    31.3851    23.5823 0.0000e+00
 167.474763      6.097  37.201985    13.0455    5.55145      6.046    31.3960    23.5938 0.0000e+00
 167.474769      6.511  37.195806    13.0216    5.52528      6.457    31.4098    23.6091 0.0000e+00
 167.474774      6.917  37.186411    12.9919    5.50725      6.859    31.4254    23.6270 0.0000e+00
 167.474780      7.316  37.174158    12.9621    5.49992      7.255    31.4385    23.6429 0.0000e+00
 167.474786      7.708  37.160079    12.9355    5.50581      7.644    31.4472    23.6548 0.0000e+00
 167.474792      8.096  37.146699    12.9050    5.51749      8.028    31.4598    23.6704 0.0000e+00
 167.474797      8.479  37.130747    12.8718    5.52004      8.408    31.4722    23.6864 0.0000e+00
 167.474803      8.846  37.112249    12.8517    5.50797      8.772    31.4713    23.6897 0.0000e+00
 167.474809      9.193  37.100179    12.8542    5.48509      9.116    31.4577    23.6787 0.0000e+00
 167.474815      9.518  37.100858    12.8704    5.47049      9.438    31.4448    23.6655 0.0000e+00
 167.474821      9.827  37.110687    12.8724    5.47296      9.745    31.4523    23.6709 0.0000e+00
 167.474826     10.120  37.111913    12.8420    5.47570     10.035    31.4786    23.6972 0.0000e+00
 167.474832     10.404  37.093265    12.7954    5.48352     10.317    31.4997    23.7225 0.0000e+00
 167.474838     10.684  37.067449    12.7540    5.47934     10.595    31.5097    23.7382 0.0000e+00
 167.474844     10.961  37.046580    12.7214    5.48311     10.869    31.5171    23.7502 0.0000e+00
 167.474850     11.239  37.031415    12.6896    5.47295     11.145    31.5292    23.7657 0.0000e+00
 167.474855     11.528  37.017422    12.6507    5.44002     11.431    31.5484    23.7879 0.0000e+00
 167.474861     11.829  36.999389    12.6088    5.40838     11.730    31.5663    23.8098 0.0000e+00
 167.474867     12.135  36.979056    12.5739    5.37025     12.033    31.5761    23.8240 0.0000e+00
 167.474873     12.445  36.962386    12.5361    5.36260     12.341    31.5919    23.8434 0.0000e+00
 167.474878     12.760  36.943958    12.4779    5.35924     12.653    31.6232    23.8787 0.0000e+00
 167.474884     13.084  36.914329    12.4099    5.35381     12.974    31.6521    23.9139 0.0000e+00
 167.474890     13.420  36.881091    12.3490    5.33751     13.308    31.6716    23.9406 0.0000e+00
 167.474896     13.764  36.852627    12.3014    5.28319     13.649    31.6845    23.9595 0.0000e+00
 167.474902     14.107  36.830220    12.2729    5.22510     13.989    31.6870    23.9668 0.0000e+00
 167.474907     14.447  36.817064    12.2579    5.17584     14.326    31.6870    23.9696 0.0000e+00
 167.474913     14.778  36.810739    12.2269    5.15479     14.654    31.7070    23.9909 0.0000e+00
 167.474919     15.110  36.794945    12.1516    5.16736     14.983    31.7556    24.0427 0.0000e+00
 167.474925     15.453  36.755342    12.0430    5.17268     15.323    31.8098    24.1049 0.0000e+00
 167.474931     15.809  36.700249    11.9351    5.19306     15.676    31.8486    24.1550 0.0000e+00
 167.474936     16.176  36.647042    11.8491    5.21854     16.040    31.8707    24.1879 0.0000e+00
 167.474942     16.549  36.604945    11.7827    5.20916     16.410    31.8867    24.2125 0.0000e+00
 167.474948     16.928  36.571638    11.7251    5.20447     16.786    31.9037    24.2362 0.0000e+00
 167.474954     17.307  36.541385    11.6647    5.11923     17.162    31.9261    24.2646 0.0000e+00
 167.474959     17.679  36.510283    11.5813    4.96155     17.531    31.9675    24.3119 0.0000e+00
 167.474965     18.047  36.468249    11.4535    4.77674     17.896    32.0369    24.3888 0.0000e+00
 167.474971     18.412  36.400720    11.2777    4.53161     18.258    32.1233    24.4875 0.0000e+00
 167.474977     18.778  36.304000    11.0497    4.34010     18.620    32.2273    24.6087 0.0000e+00
 167.474983     19.148  36.179769    10.7366    4.20477     18.987    32.3800    24.7823 0.0000e+00
 167.474988     19.523  36.007037    10.3308    4.11816     19.359    32.5687    24.9988 0.0000e+00
 167.474994     19.894  35.781448     9.8773    4.07241     19.727    32.7496    25.2158 0.0000e+00
 167.475000     20.261  35.529087     9.4640    4.04242     20.091    32.8687    25.3762 0.0000e+00
 167.475006     20.616  35.296939     9.1881    4.02860     20.443    32.8828    25.4313 0.0000e+00
 167.475012     20.949  35.149380     9.0567    3.99091     20.773    32.8509    25.4271 0.0000e+00
 167.475017     21.245  35.085826     9.0187    3.94724     21.067    32.8199    25.4087 0.0000e+00
 167.475023     21.493  35.067460     9.0490    3.89647     21.313    32.7727    25.3671 0.0000e+00
 167.475029     21.693  35.082662     9.1202    3.86407     21.511    32.7229    25.3170 0.0000e+00
 167.475035     21.857  35.120852     9.1750    3.85512     21.673    32.7121    25.2999 0.0000e+00
 167.475041     22.008  35.151086     9.1592    3.86447     21.823    32.7578    25.3381 0.0000e+00
 167.475046     22.165  35.132945     9.0821    3.87322     21.979    32.8099    25.3910 0.0000e+00
 167.475052     22.332  35.075886     9.0057    3.87348     22.144    32.8210    25.4117 0.0000e+00
 167.475058     22.508  35.030534     8.9634    3.87596     22.319    32.8128    25.4119 0.0000e+00
 167.475064     22.683  35.012083     8.9514    3.86119     22.492    32.8046    25.4073 0.0000e+00
 167.475069     22.846  35.010482     8.9607    3.84814     22.654    32.7943    25.3978 0.0000e+00
 167.475075     22.991  35.019653     8.9769    3.85607     22.798    32.7888    25.3910 0.0000e+00
 167.475081     23.118  35.029386     8.9842    3.84154     22.924    32.7922    25.3925 -9.990e-29
 167.475087     23.239  35.030224     8.9753    3.83741     23.044    32.8012    25.4009 -9.990e-29
 167.475093     23.362  35.020476     8.9560    3.83761     23.166    32.8088    25.4099 -9.990e-29
 167.475098     23.487  35.005637     8.9369    3.82483     23.290    32.8110    25.4145 0.0000e+00
 167.475104     23.617  34.992264     8.9215    3.83007     23.419    32.8112    25.4171 0.0000e+00
 167.475110     23.761  34.982135     8.9086    3.82024     23.561    32.8125    25.4201 0.0000e+00
 167.475116     23.922  34.974065     8.8992    3.80799     23.721    32.8127    25.4217 0.0000e+00
 167.475122     24.099  34.969056     8.8928    3.79877     23.896    32.8133    25.4232 0.0000e+00
 167.475127     24.282  34.965463     8.8845    3.78366     24.078    32.8172    25.4275 0.0000e+00
 167.475133     24.460  34.959044     8.8730    3.79405     24.254    32.8210    25.4323 0.0000e+00
 167.475139     24.637  34.950757     8.8599    3.80397     24.430    32.8244    25.4370 0.0000e+00
 167.475145     24.819  34.942438     8.8453    3.80100     24.610    32.8292    25.4430 0.0000e+00
 167.475150     25.000  34.933077     8.8336    3.79897     24.790    32.8302    25.4456 0.0000e+00
 167.475156     25.168  34.925877     8.8329    3.76762     24.956    32.8232    25.4402 0.0000e+00
 167.475162     25.314  34.926922     8.8400    3.73676     25.101    32.8177    25.4348 0.0000e+00
 167.475168     25.445  34.932545     8.8411    3.70438     25.231    32.8225    25.4384 0.0000e+00
 167.475174     25.573  34.933414     8.8271    3.69735     25.358    32.8363    25.4514 0.0000e+00
 167.475179     25.710  34.923951     8.7925    3.71010     25.494    32.8584    25.4740 0.0000e+00
 167.475185     25.860  34.901623     8.7331    3.71345     25.643    32.8901    25.5080 0.0000e+00
 167.475191     26.025  34.864683     8.6673    3.71142     25.806    32.9125    25.5356 0.0000e+00
 167.475197     26.193  34.824973     8.6307    3.69152     25.973    32.9049    25.5352 0.0000e+00
 167.475203     26.346  34.806335     8.6306    3.66030     26.124    32.8853    25.5199 0.0000e+00
 167.475208     26.476  34.810805     8.6462    3.65321     26.253    32.8754    25.5098 -9.990e-29
 167.475214     26.587  34.821900     8.6580    3.63866     26.363    32.8760    25.5085 -9.990e-29
 167.475220     26.691  34.828055     8.6518    3.63399     26.467    32.8882    25.5189 -9.990e-29
 167.475226     26.797  34.821211     8.6241    3.63719     26.572    32.9068    25.5377 -9.990e-29
 167.475231     26.909  34.799525     8.5904    3.62515     26.683    32.9153    25.5495 -9.990e-29
 167.475237     27.025  34.776122     8.5657    3.63339     26.798    32.9137    25.5520 -9.990e-29
 167.475243     27.148  34.761268     8.5500    3.62345     26.920    32.9127    25.5536 -9.990e-29
 167.475249     27.286  34.751962     8.5393    3.61747     27.056    32.9128    25.5553 0.0000e+00
 167.475255     27.444  34.744754     8.5319    3.62083     27.213    32.9121    25.5558 0.0000e+00
 167.475260     27.619  34.738992     8.5276    3.61416     27.387    32.9099    25.5548 0.0000e+00
 167.475266     27.808  34.734828     8.5256    3.61900     27.574    32.9073    25.5531 0.0000e+00
 167.475272     28.012  34.732305     8.5251    3.62706     27.776    32.9050    25.5514 0.0000e+00
 167.475278     28.221  34.731414     8.5259    3.61997     27.984    32.9033    25.5499 0.0000e+00
 167.475284     28.428  34.732074     8.5283    3.61957     28.189    32.9016    25.5482 0.0000e+00
 167.475289     28.628  34.734032     8.5320    3.61374     28.387    32.9001    25.5465 0.0000e+00
 167.475295     28.818  34.737085     8.5348    3.60953     28.575    32.9007    25.5465 0.0000e+00
 167.475301     28.996  34.739126     8.5340    3.60336     28.752    32.9035    25.5488 0.0000e+00
 167.475307     29.165  34.737261     8.5312    3.60653     28.920    32.9040    25.5497 0.0000e+00
 167.475313     29.323  34.733478     8.5301    3.61336     29.076    32.9010    25.5475 0.0000e+00
 167.475318     29.467  34.731692     8.5312    3.61420     29.219    32.8980    25.5450 0.0000e+00
 167.475324     29.598  34.732313     8.5329    3.61316     29.349    32.8970    25.5439 -9.990e-29
 167.475330     29.715  34.733916     8.5349    3.60460     29.465    32.8968    25.5435 -9.990e-29
 167.475336     29.827  34.735265     8.5370    3.60499     29.576    32.8962    25.5427 -9.990e-29
 167.475341     29.944  34.735907     8.5384    3.60479     29.692    32.8955    25.5419 -9.990e-29
 167.475347     30.070  34.736126     8.5377    3.60108     29.817    32.8964    25.5427 0.0000e+00
 167.475353     30.212  34.735085     8.5337    3.60379     29.958    32.8989    25.5453 0.0000e+00
 167.475359     30.371  34.731386     8.5284    3.59854     30.115    32.8999    25.5469 0.0000e+00
 167.475365     30.535  34.726814     8.5248    3.60397     30.278    32.8984    25.5462 0.0000e+00
 167.475370     30.707  34.724231     8.5237    3.60044     30.448    32.8966    25.5450 0.0000e+00
 167.475376     30.885  34.723547     8.5241    3.59976     30.625    32.8954    25.5440 0.0000e+00
