data/oxygen options/ONMS/Olympic_Coast_National_Marine_Sanctuary_Hypoxia_Survey_CTD_Data_2004_2015/raw_data/2004/CTD_CE80_072604faed.cnv
* Sea-Bird SBE19 Data File:
* FileName = C:\WINDOWS\Desktop\put hypoxia files here\CTD files\july 24_25-04\CE\CE8_072404.hex
* Software Version 1.1.4
* Temperature SN = 2997
* Conductivity SN = 2997
* System UpLoad Time = Jul 26 2004 14:40:11
* SEACAT PROFILER V3.1c SN 2997   07/26/04  14:40:09.977
* strain gauge pressure sensor: S/N = 184829,  range = 3000 psia,  tc = 40
# nquan = 9                                 
# nvalues = 840                         
# units = specified
# name 0 = timeJ: Julian Days
# name 1 = prSM: Pressure, Strain Gauge [db]
# name 2 = c0mS/cm: Conductivity [mS/cm]
# name 3 = t090C: Temperature [ITS-90, deg C]
# name 4 = oxML/L: Oxygen, Beckman/YSI [ml/l]
# name 5 = depSM: Depth [salt water, m], lat = 47.5
# name 6 = sal00: Salinity, Practical [PSU]
# name 7 = sigma-é00: Density [sigma-theta, kg/m^3]
# name 8 = flag: flag
# span 0 = 208.570336, 208.575191       
# span 1 =     -5.441,     80.912       
# span 2 =   0.439375,  40.077383       
# span 3 =     7.2215,    15.3464       
# span 4 =   -0.05302,   29.20336       
# span 5 =     -5.396,     80.221       
# span 6 =     0.2645,    33.8482       
# span 7 =    -0.6976,    26.4818       
# span 8 = 0.0000e+00, 0.0000e+00       
# interval = seconds: 0.5
# start_time = Jul 26 2004 13:41:17 [Instrument's time stamp, header]
# bad_flag = -9.990e-29
*END*
[from data line 641]
 208.574045     80.184  34.472027     7.2215    1.99584     79.499    33.8477    26.4815 0.0000e+00
 208.574051     80.415  34.471815     7.2219    1.98587     79.728    33.8469    26.4809 0.0000e+00
 208.574057     80.598  34.472565     7.2234    1.98730     79.910    33.8462    26.4801 0.0000e+00
 208.574063     80.732  34.473609     7.2256    1.98769     80.043    33.8451    26.4789 -9.990e-29
 208.574068     80.825  34.474675     7.2274    1.98559     80.135    33.8444    26.4782 -9.990e-29
 208.574074     80.884  34.475520     7.2282    1.98201     80.193    33.8446    26.4782 -9.990e-29
 208.574080     80.912  34.475607     7.2282    1.96993     80.221    33.8446    26.4782 -9.990e-29
 208.574086     80.911  34.475068     7.2283    1.98630     80.220    33.8440    26.4777 -9.990e-29
 208.574091     80.881  34.474883     7.2288    1.98028     80.190    33.8433    26.4771 -9.990e-29
 208.574097     80.820  34.475384     7.2296    1.97561     80.130    33.8431    26.4768 -9.990e-29
 208.574103     80.724  34.475575     7.2302    1.97111     80.035    33.8427    26.4764 -9.990e-29
 208.574109     80.587  34.475168     7.2304    1.96896     79.899    33.8422    26.4760 0.0000e+00
 208.574115     80.400  34.474757     7.2305    1.97021     79.713    33.8417    26.4756 0.0000e+00
 208.574120     80.156  34.474370     7.2312    1.97389     79.472    33.8407    26.4747 0.0000e+00
 208.574126     79.857  34.474070     7.2328    1.96890     79.175    33.8390    26.4731 0.0000e+00
 208.574132     79.521  34.474037     7.2340    1.95947     78.842    33.8379    26.4721 0.0000e+00
 208.574138     79.180  34.473688     7.2346    1.96154     78.504    33.8371    26.4714 0.0000e+00
 208.574144     78.853  34.473138     7.2355    1.97226     78.180    33.8358    26.4702 0.0000e+00
 208.574149     78.542  34.473356     7.2367    1.98047     77.872    33.8350    26.4694 0.0000e+00
 208.574155     78.232  34.474089     7.2379    1.98421     77.564    33.8348    26.4691 0.0000e+00
 208.574161     77.901  34.474651     7.2394    1.98260     77.236    33.8341    26.4683 0.0000e+00
 208.574167     77.531  34.475248     7.2417    1.98720     76.869    33.8327    26.4669 0.0000e+00
 208.574172     77.105  34.476132     7.2447    1.98842     76.447    33.8309    26.4651 0.0000e+00
 208.574178     76.618  34.476818     7.2479    2.00572     75.964    33.8288    26.4629 0.0000e+00
 208.574184     76.073  34.477121     7.2504    2.00707     75.424    33.8269    26.4611 0.0000e+00
 208.574190     75.487  34.477463     7.2519    1.99485     74.843    33.8261    26.4603 0.0000e+00
 208.574196     74.887  34.477762     7.2529    2.00721     74.249    33.8257    26.4598 0.0000e+00
 208.574201     74.299  34.477877     7.2540    2.01215     73.666    33.8251    26.4591 0.0000e+00
 208.574207     73.737  34.477982     7.2553    2.01582     73.109    33.8242    26.4583 0.0000e+00
 208.574213     73.204  34.478238     7.2571    2.02433     72.580    33.8230    26.4570 0.0000e+00
 208.574219     72.696  34.479008     7.2613    2.02506     72.077    33.8199    26.4541 0.0000e+00
 208.574225     72.210  34.480776     7.2685    2.03991     71.595    33.8151    26.4492 0.0000e+00
 208.574230     71.755  34.483678     7.2757    2.05980     71.144    33.8114    26.4453 0.0000e+00
 208.574236     71.340  34.486557     7.2796    2.08355     70.732    33.8109    26.4444 0.0000e+00
 208.574242     70.965  34.487668     7.2795    2.08992     70.361    33.8124    26.4456 0.0000e+00
 208.574248     70.609  34.486828     7.2781    2.08917     70.008    33.8130    26.4463 0.0000e+00
 208.574253     70.237  34.485739     7.2799    2.10269     69.639    33.8103    26.4438 0.0000e+00
 208.574259     69.814  34.486330     7.2867    2.12178     69.220    33.8045    26.4383 0.0000e+00
 208.574265     69.320  34.488845     7.2964    2.15714     68.730    33.7980    26.4318 0.0000e+00
 208.574271     68.763  34.492168     7.3059    2.19099     68.178    33.7926    26.4263 0.0000e+00
 208.574277     68.159  34.495147     7.3138    2.21674     67.579    33.7884    26.4219 0.0000e+00
 208.574282     67.520  34.497290     7.3204    2.24091     66.946    33.7846    26.4179 0.0000e+00
 208.574288     66.858  34.498674     7.3268    2.27841     66.289    33.7802    26.4135 0.0000e+00
 208.574294     66.190  34.499483     7.3339    2.33796     65.627    33.7744    26.4080 0.0000e+00
 208.574300     65.542  34.499697     7.3409    2.38263     64.985    33.7682    26.4021 0.0000e+00
 208.574306     64.934  34.499064     7.3462    2.41190     64.382    33.7626    26.3970 0.0000e+00
 208.574311     64.378  34.497885     7.3488    2.43537     63.831    33.7590    26.3938 0.0000e+00
 208.574317     63.881  34.496852     7.3491    2.44779     63.338    33.7579    26.3928 0.0000e+00
 208.574323     63.438  34.496290     7.3490    2.47774     62.899    33.7576    26.3926 0.0000e+00
 208.574329     63.038  34.496030     7.3506    2.50295     62.502    33.7559    26.3911 0.0000e+00
 208.574334     62.667  34.495742     7.3542    2.51579     62.135    33.7523    26.3877 0.0000e+00
 208.574340     62.307  34.495059     7.3580    2.54511     61.778    33.7480    26.3838 0.0000e+00
 208.574346     61.931  34.494211     7.3616    2.56815     61.405    33.7438    26.3800 0.0000e+00
 208.574352     61.514  34.493768     7.3664    2.61231     60.992    33.7388    26.3754 0.0000e+00
 208.574358     61.053  34.493156     7.3724    2.65974     60.534    33.7325    26.3696 0.0000e+00
 208.574363     60.551  34.491579     7.3781    2.68396     60.037    33.7255    26.3632 0.0000e+00
 208.574369     60.011  34.488074     7.3824    2.71332     59.501    33.7178    26.3566 0.0000e+00
 208.574375     59.437  34.480231     7.3835    2.72825     58.932    33.7084    26.3491 0.0000e+00
 208.574381     58.839  34.465462     7.3808    2.74350     58.340    33.6953    26.3391 0.0000e+00
 208.574387     58.232  34.445401     7.3766    2.75486     57.738    33.6779    26.3260 0.0000e+00
 208.574392     57.629  34.425834     7.3734    2.76336     57.140    33.6601    26.3124 0.0000e+00
 208.574398     57.041  34.409283     7.3719    2.75024     56.557    33.6438    26.2998 0.0000e+00
 208.574404     56.483  34.394443     7.3728    2.74120     56.004    33.6271    26.2865 0.0000e+00
 208.574410     55.963  34.382289     7.3767    2.73876     55.488    33.6104    26.2728 0.0000e+00
 208.574416     55.477  34.376257     7.3825    2.75079     55.007    33.5984    26.2626 0.0000e+00
 208.574421     55.020  34.376173     7.3898    2.75512     54.554    33.5915    26.2561 0.0000e+00
 208.574427     54.580  34.378018     7.4020    2.75362     54.117    33.5819    26.2468 0.0000e+00
 208.574433     54.139  34.376985     7.4224    2.74129     53.680    33.5612    26.2277 0.0000e+00
 208.574439     53.684  34.370031     7.4450    2.73585     53.229    33.5320    26.2016 0.0000e+00
 208.574444     53.218  34.361359     7.4611    2.73054     52.767    33.5073    26.1798 0.0000e+00
 208.574450     52.740  34.356810     7.4714    2.73339     52.293    33.4926    26.1669 0.0000e+00
 208.574456     52.241  34.356506     7.4813    2.73978     51.798    33.4830    26.1579 0.0000e+00
 208.574462     51.717  34.358383     7.4915    2.73476     51.279    33.4754    26.1505 0.0000e+00
 208.574468     51.171  34.361038     7.5003    2.73035     50.738    33.4701    26.1450 0.0000e+00
 208.574473     50.611  34.363547     7.5077    2.72285     50.182    33.4659    26.1407 0.0000e+00
 208.574479     50.051  34.365355     7.5141    2.73418     49.627    33.4620    26.1367 0.0000e+00
 208.574485     49.496  34.366650     7.5207    2.74648     49.077    33.4573    26.1321 0.0000e+00
 208.574491     48.941  34.368059     7.5297    2.76430     48.527    33.4504    26.1254 0.0000e+00
 208.574497     48.377  34.370359     7.5435    2.76400     47.968    33.4398    26.1151 0.0000e+00
 208.574502     47.798  34.374395     7.5631    2.76208     47.394    33.4256    26.1011 0.0000e+00
 208.574508     47.206  34.379963     7.5901    2.77356     46.807    33.4059    26.0818 0.0000e+00
 208.574514     46.610  34.384977     7.6225    2.77573     46.216    33.3805    26.0572 0.0000e+00
 208.574520     46.023  34.386056     7.6532    2.79928     45.634    33.3525    26.0308 0.0000e+00
 208.574525     45.456  34.382419     7.6791    2.83016     45.072    33.3240    26.0048 0.0000e+00
 208.574531     44.911  34.376904     7.6987    2.85952     44.531    33.2996    25.9827 0.0000e+00
 208.574537     44.388  34.371703     7.7094    2.88014     44.013    33.2840    25.9690 0.0000e+00
 208.574543     43.888  34.368115     7.7142    2.89745     43.517    33.2758    25.9618 0.0000e+00
 208.574549     43.408  34.366411     7.7180    2.92208     43.041    33.2706    25.9572 0.0000e+00
 208.574554     42.940  34.365258     7.7228    2.93536     42.577    33.2650    25.9521 0.0000e+00
 208.574560     42.468  34.364243     7.7330    2.99215     42.109    33.2544    25.9423 0.0000e+00
 208.574566     41.973  34.362572     7.7541    3.04433     41.618    33.2327    25.9222 0.0000e+00
 208.574572     41.445  34.359142     7.7841    3.12778     41.095    33.2006    25.8927 0.0000e+00
 208.574578     40.887  34.352743     7.8190    3.23080     40.542    33.1608    25.8564 0.0000e+00
 208.574583     40.304  34.338775     7.8579    3.33122     39.964    33.1092    25.8103 0.0000e+00
 208.574589     39.707  34.321045     7.8984    3.42939     39.372    33.0521    25.7596 0.0000e+00
 208.574595     39.110  34.312919     7.9358    3.50504     38.780    33.0084    25.7198 0.0000e+00
 208.574601     38.521  34.315345     7.9625    3.56623     38.196    32.9860    25.6984 0.0000e+00
 208.574606     37.946  34.319234     7.9706    3.62167     37.626    32.9828    25.6947 0.0000e+00
 208.574612     37.387  34.321372     7.9627    3.66757     37.072    32.9928    25.7037 0.0000e+00
 208.574618     36.842  34.322935     7.9560    3.70170     36.531    33.0011    25.7111 0.0000e+00
 208.574624     36.308  34.323768     7.9697    3.74240     36.002    32.9893    25.6998 0.0000e+00
 208.574630     35.771  34.325543     8.0184    3.79535     35.469    32.9455    25.6584 0.0000e+00
 208.574635     35.219  34.333989     8.1037    3.84492     34.922    32.8746    25.5903 0.0000e+00
 208.574641     34.646  34.354762     8.2019    3.89089     34.354    32.8050    25.5212 0.0000e+00
 208.574647     34.051  34.384737     8.2856    3.89518     33.764    32.7589    25.4727 0.0000e+00
 208.574653     33.439  34.412885     8.3485    3.90082     33.157    32.7303    25.4410 0.0000e+00
 208.574659     32.831  34.436393     8.3898    3.90299     32.554    32.7170    25.4244 0.0000e+00
 208.574664     32.252  34.455231     8.4115    3.92134     31.980    32.7170    25.4211 0.0000e+00
 208.574670     31.712  34.465939     8.4279    3.93626     31.445    32.7133    25.4157 0.0000e+00
 208.574676     31.199  34.474955     8.4489    3.92506     30.936    32.7035    25.4049 0.0000e+00
 208.574682     30.689  34.489256     8.4833    3.88090     30.431    32.6869    25.3868 0.0000e+00
 208.574688     30.166  34.515019     8.5459    3.80520     29.912    32.6563    25.3533 0.0000e+00
 208.574693     29.622  34.564176     8.6370    3.72158     29.373    32.6239    25.3142 0.0000e+00
 208.574699     29.054  34.634439     8.7386    3.63906     28.809    32.6041    25.2832 0.0000e+00
 208.574705     28.468  34.707943     8.8275    3.60378     28.228    32.5993    25.2658 0.0000e+00
 208.574711     27.882  34.766102     8.8854    3.59319     27.647    32.6070    25.2629 0.0000e+00
 208.574716     27.311  34.796223     8.9152    3.59343     27.081    32.6112    25.2616 0.0000e+00
 208.574722     26.753  34.806531     8.9427    3.60083     26.528    32.5969    25.2462 0.0000e+00
 208.574728     26.202  34.817508     8.9956    3.59812     25.982    32.5601    25.2091 0.0000e+00
 208.574734     25.652  34.847717     9.0737    3.62594     25.436    32.5203    25.1658 0.0000e+00
 208.574740     25.100  34.901559     9.1463    3.65324     24.889    32.5100    25.1464 0.0000e+00
 208.574745     24.548  34.954404     9.1971    3.69601     24.342    32.5186    25.1451 0.0000e+00
 208.574751     24.000  34.988708     9.2409    3.75766     23.798    32.5143    25.1348 0.0000e+00
 208.574757     23.456  35.016025     9.2957    3.81954     23.259    32.4929    25.1094 0.0000e+00
 208.574763     22.910  35.046996     9.3679    3.91309     22.718    32.4594    25.0718 0.0000e+00
 208.574769     22.358  35.083678     9.4590    4.01442     22.170    32.4148    25.0223 0.0000e+00
 208.574774     21.809  35.143593     9.5476    4.09173     21.626    32.3963    24.9937 0.0000e+00
 208.574780     21.269  35.212446     9.6044    4.16709     21.090    32.4158    24.9997 0.0000e+00
 208.574786     20.734  35.252545     9.6515    4.20826     20.560    32.4145    24.9911 0.0000e+00
 208.574792     20.197  35.291585     9.7478    4.24447     20.027    32.3678    24.9390 0.0000e+00
 208.574797     19.649  35.387794     9.9064    4.27824     19.484    32.3235    24.8784 0.0000e+00
 208.574803     19.084  35.538811    10.0684    4.30518     18.924    32.3317    24.8581 0.0000e+00
 208.574809     18.507  35.679672    10.1817    4.35516     18.352    32.3729    24.8713 0.0000e+00
 208.574815     17.926  35.770014    10.2411    4.40146     17.776    32.4112    24.8911 0.0000e+00
 208.574821     17.352  35.813133    10.2647    4.43715     17.206    32.4337    24.9047 0.0000e+00
 208.574826     16.792  35.826170    10.2739    4.44077     16.651    32.4389    24.9072 0.0000e+00
 208.574832     16.248  35.829882    10.2965    4.40419     16.112    32.4226    24.8907 0.0000e+00
 208.574838     15.712  35.848850    10.3580    4.40145     15.580    32.3871    24.8526 0.0000e+00
 208.574844     15.176  35.901633    10.4520    4.46000     15.049    32.3566    24.8128 0.0000e+00
 208.574850     14.643  35.975623    10.5591    4.57785     14.520    32.3357    24.7783 0.0000e+00
 208.574855     14.119  36.055091    10.6651    4.80260     14.001    32.3213    24.7488 0.0000e+00
 208.574861     13.604  36.132178    10.7583    5.00032     13.490    32.3158    24.7284 0.0000e+00
 208.574867     13.095  36.200338    10.8501    5.22145     12.985    32.3027    24.7023 0.0000e+00
 208.574873     12.587  36.265793    10.9995    5.49141     12.482    32.2362    24.6244 0.0000e+00
 208.574878     12.076  36.369286    11.3048    5.78607     11.975    32.0716    24.4423 0.0000e+00
 208.574884     11.566  36.606758    11.7775    6.15623     11.469    31.8949    24.2197 0.0000e+00
 208.574890     11.056  37.003785    12.2620    6.59978     10.963    31.8636    24.1057 0.0000e+00
 208.574896     10.550  37.413398    12.6114    6.95565     10.462    31.9577    24.1124 0.0000e+00
 208.574902     10.048  37.695884    12.8227    7.15684      9.964    32.0465    24.1405 0.0000e+00
 208.574907      9.555  37.859465    12.9982    7.31789      9.475    32.0525    24.1110 0.0000e+00
 208.574913      9.072  37.996658    13.2375    7.43987      8.996    31.9797    24.0078 0.0000e+00
 208.574919      8.604  38.192802    13.5018    7.56228      8.532    31.9414    23.9256 0.0000e+00
 208.574925      8.150  38.417164    13.6869    7.74156      8.082    31.9953    23.9301 0.0000e+00
 208.574931      7.711  38.564455    13.7824    7.91209      7.647    32.0521    23.9546 0.0000e+00
 208.574936      7.295  38.631403    13.8304    8.05927      7.234    32.0741    23.9618 0.0000e+00
 208.574942      6.903  38.676450    13.8830    8.14090      6.845    32.0720    23.9494 0.0000e+00
 208.574948      6.534  38.729936    14.0441    8.16729      6.479    31.9872    23.8511 0.0000e+00
 208.574954      6.181  38.874960    14.3432    8.15365      6.129    31.8728    23.7010 0.0000e+00
 208.574959      5.842  39.148344    14.6518    8.12594      5.793    31.8680    23.6327 0.0000e+00
