data/oxygen options/ONMS/Olympic_Coast_National_Marine_Sanctuary_Hypoxia_Survey_CTD_Data_2004_2015/raw_data/2004/CTD_CA60_102104faedb.cnv
* Sea-Bird SBE19 Data File:
* FileName = C:\WINDOWS\Desktop\put hypoxia files here\CTD data\October 21-04\CA\Raw\CA60_102104.hex
* Software Version 1.1.4
* Temperature SN = 2997
* Conductivity SN = 2997
* System UpLoad Time = Oct 21 2004 14:38:05
* SEACAT PROFILER V3.1c SN 2997   10/21/04  14:43:22.817
* strain gauge pressure sensor: S/N = 184829,  range = 3000 psia,  tc = 40
# nquan = 9
# nvalues = 57                          
# units = specified
# name 0 = timeJ: Julian Days
# name 1 = prSM: Pressure, Strain Gauge [db]
# name 2 = c0mS/cm: Conductivity [mS/cm]
# name 3 = t090C: Temperature [ITS-90, deg C]
# name 4 = oxML/L: Oxygen, Beckman/YSI [ml/l]
# name 5 = depSM: Depth [salt water, m], lat = 47.5
# name 6 = sal00: Salinity, Practical [PSU]
# name 7 = sigma-é00: Density [sigma-theta, kg/m^3]
# name 8 = flag: flag
# span 0 =  33.525722, 296.842791       
# span 1 =      0.354,     60.000       
# span 2 =   4.216300,  37.395961       
# span 3 =     1.4923,    13.0556       
# span 4 =    0.71745,    6.12720       
# span 5 =      0.351,     59.491       
# span 6 =     3.5476,    33.1495       
# span 7 =     2.6633,    25.7618       
# span 8 = 0.0000e+00, 0.0000e+00       
# interval = decibars: 1                
# start_time = Oct 21 2004 13:45:43 [Instrument's time stamp, header]
# bad_flag = -9.990e-29
*END*
  33.525722      1.000   4.216300     1.4923    0.71745      0.351     3.5476     2.6633 0.0000e+00
 284.368032      3.000  35.763017    12.6581    6.08548      2.975    30.0914    22.5899 0.0000e+00
 295.576892      4.000  37.133832    13.0556    6.12720      3.967    31.3245    23.5365 0.0000e+00
 295.576912      5.000  37.116277    13.0202    6.01464      4.958    31.3369    23.5529 0.0000e+00
 295.576931      6.000  37.111276    13.0090    5.96434      5.950    31.3410    23.5583 0.0000e+00
 295.576951      7.000  37.110462    12.9872    5.94809      6.941    31.3579    23.5757 0.0000e+00
 295.577249      8.000  37.109554    12.9802    5.89254      7.933    31.3625    23.5806 0.0000e+00
 295.577383      9.000  37.116121    12.9699    5.86673      8.924    31.3768    23.5937 0.0000e+00
 295.577408     10.000  37.139524    12.9600    5.82991      9.916    31.4066    23.6186 0.0000e+00
 295.577436     11.000  37.177494    12.9537    5.77611     10.908    31.4472    23.6513 0.0000e+00
 296.842791     13.000  37.395961    12.9829    5.68792     12.891    31.6587    23.8172 0.0000e+00
 295.577809     14.000  37.256009    12.9190    5.66388     13.883    31.5488    23.7367 0.0000e+00
 295.577829     15.000  37.267307    12.9072    5.66315     14.874    31.5688    23.7545 0.0000e+00
 295.577847     16.000  37.272796    12.8725    5.65653     15.866    31.6025    23.7874 0.0000e+00
 295.577876     17.000  37.261002    12.8528    5.65627     16.857    31.6075    23.7950 0.0000e+00
 295.577912     18.000  37.231073    12.7114    5.43622     17.849    31.6974    23.8918 0.0000e+00
 295.577939     19.000  37.092886    12.3425    5.23910     18.841    31.8770    24.1012 0.0000e+00
 296.213029     21.000  37.022530    12.0981    5.02901     20.823    32.0321    24.2707 0.0000e+00
 295.578306     22.000  36.881178    11.9511    4.88967     21.815    32.0070    24.2750 0.0000e+00
 295.578320     23.000  36.833282    11.8125    4.68550     22.807    32.0796    24.3569 0.0000e+00
 295.578332     24.000  36.719605    11.5127    4.50692     23.798    32.2283    24.5271 0.0000e+00
 295.578344     25.000  36.519018    11.1228    4.41848     24.790    32.3726    24.7089 0.0000e+00
 295.578358     26.000  36.300409    10.8113    4.41197     25.781    32.4308    24.8089 0.0000e+00
 295.578376     27.000  36.200327    10.7235    4.48452     26.773    32.4087    24.8070 0.0000e+00
 295.578404     28.000  36.213140    10.7220    4.33670     27.764    32.4224    24.8180 0.0000e+00
 295.578430     29.000  35.951472    10.0552    3.99600     28.756    32.7570    25.1920 0.0000e+00
 295.578449     30.000  35.567423     9.5556    3.94470     29.747    32.8197    25.3234 0.0000e+00
 295.578473     31.000  35.404150     9.4426    3.97526     30.739    32.7552    25.2911 0.0000e+00
 295.578708     32.000  35.426635     9.4570    3.99731     31.731    32.7645    25.2961 0.0000e+00
 295.578780     33.000  35.401827     9.4318    3.99820     32.722    32.7617    25.2980 0.0000e+00
 295.578795     34.000  35.398777     9.4018    3.89054     33.713    32.7855    25.3215 0.0000e+00
 295.578807     35.000  35.404582     9.3476    3.69456     34.705    32.8408    25.3733 0.0000e+00
 295.578819     36.000  35.404863     9.2466    3.54476     35.697    32.9336    25.4620 0.0000e+00
 295.578831     37.000  35.358127     9.1685    3.45850     36.688    32.9569    25.4927 0.0000e+00
 295.578846     38.000  35.310624     9.1100    3.40611     37.679    32.9614    25.5054 0.0000e+00
 295.578864     39.000  35.314343     9.1136    3.37471     38.671    32.9614    25.5048 0.0000e+00
 295.579128     40.000  35.320764     9.1172    3.27878     39.662    32.9642    25.5065 0.0000e+00
 295.579266     41.000  35.302795     9.0541    3.26538     40.654    33.0036    25.5473 0.0000e+00
 295.579282     42.000  35.159608     8.8557    3.30545     41.645    33.0384    25.6054 0.0000e+00
 295.579295     43.000  35.090929     8.7700    3.28327     42.637    33.0461    25.6248 0.0000e+00
 295.579308     44.000  35.071146     8.7092    3.25518     43.628    33.0817    25.6620 0.0000e+00
 295.579322     45.000  35.030105     8.6221    3.23439     44.619    33.1197    25.7051 0.0000e+00
 295.579335     46.000  34.969517     8.5387    3.24953     45.611    33.1337    25.7288 0.0000e+00
 295.579351     47.000  34.939748     8.5109    3.26250     46.603    33.1280    25.7285 0.0000e+00
 295.579368     48.000  34.929939     8.5024    3.27823     47.594    33.1252    25.7276 0.0000e+00
 295.579424     49.000  34.926033     8.5034    3.29082     48.585    33.1197    25.7232 0.0000e+00
 295.579592     50.000  34.916215     8.4925    3.29636     49.577    33.1191    25.7244 0.0000e+00
 295.579778     51.000  34.909152     8.4865    3.30156     50.568    33.1168    25.7235 0.0000e+00
 295.579836     52.000  34.901876     8.4677    3.29329     51.560    33.1263    25.7339 0.0000e+00
 295.579850     53.000  34.885411     8.4366    3.29002     52.551    33.1377    25.7475 0.0000e+00
 295.579863     54.000  34.875501     8.4221    3.27460     53.543    33.1404    25.7518 0.0000e+00
 295.579875     55.000  34.872659     8.4171    3.26707     54.533    33.1417    25.7536 0.0000e+00
 295.579887     56.000  34.873777     8.4166    3.26808     55.525    33.1428    25.7545 0.0000e+00
 295.579902     57.000  34.874425     8.4143    3.25050     56.516    33.1453    25.7569 0.0000e+00
 295.579916     58.000  34.871765     8.4064    3.25109     57.508    33.1495    25.7613 0.0000e+00
 295.579932     59.000  34.868335     8.4022    3.24764     58.499    33.1493    25.7618 0.0000e+00
 295.579952     60.000  34.871238     8.4059    3.25268     59.491    33.1484    25.7606 0.0000e+00
