data/oxygen options/ONMS/Olympic_Coast_National_Marine_Sanctuary_Hypoxia_Survey_CTD_Data_2004_2015/raw_data/2004/CTD_CA90_072704faed.cnv
* Sea-Bird SBE19 Data File:
* FileName = C:\WINDOWS\Desktop\put hypoxia files here\CTD files\July 26_27-04\CA\CA9_072704.hex
* Software Version 1.1.4
* Temperature SN = 2997
* Conductivity SN = 2997
* System UpLoad Time = Jul 27 2004 15:23:20
* SEACAT PROFILER V3.1c SN 2997   07/27/04  15:22:03.940
* strain gauge pressure sensor: S/N = 184829,  range = 3000 psia,  tc = 40
# nquan = 9                                 
# nvalues = 871                         
# units = specified
# name 0 = timeJ: Julian Days
# name 1 = prSM: Pressure, Strain Gauge [db]
# name 2 = c0mS/cm: Conductivity [mS/cm]
# name 3 = t090C: Temperature [ITS-90, deg C]
# name 4 = oxML/L: Oxygen, Beckman/YSI [ml/l]
# name 5 = depSM: Depth [salt water, m], lat = 47.5
# name 6 = sal00: Salinity, Practical [PSU]
# name 7 = sigma-é00: Density [sigma-theta, kg/m^3]
# name 8 = flag: flag
# span 0 = 209.544167, 209.549201       
# span 1 =     -4.896,     89.953       
# span 2 =   1.142159,  40.311408       
# span 3 =     7.0525,    15.7307       
# span 4 =   -0.05350,   29.09939       
# span 5 =     -4.855,     89.183       
# span 6 =     0.7200,    33.8774       
# span 7 =    -0.2795,    26.5191       
# span 8 = 0.0000e+00, 0.0000e+00       
# interval = seconds: 0.5
# start_time = Jul 27 2004 13:03:36 [Instrument's time stamp, header]
# bad_flag = -9.990e-29
*END*
 209.544167     -4.896 -9.990e-29    14.5862   -0.05333     -4.855 -9.990e-29 -9.990e-29 -9.990e-29
 209.544172     -4.894   1.147279    14.5858   -0.05332     -4.853     0.7233    -0.2768 -9.990e-29
 209.544178     -4.893   1.142159    14.5860   -0.05339     -4.852     0.7200    -0.2795 -9.990e-29
 209.544184     -4.890   1.152717    14.5876   -0.05344     -4.849     0.7269    -0.2743 -9.990e-29
 209.544190     -4.883   1.181922    14.5897   -0.05339     -4.842     0.7461    -0.2598 -9.990e-29
 209.544196     -4.866   1.219329    14.5908   -0.05326     -4.825     0.7708    -0.2409 -9.990e-29
 209.544201     -4.842   1.258814    14.5904   -0.05326     -4.802     0.7969    -0.2206 -9.990e-29
 209.544207     -4.819   1.299699    14.5901   -0.05334     -4.779     0.8240    -0.1996 -9.990e-29
 209.544213     -4.799   1.384735    14.5909   -0.05340     -4.759     0.8806    -0.1560 -9.990e-29
 209.544219     -4.782   1.621147    14.5920   -0.05344     -4.742     1.0389    -0.0338 -9.990e-29
 209.544225     -4.769   1.946906    14.5928   -0.05346     -4.729     1.2594     0.1364 -9.990e-29
 209.544230     -4.762   2.136860    14.5928   -0.05347     -4.722     1.3891     0.2366 -9.990e-29
 209.544236     -4.749   2.137028    14.5924   -0.05348     -4.709     1.3892     0.2368 -9.990e-29
 209.544242     -4.727   2.043772    14.5931   -0.05350     -4.688     1.3254     0.1874 -9.990e-29
 209.544248     -4.698   2.002810    14.5944   -0.05350     -4.659     1.2974     0.1656 -9.990e-29
 209.544253     -4.669   2.124562    14.5947   -0.05347     -4.630     1.3806     0.2298 -9.990e-29
 209.544259     -4.643   2.306298    14.5943   -0.05347     -4.604     1.5054     0.3262 -9.990e-29
 209.544265     -4.617   2.341319    14.5941   -0.05344     -4.579     1.5296     0.3448 -9.990e-29
 209.544271     -4.590   2.198528    14.5945   -0.05345     -4.552     1.4313     0.2690 -9.990e-29
 209.544277     -4.560   1.999860    14.5956   -0.05345     -4.522     1.2954     0.1638 -9.990e-29
 209.544282     -4.530   1.832179    14.5967   -0.05337     -4.492     1.1813     0.0756 -9.990e-29
 209.544288     -4.502   1.714728    14.5967   -0.05328     -4.464     1.1018     0.0142 -9.990e-29
 209.544294     -4.470   1.635920    14.5966   -0.05327     -4.433     1.0487    -0.0269 -9.990e-29
 209.544300     -4.432   1.578459    14.5972   -0.05333     -4.395     1.0100    -0.0568 -9.990e-29
 209.544306     -4.395   1.540734    14.5983   -0.05337     -4.358     0.9847    -0.0766 -9.990e-29
 209.544311     -4.359   1.541331    14.5994   -0.05341     -4.323     0.9851    -0.0765 -9.990e-29
 209.544317     -4.323   1.578826    14.6000   -0.05302     -4.287     1.0102    -0.0571 -9.990e-29
 209.544323     -4.285   1.633774    14.6001   -0.05310     -4.249     1.0471    -0.0286 -9.990e-29
 209.544329     -4.246   1.691661    14.6012   -0.05326     -4.211     1.0861     0.0014 -9.990e-29
 209.544334     -4.213   1.748002    14.6056   -0.05330     -4.178     1.1240     0.0300 -9.990e-29
 209.544340     -4.187   1.851256    14.6132   -0.05332     -4.152     1.1937     0.0827 -9.990e-29
 209.544346     -4.168   2.027972    14.6208   -0.04497     -4.133     1.3137     0.1742 -9.990e-29
 209.544352     -4.153   2.183717    14.6266   -0.04347     -4.118     1.4200     0.2554 -9.990e-29
 209.544358     -4.138   2.204968    14.6312   -0.04310     -4.104     1.4344     0.2659 -9.990e-29
 209.544363     -4.113   2.113952    14.6351   -0.04305     -4.079     1.3719     0.2170 -9.990e-29
 209.544369     -4.081   2.067717    14.6383   -0.04307     -4.047     1.3402     0.1921 -9.990e-29
 209.544375     -4.052   2.308561    14.6411   -0.04308     -4.018     1.5052     0.3190 -9.990e-29
 209.544381     -4.025   2.775181    14.6461   -0.04307     -3.991     1.8281     0.5673 -9.990e-29
 209.544387     -3.994   3.137147    14.6626   -0.04306     -3.961     2.0805     0.7594 -9.990e-29
 209.544392     -3.956   3.778239    14.7135   -0.04306     -3.923     2.5309     1.0986 -9.990e-29
 209.544398     -3.914   6.179113    14.8665   -0.04307     -3.881     4.2589     2.4036 -9.990e-29
 209.544404     -3.869  13.915527    15.1444   -0.04308     -3.837    10.1314     6.8589 -9.990e-29
 209.544410     -3.815  26.109879    15.4166   -0.04311     -3.783    19.9774    14.3445 -9.990e-29
 209.544416     -3.747  35.031784    15.5666   -0.04310     -3.716    27.5205    20.0959 -9.990e-29
 209.544421     -3.670  38.473693    15.6172   -0.04306     -3.639    30.4996    22.3728 -9.990e-29
 209.544427     -3.588  39.616912    15.6315   -0.04307     -3.558    31.4989    23.1376 -9.990e-29
 209.544433     -3.503  39.992514    15.6406   -0.04308     -3.474    31.8245    23.3859 -9.990e-29
 209.544439     -3.419  40.119844    15.6486   -0.04314     -3.390    31.9309    23.4660 -9.990e-29
 209.544444     -3.340  40.164769    15.6519   -0.04313     -3.312    31.9681    23.4939 -9.990e-29
 209.544450     -3.265  40.175990    15.6496   -0.04308     -3.238    31.9799    23.5034 -9.990e-29
 209.544456     -3.188  40.167372    15.6428   -0.04307     -3.161    31.9777    23.5033 -9.990e-29
 209.544462     -3.109  40.147651    15.6357   -0.04308     -3.083    31.9659    23.4958 -9.990e-29
 209.544468     -3.032  40.129277    15.6367   -0.04308     -3.007    31.9488    23.4824 -9.990e-29
 209.544473     -2.961  40.128175    15.6457   -0.04307     -2.936    31.9405    23.4740 -9.990e-29
 209.544479     -2.895  40.146265    15.6501   -0.04305     -2.871    31.9530    23.4826 -9.990e-29
 209.544485     -2.830  40.155501    15.6393   -0.04305     -2.806    31.9699    23.4980 -9.990e-29
 209.544491     -2.766  40.141852    15.6210   -0.04305     -2.743    31.9726    23.5041 -9.990e-29
 209.544497     -2.703  40.122498    15.6184   -0.04305     -2.680    31.9575    23.4931 -9.990e-29
 209.544502     -2.638  40.116546    15.6359   -0.04306     -2.616    31.9380    23.4743 -9.990e-29
 209.544508     -2.570  40.127863    15.6550   -0.04307     -2.549    31.9325    23.4659 -9.990e-29
 209.544514     -2.504  40.133404    15.6656   -0.04308     -2.483    31.9289    23.4607 -9.990e-29
 209.544520     -2.440  40.118702    15.6702   -0.04309     -2.420    31.9121    23.4468 -9.990e-29
 209.544525     -2.378  40.102339    15.6730   -0.04305     -2.358    31.8953    23.4333 -9.990e-29
 209.544531     -2.319  40.102366    15.6761   -0.04306     -2.300    31.8928    23.4307 -9.990e-29
 209.544537     -2.258  40.119964    15.6789   -0.04306     -2.239    31.9061    23.4403 -9.990e-29
 209.544543     -2.200  40.143271    15.6806   -0.04312     -2.182    31.9254    23.4547 -9.990e-29
 209.544549     -2.150  40.157369    15.6815   -0.04315     -2.132    31.9371    23.4636 -9.990e-29
 209.544554     -2.102  40.159197    15.6817   -0.04308     -2.084    31.9386    23.4646 -9.990e-29
 209.544560     -2.047  40.147850    15.6786   -0.04305     -2.030    31.9310    23.4595 -9.990e-29
 209.544566     -1.986  40.125619    15.6705   -0.04305     -1.969    31.9178    23.4512 -9.990e-29
 209.544572     -1.928  40.108902    15.6649   -0.04308     -1.912    31.9075    23.4445 -9.990e-29
 209.544578     -1.878  40.114153    15.6678   -0.04311     -1.862    31.9098    23.4456 -9.990e-29
 209.544583     -1.833  40.138852    15.6703   -0.04308     -1.818    31.9296    23.4603 -9.990e-29
 209.544589     -1.794  40.153106    15.6592   -0.04307     -1.779    31.9513    23.4794 -9.990e-29
 209.544595     -1.764  40.141153    15.6364   -0.04308     -1.749    31.9591    23.4904 -9.990e-29
 209.544601     -1.740  40.125801    15.6260   -0.04311     -1.725    31.9539    23.4887 -9.990e-29
 209.544606     -1.720  40.126447    15.6410   -0.04311     -1.706    31.9423    23.4765 -9.990e-29
 209.544612     -1.704  40.147336    15.6624   -0.04308     -1.690    31.9435    23.4727 -9.990e-29
 209.544618     -1.691  40.173131    15.6694   -0.04307     -1.677    31.9607    23.4844 -9.990e-29
 209.544624     -1.678  40.176529    15.6596   -0.04307     -1.664    31.9717    23.4950 -9.990e-29
 209.544630     -1.667  40.159845    15.6490   -0.04309     -1.653    31.9654    23.4925 -9.990e-29
 209.544635     -1.656  40.147996    15.6513   -0.04314     -1.642    31.9531    23.4825 -9.990e-29
 209.544641     -1.644  40.150456    15.6571   -0.04312     -1.630    31.9505    23.4793 -9.990e-29
 209.544647     -1.630  40.150324    15.6520   -0.04309     -1.616    31.9546    23.4835 -9.990e-29
 209.544653     -1.615  40.138471    15.6397   -0.04309     -1.602    31.9540    23.4858 -9.990e-29
 209.544659     -1.596  40.129424    15.6369   -0.04309     -1.583    31.9482    23.4820 -9.990e-29
 209.544664     -1.572  40.131344    15.6479   -0.04314     -1.559    31.9410    23.4740 -9.990e-29
 209.544670     -1.547  40.138954    15.6591   -0.04313     -1.534    31.9387    23.4697 -9.990e-29
 209.544676     -1.528  40.139416    15.6583   -0.04310     -1.515    31.9397    23.4707 -9.990e-29
 209.544682     -1.512  40.128323    15.6439   -0.04309     -1.499    31.9415    23.4753 -9.990e-29
 209.544688     -1.495  40.118410    15.6282   -0.04312     -1.483    31.9455    23.4817 -9.990e-29
 209.544693     -1.480  40.116123    15.6269   -0.04314     -1.468    31.9445    23.4813 -9.990e-29
 209.544699     -1.467  40.120117    15.6372   -0.04309     -1.455    31.9397    23.4753 -9.990e-29
 209.544705     -1.449  40.127318    15.6434   -0.04308     -1.437    31.9410    23.4750 -9.990e-29
 209.544711     -1.430  40.128274    15.6350   -0.04308     -1.418    31.9487    23.4827 -9.990e-29
 209.544716     -1.413  40.122043    15.6194   -0.04312     -1.401    31.9558    23.4916 -9.990e-29
 209.544722     -1.398  40.118300    15.6163   -0.04313     -1.386    31.9550    23.4917 -9.990e-29
 209.544728     -1.382  40.122177    15.6266   -0.04308     -1.370    31.9501    23.4856 -9.990e-29
 209.544734     -1.366  40.127639    15.6312   -0.04307     -1.355    31.9512    23.4855 -9.990e-29
 209.544740     -1.347  40.126279    15.6235   -0.04306     -1.336    31.9562    23.4910 -9.990e-29
 209.544745     -1.326  40.123608    15.6193   -0.04309     -1.315    31.9572    23.4928 -9.990e-29
 209.544751     -1.304  40.129558    15.6292   -0.04310     -1.293    31.9545    23.4885 -9.990e-29
 209.544757     -1.285  40.145911    15.6418   -0.04308     -1.274    31.9588    23.4890 -9.990e-29
 209.544763     -1.264  40.159140    15.6416   -0.04307     -1.253    31.9707    23.4982 -9.990e-29
 209.544769     -1.238  40.156048    15.6294   -0.04306     -1.228    31.9778    23.5064 -9.990e-29
 209.544774     -1.215  40.148814    15.6244   -0.04307     -1.205    31.9754    23.5056 -9.990e-29
 209.544780     -1.198  40.154191    15.6365   -0.04307     -1.188    31.9704    23.4991 -9.990e-29
 209.544786     -1.185  40.173193    15.6515   -0.04309     -1.175    31.9751    23.4994 -9.990e-29
 209.544792     -1.176  40.188531    15.6559   -0.04309     -1.166    31.9851    23.5062 -9.990e-29
 209.544797     -1.165  40.185892    15.6509   15.25742     -1.155    31.9868    23.5086 -9.990e-29
 209.544803     -1.149  40.176377    15.6478   27.26615     -1.139    31.9809    23.5047 -9.990e-29
 209.544809     -1.130  40.173139    15.6527   29.09939     -1.121    31.9740    23.4983 -9.990e-29
 209.544815     -1.111  40.175810    15.6606   25.76723     -1.102    31.9700    23.4935 -9.990e-29
 209.544821     -1.091  40.179555    15.6656   17.08421     -1.082    31.9693    23.4918 -9.990e-29
 209.544826     -1.068  40.179295    15.6658   13.24371     -1.059    31.9689    23.4915 -9.990e-29
 209.544832     -1.046  40.173023    15.6609   13.25294     -1.037    31.9673    23.4913 -9.990e-29
 209.544838     -1.028  40.165310    15.6550   13.18649     -1.019    31.9652    23.4910 -9.990e-29
 209.544844     -1.007  40.163852    15.6558    9.55913     -0.999    31.9632    23.4894 -9.990e-29
 209.544850     -0.984  40.173461    15.6637    6.15794     -0.976    31.9654    23.4893 -9.990e-29
 209.544855     -0.964  40.197993    15.6718    4.33533     -0.956    31.9806    23.4991 -9.990e-29
 209.544861     -0.951  40.229778    15.6762    3.91678     -0.943    32.0052    23.5171 -9.990e-29
 209.544867     -0.943  40.250056    15.6778    5.20003     -0.935    32.0219    23.5296 -9.990e-29
 209.544873     -0.937  40.256713    15.6788    5.95616     -0.929    32.0270    23.5333 -9.990e-29
 209.544878     -0.923  40.258648    15.6800    6.21147     -0.915    32.0277    23.5336 -9.990e-29
 209.544884     -0.901  40.259591    15.6814    6.38971     -0.893    32.0274    23.5330 -9.990e-29
 209.544890     -0.881  40.260819    15.6823    6.49721     -0.874    32.0277    23.5331 -9.990e-29
 209.544896     -0.872  40.262299    15.6828    6.55801     -0.865    32.0286    23.5337 -9.990e-29
 209.544902     -0.867  40.263773    15.6836    6.59695     -0.860    32.0293    23.5340 -9.990e-29
 209.544907     -0.864  40.264418    15.6849    6.62110     -0.857    32.0288    23.5334 -9.990e-29
 209.544913     -0.861  40.264550    15.6862    6.64370     -0.854    32.0279    23.5323 -9.990e-29
 209.544919     -0.858  40.265476    15.6865    6.66088     -0.851    32.0285    23.5327 -9.990e-29
 209.544925     -0.855  40.266199    15.6856    6.67933     -0.848    32.0298    23.5340 -9.990e-29
 209.544931     -0.851  40.266012    15.6845    6.68575     -0.844    32.0305    23.5348 -9.990e-29
 209.544936     -0.844  40.265799    15.6836    6.69260     -0.837    32.0311    23.5354 -9.990e-29
 209.544942     -0.827  40.265848    15.6831    6.68642     -0.820    32.0315    23.5358 -9.990e-29
 209.544948     -0.803  40.266234    15.6835    6.68478     -0.796    32.0315    23.5358 -9.990e-29
 209.544954     -0.776  40.266922    15.6839    6.68388     -0.770    32.0318    23.5359 -9.990e-29
 209.544959     -0.749  40.267156    15.6824    6.68330     -0.743    32.0332    23.5373 -9.990e-29
 209.544965     -0.727  40.265576    15.6782    6.68707     -0.721    32.0352    23.5398 -9.990e-29
 209.544971     -0.714  40.260649    15.6737    6.68330     -0.708    32.0345    23.5402 -9.990e-29
 209.544977     -0.705  40.255354    15.6718    6.68313     -0.699    32.0313    23.5382 -9.990e-29
 209.544983     -0.691  40.253864    15.6713    6.67428     -0.685    32.0304    23.5376 -9.990e-29
 209.544988     -0.670  40.254204    15.6705    6.66742     -0.664    32.0314    23.5385 -9.990e-29
 209.544994     -0.650  40.254032    15.6686    6.65570     -0.645    32.0327    23.5400 -9.990e-29
 209.545000     -0.634  40.252568    15.6638    6.65197     -0.629    32.0353    23.5430 -9.990e-29
 209.545006     -0.621  40.248435    15.6562    6.65046     -0.616    32.0378    23.5466 -9.990e-29
 209.545012     -0.611  40.241743    15.6496    6.65283     -0.606    32.0373    23.5476 -9.990e-29
 209.545017     -0.602  40.235925    15.6466    6.66013     -0.597    32.0345    23.5462 -9.990e-29
 209.545023     -0.593  40.233333    15.6475    6.67297     -0.588    32.0315    23.5437 -9.990e-29
 209.545029     -0.585  40.233329    15.6520    6.67804     -0.580    32.0278    23.5399 -9.990e-29
 209.545035     -0.577  40.237039    15.6586    6.65893     -0.572    32.0258    23.5368 -9.990e-29
 209.545041     -0.568  40.243808    15.6642    6.64597     -0.563    32.0272    23.5367 -9.990e-29
 209.545046     -0.557  40.249768    15.6648    6.64589     -0.552    32.0320    23.5403 -9.990e-29
 209.545052     -0.545  40.251093    15.6571    6.65033     -0.540    32.0394    23.5477 -9.990e-29
 209.545058     -0.530  40.243953    15.6451    6.66543     -0.526    32.0428    23.5529 -9.990e-29
 209.545064     -0.511  40.231745    15.6382    6.66453     -0.507    32.0376    23.5504 -9.990e-29
 209.545069     -0.492  40.225137    15.6426    6.64775     -0.488    32.0281    23.5422 -9.990e-29
 209.545075     -0.480  40.229913    15.6552    6.64320     -0.476    32.0222    23.5348 -9.990e-29
 209.545081     -0.473  40.242912    15.6659    6.64462     -0.469    32.0250    23.5346 -9.990e-29
 209.545087     -0.463  40.253983    15.6677    6.65047     -0.459    32.0334    23.5407 -9.990e-29
