data/oxygen options/ONMS/Olympic_Coast_National_Marine_Sanctuary_Hypoxia_Survey_CTD_Data_2004_2015/raw_data/2004/CTD_CA50_072704faed.cnv
* Sea-Bird SBE19 Data File:
* FileName = C:\WINDOWS\Desktop\put hypoxia files here\CTD files\July 26_27-04\CA\CA5_072704.hex
* Software Version 1.1.4
* Temperature SN = 2997
* Conductivity SN = 2997
* System UpLoad Time = Jul 27 2004 15:40:33
* SEACAT PROFILER V3.1c SN 2997   07/27/04  15:39:19.140
* strain gauge pressure sensor: S/N = 184829,  range = 3000 psia,  tc = 40
# nquan = 9                                 
# nvalues = 622                         
# units = specified
# name 0 = timeJ: Julian Days
# name 1 = prSM: Pressure, Strain Gauge [db]
# name 2 = c0mS/cm: Conductivity [mS/cm]
# name 3 = t090C: Temperature [ITS-90, deg C]
# name 4 = oxML/L: Oxygen, Beckman/YSI [ml/l]
# name 5 = depSM: Depth [salt water, m], lat = 47.5
# name 6 = sal00: Salinity, Practical [PSU]
# name 7 = sigma-é00: Density [sigma-theta, kg/m^3]
# name 8 = flag: flag
# span 0 = 209.573449, 209.577043       
# span 1 =     -5.227,     49.785       
# span 2 =   0.939220,  40.449562       
# span 3 =     7.2250,    15.7244       
# span 4 =   -0.05261,   28.90131       
# span 5 =     -5.183,     49.364       
# span 6 =     0.5854,    33.6653       
# span 7 =    -0.3996,    26.3371       
# span 8 = 0.0000e+00, 0.0000e+00       
# interval = seconds: 0.5
# start_time = Jul 27 2004 13:45:46 [Instrument's time stamp, header]
# bad_flag = -9.990e-29
*END*
[from data line 481]
 209.576233     45.290  34.291855     7.2382    2.86830     44.907    33.6518    26.3246 0.0000e+00
 209.576238     45.737  34.293490     7.2325    2.88006     45.350    33.6589    26.3310 0.0000e+00
 209.576244     46.164  34.294296     7.2307    2.86060     45.774    33.6614    26.3332 0.0000e+00
 209.576250     46.568  34.294181     7.2301    2.89027     46.174    33.6616    26.3335 0.0000e+00
 209.576256     46.957  34.293704     7.2287    2.87653     46.560    33.6623    26.3342 0.0000e+00
 209.576262     47.345  34.293339     7.2264    2.87566     46.944    33.6639    26.3358 0.0000e+00
 209.576267     47.728  34.293368     7.2250    2.87633     47.324    33.6652    26.3370 0.0000e+00
 209.576273     48.098  34.293880     7.2252    2.87331     47.691    33.6653    26.3371 0.0000e+00
 209.576279     48.444  34.294680     7.2268    2.87175     48.034    33.6645    26.3362 0.0000e+00
 209.576285     48.754  34.295767     7.2286    2.87157     48.341    33.6638    26.3354 0.0000e+00
 209.576291     49.021  34.296401     7.2288    2.87838     48.606    33.6641    26.3357 0.0000e+00
 209.576296     49.249  34.295802     7.2282    2.87982     48.832    33.6640    26.3356 0.0000e+00
 209.576302     49.442  34.294908     7.2284    2.87504     49.023    33.6627    26.3346 0.0000e+00
 209.576308     49.592  34.294825     7.2298    2.87219     49.172    33.6612    26.3332 -9.990e-29
 209.576314     49.698  34.295498     7.2314    2.86964     49.277    33.6603    26.3323 -9.990e-29
 209.576319     49.761  34.296198     7.2324    2.88156     49.340    33.6600    26.3319 -9.990e-29
 209.576325     49.785  34.296233     7.2329    2.86938     49.364    33.6596    26.3315 -9.990e-29
 209.576331     49.773  34.295707     7.2336    2.87547     49.352    33.6583    26.3304 -9.990e-29
 209.576337     49.719  34.295096     7.2346    2.86765     49.298    33.6567    26.3290 -9.990e-29
 209.576343     49.611  34.294203     7.2350    2.85808     49.191    33.6554    26.3279 -9.990e-29
 209.576348     49.442  34.293014     7.2351    2.87132     49.023    33.6541    26.3269 0.0000e+00
 209.576354     49.210  34.292242     7.2355    2.86252     48.793    33.6530    26.3259 0.0000e+00
 209.576360     48.909  34.292597     7.2348    2.86642     48.495    33.6542    26.3270 0.0000e+00
 209.576366     48.538  34.292928     7.2327    2.86899     48.127    33.6568    26.3293 0.0000e+00
 209.576372     48.105  34.290930     7.2305    2.85685     47.698    33.6570    26.3298 0.0000e+00
 209.576377     47.636  34.287362     7.2292    2.86618     47.233    33.6546    26.3280 0.0000e+00
 209.576383     47.161  34.284815     7.2286    2.85001     46.762    33.6526    26.3266 0.0000e+00
 209.576389     46.696  34.283876     7.2285    2.85600     46.301    33.6519    26.3260 0.0000e+00
 209.576395     46.241  34.283352     7.2293    2.86029     45.850    33.6508    26.3250 0.0000e+00
 209.576400     45.791  34.282603     7.2324    2.86066     45.404    33.6471    26.3217 0.0000e+00
 209.576406     45.332  34.281251     7.2383    2.86562     44.949    33.6401    26.3154 0.0000e+00
 209.576412     44.857  34.278669     7.2463    2.85099     44.478    33.6298    26.3061 0.0000e+00
 209.576418     44.362  34.275399     7.2562    2.84718     43.987    33.6168    26.2946 0.0000e+00
 209.576424     43.845  34.272185     7.2676    2.82860     43.474    33.6025    26.2817 0.0000e+00
 209.576429     43.313  34.269286     7.2792    2.81663     42.947    33.5883    26.2689 0.0000e+00
 209.576435     42.773  34.266820     7.2894    2.82703     42.412    33.5760    26.2578 0.0000e+00
 209.576441     42.230  34.264923     7.2969    2.80330     41.873    33.5669    26.2496 0.0000e+00
 209.576447     41.689  34.263931     7.3008    2.80185     41.337    33.5623    26.2454 0.0000e+00
 209.576453     41.153  34.263701     7.3044    2.78353     40.805    33.5588    26.2422 0.0000e+00
 209.576458     40.618  34.263428     7.3133    2.76126     40.275    33.5501    26.2341 0.0000e+00
 209.576464     40.080  34.262805     7.3271    2.73927     39.742    33.5363    26.2213 0.0000e+00
 209.576470     39.545  34.263304     7.3411    2.72359     39.211    33.5236    26.2093 0.0000e+00
 209.576476     39.019  34.265651     7.3542    2.70280     38.690    33.5137    26.1997 0.0000e+00
 209.576481     38.505  34.269113     7.3685    2.68197     38.180    33.5039    26.1900 0.0000e+00
 209.576487     37.995  34.273882     7.3908    2.67140     37.674    33.4877    26.1741 0.0000e+00
 209.576493     37.483  34.281333     7.4300    2.64899     37.167    33.4582    26.1454 0.0000e+00
 209.576499     36.962  34.293612     7.4799    2.64103     36.650    33.4236    26.1112 0.0000e+00
 209.576505     36.429  34.308653     7.5243    2.62503     36.122    33.3973    26.0843 0.0000e+00
 209.576510     35.883  34.321354     7.5626    2.61048     35.580    33.3745    26.0609 0.0000e+00
 209.576516     35.325  34.333023     7.6038    2.59953     35.027    33.3478    26.0340 0.0000e+00
 209.576522     34.758  34.348631     7.6486    2.59794     34.465    33.3219    26.0073 0.0000e+00
 209.576528     34.193  34.368874     7.6881    2.60196     33.905    33.3062    25.9893 0.0000e+00
 209.576534     33.640  34.388857     7.7131    2.60239     33.357    33.3040    25.9840 0.0000e+00
 209.576539     33.109  34.401100     7.7271    2.61743     32.830    33.3040    25.9820 0.0000e+00
 209.576545     32.607  34.407418     7.7419    2.63086     32.332    33.2969    25.9743 0.0000e+00
 209.576551     32.133  34.415739     7.7581    2.64638     31.862    33.2906    25.9670 0.0000e+00
 209.576557     31.669  34.424323     7.7781    2.66369     31.402    33.2809    25.9565 0.0000e+00
 209.576562     31.195  34.433465     7.8108    2.67599     30.932    33.2598    25.9352 0.0000e+00
 209.576568     30.698  34.448688     7.8499    2.70247     30.440    33.2391    25.9133 0.0000e+00
 209.576574     30.185  34.464005     7.8789    2.73933     29.931    33.2281    25.9004 0.0000e+00
 209.576580     29.666  34.465148     7.8918    2.79868     29.416    33.2173    25.8901 0.0000e+00
 209.576586     29.137  34.449784     7.8962    2.86384     28.892    33.1969    25.8734 0.0000e+00
 209.576591     28.600  34.432806     7.9012    2.92836     28.359    33.1742    25.8549 0.0000e+00
 209.576597     28.059  34.424150     7.9114    2.97079     27.823    33.1555    25.8387 0.0000e+00
 209.576603     27.514  34.421864     7.9301    3.00222     27.283    33.1356    25.8204 0.0000e+00
 209.576609     26.964  34.422398     7.9596    3.05207     26.737    33.1085    25.7948 0.0000e+00
 209.576615     26.409  34.424841     8.0018    3.08828     26.187    33.0714    25.7595 0.0000e+00
 209.576620     25.853  34.431392     8.0535    3.14050     25.636    33.0298    25.7193 0.0000e+00
 209.576626     25.301  34.441880     8.0945    3.19292     25.088    33.0026    25.6919 0.0000e+00
 209.576632     24.764  34.451298     8.1158    3.21203     24.556    32.9928    25.6811 0.0000e+00
 209.576638     24.243  34.458260     8.1388    3.22967     24.039    32.9788    25.6668 0.0000e+00
 209.576644     23.738  34.467070     8.1886    3.25555     23.539    32.9416    25.6302 0.0000e+00
 209.576649     23.240  34.482810     8.2704    3.29087     23.045    32.8818    25.5712 0.0000e+00
 209.576655     22.745  34.507465     8.3536    3.37419     22.554    32.8304    25.5185 0.0000e+00
 209.576661     22.251  34.530811     8.4071    3.48004     22.064    32.8054    25.4909 0.0000e+00
 209.576667     21.764  34.543693     8.4387    3.56275     21.581    32.7898    25.4739 0.0000e+00
 209.576672     21.289  34.552713     8.4733    3.64597     21.110    32.7673    25.4511 0.0000e+00
 209.576678     20.812  34.571085     8.5483    3.67454     20.637    32.7172    25.4006 0.0000e+00
 209.576684     20.316  34.622805     8.7164    3.67415     20.145    32.6163    25.2960 0.0000e+00
 209.576690     19.790  34.766241     8.9585    3.70716     19.624    32.5437    25.2019 0.0000e+00
 209.576696     19.232  34.984173     9.1867    3.71968     19.071    32.5612    25.1800 0.0000e+00
 209.576701     18.652  35.167577     9.3477    3.76714     18.495    32.6038    25.1878 0.0000e+00
 209.576707     18.075  35.279123     9.4182    3.78554     17.923    32.6545    25.2162 0.0000e+00
 209.576713     17.514  35.317399     9.4254    3.77361     17.367    32.6876    25.2408 0.0000e+00
 209.576719     16.973  35.309984     9.4322    3.77885     16.831    32.6740    25.2291 0.0000e+00
 209.576725     16.451  35.314893     9.4705    3.83833     16.313    32.6443    25.1998 0.0000e+00
 209.576730     15.949  35.351620     9.5412    3.91820     15.815    32.6179    25.1677 0.0000e+00
 209.576736     15.462  35.414811     9.6166    4.02656     15.332    32.6143    25.1527 0.0000e+00
 209.576742     14.976  35.471058     9.6885    4.13973     14.850    32.6067    25.1351 0.0000e+00
 209.576748     14.484  35.510775     9.7927    4.20323     14.363    32.5531    25.0762 0.0000e+00
 209.576753     13.987  35.569051     9.9636    4.31375     13.870    32.4585    24.9743 0.0000e+00
 209.576759     13.483  35.673199    10.2152    4.49418     13.370    32.3387    24.8389 0.0000e+00
 209.576765     12.969  35.836009    10.5181    4.78453     12.860    32.2332    24.7054 0.0000e+00
 209.576771     12.442  36.049263    10.7538    5.14635     12.338    32.2378    24.6685 0.0000e+00
 209.576777     11.917  36.206043    10.8594    5.54572     11.817    32.3006    24.6990 0.0000e+00
 209.576782     11.407  36.247502    10.9402    5.93568     11.311    32.2708    24.6616 0.0000e+00
 209.576788     10.910  36.292948    11.1151    6.29714     10.819    32.1624    24.5466 0.0000e+00
 209.576794     10.420  36.420425    11.4711    6.59977     10.333    31.9781    24.3398 0.0000e+00
 209.576800      9.931  36.702960    12.0061    6.84088      9.848    31.7930    24.0986 0.0000e+00
 209.576806      9.442  37.180329    12.5425    6.95557      9.363    31.7949    23.9994 0.0000e+00
 209.576811      8.956  37.659745    12.8837    7.01716      8.881    31.9611    24.0626 0.0000e+00
 209.576817      8.482  37.942173    12.9908    7.10757      8.411    32.1372    24.1780 0.0000e+00
 209.576823      8.027  38.013996    12.9622    7.20811      7.960    32.2294    24.2549 0.0000e+00
 209.576829      7.593  37.969985    12.9254    7.44743      7.529    32.2193    24.2543 0.0000e+00
 209.576834      7.177  37.939425    12.9475    7.76493      7.117    32.1719    24.2132 0.0000e+00
 209.576840      6.776  37.974721    13.0290    7.95260      6.719    32.1361    24.1696 0.0000e+00
 209.576846      6.384  38.050629    13.1923    7.99171      6.331    32.0695    24.0860 0.0000e+00
 209.576852      6.002  38.205050    13.5318    7.88150      5.952    31.9288    23.9098 0.0000e+00
 209.576858      5.632  38.539067    14.0761    7.74835      5.585    31.7856    23.6889 0.0000e+00
 209.576863      5.276  39.040951    14.6228    7.64786      5.232    31.7946    23.5822 0.0000e+00
 209.576869      4.933  39.495350    14.9718    7.58812      4.892    31.9200    23.6048 0.0000e+00
 209.576875      4.602  39.749837    15.1412    7.44940      4.564    32.0105    23.6381 0.0000e+00
 209.576881      4.289  39.861707    15.2297    7.32623      4.253    32.0386    23.6405 0.0000e+00
 209.576887      3.994  39.928627    15.2927    7.15256      3.961    32.0471    23.6335 0.0000e+00
 209.576892      3.716  39.983802    15.3467    7.04106      3.685    32.0525    23.6258 0.0000e+00
 209.576898      3.455  40.032422    15.4163    6.83649      3.426    32.0392    23.6005 0.0000e+00
 209.576904      3.206  40.107406    15.5022    7.62601      3.179    32.0362    23.5794 0.0000e+00
 209.576910      2.963  40.189854    15.5568    7.06001      2.938    32.0653    23.5897 0.0000e+00
 209.576916      2.723  40.204051    15.5268    6.61719      2.700    32.1024    23.6249 0.0000e+00
 209.576921      2.492  40.136471    15.4094    6.30719      2.471    32.1381    23.6780 0.0000e+00
 209.576927      2.277  40.018291    15.2560    6.14405      2.258    32.1581    23.7268 0.0000e+00
 209.576933      2.077  39.854159    15.0990    6.16346      2.060    32.1397    23.7466 0.0000e+00
 209.576939      1.892  39.616038    14.9421    6.22777      1.876    32.0542    23.7144 0.0000e+00
 209.576944      1.727  39.204161    14.7905    6.27251      1.713    31.8066    23.5560 0.0000e+00
 209.576950      1.581  38.275325    14.6543    6.31464      1.568    31.0774    23.0229 0.0000e+00
 209.576956      1.444  35.745436    14.5473    6.33201      1.432    28.8829    21.3551 0.0000e+00
 209.576962      1.312  28.364730    14.4770    6.32703      1.301    22.4107    16.3926 0.0000e+00
 209.576968      1.185  17.301090    14.4408    6.31422      1.175    13.0640     9.2275 -9.990e-29
 209.576973      1.068   9.507836    14.4263    6.30443      1.059     6.8386     4.4544 -9.990e-29
 209.576979      0.966   6.146659    14.4199    6.30862      0.958     4.2831     2.4920 -9.990e-29
 209.576985      0.878   4.733182    14.4151    6.31810      0.871     3.2408     1.6907 -9.990e-29
 209.576991      0.801   4.374725    14.4115 -9.990e-29      0.794     2.9804     1.4907 -9.990e-29
 209.576997      0.735   4.083422    14.4102 -9.990e-29      0.729     2.7698     1.3287 -9.990e-29
 209.577002      0.677   3.615478    14.4097 -9.990e-29      0.671     2.4339     1.0699 -9.990e-29
 209.577008      0.626   3.205486    14.4094 -9.990e-29      0.621     2.1422     0.8450 -9.990e-29
 209.577014      0.583   2.929442    14.4090 -9.990e-29      0.578     1.9473     0.6948 -9.990e-29
 209.577020      0.546   2.743898    14.4075 -9.990e-29      0.541     1.8171     0.5946 -9.990e-29
 209.577025      0.513   2.584316    14.4050 -9.990e-29      0.509     1.7057     0.5090 -9.990e-29
 209.577031      0.486   2.407421    14.4023 -9.990e-29      0.482     1.5828     0.4144 -9.990e-29
 209.577037      0.471   2.234084    14.4010 -9.990e-29      0.467     1.4628     0.3220 -9.990e-29
 209.577043      0.467   2.130468 -9.990e-29 -9.990e-29      0.463 -9.990e-29 -9.990e-29 -9.990e-29
