data/oxygen options/ONMS/Olympic_Coast_National_Marine_Sanctuary_Hypoxia_Survey_CTD_Data_2004_2015/raw_data/2004/CTD_CE60_100404faed.cnv
* Sea-Bird SBE19 Data File:
* FileName = C:\WINDOWS\Desktop\put hypoxia files here\CTD data\October 04_05-04\raw\CE60_100404.hex
* Software Version 1.1.4
* Temperature SN = 2997
* Conductivity SN = 2997
* System UpLoad Time = Oct 04 2004 15:20:53
* SEACAT PROFILER V3.1c SN 2997   10/04/04  15:24:48.198
* strain gauge pressure sensor: S/N = 184829,  range = 3000 psia,  tc = 40
# nquan = 9                                 
# nvalues = 664                         
# units = specified
# name 0 = timeJ: Julian Days
# name 1 = prSM: Pressure, Strain Gauge [db]
# name 2 = c0mS/cm: Conductivity [mS/cm]
# name 3 = t090C: Temperature [ITS-90, deg C]
# name 4 = oxML/L: Oxygen, Beckman/YSI [ml/l]
# name 5 = depSM: Depth [salt water, m], lat = 47.5
# name 6 = sal00: Salinity, Practical [PSU]
# name 7 = sigma-é00: Density [sigma-theta, kg/m^3]
# name 8 = flag: flag
# span 0 = 278.566076, 278.569913       
# span 1 =     -4.757,     60.911       
# span 2 =   0.790129,  39.294408       
# span 3 =     7.7112,    15.8222       
# span 4 =   -0.04385,   29.73094       
# span 5 =     -4.717,     60.394       
# span 6 =     0.5020,    33.6288       
# span 7 =    -0.3157,    26.2397       
# span 8 = 0.0000e+00, 0.0000e+00       
# interval = seconds: 0.5
# start_time = Oct 04 2004 13:35:09 [Instrument's time stamp, header]
# bad_flag = -9.990e-29
*END*
[from data line 321]
 278.567934      1.097  37.782373    15.5581    7.02309      1.088    29.9339    21.9511 -9.990e-29
 278.567940      1.089  37.783131    15.5596    7.01806      1.080    29.9334    21.9504 -9.990e-29
 278.567946      1.102  37.784531    15.5610    7.00932      1.093    29.9336    21.9502 -9.990e-29
 278.567951      1.124  37.785641    15.5616    7.00367      1.115    29.9341    21.9505 -9.990e-29
 278.567957      1.139  37.786262    15.5615    7.01535      1.129    29.9347    21.9510 -9.990e-29
 278.567963      1.148  37.786106    15.5608    7.02539      1.138    29.9351    21.9514 -9.990e-29
 278.567969      1.160  37.785529    15.5601    7.03763      1.150    29.9351    21.9516 -9.990e-29
 278.567975      1.176  37.785449    15.5598    7.03666      1.166    29.9353    21.9518 -9.990e-29
 278.567980      1.193  37.785765    15.5606    7.02504      1.183    29.9349    21.9513 -9.990e-29
 278.567986      1.212  37.786904    15.5634    7.01358      1.202    29.9338    21.9499 -9.990e-29
 278.567992      1.229  37.789827    15.5669    7.01156      1.219    29.9337    21.9490 -9.990e-29
 278.567998      1.242  37.792828    15.5685    7.00847      1.232    29.9351    21.9498 -9.990e-29
 278.568003      1.251  37.793742    15.5666    7.01709      1.241    29.9374    21.9519 -9.990e-29
 278.568009      1.257  37.791551    15.5613    7.02526      1.247    29.9395    21.9547 -9.990e-29
 278.568015      1.261  37.786145    15.5563    7.02186      1.250    29.9385    21.9550 -9.990e-29
 278.568021      1.257  37.781535    15.5556    7.01648      1.247    29.9350    21.9525 -9.990e-29
 278.568027      1.242  37.781673    15.5600    7.01112      1.232    29.9318    21.9490 -9.990e-29
 278.568032      1.224  37.786746    15.5662    7.01195      1.214    29.9315    21.9475 -9.990e-29
 278.568038      1.214  37.792306    15.5688    7.01384      1.204    29.9345    21.9492 -9.990e-29
 278.568044      1.215  37.792874    15.5660    7.01165      1.205    29.9371    21.9518 -9.990e-29
 278.568050      1.224  37.789215    15.5617    7.01036      1.214    29.9371    21.9528 -9.990e-29
 278.568056      1.232  37.784867    15.5601    7.00446      1.222    29.9345    21.9511 -9.990e-29
 278.568061      1.236  37.783007    15.5615    7.01048      1.226    29.9318    21.9487 -9.990e-29
 278.568067      1.241  37.784523    15.5628    7.01400      1.231    29.9322    21.9487 -9.990e-29
 278.568073      1.250  37.786396    15.5614    7.01536      1.240    29.9349    21.9511 -9.990e-29
 278.568079      1.260  37.785520    15.5579    7.01101      1.249    29.9367    21.9533 -9.990e-29
 278.568084      1.268  37.782414    15.5552    7.01295      1.257    29.9361    21.9534 -9.990e-29
 278.568090      1.273  37.780232    15.5550    7.01406      1.262    29.9343    21.9521 -9.990e-29
 278.568096      1.277  37.780553    15.5561    7.01444      1.266    29.9337    21.9514 -9.990e-29
 278.568102      1.279  37.782128    15.5570    7.01373      1.268    29.9344    21.9517 -9.990e-29
 278.568108      1.280  37.783135    15.5573    7.01126      1.269    29.9351    21.9522 -9.990e-29
 278.568113      1.279  37.783239    15.5575    7.00176      1.268    29.9350    21.9521 -9.990e-29
 278.568119      1.278  37.783145    15.5579    7.00005      1.267    29.9346    21.9517 -9.990e-29
 278.568125      1.275  37.783293    15.5581    7.00591      1.264    29.9346    21.9516 -9.990e-29
 278.568131      1.270  37.783324    15.5578    7.00427      1.259    29.9349    21.9519 -9.990e-29
 278.568137      1.264  37.783284    15.5580    7.00633      1.253    29.9347    21.9517 -9.990e-29
 278.568142      1.255  37.783685    15.5592    6.98735      1.245    29.9341    21.9510 -9.990e-29
 278.568148      1.243  37.784506    15.5612    6.97283      1.233    29.9334    21.9500 -9.990e-29
 278.568154      1.232  37.785724    15.5628    6.96709      1.222    29.9332    21.9495 -9.990e-29
 278.568160      1.230  37.786724    15.5629    6.96825      1.220    29.9340    21.9501 -9.990e-29
 278.568166      1.240  37.786604    15.5616    6.98018      1.230    29.9349    21.9511 -9.990e-29
 278.568171      1.260  37.785207    15.5595    6.97915      1.249    29.9353    21.9518 -9.990e-29
 278.568177      1.281  37.782921    15.5579    6.98187      1.270    29.9345    21.9516 -9.990e-29
 278.568183      1.301  37.781185    15.5571    6.98187      1.290    29.9335    21.9510 -9.990e-29
 278.568189      1.317  37.781053    15.5567    6.98913      1.306    29.9337    21.9512 -9.990e-29
 278.568194      1.325  37.781787    15.5562    6.99064      1.314    29.9347    21.9521 -9.990e-29
 278.568200      1.331  37.782112    15.5550    6.99007      1.320    29.9359    21.9533 -9.990e-29
 278.568206      1.334  37.781318    15.5535    6.97891      1.323    29.9364    21.9540 -9.990e-29
 278.568212      1.331  37.780006    15.5526    6.97404      1.320    29.9359    21.9538 -9.990e-29
 278.568218      1.326  37.779209    15.5524    6.97261      1.315    29.9353    21.9534 -9.990e-29
 278.568223      1.322  37.778963    15.5527    6.98214      1.311    29.9349    21.9530 -9.990e-29
 278.568229      1.320  37.778920    15.5532    6.98890      1.309    29.9345    21.9526 -9.990e-29
 278.568235      1.319  37.779004    15.5535    6.98865      1.308    29.9343    21.9524 -9.990e-29
 278.568241      1.319  37.779305    15.5544    6.98051      1.308    29.9339    21.9519 -9.990e-29
 278.568247      1.320  37.780204    15.5565    6.98233      1.309    29.9331    21.9508 -9.990e-29
 278.568252      1.323  37.781756    15.5583    6.99082      1.312    29.9331    21.9504 -9.990e-29
 278.568258      1.327  37.783207    15.5584    6.99362      1.316    29.9343    21.9513 -9.990e-29
 278.568264      1.333  37.783666    15.5573    6.99036      1.322    29.9355    21.9525 -9.990e-29
 278.568270      1.341  37.783166    15.5555    6.98498      1.330    29.9365    21.9536 -9.990e-29
 278.568275      1.351  37.782142    15.5531    6.98080      1.340    29.9374    21.9548 -9.990e-29
 278.568281      1.361  37.780326    15.5512    6.98184      1.350    29.9372    21.9551 -9.990e-29
 278.568287      1.365  37.778643    15.5515    6.98437      1.354    29.9355    21.9538 -9.990e-29
 278.568293      1.370  37.778752    15.5532    6.99052      1.359    29.9343    21.9525 -9.990e-29
 278.568299      1.379  37.780218    15.5535    6.98617      1.367    29.9354    21.9532 -9.990e-29
 278.568304      1.393  37.781048    15.5516    6.98449      1.381    29.9375    21.9553 -9.990e-29
 278.568310      1.409  37.780086    15.5499    6.98821      1.397    29.9380    21.9560 -9.990e-29
 278.568316      1.423  37.778830    15.5501    6.97671      1.411    29.9367    21.9550 -9.990e-29
 278.568322      1.437  37.778950    15.5508    6.97742      1.425    29.9363    21.9545 -9.990e-29
 278.568328      1.446  37.779464    15.5511    6.97723      1.434    29.9365    21.9546 -9.990e-29
 278.568333      1.452  37.779354    15.5515    6.97767      1.440    29.9361    21.9542 -9.990e-29
 278.568339      1.464  37.779013    15.5517    6.99554      1.452    29.9356    21.9538 -9.990e-29
 278.568345      1.485  37.778528    15.5512    7.00014      1.473    29.9356    21.9539 -9.990e-29
 278.568351      1.518  37.777792    15.5511    7.00067      1.505    29.9350    21.9535 -9.990e-29
 278.568356      1.566  37.777486    15.5523    7.00632      1.553    29.9338    21.9523 -9.990e-29
 278.568362      1.630  37.778303    15.5540    7.00943      1.616    29.9332    21.9515 -9.990e-29
 278.568368      1.715  37.779629    15.5540    7.01489      1.701    29.9344    21.9523 -9.990e-29
 278.568374      1.822  37.779846    15.5512    7.00213      1.807    29.9366    21.9547 -9.990e-29
 278.568380      1.954  37.778099    15.5470    6.98329      1.938    29.9382    21.9568 0.0000e+00
 278.568385      2.119  37.774843    15.5417    6.96543      2.101    29.9393    21.9588 0.0000e+00
 278.568391      2.323  37.770764    15.5331    6.96083      2.304    29.9422    21.9629 0.0000e+00
 278.568397      2.575  37.764327    15.5185    6.96934      2.553    29.9475    21.9701 0.0000e+00
 278.568403      2.887  37.753097    15.4999    6.97129      2.863    29.9516    21.9773 0.0000e+00
 278.568409      3.260  37.739465    15.4823    6.97196      3.233    29.9529    21.9821 0.0000e+00
 278.568414      3.686  37.728223    15.4672    6.96069      3.655    29.9543    21.9864 0.0000e+00
 278.568420      4.147  37.720618    15.4539    6.93914      4.112    29.9575    21.9918 0.0000e+00
 278.568426      4.635  37.717138    15.4434    6.89957      4.596    29.9623    21.9977 0.0000e+00
 278.568432      5.142  37.722649    15.4353    6.85341      5.099    29.9731    22.0078 0.0000e+00
 278.568438      5.658  37.741671    15.4225    6.82093      5.611    29.9995    22.0308 0.0000e+00
 278.568443      6.177  37.774304    15.3957    6.80832      6.125    30.0486    22.0743 0.0000e+00
 278.568449      6.698  37.819729    15.3518    6.79239      6.642    30.1222    22.1403 0.0000e+00
 278.568455      7.219  37.877920    15.2977    6.74445      7.159    30.2151    22.2233 0.0000e+00
 278.568461      7.739  37.947360    15.2444    6.66770      7.674    30.3176    22.3136 0.0000e+00
 278.568466      8.261  38.023019    15.2007    6.53500      8.192    30.4185    22.4005 0.0000e+00
 278.568472      8.789  38.107595    15.1721    6.34464      8.715    30.5159    22.4815 0.0000e+00
 278.568478      9.317  38.225207    15.1605    6.12073      9.239    30.6295    22.5714 0.0000e+00
 278.568484      9.845  38.412615    15.1547    5.90496      9.763    30.8010    22.7046 0.0000e+00
 278.568490     10.381  38.664464    15.1334    5.72636     10.294    31.0425    22.8950 0.0000e+00
 278.568495     10.929  38.917163    15.0921    5.59758     10.838    31.3013    23.1029 0.0000e+00
 278.568501     11.484  39.108800    15.0436    5.50783     11.388    31.5118    23.2754 0.0000e+00
 278.568507     12.040  39.217189    14.9929    5.44804     11.939    31.6499    23.3925 0.0000e+00
 278.568513     12.589  39.265084    14.9320    5.40792     12.484    31.7422    23.4766 0.0000e+00
 278.568519     13.123  39.286018    14.8581    5.40390     13.013    31.8211    23.5531 0.0000e+00
 278.568524     13.646  39.294408    14.7764    5.44566     13.532    31.8953    23.6276 0.0000e+00
 278.568530     14.174  39.290747    14.6793    5.48344     14.055    31.9714    23.7069 0.0000e+00
 278.568536     14.714  39.262826    14.5452    5.52031     14.591    32.0564    23.8006 0.0000e+00
 278.568542     15.260  39.195820    14.3709    5.53187     15.132    32.1395    23.9012 0.0000e+00
 278.568547     15.797  39.085616    14.1880    5.45095     15.665    32.1906    23.9786 0.0000e+00
 278.568553     16.322  38.956326    14.0270    5.33308     16.185    32.2060    24.0238 0.0000e+00
 278.568559     16.833  38.841940    13.8760    5.22820     16.692    32.2268    24.0708 0.0000e+00
 278.568565     17.338  38.736853    13.6796    5.07176     17.193    32.2945    24.1630 0.0000e+00
 278.568571     17.848  38.599626    13.3692    4.91317     17.698    32.4294    24.3296 0.0000e+00
 278.568576     18.363  38.369531    12.9481    4.75556     18.209    32.5732    24.5241 0.0000e+00
 278.568582     18.884  38.050466    12.4836    4.58457     18.726    32.6714    24.6901 0.0000e+00
 278.568588     19.409  37.716119    11.9856    4.41073     19.246    32.7851    24.8724 0.0000e+00
 278.568594     19.936  37.363105    11.4539    4.25901     19.769    32.9115    25.0685 0.0000e+00
 278.568600     20.466  36.976010    10.9309    4.14469     20.294    32.9974    25.2290 0.0000e+00
 278.568605     21.002  36.596572    10.4281    4.09215     20.826    33.0729    25.3754 0.0000e+00
 278.568611     21.547  36.230712     9.9541    4.06308     21.366    33.1358    25.5046 0.0000e+00
 278.568617     22.099  35.882794     9.5542    4.03528     21.913    33.1483    25.5802 0.0000e+00
 278.568623     22.653  35.596215     9.2563    4.00423     22.463    33.1285    25.6127 0.0000e+00
 278.568628     23.211  35.389612     9.0489    3.97780     23.016    33.1068    25.6285 0.0000e+00
 278.568634     23.769  35.246422     8.9028    3.98459     23.569    33.0935    25.6410 0.0000e+00
 278.568640     24.324  35.143832     8.7840    4.00866     24.120    33.0969    25.6621 0.0000e+00
 278.568646     24.878  35.057117     8.6692    4.05398     24.669    33.1131    25.6925 0.0000e+00
 278.568652     25.427  34.970955     8.5572    4.06702     25.213    33.1273    25.7207 0.0000e+00
 278.568657     25.967  34.885899     8.4645    4.07617     25.749    33.1245    25.7325 0.0000e+00
 278.568663     26.498  34.818545     8.3997    4.09468     26.275    33.1141    25.7341 0.0000e+00
 278.568669     27.025  34.779941     8.3460    4.09229     26.798    33.1236    25.7496 0.0000e+00
 278.568675     27.559  34.751090     8.2888    4.09643     27.327    33.1467    25.7763 0.0000e+00
 278.568681     28.108  34.715916     8.2333    4.09843     27.872    33.1615    25.7962 0.0000e+00
 278.568686     28.669  34.680183     8.1883    4.09608     28.428    33.1659    25.8063 0.0000e+00
 278.568692     29.235  34.650586     8.1581    4.10489     28.989    33.1627    25.8083 0.0000e+00
 278.568698     29.798  34.630789     8.1391    4.09985     29.547    33.1594    25.8085 0.0000e+00
 278.568704     30.356  34.619588     8.1231    4.08432     30.100    33.1623    25.8131 0.0000e+00
 278.568709     30.910  34.611553     8.1050    4.09082     30.650    33.1706    25.8223 0.0000e+00
 278.568715     31.458  34.603794     8.0815    4.08111     31.193    33.1844    25.8366 0.0000e+00
 278.568721     31.994  34.594351     8.0494    4.07257     31.725    33.2045    25.8571 0.0000e+00
 278.568727     32.528  34.581258     8.0129    4.05002     32.254    33.2249    25.8785 0.0000e+00
 278.568733     33.068  34.566090     7.9801    4.03247     32.789    33.2396    25.8948 0.0000e+00
 278.568738     33.609  34.552136     7.9533    4.02427     33.326    33.2500    25.9069 0.0000e+00
 278.568744     34.148  34.539821     7.9290    4.02642     33.860    33.2597    25.9180 0.0000e+00
 278.568750     34.683  34.527832     7.9031    4.03066     34.391    33.2712    25.9309 0.0000e+00
 278.568756     35.216  34.515852     7.8757    4.03372     34.919    33.2843    25.9451 0.0000e+00
 278.568762     35.746  34.505259     7.8502    4.04486     35.445    33.2970    25.9588 0.0000e+00
 278.568767     36.271  34.497036     7.8286    4.05221     35.965    33.3086    25.9710 0.0000e+00
 278.568773     36.792  34.491406     7.8103    4.05800     36.482    33.3198    25.9824 0.0000e+00
 278.568779     37.307  34.489243     7.7951    4.04238     36.992    33.3317    25.9940 0.0000e+00
 278.568785     37.814  34.491003     7.7837    4.03473     37.495    33.3443    26.0056 0.0000e+00
 278.568791     38.312  34.495085     7.7756    4.02154     37.989    33.3562    26.0161 0.0000e+00
 278.568796     38.801  34.499621     7.7690    4.01087     38.474    33.3671    26.0256 0.0000e+00
 278.568802     39.288  34.505031     7.7631    3.98708     38.956    33.3784    26.0353 0.0000e+00
 278.568808     39.769  34.511781     7.7585    3.97022     39.433    33.3898    26.0450 0.0000e+00
 278.568814     40.237  34.518758     7.7555    3.94481     39.897    33.3999    26.0534 0.0000e+00
 278.568819     40.694  34.525155     7.7533    3.93529     40.350    33.4087    26.0606 0.0000e+00
 278.568825     41.154  34.532752     7.7515    3.90666     40.806    33.4184    26.0685 0.0000e+00
 278.568831     41.628  34.546614     7.7510    3.87615     41.276    33.4335    26.0804 0.0000e+00
 278.568837     42.125  34.566706     7.7515    3.85247     41.769    33.4544    26.0968 0.0000e+00
 278.568843     42.642  34.584486     7.7519    3.81717     42.282    33.4729    26.1113 0.0000e+00
 278.568848     43.169  34.595612     7.7517    3.78083     42.804    33.4848    26.1207 0.0000e+00
