data/oxygen options/ONMS/Olympic_Coast_National_Marine_Sanctuary_Hypoxia_Survey_CTD_Data_2004_2015/raw_data/2004/CTD_CA30_061504faed.cnv
* Sea-Bird SBE19 Data File:
* FileName = C:\WINDOWS\Desktop\put hypoxia files here\CTD files\CA\CA30m061504.hex
* Software Version 1.1.4
* Temperature SN = 2997
* Conductivity SN = 2997
* System UpLoad Time = Jun 15 2004 12:19:53
** Cape Alava hypoxia CA3 30 m June 15, 2004
* SEACAT PROFILER V3.1c SN 2997   06/15/04  12:17:29.359
# nquan = 9                                 
# nvalues = 619                         
# units = specified
# name 0 = timeJ: Julian Days
# name 1 = prSM: Pressure, Strain Gauge [db]
# name 2 = c0mS/cm: Conductivity [mS/cm]
# name 3 = t090C: Temperature [ITS-90, deg C]
# name 4 = oxML/L: Oxygen, Beckman/YSI [ml/l]
# name 5 = depSM: Depth [salt water, m], lat = 47.5
# name 6 = sal00: Salinity, Practical [PSU]
# name 7 = sigma-é00: Density [sigma-theta, kg/m^3]
# name 8 = flag: flag
# span 0 = 167.472604, 167.476181       
# span 1 =     -4.279,     33.715       
# span 2 =   1.184678,  37.498872       
# span 3 =     8.5202,    13.4710       
# span 4 =   -0.05599,   32.21644       
# span 5 =     -4.243,     33.431       
# span 6 =     0.7802,    32.9153       
# span 7 =    -0.0046,    25.5558       
# span 8 = 0.0000e+00, 0.0000e+00       
# interval = seconds: 0.5
# start_time = Jun 15 2004 11:20:33 [Instrument's time stamp, header]
# bad_flag = -9.990e-29
*END*
[from data line 481]
 167.475388     31.204  34.724918     8.5265    3.59244     30.941    32.8945    25.5429 0.0000e+00
 167.475394     31.340  34.725973     8.5272    3.60146     31.076    32.8949    25.5431 0.0000e+00
 167.475399     31.474  34.726157     8.5271    3.59611     31.209    32.8951    25.5433 0.0000e+00
 167.475405     31.611  34.725708     8.5265    3.59841     31.345    32.8951    25.5434 0.0000e+00
 167.475411     31.756  34.724953     8.5256    3.59637     31.489    32.8951    25.5436 0.0000e+00
 167.475417     31.909  34.724004     8.5244    3.59527     31.640    32.8952    25.5438 0.0000e+00
 167.475422     32.063  34.723105     8.5232    3.59991     31.793    32.8953    25.5441 0.0000e+00
 167.475428     32.214  34.722202     8.5220    3.59528     31.943    32.8954    25.5443 0.0000e+00
 167.475434     32.364  34.721048     8.5208    3.59034     32.091    32.8952    25.5444 0.0000e+00
 167.475440     32.517  34.719811     8.5202    3.58918     32.243    32.8944    25.5438 0.0000e+00
 167.475446     32.676  34.719107     8.5204    3.59114     32.401    32.8934    25.5430 0.0000e+00
 167.475451     32.832  34.719143     8.5211    3.58997     32.555    32.8927    25.5424 0.0000e+00
 167.475457     32.980  34.719429     8.5224    3.59350     32.702    32.8917    25.5414 0.0000e+00
 167.475463     33.114  34.719808     8.5237    3.58522     32.835    32.8909    25.5405 0.0000e+00
 167.475469     33.241  34.720248     8.5240    3.57857     32.961    32.8910    25.5406 -9.990e-29
 167.475475     33.358  34.720240     8.5235    3.58107     33.077    32.8914    25.5410 -9.990e-29
 167.475480     33.461  34.719798     8.5231    3.57547     33.179    32.8912    25.5409 -9.990e-29
 167.475486     33.548  34.719476     8.5232    3.58001     33.265    32.8908    25.5406 -9.990e-29
 167.475492     33.615  34.719429     8.5234    3.58356     33.332    32.8905    25.5403 -9.990e-29
 167.475498     33.663  34.719619     8.5233    3.57791     33.379    32.8908    25.5405 -9.990e-29
 167.475503     33.694  34.719761     8.5229    3.58064     33.410    32.8913    25.5410 -9.990e-29
 167.475509     33.711  34.719510     8.5224    3.57234     33.427    32.8915    25.5412 -9.990e-29
 167.475515     33.715  34.719116     8.5219    3.57329     33.431    32.8915    25.5413 -9.990e-29
 167.475521     33.706  34.718636     8.5214    3.57684     33.422    32.8915    25.5414 -9.990e-29
 167.475527     33.683  34.718016     8.5210    3.57877     33.399    32.8912    25.5412 -9.990e-29
 167.475532     33.649  34.717577     8.5207    3.58304     33.365    32.8911    25.5412 -9.990e-29
 167.475538     33.611  34.717319     8.5208    3.57369     33.328    32.8907    25.5409 -9.990e-29
 167.475544     33.571  34.716921     8.5211    3.57302     33.288    32.8900    25.5403 -9.990e-29
 167.475550     33.525  34.716439     8.5210    3.57274     33.243    32.8896    25.5400 -9.990e-29
 167.475556     33.471  34.716375     8.5206    3.57498     33.189    32.8900    25.5403 -9.990e-29
 167.475561     33.406  34.716670     8.5204    3.57919     33.125    32.8905    25.5408 -9.990e-29
 167.475567     33.325  34.716618     8.5204    3.57900     33.044    32.8905    25.5407 -9.990e-29
 167.475573     33.219  34.716175     8.5207    3.57882     32.939    32.8898    25.5401 -9.990e-29
 167.475579     33.078  34.715896     8.5211    3.57928     32.799    32.8892    25.5396 0.0000e+00
 167.475584     32.891  34.715993     8.5216    3.58718     32.614    32.8889    25.5393 0.0000e+00
 167.475590     32.647  34.716621     8.5223    3.57224     32.372    32.8890    25.5393 0.0000e+00
 167.475596     32.340  34.717518     8.5229    3.56066     32.068    32.8895    25.5396 0.0000e+00
 167.475602     31.971  34.717663     8.5229    3.56474     31.702    32.8899    25.5399 0.0000e+00
 167.475608     31.550  34.716717     8.5225    3.55879     31.284    32.8894    25.5396 0.0000e+00
 167.475613     31.099  34.715688     8.5223    3.56394     30.837    32.8887    25.5391 0.0000e+00
 167.475619     30.636  34.715474     8.5222    3.56878     30.378    32.8888    25.5391 0.0000e+00
 167.475625     30.166  34.715817     8.5223    3.55373     29.912    32.8893    25.5395 0.0000e+00
 167.475631     29.683  34.716080     8.5229    3.55091     29.433    32.8893    25.5393 0.0000e+00
 167.475637     29.185  34.716078     8.5235    3.54198     28.939    32.8889    25.5390 0.0000e+00
 167.475642     28.668  34.715835     8.5239    3.53907     28.427    32.8885    25.5386 0.0000e+00
 167.475648     28.134  34.715612     8.5249    3.54451     27.897    32.8876    25.5377 0.0000e+00
 167.475654     27.579  34.716263     8.5275    3.55890     27.347    32.8861    25.5362 0.0000e+00
 167.475660     27.003  34.718121     8.5346    3.57404     26.776    32.8817    25.5316 0.0000e+00
 167.475666     26.411  34.722567     8.5537    3.57615     26.189    32.8689    25.5187 0.0000e+00
 167.475671     25.808  34.734434     8.5818    3.51941     25.591    32.8555    25.5039 0.0000e+00
 167.475677     25.204  34.749952     8.6093    3.47668     24.992    32.8465    25.4927 0.0000e+00
 167.475683     24.603  34.762930     8.6473    3.51068     24.396    32.8251    25.4701 0.0000e+00
 167.475689     23.997  34.783417     8.7109    3.62547     23.795    32.7878    25.4312 0.0000e+00
 167.475694     23.376  34.821378     8.7885    3.82243     23.180    32.7560    25.3944 0.0000e+00
 167.475700     22.741  34.868031     8.8595    4.03674     22.550    32.7394    25.3705 0.0000e+00
 167.475706     22.094  34.907688     8.9355    4.11107     21.908    32.7109    25.3364 0.0000e+00
 167.475712     21.436  34.946732     9.0814    4.12079     21.256    32.6177    25.2408 0.0000e+00
 167.475718     20.768  35.022681     9.4039    4.14753     20.594    32.4027    25.0217 0.0000e+00
 167.475723     20.091  35.205994     9.9017    4.22054     19.922    32.1431    24.7384 0.0000e+00
 167.475729     19.414  35.506198    10.3344    4.40649     19.251    32.0625    24.6036 0.0000e+00
 167.475735     18.752  35.766295    10.4915    4.62482     18.595    32.1846    24.6722 0.0000e+00
 167.475741     18.116  35.842013    10.4862    4.78804     17.964    32.2653    24.7359 0.0000e+00
 167.475747     17.504  35.812005    10.5350    4.92148     17.357    32.1923    24.6708 0.0000e+00
 167.475752     16.910  35.821910    10.7280    5.02634     16.768    32.0327    24.5133 0.0000e+00
 167.475758     16.328  35.916900    11.0529    5.09967     16.191    31.8438    24.3098 0.0000e+00
 167.475764     15.745  36.087947    11.4187    5.18230     15.613    31.6965    24.1306 0.0000e+00
 167.475770     15.156  36.291199    11.7482    5.29284     15.029    31.6129    24.0062 0.0000e+00
 167.475775     14.560  36.476415    11.9999    5.38816     14.438    31.5783    23.9333 0.0000e+00
 167.475781     13.963  36.607997    12.1516    5.45004     13.846    31.5767    23.9039 0.0000e+00
 167.475787     13.357  36.675278    12.2453    5.46992     13.245    31.5624    23.8753 0.0000e+00
 167.475793     12.733  36.708587    12.3574    5.45292     12.626    31.5001    23.8061 0.0000e+00
 167.475799     12.104  36.760798    12.5111    5.46904     12.003    31.4214    23.7161 0.0000e+00
 167.475804     11.475  36.852205    12.6508    5.52921     11.379    31.3918    23.6667 0.0000e+00
 167.475810     10.847  36.938153    12.7250    5.57400     10.756    31.4116    23.6678 0.0000e+00
 167.475816     10.226  36.979627    12.7513    5.61234     10.140    31.4292    23.6763 0.0000e+00
 167.475822      9.619  36.989916    12.7837    5.61230      9.538    31.4122    23.6570 0.0000e+00
 167.475828      9.032  36.999603    12.8531    5.60279      8.956    31.3639    23.6062 0.0000e+00
 167.475833      8.465  37.032290    12.9434    5.60807      8.394    31.3201    23.5549 0.0000e+00
 167.475839      7.911  37.085597    13.0156    5.62736      7.845    31.3107    23.5337 0.0000e+00
 167.475845      7.367  37.127442    13.0608    5.65758      7.305    31.3129    23.5266 0.0000e+00
 167.475851      6.832  37.149162    13.0952    5.68151      6.775    31.3051    23.5138 0.0000e+00
 167.475856      6.309  37.166859    13.1293    5.70151      6.256    31.2937    23.4984 0.0000e+00
 167.475862      5.810  37.189018    13.1676    5.72436      5.761    31.2831    23.4827 0.0000e+00
 167.475868      5.340  37.218297    13.2037    5.75789      5.295    31.2810    23.4740 0.0000e+00
 167.475874      4.904  37.246092    13.2242    5.76438      4.863    31.2902    23.4771 0.0000e+00
 167.475880      4.508  37.259578    13.2354    5.76327      4.470    31.2938    23.4776 0.0000e+00
 167.475885      4.158  37.269484    13.2575    5.75676      4.123    31.2850    23.4665 0.0000e+00
 167.475891      3.853  37.295217    13.2882    5.75657      3.821    31.2839    23.4596 0.0000e+00
 167.475897      3.589  37.324559    13.3081    5.76823      3.559    31.2950    23.4643 0.0000e+00
 167.475903      3.364  37.336087    13.3147    5.79406      3.336    31.3004    23.4671 0.0000e+00
 167.475909      3.172  37.336232    13.3189    5.81254      3.146    31.2972    23.4638 0.0000e+00
 167.475914      3.005  37.338120    13.3267    5.75233      2.980    31.2926    23.4587 0.0000e+00
 167.475920      2.851  37.343733    13.3411    5.70858      2.827    31.2860    23.4508 0.0000e+00
 167.475926      2.707  37.354411    13.3623    5.63737      2.684    31.2786    23.4409 0.0000e+00
 167.475932      2.566  37.372640    13.3853    5.62767      2.545    31.2768    23.4349 0.0000e+00
 167.475937      2.419  37.394708    13.4026    5.63593      2.399    31.2832    23.4365 0.0000e+00
 167.475943      2.267  37.410248    13.4107    6.65058      2.248    31.2911    23.4410 0.0000e+00
 167.475949      2.116  37.414207    13.4063    6.72029      2.098    31.2984    23.4475 0.0000e+00
 167.475955      1.970  37.404603    13.3835    6.73150      1.954    31.3082    23.4596 0.0000e+00
 167.475961      1.829  37.379880    13.3458    6.76585      1.814    31.3162    23.4732 0.0000e+00
 167.475966      1.691  37.341876    13.3022    6.79136      1.677    31.3167    23.4822 0.0000e+00
 167.475972      1.560  37.276401    13.2513    6.78594      1.547    31.2975    23.4773 -9.990e-29
 167.475978      1.442  37.144412    13.1947    6.80067      1.430    31.2208    23.4291 -9.990e-29
 167.475984      1.333  36.843422    13.1456    6.82115      1.322    30.9797    23.2523 -9.990e-29
 167.475990      1.230  36.033827    13.1085    6.82471      1.220    30.2539    22.6983 -9.990e-29
 167.475995      1.136  33.673760    13.0792    6.83954      1.127    28.0861    21.0288 -9.990e-29
 167.476001      1.052  26.655186    13.0583    6.84106      1.043    21.7159    16.1178 -9.990e-29
 167.476007      0.983  15.929572    13.0476    6.82089      0.975    12.3820     8.9317 -9.990e-29
 167.476013      0.924   8.266594    13.0440    6.83145      0.916     6.0978     4.0922 -9.990e-29
 167.476019      0.866   5.108048    13.0429    6.83652      0.859     3.6420     2.1971 -9.990e-29
 167.476024      0.811   3.713308    13.0422    6.84224      0.804     2.5937     1.3867 -9.990e-29
 167.476030      0.760   3.147464    13.0416    6.86091      0.754     2.1764     1.0638 -9.990e-29
 167.476036      0.712   3.030221    13.0415    6.84880      0.706     2.0906     0.9974 -9.990e-29
 167.476042      0.670   3.092407    13.0412    6.82799      0.664     2.1361     1.0327 -9.990e-29
 167.476047      0.631   3.101726    13.0402    6.82551      0.626     2.1430     1.0381 -9.990e-29
 167.476053      0.597   2.951636    13.0380    6.85890      0.592     2.0334     0.9536 -9.990e-29
 167.476059      0.569   2.701633    13.0347    6.88251      0.564     1.8518     0.8133 -9.990e-29
 167.476065      0.547   2.485879    13.0307    6.90768      0.542     1.6960     0.6931 -9.990e-29
 167.476071      0.528   2.408002    13.0268    6.88876      0.524     1.6401     0.6503 -9.990e-29
 167.476076      0.511   2.542017    13.0239    6.85656      0.507     1.7368     0.7256 -9.990e-29
 167.476082      0.495   2.817591    13.0220    6.82872      0.491     1.9366     0.8807 -9.990e-29
 167.476088      0.480   2.965153    13.0211    6.81887      0.476     2.0442     0.9641 -9.990e-29
 167.476094      0.468   2.865172    13.0214    6.84608      0.464     1.9713     0.9076 -9.990e-29
 167.476100      0.463   2.653403    13.0226    6.86536      0.459     1.8174     0.7883 -9.990e-29
 167.476105      0.461   2.453597    13.0236    6.87582      0.457     1.6731     0.6763 -9.990e-29
 167.476111      0.457   2.285309    13.0238    6.90817      0.453     1.5522     0.5825 -9.990e-29
 167.476117      0.451   2.142754    13.0226    6.91066      0.447     1.4503     0.5037 -9.990e-29
 167.476123      0.442   2.033985    13.0199    6.91962      0.438     1.3729     0.4440 -9.990e-29
 167.476128      0.431   1.995183    13.0166 -9.990e-29      0.427     1.3454     0.4231 -9.990e-29
 167.476134      0.419   2.122974    13.0141 -9.990e-29      0.416     1.4365     0.4941 -9.990e-29
 167.476140      0.412   2.428248    13.0123 -9.990e-29      0.409     1.6553     0.6640 -9.990e-29
 167.476146      0.404   2.720047    13.0100 -9.990e-29      0.401     1.8664     0.8278 -9.990e-29
 167.476152      0.390   2.793836    13.0071 -9.990e-29      0.387     1.9201     0.8699 -9.990e-29
 167.476157      0.374   2.633491    13.0046 -9.990e-29      0.371     1.8039     0.7801 -9.990e-29
 167.476163      0.360   2.400977    13.0032 -9.990e-29      0.357     1.6361     0.6503 -9.990e-29
 167.476169      0.345   2.225931    13.0026 -9.990e-29      0.342     1.5105     0.5530 -9.990e-29
 167.476175      0.335   2.104488    13.0024 -9.990e-29      0.332     1.4237     0.4857 -9.990e-29
 167.476181      0.331   1.992536 -9.990e-29 -9.990e-29      0.328 -9.990e-29 -9.990e-29 -9.990e-29
