data/oxygen options/ONMS/Olympic_Coast_National_Marine_Sanctuary_Hypoxia_Survey_CTD_Data_2004_2015/raw_data/2004/CTD_TH90_082404faed.cnv
* Sea-Bird SBE19 Data File:
* FileName = C:\WINDOWS\Desktop\put hypoxia files here\CTD data\August 24_25-04\TH\TH90_082404.hex
* Software Version 1.1.4
* Temperature SN = 2997
* Conductivity SN = 2997
* System UpLoad Time = Aug 24 2004 16:07:12
* SEACAT PROFILER V3.1c SN 2997   08/24/04  16:08:35.031
* strain gauge pressure sensor: S/N = 184829,  range = 3000 psia,  tc = 40
# nquan = 9                                 
# nvalues = 760                         
# units = specified
# name 0 = timeJ: Julian Days
# name 1 = prSM: Pressure, Strain Gauge [db]
# name 2 = c0mS/cm: Conductivity [mS/cm]
# name 3 = t090C: Temperature [ITS-90, deg C]
# name 4 = oxML/L: Oxygen, Beckman/YSI [ml/l]
# name 5 = depSM: Depth [salt water, m], lat = 47.5
# name 6 = sal00: Salinity, Practical [PSU]
# name 7 = sigma-é00: Density [sigma-theta, kg/m^3]
# name 8 = flag: flag
# span 0 = 237.576030, 237.580422       
# span 1 =     -4.901,     90.679       
# span 2 =   0.603638,  39.776395       
# span 3 =     7.3827,    15.1735       
# span 4 =   -0.05261,   29.86707       
# span 5 =     -4.860,     89.902       
# span 6 =     0.3663,    33.7367       
# span 7 =    -0.6300,    26.3704       
# span 8 = 0.0000e+00, 0.0000e+00       
# interval = seconds: 0.5
# start_time = Aug 24 2004 13:49:29 [Instrument's time stamp, header]
# bad_flag = -9.990e-29
*END*
 237.576030     -4.901 -9.990e-29    15.0981   -0.05261     -4.860 -9.990e-29 -9.990e-29 -9.990e-29
 237.576036     -4.901   0.603638    15.0979   -0.05261     -4.860     0.3663    -0.6300 -9.990e-29
 237.576042     -4.901   0.616518    15.1003   -0.04363     -4.860     0.3744    -0.6241 -9.990e-29
 237.576047     -4.897   0.665338    15.1052   -0.04369     -4.856     0.4050    -0.6011 -9.990e-29
 237.576053     -4.880   0.817413    15.1120   -0.04372     -4.839     0.5014    -0.5276 -9.990e-29
 237.576059     -4.848   1.118185    15.1219   -0.04373     -4.808     0.6948    -0.3797 -9.990e-29
 237.576065     -4.809   1.505919    15.1357   -0.04375     -4.769     0.9485    -0.1859 -9.990e-29
 237.576071     -4.764   1.867369    15.1508   -0.04375     -4.724     1.1885    -0.0031 -9.990e-29
 237.576076     -4.710   2.092439    15.1644   -0.04375     -4.671     1.3393     0.1110 -9.990e-29
 237.576082     -4.644   2.321200    15.1735   -0.04375     -4.605     1.4937     0.2286 -9.990e-29
 237.576088     -4.562   3.170918    15.1686   -0.04374     -4.524     2.0776     0.6790 -9.990e-29
 237.576094     -4.458   5.945686    15.1360   -0.04374     -4.421     4.0593     2.2072 -9.990e-29
 237.576100     -4.331  14.337975    15.0830   -0.04374     -4.295    10.4814     7.1375 -9.990e-29
 237.576105     -4.180  26.977227    15.0387   -0.04374     -4.145    20.9071    15.1305 -9.990e-29
 237.576111     -4.017  35.450244    15.0137   -0.04375     -3.984    28.2801    20.7952 -9.990e-29
 237.576117     -3.867  38.302886    15.0005   -0.04375     -3.835    30.8293    22.7588 -9.990e-29
 237.576123     -3.741  39.256224    14.9941   -0.04375     -3.710    31.6899    23.4226 -9.990e-29
 237.576128     -3.639  39.572433    14.9924   -0.04374     -3.609    31.9758    23.6431 -9.990e-29
 237.576134     -3.561  39.677649    14.9931   -0.04374     -3.531    32.0700    23.7154 -9.990e-29
 237.576140     -3.500  39.713318    14.9941   -0.04374     -3.471    32.1012    23.7393 -9.990e-29
 237.576146     -3.448  39.725914    14.9943   -0.04374     -3.419    32.1124    23.7479 -9.990e-29
 237.576152     -3.394  39.730026    14.9942   -0.04374     -3.366    32.1162    23.7508 -9.990e-29
 237.576157     -3.334  39.730616    14.9938   -0.04374     -3.306    32.1170    23.7515 -9.990e-29
 237.576163     -3.273  39.730753    14.9933   -0.04374     -3.246    32.1175    23.7520 -9.990e-29
 237.576169     -3.219  39.731218    14.9932   -0.04374     -3.192    32.1180    23.7524 -9.990e-29
 237.576175     -3.179  39.730984    14.9937   -0.04374     -3.152    32.1174    23.7518 -9.990e-29
 237.576181     -3.145  39.730898    14.9946   -0.04373     -3.119    32.1165    23.7510 -9.990e-29
 237.576186     -3.110  39.732005    14.9955   -0.04373     -3.084    32.1168    23.7510 -9.990e-29
 237.576192     -3.069  39.733574    14.9962   -0.04374     -3.043    32.1176    23.7515 -9.990e-29
 237.576198     -3.019  39.736053    14.9970   -0.04373     -2.994    32.1192    23.7525 -9.990e-29
 237.576204     -2.969  39.740543    14.9984   -0.04373     -2.944    32.1220    23.7544 -9.990e-29
 237.576209     -2.924  39.743527    15.0001   -0.04373     -2.900    32.1233    23.7550 -9.990e-29
 237.576215     -2.883  39.742290    15.0019   -0.04373     -2.859    32.1207    23.7527 -9.990e-29
 237.576221     -2.845  39.740830    15.0038   -0.04373     -2.821    32.1178    23.7500 -9.990e-29
 237.576227     -2.815  39.741165    15.0060   -0.04373     -2.792    32.1163    23.7484 -9.990e-29
 237.576233     -2.784  39.740977    15.0078   -0.04374     -2.761    32.1146    23.7467 -9.990e-29
 237.576238     -2.748  39.740051    15.0079   -0.04374     -2.725    32.1137    23.7460 -9.990e-29
 237.576244     -2.711  39.739998    15.0073   -0.04374     -2.688    32.1141    23.7464 -9.990e-29
 237.576250     -2.685  39.740224    15.0083   -0.04374     -2.663    32.1135    23.7457 -9.990e-29
 237.576256     -2.669  39.739944    15.0103   -0.04374     -2.647    32.1116    23.7439 -9.990e-29
 237.576262     -2.656  39.739945    15.0114   -0.04374     -2.634    32.1107    23.7429 -9.990e-29
 237.576267     -2.646  39.740265    15.0113   -0.04373     -2.624    32.1111    23.7432 -9.990e-29
 237.576273     -2.634  39.740808    15.0101   -0.04373     -2.612    32.1125    23.7446 -9.990e-29
 237.576279     -2.616  39.742336    15.0079   -0.04373     -2.594    32.1157    23.7475 -9.990e-29
 237.576285     -2.589  39.744681    15.0057   -0.04374     -2.567    32.1196    23.7510 -9.990e-29
 237.576291     -2.557  39.747080    15.0047   -0.04374     -2.536    32.1226    23.7535 -9.990e-29
 237.576296     -2.529  39.750524    15.0046   -0.04374     -2.508    32.1258    23.7560 -9.990e-29
 237.576302     -2.514  39.752909    15.0045   -0.04374     -2.493    32.1280    23.7577 -9.990e-29
 237.576308     -2.506  39.751281    15.0044   -0.04374     -2.485    32.1266    23.7567 -9.990e-29
 237.576314     -2.495  39.748558    15.0050   -0.04374     -2.474    32.1237    23.7543 -9.990e-29
 237.576319     -2.473  39.747317    15.0059   -0.04374     -2.452    32.1218    23.7526 -9.990e-29
 237.576325     -2.434  39.747627    15.0061   -0.04374     -2.414    32.1219    23.7527 -9.990e-29
 237.576331     -2.379  39.749376    15.0058   -0.04374     -2.359    32.1237    23.7541 -9.990e-29
 237.576337     -2.313  39.751571    15.0057   -0.04374     -2.294    32.1257    23.7557 -9.990e-29
 237.576343     -2.246  39.753246    15.0058   -0.04374     -2.227    32.1271    23.7568 -9.990e-29
 237.576348     -2.190  39.754427    15.0056   -0.04374     -2.172    32.1283    23.7578 -9.990e-29
 237.576354     -2.151  39.753921    15.0048   -0.04374     -2.133    32.1285    23.7581 -9.990e-29
 237.576360     -2.125  39.751090    15.0039   -0.04374     -2.107    32.1267    23.7569 -9.990e-29
 237.576366     -2.106  39.748929    15.0030   -0.04374     -2.088    32.1255    23.7561 -9.990e-29
 237.576372     -2.086  39.749084    15.0027   -0.04375     -2.069    32.1259    23.7565 -9.990e-29
 237.576377     -2.062  39.751239    15.0036   -0.04375     -2.045    32.1271    23.7572 -9.990e-29
 237.576383     -2.042  39.754379    15.0048   -0.04375     -2.025    32.1289    23.7584 -9.990e-29
 237.576389     -2.029  39.755432    15.0050   -0.04375     -2.012    32.1297    23.7589 -9.990e-29
 237.576395     -2.022  39.753595    15.0038   -0.04375     -2.005    32.1290    23.7587 -9.990e-29
 237.576400     -2.016  39.751508    15.0023   -0.04374     -1.999    32.1283    23.7585 -9.990e-29
 237.576406     -2.002  39.751476    15.0018   -0.04374     -1.985    32.1287    23.7589 -9.990e-29
 237.576412     -1.980  39.753495    15.0018   -0.04374     -1.963    32.1305    23.7603 -9.990e-29
 237.576418     -1.956  39.754684    15.0005   -0.04374     -1.940    32.1327    23.7622 -9.990e-29
 237.576424     -1.934  39.753861    14.9979   -0.04374     -1.918    32.1341    23.7638 -9.990e-29
 237.576429     -1.911  39.753330    14.9962   -0.04374     -1.895    32.1350    23.7649 -9.990e-29
 237.576435     -1.887  39.754665    14.9964   -0.04374     -1.871    32.1360    23.7656 -9.990e-29
 237.576441     -1.860  39.756878    14.9979   -0.04374     -1.844    32.1367    23.7659 -9.990e-29
 237.576447     -1.832  39.757347    14.9999   -0.04374     -1.817    32.1355    23.7645 -9.990e-29
 237.576453     -1.810  39.755614    15.0018   -0.04374     -1.795    32.1324    23.7617 -9.990e-29
 237.576458     -1.793  39.753893    15.0031   -0.04374     -1.778    32.1298    23.7594 -9.990e-29
 237.576464     -1.776  39.753856    15.0038   -0.04374     -1.761    32.1291    23.7588 -9.990e-29
 237.576470     -1.761  39.754371    15.0045   -0.04374     -1.746    32.1290    23.7585 -9.990e-29
 237.576476     -1.748  39.753916    15.0054   -0.04374     -1.733    32.1279    23.7575 -9.990e-29
 237.576481     -1.732  39.754167    15.0062   -0.04374     -1.718    32.1274    23.7569 -9.990e-29
 237.576487     -1.716  39.756059    15.0071   -0.04374     -1.702    32.1284    23.7575 -9.990e-29
 237.576493     -1.702  39.757101    15.0076   -0.04374     -1.688    32.1289    23.7578 -9.990e-29
 237.576499     -1.691  39.755915    15.0069   -0.04374     -1.677    32.1284    23.7576 -9.990e-29
 237.576505     -1.682  39.754324    15.0059   -0.04374     -1.668    32.1278    23.7573 -9.990e-29
 237.576510     -1.674  39.754735    15.0061   -0.04374     -1.660    32.1280    23.7574 -9.990e-29
 237.576516     -1.666  39.758294    15.0069   -0.04374     -1.652    32.1305    23.7592 -9.990e-29
 237.576522     -1.658  39.761368    15.0070   16.50260     -1.644    32.1332    23.7612 -9.990e-29
 237.576528     -1.650  39.759677    15.0067   28.17979     -1.636    32.1319    23.7603 -9.990e-29
 237.576534     -1.641  39.756055    15.0065   29.86707     -1.627    32.1288    23.7580 -9.990e-29
 237.576539     -1.630  39.754687    15.0067   26.27034     -1.616    32.1274    23.7569 -9.990e-29
 237.576545     -1.617  39.756031    15.0073   17.16919     -1.604    32.1282    23.7573 -9.990e-29
 237.576551     -1.605  39.757989    15.0077   13.60695     -1.592    32.1296    23.7583 -9.990e-29
 237.576557     -1.598  39.758161    15.0075   13.62023     -1.585    32.1299    23.7586 -9.990e-29
 237.576562     -1.590  39.756814    15.0073   13.57272     -1.577    32.1289    23.7578 -9.990e-29
 237.576568     -1.578  39.756119    15.0077   13.56528     -1.565    32.1279    23.7570 -9.990e-29
 237.576574     -1.565  39.756869    15.0092   13.55640     -1.552    32.1273    23.7562 -9.990e-29
 237.576580     -1.554  39.757858    15.0113   13.56323     -1.541    32.1265    23.7551 -9.990e-29
 237.576586     -1.540  39.758196    15.0125   10.99184     -1.527    32.1258    23.7544 -9.990e-29
 237.576591     -1.522  39.757814    15.0124    8.26348     -1.509    32.1255    23.7542 -9.990e-29
 237.576597     -1.508  39.757362    15.0126    6.67794     -1.495    32.1250    23.7537 -9.990e-29
 237.576603     -1.497  39.757397    15.0137    6.14860     -1.485    32.1241    23.7528 -9.990e-29
 237.576609     -1.483  39.758004    15.0156    6.95342     -1.471    32.1231    23.7516 -9.990e-29
 237.576615     -1.471  39.759467    15.0180    7.55156     -1.459    32.1224    23.7506 -9.990e-29
 237.576620     -1.464  39.761530    15.0194    7.78059     -1.452    32.1231    23.7508 -9.990e-29
 237.576626     -1.457  39.763054    15.0183    7.94566     -1.445    32.1254    23.7528 -9.990e-29
 237.576632     -1.436  39.762746    15.0154    8.04687     -1.424    32.1275    23.7550 -9.990e-29
 237.576638     -1.401  39.760795    15.0133    8.11991     -1.389    32.1274    23.7554 -9.990e-29
 237.576644     -1.370  39.759125    15.0144    8.15386     -1.359    32.1250    23.7533 -9.990e-29
 237.576649     -1.350  39.760032    15.0187    8.17828     -1.339    32.1223    23.7503 -9.990e-29
 237.576655     -1.332  39.764201    15.0229    8.19256     -1.321    32.1226    23.7496 -9.990e-29
 237.576661     -1.310  39.768253    15.0245    8.19503     -1.299    32.1249    23.7511 -9.990e-29
 237.576667     -1.282  39.768654    15.0244    8.19480     -1.271    32.1253    23.7514 -9.990e-29
 237.576672     -1.251  39.767100    15.0244    8.19657     -1.241    32.1239    23.7504 -9.990e-29
 237.576678     -1.224  39.766605    15.0254    8.19864     -1.214    32.1227    23.7492 -9.990e-29
 237.576684     -1.203  39.767670    15.0268    8.21040     -1.193    32.1225    23.7487 -9.990e-29
 237.576690     -1.186  39.768945    15.0276    8.21814     -1.176    32.1229    23.7489 -9.990e-29
 237.576696     -1.174  39.769366    15.0281    8.21496     -1.164    32.1229    23.7488 -9.990e-29
 237.576701     -1.164  39.769530    15.0291    8.20796     -1.154    32.1222    23.7480 -9.990e-29
 237.576707     -1.157  39.770255    15.0312    8.19859     -1.147    32.1211    23.7468 -9.990e-29
 237.576713     -1.152  39.771984    15.0343    8.19572     -1.142    32.1202    23.7453 -9.990e-29
 237.576719     -1.144  39.774816    15.0361    8.17288     -1.134    32.1212    23.7458 -9.990e-29
 237.576725     -1.129  39.776395    15.0351    8.16318     -1.120    32.1235    23.7477 -9.990e-29
 237.576730     -1.109  39.774377    15.0326    8.16873     -1.100    32.1237    23.7484 -9.990e-29
 237.576736     -1.089  39.771158    15.0304    8.17532     -1.080    32.1226    23.7480 -9.990e-29
 237.576742     -1.066  39.769218    15.0289    8.18219     -1.057    32.1221    23.7480 -9.990e-29
 237.576748     -1.043  39.768249    15.0278    8.16848     -1.034    32.1221    23.7482 -9.990e-29
 237.576753     -1.028  39.767927    15.0269    8.15875     -1.019    32.1225    23.7488 -9.990e-29
 237.576759     -1.024  39.767842    15.0258    8.15984     -1.015    32.1234    23.7496 -9.990e-29
 237.576765     -1.026  39.767150    15.0243    8.16641     -1.017    32.1240    23.7504 -9.990e-29
 237.576771     -1.026  39.766073    15.0230    8.16915     -1.017    32.1241    23.7508 -9.990e-29
 237.576777     -1.019  39.765247    15.0216    8.16952     -1.010    32.1245    23.7514 -9.990e-29
 237.576782     -1.006  39.764143    15.0200    8.16451     -0.998    32.1248    23.7520 -9.990e-29
 237.576788     -0.989  39.762980    15.0191    8.16755     -0.981    32.1245    23.7519 -9.990e-29
 237.576794     -0.973  39.762464    15.0192    8.17966     -0.965    32.1239    23.7515 -9.990e-29
 237.576800     -0.955  39.762476    15.0196    8.16702     -0.947    32.1236    23.7512 -9.990e-29
 237.576806     -0.939  39.762480    15.0186    8.13718     -0.931    32.1244    23.7520 -9.990e-29
 237.576811     -0.928  39.761931    15.0158    8.12469     -0.920    32.1262    23.7540 -9.990e-29
 237.576817     -0.917  39.760106    15.0113    8.11956     -0.909    32.1283    23.7565 -9.990e-29
 237.576823     -0.902  39.756266    15.0050    8.14236     -0.894    32.1300    23.7592 -9.990e-29
 237.576829     -0.885  39.750912    14.9980    8.15170     -0.878    32.1309    23.7614 -9.990e-29
 237.576834     -0.869  39.745328    14.9930    8.13215     -0.862    32.1300    23.7618 -9.990e-29
 237.576840     -0.855  39.741615    14.9924    8.11978     -0.848    32.1271    23.7597 -9.990e-29
 237.576846     -0.845  39.741564    14.9957    8.11475     -0.838    32.1244    23.7569 -9.990e-29
 237.576852     -0.842  39.744555    15.0003    8.12668     -0.835    32.1233    23.7551 -9.990e-29
 237.576858     -0.843  39.748416    15.0032    8.13337     -0.836    32.1244    23.7553 -9.990e-29
 237.576863     -0.843  39.750451    15.0038    8.12867     -0.836    32.1257    23.7562 -9.990e-29
 237.576869     -0.837  39.750018    15.0041    8.12059     -0.830    32.1251    23.7556 -9.990e-29
 237.576875     -0.822  39.749357    15.0053    8.11222     -0.815    32.1235    23.7541 -9.990e-29
 237.576881     -0.800  39.749840    15.0065    8.11471     -0.793    32.1229    23.7535 -9.990e-29
 237.576887     -0.775  39.750438    15.0059    8.12416     -0.769    32.1240    23.7544 -9.990e-29
 237.576892     -0.748  39.749715    15.0041    8.12842     -0.742    32.1248    23.7554 -9.990e-29
 237.576898     -0.724  39.748402    15.0030    8.11960     -0.718    32.1245    23.7554 -9.990e-29
 237.576904     -0.699  39.748122    15.0034    8.11192     -0.693    32.1239    23.7549 -9.990e-29
 237.576910     -0.677  39.749073    15.0044    8.10744     -0.671    32.1239    23.7547 -9.990e-29
 237.576916     -0.661  39.750288    15.0048    8.11575     -0.655    32.1247    23.7552 -9.990e-29
 237.576921     -0.649  39.750592    15.0042    8.10998     -0.644    32.1254    23.7559 -9.990e-29
 237.576927     -0.642  39.749842    15.0035    8.10209     -0.637    32.1253    23.7560 -9.990e-29
 237.576933     -0.638  39.748731    15.0034    8.09377     -0.633    32.1244    23.7553 -9.990e-29
 237.576939     -0.637  39.748031    15.0035    8.08605     -0.632    32.1237    23.7547 -9.990e-29
 237.576944     -0.634  39.747380    15.0028    8.08638     -0.629    32.1237    23.7548 -9.990e-29
 237.576950     -0.627  39.745358    15.0014    8.09366     -0.622    32.1230    23.7546 -9.990e-29
