data/oxygen options/ONMS/Olympic_Coast_National_Marine_Sanctuary_Hypoxia_Survey_CTD_Data_2004_2015/raw_data/2004/CTD_CE40_072604faedb.cnv
* Sea-Bird SBE19 Data File:
* FileName = C:\WINDOWS\Desktop\put hypoxia files here\CTD files\july 24_25-04\CE\CE4.hex
* Software Version 1.1.4
* Temperature SN = 2997
* Conductivity SN = 2997
* System UpLoad Time = Jul 26 2004 14:31:08
* SEACAT PROFILER V3.1c SN 2997   07/26/04  14:31:25.858
* strain gauge pressure sensor: S/N = 184829,  range = 3000 psia,  tc = 40
# nquan = 9
# nvalues = 39                          
# units = specified
# name 0 = timeJ: Julian Days
# name 1 = prSM: Pressure, Strain Gauge [db]
# name 2 = c0mS/cm: Conductivity [mS/cm]
# name 3 = t090C: Temperature [ITS-90, deg C]
# name 4 = oxML/L: Oxygen, Beckman/YSI [ml/l]
# name 5 = depSM: Depth [salt water, m], lat = 47.5
# name 6 = sal00: Salinity, Practical [PSU]
# name 7 = sigma-é00: Density [sigma-theta, kg/m^3]
# name 8 = flag: flag
# span 0 = 208.522745, 208.523338       
# span 1 =      1.000,     39.000       
# span 2 =  34.451496,  40.503428       
# span 3 =     7.5399,    15.6417       
# span 4 =    1.98752,    6.71614       
# span 5 =      0.992,     38.671       
# span 6 =    32.2749,    33.5622       
# span 7 =    23.7330,    26.2113       
# span 8 = 0.0000e+00, 0.0000e+00       
# interval = decibars: 1                
# start_time = Jul 26 2004 12:28:49 [Instrument's time stamp, header]
# bad_flag = -9.990e-29
*END*
 208.522745      1.000  40.503428    15.6417    6.71614      0.992    32.2749    23.7330 0.0000e+00
 208.522771      2.000  39.963033    14.7928    6.06563      1.983    32.4917    24.0831 0.0000e+00
 208.522789      3.000  38.939965    13.3817    5.72187      2.975    32.7429    24.5683 0.0000e+00
 208.522804      4.000  38.158526    12.6509    5.30800      3.967    32.6354    24.6296 0.0000e+00
 208.522816      5.000  38.026177    12.5210    5.15359      4.958    32.6214    24.6437 0.0000e+00
 208.522830      6.000  37.694683    12.1000    5.07020      5.950    32.6696    24.7609 0.0000e+00
 208.522843      7.000  37.407099    11.8825    4.87847      6.941    32.5814    24.7331 0.0000e+00
 208.522857      8.000  37.388008    11.8273    4.77013      7.933    32.6108    24.7663 0.0000e+00
 208.522871      9.000  37.119142    11.3805    4.79097      8.925    32.7418    24.9496 0.0000e+00
 208.522885     10.000  36.827357    11.1036    4.69610      9.916    32.7001    24.9669 0.0000e+00
 208.522898     11.000  36.810060    10.9507    4.48960     10.908    32.8190    25.0865 0.0000e+00
 208.522910     12.000  36.674110    10.5791    4.15886     11.900    33.0175    25.3060 0.0000e+00
 208.522922     13.000  36.287336     9.9160    3.82822     12.891    33.2319    25.5860 0.0000e+00
 208.522933     14.000  35.744234     9.2402    3.56750     13.883    33.3006    25.7500 0.0000e+00
 208.522944     15.000  35.309482     8.7338    3.36984     14.874    33.3218    25.8459 0.0000e+00
 208.522954     16.000  35.014626     8.4147    3.23964     15.866    33.3120    25.8868 0.0000e+00
 208.522964     17.000  34.824576     8.1972    3.15231     16.857    33.3163    25.9227 0.0000e+00
 208.522975     18.000  34.683846     8.0532    3.11039     17.849    33.3029    25.9335 0.0000e+00
 208.522985     19.000  34.620773     7.9825    3.06287     18.840    33.3024    25.9435 0.0000e+00
 208.522996     20.000  34.582216     7.9059    3.00814     19.832    33.3337    25.9793 0.0000e+00
 208.523005     21.000  34.548400     7.8295    2.92575     20.824    33.3700    26.0189 0.0000e+00
 208.523016     22.000  34.543337     7.7646    2.80477     21.815    33.4262    26.0724 0.0000e+00
 208.523026     23.000  34.550518     7.6827    2.69628     22.807    33.5123    26.1519 0.0000e+00
 208.523035     24.000  34.518250     7.6128    2.58349     23.798    33.5444    26.1871 0.0000e+00
 208.523045     25.000  34.499507     7.5877    2.49338     24.790    33.5479    26.1935 0.0000e+00
 208.523055     26.000  34.493650     7.5748    2.42059     25.782    33.5536    26.1998 0.0000e+00
 208.523064     27.000  34.491361     7.5658    2.34375     26.773    33.5593    26.2056 0.0000e+00
 208.523074     28.000  34.487158     7.5605    2.28347     27.764    33.5594    26.2065 0.0000e+00
 208.523083     29.000  34.484431     7.5567    2.25320     28.756    33.5597    26.2072 0.0000e+00
 208.523092     30.000  34.480881     7.5502    2.22874     29.747    33.5616    26.2097 0.0000e+00
 208.523102     31.000  34.477510     7.5457    2.19834     30.739    33.5619    26.2105 0.0000e+00
 208.523112     32.000  34.475754     7.5428    2.17414     31.730    33.5622    26.2113 0.0000e+00
 208.523122     33.000  34.471607     7.5407    2.14616     32.722    33.5594    26.2092 0.0000e+00
 208.523133     34.000  34.469639     7.5405    2.12801     33.713    33.5569    26.2075 0.0000e+00
 208.523144     35.000  34.468426     7.5402    2.11651     34.705    33.5554    26.2062 0.0000e+00
 208.523156     36.000  34.467112     7.5402    2.09776     35.696    33.5535    26.2047 0.0000e+00
 208.523169     37.000  34.466261     7.5399    2.07908     36.688    33.5525    26.2040 0.0000e+00
 208.523187     38.000  34.469558     7.5464    2.06251     37.679    33.5492    26.2005 0.0000e+00
 208.523338     39.000  34.451496     7.5424    1.98752     38.671    33.5331    26.1884 0.0000e+00
