data/oxygen options/ONMS/Olympic_Coast_National_Marine_Sanctuary_Hypoxia_Survey_CTD_Data_2004_2015/raw_data/2004/CTD_CE100_072604faedb.cnv
* Sea-Bird SBE19 Data File:
* FileName = C:\WINDOWS\Desktop\put hypoxia files here\CTD files\july 24_25-04\CE\CE10_072604.hex
* Software Version 1.1.4
* Temperature SN = 2997
* Conductivity SN = 2997
* System UpLoad Time = Jul 26 2004 14:43:29
* SEACAT PROFILER V3.1c SN 2997   07/26/04  14:43:18.506
* strain gauge pressure sensor: S/N = 184829,  range = 3000 psia,  tc = 40
# nquan = 9
# nvalues = 96                          
# units = specified
# name 0 = timeJ: Julian Days
# name 1 = prSM: Pressure, Strain Gauge [db]
# name 2 = c0mS/cm: Conductivity [mS/cm]
# name 3 = t090C: Temperature [ITS-90, deg C]
# name 4 = oxML/L: Oxygen, Beckman/YSI [ml/l]
# name 5 = depSM: Depth [salt water, m], lat = 47.5
# name 6 = sal00: Salinity, Practical [PSU]
# name 7 = sigma-é00: Density [sigma-theta, kg/m^3]
# name 8 = flag: flag
# span 0 = 208.592366, 208.593465       
# span 1 =      2.000,     97.000       
# span 2 =  34.326344,  39.348619       
# span 3 =     7.1553,    14.3095       
# span 4 =    1.91702,    7.80114       
# span 5 =      1.983,     96.168       
# span 6 =    32.3355,    33.8640       
# span 7 =    24.0646,    26.5038       
# span 8 = 0.0000e+00, 0.0000e+00       
# interval = decibars: 1                
# start_time = Jul 26 2004 14:09:12 [Instrument's time stamp, header]
# bad_flag = -9.990e-29
*END*
 208.592366      2.000  39.348619    14.3095    7.80114      1.983    32.3355    24.0646 0.0000e+00
 208.592388      3.000  38.818008    13.7196    7.55405      2.975    32.3416    24.1905 0.0000e+00
 208.592403      4.000  38.446900    13.2799    6.99550      3.967    32.3679    24.2993 0.0000e+00
 208.592416      5.000  38.082429    12.7569    6.55953      4.958    32.4712    24.4819 0.0000e+00
 208.592427      6.000  37.587125    12.0636    6.12878      5.950    32.5975    24.7117 0.0000e+00
 208.592436      7.000  37.072004    11.6143    5.73180      6.942    32.4906    24.7119 0.0000e+00
 208.592445      8.000  36.872831    11.3416    5.43245      7.933    32.5352    24.7960 0.0000e+00
 208.592454      9.000  36.620715    10.9204    5.13257      8.924    32.6591    24.9673 0.0000e+00
 208.592460     10.000  36.245147    10.4967    4.83842      9.916    32.6632    25.0442 0.0000e+00
 208.592469     11.000  35.935851    10.1778    4.60799     10.908    32.6382    25.0786 0.0000e+00
 208.592476     12.000  35.680934     9.8929    4.43393     11.900    32.6367    25.1249 0.0000e+00
 208.592484     13.000  35.450769     9.6098    4.28757     12.891    32.6584    25.1883 0.0000e+00
 208.592491     14.000  35.248806     9.3912    4.17450     13.883    32.6498    25.2167 0.0000e+00
 208.592498     15.000  35.099308     9.2331    4.08990     14.875    32.6397    25.2339 0.0000e+00
 208.592506     16.000  34.994129     9.1092    4.03226     15.866    32.6438    25.2567 0.0000e+00
 208.592514     17.000  34.916305     9.0339    3.96918     16.857    32.6317    25.2590 0.0000e+00
 208.592522     18.000  34.856221     8.9897    3.92390     17.849    32.6094    25.2485 0.0000e+00
 208.592531     19.000  34.817172     8.9205    3.94737     18.840    32.6319    25.2768 0.0000e+00
 208.592540     20.000  34.775527     8.8132    4.00599     19.832    32.6868    25.3363 0.0000e+00
 208.592548     21.000  34.713697     8.7135    4.10091     20.824    32.7138    25.3728 0.0000e+00
 208.592557     22.000  34.653560     8.6375    4.20667     21.815    32.7206    25.3897 0.0000e+00
 208.592566     23.000  34.607548     8.5852    4.28239     22.807    32.7204    25.3975 0.0000e+00
 208.592575     24.000  34.576702     8.5454    4.32526     23.798    32.7244    25.4067 0.0000e+00
 208.592584     25.000  34.554444     8.5119    4.33460     24.790    32.7316    25.4173 0.0000e+00
 208.592593     26.000  34.537119     8.4727    4.33271     25.781    32.7493    25.4371 0.0000e+00
 208.592601     27.000  34.512717     8.4068    4.34789     26.773    32.7843    25.4745 0.0000e+00
 208.592612     28.000  34.474401     8.3401    4.33662     27.765    32.8056    25.5012 0.0000e+00
 208.592622     29.000  34.444484     8.2888    4.31237     28.756    32.8214    25.5211 0.0000e+00
 208.592631     30.000  34.426646     8.2419    4.30777     29.748    32.8459    25.5473 0.0000e+00
 208.592641     31.000  34.403621     8.1828    4.30739     30.739    32.8764    25.5800 0.0000e+00
 208.592649     32.000  34.378728     8.1270    4.32394     31.731    32.9018    25.6082 0.0000e+00
 208.592658     33.000  34.360272     8.0941    4.34047     32.722    32.9125    25.6215 0.0000e+00
 208.592668     34.000  34.351274     8.0759    4.33977     33.713    32.9197    25.6296 0.0000e+00
 208.592677     35.000  34.347377     8.0612    4.33400     34.705    32.9288    25.6390 0.0000e+00
 208.592687     36.000  34.344033     8.0455    4.32525     35.697    32.9396    25.6498 0.0000e+00
 208.592698     37.000  34.341161     8.0327    4.32046     36.688    32.9482    25.6584 0.0000e+00
 208.592709     38.000  34.333918     8.0145    4.30292     37.679    32.9570    25.6681 0.0000e+00
 208.592721     39.000  34.326832     8.0002    4.29324     38.671    32.9625    25.6745 0.0000e+00
 208.592731     40.000  34.326344     7.9927    4.27397     39.662    32.9685    25.6803 0.0000e+00
 208.592741     41.000  34.333942     7.9899    4.65508     40.654    32.9789    25.6888 0.0000e+00
 208.592750     42.000  34.342497     7.9893    4.73865     41.645    32.9881    25.6962 0.0000e+00
 208.592759     43.000  34.349191     7.9878    4.49949     42.637    32.9962    25.7028 0.0000e+00
 208.592769     44.000  34.359478     7.9754    3.84499     43.628    33.0184    25.7220 0.0000e+00
 208.592779     45.000  34.380601     7.9482    3.47806     44.619    33.0662    25.7635 0.0000e+00
 208.592788     46.000  34.391881     7.9258    3.51840     45.611    33.0989    25.7924 0.0000e+00
 208.592798     47.000  34.397994     7.9209    3.61236     46.602    33.1097    25.8016 0.0000e+00
 208.592808     48.000  34.423773     7.9275    3.51404     47.594    33.1305    25.8170 0.0000e+00
 208.592818     49.000  34.453563     7.9355    3.39891     48.585    33.1543    25.8345 0.0000e+00
 208.592830     50.000  34.494967     7.9233    3.26878     49.577    33.2097    25.8798 0.0000e+00
 208.592840     51.000  34.535810     7.8632    3.21121     50.568    33.3101    25.9675 0.0000e+00
 208.592850     52.000  34.521230     7.7819    3.19116     51.559    33.3718    26.0276 0.0000e+00
 208.592860     53.000  34.492209     7.6959    3.17667     52.551    33.4225    26.0798 0.0000e+00
 208.592869     54.000  34.451460     7.6056    3.13609     53.542    33.4649    26.1261 0.0000e+00
 208.592878     55.000  34.418770     7.5499    3.11840     54.534    33.4828    26.1481 0.0000e+00
 208.592888     56.000  34.400994     7.5139    3.10411     55.525    33.4978    26.1650 0.0000e+00
 208.592898     57.000  34.390172     7.4944    3.08366     56.516    33.5045    26.1730 0.0000e+00
 208.592908     58.000  34.384699     7.4841    3.06932     57.508    33.5080    26.1773 0.0000e+00
 208.592918     59.000  34.380197     7.4714    3.04677     58.499    33.5150    26.1845 0.0000e+00
 208.592928     60.000  34.375906     7.4597    3.03002     59.490    33.5212    26.1911 0.0000e+00
 208.592938     61.000  34.372696     7.4494    3.02121     60.482    33.5271    26.1971 0.0000e+00
 208.592948     62.000  34.371102     7.4376    2.99698     61.473    33.5363    26.2060 0.0000e+00
 208.592957     63.000  34.371149     7.4226    2.98830     62.465    33.5504    26.2194 0.0000e+00
 208.592967     64.000  34.376457     7.4047    3.00049     63.456    33.5730    26.2396 0.0000e+00
 208.592976     65.000  34.401739     7.4041    3.02469     64.448    33.6006    26.2614 0.0000e+00
 208.592986     66.000  34.445443     7.4160    3.05155     65.439    33.6359    26.2875 0.0000e+00
 208.592996     67.000  34.478919     7.4275    3.09221     66.430    33.6606    26.3053 0.0000e+00
 208.593005     68.000  34.494531     7.4326    3.11535     67.421    33.6721    26.3137 0.0000e+00
 208.593015     69.000  34.507582     7.4359    3.11904     68.412    33.6826    26.3215 0.0000e+00
 208.593024     70.000  34.522181     7.4403    3.11456     69.404    33.6936    26.3296 0.0000e+00
 208.593034     71.000  34.541992     7.4432    3.08972     70.396    33.7118    26.3435 0.0000e+00
 208.593045     72.000  34.555469     7.4420    3.07498     71.387    33.7271    26.3557 0.0000e+00
 208.593056     73.000  34.560170     7.4393    3.05209     72.378    33.7343    26.3617 0.0000e+00
 208.593069     74.000  34.561257     7.4374    3.04202     73.369    33.7369    26.3641 0.0000e+00
 208.593082     75.000  34.561356     7.4340    3.01718     74.360    33.7398    26.3668 0.0000e+00
 208.593094     76.000  34.561400     7.4295    3.00175     75.352    33.7438    26.3707 0.0000e+00
 208.593106     77.000  34.558515     7.4235    2.98140     76.343    33.7460    26.3733 0.0000e+00
 208.593116     78.000  34.554883     7.4160    2.95236     77.334    33.7489    26.3765 0.0000e+00
 208.593129     79.000  34.549319     7.4025    2.92080     78.325    33.7556    26.3837 0.0000e+00
 208.593143     80.000  34.541786     7.3891    2.87839     79.317    33.7599    26.3891 0.0000e+00
 208.593160     81.000  34.540909     7.3950    2.85624     80.308    33.7527    26.3825 0.0000e+00
 208.593177     82.000  34.544681     7.3917    2.83308     81.299    33.7595    26.3884 0.0000e+00
 208.593191     83.000  34.535344     7.3730    2.78634     82.291    33.7672    26.3971 0.0000e+00
 208.593203     84.000  34.529761     7.3582    2.72929     83.282    33.7751    26.4053 0.0000e+00
 208.593215     85.000  34.523714     7.3433    2.66125     84.273    33.7826    26.4133 0.0000e+00
 208.593228     86.000  34.518374     7.3351    2.61699     85.264    33.7842    26.4158 0.0000e+00
 208.593248     87.000  34.520347     7.3429    2.58826     86.256    33.7783    26.4101 0.0000e+00
 208.593272     88.000  34.518941     7.3367    2.55796     87.247    33.7824    26.4141 0.0000e+00
 208.593292     89.000  34.513133     7.3165    2.48569     88.238    33.7952    26.4271 0.0000e+00
 208.593307     90.000  34.500135     7.2900    2.38486     89.229    33.8065    26.4397 0.0000e+00
 208.593320     91.000  34.491988     7.2788    2.30276     90.220    33.8081    26.4425 0.0000e+00
 208.593332     92.000  34.488522     7.2691    2.18783     91.212    33.8132    26.4480 0.0000e+00
 208.593345     93.000  34.481459     7.2439    2.03915     92.203    33.8298    26.4645 0.0000e+00
 208.593358     94.000  34.460826     7.1877    2.24126     93.194    33.8619    26.4976 0.0000e+00
 208.593388     95.000  34.434242     7.1553    1.99243     94.186    33.8640    26.5038 0.0000e+00
 208.593432     96.000  34.440886     7.1786    1.96326     95.177    33.8480    26.4880 0.0000e+00
 208.593465     97.000  34.435795     7.1595    1.91702     96.168    33.8607    26.5006 0.0000e+00
