data/oxygen options/ONMS/Olympic_Coast_National_Marine_Sanctuary_Hypoxia_Survey_CTD_Data_2004_2015/raw_data/2004/CTD_CE30_072604faedb.cnv
* Sea-Bird SBE19 Data File:
* FileName = C:\WINDOWS\Desktop\put hypoxia files here\CTD files\july 24_25-04\CE\CE3_072404.hex
* Software Version 1.1.4
* Temperature SN = 2997
* Conductivity SN = 2997
* System UpLoad Time = Jul 26 2004 14:29:55
* SEACAT PROFILER V3.1c SN 2997   07/26/04  14:29:41.367
* strain gauge pressure sensor: S/N = 184829,  range = 3000 psia,  tc = 40
# nquan = 9
# nvalues = 27                          
# units = specified
# name 0 = timeJ: Julian Days
# name 1 = prSM: Pressure, Strain Gauge [db]
# name 2 = c0mS/cm: Conductivity [mS/cm]
# name 3 = t090C: Temperature [ITS-90, deg C]
# name 4 = oxML/L: Oxygen, Beckman/YSI [ml/l]
# name 5 = depSM: Depth [salt water, m], lat = 47.5
# name 6 = sal00: Salinity, Practical [PSU]
# name 7 = sigma-é00: Density [sigma-theta, kg/m^3]
# name 8 = flag: flag
# span 0 = 208.499344, 208.499694       
# span 1 =      1.000,     27.000       
# span 2 =  34.521381,  38.494493       
# span 3 =     7.6802,    12.9237       
# span 4 =    2.29375,    5.43432       
# span 5 =      0.992,     26.773       
# span 6 =    32.7195,    33.4912       
# span 7 =    24.6417,    26.1355       
# span 8 = 0.0000e+00, 0.0000e+00       
# interval = decibars: 1                
# start_time = Jul 26 2004 11:55:19 [Instrument's time stamp, header]
# bad_flag = -9.990e-29
*END*
 208.499344      1.000  38.494493    12.9237    5.30127      0.992    32.7195    24.6417 0.0000e+00
 208.499368      2.000  38.364696    12.7704    5.32599      1.983    32.7288    24.6788 0.0000e+00
 208.499383      3.000  38.279452    12.6792    5.34870      2.975    32.7264    24.6947 0.0000e+00
 208.499394      4.000  38.224582    12.6218    5.34551      3.967    32.7236    24.7036 0.0000e+00
 208.499403      5.000  38.187086    12.5756    5.32904      4.958    32.7276    24.7156 0.0000e+00
 208.499413      6.000  38.151371    12.5217    5.30205      5.950    32.7401    24.7357 0.0000e+00
 208.499422      7.000  38.097389    12.4516    5.28702      6.941    32.7490    24.7560 0.0000e+00
 208.499434      8.000  38.035507    12.3913    5.28197      7.933    32.7420    24.7622 0.0000e+00
 208.499445      9.000  37.990901    12.3448    5.32958      8.924    32.7394    24.7690 0.0000e+00
 208.499458     10.000  37.949638    12.3004    5.41917      9.917    32.7381    24.7765 0.0000e+00
 208.499471     11.000  37.921248    12.2782    5.43432     10.908    32.7298    24.7743 0.0000e+00
 208.499485     12.000  37.858651    12.1034    5.23656     11.900    32.8224    24.8791 0.0000e+00
 208.499500     13.000  37.543645    11.5560    4.86415     12.891    33.0003    25.1187 0.0000e+00
 208.499514     14.000  36.935928    10.7269    4.36807     13.883    33.1447    25.3788 0.0000e+00
 208.499527     15.000  36.256010     9.9236    3.91425     14.874    33.1922    25.5531 0.0000e+00
 208.499540     16.000  35.685430     9.2166    3.60789     15.866    33.2608    25.7223 0.0000e+00
 208.499553     17.000  35.113202     8.4715    3.31701     16.857    33.3620    25.9177 0.0000e+00
 208.499567     18.000  34.830410     8.1364    3.10164     17.849    33.3799    25.9817 0.0000e+00
 208.499580     19.000  34.689337     7.9198    2.92594     18.841    33.4356    26.0573 0.0000e+00
 208.499593     20.000  34.605197     7.7952    2.73769     19.832    33.4644    26.0980 0.0000e+00
 208.499606     21.000  34.589220     7.7634    2.59389     20.824    33.4773    26.1127 0.0000e+00
 208.499620     22.000  34.578571     7.7467    2.50990     21.815    33.4814    26.1184 0.0000e+00
 208.499633     23.000  34.560900     7.7320    2.46065     22.807    33.4760    26.1162 0.0000e+00
 208.499646     24.000  34.552459     7.7151    2.45666     23.799    33.4828    26.1240 0.0000e+00
 208.499659     25.000  34.542874     7.6950    2.41020     24.790    33.4912    26.1336 0.0000e+00
 208.499674     26.000  34.529796     7.6802    2.35094     25.781    33.4910    26.1355 0.0000e+00
 208.499694     27.000  34.521381     7.6811    2.29375     26.773    33.4805    26.1271 0.0000e+00
