data/oxygen options/ONMS/Olympic_Coast_National_Marine_Sanctuary_Hypoxia_Survey_CTD_Data_2004_2015/raw_data/2004/CTD_TH100_072704faed.cnv
* Sea-Bird SBE19 Data File:
* FileName = C:\WINDOWS\Desktop\put hypoxia files here\CTD files\July 26_27-04\TH\TH10_072704.hex
* Software Version 1.1.4
* Temperature SN = 2997
* Conductivity SN = 2997
* System UpLoad Time = Jul 27 2004 12:06:25
* SEACAT PROFILER V3.1c SN 2997   07/27/04  12:06:12.423
* strain gauge pressure sensor: S/N = 184829,  range = 3000 psia,  tc = 40
# nquan = 9                                 
# nvalues = 831                         
# units = specified
# name 0 = timeJ: Julian Days
# name 1 = prSM: Pressure, Strain Gauge [db]
# name 2 = c0mS/cm: Conductivity [mS/cm]
# name 3 = t090C: Temperature [ITS-90, deg C]
# name 4 = oxML/L: Oxygen, Beckman/YSI [ml/l]
# name 5 = depSM: Depth [salt water, m], lat = 47.5
# name 6 = sal00: Salinity, Practical [PSU]
# name 7 = sigma-é00: Density [sigma-theta, kg/m^3]
# name 8 = flag: flag
# span 0 = 209.462280, 209.467083       
# span 1 =     -5.437,    102.510       
# span 2 =   0.453363,  39.529986       
# span 3 =     7.1073,    14.7225       
# span 4 =   -0.05434,   30.34814       
# span 5 =     -5.392,    101.629       
# span 6 =     0.2799,    33.8225       
# span 7 =    -0.5397,    26.4777       
# span 8 = 0.0000e+00, 0.0000e+00       
# interval = seconds: 0.5
# start_time = Jul 27 2004 11:05:41 [Instrument's time stamp, header]
# bad_flag = -9.990e-29
*END*
[from data line 641]
 209.465990     90.930  34.344381     7.1361    2.27858     90.151    33.7867    26.4455 0.0000e+00
 209.465995     90.463  34.344250     7.1429    2.29648     89.688    33.7801    26.4394 0.0000e+00
 209.466001     89.932  34.344542     7.1577    2.34606     89.162    33.7662    26.4264 0.0000e+00
 209.466007     89.363  34.345652     7.1857    2.39506     88.598    33.7403    26.4021 0.0000e+00
 209.466013     88.783  34.351310     7.2180    2.46328     88.023    33.7153    26.3779 0.0000e+00
 209.466019     88.216  34.361221     7.2374    2.50028     87.461    33.7074    26.3690 0.0000e+00
 209.466024     87.681  34.367871     7.2407    2.54733     86.931    33.7117    26.3719 0.0000e+00
 209.466030     87.184  34.369490     7.2356    2.56271     86.438    33.7187    26.3781 0.0000e+00
 209.466036     86.718  34.368245     7.2322    2.58204     85.976    33.7209    26.3803 0.0000e+00
 209.466042     86.274  34.366967     7.2358    2.59404     85.536    33.7162    26.3761 0.0000e+00
 209.466047     85.839  34.368438     7.2443    2.61479     85.105    33.7097    26.3698 0.0000e+00
 209.466053     85.400  34.371821     7.2538    2.62572     84.670    33.7043    26.3643 0.0000e+00
 209.466059     84.956  34.375465     7.2602    2.64474     84.230    33.7023    26.3618 0.0000e+00
 209.466065     84.505  34.377508     7.2635    2.66267     83.783    33.7015    26.3607 0.0000e+00
 209.466071     84.043  34.378440     7.2675    2.67663     83.325    33.6988    26.3580 0.0000e+00
 209.466076     83.562  34.380070     7.2731    2.69851     82.848    33.6954    26.3545 0.0000e+00
 209.466082     83.058  34.382335     7.2784    2.71369     82.348    33.6929    26.3519 0.0000e+00
 209.466088     82.542  34.384897     7.2820    2.72416     81.837    33.6925    26.3510 0.0000e+00
 209.466094     82.023  34.386694     7.2840    2.72447     81.322    33.6927    26.3509 0.0000e+00
 209.466100     81.494  34.387327     7.2860    2.73185     80.798    33.6917    26.3498 0.0000e+00
 209.466105     80.943  34.387645     7.2886    2.73407     80.252    33.6898    26.3480 0.0000e+00
 209.466111     80.369  34.386958     7.2897    2.75802     79.683    33.6883    26.3466 0.0000e+00
 209.466117     79.783  34.380990     7.2872    2.77189     79.102    33.6845    26.3439 0.0000e+00
 209.466123     79.203  34.366837     7.2826    2.78536     78.527    33.6738    26.3362 0.0000e+00
 209.466128     78.653  34.350864     7.2796    2.78527     77.982    33.6596    26.3254 0.0000e+00
 209.466134     78.148  34.342612     7.2791    2.79400     77.481    33.6514    26.3190 0.0000e+00
 209.466140     77.692  34.342295     7.2789    2.80354     77.029    33.6515    26.3191 0.0000e+00
 209.466146     77.271  34.341647     7.2771    2.82848     76.612    33.6527    26.3203 0.0000e+00
 209.466152     76.869  34.334764     7.2735    2.84454     76.213    33.6489    26.3178 0.0000e+00
 209.466157     76.467  34.320882     7.2696    2.84928     75.815    33.6378    26.3096 0.0000e+00
 209.466163     76.049  34.306159     7.2670    2.86405     75.400    33.6245    26.2995 0.0000e+00
 209.466169     75.598  34.296755     7.2650    2.88576     74.953    33.6164    26.2934 0.0000e+00
 209.466175     75.101  34.281817     7.2633    2.92674     74.461    33.6020    26.2823 0.0000e+00
 209.466181     74.565  34.256568     7.2634    2.95884     73.929    33.5747    26.2608 0.0000e+00
 209.466186     74.004  34.237239     7.2655    2.99038     73.373    33.5519    26.2426 0.0000e+00
 209.466192     73.420  34.228894     7.2687    3.00191     72.794    33.5400    26.2328 0.0000e+00
 209.466198     72.816  34.224899     7.2726    3.01592     72.196    33.5322    26.2260 0.0000e+00
 209.466204     72.198  34.222735     7.2768    3.03314     71.583    33.5260    26.2206 0.0000e+00
 209.466209     71.585  34.221207     7.2809    3.05023     70.975    33.5207    26.2158 0.0000e+00
 209.466215     70.996  34.219968     7.2846    3.06439     70.391    33.5161    26.2117 0.0000e+00
 209.466221     70.443  34.219054     7.2873    3.08124     69.843    33.5127    26.2087 0.0000e+00
 209.466227     69.918  34.218377     7.2895    3.09193     69.323    33.5101    26.2063 0.0000e+00
 209.466233     69.420  34.218159     7.2930    3.10350     68.829    33.5067    26.2031 0.0000e+00
 209.466238     68.946  34.218116     7.2978    3.12469     68.359    33.5022    26.1989 0.0000e+00
 209.466244     68.488  34.217636     7.3005    3.12768     67.905    33.4993    26.1963 0.0000e+00
 209.466250     68.030  34.217206     7.3024    3.14737     67.451    33.4972    26.1943 0.0000e+00
 209.466256     67.555  34.216816     7.3096    3.16140     66.980    33.4901    26.1877 0.0000e+00
 209.466262     67.054  34.215392     7.3208    3.17320     66.484    33.4779    26.1766 0.0000e+00
 209.466267     66.530  34.212722     7.3305    3.19809     65.964    33.4659    26.1658 0.0000e+00
 209.466273     65.996  34.209738     7.3367    3.21050     65.435    33.4569    26.1578 0.0000e+00
 209.466279     65.463  34.207516     7.3404    3.23348     64.906    33.4512    26.1528 0.0000e+00
 209.466285     64.929  34.205902     7.3435    3.23860     64.377    33.4467    26.1488 0.0000e+00
 209.466291     64.391  34.204433     7.3487    3.26503     63.844    33.4403    26.1431 0.0000e+00
 209.466296     63.841  34.202279     7.3582    3.26226     63.298    33.4291    26.1329 0.0000e+00
 209.466302     63.278  34.198815     7.3706    3.26874     62.740    33.4136    26.1190 0.0000e+00
 209.466308     62.713  34.196153     7.3831    3.26393     62.180    33.3990    26.1057 0.0000e+00
 209.466314     62.157  34.195798     7.3949    3.26002     61.629    33.3875    26.0950 0.0000e+00
 209.466319     61.614  34.196726     7.4051    3.26227     61.091    33.3789    26.0868 0.0000e+00
 209.466325     61.083  34.197938     7.4122    3.25924     60.564    33.3736    26.0817 0.0000e+00
 209.466331     60.560  34.198818     7.4163    3.26671     60.046    33.3709    26.0790 0.0000e+00
 209.466337     60.039  34.199424     7.4200    3.25552     59.529    33.3682    26.0763 0.0000e+00
 209.466343     59.512  34.200570     7.4269    3.24562     59.007    33.3631    26.0713 0.0000e+00
 209.466348     58.970  34.203228     7.4388    3.22553     58.469    33.3548    26.0631 0.0000e+00
 209.466354     58.414  34.208147     7.4540    3.21189     57.918    33.3457    26.0539 0.0000e+00
 209.466360     57.855  34.214604     7.4693    3.20135     57.364    33.3383    26.0459 0.0000e+00
 209.466366     57.306  34.221127     7.4821    3.18090     56.820    33.3333    26.0401 0.0000e+00
 209.466372     56.769  34.226891     7.4923    3.16797     56.287    33.3300    26.0361 0.0000e+00
 209.466377     56.241  34.232303     7.5061    3.13088     55.764    33.3228    26.0285 0.0000e+00
 209.466383     55.713  34.240103     7.5343    3.09502     55.241    33.3045    26.0101 0.0000e+00
 209.466389     55.178  34.255653     7.5755    3.04165     54.710    33.2820    25.9866 0.0000e+00
 209.466395     54.633  34.278951     7.6152    3.00324     54.170    33.2694    25.9710 0.0000e+00
 209.466400     54.075  34.300150     7.6469    2.97685     53.617    33.2622    25.9609 0.0000e+00
 209.466406     53.505  34.314456     7.6731    2.93564     53.052    33.2528    25.9498 0.0000e+00
 209.466412     52.925  34.324699     7.6959    2.92547     52.477    33.2423    25.9383 0.0000e+00
 209.466418     52.340  34.332775     7.7180    2.90518     51.897    33.2302    25.9256 0.0000e+00
 209.466424     51.761  34.342735     7.7381    2.91281     51.323    33.2220    25.9162 0.0000e+00
 209.466429     51.197  34.354973     7.7504    2.92120     50.763    33.2237    25.9158 0.0000e+00
 209.466435     50.653  34.362834     7.7568    2.91676     50.224    33.2263    25.9169 0.0000e+00
 209.466441     50.122  34.366159     7.7670    2.90831     49.698    33.2204    25.9108 0.0000e+00
 209.466447     49.592  34.372191     7.7912    2.88177     49.172    33.2040    25.8945 0.0000e+00
 209.466453     49.052  34.387858     7.8357    2.86575     48.637    33.1787    25.8682 0.0000e+00
 209.466458     48.497  34.418357     7.8886    2.85083     48.087    33.1614    25.8469 0.0000e+00
 209.466464     47.934  34.456712     7.9309    2.84477     47.528    33.1625    25.8417 0.0000e+00
 209.466470     47.380  34.485685     7.9606    2.84926     46.979    33.1656    25.8397 0.0000e+00
 209.466476     46.842  34.499451     7.9810    2.83814     46.446    33.1612    25.8333 0.0000e+00
 209.466481     46.315  34.505164     7.9931    2.84080     45.923    33.1560    25.8275 0.0000e+00
 209.466487     45.796  34.509701     8.0082    2.84401     45.409    33.1468    25.8180 0.0000e+00
 209.466493     45.287  34.519679     8.0361    2.86227     44.904    33.1313    25.8018 0.0000e+00
 209.466499     44.780  34.536446     8.0723    2.87980     44.401    33.1151    25.7838 0.0000e+00
 209.466505     44.261  34.553207     8.1134    2.87939     43.887    33.0944    25.7615 0.0000e+00
 209.466510     43.714  34.568212     8.1653    2.88893     43.345    33.0616    25.7281 0.0000e+00
 209.466516     43.125  34.584656     8.2325    2.87161     42.761    33.0161    25.6824 0.0000e+00
 209.466522     42.496  34.604851     8.3041    2.87004     42.137    32.9706    25.6361 0.0000e+00
 209.466528     41.851  34.627144     8.3572    2.86630     41.498    32.9447    25.6079 0.0000e+00
 209.466534     41.221  34.644274     8.3836    2.86701     40.873    32.9383    25.5989 0.0000e+00
 209.466539     40.623  34.652189     8.3953    2.88485     40.280    32.9360    25.5954 0.0000e+00
 209.466545     40.052  34.655291     8.4033    2.88289     39.714    32.9321    25.5911 0.0000e+00
 209.466551     39.494  34.657160     8.4099    2.89453     39.161    32.9281    25.5870 0.0000e+00
 209.466557     38.935  34.656926     8.4188    2.88783     38.606    32.9198    25.5791 0.0000e+00
 209.466563     38.369  34.654279     8.4324    2.87775     38.045    32.9046    25.5651 0.0000e+00
 209.466568     37.803  34.647934     8.4471    2.88028     37.484    32.8845    25.5471 0.0000e+00
 209.466574     37.256  34.641208     8.4582    2.86358     36.942    32.8673    25.5320 0.0000e+00
 209.466580     36.741  34.639714     8.4641    2.86765     36.431    32.8604    25.5257 0.0000e+00
 209.466586     36.252  34.641469     8.4684    2.85837     35.946    32.8585    25.5235 0.0000e+00
 209.466591     35.769  34.643770     8.4739    2.85226     35.467    32.8560    25.5208 0.0000e+00
 209.466597     35.271  34.646883     8.4810    2.88618     34.974    32.8529    25.5173 0.0000e+00
 209.466603     34.743  34.651035     8.4904    2.87964     34.450    32.8488    25.5126 0.0000e+00
 209.466609     34.182  34.655036     8.5007    2.87737     33.894    32.8436    25.5070 0.0000e+00
 209.466615     33.586  34.655255     8.5098    2.86697     33.303    32.8357    25.4994 0.0000e+00
 209.466620     32.960  34.649748     8.5182    2.84372     32.682    32.8223    25.4877 0.0000e+00
 209.466626     32.325  34.642949     8.5266    2.85165     32.053    32.8077    25.4749 0.0000e+00
 209.466632     31.704  34.639813     8.5333    2.84562     31.437    32.7984    25.4666 0.0000e+00
 209.466638     31.113  34.639528     8.5400    2.86177     30.851    32.7922    25.4607 0.0000e+00
 209.466644     30.554  34.641158     8.5486    2.87199     30.297    32.7861    25.4547 0.0000e+00
 209.466649     30.003  34.644638     8.5605    2.88153     29.750    32.7790    25.4473 0.0000e+00
 209.466655     29.435  34.649563     8.5799    2.90382     29.187    32.7664    25.4345 0.0000e+00
 209.466661     28.847  34.658019     8.6051    2.92554     28.604    32.7522    25.4195 0.0000e+00
 209.466667     28.258  34.670070     8.6278    2.95749     28.020    32.7441    25.4097 0.0000e+00
 209.466672     27.681  34.681047     8.6423    2.98840     27.448    32.7424    25.4062 0.0000e+00
 209.466678     27.119  34.686534     8.6476    2.99981     26.891    32.7435    25.4062 0.0000e+00
 209.466684     26.571  34.686566     8.6452    3.02555     26.348    32.7460    25.4085 0.0000e+00
 209.466690     26.031  34.682874     8.6435    3.06155     25.812    32.7440    25.4072 0.0000e+00
 209.466696     25.490  34.677823     8.6490    3.14702     25.276    32.7338    25.3984 0.0000e+00
 209.466701     24.945  34.669727     8.6452    3.29301     24.735    32.7291    25.3953 0.0000e+00
 209.466707     24.395  34.636580     8.6203    3.45523     24.190    32.7177    25.3901 0.0000e+00
 209.466713     23.839  34.573993     8.5952    3.65590     23.639    32.6755    25.3608 0.0000e+00
 209.466719     23.276  34.520731     8.5870    3.80791     23.080    32.6274    25.3244 0.0000e+00
 209.466725     22.705  34.494910     8.5892    3.93067     22.514    32.5986    25.3014 0.0000e+00
 209.466730     22.123  34.483401     8.5923    4.03383     21.937    32.5839    25.2895 0.0000e+00
 209.466736     21.533  34.477027     8.5939    4.08866     21.352    32.5760    25.2830 0.0000e+00
 209.466742     20.944  34.471779     8.5950    4.15898     20.768    32.5697    25.2780 0.0000e+00
 209.466748     20.370  34.466827     8.5970    4.23678     20.199    32.5630    25.2723 0.0000e+00
 209.466753     19.817  34.462862     8.6017    4.31751     19.651    32.5547    25.2652 0.0000e+00
 209.466759     19.275  34.461327     8.6144    4.41154     19.113    32.5417    25.2530 0.0000e+00
 209.466765     18.732  34.465783     8.6471    4.47406     18.575    32.5165    25.2283 0.0000e+00
 209.466771     18.184  34.483855     8.7113    4.52321     18.031    32.4767    25.1874 0.0000e+00
 209.466777     17.625  34.523945     8.8078    4.53268     17.477    32.4303    25.1364 0.0000e+00
 209.466782     17.049  34.587939     8.9203    4.48275     16.906    32.3945    25.0910 0.0000e+00
 209.466788     16.460  34.664190     9.0211    4.44250     16.322    32.3821    25.0657 0.0000e+00
 209.466794     15.861  34.732172     9.0960    4.42094     15.728    32.3846    25.0560 0.0000e+00
 209.466800     15.263  34.782202     9.1459    4.44047     15.135    32.3913    25.0534 0.0000e+00
 209.466806     14.678  34.816535     9.1663    4.52819     14.555    32.4085    25.0637 0.0000e+00
 209.466811     14.117  34.831068     9.1637    4.62585     13.999    32.4261    25.0779 0.0000e+00
 209.466817     13.582  34.827251     9.1786    4.71113     13.468    32.4089    25.0620 0.0000e+00
 209.466823     13.070  34.837560     9.2590    4.77479     12.961    32.3468    25.0008 0.0000e+00
 209.466829     12.573  34.894238     9.4478    4.80133     12.468    32.2348    24.8834 0.0000e+00
 209.466834     12.086  35.035855     9.7343    4.80611     11.985    32.1229    24.7499 0.0000e+00
 209.466840     11.603  35.266790    10.0309    4.78503     11.506    32.0934    24.6782 0.0000e+00
 209.466846     11.124  35.501406    10.2721    4.79102     11.031    32.1163    24.6559 0.0000e+00
 209.466852     10.653  35.681410    10.4451    4.87628     10.564    32.1441    24.6483 0.0000e+00
 209.466858     10.193  35.806881    10.5585    5.00095     10.108    32.1696    24.6489 0.0000e+00
 209.466863      9.751  35.888715    10.6294    5.18343      9.669    32.1889    24.6518 0.0000e+00
 209.466869      9.331  35.936801    10.6822    5.42406      9.253    32.1904    24.6439 0.0000e+00
 209.466875      8.938  35.972656    10.7613    5.53455      8.863    32.1566    24.6039 0.0000e+00
 209.466881      8.568  36.041853    10.9323    5.57249      8.496    32.0754    24.5109 0.0000e+00
 209.466887      8.214  36.195165    11.2456    5.63459      8.145    31.9538    24.3612 0.0000e+00
 209.466892      7.871  36.480000    11.6304    5.61538      7.805    31.8998    24.2502 0.0000e+00
 209.466898      7.539  36.823038    11.9086    5.55672      7.476    31.9933    24.2719 0.0000e+00
 209.466904      7.222  37.041268    11.9827    5.46848      7.162    32.1404    24.3723 0.0000e+00
