data/oxygen options/ONMS/Olympic_Coast_National_Marine_Sanctuary_Hypoxia_Survey_CTD_Data_2004_2015/raw_data/2004/CTD_CA60_061504faed.cnv
* Sea-Bird SBE19 Data File:
* FileName = C:\WINDOWS\Desktop\put hypoxia files here\CTD files\CA\CA60m061504.hex
* Software Version 1.1.4
* Temperature SN = 2997
* Conductivity SN = 2997
* System UpLoad Time = Jun 15 2004 12:06:01
** Cape Alava hypoxia CAne 15,2004
**
# nquan = 9                                 
# nvalues = 849                         
# units = specified
# name 0 = timeJ: Julian Days
# name 1 = prSM: Pressure, Strain Gauge [db]
# name 2 = c0mS/cm: Conductivity [mS/cm]
# name 3 = t090C: Temperature [ITS-90, deg C]
# name 4 = oxML/L: Oxygen, Beckman/YSI [ml/l]
# name 5 = depSM: Depth [salt water, m], lat = 47.5
# name 6 = sal00: Salinity, Practical [PSU]
# name 7 = sigma-é00: Density [sigma-theta, kg/m^3]
# name 8 = flag: flag
# span 0 = 167.439190, 167.444097       
# span 1 =     -4.863,     61.212       
# span 2 =   0.392767,  37.502963       
# span 3 =     7.4483,    13.4506       
# span 4 =   -0.05852,   33.17003       
# span 5 =     -4.822,     60.692       
# span 6 =     0.2574,    33.4638       
# span 7 =    -0.2421,    26.1476       
# span 8 = 0.0000e+00, 0.0000e+00       
# interval = seconds: 0.5
# start_time = Jun 15 2004 10:32:26 [Instrument's time stamp, header]
# bad_flag = -9.990e-29
*END*
[from data line 481]
 167.441973      1.891  37.449163    13.3739    6.15615      1.875    31.3577    23.4997 -9.990e-29
 167.441979      1.891  37.448890    13.3765    6.13852      1.875    31.3553    23.4973 -9.990e-29
 167.441985      1.895  37.449888    13.3803    6.11699      1.879    31.3531    23.4949 -9.990e-29
 167.441991      1.902  37.451250    13.3830    6.12268      1.886    31.3521    23.4936 -9.990e-29
 167.441997      1.913  37.451431    13.3798    6.14038      1.897    31.3549    23.4964 -9.990e-29
 167.442002      1.925  37.449551    13.3671    6.15392      1.909    31.3636    23.5056 -9.990e-29
 167.442008      1.930  37.443100    13.3554    6.15969      1.914    31.3672    23.5107 -9.990e-29
 167.442014      1.927  37.435808    13.3594    6.15297      1.911    31.3571    23.5021 -9.990e-29
 167.442020      1.926  37.438133    13.3732    6.13758      1.910    31.3479    23.4923 -9.990e-29
 167.442025      1.926  37.448113    13.3819    6.13258      1.910    31.3501    23.4923 -9.990e-29
 167.442031      1.922  37.454363    13.3807    6.13372      1.906    31.3569    23.4978 -9.990e-29
 167.442037      1.916  37.452871    13.3706    6.14083      1.900    31.3638    23.5051 -9.990e-29
 167.442043      1.906  37.445006    13.3571    6.14535      1.890    31.3676    23.5107 -9.990e-29
 167.442049      1.896  37.434294    13.3516    6.14505      1.880    31.3622    23.5076 -9.990e-29
 167.442054      1.890  37.430001    13.3573    6.14328      1.874    31.3535    23.4997 -9.990e-29
 167.442060      1.887  37.435366    13.3659    6.14701      1.871    31.3514    23.4964 -9.990e-29
 167.442066      1.886  37.442385    13.3725    6.15384      1.870    31.3525    23.4960 -9.990e-29
 167.442072      1.889  37.446948    13.3770    6.15471      1.873    31.3530    23.4955 -9.990e-29
 167.442078      1.891  37.450081    13.3799    6.15177      1.875    31.3536    23.4953 -9.990e-29
 167.442083      1.888  37.452027    13.3811    6.14082      1.872    31.3544    23.4957 -9.990e-29
 167.442089      1.883  37.452564    13.3808    6.13694      1.867    31.3552    23.4964 -9.990e-29
 167.442095      1.881  37.451841    13.3803    6.14512      1.865    31.3549    23.4963 -9.990e-29
 167.442101      1.882  37.451127    13.3811    6.14706      1.866    31.3536    23.4951 -9.990e-29
 167.442106      1.886  37.452264    13.3830    6.16087      1.870    31.3531    23.4943 -9.990e-29
 167.442112      1.888  37.454516    13.3853    6.14590      1.872    31.3533    23.4940 -9.990e-29
 167.442118      1.880  37.455826    13.3882    6.14568      1.864    31.3521    23.4926 -9.990e-29
 167.442124      1.862  37.457371    13.3912    6.14970      1.846    31.3511    23.4912 -9.990e-29
 167.442130      1.842  37.459517    13.3931    6.14239      1.827    31.3515    23.4912 -9.990e-29
 167.442135      1.822  37.460630    13.3937    6.15137      1.807    31.3521    23.4915 -9.990e-29
 167.442141      1.800  37.460505    13.3935    6.11591      1.785    31.3521    23.4915 -9.990e-29
 167.442147      1.777  37.460087    13.3944    6.08177      1.762    31.3510    23.4905 -9.990e-29
 167.442153      1.745  37.461051    13.3988    6.05875      1.730    31.3483    23.4875 -9.990e-29
 167.442159      1.698  37.465234    13.4072    6.01974      1.684    31.3453    23.4836 -9.990e-29
 167.442164      1.638  37.472592    13.4160    6.07718      1.624    31.3449    23.4815 -9.990e-29
 167.442170      1.566  37.480027    13.4210    6.07600      1.553    31.3478    23.4827 -9.990e-29
 167.442176      1.480  37.484542    13.4216    7.13355      1.468    31.3515    23.4855 -9.990e-29
 167.442182      1.389  37.485419    13.4208    7.07351      1.377    31.3530    23.4868 -9.990e-29
 167.442187      1.299  37.483257    13.4206    7.01608      1.288    31.3512    23.4855 -9.990e-29
 167.442193      1.209  37.477970    13.4198    6.99155      1.199    31.3470    23.4824 -9.990e-29
 167.442199      1.118  37.465304    13.4166    6.98936      1.109    31.3379    23.4759 -9.990e-29
 167.442205      1.027  37.431726    13.4112    6.99132      1.018    31.3111    23.4563 -9.990e-29
 167.442211      0.946  37.339189    13.4054    6.98188      0.938    31.2298    23.3946 -9.990e-29
 167.442216      0.876  37.073276    13.4011    6.98198      0.869    30.9861    23.2072 -9.990e-29
 167.442222      0.809  36.285037    13.3991    6.98316      0.802    30.2565    22.6439 -9.990e-29
 167.442228      0.741  33.923475    13.3993    6.95245      0.735    28.0801    20.9634 -9.990e-29
 167.442234      0.676  26.837585    13.4003    6.92049      0.670    21.6842    16.0329 -9.990e-29
 167.442240      0.618  16.047844    13.4010    6.96473      0.613    12.3671     8.8646 -9.990e-29
 167.442245      0.573   8.409608    13.4015    6.38543      0.568     6.1535     4.0838 -9.990e-29
 167.442251      0.541   5.247443    13.4022    5.82785      0.536     3.7133     2.2025 -9.990e-29
 167.442257      0.517   3.763711    13.4031    5.82494      0.513     2.6065     1.3477 -9.990e-29
 167.442263      0.495   3.052351    13.4039    5.81872      0.491     2.0871     0.9459 -9.990e-29
 167.442269      0.473   2.777017    13.4044    5.81693      0.469     1.8883     0.7921 -9.990e-29
 167.442274      0.454   2.790181    13.4048    5.81333      0.450     1.8978     0.7993 -9.990e-29
 167.442280      0.441   3.028237    13.4047    5.83106      0.437     2.0696     0.9323 -9.990e-29
 167.442286      0.434   3.652392    13.4042    5.90467      0.430     2.5246     1.2842 -9.990e-29
 167.442292      0.436   4.861499    13.4057    6.03028      0.432     3.4224     1.9775 -9.990e-29
 167.442297      0.451   6.943504    13.4141    6.19027      0.447     5.0084     3.1997 -9.990e-29
 167.442303      0.482  11.941343    13.4296    6.30886      0.478     8.9721     6.2491 -9.990e-29
 167.442309      0.528  21.133188    13.4428    6.34248      0.524    16.6718    12.1682 -9.990e-29
 167.442315      0.595  30.266947    13.4488    6.28936      0.590    24.7223    18.3645 -9.990e-29
 167.442321      0.685  35.093744    13.4506    6.17113      0.679    29.1167    21.7536 -9.990e-29
 167.442326      0.800  36.706501    13.4439    6.05584      0.793    30.6112    22.9091 -9.990e-29
 167.442332      0.939  37.246016    13.4084    5.97660      0.931    31.1407    23.3252 0.0000e+00
 167.442338      1.102  37.419292    13.3417    5.91472      1.093    31.3566    23.5052 0.0000e+00
 167.442344      1.287  37.457914    13.2845    5.85998      1.276    31.4398    23.5808 0.0000e+00
 167.442350      1.484  37.447581    13.2727    5.81435      1.472    31.4398    23.5831 0.0000e+00
 167.442355      1.684  37.432829    13.2989    5.81245      1.670    31.4043    23.5505 0.0000e+00
 167.442361      1.892  37.432668    13.3212    5.84033      1.876    31.3857    23.5317 0.0000e+00
 167.442367      2.111  37.446314    13.3111    5.89206      2.093    31.4066    23.5500 0.0000e+00
 167.442373      2.335  37.462789    13.2871    5.94219      2.315    31.4417    23.5818 0.0000e+00
 167.442378      2.561  37.471519    13.2678    5.96432      2.540    31.4658    23.6042 0.0000e+00
 167.442384      2.794  37.473471    13.2519    5.95049      2.771    31.4806    23.6188 0.0000e+00
 167.442390      3.032  37.474038    13.2452    5.91640      3.007    31.4866    23.6248 0.0000e+00
 167.442396      3.268  37.475084    13.2424    5.91169      3.241    31.4898    23.6278 0.0000e+00
 167.442402      3.505  37.477427    13.2213    5.94944      3.476    31.5094    23.6471 0.0000e+00
 167.442407      3.750  37.480253    13.1618    6.00881      3.719    31.5613    23.6989 0.0000e+00
 167.442413      4.009  37.480591    13.0719    6.05179      3.976    31.6364    23.7746 0.0000e+00
 167.442419      4.282  37.478878    12.9842    6.02036      4.246    31.7079    23.8470 0.0000e+00
 167.442425      4.564  37.475614    12.9261    5.97166      4.526    31.7534    23.8935 0.0000e+00
 167.442431      4.857  37.464736    12.8939    5.95542      4.816    31.7701    23.9126 0.0000e+00
 167.442436      5.158  37.428904    12.8617    5.98130      5.115    31.7632    23.9136 0.0000e+00
 167.442442      5.463  37.375857    12.8285    6.03685      5.417    31.7409    23.9027 0.0000e+00
 167.442448      5.781  37.348724    12.7841    6.10972      5.733    31.7524    23.9202 0.0000e+00
 167.442454      6.118  37.350019    12.6907    6.16949      6.067    31.8322    23.9999 0.0000e+00
 167.442459      6.479  37.346674    12.5239    6.19173      6.425    31.9702    24.1387 0.0000e+00
 167.442465      6.868  37.311779    12.3046    6.17287      6.811    32.1239    24.2994 0.0000e+00
 167.442471      7.286  37.201027    12.0892    6.10160      7.225    32.2026    24.4008 0.0000e+00
 167.442477      7.725  36.998526    11.9124    6.04146      7.660    32.1596    24.4002 0.0000e+00
 167.442483      8.178  36.766844    11.7803    6.02741      8.110    32.0491    24.3388 0.0000e+00
 167.442488      8.640  36.575067    11.6902    6.06443      8.568    31.9404    24.2709 0.0000e+00
 167.442494      9.119  36.444522    11.6291    6.13569      9.043    31.8659    24.2242 0.0000e+00
 167.442500      9.627  36.363202    11.5794    6.18193      9.546    31.8293    24.2047 0.0000e+00
 167.442506     10.155  36.309028    11.5277    6.18249     10.070    31.8208    24.2074 0.0000e+00
 167.442512     10.693  36.264151    11.4744    6.14093     10.603    31.8227    24.2185 0.0000e+00
 167.442517     11.246  36.219750    11.4249    6.06854     11.152    31.8217    24.2266 0.0000e+00
 167.442523     11.805  36.175491    11.3652    5.97749     11.706    31.8296    24.2435 0.0000e+00
 167.442529     12.364  36.125058    11.2792    5.89791     12.260    31.8542    24.2779 0.0000e+00
 167.442535     12.924  36.059513    11.1719    5.81243     12.816    31.8825    24.3189 0.0000e+00
 167.442541     13.485  35.980613    11.0455    5.71482     13.372    31.9142    24.3658 0.0000e+00
 167.442546     14.050  35.890806    10.8919    5.60688     13.932    31.9589    24.4275 0.0000e+00
 167.442552     14.616  35.786407    10.7266    5.51004     14.494    31.9996    24.4877 0.0000e+00
 167.442558     15.176  35.674549    10.5836    5.38491     15.049    32.0133    24.5230 0.0000e+00
 167.442564     15.726  35.577085    10.4748    5.26219     15.594    32.0114    24.5400 0.0000e+00
 167.442569     16.269  35.504775    10.3860    5.15455     16.133    32.0169    24.5594 0.0000e+00
 167.442575     16.807  35.446966    10.2888    5.07242     16.666    32.0444    24.5972 0.0000e+00
 167.442581     17.350  35.380944    10.1661    4.97370     17.204    32.0862    24.6503 0.0000e+00
 167.442587     17.898  35.291556    10.0419    4.85929     17.748    32.1059    24.6863 0.0000e+00
 167.442593     18.443  35.196971     9.9416    4.75404     18.288    32.0991    24.6975 0.0000e+00
 167.442598     18.984  35.122438     9.8493    4.69025     18.825    32.1054    24.7176 0.0000e+00
 167.442604     19.528  35.059942     9.7420    4.62028     19.364    32.1374    24.7600 0.0000e+00
 167.442610     20.069  34.991173     9.6298    4.55021     19.901    32.1673    24.8016 0.0000e+00
 167.442616     20.604  34.921978     9.5372    4.48421     20.431    32.1794    24.8259 0.0000e+00
 167.442622     21.132  34.868842     9.4722    4.39270     20.955    32.1831    24.8392 0.0000e+00
 167.442627     21.653  34.832652     9.4273    4.31225     21.471    32.1861    24.8487 0.0000e+00
 167.442633     22.165  34.806061     9.3820    4.23666     21.979    32.1993    24.8662 0.0000e+00
 167.442639     22.666  34.780505     9.3155    4.19642     22.476    32.2327    24.9029 0.0000e+00
 167.442645     23.163  34.748242     9.2226    4.16692     22.968    32.2832    24.9570 0.0000e+00
 167.442650     23.667  34.711656     9.1129    4.13403     23.468    32.3446    25.0222 0.0000e+00
 167.442656     24.174  34.676331     9.0122    4.08131     23.971    32.3993    25.0807 0.0000e+00
 167.442662     24.674  34.650084     8.9460    4.04093     24.467    32.4322    25.1167 0.0000e+00
 167.442668     25.156  34.637134     8.9122    4.00902     24.945    32.4494    25.1354 0.0000e+00
 167.442674     25.621  34.629157     8.8937    3.98944     25.406    32.4578    25.1448 0.0000e+00
 167.442679     26.076  34.620542     8.8815    3.97929     25.857    32.4598    25.1482 0.0000e+00
 167.442685     26.522  34.613804     8.8721    3.95776     26.299    32.4612    25.1508 0.0000e+00
 167.442691     26.955  34.609667     8.8636    3.93993     26.728    32.4644    25.1547 0.0000e+00
 167.442697     27.378  34.606530     8.8558    3.91550     27.148    32.4681    25.1587 0.0000e+00
 167.442703     27.793  34.603192     8.8493    3.91114     27.559    32.4704    25.1615 0.0000e+00
 167.442708     28.208  34.599677     8.8431    3.90890     27.971    32.4722    25.1639 0.0000e+00
 167.442714     28.641  34.596522     8.8369    3.91701     28.400    32.4744    25.1666 0.0000e+00
 167.442720     29.102  34.593998     8.8312    3.90671     28.857    32.4768    25.1693 0.0000e+00
 167.442726     29.591  34.592658     8.8237    3.88415     29.342    32.4821    25.1746 0.0000e+00
 167.442731     30.100  34.591268     8.8093    3.87784     29.847    32.4936    25.1858 0.0000e+00
 167.442737     30.624  34.585165     8.7866    3.86221     30.366    32.5078    25.2005 0.0000e+00
 167.442743     31.157  34.571809     8.7596    3.86516     30.895    32.5184    25.2129 0.0000e+00
 167.442749     31.690  34.555245     8.7294    3.89249     31.423    32.5286    25.2255 0.0000e+00
 167.442755     32.209  34.539730     8.6950    3.90101     31.938    32.5437    25.2426 0.0000e+00
 167.442760     32.696  34.525869     8.6620    3.92330     32.421    32.5594    25.2599 0.0000e+00
 167.442766     33.145  34.513669     8.6365    3.93679     32.866    32.5699    25.2720 0.0000e+00
 167.442772     33.561  34.503669     8.6135    3.93314     33.278    32.5804    25.2837 0.0000e+00
 167.442778     33.959  34.495418     8.5789    3.94119     33.673    32.6035    25.3070 0.0000e+00
 167.442784     34.355  34.485755     8.5283    3.94271     34.065    32.6399    25.3432 0.0000e+00
 167.442789     34.761  34.472441     8.4746    3.93632     34.468    32.6754    25.3791 0.0000e+00
 167.442795     35.182  34.457896     8.4289    3.93819     34.885    32.7023    25.4070 0.0000e+00
 167.442801     35.619  34.445699     8.3923    3.91512     35.319    32.7232    25.4289 0.0000e+00
 167.442807     36.074  34.438071     8.3623    3.87887     35.770    32.7429    25.4488 0.0000e+00
 167.442813     36.546  34.434919     8.3356    3.84534     36.238    32.7642    25.4695 0.0000e+00
 167.442818     37.030  34.433710     8.3120    3.79769     36.718    32.7847    25.4891 0.0000e+00
 167.442824     37.524  34.432260     8.2928    3.77225     37.207    32.8008    25.5046 0.0000e+00
 167.442830     38.020  34.429745     8.2772    3.75452     37.699    32.8125    25.5161 0.0000e+00
 167.442836     38.506  34.426167     8.2645    3.74219     38.181    32.8203    25.5241 0.0000e+00
 167.442841     38.972  34.422349     8.2551    3.71941     38.643    32.8249    25.5290 0.0000e+00
 167.442847     39.406  34.419358     8.2481    3.69233     39.073    32.8280    25.5326 0.0000e+00
 167.442853     39.817  34.417120     8.2406    3.68066     39.481    32.8325    25.5372 0.0000e+00
 167.442859     40.217  34.414325     8.2262    3.66872     39.877    32.8428    25.5474 0.0000e+00
 167.442865     40.611  34.408363     8.2006    3.66719     40.268    32.8603    25.5649 0.0000e+00
 167.442870     41.001  34.398566     8.1717    3.67871     40.655    32.8768    25.5821 0.0000e+00
 167.442876     41.391  34.388681     8.1479    3.67203     41.041    32.8884    25.5947 0.0000e+00
 167.442882     41.777  34.381216     8.1233    3.67252     41.424    32.9034    25.6101 0.0000e+00
 167.442888     42.156  34.374054     8.0876    3.68236     41.800    32.9291    25.6355 0.0000e+00
