data/oxygen options/ONMS/Olympic_Coast_National_Marine_Sanctuary_Hypoxia_Survey_CTD_Data_2004_2015/raw_data/2004/CTD_TH35_072704faed.cnv
* Sea-Bird SBE19 Data File:
* FileName = C:\WINDOWS\Desktop\put hypoxia files here\CTD files\July 26_27-04\TH\th3-5_072704.hex
* Software Version 1.1.4
* Temperature SN = 2997
* Conductivity SN = 2997
* System UpLoad Time = Jul 27 2004 11:50:46
* SEACAT PROFILER V3.1c SN 2997   07/27/04  11:50:08.004
* strain gauge pressure sensor: S/N = 184829,  range = 3000 psia,  tc = 40
# nquan = 9                                 
# nvalues = 650                         
# units = specified
# name 0 = timeJ: Julian Days
# name 1 = prSM: Pressure, Strain Gauge [db]
# name 2 = c0mS/cm: Conductivity [mS/cm]
# name 3 = t090C: Temperature [ITS-90, deg C]
# name 4 = oxML/L: Oxygen, Beckman/YSI [ml/l]
# name 5 = depSM: Depth [salt water, m], lat = 47.5
# name 6 = sal00: Salinity, Practical [PSU]
# name 7 = sigma-é00: Density [sigma-theta, kg/m^3]
# name 8 = flag: flag
# span 0 = 209.378947, 209.382703       
# span 1 =     -5.709,     34.387       
# span 2 =   0.359543,  37.472965       
# span 3 =     7.5434,    12.6105       
# span 4 =   -0.05534,   34.42626       
# span 5 =     -5.661,     34.097       
# span 6 =     0.2285,    33.4225       
# span 7 =    -0.3942,    26.0679       
# span 8 = 0.0000e+00, 0.0000e+00       
# interval = seconds: 0.5
# start_time = Jul 27 2004 09:05:41 [Instrument's time stamp, header]
# bad_flag = -9.990e-29
*END*
[from data line 481]
 209.381730      2.397  35.960215    10.2050    5.99792      2.377    32.6420    25.0769 0.0000e+00
 209.381736      2.703  35.918895    10.1675    5.98034      2.680    32.6340    25.0769 0.0000e+00
 209.381742      3.047  35.905558    10.1486    5.99008      3.022    32.6374    25.0828 0.0000e+00
 209.381748      3.434  35.908566    10.1328    5.98348      3.405    32.6545    25.0988 0.0000e+00
 209.381753      3.862  35.917893    10.1039    5.99888      3.830    32.6898    25.1312 0.0000e+00
 209.381759      4.325  35.924095    10.0438    6.00477      4.289    32.7503    25.1884 0.0000e+00
 209.381765      4.821  35.913010     9.9409    5.98915      4.781    32.8322    25.2695 0.0000e+00
 209.381771      5.357  35.869293     9.8067    5.93838      5.312    32.9099    25.3523 0.0000e+00
 209.381777      5.936  35.800825     9.6683    5.86650      5.886    32.9664    25.4192 0.0000e+00
 209.381782      6.557  35.728462     9.5002    5.81623      6.502    33.0465    25.5091 0.0000e+00
 209.381788      7.217  35.633088     9.2353    5.68892      7.157    33.1932    25.6664 0.0000e+00
 209.381794      7.910  35.454256     8.9222    4.01349      7.844    33.2995    25.7990 0.0000e+00
 209.381800      8.634  35.223783     8.6882    3.22332      8.562    33.2777    25.8182 0.0000e+00
 209.381806      9.386  35.049267     8.5277    3.06782      9.307    33.2450    25.8171 0.0000e+00
 209.381811     10.160  34.938510     8.3555    3.30199     10.075    33.2903    25.8787 0.0000e+00
 209.381817     10.949  34.833514     8.1524    3.97553     10.857    33.3713    25.9725 0.0000e+00
 209.381823     11.747  34.706411     7.9562    4.00452     11.649    33.4225    26.0416 0.0000e+00
 209.381829     12.545  34.577775     7.8182    3.92749     12.440    33.4164    26.0569 0.0000e+00
 209.381834     13.334  34.485182     7.7578    3.89055     13.222    33.3744    26.0326 0.0000e+00
 209.381840     14.109  34.448107     7.7361    3.85568     13.991    33.3550    26.0205 0.0000e+00
 209.381846     14.874  34.437280     7.7062    3.83541     14.749    33.3716    26.0379 0.0000e+00
 209.381852     15.638  34.409115     7.6681    3.82399     15.507    33.3775    26.0479 0.0000e+00
 209.381858     16.391  34.375960     7.6374    3.81196     16.254    33.3709    26.0471 0.0000e+00
 209.381863     17.128  34.356397     7.6169    3.79568     16.984    33.3691    26.0487 0.0000e+00
 209.381869     17.842  34.346765     7.6047    3.78376     17.692    33.3701    26.0512 0.0000e+00
 209.381875     18.527  34.343190     7.5987    3.75498     18.372    33.3717    26.0533 0.0000e+00
 209.381881     19.182  34.342591     7.5997    3.74584     19.021    33.3697    26.0516 0.0000e+00
 209.381887     19.803  34.344730     7.6087    3.73417     19.637    33.3631    26.0452 0.0000e+00
 209.381892     20.388  34.349661     7.6211    3.72488     20.217    33.3563    26.0380 0.0000e+00
 209.381898     20.936  34.353312     7.6261    3.71554     20.760    33.3551    26.0364 0.0000e+00
 209.381904     21.455  34.351589     7.6192    3.71845     21.275    33.3596    26.0410 0.0000e+00
 209.381910     21.966  34.345007     7.6058    3.70170     21.782    33.3652    26.0472 0.0000e+00
 209.381916     22.488  34.336572     7.5933    3.69097     22.299    33.3678    26.0511 0.0000e+00
 209.381921     23.029  34.329619     7.5847    3.68697     22.836    33.3683    26.0527 0.0000e+00
 209.381927     23.584  34.325533     7.5780    3.66123     23.386    33.3701    26.0551 0.0000e+00
 209.381933     24.150  34.322793     7.5719    3.66383     23.947    33.3727    26.0580 0.0000e+00
 209.381939     24.725  34.319993     7.5675    3.63775     24.517    33.3736    26.0594 0.0000e+00
 209.381944     25.303  34.317889     7.5653    3.62165     25.090    33.3732    26.0593 0.0000e+00
 209.381950     25.877  34.317603     7.5634    3.61055     25.659    33.3745    26.0606 0.0000e+00
 209.381956     26.440  34.317639     7.5592    3.59498     26.218    33.3783    26.0642 0.0000e+00
 209.381962     26.996  34.315246     7.5532    3.58428     26.769    33.3812    26.0673 0.0000e+00
 209.381968     27.552  34.311165     7.5485    3.56889     27.320    33.3810    26.0679 0.0000e+00
 209.381973     28.110  34.308369     7.5462    3.55325     27.873    33.3799    26.0674 0.0000e+00
 209.381979     28.659  34.307617     7.5456    3.54435     28.418    33.3794    26.0671 0.0000e+00
 209.381985     29.187  34.307911     7.5465    3.54687     28.941    33.3786    26.0663 0.0000e+00
 209.381991     29.687  34.308527     7.5482    3.54220     29.437    33.3774    26.0651 0.0000e+00
 209.381997     30.159  34.309171     7.5499    3.54177     29.905    33.3763    26.0640 0.0000e+00
 209.382002     30.601  34.309586     7.5505    3.52897     30.343    33.3759    26.0636 0.0000e+00
 209.382008     31.021  34.309208     7.5493    3.51214     30.760    33.3765    26.0642 0.0000e+00
 209.382014     31.424  34.307542     7.5471    3.51590     31.159    33.3766    26.0647 0.0000e+00
 209.382020     31.822  34.305177     7.5452    3.51097     31.554    33.3757    26.0642 0.0000e+00
 209.382025     32.228  34.303453     7.5440    3.50860     31.957    33.3748    26.0637 0.0000e+00
 209.382031     32.621  34.302878     7.5436    3.51889     32.346    33.3744    26.0634 0.0000e+00
 209.382037     32.969  34.303251     7.5442    3.51036     32.691    33.3740    26.0631 0.0000e+00
 209.382043     33.262  34.303953     7.5453    3.50228     32.982    33.3736    26.0626 0.0000e+00
 209.382049     33.500  34.303685     7.5455    3.49833     33.218    33.3730    26.0621 0.0000e+00
 209.382054     33.698  34.302096     7.5448    3.48358     33.414    33.3718    26.0613 0.0000e+00
 209.382060     33.878  34.300438     7.5442    3.48348     33.592    33.3705    26.0603 0.0000e+00
 209.382066     34.051  34.299873     7.5439    3.49131     33.764    33.3701    26.0601 0.0000e+00
 209.382072     34.206  34.300216     7.5439    3.47515     33.918    33.3704    26.0603 -9.990e-29
 209.382078     34.320  34.300810     7.5443    3.47977     34.031    33.3706    26.0604 -9.990e-29
 209.382083     34.378  34.300771     7.5447    3.47566     34.088    33.3702    26.0600 -9.990e-29
 209.382089     34.387  34.299493     7.5447    3.47113     34.097    33.3688    26.0589 -9.990e-29
 209.382095     34.375  34.298085     7.5443    3.46393     34.085    33.3677    26.0581 -9.990e-29
 209.382101     34.366  34.296919     7.5437    3.47133     34.076    33.3670    26.0576 -9.990e-29
 209.382106     34.369  34.295573     7.5434    3.45336     34.079    33.3658    26.0567 -9.990e-29
 209.382112     34.378  34.295065     7.5438    3.45527     34.088    33.3649    26.0560 -9.990e-29
 209.382118     34.382  34.295846     7.5445    3.47045     34.092    33.3651    26.0560 -9.990e-29
 209.382124     34.360  34.297283     7.5450    3.45726     34.070    33.3661    26.0568 -9.990e-29
 209.382130     34.289  34.297936     7.5447    3.46473     34.000    33.3672    26.0576 -9.990e-29
 209.382135     34.160  34.296999     7.5443    3.46344     33.872    33.3666    26.0572 0.0000e+00
 209.382141     33.978  34.296035     7.5447    3.45504     33.692    33.3653    26.0561 0.0000e+00
 209.382147     33.752  34.296009     7.5457    3.46082     33.468    33.3644    26.0553 0.0000e+00
 209.382153     33.490  34.296334     7.5465    3.46101     33.208    33.3641    26.0549 0.0000e+00
 209.382159     33.187  34.296333     7.5466    3.44654     32.907    33.3641    26.0550 0.0000e+00
 209.382164     32.838  34.295453     7.5458    3.45423     32.561    33.3641    26.0550 0.0000e+00
 209.382170     32.441  34.293650     7.5446    3.45660     32.168    33.3635    26.0547 0.0000e+00
 209.382176     32.007  34.291895     7.5439    3.44322     31.737    33.3625    26.0540 0.0000e+00
 209.382182     31.549  34.291223     7.5438    3.45356     31.283    33.3621    26.0537 0.0000e+00
 209.382187     31.077  34.291308     7.5437    3.44250     30.815    33.3625    26.0540 0.0000e+00
 209.382193     30.592  34.291153     7.5436    3.44468     30.334    33.3627    26.0542 0.0000e+00
 209.382199     30.093  34.290562     7.5439    3.44967     29.840    33.3620    26.0536 0.0000e+00
 209.382205     29.581  34.289878     7.5446    3.43879     29.332    33.3608    26.0526 0.0000e+00
 209.382211     29.059  34.289319     7.5454    3.43164     28.814    33.3597    26.0516 0.0000e+00
 209.382216     28.533  34.289273     7.5463    3.44669     28.293    33.3590    26.0509 0.0000e+00
 209.382222     28.006  34.289689     7.5475    3.44386     27.770    33.3586    26.0504 0.0000e+00
 209.382228     27.481  34.290014     7.5491    3.44720     27.250    33.3576    26.0494 0.0000e+00
 209.382234     26.958  34.290130     7.5509    3.46427     26.731    33.3563    26.0481 0.0000e+00
 209.382240     26.438  34.290200     7.5531    3.45318     26.216    33.3545    26.0464 0.0000e+00
 209.382245     25.921  34.290330     7.5570    3.47228     25.703    33.3511    26.0432 0.0000e+00
 209.382251     25.411  34.290705     7.5627    3.47995     25.197    33.3463    26.0386 0.0000e+00
 209.382257     24.903  34.291273     7.5680    3.47685     24.694    33.3421    26.0345 0.0000e+00
 209.382263     24.397  34.291681     7.5722    3.48525     24.192    33.3387    26.0312 0.0000e+00
 209.382269     23.893  34.291924     7.5762    3.49343     23.692    33.3354    26.0280 0.0000e+00
 209.382274     23.391  34.292338     7.5803    3.50212     23.194    33.3321    26.0249 0.0000e+00
 209.382280     22.887  34.292924     7.5840    3.50980     22.695    33.3295    26.0223 0.0000e+00
 209.382286     22.385  34.293355     7.5870    3.52922     22.197    33.3273    26.0201 0.0000e+00
 209.382292     21.886  34.293656     7.5896    3.53240     21.702    33.3254    26.0182 0.0000e+00
 209.382297     21.394  34.293678     7.5927    3.55392     21.214    33.3226    26.0156 0.0000e+00
 209.382303     20.910  34.292899     7.5966    3.56706     20.734    33.3183    26.0117 0.0000e+00
 209.382309     20.436  34.291413     7.6011    3.55731     20.264    33.3126    26.0065 0.0000e+00
 209.382315     19.965  34.290053     7.6059    3.56623     19.797    33.3068    26.0013 0.0000e+00
 209.382321     19.493  34.289820     7.6114    3.56923     19.329    33.3015    25.9963 0.0000e+00
 209.382326     19.017  34.290973     7.6172    3.56801     18.857    33.2974    25.9923 0.0000e+00
 209.382332     18.537  34.292819     7.6234    3.58346     18.381    33.2936    25.9885 0.0000e+00
 209.382338     18.051  34.295026     7.6319    3.60304     17.900    33.2881    25.9829 0.0000e+00
 209.382344     17.555  34.298866     7.6428    3.60737     17.408    33.2821    25.9766 0.0000e+00
 209.382350     17.046  34.304423     7.6538    3.60410     16.903    33.2778    25.9716 0.0000e+00
 209.382355     16.527  34.310149     7.6675    3.55277     16.388    33.2711    25.9644 0.0000e+00
 209.382361     16.000  34.318086     7.6952    3.50761     15.866    33.2534    25.9465 0.0000e+00
 209.382367     15.464  34.336026     7.7533    3.49528     15.334    33.2175    25.9100 0.0000e+00
 209.382373     14.925  34.377247     7.8379    3.52732     14.800    33.1814    25.8695 0.0000e+00
 209.382378     14.391  34.437861     7.9115    3.64033     14.270    33.1765    25.8550 0.0000e+00
 209.382384     13.870  34.484341     7.9554    3.76989     13.754    33.1848    25.8551 0.0000e+00
 209.382390     13.369  34.505248     8.0007    3.88583     13.257    33.1644    25.8325 0.0000e+00
 209.382396     12.885  34.529043     8.1118    4.00390     12.777    33.0848    25.7537 0.0000e+00
 209.382402     12.410  34.595874     8.3872    4.15799     12.306    32.8972    25.5657 0.0000e+00
 209.382407     11.929  34.790373     8.8269    4.31603     11.829    32.6933    25.3393 0.0000e+00
 209.382413     11.439  35.117909     9.2707    4.48591     11.343    32.6261    25.2173 0.0000e+00
 209.382419     10.942  35.421495     9.6086    4.64823     10.850    32.6304    25.1665 0.0000e+00
 209.382425     10.445  35.617644     9.8401    4.75317     10.358    32.6208    25.1213 0.0000e+00
 209.382431      9.956  35.737521     9.9771    4.80114      9.873    32.6190    25.0972 0.0000e+00
 209.382436      9.477  35.800836    10.0392    4.83003      9.398    32.6273    25.0933 0.0000e+00
 209.382442      9.017  35.823641    10.0600    4.84994      8.942    32.6318    25.0934 0.0000e+00
 209.382448      8.580  35.827401    10.0597    4.84774      8.508    32.6361    25.0968 0.0000e+00
 209.382454      8.164  35.824993    10.0441    4.87123      8.096    32.6479    25.1086 0.0000e+00
 209.382459      7.769  35.819940    10.0309    4.86896      7.704    32.6549    25.1162 0.0000e+00
 209.382465      7.391  35.812799    10.0430    4.88233      7.329    32.6369    25.1001 0.0000e+00
 209.382471      7.024  35.806383    10.0881    4.93534      6.965    32.5899    25.0559 0.0000e+00
 209.382477      6.660  35.807273    10.1575    4.97904      6.604    32.5285    24.9965 0.0000e+00
 209.382483      6.299  35.820586    10.2270    4.98479      6.246    32.4798    24.9468 0.0000e+00
 209.382488      5.943  35.839968    10.2821    5.03470      5.893    32.4501    24.9144 0.0000e+00
 209.382494      5.590  35.858754    10.3530    5.16707      5.543    32.4058    24.8678 0.0000e+00
 209.382500      5.241  35.893032    10.4721    5.23187      5.197    32.3343    24.7919 0.0000e+00
 209.382506      4.898  35.972251    10.6117    5.28068      4.857    32.2899    24.7334 0.0000e+00
 209.382512      4.565  36.091010    10.7005    5.28003      4.527    32.3298    24.7492 0.0000e+00
 209.382517      4.247  36.177196    10.7008    5.33367      4.212    32.4155    24.8158 0.0000e+00
 209.382523      3.944  36.180882    10.6689    5.33989      3.911    32.4477    24.8464 0.0000e+00
 209.382529      3.656  36.149622    10.7335    6.33332      3.625    32.3593    24.7664 0.0000e+00
 209.382535      3.380  36.169035    10.8943    6.44167      3.352    32.2368    24.6431 0.0000e+00
 209.382541      3.117  36.202732    10.9358    6.54106      3.091    32.2338    24.6335 0.0000e+00
 209.382546      2.866  36.151527    10.7840    6.69174      2.842    32.3169    24.7246 0.0000e+00
 209.382552      2.629  36.068334    10.6171    6.82077      2.607    32.3819    24.8041 0.0000e+00
 209.382558      2.408  36.010486    10.5332    6.92958      2.388    32.3988    24.8316 0.0000e+00
 209.382564      2.206  35.912027    10.4902    9.41287      2.188    32.3386    24.7921 0.0000e+00
 209.382569      2.023  35.640518    10.4493    9.68987      2.006    32.1031    24.6156 0.0000e+00
 209.382575      1.857  34.875998    10.4031    9.03175      1.841    31.3791    24.0593 0.0000e+00
 209.382581      1.704  32.665840    10.3588    8.23492      1.690    29.2181    22.3838 0.0000e+00
 209.382587      1.563  26.129894    10.3272    5.88633      1.550    22.8629    17.4467 0.0000e+00
 209.382593      1.436  16.095594    10.3113    5.82427      1.424    13.4757    10.1622 -9.990e-29
 209.382598      1.317   8.749515    10.3057    6.11336      1.306     6.9748     5.1160 -9.990e-29
 209.382604      1.203   5.448835    10.3049    6.41025      1.193     4.1983     2.9563 -9.990e-29
 209.382610      1.096   3.771260    10.3055    7.03869      1.087     2.8364     1.8948 -9.990e-29
 209.382616      0.998   2.884909    10.3058    7.05620      0.990     2.1347     1.3469 -9.990e-29
 209.382622      0.910   2.409127    10.3059    7.06777      0.902     1.7642     1.0574 -9.990e-29
 209.382627      0.832   2.138086    10.3065    7.09379      0.825     1.5553     0.8941 -9.990e-29
 209.382633      0.759   1.977717    10.3076    7.09350      0.753     1.4325     0.7979 -9.990e-29
 209.382639      0.690   1.897577    10.3090    7.12161      0.684     1.3714     0.7500 -9.990e-29
 209.382645      0.629   1.883615    10.3106    7.12351      0.624     1.3607     0.7415 -9.990e-29
