data/oxygen options/ONMS/Olympic_Coast_National_Marine_Sanctuary_Hypoxia_Survey_CTD_Data_2004_2015/raw_data/2004/CTD_TH100_072704faed.cnv
* Sea-Bird SBE19 Data File:
* FileName = C:\WINDOWS\Desktop\put hypoxia files here\CTD files\July 26_27-04\TH\TH10_072704.hex
* Software Version 1.1.4
* Temperature SN = 2997
* Conductivity SN = 2997
* System UpLoad Time = Jul 27 2004 12:06:25
* SEACAT PROFILER V3.1c SN 2997   07/27/04  12:06:12.423
* strain gauge pressure sensor: S/N = 184829,  range = 3000 psia,  tc = 40
# nquan = 9                                 
# nvalues = 831                         
# units = specified
# name 0 = timeJ: Julian Days
# name 1 = prSM: Pressure, Strain Gauge [db]
# name 2 = c0mS/cm: Conductivity [mS/cm]
# name 3 = t090C: Temperature [ITS-90, deg C]
# name 4 = oxML/L: Oxygen, Beckman/YSI [ml/l]
# name 5 = depSM: Depth [salt water, m], lat = 47.5
# name 6 = sal00: Salinity, Practical [PSU]
# name 7 = sigma-é00: Density [sigma-theta, kg/m^3]
# name 8 = flag: flag
# span 0 = 209.462280, 209.467083       
# span 1 =     -5.437,    102.510       
# span 2 =   0.453363,  39.529986       
# span 3 =     7.1073,    14.7225       
# span 4 =   -0.05434,   30.34814       
# span 5 =     -5.392,    101.629       
# span 6 =     0.2799,    33.8225       
# span 7 =    -0.5397,    26.4777       
# span 8 = 0.0000e+00, 0.0000e+00       
# interval = seconds: 0.5
# start_time = Jul 27 2004 11:05:41 [Instrument's time stamp, header]
# bad_flag = -9.990e-29
*END*
[from data line 161]
 209.463212     -0.551  39.509132    14.6933    7.19368     -0.546    32.1635    23.8515 -9.990e-29
 209.463218     -0.538  39.503958    14.6904    7.18932     -0.534    32.1612    23.8503 -9.990e-29
 209.463223     -0.522  39.501003    14.6935    7.18025     -0.518    32.1560    23.8456 -9.990e-29
 209.463229     -0.506  39.503628    14.6988    7.16554     -0.502    32.1540    23.8430 -9.990e-29
 209.463235     -0.494  39.508049    14.7008    7.15949     -0.490    32.1563    23.8444 -9.990e-29
 209.463241     -0.484  39.509510    14.6968    7.15882     -0.480    32.1610    23.8488 -9.990e-29
 209.463247     -0.476  39.506046    14.6879    7.16708     -0.472    32.1652    23.8539 -9.990e-29
 209.463252     -0.465  39.497535    14.6803    7.16919     -0.461    32.1637    23.8544 -9.990e-29
 209.463258     -0.447  39.490036    14.6769    7.16808     -0.443    32.1597    23.8520 -9.990e-29
 209.463264     -0.424  39.487584    14.6749    7.16432     -0.420    32.1592    23.8520 -9.990e-29
 209.463270     -0.403  39.486357    14.6742    7.14991     -0.400    32.1586    23.8518 -9.990e-29
 209.463275     -0.387  39.485851    14.6759    7.16165     -0.384    32.1567    23.8500 -9.990e-29
 209.463281     -0.376  39.488207    14.6789    7.17272     -0.373    32.1564    23.8491 -9.990e-29
 209.463287     -0.369  39.491526    14.6810    7.17275     -0.366    32.1577    23.8496 -9.990e-29
 209.463293     -0.365  39.492948    14.6818    7.16221     -0.362    32.1583    23.8499 -9.990e-29
 209.463299     -0.365  39.492700    14.6819    7.14244     -0.362    32.1580    23.8496 -9.990e-29
 209.463304     -0.362  39.491583    14.6808    7.13835     -0.359    32.1579    23.8498 -9.990e-29
 209.463310     -0.354  39.489799    14.6772    7.15349     -0.351    32.1592    23.8516 -9.990e-29
 209.463316     -0.344  39.487787    14.6722    7.17587     -0.341    32.1615    23.8544 -9.990e-29
 209.463322     -0.336  39.484558    14.6702    7.17191     -0.333    32.1603    23.8539 -9.990e-29
 209.463328     -0.329  39.482548    14.6736    7.15786     -0.326    32.1556    23.8496 -9.990e-29
 209.463333     -0.322  39.485820    14.6795    7.13578     -0.319    32.1537    23.8469 -9.990e-29
 209.463339     -0.316  39.491453    14.6838    7.12443     -0.313    32.1553    23.8471 -9.990e-29
 209.463345     -0.309  39.494622    14.6854    7.12572     -0.306    32.1568    23.8480 -9.990e-29
 209.463351     -0.302  39.495076    14.6857    7.13237     -0.299    32.1570    23.8481 -9.990e-29
 209.463356     -0.294  39.495117    14.6866    7.13685     -0.292    32.1563    23.8473 -9.990e-29
 209.463362     -0.285  39.495932    14.6881    7.13306     -0.283    32.1558    23.8466 -9.990e-29
 209.463368     -0.274  39.497494    14.6891    7.12412     -0.272    32.1563    23.8469 -9.990e-29
 209.463374     -0.259  39.499091    14.6877    7.10946     -0.257    32.1589    23.8492 -9.990e-29
 209.463380     -0.241  39.498374    14.6824    7.09037     -0.239    32.1627    23.8532 -9.990e-29
 209.463385     -0.223  39.493276    14.6751    7.07193     -0.221    32.1641    23.8558 -9.990e-29
 209.463391     -0.207  39.485985    14.6702    7.07545     -0.205    32.1615    23.8548 -9.990e-29
 209.463397     -0.188  39.481379    14.6681    7.09076     -0.186    32.1591    23.8534 -9.990e-29
 209.463403     -0.165  39.480058    14.6679    7.11017     -0.164    32.1580    23.8526 -9.990e-29
 209.463409     -0.145  39.480270    14.6692    7.10722     -0.144    32.1571    23.8517 -9.990e-29
 209.463414     -0.132  39.481185    14.6700    7.10293     -0.131    32.1573    23.8516 -9.990e-29
 209.463420     -0.123  39.481227    14.6696    7.09802     -0.122    32.1577    23.8520 -9.990e-29
 209.463426     -0.116  39.480463    14.6691    7.10115     -0.115    32.1574    23.8519 -9.990e-29
 209.463432     -0.104  39.480129    14.6686    7.10138     -0.103    32.1575    23.8521 -9.990e-29
 209.463438     -0.091  39.479790    14.6687    7.09011     -0.090    32.1571    23.8518 -9.990e-29
 209.463443     -0.081  39.480126    14.6698    7.08017     -0.080    32.1565    23.8510 -9.990e-29
 209.463449     -0.073  39.481594    14.6710    7.07717     -0.072    32.1568    23.8511 -9.990e-29
 209.463455     -0.067  39.482796    14.6722    7.07091     -0.066    32.1569    23.8509 -9.990e-29
 209.463461     -0.061  39.483662    14.6740    7.07407     -0.060    32.1562    23.8500 -9.990e-29
 209.463466     -0.057  39.484796    14.6774    7.04135     -0.057    32.1544    23.8479 -9.990e-29
 209.463472     -0.053  39.486598    14.6838    7.01748     -0.053    32.1508    23.8437 -9.990e-29
 209.463478     -0.050  39.488675    14.6912    7.01860     -0.050    32.1465    23.8389 -9.990e-29
 209.463484     -0.047  39.491564    14.6951    7.02604     -0.047    32.1459    23.8376 -9.990e-29
 209.463490     -0.044  39.496321    14.6952    7.04026     -0.044    32.1501    23.8408 -9.990e-29
 209.463495     -0.040  39.500886    14.6949    7.02892     -0.040    32.1545    23.8442 -9.990e-29
 209.463501     -0.036  39.503499    14.6947    7.02943     -0.036    32.1571    23.8462 -9.990e-29
 209.463507     -0.031  39.503727    14.6933    7.02637     -0.031    32.1584    23.8476 -9.990e-29
 209.463513     -0.025  39.501887    14.6906    7.03180     -0.025    32.1590    23.8486 -9.990e-29
 209.463519     -0.018  39.499462    14.6883    7.04259     -0.018    32.1587    23.8488 -9.990e-29
 209.463524     -0.008  39.497718    14.6881    7.03030     -0.008    32.1573    23.8478 -9.990e-29
 209.463530      0.004  39.497707    14.6894    7.03049      0.004    32.1562    23.8467 -9.990e-29
 209.463536      0.015  39.498860    14.6905    7.03054      0.015    32.1563    23.8465 -9.990e-29
 209.463542      0.021  39.499921    14.6908    7.03382      0.021    32.1570    23.8470 -9.990e-29
 209.463547      0.027  39.500629    14.6906    7.04548      0.027    32.1578    23.8477 -9.990e-29
 209.463553      0.038  39.500817    14.6904    7.05029      0.038    32.1582    23.8480 -9.990e-29
 209.463559      0.055  39.500747    14.6903    7.04046      0.055    32.1582    23.8480 -9.990e-29
 209.463565      0.074  39.500897    14.6905    7.02845      0.073    32.1581    23.8480 -9.990e-29
 209.463571      0.087  39.500916    14.6909    7.02893      0.086    32.1578    23.8476 -9.990e-29
 209.463576      0.093  39.500838    14.6907    7.03576      0.092    32.1579    23.8477 -9.990e-29
 209.463582      0.094  39.500570    14.6889    7.04972      0.093    32.1592    23.8491 -9.990e-29
 209.463588      0.100  39.498644    14.6848    7.04649      0.099    32.1608    23.8512 -9.990e-29
 209.463594      0.112  39.494184    14.6798    7.02980      0.111    32.1609    23.8523 -9.990e-29
 209.463600      0.120  39.489110    14.6773    7.02334      0.119    32.1583    23.8509 -9.990e-29
 209.463605      0.122  39.486764    14.6784    7.03943      0.121    32.1553    23.8483 -9.990e-29
 209.463611      0.122  39.487955    14.6813    7.03634      0.121    32.1540    23.8467 -9.990e-29
 209.463617      0.125  39.490916    14.6840    7.04311      0.124    32.1544    23.8465 -9.990e-29
 209.463623      0.126  39.493433    14.6856    7.03713      0.125    32.1554    23.8469 -9.990e-29
 209.463628      0.120  39.494944    14.6867    7.02647      0.119    32.1559    23.8470 -9.990e-29
 209.463634      0.113  39.496351    14.6871    7.03346      0.112    32.1568    23.8477 -9.990e-29
 209.463640      0.111  39.497297    14.6867    7.03514      0.110    32.1580    23.8487 -9.990e-29
 209.463646      0.120  39.497372    14.6857    7.05553      0.119    32.1589    23.8496 -9.990e-29
 209.463652      0.135  39.496687    14.6851    7.04955      0.134    32.1588    23.8496 -9.990e-29
 209.463657      0.149  39.496022    14.6859    7.03778      0.148    32.1575    23.8484 -9.990e-29
 209.463663      0.163  39.496742    14.6876    7.03274      0.162    32.1567    23.8475 -9.990e-29
 209.463669      0.181  39.498136    14.6878    7.02171      0.179    32.1578    23.8483 -9.990e-29
 209.463675      0.201  39.498146    14.6845    7.03364      0.199    32.1606    23.8511 -9.990e-29
 209.463681      0.220  39.494552    14.6793    7.03797      0.218    32.1616    23.8530 -9.990e-29
 209.463686      0.239  39.488743    14.6761    7.04028      0.237    32.1590    23.8516 -9.990e-29
 209.463692      0.258  39.485889    14.6754    7.03396      0.256    32.1569    23.8502 -9.990e-29
 209.463698      0.276  39.486678    14.6759    7.02548      0.274    32.1572    23.8504 -9.990e-29
 209.463704      0.285  39.488242    14.6760    7.02203      0.283    32.1586    23.8514 -9.990e-29
 209.463709      0.284  39.488185    14.6741    7.02281      0.282    32.1601    23.8529 -9.990e-29
 209.463715      0.284  39.485881    14.6714    7.03405      0.282    32.1602    23.8536 -9.990e-29
 209.463721      0.288  39.483317    14.6691    7.04363      0.286    32.1598    23.8538 -9.990e-29
 209.463727      0.295  39.481569    14.6671    7.04067      0.293    32.1599    23.8543 -9.990e-29
 209.463733      0.308  39.480000    14.6664    7.04082      0.305    32.1590    23.8537 -9.990e-29
 209.463738      0.326  39.479328    14.6675    7.02843      0.323    32.1575    23.8523 -9.990e-29
 209.463744      0.346  39.480349    14.6688    7.03261      0.343    32.1573    23.8519 -9.990e-29
 209.463750      0.362  39.481063    14.6697    7.03946      0.359    32.1572    23.8517 -9.990e-29
 209.463756      0.373  39.481309    14.6718    7.04046      0.370    32.1557    23.8501 -9.990e-29
 209.463762      0.385  39.483105    14.6746    7.04242      0.382    32.1550    23.8489 -9.990e-29
 209.463767      0.396  39.485487    14.6767    7.02805      0.393    32.1555    23.8488 -9.990e-29
 209.463773      0.400  39.487149    14.6779    7.02715      0.397    32.1560    23.8490 -9.990e-29
 209.463779      0.402  39.488631    14.6784    7.02221      0.399    32.1569    23.8496 -9.990e-29
 209.463785      0.408  39.489675    14.6777    7.02425      0.405    32.1584    23.8509 -9.990e-29
 209.463791      0.412  39.489437    14.6757    7.02884      0.409    32.1599    23.8524 -9.990e-29
 209.463796      0.416  39.487604    14.6744    7.03239      0.413    32.1593    23.8522 -9.990e-29
 209.463802      0.424  39.485668    14.6748    7.03581      0.420    32.1572    23.8505 -9.990e-29
 209.463808      0.431  39.485546    14.6773    7.04118      0.427    32.1550    23.8483 -9.990e-29
 209.463814      0.435  39.488204    14.6815    7.03909      0.431    32.1539    23.8466 -9.990e-29
 209.463819      0.440  39.492703    14.6845    7.03523      0.436    32.1555    23.8472 -9.990e-29
 209.463825      0.450  39.495512    14.6856    7.03919      0.446    32.1572    23.8483 -9.990e-29
 209.463831      0.461  39.496457    14.6857    7.03735      0.457    32.1579    23.8488 -9.990e-29
 209.463837      0.471  39.496807    14.6846    7.04401      0.467    32.1592    23.8500 -9.990e-29
 209.463843      0.479  39.495913    14.6842    7.04422      0.475    32.1587    23.8497 -9.990e-29
 209.463848      0.487  39.495395    14.6866    7.04269      0.483    32.1562    23.8473 -9.990e-29
 209.463854      0.495  39.497374    14.6905    7.04885      0.491    32.1548    23.8454 -9.990e-29
 209.463860      0.498  39.500571    14.6939    7.04147      0.494    32.1549    23.8447 -9.990e-29
 209.463866      0.493  39.503084    14.6972    7.04578      0.489    32.1544    23.8437 -9.990e-29
 209.463872      0.484  39.506026    14.7012    7.03432      0.480    32.1538    23.8424 -9.990e-29
 209.463877      0.479  39.509962    14.7052    7.03390      0.475    32.1541    23.8417 -9.990e-29
 209.463883      0.482  39.513416    14.7073    7.01982      0.478    32.1554    23.8423 -9.990e-29
 209.463889      0.489  39.515391    14.7069    7.01973      0.485    32.1576    23.8441 -9.990e-29
 209.463895      0.496  39.515160    14.7048    7.01341      0.492    32.1591    23.8457 -9.990e-29
 209.463900      0.502  39.512423    14.7007    7.02873      0.498    32.1600    23.8472 -9.990e-29
 209.463906      0.510  39.507466    14.6960    7.04083      0.506    32.1594    23.8478 -9.990e-29
 209.463912      0.519  39.502665    14.6936    7.04119      0.515    32.1570    23.8464 -9.990e-29
 209.463918      0.529  39.500602    14.6932    7.03678      0.525    32.1555    23.8453 -9.990e-29
 209.463924      0.542  39.500780    14.6935    7.02608      0.537    32.1554    23.8452 -9.990e-29
 209.463929      0.554  39.501757    14.6948    7.03371      0.549    32.1552    23.8448 -9.990e-29
 209.463935      0.561  39.503162    14.6965    7.03010      0.556    32.1550    23.8443 -9.990e-29
 209.463941      0.564  39.505192    14.6975    7.02279      0.559    32.1561    23.8449 -9.990e-29
 209.463947      0.564  39.506632    14.6973    7.01941      0.559    32.1575    23.8461 -9.990e-29
 209.463953      0.564  39.506607    14.6969    7.02006      0.559    32.1578    23.8464 -9.990e-29
 209.463958      0.568  39.506212    14.6968    7.02264      0.563    32.1576    23.8462 -9.990e-29
 209.463964      0.577  39.506052    14.6963    7.03201      0.572    32.1578    23.8465 -9.990e-29
 209.463970      0.588  39.505359    14.6951    7.02558      0.583    32.1582    23.8470 -9.990e-29
 209.463976      0.596  39.503776    14.6942    7.02701      0.591    32.1575    23.8467 -9.990e-29
 209.463981      0.606  39.502568    14.6945    7.01925      0.601    32.1561    23.8456 -9.990e-29
 209.463987      0.619  39.502935    14.6961    7.02679      0.614    32.1552    23.8445 -9.990e-29
 209.463993      0.628  39.504813    14.6987    7.02758      0.623    32.1547    23.8436 -9.990e-29
 209.463999      0.633  39.507347    14.7010    7.02526      0.628    32.1551    23.8434 -9.990e-29
 209.464005      0.642  39.509435    14.7017    7.01992      0.637    32.1564    23.8443 -9.990e-29
 209.464010      0.656  39.509944    14.7006    7.02912      0.651    32.1578    23.8456 -9.990e-29
 209.464016      0.669  39.508438    14.6968    7.02790      0.663    32.1595    23.8477 -9.990e-29
 209.464022      0.675  39.504599    14.6914    7.03840      0.669    32.1605    23.8496 -9.990e-29
 209.464028      0.676  39.500048    14.6911    7.03288      0.670    32.1566    23.8467 -9.990e-29
 209.464034      0.672  39.501627    14.6981    7.02799      0.666    32.1523    23.8419 -9.990e-29
 209.464039      0.663  39.509766    14.7051    7.02476      0.657    32.1539    23.8416 -9.990e-29
 209.464045      0.651  39.515685    14.7078    7.02623      0.646    32.1570    23.8435 -9.990e-29
 209.464051      0.645  39.517187    14.7072    7.02095      0.640    32.1589    23.8450 -9.990e-29
 209.464057      0.645  39.516282    14.7034    7.02764      0.640    32.1612    23.8476 -9.990e-29
 209.464063      0.646  39.511774    14.6978    7.02773      0.641    32.1618    23.8492 -9.990e-29
 209.464068      0.648  39.506076    14.6943    7.03434      0.643    32.1595    23.8482 -9.990e-29
 209.464074      0.652  39.503939    14.6932    7.02702      0.647    32.1584    23.8476 -9.990e-29
 209.464080      0.661  39.504203    14.6931    7.02560      0.655    32.1588    23.8479 -9.990e-29
 209.464086      0.677  39.504423    14.6944    7.03181      0.671    32.1579    23.8470 -9.990e-29
 209.464091      0.693  39.505460    14.6952    7.03395      0.687    32.1582    23.8470 -9.990e-29
 209.464097      0.704  39.505899    14.6942    7.02980      0.698    32.1594    23.8481 -9.990e-29
 209.464103      0.711  39.503528    14.6931    7.02293      0.705    32.1581    23.8474 -9.990e-29
 209.464109      0.715  39.501364    14.6924    7.02057      0.709    32.1568    23.8465 -9.990e-29
 209.464115      0.716  39.501020    14.6934    7.03652      0.710    32.1556    23.8454 -9.990e-29
 209.464120      0.715  39.502604    14.6975    7.04051      0.709    32.1537    23.8430 -9.990e-29
 209.464126      0.711  39.507675    14.7008    7.03318      0.705    32.1555    23.8438 -9.990e-29
