data/oxygen options/ONMS/Olympic_Coast_National_Marine_Sanctuary_Hypoxia_Survey_CTD_Data_2004_2015/raw_data/2004/CTD_CA100_061504faed.cnv
* Sea-Bird SBE19 Data File:
* FileName = C:\WINDOWS\Desktop\put hypoxia files here\CTD files\CA\CA100m061504.hex
* Software Version 1.1.4
* Temperature SN = 2997
* Conductivity SN = 2997
* System UpLoad Time = Jun 15 2004 11:51:33
** Cape Alave hypoxia June 15, 2004.  CA-10
**
# nquan = 9                                 
# nvalues = 1777                        
# units = specified
# name 0 = timeJ: Julian Days
# name 1 = prSM: Pressure, Strain Gauge [db]
# name 2 = c0mS/cm: Conductivity [mS/cm]
# name 3 = t090C: Temperature [ITS-90, deg C]
# name 4 = oxML/L: Oxygen, Beckman/YSI [ml/l]
# name 5 = depSM: Depth [salt water, m], lat = 47.5
# name 6 = sal00: Salinity, Practical [PSU]
# name 7 = sigma-é00: Density [sigma-theta, kg/m^3]
# name 8 = flag: flag
# span 0 = 167.393692, 167.403970       
# span 1 =     -5.725,    100.161       
# span 2 =   0.232076,  36.902134       
# span 3 =     7.2315,    13.4925       
# span 4 =  -12.88713,   35.88361       
# span 5 =     -5.677,     99.301       
# span 6 =     0.1435,    33.7790       
# span 7 =    -0.5587,    26.4243       
# span 8 = 0.0000e+00, 0.0000e+00       
# interval = seconds: 0.5
# start_time = Jun 15 2004 09:26:55 [Instrument's time stamp, header]
# bad_flag = -9.990e-29
*END*
[from data line 321]
 167.395550      0.236  36.782553    12.2442    6.57390      0.234    31.6712    23.9596 -9.990e-29
 167.395556      0.240  36.783868    12.2452    6.58736      0.238    31.6716    23.9597 -9.990e-29
 167.395561      0.244  36.784624    12.2459    6.58686      0.242    31.6718    23.9597 -9.990e-29
 167.395567      0.250  36.785271    12.2461    6.58277      0.248    31.6722    23.9600 -9.990e-29
 167.395573      0.258  36.785547    12.2460    6.56856      0.256    31.6726    23.9603 -9.990e-29
 167.395579      0.268  36.785257    12.2458    6.57352      0.266    31.6724    23.9603 -9.990e-29
 167.395584      0.282  36.785137    12.2458    6.56505      0.280    31.6723    23.9602 -9.990e-29
 167.395590      0.294  36.785025    12.2459    6.57289      0.292    31.6721    23.9600 -9.990e-29
 167.395596      0.303  36.784772    12.2460    6.58662      0.300    31.6718    23.9597 -9.990e-29
 167.395602      0.308  36.784599    12.2461    6.58234      0.305    31.6715    23.9595 -9.990e-29
 167.395608      0.311  36.784835    12.2466    6.56836      0.308    31.6714    23.9593 -9.990e-29
 167.395613      0.315  36.785794    12.2471    6.56537      0.312    31.6718    23.9596 -9.990e-29
 167.395619      0.320  36.786512    12.2473    6.57097      0.317    31.6724    23.9599 -9.990e-29
 167.395625      0.323  36.786261    12.2472    6.57697      0.320    31.6722    23.9598 -9.990e-29
 167.395631      0.324  36.785829    12.2466    6.56978      0.321    31.6723    23.9600 -9.990e-29
 167.395637      0.324  36.785759    12.2452    6.54878      0.321    31.6734    23.9611 -9.990e-29
 167.395642      0.321  36.784835    12.2428    6.55663      0.318    31.6746    23.9625 -9.990e-29
 167.395648      0.315  36.782385    12.2395    6.57601      0.312    31.6750    23.9634 -9.990e-29
 167.395654      0.312  36.779066    12.2365    6.60199      0.309    31.6744    23.9635 -9.990e-29
 167.395660      0.314  36.776062    12.2362    6.59453      0.311    31.6717    23.9615 -9.990e-29
 167.395666      0.322  36.775537    12.2388    6.56849      0.319    31.6690    23.9589 -9.990e-29
 167.395671      0.332  36.777909    12.2421    6.54362      0.329    31.6685    23.9579 -9.990e-29
 167.395677      0.341  36.781293    12.2440    6.55753      0.338    31.6701    23.9588 -9.990e-29
 167.395683      0.353  36.783469    12.2439    6.58069      0.350    31.6723    23.9605 -9.990e-29
 167.395689      0.370  36.783412    12.2428    6.60308      0.367    31.6732    23.9614 -9.990e-29
 167.395694      0.383  36.782166    12.2420    6.59318      0.380    31.6727    23.9611 -9.990e-29
 167.395700      0.389  36.781435    12.2422    6.57278      0.386    31.6718    23.9604 -9.990e-29
 167.395706      0.392  36.781926    12.2427    6.55834      0.389    31.6718    23.9604 -9.990e-29
 167.395712      0.398  36.782608    12.2423    6.55485      0.395    31.6728    23.9612 -9.990e-29
 167.395718      0.403  36.782148    12.2404    6.57814      0.400    31.6740    23.9625 -9.990e-29
 167.395723      0.406  36.780492    12.2374    6.59191      0.403    31.6749    23.9638 -9.990e-29
 167.395729      0.413  36.778236    12.2350    6.59620      0.410    31.6748    23.9641 -9.990e-29
 167.395735      0.419  36.776296    12.2350    6.58452      0.416    31.6729    23.9627 -9.990e-29
 167.395741      0.420  36.776011    12.2369    6.56969      0.416    31.6711    23.9609 -9.990e-29
 167.395747      0.416  36.777559    12.2386    6.55825      0.413    31.6711    23.9606 -9.990e-29
 167.395752      0.413  36.779077    12.2388    6.57845      0.410    31.6724    23.9615 -9.990e-29
 167.395758      0.412  36.779223    12.2374    6.59395      0.409    31.6737    23.9628 -9.990e-29
 167.395764      0.416  36.778191    12.2350    6.58726      0.413    31.6748    23.9641 -9.990e-29
 167.395770      0.423  36.776289    12.2336    6.57575      0.419    31.6741    23.9638 -9.990e-29
 167.395775      0.430  36.774904    12.2343    6.55713      0.426    31.6722    23.9622 -9.990e-29
 167.395781      0.437  36.775554    12.2363    6.56805      0.433    31.6711    23.9610 -9.990e-29
 167.395787      0.450  36.777421    12.2382    6.59255      0.446    31.6713    23.9608 -9.990e-29
 167.395793      0.464  36.779069    12.2396    6.60691      0.460    31.6717    23.9608 -9.990e-29
 167.395799      0.477  36.780450    12.2409    6.58910      0.473    31.6719    23.9608 -9.990e-29
 167.395804      0.484  36.782096    12.2427    6.56855      0.480    31.6720    23.9605 -9.990e-29
 167.395810      0.483  36.783956    12.2451    6.55803      0.479    31.6717    23.9598 -9.990e-29
 167.395816      0.477  36.785519    12.2470    6.57276      0.473    31.6716    23.9594 -9.990e-29
 167.395822      0.469  36.786062    12.2472    6.59969      0.465    31.6720    23.9596 -9.990e-29
 167.395828      0.465  36.785563    12.2464    6.59171      0.461    31.6722    23.9599 -9.990e-29
 167.395833      0.468  36.785036    12.2458    6.57353      0.464    31.6722    23.9600 -9.990e-29
 167.395839      0.474  36.784900    12.2457    6.56065      0.470    31.6721    23.9600 -9.990e-29
 167.395845      0.478  36.784970    12.2460    6.56447      0.474    31.6719    23.9598 -9.990e-29
 167.395851      0.482  36.785339    12.2463    6.58980      0.478    31.6720    23.9598 -9.990e-29
 167.395856      0.484  36.785936    12.2464    6.59886      0.480    31.6725    23.9602 -9.990e-29
 167.395862      0.487  36.786434    12.2470    6.58356      0.483    31.6725    23.9601 -9.990e-29
 167.395868      0.489  36.786935    12.2488    6.55951      0.485    31.6714    23.9589 -9.990e-29
 167.395874      0.492  36.788105    12.2511    6.55822      0.488    31.6706    23.9578 -9.990e-29
 167.395880      0.494  36.789820    12.2524    6.58272      0.490    31.6711    23.9580 -9.990e-29
 167.395885      0.496  36.791001    12.2518    6.59606      0.492    31.6728    23.9594 -9.990e-29
 167.395891      0.499  36.790980    12.2503    6.58719      0.495    31.6740    23.9607 -9.990e-29
 167.395897      0.502  36.789728    12.2498    6.56971      0.498    31.6733    23.9601 -9.990e-29
 167.395903      0.506  36.788938    12.2508    6.55899      0.502    31.6716    23.9587 -9.990e-29
 167.395909      0.511  36.789799    12.2520    6.57577      0.507    31.6715    23.9583 -9.990e-29
 167.395914      0.518  36.790652    12.2522    6.59344      0.514    31.6721    23.9588 -9.990e-29
 167.395920      0.521  36.790390    12.2506    6.59255      0.517    31.6732    23.9600 -9.990e-29
 167.395926      0.518  36.788662    12.2487    6.58005      0.514    31.6732    23.9603 -9.990e-29
 167.395932      0.513  36.786527    12.2487    6.56479      0.509    31.6711    23.9587 -9.990e-29
 167.395938      0.508  36.786748    12.2496    6.57545      0.504    31.6706    23.9581 -9.990e-29
 167.395943      0.505  36.788495    12.2497    6.59651      0.501    31.6722    23.9593 -9.990e-29
 167.395949      0.503  36.789046    12.2493    6.59206      0.499    31.6730    23.9601 -9.990e-29
 167.395955      0.501  36.788575    12.2492    6.58196      0.497    31.6727    23.9598 -9.990e-29
 167.395961      0.501  36.788135    12.2492    6.58077      0.497    31.6722    23.9595 -9.990e-29
 167.395966      0.500  36.787699    12.2489    6.57732      0.496    31.6721    23.9594 -9.990e-29
 167.395972      0.501  36.787245    12.2482    6.59613      0.497    31.6722    23.9597 -9.990e-29
 167.395978      0.502  36.786728    12.2464    6.59403      0.498    31.6733    23.9608 -9.990e-29
 167.395984      0.503  36.785458    12.2441    6.58738      0.499    31.6740    23.9618 -9.990e-29
 167.395990      0.506  36.783982    12.2432    6.57896      0.502    31.6733    23.9614 -9.990e-29
 167.395995      0.509  36.783696    12.2438    6.57365      0.505    31.6725    23.9607 -9.990e-29
 167.396001      0.514  36.784218    12.2445    6.57653      0.510    31.6725    23.9605 -9.990e-29
 167.396007      0.516  36.784558    12.2453    6.57742      0.512    31.6721    23.9601 -9.990e-29
 167.396013      0.511  36.785168    12.2469    6.58737      0.507    31.6713    23.9592 -9.990e-29
 167.396019      0.511  36.786860    12.2482    6.58930      0.507    31.6719    23.9594 -9.990e-29
 167.396024      0.526  36.787963    12.2479    6.58930      0.522    31.6732    23.9604 -9.990e-29
 167.396030      0.543  36.787144    12.2475    6.58790      0.538    31.6727    23.9602 -9.990e-29
 167.396036      0.554  36.786673    12.2480    6.59173      0.549    31.6718    23.9594 -9.990e-29
 167.396042      0.561  36.787602    12.2493    6.58631      0.556    31.6716    23.9590 -9.990e-29
 167.396047      0.568  36.788927    12.2513    6.58490      0.563    31.6712    23.9583 -9.990e-29
 167.396053      0.581  36.790728    12.2536    6.58310      0.576    31.6710    23.9577 -9.990e-29
 167.396059      0.594  36.793163    12.2555    6.58738      0.589    31.6717    23.9579 -9.990e-29
 167.396065      0.606  36.794993    12.2563    6.59210      0.601    31.6728    23.9585 -9.990e-29
 167.396071      0.620  36.795291    12.2563    6.58720      0.615    31.6730    23.9588 -9.990e-29
 167.396076      0.638  36.795013    12.2560    6.58910      0.633    31.6730    23.9588 -9.990e-29
 167.396082      0.653  36.794908    12.2557    6.58229      0.648    31.6732    23.9590 -9.990e-29
 167.396088      0.662  36.794835    12.2556    6.58229      0.656    31.6732    23.9590 -9.990e-29
 167.396094      0.663  36.794694    12.2555    6.58349      0.657    31.6731    23.9590 -9.990e-29
 167.396100      0.659  36.794297    12.2552    6.57263      0.653    31.6730    23.9589 -9.990e-29
 167.396105      0.649  36.793673    12.2545    6.57430      0.644    31.6730    23.9591 -9.990e-29
 167.396111      0.635  36.793110    12.2534    6.58316      0.630    31.6734    23.9596 -9.990e-29
 167.396117      0.627  36.792420    12.2523    6.58598      0.622    31.6737    23.9600 -9.990e-29
 167.396123      0.627  36.791803    12.2517    6.58872      0.622    31.6736    23.9600 -9.990e-29
 167.396128      0.632  36.791555    12.2519    6.59349      0.627    31.6732    23.9597 -9.990e-29
 167.396134      0.637  36.791344    12.2525    6.59900      0.632    31.6725    23.9590 -9.990e-29
 167.396140      0.642  36.791447    12.2533    6.59435      0.637    31.6719    23.9584 -9.990e-29
 167.396146      0.645  36.792000    12.2547    6.58450      0.640    31.6712    23.9577 -9.990e-29
 167.396152      0.640  36.793180    12.2564    6.58548      0.635    31.6709    23.9571 -9.990e-29
 167.396157      0.632  36.794874    12.2570    6.58534      0.627    31.6720    23.9579 -9.990e-29
 167.396163      0.628  36.795415    12.2569    6.60167      0.623    31.6726    23.9583 -9.990e-29
 167.396169      0.633  36.794962    12.2575    6.60593      0.628    31.6717    23.9575 -9.990e-29
 167.396175      0.643  36.795715    12.2589    6.59115      0.638    31.6712    23.9569 -9.990e-29
 167.396181      0.650  36.797554    12.2601    6.57793      0.645    31.6720    23.9572 -9.990e-29
 167.396186      0.654  36.799001    12.2602    6.57119      0.649    31.6733    23.9582 -9.990e-29
 167.396192      0.660  36.799180    12.2589    6.58112      0.654    31.6745    23.9594 -9.990e-29
 167.396198      0.664  36.797770    12.2573    6.59715      0.658    31.6745    23.9597 -9.990e-29
 167.396204      0.666  36.796252    12.2568    6.59977      0.660    31.6735    23.9590 -9.990e-29
 167.396209      0.670  36.795966    12.2575    6.60506      0.664    31.6726    23.9582 -9.990e-29
 167.396215      0.673  36.796529    12.2587    6.60206      0.667    31.6722    23.9576 -9.990e-29
 167.396221      0.670  36.797570    12.2593    6.58681      0.664    31.6727    23.9579 -9.990e-29
 167.396227      0.666  36.798233    12.2589    6.57670      0.660    31.6736    23.9587 -9.990e-29
 167.396233      0.665  36.797717    12.2577    6.57483      0.659    31.6742    23.9594 -9.990e-29
 167.396238      0.666  36.796455    12.2560    6.59562      0.660    31.6744    23.9599 -9.990e-29
 167.396244      0.670  36.795005    12.2549    6.61311      0.664    31.6739    23.9597 -9.990e-29
 167.396250      0.676  36.794237    12.2554    6.60533      0.670    31.6728    23.9587 -9.990e-29
 167.396256      0.686  36.794808    12.2566    6.57757      0.680    31.6723    23.9581 -9.990e-29
 167.396262      0.695  36.795797    12.2570    6.56296      0.689    31.6729    23.9585 -9.990e-29
 167.396267      0.700  36.796276    12.2559    6.57010      0.694    31.6743    23.9598 -9.990e-29
 167.396273      0.702  36.795761    12.2522    6.60098      0.696    31.6769    23.9625 -9.990e-29
 167.396279      0.704  36.793003    12.2458    6.61446      0.698    31.6797    23.9659 -9.990e-29
 167.396285      0.711  36.787129    12.2412    6.60776      0.705    31.6780    23.9654 -9.990e-29
 167.396291      0.719  36.782082    12.2426    6.58631      0.713    31.6719    23.9605 -9.990e-29
 167.396296      0.724  36.783470    12.2470    6.58102      0.718    31.6695    23.9578 -9.990e-29
 167.396302      0.727  36.788091    12.2492    6.58280      0.721    31.6721    23.9594 -9.990e-29
 167.396308      0.729  36.789767    12.2483    6.58815      0.723    31.6745    23.9614 -9.990e-29
 167.396314      0.728  36.788491    12.2462    6.59998      0.722    31.6750    23.9622 -9.990e-29
 167.396319      0.725  36.786485    12.2448    6.60540      0.719    31.6743    23.9619 -9.990e-29
 167.396325      0.720  36.785560    12.2453    6.59978      0.714    31.6730    23.9608 -9.990e-29
 167.396331      0.716  36.786164    12.2465    6.59078      0.710    31.6725    23.9602 -9.990e-29
 167.396337      0.718  36.786855    12.2468    6.59160      0.712    31.6730    23.9605 -9.990e-29
 167.396343      0.722  36.786874    12.2465    6.60507      0.716    31.6732    23.9607 -9.990e-29
 167.396348      0.724  36.786803    12.2463    6.61736      0.718    31.6733    23.9609 -9.990e-29
 167.396354      0.723  36.786546    12.2463    6.59990      0.717    31.6731    23.9607 -9.990e-29
 167.396360      0.720  36.786321    12.2469    6.59097      0.714    31.6724    23.9600 -9.990e-29
 167.396366      0.718  36.786947    12.2475    6.57655      0.712    31.6724    23.9600 -9.990e-29
 167.396372      0.723  36.787575    12.2479    6.59156      0.717    31.6727    23.9601 -9.990e-29
 167.396377      0.729  36.787920    12.2489    6.59860      0.723    31.6722    23.9595 -9.990e-29
 167.396383      0.734  36.789004    12.2503    6.60316      0.728    31.6720    23.9591 -9.990e-29
 167.396389      0.736  36.790587    12.2515    6.61071      0.730    31.6725    23.9593 -9.990e-29
 167.396395      0.737  36.791972    12.2529    6.61581      0.731    31.6727    23.9591 -9.990e-29
 167.396400      0.737  36.793322    12.2544    6.60419      0.731    31.6727    23.9589 -9.990e-29
 167.396406      0.740  36.794753    12.2552    6.58401      0.734    31.6734    23.9593 -9.990e-29
 167.396412      0.750  36.795370    12.2546    6.56920      0.744    31.6745    23.9602 -9.990e-29
 167.396418      0.763  36.794309    12.2525    6.57317      0.757    31.6752    23.9612 -9.990e-29
 167.396424      0.777  36.791837    12.2484    6.60489      0.771    31.6763    23.9628 -9.990e-29
 167.396429      0.791  36.788024    12.2445    6.61676      0.784    31.6760    23.9633 -9.990e-29
 167.396435      0.804  36.784513    12.2440    6.63245      0.797    31.6730    23.9611 -9.990e-29
 167.396441      0.810  36.784475    12.2461    6.60928      0.803    31.6712    23.9593 -9.990e-29
 167.396447      0.811  36.786734    12.2472    6.58206      0.804    31.6725    23.9600 -9.990e-29
 167.396453      0.807  36.787570    12.2468    6.58261      0.800    31.6736    23.9610 -9.990e-29
 167.396458      0.802  36.786975    12.2467    6.58792      0.795    31.6731    23.9606 -9.990e-29
 167.396464      0.799  36.786957    12.2471    6.61007      0.792    31.6728    23.9603 -9.990e-29
