data/oxygen options/ONMS/Olympic_Coast_National_Marine_Sanctuary_Hypoxia_Survey_CTD_Data_2004_2015/raw_data/2004/CTD_CA50_061504faed.cnv
* Sea-Bird SBE19 Data File:
* FileName = C:\WINDOWS\Desktop\put hypoxia files here\CTD files\CA\CA50m061504.hex
* Software Version 1.1.4
* Temperature SN = 2997
* Conductivity SN = 2997
* System UpLoad Time = Jun 15 2004 12:09:20
** Cape Alava hypoxia 50 m CA-5 June 1,2004
* SEACAT PROFILER V3.1c SN 2997   06/15/04  12:07:02.673
# nquan = 9                                 
# nvalues = 924                         
# units = specified
# name 0 = timeJ: Julian Days
# name 1 = prSM: Pressure, Strain Gauge [db]
# name 2 = c0mS/cm: Conductivity [mS/cm]
# name 3 = t090C: Temperature [ITS-90, deg C]
# name 4 = oxML/L: Oxygen, Beckman/YSI [ml/l]
# name 5 = depSM: Depth [salt water, m], lat = 47.5
# name 6 = sal00: Salinity, Practical [PSU]
# name 7 = sigma-é00: Density [sigma-theta, kg/m^3]
# name 8 = flag: flag
# span 0 = 167.447870, 167.453212       
# span 1 =     -4.873,     51.130       
# span 2 =   0.438244,  37.229854       
# span 3 =     7.9036,    13.4073       
# span 4 =  -12.21242,   32.57564       
# span 5 =     -4.832,     50.697       
# span 6 =     0.2811,    33.0427       
# span 7 =    -0.3350,    25.7512       
# span 8 = 0.0000e+00, 0.0000e+00       
# interval = seconds: 0.5
# start_time = Jun 15 2004 10:44:56 [Instrument's time stamp, header]
# bad_flag = -9.990e-29
*END*
[from data line 481]
 167.450654      2.099  37.194324    13.3596    5.72265      2.081    31.1320    23.3281 -9.990e-29
 167.450660      2.093  37.194638    13.3602    5.71701      2.076    31.1318    23.3279 -9.990e-29
 167.450666      2.091  37.195114    13.3614    5.70493      2.074    31.1313    23.3272 -9.990e-29
 167.450671      2.097  37.195831    13.3628    5.70705      2.079    31.1308    23.3266 -9.990e-29
 167.450677      2.106  37.196442    13.3634    5.71619      2.088    31.1309    23.3265 -9.990e-29
 167.450683      2.110  37.196644    13.3627    5.71491      2.092    31.1317    23.3272 -9.990e-29
 167.450689      2.106  37.195967    13.3619    5.70863      2.088    31.1317    23.3274 -9.990e-29
 167.450694      2.098  37.195199    13.3624    5.70300      2.080    31.1306    23.3264 -9.990e-29
 167.450700      2.089  37.195945    13.3642    5.70829      2.072    31.1298    23.3255 -9.990e-29
 167.450706      2.083  37.197524    13.3661    5.72038      2.066    31.1297    23.3251 -9.990e-29
 167.450712      2.079  37.198685    13.3674    5.71832      2.062    31.1297    23.3248 -9.990e-29
 167.450718      2.074  37.199303    13.3681    5.71564      2.057    31.1297    23.3247 -9.990e-29
 167.450723      2.071  37.199651    13.3689    5.70979      2.054    31.1294    23.3243 -9.990e-29
 167.450729      2.069  37.200202    13.3701    5.70985      2.052    31.1289    23.3237 -9.990e-29
 167.450735      2.066  37.201138    13.3714    5.71794      2.049    31.1287    23.3233 -9.990e-29
 167.450741      2.064  37.202032    13.3718    5.71330      2.047    31.1293    23.3236 -9.990e-29
 167.450747      2.067  37.202402    13.3714    5.71223      2.050    31.1299    23.3242 -9.990e-29
 167.450752      2.072  37.202188    13.3710    5.71111      2.055    31.1301    23.3244 -9.990e-29
 167.450758      2.075  37.201675    13.3708    5.70912      2.058    31.1297    23.3242 -9.990e-29
 167.450764      2.076  37.201311    13.3703    5.71153      2.059    31.1298    23.3243 -9.990e-29
 167.450770      2.075  37.201179    13.3696    5.70556      2.058    31.1303    23.3248 -9.990e-29
 167.450775      2.072  37.201109    13.3691    5.70454      2.055    31.1306    23.3252 -9.990e-29
 167.450781      2.070  37.201017    13.3689    5.70416      2.053    31.1307    23.3253 -9.990e-29
 167.450787      2.075  37.200790    13.3683    5.71224      2.058    31.1310    23.3256 -9.990e-29
 167.450793      2.083  37.200133    13.3669    5.71718      2.066    31.1315    23.3263 -9.990e-29
 167.450799      2.088  37.198739    13.3651    5.71098      2.071    31.1317    23.3268 -9.990e-29
 167.450804      2.092  37.197000    13.3643    5.71401      2.075    31.1307    23.3262 -9.990e-29
 167.450810      2.095  37.195971    13.3650    5.72404      2.078    31.1292    23.3249 -9.990e-29
 167.450816      2.098  37.196533    13.3659    5.71697      2.080    31.1289    23.3245 -9.990e-29
 167.450822      2.099  37.197761    13.3653    5.70934      2.081    31.1306    23.3259 -9.990e-29
 167.450828      2.100  37.197375    13.3641    5.70208      2.082    31.1312    23.3266 -9.990e-29
 167.450833      2.101  37.195990    13.3636    5.70411      2.083    31.1303    23.3260 -9.990e-29
 167.450839      2.101  37.195692    13.3628    5.71931      2.083    31.1307    23.3265 -9.990e-29
 167.450845      2.101  37.195533    13.3610    5.72361      2.083    31.1320    23.3278 -9.990e-29
 167.450851      2.100  37.194187    13.3600    5.71603      2.082    31.1316    23.3277 -9.990e-29
 167.450856      2.099  37.193235    13.3606    5.70618      2.081    31.1302    23.3265 -9.990e-29
 167.450862      2.097  37.193656    13.3613    5.70664      2.079    31.1300    23.3263 -9.990e-29
 167.450868      2.099  37.193778    13.3612    5.72171      2.081    31.1302    23.3264 -9.990e-29
 167.450874      2.108  37.193213    13.3606    5.72360      2.090    31.1302    23.3265 -9.990e-29
 167.450880      2.118  37.192897    13.3602    5.71603      2.100    31.1302    23.3266 -9.990e-29
 167.450885      2.120  37.192979    13.3603    5.69806      2.102    31.1302    23.3266 -9.990e-29
 167.450891      2.118  37.193574    13.3605    5.69654      2.100    31.1306    23.3268 -9.990e-29
 167.450897      2.117  37.194363    13.3600    5.71461      2.099    31.1317    23.3278 -9.990e-29
 167.450903      2.116  37.194162    13.3580    5.73024      2.098    31.1332    23.3293 -9.990e-29
 167.450909      2.116  37.192153    13.3555    5.72063      2.098    31.1334    23.3300 -9.990e-29
 167.450914      2.117  37.189591    13.3553    5.71305      2.099    31.1311    23.3283 -9.990e-29
 167.450920      2.118  37.189239    13.3572    5.69819      2.100    31.1293    23.3265 -9.990e-29
 167.450926      2.119  37.191196    13.3583    5.69818      2.101    31.1302    23.3270 -9.990e-29
 167.450932      2.122  37.192470    13.3572    5.70965      2.104    31.1323    23.3288 -9.990e-29
 167.450938      2.125  37.191404    13.3543    5.71410      2.107    31.1336    23.3304 -9.990e-29
 167.450943      2.129  37.188828    13.3527    5.72190      2.111    31.1325    23.3299 -9.990e-29
 167.450949      2.135  37.187487    13.3546    5.72842      2.117    31.1297    23.3274 -9.990e-29
 167.450955      2.142  37.189526    13.3592    5.72040      2.124    31.1279    23.3250 -9.990e-29
 167.450961      2.147  37.193745    13.3638    5.71181      2.129    31.1280    23.3242 -9.990e-29
 167.450966      2.146  37.197364    13.3663    5.70135      2.128    31.1294    23.3248 -9.990e-29
 167.450972      2.144  37.198486    13.3666    5.70241      2.126    31.1302    23.3253 -9.990e-29
 167.450978      2.143  37.198057    13.3657    5.70833      2.125    31.1305    23.3258 -9.990e-29
 167.450984      2.145  37.197196    13.3643    5.71879      2.127    31.1308    23.3263 -9.990e-29
 167.450990      2.149  37.195886    13.3634    5.72131      2.131    31.1304    23.3261 -9.990e-29
 167.450995      2.151  37.195194    13.3631    5.71814      2.133    31.1300    23.3259 -9.990e-29
 167.451001      2.148  37.195326    13.3629    5.71708      2.130    31.1303    23.3261 -9.990e-29
 167.451007      2.143  37.195344    13.3619    5.70767      2.125    31.1311    23.3270 -9.990e-29
 167.451013      2.140  37.194719    13.3596    5.71284      2.122    31.1324    23.3284 -9.990e-29
 167.451019      2.139  37.193189    13.3585    5.71616      2.121    31.1319    23.3282 -9.990e-29
 167.451024      2.140  37.192648    13.3604    5.71655      2.122    31.1298    23.3263 -9.990e-29
 167.451030      2.143  37.194626    13.3628    5.71740      2.125    31.1297    23.3257 -9.990e-29
 167.451036      2.144  37.196721    13.3646    5.72026      2.126    31.1302    23.3257 -9.990e-29
 167.451042      2.139  37.197808    13.3664    5.72279      2.121    31.1297    23.3250 -9.990e-29
 167.451047      2.131  37.198784    13.3674    5.71452      2.113    31.1298    23.3249 -9.990e-29
 167.451053      2.125  37.199277    13.3671    5.70579      2.107    31.1305    23.3255 -9.990e-29
 167.451059      2.121  37.198832    13.3663    5.70802      2.103    31.1307    23.3258 -9.990e-29
 167.451065      2.116  37.197984    13.3650    5.71053      2.098    31.1310    23.3263 -9.990e-29
 167.451071      2.113  37.197294    13.3634    5.71439      2.095    31.1317    23.3271 -9.990e-29
 167.451076      2.110  37.196413    13.3629    5.71584      2.092    31.1313    23.3269 -9.990e-29
 167.451082      2.106  37.195855    13.3647    5.71273      2.088    31.1293    23.3250 -9.990e-29
 167.451088      2.103  37.197129    13.3679    5.71902      2.085    31.1279    23.3233 -9.990e-29
 167.451094      2.099  37.199700    13.3702    5.72037      2.081    31.1284    23.3232 -9.990e-29
 167.451100      2.091  37.201393    13.3705    5.71369      2.074    31.1297    23.3242 -9.990e-29
 167.451105      2.081  37.201672    13.3699    5.70410      2.064    31.1305    23.3249 -9.990e-29
 167.451111      2.083  37.202040    13.3701    5.70926      2.066    31.1306    23.3250 -9.990e-29
 167.451117      2.091  37.202997    13.3716    5.71586      2.074    31.1303    23.3244 -9.990e-29
 167.451123      2.099  37.204143    13.3736    5.72149      2.081    31.1297    23.3236 -9.990e-29
 167.451128      2.106  37.205332    13.3752    5.71612      2.088    31.1295    23.3231 -9.990e-29
 167.451134      2.113  37.205913    13.3765    5.70248      2.095    31.1290    23.3225 -9.990e-29
 167.451140      2.120  37.206109    13.3775    5.70583      2.102    31.1284    23.3218 -9.990e-29
 167.451146      2.128  37.206752    13.3781    5.72093      2.110    31.1285    23.3217 -9.990e-29
 167.451152      2.137  37.207587    13.3775    5.72629      2.119    31.1297    23.3228 -9.990e-29
 167.451157      2.148  37.207491    13.3757    5.71666      2.130    31.1311    23.3243 -9.990e-29
 167.451163      2.161  37.205783    13.3753    5.70324      2.143    31.1298    23.3234 -9.990e-29
 167.451169      2.174  37.204681    13.3777    5.70058      2.156    31.1269    23.3206 -9.990e-29
 167.451175      2.182  37.206652    13.3806    5.71800      2.164    31.1263    23.3196 -9.990e-29
 167.451181      2.190  37.209844    13.3826    5.72233      2.172    31.1277    23.3202 -9.990e-29
 167.451186      2.200  37.212353    13.3841    5.71061      2.182    31.1288    23.3208 -9.990e-29
 167.451192      2.206  37.214169    13.3861    5.69675      2.188    31.1288    23.3204 -9.990e-29
 167.451198      2.211  37.215475    13.3885    5.69744      2.193    31.1281    23.3194 -9.990e-29
 167.451204      2.209  37.216901    13.3883    5.70888      2.191    31.1296    23.3206 -9.990e-29
 167.451209      2.200  37.216990    13.3847    5.72358      2.182    31.1326    23.3236 -9.990e-29
 167.451215      2.193  37.214187    13.3816    5.71424      2.175    31.1325    23.3242 -9.990e-29
 167.451221      2.187  37.210936    13.3806    5.69985      2.169    31.1303    23.3227 -9.990e-29
 167.451227      2.178  37.209639    13.3793    5.69360      2.160    31.1302    23.3228 -9.990e-29
 167.451233      2.169  37.208573    13.3756    5.69618      2.151    31.1322    23.3251 -9.990e-29
 167.451238      2.164  37.205204    13.3696    5.71488      2.146    31.1340    23.3277 -9.990e-29
 167.451244      2.162  37.200099    13.3643    5.72657      2.144    31.1335    23.3284 -9.990e-29
 167.451250      2.164  37.195993    13.3629    5.72307      2.146    31.1309    23.3266 -9.990e-29
 167.451256      2.165  37.195271    13.3650    5.71229      2.147    31.1285    23.3243 -9.990e-29
 167.451262      2.161  37.197538    13.3681    5.70337      2.143    31.1281    23.3234 -9.990e-29
 167.451267      2.156  37.200216    13.3710    5.70867      2.138    31.1282    23.3229 -9.990e-29
 167.451273      2.154  37.202397    13.3722    5.71430      2.136    31.1292    23.3235 -9.990e-29
 167.451279      2.155  37.203634    13.3702    5.71663      2.137    31.1320    23.3260 -9.990e-29
 167.451285      2.158  37.202780    13.3667    5.71448      2.140    31.1341    23.3283 -9.990e-29
 167.451291      2.161  37.200948    13.3651    5.70525      2.143    31.1337    23.3283 -9.990e-29
 167.451296      2.159  37.200192    13.3653    5.71108      2.141    31.1328    23.3276 -9.990e-29
 167.451302      2.160  37.200632    13.3659    5.71821      2.142    31.1327    23.3274 -9.990e-29
 167.451308      2.172  37.201183    13.3664    5.73251      2.154    31.1328    23.3274 -9.990e-29
 167.451314      2.189  37.201466    13.3668    5.73151      2.171    31.1328    23.3273 -9.990e-29
 167.451319      2.202  37.201867    13.3674    5.71886      2.184    31.1326    23.3271 -9.990e-29
 167.451325      2.213  37.202366    13.3685    5.70479      2.195    31.1322    23.3265 -9.990e-29
 167.451331      2.217  37.203076    13.3705    5.69868      2.198    31.1312    23.3254 -9.990e-29
 167.451337      2.215  37.204390    13.3726    5.70920      2.197    31.1307    23.3246 -9.990e-29
 167.451343      2.216  37.205828    13.3733    5.71978      2.197    31.1315    23.3250 -9.990e-29
 167.451348      2.224  37.205949    13.3731    5.71806      2.205    31.1318    23.3253 -9.990e-29
 167.451354      2.235  37.205487    13.3742    5.71620      2.216    31.1304    23.3240 -9.990e-29
 167.451360      2.246  37.206635    13.3764    5.71672      2.227    31.1297    23.3230 -9.990e-29
 167.451366      2.261  37.208690    13.3788    5.71286      2.242    31.1297    23.3225 -9.990e-29
 167.451372      2.281  37.210475    13.3812    5.70924      2.262    31.1294    23.3218 -9.990e-29
 167.451377      2.299  37.212125    13.3835    5.71982      2.280    31.1290    23.3211 -9.990e-29
 167.451383      2.313  37.213583    13.3856    5.71916      2.294    31.1286    23.3204 -9.990e-29
 167.451389      2.322  37.215084    13.3873    5.73003      2.303    31.1286    23.3201 -9.990e-29
 167.451395      2.328  37.216917    13.3884    5.72575      2.309    31.1294    23.3205 -9.990e-29
 167.451400      2.335  37.218138    13.3885    5.72726      2.315    31.1305    23.3213 -9.990e-29
 167.451406      2.348  37.218104    13.3882    5.73875      2.328    31.1307    23.3215 -9.990e-29
 167.451412      2.367  37.217869    13.3872    5.75032      2.347    31.1313    23.3221 -9.990e-29
 167.451418      2.399  37.217092    13.3831    5.74337      2.379    31.1339    23.3250 -9.990e-29
 167.451424      2.445  37.213029    13.3766    5.70853      2.425    31.1354    23.3274 -9.990e-29
 167.451429      2.499  37.207528    13.3707    5.67610      2.478    31.1351    23.3283 -9.990e-29
 167.451435      2.557  37.205567    13.3622    5.70067      2.536    31.1402    23.3339 -9.990e-29
 167.451441      2.617  37.206187    13.3367    5.75960      2.595    31.1616    23.3555 -9.990e-29
 167.451447      2.689  37.205700    13.2775    5.82858      2.667    31.2096    23.4042 -9.990e-29
 167.451453      2.776  37.204552    13.2113    5.85521      2.753    31.2628    23.4584 -9.990e-29
 167.451458      2.875  37.204552    13.1889    5.83009      2.851    31.2812    23.4770 -9.990e-29
 167.451464      2.984  37.203418    13.2047    5.80821      2.959    31.2671    23.4630 -9.990e-29
 167.451470      3.102  37.200155    13.2191    5.79432      3.076    31.2522    23.4486 -9.990e-29
 167.451476      3.231  37.198235    13.2031    5.80826      3.204    31.2635    23.4605 0.0000e+00
 167.451481      3.377  37.199003    13.1476    5.83733      3.349    31.3099    23.5072 0.0000e+00
 167.451487      3.538  37.197857    13.0776    5.85334      3.508    31.3665    23.5647 0.0000e+00
 167.451493      3.722  37.189313    13.0249    5.86001      3.691    31.4020    23.6024 0.0000e+00
 167.451499      3.932  37.176525    12.9939    5.86755      3.899    31.4156    23.6190 0.0000e+00
 167.451505      4.162  37.165399    12.9724    5.85304      4.127    31.4229    23.6288 0.0000e+00
 167.451510      4.417  37.155085    12.9529    5.84505      4.380    31.4293    23.6375 0.0000e+00
 167.451516      4.698  37.143581    12.9319    5.81134      4.659    31.4358    23.6466 0.0000e+00
 167.451522      5.002  37.130101    12.9072    5.77552      4.960    31.4435    23.6573 0.0000e+00
 167.451528      5.327  37.113467    12.8779    5.76160      5.282    31.4521    23.6696 0.0000e+00
 167.451534      5.677  37.092784    12.8447    5.75164      5.630    31.4600    23.6822 0.0000e+00
 167.451539      6.048  37.070174    12.8106    5.74495      5.997    31.4670    23.6941 0.0000e+00
 167.451545      6.434  37.049670    12.7790    5.72882      6.380    31.4738    23.7055 0.0000e+00
 167.451551      6.833  37.032504    12.7524    5.70601      6.776    31.4796    23.7151 0.0000e+00
 167.451557      7.241  37.018751    12.7308    5.68619      7.180    31.4844    23.7230 0.0000e+00
 167.451562      7.650  37.009110    12.7070    5.69314      7.586    31.4950    23.7357 0.0000e+00
 167.451568      8.060  37.000231    12.6749    5.71786      7.993    31.5132    23.7560 0.0000e+00
