data/oxygen options/ONMS/Olympic_Coast_National_Marine_Sanctuary_Hypoxia_Survey_CTD_Data_2004_2015/raw_data/2004/CTD_CE70_100404faed.cnv
* Sea-Bird SBE19 Data File:
* FileName = C:\WINDOWS\Desktop\put hypoxia files here\CTD data\October 04_05-04\raw\CE70_100404.hex
* Software Version 1.1.4
* Temperature SN = 2997
* Conductivity SN = 2997
* System UpLoad Time = Oct 04 2004 15:19:27
* SEACAT PROFILER V3.1c SN 2997   10/04/04  15:22:45.557
* strain gauge pressure sensor: S/N = 184829,  range = 3000 psia,  tc = 40
# nquan = 9                                 
# nvalues = 1267                        
# units = specified
# name 0 = timeJ: Julian Days
# name 1 = prSM: Pressure, Strain Gauge [db]
# name 2 = c0mS/cm: Conductivity [mS/cm]
# name 3 = t090C: Temperature [ITS-90, deg C]
# name 4 = oxML/L: Oxygen, Beckman/YSI [ml/l]
# name 5 = depSM: Depth [salt water, m], lat = 47.5
# name 6 = sal00: Salinity, Practical [PSU]
# name 7 = sigma-é00: Density [sigma-theta, kg/m^3]
# name 8 = flag: flag
# span 0 = 278.553773, 278.561100       
# span 1 =     -4.836,     71.746       
# span 2 =   0.525977,  38.833994       
# span 3 =     7.7037,    15.7746       
# span 4 =   -0.05431,   29.26538       
# span 5 =     -4.796,     71.135       
# span 6 =     0.3249,    33.6303       
# span 7 =    -0.5289,    26.2423       
# span 8 = 0.0000e+00, 0.0000e+00       
# interval = seconds: 0.5
# start_time = Oct 04 2004 13:17:26 [Instrument's time stamp, header]
# bad_flag = -9.990e-29
*END*
[from data line 961]
 278.559334     61.421  34.693848     7.7053    2.69120     60.899    33.6265    26.2389 -9.990e-29
 278.559340     61.427  34.693897     7.7055    2.69221     60.905    33.6264    26.2388 -9.990e-29
 278.559346     61.416  34.693915     7.7059    2.67389     60.894    33.6260    26.2385 -9.990e-29
 278.559352     61.393  34.693917     7.7063    2.67645     60.872    33.6256    26.2381 -9.990e-29
 278.559358     61.359  34.693896     7.7064    2.67362     60.838    33.6255    26.2380 -9.990e-29
 278.559363     61.313  34.693819     7.7061    2.67062     60.792    33.6258    26.2382 -9.990e-29
 278.559369     61.260  34.693573     7.7058    2.67654     60.740    33.6258    26.2383 -9.990e-29
 278.559375     61.210  34.693383     7.7057    2.67048     60.690    33.6257    26.2383 -9.990e-29
 278.559381     61.163  34.693548     7.7057    2.68261     60.644    33.6259    26.2384 -9.990e-29
 278.559387     61.122  34.693719     7.7057    2.67961     60.603    33.6261    26.2386 -9.990e-29
 278.559392     61.091  34.693557     7.7057    2.67978     60.572    33.6260    26.2384 -9.990e-29
 278.559398     61.074  34.693401     7.7058    2.68229     60.555    33.6257    26.2382 -9.990e-29
 278.559404     61.070  34.693599     7.7056    2.68041     60.551    33.6261    26.2386 -9.990e-29
 278.559410     61.077  34.693844     7.7052    2.67541     60.558    33.6268    26.2391 -9.990e-29
 278.559416     61.097  34.693896     7.7052    2.67356     60.578    33.6268    26.2392 -9.990e-29
 278.559421     61.131  34.693818     7.7053    2.66467     60.612    33.6266    26.2390 -9.990e-29
 278.559427     61.181  34.693500     7.7054    2.66526     60.661    33.6262    26.2386 -9.990e-29
 278.559433     61.241  34.693072     7.7055    2.66908     60.721    33.6256    26.2382 -9.990e-29
 278.559439     61.299  34.693075     7.7055    2.67096     60.778    33.6255    26.2381 -9.990e-29
 278.559444     61.349  34.693508     7.7053    2.66599     60.828    33.6262    26.2387 -9.990e-29
 278.559450     61.390  34.693818     7.7051    2.66392     60.869    33.6267    26.2391 -9.990e-29
 278.559456     61.420  34.693851     7.7053    2.66479     60.898    33.6265    26.2389 -9.990e-29
 278.559462     61.442  34.693644     7.7054    2.66597     60.920    33.6262    26.2387 -9.990e-29
 278.559468     61.452  34.693473     7.7052    2.66106     60.930    33.6262    26.2387 -9.990e-29
 278.559473     61.448  34.693665     7.7052    2.65904     60.926    33.6264    26.2389 -9.990e-29
 278.559479     61.428  34.693906     7.7053    2.65898     60.906    33.6266    26.2390 -9.990e-29
 278.559485     61.391  34.693953     7.7054    2.66100     60.870    33.6265    26.2389 -9.990e-29
 278.559491     61.340  34.693860     7.7056    2.67373     60.819    33.6263    26.2387 -9.990e-29
 278.559497     61.284  34.693496     7.7059    2.67570     60.764    33.6256    26.2381 -9.990e-29
 278.559502     61.232  34.692929     7.7059    2.68470     60.712    33.6250    26.2377 -9.990e-29
 278.559508     61.190  34.692520     7.7057    2.68465     60.670    33.6248    26.2375 -9.990e-29
 278.559514     61.154  34.692277     7.7056    2.68959     60.635    33.6247    26.2374 -9.990e-29
 278.559520     61.119  34.691868     7.7058    2.68066     60.600    33.6240    26.2369 -9.990e-29
 278.559525     61.090  34.691303     7.7062    2.67434     60.571    33.6231    26.2361 -9.990e-29
 278.559531     61.075  34.690944     7.7065    2.68192     60.556    33.6224    26.2355 -9.990e-29
 278.559537     61.072  34.690864     7.7065    2.68127     60.553    33.6223    26.2355 -9.990e-29
 278.559543     61.081  34.690951     7.7064    2.68596     60.562    33.6225    26.2356 -9.990e-29
 278.559549     61.103  34.691313     7.7062    2.68334     60.584    33.6231    26.2361 -9.990e-29
 278.559554     61.139  34.691865     7.7061    2.68015     60.620    33.6237    26.2366 -9.990e-29
 278.559560     61.187  34.692215     7.7063    2.67995     60.667    33.6239    26.2367 -9.990e-29
 278.559566     61.242  34.692261     7.7065    2.67111     60.722    33.6237    26.2366 -9.990e-29
 278.559572     61.303  34.692059     7.7066    2.66926     60.782    33.6234    26.2363 -9.990e-29
 278.559578     61.374  34.691891     7.7064    2.66980     60.853    33.6234    26.2363 -9.990e-29
 278.559583     61.454  34.692089     7.7060    2.67171     60.932    33.6239    26.2368 -9.990e-29
 278.559589     61.537  34.692349     7.7055    2.66704     61.014    33.6247    26.2374 -9.990e-29
 278.559595     61.618  34.692447     7.7051    2.65637     61.095    33.6251    26.2379 -9.990e-29
 278.559601     61.704  34.692508     7.7050    2.65468     61.180    33.6252    26.2380 -9.990e-29
 278.559606     61.794  34.692606     7.7052    2.65681     61.269    33.6251    26.2378 -9.990e-29
 278.559612     61.887  34.692865     7.7056    2.66281     61.361    33.6249    26.2377 -9.990e-29
 278.559618     61.984  34.693060     7.7057    2.66699     61.457    33.6250    26.2377 -9.990e-29
 278.559624     62.096  34.692885     7.7054    2.66780     61.568    33.6251    26.2378 -9.990e-29
 278.559630     62.233  34.692659     7.7055    2.66743     61.704    33.6247    26.2375 0.0000e+00
 278.559635     62.405  34.692637     7.7056    2.67652     61.875    33.6245    26.2373 0.0000e+00
 278.559641     62.623  34.692782     7.7053    2.66995     62.091    33.6248    26.2376 0.0000e+00
 278.559647     62.891  34.693278     7.7046    2.65047     62.357    33.6259    26.2386 0.0000e+00
 278.559653     63.206  34.694220     7.7042    2.63605     62.669    33.6271    26.2396 0.0000e+00
 278.559659     63.561  34.695174     7.7042    2.63233     63.021    33.6280    26.2403 0.0000e+00
 278.559664     63.949  34.695721     7.7041    2.63168     63.405    33.6285    26.2407 0.0000e+00
 278.559670     64.366  34.696022     7.7038    2.63069     63.819    33.6289    26.2411 0.0000e+00
 278.559676     64.811  34.696468     7.7037    2.62408     64.260    33.6293    26.2414 0.0000e+00
 278.559682     65.284  34.697086     7.7038    2.61522     64.729    33.6296    26.2416 0.0000e+00
 278.559688     65.779  34.697570     7.7039    2.61044     65.220    33.6298    26.2418 0.0000e+00
 278.559693     66.290  34.697995     7.7038    2.59688     65.726    33.6301    26.2420 0.0000e+00
 278.559699     66.806  34.698356     7.7037    2.61555     66.238    33.6303    26.2423 0.0000e+00
 278.559705     67.322  34.698565     7.7037    2.59994     66.749    33.6303    26.2422 0.0000e+00
 278.559711     67.832  34.698889     7.7038    2.60196     67.255    33.6303    26.2422 0.0000e+00
 278.559716     68.325  34.699190     7.7041    2.59701     67.744    33.6301    26.2420 0.0000e+00
 278.559722     68.790  34.699299     7.7046    2.59364     68.205    33.6295    26.2415 0.0000e+00
 278.559728     69.219  34.699352     7.7048    2.60516     68.630    33.6292    26.2412 0.0000e+00
 278.559734     69.607  34.699410     7.7048    2.59823     69.014    33.6291    26.2411 0.0000e+00
 278.559740     69.960  34.699542     7.7048    2.59944     69.364    33.6291    26.2411 0.0000e+00
 278.559745     70.281  34.699916     7.7046    2.60004     69.683    33.6295    26.2415 0.0000e+00
 278.559751     70.570  34.700461     7.7047    2.60190     69.969    33.6298    26.2418 0.0000e+00
 278.559757     70.819  34.700775     7.7050    2.59709     70.216    33.6298    26.2417 0.0000e+00
 278.559763     71.023  34.700706     7.7051    2.59521     70.418    33.6295    26.2415 0.0000e+00
 278.559769     71.187  34.700156     7.7052    2.58690     70.581    33.6287    26.2408 0.0000e+00
 278.559774     71.320  34.698382     7.7054    2.58679     70.713    33.6266    26.2391 -9.990e-29
 278.559780     71.427  34.693573     7.7056    2.58192     70.819    33.6212    26.2348 -9.990e-29
 278.559786     71.511  34.687718     7.7055    2.58192     70.902    33.6149    26.2299 -9.990e-29
 278.559792     71.576  34.687017     7.7053    2.58646     70.966    33.6143    26.2295 -9.990e-29
 278.559797     71.627  34.691649     7.7054    2.58777     71.017    33.6192    26.2333 -9.990e-29
 278.559803     71.667  34.696572     7.7055    2.60040     71.057    33.6244    26.2374 -9.990e-29
 278.559809     71.699  34.699376     7.7053    2.59351     71.088    33.6276    26.2399 -9.990e-29
 278.559815     71.725  34.700426     7.7050    2.59163     71.114    33.6290    26.2411 -9.990e-29
 278.559821     71.741  34.700557     7.7048    2.58977     71.130    33.6293    26.2413 -9.990e-29
 278.559826     71.746  34.700498     7.7050    2.58712     71.135    33.6290    26.2411 -9.990e-29
 278.559832     71.742  34.700723     7.7053    2.59168     71.131    33.6290    26.2410 -9.990e-29
 278.559838     71.735  34.700963     7.7055    2.60062     71.124    33.6291    26.2411 -9.990e-29
 278.559844     71.720  34.700971     7.7054    2.59302     71.109    33.6292    26.2412 -9.990e-29
 278.559850     71.691  34.700752     7.7053    2.58340     71.080    33.6290    26.2411 -9.990e-29
 278.559855     71.651  34.700566     7.7053    2.57897     71.041    33.6289    26.2409 -9.990e-29
 278.559861     71.610  34.700719     7.7053    2.57687     71.000    33.6291    26.2411 -9.990e-29
 278.559867     71.579  34.700848     7.7050    2.58332     70.969    33.6295    26.2415 -9.990e-29
 278.559873     71.559  34.700560     7.7049    2.57838     70.949    33.6293    26.2413 -9.990e-29
 278.559878     71.545  34.700024     7.7050    2.58458     70.936    33.6286    26.2408 -9.990e-29
 278.559884     71.533  34.699638     7.7051    2.58718     70.924    33.6281    26.2404 -9.990e-29
 278.559890     71.520  34.699443     7.7050    2.58844     70.911    33.6280    26.2403 -9.990e-29
 278.559896     71.503  34.699169     7.7049    2.59043     70.894    33.6278    26.2402 -9.990e-29
 278.559902     71.480  34.699004     7.7048    2.58701     70.871    33.6277    26.2401 -9.990e-29
 278.559907     71.454  34.699284     7.7046    2.57821     70.845    33.6283    26.2405 -9.990e-29
 278.559913     71.418  34.699813     7.7045    2.57621     70.810    33.6289    26.2411 -9.990e-29
 278.559919     71.372  34.700169     7.7045    2.57624     70.764    33.6293    26.2414 -9.990e-29
 278.559925     71.319  34.700261     7.7046    2.57019     70.712    33.6294    26.2414 -9.990e-29
 278.559931     71.266  34.700204     7.7049    2.57162     70.659    33.6290    26.2411 -9.990e-29
 278.559936     71.218  34.699915     7.7052    2.58047     70.611    33.6285    26.2406 -9.990e-29
 278.559942     71.176  34.699562     7.7053    2.57552     70.570    33.6280    26.2402 -9.990e-29
 278.559948     71.141  34.699228     7.7053    2.58635     70.535    33.6277    26.2400 -9.990e-29
 278.559954     71.120  34.699024     7.7053    2.57728     70.514    33.6275    26.2398 -9.990e-29
 278.559959     71.116  34.699232     7.7052    2.59116     70.510    33.6278    26.2401 -9.990e-29
 278.559965     71.129  34.699562     7.7052    2.58810     70.523    33.6281    26.2404 -9.990e-29
 278.559971     71.159  34.699886     7.7052    2.58413     70.553    33.6285    26.2406 -9.990e-29
 278.559977     71.204  34.700069     7.7048    2.57593     70.598    33.6290    26.2411 -9.990e-29
 278.559983     71.253  34.699786     7.7047    2.56865     70.646    33.6288    26.2410 -9.990e-29
 278.559988     71.299  34.699214     7.7052    2.57192     70.692    33.6277    26.2400 -9.990e-29
 278.559994     71.334  34.698702     7.7056    2.56525     70.726    33.6267    26.2392 -9.990e-29
 278.560000     71.352  34.698681     7.7058    2.57609     70.744    33.6265    26.2390 -9.990e-29
 278.560006     71.350  34.699117     7.7058    2.57811     70.742    33.6270    26.2394 -9.990e-29
 278.560012     71.337  34.699462     7.7058    2.57935     70.729    33.6273    26.2397 -9.990e-29
 278.560017     71.325  34.699608     7.7057    2.58134     70.718    33.6276    26.2399 -9.990e-29
 278.560023     71.317  34.699744     7.7056    2.57806     70.710    33.6279    26.2401 -9.990e-29
 278.560029     71.317  34.700045     7.7055    2.56983     70.710    33.6283    26.2404 -9.990e-29
 278.560035     71.329  34.700346     7.7056    2.56718     70.721    33.6285    26.2406 -9.990e-29
 278.560041     71.350  34.700479     7.7057    2.56728     70.742    33.6285    26.2406 -9.990e-29
 278.560046     71.376  34.700616     7.7057    2.56915     70.768    33.6287    26.2407 -9.990e-29
 278.560052     71.406  34.700560     7.7056    2.57300     70.798    33.6287    26.2407 -9.990e-29
 278.560058     71.427  34.700232     7.7054    2.57289     70.819    33.6285    26.2406 -9.990e-29
 278.560064     71.434  34.699940     7.7052    2.57360     70.826    33.6284    26.2406 -9.990e-29
 278.560069     71.431  34.699854     7.7049    2.57284     70.823    33.6286    26.2408 -9.990e-29
 278.560075     71.425  34.700046     7.7046    2.57292     70.817    33.6291    26.2412 -9.990e-29
 278.560081     71.422  34.700215     7.7047    2.56466     70.814    33.6292    26.2413 -9.990e-29
 278.560087     71.416  34.700025     7.7049    2.57144     70.808    33.6288    26.2409 -9.990e-29
 278.560093     71.402  34.699786     7.7049    2.56466     70.794    33.6285    26.2407 -9.990e-29
 278.560098     71.381  34.699739     7.7048    2.56466     70.773    33.6286    26.2408 -9.990e-29
 278.560104     71.351  34.699825     7.7049    2.56668     70.743    33.6286    26.2408 -9.990e-29
 278.560110     71.317  34.700157     7.7054    2.56474     70.710    33.6285    26.2406 -9.990e-29
 278.560116     71.291  34.700621     7.7059    2.57764     70.684    33.6285    26.2406 -9.990e-29
 278.560122     71.272  34.700716     7.7061    2.57967     70.665    33.6284    26.2405 -9.990e-29
 278.560127     71.254  34.700569     7.7058    2.57967     70.647    33.6286    26.2406 -9.990e-29
 278.560133     71.239  34.700547     7.7053    2.57770     70.632    33.6290    26.2411 -9.990e-29
 278.560139     71.232  34.700621     7.7051    2.57376     70.625    33.6293    26.2413 -9.990e-29
 278.560145     71.236  34.700890     7.7050    2.56490     70.629    33.6297    26.2416 -9.990e-29
 278.560150     71.255  34.701154     7.7052    2.56287     70.648    33.6298    26.2417 -9.990e-29
 278.560156     71.287  34.701204     7.7055    2.56287     70.680    33.6295    26.2414 -9.990e-29
 278.560162     71.326  34.701110     7.7057    2.57299     70.718    33.6292    26.2411 -9.990e-29
 278.560168     71.364  34.700746     7.7055    2.57953     70.756    33.6290    26.2410 -9.990e-29
 278.560174     71.395  34.700188     7.7052    2.58013     70.787    33.6287    26.2408 -9.990e-29
 278.560179     71.414  34.699815     7.7050    2.56044     70.806    33.6285    26.2406 -9.990e-29
 278.560185     71.417  34.699691     7.7050    2.56070     70.809    33.6283    26.2405 -9.990e-29
 278.560191     71.405  34.699651     7.7051    2.56245     70.797    33.6282    26.2404 -9.990e-29
 278.560197     71.376  34.699640     7.7053    2.56621     70.768    33.6280    26.2402 -9.990e-29
 278.560203     71.328  34.699647     7.7056    2.58019     70.720    33.6277    26.2400 -9.990e-29
 278.560208     71.259  34.699682     7.7058    2.56977     70.652    33.6276    26.2399 -9.990e-29
 278.560214     71.165  34.699791     7.7056    2.57645     70.559    33.6280    26.2402 -9.990e-29
 278.560220     71.043  34.700121     7.7053    2.57629     70.438    33.6287    26.2408 -9.990e-29
 278.560226     70.895  34.700554     7.7051    2.56599     70.291    33.6294    26.2414 0.0000e+00
 278.560231     70.715  34.700549     7.7049    2.56580     70.113    33.6297    26.2416 0.0000e+00
 278.560237     70.492  34.700098     7.7049    2.56160     69.892    33.6293    26.2413 0.0000e+00
 278.560243     70.220  34.699723     7.7052    2.56346     69.622    33.6287    26.2408 0.0000e+00
 278.560249     69.903  34.699485     7.7052    2.56716     69.308    33.6286    26.2407 0.0000e+00
