data/oxygen options/ONMS/Olympic_Coast_National_Marine_Sanctuary_Hypoxia_Survey_CTD_Data_2004_2015/raw_data/2004/CTD_CE100_090704faed.cnv
* Sea-Bird SBE19 Data File:
* FileName = C:\WINDOWS\Desktop\put hypoxia files here\CTD data\September 07_0804\CE\CE-100.hex
* Software Version 1.1.4
* Temperature SN = 2997
* Conductivity SN = 2997
* System UpLoad Time = Sep 07 2004 12:23:58
* SEACAT PROFILER V3.1c SN 2997   09/07/04  12:26:36.535
* strain gauge pressure sensor: S/N = 184829,  range = 3000 psia,  tc = 40
# nquan = 9                                 
# nvalues = 937                         
# units = specified
# name 0 = timeJ: Julian Days
# name 1 = prSM: Pressure, Strain Gauge [db]
# name 2 = c0mS/cm: Conductivity [mS/cm]
# name 3 = t090C: Temperature [ITS-90, deg C]
# name 4 = oxML/L: Oxygen, Beckman/YSI [ml/l]
# name 5 = depSM: Depth [salt water, m], lat = 47.5
# name 6 = sal00: Salinity, Practical [PSU]
# name 7 = sigma-é00: Density [sigma-theta, kg/m^3]
# name 8 = flag: flag
# span 0 = 251.511748, 251.517164       
# span 1 =     -5.704,    102.236       
# span 2 =   0.033153,  40.679862       
# span 3 =     7.4106,    17.2400       
# span 4 =  -11.12954,   26.43060       
# span 5 =     -5.656,    101.358       
# span 6 =     0.0231,    33.8718       
# span 7 =    -1.2466,    26.4743       
# span 8 = 0.0000e+00, 0.0000e+00       
# interval = seconds: 0.5
# start_time = Sep 07 2004 12:16:55 [Instrument's time stamp, header]
# bad_flag = -9.990e-29
*END*
[from data line 641]
 251.515457     99.964  34.672715     7.4112    2.09264     99.106    33.8708    26.4735 0.0000e+00
 251.515463    100.348  34.672727     7.4113    2.10198     99.486    33.8706    26.4732 0.0000e+00
 251.515469    100.706  34.672740     7.4112    2.09575     99.841    33.8705    26.4732 0.0000e+00
 251.515475    101.024  34.672761     7.4112    2.10281    100.156    33.8704    26.4731 0.0000e+00
 251.515480    101.294  34.672809     7.4114    2.11208    100.424    33.8701    26.4729 0.0000e+00
 251.515486    101.515  34.672940     7.4123    2.11227    100.643    33.8693    26.4721 0.0000e+00
 251.515492    101.692  34.673323     7.4135    2.11456    100.818    33.8684    26.4713 0.0000e+00
 251.515498    101.834  34.673902     7.4147    2.11751    100.959    33.8678    26.4706 -9.990e-29
 251.515503    101.948  34.674319     7.4157    2.11555    101.072    33.8672    26.4700 -9.990e-29
 251.515509    102.039  34.674005     7.4162    2.11539    101.162    33.8664    26.4693 -9.990e-29
 251.515515    102.106  34.673096     7.4165    2.11406    101.229    33.8651    26.4682 -9.990e-29
 251.515521    102.155  34.672055     7.4164    2.11015    101.277    33.8640    26.4674 -9.990e-29
 251.515527    102.189  34.668928     7.4162    2.11019    101.311    33.8608    26.4649 -9.990e-29
 251.515532    102.209  34.662903     7.4158    2.10182    101.331    33.8546    26.4601 -9.990e-29
 251.515538    102.222  34.657711     7.4150    2.10014    101.344    33.8498    26.4564 -9.990e-29
 251.515544    102.232  34.655952     7.4141    2.10018    101.354    33.8487    26.4557 -9.990e-29
 251.515550    102.236  34.658075     7.4137    2.10258    101.358    33.8514    26.4579 -9.990e-29
 251.515556    102.230  34.662983     7.4137    2.08993    101.352    33.8567    26.4621 -9.990e-29
 251.515561    102.213  34.666563     7.4139    2.04383    101.335    33.8604    26.4649 -9.990e-29
 251.515567    102.189  34.667417     7.4140    2.03416    101.311    33.8613    26.4656 -9.990e-29
 251.515573    102.160  34.666678     7.4142    2.03764    101.282    33.8603    26.4648 -9.990e-29
 251.515579    102.120  34.663917     7.4144    2.04715    101.243    33.8571    26.4623 -9.990e-29
 251.515584    102.067  34.659369     7.4148    2.06539    101.190    33.8518    26.4580 -9.990e-29
 251.515590    102.002  34.655370     7.4151    2.07410    101.126    33.8472    26.4544 -9.990e-29
 251.515596    101.916  34.654429     7.4150    2.06040    101.040    33.8463    26.4537 -9.990e-29
 251.515602    101.799  34.656406     7.4149    2.06925    100.924    33.8486    26.4555 -9.990e-29
 251.515608    101.645  34.659446     7.4150    2.06064    100.772    33.8519    26.4581 0.0000e+00
 251.515613    101.447  34.662554     7.4149    2.04962    100.576    33.8555    26.4609 0.0000e+00
 251.515619    101.205  34.665945     7.4143    2.06254    100.336    33.8599    26.4644 0.0000e+00
 251.515625    100.931  34.669089     7.4133    2.06234    100.064    33.8644    26.4681 0.0000e+00
 251.515631    100.641  34.670571     7.4125    2.06818     99.777    33.8669    26.4702 0.0000e+00
 251.515637    100.338  34.670679     7.4123    2.07055     99.476    33.8674    26.4706 0.0000e+00
 251.515642    100.010  34.670676     7.4128    2.07539     99.151    33.8671    26.4703 0.0000e+00
 251.515648     99.656  34.671111     7.4133    2.07700     98.800    33.8672    26.4703 0.0000e+00
 251.515654     99.281  34.671438     7.4133    2.08571     98.429    33.8677    26.4707 0.0000e+00
 251.515660     98.897  34.670969     7.4129    2.08502     98.048    33.8678    26.4708 0.0000e+00
 251.515666     98.513  34.670196     7.4127    2.07245     97.667    33.8674    26.4705 0.0000e+00
 251.515671     98.135  34.669767     7.4126    2.06810     97.293    33.8672    26.4703 0.0000e+00
 251.515677     97.756  34.669665     7.4126    2.06398     96.917    33.8672    26.4704 0.0000e+00
 251.515683     97.364  34.669750     7.4126    2.07391     96.529    33.8675    26.4706 0.0000e+00
 251.515689     96.961  34.669570     7.4126    2.07970     96.129    33.8675    26.4706 0.0000e+00
 251.515694     96.551  34.668879     7.4130    2.07974     95.723    33.8666    26.4698 0.0000e+00
 251.515700     96.134  34.668435     7.4142    2.07795     95.309    33.8651    26.4685 0.0000e+00
 251.515706     95.716  34.668761     7.4162    2.07358     94.895    33.8637    26.4671 0.0000e+00
 251.515712     95.316  34.669730     7.4189    2.07291     94.499    33.8623    26.4656 0.0000e+00
 251.515718     94.936  34.670947     7.4222    2.07208     94.122    33.8606    26.4638 0.0000e+00
 251.515723     94.566  34.672352     7.4273    2.06244     93.755    33.8573    26.4605 0.0000e+00
 251.515729     94.195  34.674690     7.4343    2.07737     93.388    33.8532    26.4563 0.0000e+00
 251.515735     93.817  34.678273     7.4420    2.08060     93.013    33.8498    26.4525 0.0000e+00
 251.515741     93.429  34.682270     7.4495    2.07345     92.628    33.8470    26.4492 0.0000e+00
 251.515747     93.037  34.685841     7.4564    2.07095     92.240    33.8443    26.4461 0.0000e+00
 251.515752     92.645  34.688699     7.4629    2.06204     91.851    33.8412    26.4428 0.0000e+00
 251.515758     92.250  34.690730     7.4706    2.05485     91.460    33.8361    26.4377 0.0000e+00
 251.515764     91.845  34.692396     7.4812    2.05686     91.058    33.8278    26.4296 0.0000e+00
 251.515770     91.423  34.694230     7.4957    2.05660     90.640    33.8159    26.4181 0.0000e+00
 251.515775     90.995  34.695313     7.5123    2.06685     90.216    33.8011    26.4041 0.0000e+00
 251.515781     90.569  34.694844     7.5264    2.06413     89.793    33.7870    26.3911 0.0000e+00
 251.515787     90.150  34.693878     7.5360    2.05262     89.378    33.7769    26.3817 0.0000e+00
 251.515793     89.737  34.693369     7.5445    2.02125     88.969    33.7682    26.3737 0.0000e+00
 251.515799     89.324  34.693197     7.5541    1.99544     88.559    33.7589    26.3650 0.0000e+00
 251.515804     88.907  34.693129     7.5620    1.98802     88.146    33.7514    26.3580 0.0000e+00
 251.515810     88.489  34.693070     7.5664    1.97809     87.732    33.7472    26.3541 0.0000e+00
 251.515816     88.074  34.692941     7.5684    1.98938     87.320    33.7454    26.3523 0.0000e+00
 251.515822     87.657  34.692568     7.5698    1.99029     86.907    33.7438    26.3509 0.0000e+00
 251.515828     87.233  34.692008     7.5712    1.98714     86.487    33.7420    26.3493 0.0000e+00
 251.515833     86.800  34.691631     7.5721    1.98409     86.057    33.7410    26.3483 0.0000e+00
 251.515839     86.356  34.691491     7.5725    1.97457     85.617    33.7406    26.3480 0.0000e+00
 251.515845     85.904  34.691397     7.5724    1.97842     85.169    33.7408    26.3482 0.0000e+00
 251.515851     85.453  34.691219     7.5722    1.97451     84.722    33.7411    26.3484 0.0000e+00
 251.515856     85.018  34.690717     7.5721    1.97035     84.291    33.7408    26.3482 0.0000e+00
 251.515862     84.605  34.689780     7.5722    1.96295     83.882    33.7399    26.3475 0.0000e+00
 251.515868     84.204  34.688835     7.5722    1.96258     83.484    33.7391    26.3468 0.0000e+00
 251.515874     83.804  34.688300     7.5722    1.95107     83.088    33.7387    26.3465 0.0000e+00
 251.515880     83.400  34.688018     7.5725    1.95269     82.687    33.7383    26.3461 0.0000e+00
 251.515885     82.992  34.687608     7.5728    1.94681     82.283    33.7378    26.3456 0.0000e+00
 251.515891     82.580  34.687078     7.5730    1.96611     81.874    33.7372    26.3452 0.0000e+00
 251.515897     82.163  34.686838     7.5730    1.95996     81.461    33.7371    26.3451 0.0000e+00
 251.515903     81.742  34.686565     7.5726    1.94899     81.044    33.7374    26.3454 0.0000e+00
 251.515909     81.314  34.685330     7.5718    1.93778     80.619    33.7371    26.3452 0.0000e+00
 251.515914     80.883  34.683165     7.5708    1.94090     80.192    33.7359    26.3445 0.0000e+00
 251.515920     80.455  34.680539     7.5703    1.94341     79.768    33.7338    26.3428 0.0000e+00
 251.515926     80.034  34.677872     7.5715    1.93915     79.351    33.7299    26.3396 0.0000e+00
 251.515932     79.613  34.676087     7.5746    1.94781     78.933    33.7252    26.3355 0.0000e+00
 251.515938     79.183  34.676163     7.5786    1.94777     78.507    33.7216    26.3321 0.0000e+00
 251.515943     78.743  34.678383     7.5822    1.97173     78.071    33.7207    26.3308 0.0000e+00
 251.515949     78.303  34.681785     7.5848    1.98624     77.635    33.7221    26.3315 0.0000e+00
 251.515955     77.873  34.684930     7.5874    2.01158     77.209    33.7232    26.3320 0.0000e+00
 251.515961     77.458  34.686970     7.5905    2.04026     76.797    33.7225    26.3311 0.0000e+00
 251.515966     77.050  34.688011     7.5927    2.05444     76.393    33.7217    26.3301 0.0000e+00
 251.515972     76.647  34.687205     7.5921    2.05742     75.993    33.7216    26.3301 0.0000e+00
 251.515978     76.251  34.683480     7.5892    2.05038     75.601    33.7206    26.3297 0.0000e+00
 251.515984     75.869  34.678600     7.5862    2.04541     75.222    33.7184    26.3285 0.0000e+00
 251.515990     75.493  34.674472     7.5841    2.03736     74.849    33.7162    26.3270 0.0000e+00
 251.515995     75.107  34.671760     7.5825    2.02242     74.467    33.7150    26.3263 0.0000e+00
 251.516001     74.701  34.669652     7.5785    1.98739     74.064    33.7168    26.3282 0.0000e+00
 251.516007     74.265  34.663658     7.5703    1.95131     73.632    33.7185    26.3307 0.0000e+00
 251.516013     73.796  34.651395     7.5612    1.93806     73.167    33.7143    26.3287 0.0000e+00
 251.516019     73.310  34.638375     7.5553    1.91973     72.685    33.7062    26.3232 0.0000e+00
 251.516024     72.821  34.630220     7.5524    1.90523     72.200    33.7004    26.3190 0.0000e+00
 251.516030     72.336  34.626149     7.5509    1.88642     71.720    33.6977    26.3171 0.0000e+00
 251.516036     71.856  34.623539     7.5499    1.86299     71.244    33.6961    26.3160 0.0000e+00
 251.516042     71.376  34.621158     7.5489    1.84726     70.768    33.6947    26.3150 0.0000e+00
 251.516047     70.898  34.618075     7.5479    1.84135     70.294    33.6926    26.3135 0.0000e+00
 251.516053     70.440  34.614670     7.5472    1.83770     69.840    33.6898    26.3114 0.0000e+00
 251.516059     70.016  34.612570     7.5468    1.82565     69.420    33.6881    26.3101 0.0000e+00
 251.516065     69.620  34.611784     7.5467    1.82709     69.027    33.6875    26.3097 0.0000e+00
 251.516071     69.235  34.611269     7.5475    1.82764     68.646    33.6864    26.3087 0.0000e+00
 251.516076     68.846  34.610899     7.5498    1.83991     68.260    33.6839    26.3064 0.0000e+00
 251.516082     68.436  34.611305     7.5547    1.87989     67.854    33.6798    26.3025 0.0000e+00
 251.516088     68.001  34.614152     7.5631    1.91873     67.422    33.6750    26.2975 0.0000e+00
 251.516094     67.552  34.620437     7.5728    1.96393     66.977    33.6726    26.2942 0.0000e+00
 251.516100     67.099  34.627336     7.5789    2.00998     66.528    33.6743    26.2947 0.0000e+00
 251.516105     66.651  34.628921     7.5791    2.03829     66.084    33.6761    26.2960 0.0000e+00
 251.516111     66.218  34.622830     7.5758    2.05301     65.655    33.6729    26.2940 0.0000e+00
 251.516117     65.795  34.613838     7.5722    2.05999     65.235    33.6669    26.2898 0.0000e+00
 251.516123     65.367  34.606773     7.5696    2.06467     64.811    33.6620    26.2863 0.0000e+00
 251.516128     64.933  34.602306     7.5681    2.05698     64.381    33.6588    26.2840 0.0000e+00
 251.516134     64.496  34.598968     7.5675    2.05034     63.948    33.6560    26.2819 0.0000e+00
 251.516140     64.052  34.595115     7.5677    2.04379     63.508    33.6518    26.2786 0.0000e+00
 251.516146     63.600  34.590655     7.5685    2.04853     63.059    33.6465    26.2742 0.0000e+00
 251.516152     63.137  34.586372     7.5688    2.03707     62.600    33.6418    26.2705 0.0000e+00
 251.516157     62.668  34.582165     7.5679    2.02860     62.136    33.6383    26.2679 0.0000e+00
 251.516163     62.200  34.576913     7.5668    2.02936     61.672    33.6339    26.2646 0.0000e+00
 251.516169     61.735  34.570902     7.5665    2.05130     61.211    33.6279    26.2599 0.0000e+00
 251.516175     61.269  34.565650     7.5679    2.07034     60.749    33.6211    26.2544 0.0000e+00
 251.516181     60.802  34.561444     7.5709    2.07911     60.286    33.6139    26.2482 0.0000e+00
 251.516186     60.338  34.558286     7.5743    2.07939     59.826    33.6074    26.2427 0.0000e+00
 251.516192     59.874  34.556453     7.5783    2.09396     59.366    33.6018    26.2377 0.0000e+00
 251.516198     59.398  34.556308     7.5852    2.12001     58.894    33.5952    26.2315 0.0000e+00
 251.516204     58.904  34.559902     7.5950    2.13817     58.404    33.5898    26.2259 0.0000e+00
 251.516209     58.401  34.566988     7.6033    2.15773     57.905    33.5897    26.2246 0.0000e+00
 251.516215     57.894  34.572449     7.6077    2.17279     57.403    33.5916    26.2254 0.0000e+00
 251.516221     57.386  34.574043     7.6096    2.18872     56.899    33.5917    26.2252 0.0000e+00
 251.516227     56.883  34.573903     7.6104    2.20716     56.400    33.5910    26.2246 0.0000e+00
 251.516233     56.392  34.573529     7.6109    2.21245     55.914    33.5904    26.2240 0.0000e+00
 251.516238     55.911  34.572987     7.6115    2.21681     55.437    33.5895    26.2232 0.0000e+00
 251.516244     55.439  34.572118     7.6119    2.23785     54.969    33.5884    26.2222 0.0000e+00
 251.516250     54.981  34.571449     7.6121    2.24803     54.515    33.5877    26.2217 0.0000e+00
 251.516256     54.539  34.571213     7.6122    2.25781     54.077    33.5875    26.2215 0.0000e+00
 251.516262     54.100  34.571102     7.6124    2.26378     53.641    33.5874    26.2214 0.0000e+00
 251.516267     53.650  34.570970     7.6127    2.26529     53.195    33.5872    26.2212 0.0000e+00
 251.516273     53.185  34.570644     7.6135    2.27590     52.734    33.5863    26.2204 0.0000e+00
 251.516279     52.716  34.570253     7.6144    2.29383     52.269    33.5852    26.2194 0.0000e+00
 251.516285     52.255  34.569840     7.6149    2.31353     51.812    33.5845    26.2188 0.0000e+00
 251.516291     51.807  34.569422     7.6151    2.32418     51.368    33.5841    26.2184 0.0000e+00
 251.516296     51.365  34.569004     7.6153    2.32166     50.930    33.5837    26.2180 0.0000e+00
 251.516302     50.917  34.568034     7.6153    2.31469     50.486    33.5828    26.2174 0.0000e+00
 251.516308     50.458  34.565782     7.6149    2.31748     50.031    33.5810    26.2160 0.0000e+00
 251.516314     49.987  34.561491     7.6142    2.31959     49.564    33.5773    26.2131 0.0000e+00
 251.516319     49.509  34.554488     7.6135    2.34842     49.090    33.5706    26.2080 0.0000e+00
 251.516325     49.028  34.544968     7.6138    2.38277     48.613    33.5603    26.1998 0.0000e+00
 251.516331     48.543  34.534815     7.6175    2.42486     48.132    33.5460    26.1881 0.0000e+00
 251.516337     48.050  34.527308     7.6266    2.47521     47.643    33.5294    26.1737 0.0000e+00
 251.516343     47.551  34.525332     7.6399    2.53438     47.149    33.5146    26.1602 0.0000e+00
 251.516348     47.057  34.527380     7.6541    2.58717     46.659    33.5034    26.1493 0.0000e+00
 251.516354     46.576  34.529463     7.6674    2.61465     46.182    33.4931    26.1393 0.0000e+00
 251.516360     46.106  34.530442     7.6824    2.59359     45.716    33.4799    26.1268 0.0000e+00
 251.516366     45.644  34.531069     7.7024    2.55864     45.258    33.4616    26.1095 0.0000e+00
 251.516372     45.187  34.532185     7.7243    2.52160     44.805    33.4420    26.0910 0.0000e+00
