data/oxygen options/ONMS/Olympic_Coast_National_Marine_Sanctuary_Hypoxia_Survey_CTD_Data_2004_2015/raw_data/2004/CTD_TH70_072704faed.cnv
* Sea-Bird SBE19 Data File:
* FileName = C:\WINDOWS\Desktop\put hypoxia files here\CTD files\July 26_27-04\TH\TH7_072704.hex
* Software Version 1.1.4
* Temperature SN = 2997
* Conductivity SN = 2997
* System UpLoad Time = Jul 27 2004 12:00:57
* SEACAT PROFILER V3.1c SN 2997   07/27/04  12:00:39.418
* strain gauge pressure sensor: S/N = 184829,  range = 3000 psia,  tc = 40
# nquan = 9                                 
# nvalues = 746                         
# units = specified
# name 0 = timeJ: Julian Days
# name 1 = prSM: Pressure, Strain Gauge [db]
# name 2 = c0mS/cm: Conductivity [mS/cm]
# name 3 = t090C: Temperature [ITS-90, deg C]
# name 4 = oxML/L: Oxygen, Beckman/YSI [ml/l]
# name 5 = depSM: Depth [salt water, m], lat = 47.5
# name 6 = sal00: Salinity, Practical [PSU]
# name 7 = sigma-é00: Density [sigma-theta, kg/m^3]
# name 8 = flag: flag
# span 0 = 209.416505, 209.420816       
# span 1 =     -5.175,     70.564       
# span 2 =   1.004914,  40.043873       
# span 3 =     7.1722,    15.1876       
# span 4 =   -0.05439,   29.87260       
# span 5 =     -5.132,     69.963       
# span 6 =     0.6425,    33.7503       
# span 7 =    -0.2270,    26.4116       
# span 8 = 0.0000e+00, 0.0000e+00       
# interval = seconds: 0.5
# start_time = Jul 27 2004 09:59:46 [Instrument's time stamp, header]
# bad_flag = -9.990e-29
*END*
 209.416505     -5.173 -9.990e-29    13.7984   -0.05406     -5.130 -9.990e-29 -9.990e-29 -9.990e-29
 209.416510     -5.174   1.004914    13.7988   -0.05415     -5.131     0.6425    -0.2270 -9.990e-29
 209.416516     -5.174   1.215615    13.7993   -0.05412     -5.131     0.7839    -0.1175 -9.990e-29
 209.416522     -5.175   1.629473    13.7996   -0.05419     -5.132     1.0657     0.1009 -9.990e-29
 209.416528     -5.172   2.127308    13.7997   -0.05439     -5.129     1.4108     0.3680 -9.990e-29
 209.416534     -5.161   2.473413    13.8002   -0.05403     -5.118     1.6540     0.5560 -9.990e-29
 209.416539     -5.144   2.635157    13.8014   -0.05378     -5.101     1.7684     0.6443 -9.990e-29
 209.416545     -5.126   2.643694    13.8030   -0.04536     -5.083     1.7744     0.6487 -9.990e-29
 209.416551     -5.105   2.525018    13.8050   -0.04388     -5.062     1.6902     0.5834 -9.990e-29
 209.416557     -5.080   2.502742    13.8077   -0.04359     -5.038     1.6744     0.5707 -9.990e-29
 209.416563     -5.053   2.816670    13.8129   -0.04355     -5.011     1.8969     0.7420 -9.990e-29
 209.416568     -5.028   3.269533    13.8228   -0.04354     -4.986     2.2208     0.9909 -9.990e-29
 209.416574     -4.997   3.495257    13.8375   -0.04354     -4.955     2.3829     1.1140 -9.990e-29
 209.416580     -4.960   3.530819    13.8575   -0.04354     -4.919     2.4074     1.1300 -9.990e-29
 209.416586     -4.923   3.628218    13.8932   -0.04355     -4.882     2.4757     1.1776 -9.990e-29
 209.416591     -4.882   4.460354    13.9771   -0.04356     -4.841     3.0768     1.6292 -9.990e-29
 209.416597     -4.832   7.403491    14.2076   -0.04357     -4.792     5.2565     3.2729 -9.990e-29
 209.416603     -4.773  15.411702    14.5855   -0.04356     -4.733    11.4799     7.9881 -9.990e-29
 209.416609     -4.706  27.163153    14.9067   -0.04356     -4.667    21.1366    15.3320 -9.990e-29
 209.416615     -4.627  35.388257    15.0651   -0.04356     -4.588    28.1885    20.7141 -9.990e-29
 209.416620     -4.538  38.423809    15.1252   -0.04355     -4.500    30.8395    22.7400 -9.990e-29
 209.416626     -4.448  39.435978    15.1459   -0.04354     -4.411    31.7285    23.4197 -9.990e-29
 209.416632     -4.355  39.777622    15.1534   -0.04357     -4.319    32.0288    23.6492 -9.990e-29
 209.416638     -4.258  39.892404    15.1558   -0.04360     -4.223    32.1298    23.7265 -9.990e-29
 209.416644     -4.158  39.923183    15.1555   -0.04369     -4.123    32.1577    23.7480 -9.990e-29
 209.416649     -4.057  39.918209    15.1550   -0.04367     -4.023    32.1536    23.7450 -9.990e-29
 209.416655     -3.959  39.902186    15.1555   -0.04359     -3.926    32.1387    23.7334 -9.990e-29
 209.416661     -3.866  39.891819    15.1568   -0.04357     -3.834    32.1283    23.7251 -9.990e-29
 209.416667     -3.775  39.891157    15.1589   -0.04358     -3.744    32.1260    23.7229 -9.990e-29
 209.416672     -3.685  39.896427    15.1608   -0.04358     -3.654    32.1291    23.7249 -9.990e-29
 209.416678     -3.599  39.902790    15.1595   -0.04355     -3.569    32.1359    23.7304 -9.990e-29
 209.416684     -3.516  39.904060    15.1475   -0.04355     -3.487    32.1468    23.7414 -9.990e-29
 209.416690     -3.436  39.886698    15.1179   -0.04358     -3.407    32.1555    23.7545 -9.990e-29
 209.416696     -3.360  39.854403    15.0868   -0.04358     -3.332    32.1520    23.7585 -9.990e-29
 209.416701     -3.289  39.832482    15.0852   -0.04356     -3.262    32.1336    23.7446 -9.990e-29
 209.416707     -3.223  39.834818    15.1120   -0.04357     -3.196    32.1136    23.7235 -9.990e-29
 209.416713     -3.162  39.858260    15.1389   -0.04358     -3.136    32.1126    23.7169 -9.990e-29
 209.416719     -3.101  39.875630    15.1528   -0.04362     -3.075    32.1168    23.7171 -9.990e-29
 209.416725     -3.042  39.865691    15.1581   -0.04363     -3.017    32.1035    23.7058 -9.990e-29
 209.416730     -2.985  39.850460    15.1607   -0.04358     -2.960    32.0877    23.6930 -9.990e-29
 209.416736     -2.925  39.859484    15.1624   -0.04357     -2.901    32.0943    23.6978 -9.990e-29
 209.416742     -2.865  39.881146    15.1625   -0.04360     -2.841    32.1137    23.7127 -9.990e-29
 209.416748     -2.807  39.879159    15.1605   -0.04365     -2.784    32.1135    23.7130 -9.990e-29
 209.416753     -2.754  39.858647    15.1575   -0.04365     -2.731    32.0975    23.7013 -9.990e-29
 209.416759     -2.701  39.859506    15.1534   -0.04357     -2.678    32.1017    23.7054 -9.990e-29
 209.416765     -2.646  39.876064    15.1431   -0.04354     -2.624    32.1250    23.7255 -9.990e-29
 209.416771     -2.589  39.873646    15.1256   -0.04355     -2.567    32.1371    23.7387 -9.990e-29
 209.416777     -2.535  39.861290    15.1166   -0.04359     -2.514    32.1334    23.7378 -9.990e-29
 209.416782     -2.484  39.868446    15.1245   -0.04361     -2.463    32.1333    23.7360 -9.990e-29
 209.416788     -2.438  39.894465    15.1317   -0.04357     -2.418    32.1508    23.7479 -9.990e-29
 209.416794     -2.399  39.907745    15.1219   -0.04356     -2.379    32.1707    23.7654 -9.990e-29
 209.416800     -2.363  39.891126    15.1034   -0.04356     -2.343    32.1710    23.7696 -9.990e-29
 209.416806     -2.329  39.869500    15.1022   -0.04360     -2.310    32.1525    23.7556 -9.990e-29
 209.416811     -2.298  39.873986    15.1237   -0.04363     -2.279    32.1389    23.7405 -9.990e-29
 209.416817     -2.274  39.905985    15.1449   -0.04358     -2.255    32.1502    23.7446 -9.990e-29
 209.416823     -2.240  39.938502    15.1498   -0.04356     -2.221    32.1754    23.7629 -9.990e-29
 209.416829     -2.188  39.944119    15.1404   -0.04357     -2.170    32.1881    23.7748 -9.990e-29
 209.416834     -2.130  39.925199    15.1329   -0.04358     -2.112    32.1773    23.7680 -9.990e-29
 209.416840     -2.081  39.911419    15.1397   -0.04359     -2.064    32.1593    23.7527 -9.990e-29
 209.416846     -2.040  39.921352    15.1503   -0.04359     -2.023    32.1595    23.7506 -9.990e-29
 209.416852     -2.006  39.935611    15.1496   -0.04358     -1.989    32.1729    23.7610 -9.990e-29
 209.416858     -1.977  39.929362    15.1364   -0.04360     -1.961    32.1781    23.7679 -9.990e-29
 209.416863     -1.950  39.909343    15.1269   -0.04362     -1.934    32.1679    23.7621 -9.990e-29
 209.416869     -1.924  39.897595    15.1346   -0.04361     -1.908    32.1510    23.7475 -9.990e-29
 209.416875     -1.897  39.904176    15.1490   -0.04359     -1.881    32.1451    23.7398 -9.990e-29
 209.416881     -1.868  39.913086    15.1555   -0.04361     -1.852    32.1477    23.7404 -9.990e-29
 209.416887     -1.834  39.905265    15.1521   -0.04362     -1.819    32.1435    23.7379 -9.990e-29
 209.416892     -1.798  39.889845    15.1460   -0.04359     -1.783    32.1346    23.7324 -9.990e-29
 209.416898     -1.767  39.883215    15.1442   -0.04359     -1.752    32.1301    23.7293 -9.990e-29
 209.416904     -1.741  39.883183    15.1428   -0.04360     -1.726    32.1313    23.7305 -9.990e-29
 209.416910     -1.721  39.879522    15.1347   -0.04365     -1.707    32.1346    23.7348 -9.990e-29
 209.416916     -1.704  39.872319    15.1259   -0.04365     -1.690    32.1354    23.7373 -9.990e-29
 209.416921     -1.689  39.868158    15.1263   -0.04361     -1.675    32.1313    23.7341 -9.990e-29
 209.416927     -1.676  39.867580    15.1296   -0.04360     -1.662    32.1280    23.7309 -9.990e-29
 209.416933     -1.663  39.866921    15.1257   -0.04360     -1.649    32.1307    23.7337 -9.990e-29
 209.416939     -1.651  39.866903    15.1222   -0.04360     -1.637    32.1335    23.7367 -9.990e-29
 209.416944     -1.637  39.873596    15.1273   -0.04361     -1.623    32.1353    23.7370 -9.990e-29
 209.416950     -1.622  39.886861    15.1305   -0.04361     -1.608    32.1446    23.7434 -9.990e-29
 209.416956     -1.603  39.891755    15.1192   15.72235     -1.590    32.1583    23.7564 -9.990e-29
 209.416962     -1.581  39.882937    15.1014   28.00298     -1.568    32.1650    23.7654 -9.990e-29
 209.416968     -1.553  39.875504    15.0988   29.87260     -1.540    32.1604    23.7624 -9.990e-29
 209.416973     -1.523  39.875171    15.1131   26.43761     -1.510    32.1484    23.7501 -9.990e-29
 209.416979     -1.496  39.874670    15.1281   17.51288     -1.484    32.1356    23.7370 -9.990e-29
 209.416985     -1.476  39.870445    15.1351   13.59969     -1.464    32.1260    23.7281 -9.990e-29
 209.416991     -1.461  39.865200    15.1353   13.60642     -1.449    32.1212    23.7243 -9.990e-29
 209.416997     -1.449  39.862522    15.1337   13.56505     -1.437    32.1201    23.7238 -9.990e-29
 209.417002     -1.441  39.864369    15.1365   13.55877     -1.429    32.1194    23.7227 -9.990e-29
 209.417008     -1.432  39.875928    15.1460   12.96177     -1.420    32.1220    23.7227 -9.990e-29
 209.417014     -1.417  39.912528    15.1583    9.24300     -1.405    32.1448    23.7375 -9.990e-29
 209.417020     -1.398  39.967334    15.1669    6.62281     -1.386    32.1869    23.7681 -9.990e-29
 209.417025     -1.380  40.004479    15.1707    5.22648     -1.368    32.2171    23.7906 -9.990e-29
 209.417031     -1.360  40.017295    15.1722    5.18485     -1.349    32.2274    23.7981 -9.990e-29
 209.417037     -1.339  40.021668    15.1732    6.36451     -1.328    32.2305    23.8003 -9.990e-29
 209.417043     -1.314  40.023906    15.1742    6.79098     -1.303    32.2316    23.8010 -9.990e-29
 209.417049     -1.283  40.025790    15.1755    6.97725     -1.272    32.2323    23.8012 -9.990e-29
 209.417054     -1.250  40.027501    15.1765    7.10364     -1.240    32.2330    23.8015 -9.990e-29
 209.417060     -1.220  40.028432    15.1766    7.17167     -1.210    32.2337    23.8021 -9.990e-29
 209.417066     -1.196  40.028057    15.1755    7.22808     -1.186    32.2343    23.8027 -9.990e-29
 209.417072     -1.177  40.026916    15.1732    7.26329     -1.167    32.2351    23.8039 -9.990e-29
 209.417078     -1.160  40.025087    15.1703    7.28804     -1.150    32.2359    23.8051 -9.990e-29
 209.417083     -1.146  40.022854    15.1683    7.30831     -1.136    32.2355    23.8052 -9.990e-29
 209.417089     -1.133  40.021645    15.1679    7.31790     -1.124    32.2347    23.8047 -9.990e-29
 209.417095     -1.120  40.022008    15.1684    7.32291     -1.111    32.2346    23.8046 -9.990e-29
 209.417101     -1.107  40.023220    15.1690    7.32354     -1.098    32.2352    23.8049 -9.990e-29
 209.417106     -1.093  40.024568    15.1697    7.31802     -1.084    32.2359    23.8052 -9.990e-29
 209.417112     -1.076  40.026083    15.1710    7.31527     -1.067    32.2361    23.8052 -9.990e-29
 209.417118     -1.056  40.028021    15.1731    7.30792     -1.047    32.2361    23.8047 -9.990e-29
 209.417124     -1.036  40.030075    15.1756    7.29452     -1.027    32.2359    23.8040 -9.990e-29
 209.417130     -1.019  40.032097    15.1782    7.28015     -1.010    32.2356    23.8032 -9.990e-29
 209.417135     -0.999  40.033892    15.1801    7.25846     -0.991    32.2356    23.8028 -9.990e-29
 209.417141     -0.975  40.034964    15.1812    7.24573     -0.967    32.2357    23.8026 -9.990e-29
 209.417147     -0.954  40.035539    15.1814    7.23361     -0.946    32.2360    23.8028 -9.990e-29
 209.417153     -0.940  40.035737    15.1805    7.22025     -0.932    32.2369    23.8037 -9.990e-29
 209.417159     -0.927  40.035178    15.1779    7.20861     -0.919    32.2386    23.8055 -9.990e-29
 209.417164     -0.909  40.033035    15.1742    7.18906     -0.901    32.2397    23.8072 -9.990e-29
 209.417170     -0.890  40.029733    15.1710    7.17922     -0.883    32.2393    23.8076 -9.990e-29
 209.417176     -0.874  40.026959    15.1679    7.16909     -0.867    32.2394    23.8083 -9.990e-29
 209.417182     -0.858  40.024296    15.1652    7.17136     -0.851    32.2392    23.8088 -9.990e-29
 209.417188     -0.843  40.022037    15.1637    7.16946     -0.836    32.2384    23.8085 -9.990e-29
 209.417193     -0.827  40.021575    15.1638    7.14996     -0.820    32.2379    23.8081 -9.990e-29
 209.417199     -0.809  40.022773    15.1656    7.13851     -0.802    32.2375    23.8074 -9.990e-29
 209.417205     -0.788  40.024899    15.1681    7.12452     -0.781    32.2374    23.8067 -9.990e-29
 209.417211     -0.762  40.027338    15.1699    7.13055     -0.756    32.2381    23.8069 -9.990e-29
 209.417216     -0.734  40.029893    15.1701    7.13348     -0.728    32.2402    23.8085 -9.990e-29
 209.417222     -0.708  40.031398    15.1692    7.13136     -0.702    32.2423    23.8103 -9.990e-29
 209.417228     -0.680  40.030797    15.1683    7.12592     -0.674    32.2424    23.8106 -9.990e-29
 209.417234     -0.658  40.028931    15.1680    7.12703     -0.653    32.2410    23.8096 -9.990e-29
 209.417240     -0.650  40.027037    15.1681    7.13362     -0.645    32.2392    23.8082 -9.990e-29
 209.417245     -0.650  40.025951    15.1683    7.12937     -0.645    32.2381    23.8073 -9.990e-29
 209.417251     -0.653  40.025729    15.1683    7.11423     -0.648    32.2379    23.8071 -9.990e-29
 209.417257     -0.657  40.026090    15.1685    7.10439     -0.652    32.2380    23.8072 -9.990e-29
 209.417263     -0.652  40.026970    15.1687    7.10977     -0.647    32.2387    23.8076 -9.990e-29
 209.417269     -0.638  40.027313    15.1677    7.12594     -0.633    32.2398    23.8087 -9.990e-29
 209.417274     -0.623  40.025907    15.1661    7.12852     -0.618    32.2398    23.8091 -9.990e-29
 209.417280     -0.610  40.024260    15.1653    7.11705     -0.605    32.2390    23.8086 -9.990e-29
 209.417286     -0.599  40.024119    15.1648    7.10514     -0.594    32.2393    23.8090 -9.990e-29
 209.417292     -0.589  40.024188    15.1644    7.10145     -0.584    32.2397    23.8093 -9.990e-29
 209.417297     -0.578  40.024013    15.1646    7.10075     -0.573    32.2394    23.8090 -9.990e-29
 209.417303     -0.567  40.024497    15.1651    7.10591     -0.562    32.2394    23.8089 -9.990e-29
 209.417309     -0.555  40.025179    15.1657    7.10640     -0.550    32.2395    23.8089 -9.990e-29
 209.417315     -0.540  40.025858    15.1668    7.10763     -0.535    32.2392    23.8084 -9.990e-29
 209.417321     -0.523  40.026894    15.1683    7.09858     -0.519    32.2389    23.8079 -9.990e-29
 209.417326     -0.505  40.028002    15.1690    7.09608     -0.501    32.2393    23.8080 -9.990e-29
 209.417332     -0.491  40.028426    15.1685    7.08994     -0.487    32.2401    23.8088 -9.990e-29
 209.417338     -0.475  40.027627    15.1672    7.09283     -0.471    32.2404    23.8093 -9.990e-29
 209.417344     -0.456  40.026236    15.1656    7.10774     -0.452    32.2405    23.8097 -9.990e-29
 209.417350     -0.442  40.024660    15.1647    7.10529     -0.438    32.2398    23.8094 -9.990e-29
 209.417355     -0.431  40.023616    15.1651    7.09409     -0.427    32.2385    23.8083 -9.990e-29
 209.417361     -0.419  40.023971    15.1663    7.08851     -0.416    32.2379    23.8075 -9.990e-29
 209.417367     -0.405  40.025091    15.1674    7.07967     -0.402    32.2380    23.8074 -9.990e-29
 209.417373     -0.387  40.026240    15.1677    7.08762     -0.384    32.2387    23.8079 -9.990e-29
 209.417378     -0.370  40.026720    15.1676    7.09385     -0.367    32.2392    23.8083 -9.990e-29
 209.417384     -0.356  40.027187    15.1681    7.10129     -0.353    32.2392    23.8082 -9.990e-29
 209.417390     -0.344  40.028278    15.1691    7.10805     -0.341    32.2394    23.8081 -9.990e-29
 209.417396     -0.334  40.029217    15.1710    7.10243     -0.331    32.2387    23.8071 -9.990e-29
 209.417402     -0.321  40.030150    15.1739    7.08829     -0.318    32.2371    23.8053 -9.990e-29
 209.417407     -0.299  40.032334    15.1770    7.07709     -0.297    32.2365    23.8042 -9.990e-29
 209.417413     -0.276  40.035331    15.1784    7.07440     -0.274    32.2381    23.8051 -9.990e-29
 209.417419     -0.259  40.036418    15.1778    7.07875     -0.257    32.2395    23.8063 -9.990e-29
 209.417425     -0.247  40.035376    15.1773    7.08512     -0.245    32.2390    23.8060 -9.990e-29
