data/oxygen options/ONMS/Olympic_Coast_National_Marine_Sanctuary_Hypoxia_Survey_CTD_Data_2004_2015/raw_data/2004/CTD_TH90_082404faed.cnv
* Sea-Bird SBE19 Data File:
* FileName = C:\WINDOWS\Desktop\put hypoxia files here\CTD data\August 24_25-04\TH\TH90_082404.hex
* Software Version 1.1.4
* Temperature SN = 2997
* Conductivity SN = 2997
* System UpLoad Time = Aug 24 2004 16:07:12
* SEACAT PROFILER V3.1c SN 2997   08/24/04  16:08:35.031
* strain gauge pressure sensor: S/N = 184829,  range = 3000 psia,  tc = 40
# nquan = 9                                 
# nvalues = 760                         
# units = specified
# name 0 = timeJ: Julian Days
# name 1 = prSM: Pressure, Strain Gauge [db]
# name 2 = c0mS/cm: Conductivity [mS/cm]
# name 3 = t090C: Temperature [ITS-90, deg C]
# name 4 = oxML/L: Oxygen, Beckman/YSI [ml/l]
# name 5 = depSM: Depth [salt water, m], lat = 47.5
# name 6 = sal00: Salinity, Practical [PSU]
# name 7 = sigma-é00: Density [sigma-theta, kg/m^3]
# name 8 = flag: flag
# span 0 = 237.576030, 237.580422       
# span 1 =     -4.901,     90.679       
# span 2 =   0.603638,  39.776395       
# span 3 =     7.3827,    15.1735       
# span 4 =   -0.05261,   29.86707       
# span 5 =     -4.860,     89.902       
# span 6 =     0.3663,    33.7367       
# span 7 =    -0.6300,    26.3704       
# span 8 = 0.0000e+00, 0.0000e+00       
# interval = seconds: 0.5
# start_time = Aug 24 2004 13:49:29 [Instrument's time stamp, header]
# bad_flag = -9.990e-29
*END*
[from data line 161]
 237.576962     -0.609  39.741254    15.0002    8.04879     -0.604    32.1203    23.7528 -9.990e-29
 237.576968     -0.603  39.741573    15.0001    8.03712     -0.598    32.1207    23.7531 -9.990e-29
 237.576973     -0.598  39.742358    14.9976    8.03526     -0.593    32.1234    23.7558 -9.990e-29
 237.576979     -0.593  39.741300    14.9909    8.05092     -0.588    32.1280    23.7607 -9.990e-29
 237.576985     -0.589  39.736436    14.9833    8.06764     -0.584    32.1299    23.7638 -9.990e-29
 237.576991     -0.584  39.730268    14.9813    8.06434     -0.579    32.1259    23.7612 -9.990e-29
 237.576997     -0.580  39.728607    14.9856    8.04718     -0.575    32.1209    23.7564 -9.990e-29
 237.577002     -0.574  39.732611    14.9912    8.04925     -0.569    32.1199    23.7544 -9.990e-29
 237.577008     -0.568  39.737531    14.9930    8.05934     -0.563    32.1229    23.7563 -9.990e-29
 237.577014     -0.557  39.738720    14.9909    8.06939     -0.552    32.1257    23.7589 -9.990e-29
 237.577020     -0.535  39.736651    14.9884    8.08268     -0.531    32.1258    23.7596 -9.990e-29
 237.577025     -0.509  39.734746    14.9877    8.07074     -0.505    32.1247    23.7588 -9.990e-29
 237.577031     -0.492  39.734403    14.9882    8.06429     -0.488    32.1240    23.7582 -9.990e-29
 237.577037     -0.485  39.734051    14.9886    8.05074     -0.481    32.1233    23.7576 -9.990e-29
 237.577043     -0.485  39.732668    14.9880    8.04001     -0.481    32.1226    23.7571 -9.990e-29
 237.577049     -0.483  39.731229    14.9853    8.03868     -0.479    32.1235    23.7584 -9.990e-29
 237.577054     -0.474  39.729509    14.9805    8.04727     -0.470    32.1259    23.7613 -9.990e-29
 237.577060     -0.458  39.726907    14.9763    8.07073     -0.454    32.1270    23.7631 -9.990e-29
 237.577066     -0.437  39.724452    14.9753    8.06887     -0.433    32.1256    23.7622 -9.990e-29
 237.577072     -0.425  39.723929    14.9773    8.05664     -0.421    32.1235    23.7601 -9.990e-29
 237.577078     -0.427  39.725770    14.9798    8.03936     -0.423    32.1231    23.7593 -9.990e-29
 237.577083     -0.441  39.727953    14.9807    8.02605     -0.437    32.1243    23.7600 -9.990e-29
 237.577089     -0.455  39.728349    14.9785    8.03142     -0.451    32.1265    23.7622 -9.990e-29
 237.577095     -0.455  39.725814    14.9740    8.04124     -0.451    32.1279    23.7642 -9.990e-29
 237.577101     -0.443  39.721468    14.9709    8.05501     -0.439    32.1265    23.7639 -9.990e-29
 237.577106     -0.430  39.719064    14.9704    8.04872     -0.426    32.1248    23.7626 -9.990e-29
 237.577112     -0.429  39.719334    14.9712    8.04205     -0.425    32.1243    23.7621 -9.990e-29
 237.577118     -0.434  39.719278    14.9724    8.02522     -0.430    32.1233    23.7611 -9.990e-29
 237.577124     -0.434  39.717150    14.9732    8.01891     -0.430    32.1207    23.7589 -9.990e-29
 237.577130     -0.420  39.715735    14.9732    8.02938     -0.416    32.1194    23.7579 -9.990e-29
 237.577135     -0.387  39.717083    14.9728    8.03865     -0.384    32.1210    23.7592 -9.990e-29
 237.577141     -0.345  39.718516    14.9721    8.04596     -0.342    32.1228    23.7608 -9.990e-29
 237.577147     -0.314  39.719146    14.9712    8.03564     -0.311    32.1241    23.7620 -9.990e-29
 237.577153     -0.299  39.719263    14.9708    8.02322     -0.297    32.1246    23.7624 -9.990e-29
 237.577159     -0.296  39.719032    14.9718    8.02371     -0.294    32.1235    23.7614 -9.990e-29
 237.577164     -0.297  39.719278    14.9744    8.02800     -0.295    32.1216    23.7593 -9.990e-29
 237.577170     -0.291  39.719778    14.9769    8.03932     -0.289    32.1200    23.7576 -9.990e-29
 237.577176     -0.275  39.720647    14.9777    8.01916     -0.273    32.1201    23.7575 -9.990e-29
 237.577182     -0.252  39.721935    14.9782    8.01539     -0.250    32.1209    23.7579 -9.990e-29
 237.577188     -0.230  39.722564    14.9793    8.01795     -0.228    32.1205    23.7574 -9.990e-29
 237.577193     -0.214  39.722822    14.9803    8.02432     -0.212    32.1199    23.7568 -9.990e-29
 237.577199     -0.205  39.724183    14.9809    8.02471     -0.203    32.1206    23.7572 -9.990e-29
 237.577205     -0.197  39.725668    14.9811    8.00778     -0.195    32.1218    23.7581 -9.990e-29
 237.577211     -0.195  39.725901    14.9814    8.01359     -0.193    32.1218    23.7580 -9.990e-29
 237.577216     -0.202  39.725202    14.9821    8.01788     -0.200    32.1206    23.7569 -9.990e-29
 237.577222     -0.209  39.725455    14.9831    8.02990     -0.207    32.1200    23.7562 -9.990e-29
 237.577228     -0.206  39.727571    14.9845    8.03286     -0.204    32.1207    23.7565 -9.990e-29
 237.577234     -0.191  39.729332    14.9855    8.02787     -0.189    32.1215    23.7569 -9.990e-29
 237.577240     -0.169  39.729731    14.9859    8.03859     -0.168    32.1215    23.7568 -9.990e-29
 237.577245     -0.141  39.728747    14.9861    8.04828     -0.140    32.1205    23.7559 -9.990e-29
 237.577251     -0.114  39.727886    14.9863    8.03922     -0.113    32.1195    23.7552 -9.990e-29
 237.577257     -0.092  39.729374    14.9865    8.02207     -0.091    32.1207    23.7560 -9.990e-29
 237.577263     -0.077  39.731279    14.9869    8.01215     -0.076    32.1221    23.7570 -9.990e-29
 237.577269     -0.073  39.732223    14.9875    8.01440     -0.072    32.1224    23.7571 -9.990e-29
 237.577274     -0.074  39.732914    14.9887    8.03264     -0.073    32.1220    23.7566 -9.990e-29
 237.577280     -0.077  39.733722    14.9903    8.03422     -0.076    32.1215    23.7558 -9.990e-29
 237.577286     -0.081  39.735173    14.9912    8.02517     -0.080    32.1220    23.7561 -9.990e-29
 237.577292     -0.088  39.735848    14.9912    8.01795     -0.087    32.1226    23.7565 -9.990e-29
 237.577297     -0.097  39.734972    14.9911    8.00200     -0.096    32.1219    23.7560 -9.990e-29
 237.577303     -0.106  39.734756    14.9910    8.01974     -0.105    32.1218    23.7559 -9.990e-29
 237.577309     -0.109  39.735481    14.9908    8.02863     -0.108    32.1226    23.7566 -9.990e-29
 237.577315     -0.107  39.735881    14.9913    8.03546     -0.106    32.1226    23.7565 -9.990e-29
 237.577321     -0.105  39.736500    14.9934    8.03598     -0.104    32.1214    23.7551 -9.990e-29
 237.577326     -0.111  39.738173    14.9961    8.01267     -0.110    32.1207    23.7540 -9.990e-29
 237.577332     -0.121  39.740335    14.9988    8.01334     -0.120    32.1204    23.7532 -9.990e-29
 237.577338     -0.119  39.741954    15.0017    8.01781     -0.118    32.1195    23.7519 -9.990e-29
 237.577344     -0.095  39.743516    15.0047    8.01668     -0.094    32.1184    23.7504 -9.990e-29
 237.577350     -0.057  39.745993    15.0065    8.02612     -0.057    32.1192    23.7506 -9.990e-29
 237.577355     -0.020  39.748210    15.0065    8.01382     -0.020    32.1212    23.7521 -9.990e-29
 237.577361      0.006  39.748083    15.0051    8.00381      0.006    32.1222    23.7532 -9.990e-29
 237.577367      0.019  39.746575    15.0038    8.00198      0.019    32.1219    23.7533 -9.990e-29
 237.577373      0.023  39.745611    15.0032    7.99815      0.023    32.1215    23.7531 -9.990e-29
 237.577378      0.032  39.745039    15.0031    8.00759      0.032    32.1211    23.7528 -9.990e-29
 237.577384      0.050  39.744669    15.0032    8.01144      0.050    32.1207    23.7524 -9.990e-29
 237.577390      0.066  39.744580    15.0035    8.00848      0.065    32.1203    23.7521 -9.990e-29
 237.577396      0.072  39.744660    15.0038    8.00690      0.071    32.1202    23.7519 -9.990e-29
 237.577402      0.072  39.745026    15.0040    7.99880      0.071    32.1203    23.7520 -9.990e-29
 237.577407      0.076  39.745054    15.0040    7.98599      0.075    32.1203    23.7520 -9.990e-29
 237.577413      0.088  39.743672    15.0038    7.99063      0.087    32.1193    23.7512 -9.990e-29
 237.577419      0.105  39.742414    15.0034    7.99527      0.104    32.1185    23.7507 -9.990e-29
 237.577425      0.122  39.742979    15.0032    8.00590      0.121    32.1191    23.7513 -9.990e-29
 237.577431      0.142  39.743884    15.0033    8.00962      0.141    32.1198    23.7518 -9.990e-29
 237.577436      0.161  39.744104    15.0038    7.99526      0.160    32.1196    23.7515 -9.990e-29
 237.577442      0.176  39.743943    15.0044    7.98740      0.175    32.1190    23.7509 -9.990e-29
 237.577448      0.188  39.743380    15.0047    7.98173      0.186    32.1182    23.7502 -9.990e-29
 237.577454      0.194  39.742226    15.0045    7.99760      0.192    32.1173    23.7496 -9.990e-29
 237.577459      0.189  39.739675    15.0041    7.99488      0.187    32.1154    23.7482 -9.990e-29
 237.577465      0.183  39.737912    15.0039    7.98709      0.181    32.1140    23.7471 -9.990e-29
 237.577471      0.183  39.739232    15.0039    7.98921      0.181    32.1151    23.7480 -9.990e-29
 237.577477      0.184  39.740319    15.0037    7.98188      0.182    32.1163    23.7490 -9.990e-29
 237.577483      0.183  39.740914    15.0029    7.99864      0.181    32.1175    23.7501 -9.990e-29
 237.577488      0.180  39.742904    15.0019    7.99698      0.178    32.1201    23.7523 -9.990e-29
 237.577494      0.178  39.744429    15.0016    7.98854      0.177    32.1217    23.7536 -9.990e-29
 237.577500      0.183  39.744691    15.0021    7.98737      0.181    32.1215    23.7534 -9.990e-29
 237.577506      0.189  39.744012    15.0026    8.00116      0.187    32.1205    23.7525 -9.990e-29
 237.577512      0.193  39.743704    15.0030    8.01494      0.191    32.1199    23.7519 -9.990e-29
 237.577517      0.195  39.745012    15.0033    8.01468      0.193    32.1208    23.7526 -9.990e-29
 237.577523      0.196  39.746289    15.0034    8.00138      0.194    32.1219    23.7534 -9.990e-29
 237.577529      0.195  39.746404    15.0035    7.99114      0.193    32.1219    23.7534 -9.990e-29
 237.577535      0.192  39.746046    15.0036    7.98971      0.190    32.1215    23.7530 -9.990e-29
 237.577541      0.192  39.745833    15.0034    8.00555      0.190    32.1215    23.7530 -9.990e-29
 237.577546      0.198  39.746016    15.0030    8.01477      0.196    32.1220    23.7535 -9.990e-29
 237.577552      0.207  39.746251    15.0028    8.01037      0.205    32.1224    23.7538 -9.990e-29
 237.577558      0.215  39.746265    15.0029    7.99645      0.213    32.1223    23.7538 -9.990e-29
 237.577564      0.223  39.746048    15.0033    7.98753      0.221    32.1218    23.7533 -9.990e-29
 237.577569      0.231  39.745844    15.0038    7.99584      0.229    32.1212    23.7527 -9.990e-29
 237.577575      0.240  39.745916    15.0042    8.00970      0.238    32.1209    23.7524 -9.990e-29
 237.577581      0.250  39.746334    15.0043    8.00464      0.248    32.1212    23.7526 -9.990e-29
 237.577587      0.257  39.747070    15.0041    7.99370      0.255    32.1220    23.7533 -9.990e-29
 237.577593      0.259  39.747395    15.0041    7.99169      0.257    32.1223    23.7535 -9.990e-29
 237.577598      0.258  39.747154    15.0041    7.99854      0.256    32.1221    23.7533 -9.990e-29
 237.577604      0.260  39.747122    15.0038    8.00017      0.258    32.1223    23.7536 -9.990e-29
 237.577610      0.264  39.747227    15.0034    7.99451      0.262    32.1227    23.7540 -9.990e-29
 237.577616      0.271  39.747022    15.0034    7.99358      0.269    32.1225    23.7538 -9.990e-29
 237.577622      0.277  39.746770    15.0035    8.00545      0.275    32.1222    23.7536 -9.990e-29
 237.577627      0.278  39.746667    15.0034    8.01128      0.276    32.1222    23.7536 -9.990e-29
 237.577633      0.278  39.746550    15.0029    8.01231      0.276    32.1225    23.7539 -9.990e-29
 237.577639      0.282  39.746237    15.0026    7.99498      0.280    32.1225    23.7540 -9.990e-29
 237.577645      0.290  39.745846    15.0029    7.98678      0.288    32.1219    23.7535 -9.990e-29
 237.577650      0.298  39.745949    15.0036    7.99275      0.296    32.1214    23.7529 -9.990e-29
 237.577656      0.302  39.746659    15.0043    8.00894      0.299    32.1215    23.7528 -9.990e-29
 237.577662      0.307  39.747210    15.0046    8.02385      0.304    32.1217    23.7530 -9.990e-29
 237.577668      0.318  39.747191    15.0049    8.01622      0.315    32.1214    23.7527 -9.990e-29
 237.577674      0.331  39.747110    15.0056    7.99964      0.328    32.1208    23.7520 -9.990e-29
 237.577679      0.337  39.747394    15.0066    7.99648      0.334    32.1202    23.7514 -9.990e-29
 237.577685      0.338  39.748394    15.0080    8.00643      0.335    32.1200    23.7509 -9.990e-29
 237.577691      0.343  39.750297    15.0096    8.01352      0.340    32.1204    23.7508 -9.990e-29
 237.577697      0.350  39.752245    15.0106    8.00731      0.347    32.1213    23.7513 -9.990e-29
 237.577703      0.353  39.752882    15.0101    7.99193      0.350    32.1223    23.7522 -9.990e-29
 237.577708      0.352  39.751909    15.0084    7.99127      0.349    32.1228    23.7530 -9.990e-29
 237.577714      0.354  39.750247    15.0063    8.00131      0.351    32.1230    23.7536 -9.990e-29
 237.577720      0.361  39.748460    15.0046    8.02062      0.358    32.1228    23.7538 -9.990e-29
 237.577726      0.368  39.746943    15.0039    8.01842      0.365    32.1220    23.7533 -9.990e-29
 237.577731      0.376  39.746452    15.0039    8.00514      0.373    32.1216    23.7530 -9.990e-29
 237.577737      0.381  39.746866    15.0046    7.99486      0.378    32.1214    23.7527 -9.990e-29
 237.577743      0.378  39.747586    15.0060    8.00138      0.375    32.1209    23.7520 -9.990e-29
 237.577749      0.373  39.747862    15.0070    8.00805      0.370    32.1203    23.7514 -9.990e-29
 237.577755      0.374  39.747477    15.0073    8.00617      0.371    32.1197    23.7508 -9.990e-29
 237.577760      0.380  39.747573    15.0073    8.00033      0.377    32.1198    23.7509 -9.990e-29
 237.577766      0.383  39.748254    15.0074    7.99740      0.380    32.1203    23.7513 -9.990e-29
 237.577772      0.379  39.748717    15.0078    8.00174      0.376    32.1204    23.7513 -9.990e-29
 237.577778      0.372  39.748991    15.0086    8.00540      0.369    32.1200    23.7508 -9.990e-29
 237.577784      0.371  39.749415    15.0092    8.00557      0.368    32.1199    23.7506 -9.990e-29
 237.577789      0.379  39.749966    15.0094    8.00221      0.376    32.1202    23.7508 -9.990e-29
 237.577795      0.392  39.750232    15.0091    8.00015      0.389    32.1207    23.7512 -9.990e-29
 237.577801      0.404  39.749980    15.0081    8.01233      0.401    32.1213    23.7519 -9.990e-29
 237.577807      0.410  39.749407    15.0059    8.00466      0.407    32.1226    23.7533 -9.990e-29
 237.577812      0.416  39.748283    15.0023    7.99573      0.413    32.1245    23.7556 -9.990e-29
 237.577818      0.425  39.745646    14.9987    7.98667      0.421    32.1251    23.7568 -9.990e-29
 237.577824      0.434  39.742439    14.9973    7.99287      0.430    32.1234    23.7558 -9.990e-29
 237.577830      0.440  39.741093    14.9986    8.00189      0.436    32.1211    23.7538 -9.990e-29
 237.577836      0.442  39.742030    15.0015    8.00161      0.438    32.1195    23.7520 -9.990e-29
 237.577841      0.441  39.744226    15.0044    7.99436      0.437    32.1191    23.7510 -9.990e-29
 237.577847      0.437  39.746656    15.0058    7.98769      0.433    32.1202    23.7515 -9.990e-29
 237.577853      0.430  39.748045    15.0058    7.99403      0.426    32.1214    23.7525 -9.990e-29
 237.577859      0.423  39.747976    15.0058    7.99401      0.419    32.1214    23.7524 -9.990e-29
 237.577865      0.425  39.748015    15.0059    7.99132      0.421    32.1213    23.7524 -9.990e-29
 237.577870      0.439  39.748747    15.0054    7.98853      0.435    32.1224    23.7533 -9.990e-29
 237.577876      0.463  39.748880    15.0051    7.99304      0.459    32.1227    23.7536 -9.990e-29
