data/oxygen options/ONMS/Olympic_Coast_National_Marine_Sanctuary_Hypoxia_Survey_CTD_Data_2004_2015/raw_data/2004/CTD_TH90_072704faed.cnv
* Sea-Bird SBE19 Data File:
* FileName = C:\WINDOWS\Desktop\put hypoxia files here\CTD files\July 26_27-04\TH\TH9_072704.hex
* Software Version 1.1.4
* Temperature SN = 2997
* Conductivity SN = 2997
* System UpLoad Time = Jul 27 2004 12:04:34
* SEACAT PROFILER V3.1c SN 2997   07/27/04  12:04:15.059
* strain gauge pressure sensor: S/N = 184829,  range = 3000 psia,  tc = 40
# nquan = 9                                 
# nvalues = 832                         
# units = specified
# name 0 = timeJ: Julian Days
# name 1 = prSM: Pressure, Strain Gauge [db]
# name 2 = c0mS/cm: Conductivity [mS/cm]
# name 3 = t090C: Temperature [ITS-90, deg C]
# name 4 = oxML/L: Oxygen, Beckman/YSI [ml/l]
# name 5 = depSM: Depth [salt water, m], lat = 47.5
# name 6 = sal00: Salinity, Practical [PSU]
# name 7 = sigma-é00: Density [sigma-theta, kg/m^3]
# name 8 = flag: flag
# span 0 = 209.451389, 209.456198       
# span 1 =     -5.678,     91.387       
# span 2 =   0.326455,  39.501096       
# span 3 =     7.1257,    14.5877       
# span 4 =   -0.05419,   30.45769       
# span 5 =     -5.631,     90.604       
# span 6 =     0.1987,    33.8087       
# span 7 =    -0.6378,    26.4642       
# span 8 = 0.0000e+00, 0.0000e+00       
# interval = seconds: 0.5
# start_time = Jul 27 2004 10:50:00 [Instrument's time stamp, header]
# bad_flag = -9.990e-29
*END*
[from data line 321]
 209.453247      0.513  39.461641    14.5427    6.90631      0.509    32.2448    23.9460 -9.990e-29
 209.453252      0.520  39.458672    14.5409    6.90743      0.516    32.2436    23.9454 -9.990e-29
 209.453258      0.528  39.457112    14.5424    6.90439      0.524    32.2410    23.9431 -9.990e-29
 209.453264      0.535  39.458815    14.5464    6.90243      0.531    32.2392    23.9409 -9.990e-29
 209.453270      0.536  39.463253    14.5501    6.89813      0.532    32.2402    23.9408 -9.990e-29
 209.453275      0.536  39.467373    14.5516    6.90077      0.532    32.2427    23.9424 -9.990e-29
 209.453281      0.538  39.468821    14.5513    6.90035      0.534    32.2442    23.9437 -9.990e-29
 209.453287      0.539  39.467853    14.5513    6.90552      0.535    32.2433    23.9430 -9.990e-29
 209.453293      0.535  39.467114    14.5522    6.90070      0.531    32.2419    23.9417 -9.990e-29
 209.453299      0.529  39.467870    14.5526    6.89716      0.525    32.2423    23.9419 -9.990e-29
 209.453304      0.526  39.468331    14.5511    6.88551      0.522    32.2439    23.9435 -9.990e-29
 209.453310      0.525  39.466873    14.5479    6.89808      0.521    32.2453    23.9452 -9.990e-29
 209.453316      0.526  39.463805    14.5451    6.91206      0.522    32.2448    23.9455 -9.990e-29
 209.453322      0.529  39.461216    14.5443    6.92122      0.525    32.2431    23.9443 -9.990e-29
 209.453328      0.534  39.460709    14.5453    6.90722      0.530    32.2418    23.9431 -9.990e-29
 209.453333      0.543  39.461615    14.5475    6.89509      0.538    32.2408    23.9419 -9.990e-29
 209.453339      0.550  39.463467    14.5502    6.89295      0.545    32.2403    23.9409 -9.990e-29
 209.453345      0.552  39.465936    14.5524    6.90441      0.547    32.2407    23.9407 -9.990e-29
 209.453351      0.550  39.468392    14.5538    6.90454      0.545    32.2417    23.9413 -9.990e-29
 209.453356      0.543  39.470190    14.5543    6.90055      0.538    32.2430    23.9421 -9.990e-29
 209.453362      0.535  39.470371    14.5543    6.88157      0.531    32.2431    23.9422 -9.990e-29
 209.453368      0.530  39.469743    14.5538    6.88377      0.526    32.2430    23.9422 -9.990e-29
 209.453374      0.528  39.469160    14.5511    6.89889      0.524    32.2447    23.9441 -9.990e-29
 209.453380      0.528  39.467292    14.5460    6.91004      0.524    32.2472    23.9472 -9.990e-29
 209.453385      0.530  39.462777    14.5404    6.91216      0.526    32.2478    23.9487 -9.990e-29
 209.453391      0.534  39.457460    14.5372    6.90165      0.530    32.2456    23.9477 -9.990e-29
 209.453397      0.542  39.454918    14.5368    6.89128      0.537    32.2436    23.9463 -9.990e-29
 209.453403      0.553  39.455133    14.5371    6.90085      0.548    32.2436    23.9462 -9.990e-29
 209.453409      0.567  39.455033    14.5367    6.90152      0.562    32.2438    23.9465 -9.990e-29
 209.453414      0.587  39.453929    14.5363    6.91175      0.582    32.2431    23.9460 -9.990e-29
 209.453420      0.608  39.453726    14.5367    6.90916      0.603    32.2426    23.9455 -9.990e-29
 209.453426      0.624  39.454719    14.5380    6.90851      0.619    32.2424    23.9451 -9.990e-29
 209.453432      0.635  39.455995    14.5397    6.89760      0.630    32.2421    23.9446 -9.990e-29
 209.453438      0.651  39.457577    14.5422    6.89553      0.646    32.2415    23.9435 -9.990e-29
 209.453443      0.674  39.459902    14.5452    6.90019      0.668    32.2411    23.9426 -9.990e-29
 209.453449      0.695  39.462148    14.5473    6.91066      0.689    32.2414    23.9424 -9.990e-29
 209.453455      0.711  39.463392    14.5483    6.91876      0.705    32.2417    23.9424 -9.990e-29
 209.453461      0.725  39.464175    14.5496    6.91458      0.719    32.2413    23.9418 -9.990e-29
 209.453466      0.737  39.465551    14.5521    6.89549      0.731    32.2405    23.9407 -9.990e-29
 209.453472      0.747  39.467678    14.5559    6.88973      0.741    32.2393    23.9389 -9.990e-29
 209.453478      0.756  39.470033    14.5599    6.88488      0.750    32.2381    23.9372 -9.990e-29
 209.453484      0.765  39.472958    14.5623    6.90381      0.759    32.2388    23.9372 -9.990e-29
 209.453490      0.775  39.475312    14.5626    6.90976      0.769    32.2406    23.9386 -9.990e-29
 209.453495      0.785  39.475752    14.5620    6.90642      0.778    32.2415    23.9394 -9.990e-29
 209.453501      0.793  39.475994    14.5616    6.89474      0.786    32.2421    23.9399 -9.990e-29
 209.453507      0.794  39.476923    14.5618    6.89175      0.787    32.2428    23.9404 -9.990e-29
 209.453513      0.793  39.477519    14.5622    6.89738      0.786    32.2430    23.9405 -9.990e-29
 209.453519      0.794  39.477430    14.5629    6.90402      0.787    32.2423    23.9398 -9.990e-29
 209.453524      0.793  39.477634    14.5641    6.90436      0.786    32.2415    23.9389 -9.990e-29
 209.453530      0.786  39.478942    14.5655    6.89565      0.779    32.2415    23.9387 -9.990e-29
 209.453536      0.776  39.480830    14.5667    6.89281      0.770    32.2423    23.9390 -9.990e-29
 209.453542      0.767  39.482428    14.5667    6.89461      0.761    32.2437    23.9401 -9.990e-29
 209.453547      0.758  39.482478    14.5637    6.89263      0.752    32.2463    23.9427 -9.990e-29
 209.453553      0.749  39.479338    14.5590    6.90019      0.743    32.2473    23.9445 -9.990e-29
 209.453559      0.740  39.473850    14.5554    6.89174      0.734    32.2453    23.9437 -9.990e-29
 209.453565      0.729  39.468772    14.5533    6.90033      0.723    32.2424    23.9419 -9.990e-29
 209.453571      0.717  39.466287    14.5516    6.90368      0.711    32.2416    23.9416 -9.990e-29
 209.453576      0.705  39.466422    14.5489    6.91495      0.699    32.2440    23.9440 -9.990e-29
 209.453582      0.704  39.465408    14.5459    6.91047      0.698    32.2455    23.9459 -9.990e-29
 209.453588      0.711  39.462432    14.5454    6.90125      0.705    32.2432    23.9442 -9.990e-29
 209.453594      0.720  39.461918    14.5480    6.89478      0.714    32.2406    23.9416 -9.990e-29
 209.453600      0.726  39.465402    14.5497    6.89592      0.720    32.2424    23.9426 -9.990e-29
 209.453605      0.730  39.468525    14.5466    6.90598      0.724    32.2478    23.9475 -9.990e-29
 209.453611      0.736  39.465893    14.5407    6.90901      0.730    32.2503    23.9506 -9.990e-29
 209.453617      0.749  39.459024    14.5370    6.91544      0.743    32.2471    23.9489 -9.990e-29
 209.453623      0.766  39.455006    14.5373    6.90724      0.760    32.2432    23.9459 -9.990e-29
 209.453628      0.783  39.455751    14.5389    6.90363      0.776    32.2425    23.9450 -9.990e-29
 209.453634      0.801  39.457179    14.5388    6.90145      0.794    32.2439    23.9461 -9.990e-29
 209.453640      0.818  39.456683    14.5372    6.90520      0.811    32.2448    23.9471 -9.990e-29
 209.453646      0.830  39.454699    14.5364    6.90195      0.823    32.2436    23.9464 -9.990e-29
 209.453652      0.838  39.453610    14.5383    6.90057      0.831    32.2411    23.9440 -9.990e-29
 209.453657      0.838  39.455867    14.5426    6.90004      0.831    32.2395    23.9419 -9.990e-29
 209.453663      0.830  39.460529    14.5477    6.91452      0.823    32.2396    23.9409 -9.990e-29
 209.453669      0.822  39.465372    14.5516    6.91166      0.815    32.2407    23.9410 -9.990e-29
 209.453675      0.818  39.468416    14.5527    6.92096      0.811    32.2426    23.9422 -9.990e-29
 209.453681      0.818  39.468649    14.5531    6.90654      0.811    32.2425    23.9420 -9.990e-29
 209.453686      0.822  39.468601    14.5557    6.90389      0.815    32.2403    23.9397 -9.990e-29
 209.453692      0.829  39.470991    14.5602    6.90369      0.822    32.2387    23.9376 -9.990e-29
 209.453698      0.837  39.475616    14.5645    6.90412      0.830    32.2393    23.9372 -9.990e-29
 209.453704      0.841  39.480203    14.5675    6.90426      0.834    32.2410    23.9378 -9.990e-29
 209.453709      0.842  39.482990    14.5687    6.90102      0.835    32.2425    23.9388 -9.990e-29
 209.453715      0.839  39.483745    14.5674    6.89784      0.832    32.2443    23.9404 -9.990e-29
 209.453721      0.837  39.482328    14.5650    6.89875      0.830    32.2450    23.9414 -9.990e-29
 209.453727      0.840  39.480194    14.5645    6.90227      0.833    32.2435    23.9404 -9.990e-29
 209.453733      0.847  39.480647    14.5666    6.90931      0.840    32.2422    23.9389 -9.990e-29
 209.453738      0.861  39.483707    14.5691    6.90019      0.854    32.2429    23.9389 -9.990e-29
 209.453744      0.881  39.486135    14.5704    6.89509      0.874    32.2440    23.9395 -9.990e-29
 209.453750      0.904  39.486658    14.5701    6.89553      0.896    32.2447    23.9401 -9.990e-29
 209.453756      0.923  39.485389    14.5678    6.90182      0.915    32.2454    23.9412 -9.990e-29
 209.453762      0.936  39.482295    14.5648    6.91297      0.928    32.2451    23.9416 -9.990e-29
 209.453767      0.942  39.479398    14.5637    6.90187      0.934    32.2434    23.9405 -9.990e-29
 209.453773      0.943  39.478984    14.5651    6.89651      0.935    32.2419    23.9390 -9.990e-29
 209.453779      0.943  39.481041    14.5676    6.88612      0.935    32.2416    23.9383 -9.990e-29
 209.453785      0.946  39.483797    14.5687    6.89162      0.938    32.2432    23.9393 -9.990e-29
 209.453791      0.948  39.484733    14.5666    6.89829      0.940    32.2458    23.9417 -9.990e-29
 209.453796      0.945  39.482828    14.5609    6.90999      0.937    32.2488    23.9453 -9.990e-29
 209.453802      0.936  39.477766    14.5546    6.91021      0.928    32.2495    23.9471 -9.990e-29
 209.453808      0.926  39.471190    14.5526    6.91315      0.918    32.2451    23.9442 -9.990e-29
 209.453814      0.922  39.468898    14.5565    6.90285      0.914    32.2398    23.9392 -9.990e-29
 209.453819      0.924  39.472859    14.5619    6.90066      0.916    32.2389    23.9374 -9.990e-29
 209.453825      0.927  39.478231    14.5648    6.90306      0.919    32.2414    23.9387 -9.990e-29
 209.453831      0.933  39.481494    14.5653    6.91326      0.925    32.2440    23.9406 -9.990e-29
 209.453837      0.941  39.482488    14.5648    6.90800      0.933    32.2453    23.9417 -9.990e-29
 209.453843      0.952  39.481953    14.5642    6.90138      0.944    32.2453    23.9418 -9.990e-29
 209.453848      0.963  39.480836    14.5631    6.89336      0.955    32.2452    23.9420 -9.990e-29
 209.453854      0.969  39.479307    14.5590    6.90727      0.961    32.2472    23.9444 -9.990e-29
 209.453860      0.971  39.475305    14.5514    6.91668      0.963    32.2499    23.9481 -9.990e-29
 209.453866      0.970  39.467960    14.5445    6.92403      0.962    32.2489    23.9488 -9.990e-29
 209.453872      0.969  39.461482    14.5430    6.91073      0.961    32.2443    23.9455 -9.990e-29
 209.453877      0.973  39.460674    14.5475    6.89617      0.965    32.2398    23.9411 -9.990e-29
 209.453883      0.977  39.466119    14.5537    6.91173      0.969    32.2396    23.9397 -9.990e-29
 209.453889      0.978  39.472709    14.5572    6.91522      0.970    32.2427    23.9413 -9.990e-29
 209.453895      0.976  39.475181    14.5584    6.92035      0.968    32.2439    23.9420 -9.990e-29
 209.453900      0.970  39.475125    14.5597    6.90209      0.962    32.2428    23.9409 -9.990e-29
 209.453906      0.964  39.475812    14.5613    6.90036      0.956    32.2421    23.9400 -9.990e-29
 209.453912      0.968  39.477011    14.5625    6.89811      0.960    32.2422    23.9398 -9.990e-29
 209.453918      0.980  39.477494    14.5626    6.91062      0.972    32.2426    23.9401 -9.990e-29
 209.453924      0.993  39.477319    14.5612    6.92066      0.985    32.2436    23.9411 -9.990e-29
 209.453929      1.004  39.476791    14.5592    6.92104      0.996    32.2447    23.9425 -9.990e-29
 209.453935      1.013  39.475742    14.5585    6.92245      1.005    32.2444    23.9423 -9.990e-29
 209.453941      1.022  39.475556    14.5594    6.91233      1.013    32.2434    23.9414 -9.990e-29
 209.453947      1.029  39.476525    14.5606    6.91874      1.020    32.2433    23.9411 -9.990e-29
 209.453953      1.037  39.477110    14.5617    6.92213      1.028    32.2429    23.9405 -9.990e-29
 209.453958      1.045  39.478069    14.5633    6.91867      1.036    32.2425    23.9399 -9.990e-29
 209.453964      1.054  39.480096    14.5654    6.91213      1.045    32.2426    23.9395 -9.990e-29
 209.453970      1.060  39.482505    14.5667    6.91014      1.051    32.2437    23.9401 -9.990e-29
 209.453976      1.060  39.484556    14.5666    6.89940      1.051    32.2456    23.9416 -9.990e-29
 209.453981      1.062  39.485035    14.5659    6.91256      1.053    32.2466    23.9425 -9.990e-29
 209.453987      1.074  39.484557    14.5642    6.93508      1.065    32.2476    23.9436 -9.990e-29
 209.453993      1.093  39.483586    14.5600    6.97772      1.084    32.2502    23.9465 -9.990e-29
 209.453999      1.116  39.479680    14.5544    7.04471      1.107    32.2513    23.9485 -9.990e-29
 209.454005      1.144  39.473780    14.5500    7.06875      1.134    32.2496    23.9481 -9.990e-29
 209.454010      1.185  39.469778    14.5465    7.12015      1.175    32.2488    23.9483 -9.990e-29
 209.454016      1.243  39.467363    14.5387    7.21975      1.233    32.2531    23.9532 -9.990e-29
 209.454022      1.324  39.462170    14.5180    7.22243      1.313    32.2656    23.9672 -9.990e-29
 209.454028      1.431  39.445569    14.4763    7.22009      1.419    32.2851    23.9910 -9.990e-29
 209.454034      1.565  39.408307    14.4043    7.16312      1.552    32.3111    24.0261 0.0000e+00
 209.454039      1.723  39.343319    14.2790    6.99296      1.709    32.3563    24.0872 0.0000e+00
 209.454045      1.917  39.233501    14.0666    6.81779      1.901    32.4337    24.1910 0.0000e+00
 209.454051      2.151  39.038446    13.7811    6.59532      2.133    32.4946    24.2965 0.0000e+00
 209.454057      2.421  38.766229    13.4569    5.81709      2.401    32.5166    24.3791 0.0000e+00
 209.454062      2.729  38.470697    13.0378    5.07642      2.706    32.5979    24.5252 0.0000e+00
 209.454068      3.075  38.093792    12.4965    4.91426      3.049    32.7081    24.7157 0.0000e+00
 209.454074      3.462  37.599072    11.9330    4.87469      3.433    32.7246    24.8349 0.0000e+00
 209.454080      3.883  37.105971    11.4415    5.75674      3.851    32.6772    24.8883 0.0000e+00
 209.454086      4.336  36.699525    11.0735    5.34602      4.300    32.6030    24.8965 0.0000e+00
 209.454091      4.823  36.401323    10.8268    5.13817      4.783    32.5264    24.8803 0.0000e+00
 209.454097      5.346  36.203976    10.6506    4.92003      5.301    32.4864    24.8797 0.0000e+00
 209.454103      5.903  36.050643    10.5390    4.69781      5.854    32.4323    24.8568 0.0000e+00
 209.454109      6.495  35.929725    10.5024    4.94855      6.441    32.3436    24.7940 0.0000e+00
 209.454115      7.122  35.894151    10.4690    4.26334      7.062    32.3374    24.7949 0.0000e+00
 209.454120      7.776  35.905979    10.3455    3.26834      7.711    32.4590    24.9106 0.0000e+00
 209.454126      8.452  35.836846    10.1862    4.19224      8.381    32.5318    24.9942 0.0000e+00
 209.454132      9.146  35.715674    10.0470    4.85152      9.069    32.5342    25.0194 0.0000e+00
 209.454138      9.850  35.604582     9.8461    5.27152      9.768    32.6024    25.1058 0.0000e+00
 209.454144     10.558  35.431089     9.6103    6.65307     10.470    32.6388    25.1728 0.0000e+00
 209.454149     11.259  35.234089     9.4336    7.73924     11.165    32.5972    25.1688 0.0000e+00
 209.454155     11.941  35.102407     9.3029    6.90216     11.841    32.5805    25.1766 0.0000e+00
 209.454161     12.602  35.011775     9.1998    6.20546     12.496    32.5807    25.1931 0.0000e+00
