data/oxygen options/ONMS/Olympic_Coast_National_Marine_Sanctuary_Hypoxia_Survey_CTD_Data_2004_2015/raw_data/2004/CTD_CE90_072604faedb.cnv
* Sea-Bird SBE19 Data File:
* FileName = C:\WINDOWS\Desktop\put hypoxia files here\CTD files\july 24_25-04\CE\CE9_072404.hex
* Software Version 1.1.4
* Temperature SN = 2997
* Conductivity SN = 2997
* System UpLoad Time = Jul 26 2004 14:41:41
* SEACAT PROFILER V3.1c SN 2997   07/26/04  14:41:51.117
* strain gauge pressure sensor: S/N = 184829,  range = 3000 psia,  tc = 40
# nquan = 9
# nvalues = 91                          
# units = specified
# name 0 = timeJ: Julian Days
# name 1 = prSM: Pressure, Strain Gauge [db]
# name 2 = c0mS/cm: Conductivity [mS/cm]
# name 3 = t090C: Temperature [ITS-90, deg C]
# name 4 = oxML/L: Oxygen, Beckman/YSI [ml/l]
# name 5 = depSM: Depth [salt water, m], lat = 47.5
# name 6 = sal00: Salinity, Practical [PSU]
# name 7 = sigma-é00: Density [sigma-theta, kg/m^3]
# name 8 = flag: flag
# span 0 = 208.583165, 208.584195       
# span 1 =      2.000,     92.000       
# span 2 =  34.302806,  39.150474       
# span 3 =     7.1527,    14.0500       
# span 4 =    1.87812,    7.82577       
# span 5 =      1.983,     91.212       
# span 6 =    32.3713,    33.8665       
# span 7 =    24.1471,    26.5060       
# span 8 = 0.0000e+00, 0.0000e+00       
# interval = decibars: 1                
# start_time = Jul 26 2004 13:55:59 [Instrument's time stamp, header]
# bad_flag = -9.990e-29
*END*
 208.583165      2.000  39.150474    14.0500    7.82577      1.983    32.3713    24.1471 0.0000e+00
 208.583187      3.000  38.152288    12.7195    6.57933      2.975    32.5703    24.5648 0.0000e+00
 208.583203      4.000  37.242337    11.6648    5.89610      3.967    32.6134    24.7978 0.0000e+00
 208.583216      5.000  36.684703    11.1365    5.52433      4.958    32.5323    24.8304 0.0000e+00
 208.583226      6.000  36.521499    11.0449    5.32017      5.950    32.4517    24.7838 0.0000e+00
 208.583235      7.000  36.444552    10.8729    5.13995      6.942    32.5274    24.8730 0.0000e+00
 208.583244      8.000  36.251451    10.6429    4.95210      7.933    32.5395    24.9225 0.0000e+00
 208.583252      9.000  36.078169    10.4554    4.80749      8.925    32.5331    24.9497 0.0000e+00
 208.583260     10.000  35.945444    10.2910    4.68579      9.916    32.5466    24.9882 0.0000e+00
 208.583268     11.000  35.813610    10.1385    4.60126     10.908    32.5501    25.0166 0.0000e+00
 208.583275     12.000  35.686319    10.0310    4.55076     11.900    32.5176    25.0091 0.0000e+00
 208.583282     13.000  35.606281     9.9629    4.49935     12.891    32.4973    25.0046 0.0000e+00
 208.583290     14.000  35.564712     9.9176    4.44103     13.883    32.4956    25.0107 0.0000e+00
 208.583298     15.000  35.527320     9.8703    4.39902     14.874    32.4996    25.0218 0.0000e+00
 208.583304     16.000  35.488084     9.8166    4.35529     15.866    32.5078    25.0369 0.0000e+00
 208.583312     17.000  35.440758     9.7591    4.30753     16.857    32.5110    25.0489 0.0000e+00
 208.583320     18.000  35.394768     9.7052    4.27238     17.849    32.5124    25.0588 0.0000e+00
 208.583328     19.000  35.352726     9.6512    4.23559     18.841    32.5179    25.0718 0.0000e+00
 208.583335     20.000  35.314638     9.5959    4.19709     19.832    32.5285    25.0892 0.0000e+00
 208.583343     21.000  35.278962     9.5370    4.14708     20.824    32.5450    25.1115 0.0000e+00
 208.583352     22.000  35.239132     9.4794    4.09618     21.815    32.5560    25.1294 0.0000e+00
 208.583359     23.000  35.190129     9.4222    4.01799     22.807    32.5572    25.1396 0.0000e+00
 208.583369     24.000  35.134176     9.3611    3.96925     23.798    32.5548    25.1475 0.0000e+00
 208.583378     25.000  35.076571     9.2646    3.94109     24.790    32.5830    25.1848 0.0000e+00
 208.583387     26.000  34.981727     9.1372    3.91138     25.781    32.6009    25.2189 0.0000e+00
 208.583397     27.000  34.896561     9.0639    3.90604     26.773    32.5793    25.2134 0.0000e+00
 208.583407     28.000  34.866624     9.0214    3.91670     27.765    32.5867    25.2260 0.0000e+00
 208.583416     29.000  34.832055     8.9530    3.94217     28.756    32.6130    25.2571 0.0000e+00
 208.583425     30.000  34.784708     8.8849    3.96905     29.747    32.6259    25.2778 0.0000e+00
 208.583434     31.000  34.744454     8.8324    3.98152     30.739    32.6317    25.2905 0.0000e+00
 208.583442     32.000  34.715533     8.7868    3.99655     31.730    32.6431    25.3064 0.0000e+00
 208.583451     33.000  34.689007     8.7177    3.99536     32.722    32.6786    25.3448 0.0000e+00
 208.583460     34.000  34.654165     8.6202    4.01843     33.713    32.7318    25.4014 0.0000e+00
 208.583469     35.000  34.604811     8.5163    4.10599     34.705    32.7759    25.4516 0.0000e+00
 208.583479     36.000  34.534444     8.4122    4.18132     35.696    32.7982    25.4847 0.0000e+00
 208.583489     37.000  34.465930     8.3132    4.25454     36.688    32.8176    25.5147 0.0000e+00
 208.583499     38.000  34.426555     8.2451    4.30764     37.680    32.8391    25.5417 0.0000e+00
 208.583511     39.000  34.400925     8.2021    4.29803     38.671    32.8517    25.5579 0.0000e+00
 208.583522     40.000  34.386832     8.1591    4.31467     39.662    32.8765    25.5837 0.0000e+00
 208.583533     41.000  34.358528     8.0633    4.30982     40.654    32.9360    25.6444 0.0000e+00
 208.583543     42.000  34.325986     7.9792    4.27000     41.645    32.9800    25.6912 0.0000e+00
 208.583553     43.000  34.306779     7.9280    4.20713     42.636    33.0074    25.7203 0.0000e+00
 208.583563     44.000  34.302806     7.9043    4.15888     43.628    33.0250    25.7375 0.0000e+00
 208.583573     45.000  34.308274     7.8691    4.02481     44.620    33.0637    25.7730 0.0000e+00
 208.583585     46.000  34.328808     7.8225    3.82582     45.611    33.1294    25.8313 0.0000e+00
 208.583598     47.000  34.359712     7.8046    3.64272     46.602    33.1791    25.8729 0.0000e+00
 208.583611     48.000  34.375955     7.7854    3.49869     47.594    33.2143    25.9033 0.0000e+00
 208.583623     49.000  34.389985     7.7465    3.35543     48.585    33.2660    25.9496 0.0000e+00
 208.583634     50.000  34.407147     7.6944    3.22744     49.577    33.3339    26.0104 0.0000e+00
 208.583645     51.000  34.425261     7.6304    3.15768     50.568    33.4143    26.0827 0.0000e+00
 208.583656     52.000  34.419733     7.5912    3.10708     51.560    33.4455    26.1128 0.0000e+00
 208.583666     53.000  34.410479     7.5679    3.11032     52.551    33.4575    26.1256 0.0000e+00
 208.583677     54.000  34.398428     7.5273    3.09788     53.542    33.4831    26.1515 0.0000e+00
 208.583687     55.000  34.383149     7.4818    3.08317     54.534    33.5100    26.1791 0.0000e+00
 208.583698     56.000  34.372411     7.4370    3.05095     55.525    33.5412    26.2100 0.0000e+00
 208.583708     57.000  34.372887     7.3966    3.01752     56.516    33.5804    26.2464 0.0000e+00
 208.583718     58.000  34.385450     7.3729    3.01247     57.508    33.6165    26.2782 0.0000e+00
 208.583729     59.000  34.403728     7.3680    2.99397     58.499    33.6406    26.2979 0.0000e+00
 208.583739     60.000  34.420305     7.3698    2.99124     59.490    33.6564    26.3101 0.0000e+00
 208.583750     61.000  34.431517     7.3730    2.99193     60.482    33.6651    26.3164 0.0000e+00
 208.583761     62.000  34.442349     7.3771    3.00331     61.473    33.6723    26.3216 0.0000e+00
 208.583771     63.000  34.450562     7.3802    3.00212     62.465    33.6777    26.3255 0.0000e+00
 208.583782     64.000  34.457491     7.3832    3.00402     63.456    33.6818    26.3282 0.0000e+00
 208.583792     65.000  34.465068     7.3865    3.00243     64.447    33.6864    26.3314 0.0000e+00
 208.583802     66.000  34.474661     7.3900    2.99224     65.438    33.6930    26.3360 0.0000e+00
 208.583812     67.000  34.485997     7.3936    2.99513     66.430    33.7013    26.3421 0.0000e+00
 208.583822     68.000  34.497240     7.3985    2.99850     67.421    33.7082    26.3469 0.0000e+00
 208.583833     69.000  34.512646     7.4018    2.99443     68.412    33.7213    26.3567 0.0000e+00
 208.583843     70.000  34.525366     7.4017    2.96931     69.404    33.7346    26.3673 0.0000e+00
 208.583854     71.000  34.535917     7.4002    2.94947     70.395    33.7471    26.3773 0.0000e+00
 208.583865     72.000  34.540560     7.3954    2.92877     71.386    33.7563    26.3852 0.0000e+00
 208.583876     73.000  34.538388     7.3847    2.89061     72.378    33.7639    26.3927 0.0000e+00
 208.583888     74.000  34.530547     7.3735    2.85438     73.369    33.7659    26.3958 0.0000e+00
 208.583898     75.000  34.524201     7.3629    2.80246     74.361    33.7687    26.3996 0.0000e+00
 208.583909     76.000  34.519191     7.3488    2.73818     75.352    33.7766    26.4078 0.0000e+00
 208.583919     77.000  34.513053     7.3347    2.66916     76.343    33.7832    26.4150 0.0000e+00
 208.583929     78.000  34.505954     7.3193    2.57160     77.334    33.7900    26.4225 0.0000e+00
 208.583941     79.000  34.498163     7.3026    2.47385     78.326    33.7973    26.4306 0.0000e+00
 208.583952     80.000  34.491587     7.2887    2.38126     79.317    33.8033    26.4372 0.0000e+00
 208.583965     81.000  34.489667     7.2839    2.34263     80.308    33.8054    26.4396 0.0000e+00
 208.583980     82.000  34.494343     7.2925    2.32886     81.300    33.8017    26.4355 0.0000e+00
 208.583995     83.000  34.492194     7.2712    2.30519     82.290    33.8197    26.4526 0.0000e+00
 208.584009     84.000  34.484215     7.2516    2.23527     83.282    33.8296    26.4632 0.0000e+00
 208.584021     85.000  34.478297     7.2347    2.21411     84.273    33.8392    26.4731 0.0000e+00
 208.584033     86.000  34.466864     7.2090    2.15494     85.265    33.8514    26.4862 0.0000e+00
 208.584046     87.000  34.452679     7.1883    2.08487     86.256    33.8558    26.4926 0.0000e+00
 208.584063     88.000  34.451467     7.1894    2.05741     87.247    33.8529    26.4902 0.0000e+00
 208.584081     89.000  34.445966     7.1751    2.04739     88.238    33.8604    26.4982 0.0000e+00
 208.584096     90.000  34.436698     7.1582    1.96766     89.229    33.8664    26.5052 0.0000e+00
 208.584113     91.000  34.432358     7.1527    1.93648     90.220    33.8665    26.5060 0.0000e+00
 208.584195     92.000  34.426393     7.1625    1.87812     91.212    33.8501    26.4916 0.0000e+00
