data/oxygen options/ONMS/Olympic_Coast_National_Marine_Sanctuary_Hypoxia_Survey_CTD_Data_2004_2015/raw_data/2004/CTD_TH30 _072704faedb.cnv
* Sea-Bird SBE19 Data File:
* FileName = C:\WINDOWS\Desktop\put hypoxia files here\CTD files\July 26_27-04\TH\TH3 _072704.hex
* Software Version 1.1.4
* Temperature SN = 2997
* Conductivity SN = 2997
* System UpLoad Time = Jul 27 2004 11:48:28
* SEACAT PROFILER V3.1c SN 2997   07/27/04  11:46:49.411
* strain gauge pressure sensor: S/N = 184829,  range = 3000 psia,  tc = 40
# nquan = 9
# nvalues = 30                          
# units = specified
# name 0 = timeJ: Julian Days
# name 1 = prSM: Pressure, Strain Gauge [db]
# name 2 = c0mS/cm: Conductivity [mS/cm]
# name 3 = t090C: Temperature [ITS-90, deg C]
# name 4 = oxML/L: Oxygen, Beckman/YSI [ml/l]
# name 5 = depSM: Depth [salt water, m], lat = 47.5
# name 6 = sal00: Salinity, Practical [PSU]
# name 7 = sigma-é00: Density [sigma-theta, kg/m^3]
# name 8 = flag: flag
# span 0 = 209.359207, 209.359570       
# span 1 =      2.000,     31.000       
# span 2 =  34.397048,  37.305547       
# span 3 =     7.7048,    11.6947       
# span 4 =    3.13725,    6.68025       
# span 5 =      1.983,     30.739       
# span 6 =    32.6498,    33.3445       
# span 7 =    24.8211,    26.0039       
# span 8 = 0.0000e+00, 0.0000e+00       
# interval = decibars: 1                
# start_time = Jul 27 2004 08:31:02 [Instrument's time stamp, header]
# bad_flag = -9.990e-29
*END*
 209.359207      2.000  37.305547    11.6947    6.68025      1.983    32.6498    24.8211 0.0000e+00
 209.359230      3.000  36.749914    10.7242    5.84253      2.975    32.9662    25.2405 0.0000e+00
 209.359247      4.000  36.446785    10.2152    5.15164      3.967    33.1235    25.4508 0.0000e+00
 209.359259      5.000  36.168520     9.8523    4.60159      4.958    33.1734    25.5505 0.0000e+00
 209.359271      6.000  35.958515     9.5777    4.24254      5.950    33.2116    25.6254 0.0000e+00
 209.359282      7.000  35.749414     9.2956    4.07245      6.941    33.2575    25.7071 0.0000e+00
 209.359292      8.000  35.518667     9.0995    4.07792      7.933    33.2008    25.6938 0.0000e+00
 209.359302      9.000  35.433374     9.0912    4.09585      8.925    33.1194    25.6315 0.0000e+00
 209.359312     10.000  35.442198     9.1365    4.08920      9.916    33.0859    25.5982 0.0000e+00
 209.359322     11.000  35.472952     9.1107    4.02919     10.908    33.1413    25.6457 0.0000e+00
 209.359332     12.000  35.424247     9.0373    3.90644     11.900    33.1587    25.6708 0.0000e+00
 209.359342     13.000  35.372793     8.8831    3.82243     12.891    33.2488    25.7654 0.0000e+00
 209.359352     14.000  35.233790     8.6779    3.83189     13.882    33.2955    25.8338 0.0000e+00
 209.359361     15.000  35.088054     8.5545    3.53201     14.874    33.2580    25.8233 0.0000e+00
 209.359370     16.000  35.032536     8.4816    3.54960     15.866    33.2677    25.8420 0.0000e+00
 209.359380     17.000  34.955075     8.3398    3.86614     16.858    33.3195    25.9040 0.0000e+00
 209.359390     18.000  34.817668     8.1777    3.87139     17.849    33.3270    25.9341 0.0000e+00
 209.359400     19.000  34.718846     8.0921    3.68056     18.840    33.3027    25.9277 0.0000e+00
 209.359411     20.000  34.658666     8.0086    3.63129     19.832    33.3176    25.9517 0.0000e+00
 209.359421     21.000  34.585848     7.8982    3.65194     20.823    33.3445    25.9889 0.0000e+00
 209.359431     22.000  34.506489     7.8101    3.28080     21.815    33.3431    26.0006 0.0000e+00
 209.359442     23.000  34.464093     7.7853    3.13725     22.807    33.3209    25.9867 0.0000e+00
 209.359452     24.000  34.456277     7.7765    3.32886     23.798    33.3205    25.9877 0.0000e+00
 209.359463     25.000  34.441464     7.7566    3.37786     24.790    33.3231    25.9926 0.0000e+00
 209.359473     26.000  34.427662     7.7434    3.38660     25.781    33.3204    25.9924 0.0000e+00
 209.359484     27.000  34.421962     7.7377    3.37665     26.773    33.3193    25.9923 0.0000e+00
 209.359495     28.000  34.417649     7.7350    3.37462     27.764    33.3167    25.9908 0.0000e+00
 209.359506     29.000  34.411675     7.7252    3.36356     28.756    33.3191    25.9941 0.0000e+00
 209.359520     30.000  34.401935     7.7048    3.36442     29.748    33.3278    26.0039 0.0000e+00
 209.359570     31.000  34.397048     7.7188    3.35208     30.739    33.3086    25.9868 0.0000e+00
