data/oxygen options/ONMS/Olympic_Coast_National_Marine_Sanctuary_Hypoxia_Survey_CTD_Data_2004_2015/raw_data/2004/CTD_CE100_061604faedb.cnv
* Sea-Bird SBE19 Data File:
* FileName = C:\WINDOWS\Desktop\put hypoxia files here\CTD files\CE\CE100m061604.hex
* Software Version 1.1.4
* Temperature SN = 2997
* Conductivity SN = 2997
* System UpLoad Time = Jun 16 2004 11:41:18
** Cape Elizabeth hypoxia June 16, 2004 100m CE-10
* SEACAT PROFILER V3.1c SN 2997   06/16/04  11:45:26.609
# nquan = 9
# nvalues = 103                         
# units = specified
# name 0 = timeJ: Julian Days
# name 1 = prSM: Pressure, Strain Gauge [db]
# name 2 = c0mS/cm: Conductivity [mS/cm]
# name 3 = t090C: Temperature [ITS-90, deg C]
# name 4 = oxML/L: Oxygen, Beckman/YSI [ml/l]
# name 5 = depSM: Depth [salt water, m], lat = 47.5
# name 6 = sal00: Salinity, Practical [PSU]
# name 7 = sigma-é00: Density [sigma-theta, kg/m^3]
# name 8 = flag: flag
# span 0 = 168.469532, 168.471188       
# span 1 =      1.000,    103.000       
# span 2 =  34.172763,  37.335568       
# span 3 =     6.9656,    13.9762       
# span 4 =    2.08545,    6.56141       
# span 5 =      0.992,    102.115       
# span 6 =    30.7243,    33.9356       
# span 7 =    22.8904,    26.5827       
# span 8 = 0.0000e+00, 0.0000e+00       
# interval = decibars: 1                
# start_time = Jun 16 2004 11:12:27 [Instrument's time stamp, header]
# bad_flag = -9.990e-29
*END*
 168.469532      1.000  37.292882    13.9762    6.18465      0.992    30.7243    22.8904 0.0000e+00
 168.469566      2.000  37.335568    13.6522    5.98299      1.983    31.0252    23.1875 0.0000e+00
 168.469591      3.000  37.309870    13.1089    6.02296      2.975    31.4466    23.6203 0.0000e+00
 168.469609      4.000  37.170600    12.6123    6.23148      3.966    31.7289    23.9349 0.0000e+00
 168.469625      5.000  37.091250    12.3842    6.34349      4.958    31.8459    24.0688 0.0000e+00
 168.469638      6.000  37.034355    12.2590    6.40826      5.950    31.8975    24.1324 0.0000e+00
 168.469651      7.000  36.994024    12.2174    6.46028      6.941    31.8938    24.1374 0.0000e+00
 168.469663      8.000  36.978213    12.2073    6.50561      7.933    31.8870    24.1339 0.0000e+00
 168.469674      9.000  36.968538    12.2004    6.49100      8.925    31.8831    24.1323 0.0000e+00
 168.469685     10.000  36.961720    12.1780    6.41366      9.916    31.8953    24.1459 0.0000e+00
 168.469696     11.000  36.921376    12.0813    6.49780     10.908    31.9386    24.1976 0.0000e+00
 168.469708     12.000  36.785316    11.8829    6.56141     11.899    31.9771    24.2641 0.0000e+00
 168.469718     13.000  36.617418    11.7184    6.40739     12.891    31.9554    24.2775 0.0000e+00
 168.469731     14.000  36.516197    11.5811    6.15489     13.883    31.9750    24.3176 0.0000e+00
 168.469743     15.000  36.350008    11.2338    6.01835     14.874    32.1132    24.4874 0.0000e+00
 168.469756     16.000  35.971603    10.7965    5.88631     15.866    32.1217    24.5709 0.0000e+00
 168.469769     17.000  35.773295    10.6098    5.75755     16.858    32.0881    24.5768 0.0000e+00
 168.469782     18.000  35.648031    10.4405    5.57445     17.849    32.1116    24.6240 0.0000e+00
 168.469795     19.000  35.513718    10.2577    5.32347     18.841    32.1380    24.6755 0.0000e+00
 168.469808     20.000  35.362448    10.0380    5.10805     19.832    32.1801    24.7449 0.0000e+00
 168.469822     21.000  35.177372     9.8024    4.93644     20.824    32.2022    24.8008 0.0000e+00
 168.469838     22.000  35.076100     9.7073    4.76925     21.815    32.1837    24.8019 0.0000e+00
 168.469854     23.000  35.018561     9.6091    4.60372     22.806    32.2126    24.8402 0.0000e+00
 168.469870     24.000  34.920294     9.4438    4.52381     23.798    32.2602    24.9040 0.0000e+00
 168.469883     25.000  34.826399     9.3010    4.54366     24.790    32.2920    24.9516 0.0000e+00
 168.469899     26.000  34.755688     9.1797    4.56386     25.782    32.3285    24.9991 0.0000e+00
 168.469914     27.000  34.703880     9.1068    4.54124     26.772    32.3405    25.0200 0.0000e+00
 168.469930     28.000  34.664568     9.0343    4.51053     27.764    32.3653    25.0507 0.0000e+00
 168.469947     29.000  34.638297     8.9827    4.51533     28.756    32.3846    25.0738 0.0000e+00
 168.469965     30.000  34.598997     8.9133    4.55582     29.747    32.4066    25.1018 0.0000e+00
 168.469985     31.000  34.571799     8.8502    4.58611     30.739    32.4354    25.1340 0.0000e+00
 168.470004     32.000  34.502830     8.7347    4.69056     31.731    32.4688    25.1778 0.0000e+00
 168.470021     33.000  34.459371     8.6564    4.79208     32.722    32.4948    25.2101 0.0000e+00
 168.470039     34.000  34.423262     8.6040    4.84037     33.714    32.5046    25.2258 0.0000e+00
 168.470058     35.000  34.402262     8.5618    4.88482     34.705    32.5210    25.2450 0.0000e+00
 168.470078     36.000  34.372417     8.5177    4.89595     35.696    32.5299    25.2586 0.0000e+00
 168.470099     37.000  34.346281     8.4513    4.89837     36.688    32.5632    25.2947 0.0000e+00
 168.470119     38.000  34.256916     8.3000    5.02293     37.679    32.6085    25.3527 0.0000e+00
 168.470140     39.000  34.200612     8.2234    5.06626     38.671    32.6196    25.3727 0.0000e+00
 168.470159     40.000  34.180844     8.1719    5.06885     39.662    32.6461    25.4011 0.0000e+00
 168.470177     41.000  34.175720     8.1530    5.05499     40.654    32.6578    25.4131 0.0000e+00
 168.470196     42.000  34.172981     8.1364    5.03001     41.645    32.6699    25.4250 0.0000e+00
 168.470214     43.000  34.172763     8.1048    4.94504     42.637    32.6986    25.4522 0.0000e+00
 168.470230     44.000  34.197691     8.0289    4.86302     43.628    32.7957    25.5394 0.0000e+00
 168.470245     45.000  34.218458     7.9783    4.78151     44.620    32.8648    25.6010 0.0000e+00
 168.470261     46.000  34.222866     7.9630    4.71744     45.611    32.8834    25.6178 0.0000e+00
 168.470276     47.000  34.223014     7.9367    4.64683     46.603    32.9078    25.6408 0.0000e+00
 168.470289     48.000  34.231005     7.8993    4.56309     47.594    32.9511    25.6803 0.0000e+00
 168.470304     49.000  34.240001     7.8704    4.48252     48.585    32.9876    25.7131 0.0000e+00
 168.470321     50.000  34.245825     7.8651    4.40905     49.577    32.9984    25.7223 0.0000e+00
 168.470337     51.000  34.245172     7.8367    4.33411     50.568    33.0240    25.7466 0.0000e+00
 168.470354     52.000  34.247095     7.8150    4.27752     51.559    33.0462    25.7671 0.0000e+00
 168.470371     53.000  34.248214     7.7985    4.21826     52.551    33.0626    25.7823 0.0000e+00
 168.470387     54.000  34.250844     7.7860    4.18251     53.542    33.0767    25.7953 0.0000e+00
 168.470404     55.000  34.255305     7.7749    4.12336     54.534    33.0916    25.8085 0.0000e+00
 168.470424     56.000  34.259999     7.7486    4.06532     55.525    33.1211    25.8355 0.0000e+00
 168.470443     57.000  34.268915     7.7095    3.98511     56.516    33.1675    25.8776 0.0000e+00
 168.470461     58.000  34.277154     7.6881    3.93110     57.508    33.1962    25.9032 0.0000e+00
 168.470478     59.000  34.281596     7.6789    3.89180     58.499    33.2093    25.9148 0.0000e+00
 168.470494     60.000  34.282502     7.6708    3.87214     59.491    33.2175    25.9224 0.0000e+00
 168.470511     61.000  34.285935     7.6592    3.83032     60.482    33.2319    25.9354 0.0000e+00
 168.470528     62.000  34.293715     7.6300    3.77073     61.473    33.2677    25.9677 0.0000e+00
 168.470542     63.000  34.307406     7.6018    3.69929     62.465    33.3089    26.0041 0.0000e+00
 168.470557     64.000  34.322764     7.5732    3.61636     63.456    33.3524    26.0424 0.0000e+00
 168.470571     65.000  34.346152     7.5396    3.52278     64.447    33.4095    26.0921 0.0000e+00
 168.470586     66.000  34.358280     7.5181    3.44369     65.439    33.4428    26.1213 0.0000e+00
 168.470601     67.000  34.365014     7.4951    3.37397     66.430    33.4718    26.1473 0.0000e+00
 168.470614     68.000  34.378916     7.4747    3.27611     67.421    33.5061    26.1772 0.0000e+00
 168.470628     69.000  34.411009     7.4687    3.14075     68.413    33.5461    26.2096 0.0000e+00
 168.470642     70.000  34.443224     7.4626    3.02050     69.404    33.5864    26.2421 0.0000e+00
 168.470658     71.000  34.458186     7.4392    2.90737     70.395    33.6248    26.2756 0.0000e+00
 168.470674     72.000  34.468237     7.4163    2.80982     71.386    33.6575    26.3046 0.0000e+00
 168.470692     73.000  34.472960     7.4071    2.73602     72.378    33.6710    26.3165 0.0000e+00
 168.470710     74.000  34.474225     7.3949    2.69323     73.369    33.6838    26.3283 0.0000e+00
 168.470724     75.000  34.476035     7.3844    2.64813     74.360    33.6954    26.3389 0.0000e+00
 168.470738     76.000  34.477466     7.3787    2.60070     75.352    33.7021    26.3450 0.0000e+00
 168.470754     77.000  34.478413     7.3731    2.57967     76.343    33.7081    26.3505 0.0000e+00
 168.470769     78.000  34.479452     7.3673    2.54459     77.334    33.7145    26.3563 0.0000e+00
 168.470786     79.000  34.480511     7.3638    2.51891     78.325    33.7185    26.3600 0.0000e+00
 168.470803     80.000  34.481171     7.3564    2.47673     79.317    33.7259    26.3669 0.0000e+00
 168.470818     81.000  34.482079     7.3485    2.44492     80.308    33.7341    26.3745 0.0000e+00
 168.470831     82.000  34.483532     7.3410    2.39812     81.300    33.7425    26.3822 0.0000e+00
 168.470845     83.000  34.487042     7.3319    2.33007     82.291    33.7547    26.3930 0.0000e+00
 168.470858     84.000  34.492999     7.3225    2.26792     83.282    33.7699    26.4063 0.0000e+00
 168.470875     85.000  34.496015     7.3163    2.21130     84.273    33.7787    26.4141 0.0000e+00
 168.470893     86.000  34.496270     7.3123    2.17770     85.264    33.7824    26.4175 0.0000e+00
 168.470911     87.000  34.495242     7.3060    2.16127     86.256    33.7870    26.4221 0.0000e+00
 168.470925     88.000  34.492591     7.2950    2.15129     87.247    33.7944    26.4295 0.0000e+00
 168.470939     89.000  34.489957     7.2817    2.13398     88.238    33.8040    26.4389 0.0000e+00
 168.470956     90.000  34.485600     7.2666    2.08545     89.230    33.8136    26.4485 0.0000e+00
 168.470974     91.000  34.450805     7.1478    2.09690     90.221    33.8915    26.5264 0.0000e+00
 168.470991     92.000  34.360518     7.0019    2.14435     91.212    33.9356    26.5812 0.0000e+00
 168.471011     93.000  34.341921     6.9981    2.14580     92.203    33.9185    26.5683 0.0000e+00
 168.471029     94.000  34.337560     6.9859    2.14185     93.194    33.9253    26.5753 0.0000e+00
 168.471044     95.000  34.332989     6.9773    2.14168     94.186    33.9283    26.5788 0.0000e+00
 168.471060     96.000  34.329865     6.9722    2.14141     95.176    33.9293    26.5804 0.0000e+00
 168.471077     97.000  34.328911     6.9700    2.14711     96.168    33.9300    26.5812 0.0000e+00
 168.471094     98.000  34.327666     6.9667    2.14136     97.159    33.9314    26.5827 0.0000e+00
 168.471109     99.000  34.326542     6.9656    2.13927     98.150    33.9308    26.5824 0.0000e+00
 168.471124    100.000  34.327245     6.9665    2.15625     99.141    33.9302    26.5818 0.0000e+00
 168.471142    101.000  34.327957     6.9680    2.14292    100.133    33.9289    26.5807 0.0000e+00
 168.471161    102.000  34.327207     6.9671    2.12792    101.124    33.9286    26.5805 0.0000e+00
 168.471188    103.000  34.326301     6.9682    2.13231    102.115    33.9260    26.5783 0.0000e+00
