data/oxygen options/ONMS/Olympic_Coast_National_Marine_Sanctuary_Hypoxia_Survey_CTD_Data_2004_2015/raw_data/2004/CTD_CE20_072604faed.cnv
* Sea-Bird SBE19 Data File:
* FileName = C:\WINDOWS\Desktop\put hypoxia files here\CTD files\july 24_25-04\CE\CE2-072404.hex
* Software Version 1.1.4
* Temperature SN = 2997
* Conductivity SN = 2997
* System UpLoad Time = Jul 26 2004 14:26:48
* SEACAT PROFILER V3.1c SN 2997   07/26/04  14:26:44.773
* strain gauge pressure sensor: S/N = 184829,  range = 3000 psia,  tc = 40
# nquan = 9                                 
# nvalues = 574                         
# units = specified
# name 0 = timeJ: Julian Days
# name 1 = prSM: Pressure, Strain Gauge [db]
# name 2 = c0mS/cm: Conductivity [mS/cm]
# name 3 = t090C: Temperature [ITS-90, deg C]
# name 4 = oxML/L: Oxygen, Beckman/YSI [ml/l]
# name 5 = depSM: Depth [salt water, m], lat = 47.5
# name 6 = sal00: Salinity, Practical [PSU]
# name 7 = sigma-é00: Density [sigma-theta, kg/m^3]
# name 8 = flag: flag
# span 0 = 208.488333, 208.491649       
# span 1 =     -5.711,     16.606       
# span 2 =   0.685556,  37.314681       
# span 3 =     7.8022,    13.0794       
# span 4 =   -0.72959,   34.68227       
# span 5 =     -5.663,     16.467       
# span 6 =     0.4416,    33.4374       
# span 7 =    -0.2633,    26.0628       
# span 8 = 0.0000e+00, 0.0000e+00       
# interval = seconds: 0.5
# start_time = Jul 26 2004 11:43:12 [Instrument's time stamp, header]
# bad_flag = -9.990e-29
*END*
[from data line 481]
 208.491117     16.107  34.546134     7.8201    2.49719     15.972    33.3789    26.0272 0.0000e+00
 208.491123     16.271  34.542270     7.8180    2.50200     16.135    33.3767    26.0258 0.0000e+00
 208.491128     16.397  34.540105     7.8159    2.50698     16.260    33.3763    26.0258 -9.990e-29
 208.491134     16.488  34.538980     7.8138    2.50424     16.350    33.3771    26.0267 -9.990e-29
 208.491140     16.551  34.536821     7.8119    2.49949     16.412    33.3766    26.0266 -9.990e-29
 208.491146     16.590  34.534108     7.8103    2.48547     16.451    33.3752    26.0257 -9.990e-29
 208.491152     16.606  34.531702     7.8085    2.47701     16.467    33.3743    26.0253 -9.990e-29
 208.491157     16.602  34.529754     7.8067    2.46951     16.463    33.3739    26.0252 -9.990e-29
 208.491163     16.576  34.527908     7.8053    2.46731     16.437    33.3733    26.0249 -9.990e-29
 208.491169     16.528  34.525946     7.8048    2.46880     16.389    33.3717    26.0238 -9.990e-29
 208.491175     16.453  34.525174     7.8065    2.46607     16.315    33.3693    26.0216 -9.990e-29
 208.491181     16.348  34.526247     7.8085    2.46230     16.211    33.3686    26.0208 -9.990e-29
 208.491186     16.210  34.526670     7.8092    2.44561     16.074    33.3684    26.0205 0.0000e+00
 208.491192     16.039  34.526448     7.8103    2.45062     15.905    33.3672    26.0194 0.0000e+00
 208.491198     15.832  34.527528     7.8109    2.44639     15.699    33.3679    26.0199 0.0000e+00
 208.491204     15.585  34.527985     7.8088    2.43939     15.454    33.3705    26.0222 0.0000e+00
 208.491209     15.295  34.525066     7.8054    2.44708     15.167    33.3708    26.0229 0.0000e+00
 208.491215     14.965  34.520486     7.8033    2.44180     14.840    33.3680    26.0211 0.0000e+00
 208.491221     14.599  34.517111     7.8024    2.43461     14.477    33.3654    26.0192 0.0000e+00
 208.491227     14.201  34.514926     7.8022    2.42002     14.082    33.3635    26.0176 0.0000e+00
 208.491233     13.770  34.513260     7.8039    2.41652     13.655    33.3602    26.0149 0.0000e+00
 208.491238     13.310  34.512697     7.8080    2.42550     13.198    33.3559    26.0109 0.0000e+00
 208.491244     12.824  34.514171     7.8129    2.43698     12.717    33.3531    26.0079 0.0000e+00
 208.491250     12.326  34.516844     7.8177    2.44711     12.223    33.3516    26.0060 0.0000e+00
 208.491256     11.826  34.519239     7.8242    2.44494     11.727    33.3482    26.0024 0.0000e+00
 208.491262     11.318  34.521753     7.8343    2.42918     11.223    33.3414    25.9957 0.0000e+00
 208.491267     10.800  34.526058     7.8479    2.42212     10.710    33.3333    25.9873 0.0000e+00
 208.491273     10.282  34.532850     7.8656    2.41901     10.196    33.3239    25.9774 0.0000e+00
 208.491279      9.769  34.542783     7.8881    2.42587      9.687    33.3133    25.9658 0.0000e+00
 208.491285      9.264  34.556772     7.9079    2.45223      9.186    33.3097    25.9600 0.0000e+00
 208.491291      8.768  34.569369     7.9177    2.48848      8.695    33.3140    25.9620 0.0000e+00
 208.491296      8.284  34.574392     7.9216    2.50980      8.215    33.3159    25.9629 0.0000e+00
 208.491302      7.811  34.574621     7.9373    2.53591      7.746    33.3014    25.9492 0.0000e+00
 208.491308      7.345  34.581577     8.0086    2.57947      7.284    33.2412    25.8915 0.0000e+00
 208.491314      6.881  34.621352     8.1581    2.64558      6.823    33.1421    25.7918 0.0000e+00
 208.491319      6.417  34.709980     8.3278    2.77281      6.363    33.0763    25.7149 0.0000e+00
 208.491325      5.962  34.813162     8.4467    2.92251      5.912    33.0738    25.6951 0.0000e+00
 208.491331      5.537  34.882946     8.5028    3.04641      5.491    33.0949    25.7032 0.0000e+00
 208.491337      5.154  34.912629     8.5184    3.09612      5.111    33.1117    25.7140 0.0000e+00
 208.491343      4.810  34.919947     8.5227    3.13384      4.770    33.1155    25.7164 0.0000e+00
 208.491348      4.501  34.922513     8.5351    3.17687      4.463    33.1067    25.7076 0.0000e+00
 208.491354      4.224  34.931597     8.5590    3.18453      4.189    33.0940    25.6940 0.0000e+00
 208.491360      3.975  34.948659     8.5931    3.23173      3.942    33.0801    25.6779 0.0000e+00
 208.491366      3.746  34.974026     8.6311    3.32889      3.715    33.0713    25.6652 0.0000e+00
 208.491372      3.530  35.005084     8.6758    3.41430      3.501    33.0622    25.6512 0.0000e+00
 208.491377      3.324  35.041766     8.7757    3.47688      3.296    33.0074    25.5930 0.0000e+00
 208.491383      3.122  35.116167     9.0391    3.53295      3.096    32.8408    25.4216 0.0000e+00
 208.491389      2.921  35.323567     9.4577    3.59614      2.897    32.6709    25.2224 0.0000e+00
 208.491395      2.719  35.656802     9.8233    3.68588      2.696    32.6793    25.1695 0.0000e+00
 208.491400      2.522  35.921618    10.0434    3.79182      2.501    32.7489    25.1874 0.0000e+00
 208.491406      2.331  36.056283    10.1943    3.83739      2.312    32.7487    25.1619 0.0000e+00
 208.491412      2.140  36.150702    10.3017    3.83038      2.122    32.7470    25.1424 0.0000e+00
 208.491418      1.951  36.224813    10.4118    3.86301      1.935    32.7224    25.1045 0.0000e+00
 208.491424      1.765  36.311283    10.6044    3.94824      1.750    32.6363    25.0044 0.0000e+00
 208.491429      1.579  36.467099    10.8354    4.08932      1.566    32.5855    24.9247 0.0000e+00
 208.491435      1.394  36.633093    11.0095    5.24975      1.382    32.5954    24.9018 0.0000e+00
 208.491441      1.214  36.727245    11.0920    5.79057      1.204    32.6153    24.9027 0.0000e+00
 208.491447      1.046  36.743352    11.0562    6.32164      1.037    32.6631    24.9463 0.0000e+00
 208.491453      0.893  36.669273    10.9036    6.77062      0.886    32.7258    25.0220 0.0000e+00
 208.491458      0.747  36.515612    10.6836    6.97237      0.741    32.7698    25.0947 0.0000e+00
 208.491464      0.605  36.309650    10.4350    7.03066      0.600    32.7873    25.1511 0.0000e+00
 208.491470      0.470  36.043109    10.1953    7.11222      0.466    32.7353    25.1513 -9.990e-29
 208.491476      0.351  35.641502     9.9999    7.10631      0.348    32.5053    25.0045 -9.990e-29
 208.491481      0.253  34.789683     9.8552    7.12186      0.251    31.7707    24.4551 -9.990e-29
 208.491487      0.169  32.499881     9.7619    7.11057      0.168    29.5375    22.7279 -9.990e-29
 208.491493      0.091  25.816001     9.7212    7.09926      0.090    22.9422    17.5961 -9.990e-29
 208.491499      0.022  15.620382     9.7155    7.09344      0.022    13.2605    10.0679 -9.990e-29
 208.491505     -0.034   8.339663     9.7223    7.08871     -0.034     6.7316     4.9887 -9.990e-29
 208.491510     -0.085   5.395536     9.7326    7.11642     -0.084     4.2204     3.0305 -9.990e-29
 208.491516     -0.134   4.324974     9.7445    7.08829     -0.133     3.3325     2.3362 -9.990e-29
 208.491522     -0.180   4.247813     9.7560    7.08770     -0.178     3.2682     2.2849 -9.990e-29
 208.491528     -0.226   4.384329     9.7655    7.06968     -0.224     3.3793     2.3708 -9.990e-29
 208.491534     -0.270   4.294203     9.7728    7.08949     -0.268     3.3047     2.3118 -9.990e-29
 208.491539     -0.311   4.096469     9.7779    7.13747     -0.308     3.1425     2.1847 -9.990e-29
 208.491545     -0.347   3.870117     9.7817    7.14497     -0.344     2.9578     2.0400 -9.990e-29
 208.491551     -0.377   3.635901     9.7864    7.14370     -0.374     2.7676     1.8909 -9.990e-29
 208.491557     -0.406   3.377382     9.7927    7.13102     -0.403     2.5587     1.7270 -9.990e-29
 208.491562     -0.436   3.078464     9.7973    7.13044     -0.432     2.3188     1.5391 -9.990e-29
 208.491568     -0.461   2.803704     9.7962    7.13310     -0.457     2.1003     1.3682 -9.990e-29
 208.491574     -0.478   2.683694     9.7915    7.14663     -0.474     2.0055     1.2945 -9.990e-29
 208.491580     -0.488   2.811308     9.7891    7.13710     -0.484     2.1067     1.3739 -9.990e-29
 208.491586     -0.496   3.058229     9.7915    7.11590     -0.492     2.3031     1.5273 -9.990e-29
 208.491591     -0.507   3.203361     9.7984    7.12528     -0.503     2.4186     1.6170 -9.990e-29
 208.491597     -0.517   3.068838     9.8085 -9.990e-29     -0.513     2.3104     1.5315 -9.990e-29
 208.491603     -0.523   2.728243     9.8186 -9.990e-29     -0.519     2.0392     1.3184 -9.990e-29
 208.491609     -0.528   2.424538     9.8265 -9.990e-29     -0.524     1.7996     1.1301 -9.990e-29
 208.491615     -0.539   2.280246     9.8328 -9.990e-29     -0.535     1.6863     1.0409 -9.990e-29
 208.491620     -0.550   2.275817     9.8392 -9.990e-29     -0.545     1.6826     1.0374 -9.990e-29
 208.491626     -0.555   2.313097     9.8472 -9.990e-29     -0.550     1.7113     1.0591 -9.990e-29
 208.491632     -0.554   2.320090     9.8571 -9.990e-29     -0.549     1.7163     1.0622 -9.990e-29
 208.491638     -0.554   2.343353     9.8660 -9.990e-29     -0.549     1.7341     1.0752 -9.990e-29
 208.491644     -0.557   2.478920     9.8697 -9.990e-29     -0.552     1.8401     1.1579 -9.990e-29
 208.491649     -0.558   2.673012 -9.990e-29 -9.990e-29     -0.553 -9.990e-29 -9.990e-29 -9.990e-29
