data/oxygen options/ONMS/Olympic_Coast_National_Marine_Sanctuary_Hypoxia_Survey_CTD_Data_2004_2015/raw_data/2004/CTD_TH70_072704faed.cnv
* Sea-Bird SBE19 Data File:
* FileName = C:\WINDOWS\Desktop\put hypoxia files here\CTD files\July 26_27-04\TH\TH7_072704.hex
* Software Version 1.1.4
* Temperature SN = 2997
* Conductivity SN = 2997
* System UpLoad Time = Jul 27 2004 12:00:57
* SEACAT PROFILER V3.1c SN 2997   07/27/04  12:00:39.418
* strain gauge pressure sensor: S/N = 184829,  range = 3000 psia,  tc = 40
# nquan = 9                                 
# nvalues = 746                         
# units = specified
# name 0 = timeJ: Julian Days
# name 1 = prSM: Pressure, Strain Gauge [db]
# name 2 = c0mS/cm: Conductivity [mS/cm]
# name 3 = t090C: Temperature [ITS-90, deg C]
# name 4 = oxML/L: Oxygen, Beckman/YSI [ml/l]
# name 5 = depSM: Depth [salt water, m], lat = 47.5
# name 6 = sal00: Salinity, Practical [PSU]
# name 7 = sigma-é00: Density [sigma-theta, kg/m^3]
# name 8 = flag: flag
# span 0 = 209.416505, 209.420816       
# span 1 =     -5.175,     70.564       
# span 2 =   1.004914,  40.043873       
# span 3 =     7.1722,    15.1876       
# span 4 =   -0.05439,   29.87260       
# span 5 =     -5.132,     69.963       
# span 6 =     0.6425,    33.7503       
# span 7 =    -0.2270,    26.4116       
# span 8 = 0.0000e+00, 0.0000e+00       
# interval = seconds: 0.5
# start_time = Jul 27 2004 09:59:46 [Instrument's time stamp, header]
# bad_flag = -9.990e-29
*END*
[from data line 321]
 209.418362      1.008  40.029086    15.1715    7.08011      1.000    32.2376    23.8063 -9.990e-29
 209.418368      1.005  40.029115    15.1729    7.08754      0.997    32.2365    23.8051 -9.990e-29
 209.418374      1.000  40.030372    15.1743    7.08257      0.992    32.2365    23.8048 -9.990e-29
 209.418380      0.998  40.031736    15.1756    7.08557      0.990    32.2366    23.8046 -9.990e-29
 209.418385      1.002  40.032787    15.1762    7.07558      0.994    32.2371    23.8048 -9.990e-29
 209.418391      1.008  40.033250    15.1759    7.08682      1.000    32.2378    23.8054 -9.990e-29
 209.418397      1.013  40.033191    15.1753    7.09299      1.005    32.2382    23.8059 -9.990e-29
 209.418403      1.017  40.033099    15.1750    7.09141      1.009    32.2384    23.8061 -9.990e-29
 209.418409      1.021  40.033421    15.1747    7.08077      1.012    32.2389    23.8065 -9.990e-29
 209.418414      1.023  40.033471    15.1741    7.06989      1.014    32.2394    23.8071 -9.990e-29
 209.418420      1.026  40.032761    15.1730    7.07147      1.017    32.2397    23.8075 -9.990e-29
 209.418426      1.028  40.031476    15.1717    7.07383      1.019    32.2396    23.8078 -9.990e-29
 209.418432      1.030  40.029594    15.1709    7.08402      1.021    32.2386    23.8071 -9.990e-29
 209.418438      1.032  40.027978    15.1713    7.08536      1.023    32.2368    23.8057 -9.990e-29
 209.418443      1.034  40.027848    15.1733    7.08056      1.025    32.2350    23.8039 -9.990e-29
 209.418449      1.036  40.029600    15.1757    7.07883      1.027    32.2346    23.8031 -9.990e-29
 209.418455      1.039  40.032210    15.1772    7.08652      1.030    32.2357    23.8036 -9.990e-29
 209.418461      1.042  40.034118    15.1784    7.09038      1.033    32.2365    23.8039 -9.990e-29
 209.418466      1.046  40.035631    15.1798    7.09437      1.037    32.2367    23.8037 -9.990e-29
 209.418472      1.051  40.037089    15.1808    7.08031      1.042    32.2372    23.8039 -9.990e-29
 209.418478      1.057  40.037639    15.1808    7.07686      1.048    32.2376    23.8043 -9.990e-29
 209.418484      1.065  40.037459    15.1796    7.07228      1.056    32.2385    23.8052 -9.990e-29
 209.418490      1.071  40.036880    15.1772    7.07807      1.062    32.2399    23.8068 -9.990e-29
 209.418495      1.070  40.035136    15.1737    7.08379      1.061    32.2412    23.8086 -9.990e-29
 209.418501      1.069  40.031593    15.1701    7.08853      1.060    32.2410    23.8092 -9.990e-29
 209.418507      1.069  40.027709    15.1681    7.08528      1.060    32.2392    23.8082 -9.990e-29
 209.418513      1.072  40.025606    15.1675    7.07706      1.063    32.2378    23.8073 -9.990e-29
 209.418519      1.078  40.025293    15.1676    7.08610      1.069    32.2374    23.8069 -9.990e-29
 209.418524      1.087  40.025798    15.1675    7.09848      1.078    32.2380    23.8074 -9.990e-29
 209.418530      1.095  40.026120    15.1672    7.10814      1.086    32.2385    23.8079 -9.990e-29
 209.418536      1.099  40.026133    15.1684    7.10605      1.090    32.2375    23.8068 -9.990e-29
 209.418542      1.103  40.027545    15.1722    7.09849      1.094    32.2356    23.8046 -9.990e-29
 209.418547      1.111  40.031124    15.1763    7.08065      1.102    32.2355    23.8036 -9.990e-29
 209.418553      1.124  40.034917    15.1785    7.08840      1.115    32.2371    23.8043 -9.990e-29
 209.418559      1.140  40.036693    15.1779    7.10312      1.130    32.2392    23.8061 -9.990e-29
 209.418565      1.149  40.035462    15.1752    7.10667      1.139    32.2403    23.8075 -9.990e-29
 209.418571      1.149  40.032398    15.1737    7.10133      1.139    32.2388    23.8067 -9.990e-29
 209.418576      1.143  40.030715    15.1750    7.08326      1.133    32.2362    23.8044 -9.990e-29
 209.418582      1.136  40.032104    15.1763    7.07054      1.127    32.2364    23.8042 -9.990e-29
 209.418588      1.127  40.033937    15.1744    7.08315      1.118    32.2396    23.8071 -9.990e-29
 209.418594      1.121  40.032493    15.1703    7.09804      1.112    32.2416    23.8096 -9.990e-29
 209.418600      1.119  40.028661    15.1676    7.10326      1.110    32.2404    23.8093 -9.990e-29
 209.418605      1.124  40.025758    15.1674    7.09176      1.115    32.2380    23.8074 -9.990e-29
 209.418611      1.130  40.024970    15.1684    7.08914      1.121    32.2365    23.8060 -9.990e-29
 209.418617      1.134  40.025438    15.1689    7.08982      1.125    32.2365    23.8059 -9.990e-29
 209.418623      1.136  40.026104    15.1682    7.09628      1.127    32.2376    23.8070 -9.990e-29
 209.418628      1.132  40.026352    15.1677    7.10675      1.123    32.2383    23.8076 -9.990e-29
 209.418634      1.122  40.026497    15.1684    7.09944      1.113    32.2378    23.8071 -9.990e-29
 209.418640      1.113  40.027467    15.1697    7.09066      1.104    32.2376    23.8067 -9.990e-29
 209.418646      1.109  40.028856    15.1706    7.09103      1.100    32.2381    23.8069 -9.990e-29
 209.418652      1.110  40.029697    15.1707    7.08884      1.101    32.2388    23.8073 -9.990e-29
 209.418657      1.117  40.029413    15.1697    7.09437      1.108    32.2394    23.8080 -9.990e-29
 209.418663      1.129  40.028172    15.1683    7.09966      1.120    32.2394    23.8083 -9.990e-29
 209.418669      1.147  40.026551    15.1676    7.08989      1.137    32.2385    23.8078 -9.990e-29
 209.418675      1.168  40.025740    15.1687    7.09170      1.158    32.2369    23.8063 -9.990e-29
 209.418681      1.186  40.026888    15.1706    7.08618      1.176    32.2363    23.8055 -9.990e-29
 209.418686      1.196  40.028703    15.1720    7.09760      1.186    32.2368    23.8055 -9.990e-29
 209.418692      1.199  40.030223    15.1733    7.10375      1.189    32.2371    23.8055 -9.990e-29
 209.418698      1.200  40.031777    15.1751    7.11244      1.190    32.2370    23.8050 -9.990e-29
 209.418704      1.204  40.033177    15.1769    7.09930      1.194    32.2368    23.8045 -9.990e-29
 209.418709      1.210  40.034592    15.1784    7.08972      1.200    32.2368    23.8042 -9.990e-29
 209.418715      1.219  40.036212    15.1795    7.08509      1.209    32.2374    23.8043 -9.990e-29
 209.418721      1.227  40.037375    15.1796    7.08952      1.217    32.2383    23.8051 -9.990e-29
 209.418727      1.230  40.037373    15.1786    7.09405      1.220    32.2392    23.8059 -9.990e-29
 209.418733      1.229  40.036191    15.1765    7.09724      1.219    32.2398    23.8069 -9.990e-29
 209.418738      1.228  40.033919    15.1745    7.09793      1.218    32.2394    23.8070 -9.990e-29
 209.418744      1.231  40.032003    15.1738    7.10756      1.221    32.2383    23.8063 -9.990e-29
 209.418750      1.234  40.031804    15.1740    7.10041      1.224    32.2379    23.8060 -9.990e-29
 209.418756      1.237  40.031918    15.1745    7.10150      1.227    32.2376    23.8056 -9.990e-29
 209.418762      1.244  40.031920    15.1758    7.09966      1.234    32.2366    23.8045 -9.990e-29
 209.418767      1.252  40.032922    15.1774    7.10150      1.242    32.2361    23.8038 -9.990e-29
 209.418773      1.257  40.034559    15.1786    7.10059      1.247    32.2366    23.8040 -9.990e-29
 209.418779      1.259  40.036196    15.1794    7.10249      1.248    32.2374    23.8044 -9.990e-29
 209.418785      1.259  40.037192    15.1791    7.09315      1.248    32.2386    23.8054 -9.990e-29
 209.418791      1.256  40.036618    15.1780    7.08823      1.246    32.2390    23.8059 -9.990e-29
 209.418796      1.250  40.035375    15.1773    7.08972      1.240    32.2384    23.8056 -9.990e-29
 209.418802      1.246  40.035158    15.1765    7.09585      1.236    32.2389    23.8062 -9.990e-29
 209.418808      1.246  40.035103    15.1755    7.10792      1.236    32.2397    23.8070 -9.990e-29
 209.418814      1.248  40.034561    15.1754    7.10310      1.238    32.2393    23.8067 -9.990e-29
 209.418819      1.250  40.034477    15.1760    7.10598      1.240    32.2387    23.8061 -9.990e-29
 209.418825      1.258  40.034725    15.1765    7.10356      1.247    32.2385    23.8059 -9.990e-29
 209.418831      1.267  40.035060    15.1760    7.10219      1.256    32.2392    23.8065 -9.990e-29
 209.418837      1.275  40.034792    15.1741    7.09901      1.264    32.2405    23.8079 -9.990e-29
 209.418843      1.280  40.032987    15.1719    7.09894      1.269    32.2407    23.8086 -9.990e-29
 209.418848      1.285  40.030030    15.1702    7.10000      1.274    32.2395    23.8080 -9.990e-29
 209.418854      1.288  40.027575    15.1694    7.10117      1.277    32.2379    23.8069 -9.990e-29
 209.418860      1.291  40.026822    15.1698    7.10222      1.280    32.2369    23.8061 -9.990e-29
 209.418866      1.294  40.027313    15.1708    7.10377      1.283    32.2365    23.8056 -9.990e-29
 209.418872      1.296  40.028567    15.1718    7.09473      1.285    32.2368    23.8056 -9.990e-29
 209.418877      1.297  40.029996    15.1723    7.09760      1.286    32.2377    23.8061 -9.990e-29
 209.418883      1.299  40.030684    15.1728    7.10329      1.288    32.2379    23.8062 -9.990e-29
 209.418889      1.300  40.030973    15.1738    7.10968      1.289    32.2373    23.8055 -9.990e-29
 209.418895      1.301  40.031795    15.1754    7.11101      1.290    32.2368    23.8048 -9.990e-29
 209.418900      1.303  40.033108    15.1768    7.09809      1.292    32.2368    23.8045 -9.990e-29
 209.418906      1.305  40.034404    15.1779    7.10064      1.294    32.2370    23.8044 -9.990e-29
 209.418912      1.307  40.035713    15.1790    7.11647      1.296    32.2373    23.8044 -9.990e-29
 209.418918      1.309  40.037082    15.1801    7.11945      1.298    32.2376    23.8044 -9.990e-29
 209.418924      1.312  40.038076    15.1812    7.11805      1.301    32.2376    23.8042 -9.990e-29
 209.418929      1.316  40.038887    15.1823    7.09594      1.305    32.2374    23.8038 -9.990e-29
 209.418935      1.321  40.040020    15.1826    7.08361      1.310    32.2382    23.8043 -9.990e-29
 209.418941      1.327  40.040726    15.1815    7.08805      1.316    32.2397    23.8057 -9.990e-29
 209.418947      1.330  40.039685    15.1798    7.10022      1.319    32.2402    23.8065 -9.990e-29
 209.418953      1.327  40.037740    15.1788    7.10586      1.316    32.2393    23.8060 -9.990e-29
 209.418958      1.322  40.036772    15.1785    7.10298      1.311    32.2387    23.8056 -9.990e-29
 209.418964      1.318  40.036598    15.1790    7.09034      1.307    32.2381    23.8050 -9.990e-29
 209.418970      1.314  40.036970    15.1799    7.08949      1.303    32.2377    23.8045 -9.990e-29
 209.418976      1.312  40.037809    15.1799    7.09870      1.301    32.2384    23.8051 -9.990e-29
 209.418981      1.311  40.037973    15.1794    7.10690      1.300    32.2390    23.8056 -9.990e-29
 209.418987      1.310  40.037669    15.1793    7.10309      1.299    32.2388    23.8055 -9.990e-29
 209.418993      1.310  40.037597    15.1795    7.10145      1.299    32.2386    23.8053 -9.990e-29
 209.418999      1.311  40.037649    15.1804    7.09277      1.300    32.2379    23.8045 -9.990e-29
 209.419005      1.312  40.038439    15.1818    7.09734      1.301    32.2374    23.8039 -9.990e-29
 209.419010      1.314  40.039882    15.1826    7.09801      1.303    32.2381    23.8042 -9.990e-29
 209.419016      1.317  40.040523    15.1829    7.10074      1.306    32.2384    23.8044 -9.990e-29
 209.419022      1.321  40.040640    15.1837    7.10187      1.310    32.2379    23.8038 -9.990e-29
 209.419028      1.327  40.041497    15.1848    7.09827      1.316    32.2377    23.8035 -9.990e-29
 209.419034      1.334  40.042538    15.1847    7.09217      1.323    32.2387    23.8043 -9.990e-29
 209.419039      1.343  40.042330    15.1826    7.09242      1.332    32.2403    23.8059 -9.990e-29
 209.419045      1.350  40.040020    15.1800    7.10867      1.339    32.2403    23.8065 -9.990e-29
 209.419051      1.353  40.037003    15.1787    7.11909      1.342    32.2387    23.8055 -9.990e-29
 209.419057      1.354  40.035973    15.1788    7.11325      1.343    32.2377    23.8047 -9.990e-29
 209.419063      1.359  40.036666    15.1798    7.10378      1.348    32.2375    23.8044 -9.990e-29
 209.419068      1.367  40.037747    15.1809    7.10077      1.356    32.2375    23.8042 -9.990e-29
 209.419074      1.376  40.038957    15.1796    7.10895      1.365    32.2397    23.8061 -9.990e-29
 209.419080      1.381  40.037968    15.1761    7.11141      1.369    32.2417    23.8084 -9.990e-29
 209.419086      1.382  40.034570    15.1735    7.10810      1.370    32.2408    23.8083 -9.990e-29
 209.419091      1.380  40.032071    15.1724    7.10015      1.368    32.2394    23.8075 -9.990e-29
 209.419097      1.379  40.031053    15.1715    7.10303      1.367    32.2393    23.8075 -9.990e-29
 209.419103      1.382  40.030706    15.1703    7.10618      1.370    32.2399    23.8083 -9.990e-29
 209.419109      1.392  40.030551    15.1684    7.10810      1.380    32.2414    23.8098 -9.990e-29
 209.419115      1.402  40.029243    15.1685    7.11536      1.390    32.2401    23.8088 -9.990e-29
 209.419120      1.411  40.028953    15.1723    7.09712      1.399    32.2367    23.8054 -9.990e-29
 209.419126      1.422  40.032647    15.1746    7.10037      1.410    32.2381    23.8060 -9.990e-29
 209.419132      1.437  40.035693    15.1720    7.10192      1.425    32.2430    23.8103 -9.990e-29
 209.419138      1.452  40.033160    15.1680    7.11200      1.440    32.2440    23.8119 -9.990e-29
 209.419144      1.473  40.028390    15.1660    7.12982      1.461    32.2414    23.8103 -9.990e-29
 209.419149      1.504  40.026231    15.1663    7.15113      1.491    32.2392    23.8086 -9.990e-29
 209.419155      1.548  40.026596    15.1672    7.18455      1.535    32.2387    23.8081 -9.990e-29
 209.419161      1.608  40.027713    15.1666    7.24893      1.595    32.2402    23.8093 -9.990e-29
 209.419167      1.684  40.027688    15.1636    7.28674      1.670    32.2426    23.8118 -9.990e-29
 209.419172      1.775  40.024790    15.1564    7.28357      1.760    32.2459    23.8159 -9.990e-29
 209.419178      1.888  40.018509    15.1387    7.27404      1.872    32.2548    23.8266 -9.990e-29
 209.419184      2.025  40.004381    15.1010    7.24462      2.008    32.2731    23.8489 0.0000e+00
 209.419190      2.191  39.972532    15.0381    7.16568      2.173    32.2963    23.8803 0.0000e+00
 209.419196      2.392  39.917516    14.9460    7.07674      2.372    32.3228    23.9205 0.0000e+00
 209.419201      2.629  39.836664    14.8077    7.02147      2.607    32.3644    23.9821 0.0000e+00
 209.419207      2.899  39.717542    14.5899    7.05964      2.875    32.4376    24.0847 0.0000e+00
 209.419213      3.201  39.534281    14.2951    7.05873      3.174    32.5173    24.2081 0.0000e+00
 209.419219      3.539  39.278165    14.0052    6.98864      3.509    32.5261    24.2750 0.0000e+00
 209.419225      3.917  39.018935    13.7896    6.89677      3.884    32.4686    24.2747 0.0000e+00
 209.419230      4.336  38.835044    13.6250    6.78571      4.300    32.4371    24.2838 0.0000e+00
 209.419236      4.794  38.704531    13.4569    6.67199      4.754    32.4581    24.3338 0.0000e+00
 209.419242      5.290  38.570024    13.2689    6.55572      5.246    32.4922    24.3978 0.0000e+00
 209.419248      5.826  38.415959    13.0709    6.42733      5.777    32.5166    24.4558 0.0000e+00
 209.419253      6.396  38.255103    12.8286    6.29942      6.343    32.5726    24.5467 0.0000e+00
 209.419259      6.999  38.063110    12.5160    6.16483      6.940    32.6602    24.6749 0.0000e+00
 209.419265      7.634  37.807205    12.2122    5.99218      7.570    32.6793    24.7475 0.0000e+00
 209.419271      8.295  37.554495    11.9864    5.82996      8.226    32.6326    24.7537 0.0000e+00
 209.419277      8.976  37.375746    11.8092    5.71106      8.901    32.6144    24.7724 0.0000e+00
