data/oxygen options/ONMS/Olympic_Coast_National_Marine_Sanctuary_Hypoxia_Survey_CTD_Data_2004_2015/raw_data/2004/CTD_CA90_082404faed.cnv
* Sea-Bird SBE19 Data File:
* FileName = C:\WINDOWS\Desktop\put hypoxia files here\CTD data\August 24_25-04\CA90_082404.hex
* Software Version 1.1.4
* Temperature SN = 2997
* Conductivity SN = 2997
* System UpLoad Time = Aug 24 2004 12:40:38
* SEACAT PROFILER V3.1c SN 2997   08/24/04  12:42:17.871
* strain gauge pressure sensor: S/N = 184829,  range = 3000 psia,  tc = 40
# nquan = 9                                 
# nvalues = 838                         
# units = specified
# name 0 = timeJ: Julian Days
# name 1 = prSM: Pressure, Strain Gauge [db]
# name 2 = c0mS/cm: Conductivity [mS/cm]
# name 3 = t090C: Temperature [ITS-90, deg C]
# name 4 = oxML/L: Oxygen, Beckman/YSI [ml/l]
# name 5 = depSM: Depth [salt water, m], lat = 47.5
# name 6 = sal00: Salinity, Practical [PSU]
# name 7 = sigma-é00: Density [sigma-theta, kg/m^3]
# name 8 = flag: flag
# span 0 = 237.498819, 237.503663       
# span 1 =     -4.892,     88.915       
# span 2 =   1.847623,  39.117322       
# span 3 =     7.6062,    15.0948       
# span 4 =   -0.04410,   30.40317       
# span 5 =     -4.851,     88.154       
# span 6 =     1.1770,    33.4838       
# span 7 =    -0.0031,    26.1389       
# span 8 = 0.0000e+00, 0.0000e+00       
# interval = seconds: 0.5
# start_time = Aug 24 2004 11:58:18 [Instrument's time stamp, header]
# bad_flag = -9.990e-29
*END*
[from data line 481]
 237.501603     31.322  35.033059     8.9559    4.35439     31.058    32.8184    25.4175 0.0000e+00
 237.501609     31.784  35.025520     8.9482    4.35025     31.516    32.8175    25.4180 0.0000e+00
 237.501615     32.260  35.021005     8.9443    4.35784     31.988    32.8162    25.4176 0.0000e+00
 237.501620     32.737  35.016818     8.9399    4.34911     32.461    32.8156    25.4179 0.0000e+00
 237.501626     33.208  35.010892     8.9289    4.32092     32.928    32.8194    25.4225 0.0000e+00
 237.501632     33.673  35.001475     8.9045    4.29295     33.389    32.8320    25.4361 0.0000e+00
 237.501638     34.138  34.983473     8.8667    4.27372     33.850    32.8480    25.4545 0.0000e+00
 237.501644     34.613  34.954735     8.8160    4.25030     34.321    32.8647    25.4755 0.0000e+00
 237.501649     35.094  34.919170     8.7481    4.23222     34.798    32.8903    25.5060 0.0000e+00
 237.501655     35.572  34.875320     8.6737    4.20986     35.272    32.9133    25.5354 0.0000e+00
 237.501661     36.048  34.829177     8.6147    4.16814     35.744    32.9197    25.5494 0.0000e+00
 237.501667     36.522  34.796563     8.5754    4.12864     36.214    32.9218    25.5570 0.0000e+00
 237.501672     36.994  34.777706     8.5453    4.08906     36.682    32.9298    25.5679 0.0000e+00
 237.501678     37.469  34.762587     8.5170    4.05959     37.153    32.9401    25.5802 0.0000e+00
 237.501684     37.947  34.746742     8.4866    4.03116     37.627    32.9516    25.5938 0.0000e+00
 237.501690     38.423  34.728661     8.4503    4.01613     38.099    32.9663    25.6108 0.0000e+00
 237.501696     38.898  34.706655     8.4047    4.01905     38.570    32.9855    25.6327 0.0000e+00
 237.501701     39.378  34.677724     8.3476    4.05035     39.046    33.0083    25.6591 0.0000e+00
 237.501707     39.861  34.637483     8.2854    4.09476     39.525    33.0239    25.6806 0.0000e+00
 237.501713     40.345  34.591128     8.2309    4.14803     40.004    33.0258    25.6902 0.0000e+00
 237.501719     40.826  34.551955     8.1883    4.19429     40.481    33.0240    25.6952 0.0000e+00
 237.501725     41.300  34.522654     8.1533    4.23671     40.951    33.0257    25.7016 0.0000e+00
 237.501730     41.768  34.498343     8.1235    4.27184     41.415    33.0277    25.7076 0.0000e+00
 237.501736     42.233  34.480233     8.0996    4.28066     41.876    33.0307    25.7135 0.0000e+00
 237.501742     42.696  34.470520     8.0811    4.27602     42.335    33.0376    25.7216 0.0000e+00
 237.501748     43.151  34.465776     8.0661    4.26373     42.786    33.0465    25.7308 0.0000e+00
 237.501753     43.597  34.461919     8.0516    4.25592     43.229    33.0559    25.7403 0.0000e+00
 237.501759     44.037  34.457168     8.0347    4.24137     43.665    33.0666    25.7512 0.0000e+00
 237.501765     44.473  34.450230     8.0122    4.23414     44.097    33.0802    25.7652 0.0000e+00
 237.501771     44.907  34.438581     7.9827    4.23663     44.527    33.0955    25.7815 0.0000e+00
 237.501777     45.342  34.420703     7.9500    4.24642     44.959    33.1072    25.7954 0.0000e+00
 237.501782     45.778  34.400783     7.9207    4.25200     45.391    33.1134    25.8046 0.0000e+00
 237.501788     46.218  34.385885     7.8973    4.25780     45.827    33.1195    25.8127 0.0000e+00
 237.501794     46.669  34.379125     7.8806    4.23577     46.274    33.1279    25.8217 0.0000e+00
 237.501800     47.137  34.379334     7.8705    4.21073     46.738    33.1374    25.8307 0.0000e+00
 237.501806     47.619  34.382304     7.8646    4.16908     47.216    33.1460    25.8383 0.0000e+00
 237.501811     48.102  34.384707     7.8604    4.13310     47.695    33.1523    25.8439 0.0000e+00
 237.501817     48.573  34.386944     7.8567    4.10958     48.162    33.1580    25.8489 0.0000e+00
 237.501823     49.025  34.388636     7.8519    4.09906     48.610    33.1642    25.8544 0.0000e+00
 237.501829     49.456  34.388114     7.8445    4.09657     49.037    33.1705    25.8604 0.0000e+00
 237.501834     49.867  34.384122     7.8351    4.08077     49.445    33.1749    25.8653 0.0000e+00
 237.501840     50.264  34.376945     7.8264    4.08063     49.838    33.1753    25.8669 0.0000e+00
 237.501846     50.655  34.369907     7.8193    4.07161     50.226    33.1743    25.8671 0.0000e+00
 237.501852     51.047  34.364835     7.8135    4.06970     50.615    33.1742    25.8679 0.0000e+00
 237.501858     51.447  34.362252     7.8106    4.06911     51.011    33.1740    25.8681 0.0000e+00
 237.501863     51.861  34.364321     7.8117    4.04781     51.422    33.1750    25.8688 0.0000e+00
 237.501869     52.288  34.371001     7.8162    4.03161     51.845    33.1777    25.8702 0.0000e+00
 237.501875     52.731  34.379987     7.8224    3.98893     52.284    33.1812    25.8721 0.0000e+00
 237.501881     53.186  34.389813     7.8284    3.95118     52.735    33.1858    25.8749 0.0000e+00
 237.501887     53.646  34.399007     7.8324    3.92078     53.191    33.1917    25.8789 0.0000e+00
 237.501892     54.103  34.405257     7.8330    3.89241     53.644    33.1976    25.8834 0.0000e+00
 237.501898     54.567  34.408491     7.8295    3.87308     54.104    33.2041    25.8891 0.0000e+00
 237.501904     55.037  34.411342     7.8235    3.83291     54.570    33.2127    25.8967 0.0000e+00
 237.501910     55.504  34.415373     7.8173    3.79864     55.033    33.2227    25.9055 0.0000e+00
 237.501916     55.971  34.419233     7.8107    3.77382     55.496    33.2329    25.9144 0.0000e+00
 237.501921     56.444  34.421343     7.8032    3.75429     55.965    33.2421    25.9227 0.0000e+00
 237.501927     56.913  34.422274     7.7959    3.75120     56.430    33.2498    25.9299 0.0000e+00
 237.501933     57.370  34.423269     7.7899    3.73451     56.883    33.2564    25.9359 0.0000e+00
 237.501939     57.809  34.424532     7.7860    3.71231     57.318    33.2613    25.9403 0.0000e+00
 237.501944     58.229  34.425504     7.7842    3.68833     57.735    33.2638    25.9426 0.0000e+00
 237.501950     58.639  34.426362     7.7827    3.67104     58.141    33.2660    25.9445 0.0000e+00
 237.501956     59.057  34.427130     7.7792    3.65963     58.556    33.2700    25.9481 0.0000e+00
 237.501962     59.495  34.427713     7.7737    3.65761     58.990    33.2756    25.9534 0.0000e+00
 237.501968     59.961  34.429453     7.7663    3.64593     59.452    33.2843    25.9613 0.0000e+00
 237.501973     60.455  34.434109     7.7556    3.61988     59.942    33.2993    25.9746 0.0000e+00
 237.501979     60.968  34.442846     7.7422    3.58938     60.450    33.3213    25.9938 0.0000e+00
 237.501985     61.492  34.453863     7.7291    3.53888     60.970    33.3454    26.0146 0.0000e+00
 237.501991     62.020  34.465590     7.7173    3.50846     61.493    33.3691    26.0349 0.0000e+00
 237.501997     62.552  34.480210     7.7057    3.46754     62.021    33.3956    26.0575 0.0000e+00
 237.502002     63.083  34.494797     7.6941    3.43594     62.547    33.4222    26.0800 0.0000e+00
 237.502008     63.603  34.503013     7.6833    3.40181     63.062    33.4412    26.0965 0.0000e+00
 237.502014     64.109  34.505724     7.6752    3.36098     63.564    33.4517    26.1059 0.0000e+00
 237.502020     64.593  34.506544     7.6704    3.33489     64.044    33.4569    26.1107 0.0000e+00
 237.502025     65.047  34.506567     7.6677    3.31806     64.494    33.4593    26.1130 0.0000e+00
 237.502031     65.470  34.506381     7.6660    3.29748     64.913    33.4606    26.1142 0.0000e+00
 237.502037     65.868  34.506302     7.6647    3.29179     65.308    33.4615    26.1152 0.0000e+00
 237.502043     66.254  34.506226     7.6633    3.26504     65.690    33.4626    26.1162 0.0000e+00
 237.502049     66.638  34.506052     7.6613    3.25037     66.071    33.4642    26.1177 0.0000e+00
 237.502054     67.032  34.505552     7.6588    3.24843     66.462    33.4658    26.1194 0.0000e+00
 237.502060     67.445  34.504621     7.6564    3.25275     66.871    33.4670    26.1206 0.0000e+00
 237.502066     67.868  34.503704     7.6544    3.25472     67.291    33.4677    26.1215 0.0000e+00
 237.502072     68.294  34.503258     7.6531    3.23614     67.713    33.4683    26.1221 0.0000e+00
 237.502078     68.720  34.503251     7.6526    3.21859     68.135    33.4685    26.1224 0.0000e+00
 237.502083     69.135  34.503675     7.6529    3.21002     68.547    33.4685    26.1224 0.0000e+00
 237.502089     69.530  34.504534     7.6539    3.20053     68.938    33.4683    26.1220 0.0000e+00
 237.502095     69.910  34.505294     7.6547    3.20862     69.315    33.4681    26.1218 0.0000e+00
 237.502101     70.285  34.505290     7.6544    3.19709     69.687    33.4682    26.1220 0.0000e+00
 237.502106     70.671  34.504518     7.6533    3.19709     70.069    33.4683    26.1222 0.0000e+00
 237.502112     71.079  34.503635     7.6521    3.19319     70.474    33.4683    26.1223 0.0000e+00
 237.502118     71.515  34.503147     7.6514    3.19144     70.906    33.4682    26.1224 0.0000e+00
 237.502124     71.975  34.502966     7.6508    3.19462     71.362    33.4684    26.1226 0.0000e+00
 237.502130     72.455  34.502852     7.6498    3.19170     71.838    33.4690    26.1233 0.0000e+00
 237.502135     72.951  34.502651     7.6479    3.18247     72.329    33.4704    26.1246 0.0000e+00
 237.502141     73.456  34.502098     7.6449    3.17540     72.830    33.4724    26.1267 0.0000e+00
 237.502147     73.960  34.501018     7.6416    3.17100     73.330    33.4742    26.1285 0.0000e+00
 237.502153     74.459  34.499651     7.6387    3.18614     73.824    33.4753    26.1298 0.0000e+00
 237.502159     74.956  34.498418     7.6351    3.19816     74.317    33.4772    26.1318 0.0000e+00
 237.502164     75.444  34.496799     7.6289    3.19581     74.801    33.4812    26.1358 0.0000e+00
 237.502170     75.911  34.493194     7.6219    3.19685     75.264    33.4838    26.1389 0.0000e+00
 237.502176     76.344  34.488402     7.6175    3.18433     75.693    33.4827    26.1386 0.0000e+00
 237.502182     76.740  34.485561     7.6164    3.18634     76.085    33.4805    26.1371 0.0000e+00
 237.502187     77.112  34.485368     7.6172    3.19919     76.454    33.4793    26.1361 0.0000e+00
 237.502193     77.470  34.486448     7.6178    3.20336     76.809    33.4797    26.1363 0.0000e+00
 237.502199     77.824  34.486878     7.6166    3.20878     77.160    33.4812    26.1376 0.0000e+00
 237.502205     78.189  34.485553     7.6148    3.20705     77.522    33.4813    26.1380 0.0000e+00
 237.502211     78.574  34.484075     7.6144    3.21289     77.903    33.4799    26.1370 0.0000e+00
 237.502216     78.983  34.483838     7.6152    3.20745     78.309    33.4787    26.1359 0.0000e+00
 237.502222     79.417  34.484527     7.6160    3.20457     78.739    33.4785    26.1356 0.0000e+00
 237.502228     79.871  34.485383     7.6163    3.21236     79.189    33.4789    26.1359 0.0000e+00
 237.502234     80.337  34.485866     7.6164    3.20396     79.651    33.4791    26.1360 0.0000e+00
 237.502240     80.798  34.486060     7.6166    3.20699     80.108    33.4789    26.1359 0.0000e+00
 237.502245     81.235  34.486223     7.6169    3.21426     80.541    33.4786    26.1356 0.0000e+00
 237.502251     81.643  34.486575     7.6170    3.20657     80.946    33.4787    26.1356 0.0000e+00
 237.502257     82.021  34.487025     7.6168    3.20053     81.320    33.4791    26.1361 0.0000e+00
 237.502263     82.371  34.487053     7.6166    3.19701     81.667    33.4792    26.1361 0.0000e+00
 237.502269     82.700  34.486698     7.6167    3.20504     81.993    33.4786    26.1356 0.0000e+00
 237.502274     83.010  34.486612     7.6166    3.21334     82.301    33.4784    26.1355 0.0000e+00
 237.502280     83.314  34.486681     7.6156    3.20935     82.602    33.4793    26.1364 0.0000e+00
 237.502286     83.633  34.485881     7.6137    3.19755     82.918    33.4801    26.1373 0.0000e+00
 237.502292     83.986  34.484268     7.6117    3.18280     83.268    33.4802    26.1376 0.0000e+00
 237.502297     84.372  34.483058     7.6102    3.19166     83.651    33.4801    26.1378 0.0000e+00
 237.502303     84.790  34.482323     7.6092    3.21703     84.065    33.4801    26.1379 0.0000e+00
 237.502309     85.232  34.481642     7.6086    3.22767     84.503    33.4797    26.1377 0.0000e+00
 237.502315     85.689  34.481231     7.6081    3.22096     84.956    33.4795    26.1376 0.0000e+00
 237.502321     86.155  34.481104     7.6074    3.22137     85.418    33.4798    26.1380 0.0000e+00
 237.502326     86.616  34.481090     7.6068    3.22277     85.875    33.4802    26.1384 0.0000e+00
 237.502332     87.055  34.481172     7.6066    3.22705     86.310    33.4803    26.1385 0.0000e+00
 237.502338     87.462  34.481463     7.6071    3.22894     86.714    33.4799    26.1381 0.0000e+00
 237.502344     87.823  34.481796     7.6079    3.23266     87.072    33.4793    26.1375 0.0000e+00
 237.502350     88.124  34.481495     7.6086    3.23042     87.370    33.4782    26.1365 0.0000e+00
 237.502355     88.361  34.479603     7.6091    3.22992     87.605    33.4755    26.1344 0.0000e+00
 237.502361     88.546  34.474161     7.6095    3.22792     87.788    33.4692    26.1294 0.0000e+00
 237.502367     88.689  34.465205     7.6099    3.22384     87.930    33.4591    26.1214 -9.990e-29
 237.502373     88.797  34.455374     7.6102    3.21629     88.037    33.4481    26.1127 -9.990e-29
 237.502378     88.868  34.442214     7.6105    3.21350     88.107    33.4336    26.1013 -9.990e-29
 237.502384     88.905  34.432845     7.6107    3.22288     88.144    33.4233    26.0931 -9.990e-29
 237.502390     88.915  34.437200     7.6107    3.22670     88.154    33.4280    26.0968 -9.990e-29
 237.502396     88.896  34.444277     7.6106    3.22166     88.135    33.4357    26.1029 -9.990e-29
 237.502402     88.841  34.447825     7.6107    3.19148     88.081    33.4395    26.1059 -9.990e-29
 237.502407     88.746  34.452579     7.6105    3.15476     87.986    33.4449    26.1101 -9.990e-29
 237.502413     88.611  34.459839     7.6096    3.17712     87.853    33.4536    26.1171 0.0000e+00
 237.502419     88.436  34.468642     7.6085    3.19259     87.679    33.4643    26.1256 0.0000e+00
 237.502425     88.216  34.475596     7.6074    3.16562     87.461    33.4729    26.1326 0.0000e+00
 237.502431     87.956  34.478769     7.6066    3.16137     87.203    33.4772    26.1361 0.0000e+00
 237.502436     87.665  34.479598     7.6063    3.14926     86.915    33.4786    26.1372 0.0000e+00
 237.502442     87.351  34.479754     7.6062    3.16769     86.604    33.4790    26.1375 0.0000e+00
 237.502448     87.018  34.479453     7.6062    3.20702     86.274    33.4788    26.1374 0.0000e+00
 237.502454     86.667  34.478862     7.6063    3.21137     85.926    33.4782    26.1369 0.0000e+00
 237.502459     86.297  34.478321     7.6068    3.20821     85.559    33.4774    26.1361 0.0000e+00
 237.502465     85.911  34.478238     7.6076    3.20106     85.176    33.4767    26.1355 0.0000e+00
 237.502471     85.509  34.478507     7.6083    3.20168     84.778    33.4765    26.1352 0.0000e+00
 237.502477     85.096  34.478936     7.6090    3.19467     84.368    33.4765    26.1351 0.0000e+00
 237.502483     84.680  34.479544     7.6098    3.18355     83.956    33.4766    26.1351 0.0000e+00
 237.502488     84.268  34.480029     7.6109    3.17947     83.548    33.4762    26.1346 0.0000e+00
 237.502494     83.866  34.480484     7.6119    3.17716     83.149    33.4759    26.1343 0.0000e+00
 237.502500     83.472  34.480963     7.6129    3.18282     82.759    33.4757    26.1339 0.0000e+00
 237.502506     83.087  34.481552     7.6144    3.17782     82.377    33.4751    26.1332 0.0000e+00
 237.502512     82.709  34.482485     7.6159    3.16757     82.002    33.4748    26.1328 0.0000e+00
 237.502517     82.334  34.483329     7.6170    3.16527     81.631    33.4748    26.1326 0.0000e+00
