data/oxygen options/ONMS/Olympic_Coast_National_Marine_Sanctuary_Hypoxia_Survey_CTD_Data_2004_2015/raw_data/2004/CTD_CA30_090804faed.cnv
* Sea-Bird SBE19 Data File:
* FileName = C:\WINDOWS\Desktop\put hypoxia files here\CTD data\September 07_0804\CA\raw\CA30_090804.hex
* Software Version 1.1.4
* Temperature SN = 2997
* Conductivity SN = 2997
* System UpLoad Time = Sep 08 2004 10:22:00
* SEACAT PROFILER V3.1c SN 2997   09/08/04  10:24:27.585
* strain gauge pressure sensor: S/N = 184829,  range = 3000 psia,  tc = 40
# nquan = 9                                 
# nvalues = 560                         
# units = specified
# name 0 = timeJ: Julian Days
# name 1 = prSM: Pressure, Strain Gauge [db]
# name 2 = c0mS/cm: Conductivity [mS/cm]
# name 3 = t090C: Temperature [ITS-90, deg C]
# name 4 = oxML/L: Oxygen, Beckman/YSI [ml/l]
# name 5 = depSM: Depth [salt water, m], lat = 47.5
# name 6 = sal00: Salinity, Practical [PSU]
# name 7 = sigma-é00: Density [sigma-theta, kg/m^3]
# name 8 = flag: flag
# span 0 = 252.370729, 252.373964       
# span 1 =     -4.597,     30.987       
# span 2 =   1.866779,  39.021332       
# span 3 =     7.8530,    14.3966       
# span 4 =   -0.05412,   30.82344       
# span 5 =     -4.559,     30.726       
# span 6 =     1.2182,    33.4192       
# span 7 =     0.1682,    26.0543       
# span 8 = 0.0000e+00, 0.0000e+00       
# interval = seconds: 0.5
# start_time = Sep 08 2004 08:53:51 [Instrument's time stamp, header]
# bad_flag = -9.990e-29
*END*
 252.370729     -4.597 -9.990e-29    14.1575   -0.05408     -4.559 -9.990e-29 -9.990e-29 -9.990e-29
 252.370735     -4.587   1.866779    14.1584   -0.05412     -4.549     1.2182     0.1682 -9.990e-29
 252.370741     -4.575   2.041995    14.1598   -0.04468     -4.537     1.3388     0.2612 -9.990e-29
 252.370747     -4.558   2.166296    14.1624   -0.04453     -4.520     1.4248     0.3273 -9.990e-29
 252.370752     -4.537   2.154263    14.1655   -0.04447     -4.499     1.4163     0.3203 -9.990e-29
 252.370758     -4.510   2.065129    14.1678   -0.04446     -4.472     1.3545     0.2722 -9.990e-29
 252.370764     -4.479   1.969305    14.1692   -0.04446     -4.442     1.2884     0.2209 -9.990e-29
 252.370770     -4.447   1.909422    14.1711   -0.04446     -4.410     1.2471     0.1887 -9.990e-29
 252.370775     -4.408   1.936435    14.1740   -0.04445     -4.371     1.2656     0.2026 -9.990e-29
 252.370781     -4.355   2.164074    14.1794   -0.04448     -4.319     1.4226     0.3232 -9.990e-29
 252.370787     -4.284   3.010303    14.1929   -0.04457     -4.248     2.0155     0.7791 -9.990e-29
 252.370793     -4.190   5.720651    14.2302   -0.04460     -4.155     3.9861     2.2922 -9.990e-29
 252.370799     -4.069  13.987246    14.2920   -0.04461     -4.035    10.4121     7.2184 -9.990e-29
 252.370804     -3.925  26.454771    14.3471   -0.04454     -3.892    20.8281    15.2015 -9.990e-29
 252.370810     -3.779  34.801929    14.3763   -0.04455     -3.747    28.1642    20.8364 -9.990e-29
 252.370816     -3.647  37.597374    14.3878   -0.04457     -3.617    30.6775    22.7700 -9.990e-29
 252.370822     -3.530  38.530275    14.3905   -0.04457     -3.501    31.5234    23.4215 -9.990e-29
 252.370828     -3.420  38.841750    14.3828   -0.04458     -3.391    31.8136    23.6468 -9.990e-29
 252.370833     -3.318  38.943784    14.3553   -0.04458     -3.290    31.9293    23.7418 -9.990e-29
 252.370839     -3.232  38.967984    14.3146   -0.04453     -3.205    31.9850    23.7932 -9.990e-29
 252.370845     -3.159  38.957887    14.2862   -0.04450     -3.133    31.9992    23.8101 -9.990e-29
 252.370851     -3.100  38.939908    14.2842   -0.04450     -3.074    31.9844    23.7991 -9.990e-29
 252.370856     -3.055  38.927702    14.2968   -0.04450     -3.030    31.9628    23.7798 -9.990e-29
 252.370862     -3.017  38.926357    14.3020   -0.04451     -2.992    31.9573    23.7745 -9.990e-29
 252.370868     -2.979  38.931327    14.2971   -0.04454     -2.954    31.9659    23.7821 -9.990e-29
 252.370874     -2.938  38.931343    14.2928   -0.04453     -2.914    31.9694    23.7857 -9.990e-29
 252.370880     -2.897  38.930403    14.2944   -0.04451     -2.873    31.9672    23.7837 -9.990e-29
 252.370885     -2.862  38.931791    14.3069   -0.04452     -2.838    31.9581    23.7741 -9.990e-29
 252.370891     -2.834  38.931237    14.3293   -0.04452     -2.810    31.9391    23.7548 -9.990e-29
 252.370897     -2.807  38.936466    14.3500   -0.04453     -2.784    31.9268    23.7410 -9.990e-29
 252.370903     -2.772  38.950578    14.3604   -0.04455     -2.749    31.9311    23.7421 -9.990e-29
 252.370909     -2.726  38.959906    14.3611   -0.04452     -2.703    31.9390    23.7481 -9.990e-29
 252.370914     -2.678  38.957309    14.3540   -0.04450     -2.656    31.9425    23.7522 -9.990e-29
 252.370920     -2.644  38.948911    14.3444   -0.04450     -2.622    31.9427    23.7544 -9.990e-29
 252.370926     -2.628  38.940955    14.3409   -0.04450     -2.606    31.9383    23.7518 -9.990e-29
 252.370932     -2.622  38.939713    14.3440   -0.04451     -2.600    31.9346    23.7483 -9.990e-29
 252.370938     -2.613  38.948065    14.3465   -0.04452     -2.591    31.9402    23.7520 -9.990e-29
 252.370943     -2.596  38.955318    14.3441   -0.04453     -2.574    31.9488    23.7592 -9.990e-29
 252.370949     -2.569  38.953805    14.3382   -0.04451     -2.548    31.9523    23.7631 -9.990e-29
 252.370955     -2.535  38.948852    14.3366   -0.04450     -2.514    31.9491    23.7609 -9.990e-29
 252.370961     -2.501  38.945126    14.3450   -0.04450     -2.480    31.9387    23.7512 -9.990e-29
 252.370966     -2.468  38.946681    14.3578   -0.04450     -2.447    31.9295    23.7415 -9.990e-29
 252.370972     -2.431  38.953398    14.3669   -0.04451     -2.411    31.9282    23.7385 -9.990e-29
 252.370978     -2.383  38.954651    14.3694   -0.04450     -2.363    31.9272    23.7373 -9.990e-29
 252.370984     -2.328  38.947115    14.3649   -0.04450     -2.309    31.9240    23.7358 -9.990e-29
 252.370990     -2.282  38.939868    14.3567   -0.04449     -2.263    31.9242    23.7376 -9.990e-29
 252.370995     -2.249  38.936760    14.3526   -0.04449     -2.230    31.9247    23.7388 -9.990e-29
 252.371001     -2.218  38.936501    14.3567   -0.04449     -2.200    31.9211    23.7352 -9.990e-29
 252.371007     -2.184  38.941602    14.3641   -0.04448     -2.166    31.9196    23.7325 -9.990e-29
 252.371013     -2.153  38.949937    14.3699   -0.04448     -2.135    31.9224    23.7335 -9.990e-29
 252.371019     -2.123  38.950792    14.3728   -0.04449     -2.105    31.9208    23.7316 -9.990e-29
 252.371024     -2.088  38.943115    14.3739   -0.04449     -2.071    31.9129    23.7253 -9.990e-29
 252.371030     -2.050  38.936918    14.3755   -0.04450     -2.033    31.9059    23.7196 -9.990e-29
 252.371036     -2.015  38.936330    14.3779   -0.04450     -1.998    31.9033    23.7171 -9.990e-29
 252.371042     -1.984  38.938936    14.3805   -0.04450     -1.967    31.9036    23.7167 -9.990e-29
 252.371047     -1.957  38.943773    14.3830   -0.04451     -1.941    31.9059    23.7180 -9.990e-29
 252.371053     -1.931  38.950608    14.3851   -0.04451     -1.915    31.9104    23.7211 -9.990e-29
 252.371059     -1.905  38.956826    14.3864   -0.04451     -1.889    31.9150    23.7243 -9.990e-29
 252.371065     -1.881  38.964037    14.3865   -0.04450     -1.865    31.9215    23.7293 -9.990e-29
 252.371071     -1.862  38.972367    14.3857   -0.04450     -1.846    31.9297    23.7358 -9.990e-29
 252.371076     -1.842  38.971659    14.3837   -0.04451     -1.827    31.9307    23.7370 -9.990e-29
 252.371082     -1.821  38.960459    14.3800   -0.04454     -1.806    31.9236    23.7323 -9.990e-29
 252.371088     -1.806  38.950249    14.3760   -0.04451     -1.791    31.9175    23.7285 -9.990e-29
 252.371094     -1.795  38.946540    14.3735   -0.04448     -1.780    31.9162    23.7280 -9.990e-29
 252.371100     -1.784  38.946680    14.3722   -0.04448     -1.769    31.9174    23.7291 -9.990e-29
 252.371105     -1.776  38.945859    14.3709   -0.04448     -1.761    31.9177    23.7297 -9.990e-29
 252.371111     -1.771  38.943592    14.3704   -0.04449     -1.756    31.9161    23.7285 -9.990e-29
 252.371117     -1.763  38.945883    14.3713   -0.04449     -1.748    31.9174    23.7293 -9.990e-29
 252.371123     -1.758  38.953031    14.3699   -0.04447     -1.743    31.9251    23.7356 -9.990e-29
 252.371128     -1.758  38.956667    14.3620   -0.04447     -1.743    31.9349    23.7448 -9.990e-29
 252.371134     -1.765  38.955517    14.3541   -0.04448     -1.750    31.9404    23.7507 -9.990e-29
 252.371140     -1.777  38.957075    14.3583   -0.04449     -1.762    31.9384    23.7482 -9.990e-29
 252.371146     -1.788  38.968515    14.3716   -0.04449     -1.773    31.9378    23.7450 -9.990e-29
 252.371152     -1.786  38.986627    14.3806   -0.04449     -1.771    31.9469    23.7502 -9.990e-29
 252.371157     -1.774  38.996347    14.3815   -0.04447     -1.759    31.9551    23.7562 -9.990e-29
 252.371163     -1.765  38.993298    14.3789   -0.04446     -1.750    31.9544    23.7563 -9.990e-29
 252.371169     -1.761  38.987491    14.3785   -0.04446     -1.746    31.9494    23.7525 -9.990e-29
 252.371175     -1.764  38.988624    14.3816   -0.04447     -1.749    31.9479    23.7507 -9.990e-29
 252.371181     -1.765  38.996572    14.3846   -0.04447     -1.750    31.9527    23.7538 -9.990e-29
 252.371186     -1.750  39.002351    14.3849   -0.04448     -1.735    31.9577    23.7576 -9.990e-29
 252.371192     -1.724  39.001378    14.3825   -0.04448     -1.710    31.9588    23.7589 -9.990e-29
 252.371198     -1.697  38.995772    14.3807   -0.04448     -1.683    31.9552    23.7565 -9.990e-29
 252.371204     -1.672  38.990449    14.3833   -0.04447     -1.658    31.9482    23.7506 -9.990e-29
 252.371209     -1.647  38.990143    14.3898   -0.04447     -1.633    31.9425    23.7448 -9.990e-29
 252.371215     -1.621  38.996179    14.3953   -0.04447     -1.607    31.9435    23.7444 -9.990e-29
 252.371221     -1.593  39.005997    14.3966   16.24761     -1.580    31.9513    23.7502 -9.990e-29
 252.371227     -1.559  39.013105    14.3949   28.90716     -1.546    31.9592    23.7567 -9.990e-29
 252.371233     -1.523  39.013008    14.3920   30.82344     -1.510    31.9615    23.7590 -9.990e-29
 252.371238     -1.491  39.008432    14.3889   27.27098     -1.479    31.9599    23.7584 -9.990e-29
 252.371244     -1.465  39.003984    14.3875   18.05461     -1.453    31.9570    23.7565 -9.990e-29
 252.371250     -1.444  39.002198    14.3888   14.04717     -1.432    31.9542    23.7541 -9.990e-29
 252.371256     -1.425  39.004109    14.3918   14.05988     -1.413    31.9535    23.7529 -9.990e-29
 252.371262     -1.404  39.007267    14.3947   14.02218     -1.392    31.9540    23.7527 -9.990e-29
 252.371267     -1.379  39.008079    14.3955   14.01791     -1.367    31.9541    23.7526 -9.990e-29
 252.371273     -1.357  39.005997    14.3923   14.01313     -1.346    31.9548    23.7538 -9.990e-29
 252.371279     -1.337  39.004468    14.3864   10.95502     -1.326    31.9583    23.7577 -9.990e-29
 252.371285     -1.313  39.005991    14.3821    7.63396     -1.302    31.9632    23.7624 -9.990e-29
 252.371291     -1.289  39.008158    14.3806    5.74647     -1.278    31.9664    23.7652 -9.990e-29
 252.371296     -1.270  39.009421    14.3800    5.17913     -1.259    31.9680    23.7666 -9.990e-29
 252.371302     -1.260  39.009831    14.3794    6.23861     -1.249    31.9689    23.7674 -9.990e-29
 252.371308     -1.255  39.009424    14.3791    7.06960     -1.245    31.9688    23.7673 -9.990e-29
 252.371314     -1.244  39.008829    14.3785    7.40018     -1.234    31.9687    23.7674 -9.990e-29
 252.371319     -1.229  39.007865    14.3779    7.61504     -1.219    31.9683    23.7673 -9.990e-29
 252.371325     -1.220  39.006983    14.3789    7.71582     -1.210    31.9667    23.7658 -9.990e-29
 252.371331     -1.225  39.007860    14.3815    7.77322     -1.215    31.9654    23.7642 -9.990e-29
 252.371337     -1.236  39.010593    14.3844    7.82527     -1.226    31.9655    23.7637 -9.990e-29
 252.371343     -1.242  39.013268    14.3862    7.86411     -1.232    31.9664    23.7640 -9.990e-29
 252.371348     -1.238  39.014453    14.3864    7.89911     -1.228    31.9673    23.7647 -9.990e-29
 252.371354     -1.224  39.014098    14.3862    7.91679     -1.214    31.9672    23.7646 -9.990e-29
 252.371360     -1.203  39.013464    14.3863    7.92029     -1.193    31.9665    23.7641 -9.990e-29
 252.371366     -1.183  39.014000    14.3868    7.92419     -1.173    31.9666    23.7640 -9.990e-29
 252.371372     -1.166  39.014790    14.3875    7.91789     -1.156    31.9667    23.7640 -9.990e-29
 252.371377     -1.148  39.014692    14.3888    7.90649     -1.138    31.9655    23.7628 -9.990e-29
 252.371383     -1.122  39.014747    14.3909    7.89904     -1.113    31.9638    23.7611 -9.990e-29
 252.371389     -1.092  39.015081    14.3927    7.89644     -1.083    31.9627    23.7598 -9.990e-29
 252.371395     -1.059  39.016191    14.3939    7.90345     -1.050    31.9627    23.7595 -9.990e-29
 252.371400     -1.027  39.019046    14.3952    7.91211     -1.018    31.9642    23.7604 -9.990e-29
 252.371406     -1.001  39.021332    14.3958    7.89855     -0.993    31.9658    23.7615 -9.990e-29
 252.371412     -0.980  39.021099    14.3951    7.88882     -0.972    31.9661    23.7620 -9.990e-29
 252.371418     -0.958  39.019210    14.3937    7.88900     -0.950    31.9655    23.7618 -9.990e-29
 252.371424     -0.934  39.016563    14.3921    7.88763     -0.926    31.9644    23.7613 -9.990e-29
 252.371429     -0.906  39.014167    14.3910    7.89008     -0.898    31.9631    23.7605 -9.990e-29
 252.371435     -0.881  39.012805    14.3908    7.88433     -0.874    31.9621    23.7597 -9.990e-29
 252.371441     -0.871  39.010148    14.3915    7.87410     -0.864    31.9591    23.7573 -9.990e-29
 252.371447     -0.874  39.006630    14.3924    7.86916     -0.867    31.9551    23.7540 -9.990e-29
 252.371453     -0.883  39.006767    14.3928    7.86730     -0.876    31.9549    23.7538 -9.990e-29
 252.371458     -0.894  39.010206    14.3921    7.86901     -0.887    31.9586    23.7568 -9.990e-29
 252.371464     -0.902  39.013331    14.3901    7.86528     -0.894    31.9631    23.7607 -9.990e-29
 252.371470     -0.901  39.014160    14.3877    7.87299     -0.893    31.9659    23.7633 -9.990e-29
 252.371476     -0.889  39.013437    14.3866    7.87348     -0.882    31.9661    23.7637 -9.990e-29
 252.371481     -0.875  39.013012    14.3867    7.86882     -0.868    31.9656    23.7633 -9.990e-29
 252.371487     -0.863  39.012884    14.3862    7.85988     -0.856    31.9659    23.7637 -9.990e-29
 252.371493     -0.850  39.012332    14.3844    7.83148     -0.843    31.9669    23.7648 -9.990e-29
 252.371499     -0.837  39.010629    14.3818    7.82325     -0.830    31.9675    23.7658 -9.990e-29
 252.371505     -0.823  39.008317    14.3786    7.82895     -0.816    31.9680    23.7669 -9.990e-29
 252.371510     -0.807  39.006809    14.3746    7.83952     -0.800    31.9699    23.7692 -9.990e-29
 252.371516     -0.788  39.004663    14.3712    7.84749     -0.781    31.9708    23.7705 -9.990e-29
 252.371522     -0.768  39.002390    14.3707    7.83350     -0.762    31.9691    23.7694 -9.990e-29
 252.371528     -0.756  39.002578    14.3721    7.82106     -0.750    31.9681    23.7683 -9.990e-29
 252.371534     -0.755  39.003801    14.3729    7.81559     -0.749    31.9686    23.7685 -9.990e-29
 252.371539     -0.755  39.004333    14.3726    7.81455     -0.749    31.9693    23.7691 -9.990e-29
 252.371545     -0.745  39.003770    14.3711    7.81059     -0.739    31.9700    23.7700 -9.990e-29
 252.371551     -0.723  39.002495    14.3695    7.80595     -0.717    31.9702    23.7704 -9.990e-29
 252.371557     -0.697  39.001620    14.3689    7.80300     -0.691    31.9699    23.7703 -9.990e-29
 252.371563     -0.674  39.001108    14.3690    7.80762     -0.668    31.9693    23.7699 -9.990e-29
 252.371568     -0.657  39.000283    14.3683    7.81347     -0.652    31.9691    23.7699 -9.990e-29
 252.371574     -0.643  38.997493    14.3665    7.81128     -0.638    31.9681    23.7694 -9.990e-29
 252.371580     -0.633  38.988466    14.3644    7.79861     -0.628    31.9616    23.7649 -9.990e-29
 252.371586     -0.622  38.980808    14.3632    7.78524     -0.617    31.9555    23.7605 -9.990e-29
 252.371591     -0.604  38.985632    14.3629    7.77804     -0.599    31.9602    23.7641 -9.990e-29
 252.371597     -0.584  38.993112    14.3627    7.78822     -0.579    31.9672    23.7695 -9.990e-29
 252.371603     -0.562  38.995278    14.3622    7.79185     -0.557    31.9696    23.7715 -9.990e-29
 252.371609     -0.540  38.995588    14.3619    7.79718     -0.535    31.9701    23.7720 -9.990e-29
 252.371615     -0.518  38.995024    14.3620    7.79239     -0.514    31.9695    23.7715 -9.990e-29
 252.371620     -0.505  38.992841    14.3623    7.79319     -0.501    31.9672    23.7697 -9.990e-29
 252.371626     -0.500  38.991185    14.3626    7.79768     -0.496    31.9655    23.7683 -9.990e-29
 252.371632     -0.493  38.992907    14.3628    7.78834     -0.489    31.9669    23.7693 -9.990e-29
 252.371638     -0.480  38.995262    14.3629    7.78104     -0.476    31.9689    23.7709 -9.990e-29
 252.371644     -0.460  38.996351    14.3630    7.78106     -0.456    31.9698    23.7715 -9.990e-29
 252.371649     -0.437  38.997073    14.3630    7.79298     -0.433    31.9705    23.7720 -9.990e-29
