data/oxygen options/ONMS/Olympic_Coast_National_Marine_Sanctuary_Hypoxia_Survey_CTD_Data_2004_2015/raw_data/2004/CTD_CA60_072704faed.cnv
* Sea-Bird SBE19 Data File:
* FileName = C:\WINDOWS\Desktop\put hypoxia files here\CTD files\July 26_27-04\CA\CA6_072704.hex
* Software Version 1.1.4
* Temperature SN = 2997
* Conductivity SN = 2997
* System UpLoad Time = Jul 27 2004 15:37:14
* SEACAT PROFILER V3.1c SN 2997   07/27/04  15:36:48.451
* strain gauge pressure sensor: S/N = 184829,  range = 3000 psia,  tc = 40
# nquan = 9                                 
# nvalues = 751                         
# units = specified
# name 0 = timeJ: Julian Days
# name 1 = prSM: Pressure, Strain Gauge [db]
# name 2 = c0mS/cm: Conductivity [mS/cm]
# name 3 = t090C: Temperature [ITS-90, deg C]
# name 4 = oxML/L: Oxygen, Beckman/YSI [ml/l]
# name 5 = depSM: Depth [salt water, m], lat = 47.5
# name 6 = sal00: Salinity, Practical [PSU]
# name 7 = sigma-é00: Density [sigma-theta, kg/m^3]
# name 8 = flag: flag
# span 0 = 209.565417, 209.569757       
# span 1 =     -5.098,     59.844       
# span 2 =   1.022007,  40.161186       
# span 3 =     7.1896,    15.6718       
# span 4 =   -0.05380,   29.38144       
# span 5 =     -5.056,     59.336       
# span 6 =     0.6430,    33.7856       
# span 7 =    -0.3214,    26.4368       
# span 8 = 0.0000e+00, 0.0000e+00       
# interval = seconds: 0.5
# start_time = Jul 27 2004 13:34:12 [Instrument's time stamp, header]
# bad_flag = -9.990e-29
*END*
[from data line 481]
 209.568200      1.222  39.902339    15.3247    6.79464      1.212    31.9985    23.5890 -9.990e-29
 209.568206      1.218  39.902527    15.3202    6.79468      1.208    32.0024    23.5930 -9.990e-29
 209.568212      1.217  39.892748    15.3192    6.76819      1.207    31.9945    23.5871 -9.990e-29
 209.568218      1.215  39.879048    15.3190    6.75759      1.205    31.9824    23.5778 -9.990e-29
 209.568223      1.208  39.869910    15.3071    6.76369      1.198    31.9839    23.5816 -9.990e-29
 209.568229      1.195  39.864930    15.2795    6.78263      1.185    32.0019    23.6015 -9.990e-29
 209.568235      1.183  39.854457    15.2531    6.79685      1.173    32.0141    23.6166 -9.990e-29
 209.568241      1.186  39.840198    15.2444    6.78604      1.176    32.0085    23.6141 -9.990e-29
 209.568247      1.199  39.836016    15.2523    6.78397      1.189    31.9983    23.6045 -9.990e-29
 209.568252      1.210  39.845268    15.2649    6.79056      1.200    31.9963    23.6003 -9.990e-29
 209.568258      1.219  39.857249    15.2695    6.80861      1.209    32.0032    23.6046 -9.990e-29
 209.568264      1.231  39.860969    15.2679    6.81126      1.221    32.0079    23.6085 -9.990e-29
 209.568270      1.248  39.859111    15.2711    6.81588      1.238    32.0036    23.6046 -9.990e-29
 209.568275      1.270  39.862068    15.2825    6.83228      1.259    31.9969    23.5970 -9.990e-29
 209.568281      1.294  39.873184    15.2951    6.84541      1.283    31.9966    23.5940 -9.990e-29
 209.568287      1.318  39.887045    15.2994    6.86243      1.307    32.0055    23.5999 -9.990e-29
 209.568293      1.343  39.891240    15.2964    6.87519      1.332    32.0116    23.6053 -9.990e-29
 209.568299      1.371  39.885157    15.2934    6.88901      1.360    32.0086    23.6036 -9.990e-29
 209.568304      1.404  39.880290    15.2903    6.89746      1.392    32.0068    23.6029 -9.990e-29
 209.568310      1.447  39.877965    15.2783    6.88898      1.435    32.0145    23.6114 -9.990e-29
 209.568316      1.508  39.868875    15.2378    6.89076      1.495    32.0394    23.6394 -9.990e-29
 209.568322      1.591  39.835256    15.1520    6.93997      1.578    32.0794    23.6887 -9.990e-29
 209.568328      1.702  39.760301    15.0359    7.36470      1.688    32.1072    23.7351 -9.990e-29
 209.568333      1.841  39.657928    14.9208    8.26958      1.826    32.1096    23.7616 0.0000e+00
 209.568339      2.011  39.563840    14.8057    7.72975      1.994    32.1193    23.7936 0.0000e+00
 209.568345      2.210  39.482692    14.6531    6.76152      2.192    32.1718    23.8664 0.0000e+00
 209.568351      2.436  39.384221    14.4382    6.24880      2.416    32.2605    23.9800 0.0000e+00
 209.568356      2.695  39.246483    14.1912    5.90702      2.672    32.3407    24.0934 0.0000e+00
 209.568362      2.992  39.085499    13.9525    6.19933      2.967    32.3929    24.1830 0.0000e+00
 209.568368      3.328  38.926102    13.7116    6.33174      3.300    32.4487    24.2752 0.0000e+00
 209.568374      3.702  38.754839    13.4295    6.17922      3.671    32.5289    24.3940 0.0000e+00
 209.568380      4.114  38.539069    13.1226    6.09462      4.080    32.5889    24.5016 0.0000e+00
 209.568385      4.563  38.288897    12.8707    6.02487      4.525    32.5691    24.5357 0.0000e+00
 209.568391      5.048  38.074557    12.6976    5.96644      5.006    32.5147    24.5272 0.0000e+00
 209.568397      5.562  37.929890    12.5616    5.94951      5.516    32.4941    24.5374 0.0000e+00
 209.568403      6.098  37.818418    12.4401    5.94365      6.047    32.4925    24.5594 0.0000e+00
 209.568409      6.656  37.713166    12.3412    5.99774      6.600    32.4771    24.5663 0.0000e+00
 209.568414      7.233  37.624615    12.2665    6.05023      7.173    32.4567    24.5646 0.0000e+00
 209.568420      7.823  37.559155    12.1924    6.01907      7.758    32.4578    24.5794 0.0000e+00
 209.568426      8.421  37.493391    12.1103    5.91936      8.351    32.4655    24.6008 0.0000e+00
 209.568432      9.022  37.421476    12.0319    5.88612      8.947    32.4641    24.6144 0.0000e+00
 209.568437      9.621  37.359645    11.9533    5.62769      9.540    32.4725    24.6356 0.0000e+00
 209.568443     10.222  37.304486    11.8478    5.54887     10.136    32.5109    24.6850 0.0000e+00
 209.568449     10.833  37.230635    11.6989    5.50798     10.742    32.5693    24.7577 0.0000e+00
 209.568455     11.454  37.114731    11.5468    5.46894     11.358    32.5897    24.8014 0.0000e+00
 209.568461     12.087  36.986693    11.4453    5.50605     11.986    32.5536    24.7917 0.0000e+00
 209.568466     12.734  36.903426    11.3946    5.49295     12.627    32.5163    24.7719 0.0000e+00
 209.568472     13.387  36.866003    11.3694    5.47079     13.275    32.5016    24.7650 0.0000e+00
 209.568478     14.037  36.846903    11.3537    5.43227     13.919    32.4964    24.7638 0.0000e+00
 209.568484     14.670  36.833518    11.3349    5.39716     14.547    32.4995    24.7696 0.0000e+00
 209.568490     15.280  36.816935    11.2991    5.33772     15.152    32.5145    24.7877 0.0000e+00
 209.568495     15.873  36.787902    11.2289    5.23189     15.740    32.5477    24.8261 0.0000e+00
 209.568501     16.455  36.735152    11.1125    5.09600     16.317    32.5985    24.8863 0.0000e+00
 209.568507     17.023  36.647755    10.9619    4.94186     16.880    32.6455    24.9496 0.0000e+00
 209.568513     17.580  36.536431    10.7793    4.79802     17.433    32.6976    25.0221 0.0000e+00
 209.568519     18.131  36.414754    10.5362    4.67091     17.979    32.7939    25.1393 0.0000e+00
 209.568524     18.685  36.249961    10.2483    4.54347     18.528    32.8881    25.2619 0.0000e+00
 209.568530     19.247  36.038151     9.9838    4.40561     19.085    32.9139    25.3264 0.0000e+00
 209.568536     19.814  35.844480     9.7853    4.27339     19.648    32.8977    25.3466 0.0000e+00
 209.568542     20.381  35.706121     9.6537    4.15323     20.210    32.8764    25.3515 0.0000e+00
 209.568547     20.943  35.616247     9.5605    4.06962     20.767    32.8694    25.3612 0.0000e+00
 209.568553     21.503  35.550837     9.4648    3.99857     21.322    32.8898    25.3926 0.0000e+00
 209.568559     22.062  35.479252     9.3536    3.94789     21.877    32.9181    25.4326 0.0000e+00
 209.568565     22.621  35.397948     9.2508    3.89127     22.431    32.9286    25.4572 0.0000e+00
 209.568571     23.182  35.329103     9.1765    3.84217     22.987    32.9257    25.4667 0.0000e+00
 209.568576     23.746  35.282903     9.1269    3.80615     23.546    32.9234    25.4728 0.0000e+00
 209.568582     24.314  35.252639     9.0906    3.77578     24.110    32.9253    25.4800 0.0000e+00
 209.568588     24.880  35.229871     9.0649    3.74780     24.671    32.9252    25.4839 0.0000e+00
 209.568594     25.432  35.212232     9.0517    3.73769     25.218    32.9188    25.4810 0.0000e+00
 209.568600     25.972  35.201951     9.0428    3.71096     25.754    32.9161    25.4803 0.0000e+00
 209.568605     26.503  35.193690     9.0288    3.67299     26.280    32.9203    25.4858 0.0000e+00
 209.568611     27.030  35.182567     9.0099    3.65647     26.803    32.9259    25.4932 0.0000e+00
 209.568617     27.561  35.170537     8.9824    3.61035     27.329    32.9387    25.5075 0.0000e+00
 209.568623     28.098  35.155538     8.9359    3.57626     27.862    32.9659    25.5361 0.0000e+00
 209.568628     28.642  35.130430     8.8669    3.53863     28.401    33.0036    25.5763 0.0000e+00
 209.568634     29.194  35.090852     8.7808    3.49142     28.948    33.0422    25.6198 0.0000e+00
 209.568640     29.757  35.040053     8.6860    3.46113     29.507    33.0773    25.6619 0.0000e+00
 209.568646     30.339  34.984819     8.5973    3.42375     30.084    33.1020    25.6948 0.0000e+00
 209.568652     30.932  34.933864     8.5304    3.38625     30.672    33.1109    25.7119 0.0000e+00
 209.568657     31.529  34.896561     8.4878    3.34780     31.263    33.1113    25.7187 0.0000e+00
 209.568663     32.124  34.873574     8.4630    3.32099     31.853    33.1101    25.7215 0.0000e+00
 209.568669     32.711  34.859999     8.4501    3.30560     32.435    33.1076    25.7215 0.0000e+00
 209.568675     33.286  34.852269     8.4445    3.28753     33.006    33.1045    25.7199 0.0000e+00
 209.568681     33.842  34.847891     8.4425    3.28014     33.557    33.1015    25.7179 0.0000e+00
 209.568686     34.376  34.844913     8.4405    3.26745     34.086    33.1000    25.7170 0.0000e+00
 209.568692     34.892  34.841574     8.4367    3.25629     34.598    33.0998    25.7174 0.0000e+00
 209.568698     35.396  34.837313     8.4307    3.24886     35.098    33.1007    25.7191 0.0000e+00
 209.568704     35.896  34.832581     8.4213    3.22605     35.593    33.1043    25.7233 0.0000e+00
 209.568709     36.401  34.826643     8.4059    3.21252     36.094    33.1123    25.7319 0.0000e+00
 209.568715     36.919  34.817712     8.3828    3.18925     36.608    33.1243    25.7448 0.0000e+00
 209.568721     37.443  34.805058     8.3505    3.16109     37.127    33.1411    25.7628 0.0000e+00
 209.568727     37.968  34.787471     8.3069    3.13513     37.648    33.1633    25.7868 0.0000e+00
 209.568733     38.493  34.763325     8.2519    3.09131     38.168    33.1894    25.8155 0.0000e+00
 209.568738     39.017  34.733464     8.1847    3.05308     38.688    33.2210    25.8503 0.0000e+00
 209.568744     39.540  34.697832     8.1092    3.00859     39.206    33.2545    25.8876 0.0000e+00
 209.568750     40.055  34.658212     8.0385    2.97475     39.717    33.2792    25.9174 0.0000e+00
 209.568756     40.558  34.622272     7.9761    2.93887     40.216    33.2999    25.9429 0.0000e+00
 209.568762     41.055  34.591378     7.9139    2.88369     40.708    33.3260    25.9724 0.0000e+00
 209.568767     41.551  34.560168     7.8504    2.85017     41.200    33.3529    26.0028 0.0000e+00
 209.568773     42.043  34.529030     7.7897    2.79493     41.688    33.3774    26.0307 0.0000e+00
 209.568779     42.533  34.500688     7.7313    2.75663     42.174    33.4026    26.0590 0.0000e+00
 209.568785     43.027  34.473748     7.6748    2.72211     42.663    33.4276    26.0868 0.0000e+00
 209.568791     43.525  34.447002     7.6238    2.67543     43.157    33.4476    26.1097 0.0000e+00
 209.568796     44.026  34.422305     7.5763    2.64236     43.654    33.4664    26.1313 0.0000e+00
 209.568802     44.531  34.399198     7.5291    2.60464     44.155    33.4867    26.1540 0.0000e+00
 209.568808     45.041  34.376538     7.4830    2.58643     44.660    33.5065    26.1760 0.0000e+00
 209.568814     45.556  34.356026     7.4364    2.58051     45.171    33.5290    26.2003 0.0000e+00
 209.568819     46.069  34.337736     7.3917    2.59754     45.679    33.5522    26.2249 0.0000e+00
 209.568825     46.571  34.322467     7.3565    2.61770     46.177    33.5695    26.2434 0.0000e+00
 209.568831     47.054  34.312802     7.3331    2.65516     46.656    33.5815    26.2561 0.0000e+00
 209.568837     47.520  34.308704     7.3154    2.69632     47.118    33.5940    26.2684 0.0000e+00
 209.568843     47.976  34.306352     7.2945    2.74628     47.570    33.6115    26.2851 0.0000e+00
 209.568848     48.434  34.303138     7.2673    2.78518     48.024    33.6343    26.3068 0.0000e+00
 209.568854     48.902  34.304269     7.2374    2.81617     48.488    33.6644    26.3347 0.0000e+00
 209.568860     49.375  34.315142     7.2136    2.81566     48.957    33.6992    26.3654 0.0000e+00
 209.568866     49.842  34.331159     7.2019    2.82028     49.420    33.7279    26.3896 0.0000e+00
 209.568872     50.296  34.343930     7.1985    2.81312     49.870    33.7449    26.4035 0.0000e+00
 209.568877     50.746  34.351946     7.1970    2.78662     50.316    33.7549    26.4115 0.0000e+00
 209.568883     51.198  34.359136     7.1958    2.77227     50.764    33.7637    26.4186 0.0000e+00
 209.568889     51.652  34.366083     7.1961    2.74816     51.215    33.7708    26.4242 0.0000e+00
 209.568895     52.102  34.370809     7.1978    2.73313     51.661    33.7741    26.4265 0.0000e+00
 209.568900     52.543  34.373415     7.1993    2.72329     52.098    33.7752    26.4272 0.0000e+00
 209.568906     52.971  34.373977     7.1994    2.72026     52.522    33.7755    26.4275 0.0000e+00
 209.568912     53.395  34.373212     7.1987    2.73166     52.943    33.7752    26.4273 0.0000e+00
 209.568918     53.818  34.373250     7.1979    2.71829     53.362    33.7758    26.4279 0.0000e+00
 209.568924     54.241  34.374133     7.1966    2.70586     53.781    33.7778    26.4297 0.0000e+00
 209.568929     54.672  34.374063     7.1941    2.69776     54.209    33.7800    26.4317 0.0000e+00
 209.568935     55.119  34.372985     7.1915    2.69421     54.652    33.7811    26.4330 0.0000e+00
 209.568941     55.585  34.372682     7.1900    2.69964     55.114    33.7820    26.4339 0.0000e+00
 209.568947     56.061  34.373353     7.1896    2.68187     55.586    33.7829    26.4347 0.0000e+00
 209.568953     56.535  34.374250     7.1897    2.68301     56.055    33.7836    26.4352 0.0000e+00
 209.568958     56.995  34.375487     7.1898    2.67236     56.512    33.7846    26.4360 0.0000e+00
 209.568964     57.435  34.376512     7.1897    2.67051     56.948    33.7856    26.4368 0.0000e+00
 209.568970     57.857  34.376492     7.1896    2.67270     57.366    33.7855    26.4367 0.0000e+00
 209.568976     58.258  34.376001     7.1896    2.65813     57.764    33.7848    26.4362 0.0000e+00
 209.568981     58.630  34.376109     7.1899    2.66466     58.132    33.7844    26.4358 0.0000e+00
 209.568987     58.961  34.377000     7.1906    2.66244     58.461    33.7845    26.4358 0.0000e+00
 209.568993     59.239  34.378221     7.1920    2.66008     58.736    33.7844    26.4355 0.0000e+00
 209.568999     59.456  34.379201     7.1938    2.65742     58.951    33.7836    26.4346 0.0000e+00
 209.569005     59.616  34.379604     7.1952    2.64873     59.110    33.7826    26.4337 -9.990e-29
 209.569010     59.731  34.379453     7.1964    2.65398     59.224    33.7812    26.4324 -9.990e-29
 209.569016     59.807  34.378589     7.1970    2.65216     59.299    33.7796    26.4311 -9.990e-29
 209.569022     59.844  34.377584     7.1969    2.65597     59.336    33.7786    26.4303 -9.990e-29
 209.569028     59.842  34.377384     7.1966    2.65134     59.334    33.7787    26.4304 -9.990e-29
 209.569034     59.799  34.377206     7.1964    2.64286     59.291    33.7787    26.4304 -9.990e-29
 209.569039     59.713  34.375734     7.1960    2.65355     59.206    33.7775    26.4296 -9.990e-29
 209.569045     59.584  34.372729     7.1958    2.64888     59.078    33.7745    26.4272 0.0000e+00
 209.569051     59.406  34.370396     7.1961    2.65335     58.902    33.7717    26.4250 0.0000e+00
 209.569057     59.168  34.371272     7.1958    2.64666     58.666    33.7731    26.4261 0.0000e+00
 209.569063     58.870  34.373206     7.1942    2.63418     58.370    33.7769    26.4293 0.0000e+00
 209.569068     58.524  34.373214     7.1926    2.63590     58.027    33.7787    26.4309 0.0000e+00
 209.569074     58.145  34.372474     7.1921    2.63834     57.652    33.7785    26.4309 0.0000e+00
 209.569080     57.733  34.372286     7.1923    2.64469     57.243    33.7783    26.4307 0.0000e+00
 209.569086     57.288  34.371885     7.1922    2.64020     56.802    33.7782    26.4306 0.0000e+00
 209.569091     56.808  34.370781     7.1918    2.63838     56.326    33.7776    26.4302 0.0000e+00
 209.569097     56.296  34.369229     7.1915    2.64735     55.819    33.7765    26.4293 0.0000e+00
 209.569103     55.766  34.367447     7.1914    2.63446     55.293    33.7749    26.4281 0.0000e+00
 209.569109     55.233  34.365349     7.1916    2.64326     54.765    33.7726    26.4263 0.0000e+00
 209.569115     54.705  34.362985     7.1920    2.64439     54.241    33.7699    26.4241 0.0000e+00
