data/oxygen options/ONMS/Olympic_Coast_National_Marine_Sanctuary_Hypoxia_Survey_CTD_Data_2004_2015/raw_data/2004/CTD_CE30_090704faed.cnv
* Sea-Bird SBE19 Data File:
* FileName = C:\WINDOWS\Desktop\put hypoxia files here\CTD data\September 07_0804\CE\Raw\CE30_090704.hex
* Software Version 1.1.4
* Temperature SN = 2997
* Conductivity SN = 2997
* System UpLoad Time = Sep 07 2004 16:08:36
* SEACAT PROFILER V3.1c SN 2997   09/07/04  16:11:06.263
* strain gauge pressure sensor: S/N = 184829,  range = 3000 psia,  tc = 40
# nquan = 9                                 
# nvalues = 597                         
# units = specified
# name 0 = timeJ: Julian Days
# name 1 = prSM: Pressure, Strain Gauge [db]
# name 2 = c0mS/cm: Conductivity [mS/cm]
# name 3 = t090C: Temperature [ITS-90, deg C]
# name 4 = oxML/L: Oxygen, Beckman/YSI [ml/l]
# name 5 = depSM: Depth [salt water, m], lat = 47.5
# name 6 = sal00: Salinity, Practical [PSU]
# name 7 = sigma-é00: Density [sigma-theta, kg/m^3]
# name 8 = flag: flag
# span 0 = 251.640833, 251.644282       
# span 1 =     -5.418,     27.576       
# span 2 =   0.458227,  40.221954       
# span 3 =     8.0190,    16.0188       
# span 4 =   -0.05194,   27.53198       
# span 5 =     -5.373,     27.344       
# span 6 =     0.2707,    33.4212       
# span 7 =    -0.8230,    26.0272       
# span 8 = 0.0000e+00, 0.0000e+00       
# interval = seconds: 0.5
# start_time = Sep 07 2004 15:22:48 [Instrument's time stamp, header]
# bad_flag = -9.990e-29
*END*
[from data line 161]
 251.641765     -1.066  40.147673    15.9056    6.63364     -1.057    31.7477    23.2684 -9.990e-29
 251.641771     -1.057  40.146795    15.9062    6.63174     -1.048    31.7465    23.2673 -9.990e-29
 251.641777     -1.048  40.148772    15.9063    6.62747     -1.039    31.7481    23.2686 -9.990e-29
 251.641782     -1.042  40.149519    15.9049    6.62651     -1.033    31.7499    23.2703 -9.990e-29
 251.641788     -1.035  40.148359    15.9026    6.61996     -1.026    31.7507    23.2714 -9.990e-29
 251.641794     -1.022  40.146560    15.9005    6.61921     -1.013    31.7508    23.2719 -9.990e-29
 251.641800     -1.003  40.144540    15.8999    6.62609     -0.995    31.7495    23.2711 -9.990e-29
 251.641806     -0.980  40.143543    15.9009    6.63714     -0.972    31.7478    23.2695 -9.990e-29
 251.641811     -0.960  40.143932    15.9008    6.63227     -0.952    31.7482    23.2699 -9.990e-29
 251.641817     -0.947  40.142871    15.8994    6.63347     -0.939    31.7484    23.2703 -9.990e-29
 251.641823     -0.940  40.141197    15.9002    6.62410     -0.932    31.7463    23.2685 -9.990e-29
 251.641829     -0.934  40.142862    15.9014    6.62393     -0.926    31.7468    23.2687 -9.990e-29
 251.641834     -0.924  40.144483    15.9012    6.61426     -0.916    31.7484    23.2699 -9.990e-29
 251.641840     -0.914  40.144306    15.9017    6.60023     -0.906    31.7478    23.2694 -9.990e-29
 251.641846     -0.908  40.145472    15.9013    6.59998     -0.900    31.7492    23.2705 -9.990e-29
 251.641852     -0.905  40.145618    15.8957    6.59921     -0.897    31.7538    23.2753 -9.990e-29
 251.641858     -0.905  40.139902    15.8860    6.60625     -0.897    31.7565    23.2795 -9.990e-29
 251.641863     -0.908  40.129688    15.8787    6.61505     -0.900    31.7534    23.2787 -9.990e-29
 251.641869     -0.914  40.122126    15.8771    6.61501     -0.906    31.7480    23.2750 -9.990e-29
 251.641875     -0.920  40.120605    15.8808    6.61926     -0.912    31.7437    23.2708 -9.990e-29
 251.641881     -0.912  40.123668    15.8889    6.61602     -0.904    31.7399    23.2661 -9.990e-29
 251.641887     -0.887  40.131480    15.8983    6.60563     -0.880    31.7392    23.2635 -9.990e-29
 251.641892     -0.859  40.142128    15.9047    6.60574     -0.852    31.7435    23.2654 -9.990e-29
 251.641898     -0.840  40.149063    15.9092    6.60232     -0.833    31.7460    23.2663 -9.990e-29
 251.641904     -0.823  40.153126    15.9143    6.61078     -0.816    31.7455    23.2648 -9.990e-29
 251.641910     -0.805  40.158625    15.9179    6.61451     -0.798    31.7474    23.2655 -9.990e-29
 251.641916     -0.784  40.162243    15.9184    6.60802     -0.777    31.7502    23.2675 -9.990e-29
 251.641921     -0.762  40.162084    15.9180    6.60238     -0.756    31.7504    23.2677 -9.990e-29
 251.641927     -0.743  40.160754    15.9181    6.59184     -0.737    31.7491    23.2667 -9.990e-29
 251.641933     -0.725  40.159855    15.9179    6.58681     -0.719    31.7485    23.2663 -9.990e-29
 251.641939     -0.711  40.158759    15.9154    6.59797     -0.705    31.7495    23.2676 -9.990e-29
 251.641944     -0.706  40.156013    15.9112    6.59825     -0.700    31.7504    23.2693 -9.990e-29
 251.641950     -0.703  40.152457    15.9087    6.59349     -0.697    31.7493    23.2690 -9.990e-29
 251.641956     -0.700  40.150651    15.9098    6.59592     -0.694    31.7468    23.2668 -9.990e-29
 251.641962     -0.694  40.152123    15.9130    6.59522     -0.688    31.7456    23.2651 -9.990e-29
 251.641968     -0.683  40.155482    15.9150    6.58820     -0.677    31.7469    23.2657 -9.990e-29
 251.641973     -0.665  40.157362    15.9160    6.58074     -0.659    31.7478    23.2662 -9.990e-29
 251.641979     -0.648  40.158598    15.9168    6.58233     -0.643    31.7482    23.2663 -9.990e-29
 251.641985     -0.635  40.160849    15.9142    6.58140     -0.630    31.7523    23.2700 -9.990e-29
 251.641991     -0.624  40.159272    15.9074    6.59051     -0.619    31.7563    23.2747 -9.990e-29
 251.641997     -0.616  40.151774    15.9031    6.59500     -0.611    31.7532    23.2732 -9.990e-29
 251.642002     -0.609  40.146321    15.9057    6.59333     -0.604    31.7463    23.2673 -9.990e-29
 251.642008     -0.604  40.149113    15.9121    6.59064     -0.599    31.7436    23.2638 -9.990e-29
 251.642014     -0.600  40.156028    15.9183    6.58479     -0.595    31.7447    23.2633 -9.990e-29
 251.642020     -0.596  40.161711    15.9235    6.57969     -0.591    31.7456    23.2628 -9.990e-29
 251.642025     -0.593  40.165900    15.9275    6.58015     -0.588    31.7461    23.2623 -9.990e-29
 251.642031     -0.591  40.169142    15.9303    6.58236     -0.586    31.7467    23.2621 -9.990e-29
 251.642037     -0.588  40.171280    15.9322    6.57857     -0.583    31.7470    23.2620 -9.990e-29
 251.642043     -0.586  40.172932    15.9326    6.57539     -0.581    31.7482    23.2628 -9.990e-29
 251.642049     -0.583  40.173509    15.9310    6.59235     -0.578    31.7500    23.2645 -9.990e-29
 251.642054     -0.580  40.171546    15.9280    6.58882     -0.575    31.7506    23.2657 -9.990e-29
 251.642060     -0.577  40.167800    15.9260    6.58520     -0.572    31.7489    23.2648 -9.990e-29
 251.642066     -0.573  40.165703    15.9256    6.57505     -0.568    31.7474    23.2638 -9.990e-29
 251.642072     -0.568  40.166396    15.9249    6.57360     -0.563    31.7486    23.2648 -9.990e-29
 251.642078     -0.562  40.165764    15.9235    6.58650     -0.557    31.7491    23.2656 -9.990e-29
 251.642083     -0.554  40.163538    15.9227    6.58986     -0.549    31.7478    23.2647 -9.990e-29
 251.642089     -0.543  40.162929    15.9225    6.58156     -0.538    31.7474    23.2645 -9.990e-29
 251.642095     -0.530  40.163136    15.9238    6.57369     -0.526    31.7466    23.2635 -9.990e-29
 251.642101     -0.518  40.164447    15.9262    6.57286     -0.514    31.7458    23.2624 -9.990e-29
 251.642106     -0.510  40.167497    15.9271    6.56985     -0.506    31.7478    23.2637 -9.990e-29
 251.642112     -0.501  40.169070    15.9255    6.57314     -0.497    31.7504    23.2661 -9.990e-29
 251.642118     -0.486  40.167348    15.9232    6.56810     -0.482    31.7507    23.2669 -9.990e-29
 251.642124     -0.465  40.164534    15.9220    6.56879     -0.461    31.7492    23.2660 -9.990e-29
 251.642130     -0.441  40.163616    15.9222    6.57692     -0.437    31.7482    23.2652 -9.990e-29
 251.642135     -0.420  40.164501    15.9225    6.57361     -0.416    31.7488    23.2655 -9.990e-29
 251.642141     -0.405  40.165013    15.9222    6.57394     -0.402    31.7495    23.2661 -9.990e-29
 251.642147     -0.396  40.164722    15.9218    6.57803     -0.393    31.7495    23.2662 -9.990e-29
 251.642153     -0.388  40.164375    15.9216    6.56818     -0.385    31.7494    23.2662 -9.990e-29
 251.642159     -0.375  40.164079    15.9216    6.57264     -0.372    31.7491    23.2660 -9.990e-29
 251.642164     -0.362  40.164012    15.9216    6.56753     -0.359    31.7490    23.2659 -9.990e-29
 251.642170     -0.352  40.164094    15.9204    6.56182     -0.349    31.7501    23.2670 -9.990e-29
 251.642176     -0.344  40.162761    15.9183    6.56837     -0.341    31.7506    23.2678 -9.990e-29
 251.642182     -0.337  40.160490    15.9174    6.56427     -0.334    31.7493    23.2670 -9.990e-29
 251.642188     -0.332  40.159873    15.9185    6.57137     -0.329    31.7479    23.2657 -9.990e-29
 251.642193     -0.328  40.161219    15.9209    6.57285     -0.325    31.7471    23.2646 -9.990e-29
 251.642199     -0.324  40.163529    15.9229    6.56521     -0.321    31.7476    23.2645 -9.990e-29
 251.642205     -0.321  40.165407    15.9235    6.55806     -0.318    31.7487    23.2653 -9.990e-29
 251.642211     -0.317  40.166001    15.9228    6.54363     -0.314    31.7498    23.2662 -9.990e-29
 251.642216     -0.314  40.165551    15.9219    6.55873     -0.311    31.7501    23.2667 -9.990e-29
 251.642222     -0.311  40.164590    15.9220    6.56578     -0.308    31.7492    23.2660 -9.990e-29
 251.642228     -0.307  40.164091    15.9228    6.56256     -0.304    31.7481    23.2649 -9.990e-29
 251.642234     -0.302  40.164522    15.9247    6.55929     -0.299    31.7470    23.2636 -9.990e-29
 251.642240     -0.297  40.165905    15.9283    6.55404     -0.295    31.7453    23.2616 -9.990e-29
 251.642245     -0.290  40.168973    15.9331    6.56296     -0.288    31.7442    23.2596 -9.990e-29
 251.642251     -0.281  40.174647    15.9386    6.57207     -0.279    31.7448    23.2588 -9.990e-29
 251.642257     -0.274  40.181524    15.9432    6.56517     -0.272    31.7471    23.2596 -9.990e-29
 251.642263     -0.273  40.186061    15.9452    6.54945     -0.271    31.7495    23.2610 -9.990e-29
 251.642269     -0.273  40.187020    15.9458    6.54220     -0.271    31.7499    23.2612 -9.990e-29
 251.642274     -0.270  40.186993    15.9440    6.54700     -0.268    31.7513    23.2627 -9.990e-29
 251.642280     -0.265  40.185385    15.9373    6.54266     -0.263    31.7553    23.2672 -9.990e-29
 251.642286     -0.256  40.177810    15.9304    6.54289     -0.254    31.7541    23.2678 -9.990e-29
 251.642292     -0.248  40.169317    15.9280    6.54337     -0.246    31.7485    23.2641 -9.990e-29
 251.642297     -0.243  40.168217    15.9259    6.54823     -0.241    31.7493    23.2651 -9.990e-29
 251.642303     -0.238  40.168553    15.9234    6.54920     -0.236    31.7516    23.2674 -9.990e-29
 251.642309     -0.228  40.166288    15.9250    6.55278     -0.226    31.7483    23.2646 -9.990e-29
 251.642315     -0.217  40.167379    15.9296    6.54465     -0.215    31.7455    23.2614 -9.990e-29
 251.642321     -0.212  40.171037    15.9353    6.54537     -0.210    31.7442    23.2591 -9.990e-29
 251.642326     -0.213  40.175410    15.9423    6.54837     -0.211    31.7424    23.2562 -9.990e-29
 251.642332     -0.211  40.181841    15.9486    6.54810     -0.209    31.7431    23.2553 -9.990e-29
 251.642338     -0.203  40.187689    15.9525    6.55590     -0.201    31.7451    23.2560 -9.990e-29
 251.642344     -0.188  40.191219    15.9535    6.54034     -0.186    31.7474    23.2575 -9.990e-29
 251.642350     -0.169  40.192651    15.9521    6.54420     -0.168    31.7498    23.2597 -9.990e-29
 251.642355     -0.153  40.191651    15.9500    6.53578     -0.152    31.7506    23.2608 -9.990e-29
 251.642361     -0.144  40.189131    15.9476    6.54607     -0.143    31.7503    23.2611 -9.990e-29
 251.642367     -0.136  40.185100    15.9465    6.55749     -0.135    31.7476    23.2593 -9.990e-29
 251.642373     -0.122  40.183159    15.9478    6.55354     -0.121    31.7448    23.2569 -9.990e-29
 251.642378     -0.099  40.186334    15.9486    6.54214     -0.098    31.7470    23.2583 -9.990e-29
 251.642384     -0.079  40.189321    15.9478    6.53329     -0.078    31.7502    23.2610 -9.990e-29
 251.642390     -0.070  40.189370    15.9444    6.52059     -0.069    31.7530    23.2639 -9.990e-29
 251.642396     -0.067  40.185988    15.9353    6.52414     -0.066    31.7573    23.2692 -9.990e-29
 251.642402     -0.064  40.175790    15.9225    6.53332     -0.063    31.7586    23.2731 -9.990e-29
 251.642407     -0.063  40.162011    15.9128    6.53289     -0.062    31.7542    23.2719 -9.990e-29
 251.642413     -0.063  40.153209    15.9098    6.54199     -0.062    31.7489    23.2684 -9.990e-29
 251.642419     -0.064  40.151110    15.9121    6.53781     -0.063    31.7452    23.2651 -9.990e-29
 251.642425     -0.066  40.153476    15.9157    6.53890     -0.065    31.7444    23.2636 -9.990e-29
 251.642431     -0.068  40.157851    15.9178    6.53676     -0.067    31.7465    23.2648 -9.990e-29
 251.642436     -0.072  40.160537    15.9188    6.53753     -0.071    31.7481    23.2658 -9.990e-29
 251.642442     -0.074  40.161188    15.9202    6.53650     -0.073    31.7476    23.2651 -9.990e-29
 251.642448     -0.068  40.162357    15.9219    6.53463     -0.067    31.7472    23.2645 -9.990e-29
 251.642454     -0.060  40.163923    15.9229    6.54179     -0.059    31.7478    23.2647 -9.990e-29
 251.642459     -0.052  40.164607    15.9235    6.54126     -0.052    31.7479    23.2646 -9.990e-29
 251.642465     -0.045  40.165325    15.9245    6.54283     -0.045    31.7478    23.2643 -9.990e-29
 251.642471     -0.037  40.166476    15.9258    6.53494     -0.037    31.7477    23.2640 -9.990e-29
 251.642477     -0.028  40.167913    15.9281    6.53693     -0.028    31.7471    23.2630 -9.990e-29
 251.642483     -0.019  40.170431    15.9313    6.52803     -0.019    31.7468    23.2620 -9.990e-29
 251.642488     -0.012  40.173461    15.9334    6.53163     -0.012    31.7478    23.2623 -9.990e-29
 251.642494     -0.011  40.174874    15.9331    6.53426     -0.011    31.7493    23.2635 -9.990e-29
 251.642500     -0.012  40.173752    15.9315    6.54030     -0.012    31.7496    23.2641 -9.990e-29
 251.642506     -0.010  40.170844    15.9306    6.54441     -0.010    31.7477    23.2629 -9.990e-29
 251.642512     -0.006  40.169008    15.9320    6.54151     -0.006    31.7450    23.2605 -9.990e-29
 251.642517      0.000  40.171406    15.9358    6.53546      0.000    31.7440    23.2589 -9.990e-29
 251.642523      0.005  40.176749    15.9394    6.52474      0.005    31.7459    23.2595 -9.990e-29
 251.642529      0.006  40.180942    15.9412    6.51909      0.006    31.7481    23.2609 -9.990e-29
 251.642535      0.005  40.182847    15.9418    6.52298      0.005    31.7493    23.2616 -9.990e-29
 251.642541      0.008  40.183323    15.9409    6.52993      0.008    31.7505    23.2627 -9.990e-29
 251.642546      0.009  40.182445    15.9391    6.53744      0.009    31.7511    23.2636 -9.990e-29
 251.642552      0.006  40.180728    15.9371    6.54044      0.006    31.7512    23.2641 -9.990e-29
 251.642558      0.003  40.178691    15.9357    6.53241      0.003    31.7505    23.2639 -9.990e-29
 251.642564      0.002  40.176985    15.9361    6.51275      0.002    31.7487    23.2624 -9.990e-29
 251.642569      0.005  40.177262    15.9377    6.51270      0.005    31.7477    23.2613 -9.990e-29
 251.642575      0.011  40.178773    15.9389    6.51577      0.011    31.7480    23.2613 -9.990e-29
 251.642581      0.020  40.179605    15.9399    6.53747      0.020    31.7480    23.2610 -9.990e-29
 251.642587      0.034  40.180309    15.9409    6.54403      0.034    31.7478    23.2607 -9.990e-29
 251.642593      0.053  40.181265    15.9416    6.53961      0.053    31.7481    23.2607 -9.990e-29
 251.642598      0.074  40.182066    15.9430    6.53534      0.073    31.7476    23.2601 -9.990e-29
 251.642604      0.091  40.183781    15.9453    6.52707      0.090    31.7473    23.2593 -9.990e-29
 251.642610      0.103  40.186454    15.9470    6.52672      0.102    31.7483    23.2597 -9.990e-29
 251.642616      0.116  40.188041    15.9473    6.53230      0.115    31.7494    23.2605 -9.990e-29
 251.642622      0.127  40.188415    15.9459    6.52678      0.126    31.7509    23.2619 -9.990e-29
 251.642627      0.132  40.187517    15.9434    6.52252      0.131    31.7521    23.2634 -9.990e-29
 251.642633      0.131  40.184711    15.9406    6.51427      0.130    31.7519    23.2639 -9.990e-29
 251.642639      0.129  40.181307    15.9368    6.50705      0.128    31.7519    23.2648 -9.990e-29
 251.642645      0.130  40.176696    15.9295    6.49731      0.129    31.7537    23.2678 -9.990e-29
 251.642650      0.133  40.168097    15.9190    6.50587      0.132    31.7545    23.2707 -9.990e-29
 251.642656      0.139  40.156948    15.9095    6.51173      0.138    31.7523    23.2711 -9.990e-29
 251.642662      0.145  40.148019    15.9020    6.52390      0.144    31.7505    23.2714 -9.990e-29
 251.642668      0.145  40.141748    15.8964    6.53196      0.144    31.7494    23.2718 -9.990e-29
 251.642674      0.145  40.136504    15.8964    6.53138      0.144    31.7448    23.2683 -9.990e-29
 251.642679      0.149  40.135954    15.9048    6.52748      0.148    31.7376    23.2609 -9.990e-29
