data/oxygen options/ONMS/Olympic_Coast_National_Marine_Sanctuary_Hypoxia_Survey_CTD_Data_2004_2015/raw_data/2004/CTD_TH35_072704faed.cnv
* Sea-Bird SBE19 Data File:
* FileName = C:\WINDOWS\Desktop\put hypoxia files here\CTD files\July 26_27-04\TH\th3-5_072704.hex
* Software Version 1.1.4
* Temperature SN = 2997
* Conductivity SN = 2997
* System UpLoad Time = Jul 27 2004 11:50:46
* SEACAT PROFILER V3.1c SN 2997   07/27/04  11:50:08.004
* strain gauge pressure sensor: S/N = 184829,  range = 3000 psia,  tc = 40
# nquan = 9                                 
# nvalues = 650                         
# units = specified
# name 0 = timeJ: Julian Days
# name 1 = prSM: Pressure, Strain Gauge [db]
# name 2 = c0mS/cm: Conductivity [mS/cm]
# name 3 = t090C: Temperature [ITS-90, deg C]
# name 4 = oxML/L: Oxygen, Beckman/YSI [ml/l]
# name 5 = depSM: Depth [salt water, m], lat = 47.5
# name 6 = sal00: Salinity, Practical [PSU]
# name 7 = sigma-é00: Density [sigma-theta, kg/m^3]
# name 8 = flag: flag
# span 0 = 209.378947, 209.382703       
# span 1 =     -5.709,     34.387       
# span 2 =   0.359543,  37.472965       
# span 3 =     7.5434,    12.6105       
# span 4 =   -0.05534,   34.42626       
# span 5 =     -5.661,     34.097       
# span 6 =     0.2285,    33.4225       
# span 7 =    -0.3942,    26.0679       
# span 8 = 0.0000e+00, 0.0000e+00       
# interval = seconds: 0.5
# start_time = Jul 27 2004 09:05:41 [Instrument's time stamp, header]
# bad_flag = -9.990e-29
*END*
[from data line 321]
 209.380804      0.306  37.441918    12.1911    7.21192      0.303    32.3492    24.4953 -9.990e-29
 209.380810      0.294  37.444323    12.1926    7.21150      0.292    32.3503    24.4958 -9.990e-29
 209.380816      0.286  37.446120    12.1910    7.21796      0.284    32.3534    24.4985 -9.990e-29
 209.380822      0.291  37.445225    12.1869    7.22864      0.289    32.3561    24.5014 -9.990e-29
 209.380828      0.300  37.442130    12.1841    7.23491      0.297    32.3555    24.5015 -9.990e-29
 209.380833      0.302  37.439444    12.1864    7.22357      0.299    32.3509    24.4975 -9.990e-29
 209.380839      0.296  37.441441    12.1912    7.21045      0.294    32.3487    24.4949 -9.990e-29
 209.380845      0.291  37.445737    12.1938    7.20494      0.289    32.3506    24.4958 -9.990e-29
 209.380851      0.290  37.447969    12.1936    7.21365      0.288    32.3529    24.4977 -9.990e-29
 209.380856      0.293  37.447194    12.1932    7.23220      0.291    32.3525    24.4974 -9.990e-29
 209.380862      0.301  37.445749    12.1961    7.24544      0.298    32.3486    24.4939 -9.990e-29
 209.380868      0.309  37.447880    12.2013    7.23833      0.306    32.3461    24.4910 -9.990e-29
 209.380874      0.315  37.453628    12.2057    7.23735      0.312    32.3479    24.4915 -9.990e-29
 209.380880      0.322  37.458319    12.2079    7.23762      0.319    32.3505    24.4931 -9.990e-29
 209.380885      0.336  37.459800    12.2090    7.24953      0.333    32.3509    24.4933 -9.990e-29
 209.380891      0.352  37.460050    12.2101    7.25441      0.349    32.3502    24.4925 -9.990e-29
 209.380897      0.364  37.460530    12.2112    7.24953      0.361    32.3497    24.4919 -9.990e-29
 209.380903      0.373  37.461321    12.2115    7.23636      0.370    32.3502    24.4922 -9.990e-29
 209.380909      0.387  37.461801    12.2113    7.22892      0.384    32.3508    24.4928 -9.990e-29
 209.380914      0.406  37.462053    12.2113    7.23693      0.403    32.3511    24.4929 -9.990e-29
 209.380920      0.425  37.462415    12.2118    7.23775      0.421    32.3510    24.4928 -9.990e-29
 209.380926      0.440  37.462814    12.2128    7.24208      0.436    32.3505    24.4922 -9.990e-29
 209.380932      0.451  37.463786    12.2142    7.24583      0.447    32.3502    24.4917 -9.990e-29
 209.380937      0.460  37.465509    12.2154    7.25126      0.456    32.3508    24.4920 -9.990e-29
 209.380943      0.467  37.466917    12.2159    7.25301      0.463    32.3518    24.4926 -9.990e-29
 209.380949      0.473  37.467089    12.2163    7.24486      0.469    32.3516    24.4924 -9.990e-29
 209.380955      0.477  37.466818    12.2164    7.23155      0.473    32.3512    24.4921 -9.990e-29
 209.380961      0.480  37.466870    12.2155    7.24053      0.476    32.3520    24.4929 -9.990e-29
 209.380966      0.483  37.466195    12.2141    7.24378      0.479    32.3526    24.4936 -9.990e-29
 209.380972      0.486  37.464460    12.2140    7.24741      0.482    32.3510    24.4924 -9.990e-29
 209.380978      0.488  37.463840    12.2149    7.24819      0.484    32.3497    24.4912 -9.990e-29
 209.380984      0.489  37.464634    12.2153    7.24248      0.485    32.3501    24.4914 -9.990e-29
 209.380990      0.491  37.465101    12.2150    7.25480      0.487    32.3508    24.4920 -9.990e-29
 209.380995      0.493  37.465306    12.2143    7.25693      0.489    32.3516    24.4928 -9.990e-29
 209.381001      0.494  37.465529    12.2141    7.25475      0.490    32.3520    24.4931 -9.990e-29
 209.381007      0.496  37.465510    12.2148    7.24920      0.492    32.3513    24.4925 -9.990e-29
 209.381013      0.498  37.465788    12.2169    7.25141      0.494    32.3498    24.4909 -9.990e-29
 209.381019      0.501  37.467299    12.2203    7.24659      0.497    32.3483    24.4891 -9.990e-29
 209.381024      0.504  37.470378    12.2229    7.25104      0.500    32.3490    24.4892 -9.990e-29
 209.381030      0.508  37.472965    12.2222    7.25272      0.504    32.3521    24.4917 -9.990e-29
 209.381036      0.514  37.472343    12.2183    7.24488      0.510    32.3549    24.4946 -9.990e-29
 209.381042      0.520  37.468808    12.2089    7.90820      0.516    32.3596    24.5000 -9.990e-29
 209.381047      0.529  37.462140    12.1913    7.86753      0.525    32.3684    24.5101 -9.990e-29
 209.381053      0.540  37.446257    12.1678    7.75229      0.535    32.3735    24.5185 -9.990e-29
 209.381059      0.550  37.417942    12.1414    7.62057      0.545    32.3691    24.5200 -9.990e-29
 209.381065      0.551  37.387694    12.1287    7.41326      0.546    32.3510    24.5084 -9.990e-29
 209.381071      0.542  37.377991    12.1468    7.51498      0.537    32.3260    24.4856 -9.990e-29
 209.381076      0.533  37.399414    12.1741    7.36109      0.529    32.3230    24.4781 -9.990e-29
 209.381082      0.527  37.428331    12.1819    6.90689      0.523    32.3440    24.4930 -9.990e-29
 209.381088      0.522  37.437660    12.1690    6.83887      0.518    32.3642    24.5110 -9.990e-29
 209.381094      0.520  37.426930    12.1474    6.88910      0.516    32.3726    24.5216 -9.990e-29
 209.381100      0.520  37.408183    12.1303    7.05191      0.516    32.3693    24.5223 -9.990e-29
 209.381105      0.521  37.392864    12.1271    7.21315      0.517    32.3573    24.5136 -9.990e-29
 209.381111      0.525  37.389693    12.1374    7.18780      0.521    32.3454    24.5024 -9.990e-29
 209.381117      0.530  37.399470    12.1496    7.19150      0.526    32.3442    24.4992 -9.990e-29
 209.381123      0.538  37.411095    12.1523    7.20093      0.534    32.3531    24.5056 -9.990e-29
 209.381128      0.545  37.413131    12.1484    7.19138      0.540    32.3584    24.5104 -9.990e-29
 209.381134      0.546  37.409402    12.1461    7.16303      0.541    32.3568    24.5096 -9.990e-29
 209.381140      0.547  37.408380    12.1424    7.13384      0.542    32.3590    24.5120 -9.990e-29
 209.381146      0.551  37.407565    12.1271    7.68919      0.546    32.3715    24.5246 -9.990e-29
 209.381152      0.559  37.397439    12.0939    7.59847      0.554    32.3905    24.5455 -9.990e-29
 209.381157      0.567  37.367291    12.0601    7.19674      0.562    32.3908    24.5521 -9.990e-29
 209.381163      0.572  37.330753    12.0589    7.03692      0.567    32.3566    24.5257 -9.990e-29
 209.381169      0.573  37.326025    12.0933    6.84595      0.568    32.3222    24.4927 -9.990e-29
 209.381175      0.571  37.357996    12.1364    7.04225      0.566    32.3157    24.4796 -9.990e-29
 209.381181      0.565  37.398042    12.1657    7.20070      0.560    32.3289    24.4843 -9.990e-29
 209.381186      0.555  37.424386    12.1787    7.18624      0.550    32.3430    24.4928 -9.990e-29
 209.381192      0.546  37.434003    12.1872    7.19745      0.541    32.3449    24.4927 -9.990e-29
 209.381198      0.539  37.440264    12.1932    7.19962      0.535    32.3457    24.4922 -9.990e-29
 209.381204      0.536  37.446455    12.1898    7.21979      0.532    32.3546    24.4997 -9.990e-29
 209.381209      0.536  37.443427    12.1803    7.23764      0.532    32.3599    24.5056 -9.990e-29
 209.381215      0.538  37.434421    12.1759    7.23820      0.534    32.3551    24.5027 -9.990e-29
 209.381221      0.543  37.430972    12.1791    7.22469      0.538    32.3490    24.4974 -9.990e-29
 209.381227      0.548  37.434632    12.1827    7.21811      0.543    32.3494    24.4970 -9.990e-29
 209.381233      0.547  37.438483    12.1780    7.21254      0.542    32.3572    24.5039 -9.990e-29
 209.381238      0.546  37.436423    12.1611    7.19041      0.541    32.3698    24.5169 -9.990e-29
 209.381244      0.548  37.420645    12.1461    7.16297      0.543    32.3676    24.5180 -9.990e-29
 209.381250      0.554  37.404873    12.1374    7.13664      0.549    32.3600    24.5137 -9.990e-29
 209.381256      0.563  37.402833    12.1104    7.13501      0.558    32.3814    24.5354 -9.990e-29
 209.381262      0.578  37.388229    12.0619    7.12104      0.573    32.4094    24.5662 -9.990e-29
 209.381267      0.594  37.348303    12.0189    7.09585      0.589    32.4082    24.5733 -9.990e-29
 209.381273      0.607  37.306088    12.0033    7.08661      0.602    32.3810    24.5550 -9.990e-29
 209.381279      0.620  37.289405    12.0118    7.07315      0.615    32.3575    24.5352 -9.990e-29
 209.381285      0.632  37.298424    12.0244    7.06447      0.627    32.3553    24.5312 -9.990e-29
 209.381291      0.644  37.308692    12.0333    7.06654      0.639    32.3574    24.5312 -9.990e-29
 209.381296      0.654  37.313131    12.0429    7.06851      0.649    32.3534    24.5263 -9.990e-29
 209.381302      0.661  37.319890    12.0507    7.06470      0.655    32.3532    24.5246 -9.990e-29
 209.381308      0.670  37.326748    12.0505    7.06489      0.664    32.3599    24.5299 -9.990e-29
 209.381314      0.678  37.326008    12.0459    7.07449      0.672    32.3632    24.5333 -9.990e-29
 209.381319      0.685  37.321156    12.0423    7.09659      0.679    32.3616    24.5328 -9.990e-29
 209.381325      0.695  37.318607    12.0413    7.09579      0.689    32.3601    24.5317 -9.990e-29
 209.381331      0.706  37.317748    12.0464    7.09515      0.700    32.3548    24.5267 -9.990e-29
 209.381337      0.713  37.320224    12.0613    7.09481      0.707    32.3443    24.5158 -9.990e-29
 209.381343      0.718  37.332684    12.0795    7.09833      0.712    32.3405    24.5094 -9.990e-29
 209.381348      0.719  37.350408    12.0882    7.12221      0.713    32.3501    24.5152 -9.990e-29
 209.381354      0.718  37.358312    12.0870    7.13170      0.712    32.3587    24.5222 -9.990e-29
 209.381360      0.715  37.354584    12.0900    7.11415      0.709    32.3525    24.5168 -9.990e-29
 209.381366      0.708  37.355553    12.0961    7.10393      0.702    32.3482    24.5123 -9.990e-29
 209.381372      0.699  37.361371    12.0898    7.10867      0.693    32.3592    24.5221 -9.990e-29
 209.381377      0.689  37.355099    12.0710    7.11467      0.683    32.3695    24.5335 -9.990e-29
 209.381383      0.684  37.339581    12.0528    7.11414      0.678    32.3703    24.5376 -9.990e-29
 209.381389      0.682  37.326080    12.0504    7.10448      0.676    32.3594    24.5295 -9.990e-29
 209.381395      0.688  37.324622    12.0633    7.09439      0.682    32.3468    24.5173 -9.990e-29
 209.381400      0.703  37.336606    12.0722    7.08832      0.697    32.3506    24.5187 -9.990e-29
 209.381406      0.718  37.344340    12.0675    7.09280      0.712    32.3621    24.5285 -9.990e-29
 209.381412      0.730  37.338490    12.0560    7.09108      0.724    32.3665    24.5340 -9.990e-29
 209.381418      0.736  37.327508    12.0474    7.08455      0.730    32.3633    24.5331 -9.990e-29
 209.381424      0.732  37.320854    12.0448    7.08909      0.726    32.3592    24.5304 -9.990e-29
 209.381429      0.722  37.319733    12.0471    7.08503      0.716    32.3561    24.5276 -9.990e-29
 209.381435      0.710  37.322073    12.0552    7.08663      0.704    32.3513    24.5224 -9.990e-29
 209.381441      0.698  37.329854    12.0655    7.10051      0.692    32.3499    24.5194 -9.990e-29
 209.381447      0.696  37.338851    12.0725    7.13981      0.690    32.3525    24.5201 -9.990e-29
 209.381453      0.702  37.343096    12.0814    7.14873      0.696    32.3489    24.5156 -9.990e-29
 209.381458      0.709  37.349918    12.1021    7.13172      0.703    32.3375    24.5029 -9.990e-29
 209.381464      0.712  37.367836    12.1321    7.11811      0.706    32.3288    24.4906 -9.990e-29
 209.381470      0.713  37.394922    12.1478    7.11985      0.707    32.3413    24.4973 -9.990e-29
 209.381476      0.710  37.411185    12.1331    7.13339      0.704    32.3697    24.5221 -9.990e-29
 209.381481      0.704  37.398476    12.1088    7.14637      0.698    32.3785    24.5335 -9.990e-29
 209.381487      0.695  37.375736    12.0979    7.14319      0.689    32.3661    24.5258 -9.990e-29
 209.381493      0.686  37.366475    12.1015    7.12409      0.680    32.3540    24.5158 -9.990e-29
 209.381499      0.681  37.369541    12.1129    7.13530      0.675    32.3471    24.5083 -9.990e-29
 209.381505      0.679  37.378346    12.1218    7.14595      0.673    32.3479    24.5073 -9.990e-29
 209.381510      0.685  37.384980    12.1226    7.15382      0.679    32.3536    24.5115 -9.990e-29
 209.381516      0.699  37.385938    12.1201    7.14623      0.693    32.3567    24.5144 -9.990e-29
 209.381522      0.713  37.384725    12.1200    7.79191      0.707    32.3556    24.5136 -9.990e-29
 209.381528      0.724  37.384754    12.1225    7.93327      0.718    32.3534    24.5114 -9.990e-29
 209.381534      0.734  37.386607    12.1248    7.51617      0.728    32.3532    24.5108 -9.990e-29
 209.381539      0.741  37.388251    12.1277    7.05013      0.735    32.3523    24.5096 -9.990e-29
 209.381545      0.747  37.391304    12.1343    6.73210      0.741    32.3495    24.5062 -9.990e-29
 209.381551      0.753  37.398137    12.1445    6.81953      0.747    32.3473    24.5025 -9.990e-29
 209.381557      0.758  37.407186    12.1508    7.04605      0.752    32.3505    24.5039 -9.990e-29
 209.381563      0.763  37.412552    12.1438    7.14528      0.757    32.3617    24.5139 -9.990e-29
 209.381568      0.768  37.405669    12.1258    7.13984      0.762    32.3707    24.5242 -9.990e-29
 209.381574      0.774  37.389126    12.1091    7.16990      0.768    32.3692    24.5262 -9.990e-29
 209.381580      0.781  37.374502    12.1035    7.16400      0.774    32.3600    24.5201 -9.990e-29
 209.381586      0.788  37.369204    12.1099    7.15154      0.781    32.3493    24.5106 -9.990e-29
 209.381591      0.794  37.375123    12.1199    7.13922      0.787    32.3464    24.5064 -9.990e-29
 209.381597      0.793  37.384986    12.1243    7.13592      0.786    32.3521    24.5100 -9.990e-29
 209.381603      0.789  37.390054    12.1217    7.14406      0.782    32.3592    24.5161 -9.990e-29
 209.381609      0.788  37.387535    12.1179    7.14092      0.781    32.3601    24.5174 -9.990e-29
 209.381615      0.788  37.382469    12.1167    7.14071      0.781    32.3562    24.5147 -9.990e-29
 209.381620      0.790  37.381548    12.1135    7.13181      0.783    32.3581    24.5167 -9.990e-29
 209.381626      0.795  37.379599    12.1066    7.13812      0.788    32.3622    24.5212 -9.990e-29
 209.381632      0.801  37.373448    12.1009    7.15017      0.794    32.3612    24.5215 -9.990e-29
 209.381638      0.810  37.368899    12.0977    7.14430      0.803    32.3596    24.5209 -9.990e-29
 209.381644      0.822  37.366602    12.0962    7.25522      0.815    32.3587    24.5204 -9.990e-29
 209.381649      0.833  37.365157    12.0973    8.04754      0.826    32.3563    24.5184 -9.990e-29
 209.381655      0.845  37.365987    12.1008    8.02912      0.838    32.3541    24.5160 -9.990e-29
 209.381661      0.867  37.369060    12.1043    8.00725      0.860    32.3540    24.5153 -9.990e-29
 209.381667      0.900  37.372289    12.1060    7.85737      0.892    32.3556    24.5162 -9.990e-29
 209.381672      0.942  37.373791    12.1048    7.60538      0.934    32.3581    24.5184 -9.990e-29
 209.381678      0.995  37.372748    12.0955    7.63339      0.987    32.3651    24.5256 -9.990e-29
 209.381684      1.063  37.366073    12.0628    7.48556      1.054    32.3870    24.5487 -9.990e-29
 209.381690      1.146  37.342604    11.9661    7.30573      1.136    32.4484    24.6143 -9.990e-29
 209.381696      1.246  37.269914    11.7367    7.12206      1.236    32.5784    24.7576 -9.990e-29
 209.381701      1.367  37.091451    11.3554    6.92102      1.356    32.7403    24.9528 -9.990e-29
 209.381707      1.514  36.782391    10.9365    6.68494      1.501    32.8084    25.0805 0.0000e+00
 209.381713      1.688  36.437642    10.6168    6.45697      1.674    32.7515    25.0920 0.0000e+00
 209.381719      1.890  36.187476    10.4115    6.26997      1.874    32.6852    25.0756 0.0000e+00
