data/oxygen options/ONMS/Olympic_Coast_National_Marine_Sanctuary_Hypoxia_Survey_CTD_Data_2004_2015/raw_data/2004/CTD_TH100_082404faedb.cnv
* Sea-Bird SBE19 Data File:
* FileName = C:\WINDOWS\Desktop\put hypoxia files here\CTD data\August 24_25-04\TH\TH100_082404.hex
* Software Version 1.1.4
* Temperature SN = 2997
* Conductivity SN = 2997
* System UpLoad Time = Aug 24 2004 16:05:32
* SEACAT PROFILER V3.1c SN 2997   08/24/04  16:05:55.430
* strain gauge pressure sensor: S/N = 184829,  range = 3000 psia,  tc = 40
# nquan = 9
# nvalues = 102                         
# units = specified
# name 0 = timeJ: Julian Days
# name 1 = prSM: Pressure, Strain Gauge [db]
# name 2 = c0mS/cm: Conductivity [mS/cm]
# name 3 = t090C: Temperature [ITS-90, deg C]
# name 4 = oxML/L: Oxygen, Beckman/YSI [ml/l]
# name 5 = depSM: Depth [salt water, m], lat = 47.5
# name 6 = sal00: Salinity, Practical [PSU]
# name 7 = sigma-é00: Density [sigma-theta, kg/m^3]
# name 8 = flag: flag
# span 0 = 237.568826, 237.570098       
# span 1 =      1.000,    102.000       
# span 2 =  34.363263,  39.669183       
# span 3 =     7.3604,    15.0583       
# span 4 =    2.72219,    8.47201       
# span 5 =      0.991,    101.124       
# span 6 =    32.0071,    33.7575       
# span 7 =    23.6531,    26.3863       
# span 8 = 0.0000e+00, 0.0000e+00       
# interval = decibars: 1                
# start_time = Aug 24 2004 13:35:52 [Instrument's time stamp, header]
# bad_flag = -9.990e-29
*END*
 237.568826      1.000  39.669183    15.0583    8.47201      0.991    32.0071    23.6531 0.0000e+00
 237.568848      2.000  39.638575    14.9178    8.32293      1.983    32.0945    23.7506 0.0000e+00
 237.568864      3.000  39.484702    14.5233    8.10062      2.975    32.2810    23.9780 0.0000e+00
 237.568877      4.000  39.119052    13.9932    7.61515      3.967    32.3892    24.1716 0.0000e+00
 237.568890      5.000  38.701717    13.3571    6.97163      4.958    32.5407    24.4173 0.0000e+00
 237.568902      6.000  38.171991    12.6441    6.46573      5.950    32.6533    24.6445 0.0000e+00
 237.568913      7.000  37.566067    11.9124    6.12031      6.941    32.7090    24.8262 0.0000e+00
 237.568924      8.000  37.025224    11.3699    5.78279      7.933    32.6593    24.8870 0.0000e+00
 237.568935      9.000  36.656915    11.0020    5.44309      8.924    32.6224    24.9243 0.0000e+00
 237.568946     10.000  36.409657    10.6688    5.18994      9.916    32.6734    25.0224 0.0000e+00
 237.568956     11.000  36.073593    10.1751    5.06765     10.908    32.7797    25.1895 0.0000e+00
 237.568968     12.000  35.678314     9.7370    4.93977     11.899    32.7757    25.2591 0.0000e+00
 237.568981     13.000  35.449598     9.5122    4.81180     12.891    32.7461    25.2725 0.0000e+00
 237.568995     14.000  35.315208     9.3585    4.71623     13.883    32.7480    25.2987 0.0000e+00
 237.569009     15.000  35.212254     9.2467    4.60413     14.874    32.7438    25.3132 0.0000e+00
 237.569023     16.000  35.132530     9.1111    4.53944     15.866    32.7856    25.3673 0.0000e+00
 237.569036     17.000  35.017054     8.9361    4.47828     16.857    32.8266    25.4267 0.0000e+00
 237.569048     18.000  34.932505     8.8443    4.39397     17.849    32.8228    25.4380 0.0000e+00
 237.569060     19.000  34.890097     8.7634    4.34672     18.841    32.8530    25.4741 0.0000e+00
 237.569070     20.000  34.828506     8.6663    4.35603     19.832    32.8782    25.5088 0.0000e+00
 237.569081     21.000  34.780096     8.6072    4.37297     20.823    32.8820    25.5207 0.0000e+00
 237.569090     22.000  34.755468     8.5738    4.37695     21.815    32.8868    25.5296 0.0000e+00
 237.569100     23.000  34.728365     8.5320    4.35525     22.807    32.8967    25.5437 0.0000e+00
 237.569110     24.000  34.698365     8.4818    4.36461     23.799    32.9115    25.5629 0.0000e+00
 237.569118     25.000  34.654971     8.3793    4.44644     24.790    32.9612    25.6173 0.0000e+00
 237.569127     26.000  34.578068     8.2456    4.54078     25.781    33.0047    25.6714 0.0000e+00
 237.569136     27.000  34.499726     8.1592    4.62047     26.773    33.0024    25.6823 0.0000e+00
 237.569145     28.000  34.466136     8.1162    4.58147     27.764    33.0068    25.6921 0.0000e+00
 237.569155     29.000  34.464587     8.1020    4.45593     28.756    33.0180    25.7030 0.0000e+00
 237.569165     30.000  34.521213     8.1074    4.25396     29.747    33.0727    25.7451 0.0000e+00
 237.569175     31.000  34.561105     8.0898    4.03987     30.739    33.1313    25.7937 0.0000e+00
 237.569186     32.000  34.561247     8.0512    3.90145     31.730    33.1675    25.8278 0.0000e+00
 237.569197     33.000  34.544894     8.0063    3.85211     32.722    33.1922    25.8538 0.0000e+00
 237.569207     34.000  34.524846     7.9652    3.85223     33.713    33.2093    25.8732 0.0000e+00
 237.569219     35.000  34.508373     7.9425    3.86228     34.705    33.2128    25.8793 0.0000e+00
 237.569230     36.000  34.499884     7.9311    3.86139     35.696    33.2140    25.8819 0.0000e+00
 237.569242     37.000  34.494985     7.9194    3.85832     36.688    33.2195    25.8879 0.0000e+00
 237.569252     38.000  34.492222     7.8968    3.86985     37.679    33.2375    25.9053 0.0000e+00
 237.569262     39.000  34.483752     7.8609    3.88850     38.671    33.2622    25.9300 0.0000e+00
 237.569273     40.000  34.470752     7.8186    3.94108     39.662    33.2881    25.9564 0.0000e+00
 237.569283     41.000  34.456824     7.7830    3.99591     40.654    33.3067    25.9762 0.0000e+00
 237.569295     42.000  34.453475     7.7679    4.01256     41.645    33.3172    25.9866 0.0000e+00
 237.569307     43.000  34.465461     7.7698    3.96489     42.637    33.3277    25.9946 0.0000e+00
 237.569319     44.000  34.495595     7.7745    3.87661     43.628    33.3551    26.0155 0.0000e+00
 237.569330     45.000  34.525462     7.7665    3.79605     44.620    33.3944    26.0474 0.0000e+00
 237.569342     46.000  34.534982     7.7445    3.71889     45.611    33.4252    26.0750 0.0000e+00
 237.569354     47.000  34.531746     7.7173    3.65583     46.603    33.4474    26.0962 0.0000e+00
 237.569366     48.000  34.515276     7.6816    3.65338     47.594    33.4635    26.1140 0.0000e+00
 237.569379     49.000  34.477004     7.6296    3.70953     48.585    33.4717    26.1280 0.0000e+00
 237.569392     50.000  34.417766     7.5546    3.83815     49.576    33.4796    26.1448 0.0000e+00
 237.569403     51.000  34.371998     7.4980    3.92568     50.568    33.4842    26.1565 0.0000e+00
 237.569415     52.000  34.366745     7.4518    3.94224     51.559    33.5227    26.1933 0.0000e+00
 237.569424     53.000  34.364443     7.4151    3.91029     52.551    33.5552    26.2240 0.0000e+00
 237.569436     54.000  34.363482     7.3997    3.85556     53.543    33.5687    26.2367 0.0000e+00
 237.569448     55.000  34.363263     7.3917    3.81721     54.534    33.5756    26.2433 0.0000e+00
 237.569461     56.000  34.366520     7.3858    3.78215     55.525    33.5844    26.2511 0.0000e+00
 237.569473     57.000  34.369482     7.3816    3.73583     56.517    33.5912    26.2571 0.0000e+00
 237.569485     58.000  34.374952     7.3782    3.68419     57.508    33.5999    26.2645 0.0000e+00
 237.569497     59.000  34.387255     7.3751    3.61006     58.499    33.6158    26.2774 0.0000e+00
 237.569507     60.000  34.403864     7.3708    3.51857     59.491    33.6376    26.2951 0.0000e+00
 237.569520     61.000  34.410164     7.3670    3.46163     60.482    33.6476    26.3036 0.0000e+00
 237.569533     62.000  34.415474     7.3626    3.40261     61.473    33.6571    26.3117 0.0000e+00
 237.569546     63.000  34.421662     7.3604    3.32814     62.465    33.6655    26.3186 0.0000e+00
 237.569560     64.000  34.428744     7.3607    3.26070     63.456    33.6725    26.3240 0.0000e+00
 237.569572     65.000  34.445025     7.3622    3.20334     64.447    33.6883    26.3362 0.0000e+00
 237.569583     66.000  34.456210     7.3642    3.14659     65.439    33.6979    26.3436 0.0000e+00
 237.569594     67.000  34.461503     7.3667    3.09507     66.430    33.7008    26.3455 0.0000e+00
 237.569605     68.000  34.468281     7.3720    3.07763     67.421    33.7025    26.3462 0.0000e+00
 237.569616     69.000  34.488708     7.3847    3.03357     68.413    33.7118    26.3517 0.0000e+00
 237.569629     70.000  34.526149     7.3939    2.95353     69.404    33.7431    26.3750 0.0000e+00
 237.569639     71.000  34.539107     7.3957    2.91000     70.395    33.7550    26.3841 0.0000e+00
 237.569651     72.000  34.541091     7.3953    2.88089     71.387    33.7570    26.3858 0.0000e+00
 237.569665     73.000  34.541362     7.3954    2.84884     72.378    33.7567    26.3855 0.0000e+00
 237.569680     74.000  34.539304     7.3955    2.84416     73.369    33.7539    26.3833 0.0000e+00
 237.569694     75.000  34.541431     7.3948    2.82987     74.360    33.7564    26.3853 0.0000e+00
 237.569706     76.000  34.542708     7.3945    2.79994     75.352    33.7575    26.3863 0.0000e+00
 237.569718     77.000  34.543177     7.3951    2.79298     76.343    33.7571    26.3859 0.0000e+00
 237.569731     78.000  34.543708     7.3952    2.79266     77.334    33.7571    26.3859 0.0000e+00
 237.569744     79.000  34.543885     7.3951    2.78033     78.326    33.7568    26.3857 0.0000e+00
 237.569757     80.000  34.544397     7.3950    2.78859     79.317    33.7570    26.3859 0.0000e+00
 237.569770     81.000  34.544381     7.3945    2.76764     80.308    33.7570    26.3859 0.0000e+00
 237.569783     82.000  34.544398     7.3945    2.75381     81.300    33.7565    26.3856 0.0000e+00
 237.569796     83.000  34.545043     7.3953    2.76191     82.291    33.7559    26.3850 0.0000e+00
 237.569810     84.000  34.545173     7.3956    2.75424     83.282    33.7553    26.3846 0.0000e+00
 237.569822     85.000  34.545283     7.3953    2.76650     84.273    33.7553    26.3846 0.0000e+00
 237.569834     86.000  34.545886     7.3956    2.76415     85.264    33.7552    26.3845 0.0000e+00
 237.569850     87.000  34.546387     7.3958    2.74489     86.256    33.7550    26.3844 0.0000e+00
 237.569873     88.000  34.546400     7.3960    2.74948     87.247    33.7544    26.3838 0.0000e+00
 237.569894     89.000  34.546820     7.3961    2.74945     88.238    33.7542    26.3837 0.0000e+00
 237.569912     90.000  34.547536     7.3959    2.73857     89.229    33.7546    26.3841 0.0000e+00
 237.569929     91.000  34.546661     7.3956    2.73992     90.221    33.7536    26.3833 0.0000e+00
 237.569944     92.000  34.546704     7.3957    2.72789     91.212    33.7530    26.3828 0.0000e+00
 237.569958     93.000  34.546495     7.3960    2.73647     92.203    33.7520    26.3821 0.0000e+00
 237.569972     94.000  34.546890     7.3960    2.73161     93.195    33.7520    26.3820 0.0000e+00
 237.569984     95.000  34.547787     7.3965    2.72757     94.185    33.7520    26.3819 0.0000e+00
 237.569996     96.000  34.548681     7.3964    2.73062     95.176    33.7526    26.3825 0.0000e+00
 237.570012     97.000  34.549503     7.3970    2.72219     96.168    33.7523    26.3822 0.0000e+00
 237.570030     98.000  34.549759     7.3977    2.74503     97.159    33.7515    26.3814 0.0000e+00
 237.570045     99.000  34.549905     7.3972    2.73243     98.150    33.7517    26.3817 0.0000e+00
 237.570059    100.000  34.549626     7.3969    2.73907     99.142    33.7512    26.3813 0.0000e+00
 237.570075    101.000  34.549628     7.3979    2.73127    100.133    33.7498    26.3801 0.0000e+00
 237.570098    102.000  34.550416     7.3977    2.74064    101.124    33.7502    26.3805 0.0000e+00
