data/oxygen options/ONMS/Olympic_Coast_National_Marine_Sanctuary_Hypoxia_Survey_CTD_Data_2004_2015/raw_data/2004/CTD_CE60_061604faedb.cnv
* Sea-Bird SBE19 Data File:
* FileName = C:\WINDOWS\Desktop\put hypoxia files here\CTD files\CE\CE60m061604.hex
* Software Version 1.1.4
* Temperature SN = 2997
* Conductivity SN = 2997
* System UpLoad Time = Jun 16 2004 11:31:57
** Cape Elizabeth hypoxia June 16, 2004 60m CE-6
**
# nquan = 9
# nvalues = 60                          
# units = specified
# name 0 = timeJ: Julian Days
# name 1 = prSM: Pressure, Strain Gauge [db]
# name 2 = c0mS/cm: Conductivity [mS/cm]
# name 3 = t090C: Temperature [ITS-90, deg C]
# name 4 = oxML/L: Oxygen, Beckman/YSI [ml/l]
# name 5 = depSM: Depth [salt water, m], lat = 47.5
# name 6 = sal00: Salinity, Practical [PSU]
# name 7 = sigma-é00: Density [sigma-theta, kg/m^3]
# name 8 = flag: flag
# span 0 = 168.428788, 168.429628       
# span 1 =      1.000,     60.000       
# span 2 =  34.354000,  37.023124       
# span 3 =     7.5299,    14.7937       
# span 4 =    2.88007,    5.90564       
# span 5 =      0.992,     59.491       
# span 6 =    28.8205,    33.5431       
# span 7 =    21.2570,    26.1983       
# span 8 = 0.0000e+00, 0.0000e+00       
# interval = decibars: 1                
# start_time = Jun 16 2004 10:13:50 [Instrument's time stamp, header]
# bad_flag = -9.990e-29
*END*
 168.428788      1.000  35.895516    14.7937    5.53711      0.992    28.8205    21.2570 0.0000e+00
 168.428816      2.000  36.747099    13.8466    5.75501      1.983    30.3295    22.6117 0.0000e+00
 168.428836      3.000  36.921236    13.5296    5.90564      2.975    30.7406    22.9922 0.0000e+00
 168.428852      4.000  36.886844    13.5253    5.86472      3.966    30.7117    22.9707 0.0000e+00
 168.428868      5.000  36.858263    13.4576    5.89950      4.958    30.7394    23.0055 0.0000e+00
 168.428883      6.000  36.845335    13.3103    5.85237      5.950    30.8459    23.1168 0.0000e+00
 168.428899      7.000  36.837570    13.1623    5.78717      6.942    30.9585    23.2328 0.0000e+00
 168.428914      8.000  36.836109    12.9497    5.78691      7.933    31.1308    23.4072 0.0000e+00
 168.428927      9.000  36.880868    12.7380    5.82153      8.925    31.3474    23.6155 0.0000e+00
 168.428941     10.000  36.982096    12.5901    5.72114      9.916    31.5664    23.8133 0.0000e+00
 168.428954     11.000  37.023124    12.4154    5.63102     10.908    31.7522    23.9904 0.0000e+00
 168.428966     12.000  36.941636    12.0968    5.60970     11.899    31.9446    24.1993 0.0000e+00
 168.428979     13.000  36.732632    11.8132    5.57087     12.891    31.9855    24.2836 0.0000e+00
 168.428990     14.000  36.596523    11.6417    5.52238     13.883    32.0009    24.3268 0.0000e+00
 168.429001     15.000  36.498759    11.4956    5.42573     14.874    32.0315    24.3770 0.0000e+00
 168.429011     16.000  36.395422    11.3292    5.33119     15.866    32.0744    24.4402 0.0000e+00
 168.429022     17.000  36.269039    11.1410    5.23676     16.858    32.1137    24.5042 0.0000e+00
 168.429034     18.000  36.138642    10.9574    5.19325     17.849    32.1452    24.5610 0.0000e+00
 168.429046     19.000  36.002062    10.7755    5.17338     18.841    32.1690    24.6113 0.0000e+00
 168.429058     20.000  35.897386    10.6631    5.14009     19.832    32.1635    24.6264 0.0000e+00
 168.429071     21.000  35.826589    10.5474    5.04507     20.824    32.1945    24.6704 0.0000e+00
 168.429084     22.000  35.706392    10.3532    4.84557     21.815    32.2456    24.7432 0.0000e+00
 168.429095     23.000  35.562144    10.0536    4.67822     22.807    32.3668    24.8880 0.0000e+00
 168.429107     24.000  35.360990     9.6813    4.61771     23.798    32.4968    25.0507 0.0000e+00
 168.429118     25.000  35.161869     9.4711    4.62108     24.790    32.4829    25.0737 0.0000e+00
 168.429128     26.000  35.064244     9.3739    4.61084     25.782    32.4703    25.0794 0.0000e+00
 168.429138     27.000  35.013091     9.3128    4.57849     26.773    32.4727    25.0909 0.0000e+00
 168.429147     28.000  34.994334     9.2721    4.55266     27.765    32.4900    25.1110 0.0000e+00
 168.429156     29.000  34.979671     9.2416    4.51646     28.756    32.5022    25.1253 0.0000e+00
 168.429165     30.000  34.966670     9.2115    4.43064     29.747    32.5157    25.1406 0.0000e+00
 168.429174     31.000  34.948503     9.1595    4.35360     30.739    32.5439    25.1709 0.0000e+00
 168.429183     32.000  34.919647     9.0667    4.28178     31.730    32.5984    25.2281 0.0000e+00
 168.429192     33.000  34.857724     8.9139    4.21237     32.722    32.6738    25.3109 0.0000e+00
 168.429202     34.000  34.766154     8.7389    4.15268     33.713    32.7392    25.3890 0.0000e+00
 168.429212     35.000  34.677779     8.5873    4.09374     34.705    32.7867    25.4493 0.0000e+00
 168.429223     36.000  34.615673     8.4710    4.05614     35.697    32.8291    25.5000 0.0000e+00
 168.429234     37.000  34.544679     8.3360    4.04645     36.688    32.8796    25.5600 0.0000e+00
 168.429249     38.000  34.458015     8.1980    4.05142     37.679    32.9166    25.6094 0.0000e+00
 168.429270     39.000  34.382934     8.0850    4.04371     38.671    32.9424    25.6463 0.0000e+00
 168.429339     40.000  34.370078     8.0483    4.00171     39.662    32.9629    25.6677 0.0000e+00
 168.429373     41.000  34.354882     7.9639    3.87606     40.654    33.0258    25.7294 0.0000e+00
 168.429391     42.000  34.354000     7.8496    3.71451     41.645    33.1326    25.8299 0.0000e+00
 168.429406     43.000  34.368167     7.7341    3.53369     42.636    33.2573    25.9444 0.0000e+00
 168.429419     44.000  34.401955     7.6348    3.36982     43.628    33.3882    26.0615 0.0000e+00
 168.429431     45.000  34.430759     7.5866    3.22592     44.619    33.4652    26.1289 0.0000e+00
 168.429443     46.000  34.440341     7.5663    3.14571     45.611    33.4945    26.1549 0.0000e+00
 168.429455     47.000  34.447170     7.5574    3.10735     46.603    33.5101    26.1684 0.0000e+00
 168.429468     48.000  34.448328     7.5563    3.07600     47.594    33.5119    26.1700 0.0000e+00
 168.429481     49.000  34.446269     7.5531    3.05556     48.585    33.5123    26.1707 0.0000e+00
 168.429495     50.000  34.445186     7.5490    3.02554     49.576    33.5146    26.1732 0.0000e+00
 168.429506     51.000  34.448521     7.5457    3.01387     50.568    33.5209    26.1785 0.0000e+00
 168.429519     52.000  34.450943     7.5441    2.99201     51.560    33.5246    26.1817 0.0000e+00
 168.429530     53.000  34.451959     7.5372    2.96897     52.551    33.5319    26.1884 0.0000e+00
 168.429541     54.000  34.456162     7.5315    2.94034     53.542    33.5415    26.1968 0.0000e+00
 168.429552     55.000  34.457203     7.5308    2.92380     54.534    33.5428    26.1980 0.0000e+00
 168.429564     56.000  34.457153     7.5304    2.91954     55.525    33.5427    26.1979 0.0000e+00
 168.429575     57.000  34.457601     7.5299    2.90708     56.516    33.5431    26.1983 0.0000e+00
 168.429586     58.000  34.458194     7.5301    2.90311     57.508    33.5431    26.1983 0.0000e+00
 168.429603     59.000  34.458049     7.5310    2.89634     58.499    33.5416    26.1970 0.0000e+00
 168.429628     60.000  34.447894     7.5349    2.88007     59.491    33.5264    26.1845 0.0000e+00
