data/oxygen options/ONMS/Olympic_Coast_National_Marine_Sanctuary_Hypoxia_Survey_CTD_Data_2004_2015/raw_data/2004/CTD_TH40_082404faedb.cnv
* Sea-Bird SBE19 Data File:
* FileName = C:\WINDOWS\Desktop\put hypoxia files here\CTD data\August 24_25-04\TH\TH40_082404.hex
* Software Version 1.1.4
* Temperature SN = 2997
* Conductivity SN = 2997
* System UpLoad Time = Aug 24 2004 16:15:54
* SEACAT PROFILER V3.1c SN 2997   08/24/04  16:16:08.478
* strain gauge pressure sensor: S/N = 184829,  range = 3000 psia,  tc = 40
# nquan = 9
# nvalues = 40                          
# units = specified
# name 0 = timeJ: Julian Days
# name 1 = prSM: Pressure, Strain Gauge [db]
# name 2 = c0mS/cm: Conductivity [mS/cm]
# name 3 = t090C: Temperature [ITS-90, deg C]
# name 4 = oxML/L: Oxygen, Beckman/YSI [ml/l]
# name 5 = depSM: Depth [salt water, m], lat = 47.5
# name 6 = sal00: Salinity, Practical [PSU]
# name 7 = sigma-é00: Density [sigma-theta, kg/m^3]
# name 8 = flag: flag
# span 0 = 237.623556, 237.775671       
# span 1 =      2.000,     42.000       
# span 2 =  34.457256,  39.911713       
# span 3 =     7.9283,    15.2368       
# span 4 =    2.96687,    8.08960       
# span 5 =      1.983,     41.646       
# span 6 =    32.0784,    33.3196       
# span 7 =    23.6696,    25.9471       
# span 8 = 0.0000e+00, 0.0000e+00       
# interval = decibars: 1                
# start_time = Aug 24 2004 14:52:54 [Instrument's time stamp, header]
# bad_flag = -9.990e-29
*END*
 237.623556      2.000  39.911713    15.2368    8.08960      1.983    32.0784    23.6696 0.0000e+00
 237.623579      3.000  39.881894    15.1565    7.85572      2.975    32.1171    23.7167 0.0000e+00
 237.623596      4.000  39.798755    14.7831    7.46632      3.967    32.3503    23.9764 0.0000e+00
 237.623615      5.000  39.110455    13.8244    7.27216      4.958    32.5231    24.3099 0.0000e+00
 237.623963      6.000  38.886446    13.6903    7.47289      5.950    32.4286    24.2639 0.0000e+00
 237.624140      7.000  38.714989    13.4550    7.41970      6.941    32.4685    24.3424 0.0000e+00
 237.624157      8.000  38.450905    13.0155    6.66021      7.933    32.5962    24.5284 0.0000e+00
 237.624171      9.000  37.925402    12.1688    6.12530      8.925    32.8308    24.8726 0.0000e+00
 237.624189     10.000  37.108784    11.2674    5.64127      9.916    32.8315    25.0394 0.0000e+00
 237.624212     11.000  36.550676    11.0020    5.32178     10.908    32.5174    24.8428 0.0000e+00
 237.624754     12.000  36.428116    10.5884    5.11139     11.899    32.7631    25.1060 0.0000e+00
 237.624831     13.000  36.137504    10.1826    4.96997     12.891    32.8367    25.2326 0.0000e+00
 237.624848     14.000  36.021003     9.9515    4.86290     13.883    32.9284    25.3429 0.0000e+00
 237.624865     15.000  35.838444     9.6001    4.68126     14.874    33.0638    25.5064 0.0000e+00
 237.624881     16.000  35.521264     9.1429    4.38907     15.866    33.1594    25.6545 0.0000e+00
 237.624899     17.000  35.100325     8.6024    4.14348     16.858    33.2248    25.7900 0.0000e+00
 237.624917     18.000  34.786162     8.3716    4.06248     17.849    33.1103    25.7353 0.0000e+00
 237.624941     19.000  34.854100     8.5863    4.07503     18.840    32.9800    25.6008 0.0000e+00
 237.625432     20.000  34.681735     8.2700    3.89537     19.832    33.0944    25.7379 0.0000e+00
 237.625581     21.000  34.537607     8.0158    3.85558     20.824    33.1809    25.8434 0.0000e+00
 237.625597     22.000  34.457256     7.9283    3.75935     21.815    33.1777    25.8536 0.0000e+00
 237.625610     23.000  34.503219     7.9437    3.63591     22.806    33.2117    25.8781 0.0000e+00
 237.625621     24.000  34.536959     7.9635    3.52925     23.798    33.2286    25.8885 0.0000e+00
 237.625632     25.000  34.572763     7.9844    3.44284     24.790    33.2465    25.8995 0.0000e+00
 237.625642     26.000  34.604576     8.0048    3.35672     25.781    33.2606    25.9076 0.0000e+00
 237.625654     27.000  34.635127     8.0244    3.27641     26.773    33.2741    25.9153 0.0000e+00
 237.625667     28.000  34.662612     8.0365    3.20743     27.764    33.2914    25.9272 0.0000e+00
 237.625687     29.000  34.669302     8.0378    3.17358     28.756    33.2968    25.9312 0.0000e+00
 237.775671     31.000  34.705079     8.0556    3.03754     30.739    33.3196    25.9471 0.0000e+00
 237.626118     32.000  34.687933     8.0530    3.02634     31.731    33.3008    25.9322 0.0000e+00
 237.626132     33.000  34.689797     8.0543    3.01721     32.722    33.3011    25.9322 0.0000e+00
 237.626148     34.000  34.690031     8.0546    3.00467     33.713    33.3006    25.9318 0.0000e+00
 237.626163     35.000  34.690737     8.0546    3.02706     34.705    33.3009    25.9321 0.0000e+00
 237.626177     36.000  34.691947     8.0545    3.02219     35.696    33.3018    25.9328 0.0000e+00
 237.626191     37.000  34.691567     8.0516    3.00676     36.688    33.3037    25.9348 0.0000e+00
 237.626205     38.000  34.690436     8.0504    3.01527     37.680    33.3032    25.9345 0.0000e+00
 237.626221     39.000  34.688527     8.0470    2.99314     38.671    33.3039    25.9356 0.0000e+00
 237.626241     40.000  34.685748     8.0442    3.00266     39.662    33.3031    25.9354 0.0000e+00
 237.626267     41.000  34.685281     8.0428    3.00888     40.654    33.3035    25.9359 0.0000e+00
 237.626296     42.000  34.684459     8.0418    2.96687     41.646    33.3030    25.9357 0.0000e+00
