data/oxygen options/ONMS/Olympic_Coast_National_Marine_Sanctuary_Hypoxia_Survey_CTD_Data_2004_2015/raw_data/2004/CTD_CA60_082404faed.cnv
* Sea-Bird SBE19 Data File:
* FileName = C:\WINDOWS\Desktop\put hypoxia files here\CTD data\August 24_25-04\CA60_082404.hex
* Software Version 1.1.4
* Temperature SN = 2997
* Conductivity SN = 2997
* System UpLoad Time = Aug 24 2004 12:36:21
* SEACAT PROFILER V3.1c SN 2997   08/24/04  12:37:59.332
* strain gauge pressure sensor: S/N = 184829,  range = 3000 psia,  tc = 40
# nquan = 9                                 
# nvalues = 723                         
# units = specified
# name 0 = timeJ: Julian Days
# name 1 = prSM: Pressure, Strain Gauge [db]
# name 2 = c0mS/cm: Conductivity [mS/cm]
# name 3 = t090C: Temperature [ITS-90, deg C]
# name 4 = oxML/L: Oxygen, Beckman/YSI [ml/l]
# name 5 = depSM: Depth [salt water, m], lat = 47.5
# name 6 = sal00: Salinity, Practical [PSU]
# name 7 = sigma-é00: Density [sigma-theta, kg/m^3]
# name 8 = flag: flag
# span 0 = 237.469375, 237.473553       
# span 1 =     -5.176,     60.729       
# span 2 =   0.545054,  39.505369       
# span 3 =     7.7793,    15.1328       
# span 4 =   -0.05391,   30.24766       
# span 5 =     -5.133,     60.213       
# span 6 =     0.3348,    33.4105       
# span 7 =    -0.5597,    26.0583       
# span 8 = 0.0000e+00, 0.0000e+00       
# interval = seconds: 0.5
# start_time = Aug 24 2004 11:15:54 [Instrument's time stamp, header]
# bad_flag = -9.990e-29
*END*
[from data line 321]
 237.471233      0.677  39.323715    14.8124    8.24307      0.671    31.8972    23.6211 -9.990e-29
 237.471238      0.697  39.324807    14.8219    8.24723      0.691    31.8904    23.6138 -9.990e-29
 237.471244      0.708  39.330560    14.8351    8.23949      0.702    31.8848    23.6067 -9.990e-29
 237.471250      0.708  39.339114    14.8485    8.23255      0.702    31.8815    23.6013 -9.990e-29
 237.471256      0.705  39.347299    14.8594    8.23229      0.699    31.8800    23.5978 -9.990e-29
 237.471262      0.706  39.353694    14.8648    8.24592      0.700    31.8814    23.5977 -9.990e-29
 237.471267      0.709  39.357299    14.8655    8.26298      0.703    31.8840    23.5997 -9.990e-29
 237.471273      0.712  39.357879    14.8669    8.26815      0.706    31.8834    23.5989 -9.990e-29
 237.471279      0.721  39.357898    14.8744    8.27921      0.715    31.8773    23.5926 -9.990e-29
 237.471285      0.732  39.361314    14.8885    8.28519      0.726    31.8689    23.5831 -9.990e-29
 237.471291      0.741  39.369321    14.9043    8.29883      0.735    31.8632    23.5753 -9.990e-29
 237.471296      0.748  39.378018    14.9183    8.30273      0.742    31.8596    23.5696 -9.990e-29
 237.471302      0.755  39.384986    14.9301    8.30784      0.749    31.8562    23.5645 -9.990e-29
 237.471308      0.761  39.391109    14.9394    8.30942      0.755    31.8541    23.5609 -9.990e-29
 237.471314      0.764  39.396145    14.9472    8.31832      0.758    31.8523    23.5578 -9.990e-29
 237.471319      0.758  39.400086    14.9541    8.31985      0.752    31.8502    23.5547 -9.990e-29
 237.471325      0.747  39.403143    14.9602    8.32134      0.741    31.8480    23.5517 -9.990e-29
 237.471331      0.736  39.406036    14.9679    8.31781      0.730    31.8444    23.5472 -9.990e-29
 237.471337      0.723  39.410384    14.9770    8.32378      0.717    31.8409    23.5426 -9.990e-29
 237.471343      0.712  39.415261    14.9825    8.34284      0.706    31.8408    23.5414 -9.990e-29
 237.471348      0.711  39.418201    14.9792    8.35655      0.705    31.8461    23.5462 -9.990e-29
 237.471354      0.719  39.416963    14.9675    8.36440      0.713    31.8545    23.5552 -9.990e-29
 237.471360      0.730  39.410466    14.9601    8.36207      0.724    31.8547    23.5569 -9.990e-29
 237.471366      0.738  39.405198    14.9701    8.33902      0.732    31.8418    23.5448 -9.990e-29
 237.471372      0.745  39.410404    14.9904    8.30643      0.739    31.8299    23.5313 -9.990e-29
 237.471377      0.746  39.422932    14.9999    8.28915      0.740    31.8335    23.5320 -9.990e-29
 237.471383      0.743  39.429764    14.9818    8.29428      0.737    31.8544    23.5520 -9.990e-29
 237.471389      0.747  39.420946    14.9393    8.31062      0.741    31.8811    23.5817 -9.990e-29
 237.471395      0.763  39.396512    14.9018    8.32060      0.757    31.8897    23.5963 -9.990e-29
 237.471400      0.783  39.372132    14.8952    8.31504      0.776    31.8731    23.5849 -9.990e-29
 237.471406      0.800  39.366343    14.9157    8.28961      0.793    31.8512    23.5636 -9.990e-29
 237.471412      0.808  39.379276    14.9414    8.27015      0.801    31.8418    23.5510 -9.990e-29
 237.471418      0.805  39.396765    14.9517    8.25915      0.798    31.8492    23.5544 -9.990e-29
 237.471424      0.801  39.403996    14.9439    8.25645      0.794    31.8621    23.5660 -9.990e-29
 237.471429      0.800  39.398842    14.9288    8.25276      0.793    31.8698    23.5752 -9.990e-29
 237.471435      0.801  39.390149    14.9139    8.25788      0.794    31.8741    23.5817 -9.990e-29
 237.471441      0.805  39.382598    14.9025    8.26033      0.798    31.8766    23.5860 -9.990e-29
 237.471447      0.811  39.376781    14.8938    8.27943      0.804    31.8784    23.5893 -9.990e-29
 237.471453      0.821  39.372239    14.8872    8.28012      0.814    31.8797    23.5917 -9.990e-29
 237.471458      0.830  39.368530    14.8922    8.26697      0.823    31.8723    23.5849 -9.990e-29
 237.471464      0.836  39.371372    14.9138    8.27157      0.829    31.8572    23.5687 -9.990e-29
 237.471470      0.841  39.385119    14.9346    8.26953      0.834    31.8526    23.5607 -9.990e-29
 237.471476      0.848  39.400056    14.9379    8.26899      0.841    31.8634    23.5683 -9.990e-29
 237.471481      0.852  39.404699    14.9283    8.26746      0.845    31.8754    23.5796 -9.990e-29
 237.471487      0.857  39.399638    14.9164    8.26020      0.850    31.8806    23.5861 -9.990e-29
 237.471493      0.864  39.390470    14.9056    8.25655      0.857    31.8811    23.5889 -9.990e-29
 237.471499      0.865  39.380667    14.8949    8.26389      0.858    31.8810    23.5911 -9.990e-29
 237.471505      0.860  39.371728    14.8860    8.26473      0.853    31.8802    23.5924 -9.990e-29
 237.471510      0.857  39.365743    14.8839    8.24444      0.850    31.8766    23.5900 -9.990e-29
 237.471516      0.860  39.365378    14.8896    8.23356      0.853    31.8716    23.5849 -9.990e-29
 237.471522      0.869  39.370130    14.8945    8.23317      0.862    31.8719    23.5841 -9.990e-29
 237.471528      0.881  39.373980    14.8874    8.24303      0.874    31.8811    23.5927 -9.990e-29
 237.471534      0.887  39.370270    14.8717    8.26348      0.880    31.8906    23.6034 -9.990e-29
 237.471539      0.889  39.361894    14.8637    8.27058      0.882    31.8896    23.6043 -9.990e-29
 237.471545      0.891  39.357866    14.8718    8.25490      0.884    31.8793    23.5947 -9.990e-29
 237.471551      0.892  39.362334    14.8893    8.24588      0.885    31.8691    23.5831 -9.990e-29
 237.471557      0.898  39.371703    14.9046    8.25249      0.891    31.8650    23.5767 -9.990e-29
 237.471563      0.912  39.379380    14.9074    8.26094      0.904    31.8696    23.5796 -9.990e-29
 237.471568      0.931  39.379886    14.8982    8.26617      0.923    31.8776    23.5877 -9.990e-29
 237.471574      0.949  39.373885    14.8927    8.26394      0.941    31.8767    23.5882 -9.990e-29
 237.471580      0.961  39.371315    14.8969    8.25202      0.953    31.8709    23.5829 -9.990e-29
 237.471586      0.969  39.375463    14.9008    8.25662      0.961    31.8715    23.5825 -9.990e-29
 237.471591      0.974  39.378381    14.9021    8.26072      0.966    31.8730    23.5834 -9.990e-29
 237.471597      0.974  39.377777    14.9059    8.26564      0.966    31.8694    23.5798 -9.990e-29
 237.471603      0.971  39.378445    14.9119    8.26887      0.963    31.8651    23.5752 -9.990e-29
 237.471609      0.965  39.381821    14.9157    8.26656      0.957    31.8650    23.5743 -9.990e-29
 237.471615      0.958  39.384542    14.9171    8.26734      0.950    31.8664    23.5750 -9.990e-29
 237.471620      0.956  39.385737    14.9212    8.26198      0.948    31.8641    23.5724 -9.990e-29
 237.471626      0.953  39.388669    14.9315    8.27033      0.945    31.8583    23.5658 -9.990e-29
 237.471632      0.949  39.394991    14.9432    8.27121      0.941    31.8545    23.5603 -9.990e-29
 237.471638      0.949  39.401899    14.9505    8.27766      0.941    31.8547    23.5590 -9.990e-29
 237.471644      0.952  39.405690    14.9550    8.28407      0.944    31.8545    23.5578 -9.990e-29
 237.471649      0.959  39.407480    14.9606    8.30159      0.951    31.8515    23.5543 -9.990e-29
 237.471655      0.966  39.410204    14.9690    8.30396      0.958    31.8471    23.5492 -9.990e-29
 237.471661      0.969  39.414116    14.9807    8.30617      0.961    31.8411    23.5420 -9.990e-29
 237.471667      0.967  39.418808    14.9958    8.31796      0.959    31.8330    23.5326 -9.990e-29
 237.471672      0.962  39.425478    15.0156    8.32222      0.954    31.8229    23.5205 -9.990e-29
 237.471678      0.953  39.435715    15.0389    8.32799      0.945    31.8131    23.5080 -9.990e-29
 237.471684      0.943  39.448008    15.0587    8.33328      0.935    31.8081    23.4999 -9.990e-29
 237.471690      0.936  39.457984    15.0657    8.32962      0.928    31.8114    23.5009 -9.990e-29
 237.471696      0.936  39.461545    15.0597    8.33884      0.928    31.8194    23.5084 -9.990e-29
 237.471701      0.947  39.458381    15.0530    8.34643      0.939    31.8220    23.5119 -9.990e-29
 237.471707      0.961  39.454919    15.0573    8.34512      0.953    31.8154    23.5058 -9.990e-29
 237.471713      0.970  39.457749    15.0698    8.35075      0.962    31.8078    23.4973 -9.990e-29
 237.471719      0.976  39.464455    15.0799    8.34573      0.968    31.8056    23.4934 -9.990e-29
 237.471725      0.979  39.468820    15.0836    8.35293      0.971    31.8065    23.4933 -9.990e-29
 237.471730      0.978  39.469923    15.0843    8.35482      0.970    31.8069    23.4935 -9.990e-29
 237.471736      0.974  39.469783    15.0840    8.34654      0.966    31.8071    23.4937 -9.990e-29
 237.471742      0.967  39.469324    15.0836    8.33652      0.959    31.8070    23.4937 -9.990e-29
 237.471748      0.960  39.469044    15.0842    8.32953      0.952    31.8062    23.4930 -9.990e-29
 237.471753      0.961  39.469677    15.0866    8.33468      0.953    31.8048    23.4914 -9.990e-29
 237.471759      0.971  39.472053    15.0903    8.34460      0.963    31.8040    23.4899 -9.990e-29
 237.471765      0.981  39.475962    15.0932    8.35347      0.973    31.8051    23.4902 -9.990e-29
 237.471771      0.988  39.479309    15.0936    8.35145      0.980    31.8078    23.4922 -9.990e-29
 237.471777      0.993  39.479812    15.0928    8.34951      0.985    31.8089    23.4932 -9.990e-29
 237.471782      0.995  39.478130    15.0932    8.35609      0.987    31.8071    23.4917 -9.990e-29
 237.471788      0.994  39.477055    15.0969    8.36232      0.986    31.8031    23.4878 -9.990e-29
 237.471794      0.992  39.479068    15.1029    8.37201      0.984    31.8000    23.4842 -9.990e-29
 237.471800      0.991  39.484033    15.1075    8.36630      0.983    31.8007    23.4838 -9.990e-29
 237.471806      0.997  39.488461    15.1093    8.35815      0.989    31.8032    23.4853 -9.990e-29
 237.471811      1.004  39.489830    15.1093    8.34659      0.996    31.8045    23.4862 -9.990e-29
 237.471817      1.010  39.488831    15.1089    8.35622      1.002    31.8039    23.4859 -9.990e-29
 237.471823      1.015  39.487484    15.1095    8.36061      1.007    31.8022    23.4845 -9.990e-29
 237.471829      1.019  39.487347    15.1108    8.36007      1.010    31.8010    23.4833 -9.990e-29
 237.471834      1.022  39.488222    15.1116    8.35222      1.013    31.8012    23.4832 -9.990e-29
 237.471840      1.025  39.489019    15.1122    8.34063      1.016    31.8014    23.4832 -9.990e-29
 237.471846      1.027  39.489667    15.1141    8.34227      1.018    31.8004    23.4821 -9.990e-29
 237.471852      1.030  39.491015    15.1180    8.35348      1.021    31.7985    23.4797 -9.990e-29
 237.471858      1.032  39.493724    15.1226    8.36436      1.023    31.7972    23.4777 -9.990e-29
 237.471863      1.034  39.496906    15.1255    8.36344      1.025    31.7976    23.4775 -9.990e-29
 237.471869      1.036  39.498621    15.1261    8.35699      1.027    31.7987    23.4782 -9.990e-29
 237.471875      1.039  39.498337    15.1257    8.35982      1.030    31.7988    23.4783 -9.990e-29
 237.471881      1.043  39.497347    15.1258    8.36379      1.034    31.7978    23.4776 -9.990e-29
 237.471887      1.047  39.497124    15.1270    8.37435      1.038    31.7966    23.4764 -9.990e-29
 237.471892      1.052  39.498477    15.1287    8.37567      1.043    31.7965    23.4759 -9.990e-29
 237.471898      1.059  39.500955    15.1301    8.36950      1.050    31.7975    23.4764 -9.990e-29
 237.471904      1.068  39.502800    15.1310    8.36741      1.059    31.7985    23.4769 -9.990e-29
 237.471910      1.079  39.503653    15.1320    8.37816      1.070    31.7984    23.4767 -9.990e-29
 237.471916      1.093  39.504637    15.1328    8.38960      1.084    31.7986    23.4767 -9.990e-29
 237.471921      1.111  39.505369    15.1324    8.40973      1.102    31.7996    23.4775 -9.990e-29
 237.471927      1.134  39.504569    15.1308    8.41117      1.125    31.8002    23.4783 -9.990e-29
 237.471933      1.164  39.502840    15.1290    8.39828      1.154    31.8001    23.4786 -9.990e-29
 237.471939      1.202  39.501788    15.1263    8.39156      1.192    31.8013    23.4802 -9.990e-29
 237.471944      1.252  39.501121    15.1195    8.36489      1.242    31.8062    23.4854 -9.990e-29
 237.471950      1.315  39.498813    15.1024    8.34981      1.304    31.8180    23.4982 -9.990e-29
 237.471956      1.396  39.492334    15.0713    8.32193      1.384    31.8375    23.5198 -9.990e-29
 237.471962      1.497  39.479764    15.0294    8.27949      1.485    31.8603    23.5464 -9.990e-29
 237.471968      1.618  39.460598    14.9821    8.25453      1.604    31.8816    23.5729 -9.990e-29
 237.471973      1.773  39.435627    14.9300    8.23578      1.758    31.9016    23.5994 0.0000e+00
 237.471979      1.975  39.405758    14.8736    8.21925      1.959    31.9207    23.6262 0.0000e+00
 237.471985      2.232  39.372098    14.8220    8.19071      2.213    31.9324    23.6462 0.0000e+00
 237.471991      2.545  39.340795    14.7812    8.15628      2.524    31.9375    23.6588 0.0000e+00
 237.471997      2.902  39.317209    14.7458    8.12387      2.878    31.9450    23.6721 0.0000e+00
 237.472002      3.293  39.297356    14.7117    8.09678      3.265    31.9549    23.6870 0.0000e+00
 237.472008      3.703  39.278305    14.6798    8.05748      3.672    31.9637    23.7005 0.0000e+00
 237.472014      4.116  39.262120    14.6531    8.00654      4.082    31.9708    23.7116 0.0000e+00
 237.472020      4.519  39.249640    14.6316    7.96779      4.481    31.9770    23.7210 0.0000e+00
 237.472025      4.913  39.239349    14.6028    7.95165      4.872    31.9913    23.7380 0.0000e+00
 237.472031      5.314  39.225921    14.5555    7.95451      5.270    32.0179    23.7685 0.0000e+00
 237.472037      5.739  39.204337    14.5015    7.98814      5.691    32.0427    23.7990 0.0000e+00
 237.472043      6.189  39.180582    14.4618    8.02231      6.137    32.0537    23.8158 0.0000e+00
 237.472049      6.659  39.166156    14.4410    8.04710      6.603    32.0576    23.8231 0.0000e+00
 237.472054      7.143  39.161429    14.4303    8.04852      7.083    32.0619    23.8287 0.0000e+00
 237.472060      7.635  39.160075    14.4208    8.02685      7.571    32.0684    23.8357 0.0000e+00
 237.472066      8.126  39.158028    14.4057    7.95788      8.058    32.0788    23.8469 0.0000e+00
 237.472072      8.615  39.151420    14.3749    7.83661      8.543    32.0981    23.8683 0.0000e+00
 237.472078      9.093  39.133104    14.3111    7.72331      9.017    32.1342    23.9094 0.0000e+00
 237.472083      9.552  39.090984    14.1905    7.62589      9.472    32.1959    23.9820 0.0000e+00
 237.472089      9.992  39.004782    14.0001    7.50377      9.908    32.2757    24.0829 0.0000e+00
 237.472095     10.414  38.861076    13.7644    7.38567     10.327    32.3410    24.1815 0.0000e+00
 237.472101     10.821  38.684191    13.5334    7.24619     10.730    32.3717    24.2519 0.0000e+00
 237.472106     11.216  38.517576    13.3242    7.10205     11.122    32.3935    24.3106 0.0000e+00
 237.472112     11.606  38.368997    13.1209    6.99703     11.509    32.4272    24.3770 0.0000e+00
 237.472118     11.997  38.219782    12.9299    6.88739     11.897    32.4498    24.4320 0.0000e+00
 237.472124     12.387  38.075655    12.7633    6.77420     12.283    32.4562    24.4693 0.0000e+00
 237.472130     12.778  37.950798    12.6070    6.69592     12.671    32.4719    24.5117 0.0000e+00
 237.472135     13.180  37.837413    12.4338    6.55757     13.070    32.5132    24.5768 0.0000e+00
 237.472141     13.595  37.710471    12.2289    6.38645     13.481    32.5692    24.6591 0.0000e+00
 237.472147     14.017  37.555468    12.0084    6.21263     13.900    32.6120    24.7336 0.0000e+00
