data/oxygen options/ONMS/Olympic_Coast_National_Marine_Sanctuary_Hypoxia_Survey_CTD_Data_2004_2015/raw_data/2004/CTD_CA50_072704faedb.cnv
* Sea-Bird SBE19 Data File:
* FileName = C:\WINDOWS\Desktop\put hypoxia files here\CTD files\July 26_27-04\CA\CA5_072704.hex
* Software Version 1.1.4
* Temperature SN = 2997
* Conductivity SN = 2997
* System UpLoad Time = Jul 27 2004 15:40:33
* SEACAT PROFILER V3.1c SN 2997   07/27/04  15:39:19.140
* strain gauge pressure sensor: S/N = 184829,  range = 3000 psia,  tc = 40
# nquan = 9
# nvalues = 48                          
# units = specified
# name 0 = timeJ: Julian Days
# name 1 = prSM: Pressure, Strain Gauge [db]
# name 2 = c0mS/cm: Conductivity [mS/cm]
# name 3 = t090C: Temperature [ITS-90, deg C]
# name 4 = oxML/L: Oxygen, Beckman/YSI [ml/l]
# name 5 = depSM: Depth [salt water, m], lat = 47.5
# name 6 = sal00: Salinity, Practical [PSU]
# name 7 = sigma-é00: Density [sigma-theta, kg/m^3]
# name 8 = flag: flag
# span 0 = 209.575732, 209.576291       
# span 1 =      2.000,     49.000       
# span 2 =  34.285296,  39.734765       
# span 3 =     7.2259,    14.6624       
# span 4 =    1.87573,   11.33981       
# span 5 =      1.983,     48.585       
# span 6 =    32.3934,    33.6648       
# span 7 =    24.0339,    26.3366       
# span 8 = 0.0000e+00, 0.0000e+00       
# interval = decibars: 1                
# start_time = Jul 27 2004 13:45:46 [Instrument's time stamp, header]
# bad_flag = -9.990e-29
*END*
 209.575732      2.000  39.734765    14.6624   10.18149      1.983    32.3934    24.0339 0.0000e+00
 209.575755      3.000  38.686508    13.4676   11.33981      2.975    32.4329    24.3131 0.0000e+00
 209.575770      4.000  38.384902    13.0542    9.22154      3.966    32.5026    24.4481 0.0000e+00
 209.575783      5.000  37.891278    12.4169    8.67584      4.958    32.5827    24.6334 0.0000e+00
 209.575794      6.000  37.440772    11.8906    8.03428      5.950    32.6072    24.7514 0.0000e+00
 209.575804      7.000  37.013832    11.2907    7.42146      6.941    32.7190    24.9481 0.0000e+00
 209.575813      8.000  36.533604    10.6962    6.91872      7.933    32.7733    25.0953 0.0000e+00
 209.575823      9.000  36.128230    10.2804    6.53853      8.925    32.7407    25.1414 0.0000e+00
 209.575832     10.000  35.919035    10.0544    6.26091      9.916    32.7331    25.1734 0.0000e+00
 209.575841     11.000  35.818281     9.9389    6.07634     10.908    32.7350    25.1941 0.0000e+00
 209.575851     12.000  35.753966     9.8463    5.96557     11.900    32.7533    25.2236 0.0000e+00
 209.575860     13.000  35.701931     9.7647    5.87984     12.891    32.7740    25.2533 0.0000e+00
 209.575871     14.000  35.647117     9.6784    5.79374     13.883    32.7963    25.2848 0.0000e+00
 209.575881     15.000  35.576238     9.5828    5.67755     14.874    32.8106    25.3116 0.0000e+00
 209.575891     16.000  35.496469     9.4347    5.54558     15.865    32.8640    25.3772 0.0000e+00
 209.575901     17.000  35.350704     9.1859    5.35348     16.858    32.9421    25.4780 0.0000e+00
 209.575911     18.000  35.139848     8.9342    5.31594     17.849    32.9557    25.5281 0.0000e+00
 209.575921     19.000  34.931934     8.7007    5.33398     18.840    32.9551    25.5637 0.0000e+00
 209.575932     20.000  34.735204     8.5238    5.32887     19.832    32.9130    25.5577 0.0000e+00
 209.575943     21.000  34.651479     8.4455    5.26908     20.824    32.8974    25.5573 0.0000e+00
 209.575954     22.000  34.636824     8.3720    3.12542     21.815    32.9502    25.6097 0.0000e+00
 209.575965     23.000  34.617909     8.3102    1.87573     22.807    32.9876    25.6483 0.0000e+00
 209.575977     24.000  34.581567     8.1887    3.46909     23.799    33.0629    25.7254 0.0000e+00
 209.575989     25.000  34.530683     8.0517    3.56574     24.790    33.1377    25.8043 0.0000e+00
 209.575999     26.000  34.507250     7.9821    3.45429     25.781    33.1783    25.8463 0.0000e+00
 209.576010     27.000  34.494508     7.9360    3.39931     26.773    33.2079    25.8762 0.0000e+00
 209.576020     28.000  34.490685     7.9119    3.31945     27.764    33.2263    25.8942 0.0000e+00
 209.576032     29.000  34.499147     7.9099    3.21810     28.756    33.2368    25.9027 0.0000e+00
 209.576043     30.000  34.529246     7.8985    3.11040     29.747    33.2794    25.9378 0.0000e+00
 209.576055     31.000  34.532611     7.8528    3.00766     30.739    33.3261    25.9812 0.0000e+00
 209.576067     32.000  34.506433     7.7999    2.93802     31.730    33.3481    26.0061 0.0000e+00
 209.576078     33.000  34.477059     7.7395    2.87260     32.722    33.3739    26.0351 0.0000e+00
 209.576090     34.000  34.440795     7.6675    2.81673     33.714    33.4035    26.0687 0.0000e+00
 209.576101     35.000  34.405977     7.6008    2.77343     34.705    33.4295    26.0987 0.0000e+00
 209.576113     36.000  34.377783     7.5288    2.73068     35.697    33.4679    26.1391 0.0000e+00
 209.576125     37.000  34.352884     7.4611    2.69621     36.688    33.5058    26.1785 0.0000e+00
 209.576139     38.000  34.333445     7.4128    2.68867     37.679    33.5310    26.2051 0.0000e+00
 209.576153     39.000  34.310890     7.3651    2.71107     38.671    33.5523    26.2286 0.0000e+00
 209.576167     40.000  34.294457     7.3377    2.76119     39.663    33.5605    26.2389 0.0000e+00
 209.576180     41.000  34.287172     7.3176    2.79013     40.654    33.5716    26.2504 0.0000e+00
 209.576191     42.000  34.285296     7.3028    2.81836     41.645    33.5834    26.2618 0.0000e+00
 209.576203     43.000  34.287168     7.2913    2.84122     42.636    33.5962    26.2735 0.0000e+00
 209.576216     44.000  34.288770     7.2726    2.84909     43.628    33.6156    26.2913 0.0000e+00
 209.576229     45.000  34.290826     7.2453    2.85515     44.620    33.6439    26.3174 0.0000e+00
 209.576242     46.000  34.294056     7.2309    2.87116     45.611    33.6610    26.3328 0.0000e+00
 209.576257     47.000  34.293735     7.2283    2.88127     46.602    33.6627    26.3346 0.0000e+00
 209.576272     48.000  34.293957     7.2259    2.87435     47.594    33.6648    26.3366 0.0000e+00
 209.576291     49.000  34.295522     7.2282    2.87593     48.585    33.6638    26.3355 0.0000e+00
