data/oxygen options/ONMS/Olympic_Coast_National_Marine_Sanctuary_Hypoxia_Survey_CTD_Data_2004_2015/raw_data/2004/CTD_CE40_072604faed.cnv
* Sea-Bird SBE19 Data File:
* FileName = C:\WINDOWS\Desktop\put hypoxia files here\CTD files\july 24_25-04\CE\CE4.hex
* Software Version 1.1.4
* Temperature SN = 2997
* Conductivity SN = 2997
* System UpLoad Time = Jul 26 2004 14:31:08
* SEACAT PROFILER V3.1c SN 2997   07/26/04  14:31:25.858
* strain gauge pressure sensor: S/N = 184829,  range = 3000 psia,  tc = 40
# nquan = 9                                 
# nvalues = 669                         
# units = specified
# name 0 = timeJ: Julian Days
# name 1 = prSM: Pressure, Strain Gauge [db]
# name 2 = c0mS/cm: Conductivity [mS/cm]
# name 3 = t090C: Temperature [ITS-90, deg C]
# name 4 = oxML/L: Oxygen, Beckman/YSI [ml/l]
# name 5 = depSM: Depth [salt water, m], lat = 47.5
# name 6 = sal00: Salinity, Practical [PSU]
# name 7 = sigma-é00: Density [sigma-theta, kg/m^3]
# name 8 = flag: flag
# span 0 = 208.520012, 208.523877       
# span 1 =     -5.920,     39.121       
# span 2 =   0.416219,  40.601691       
# span 3 =     7.5399,    16.0457       
# span 4 =   -0.05174,   28.43246       
# span 5 =     -5.871,     38.791       
# span 6 =     0.2443,    33.5624       
# span 7 =    -0.8705,    26.2112       
# span 8 = 0.0000e+00, 0.0000e+00       
# interval = seconds: 0.5
# start_time = Jul 26 2004 12:28:49 [Instrument's time stamp, header]
# bad_flag = -9.990e-29
*END*
 208.520012     -5.920 -9.990e-29    16.0087   -0.05174     -5.871 -9.990e-29 -9.990e-29 -9.990e-29
 208.520017     -5.903   0.431345    16.0087   -0.05174     -5.854     0.2535    -0.8611 -9.990e-29
 208.520023     -5.882   0.431694    16.0088   -0.05174     -5.833     0.2537    -0.8610 -9.990e-29
 208.520029     -5.853   0.432186    16.0090   -0.05174     -5.804     0.2540    -0.8608 -9.990e-29
 208.520035     -5.822   0.432365    16.0095   -0.05174     -5.773     0.2541    -0.8608 -9.990e-29
 208.520041     -5.792   0.432100    16.0101   -0.05174     -5.744     0.2540    -0.8610 -9.990e-29
 208.520046     -5.769   0.431593    16.0107   -0.05174     -5.721     0.2537    -0.8613 -9.990e-29
 208.520052     -5.748   0.430909    16.0113   -0.05174     -5.700     0.2532    -0.8617 -9.990e-29
 208.520058     -5.731   0.430247    16.0121   -0.05174     -5.683     0.2528    -0.8622 -9.990e-29
 208.520064     -5.714   0.430019    16.0127   -0.05174     -5.666     0.2527    -0.8624 -9.990e-29
 208.520069     -5.698   0.429924    16.0132   -0.05174     -5.651     0.2526    -0.8625 -9.990e-29
 208.520075     -5.682   0.429278    16.0136   -0.05174     -5.635     0.2522    -0.8629 -9.990e-29
 208.520081     -5.663   0.428332    16.0141   -0.05174     -5.616     0.2517    -0.8634 -9.990e-29
 208.520087     -5.642   0.427491    16.0146   -0.05174     -5.595     0.2512    -0.8639 -9.990e-29
 208.520093     -5.616   0.426747    16.0151   -0.05174     -5.569     0.2507    -0.8643 -9.990e-29
 208.520098     -5.588   0.426216    16.0158   -0.05174     -5.541     0.2504    -0.8647 -9.990e-29
 208.520104     -5.562   0.425746    16.0165   -0.05174     -5.516     0.2501    -0.8650 -9.990e-29
 208.520110     -5.534   0.425267    16.0166   -0.05174     -5.488     0.2498    -0.8652 -9.990e-29
 208.520116     -5.508   0.425250    16.0162   -0.05174     -5.462     0.2498    -0.8652 -9.990e-29
 208.520122     -5.482   0.425674    16.0160   -0.05174     -5.436     0.2501    -0.8650 -9.990e-29
 208.520127     -5.450   0.425995    16.0164   -0.05174     -5.405     0.2502    -0.8649 -9.990e-29
 208.520133     -5.415   0.426087    16.0171   -0.05174     -5.370     0.2503    -0.8649 -9.990e-29
 208.520139     -5.378   0.426074    16.0174   -0.05174     -5.333     0.2503    -0.8650 -9.990e-29
 208.520145     -5.337   0.425938    16.0174   -0.05174     -5.293     0.2502    -0.8651 -9.990e-29
 208.520150     -5.294   0.425499    16.0177   -0.05174     -5.250     0.2499    -0.8653 -9.990e-29
 208.520156     -5.255   0.424727    16.0184   -0.05174     -5.211     0.2495    -0.8658 -9.990e-29
 208.520162     -5.220   0.423705    16.0189   -0.05174     -5.177     0.2489    -0.8664 -9.990e-29
 208.520168     -5.189   0.422181    16.0186   -0.05174     -5.146     0.2479    -0.8670 -9.990e-29
 208.520174     -5.159   0.420345    16.0183   -0.05174     -5.116     0.2468    -0.8678 -9.990e-29
 208.520179     -5.128   0.419079    16.0187   -0.05174     -5.085     0.2461    -0.8685 -9.990e-29
 208.520185     -5.095   0.418918    16.0196   -0.05174     -5.053     0.2460    -0.8687 -9.990e-29
 208.520191     -5.057   0.419648    16.0204   -0.05174     -5.015     0.2464    -0.8685 -9.990e-29
 208.520197     -5.015   0.420576    16.0207   -0.05173     -4.973     0.2470    -0.8681 -9.990e-29
 208.520203     -4.977   0.421276    16.0207   -0.05174     -4.936     0.2474    -0.8678 -9.990e-29
 208.520208     -4.944   0.421570    16.0207   -0.05174     -4.903     0.2476    -0.8676 -9.990e-29
 208.520214     -4.913   0.421294    16.0208   -0.05174     -4.872     0.2474    -0.8678 -9.990e-29
 208.520220     -4.884   0.420639    16.0211   -0.05173     -4.843     0.2470    -0.8681 -9.990e-29
 208.520226     -4.857   0.419843    16.0215   -0.05174     -4.817     0.2465    -0.8686 -9.990e-29
 208.520231     -4.836   0.418954    16.0220   -0.05173     -4.796     0.2460    -0.8691 -9.990e-29
 208.520237     -4.815   0.417897    16.0226   -0.05174     -4.775     0.2453    -0.8697 -9.990e-29
 208.520243     -4.789   0.416931    16.0233   -0.05174     -4.749     0.2448    -0.8702 -9.990e-29
 208.520249     -4.760   0.416435    16.0236   -0.05173     -4.720     0.2445    -0.8705 -9.990e-29
 208.520255     -4.735   0.416302    16.0234   -0.05173     -4.696     0.2444    -0.8705 -9.990e-29
 208.520260     -4.716   0.416354    16.0233   -0.05173     -4.677     0.2444    -0.8705 -9.990e-29
 208.520266     -4.703   0.416663    16.0235   -0.05173     -4.664     0.2446    -0.8704 -9.990e-29
 208.520272     -4.694   0.417086    16.0237   -0.05173     -4.655     0.2448    -0.8702 -9.990e-29
 208.520278     -4.685   0.417075    16.0237   -0.05173     -4.646     0.2448    -0.8702 -9.990e-29
 208.520284     -4.671   0.416619    16.0235   -0.05173     -4.632     0.2446    -0.8704 -9.990e-29
 208.520289     -4.655   0.416219    16.0229   -0.05173     -4.616     0.2443    -0.8705 -9.990e-29
 208.520295     -4.640   0.416454    16.0224   -0.05172     -4.601     0.2445    -0.8703 -9.990e-29
 208.520301     -4.626   0.419303    16.0217   -0.05172     -4.587     0.2462    -0.8689 -9.990e-29
 208.520307     -4.612   0.428011    16.0208   -0.05172     -4.574     0.2514    -0.8647 -9.990e-29
 208.520312     -4.596   0.441972    16.0200   -0.05171     -4.558     0.2599    -0.8580 -9.990e-29
 208.520318     -4.578   0.454819    16.0195   -0.05171     -4.540     0.2676    -0.8520 -9.990e-29
 208.520324     -4.557   0.462026    16.0195   -0.05170     -4.519     0.2720    -0.8486 -9.990e-29
 208.520330     -4.535   0.464874    16.0200   -0.05170     -4.497     0.2737    -0.8473 -9.990e-29
 208.520336     -4.520   0.466052    16.0212   -0.05170     -4.482     0.2744    -0.8470 -9.990e-29
 208.520341     -4.515   0.466574    16.0234   -0.05171     -4.477     0.2747    -0.8471 -9.990e-29
 208.520347     -4.516   0.466029    16.0266   -0.05170     -4.478     0.2743    -0.8479 -9.990e-29
 208.520353     -4.505   0.464246    16.0298   -0.05168     -4.467     0.2732    -0.8493 -9.990e-29
 208.520359     -4.472   0.462180    16.0327   -0.05143     -4.435     0.2720    -0.8507 -9.990e-29
 208.520365     -4.434   0.460963    16.0363   -0.04341     -4.397     0.2712    -0.8519 -9.990e-29
 208.520370     -4.401   0.460639    16.0408   -0.04346     -4.364     0.2710    -0.8528 -9.990e-29
 208.520376     -4.370   0.460776    16.0446   -0.04297     -4.334     0.2710    -0.8534 -9.990e-29
 208.520382     -4.339   0.463223    16.0457   -0.04299     -4.303     0.2725    -0.8524 -9.990e-29
 208.520388     -4.312   0.474574    16.0442   -0.04300     -4.276     0.2794    -0.8469 -9.990e-29
 208.520394     -4.290   0.511077    16.0420   -0.04300     -4.254     0.3015    -0.8294 -9.990e-29
 208.520399     -4.267   0.621401    16.0397   -0.04300     -4.231     0.3689    -0.7770 -9.990e-29
 208.520405     -4.239   0.955422    16.0323   -0.04301     -4.204     0.5766    -0.6157 -9.990e-29
 208.520411     -4.202   1.960723    16.0041   -0.04303     -4.167     1.2248    -0.1119 -9.990e-29
 208.520417     -4.160   4.938284    15.9262   -0.04304     -4.125     3.2642     1.4669 -9.990e-29
 208.520422     -4.118  13.377207    15.8078   -0.04304     -4.084     9.5467     6.2943 -9.990e-29
 208.520428     -4.077  25.849509    15.7112   -0.04302     -4.043    19.6125    14.0071 -9.990e-29
 208.520434     -4.032  34.643404    15.6632   -0.04302     -3.998    27.1164    19.7654 -9.990e-29
 208.520440     -3.974  38.294725    15.6437   -0.04302     -3.941    30.3216    22.2302 -9.990e-29
 208.520446     -3.908  39.776110    15.6357   -0.04301     -3.875    31.6367    23.2426 -9.990e-29
 208.520451     -3.843  40.265470    15.6300   -0.04301     -3.811    32.0754    23.5812 -9.990e-29
 208.520457     -3.780  40.427090    15.6217   -0.04299     -3.748    32.2258    23.6987 -9.990e-29
 208.520463     -3.714  40.476484    15.6110   -0.04298     -3.683    32.2784    23.7415 -9.990e-29
 208.520469     -3.641  40.487953    15.6034   -0.04299     -3.611    32.2948    23.7558 -9.990e-29
 208.520475     -3.560  40.490841    15.6039   -0.04300     -3.530    32.2970    23.7573 -9.990e-29
 208.520480     -3.481  40.494066    15.6096   -0.04300     -3.452    32.2951    23.7547 -9.990e-29
 208.520486     -3.409  40.496899    15.6138   -0.04300     -3.381    32.2942    23.7530 -9.990e-29
 208.520492     -3.345  40.498651    15.6155   -0.04299     -3.317    32.2943    23.7527 -9.990e-29
 208.520498     -3.286  40.502241    15.6164   -0.04298     -3.259    32.2968    23.7544 -9.990e-29
 208.520503     -3.226  40.513602    15.6192   -0.04295     -3.199    32.3045    23.7598 -9.990e-29
 208.520509     -3.163  40.536121    15.6267   -0.04294     -3.137    32.3184    23.7688 -9.990e-29
 208.520515     -3.096  40.559999    15.6338   -0.04297     -3.070    32.3338    23.7791 -9.990e-29
 208.520521     -3.035  40.569956    15.6351   -0.04299     -3.010    32.3416    23.7847 -9.990e-29
 208.520527     -2.983  40.564137    15.6343   -0.04300     -2.958    32.3370    23.7814 -9.990e-29
 208.520532     -2.934  40.550524    15.6353   -0.04299     -2.910    32.3241    23.7713 -9.990e-29
 208.520538     -2.884  40.537365    15.6377   -0.04298     -2.860    32.3104    23.7602 -9.990e-29
 208.520544     -2.838  40.531831    15.6413   -0.04297     -2.814    32.3025    23.7534 -9.990e-29
 208.520550     -2.799  40.541154    15.6493   -0.04296     -2.776    32.3042    23.7529 -9.990e-29
 208.520556     -2.759  40.565443    15.6623   -0.04300     -2.736    32.3151    23.7584 -9.990e-29
 208.520561     -2.711  40.589966    15.6697   -0.04303     -2.688    32.3309    23.7689 -9.990e-29
 208.520567     -2.661  40.598057    15.6640   -0.04302     -2.639    32.3427    23.7793 -9.990e-29
 208.520573     -2.614  40.587624    15.6526   -0.04302     -2.592    32.3428    23.7818 -9.990e-29
 208.520579     -2.568  40.572278    15.6445   -0.04298     -2.547    32.3357    23.7782 -9.990e-29
 208.520584     -2.523  40.563006    15.6415   -0.04295     -2.502    32.3299    23.7744 -9.990e-29
 208.520590     -2.481  40.564864    15.6434   -0.04300     -2.460    32.3300    23.7741 -9.990e-29
 208.520596     -2.440  40.582593    15.6490   -0.04304     -2.420    32.3412    23.7814 -9.990e-29
 208.520602     -2.400  40.601691    15.6496   -0.04303     -2.380    32.3576    23.7939 -9.990e-29
 208.520608     -2.365  40.597137    15.6370   -0.04303     -2.345    32.3639    23.8015 -9.990e-29
 208.520613     -2.326  40.569059    15.6201   -0.04301     -2.307    32.3528    23.7967 -9.990e-29
 208.520619     -2.278  40.541774    15.6133   -0.04301     -2.259    32.3341    23.7838 -9.990e-29
 208.520625     -2.222  40.540653    15.6217   -0.04302     -2.203    32.3262    23.7759 -9.990e-29
 208.520631     -2.167  40.563099    15.6397   -0.04303     -2.149    32.3314    23.7759 -9.990e-29
 208.520637     -2.123  40.583499    15.6499   -0.04300     -2.105    32.3411    23.7812 -9.990e-29
 208.520642     -2.086  40.585867    15.6409   -0.04301     -2.069    32.3506    23.7904 -9.990e-29
 208.520648     -2.050  40.566091    15.6232   -0.04305     -2.033    32.3475    23.7920 -9.990e-29
 208.520654     -2.017  40.537675    15.6114   -0.04307     -2.000    32.3319    23.7826 -9.990e-29
 208.520660     -1.985  40.528410    15.6108   -0.04307     -1.968    32.3241    23.7768 -9.990e-29
 208.520666     -1.952  40.542236    15.6171   -0.04308     -1.936    32.3313    23.7808 -9.990e-29
 208.520671     -1.928  40.554393    15.6180   -0.04306     -1.912    32.3413    23.7884 -9.990e-29
 208.520677     -1.917  40.554738    15.6120   -0.04304     -1.901    32.3465    23.7937 -9.990e-29
 208.520683     -1.909  40.557787    15.6111   -0.04302     -1.893    32.3500    23.7966 -9.990e-29
 208.520689     -1.899  40.568752    15.6156   -0.04306     -1.883    32.3561    23.8002 -9.990e-29
 208.520694     -1.887  40.572528    15.6111   -0.04307     -1.871    32.3631    23.8067 -9.990e-29
 208.520700     -1.876  40.560143    15.5954   -0.04306     -1.860    32.3650    23.8116 -9.990e-29
 208.520706     -1.870  40.538119    15.5804   -0.04304     -1.854    32.3577    23.8093 -9.990e-29
 208.520712     -1.863  40.517517    15.5728   -0.04301     -1.847    32.3456    23.8016 -9.990e-29
 208.520718     -1.852  40.505681    15.5732   -0.04302     -1.837    32.3347    23.7932 -9.990e-29
 208.520723     -1.836  40.502002    15.5810   -0.04305     -1.821    32.3250    23.7840 -9.990e-29
 208.520729     -1.814  40.505525    15.5911   -0.04306     -1.799    32.3199    23.7778 -9.990e-29
 208.520735     -1.788  40.514981    15.5939   -0.04307     -1.773    32.3260    23.7819 -9.990e-29
 208.520741     -1.765  40.525038    15.5853   -0.04305     -1.750    32.3420    23.7961 -9.990e-29
 208.520747     -1.749  40.527434    15.5748   -0.04305     -1.734    32.3527    23.8067 -9.990e-29
 208.520752     -1.737  40.525398    15.5754   -0.04302     -1.723    32.3504    23.8048 -9.990e-29
 208.520758     -1.727  40.536071    15.5897   -0.04300     -1.713    32.3482    23.7999 -9.990e-29
 208.520764     -1.711  40.556872    15.6044   -0.04302     -1.697    32.3546    23.8016 -9.990e-29
 208.520770     -1.694  40.566178    15.6047   -0.04303     -1.680    32.3626    23.8077 -9.990e-29
 208.520775     -1.679  40.559030    15.5947   -0.04303     -1.665    32.3645    23.8113 -9.990e-29
 208.520781     -1.664  40.545010    15.5857   -0.04302     -1.650    32.3594    23.8094 -9.990e-29
 208.520787     -1.650  40.527900    15.5815   -0.04302     -1.636    32.3476    23.8013 -9.990e-29
 208.520793     -1.634  40.512968    15.5828   -0.04303     -1.620    32.3332    23.7899 -9.990e-29
 208.520799     -1.617  40.515123    15.5915   -0.04302     -1.604    32.3280    23.7840 -9.990e-29
 208.520804     -1.596  40.535583    15.6068   -0.04301     -1.583    32.3337    23.7850 -9.990e-29
 208.520810     -1.575  40.553953    15.6189   -0.04299     -1.562    32.3401    23.7872 -9.990e-29
 208.520816     -1.557  40.557154    15.6192   -0.04297     -1.544    32.3427    23.7892 -9.990e-29
 208.520822     -1.536  40.549485    15.6133   -0.04299     -1.523    32.3407    23.7889 -9.990e-29
 208.520828     -1.511  40.544321    15.6110   -0.04301     -1.498    32.3379    23.7873 -9.990e-29
 208.520833     -1.490  40.550517    15.6146   -0.04300     -1.478    32.3405    23.7885 -9.990e-29
 208.520839     -1.474  40.557278    15.6191   -0.04300     -1.462    32.3428    23.7893 -9.990e-29
 208.520845     -1.463  40.550074    15.6213   -0.04300     -1.451    32.3346    23.7825 -9.990e-29
 208.520851     -1.457  40.534482    15.6246   14.64826     -1.445    32.3180    23.7690 -9.990e-29
 208.520856     -1.450  40.529023    15.6321   26.58738     -1.438    32.3070    23.7589 -9.990e-29
 208.520862     -1.437  40.540474    15.6442   28.43246     -1.425    32.3073    23.7564 -9.990e-29
 208.520868     -1.424  40.555511    15.6542   25.23237     -1.412    32.3125    23.7582 -9.990e-29
 208.520874     -1.411  40.558295    15.6531   16.80822     -1.399    32.3158    23.7610 -9.990e-29
 208.520880     -1.400  40.546396    15.6455   12.94791     -1.388    32.3115    23.7594 -9.990e-29
 208.520885     -1.389  40.532599    15.6405   12.96509     -1.377    32.3033    23.7542 -9.990e-29
 208.520891     -1.378  40.532204    15.6394   12.56130     -1.367    32.3038    23.7549 -9.990e-29
 208.520897     -1.366  40.539659    15.6400    8.37028     -1.355    32.3100    23.7594 -9.990e-29
 208.520903     -1.351  40.536871    15.6396    5.02347     -1.340    32.3078    23.7579 -9.990e-29
 208.520909     -1.334  40.521832    15.6381    3.26183     -1.323    32.2957    23.7489 -9.990e-29
 208.520914     -1.313  40.505384    15.6375    3.11748     -1.302    32.2815    23.7381 -9.990e-29
 208.520920     -1.287  40.495365    15.6391    4.62157     -1.276    32.2713    23.7299 -9.990e-29
 208.520926     -1.258  40.492472    15.6426    5.36623     -1.248    32.2659    23.7250 -9.990e-29
 208.520932     -1.233  40.493998    15.6468    5.69227     -1.223    32.2638    23.7224 -9.990e-29
