data/oxygen options/ONMS/Olympic_Coast_National_Marine_Sanctuary_Hypoxia_Survey_CTD_Data_2004_2015/raw_data/2004/CTD_CA45_061504faedb.cnv
* Sea-Bird SBE19 Data File:
* FileName = C:\WINDOWS\Desktop\put hypoxia files here\CTD files\CA\CA45m061504.hex
* Software Version 1.1.4
* Temperature SN = 2997
* Conductivity SN = 2997
* System UpLoad Time = Jun 15 2004 12:11:48
** Cape Alava hypoxia 45m CA-4.5 June 15, 2004
* SEACAT PROFILER V3.1c SN 2997   06/15/04  12:10:13.071
# nquan = 9
# nvalues = 44                          
# units = specified
# name 0 = timeJ: Julian Days
# name 1 = prSM: Pressure, Strain Gauge [db]
# name 2 = c0mS/cm: Conductivity [mS/cm]
# name 3 = t090C: Temperature [ITS-90, deg C]
# name 4 = oxML/L: Oxygen, Beckman/YSI [ml/l]
# name 5 = depSM: Depth [salt water, m], lat = 47.5
# name 6 = sal00: Salinity, Practical [PSU]
# name 7 = sigma-é00: Density [sigma-theta, kg/m^3]
# name 8 = flag: flag
# span 0 = 167.459014, 167.459693       
# span 1 =      2.000,     45.000       
# span 2 =  34.378400,  37.399712       
# span 3 =     8.0205,    13.3364       
# span 4 =    3.67925,    5.86298       
# span 5 =      1.983,     44.619       
# span 6 =    31.3424,    32.9987       
# span 7 =    23.4954,    25.7000       
# span 8 = 0.0000e+00, 0.0000e+00       
# interval = decibars: 1                
# start_time = Jun 15 2004 10:56:55 [Instrument's time stamp, header]
# bad_flag = -9.990e-29
*END*
 167.459014      2.000  37.399712    13.3364    5.72912      1.983    31.3424    23.4954 0.0000e+00
 167.459044      3.000  37.265803    13.1038    5.83294      2.975    31.4087    23.5922 0.0000e+00
 167.459066      4.000  37.194613    13.0230    5.85507      3.966    31.4085    23.6078 0.0000e+00
 167.459085      5.000  37.184397    13.0064    5.85666      4.958    31.4123    23.6139 0.0000e+00
 167.459104      6.000  37.182876    12.9937    5.86298      5.950    31.4209    23.6232 0.0000e+00
 167.459122      7.000  37.182171    12.9726    5.85202      6.942    31.4374    23.6400 0.0000e+00
 167.459141      8.000  37.173717    12.9434    5.86012      7.933    31.4533    23.6580 0.0000e+00
 167.459158      9.000  37.167045    12.9254    5.84599      8.925    31.4616    23.6679 0.0000e+00
 167.459175     10.000  37.155343    12.8927    5.80805      9.917    31.4774    23.6865 0.0000e+00
 167.459191     11.000  37.136960    12.8409    5.81198     10.908    31.5028    23.7161 0.0000e+00
 167.459206     12.000  37.121042    12.7902    5.82960     11.900    31.5297    23.7467 0.0000e+00
 167.459221     13.000  37.117171    12.7731    5.85836     12.891    31.5399    23.7580 0.0000e+00
 167.459236     14.000  37.117456    12.7634    5.81479     13.883    31.5479    23.7660 0.0000e+00
 167.459251     15.000  37.107123    12.7161    5.74448     14.874    31.5773    23.7979 0.0000e+00
 167.459266     16.000  37.047840    12.5987    5.73434     15.866    31.6191    23.8527 0.0000e+00
 167.459279     17.000  36.979416    12.5190    5.69549     16.857    31.6207    23.8691 0.0000e+00
 167.459294     18.000  36.958892    12.4669    5.63378     17.849    31.6446    23.8975 0.0000e+00
 167.459309     19.000  36.889446    12.3204    5.55408     18.840    31.7015    23.9692 0.0000e+00
 167.459323     20.000  36.781791    12.1284    5.44584     19.832    31.7607    24.0511 0.0000e+00
 167.459337     21.000  36.672177    11.9238    5.41479     20.824    31.8291    24.1420 0.0000e+00
 167.459350     22.000  36.558325    11.7181    5.45519     21.815    31.8947    24.2306 0.0000e+00
 167.459362     23.000  36.471563    11.5746    5.59625     22.807    31.9335    24.2868 0.0000e+00
 167.459375     24.000  36.409658    11.4756    5.61886     23.798    31.9581    24.3238 0.0000e+00
 167.459390     25.000  36.345797    11.3613    5.39263     24.790    31.9941    24.3724 0.0000e+00
 167.459405     26.000  36.134503    10.9532    5.06105     25.782    32.1415    24.5590 0.0000e+00
 167.459419     27.000  35.695449    10.3220    4.68887     26.773    32.2601    24.7599 0.0000e+00
 167.459432     28.000  35.348888     9.8117    4.38683     27.765    32.3652    24.9268 0.0000e+00
 167.459444     29.000  35.075336     9.3914    4.19570     28.756    32.4643    25.0721 0.0000e+00
 167.459456     30.000  34.873601     9.1847    4.05718     29.748    32.4439    25.0887 0.0000e+00
 167.459469     31.000  34.781195     9.0542    3.93754     30.739    32.4667    25.1270 0.0000e+00
 167.459481     32.000  34.713753     8.9121    3.85322     31.731    32.5261    25.1955 0.0000e+00
 167.459493     33.000  34.648557     8.7532    3.81040     32.722    32.6037    25.2807 0.0000e+00
 167.459504     34.000  34.589160     8.6157    3.75620     33.713    32.6679    25.3518 0.0000e+00
 167.459517     35.000  34.550616     8.5365    3.70529     34.705    32.7002    25.3892 0.0000e+00
 167.459531     36.000  34.518144     8.4367    3.68593     35.696    32.7582    25.4497 0.0000e+00
 167.459547     37.000  34.479634     8.3096    3.67925     36.688    32.8355    25.5293 0.0000e+00
 167.459562     38.000  34.442264     8.1663    3.69340     37.679    32.9296    25.6243 0.0000e+00
 167.459577     39.000  34.411481     8.0793    3.71858     38.671    32.9782    25.6752 0.0000e+00
 167.459590     40.000  34.400478     8.0572    3.73719     39.663    32.9869    25.6852 0.0000e+00
 167.459607     41.000  34.403667     8.0673    3.72541     40.654    32.9802    25.6786 0.0000e+00
 167.459626     42.000  34.399094     8.0513    3.72223     41.645    32.9899    25.6886 0.0000e+00
 167.459646     43.000  34.388810     8.0310    3.72681     42.637    32.9977    25.6976 0.0000e+00
 167.459667     44.000  34.380936     8.0205    3.72713     43.628    32.9987    25.7000 0.0000e+00
 167.459693     45.000  34.378400     8.0265    3.72538     44.619    32.9898    25.6922 0.0000e+00
