data/oxygen options/ONMS/Olympic_Coast_National_Marine_Sanctuary_Hypoxia_Survey_CTD_Data_2004_2015/raw_data/2004/CTD_CE20_100404faed.cnv
* Sea-Bird SBE19 Data File:
* FileName = C:\WINDOWS\Desktop\put hypoxia files here\CTD data\October 04_05-04\raw\CE20_100404.hex
* Software Version 1.1.4
* Temperature SN = 2997
* Conductivity SN = 2997
* System UpLoad Time = Oct 04 2004 15:26:42
* SEACAT PROFILER V3.1c SN 2997   10/04/04  15:30:41.994
* strain gauge pressure sensor: S/N = 184829,  range = 3000 psia,  tc = 40
# nquan = 9                                 
# nvalues = 440                         
# units = specified
# name 0 = timeJ: Julian Days
# name 1 = prSM: Pressure, Strain Gauge [db]
# name 2 = c0mS/cm: Conductivity [mS/cm]
# name 3 = t090C: Temperature [ITS-90, deg C]
# name 4 = oxML/L: Oxygen, Beckman/YSI [ml/l]
# name 5 = depSM: Depth [salt water, m], lat = 47.5
# name 6 = sal00: Salinity, Practical [PSU]
# name 7 = sigma-é00: Density [sigma-theta, kg/m^3]
# name 8 = flag: flag
# span 0 = 278.624618, 278.627159       
# span 1 =     -4.719,     17.645       
# span 2 =   0.513161,  38.147053       
# span 3 =     9.8417,    15.8577       
# span 4 =   -0.05390,   29.01201       
# span 5 =     -4.680,     17.497       
# span 6 =     0.3143,    32.9595       
# span 7 =    -0.5836,    25.3713       
# span 8 = 0.0000e+00, 0.0000e+00       
# interval = seconds: 0.5
# start_time = Oct 04 2004 14:59:27 [Instrument's time stamp, header]
# bad_flag = -9.990e-29
*END*
[from data line 161]
 278.625550     -0.075  37.649372    15.5791    7.26550     -0.074    29.8013    21.8446 -9.990e-29
 278.625556     -0.051  37.645347    15.5779    7.25986     -0.051    29.7987    21.8429 -9.990e-29
 278.625561     -0.036  37.644503    15.5835    7.24408     -0.036    29.7937    21.8378 -9.990e-29
 278.625567     -0.024  37.648523    15.5946    7.24047     -0.024    29.7888    21.8317 -9.990e-29
 278.625573     -0.011  37.657729    15.6037    7.23866     -0.011    29.7901    21.8307 -9.990e-29
 278.625579      0.005  37.665898    15.6031    7.23773      0.005    29.7977    21.8367 -9.990e-29
 278.625584      0.025  37.664869    15.5950    7.24079      0.025    29.8029    21.8424 -9.990e-29
 278.625590      0.044  37.657206    15.5885    7.23702      0.044    29.8011    21.8424 -9.990e-29
 278.625596      0.057  37.651203    15.5889    7.23530      0.057    29.7955    21.8381 -9.990e-29
 278.625602      0.063  37.651200    15.5958    7.23165      0.062    29.7903    21.8326 -9.990e-29
 278.625608      0.068  37.657761    15.6055    7.22368      0.067    29.7887    21.8293 -9.990e-29
 278.625613      0.072  37.666746    15.6115    7.21948      0.071    29.7921    21.8306 -9.990e-29
 278.625619      0.079  37.671636    15.6101    7.22260      0.078    29.7974    21.8350 -9.990e-29
 278.625625      0.094  37.669992    15.6048    7.23537      0.093    29.8000    21.8381 -9.990e-29
 278.625631      0.114  37.664678    15.6022    7.24122      0.113    29.7973    21.8366 -9.990e-29
 278.625637      0.127  37.661516    15.6074    7.23408      0.126    29.7906    21.8303 -9.990e-29
 278.625642      0.126  37.665829    15.6222    7.21935      0.125    29.7832    21.8214 -9.990e-29
 278.625648      0.118  37.679446    15.6401    7.21656      0.117    29.7817    21.8164 -9.990e-29
 278.625654      0.117  37.695858    15.6498    7.22333      0.116    29.7888    21.8197 -9.990e-29
 278.625660      0.122  37.703315    15.6488    7.24102      0.121    29.7961    21.8256 -9.990e-29
 278.625666      0.129  37.701676    15.6420    7.24706      0.128    29.7997    21.8299 -9.990e-29
 278.625671      0.139  37.696619    15.6374    7.23836      0.138    29.7988    21.8301 -9.990e-29
 278.625677      0.148  37.692063    15.6444    7.21950      0.147    29.7895    21.8215 -9.990e-29
 278.625683      0.152  37.697644    15.6624    7.19866      0.151    29.7808    21.8109 -9.990e-29
 278.625689      0.156  37.714077    15.6780    7.18080      0.155    29.7835    21.8096 -9.990e-29
 278.625694      0.169  37.728514    15.6771    7.18348      0.168    29.7968    21.8200 -9.990e-29
 278.625700      0.191  37.728815    15.6571    7.19916      0.189    29.8122    21.8361 -9.990e-29
 278.625706      0.215  37.711468    15.6331    7.20533      0.213    29.8150    21.8435 -9.990e-29
 278.625712      0.240  37.688682    15.6243    7.20827      0.238    29.8016    21.8352 -9.990e-29
 278.625718      0.261  37.679987    15.6341    7.18960      0.259    29.7866    21.8215 -9.990e-29
 278.625723      0.276  37.689495    15.6475    7.19036      0.274    29.7848    21.8172 -9.990e-29
 278.625729      0.291  37.702971    15.6489    7.19186      0.289    29.7956    21.8252 -9.990e-29
 278.625735      0.305  37.704747    15.6401    7.18747      0.302    29.8038    21.8334 -9.990e-29
 278.625741      0.317  37.695524    15.6351    7.18816      0.314    29.7995    21.8312 -9.990e-29
 278.625747      0.326  37.689928    15.6396    7.17984      0.323    29.7912    21.8238 -9.990e-29
 278.625752      0.333  37.694524    15.6460    7.17771      0.330    29.7904    21.8218 -9.990e-29
 278.625758      0.343  37.700867    15.6483    7.17489      0.340    29.7942    21.8243 -9.990e-29
 278.625764      0.356  37.702282    15.6504    7.18323      0.353    29.7939    21.8235 -9.990e-29
 278.625770      0.369  37.704030    15.6570    7.18626      0.366    29.7904    21.8195 -9.990e-29
 278.625775      0.379  37.710693    15.6691    7.18525      0.376    29.7871    21.8143 -9.990e-29
 278.625781      0.377  37.720510    15.6875    7.17340      0.374    29.7819    21.8063 -9.990e-29
 278.625787      0.368  37.734801    15.7104    7.16612      0.365    29.7772    21.7977 -9.990e-29
 278.625793      0.364  37.753565    15.7273    7.16545      0.361    29.7809    21.7969 -9.990e-29
 278.625799      0.370  37.767624    15.7300    7.16905      0.367    29.7912    21.8043 -9.990e-29
 278.625804      0.380  37.769382    15.7251    7.17780      0.377    29.7964    21.8093 -9.990e-29
 278.625810      0.388  37.763998    15.7251    7.18132      0.385    29.7917    21.8057 -9.990e-29
 278.625816      0.389  37.763928    15.7362    7.18065      0.386    29.7833    21.7968 -9.990e-29
 278.625822      0.388  37.774133    15.7572    7.16431      0.385    29.7764    21.7870 -9.990e-29
 278.625828      0.389  37.791963    15.7793    7.14269      0.386    29.7754    21.7814 -9.990e-29
 278.625833      0.392  37.811481    15.7887    7.13986      0.389    29.7855    21.7871 -9.990e-29
 278.625839      0.398  37.820028    15.7799    7.14611      0.395    29.7996    21.7998 -9.990e-29
 278.625845      0.406  37.811067    15.7612    7.15491      0.403    29.8058    21.8087 -9.990e-29
 278.625851      0.417  37.794534    15.7503    7.15190      0.414    29.7995    21.8062 -9.990e-29
 278.625856      0.428  37.785965    15.7592    7.14570      0.424    29.7853    21.7934 -9.990e-29
 278.625862      0.435  37.793563    15.7775    7.13271      0.431    29.7782    21.7839 -9.990e-29
 278.625868      0.438  37.808398    15.7875    7.13351      0.434    29.7836    21.7859 -9.990e-29
 278.625874      0.442  37.814930    15.7853    7.13210      0.438    29.7910    21.7921 -9.990e-29
 278.625880      0.452  37.811228    15.7764    7.12769      0.448    29.7945    21.7967 -9.990e-29
 278.625885      0.464  37.803021    15.7695    7.13247      0.460    29.7925    21.7966 -9.990e-29
 278.625891      0.473  37.796759    15.7714    7.13796      0.469    29.7856    21.7909 -9.990e-29
 278.625897      0.482  37.798679    15.7790    7.13190      0.478    29.7815    21.7862 -9.990e-29
 278.625903      0.490  37.805177    15.7861    7.12960      0.486    29.7819    21.7849 -9.990e-29
 278.625909      0.498  37.810908    15.7904    7.12631      0.494    29.7836    21.7853 -9.990e-29
 278.625914      0.507  37.815672    15.7885    7.12724      0.503    29.7892    21.7900 -9.990e-29
 278.625920      0.512  37.815178    15.7811    7.13856      0.508    29.7944    21.7956 -9.990e-29
 278.625926      0.510  37.808213    15.7795    7.13774      0.506    29.7895    21.7922 -9.990e-29
 278.625932      0.505  37.804567    15.7898    7.13147      0.501    29.7785    21.7815 -9.990e-29
 278.625938      0.501  37.811160    15.8025    7.11790      0.497    29.7748    21.7759 -9.990e-29
 278.625943      0.498  37.821650    15.8088    7.10470      0.494    29.7792    21.7779 -9.990e-29
 278.625949      0.499  37.828723    15.8072    7.10773      0.495    29.7866    21.7839 -9.990e-29
 278.625955      0.509  37.830608    15.7960    7.11188      0.505    29.7967    21.7941 -9.990e-29
 278.625961      0.525  37.823096    15.7795    7.12858      0.521    29.8025    21.8022 -9.990e-29
 278.625966      0.543  37.808518    15.7720    7.13018      0.538    29.7954    21.7983 -9.990e-29
 278.625972      0.560  37.801652    15.7806    7.11917      0.555    29.7829    21.7869 -9.990e-29
 278.625978      0.573  37.809610    15.7950    7.10658      0.568    29.7790    21.7808 -9.990e-29
 278.625984      0.587  37.822819    15.8016    7.09848      0.582    29.7856    21.7844 -9.990e-29
 278.625990      0.606  37.829182    15.7960    7.10295      0.601    29.7954    21.7931 -9.990e-29
 278.625995      0.633  37.823737    15.7854    7.11196      0.628    29.7986    21.7979 -9.990e-29
 278.626001      0.665  37.812693    15.7808    7.12218      0.659    29.7924    21.7941 -9.990e-29
 278.626007      0.695  37.808248    15.7839    7.12635      0.689    29.7861    21.7886 -9.990e-29
 278.626013      0.717  37.811772    15.7877    7.12442      0.711    29.7864    21.7880 -9.990e-29
 278.626019      0.728  37.815071    15.7899    7.11379      0.722    29.7876    21.7884 -9.990e-29
 278.626024      0.732  37.815823    15.7938    7.10124      0.726    29.7853    21.7859 -9.990e-29
 278.626030      0.734  37.817845    15.7989    7.08012      0.728    29.7832    21.7832 -9.990e-29
 278.626036      0.735  37.821224    15.8010    7.07407      0.729    29.7846    21.7838 -9.990e-29
 278.626042      0.734  37.823182    15.7949    7.09253      0.728    29.7909    21.7899 -9.990e-29
 278.626047      0.731  37.820356    15.7784    7.10540      0.725    29.8009    21.8012 -9.990e-29
 278.626053      0.727  37.807865    15.7609    7.12180      0.721    29.8031    21.8067 -9.990e-29
 278.626059      0.721  37.790556    15.7598    7.11958      0.715    29.7888    21.7959 -9.990e-29
 278.626065      0.712  37.787971    15.7788    7.11246      0.706    29.7722    21.7791 -9.990e-29
 278.626071      0.704  37.806760    15.8041    7.09671      0.698    29.7696    21.7716 -9.990e-29
 278.626076      0.701  37.829920    15.8204    7.08437      0.695    29.7777    21.7742 -9.990e-29
 278.626082      0.703  37.842357    15.8196    7.08942      0.697    29.7891    21.7832 -9.990e-29
 278.626088      0.710  37.838796    15.8058    7.09704      0.704    29.7964    21.7918 -9.990e-29
 278.626094      0.718  37.825152    15.7931    7.10843      0.712    29.7940    21.7927 -9.990e-29
 278.626100      0.724  37.815763    15.7939    7.10428      0.718    29.7852    21.7857 -9.990e-29
 278.626105      0.727  37.819984    15.8073    7.09133      0.721    29.7788    21.7779 -9.990e-29
 278.626111      0.728  37.835032    15.8214    7.07706      0.722    29.7814    21.7768 -9.990e-29
 278.626117      0.727  37.847892    15.8273    7.07056      0.721    29.7882    21.7808 -9.990e-29
 278.626123      0.728  37.850484    15.8251    7.07659      0.722    29.7921    21.7843 -9.990e-29
 278.626128      0.735  37.845713    15.8206    7.08597      0.729    29.7913    21.7846 -9.990e-29
 278.626134      0.745  37.840682    15.8182    7.09115      0.739    29.7887    21.7832 -9.990e-29
 278.626140      0.755  37.838784    15.8196    7.08895      0.749    29.7860    21.7808 -9.990e-29
 278.626146      0.764  37.840294    15.8244    7.08410      0.758    29.7837    21.7780 -9.990e-29
 278.626152      0.773  37.845548    15.8293    7.07644      0.767    29.7846    21.7776 -9.990e-29
 278.626157      0.783  37.850901    15.8313    7.07903      0.776    29.7878    21.7796 -9.990e-29
 278.626163      0.794  37.852844    15.8289    7.08818      0.787    29.7913    21.7828 -9.990e-29
 278.626169      0.807  37.850610    15.8247    7.09460      0.800    29.7925    21.7846 -9.990e-29
 278.626175      0.820  37.846272    15.8256    7.09538      0.813    29.7880    21.7810 -9.990e-29
 278.626181      0.823  37.846389    15.8335    7.08684      0.816    29.7822    21.7748 -9.990e-29
 278.626186      0.817  37.852803    15.8441    7.07997      0.810    29.7798    21.7707 -9.990e-29
 278.626192      0.811  37.861172    15.8532    7.07383      0.804    29.7803    21.7691 -9.990e-29
 278.626198      0.808  37.868083    15.8577    7.07533      0.801    29.7830    21.7701 -9.990e-29
 278.626204      0.808  37.870981    15.8545    7.07864      0.801    29.7879    21.7746 -9.990e-29
 278.626209      0.811  37.867570    15.8441    7.08361      0.804    29.7927    21.7806 -9.990e-29
 278.626215      0.818  37.858917    15.8351    7.08690      0.811    29.7919    21.7819 -9.990e-29
 278.626221      0.824  37.851996    15.8357    7.08795      0.817    29.7854    21.7768 -9.990e-29
 278.626227      0.825  37.852725    15.8434    7.07655      0.818    29.7803    21.7712 -9.990e-29
 278.626233      0.826  37.858711    15.8501    7.06746      0.819    29.7805    21.7699 -9.990e-29
 278.626238      0.831  37.863923    15.8508    7.06818      0.824    29.7845    21.7728 -9.990e-29
 278.626244      0.841  37.864663    15.8445    7.06661      0.834    29.7899    21.7783 -9.990e-29
 278.626250      0.856  37.860244    15.8354    7.07286      0.849    29.7929    21.7826 -9.990e-29
 278.626256      0.873  37.853751    15.8291    7.07773      0.866    29.7919    21.7832 -9.990e-29
 278.626262      0.884  37.849430    15.8271    7.06814      0.877    29.7896    21.7819 -9.990e-29
 278.626267      0.890  37.848251    15.8262    7.06703      0.883    29.7893    21.7818 -9.990e-29
 278.626273      0.896  37.848087    15.8234    7.06111      0.889    29.7912    21.7840 -9.990e-29
 278.626279      0.902  37.845920    15.8196    7.05510      0.894    29.7922    21.7855 -9.990e-29
 278.626285      0.908  37.842233    15.8173    7.06450      0.900    29.7907    21.7849 -9.990e-29
 278.626291      0.911  37.839965    15.8165    7.06804      0.903    29.7893    21.7840 -9.990e-29
 278.626296      0.911  37.839463    15.8152    7.07089      0.903    29.7898    21.7847 -9.990e-29
 278.626302      0.911  37.838941    15.8130    7.07544      0.903    29.7910    21.7861 -9.990e-29
 278.626308      0.908  37.837707    15.8119    7.07000      0.900    29.7908    21.7861 -9.990e-29
 278.626314      0.907  37.836927    15.8130    7.04969      0.899    29.7893    21.7847 -9.990e-29
 278.626319      0.914  37.837246    15.8153    7.05089      0.906    29.7878    21.7831 -9.990e-29
 278.626325      0.927  37.837976    15.8166    7.06753      0.919    29.7875    21.7826 -9.990e-29
 278.626331      0.942  37.837290    15.8122    7.07526      0.934    29.7902    21.7856 -9.990e-29
 278.626337      0.955  37.830915    15.8054    7.08019      0.947    29.7897    21.7867 -9.990e-29
 278.626343      0.964  37.823256    15.8101    7.07268      0.956    29.7795    21.7778 -9.990e-29
 278.626348      0.968  37.828782    15.8249    7.05690      0.960    29.7732    21.7698 -9.990e-29
 278.626354      0.973  37.844207    15.8343    7.05410      0.965    29.7796    21.7727 -9.990e-29
 278.626360      0.983  37.852531    15.8327    7.04873      0.975    29.7881    21.7795 -9.990e-29
 278.626366      0.994  37.850844    15.8250    7.05677      0.986    29.7924    21.7845 -9.990e-29
 278.626372      1.003  37.845875    15.8156    7.06435      0.995    29.7951    21.7886 -9.990e-29
 278.626377      1.011  37.839977    15.8084    7.07313      1.003    29.7954    21.7904 -9.990e-29
 278.626383      1.017  37.835386    15.8080    7.06869      1.009    29.7917    21.7876 -9.990e-29
 278.626389      1.022  37.835515    15.8124    7.06429      1.013    29.7885    21.7842 -9.990e-29
 278.626395      1.027  37.838300    15.8172    7.06320      1.018    29.7873    21.7823 -9.990e-29
 278.626400      1.032  37.840729    15.8206    7.05637      1.023    29.7868    21.7812 -9.990e-29
 278.626406      1.037  37.842683    15.8217    7.05777      1.028    29.7877    21.7816 -9.990e-29
 278.626412      1.042  37.843969    15.8202    7.05494      1.033    29.7900    21.7837 -9.990e-29
 278.626418      1.048  37.843506    15.8164    7.05656      1.039    29.7924    21.7864 -9.990e-29
 278.626424      1.055  37.840681    15.8113    7.05924      1.046    29.7938    21.7886 -9.990e-29
 278.626429      1.063  37.836221    15.8073    7.05308      1.054    29.7929    21.7887 -9.990e-29
 278.626435      1.070  37.832594    15.8069    7.05035      1.061    29.7900    21.7866 -9.990e-29
 278.626441      1.070  37.832260    15.8082    7.05085      1.061    29.7887    21.7854 -9.990e-29
 278.626447      1.069  37.833655    15.8086    7.04948      1.060    29.7897    21.7860 -9.990e-29
 278.626453      1.070  37.834161    15.8085    7.05708      1.061    29.7902    21.7864 -9.990e-29
 278.626458      1.074  37.834456    15.8098    7.05393      1.065    29.7895    21.7856 -9.990e-29
 278.626464      1.080  37.836061    15.8140    7.05316      1.071    29.7877    21.7833 -9.990e-29
