data/oxygen options/ONMS/Olympic_Coast_National_Marine_Sanctuary_Hypoxia_Survey_CTD_Data_2004_2015/raw_data/2004/CTD_CE20_090704faed.cnv
* Sea-Bird SBE19 Data File:
* FileName = C:\WINDOWS\Desktop\put hypoxia files here\CTD data\September 07_0804\CE\Raw\CE20_090704.hex
* Software Version 1.1.4
* Temperature SN = 2997
* Conductivity SN = 2997
* System UpLoad Time = Sep 07 2004 16:09:51
* SEACAT PROFILER V3.1c SN 2997   09/07/04  16:12:25.513
* strain gauge pressure sensor: S/N = 184829,  range = 3000 psia,  tc = 40
# nquan = 9                                 
# nvalues = 506                         
# units = specified
# name 0 = timeJ: Julian Days
# name 1 = prSM: Pressure, Strain Gauge [db]
# name 2 = c0mS/cm: Conductivity [mS/cm]
# name 3 = t090C: Temperature [ITS-90, deg C]
# name 4 = oxML/L: Oxygen, Beckman/YSI [ml/l]
# name 5 = depSM: Depth [salt water, m], lat = 47.5
# name 6 = sal00: Salinity, Practical [PSU]
# name 7 = sigma-é00: Density [sigma-theta, kg/m^3]
# name 8 = flag: flag
# span 0 = 251.647720, 251.650642       
# span 1 =     -5.133,     19.116       
# span 2 =   1.788154,  39.389518       
# span 3 =     8.5315,    15.4499       
# span 4 =   -0.04402,   29.60457       
# span 5 =     -5.090,     18.956       
# span 6 =     1.1276,    33.2539       
# span 7 =    -0.0940,    25.8227       
# span 8 = 0.0000e+00, 0.0000e+00       
# interval = seconds: 0.5
# start_time = Sep 07 2004 15:32:43 [Instrument's time stamp, header]
# bad_flag = -9.990e-29
*END*
[from data line 161]
 251.648652     -0.872  39.231443    14.8062    6.47309     -0.865    31.8194    23.5624 -9.990e-29
 251.648657     -0.864  39.231902    14.8063    6.47465     -0.857    31.8198    23.5627 -9.990e-29
 251.648663     -0.856  39.232163    14.8068    6.46181     -0.849    31.8196    23.5624 -9.990e-29
 251.648669     -0.848  39.233138    14.8080    6.46611     -0.841    31.8195    23.5621 -9.990e-29
 251.648675     -0.839  39.234450    14.8096    6.45663     -0.832    31.8194    23.5617 -9.990e-29
 251.648681     -0.830  39.235608    14.8110    6.45730     -0.823    31.8193    23.5613 -9.990e-29
 251.648686     -0.818  39.236477    14.8115    6.46094     -0.811    31.8196    23.5615 -9.990e-29
 251.648692     -0.804  39.236537    14.8103    6.45460     -0.797    31.8207    23.5625 -9.990e-29
 251.648698     -0.791  39.235314    14.8075    6.45760     -0.784    31.8218    23.5640 -9.990e-29
 251.648704     -0.783  39.232861    14.8046    6.45713     -0.776    31.8220    23.5648 -9.990e-29
 251.648709     -0.774  39.230402    14.8039    6.45271     -0.768    31.8203    23.5636 -9.990e-29
 251.648715     -0.759  39.229708    14.8054    6.44795     -0.753    31.8185    23.5619 -9.990e-29
 251.648721     -0.743  39.230981    14.8058    6.44654     -0.737    31.8193    23.5624 -9.990e-29
 251.648727     -0.728  39.230874    14.8035    6.45398     -0.722    31.8211    23.5643 -9.990e-29
 251.648733     -0.709  39.228126    14.8015    6.45898     -0.703    31.8202    23.5640 -9.990e-29
 251.648738     -0.685  39.226370    14.8017    6.45583     -0.679    31.8185    23.5627 -9.990e-29
 251.648744     -0.663  39.227196    14.8039    6.45725     -0.657    31.8174    23.5614 -9.990e-29
 251.648750     -0.646  39.229462    14.8072    6.45563     -0.641    31.8168    23.5602 -9.990e-29
 251.648756     -0.632  39.232268    14.8097    6.44651     -0.627    31.8172    23.5600 -9.990e-29
 251.648762     -0.622  39.234312    14.8103    6.44524     -0.617    31.8186    23.5609 -9.990e-29
 251.648767     -0.613  39.234958    14.8103    6.44264     -0.608    31.8192    23.5614 -9.990e-29
 251.648773     -0.602  39.235635    14.8111    6.44961     -0.597    31.8191    23.5612 -9.990e-29
 251.648779     -0.583  39.236689    14.8126    6.45016     -0.578    31.8188    23.5606 -9.990e-29
 251.648785     -0.559  39.237284    14.8152    6.44246     -0.554    31.8173    23.5589 -9.990e-29
 251.648791     -0.538  39.238777    14.8188    6.43376     -0.534    31.8157    23.5569 -9.990e-29
 251.648796     -0.522  39.242043    14.8221    6.43536     -0.518    31.8159    23.5564 -9.990e-29
 251.648802     -0.507  39.245271    14.8244    6.43604     -0.503    31.8169    23.5567 -9.990e-29
 251.648808     -0.486  39.247160    14.8256    6.43832     -0.482    31.8177    23.5570 -9.990e-29
 251.648814     -0.464  39.247991    14.8261    6.44418     -0.460    31.8180    23.5571 -9.990e-29
 251.648819     -0.446  39.248314    14.8264    6.44424     -0.442    31.8180    23.5571 -9.990e-29
 251.648825     -0.436  39.248563    14.8270    6.44114     -0.432    31.8178    23.5567 -9.990e-29
 251.648831     -0.434  39.249077    14.8278    6.43860     -0.430    31.8176    23.5564 -9.990e-29
 251.648837     -0.439  39.249983    14.8286    6.43641     -0.435    31.8177    23.5564 -9.990e-29
 251.648843     -0.447  39.250811    14.8295    6.43800     -0.443    31.8178    23.5562 -9.990e-29
 251.648848     -0.451  39.251546    14.8308    6.43347     -0.447    31.8174    23.5556 -9.990e-29
 251.648854     -0.446  39.252614    14.8323    6.43211     -0.442    31.8171    23.5551 -9.990e-29
 251.648860     -0.436  39.253761    14.8336    6.42756     -0.432    31.8171    23.5548 -9.990e-29
 251.648866     -0.425  39.254836    14.8345    6.43203     -0.421    31.8173    23.5548 -9.990e-29
 251.648872     -0.413  39.255593    14.8347    6.43155     -0.410    31.8178    23.5552 -9.990e-29
 251.648877     -0.402  39.255366    14.8340    6.41797     -0.399    31.8182    23.5556 -9.990e-29
 251.648883     -0.397  39.254415    14.8326    6.41624     -0.394    31.8185    23.5561 -9.990e-29
 251.648889     -0.397  39.253160    14.8306    6.41313     -0.394    31.8190    23.5569 -9.990e-29
 251.648895     -0.401  39.251615    14.8284    6.41988     -0.398    31.8194    23.5577 -9.990e-29
 251.648900     -0.407  39.249966    14.8271    6.42502     -0.404    31.8189    23.5576 -9.990e-29
 251.648906     -0.405  39.248826    14.8269    6.42473     -0.402    31.8181    23.5570 -9.990e-29
 251.648912     -0.396  39.248922    14.8270    6.42319     -0.393    31.8181    23.5570 -9.990e-29
 251.648918     -0.388  39.249264    14.8270    6.41749     -0.385    31.8184    23.5572 -9.990e-29
 251.648924     -0.380  39.249189    14.8274    6.41733     -0.377    31.8180    23.5568 -9.990e-29
 251.648929     -0.367  39.249724    14.8285    6.41505     -0.364    31.8176    23.5563 -9.990e-29
 251.648935     -0.353  39.251023    14.8301    6.40391     -0.350    31.8174    23.5558 -9.990e-29
 251.648941     -0.341  39.252579    14.8317    6.41047     -0.338    31.8175    23.5556 -9.990e-29
 251.648947     -0.331  39.254230    14.8330    6.41795     -0.328    31.8179    23.5556 -9.990e-29
 251.648953     -0.321  39.255377    14.8340    6.41842     -0.318    31.8182    23.5556 -9.990e-29
 251.648958     -0.312  39.255869    14.8349    6.42664     -0.309    31.8179    23.5552 -9.990e-29
 251.648964     -0.303  39.256928    14.8356    6.41423     -0.300    31.8182    23.5553 -9.990e-29
 251.648970     -0.292  39.258288    14.8363    6.41400     -0.290    31.8189    23.5556 -9.990e-29
 251.648976     -0.280  39.258960    14.8379    6.41001     -0.278    31.8182    23.5548 -9.990e-29
 251.648981     -0.270  39.259846    14.8404    6.40198     -0.268    31.8169    23.5533 -9.990e-29
 251.648987     -0.265  39.261569    14.8419    6.40475     -0.263    31.8173    23.5532 -9.990e-29
 251.648993     -0.261  39.262505    14.8411    6.40243     -0.259    31.8188    23.5545 -9.990e-29
 251.648999     -0.254  39.261663    14.8388    6.40764     -0.252    31.8199    23.5559 -9.990e-29
 251.649005     -0.243  39.260171    14.8353    6.41039     -0.241    31.8214    23.5578 -9.990e-29
 251.649010     -0.231  39.257166    14.8310    6.40995     -0.229    31.8222    23.5593 -9.990e-29
 251.649016     -0.222  39.252568    14.8282    6.39221     -0.220    31.8203    23.5585 -9.990e-29
 251.649022     -0.215  39.249787    14.8288    6.39258     -0.213    31.8173    23.5560 -9.990e-29
 251.649028     -0.211  39.250728    14.8316    6.38990     -0.209    31.8159    23.5543 -9.990e-29
 251.649034     -0.208  39.253844    14.8341    6.40443     -0.206    31.8166    23.5544 -9.990e-29
 251.649039     -0.207  39.256004    14.8350    6.41377     -0.205    31.8179    23.5551 -9.990e-29
 251.649045     -0.203  39.256163    14.8349    6.41330     -0.201    31.8181    23.5553 -9.990e-29
 251.649051     -0.196  39.255661    14.8348    6.41030     -0.194    31.8177    23.5551 -9.990e-29
 251.649057     -0.190  39.255518    14.8351    6.39788     -0.188    31.8173    23.5547 -9.990e-29
 251.649063     -0.185  39.256107    14.8357    6.40132     -0.183    31.8174    23.5546 -9.990e-29
 251.649068     -0.179  39.257095    14.8360    6.40227     -0.178    31.8180    23.5550 -9.990e-29
 251.649074     -0.174  39.257561    14.8357    6.39585     -0.173    31.8187    23.5556 -9.990e-29
 251.649080     -0.168  39.257006    14.8347    6.39323     -0.167    31.8190    23.5561 -9.990e-29
 251.649086     -0.160  39.255819    14.8334    6.39071     -0.159    31.8190    23.5563 -9.990e-29
 251.649091     -0.151  39.254663    14.8313    6.38834     -0.150    31.8196    23.5573 -9.990e-29
 251.649097     -0.141  39.253124    14.8260    6.38501     -0.140    31.8226    23.5607 -9.990e-29
 251.649103     -0.127  39.248595    14.8184    6.38336     -0.126    31.8247    23.5639 -9.990e-29
 251.649109     -0.110  39.241771    14.8143    6.39768     -0.109    31.8219    23.5626 -9.990e-29
 251.649115     -0.093  39.238703    14.8152    6.38551     -0.092    31.8184    23.5597 -9.990e-29
 251.649120     -0.079  39.240349    14.8169    6.38386     -0.078    31.8185    23.5594 -9.990e-29
 251.649126     -0.066  39.242177    14.8172    6.38106     -0.065    31.8199    23.5605 -9.990e-29
 251.649132     -0.055  39.242702    14.8169    6.37990     -0.055    31.8206    23.5611 -9.990e-29
 251.649138     -0.044  39.243000    14.8171    6.38771     -0.044    31.8207    23.5611 -9.990e-29
 251.649144     -0.033  39.243474    14.8183    6.37551     -0.033    31.8201    23.5604 -9.990e-29
 251.649149     -0.021  39.244010    14.8197    6.37860     -0.021    31.8195    23.5596 -9.990e-29
 251.649155     -0.012  39.244767    14.8213    6.37430     -0.012    31.8188    23.5588 -9.990e-29
 251.649161     -0.008  39.246007    14.8238    6.37716     -0.008    31.8179    23.5575 -9.990e-29
 251.649167     -0.007  39.247704    14.8271    6.38586     -0.007    31.8167    23.5560 -9.990e-29
 251.649172     -0.003  39.249880    14.8297    6.38560     -0.003    31.8166    23.5553 -9.990e-29
 251.649178     -0.000  39.252075    14.8308    6.39412     -0.000    31.8177    23.5559 -9.990e-29
 251.649184     -0.003  39.253292    14.8312    6.38242     -0.003    31.8184    23.5564 -9.990e-29
 251.649190     -0.007  39.253475    14.8318    6.38283     -0.007    31.8181    23.5560 -9.990e-29
 251.649196     -0.008  39.253430    14.8327    6.38370     -0.008    31.8173    23.5552 -9.990e-29
 251.649201     -0.007  39.253663    14.8331    6.37823     -0.007    31.8172    23.5551 -9.990e-29
 251.649207     -0.004  39.253926    14.8326    6.38702     -0.004    31.8179    23.5557 -9.990e-29
 251.649213      0.002  39.254011    14.8321    6.37912      0.002    31.8184    23.5561 -9.990e-29
 251.649219      0.012  39.254034    14.8321    6.38877      0.012    31.8184    23.5561 -9.990e-29
 251.649225      0.021  39.254029    14.8324    6.38080      0.021    31.8181    23.5559 -9.990e-29
 251.649230      0.026  39.253992    14.8327    6.37669      0.026    31.8178    23.5556 -9.990e-29
 251.649236      0.031  39.253875    14.8326    6.36554      0.031    31.8178    23.5556 -9.990e-29
 251.649242      0.037  39.253526    14.8315    6.36439      0.037    31.8184    23.5563 -9.990e-29
 251.649248      0.041  39.252481    14.8291    6.37286      0.041    31.8194    23.5576 -9.990e-29
 251.649253      0.045  39.250474    14.8269    6.37534      0.045    31.8194    23.5580 -9.990e-29
 251.649259      0.055  39.248757    14.8267    6.37910      0.055    31.8180    23.5570 -9.990e-29
 251.649265      0.068  39.248971    14.8285    6.37020      0.067    31.8167    23.5556 -9.990e-29
 251.649271      0.075  39.250840    14.8309    6.37358      0.074    31.8164    23.5549 -9.990e-29
 251.649277      0.077  39.252933    14.8329    6.37650      0.076    31.8167    23.5547 -9.990e-29
 251.649282      0.083  39.254116    14.8348    6.37783      0.082    31.8162    23.5539 -9.990e-29
 251.649288      0.097  39.254849    14.8372    6.37913      0.096    31.8149    23.5524 -9.990e-29
 251.649294      0.116  39.256674    14.8389    6.38106      0.115    31.8152    23.5522 -9.990e-29
 251.649300      0.133  39.259222    14.8393    6.37196      0.132    31.8171    23.5537 -9.990e-29
 251.649306      0.144  39.260844    14.8398    6.37950      0.143    31.8182    23.5544 -9.990e-29
 251.649311      0.150  39.261462    14.8405    6.37479      0.149    31.8182    23.5542 -9.990e-29
 251.649317      0.151  39.261904    14.8411    6.37312      0.150    31.8181    23.5540 -9.990e-29
 251.649323      0.152  39.262200    14.8413    6.37595      0.151    31.8182    23.5540 -9.990e-29
 251.649329      0.158  39.262187    14.8411    6.37173      0.157    31.8183    23.5542 -9.990e-29
 251.649334      0.164  39.261852    14.8407    6.37410      0.163    31.8183    23.5543 -9.990e-29
 251.649340      0.166  39.261313    14.8405    6.37416      0.165    31.8180    23.5541 -9.990e-29
 251.649346      0.169  39.260973    14.8406    6.37404      0.168    31.8176    23.5538 -9.990e-29
 251.649352      0.177  39.260944    14.8410    6.37404      0.176    31.8173    23.5534 -9.990e-29
 251.649358      0.187  39.261190    14.8417    6.37387      0.185    31.8169    23.5530 -9.990e-29
 251.649363      0.194  39.262041    14.8426    6.36035      0.192    31.8170    23.5528 -9.990e-29
 251.649369      0.200  39.263513    14.8436    6.35284      0.198    31.8175    23.5530 -9.990e-29
 251.649375      0.205  39.264767    14.8443    6.35292      0.203    31.8180    23.5533 -9.990e-29
 251.649381      0.208  39.265235    14.8451    6.37196      0.206    31.8178    23.5529 -9.990e-29
 251.649387      0.210  39.265544    14.8461    6.37194      0.208    31.8173    23.5523 -9.990e-29
 251.649392      0.212  39.266109    14.8467    6.37623      0.210    31.8173    23.5522 -9.990e-29
 251.649398      0.214  39.266564    14.8470    6.36350      0.212    31.8174    23.5523 -9.990e-29
 251.649404      0.215  39.266955    14.8473    6.36635      0.213    31.8175    23.5523 -9.990e-29
 251.649410      0.215  39.267248    14.8474    6.36650      0.213    31.8177    23.5524 -9.990e-29
 251.649416      0.215  39.267274    14.8465    6.37075      0.213    31.8185    23.5532 -9.990e-29
 251.649421      0.219  39.266509    14.8446    6.36988      0.217    31.8193    23.5543 -9.990e-29
 251.649427      0.232  39.265060    14.8437    6.36310      0.230    31.8188    23.5540 -9.990e-29
 251.649433      0.249  39.264364    14.8442    6.35909      0.247    31.8177    23.5531 -9.990e-29
 251.649439      0.264  39.264615    14.8447    6.36315      0.262    31.8175    23.5528 -9.990e-29
 251.649444      0.269  39.265029    14.8445    6.36176      0.267    31.8181    23.5533 -9.990e-29
 251.649450      0.264  39.265036    14.8436    6.36702      0.262    31.8188    23.5541 -9.990e-29
 251.649456      0.257  39.264089    14.8431    6.36512      0.255    31.8184    23.5538 -9.990e-29
 251.649462      0.253  39.263174    14.8440    6.35486      0.251    31.8168    23.5524 -9.990e-29
 251.649468      0.251  39.263877    14.8457    6.35408      0.249    31.8161    23.5515 -9.990e-29
 251.649473      0.250  39.265457    14.8469    6.35862      0.248    31.8165    23.5516 -9.990e-29
 251.649479      0.252  39.266657    14.8468    6.35773      0.250    31.8177    23.5525 -9.990e-29
 251.649485      0.255  39.266837    14.8449    6.35314      0.253    31.8194    23.5542 -9.990e-29
 251.649491      0.261  39.265117    14.8420    6.35053      0.259    31.8202    23.5555 -9.990e-29
 251.649497      0.269  39.262573    14.8403    6.36679      0.267    31.8193    23.5551 -9.990e-29
 251.649502      0.276  39.261425    14.8405    6.36844      0.274    31.8181    23.5542 -9.990e-29
 251.649508      0.277  39.261825    14.8417    6.36977      0.275    31.8175    23.5534 -9.990e-29
 251.649514      0.278  39.262628    14.8435    6.35458      0.276    31.8167    23.5525 -9.990e-29
 251.649520      0.279  39.263785    14.8456    6.35175      0.277    31.8161    23.5515 -9.990e-29
 251.649525      0.274  39.265719    14.8474    6.35709      0.272    31.8163    23.5513 -9.990e-29
 251.649531      0.269  39.267085    14.8485    6.36408      0.267    31.8167    23.5514 -9.990e-29
 251.649537      0.266  39.267465    14.8489    6.36440      0.264    31.8167    23.5513 -9.990e-29
 251.649543      0.267  39.267930    14.8493    6.35865      0.265    31.8168    23.5513 -9.990e-29
 251.649549      0.270  39.268542    14.8502    6.34066      0.268    31.8166    23.5509 -9.990e-29
 251.649554      0.277  39.269557    14.8513    6.34003      0.275    31.8166    23.5507 -9.990e-29
 251.649560      0.287  39.270651    14.8511    6.33827      0.285    31.8178    23.5516 -9.990e-29
 251.649566      0.301  39.270479    14.8495    6.34647      0.298    31.8189    23.5529 -9.990e-29
