data/oxygen options/ONMS/Olympic_Coast_National_Marine_Sanctuary_Hypoxia_Survey_CTD_Data_2004_2015/raw_data/2004/CTD_CE80_090704faed.cnv
* Sea-Bird SBE19 Data File:
* FileName = C:\WINDOWS\Desktop\put hypoxia files here\CTD data\September 07_0804\CE\Raw\CE80_090704.hex
* Software Version 1.1.4
* Temperature SN = 2997
* Conductivity SN = 2997
* System UpLoad Time = Sep 07 2004 16:02:38
* SEACAT PROFILER V3.1c SN 2997   09/07/04  16:04:54.322
* strain gauge pressure sensor: S/N = 184829,  range = 3000 psia,  tc = 40
# nquan = 9                                 
# nvalues = 741                         
# units = specified
# name 0 = timeJ: Julian Days
# name 1 = prSM: Pressure, Strain Gauge [db]
# name 2 = c0mS/cm: Conductivity [mS/cm]
# name 3 = t090C: Temperature [ITS-90, deg C]
# name 4 = oxML/L: Oxygen, Beckman/YSI [ml/l]
# name 5 = depSM: Depth [salt water, m], lat = 47.5
# name 6 = sal00: Salinity, Practical [PSU]
# name 7 = sigma-é00: Density [sigma-theta, kg/m^3]
# name 8 = flag: flag
# span 0 = 251.545868, 251.550150       
# span 1 =     -5.599,     79.743       
# span 2 =   0.750013,  40.604925       
# span 3 =     7.5296,    17.0516       
# span 4 =   -0.04222,   27.73474       
# span 5 =     -5.552,     79.062       
# span 6 =     0.4573,    33.8180       
# span 7 =    -0.5790,    26.4148       
# span 8 = 0.0000e+00, 0.0000e+00       
# interval = seconds: 0.5
# start_time = Sep 07 2004 13:06:03 [Instrument's time stamp, header]
# bad_flag = -9.990e-29
*END*
[from data line 321]
 251.547726      0.194  40.536622    16.8438    7.31422      0.192    31.3446    22.7469 -9.990e-29
 251.547731      0.195  40.479659    16.7774    7.33908      0.193    31.3473    22.7642 -9.990e-29
 251.547737      0.208  40.405955    16.7478    7.34829      0.206    31.3068    22.7399 -9.990e-29
 251.547743      0.220  40.374901    16.7617    7.30896      0.218    31.2691    22.7079 -9.990e-29
 251.547749      0.223  40.395020    16.7940    7.26733      0.221    31.2613    22.6945 -9.990e-29
 251.547755      0.227  40.437027    16.8172    7.26618      0.225    31.2795    22.7031 -9.990e-29
 251.547760      0.239  40.471097    16.8038    7.28747      0.237    31.3193    22.7367 -9.990e-29
 251.547766      0.257  40.459632    16.7483    7.30530      0.255    31.3527    22.7750 -9.990e-29
 251.547772      0.272  40.391286    16.7021    7.31896      0.270    31.3297    22.7680 -9.990e-29
 251.547778      0.278  40.334851    16.7035    7.28666      0.276    31.2799    22.7294 -9.990e-29
 251.547784      0.275  40.338513    16.7280    7.27257      0.273    31.2639    22.7116 -9.990e-29
 251.547789      0.271  40.368434    16.7422    7.29083      0.269    31.2787    22.7197 -9.990e-29
 251.547795      0.270  40.383162    16.7381    7.30604      0.268    31.2946    22.7328 -9.990e-29
 251.547801      0.272  40.375979    16.7223    7.33605      0.270    31.3007    22.7411 -9.990e-29
 251.547807      0.274  40.355833    16.7132    7.35406      0.272    31.2904    22.7353 -9.990e-29
 251.547812      0.265  40.340758    16.7282    7.32841      0.263    31.2657    22.7129 -9.990e-29
 251.547818      0.247  40.354420    16.7566    7.32153      0.245    31.2554    22.6985 -9.990e-29
 251.547824      0.231  40.389792    16.7796    7.32526      0.229    31.2680    22.7029 -9.990e-29
 251.547830      0.227  40.421666    16.7855    7.32311      0.225    31.2909    22.7191 -9.990e-29
 251.547836      0.237  40.428030    16.7732    7.31236      0.235    31.3060    22.7335 -9.990e-29
 251.547841      0.253  40.407282    16.7677    7.29360      0.251    31.2924    22.7243 -9.990e-29
 251.547847      0.270  40.398537    16.7774    7.28173      0.268    31.2773    22.7105 -9.990e-29
 251.547853      0.286  40.413142    16.7720    7.27497      0.284    31.2941    22.7246 -9.990e-29
 251.547859      0.298  40.408857    16.7389    7.29294      0.296    31.3162    22.7492 -9.990e-29
 251.547865      0.310  40.371562    16.7022    7.31568      0.307    31.3126    22.7548 -9.990e-29
 251.547870      0.328  40.332340    16.6851    7.30639      0.325    31.2920    22.7430 -9.990e-29
 251.547876      0.348  40.315761    16.6931    7.28748      0.345    31.2714    22.7254 -9.990e-29
 251.547882      0.363  40.325528    16.7163    7.30523      0.360    31.2618    22.7127 -9.990e-29
 251.547888      0.371  40.350541    16.7279    7.32341      0.368    31.2744    22.7196 -9.990e-29
 251.547894      0.371  40.361317    16.7165    7.32803      0.368    31.2926    22.7362 -9.990e-29
 251.547899      0.363  40.344185    16.7091    7.32547      0.360    31.2835    22.7310 -9.990e-29
 251.547905      0.351  40.331864    16.7290    7.33452      0.348    31.2574    22.7064 -9.990e-29
 251.547911      0.339  40.352815    16.7622    7.31978      0.336    31.2496    22.6928 -9.990e-29
 251.547917      0.326  40.387283    16.7863    7.29878      0.323    31.2606    22.6957 -9.990e-29
 251.547922      0.319  40.412785    16.8019    7.30844      0.316    31.2705    22.6997 -9.990e-29
 251.547928      0.328  40.437529    16.8010    7.33905      0.325    31.2925    22.7168 -9.990e-29
 251.547934      0.347  40.440655    16.7774    7.34328      0.344    31.3136    22.7384 -9.990e-29
 251.547940      0.370  40.407825    16.7702    7.32059      0.367    31.2909    22.7226 -9.990e-29
 251.547946      0.385  40.396273    16.7985    7.30263      0.382    31.2588    22.6916 -9.990e-29
 251.547951      0.385  40.430429    16.8252    7.29556      0.382    31.2675    22.6921 -9.990e-29
 251.547957      0.378  40.461573    16.8170    7.29445      0.375    31.3008    22.7194 -9.990e-29
 251.547963      0.377  40.447644    16.7875    7.30839      0.374    31.3117    22.7346 -9.990e-29
 251.547969      0.386  40.405439    16.7676    7.32504      0.383    31.2908    22.7232 -9.990e-29
 251.547975      0.406  40.377441    16.7620    7.33870      0.403    31.2710    22.7093 -9.990e-29
 251.547980      0.433  40.374574    16.7646    7.33007      0.429    31.2665    22.7052 -9.990e-29
 251.547986      0.456  40.385716    16.7749    7.32351      0.452    31.2681    22.7041 -9.990e-29
 251.547992      0.468  40.403256    16.7844    7.31499      0.464    31.2758    22.7078 -9.990e-29
 251.547998      0.475  40.415757    16.7851    7.31096      0.471    31.2861    22.7155 -9.990e-29
 251.548003      0.481  40.413481    16.7852    7.29977      0.477    31.2840    22.7139 -9.990e-29
 251.548009      0.486  40.410754    16.7917    7.28628      0.482    31.2766    22.7067 -9.990e-29
 251.548015      0.490  40.421300    16.7900    7.28703      0.486    31.2870    22.7151 -9.990e-29
 251.548021      0.495  40.423795    16.7646    7.30982      0.491    31.3090    22.7378 -9.990e-29
 251.548027      0.504  40.395163    16.7318    7.33823      0.500    31.3098    22.7459 -9.990e-29
 251.548032      0.522  40.358354    16.7213    7.33911      0.518    31.2862    22.7302 -9.990e-29
 251.548038      0.547  40.348975    16.7401    7.31734      0.542    31.2634    22.7085 -9.990e-29
 251.548044      0.575  40.373552    16.7688    7.31724      0.570    31.2623    22.7010 -9.990e-29
 251.548050      0.609  40.407586    16.7765    7.34749      0.604    31.2857    22.7172 -9.990e-29
 251.548056      0.650  40.413944    16.7524    7.38484      0.645    31.3099    22.7413 -9.990e-29
 251.548061      0.702  40.384807    16.7238    7.39106      0.696    31.3070    22.7456 -9.990e-29
 251.548067      0.767  40.353116    16.7208    7.36549      0.761    31.2820    22.7271 -9.990e-29
 251.548073      0.849  40.351758    16.7390    7.33189      0.842    31.2666    22.7112 -9.990e-29
 251.548079      0.954  40.374953    16.7483    7.30914      0.946    31.2793    22.7188 -9.990e-29
 251.548084      1.088  40.386823    16.7248    7.28741      1.079    31.3079    22.7461 0.0000e+00
 251.548090      1.264  40.361646    16.6683    7.27859      1.253    31.3302    22.7761 0.0000e+00
 251.548096      1.494  40.303979    16.5944    7.29112      1.482    31.3379    22.7989 0.0000e+00
 251.548102      1.775  40.233402    16.5157    7.29390      1.760    31.3383    22.8171 0.0000e+00
 251.548108      2.103  40.162370    16.4361    7.31621      2.085    31.3388    22.8356 0.0000e+00
 251.548113      2.478  40.093191    16.3628    7.40390      2.457    31.3360    22.8500 0.0000e+00
 251.548119      2.893  40.033448    16.3030    7.45650      2.869    31.3308    22.8595 0.0000e+00
 251.548125      3.337  39.991519    16.2530    7.50545      3.309    31.3333    22.8727 0.0000e+00
 251.548131      3.799  39.960822    16.2038    7.54121      3.767    31.3451    22.8928 0.0000e+00
 251.548137      4.278  39.928435    16.1496    7.49236      4.242    31.3593    22.9159 0.0000e+00
 251.548142      4.775  39.889282    16.0882    7.31592      4.735    31.3733    22.9403 0.0000e+00
 251.548148      5.287  39.846096    16.0130    7.04271      5.243    31.3946    22.9735 0.0000e+00
 251.548154      5.809  39.803529    15.8915    6.71654      5.760    31.4533    23.0456 0.0000e+00
 251.548160      6.330  39.762004    15.6586    6.37499      6.277    31.6021    23.2114 0.0000e+00
 251.548166      6.845  39.710432    15.3016    6.09543      6.788    31.8437    23.4751 0.0000e+00
 251.548171      7.353  39.622078    14.9156    5.90524      7.292    32.0794    23.7396 0.0000e+00
 251.548177      7.852  39.486219    14.5779    5.82147      7.786    32.2352    23.9313 0.0000e+00
 251.548183      8.343  39.320761    14.2854    5.79340      8.273    32.3277    24.0640 0.0000e+00
 251.548189      8.836  39.136117    14.0406    5.78447      8.762    32.3632    24.1421 0.0000e+00
 251.548194      9.342  38.955277    13.8590    5.79349      9.264    32.3489    24.1683 0.0000e+00
 251.548200      9.861  38.814719    13.7170    5.78669      9.778    32.3382    24.1889 0.0000e+00
 251.548206     10.398  38.703656    13.5715    5.80158     10.311    32.3577    24.2334 0.0000e+00
 251.548212     10.952  38.584444    13.4074    5.79665     10.860    32.3855    24.2878 0.0000e+00
 251.548218     11.511  38.452897    13.2303    5.74356     11.415    32.4127    24.3442 0.0000e+00
 251.548223     12.072  38.322592    13.0405    5.69339     11.971    32.4521    24.4121 0.0000e+00
 251.548229     12.641  38.185751    12.8456    5.65179     12.535    32.4897    24.4793 0.0000e+00
 251.548235     13.211  38.038219    12.6498    5.62038     13.100    32.5181    24.5392 0.0000e+00
 251.548241     13.771  37.885696    12.4476    5.57501     13.656    32.5472    24.6006 0.0000e+00
 251.548247     14.315  37.727221    12.2620    5.52386     14.195    32.5562    24.6428 0.0000e+00
 251.548252     14.838  37.585860    12.1072    5.50318     14.714    32.5547    24.6708 0.0000e+00
 251.548258     15.343  37.472156    11.9568    5.50061     15.214    32.5759    24.7153 0.0000e+00
 251.548264     15.837  37.356696    11.8003    5.49020     15.704    32.6008    24.7637 0.0000e+00
 251.548270     16.329  37.234652    11.6537    5.46979     16.192    32.6106    24.7982 0.0000e+00
 251.548275     16.830  37.129426    11.5233    5.42119     16.689    32.6225    24.8312 0.0000e+00
 251.548281     17.333  37.047582    11.4030    5.31654     17.188    32.6483    24.8731 0.0000e+00
 251.548287     17.822  36.974707    11.2873    5.16685     17.672    32.6790    24.9178 0.0000e+00
 251.548293     18.300  36.897133    11.1716    5.01699     18.146    32.7050    24.9588 0.0000e+00
 251.548299     18.778  36.818479    11.0379    4.82340     18.620    32.7462    25.0145 0.0000e+00
 251.548304     19.261  36.738683    10.8560    4.62183     19.099    32.8294    25.1114 0.0000e+00
 251.548310     19.739  36.632049    10.6294    4.44520     19.573    32.9267    25.2267 0.0000e+00
 251.548316     20.201  36.490359    10.3834    4.30028     20.031    33.0071    25.3317 0.0000e+00
 251.548322     20.657  36.326492    10.0900    4.19823     20.484    33.1089    25.4608 0.0000e+00
 251.548328     21.114  36.118136     9.7334    4.10458     20.937    33.2244    25.6103 0.0000e+00
 251.548333     21.575  35.856541     9.3920    4.04349     21.394    33.2719    25.7031 0.0000e+00
 251.548339     22.044  35.609407     9.1303    3.98872     21.859    33.2598    25.7354 0.0000e+00
 251.548345     22.521  35.429479     8.9166    3.97981     22.332    33.2722    25.7787 0.0000e+00
 251.548351     22.997  35.280825     8.7064    3.99831     22.804    33.3138    25.8440 0.0000e+00
 251.548356     23.469  35.125499     8.5011    4.04605     23.272    33.3439    25.8989 0.0000e+00
 251.548362     23.944  34.962073     8.3226    4.13640     23.743    33.3400    25.9228 0.0000e+00
 251.548368     24.432  34.809698     8.1919    4.22869     24.227    33.3021    25.9125 0.0000e+00
 251.548374     24.934  34.705056     8.1055    4.28541     24.724    33.2725    25.9021 0.0000e+00
 251.548380     25.447  34.644774     8.0471    4.33917     25.233    33.2635    25.9037 0.0000e+00
 251.548385     25.970  34.605037     8.0079    4.37261     25.752    33.2581    25.9052 0.0000e+00
 251.548391     26.502  34.579342     7.9815    4.38709     26.279    33.2555    25.9070 0.0000e+00
 251.548397     27.037  34.562538     7.9633    4.38118     26.810    33.2547    25.9090 0.0000e+00
 251.548403     27.568  34.550677     7.9499    4.37536     27.336    33.2545    25.9108 0.0000e+00
 251.548409     28.090  34.541361     7.9381    4.34808     27.854    33.2555    25.9133 0.0000e+00
 251.548414     28.604  34.533345     7.9235    4.32196     28.363    33.2606    25.9195 0.0000e+00
 251.548420     29.120  34.524877     7.9040    4.28940     28.875    33.2699    25.9296 0.0000e+00
 251.548426     29.638  34.514723     7.8816    4.26009     29.389    33.2801    25.9409 0.0000e+00
 251.548432     30.158  34.502761     7.8599    4.23006     29.904    33.2877    25.9500 0.0000e+00
 251.548438     30.680  34.490384     7.8437    4.20475     30.422    33.2897    25.9539 0.0000e+00
 251.548443     31.205  34.482352     7.8380    4.15616     30.942    33.2862    25.9520 0.0000e+00
 251.548449     31.741  34.484736     7.8457    4.07560     31.474    33.2812    25.9470 0.0000e+00
 251.548455     32.294  34.502923     7.8639    3.97745     32.022    33.2831    25.9458 0.0000e+00
 251.548461     32.858  34.537027     7.8797    3.85308     32.581    33.3043    25.9602 0.0000e+00
 251.548466     33.428  34.570273     7.8817    3.75319     33.146    33.3377    25.9862 0.0000e+00
 251.548472     33.996  34.585863     7.8721    3.66283     33.709    33.3633    26.0077 0.0000e+00
 251.548478     34.561  34.587740     7.8562    3.60791     34.270    33.3802    26.0233 0.0000e+00
 251.548484     35.123  34.582858     7.8355    3.55025     34.827    33.3946    26.0375 0.0000e+00
 251.548490     35.677  34.573644     7.8124    3.51520     35.376    33.4065    26.0503 0.0000e+00
 251.548495     36.213  34.562911     7.7903    3.49550     35.908    33.4159    26.0609 0.0000e+00
 251.548501     36.741  34.552008     7.7692    3.50378     36.431    33.4242    26.0704 0.0000e+00
 251.548507     37.268  34.540936     7.7470    3.53500     36.954    33.4333    26.0808 0.0000e+00
 251.548513     37.794  34.530030     7.7267    3.59480     37.475    33.4409    26.0896 0.0000e+00
 251.548519     38.317  34.521531     7.7129    3.63732     37.994    33.4447    26.0947 0.0000e+00
 251.548524     38.833  34.517524     7.7044    3.67538     38.505    33.4483    26.0987 0.0000e+00
 251.548530     39.340  34.518233     7.6975    3.70804     39.008    33.4555    26.1053 0.0000e+00
 251.548536     39.844  34.523451     7.6914    3.71907     39.508    33.4667    26.1151 0.0000e+00
 251.548542     40.348  34.531695     7.6870    3.72922     40.007    33.4796    26.1258 0.0000e+00
 251.548547     40.848  34.539352     7.6850    3.70613     40.503    33.4895    26.1339 0.0000e+00
 251.548553     41.344  34.545388     7.6850    3.67459     40.995    33.4958    26.1388 0.0000e+00
 251.548559     41.827  34.551650     7.6855    3.62875     41.474    33.5018    26.1435 0.0000e+00
 251.548565     42.295  34.558048     7.6848    3.56743     41.938    33.5092    26.1494 0.0000e+00
 251.548571     42.759  34.563552     7.6814    3.49647     42.398    33.5181    26.1569 0.0000e+00
 251.548576     43.233  34.568745     7.6761    3.45041     42.868    33.5286    26.1659 0.0000e+00
 251.548582     43.716  34.573233     7.6710    3.41375     43.347    33.5381    26.1742 0.0000e+00
 251.548588     44.200  34.576242     7.6677    3.39487     43.826    33.5443    26.1795 0.0000e+00
 251.548594     44.678  34.578386     7.6654    3.36387     44.300    33.5486    26.1832 0.0000e+00
 251.548600     45.155  34.580249     7.6623    3.34300     44.773    33.5534    26.1874 0.0000e+00
 251.548605     45.638  34.583163     7.6585    3.31452     45.252    33.5600    26.1931 0.0000e+00
 251.548611     46.130  34.588180     7.6550    3.29725     45.740    33.5685    26.2004 0.0000e+00
 251.548617     46.626  34.593550     7.6518    3.28648     46.232    33.5772    26.2076 0.0000e+00
 251.548623     47.124  34.597992     7.6489    3.27606     46.725    33.5845    26.2138 0.0000e+00
 251.548628     47.622  34.602349     7.6464    3.24645     47.219    33.5914    26.2196 0.0000e+00
 251.548634     48.117  34.606234     7.6434    3.21150     47.710    33.5982    26.2254 0.0000e+00
 251.548640     48.611  34.608066     7.6398    3.17765     48.200    33.6035    26.2300 0.0000e+00
