data/oxygen options/ONMS/Olympic_Coast_National_Marine_Sanctuary_Hypoxia_Survey_CTD_Data_2004_2015/raw_data/2004/CTD_CE50_061604faed.cnv
* Sea-Bird SBE19 Data File:
* FileName = C:\WINDOWS\Desktop\put hypoxia files here\CTD files\CE\CE50m061604.hex
* Software Version 1.1.4
* Temperature SN = 2997
* Conductivity SN = 2997
* System UpLoad Time = Jun 16 2004 11:29:55
** Cape Elizabeth hypoxia June 16, 2004 50 m CE-5
* SEACAT PROFILER V3.1c SN 2997   06/16/04  11:34:02.892
# nquan = 9                                 
# nvalues = 766                         
# units = specified
# name 0 = timeJ: Julian Days
# name 1 = prSM: Pressure, Strain Gauge [db]
# name 2 = c0mS/cm: Conductivity [mS/cm]
# name 3 = t090C: Temperature [ITS-90, deg C]
# name 4 = oxML/L: Oxygen, Beckman/YSI [ml/l]
# name 5 = depSM: Depth [salt water, m], lat = 47.5
# name 6 = sal00: Salinity, Practical [PSU]
# name 7 = sigma-é00: Density [sigma-theta, kg/m^3]
# name 8 = flag: flag
# span 0 = 168.415231, 168.419659       
# span 1 =     -5.604,     49.008       
# span 2 =   0.324035,  36.831193       
# span 3 =     7.6708,    15.6492       
# span 4 =   -0.05232,   29.86275       
# span 5 =     -5.557,     48.593       
# span 6 =     0.1909,    33.4224       
# span 7 =    -0.8513,    26.0804       
# span 8 = 0.0000e+00, 0.0000e+00       
# interval = seconds: 0.5
# start_time = Jun 16 2004 09:57:56 [Instrument's time stamp, header]
# bad_flag = -9.990e-29
*END*
[from data line 641]
 168.418941     34.089  34.439261     7.7204    2.97248     33.802    33.3510    26.0199 0.0000e+00
 168.418947     33.491  34.440136     7.7305    3.00104     33.209    33.3426    26.0118 0.0000e+00
 168.418953     32.900  34.441252     7.7385    3.02240     32.623    33.3364    26.0058 0.0000e+00
 168.418958     32.308  34.442447     7.7535    3.04719     32.036    33.3236    25.9936 0.0000e+00
 168.418964     31.700  34.444223     7.7876    3.07113     31.433    33.2932    25.9648 0.0000e+00
 168.418970     31.062  34.448978     7.8437    3.09720     30.800    33.2451    25.9189 0.0000e+00
 168.418976     30.396  34.458035     7.9066    3.11640     30.140    33.1953    25.8706 0.0000e+00
 168.418981     29.712  34.468929     7.9562    3.14240     29.462    33.1601    25.8358 0.0000e+00
 168.418987     29.022  34.478285     7.9849    3.14402     28.778    33.1432    25.8184 0.0000e+00
 168.418993     28.342  34.484608     7.9985    3.16034     28.104    33.1374    25.8118 0.0000e+00
 168.418999     27.679  34.487957     8.0111    3.17730     27.446    33.1294    25.8037 0.0000e+00
 168.419005     27.032  34.491150     8.0358    3.17778     26.805    33.1097    25.7846 0.0000e+00
 168.419010     26.391  34.498473     8.0769    3.22099     26.169    33.0789    25.7544 0.0000e+00
 168.419016     25.757  34.511872     8.1355    3.27891     25.540    33.0382    25.7139 0.0000e+00
 168.419022     25.126  34.531866     8.2110    3.36033     24.915    32.9887    25.6638 0.0000e+00
 168.419028     24.497  34.558802     8.3098    3.46294     24.291    32.9248    25.5991 0.0000e+00
 168.419034     23.878  34.596680     8.4696    3.59091     23.677    32.8159    25.4898 0.0000e+00
 168.419039     23.271  34.664089     8.7137    3.74466     23.075    32.6607    25.3312 0.0000e+00
 168.419045     22.669  34.773584     8.9983    3.90493     22.479    32.5136    25.1723 0.0000e+00
 168.419051     22.063  34.905269     9.2946    4.04311     21.878    32.3803    25.0216 0.0000e+00
 168.419057     21.453  35.052033     9.6264    4.19509     21.273    32.2319    24.8526 0.0000e+00
 168.419063     20.838  35.226867     9.9996    4.30631     20.663    32.0768    24.6706 0.0000e+00
 168.419068     20.219  35.428042    10.3717    4.37289     20.049    31.9509    24.5104 0.0000e+00
 168.419074     19.598  35.633999    10.6868    4.46564     19.434    31.8808    24.4022 0.0000e+00
 168.419080     18.976  35.806011    10.9473    4.51057     18.817    31.8249    24.3136 0.0000e+00
 168.419086     18.350  35.941950    11.1889    4.58030     18.196    31.7501    24.2131 0.0000e+00
 168.419091     17.724  36.068943    11.4230    4.75733     17.575    31.6734    24.1119 0.0000e+00
 168.419097     17.101  36.189841    11.6399    4.95798     16.958    31.6060    24.0206 0.0000e+00
 168.419103     16.489  36.292074    11.8068    5.18321     16.351    31.5634    23.9572 0.0000e+00
 168.419109     15.895  36.353323    11.9451    5.38009     15.762    31.5056    23.8870 0.0000e+00
 168.419115     15.325  36.379058    12.1778    5.54135     15.197    31.3348    23.7115 0.0000e+00
 168.419120     14.785  36.417667    12.5287    5.69937     14.661    31.0799    23.4484 0.0000e+00
 168.419126     14.276  36.473561    12.8689    5.82644     14.156    30.8537    23.2086 0.0000e+00
 168.419132     13.786  36.510294    13.1319    5.90103     13.670    30.6749    23.0196 0.0000e+00
 168.419138     13.306  36.523107    13.3292    5.93555     13.195    30.5283    22.8679 0.0000e+00
 168.419144     12.830  36.524129    13.4784    5.93950     12.723    30.4103    22.7474 0.0000e+00
 168.419149     12.364  36.513670    13.6003    5.92325     12.260    30.3040    22.6413 0.0000e+00
 168.419155     11.919  36.487942    13.6894    5.88566     11.819    30.2101    22.5512 0.0000e+00
 168.419161     11.507  36.460920    13.7414    5.84813     11.411    30.1445    22.4902 0.0000e+00
 168.419167     11.140  36.446534    13.7736    5.82428     11.047    30.1062    22.4542 0.0000e+00
 168.419172     10.828  36.439107    13.7870    5.82010     10.737    30.0889    22.4382 0.0000e+00
 168.419178     10.577  36.437187    13.7751    5.82436     10.488    30.0966    22.4465 0.0000e+00
 168.419184     10.390  36.442734    13.7543    5.82619     10.303    30.1181    22.4672 0.0000e+00
 168.419190     10.249  36.445233    13.7465    5.81517     10.163    30.1266    22.4753 -9.990e-29
 168.419196     10.133  36.439065    13.7545    5.79748     10.048    30.1147    22.4645 -9.990e-29
 168.419201     10.029  36.430608    13.7693    5.78485      9.945    30.0953    22.4466 -9.990e-29
 168.419207      9.933  36.422632    13.7821    5.78386      9.850    30.0780    22.4307 -9.990e-29
 168.419213      9.836  36.417994    13.7910    5.79590      9.754    30.0668    22.4203 -9.990e-29
 168.419219      9.738  36.423999    13.7984    5.80967      9.656    30.0666    22.4186 -9.990e-29
 168.419225      9.637  36.438588    13.8026    5.81026      9.556    30.0767    22.4256 -9.990e-29
 168.419230      9.522  36.447038    13.8066    5.80012      9.442    30.0813    22.4284 -9.990e-29
 168.419236      9.380  36.441578    13.8209    5.79224      9.302    30.0652    22.4131 0.0000e+00
 168.419242      9.209  36.427852    13.8440    5.78889      9.132    30.0346    22.3849 0.0000e+00
 168.419248      9.009  36.414505    13.8639    5.80620      8.934    30.0069    22.3595 0.0000e+00
 168.419253      8.789  36.407326    13.8766    5.82681      8.715    29.9905    22.3444 0.0000e+00
 168.419259      8.557  36.405748    13.8838    5.83992      8.485    29.9835    22.3375 0.0000e+00
 168.419265      8.310  36.403776    13.8899    5.84203      8.240    29.9771    22.3313 0.0000e+00
 168.419271      8.047  36.394886    13.9082    5.82932      7.980    29.9548    22.3104 0.0000e+00
 168.419277      7.767  36.373424    13.9413    5.81918      7.702    29.9095    22.2689 0.0000e+00
 168.419282      7.474  36.342205    13.9734    5.80854      7.411    29.8562    22.2213 0.0000e+00
 168.419288      7.175  36.315712    14.0017    5.81643      7.115    29.8102    22.1802 0.0000e+00
 168.419294      6.876  36.296228    14.0338    5.86133      6.818    29.7678    22.1410 0.0000e+00
 168.419300      6.585  36.275756    14.0624    5.93210      6.530    29.7272    22.1040 0.0000e+00
 168.419306      6.305  36.257315    14.0810    5.97822      6.252    29.6962    22.0763 0.0000e+00
 168.419311      6.029  36.244949    14.1088    5.98482      5.979    29.6636    22.0456 0.0000e+00
 168.419317      5.751  36.222767    14.1793    5.94570      5.703    29.5895    21.9742 0.0000e+00
 168.419323      5.464  36.160099    14.2924    5.89231      5.418    29.4465    21.8412 0.0000e+00
 168.419329      5.171  36.053043    14.4019    5.85774      5.128    29.2670    21.6806 0.0000e+00
 168.419334      4.881  35.943941    14.4702    5.85105      4.840    29.1175    21.5516 0.0000e+00
 168.419340      4.595  35.880264    14.4968    5.87181      4.557    29.0404    21.4868 0.0000e+00
 168.419346      4.314  35.868557    14.4967    5.88703      4.278    29.0301    21.4789 0.0000e+00
 168.419352      4.039  35.889326    14.4961    5.88398      4.005    29.0493    21.4938 0.0000e+00
 168.419358      3.776  35.903010    14.5179    5.89701      3.744    29.0454    21.4863 0.0000e+00
 168.419363      3.525  35.877976    14.5594    5.91754      3.496    28.9920    21.4367 0.0000e+00
 168.419369      3.287  35.838064    14.6050    5.92510      3.260    28.9224    21.3737 0.0000e+00
 168.419375      3.059  35.811954    14.6469    5.92610      3.033    28.8680    21.3233 0.0000e+00
 168.419381      2.840  35.804678    14.6961    5.83718      2.816    28.8251    21.2802 0.0000e+00
 168.419387      2.633  35.822274    14.7539    5.78016      2.611    28.7981    21.2475 0.0000e+00
 168.419392      2.439  35.857959    14.7987    5.67499      2.419    28.7969    21.2374 0.0000e+00
 168.419398      2.256  35.889259    14.8238    5.63056      2.237    28.8063    21.2394 0.0000e+00
 168.419404      2.088  35.910288    14.8395    5.61251      2.071    28.8135    21.2417 0.0000e+00
 168.419410      1.926  35.926693    14.8472    6.48234      1.910    28.8225    21.2470 0.0000e+00
 168.419416      1.770  35.935709    14.8394    6.49445      1.755    28.8364    21.2593 0.0000e+00
 168.419421      1.627  35.930882    14.8179    6.51190      1.613    28.8480    21.2727 0.0000e+00
 168.419427      1.496  35.910294    14.7888    6.48291      1.484    28.8512    21.2812 0.0000e+00
 168.419433      1.369  35.876230    14.7507    6.50946      1.358    28.8491    21.2874 -9.990e-29
 168.419439      1.247  35.821405    14.6990    6.52913      1.237    28.8384    21.2898 -9.990e-29
 168.419444      1.134  35.708600    14.6344    6.53752      1.125    28.7854    21.2623 -9.990e-29
 168.419450      1.027  35.427213    14.5700    6.55678      1.018    28.5812    21.1183 -9.990e-29
 168.419456      0.925  34.652515    14.5171    6.51890      0.917    27.9272    20.6256 -9.990e-29
 168.419462      0.829  32.400906    14.4760    6.54893      0.822    25.9533    19.1154 -9.990e-29
 168.419468      0.741  25.708919    14.4474    6.52630      0.735    20.1312    14.6478 -9.990e-29
 168.419473      0.665  15.526121    14.4323    6.50134      0.659    11.6171     8.1194 -9.990e-29
 168.419479      0.601   8.373487    14.4259    6.47648      0.596     5.9653     3.7838 -9.990e-29
 168.419485      0.543   5.692849    14.4230    6.48413      0.538     3.9457     2.2319 -9.990e-29
 168.419491      0.488   4.714491    14.4216    6.52174      0.484     3.2267     1.6788 -9.990e-29
 168.419497      0.438   4.133401    14.4215    6.54146      0.434     2.8051     1.3541 -9.990e-29
 168.419502      0.393   3.592996    14.4222    6.53787      0.390     2.4170     1.0550 -9.990e-29
 168.419508      0.350   3.273021    14.4221    6.53845      0.347     2.1893     0.8795 -9.990e-29
 168.419514      0.311   3.314501    14.4212    6.53632      0.308     2.2188     0.9024 -9.990e-29
 168.419520      0.277   3.451876    14.4201    6.54835      0.275     2.3165     0.9779 -9.990e-29
 168.419525      0.248   3.321197    14.4176    6.51311      0.246     2.2238     0.9067 -9.990e-29
 168.419531      0.224   3.178606    14.4127    6.50747      0.222     2.1230     0.8297 -9.990e-29
 168.419537      0.209   3.324953    14.4046    6.50976      0.207     2.2272     0.9113 -9.990e-29
 168.419543      0.198   3.549498    14.3929    6.49873      0.196     2.3878     1.0369 -9.990e-29
 168.419549      0.185   3.503905    14.3808    6.52624      0.183     2.3560     1.0141 -9.990e-29
 168.419554      0.169   3.192443    14.3749    6.51852      0.168     2.1348     0.8445 -9.990e-29
 168.419560      0.151   2.932600    14.3760    6.54093      0.150     1.9512     0.7027 -9.990e-29
 168.419566      0.132   2.906049    14.3785    6.55381      0.131     1.9324     0.6878 -9.990e-29
 168.419572      0.121   3.032923    14.3785    6.56560      0.120     2.0218     0.7568 -9.990e-29
 168.419578      0.116   3.141637    14.3755    6.57616      0.115     2.0988     0.8166 -9.990e-29
 168.419583      0.112   3.291535    14.3710    6.58242      0.111     2.2053     0.8995 -9.990e-29
 168.419589      0.111   3.599610    14.3678    6.59329      0.110     2.4251     1.0694 -9.990e-29
 168.419595      0.106   3.890613    14.3657    6.59651      0.105     2.6340     1.2307 -9.990e-29
 168.419601      0.099   4.062710    14.3607    6.59440      0.098     2.7584     1.3273 -9.990e-29
 168.419606      0.092   4.061722    14.3527 -9.990e-29      0.091     2.7582     1.3284 -9.990e-29
 168.419612      0.086   3.834025    14.3446 -9.990e-29      0.085     2.5947     1.2036 -9.990e-29
 168.419618      0.084   3.531490    14.3388 -9.990e-29      0.083     2.3782     1.0375 -9.990e-29
 168.419624      0.086   3.194505    14.3358 -9.990e-29      0.085     2.1384     0.8530 -9.990e-29
 168.419630      0.084   2.829078    14.3339 -9.990e-29      0.083     1.8804     0.6543 -9.990e-29
 168.419635      0.073   2.517216    14.3319 -9.990e-29      0.072     1.6621     0.4860 -9.990e-29
 168.419641      0.057   2.261632    14.3300 -9.990e-29      0.057     1.4845     0.3492 -9.990e-29
 168.419647      0.043   2.051652    14.3285 -9.990e-29      0.043     1.3397     0.2375 -9.990e-29
 168.419653      0.036   1.894592    14.3280 -9.990e-29      0.036     1.2319     0.1543 -9.990e-29
 168.419659      0.033   1.791624 -9.990e-29 -9.990e-29      0.033 -9.990e-29 -9.990e-29 -9.990e-29
