data/oxygen options/ONMS/Olympic_Coast_National_Marine_Sanctuary_Hypoxia_Survey_CTD_Data_2004_2015/raw_data/2004/CTD_CA60_090804faed.cnv
* Sea-Bird SBE19 Data File:
* FileName = C:\WINDOWS\Desktop\put hypoxia files here\CTD data\September 07_0804\CA\raw\CA60_090804.hex
* Software Version 1.1.4
* Temperature SN = 2997
* Conductivity SN = 2997
* System UpLoad Time = Sep 08 2004 10:25:34
* SEACAT PROFILER V3.1c SN 2997   09/08/04  10:27:59.927
* strain gauge pressure sensor: S/N = 184829,  range = 3000 psia,  tc = 40
# nquan = 9                                 
# nvalues = 725                         
# units = specified
# name 0 = timeJ: Julian Days
# name 1 = prSM: Pressure, Strain Gauge [db]
# name 2 = c0mS/cm: Conductivity [mS/cm]
# name 3 = t090C: Temperature [ITS-90, deg C]
# name 4 = oxML/L: Oxygen, Beckman/YSI [ml/l]
# name 5 = depSM: Depth [salt water, m], lat = 47.5
# name 6 = sal00: Salinity, Practical [PSU]
# name 7 = sigma-é00: Density [sigma-theta, kg/m^3]
# name 8 = flag: flag
# span 0 = 252.415903, 252.420093       
# span 1 =     -5.135,     60.449       
# span 2 =   0.608060, 221.910439       
# span 3 =     7.4774,    41.9379       
# span 4 =   -0.05486,   31.61608       
# span 5 =     -5.092,     59.936       
# span 6 =     0.3815,    37.4497       
# span 7 =    -0.4250,    26.3797       
# span 8 = 0.0000e+00, 0.0000e+00       
# interval = seconds: 0.5
# start_time = Sep 08 2004 09:58:54 [Instrument's time stamp, header]
# bad_flag = -9.990e-29
*END*
[from data line 481]
 252.418686     25.116  34.758479     8.4561    4.52869     24.905    32.9984    25.6349 0.0000e+00
 252.418692     25.607  34.719484     8.4199    4.54105     25.392    32.9910    25.6345 0.0000e+00
 252.418698     26.102  34.692268     8.3942    4.53435     25.883    32.9861    25.6346 0.0000e+00
 252.418704     26.592  34.674145     8.3743    4.54110     26.368    32.9854    25.6370 0.0000e+00
 252.418709     27.065  34.665217     8.3595    4.53935     26.837    32.9896    25.6425 0.0000e+00
 252.418715     27.519  34.662529     8.3484    4.51136     27.288    32.9969    25.6499 0.0000e+00
 252.418721     27.960  34.660991     8.3349    4.48949     27.725    33.0078    25.6605 0.0000e+00
 252.418727     28.403  34.657419     8.3156    4.46659     28.164    33.0219    25.6744 0.0000e+00
 252.418733     28.864  34.648915     8.2898    4.46290     28.621    33.0369    25.6901 0.0000e+00
 252.418738     29.342  34.634226     8.2565    4.45881     29.095    33.0525    25.7072 0.0000e+00
 252.418744     29.820  34.613938     8.2205    4.44042     29.569    33.0646    25.7221 0.0000e+00
 252.418750     30.286  34.592384     8.1922    4.44385     30.031    33.0682    25.7291 0.0000e+00
 252.418756     30.744  34.577248     8.1706    4.44188     30.485    33.0723    25.7355 0.0000e+00
 252.418762     31.201  34.565716     8.1428    4.44062     30.938    33.0860    25.7504 0.0000e+00
 252.418767     31.665  34.546888     8.1088    4.43552     31.398    33.0979    25.7647 0.0000e+00
 252.418773     32.149  34.523682     8.0793    4.42781     31.878    33.1008    25.7713 0.0000e+00
 252.418779     32.657  34.506629     8.0564    4.42441     32.382    33.1041    25.7773 0.0000e+00
 252.418785     33.183  34.497645     8.0359    4.40569     32.903    33.1136    25.7878 0.0000e+00
 252.418791     33.719  34.494269     8.0173    4.35445     33.435    33.1274    25.8013 0.0000e+00
 252.418796     34.254  34.494235     8.0028    4.31799     33.965    33.1408    25.8140 0.0000e+00
 252.418802     34.784  34.495809     7.9933    4.28254     34.491    33.1513    25.8236 0.0000e+00
 252.418808     35.310  34.498840     7.9881    4.24195     35.012    33.1592    25.8305 0.0000e+00
 252.418814     35.825  34.504002     7.9835    4.20337     35.523    33.1688    25.8388 0.0000e+00
 252.418819     36.333  34.509763     7.9752    4.14588     36.027    33.1826    25.8508 0.0000e+00
 252.418825     36.844  34.513711     7.9654    4.11316     36.533    33.1959    25.8627 0.0000e+00
 252.418831     37.361  34.516623     7.9580    4.07335     37.046    33.2058    25.8715 0.0000e+00
 252.418837     37.883  34.519573     7.9539    4.03350     37.563    33.2126    25.8775 0.0000e+00
 252.418843     38.404  34.522005     7.9523    4.00887     38.080    33.2165    25.8808 0.0000e+00
 252.418848     38.918  34.523791     7.9521    3.98412     38.590    33.2183    25.8823 0.0000e+00
 252.418854     39.424  34.525626     7.9523    3.95813     39.091    33.2198    25.8834 0.0000e+00
 252.418860     39.920  34.527713     7.9519    3.93354     39.583    33.2222    25.8854 0.0000e+00
 252.418866     40.408  34.529466     7.9490    3.91132     40.067    33.2266    25.8893 0.0000e+00
 252.418872     40.897  34.531537     7.9411    3.89328     40.552    33.2361    25.8979 0.0000e+00
 252.418877     41.401  34.535003     7.9272    3.88099     41.051    33.2528    25.9130 0.0000e+00
 252.418883     41.926  34.538316     7.9098    3.84626     41.572    33.2727    25.9311 0.0000e+00
 252.418889     42.467  34.539723     7.8912    3.81035     42.108    33.2916    25.9487 0.0000e+00
 252.418895     43.016  34.539973     7.8724    3.77055     42.653    33.3096    25.9656 0.0000e+00
 252.418900     43.564  34.539954     7.8541    3.74437     43.196    33.3268    25.9817 0.0000e+00
 252.418906     44.105  34.539632     7.8374    3.71185     43.732    33.3421    25.9962 0.0000e+00
 252.418912     44.629  34.539130     7.8193    3.66353     44.252    33.3586    26.0118 0.0000e+00
 252.418918     45.135  34.536652     7.7865    3.64832     44.753    33.3871    26.0389 0.0000e+00
 252.418924     45.634  34.527204     7.7331    3.64511     45.248    33.4279    26.0787 0.0000e+00
 252.418929     46.136  34.508275     7.6764    3.65450     45.746    33.4618    26.1134 0.0000e+00
 252.418935     46.644  34.484326     7.6318    3.65877     46.249    33.4787    26.1331 0.0000e+00
 252.418941     47.151  34.462647     7.5985    3.65340     46.752    33.4871    26.1444 0.0000e+00
 252.418947     47.651  34.447390     7.5739    3.63788     47.248    33.4941    26.1535 0.0000e+00
 252.418953     48.145  34.438941     7.5572    3.61248     47.738    33.5008    26.1611 0.0000e+00
 252.418958     48.635  34.434434     7.5438    3.55927     48.223    33.5087    26.1692 0.0000e+00
 252.418964     49.126  34.432899     7.5320    3.52984     48.710    33.5182    26.1783 0.0000e+00
 252.418970     49.633  34.437886     7.5244    3.49718     49.213    33.5307    26.1892 0.0000e+00
 252.418976     50.158  34.448193     7.5209    3.47984     49.733    33.5449    26.2010 0.0000e+00
 252.418981     50.690  34.458499     7.5197    3.45057     50.261    33.5570    26.2106 0.0000e+00
 252.418987     51.222  34.467407     7.5194    3.43967     50.788    33.5667    26.2183 0.0000e+00
 252.418993     51.748  34.476700     7.5192    3.42489     51.310    33.5766    26.2262 0.0000e+00
 252.418999     52.271  34.489236     7.5176    3.40627     51.828    33.5915    26.2381 0.0000e+00
 252.419005     52.796  34.507711     7.5123    3.36099     52.349    33.6164    26.2584 0.0000e+00
 252.419010     53.317  34.533774     7.5044    3.30708     52.865    33.6520    26.2875 0.0000e+00
 252.419016     53.829  34.562376     7.4966    3.24542     53.373    33.6903    26.3188 0.0000e+00
 252.419022     54.334  34.584562     7.4894    3.17593     53.873    33.7211    26.3440 0.0000e+00
 252.419028     54.838  34.599078     7.4836    3.10690     54.373    33.7422    26.3614 0.0000e+00
 252.419034     55.347  34.607899     7.4803    3.05179     54.878    33.7547    26.3717 0.0000e+00
 252.419039     55.861  34.612133     7.4789    3.02813     55.387    33.7604    26.3764 0.0000e+00
 252.419045     56.369  34.614057     7.4783    2.99710     55.891    33.7628    26.3784 0.0000e+00
 252.419051     56.863  34.615109     7.4780    2.98790     56.381    33.7640    26.3794 0.0000e+00
 252.419057     57.343  34.615567     7.4779    2.96383     56.857    33.7644    26.3797 0.0000e+00
 252.419063     57.807  34.615477     7.4777    2.95105     57.317    33.7643    26.3797 0.0000e+00
 252.419068     58.260  34.615274     7.4775    2.93657     57.766    33.7640    26.3795 0.0000e+00
 252.419074     58.697  34.615246     7.4774    2.91038     58.199    33.7639    26.3794 0.0000e+00
 252.419080     59.102  34.615351     7.4774    2.91011     58.600    33.7638    26.3794 0.0000e+00
 252.419086     59.463  34.615724     7.4780    2.90981     58.958    33.7634    26.3790 0.0000e+00
 252.419091     59.772  34.616298     7.4790    2.91335     59.265    33.7629    26.3785 0.0000e+00
 252.419097     60.023  34.616715     7.4800    2.90217     59.513    33.7623    26.3778 0.0000e+00
 252.419103     60.211  34.616965     7.4812    2.91181     59.700    33.7613    26.3769 0.0000e+00
 252.419109     60.340  34.617380     7.4828    2.90418     59.828    33.7601    26.3757 -9.990e-29
 252.419115     60.418  34.617951     7.4842    2.89196     59.905    33.7594    26.3749 -9.990e-29
 252.419120     60.449  34.618314     7.4851    2.88446     59.936    33.7589    26.3744 -9.990e-29
 252.419126     60.435  34.618393     7.4854    2.87750     59.922    33.7587    26.3742 -9.990e-29
 252.419132     60.376  34.618291     7.4848    2.88419     59.863    33.7592    26.3747 -9.990e-29
 252.419138     60.268  34.617873     7.4836    2.88147     59.756    33.7599    26.3755 -9.990e-29
 252.419144     60.109  34.617139     7.4823    2.87829     59.599    33.7605    26.3761 0.0000e+00
 252.419149     59.900  34.616230     7.4811    2.87371     59.391    33.7608    26.3765 0.0000e+00
 252.419155     59.651  34.615053     7.4802    2.87138     59.145    33.7605    26.3764 0.0000e+00
 252.419161     59.374  34.613721     7.4797    2.87036     58.870    33.7597    26.3758 0.0000e+00
 252.419167     59.084  34.612703     7.4797    2.87485     58.582    33.7587    26.3750 0.0000e+00
 252.419172     58.782  34.612321     7.4801    2.87213     58.283    33.7580    26.3744 0.0000e+00
 252.419178     58.467  34.612627     7.4806    2.87641     57.971    33.7580    26.3744 0.0000e+00
 252.419184     58.135  34.612908     7.4807    2.85419     57.642    33.7584    26.3746 0.0000e+00
 252.419190     57.783  34.612417     7.4803    2.85902     57.293    33.7584    26.3747 0.0000e+00
 252.419196     57.410  34.611059     7.4797    2.86508     56.923    33.7577    26.3742 0.0000e+00
 252.419201     57.026  34.609266     7.4797    2.86353     56.542    33.7560    26.3728 0.0000e+00
 252.419207     56.650  34.608010     7.4798    2.86254     56.169    33.7547    26.3718 0.0000e+00
 252.419213     56.287  34.607300     7.4798    2.86623     55.810    33.7541    26.3713 0.0000e+00
 252.419219     55.929  34.606749     7.4801    2.87115     55.455    33.7534    26.3707 0.0000e+00
 252.419225     55.559  34.606182     7.4805    2.86915     55.088    33.7526    26.3700 0.0000e+00
 252.419230     55.178  34.604843     7.4807    2.86844     54.710    33.7511    26.3688 0.0000e+00
 252.419236     54.806  34.602627     7.4811    2.88072     54.341    33.7485    26.3667 0.0000e+00
 252.419242     54.473  34.600508     7.4814    2.89703     54.011    33.7461    26.3648 0.0000e+00
 252.419248     54.186  34.599023     7.4813    2.89450     53.727    33.7447    26.3637 0.0000e+00
 252.419253     53.936  34.597876     7.4813    2.89652     53.479    33.7436    26.3628 0.0000e+00
 252.419259     53.699  34.597217     7.4823    2.92427     53.244    33.7420    26.3614 0.0000e+00
 252.419265     53.443  34.596167     7.4857    2.94867     52.990    33.7377    26.3576 0.0000e+00
 252.419271     53.146  34.589396     7.4928    3.00723     52.696    33.7236    26.3455 0.0000e+00
 252.419277     52.808  34.569556     7.5022    3.06923     52.361    33.6931    26.3202 0.0000e+00
 252.419282     52.441  34.537100     7.5096    3.12586     51.997    33.6510    26.2860 0.0000e+00
 252.419288     52.068  34.505930     7.5129    3.17402     51.627    33.6142    26.2566 0.0000e+00
 252.419294     51.710  34.491661     7.5139    3.20151     51.272    33.5980    26.2437 0.0000e+00
 252.419300     51.360  34.488725     7.5147    3.23314     50.925    33.5942    26.2406 0.0000e+00
 252.419306     50.996  34.482557     7.5154    3.26052     50.564    33.5870    26.2349 0.0000e+00
 252.419311     50.607  34.474461     7.5158    3.26944     50.178    33.5781    26.2277 0.0000e+00
 252.419317     50.204  34.465412     7.5162    3.27204     49.779    33.5681    26.2198 0.0000e+00
 252.419323     49.804  34.452876     7.5170    3.26427     49.382    33.5539    26.2086 0.0000e+00
 252.419329     49.419  34.442560     7.5178    3.26180     49.001    33.5422    26.1992 0.0000e+00
 252.419334     49.056  34.436965     7.5182    3.26719     48.641    33.5359    26.1943 0.0000e+00
 252.419340     48.707  34.429752     7.5186    3.28614     48.295    33.5279    26.1879 0.0000e+00
 252.419346     48.356  34.420271     7.5204    3.31097     47.947    33.5161    26.1783 0.0000e+00
 252.419352     47.981  34.415497     7.5259    3.35329     47.575    33.5058    26.1694 0.0000e+00
 252.419358     47.569  34.416910     7.5391    3.41269     47.167    33.4948    26.1589 0.0000e+00
 252.419363     47.129  34.419669     7.5629    3.44558     46.730    33.4750    26.1400 0.0000e+00
 252.419369     46.672  34.421846     7.5932    3.47743     46.277    33.4484    26.1148 0.0000e+00
 252.419375     46.208  34.429151     7.6271    3.48113     45.817    33.4239    26.0907 0.0000e+00
 252.419381     45.749  34.444603     7.6644    3.49666     45.362    33.4049    26.0704 0.0000e+00
 252.419387     45.305  34.463027     7.6973    3.50225     44.922    33.3934    26.0567 0.0000e+00
 252.419392     44.881  34.475924     7.7184    3.50196     44.502    33.3872    26.0488 0.0000e+00
 252.419398     44.478  34.480880     7.7325    3.50440     44.102    33.3793    26.0405 0.0000e+00
 252.419404     44.077  34.484509     7.7491    3.52385     43.704    33.3674    26.0288 0.0000e+00
 252.419410     43.658  34.489971     7.7740    3.54040     43.289    33.3497    26.0113 0.0000e+00
 252.419416     43.211  34.495580     7.8057    3.56216     42.846    33.3256    25.9878 0.0000e+00
 252.419421     42.738  34.500408     7.8380    3.58993     42.377    33.3001    25.9631 0.0000e+00
 252.419427     42.247  34.504172     7.8665    3.59123     41.890    33.2772    25.9410 0.0000e+00
 252.419433     41.753  34.506854     7.8894    3.60909     41.400    33.2585    25.9230 0.0000e+00
 252.419439     41.278  34.508116     7.9056    3.63363     40.929    33.2447    25.9097 0.0000e+00
 252.419444     40.833  34.507968     7.9166    3.65240     40.488    33.2342    25.9000 0.0000e+00
 252.419450     40.417  34.507338     7.9248    3.67809     40.076    33.2260    25.8923 0.0000e+00
 252.419456     40.011  34.506514     7.9302    3.70196     39.673    33.2201    25.8869 0.0000e+00
 252.419462     39.593  34.504398     7.9343    3.71722     39.259    33.2142    25.8816 0.0000e+00
 252.419468     39.159  34.500974     7.9386    3.73625     38.828    33.2066    25.8751 0.0000e+00
 252.419473     38.715  34.497843     7.9415    3.75158     38.388    33.2007    25.8700 0.0000e+00
 252.419479     38.267  34.495879     7.9419    3.77248     37.944    33.1985    25.8682 0.0000e+00
 252.419485     37.817  34.494707     7.9416    3.79149     37.498    33.1977    25.8676 0.0000e+00
 252.419491     37.358  34.493327     7.9433    3.80763     37.043    33.1948    25.8651 0.0000e+00
 252.419497     36.882  34.490461     7.9480    3.83917     36.571    33.1875    25.8587 0.0000e+00
 252.419502     36.392  34.485654     7.9544    3.86333     36.085    33.1766    25.8491 0.0000e+00
 252.419508     35.902  34.479223     7.9610    3.89179     35.599    33.1637    25.8380 0.0000e+00
 252.419514     35.417  34.472129     7.9677    3.94817     35.118    33.1500    25.8263 0.0000e+00
 252.419520     34.933  34.466127     7.9759    3.99976     34.639    33.1360    25.8141 0.0000e+00
 252.419525     34.436  34.461062     7.9878    4.06869     34.146    33.1196    25.7995 0.0000e+00
 252.419531     33.920  34.455788     8.0036    4.12996     33.634    33.0992    25.7812 0.0000e+00
 252.419537     33.387  34.451686     8.0222    4.18773     33.106    33.0775    25.7614 0.0000e+00
 252.419543     32.842  34.450575     8.0420    4.22439     32.565    33.0579    25.7431 0.0000e+00
 252.419549     32.297  34.453221     8.0626    4.24723     32.025    33.0415    25.7272 0.0000e+00
 252.419554     31.764  34.460358     8.0832    4.28375     31.496    33.0299    25.7151 0.0000e+00
 252.419560     31.253  34.470856     8.1032    4.30187     30.990    33.0225    25.7063 0.0000e+00
 252.419566     30.769  34.481904     8.1249    4.33469     30.510    33.0140    25.6965 0.0000e+00
 252.419572     30.308  34.494226     8.1508    4.34920     30.053    33.0029    25.6840 0.0000e+00
 252.419578     29.848  34.509681     8.1845    4.35765     29.597    32.9878    25.6672 0.0000e+00
 252.419583     29.365  34.529262     8.2274    4.35541     29.118    32.9685    25.6457 0.0000e+00
 252.419589     28.850  34.553297     8.2697    4.35843     28.607    32.9545    25.6284 0.0000e+00
 252.419595     28.307  34.574603     8.3020    4.37555     28.069    32.9471    25.6178 0.0000e+00
 252.419601     27.751  34.585163     8.3273    4.38210     27.518    32.9348    25.6044 0.0000e+00
