data/oxygen options/ONMS/Olympic_Coast_National_Marine_Sanctuary_Hypoxia_Survey_CTD_Data_2004_2015/raw_data/2004/CTD_CA60_090804faed.cnv
* Sea-Bird SBE19 Data File:
* FileName = C:\WINDOWS\Desktop\put hypoxia files here\CTD data\September 07_0804\CA\raw\CA60_090804.hex
* Software Version 1.1.4
* Temperature SN = 2997
* Conductivity SN = 2997
* System UpLoad Time = Sep 08 2004 10:25:34
* SEACAT PROFILER V3.1c SN 2997   09/08/04  10:27:59.927
* strain gauge pressure sensor: S/N = 184829,  range = 3000 psia,  tc = 40
# nquan = 9                                 
# nvalues = 725                         
# units = specified
# name 0 = timeJ: Julian Days
# name 1 = prSM: Pressure, Strain Gauge [db]
# name 2 = c0mS/cm: Conductivity [mS/cm]
# name 3 = t090C: Temperature [ITS-90, deg C]
# name 4 = oxML/L: Oxygen, Beckman/YSI [ml/l]
# name 5 = depSM: Depth [salt water, m], lat = 47.5
# name 6 = sal00: Salinity, Practical [PSU]
# name 7 = sigma-é00: Density [sigma-theta, kg/m^3]
# name 8 = flag: flag
# span 0 = 252.415903, 252.420093       
# span 1 =     -5.135,     60.449       
# span 2 =   0.608060, 221.910439       
# span 3 =     7.4774,    41.9379       
# span 4 =   -0.05486,   31.61608       
# span 5 =     -5.092,     59.936       
# span 6 =     0.3815,    37.4497       
# span 7 =    -0.4250,    26.3797       
# span 8 = 0.0000e+00, 0.0000e+00       
# interval = seconds: 0.5
# start_time = Sep 08 2004 09:58:54 [Instrument's time stamp, header]
# bad_flag = -9.990e-29
*END*
[from data line 161]
 252.416834      0.171  38.861545    13.8659    7.59555      0.170    32.2600    24.0979 -9.990e-29
 252.416840      0.173  38.860959    13.8659    7.59229      0.172    32.2594    24.0975 -9.990e-29
 252.416846      0.167  38.860270    13.8664    7.58634      0.166    32.2584    24.0966 -9.990e-29
 252.416852      0.162  38.859683    13.8682    7.58194      0.161    32.2563    24.0946 -9.990e-29
 252.416858      0.166  38.860103    13.8706    7.57896      0.165    32.2547    24.0929 -9.990e-29
 252.416863      0.184  38.861533    13.8726    7.58250      0.182    32.2543    24.0922 -9.990e-29
 252.416869      0.212  38.863080    13.8736    7.58699      0.210    32.2549    24.0924 -9.990e-29
 252.416875      0.240  38.864006    13.8739    7.58926      0.238    32.2555    24.0928 -9.990e-29
 252.416881      0.256  38.864424    13.8740    7.58217      0.254    32.2558    24.0930 -9.990e-29
 252.416887      0.262  38.864894    13.8741    7.57363      0.260    32.2561    24.0933 -9.990e-29
 252.416892      0.265  38.865487    13.8744    7.55960      0.263    32.2564    24.0935 -9.990e-29
 252.416898      0.276  38.865874    13.8746    7.55806      0.274    32.2566    24.0936 -9.990e-29
 252.416904      0.303  38.866015    13.8743    7.56836      0.300    32.2570    24.0939 -9.990e-29
 252.416910      0.348  38.866664    13.8741    7.57392      0.345    32.2577    24.0945 -9.990e-29
 252.416916      0.402  38.868130    13.8742    7.57339      0.399    32.2590    24.0955 -9.990e-29
 252.416921      0.449  38.869002    13.8743    7.56611      0.445    32.2597    24.0960 -9.990e-29
 252.416927      0.481  38.868762    13.8746    7.56650      0.477    32.2592    24.0956 -9.990e-29
 252.416933      0.500  38.868776    13.8749    7.56927      0.496    32.2589    24.0953 -9.990e-29
 252.416939      0.515  38.869627    13.8747    7.56672      0.511    32.2599    24.0961 -9.990e-29
 252.416944      0.531  38.870769    13.8744    7.54738      0.527    32.2612    24.0972 -9.990e-29
 252.416950      0.550  38.872046    13.8747    7.54068      0.545    32.2621    24.0978 -9.990e-29
 252.416956      0.573  38.873482    13.8751    7.54312      0.568    32.2631    24.0985 -9.990e-29
 252.416962      0.601  38.874752    13.8755    7.55650      0.596    32.2639    24.0990 -9.990e-29
 252.416968      0.632  38.875869    13.8757    7.57862      0.627    32.2648    24.0997 -9.990e-29
 252.416973      0.654  38.876642    13.8755    7.56653      0.649    32.2657    24.1004 -9.990e-29
 252.416979      0.657  38.876420    13.8747    7.55770      0.652    32.2661    24.1009 -9.990e-29
 252.416985      0.641  38.875472    13.8741    7.55021      0.636    32.2658    24.1007 -9.990e-29
 252.416991      0.617  38.874781    13.8744    7.53980      0.612    32.2649    24.1000 -9.990e-29
 252.416997      0.601  38.874553    13.8751    7.55777      0.596    32.2641    24.0992 -9.990e-29
 252.417002      0.605  38.874488    13.8750    7.56376      0.600    32.2641    24.0993 -9.990e-29
 252.417008      0.629  38.874502    13.8742    7.56313      0.624    32.2648    24.1000 -9.990e-29
 252.417014      0.658  38.874617    13.8735    7.55272      0.653    32.2655    24.1006 -9.990e-29
 252.417020      0.671  38.874990    13.8736    7.55010      0.665    32.2657    24.1008 -9.990e-29
 252.417025      0.666  38.875558    13.8742    7.55143      0.660    32.2657    24.1007 -9.990e-29
 252.417031      0.655  38.875960    13.8752    7.55414      0.650    32.2653    24.1001 -9.990e-29
 252.417037      0.651  38.876174    13.8762    7.55185      0.646    32.2646    24.0994 -9.990e-29
 252.417043      0.656  38.876493    13.8767    7.54785      0.651    32.2645    24.0992 -9.990e-29
 252.417049      0.668  38.876782    13.8767    7.55396      0.662    32.2648    24.0995 -9.990e-29
 252.417054      0.682  38.876870    13.8769    7.54863      0.676    32.2647    24.0993 -9.990e-29
 252.417060      0.700  38.876876    13.8774    7.55181      0.694    32.2643    24.0989 -9.990e-29
 252.417066      0.718  38.876814    13.8779    7.55563      0.712    32.2638    24.0984 -9.990e-29
 252.417072      0.729  38.876603    13.8785    7.54265      0.723    32.2631    24.0978 -9.990e-29
 252.417078      0.730  38.875966    13.8790    7.53728      0.724    32.2621    24.0969 -9.990e-29
 252.417083      0.725  38.875176    13.8796    7.53879      0.719    32.2608    24.0958 -9.990e-29
 252.417089      0.721  38.874306    13.8803    7.53372      0.715    32.2594    24.0946 -9.990e-29
 252.417095      0.724  38.873322    13.8810    7.52651      0.718    32.2579    24.0933 -9.990e-29
 252.417101      0.733  38.872039    13.8815    7.53669      0.727    32.2563    24.0920 -9.990e-29
 252.417106      0.749  38.870992    13.8819    7.53217      0.743    32.2550    24.0909 -9.990e-29
 252.417112      0.769  38.872154    13.8824    7.53220      0.763    32.2557    24.0913 -9.990e-29
 252.417118      0.784  38.874273    13.8828    7.54408      0.777    32.2573    24.0924 -9.990e-29
 252.417124      0.785  38.874568    13.8831    7.53651      0.778    32.2573    24.0924 -9.990e-29
 252.417130      0.760  38.873436    13.8833    7.53886      0.754    32.2561    24.0914 -9.990e-29
 252.417135      0.719  38.873857    13.8833    7.53691      0.713    32.2565    24.0917 -9.990e-29
 252.417141      0.675  38.876397    13.8832    7.52172      0.669    32.2590    24.0936 -9.990e-29
 252.417147      0.643  38.878278    13.8830    7.52853      0.638    32.2609    24.0952 -9.990e-29
 252.417153      0.634  38.878644    13.8824    7.53624      0.629    32.2617    24.0959 -9.990e-29
 252.417159      0.646  38.878549    13.8818    7.53225      0.641    32.2621    24.0964 -9.990e-29
 252.417164      0.668  38.878433    13.8815    7.53080      0.662    32.2623    24.0965 -9.990e-29
 252.417170      0.685  38.878143    13.8814    7.52548      0.679    32.2621    24.0964 -9.990e-29
 252.417176      0.688  38.877854    13.8816    7.52255      0.682    32.2616    24.0960 -9.990e-29
 252.417182      0.682  38.877746    13.8822    7.52089      0.676    32.2610    24.0954 -9.990e-29
 252.417188      0.675  38.877677    13.8830    7.52421      0.669    32.2603    24.0947 -9.990e-29
 252.417193      0.676  38.877559    13.8834    7.53079      0.670    32.2599    24.0943 -9.990e-29
 252.417199      0.689  38.877238    13.8834    7.53697      0.683    32.2596    24.0941 -9.990e-29
 252.417205      0.710  38.876852    13.8835    7.52213      0.704    32.2591    24.0937 -9.990e-29
 252.417211      0.732  38.876449    13.8835    7.51646      0.726    32.2587    24.0934 -9.990e-29
 252.417216      0.752  38.876058    13.8827    7.49944      0.746    32.2590    24.0938 -9.990e-29
 252.417222      0.768  38.876280    13.8809    7.50503      0.762    32.2607    24.0955 -9.990e-29
 252.417228      0.771  38.876854    13.8788    7.52114      0.765    32.2630    24.0977 -9.990e-29
 252.417234      0.766  38.876866    13.8775    7.51908      0.760    32.2641    24.0988 -9.990e-29
 252.417240      0.766  38.876335    13.8771    7.53266      0.760    32.2640    24.0988 -9.990e-29
 252.417245      0.766  38.875679    13.8774    7.51564      0.760    32.2631    24.0980 -9.990e-29
 252.417251      0.754  38.875149    13.8784    7.50834      0.748    32.2618    24.0968 -9.990e-29
 252.417257      0.733  38.875160    13.8795    7.51082      0.727    32.2609    24.0959 -9.990e-29
 252.417263      0.718  38.875731    13.8801    7.50233      0.712    32.2609    24.0958 -9.990e-29
 252.417269      0.718  38.876509    13.8805    7.52500      0.712    32.2613    24.0960 -9.990e-29
 252.417274      0.732  38.877413    13.8806    7.51659      0.726    32.2621    24.0966 -9.990e-29
 252.417280      0.753  38.877969    13.8804    7.50694      0.747    32.2627    24.0971 -9.990e-29
 252.417286      0.765  38.877798    13.8800    7.49910      0.759    32.2629    24.0973 -9.990e-29
 252.417292      0.765  38.877234    13.8798    7.50042      0.759    32.2625    24.0971 -9.990e-29
 252.417297      0.761  38.876652    13.8798    7.51270      0.755    32.2620    24.0967 -9.990e-29
 252.417303      0.756  38.876401    13.8799    7.51391      0.750    32.2617    24.0964 -9.990e-29
 252.417309      0.756  38.876148    13.8803    7.51168      0.750    32.2611    24.0959 -9.990e-29
 252.417315      0.772  38.875561    13.8811    7.50306      0.766    32.2599    24.0948 -9.990e-29
 252.417321      0.807  38.875356    13.8820    7.50489      0.800    32.2589    24.0939 -9.990e-29
 252.417326      0.840  38.875823    13.8833    7.50505      0.833    32.2583    24.0931 -9.990e-29
 252.417332      0.861  38.876840    13.8845    7.50989      0.854    32.2582    24.0928 -9.990e-29
 252.417338      0.871  38.878081    13.8848    7.50217      0.864    32.2591    24.0934 -9.990e-29
 252.417344      0.871  38.878776    13.8845    7.50291      0.864    32.2600    24.0942 -9.990e-29
 252.417350      0.861  38.878731    13.8846    7.49924      0.854    32.2599    24.0941 -9.990e-29
 252.417355      0.849  38.878450    13.8852    7.51044      0.842    32.2591    24.0933 -9.990e-29
 252.417361      0.846  38.878684    13.8858    7.50440      0.839    32.2588    24.0930 -9.990e-29
 252.417367      0.854  38.879746    13.8859    7.50034      0.847    32.2597    24.0937 -9.990e-29
 252.417373      0.867  38.880814    13.8854    7.49397      0.860    32.2611    24.0949 -9.990e-29
 252.417378      0.887  38.881070    13.8844    7.49658      0.880    32.2622    24.0959 -9.990e-29
 252.417384      0.911  38.880856    13.8831    7.50345      0.903    32.2631    24.0968 -9.990e-29
 252.417390      0.932  38.880451    13.8818    7.50529      0.924    32.2638    24.0976 -9.990e-29
 252.417396      0.947  38.879879    13.8809    7.50657      0.939    32.2640    24.0980 -9.990e-29
 252.417402      0.951  38.879499    13.8804    7.50352      0.943    32.2641    24.0982 -9.990e-29
 252.417407      0.943  38.879368    13.8803    7.49048      0.935    32.2640    24.0982 -9.990e-29
 252.417413      0.924  38.879315    13.8803    7.48757      0.916    32.2640    24.0981 -9.990e-29
 252.417419      0.903  38.879271    13.8802    7.49429      0.895    32.2640    24.0982 -9.990e-29
 252.417425      0.887  38.879180    13.8800    7.50503      0.880    32.2641    24.0983 -9.990e-29
 252.417431      0.879  38.878924    13.8796    7.50604      0.872    32.2642    24.0984 -9.990e-29
 252.417436      0.874  38.878725    13.8791    7.50150      0.867    32.2645    24.0987 -9.990e-29
 252.417442      0.863  38.878882    13.8783    7.49069      0.856    32.2653    24.0995 -9.990e-29
 252.417448      0.838  38.879046    13.8771    7.48942      0.831    32.2665    24.1007 -9.990e-29
 252.417454      0.796  38.878877    13.8764    7.48530      0.789    32.2669    24.1012 -9.990e-29
 252.417459      0.752  38.878711    13.8767    7.49109      0.746    32.2665    24.1008 -9.990e-29
 252.417465      0.724  38.878892    13.8772    7.49532      0.718    32.2663    24.1005 -9.990e-29
 252.417471      0.720  38.879105    13.8771    7.49097      0.714    32.2666    24.1008 -9.990e-29
 252.417477      0.735  38.879077    13.8770    7.49087      0.729    32.2666    24.1008 -9.990e-29
 252.417483      0.761  38.878773    13.8772    7.49270      0.755    32.2662    24.1004 -9.990e-29
 252.417488      0.787  38.878351    13.8774    7.49081      0.780    32.2656    24.0999 -9.990e-29
 252.417494      0.802  38.878370    13.8779    7.50310      0.795    32.2652    24.0995 -9.990e-29
 252.417500      0.807  38.878859    13.8791    7.49191      0.800    32.2646    24.0988 -9.990e-29
 252.417506      0.811  38.879350    13.8808    7.49429      0.804    32.2636    24.0977 -9.990e-29
 252.417512      0.818  38.879938    13.8824    7.48353      0.811    32.2628    24.0968 -9.990e-29
 252.417517      0.832  38.880851    13.8836    7.49032      0.825    32.2627    24.0964 -9.990e-29
 252.417523      0.860  38.881625    13.8843    7.49225      0.853    32.2628    24.0964 -9.990e-29
 252.417529      0.890  38.881613    13.8844    7.48298      0.883    32.2627    24.0963 -9.990e-29
 252.417535      0.906  38.880803    13.8844    7.47770      0.898    32.2619    24.0957 -9.990e-29
 252.417541      0.911  38.879798    13.8842    7.46619      0.903    32.2612    24.0951 -9.990e-29
 252.417546      0.908  38.878944    13.8837    7.49418      0.900    32.2608    24.0950 -9.990e-29
 252.417552      0.901  38.878226    13.8829    7.49111      0.893    32.2608    24.0951 -9.990e-29
 252.417558      0.900  38.877812    13.8821    7.49230      0.892    32.2611    24.0955 -9.990e-29
 252.417564      0.907  38.877715    13.8816    7.47705      0.899    32.2614    24.0959 -9.990e-29
 252.417569      0.919  38.877807    13.8818    7.47685      0.911    32.2613    24.0958 -9.990e-29
 252.417575      0.928  38.878215    13.8824    7.48062      0.920    32.2612    24.0955 -9.990e-29
 252.417581      0.935  38.878921    13.8829    7.48658      0.927    32.2614    24.0956 -9.990e-29
 252.417587      0.945  38.879748    13.8832    7.49252      0.937    32.2619    24.0959 -9.990e-29
 252.417593      0.957  38.880681    13.8835    7.48240      0.949    32.2625    24.0964 -9.990e-29
 252.417598      0.974  38.881284    13.8840    7.49097      0.966    32.2627    24.0964 -9.990e-29
 252.417604      0.991  38.881243    13.8848    7.48863      0.983    32.2620    24.0956 -9.990e-29
 252.417610      1.006  38.881065    13.8855    7.48631      0.998    32.2612    24.0949 -9.990e-29
 252.417616      1.020  38.881075    13.8859    7.46915      1.011    32.2609    24.0946 -9.990e-29
 252.417622      1.033  38.880728    13.8860    7.45469      1.024    32.2605    24.0942 -9.990e-29
 252.417627      1.046  38.879566    13.8862    7.45633      1.037    32.2592    24.0932 -9.990e-29
 252.417633      1.060  38.878286    13.8863    7.46710      1.051    32.2579    24.0922 -9.990e-29
 252.417639      1.076  38.877426    13.8862    7.47660      1.067    32.2572    24.0917 -9.990e-29
 252.417645      1.095  38.876965    13.8861    7.46847      1.086    32.2569    24.0914 -9.990e-29
 252.417650      1.113  38.876854    13.8862    7.46268      1.104    32.2567    24.0913 -9.990e-29
 252.417656      1.133  38.876945    13.8865    7.46101      1.124    32.2565    24.0911 -9.990e-29
 252.417662      1.159  38.877362    13.8870    7.46374      1.149    32.2565    24.0909 -9.990e-29
 252.417668      1.190  38.878106    13.8872    7.47523      1.180    32.2570    24.0913 -9.990e-29
 252.417674      1.226  38.879048    13.8872    7.47040      1.216    32.2578    24.0920 -9.990e-29
 252.417679      1.270  38.879761    13.8868    7.47509      1.259    32.2588    24.0928 -9.990e-29
 252.417685      1.312  38.880077    13.8858    7.46271      1.301    32.2599    24.0939 -9.990e-29
 252.417691      1.342  38.880419    13.8847    7.46304      1.331    32.2611    24.0950 -9.990e-29
 252.417697      1.362  38.880686    13.8838    7.46767      1.351    32.2621    24.0960 -9.990e-29
 252.417703      1.382  38.880674    13.8825    7.47339      1.370    32.2632    24.0971 -9.990e-29
 252.417708      1.407  38.880370    13.8808    7.48382      1.395    32.2644    24.0983 -9.990e-29
 252.417714      1.434  38.879933    13.8802    7.47741      1.422    32.2644    24.0985 -9.990e-29
 252.417720      1.457  38.879904    13.8807    7.47478      1.445    32.2640    24.0981 -9.990e-29
 252.417726      1.473  38.880248    13.8813    7.47505      1.461    32.2638    24.0978 -9.990e-29
 252.417731      1.483  38.880303    13.8814    7.47042      1.471    32.2638    24.0977 -9.990e-29
 252.417737      1.487  38.880143    13.8811    7.47631      1.475    32.2639    24.0979 -9.990e-29
 252.417743      1.487  38.880120    13.8807    7.47131      1.475    32.2642    24.0982 -9.990e-29
 252.417749      1.485  38.880206    13.8810    7.46858      1.473    32.2640    24.0980 -9.990e-29
