data/oxygen options/ONMS/Olympic_Coast_National_Marine_Sanctuary_Hypoxia_Survey_CTD_Data_2004_2015/raw_data/2004/CTD_CA50_072704faed.cnv
* Sea-Bird SBE19 Data File:
* FileName = C:\WINDOWS\Desktop\put hypoxia files here\CTD files\July 26_27-04\CA\CA5_072704.hex
* Software Version 1.1.4
* Temperature SN = 2997
* Conductivity SN = 2997
* System UpLoad Time = Jul 27 2004 15:40:33
* SEACAT PROFILER V3.1c SN 2997   07/27/04  15:39:19.140
* strain gauge pressure sensor: S/N = 184829,  range = 3000 psia,  tc = 40
# nquan = 9                                 
# nvalues = 622                         
# units = specified
# name 0 = timeJ: Julian Days
# name 1 = prSM: Pressure, Strain Gauge [db]
# name 2 = c0mS/cm: Conductivity [mS/cm]
# name 3 = t090C: Temperature [ITS-90, deg C]
# name 4 = oxML/L: Oxygen, Beckman/YSI [ml/l]
# name 5 = depSM: Depth [salt water, m], lat = 47.5
# name 6 = sal00: Salinity, Practical [PSU]
# name 7 = sigma-é00: Density [sigma-theta, kg/m^3]
# name 8 = flag: flag
# span 0 = 209.573449, 209.577043       
# span 1 =     -5.227,     49.785       
# span 2 =   0.939220,  40.449562       
# span 3 =     7.2250,    15.7244       
# span 4 =   -0.05261,   28.90131       
# span 5 =     -5.183,     49.364       
# span 6 =     0.5854,    33.6653       
# span 7 =    -0.3996,    26.3371       
# span 8 = 0.0000e+00, 0.0000e+00       
# interval = seconds: 0.5
# start_time = Jul 27 2004 13:45:46 [Instrument's time stamp, header]
# bad_flag = -9.990e-29
*END*
[from data line 161]
 209.574381     -0.545  40.444403    15.7031    6.92909     -0.540    32.1735    23.6406 -9.990e-29
 209.574387     -0.543  40.447993    15.6994    6.94323     -0.538    32.1797    23.6462 -9.990e-29
 209.574392     -0.539  40.445070    15.6936    6.95301     -0.535    32.1819    23.6491 -9.990e-29
 209.574398     -0.531  40.441285    15.6950    6.93674     -0.527    32.1774    23.6454 -9.990e-29
 209.574404     -0.519  40.442818    15.7014    6.90194     -0.515    32.1735    23.6410 -9.990e-29
 209.574410     -0.504  40.448353    15.7018    6.88948     -0.500    32.1781    23.6444 -9.990e-29
 209.574416     -0.483  40.449562    15.6831    6.91127     -0.479    32.1944    23.6611 -9.990e-29
 209.574421     -0.459  40.436844    15.6404    6.93217     -0.455    32.2179    23.6886 -9.990e-29
 209.574427     -0.436  40.399984    15.5995    6.95347     -0.432    32.2186    23.6981 -9.990e-29
 209.574433     -0.412  40.357177    15.5870    6.96831     -0.409    32.1907    23.6794 -9.990e-29
 209.574439     -0.389  40.343373    15.5852    6.98498     -0.386    32.1799    23.6715 -9.990e-29
 209.574444     -0.372  40.346334    15.5714    7.01747     -0.369    32.1938    23.6852 -9.990e-29
 209.574450     -0.357  40.337468    15.5600    7.04545     -0.354    32.1952    23.6888 -9.990e-29
 209.574456     -0.345  40.325163    15.5755    7.02642     -0.342    32.1716    23.6673 -9.990e-29
 209.574462     -0.335  40.337346    15.6120    7.01273     -0.332    32.1527    23.6447 -9.990e-29
 209.574468     -0.326  40.372868    15.6365    7.00878     -0.323    32.1642    23.6482 -9.990e-29
 209.574473     -0.317  40.396614    15.6312    7.01169     -0.314    32.1897    23.6689 -9.990e-29
 209.574479     -0.309  40.392563    15.6126    7.00353     -0.306    32.2012    23.6819 -9.990e-29
 209.574485     -0.300  40.374969    15.6100    6.97972     -0.297    32.1877    23.6721 -9.990e-29
 209.574491     -0.289  40.370880    15.6266    6.95441     -0.287    32.1705    23.6552 -9.990e-29
 209.574497     -0.277  40.387749    15.6262    6.96156     -0.275    32.1858    23.6671 -9.990e-29
 209.574502     -0.267  40.388030    15.5906    6.98934     -0.265    32.2152    23.6975 -9.990e-29
 209.574508     -0.261  40.353595    15.5500    7.02079     -0.259    32.2177    23.7083 -9.990e-29
 209.574514     -0.257  40.315414    15.5312    7.05455     -0.255    32.1991    23.6982 -9.990e-29
 209.574520     -0.248  40.298893    15.5320    7.06712     -0.246    32.1837    23.6862 -9.990e-29
 209.574525     -0.236  40.300521    15.5424    7.05872     -0.234    32.1767    23.6784 -9.990e-29
 209.574531     -0.218  40.309565    15.5582    7.04044     -0.216    32.1718    23.6712 -9.990e-29
 209.574537     -0.198  40.324064    15.5728    7.01870     -0.196    32.1728    23.6688 -9.990e-29
 209.574543     -0.179  40.339227    15.5752    7.01880     -0.178    32.1843    23.6771 -9.990e-29
 209.574549     -0.159  40.344982    15.5611    7.02193     -0.158    32.2009    23.6930 -9.990e-29
 209.574554     -0.142  40.334421    15.5396    7.02082     -0.141    32.2091    23.7040 -9.990e-29
 209.574560     -0.132  40.311989    15.5242    7.04295     -0.131    32.2017    23.7017 -9.990e-29
 209.574566     -0.127  40.293231    15.5163    7.05770     -0.126    32.1915    23.6956 -9.990e-29
 209.574572     -0.126  40.283440    15.5104    7.06765     -0.125    32.1876    23.6939 -9.990e-29
 209.574578     -0.127  40.276859    15.5089    7.07078     -0.126    32.1829    23.6906 -9.990e-29
 209.574583     -0.123  40.275382    15.5170    7.07681     -0.122    32.1750    23.6827 -9.990e-29
 209.574589     -0.120  40.284340    15.5298    7.08967     -0.119    32.1725    23.6780 -9.990e-29
 209.574595     -0.118  40.296604    15.5408    7.08006     -0.117    32.1744    23.6771 -9.990e-29
 209.574601     -0.111  40.304967    15.5517    7.05926     -0.110    32.1730    23.6736 -9.990e-29
 209.574606     -0.100  40.312734    15.5629    7.04703     -0.099    32.1707    23.6694 -9.990e-29
 209.574612     -0.084  40.320730    15.5665    7.04788     -0.083    32.1749    23.6718 -9.990e-29
 209.574618     -0.066  40.326158    15.5576    7.06637     -0.065    32.1870    23.6831 -9.990e-29
 209.574624     -0.049  40.323920    15.5461    7.06454     -0.049    32.1944    23.6913 -9.990e-29
 209.574630     -0.036  40.314406    15.5405    7.06265     -0.036    32.1905    23.6895 -9.990e-29
 209.574635     -0.031  40.307380    15.5384    7.05917     -0.031    32.1860    23.6865 -9.990e-29
 209.574641     -0.029  40.305822    15.5346    7.07603     -0.029    32.1877    23.6886 -9.990e-29
 209.574647     -0.026  40.303170    15.5287    7.10122     -0.026    32.1901    23.6918 -9.990e-29
 209.574653     -0.021  40.298143    15.5252    7.09531     -0.021    32.1885    23.6914 -9.990e-29
 209.574659     -0.015  40.295266    15.5268    7.07996     -0.015    32.1846    23.6880 -9.990e-29
 209.574664     -0.006  40.295758    15.5319    7.05881     -0.006    32.1809    23.6840 -9.990e-29
 209.574670      0.005  40.300281    15.5319    7.06765      0.005    32.1849    23.6871 -9.990e-29
 209.574676      0.019  40.300843    15.5192    7.09032      0.019    32.1958    23.6983 -9.990e-29
 209.574682      0.037  40.288662    15.5039    7.10302      0.037    32.1975    23.7029 -9.990e-29
 209.574688      0.061  40.274440    15.5008    7.09331      0.060    32.1873    23.6958 -9.990e-29
 209.574693      0.088  40.271764    15.5120    7.07126      0.087    32.1758    23.6844 -9.990e-29
 209.574699      0.111  40.282679    15.5249    7.06834      0.110    32.1749    23.6810 -9.990e-29
 209.574705      0.126  40.294246    15.5247    7.07521      0.125    32.1854    23.6891 -9.990e-29
 209.574711      0.135  40.292721    15.5114    7.09174      0.134    32.1949    23.6993 -9.990e-29
 209.574716      0.144  40.282814    15.4981    7.09622      0.143    32.1970    23.7038 -9.990e-29
 209.574722      0.156  40.274327    15.4983    7.09890      0.155    32.1892    23.6978 -9.990e-29
 209.574728      0.168  40.274467    15.5131    7.09393      0.167    32.1772    23.6853 -9.990e-29
 209.574734      0.176  40.286790    15.5307    7.10262      0.175    32.1738    23.6789 -9.990e-29
 209.574740      0.182  40.303605    15.5393    7.09715      0.180    32.1818    23.6831 -9.990e-29
 209.574745      0.185  40.309744    15.5376    7.10176      0.183    32.1886    23.6887 -9.990e-29
 209.574751      0.186  40.303865    15.5390    7.10167      0.184    32.1823    23.6835 -9.990e-29
 209.574757      0.185  40.303950    15.5540    7.07157      0.183    32.1701    23.6709 -9.990e-29
 209.574763      0.185  40.317973    15.5754    7.05652      0.183    32.1651    23.6623 -9.990e-29
 209.574769      0.192  40.337143    15.5914    7.04375      0.190    32.1691    23.6619 -9.990e-29
 209.574774      0.202  40.351678    15.5919    7.04834      0.200    32.1816    23.6714 -9.990e-29
 209.574780      0.210  40.355156    15.5743    7.06227      0.208    32.1991    23.6887 -9.990e-29
 209.574786      0.218  40.341004    15.5587    7.07188      0.216    32.1992    23.6922 -9.990e-29
 209.574792      0.225  40.322343    15.5649    7.06797      0.223    32.1775    23.6742 -9.990e-29
 209.574797      0.232  40.325919    15.5840    7.06802      0.230    32.1651    23.6604 -9.990e-29
 209.574803      0.236  40.344715    15.6017    7.05366      0.234    32.1674    23.6583 -9.990e-29
 209.574809      0.233  40.360034    15.6133    7.03003      0.231    32.1715    23.6589 -9.990e-29
 209.574815      0.226  40.369307    15.6186    7.01159      0.224    32.1755    23.6608 -9.990e-29
 209.574821      0.223  40.373683    15.6197    7.01895      0.221    32.1785    23.6628 -9.990e-29
 209.574826      0.229  40.375079    15.6154    7.03228      0.227    32.1832    23.6674 -9.990e-29
 209.574832      0.240  40.372558    15.6065    7.04104      0.238    32.1882    23.6733 -9.990e-29
 209.574838      0.253  40.366132    15.6029    7.03844      0.251    32.1854    23.6719 -9.990e-29
 209.574844      0.267  40.362390    15.6114    7.03748      0.265    32.1752    23.6621 -9.990e-29
 209.574850      0.284  40.366447    15.6271    7.02355      0.282    32.1660    23.6516 -9.990e-29
 209.574855      0.305  40.373057    15.6434    7.02085      0.302    32.1585    23.6423 -9.990e-29
 209.574861      0.331  40.377572    15.6565    7.01109      0.328    32.1519    23.6343 -9.990e-29
 209.574867      0.360  40.382095    15.6593    7.00705      0.357    32.1536    23.6350 -9.990e-29
 209.574873      0.385  40.387053    15.6501    7.00630      0.382    32.1655    23.6462 -9.990e-29
 209.574878      0.404  40.390082    15.6401    7.01030      0.401    32.1763    23.6567 -9.990e-29
 209.574884      0.416  40.390173    15.6367    7.00477      0.413    32.1792    23.6596 -9.990e-29
 209.574890      0.425  40.390252    15.6391    6.99892      0.421    32.1773    23.6577 -9.990e-29
 209.574896      0.428  40.393229    15.6467    6.99463      0.424    32.1737    23.6533 -9.990e-29
 209.574902      0.428  40.398584    15.6560    6.99174      0.424    32.1709    23.6490 -9.990e-29
 209.574907      0.424  40.405040    15.6610    6.99510      0.420    32.1726    23.6492 -9.990e-29
 209.574913      0.416  40.409425    15.6615    6.99184      0.413    32.1760    23.6518 -9.990e-29
 209.574919      0.407  40.410294    15.6617    6.97238      0.404    32.1767    23.6522 -9.990e-29
 209.574925      0.405  40.411051    15.6636    6.97243      0.402    32.1758    23.6511 -9.990e-29
 209.574931      0.407  40.413268    15.6660    6.97212      0.404    32.1758    23.6506 -9.990e-29
 209.574936      0.403  40.415971    15.6655    6.98205      0.400    32.1786    23.6528 -9.990e-29
 209.574942      0.399  40.416594    15.6605    6.99305      0.396    32.1832    23.6575 -9.990e-29
 209.574948      0.392  40.413164    15.6563    6.98243      0.389    32.1836    23.6587 -9.990e-29
 209.574954      0.384  40.407841    15.6571    6.96351      0.381    32.1782    23.6544 -9.990e-29
 209.574959      0.382  40.405874    15.6595    6.95687      0.379    32.1745    23.6510 -9.990e-29
 209.574965      0.385  40.409128    15.6572    6.95699      0.382    32.1793    23.6552 -9.990e-29
 209.574971      0.387  40.409599    15.6459    6.98481      0.384    32.1889    23.6651 -9.990e-29
 209.574977      0.385  40.400619    15.6293    7.00293      0.382    32.1945    23.6731 -9.990e-29
 209.574983      0.390  40.384809    15.6221    7.01240      0.387    32.1863    23.6684 -9.990e-29
 209.574988      0.402  40.376439    15.6343    6.99604      0.399    32.1689    23.6523 -9.990e-29
 209.574994      0.412  40.388474    15.6550    6.96910      0.409    32.1627    23.6430 -9.990e-29
 209.575000      0.417  40.408341    15.6684    6.95748      0.414    32.1695    23.6452 -9.990e-29
 209.575006      0.418  40.419323    15.6713    6.97598      0.415    32.1768    23.6502 -9.990e-29
 209.575012      0.414  40.420919    15.6686    6.98085      0.411    32.1805    23.6536 -9.990e-29
 209.575017      0.413  40.418067    15.6663    6.97064      0.410    32.1798    23.6536 -9.990e-29
 209.575023      0.425  40.415945    15.6672    6.96932      0.421    32.1772    23.6514 -9.990e-29
 209.575029      0.441  40.417335    15.6696    6.95841      0.437    32.1765    23.6503 -9.990e-29
 209.575035      0.454  40.420159    15.6706    6.96797      0.450    32.1781    23.6514 -9.990e-29
 209.575041      0.464  40.420891    15.6685    6.97707      0.460    32.1805    23.6536 -9.990e-29
 209.575046      0.473  40.418263    15.6644    6.98098      0.469    32.1815    23.6553 -9.990e-29
 209.575052      0.481  40.414944    15.6616    6.96749      0.477    32.1808    23.6554 -9.990e-29
 209.575058      0.487  40.413806    15.6604    6.95670      0.483    32.1808    23.6557 -9.990e-29
 209.575064      0.494  40.413330    15.6574    6.96112      0.490    32.1828    23.6579 -9.990e-29
 209.575069      0.501  40.411199    15.6456    6.97661      0.497    32.1906    23.6664 -9.990e-29
 209.575075      0.508  40.401764    15.6199    6.99384      0.504    32.2032    23.6818 -9.990e-29
 209.575081      0.517  40.377498    15.5969    7.00484      0.513    32.2004    23.6847 -9.990e-29
 209.575087      0.523  40.354866    15.5967    7.00680      0.519    32.1804    23.6694 -9.990e-29
 209.575093      0.523  40.356434    15.6095    6.99781      0.519    32.1713    23.6596 -9.990e-29
 209.575098      0.520  40.370257    15.6156    7.00625      0.516    32.1787    23.6639 -9.990e-29
 209.575104      0.519  40.376609    15.6052    7.02238      0.515    32.1928    23.6771 -9.990e-29
 209.575110      0.520  40.368816    15.5812    7.03541      0.516    32.2055    23.6921 -9.990e-29
 209.575116      0.522  40.347713    15.5658    7.03250      0.518    32.1993    23.6907 -9.990e-29
 209.575122      0.527  40.331736    15.5713    7.01459      0.523    32.1806    23.6751 -9.990e-29
 209.575127      0.534  40.334927    15.5799    6.99973      0.530    32.1764    23.6700 -9.990e-29
 209.575133      0.544  40.343020    15.5707    7.01159      0.539    32.1911    23.6833 -9.990e-29
 209.575139      0.557  40.337071    15.5423    7.04623      0.552    32.2090    23.7034 -9.990e-29
 209.575145      0.570  40.311397    15.5129    7.07121      0.565    32.2102    23.7107 -9.990e-29
 209.575150      0.575  40.282267    15.5034    7.06826      0.570    32.1920    23.6988 -9.990e-29
 209.575156      0.573  40.272560    15.5181    7.05410      0.568    32.1713    23.6797 -9.990e-29
 209.575162      0.572  40.286158    15.5403    7.04540      0.567    32.1653    23.6702 -9.990e-29
 209.575168      0.576  40.309208    15.5489    7.05230      0.571    32.1788    23.6787 -9.990e-29
 209.575174      0.585  40.320263    15.5362    7.07221      0.580    32.1990    23.6970 -9.990e-29
 209.575179      0.600  40.309941    15.5176    7.07363      0.595    32.2050    23.7057 -9.990e-29
 209.575185      0.618  40.291977    15.5164    7.06808      0.613    32.1900    23.6944 -9.990e-29
 209.575191      0.631  40.288992    15.5285    7.05186      0.626    32.1774    23.6821 -9.990e-29
 209.575197      0.640  40.299243    15.5334    7.05984      0.635    32.1826    23.6850 -9.990e-29
 209.575203      0.651  40.302733    15.5245    7.08272      0.646    32.1929    23.6949 -9.990e-29
 209.575208      0.658  40.292898    15.5123    7.10947      0.653    32.1941    23.6985 -9.990e-29
 209.575214      0.663  40.279071    15.5114    7.11114      0.657    32.1826    23.6898 -9.990e-29
 209.575220      0.671  40.275923    15.5240    7.08945      0.665    32.1695    23.6770 -9.990e-29
 209.575226      0.677  40.287670    15.5397    7.07545      0.671    32.1671    23.6717 -9.990e-29
 209.575231      0.679  40.303602    15.5450    7.06687      0.673    32.1769    23.6781 -9.990e-29
 209.575237      0.675  40.308491    15.5350    7.08465      0.669    32.1895    23.6900 -9.990e-29
 209.575243      0.669  40.297076    15.5201    7.09905      0.663    32.1915    23.6948 -9.990e-29
 209.575249      0.667  40.282757    15.5118    7.10092      0.661    32.1855    23.6920 -9.990e-29
 209.575255      0.663  40.277866    15.5127    7.09333      0.657    32.1804    23.6879 -9.990e-29
 209.575260      0.657  40.281488    15.5193    7.07893      0.652    32.1783    23.6848 -9.990e-29
 209.575266      0.658  40.288912    15.5214    7.06848      0.653    32.1832    23.6881 -9.990e-29
 209.575272      0.665  40.290401    15.5113    7.07653      0.659    32.1927    23.6977 -9.990e-29
 209.575278      0.674  40.280086    15.4905    7.09417      0.668    32.2005    23.7082 -9.990e-29
 209.575284      0.687  40.262172    15.4713    7.10368      0.681    32.2003    23.7122 -9.990e-29
 209.575289      0.699  40.245878    15.4671    7.11505      0.693    32.1892    23.7046 -9.990e-29
 209.575295      0.707  40.242582    15.4726    7.11440      0.701    32.1817    23.6977 -9.990e-29
