data/oxygen options/ONMS/Olympic_Coast_National_Marine_Sanctuary_Hypoxia_Survey_CTD_Data_2004_2015/raw_data/2004/CTD_CA100_061504faed.cnv
* Sea-Bird SBE19 Data File:
* FileName = C:\WINDOWS\Desktop\put hypoxia files here\CTD files\CA\CA100m061504.hex
* Software Version 1.1.4
* Temperature SN = 2997
* Conductivity SN = 2997
* System UpLoad Time = Jun 15 2004 11:51:33
** Cape Alave hypoxia June 15, 2004.  CA-10
**
# nquan = 9                                 
# nvalues = 1777                        
# units = specified
# name 0 = timeJ: Julian Days
# name 1 = prSM: Pressure, Strain Gauge [db]
# name 2 = c0mS/cm: Conductivity [mS/cm]
# name 3 = t090C: Temperature [ITS-90, deg C]
# name 4 = oxML/L: Oxygen, Beckman/YSI [ml/l]
# name 5 = depSM: Depth [salt water, m], lat = 47.5
# name 6 = sal00: Salinity, Practical [PSU]
# name 7 = sigma-é00: Density [sigma-theta, kg/m^3]
# name 8 = flag: flag
# span 0 = 167.393692, 167.403970       
# span 1 =     -5.725,    100.161       
# span 2 =   0.232076,  36.902134       
# span 3 =     7.2315,    13.4925       
# span 4 =  -12.88713,   35.88361       
# span 5 =     -5.677,     99.301       
# span 6 =     0.1435,    33.7790       
# span 7 =    -0.5587,    26.4243       
# span 8 = 0.0000e+00, 0.0000e+00       
# interval = seconds: 0.5
# start_time = Jun 15 2004 09:26:55 [Instrument's time stamp, header]
# bad_flag = -9.990e-29
*END*
[from data line 1121]
 167.400179      0.132   8.184724    12.0471   -0.04713      0.131     6.1938     4.3015 -9.990e-29
 167.400185      0.150   6.645864    12.0433   -0.04713      0.149     4.9542     3.3430 -9.990e-29
 167.400191      0.172   4.894684    12.0485   -0.04713      0.171     3.5723     2.2722 -9.990e-29
 167.400197      0.200   6.522995    12.0805   -0.04713      0.198     4.8514     3.2587 -9.990e-29
 167.400203      0.231  13.818596    12.1374   -0.04713      0.229    10.8711     7.9023 -9.990e-29
 167.400208      0.266  25.164286    12.1892   -0.04714      0.264    20.8603    15.6050 -9.990e-29
 167.400214      0.313  32.845304    12.2170   -0.04713      0.310    27.9538    21.0849 -9.990e-29
 167.400220      0.370  35.457269    12.2256   -0.04713      0.367    30.4211    22.9941 -9.990e-29
 167.400226      0.436  36.328555    12.2258   -0.04714      0.432    31.2523    23.6383 -9.990e-29
 167.400231      0.516  36.616370    12.2250   -0.04714      0.512    31.5282    23.8524 -9.990e-29
 167.400237      0.607  36.710050    12.2250   -0.04715      0.602    31.6179    23.9219 -9.990e-29
 167.400243      0.700  36.740642    12.2258   -0.04714      0.694    31.6465    23.9439 -9.990e-29
 167.400249      0.798  36.752276    12.2271   -0.04713      0.791    31.6565    23.9514 -9.990e-29
 167.400255      0.899  36.757073    12.2279   -0.04714      0.891    31.6603    23.9542 -9.990e-29
 167.400260      0.995  36.756356    12.2278   -0.04715      0.987    31.6597    23.9538 -9.990e-29
 167.400266      1.085  36.752506    12.2276   -0.04716      1.076    31.6562    23.9511 -9.990e-29
 167.400272      1.170  36.750460    12.2279   -0.04716      1.160    31.6539    23.9493 -9.990e-29
 167.400278      1.255  36.751389    12.2280   -0.04718      1.245    31.6547    23.9498 -9.990e-29
 167.400284      1.338  36.750337    12.2270   -0.04717      1.327    31.6545    23.9499 -9.990e-29
 167.400289      1.410  36.745875    12.2255   -0.04717      1.398    31.6514    23.9478 -9.990e-29
 167.400295      1.472  36.743247    12.2253   -0.04717      1.460    31.6491    23.9460 -9.990e-29
 167.400301      1.528  36.746212    12.2259   -0.04717      1.515    31.6514    23.9477 -9.990e-29
 167.400307      1.581  36.751966    12.2246   -0.04718      1.568    31.6580    23.9530 -9.990e-29
 167.400313      1.635  36.753013    12.2205   -0.04718      1.621    31.6624    23.9573 -9.990e-29
 167.400318      1.689  36.747921    12.2145   -0.04718      1.675    31.6626    23.9585 -9.990e-29
 167.400324      1.737  36.741653    12.2074   -0.04718      1.722    31.6626    23.9598 -9.990e-29
 167.400330      1.779  36.737600    12.2017   -0.04718      1.764    31.6635    23.9616 -9.990e-29
 167.400336      1.813  36.735943    12.2001   -0.04718      1.798    31.6633    23.9617 -9.990e-29
 167.400341      1.837  36.735005    12.2007   -0.04718      1.822    31.6618    23.9605 -9.990e-29
 167.400347      1.857  36.734629    12.2007   -0.04718      1.841    31.6615    23.9602 -9.990e-29
 167.400353      1.878  36.733728    12.1999   -0.04718      1.862    31.6613    23.9602 -9.990e-29
 167.400359      1.901  36.731078    12.1988   -0.04717      1.885    31.6597    23.9592 -9.990e-29
 167.400365      1.923  36.728166    12.1972   -0.04717      1.907    31.6582    23.9583 -9.990e-29
 167.400370      1.943  36.726691    12.1956   -0.04716      1.927    31.6581    23.9586 -9.990e-29
 167.400376      1.965  36.727465    12.1952   -0.04717      1.949    31.6592    23.9595 -9.990e-29
 167.400382      1.995  36.729813    12.1958   -0.04718      1.978    31.6609    23.9607 -9.990e-29
 167.400388      2.030  36.730670    12.1957   -0.04720      2.013    31.6618    23.9614 -9.990e-29
 167.400394      2.065  36.728910    12.1958   -0.04722      2.048    31.6601    23.9600 -9.990e-29
 167.400399      2.097  36.727208    12.1976   -0.04723      2.079    31.6569    23.9572 -9.990e-29
 167.400405      2.128  36.726635    12.2000   -0.04727      2.110    31.6543    23.9548 -9.990e-29
 167.400411      2.161  36.727523    12.2032   -0.04728      2.143    31.6524    23.9527 -9.990e-29
 167.400417      2.197  36.730469    12.2064   -0.04726      2.179    31.6525    23.9522 -9.990e-29
 167.400422      2.235  36.732084    12.2070   -0.04724      2.216    31.6536    23.9529 -9.990e-29
 167.400428      2.272  36.730009    12.2020   -0.04729      2.253    31.6558    23.9556 -9.990e-29
 167.400434      2.315  36.727062    12.1908   -0.04731      2.296    31.6624    23.9628 -9.990e-29
 167.400440      2.371  36.725459    12.1753   -0.04731      2.351    31.6740    23.9747 -9.990e-29
 167.400446      2.444  36.724719    12.1582   -0.04729      2.424    31.6877    23.9885 -9.990e-29
 167.400451      2.533  36.723828    12.1407   -0.04727      2.512    31.7017    24.0026 -9.990e-29
 167.400457      2.637  36.721568    12.1240   -0.04732      2.615    31.7136    24.0150 -9.990e-29
 167.400463      2.758  36.717702    12.1155   -0.04735      2.735    31.7171    24.0192 -9.990e-29
 167.400469      2.898  36.715460    12.1186   -0.04739      2.874    31.7122    24.0149 0.0000e+00
 167.400475      3.054  36.715188    12.1199   -0.04741      3.028    31.7108    24.0135 0.0000e+00
 167.400480      3.223  36.710888    12.1089   -0.04739      3.196    31.7159    24.0196 0.0000e+00
 167.400486      3.403  36.700167    12.0954   -0.04735      3.375    31.7170    24.0229 0.0000e+00
 167.400492      3.589  36.691700    12.0921   -0.04740      3.559    31.7116    24.0194 0.0000e+00
 167.400498      3.782  36.693796    12.0978   -0.04761      3.750    31.7087    24.0161 0.0000e+00
 167.400503      3.993  36.699127    12.0980   -0.04774      3.960    31.7136    24.0198 0.0000e+00
 167.400509      4.220  36.696265    12.0832   -0.04778      4.185    31.7233    24.0301 0.0000e+00
 167.400515      4.465  36.682494    12.0587   -0.04778      4.428    31.7308    24.0404 0.0000e+00
 167.400521      4.732  36.665224    12.0330   -0.04770      4.692    31.7359    24.0492 0.0000e+00
 167.400527      5.019  36.657295    12.0172   -0.04747      4.977    31.7416    24.0565 0.0000e+00
 167.400532      5.334  36.662126    12.0161   -0.04764      5.289    31.7471    24.0610 0.0000e+00
 167.400538      5.677  36.670423    12.0076   -0.04782      5.630    31.7621    24.0742 0.0000e+00
 167.400544      6.042  36.671343    11.9562   -0.04788      5.991    31.8067    24.1183 0.0000e+00
 167.400550      6.421  36.659919    11.8632   -0.04796      6.367    31.8750    24.1884 0.0000e+00
 167.400556      6.813  36.630428    11.7731   -0.04807      6.756    31.9236    24.2427 0.0000e+00
 167.400561      7.217  36.590628    11.7210   -0.04820      7.157    31.9296    24.2569 0.0000e+00
 167.400567      7.629  36.574897    11.7193   -0.04830      7.565    31.9156    24.2463 0.0000e+00
 167.400573      8.036  36.598669    11.7697   18.75673      7.969    31.8952    24.2213 0.0000e+00
 167.400579      8.430  36.635272    11.8158   33.52642      8.359    31.8910    24.2096 0.0000e+00
 167.400584      8.810  36.652158    11.7825   35.88361      8.736    31.9358    24.2504 0.0000e+00
 167.400590      9.175  36.633690    11.6969   31.81823      9.098    31.9913    24.3092 0.0000e+00
 167.400596      9.527  36.591128    11.6210   21.14944      9.447    32.0153    24.3416 0.0000e+00
 167.400602      9.865  36.543404    11.5516   16.53263      9.782    32.0287    24.3646 0.0000e+00
 167.400608     10.192  36.477315    11.4639   15.62541     10.107    32.0400    24.3892 0.0000e+00
 167.400613     10.518  36.392755    11.3581   10.09899     10.430    32.0489    24.4151 0.0000e+00
 167.400619     10.856  36.329492    11.2618    5.81931     10.765    32.0704    24.4490 0.0000e+00
 167.400625     11.206  36.291747    11.1483    3.26014     11.112    32.1321    24.5172 0.0000e+00
 167.400631     11.565  36.170260    10.9727    2.77732     11.468    32.1657    24.5742 0.0000e+00
 167.400637     11.929  35.934229    10.7921    4.22671     11.829    32.0901    24.5469 0.0000e+00
 167.400642     12.300  35.741657    10.6427    4.77196     12.197    32.0296    24.5255 0.0000e+00
 167.400648     12.685  35.631264    10.4991    5.01305     12.579    32.0455    24.5624 0.0000e+00
 167.400654     13.087  35.534308    10.3634    5.15085     12.977    32.0678    24.6028 0.0000e+00
 167.400660     13.510  35.445951    10.2378    5.26405     13.397    32.0899    24.6411 0.0000e+00
 167.400666     13.955  35.366869    10.1157    5.34620     13.838    32.1182    24.6836 0.0000e+00
 167.400671     14.408  35.294811    10.0083    5.37071     14.287    32.1406    24.7188 0.0000e+00
 167.400677     14.854  35.239829     9.9396    5.43849     14.729    32.1459    24.7343 0.0000e+00
 167.400683     15.288  35.218798     9.9114    5.48477     15.160    32.1495    24.7417 0.0000e+00
 167.400689     15.699  35.230718     9.9026    5.53294     15.567    32.1692    24.7586 0.0000e+00
 167.400694     16.073  35.249407     9.9034    5.56499     15.938    32.1873    24.7726 0.0000e+00
 167.400700     16.406  35.260522     9.9252    5.55599     16.268    32.1790    24.7625 0.0000e+00
 167.400706     16.692  35.273265     9.9552    5.56855     16.552    32.1651    24.7467 0.0000e+00
 167.400712     16.929  35.285552     9.9534    5.57806     16.787    32.1790    24.7579 0.0000e+00
 167.400718     17.122  35.284601     9.9208    5.60584     16.978    32.2070    24.7851 0.0000e+00
 167.400723     17.289  35.274753     9.8808    5.65376     17.144    32.2327    24.8117 0.0000e+00
 167.400729     17.444  35.263616     9.8409    5.67011     17.298    32.2570    24.8372 0.0000e+00
 167.400735     17.592  35.250905     9.8086    5.67683     17.444    32.2729    24.8550 0.0000e+00
 167.400741     17.735  35.238720     9.7896    5.63815     17.586    32.2775    24.8616 0.0000e+00
 167.400747     17.877  35.229862     9.7791    5.60124     17.727    32.2778    24.8636 0.0000e+00
 167.400752     18.028  35.223160     9.7602    5.58735     17.877    32.2879    24.8746 0.0000e+00
 167.400758     18.193  35.208545     9.7139    5.56323     18.040    32.3145    24.9029 0.0000e+00
 167.400764     18.373  35.173812     9.6438    5.55157     18.219    32.3420    24.9357 0.0000e+00
 167.400770     18.571  35.121984     9.5730    5.52888     18.415    32.3527    24.9555 0.0000e+00
 167.400775     18.788  35.069170     9.5195    5.49368     18.630    32.3468    24.9595 0.0000e+00
 167.400781     19.015  35.028471     9.4852    5.46956     18.855    32.3359    24.9565 0.0000e+00
 167.400787     19.246  35.001108     9.4619    5.40898     19.084    32.3288    24.9547 0.0000e+00
 167.400793     19.483  34.981420     9.4419    5.35311     19.319    32.3265    24.9561 0.0000e+00
 167.400799     19.727  34.965009     9.4184    5.28393     19.561    32.3308    24.9632 0.0000e+00
 167.400804     19.977  34.945681     9.3815    5.20850     19.809    32.3442    24.9795 0.0000e+00
 167.400810     20.231  34.912793     9.3239    5.17362     20.061    32.3624    25.0028 0.0000e+00
 167.400816     20.490  34.859488     9.2500    5.11446     20.318    32.3743    25.0239 0.0000e+00
 167.400822     20.752  34.792610     9.1814    5.08833     20.578    32.3674    25.0292 0.0000e+00
 167.400828     21.016  34.736789     9.1391    5.10471     20.840    32.3479    25.0207 0.0000e+00
 167.400833     21.278  34.714569     9.1224    5.13080     21.099    32.3400    25.0171 0.0000e+00
 167.400839     21.538  34.719847     9.1181    5.17642     21.357    32.3493    25.0250 0.0000e+00
 167.400845     21.803  34.730493     9.1176    5.21247     21.620    32.3606    25.0340 0.0000e+00
 167.400851     22.074  34.736021     9.1183    5.21726     21.889    32.3656    25.0377 0.0000e+00
 167.400856     22.345  34.737626     9.1194    5.24328     22.157    32.3661    25.0380 0.0000e+00
 167.400862     22.617  34.737998     9.1180    5.27581     22.427    32.3676    25.0394 0.0000e+00
 167.400868     22.895  34.737625     9.1112    5.28377     22.703    32.3733    25.0449 0.0000e+00
 167.400874     23.192  34.735441     9.1017    5.29578     22.997    32.3796    25.0513 0.0000e+00
 167.400880     23.518  34.732451     9.0920    5.26130     23.320    32.3851    25.0572 0.0000e+00
 167.400885     23.872  34.728584     9.0786    5.22636     23.671    32.3932    25.0655 0.0000e+00
 167.400891     24.252  34.720355     9.0518    5.19842     24.048    32.4089    25.0820 0.0000e+00
 167.400897     24.651  34.699582     9.0055    5.16932     24.444    32.4293    25.1052 0.0000e+00
 167.400903     25.065  34.662105     8.9476    5.16111     24.854    32.4431    25.1249 0.0000e+00
 167.400909     25.489  34.619054     8.8918    5.14229     25.275    32.4491    25.1383 0.0000e+00
 167.400914     25.914  34.583651     8.8464    5.13281     25.696    32.4535    25.1487 0.0000e+00
 167.400920     26.331  34.558007     8.8109    5.12445     26.110    32.4591    25.1586 0.0000e+00
 167.400926     26.741  34.537065     8.7804    5.09702     26.516    32.4650    25.1679 0.0000e+00
 167.400932     27.140  34.517556     8.7551    5.07328     26.912    32.4677    25.1738 0.0000e+00
 167.400938     27.519  34.500925     8.7392    5.05513     27.288    32.4647    25.1739 0.0000e+00
 167.400943     27.873  34.490209     8.7304    5.03084     27.639    32.4614    25.1727 0.0000e+00
 167.400949     28.206  34.484562     8.7183    5.01561     27.969    32.4664    25.1785 0.0000e+00
 167.400955     28.532  34.477006     8.6977    5.02002     28.292    32.4773    25.1901 0.0000e+00
 167.400961     28.858  34.463623     8.6741    5.02051     28.615    32.4848    25.1996 0.0000e+00
 167.400966     29.188  34.448984     8.6540    5.04820     28.942    32.4878    25.2050 0.0000e+00
 167.400972     29.521  34.437665     8.6397    5.06701     29.273    32.4889    25.2080 0.0000e+00
 167.400978     29.848  34.430258     8.6331    5.06979     29.597    32.4871    25.2076 0.0000e+00
 167.400984     30.157  34.428087     8.6342    5.08492     29.903    32.4837    25.2048 0.0000e+00
 167.400990     30.441  34.430485     8.6374    5.10740     30.185    32.4831    25.2038 0.0000e+00
 167.400995     30.709  34.432231     8.6356    5.13098     30.450    32.4865    25.2067 0.0000e+00
 167.401001     30.974  34.428918     8.6288    5.14516     30.713    32.4891    25.2099 0.0000e+00
 167.401007     31.241  34.422289     8.6230    5.14783     30.978    32.4874    25.2094 0.0000e+00
 167.401013     31.504  34.417513     8.6206    5.13668     31.239    32.4845    25.2075 0.0000e+00
 167.401019     31.759  34.416059     8.6180    5.13565     31.492    32.4852    25.2084 0.0000e+00
 167.401024     32.018  34.414855     8.6071    5.14360     31.748    32.4939    25.2169 0.0000e+00
 167.401030     32.298  34.408363     8.5843    5.11759     32.026    32.5079    25.2313 0.0000e+00
 167.401036     32.594  34.394650     8.5576    5.08446     32.319    32.5180    25.2432 0.0000e+00
 167.401042     32.891  34.379526     8.5372    5.04917     32.614    32.5208    25.2485 0.0000e+00
 167.401047     33.179  34.369160     8.5220    5.01162     32.899    32.5237    25.2531 0.0000e+00
 167.401053     33.455  34.361491     8.5045    4.98100     33.173    32.5317    25.2620 0.0000e+00
 167.401059     33.721  34.351324     8.4841    4.95680     33.437    32.5397    25.2713 0.0000e+00
 167.401065     33.984  34.339670     8.4673    4.91873     33.698    32.5428    25.2763 0.0000e+00
 167.401071     34.238  34.331163     8.4592    4.88830     33.949    32.5412    25.2762 0.0000e+00
 167.401076     34.474  34.327901     8.4589    4.86274     34.183    32.5380    25.2737 0.0000e+00
 167.401082     34.689  34.328888     8.4586    4.82845     34.397    32.5392    25.2747 0.0000e+00
 167.401088     34.893  34.329823     8.4489    4.81320     34.599    32.5490    25.2839 0.0000e+00
 167.401094     35.094  34.325218     8.4273    4.80572     34.798    32.5641    25.2989 0.0000e+00
