data/oxygen options/ONMS/Olympic_Coast_National_Marine_Sanctuary_Hypoxia_Survey_CTD_Data_2004_2015/raw_data/2004/CTD_TH100_082404faed.cnv
* Sea-Bird SBE19 Data File:
* FileName = C:\WINDOWS\Desktop\put hypoxia files here\CTD data\August 24_25-04\TH\TH100_082404.hex
* Software Version 1.1.4
* Temperature SN = 2997
* Conductivity SN = 2997
* System UpLoad Time = Aug 24 2004 16:05:32
* SEACAT PROFILER V3.1c SN 2997   08/24/04  16:05:55.430
* strain gauge pressure sensor: S/N = 184829,  range = 3000 psia,  tc = 40
# nquan = 9                                 
# nvalues = 868                         
# units = specified
# name 0 = timeJ: Julian Days
# name 1 = prSM: Pressure, Strain Gauge [db]
# name 2 = c0mS/cm: Conductivity [mS/cm]
# name 3 = t090C: Temperature [ITS-90, deg C]
# name 4 = oxML/L: Oxygen, Beckman/YSI [ml/l]
# name 5 = depSM: Depth [salt water, m], lat = 47.5
# name 6 = sal00: Salinity, Practical [PSU]
# name 7 = sigma-é00: Density [sigma-theta, kg/m^3]
# name 8 = flag: flag
# span 0 = 237.566574, 237.571591       
# span 1 =     -5.346,    102.185       
# span 2 =   2.000633,  39.760109       
# span 3 =     7.3603,    15.4864       
# span 4 =   -0.04375,   29.24042       
# span 5 =     -5.301,    101.307       
# span 6 =     1.2678,    33.7578       
# span 7 =     0.0079,    26.3866       
# span 8 = 0.0000e+00, 0.0000e+00       
# interval = seconds: 0.5
# start_time = Aug 24 2004 13:35:52 [Instrument's time stamp, header]
# bad_flag = -9.990e-29
*END*
 237.566574     -5.346 -9.990e-29    15.4864   -0.04370     -5.301 -9.990e-29 -9.990e-29 -9.990e-29
 237.566580     -5.319   2.000633    15.4696   -0.04370     -5.275     1.2678     0.0079 -9.990e-29
 237.566586     -5.276   4.556786    15.4203   -0.04370     -5.232     3.0344     1.3743 -9.990e-29
 237.566591     -5.201  12.205241    15.3246   -0.04370     -5.158     8.7514     5.7712 -9.990e-29
 237.566597     -5.090  23.956362    15.2063   -0.04370     -5.048    18.2755    13.0819 -9.990e-29
 237.566603     -4.952  32.538334    15.1088   -0.04370     -4.911    25.6578    18.7611 -9.990e-29
 237.566609     -4.813  36.433818    15.0587   -0.04370     -4.773    29.1189    21.4307 -9.990e-29
 237.566615     -4.698  38.416996    15.0447   -0.04369     -4.659    30.8969    22.8014 -9.990e-29
 237.566620     -4.614  39.287072    15.0416   -0.04369     -4.576    31.6795    23.4044 -9.990e-29
 237.566626     -4.545  39.577584    15.0390   -0.04368     -4.507    31.9427    23.6076 -9.990e-29
 237.566632     -4.475  39.672860    15.0363   -0.04368     -4.438    32.0306    23.6758 -9.990e-29
 237.566638     -4.399  39.706463    15.0350   -0.04370     -4.362    32.0618    23.7002 -9.990e-29
 237.566644     -4.326  39.723545    15.0356   -0.04370     -4.290    32.0767    23.7115 -9.990e-29
 237.566649     -4.263  39.733190    15.0370   -0.04370     -4.227    32.0842    23.7170 -9.990e-29
 237.566655     -4.211  39.736254    15.0379   -0.04369     -4.176    32.0862    23.7183 -9.990e-29
 237.566661     -4.167  39.736045    15.0380   -0.04369     -4.132    32.0859    23.7181 -9.990e-29
 237.566667     -4.128  39.736566    15.0384   -0.04371     -4.094    32.0860    23.7181 -9.990e-29
 237.566672     -4.086  39.742227    15.0409   -0.04371     -4.052    32.0891    23.7199 -9.990e-29
 237.566678     -4.036  39.752503    15.0460   -0.04370     -4.002    32.0941    23.7227 -9.990e-29
 237.566684     -3.978  39.760109    15.0491   -0.04368     -3.945    32.0984    23.7253 -9.990e-29
 237.566690     -3.916  39.759813    15.0461   -0.04370     -3.883    32.1006    23.7276 -9.990e-29
 237.566696     -3.861  39.751571    15.0412   -0.04371     -3.829    32.0971    23.7260 -9.990e-29
 237.566701     -3.817  39.743831    15.0398   -0.04371     -3.785    32.0913    23.7219 -9.990e-29
 237.566707     -3.776  39.745149    15.0418   -0.04369     -3.745    32.0908    23.7211 -9.990e-29
 237.566713     -3.737  39.749768    15.0421   -0.04368     -3.706    32.0947    23.7240 -9.990e-29
 237.566719     -3.701  39.747913    15.0389   -0.04371     -3.670    32.0957    23.7254 -9.990e-29
 237.566725     -3.666  39.740828    15.0371   -0.04372     -3.635    32.0908    23.7220 -9.990e-29
 237.566730     -3.634  39.739628    15.0414   -0.04372     -3.604    32.0861    23.7175 -9.990e-29
 237.566736     -3.607  39.746428    15.0469   -0.04372     -3.577    32.0877    23.7176 -9.990e-29
 237.566742     -3.583  39.749867    15.0451   -0.04369     -3.553    32.0923    23.7215 -9.990e-29
 237.566748     -3.561  39.743652    15.0382   -0.04369     -3.531    32.0924    23.7230 -9.990e-29
 237.566753     -3.540  39.735567    15.0364   -0.04371     -3.510    32.0866    23.7189 -9.990e-29
 237.566759     -3.517  39.737077    15.0426   -0.04372     -3.488    32.0828    23.7147 -9.990e-29
 237.566765     -3.493  39.744926    15.0463   -0.04373     -3.464    32.0868    23.7170 -9.990e-29
 237.566771     -3.465  39.745785    15.0406   -0.04373     -3.436    32.0923    23.7224 -9.990e-29
 237.566777     -3.435  39.735537    15.0324   -0.04371     -3.406    32.0898    23.7223 -9.990e-29
 237.566782     -3.407  39.723885    15.0285   -0.04369     -3.379    32.0825    23.7175 -9.990e-29
 237.566788     -3.373  39.722026    15.0315   -0.04371     -3.345    32.0783    23.7137 -9.990e-29
 237.566794     -3.332  39.729509    15.0396   -0.04373     -3.304    32.0784    23.7120 -9.990e-29
 237.566800     -3.290  39.738697    15.0434   -0.04373     -3.263    32.0835    23.7151 -9.990e-29
 237.566806     -3.249  39.741977    15.0382   -0.04374     -3.222    32.0907    23.7218 -9.990e-29
 237.566811     -3.209  39.734530    15.0299   -0.04372     -3.182    32.0908    23.7236 -9.990e-29
 237.566817     -3.178  39.722496    15.0249   -0.04371     -3.152    32.0841    23.7195 -9.990e-29
 237.566823     -3.153  39.717119    15.0264   -0.04372     -3.127    32.0780    23.7145 -9.990e-29
 237.566829     -3.128  39.721122    15.0345   -0.04373     -3.102    32.0750    23.7104 -9.990e-29
 237.566834     -3.106  39.730084    15.0410   -0.04373     -3.080    32.0777    23.7111 -9.990e-29
 237.566840     -3.090  39.735532    15.0380   -0.04373     -3.064    32.0850    23.7174 -9.990e-29
 237.566846     -3.074  39.728799    15.0289   -0.04372     -3.048    32.0864    23.7205 -9.990e-29
 237.566852     -3.049  39.714731    15.0219   -0.04371     -3.024    32.0795    23.7166 -9.990e-29
 237.566858     -3.010  39.708039    15.0215   -0.04371     -2.985    32.0738    23.7123 -9.990e-29
 237.566863     -2.965  39.712495    15.0265   -0.04372     -2.940    32.0737    23.7112 -9.990e-29
 237.566869     -2.935  39.719791    15.0296   -0.04373     -2.911    32.0777    23.7136 -9.990e-29
 237.566875     -2.921  39.720918    15.0273   -0.04373     -2.897    32.0806    23.7163 -9.990e-29
 237.566881     -2.910  39.714359    15.0235   -0.04373     -2.886    32.0778    23.7150 -9.990e-29
 237.566887     -2.888  39.707436    15.0218   -0.04372     -2.864    32.0730    23.7116 -9.990e-29
 237.566892     -2.858  39.707544    15.0237   -0.04371     -2.834    32.0715    23.7101 -9.990e-29
 237.566898     -2.831  39.713490    15.0296   -0.04373     -2.807    32.0720    23.7092 -9.990e-29
 237.566904     -2.810  39.718955    15.0360   -0.04373     -2.787    32.0717    23.7076 -9.990e-29
 237.566910     -2.792  39.721470    15.0369   -0.04373     -2.769    32.0732    23.7085 -9.990e-29
 237.566916     -2.778  39.720248    15.0313   -0.04372     -2.755    32.0767    23.7124 -9.990e-29
 237.566921     -2.762  39.714008    15.0245   -0.04372     -2.739    32.0766    23.7139 -9.990e-29
 237.566927     -2.738  39.706567    15.0213   -0.04373     -2.715    32.0725    23.7114 -9.990e-29
 237.566933     -2.714  39.705752    15.0232   -0.04374     -2.691    32.0702    23.7092 -9.990e-29
 237.566939     -2.696  39.711381    15.0281   -0.04375     -2.674    32.0713    23.7090 -9.990e-29
 237.566944     -2.684  39.715030    15.0301   -0.04374     -2.662    32.0729    23.7098 -9.990e-29
 237.566950     -2.676  39.712933    15.0268   -0.04373     -2.654    32.0737    23.7112 -9.990e-29
 237.566956     -2.669  39.707133    15.0226   -0.04373     -2.647    32.0720    23.7107 -9.990e-29
 237.566962     -2.657  39.703717    15.0225   -0.04375     -2.635    32.0690    23.7084 -9.990e-29
 237.566968     -2.643  39.706336    15.0261   -0.04375     -2.621    32.0684    23.7072 -9.990e-29
 237.566973     -2.636  39.709846    15.0277   -0.04375     -2.614    32.0702    23.7082 -9.990e-29
 237.566979     -2.635  39.709171    15.0239   -0.04374     -2.613    32.0727    23.7110 -9.990e-29
 237.566985     -2.631  39.703763    15.0171   -0.04374     -2.609    32.0734    23.7130 -9.990e-29
 237.566991     -2.615  39.696862    15.0126   -0.04375     -2.593    32.0709    23.7120 -9.990e-29
 237.566997     -2.583  39.694770    15.0143   -0.04374     -2.561    32.0676    23.7091 -9.990e-29
 237.567002     -2.541  39.698972    15.0185   -0.04375     -2.520    32.0679    23.7085 -9.990e-29
 237.567008     -2.498  39.702509    15.0180   -0.04374     -2.477    32.0715    23.7113 -9.990e-29
 237.567014     -2.457  39.699778    15.0131   -0.04374     -2.437    32.0731    23.7136 -9.990e-29
 237.567020     -2.415  39.694223    15.0096   -0.04375     -2.395    32.0709    23.7127 -9.990e-29
 237.567025     -2.374  39.692815    15.0111   15.17818     -2.354    32.0684    23.7104 -9.990e-29
 237.567031     -2.339  39.696268    15.0152   27.38168     -2.319    32.0681    23.7093 -9.990e-29
 237.567037     -2.312  39.698870    15.0162   29.24042     -2.293    32.0696    23.7103 -9.990e-29
 237.567043     -2.293  39.697140    15.0138   25.94920     -2.274    32.0700    23.7111 -9.990e-29
 237.567049     -2.279  39.693613    15.0117   17.26617     -2.260    32.0686    23.7104 -9.990e-29
 237.567054     -2.265  39.693475    15.0121   13.34742     -2.246    32.0681    23.7100 -9.990e-29
 237.567060     -2.247  39.696889    15.0140   13.37347     -2.228    32.0696    23.7108 -9.990e-29
 237.567066     -2.222  39.698653    15.0136   13.33708     -2.203    32.0715    23.7123 -9.990e-29
 237.567072     -2.195  39.696416    15.0099   13.33869     -2.177    32.0726    23.7139 -9.990e-29
 237.567078     -2.170  39.691472    15.0053   13.34371     -2.152    32.0719    23.7143 -9.990e-29
 237.567083     -2.144  39.683750    15.0024   13.35042     -2.126    32.0673    23.7114 -9.990e-29
 237.567089     -2.110  39.675087    15.0028   13.35196     -2.092    32.0591    23.7051 -9.990e-29
 237.567095     -2.074  39.670555    15.0043   10.99542     -2.057    32.0538    23.7007 -9.990e-29
 237.567101     -2.038  39.669507    15.0035    8.60963     -2.021    32.0535    23.7006 -9.990e-29
 237.567106     -2.004  39.668087    15.0006    7.19775     -1.987    32.0546    23.7021 -9.990e-29
 237.567112     -1.970  39.665872    14.9982    6.73384     -1.954    32.0546    23.7025 -9.990e-29
 237.567118     -1.934  39.664184    14.9980    7.45589     -1.918    32.0532    23.7015 -9.990e-29
 237.567124     -1.907  39.663927    14.9993    7.95327     -1.891    32.0519    23.7003 -9.990e-29
 237.567130     -1.891  39.664543    15.0003    8.14423     -1.875    32.0516    23.6998 -9.990e-29
 237.567135     -1.876  39.664955    14.9999    8.27935     -1.860    32.0523    23.7004 -9.990e-29
 237.567141     -1.857  39.664376    14.9983    8.36503     -1.842    32.0531    23.7014 -9.990e-29
 237.567147     -1.837  39.662945    14.9972    8.41791     -1.822    32.0527    23.7013 -9.990e-29
 237.567153     -1.820  39.661906    14.9977    8.44752     -1.805    32.0513    23.7002 -9.990e-29
 237.567159     -1.803  39.661905    14.9985    8.44611     -1.788    32.0507    23.6995 -9.990e-29
 237.567164     -1.792  39.662164    14.9980    8.44394     -1.777    32.0513    23.7001 -9.990e-29
 237.567170     -1.784  39.661695    14.9967    8.44971     -1.769    32.0520    23.7009 -9.990e-29
 237.567176     -1.775  39.660781    14.9962    8.45670     -1.760    32.0515    23.7007 -9.990e-29
 237.567182     -1.768  39.660234    14.9969    8.46084     -1.753    32.0505    23.6997 -9.990e-29
 237.567187     -1.768  39.660233    14.9982    8.44864     -1.753    32.0494    23.6986 -9.990e-29
 237.567193     -1.775  39.660563    14.9999    8.43437     -1.760    32.0483    23.6974 -9.990e-29
 237.567199     -1.784  39.660888    15.0017    8.42790     -1.769    32.0471    23.6961 -9.990e-29
 237.567205     -1.783  39.661431    15.0032    8.43063     -1.768    32.0464    23.6952 -9.990e-29
 237.567211     -1.765  39.662142    15.0047    8.43909     -1.750    32.0458    23.6944 -9.990e-29
 237.567216     -1.735  39.662634    15.0060    8.43657     -1.721    32.0452    23.6936 -9.990e-29
 237.567222     -1.705  39.662787    15.0069    8.42134     -1.691    32.0445    23.6930 -9.990e-29
 237.567228     -1.678  39.662590    15.0074    8.40831     -1.664    32.0440    23.6924 -9.990e-29
 237.567234     -1.652  39.662690    15.0078    8.40233     -1.638    32.0437    23.6921 -9.990e-29
 237.567240     -1.629  39.663007    15.0078    8.41897     -1.615    32.0440    23.6924 -9.990e-29
 237.567245     -1.612  39.662628    15.0071    8.42774     -1.599    32.0442    23.6927 -9.990e-29
 237.567251     -1.596  39.661953    15.0064    8.42096     -1.583    32.0442    23.6928 -9.990e-29
 237.567257     -1.581  39.661555    15.0060    8.39346     -1.568    32.0441    23.6929 -9.990e-29
 237.567263     -1.568  39.661249    15.0060    8.38407     -1.555    32.0439    23.6926 -9.990e-29
 237.567269     -1.557  39.660974    15.0063    8.38724     -1.544    32.0434    23.6922 -9.990e-29
 237.567274     -1.548  39.660714    15.0067    8.39542     -1.535    32.0428    23.6917 -9.990e-29
 237.567280     -1.536  39.660467    15.0073    8.40291     -1.523    32.0421    23.6910 -9.990e-29
 237.567286     -1.516  39.660252    15.0086    8.39345     -1.503    32.0408    23.6897 -9.990e-29
 237.567292     -1.491  39.660132    15.0099    8.37365     -1.479    32.0396    23.6885 -9.990e-29
 237.567297     -1.467  39.659861    15.0094    8.36189     -1.455    32.0398    23.6888 -9.990e-29
 237.567303     -1.447  39.659255    15.0062    8.37404     -1.435    32.0418    23.6911 -9.990e-29
 237.567309     -1.431  39.658384    15.0022    8.38253     -1.419    32.0443    23.6938 -9.990e-29
 237.567315     -1.418  39.657323    15.0001    8.38749     -1.406    32.0451    23.6949 -9.990e-29
 237.567321     -1.405  39.656577    15.0007    8.38831     -1.393    32.0439    23.6938 -9.990e-29
 237.567326     -1.398  39.656856    15.0026    8.37256     -1.386    32.0426    23.6924 -9.990e-29
 237.567332     -1.395  39.657994    15.0039    8.35657     -1.383    32.0426    23.6921 -9.990e-29
 237.567338     -1.387  39.658723    15.0038    8.36161     -1.375    32.0433    23.6927 -9.990e-29
 237.567344     -1.371  39.658356    15.0027    8.36723     -1.360    32.0439    23.6934 -9.990e-29
 237.567350     -1.344  39.657550    15.0015    8.37650     -1.333    32.0441    23.6938 -9.990e-29
 237.567355     -1.318  39.656936    15.0015    8.38086     -1.307    32.0436    23.6934 -9.990e-29
 237.567361     -1.309  39.656837    15.0029    8.36280     -1.298    32.0423    23.6921 -9.990e-29
 237.567367     -1.316  39.657703    15.0048    8.34745     -1.305    32.0415    23.6911 -9.990e-29
 237.567373     -1.330  39.659028    15.0060    8.34483     -1.319    32.0418    23.6910 -9.990e-29
 237.567378     -1.340  39.659798    15.0063    8.34877     -1.329    32.0422    23.6913 -9.990e-29
 237.567384     -1.334  39.659940    15.0061    8.35473     -1.323    32.0425    23.6916 -9.990e-29
 237.567390     -1.311  39.659667    15.0059    8.34514     -1.300    32.0424    23.6916 -9.990e-29
 237.567396     -1.278  39.659200    15.0062    8.33847     -1.267    32.0417    23.6910 -9.990e-29
 237.567402     -1.242  39.659060    15.0066    8.34252     -1.232    32.0413    23.6905 -9.990e-29
 237.567407     -1.208  39.659081    15.0067    8.33727     -1.198    32.0412    23.6904 -9.990e-29
 237.567413     -1.176  39.658754    15.0065    8.34356     -1.166    32.0410    23.6904 -9.990e-29
 237.567419     -1.139  39.658225    15.0062    8.34877     -1.129    32.0408    23.6903 -9.990e-29
 237.567425     -1.102  39.657934    15.0061    8.35786     -1.093    32.0406    23.6901 -9.990e-29
 237.567431     -1.076  39.658076    15.0061    8.35646     -1.067    32.0407    23.6902 -9.990e-29
 237.567436     -1.064  39.658299    15.0062    8.34414     -1.055    32.0408    23.6903 -9.990e-29
 237.567442     -1.061  39.658362    15.0061    8.34322     -1.052    32.0410    23.6904 -9.990e-29
 237.567448     -1.058  39.658371    15.0059    8.34193     -1.049    32.0411    23.6906 -9.990e-29
 237.567454     -1.051  39.658363    15.0058    8.33729     -1.042    32.0412    23.6907 -9.990e-29
 237.567459     -1.039  39.658350    15.0057    8.33808     -1.030    32.0413    23.6907 -9.990e-29
 237.567465     -1.022  39.658335    15.0056    8.33697     -1.013    32.0413    23.6908 -9.990e-29
 237.567471     -1.002  39.658321    15.0056    8.34324     -0.994    32.0413    23.6908 -9.990e-29
 237.567477     -0.987  39.658313    15.0056    8.33833     -0.979    32.0413    23.6908 -9.990e-29
 237.567483     -0.980  39.658322    15.0053    8.32486     -0.972    32.0416    23.6910 -9.990e-29
 237.567488     -0.977  39.658380    15.0050    8.32270     -0.969    32.0419    23.6913 -9.990e-29
 237.567494     -0.973  39.658589    15.0048    8.34014     -0.965    32.0422    23.6917 -9.990e-29
