data/oxygen options/ONMS/Olympic_Coast_National_Marine_Sanctuary_Hypoxia_Survey_CTD_Data_2004_2015/raw_data/2004/CTD_CE40_090704faedb.cnv
* Sea-Bird SBE19 Data File:
* FileName = C:\WINDOWS\Desktop\put hypoxia files here\CTD data\September 07_0804\CE\Raw\CE40_090704.hex
* Software Version 1.1.4
* Temperature SN = 2997
* Conductivity SN = 2997
* System UpLoad Time = Sep 07 2004 16:07:24
* SEACAT PROFILER V3.1c SN 2997   09/07/04  16:09:56.801
* strain gauge pressure sensor: S/N = 184829,  range = 3000 psia,  tc = 40
# nquan = 9
# nvalues = 40                          
# units = specified
# name 0 = timeJ: Julian Days
# name 1 = prSM: Pressure, Strain Gauge [db]
# name 2 = c0mS/cm: Conductivity [mS/cm]
# name 3 = t090C: Temperature [ITS-90, deg C]
# name 4 = oxML/L: Oxygen, Beckman/YSI [ml/l]
# name 5 = depSM: Depth [salt water, m], lat = 47.5
# name 6 = sal00: Salinity, Practical [PSU]
# name 7 = sigma-é00: Density [sigma-theta, kg/m^3]
# name 8 = flag: flag
# span 0 = 251.633174, 251.633647       
# span 1 =      2.000,     41.000       
# span 2 =  34.622932,  40.462294       
# span 3 =     7.6742,    16.6636       
# span 4 =    2.73561,    6.78991       
# span 5 =      1.983,     40.654       
# span 6 =    31.4208,    33.6008       
# span 7 =    22.8468,    26.2224       
# span 8 = 0.0000e+00, 0.0000e+00       
# interval = decibars: 1                
# start_time = Sep 07 2004 15:07:11 [Instrument's time stamp, header]
# bad_flag = -9.990e-29
*END*
 251.633174      2.000  40.462294    16.6636    6.30904      1.983    31.4208    22.8468 0.0000e+00
 251.633193      3.000  40.066826    16.1816    6.67191      2.975    31.4555    22.9824 0.0000e+00
 251.633207      4.000  39.896579    15.9678    6.78991      3.966    31.4752    23.0454 0.0000e+00
 251.633219      5.000  39.848648    15.8006    6.28454      4.958    31.5658    23.1521 0.0000e+00
 251.633230      6.000  39.769484    15.3813    5.51089      5.950    31.8329    23.4493 0.0000e+00
 251.633242      7.000  39.422230    14.2459    4.94954      6.941    32.4572    24.1709 0.0000e+00
 251.633253      8.000  38.587684    12.8124    4.66760      7.933    32.9027    24.8037 0.0000e+00
 251.633265      9.000  37.683745    11.7330    4.52036      8.925    32.9806    25.0698 0.0000e+00
 251.633275     10.000  37.036577    11.0860    4.45081      9.917    32.9228    25.1432 0.0000e+00
 251.633287     11.000  36.688252    10.7044    4.43091     10.908    32.9191    25.2076 0.0000e+00
 251.633298     12.000  36.381521    10.2910    4.42052     11.899    32.9850    25.3302 0.0000e+00
 251.633309     13.000  36.049395     9.8875    4.44823     12.891    33.0161    25.4222 0.0000e+00
 251.633321     14.000  35.770920     9.5729    4.43350     13.883    33.0199    25.4767 0.0000e+00
 251.633333     15.000  35.562317     9.3263    4.41622     14.874    33.0321    25.5261 0.0000e+00
 251.633345     16.000  35.396176     9.1183    4.45096     15.866    33.0523    25.5749 0.0000e+00
 251.633357     17.000  35.266673     8.9918    4.44359     16.857    33.0348    25.5810 0.0000e+00
 251.633370     18.000  35.192190     8.9131    4.42733     17.849    33.0300    25.5895 0.0000e+00
 251.633382     19.000  35.127529     8.8009    4.42456     18.841    33.0666    25.6356 0.0000e+00
 251.633394     20.000  35.012145     8.6374    4.39908     19.832    33.0980    25.6854 0.0000e+00
 251.633406     21.000  34.908305     8.5091    4.34908     20.824    33.1085    25.7132 0.0000e+00
 251.633417     22.000  34.839769     8.3910    4.30321     21.815    33.1468    25.7610 0.0000e+00
 251.633429     23.000  34.768933     8.2596    4.22135     22.807    33.1953    25.8187 0.0000e+00
 251.633440     24.000  34.706717     8.1602    4.04593     23.798    33.2228    25.8551 0.0000e+00
 251.633450     25.000  34.686276     8.0980    3.81584     24.790    33.2596    25.8932 0.0000e+00
 251.633461     26.000  34.679659     8.0091    3.55974     25.782    33.3367    25.9666 0.0000e+00
 251.633471     27.000  34.652612     7.8825    3.35019     26.773    33.4281    26.0570 0.0000e+00
 251.633482     28.000  34.625687     7.8061    3.16997     27.764    33.4721    26.1026 0.0000e+00
 251.633492     29.000  34.622932     7.7660    3.02802     28.756    33.5072    26.1360 0.0000e+00
 251.633503     30.000  34.624246     7.7475    2.94772     29.747    33.5259    26.1534 0.0000e+00
 251.633514     31.000  34.623480     7.7354    2.88737     30.739    33.5363    26.1633 0.0000e+00
 251.633525     32.000  34.626037     7.7166    2.85371     31.731    33.5566    26.1820 0.0000e+00
 251.633537     33.000  34.631842     7.6968    2.83928     32.722    33.5815    26.2044 0.0000e+00
 251.633548     34.000  34.634744     7.6846    2.82308     33.713    33.5960    26.2175 0.0000e+00
 251.633560     35.000  34.635474     7.6800    2.80700     34.705    33.6007    26.2219 0.0000e+00
 251.633572     36.000  34.633453     7.6771    2.78933     35.696    33.6008    26.2224 0.0000e+00
 251.633584     37.000  34.630596     7.6756    2.76731     36.688    33.5988    26.2210 0.0000e+00
 251.633596     38.000  34.628615     7.6744    2.76114     37.679    33.5973    26.2200 0.0000e+00
 251.633610     39.000  34.626712     7.6742    2.76179     38.671    33.5949    26.2183 0.0000e+00
 251.633625     40.000  34.625997     7.6757    2.74849     39.662    33.5923    26.2160 0.0000e+00
 251.633647     41.000  34.630180     7.6854    2.73561     40.654    33.5869    26.2104 0.0000e+00
