data/oxygen options/ONMS/Olympic_Coast_National_Marine_Sanctuary_Hypoxia_Survey_CTD_Data_2004_2015/raw_data/2004/CTD_TH70_061504faed.cnv
* Sea-Bird SBE19 Data File:
* FileName = C:\WINDOWS\Desktop\put hypoxia files here\CTD files\CA\TH70m061504.hex
* Software Version 1.1.4
* Temperature SN = 2997
* Conductivity SN = 2997
* System UpLoad Time = Jun 15 2004 15:25:53
** Teahwhit Head hypoxia TH70 70m June 15, 2004
* SEACAT PROFILER V3.1c SN 2997   06/15/04  15:24:07.252
# nquan = 9                                 
# nvalues = 1039                        
# units = specified
# name 0 = timeJ: Julian Days
# name 1 = prSM: Pressure, Strain Gauge [db]
# name 2 = c0mS/cm: Conductivity [mS/cm]
# name 3 = t090C: Temperature [ITS-90, deg C]
# name 4 = oxML/L: Oxygen, Beckman/YSI [ml/l]
# name 5 = depSM: Depth [salt water, m], lat = 47.5
# name 6 = sal00: Salinity, Practical [PSU]
# name 7 = sigma-é00: Density [sigma-theta, kg/m^3]
# name 8 = flag: flag
# span 0 = 167.565197, 167.571204       
# span 1 =     -5.301,     71.455       
# span 2 =   0.484092,  37.905948       
# span 3 =     7.5311,    14.3340       
# span 4 =  -12.33482,   30.83225       
# span 5 =     -5.257,     70.846       
# span 6 =     0.3099,    33.4899       
# span 7 =    -0.3360,    26.1565       
# span 8 = 0.0000e+00, 0.0000e+00       
# interval = seconds: 0.5
# start_time = Jun 15 2004 13:33:53 [Instrument's time stamp, header]
# bad_flag = -9.990e-29
*END*
[from data line 161]
 167.566128     -0.892  37.892701    14.3215    6.15865     -0.885    30.9977    23.0305 -9.990e-29
 167.566134     -0.877  37.890022    14.3071    6.16553     -0.870    31.0068    23.0405 -9.990e-29
 167.566140     -0.863  37.880658    14.3002    6.16086     -0.856    31.0038    23.0396 -9.990e-29
 167.566146     -0.850  37.877379    14.3035    6.16908     -0.843    30.9981    23.0346 -9.990e-29
 167.566152     -0.836  37.880872    14.3066    6.17362     -0.829    30.9988    23.0345 -9.990e-29
 167.566157     -0.821  37.881779    14.3096    6.16601     -0.814    30.9972    23.0326 -9.990e-29
 167.566163     -0.803  37.882444    14.3154    6.15135     -0.796    30.9932    23.0283 -9.990e-29
 167.566169     -0.787  37.886570    14.3204    6.14310     -0.780    30.9929    23.0271 -9.990e-29
 167.566175     -0.774  37.890692    14.3222    6.14586     -0.768    30.9952    23.0285 -9.990e-29
 167.566181     -0.761  37.892466    14.3194    6.14662     -0.755    30.9991    23.0320 -9.990e-29
 167.566186     -0.741  37.891466    14.3116    6.15298     -0.735    31.0044    23.0378 -9.990e-29
 167.566192     -0.719  37.886930    14.3060    6.15096     -0.713    31.0048    23.0392 -9.990e-29
 167.566198     -0.700  37.882920    14.3067    6.15056     -0.694    31.0006    23.0358 -9.990e-29
 167.566204     -0.689  37.881952    14.3062    6.14616     -0.683    31.0001    23.0355 -9.990e-29
 167.566209     -0.684  37.879941    14.3011    6.15699     -0.678    31.0023    23.0383 -9.990e-29
 167.566215     -0.680  37.876461    14.2957    6.15625     -0.674    31.0035    23.0403 -9.990e-29
 167.566221     -0.670  37.874179    14.2926    6.15358     -0.664    31.0039    23.0413 -9.990e-29
 167.566227     -0.652  37.873989    14.2924    6.14292     -0.647    31.0039    23.0413 -9.990e-29
 167.566233     -0.635  37.875648    14.2935    6.13613     -0.630    31.0045    23.0416 -9.990e-29
 167.566238     -0.620  37.876891    14.2919    6.15142     -0.615    31.0069    23.0437 -9.990e-29
 167.566244     -0.607  37.875460    14.2888    6.16789     -0.602    31.0081    23.0453 -9.990e-29
 167.566250     -0.595  37.873384    14.2889    6.16539     -0.590    31.0061    23.0437 -9.990e-29
 167.566256     -0.583  37.873516    14.2919    6.16543     -0.578    31.0038    23.0414 -9.990e-29
 167.566262     -0.572  37.874922    14.2960    6.15269     -0.567    31.0018    23.0390 -9.990e-29
 167.566267     -0.559  37.877243    14.3018    6.14718     -0.554    30.9993    23.0358 -9.990e-29
 167.566273     -0.544  37.881344    14.3072    6.14622     -0.539    30.9987    23.0342 -9.990e-29
 167.566279     -0.527  37.884851    14.3097    6.15633     -0.523    30.9999    23.0346 -9.990e-29
 167.566285     -0.506  37.885721    14.3101    6.15908     -0.502    31.0003    23.0349 -9.990e-29
 167.566291     -0.484  37.885688    14.3098    6.15771     -0.480    31.0005    23.0351 -9.990e-29
 167.566296     -0.468  37.885841    14.3092    6.15237     -0.464    31.0011    23.0357 -9.990e-29
 167.566302     -0.457  37.885834    14.3091    6.15059     -0.453    31.0012    23.0358 -9.990e-29
 167.566308     -0.446  37.886228    14.3100    6.14773     -0.442    31.0008    23.0353 -9.990e-29
 167.566314     -0.435  37.887001    14.3104    6.12852     -0.431    31.0012    23.0355 -9.990e-29
 167.566319     -0.423  37.886389    14.3098    6.13185     -0.419    31.0011    23.0356 -9.990e-29
 167.566325     -0.413  37.885270    14.3072    6.13951     -0.410    31.0022    23.0370 -9.990e-29
 167.566331     -0.409  37.883847    14.3005    6.15287     -0.406    31.0063    23.0415 -9.990e-29
 167.566337     -0.407  37.879115    14.2929    6.15704     -0.404    31.0081    23.0444 -9.990e-29
 167.566343     -0.402  37.874312    14.2895    6.15864     -0.399    31.0064    23.0438 -9.990e-29
 167.566348     -0.398  37.873702    14.2907    6.16383     -0.395    31.0049    23.0424 -9.990e-29
 167.566354     -0.399  37.875920    14.2946    6.16318     -0.396    31.0038    23.0408 -9.990e-29
 167.566360     -0.400  37.878884    14.2994    6.16250     -0.397    31.0026    23.0389 -9.990e-29
 167.566366     -0.394  37.881511    14.3035    6.14433     -0.391    31.0017    23.0374 -9.990e-29
 167.566372     -0.380  37.883390    14.3054    6.13798     -0.377    31.0019    23.0371 -9.990e-29
 167.566377     -0.366  37.884234    14.3050    6.13242     -0.363    31.0030    23.0380 -9.990e-29
 167.566383     -0.355  37.884057    14.3022    6.14129     -0.352    31.0051    23.0402 -9.990e-29
 167.566389     -0.347  37.882634    14.2962    6.15863     -0.344    31.0086    23.0442 -9.990e-29
 167.566395     -0.340  37.879763    14.2875    6.17418     -0.337    31.0129    23.0493 -9.990e-29
 167.566400     -0.334  37.875556    14.2808    6.17722     -0.331    31.0145    23.0519 -9.990e-29
 167.566406     -0.330  37.871704    14.2815    6.16572     -0.327    31.0104    23.0486 -9.990e-29
 167.566412     -0.322  37.872056    14.2891    6.13977     -0.319    31.0046    23.0426 -9.990e-29
 167.566418     -0.310  37.876531    14.2976    6.13122     -0.307    31.0019    23.0387 -9.990e-29
 167.566424     -0.302  37.881011    14.3026    6.14887     -0.299    31.0020    23.0377 -9.990e-29
 167.566429     -0.297  37.883627    14.3044    6.15965     -0.295    31.0029    23.0381 -9.990e-29
 167.566435     -0.290  37.884517    14.3060    6.17094     -0.288    31.0024    23.0374 -9.990e-29
 167.566441     -0.282  37.884877    14.3091    6.15861     -0.280    31.0003    23.0351 -9.990e-29
 167.566447     -0.276  37.886322    14.3132    6.13750     -0.274    30.9983    23.0327 -9.990e-29
 167.566453     -0.275  37.889107    14.3166    6.13997     -0.273    30.9981    23.0319 -9.990e-29
 167.566458     -0.277  37.891910    14.3172    6.14956     -0.275    31.0002    23.0333 -9.990e-29
 167.566464     -0.275  37.892310    14.3144    6.14979     -0.273    31.0028    23.0359 -9.990e-29
 167.566470     -0.271  37.890290    14.3116    6.16383     -0.269    31.0032    23.0368 -9.990e-29
 167.566476     -0.264  37.888780    14.3114    6.14949     -0.262    31.0020    23.0359 -9.990e-29
 167.566481     -0.253  37.889142    14.3110    6.14531     -0.251    31.0026    23.0365 -9.990e-29
 167.566487     -0.239  37.889065    14.3089    6.15486     -0.237    31.0042    23.0382 -9.990e-29
 167.566493     -0.224  37.887896    14.3083    6.15841     -0.222    31.0036    23.0378 -9.990e-29
 167.566499     -0.211  37.888015    14.3092    6.16770     -0.209    31.0030    23.0372 -9.990e-29
 167.566505     -0.200  37.889032    14.3086    6.17332     -0.198    31.0044    23.0384 -9.990e-29
 167.566510     -0.194  37.888947    14.3075    6.15289     -0.192    31.0052    23.0392 -9.990e-29
 167.566516     -0.193  37.887657    14.3085    6.12747     -0.191    31.0032    23.0375 -9.990e-29
 167.566522     -0.189  37.887381    14.3114    6.12495     -0.187    31.0007    23.0349 -9.990e-29
 167.566528     -0.177  37.889447    14.3127    6.15057     -0.176    31.0015    23.0353 -9.990e-29
 167.566534     -0.159  37.891572    14.3070    6.16323     -0.158    31.0080    23.0415 -9.990e-29
 167.566539     -0.145  37.890430    14.2927    6.15721     -0.144    31.0184    23.0525 -9.990e-29
 167.566545     -0.137  37.883390    14.2801    6.14995     -0.136    31.0221    23.0579 -9.990e-29
 167.566551     -0.134  37.875660    14.2783    6.15417     -0.133    31.0165    23.0540 -9.990e-29
 167.566557     -0.133  37.873771    14.2823    6.17032     -0.132    31.0116    23.0493 -9.990e-29
 167.566563     -0.124  37.874652    14.2875    6.18210     -0.123    31.0082    23.0457 -9.990e-29
 167.566568     -0.107  37.876686    14.2933    6.17623     -0.106    31.0054    23.0423 -9.990e-29
 167.566574     -0.089  37.879792    14.2982    6.16232     -0.088    31.0043    23.0404 -9.990e-29
 167.566580     -0.074  37.882512    14.3022    6.13925     -0.073    31.0036    23.0391 -9.990e-29
 167.566586     -0.061  37.884559    14.3057    6.13708     -0.060    31.0026    23.0376 -9.990e-29
 167.566591     -0.048  37.885870    14.3095    6.15208     -0.048    31.0008    23.0354 -9.990e-29
 167.566597     -0.036  37.887644    14.3130    6.15535     -0.036    30.9996    23.0338 -9.990e-29
 167.566603     -0.023  37.890015    14.3148    6.16115     -0.023    31.0003    23.0339 -9.990e-29
 167.566609     -0.008  37.891667    14.3152    6.16153     -0.008    31.0015    23.0348 -9.990e-29
 167.566615      0.005  37.892198    14.3156    6.15306      0.005    31.0016    23.0348 -9.990e-29
 167.566620      0.009  37.892322    14.3171    6.15440      0.009    31.0005    23.0336 -9.990e-29
 167.566626      0.003  37.892963    14.3198    6.14707      0.003    30.9989    23.0319 -9.990e-29
 167.566632     -0.004  37.894427    14.3223    6.14877     -0.004    30.9983    23.0308 -9.990e-29
 167.566638     -0.008  37.896061    14.3239    6.16542     -0.008    30.9985    23.0307 -9.990e-29
 167.566644     -0.009  37.897248    14.3250    6.16353     -0.009    30.9987    23.0306 -9.990e-29
 167.566649     -0.008  37.897898    14.3256    6.15712     -0.008    30.9988    23.0306 -9.990e-29
 167.566655     -0.004  37.898329    14.3258    6.13963     -0.004    30.9990    23.0307 -9.990e-29
 167.566661     -0.002  37.898563    14.3253    6.13116     -0.002    30.9996    23.0313 -9.990e-29
 167.566667     -0.006  37.898362    14.3243    6.15354     -0.006    31.0003    23.0320 -9.990e-29
 167.566672     -0.011  37.897465    14.3234    6.16262     -0.011    31.0002    23.0321 -9.990e-29
 167.566678     -0.009  37.896371    14.3234    6.16772     -0.009    30.9992    23.0313 -9.990e-29
 167.566684     -0.001  37.896434    14.3235    6.14565     -0.001    30.9991    23.0313 -9.990e-29
 167.566690      0.007  37.897187    14.3232    6.13338      0.007    31.0001    23.0320 -9.990e-29
 167.566696      0.013  37.897401    14.3229    6.14465      0.013    31.0005    23.0324 -9.990e-29
 167.566701      0.023  37.897371    14.3231    6.15901      0.023    31.0003    23.0322 -9.990e-29
 167.566707      0.038  37.897628    14.3236    6.17424      0.038    31.0001    23.0320 -9.990e-29
 167.566713      0.054  37.897963    14.3246    6.16543      0.054    30.9996    23.0314 -9.990e-29
 167.566719      0.064  37.898271    14.3260    6.14737      0.063    30.9988    23.0305 -9.990e-29
 167.566725      0.063  37.898971    14.3274    6.13425      0.062    30.9983    23.0298 -9.990e-29
 167.566730      0.057  37.900446    14.3284    6.14574      0.057    30.9988    23.0300 -9.990e-29
 167.566736      0.054  37.901867    14.3280    6.16633      0.054    31.0005    23.0313 -9.990e-29
 167.566742      0.052  37.901774    14.3266    6.17408      0.052    31.0015    23.0324 -9.990e-29
 167.566748      0.049  37.900613    14.3256    6.15429      0.049    31.0012    23.0324 -9.990e-29
 167.566753      0.047  37.899651    14.3256    6.13145      0.047    31.0004    23.0318 -9.990e-29
 167.566759      0.051  37.899298    14.3260    6.12507      0.051    30.9997    23.0312 -9.990e-29
 167.566765      0.062  37.899654    14.3249    6.14956      0.061    31.0009    23.0323 -9.990e-29
 167.566771      0.080  37.899520    14.3210    6.17574      0.079    31.0039    23.0355 -9.990e-29
 167.566777      0.101  37.897047    14.3158    6.17894      0.100    31.0058    23.0380 -9.990e-29
 167.566782      0.120  37.893432    14.3121    6.15585      0.119    31.0055    23.0385 -9.990e-29
 167.566788      0.131  37.891158    14.3113    6.14010      0.130    31.0041    23.0376 -9.990e-29
 167.566794      0.142  37.890005    14.3131    6.14268      0.141    31.0016    23.0353 -9.990e-29
 167.566800      0.156  37.890129    14.3145    6.15099      0.155    31.0006    23.0342 -9.990e-29
 167.566806      0.170  37.891703    14.3108    6.15356      0.169    31.0049    23.0384 -9.990e-29
 167.566811      0.181  37.891228    14.3022    6.15532      0.179    31.0114    23.0451 -9.990e-29
 167.566817      0.189  37.886957    14.2951    6.14723      0.187    31.0132    23.0480 -9.990e-29
 167.566823      0.195  37.882741    14.2907    6.15392      0.193    31.0129    23.0486 -9.990e-29
 167.566829      0.200  37.880260    14.2862    6.16428      0.198    31.0142    23.0506 -9.990e-29
 167.566834      0.203  37.877336    14.2831    6.16406      0.201    31.0141    23.0511 -9.990e-29
 167.566840      0.205  37.874566    14.2835    6.16967      0.203    31.0112    23.0488 -9.990e-29
 167.566846      0.206  37.873878    14.2857    6.16807      0.204    31.0088    23.0465 -9.990e-29
 167.566852      0.206  37.874923    14.2870    6.16444      0.204    31.0087    23.0462 -9.990e-29
 167.566858      0.205  37.875741    14.2884    6.16255      0.203    31.0084    23.0456 -9.990e-29
 167.566863      0.203  37.876309    14.2919    6.16052      0.201    31.0061    23.0431 -9.990e-29
 167.566869      0.204  37.878517    14.2952    6.15505      0.202    31.0054    23.0419 -9.990e-29
 167.566875      0.213  37.880830    14.2961    6.16099      0.211    31.0068    23.0428 -9.990e-29
 167.566881      0.225  37.881296    14.2963    6.16143      0.223    31.0071    23.0430 -9.990e-29
 167.566887      0.238  37.881668    14.2975    6.17255      0.236    31.0064    23.0423 -9.990e-29
 167.566892      0.251  37.883010    14.2997    6.18303      0.249    31.0059    23.0414 -9.990e-29
 167.566898      0.267  37.885441    14.3033    6.16917      0.265    31.0052    23.0401 -9.990e-29
 167.566904      0.286  37.888284    14.3078    6.15881      0.284    31.0042    23.0384 -9.990e-29
 167.566910      0.304  37.889729    14.3115    6.15183      0.301    31.0025    23.0364 -9.990e-29
 167.566916      0.315  37.890593    14.3131    6.15650      0.312    31.0020    23.0356 -9.990e-29
 167.566921      0.319  37.891475    14.3122    6.17315      0.316    31.0036    23.0370 -9.990e-29
 167.566927      0.320  37.890758    14.3106    6.18136      0.317    31.0042    23.0378 -9.990e-29
 167.566933      0.315  37.889179    14.3118    6.17530      0.312    31.0018    23.0357 -9.990e-29
 167.566939      0.303  37.889689    14.3149    6.15217      0.300    30.9998    23.0335 -9.990e-29
 167.566944      0.292  37.891856    14.3166    6.14067      0.290    31.0004    23.0337 -9.990e-29
 167.566950      0.286  37.892970    14.3164    6.14659      0.284    31.0016    23.0346 -9.990e-29
 167.566956      0.284  37.892845    14.3139    6.16594      0.282    31.0035    23.0366 -9.990e-29
 167.566962      0.285  37.891325    14.3060    6.17201      0.283    31.0084    23.0420 -9.990e-29
 167.566968      0.291  37.886391    14.2961    6.17545      0.289    31.0119    23.0467 -9.990e-29
 167.566973      0.297  37.880452    14.2954    6.17613      0.295    31.0070    23.0431 -9.990e-29
 167.566979      0.299  37.880743    14.3045    6.16715      0.297    31.0000    23.0358 -9.990e-29
 167.566985      0.302  37.887095    14.3138    6.16712      0.299    30.9983    23.0326 -9.990e-29
 167.566991      0.309  37.892843    14.3196    6.16354      0.306    30.9989    23.0319 -9.990e-29
 167.566997      0.323  37.896127    14.3234    6.16857      0.320    30.9988    23.0310 -9.990e-29
 167.567002      0.343  37.898532    14.3259    6.16575      0.340    30.9990    23.0307 -9.990e-29
 167.567008      0.366  37.900469    14.3271    6.15243      0.363    30.9998    23.0310 -9.990e-29
 167.567014      0.386  37.901726    14.3276    6.14863      0.383    31.0005    23.0315 -9.990e-29
 167.567020      0.400  37.902306    14.3279    6.14594      0.397    31.0008    23.0317 -9.990e-29
 167.567025      0.407  37.902432    14.3281    6.15952      0.404    31.0008    23.0316 -9.990e-29
 167.567031      0.409  37.902281    14.3280    6.16678      0.406    31.0007    23.0315 -9.990e-29
 167.567037      0.406  37.901661    14.3274    6.17149      0.403    31.0006    23.0316 -9.990e-29
 167.567043      0.402  37.900316    14.3263    6.16034      0.399    31.0003    23.0316 -9.990e-29
