data/oxygen options/ONMS/Olympic_Coast_National_Marine_Sanctuary_Hypoxia_Survey_CTD_Data_2004_2015/raw_data/2004/CTD_CE40_072604faed.cnv
* Sea-Bird SBE19 Data File:
* FileName = C:\WINDOWS\Desktop\put hypoxia files here\CTD files\july 24_25-04\CE\CE4.hex
* Software Version 1.1.4
* Temperature SN = 2997
* Conductivity SN = 2997
* System UpLoad Time = Jul 26 2004 14:31:08
* SEACAT PROFILER V3.1c SN 2997   07/26/04  14:31:25.858
* strain gauge pressure sensor: S/N = 184829,  range = 3000 psia,  tc = 40
# nquan = 9                                 
# nvalues = 669                         
# units = specified
# name 0 = timeJ: Julian Days
# name 1 = prSM: Pressure, Strain Gauge [db]
# name 2 = c0mS/cm: Conductivity [mS/cm]
# name 3 = t090C: Temperature [ITS-90, deg C]
# name 4 = oxML/L: Oxygen, Beckman/YSI [ml/l]
# name 5 = depSM: Depth [salt water, m], lat = 47.5
# name 6 = sal00: Salinity, Practical [PSU]
# name 7 = sigma-é00: Density [sigma-theta, kg/m^3]
# name 8 = flag: flag
# span 0 = 208.520012, 208.523877       
# span 1 =     -5.920,     39.121       
# span 2 =   0.416219,  40.601691       
# span 3 =     7.5399,    16.0457       
# span 4 =   -0.05174,   28.43246       
# span 5 =     -5.871,     38.791       
# span 6 =     0.2443,    33.5624       
# span 7 =    -0.8705,    26.2112       
# span 8 = 0.0000e+00, 0.0000e+00       
# interval = seconds: 0.5
# start_time = Jul 26 2004 12:28:49 [Instrument's time stamp, header]
# bad_flag = -9.990e-29
*END*
[from data line 481]
 208.522795      3.380  38.488069    12.8994    5.54726      3.352    32.7335    24.6573 0.0000e+00
 208.522801      3.791  38.205591    12.6827    5.37095      3.759    32.6528    24.6370 0.0000e+00
 208.522807      4.222  38.101312    12.6097    5.23967      4.187    32.6165    24.6230 0.0000e+00
 208.522812      4.668  38.079302    12.5800    5.18782      4.629    32.6211    24.6322 0.0000e+00
 208.522818      5.123  37.999827    12.4884    5.15127      5.080    32.6245    24.6524 0.0000e+00
 208.522824      5.576  37.850870    12.2968    5.13337      5.529    32.6483    24.7074 0.0000e+00
 208.522830      6.019  37.687327    12.0762    5.08236      5.969    32.6833    24.7762 0.0000e+00
 208.522836      6.453  37.530865    11.9080    4.99055      6.399    32.6792    24.8044 0.0000e+00
 208.522841      6.884  37.402042    11.8481    4.89217      6.826    32.6067    24.7592 0.0000e+00
 208.522847      7.311  37.356156    11.8751    4.82705      7.250    32.5384    24.7011 0.0000e+00
 208.522853      7.730  37.386923    11.8777    4.77582      7.665    32.5657    24.7219 0.0000e+00
 208.522859      8.142  37.387829    11.7818    4.77714      8.074    32.6505    24.8055 0.0000e+00
 208.522865      8.548  37.296698    11.5956    4.80183      8.476    32.7256    24.8980 0.0000e+00
 208.522870      8.952  37.133329    11.3848    4.79492      8.877    32.7521    24.9569 0.0000e+00
 208.522876      9.363  36.961938    11.2190    4.77430      9.285    32.7306    24.9700 0.0000e+00
 208.522882      9.785  36.846114    11.1267    4.73014      9.703    32.6982    24.9613 0.0000e+00
 208.522888     10.219  36.807439    11.0794    4.66169     10.133    32.7019    24.9726 0.0000e+00
 208.522894     10.667  36.815596    11.0190    4.57824     10.578    32.7636    25.0313 0.0000e+00
 208.522899     11.128  36.807958    10.9137    4.44334     11.035    32.8500    25.1171 0.0000e+00
 208.522905     11.597  36.749638    10.7534    4.29178     11.500    32.9358    25.2120 0.0000e+00
 208.522911     12.074  36.639664    10.5203    4.13096     11.973    33.0364    25.3308 0.0000e+00
 208.522917     12.563  36.470428    10.2083    3.96304     12.458    33.1499    25.4727 0.0000e+00
 208.522922     13.065  36.234361     9.8540    3.81579     12.956    33.2354    25.5988 0.0000e+00
 208.522928     13.578  35.960364     9.5060    3.67356     13.464    33.2765    25.6881 0.0000e+00
 208.522934     14.105  35.690656     9.1858    3.54748     13.987    33.2959    25.7547 0.0000e+00
 208.522940     14.649  35.447356     8.8951    3.43261     14.526    33.3146    25.8152 0.0000e+00
 208.522946     15.206  35.236195     8.6492    3.33719     15.079    33.3245    25.8610 0.0000e+00
 208.522951     15.768  35.063145     8.4674    3.26188     15.636    33.3136    25.8801 0.0000e+00
 208.522957     16.330  34.936213     8.3294    3.20412     16.193    33.3097    25.8979 0.0000e+00
 208.522963     16.887  34.838004     8.2096    3.15808     16.745    33.3189    25.9230 0.0000e+00
 208.522969     17.441  34.750754     8.1155    3.11870     17.295    33.3152    25.9341 0.0000e+00
 208.522975     17.993  34.684772     8.0541    3.11062     17.842    33.3030    25.9335 0.0000e+00
 208.522980     18.543  34.645086     8.0137    3.08673     18.387    33.2989    25.9362 0.0000e+00
 208.522986     19.092  34.619657     7.9773    3.05632     18.932    33.3061    25.9472 0.0000e+00
 208.522992     19.646  34.596963     7.9350    3.03321     19.481    33.3219    25.9658 0.0000e+00
 208.522998     20.209  34.573620     7.8878    2.99085     20.039    33.3417    25.9882 0.0000e+00
 208.523003     20.779  34.552103     7.8432    2.94720     20.605    33.3610    26.0099 0.0000e+00
 208.523009     21.354  34.540123     7.8057    2.89359     21.175    33.3838    26.0332 0.0000e+00
 208.523015     21.935  34.543530     7.7688    2.81282     21.751    33.4225    26.0689 0.0000e+00
 208.523021     22.521  34.551697     7.7234    2.75557     22.332    33.4746    26.1164 0.0000e+00
 208.523027     23.106  34.546891     7.6721    2.67780     22.912    33.5185    26.1583 0.0000e+00
 208.523032     23.689  34.528276     7.6279    2.61440     23.490    33.5408    26.1821 0.0000e+00
 208.523038     24.277  34.509113     7.6001    2.55639     24.073    33.5467    26.1907 0.0000e+00
 208.523044     24.878  34.498006     7.5864    2.50056     24.669    33.5476    26.1934 0.0000e+00
 208.523050     25.487  34.494122     7.5795    2.45318     25.273    33.5498    26.1961 0.0000e+00
 208.523056     26.095  34.493370     7.5738    2.41405     25.876    33.5542    26.2004 0.0000e+00
 208.523061     26.703  34.492474     7.5680    2.36867     26.478    33.5585    26.2047 0.0000e+00
 208.523067     27.314  34.490210     7.5635    2.31750     27.084    33.5601    26.2066 0.0000e+00
 208.523073     27.930  34.487453     7.5609    2.28768     27.695    33.5594    26.2064 0.0000e+00
 208.523079     28.546  34.485542     7.5589    2.26627     28.306    33.5590    26.2063 0.0000e+00
 208.523084     29.163  34.484142     7.5556    2.24951     28.918    33.5603    26.2079 0.0000e+00
 208.523090     29.782  34.481917     7.5514    2.23514     29.531    33.5617    26.2095 0.0000e+00
 208.523096     30.395  34.479234     7.5479    2.21783     30.139    33.5619    26.2102 0.0000e+00
 208.523102     30.994  34.477530     7.5457    2.19853     30.733    33.5619    26.2105 0.0000e+00
 208.523108     31.578  34.476745     7.5440    2.18586     31.312    33.5624    26.2112 0.0000e+00
 208.523113     32.150  34.475244     7.5424    2.16902     31.879    33.5620    26.2111 0.0000e+00
 208.523119     32.712  34.472677     7.5411    2.15678     32.436    33.5603    26.2099 0.0000e+00
 208.523125     33.262  34.470637     7.5404    2.13625     32.982    33.5585    26.2086 0.0000e+00
 208.523131     33.796  34.469738     7.5404    2.13454     33.511    33.5572    26.2077 0.0000e+00
 208.523137     34.318  34.469313     7.5405    2.11939     34.029    33.5564    26.2070 0.0000e+00
 208.523142     34.830  34.468766     7.5403    2.11651     34.536    33.5558    26.2065 0.0000e+00
 208.523148     35.332  34.467898     7.5401    2.11472     35.034    33.5548    26.2058 0.0000e+00
 208.523154     35.821  34.467207     7.5402    2.09646     35.519    33.5537    26.2049 0.0000e+00
 208.523160     36.294  34.466864     7.5403    2.09683     35.988    33.5530    26.2044 0.0000e+00
 208.523166     36.746  34.466382     7.5399    2.08569     36.436    33.5527    26.2042 0.0000e+00
 208.523171     37.167  34.466211     7.5399    2.07410     36.853    33.5523    26.2039 0.0000e+00
 208.523177     37.543  34.467214     7.5415    2.07204     37.226    33.5516    26.2032 0.0000e+00
 208.523183     37.861  34.469018     7.5451    2.06527     37.542    33.5500    26.2013 0.0000e+00
 208.523189     38.122  34.470636     7.5486    2.06261     37.800    33.5482    26.1994 0.0000e+00
 208.523194     38.328  34.471395     7.5499    2.05781     38.005    33.5477    26.1988 0.0000e+00
 208.523200     38.489  34.470598     7.5493    2.04913     38.164    33.5473    26.1987 0.0000e+00
 208.523206     38.615  34.469401     7.5488    2.04873     38.289    33.5464    26.1980 -9.990e-29
 208.523212     38.714  34.468982     7.5486    2.05061     38.387    33.5461    26.1978 -9.990e-29
 208.523218     38.796  34.468197     7.5474    2.05283     38.469    33.5464    26.1982 -9.990e-29
 208.523223     38.875  34.466533     7.5443    2.05151     38.547    33.5476    26.1996 -9.990e-29
 208.523229     38.956  34.463987     7.5412    2.04749     38.627    33.5478    26.2002 -9.990e-29
 208.523235     39.032  34.461623     7.5404    2.04357     38.703    33.5459    26.1989 -9.990e-29
 208.523241     39.090  34.460745     7.5413    2.03907     38.760    33.5441    26.1973 -9.990e-29
 208.523247     39.121  34.460715     7.5418    2.02627     38.791    33.5436    26.1968 -9.990e-29
 208.523252     39.118  34.460345     7.5412    2.01985     38.788    33.5438    26.1970 -9.990e-29
 208.523258     39.077  34.459114     7.5403    2.01580     38.747    33.5433    26.1968 -9.990e-29
 208.523264     39.001  34.457596     7.5402    2.01361     38.672    33.5418    26.1956 -9.990e-29
 208.523270     38.887  34.457104     7.5414    2.01343     38.559    33.5402    26.1942 -9.990e-29
 208.523275     38.729  34.458079     7.5434    2.01815     38.402    33.5394    26.1932 0.0000e+00
 208.523281     38.525  34.459551     7.5450    2.01604     38.200    33.5395    26.1931 0.0000e+00
 208.523287     38.280  34.460095     7.5453    2.01178     37.957    33.5399    26.1934 0.0000e+00
 208.523293     37.991  34.459289     7.5450    2.01400     37.670    33.5395    26.1931 0.0000e+00
 208.523299     37.656  34.458275     7.5447    2.00762     37.338    33.5388    26.1926 0.0000e+00
 208.523304     37.285  34.457357     7.5444    2.01175     36.970    33.5383    26.1923 0.0000e+00
 208.523310     36.887  34.456407     7.5444    2.00708     36.576    33.5375    26.1916 0.0000e+00
 208.523316     36.469  34.455817     7.5446    2.01609     36.161    33.5368    26.1911 0.0000e+00
 208.523322     36.028  34.455339     7.5444    2.01293     35.724    33.5367    26.1910 0.0000e+00
 208.523328     35.562  34.454309     7.5434    2.01311     35.262    33.5368    26.1912 0.0000e+00
 208.523333     35.073  34.452451     7.5426    2.00664     34.777    33.5358    26.1905 0.0000e+00
 208.523339     34.566  34.450626     7.5425    2.00346     34.275    33.5342    26.1892 0.0000e+00
 208.523345     34.054  34.449739     7.5425    1.99890     33.767    33.5335    26.1887 0.0000e+00
 208.523351     33.545  34.449704     7.5428    1.99958     33.262    33.5334    26.1886 0.0000e+00
 208.523356     33.043  34.449893     7.5437    1.99462     32.765    33.5329    26.1881 0.0000e+00
 208.523362     32.537  34.449973     7.5448    1.99496     32.263    33.5322    26.1873 0.0000e+00
 208.523368     32.019  34.449464     7.5455    1.99864     31.749    33.5312    26.1865 0.0000e+00
 208.523374     31.497  34.448225     7.5462    2.00082     31.232    33.5295    26.1850 0.0000e+00
 208.523380     30.978  34.447382     7.5469    2.00452     30.717    33.5281    26.1838 0.0000e+00
 208.523385     30.475  34.447470     7.5477    2.00424     30.218    33.5277    26.1834 0.0000e+00
 208.523391     29.992  34.448023     7.5490    2.00380     29.740    33.5273    26.1828 0.0000e+00
 208.523397     29.529  34.448632     7.5508    2.00155     29.280    33.5264    26.1819 0.0000e+00
 208.523403     29.078  34.448965     7.5526    2.00700     28.833    33.5253    26.1807 0.0000e+00
 208.523409     28.628  34.448882     7.5540    2.01603     28.387    33.5240    26.1795 0.0000e+00
 208.523414     28.167  34.448806     7.5556    2.02457     27.930    33.5226    26.1782 0.0000e+00
 208.523420     27.683  34.448610     7.5583    2.04290     27.450    33.5200    26.1758 0.0000e+00
 208.523426     27.167  34.447448     7.5634    2.06757     26.938    33.5141    26.1704 0.0000e+00
 208.523432     26.616  34.445428     7.5723    2.09341     26.392    33.5036    26.1609 0.0000e+00
 208.523438     26.033  34.443755     7.5871    2.13388     25.814    33.4878    26.1463 0.0000e+00
 208.523443     25.433  34.444662     7.6122    2.16558     25.219    33.4649    26.1247 0.0000e+00
 208.523449     24.833  34.450455     7.6513    2.21490     24.624    33.4338    26.0947 0.0000e+00
 208.523455     24.239  34.461551     7.6991    2.28072     24.035    33.4001    26.0614 0.0000e+00
 208.523461     23.650  34.470865     7.7400    2.34247     23.451    33.3712    26.0328 0.0000e+00
 208.523466     23.072  34.469494     7.7608    2.40255     22.878    33.3501    26.0132 0.0000e+00
 208.523472     22.511  34.464565     7.7638    2.44701     22.322    33.3422    26.0066 0.0000e+00
 208.523478     21.975  34.465186     7.7640    2.45499     21.790    33.3429    26.0071 0.0000e+00
 208.523484     21.464  34.467121     7.7759    2.47349     21.284    33.3338    25.9983 0.0000e+00
 208.523490     20.966  34.470121     7.8149    2.49865     20.790    33.3000    25.9661 0.0000e+00
 208.523495     20.471  34.482642     7.8829    2.53838     20.299    33.2488    25.9160 0.0000e+00
 208.523501     19.978  34.506780     7.9569    2.60200     19.810    33.2045    25.8704 0.0000e+00
 208.523507     19.486  34.535462     8.0254    2.65408     19.322    33.1703    25.8336 0.0000e+00
 208.523513     18.989  34.565258     8.0929    2.74573     18.830    33.1384    25.7986 0.0000e+00
 208.523519     18.486  34.599467     8.1737    2.84621     18.331    33.0987    25.7556 0.0000e+00
 208.523524     17.973  34.647080     8.3259    2.97378     17.822    33.0061    25.6604 0.0000e+00
 208.523530     17.446  34.747473     8.6027    3.14955     17.300    32.8536    25.4991 0.0000e+00
 208.523536     16.899  34.942385     8.9645    3.32850     16.757    32.7227    25.3410 0.0000e+00
 208.523542     16.337  35.209174     9.3350    3.50606     16.200    32.6593    25.2331 0.0000e+00
 208.523547     15.771  35.494356     9.6991    3.68518     15.639    32.6206    25.1442 0.0000e+00
 208.523553     15.208  35.780180    10.0853    3.82284     15.081    32.5623    25.0351 0.0000e+00
 208.523559     14.647  36.073833    10.4657    3.96407     14.524    32.5171    24.9356 0.0000e+00
 208.523565     14.090  36.345249    10.7538    4.08595     13.972    32.5316    24.8972 0.0000e+00
 208.523571     13.540  36.522926    10.9121    4.20731     13.427    32.5676    24.8976 0.0000e+00
 208.523576     13.002  36.588692    10.9724    4.33775     12.893    32.5794    24.8962 0.0000e+00
 208.523582     12.480  36.600007    10.9721    4.40281     12.375    32.5911    24.9054 0.0000e+00
 208.523588     11.969  36.596095    10.9500    4.40439     11.869    32.6071    24.9217 0.0000e+00
 208.523594     11.469  36.595300    10.9910    4.44047     11.373    32.5701    24.8857 0.0000e+00
 208.523600     10.981  36.647591    11.1853    4.53402     10.889    32.4501    24.7579 0.0000e+00
 208.523605     10.508  36.800808    11.5030    4.70153     10.420    32.3218    24.6011 0.0000e+00
 208.523611     10.051  37.029870    11.8207    5.00051      9.967    32.2683    24.5016 0.0000e+00
 208.523617      9.602  37.257195    12.0588    5.28272      9.522    32.2820    24.4681 0.0000e+00
 208.523623      9.157  37.423645    12.2407    5.51161      9.080    32.2852    24.4365 0.0000e+00
 208.523628      8.724  37.542018    12.4816    5.76098      8.651    32.1916    24.3184 0.0000e+00
 208.523634      8.305  37.725874    12.9189    5.93543      8.236    31.9941    24.0812 0.0000e+00
 208.523640      7.898  38.102585    13.5162    6.10916      7.832    31.8457    23.8488 0.0000e+00
 208.523646      7.499  38.626982    14.0103    6.31914      7.436    31.9202    23.8063 0.0000e+00
 208.523652      7.108  39.043001    14.2695    6.45012      7.049    32.0871    23.8816 0.0000e+00
 208.523657      6.736  39.238998    14.3712    6.53847      6.680    32.1819    23.9336 0.0000e+00
 208.523663      6.383  39.300800    14.4186    6.59056      6.330    32.1991    23.9370 0.0000e+00
 208.523669      6.045  39.326552    14.5485    6.58981      5.994    32.1149    23.8448 0.0000e+00
 208.523675      5.718  39.461684    14.7760    6.60288      5.670    32.0499    23.7466 0.0000e+00
 208.523681      5.401  39.692795    14.9850    6.64449      5.356    32.0869    23.7305 0.0000e+00
 208.523686      5.101  39.876938    15.1290    6.63007      5.058    32.1344    23.7361 0.0000e+00
 208.523692      4.819  39.983066    15.2244    6.57620      4.779    32.1515    23.7286 0.0000e+00
 208.523698      4.556  40.046676    15.3009    6.53494      4.518    32.1458    23.7077 0.0000e+00
 208.523704      4.306  40.107152    15.3809    6.43260      4.270    32.1345    23.6815 0.0000e+00
 208.523709      4.064  40.185098    15.4463    6.32599      4.030    32.1507    23.6797 0.0000e+00
