data/oxygen options/ONMS/Olympic_Coast_National_Marine_Sanctuary_Hypoxia_Survey_CTD_Data_2004_2015/raw_data/2004/CTD_CE60_061604faed.cnv
* Sea-Bird SBE19 Data File:
* FileName = C:\WINDOWS\Desktop\put hypoxia files here\CTD files\CE\CE60m061604.hex
* Software Version 1.1.4
* Temperature SN = 2997
* Conductivity SN = 2997
* System UpLoad Time = Jun 16 2004 11:31:57
** Cape Elizabeth hypoxia June 16, 2004 60m CE-6
**
# nquan = 9                                 
# nvalues = 734                         
# units = specified
# name 0 = timeJ: Julian Days
# name 1 = prSM: Pressure, Strain Gauge [db]
# name 2 = c0mS/cm: Conductivity [mS/cm]
# name 3 = t090C: Temperature [ITS-90, deg C]
# name 4 = oxML/L: Oxygen, Beckman/YSI [ml/l]
# name 5 = depSM: Depth [salt water, m], lat = 47.5
# name 6 = sal00: Salinity, Practical [PSU]
# name 7 = sigma-é00: Density [sigma-theta, kg/m^3]
# name 8 = flag: flag
# span 0 = 168.426273, 168.430515       
# span 1 =     -5.449,     59.947       
# span 2 =   0.330128,  37.032707       
# span 3 =     7.5299,    15.4056       
# span 4 =  -12.15269,   29.56003       
# span 5 =     -5.404,     59.438       
# span 6 =     0.1979,    33.5432       
# span 7 =    -0.7339,    26.1984       
# span 8 = 0.0000e+00, 0.0000e+00       
# interval = seconds: 0.5
# start_time = Jun 16 2004 10:13:50 [Instrument's time stamp, header]
# bad_flag = -9.990e-29
*END*
[from data line 161]
 168.427205     -0.955  36.100118    14.9390    5.71138     -0.947    28.9100    21.2951 -9.990e-29
 168.427211     -0.933  36.082685    14.9117    5.72666     -0.925    28.9146    21.3044 -9.990e-29
 168.427216     -0.904  36.061886    14.8986    5.73494     -0.896    28.9058    21.3004 -9.990e-29
 168.427222     -0.873  36.051482    14.9109    5.74295     -0.866    28.8875    21.2837 -9.990e-29
 168.427228     -0.843  36.060587    14.9330    5.74166     -0.836    28.8792    21.2727 -9.990e-29
 168.427234     -0.812  36.076669    14.9471    5.74477     -0.805    28.8831    21.2728 -9.990e-29
 168.427240     -0.782  36.086411    14.9506    5.73675     -0.775    28.8891    21.2767 -9.990e-29
 168.427245     -0.761  36.088231    14.9516    5.71572     -0.755    28.8900    21.2772 -9.990e-29
 168.427251     -0.751  36.087924    14.9561    5.70426     -0.745    28.8864    21.2735 -9.990e-29
 168.427257     -0.751  36.091254    14.9578    5.71577     -0.745    28.8881    21.2744 -9.990e-29
 168.427263     -0.756  36.093689    14.9488    5.73727     -0.750    28.8969    21.2831 -9.990e-29
 168.427269     -0.760  36.087828    14.9348    5.75432     -0.754    28.9021    21.2900 -9.990e-29
 168.427274     -0.762  36.078198    14.9309    5.75574     -0.756    28.8964    21.2864 -9.990e-29
 168.427280     -0.767  36.076632    14.9414    5.74637     -0.761    28.8872    21.2772 -9.990e-29
 168.427286     -0.769  36.084406    14.9596    5.74469     -0.763    28.8807    21.2684 -9.990e-29
 168.427292     -0.767  36.096748    14.9778    5.74173     -0.761    28.8782    21.2627 -9.990e-29
 168.427297     -0.758  36.110491    14.9883    5.72767     -0.752    28.8827    21.2639 -9.990e-29
 168.427303     -0.744  36.119855    14.9888    5.71509     -0.738    28.8906    21.2699 -9.990e-29
 168.427309     -0.726  36.119387    14.9838    5.71680     -0.720    28.8939    21.2735 -9.990e-29
 168.427315     -0.713  36.110712    14.9778    5.74760     -0.707    28.8906    21.2722 -9.990e-29
 168.427321     -0.704  36.101330    14.9728    5.75362     -0.698    28.8860    21.2697 -9.990e-29
 168.427326     -0.693  36.097240    14.9728    5.75575     -0.687    28.8823    21.2669 -9.990e-29
 168.427332     -0.681  36.101964    14.9842    5.74850     -0.675    28.8781    21.2612 -9.990e-29
 168.427338     -0.670  36.119558    15.0023    5.74188     -0.664    28.8804    21.2592 -9.990e-29
 168.427344     -0.665  36.138716    15.0152    5.75390     -0.659    28.8878    21.2623 -9.990e-29
 168.427350     -0.660  36.141809    15.0285    5.76553     -0.654    28.8808    21.2540 -9.990e-29
 168.427355     -0.651  36.141940    15.0485    5.77374     -0.646    28.8661    21.2386 -9.990e-29
 168.427361     -0.638  36.154992    15.0639    5.77110     -0.633    28.8663    21.2356 -9.990e-29
 168.427367     -0.623  36.167527    15.0752    5.76759     -0.618    28.8691    21.2353 -9.990e-29
 168.427373     -0.611  36.173836    15.0941    5.75586     -0.606    28.8608    21.2250 -9.990e-29
 168.427378     -0.601  36.187944    15.1152    5.76375     -0.596    28.8577    21.2182 -9.990e-29
 168.427384     -0.591  36.204553    15.1278    5.77055     -0.586    28.8631    21.2197 -9.990e-29
 168.427390     -0.581  36.211049    15.1322    5.77079     -0.576    28.8657    21.2207 -9.990e-29
 168.427396     -0.571  36.213297    15.1330    5.76384     -0.566    28.8671    21.2216 -9.990e-29
 168.427402     -0.560  36.217103    15.1387    5.75197     -0.555    28.8662    21.2198 -9.990e-29
 168.427407     -0.547  36.225303    15.1518    5.76142     -0.542    28.8638    21.2152 -9.990e-29
 168.427413     -0.532  36.237617    15.1617    5.76307     -0.528    28.8674    21.2159 -9.990e-29
 168.427419     -0.517  36.242988    15.1641    5.76444     -0.513    28.8704    21.2177 -9.990e-29
 168.427425     -0.506  36.241293    15.1617    5.77173     -0.502    28.8707    21.2184 -9.990e-29
 168.427431     -0.498  36.238130    15.1620    5.77016     -0.494    28.8676    21.2160 -9.990e-29
 168.427436     -0.494  36.235451    15.1769    5.75488     -0.490    28.8543    21.2026 -9.990e-29
 168.427442     -0.488  36.247071    15.1990    5.73428     -0.484    28.8483    21.1934 -9.990e-29
 168.427448     -0.475  36.269419    15.2067    5.75114     -0.471    28.8624    21.2026 -9.990e-29
 168.427454     -0.459  36.280709    15.1885    5.77268     -0.455    28.8858    21.2244 -9.990e-29
 168.427459     -0.448  36.270769    15.1581    5.79484     -0.444    28.8994    21.2412 -9.990e-29
 168.427465     -0.441  36.245415    15.1528    5.79406     -0.437    28.8808    21.2281 -9.990e-29
 168.427471     -0.434  36.236452    15.1851    5.76681     -0.430    28.8492    21.1969 -9.990e-29
 168.427477     -0.429  36.261644    15.2247    5.75052     -0.425    28.8423    21.1833 -9.990e-29
 168.427483     -0.432  36.292895    15.2441    5.74532     -0.428    28.8556    21.1895 -9.990e-29
 168.427488     -0.437  36.305152    15.2382    5.76678     -0.433    28.8708    21.2024 -9.990e-29
 168.427494     -0.433  36.296827    15.2165    5.78213     -0.429    28.8794    21.2136 -9.990e-29
 168.427500     -0.415  36.277578    15.2006    5.76611     -0.412    28.8741    21.2128 -9.990e-29
 168.427506     -0.394  36.265482    15.2018    5.75079     -0.391    28.8625    21.2037 -9.990e-29
 168.427512     -0.378  36.269641    15.2097    5.75177     -0.375    28.8604    21.2004 -9.990e-29
 168.427517     -0.366  36.280457    15.2144    5.76693     -0.363    28.8665    21.2041 -9.990e-29
 168.427523     -0.357  36.285439    15.2159    5.77555     -0.354    28.8698    21.2063 -9.990e-29
 168.427529     -0.351  36.284507    15.2181    5.76221     -0.348    28.8673    21.2040 -9.990e-29
 168.427535     -0.346  36.285393    15.2218    5.74555     -0.343    28.8654    21.2017 -9.990e-29
 168.427541     -0.344  36.288722    15.2232    5.74924     -0.341    28.8673    21.2029 -9.990e-29
 168.427546     -0.339  36.289965    15.2225    5.76022     -0.336    28.8689    21.2042 -9.990e-29
 168.427552     -0.326  36.290221    15.2237    5.77705     -0.323    28.8682    21.2035 -9.990e-29
 168.427558     -0.310  36.291520    15.2265    5.77265     -0.307    28.8673    21.2022 -9.990e-29
 168.427564     -0.298  36.292230    15.2294    5.75965     -0.296    28.8658    21.2004 -9.990e-29
 168.427569     -0.293  36.292740    15.2340    5.75408     -0.291    28.8629    21.1972 -9.990e-29
 168.427575     -0.290  36.297099    15.2414    5.75468     -0.288    28.8613    21.1944 -9.990e-29
 168.427581     -0.286  36.306074    15.2476    5.76710     -0.284    28.8646    21.1957 -9.990e-29
 168.427587     -0.280  36.312570    15.2493    5.78043     -0.278    28.8691    21.1988 -9.990e-29
 168.427593     -0.271  36.312355    15.2488    5.77930     -0.269    28.8693    21.1990 -9.990e-29
 168.427598     -0.260  36.309634    15.2453    5.76059     -0.258    28.8695    21.1999 -9.990e-29
 168.427604     -0.245  36.306950    15.2382    5.75948     -0.243    28.8723    21.2036 -9.990e-29
 168.427610     -0.229  36.303533    15.2319    5.76254     -0.227    28.8739    21.2061 -9.990e-29
 168.427616     -0.216  36.299876    15.2288    5.76541     -0.214    28.8730    21.2060 -9.990e-29
 168.427622     -0.201  36.296710    15.2300    5.76900     -0.199    28.8693    21.2030 -9.990e-29
 168.427627     -0.183  36.297667    15.2337    5.78183     -0.181    28.8674    21.2007 -9.990e-29
 168.427633     -0.169  36.302345    15.2306    5.78677     -0.168    28.8738    21.2063 -9.990e-29
 168.427639     -0.159  36.298477    15.2212    5.79791     -0.158    28.8773    21.2110 -9.990e-29
 168.427645     -0.147  36.287078    15.2181    5.78863     -0.146    28.8695    21.2056 -9.990e-29
 168.427650     -0.133  36.283235    15.2205    5.76316     -0.132    28.8644    21.2012 -9.990e-29
 168.427656     -0.116  36.286313    15.2147    5.74944     -0.115    28.8713    21.2078 -9.990e-29
 168.427662     -0.099  36.282472    15.1938    5.72051     -0.098    28.8833    21.2214 -9.990e-29
 168.427668     -0.085  36.266036    15.1613    5.70728     -0.084    28.8927    21.2354 -9.990e-29
 168.427674     -0.073  36.243692    15.1202    5.70199     -0.072    28.9032    21.2521 -9.990e-29
 168.427679     -0.063  36.233313    15.0722    5.75907     -0.062    28.9294    21.2823 -9.990e-29
 168.427685     -0.054  36.233394    15.0271    5.82017     -0.054    28.9628    21.3175 -9.990e-29
 168.427691     -0.045  36.214336    15.0072    5.84385     -0.045    28.9606    21.3199 -9.990e-29
 168.427697     -0.040  36.181603    15.0407    5.82738     -0.040    28.9068    21.2716 -9.990e-29
 168.427703     -0.044  36.181269    15.1170    5.77120     -0.044    28.8503    21.2121 -9.990e-29
 168.427708     -0.051  36.225751    15.1778    5.71059     -0.051    28.8449    21.1952 -9.990e-29
 168.427714     -0.058  36.266691    15.1840    5.65021     -0.058    28.8766    21.2182 -9.990e-29
 168.427720     -0.067  36.265615    15.1383    5.63708     -0.066    28.9093    21.2530 -9.990e-29
 168.427726     -0.072  36.225036    15.0555    5.70104     -0.071    28.9344    21.2897 -9.990e-29
 168.427731     -0.069  36.157027    14.9625    5.77807     -0.068    28.9428    21.3156 -9.990e-29
 168.427737     -0.064  36.085307    14.9040    5.82918     -0.063    28.9224    21.3120 -9.990e-29
 168.427743     -0.061  36.042652    14.9156    5.83206     -0.060    28.8759    21.2738 -9.990e-29
 168.427749     -0.058  36.051802    14.9919    5.80709     -0.058    28.8277    21.2209 -9.990e-29
 168.427755     -0.055  36.111494    15.0846    5.76522     -0.055    28.8124    21.1898 -9.990e-29
 168.427760     -0.053  36.185254    15.1466    5.75135     -0.053    28.8321    21.1919 -9.990e-29
 168.427766     -0.051  36.233505    15.1647    5.77175     -0.051    28.8614    21.2107 -9.990e-29
 168.427772     -0.050  36.248835    15.1450    5.79810     -0.050    28.8895    21.2364 -9.990e-29
 168.427778     -0.048  36.239364    15.1169    5.81488     -0.048    28.9018    21.2517 -9.990e-29
 168.427784     -0.046  36.223319    15.1201    5.81999     -0.046    28.8852    21.2383 -9.990e-29
 168.427789     -0.045  36.224167    15.1519    5.81398     -0.045    28.8626    21.2142 -9.990e-29
 168.427795     -0.043  36.243039    15.1799    5.80671     -0.043    28.8587    21.2053 -9.990e-29
 168.427801     -0.041  36.260806    15.1834    5.78737     -0.041    28.8718    21.2147 -9.990e-29
 168.427807     -0.038  36.260800    15.1629    5.78260     -0.038    28.8869    21.2306 -9.990e-29
 168.427812     -0.034  36.242466    15.1319    5.76846     -0.034    28.8935    21.2422 -9.990e-29
 168.427818     -0.030  36.217818    15.0917    5.73163     -0.030    28.9013    21.2566 -9.990e-29
 168.427824     -0.025  36.189883    15.0473    5.70561     -0.025    28.9093    21.2721 -9.990e-29
 168.427830     -0.018  36.161232    15.0027    5.68032     -0.018    28.9168    21.2872 -9.990e-29
 168.427836     -0.009  36.132357    14.9386    5.68419     -0.009    28.9386    21.3173 -9.990e-29
 168.427841      0.002  36.085506    14.8637    5.70087      0.002    28.9524    21.3434 -9.990e-29
 168.427847      0.016  36.027748    14.8113    5.71792      0.016    28.9398    21.3446 -9.990e-29
 168.427853      0.034  35.988612    14.7880    5.74578      0.034    28.9221    21.3358 -9.990e-29
 168.427859      0.053  35.973103    14.7850    5.78568      0.053    28.9105    21.3275 -9.990e-29
 168.427865      0.070  35.971759    14.7979    5.80968      0.069    28.8998    21.3166 -9.990e-29
 168.427870      0.086  35.980548    14.8242    5.81982      0.085    28.8881    21.3022 -9.990e-29
 168.427876      0.098  35.998301    14.8684    5.82889      0.097    28.8712    21.2800 -9.990e-29
 168.427882      0.102  36.027390    14.9334    5.80924      0.101    28.8491    21.2495 -9.990e-29
 168.427888      0.102  36.072404    15.0003    5.77551      0.101    28.8397    21.2284 -9.990e-29
 168.427894      0.104  36.120481    15.0441    5.78076      0.103    28.8501    21.2272 -9.990e-29
 168.427899      0.107  36.151072    15.0523    5.80578      0.106    28.8712    21.2417 -9.990e-29
 168.427905      0.115  36.161810    15.0248    5.85389      0.114    28.9010    21.2704 -9.990e-29
 168.427911      0.130  36.146839    15.0033    5.87310      0.129    28.9036    21.2769 -9.990e-29
 168.427917      0.143  36.125461    15.0398    5.84009      0.142    28.8577    21.2339 -9.990e-29
 168.427922      0.151  36.151599    15.1102    5.79122      0.150    28.8290    21.1972 -9.990e-29
 168.427928      0.155  36.209074    15.1522    5.76735      0.154    28.8489    21.2037 -9.990e-29
 168.427934      0.154  36.238273    15.1408    5.75923      0.153    28.8832    21.2324 -9.990e-29
 168.427940      0.149  36.223759    15.0921    5.77158      0.148    28.9062    21.2603 -9.990e-29
 168.427946      0.144  36.181527    15.0433    5.79798      0.143    28.9048    21.2694 -9.990e-29
 168.427951      0.147  36.143310    15.0139    5.81015      0.146    28.8926    21.2662 -9.990e-29
 168.427957      0.158  36.123197    14.9988    5.81001      0.157    28.8859    21.2642 -9.990e-29
 168.427963      0.169  36.112313    14.9960    5.77908      0.168    28.8783    21.2589 -9.990e-29
 168.427969      0.176  36.108487    15.0060    5.74286      0.175    28.8675    21.2486 -9.990e-29
 168.427975      0.181  36.114475    15.0130    5.71139      0.179    28.8677    21.2472 -9.990e-29
 168.427980      0.188  36.123127    14.9884    5.72564      0.186    28.8935    21.2722 -9.990e-29
 168.427986      0.201  36.108980    14.9358    5.77246      0.199    28.9198    21.3034 -9.990e-29
 168.427992      0.217  36.069447    14.8924    5.81535      0.215    28.9167    21.3101 -9.990e-29
 168.427998      0.233  36.036495    14.8805    5.83274      0.231    28.8962    21.2968 -9.990e-29
 168.428003      0.245  36.025621    14.9055    5.81845      0.243    28.8681    21.2699 -9.990e-29
 168.428009      0.250  36.041952    14.9569    5.80748      0.248    28.8446    21.2412 -9.990e-29
 168.428015      0.253  36.082034    15.0006    5.80762      0.251    28.8480    21.2347 -9.990e-29
 168.428021      0.258  36.114087    15.0154    5.79963      0.256    28.8655    21.2451 -9.990e-29
 168.428027      0.266  36.120310    15.0111    5.81294      0.264    28.8742    21.2527 -9.990e-29
 168.428032      0.276  36.116307    15.0026    5.80691      0.274    28.8769    21.2565 -9.990e-29
 168.428038      0.285  36.114131    14.9986    5.79284      0.283    28.8779    21.2581 -9.990e-29
 168.428044      0.290  36.115934    15.0000    5.77720      0.288    28.8785    21.2583 -9.990e-29
 168.428050      0.295  36.121322    14.9978    5.77650      0.293    28.8849    21.2637 -9.990e-29
 168.428056      0.305  36.122346    14.9835    5.79377      0.302    28.8964    21.2755 -9.990e-29
 168.428061      0.320  36.111971    14.9558    5.79833      0.317    28.9076    21.2899 -9.990e-29
 168.428067      0.337  36.090391    14.9332    5.79130      0.334    28.9052    21.2927 -9.990e-29
 168.428073      0.348  36.070333    14.9373    5.76644      0.345    28.8843    21.2758 -9.990e-29
 168.428079      0.350  36.069912    14.9585    5.74271      0.347    28.8683    21.2591 -9.990e-29
 168.428084      0.348  36.086327    14.9710    5.73983      0.345    28.8736    21.2606 -9.990e-29
 168.428090      0.349  36.097176    14.9581    5.76495      0.346    28.8928    21.2780 -9.990e-29
 168.428096      0.355  36.087219    14.9275    5.82540      0.352    28.9065    21.2949 -9.990e-29
 168.428102      0.360  36.063942    14.9097    5.86740      0.357    28.8990    21.2928 -9.990e-29
 168.428108      0.365  36.050703    14.9270    5.88714      0.362    28.8744    21.2704 -9.990e-29
 168.428113      0.367  36.064056    14.9851    5.89786      0.364    28.8434    21.2344 -9.990e-29
 168.428119      0.365  36.107788    15.0659    5.87459      0.362    28.8227    21.2016 -9.990e-29
