data/oxygen options/ONMS/Olympic_Coast_National_Marine_Sanctuary_Hypoxia_Survey_CTD_Data_2004_2015/raw_data/2004/CTD_CE70_090704faedb.cnv
* Sea-Bird SBE19 Data File:
* FileName = C:\WINDOWS\Desktop\put hypoxia files here\CTD data\September 07_0804\CE\Raw\CE70.hex
* Software Version 1.1.4
* Temperature SN = 2997
* Conductivity SN = 2997
* System UpLoad Time = Sep 07 2004 16:03:46
* SEACAT PROFILER V3.1c SN 2997   09/07/04  16:06:20.830
* strain gauge pressure sensor: S/N = 184829,  range = 3000 psia,  tc = 40
# nquan = 9
# nvalues = 69                          
# units = specified
# name 0 = timeJ: Julian Days
# name 1 = prSM: Pressure, Strain Gauge [db]
# name 2 = c0mS/cm: Conductivity [mS/cm]
# name 3 = t090C: Temperature [ITS-90, deg C]
# name 4 = oxML/L: Oxygen, Beckman/YSI [ml/l]
# name 5 = depSM: Depth [salt water, m], lat = 47.5
# name 6 = sal00: Salinity, Practical [PSU]
# name 7 = sigma-é00: Density [sigma-theta, kg/m^3]
# name 8 = flag: flag
# span 0 = 251.556291, 251.557117       
# span 1 =      1.000,     69.000       
# span 2 =  34.421554,  40.760371       
# span 3 =     7.5302,    16.9515       
# span 4 =    2.39622,    7.31565       
# span 5 =      0.992,     68.413       
# span 6 =    31.4528,    33.7792       
# span 7 =    22.8055,    26.3797       
# span 8 = 0.0000e+00, 0.0000e+00       
# interval = decibars: 1                
# start_time = Sep 07 2004 13:17:50 [Instrument's time stamp, header]
# bad_flag = -9.990e-29
*END*
 251.556291      1.000  40.760371    16.9515    7.23808      0.992    31.4528    22.8055 0.0000e+00
 251.556315      2.000  40.430607    16.4383    7.23433      1.983    31.5704    23.0127 0.0000e+00
 251.556331      3.000  40.080816    16.1217    7.26300      2.975    31.5153    23.0420 0.0000e+00
 251.556343      4.000  39.942075    16.0110    7.31565      3.967    31.4810    23.0402 0.0000e+00
 251.556354      5.000  39.852054    15.9385    7.28410      4.958    31.4590    23.0395 0.0000e+00
 251.556366      6.000  39.809367    15.8925    7.12218      5.950    31.4576    23.0487 0.0000e+00
 251.556377      7.000  39.776103    15.7733    6.73419      6.941    31.5226    23.1251 0.0000e+00
 251.556388      8.000  39.699555    15.3847    6.05463      7.933    31.7662    23.3975 0.0000e+00
 251.556399      9.000  39.532077    14.8834    5.44211      8.925    32.0239    23.7039 0.0000e+00
 251.556409     10.000  39.261900    14.2070    5.27202      9.916    32.3390    24.0889 0.0000e+00
 251.556421     11.000  38.752656    13.3800    5.40602     10.908    32.5662    24.4327 0.0000e+00
 251.556431     12.000  38.192291    12.7675    5.59139     11.899    32.5633    24.5511 0.0000e+00
 251.556442     13.000  37.857537    12.4681    5.63686     12.891    32.5027    24.5621 0.0000e+00
 251.556453     14.000  37.701309    12.3240    5.53650     13.883    32.4776    24.5701 0.0000e+00
 251.556464     15.000  37.597174    12.1656    5.51234     14.874    32.5147    24.6288 0.0000e+00
 251.556475     16.000  37.400085    11.7770    5.61191     15.866    32.6633    24.8165 0.0000e+00
 251.556486     17.000  37.013936    11.3159    5.66424     16.857    32.6925    24.9232 0.0000e+00
 251.556497     18.000  36.764188    11.0885    5.47658     17.849    32.6479    24.9291 0.0000e+00
 251.556509     19.000  36.678578    10.9072    5.04321     18.841    32.7240    25.0204 0.0000e+00
 251.556519     20.000  36.546053    10.4967    4.59776     19.832    32.9605    25.2759 0.0000e+00
 251.556530     21.000  36.184546     9.8305    4.23829     20.824    33.2030    25.5772 0.0000e+00
 251.556541     22.000  35.663022     9.1124    4.08529     21.815    33.3322    25.7946 0.0000e+00
 251.556553     23.000  35.157765     8.4970    4.14357     22.807    33.3819    25.9291 0.0000e+00
 251.556564     24.000  34.747282     8.0865    4.26072     23.798    33.3359    25.9546 0.0000e+00
 251.556576     25.000  34.546361     7.9112    4.32477     24.790    33.2879    25.9426 0.0000e+00
 251.556587     26.000  34.490608     7.8483    4.32687     25.781    33.2877    25.9516 0.0000e+00
 251.556598     27.000  34.469004     7.8073    4.31863     26.773    33.3033    25.9698 0.0000e+00
 251.556609     28.000  34.445884     7.7716    4.31565     27.765    33.3120    25.9819 0.0000e+00
 251.556620     29.000  34.426838     7.7465    4.32872     28.756    33.3151    25.9878 0.0000e+00
 251.556631     30.000  34.421554     7.7333    4.28758     29.748    33.3216    25.9948 0.0000e+00
 251.556642     31.000  34.433325     7.7372    4.16422     30.739    33.3300    26.0009 0.0000e+00
 251.556652     32.000  34.459786     7.7359    4.04684     31.731    33.3593    26.0242 0.0000e+00
 251.556663     33.000  34.460326     7.7061    3.93249     32.722    33.3880    26.0510 0.0000e+00
 251.556674     34.000  34.459738     7.6807    3.83138     33.714    33.4112    26.0729 0.0000e+00
 251.556686     35.000  34.462539     7.6653    3.75413     34.705    33.4285    26.0887 0.0000e+00
 251.556698     36.000  34.463599     7.6504    3.68837     35.696    33.4435    26.1026 0.0000e+00
 251.556710     37.000  34.461840     7.6339    3.64429     36.688    33.4570    26.1156 0.0000e+00
 251.556722     38.000  34.459795     7.6158    3.60633     37.679    33.4718    26.1298 0.0000e+00
 251.556732     39.000  34.458164     7.6011    3.54427     38.671    33.4837    26.1412 0.0000e+00
 251.556744     40.000  34.462128     7.5905    3.46323     39.662    33.4977    26.1538 0.0000e+00
 251.556755     41.000  34.467973     7.5836    3.39672     40.654    33.5101    26.1646 0.0000e+00
 251.556767     42.000  34.468181     7.5783    3.36057     41.646    33.5150    26.1692 0.0000e+00
 251.556779     43.000  34.463514     7.5690    3.34759     42.636    33.5184    26.1732 0.0000e+00
 251.556791     44.000  34.461944     7.5606    3.34619     43.628    33.5244    26.1791 0.0000e+00
 251.556803     45.000  34.460442     7.5472    3.36487     44.619    33.5353    26.1896 0.0000e+00
 251.556814     46.000  34.450829     7.5357    3.34267     45.611    33.5354    26.1914 0.0000e+00
 251.556826     47.000  34.454127     7.5378    3.27898     46.602    33.5366    26.1920 0.0000e+00
 251.556837     48.000  34.472076     7.5435    3.20720     47.594    33.5500    26.2017 0.0000e+00
 251.556849     49.000  34.483716     7.5446    3.14271     48.585    33.5610    26.2102 0.0000e+00
 251.556860     50.000  34.492478     7.5427    3.07228     49.577    33.5718    26.2190 0.0000e+00
 251.556873     51.000  34.500768     7.5418    3.01378     50.568    33.5812    26.2266 0.0000e+00
 251.556886     52.000  34.504984     7.5389    2.98159     51.560    33.5881    26.2324 0.0000e+00
 251.556897     53.000  34.511836     7.5338    2.89203     52.551    33.6000    26.2424 0.0000e+00
 251.556909     54.000  34.523367     7.5302    2.79684     53.542    33.6154    26.2551 0.0000e+00
 251.556920     55.000  34.551916     7.5340    2.67709     54.534    33.6421    26.2756 0.0000e+00
 251.556931     56.000  34.602092     7.5484    2.54452     55.525    33.6820    26.3049 0.0000e+00
 251.556943     57.000  34.646136     7.5572    2.46608     56.516    33.7206    26.3341 0.0000e+00
 251.556955     58.000  34.657242     7.5595    2.44092     57.508    33.7299    26.3410 0.0000e+00
 251.556967     59.000  34.663770     7.5617    2.43002     58.500    33.7344    26.3443 0.0000e+00
 251.556978     60.000  34.670058     7.5626    2.39622     59.490    33.7397    26.3483 0.0000e+00
 251.556991     61.000  34.675052     7.5635    2.41489     60.482    33.7438    26.3514 0.0000e+00
 251.557003     62.000  34.683686     7.5644    2.43001     61.473    33.7518    26.3576 0.0000e+00
 251.557016     63.000  34.689617     7.5645    2.42832     62.465    33.7577    26.3622 0.0000e+00
 251.557027     64.000  34.691435     7.5648    2.43234     63.456    33.7588    26.3631 0.0000e+00
 251.557040     65.000  34.693231     7.5655    2.44125     64.447    33.7596    26.3636 0.0000e+00
 251.557053     66.000  34.696105     7.5644    2.43476     65.439    33.7632    26.3666 0.0000e+00
 251.557066     67.000  34.702186     7.5622    2.45828     66.430    33.7714    26.3734 0.0000e+00
 251.557081     68.000  34.706919     7.5609    2.46589     67.421    33.7774    26.3783 0.0000e+00
 251.557117     69.000  34.709260     7.5612    2.45169     68.413    33.7792    26.3797 0.0000e+00
