data/oxygen options/ONMS/Olympic_Coast_National_Marine_Sanctuary_Hypoxia_Survey_CTD_Data_2004_2015/raw_data/2004/CTD_CE80_072604faed.cnv
* Sea-Bird SBE19 Data File:
* FileName = C:\WINDOWS\Desktop\put hypoxia files here\CTD files\july 24_25-04\CE\CE8_072404.hex
* Software Version 1.1.4
* Temperature SN = 2997
* Conductivity SN = 2997
* System UpLoad Time = Jul 26 2004 14:40:11
* SEACAT PROFILER V3.1c SN 2997   07/26/04  14:40:09.977
* strain gauge pressure sensor: S/N = 184829,  range = 3000 psia,  tc = 40
# nquan = 9                                 
# nvalues = 840                         
# units = specified
# name 0 = timeJ: Julian Days
# name 1 = prSM: Pressure, Strain Gauge [db]
# name 2 = c0mS/cm: Conductivity [mS/cm]
# name 3 = t090C: Temperature [ITS-90, deg C]
# name 4 = oxML/L: Oxygen, Beckman/YSI [ml/l]
# name 5 = depSM: Depth [salt water, m], lat = 47.5
# name 6 = sal00: Salinity, Practical [PSU]
# name 7 = sigma-é00: Density [sigma-theta, kg/m^3]
# name 8 = flag: flag
# span 0 = 208.570336, 208.575191       
# span 1 =     -5.441,     80.912       
# span 2 =   0.439375,  40.077383       
# span 3 =     7.2215,    15.3464       
# span 4 =   -0.05302,   29.20336       
# span 5 =     -5.396,     80.221       
# span 6 =     0.2645,    33.8482       
# span 7 =    -0.6976,    26.4818       
# span 8 = 0.0000e+00, 0.0000e+00       
# interval = seconds: 0.5
# start_time = Jul 26 2004 13:41:17 [Instrument's time stamp, header]
# bad_flag = -9.990e-29
*END*
[from data line 801]
 208.574971      5.204  39.591974    14.9861    7.89679      5.161    31.9952    23.6597 0.0000e+00
 208.574977      4.900  39.683900    15.0708    7.78376      4.859    32.0087    23.6519 0.0000e+00
 208.574983      4.601  39.753605    15.1469    7.65514      4.563    32.0092    23.6358 0.0000e+00
 208.574988      4.306  39.831198    15.2157    7.52974      4.270    32.0227    23.6313 0.0000e+00
 208.574994      4.018  39.905669    15.2719    7.24399      3.984    32.0436    23.6352 0.0000e+00
 208.575000      3.745  39.962975    15.3027    7.92916      3.714    32.0698    23.6487 0.0000e+00
 208.575006      3.490  39.987503    15.2900    7.26998      3.461    32.1022    23.6764 0.0000e+00
 208.575012      3.254  39.964833    15.2326    6.64233      3.227    32.1290    23.7095 0.0000e+00
 208.575017      3.035  39.902347    15.1486    6.37711      3.010    32.1419    23.7376 0.0000e+00
 208.575023      2.827  39.813251    15.0519    6.32409      2.803    32.1413    23.7580 0.0000e+00
 208.575029      2.631  39.684239    14.9373    6.34698      2.609    32.1194    23.7657 0.0000e+00
 208.575035      2.447  39.470660    14.8039    6.41123      2.427    32.0363    23.7301 0.0000e+00
 208.575041      2.272  39.068418    14.6703    6.47268      2.253    31.7818    23.5623 0.0000e+00
 208.575046      2.107  38.126906    14.5528    6.50964      2.089    31.0241    23.0030 0.0000e+00
 208.575052      1.955  35.544497    14.4607    6.53258      1.939    28.7667    21.2833 0.0000e+00
 208.575058      1.814  28.013180    14.4017    6.53112      1.799    22.1480    16.2051 0.0000e+00
 208.575064      1.685  16.625248    14.3716    6.50300      1.671    12.5323     8.8316 -9.990e-29
 208.575069      1.563   8.883721    14.3574    6.56877      1.550     6.3680     4.1039 -9.990e-29
 208.575075      1.449   6.142956    14.3506    6.60816      1.437     4.2879     2.5063 -9.990e-29
 208.575081      1.349   4.799252    14.3468    6.62194      1.338     3.2948     1.7426 -9.990e-29
 208.575087      1.257   3.835374    14.3430    6.61849      1.247     2.5957     1.2046 -9.990e-29
 208.575093      1.165   3.212072    14.3386    6.60977      1.155     2.1507     0.8621 -9.990e-29
 208.575098      1.079   2.849464    14.3335    6.61376      1.070     1.8947     0.6654 -9.990e-29
 208.575104      0.999   2.738816    14.3280    6.61969      0.991     1.8172     0.6064 -9.990e-29
 208.575110      0.931   2.873780    14.3205    6.61273      0.923     1.9125     0.6810 -9.990e-29
 208.575116      0.873   3.208078    14.3107    6.62274      0.866     2.1494     0.8652 -9.990e-29
 208.575122      0.823   3.774959    14.3013    6.61724      0.816     2.5551     1.1794 -9.990e-29
 208.575127      0.776   4.248005    14.2944    6.62029      0.770     2.8972     1.4442 -9.990e-29
 208.575133      0.731   4.110541    14.2895    6.61177      0.725     2.7980     1.3684 -9.990e-29
 208.575139      0.688   3.575395    14.2855 -9.990e-29      0.682     2.4128     1.0721 -9.990e-29
 208.575145      0.648   3.105906    14.2821 -9.990e-29      0.643     2.0785     0.8147 -9.990e-29
 208.575150      0.611   2.825605    14.2795 -9.990e-29      0.606     1.8805     0.6624 -9.990e-29
 208.575156      0.576   2.707092    14.2770 -9.990e-29      0.571     1.7973     0.5985 -9.990e-29
 208.575162      0.547   2.655167    14.2736 -9.990e-29      0.542     1.7611     0.5710 -9.990e-29
 208.575168      0.522   2.601150    14.2696 -9.990e-29      0.518     1.7234     0.5425 -9.990e-29
 208.575174      0.499   2.525270    14.2657 -9.990e-29      0.495     1.6705     0.5022 -9.990e-29
 208.575179      0.480   2.426398    14.2626 -9.990e-29      0.476     1.6016     0.4495 -9.990e-29
 208.575185      0.469   2.351115    14.2614 -9.990e-29      0.465     1.5493     0.4092 -9.990e-29
 208.575191      0.466   2.342434 -9.990e-29 -9.990e-29      0.462 -9.990e-29 -9.990e-29 -9.990e-29
