data/oxygen options/ONMS/Olympic_Coast_National_Marine_Sanctuary_Hypoxia_Survey_CTD_Data_2004_2015/raw_data/2004/CTD_CA30_090804faed.cnv
* Sea-Bird SBE19 Data File:
* FileName = C:\WINDOWS\Desktop\put hypoxia files here\CTD data\September 07_0804\CA\raw\CA30_090804.hex
* Software Version 1.1.4
* Temperature SN = 2997
* Conductivity SN = 2997
* System UpLoad Time = Sep 08 2004 10:22:00
* SEACAT PROFILER V3.1c SN 2997   09/08/04  10:24:27.585
* strain gauge pressure sensor: S/N = 184829,  range = 3000 psia,  tc = 40
# nquan = 9                                 
# nvalues = 560                         
# units = specified
# name 0 = timeJ: Julian Days
# name 1 = prSM: Pressure, Strain Gauge [db]
# name 2 = c0mS/cm: Conductivity [mS/cm]
# name 3 = t090C: Temperature [ITS-90, deg C]
# name 4 = oxML/L: Oxygen, Beckman/YSI [ml/l]
# name 5 = depSM: Depth [salt water, m], lat = 47.5
# name 6 = sal00: Salinity, Practical [PSU]
# name 7 = sigma-é00: Density [sigma-theta, kg/m^3]
# name 8 = flag: flag
# span 0 = 252.370729, 252.373964       
# span 1 =     -4.597,     30.987       
# span 2 =   1.866779,  39.021332       
# span 3 =     7.8530,    14.3966       
# span 4 =   -0.05412,   30.82344       
# span 5 =     -4.559,     30.726       
# span 6 =     1.2182,    33.4192       
# span 7 =     0.1682,    26.0543       
# span 8 = 0.0000e+00, 0.0000e+00       
# interval = seconds: 0.5
# start_time = Sep 08 2004 08:53:51 [Instrument's time stamp, header]
# bad_flag = -9.990e-29
*END*
[from data line 481]
 252.373513     25.532  34.645842     7.9478    3.45999     25.317    33.3592    25.9933 0.0000e+00
 252.373519     25.158  34.647580     7.9495    3.46025     24.947    33.3596    25.9934 0.0000e+00
 252.373524     24.778  34.648090     7.9489    3.45414     24.570    33.3609    25.9945 0.0000e+00
 252.373530     24.396  34.647472     7.9476    3.43922     24.191    33.3617    25.9953 0.0000e+00
 252.373536     24.009  34.646197     7.9474    3.44892     23.807    33.3607    25.9945 0.0000e+00
 252.373542     23.612  34.645357     7.9506    3.45802     23.414    33.3569    25.9911 0.0000e+00
 252.373547     23.212  34.646818     7.9566    3.45039     23.017    33.3529    25.9871 0.0000e+00
 252.373553     22.816  34.650280     7.9617    3.45573     22.624    33.3520    25.9856 0.0000e+00
 252.373559     22.430  34.652701     7.9656    3.44838     22.242    33.3510    25.9842 0.0000e+00
 252.373565     22.050  34.653950     7.9702    3.46433     21.865    33.3481    25.9813 0.0000e+00
 252.373571     21.670  34.655696     7.9765    3.47725     21.488    33.3442    25.9773 0.0000e+00
 252.373576     21.287  34.658584     7.9864    3.48986     21.108    33.3380    25.9710 0.0000e+00
 252.373582     20.901  34.663667     8.0010    3.49643     20.726    33.3297    25.9623 0.0000e+00
 252.373588     20.515  34.670996     8.0222    3.51156     20.343    33.3175    25.9496 0.0000e+00
 252.373594     20.129  34.681380     8.0501    3.51700     19.960    33.3022    25.9335 0.0000e+00
 252.373600     19.745  34.695775     8.0765    3.52577     19.579    33.2926    25.9221 0.0000e+00
 252.373605     19.364  34.709279     8.0937    3.53656     19.201    33.2908    25.9182 0.0000e+00
 252.373611     18.987  34.717482     8.1028    3.55713     18.828    33.2911    25.9170 0.0000e+00
 252.373617     18.616  34.721799     8.1088    3.57165     18.460    33.2902    25.9154 0.0000e+00
 252.373623     18.249  34.724626     8.1186    3.57723     18.096    33.2841    25.9092 0.0000e+00
 252.373628     17.884  34.729176     8.1368    3.59341     17.734    33.2718    25.8968 0.0000e+00
 252.373634     17.524  34.738713     8.1608    3.58510     17.377    33.2593    25.8835 0.0000e+00
 252.373640     17.166  34.752503     8.1839    3.59697     17.022    33.2523    25.8745 0.0000e+00
 252.373646     16.811  34.765397     8.2010    3.61752     16.670    33.2499    25.8702 0.0000e+00
 252.373652     16.461  34.773852     8.2129    3.63550     16.323    33.2478    25.8667 0.0000e+00
 252.373657     16.114  34.779619     8.2259    3.64249     15.979    33.2418    25.8600 0.0000e+00
 252.373663     15.766  34.786466     8.2457    3.63439     15.634    33.2304    25.8482 0.0000e+00
 252.373669     15.413  34.797361     8.2724    3.63939     15.284    33.2169    25.8336 0.0000e+00
 252.373675     15.049  34.812259     8.3073    3.65726     14.923    33.1999    25.8151 0.0000e+00
 252.373681     14.676  34.831410     8.3525    3.70127     14.553    33.1777    25.7909 0.0000e+00
 252.373686     14.309  34.856251     8.4028    3.77284     14.189    33.1567    25.7669 0.0000e+00
 252.373692     13.960  34.882916     8.4547    3.80839     13.843    33.1362    25.7429 0.0000e+00
 252.373698     13.623  34.909409     8.5159    3.85084     13.509    33.1067    25.7106 0.0000e+00
 252.373704     13.281  34.941357     8.6163    3.89874     13.170    33.0464    25.6481 0.0000e+00
 252.373709     12.916  35.000626     8.7881    3.94074     12.808    32.9485    25.5450 0.0000e+00
 252.373715     12.532  35.116357     8.9959    4.02868     12.427    32.8766    25.4565 0.0000e+00
 252.373721     12.150  35.258447     9.1664    4.13738     12.048    32.8668    25.4221 0.0000e+00
 252.373727     11.781  35.363562     9.2902    4.20657     11.682    32.8616    25.3984 0.0000e+00
 252.373733     11.415  35.435117     9.4042    4.26414     11.319    32.8308    25.3561 0.0000e+00
 252.373738     11.040  35.506881     9.5556    4.26713     10.948    32.7661    25.2812 0.0000e+00
 252.373744     10.650  35.608405     9.7809    4.24168     10.561    32.6650    25.1654 0.0000e+00
 252.373750     10.242  35.769671    10.0335    4.24293     10.156    32.6005    25.0734 0.0000e+00
 252.373756      9.816  35.951197    10.2297    4.28490      9.734    32.6075    25.0460 0.0000e+00
 252.373762      9.374  36.085023    10.3455    4.36809      9.296    32.6383    25.0504 0.0000e+00
 252.373767      8.922  36.157889    10.4063    4.42859      8.847    32.6571    25.0547 0.0000e+00
 252.373773      8.462  36.190173    10.4655    4.48444      8.391    32.6366    25.0286 0.0000e+00
 252.373779      7.991  36.224377    10.5815    4.56188      7.924    32.5672    24.9546 0.0000e+00
 252.373785      7.504  36.307234    10.7712    4.65240      7.441    32.4811    24.8547 0.0000e+00
 252.373791      7.004  36.450542    11.0103    4.79570      6.945    32.4117    24.7589 0.0000e+00
 252.373796      6.506  36.627846    11.2724    5.00666      6.452    32.3559    24.6690 0.0000e+00
 252.373802      6.023  36.815418    11.5213    5.22862      5.973    32.3220    24.5978 0.0000e+00
 252.373808      5.553  36.989196    11.7206    5.42594      5.507    32.3177    24.5582 0.0000e+00
 252.373814      5.096  37.116816    11.9041    5.61072      5.053    32.2822    24.4969 0.0000e+00
 252.373819      4.654  37.213153    12.1672    5.80015      4.615    32.1482    24.3439 0.0000e+00
 252.373825      4.223  37.375843    12.5085    5.97134      4.188    32.0120    24.1740 0.0000e+00
 252.373831      3.807  37.630586    12.7949    6.04918      3.775    32.0108    24.1181 0.0000e+00
 252.373837      3.412  37.842632    12.9630    5.80438      3.383    32.0689    24.1304 0.0000e+00
 252.373843      3.046  37.954922    13.0599    5.68946      3.021    32.0928    24.1300 0.0000e+00
 252.373848      2.708  38.024692    13.1488    5.64783      2.685    32.0833    24.1052 0.0000e+00
 252.373854      2.405  38.092833    13.2930    5.72778      2.385    32.0257    24.0322 0.0000e+00
 252.373860      2.128  38.189072    13.5147    5.83711      2.110    31.9297    23.9138 0.0000e+00
 252.373866      1.862  38.326194    13.7436    6.73249      1.846    31.8662    23.8187 0.0000e+00
 252.373872      1.597  38.467738    13.8785    6.93882      1.584    31.8851    23.8059 0.0000e+00
 252.373877      1.343  38.534361    13.8736    7.01561      1.332    31.9507    23.8576 0.0000e+00
 252.373883      1.117  38.485373    13.7427    7.14900      1.108    32.0147    23.9335 0.0000e+00
 252.373889      0.930  38.342992    13.5300    7.22778      0.922    32.0606    24.0119 0.0000e+00
 252.373895      0.781  38.134449    13.2773    7.25955      0.774    32.0786    24.0761 -9.990e-29
 252.373900      0.658  37.866598    13.0269    7.23963      0.653    32.0385    24.0944 -9.990e-29
 252.373906      0.558  37.475041    12.8212    7.19781      0.553    31.8427    23.9828 -9.990e-29
 252.373912      0.480  36.658072    12.6717 -9.990e-29      0.476    31.1950    23.5100 -9.990e-29
 252.373918      0.418  34.467124    12.5655 -9.990e-29      0.415    29.2145    21.9971 -9.990e-29
 252.373924      0.369  28.089140    12.4951 -9.990e-29      0.366    23.3486    17.4754 -9.990e-29
 252.373929      0.329  17.773832    12.4573 -9.990e-29      0.326    14.1667    10.3975 -9.990e-29
 252.373935      0.297   9.415665    12.4409 -9.990e-29      0.295     7.1262     4.9695 -9.990e-29
 252.373941      0.273   5.487215    12.4343 -9.990e-29      0.271     3.9947     2.5504 -9.990e-29
 252.373947      0.261   3.895552    12.4322 -9.990e-29      0.259     2.7731     1.6049 -9.990e-29
 252.373953      0.256   3.202327    12.4319 -9.990e-29      0.254     2.2523     1.2012 -9.990e-29
 252.373958      0.253   2.863999    12.4319 -9.990e-29      0.251     2.0011     1.0062 -9.990e-29
 252.373964      0.252   2.708474 -9.990e-29 -9.990e-29      0.250 -9.990e-29 -9.990e-29 -9.990e-29
