data/oxygen options/ONMS/Olympic_Coast_National_Marine_Sanctuary_Hypoxia_Survey_CTD_Data_2004_2015/raw_data/2004/CTD_CE90_100404faed.cnv
* Sea-Bird SBE19 Data File:
* FileName = C:\WINDOWS\Desktop\put hypoxia files here\CTD data\October 04_05-04\raw\CE90_100404.hex
* Software Version 1.1.4
* Temperature SN = 2997
* Conductivity SN = 2997
* System UpLoad Time = Oct 04 2004 15:14:52
* SEACAT PROFILER V3.1c SN 2997   10/04/04  15:18:36.752
* strain gauge pressure sensor: S/N = 184829,  range = 3000 psia,  tc = 40
# nquan = 9                                 
# nvalues = 1019                        
# units = specified
# name 0 = timeJ: Julian Days
# name 1 = prSM: Pressure, Strain Gauge [db]
# name 2 = c0mS/cm: Conductivity [mS/cm]
# name 3 = t090C: Temperature [ITS-90, deg C]
# name 4 = oxML/L: Oxygen, Beckman/YSI [ml/l]
# name 5 = depSM: Depth [salt water, m], lat = 47.5
# name 6 = sal00: Salinity, Practical [PSU]
# name 7 = sigma-é00: Density [sigma-theta, kg/m^3]
# name 8 = flag: flag
# span 0 = 278.533206, 278.539097       
# span 1 =     -4.874,     93.266       
# span 2 =   0.927239,  38.676287       
# span 3 =     7.6623,    16.0136       
# span 4 =   -0.05344,   28.03395       
# span 5 =     -4.833,     92.467       
# span 6 =     0.5771,    33.7313       
# span 7 =    -0.4123,    26.3279       
# span 8 = 0.0000e+00, 0.0000e+00       
# interval = seconds: 0.5
# start_time = Oct 04 2004 12:47:49 [Instrument's time stamp, header]
# bad_flag = -9.990e-29
*END*
[from data line 481]
 278.535990      1.594  38.082935    15.6891    6.84810      1.581    30.0986    22.0492 -9.990e-29
 278.535995      1.601  38.085772    15.6904    6.84639      1.588    30.1001    22.0501 -9.990e-29
 278.536001      1.610  38.086778    15.6884    6.84485      1.597    30.1025    22.0524 -9.990e-29
 278.536007      1.622  38.085618    15.6845    6.84371      1.608    30.1044    22.0547 -9.990e-29
 278.536013      1.633  38.082240    15.6785    6.83124      1.619    30.1060    22.0573 -9.990e-29
 278.536019      1.635  38.078312    15.6730    6.84137      1.621    30.1068    22.0590 -9.990e-29
 278.536024      1.629  38.076816    15.6736    6.84618      1.615    30.1050    22.0575 -9.990e-29
 278.536030      1.622  38.079112    15.6794    6.85559      1.608    30.1026    22.0544 -9.990e-29
 278.536036      1.618  38.082457    15.6845    6.86183      1.604    30.1017    22.0526 -9.990e-29
 278.536042      1.617  38.083456    15.6871    6.84859      1.603    30.1006    22.0512 -9.990e-29
 278.536047      1.620  38.082875    15.6895    6.84844      1.606    30.0982    22.0489 -9.990e-29
 278.536053      1.625  38.083857    15.6906    6.85604      1.611    30.0982    22.0486 -9.990e-29
 278.536059      1.634  38.085464    15.6871    6.86126      1.620    30.1023    22.0525 -9.990e-29
 278.536065      1.643  38.084783    15.6813    6.86200      1.629    30.1061    22.0567 -9.990e-29
 278.536071      1.644  38.082022    15.6774    6.85770      1.630    30.1067    22.0580 -9.990e-29
 278.536076      1.637  38.079097    15.6740    6.85301      1.623    30.1067    22.0588 -9.990e-29
 278.536082      1.630  38.077147    15.6679    6.85588      1.616    30.1096    22.0623 -9.990e-29
 278.536088      1.627  38.074687    15.6613    6.84983      1.613    30.1125    22.0660 -9.990e-29
 278.536094      1.628  38.071795    15.6598    6.84212      1.614    30.1111    22.0652 -9.990e-29
 278.536100      1.628  38.071336    15.6618    6.83053      1.614    30.1092    22.0633 -9.990e-29
 278.536105      1.623  38.073251    15.6593    6.82876      1.609    30.1128    22.0666 -9.990e-29
 278.536111      1.617  38.073918    15.6484    6.83922      1.603    30.1217    22.0758 -9.990e-29
 278.536117      1.615  38.067489    15.6339    6.83986      1.602    30.1271    22.0831 -9.990e-29
 278.536123      1.615  38.056042    15.6269    6.84346      1.602    30.1223    22.0810 -9.990e-29
 278.536128      1.614  38.051223    15.6318    6.84169      1.601    30.1143    22.0738 -9.990e-29
 278.536134      1.608  38.055568    15.6416    6.84932      1.595    30.1107    22.0689 -9.990e-29
 278.536140      1.599  38.061965    15.6467    6.85570      1.586    30.1124    22.0691 -9.990e-29
 278.536146      1.593  38.064915    15.6448    6.85644      1.580    30.1165    22.0726 -9.990e-29
 278.536152      1.588  38.062742    15.6392    6.85695      1.575    30.1189    22.0756 -9.990e-29
 278.536157      1.584  38.057031    15.6356    6.85998      1.571    30.1166    22.0747 -9.990e-29
 278.536163      1.581  38.053055    15.6363    6.85015      1.568    30.1125    22.0714 -9.990e-29
 278.536169      1.579  38.053916    15.6372    6.84105      1.566    30.1126    22.0713 -9.990e-29
 278.536175      1.577  38.055707    15.6356    6.82582      1.564    30.1154    22.0738 -9.990e-29
 278.536181      1.576  38.055764    15.6266    6.81641      1.563    30.1223    22.0810 -9.990e-29
 278.536186      1.576  38.051913    15.6071    6.81280      1.563    30.1338    22.0941 -9.990e-29
 278.536192      1.575  38.040133    15.5871    6.80424      1.562    30.1387    22.1022 -9.990e-29
 278.536198      1.576  38.027142    15.5768    6.80598      1.563    30.1351    22.1017 -9.990e-29
 278.536204      1.576  38.022528    15.5737    6.82022      1.563    30.1334    22.1010 -9.990e-29
 278.536209      1.573  38.022370    15.5704    6.84366      1.560    30.1358    22.1036 -9.990e-29
 278.536215      1.566  38.019158    15.5658    6.84737      1.553    30.1365    22.1051 -9.990e-29
 278.536221      1.563  38.013089    15.5698    6.84552      1.550    30.1281    22.0978 -9.990e-29
 278.536227      1.563  38.014008    15.5879    6.83539      1.550    30.1151    22.0839 -9.990e-29
 278.536233      1.564  38.027059    15.6084    6.81909      1.551    30.1109    22.0762 -9.990e-29
 278.536238      1.564  38.042156    15.6178    6.82799      1.551    30.1171    22.0789 -9.990e-29
 278.536244      1.564  38.048580    15.6112    6.83069      1.551    30.1278    22.0885 -9.990e-29
 278.536250      1.563  38.043119    15.5926    6.83352      1.550    30.1371    22.0998 -9.990e-29
 278.536256      1.562  38.029703    15.5760    6.84174      1.549    30.1380    22.1040 -9.990e-29
 278.536262      1.561  38.017916    15.5732    6.83228      1.548    30.1298    22.0983 -9.990e-29
 278.536267      1.564  38.016144    15.5816    6.82168      1.551    30.1218    22.0904 -9.990e-29
 278.536273      1.574  38.023134    15.5894    6.81403      1.561    30.1220    22.0888 -9.990e-29
 278.536279      1.589  38.029132    15.5890    6.82062      1.576    30.1276    22.0932 -9.990e-29
 278.536285      1.606  38.027552    15.5799    6.83228      1.593    30.1331    22.0994 -9.990e-29
 278.536291      1.620  38.018523    15.5696    6.83681      1.606    30.1330    22.1016 -9.990e-29
 278.536296      1.630  38.007946    15.5689    6.83772      1.616    30.1242    22.0950 -9.990e-29
 278.536302      1.634  38.005824    15.5773    6.83453      1.620    30.1159    22.0868 -9.990e-29
 278.536308      1.634  38.014364    15.5874    6.83934      1.620    30.1158    22.0845 -9.990e-29
 278.536314      1.634  38.025878    15.5953    6.84401      1.620    30.1199    22.0859 -9.990e-29
 278.536319      1.638  38.033281    15.5976    6.84239      1.624    30.1246    22.0891 -9.990e-29
 278.536325      1.646  38.033543    15.5961    6.83597      1.632    30.1260    22.0905 -9.990e-29
 278.536331      1.655  38.029810    15.5967    6.83937      1.641    30.1223    22.0875 -9.990e-29
 278.536337      1.661  38.028874    15.5994    6.84310      1.647    30.1194    22.0847 -9.990e-29
 278.536343      1.669  38.031723    15.6002    6.85009      1.655    30.1213    22.0860 -9.990e-29
 278.536348      1.678  38.033177    15.5999    6.84919      1.664    30.1228    22.0872 -9.990e-29
 278.536354      1.682  38.032364    15.6016    6.84420      1.668    30.1208    22.0853 -9.990e-29
 278.536360      1.679  38.033239    15.6049    6.83230      1.665    30.1190    22.0832 -9.990e-29
 278.536366      1.680  38.036400    15.6073    6.83618      1.666    30.1200    22.0834 -9.990e-29
 278.536372      1.683  38.039889    15.6058    6.84306      1.669    30.1242    22.0870 -9.990e-29
 278.536377      1.685  38.040499    15.5998    6.85227      1.671    30.1293    22.0922 -9.990e-29
 278.536383      1.686  38.036232    15.5958    6.85958      1.672    30.1286    22.0925 -9.990e-29
 278.536389      1.681  38.032610    15.6003    6.86156      1.667    30.1220    22.0865 -9.990e-29
 278.536395      1.671  38.035448    15.6126    6.85773      1.657    30.1151    22.0785 -9.990e-29
 278.536400      1.663  38.043474    15.6268    6.84853      1.649    30.1113    22.0725 -9.990e-29
 278.536406      1.657  38.052243    15.6368    6.84970      1.643    30.1114    22.0705 -9.990e-29
 278.536412      1.647  38.057739    15.6415    6.84542      1.633    30.1127    22.0704 -9.990e-29
 278.536418      1.638  38.059998    15.6428    6.85407      1.624    30.1137    22.0709 -9.990e-29
 278.536424      1.634  38.061463    15.6428    6.86220      1.620    30.1150    22.0719 -9.990e-29
 278.536429      1.634  38.062400    15.6435    6.86680      1.620    30.1153    22.0719 -9.990e-29
 278.536435      1.638  38.062368    15.6467    6.86671      1.624    30.1128    22.0694 -9.990e-29
 278.536441      1.646  38.063001    15.6522    6.85980      1.632    30.1091    22.0654 -9.990e-29
 278.536447      1.659  38.065137    15.6562    6.85442      1.645    30.1080    22.0636 -9.990e-29
 278.536453      1.674  38.067131    15.6549    6.85756      1.660    30.1107    22.0660 -9.990e-29
 278.536458      1.682  38.067147    15.6493    6.85860      1.668    30.1150    22.0705 -9.990e-29
 278.536464      1.685  38.065763    15.6461    6.85817      1.671    30.1162    22.0721 -9.990e-29
 278.536470      1.686  38.065051    15.6489    6.85705      1.672    30.1135    22.0694 -9.990e-29
 278.536476      1.687  38.065734    15.6553    6.85820      1.673    30.1092    22.0647 -9.990e-29
 278.536481      1.686  38.067596    15.6606    6.85862      1.672    30.1068    22.0617 -9.990e-29
 278.536487      1.680  38.069186    15.6632    6.86334      1.666    30.1062    22.0607 -9.990e-29
 278.536493      1.668  38.069815    15.6646    6.86328      1.654    30.1057    22.0600 -9.990e-29
 278.536499      1.658  38.070315    15.6657    6.86309      1.644    30.1053    22.0595 -9.990e-29
 278.536505      1.654  38.070787    15.6666    6.86279      1.640    30.1050    22.0591 -9.990e-29
 278.536510      1.655  38.071293    15.6681    6.86330      1.641    30.1043    22.0582 -9.990e-29
 278.536516      1.661  38.071940    15.6701    6.86847      1.647    30.1034    22.0570 -9.990e-29
 278.536522      1.673  38.072462    15.6724    6.87064      1.659    30.1021    22.0555 -9.990e-29
 278.536528      1.688  38.072426    15.6754    6.86767      1.674    30.0997    22.0531 -9.990e-29
 278.536534      1.702  38.071778    15.6792    6.86407      1.688    30.0963    22.0496 -9.990e-29
 278.536539      1.720  38.071330    15.6820    6.85998      1.706    30.0937    22.0471 -9.990e-29
 278.536545      1.747  38.071598    15.6807    6.87191      1.732    30.0950    22.0483 -9.990e-29
 278.536551      1.786  38.072375    15.6760    6.88874      1.771    30.0992    22.0526 -9.990e-29
 278.536557      1.834  38.073006    15.6738    6.90080      1.819    30.1014    22.0548 -9.990e-29
 278.536563      1.886  38.072644    15.6772    6.89672      1.870    30.0985    22.0518 -9.990e-29
 278.536568      1.941  38.071358    15.6833    6.88190      1.925    30.0927    22.0460 -9.990e-29
 278.536574      2.007  38.070227    15.6876    6.87818      1.990    30.0884    22.0418 -9.990e-29
 278.536580      2.093  38.069982    15.6882    6.86492      2.076    30.0877    22.0411 -9.990e-29
 278.536586      2.203  38.070292    15.6852    6.82281      2.185    30.0902    22.0437 -9.990e-29
 278.536591      2.349  38.070443    15.6766    6.80051      2.329    30.0969    22.0507 0.0000e+00
 278.536597      2.544  38.068947    15.6520    6.80245      2.523    30.1142    22.0693 0.0000e+00
 278.536603      2.797  38.062681    15.5993    6.81477      2.774    30.1488    22.1074 0.0000e+00
 278.536609      3.111  38.042160    15.5381    6.85205      3.085    30.1774    22.1426 0.0000e+00
 278.536615      3.484  38.029364    15.5068    6.87033      3.455    30.1900    22.1590 0.0000e+00
 278.536620      3.910  38.075069    15.5042    6.87372      3.877    30.2322    22.1920 0.0000e+00
 278.536626      4.378  38.161115    15.5014    6.87117      4.341    30.3101    22.2525 0.0000e+00
 278.536632      4.870  38.231728    15.4817    6.85597      4.829    30.3876    22.3163 0.0000e+00
 278.536638      5.371  38.283467    15.4405    6.81732      5.326    30.4650    22.3847 0.0000e+00
 278.536644      5.873  38.332031    15.3749    6.73749      5.824    30.5587    22.4709 0.0000e+00
 278.536649      6.375  38.372614    15.2804    6.61434      6.322    30.6682    22.5754 0.0000e+00
 278.536655      6.878  38.398180    15.1531    6.46113      6.820    30.7905    22.6967 0.0000e+00
 278.536661      7.388  38.424850    15.0014    6.31536      7.326    30.9338    22.8393 0.0000e+00
 278.536667      7.909  38.474698    14.8477    6.15615      7.843    31.1004    23.0002 0.0000e+00
 278.536672      8.438  38.541806    14.7001    5.96199      8.367    31.2789    23.1687 0.0000e+00
 278.536678      8.976  38.607930    14.5431    5.77526      8.901    31.4653    23.3453 0.0000e+00
 278.536684      9.521  38.659681    14.3590    5.56203      9.441    31.6621    23.5354 0.0000e+00
 278.536690     10.079  38.676287    14.1460    5.30570      9.995    31.8522    23.7260 0.0000e+00
 278.536696     10.656  38.637228    13.9137    5.03182     10.567    32.0087    23.8944 0.0000e+00
 278.536701     11.245  38.537501    13.6608    4.79882     11.151    32.1276    24.0376 0.0000e+00
 278.536707     11.832  38.392079    13.3569    4.59728     11.733    32.2481    24.1917 0.0000e+00
 278.536713     12.407  38.216432    12.9743    4.48141     12.303    32.4084    24.3913 0.0000e+00
 278.536719     12.968  37.997648    12.5405    4.38611     12.859    32.5740    24.6035 0.0000e+00
 278.536725     13.517  37.723006    12.1403    4.28118     13.404    32.6586    24.7451 0.0000e+00
 278.536730     14.059  37.451562    11.8505    4.21206     13.941    32.6496    24.7922 0.0000e+00
 278.536736     14.602  37.261482    11.6660    4.15391     14.480    32.6267    24.8084 0.0000e+00
 278.536742     15.150  37.144829    11.5314    4.13182     15.023    32.6311    24.8364 0.0000e+00
 278.536748     15.701  37.055330    11.4052    4.13630     15.569    32.6547    24.8776 0.0000e+00
 278.536753     16.247  36.966117    11.2753    4.12555     16.111    32.6818    24.9221 0.0000e+00
 278.536759     16.782  36.870334    11.1521    4.11498     16.641    32.6966    24.9556 0.0000e+00
 278.536765     17.309  36.779832    11.0433    4.07130     17.164    32.7037    24.9805 0.0000e+00
 278.536771     17.824  36.701168    10.9465    4.00785     17.674    32.7119    25.0039 0.0000e+00
 278.536777     18.332  36.630888    10.8476    3.94811     18.178    32.7302    25.0356 0.0000e+00
 278.536782     18.838  36.558217    10.7232    3.92104     18.680    32.7690    25.0875 0.0000e+00
 278.536788     19.350  36.464150    10.5583    3.91811     19.188    32.8230    25.1581 0.0000e+00
 278.536794     19.869  36.338717    10.3540    3.93087     19.702    32.8813    25.2386 0.0000e+00
 278.536800     20.390  36.184501    10.1321    3.95402     20.219    32.9268    25.3116 0.0000e+00
 278.536806     20.913  36.019515     9.9292    3.93540     20.737    32.9441    25.3590 0.0000e+00
 278.536811     21.440  35.870385     9.7707    3.89556     21.260    32.9368    25.3795 0.0000e+00
 278.536817     21.966  35.752354     9.6602    3.86022     21.782    32.9171    25.3823 0.0000e+00
 278.536823     22.490  35.671112     9.5721    3.84421     22.301    32.9144    25.3945 0.0000e+00
 278.536829     23.016  35.606850     9.4445    3.87969     22.823    32.9654    25.4550 0.0000e+00
 278.536834     23.543  35.505236     9.2447    3.92605     23.345    33.0448    25.5491 0.0000e+00
 278.536840     24.075  35.341736     9.0227    3.99175     23.873    33.0810    25.6125 0.0000e+00
 278.536846     24.610  35.164005     8.8375    4.05353     24.403    33.0679    25.6311 0.0000e+00
 278.536852     25.140  35.021994     8.7008    4.09910     24.929    33.0466    25.6355 0.0000e+00
 278.536858     25.669  34.921341     8.5982    4.15556     25.453    33.0366    25.6434 0.0000e+00
 278.536863     26.209  34.846051     8.5118    4.18641     25.989    33.0380    25.6576 0.0000e+00
 278.536869     26.756  34.781443     8.4299    4.21858     26.531    33.0465    25.6765 0.0000e+00
 278.536875     27.302  34.720358     8.3507    4.25248     27.072    33.0560    25.6959 0.0000e+00
 278.536881     27.846  34.663138     8.2787    4.26547     27.612    33.0629    25.7121 0.0000e+00
 278.536887     28.386  34.616396     8.2135    4.28650     28.147    33.0745    25.7309 0.0000e+00
 278.536892     28.917  34.578298     8.1565    4.28859     28.674    33.0875    25.7495 0.0000e+00
 278.536898     29.438  34.547327     8.1130    4.27937     29.190    33.0954    25.7621 0.0000e+00
 278.536904     29.953  34.528107     8.0820    4.25461     29.701    33.1040    25.7734 0.0000e+00
