data/oxygen options/ONMS/Olympic_Coast_National_Marine_Sanctuary_Hypoxia_Survey_CTD_Data_2004_2015/raw_data/2004/CTD_CA10_061504faed.cnv
* Sea-Bird SBE19 Data File:
* FileName = C:\WINDOWS\Desktop\put hypoxia files here\CTD files\CA\CA10m061504.hex
* Software Version 1.1.4
* Temperature SN = 2997
* Conductivity SN = 2997
* System UpLoad Time = Jun 15 2004 12:25:13
** Cape Alava hypoxia CA1 10m June 15, 2004
* SEACAT PROFILER V3.1c SN 2997   06/15/04  12:23:39.982
# nquan = 9                                 
# nvalues = 520                         
# units = specified
# name 0 = timeJ: Julian Days
# name 1 = prSM: Pressure, Strain Gauge [db]
# name 2 = c0mS/cm: Conductivity [mS/cm]
# name 3 = t090C: Temperature [ITS-90, deg C]
# name 4 = oxML/L: Oxygen, Beckman/YSI [ml/l]
# name 5 = depSM: Depth [salt water, m], lat = 47.5
# name 6 = sal00: Salinity, Practical [PSU]
# name 7 = sigma-é00: Density [sigma-theta, kg/m^3]
# name 8 = flag: flag
# span 0 = 167.484456, 167.487459       
# span 1 =     -4.142,     10.953       
# span 2 =   1.683602,  37.681697       
# span 3 =    12.8479,    13.7652       
# span 4 =   -0.05594,   31.64404       
# span 5 =     -4.107,     10.861       
# span 6 =     1.1286,    31.3024       
# span 7 =     0.2692,    23.4697       
# span 8 = 0.0000e+00, 0.0000e+00       
# interval = seconds: 0.5
# start_time = Jun 15 2004 11:37:37 [Instrument's time stamp, header]
# bad_flag = -9.990e-29
*END*
[from data line 481]
 167.487240      3.235  37.447846    13.4867    5.49012      3.208    31.2633    23.4045 0.0000e+00
 167.487245      3.040  37.445100    13.4819    5.52074      3.015    31.2648    23.4066 0.0000e+00
 167.487251      2.856  37.439769    13.4783    5.50201      2.832    31.2629    23.4058 0.0000e+00
 167.487257      2.686  37.435405    13.4775    5.46055      2.664    31.2595    23.4034 0.0000e+00
 167.487263      2.527  37.435166    13.4822    5.40395      2.506    31.2555    23.3993 0.0000e+00
 167.487269      2.369  37.439296    13.4966    5.42823      2.349    31.2476    23.3904 0.0000e+00
 167.487274      2.210  37.451061    13.5216    5.49615      2.192    31.2382    23.3781 0.0000e+00
 167.487280      2.053  37.476611    13.5456    6.26649      2.036    31.2423    23.3765 0.0000e+00
 167.487286      1.901  37.501218    13.5539    6.69798      1.885    31.2584    23.3873 0.0000e+00
 167.487292      1.762  37.503852    13.5511    6.79028      1.747    31.2632    23.3915 0.0000e+00
 167.487297      1.635  37.494202    13.5459    6.79009      1.621    31.2585    23.3890 -9.990e-29
 167.487303      1.517  37.478472    13.5352    6.83862      1.504    31.2527    23.3866 -9.990e-29
 167.487309      1.408  37.441298    13.5169    6.86762      1.396    31.2333    23.3752 -9.990e-29
 167.487315      1.306  37.356671    13.4978    6.89099      1.295    31.1704    23.3304 -9.990e-29
 167.487321      1.209  37.142605    13.4854    6.84857      1.199    30.9819    23.1873 -9.990e-29
 167.487326      1.119  36.530503    13.4798    6.86072      1.110    30.4195    22.7539 -9.990e-29
 167.487332      1.034  34.708152    13.4782    6.86096      1.025    28.7412    21.4585 -9.990e-29
 167.487338      0.954  29.245748    13.4781    6.85474      0.946    23.7860    17.6377 -9.990e-29
 167.487344      0.882  19.856082    13.4784    6.85326      0.875    15.5608    11.3078 -9.990e-29
 167.487350      0.818  11.507625    13.4789    6.86795      0.811     8.6095     5.9627 -9.990e-29
 167.487355      0.762   7.464457    13.4806    6.87236      0.756     5.4030     3.4942 -9.990e-29
 167.487361      0.714   6.136606    13.4843    6.88631      0.708     4.3799     2.7051 -9.990e-29
 167.487367      0.672   5.448112    13.4894    6.89943      0.666     3.8563     2.3006 -9.990e-29
 167.487373      0.633   4.809331    13.4934    6.91381      0.628     3.3755     1.9290 -9.990e-29
 167.487378      0.594   4.435659    13.4945    6.91845      0.589     3.0968     1.7137 -9.990e-29
 167.487384      0.558   4.350645    13.4936    6.92386      0.553     3.0337     1.6651 -9.990e-29
 167.487390      0.526   4.264081    13.4917    6.93091      0.522     2.9696     1.6159 -9.990e-29
 167.487396      0.496   4.137886    13.4892    6.93263      0.492     2.8764     1.5442 -9.990e-29
 167.487402      0.466   4.061891    13.4865    6.92202      0.462     2.8204     1.5014 -9.990e-29
 167.487407      0.439   3.922533    13.4835 -9.990e-29      0.435     2.7179     1.4226 -9.990e-29
 167.487413      0.417   3.661911    13.4798 -9.990e-29      0.414     2.5267     1.2754 -9.990e-29
 167.487419      0.399   3.322919    13.4754 -9.990e-29      0.396     2.2794     1.0849 -9.990e-29
 167.487425      0.388   2.954003    13.4707 -9.990e-29      0.385     2.0125     0.8791 -9.990e-29
 167.487431      0.384   2.609775    13.4665 -9.990e-29      0.381     1.7654     0.6885 -9.990e-29
 167.487436      0.377   2.328214    13.4633 -9.990e-29      0.374     1.5650     0.5338 -9.990e-29
 167.487442      0.367   2.125183    13.4603 -9.990e-29      0.364     1.4215     0.4231 -9.990e-29
 167.487448      0.362   1.991726    13.4571 -9.990e-29      0.359     1.3278     0.3509 -9.990e-29
 167.487454      0.361   1.911602    13.4555 -9.990e-29      0.358     1.2716     0.3077 -9.990e-29
 167.487459      0.361   1.902447 -9.990e-29 -9.990e-29      0.358 -9.990e-29 -9.990e-29 -9.990e-29
