data/oxygen options/ONMS/Olympic_Coast_National_Marine_Sanctuary_Hypoxia_Survey_CTD_Data_2004_2015/raw_data/2004/CTD_CA45_061504faed.cnv
* Sea-Bird SBE19 Data File:
* FileName = C:\WINDOWS\Desktop\put hypoxia files here\CTD files\CA\CA45m061504.hex
* Software Version 1.1.4
* Temperature SN = 2997
* Conductivity SN = 2997
* System UpLoad Time = Jun 15 2004 12:11:48
** Cape Alava hypoxia 45m CA-4.5 June 15, 2004
* SEACAT PROFILER V3.1c SN 2997   06/15/04  12:10:13.071
# nquan = 9                                 
# nvalues = 737                         
# units = specified
# name 0 = timeJ: Julian Days
# name 1 = prSM: Pressure, Strain Gauge [db]
# name 2 = c0mS/cm: Conductivity [mS/cm]
# name 3 = t090C: Temperature [ITS-90, deg C]
# name 4 = oxML/L: Oxygen, Beckman/YSI [ml/l]
# name 5 = depSM: Depth [salt water, m], lat = 47.5
# name 6 = sal00: Salinity, Practical [PSU]
# name 7 = sigma-é00: Density [sigma-theta, kg/m^3]
# name 8 = flag: flag
# span 0 = 167.456192, 167.460451       
# span 1 =     -4.703,     44.923       
# span 2 =   0.457137,  37.422531       
# span 3 =     8.0193,    13.3746       
# span 4 =  -12.41810,   32.91310       
# span 5 =     -4.664,     44.543       
# span 6 =     0.2978,    33.0006       
# span 7 =    -0.2564,    25.7012       
# span 8 = 0.0000e+00, 0.0000e+00       
# interval = seconds: 0.5
# start_time = Jun 15 2004 10:56:55 [Instrument's time stamp, header]
# bad_flag = -9.990e-29
*END*
[from data line 321]
 167.458050      0.917  37.379113    13.3211    5.80306      0.909    31.3362    23.4935 -9.990e-29
 167.458056      0.916  37.379998    13.3223    5.80876      0.908    31.3360    23.4931 -9.990e-29
 167.458061      0.921  37.381712    13.3236    5.81021      0.913    31.3366    23.4933 -9.990e-29
 167.458067      0.923  37.383182    13.3234    5.80080      0.915    31.3381    23.4945 -9.990e-29
 167.458073      0.923  37.383008    13.3223    5.80117      0.915    31.3388    23.4953 -9.990e-29
 167.458079      0.925  37.382088    13.3220    5.80269      0.917    31.3382    23.4949 -9.990e-29
 167.458084      0.924  37.382007    13.3236    5.80521      0.916    31.3368    23.4935 -9.990e-29
 167.458090      0.921  37.383222    13.3264    5.79896      0.913    31.3357    23.4920 -9.990e-29
 167.458096      0.920  37.385117    13.3292    5.79445      0.912    31.3351    23.4911 -9.990e-29
 167.458102      0.920  37.386859    13.3316    5.80102      0.912    31.3348    23.4903 -9.990e-29
 167.458108      0.926  37.387976    13.3332    5.79705      0.918    31.3345    23.4898 -9.990e-29
 167.458113      0.938  37.388841    13.3340    5.79902      0.930    31.3346    23.4897 -9.990e-29
 167.458119      0.949  37.389494    13.3344    5.80414      0.941    31.3349    23.4899 -9.990e-29
 167.458125      0.954  37.389691    13.3350    5.80421      0.946    31.3346    23.4895 -9.990e-29
 167.458131      0.959  37.390262    13.3360    5.81172      0.951    31.3343    23.4891 -9.990e-29
 167.458137      0.968  37.391412    13.3367    5.80474      0.960    31.3348    23.4893 -9.990e-29
 167.458142      0.977  37.392439    13.3371    5.78716      0.969    31.3354    23.4897 -9.990e-29
 167.458148      0.983  37.393037    13.3374    5.78944      0.975    31.3357    23.4899 -9.990e-29
 167.458154      0.986  37.393448    13.3377    5.79612      0.978    31.3359    23.4900 -9.990e-29
 167.458160      0.986  37.393665    13.3376    5.80802      0.978    31.3362    23.4902 -9.990e-29
 167.458166      0.987  37.393425    13.3372    5.80710      0.979    31.3363    23.4904 -9.990e-29
 167.458171      0.995  37.392973    13.3371    5.79608      0.987    31.3359    23.4901 -9.990e-29
 167.458177      1.004  37.392836    13.3380    5.78900      0.996    31.3351    23.4893 -9.990e-29
 167.458183      1.008  37.393400    13.3396    5.78895      1.000    31.3343    23.4883 -9.990e-29
 167.458189      1.002  37.394301    13.3412    5.80476      0.994    31.3338    23.4877 -9.990e-29
 167.458194      0.994  37.395624    13.3427    5.81696      0.986    31.3338    23.4874 -9.990e-29
 167.458200      0.992  37.397460    13.3434    5.80515      0.984    31.3349    23.4881 -9.990e-29
 167.458206      0.992  37.398336    13.3437    5.79903      0.984    31.3355    23.4885 -9.990e-29
 167.458212      0.990  37.398307    13.3448    5.79702      0.982    31.3346    23.4876 -9.990e-29
 167.458218      0.989  37.399022    13.3463    5.80509      0.981    31.3340    23.4868 -9.990e-29
 167.458223      0.994  37.400322    13.3472    5.80700      0.986    31.3345    23.4870 -9.990e-29
 167.458229      1.001  37.401141    13.3475    5.80241      0.993    31.3350    23.4873 -9.990e-29
 167.458235      1.007  37.401455    13.3478    5.78506      0.999    31.3350    23.4873 -9.990e-29
 167.458241      1.011  37.401690    13.3486    5.78046      1.003    31.3346    23.4868 -9.990e-29
 167.458247      1.014  37.402166    13.3497    5.80264      1.006    31.3341    23.4862 -9.990e-29
 167.458252      1.016  37.402964    13.3509    5.81483      1.008    31.3339    23.4858 -9.990e-29
 167.458258      1.016  37.404031    13.3523    5.81047      1.008    31.3337    23.4854 -9.990e-29
 167.458264      1.016  37.405115    13.3530    5.80294      1.008    31.3342    23.4856 -9.990e-29
 167.458270      1.016  37.405424    13.3532    5.78663      1.008    31.3343    23.4857 -9.990e-29
 167.458275      1.014  37.405377    13.3536    5.78550      1.006    31.3339    23.4853 -9.990e-29
 167.458281      1.011  37.406042    13.3544    5.79076      1.003    31.3339    23.4851 -9.990e-29
 167.458287      1.011  37.407190    13.3556    5.80461      1.003    31.3340    23.4850 -9.990e-29
 167.458293      1.019  37.408675    13.3572    5.81686      1.010    31.3340    23.4847 -9.990e-29
 167.458299      1.030  37.410240    13.3590    5.80399      1.021    31.3340    23.4843 -9.990e-29
 167.458304      1.041  37.411174    13.3604    5.79776      1.032    31.3337    23.4838 -9.990e-29
 167.458310      1.053  37.411604    13.3613    5.79671      1.044    31.3334    23.4834 -9.990e-29
 167.458316      1.063  37.412109    13.3614    5.79810      1.054    31.3337    23.4837 -9.990e-29
 167.458322      1.065  37.412246    13.3607    5.79727      1.056    31.3344    23.4843 -9.990e-29
 167.458328      1.066  37.411643    13.3605    5.80099      1.057    31.3340    23.4841 -9.990e-29
 167.458333      1.069  37.411744    13.3622    5.79265      1.060    31.3327    23.4827 -9.990e-29
 167.458339      1.070  37.413248    13.3644    5.79205      1.061    31.3323    23.4820 -9.990e-29
 167.458345      1.066  37.414798    13.3657    5.80090      1.057    31.3327    23.4820 -9.990e-29
 167.458351      1.059  37.415661    13.3669    5.80753      1.050    31.3325    23.4816 -9.990e-29
 167.458356      1.054  37.416430    13.3686    5.80543      1.045    31.3319    23.4808 -9.990e-29
 167.458362      1.050  37.417575    13.3703    5.80825      1.041    31.3315    23.4802 -9.990e-29
 167.458368      1.048  37.418944    13.3713    5.80514      1.039    31.3320    23.4803 -9.990e-29
 167.458374      1.047  37.420124    13.3719    5.79203      1.038    31.3326    23.4807 -9.990e-29
 167.458380      1.048  37.421009    13.3725    5.78498      1.039    31.3329    23.4808 -9.990e-29
 167.458385      1.049  37.421663    13.3738    5.78222      1.040    31.3325    23.4802 -9.990e-29
 167.458391      1.051  37.422402    13.3746    5.79006      1.042    31.3325    23.4801 -9.990e-29
 167.458397      1.055  37.422531    13.3722    5.79887      1.046    31.3346    23.4822 -9.990e-29
 167.458403      1.060  37.419424    13.3679    5.80617      1.051    31.3352    23.4835 -9.990e-29
 167.458409      1.068  37.415111    13.3658    5.79311      1.059    31.3329    23.4821 -9.990e-29
 167.458414      1.073  37.414504    13.3662    5.78662      1.064    31.3320    23.4814 -9.990e-29
 167.458420      1.073  37.416233    13.3664    5.78640      1.064    31.3335    23.4825 -9.990e-29
 167.458426      1.071  37.416999    13.3636    5.79105      1.062    31.3365    23.4853 -9.990e-29
 167.458432      1.072  37.415022    13.3568    5.79161      1.063    31.3402    23.4896 -9.990e-29
 167.458438      1.075  37.409355    13.3501    5.78502      1.066    31.3405    23.4911 -9.990e-29
 167.458443      1.082  37.403664    13.3485    5.79491      1.073    31.3365    23.4883 -9.990e-29
 167.458449      1.091  37.402705    13.3517    5.80348      1.082    31.3329    23.4850 -9.990e-29
 167.458455      1.105  37.405761    13.3561    5.80114      1.096    31.3322    23.4835 -9.990e-29
 167.458461      1.123  37.409059    13.3598    5.79431      1.114    31.3322    23.4828 -9.990e-29
 167.458466      1.142  37.411391    13.3629    5.79091      1.132    31.3318    23.4819 -9.990e-29
 167.458472      1.157  37.413629    13.3651    5.79758      1.147    31.3321    23.4816 -9.990e-29
 167.458478      1.162  37.415394    13.3667    5.80285      1.152    31.3324    23.4816 -9.990e-29
 167.458484      1.162  37.416800    13.3681    5.80415      1.152    31.3326    23.4814 -9.990e-29
 167.458490      1.166  37.418044    13.3691    5.79823      1.156    31.3329    23.4815 -9.990e-29
 167.458495      1.175  37.418545    13.3692    5.79713      1.165    31.3333    23.4818 -9.990e-29
 167.458501      1.185  37.418415    13.3690    5.79193      1.175    31.3333    23.4818 -9.990e-29
 167.458507      1.196  37.418047    13.3694    5.79149      1.186    31.3326    23.4812 -9.990e-29
 167.458513      1.204  37.418074    13.3700    5.79765      1.194    31.3322    23.4807 -9.990e-29
 167.458519      1.206  37.418539    13.3701    5.80011      1.196    31.3325    23.4810 -9.990e-29
 167.458524      1.203  37.418941    13.3702    5.79590      1.193    31.3328    23.4812 -9.990e-29
 167.458530      1.193  37.419260    13.3710    5.79282      1.183    31.3325    23.4808 -9.990e-29
 167.458536      1.181  37.419927    13.3720    5.80154      1.171    31.3323    23.4804 -9.990e-29
 167.458542      1.170  37.420714    13.3719    5.80560      1.160    31.3331    23.4811 -9.990e-29
 167.458547      1.159  37.420428    13.3694    5.79485      1.149    31.3349    23.4830 -9.990e-29
 167.458553      1.152  37.417571    13.3647    5.78888      1.142    31.3361    23.4848 -9.990e-29
 167.458559      1.153  37.412826    13.3608    5.79073      1.143    31.3349    23.4846 -9.990e-29
 167.458565      1.157  37.409407    13.3599    5.79121      1.147    31.3324    23.4829 -9.990e-29
 167.458571      1.161  37.408930    13.3618    5.78915      1.151    31.3304    23.4810 -9.990e-29
 167.458576      1.164  37.410760    13.3642    5.79743      1.154    31.3301    23.4803 -9.990e-29
 167.458582      1.163  37.412853    13.3657    5.79186      1.153    31.3309    23.4806 -9.990e-29
 167.458588      1.158  37.414079    13.3668    5.79621      1.148    31.3311    23.4805 -9.990e-29
 167.458594      1.156  37.415518    13.3688    5.79142      1.146    31.3308    23.4799 -9.990e-29
 167.458600      1.163  37.417408    13.3710    5.78579      1.153    31.3307    23.4794 -9.990e-29
 167.458605      1.173  37.418910    13.3711    5.78723      1.163    31.3321    23.4804 -9.990e-29
 167.458611      1.184  37.418663    13.3679    5.79643      1.174    31.3345    23.4829 -9.990e-29
 167.458617      1.197  37.415221    13.3632    5.80749      1.187    31.3351    23.4844 -9.990e-29
 167.458623      1.207  37.410730    13.3607    5.80763      1.197    31.3330    23.4832 -9.990e-29
 167.458628      1.211  37.409302    13.3610    5.79997      1.201    31.3314    23.4819 -9.990e-29
 167.458634      1.209  37.410157    13.3615    5.78783      1.199    31.3318    23.4821 -9.990e-29
 167.458640      1.206  37.410512    13.3599    5.78979      1.196    31.3334    23.4837 -9.990e-29
 167.458646      1.210  37.409164    13.3562    5.79979      1.200    31.3352    23.4858 -9.990e-29
 167.458652      1.221  37.406004    13.3534    5.80034      1.211    31.3346    23.4859 -9.990e-29
 167.458657      1.231  37.403554    13.3526    5.78062      1.221    31.3329    23.4848 -9.990e-29
 167.458663      1.237  37.403037    13.3523    5.77746      1.227    31.3327    23.4847 -9.990e-29
 167.458669      1.239  37.402643    13.3514    5.78786      1.229    31.3331    23.4851 -9.990e-29
 167.458675      1.237  37.401851    13.3504    5.80089      1.227    31.3332    23.4854 -9.990e-29
 167.458681      1.236  37.401293    13.3496    5.81598      1.226    31.3333    23.4856 -9.990e-29
 167.458686      1.239  37.400790    13.3490    5.80163      1.229    31.3333    23.4858 -9.990e-29
 167.458692      1.242  37.400236    13.3481    5.77265      1.232    31.3336    23.4861 -9.990e-29
 167.458698      1.242  37.399457    13.3461    5.77008      1.232    31.3345    23.4872 -9.990e-29
 167.458704      1.238  37.397979    13.3433    5.78992      1.228    31.3354    23.4885 -9.990e-29
 167.458709      1.235  37.396080    13.3369    5.81762      1.225    31.3389    23.4925 -9.990e-29
 167.458715      1.235  37.392353    13.3273    5.82060      1.225    31.3433    23.4978 -9.990e-29
 167.458721      1.237  37.385761    13.3260    5.80506      1.227    31.3382    23.4941 -9.990e-29
 167.458727      1.234  37.383784    13.3350    5.79287      1.224    31.3290    23.4852 -9.990e-29
 167.458733      1.226  37.391079    13.3440    5.79569      1.216    31.3284    23.4830 -9.990e-29
 167.458738      1.219  37.398865    13.3478    5.80731      1.209    31.3325    23.4854 -9.990e-29
 167.458744      1.219  37.401265    13.3488    5.80566      1.209    31.3339    23.4863 -9.990e-29
 167.458750      1.226  37.401485    13.3508    5.79123      1.216    31.3325    23.4848 -9.990e-29
 167.458756      1.234  37.403187    13.3542    5.79148      1.224    31.3313    23.4832 -9.990e-29
 167.458762      1.237  37.405839    13.3565    5.79055      1.227    31.3319    23.4832 -9.990e-29
 167.458767      1.236  37.406813    13.3579    5.79512      1.226    31.3316    23.4827 -9.990e-29
 167.458773      1.236  37.407973    13.3589    5.79915      1.226    31.3319    23.4827 -9.990e-29
 167.458779      1.240  37.409749    13.3578    5.79146      1.230    31.3344    23.4849 -9.990e-29
 167.458785      1.244  37.408342    13.3556    5.78123      1.234    31.3349    23.4857 -9.990e-29
 167.458791      1.245  37.405248    13.3542    5.79247      1.235    31.3332    23.4847 -9.990e-29
 167.458796      1.246  37.403634    13.3516    5.79854      1.236    31.3338    23.4857 -9.990e-29
 167.458802      1.253  37.401914    13.3469    5.80506      1.243    31.3361    23.4883 -9.990e-29
 167.458808      1.261  37.398360    13.3434    5.81000      1.250    31.3357    23.4887 -9.990e-29
 167.458814      1.267  37.395531    13.3445    5.80516      1.256    31.3321    23.4857 -9.990e-29
 167.458819      1.270  37.396947    13.3485    5.80466      1.259    31.3301    23.4834 -9.990e-29
 167.458825      1.272  37.401135    13.3516    5.79612      1.261    31.3315    23.4839 -9.990e-29
 167.458831      1.272  37.403586    13.3533    5.79331      1.261    31.3324    23.4842 -9.990e-29
 167.458837      1.270  37.403647    13.3552    5.78805      1.259    31.3309    23.4827 -9.990e-29
 167.458843      1.266  37.403648    13.3550    5.78789      1.255    31.3310    23.4828 -9.990e-29
 167.458848      1.264  37.401350    13.3494    5.79697      1.253    31.3335    23.4858 -9.990e-29
 167.458854      1.268  37.394818    13.3419    5.80604      1.257    31.3336    23.4874 -9.990e-29
 167.458860      1.275  37.389369    13.3385    5.80827      1.264    31.3313    23.4863 -9.990e-29
 167.458866      1.280  37.388961    13.3392    5.79968      1.269    31.3303    23.4854 -9.990e-29
 167.458872      1.284  37.390807    13.3411    5.78131      1.273    31.3305    23.4852 -9.990e-29
 167.458877      1.287  37.392323    13.3412    5.77331      1.276    31.3318    23.4862 -9.990e-29
 167.458883      1.289  37.392170    13.3371    5.77604      1.278    31.3351    23.4895 -9.990e-29
 167.458889      1.290  37.389025    13.3320    5.80113      1.279    31.3363    23.4915 -9.990e-29
 167.458895      1.291  37.385993    13.3302    5.80453      1.280    31.3350    23.4908 -9.990e-29
 167.458900      1.291  37.385764    13.3316    5.80286      1.280    31.3336    23.4894 -9.990e-29
 167.458906      1.290  37.386353    13.3344    5.79836      1.279    31.3319    23.4875 -9.990e-29
 167.458912      1.289  37.386868    13.3380    5.79696      1.278    31.3294    23.4849 -9.990e-29
 167.458918      1.287  37.388560    13.3422    5.79716      1.276    31.3275    23.4826 -9.990e-29
 167.458924      1.289  37.392008    13.3472    5.79505      1.278    31.3266    23.4809 -9.990e-29
 167.458929      1.298  37.396766    13.3520    5.80007      1.287    31.3271    23.4804 -9.990e-29
 167.458935      1.312  37.400768    13.3548    5.79580      1.301    31.3285    23.4809 -9.990e-29
 167.458941      1.327  37.402625    13.3564    5.80341      1.316    31.3289    23.4809 -9.990e-29
 167.458947      1.343  37.403695    13.3579    5.80436      1.332    31.3287    23.4804 -9.990e-29
 167.458953      1.362  37.404849    13.3590    5.79189      1.351    31.3288    23.4803 -9.990e-29
 167.458958      1.384  37.405386    13.3590    5.78995      1.372    31.3293    23.4807 -9.990e-29
 167.458964      1.413  37.404905    13.3569    5.78843      1.401    31.3306    23.4821 -9.990e-29
