data/oxygen options/ONMS/Olympic_Coast_National_Marine_Sanctuary_Hypoxia_Survey_CTD_Data_2004_2015/raw_data/2004/CTD_TH35_061604faed.cnv
* Sea-Bird SBE19 Data File:
* FileName = C:\WINDOWS\Desktop\put hypoxia files here\CTD files\TH\TH35m061604.hex
* Software Version 1.1.4
* Temperature SN = 2997
* Conductivity SN = 2997
* System UpLoad Time = Jun 16 2004 13:32:58
** Teahwhit Head hypoxia June 16, 2004 35 m TH3.5
* SEACAT PROFILER V3.1c SN 2997   06/16/04  13:36:47.565
# nquan = 9                                 
# nvalues = 745                         
# units = specified
# name 0 = timeJ: Julian Days
# name 1 = prSM: Pressure, Strain Gauge [db]
# name 2 = c0mS/cm: Conductivity [mS/cm]
# name 3 = t090C: Temperature [ITS-90, deg C]
# name 4 = oxML/L: Oxygen, Beckman/YSI [ml/l]
# name 5 = depSM: Depth [salt water, m], lat = 47.5
# name 6 = sal00: Salinity, Practical [PSU]
# name 7 = sigma-é00: Density [sigma-theta, kg/m^3]
# name 8 = flag: flag
# span 0 = 168.550243, 168.554549       
# span 1 =     -5.712,     36.234       
# span 2 =   0.226575,  38.501005       
# span 3 =     7.7040,    17.3910       
# span 4 =   -0.05040,   28.34815       
# span 5 =     -5.664,     35.928       
# span 6 =     0.1280,    33.2592       
# span 7 =    -1.1941,    25.9480       
# span 8 = 0.0000e+00, 0.0000e+00       
# interval = seconds: 0.5
# start_time = Jun 16 2004 13:12:21 [Instrument's time stamp, header]
# bad_flag = -9.990e-29
*END*
[from data line 161]
 168.551175     -1.349  38.083970    14.1376   12.96146     -1.338    31.3207    23.3174 -9.990e-29
 168.551181     -1.330  38.115985    14.1883   12.98896     -1.319    31.3089    23.2979 -9.990e-29
 168.551186     -1.311  38.152002    14.2080    9.25115     -1.300    31.3258    23.3069 -9.990e-29
 168.551192     -1.294  38.123940    14.1433    4.97656     -1.283    31.3527    23.3409 -9.990e-29
 168.551198     -1.276  38.021344    14.0487    2.52832     -1.265    31.3356    23.3471 -9.990e-29
 168.551204     -1.254  37.878547    13.9853    1.81015     -1.244    31.2561    23.2986 -9.990e-29
 168.551209     -1.236  37.759828    13.9707    3.21303     -1.226    31.1590    23.2266 -9.990e-29
 168.551215     -1.226  37.712195    13.9983    4.42001     -1.216    31.0929    23.1701 -9.990e-29
 168.551221     -1.217  37.728799    14.0397    4.89912     -1.207    31.0747    23.1476 -9.990e-29
 168.551227     -1.205  37.761677    14.0769    5.17207     -1.195    31.0748    23.1401 -9.990e-29
 168.551233     -1.194  37.785696    14.1173    5.30660     -1.184    31.0642    23.1237 -9.990e-29
 168.551238     -1.187  37.817765    14.1566    5.42682     -1.177    31.0619    23.1139 -9.990e-29
 168.551244     -1.180  37.851301    14.1753    5.54343     -1.170    31.0775    23.1221 -9.990e-29
 168.551250     -1.168  37.860924    14.1742    5.61527     -1.158    31.0871    23.1298 -9.990e-29
 168.551256     -1.154  37.853322    14.1794    5.64721     -1.144    31.0760    23.1201 -9.990e-29
 168.551262     -1.142  37.853720    14.2069    5.70049     -1.132    31.0542    23.0977 -9.990e-29
 168.551267     -1.130  37.876125    14.2631    5.76380     -1.121    31.0295    23.0671 -9.990e-29
 168.551273     -1.119  37.926866    14.3468    5.75773     -1.110    31.0086    23.0337 -9.990e-29
 168.551279     -1.107  38.001256    14.4413    5.72611     -1.098    31.0005    23.0079 -9.990e-29
 168.551285     -1.094  38.079025    14.5152    5.69519     -1.085    31.0119    23.0014 -9.990e-29
 168.551291     -1.083  38.142170    14.5251    5.68541     -1.074    31.0612    23.0373 -9.990e-29
 168.551296     -1.078  38.152068    14.4873    5.66897     -1.069    31.1005    23.0755 -9.990e-29
 168.551302     -1.075  38.107364    14.4648    5.65982     -1.066    31.0780    23.0628 -9.990e-29
 168.551308     -1.068  38.079739    14.4627    5.66617     -1.059    31.0546    23.0452 -9.990e-29
 168.551314     -1.057  38.094633    14.4395    5.71363     -1.048    31.0867    23.0747 -9.990e-29
 168.551319     -1.042  38.093943    14.4086    5.75094     -1.033    31.1109    23.0998 -9.990e-29
 168.551325     -1.021  38.059382    14.4273    5.76233     -1.012    31.0645    23.0601 -9.990e-29
 168.551331     -0.998  38.054270    14.4888    5.73956     -0.990    31.0106    23.0058 -9.990e-29
 168.551337     -0.980  38.103770    14.5463    5.71685     -0.972    31.0095    22.9930 -9.990e-29
 168.551343     -0.965  38.161149    14.5784    5.72616     -0.957    31.0357    23.0066 -9.990e-29
 168.551348     -0.948  38.190752    14.5808    5.74783     -0.940    31.0606    23.0253 -9.990e-29
 168.551354     -0.933  38.192812    14.5738    5.76802     -0.925    31.0681    23.0325 -9.990e-29
 168.551360     -0.922  38.189734    14.5920    5.75965     -0.914    31.0507    23.0153 -9.990e-29
 168.551366     -0.916  38.208842    14.6287    5.75901     -0.908    31.0387    22.9984 -9.990e-29
 168.551372     -0.914  38.239163    14.6541    5.78277     -0.906    31.0458    22.9985 -9.990e-29
 168.551377     -0.911  38.256636    14.6551    5.79600     -0.903    31.0608    23.0099 -9.990e-29
 168.551383     -0.902  38.257660    14.6399    5.79635     -0.894    31.0738    23.0231 -9.990e-29
 168.551389     -0.893  38.244744    14.6256    5.77413     -0.886    31.0736    23.0259 -9.990e-29
 168.551395     -0.885  38.225367    14.6155    5.74290     -0.878    31.0642    23.0207 -9.990e-29
 168.551400     -0.880  38.211293    14.6023    5.67965     -0.873    31.0620    23.0218 -9.990e-29
 168.551406     -0.876  38.204526    14.5763    5.60884     -0.869    31.0766    23.0386 -9.990e-29
 168.551412     -0.873  38.188209    14.5242    5.56951     -0.866    31.1036    23.0702 -9.990e-29
 168.551418     -0.867  38.144530    14.4194    5.56945     -0.860    31.1481    23.1262 -9.990e-29
 168.551424     -0.852  38.050607    14.2739    5.63991     -0.845    31.1798    23.1807 -9.990e-29
 168.551429     -0.834  37.915851    14.1668    5.71012     -0.827    31.1432    23.1745 -9.990e-29
 168.551435     -0.818  37.819747    14.1469    5.76397     -0.811    31.0714    23.1232 -9.990e-29
 168.551441     -0.808  37.811400    14.1973    5.79280     -0.801    31.0232    23.0757 -9.990e-29
 168.551447     -0.803  37.866773    14.2798    5.80234     -0.796    31.0075    23.0467 -9.990e-29
 168.551453     -0.804  37.941355    14.3663    5.82851     -0.797    31.0060    23.0277 -9.990e-29
 168.551458     -0.810  38.007846    14.4442    5.82050     -0.803    31.0041    23.0101 -9.990e-29
 168.551464     -0.821  38.062377    14.4993    5.80874     -0.814    31.0095    23.0028 -9.990e-29
 168.551470     -0.830  38.092986    14.5289    5.78856     -0.823    31.0135    22.9998 -9.990e-29
 168.551476     -0.829  38.108542    14.5487    5.74736     -0.822    31.0118    22.9944 -9.990e-29
 168.551481     -0.821  38.135985    14.5700    5.68772     -0.814    31.0196    22.9959 -9.990e-29
 168.551487     -0.812  38.170977    14.5785    5.65830     -0.805    31.0445    23.0133 -9.990e-29
 168.551493     -0.799  38.188388    14.5478    5.67976     -0.792    31.0848    23.0508 -9.990e-29
 168.551499     -0.783  38.166580    14.4604    5.75515     -0.776    31.1351    23.1078 -9.990e-29
 168.551505     -0.762  38.092205    14.3654    5.80040     -0.756    31.1439    23.1342 -9.990e-29
 168.551510     -0.739  37.995694    14.3564    5.79461     -0.733    31.0633    23.0739 -9.990e-29
 168.551516     -0.717  37.962646    14.4310    5.74888     -0.711    30.9735    22.9893 -9.990e-29
 168.551522     -0.696  38.031448    14.5103    5.73731     -0.690    30.9726    22.9721 -9.990e-29
 168.551528     -0.676  38.128932    14.5299    5.75180     -0.670    31.0452    23.0240 -9.990e-29
 168.551534     -0.662  38.167464    14.4842    5.79484     -0.656    31.1168    23.0887 -9.990e-29
 168.551539     -0.653  38.138437    14.4362    5.83309     -0.648    31.1290    23.1080 -9.990e-29
 168.551545     -0.649  38.093483    14.4271    5.83885     -0.644    31.0954    23.0841 -9.990e-29
 168.551551     -0.648  38.071397    14.4561    5.77646     -0.643    31.0521    23.0447 -9.990e-29
 168.551557     -0.650  38.082566    14.5194    5.67158     -0.645    31.0116    23.0003 -9.990e-29
 168.551562     -0.653  38.133483    14.5646    5.59341     -0.648    31.0216    22.9986 -9.990e-29
 168.551568     -0.646  38.177624    14.5244    5.58448     -0.641    31.0938    23.0626 -9.990e-29
 168.551574     -0.631  38.149343    14.3915    5.65989     -0.626    31.1748    23.1526 -9.990e-29
 168.551580     -0.614  38.033966    14.2441    5.80768     -0.609    31.1885    23.1936 -9.990e-29
 168.551586     -0.599  37.896440    14.1931    5.90336     -0.594    31.1041    23.1390 -9.990e-29
 168.551591     -0.584  37.849004    14.2561    5.92200     -0.579    31.0102    23.0536 -9.990e-29
 168.551597     -0.569  37.909726    14.3796    5.92488     -0.564    30.9665    22.9945 -9.990e-29
 168.551603     -0.553  38.021026    14.5182    5.87944     -0.548    30.9568    22.9583 -9.990e-29
 168.551609     -0.535  38.142299    14.6309    5.79369     -0.531    30.9766    22.9501 -9.990e-29
 168.551615     -0.518  38.237267    14.6884    5.67917     -0.514    31.0166    22.9689 -9.990e-29
 168.551620     -0.505  38.284505    14.6767    5.63010     -0.501    31.0685    23.0113 -9.990e-29
 168.551626     -0.495  38.274671    14.5772    5.62009     -0.491    31.1393    23.0866 -9.990e-29
 168.551632     -0.488  38.187949    14.4281    5.64292     -0.484    31.1804    23.1493 -9.990e-29
 168.551638     -0.483  38.053457    14.3555    5.69353     -0.479    31.1165    23.1151 -9.990e-29
 168.551644     -0.480  37.986373    14.3771    5.73294     -0.476    31.0382    23.0503 -9.990e-29
 168.551649     -0.474  37.985301    14.3831    5.81045     -0.470    31.0324    23.0446 -9.990e-29
 168.551655     -0.461  37.962988    14.3588    5.88484     -0.457    31.0316    23.0490 -9.990e-29
 168.551661     -0.444  37.972403    14.3841    5.90456     -0.440    31.0198    23.0347 -9.990e-29
 168.551667     -0.431  38.048638    14.4936    5.85162     -0.427    31.0014    22.9978 -9.990e-29
 168.551672     -0.425  38.157218    14.6157    5.81377     -0.421    31.0022    22.9730 -9.990e-29
 168.551678     -0.422  38.256614    14.6572    5.82050     -0.418    31.0589    23.0080 -9.990e-29
 168.551684     -0.416  38.288817    14.6076    5.81506     -0.413    31.1277    23.0714 -9.990e-29
 168.551690     -0.413  38.236229    14.5568    5.78568     -0.410    31.1208    23.0767 -9.990e-29
 168.551696     -0.416  38.174607    14.5824    5.71424     -0.413    31.0445    23.0125 -9.990e-29
 168.551701     -0.420  38.195683    14.6198    5.66116     -0.416    31.0337    22.9964 -9.990e-29
 168.551707     -0.423  38.234437    14.5718    5.70866     -0.419    31.1072    23.0630 -9.990e-29
 168.551713     -0.424  38.189987    14.4545    5.77529     -0.420    31.1610    23.1289 -9.990e-29
 168.551719     -0.422  38.085563    14.3637    5.78593     -0.418    31.1391    23.1309 -9.990e-29
 168.551725     -0.424  38.000712    14.3491    5.79426     -0.420    31.0736    23.0834 -9.990e-29
 168.551730     -0.427  37.982157    14.3923    5.78872     -0.423    31.0221    23.0348 -9.990e-29
 168.551736     -0.425  38.026466    14.4489    5.75789     -0.421    31.0170    23.0191 -9.990e-29
 168.551742     -0.412  38.090643    14.4777    5.75218     -0.409    31.0522    23.0403 -9.990e-29
 168.551748     -0.392  38.134071    14.4853    5.78978     -0.389    31.0855    23.0643 -9.990e-29
 168.551753     -0.373  38.159713    14.4640    5.83240     -0.370    31.1259    23.0999 -9.990e-29
 168.551759     -0.357  38.153531    14.3952    5.87717     -0.354    31.1755    23.1524 -9.990e-29
 168.551765     -0.344  38.082057    14.3628    5.88704     -0.341    31.1366    23.1291 -9.990e-29
 168.551771     -0.333  38.015487    14.4316    5.81503     -0.330    31.0209    23.0257 -9.990e-29
 168.551777     -0.322  38.054094    14.5384    5.72136     -0.319    30.9705    22.9647 -9.990e-29
 168.551782     -0.312  38.159045    14.6052    5.69622     -0.309    31.0122    22.9829 -9.990e-29
 168.551788     -0.301  38.226295    14.5707    5.70713     -0.298    31.1006    23.0582 -9.990e-29
 168.551794     -0.289  38.186241    14.4378    5.74898     -0.287    31.1710    23.1401 -9.990e-29
 168.551800     -0.276  38.054508    14.3085    5.81469     -0.274    31.1552    23.1547 -9.990e-29
 168.551806     -0.264  37.932015    14.2723    5.84340     -0.262    31.0727    23.0985 -9.990e-29
 168.551811     -0.261  37.899990    14.3322    5.82005     -0.259    30.9955    23.0267 -9.990e-29
 168.551817     -0.268  37.961714    14.4272    5.79177     -0.266    30.9756    22.9917 -9.990e-29
 168.551823     -0.276  38.060383    14.4831    5.80588     -0.274    31.0204    23.0146 -9.990e-29
 168.551829     -0.281  38.127332    14.4421    5.84307     -0.279    31.1140    23.0953 -9.990e-29
 168.551834     -0.284  38.090873    14.3470    5.90710     -0.282    31.1573    23.1484 -9.990e-29
 168.551840     -0.284  37.978149    14.3448    5.89431     -0.282    31.0565    23.0711 -9.990e-29
 168.551846     -0.283  37.958043    14.4695    5.78532     -0.281    30.9385    22.9543 -9.990e-29
 168.551852     -0.279  38.078338    14.5865    5.70738     -0.277    30.9541    22.9420 -9.990e-29
 168.551858     -0.273  38.197088    14.5633    5.72413     -0.271    31.0801    23.0439 -9.990e-29
 168.551863     -0.264  38.190519    14.4087    5.80471     -0.262    31.1983    23.1672 -9.990e-29
 168.551869     -0.256  38.063949    14.2658    5.81950     -0.254    31.1982    23.1967 -9.990e-29
 168.551875     -0.252  37.933592    14.2619    5.75817     -0.250    31.0825    23.1082 -9.990e-29
 168.551881     -0.249  37.939736    14.3589    5.72710     -0.247    31.0103    23.0325 -9.990e-29
 168.551887     -0.241  38.060258    14.3923    5.75602     -0.239    31.0930    23.0894 -9.990e-29
 168.551892     -0.232  38.100236    14.3220    5.80397     -0.230    31.1860    23.1756 -9.990e-29
 168.551898     -0.227  38.001399    14.2665    5.80996     -0.225    31.1406    23.1521 -9.990e-29
 168.551904     -0.220  37.912464    14.3077    5.79505     -0.218    31.0265    23.0556 -9.990e-29
 168.551910     -0.211  37.949873    14.4018    5.83370     -0.209    30.9851    23.0043 -9.990e-29
 168.551916     -0.204  38.056925    14.4498    5.84381     -0.202    31.0439    23.0396 -9.990e-29
 168.551921     -0.198  38.098156    14.4460    5.88897     -0.196    31.0844    23.0716 -9.990e-29
 168.551927     -0.193  38.068564    14.4654    5.94893     -0.191    31.0420    23.0349 -9.990e-29
 168.551933     -0.185  38.071199    14.5311    5.91771     -0.183    30.9918    22.9826 -9.990e-29
 168.551939     -0.168  38.125287    14.6201    5.83482     -0.167    30.9697    22.9471 -9.990e-29
 168.551944     -0.146  38.205359    14.7014    5.82709     -0.145    30.9773    22.9359 -9.990e-29
 168.551950     -0.125  38.286940    14.7245    5.84403     -0.124    31.0325    22.9735 -9.990e-29
 168.551956     -0.110  38.309990    14.6548    5.84020     -0.109    31.1089    23.0470 -9.990e-29
 168.551962     -0.099  38.239642    14.5627    5.81362     -0.098    31.1190    23.0741 -9.990e-29
 168.551968     -0.090  38.141997    14.5544    5.76912     -0.089    31.0373    23.0128 -9.990e-29
 168.551973     -0.085  38.138166    14.5721    5.69359     -0.084    31.0196    22.9955 -9.990e-29
 168.551979     -0.082  38.188811    14.5291    5.68763     -0.081    31.0999    23.0663 -9.990e-29
 168.551985     -0.081  38.173561    14.4580    5.75949     -0.080    31.1431    23.1144 -9.990e-29
 168.551991     -0.082  38.105770    14.3761    5.84939     -0.081    31.1474    23.1347 -9.990e-29
 168.551997     -0.085  38.028563    14.2968    5.87973     -0.084    31.1409    23.1461 -9.990e-29
 168.552002     -0.091  37.950626    14.2732    5.87949     -0.090    31.0889    23.1108 -9.990e-29
 168.552008     -0.095  37.908840    14.3292    5.87743     -0.094    31.0059    23.0353 -9.990e-29
 168.552014     -0.093  37.952379    14.4279    5.80544     -0.092    30.9665    22.9845 -9.990e-29
 168.552020     -0.090  38.049552    14.5129    5.72882     -0.089    30.9867    22.9825 -9.990e-29
 168.552025     -0.090  38.128018    14.5586    5.72500     -0.089    31.0213    22.9996 -9.990e-29
 168.552031     -0.088  38.172393    14.5074    5.80225     -0.087    31.1024    23.0728 -9.990e-29
 168.552037     -0.080  38.128004    14.3543    5.88499     -0.079    31.1852    23.1683 -9.990e-29
 168.552043     -0.070  37.982813    14.2587    5.89198     -0.069    31.1299    23.1454 -9.990e-29
 168.552049     -0.061  37.891023    14.3323    5.86300     -0.060    30.9872    23.0202 -9.990e-29
 168.552054     -0.053  37.963567    14.4868    5.83991     -0.053    30.9296    22.9439 -9.990e-29
 168.552060     -0.045  38.117096    14.5713    5.81973     -0.045    31.0012    22.9815 -9.990e-29
 168.552066     -0.037  38.204645    14.5454    5.81002     -0.037    31.1012    23.0639 -9.990e-29
 168.552072     -0.028  38.180333    14.4755    5.87159     -0.028    31.1352    23.1047 -9.990e-29
 168.552078     -0.018  38.088630    14.4384    5.89388     -0.018    31.0817    23.0712 -9.990e-29
 168.552083     -0.010  38.028283    14.4764    5.81747     -0.010    30.9965    22.9976 -9.990e-29
 168.552089     -0.009  38.064107    14.5726    5.69578     -0.009    30.9522    22.9435 -9.990e-29
