data/oxygen options/ONMS/Olympic_Coast_National_Marine_Sanctuary_Hypoxia_Survey_CTD_Data_2004_2015/raw_data/2004/CTD_CE90_090704faed.cnv
* Sea-Bird SBE19 Data File:
* FileName = C:\WINDOWS\Desktop\put hypoxia files here\CTD data\September 07_0804\CE\Raw\CE90_090704.hex
* Software Version 1.1.4
* Temperature SN = 2997
* Conductivity SN = 2997
* System UpLoad Time = Sep 07 2004 16:00:50
* SEACAT PROFILER V3.1c SN 2997   09/07/04  16:02:48.435
* strain gauge pressure sensor: S/N = 184829,  range = 3000 psia,  tc = 40
# nquan = 9                                 
# nvalues = 952                         
# units = specified
# name 0 = timeJ: Julian Days
# name 1 = prSM: Pressure, Strain Gauge [db]
# name 2 = c0mS/cm: Conductivity [mS/cm]
# name 3 = t090C: Temperature [ITS-90, deg C]
# name 4 = oxML/L: Oxygen, Beckman/YSI [ml/l]
# name 5 = depSM: Depth [salt water, m], lat = 47.5
# name 6 = sal00: Salinity, Practical [PSU]
# name 7 = sigma-é00: Density [sigma-theta, kg/m^3]
# name 8 = flag: flag
# span 0 = 251.526042, 251.531545       
# span 1 =     -5.067,     92.560       
# span 2 =   0.639103,  40.956133       
# span 3 =     7.4781,    17.3243       
# span 4 =   -0.04822,   26.56797       
# span 5 =     -5.025,     91.767       
# span 6 =     0.3833,    33.8481       
# span 7 =    -0.7045,    26.4457       
# span 8 = 0.0000e+00, 0.0000e+00       
# interval = seconds: 0.5
# start_time = Sep 07 2004 12:37:30 [Instrument's time stamp, header]
# bad_flag = -9.990e-29
*END*
[from data line 641]
 251.529751     78.752  34.661236     7.5589    2.33871     78.080    33.7248    26.3374 0.0000e+00
 251.529757     79.234  34.660216     7.5560    2.33713     78.558    33.7263    26.3390 0.0000e+00
 251.529763     79.714  34.661378     7.5529    2.32566     79.033    33.7303    26.3426 0.0000e+00
 251.529769     80.182  34.664585     7.5477    2.32951     79.497    33.7386    26.3498 0.0000e+00
 251.529774     80.640  34.670187     7.5394    2.35239     79.951    33.7525    26.3620 0.0000e+00
 251.529780     81.089  34.678924     7.5288    2.37781     80.396    33.7720    26.3788 0.0000e+00
 251.529786     81.533  34.689551     7.5183    2.41246     80.837    33.7935    26.3972 0.0000e+00
 251.529792     81.971  34.698858     7.5099    2.43699     81.271    33.8116    26.4126 0.0000e+00
 251.529797     82.400  34.704676     7.5039    2.46234     81.696    33.8235    26.4229 0.0000e+00
 251.529803     82.822  34.707473     7.4994    2.47933     82.114    33.8307    26.4292 0.0000e+00
 251.529809     83.237  34.708732     7.4955    2.48975     82.526    33.8357    26.4337 0.0000e+00
 251.529815     83.651  34.709006     7.4918    2.50730     82.936    33.8394    26.4371 0.0000e+00
 251.529821     84.073  34.708659     7.4886    2.51584     83.354    33.8419    26.4396 0.0000e+00
 251.529826     84.509  34.708347     7.4859    2.51703     83.787    33.8440    26.4416 0.0000e+00
 251.529832     84.955  34.708211     7.4837    2.51540     84.229    33.8458    26.4433 0.0000e+00
 251.529838     85.407  34.708068     7.4820    2.51961     84.677    33.8471    26.4446 0.0000e+00
 251.529844     85.862  34.707722     7.4806    2.53094     85.128    33.8479    26.4454 0.0000e+00
 251.529850     86.321  34.707271     7.4799    2.53034     85.583    33.8478    26.4455 0.0000e+00
 251.529855     86.773  34.707231     7.4797    2.52322     86.031    33.8478    26.4455 0.0000e+00
 251.529861     87.208  34.707545     7.4796    2.52934     86.462    33.8480    26.4457 0.0000e+00
 251.529867     87.629  34.707505     7.4793    2.53429     86.879    33.8481    26.4457 0.0000e+00
 251.529873     88.045  34.707058     7.4791    2.53704     87.292    33.8476    26.4454 0.0000e+00
 251.529878     88.461  34.706727     7.4789    2.53361     87.704    33.8472    26.4451 0.0000e+00
 251.529884     88.879  34.706626     7.4787    2.53245     88.118    33.8471    26.4451 0.0000e+00
 251.529890     89.293  34.706619     7.4783    2.53088     88.529    33.8473    26.4453 0.0000e+00
 251.529896     89.698  34.706693     7.4781    2.53138     88.930    33.8473    26.4454 0.0000e+00
 251.529902     90.088  34.706945     7.4781    2.52110     89.317    33.8474    26.4455 0.0000e+00
 251.529907     90.462  34.707147     7.4782    2.52420     89.687    33.8474    26.4454 0.0000e+00
 251.529913     90.814  34.707006     7.4783    2.53514     90.036    33.8470    26.4451 0.0000e+00
 251.529919     91.133  34.706892     7.4783    2.53086     90.352    33.8467    26.4448 0.0000e+00
 251.529925     91.409  34.707211     7.4784    2.54034     90.626    33.8468    26.4449 0.0000e+00
 251.529931     91.637  34.707824     7.4791    2.54516     90.852    33.8467    26.4447 0.0000e+00
 251.529936     91.819  34.708424     7.4807    2.54513     91.032    33.8457    26.4437 0.0000e+00
 251.529942     91.964  34.709249     7.4827    2.53935     91.176    33.8445    26.4425 -9.990e-29
 251.529948     92.079  34.710278     7.4842    2.53206     91.290    33.8441    26.4420 -9.990e-29
 251.529954     92.168  34.710641     7.4845    2.53702     91.378    33.8442    26.4420 -9.990e-29
 251.529959     92.232  34.709699     7.4841    2.54095     91.442    33.8435    26.4416 -9.990e-29
 251.529965     92.280  34.707318     7.4835    2.52759     91.489    33.8415    26.4401 -9.990e-29
 251.529971     92.319  34.704245     7.4831    2.51343     91.528    33.8386    26.4378 -9.990e-29
 251.529977     92.351  34.701425     7.4829    2.50736     91.560    33.8357    26.4356 -9.990e-29
 251.529983     92.378  34.699582     7.4830    2.51135     91.587    33.8336    26.4339 -9.990e-29
 251.529988     92.403  34.699622     7.4831    2.51302     91.611    33.8335    26.4338 -9.990e-29
 251.529994     92.427  34.701036     7.4830    2.51549     91.635    33.8351    26.4351 -9.990e-29
 251.530000     92.450  34.702347     7.4830    2.51540     91.658    33.8365    26.4362 -9.990e-29
 251.530006     92.476  34.703058     7.4832    2.52566     91.684    33.8371    26.4366 -9.990e-29
 251.530012     92.500  34.703557     7.4835    2.52398     91.707    33.8373    26.4368 -9.990e-29
 251.530017     92.517  34.703947     7.4834    2.53141     91.724    33.8378    26.4372 -9.990e-29
 251.530023     92.527  34.704189     7.4833    2.53090     91.734    33.8382    26.4375 -9.990e-29
 251.530029     92.535  34.704602     7.4834    2.52930     91.742    33.8385    26.4377 -9.990e-29
 251.530035     92.541  34.705177     7.4835    2.52245     91.748    33.8391    26.4381 -9.990e-29
 251.530041     92.551  34.705559     7.4836    2.51694     91.758    33.8394    26.4384 -9.990e-29
 251.530046     92.560  34.705696     7.4837    2.51686     91.767    33.8394    26.4384 -9.990e-29
 251.530052     92.560  34.705770     7.4841    2.52793     91.767    33.8391    26.4381 -9.990e-29
 251.530058     92.557  34.705880     7.4841    2.53373     91.764    33.8392    26.4382 -9.990e-29
 251.530064     92.554  34.706169     7.4839    2.52530     91.761    33.8397    26.4386 -9.990e-29
 251.530069     92.550  34.706462     7.4839    2.51209     91.757    33.8401    26.4389 -9.990e-29
 251.530075     92.542  34.706590     7.4840    2.49747     91.749    33.8401    26.4389 -9.990e-29
 251.530081     92.524  34.706723     7.4844    2.49747     91.731    33.8399    26.4386 -9.990e-29
 251.530087     92.500  34.707036     7.4850    2.50421     91.707    33.8396    26.4384 -9.990e-29
 251.530093     92.472  34.707384     7.4855    2.51914     91.680    33.8395    26.4382 -9.990e-29
 251.530098     92.438  34.707671     7.4857    2.54223     91.646    33.8397    26.4383 -9.990e-29
 251.530104     92.402  34.708280     7.4858    2.54684     91.610    33.8403    26.4387 -9.990e-29
 251.530110     92.359  34.708901     7.4860    2.53611     91.568    33.8407    26.4391 -9.990e-29
 251.530116     92.304  34.709239     7.4867    2.52592     91.513    33.8405    26.4388 -9.990e-29
 251.530122     92.238  34.709746     7.4870    2.52670     91.448    33.8407    26.4390 -9.990e-29
 251.530127     92.168  34.709975     7.4861    2.53111     91.378    33.8419    26.4400 -9.990e-29
 251.530133     92.107  34.709112     7.4845    2.52667     91.318    33.8426    26.4407 -9.990e-29
 251.530139     92.065  34.707687     7.4830    2.52213     91.276    33.8425    26.4409 -9.990e-29
 251.530145     92.044  34.706602     7.4820    2.53588     91.255    33.8423    26.4409 -9.990e-29
 251.530150     92.036  34.706091     7.4817    2.54190     91.248    33.8421    26.4407 -9.990e-29
 251.530156     92.039  34.706033     7.4813    2.53758     91.250    33.8424    26.4411 -9.990e-29
 251.530162     92.051  34.705788     7.4807    2.53174     91.262    33.8427    26.4414 -9.990e-29
 251.530168     92.069  34.705031     7.4804    2.52376     91.280    33.8422    26.4410 -9.990e-29
 251.530174     92.083  34.703870     7.4808    2.53376     91.294    33.8405    26.4396 -9.990e-29
 251.530179     92.078  34.703559     7.4816    2.53113     91.289    33.8394    26.4387 -9.990e-29
 251.530185     92.052  34.705362     7.4822    2.52011     91.263    33.8408    26.4397 -9.990e-29
 251.530191     92.003  34.707197     7.4825    2.51611     91.215    33.8425    26.4410 -9.990e-29
 251.530197     91.931  34.707589     7.4826    2.52304     91.143    33.8428    26.4412 -9.990e-29
 251.530203     91.841  34.707621     7.4825    2.52194     91.054    33.8430    26.4414 -9.990e-29
 251.530208     91.731  34.707335     7.4818    2.51531     90.945    33.8435    26.4418 -9.990e-29
 251.530214     91.594  34.706349     7.4810    2.52061     90.809    33.8432    26.4418 0.0000e+00
 251.530220     91.421  34.705591     7.4809    2.52932     90.638    33.8426    26.4413 0.0000e+00
 251.530226     91.202  34.705731     7.4813    2.53714     90.421    33.8425    26.4411 0.0000e+00
 251.530231     90.936  34.705831     7.4816    2.53066     90.157    33.8424    26.4410 0.0000e+00
 251.530237     90.639  34.705278     7.4813    2.51372     89.863    33.8422    26.4409 0.0000e+00
 251.530243     90.327  34.704459     7.4806    2.50760     89.554    33.8422    26.4410 0.0000e+00
 251.530249     90.007  34.703772     7.4801    2.50948     89.236    33.8421    26.4410 0.0000e+00
 251.530255     89.678  34.703421     7.4801    2.51521     88.910    33.8419    26.4408 0.0000e+00
 251.530260     89.334  34.703306     7.4804    2.51947     88.569    33.8416    26.4405 0.0000e+00
 251.530266     88.969  34.703269     7.4806    2.51088     88.207    33.8415    26.4405 0.0000e+00
 251.530272     88.590  34.703257     7.4807    2.50871     87.832    33.8416    26.4405 0.0000e+00
 251.530278     88.207  34.703250     7.4807    2.52628     87.452    33.8418    26.4406 0.0000e+00
 251.530284     87.827  34.703238     7.4807    2.52299     87.075    33.8420    26.4408 0.0000e+00
 251.530289     87.445  34.703199     7.4807    2.51619     86.697    33.8421    26.4409 0.0000e+00
 251.530295     87.056  34.703078     7.4807    2.50972     86.311    33.8422    26.4409 0.0000e+00
 251.530301     86.655  34.702710     7.4808    2.50362     85.914    33.8419    26.4406 0.0000e+00
 251.530307     86.244  34.702161     7.4811    2.51828     85.506    33.8412    26.4401 0.0000e+00
 251.530313     85.820  34.701817     7.4817    2.52404     85.086    33.8404    26.4394 0.0000e+00
 251.530318     85.389  34.701778     7.4825    2.52338     84.659    33.8398    26.4388 0.0000e+00
 251.530324     84.956  34.701988     7.4838    2.52233     84.230    33.8390    26.4379 0.0000e+00
 251.530330     84.524  34.702162     7.4855    2.52543     83.801    33.8377    26.4367 0.0000e+00
 251.530336     84.091  34.701970     7.4880    2.51780     83.372    33.8353    26.4344 0.0000e+00
 251.530341     83.660  34.701713     7.4914    2.50730     82.945    33.8319    26.4313 0.0000e+00
 251.530347     83.237  34.701607     7.4950    2.49514     82.526    33.8285    26.4280 0.0000e+00
 251.530353     82.830  34.701507     7.4981    2.48201     82.122    33.8255    26.4253 0.0000e+00
 251.530359     82.443  34.701278     7.5009    2.50337     81.739    33.8227    26.4227 0.0000e+00
 251.530365     82.069  34.700611     7.5038    2.50394     81.368    33.8194    26.4196 0.0000e+00
 251.530370     81.692  34.699175     7.5085    2.47266     80.994    33.8134    26.4143 0.0000e+00
 251.530376     81.305  34.695611     7.5175    2.44652     80.611    33.8010    26.4032 0.0000e+00
 251.530382     80.910  34.686845     7.5289    2.40885     80.219    33.7806    26.3856 0.0000e+00
 251.530388     80.512  34.674637     7.5376    2.39658     79.824    33.7591    26.3674 0.0000e+00
 251.530394     80.119  34.666248     7.5417    2.36770     79.435    33.7462    26.3567 0.0000e+00
 251.530399     79.732  34.663383     7.5437    2.33593     79.051    33.7414    26.3526 0.0000e+00
 251.530405     79.344  34.661661     7.5466    2.31681     78.667    33.7369    26.3487 0.0000e+00
 251.530411     78.952  34.658221     7.5505    2.30992     78.278    33.7296    26.3423 0.0000e+00
 251.530417     78.556  34.654078     7.5540    2.29776     77.886    33.7219    26.3358 0.0000e+00
 251.530422     78.156  34.651551     7.5570    2.30207     77.489    33.7164    26.3311 0.0000e+00
 251.530428     77.754  34.651193     7.5603    2.29807     77.091    33.7130    26.3279 0.0000e+00
 251.530434     77.349  34.652522     7.5644    2.30973     76.689    33.7107    26.3255 0.0000e+00
 251.530440     76.946  34.655066     7.5684    2.32745     76.290    33.7098    26.3242 0.0000e+00
 251.530446     76.548  34.657730     7.5713    2.34345     75.895    33.7100    26.3240 0.0000e+00
 251.530451     76.152  34.659581     7.5736    2.36203     75.503    33.7100    26.3236 0.0000e+00
 251.530457     75.750  34.660840     7.5761    2.37148     75.104    33.7091    26.3226 0.0000e+00
 251.530463     75.339  34.662063     7.5791    2.35540     74.697    33.7077    26.3210 0.0000e+00
 251.530469     74.921  34.663194     7.5816    2.35379     74.282    33.7067    26.3199 0.0000e+00
 251.530475     74.504  34.663499     7.5828    2.37644     73.869    33.7061    26.3192 0.0000e+00
 251.530480     74.092  34.662820     7.5830    2.39981     73.460    33.7053    26.3186 0.0000e+00
 251.530486     73.680  34.661932     7.5830    2.41836     73.052    33.7046    26.3180 0.0000e+00
 251.530492     73.264  34.661328     7.5833    2.40983     72.640    33.7038    26.3174 0.0000e+00
 251.530498     72.842  34.660759     7.5840    2.41165     72.221    33.7027    26.3164 0.0000e+00
 251.530503     72.414  34.659463     7.5844    2.42408     71.797    33.7012    26.3151 0.0000e+00
 251.530509     71.982  34.657390     7.5843    2.44106     71.369    33.6992    26.3136 0.0000e+00
 251.530515     71.561  34.655695     7.5841    2.45868     70.951    33.6978    26.3125 0.0000e+00
 251.530521     71.164  34.654921     7.5841    2.45052     70.558    33.6971    26.3119 0.0000e+00
 251.530527     70.778  34.654591     7.5844    2.43027     70.175    33.6967    26.3115 0.0000e+00
 251.530532     70.387  34.654261     7.5852    2.42524     69.788    33.6957    26.3107 0.0000e+00
 251.530538     69.988  34.653486     7.5857    2.42760     69.392    33.6946    26.3097 0.0000e+00
 251.530544     69.585  34.652351     7.5856    2.44022     68.993    33.6937    26.3090 0.0000e+00
 251.530550     69.182  34.651582     7.5852    2.46181     68.593    33.6934    26.3088 0.0000e+00
 251.530556     68.780  34.651271     7.5848    2.46869     68.195    33.6937    26.3091 0.0000e+00
 251.530561     68.375  34.651001     7.5847    2.45622     67.793    33.6937    26.3091 0.0000e+00
 251.530567     67.958  34.650408     7.5848    2.45464     67.380    33.6931    26.3086 0.0000e+00
 251.530573     67.528  34.649257     7.5850    2.45540     66.953    33.6919    26.3076 0.0000e+00
 251.530579     67.093  34.647693     7.5847    2.47298     66.522    33.6907    26.3067 0.0000e+00
 251.530584     66.658  34.645868     7.5841    2.48764     66.091    33.6895    26.3059 0.0000e+00
 251.530590     66.230  34.644149     7.5840    2.47457     65.667    33.6880    26.3047 0.0000e+00
 251.530596     65.809  34.643044     7.5840    2.46527     65.249    33.6870    26.3039 0.0000e+00
 251.530602     65.384  34.642196     7.5838    2.46466     64.828    33.6865    26.3035 0.0000e+00
 251.530608     64.953  34.640471     7.5834    2.47347     64.401    33.6852    26.3026 0.0000e+00
 251.530613     64.520  34.637808     7.5830    2.48805     63.972    33.6829    26.3008 0.0000e+00
 251.530619     64.083  34.635697     7.5828    2.49016     63.538    33.6810    26.2994 0.0000e+00
 251.530625     63.640  34.634683     7.5826    2.47657     63.099    33.6803    26.2989 0.0000e+00
 251.530631     63.188  34.633970     7.5822    2.48685     62.651    33.6802    26.2988 0.0000e+00
 251.530637     62.728  34.633166     7.5819    2.48688     62.195    33.6798    26.2985 0.0000e+00
 251.530642     62.266  34.632316     7.5818    2.48824     61.737    33.6792    26.2981 0.0000e+00
 251.530648     61.806  34.631405     7.5815    2.50599     61.281    33.6788    26.2977 0.0000e+00
 251.530654     61.345  34.630336     7.5801    2.50234     60.824    33.6792    26.2983 0.0000e+00
 251.530660     60.870  34.628240     7.5765    2.47622     60.353    33.6806    26.2999 0.0000e+00
 251.530666     60.382  34.622879     7.5688    2.44875     59.869    33.6825    26.3025 0.0000e+00
