data/oxygen options/ONMS/Olympic_Coast_National_Marine_Sanctuary_Hypoxia_Survey_CTD_Data_2004_2015/raw_data/2004/CTD_CA100_082404faedb.cnv
* Sea-Bird SBE19 Data File:
* FileName = C:\WINDOWS\Desktop\put hypoxia files here\CTD data\August 24_25-04\CA100_082404.hex
* Software Version 1.1.4
* Temperature SN = 2997
* Conductivity SN = 2997
* System UpLoad Time = Aug 24 2004 12:42:06
* SEACAT PROFILER V3.1c SN 2997   08/24/04  12:43:33.435
* strain gauge pressure sensor: S/N = 184829,  range = 3000 psia,  tc = 40
# nquan = 9
# nvalues = 97                          
# units = specified
# name 0 = timeJ: Julian Days
# name 1 = prSM: Pressure, Strain Gauge [db]
# name 2 = c0mS/cm: Conductivity [mS/cm]
# name 3 = t090C: Temperature [ITS-90, deg C]
# name 4 = oxML/L: Oxygen, Beckman/YSI [ml/l]
# name 5 = depSM: Depth [salt water, m], lat = 47.5
# name 6 = sal00: Salinity, Practical [PSU]
# name 7 = sigma-é00: Density [sigma-theta, kg/m^3]
# name 8 = flag: flag
# span 0 = 237.508947, 237.510207       
# span 1 =      2.000,     98.000       
# span 2 =  34.330022,  39.020907       
# span 3 =     7.5849,    14.7477       
# span 4 =    3.11616,    9.18916       
# span 5 =      1.983,     97.159       
# span 6 =    31.6757,    33.4922       
# span 7 =    23.4642,    26.1509       
# span 8 = 0.0000e+00, 0.0000e+00       
# interval = decibars: 1                
# start_time = Aug 24 2004 12:09:24 [Instrument's time stamp, header]
# bad_flag = -9.990e-29
*END*
 237.508947      2.000  39.020907    14.7477    9.18020      1.983    31.6757    23.4642 0.0000e+00
 237.508968      3.000  38.969123    14.5996    9.18916      2.975    31.7493    23.5521 0.0000e+00
 237.508985      4.000  38.836461    14.3084    8.98413      3.966    31.8672    23.7038 0.0000e+00
 237.509000      5.000  38.544466    13.7705    8.78292      4.958    32.0447    23.9510 0.0000e+00
 237.509012      6.000  38.109885    13.2233    8.53183      5.950    32.0990    24.1026 0.0000e+00
 237.509025      7.000  37.809096    12.8615    8.16585      6.941    32.1219    24.1912 0.0000e+00
 237.509037      8.000  37.594292    12.5967    7.70575      7.933    32.1433    24.2589 0.0000e+00
 237.509050      9.000  37.414099    12.3228    7.15612      8.925    32.2054    24.3592 0.0000e+00
 237.509063     10.000  37.156400    11.8570    6.69584      9.916    32.3596    24.5656 0.0000e+00
 237.509075     11.000  36.793500    11.3816    6.29388     10.908    32.4207    24.6996 0.0000e+00
 237.509088     12.000  36.495222    11.0206    6.01735     11.900    32.4447    24.7828 0.0000e+00
 237.509104     13.000  36.221726    10.6994    5.82171     12.891    32.4573    24.8489 0.0000e+00
 237.509121     14.000  36.049583    10.4579    5.76950     13.883    32.5001    24.9236 0.0000e+00
 237.509139     15.000  35.839780    10.1616    5.81167     14.874    32.5540    25.0158 0.0000e+00
 237.509155     16.000  35.655053     9.9810    5.83664     15.866    32.5291    25.0265 0.0000e+00
 237.509171     17.000  35.584205     9.9000    5.94738     16.857    32.5298    25.0405 0.0000e+00
 237.509185     18.000  35.517933     9.8176    6.06334     17.849    32.5363    25.0592 0.0000e+00
 237.509200     19.000  35.477602     9.7589    6.13731     18.841    32.5480    25.0778 0.0000e+00
 237.509214     20.000  35.379585     9.6474    6.14550     19.832    32.5483    25.0962 0.0000e+00
 237.509227     21.000  35.323772     9.5839    6.11131     20.823    32.5483    25.1066 0.0000e+00
 237.509239     22.000  35.259837     9.4988    6.04606     21.815    32.5596    25.1292 0.0000e+00
 237.509250     23.000  35.199849     9.4265    5.90766     22.807    32.5633    25.1436 0.0000e+00
 237.509261     24.000  35.157291     9.3779    5.77146     23.798    32.5633    25.1514 0.0000e+00
 237.509272     25.000  35.131953     9.3433    5.66620     24.790    32.5682    25.1608 0.0000e+00
 237.509283     26.000  35.109917     9.2966    5.55405     25.781    32.5876    25.1834 0.0000e+00
 237.509294     27.000  35.075516     9.2338    5.41637     26.773    32.6091    25.2101 0.0000e+00
 237.509307     28.000  35.038398     9.1848    5.28707     27.764    32.6151    25.2226 0.0000e+00
 237.509320     29.000  35.020026     9.1464    5.21513     28.756    32.6308    25.2409 0.0000e+00
 237.509334     30.000  35.004926     9.0750    5.05224     29.748    32.6801    25.2907 0.0000e+00
 237.509345     31.000  35.016487     9.0663    4.84529     30.739    32.6996    25.3073 0.0000e+00
 237.509356     32.000  35.031530     9.0655    4.73625     31.730    32.7156    25.3199 0.0000e+00
 237.509365     33.000  35.027295     9.0492    4.67163     32.722    32.7257    25.3305 0.0000e+00
 237.509375     34.000  35.014972     9.0267    4.61202     33.713    32.7332    25.3398 0.0000e+00
 237.509385     35.000  34.989974     8.9738    4.56704     34.705    32.7554    25.3654 0.0000e+00
 237.509395     36.000  34.938558     8.8939    4.50717     35.697    32.7751    25.3933 0.0000e+00
 237.509408     37.000  34.885617     8.8210    4.45490     36.688    32.7868    25.4137 0.0000e+00
 237.509421     38.000  34.832406     8.7359    4.38878     37.680    32.8095    25.4446 0.0000e+00
 237.509433     39.000  34.782368     8.6689    4.36105     38.671    32.8188    25.4622 0.0000e+00
 237.509444     40.000  34.761527     8.6373    4.34766     39.662    32.8258    25.4724 0.0000e+00
 237.509454     41.000  34.762366     8.6247    4.30031     40.654    32.8380    25.4839 0.0000e+00
 237.509465     42.000  34.765955     8.6080    4.23794     41.645    32.8568    25.5012 0.0000e+00
 237.509476     43.000  34.760773     8.5671    4.18213     42.637    32.8890    25.5326 0.0000e+00
 237.509488     44.000  34.749282     8.5221    4.12418     43.628    32.9184    25.5625 0.0000e+00
 237.509502     45.000  34.743120     8.5039    4.04679     44.620    32.9284    25.5732 0.0000e+00
 237.509515     46.000  34.733108     8.4713    3.96689     45.611    32.9479    25.5933 0.0000e+00
 237.509527     47.000  34.721174     8.4336    3.95073     46.603    32.9700    25.6164 0.0000e+00
 237.509538     48.000  34.705579     8.3866    3.92674     47.594    32.9971    25.6447 0.0000e+00
 237.509548     49.000  34.683934     8.3389    3.88920     48.585    33.0185    25.6687 0.0000e+00
 237.509558     50.000  34.662727     8.3029    3.86377     49.576    33.0294    25.6825 0.0000e+00
 237.509570     51.000  34.650591     8.2688    3.83941     50.568    33.0482    25.7024 0.0000e+00
 237.509583     52.000  34.631397     8.2333    3.78428     51.559    33.0608    25.7175 0.0000e+00
 237.509596     53.000  34.597463     8.1308    3.79700     52.551    33.1210    25.7799 0.0000e+00
 237.509608     54.000  34.517720     8.0001    3.85433     53.542    33.1592    25.8290 0.0000e+00
 237.509619     55.000  34.462789     7.9347    3.88015     54.533    33.1620    25.8408 0.0000e+00
 237.509629     56.000  34.440407     7.9043    3.87430     55.525    33.1666    25.8489 0.0000e+00
 237.509640     57.000  34.430655     7.8800    3.89502     56.517    33.1787    25.8619 0.0000e+00
 237.509653     58.000  34.390637     7.8229    3.99715     57.508    33.1897    25.8787 0.0000e+00
 237.509666     59.000  34.341200     7.7670    4.07587     58.499    33.1894    25.8865 0.0000e+00
 237.509679     60.000  34.330022     7.7461    4.07214     59.491    33.1969    25.8954 0.0000e+00
 237.509691     61.000  34.347106     7.7526    3.97884     60.482    33.2085    25.9037 0.0000e+00
 237.509703     62.000  34.378808     7.7598    3.85680     61.473    33.2351    25.9236 0.0000e+00
 237.509714     63.000  34.389250     7.7530    3.78726     62.464    33.2524    25.9381 0.0000e+00
 237.509724     64.000  34.383621     7.7300    3.77806     63.456    33.2679    25.9536 0.0000e+00
 237.509736     65.000  34.375077     7.7135    3.74742     64.447    33.2740    25.9608 0.0000e+00
 237.509747     66.000  34.378101     7.7031    3.69286     65.439    33.2867    25.9723 0.0000e+00
 237.509759     67.000  34.385350     7.6878    3.65133     66.430    33.3086    25.9917 0.0000e+00
 237.509772     68.000  34.391113     7.6761    3.61275     67.421    33.3255    26.0067 0.0000e+00
 237.509785     69.000  34.398414     7.6757    3.57646     68.413    33.3333    26.0128 0.0000e+00
 237.509798     70.000  34.417433     7.6859    3.54588     69.404    33.3436    26.0195 0.0000e+00
 237.509811     71.000  34.448873     7.6961    3.48527     70.395    33.3671    26.0365 0.0000e+00
 237.509824     72.000  34.490364     7.6956    3.40440     71.386    33.4117    26.0717 0.0000e+00
 237.509838     73.000  34.502994     7.6794    3.34830     72.378    33.4404    26.0966 0.0000e+00
 237.509851     74.000  34.505685     7.6598    3.28892     73.369    33.4617    26.1161 0.0000e+00
 237.509864     75.000  34.505976     7.6517    3.24702     74.361    33.4694    26.1233 0.0000e+00
 237.509878     76.000  34.504824     7.6499    3.22725     75.352    33.4693    26.1235 0.0000e+00
 237.509892     77.000  34.502385     7.6432    3.20234     76.343    33.4727    26.1272 0.0000e+00
 237.509905     78.000  34.500459     7.6365    3.19331     77.334    33.4766    26.1312 0.0000e+00
 237.509918     79.000  34.497568     7.6302    3.19164     78.326    33.4791    26.1341 0.0000e+00
 237.509930     80.000  34.495128     7.6234    3.17687     79.317    33.4825    26.1377 0.0000e+00
 237.509943     81.000  34.493456     7.6203    3.17863     80.308    33.4832    26.1387 0.0000e+00
 237.509957     82.000  34.494016     7.6201    3.16375     81.299    33.4836    26.1391 0.0000e+00
 237.509972     83.000  34.494229     7.6179    3.13219     82.291    33.4854    26.1408 0.0000e+00
 237.509987     84.000  34.493558     7.6160    3.13938     83.282    33.4861    26.1416 0.0000e+00
 237.510001     85.000  34.493724     7.6161    3.11616     84.273    33.4856    26.1413 0.0000e+00
 237.510015     86.000  34.493489     7.6135    3.12526     85.265    33.4874    26.1431 0.0000e+00
 237.510028     87.000  34.491205     7.6066    3.13027     86.256    33.4911    26.1470 0.0000e+00
 237.510042     88.000  34.487174     7.6035    3.14052     87.247    33.4893    26.1460 0.0000e+00
 237.510058     89.000  34.487087     7.6022    3.14712     88.238    33.4900    26.1467 0.0000e+00
 237.510075     90.000  34.483735     7.5973    3.15595     89.229    33.4906    26.1479 0.0000e+00
 237.510092     91.000  34.482213     7.5968    3.16031     90.220    33.4890    26.1468 0.0000e+00
 237.510106     92.000  34.481954     7.5944    3.15788     91.212    33.4905    26.1483 0.0000e+00
 237.510120     93.000  34.479437     7.5901    3.17963     92.203    33.4914    26.1497 0.0000e+00
 237.510133     94.000  34.476570     7.5856    3.18777     93.194    33.4922    26.1509 0.0000e+00
 237.510148     95.000  34.475991     7.5858    3.19278     94.185    33.4910    26.1499 0.0000e+00
 237.510164     96.000  34.476394     7.5867    3.29164     95.177    33.4900    26.1491 0.0000e+00
 237.510183     97.000  34.476205     7.5855    3.24849     96.168    33.4904    26.1496 0.0000e+00
 237.510207     98.000  34.475820     7.5849    3.24205     97.159    33.4902    26.1495 0.0000e+00
