data/oxygen options/ONMS/Olympic_Coast_National_Marine_Sanctuary_Hypoxia_Survey_CTD_Data_2004_2015/raw_data/2004/CTD_TH70_061504faed.cnv
* Sea-Bird SBE19 Data File:
* FileName = C:\WINDOWS\Desktop\put hypoxia files here\CTD files\CA\TH70m061504.hex
* Software Version 1.1.4
* Temperature SN = 2997
* Conductivity SN = 2997
* System UpLoad Time = Jun 15 2004 15:25:53
** Teahwhit Head hypoxia TH70 70m June 15, 2004
* SEACAT PROFILER V3.1c SN 2997   06/15/04  15:24:07.252
# nquan = 9                                 
# nvalues = 1039                        
# units = specified
# name 0 = timeJ: Julian Days
# name 1 = prSM: Pressure, Strain Gauge [db]
# name 2 = c0mS/cm: Conductivity [mS/cm]
# name 3 = t090C: Temperature [ITS-90, deg C]
# name 4 = oxML/L: Oxygen, Beckman/YSI [ml/l]
# name 5 = depSM: Depth [salt water, m], lat = 47.5
# name 6 = sal00: Salinity, Practical [PSU]
# name 7 = sigma-é00: Density [sigma-theta, kg/m^3]
# name 8 = flag: flag
# span 0 = 167.565197, 167.571204       
# span 1 =     -5.301,     71.455       
# span 2 =   0.484092,  37.905948       
# span 3 =     7.5311,    14.3340       
# span 4 =  -12.33482,   30.83225       
# span 5 =     -5.257,     70.846       
# span 6 =     0.3099,    33.4899       
# span 7 =    -0.3360,    26.1565       
# span 8 = 0.0000e+00, 0.0000e+00       
# interval = seconds: 0.5
# start_time = Jun 15 2004 13:33:53 [Instrument's time stamp, header]
# bad_flag = -9.990e-29
*END*
 167.565197     -5.259 -9.990e-29    12.6567   -0.05660     -5.215 -9.990e-29 -9.990e-29 -9.990e-29
 167.565203     -5.280   0.497633    12.6571   -0.05661     -5.236     0.3189    -0.3295 -9.990e-29
 167.565208     -5.295   0.498191    12.6577   -0.05661     -5.251     0.3192    -0.3293 -9.990e-29
 167.565214     -5.301   0.498014    12.6581   -0.05661     -5.257     0.3191    -0.3294 -9.990e-29
 167.565220     -5.299   0.496309    12.6582   -0.05661     -5.255     0.3180    -0.3303 -9.990e-29
 167.565226     -5.291   0.493580    12.6581   -0.05661     -5.247     0.3162    -0.3317 -9.990e-29
 167.565231     -5.283   0.490632    12.6576   -0.05621     -5.239     0.3142    -0.3332 -9.990e-29
 167.565237     -5.268   0.487978    12.6569   -0.05621     -5.224     0.3125    -0.3344 -9.990e-29
 167.565243     -5.247   0.485965    12.6562   -0.05613     -5.203     0.3112    -0.3354 -9.990e-29
 167.565249     -5.223   0.484684    12.6552   -0.05618     -5.179     0.3103    -0.3359 -9.990e-29
 167.565255     -5.193   0.484092    12.6537   -0.05621     -5.150     0.3099    -0.3360 -9.990e-29
 167.565260     -5.160   0.484511    12.6526   -0.05622     -5.117     0.3102    -0.3357 -9.990e-29
 167.565266     -5.127   0.488167    12.6520   -0.05627     -5.084     0.3127    -0.3337 -9.990e-29
 167.565272     -5.091   0.502154    12.6514   -0.05628     -5.049     0.3219    -0.3264 -9.990e-29
 167.565278     -5.054   0.547344    12.6501   -0.05633     -5.012     0.3519    -0.3029 -9.990e-29
 167.565284     -5.022   0.680657    12.6478   -0.05635     -4.980     0.4411    -0.2330 -9.990e-29
 167.565289     -4.998   1.065403    12.6452   -0.05636     -4.956     0.7035    -0.0284 -9.990e-29
 167.565295     -4.977   1.643452    12.6426   -0.05639     -4.936     1.1079     0.2864 -9.990e-29
 167.565301     -4.951   2.073827    12.6403   -0.05642     -4.910     1.4153     0.5254 -9.990e-29
 167.565307     -4.924   2.264730    12.6385   -0.05644     -4.883     1.5531     0.6326 -9.990e-29
 167.565313     -4.898   2.293389    12.6373   -0.05645     -4.857     1.5739     0.6489 -9.990e-29
 167.565318     -4.873   2.231925    12.6374   -0.05644     -4.832     1.5294     0.6144 -9.990e-29
 167.565324     -4.846   2.140683    12.6393   -0.05643     -4.806     1.4634     0.5630 -9.990e-29
 167.565330     -4.815   2.024171    12.6426   -0.05644     -4.775     1.3795     0.4974 -9.990e-29
 167.565336     -4.778   1.897107    12.6462   -0.05646     -4.738     1.2883     0.4261 -9.990e-29
 167.565341     -4.739   1.765132    12.6485   -0.05646     -4.700     1.1941     0.3526 -9.990e-29
 167.565347     -4.701   1.645108    12.6494   -0.05640     -4.662     1.1089     0.2863 -9.990e-29
 167.565353     -4.668   1.544819    12.6501   -0.05633     -4.629     1.0380     0.2311 -9.990e-29
 167.565359     -4.637   1.445009    12.6520   -0.05634     -4.598     0.9677     0.1762 -9.990e-29
 167.565365     -4.607   1.343168    12.6558   -0.05635     -4.569     0.8962     0.1202 -9.990e-29
 167.565370     -4.579   1.254629    12.6601   -0.05630     -4.541     0.8343     0.0715 -9.990e-29
 167.565376     -4.557   1.195231    12.6624   -0.05627     -4.519     0.7930     0.0391 -9.990e-29
 167.565382     -4.534   1.169665    12.6622   -0.05625     -4.496     0.7753     0.0253 -9.990e-29
 167.565388     -4.505   1.161063    12.6608   -0.05622     -4.467     0.7693     0.0209 -9.990e-29
 167.565394     -4.472   1.152401    12.6594   -0.05630     -4.435     0.7634     0.0164 -9.990e-29
 167.565399     -4.442   1.156573    12.6585   -0.05633     -4.405     0.7663     0.0188 -9.990e-29
 167.565405     -4.417   1.218585    12.6575   -0.05625     -4.380     0.8093     0.0524 -9.990e-29
 167.565411     -4.395   1.357230    12.6553   -0.05617     -4.358     0.9061     0.1279 -9.990e-29
 167.565417     -4.376   1.503476    12.6525   -0.05614     -4.340     1.0088     0.2081 -9.990e-29
 167.565422     -4.357   1.596746    12.6507   -0.05626     -4.321     1.0746     0.2595 -9.990e-29
 167.565428     -4.334   1.677504    12.6512   -0.05635     -4.298     1.1318     0.3039 -9.990e-29
 167.565434     -4.304   1.785081    12.6537   -0.05638     -4.268     1.2082     0.3629 -9.990e-29
 167.565440     -4.275   1.883429    12.6553   -0.05641     -4.239     1.2782     0.4171 -9.990e-29
 167.565446     -4.250   1.936413    12.6539   -0.05629     -4.215     1.3162     0.4468 -9.990e-29
 167.565451     -4.225   1.925207    12.6507   -0.04624     -4.190     1.3083     0.4410 -9.990e-29
 167.565457     -4.197   1.869878    12.6476   -0.04518     -4.162     1.2688     0.4108 -9.990e-29
 167.565463     -4.158   1.890041    12.6446   -0.04491     -4.123     1.2833     0.4224 -9.990e-29
 167.565469     -4.110   2.044811    12.6412   -0.04507     -4.076     1.3944     0.5091 -9.990e-29
 167.565475     -4.059   2.224332    12.6378   -0.04500     -4.025     1.5239     0.6101 -9.990e-29
 167.565480     -4.006   2.281704    12.6381   -0.04533     -3.973     1.5653     0.6422 -9.990e-29
 167.565486     -3.952   2.222835    12.6504   -0.04560     -3.919     1.5223     0.6072 -9.990e-29
 167.565492     -3.893   2.313261    12.6962   -0.04581     -3.861     1.5858     0.6507 -9.990e-29
 167.565498     -3.817   3.068690    12.8407   -0.04595     -3.785     2.1300     1.0542 -9.990e-29
 167.565503     -3.719   5.714749    13.1837   -0.04609     -3.688     4.0909     2.5244 -9.990e-29
 167.565509     -3.602  13.730607    13.6505   -0.04617     -3.572    10.3758     7.2941 -9.990e-29
 167.565515     -3.467  25.702007    13.9876   -0.04620     -3.438    20.3664    14.9130 -9.990e-29
 167.565521     -3.313  33.683453    14.0942   -0.04607     -3.285    27.3619    20.2747 -9.990e-29
 167.565527     -3.140  36.267680    14.0207   -0.04618     -3.114    29.7555    22.1339 -9.990e-29
 167.565532     -2.945  37.045139    13.8316   -0.04626     -2.920    30.6151    22.8350 -9.990e-29
 167.565538     -2.729  37.361013    13.6096   -0.04628     -2.706    31.0849    23.2421 -9.990e-29
 167.565544     -2.494  37.492309    13.4107   -0.04627     -2.473    31.3692    23.5013 -9.990e-29
 167.565550     -2.240  37.493470    13.2507   -0.04627     -2.221    31.5023    23.6357 -9.990e-29
 167.565556     -1.962  37.477100    13.1294   -0.04630     -1.946    31.5875    23.7254 -9.990e-29
 167.565561     -1.668  37.468484    13.0506   -0.04632     -1.654    31.6450    23.7852 -9.990e-29
 167.565567     -1.374  37.466226    13.0244   -0.04629     -1.363    31.6646    23.8055 -9.990e-29
 167.565573     -1.092  37.471245    13.0217   -0.04626     -1.083    31.6715    23.8114 -9.990e-29
 167.565579     -0.825  37.476220    12.9937   -0.04623     -0.818    31.6995    23.8385 -9.990e-29
 167.565584     -0.577  37.472658    12.9513   -0.04615     -0.572    31.7316    23.8715 -9.990e-29
 167.565590     -0.359  37.460327    12.9247   -0.04605     -0.356    31.7422    23.8849 -9.990e-29
 167.565596     -0.173  37.444119    12.9137   -0.04603     -0.172    31.7360    23.8823 -9.990e-29
 167.565602     -0.020  37.436657    12.9066   -0.04605     -0.020    31.7349    23.8828 -9.990e-29
 167.565608      0.091  37.439792    12.8954   -0.04605      0.090    31.7472    23.8945 -9.990e-29
 167.565613      0.164  37.440897    12.8913   -0.04606      0.163    31.7517    23.8988 -9.990e-29
 167.565619      0.208  37.442590    12.9083   -0.04605      0.206    31.7390    23.8856 -9.990e-29
 167.565625      0.222  37.446031    12.9424   -0.04604      0.220    31.7136    23.8594 -9.990e-29
 167.565631      0.201  37.439562    12.9878   -0.04600      0.199    31.6695    23.8165 -9.990e-29
 167.565637      0.153  37.425804    13.0457   -0.04593      0.152    31.6083    23.7578 -9.990e-29
 167.565642      0.096  37.417860    13.1019   -0.04588      0.095    31.5541    23.7049 -9.990e-29
 167.565648      0.040  37.421437    13.1326   -0.04578      0.040    31.5319    23.6818 -9.990e-29
 167.565654     -0.019  37.432368    13.1375   -0.04524     -0.019    31.5381    23.6856 -9.990e-29
 167.565660     -0.080  37.442827    13.1347   -0.04500     -0.079    31.5503    23.6956 -9.990e-29
 167.565666     -0.139  37.449959    13.1365   -0.04501     -0.138    31.5555    23.6993 -9.990e-29
 167.565671     -0.195  37.453201    13.1470   -0.04524     -0.193    31.5498    23.6928 -9.990e-29
 167.565677     -0.256  37.453531    13.1708   -0.04537     -0.254    31.5304    23.6731 -9.990e-29
 167.565683     -0.331  37.451415    13.2159   -0.04523     -0.328    31.4910    23.6339 -9.990e-29
 167.565689     -0.419  37.445740    13.2854   -0.04509     -0.416    31.4283    23.5717 -9.990e-29
 167.565694     -0.518  37.442992    13.3892   -0.04503     -0.514    31.3403    23.4832 -9.990e-29
 167.565700     -0.629  37.448515    13.5704   -0.04495     -0.624    31.1970    23.3365 -9.990e-29
 167.565706     -0.752  37.463538    13.8220   -0.04492     -0.746    31.0067    23.1392 -9.990e-29
 167.565712     -0.873  37.510932    14.0224   -0.04494     -0.866    30.8889    23.0078 -9.990e-29
 167.565718     -0.981  37.570361    14.0739   -0.04495     -0.973    30.9021    23.0075 -9.990e-29
 167.565723     -1.077  37.571369    14.0148   -0.04504     -1.068    30.9505    23.0568 -9.990e-29
 167.565729     -1.156  37.531637    13.9711   -0.04501     -1.146    30.9492    23.0647 -9.990e-29
 167.565735     -1.220  37.509291    14.0143   -0.04499     -1.210    30.8941    23.0134 -9.990e-29
 167.565741     -1.272  37.507072    14.0994   -0.04500     -1.261    30.8239    22.9420 -9.990e-29
 167.565747     -1.317  37.511936    14.1696   -0.04517     -1.306    30.7723    22.8879 -9.990e-29
 167.565752     -1.353  37.527601    14.2171   -0.04523     -1.342    30.7488    22.8600 -9.990e-29
 167.565758     -1.377  37.568829    14.2462   -0.04510     -1.366    30.7632    22.8652 -9.990e-29
 167.565764     -1.396  37.617139    14.2549   -0.04503     -1.384    30.8002    22.8920 -9.990e-29
 167.565770     -1.414  37.623662    14.2375   -0.04501     -1.402    30.8201    22.9108 -9.990e-29
 167.565775     -1.434  37.590391    14.2078   -0.04504     -1.422    30.8134    22.9118 -9.990e-29
 167.565781     -1.453  37.569479    14.1956   -0.04508     -1.441    30.8041    22.9071 -9.990e-29
 167.565787     -1.466  37.576821    14.1918   -0.04517     -1.454    30.8138    22.9154 -9.990e-29
 167.565793     -1.475  37.577906    14.1564   -0.04516     -1.463    30.8431    22.9452 -9.990e-29
 167.565799     -1.480  37.556254    14.0931   -0.04507     -1.468    30.8740    22.9819 -9.990e-29
 167.565804     -1.487  37.536879    14.0663   -0.04505     -1.475    30.8777    22.9902 -9.990e-29
 167.565810     -1.495  37.533794    14.1036   -0.04505     -1.483    30.8450    22.9574 -9.990e-29
 167.565816     -1.496  37.538406    14.1552   -0.04500     -1.484    30.8080    22.9184 -9.990e-29
 167.565822     -1.491  37.536686    14.1769   -0.04498     -1.479    30.7891    22.8994 -9.990e-29
 167.565828     -1.483  37.523573    14.1654   -0.04503     -1.471    30.7863    22.8996 -9.990e-29
 167.565833     -1.469  37.509669    14.1318   -0.04524     -1.457    30.8005    22.9173 -9.990e-29
 167.565839     -1.445  37.500586    14.1013   -0.04509     -1.433    30.8165    22.9359 -9.990e-29
 167.565845     -1.421  37.494894    14.1052   -0.04494     -1.409    30.8082    22.9287 -9.990e-29
 167.565851     -1.402  37.491751    14.1379   -0.04492     -1.390    30.7792    22.8997 -9.990e-29
 167.565856     -1.393  37.489224    14.1668   -0.04505     -1.381    30.7539    22.8742 -9.990e-29
 167.565862     -1.387  37.487898    14.1849   -0.04519     -1.375    30.7382    22.8585 -9.990e-29
 167.565868     -1.381  37.493332    14.1999   -0.04533     -1.369    30.7312    22.8500 -9.990e-29
 167.565874     -1.374  37.506630    14.1956   -0.04535     -1.363    30.7468    22.8629 -9.990e-29
 167.565880     -1.366  37.516380    14.1487   -0.04510     -1.355    30.7931    22.9082 -9.990e-29
 167.565885     -1.356  37.519904    14.0993   -0.04497     -1.345    30.8357    22.9511 -9.990e-29
 167.565891     -1.343  37.536515    14.1170   -0.04498     -1.332    30.8368    22.9483 -9.990e-29
 167.565897     -1.327  37.585006    14.1749   -0.04517     -1.316    30.8348    22.9350 -9.990e-29
 167.565903     -1.306  37.642529    14.1852   -0.04534     -1.295    30.8790    22.9670 -9.990e-29
 167.565909     -1.284  37.656791    14.1203   -0.04540     -1.273    30.9440    23.0304 -9.990e-29
 167.565914     -1.264  37.630586    14.0210   -0.04536     -1.253    30.9998    23.0936 -9.990e-29
 167.565920     -1.244  37.604357    13.9474   -0.04540     -1.234    31.0351    23.1358 -9.990e-29
 167.565926     -1.226  37.589694    13.9576   -0.04548     -1.216    31.0134    23.1170 -9.990e-29
 167.565932     -1.215  37.587979    14.0492   -0.04555     -1.205    30.9381    23.0403 -9.990e-29
 167.565937     -1.210  37.598606    14.1294   16.29781     -1.200    30.8835    22.9819 -9.990e-29
 167.565943     -1.206  37.603411    14.1167   28.95325     -1.196    30.8981    22.9957 -9.990e-29
 167.565949     -1.198  37.593694    14.0182   30.83225     -1.188    30.9682    23.0699 -9.990e-29
 167.565955     -1.190  37.584021    13.9045   27.30494     -1.180    31.0510    23.1568 -9.990e-29
 167.565961     -1.182  37.581137    13.8342   18.13572     -1.172    31.1052    23.2128 -9.990e-29
 167.565966     -1.169  37.580621    13.8019   14.06117     -1.159    31.1309    23.2391 -9.990e-29
 167.565972     -1.155  37.580089    13.7689   11.62641     -1.145    31.1572    23.2661 -9.990e-29
 167.565978     -1.142  37.581075    13.7327    6.95318     -1.132    31.1876    23.2968 -9.990e-29
 167.565984     -1.131  37.588834    13.7432    4.16914     -1.122    31.1862    23.2936 -9.990e-29
 167.565990     -1.120  37.613155    13.8621    2.93849     -1.111    31.1121    23.2124 -9.990e-29
 167.565995     -1.108  37.680294    14.0584    3.66238     -1.099    31.0152    23.0979 -9.990e-29
 167.566001     -1.095  37.779361    14.2142    4.97584     -1.086    30.9805    23.0393 -9.990e-29
 167.566007     -1.080  37.848384    14.2887    5.41077     -1.071    30.9837    23.0265 -9.990e-29
 167.566013     -1.061  37.874547    14.3182    5.68083     -1.052    30.9839    23.0205 -9.990e-29
 167.566019     -1.043  37.884361    14.3288    5.84133     -1.034    30.9843    23.0187 -9.990e-29
 167.566024     -1.029  37.888124    14.3318    5.94742     -1.020    30.9853    23.0189 -9.990e-29
 167.566030     -1.016  37.889745    14.3313    6.01501     -1.008    30.9872    23.0204 -9.990e-29
 167.566036     -1.006  37.890277    14.3298    6.06533     -0.998    30.9889    23.0220 -9.990e-29
 167.566042     -0.991  37.890439    14.3302    6.09608     -0.983    30.9887    23.0218 -9.990e-29
 167.566047     -0.973  37.891582    14.3320    6.11527     -0.965    30.9883    23.0211 -9.990e-29
 167.566053     -0.957  37.892997    14.3332    6.13094     -0.949    30.9886    23.0211 -9.990e-29
 167.566059     -0.948  37.893775    14.3331    6.14375     -0.940    30.9894    23.0217 -9.990e-29
 167.566065     -0.945  37.893844    14.3308    6.14460     -0.937    30.9913    23.0237 -9.990e-29
 167.566071     -0.947  37.892746    14.3265    6.14802     -0.939    30.9937    23.0264 -9.990e-29
 167.566076     -0.951  37.890712    14.3204    6.16822     -0.943    30.9968    23.0300 -9.990e-29
 167.566082     -0.952  37.887285    14.3135    6.17126     -0.944    30.9992    23.0333 -9.990e-29
 167.566088     -0.950  37.883518    14.3103    6.18919     -0.942    30.9983    23.0333 -9.990e-29
 167.566094     -0.946  37.882815    14.3115    6.19192     -0.938    30.9967    23.0318 -9.990e-29
 167.566100     -0.939  37.884247    14.3138    6.18498     -0.931    30.9962    23.0309 -9.990e-29
 167.566105     -0.928  37.885248    14.3161    6.17500     -0.920    30.9952    23.0297 -9.990e-29
 167.566111     -0.918  37.886042    14.3192    6.14781     -0.910    30.9935    23.0277 -9.990e-29
 167.566117     -0.912  37.887138    14.3239    6.15227     -0.904    30.9907    23.0246 -9.990e-29
