data/oxygen options/ONMS/Olympic_Coast_National_Marine_Sanctuary_Hypoxia_Survey_CTD_Data_2004_2015/raw_data/2004/CTD_CE30_072604faed.cnv
* Sea-Bird SBE19 Data File:
* FileName = C:\WINDOWS\Desktop\put hypoxia files here\CTD files\july 24_25-04\CE\CE3_072404.hex
* Software Version 1.1.4
* Temperature SN = 2997
* Conductivity SN = 2997
* System UpLoad Time = Jul 26 2004 14:29:55
* SEACAT PROFILER V3.1c SN 2997   07/26/04  14:29:41.367
* strain gauge pressure sensor: S/N = 184829,  range = 3000 psia,  tc = 40
# nquan = 9                                 
# nvalues = 655                         
# units = specified
# name 0 = timeJ: Julian Days
# name 1 = prSM: Pressure, Strain Gauge [db]
# name 2 = c0mS/cm: Conductivity [mS/cm]
# name 3 = t090C: Temperature [ITS-90, deg C]
# name 4 = oxML/L: Oxygen, Beckman/YSI [ml/l]
# name 5 = depSM: Depth [salt water, m], lat = 47.5
# name 6 = sal00: Salinity, Practical [PSU]
# name 7 = sigma-é00: Density [sigma-theta, kg/m^3]
# name 8 = flag: flag
# span 0 = 208.496748, 208.500532       
# span 1 =     -5.857,     27.459       
# span 2 =   0.416520,  38.505484       
# span 3 =     7.6738,    13.4178       
# span 4 =   -0.05561,   32.97238       
# span 5 =     -5.808,     27.228       
# span 6 =     0.2610,    33.4938       
# span 7 =    -0.4594,    26.1372       
# span 8 = 0.0000e+00, 0.0000e+00       
# interval = seconds: 0.5
# start_time = Jul 26 2004 11:55:19 [Instrument's time stamp, header]
# bad_flag = -9.990e-29
*END*
[from data line 161]
 208.497679     -1.000  38.367972    12.8137    5.27525     -0.992    32.6956    24.6446 -9.990e-29
 208.497685     -0.988  38.366265    12.8148    5.33072     -0.980    32.6930    24.6424 -9.990e-29
 208.497691     -0.976  38.367491    12.8167    5.37005     -0.968    32.6925    24.6416 -9.990e-29
 208.497697     -0.968  38.369946    12.8181    5.38477     -0.960    32.6936    24.6422 -9.990e-29
 208.497703     -0.967  38.371318    12.8179    5.40556     -0.959    32.6951    24.6434 -9.990e-29
 208.497708     -0.968  38.370660    12.8165    5.42994     -0.960    32.6957    24.6441 -9.990e-29
 208.497714     -0.964  38.368804    12.8148    5.43999     -0.956    32.6954    24.6442 -9.990e-29
 208.497720     -0.949  38.367231    12.8142    5.44647     -0.941    32.6944    24.6436 -9.990e-29
 208.497726     -0.927  38.366675    12.8159    5.44538     -0.919    32.6924    24.6417 -9.990e-29
 208.497731     -0.905  38.368107    12.8188    5.44199     -0.897    32.6913    24.6402 -9.990e-29
 208.497737     -0.886  38.370656    12.8207    5.44370     -0.879    32.6920    24.6405 -9.990e-29
 208.497743     -0.869  38.372138    12.8210    5.43770     -0.862    32.6932    24.6413 -9.990e-29
 208.497749     -0.853  38.372314    12.8204    5.43691     -0.846    32.6938    24.6419 -9.990e-29
 208.497755     -0.837  38.371444    12.8197    5.43397     -0.830    32.6936    24.6419 -9.990e-29
 208.497760     -0.819  38.370081    12.8193    5.43322     -0.812    32.6927    24.6412 -9.990e-29
 208.497766     -0.803  38.369237    12.8199    5.42695     -0.796    32.6913    24.6401 -9.990e-29
 208.497772     -0.792  38.369499    12.8218    5.42549     -0.785    32.6899    24.6386 -9.990e-29
 208.497778     -0.782  38.371242    12.8245    5.43061     -0.775    32.6892    24.6376 -9.990e-29
 208.497784     -0.766  38.374013    12.8260    5.42496     -0.760    32.6906    24.6383 -9.990e-29
 208.497789     -0.750  38.375364    12.8254    5.41643     -0.744    32.6924    24.6398 -9.990e-29
 208.497795     -0.735  38.374316    12.8251    5.41124     -0.729    32.6916    24.6393 -9.990e-29
 208.497801     -0.721  38.373990    12.8261    5.40527     -0.715    32.6904    24.6382 -9.990e-29
 208.497807     -0.710  38.375660    12.8272    5.40863     -0.704    32.6911    24.6385 -9.990e-29
 208.497813     -0.708  38.377092    12.8280    5.41192     -0.702    32.6917    24.6388 -9.990e-29
 208.497818     -0.709  38.377418    12.8290    5.40965     -0.703    32.6912    24.6382 -9.990e-29
 208.497824     -0.705  38.377659    12.8303    5.40069     -0.699    32.6903    24.6372 -9.990e-29
 208.497830     -0.696  38.378166    12.8315    5.39047     -0.690    32.6897    24.6366 -9.990e-29
 208.497836     -0.689  38.379081    12.8327    5.39057     -0.683    32.6895    24.6362 -9.990e-29
 208.497841     -0.684  38.380529    12.8342    5.38467     -0.678    32.6896    24.6360 -9.990e-29
 208.497847     -0.677  38.382225    12.8355    5.40244     -0.671    32.6901    24.6361 -9.990e-29
 208.497853     -0.671  38.383651    12.8360    5.39211     -0.665    32.6910    24.6367 -9.990e-29
 208.497859     -0.670  38.384494    12.8367    5.38297     -0.664    32.6912    24.6367 -9.990e-29
 208.497865     -0.670  38.385343    12.8379    5.38290     -0.664    32.6910    24.6363 -9.990e-29
 208.497870     -0.667  38.386237    12.8390    5.36965     -0.661    32.6909    24.6360 -9.990e-29
 208.497876     -0.665  38.386712    12.8394    5.38382     -0.659    32.6910    24.6360 -9.990e-29
 208.497882     -0.663  38.386868    12.8393    5.38830     -0.657    32.6912    24.6362 -9.990e-29
 208.497888     -0.658  38.386939    12.8391    5.37788     -0.653    32.6915    24.6364 -9.990e-29
 208.497894     -0.648  38.387046    12.8395    5.37853     -0.643    32.6912    24.6362 -9.990e-29
 208.497899     -0.634  38.387360    12.8410    5.36884     -0.629    32.6902    24.6351 -9.990e-29
 208.497905     -0.618  38.388328    12.8440    5.37069     -0.613    32.6885    24.6332 -9.990e-29
 208.497911     -0.605  38.390706    12.8477    5.37550     -0.600    32.6876    24.6318 -9.990e-29
 208.497917     -0.592  38.394327    12.8502    5.37790     -0.587    32.6888    24.6322 -9.990e-29
 208.497922     -0.580  38.397313    12.8507    5.37939     -0.575    32.6912    24.6340 -9.990e-29
 208.497928     -0.567  38.398064    12.8504    5.36557     -0.562    32.6922    24.6348 -9.990e-29
 208.497934     -0.553  38.397610    12.8506    5.36210     -0.548    32.6916    24.6343 -9.990e-29
 208.497940     -0.537  38.397615    12.8521    5.35564     -0.533    32.6903    24.6330 -9.990e-29
 208.497946     -0.522  38.398674    12.8542    5.37098     -0.518    32.6895    24.6320 -9.990e-29
 208.497951     -0.511  38.400544    12.8555    5.37842     -0.507    32.6901    24.6322 -9.990e-29
 208.497957     -0.499  38.401818    12.8557    5.37193     -0.495    32.6911    24.6330 -9.990e-29
 208.497963     -0.487  38.401980    12.8556    5.36370     -0.483    32.6914    24.6332 -9.990e-29
 208.497969     -0.480  38.401834    12.8561    5.34450     -0.476    32.6908    24.6326 -9.990e-29
 208.497975     -0.480  38.402332    12.8578    5.35496     -0.476    32.6898    24.6315 -9.990e-29
 208.497980     -0.477  38.404166    12.8606    5.36196     -0.473    32.6891    24.6304 -9.990e-29
 208.497986     -0.471  38.407004    12.8629    5.38067     -0.467    32.6898    24.6305 -9.990e-29
 208.497992     -0.467  38.409047    12.8632    5.36678     -0.463    32.6915    24.6318 -9.990e-29
 208.497998     -0.463  38.409122    12.8622    5.35625     -0.459    32.6924    24.6327 -9.990e-29
 208.498003     -0.460  38.408477    12.8631    5.34668     -0.456    32.6910    24.6314 -9.990e-29
 208.498009     -0.453  38.409645    12.8667    5.35553     -0.449    32.6890    24.6292 -9.990e-29
 208.498015     -0.437  38.413649    12.8700    5.36185     -0.433    32.6900    24.6293 -9.990e-29
 208.498021     -0.417  38.416882    12.8713    5.36028     -0.414    32.6919    24.6305 -9.990e-29
 208.498027     -0.398  38.417511    12.8724    5.35351     -0.395    32.6915    24.6300 -9.990e-29
 208.498032     -0.384  38.418083    12.8742    5.34788     -0.381    32.6905    24.6289 -9.990e-29
 208.498038     -0.375  38.419390    12.8762    5.34404     -0.372    32.6900    24.6281 -9.990e-29
 208.498044     -0.369  38.420958    12.8776    5.35727     -0.366    32.6903    24.6280 -9.990e-29
 208.498050     -0.366  38.421539    12.8783    5.35596     -0.363    32.6902    24.6278 -9.990e-29
 208.498056     -0.366  38.421375    12.8788    5.35456     -0.363    32.6896    24.6273 -9.990e-29
 208.498061     -0.370  38.421955    12.8795    5.35529     -0.367    32.6896    24.6271 -9.990e-29
 208.498067     -0.372  38.422961    12.8806    5.35163     -0.369    32.6896    24.6269 -9.990e-29
 208.498073     -0.369  38.424077    12.8819    5.35512     -0.366    32.6895    24.6266 -9.990e-29
 208.498079     -0.361  38.425137    12.8828    5.35405     -0.358    32.6897    24.6266 -9.990e-29
 208.498084     -0.347  38.426460    12.8834    5.36505     -0.344    32.6905    24.6270 -9.990e-29
 208.498090     -0.331  38.427593    12.8842    5.36123     -0.328    32.6908    24.6272 -9.990e-29
 208.498096     -0.315  38.427830    12.8854    5.36083     -0.312    32.6900    24.6263 -9.990e-29
 208.498102     -0.304  38.428636    12.8867    5.35098     -0.301    32.6897    24.6258 -9.990e-29
 208.498108     -0.300  38.429989    12.8867    5.33841     -0.297    32.6909    24.6268 -9.990e-29
 208.498113     -0.299  38.430355    12.8847    5.35948     -0.297    32.6930    24.6288 -9.990e-29
 208.498119     -0.298  38.428568    12.8814    5.36005     -0.296    32.6942    24.6303 -9.990e-29
 208.498125     -0.295  38.425077    12.8798    5.35438     -0.293    32.6922    24.6291 -9.990e-29
 208.498131     -0.290  38.423670    12.8822    5.33371     -0.288    32.6888    24.6260 -9.990e-29
 208.498137     -0.283  38.426424    12.8863    5.33347     -0.281    32.6879    24.6245 -9.990e-29
 208.498142     -0.275  38.430305    12.8880    5.34847     -0.273    32.6901    24.6259 -9.990e-29
 208.498148     -0.263  38.431541    12.8873    5.35699     -0.261    32.6919    24.6274 -9.990e-29
 208.498154     -0.249  38.429565    12.8869    5.36949     -0.247    32.6903    24.6263 -9.990e-29
 208.498160     -0.229  38.427377    12.8874    5.34568     -0.227    32.6878    24.6242 -9.990e-29
 208.498166     -0.209  38.427880    12.8878    5.35011     -0.207    32.6880    24.6242 -9.990e-29
 208.498171     -0.194  38.430074    12.8870    5.34998     -0.192    32.6907    24.6265 -9.990e-29
 208.498177     -0.188  38.430906    12.8846    5.34707     -0.186    32.6936    24.6292 -9.990e-29
 208.498183     -0.188  38.429240    12.8821    5.35543     -0.186    32.6942    24.6302 -9.990e-29
 208.498189     -0.187  38.426962    12.8816    5.34543     -0.185    32.6924    24.6289 -9.990e-29
 208.498194     -0.187  38.426080    12.8822    5.34563     -0.185    32.6911    24.6278 -9.990e-29
 208.498200     -0.187  38.426532    12.8814    5.34586     -0.185    32.6922    24.6288 -9.990e-29
 208.498206     -0.187  38.426108    12.8783    5.33900     -0.185    32.6945    24.6311 -9.990e-29
 208.498212     -0.183  38.423113    12.8752    5.34571     -0.181    32.6943    24.6316 -9.990e-29
 208.498218     -0.175  38.419719    12.8744    5.35386     -0.174    32.6918    24.6298 -9.990e-29
 208.498223     -0.167  38.418686    12.8756    5.34396     -0.166    32.6898    24.6280 -9.990e-29
 208.498229     -0.153  38.419750    12.8776    5.34393     -0.152    32.6890    24.6271 -9.990e-29
 208.498235     -0.133  38.421517    12.8794    5.34474     -0.132    32.6892    24.6268 -9.990e-29
 208.498241     -0.114  38.422973    12.8803    5.34053     -0.113    32.6897    24.6271 -9.990e-29
 208.498247     -0.100  38.423806    12.8805    5.35142     -0.099    32.6904    24.6275 -9.990e-29
 208.498252     -0.088  38.424000    12.8804    5.35142     -0.087    32.6906    24.6278 -9.990e-29
 208.498258     -0.080  38.423807    12.8804    5.34193     -0.079    32.6904    24.6276 -9.990e-29
 208.498264     -0.073  38.424084    12.8805    5.34922     -0.072    32.6906    24.6277 -9.990e-29
 208.498270     -0.068  38.424632    12.8801    5.34793     -0.067    32.6915    24.6285 -9.990e-29
 208.498275     -0.064  38.424493    12.8789    5.34294     -0.063    32.6924    24.6294 -9.990e-29
 208.498281     -0.061  38.423476    12.8779    5.35035     -0.060    32.6923    24.6295 -9.990e-29
 208.498287     -0.059  38.422461    12.8782    5.34760     -0.059    32.6911    24.6285 -9.990e-29
 208.498293     -0.057  38.422329    12.8792    5.34891     -0.057    32.6901    24.6276 -9.990e-29
 208.498299     -0.056  38.422900    12.8799    5.35032     -0.056    32.6900    24.6274 -9.990e-29
 208.498304     -0.056  38.423806    12.8803    5.34547     -0.056    32.6905    24.6277 -9.990e-29
 208.498310     -0.056  38.424565    12.8800    5.33981     -0.056    32.6915    24.6285 -9.990e-29
 208.498316     -0.056  38.424499    12.8784    5.33838     -0.056    32.6928    24.6298 -9.990e-29
 208.498322     -0.057  38.422952    12.8766    5.35042     -0.057    32.6929    24.6303 -9.990e-29
 208.498328     -0.055  38.420659    12.8761    5.35490     -0.055    32.6912    24.6290 -9.990e-29
 208.498333     -0.044  38.420168    12.8772    5.34636     -0.044    32.6897    24.6277 -9.990e-29
 208.498339     -0.029  38.421939    12.8788    5.33957     -0.029    32.6900    24.6276 -9.990e-29
 208.498345     -0.016  38.423836    12.8799    5.34692     -0.016    32.6909    24.6280 -9.990e-29
 208.498351     -0.011  38.424455    12.8813    5.34718     -0.011    32.6902    24.6273 -9.990e-29
 208.498356     -0.007  38.425177    12.8838    5.35030     -0.007    32.6888    24.6257 -9.990e-29
 208.498362     -0.000  38.427520    12.8861    5.34741     -0.000    32.6890    24.6254 -9.990e-29
 208.498368      0.005  38.429552    12.8867    5.33879      0.005    32.6904    24.6264 -9.990e-29
 208.498374      0.005  38.429487    12.8862    5.33595      0.005    32.6908    24.6267 -9.990e-29
 208.498380      0.004  38.428916    12.8853    5.34410      0.004    32.6910    24.6271 -9.990e-29
 208.498385      0.006  38.428753    12.8837    5.35393      0.006    32.6922    24.6284 -9.990e-29
 208.498391      0.008  38.427653    12.8818    5.35340      0.008    32.6928    24.6292 -9.990e-29
 208.498397      0.004  38.425825    12.8808    5.34050      0.004    32.6920    24.6287 -9.990e-29
 208.498403     -0.000  38.424752    12.8807    5.32992     -0.000    32.6910    24.6280 -9.990e-29
 208.498409     -0.001  38.424678    12.8802    5.34038     -0.001    32.6914    24.6284 -9.990e-29
 208.498414      0.000  38.424377    12.8771    5.34824      0.000    32.6938    24.6309 -9.990e-29
 208.498420      0.005  38.422318    12.8711    5.35446      0.005    32.6970    24.6345 -9.990e-29
 208.498426      0.013  38.416310    12.8676    5.35147      0.013    32.6944    24.6332 -9.990e-29
 208.498432      0.020  38.411236    12.8711    5.33942      0.020    32.6865    24.6264 -9.990e-29
 208.498437      0.024  38.414910    12.8766    5.33235      0.024    32.6853    24.6243 -9.990e-29
 208.498443      0.027  38.421563    12.8786    5.33055      0.027    32.6898    24.6275 -9.990e-29
 208.498449      0.036  38.423792    12.8772    5.34498      0.036    32.6931    24.6303 -9.990e-29
 208.498455      0.045  38.422319    12.8747    5.35179      0.045    32.6939    24.6314 -9.990e-29
 208.498461      0.048  38.419662    12.8741    5.35495      0.048    32.6919    24.6300 -9.990e-29
 208.498466      0.044  38.419003    12.8768    5.33967      0.044    32.6889    24.6272 -9.990e-29
 208.498472      0.042  38.421699    12.8803    5.33355      0.042    32.6885    24.6261 -9.990e-29
 208.498478      0.045  38.425167    12.8815    5.33978      0.045    32.6907    24.6276 -9.990e-29
 208.498484      0.054  38.426732    12.8801    5.34317      0.054    32.6934    24.6300 -9.990e-29
 208.498490      0.070  38.426232    12.8780    5.34801      0.069    32.6948    24.6314 -9.990e-29
 208.498495      0.089  38.424114    12.8775    5.34188      0.088    32.6932    24.6303 -9.990e-29
 208.498501      0.108  38.422598    12.8789    5.34358      0.107    32.6905    24.6280 -9.990e-29
 208.498507      0.128  38.423580    12.8805    5.33889      0.127    32.6901    24.6273 -9.990e-29
 208.498513      0.147  38.424997    12.8797    5.33874      0.146    32.6921    24.6290 -9.990e-29
 208.498519      0.161  38.423684    12.8753    5.34653      0.160    32.6946    24.6319 -9.990e-29
 208.498524      0.172  38.419003    12.8691    5.34608      0.171    32.6956    24.6338 -9.990e-29
 208.498530      0.179  38.413122    12.8651    5.34877      0.178    32.6934    24.6329 -9.990e-29
 208.498536      0.184  38.409410    12.8657    5.34694      0.182    32.6894    24.6297 -9.990e-29
 208.498542      0.186  38.410766    12.8680    5.35006      0.184    32.6887    24.6287 -9.990e-29
 208.498547      0.186  38.414501    12.8675    5.35098      0.184    32.6927    24.6319 -9.990e-29
 208.498553      0.184  38.413807    12.8643    5.35072      0.182    32.6948    24.6341 -9.990e-29
 208.498559      0.184  38.409436    12.8619    5.34258      0.182    32.6927    24.6330 -9.990e-29
 208.498565      0.190  38.407336    12.8617    5.34384      0.188    32.6909    24.6316 -9.990e-29
 208.498571      0.198  38.408064    12.8632    5.33955      0.196    32.6903    24.6309 -9.990e-29
 208.498576      0.205  38.409778    12.8655    5.34576      0.203    32.6899    24.6301 -9.990e-29
 208.498582      0.210  38.411951    12.8680    5.34346      0.208    32.6898    24.6296 -9.990e-29
 208.498588      0.215  38.414107    12.8707    5.33948      0.213    32.6895    24.6288 -9.990e-29
 208.498594      0.220  38.416312    12.8738    5.33898      0.218    32.6889    24.6277 -9.990e-29
