data/oxygen options/ONMS/Olympic_Coast_National_Marine_Sanctuary_Hypoxia_Survey_CTD_Data_2004_2015/raw_data/2004/CTD_CA80_061504faed.cnv
* Sea-Bird SBE19 Data File:
* FileName = C:\WINDOWS\Desktop\put hypoxia files here\CTD files\CA\CA80m061504.hex
* Software Version 1.1.4
* Temperature SN = 2997
* Conductivity SN = 2997
* System UpLoad Time = Jun 15 2004 11:58:11
** Cape Alava hypoxia CA-8 80m June 15, 2004
**
# nquan = 9                                 
# nvalues = 1407                        
# units = specified
# name 0 = timeJ: Julian Days
# name 1 = prSM: Pressure, Strain Gauge [db]
# name 2 = c0mS/cm: Conductivity [mS/cm]
# name 3 = t090C: Temperature [ITS-90, deg C]
# name 4 = oxML/L: Oxygen, Beckman/YSI [ml/l]
# name 5 = depSM: Depth [salt water, m], lat = 47.5
# name 6 = sal00: Salinity, Practical [PSU]
# name 7 = sigma-é00: Density [sigma-theta, kg/m^3]
# name 8 = flag: flag
# span 0 = 167.420162, 167.428299       
# span 1 =     -4.721,     80.725       
# span 2 =   0.306080,  36.886021       
# span 3 =     7.2920,    12.3631       
# span 4 =  -11.86534,   34.09421       
# span 5 =     -4.682,     80.036       
# span 6 =     0.1961,    33.7059       
# span 7 =    -0.3625,    26.3539       
# span 8 = 0.0000e+00, 0.0000e+00       
# interval = seconds: 0.5
# start_time = Jun 15 2004 10:05:02 [Instrument's time stamp, header]
# bad_flag = -9.990e-29
*END*
[from data line 801]
 167.424797      1.285  36.866595    12.3414    6.75379      1.274    31.6690    23.9397 -9.990e-29
 167.424803      1.282  36.866170    12.3398    6.75095      1.271    31.6700    23.9407 -9.990e-29
 167.424809      1.278  36.864660    12.3380    6.75212      1.267    31.6701    23.9411 -9.990e-29
 167.424815      1.272  36.862859    12.3370    6.76523      1.261    31.6692    23.9407 -9.990e-29
 167.424821      1.269  36.862297    12.3373    6.76591      1.258    31.6684    23.9400 -9.990e-29
 167.424826      1.273  36.862794    12.3381    6.75824      1.262    31.6682    23.9397 -9.990e-29
 167.424832      1.279  36.863332    12.3391    6.75341      1.268    31.6679    23.9392 -9.990e-29
 167.424838      1.283  36.864073    12.3398    6.75077      1.272    31.6680    23.9392 -9.990e-29
 167.424844      1.287  36.864890    12.3393    6.76033      1.276    31.6692    23.9402 -9.990e-29
 167.424850      1.290  36.864634    12.3373    6.77310      1.279    31.6706    23.9417 -9.990e-29
 167.424855      1.292  36.862970    12.3359    6.75924      1.281    31.6702    23.9417 -9.990e-29
 167.424861      1.293  36.861608    12.3363    6.75440      1.282    31.6686    23.9403 -9.990e-29
 167.424867      1.295  36.862104    12.3376    6.75119      1.284    31.6679    23.9396 -9.990e-29
 167.424873      1.295  36.863443    12.3377    6.74962      1.284    31.6691    23.9405 -9.990e-29
 167.424878      1.296  36.863489    12.3354    6.75763      1.285    31.6711    23.9425 -9.990e-29
 167.424884      1.296  36.861186    12.3317    6.76286      1.285    31.6720    23.9439 -9.990e-29
 167.424890      1.296  36.857395    12.3291    6.76550      1.285    31.6706    23.9433 -9.990e-29
 167.424896      1.296  36.854920    12.3287    6.76379      1.285    31.6686    23.9418 -9.990e-29
 167.424902      1.295  36.854952    12.3295    6.76313      1.284    31.6679    23.9411 -9.990e-29
 167.424907      1.295  36.855855    12.3305    6.74856      1.284    31.6680    23.9409 -9.990e-29
 167.424913      1.294  36.856596    12.3315    6.75230      1.283    31.6678    23.9406 -9.990e-29
 167.424919      1.292  36.857047    12.3322    6.77326      1.281    31.6677    23.9404 -9.990e-29
 167.424925      1.290  36.857253    12.3322    6.77998      1.279    31.6679    23.9405 -9.990e-29
 167.424931      1.287  36.857496    12.3319    6.77056      1.276    31.6684    23.9410 -9.990e-29
 167.424936      1.284  36.857544    12.3321    6.74699      1.273    31.6682    23.9408 -9.990e-29
 167.424942      1.279  36.857465    12.3326    6.73647      1.268    31.6677    23.9404 -9.990e-29
 167.424948      1.273  36.857720    12.3322    6.75870      1.262    31.6683    23.9409 -9.990e-29
 167.424954      1.270  36.857533    12.3306    6.77905      1.259    31.6695    23.9421 -9.990e-29
 167.424959      1.274  36.856099    12.3289    6.78787      1.263    31.6696    23.9425 -9.990e-29
 167.424965      1.280  36.854316    12.3291    6.77629      1.269    31.6677    23.9410 -9.990e-29
 167.424971      1.285  36.854298    12.3319    6.75255      1.274    31.6653    23.9386 -9.990e-29
 167.424977      1.288  36.857149    12.3351    6.74533      1.277    31.6653    23.9380 -9.990e-29
 167.424983      1.292  36.860505    12.3361    6.74005      1.281    31.6677    23.9397 -9.990e-29
 167.424988      1.294  36.861557    12.3337    6.75122      1.283    31.6707    23.9425 -9.990e-29
 167.424994      1.296  36.859468    12.3295    6.77232      1.285    31.6723    23.9445 -9.990e-29
 167.425000      1.298  36.855385    12.3269    6.78912      1.287    31.6706    23.9436 -9.990e-29
 167.425006      1.300  36.852844    12.3267    6.78793      1.289    31.6683    23.9419 -9.990e-29
 167.425012      1.302  36.852948    12.3273    6.75948      1.291    31.6679    23.9415 -9.990e-29
 167.425017      1.304  36.853595    12.3272    6.73278      1.293    31.6686    23.9420 -9.990e-29
 167.425023      1.306  36.853411    12.3258    6.72702      1.295    31.6696    23.9431 -9.990e-29
 167.425029      1.309  36.852155    12.3243    6.76046      1.298    31.6697    23.9434 -9.990e-29
 167.425035      1.312  36.850402    12.3239    6.78507      1.301    31.6683    23.9425 -9.990e-29
 167.425041      1.317  36.849187    12.3244    6.78531      1.306    31.6667    23.9411 -9.990e-29
 167.425046      1.322  36.849137    12.3253    6.77907      1.311    31.6659    23.9403 -9.990e-29
 167.425052      1.328  36.850376    12.3263    6.75653      1.317    31.6663    23.9404 -9.990e-29
 167.425058      1.332  36.852313    12.3270    6.75287      1.321    31.6675    23.9413 -9.990e-29
 167.425064      1.330  36.853780    12.3269    6.75553      1.319    31.6690    23.9424 -9.990e-29
 167.425069      1.325  36.853913    12.3256    6.75231      1.314    31.6702    23.9436 -9.990e-29
 167.425075      1.321  36.852497    12.3242    6.76097      1.310    31.6701    23.9437 -9.990e-29
 167.425081      1.319  36.850992    12.3245    6.76863      1.308    31.6684    23.9424 -9.990e-29
 167.425087      1.318  36.851297    12.3263    6.77018      1.307    31.6671    23.9411 -9.990e-29
 167.425093      1.319  36.853242    12.3288    6.76802      1.308    31.6669    23.9404 -9.990e-29
 167.425098      1.320  36.855475    12.3309    6.80739      1.309    31.6673    23.9403 -9.990e-29
 167.425104      1.319  36.857032    12.3325    6.77169      1.308    31.6674    23.9401 -9.990e-29
 167.425110      1.310  36.858288    12.3340    6.76149      1.299    31.6673    23.9398 -9.990e-29
 167.425116      1.302  36.859778    12.3353    6.77289      1.291    31.6677    23.9398 -9.990e-29
 167.425122      1.307  36.860666    12.3358    6.77103      1.296    31.6681    23.9400 -9.990e-29
 167.425127      1.321  36.859876    12.3360    6.76575      1.310    31.6672    23.9393 -9.990e-29
 167.425133      1.328  36.856338    12.3367    6.75291      1.317    31.6632    23.9361 -9.990e-29
 167.425139      1.324  36.845314    12.3374    6.74504      1.313    31.6521    23.9273 -9.990e-29
 167.425145      1.317  36.810967    12.3377    6.74655      1.306    31.6190    23.9016 -9.990e-29
 167.425150      1.312  36.707483    12.3380    6.75668      1.301    31.5199    23.8248 -9.990e-29
 167.425156      1.307  36.468098    12.3383    6.76940      1.296    31.2913    23.6475 -9.990e-29
 167.425162      1.302  36.304705    12.3388    6.76406      1.291    31.1351    23.5264 -9.990e-29
 167.425168      1.297  36.464898    12.3399    6.75400      1.286    31.2869    23.6438 -9.990e-29
 167.425174      1.293  36.705754    12.3414    6.74149      1.282    31.5154    23.8207 -9.990e-29
 167.425179      1.288  36.810573    12.3435    6.74510      1.277    31.6137    23.8965 -9.990e-29
 167.425185      1.286  36.842821    12.3464    6.76482      1.275    31.6421    23.9179 -9.990e-29
 167.425191      1.292  36.853889    12.3488    6.77239      1.281    31.6506    23.9241 -9.990e-29
 167.425197      1.302  36.863565    12.3499    6.76070      1.291    31.6589    23.9303 -9.990e-29
 167.425203      1.312  36.870150    12.3503    6.74519      1.301    31.6649    23.9348 -9.990e-29
 167.425208      1.319  36.872309    12.3505    6.74299      1.308    31.6668    23.9363 -9.990e-29
 167.425214      1.318  36.873465    12.3505    6.74848      1.307    31.6679    23.9371 -9.990e-29
 167.425220      1.314  36.874019    12.3503    6.76246      1.303    31.6686    23.9377 -9.990e-29
 167.425226      1.311  36.874132    12.3499    6.76381      1.300    31.6690    23.9381 -9.990e-29
 167.425231      1.308  36.873937    12.3498    6.74839      1.297    31.6689    23.9381 -9.990e-29
 167.425237      1.307  36.873719    12.3501    6.74892      1.296    31.6685    23.9376 -9.990e-29
 167.425243      1.305  36.873728    12.3497    6.76132      1.294    31.6688    23.9380 -9.990e-29
 167.425249      1.304  36.873398    12.3482    6.77443      1.293    31.6698    23.9390 -9.990e-29
 167.425255      1.303  36.872271    12.3466    6.77366      1.292    31.6700    23.9395 -9.990e-29
 167.425260      1.303  36.871070    12.3462    6.75203      1.292    31.6692    23.9390 -9.990e-29
 167.425266      1.302  36.870982    12.3475    6.73396      1.291    31.6681    23.9378 -9.990e-29
 167.425272      1.302  36.872430    12.3495    6.74451      1.291    31.6678    23.9372 -9.990e-29
 167.425278      1.302  36.874524    12.3511    6.76733      1.291    31.6684    23.9374 -9.990e-29
 167.425284      1.301  36.876113    12.3523    6.77128      1.290    31.6689    23.9376 -9.990e-29
 167.425289      1.301  36.877054    12.3530    6.76962      1.290    31.6692    23.9377 -9.990e-29
 167.425295      1.302  36.877461    12.3530    6.75353      1.291    31.6696    23.9380 -9.990e-29
 167.425301      1.302  36.877298    12.3529    6.74730      1.291    31.6695    23.9379 -9.990e-29
 167.425307      1.302  36.876892    12.3532    6.75035      1.291    31.6689    23.9374 -9.990e-29
 167.425312      1.302  36.876804    12.3543    6.75861      1.291    31.6679    23.9364 -9.990e-29
 167.425318      1.303  36.877461    12.3559    6.75653      1.292    31.6672    23.9355 -9.990e-29
 167.425324      1.304  36.878600    12.3571    6.74760      1.293    31.6672    23.9354 -9.990e-29
 167.425330      1.305  36.879477    12.3574    6.75658      1.294    31.6678    23.9358 -9.990e-29
 167.425336      1.306  36.880123    12.3575    6.75797      1.295    31.6683    23.9362 -9.990e-29
 167.425341      1.308  36.880821    12.3577    6.76255      1.297    31.6688    23.9365 -9.990e-29
 167.425347      1.310  36.881362    12.3581    6.75582      1.299    31.6690    23.9366 -9.990e-29
 167.425353      1.313  36.881888    12.3586    6.75525      1.302    31.6691    23.9365 -9.990e-29
 167.425359      1.317  36.882522    12.3591    6.76351      1.306    31.6693    23.9366 -9.990e-29
 167.425365      1.322  36.882970    12.3596    6.76662      1.311    31.6693    23.9365 -9.990e-29
 167.425370      1.328  36.883251    12.3603    6.76102      1.317    31.6690    23.9361 -9.990e-29
 167.425376      1.331  36.883720    12.3613    6.74911      1.320    31.6686    23.9356 -9.990e-29
 167.425382      1.328  36.884426    12.3622    6.74544      1.317    31.6685    23.9354 -9.990e-29
 167.425388      1.323  36.885169    12.3629    6.74690      1.312    31.6686    23.9353 -9.990e-29
 167.425394      1.319  36.885800    12.3631    6.75115      1.308    31.6690    23.9356 -9.990e-29
 167.425399      1.317  36.886021    12.3628    6.76760      1.306    31.6695    23.9360 -9.990e-29
 167.425405      1.315  36.885548    12.3623    6.76405      1.304    31.6695    23.9361 -9.990e-29
 167.425411      1.315  36.884856    12.3621    6.75547      1.304    31.6690    23.9358 -9.990e-29
 167.425417      1.315  36.884686    12.3619    6.73748      1.304    31.6690    23.9358 -9.990e-29
 167.425422      1.316  36.884794    12.3609    6.72829      1.305    31.6699    23.9367 -9.990e-29
 167.425428      1.318  36.884184    12.3583    6.73254      1.307    31.6715    23.9385 -9.990e-29
 167.425434      1.322  36.882026    12.3553    6.76067      1.311    31.6720    23.9394 -9.990e-29
 167.425440      1.327  36.879350    12.3540    6.75097      1.316    31.6706    23.9385 -9.990e-29
 167.425446      1.333  36.878178    12.3543    6.76691      1.322    31.6692    23.9374 -9.990e-29
 167.425451      1.342  36.878612    12.3550    6.76039      1.331    31.6690    23.9371 -9.990e-29
 167.425457      1.353  36.879529    12.3553    6.74624      1.342    31.6696    23.9376 -9.990e-29
 167.425463      1.368  36.879891    12.3552    6.75649      1.357    31.6700    23.9379 -9.990e-29
 167.425469      1.387  36.879602    12.3549    6.75435      1.375    31.6700    23.9379 -9.990e-29
 167.425475      1.412  36.879382    12.3550    6.77110      1.400    31.6697    23.9377 -9.990e-29
 167.425480      1.443  36.879480    12.3557    6.77278      1.431    31.6692    23.9372 -9.990e-29
 167.425486      1.484  36.880007    12.3563    6.76383      1.472    31.6692    23.9370 -9.990e-29
 167.425492      1.536  36.880528    12.3563    6.76920      1.523    31.6696    23.9374 -9.990e-29
 167.425498      1.600  36.880598    12.3557    6.77668      1.587    31.6702    23.9379 -9.990e-29
 167.425503      1.673  36.880291    12.3544    6.78003      1.659    31.6710    23.9388 -9.990e-29
 167.425509      1.762  36.879181    12.3517    6.78120      1.747    31.6722    23.9402 -9.990e-29
 167.425515      1.868  36.876893    12.3459    6.78160      1.852    31.6748    23.9434 -9.990e-29
 167.425521      1.992  36.872599    12.3338    6.78829      1.975    31.6809    23.9504 -9.990e-29
 167.425527      2.139  36.862802    12.3136    6.79032      2.121    31.6885    23.9601 0.0000e+00
 167.425532      2.305  36.844516    12.2901    6.78941      2.286    31.6909    23.9663 0.0000e+00
 167.425538      2.488  36.823065    12.2692    6.77919      2.467    31.6880    23.9680 0.0000e+00
 167.425544      2.691  36.805161    12.2484    6.77451      2.669    31.6883    23.9721 0.0000e+00
 167.425550      2.917  36.787102    12.2230    6.77241      2.893    31.6924    23.9801 0.0000e+00
 167.425556      3.170  36.763858    12.1933    6.77969      3.144    31.6952    23.9878 0.0000e+00
 167.425561      3.443  36.736947    12.1612    6.77908      3.414    31.6965    23.9948 0.0000e+00
 167.425567      3.732  36.709166    12.1296    6.76880      3.701    31.6965    24.0007 0.0000e+00
 167.425573      4.038  36.682149    12.1024    6.76626      4.004    31.6935    24.0034 0.0000e+00
 167.425579      4.364  36.658550    12.0805    6.75848      4.328    31.6893    24.0042 0.0000e+00
 167.425584      4.714  36.639970    12.0611    6.77028      4.675    31.6878    24.0066 0.0000e+00
 167.425590      5.088  36.624049    12.0443    6.78340      5.045    31.6866    24.0088 0.0000e+00
 167.425596      5.480  36.610286    12.0317    6.79143      5.434    31.6839    24.0090 0.0000e+00
 167.425602      5.881  36.599939    12.0224    6.80963      5.832    31.6816    24.0091 0.0000e+00
 167.425608      6.281  36.592089    12.0135    6.82212      6.228    31.6815    24.0106 0.0000e+00
 167.425613      6.677  36.584660    12.0023    6.79859      6.621    31.6837    24.0144 0.0000e+00
 167.425619      7.072  36.575019    11.9865    6.71494      7.013    31.6876    24.0204 0.0000e+00
 167.425625      7.475  36.561508    11.9598    6.62059      7.412    31.6972    24.0327 0.0000e+00
 167.425631      7.888  36.539551    11.9071    6.45011      7.822    31.7207    24.0606 0.0000e+00
 167.425637      8.309  36.496119    11.8156    6.26717      8.239    31.7565    24.1053 0.0000e+00
 167.425642      8.734  36.419270    11.6889    6.15887      8.661    31.7903    24.1545 0.0000e+00
 167.425648      9.164  36.314195    11.5341    6.02763      9.087    31.8207    24.2062 0.0000e+00
 167.425654      9.598  36.193311    11.3452    5.96977      9.518    31.8652    24.2747 0.0000e+00
 167.425660     10.028  36.054676    11.1383    5.98780      9.944    31.9080    24.3446 0.0000e+00
 167.425666     10.447  35.906881    10.9677    5.93934     10.360    31.9103    24.3764 0.0000e+00
 167.425671     10.848  35.789476    10.8716    5.84143     10.757    31.8777    24.3677 0.0000e+00
 167.425677     11.225  35.726438    10.8532    5.75590     11.131    31.8311    24.3347 0.0000e+00
 167.425683     11.583  35.712736    10.8999    5.66183     11.486    31.7769    24.2844 0.0000e+00
 167.425689     11.930  35.751938    10.9181    5.59912     11.830    31.7997    24.2990 0.0000e+00
 167.425694     12.281  35.771236    10.8166    5.54702     12.178    31.9069    24.4000 0.0000e+00
 167.425700     12.644  35.689249    10.6616    5.45786     12.538    31.9607    24.4686 0.0000e+00
 167.425706     13.021  35.580032    10.5270    5.36258     12.912    31.9696    24.4986 0.0000e+00
 167.425712     13.410  35.500922    10.4004    5.29356     13.298    32.0016    24.5450 0.0000e+00
