data/oxygen options/ONMS/Olympic_Coast_National_Marine_Sanctuary_Hypoxia_Survey_CTD_Data_2004_2015/raw_data/2004/CTD_TH80_082404faedb.cnv
* Sea-Bird SBE19 Data File:
* FileName = C:\WINDOWS\Desktop\put hypoxia files here\CTD data\August 24_25-04\TH\TH80_082404.hex
* Software Version 1.1.4
* Temperature SN = 2997
* Conductivity SN = 2997
* System UpLoad Time = Aug 24 2004 16:08:38
* SEACAT PROFILER V3.1c SN 2997   08/24/04  16:10:15.069
* strain gauge pressure sensor: S/N = 184829,  range = 3000 psia,  tc = 40
# nquan = 9
# nvalues = 80                          
# units = specified
# name 0 = timeJ: Julian Days
# name 1 = prSM: Pressure, Strain Gauge [db]
# name 2 = c0mS/cm: Conductivity [mS/cm]
# name 3 = t090C: Temperature [ITS-90, deg C]
# name 4 = oxML/L: Oxygen, Beckman/YSI [ml/l]
# name 5 = depSM: Depth [salt water, m], lat = 47.5
# name 6 = sal00: Salinity, Practical [PSU]
# name 7 = sigma-é00: Density [sigma-theta, kg/m^3]
# name 8 = flag: flag
# span 0 = 237.587525, 237.588663       
# span 1 =      1.000,     80.000       
# span 2 =  34.331447,  39.506593       
# span 3 =     7.3967,    14.7454       
# span 4 =    3.28009,    8.07469       
# span 5 =      0.993,     79.317       
# span 6 =    32.1176,    33.6001       
# span 7 =    23.8052,    26.2613       
# span 8 = 0.0000e+00, 0.0000e+00       
# interval = decibars: 1                
# start_time = Aug 24 2004 14:02:39 [Instrument's time stamp, header]
# bad_flag = -9.990e-29
*END*
 237.587525      1.000  39.506593    14.7454    7.91272      0.993    32.1176    23.8052 0.0000e+00
 237.587551      2.000  39.500063    14.7182    8.07469      1.983    32.1338    23.8233 0.0000e+00
 237.587567      3.000  39.466474    14.6328    8.03929      2.975    32.1736    23.8722 0.0000e+00
 237.587580      4.000  39.349463    14.2945    7.74258      3.967    32.3480    24.0776 0.0000e+00
 237.587592      5.000  38.970826    13.7052    7.12565      4.958    32.4949    24.3124 0.0000e+00
 237.587603      6.000  38.502390    13.0147    6.51779      5.950    32.6462    24.5676 0.0000e+00
 237.587615      7.000  37.838423    12.1395    6.10241      6.941    32.7731    24.8344 0.0000e+00
 237.587626      8.000  37.119965    11.3706    5.74399      7.933    32.7521    24.9597 0.0000e+00
 237.587637      9.000  36.700932    10.9906    5.45001      8.925    32.6761    24.9683 0.0000e+00
 237.587647     10.000  36.526137    10.7618    5.21143      9.916    32.7063    25.0317 0.0000e+00
 237.587658     11.000  36.349798    10.5227    5.09385     10.908    32.7441    25.1026 0.0000e+00
 237.587671     12.000  36.117291    10.2333    5.02816     11.900    32.7708    25.1727 0.0000e+00
 237.587685     13.000  35.886864    10.0100    4.89004     12.891    32.7394    25.1857 0.0000e+00
 237.587702     14.000  35.760252     9.8632    4.75775     13.882    32.7435    25.2133 0.0000e+00
 237.587718     15.000  35.620647     9.6882    4.77605     14.874    32.7599    25.2547 0.0000e+00
 237.587732     16.000  35.509739     9.5515    4.75730     15.866    32.7706    25.2854 0.0000e+00
 237.587745     17.000  35.481687     9.5246    4.60439     16.858    32.7660    25.2862 0.0000e+00
 237.587756     18.000  35.471311     9.4150    4.51894     17.849    32.8553    25.3736 0.0000e+00
 237.587767     19.000  35.307951     9.0868    4.46079     18.840    32.9888    25.5300 0.0000e+00
 237.587777     20.000  35.058240     8.8002    4.38944     19.832    32.9942    25.5791 0.0000e+00
 237.587786     21.000  34.949750     8.6988    4.33393     20.824    32.9747    25.5793 0.0000e+00
 237.587795     22.000  34.926311     8.6542    4.28104     21.815    32.9912    25.5992 0.0000e+00
 237.587804     23.000  34.909336     8.6090    4.23809     22.807    33.0151    25.6248 0.0000e+00
 237.587813     24.000  34.883902     8.5602    4.20833     23.799    33.0336    25.6467 0.0000e+00
 237.587822     25.000  34.864857     8.5175    4.18863     24.790    33.0530    25.6684 0.0000e+00
 237.587832     26.000  34.856936     8.4945    4.17095     25.781    33.0658    25.6820 0.0000e+00
 237.587843     27.000  34.844340     8.4605    4.15209     26.773    33.0840    25.7014 0.0000e+00
 237.587854     28.000  34.826735     8.4101    4.11281     27.764    33.1123    25.7312 0.0000e+00
 237.587865     29.000  34.807930     8.3386    4.06720     28.756    33.1593    25.7787 0.0000e+00
 237.587875     30.000  34.763523     8.2142    4.05834     29.747    33.2292    25.8522 0.0000e+00
 237.587886     31.000  34.684373     8.0790    4.07747     30.739    33.2727    25.9064 0.0000e+00
 237.587897     32.000  34.615412     7.9990    4.09929     31.730    33.2748    25.9197 0.0000e+00
 237.587909     33.000  34.575651     7.9419    4.10029     32.722    33.2863    25.9370 0.0000e+00
 237.587922     34.000  34.548893     7.8841    4.09711     33.713    33.3123    25.9659 0.0000e+00
 237.587935     35.000  34.533294     7.8116    4.05592     34.705    33.3644    26.0173 0.0000e+00
 237.587948     36.000  34.517116     7.7383    3.98042     35.696    33.4167    26.0690 0.0000e+00
 237.587964     37.000  34.503798     7.7279    3.94303     36.688    33.4119    26.0667 0.0000e+00
 237.587984     38.000  34.496547     7.7178    3.88753     37.679    33.4133    26.0692 0.0000e+00
 237.588000     39.000  34.467921     7.6500    3.91249     38.671    33.4471    26.1056 0.0000e+00
 237.588013     40.000  34.400489     7.5379    3.97825     39.662    33.4818    26.1487 0.0000e+00
 237.588025     41.000  34.352862     7.4763    4.00614     40.654    33.4892    26.1633 0.0000e+00
 237.588036     42.000  34.336142     7.4405    4.00566     41.645    33.5053    26.1810 0.0000e+00
 237.588048     43.000  34.331447     7.4206    4.00020     42.636    33.5189    26.1946 0.0000e+00
 237.588060     44.000  34.332133     7.4152    3.99391     43.628    33.5244    26.1997 0.0000e+00
 237.588075     45.000  34.335449     7.4164    3.96481     44.619    33.5264    26.2010 0.0000e+00
 237.588089     46.000  34.342090     7.4071    3.89849     45.611    33.5421    26.2147 0.0000e+00
 237.588105     47.000  34.358260     7.4026    3.83269     46.603    33.5635    26.2322 0.0000e+00
 237.588125     48.000  34.363732     7.4042    3.77611     47.594    33.5674    26.2351 0.0000e+00
 237.588146     49.000  34.365241     7.3970    3.70979     48.585    33.5755    26.2425 0.0000e+00
 237.588160     50.000  34.377870     7.3967    3.62440     49.577    33.5890    26.2531 0.0000e+00
 237.588173     51.000  34.388032     7.3987    3.53909     50.568    33.5977    26.2597 0.0000e+00
 237.588189     52.000  34.392139     7.4017    3.47615     51.559    33.5987    26.2601 0.0000e+00
 237.588205     53.000  34.390578     7.4014    3.48188     52.551    33.5968    26.2586 0.0000e+00
 237.588218     54.000  34.390979     7.3991    3.44777     53.542    33.5990    26.2607 0.0000e+00
 237.588229     55.000  34.391923     7.3989    3.42298     54.534    33.5997    26.2613 0.0000e+00
 237.588241     56.000  34.392730     7.3994    3.38781     55.525    33.5997    26.2612 0.0000e+00
 237.588252     57.000  34.394140     7.4003    3.37174     56.516    33.5998    26.2612 0.0000e+00
 237.588263     58.000  34.395661     7.4013    3.38981     57.508    33.6001    26.2613 0.0000e+00
 237.588275     59.000  34.396585     7.4017    3.35984     58.499    33.6001    26.2613 0.0000e+00
 237.588289     60.000  34.396640     7.4025    3.33719     59.491    33.5990    26.2603 0.0000e+00
 237.588304     61.000  34.396724     7.4028    3.33101     60.482    33.5982    26.2597 0.0000e+00
 237.588321     62.000  34.396089     7.4033    3.34557     61.473    33.5967    26.2584 0.0000e+00
 237.588335     63.000  34.395758     7.4023    3.32921     62.465    33.5968    26.2587 0.0000e+00
 237.588348     64.000  34.396600     7.4024    3.33734     63.456    33.5971    26.2589 0.0000e+00
 237.588361     65.000  34.397144     7.4024    3.32991     64.447    33.5972    26.2590 0.0000e+00
 237.588376     66.000  34.396586     7.4024    3.31949     65.439    33.5961    26.2581 0.0000e+00
 237.588394     67.000  34.396796     7.4028    3.32175     66.430    33.5955    26.2576 0.0000e+00
 237.588412     68.000  34.396620     7.4027    3.30946     67.421    33.5949    26.2572 0.0000e+00
 237.588432     69.000  34.397723     7.4032    3.30491     68.413    33.5951    26.2573 0.0000e+00
 237.588453     70.000  34.397501     7.4032    3.30740     69.404    33.5944    26.2568 0.0000e+00
 237.588468     71.000  34.397404     7.4030    3.30015     70.395    33.5941    26.2565 0.0000e+00
 237.588482     72.000  34.398330     7.4033    3.30606     71.387    33.5943    26.2567 0.0000e+00
 237.588497     73.000  34.399698     7.4035    3.29882     72.378    33.5951    26.2573 0.0000e+00
 237.588515     74.000  34.399806     7.4033    3.28009     73.369    33.5949    26.2571 0.0000e+00
 237.588533     75.000  34.399194     7.4035    3.28214     74.361    33.5936    26.2561 0.0000e+00
 237.588548     76.000  34.400089     7.4031    3.28644     75.352    33.5945    26.2569 0.0000e+00
 237.588561     77.000  34.401245     7.4031    3.28765     76.343    33.5951    26.2575 0.0000e+00
 237.588575     78.000  34.401311     7.4034    3.30705     77.335    33.5945    26.2569 0.0000e+00
 237.588598     79.000  34.401853     7.4038    3.32297     78.326    33.5943    26.2567 0.0000e+00
 237.588663     80.000  34.401804     7.4043    3.30366     79.317    33.5933    26.2558 0.0000e+00
