data/oxygen options/ONMS/Olympic_Coast_National_Marine_Sanctuary_Hypoxia_Survey_CTD_Data_2004_2015/raw_data/2004/CTD_CA80_061504faed.cnv
* Sea-Bird SBE19 Data File:
* FileName = C:\WINDOWS\Desktop\put hypoxia files here\CTD files\CA\CA80m061504.hex
* Software Version 1.1.4
* Temperature SN = 2997
* Conductivity SN = 2997
* System UpLoad Time = Jun 15 2004 11:58:11
** Cape Alava hypoxia CA-8 80m June 15, 2004
**
# nquan = 9                                 
# nvalues = 1407                        
# units = specified
# name 0 = timeJ: Julian Days
# name 1 = prSM: Pressure, Strain Gauge [db]
# name 2 = c0mS/cm: Conductivity [mS/cm]
# name 3 = t090C: Temperature [ITS-90, deg C]
# name 4 = oxML/L: Oxygen, Beckman/YSI [ml/l]
# name 5 = depSM: Depth [salt water, m], lat = 47.5
# name 6 = sal00: Salinity, Practical [PSU]
# name 7 = sigma-é00: Density [sigma-theta, kg/m^3]
# name 8 = flag: flag
# span 0 = 167.420162, 167.428299       
# span 1 =     -4.721,     80.725       
# span 2 =   0.306080,  36.886021       
# span 3 =     7.2920,    12.3631       
# span 4 =  -11.86534,   34.09421       
# span 5 =     -4.682,     80.036       
# span 6 =     0.1961,    33.7059       
# span 7 =    -0.3625,    26.3539       
# span 8 = 0.0000e+00, 0.0000e+00       
# interval = seconds: 0.5
# start_time = Jun 15 2004 10:05:02 [Instrument's time stamp, header]
# bad_flag = -9.990e-29
*END*
[from data line 161]
 167.421094     -0.639  36.867552    12.3407    6.26999     -0.634    31.6713    23.9416 -9.990e-29
 167.421100     -0.645  36.866530    12.3401    6.43388     -0.640    31.6708    23.9413 -9.990e-29
 167.421105     -0.651  36.864911    12.3394    6.50537     -0.646    31.6699    23.9407 -9.990e-29
 167.421111     -0.648  36.863916    12.3404    6.53104     -0.643    31.6681    23.9391 -9.990e-29
 167.421117     -0.636  36.865036    12.3426    6.55486     -0.631    31.6673    23.9381 -9.990e-29
 167.421123     -0.623  36.866977    12.3434    6.61238     -0.618    31.6685    23.9389 -9.990e-29
 167.421128     -0.612  36.867853    12.3416    6.66573     -0.607    31.6708    23.9410 -9.990e-29
 167.421134     -0.602  36.866604    12.3372    6.68433     -0.597    31.6733    23.9438 -9.990e-29
 167.421140     -0.593  36.862142    12.3315    6.68164     -0.588    31.6739    23.9453 -9.990e-29
 167.421146     -0.585  36.855262    12.3284    6.68566     -0.580    31.6699    23.9428 -9.990e-29
 167.421152     -0.577  36.851950    12.3287    6.68645     -0.572    31.6665    23.9401 -9.990e-29
 167.421157     -0.567  36.854533    12.3270    6.69343     -0.562    31.6704    23.9434 -9.990e-29
 167.421163     -0.557  36.853568    12.3225    6.68894     -0.552    31.6733    23.9465 -9.990e-29
 167.421169     -0.544  36.848346    12.3195    6.69261     -0.539    31.6708    23.9452 -9.990e-29
 167.421175     -0.533  36.846501    12.3177    6.68448     -0.529    31.6706    23.9453 -9.990e-29
 167.421181     -0.527  36.846148    12.3148    6.68699     -0.523    31.6727    23.9475 -9.990e-29
 167.421186     -0.522  36.844028    12.3118    6.69130     -0.518    31.6732    23.9485 -9.990e-29
 167.421192     -0.512  36.841254    12.3110    6.69788     -0.508    31.6712    23.9471 -9.990e-29
 167.421198     -0.502  36.839752    12.3130    6.70701     -0.498    31.6681    23.9443 -9.990e-29
 167.421204     -0.495  36.840899    12.3155    6.70929     -0.491    31.6671    23.9430 -9.990e-29
 167.421209     -0.486  36.843435    12.3167    6.70282     -0.482    31.6685    23.9439 -9.990e-29
 167.421215     -0.471  36.845147    12.3170    6.69783     -0.467    31.6698    23.9449 -9.990e-29
 167.421221     -0.452  36.845528    12.3163    6.68542     -0.448    31.6708    23.9458 -9.990e-29
 167.421227     -0.434  36.844539    12.3146    6.67898     -0.430    31.6713    23.9464 -9.990e-29
 167.421233     -0.414  36.842559    12.3134    6.69344     -0.411    31.6704    23.9460 -9.990e-29
 167.421238     -0.396  36.840892    12.3134    6.71621     -0.393    31.6688    23.9447 -9.990e-29
 167.421244     -0.383  36.840692    12.3142    6.72293     -0.380    31.6679    23.9439 -9.990e-29
 167.421250     -0.374  36.841708    12.3149    6.69023     -0.371    31.6683    23.9441 -9.990e-29
 167.421256     -0.369  36.842505    12.3156    6.66941     -0.366    31.6685    23.9441 -9.990e-29
 167.421262     -0.367  36.843038    12.3171    6.66779     -0.364    31.6677    23.9432 -9.990e-29
 167.421267     -0.368  36.844596    12.3190    6.68810     -0.365    31.6676    23.9428 -9.990e-29
 167.421273     -0.368  36.846464    12.3196    6.70682     -0.365    31.6689    23.9436 -9.990e-29
 167.421279     -0.363  36.846661    12.3190    6.70787     -0.360    31.6696    23.9443 -9.990e-29
 167.421285     -0.356  36.845467    12.3185    6.68890     -0.353    31.6688    23.9438 -9.990e-29
 167.421291     -0.352  36.844669    12.3185    6.67282     -0.349    31.6681    23.9432 -9.990e-29
 167.421296     -0.349  36.844901    12.3188    6.67181     -0.346    31.6680    23.9432 -9.990e-29
 167.421302     -0.345  36.845365    12.3194    6.68343     -0.342    31.6680    23.9430 -9.990e-29
 167.421308     -0.333  36.845572    12.3208    6.70481     -0.330    31.6670    23.9420 -9.990e-29
 167.421314     -0.319  36.846935    12.3232    6.70413     -0.316    31.6663    23.9409 -9.990e-29
 167.421319     -0.304  36.849605    12.3252    6.68849     -0.301    31.6671    23.9412 -9.990e-29
 167.421325     -0.288  36.851546    12.3264    6.67910     -0.286    31.6679    23.9417 -9.990e-29
 167.421331     -0.275  36.852557    12.3282    6.68702     -0.273    31.6674    23.9409 -9.990e-29
 167.421337     -0.268  36.854003    12.3318    6.70251     -0.266    31.6657    23.9389 -9.990e-29
 167.421343     -0.261  36.857265    12.3371    6.70490     -0.259    31.6644    23.9369 -9.990e-29
 167.421348     -0.252  36.862220    12.3418    6.69294     -0.250    31.6651    23.9366 -9.990e-29
 167.421354     -0.237  36.866516    12.3441    6.67484     -0.235    31.6673    23.9378 -9.990e-29
 167.421360     -0.223  36.868606    12.3449    6.67159     -0.221    31.6686    23.9387 -9.990e-29
 167.421366     -0.210  36.869047    12.3454    6.68471     -0.208    31.6686    23.9386 -9.990e-29
 167.421372     -0.200  36.869003    12.3462    6.70326     -0.198    31.6679    23.9379 -9.990e-29
 167.421377     -0.190  36.869552    12.3471    6.70989     -0.188    31.6676    23.9375 -9.990e-29
 167.421383     -0.181  36.870881    12.3478    6.69593     -0.179    31.6683    23.9379 -9.990e-29
 167.421389     -0.176  36.871973    12.3486    6.68503     -0.175    31.6687    23.9380 -9.990e-29
 167.421395     -0.175  36.872614    12.3498    6.67893     -0.174    31.6683    23.9375 -9.990e-29
 167.421400     -0.173  36.873675    12.3515    6.67505     -0.172    31.6678    23.9369 -9.990e-29
 167.421406     -0.175  36.875463    12.3532    6.69154     -0.174    31.6681    23.9367 -9.990e-29
 167.421412     -0.181  36.877012    12.3541    6.69440     -0.179    31.6688    23.9371 -9.990e-29
 167.421418     -0.182  36.877598    12.3541    6.68919     -0.180    31.6694    23.9376 -9.990e-29
 167.421424     -0.175  36.877457    12.3535    6.69635     -0.174    31.6698    23.9380 -9.990e-29
 167.421429     -0.159  36.876416    12.3529    6.69222     -0.158    31.6693    23.9377 -9.990e-29
 167.421435     -0.137  36.875346    12.3530    6.70035     -0.136    31.6682    23.9368 -9.990e-29
 167.421441     -0.116  36.875641    12.3537    6.70184     -0.115    31.6678    23.9364 -9.990e-29
 167.421447     -0.100  36.876586    12.3543    6.67979     -0.099    31.6682    23.9366 -9.990e-29
 167.421453     -0.087  36.877212    12.3549    6.67100     -0.086    31.6683    23.9366 -9.990e-29
 167.421458     -0.077  36.877808    12.3559    6.67867     -0.076    31.6680    23.9362 -9.990e-29
 167.421464     -0.068  36.878623    12.3566    6.68566     -0.067    31.6682    23.9362 -9.990e-29
 167.421470     -0.060  36.879075    12.3564    6.70954     -0.059    31.6688    23.9367 -9.990e-29
 167.421476     -0.054  36.878660    12.3553    6.69292     -0.054    31.6693    23.9373 -9.990e-29
 167.421481     -0.048  36.877399    12.3540    6.67511     -0.048    31.6692    23.9375 -9.990e-29
 167.421487     -0.041  36.875871    12.3529    6.67592     -0.041    31.6687    23.9373 -9.990e-29
 167.421493     -0.035  36.874856    12.3505    6.67611     -0.035    31.6698    23.9385 -9.990e-29
 167.421499     -0.027  36.873577    12.3445    6.69261     -0.027    31.6736    23.9426 -9.990e-29
 167.421505     -0.018  36.869223    12.3370    6.69696     -0.018    31.6758    23.9457 -9.990e-29
 167.421510     -0.008  36.862734    12.3333    6.69521     -0.008    31.6727    23.9440 -9.990e-29
 167.421516      0.005  36.859495    12.3340    6.69365      0.005    31.6690    23.9411 -9.990e-29
 167.421522      0.022  36.859685    12.3363    6.69178      0.022    31.6672    23.9393 -9.990e-29
 167.421528      0.043  36.861329    12.3390    6.70399      0.043    31.6665    23.9382 -9.990e-29
 167.421534      0.066  36.864392    12.3411    6.70062      0.065    31.6677    23.9387 -9.990e-29
 167.421539      0.083  36.866803    12.3419    6.69713      0.082    31.6693    23.9398 -9.990e-29
 167.421545      0.091  36.867303    12.3422    6.69460      0.090    31.6695    23.9399 -9.990e-29
 167.421551      0.091  36.867134    12.3419    6.69187      0.090    31.6696    23.9400 -9.990e-29
 167.421557      0.087  36.866649    12.3393    6.69717      0.086    31.6713    23.9419 -9.990e-29
 167.421562      0.087  36.864093    12.3359    6.69581      0.086    31.6718    23.9428 -9.990e-29
 167.421568      0.096  36.860001    12.3345    6.68463      0.095    31.6690    23.9410 -9.990e-29
 167.421574      0.109  36.857904    12.3349    6.68765      0.108    31.6667    23.9391 -9.990e-29
 167.421580      0.120  36.859132    12.3364    6.69585      0.119    31.6666    23.9387 -9.990e-29
 167.421586      0.120  36.861965    12.3384    6.70769      0.119    31.6676    23.9391 -9.990e-29
 167.421591      0.105  36.864201    12.3389    6.72635      0.104    31.6693    23.9404 -9.990e-29
 167.421597      0.083  36.864340    12.3364    6.70395      0.082    31.6716    23.9426 -9.990e-29
 167.421603      0.069  36.861638    12.3317    6.68093      0.068    31.6730    23.9446 -9.990e-29
 167.421609      0.067  36.856984    12.3270    6.65979      0.066    31.6725    23.9451 -9.990e-29
 167.421615      0.068  36.852589    12.3236    6.68957      0.067    31.6712    23.9447 -9.990e-29
 167.421620      0.072  36.849323    12.3204    6.72328      0.071    31.6707    23.9450 -9.990e-29
 167.421626      0.080  36.846200    12.3179    6.73530      0.079    31.6699    23.9447 -9.990e-29
 167.421632      0.087  36.843544    12.3182    6.71964      0.086    31.6671    23.9425 -9.990e-29
 167.421638      0.094  36.843985    12.3214    6.69140      0.093    31.6648    23.9402 -9.990e-29
 167.421644      0.098  36.847552    12.3252    6.68338      0.097    31.6650    23.9396 -9.990e-29
 167.421649      0.098  36.851150    12.3277    6.69329      0.097    31.6663    23.9402 -9.990e-29
 167.421655      0.102  36.853409    12.3290    6.70906      0.101    31.6674    23.9407 -9.990e-29
 167.421661      0.117  36.854539    12.3296    6.72019      0.116    31.6679    23.9411 -9.990e-29
 167.421667      0.137  36.854930    12.3297    6.72013      0.136    31.6682    23.9413 -9.990e-29
 167.421672      0.157  36.855103    12.3298    6.69547      0.156    31.6683    23.9413 -9.990e-29
 167.421678      0.172  36.855292    12.3306    6.69226      0.171    31.6678    23.9408 -9.990e-29
 167.421684      0.184  36.855750    12.3317    6.69237      0.182    31.6673    23.9402 -9.990e-29
 167.421690      0.194  36.856529    12.3328    6.71683      0.192    31.6671    23.9398 -9.990e-29
 167.421696      0.202  36.857548    12.3339    6.72224      0.200    31.6671    23.9396 -9.990e-29
 167.421701      0.209  36.858485    12.3348    6.71086      0.207    31.6673    23.9396 -9.990e-29
 167.421707      0.215  36.859472    12.3358    6.71141      0.213    31.6674    23.9395 -9.990e-29
 167.421713      0.221  36.860702    12.3368    6.70432      0.219    31.6677    23.9395 -9.990e-29
 167.421719      0.227  36.861576    12.3369    6.70407      0.225    31.6685    23.9401 -9.990e-29
 167.421725      0.233  36.861578    12.3357    6.70003      0.231    31.6695    23.9411 -9.990e-29
 167.421730      0.240  36.860154    12.3341    6.70843      0.238    31.6695    23.9414 -9.990e-29
 167.421736      0.248  36.858212    12.3336    6.71108      0.246    31.6680    23.9404 -9.990e-29
 167.421742      0.254  36.857651    12.3342    6.70878      0.252    31.6670    23.9394 -9.990e-29
 167.421748      0.253  36.857723    12.3345    6.70045      0.251    31.6668    23.9392 -9.990e-29
 167.421753      0.250  36.855161    12.3338    6.69132      0.248    31.6649    23.9379 -9.990e-29
 167.421759      0.249  36.845992    12.3312    6.70155      0.247    31.6584    23.9333 -9.990e-29
 167.421765      0.250  36.820236    12.3271    6.70079      0.248    31.6372    23.9177 -9.990e-29
 167.421771      0.252  36.799644    12.3242    6.70761      0.250    31.6200    23.9049 -9.990e-29
 167.421777      0.257  36.815092    12.3241    6.70911      0.255    31.6348    23.9164 -9.990e-29
 167.421782      0.263  36.838383    12.3260    6.71445      0.261    31.6555    23.9321 -9.990e-29
 167.421788      0.273  36.847848    12.3280    6.71614      0.271    31.6628    23.9374 -9.990e-29
 167.421794      0.281  36.852745    12.3287    6.70621      0.279    31.6669    23.9404 -9.990e-29
 167.421800      0.285  36.854556    12.3286    6.68884      0.283    31.6687    23.9419 -9.990e-29
 167.421806      0.289  36.854578    12.3284    6.69157      0.287    31.6689    23.9420 -9.990e-29
 167.421811      0.297  36.854523    12.3283    6.70875      0.295    31.6690    23.9421 -9.990e-29
 167.421817      0.305  36.854322    12.3281    6.72452      0.302    31.6689    23.9421 -9.990e-29
 167.421823      0.306  36.853710    12.3278    6.72329      0.303    31.6686    23.9419 -9.990e-29
 167.421829      0.300  36.852994    12.3275    6.70257      0.297    31.6682    23.9416 -9.990e-29
 167.421834      0.294  36.852343    12.3273    6.69129      0.292    31.6677    23.9413 -9.990e-29
 167.421840      0.293  36.852012    12.3270    6.69833      0.291    31.6677    23.9413 -9.990e-29
 167.421846      0.297  36.852124    12.3272    6.71750      0.295    31.6676    23.9412 -9.990e-29
 167.421852      0.305  36.852830    12.3280    6.72619      0.302    31.6676    23.9411 -9.990e-29
 167.421858      0.319  36.853952    12.3282    6.71250      0.316    31.6685    23.9417 -9.990e-29
 167.421863      0.334  36.854185    12.3277    6.70974      0.331    31.6691    23.9423 -9.990e-29
 167.421869      0.344  36.853280    12.3275    6.70463      0.341    31.6684    23.9418 -9.990e-29
 167.421875      0.345  36.852836    12.3271    6.70778      0.342    31.6683    23.9418 -9.990e-29
 167.421881      0.340  36.852824    12.3252    6.71321      0.337    31.6699    23.9434 -9.990e-29
 167.421887      0.339  36.851548    12.3228    6.70993      0.336    31.6707    23.9445 -9.990e-29
 167.421892      0.345  36.849552    12.3221    6.71656      0.342    31.6694    23.9436 -9.990e-29
 167.421898      0.355  36.849227    12.3235    6.72457      0.352    31.6679    23.9422 -9.990e-29
 167.421904      0.361  36.850701    12.3252    6.71955      0.358    31.6679    23.9419 -9.990e-29
 167.421910      0.363  36.852014    12.3266    6.70503      0.360    31.6680    23.9416 -9.990e-29
 167.421916      0.365  36.852675    12.3281    6.70270      0.362    31.6673    23.9409 -9.990e-29
 167.421921      0.368  36.853570    12.3296    6.70380      0.365    31.6669    23.9403 -9.990e-29
 167.421927      0.375  36.854772    12.3301    6.72191      0.372    31.6676    23.9407 -9.990e-29
 167.421933      0.388  36.855083    12.3291    6.73039      0.385    31.6688    23.9418 -9.990e-29
 167.421939      0.399  36.853796    12.3284    6.72040      0.396    31.6681    23.9414 -9.990e-29
 167.421944      0.409  36.853123    12.3292    6.71535      0.406    31.6668    23.9403 -9.990e-29
 167.421950      0.422  36.854412    12.3301    6.71043      0.418    31.6673    23.9405 -9.990e-29
 167.421956      0.434  36.855458    12.3294    6.71893      0.430    31.6689    23.9418 -9.990e-29
 167.421962      0.443  36.854853    12.3278    6.72295      0.439    31.6696    23.9427 -9.990e-29
 167.421968      0.449  36.853475    12.3271    6.72196      0.445    31.6689    23.9423 -9.990e-29
 167.421973      0.453  36.852856    12.3277    6.71273      0.449    31.6678    23.9413 -9.990e-29
 167.421979      0.454  36.853294    12.3280    6.70820      0.450    31.6680    23.9414 -9.990e-29
 167.421985      0.452  36.853130    12.3269    6.72156      0.448    31.6687    23.9422 -9.990e-29
 167.421991      0.448  36.851587    12.3258    6.72614      0.444    31.6682    23.9420 -9.990e-29
 167.421997      0.441  36.850538    12.3248    6.72382      0.437    31.6680    23.9420 -9.990e-29
 167.422002      0.436  36.850268    12.3229    6.71721      0.432    31.6694    23.9434 -9.990e-29
 167.422008      0.435  36.849298    12.3221    6.71099      0.431    31.6691    23.9434 -9.990e-29
