data/oxygen options/ONMS/Olympic_Coast_National_Marine_Sanctuary_Hypoxia_Survey_CTD_Data_2004_2015/raw_data/2004/CTD_CA50_090804faed.cnv
* Sea-Bird SBE19 Data File:
* FileName = C:\WINDOWS\Desktop\put hypoxia files here\CTD data\September 07_0804\CA\raw\CA50_090804.hex
* Software Version 1.1.4
* Temperature SN = 2997
* Conductivity SN = 2997
* System UpLoad Time = Sep 08 2004 10:24:09
* SEACAT PROFILER V3.1c SN 2997   09/08/04  10:26:44.637
* strain gauge pressure sensor: S/N = 184829,  range = 3000 psia,  tc = 40
# nquan = 9                                 
# nvalues = 668                         
# units = specified
# name 0 = timeJ: Julian Days
# name 1 = prSM: Pressure, Strain Gauge [db]
# name 2 = c0mS/cm: Conductivity [mS/cm]
# name 3 = t090C: Temperature [ITS-90, deg C]
# name 4 = oxML/L: Oxygen, Beckman/YSI [ml/l]
# name 5 = depSM: Depth [salt water, m], lat = 47.5
# name 6 = sal00: Salinity, Practical [PSU]
# name 7 = sigma-é00: Density [sigma-theta, kg/m^3]
# name 8 = flag: flag
# span 0 = 252.405498, 252.409358       
# span 1 =     -4.850,     49.055       
# span 2 =   0.649770,  38.274283       
# span 3 =     7.5741,    13.5519       
# span 4 =   -0.04596,   32.73739       
# span 5 =     -4.810,     48.640       
# span 6 =     0.4109,    33.6447       
# span 7 =    -0.3724,    26.2718       
# span 8 = 0.0000e+00, 0.0000e+00       
# interval = seconds: 0.5
# start_time = Sep 08 2004 09:43:55 [Instrument's time stamp, header]
# bad_flag = -9.990e-29
*END*
 252.405498     -4.850 -9.990e-29    13.5458   -0.04530     -4.810 -9.990e-29 -9.990e-29 -9.990e-29
 252.405503     -4.836   0.649770    13.5460   -0.04560     -4.796     0.4109    -0.3724 -9.990e-29
 252.405509     -4.817   0.654212    13.5467   -0.04580     -4.777     0.4138    -0.3703 -9.990e-29
 252.405515     -4.793   0.666982    13.5482   -0.04585     -4.753     0.4221    -0.3640 -9.990e-29
 252.405521     -4.762   0.701776    13.5502   -0.04586     -4.722     0.4450    -0.3465 -9.990e-29
 252.405527     -4.723   0.781949    13.5519   -0.04587     -4.684     0.4979    -0.3056 -9.990e-29
 252.405532     -4.672   0.957965    13.5519   -0.04596     -4.633     0.6151    -0.2146 -9.990e-29
 252.405538     -4.606   1.391953    13.5471   -0.04586     -4.568     0.9092     0.0142 -9.990e-29
 252.405544     -4.522   2.486319    13.5288   -0.04586     -4.484     1.6747     0.6097 -9.990e-29
 252.405550     -4.418   5.388184    13.4697   -0.04586     -4.381     3.8132     2.2701 -9.990e-29
 252.405556     -4.296  13.721769    13.3540   -0.04587     -4.260    10.4489     7.3967 -9.990e-29
 252.405561     -4.153  26.081820    13.2274   -0.04587     -4.118    21.1109    15.6219 -9.990e-29
 252.405567     -3.992  34.230273    13.1451   -0.04587     -3.959    28.5531    21.3769 -9.990e-29
 252.405573     -3.838  36.900017    13.1082   -0.04586     -3.806    31.0652    23.3255 -9.990e-29
 252.405579     -3.710  37.786458    13.0944   -0.04586     -3.679    31.9079    23.9800 -9.990e-29
 252.405584     -3.609  38.065356    13.0903   -0.04587     -3.579    32.1736    24.1864 -9.990e-29
 252.405590     -3.534  38.113082    13.0899   -0.04584     -3.505    32.2188    24.2214 -9.990e-29
 252.405596     -3.482  38.107723    13.0901   -0.04586     -3.453    32.2136    24.2173 -9.990e-29
 252.405602     -3.448  38.153780    13.0899   -0.04586     -3.419    32.2571    24.2510 -9.990e-29
 252.405608     -3.420  38.204988    13.0898   -0.04586     -3.391    32.3054    24.2884 -9.990e-29
 252.405613     -3.391  38.219150    13.0899   -0.04584     -3.363    32.3186    24.2986 -9.990e-29
 252.405619     -3.361  38.219099    13.0897   -0.04584     -3.333    32.3187    24.2988 -9.990e-29
 252.405625     -3.328  38.218813    13.0896   -0.04586     -3.300    32.3185    24.2986 -9.990e-29
 252.405631     -3.293  38.225230    13.0916   -0.04586     -3.266    32.3228    24.3016 -9.990e-29
 252.405637     -3.259  38.233467    13.0960   -0.04586     -3.232    32.3268    24.3038 -9.990e-29
 252.405642     -3.227  38.231532    13.0979   -0.04585     -3.200    32.3234    24.3008 -9.990e-29
 252.405648     -3.200  38.226963    13.0946   -0.04585     -3.173    32.3219    24.3003 -9.990e-29
 252.405654     -3.177  38.235009    13.0910   -0.04586     -3.151    32.3325    24.3092 -9.990e-29
 252.405660     -3.155  38.247352    13.0927   -0.04586     -3.129    32.3427    24.3167 -9.990e-29
 252.405666     -3.129  38.256352    13.0987   -0.04585     -3.103    32.3460    24.3181 -9.990e-29
 252.405671     -3.098  38.261128    13.1009   -0.04583     -3.072    32.3486    24.3197 -9.990e-29
 252.405677     -3.068  38.258538    13.0962   -0.04585     -3.042    32.3502    24.3219 -9.990e-29
 252.405683     -3.041  38.252447    13.0916   -0.04587     -3.016    32.3484    24.3213 -9.990e-29
 252.405689     -3.016  38.251588    13.0919   -0.04587     -2.991    32.3473    24.3205 -9.990e-29
 252.405694     -2.992  38.257642    13.0944   -0.04586     -2.967    32.3508    24.3227 -9.990e-29
 252.405700     -2.965  38.262995    13.0941   -0.04586     -2.940    32.3561    24.3269 -9.990e-29
 252.405706     -2.936  38.262469    13.0914   -0.04584     -2.912    32.3579    24.3288 -9.990e-29
 252.405712     -2.902  38.261558    13.0920   -0.04584     -2.878    32.3565    24.3276 -9.990e-29
 252.405718     -2.864  38.266364    13.0978   -0.04587     -2.840    32.3561    24.3261 -9.990e-29
 252.405723     -2.830  38.272661    13.1029   -0.04587     -2.806    32.3577    24.3263 -9.990e-29
 252.405729     -2.802  38.274283    13.1007   -0.04587     -2.779    32.3611    24.3294 -9.990e-29
 252.405735     -2.782  38.267809    13.0939   -0.04587     -2.759    32.3608    24.3305 -9.990e-29
 252.405741     -2.773  38.256412    13.0889   -0.04587     -2.750    32.3543    24.3265 -9.990e-29
 252.405747     -2.765  38.249599    13.0877   -0.04586     -2.742    32.3489    24.3225 -9.990e-29
 252.405752     -2.750  38.251772    13.0911   -0.04586     -2.727    32.3480    24.3212 -9.990e-29
 252.405758     -2.723  38.259120    13.0980   -0.04588     -2.700    32.3491    24.3206 -9.990e-29
 252.405764     -2.681  38.265761    13.1005   -0.04588     -2.659    32.3532    24.3233 -9.990e-29
 252.405770     -2.644  38.265426    13.0945   -0.04588     -2.622    32.3580    24.3282 -9.990e-29
 252.405775     -2.626  38.255450    13.0868   -0.04587     -2.604    32.3551    24.3275 -9.990e-29
 252.405781     -2.618  38.244432    13.0827   -0.04586     -2.596    32.3482    24.3230 -9.990e-29
 252.405787     -2.602  38.240704    13.0828   -0.04587     -2.580    32.3446    24.3202 -9.990e-29
 252.405793     -2.568  38.243242    13.0863   -0.04588     -2.547    32.3440    24.3190 -9.990e-29
 252.405799     -2.523  38.248725    13.0897   -0.04588     -2.502    32.3463    24.3201 -9.990e-29
 252.405804     -2.482  38.253268    13.0892   -0.04588     -2.461    32.3510    24.3238 -9.990e-29
 252.405810     -2.449  38.252294    13.0854   -0.04587     -2.429    32.3533    24.3264 -9.990e-29
 252.405816     -2.423  38.246212    13.0820   -0.04588     -2.403    32.3504    24.3249 -9.990e-29
 252.405822     -2.402  38.240959    13.0815   -0.04588     -2.382    32.3459    24.3214 -9.990e-29
 252.405828     -2.381  38.241334    13.0843   -0.04588     -2.361    32.3439    24.3193 -9.990e-29
 252.405833     -2.354  38.246178    13.0872   -0.04588     -2.334    32.3459    24.3204 -9.990e-29
 252.405839     -2.320  38.247949    13.0862   -0.04587     -2.301    32.3484    24.3225 -9.990e-29
 252.405845     -2.279  38.242303    13.0831   -0.04587     -2.260    32.3458    24.3210 -9.990e-29
 252.405851     -2.235  38.235202    13.0817   -0.04588     -2.216    32.3402    24.3170 -9.990e-29
 252.405856     -2.189  38.233467    13.0829   -0.04588     -2.171    32.3376    24.3147 -9.990e-29
 252.405862     -2.150  38.237051    13.0849   -0.04587     -2.132    32.3392    24.3156 -9.990e-29
 252.405868     -2.129  38.240659    13.0853   -0.04588     -2.111    32.3423    24.3179 -9.990e-29
 252.405874     -2.128  38.239028    13.0841   -0.04587     -2.110    32.3418    24.3177 -9.990e-29
 252.405880     -2.136  38.233933    13.0827   -0.04587     -2.118    32.3382    24.3152 -9.990e-29
 252.405885     -2.130  38.230946    13.0821   -0.04587     -2.112    32.3359    24.3136 -9.990e-29
 252.405891     -2.116  38.231719    13.0830   -0.04587     -2.098    32.3358    24.3133 -9.990e-29
 252.405897     -2.100  38.235064    13.0850   -0.04587     -2.082    32.3372    24.3141 -9.990e-29
 252.405903     -2.073  38.238733    13.0860   -0.04588     -2.056    32.3398    24.3159 -9.990e-29
 252.405909     -2.046  38.239229    13.0855   -0.04588     -2.029    32.3407    24.3167 -9.990e-29
 252.405914     -2.035  38.236113    13.0849   -0.04588     -2.018    32.3383    24.3149 -9.990e-29
 252.405920     -2.026  38.233108    13.0850   -0.04588     -2.009    32.3354    24.3126 -9.990e-29
 252.405926     -2.001  38.232963    13.0863   -0.04588     -1.984    32.3341    24.3114 -9.990e-29
 252.405932     -1.959  38.234949    13.0885   -0.04588     -1.943    32.3341    24.3109 -9.990e-29
 252.405937     -1.910  38.236690    13.0904   -0.04588     -1.894    32.3341    24.3106 -9.990e-29
 252.405943     -1.867  38.237726    13.0913   -0.04588     -1.851    32.3343    24.3105 -9.990e-29
 252.405949     -1.838  38.238341    13.0910   -0.04588     -1.823    32.3351    24.3112 -9.990e-29
 252.405955     -1.820  38.237134    13.0896   -0.04588     -1.805    32.3352    24.3116 -9.990e-29
 252.405961     -1.811  38.233081    13.0879   -0.04588     -1.796    32.3328    24.3101 -9.990e-29
 252.405966     -1.807  38.228093    13.0869   -0.04588     -1.792    32.3289    24.3073 -9.990e-29
 252.405972     -1.800  38.225638    13.0869   -0.04588     -1.785    32.3266    24.3055 -9.990e-29
 252.405978     -1.788  38.226394    13.0874   17.28618     -1.773    32.3269    24.3056 -9.990e-29
 252.405984     -1.779  38.228028    13.0872   30.72141     -1.764    32.3286    24.3070 -9.990e-29
 252.405990     -1.777  38.227694    13.0861   32.73739     -1.762    32.3292    24.3077 -9.990e-29
 252.405995     -1.779  38.225532    13.0851   28.96099     -1.764    32.3281    24.3069 -9.990e-29
 252.406001     -1.774  38.224292    13.0848   19.15999     -1.759    32.3271    24.3063 -9.990e-29
 252.406007     -1.760  38.224591    13.0856   14.93017     -1.745    32.3267    24.3058 -9.990e-29
 252.406013     -1.738  38.225730    13.0866   14.95019     -1.724    32.3269    24.3058 -9.990e-29
 252.406019     -1.717  38.227007    13.0862   14.90451     -1.703    32.3285    24.3071 -9.990e-29
 252.406024     -1.699  38.227343    13.0842   14.90887     -1.685    32.3305    24.3090 -9.990e-29
 252.406030     -1.683  38.226649    13.0818   14.91163     -1.669    32.3319    24.3106 -9.990e-29
 252.406036     -1.668  38.225705    13.0795   14.91210     -1.654    32.3329    24.3118 -9.990e-29
 252.406042     -1.649  38.224961    13.0774   14.91210     -1.635    32.3340    24.3131 -9.990e-29
 252.406047     -1.620  38.224007    13.0763   14.91542     -1.606    32.3341    24.3133 -9.990e-29
 252.406053     -1.588  38.222717    13.0763   14.91576     -1.575    32.3328    24.3124 -9.990e-29
 252.406059     -1.565  38.221640    13.0769   14.91908     -1.552    32.3313    24.3111 -9.990e-29
 252.406065     -1.552  38.221604    13.0777   14.91718     -1.539    32.3306    24.3104 -9.990e-29
 252.406071     -1.549  38.222585    13.0784   14.91461     -1.536    32.3309    24.3105 -9.990e-29
 252.406076     -1.547  38.223113    13.0789   14.91793     -1.534    32.3310    24.3104 -9.990e-29
 252.406082     -1.533  38.222795    13.0794   14.91813     -1.520    32.3302    24.3098 -9.990e-29
 252.406088     -1.506  38.222354    13.0798   14.91874     -1.493    32.3295    24.3091 -9.990e-29
 252.406094     -1.474  38.222348    13.0800   14.91603     -1.462    32.3293    24.3089 -9.990e-29
 252.406100     -1.442  38.222791    13.0804   14.91514     -1.430    32.3293    24.3089 -9.990e-29
 252.406105     -1.413  38.223175    13.0810   14.91785     -1.401    32.3292    24.3086 -9.990e-29
 252.406111     -1.390  38.223475    13.0821   14.91322     -1.378    32.3285    24.3079 -9.990e-29
 252.406117     -1.379  38.224116    13.0842   14.91463     -1.367    32.3273    24.3066 -9.990e-29
 252.406123     -1.380  38.225975    13.0869   14.91610     -1.368    32.3268    24.3056 -9.990e-29
 252.406128     -1.379  38.228751    13.0888   14.92078     -1.367    32.3278    24.3060 -9.990e-29
 252.406134     -1.365  38.230561    13.0897   14.91988     -1.354    32.3287    24.3066 -9.990e-29
 252.406140     -1.336  38.231040    13.0901   14.91922     -1.325    32.3288    24.3066 -9.990e-29
 252.406146     -1.303  38.231412    13.0903   14.91347     -1.292    32.3290    24.3066 -9.990e-29
 252.406152     -1.282  38.232196    13.0907   14.91694     -1.271    32.3294    24.3069 -9.990e-29
 252.406157     -1.278  38.232776    13.0911   14.91834     -1.267    32.3296    24.3069 -9.990e-29
 252.406163     -1.285  38.232829    13.0909   14.92036     -1.274    32.3298    24.3072 -9.990e-29
 252.406169     -1.284  38.232450    13.0896   14.92177     -1.273    32.3305    24.3080 -9.990e-29
 252.406175     -1.263  38.231720    13.0881   14.92220     -1.252    32.3311    24.3087 -9.990e-29
 252.406181     -1.222  38.230813    13.0875   14.92248     -1.212    32.3308    24.3086 -9.990e-29
 252.406186     -1.173  38.230224    13.0882   14.92539     -1.163    32.3296    24.3075 -9.990e-29
 252.406192     -1.131  38.230875    13.0904   14.92192     -1.122    32.3283    24.3061 -9.990e-29
 252.406198     -1.099  38.232533    13.0925   14.92136     -1.090    32.3281    24.3055 -9.990e-29
 252.406204     -1.073  38.234069    13.0926   14.92192     -1.064    32.3294    24.3065 -9.990e-29
 252.406209     -1.048  38.234749    13.0904   14.92192     -1.039    32.3319    24.3089 -9.990e-29
 252.406215     -1.018  38.234384    13.0872   14.92177     -1.010    32.3343    24.3114 -9.990e-29
 252.406221     -0.985  38.233443    13.0843   14.92192     -0.977    32.3359    24.3132 -9.990e-29
 252.406227     -0.956  38.232366    13.0826   14.92192     -0.948    32.3363    24.3138 -9.990e-29
 252.406233     -0.933  38.231227    13.0821   14.92178     -0.925    32.3356    24.3134 -9.990e-29
 252.406238     -0.916  38.230207    13.0823   14.92107     -0.908    32.3345    24.3125 -9.990e-29
 252.406244     -0.902  38.229454    13.0829   14.92140     -0.894    32.3333    24.3114 -9.990e-29
 252.406250     -0.890  38.229097    13.0832   14.92051     -0.883    32.3327    24.3109 -9.990e-29
 252.406256     -0.881  38.229230    13.0830   14.92051     -0.874    32.3330    24.3112 -9.990e-29
 252.406262     -0.874  38.229483    13.0828   14.92051     -0.867    32.3334    24.3115 -9.990e-29
 252.406267     -0.867  38.229641    13.0827   14.91934     -0.860    32.3336    24.3117 -9.990e-29
 252.406273     -0.862  38.229927    13.0827   14.91544     -0.855    32.3339    24.3119 -9.990e-29
 252.406279     -0.856  38.230170    13.0828   14.91663     -0.849    32.3340    24.3120 -9.990e-29
 252.406285     -0.850  38.230144    13.0833   14.92212     -0.843    32.3336    24.3116 -9.990e-29
 252.406291     -0.844  38.230386    13.0842   14.91835     -0.837    32.3330    24.3110 -9.990e-29
 252.406296     -0.838  38.231231    13.0852   14.92028     -0.831    32.3330    24.3107 -9.990e-29
 252.406302     -0.834  38.232132    13.0859   14.91996     -0.827    32.3332    24.3108 -9.990e-29
 252.406308     -0.837  38.232620    13.0864   14.92052     -0.830    32.3332    24.3107 -9.990e-29
 252.406314     -0.843  38.232793    13.0869   14.91762     -0.836    32.3330    24.3104 -9.990e-29
 252.406319     -0.849  38.232895    13.0876   14.91908     -0.842    32.3325    24.3099 -9.990e-29
 252.406325     -0.849  38.233070    13.0878   14.92240     -0.842    32.3325    24.3099 -9.990e-29
 252.406331     -0.836  38.233563    13.0869   14.92169     -0.829    32.3337    24.3110 -9.990e-29
 252.406337     -0.810  38.233921    13.0856   14.92141     -0.803    32.3351    24.3124 -9.990e-29
 252.406343     -0.780  38.233511    13.0855   14.91748     -0.773    32.3348    24.3121 -9.990e-29
 252.406348     -0.758  38.233479    13.0865   14.91880     -0.752    32.3339    24.3112 -9.990e-29
 252.406354     -0.747  38.234351    13.0869   14.91894     -0.741    32.3344    24.3115 -9.990e-29
 252.406360     -0.741  38.234497    13.0862   14.92198     -0.735    32.3351    24.3122 -9.990e-29
 252.406366     -0.733  38.233561    13.0850   14.91852     -0.727    32.3353    24.3126 -9.990e-29
 252.406372     -0.716  38.232549    13.0839   14.91782     -0.710    32.3353    24.3128 -9.990e-29
 252.406377     -0.695  38.231806    13.0836   14.91754     -0.689    32.3348    24.3125 -9.990e-29
 252.406383     -0.676  38.231475    13.0841   14.91754     -0.670    32.3341    24.3118 -9.990e-29
 252.406389     -0.663  38.231683    13.0846   14.91726     -0.657    32.3338    24.3115 -9.990e-29
 252.406395     -0.655  38.232158    13.0845   14.91754     -0.650    32.3344    24.3120 -9.990e-29
 252.406400     -0.647  38.232421    13.0839   14.91754     -0.642    32.3351    24.3127 -9.990e-29
 252.406406     -0.634  38.232274    13.0836   14.91698     -0.629    32.3352    24.3128 -9.990e-29
 252.406412     -0.620  38.232091    13.0839   14.91703     -0.615    32.3348    24.3124 -9.990e-29
 252.406418     -0.608  38.232200    13.0848   14.91748     -0.603    32.3341    24.3117 -9.990e-29
