data/oxygen options/ONMS/Olympic_Coast_National_Marine_Sanctuary_Hypoxia_Survey_CTD_Data_2004_2015/raw_data/2004/CTD_CA20_090804faed.cnv
* Sea-Bird SBE19 Data File:
* FileName = C:\WINDOWS\Desktop\put hypoxia files here\CTD data\September 07_0804\CA\raw\CA20_090804.hex
* Software Version 1.1.4
* Temperature SN = 2997
* Conductivity SN = 2997
* System UpLoad Time = Sep 08 2004 10:20:53
* SEACAT PROFILER V3.1c SN 2997   09/08/04  10:23:28.355
* strain gauge pressure sensor: S/N = 184829,  range = 3000 psia,  tc = 40
# nquan = 9                                 
# nvalues = 496                         
# units = specified
# name 0 = timeJ: Julian Days
# name 1 = prSM: Pressure, Strain Gauge [db]
# name 2 = c0mS/cm: Conductivity [mS/cm]
# name 3 = t090C: Temperature [ITS-90, deg C]
# name 4 = oxML/L: Oxygen, Beckman/YSI [ml/l]
# name 5 = depSM: Depth [salt water, m], lat = 47.5
# name 6 = sal00: Salinity, Practical [PSU]
# name 7 = sigma-é00: Density [sigma-theta, kg/m^3]
# name 8 = flag: flag
# span 0 = 252.365150, 252.368015       
# span 1 =     -4.325,     18.561       
# span 2 =   1.865367,  38.448595       
# span 3 =     8.1248,    14.1112       
# span 4 =   -0.04541,   31.83782       
# span 5 =     -4.289,     18.405       
# span 6 =     1.2187,    33.3561       
# span 7 =     0.1753,    25.9623       
# span 8 = 0.0000e+00, 0.0000e+00       
# interval = seconds: 0.5
# start_time = Sep 08 2004 08:45:49 [Instrument's time stamp, header]
# bad_flag = -9.990e-29
*END*
 252.365150     -4.325 -9.990e-29    14.1042   -0.04532     -4.289 -9.990e-29 -9.990e-29 -9.990e-29
 252.365156     -4.314   1.944677    14.1066   -0.04537     -4.278     1.2735     0.2183 -9.990e-29
 252.365162     -4.296   1.911654    14.1091   -0.04538     -4.260     1.2506     0.2003 -9.990e-29
 252.365168     -4.266   1.865367    14.1112   -0.04539     -4.230     1.2187     0.1753 -9.990e-29
 252.365174     -4.225   1.877433    14.1108   -0.04540     -4.190     1.2270     0.1818 -9.990e-29
 252.365179     -4.175   2.113824    14.1022   -0.04540     -4.140     1.3905     0.3095 -9.990e-29
 252.365185     -4.114   2.985421    14.0687   -0.04540     -4.080     2.0042     0.7884 -9.990e-29
 252.365191     -4.036   5.720273    13.9753   -0.04538     -4.002     4.0120     2.3502 -9.990e-29
 252.365197     -3.938  13.985263    13.8248   -0.04538     -3.905    10.5367     7.3900 -9.990e-29
 252.365203     -3.818  26.325280    13.6875   -0.04539     -3.786    21.0727    15.5106 -9.990e-29
 252.365208     -3.684  34.454947    13.6070   -0.04539     -3.653    28.4148    21.1815 -9.990e-29
 252.365214     -3.554  37.104308    13.5694   -0.04538     -3.524    30.8803    23.0920 -9.990e-29
 252.365220     -3.437  37.982548    13.5527   -0.04538     -3.408    31.7082    23.7349 -9.990e-29
 252.365226     -3.334  38.273008    13.5440   -0.04539     -3.306    31.9854    23.9509 -9.990e-29
 252.365231     -3.248  38.367481    13.5398   -0.04539     -3.221    32.0768    24.0223 -9.990e-29
 252.365237     -3.180  38.397568    13.5408   -0.04538     -3.153    32.1040    24.0431 -9.990e-29
 252.365243     -3.131  38.409023    13.5447   -0.04537     -3.105    32.1113    24.0480 -9.990e-29
 252.365249     -3.090  38.416587    13.5464   -0.04537     -3.064    32.1169    24.0520 -9.990e-29
 252.365255     -3.045  38.421960    13.5453   -0.04538     -3.020    32.1229    24.0568 -9.990e-29
 252.365260     -2.998  38.425607    13.5460   -0.04538     -2.973    32.1256    24.0588 -9.990e-29
 252.365266     -2.954  38.430737    13.5488   -0.04538     -2.929    32.1280    24.0601 -9.990e-29
 252.365272     -2.919  38.434682    13.5491   -0.04538     -2.895    32.1314    24.0627 -9.990e-29
 252.365278     -2.891  38.431513    13.5477   -0.04538     -2.867    32.1297    24.0616 -9.990e-29
 252.365284     -2.859  38.425448    13.5478   -0.04538     -2.835    32.1239    24.0571 -9.990e-29
 252.365289     -2.818  38.424698    13.5506   -0.04538     -2.795    32.1209    24.0542 -9.990e-29
 252.365295     -2.772  38.431097    13.5551   -0.04538     -2.749    32.1230    24.0550 -9.990e-29
 252.365301     -2.737  38.438622    13.5570   -0.04539     -2.714    32.1284    24.0587 -9.990e-29
 252.365307     -2.714  38.439387    13.5545   -0.04539     -2.691    32.1312    24.0614 -9.990e-29
 252.365312     -2.694  38.435000    13.5515   -0.04539     -2.672    32.1296    24.0608 -9.990e-29
 252.365318     -2.670  38.432545    13.5509   -0.04539     -2.648    32.1278    24.0595 -9.990e-29
 252.365324     -2.642  38.434388    13.5521   -0.04538     -2.620    32.1285    24.0598 -9.990e-29
 252.365330     -2.608  38.436845    13.5524   -0.04538     -2.586    32.1306    24.0613 -9.990e-29
 252.365336     -2.569  38.437051    13.5507   -0.04539     -2.548    32.1322    24.0629 -9.990e-29
 252.365341     -2.532  38.436991    13.5490   -0.04539     -2.511    32.1335    24.0643 -9.990e-29
 252.365347     -2.498  38.438297    13.5486   -0.04539     -2.477    32.1351    24.0656 -9.990e-29
 252.365353     -2.461  38.438812    13.5480   -0.04538     -2.440    32.1360    24.0665 -9.990e-29
 252.365359     -2.415  38.435889    13.5465   -0.04539     -2.395    32.1346    24.0656 -9.990e-29
 252.365365     -2.361  38.431830    13.5459   -0.04539     -2.341    32.1313    24.0632 -9.990e-29
 252.365370     -2.300  38.431909    13.5487   -0.04539     -2.281    32.1290    24.0609 -9.990e-29
 252.365376     -2.236  38.436819    13.5523   -0.04539     -2.217    32.1305    24.0613 -9.990e-29
 252.365382     -2.178  38.440237    13.5523   -0.04538     -2.160    32.1336    24.0638 -9.990e-29
 252.365388     -2.128  38.437773    13.5490   -0.04539     -2.110    32.1341    24.0648 -9.990e-29
 252.365394     -2.081  38.434026    13.5467   -0.04540     -2.064    32.1325    24.0640 -9.990e-29
 252.365399     -2.034  38.435246    13.5481   -0.04539     -2.017    32.1325    24.0637 -9.990e-29
 252.365405     -1.990  38.440285    13.5505   -0.04540     -1.973    32.1351    24.0653 -9.990e-29
 252.365411     -1.953  38.442428    13.5496   -0.04539     -1.937    32.1379    24.0676 -9.990e-29
 252.365417     -1.925  38.439512    13.5461   -0.04539     -1.909    32.1381    24.0684 -9.990e-29
 252.365422     -1.902  38.436094    13.5443   -0.04539     -1.886    32.1364    24.0675 -9.990e-29
 252.365428     -1.876  38.437181    13.5463   -0.04539     -1.860    32.1357    24.0666 -9.990e-29
 252.365434     -1.847  38.442008    13.5488   -0.04540     -1.832    32.1381    24.0679 -9.990e-29
 252.365440     -1.816  38.444698    13.5473   -0.04540     -1.801    32.1419    24.0711 -9.990e-29
 252.365446     -1.790  38.443822    13.5431   -0.04539     -1.775    32.1446    24.0741 -9.990e-29
 252.365451     -1.772  38.443288    13.5405   -0.04538     -1.757    32.1462    24.0759 -9.990e-29
 252.365457     -1.756  38.445220    13.5409   -0.04538     -1.741    32.1477    24.0769 -9.990e-29
 252.365463     -1.738  38.447732    13.5429   -0.04539     -1.724    32.1484    24.0770 -9.990e-29
 252.365469     -1.720  38.448595    13.5452   -0.04540     -1.706    32.1472    24.0757 -9.990e-29
 252.365475     -1.705  38.448428    13.5465   -0.04539     -1.691    32.1460    24.0745 -9.990e-29
 252.365480     -1.693  38.447598    13.5455   -0.04539     -1.679    32.1460    24.0747 -9.990e-29
 252.365486     -1.682  38.445029    13.5430   -0.04538     -1.668    32.1457    24.0750 -9.990e-29
 252.365492     -1.673  38.441811    13.5426   -0.04540     -1.659    32.1431    24.0730 -9.990e-29
 252.365498     -1.664  38.442099    13.5466   -0.04540     -1.650    32.1400    24.0698 -9.990e-29
 252.365503     -1.655  38.446305    13.5516   -0.04539     -1.641    32.1397    24.0686 -9.990e-29
 252.365509     -1.645  38.448285    13.5516   -0.04539     -1.631    32.1415    24.0700 -9.990e-29
 252.365515     -1.634  38.445101    13.5474   -0.04539     -1.620    32.1421    24.0713 -9.990e-29
 252.365521     -1.621  38.440393    13.5441   -0.04540     -1.607    32.1405    24.0707 -9.990e-29
 252.365527     -1.605  38.439692    13.5450   -0.04540     -1.592    32.1390    24.0694 -9.990e-29
 252.365532     -1.585  38.443775    13.5490   -0.04540     -1.572    32.1395    24.0689 -9.990e-29
 252.365538     -1.564  38.446333    13.5502   -0.04539     -1.551    32.1408    24.0698 -9.990e-29
 252.365544     -1.550  38.443517    13.5465   -0.04538     -1.537    32.1413    24.0709 -9.990e-29
 252.365550     -1.541  38.438331    13.5433   -0.04537     -1.528    32.1392    24.0699 -9.990e-29
 252.365556     -1.528  38.436791    13.5446   -0.04539     -1.515    32.1367    24.0676 -9.990e-29
 252.365561     -1.507  38.440238    13.5474   -0.04540     -1.494    32.1375    24.0677 -9.990e-29
 252.365567     -1.479  38.442078    13.5471   -0.04540     -1.467    32.1395    24.0693 -9.990e-29
 252.365573     -1.453  38.438625    13.5442   -0.04538     -1.441    32.1387    24.0693 -9.990e-29
 252.365579     -1.430  38.433719    13.5423   -0.04538     -1.418    32.1357    24.0674 -9.990e-29
 252.365584     -1.410  38.433186    13.5437   -0.04540     -1.398    32.1340    24.0658 -9.990e-29
 252.365590     -1.391  38.438029    13.5493   -0.04541     -1.379    32.1338    24.0645 -9.990e-29
 252.365596     -1.375  38.443515    13.5557   -0.04540     -1.364    32.1335    24.0630 -9.990e-29
 252.365602     -1.371  38.445768    13.5572   -0.04540     -1.360    32.1343    24.0633 -9.990e-29
 252.365608     -1.374  38.443338    13.5530   -0.04539     -1.363    32.1356    24.0652 -9.990e-29
 252.365613     -1.366  38.437502    13.5481   -0.04539     -1.355    32.1343    24.0651 -9.990e-29
 252.365619     -1.345  38.434533    13.5477   16.89129     -1.334    32.1319    24.0633 -9.990e-29
 252.365625     -1.320  38.438353    13.5510   29.88008     -1.309    32.1326    24.0633 -9.990e-29
 252.365631     -1.302  38.442863    13.5512   31.83782     -1.291    32.1367    24.0663 -9.990e-29
 252.365637     -1.292  38.441205    13.5460   28.15768     -1.281    32.1395    24.0696 -9.990e-29
 252.365642     -1.279  38.433443    13.5419   18.60911     -1.268    32.1357    24.0675 -9.990e-29
 252.365648     -1.259  38.425523    13.5422   14.51526     -1.248    32.1281    24.0615 -9.990e-29
 252.365654     -1.235  38.424864    13.5451   14.53626     -1.225    32.1250    24.0586 -9.990e-29
 252.365660     -1.213  38.430616    13.5483   12.78369     -1.203    32.1277    24.0600 -9.990e-29
 252.365666     -1.196  38.434209    13.5491    7.72201     -1.186    32.1303    24.0619 -9.990e-29
 252.365671     -1.184  38.431489    13.5468    4.51749     -1.174    32.1297    24.0619 -9.990e-29
 252.365677     -1.176  38.425030    13.5431    2.98123     -1.166    32.1268    24.0604 -9.990e-29
 252.365683     -1.166  38.418029    13.5393    3.46591     -1.156    32.1235    24.0586 -9.990e-29
 252.365689     -1.150  38.412398    13.5369    5.08990     -1.140    32.1203    24.0565 -9.990e-29
 252.365694     -1.132  38.409072    13.5368    5.67842     -1.123    32.1172    24.0542 -9.990e-29
 252.365700     -1.114  38.408134    13.5378    6.00107     -1.105    32.1155    24.0527 -9.990e-29
 252.365706     -1.095  38.408359    13.5390    6.19030     -1.086    32.1147    24.0518 -9.990e-29
 252.365712     -1.074  38.408957    13.5400    6.30074     -1.065    32.1144    24.0514 -9.990e-29
 252.365718     -1.054  38.410193    13.5408    6.36749     -1.045    32.1149    24.0516 -9.990e-29
 252.365723     -1.037  38.411501    13.5411    6.42797     -1.028    32.1159    24.0523 -9.990e-29
 252.365729     -1.024  38.411850    13.5406    6.47229     -1.015    32.1166    24.0530 -9.990e-29
 252.365735     -1.013  38.411174    13.5391    6.48559     -1.005    32.1172    24.0538 -9.990e-29
 252.365741     -0.998  38.409721    13.5370    6.48473     -0.990    32.1176    24.0545 -9.990e-29
 252.365747     -0.980  38.407828    13.5342    6.46921     -0.972    32.1182    24.0555 -9.990e-29
 252.365752     -0.965  38.405807    13.5294    6.45657     -0.957    32.1204    24.0581 -9.990e-29
 252.365758     -0.953  38.402673    13.5214    6.46445     -0.945    32.1242    24.0627 -9.990e-29
 252.365764     -0.938  38.396519    13.5125    6.46044     -0.930    32.1259    24.0658 -9.990e-29
 252.365770     -0.924  38.388706    13.5076    6.45303     -0.916    32.1228    24.0643 -9.990e-29
 252.365775     -0.915  38.384547    13.5087    6.44429     -0.907    32.1180    24.0604 -9.990e-29
 252.365781     -0.909  38.385817    13.5129    6.43776     -0.901    32.1156    24.0578 -9.990e-29
 252.365787     -0.902  38.389190    13.5158    6.44328     -0.894    32.1163    24.0577 -9.990e-29
 252.365793     -0.886  38.391339    13.5165    6.44420     -0.879    32.1177    24.0587 -9.990e-29
 252.365799     -0.858  38.391798    13.5166    6.44628     -0.851    32.1180    24.0589 -9.990e-29
 252.365804     -0.826  38.391767    13.5175    6.43643     -0.819    32.1172    24.0581 -9.990e-29
 252.365810     -0.796  38.392356    13.5193    6.43656     -0.789    32.1163    24.0570 -9.990e-29
 252.365816     -0.775  38.393818    13.5211    6.43669     -0.769    32.1161    24.0565 -9.990e-29
 252.365822     -0.762  38.395326    13.5222    6.43512     -0.756    32.1166    24.0566 -9.990e-29
 252.365828     -0.746  38.396117    13.5226    6.43954     -0.740    32.1170    24.0569 -9.990e-29
 252.365833     -0.729  38.396156    13.5231    6.43933     -0.723    32.1166    24.0565 -9.990e-29
 252.365839     -0.715  38.396085    13.5240    6.43984     -0.709    32.1158    24.0557 -9.990e-29
 252.365845     -0.710  38.396397    13.5249    6.42675     -0.704    32.1153    24.0551 -9.990e-29
 252.365851     -0.709  38.396978    13.5254    6.42054     -0.703    32.1154    24.0551 -9.990e-29
 252.365856     -0.702  38.397510    13.5258    6.41226     -0.696    32.1156    24.0551 -9.990e-29
 252.365862     -0.686  38.397611    13.5263    6.42833     -0.680    32.1152    24.0548 -9.990e-29
 252.365868     -0.662  38.397444    13.5271    6.44760     -0.656    32.1144    24.0540 -9.990e-29
 252.365874     -0.644  38.397934    13.5282    6.43634     -0.639    32.1139    24.0534 -9.990e-29
 252.365880     -0.642  38.399186    13.5300    6.42492     -0.637    32.1136    24.0528 -9.990e-29
 252.365885     -0.656  38.400637    13.5318    6.40939     -0.651    32.1134    24.0523 -9.990e-29
 252.365891     -0.675  38.401984    13.5326    6.40309     -0.669    32.1140    24.0526 -9.990e-29
 252.365897     -0.682  38.402783    13.5325    6.41294     -0.676    32.1148    24.0532 -9.990e-29
 252.365903     -0.670  38.402979    13.5322    6.41282     -0.664    32.1153    24.0536 -9.990e-29
 252.365909     -0.645  38.402837    13.5311    6.40797     -0.640    32.1160    24.0545 -9.990e-29
 252.365914     -0.624  38.402166    13.5288    6.39639     -0.619    32.1173    24.0559 -9.990e-29
 252.365920     -0.614  38.400631    13.5256    6.38750     -0.609    32.1186    24.0575 -9.990e-29
 252.365926     -0.606  38.398428    13.5214    6.38043     -0.601    32.1201    24.0595 -9.990e-29
 252.365932     -0.586  38.395424    13.5167    6.37754     -0.581    32.1212    24.0613 -9.990e-29
 252.365938     -0.554  38.391539    13.5131    6.38906     -0.549    32.1206    24.0616 -9.990e-29
 252.365943     -0.519  38.388324    13.5115    6.39718     -0.515    32.1190    24.0606 -9.990e-29
 252.365949     -0.492  38.387101    13.5123    6.38365     -0.488    32.1171    24.0591 -9.990e-29
 252.365955     -0.476  38.387920    13.5152    6.36903     -0.472    32.1155    24.0572 -9.990e-29
 252.365961     -0.471  38.389629    13.5185    6.35506     -0.467    32.1143    24.0556 -9.990e-29
 252.365966     -0.471  38.390019    13.5195    6.35796     -0.467    32.1138    24.0550 -9.990e-29
 252.365972     -0.468  38.384563    13.5173    6.35168     -0.464    32.1106    24.0530 -9.990e-29
 252.365978     -0.457  38.363185    13.5137    6.35471     -0.453    32.0937    24.0407 -9.990e-29
 252.365984     -0.442  38.342252    13.5118    6.36224     -0.438    32.0758    24.0272 -9.990e-29
 252.365990     -0.431  38.351063    13.5123    6.35685     -0.427    32.0835    24.0331 -9.990e-29
 252.365995     -0.427  38.372761    13.5137    6.35572     -0.423    32.1026    24.0475 -9.990e-29
 252.366001     -0.425  38.384112    13.5152    6.34610     -0.421    32.1119    24.0544 -9.990e-29
 252.366007     -0.422  38.388472    13.5168    6.33978     -0.418    32.1146    24.0562 -9.990e-29
 252.366013     -0.421  38.390535    13.5180    6.35037     -0.417    32.1155    24.0567 -9.990e-29
 252.366019     -0.422  38.391369    13.5185    6.36249     -0.418    32.1159    24.0569 -9.990e-29
 252.366024     -0.417  38.391523    13.5186    6.36173     -0.414    32.1159    24.0569 -9.990e-29
 252.366030     -0.406  38.391766    13.5185    6.35525     -0.403    32.1162    24.0571 -9.990e-29
 252.366036     -0.395  38.391862    13.5184    6.34325     -0.392    32.1164    24.0573 -9.990e-29
 252.366042     -0.386  38.391937    13.5189    6.34157     -0.383    32.1161    24.0569 -9.990e-29
 252.366047     -0.372  38.392655    13.5202    6.34467     -0.369    32.1156    24.0563 -9.990e-29
 252.366053     -0.357  38.393849    13.5215    6.34889     -0.354    32.1156    24.0561 -9.990e-29
 252.366059     -0.345  38.394867    13.5222    6.34618     -0.342    32.1160    24.0562 -9.990e-29
 252.366065     -0.334  38.395385    13.5226    6.34446     -0.331    32.1161    24.0562 -9.990e-29
 252.366071     -0.324  38.395533    13.5230    6.34408     -0.321    32.1159    24.0560 -9.990e-29
