data/oxygen options/ONMS/Olympic_Coast_National_Marine_Sanctuary_Hypoxia_Survey_CTD_Data_2004_2015/raw_data/2004/CTD_CE50_061604faed.cnv
* Sea-Bird SBE19 Data File:
* FileName = C:\WINDOWS\Desktop\put hypoxia files here\CTD files\CE\CE50m061604.hex
* Software Version 1.1.4
* Temperature SN = 2997
* Conductivity SN = 2997
* System UpLoad Time = Jun 16 2004 11:29:55
** Cape Elizabeth hypoxia June 16, 2004 50 m CE-5
* SEACAT PROFILER V3.1c SN 2997   06/16/04  11:34:02.892
# nquan = 9                                 
# nvalues = 766                         
# units = specified
# name 0 = timeJ: Julian Days
# name 1 = prSM: Pressure, Strain Gauge [db]
# name 2 = c0mS/cm: Conductivity [mS/cm]
# name 3 = t090C: Temperature [ITS-90, deg C]
# name 4 = oxML/L: Oxygen, Beckman/YSI [ml/l]
# name 5 = depSM: Depth [salt water, m], lat = 47.5
# name 6 = sal00: Salinity, Practical [PSU]
# name 7 = sigma-é00: Density [sigma-theta, kg/m^3]
# name 8 = flag: flag
# span 0 = 168.415231, 168.419659       
# span 1 =     -5.604,     49.008       
# span 2 =   0.324035,  36.831193       
# span 3 =     7.6708,    15.6492       
# span 4 =   -0.05232,   29.86275       
# span 5 =     -5.557,     48.593       
# span 6 =     0.1909,    33.4224       
# span 7 =    -0.8513,    26.0804       
# span 8 = 0.0000e+00, 0.0000e+00       
# interval = seconds: 0.5
# start_time = Jun 16 2004 09:57:56 [Instrument's time stamp, header]
# bad_flag = -9.990e-29
*END*
[from data line 481]
 168.418015      4.248  36.219573    14.1917    5.78764      4.213    29.5776    21.9626 0.0000e+00
 168.418021      4.605  36.258661    14.1538    5.75730      4.567    29.6420    22.0199 0.0000e+00
 168.418027      4.980  36.280227    14.1230    5.74876      4.938    29.6851    22.0593 0.0000e+00
 168.418032      5.370  36.297316    14.0927    5.74497      5.325    29.7239    22.0953 0.0000e+00
 168.418038      5.774  36.318691    14.0553    5.76117      5.726    29.7720    22.1399 0.0000e+00
 168.418044      6.194  36.345931    14.0061    5.77276      6.142    29.8347    22.1982 0.0000e+00
 168.418050      6.628  36.379445    13.9550    5.77114      6.573    29.9048    22.2625 0.0000e+00
 168.418056      7.080  36.417333    13.9182    5.76524      7.021    29.9679    22.3185 0.0000e+00
 168.418061      7.552  36.448388    13.8983    5.75531      7.489    30.0116    22.3562 0.0000e+00
 168.418067      8.040  36.466311    13.8839    5.75311      7.973    30.0391    22.3803 0.0000e+00
 168.418073      8.537  36.478704    13.8571    5.73521      8.466    30.0712    22.4105 0.0000e+00
 168.418079      9.045  36.499817    13.8094    5.71143      8.969    30.1277    22.4636 0.0000e+00
 168.418084      9.560  36.534779    13.7546    5.69758      9.480    30.2027    22.5324 0.0000e+00
 168.418090     10.074  36.570730    13.7025    5.71924      9.990    30.2766    22.5998 0.0000e+00
 168.418096     10.584  36.600610    13.6456    5.74856     10.495    30.3489    22.6670 0.0000e+00
 168.418102     11.097  36.630572    13.5758    5.77440     11.004    30.4318    22.7448 0.0000e+00
 168.418108     11.616  36.667443    13.4898    5.76106     11.519    30.5342    22.8409 0.0000e+00
 168.418113     12.135  36.717728    13.3983    5.64241     12.033    30.6540    22.9514 0.0000e+00
 168.418119     12.645  36.773283    13.3217    5.44965     12.539    30.7671    23.0538 0.0000e+00
 168.418125     13.139  36.809998    13.2446    5.26972     13.029    30.8635    23.1434 0.0000e+00
 168.418131     13.624  36.823500    13.0929    5.12308     13.510    30.9994    23.2780 0.0000e+00
 168.418137     14.112  36.831193    12.8071    5.02012     13.994    31.2412    23.5203 0.0000e+00
 168.418142     14.613  36.813580    12.4297    4.94017     14.491    31.5388    23.8225 0.0000e+00
 168.418148     15.133  36.730307    12.0683    4.85018     15.006    31.7643    24.0649 0.0000e+00
 168.418154     15.672  36.600934    11.7750    4.75155     15.541    31.8898    24.2163 0.0000e+00
 168.418160     16.224  36.470455    11.5323    4.62405     16.088    31.9716    24.3239 0.0000e+00
 168.418166     16.792  36.352110    11.3280    4.48453     16.651    32.0326    24.4080 0.0000e+00
 168.418171     17.371  36.251782    11.1591    4.32515     17.225    32.0808    24.4755 0.0000e+00
 168.418177     17.961  36.170218    11.0010    4.17208     17.810    32.1382    24.5480 0.0000e+00
 168.418183     18.561  36.091692    10.7931    4.07694     18.405    32.2428    24.6656 0.0000e+00
 168.418189     19.165  35.982106    10.4848    3.98922     19.004    32.4063    24.8460 0.0000e+00
 168.418194     19.770  35.811930    10.1068    3.87665     19.604    32.5731    25.0400 0.0000e+00
 168.418200     20.370  35.597003     9.7371    3.79108     20.199    32.6888    25.1914 0.0000e+00
 168.418206     20.966  35.386539     9.4195    3.71920     20.790    32.7625    25.3004 0.0000e+00
 168.418212     21.565  35.216611     9.1206    3.67279     21.384    32.8614    25.4253 0.0000e+00
 168.418218     22.176  35.070250     8.8126    3.63983     21.990    32.9942    25.5772 0.0000e+00
 168.418223     22.799  34.923793     8.5540    3.58634     22.607    33.0819    25.6855 0.0000e+00
 168.418229     23.429  34.804464     8.3872    3.54802     23.232    33.1124    25.7346 0.0000e+00
 168.418235     24.066  34.732478     8.2844    3.51408     23.864    33.1328    25.7660 0.0000e+00
 168.418241     24.706  34.689144     8.2102    3.48297     24.498    33.1565    25.7957 0.0000e+00
 168.418247     25.347  34.656435     8.1491    3.47750     25.134    33.1793    25.8225 0.0000e+00
 168.418252     25.992  34.629383     8.0996    3.45709     25.773    33.1970    25.8438 0.0000e+00
 168.418258     26.642  34.607200     8.0645    3.44455     26.418    33.2064    25.8563 0.0000e+00
 168.418264     27.292  34.589981     8.0424    3.43070     27.062    33.2087    25.8613 0.0000e+00
 168.418270     27.937  34.577716     8.0277    3.40185     27.702    33.2092    25.8640 0.0000e+00
 168.418275     28.582  34.569154     8.0150    3.38988     28.341    33.2119    25.8679 0.0000e+00
 168.418281     29.235  34.562381     8.0002    3.36262     28.989    33.2184    25.8752 0.0000e+00
 168.418287     29.895  34.556184     7.9790    3.33721     29.643    33.2316    25.8886 0.0000e+00
 168.418293     30.564  34.549560     7.9483    3.32541     30.307    33.2534    25.9102 0.0000e+00
 168.418299     31.242  34.541494     7.9066    3.29541     30.979    33.2842    25.9405 0.0000e+00
 168.418304     31.922  34.531853     7.8569    3.26288     31.653    33.3209    25.9766 0.0000e+00
 168.418310     32.595  34.521203     7.8086    3.23929     32.320    33.3553    26.0106 0.0000e+00
 168.418316     33.256  34.511004     7.7726    3.21423     32.976    33.3785    26.0340 0.0000e+00
 168.418322     33.905  34.503321     7.7488    3.20351     33.619    33.3928    26.0486 0.0000e+00
 168.418328     34.535  34.497961     7.7293    3.18350     34.244    33.4054    26.0614 0.0000e+00
 168.418333     35.145  34.492790     7.7141    3.15386     34.849    33.4141    26.0704 0.0000e+00
 168.418339     35.743  34.487611     7.7055    3.14555     35.442    33.4165    26.0735 0.0000e+00
 168.418345     36.332  34.483896     7.7020    3.13317     36.026    33.4156    26.0733 0.0000e+00
 168.418351     36.908  34.482270     7.7003    3.12984     36.597    33.4152    26.0733 0.0000e+00
 168.418356     37.463  34.481654     7.6967    3.12318     37.147    33.4178    26.0758 0.0000e+00
 168.418362     37.987  34.481200     7.6921    3.10618     37.666    33.4214    26.0793 0.0000e+00
 168.418368     38.469  34.481396     7.6911    3.09199     38.144    33.4224    26.0802 0.0000e+00
 168.418374     38.915  34.481353     7.6924    3.09836     38.587    33.4209    26.0789 0.0000e+00
 168.418380     39.339  34.479303     7.6914    3.08565     39.007    33.4194    26.0779 0.0000e+00
 168.418385     39.761  34.475850     7.6876    3.08212     39.425    33.4192    26.0782 0.0000e+00
 168.418391     40.186  34.473093     7.6835    3.08496     39.847    33.4199    26.0794 0.0000e+00
 168.418397     40.606  34.471817     7.6810    3.07649     40.263    33.4208    26.0804 0.0000e+00
 168.418403     41.019  34.471413     7.6810    3.08133     40.673    33.4201    26.0799 0.0000e+00
 168.418409     41.420  34.471872     7.6824    3.07860     41.070    33.4191    26.0789 0.0000e+00
 168.418414     41.801  34.472660     7.6824    3.08107     41.448    33.4197    26.0795 0.0000e+00
 168.418420     42.161  34.471437     7.6802    3.07281     41.805    33.4204    26.0803 0.0000e+00
 168.418426     42.508  34.468228     7.6778    3.06399     42.149    33.4191    26.0796 0.0000e+00
 168.418432     42.857  34.465456     7.6768    3.06403     42.495    33.4169    26.0780 0.0000e+00
 168.418438     43.218  34.463882     7.6766    3.05675     42.853    33.4152    26.0767 0.0000e+00
 168.418443     43.586  34.463064     7.6765    3.06181     43.218    33.4142    26.0760 0.0000e+00
 168.418449     43.957  34.462444     7.6763    3.05552     43.585    33.4136    26.0755 0.0000e+00
 168.418455     44.331  34.461730     7.6762    3.04369     43.956    33.4127    26.0749 0.0000e+00
 168.418461     44.711  34.461063     7.6759    3.03548     44.333    33.4121    26.0744 0.0000e+00
 168.418466     45.092  34.460651     7.6746    3.03191     44.711    33.4127    26.0751 0.0000e+00
 168.418472     45.472  34.460477     7.6727    3.01755     45.088    33.4142    26.0765 0.0000e+00
 168.418478     45.858  34.460281     7.6714    3.01571     45.470    33.4150    26.0774 0.0000e+00
 168.418484     46.244  34.460337     7.6710    3.01604     45.853    33.4153    26.0777 0.0000e+00
 168.418490     46.616  34.460694     7.6709    3.00804     46.222    33.4156    26.0779 0.0000e+00
 168.418495     46.974  34.460678     7.6708    3.01959     46.577    33.4155    26.0779 0.0000e+00
 168.418501     47.321  34.460241     7.6708    3.01804     46.921    33.4149    26.0774 0.0000e+00
 168.418507     47.654  34.459896     7.6710    3.01709     47.251    33.4142    26.0768 0.0000e+00
 168.418513     47.961  34.460277     7.6720    3.01693     47.555    33.4135    26.0761 0.0000e+00
 168.418519     48.226  34.461304     7.6740    3.00925     47.818    33.4125    26.0751 0.0000e+00
 168.418524     48.437  34.462075     7.6766    3.00561     48.027    33.4108    26.0733 0.0000e+00
 168.418530     48.594  34.463032     7.6790    3.01046     48.183    33.4094    26.0719 -9.990e-29
 168.418536     48.711  34.464305     7.6805    3.00904     48.299    33.4093    26.0716 -9.990e-29
 168.418542     48.804  34.464764     7.6809    3.00473     48.391    33.4094    26.0716 -9.990e-29
 168.418547     48.879  34.464436     7.6806    2.99878     48.465    33.4093    26.0716 -9.990e-29
 168.418553     48.932  34.463418     7.6792    2.99095     48.518    33.4095    26.0719 -9.990e-29
 168.418559     48.968  34.461450     7.6768    2.98762     48.554    33.4096    26.0724 -9.990e-29
 168.418565     48.991  34.459245     7.6747    2.99219     48.576    33.4093    26.0724 -9.990e-29
 168.418571     49.004  34.457765     7.6739    2.98223     48.589    33.4084    26.0719 -9.990e-29
 168.418576     49.008  34.457251     7.6743    2.98432     48.593    33.4075    26.0711 -9.990e-29
 168.418582     49.002  34.457555     7.6753    2.98099     48.587    33.4069    26.0705 -9.990e-29
 168.418588     48.996  34.458496     7.6767    2.97504     48.581    33.4065    26.0700 -9.990e-29
 168.418594     48.997  34.459623     7.6781    2.98145     48.582    33.4064    26.0697 -9.990e-29
 168.418600     49.000  34.460172     7.6787    2.98337     48.585    33.4064    26.0696 -9.990e-29
 168.418605     49.003  34.459728     7.6783    2.98095     48.588    33.4063    26.0696 -9.990e-29
 168.418611     49.004  34.458797     7.6774    2.97526     48.589    33.4062    26.0696 -9.990e-29
 168.418617     49.005  34.457793     7.6764    2.97353     48.590    33.4061    26.0697 -9.990e-29
 168.418623     49.005  34.456472     7.6750    2.97450     48.590    33.4060    26.0698 -9.990e-29
 168.418628     49.004  34.454730     7.6734    2.97207     48.589    33.4057    26.0698 -9.990e-29
 168.418634     49.002  34.453025     7.6722    2.97378     48.587    33.4050    26.0694 -9.990e-29
 168.418640     49.000  34.451860     7.6717    2.97395     48.585    33.4042    26.0689 -9.990e-29
 168.418646     48.996  34.451338     7.6725    2.97674     48.581    33.4029    26.0677 -9.990e-29
 168.418652     48.990  34.451859     7.6750    2.97256     48.575    33.4010    26.0659 -9.990e-29
 168.418657     48.987  34.454092     7.6774    2.96311     48.572    33.4011    26.0656 -9.990e-29
 168.418663     48.991  34.456506     7.6777    2.96280     48.576    33.4034    26.0674 -9.990e-29
 168.418669     48.997  34.456690     7.6774    2.95768     48.582    33.4039    26.0678 -9.990e-29
 168.418675     48.998  34.455985     7.6782    2.95369     48.583    33.4024    26.0665 -9.990e-29
 168.418681     48.992  34.456229     7.6801    2.95638     48.577    33.4008    26.0650 -9.990e-29
 168.418686     48.990  34.457162     7.6815    2.95880     48.575    33.4005    26.0646 -9.990e-29
 168.418692     48.990  34.458322     7.6813    2.94799     48.575    33.4019    26.0657 -9.990e-29
 168.418698     48.988  34.458429     7.6803    2.94911     48.573    33.4030    26.0667 -9.990e-29
 168.418704     48.985  34.457600     7.6801    2.94168     48.570    33.4023    26.0662 -9.990e-29
 168.418709     48.979  34.457506     7.6805    2.93567     48.564    33.4018    26.0658 -9.990e-29
 168.418715     48.976  34.457436     7.6800    2.95975     48.561    33.4022    26.0661 -9.990e-29
 168.418721     48.978  34.456154     7.6786    2.95754     48.563    33.4022    26.0663 -9.990e-29
 168.418727     48.977  34.454727     7.6771    2.95325     48.562    33.4021    26.0665 -9.990e-29
 168.418733     48.961  34.454034     7.6761    2.95187     48.547    33.4023    26.0668 -9.990e-29
 168.418738     48.924  34.453702     7.6759    2.94672     48.510    33.4022    26.0667 -9.990e-29
 168.418744     48.868  34.453298     7.6761    2.94436     48.454    33.4016    26.0662 -9.990e-29
 168.418750     48.799  34.452865     7.6766    2.94763     48.386    33.4007    26.0654 -9.990e-29
 168.418756     48.720  34.452976     7.6772    2.94788     48.308    33.4003    26.0650 -9.990e-29
 168.418762     48.635  34.453246     7.6769    2.94936     48.223    33.4009    26.0655 -9.990e-29
 168.418767     48.542  34.452938     7.6758    2.94567     48.131    33.4016    26.0663 -9.990e-29
 168.418773     48.428  34.452230     7.6748    2.94423     48.018    33.4019    26.0666 -9.990e-29
 168.418779     48.272  34.451328     7.6743    2.94380     47.864    33.4015    26.0663 0.0000e+00
 168.418785     48.069  34.450736     7.6741    2.93855     47.662    33.4011    26.0661 0.0000e+00
 168.418791     47.823  34.450251     7.6736    2.94109     47.418    33.4012    26.0662 0.0000e+00
 168.418796     47.535  34.449253     7.6729    2.94169     47.133    33.4009    26.0661 0.0000e+00
 168.418802     47.208  34.448123     7.6726    2.94381     46.809    33.4002    26.0655 0.0000e+00
 168.418808     46.848  34.447062     7.6733    2.94823     46.452    33.3985    26.0641 0.0000e+00
 168.418814     46.458  34.446366     7.6745    2.93110     46.065    33.3968    26.0626 0.0000e+00
 168.418819     46.041  34.446255     7.6751    2.92795     45.652    33.3963    26.0621 0.0000e+00
 168.418825     45.607  34.446049     7.6751    2.92806     45.221    33.3963    26.0621 0.0000e+00
 168.418831     45.161  34.445503     7.6749    2.93160     44.779    33.3961    26.0620 0.0000e+00
 168.418837     44.715  34.445041     7.6743    2.93968     44.337    33.3964    26.0623 0.0000e+00
 168.418843     44.273  34.444634     7.6738    2.93999     43.899    33.3966    26.0626 0.0000e+00
 168.418848     43.821  34.444330     7.6737    2.93179     43.451    33.3966    26.0626 0.0000e+00
 168.418854     43.335  34.444312     7.6737    2.93015     42.969    33.3968    26.0627 0.0000e+00
 168.418860     42.804  34.444023     7.6736    2.92994     42.442    33.3969    26.0628 0.0000e+00
 168.418866     42.234  34.443106     7.6731    2.93117     41.877    33.3966    26.0626 0.0000e+00
 168.418872     41.632  34.442049     7.6723    2.93511     41.280    33.3966    26.0627 0.0000e+00
 168.418877     41.001  34.441153     7.6716    2.93543     40.655    33.3966    26.0628 0.0000e+00
 168.418883     40.349  34.440375     7.6711    2.94314     40.008    33.3965    26.0628 0.0000e+00
 168.418889     39.690  34.439827     7.6709    2.93469     39.355    33.3964    26.0628 0.0000e+00
 168.418895     39.037  34.439372     7.6713    2.93251     38.708    33.3959    26.0622 0.0000e+00
 168.418900     38.398  34.438991     7.6727    2.93135     38.074    33.3944    26.0609 0.0000e+00
 168.418906     37.768  34.438768     7.6759    2.92921     37.449    33.3914    26.0581 0.0000e+00
 168.418912     37.143  34.438434     7.6811    2.94013     36.830    33.3864    26.0533 0.0000e+00
 168.418918     36.522  34.438135     7.6869    2.94573     36.214    33.3808    26.0481 0.0000e+00
 168.418924     35.907  34.438063     7.6922    2.94127     35.604    33.3759    26.0435 0.0000e+00
 168.418929     35.299  34.438152     7.6983    2.94387     35.001    33.3704    26.0383 0.0000e+00
