data/oxygen options/ONMS/Olympic_Coast_National_Marine_Sanctuary_Hypoxia_Survey_CTD_Data_2004_2015/raw_data/2004/CTD_CA10_061504faed.cnv
* Sea-Bird SBE19 Data File:
* FileName = C:\WINDOWS\Desktop\put hypoxia files here\CTD files\CA\CA10m061504.hex
* Software Version 1.1.4
* Temperature SN = 2997
* Conductivity SN = 2997
* System UpLoad Time = Jun 15 2004 12:25:13
** Cape Alava hypoxia CA1 10m June 15, 2004
* SEACAT PROFILER V3.1c SN 2997   06/15/04  12:23:39.982
# nquan = 9                                 
# nvalues = 520                         
# units = specified
# name 0 = timeJ: Julian Days
# name 1 = prSM: Pressure, Strain Gauge [db]
# name 2 = c0mS/cm: Conductivity [mS/cm]
# name 3 = t090C: Temperature [ITS-90, deg C]
# name 4 = oxML/L: Oxygen, Beckman/YSI [ml/l]
# name 5 = depSM: Depth [salt water, m], lat = 47.5
# name 6 = sal00: Salinity, Practical [PSU]
# name 7 = sigma-é00: Density [sigma-theta, kg/m^3]
# name 8 = flag: flag
# span 0 = 167.484456, 167.487459       
# span 1 =     -4.142,     10.953       
# span 2 =   1.683602,  37.681697       
# span 3 =    12.8479,    13.7652       
# span 4 =   -0.05594,   31.64404       
# span 5 =     -4.107,     10.861       
# span 6 =     1.1286,    31.3024       
# span 7 =     0.2692,    23.4697       
# span 8 = 0.0000e+00, 0.0000e+00       
# interval = seconds: 0.5
# start_time = Jun 15 2004 11:37:37 [Instrument's time stamp, header]
# bad_flag = -9.990e-29
*END*
[from data line 161]
 167.485388      0.628  37.603713    13.6826    5.48766      0.623    31.2486    23.3540 -9.990e-29
 167.485394      0.629  37.602603    13.6942    5.46441      0.624    31.2381    23.3436 -9.990e-29
 167.485399      0.626  37.616372    13.7028    5.46458      0.621    31.2439    23.3463 -9.990e-29
 167.485405      0.626  37.626928    13.6966    5.47614      0.621    31.2587    23.3590 -9.990e-29
 167.485411      0.636  37.621992    13.6727    5.48321      0.631    31.2736    23.3753 -9.990e-29
 167.485417      0.650  37.600042    13.6455    5.48581      0.645    31.2755    23.3822 -9.990e-29
 167.485422      0.662  37.572209    13.6413    5.48840      0.656    31.2532    23.3658 -9.990e-29
 167.485428      0.668  37.566453    13.6589    5.47060      0.662    31.2335    23.3471 -9.990e-29
 167.485434      0.672  37.586879    13.6719    5.46672      0.666    31.2418    23.3509 -9.990e-29
 167.485440      0.683  37.603512    13.6671    5.47515      0.677    31.2611    23.3667 -9.990e-29
 167.485446      0.703  37.598718    13.6507    5.47668      0.697    31.2700    23.3769 -9.990e-29
 167.485451      0.723  37.578458    13.6386    5.47148      0.717    31.2612    23.3725 -9.990e-29
 167.485457      0.740  37.560601    13.6412    5.46451      0.734    31.2425    23.3576 -9.990e-29
 167.485463      0.756  37.562287    13.6458    5.46205      0.750    31.2403    23.3549 -9.990e-29
 167.485469      0.772  37.572869    13.6369    5.46593      0.766    31.2574    23.3699 -9.990e-29
 167.485475      0.785  37.566638    13.6269    5.47580      0.778    31.2598    23.3737 -9.990e-29
 167.485480      0.790  37.554370    13.6298    5.46637      0.783    31.2460    23.3626 -9.990e-29
 167.485486      0.793  37.557854    13.6340    5.46955      0.786    31.2458    23.3616 -9.990e-29
 167.485492      0.798  37.562670    13.6314    5.46712      0.791    31.2524    23.3672 -9.990e-29
 167.485498      0.806  37.558982    13.6287    5.47187      0.799    31.2512    23.3668 -9.990e-29
 167.485503      0.817  37.556468    13.6289    5.46602      0.810    31.2487    23.3648 -9.990e-29
 167.485509      0.831  37.557952    13.6283    5.45499      0.824    31.2506    23.3664 -9.990e-29
 167.485515      0.850  37.557566    13.6229    5.45502      0.843    31.2546    23.3706 -9.990e-29
 167.485521      0.870  37.551438    13.6133    5.45553      0.863    31.2568    23.3742 -9.990e-29
 167.485527      0.884  37.543186    13.6027    5.45641      0.877    31.2578    23.3771 -9.990e-29
 167.485532      0.893  37.534154    13.5950    5.44872      0.886    31.2557    23.3770 -9.990e-29
 167.485538      0.902  37.526328    13.5898    5.44013      0.894    31.2527    23.3757 -9.990e-29
 167.485544      0.911  37.521622    13.5813    5.44505      0.903    31.2553    23.3794 -9.990e-29
 167.485550      0.922  37.514329    13.5681    5.46115      0.914    31.2593    23.3851 -9.990e-29
 167.485556      0.934  37.502026    13.5578    5.47063      0.926    31.2563    23.3849 -9.990e-29
 167.485561      0.949  37.491875    13.5581    5.48629      0.941    31.2467    23.3774 -9.990e-29
 167.485567      0.963  37.493344    13.5671    5.48099      0.955    31.2407    23.3709 -9.990e-29
 167.485573      0.972  37.504469    13.5771    5.45928      0.964    31.2428    23.3706 -9.990e-29
 167.485579      0.978  37.513727    13.5858    5.44938      0.970    31.2443    23.3700 -9.990e-29
 167.485584      0.980  37.520010    13.5914    5.45258      0.972    31.2455    23.3698 -9.990e-29
 167.485590      0.980  37.525536    13.5827    5.46367      0.972    31.2577    23.3810 -9.990e-29
 167.485596      0.980  37.522538    13.5544    5.46017      0.972    31.2781    23.4024 -9.990e-29
 167.485602      0.986  37.499736    13.5272    5.45108      0.978    31.2792    23.4087 -9.990e-29
 167.485608      0.993  37.468805    13.5197    5.44008      0.985    31.2566    23.3927 -9.990e-29
 167.485613      0.998  37.456376    13.5202    5.44369      0.990    31.2447    23.3834 -9.990e-29
 167.485619      1.001  37.457659    13.5134    5.44271      0.993    31.2515    23.3900 -9.990e-29
 167.485625      1.002  37.454178    13.5014    5.44667      0.994    31.2580    23.3974 -9.990e-29
 167.485631      1.001  37.443547    13.4934    5.44880      0.993    31.2547    23.3965 -9.990e-29
 167.485637      1.002  37.434595    13.4942    5.44946      0.994    31.2458    23.3894 -9.990e-29
 167.485642      1.011  37.435024    13.4984    5.44618      1.003    31.2427    23.3862 -9.990e-29
 167.485648      1.022  37.439805    13.4995    5.43937      1.013    31.2462    23.3887 -9.990e-29
 167.485654      1.033  37.440734    13.4986    5.43952      1.024    31.2478    23.3901 -9.990e-29
 167.485660      1.044  37.439060    13.4981    5.45162      1.035    31.2467    23.3893 -9.990e-29
 167.485666      1.056  37.438168    13.4989    5.45611      1.047    31.2452    23.3880 -9.990e-29
 167.485671      1.069  37.437437    13.5021    5.45251      1.060    31.2419    23.3848 -9.990e-29
 167.485677      1.085  37.438706    13.5065    5.43923      1.076    31.2395    23.3821 -9.990e-29
 167.485683      1.105  37.443113    13.5123    5.43878      1.096    31.2388    23.3804 -9.990e-29
 167.485689      1.130  37.449250    13.5199    5.44811      1.121    31.2383    23.3785 -9.990e-29
 167.485694      1.156  37.456896    13.5250    5.46144      1.146    31.2412    23.3797 -9.990e-29
 167.485700      1.178  37.463352    13.5251    5.46982      1.168    31.2471    23.3843 -9.990e-29
 167.485706      1.192  37.463775    13.5243    5.46036      1.182    31.2481    23.3852 -9.990e-29
 167.485712      1.198  37.461542    13.5304    5.44855      1.188    31.2411    23.3786 -9.990e-29
 167.485718      1.199  37.467706    13.5412    5.43335      1.189    31.2380    23.3740 -9.990e-29
 167.485723      1.197  37.480395    13.5456    5.44333      1.187    31.2461    23.3795 -9.990e-29
 167.485729      1.202  37.485125    13.5408    5.46419      1.192    31.2544    23.3868 -9.990e-29
 167.485735      1.213  37.478679    13.5342    5.46926      1.203    31.2539    23.3877 -9.990e-29
 167.485741      1.223  37.470424    13.5331    5.45596      1.213    31.2471    23.3827 -9.990e-29
 167.485747      1.228  37.468427    13.5404    5.43872      1.218    31.2393    23.3752 -9.990e-29
 167.485752      1.229  37.474520    13.5523    5.43918      1.219    31.2352    23.3697 -9.990e-29
 167.485758      1.225  37.485054    13.5607    5.45331      1.215    31.2381    23.3702 -9.990e-29
 167.485764      1.216  37.492769    13.5663    5.48059      1.206    31.2407    23.3711 -9.990e-29
 167.485770      1.206  37.496746    13.5725    5.48440      1.196    31.2393    23.3688 -9.990e-29
 167.485775      1.203  37.502297    13.5761    5.47088      1.193    31.2415    23.3698 -9.990e-29
 167.485781      1.207  37.507858    13.5794    5.46227      1.197    31.2440    23.3710 -9.990e-29
 167.485787      1.209  37.513000    13.5853    5.46481      1.199    31.2439    23.3698 -9.990e-29
 167.485793      1.210  37.518976    13.5898    5.46856      1.200    31.2458    23.3704 -9.990e-29
 167.485799      1.218  37.521982    13.5908    5.47868      1.208    31.2477    23.3717 -9.990e-29
 167.485804      1.233  37.522111    13.5929    5.47663      1.223    31.2461    23.3700 -9.990e-29
 167.485810      1.249  37.522349    13.6000    5.46337      1.239    31.2405    23.3643 -9.990e-29
 167.485816      1.261  37.527508    13.6080    5.46457      1.250    31.2388    23.3613 -9.990e-29
 167.485822      1.270  37.537182    13.6085    5.46864      1.259    31.2473    23.3678 -9.990e-29
 167.485828      1.278  37.541280    13.5990    5.47202      1.267    31.2589    23.3787 -9.990e-29
 167.485833      1.285  37.533496    13.5877    5.46554      1.274    31.2609    23.3825 -9.990e-29
 167.485839      1.290  37.520850    13.5848    5.46402      1.279    31.2516    23.3758 -9.990e-29
 167.485845      1.295  37.516777    13.5912    5.46432      1.284    31.2426    23.3676 -9.990e-29
 167.485851      1.300  37.523145    13.6006    5.47108      1.289    31.2408    23.3644 -9.990e-29
 167.485856      1.304  37.532183    13.6091    5.47997      1.293    31.2422    23.3638 -9.990e-29
 167.485862      1.309  37.539683    13.6172    5.48788      1.298    31.2425    23.3624 -9.990e-29
 167.485868      1.314  37.545561    13.6250    5.48976      1.303    31.2416    23.3601 -9.990e-29
 167.485874      1.321  37.549808    13.6301    5.47586      1.310    31.2414    23.3589 -9.990e-29
 167.485880      1.324  37.553046    13.6329    5.47069      1.313    31.2421    23.3589 -9.990e-29
 167.485885      1.321  37.557355    13.6371    5.47036      1.310    31.2426    23.3585 -9.990e-29
 167.485891      1.314  37.564005    13.6417    5.47423      1.303    31.2450    23.3594 -9.990e-29
 167.485897      1.308  37.569530    13.6435    5.47159      1.297    31.2487    23.3619 -9.990e-29
 167.485903      1.303  37.570645    13.6444    5.47330      1.292    31.2490    23.3619 -9.990e-29
 167.485909      1.303  37.570530    13.6486    5.48139      1.292    31.2454    23.3584 -9.990e-29
 167.485914      1.311  37.574087    13.6566    5.48178      1.300    31.2422    23.3543 -9.990e-29
 167.485920      1.324  37.582139    13.6655    5.48952      1.313    31.2424    23.3526 -9.990e-29
 167.485926      1.334  37.591405    13.6729    5.49931      1.323    31.2449    23.3531 -9.990e-29
 167.485932      1.338  37.598543    13.6767    5.50115      1.327    31.2484    23.3550 -9.990e-29
 167.485938      1.340  37.601298    13.6812    5.49710      1.329    31.2473    23.3533 -9.990e-29
 167.485943      1.344  37.605034    13.6925    5.49494      1.333    31.2415    23.3465 -9.990e-29
 167.485949      1.352  37.616424    13.7068    5.49048      1.341    31.2404    23.3428 -9.990e-29
 167.485955      1.358  37.629906    13.7168    5.48401      1.347    31.2447    23.3441 -9.990e-29
 167.485961      1.360  37.637662    13.7228    5.48987      1.349    31.2469    23.3447 -9.990e-29
 167.485966      1.361  37.641628    13.7272    5.49793      1.350    31.2470    23.3438 -9.990e-29
 167.485972      1.365  37.645980    13.7284    5.50634      1.354    31.2500    23.3459 -9.990e-29
 167.485978      1.370  37.647554    13.7250    5.50186      1.359    31.2543    23.3499 -9.990e-29
 167.485984      1.371  37.643968    13.7208    5.48929      1.360    31.2544    23.3508 -9.990e-29
 167.485990      1.376  37.639984    13.7190    5.47864      1.365    31.2522    23.3495 -9.990e-29
 167.485995      1.390  37.638712    13.7172    5.47823      1.378    31.2525    23.3500 -9.990e-29
 167.486001      1.406  37.637338    13.7119    5.48116      1.394    31.2555    23.3535 -9.990e-29
 167.486007      1.420  37.632355    13.7050    5.48366      1.408    31.2565    23.3556 -9.990e-29
 167.486013      1.428  37.626101    13.7035    5.47969      1.416    31.2520    23.3524 -9.990e-29
 167.486019      1.428  37.625948    13.7088    5.48342      1.416    31.2475    23.3479 -9.990e-29
 167.486024      1.423  37.632258    13.7147    5.48813      1.411    31.2485    23.3475 -9.990e-29
 167.486030      1.417  37.637746    13.7175    5.50049      1.405    31.2513    23.3491 -9.990e-29
 167.486036      1.410  37.639641    13.7198    5.49211      1.398    31.2512    23.3485 -9.990e-29
 167.486042      1.406  37.641600    13.7234    5.49093      1.394    31.2501    23.3470 -9.990e-29
 167.486047      1.409  37.645118    13.7271    5.48211      1.397    31.2503    23.3464 -9.990e-29
 167.486053      1.419  37.648163    13.7296    5.49046      1.407    31.2511    23.3465 -9.990e-29
 167.486059      1.432  37.651438    13.7281    5.50309      1.420    31.2553    23.3501 -9.990e-29
 167.486065      1.444  37.651464    13.7246    5.50078      1.432    31.2582    23.3530 -9.990e-29
 167.486071      1.458  37.646600    13.7262    5.48864      1.446    31.2524    23.3482 -9.990e-29
 167.486076      1.468  37.646635    13.7339    5.48291      1.456    31.2461    23.3418 -9.990e-29
 167.486082      1.473  37.654426    13.7422    5.47984      1.461    31.2466    23.3405 -9.990e-29
 167.486088      1.475  37.661855    13.7456    5.48890      1.463    31.2506    23.3429 -9.990e-29
 167.486094      1.480  37.663691    13.7444    5.49046      1.468    31.2533    23.3452 -9.990e-29
 167.486100      1.488  37.662393    13.7428    5.48917      1.476    31.2534    23.3456 -9.990e-29
 167.486105      1.499  37.661847    13.7437    5.50147      1.486    31.2522    23.3445 -9.990e-29
 167.486111      1.510  37.663013    13.7475    5.50852      1.497    31.2501    23.3422 -9.990e-29
 167.486117      1.517  37.666330    13.7528    5.51197      1.504    31.2489    23.3401 -9.990e-29
 167.486123      1.521  37.671179    13.7581    5.50872      1.508    31.2490    23.3392 -9.990e-29
 167.486128      1.522  37.676181    13.7627    5.49095      1.509    31.2499    23.3389 -9.990e-29
 167.486134      1.521  37.680160    13.7652    5.48813      1.508    31.2515    23.3397 -9.990e-29
 167.486140      1.520  37.681697    13.7640    5.48837      1.507    31.2539    23.3418 -9.990e-29
 167.486146      1.525  37.680608    13.7565    5.49407      1.512    31.2590    23.3472 -9.990e-29
 167.486152      1.531  37.674324    13.7423    5.49808      1.518    31.2648    23.3546 -9.990e-29
 167.486157      1.534  37.660083    13.7293    5.49897      1.521    31.2623    23.3552 -9.990e-29
 167.486163      1.536  37.646950    13.7242    5.48616      1.523    31.2543    23.3501 -9.990e-29
 167.486169      1.540  37.643782    13.7233    5.46675      1.527    31.2521    23.3486 -9.990e-29
 167.486175      1.550  37.644678    13.7183    5.45871      1.537    31.2570    23.3533 -9.990e-29
 167.486181      1.563  37.641301    13.6978    5.45907      1.550    31.2706    23.3680 -9.990e-29
 167.486186      1.577  37.623547    13.6580    5.48019      1.564    31.2867    23.3884 -9.990e-29
 167.486192      1.590  37.586264    13.6158    5.48185      1.577    31.2867    23.3968 -9.990e-29
 167.486198      1.605  37.545372    13.5929    5.47055      1.592    31.2675    23.3866 -9.990e-29
 167.486204      1.622  37.523195    13.5923    5.45931      1.608    31.2475    23.3712 -9.990e-29
 167.486209      1.638  37.523257    13.5947    5.45263      1.624    31.2456    23.3692 -9.990e-29
 167.486215      1.646  37.526569    13.5832    5.45337      1.632    31.2580    23.3812 -9.990e-29
 167.486221      1.642  37.517364    13.5629    5.45718      1.628    31.2661    23.3914 -9.990e-29
 167.486227      1.629  37.500205    13.5485    5.45854      1.615    31.2620    23.3911 -9.990e-29
 167.486233      1.616  37.488680    13.5433    5.45070      1.603    31.2555    23.3872 -9.990e-29
 167.486238      1.606  37.485372    13.5378    5.44441      1.593    31.2570    23.3894 -9.990e-29
 167.486244      1.598  37.480266    13.5286    5.44688      1.585    31.2598    23.3934 -9.990e-29
 167.486250      1.592  37.471610    13.5227    5.45891      1.579    31.2566    23.3921 -9.990e-29
 167.486256      1.587  37.467502    13.5226    5.48757      1.574    31.2528    23.3892 -9.990e-29
 167.486262      1.584  37.468638    13.5262    5.49387      1.571    31.2509    23.3870 -9.990e-29
 167.486267      1.582  37.471492    13.5346    5.48131      1.569    31.2467    23.3821 -9.990e-29
 167.486273      1.580  37.478193    13.5488    5.47581      1.567    31.2413    23.3751 -9.990e-29
 167.486279      1.579  37.490951    13.5642    5.48201      1.566    31.2406    23.3715 -9.990e-29
 167.486285      1.579  37.504911    13.5757    5.49221      1.566    31.2441    23.3719 -9.990e-29
 167.486291      1.579  37.514016    13.5861    5.49629      1.566    31.2441    23.3698 -9.990e-29
 167.486296      1.580  37.522560    13.5967    5.49266      1.567    31.2433    23.3671 -9.990e-29
 167.486302      1.581  37.532970    13.6011    5.48830      1.568    31.2494    23.3709 -9.990e-29
