data/oxygen options/ONMS/Olympic_Coast_National_Marine_Sanctuary_Hypoxia_Survey_CTD_Data_2004_2015/raw_data/2004/CTD_CA70_082404faed.cnv
* Sea-Bird SBE19 Data File:
* FileName = C:\WINDOWS\Desktop\put hypoxia files here\CTD data\August 24_25-04\CA70_082404.hex
* Software Version 1.1.4
* Temperature SN = 2997
* Conductivity SN = 2997
* System UpLoad Time = Aug 24 2004 12:37:37
* SEACAT PROFILER V3.1c SN 2997   08/24/04  12:39:15.226
* strain gauge pressure sensor: S/N = 184829,  range = 3000 psia,  tc = 40
# nquan = 9                                 
# nvalues = 760                         
# units = specified
# name 0 = timeJ: Julian Days
# name 1 = prSM: Pressure, Strain Gauge [db]
# name 2 = c0mS/cm: Conductivity [mS/cm]
# name 3 = t090C: Temperature [ITS-90, deg C]
# name 4 = oxML/L: Oxygen, Beckman/YSI [ml/l]
# name 5 = depSM: Depth [salt water, m], lat = 47.5
# name 6 = sal00: Salinity, Practical [PSU]
# name 7 = sigma-é00: Density [sigma-theta, kg/m^3]
# name 8 = flag: flag
# span 0 = 237.477593, 237.481985       
# span 1 =     -5.021,     70.318       
# span 2 =   0.913715,  39.628997       
# span 3 =     7.7031,    15.3569       
# span 4 =   -0.05272,   29.45553       
# span 5 =     -4.979,     69.719       
# span 6 =     0.5612,    33.4513       
# span 7 =    -0.5017,    26.0990       
# span 8 = 0.0000e+00, 0.0000e+00       
# interval = seconds: 0.5
# start_time = Aug 24 2004 11:27:44 [Instrument's time stamp, header]
# bad_flag = -9.990e-29
*END*
[from data line 321]
 237.479450      0.766  39.624932    15.3539    8.82429      0.760    31.7273    23.3740 -9.990e-29
 237.479456      0.771  39.625095    15.3541    8.81436      0.765    31.7273    23.3739 -9.990e-29
 237.479462      0.777  39.625033    15.3543    8.82890      0.771    31.7271    23.3737 -9.990e-29
 237.479468      0.780  39.624672    15.3544    8.84141      0.773    31.7267    23.3734 -9.990e-29
 237.479473      0.775  39.624659    15.3542    8.84557      0.769    31.7268    23.3736 -9.990e-29
 237.479479      0.771  39.624984    15.3540    8.83134      0.765    31.7273    23.3740 -9.990e-29
 237.479485      0.777  39.624967    15.3542    8.81746      0.771    31.7271    23.3738 -9.990e-29
 237.479491      0.787  39.624592    15.3542    8.82187      0.780    31.7267    23.3735 -9.990e-29
 237.479497      0.800  39.624488    15.3534    8.83433      0.793    31.7273    23.3741 -9.990e-29
 237.479502      0.815  39.625085    15.3525    8.84629      0.808    31.7285    23.3753 -9.990e-29
 237.479508      0.833  39.626064    15.3525    8.83490      0.826    31.7294    23.3759 -9.990e-29
 237.479514      0.852  39.626491    15.3531    8.82229      0.845    31.7293    23.3757 -9.990e-29
 237.479520      0.864  39.626381    15.3537    8.82309      0.857    31.7287    23.3751 -9.990e-29
 237.479525      0.870  39.626156    15.3541    8.82507      0.863    31.7282    23.3747 -9.990e-29
 237.479531      0.878  39.625524    15.3548    8.83344      0.871    31.7271    23.3736 -9.990e-29
 237.479537      0.890  39.624772    15.3553    8.82717      0.883    31.7260    23.3727 -9.990e-29
 237.479543      0.897  39.624587    15.3555    8.82663      0.890    31.7257    23.3724 -9.990e-29
 237.479549      0.899  39.624728    15.3557    8.81842      0.891    31.7256    23.3723 -9.990e-29
 237.479554      0.902  39.624830    15.3559    8.81105      0.894    31.7255    23.3722 -9.990e-29
 237.479560      0.906  39.625037    15.3560    8.81188      0.898    31.7256    23.3723 -9.990e-29
 237.479566      0.910  39.625071    15.3556    8.81532      0.902    31.7260    23.3726 -9.990e-29
 237.479572      0.915  39.624983    15.3548    8.82483      0.907    31.7266    23.3732 -9.990e-29
 237.479578      0.925  39.625225    15.3540    8.82751      0.917    31.7274    23.3741 -9.990e-29
 237.479583      0.942  39.625564    15.3534    8.82985      0.934    31.7282    23.3748 -9.990e-29
 237.479589      0.958  39.625899    15.3532    8.81727      0.950    31.7287    23.3752 -9.990e-29
 237.479595      0.968  39.626122    15.3535    8.81040      0.960    31.7286    23.3751 -9.990e-29
 237.479601      0.980  39.625978    15.3539    8.81168      0.972    31.7282    23.3747 -9.990e-29
 237.479606      0.996  39.625841    15.3539    8.81479      0.988    31.7280    23.3746 -9.990e-29
 237.479612      1.015  39.626096    15.3535    8.82167      1.007    31.7286    23.3751 -9.990e-29
 237.479618      1.029  39.626531    15.3535    8.81697      1.020    31.7290    23.3754 -9.990e-29
 237.479624      1.034  39.626611    15.3539    8.81119      1.025    31.7287    23.3751 -9.990e-29
 237.479630      1.035  39.626448    15.3542    8.80148      1.026    31.7283    23.3747 -9.990e-29
 237.479635      1.036  39.626392    15.3543    8.80638      1.027    31.7282    23.3746 -9.990e-29
 237.479641      1.038  39.626378    15.3543    8.81957      1.029    31.7282    23.3746 -9.990e-29
 237.479647      1.040  39.626394    15.3546    8.81923      1.031    31.7279    23.3744 -9.990e-29
 237.479653      1.042  39.626468    15.3550    8.81206      1.033    31.7277    23.3741 -9.990e-29
 237.479659      1.046  39.626706    15.3550    8.80211      1.037    31.7279    23.3742 -9.990e-29
 237.479664      1.051  39.626870    15.3548    8.80989      1.042    31.7282    23.3745 -9.990e-29
 237.479670      1.056  39.626626    15.3546    8.82390      1.047    31.7281    23.3745 -9.990e-29
 237.479676      1.064  39.626215    15.3544    8.82455      1.055    31.7279    23.3744 -9.990e-29
 237.479682      1.074  39.626220    15.3543    8.82437      1.065    31.7280    23.3745 -9.990e-29
 237.479688      1.086  39.626655    15.3543    8.81303      1.077    31.7284    23.3748 -9.990e-29
 237.479693      1.098  39.626984    15.3544    8.81185      1.089    31.7286    23.3749 -9.990e-29
 237.479699      1.105  39.627092    15.3545    8.81914      1.096    31.7286    23.3749 -9.990e-29
 237.479705      1.109  39.627128    15.3545    8.82932      1.100    31.7286    23.3749 -9.990e-29
 237.479711      1.105  39.627138    15.3542    8.83063      1.096    31.7289    23.3752 -9.990e-29
 237.479716      1.092  39.627120    15.3537    8.81604      1.083    31.7293    23.3756 -9.990e-29
 237.479722      1.080  39.627019    15.3532    8.81532      1.071    31.7296    23.3759 -9.990e-29
 237.479728      1.070  39.626672    15.3532    8.81016      1.061    31.7293    23.3757 -9.990e-29
 237.479734      1.063  39.626147    15.3539    8.82300      1.054    31.7283    23.3748 -9.990e-29
 237.479740      1.058  39.625836    15.3551    8.82211      1.049    31.7270    23.3735 -9.990e-29
 237.479745      1.055  39.625857    15.3560    8.81625      1.046    31.7263    23.3728 -9.990e-29
 237.479751      1.054  39.626210    15.3559    8.79956      1.045    31.7267    23.3731 -9.990e-29
 237.479757      1.054  39.626775    15.3551    8.78900      1.045    31.7279    23.3742 -9.990e-29
 237.479763      1.055  39.627154    15.3547    8.79457      1.046    31.7285    23.3748 -9.990e-29
 237.479769      1.059  39.627263    15.3542    8.81164      1.050    31.7290    23.3753 -9.990e-29
 237.479774      1.064  39.627220    15.3534    8.82855      1.055    31.7296    23.3759 -9.990e-29
 237.479780      1.066  39.626937    15.3533    8.82083      1.057    31.7295    23.3758 -9.990e-29
 237.479786      1.063  39.626568    15.3539    8.79993      1.054    31.7287    23.3751 -9.990e-29
 237.479792      1.057  39.626153    15.3544    8.79100      1.048    31.7279    23.3743 -9.990e-29
 237.479797      1.053  39.625672    15.3543    8.79084      1.044    31.7275    23.3741 -9.990e-29
 237.479803      1.051  39.625577    15.3534    8.81590      1.042    31.7282    23.3748 -9.990e-29
 237.479809      1.049  39.625713    15.3521    8.82466      1.040    31.7293    23.3760 -9.990e-29
 237.479815      1.049  39.625670    15.3512    8.81267      1.040    31.7300    23.3767 -9.990e-29
 237.479821      1.051  39.625363    15.3512    8.80200      1.042    31.7298    23.3765 -9.990e-29
 237.479826      1.049  39.624912    15.3518    8.79127      1.040    31.7289    23.3757 -9.990e-29
 237.479832      1.040  39.624811    15.3523    8.79453      1.031    31.7284    23.3752 -9.990e-29
 237.479838      1.032  39.624895    15.3524    8.80110      1.023    31.7284    23.3752 -9.990e-29
 237.479844      1.032  39.624685    15.3525    8.81129      1.023    31.7281    23.3749 -9.990e-29
 237.479850      1.036  39.624436    15.3531    8.81078      1.027    31.7274    23.3743 -9.990e-29
 237.479855      1.042  39.624347    15.3541    8.80282      1.033    31.7265    23.3734 -9.990e-29
 237.479861      1.047  39.624269    15.3552    8.78483      1.038    31.7256    23.3724 -9.990e-29
 237.479867      1.054  39.624633    15.3563    8.77865      1.045    31.7250    23.3717 -9.990e-29
 237.479873      1.063  39.625893    15.3569    8.78391      1.054    31.7256    23.3721 -9.990e-29
 237.479878      1.074  39.626897    15.3566    8.79744      1.065    31.7268    23.3730 -9.990e-29
 237.479884      1.087  39.626711    15.3558    8.80209      1.078    31.7272    23.3736 -9.990e-29
 237.479890      1.100  39.626179    15.3551    8.78595      1.091    31.7273    23.3738 -9.990e-29
 237.479896      1.104  39.625683    15.3545    8.77430      1.095    31.7274    23.3739 -9.990e-29
 237.479902      1.100  39.625095    15.3540    8.77718      1.091    31.7272    23.3739 -9.990e-29
 237.479907      1.096  39.624724    15.3537    8.79525      1.087    31.7272    23.3739 -9.990e-29
 237.479913      1.097  39.624607    15.3531    8.80378      1.088    31.7275    23.3744 -9.990e-29
 237.479919      1.101  39.624561    15.3524    8.79971      1.092    31.7281    23.3749 -9.990e-29
 237.479925      1.110  39.624495    15.3522    8.79898      1.101    31.7282    23.3750 -9.990e-29
 237.479931      1.125  39.624291    15.3526    8.78886      1.116    31.7276    23.3746 -9.990e-29
 237.479936      1.145  39.624208    15.3533    8.80049      1.135    31.7270    23.3739 -9.990e-29
 237.479942      1.172  39.624669    15.3535    8.80656      1.162    31.7272    23.3741 -9.990e-29
 237.479948      1.209  39.625136    15.3532    8.80019      1.199    31.7279    23.3746 -9.990e-29
 237.479954      1.253  39.625083    15.3530    8.81145      1.243    31.7280    23.3747 -9.990e-29
 237.479959      1.302  39.624969    15.3535    8.82266      1.291    31.7275    23.3742 -9.990e-29
 237.479965      1.364  39.625175    15.3541    8.86713      1.353    31.7271    23.3739 -9.990e-29
 237.479971      1.447  39.625387    15.3539    8.89626      1.435    31.7275    23.3741 -9.990e-29
 237.479977      1.557  39.625296    15.3534    8.87911      1.544    31.7277    23.3745 -9.990e-29
 237.479983      1.700  39.625315    15.3521    8.90134      1.686    31.7288    23.3755 0.0000e+00
 237.479988      1.886  39.625441    15.3465    8.89660      1.870    31.7333    23.3803 0.0000e+00
 237.479994      2.122  39.624128    15.3301    8.86602      2.104    31.7453    23.3931 0.0000e+00
 237.480000      2.411  39.617353    15.2939    8.83176      2.391    31.7684    23.4187 0.0000e+00
 237.480006      2.752  39.597173    15.2284    8.82746      2.729    31.8033    23.4597 0.0000e+00
 237.480012      3.143  39.554601    15.1184    8.83365      3.117    31.8544    23.5228 0.0000e+00
 237.480017      3.566  39.477160    14.9592    8.84114      3.536    31.9144    23.6032 0.0000e+00
 237.480023      4.000  39.363096    14.7956    8.79423      3.967    31.9453    23.6618 0.0000e+00
 237.480029      4.434  39.248763    14.6759    8.71433      4.397    31.9398    23.6830 0.0000e+00
 237.480035      4.870  39.172386    14.5786    8.63762      4.829    31.9504    23.7116 0.0000e+00
 237.480041      5.318  39.110600    14.4564    8.55851      5.274    31.9947    23.7714 0.0000e+00
 237.480046      5.782  39.017438    14.3039    8.44841      5.734    32.0356    23.8348 0.0000e+00
 237.480052      6.257  38.898785    14.1435    8.35129      6.205    32.0599    23.8867 0.0000e+00
 237.480058      6.735  38.783742    14.0016    8.21659      6.679    32.0720    23.9253 0.0000e+00
 237.480064      7.206  38.689381    13.8949    8.09105      7.146    32.0738    23.9485 0.0000e+00
 237.480069      7.672  38.624447    13.8019    7.98613      7.608    32.0914    23.9810 0.0000e+00
 237.480075      8.136  38.570178    13.6902    7.89866      8.068    32.1345    24.0369 0.0000e+00
 237.480081      8.606  38.505211    13.5637    7.74978      8.534    32.1803    24.0978 0.0000e+00
 237.480087      9.086  38.437114    13.4419    7.55899      9.010    32.2193    24.1524 0.0000e+00
 237.480093      9.568  38.373200    13.3369    7.34144      9.488    32.2482    24.1957 0.0000e+00
 237.480098     10.044  38.314009    13.2434    7.06877      9.960    32.2719    24.2325 0.0000e+00
 237.480104     10.511  38.255727    13.1289    6.84476     10.423    32.3143    24.2880 0.0000e+00
 237.480110     10.968  38.175002    12.9544    6.63923     10.876    32.3869    24.3785 0.0000e+00
 237.480116     11.415  38.044927    12.6967    6.45807     11.319    32.4847    24.5043 0.0000e+00
 237.480122     11.844  37.853551    12.3583    6.29193     11.745    32.5947    24.6544 0.0000e+00
 237.480127     12.254  37.599712    11.9901    6.09357     12.151    32.6715    24.7832 0.0000e+00
 237.480133     12.649  37.316709    11.6776    5.90560     12.543    32.6711    24.8407 0.0000e+00
 237.480139     13.033  37.075188    11.4604    5.76018     12.924    32.6265    24.8457 0.0000e+00
 237.480145     13.400  36.906306    11.3072    5.63942     13.288    32.5960    24.8496 0.0000e+00
 237.480150     13.753  36.783867    11.1707    5.53892     13.638    32.5961    24.8741 0.0000e+00
 237.480156     14.100  36.676332    11.0360    5.47074     13.982    32.6092    24.9082 0.0000e+00
 237.480162     14.442  36.573163    10.9210    5.42584     14.321    32.6091    24.9284 0.0000e+00
 237.480168     14.785  36.487025    10.8329    5.39461     14.661    32.6019    24.9382 0.0000e+00
 237.480174     15.136  36.424126    10.7690    5.37258     15.009    32.5961    24.9448 0.0000e+00
 237.480179     15.493  36.380730    10.7315    5.36924     15.363    32.5861    24.9436 0.0000e+00
 237.480185     15.852  36.358367    10.7144    5.36465     15.719    32.5790    24.9410 0.0000e+00
 237.480191     16.220  36.351291    10.7074    5.36368     16.084    32.5780    24.9415 0.0000e+00
 237.480197     16.598  36.349474    10.7035    5.37647     16.459    32.5795    24.9433 0.0000e+00
 237.480203     16.988  36.349343    10.6980    5.40679     16.846    32.5841    24.9479 0.0000e+00
 237.480208     17.399  36.350134    10.6884    5.44460     17.253    32.5933    24.9567 0.0000e+00
 237.480214     17.835  36.350631    10.6762    5.46595     17.685    32.6045    24.9675 0.0000e+00
 237.480220     18.294  36.350346    10.6664    5.45813     18.141    32.6127    24.9757 0.0000e+00
 237.480226     18.775  36.349428    10.6603    5.44647     18.617    32.6171    24.9801 0.0000e+00
 237.480231     19.283  36.347745    10.6520    5.42748     19.121    32.6226    24.9858 0.0000e+00
 237.480237     19.820  36.343583    10.6317    5.41145     19.654    32.6364    25.0001 0.0000e+00
 237.480243     20.382  36.333045    10.5882    5.39006     20.211    32.6645    25.0295 0.0000e+00
 237.480249     20.957  36.308780    10.5159    5.35987     20.781    32.7048    25.0734 0.0000e+00
 237.480255     21.535  36.264754    10.4219    5.33580     21.354    32.7449    25.1207 0.0000e+00
 237.480260     22.114  36.204466    10.3237    5.28967     21.928    32.7726    25.1590 0.0000e+00
 237.480266     22.688  36.140000    10.2350    5.24583     22.497    32.7875    25.1857 0.0000e+00
 237.480272     23.242  36.082350    10.1548    5.20422     23.047    32.8016    25.2102 0.0000e+00
 237.480278     23.768  36.030853    10.0716    5.15077     23.568    32.8247    25.2422 0.0000e+00
 237.480284     24.270  35.975112     9.9783    5.11485     24.066    32.8527    25.2796 0.0000e+00
 237.480289     24.754  35.909163     9.8865    5.06164     24.546    32.8691    25.3076 0.0000e+00
 237.480295     25.230  35.843708     9.8070    5.02116     25.018    32.8747    25.3252 0.0000e+00
 237.480301     25.710  35.787860     9.7317    4.97392     25.494    32.8863    25.3466 0.0000e+00
 237.480307     26.200  35.734387     9.6569    4.94223     25.980    32.8998    25.3694 0.0000e+00
 237.480313     26.696  35.682030     9.5920    4.91051     26.471    32.9054    25.3844 0.0000e+00
 237.480318     27.191  35.638866     9.5419    4.88233     26.962    32.9069    25.3936 0.0000e+00
 237.480324     27.673  35.607289     9.5035    4.86834     27.440    32.9095    25.4019 0.0000e+00
 237.480330     28.140  35.583836     9.4715    4.84079     27.903    32.9146    25.4110 0.0000e+00
 237.480336     28.595  35.564112     9.4418    4.83001     28.354    32.9214    25.4211 0.0000e+00
 237.480341     29.042  35.545330     9.4147    4.82185     28.798    32.9268    25.4297 0.0000e+00
 237.480347     29.482  35.528202     9.3915    4.82105     29.234    32.9303    25.4362 0.0000e+00
 237.480353     29.919  35.514524     9.3701    4.78848     29.667    32.9357    25.4439 0.0000e+00
 237.480359     30.354  35.502845     9.3470    4.74318     30.098    32.9447    25.4546 0.0000e+00
 237.480365     30.789  35.491017     9.3189    4.69516     30.530    32.9582    25.4697 0.0000e+00
