data/oxygen options/ONMS/Olympic_Coast_National_Marine_Sanctuary_Hypoxia_Survey_CTD_Data_2004_2015/raw_data/2004/CTD_CE30_072604faed.cnv
* Sea-Bird SBE19 Data File:
* FileName = C:\WINDOWS\Desktop\put hypoxia files here\CTD files\july 24_25-04\CE\CE3_072404.hex
* Software Version 1.1.4
* Temperature SN = 2997
* Conductivity SN = 2997
* System UpLoad Time = Jul 26 2004 14:29:55
* SEACAT PROFILER V3.1c SN 2997   07/26/04  14:29:41.367
* strain gauge pressure sensor: S/N = 184829,  range = 3000 psia,  tc = 40
# nquan = 9                                 
# nvalues = 655                         
# units = specified
# name 0 = timeJ: Julian Days
# name 1 = prSM: Pressure, Strain Gauge [db]
# name 2 = c0mS/cm: Conductivity [mS/cm]
# name 3 = t090C: Temperature [ITS-90, deg C]
# name 4 = oxML/L: Oxygen, Beckman/YSI [ml/l]
# name 5 = depSM: Depth [salt water, m], lat = 47.5
# name 6 = sal00: Salinity, Practical [PSU]
# name 7 = sigma-é00: Density [sigma-theta, kg/m^3]
# name 8 = flag: flag
# span 0 = 208.496748, 208.500532       
# span 1 =     -5.857,     27.459       
# span 2 =   0.416520,  38.505484       
# span 3 =     7.6738,    13.4178       
# span 4 =   -0.05561,   32.97238       
# span 5 =     -5.808,     27.228       
# span 6 =     0.2610,    33.4938       
# span 7 =    -0.4594,    26.1372       
# span 8 = 0.0000e+00, 0.0000e+00       
# interval = seconds: 0.5
# start_time = Jul 26 2004 11:55:19 [Instrument's time stamp, header]
# bad_flag = -9.990e-29
*END*
[from data line 481]
 208.499531     15.333  36.044685     9.6887    3.78894     15.204    33.1931    25.5931 0.0000e+00
 208.499537     15.775  35.815012     9.3892    3.66755     15.643    33.2343    25.6740 0.0000e+00
 208.499543     16.217  35.560300     9.0496    3.55053     16.081    33.2868    25.7692 0.0000e+00
 208.499549     16.659  35.287957     8.7015    3.41152     16.519    33.3289    25.8564 0.0000e+00
 208.499554     17.102  35.075194     8.4195    3.29201     16.959    33.3710    25.9324 0.0000e+00
 208.499560     17.537  34.931623     8.2498    3.19405     17.390    33.3798    25.9648 0.0000e+00
 208.499566     17.964  34.830212     8.1490    3.10662     17.813    33.3677    25.9703 0.0000e+00
 208.499572     18.387  34.764526     8.0528    3.02927     18.233    33.3892    26.0014 0.0000e+00
 208.499578     18.813  34.711009     7.9529    2.96933     18.655    33.4272    26.0459 0.0000e+00
 208.499583     19.243  34.659418     7.8742    2.87262     19.082    33.4471    26.0730 0.0000e+00
 208.499589     19.677  34.623373     7.8241    2.80012     19.512    33.4563    26.0875 0.0000e+00
 208.499595     20.115  34.604143     7.7916    2.71448     19.946    33.4666    26.1003 0.0000e+00
 208.499601     20.553  34.593466     7.7719    2.64185     20.380    33.4739    26.1088 0.0000e+00
 208.499606     20.994  34.588325     7.7625    2.59368     20.818    33.4772    26.1128 0.0000e+00
 208.499612     21.431  34.586358     7.7567    2.54940     21.251    33.4804    26.1162 0.0000e+00
 208.499618     21.859  34.582150     7.7494    2.51535     21.675    33.4827    26.1190 0.0000e+00
 208.499624     22.283  34.573467     7.7415    2.49246     22.096    33.4807    26.1186 0.0000e+00
 208.499630     22.708  34.565001     7.7355    2.46303     22.517    33.4772    26.1167 0.0000e+00
 208.499635     23.144  34.559492     7.7307    2.46517     22.950    33.4757    26.1162 0.0000e+00
 208.499641     23.598  34.555775     7.7237    2.46348     23.400    33.4782    26.1192 0.0000e+00
 208.499647     24.059  34.552269     7.7122    2.45221     23.857    33.4853    26.1264 0.0000e+00
 208.499653     24.520  34.547115     7.7010    2.44044     24.314    33.4903    26.1320 0.0000e+00
 208.499659     24.965  34.542424     7.6954    2.41197     24.755    33.4904    26.1329 0.0000e+00
 208.499664     25.381  34.540358     7.6913    2.38365     25.168    33.4919    26.1347 0.0000e+00
 208.499670     25.768  34.535930     7.6842    2.36176     25.551    33.4938    26.1372 0.0000e+00
 208.499676     26.130  34.527733     7.6771    2.34637     25.910    33.4916    26.1365 0.0000e+00
 208.499682     26.459  34.521110     7.6738    2.32382     26.236    33.4875    26.1337 0.0000e+00
 208.499687     26.746  34.519015     7.6752    2.30619     26.521    33.4838    26.1306 0.0000e+00
 208.499693     26.989  34.520907     7.6805    2.29253     26.762    33.4806    26.1273 0.0000e+00
 208.499699     27.186  34.524837     7.6875    2.28704     26.957    33.4780    26.1243 0.0000e+00
 208.499705     27.331  34.529332     7.6938    2.27632     27.101    33.4767    26.1224 -9.990e-29
 208.499711     27.422  34.533113     7.6978    2.27612     27.191    33.4769    26.1220 -9.990e-29
 208.499716     27.459  34.534509     7.6992    2.27273     27.228    33.4770    26.1219 -9.990e-29
 208.499722     27.451  34.533716     7.7002    2.27609     27.220    33.4752    26.1203 -9.990e-29
 208.499728     27.399  34.533058     7.7010    2.27204     27.169    33.4738    26.1190 -9.990e-29
 208.499734     27.297  34.532791     7.7009    2.25801     27.067    33.4736    26.1189 -9.990e-29
 208.499740     27.138  34.532016     7.7005    2.25105     26.910    33.4732    26.1187 0.0000e+00
 208.499745     26.921  34.529713     7.7008    2.25304     26.695    33.4706    26.1166 0.0000e+00
 208.499751     26.644  34.525631     7.7024    2.26064     26.420    33.4648    26.1118 0.0000e+00
 208.499757     26.316  34.522753     7.7038    2.26612     26.095    33.4605    26.1082 0.0000e+00
 208.499763     25.946  34.521744     7.7036    2.25667     25.728    33.4598    26.1077 0.0000e+00
 208.499769     25.536  34.520713     7.7034    2.24921     25.321    33.4591    26.1071 0.0000e+00
 208.499774     25.091  34.519424     7.7058    2.24167     24.880    33.4556    26.1040 0.0000e+00
 208.499780     24.615  34.518980     7.7133    2.24203     24.408    33.4481    26.0971 0.0000e+00
 208.499786     24.113  34.521048     7.7243    2.25786     23.910    33.4400    26.0891 0.0000e+00
 208.499792     23.587  34.525037     7.7339    2.27631     23.389    33.4353    26.0841 0.0000e+00
 208.499797     23.044  34.528438     7.7402    2.27324     22.850    33.4332    26.0815 0.0000e+00
 208.499803     22.494  34.530200     7.7455    2.25061     22.305    33.4303    26.0784 0.0000e+00
 208.499809     21.950  34.531011     7.7551    2.25478     21.766    33.4222    26.0707 0.0000e+00
 208.499815     21.412  34.532533     7.7757    2.28982     21.232    33.4043    26.0537 0.0000e+00
 208.499821     20.872  34.536250     7.8142    2.38029     20.697    33.3717    26.0225 0.0000e+00
 208.499826     20.325  34.544334     7.8765    2.49838     20.154    33.3211    25.9737 0.0000e+00
 208.499832     19.771  34.564218     7.9530    2.58181     19.605    33.2697    25.9222 0.0000e+00
 208.499838     19.208  34.596090     8.0270    2.66301     19.047    33.2336    25.8831 0.0000e+00
 208.499844     18.640  34.632582     8.1399    2.74396     18.484    33.1657    25.8132 0.0000e+00
 208.499850     18.073  34.698278     8.3973    2.85110     17.921    32.9932    25.6396 0.0000e+00
 208.499855     17.505  34.870706     8.8035    3.05342     17.358    32.7963    25.4236 0.0000e+00
 208.499861     16.931  35.159468     9.1928    3.30869     16.789    32.7379    25.3172 0.0000e+00
 208.499867     16.356  35.429929     9.4325    3.55997     16.219    32.7973    25.3255 0.0000e+00
 208.499873     15.792  35.583066     9.5743    3.79217     15.660    32.8250    25.3242 0.0000e+00
 208.499878     15.245  35.667850     9.8296    4.01822     15.117    32.6793    25.1687 0.0000e+00
 208.499884     14.715  35.856807    10.3327    4.28573     14.592    32.4181    24.8810 0.0000e+00
 208.499890     14.193  36.268441    10.9401    4.57600     14.074    32.2904    24.6770 0.0000e+00
 208.499896     13.677  36.772571    11.4422    4.83728     13.562    32.3460    24.6310 0.0000e+00
 208.499902     13.163  37.180685    11.7771    5.04535     13.053    32.4513    24.6518 0.0000e+00
 208.499907     12.650  37.444272    11.9844    5.18950     12.544    32.5260    24.6714 0.0000e+00
 208.499913     12.134  37.604164    12.1189    5.30081     12.032    32.5633    24.6752 0.0000e+00
 208.499919     11.613  37.710958    12.2099    5.37184     11.516    32.5870    24.6765 0.0000e+00
 208.499925     11.087  37.785937    12.2730    5.39936     10.994    32.6044    24.6780 0.0000e+00
 208.499931     10.554  37.839922    12.3235    5.39995     10.466    32.6125    24.6747 0.0000e+00
 208.499936     10.014  37.886590    12.3740    5.37422      9.930    32.6135    24.6659 0.0000e+00
 208.499942      9.475  37.936026    12.4322    5.36228      9.396    32.6105    24.6524 0.0000e+00
 208.499948      8.946  37.993029    12.4860    5.36203      8.871    32.6185    24.6484 0.0000e+00
 208.499954      8.440  38.038273    12.5160    5.36394      8.369    32.6359    24.6561 0.0000e+00
 208.499959      7.972  38.053582    12.5274    5.36302      7.905    32.6408    24.6577 0.0000e+00
 208.499965      7.547  38.058839    12.5310    5.35321      7.484    32.6429    24.6586 0.0000e+00
 208.499971      7.159  38.066124    12.5309    5.35452      7.099    32.6501    24.6642 0.0000e+00
 208.499977      6.801  38.070584    12.5392    5.35061      6.744    32.6473    24.6604 0.0000e+00
 208.499983      6.467  38.081552    12.5597    5.33960      6.413    32.6401    24.6509 0.0000e+00
 208.499988      6.152  38.101888    12.5807    5.33963      6.101    32.6414    24.6479 0.0000e+00
 208.499994      5.855  38.121141    12.5938    5.34622      5.806    32.6485    24.6509 0.0000e+00
 208.500000      5.574  38.133591    12.5984    5.35172      5.527    32.6565    24.6562 0.0000e+00
 208.500006      5.306  38.139031    12.6002    5.35924      5.262    32.6603    24.6587 0.0000e+00
 208.500012      5.054  38.139687    12.6132    5.35126      5.012    32.6497    24.6480 0.0000e+00
 208.500017      4.813  38.149917    12.6403    5.33325      4.773    32.6361    24.6322 0.0000e+00
 208.500023      4.577  38.177205    12.6659    5.32113      4.539    32.6400    24.6303 0.0000e+00
 208.500029      4.344  38.202982    12.6798    5.30617      4.308    32.6526    24.6374 0.0000e+00
 208.500035      4.116  38.215081    12.6848    5.31698      4.082    32.6598    24.6420 0.0000e+00
 208.500041      3.896  38.217317    12.6859    5.33015      3.863    32.6611    24.6428 0.0000e+00
 208.500046      3.686  38.216056    12.6875    5.33658      3.655    32.6586    24.6405 0.0000e+00
 208.500052      3.486  38.218611    12.6964    5.35208      3.457    32.6534    24.6348 0.0000e+00
 208.500058      3.293  38.229528    12.7211    5.34729      3.265    32.6425    24.6215 0.0000e+00
 208.500064      3.107  38.257210    12.7594    5.35065      3.081    32.6357    24.6089 0.0000e+00
 208.500069      2.932  38.298194    12.8012    5.34819      2.908    32.6386    24.6030 0.0000e+00
 208.500075      2.772  38.337029    12.8432    5.33261      2.749    32.6392    24.5952 0.0000e+00
 208.500081      2.623  38.373349    12.8779    5.33137      2.601    32.6437    24.5920 0.0000e+00
 208.500087      2.486  38.403994    12.8958    5.32219      2.465    32.6573    24.5990 0.0000e+00
 208.500093      2.359  38.418802    12.9002    5.33317      2.339    32.6676    24.6061 -9.990e-29
 208.500098      2.245  38.422395    12.8993    5.33366      2.226    32.6718    24.6096 -9.990e-29
 208.500104      2.139  38.424071    12.8989    5.32411      2.121    32.6738    24.6112 -9.990e-29
 208.500110      2.039  38.426644    12.9030    5.32041      2.022    32.6727    24.6095 -9.990e-29
 208.500116      1.944  38.431877    12.9115    5.32133      1.928    32.6704    24.6061 -9.990e-29
 208.500122      1.851  38.440033    12.9212    5.31613      1.836    32.6698    24.6037 -9.990e-29
 208.500127      1.767  38.448540    12.9282    5.31283      1.752    32.6718    24.6039 -9.990e-29
 208.500133      1.696  38.454738    12.9296    5.31147      1.682    32.6765    24.6072 -9.990e-29
 208.500139      1.633  38.456250    12.9272    5.31536      1.619    32.6800    24.6104 -9.990e-29
 208.500145      1.574  38.454550    12.9245    5.31989      1.561    32.6808    24.6115 -9.990e-29
 208.500150      1.519  38.451875    12.9227    5.32355      1.506    32.6798    24.6112 -9.990e-29
 208.500156      1.475  38.449725    12.9213    5.31206      1.463    32.6790    24.6108 -9.990e-29
 208.500162      1.441  38.449176    12.9199    5.30399      1.429    32.6797    24.6116 -9.990e-29
 208.500168      1.416  38.448392    12.9191    5.30222      1.404    32.6797    24.6117 -9.990e-29
 208.500174      1.395  38.448029    12.9184    5.30595      1.383    32.6799    24.6121 -9.990e-29
 208.500179      1.370  38.448181    12.9156    5.31428      1.359    32.6825    24.6146 -9.990e-29
 208.500185      1.346  38.447382    12.9133    5.31360      1.335    32.6837    24.6160 -9.990e-29
 208.500191      1.325  38.447390    12.9161    5.30729      1.314    32.6813    24.6136 -9.990e-29
 208.500197      1.306  38.450474    12.9220    5.30217      1.295    32.6792    24.6108 -9.990e-29
 208.500203      1.287  38.455153    12.9241    5.29888      1.276    32.6818    24.6124 -9.990e-29
 208.500208      1.271  38.455343    12.9192    5.30436      1.260    32.6862    24.6168 -9.990e-29
 208.500214      1.262  38.449071    12.9121    5.31634      1.251    32.6864    24.6183 -9.990e-29
 208.500220      1.256  38.442580    12.9104    5.31257      1.246    32.6817    24.6150 -9.990e-29
 208.500226      1.250  38.442376    12.9151    5.30765      1.240    32.6775    24.6108 -9.990e-29
 208.500231      1.250  38.447641    12.9199    5.30729      1.240    32.6783    24.6105 -9.990e-29
 208.500237      1.251  38.449144    12.9201    5.31005      1.241    32.6796    24.6115 -9.990e-29
 208.500243      1.249  38.443860    12.9169    5.31340      1.239    32.6773    24.6104 -9.990e-29
 208.500249      1.244  38.439528    12.9124    5.30548      1.234    32.6771    24.6111 -9.990e-29
 208.500255      1.235  38.438797    12.9085    5.29840      1.225    32.6798    24.6139 -9.990e-29
 208.500260      1.222  38.439200    12.9067    5.29442      1.212    32.6818    24.6158 -9.990e-29
 208.500266      1.204  38.439596    12.9066    5.30242      1.194    32.6822    24.6162 -9.990e-29
 208.500272      1.185  38.440138    12.9066    5.30496      1.175    32.6827    24.6166 -9.990e-29
 208.500278      1.166  38.440988    12.9054    5.31094      1.156    32.6846    24.6182 -9.990e-29
 208.500284      1.143  38.441036    12.9036    5.30823      1.133    32.6862    24.6198 -9.990e-29
 208.500289      1.115  38.440347    12.9022    5.31699      1.106    32.6868    24.6205 -9.990e-29
 208.500295      1.088  38.439124    12.9010    5.31652      1.079    32.6867    24.6207 -9.990e-29
 208.500301      1.064  38.437418    12.9000    5.31384      1.055    32.6859    24.6203 -9.990e-29
 208.500307      1.042  38.436320    12.8994    5.32337      1.033    32.6854    24.6200 -9.990e-29
 208.500313      1.022  38.436049    12.8993    5.31272      1.013    32.6852    24.6199 -9.990e-29
 208.500318      1.001  38.436245    12.9006    5.28330      0.993    32.6843    24.6190 -9.990e-29
 208.500324      0.978  38.437729    12.9040    5.27543      0.970    32.6828    24.6171 -9.990e-29
 208.500330      0.951  38.441358    12.9095    5.24208      0.943    32.6815    24.6150 -9.990e-29
 208.500336      0.920  38.446923    12.9172    5.27327      0.912    32.6801    24.6124 -9.990e-29
 208.500341      0.882  38.454551    12.9254    5.31504      0.875    32.6803    24.6110 -9.990e-29
 208.500347      0.834  38.462072    12.9308    6.40078      0.827    32.6827    24.6118 -9.990e-29
 208.500353      0.778  38.464930    12.9316    6.57235      0.772    32.6848    24.6132 -9.990e-29
 208.500359      0.719  38.461890    12.9279    6.71175      0.713    32.6851    24.6142 -9.990e-29
 208.500365      0.657  38.454508    12.9212    6.78595      0.652    32.6839    24.6146 -9.990e-29
 208.500370      0.593  38.440236    12.9141    6.83007      0.588    32.6766    24.6103 -9.990e-29
 208.500376      0.531  38.405094    12.9067    6.85918      0.527    32.6497    24.5910 -9.990e-29
 208.500382      0.472  38.308957    12.8981    6.82985      0.468    32.5662    24.5279 -9.990e-29
 208.500388      0.416  38.035421    12.8898    6.83103      0.413    32.3144    24.3347 -9.990e-29
 208.500394      0.363  37.233235    12.8839    6.86643      0.360    31.5619    23.7533 -9.990e-29
 208.500399      0.312  34.841790    12.8807    6.85248      0.309    29.3211    22.0206 -9.990e-29
 208.500405      0.261  27.675859    12.8802    6.84790      0.259    22.7383    16.9373 -9.990e-29
 208.500411      0.213  16.704256    12.8815    6.83519      0.211    13.0946     9.5062 -9.990e-29
 208.500417      0.169   8.925972    12.8834    6.85402      0.168     6.6502     4.5408 -9.990e-29
 208.500422      0.130   5.961331    12.8858    6.86775      0.129     4.3131     2.7368 -9.990e-29
 208.500428      0.094   4.883514    12.8894    6.85556      0.093     3.4855     2.0968 -9.990e-29
 208.500434      0.063   4.344455    12.8931    6.82972      0.062     3.0768     1.7803 -9.990e-29
 208.500440      0.035   3.977437    12.8954    6.80271      0.035     2.8009     1.5665 -9.990e-29
 208.500446      0.003   3.796409    12.8964    6.80101      0.003     2.6655     1.4616 -9.990e-29
