data/oxygen options/ONMS/Olympic_Coast_National_Marine_Sanctuary_Hypoxia_Survey_CTD_Data_2004_2015/raw_data/2004/CTD_CE30_061604faed.cnv
* Sea-Bird SBE19 Data File:
* FileName = C:\WINDOWS\Desktop\put hypoxia files here\CTD files\CE\CE30m061604.hex
* Software Version 1.1.4
* Temperature SN = 2997
* Conductivity SN = 2997
* System UpLoad Time = Jun 16 2004 11:24:51
** Cape Elizabeth hypoxia June 16, 2004 30m CE-3
* SEACAT PROFILER V3.1c SN 2997   06/16/04  11:28:54.800
# nquan = 9                                 
# nvalues = 637                         
# units = specified
# name 0 = timeJ: Julian Days
# name 1 = prSM: Pressure, Strain Gauge [db]
# name 2 = c0mS/cm: Conductivity [mS/cm]
# name 3 = t090C: Temperature [ITS-90, deg C]
# name 4 = oxML/L: Oxygen, Beckman/YSI [ml/l]
# name 5 = depSM: Depth [salt water, m], lat = 47.5
# name 6 = sal00: Salinity, Practical [PSU]
# name 7 = sigma-é00: Density [sigma-theta, kg/m^3]
# name 8 = flag: flag
# span 0 = 168.382512, 168.386192       
# span 1 =     -5.216,     28.091       
# span 2 =   0.481024,  36.362333       
# span 3 =     8.2984,    14.6990       
# span 4 =  -12.07670,   30.30704       
# span 5 =     -5.173,     27.855       
# span 6 =     0.2987,    33.0357       
# span 7 =    -0.5076,    25.6742       
# span 8 = 0.0000e+00, 0.0000e+00       
# interval = seconds: 0.5
# start_time = Jun 16 2004 09:10:49 [Instrument's time stamp, header]
# bad_flag = -9.990e-29
*END*
[from data line 481]
 168.385295     21.822  34.663509     8.3428    2.79154     21.639    33.0059    25.6577 0.0000e+00
 168.385301     22.118  34.656441     8.3292    2.77562     21.932    33.0110    25.6638 0.0000e+00
 168.385307     22.418  34.651724     8.3194    2.76246     22.230    33.0151    25.6684 0.0000e+00
 168.385313     22.724  34.648642     8.3124    2.74088     22.533    33.0183    25.6720 0.0000e+00
 168.385318     23.034  34.646052     8.3076    2.73059     22.840    33.0199    25.6740 0.0000e+00
 168.385324     23.341  34.643850     8.3051    2.72390     23.145    33.0198    25.6742 0.0000e+00
 168.385330     23.640  34.642101     8.3040    2.71263     23.441    33.0188    25.6737 0.0000e+00
 168.385336     23.928  34.640736     8.3033    2.71780     23.727    33.0179    25.6730 0.0000e+00
 168.385341     24.210  34.639269     8.3022    2.71119     24.007    33.0172    25.6727 0.0000e+00
 168.385347     24.492  34.637455     8.3008    2.70936     24.286    33.0165    25.6723 0.0000e+00
 168.385353     24.775  34.635707     8.2996    2.70957     24.567    33.0156    25.6718 0.0000e+00
 168.385359     25.059  34.634525     8.2988    2.69559     24.848    33.0150    25.6715 0.0000e+00
 168.385365     25.349  34.634041     8.2985    2.69830     25.136    33.0146    25.6712 0.0000e+00
 168.385370     25.648  34.634201     8.2987    2.69274     25.432    33.0145    25.6711 0.0000e+00
 168.385376     25.947  34.634122     8.2987    2.68661     25.729    33.0143    25.6709 0.0000e+00
 168.385382     26.245  34.633168     8.2984    2.67308     26.024    33.0134    25.6703 0.0000e+00
 168.385388     26.539  34.632334     8.2990    2.66009     26.316    33.0118    25.6690 0.0000e+00
 168.385394     26.818  34.632778     8.3009    2.65324     26.592    33.0104    25.6676 0.0000e+00
 168.385399     27.066  34.634559     8.3037    2.65436     26.838    33.0095    25.6665 0.0000e+00
 168.385405     27.276  34.636713     8.3075    2.65194     27.047    33.0081    25.6648 0.0000e+00
 168.385411     27.454  34.638778     8.3110    2.64479     27.223    33.0069    25.6634 0.0000e+00
 168.385417     27.601  34.640734     8.3133    2.64247     27.369    33.0068    25.6629 -9.990e-29
 168.385422     27.724  34.641853     8.3147    2.64142     27.491    33.0066    25.6626 -9.990e-29
 168.385428     27.826  34.641972     8.3151    2.64332     27.592    33.0063    25.6623 -9.990e-29
 168.385434     27.910  34.641280     8.3151    2.63535     27.675    33.0055    25.6617 -9.990e-29
 168.385440     27.979  34.640566     8.3159    2.63833     27.744    33.0040    25.6603 -9.990e-29
 168.385446     28.035  34.641151     8.3179    2.62911     27.799    33.0027    25.6590 -9.990e-29
 168.385451     28.072  34.642720     8.3199    2.62491     27.836    33.0025    25.6585 -9.990e-29
 168.385457     28.089  34.644030     8.3209    2.63144     27.853    33.0029    25.6587 -9.990e-29
 168.385463     28.091  34.644053     8.3210    2.61960     27.855    33.0028    25.6587 -9.990e-29
 168.385469     28.078  34.642851     8.3215    2.61718     27.842    33.0011    25.6572 -9.990e-29
 168.385475     28.045  34.641654     8.3226    2.62016     27.809    32.9988    25.6553 -9.990e-29
 168.385480     27.994  34.641137     8.3238    2.61630     27.758    32.9972    25.6538 -9.990e-29
 168.385486     27.927  34.641200     8.3246    2.61614     27.692    32.9965    25.6532 -9.990e-29
 168.385492     27.838  34.641394     8.3248    2.61000     27.604    32.9966    25.6532 -9.990e-29
 168.385498     27.723  34.641446     8.3246    2.60202     27.490    32.9969    25.6535 -9.990e-29
 168.385503     27.569  34.641456     8.3230    2.59773     27.337    32.9985    25.6549 0.0000e+00
 168.385509     27.367  34.640906     8.3201    2.60136     27.137    33.0007    25.6571 0.0000e+00
 168.385515     27.121  34.639090     8.3169    2.60651     26.893    33.0019    25.6585 0.0000e+00
 168.385521     26.837  34.636421     8.3134    2.60395     26.611    33.0025    25.6595 0.0000e+00
 168.385527     26.514  34.633855     8.3101    2.59903     26.291    33.0030    25.6604 0.0000e+00
 168.385532     26.148  34.631923     8.3069    2.60461     25.928    33.0041    25.6618 0.0000e+00
 168.385538     25.735  34.629201     8.3035    2.61545     25.519    33.0046    25.6627 0.0000e+00
 168.385544     25.272  34.624893     8.3014    2.62325     25.060    33.0023    25.6611 0.0000e+00
 168.385550     24.773  34.621694     8.3011    2.62507     24.565    32.9994    25.6589 0.0000e+00
 168.385556     24.255  34.620416     8.3011    2.61946     24.051    32.9983    25.6580 0.0000e+00
 168.385561     23.721  34.619384     8.3010    2.61682     23.522    32.9975    25.6574 0.0000e+00
 168.385567     23.174  34.618378     8.3019    2.62554     22.979    32.9959    25.6560 0.0000e+00
 168.385573     22.616  34.618330     8.3049    2.64251     22.426    32.9933    25.6535 0.0000e+00
 168.385579     22.055  34.619206     8.3104    2.62611     21.870    32.9893    25.6495 0.0000e+00
 168.385584     21.480  34.619964     8.3191    2.58976     21.300    32.9822    25.6427 0.0000e+00
 168.385590     20.874  34.619964     8.3296    2.59415     20.699    32.9726    25.6336 0.0000e+00
 168.385596     20.239  34.618115     8.3390    2.60497     20.069    32.9622    25.6240 0.0000e+00
 168.385602     19.591  34.614790     8.3471    2.68279     19.427    32.9514    25.6143 0.0000e+00
 168.385608     18.941  34.612878     8.3566    2.82478     18.782    32.9407    25.6045 0.0000e+00
 168.385613     18.294  34.614347     8.3749    2.95441     18.141    32.9255    25.5898 0.0000e+00
 168.385619     17.652  34.620628     8.4263    3.06179     17.504    32.8843    25.5499 0.0000e+00
 168.385625     17.016  34.638449     8.5756    3.09756     16.873    32.7644    25.4334 0.0000e+00
 168.385631     16.386  34.691602     8.8963    3.09708     16.249    32.5246    25.1965 0.0000e+00
 168.385637     15.755  34.834170     9.3237    3.03429     15.623    32.2836    24.9412 0.0000e+00
 168.385642     15.114  35.053900     9.6828    3.04274     14.987    32.1861    24.8076 0.0000e+00
 168.385648     14.459  35.241867     9.8967    3.13079     14.338    32.1863    24.7729 0.0000e+00
 168.385654     13.805  35.349977     9.9818    3.32430     13.689    32.2203    24.7854 0.0000e+00
 168.385660     13.163  35.389031     9.9918    3.63392     13.053    32.2512    24.8078 0.0000e+00
 168.385666     12.533  35.385371    10.0323    3.94697     12.428    32.2116    24.7703 0.0000e+00
 168.385671     11.915  35.399759    10.2356    4.18552     11.815    32.0460    24.6073 0.0000e+00
 168.385677     11.303  35.486162    10.6785    4.41358     11.208    31.7446    24.2974 0.0000e+00
 168.385683     10.693  35.644304    11.3951    4.64051     10.603    31.2859    23.8156 0.0000e+00
 168.385689     10.080  35.822683    12.2894    4.89366      9.996    30.7132    23.2089 0.0000e+00
 168.385694      9.464  35.980552    13.0555    5.19145      9.385    30.2433    22.7005 0.0000e+00
 168.385700      8.849  36.090242    13.5166    5.44209      8.775    29.9808    22.4081 0.0000e+00
 168.385706      8.238  36.145127    13.7306    5.60061      8.169    29.8643    22.2760 0.0000e+00
 168.385712      7.639  36.165289    13.8236    5.70444      7.575    29.8107    22.2161 0.0000e+00
 168.385718      7.063  36.169300    13.9462    5.74615      7.004    29.7196    22.1215 0.0000e+00
 168.385723      6.509  36.165925    14.1565    5.77991      6.455    29.5551    21.9524 0.0000e+00
 168.385729      5.979  36.157982    14.3469    5.78501      5.929    29.4030    21.7966 0.0000e+00
 168.385735      5.471  36.148944    14.4389    5.76961      5.425    29.3253    21.7180 0.0000e+00
 168.385741      4.989  36.138616    14.4715    5.76001      4.947    29.2916    21.6854 0.0000e+00
 168.385747      4.536  36.128441    14.4788    5.75208      4.498    29.2771    21.6727 0.0000e+00
 168.385752      4.117  36.122276    14.4657    5.73721      4.083    29.2815    21.6788 0.0000e+00
 168.385758      3.735  36.127077    14.4468    5.70671      3.704    29.3003    21.6971 0.0000e+00
 168.385764      3.393  36.141428    14.4476    5.68711      3.365    29.3127    21.7065 0.0000e+00
 168.385770      3.089  36.145237    14.4720    5.66099      3.063    29.2978    21.6900 0.0000e+00
 168.385775      2.822  36.128470    14.5044    5.67135      2.798    29.2584    21.6530 0.0000e+00
 168.385781      2.592  36.101324    14.5255    5.64541      2.570    29.2182    21.6177 0.0000e+00
 168.385787      2.393  36.076991    14.5246    5.60522      2.373    29.1971    21.6017 0.0000e+00
 168.385793      2.216  36.066801    14.5145    5.52587      2.197    29.1956    21.6026 0.0000e+00
 168.385799      2.058  36.069539    14.5166    5.43017      2.041    29.1965    21.6029 0.0000e+00
 168.385804      1.915  36.072063    14.5309    5.37217      1.899    29.1881    21.5934 0.0000e+00
 168.385810      1.781  36.068233    14.5426    5.33586      1.766    29.1759    21.5817 0.0000e+00
 168.385816      1.655  36.059142    14.5380    6.22545      1.641    29.1712    21.5790 -9.990e-29
 168.385822      1.536  36.044477    14.5096    6.29242      1.523    29.1794    21.5911 -9.990e-29
 168.385828      1.418  36.018738    14.4634    6.35891      1.406    29.1911    21.6095 -9.990e-29
 168.385833      1.304  35.984088    14.4119    6.40970      1.293    29.1987    21.6259 -9.990e-29
 168.385839      1.194  35.948743    14.3563    6.44923      1.184    29.2088    21.6449 -9.990e-29
 168.385845      1.090  35.897558    14.2885    6.46236      1.081    29.2138    21.6625 -9.990e-29
 168.385851      0.990  35.786424    14.2145    6.47373      0.982    29.1692    21.6431 -9.990e-29
 168.385856      0.892  35.505313    14.1534    6.47098      0.885    28.9609    21.4949 -9.990e-29
 168.385862      0.802  34.718681    14.1082    6.43347      0.795    28.2833    20.9818 -9.990e-29
 168.385868      0.723  32.419198    14.0701    6.43713      0.717    26.2431    19.4180 -9.990e-29
 168.385874      0.646  25.662020    14.0409    6.42433      0.641    20.3025    14.8544 -9.990e-29
 168.385880      0.567  15.435688    14.0250    6.42147      0.562    11.6653     8.2244 -9.990e-29
 168.385885      0.492   8.173169    14.0185    6.42255      0.488     5.8733     3.7761 -9.990e-29
 168.385891      0.425   5.126962    14.0149    6.43760      0.421     3.5655     2.0004 -9.990e-29
 168.385897      0.363   3.653911    14.0113    6.45219      0.360     2.4865     1.1691 -9.990e-29
 168.385903      0.306   2.882623    14.0073    6.46287      0.303     1.9341     0.7432 -9.990e-29
 168.385909      0.258   2.489043    14.0030    6.47354      0.256     1.6563     0.5291 -9.990e-29
 168.385914      0.222   2.344133    13.9984    6.48986      0.220     1.5548     0.4514 -9.990e-29
 168.385920      0.189   2.469190    13.9933    6.49751      0.187     1.6427     0.5201 -9.990e-29
 168.385926      0.159   2.831418    13.9865    6.51396      0.158     1.8988     0.7189 -9.990e-29
 168.385932      0.138   3.275725    13.9787    6.51455      0.137     2.2162     0.9652 -9.990e-29
 168.385938      0.124   3.695747    13.9725    6.50938      0.123     2.5193     1.2000 -9.990e-29
 168.385943      0.109   3.925323    13.9688    6.50495      0.108     2.6861     1.3292 -9.990e-29
 168.385949      0.090   3.811233    13.9672   -3.71823      0.089     2.6033     1.2656 -9.990e-29
 168.385955      0.076   3.421012    13.9666  -10.98408      0.075     2.3213     1.0480 -9.990e-29
 168.385961      0.066   2.961687    13.9659  -12.07670      0.065     1.9924     0.7942 -9.990e-29
 168.385966      0.054   2.576943    13.9648   -9.11314      0.054     1.7198     0.5837 -9.990e-29
 168.385972      0.040   2.296853    13.9637   -2.06358      0.040     1.5231     0.4318 -9.990e-29
 168.385978      0.024   2.108103    13.9634   -0.21946      0.024     1.3914     0.3300 -9.990e-29
 168.385984      0.012   1.979086    13.9643   -0.12374      0.012     1.3018     0.2606 -9.990e-29
 168.385990      0.012   1.865027    13.9651   -0.07849      0.012     1.2230     0.1995 -9.990e-29
 168.385995      0.021   1.742200    13.9637   -0.05988      0.021     1.1384     0.1343 -9.990e-29
 168.386001      0.033   1.628516    13.9603   -0.05456      0.033     1.0606     0.0745 -9.990e-29
 168.386007      0.047   1.546294    13.9560   -0.05456      0.047     1.0046     0.0317 -9.990e-29
 168.386013      0.054   1.492597    13.9515   -0.05457      0.054     0.9681     0.0041 -9.990e-29
 168.386019      0.054   1.449214    13.9475   -0.05456      0.054     0.9387    -0.0181 -9.990e-29
 168.386024      0.053   1.398297    13.9442   -0.05455      0.053     0.9042    -0.0443 -9.990e-29
 168.386030      0.045   1.331898    13.9412   -0.05455      0.045     0.8594    -0.0787 -9.990e-29
 168.386036      0.030   1.263112    13.9382   -0.05456      0.030     0.8130    -0.1141 -9.990e-29
 168.386042      0.015   1.210766    13.9359   -0.05451      0.015     0.7779    -0.1411 -9.990e-29
 168.386047      0.005   1.187829    13.9360   -0.05439      0.005     0.7624    -0.1530 -9.990e-29
 168.386053     -0.002   1.187046    13.9389   -0.05438     -0.002     0.7619    -0.1539 -9.990e-29
 168.386059     -0.006   1.176269    13.9425   -0.05436     -0.006     0.7546    -0.1601 -9.990e-29
 168.386065     -0.008   1.145573    13.9452   -0.05437     -0.008     0.7339    -0.1764 -9.990e-29
 168.386071     -0.007   1.112905    13.9470   -0.05441     -0.007     0.7121    -0.1936 -9.990e-29
 168.386076     -0.003   1.094695    13.9481   -0.05444     -0.003     0.6999    -0.2032 -9.990e-29
 168.386082      0.004   1.099432    13.9488   -0.05447      0.004     0.7030    -0.2009 -9.990e-29
 168.386088      0.009   1.120101    13.9491   -0.05451      0.009     0.7168    -0.1902 -9.990e-29
 168.386094      0.010   1.146492    13.9479   -0.05452      0.010     0.7345    -0.1764 -9.990e-29
 168.386100      0.010   1.222127    13.9452   -0.05454      0.010     0.7853    -0.1366 -9.990e-29
 168.386105      0.010   1.418411    13.9422   -0.05454      0.010     0.9179    -0.0334 -9.990e-29
 168.386111      0.004   1.674307    13.9396   -0.05453      0.004     1.0925     0.1021 -9.990e-29
 168.386117     -0.002   1.851585    13.9370   -0.05454     -0.002     1.2146     0.1969 -9.990e-29
 168.386123     -0.005   1.921050    13.9348   -0.05456     -0.005     1.2626     0.2344 -9.990e-29
 168.386128     -0.006   1.904755    13.9332   -0.05457     -0.006     1.2514     0.2260 -9.990e-29
 168.386134     -0.008   1.821536    13.9320   -0.05457     -0.008     1.1940     0.1817 -9.990e-29
 168.386140     -0.016   1.708784    13.9311 -9.990e-29     -0.016     1.1164     0.1218 -9.990e-29
 168.386146     -0.027   1.588958    13.9305 -9.990e-29     -0.027     1.0344     0.0584 -9.990e-29
 168.386152     -0.036   1.476180    13.9300 -9.990e-29     -0.036     0.9575    -0.0011 -9.990e-29
 168.386157     -0.045   1.389520    13.9296 -9.990e-29     -0.045     0.8986    -0.0466 -9.990e-29
 168.386163     -0.053   1.338421    13.9292 -9.990e-29     -0.053     0.8641    -0.0734 -9.990e-29
 168.386169     -0.061   1.318631    13.9289 -9.990e-29     -0.060     0.8507    -0.0837 -9.990e-29
 168.386175     -0.071   1.308208    13.9288 -9.990e-29     -0.070     0.8436    -0.0891 -9.990e-29
 168.386181     -0.082   1.281588    13.9291 -9.990e-29     -0.081     0.8257    -0.1031 -9.990e-29
 168.386186     -0.090   1.238830    13.9294 -9.990e-29     -0.089     0.7969    -0.1254 -9.990e-29
 168.386192     -0.093   1.200686 -9.990e-29 -9.990e-29     -0.092 -9.990e-29 -9.990e-29 -9.990e-29
