data/oxygen options/ONMS/Olympic_Coast_National_Marine_Sanctuary_Hypoxia_Survey_CTD_Data_2004_2015/raw_data/2004/CTD_CA100_102104faedb.cnv
* Sea-Bird SBE19 Data File:
* FileName = C:\WINDOWS\Desktop\put hypoxia files here\CTD data\October 21-04\CA\Raw\CA100_102104.hex
* Software Version 1.1.4
* Temperature SN = 2997
* Conductivity SN = 2997
* System UpLoad Time = Oct 21 2004 14:36:05
* SEACAT PROFILER V3.1c SN 2997   10/21/04  14:40:39.423
* strain gauge pressure sensor: S/N = 184829,  range = 3000 psia,  tc = 40
# nquan = 9
# nvalues = 97                          
# units = specified
# name 0 = timeJ: Julian Days
# name 1 = prSM: Pressure, Strain Gauge [db]
# name 2 = c0mS/cm: Conductivity [mS/cm]
# name 3 = t090C: Temperature [ITS-90, deg C]
# name 4 = oxML/L: Oxygen, Beckman/YSI [ml/l]
# name 5 = depSM: Depth [salt water, m], lat = 47.5
# name 6 = sal00: Salinity, Practical [PSU]
# name 7 = sigma-é00: Density [sigma-theta, kg/m^3]
# name 8 = flag: flag
# span 0 = 295.560740, 295.562024       
# span 1 =      2.000,     98.000       
# span 2 =  34.605891,  37.520905       
# span 3 =     7.8091,    13.0925       
# span 4 =    2.96818,    6.22675       
# span 5 =      1.983,     97.159       
# span 6 =    31.3569,    33.4273       
# span 7 =    23.5654,    26.0668       
# span 8 = 0.0000e+00, 0.0000e+00       
# interval = decibars: 1                
# start_time = Oct 21 2004 13:23:47 [Instrument's time stamp, header]
# bad_flag = -9.990e-29
*END*
 295.560740      2.000  37.149548    13.0352    6.21798      1.983    31.3569    23.5654 0.0000e+00
 295.560758      3.000  37.157611    13.0306    6.22675      2.975    31.3679    23.5748 0.0000e+00
 295.560771      4.000  37.250555    13.0565    6.19991      3.966    31.4333    23.6204 0.0000e+00
 295.560782      5.000  37.391628    13.0836    6.16767      4.958    31.5428    23.6998 0.0000e+00
 295.560793      6.000  37.469138    13.0925    6.15270      5.950    31.6077    23.7484 0.0000e+00
 295.560803      7.000  37.493680    13.0917    6.15182      6.942    31.6310    23.7666 0.0000e+00
 295.560814      8.000  37.511182    13.0890    6.16445      7.933    31.6493    23.7813 0.0000e+00
 295.560824      9.000  37.520905    13.0810    6.17884      8.925    31.6647    23.7948 0.0000e+00
 295.560835     10.000  37.519250    13.0645    6.14886      9.916    31.6765    23.8072 0.0000e+00
 295.560846     11.000  37.499496    13.0162    6.09200     10.908    31.6979    23.8332 0.0000e+00
 295.560856     12.000  37.442491    12.9079    6.04546     11.900    31.7345    23.8825 0.0000e+00
 295.560867     13.000  37.330295    12.7412    6.01592     12.891    31.7682    23.9409 0.0000e+00
 295.560877     14.000  37.203926    12.5506    6.00745     13.883    31.8087    24.0086 0.0000e+00
 295.560887     15.000  37.087943    12.3630    6.02055     14.874    31.8567    24.0814 0.0000e+00
 295.560898     16.000  36.982709    12.2071    6.04492     15.866    31.8882    24.1351 0.0000e+00
 295.560911     17.000  36.885575    12.1096    6.07983     16.858    31.8776    24.1451 0.0000e+00
 295.560925     18.000  36.841217    12.0821    6.08669     17.849    31.8581    24.1352 0.0000e+00
 295.560939     19.000  36.844111    12.0839    6.00349     18.840    31.8589    24.1355 0.0000e+00
 295.560951     20.000  36.861028    12.0665    5.89170     19.832    31.8896    24.1625 0.0000e+00
 295.560962     21.000  36.854511    11.9629    5.84109     20.824    31.9716    24.2454 0.0000e+00
 295.560973     22.000  36.805913    11.8564    5.84044     21.815    32.0157    24.2992 0.0000e+00
 295.560985     23.000  36.772783    11.8071    5.87853     22.807    32.0257    24.3161 0.0000e+00
 295.560997     24.000  36.772739    11.7835    5.94495     23.798    32.0455    24.3358 0.0000e+00
 295.561010     25.000  36.791476    11.7790    6.01460     24.790    32.0671    24.3534 0.0000e+00
 295.561021     26.000  36.810003    11.7756    6.07485     25.781    32.0876    24.3700 0.0000e+00
 295.561032     27.000  36.815764    11.7610    6.13549     26.773    32.1054    24.3865 0.0000e+00
 295.561044     28.000  36.813422    11.7178    6.16530     27.764    32.1400    24.4213 0.0000e+00
 295.561056     29.000  36.780748    11.6385    6.10123     28.756    32.1766    24.4642 0.0000e+00
 295.561068     30.000  36.722156    11.4920    5.89517     29.747    32.2465    24.5450 0.0000e+00
 295.561079     31.000  36.583095    11.2177    5.57811     30.739    32.3497    24.6744 0.0000e+00
 295.561091     32.000  36.377416    10.8556    5.19286     31.730    32.4656    24.8284 0.0000e+00
 295.561102     33.000  36.137811    10.4453    4.76376     32.722    32.5917    24.9974 0.0000e+00
 295.561113     34.000  35.896770    10.0997    4.41145     33.713    32.6591    25.1084 0.0000e+00
 295.561124     35.000  35.744393     9.9027    4.18811     34.705    32.6823    25.1593 0.0000e+00
 295.561137     36.000  35.665190     9.8146    4.05419     35.696    32.6811    25.1729 0.0000e+00
 295.561151     37.000  35.642561     9.7769    4.00223     36.688    32.6918    25.1875 0.0000e+00
 295.561164     38.000  35.600437     9.7149    4.00752     37.679    32.7047    25.2077 0.0000e+00
 295.561178     39.000  35.574918     9.6754    3.98419     38.671    32.7142    25.2216 0.0000e+00
 295.561192     40.000  35.561080     9.6363    3.88657     39.662    32.7351    25.2444 0.0000e+00
 295.561207     41.000  35.496055     9.4542    3.79400     40.654    32.8345    25.3515 0.0000e+00
 295.561221     42.000  35.328235     9.1665    3.78113     41.645    32.9256    25.4685 0.0000e+00
 295.561236     43.000  35.201770     9.0072    3.76348     42.637    32.9412    25.5058 0.0000e+00
 295.561255     44.000  35.185770     9.0078    3.69733     43.628    32.9236    25.4920 0.0000e+00
 295.561269     45.000  35.149098     8.8882    3.67353     44.619    32.9958    25.5672 0.0000e+00
 295.561282     46.000  35.049476     8.6970    3.61463     45.611    33.0694    25.6542 0.0000e+00
 295.561293     47.000  35.002176     8.5980    3.50980     46.602    33.1120    25.7028 0.0000e+00
 295.561304     48.000  34.986306     8.5226    3.40602     47.594    33.1656    25.7563 0.0000e+00
 295.561315     49.000  34.957923     8.4607    3.34400     48.585    33.1934    25.7874 0.0000e+00
 295.561326     50.000  34.921944     8.4202    3.30905     49.576    33.1932    25.7934 0.0000e+00
 295.561339     51.000  34.904826     8.3989    3.27892     50.568    33.1947    25.7978 0.0000e+00
 295.561352     52.000  34.891255     8.3721    3.27598     51.559    33.2051    25.8100 0.0000e+00
 295.561366     53.000  34.866583     8.3486    3.30547     52.551    33.2007    25.8101 0.0000e+00
 295.561382     54.000  34.862925     8.3513    3.30893     53.543    33.1939    25.8044 0.0000e+00
 295.561399     55.000  34.861974     8.3465    3.31874     54.534    33.1969    25.8075 0.0000e+00
 295.561414     56.000  34.846145     8.3181    3.31621     55.525    33.2065    25.8192 0.0000e+00
 295.561427     57.000  34.822294     8.2679    3.31211     56.517    33.2282    25.8437 0.0000e+00
 295.561439     58.000  34.776017     8.1928    3.27730     57.508    33.2497    25.8719 0.0000e+00
 295.561452     59.000  34.729372     8.1079    3.25600     58.499    33.2802    25.9082 0.0000e+00
 295.561466     60.000  34.669214     8.0157    3.25404     59.491    33.3032    25.9399 0.0000e+00
 295.561482     61.000  34.638061     7.9834    3.23113     60.482    33.3003    25.9424 0.0000e+00
 295.561499     62.000  34.637028     7.9108    3.19889     61.473    33.3679    26.0061 0.0000e+00
 295.561515     63.000  34.624375     7.8751    3.14266     62.465    33.3880    26.0270 0.0000e+00
 295.561533     64.000  34.631525     7.8897    3.11102     63.456    33.3813    26.0196 0.0000e+00
 295.561549     65.000  34.617274     7.8333    3.07796     64.447    33.4194    26.0578 0.0000e+00
 295.561563     66.000  34.610077     7.8184    3.05645     65.439    33.4255    26.0648 0.0000e+00
 295.561576     67.000  34.609203     7.8150    3.04793     66.430    33.4273    26.0667 0.0000e+00
 295.561589     68.000  34.608315     7.8137    3.02585     67.422    33.4272    26.0668 0.0000e+00
 295.561603     69.000  34.607777     7.8144    3.03007     68.413    33.4255    26.0654 0.0000e+00
 295.561619     70.000  34.609208     7.8166    3.02160     69.404    33.4244    26.0642 0.0000e+00
 295.561636     71.000  34.607698     7.8150    3.03225     70.395    33.4239    26.0641 0.0000e+00
 295.561654     72.000  34.607706     7.8151    3.01738     71.387    33.4233    26.0636 0.0000e+00
 295.561675     73.000  34.606978     7.8164    3.01256     72.378    33.4208    26.0614 0.0000e+00
 295.561689     74.000  34.606550     7.8155    3.01978     73.369    33.4207    26.0615 0.0000e+00
 295.561702     75.000  34.605891     7.8137    3.01315     74.360    33.4212    26.0622 0.0000e+00
 295.561715     76.000  34.606265     7.8131    3.00809     75.352    33.4217    26.0627 0.0000e+00
 295.561729     77.000  34.606302     7.8124    3.00759     76.343    33.4220    26.0630 0.0000e+00
 295.561744     78.000  34.607102     7.8121    3.00918     77.334    33.4227    26.0636 0.0000e+00
 295.561757     79.000  34.607537     7.8114    3.00669     78.326    33.4233    26.0642 0.0000e+00
 295.561770     80.000  34.607547     7.8107    2.99947     79.317    33.4235    26.0646 0.0000e+00
 295.561781     81.000  34.607561     7.8106    3.00505     80.308    33.4232    26.0642 0.0000e+00
 295.561792     82.000  34.607681     7.8099    3.00042     81.299    33.4236    26.0647 0.0000e+00
 295.561803     83.000  34.608418     7.8099    2.98964     82.291    33.4238    26.0649 0.0000e+00
 295.561815     84.000  34.609170     7.8101    2.99294     83.282    33.4240    26.0650 0.0000e+00
 295.561829     85.000  34.609233     7.8092    2.99066     84.273    33.4244    26.0655 0.0000e+00
 295.561843     86.000  34.609282     7.8096    2.99293     85.264    33.4237    26.0649 0.0000e+00
 295.561860     87.000  34.609929     7.8096    2.98868     86.256    33.4238    26.0650 0.0000e+00
 295.561876     88.000  34.610270     7.8098    2.98355     87.247    33.4235    26.0648 0.0000e+00
 295.561890     89.000  34.609737     7.8091    2.98030     88.238    33.4231    26.0645 0.0000e+00
 295.561902     90.000  34.610749     7.8094    2.97517     89.230    33.4235    26.0649 0.0000e+00
 295.561913     91.000  34.611767     7.8094    2.97907     90.221    33.4242    26.0654 0.0000e+00
 295.561925     92.000  34.612561     7.8096    2.98435     91.212    33.4243    26.0654 0.0000e+00
 295.561938     93.000  34.613035     7.8099    2.97287     92.203    33.4241    26.0652 0.0000e+00
 295.561952     94.000  34.613666     7.8094    2.97843     93.194    33.4248    26.0659 0.0000e+00
 295.561968     95.000  34.614071     7.8098    3.01866     94.186    33.4243    26.0654 0.0000e+00
 295.561987     96.000  34.613914     7.8101    3.02081     95.177    33.4234    26.0647 0.0000e+00
 295.562004     97.000  34.613954     7.8095    3.00034     96.168    33.4235    26.0649 0.0000e+00
 295.562024     98.000  34.614229     7.8105    2.96818     97.159    33.4224    26.0639 0.0000e+00
