data/oxygen options/ONMS/Olympic_Coast_National_Marine_Sanctuary_Hypoxia_Survey_CTD_Data_2004_2015/raw_data/2004/CTD_CE60_061604faed.cnv
* Sea-Bird SBE19 Data File:
* FileName = C:\WINDOWS\Desktop\put hypoxia files here\CTD files\CE\CE60m061604.hex
* Software Version 1.1.4
* Temperature SN = 2997
* Conductivity SN = 2997
* System UpLoad Time = Jun 16 2004 11:31:57
** Cape Elizabeth hypoxia June 16, 2004 60m CE-6
**
# nquan = 9                                 
# nvalues = 734                         
# units = specified
# name 0 = timeJ: Julian Days
# name 1 = prSM: Pressure, Strain Gauge [db]
# name 2 = c0mS/cm: Conductivity [mS/cm]
# name 3 = t090C: Temperature [ITS-90, deg C]
# name 4 = oxML/L: Oxygen, Beckman/YSI [ml/l]
# name 5 = depSM: Depth [salt water, m], lat = 47.5
# name 6 = sal00: Salinity, Practical [PSU]
# name 7 = sigma-é00: Density [sigma-theta, kg/m^3]
# name 8 = flag: flag
# span 0 = 168.426273, 168.430515       
# span 1 =     -5.449,     59.947       
# span 2 =   0.330128,  37.032707       
# span 3 =     7.5299,    15.4056       
# span 4 =  -12.15269,   29.56003       
# span 5 =     -5.404,     59.438       
# span 6 =     0.1979,    33.5432       
# span 7 =    -0.7339,    26.1984       
# span 8 = 0.0000e+00, 0.0000e+00       
# interval = seconds: 0.5
# start_time = Jun 16 2004 10:13:50 [Instrument's time stamp, header]
# bad_flag = -9.990e-29
*END*
 168.426273     -5.449 -9.990e-29    14.9168   -0.05329     -5.404 -9.990e-29 -9.990e-29 -9.990e-29
 168.426279     -5.448   0.336779    14.9166   -0.05329     -5.403     0.2020    -0.7297 -9.990e-29
 168.426285     -5.438   0.336758    14.9166   -0.05330     -5.393     0.2020    -0.7298 -9.990e-29
 168.426291     -5.424   0.336695    14.9158   -0.05329     -5.379     0.2020    -0.7297 -9.990e-29
 168.426296     -5.409   0.336505    14.9148   -0.05327     -5.364     0.2018    -0.7296 -9.990e-29
 168.426302     -5.396   0.336120    14.9153   -0.05325     -5.351     0.2016    -0.7299 -9.990e-29
 168.426308     -5.389   0.335581    14.9170   -0.05326     -5.344     0.2013    -0.7304 -9.990e-29
 168.426314     -5.383   0.334913    14.9173   -0.05329     -5.338     0.2009    -0.7307 -9.990e-29
 168.426319     -5.373   0.334336    14.9155   -0.05332     -5.328     0.2005    -0.7307 -9.990e-29
 168.426325     -5.359   0.333820    14.9131   -0.05333     -5.314     0.2002    -0.7306 -9.990e-29
 168.426331     -5.340   0.332679    14.9107   -0.05332     -5.296     0.1995    -0.7308 -9.990e-29
 168.426337     -5.319   0.331058    14.9102   -0.05331     -5.275     0.1985    -0.7315 -9.990e-29
 168.426343     -5.299   0.330128    14.9146   -0.05330     -5.255     0.1979    -0.7326 -9.990e-29
 168.426348     -5.278   0.330317    14.9226   -0.05328     -5.234     0.1980    -0.7337 -9.990e-29
 168.426354     -5.260   0.331321    14.9267   -0.04622     -5.216     0.1986    -0.7339 -9.990e-29
 168.426360     -5.244   0.333370    14.9209   -0.04456     -5.200     0.1999    -0.7320 -9.990e-29
 168.426366     -5.214   0.338085    14.9081   -0.04416     -5.171     0.2028    -0.7278 -9.990e-29
 168.426372     -5.167   0.348423    14.8964   -0.04409     -5.124     0.2092    -0.7211 -9.990e-29
 168.426377     -5.110   0.366508    14.8918   -0.04406     -5.067     0.2204    -0.7118 -9.990e-29
 168.426383     -5.054   0.400351    14.8948   -0.04416     -5.012     0.2412    -0.6961 -9.990e-29
 168.426389     -5.003   0.487860    14.9031   -0.04445     -4.961     0.2954    -0.6553 -9.990e-29
 168.426395     -4.959   0.747380    14.9190   -0.04470     -4.918     0.4590    -0.5310 -9.990e-29
 168.426400     -4.914   1.526603    14.9597   -0.04482     -4.873     0.9664    -0.1451 -9.990e-29
 168.426406     -4.861   3.863940    15.0560   -0.04487     -4.820     2.5696     1.0753 -9.990e-29
 168.426412     -4.801  10.827534    15.1990   -0.04485     -4.761     7.7142     4.9987 -9.990e-29
 168.426418     -4.736  21.921200    15.3279   -0.04487     -4.697    16.5328    11.7246 -9.990e-29
 168.426424     -4.659  30.574451    15.4012   -0.04488     -4.620    23.7760    17.2580 -9.990e-29
 168.426429     -4.572  34.388870    15.4056   -0.04489     -4.534    27.0720    19.7855 -9.990e-29
 168.426435     -4.476  35.768517    15.3243   -0.04489     -4.439    28.3369    20.7739 -9.990e-29
 168.426441     -4.371  36.180044    15.1670   -0.04484     -4.335    28.8139    21.1736 -9.990e-29
 168.426447     -4.258  36.222641    14.9935   -0.04482     -4.223    28.9796    21.3373 -9.990e-29
 168.426453     -4.142  36.137044    14.8649   -0.04484     -4.107    28.9988    21.3788 -9.990e-29
 168.426458     -4.021  36.060337    14.7952   -0.04486     -3.987    28.9822    21.3804 -9.990e-29
 168.426464     -3.895  36.030979    14.7663   -0.04485     -3.863    28.9774    21.3827 -9.990e-29
 168.426470     -3.770  36.027200    14.7540   -0.04483     -3.739    28.9831    21.3897 -9.990e-29
 168.426476     -3.645  36.023777    14.7464   -0.04483     -3.615    28.9857    21.3932 -9.990e-29
 168.426481     -3.527  36.013354    14.7427   -0.04475     -3.498    28.9791    21.3889 -9.990e-29
 168.426487     -3.419  36.007280    14.7479   -0.04470     -3.390    28.9698    21.3807 -9.990e-29
 168.426493     -3.325  36.014290    14.7653   -0.04467     -3.297    28.9631    21.3719 -9.990e-29
 168.426499     -3.246  36.030844    14.7809   -0.04470     -3.219    28.9662    21.3711 -9.990e-29
 168.426505     -3.181  36.039215    14.7823   -0.04470     -3.154    28.9726    21.3758 -9.990e-29
 168.426510     -3.128  36.029273    14.7784   -0.04462     -3.102    28.9666    21.3720 -9.990e-29
 168.426516     -3.085  36.019183    14.7824   -0.04460     -3.059    28.9547    21.3619 -9.990e-29
 168.426522     -3.060  36.022420    14.7973   -0.04460     -3.034    28.9465    21.3526 -9.990e-29
 168.426528     -3.051  36.029290    14.8255   -0.04464     -3.026    28.9317    21.3353 -9.990e-29
 168.426534     -3.053  36.030462    14.8666   -0.04466     -3.028    28.9023    21.3042 -9.990e-29
 168.426539     -3.066  36.031440    14.9040   -0.04468     -3.040    28.8755    21.2758 -9.990e-29
 168.426545     -3.082  36.040837    14.9222   -0.04470     -3.056    28.8704    21.2682 -9.990e-29
 168.426551     -3.094  36.058305    14.9291   -0.04468     -3.068    28.8808    21.2747 -9.990e-29
 168.426557     -3.098  36.073511    14.9469   -0.04466     -3.072    28.8812    21.2713 -9.990e-29
 168.426562     -3.091  36.075905    14.9776   -0.04463     -3.065    28.8607    21.2491 -9.990e-29
 168.426568     -3.075  36.074299    14.9983   -0.04468     -3.049    28.8440    21.2320 -9.990e-29
 168.426574     -3.055  36.078342    14.9967   -0.04467     -3.030    28.8487    21.2360 -9.990e-29
 168.426580     -3.028  36.086157    14.9800   -0.04464     -3.003    28.8680    21.2543 -9.990e-29
 168.426586     -2.994  36.092478    14.9602   -0.04465     -2.969    28.8882    21.2739 -9.990e-29
 168.426591     -2.955  36.091167    14.9438   -0.04468     -2.930    28.8991    21.2858 -9.990e-29
 168.426597     -2.912  36.086093    14.9361   -0.04468     -2.888    28.9003    21.2883 -9.990e-29
 168.426603     -2.866  36.086201    14.9421   -0.04467     -2.842    28.8960    21.2837 -9.990e-29
 168.426609     -2.824  36.091086    14.9550   -0.04468     -2.800    28.8907    21.2770 -9.990e-29
 168.426615     -2.787  36.096054    14.9600   -0.04470     -2.764    28.8915    21.2765 -9.990e-29
 168.426620     -2.753  36.101018    14.9534   -0.04472     -2.730    28.9007    21.2850 -9.990e-29
 168.426626     -2.720  36.106444    14.9507   -0.04468     -2.697    28.9075    21.2908 -9.990e-29
 168.426632     -2.685  36.116217    14.9567   -0.04466     -2.663    28.9118    21.2928 -9.990e-29
 168.426638     -2.646  36.127116    14.9580   -0.04472     -2.624    28.9205    21.2992 -9.990e-29
 168.426644     -2.605  36.125646    14.9525   -0.04472     -2.583    28.9232    21.3025 -9.990e-29
 168.426649     -2.568  36.112106    14.9477   -0.04473     -2.547    28.9147    21.2970 -9.990e-29
 168.426655     -2.537  36.099860    14.9443   -0.04472     -2.516    28.9063    21.2912 -9.990e-29
 168.426661     -2.510  36.096704    14.9376   -0.04470     -2.489    28.9085    21.2943 -9.990e-29
 168.426667     -2.485  36.097320    14.9269   -0.04470     -2.464    28.9169    21.3030 -9.990e-29
 168.426672     -2.461  36.096377    14.9217   -0.04473     -2.440    28.9199    21.3064 -9.990e-29
 168.426678     -2.440  36.099357    14.9280   -0.04473     -2.420    28.9179    21.3035 -9.990e-29
 168.426684     -2.426  36.108564    14.9308   -0.04473     -2.406    28.9240    21.3076 -9.990e-29
 168.426690     -2.413  36.111611    14.9209   -0.04470     -2.393    28.9341    21.3174 -9.990e-29
 168.426696     -2.396  36.096874    14.9094   -0.04471     -2.376    28.9295    21.3163 -9.990e-29
 168.426701     -2.378  36.076685    14.9036   -0.04470     -2.358    28.9158    21.3069 -9.990e-29
 168.426707     -2.362  36.070117    14.9048   -0.04469     -2.342    28.9091    21.3015 -9.990e-29
 168.426713     -2.343  36.075154    14.9102   -0.04469     -2.323    28.9095    21.3008 -9.990e-29
 168.426719     -2.317  36.079456    14.9094   -0.04470     -2.298    28.9139    21.3043 -9.990e-29
 168.426725     -2.284  36.078121    14.9009   -0.04471     -2.265    28.9190    21.3100 -9.990e-29
 168.426730     -2.252  36.074429    14.8951   -0.04471     -2.233    28.9200    21.3120 -9.990e-29
 168.426736     -2.223  36.076369    14.8990   -0.04470     -2.204    28.9189    21.3103 -9.990e-29
 168.426742     -2.200  36.085416    14.9081   -0.04469     -2.182    28.9202    21.3094 -9.990e-29
 168.426748     -2.185  36.090092    14.9151   -0.04471     -2.167    28.9191    21.3071 -9.990e-29
 168.426753     -2.168  36.084870    14.9204   -0.04472     -2.150    28.9106    21.2994 -9.990e-29
 168.426759     -2.141  36.079066    14.9254   -0.04473     -2.123    28.9017    21.2916 -9.990e-29
 168.426765     -2.105  36.081220    14.9279   -0.04472     -2.087    28.9018    21.2911 -9.990e-29
 168.426771     -2.067  36.085805    14.9261   -0.04470     -2.050    28.9072    21.2956 -9.990e-29
 168.426777     -2.033  36.084931    14.9219   -0.04470     -2.016    28.9095    21.2983 -9.990e-29
 168.426782     -2.005  36.083053    14.9202   -0.04472     -1.988    28.9090    21.2983 -9.990e-29
 168.426788     -1.982  36.086090    14.9219   -0.04474     -1.965    28.9105    21.2991 -9.990e-29
 168.426794     -1.961  36.090815    14.9220   -0.04475     -1.945    28.9146    21.3022 -9.990e-29
 168.426800     -1.942  36.091203    14.9164   -0.04475     -1.926    28.9191    21.3068 -9.990e-29
 168.426806     -1.924  36.087228    14.9084   -0.04474     -1.908    28.9215    21.3103 -9.990e-29
 168.426811     -1.904  36.084255    14.9044   -0.04472     -1.888    28.9218    21.3114 -9.990e-29
 168.426817     -1.883  36.086744    14.9075   -0.04470     -1.867    28.9217    21.3107 -9.990e-29
 168.426823     -1.858  36.092419    14.9127   -0.04471     -1.843    28.9229    21.3105 -9.990e-29
 168.426829     -1.833  36.094839    14.9110   -0.04472     -1.818    28.9263    21.3135 -9.990e-29
 168.426834     -1.810  36.092761    14.9014   15.37436     -1.795    28.9315    21.3195 -9.990e-29
 168.426840     -1.787  36.090157    14.8903   27.66142     -1.772    28.9374    21.3264 -9.990e-29
 168.426846     -1.768  36.088056    14.8832   29.56003     -1.753    28.9408    21.3304 -9.990e-29
 168.426852     -1.751  36.084789    14.8821   26.20515     -1.736    28.9387    21.3291 -9.990e-29
 168.426858     -1.731  36.083299    14.8884   17.42172     -1.717    28.9327    21.3231 -9.990e-29
 168.426863     -1.711  36.087780    14.9007   13.46354     -1.697    28.9276    21.3166 -9.990e-29
 168.426869     -1.694  36.093565    14.9100    9.32505     -1.680    28.9258    21.3134 -9.990e-29
 168.426875     -1.678  36.092683    14.9098    4.94160     -1.664    28.9252    21.3129 -9.990e-29
 168.426881     -1.663  36.083973    14.9008    2.53005     -1.649    28.9241    21.3139 -9.990e-29
 168.426887     -1.648  36.070978    14.8839    1.88209     -1.634    28.9250    21.3182 -9.990e-29
 168.426892     -1.636  36.052085    14.8633    3.37935     -1.622    28.9235    21.3212 -9.990e-29
 168.426898     -1.631  36.027911    14.8476    4.47007     -1.617    28.9136    21.3169 -9.990e-29
 168.426904     -1.627  36.010534    14.8412    4.86695     -1.613    28.9028    21.3099 -9.990e-29
 168.426910     -1.622  36.004830    14.8432    5.12380     -1.608    28.8963    21.3045 -9.990e-29
 168.426916     -1.613  36.006010    14.8527    5.27145     -1.600    28.8903    21.2979 -9.990e-29
 168.426921     -1.601  36.012857    14.8647    5.38943     -1.588    28.8875    21.2933 -9.990e-29
 168.426927     -1.585  36.021614    14.8698    5.48675     -1.572    28.8915    21.2953 -9.990e-29
 168.426933     -1.569  36.026031    14.8670    5.56433     -1.556    28.8975    21.3005 -9.990e-29
 168.426939     -1.554  36.025282    14.8666    5.59399     -1.541    28.8971    21.3003 -9.990e-29
 168.426944     -1.542  36.023431    14.8787    5.59585     -1.529    28.8865    21.2896 -9.990e-29
 168.426950     -1.534  36.029238    14.8974    5.60029     -1.521    28.8779    21.2791 -9.990e-29
 168.426956     -1.530  36.041484    14.9051    5.62529     -1.517    28.8831    21.2815 -9.990e-29
 168.426962     -1.522  36.047915    14.8934    5.66562     -1.509    28.8975    21.2950 -9.990e-29
 168.426968     -1.505  36.040863    14.8740    5.69072     -1.492    28.9055    21.3052 -9.990e-29
 168.426973     -1.482  36.027203    14.8642    5.69910     -1.470    28.9006    21.3035 -9.990e-29
 168.426979     -1.461  36.022377    14.8688    5.68964     -1.449    28.8929    21.2966 -9.990e-29
 168.426985     -1.443  36.032855    14.8846    5.68047     -1.431    28.8905    21.2915 -9.990e-29
 168.426991     -1.428  36.051870    14.9038    5.67892     -1.416    28.8932    21.2896 -9.990e-29
 168.426997     -1.416  36.063667    14.9132    5.67050     -1.404    28.8968    21.2904 -9.990e-29
 168.427002     -1.404  36.063797    14.9078    5.68520     -1.392    28.9009    21.2946 -9.990e-29
 168.427008     -1.394  36.056184    14.9008    5.69440     -1.382    28.8993    21.2949 -9.990e-29
 168.427014     -1.383  36.048070    14.9041    5.70271     -1.371    28.8896    21.2867 -9.990e-29
 168.427020     -1.371  36.049758    14.9139    5.70964     -1.360    28.8839    21.2803 -9.990e-29
 168.427025     -1.358  36.057893    14.9237    5.70847     -1.347    28.8839    21.2782 -9.990e-29
 168.427031     -1.342  36.064821    14.9337    5.69635     -1.331    28.8826    21.2752 -9.990e-29
 168.427037     -1.327  36.070814    14.9513    5.70612     -1.316    28.8750    21.2656 -9.990e-29
 168.427043     -1.317  36.083307    14.9772    5.71360     -1.306    28.8669    21.2541 -9.990e-29
 168.427049     -1.305  36.103819    14.9934    5.71927     -1.294    28.8732    21.2555 -9.990e-29
 168.427054     -1.292  36.115967    14.9908    5.73184     -1.281    28.8859    21.2658 -9.990e-29
 168.427060     -1.286  36.110724    14.9900    5.72665     -1.275    28.8818    21.2629 -9.990e-29
 168.427066     -1.285  36.108020    15.0062    5.71876     -1.274    28.8675    21.2484 -9.990e-29
 168.427072     -1.281  36.124438    15.0328    5.72245     -1.270    28.8624    21.2390 -9.990e-29
 168.427078     -1.270  36.149907    15.0573    5.73183     -1.259    28.8669    21.2374 -9.990e-29
 168.427083     -1.252  36.169046    15.0668    5.74625     -1.242    28.8769    21.2430 -9.990e-29
 168.427089     -1.223  36.174859    15.0629    5.74671     -1.213    28.8849    21.2500 -9.990e-29
 168.427095     -1.193  36.170058    15.0652    5.72719     -1.183    28.8789    21.2449 -9.990e-29
 168.427101     -1.171  36.168992    15.0800    5.70990     -1.161    28.8671    21.2327 -9.990e-29
 168.427106     -1.156  36.180334    15.0915    5.70099     -1.146    28.8686    21.2315 -9.990e-29
 168.427112     -1.143  36.191172    15.0820    5.71638     -1.133    28.8852    21.2463 -9.990e-29
 168.427118     -1.131  36.186805    15.0481    5.73301     -1.122    28.9064    21.2696 -9.990e-29
 168.427124     -1.119  36.162536    15.0138    5.73695     -1.110    28.9102    21.2797 -9.990e-29
 168.427130     -1.106  36.133113    15.0094    5.70832     -1.097    28.8873    21.2630 -9.990e-29
 168.427135     -1.092  36.130519    15.0246    5.69090     -1.083    28.8738    21.2495 -9.990e-29
 168.427141     -1.076  36.148485    15.0255    5.68822     -1.067    28.8890    21.2610 -9.990e-29
 168.427147     -1.057  36.153211    14.9972    5.69550     -1.048    28.9141    21.2862 -9.990e-29
 168.427153     -1.038  36.131382    14.9585    5.69923     -1.029    28.9233    21.3014 -9.990e-29
 168.427159     -1.025  36.098196    14.9375    5.71428     -1.016    28.9094    21.2950 -9.990e-29
 168.427164     -1.020  36.081179    14.9308    5.73118     -1.011    28.8992    21.2886 -9.990e-29
 168.427170     -1.011  36.077264    14.9263    5.74320     -1.003    28.8990    21.2894 -9.990e-29
 168.427176     -1.000  36.073940    14.9287    5.73888     -0.992    28.8943    21.2852 -9.990e-29
 168.427182     -0.989  36.076871    14.9422    5.72723     -0.981    28.8869    21.2768 -9.990e-29
 168.427188     -0.978  36.087726    14.9592    5.71175     -0.970    28.8840    21.2710 -9.990e-29
 168.427193     -0.971  36.100793    14.9674    5.69682     -0.963    28.8896    21.2735 -9.990e-29
