data/oxygen options/ONMS/Olympic_Coast_National_Marine_Sanctuary_Hypoxia_Survey_CTD_Data_2004_2015/raw_data/2004/CTD_CA30_061504faedb.cnv
* Sea-Bird SBE19 Data File:
* FileName = C:\WINDOWS\Desktop\put hypoxia files here\CTD files\CA\CA30m061504.hex
* Software Version 1.1.4
* Temperature SN = 2997
* Conductivity SN = 2997
* System UpLoad Time = Jun 15 2004 12:19:53
** Cape Alava hypoxia CA3 30 m June 15, 2004
* SEACAT PROFILER V3.1c SN 2997   06/15/04  12:17:29.359
# nquan = 9
# nvalues = 32                          
# units = specified
# name 0 = timeJ: Julian Days
# name 1 = prSM: Pressure, Strain Gauge [db]
# name 2 = c0mS/cm: Conductivity [mS/cm]
# name 3 = t090C: Temperature [ITS-90, deg C]
# name 4 = oxML/L: Oxygen, Beckman/YSI [ml/l]
# name 5 = depSM: Depth [salt water, m], lat = 47.5
# name 6 = sal00: Salinity, Practical [PSU]
# name 7 = sigma-é00: Density [sigma-theta, kg/m^3]
# name 8 = flag: flag
# span 0 = 167.474688, 167.475458       
# span 1 =      2.000,     33.000       
# span 2 =  34.718609,  37.350578       
# span 3 =     8.5211,    13.2437       
# span 4 =    3.58851,    5.77997       
# span 5 =      1.983,     32.722       
# span 6 =    31.3708,    32.9056       
# span 7 =    23.5371,    25.5516       
# span 8 = 0.0000e+00, 0.0000e+00       
# interval = decibars: 1                
# start_time = Jun 15 2004 11:20:33 [Instrument's time stamp, header]
# bad_flag = -9.990e-29
*END*
 167.474688      2.000  37.350578    13.2437    5.77997      1.983    31.3729    23.5371 0.0000e+00
 167.474714      3.000  37.262595    13.1461    5.73178      2.975    31.3708    23.5546 0.0000e+00
 167.474732      4.000  37.234880    13.1049    5.66476      3.967    31.3785    23.5686 0.0000e+00
 167.474747      5.000  37.212201    13.0742    5.60230      4.958    31.3822    23.5775 0.0000e+00
 167.474762      6.000  37.202066    13.0508    5.55341      5.950    31.3917    23.5894 0.0000e+00
 167.474776      7.000  37.183991    12.9867    5.50683      6.942    31.4274    23.6295 0.0000e+00
 167.474790      8.000  37.149010    12.9111    5.51416      7.933    31.4569    23.6670 0.0000e+00
 167.474806      9.000  37.107049    12.8540    5.49691      8.925    31.4644    23.6839 0.0000e+00
 167.474824     10.000  37.104110    12.8448    5.47495      9.916    31.4690    23.6892 0.0000e+00
 167.474845     11.000  37.046315    12.7169    5.47858     10.908    31.5206    23.7538 0.0000e+00
 167.474864     12.000  36.988656    12.5904    5.39403     11.899    31.5715    23.8173 0.0000e+00
 167.474882     13.000  36.919220    12.4266    5.35378     12.891    31.6427    23.9035 0.0000e+00
 167.474900     14.000  36.841615    12.2914    5.24076     13.883    31.6823    23.9597 0.0000e+00
 167.474917     15.000  36.792231    12.1559    5.17206     14.874    31.7494    24.0370 0.0000e+00
 167.474934     16.000  36.672678    11.8900    5.20615     15.865    31.8605    24.1725 0.0000e+00
 167.474949     17.000  36.564883    11.7112    5.17545     16.857    31.9090    24.2429 0.0000e+00
 167.474964     18.000  36.464396    11.4493    4.77395     17.849    32.0369    24.3896 0.0000e+00
 167.474981     19.000  36.233094    10.8712    4.25290     18.840    32.3142    24.7076 0.0000e+00
 167.474996     20.000  35.718335     9.7750    4.05518     19.832    32.7781    25.2548 0.0000e+00
 167.475013     21.000  35.189766     9.1302    3.97297     20.824    32.8250    25.3950 0.0000e+00
 167.475040     22.000  35.113124     9.1081    3.86725     21.815    32.7655    25.3522 0.0000e+00
 167.475076     23.000  35.005129     8.9415    3.85184     22.807    32.8064    25.4103 0.0000e+00
 167.475118     24.000  34.974552     8.8979    3.80679     23.798    32.8144    25.4232 0.0000e+00
 167.475151     25.000  34.937626     8.8455    3.77105     24.790    32.8239    25.4388 0.0000e+00
 167.475190     26.000  34.872559     8.7065    3.69343     25.781    32.8844    25.5075 0.0000e+00
 167.475236     27.000  34.781267     8.5815    3.63934     26.773    32.9044    25.5422 0.0000e+00
 167.475271     28.000  34.734312     8.5267    3.61993     27.765    32.9056    25.5516 0.0000e+00
 167.475302     29.000  34.735350     8.5319    3.61074     28.756    32.9015    25.5476 0.0000e+00
 167.475344     30.000  34.734435     8.5331    3.60283     29.747    32.8989    25.5454 0.0000e+00
 167.475381     31.000  34.725388     8.5258    3.59996     30.739    32.8957    25.5440 0.0000e+00
 167.475420     32.000  34.723481     8.5237    3.59587     31.731    32.8952    25.5439 0.0000e+00
 167.475458     33.000  34.718609     8.5211    3.58851     32.722    32.8921    25.5419 0.0000e+00
