data/oxygen options/ONMS/Olympic_Coast_National_Marine_Sanctuary_Hypoxia_Survey_CTD_Data_2004_2015/raw_data/2004/CTD_CE100_100404faed.cnv
* Sea-Bird SBE19 Data File:
* FileName = C:\WINDOWS\Desktop\put hypoxia files here\CTD data\October 04_05-04\CE100_100404.hex
* Software Version 1.1.4
* Temperature SN = 2997
* Conductivity SN = 2997
* System UpLoad Time = Oct 04 2004 12:24:00
* SEACAT PROFILER V3.1c SN 2997   10/04/04  12:27:31.858
* strain gauge pressure sensor: S/N = 184829,  range = 3000 psia,  tc = 40
# nquan = 9                                 
# nvalues = 1099                        
# units = specified
# name 0 = timeJ: Julian Days
# name 1 = prSM: Pressure, Strain Gauge [db]
# name 2 = c0mS/cm: Conductivity [mS/cm]
# name 3 = t090C: Temperature [ITS-90, deg C]
# name 4 = oxML/L: Oxygen, Beckman/YSI [ml/l]
# name 5 = depSM: Depth [salt water, m], lat = 47.5
# name 6 = sal00: Salinity, Practical [PSU]
# name 7 = sigma-é00: Density [sigma-theta, kg/m^3]
# name 8 = flag: flag
# span 0 = 278.511968, 278.518322       
# span 1 =     -5.181,    103.428       
# span 2 =   0.116807,  38.605296       
# span 3 =     7.6215,    16.0467       
# span 4 =   -0.05458,   28.82111       
# span 5 =     -5.138,    102.539       
# span 6 =     0.0715,    33.7683       
# span 7 =    -0.7079,    26.3626       
# span 8 = 0.0000e+00, 0.0000e+00       
# interval = seconds: 0.5
# start_time = Oct 04 2004 12:17:14 [Instrument's time stamp, header]
# bad_flag = -9.990e-29
*END*
[from data line 961]
 278.517529     52.164  34.548488     7.7335    3.34886     51.722    33.4473    26.0940 0.0000e+00
 278.517535     51.754  34.542935     7.7339    3.36419     51.316    33.4412    26.0891 0.0000e+00
 278.517541     51.346  34.539045     7.7342    3.39133     50.911    33.4369    26.0856 0.0000e+00
 278.517546     50.945  34.536108     7.7346    3.41561     50.514    33.4336    26.0829 0.0000e+00
 278.517552     50.547  34.533754     7.7350    3.44676     50.119    33.4308    26.0807 0.0000e+00
 278.517558     50.143  34.531648     7.7355    3.44938     49.718    33.4283    26.0787 0.0000e+00
 278.517564     49.729  34.529987     7.7361    3.45494     49.308    33.4261    26.0769 0.0000e+00
 278.517569     49.304  34.528826     7.7367    3.45760     48.887    33.4245    26.0755 0.0000e+00
 278.517575     48.868  34.527958     7.7371    3.46240     48.454    33.4234    26.0746 0.0000e+00
 278.517581     48.423  34.527376     7.7372    3.47013     48.013    33.4229    26.0741 0.0000e+00
 278.517587     47.973  34.526893     7.7374    3.47797     47.567    33.4224    26.0737 0.0000e+00
 278.517593     47.526  34.526456     7.7378    3.48433     47.124    33.4217    26.0731 0.0000e+00
 278.517598     47.082  34.526071     7.7379    3.49706     46.684    33.4214    26.0729 0.0000e+00
 278.517604     46.640  34.525255     7.7379    3.50541     46.246    33.4208    26.0724 0.0000e+00
 278.517610     46.196  34.524069     7.7380    3.51017     45.805    33.4196    26.0714 0.0000e+00
 278.517616     45.745  34.522642     7.7383    3.50835     45.358    33.4180    26.0701 0.0000e+00
 278.517622     45.282  34.520222     7.7389    3.51879     44.899    33.4150    26.0677 0.0000e+00
 278.517627     44.818  34.516414     7.7400    3.52940     44.439    33.4101    26.0637 0.0000e+00
 278.517633     44.361  34.511214     7.7419    3.55000     43.986    33.4029    26.0577 0.0000e+00
 278.517639     43.912  34.504446     7.7452    3.58007     43.541    33.3927    26.0492 0.0000e+00
 278.517645     43.468  34.496641     7.7512    3.60714     43.101    33.3788    26.0374 0.0000e+00
 278.517650     43.027  34.489194     7.7606    3.63513     42.663    33.3620    26.0229 0.0000e+00
 278.517656     42.586  34.483972     7.7720    3.64018     42.226    33.3457    26.0084 0.0000e+00
 278.517662     42.148  34.482452     7.7841    3.62698     41.792    33.3327    25.9964 0.0000e+00
 278.517668     41.714  34.484877     7.7969    3.60539     41.362    33.3232    25.9872 0.0000e+00
 278.517674     41.283  34.490028     7.8094    3.57549     40.934    33.3170    25.9805 0.0000e+00
 278.517679     40.857  34.495278     7.8195    3.55509     40.512    33.3132    25.9760 0.0000e+00
 278.517685     40.440  34.498690     7.8262    3.53715     40.099    33.3107    25.9731 0.0000e+00
 278.517691     40.029  34.500362     7.8303    3.53426     39.691    33.3087    25.9709 0.0000e+00
 278.517697     39.626  34.500873     7.8333    3.52964     39.292    33.3066    25.9688 0.0000e+00
 278.517703     39.226  34.500934     7.8368    3.52250     38.895    33.3035    25.9659 0.0000e+00
 278.517708     38.824  34.501777     7.8430    3.52220     38.496    33.2987    25.9612 0.0000e+00
 278.517714     38.426  34.505115     7.8523    3.51526     38.102    33.2936    25.9558 0.0000e+00
 278.517720     38.035  34.510944     7.8622    3.52661     37.714    33.2906    25.9520 0.0000e+00
 278.517726     37.653  34.516416     7.8710    3.52245     37.335    33.2882    25.9489 0.0000e+00
 278.517731     37.277  34.519329     7.8814    3.52100     36.963    33.2816    25.9422 0.0000e+00
 278.517737     36.901  34.521357     7.8981    3.51284     36.590    33.2680    25.9291 0.0000e+00
 278.517743     36.520  34.525234     7.9183    3.51619     36.212    33.2531    25.9145 0.0000e+00
 278.517749     36.138  34.529433     7.9372    3.52067     35.833    33.2398    25.9013 0.0000e+00
 278.517755     35.756  34.532298     7.9536    3.53981     35.455    33.2275    25.8892 0.0000e+00
 278.517760     35.370  34.534321     7.9660    3.56025     35.072    33.2180    25.8800 0.0000e+00
 278.517766     34.978  34.534866     7.9737    3.56631     34.683    33.2115    25.8737 0.0000e+00
 278.517772     34.576  34.533572     7.9783    3.57613     34.285    33.2059    25.8686 0.0000e+00
 278.517778     34.156  34.530985     7.9820    3.58137     33.868    33.1998    25.8633 0.0000e+00
 278.517784     33.721  34.528169     7.9861    3.58993     33.437    33.1931    25.8575 0.0000e+00
 278.517789     33.286  34.526443     7.9908    3.60011     33.006    33.1870    25.8520 0.0000e+00
 278.517795     32.858  34.526338     7.9959    3.61495     32.581    33.1823    25.8475 0.0000e+00
 278.517801     32.435  34.527184     8.0016    3.64858     32.162    33.1780    25.8433 0.0000e+00
 278.517807     32.020  34.527337     8.0095    3.67990     31.750    33.1708    25.8365 0.0000e+00
 278.517812     31.618  34.526472     8.0238    3.70766     31.352    33.1566    25.8232 0.0000e+00
 278.517818     31.228  34.528510     8.0495    3.70935     30.965    33.1346    25.8022 0.0000e+00
 278.517824     30.851  34.538439     8.0849    3.70280     30.591    33.1118    25.7792 0.0000e+00
 278.517830     30.488  34.554956     8.1196    3.69935     30.231    33.0968    25.7623 0.0000e+00
 278.517836     30.139  34.572655     8.1489    3.68284     29.885    33.0881    25.7511 0.0000e+00
 278.517841     29.797  34.591630     8.1769    3.68334     29.546    33.0820    25.7422 0.0000e+00
 278.517847     29.460  34.612556     8.2031    3.67137     29.212    33.0797    25.7365 0.0000e+00
 278.517853     29.121  34.629178     8.2245    3.68357     28.876    33.0773    25.7315 0.0000e+00
 278.517859     28.786  34.636789     8.2399    3.70934     28.544    33.0711    25.7243 0.0000e+00
 278.517865     28.459  34.633238     8.2496    3.73315     28.220    33.0583    25.7128 0.0000e+00
 278.517870     28.135  34.619428     8.2557    3.79743     27.898    33.0381    25.6960 0.0000e+00
 278.517876     27.817  34.604442     8.2603    3.86191     27.583    33.0180    25.6796 0.0000e+00
 278.517882     27.504  34.594668     8.2659    3.92729     27.273    33.0026    25.6666 0.0000e+00
 278.517888     27.200  34.590557     8.2758    4.00226     26.971    32.9891    25.6546 0.0000e+00
 278.517894     26.905  34.593940     8.2948    4.04162     26.679    32.9749    25.6407 0.0000e+00
 278.517899     26.618  34.608797     8.3254    4.07748     26.394    32.9621    25.6260 0.0000e+00
 278.517905     26.339  34.634232     8.3731    4.08186     26.118    32.9444    25.6051 0.0000e+00
 278.517911     26.066  34.670560     8.4424    4.08439     25.847    32.9181    25.5740 0.0000e+00
 278.517917     25.799  34.720853     8.5170    4.06278     25.582    32.9016    25.5498 0.0000e+00
 278.517922     25.529  34.770934     8.5792    4.02879     25.314    32.8964    25.5363 0.0000e+00
 278.517928     25.249  34.810833     8.6317    4.02365     25.037    32.8895    25.5230 0.0000e+00
 278.517934     24.967  34.848952     8.6765    3.99690     24.757    32.8879    25.5149 0.0000e+00
 278.517940     24.689  34.883469     8.7074    3.96735     24.481    32.8955    25.5161 0.0000e+00
 278.517946     24.411  34.906636     8.7277    3.94362     24.206    32.9010    25.5173 0.0000e+00
 278.517951     24.129  34.923035     8.7553    3.92126     23.926    32.8927    25.5066 0.0000e+00
 278.517957     23.841  34.946158     8.8040    3.90095     23.641    32.8718    25.4827 0.0000e+00
 278.517963     23.547  34.983326     8.8718    3.90512     23.349    32.8479    25.4535 0.0000e+00
 278.517969     23.248  35.031440     8.9526    3.92483     23.053    32.8234    25.4218 0.0000e+00
 278.517975     22.953  35.090791     9.0377    3.93703     22.760    32.8067    25.3955 0.0000e+00
 278.517980     22.658  35.157039     9.1341    3.95358     22.468    32.7868    25.3648 0.0000e+00
 278.517986     22.355  35.227754     9.2806    3.95574     22.167    32.7255    25.2937 0.0000e+00
 278.517992     22.032  35.331683     9.4865    3.96641     21.847    32.6445    25.1975 0.0000e+00
 278.517998     21.681  35.485238     9.6959    3.98791     21.499    32.6116    25.1378 0.0000e+00
 278.518003     21.306  35.642085     9.8581    4.01889     21.127    32.6246    25.1215 0.0000e+00
 278.518009     20.918  35.756370     9.9875    4.03720     20.742    32.6239    25.0995 0.0000e+00
 278.518015     20.522  35.846563    10.1306    4.04454     20.350    32.5864    25.0463 0.0000e+00
 278.518021     20.113  35.948890    10.3030    4.03320     19.944    32.5349    24.9772 0.0000e+00
 278.518027     19.689  36.070891    10.4849    4.01189     19.524    32.4948    24.9151 0.0000e+00
 278.518032     19.250  36.203739    10.6534    3.99717     19.088    32.4777    24.8727 0.0000e+00
 278.518038     18.800  36.327847    10.7936    3.99026     18.642    32.4769    24.8478 0.0000e+00
 278.518044     18.336  36.424307    10.9017    4.03629     18.182    32.4770    24.8290 0.0000e+00
 278.518050     17.858  36.494527    10.9898    4.10601     17.708    32.4687    24.8071 0.0000e+00
 278.518056     17.370  36.554255    11.0846    4.22507     17.224    32.4442    24.7713 0.0000e+00
 278.518061     16.875  36.625430    11.2138    4.34905     16.733    32.4007    24.7145 0.0000e+00
 278.518067     16.377  36.726743    11.4039    4.45721     16.240    32.3336    24.6283 0.0000e+00
 278.518073     15.877  36.872215    11.6802    4.57538     15.744    32.2348    24.5015 0.0000e+00
 278.518079     15.374  37.078119    12.0419    4.71371     15.245    32.1216    24.3470 0.0000e+00
 278.518084     14.871  37.346550    12.4408    4.83406     14.746    32.0375    24.2068 0.0000e+00
 278.518090     14.377  37.633448    12.8042    4.97444     14.257    32.0014    24.1093 0.0000e+00
 278.518096     13.892  37.876759    13.0967    5.12939     13.776    31.9839    24.0388 0.0000e+00
 278.518102     13.411  38.062292    13.3287    5.27451     13.299    31.9628    23.9768 0.0000e+00
 278.518108     12.933  38.198613    13.5285    5.43454     12.825    31.9228    23.9060 0.0000e+00
 278.518113     12.449  38.292589    13.7222    5.57951     12.345    31.8488    23.8099 0.0000e+00
 278.518119     11.954  38.361906    13.9213    5.72724     11.854    31.7480    23.6917 0.0000e+00
 278.518125     11.450  38.403704    14.1274    5.91730     11.354    31.6170    23.5485 0.0000e+00
 278.518131     10.941  38.401989    14.3355    6.10321     10.849    31.4458    23.3735 0.0000e+00
 278.518137     10.431  38.351175    14.5409    6.31484     10.344    31.2337    23.1673 0.0000e+00
 278.518142      9.928  38.261537    14.7384    6.52167      9.845    30.9948    22.9419 0.0000e+00
 278.518148      9.430  38.166734    14.9298    6.70383      9.351    30.7582    22.7194 0.0000e+00
 278.518154      8.934  38.088491    15.1257    6.86963      8.859    30.5349    22.5060 0.0000e+00
 278.518160      8.439  38.023495    15.3235    6.99783      8.368    30.3239    22.3015 0.0000e+00
 278.518166      7.945  37.969268    15.4960    7.09721      7.879    30.1436    22.1258 0.0000e+00
 278.518171      7.452  37.926479    15.6157    7.16360      7.390    30.0148    22.0010 0.0000e+00
 278.518177      6.961  37.895343    15.6839    7.19436      6.903    29.9358    21.9255 0.0000e+00
 278.518183      6.470  37.875908    15.7206    7.20434      6.416    29.8912    21.8833 0.0000e+00
 278.518189      5.986  37.866987    15.7423    7.19811      5.936    29.8671    21.8601 0.0000e+00
 278.518194      5.517  37.866262    15.7560    7.12659      5.471    29.8563    21.8488 0.0000e+00
 278.518200      5.059  37.868316    15.7650    7.08873      5.017    29.8515    21.8431 0.0000e+00
 278.518206      4.605  37.870317    15.7742    6.98419      4.567    29.8465    21.8372 0.0000e+00
 278.518212      4.155  37.874966    15.7868    6.93996      4.120    29.8412    21.8304 0.0000e+00
 278.518218      3.715  37.884567    15.8029    6.78384      3.684    29.8376    21.8241 0.0000e+00
 278.518223      3.291  37.898498    15.8197    6.61154      3.264    29.8373    21.8202 0.0000e+00
 278.518229      2.887  37.912376    15.8325    6.42983      2.863    29.8399    21.8194 0.0000e+00
 278.518235      2.507  37.920626    15.8368    7.21024      2.486    29.8441    21.8216 0.0000e+00
 278.518241      2.165  37.916338    15.8299    6.98298      2.147    29.8456    21.8243 0.0000e+00
 278.518247      1.869  37.895886    15.8019    6.68670      1.853    29.8489    21.8330 0.0000e+00
 278.518252      1.618  37.863433    15.7492    6.50891      1.604    29.8603    21.8532 0.0000e+00
 278.518258      1.413  37.819832    15.6874    6.46386      1.401    29.8688    21.8731 0.0000e+00
 278.518264      1.253  37.751810    15.6197    6.50300      1.243    29.8603    21.8812 -9.990e-29
 278.518270      1.133  37.615578    15.5404 -9.990e-29      1.124    29.8004    21.8523 -9.990e-29
 278.518275      1.042  37.296774    15.4603 -9.990e-29      1.033    29.5799    21.7001 -9.990e-29
 278.518281      0.968  36.458915    15.3906 -9.990e-29      0.960    28.8939    21.1879 -9.990e-29
 278.518287      0.907  34.058863    15.3326 -9.990e-29      0.899    26.8324    19.6170 -9.990e-29
 278.518293      0.860  26.950929    15.2904 -9.990e-29      0.853    20.7503    14.9613 -9.990e-29
 278.518299      0.828  16.133946    15.2677 -9.990e-29      0.821    11.8566     8.1576 -9.990e-29
 278.518304      0.804   8.538599    15.2579 -9.990e-29      0.797     5.9643     3.6484 -9.990e-29
 278.518310      0.788   5.652212    15.2527 -9.990e-29      0.781     3.8340     2.0155 -9.990e-29
 278.518316      0.782   4.605164    15.2505 -9.990e-29      0.775     3.0816     1.4381 -9.990e-29
 278.518322      0.781   4.261635 -9.990e-29 -9.990e-29      0.774 -9.990e-29 -9.990e-29 -9.990e-29
