data/oxygen options/ONMS/Olympic_Coast_National_Marine_Sanctuary_Hypoxia_Survey_CTD_Data_2004_2015/raw_data/2004/CTD_TH80_061504faed.cnv
* Sea-Bird SBE19 Data File:
* FileName = C:\WINDOWS\Desktop\put hypoxia files here\CTD files\CA\TH80m061504.hex
* Software Version 1.1.4
* Temperature SN = 2997
* Conductivity SN = 2997
* System UpLoad Time = Jun 15 2004 15:23:06
** Teahwhit Head hypoxia TH80 80m June 15,2004
* SEACAT PROFILER V3.1c SN 2997   06/15/04  15:21:11.099
# nquan = 9                                 
# nvalues = 802                         
# units = specified
# name 0 = timeJ: Julian Days
# name 1 = prSM: Pressure, Strain Gauge [db]
# name 2 = c0mS/cm: Conductivity [mS/cm]
# name 3 = t090C: Temperature [ITS-90, deg C]
# name 4 = oxML/L: Oxygen, Beckman/YSI [ml/l]
# name 5 = depSM: Depth [salt water, m], lat = 47.5
# name 6 = sal00: Salinity, Practical [PSU]
# name 7 = sigma-é00: Density [sigma-theta, kg/m^3]
# name 8 = flag: flag
# span 0 = 167.556748, 167.561383       
# span 1 =     -5.446,     81.056       
# span 2 =   0.744198,  37.558186       
# span 3 =     7.4613,    13.9525       
# span 4 =  -12.22457,   31.95809       
# span 5 =     -5.401,     80.364       
# span 6 =     0.4911,    33.5754       
# span 7 =    -0.2079,    26.2336       
# span 8 = 0.0000e+00, 0.0000e+00       
# interval = seconds: 0.5
# start_time = Jun 15 2004 13:21:43 [Instrument's time stamp, header]
# bad_flag = -9.990e-29
*END*
[from data line 161]
 167.557679     -0.592  37.557384    13.9477    6.30713     -0.587    30.9915    23.1021 -9.990e-29
 167.557685     -0.566  37.558186    13.9405    6.29557     -0.561    30.9980    23.1086 -9.990e-29
 167.557691     -0.540  37.556490    13.9306    6.25856     -0.535    31.0044    23.1155 -9.990e-29
 167.557697     -0.514  37.552849    13.9129    6.20418     -0.510    31.0153    23.1275 -9.990e-29
 167.557703     -0.497  37.544662    13.8752    6.19173     -0.493    31.0383    23.1528 -9.990e-29
 167.557708     -0.490  37.527750    13.8079    6.21071     -0.486    31.0771    23.1964 -9.990e-29
 167.557714     -0.491  37.500891    13.7236    6.25883     -0.487    31.1207    23.2470 -9.990e-29
 167.557720     -0.490  37.468667    13.6667    6.29923     -0.486    31.1372    23.2711 -9.990e-29
 167.557726     -0.482  37.447573    13.6505    6.33793     -0.478    31.1309    23.2694 -9.990e-29
 167.557731     -0.472  37.444256    13.6526    6.37720     -0.468    31.1261    23.2653 -9.990e-29
 167.557737     -0.468  37.445876    13.6731    6.36974     -0.464    31.1109    23.2495 -9.990e-29
 167.557743     -0.468  37.451798    13.7046    6.32916     -0.464    31.0908    23.2277 -9.990e-29
 167.557749     -0.466  37.464322    13.7203    6.33676     -0.462    31.0896    23.2236 -9.990e-29
 167.557755     -0.455  37.473234    13.7065    6.33903     -0.451    31.1091    23.2414 -9.990e-29
 167.557760     -0.436  37.475852    13.6719    6.32012     -0.432    31.1396    23.2719 -9.990e-29
 167.557766     -0.412  37.467826    13.6605    6.29240     -0.409    31.1414    23.2756 -9.990e-29
 167.557772     -0.390  37.457534    13.6756    6.29132     -0.387    31.1196    23.2558 -9.990e-29
 167.557778     -0.372  37.458739    13.6491    6.31506     -0.369    31.1423    23.2786 -9.990e-29
 167.557784     -0.357  37.447252    13.5787    6.32468     -0.354    31.1890    23.3287 -9.990e-29
 167.557789     -0.345  37.417874    13.5331    6.33435     -0.342    31.1990    23.3455 -9.990e-29
 167.557795     -0.335  37.400440    13.5303    6.32434     -0.332    31.1851    23.3353 -9.990e-29
 167.557801     -0.326  37.399741    13.5347    6.32083     -0.323    31.1808    23.3311 -9.990e-29
 167.557807     -0.318  37.400262    13.5272    6.35359     -0.315    31.1874    23.3377 -9.990e-29
 167.557813     -0.309  37.395980    13.5157    6.38688     -0.306    31.1928    23.3442 -9.990e-29
 167.557818     -0.300  37.390174    13.5105    6.40437     -0.297    31.1917    23.3443 -9.990e-29
 167.557824     -0.290  37.386330    13.5192    6.42628     -0.288    31.1810    23.3344 -9.990e-29
 167.557830     -0.282  37.388305    13.5439    6.42284     -0.280    31.1627    23.3153 -9.990e-29
 167.557836     -0.280  37.397618    13.5762    6.39473     -0.278    31.1450    23.2952 -9.990e-29
 167.557841     -0.281  37.409870    13.6051    6.37514     -0.279    31.1328    23.2800 -9.990e-29
 167.557847     -0.278  37.420096    13.6256    6.37243     -0.276    31.1256    23.2704 -9.990e-29
 167.557853     -0.274  37.427924    13.6230    6.36337     -0.272    31.1350    23.2781 -9.990e-29
 167.557859     -0.271  37.429224    13.5952    6.39134     -0.269    31.1588    23.3021 -9.990e-29
 167.557865     -0.273  37.421816    13.5744    6.40385     -0.271    31.1689    23.3140 -9.990e-29
 167.557870     -0.277  37.416027    13.5740    6.40139     -0.275    31.1639    23.3102 -9.990e-29
 167.557876     -0.278  37.415360    13.5813    6.37563     -0.276    31.1573    23.3037 -9.990e-29
 167.557882     -0.277  37.415564    13.5871    6.35084     -0.275    31.1528    23.2990 -9.990e-29
 167.557888     -0.274  37.417484    13.5744    6.32917     -0.272    31.1649    23.3109 -9.990e-29
 167.557894     -0.267  37.415279    13.5357    6.32608     -0.265    31.1944    23.3414 -9.990e-29
 167.557899     -0.257  37.402655    13.4926    6.34401     -0.255    31.2179    23.3681 -9.990e-29
 167.557905     -0.244  37.386351    13.4580    6.38761     -0.242    31.2310    23.3852 -9.990e-29
 167.557911     -0.225  37.373237    13.4251    6.41594     -0.223    31.2458    23.4031 -9.990e-29
 167.557917     -0.205  37.362099    13.4067    6.40856     -0.203    31.2505    23.4103 -9.990e-29
 167.557922     -0.187  37.355479    13.4197    6.40139     -0.185    31.2337    23.3948 -9.990e-29
 167.557928     -0.169  37.358576    13.4418    6.38483     -0.168    31.2185    23.3786 -9.990e-29
 167.557934     -0.154  37.367111    13.4388    6.41072     -0.153    31.2288    23.3873 -9.990e-29
 167.557940     -0.141  37.368359    13.4165    6.43414     -0.140    31.2483    23.4067 -9.990e-29
 167.557946     -0.126  37.359515    13.4055    6.45062     -0.125    31.2490    23.4095 -9.990e-29
 167.557951     -0.112  37.353478    13.4185    6.45564     -0.111    31.2328    23.3943 -9.990e-29
 167.557957     -0.101  37.356224    13.4470    6.43776     -0.100    31.2120    23.3726 -9.990e-29
 167.557963     -0.094  37.364689    13.4750    6.42299     -0.093    31.1970    23.3555 -9.990e-29
 167.557969     -0.090  37.375029    13.4885    6.40148     -0.089    31.1955    23.3517 -9.990e-29
 167.557975     -0.085  37.381412    13.4852    6.40323     -0.084    31.2042    23.3590 -9.990e-29
 167.557980     -0.073  37.380589    13.4758    6.40610     -0.072    31.2111    23.3662 -9.990e-29
 167.557986     -0.059  37.375961    13.4728    6.41867     -0.059    31.2092    23.3654 -9.990e-29
 167.557992     -0.045  37.373707    13.4781    6.44418     -0.045    31.2028    23.3593 -9.990e-29
 167.557998     -0.031  37.375317    13.4885    6.45191     -0.031    31.1958    23.3519 -9.990e-29
 167.558003     -0.015  37.379020    13.5020    6.46136     -0.015    31.1882    23.3433 -9.990e-29
 167.558009     -0.003  37.383595    13.5203    6.44394     -0.003    31.1775    23.3314 -9.990e-29
 167.558015      0.005  37.389543    13.5426    6.41545      0.005    31.1648    23.3172 -9.990e-29
 167.558021      0.011  37.396955    13.5586    6.40688      0.011    31.1586    23.3092 -9.990e-29
 167.558027      0.021  37.402262    13.5618    6.40492      0.021    31.1609    23.3104 -9.990e-29
 167.558032      0.031  37.403581    13.5563    6.42355      0.031    31.1666    23.3159 -9.990e-29
 167.558038      0.038  37.402124    13.5511    6.43075      0.038    31.1695    23.3191 -9.990e-29
 167.558044      0.046  37.399324    13.5567    6.42256      0.046    31.1624    23.3125 -9.990e-29
 167.558050      0.055  37.399871    13.5696    6.42085      0.055    31.1524    23.3022 -9.990e-29
 167.558056      0.063  37.403940    13.5765    6.40496      0.062    31.1505    23.2994 -9.990e-29
 167.558061      0.073  37.406312    13.5776    6.40279      0.072    31.1518    23.3002 -9.990e-29
 167.558067      0.087  37.407357    13.5772    6.41602      0.086    31.1531    23.3013 -9.990e-29
 167.558073      0.101  37.407920    13.5781    6.42206      0.100    31.1529    23.3009 -9.990e-29
 167.558079      0.115  37.408201    13.5856    6.41551      0.114    31.1470    23.2949 -9.990e-29
 167.558084      0.132  37.410828    13.5984    6.42618      0.131    31.1390    23.2862 -9.990e-29
 167.558090      0.151  37.415387    13.6119    6.42123      0.150    31.1322    23.2782 -9.990e-29
 167.558096      0.170  37.420114    13.6262    6.42468      0.169    31.1250    23.2698 -9.990e-29
 167.558102      0.186  37.425155    13.6448    6.42012      0.184    31.1145    23.2580 -9.990e-29
 167.558108      0.200  37.432193    13.6675    6.39323      0.198    31.1026    23.2442 -9.990e-29
 167.558113      0.212  37.441090    13.6860    6.38487      0.210    31.0958    23.2353 -9.990e-29
 167.558119      0.224  37.447453    13.6951    6.38529      0.222    31.0942    23.2323 -9.990e-29
 167.558125      0.236  37.449684    13.6991    6.40502      0.234    31.0931    23.2306 -9.990e-29
 167.558131      0.253  37.450773    13.7042    6.41358      0.251    31.0899    23.2271 -9.990e-29
 167.558137      0.276  37.452183    13.7143    6.42859      0.274    31.0830    23.2198 -9.990e-29
 167.558142      0.298  37.455244    13.7339    6.41524      0.296    31.0699    23.2057 -9.990e-29
 167.558148      0.317  37.462925    13.7609    6.39048      0.314    31.0551    23.1889 -9.990e-29
 167.558154      0.333  37.475381    13.7859    6.38180      0.330    31.0464    23.1771 -9.990e-29
 167.558160      0.348  37.487919    13.8053    6.37368      0.345    31.0422    23.1700 -9.990e-29
 167.558166      0.358  37.495766    13.8190    6.37507      0.355    31.0384    23.1643 -9.990e-29
 167.558171      0.360  37.499301    13.8245    6.37726      0.357    31.0372    23.1622 -9.990e-29
 167.558177      0.353  37.500258    13.8239    6.37293      0.350    31.0385    23.1634 -9.990e-29
 167.558183      0.342  37.499373    13.8220    6.37578      0.339    31.0393    23.1644 -9.990e-29
 167.558189      0.330  37.498660    13.8204    6.36252      0.327    31.0399    23.1652 -9.990e-29
 167.558194      0.321  37.498864    13.8207    6.35058      0.318    31.0399    23.1651 -9.990e-29
 167.558200      0.318  37.499706    13.8233    6.34860      0.315    31.0385    23.1635 -9.990e-29
 167.558206      0.316  37.501200    13.8235    6.34442      0.313    31.0397    23.1644 -9.990e-29
 167.558212      0.313  37.501426    13.8154    6.34811      0.310    31.0465    23.1713 -9.990e-29
 167.558218      0.306  37.497893    13.8012    6.35481      0.303    31.0547    23.1805 -9.990e-29
 167.558223      0.301  37.491513    13.7920    6.35885      0.298    31.0563    23.1836 -9.990e-29
 167.558229      0.300  37.487255    13.7908    6.35968      0.297    31.0534    23.1815 -9.990e-29
 167.558235      0.305  37.487305    13.7915    6.36186      0.302    31.0528    23.1810 -9.990e-29
 167.558241      0.315  37.488372    13.7915    6.35635      0.312    31.0538    23.1817 -9.990e-29
 167.558247      0.331  37.487966    13.7908    6.34208      0.328    31.0540    23.1820 -9.990e-29
 167.558252      0.350  37.487242    13.7921    6.35183      0.347    31.0523    23.1804 -9.990e-29
 167.558258      0.368  37.488614    13.7951    6.37748      0.365    31.0511    23.1789 -9.990e-29
 167.558264      0.388  37.491118    13.7943    6.39332      0.385    31.0541    23.1814 -9.990e-29
 167.558270      0.405  37.490814    13.7965    6.38337      0.402    31.0520    23.1793 -9.990e-29
 167.558275      0.416  37.490115    13.8110    6.35162      0.413    31.0396    23.1668 -9.990e-29
 167.558281      0.423  37.495952    13.8280    6.34127      0.419    31.0312    23.1570 -9.990e-29
 167.558287      0.425  37.504339    13.8352    6.34884      0.421    31.0331    23.1570 -9.990e-29
 167.558293      0.423  37.507966    13.8345    6.35596      0.419    31.0370    23.1601 -9.990e-29
 167.558299      0.421  37.508321    13.8310    6.36153      0.417    31.0402    23.1633 -9.990e-29
 167.558304      0.424  37.506450    13.8276    6.35244      0.420    31.0412    23.1647 -9.990e-29
 167.558310      0.426  37.503798    13.8259    6.35328      0.422    31.0402    23.1643 -9.990e-29
 167.558316      0.424  37.503571    13.8235    6.34892      0.420    31.0419    23.1661 -9.990e-29
 167.558322      0.418  37.504357    13.8189    6.35374      0.415    31.0463    23.1704 -9.990e-29
 167.558328      0.411  37.503290    13.8117    6.35108      0.408    31.0512    23.1756 -9.990e-29
 167.558333      0.408  37.500081    13.8026    6.35688      0.405    31.0556    23.1809 -9.990e-29
 167.558339      0.408  37.496074    13.7943    6.36072      0.405    31.0586    23.1849 -9.990e-29
 167.558345      0.416  37.492110    13.7869    6.35454      0.413    31.0609    23.1882 -9.990e-29
 167.558351      0.432  37.488522    13.7779    6.35642      0.428    31.0649    23.1930 -9.990e-29
 167.558356      0.449  37.484465    13.7649    6.34912      0.445    31.0717    23.2009 -9.990e-29
 167.558362      0.463  37.479029    13.7490    6.33705      0.459    31.0796    23.2102 -9.990e-29
 167.558368      0.475  37.473952    13.7320    6.33166      0.471    31.0887    23.2206 -9.990e-29
 167.558374      0.486  37.469205    13.7134    6.33791      0.482    31.0994    23.2326 -9.990e-29
 167.558380      0.496  37.462958    13.6940    6.35589      0.492    31.1094    23.2442 -9.990e-29
 167.558385      0.507  37.456429    13.6761    6.38715      0.503    31.1179    23.2543 -9.990e-29
 167.558391      0.515  37.450456    13.6670    6.39435      0.511    31.1197    23.2576 -9.990e-29
 167.558397      0.515  37.446062    13.6720    6.39359      0.511    31.1116    23.2503 -9.990e-29
 167.558403      0.513  37.446370    13.6863    6.39491      0.509    31.1003    23.2387 -9.990e-29
 167.558409      0.513  37.451239    13.7000    6.38820      0.509    31.0937    23.2308 -9.990e-29
 167.558414      0.513  37.456519    13.7067    6.38326      0.509    31.0931    23.2291 -9.990e-29
 167.558420      0.515  37.458610    13.7108    6.37257      0.511    31.0917    23.2272 -9.990e-29
 167.558426      0.519  37.459191    13.7214    6.37317      0.515    31.0836    23.2188 -9.990e-29
 167.558432      0.524  37.463540    13.7315    6.38997      0.520    31.0795    23.2136 -9.990e-29
 167.558438      0.532  37.468491    13.7291    6.39687      0.528    31.0860    23.2191 -9.990e-29
 167.558443      0.542  37.467761    13.7216    6.38974      0.537    31.0914    23.2248 -9.990e-29
 167.558449      0.555  37.464878    13.7226    6.37561      0.550    31.0879    23.2219 -9.990e-29
 167.558455      0.568  37.465546    13.7310    6.36278      0.563    31.0817    23.2154 -9.990e-29
 167.558461      0.573  37.468982    13.7340    6.36164      0.568    31.0824    23.2154 -9.990e-29
 167.558466      0.570  37.469684    13.7260    6.35601      0.565    31.0896    23.2225 -9.990e-29
 167.558472      0.568  37.466358    13.7138    6.36221      0.563    31.0964    23.2302 -9.990e-29
 167.558478      0.571  37.461879    13.7041    6.36995      0.566    31.1001    23.2350 -9.990e-29
 167.558484      0.580  37.458136    13.6991    6.39052      0.575    31.1007    23.2365 -9.990e-29
 167.558490      0.589  37.455758    13.6999    6.39866      0.584    31.0979    23.2341 -9.990e-29
 167.558495      0.596  37.454953    13.7056    6.39248      0.591    31.0925    23.2288 -9.990e-29
 167.558501      0.606  37.456340    13.7117    6.37978      0.601    31.0888    23.2248 -9.990e-29
 167.558507      0.618  37.457855    13.7153    6.37649      0.613    31.0873    23.2229 -9.990e-29
 167.558513      0.631  37.458168    13.7161    6.38974      0.626    31.0869    23.2224 -9.990e-29
 167.558519      0.643  37.457710    13.7166    6.40954      0.638    31.0861    23.2217 -9.990e-29
 167.558524      0.652  37.457565    13.7226    6.40842      0.647    31.0811    23.2166 -9.990e-29
 167.558530      0.655  37.461478    13.7342    6.38238      0.650    31.0753    23.2098 -9.990e-29
 167.558536      0.650  37.468511    13.7434    6.35673      0.645    31.0743    23.2072 -9.990e-29
 167.558542      0.639  37.473469    13.7407    6.34032      0.634    31.0811    23.2130 -9.990e-29
 167.558547      0.625  37.473442    13.7222    6.34504      0.620    31.0961    23.2283 -9.990e-29
 167.558553      0.610  37.466727    13.6971    6.36472      0.605    31.1103    23.2443 -9.990e-29
 167.558559      0.595  37.456726    13.6813    6.37643      0.590    31.1139    23.2502 -9.990e-29
 167.558565      0.577  37.450867    13.6786    6.38512      0.572    31.1107    23.2483 -9.990e-29
 167.558571      0.556  37.450318    13.6856    6.40948      0.551    31.1045    23.2421 -9.990e-29
 167.558576      0.536  37.452674    13.7038    6.38248      0.532    31.0919    23.2287 -9.990e-29
 167.558582      0.518  37.458847    13.7288    6.31182      0.514    31.0773    23.2125 -9.990e-29
 167.558588      0.497  37.468107    13.7497    6.25096      0.493    31.0689    23.2018 -9.990e-29
 167.558594      0.464  37.476549    13.7625    6.19747      0.460    31.0663    23.1972 -9.990e-29
