data/oxygen options/ONMS/Olympic_Coast_National_Marine_Sanctuary_Hypoxia_Survey_CTD_Data_2004_2015/raw_data/2004/CTD_TH60_082404faed.cnv
* Sea-Bird SBE19 Data File:
* FileName = C:\WINDOWS\Desktop\put hypoxia files here\CTD data\August 24_25-04\TH\TH60_082404.hex
* Software Version 1.1.4
* Temperature SN = 2997
* Conductivity SN = 2997
* System UpLoad Time = Aug 24 2004 16:11:13
* SEACAT PROFILER V3.1c SN 2997   08/24/04  16:12:50.435
* strain gauge pressure sensor: S/N = 184829,  range = 3000 psia,  tc = 40
# nquan = 9                                 
# nvalues = 682                         
# units = specified
# name 0 = timeJ: Julian Days
# name 1 = prSM: Pressure, Strain Gauge [db]
# name 2 = c0mS/cm: Conductivity [mS/cm]
# name 3 = t090C: Temperature [ITS-90, deg C]
# name 4 = oxML/L: Oxygen, Beckman/YSI [ml/l]
# name 5 = depSM: Depth [salt water, m], lat = 47.5
# name 6 = sal00: Salinity, Practical [PSU]
# name 7 = sigma-é00: Density [sigma-theta, kg/m^3]
# name 8 = flag: flag
# span 0 = 237.600961, 237.604902       
# span 1 =     -5.055,     60.580       
# span 2 =   0.598727,  39.368821       
# span 3 =     7.6192,    15.0425       
# span 4 =   -0.05318,   30.36497       
# span 5 =     -5.013,     60.066       
# span 6 =     0.3644,    33.4631       
# span 7 =    -0.6119,    26.1205       
# span 8 = 0.0000e+00, 0.0000e+00       
# interval = seconds: 0.5
# start_time = Aug 24 2004 14:25:23 [Instrument's time stamp, header]
# bad_flag = -9.990e-29
*END*
[from data line 481]
 237.603744     33.202  34.418474     7.7634    4.51699     32.922    33.2880    25.9642 0.0000e+00
 237.603750     33.765  34.404913     7.7392    4.52303     33.480    33.2963    25.9742 0.0000e+00
 237.603756     34.301  34.396708     7.7199    4.52132     34.012    33.3056    25.9843 0.0000e+00
 237.603762     34.814  34.391860     7.7024    4.51639     34.521    33.3169    25.9957 0.0000e+00
 237.603767     35.311  34.390233     7.6888    4.50773     35.013    33.3280    26.0063 0.0000e+00
 237.603773     35.794  34.390765     7.6799    4.49877     35.492    33.3368    26.0146 0.0000e+00
 237.603779     36.263  34.390421     7.6716    4.49785     35.957    33.3442    26.0215 0.0000e+00
 237.603785     36.731  34.387621     7.6639    4.49239     36.421    33.3483    26.0259 0.0000e+00
 237.603791     37.215  34.387230     7.6624    4.48032     36.901    33.3491    26.0267 0.0000e+00
 237.603796     37.719  34.395457     7.6661    4.45836     37.401    33.3542    26.0302 0.0000e+00
 237.603802     38.238  34.408702     7.6690    4.44151     37.915    33.3654    26.0386 0.0000e+00
 237.603808     38.762  34.419407     7.6687    4.42248     38.435    33.3770    26.0478 0.0000e+00
 237.603814     39.285  34.424476     7.6645    4.39718     38.953    33.3862    26.0556 0.0000e+00
 237.603819     39.806  34.425068     7.6548    4.34711     39.470    33.3959    26.0647 0.0000e+00
 237.603825     40.328  34.424218     7.6414    4.26443     39.988    33.4076    26.0758 0.0000e+00
 237.603831     40.859  34.425282     7.6295    4.16398     40.514    33.4200    26.0872 0.0000e+00
 237.603837     41.403  34.429122     7.6222    4.05093     41.053    33.4309    26.0968 0.0000e+00
 237.603843     41.955  34.434135     7.6192    3.93285     41.601    33.4389    26.1035 0.0000e+00
 237.603848     42.508  34.440280     7.6193    3.81035     42.149    33.4452    26.1085 0.0000e+00
 237.603854     43.059  34.447347     7.6209    3.69537     42.695    33.4510    26.1128 0.0000e+00
 237.603860     43.603  34.452993     7.6231    3.59109     43.235    33.4547    26.1154 0.0000e+00
 237.603866     44.134  34.456904     7.6259    3.49909     43.761    33.4560    26.1160 0.0000e+00
 237.603872     44.645  34.461497     7.6287    3.41430     44.268    33.4580    26.1172 0.0000e+00
 237.603877     45.135  34.466734     7.6311    3.33755     44.753    33.4611    26.1193 0.0000e+00
 237.603883     45.601  34.470634     7.6333    3.27959     45.215    33.4630    26.1205 0.0000e+00
 237.603889     46.043  34.472798     7.6353    3.23496     45.654    33.4631    26.1204 0.0000e+00
 237.603895     46.471  34.473316     7.6366    3.21546     46.078    33.4623    26.1195 0.0000e+00
 237.603900     46.905  34.472325     7.6364    3.19472     46.508    33.4612    26.1187 0.0000e+00
 237.603906     47.358  34.470752     7.6352    3.18161     46.957    33.4604    26.1182 0.0000e+00
 237.603912     47.839  34.469868     7.6343    3.17892     47.434    33.4601    26.1181 0.0000e+00
 237.603918     48.343  34.470182     7.6340    3.15254     47.934    33.4605    26.1185 0.0000e+00
 237.603924     48.855  34.470994     7.6343    3.13416     48.442    33.4608    26.1187 0.0000e+00
 237.603929     49.366  34.471149     7.6343    3.11843     48.948    33.4607    26.1187 0.0000e+00
 237.603935     49.878  34.470299     7.6335    3.09186     49.456    33.4604    26.1185 0.0000e+00
 237.603941     50.392  34.469558     7.6329    3.08476     49.965    33.4599    26.1182 0.0000e+00
 237.603947     50.904  34.469624     7.6329    3.07973     50.473    33.4597    26.1181 0.0000e+00
 237.603953     51.404  34.470029     7.6333    3.08344     50.969    33.4595    26.1179 0.0000e+00
 237.603958     51.887  34.470195     7.6336    3.08019     51.447    33.4592    26.1176 0.0000e+00
 237.603964     52.365  34.469789     7.6336    3.07437     51.921    33.4585    26.1171 0.0000e+00
 237.603970     52.850  34.469396     7.6337    3.06472     52.402    33.4578    26.1165 0.0000e+00
 237.603976     53.347  34.469618     7.6343    3.06094     52.895    33.4572    26.1159 0.0000e+00
 237.603981     53.849  34.470197     7.6347    3.05316     53.393    33.4572    26.1159 0.0000e+00
 237.603987     54.345  34.470790     7.6348    3.04759     53.884    33.4575    26.1161 0.0000e+00
 237.603993     54.825  34.471070     7.6348    3.03397     54.360    33.4576    26.1162 0.0000e+00
 237.603999     55.279  34.470853     7.6345    3.02520     54.810    33.4574    26.1161 0.0000e+00
 237.604005     55.708  34.470416     7.6343    3.01956     55.236    33.4569    26.1157 0.0000e+00
 237.604010     56.120  34.470302     7.6345    3.02041     55.644    33.4564    26.1153 0.0000e+00
 237.604016     56.534  34.470366     7.6343    3.02602     56.054    33.4565    26.1154 0.0000e+00
 237.604022     56.958  34.470139     7.6337    3.02767     56.475    33.4566    26.1156 0.0000e+00
 237.604028     57.390  34.469885     7.6334    3.02747     56.903    33.4564    26.1155 0.0000e+00
 237.604034     57.828  34.469829     7.6334    3.02313     57.337    33.4562    26.1153 0.0000e+00
 237.604039     58.268  34.469902     7.6333    3.01920     57.774    33.4561    26.1153 0.0000e+00
 237.604045     58.702  34.470207     7.6332    3.00647     58.204    33.4563    26.1155 0.0000e+00
 237.604051     59.112  34.470593     7.6331    2.99959     58.610    33.4567    26.1157 0.0000e+00
 237.604057     59.483  34.471021     7.6336    2.99512     58.978    33.4565    26.1155 0.0000e+00
 237.604063     59.799  34.471505     7.6346    2.99218     59.291    33.4559    26.1149 0.0000e+00
 237.604068     60.055  34.471574     7.6354    2.99190     59.545    33.4551    26.1142 0.0000e+00
 237.604074     60.255  34.471324     7.6357    2.98721     59.743    33.4544    26.1136 0.0000e+00
 237.604080     60.402  34.470991     7.6359    2.99103     59.889    33.4538    26.1131 -9.990e-29
 237.604086     60.501  34.470135     7.6364    2.98858     59.987    33.4523    26.1119 -9.990e-29
 237.604091     60.559  34.468184     7.6367    2.99159     60.045    33.4499    26.1099 -9.990e-29
 237.604097     60.580  34.463663     7.6371    2.97832     60.066    33.4446    26.1058 -9.990e-29
 237.604103     60.569  34.455596     7.6376    2.96807     60.055    33.4355    26.0985 -9.990e-29
 237.604109     60.529  34.447809     7.6377    2.96170     60.015    33.4270    26.0918 -9.990e-29
 237.604115     60.454  34.446179     7.6374    2.90115     59.941    33.4256    26.0907 -9.990e-29
 237.604120     60.335  34.450221     7.6373    2.87952     59.823    33.4301    26.0943 -9.990e-29
 237.604126     60.165  34.454684     7.6373    2.89124     59.654    33.4350    26.0981 0.0000e+00
 237.604132     59.936  34.458798     7.6370    2.90989     59.427    33.4398    26.1020 0.0000e+00
 237.604138     59.647  34.463573     7.6364    2.94083     59.141    33.4457    26.1066 0.0000e+00
 237.604144     59.301  34.466415     7.6356    2.93914     58.798    33.4497    26.1099 0.0000e+00
 237.604149     58.911  34.466639     7.6348    2.93321     58.411    33.4509    26.1109 0.0000e+00
 237.604155     58.494  34.466235     7.6342    2.92494     57.998    33.4512    26.1113 0.0000e+00
 237.604161     58.062  34.465795     7.6339    2.93350     57.569    33.4512    26.1113 0.0000e+00
 237.604167     57.622  34.465302     7.6339    2.93910     57.133    33.4509    26.1111 0.0000e+00
 237.604172     57.177  34.465229     7.6341    2.94157     56.692    33.4508    26.1110 0.0000e+00
 237.604178     56.719  34.465488     7.6343    2.94394     56.238    33.4511    26.1112 0.0000e+00
 237.604184     56.246  34.465314     7.6346    2.94859     55.769    33.4509    26.1110 0.0000e+00
 237.604190     55.764  34.464483     7.6346    2.95030     55.291    33.4502    26.1104 0.0000e+00
 237.604196     55.288  34.463576     7.6341    2.94256     54.819    33.4500    26.1103 0.0000e+00
 237.604201     54.824  34.463077     7.6337    2.93834     54.359    33.4500    26.1104 0.0000e+00
 237.604207     54.369  34.462889     7.6338    2.93422     53.908    33.4499    26.1103 0.0000e+00
 237.604213     53.912  34.462773     7.6341    2.93600     53.455    33.4497    26.1101 0.0000e+00
 237.604219     53.441  34.462583     7.6339    2.94863     52.988    33.4500    26.1103 0.0000e+00
 237.604225     52.950  34.462072     7.6335    2.95922     52.501    33.4500    26.1104 0.0000e+00
 237.604230     52.449  34.461128     7.6333    2.96093     52.005    33.4494    26.1100 0.0000e+00
 237.604236     51.942  34.460184     7.6332    2.96819     51.502    33.4488    26.1094 0.0000e+00
 237.604242     51.433  34.459673     7.6332    2.96395     50.997    33.4484    26.1092 0.0000e+00
 237.604248     50.923  34.459485     7.6334    2.95173     50.492    33.4483    26.1090 0.0000e+00
 237.604253     50.414  34.459376     7.6336    2.94763     49.987    33.4482    26.1089 0.0000e+00
 237.604259     49.909  34.459211     7.6336    2.94372     49.486    33.4483    26.1090 0.0000e+00
 237.604265     49.408  34.458782     7.6333    2.95364     48.990    33.4484    26.1091 0.0000e+00
 237.604271     48.915  34.458087     7.6329    2.95989     48.501    33.4482    26.1090 0.0000e+00
 237.604277     48.429  34.457329     7.6325    2.95987     48.019    33.4480    26.1089 0.0000e+00
 237.604282     47.943  34.456627     7.6323    2.95899     47.537    33.4477    26.1087 0.0000e+00
 237.604288     47.458  34.456177     7.6322    2.95564     47.057    33.4475    26.1085 0.0000e+00
 237.604294     46.977  34.455947     7.6322    2.94648     46.580    33.4475    26.1085 0.0000e+00
 237.604300     46.507  34.455639     7.6323    2.94419     46.114    33.4473    26.1083 0.0000e+00
 237.604306     46.057  34.455413     7.6323    2.96147     45.668    33.4473    26.1083 0.0000e+00
 237.604311     45.624  34.455536     7.6321    2.96828     45.238    33.4478    26.1088 0.0000e+00
 237.604317     45.199  34.455622     7.6320    2.97243     44.817    33.4482    26.1091 0.0000e+00
 237.604323     44.771  34.455233     7.6316    2.98598     44.393    33.4484    26.1093 0.0000e+00
 237.604329     44.334  34.453861     7.6298    2.99989     43.959    33.4488    26.1099 0.0000e+00
 237.604334     43.896  34.450244     7.6270    3.02036     43.525    33.4478    26.1095 0.0000e+00
 237.604340     43.465  34.445174     7.6254    3.03761     43.098    33.4441    26.1068 0.0000e+00
 237.604346     43.042  34.441988     7.6255    3.05549     42.678    33.4408    26.1041 0.0000e+00
 237.604352     42.616  34.441492     7.6258    3.09316     42.256    33.4402    26.1036 0.0000e+00
 237.604358     42.181  34.440791     7.6248    3.17028     41.825    33.4406    26.1041 0.0000e+00
 237.604363     41.736  34.435597     7.6226    3.27191     41.383    33.4373    26.1018 0.0000e+00
 237.604369     41.277  34.425719     7.6212    3.38665     40.928    33.4282    26.0948 0.0000e+00
 237.604375     40.807  34.415369     7.6228    3.52526     40.462    33.4157    26.0848 0.0000e+00
 237.604381     40.328  34.407011     7.6298    3.66084     39.988    33.4002    26.0716 0.0000e+00
 237.604387     39.846  34.401279     7.6414    3.79493     39.510    33.3831    26.0565 0.0000e+00
 237.604392     39.368  34.397829     7.6530    3.91395     39.036    33.3685    26.0434 0.0000e+00
 237.604398     38.901  34.395993     7.6614    3.99841     38.573    33.3587    26.0345 0.0000e+00
 237.604404     38.447  34.395016     7.6667    4.07323     38.123    33.3528    26.0290 0.0000e+00
 237.604410     38.002  34.393607     7.6690    4.13498     37.681    33.3493    26.0259 0.0000e+00
 237.604416     37.560  34.390458     7.6684    4.16992     37.243    33.3467    26.0240 0.0000e+00
 237.604421     37.113  34.384182     7.6658    4.20659     36.800    33.3426    26.0212 0.0000e+00
 237.604427     36.659  34.375387     7.6623    4.23741     36.350    33.3367    26.0170 0.0000e+00
 237.604433     36.195  34.364687     7.6609    4.26697     35.890    33.3268    26.0094 0.0000e+00
 237.604439     35.721  34.353517     7.6646    4.31392     35.420    33.3114    25.9968 0.0000e+00
 237.604444     35.242  34.344927     7.6715    4.34560     34.945    33.2958    25.9835 0.0000e+00
 237.604450     34.766  34.339242     7.6787    4.36684     34.473    33.2830    25.9724 0.0000e+00
 237.604456     34.300  34.336741     7.6871    4.36971     34.011    33.2725    25.9630 0.0000e+00
 237.604462     33.837  34.336527     7.7000    4.36993     33.552    33.2602    25.9514 0.0000e+00
 237.604468     33.360  34.337200     7.7201    4.39149     33.079    33.2419    25.9342 0.0000e+00
 237.604473     32.869  34.340407     7.7447    4.43385     32.592    33.2221    25.9151 0.0000e+00
 237.604479     32.376  34.347069     7.7703    4.51245     32.103    33.2051    25.8981 0.0000e+00
 237.604485     31.883  34.355614     7.7992    4.57223     31.614    33.1870    25.8797 0.0000e+00
 237.604491     31.380  34.365669     7.8369    4.59112     31.116    33.1621    25.8547 0.0000e+00
 237.604497     30.865  34.378317     7.8883    4.56114     30.605    33.1271    25.8198 0.0000e+00
 237.604502     30.354  34.399218     7.9636    4.47518     30.098    33.0784    25.7706 0.0000e+00
 237.604508     29.856  34.447842     8.0682    4.37407     29.605    33.0316    25.7186 0.0000e+00
 237.604514     29.373  34.532980     8.1832    4.29903     29.126    33.0140    25.6879 0.0000e+00
 237.604520     28.910  34.633086     8.2717    4.27135     28.667    33.0372    25.6929 0.0000e+00
 237.604525     28.471  34.710145     8.2886    4.31224     28.231    33.1031    25.7421 0.0000e+00
 237.604531     28.058  34.721193     8.2222    4.36457     27.822    33.1777    25.8105 0.0000e+00
 237.604537     27.662  34.656877     8.1433    4.39229     27.429    33.1841    25.8272 0.0000e+00
 237.604543     27.267  34.582786     8.1427    4.39648     27.038    33.1061    25.7661 0.0000e+00
 237.604549     26.861  34.575550     8.2388    4.36596     26.635    33.0081    25.6750 0.0000e+00
 237.604554     26.434  34.648481     8.3844    4.33108     26.212    32.9489    25.6068 0.0000e+00
 237.604560     25.981  34.768784     8.5123    4.29828     25.763    32.9563    25.5935 0.0000e+00
 237.604566     25.512  34.872119     8.5829    4.24689     25.298    32.9993    25.6164 0.0000e+00
 237.604572     25.048  34.914690     8.6047    4.20630     24.837    33.0239    25.6323 0.0000e+00
 237.604578     24.603  34.914049     8.6058    4.17379     24.396    33.0224    25.6310 0.0000e+00
 237.604583     24.182  34.905788     8.6012    4.16134     23.979    33.0182    25.6284 0.0000e+00
 237.604589     23.790  34.896834     8.5902    4.15529     23.590    33.0192    25.6309 0.0000e+00
 237.604595     23.413  34.873006     8.5778    4.14503     23.216    33.0059    25.6224 0.0000e+00
 237.604601     23.032  34.845134     8.5728    4.13002     22.839    32.9815    25.6040 0.0000e+00
 237.604606     22.640  34.827621     8.5799    4.09713     22.450    32.9566    25.5834 0.0000e+00
 237.604612     22.238  34.813370     8.6074    4.07267     22.051    32.9162    25.5475 0.0000e+00
 237.604618     21.826  34.808605     8.6628    4.06599     21.643    32.8598    25.4949 0.0000e+00
 237.604624     21.404  34.829393     8.7370    4.08916     21.224    32.8129    25.4469 0.0000e+00
 237.604630     20.974  34.873189     8.8055    4.12525     20.798    32.7955    25.4227 0.0000e+00
 237.604635     20.544  34.919928     8.8538    4.14790     20.372    32.7998    25.4186 0.0000e+00
 237.604641     20.116  34.953470     8.8946    4.17195     19.947    32.7972    25.4103 0.0000e+00
 237.604647     19.690  34.985480     8.9570    4.18727     19.525    32.7731    25.3817 0.0000e+00
 237.604653     19.262  35.038464     9.0677    4.21758     19.100    32.7264    25.3279 0.0000e+00
 237.604659     18.828  35.127018     9.2239    4.28583     18.670    32.6750    25.2631 0.0000e+00
