data/oxygen options/ONMS/Olympic_Coast_National_Marine_Sanctuary_Hypoxia_Survey_CTD_Data_2004_2015/raw_data/2004/CTD_CE30_100404faed.cnv
* Sea-Bird SBE19 Data File:
* FileName = C:\WINDOWS\Desktop\put hypoxia files here\CTD data\October 04_05-04\raw\CE30_100404.hex
* Software Version 1.1.4
* Temperature SN = 2997
* Conductivity SN = 2997
* System UpLoad Time = Oct 04 2004 15:25:24
* SEACAT PROFILER V3.1c SN 2997   10/04/04  15:29:16.252
* strain gauge pressure sensor: S/N = 184829,  range = 3000 psia,  tc = 40
# nquan = 9                                 
# nvalues = 943                         
# units = specified
# name 0 = timeJ: Julian Days
# name 1 = prSM: Pressure, Strain Gauge [db]
# name 2 = c0mS/cm: Conductivity [mS/cm]
# name 3 = t090C: Temperature [ITS-90, deg C]
# name 4 = oxML/L: Oxygen, Beckman/YSI [ml/l]
# name 5 = depSM: Depth [salt water, m], lat = 47.5
# name 6 = sal00: Salinity, Practical [PSU]
# name 7 = sigma-é00: Density [sigma-theta, kg/m^3]
# name 8 = flag: flag
# span 0 = 278.615579, 278.621030       
# span 1 =     -5.028,     29.951       
# span 2 =   0.477698,  38.775589       
# span 3 =     8.4047,    16.0199       
# span 4 =   -0.04353,   27.76907       
# span 5 =     -4.986,     29.699       
# span 6 =     0.2895,    33.1949       
# span 7 =    -0.6509,    25.7829       
# span 8 = 0.0000e+00, 0.0000e+00       
# interval = seconds: 0.5
# start_time = Oct 04 2004 14:46:26 [Instrument's time stamp, header]
# bad_flag = -9.990e-29
*END*
[from data line 481]
 278.618362      5.639  38.577540    15.3261    6.77062      5.592    30.8149    22.6784 0.0000e+00
 278.618368      5.822  38.587606    15.3174    6.77386      5.773    30.8306    22.6923 0.0000e+00
 278.618374      5.967  38.582347    15.3495    6.80617      5.917    30.8007    22.6624 -9.990e-29
 278.618380      6.087  38.562591    15.3972    6.84178      6.036    30.7458    22.6099 -9.990e-29
 278.618385      6.190  38.547988    15.4371    6.87766      6.138    30.7016    22.5674 -9.990e-29
 278.618391      6.270  38.539824    15.4605    6.90352      6.218    30.6761    22.5427 -9.990e-29
 278.618397      6.324  38.531700    15.4834    6.93173      6.271    30.6511    22.5185 -9.990e-29
 278.618403      6.354  38.518383    15.5153    6.95476      6.301    30.6145    22.4835 -9.990e-29
 278.618409      6.366  38.503976    15.5448    6.98587      6.313    30.5789    22.4497 -9.990e-29
 278.618414      6.371  38.497300    15.5670    6.98476      6.318    30.5558    22.4271 -9.990e-29
 278.618420      6.377  38.494494    15.5816    6.97967      6.324    30.5420    22.4134 -9.990e-29
 278.618426      6.389  38.491807    15.5863    6.97055      6.336    30.5360    22.4077 -9.990e-29
 278.618432      6.403  38.491813    15.5831    6.95046      6.349    30.5384    22.4103 -9.990e-29
 278.618438      6.415  38.494510    15.5753    6.92801      6.361    30.5468    22.4185 -9.990e-29
 278.618443      6.427  38.498430    15.5635    6.91445      6.373    30.5594    22.4307 -9.990e-29
 278.618449      6.440  38.503174    15.5444    6.88578      6.386    30.5784    22.4495 -9.990e-29
 278.618455      6.453  38.511123    15.5146    6.86093      6.399    30.6086    22.4791 -9.990e-29
 278.618461      6.469  38.525008    15.4880    6.83193      6.415    30.6415    22.5102 -9.990e-29
 278.618466      6.483  38.535842    15.4771    6.82046      6.429    30.6596    22.5264 -9.990e-29
 278.618472      6.489  38.538416    15.4662    6.80083      6.435    30.6704    22.5371 -9.990e-29
 278.618478      6.486  38.543433    15.4482    6.81101      6.432    30.6888    22.5552 -9.990e-29
 278.618484      6.482  38.550836    15.4384    6.83734      6.428    30.7030    22.5682 -9.990e-29
 278.618490      6.482  38.553092    15.4449    6.85463      6.428    30.7000    22.5644 -9.990e-29
 278.618495      6.487  38.548702    15.4617    6.87230      6.433    30.6830    22.5477 -9.990e-29
 278.618501      6.491  38.539086    15.4818    6.88448      6.437    30.6588    22.5248 -9.990e-29
 278.618507      6.490  38.528235    15.4976    6.89400      6.436    30.6369    22.5046 -9.990e-29
 278.618513      6.490  38.522422    15.5033    6.91479      6.436    30.6273    22.4960 -9.990e-29
 278.618519      6.494  38.524541    15.5090    6.92960      6.440    30.6248    22.4928 -9.990e-29
 278.618524      6.503  38.524506    15.5218    6.93575      6.449    30.6148    22.4823 -9.990e-29
 278.618530      6.513  38.516085    15.5263    6.92008      6.459    30.6039    22.4730 -9.990e-29
 278.618536      6.515  38.512149    15.5127    6.89794      6.461    30.6109    22.4813 -9.990e-29
 278.618542      6.511  38.519777    15.4903    6.87606      6.457    30.6351    22.5048 -9.990e-29
 278.618547      6.512  38.531179    15.4660    6.84402      6.458    30.6641    22.5323 -9.990e-29
 278.618553      6.528  38.541349    15.4394    6.79934      6.473    30.6938    22.5609 -9.990e-29
 278.618559      6.550  38.552049    15.4120    6.73937      6.495    30.7247    22.5906 -9.990e-29
 278.618565      6.568  38.562383    15.3840    6.68222      6.513    30.7557    22.6205 -9.990e-29
 278.618571      6.582  38.572087    15.3508    6.62155      6.527    30.7903    22.6542 -9.990e-29
 278.618576      6.598  38.586225    15.3105    6.58874      6.543    30.8345    22.6969 -9.990e-29
 278.618582      6.611  38.605123    15.2711    6.57129      6.556    30.8823    22.7421 -9.990e-29
 278.618588      6.620  38.621987    15.2416    6.56181      6.565    30.9205    22.7778 -9.990e-29
 278.618594      6.624  38.632357    15.2234    6.58307      6.569    30.9441    22.7999 -9.990e-29
 278.618600      6.624  38.638258    15.2229    6.58830      6.569    30.9498    22.8043 -9.990e-29
 278.618605      6.620  38.637440    15.2495    6.60811      6.565    30.9280    22.7819 -9.990e-29
 278.618611      6.611  38.622064    15.2937    6.64431      6.556    30.8796    22.7351 -9.990e-29
 278.618617      6.602  38.597411    15.3265    6.66470      6.547    30.8319    22.6914 -9.990e-29
 278.618623      6.595  38.581640    15.3285    6.67267      6.540    30.8163    22.6790 -9.990e-29
 278.618628      6.586  38.583445    15.3123    6.67314      6.531    30.8306    22.6935 -9.990e-29
 278.618634      6.575  38.593448    15.3042    6.66285      6.520    30.8459    22.7070 -9.990e-29
 278.618640      6.569  38.597486    15.3016    6.65009      6.514    30.8515    22.7119 -9.990e-29
 278.618646      6.572  38.598116    15.2907    6.63691      6.517    30.8606    22.7212 -9.990e-29
 278.618652      6.581  38.602894    15.2802    6.62254      6.526    30.8731    22.7331 -9.990e-29
 278.618657      6.591  38.605836    15.2782    6.61140      6.536    30.8773    22.7367 -9.990e-29
 278.618663      6.608  38.604116    15.2799    6.61395      6.553    30.8744    22.7342 -9.990e-29
 278.618669      6.637  38.602153    15.2808    6.62644      6.582    30.8720    22.7321 -9.990e-29
 278.618675      6.674  38.601802    15.2770    6.64260      6.618    30.8746    22.7349 -9.990e-29
 278.618681      6.715  38.604822    15.2719    6.64640      6.659    30.8813    22.7412 -9.990e-29
 278.618686      6.758  38.609054    15.2733    6.64682      6.701    30.8840    22.7429 -9.990e-29
 278.618692      6.805  38.609468    15.2819    6.66638      6.748    30.8776    22.7361 -9.990e-29
 278.618698      6.858  38.605479    15.2921    6.71314      6.801    30.8660    22.7250 -9.990e-29
 278.618704      6.927  38.599602    15.2964    6.76191      6.869    30.8573    22.7175 -9.990e-29
 278.618709      7.024  38.596888    15.2904    6.78252      6.965    30.8596    22.7205 -9.990e-29
 278.618715      7.154  38.599877    15.2756    6.73982      7.094    30.8739    22.7346 0.0000e+00
 278.618721      7.318  38.606369    15.2536    6.65664      7.257    30.8969    22.7571 0.0000e+00
 278.618727      7.522  38.616029    15.2112    6.52243      7.459    30.9388    22.7985 0.0000e+00
 278.618733      7.778  38.637794    15.1297    6.33742      7.713    31.0226    22.8803 0.0000e+00
 278.618738      8.095  38.683279    15.0045    6.10059      8.027    31.1627    23.0149 0.0000e+00
 278.618744      8.462  38.740196    14.8247    5.88238      8.391    31.3577    23.2032 0.0000e+00
 278.618750      8.861  38.775589    14.5801    5.59048      8.787    31.5874    23.4316 0.0000e+00
 278.618756      9.273  38.760328    14.2892    5.33074      9.195    31.8114    23.6649 0.0000e+00
 278.618762      9.682  38.676823    13.9835    5.11408      9.601    31.9875    23.8638 0.0000e+00
 278.618767     10.080  38.531459    13.6827    4.92503      9.996    32.1041    24.0150 0.0000e+00
 278.618773     10.462  38.347406    13.3979    4.78383     10.374    32.1722    24.1248 0.0000e+00
 278.618779     10.818  38.152327    13.1576    4.70394     10.727    32.1926    24.1882 0.0000e+00
 278.618785     11.140  37.987779    12.9925    4.64146     11.047    32.1777    24.2090 0.0000e+00
 278.618791     11.420  37.884983    12.9111    4.58841     11.324    32.1497    24.2033 0.0000e+00
 278.618796     11.654  37.841414    12.9094    4.56523     11.556    32.1099    24.1728 0.0000e+00
 278.618802     11.847  37.842676    12.9808    4.56483     11.748    32.0505    24.1129 0.0000e+00
 278.618808     12.000  37.887056    13.0849    4.59080     11.900    32.0043    24.0568 -9.990e-29
 278.618814     12.113  37.955763    13.1522    4.64355     12.012    32.0120    24.0496 -9.990e-29
 278.618819     12.194  37.998521    13.1676    4.69097     12.092    32.0391    24.0676 -9.990e-29
 278.618825     12.252  37.998885    13.1495    4.71890     12.149    32.0547    24.0832 -9.990e-29
 278.618831     12.299  37.975284    13.1027    4.74350     12.196    32.0721    24.1058 -9.990e-29
 278.618837     12.342  37.930445    13.0694    4.73787     12.239    32.0580    24.1015 -9.990e-29
 278.618843     12.381  37.900463    13.1028    4.74295     12.277    32.0016    24.0513 -9.990e-29
 278.618848     12.408  37.935062    13.1778    4.76712     12.304    31.9709    24.0128 -9.990e-29
 278.618854     12.422  37.988374    13.2223    4.75928     12.318    31.9834    24.0137 -9.990e-29
 278.618860     12.427  37.998561    13.2033    4.73509     12.323    32.0090    24.0372 -9.990e-29
 278.618866     12.429  37.969120    13.1505    4.69162     12.325    32.0259    24.0607 -9.990e-29
 278.618872     12.426  37.933698    13.1104    4.63570     12.322    32.0264    24.0690 -9.990e-29
 278.618877     12.425  37.921312    13.0696    4.59368     12.321    32.0492    24.0946 -9.990e-29
 278.618883     12.427  37.901959    13.0017    4.54503     12.323    32.0884    24.1382 -9.990e-29
 278.618889     12.434  37.850938    12.9380    4.50522     12.330    32.0943    24.1552 -9.990e-29
 278.618895     12.447  37.806757    12.8957    4.46903     12.343    32.0885    24.1589 -9.990e-29
 278.618900     12.465  37.782260    12.8540    4.43832     12.361    32.1007    24.1765 -9.990e-29
 278.618906     12.487  37.757094    12.8079    4.40500     12.382    32.1160    24.1973 -9.990e-29
 278.618912     12.504  37.728528    12.7713    4.37823     12.399    32.1201    24.2075 -9.990e-29
 278.618918     12.513  37.706679    12.7593    4.36675     12.408    32.1096    24.2017 -9.990e-29
 278.618924     12.520  37.701645    12.7683    4.36712     12.415    32.0972    24.1903 -9.990e-29
 278.618929     12.528  37.709495    12.7732    4.36197     12.423    32.1005    24.1919 -9.990e-29
 278.618935     12.535  37.713202    12.7553    4.34205     12.430    32.1192    24.2099 -9.990e-29
 278.618941     12.537  37.699193    12.7307    4.31330     12.432    32.1269    24.2206 -9.990e-29
 278.618947     12.537  37.682422    12.7249    4.29571     12.432    32.1159    24.2132 -9.990e-29
 278.618953     12.540  37.682569    12.7251    4.28391     12.435    32.1159    24.2131 -9.990e-29
 278.618958     12.543  37.683543    12.7080    4.29197     12.438    32.1313    24.2284 -9.990e-29
 278.618964     12.540  37.668683    12.6805    4.30020     12.435    32.1407    24.2409 -9.990e-29
 278.618970     12.537  37.647884    12.6635    4.31666     12.432    32.1354    24.2401 -9.990e-29
 278.618976     12.540  37.637139    12.6659    4.31431     12.435    32.1232    24.2302 -9.990e-29
 278.618981     12.552  37.641164    12.6873    4.31161     12.447    32.1087    24.2149 -9.990e-29
 278.618987     12.563  37.657457    12.7209    4.30807     12.458    32.0956    24.1982 -9.990e-29
 278.618993     12.566  37.680807    12.7489    4.30864     12.461    32.0939    24.1916 -9.990e-29
 278.618999     12.561  37.699156    12.7556    4.31339     12.456    32.1056    24.1993 -9.990e-29
 278.619005     12.556  37.702193    12.7425    4.32286     12.451    32.1196    24.2127 -9.990e-29
 278.619010     12.556  37.691717    12.7180    4.32414     12.451    32.1306    24.2259 -9.990e-29
 278.619016     12.560  37.673375    12.6920    4.31336     12.455    32.1353    24.2346 -9.990e-29
 278.619022     12.565  37.653534    12.6837    4.30677     12.460    32.1236    24.2271 -9.990e-29
 278.619028     12.565  37.648341    12.6975    4.30262     12.460    32.1069    24.2115 -9.990e-29
 278.619034     12.567  37.659820    12.7088    4.30658     12.462    32.1081    24.2103 -9.990e-29
 278.619039     12.573  37.666247    12.7029    4.30249     12.468    32.1193    24.2200 -9.990e-29
 278.619045     12.581  37.659360    12.6915    4.30763     12.476    32.1224    24.2247 -9.990e-29
 278.619051     12.586  37.650713    12.6867    4.29930     12.481    32.1183    24.2224 -9.990e-29
 278.619057     12.592  37.648385    12.6847    4.28796     12.487    32.1178    24.2224 -9.990e-29
 278.619062     12.606  37.647011    12.6813    4.27897     12.500    32.1194    24.2243 -9.990e-29
 278.619068     12.623  37.641381    12.6815    4.26225     12.517    32.1139    24.2200 -9.990e-29
 278.619074     12.639  37.637432    12.6854    4.26455     12.533    32.1068    24.2137 -9.990e-29
 278.619080     12.657  37.637921    12.6865    4.27019     12.551    32.1063    24.2132 -9.990e-29
 278.619086     12.677  37.639006    12.6797    4.26880     12.571    32.1131    24.2197 -9.990e-29
 278.619091     12.695  37.636143    12.6655    4.26815     12.589    32.1225    24.2297 -9.990e-29
 278.619097     12.715  37.627180    12.6534    4.25518     12.608    32.1243    24.2334 -9.990e-29
 278.619103     12.744  37.619409    12.6528    4.24927     12.637    32.1174    24.2282 -9.990e-29
 278.619109     12.786  37.620961    12.6591    4.26455     12.679    32.1135    24.2240 -9.990e-29
 278.619115     12.833  37.627163    12.6619    4.26986     12.726    32.1170    24.2262 -9.990e-29
 278.619120     12.885  37.629451    12.6638    4.29581     12.777    32.1175    24.2262 -9.990e-29
 278.619126     12.941  37.630309    12.6727    4.32255     12.833    32.1107    24.2192 -9.990e-29
 278.619132     12.996  37.635917    12.6851    4.34316     12.887    32.1055    24.2128 -9.990e-29
 278.619138     13.058  37.642526    12.6935    4.35663     12.949    32.1046    24.2105 -9.990e-29
 278.619144     13.139  37.647165    12.6975    4.33862     13.029    32.1055    24.2104 -9.990e-29
 278.619149     13.244  37.651527    12.6966    4.33466     13.133    32.1104    24.2144 -9.990e-29
 278.619155     13.384  37.651884    12.6847    4.33461     13.272    32.1208    24.2248 0.0000e+00
 278.619161     13.572  37.643096    12.6465    4.30844     13.458    32.1449    24.2508 0.0000e+00
 278.619167     13.821  37.616803    12.5665    4.26664     13.705    32.1882    24.2996 0.0000e+00
 278.619172     14.133  37.565417    12.4465    4.18421     14.015    32.2419    24.3641 0.0000e+00
 278.619178     14.493  37.493871    12.3005    4.06142     14.372    32.2989    24.4360 0.0000e+00
 278.619184     14.887  37.409927    12.1414    3.90659     14.762    32.3555    24.5098 0.0000e+00
 278.619190     15.304  37.317706    11.9739    3.77839     15.176    32.4117    24.5847 0.0000e+00
 278.619196     15.738  37.221501    11.7730    3.65043     15.606    32.4935    24.6853 0.0000e+00
 278.619201     16.182  37.107956    11.4827    3.51220     16.046    32.6376    24.8503 0.0000e+00
 278.619207     16.633  36.933301    11.1012    3.34629     16.494    32.8041    25.0484 0.0000e+00
 278.619213     17.091  36.689475    10.7107    3.12639     16.948    32.9119    25.2010 0.0000e+00
 278.619219     17.546  36.437084    10.3717    2.92588     17.399    32.9653    25.3010 0.0000e+00
 278.619225     17.992  36.214056    10.0936    2.72108     17.841    32.9928    25.3696 0.0000e+00
 278.619230     18.432  36.022329     9.8554    2.57799     18.277    33.0155    25.4270 0.0000e+00
 278.619236     18.865  35.859044     9.6093    2.50791     18.707    33.0745    25.5135 0.0000e+00
 278.619242     19.288  35.697043     9.3430    2.46779     19.126    33.1538    25.6186 0.0000e+00
 278.619248     19.697  35.521536     9.1032    2.46996     19.532    33.1949    25.6889 0.0000e+00
 278.619253     20.080  35.363056     8.9366    2.48799     19.911    33.1853    25.7075 0.0000e+00
 278.619259     20.424  35.259124     8.8522    2.51664     20.253    33.1555    25.6974 0.0000e+00
 278.619265     20.719  35.214609     8.8500    2.54139     20.545    33.1109    25.6628 0.0000e+00
 278.619271     20.963  35.225614     8.9539    2.56841     20.787    33.0255    25.5797 0.0000e+00
 278.619277     21.159  35.309031     9.1858    2.61026     20.981    32.8972    25.4430 0.0000e+00
