data/oxygen options/ONMS/Olympic_Coast_National_Marine_Sanctuary_Hypoxia_Survey_CTD_Data_2004_2015/raw_data/2011/CAST_RR065_082411faed.cnv
* Sea-Bird SBE19 Data File:
* FileName = C:\Documents and Settings\OCNMS\Desktop\2011 mooring data\3rd service\CAST_RR065_082411.hex
* Software Version 1.24
* Temperature SN = 2997
* Conductivity SN = 2997
* System UpLoad Time = Aug 24 2011 16:24:40
** CAST_RR065_082411
* SEACAT PROFILER V3.1c SN 2997   08/24/11  16:23:50.500
# nquan = 9                                 
# nvalues = 1496                        
# units = specified
# name 0 = timeJ: Julian Days
# name 1 = prSM: Pressure, Strain Gauge [db]
# name 2 = c0mS/cm: Conductivity [mS/cm]
# name 3 = t090C: Temperature [ITS-90, deg C]
# name 4 = sbeox0ML/L: Oxygen, SBE 43 [ml/l]
# name 5 = depSM: Depth [salt water, m], lat = 47.5
# name 6 = sal00: Salinity, Practical [PSU]
# name 7 = sigma-é00: Density [sigma-theta, kg/m^3]
# name 8 = flag: flag
# span 0 = 236.674329, 236.682980       
# span 1 =     -5.688,     65.779       
# span 2 =   0.310723,  38.238274       
# span 3 =     7.3656,    15.1044       
# span 4 =   -15.0578,    23.0961       
# span 5 =     -5.641,     65.220       
# span 6 =     0.1859,    33.7940       
# span 7 =    -0.7596,    26.4187       
# span 8 = 0.0000e+00, 0.0000e+00       
# interval = seconds: 0.5
# start_time = Aug 24 2011 16:11:02 [Instrument's time stamp, header]
# bad_flag = -9.990e-29
*END*
[from data line 161]
 236.675260     -2.228   0.328217    14.8920    -2.0048     -2.209     0.1969    -0.7300 -9.990e-29
 236.675266     -2.227   0.328036    14.8942    -2.0051     -2.208     0.1968    -0.7304 -9.990e-29
 236.675272     -2.224   0.327803    14.8935    -2.0050     -2.205     0.1966    -0.7304 -9.990e-29
 236.675278     -2.219   0.327757    14.8902    -2.0049     -2.200     0.1966    -0.7299 -9.990e-29
 236.675284     -2.212   0.327838    14.8853    -2.0047     -2.194     0.1967    -0.7291 -9.990e-29
 236.675289     -2.202   0.328153    14.8802    -2.0045     -2.184     0.1969    -0.7282 -9.990e-29
 236.675295     -2.188   0.328568    14.8750    -2.0043     -2.170     0.1972    -0.7272 -9.990e-29
 236.675301     -2.170   0.328527    14.8694    -2.0040     -2.152     0.1972    -0.7264 -9.990e-29
 236.675307     -2.150   0.327974    14.8643    -2.0037     -2.132     0.1969    -0.7258 -9.990e-29
 236.675312     -2.132   0.327279    14.8601    -2.0037     -2.114     0.1965    -0.7255 -9.990e-29
 236.675318     -2.114   0.326620    14.8574    -2.0041     -2.096     0.1961    -0.7254 -9.990e-29
 236.675324     -2.101   0.326227    14.8572    -2.0044     -2.083     0.1958    -0.7256 -9.990e-29
 236.675330     -2.090   0.326127    14.8595    -2.0044     -2.073     0.1957    -0.7260 -9.990e-29
 236.675336     -2.076   0.326187    14.8632    -2.0044     -2.059     0.1958    -0.7265 -9.990e-29
 236.675341     -2.065   0.326485    14.8677    -2.0043     -2.048     0.1959    -0.7271 -9.990e-29
 236.675347     -2.054   0.326866    14.8732    -2.0042     -2.037     0.1961    -0.7277 -9.990e-29
 236.675353     -2.038   0.326729    14.8789    -2.0042     -2.021     0.1960    -0.7287 -9.990e-29
 236.675359     -2.021   0.325889    14.8827    -2.0041     -2.004     0.1955    -0.7296 -9.990e-29
 236.675365     -2.007   0.324885    14.8824    -2.0039     -1.990     0.1949    -0.7301 -9.990e-29
 236.675370     -1.993   0.324039    14.8786    -2.0036     -1.976     0.1944    -0.7299 -9.990e-29
 236.675376     -1.980   0.323331    14.8747    -2.0037     -1.963     0.1940    -0.7296 -9.990e-29
 236.675382     -1.966   0.322924    14.8729    -2.0038     -1.950     0.1937    -0.7295 -9.990e-29
 236.675388     -1.956   0.322825    14.8729    -2.0039     -1.940     0.1937    -0.7296 -9.990e-29
 236.675394     -1.951   0.322901    14.8739    -2.0040     -1.935     0.1937    -0.7297 -9.990e-29
 236.675399     -1.949   0.323253    14.8753    -2.0038     -1.933     0.1939    -0.7298 -9.990e-29
 236.675405     -1.944   0.323798    14.8769    -2.0034     -1.928     0.1942    -0.7297 -9.990e-29
 236.675411     -1.937   0.324152    14.8796    -2.0030     -1.921     0.1944    -0.7300 -9.990e-29
 236.675417     -1.926   0.324235    14.8834    -2.0028     -1.910     0.1945    -0.7305 -9.990e-29
 236.675422     -1.915   0.324155    14.8862    -2.0024     -1.899     0.1944    -0.7310 -9.990e-29
 236.675428     -1.908   0.323804    14.8865    -2.0021     -1.892     0.1942    -0.7312 -9.990e-29
 236.675434     -1.901   0.323269    14.8853    -2.0016     -1.885     0.1939    -0.7313 -9.990e-29
 236.675440     -1.888   0.322943    14.8844    -2.0017     -1.872     0.1937    -0.7313 -9.990e-29
 236.675446     -1.873   0.322943    14.8852    -2.0021     -1.857     0.1937    -0.7314 -9.990e-29
 236.675451     -1.863   0.323267    14.8892    -2.0025     -1.847     0.1939    -0.7319 -9.990e-29
 236.675457     -1.859   0.323793    14.8962    -2.0030     -1.843     0.1942    -0.7327 -9.990e-29
 236.675463     -1.850   0.324116    14.9041    -2.0032     -1.835     0.1943    -0.7338 -9.990e-29
 236.675469     -1.833   0.324110    14.9120    -2.0030     -1.818     0.1943    -0.7350 -9.990e-29
 236.675475     -1.810   0.323769    14.9198    -2.0027     -1.795     0.1940    -0.7364 -9.990e-29
 236.675480     -1.789   0.323188    14.9274    -2.0024     -1.774     0.1936    -0.7378 -9.990e-29
 236.675486     -1.772   0.322701    14.9326    -2.0020     -1.757     0.1933    -0.7388 -9.990e-29
 236.675492     -1.758   0.322212    14.9322    -2.0020     -1.743     0.1930    -0.7390 -9.990e-29
 236.675498     -1.747   0.321620    14.9264    -2.0024     -1.732     0.1927    -0.7384 -9.990e-29
 236.675503     -1.737   0.321242    14.9181    -2.0029     -1.723     0.1925    -0.7373 -9.990e-29
 236.675509     -1.729   0.321127    14.9107    -2.0033     -1.715     0.1925    -0.7362 -9.990e-29
 236.675515     -1.722   0.321122    14.9074    -2.0033     -1.708     0.1925    -0.7357 -9.990e-29
 236.675521     -1.714   0.321217    14.9094    -2.0031     -1.700     0.1925    -0.7360 -9.990e-29
 236.675527     -1.707   0.321539    14.9147    -2.0029     -1.693     0.1927    -0.7366 -9.990e-29
 236.675532     -1.698   0.321964    14.9210    -2.0027     -1.684     0.1929    -0.7374 -9.990e-29
 236.675538     -1.693   0.321951    14.9255    -2.0025     -1.679     0.1929    -0.7381 -9.990e-29
 236.675544     -1.694   0.321480    14.9251    -2.0021     -1.680     0.1926    -0.7382 -9.990e-29
 236.675550     -1.699   0.321029    14.9193    -2.0016     -1.685     0.1924    -0.7376 -9.990e-29
 236.675556     -1.702   0.320551    14.9112    -2.0012     -1.688     0.1921    -0.7366 -9.990e-29
 236.675561     -1.703   0.319962    14.9051    -2.0011     -1.689     0.1918    -0.7359 -9.990e-29
 236.675567     -1.704   0.319581    14.9036    -2.0011     -1.690     0.1915    -0.7358 -9.990e-29
 236.675573     -1.704   0.319454    14.9061    -2.0014     -1.690     0.1915    -0.7363 -9.990e-29
 236.675579     -1.703   0.319411    14.9106    -2.0019     -1.689     0.1914    -0.7370 -9.990e-29
 236.675584     -1.701   0.319393    14.9159    -2.0022     -1.687     0.1914    -0.7378 -9.990e-29
 236.675590     -1.698   0.319375    14.9223    -2.0024     -1.684     0.1913    -0.7388 -9.990e-29
 236.675596     -1.694   0.319333    14.9304    -2.0023     -1.680     0.1913    -0.7401 -9.990e-29
 236.675602     -1.688   0.319208    14.9391    -2.0021     -1.674     0.1912    -0.7415 -9.990e-29
 236.675608     -1.680   0.318834    14.9461    -2.0019     -1.666     0.1909    -0.7427 -9.990e-29
 236.675613     -1.669   0.318266    14.9495    -2.0014     -1.655     0.1905    -0.7435 -9.990e-29
 236.675619     -1.656   0.317853    14.9485    -2.0012     -1.642     0.1903    -0.7436 -9.990e-29
 236.675625     -1.638   0.317595    14.9438    -2.0011     -1.624     0.1902    -0.7430 -9.990e-29
 236.675631     -1.615   0.317149    14.9374    -2.0009     -1.602     0.1899    -0.7422 -9.990e-29
 236.675637     -1.590   0.316473    14.9315    -2.0007     -1.577     0.1895    -0.7416 -9.990e-29
 236.675642     -1.570   0.315771    14.9281    -2.0007     -1.557     0.1891    -0.7414 -9.990e-29
 236.675648     -1.557   0.315215    14.9285    -2.0009     -1.544     0.1888    -0.7417 -9.990e-29
 236.675654     -1.546   0.315170    14.9323    -2.0011     -1.533     0.1887    -0.7423 -9.990e-29
 236.675660     -1.534   0.315573    14.9383    -2.0012     -1.521     0.1889    -0.7431 -9.990e-29
 236.675666     -1.522   0.315856    14.9450    -2.0015     -1.509     0.1891    -0.7440 -9.990e-29
 236.675671     -1.515   0.315840    14.9509    -2.0016     -1.502     0.1891    -0.7449 -9.990e-29
 236.675677     -1.508   0.315503    14.9556    -2.0016     -1.495     0.1888    -0.7458 -9.990e-29
 236.675683     -1.496   0.314948    14.9597    -2.0014     -1.484     0.1885    -0.7467 -9.990e-29
 236.675689     -1.483   0.314542    14.9625    -2.0012     -1.471     0.1882    -0.7473 -9.990e-29
 236.675694     -1.472   0.314296    14.9626    -2.0009     -1.460     0.1881    -0.7474 -9.990e-29
 236.675700     -1.463   0.313883    14.9600    -2.0006     -1.451     0.1878    -0.7472 -9.990e-29
 236.675706     -1.455   0.313303    14.9563    -2.0004     -1.443     0.1875    -0.7469 -9.990e-29
 236.675712     -1.446   0.312888    14.9524    -2.0000     -1.434     0.1872    -0.7465 -9.990e-29
 236.675718     -1.438   0.312640    14.9489    -1.9996     -1.426     0.1871    -0.7461 -9.990e-29
 236.675723     -1.429   0.312225    14.9469    -1.9994     -1.417     0.1869    -0.7460 -9.990e-29
 236.675729     -1.423   0.311643    14.9474    -1.9995     -1.411     0.1865    -0.7463 -9.990e-29
 236.675735     -1.424   0.311227    14.9506    -1.9995     -1.412     0.1862    -0.7470 -9.990e-29
 236.675741     -1.428   0.310974    14.9555    -1.9989     -1.416     0.1861    -0.7479 -9.990e-29
 236.675747     -1.430   0.310730    14.9611    -1.9983     -1.418     0.1859    -0.7489 -9.990e-29
 236.675752     -1.431   0.310723    14.9670    -1.9976     -1.419     0.1859    -0.7498 -9.990e-29
 236.675758     -1.431   0.311681    14.9728    -1.9962     -1.419     0.1864    -0.7502 -9.990e-29
 236.675764     -1.430   0.314882    14.9785    -1.9951     -1.418     0.1883    -0.7496 -9.990e-29
 236.675770     -1.427   0.322010    14.9829    -1.9945     -1.415     0.1927    -0.7469 -9.990e-29
 236.675775     -1.423   0.333712    14.9844    -1.9947     -1.411     0.1998    -0.7416 -9.990e-29
 236.675781     -1.417   0.348981    14.9842    -1.9945     -1.405     0.2091    -0.7344 -9.990e-29
 236.675787     -1.410   0.366587    14.9860    -1.9943     -1.398     0.2199    -0.7263 -9.990e-29
 236.675793     -1.404   0.385648    14.9906    -1.9940     -1.392     0.2316    -0.7179 -9.990e-29
 236.675799     -1.404   0.407219    14.9960    -1.9940     -1.392     0.2448    -0.7085 -9.990e-29
 236.675804     -1.405   0.437916    15.0008    -1.9939     -1.393     0.2638    -0.6945 -9.990e-29
 236.675810     -1.403   0.489327    15.0051    -1.9936     -1.391     0.2956    -0.6705 -9.990e-29
 236.675816     -1.399   0.571311    15.0094    -1.9934     -1.387     0.3468    -0.6316 -9.990e-29
 236.675822     -1.391   0.674138    15.0134    -1.9930     -1.379     0.4115    -0.5821 -9.990e-29
 236.675828     -1.380   0.763809    15.0174    -1.9925     -1.368     0.4684    -0.5387 -9.990e-29
 236.675833     -1.364   0.813692    15.0228    -1.9919     -1.353     0.5001    -0.5149 -9.990e-29
 236.675839     -1.343   0.826612    15.0289    -1.9914     -1.332     0.5083    -0.5096 -9.990e-29
 236.675845     -1.320   0.822563    15.0344    -1.9914     -1.309     0.5056    -0.5124 -9.990e-29
 236.675851     -1.296   0.817192    15.0386    -1.9340     -1.285     0.5022    -0.5158 -9.990e-29
 236.675856     -1.272   0.813863    15.0423    -1.6782     -1.261     0.5000    -0.5180 -9.990e-29
 236.675862     -1.249   0.812566    15.0458    -1.6952     -1.239     0.4991    -0.5192 -9.990e-29
 236.675868     -1.231   0.816555    15.0480    -1.6984     -1.221     0.5016    -0.5176 -9.990e-29
 236.675874     -1.216   0.831703    15.0484    -1.7028     -1.206     0.5113    -0.5102 -9.990e-29
 236.675880     -1.198   0.870454    15.0478    -1.7034     -1.188     0.5361    -0.4909 -9.990e-29
 236.675885     -1.174   0.955678    15.0426    -1.7054     -1.164     0.5910    -0.4477 -9.990e-29
 236.675891     -1.145   1.138425    15.0176    -1.7057     -1.135     0.7098    -0.3521 -9.990e-29
 236.675897     -1.113   1.590911    14.9333    -1.7057     -1.104     1.0098    -0.1075 -9.990e-29
 236.675903     -1.073   2.864388    14.6754    -1.7051     -1.064     1.8888     0.6098 -9.990e-29
 236.675909     -1.018   6.625809    14.2023    -1.7056     -1.010     4.6674     2.8207 -9.990e-29
 236.675914     -0.948  15.633036    13.7211    -1.7069     -0.940    11.9209     8.4703 -9.990e-29
 236.675920     -0.868  27.266228    13.4081    -1.7072     -0.861    22.0611    16.3217 -9.990e-29
 236.675926     -0.781  34.526794    13.2223    -1.7077     -0.774    28.7678    21.5281 -9.990e-29
 236.675932     -0.694  36.954571    13.0985    -1.7093     -0.688    31.1230    23.3722 -9.990e-29
 236.675938     -0.619  37.792150    13.0322    -1.7098     -0.614    31.9644    24.0360 -9.990e-29
 236.675943     -0.560  38.119312    13.0251    -1.7100     -0.555    32.2786    24.2805 -9.990e-29
 236.675949     -0.513  38.226618    13.0518    -1.7087     -0.509    32.3570    24.3359 -9.990e-29
 236.675955     -0.474  38.197200    13.0719    -1.7096     -0.470    32.3121    24.2972 -9.990e-29
 236.675961     -0.443  38.116750    13.0666    -1.7092     -0.439    32.2408    24.2431 -9.990e-29
 236.675966     -0.416  38.057257    13.0454    -1.7073     -0.413    32.2028    24.2179 -9.990e-29
 236.675972     -0.391  38.030709    13.0193    -1.7090     -0.388    32.2000    24.2208 -9.990e-29
 236.675978     -0.368  38.017951    12.9862    -1.7103     -0.365    32.2161    24.2397 -9.990e-29
 236.675984     -0.345  38.017654    12.9498    -1.7093     -0.342    32.2468    24.2706 -9.990e-29
 236.675990     -0.325  38.028301    12.9288    -1.7083     -0.322    32.2747    24.2963 -9.990e-29
 236.675995     -0.310  38.040000    12.9350    -1.7096     -0.307    32.2805    24.2996 -9.990e-29
 236.676001     -0.300  38.038655    12.9521    -1.7103     -0.297    32.2646    24.2839 -9.990e-29
 236.676007     -0.294  38.016308    12.9559    -1.7099     -0.292    32.2403    24.2644 -9.990e-29
 236.676013     -0.292  37.990222    12.9474    -1.7104     -0.290    32.2229    24.2526 -9.990e-29
 236.676019     -0.293  37.993397    12.9386    -1.7086     -0.291    32.2334    24.2624 -9.990e-29
 236.676024     -0.293  38.041834    12.9332    -1.7088     -0.291    32.2837    24.3024 -9.990e-29
 236.676030     -0.289  38.085848    12.9265    -1.7095     -0.287    32.3310    24.3404 -9.990e-29
 236.676036     -0.279  38.067059    12.9132    -1.7105     -0.277    32.3246    24.3380 -9.990e-29
 236.676042     -0.268  38.045557    12.9007    -1.7103     -0.266    32.3150    24.3330 -9.990e-29
 236.676047     -0.259  38.087896    12.9031    -1.7099     -0.257    32.3530    24.3619 -9.990e-29
 236.676053     -0.251  38.128421    12.9206    -1.7087     -0.249    32.3763    24.3766 -9.990e-29
 236.676059     -0.244  38.091772    12.9357    -1.7090     -0.242    32.3288    24.3368 -9.990e-29
 236.676065     -0.234  38.013668    12.9357    -1.7097     -0.232    32.2550    24.2797 -9.990e-29
 236.676071     -0.219  37.968100    12.9260    -1.7085     -0.217    32.2202    24.2546 -9.990e-29
 236.676076     -0.208  37.990097    12.9179    -1.7078     -0.206    32.2479    24.2777 -9.990e-29
 236.676082     -0.203  38.052417    12.9178    -1.7087     -0.201    32.3068    24.3233 -9.990e-29
 236.676088     -0.204  38.080197    12.9253    -1.7088     -0.202    32.3267    24.3372 -9.990e-29
 236.676094     -0.213  38.046064    12.9336    -1.7084     -0.211    32.2874    24.3052 -9.990e-29
 236.676100     -0.224  37.990770    12.9360    -1.7075     -0.222    32.2331    24.2627 -9.990e-29
 236.676105     -0.230  37.966063    12.9330    -1.7073     -0.228    32.2123    24.2472 -9.990e-29
 236.676111     -0.226  37.992216    12.9302    -1.7075     -0.224    32.2394    24.2687 -9.990e-29
 236.676117     -0.214  38.038010    12.9298    -1.7069     -0.212    32.2830    24.3025 -9.990e-29
 236.676123     -0.196  38.059201    12.9320    -1.7067     -0.194    32.3011    24.3161 -9.990e-29
 236.676128     -0.180  38.071163    12.9359    -1.7070     -0.178    32.3091    24.3215 -9.990e-29
 236.676134     -0.169  38.102170    12.9402    -1.7077     -0.168    32.3347    24.3405 -9.990e-29
 236.676140     -0.162  38.119629    12.9458    -1.7079     -0.161    32.3464    24.3485 -9.990e-29
 236.676146     -0.159  38.104812    12.9534    -1.7073     -0.158    32.3259    24.3312 -9.990e-29
 236.676152     -0.155  38.089500    12.9611    -1.7068     -0.154    32.3049    24.3134 -9.990e-29
 236.676157     -0.146  38.098091    12.9664    -1.7066     -0.145    32.3085    24.3151 -9.990e-29
 236.676163     -0.136  38.121320    12.9687    -1.7069     -0.135    32.3284    24.3301 -9.990e-29
 236.676169     -0.128  38.138069    12.9702    -1.7080     -0.127    32.3430    24.3411 -9.990e-29
 236.676175     -0.122  38.151069    12.9731    -1.7076     -0.121    32.3528    24.3481 -9.990e-29
