data/oxygen options/ONMS/Olympic_Coast_National_Marine_Sanctuary_Hypoxia_Survey_CTD_Data_2004_2015/raw_data/2011/CAST_RR042_082411faed.cnv
* Sea-Bird SBE19 Data File:
* FileName = C:\Documents and Settings\OCNMS\Desktop\2011 mooring data\3rd service\CAST_RR042_082411.hex
* Software Version 1.24
* Temperature SN = 2997
* Conductivity SN = 2997
* System UpLoad Time = Aug 24 2011 16:03:00
** CAST_RR042_082411
* SEACAT PROFILER V3.1c SN 2997   08/24/11  16:02:17.086
# nquan = 9                                 
# nvalues = 1048                        
# units = specified
# name 0 = timeJ: Julian Days
# name 1 = prSM: Pressure, Strain Gauge [db]
# name 2 = c0mS/cm: Conductivity [mS/cm]
# name 3 = t090C: Temperature [ITS-90, deg C]
# name 4 = sbeox0ML/L: Oxygen, SBE 43 [ml/l]
# name 5 = depSM: Depth [salt water, m], lat = 47.5
# name 6 = sal00: Salinity, Practical [PSU]
# name 7 = sigma-é00: Density [sigma-theta, kg/m^3]
# name 8 = flag: flag
# span 0 = 236.660336, 236.666395       
# span 1 =     -5.960,     42.062       
# span 2 =   0.285324,  38.367827       
# span 3 =     7.5811,    15.0670       
# span 4 =    -2.0079,    22.5388       
# span 5 =     -5.910,     41.707       
# span 6 =     0.1708,    33.6526       
# span 7 =    -0.7714,    26.2768       
# span 8 = 0.0000e+00, 0.0000e+00       
# interval = seconds: 0.5
# start_time = Aug 24 2011 15:50:53 [Instrument's time stamp, header]
# bad_flag = -9.990e-29
*END*
[from data line 481]
 236.663119      0.247  37.983402    12.2759     9.9025      0.245    32.7961    24.8258 -9.990e-29
 236.663125      0.267  37.985329    12.2745     9.9352      0.265    32.7991    24.8285 -9.990e-29
 236.663131      0.292  37.986547    12.2731     9.9746      0.290    32.8015    24.8306 -9.990e-29
 236.663137      0.322  37.984211    12.2714     9.9673      0.319    32.8008    24.8303 -9.990e-29
 236.663142      0.352  37.978017    12.2697     9.9091      0.349    32.7963    24.8272 -9.990e-29
 236.663148      0.390  37.968099    12.2678     9.8464      0.387    32.7884    24.8214 -9.990e-29
 236.663154      0.438  37.950137    12.2650     9.7637      0.434    32.7736    24.8104 -9.990e-29
 236.663160      0.494  37.934815    12.2584     9.6138      0.490    32.7646    24.8047 -9.990e-29
 236.663166      0.566  37.938577    12.2428     9.4248      0.561    32.7818    24.8211 -9.990e-29
 236.663171      0.664  37.940023    12.2159     9.2464      0.658    32.8068    24.8455 -9.990e-29
 236.663177      0.789  37.908508    12.1736     9.1093      0.782    32.8135    24.8587 0.0000e+00
 236.663183      0.932  37.841127    12.1142     9.0296      0.924    32.8006    24.8599 0.0000e+00
 236.663189      1.081  37.735881    12.0308     8.9994      1.072    32.7721    24.8534 0.0000e+00
 236.663194      1.232  37.600771    11.8975     8.9439      1.222    32.7584    24.8677 0.0000e+00
 236.663200      1.387  37.472867    11.7173     8.8679      1.375    32.7929    24.9278 0.0000e+00
 236.663206      1.550  37.356279    11.5423     8.8736      1.537    32.8340    24.9918 0.0000e+00
 236.663212      1.724  37.241064    11.4140     8.9102      1.710    32.8350    25.0159 0.0000e+00
 236.663218      1.899  37.152138    11.3364     8.9122      1.883    32.8166    25.0156 0.0000e+00
 236.663223      2.068  37.103543    11.2894     8.8272      2.051    32.8105    25.0193 0.0000e+00
 236.663229      2.238  37.075180    11.2320     8.6510      2.219    32.8336    25.0476 0.0000e+00
 236.663235      2.419  37.011216    11.1067     8.4688      2.399    32.8823    25.1079 0.0000e+00
 236.663241      2.620  36.850356    10.8885     8.2494      2.598    32.9184    25.1746 0.0000e+00
 236.663247      2.834  36.615484    10.6459     7.9732      2.810    32.9026    25.2047 0.0000e+00
 236.663252      3.051  36.418951    10.4793     7.6041      3.026    32.8560    25.1971 0.0000e+00
 236.663258      3.263  36.318909    10.4059     7.2408      3.236    32.8217    25.1830 0.0000e+00
 236.663264      3.471  36.288232    10.3765     6.9628      3.442    32.8173    25.1846 0.0000e+00
 236.663270      3.678  36.281423    10.3366     6.8226      3.647    32.8464    25.2141 0.0000e+00
 236.663275      3.890  36.248995    10.2615     6.7847      3.857    32.8817    25.2543 0.0000e+00
 236.663281      4.112  36.183467    10.1782     6.7365      4.078    32.8910    25.2756 0.0000e+00
 236.663287      4.340  36.122815    10.1244     6.6452      4.304    32.8784    25.2749 0.0000e+00
 236.663293      4.563  36.090226    10.1055     6.5111      4.525    32.8625    25.2656 0.0000e+00
 236.663299      4.774  36.081903    10.1008     6.3598      4.734    32.8582    25.2631 0.0000e+00
 236.663304      4.983  36.083294    10.0868     6.1865      4.941    32.8723    25.2764 0.0000e+00
 236.663310      5.206  36.076569    10.0579     6.0184      5.162    32.8916    25.2964 0.0000e+00
 236.663316      5.441  36.057162    10.0232     5.8871      5.396    32.9034    25.3114 0.0000e+00
 236.663322      5.673  36.032148     9.9912     5.8084      5.626    32.9071    25.3196 0.0000e+00
 236.663328      5.899  36.009520     9.9616     5.7703      5.850    32.9110    25.3276 0.0000e+00
 236.663333      6.130  35.988135     9.9243     5.7423      6.079    32.9232    25.3433 0.0000e+00
 236.663339      6.371  35.958430     9.8745     5.6984      6.318    32.9383    25.3633 0.0000e+00
 236.663345      6.617  35.924389     9.8242     5.6201      6.562    32.9495    25.3804 0.0000e+00
 236.663351      6.862  35.896530     9.7869     5.4949      6.805    32.9551    25.3909 0.0000e+00
 236.663356      7.103  35.877373     9.7625     5.3775      7.044    32.9578    25.3970 0.0000e+00
 236.663362      7.340  35.864798     9.7395     5.2840      7.279    32.9659    25.4072 0.0000e+00
 236.663368      7.575  35.849788     9.7056     5.2095      7.512    32.9815    25.4249 0.0000e+00
 236.663374      7.814  35.820081     9.6573     5.1629      7.749    32.9954    25.4437 0.0000e+00
 236.663380      8.058  35.779100     9.6016     5.1579      7.991    33.0045    25.4598 0.0000e+00
 236.663385      8.308  35.741550     9.5437     5.1390      8.238    33.0191    25.4807 0.0000e+00
 236.663391      8.560  35.704871     9.4872     5.1226      8.488    33.0334    25.5010 0.0000e+00
 236.663397      8.811  35.667100     9.4434     5.0845      8.737    33.0348    25.5092 0.0000e+00
 236.663403      9.054  35.642176     9.4174     4.9924      8.978    33.0330    25.5120 0.0000e+00
 236.663409      9.292  35.630931     9.4003     4.8601      9.214    33.0371    25.5179 0.0000e+00
 236.663414      9.532  35.619958     9.3804     4.6917      9.452    33.0441    25.5266 0.0000e+00
 236.663420      9.780  35.600141     9.3496     4.5021      9.698    33.0520    25.5377 0.0000e+00
 236.663426     10.035  35.569052     9.3034     4.2926      9.951    33.0625    25.5533 0.0000e+00
 236.663432     10.288  35.523229     9.2405     4.0899     10.202    33.0733    25.5718 0.0000e+00
 236.663437     10.532  35.463080     9.1628     3.9385     10.444    33.0829    25.5917 0.0000e+00
 236.663443     10.772  35.398470     9.0695     3.8174     10.682    33.1025    25.6217 0.0000e+00
 236.663449     11.013  35.329390     8.9620     3.7401     10.921    33.1306    25.6606 0.0000e+00
 236.663455     11.257  35.251551     8.8528     3.7114     11.163    33.1512    25.6938 0.0000e+00
 236.663461     11.505  35.171377     8.7494     3.6948     11.409    33.1640    25.7198 0.0000e+00
 236.663466     11.749  35.092737     8.6550     3.6995     11.651    33.1699    25.7389 0.0000e+00
 236.663472     11.983  35.024900     8.5812     3.7060     11.883    33.1678    25.7485 0.0000e+00
 236.663478     12.211  34.982583     8.5339     3.7233     12.109    33.1676    25.7555 0.0000e+00
 236.663484     12.433  34.965258     8.5047     3.7233     12.329    33.1767    25.7671 0.0000e+00
 236.663490     12.650  34.955330     8.4818     3.6844     12.544    33.1877    25.7792 0.0000e+00
 236.663495     12.869  34.940033     8.4636     3.6470     12.761    33.1886    25.7827 0.0000e+00
 236.663501     13.089  34.929680     8.4536     3.5892     12.979    33.1870    25.7829 0.0000e+00
 236.663507     13.312  34.927739     8.4413     3.5201     13.200    33.1964    25.7922 0.0000e+00
 236.663513     13.549  34.915300     8.4104     3.4779     13.435    33.2123    25.8093 0.0000e+00
 236.663519     13.805  34.886334     8.3588     3.4403     13.689    33.2302    25.8311 0.0000e+00
 236.663524     14.075  34.846931     8.2949     3.4261     13.957    33.2488    25.8553 0.0000e+00
 236.663530     14.351  34.799339     8.2362     3.4167     14.231    33.2538    25.8679 0.0000e+00
 236.663536     14.625  34.757278     8.1976     3.4072     14.502    33.2455    25.8672 0.0000e+00
 236.663542     14.892  34.732881     8.1756     3.4059     14.767    33.2403    25.8664 0.0000e+00
 236.663547     15.153  34.720402     8.1604     3.3827     15.026    33.2413    25.8694 0.0000e+00
 236.663553     15.407  34.713751     8.1487     3.3662     15.278    33.2452    25.8742 0.0000e+00
 236.663559     15.653  34.711256     8.1383     3.3504     15.522    33.2523    25.8813 0.0000e+00
 236.663565     15.894  34.705028     8.1236     3.3301     15.761    33.2595    25.8892 0.0000e+00
 236.663571     16.141  34.690596     8.1037     3.3237     16.006    33.2630    25.8948 0.0000e+00
 236.663576     16.400  34.675512     8.0839     3.3065     16.262    33.2656    25.8997 0.0000e+00
 236.663582     16.667  34.665896     8.0691     3.2759     16.527    33.2693    25.9048 0.0000e+00
 236.663588     16.938  34.661160     8.0592     3.2638     16.796    33.2735    25.9096 0.0000e+00
 236.663594     17.212  34.657703     8.0483     3.2614     17.068    33.2800    25.9163 0.0000e+00
 236.663600     17.486  34.649152     8.0350     3.2455     17.339    33.2834    25.9210 0.0000e+00
 236.663605     17.752  34.635779     8.0266     3.2148     17.603    33.2770    25.9172 0.0000e+00
 236.663611     18.008  34.628786     8.0226     3.1966     17.857    33.2732    25.9148 0.0000e+00
 236.663617     18.264  34.629403     8.0094     3.1466     18.111    33.2863    25.9270 0.0000e+00
 236.663623     18.525  34.620452     7.9794     3.1177     18.370    33.3052    25.9462 0.0000e+00
 236.663628     18.802  34.594957     7.9404     3.1020     18.644    33.3150    25.9596 0.0000e+00
 236.663634     19.093  34.566993     7.9043     3.0539     18.933    33.3194    25.9683 0.0000e+00
 236.663640     19.388  34.546780     7.8762     3.0036     19.225    33.3244    25.9763 0.0000e+00
 236.663646     19.679  34.534153     7.8526     2.9264     19.514    33.3333    25.9867 0.0000e+00
 236.663652     19.973  34.525068     7.8267     2.8491     19.805    33.3482    26.0022 0.0000e+00
 236.663657     20.274  34.514603     7.7965     2.7820     20.104    33.3657    26.0203 0.0000e+00
 236.663663     20.577  34.502161     7.7655     2.7106     20.404    33.3819    26.0375 0.0000e+00
 236.663669     20.871  34.491221     7.7412     2.6218     20.696    33.3933    26.0499 0.0000e+00
 236.663675     21.153  34.486708     7.7267     2.5300     20.975    33.4022    26.0590 0.0000e+00
 236.663681     21.423  34.488674     7.7161     2.4466     21.243    33.4143    26.0701 0.0000e+00
 236.663686     21.691  34.492937     7.7061     2.3947     21.509    33.4284    26.0826 0.0000e+00
 236.663692     21.965  34.498940     7.6995     2.3400     21.781    33.4411    26.0935 0.0000e+00
 236.663698     22.245  34.508444     7.6972     2.3195     22.058    33.4534    26.1035 0.0000e+00
 236.663704     22.532  34.520041     7.6966     2.3145     22.343    33.4663    26.1137 0.0000e+00
 236.663709     22.822  34.529514     7.6942     2.3166     22.630    33.4787    26.1238 0.0000e+00
 236.663715     23.108  34.534852     7.6899     2.3213     22.914    33.4884    26.1321 0.0000e+00
 236.663721     23.380  34.538051     7.6870     2.3108     23.184    33.4945    26.1373 0.0000e+00
 236.663727     23.627  34.541616     7.6877     2.2749     23.428    33.4976    26.1396 0.0000e+00
 236.663733     23.858  34.545736     7.6900     2.2376     23.658    33.4997    26.1409 0.0000e+00
 236.663738     24.082  34.549103     7.6896     2.2201     23.880    33.5036    26.1441 0.0000e+00
 236.663744     24.306  34.549967     7.6842     2.2084     24.102    33.5096    26.1496 0.0000e+00
 236.663750     24.535  34.548840     7.6772     2.1851     24.329    33.5150    26.1549 0.0000e+00
 236.663756     24.770  34.549176     7.6730     2.1449     24.562    33.5193    26.1588 0.0000e+00
 236.663762     25.006  34.551902     7.6724     2.0530     24.796    33.5227    26.1616 0.0000e+00
 236.663767     25.240  34.554969     7.6734     1.9059     25.028    33.5250    26.1632 0.0000e+00
 236.663773     25.486  34.556785     7.6720     1.7458     25.272    33.5282    26.1659 0.0000e+00
 236.663779     25.762  34.558011     7.6671     1.5741     25.545    33.5341    26.1713 0.0000e+00
 236.663785     26.066  34.560761     7.6617     1.4436     25.847    33.5421    26.1784 0.0000e+00
 236.663791     26.389  34.566380     7.6572     1.3971     26.167    33.5523    26.1871 0.0000e+00
 236.663796     26.716  34.574996     7.6534     1.3761     26.491    33.5651    26.1977 0.0000e+00
 236.663802     27.035  34.584575     7.6499     1.3236     26.808    33.5787    26.2088 0.0000e+00
 236.663808     27.335  34.592128     7.6478     1.2599     27.105    33.5887    26.2170 0.0000e+00
 236.663814     27.614  34.597003     7.6476     1.1233     27.382    33.5940    26.2212 0.0000e+00
 236.663819     27.881  34.600018     7.6467     1.0240     27.646    33.5980    26.2245 0.0000e+00
 236.663825     28.154  34.600629     7.6426     0.9531     27.917    33.6025    26.2286 0.0000e+00
 236.663831     28.440  34.599572     7.6360     0.9050     28.201    33.6076    26.2336 0.0000e+00
 236.663837     28.738  34.599850     7.6283     0.8998     28.496    33.6152    26.2407 0.0000e+00
 236.663843     29.039  34.601789     7.6207     0.9076     28.795    33.6245    26.2491 0.0000e+00
 236.663848     29.342  34.603468     7.6153     0.9182     29.095    33.6314    26.2553 0.0000e+00
 236.663854     29.645  34.604308     7.6123     0.9318     29.395    33.6351    26.2586 0.0000e+00
 236.663860     29.941  34.604860     7.6107     0.9413     29.689    33.6371    26.2604 0.0000e+00
 236.663866     30.227  34.605303     7.6101     0.9667     29.973    33.6380    26.2612 0.0000e+00
 236.663872     30.505  34.605666     7.6099     0.9648     30.248    33.6385    26.2616 0.0000e+00
 236.663877     30.775  34.606436     7.6095     0.9702     30.516    33.6396    26.2625 0.0000e+00
 236.663883     31.037  34.606962     7.6085     0.9800     30.776    33.6410    26.2637 0.0000e+00
 236.663889     31.295  34.606267     7.6074     0.9640     31.031    33.6412    26.2641 0.0000e+00
 236.663895     31.557  34.605106     7.6067     0.9710     31.291    33.6405    26.2636 0.0000e+00
 236.663900     31.827  34.604172     7.6059     0.9738     31.559    33.6401    26.2634 0.0000e+00
 236.663906     32.104  34.603341     7.6045     0.9593     31.834    33.6404    26.2639 0.0000e+00
 236.663912     32.393  34.602628     7.6029     0.9649     32.120    33.6411    26.2646 0.0000e+00
 236.663918     32.700  34.602202     7.6015     0.9619     32.425    33.6418    26.2654 0.0000e+00
 236.663924     33.019  34.602057     7.6008     0.9590     32.741    33.6422    26.2658 0.0000e+00
 236.663929     33.340  34.602001     7.6007     0.9617     33.059    33.6421    26.2657 0.0000e+00
 236.663935     33.658  34.601961     7.6002     0.9832     33.374    33.6423    26.2661 0.0000e+00
 236.663941     33.967  34.601885     7.5991     0.9731     33.681    33.6432    26.2669 0.0000e+00
 236.663947     34.270  34.601670     7.5971     0.9617     33.981    33.6447    26.2684 0.0000e+00
 236.663953     34.572  34.601032     7.5946     0.9646     34.281    33.6463    26.2700 0.0000e+00
 236.663958     34.873  34.600243     7.5928     0.9372     34.579    33.6471    26.2708 0.0000e+00
 236.663964     35.169  34.599931     7.5919     0.9415     34.873    33.6475    26.2713 0.0000e+00
 236.663970     35.463  34.599681     7.5915     0.9501     35.164    33.6474    26.2713 0.0000e+00
 236.663976     35.755  34.599161     7.5913     0.9386     35.454    33.6469    26.2710 0.0000e+00
 236.663981     36.048  34.598800     7.5907     0.9429     35.744    33.6470    26.2711 0.0000e+00
 236.663987     36.342  34.598677     7.5893     0.9458     36.036    33.6481    26.2721 0.0000e+00
 236.663993     36.640  34.598629     7.5879     0.9314     36.331    33.6492    26.2733 0.0000e+00
 236.663999     36.938  34.598595     7.5869     0.9200     36.626    33.6500    26.2740 0.0000e+00
 236.664005     37.231  34.598530     7.5864     0.9301     36.917    33.6503    26.2743 0.0000e+00
 236.664010     37.515  34.598349     7.5863     0.9186     37.199    33.6500    26.2741 0.0000e+00
 236.664016     37.795  34.598371     7.5864     0.9200     37.476    33.6498    26.2740 0.0000e+00
 236.664022     38.082  34.598626     7.5861     0.9257     37.761    33.6503    26.2744 0.0000e+00
 236.664028     38.379  34.598338     7.5853     0.9258     38.055    33.6506    26.2747 0.0000e+00
 236.664034     38.689  34.597685     7.5845     0.9300     38.363    33.6505    26.2748 0.0000e+00
