data/oxygen options/ONMS/Olympic_Coast_National_Marine_Sanctuary_Hypoxia_Survey_CTD_Data_2004_2015/raw_data/2011/CAST_RR065_082411faed.cnv
* Sea-Bird SBE19 Data File:
* FileName = C:\Documents and Settings\OCNMS\Desktop\2011 mooring data\3rd service\CAST_RR065_082411.hex
* Software Version 1.24
* Temperature SN = 2997
* Conductivity SN = 2997
* System UpLoad Time = Aug 24 2011 16:24:40
** CAST_RR065_082411
* SEACAT PROFILER V3.1c SN 2997   08/24/11  16:23:50.500
# nquan = 9                                 
# nvalues = 1496                        
# units = specified
# name 0 = timeJ: Julian Days
# name 1 = prSM: Pressure, Strain Gauge [db]
# name 2 = c0mS/cm: Conductivity [mS/cm]
# name 3 = t090C: Temperature [ITS-90, deg C]
# name 4 = sbeox0ML/L: Oxygen, SBE 43 [ml/l]
# name 5 = depSM: Depth [salt water, m], lat = 47.5
# name 6 = sal00: Salinity, Practical [PSU]
# name 7 = sigma-é00: Density [sigma-theta, kg/m^3]
# name 8 = flag: flag
# span 0 = 236.674329, 236.682980       
# span 1 =     -5.688,     65.779       
# span 2 =   0.310723,  38.238274       
# span 3 =     7.3656,    15.1044       
# span 4 =   -15.0578,    23.0961       
# span 5 =     -5.641,     65.220       
# span 6 =     0.1859,    33.7940       
# span 7 =    -0.7596,    26.4187       
# span 8 = 0.0000e+00, 0.0000e+00       
# interval = seconds: 0.5
# start_time = Aug 24 2011 16:11:02 [Instrument's time stamp, header]
# bad_flag = -9.990e-29
*END*
[from data line 801]
 236.678964     65.089  34.540735     7.3712     1.2686     64.536    33.7834    26.4099 -9.990e-29
 236.678970     65.146  34.540755     7.3712     1.2716     64.592    33.7834    26.4099 -9.990e-29
 236.678976     65.182  34.540831     7.3714     1.2643     64.628    33.7833    26.4097 -9.990e-29
 236.678981     65.195  34.541075     7.3718     1.2643     64.641    33.7832    26.4096 -9.990e-29
 236.678987     65.187  34.541262     7.3721     1.2688     64.633    33.7831    26.4095 -9.990e-29
 236.678993     65.157  34.541095     7.3720     1.2643     64.603    33.7830    26.4094 -9.990e-29
 236.678999     65.111  34.540920     7.3720     1.2571     64.557    33.7828    26.4093 -9.990e-29
 236.679005     65.059  34.541077     7.3724     1.2615     64.506    33.7826    26.4091 -9.990e-29
 236.679010     65.006  34.541226     7.3728     1.2615     64.453    33.7824    26.4089 -9.990e-29
 236.679016     64.968  34.541020     7.3729     1.2600     64.416    33.7821    26.4086 -9.990e-29
 236.679022     64.957  34.540756     7.3725     1.2703     64.405    33.7822    26.4087 -9.990e-29
 236.679028     64.973  34.540654     7.3720     1.2673     64.421    33.7826    26.4091 -9.990e-29
 236.679034     65.009  34.540590     7.3716     1.2702     64.456    33.7829    26.4094 -9.990e-29
 236.679039     65.059  34.540490     7.3716     1.2629     64.506    33.7828    26.4093 -9.990e-29
 236.679045     65.117  34.540230     7.3718     1.2643     64.563    33.7823    26.4089 -9.990e-29
 236.679051     65.178  34.540034     7.3717     1.2673     64.624    33.7821    26.4088 -9.990e-29
 236.679057     65.238  34.540213     7.3717     1.2600     64.683    33.7823    26.4089 -9.990e-29
 236.679062     65.292  34.540455     7.3721     1.2498     64.737    33.7821    26.4087 -9.990e-29
 236.679068     65.334  34.540533     7.3725     1.2512     64.778    33.7818    26.4084 -9.990e-29
 236.679074     65.359  34.540561     7.3726     1.2673     64.803    33.7817    26.4083 -9.990e-29
 236.679080     65.365  34.540590     7.3726     1.2687     64.809    33.7818    26.4084 -9.990e-29
 236.679086     65.355  34.540667     7.3726     1.2688     64.799    33.7819    26.4084 -9.990e-29
 236.679091     65.338  34.540908     7.3727     1.2703     64.782    33.7820    26.4086 -9.990e-29
 236.679097     65.316  34.541086     7.3728     1.2600     64.761    33.7821    26.4086 -9.990e-29
 236.679103     65.294  34.540890     7.3726     1.2630     64.739    33.7821    26.4086 -9.990e-29
 236.679109     65.277  34.540632     7.3724     1.2600     64.722    33.7821    26.4086 -9.990e-29
 236.679115     65.265  34.540539     7.3724     1.2572     64.710    33.7820    26.4085 -9.990e-29
 236.679120     65.253  34.540499     7.3726     1.2630     64.698    33.7817    26.4083 -9.990e-29
 236.679126     65.244  34.540469     7.3727     1.2527     64.689    33.7816    26.4082 -9.990e-29
 236.679132     65.243  34.540420     7.3725     1.2600     64.688    33.7817    26.4083 -9.990e-29
 236.679138     65.252  34.540300     7.3721     1.2630     64.697    33.7820    26.4086 -9.990e-29
 236.679144     65.278  34.539958     7.3718     1.2557     64.723    33.7819    26.4086 -9.990e-29
 236.679149     65.313  34.539511     7.3717     1.2556     64.758    33.7815    26.4083 -9.990e-29
 236.679155     65.346  34.539493     7.3718     1.2600     64.790    33.7814    26.4082 -9.990e-29
 236.679161     65.376  34.539889     7.3718     1.2557     64.820    33.7818    26.4085 -9.990e-29
 236.679167     65.404  34.540119     7.3718     1.2586     64.848    33.7820    26.4087 -9.990e-29
 236.679172     65.427  34.539942     7.3720     1.2455     64.871    33.7816    26.4083 -9.990e-29
 236.679178     65.440  34.539692     7.3722     1.2499     64.884    33.7811    26.4079 -9.990e-29
 236.679184     65.441  34.539606     7.3720     1.2585     64.885    33.7812    26.4080 -9.990e-29
 236.679190     65.442  34.539580     7.3719     1.2513     64.886    33.7813    26.4081 -9.990e-29
 236.679196     65.444  34.539593     7.3721     1.2512     64.888    33.7811    26.4079 -9.990e-29
 236.679201     65.449  34.539674     7.3727     1.2556     64.892    33.7806    26.4075 -9.990e-29
 236.679207     65.458  34.539942     7.3735     1.2614     64.901    33.7801    26.4070 -9.990e-29
 236.679213     65.469  34.540205     7.3741     1.2571     64.912    33.7798    26.4066 -9.990e-29
 236.679219     65.481  34.540266     7.3741     1.2615     64.924    33.7799    26.4067 -9.990e-29
 236.679225     65.484  34.540211     7.3735     1.2688     64.927    33.7804    26.4072 -9.990e-29
 236.679230     65.476  34.539969     7.3731     1.2645     64.919    33.7806    26.4073 -9.990e-29
 236.679236     65.456  34.539780     7.3730     1.2645     64.899    33.7805    26.4073 -9.990e-29
 236.679242     65.426  34.539953     7.3728     1.2557     64.870    33.7809    26.4076 -9.990e-29
 236.679248     65.393  34.540160     7.3726     1.2528     64.837    33.7813    26.4080 -9.990e-29
 236.679253     65.363  34.540118     7.3724     1.2484     64.807    33.7815    26.4081 -9.990e-29
 236.679259     65.348  34.539773     7.3721     1.2455     64.792    33.7814    26.4081 -9.990e-29
 236.679265     65.360  34.539225     7.3719     1.2455     64.804    33.7810    26.4078 -9.990e-29
 236.679271     65.399  34.538865     7.3720     1.2587     64.843    33.7805    26.4074 -9.990e-29
 236.679277     65.455  34.538773     7.3721     1.2674     64.898    33.7802    26.4072 -9.990e-29
 236.679282     65.515  34.538828     7.3721     1.2469     64.958    33.7803    26.4073 -9.990e-29
 236.679288     65.564  34.539102     7.3721     1.2483     65.006    33.7805    26.4075 -9.990e-29
 236.679294     65.594  34.539398     7.3722     1.2455     65.036    33.7808    26.4076 -9.990e-29
 236.679300     65.605  34.539551     7.3723     1.2513     65.047    33.7808    26.4077 -9.990e-29
 236.679306     65.609  34.539766     7.3724     1.2601     65.051    33.7809    26.4077 -9.990e-29
 236.679311     65.608  34.539770     7.3726     1.2542     65.050    33.7808    26.4076 -9.990e-29
 236.679317     65.603  34.539568     7.3726     1.2746     65.045    33.7805    26.4074 -9.990e-29
 236.679323     65.594  34.539453     7.3727     1.2702     65.036    33.7803    26.4072 -9.990e-29
 236.679329     65.579  34.539272     7.3729     1.2469     65.021    33.7799    26.4069 -9.990e-29
 236.679334     65.559  34.539344     7.3730     1.2454     65.002    33.7799    26.4069 -9.990e-29
 236.679340     65.532  34.539767     7.3728     1.2498     64.975    33.7806    26.4074 -9.990e-29
 236.679346     65.500  34.539983     7.3724     1.2645     64.943    33.7812    26.4080 -9.990e-29
 236.679352     65.470  34.539723     7.3720     1.2631     64.913    33.7814    26.4081 -9.990e-29
 236.679358     65.444  34.539201     7.3719     1.2514     64.888    33.7809    26.4078 -9.990e-29
 236.679363     65.421  34.538840     7.3720     1.2558     64.865    33.7804    26.4074 -9.990e-29
 236.679369     65.399  34.538719     7.3722     1.2616     64.843    33.7801    26.4071 -9.990e-29
 236.679375     65.381  34.538678     7.3723     1.2572     64.825    33.7800    26.4070 -9.990e-29
 236.679381     65.379  34.538664     7.3723     1.2411     64.823    33.7800    26.4070 -9.990e-29
 236.679387     65.401  34.538659     7.3723     1.2427     64.845    33.7799    26.4070 -9.990e-29
 236.679392     65.444  34.538657     7.3723     1.2485     64.888    33.7799    26.4070 -9.990e-29
 236.679398     65.503  34.538657     7.3721     1.2471     64.946    33.7801    26.4071 -9.990e-29
 236.679404     65.568  34.538657     7.3718     1.2369     65.010    33.7803    26.4074 -9.990e-29
 236.679410     65.626  34.538658     7.3717     1.2485     65.068    33.7804    26.4074 -9.990e-29
 236.679416     65.673  34.538658     7.3720     1.2572     65.115    33.7801    26.4071 -9.990e-29
 236.679421     65.711  34.538658     7.3724     1.2557     65.152    33.7797    26.4068 -9.990e-29
 236.679427     65.740  34.538658     7.3726     1.2527     65.181    33.7795    26.4066 -9.990e-29
 236.679433     65.755  34.538657     7.3725     1.2410     65.196    33.7796    26.4067 -9.990e-29
 236.679439     65.762  34.538656     7.3721     1.2542     65.203    33.7800    26.4070 -9.990e-29
 236.679444     65.767  34.538656     7.3718     1.2527     65.208    33.7803    26.4073 -9.990e-29
 236.679450     65.765  34.538656     7.3717     1.2395     65.206    33.7804    26.4074 -9.990e-29
 236.679456     65.752  34.538657     7.3721     1.2337     65.193    33.7800    26.4070 -9.990e-29
 236.679462     65.723  34.538660     7.3728     1.2513     65.164    33.7793    26.4064 -9.990e-29
 236.679468     65.671  34.538669     7.3732     1.2659     65.113    33.7789    26.4061 -9.990e-29
 236.679473     65.602  34.538696     7.3733     1.2616     65.044    33.7789    26.4060 -9.990e-29
 236.679479     65.528  34.538776     7.3733     1.2529     64.971    33.7790    26.4061 -9.990e-29
 236.679485     65.458  34.539019     7.3730     1.2412     64.901    33.7796    26.4066 -9.990e-29
 236.679491     65.395  34.539191     7.3727     1.2441     64.839    33.7801    26.4071 -9.990e-29
 236.679497     65.346  34.538964     7.3728     1.2501     64.790    33.7798    26.4068 -9.990e-29
 236.679502     65.314  34.538593     7.3728     1.2398     64.759    33.7794    26.4065 -9.990e-29
 236.679508     65.310  34.538147     7.3724     1.2368     64.755    33.7793    26.4065 -9.990e-29
 236.679514     65.344  34.537590     7.3718     1.2573     64.788    33.7793    26.4065 -9.990e-29
 236.679520     65.408  34.537302     7.3717     1.2558     64.852    33.7791    26.4064 -9.990e-29
 236.679525     65.489  34.537459     7.3721     1.2587     64.932    33.7788    26.4061 -9.990e-29
 236.679531     65.576  34.537709     7.3726     1.2425     65.018    33.7785    26.4058 -9.990e-29
 236.679537     65.656  34.537823     7.3727     1.2410     65.098    33.7785    26.4058 -9.990e-29
 236.679543     65.719  34.537955     7.3726     1.2498     65.160    33.7787    26.4060 -9.990e-29
 236.679549     65.759  34.537718     7.3725     1.2527     65.200    33.7786    26.4059 -9.990e-29
 236.679554     65.779  34.536238     7.3724     1.2454     65.220    33.7770    26.4047 -9.990e-29
 236.679560     65.775  34.534901     7.3723     1.2367     65.216    33.7757    26.4036 -9.990e-29
 236.679566     65.749  34.535844     7.3725     1.2469     65.190    33.7765    26.4043 -9.990e-29
 236.679572     65.705  34.537526     7.3729     1.2528     65.146    33.7780    26.4053 -9.990e-29
 236.679578     65.647  34.538272     7.3733     1.2484     65.089    33.7784    26.4056 -9.990e-29
 236.679583     65.574  34.538515     7.3735     1.2426     65.016    33.7785    26.4057 -9.990e-29
 236.679589     65.495  34.538580     7.3735     1.2470     64.938    33.7786    26.4058 -9.990e-29
 236.679595     65.421  34.538556     7.3734     1.2528     64.865    33.7788    26.4059 -9.990e-29
 236.679601     65.362  34.538412     7.3730     1.2587     64.806    33.7790    26.4061 -9.990e-29
 236.679606     65.317  34.537959     7.3725     1.2354     64.762    33.7790    26.4062 -9.990e-29
 236.679612     65.289  34.537152     7.3720     1.2441     64.734    33.7787    26.4060 -9.990e-29
 236.679618     65.283  34.536595     7.3714     1.2500     64.728    33.7786    26.4061 -9.990e-29
 236.679624     65.299  34.536666     7.3710     1.2457     64.744    33.7791    26.4065 -9.990e-29
 236.679630     65.330  34.536901     7.3711     1.2485     64.775    33.7792    26.4066 -9.990e-29
 236.679635     65.370  34.537053     7.3713     1.2368     64.814    33.7792    26.4065 -9.990e-29
 236.679641     65.415  34.537324     7.3715     1.2397     64.859    33.7793    26.4065 -9.990e-29
 236.679647     65.471  34.537518     7.3718     1.2558     64.914    33.7792    26.4064 -9.990e-29
 236.679653     65.534  34.537334     7.3718     1.2586     64.977    33.7789    26.4062 -9.990e-29
 236.679659     65.602  34.537087     7.3717     1.2586     65.044    33.7787    26.4061 -9.990e-29
 236.679664     65.666  34.537006     7.3717     1.2455     65.108    33.7786    26.4060 -9.990e-29
 236.679670     65.716  34.536984     7.3716     1.2367     65.157    33.7787    26.4061 -9.990e-29
 236.679676     65.747  34.536991     7.3718     1.2367     65.188    33.7785    26.4059 -9.990e-29
 236.679682     65.754  34.537036     7.3722     1.2397     65.195    33.7781    26.4055 -9.990e-29
 236.679688     65.735  34.537177     7.3728     1.2455     65.176    33.7777    26.4051 -9.990e-29
 236.679693     65.699  34.537603     7.3733     1.2353     65.140    33.7777    26.4050 -9.990e-29
 236.679699     65.648  34.538323     7.3735     1.2426     65.090    33.7783    26.4055 -9.990e-29
 236.679705     65.582  34.538620     7.3736     1.2557     65.024    33.7785    26.4057 -9.990e-29
 236.679711     65.511  34.538328     7.3738     1.2514     64.954    33.7781    26.4053 -9.990e-29
 236.679716     65.442  34.538182     7.3737     1.2411     64.886    33.7780    26.4053 -9.990e-29
 236.679722     65.376  34.537988     7.3732     1.2294     64.820    33.7783    26.4056 -9.990e-29
 236.679728     65.312  34.537488     7.3726     1.2366     64.757    33.7784    26.4057 -9.990e-29
 236.679734     65.255  34.537134     7.3722     1.2483     64.700    33.7785    26.4058 -9.990e-29
 236.679740     65.206  34.537016     7.3722     1.2540     64.652    33.7784    26.4057 -9.990e-29
 236.679745     65.157  34.536976     7.3723     1.2510     64.603    33.7782    26.4056 -9.990e-29
 236.679751     65.097  34.536962     7.3723     1.2349     64.544    33.7782    26.4056 -9.990e-29
 236.679757     65.018  34.536958     7.3722     1.2422     64.465    33.7784    26.4057 -9.990e-29
 236.679763     64.914  34.536956     7.3722     1.2451     64.362    33.7784    26.4058 -9.990e-29
 236.679769     64.779  34.536955     7.3725     1.2479     64.228    33.7782    26.4056 0.0000e+00
 236.679774     64.605  34.536954     7.3729     1.2508     64.056    33.7779    26.4053 0.0000e+00
 236.679780     64.388  34.536951     7.3730     1.2346     63.841    33.7779    26.4052 0.0000e+00
 236.679786     64.137  34.536945     7.3730     1.2317     63.592    33.7780    26.4053 0.0000e+00
 236.679792     63.857  34.536929     7.3730     1.2418     63.314    33.7781    26.4054 0.0000e+00
 236.679797     63.547  34.536885     7.3730     1.2476     63.007    33.7782    26.4055 0.0000e+00
 236.679803     63.209  34.536755     7.3727     1.2431     62.672    33.7785    26.4058 0.0000e+00
 236.679809     62.851  34.536366     7.3724     1.2372     62.317    33.7786    26.4059 0.0000e+00
 236.679815     62.482  34.535761     7.3722     1.2314     61.951    33.7783    26.4057 0.0000e+00
 236.679821     62.098  34.535257     7.3718     1.2444     61.570    33.7783    26.4057 0.0000e+00
 236.679826     61.697  34.534744     7.3712     1.2531     61.173    33.7786    26.4060 0.0000e+00
 236.679832     61.283  34.534100     7.3709     1.2530     60.763    33.7783    26.4059 0.0000e+00
 236.679838     60.864  34.533587     7.3707     1.2500     60.347    33.7782    26.4058 0.0000e+00
 236.679844     60.444  34.533086     7.3704     1.2442     59.931    33.7781    26.4058 0.0000e+00
 236.679850     60.021  34.532490     7.3703     1.2339     59.511    33.7778    26.4055 0.0000e+00
 236.679855     59.599  34.532126     7.3704     1.2411     59.093    33.7775    26.4052 0.0000e+00
 236.679861     59.181  34.532073     7.3702     1.2440     58.679    33.7778    26.4055 0.0000e+00
 236.679867     58.766  34.532264     7.3698     1.2469     58.267    33.7786    26.4062 0.0000e+00
 236.679873     58.353  34.532393     7.3695     1.2396     57.858    33.7793    26.4067 0.0000e+00
 236.679878     57.942  34.532075     7.3692     1.2308     57.450    33.7794    26.4069 0.0000e+00
