data/oxygen options/ONMS/Olympic_Coast_National_Marine_Sanctuary_Hypoxia_Survey_CTD_Data_2004_2015/raw_data/2011/CAST_RR042_082411faed.cnv
* Sea-Bird SBE19 Data File:
* FileName = C:\Documents and Settings\OCNMS\Desktop\2011 mooring data\3rd service\CAST_RR042_082411.hex
* Software Version 1.24
* Temperature SN = 2997
* Conductivity SN = 2997
* System UpLoad Time = Aug 24 2011 16:03:00
** CAST_RR042_082411
* SEACAT PROFILER V3.1c SN 2997   08/24/11  16:02:17.086
# nquan = 9                                 
# nvalues = 1048                        
# units = specified
# name 0 = timeJ: Julian Days
# name 1 = prSM: Pressure, Strain Gauge [db]
# name 2 = c0mS/cm: Conductivity [mS/cm]
# name 3 = t090C: Temperature [ITS-90, deg C]
# name 4 = sbeox0ML/L: Oxygen, SBE 43 [ml/l]
# name 5 = depSM: Depth [salt water, m], lat = 47.5
# name 6 = sal00: Salinity, Practical [PSU]
# name 7 = sigma-é00: Density [sigma-theta, kg/m^3]
# name 8 = flag: flag
# span 0 = 236.660336, 236.666395       
# span 1 =     -5.960,     42.062       
# span 2 =   0.285324,  38.367827       
# span 3 =     7.5811,    15.0670       
# span 4 =    -2.0079,    22.5388       
# span 5 =     -5.910,     41.707       
# span 6 =     0.1708,    33.6526       
# span 7 =    -0.7714,    26.2768       
# span 8 = 0.0000e+00, 0.0000e+00       
# interval = seconds: 0.5
# start_time = Aug 24 2011 15:50:53 [Instrument's time stamp, header]
# bad_flag = -9.990e-29
*END*
[from data line 961]
 236.665897     15.390  34.673162     8.1156     3.3673     15.261    33.2335    25.8699 0.0000e+00
 236.665903     15.089  34.688172     8.1538     3.4144     14.963    33.2134    25.8484 0.0000e+00
 236.665909     14.769  34.703712     8.1993     3.4622     14.645    33.1869    25.8210 0.0000e+00
 236.665914     14.435  34.722615     8.2449     3.4930     14.314    33.1641    25.7963 0.0000e+00
 236.665920     14.099  34.747909     8.2827     3.4982     13.981    33.1554    25.7838 0.0000e+00
 236.665926     13.771  34.776398     8.3104     3.4963     13.656    33.1596    25.7830 0.0000e+00
 236.665932     13.451  34.802041     8.3337     3.5085     13.338    33.1649    25.7836 0.0000e+00
 236.665938     13.135  34.820960     8.3528     3.5560     13.025    33.1670    25.7825 0.0000e+00
 236.665943     12.821  34.832254     8.3684     3.6218     12.714    33.1644    25.7781 0.0000e+00
 236.665949     12.506  34.839789     8.3869     3.6876     12.401    33.1551    25.7680 0.0000e+00
 236.665955     12.187  34.850816     8.4118     3.7791     12.085    33.1435    25.7551 0.0000e+00
 236.665961     11.865  34.867162     8.4403     3.9089     11.766    33.1341    25.7434 0.0000e+00
 236.665966     11.546  34.891591     8.4698     4.0810     11.449    33.1322    25.7375 0.0000e+00
 236.665972     11.230  34.931482     8.5069     4.2907     11.136    33.1396    25.7377 0.0000e+00
 236.665978     10.915  34.976760     8.5680     4.4973     10.824    33.1300    25.7209 0.0000e+00
 236.665984     10.598  35.018372     8.6627     4.6948     10.509    33.0851    25.6713 0.0000e+00
 236.665990     10.279  35.071491     8.7732     4.8523     10.193    33.0377    25.6172 0.0000e+00
 236.665995      9.965  35.139202     8.8805     4.9959      9.882    33.0086    25.5778 0.0000e+00
 236.666001      9.657  35.211578     8.9854     5.1360      9.576    32.9867    25.5443 0.0000e+00
 236.666007      9.352  35.294993     9.0873     5.2772      9.274    32.9791    25.5224 0.0000e+00
 236.666013      9.048  35.388694     9.1860     5.4065      8.972    32.9850    25.5114 0.0000e+00
 236.666019      8.744  35.472050     9.2753     5.5316      8.671    32.9888    25.5002 0.0000e+00
 236.666024      8.436  35.524630     9.3438     5.6538      8.365    32.9800    25.4824 0.0000e+00
 236.666030      8.118  35.553283     9.4129     5.8083      8.050    32.9460    25.4447 0.0000e+00
 236.666036      7.783  35.590630     9.5003     5.9953      7.718    32.9042    25.3979 0.0000e+00
 236.666042      7.435  35.638319     9.5820     6.1792      7.373    32.8784    25.3645 0.0000e+00
 236.666047      7.087  35.690510     9.6434     6.3525      7.028    32.8758    25.3525 0.0000e+00
 236.666053      6.746  35.756330     9.6936     6.4918      6.690    32.8973    25.3611 0.0000e+00
 236.666059      6.411  35.811560     9.7430     6.6535      6.357    32.9087    25.3619 0.0000e+00
 236.666065      6.079  35.841935     9.7991     6.8393      6.028    32.8886    25.3370 0.0000e+00
 236.666071      5.750  35.864442     9.8551     7.0618      5.702    32.8606    25.3058 0.0000e+00
 236.666076      5.429  35.882220     9.8975     7.3182      5.384    32.8402    25.2829 0.0000e+00
 236.666082      5.117  35.901626     9.9244     7.5534      5.074    32.8356    25.2748 0.0000e+00
 236.666088      4.811  35.926146     9.9457     7.7712      4.771    32.8412    25.2757 0.0000e+00
 236.666094      4.509  35.947601     9.9715     8.0348      4.471    32.8397    25.2702 0.0000e+00
 236.666100      4.209  35.968842    10.0030     8.2445      4.174    32.8327    25.2596 0.0000e+00
 236.666105      3.912  35.995794    10.0353     8.4744      3.879    32.8309    25.2527 0.0000e+00
 236.666111      3.622  36.023520    10.0668     8.7281      3.592    32.8305    25.2471 0.0000e+00
 236.666117      3.334  36.046436    10.1070     8.9032      3.306    32.8173    25.2301 0.0000e+00
 236.666123      3.045  36.079981    10.1651     9.1332      3.020    32.7987    25.2059 0.0000e+00
 236.666128      2.763  36.139207    10.2375     9.3182      2.740    32.7931    25.1893 0.0000e+00
 236.666134      2.492  36.224128    10.3314     9.4661      2.471    32.7940    25.1740 0.0000e+00
 236.666140      2.232  36.344382    10.4527     9.5788      2.213    32.8055    25.1623 0.0000e+00
 236.666146      1.983  36.486710    10.6089     9.6297      1.966    32.8075    25.1370 0.0000e+00
 236.666152      1.746  36.619128    10.8256     9.6225      1.731    32.7453    25.0509 0.0000e+00
 236.666157      1.524  36.760281    11.0663     9.5206      1.511    32.6707    24.9504 0.0000e+00
 236.666163      1.320  36.949421    11.3083     9.3415      1.309    32.6425    24.8853 0.0000e+00
 236.666169      1.137  37.214746    11.5675     9.1268      1.128    32.6735    24.8625 0.0000e+00
 236.666175      0.978  37.473752    11.7768    10.6059      0.970    32.7415    24.8769 0.0000e+00
 236.666181      0.831  37.594050    11.8989    10.3036      0.824    32.7508    24.8615 0.0000e+00
 236.666186      0.688  37.617905    11.9668     9.6097      0.682    32.7143    24.8205 0.0000e+00
 236.666192      0.553  37.628135    11.9983     8.5677      0.548    32.6966    24.8009 -9.990e-29
 236.666198      0.429  37.624953    12.0154     7.5561      0.425    32.6786    24.7838 -9.990e-29
 236.666204      0.322  37.572760    12.0484     6.7700      0.319    32.5994    24.7161 -9.990e-29
 236.666209      0.237  37.421572    12.1067     6.3461      0.235    32.4028    24.5527 -9.990e-29
 236.666215      0.173  37.090232    12.1762     6.2168      0.172    32.0242    24.2460 -9.990e-29
 236.666221      0.127  36.251785    12.2442     6.1344      0.126    31.1637    23.5662 -9.990e-29
 236.666227      0.095  33.852724    12.3075     6.1842      0.094    28.8352    21.7508 -9.990e-29
 236.666233      0.072  26.748647    12.3663     6.2226      0.071    22.2020    16.6118 -9.990e-29
 236.666238      0.051  15.918359    12.4218     6.2921      0.051    12.5785     9.1782 -9.990e-29
 236.666244      0.035   8.277681    12.4720     6.3392      0.035     6.1992     4.2495 -9.990e-29
 236.666250      0.028   5.408554    12.5137     6.4092      0.028     3.9253     2.4865 -9.990e-29
 236.666256      0.025   4.454938    12.5438     6.4624      0.025     3.1893     1.9130 -9.990e-29
 236.666262      0.017   4.200886    12.5636     6.4852      0.017     2.9945     1.7596 -9.990e-29
 236.666267      0.004   4.216652    12.5858     6.4669      0.004     3.0047     1.7646 -9.990e-29
 236.666273     -0.006   4.253492    12.6215     6.5002     -0.006     3.0298     1.7795 -9.990e-29
 236.666279     -0.011   4.260043    12.6683     6.5270     -0.011     3.0310     1.7744 -9.990e-29
 236.666285     -0.014   4.282178    12.7167     6.5709     -0.014     3.0439     1.7780 -9.990e-29
 236.666291     -0.021   4.159000    12.7544     6.5658     -0.021     2.9479     1.6988 -9.990e-29
 236.666296     -0.026   3.916166    12.7749     6.5677     -0.026     2.7637     1.5536 -9.990e-29
 236.666302     -0.031   3.701699    12.7876     6.6015     -0.031     2.6023     1.4269 -9.990e-29
 236.666308     -0.040   3.530421    12.8029     6.6167     -0.040     2.4737     1.3253 -9.990e-29
 236.666314     -0.050   3.305484    12.8154     6.6273     -0.050     2.3060     1.1939 -9.990e-29
 236.666319     -0.056   3.100349    12.8142     6.6332     -0.056     2.1547     1.0768 -9.990e-29
 236.666325     -0.059   3.183491    12.8002     6.6306     -0.059     2.2168     1.1267 -9.990e-29
 236.666331     -0.060   3.467076    12.7824     6.6476     -0.059     2.4279     1.2925 -9.990e-29
 236.666337     -0.058   3.564717    12.7664     6.6357     -0.058     2.5016     1.3517 -9.990e-29
 236.666343     -0.054   3.450788    12.7519 -9.990e-29     -0.054     2.4177     1.2886 -9.990e-29
 236.666348     -0.046   3.435021    12.7362 -9.990e-29     -0.046     2.4070     1.2823 -9.990e-29
 236.666354     -0.039   3.628970    12.7185 -9.990e-29     -0.039     2.5527     1.3975 -9.990e-29
 236.666360     -0.041   3.764658    12.7015 -9.990e-29     -0.041     2.6554     1.4792 -9.990e-29
 236.666366     -0.048   3.657351    12.6872 -9.990e-29     -0.048     2.5760     1.4196 -9.990e-29
 236.666372     -0.051   3.429238    12.6741 -9.990e-29     -0.051     2.4066     1.2900 -9.990e-29
 236.666377     -0.056   3.179026    12.6623 -9.990e-29     -0.056     2.2215     1.1481 -9.990e-29
 236.666383     -0.061   2.935374    12.6555 -9.990e-29     -0.060     2.0419     1.0097 -9.990e-29
 236.666389     -0.065   2.757260    12.6538 -9.990e-29     -0.064     1.9111     0.9085 -9.990e-29
 236.666395     -0.066   2.717235 -9.990e-29 -9.990e-29     -0.065 -9.990e-29 -9.990e-29 -9.990e-29
