data/oxygen options/OCNMS/OCNMS2/raw_data/2012/CAST_RR025_120906faed.cnv
* Sea-Bird SBE19 Data File:
* FileName = C:\Documents and Settings\OCNMS\Desktop\2012 mooring data\Hypoxia Sampling\CAST_RR025_120906.hex
* Software Version 1.25
* Temperature SN = 2997
* Conductivity SN = 2997
* System UpLoad Time = Sep 06 2012 14:45:32
** CAST_RR025_120906
* SEACAT PROFILER V3.1c SN 2997   09/06/12  14:43:20.689
# nquan = 9                                 
# nvalues = 945                         
# units = specified
# name 0 = timeJ: Julian Days
# name 1 = prSM: Pressure, Strain Gauge [db]
# name 2 = c0mS/cm: Conductivity [mS/cm]
# name 3 = t090C: Temperature [ITS-90, deg C]
# name 4 = sbeox0ML/L: Oxygen, SBE 43 [ml/l]
# name 5 = depSM: Depth [salt water, m], lat = 47.5
# name 6 = sal00: Salinity, Practical [PSU]
# name 7 = sigma-é00: Density [sigma-theta, kg/m^3]
# name 8 = flag: flag
# span 0 = 250.594954, 250.600417       
# span 1 =     -4.605,     25.060       
# span 2 =   0.373444,  38.168441       
# span 3 =     7.8468,    13.2974       
# span 4 =   -13.8258,    14.6752       
# span 5 =     -4.567,     24.849       
# span 6 =     0.2368,    33.5752       
# span 7 =    -0.4342,    26.1701       
# span 8 = 0.0000e+00, 0.0000e+00       
# interval = seconds: 0.5
# start_time = Sep 06 2012 14:16:44 [Instrument's time stamp, header]
# bad_flag = -9.990e-29
*END*
[from data line 641]
 250.598663      0.919  38.152078    13.2704     6.7070      0.911    32.1008    24.0947 -9.990e-29
 250.598669      0.917  38.148262    13.2700     6.7086      0.909    32.0976    24.0923 -9.990e-29
 250.598675      0.915  38.147273    13.2718     6.7010      0.907    32.0952    24.0900 -9.990e-29
 250.598681      0.913  38.151675    13.2746     6.6983      0.905    32.0969    24.0908 -9.990e-29
 250.598686      0.909  38.156653    13.2766     6.7144      0.901    32.0999    24.0927 -9.990e-29
 250.598692      0.904  38.159842    13.2777     6.7247      0.896    32.1020    24.0941 -9.990e-29
 250.598698      0.898  38.162091    13.2787     6.7288      0.891    32.1032    24.0949 -9.990e-29
 250.598704      0.895  38.164119    13.2798     6.7197      0.888    32.1042    24.0954 -9.990e-29
 250.598709      0.898  38.165790    13.2806     6.6985      0.891    32.1051    24.0959 -9.990e-29
 250.598715      0.904  38.167050    13.2809     6.6860      0.896    32.1060    24.0966 -9.990e-29
 250.598721      0.909  38.167859    13.2807     6.6863      0.901    32.1069    24.0974 -9.990e-29
 250.598727      0.912  38.167017    13.2797     6.7069      0.904    32.1070    24.0976 -9.990e-29
 250.598733      0.915  38.164480    13.2781     6.7311      0.907    32.1060    24.0971 -9.990e-29
 250.598738      0.917  38.162432    13.2772     6.7501      0.909    32.1048    24.0964 -9.990e-29
 250.598744      0.919  38.161463    13.2776     6.7370      0.911    32.1036    24.0954 -9.990e-29
 250.598750      0.920  38.161362    13.2783     6.7121      0.912    32.1029    24.0947 -9.990e-29
 250.598756      0.921  38.162516    13.2777     6.7067      0.913    32.1045    24.0960 -9.990e-29
 250.598762      0.922  38.163060    13.2765     6.7050      0.914    32.1060    24.0975 -9.990e-29
 250.598767      0.923  38.162561    13.2760     6.7084      0.915    32.1059    24.0975 -9.990e-29
 250.598773      0.923  38.161435    13.2733     6.7063      0.915    32.1072    24.0990 -9.990e-29
 250.598779      0.924  38.156459    13.2656     6.6949      0.916    32.1090    24.1019 -9.990e-29
 250.598785      0.924  38.148243    13.2569     6.6942      0.916    32.1086    24.1034 -9.990e-29
 250.598791      0.924  38.143725    13.2528     6.7050      0.916    32.1079    24.1036 -9.990e-29
 250.598796      0.925  38.144123    13.2527     6.7170      0.917    32.1083    24.1040 -9.990e-29
 250.598802      0.925  38.144321    13.2531     6.7272      0.917    32.1082    24.1038 -9.990e-29
 250.598808      0.925  38.143985    13.2528     6.7336      0.917    32.1081    24.1038 -9.990e-29
 250.598814      0.925  38.144868    13.2524     6.7369      0.917    32.1093    24.1048 -9.990e-29
 250.598819      0.925  38.145307    13.2508     6.7211      0.917    32.1110    24.1065 -9.990e-29
 250.598825      0.925  38.141366    13.2476     6.7140      0.917    32.1100    24.1063 -9.990e-29
 250.598831      0.926  38.134474    13.2466     6.7161      0.918    32.1044    24.1022 -9.990e-29
 250.598837      0.926  38.132772    13.2479     6.7113      0.918    32.1017    24.0998 -9.990e-29
 250.598843      0.926  38.136192    13.2486     6.7088      0.918    32.1043    24.1017 -9.990e-29
 250.598848      0.926  38.140290    13.2498     6.7120      0.918    32.1072    24.1037 -9.990e-29
 250.598854      0.926  38.145446    13.2525     6.7178      0.918    32.1097    24.1051 -9.990e-29
 250.598860      0.927  38.149532    13.2549     6.7231      0.919    32.1115    24.1060 -9.990e-29
 250.598866      0.927  38.149553    13.2560     6.7244      0.919    32.1106    24.1051 -9.990e-29
 250.598872      0.928  38.147740    13.2560     6.7081      0.920    32.1089    24.1038 -9.990e-29
 250.598877      0.929  38.146677    13.2550     6.7032      0.921    32.1088    24.1039 -9.990e-29
 250.598883      0.930  38.146028    13.2538     6.7041      0.922    32.1092    24.1044 -9.990e-29
 250.598889      0.931  38.145451    13.2536     6.7085      0.923    32.1088    24.1042 -9.990e-29
 250.598895      0.933  38.145818    13.2552     6.7128      0.925    32.1078    24.1031 -9.990e-29
 250.598900      0.936  38.148137    13.2582     6.7108      0.928    32.1074    24.1022 -9.990e-29
 250.598906      0.939  38.150978    13.2618     6.7043      0.931    32.1071    24.1012 -9.990e-29
 250.598912      0.943  38.152487    13.2651     6.6900      0.935    32.1057    24.0995 -9.990e-29
 250.598918      0.948  38.152957    13.2664     6.6952      0.940    32.1050    24.0987 -9.990e-29
 250.598924      0.954  38.151855    13.2649     6.7109      0.946    32.1053    24.0992 -9.990e-29
 250.598929      0.962  38.147112    13.2605     6.7277      0.954    32.1045    24.0995 -9.990e-29
 250.598935      0.973  38.138530    13.2536     6.7412      0.965    32.1023    24.0991 -9.990e-29
 250.598941      0.987  38.130874    13.2486     6.7277      0.979    32.0993    24.0978 -9.990e-29
 250.598947      1.004  38.130707    13.2515     6.6965      0.996    32.0967    24.0953 -9.990e-29
 250.598953      1.027  38.137764    13.2593     6.6800      1.018    32.0968    24.0937 -9.990e-29
 250.598958      1.052  38.145724    13.2643     6.6916      1.043    32.1000    24.0952 -9.990e-29
 250.598964      1.076  38.148915    13.2637     6.7053      1.067    32.1035    24.0981 -9.990e-29
 250.598970      1.106  38.146510    13.2588     6.7061      1.097    32.1053    24.1005 -9.990e-29
 250.598976      1.147  38.141426    13.2525     6.6646      1.137    32.1059    24.1021 -9.990e-29
 250.598981      1.202  38.135813    13.2447     6.5987      1.192    32.1072    24.1047 -9.990e-29
 250.598987      1.271  38.128309    13.2306     6.5390      1.260    32.1120    24.1112 -9.990e-29
 250.598993      1.353  38.113910    13.2040     6.4866      1.342    32.1210    24.1234 -9.990e-29
 250.598999      1.453  38.093549    13.1621     6.4975      1.441    32.1372    24.1443 -9.990e-29
 250.599005      1.575  38.070294    13.0964     6.5057      1.562    32.1710    24.1833 -9.990e-29
 250.599010      1.720  38.036066    12.9965     6.4468      1.706    32.2236    24.2435 0.0000e+00
 250.599016      1.895  37.984964    12.8738     6.3478      1.879    32.2798    24.3110 0.0000e+00
 250.599022      2.101  37.924444    12.7608     6.1944      2.083    32.3190    24.3633 0.0000e+00
 250.599028      2.344  37.872369    12.6764     6.0295      2.324    32.3418    24.3973 0.0000e+00
 250.599034      2.626  37.851688    12.6177     5.8813      2.604    32.3725    24.4323 0.0000e+00
 250.599039      2.947  37.861660    12.5713     5.7124      2.922    32.4218    24.4794 0.0000e+00
 250.599045      3.306  37.869022    12.4972     5.5059      3.278    32.4926    24.5485 0.0000e+00
 250.599051      3.698  37.820229    12.3625     5.2710      3.667    32.5625    24.6284 0.0000e+00
 250.599057      4.115  37.691641    12.2113     5.0520      4.081    32.5703    24.6630 0.0000e+00
 250.599063      4.560  37.552680    12.0779     4.8585      4.522    32.5525    24.6743 0.0000e+00
 250.599068      5.031  37.460034    11.9202     4.7160      4.989    32.6005    24.7410 0.0000e+00
 250.599074      5.522  37.371903    11.7238     4.5983      5.476    32.6872    24.8446 0.0000e+00
 250.599080      6.032  37.254197    11.5154     4.4361      5.982    32.7561    24.9362 0.0000e+00
 250.599086      6.559  37.120225    11.3117     4.2157      6.504    32.8052    25.0113 0.0000e+00
 250.599091      7.101  36.985120    11.1400     3.8908      7.042    32.8248    25.0573 0.0000e+00
 250.599097      7.659  36.875949    11.0261     3.4832      7.595    32.8183    25.0725 0.0000e+00
 250.599103      8.231  36.813454    10.9406     3.0710      8.162    32.8326    25.0988 0.0000e+00
 250.599109      8.808  36.770257    10.8419     2.6501      8.734    32.8780    25.1514 0.0000e+00
 250.599115      9.394  36.717837    10.7214     2.2775      9.315    32.9339    25.2161 0.0000e+00
 250.599120      9.996  36.652914    10.5709     1.9987      9.912    33.0047    25.2974 0.0000e+00
 250.599126     10.614  36.565055    10.3804     1.7858     10.525    33.0892    25.3960 0.0000e+00
 250.599132     11.249  36.440130    10.1388     1.6381     11.155    33.1835    25.5106 0.0000e+00
 250.599138     11.903  36.257713     9.8433     1.5325     11.803    33.2696    25.6273 0.0000e+00
 250.599144     12.569  36.034982     9.5249     1.4619     12.464    33.3362    25.7316 0.0000e+00
 250.599149     13.244  35.836821     9.2370     1.4352     13.133    33.3999    25.8279 0.0000e+00
 250.599155     13.927  35.677488     9.0084     1.4039     13.810    33.4486    25.9023 0.0000e+00
 250.599161     14.614  35.534884     8.8256     1.3529     14.492    33.4716    25.9490 0.0000e+00
 250.599167     15.298  35.409036     8.6900     1.3102     15.170    33.4675    25.9668 0.0000e+00
 250.599172     15.972  35.320172     8.6116     1.2544     15.838    33.4480    25.9635 0.0000e+00
 250.599178     16.630  35.275201     8.5449     1.2200     16.491    33.4635    25.9859 0.0000e+00
 250.599184     17.272  35.220828     8.4380     1.2293     17.127    33.5074    26.0365 0.0000e+00
 250.599190     17.896  35.119239     8.2955     1.2338     17.746    33.5352    26.0799 0.0000e+00
 250.599196     18.507  35.007439     8.1509     1.2515     18.352    33.5543    26.1165 0.0000e+00
 250.599201     19.114  34.916645     8.0328     1.2595     18.954    33.5703    26.1465 0.0000e+00
 250.599207     19.718  34.848386     7.9514     1.2557     19.553    33.5752    26.1623 0.0000e+00
 250.599213     20.318  34.802318     7.9008     1.2614     20.147    33.5742    26.1690 0.0000e+00
 250.599219     20.913  34.774648     7.8735     1.2702     20.737    33.5705    26.1701 0.0000e+00
 250.599225     21.495  34.760920     7.8612     1.2788     21.314    33.5674    26.1694 0.0000e+00
 250.599230     22.048  34.755670     7.8569     1.2929     21.863    33.5656    26.1686 0.0000e+00
 250.599236     22.562  34.754664     7.8582     1.2982     22.372    33.5630    26.1664 0.0000e+00
 250.599242     23.030  34.756526     7.8637     1.3007     22.837    33.5595    26.1629 0.0000e+00
 250.599248     23.448  34.759789     7.8707     1.2890     23.251    33.5561    26.1592 0.0000e+00
 250.599253     23.809  34.765973     7.8779     1.2825     23.609    33.5556    26.1577 0.0000e+00
 250.599259     24.108  34.776574     7.8860     1.2783     23.905    33.5591    26.1593 0.0000e+00
 250.599265     24.353  34.787777     7.8961     1.2640     24.148    33.5613    26.1595 0.0000e+00
 250.599271     24.551  34.798252     7.9086     1.2553     24.345    33.5604    26.1570 0.0000e+00
 250.599277     24.705  34.809615     7.9192     1.2485     24.497    33.5623    26.1570 -9.990e-29
 250.599282     24.817  34.814591     7.9244     1.2459     24.608    33.5626    26.1564 -9.990e-29
 250.599288     24.894  34.807465     7.9275     1.2455     24.685    33.5519    26.1476 -9.990e-29
 250.599294     24.949  34.797752     7.9303     1.2297     24.739    33.5388    26.1369 -9.990e-29
 250.599300     24.991  34.793192     7.9325     1.2247     24.781    33.5318    26.1311 -9.990e-29
 250.599306     25.021  34.790480     7.9340     1.2241     24.811    33.5274    26.1274 -9.990e-29
 250.599311     25.041  34.784851     7.9327     1.2098     24.831    33.5226    26.1239 -9.990e-29
 250.599317     25.054  34.777732     7.9297     1.2147     24.843    33.5179    26.1206 -9.990e-29
 250.599323     25.060  34.773043     7.9269     1.2091     24.849    33.5155    26.1191 -9.990e-29
 250.599329     25.058  34.770105     7.9227     1.1978     24.847    33.5164    26.1204 -9.990e-29
 250.599334     25.050  34.767771     7.9173     1.1945     24.839    33.5191    26.1233 -9.990e-29
 250.599340     25.034  34.767378     7.9152     1.1746     24.824    33.5207    26.1249 -9.990e-29
 250.599346     25.010  34.770614     7.9168     1.1751     24.800    33.5227    26.1262 -9.990e-29
 250.599352     24.976  34.778964     7.9142     1.1662     24.766    33.5341    26.1356 -9.990e-29
 250.599358     24.933  34.783932     7.9017     1.1668     24.723    33.5515    26.1510 -9.990e-29
 250.599363     24.889  34.774755     7.8851     1.1634     24.680    33.5576    26.1583 -9.990e-29
 250.599369     24.844  34.760450     7.8748     1.1617     24.635    33.5522    26.1555 -9.990e-29
 250.599375     24.795  34.754395     7.8729     1.1505     24.587    33.5476    26.1521 -9.990e-29
 250.599381     24.736  34.757444     7.8741     1.1528     24.528    33.5497    26.1536 -9.990e-29
 250.599387     24.654  34.762992     7.8756     1.1475     24.447    33.5542    26.1570 -9.990e-29
 250.599392     24.544  34.766085     7.8770     1.1459     24.338    33.5563    26.1584 -9.990e-29
 250.599398     24.410  34.764661     7.8754     1.1486     24.205    33.5563    26.1587 0.0000e+00
 250.599404     24.263  34.758475     7.8708     1.1346     24.059    33.5542    26.1577 0.0000e+00
 250.599410     24.110  34.753250     7.8678     1.1331     23.907    33.5516    26.1560 0.0000e+00
 250.599416     23.954  34.752633     7.8683     1.1294     23.753    33.5505    26.1551 0.0000e+00
 250.599421     23.794  34.754095     7.8690     1.1278     23.594    33.5515    26.1558 0.0000e+00
 250.599427     23.632  34.753955     7.8673     1.1283     23.433    33.5530    26.1572 0.0000e+00
 250.599433     23.479  34.749760     7.8634     1.1244     23.282    33.5523    26.1573 0.0000e+00
 250.599439     23.347  34.743172     7.8594     1.1206     23.151    33.5492    26.1554 -9.990e-29
 250.599444     23.241  34.738818     7.8574     1.1089     23.046    33.5465    26.1535 -9.990e-29
 250.599450     23.162  34.738145     7.8570     1.1110     22.967    33.5462    26.1534 -9.990e-29
 250.599456     23.110  34.738546     7.8563     1.1094     22.916    33.5473    26.1543 -9.990e-29
 250.599462     23.081  34.737729     7.8547     1.1160     22.887    33.5480    26.1551 -9.990e-29
 250.599468     23.074  34.735694     7.8531     1.1085     22.880    33.5473    26.1548 -9.990e-29
 250.599473     23.083  34.734180     7.8527     1.1064     22.889    33.5461    26.1539 -9.990e-29
 250.599479     23.101  34.735061     7.8541     1.1026     22.907    33.5457    26.1534 -9.990e-29
 250.599485     23.120  34.737803     7.8568     1.0967     22.926    33.5460    26.1533 -9.990e-29
 250.599491     23.133  34.740430     7.8587     1.1031     22.939    33.5470    26.1538 -9.990e-29
 250.599497     23.137  34.741939     7.8586     1.0972     22.943    33.5487    26.1551 -9.990e-29
 250.599502     23.132  34.740951     7.8570     1.0855     22.938    33.5492    26.1557 -9.990e-29
 250.599508     23.121  34.737803     7.8551     1.0855     22.927    33.5477    26.1548 -9.990e-29
 250.599514     23.114  34.735547     7.8533     1.0876     22.920    33.5470    26.1545 -9.990e-29
 250.599520     23.112  34.733949     7.8512     1.0880     22.918    33.5473    26.1551 -9.990e-29
 250.599525     23.117  34.731411     7.8494     1.0864     22.923    33.5463    26.1545 -9.990e-29
 250.599531     23.132  34.729560     7.8494     1.0843     22.938    33.5443    26.1530 -9.990e-29
 250.599537     23.164  34.729819     7.8507     1.0784     22.969    33.5433    26.1520 -9.990e-29
 250.599543     23.206  34.731384     7.8521     1.0828     23.011    33.5436    26.1521 -9.990e-29
 250.599549     23.246  34.732393     7.8523     1.0791     23.051    33.5445    26.1527 -9.990e-29
 250.599554     23.285  34.731921     7.8514     1.0790     23.089    33.5448    26.1531 -9.990e-29
 250.599560     23.319  34.730993     7.8508     1.0753     23.123    33.5444    26.1529 -9.990e-29
 250.599566     23.343  34.731143     7.8514     1.0752     23.147    33.5440    26.1524 -9.990e-29
 250.599572     23.354  34.732540     7.8526     1.0714     23.158    33.5443    26.1525 -9.990e-29
 250.599578     23.352  34.734219     7.8534     1.0715     23.156    33.5453    26.1532 -9.990e-29
