data/oxygen options/OCNMS/OCNMS2/raw_data/2012/CAST_RR042_120830faedb.cnv
* Sea-Bird SBE19 Data File:
* FileName = C:\Documents and Settings\OCNMS\Desktop\2012 mooring data\2nd service\CAST_RR042_120830.hex
* Software Version 1.25
* Temperature SN = 2997
* Conductivity SN = 2997
* System UpLoad Time = Aug 30 2012 14:25:33
** CAST_RR042_120830
* SEACAT PROFILER V3.1c SN 2997   08/30/12  14:24:26.353
# nquan = 9
# nvalues = 42                          
# units = specified
# name 0 = timeJ: Julian Days
# name 1 = prSM: Pressure, Strain Gauge [db]
# name 2 = c0mS/cm: Conductivity [mS/cm]
# name 3 = t090C: Temperature [ITS-90, deg C]
# name 4 = sbeox0ML/L: Oxygen, SBE 43 [ml/l]
# name 5 = depSM: Depth [salt water, m], lat = 47.5
# name 6 = sal00: Salinity, Practical [PSU]
# name 7 = sigma-é00: Density [sigma-theta, kg/m^3]
# name 8 = flag: flag
# span 0 = 243.597259, 243.598157       
# span 1 =      1.000,     42.000       
# span 2 =  34.437265,  39.292050       
# span 3 =     7.3404,    14.3589       
# span 4 =     1.1002,     7.7735       
# span 5 =      0.991,     41.645       
# span 6 =    32.2430,    33.7143       
# span 7 =    23.9835,    26.3594       
# span 8 = 0.0000e+00, 0.0000e+00       
# interval = decibars: 1                
# start_time = Aug 30 2012 14:14:05 [Instrument's time stamp, header]
# bad_flag = -9.990e-29
*END*
 243.597259      1.000  39.292050    14.3589     7.7735      0.991    32.2430    23.9835 0.0000e+00
 243.597283      2.000  38.887740    13.8840     7.5791      1.983    32.2682    24.1005 0.0000e+00
 243.597300      3.000  38.665213    13.6042     7.4231      2.975    32.2973    24.1799 0.0000e+00
 243.597315      4.000  38.622043    13.4907     7.2399      3.967    32.3526    24.2456 0.0000e+00
 243.597328      5.000  38.597303    13.3986     7.0752      4.958    32.4074    24.3064 0.0000e+00
 243.597341      6.000  38.593824    13.3250     6.9244      5.950    32.4663    24.3666 0.0000e+00
 243.597354      7.000  38.613097    13.2600     6.8889      6.941    32.5396    24.4362 0.0000e+00
 243.597367      8.000  38.571979    13.1425     6.9811      7.933    32.6012    24.5073 0.0000e+00
 243.597380      9.000  38.513316    13.0696     6.5374      8.925    32.6082    24.5271 0.0000e+00
 243.597397     10.000  38.504345    13.0595     5.5878      9.916    32.6080    24.5289 0.0000e+00
 243.597414     11.000  38.270782    12.7106     4.9461     10.908    32.6876    24.6586 0.0000e+00
 243.597430     12.000  37.842879    12.2813     4.7207     11.900    32.6515    24.7129 0.0000e+00
 243.597444     13.000  37.494138    11.8281     4.6374     12.891    32.7111    24.8439 0.0000e+00
 243.597456     14.000  37.263142    11.5499     4.6086     13.883    32.7309    24.9105 0.0000e+00
 243.597466     15.000  37.098952    11.3548     4.5967     14.874    32.7424    24.9548 0.0000e+00
 243.597477     16.000  36.960886    11.1760     4.4474     15.866    32.7649    25.0045 0.0000e+00
 243.597487     17.000  36.832065    10.9477     4.1146     16.857    32.8410    25.1042 0.0000e+00
 243.597496     18.000  36.621904    10.5145     3.8268     17.849    33.0215    25.3202 0.0000e+00
 243.597506     19.000  36.283313     9.9964     3.6064     18.840    33.1516    25.5097 0.0000e+00
 243.597515     20.000  35.932797     9.5414     3.4847     19.832    33.2125    25.6323 0.0000e+00
 243.597525     21.000  35.606370     9.1061     3.4647     20.824    33.2797    25.7546 0.0000e+00
 243.597535     22.000  35.290331     8.7054     3.4629     21.815    33.3253    25.8530 0.0000e+00
 243.597545     23.000  35.049023     8.4486     3.4627     22.807    33.3131    25.8827 0.0000e+00
 243.597556     24.000  34.921812     8.3093     3.4803     23.798    33.3099    25.9012 0.0000e+00
 243.597571     25.000  34.859646     8.2561     3.5253     24.790    33.2939    25.8966 0.0000e+00
 243.597906     26.000  34.845525     8.2782     3.2968     25.781    33.2575    25.8648 0.0000e+00
 243.597940     27.000  34.771888     8.1847     3.1762     26.773    33.2675    25.8865 0.0000e+00
 243.597956     28.000  34.761613     8.1632     3.1299     27.764    33.2765    25.8968 0.0000e+00
 243.597971     29.000  34.762465     8.1580     3.0591     28.756    33.2819    25.9017 0.0000e+00
 243.597989     30.000  34.765478     8.1550     2.7102     29.747    33.2874    25.9066 0.0000e+00
 243.598008     31.000  34.764728     8.1305     2.4695     30.739    33.3094    25.9275 0.0000e+00
 243.598025     32.000  34.767064     8.1064     2.2804     31.730    33.3344    25.9507 0.0000e+00
 243.598039     33.000  34.760077     8.0730     1.9883     32.722    33.3583    25.9743 0.0000e+00
 243.598053     34.000  34.733008     8.0023     1.7395     33.713    33.3963    26.0146 0.0000e+00
 243.598065     35.000  34.665396     7.8677     1.6346     34.705    33.4522    26.0782 0.0000e+00
 243.598077     36.000  34.575654     7.7292     1.4875     35.696    33.4884    26.1266 0.0000e+00
 243.598088     37.000  34.522140     7.6097     1.3079     36.688    33.5454    26.1885 0.0000e+00
 243.598100     38.000  34.471281     7.4834     1.1761     37.680    33.6120    26.2589 0.0000e+00
 243.598111     39.000  34.446887     7.4130     1.1005     38.671    33.6534    26.3013 0.0000e+00
 243.598124     40.000  34.440212     7.3696     1.1002     39.662    33.6879    26.3346 0.0000e+00
 243.598138     41.000  34.437265     7.3404     1.1338     40.654    33.7126    26.3581 0.0000e+00
 243.598157     42.000  34.439978     7.3413     1.2470     41.645    33.7143    26.3594 0.0000e+00
