data/oxygen options/OCNMS/OCNMS2/raw_data/2012/CAST_HH065_120830faed.cnv
* Sea-Bird SBE19 Data File:
* FileName = C:\Documents and Settings\OCNMS\Desktop\2012 mooring data\2nd service\CAST_HH065_120830.hex
* Software Version 1.25
* Temperature SN = 2997
* Conductivity SN = 2997
* System UpLoad Time = Aug 30 2012 18:30:57
** CAST_HH065_120830
* SEACAT PROFILER V3.1c SN 2997   08/30/12  18:29:09.081
# nquan = 9                                 
# nvalues = 1384                        
# units = specified
# name 0 = timeJ: Julian Days
# name 1 = prSM: Pressure, Strain Gauge [db]
# name 2 = c0mS/cm: Conductivity [mS/cm]
# name 3 = t090C: Temperature [ITS-90, deg C]
# name 4 = sbeox0ML/L: Oxygen, SBE 43 [ml/l]
# name 5 = depSM: Depth [salt water, m], lat = 47.5
# name 6 = sal00: Salinity, Practical [PSU]
# name 7 = sigma-é00: Density [sigma-theta, kg/m^3]
# name 8 = flag: flag
# span 0 = 243.761007, 243.769010       
# span 1 =     -5.203,     65.200       
# span 2 =   0.345258,  38.080880       
# span 3 =     7.3141,    13.2385       
# span 4 =    -1.8114,    16.6293       
# span 5 =     -5.160,     64.646       
# span 6 =     0.2169,    33.7308       
# span 7 =    -0.4550,    26.3759       
# span 8 = 0.0000e+00, 0.0000e+00       
# interval = seconds: 0.5
# start_time = Aug 30 2012 18:15:51 [Instrument's time stamp, header]
# bad_flag = -9.990e-29
*END*
[from data line 1121]
 243.767494     28.968  34.222884     7.5773     4.2744     28.724    33.2574    25.9666 0.0000e+00
 243.767500     29.544  34.172406     7.5193     4.1431     29.295    33.2582    25.9755 0.0000e+00
 243.767506     30.129  34.143024     7.4882     3.9809     29.875    33.2559    25.9781 0.0000e+00
 243.767512     30.729  34.132991     7.4724     3.8346     30.470    33.2600    25.9835 0.0000e+00
 243.767517     31.345  34.132207     7.4622     3.6986     31.081    33.2686    25.9917 0.0000e+00
 243.767523     31.976  34.138989     7.4539     3.6167     31.707    33.2836    26.0047 0.0000e+00
 243.767529     32.626  34.155023     7.4479     3.5600     32.351    33.3064    26.0235 0.0000e+00
 243.767535     33.287  34.178653     7.4441     3.5097     33.007    33.3353    26.0468 0.0000e+00
 243.767541     33.951  34.201556     7.4419     3.4411     33.665    33.3619    26.0680 0.0000e+00
 243.767546     34.608  34.215557     7.4411     3.2947     34.316    33.3776    26.0804 0.0000e+00
 243.767552     35.248  34.222449     7.4416     3.0746     34.951    33.3842    26.0856 0.0000e+00
 243.767558     35.870  34.229104     7.4429     2.8207     35.568    33.3899    26.0899 0.0000e+00
 243.767564     36.483  34.238160     7.4434     2.5558     36.175    33.3989    26.0969 0.0000e+00
 243.767569     37.096  34.248740     7.4417     2.3207     36.783    33.4117    26.1072 0.0000e+00
 243.767575     37.719  34.263117     7.4378     2.1295     37.401    33.4308    26.1227 0.0000e+00
 243.767581     38.360  34.283587     7.4324     1.9876     38.036    33.4579    26.1448 0.0000e+00
 243.767587     39.018  34.304890     7.4271     1.8725     38.689    33.4858    26.1675 0.0000e+00
 243.767593     39.687  34.321759     7.4222     1.7846     39.352    33.5085    26.1861 0.0000e+00
 243.767598     40.368  34.336450     7.4180     1.7256     40.027    33.5281    26.2021 0.0000e+00
 243.767604     41.060  34.350555     7.4147     1.6621     40.713    33.5463    26.2169 0.0000e+00
 243.767610     41.765  34.361528     7.4113     1.5918     41.412    33.5611    26.2291 0.0000e+00
 243.767616     42.477  34.369923     7.4068     1.5157     42.118    33.5743    26.2400 0.0000e+00
 243.767622     43.184  34.377335     7.4013     1.4344     42.819    33.5873    26.2511 0.0000e+00
 243.767627     43.885  34.382931     7.3939     1.3803     43.514    33.6002    26.2623 0.0000e+00
 243.767633     44.577  34.387375     7.3832     1.3451     44.200    33.6151    26.2755 0.0000e+00
 243.767639     45.258  34.392597     7.3703     1.3198     44.875    33.6329    26.2913 0.0000e+00
 243.767645     45.931  34.398763     7.3601     1.3044     45.543    33.6492    26.3056 0.0000e+00
 243.767650     46.601  34.404497     7.3547     1.2755     46.207    33.6604    26.3151 0.0000e+00
 243.767656     47.264  34.408967     7.3525     1.2498     46.864    33.6671    26.3207 0.0000e+00
 243.767662     47.915  34.412456     7.3519     1.2234     47.510    33.6711    26.3240 0.0000e+00
 243.767668     48.556  34.415618     7.3522     1.1986     48.145    33.6740    26.3262 0.0000e+00
 243.767674     49.190  34.419233     7.3527     1.1716     48.774    33.6771    26.3286 0.0000e+00
 243.767679     49.819  34.423566     7.3532     1.1416     49.397    33.6810    26.3316 0.0000e+00
 243.767685     50.448  34.428161     7.3537     1.1070     50.021    33.6852    26.3349 0.0000e+00
 243.767691     51.078  34.432348     7.3537     1.0846     50.645    33.6895    26.3382 0.0000e+00
 243.767697     51.708  34.435476     7.3525     1.0645     51.270    33.6937    26.3417 0.0000e+00
 243.767703     52.333  34.437719     7.3492     1.0482     51.890    33.6991    26.3464 0.0000e+00
 243.767708     52.957  34.439752     7.3438     1.0380     52.508    33.7062    26.3528 0.0000e+00
 243.767714     53.583  34.441409     7.3381     1.0294     53.129    33.7133    26.3592 0.0000e+00
 243.767720     54.213  34.442585     7.3335     1.0208     53.753    33.7188    26.3641 0.0000e+00
 243.767726     54.845  34.443651     7.3300     1.0138     54.380    33.7230    26.3680 0.0000e+00
 243.767731     55.475  34.444270     7.3276     1.0190     55.005    33.7257    26.3704 0.0000e+00
 243.767737     56.102  34.444072     7.3264     1.0157     55.626    33.7264    26.3711 0.0000e+00
 243.767743     56.725  34.443834     7.3262     1.0080     56.244    33.7260    26.3709 0.0000e+00
 243.767749     57.352  34.444285     7.3262     0.9995     56.865    33.7262    26.3710 0.0000e+00
 243.767755     57.982  34.444832     7.3261     0.9949     57.490    33.7266    26.3714 0.0000e+00
 243.767760     58.609  34.445007     7.3255     0.9887     58.112    33.7271    26.3718 0.0000e+00
 243.767766     59.226  34.444967     7.3241     0.9946     58.723    33.7281    26.3728 0.0000e+00
 243.767772     59.833  34.444584     7.3222     0.9899     59.325    33.7292    26.3740 0.0000e+00
 243.767778     60.435  34.443830     7.3200     0.9807     59.922    33.7303    26.3751 0.0000e+00
 243.767784     61.031  34.442744     7.3179     0.9715     60.513    33.7308    26.3759 0.0000e+00
 243.767789     61.613  34.441483     7.3168     0.9639     61.090    33.7302    26.3756 0.0000e+00
 243.767795     62.170  34.440528     7.3167     0.9713     61.642    33.7290    26.3747 0.0000e+00
 243.767801     62.695  34.440211     7.3167     0.9644     62.162    33.7284    26.3742 0.0000e+00
 243.767807     63.178  34.440591     7.3165     0.9506     62.641    33.7288    26.3745 0.0000e+00
 243.767812     63.608  34.441539     7.3165     0.9552     63.067    33.7296    26.3752 0.0000e+00
 243.767818     63.973  34.442565     7.3172     0.9414     63.429    33.7299    26.3753 0.0000e+00
 243.767824     64.270  34.443280     7.3181     0.9466     63.724    33.7297    26.3750 0.0000e+00
 243.767830     64.507  34.443444     7.3188     0.9496     63.959    33.7290    26.3744 0.0000e+00
 243.767836     64.692  34.442640     7.3191     0.9375     64.142    33.7278    26.3734 0.0000e+00
 243.767841     64.839  34.441965     7.3192     0.9404     64.288    33.7269    26.3726 -9.990e-29
 243.767847     64.952  34.442125     7.3192     0.9366     64.400    33.7270    26.3727 -9.990e-29
 243.767853     65.035  34.442139     7.3191     0.9350     64.482    33.7271    26.3728 -9.990e-29
 243.767859     65.096  34.441953     7.3191     0.9356     64.543    33.7268    26.3726 -9.990e-29
 243.767865     65.144  34.441808     7.3193     0.9401     64.590    33.7265    26.3723 -9.990e-29
 243.767870     65.177  34.441996     7.3195     0.9385     64.623    33.7264    26.3723 -9.990e-29
 243.767876     65.194  34.442695     7.3192     0.9265     64.640    33.7275    26.3731 -9.990e-29
 243.767882     65.200  34.443084     7.3187     0.9264     64.646    33.7284    26.3739 -9.990e-29
 243.767888     65.199  34.442489     7.3183     0.9120     64.645    33.7281    26.3738 -9.990e-29
 243.767894     65.188  34.441164     7.3182     0.9165     64.634    33.7268    26.3727 -9.990e-29
 243.767899     65.160  34.440068     7.3186     0.9255     64.606    33.7252    26.3714 -9.990e-29
 243.767905     65.115  34.439908     7.3190     0.9217     64.561    33.7247    26.3710 -9.990e-29
 243.767911     65.050  34.440398     7.3193     0.9286     64.497    33.7250    26.3711 -9.990e-29
 243.767917     64.973  34.441558     7.3198     0.9202     64.421    33.7258    26.3717 -9.990e-29
 243.767922     64.904  34.442621     7.3197     0.9036     64.352    33.7271    26.3727 -9.990e-29
 243.767928     64.858  34.442134     7.3186     0.9036     64.307    33.7276    26.3733 -9.990e-29
 243.767934     64.830  34.441054     7.3180     0.9060     64.279    33.7271    26.3730 -9.990e-29
 243.767940     64.810  34.441231     7.3181     0.9068     64.259    33.7272    26.3730 -9.990e-29
 243.767946     64.794  34.442268     7.3181     0.9052     64.243    33.7283    26.3739 -9.990e-29
 243.767951     64.784  34.442672     7.3181     0.9027     64.233    33.7287    26.3743 -9.990e-29
 243.767957     64.787  34.442350     7.3180     0.8965     64.236    33.7285    26.3741 -9.990e-29
 243.767963     64.810  34.441360     7.3181     0.8927     64.259    33.7273    26.3731 -9.990e-29
 243.767969     64.848  34.439430     7.3190     0.8866     64.297    33.7243    26.3707 -9.990e-29
 243.767975     64.896  34.436154     7.3203     0.8950     64.344    33.7195    26.3667 -9.990e-29
 243.767980     64.939  34.430836     7.3205     0.8873     64.387    33.7135    26.3619 -9.990e-29
 243.767986     64.959  34.424193     7.3192     0.8896     64.407    33.7075    26.3574 -9.990e-29
 243.767992     64.957  34.417813     7.3179     0.8834     64.405    33.7018    26.3531 -9.990e-29
 243.767998     64.942  34.412721     7.3175     0.8811     64.390    33.6967    26.3491 -9.990e-29
 243.768003     64.908  34.411484     7.3176     0.8818     64.356    33.6952    26.3480 -9.990e-29
 243.768009     64.849  34.418640     7.3178     0.8819     64.298    33.7029    26.3539 -9.990e-29
 243.768015     64.766  34.430876     7.3178     0.8780     64.215    33.7162    26.3645 -9.990e-29
 243.768021     64.666  34.438774     7.3177     0.8696     64.116    33.7249    26.3713 -9.990e-29
 243.768027     64.559  34.440572     7.3172     0.8802     64.010    33.7274    26.3734 -9.990e-29
 243.768032     64.452  34.439814     7.3166     0.8679     63.904    33.7273    26.3733 -9.990e-29
 243.768038     64.338  34.439440     7.3163     0.8702     63.791    33.7272    26.3733 -9.990e-29
 243.768044     64.206  34.440096     7.3165     0.8725     63.660    33.7278    26.3737 0.0000e+00
 243.768050     64.059  34.440446     7.3166     0.8726     63.515    33.7281    26.3740 0.0000e+00
 243.768056     63.911  34.439864     7.3161     0.8733     63.368    33.7281    26.3740 0.0000e+00
 243.768061     63.768  34.438722     7.3154     0.8710     63.226    33.7276    26.3737 0.0000e+00
 243.768067     63.635  34.437764     7.3152     0.8709     63.094    33.7268    26.3731 0.0000e+00
 243.768073     63.502  34.437422     7.3154     0.8733     62.962    33.7263    26.3727 0.0000e+00
 243.768079     63.363  34.437826     7.3154     0.8862     62.825    33.7268    26.3731 0.0000e+00
 243.768084     63.224  34.438423     7.3156     0.8885     62.687    33.7273    26.3735 -9.990e-29
 243.768090     63.107  34.438355     7.3157     0.8801     62.571    33.7272    26.3734 -9.990e-29
 243.768096     63.030  34.437563     7.3152     0.8756     62.494    33.7269    26.3732 -9.990e-29
 243.768102     62.992  34.436699     7.3146     0.8710     62.457    33.7265    26.3730 -9.990e-29
 243.768108     62.979  34.436317     7.3146     0.8733     62.444    33.7261    26.3727 -9.990e-29
 243.768113     62.977  34.436497     7.3151     0.8694     62.442    33.7258    26.3724 -9.990e-29
 243.768119     62.981  34.436943     7.3155     0.8755     62.446    33.7259    26.3724 -9.990e-29
 243.768125     62.995  34.437158     7.3152     0.8694     62.460    33.7264    26.3728 -9.990e-29
 243.768131     63.026  34.436895     7.3145     0.8694     62.490    33.7268    26.3732 -9.990e-29
 243.768137     63.066  34.436391     7.3141     0.8633     62.530    33.7266    26.3732 -9.990e-29
 243.768142     63.097  34.436119     7.3144     0.8589     62.561    33.7260    26.3726 -9.990e-29
 243.768148     63.102  34.436302     7.3150     0.8550     62.566    33.7256    26.3722 -9.990e-29
 243.768154     63.088  34.436650     7.3155     0.8550     62.552    33.7255    26.3721 -9.990e-29
 243.768160     63.070  34.436535     7.3158     0.8595     62.534    33.7251    26.3717 -9.990e-29
 243.768166     63.060  34.435831     7.3164     0.8535     62.524    33.7238    26.3706 -9.990e-29
 243.768171     63.057  34.435309     7.3169     0.8558     62.521    33.7227    26.3697 -9.990e-29
 243.768177     63.057  34.435419     7.3168     0.8474     62.521    33.7230    26.3699 -9.990e-29
 243.768183     63.059  34.435775     7.3162     0.8474     62.523    33.7239    26.3707 -9.990e-29
 243.768189     63.065  34.435759     7.3155     0.8519     62.529    33.7246    26.3713 -9.990e-29
 243.768194     63.078  34.435375     7.3147     0.8541     62.542    33.7249    26.3717 -9.990e-29
 243.768200     63.099  34.435259     7.3143     0.8587     62.563    33.7252    26.3720 -9.990e-29
 243.768206     63.122  34.435285     7.3146     0.8587     62.586    33.7249    26.3717 -9.990e-29
 243.768212     63.143  34.434952     7.3149     0.8503     62.606    33.7243    26.3712 -9.990e-29
 243.768218     63.167  34.434404     7.3148     0.8564     62.630    33.7237    26.3708 -9.990e-29
 243.768223     63.198  34.434059     7.3146     0.8586     62.661    33.7235    26.3707 -9.990e-29
 243.768229     63.222  34.434041     7.3149     0.8609     62.685    33.7232    26.3704 -9.990e-29
 243.768235     63.235  34.434354     7.3157     0.8549     62.698    33.7228    26.3699 -9.990e-29
 243.768241     63.236  34.434880     7.3163     0.8482     62.699    33.7228    26.3698 -9.990e-29
 243.768247     63.225  34.435229     7.3162     0.8565     62.688    33.7232    26.3702 -9.990e-29
 243.768252     63.207  34.435333     7.3159     0.8610     62.670    33.7237    26.3706 -9.990e-29
 243.768258     63.188  34.435358     7.3160     0.8572     62.651    33.7236    26.3705 -9.990e-29
 243.768264     63.172  34.435365     7.3161     0.8609     62.635    33.7235    26.3704 -9.990e-29
 243.768270     63.161  34.435390     7.3166     0.8420     62.624    33.7231    26.3700 -9.990e-29
 243.768275     63.164  34.435497     7.3169     0.8314     62.627    33.7229    26.3698 -9.990e-29
 243.768281     63.185  34.435294     7.3162     0.8398     62.648    33.7233    26.3703 -9.990e-29
 243.768287     63.221  34.434537     7.3150     0.8337     62.684    33.7237    26.3707 -9.990e-29
 243.768293     63.262  34.433924     7.3145     0.8428     62.724    33.7235    26.3706 -9.990e-29
 243.768299     63.293  34.433783     7.3146     0.8366     62.755    33.7232    26.3704 -9.990e-29
 243.768304     63.308  34.433952     7.3148     0.8404     62.770    33.7232    26.3703 -9.990e-29
 243.768310     63.307  34.434123     7.3152     0.8389     62.769    33.7230    26.3701 -9.990e-29
 243.768316     63.291  34.433991     7.3154     0.8389     62.753    33.7227    26.3698 -9.990e-29
 243.768322     63.266  34.433967     7.3151     0.8411     62.728    33.7229    26.3701 -9.990e-29
 243.768328     63.249  34.434049     7.3146     0.8389     62.712    33.7235    26.3706 -9.990e-29
 243.768333     63.247  34.433814     7.3142     0.8518     62.710    33.7236    26.3708 -9.990e-29
 243.768339     63.252  34.433536     7.3141     0.8541     62.714    33.7234    26.3706 -9.990e-29
 243.768345     63.254  34.433429     7.3146     0.8541     62.716    33.7228    26.3701 -9.990e-29
 243.768351     63.255  34.433380     7.3155     0.8519     62.717    33.7219    26.3692 -9.990e-29
 243.768356     63.249  34.433350     7.3162     0.8473     62.712    33.7212    26.3686 -9.990e-29
 243.768362     63.237  34.433323     7.3162     0.8389     62.700    33.7212    26.3686 -9.990e-29
 243.768368     63.227  34.433291     7.3160     0.8366     62.690    33.7213    26.3687 -9.990e-29
 243.768374     63.221  34.433239     7.3159     0.8366     62.684    33.7214    26.3688 -9.990e-29
 243.768380     63.220  34.433126     7.3159     0.8304     62.683    33.7213    26.3687 -9.990e-29
 243.768385     63.224  34.432829     7.3159     0.8326     62.687    33.7209    26.3684 -9.990e-29
 243.768391     63.223  34.432540     7.3158     0.8325     62.686    33.7207    26.3683 -9.990e-29
 243.768397     63.198  34.432459     7.3157     0.8347     62.661    33.7207    26.3683 -9.990e-29
 243.768403     63.129  34.432502     7.3158     0.8392     62.593    33.7207    26.3683 -9.990e-29
 243.768409     63.007  34.432753     7.3162     0.8392     62.472    33.7207    26.3682 -9.990e-29
