data/oxygen options/OCNMS/OCNMS2/raw_data/2012/CAST_RR030_120906faed.cnv
* Sea-Bird SBE19 Data File:
* FileName = C:\Documents and Settings\OCNMS\Desktop\2012 mooring data\Hypoxia Sampling\CAST_RR030_120906.hex
* Software Version 1.25
* Temperature SN = 2997
* Conductivity SN = 2997
* System UpLoad Time = Sep 06 2012 14:11:34
** CAST_RR030_120906
* SEACAT PROFILER V3.1c SN 2997   09/06/12  14:10:31.480
# nquan = 9                                 
# nvalues = 974                         
# units = specified
# name 0 = timeJ: Julian Days
# name 1 = prSM: Pressure, Strain Gauge [db]
# name 2 = c0mS/cm: Conductivity [mS/cm]
# name 3 = t090C: Temperature [ITS-90, deg C]
# name 4 = sbeox0ML/L: Oxygen, SBE 43 [ml/l]
# name 5 = depSM: Depth [salt water, m], lat = 47.5
# name 6 = sal00: Salinity, Practical [PSU]
# name 7 = sigma-é00: Density [sigma-theta, kg/m^3]
# name 8 = flag: flag
# span 0 = 250.583449, 250.589080       
# span 1 =     -5.985,     29.566       
# span 2 =   0.202089,  38.075617       
# span 3 =     7.6058,    14.6229       
# span 4 =    -1.8068,    13.1145       
# span 5 =     -5.935,     29.317       
# span 6 =     0.1238,    33.6328       
# span 7 =    -0.7425,    26.2453       
# span 8 = 0.0000e+00, 0.0000e+00       
# interval = seconds: 0.5
# start_time = Sep 06 2012 14:00:10 [Instrument's time stamp, header]
# bad_flag = -9.990e-29
*END*
[from data line 161]
 250.584381     -2.497   0.388634    13.1919    -1.8002     -2.476     0.2439    -0.4555 -9.990e-29
 250.584387     -2.484   0.384319    13.1885    -1.8001     -2.463     0.2411    -0.4573 -9.990e-29
 250.584392     -2.474   0.383538    13.1877    -1.8005     -2.453     0.2406    -0.4575 -9.990e-29
 250.584398     -2.467   0.386908    13.1884    -1.8004     -2.446     0.2428    -0.4559 -9.990e-29
 250.584404     -2.456   0.390620    13.1906    -1.8003     -2.436     0.2452    -0.4544 -9.990e-29
 250.584410     -2.442   0.390211    13.1942    -1.8004     -2.422     0.2449    -0.4551 -9.990e-29
 250.584416     -2.428   0.385134    13.1983    -1.8008     -2.408     0.2416    -0.4582 -9.990e-29
 250.584421     -2.413   0.378582    13.2002    -1.8008     -2.393     0.2374    -0.4617 -9.990e-29
 250.584427     -2.400   0.373995    13.1988    -1.8007     -2.380     0.2344    -0.4638 -9.990e-29
 250.584433     -2.390   0.373007    13.1966    -1.8008     -2.370     0.2338    -0.4640 -9.990e-29
 250.584439     -2.375   0.374299    13.1947    -1.8004     -2.355     0.2346    -0.4631 -9.990e-29
 250.584444     -2.361   0.374610    13.1926    -1.8002     -2.341     0.2349    -0.4627 -9.990e-29
 250.584450     -2.350   0.372693    13.1914    -1.8001     -2.330     0.2336    -0.4635 -9.990e-29
 250.584456     -2.342   0.370418    13.1905    -1.7998     -2.322     0.2322    -0.4645 -9.990e-29
 250.584462     -2.336   0.369735    13.1880    -1.7996     -2.317     0.2317    -0.4645 -9.990e-29
 250.584468     -2.331   0.369730    13.1852    -1.7997     -2.312     0.2318    -0.4641 -9.990e-29
 250.584473     -2.328   0.367628    13.1841    -1.7997     -2.309     0.2304    -0.4650 -9.990e-29
 250.584479     -2.327   0.363392    13.1845    -1.8001     -2.308     0.2277    -0.4672 -9.990e-29
 250.584485     -2.322   0.360230    13.1867    -1.8002     -2.303     0.2256    -0.4691 -9.990e-29
 250.584491     -2.310   0.360013    13.1911    -1.8001     -2.291     0.2255    -0.4698 -9.990e-29
 250.584497     -2.293   0.361343    13.1963    -1.8000     -2.274     0.2263    -0.4698 -9.990e-29
 250.584502     -2.276   0.361565    13.2016    -1.8002     -2.257     0.2264    -0.4704 -9.990e-29
 250.584508     -2.256   0.359866    13.2067    -1.8004     -2.237     0.2253    -0.4719 -9.990e-29
 250.584514     -2.238   0.357854    13.2097    -1.8003     -2.219     0.2240    -0.4733 -9.990e-29
 250.584520     -2.224   0.356720    13.2097    -1.8003     -2.205     0.2233    -0.4739 -9.990e-29
 250.584525     -2.209   0.356057    13.2076    -1.8004     -2.191     0.2229    -0.4740 -9.990e-29
 250.584531     -2.187   0.355535    13.2044    -1.8006     -2.169     0.2225    -0.4738 -9.990e-29
 250.584537     -2.162   0.355564    13.2025    -1.8005     -2.144     0.2226    -0.4735 -9.990e-29
 250.584543     -2.141   0.355626    13.2026    -1.8004     -2.123     0.2226    -0.4735 -9.990e-29
 250.584549     -2.126   0.354143    13.2026    -1.8003     -2.108     0.2217    -0.4743 -9.990e-29
 250.584554     -2.117   0.351351    13.2013    -1.8002     -2.099     0.2199    -0.4755 -9.990e-29
 250.584560     -2.112   0.349061    13.2004    -1.8001     -2.094     0.2184    -0.4765 -9.990e-29
 250.584566     -2.109   0.346433    13.2011    -1.7999     -2.091     0.2167    -0.4779 -9.990e-29
 250.584572     -2.101   0.341067    13.2016    -1.7998     -2.083     0.2133    -0.4806 -9.990e-29
 250.584578     -2.092   0.334112    13.2003    -1.7999     -2.075     0.2088    -0.4839 -9.990e-29
 250.584583     -2.088   0.329023    13.1986    -1.7997     -2.071     0.2056    -0.4862 -9.990e-29
 250.584589     -2.086   0.326761    13.1989    -1.7997     -2.069     0.2041    -0.4874 -9.990e-29
 250.584595     -2.083   0.325418    13.2013    -1.7997     -2.066     0.2033    -0.4884 -9.990e-29
 250.584601     -2.074   0.323201    13.2044    -1.7995     -2.057     0.2018    -0.4899 -9.990e-29
 250.584606     -2.064   0.319921    13.2074    -1.7994     -2.047     0.1997    -0.4919 -9.990e-29
 250.584612     -2.055   0.316737    13.2107    -1.7994     -2.038     0.1977    -0.4940 -9.990e-29
 250.584618     -2.047   0.314384    13.2140    -1.7994     -2.030     0.1962    -0.4956 -9.990e-29
 250.584624     -2.040   0.311939    13.2166    -1.7995     -2.023     0.1946    -0.4971 -9.990e-29
 250.584630     -2.033   0.308906    13.2186    -1.7993     -2.016     0.1927    -0.4989 -9.990e-29
 250.584635     -2.025   0.306223    13.2206    -1.7990     -2.008     0.1909    -0.5005 -9.990e-29
 250.584641     -2.017   0.304738    13.2223    -1.7989     -2.000     0.1900    -0.5015 -9.990e-29
 250.584647     -2.008   0.304132    13.2243    -1.7987     -1.991     0.1896    -0.5020 -9.990e-29
 250.584653     -1.996   0.303040    13.2272    -1.7982     -1.979     0.1889    -0.5030 -9.990e-29
 250.584659     -1.982   0.300560    13.2298    -1.7979     -1.965     0.1873    -0.5045 -9.990e-29
 250.584664     -1.964   0.297260    13.2311    -1.7975     -1.948     0.1852    -0.5064 -9.990e-29
 250.584670     -1.946   0.294270    13.2318    -1.7971     -1.930     0.1833    -0.5079 -9.990e-29
 250.584676     -1.930   0.292031    13.2333    -1.7968     -1.914     0.1819    -0.5092 -9.990e-29
 250.584682     -1.917   0.290324    13.2365    -1.7964     -1.901     0.1808    -0.5105 -9.990e-29
 250.584688     -1.908   0.289087    13.2409    -1.7962     -1.892     0.1800    -0.5117 -9.990e-29
 250.584693     -1.904   0.288331    13.2463    -1.7959     -1.888     0.1795    -0.5128 -9.990e-29
 250.584699     -1.900   0.287598    13.2534    -1.7956     -1.884     0.1790    -0.5141 -9.990e-29
 250.584705     -1.896   0.286463    13.2625    -1.7954     -1.880     0.1782    -0.5159 -9.990e-29
 250.584711     -1.887   0.285072    13.2720    -1.7953     -1.871     0.1773    -0.5178 -9.990e-29
 250.584716     -1.873   0.283784    13.2813    -1.7953     -1.857     0.1764    -0.5197 -9.990e-29
 250.584722     -1.861   0.282539    13.2906    -1.7952     -1.845     0.1756    -0.5216 -9.990e-29
 250.584728     -1.855   0.280783    13.2996    -1.7951     -1.840     0.1745    -0.5237 -9.990e-29
 250.584734     -1.850   0.278941    13.3078    -1.7951     -1.835     0.1733    -0.5257 -9.990e-29
 250.584740     -1.842   0.278431    13.3149    -1.7948     -1.827     0.1729    -0.5269 -9.990e-29
 250.584745     -1.834   0.279125    13.3215    -1.7947     -1.819     0.1733    -0.5274 -9.990e-29
 250.584751     -1.830   0.279178    13.3277    -1.7946     -1.815     0.1733    -0.5282 -9.990e-29
 250.584757     -1.825   0.277555    13.3326    -1.7944     -1.810     0.1723    -0.5297 -9.990e-29
 250.584763     -1.816   0.275410    13.3357    -1.7940     -1.801     0.1709    -0.5311 -9.990e-29
 250.584769     -1.805   0.274863    13.3379    -1.7937     -1.790     0.1706    -0.5317 -9.990e-29
 250.584774     -1.797   0.276293    13.3401    -1.7936     -1.782     0.1715    -0.5313 -9.990e-29
 250.584780     -1.791   0.277731    13.3421    -1.7936     -1.776     0.1724    -0.5309 -9.990e-29
 250.584786     -1.786   0.277771    13.3443    -1.7938     -1.771     0.1724    -0.5311 -9.990e-29
 250.584792     -1.782   0.277571    13.3473    -1.7938     -1.767     0.1722    -0.5316 -9.990e-29
 250.584797     -1.778   0.279079    13.3508    -1.7938     -1.763     0.1732    -0.5314 -9.990e-29
 250.584803     -1.776   0.282090    13.3550    -1.7936     -1.761     0.1751    -0.5305 -9.990e-29
 250.584809     -1.774   0.284528    13.3607    -1.7934     -1.759     0.1766    -0.5300 -9.990e-29
 250.584815     -1.772   0.285213    13.3674    -1.7933     -1.757     0.1770    -0.5306 -9.990e-29
 250.584821     -1.770   0.284505    13.3732    -1.7929     -1.755     0.1765    -0.5317 -9.990e-29
 250.584826     -1.768   0.283118    13.3763    -1.7927     -1.753     0.1756    -0.5328 -9.990e-29
 250.584832     -1.767   0.281418    13.3766    -1.7925     -1.752     0.1745    -0.5337 -9.990e-29
 250.584838     -1.765   0.279903    13.3754    -1.7924     -1.750     0.1736    -0.5343 -9.990e-29
 250.584844     -1.762   0.279320    13.3752    -1.7924     -1.747     0.1732    -0.5345 -9.990e-29
 250.584850     -1.760   0.279444    13.3769    -1.7926     -1.745     0.1733    -0.5347 -9.990e-29
 250.584855     -1.757   0.279330    13.3802    -1.7929     -1.742     0.1732    -0.5352 -9.990e-29
 250.584861     -1.753   0.278826    13.3845    -1.7932     -1.738     0.1729    -0.5360 -9.990e-29
 250.584867     -1.748   0.278367    13.3899    -1.7932     -1.733     0.1726    -0.5370 -9.990e-29
 250.584873     -1.741   0.277893    13.3964    -1.7934     -1.726     0.1722    -0.5381 -9.990e-29
 250.584878     -1.733   0.276772    13.4027    -1.7937     -1.719     0.1715    -0.5395 -9.990e-29
 250.584884     -1.723   0.274616    13.4075    -1.7937     -1.709     0.1701    -0.5412 -9.990e-29
 250.584890     -1.709   0.271874    13.4099    -1.7938     -1.695     0.1684    -0.5429 -9.990e-29
 250.584896     -1.697   0.269318    13.4090    -1.7936     -1.683     0.1668    -0.5440 -9.990e-29
 250.584902     -1.688   0.267415    13.4055    -1.7936     -1.674     0.1656    -0.5445 -9.990e-29
 250.584907     -1.678   0.265842    13.4007    -1.7935     -1.664     0.1646    -0.5446 -9.990e-29
 250.584913     -1.663   0.264166    13.3962    -1.7935     -1.649     0.1636    -0.5448 -9.990e-29
 250.584919     -1.645   0.262918    13.3924    -1.7937     -1.631     0.1628    -0.5449 -9.990e-29
 250.584925     -1.631   0.262651    13.3883    -1.7941     -1.617     0.1627    -0.5445 -9.990e-29
 250.584931     -1.627   0.263007    13.3842    -1.7949     -1.613     0.1629    -0.5438 -9.990e-29
 250.584936     -1.625   0.262804    13.3819    -1.7949     -1.611     0.1628    -0.5436 -9.990e-29
 250.584942     -1.620   0.261216    13.3815    -1.7950     -1.606     0.1618    -0.5443 -9.990e-29
 250.584948     -1.609   0.259450    13.3824    -1.7952     -1.596     0.1607    -0.5453 -9.990e-29
 250.584954     -1.596   0.259025    13.3839    -1.7955     -1.583     0.1604    -0.5457 -9.990e-29
 250.584959     -1.581   0.259375    13.3850    -1.7955     -1.568     0.1606    -0.5457 -9.990e-29
 250.584965     -1.567   0.258755    13.3840    -1.7956     -1.554     0.1602    -0.5458 -9.990e-29
 250.584971     -1.557   0.256338    13.3791    -1.7955     -1.544     0.1587    -0.5463 -9.990e-29
 250.584977     -1.550   0.253329    13.3703    -1.7956     -1.537     0.1569    -0.5466 -9.990e-29
 250.584983     -1.547   0.251253    13.3608    -1.7957     -1.534     0.1556    -0.5464 -9.990e-29
 250.584988     -1.547   0.250112    13.3543    -1.7959     -1.534     0.1549    -0.5461 -9.990e-29
 250.584994     -1.545   0.249491    13.3498    -1.7962     -1.532     0.1545    -0.5458 -9.990e-29
 250.585000     -1.538   0.249671    13.3453    -1.7964     -1.525     0.1547    -0.5451 -9.990e-29
 250.585006     -1.529   0.250338    13.3415    -1.7967     -1.516     0.1551    -0.5442 -9.990e-29
 250.585012     -1.522   0.250171    13.3391    -1.7965     -1.509     0.1550    -0.5440 -9.990e-29
 250.585017     -1.516   0.248948    13.3378    -1.7966     -1.503     0.1542    -0.5444 -9.990e-29
 250.585023     -1.511   0.247806    13.3369    -1.7965     -1.498     0.1535    -0.5448 -9.990e-29
 250.585029     -1.507   0.247435    13.3355    -1.7966     -1.494     0.1533    -0.5448 -9.990e-29
 250.585035     -1.503   0.247343    13.3328    -1.7965     -1.490     0.1533    -0.5445 -9.990e-29
 250.585041     -1.500   0.246302    13.3287    -1.7963     -1.487     0.1526    -0.5445 -9.990e-29
 250.585046     -1.496   0.244030    13.3235    -1.7963     -1.484     0.1512    -0.5449 -9.990e-29
 250.585052     -1.492   0.241927    13.3183    -1.7966     -1.480     0.1499    -0.5452 -9.990e-29
 250.585058     -1.488   0.241065    13.3151    -1.7972     -1.476     0.1494    -0.5452 -9.990e-29
 250.585064     -1.483   0.240850    13.3144    -1.7980     -1.471     0.1492    -0.5452 -9.990e-29
 250.585069     -1.477   0.239887    13.3146    -1.7981     -1.465     0.1486    -0.5457 -9.990e-29
 250.585075     -1.469   0.238000    13.3150    -1.7982     -1.457     0.1475    -0.5467 -9.990e-29
 250.585081     -1.459   0.236550    13.3156    -1.7981     -1.447     0.1465    -0.5475 -9.990e-29
 250.585087     -1.452   0.236370    13.3166    -1.7981     -1.440     0.1464    -0.5477 -9.990e-29
 250.585093     -1.449   0.237220    13.3174    -1.7984     -1.437     0.1470    -0.5474 -9.990e-29
 250.585098     -1.448   0.238021    13.3159    -1.7987     -1.436     0.1475    -0.5468 -9.990e-29
 250.585104     -1.443   0.237076    13.3094    -1.7991     -1.431     0.1469    -0.5464 -9.990e-29
 250.585110     -1.434   0.234234    13.2981    -1.7996     -1.422     0.1452    -0.5463 -9.990e-29
 250.585116     -1.422   0.231794    13.2869    -1.8007     -1.410     0.1437    -0.5460 -9.990e-29
 250.585122     -1.404   0.231484    13.2805    -1.8015     -1.392     0.1435    -0.5453 -9.990e-29
 250.585127     -1.381   0.232339    13.2784    -1.8021     -1.369     0.1440    -0.5446 -9.990e-29
 250.585133     -1.354   0.232731    13.2775    -1.8025     -1.343     0.1443    -0.5443 -9.990e-29
 250.585139     -1.330   0.232079    13.2750    -1.8027     -1.319     0.1439    -0.5443 -9.990e-29
 250.585145     -1.313   0.230621    13.2697    -1.8028     -1.302     0.1430    -0.5443 -9.990e-29
 250.585150     -1.302   0.229180    13.2619    -1.8027     -1.291     0.1421    -0.5439 -9.990e-29
 250.585156     -1.294   0.228050    13.2510    -1.8026     -1.283     0.1414    -0.5430 -9.990e-29
 250.585162     -1.291   0.226833    13.2357    -1.8023     -1.280     0.1407    -0.5416 -9.990e-29
 250.585168     -1.288   0.225567    13.2172    -1.8021     -1.277     0.1400    -0.5398 -9.990e-29
 250.585174     -1.279   0.224778    13.1995    -1.8021     -1.268     0.1396    -0.5378 -9.990e-29
 250.585179     -1.270   0.224522    13.1854    -1.8023     -1.259     0.1394    -0.5361 -9.990e-29
 250.585185     -1.263   0.223904    13.1753    -1.8025     -1.252     0.1391    -0.5351 -9.990e-29
 250.585191     -1.258   0.222655    13.1688    -1.8025     -1.248     0.1383    -0.5348 -9.990e-29
 250.585197     -1.255   0.221879    13.1660    -1.8026     -1.245     0.1378    -0.5348 -9.990e-29
 250.585203     -1.253   0.222203    13.1667    -1.8030     -1.243     0.1380    -0.5348 -9.990e-29
 250.585208     -1.253   0.222952    13.1698    -1.8036     -1.243     0.1385    -0.5348 -9.990e-29
 250.585214     -1.254   0.223467    13.1743    -1.8040     -1.244     0.1388    -0.5351 -9.990e-29
 250.585220     -1.257   0.223327    13.1777    -1.8041     -1.247     0.1387    -0.5357 -9.990e-29
 250.585226     -1.262   0.221792    13.1782    -1.8044     -1.251     0.1377    -0.5365 -9.990e-29
 250.585231     -1.264   0.219032    13.1762    -1.8047     -1.253     0.1360    -0.5376 -9.990e-29
 250.585237     -1.260   0.216348    13.1735    -1.8046     -1.249     0.1344    -0.5385 -9.990e-29
 250.585243     -1.253   0.214590    13.1706    -1.8046     -1.243     0.1333    -0.5390 -9.990e-29
 250.585249     -1.248   0.213631    13.1660    -1.8050     -1.238     0.1327    -0.5389 -9.990e-29
 250.585255     -1.244   0.212745    13.1582    -1.8052     -1.234     0.1321    -0.5383 -9.990e-29
 250.585260     -1.241   0.211305    13.1484    -1.8053     -1.231     0.1313    -0.5377 -9.990e-29
 250.585266     -1.238   0.209607    13.1395    -1.8056     -1.228     0.1302    -0.5373 -9.990e-29
 250.585272     -1.236   0.208706    13.1325    -1.8062     -1.226     0.1297    -0.5369 -9.990e-29
 250.585278     -1.235   0.209064    13.1263    -1.8064     -1.225     0.1299    -0.5359 -9.990e-29
 250.585284     -1.233   0.210054    13.1219    -1.8065     -1.223     0.1306    -0.5348 -9.990e-29
 250.585289     -1.232   0.210780    13.1197    -1.8065     -1.222     0.1310    -0.5342 -9.990e-29
 250.585295     -1.232   0.210553    13.1169    -1.8064     -1.222     0.1309    -0.5339 -9.990e-29
