data/oxygen options/OCNMS/OCNMS2/raw_data/2012/CAST_MO030_120913faedb.cnv
* Sea-Bird SBE19 Data File:
* FileName = C:\Documents and Settings\OCNMS\Desktop\2012 mooring data\Hypoxia Sampling\CAST_MO030_120913.hex
* Software Version 1.25
* Temperature SN = 2997
* Conductivity SN = 2997
* System UpLoad Time = Sep 13 2012 12:31:18
** CAST_MO030_120913
* SEACAT PROFILER V3.1c SN 2997   09/13/12  12:30:25.300
# nquan = 9
# nvalues = 32                          
# units = specified
# name 0 = timeJ: Julian Days
# name 1 = prSM: Pressure, Strain Gauge [db]
# name 2 = c0mS/cm: Conductivity [mS/cm]
# name 3 = t090C: Temperature [ITS-90, deg C]
# name 4 = sbeox0ML/L: Oxygen, SBE 43 [ml/l]
# name 5 = depSM: Depth [salt water, m], lat = 47.5
# name 6 = sal00: Salinity, Practical [PSU]
# name 7 = sigma-é00: Density [sigma-theta, kg/m^3]
# name 8 = flag: flag
# span 0 = 257.518746, 257.519253       
# span 1 =      2.000,     33.000       
# span 2 =  34.631438,  38.942570       
# span 3 =     7.6808,    14.2953       
# span 4 =     0.7946,     6.1005       
# span 5 =      1.983,     32.722       
# span 6 =    31.9753,    33.6096       
# span 7 =    23.7899,    26.2254       
# span 8 = 0.0000e+00, 0.0000e+00       
# interval = decibars: 1                
# start_time = Sep 13 2012 12:20:50 [Instrument's time stamp, header]
# bad_flag = -9.990e-29
*END*
 257.518746      2.000  38.942177    14.2953     6.1005      1.983    31.9753    23.7899 0.0000e+00
 257.518774      3.000  38.893142    14.2378     6.0645      2.975    31.9777    23.8037 0.0000e+00
 257.518795      4.000  38.888085    14.2335     6.0315      3.967    31.9762    23.8035 0.0000e+00
 257.518813      5.000  38.910959    14.2491     5.9867      4.958    31.9839    23.8062 0.0000e+00
 257.518830      6.000  38.928749    14.2568     6.0185      5.950    31.9934    23.8120 0.0000e+00
 257.518846      7.000  38.930336    14.2598     5.8695      6.941    31.9920    23.8103 0.0000e+00
 257.518861      8.000  38.942570    14.2620     5.7320      7.933    32.0010    23.8168 0.0000e+00
 257.518876      9.000  38.907739    14.2078     5.6339      8.925    32.0137    23.8378 0.0000e+00
 257.518890     10.000  38.809707    14.1132     5.1315      9.916    32.0017    23.8482 0.0000e+00
 257.518905     11.000  38.732966    13.9800     4.8026     10.908    32.0416    23.9063 0.0000e+00
 257.518920     12.000  38.489668    13.6102     4.6511     11.900    32.1254    24.0460 0.0000e+00
 257.518934     13.000  38.088151    13.2326     4.2989     12.891    32.0681    24.0773 0.0000e+00
 257.518948     14.000  37.940050    12.8695     3.5714     13.883    32.2364    24.2785 0.0000e+00
 257.518961     15.000  37.578685    12.1915     2.8452     14.874    32.4744    24.5926 0.0000e+00
 257.518976     16.000  37.061819    11.3113     2.2325     15.866    32.7447    24.9640 0.0000e+00
 257.518990     17.000  36.374140    10.3021     1.6648     16.858    32.9653    25.3126 0.0000e+00
 257.519004     18.000  35.810881     9.3898     1.1669     17.849    33.2289    25.6692 0.0000e+00
 257.519019     19.000  35.247837     8.5505     0.8237     18.840    33.4283    25.9575 0.0000e+00
 257.519034     20.000  34.945252     8.0982     0.8667     19.832    33.5378    26.1113 0.0000e+00
 257.519049     21.000  34.821661     7.9572     0.9312     20.824    33.5404    26.1342 0.0000e+00
 257.519064     22.000  34.796457     7.9160     0.9345     21.815    33.5525    26.1498 0.0000e+00
 257.519079     23.000  34.763844     7.8546     0.9499     22.807    33.5761    26.1772 0.0000e+00
 257.519094     24.000  34.696472     7.7801     0.9711     23.799    33.5751    26.1872 0.0000e+00
 257.519111     25.000  34.660127     7.7032     0.9529     24.790    33.6096    26.2254 0.0000e+00
 257.519127     26.000  34.638505     7.6854     0.9379     25.782    33.6031    26.2229 0.0000e+00
 257.519143     27.000  34.637193     7.6915     0.9112     26.773    33.5953    26.2159 0.0000e+00
 257.519160     28.000  34.644409     7.6961     0.8824     27.765    33.5981    26.2175 0.0000e+00
 257.519176     29.000  34.637782     7.6878     0.8703     28.756    33.5985    26.2190 0.0000e+00
 257.519193     30.000  34.633202     7.6858     0.8745     29.747    33.5950    26.2165 0.0000e+00
 257.519211     31.000  34.631438     7.6825     0.8280     30.739    33.5958    26.2177 0.0000e+00
 257.519229     32.000  34.631460     7.6808     0.8270     31.730    33.5970    26.2188 0.0000e+00
 257.519253     33.000  34.637090     7.6980     0.7946     32.722    33.5860    26.2078 0.0000e+00
