data/oxygen options/OCNMS/OCNMS2/raw_data/2012/CAST_CE100_120906faed.cnv
* Sea-Bird SBE19 Data File:
* FileName = C:\Documents and Settings\OCNMS\Desktop\2012 mooring data\Hypoxia Sampling\CAST_CE100_120906.hex
* Software Version 1.25
* Temperature SN = 2997
* Conductivity SN = 2997
* System UpLoad Time = Sep 06 2012 14:59:18
** CAST_CE100_120906
* SEACAT PROFILER V3.1c SN 2997   09/06/12  14:57:40.632
# nquan = 9                                 
# nvalues = 1169                        
# units = specified
# name 0 = timeJ: Julian Days
# name 1 = prSM: Pressure, Strain Gauge [db]
# name 2 = c0mS/cm: Conductivity [mS/cm]
# name 3 = t090C: Temperature [ITS-90, deg C]
# name 4 = sbeox0ML/L: Oxygen, SBE 43 [ml/l]
# name 5 = depSM: Depth [salt water, m], lat = 47.5
# name 6 = sal00: Salinity, Practical [PSU]
# name 7 = sigma-é00: Density [sigma-theta, kg/m^3]
# name 8 = flag: flag
# span 0 = 250.542361, 250.549120       
# span 1 =     -5.406,    103.886       
# span 2 =   0.087685,  39.338934       
# span 3 =     7.0568,    17.1061       
# span 4 =    -1.7397,    14.1609       
# span 5 =     -5.361,    102.993       
# span 6 =     0.0522,    33.9366       
# span 7 =    -1.2009,    26.5729       
# span 8 = 0.0000e+00, 0.0000e+00       
# interval = seconds: 0.5
# start_time = Sep 06 2012 13:01:00 [Instrument's time stamp, header]
# bad_flag = -9.990e-29
*END*
[from data line 1121]
 250.548848     18.523  35.679012    10.0264     5.2771     18.368    32.5115    25.0053 0.0000e+00
 250.548854     17.696  35.952795    10.3292     5.6498     17.548    32.5164    24.9583 0.0000e+00
 250.548860     16.891  36.194153    10.6125     6.0624     16.749    32.5055    24.9014 0.0000e+00
 250.548866     16.104  36.402910    10.8654     6.4679     15.969    32.4889    24.8446 0.0000e+00
 250.548872     15.327  36.567326    11.0512     6.7806     15.199    32.4875    24.8108 0.0000e+00
 250.548877     14.558  36.670302    11.1803     6.9605     14.436    32.4754    24.7785 0.0000e+00
 250.548883     13.799  36.715876    11.3363     7.0441     13.683    32.3832    24.6790 0.0000e+00
 250.548889     13.050  36.764285    11.6000     7.0774     12.941    32.2006    24.4895 0.0000e+00
 250.548895     12.305  36.901935    11.9381     7.0387     12.202    32.0422    24.3045 0.0000e+00
 250.548900     11.565  37.111842    12.2547     6.9665     11.468    31.9732    24.1920 0.0000e+00
 250.548906     10.833  37.301422    12.5230     6.8792     10.742    31.9261    24.1048 0.0000e+00
 250.548912     10.114  37.446793    12.7371     6.8225     10.029    31.8831    24.0306 0.0000e+00
 250.548918      9.419  37.569299    12.8728     6.8100      9.340    31.8847    24.0056 0.0000e+00
 250.548924      8.759  37.698438    12.9617     6.7879      8.686    31.9319    24.0248 0.0000e+00
 250.548929      8.139  37.868063    13.0505     6.7585      8.071    32.0170    24.0733 0.0000e+00
 250.548935      7.562  38.051133    13.1323     6.7146      7.499    32.1202    24.1371 0.0000e+00
 250.548941      7.030  38.167365    13.1879     6.6744      6.971    32.1825    24.1743 0.0000e+00
 250.548947      6.540  38.201994    13.2173     6.6674      6.485    32.1903    24.1745 0.0000e+00
 250.548953      6.085  38.211295    13.2331     6.6479      6.034    32.1858    24.1679 0.0000e+00
 250.548958      5.667  38.244100    13.2665     6.5723      5.620    32.1885    24.1634 0.0000e+00
 250.548964      5.290  38.330708    13.3261     6.5226      5.246    32.2193    24.1754 0.0000e+00
 250.548970      4.950  38.418510    13.3928     6.4931      4.909    32.2451    24.1820 0.0000e+00
 250.548976      4.639  38.462655    13.4604     6.5078      4.600    32.2293    24.1563 0.0000e+00
 250.548981      4.351  38.516416    13.5330     6.5227      4.315    32.2183    24.1332 0.0000e+00
 250.548987      4.087  38.597699    13.6371     6.5061      4.053    32.2063    24.1030 0.0000e+00
 250.548993      3.849  38.690505    13.7679     6.4710      3.817    32.1825    24.0582 0.0000e+00
 250.548999      3.630  38.758894    13.8564     6.4549      3.600    32.1717    24.0318 0.0000e+00
 250.549005      3.425  38.766316    13.8856     6.4623      3.396    32.1541    24.0123 0.0000e+00
 250.549010      3.228  38.756317    13.9071     6.4231      3.201    32.1270    23.9869 0.0000e+00
 250.549016      3.042  38.787306    13.9504     6.3304      3.017    32.1195    23.9723 0.0000e+00
 250.549022      2.865  38.835603    14.0041     6.2357      2.841    32.1192    23.9611 0.0000e+00
 250.549028      2.697  38.873149    14.0467     6.1744      2.674    32.1183    23.9516 0.0000e+00
 250.549034      2.533  38.919756    14.0752     6.6851      2.512    32.1375    23.9605 0.0000e+00
 250.549039      2.374  38.956330    14.0954     6.5571      2.354    32.1543    23.9694 0.0000e+00
 250.549045      2.222  38.967764    14.1105     6.9586      2.203    32.1523    23.9647 0.0000e+00
 250.549051      2.079  38.978836    14.1211     6.7425      2.062    32.1537    23.9636 0.0000e+00
 250.549057      1.945  38.973495    14.1194     6.7937      1.929    32.1502    23.9613 0.0000e+00
 250.549062      1.820  38.917725    14.1012     6.8620      1.805    32.1142    23.9372 -9.990e-29
 250.549068      1.705  38.804411    14.0708 -9.990e-29      1.691    32.0354    23.8826 -9.990e-29
 250.549074      1.601  38.591174    14.0332 -9.990e-29      1.588    31.8705    23.7631 -9.990e-29
 250.549080      1.511  38.083911    13.9924 -9.990e-29      1.498    31.4379    23.4375 -9.990e-29
 250.549086      1.431  36.674065    13.9524 -9.990e-29      1.419    30.1779    22.4735 -9.990e-29
 250.549091      1.359  32.538988    13.9132 -9.990e-29      1.348    26.4575    19.6136 -9.990e-29
 250.549097      1.292  25.673002    13.8669 -9.990e-29      1.281    20.4036    14.9637 -9.990e-29
 250.549103      1.236  18.069652    13.8115 -9.990e-29      1.226    13.9206     9.9917 -9.990e-29
 250.549109      1.196  11.255663    13.7622 -9.990e-29      1.186     8.3445     5.7155 -9.990e-29
 250.549115      1.173   7.178424    13.7419 -9.990e-29      1.163     5.1463     3.2582 -9.990e-29
 250.549120      1.165   5.498166 -9.990e-29 -9.990e-29      1.155 -9.990e-29 -9.990e-29 -9.990e-29
