data/oxygen options/OCNMS/OCNMS2/raw_data/2012/CAST_HH042_120920faed.cnv
* Sea-Bird SBE19 Data File:
* FileName = C:\Documents and Settings\OCNMS\Desktop\2012 mooring data\Hypoxia Sampling\120920\CAST_HH042_120920.hex
* Software Version 1.25
* Temperature SN = 2997
* Conductivity SN = 2997
* System UpLoad Time = Sep 20 2012 17:19:44
** CAST_HH042_120920
* SEACAT PROFILER V3.1c SN 2997   09/20/12  17:18:28.695
# nquan = 9                                 
# nvalues = 973                         
# units = specified
# name 0 = timeJ: Julian Days
# name 1 = prSM: Pressure, Strain Gauge [db]
# name 2 = c0mS/cm: Conductivity [mS/cm]
# name 3 = t090C: Temperature [ITS-90, deg C]
# name 4 = sbeox0ML/L: Oxygen, SBE 43 [ml/l]
# name 5 = depSM: Depth [salt water, m], lat = 47.5
# name 6 = sal00: Salinity, Practical [PSU]
# name 7 = sigma-é00: Density [sigma-theta, kg/m^3]
# name 8 = flag: flag
# span 0 = 264.714491, 264.720116       
# span 1 =     -5.283,     37.242       
# span 2 =   0.166396,  37.937827       
# span 3 =     7.5836,    13.0522       
# span 4 =    -1.8539,    14.2987       
# span 5 =     -5.239,     36.928       
# span 6 =     0.1061,    33.5379       
# span 7 =    -0.4420,    26.1751       
# span 8 = 0.0000e+00, 0.0000e+00       
# interval = seconds: 0.5
# start_time = Sep 20 2012 17:08:52 [Instrument's time stamp, header]
# bad_flag = -9.990e-29
*END*
[from data line 321]
 264.716348     -0.754   0.179401    12.0370    -1.8422     -0.748     0.1143    -0.4154 -9.990e-29
 264.716354     -0.761   0.180201    12.0496    -1.8417     -0.755     0.1147    -0.4165 -9.990e-29
 264.716360     -0.764   0.180981    12.0734    -1.8410     -0.758     0.1152    -0.4189 -9.990e-29
 264.716366     -0.762   0.181672    12.1075    -1.8409     -0.756     0.1155    -0.4226 -9.990e-29
 264.716372     -0.757   0.182087    12.1469    -1.8408     -0.751     0.1157    -0.4270 -9.990e-29
 264.716377     -0.751   0.182227    12.1824    -1.8408     -0.745     0.1157    -0.4312 -9.990e-29
 264.716383     -0.749   0.182278    12.2036    -1.8406     -0.743     0.1156    -0.4337 -9.990e-29
 264.716389     -0.747   0.182308    12.2123    -1.8404     -0.741     0.1156    -0.4347 -9.990e-29
 264.716395     -0.739   0.182354    12.2176    -1.8403     -0.733     0.1157    -0.4353 -9.990e-29
 264.716400     -0.731   0.182479    12.2241    -1.8403     -0.725     0.1157    -0.4360 -9.990e-29
 264.716406     -0.724   0.182849    12.2329    -1.8402     -0.718     0.1159    -0.4369 -9.990e-29
 264.716412     -0.720   0.183404    12.2419    -1.8400     -0.714     0.1163    -0.4377 -9.990e-29
 264.716418     -0.718   0.183775    12.2480    -1.8401     -0.712     0.1165    -0.4382 -9.990e-29
 264.716424     -0.717   0.183903    12.2514    -1.8401     -0.711     0.1166    -0.4386 -9.990e-29
 264.716429     -0.718   0.183958    12.2541    -1.8399     -0.712     0.1166    -0.4389 -9.990e-29
 264.716435     -0.721   0.184014    12.2572    -1.8398     -0.715     0.1166    -0.4392 -9.990e-29
 264.716441     -0.725   0.184143    12.2603    -1.8399     -0.719     0.1167    -0.4395 -9.990e-29
 264.716447     -0.727   0.184519    12.2628    -1.8399     -0.721     0.1169    -0.4396 -9.990e-29
 264.716453     -0.723   0.185087    12.2649    -1.8399     -0.717     0.1173    -0.4396 -9.990e-29
 264.716458     -0.717   0.185497    12.2671    -1.8399     -0.711     0.1175    -0.4396 -9.990e-29
 264.716464     -0.712   0.185742    12.2686    -1.8399     -0.706     0.1177    -0.4397 -9.990e-29
 264.716470     -0.709   0.186150    12.2689    -1.8399     -0.703     0.1179    -0.4395 -9.990e-29
 264.716476     -0.706   0.186708    12.2698    -1.8398     -0.700     0.1183    -0.4394 -9.990e-29
 264.716481     -0.705   0.187055    12.2718    -1.8385     -0.699     0.1185    -0.4394 -9.990e-29
 264.716487     -0.704   0.187098    12.2733    -1.8386     -0.698     0.1185    -0.4396 -9.990e-29
 264.716493     -0.704   0.186894    12.2736    -1.8388     -0.698     0.1184    -0.4397 -9.990e-29
 264.716499     -0.705   0.186724    12.2735    -1.8392     -0.699     0.1183    -0.4398 -9.990e-29
 264.716505     -0.707   0.186915    12.2732    -1.8393     -0.701     0.1184    -0.4397 -9.990e-29
 264.716510     -0.710   0.187167    12.2729    -1.8395     -0.704     0.1186    -0.4395 -9.990e-29
 264.716516     -0.714   0.187264    12.2735    -1.8395     -0.708     0.1186    -0.4395 -9.990e-29
 264.716522     -0.715   0.187333    12.2765    -1.8397     -0.709     0.1187    -0.4399 -9.990e-29
 264.716528     -0.709   0.187465    12.2843    -1.8396     -0.703     0.1187    -0.4407 -9.990e-29
 264.716534     -0.700   0.187838    12.2942    -1.8397     -0.694     0.1189    -0.4417 -9.990e-29
 264.716539     -0.691   0.188395    12.2985    -1.8398     -0.685     0.1193    -0.4420 -9.990e-29
 264.716545     -0.682   0.188769    12.2963    -1.8398     -0.676     0.1195    -0.4415 -9.990e-29
 264.716551     -0.672   0.188905    12.2920    -1.8399     -0.666     0.1196    -0.4409 -9.990e-29
 264.716557     -0.666   0.188984    12.2880    -1.8398     -0.660     0.1197    -0.4404 -9.990e-29
 264.716563     -0.666   0.189112    12.2846    -1.8397     -0.660     0.1198    -0.4399 -9.990e-29
 264.716568     -0.669   0.189459    12.2819    -1.8398     -0.663     0.1200    -0.4394 -9.990e-29
 264.716574     -0.671   0.189935    12.2799    -1.8399     -0.665     0.1203    -0.4390 -9.990e-29
 264.716580     -0.671   0.190066    12.2786    -1.8395     -0.665     0.1204    -0.4388 -9.990e-29
 264.716586     -0.670   0.190024    12.2774    -1.8395     -0.664     0.1204    -0.4386 -9.990e-29
 264.716591     -0.667   0.190308    12.2760    -1.8394     -0.661     0.1206    -0.4383 -9.990e-29
 264.716597     -0.663   0.190741    12.2747    -1.8388     -0.657     0.1208    -0.4379 -9.990e-29
 264.716603     -0.657   0.191163    12.2740    -1.8385     -0.652     0.1211    -0.4376 -9.990e-29
 264.716609     -0.649   0.191583    12.2745    -1.8382     -0.644     0.1214    -0.4375 -9.990e-29
 264.716615     -0.638   0.191822    12.2753    -1.8380     -0.633     0.1215    -0.4375 -9.990e-29
 264.716620     -0.624   0.191647    12.2759    -1.8380     -0.619     0.1214    -0.4376 -9.990e-29
 264.716626     -0.606   0.191195    12.2776    -1.8381     -0.601     0.1211    -0.4381 -9.990e-29
 264.716632     -0.586   0.190969    12.2808    -1.8385     -0.581     0.1210    -0.4386 -9.990e-29
 264.716638     -0.568   0.191222    12.2848    -1.8390     -0.563     0.1211    -0.4389 -9.990e-29
 264.716644     -0.551   0.191738    12.2905    -1.8397     -0.546     0.1214    -0.4393 -9.990e-29
 264.716649     -0.538   0.192098    12.2983    -1.8402     -0.534     0.1216    -0.4401 -9.990e-29
 264.716655     -0.532   0.192228    12.3057    -1.8406     -0.528     0.1217    -0.4409 -9.990e-29
 264.716661     -0.533   0.192304    12.3110    -1.8413     -0.529     0.1217    -0.4415 -9.990e-29
 264.716667     -0.537   0.192427    12.3141    -1.8409     -0.533     0.1218    -0.4418 -9.990e-29
 264.716672     -0.535   0.192760    12.3145    -1.8396     -0.531     0.1220    -0.4417 -9.990e-29
 264.716678     -0.524   0.193196    12.3113    -1.8395     -0.520     0.1223    -0.4411 -9.990e-29
 264.716684     -0.506   0.193209    12.3039    -1.8399     -0.502     0.1223    -0.4402 -9.990e-29
 264.716690     -0.489   0.192815    12.2928    -1.8400     -0.485     0.1221    -0.4391 -9.990e-29
 264.716696     -0.476   0.192596    12.2803    -1.8406     -0.472     0.1220    -0.4377 -9.990e-29
 264.716701     -0.467   0.192814    12.2687    -1.8411     -0.463     0.1222    -0.4362 -9.990e-29
 264.716707     -0.460   0.193209    12.2592    -1.8414     -0.456     0.1225    -0.4348 -9.990e-29
 264.716713     -0.456   0.193199    12.2548    -1.8418     -0.452     0.1225    -0.4343 -9.990e-29
 264.716719     -0.455   0.192774    12.2598    -1.8421     -0.451     0.1222    -0.4351 -9.990e-29
 264.716725     -0.455   0.192472    12.2697    -1.8425     -0.451     0.1220    -0.4365 -9.990e-29
 264.716730     -0.457   0.192446    12.2745    -1.8426     -0.453     0.1219    -0.4371 -9.990e-29
 264.716736     -0.461   0.192659    12.2724    -1.8429     -0.457     0.1221    -0.4367 -9.990e-29
 264.716742     -0.464   0.192845    12.2665    -1.8430     -0.460     0.1222    -0.4359 -9.990e-29
 264.716748     -0.461   0.192697    12.2576    -1.8431     -0.457     0.1221    -0.4349 -9.990e-29
 264.716753     -0.456   0.192573    12.2476    -1.8432     -0.452     0.1221    -0.4338 -9.990e-29
 264.716759     -0.454   0.192859    12.2384    -1.8432     -0.450     0.1223    -0.4325 -9.990e-29
 264.716765     -0.453   0.193385    12.2300    -1.8434     -0.449     0.1227    -0.4313 -9.990e-29
 264.716771     -0.454   0.193744    12.2222    -1.8436     -0.450     0.1229    -0.4301 -9.990e-29
 264.716777     -0.457   0.193863    12.2153    -1.8437     -0.453     0.1230    -0.4293 -9.990e-29
 264.716782     -0.463   0.193902    12.2094    -1.8440     -0.459     0.1231    -0.4285 -9.990e-29
 264.716788     -0.467   0.193911    12.2044    -1.8442     -0.463     0.1231    -0.4279 -9.990e-29
 264.716794     -0.465   0.193903    12.2005    -1.8442     -0.461     0.1231    -0.4275 -9.990e-29
 264.716800     -0.461   0.193867    12.1977    -1.8443     -0.457     0.1231    -0.4272 -9.990e-29
 264.716806     -0.460   0.193756    12.1954    -1.8445     -0.456     0.1230    -0.4269 -9.990e-29
 264.716811     -0.462   0.193422    12.1929    -1.8447     -0.458     0.1228    -0.4268 -9.990e-29
 264.716817     -0.462   0.192973    12.1899    -1.8451     -0.458     0.1225    -0.4267 -9.990e-29
 264.716823     -0.455   0.192920    12.1866    -1.8457     -0.451     0.1225    -0.4263 -9.990e-29
 264.716829     -0.447   0.193192    12.1827    -1.8462     -0.443     0.1227    -0.4257 -9.990e-29
 264.716834     -0.440   0.193044    12.1783    -1.8451     -0.436     0.1226    -0.4253 -9.990e-29
 264.716840     -0.434   0.192278    12.1743    -1.8432     -0.430     0.1221    -0.4252 -9.990e-29
 264.716846     -0.429   0.191534    12.1713    -1.4974     -0.425     0.1216    -0.4252 -9.990e-29
 264.716852     -0.425   0.191483    12.1684    -1.4820     -0.421     0.1216    -0.4249 -9.990e-29
 264.716858     -0.420   0.192610    12.1645    -1.4791     -0.416     0.1224    -0.4238 -9.990e-29
 264.716863     -0.416   0.196417    12.1589    -1.4781     -0.413     0.1248    -0.4213 -9.990e-29
 264.716869     -0.411   0.207980    12.1520    -1.4783     -0.408     0.1323    -0.4146 -9.990e-29
 264.716875     -0.406   0.242718    12.1474    -1.4826     -0.403     0.1547    -0.3966 -9.990e-29
 264.716881     -0.399   0.346949    12.1559    -1.4862     -0.396     0.2228    -0.3443 -9.990e-29
 264.716887     -0.391   0.659647    12.1926    -1.4870     -0.388     0.4320    -0.1852 -9.990e-29
 264.716892     -0.381   1.597743    12.2785    -1.4880     -0.378     1.0858     0.3139 -9.990e-29
 264.716898     -0.369   4.412034    12.4745    -1.4871     -0.366     3.1624     1.9010 -9.990e-29
 264.716904     -0.348  12.854907    12.7569    -1.4829     -0.345     9.8894     7.0558 -9.990e-29
 264.716910     -0.315  25.503116    12.9678    -1.4816     -0.312    20.7371    15.3791 -9.990e-29
 264.716916     -0.270  33.908337    13.0522    -1.4843     -0.268    28.3235    21.2173 -9.990e-29
 264.716921     -0.216  36.689651    13.0462    -1.4874     -0.214    30.9175    23.2234 -9.990e-29
 264.716927     -0.153  37.600919    12.9737    -1.4881     -0.152    31.8334    23.9460 -9.990e-29
 264.716933     -0.086  37.876803    12.8933    -1.4880     -0.085    32.1617    24.2157 -9.990e-29
 264.716939     -0.014  37.937827    12.8501    -1.4883     -0.014    32.2562    24.2973 -9.990e-29
 264.716944      0.062  37.926988    12.8457    -1.4879      0.061    32.2497    24.2931 -9.990e-29
 264.716950      0.139  37.893145    12.8804    -1.4885      0.138    32.1880    24.2386 -9.990e-29
 264.716956      0.213  37.868501    12.9329    -1.4893      0.211    32.1201    24.1758 -9.990e-29
 264.716962      0.280  37.875681    12.9494    -1.4892      0.278    32.1128    24.1670 -9.990e-29
 264.716968      0.341  37.907474    12.9101    -1.4886      0.338    32.1762    24.2237 -9.990e-29
 264.716973      0.398  37.927303    12.8511    -1.4881      0.395    32.2452    24.2886 -9.990e-29
 264.716979      0.452  37.915127    12.8118    -1.4881      0.448    32.2672    24.3133 -9.990e-29
 264.716985      0.498  37.891696    12.7967    -1.4886      0.494    32.2579    24.3090 -9.990e-29
 264.716991      0.533  37.876756    12.7935    -1.4891      0.529    32.2465    24.3007 -9.990e-29
 264.716997      0.561  37.866083    12.7922    -1.4886      0.556    32.2374    24.2940 -9.990e-29
 264.717002      0.583  37.853306    12.7847    -1.4874      0.578    32.2317    24.2910 -9.990e-29
 264.717008      0.600  37.839898    12.7761    -1.4877      0.595    32.2264    24.2885 -9.990e-29
 264.717014      0.614  37.827608    12.7777    -1.4887      0.609    32.2133    24.2782 -9.990e-29
 264.717020      0.625  37.816873    12.7885    -1.4891      0.620    32.1939    24.2610 -9.990e-29
 264.717025      0.635  37.810204    12.7990    -1.4887      0.630    32.1787    24.2472 -9.990e-29
 264.717031      0.643  37.808250    12.8010    -1.4875      0.638    32.1751    24.2440 -9.990e-29
 264.717037      0.650  37.807304    12.7952    -1.4874      0.645    32.1792    24.2483 -9.990e-29
 264.717043      0.657  37.805003    12.7921    -1.4879      0.652    32.1796    24.2493 -9.990e-29
 264.717049      0.664  37.801661    12.8003    -1.4885      0.658    32.1695    24.2398 -9.990e-29
 264.717054      0.672  37.801799    12.8120    -1.4882      0.666    32.1596    24.2299 -9.990e-29
 264.717060      0.681  37.808419    12.8108    -1.4872      0.675    32.1669    24.2358 -9.990e-29
 264.717066      0.691  37.814678    12.7982    -1.4864      0.685    32.1836    24.2511 -9.990e-29
 264.717072      0.704  37.813257    12.7906    -1.4867      0.698    32.1887    24.2566 -9.990e-29
 264.717078      0.719  37.809000    12.7974    -1.4866      0.713    32.1789    24.2476 -9.990e-29
 264.717083      0.735  37.810810    12.8111    -1.4874      0.729    32.1689    24.2373 -9.990e-29
 264.717089      0.743  37.820555    12.8176    -1.4875      0.737    32.1726    24.2389 -9.990e-29
 264.717095      0.743  37.831077    12.8135    -1.4872      0.737    32.1860    24.2501 -9.990e-29
 264.717101      0.745  37.831775    12.8086    -1.4872      0.739    32.1909    24.2548 -9.990e-29
 264.717106      0.752  37.825279    12.8160    -1.4880      0.746    32.1784    24.2437 -9.990e-29
 264.717112      0.766  37.823111    12.8361    -1.4888      0.760    32.1592    24.2250 -9.990e-29
 264.717118      0.783  37.827439    12.8549    -1.4888      0.776    32.1473    24.2121 -9.990e-29
 264.717124      0.799  37.832285    12.8628    -1.4884      0.792    32.1452    24.2089 -9.990e-29
 264.717130      0.815  37.830686    12.8597    -1.4868      0.808    32.1463    24.2104 -9.990e-29
 264.717135      0.829  37.822772    12.8497    -1.4854      0.822    32.1473    24.2131 -9.990e-29
 264.717141      0.837  37.816499    12.8424    -1.4867      0.830    32.1476    24.2147 -9.990e-29
 264.717147      0.839  37.815283    12.8405    -1.4888      0.832    32.1481    24.2155 -9.990e-29
 264.717153      0.836  37.816399    12.8338    -1.4896      0.829    32.1548    24.2220 -9.990e-29
 264.717159      0.831  37.815747    12.8175    -1.4897      0.824    32.1681    24.2354 -9.990e-29
 264.717164      0.829  37.811916    12.8021    -1.4882      0.822    32.1776    24.2457 -9.990e-29
 264.717170      0.829  37.808219    12.8017    -1.4875      0.822    32.1744    24.2434 -9.990e-29
 264.717176      0.837  37.806463    12.8218    -1.4882      0.830    32.1556    24.2249 -9.990e-29
 264.717182      0.851  37.806000    12.8543    -1.4893      0.844    32.1275    24.1969 -9.990e-29
 264.717188      0.865  37.806790    12.8711    -1.4898      0.858    32.1140    24.1832 -9.990e-29
 264.717193      0.875  37.808225    12.8505    -1.4898      0.868    32.1329    24.2018 -9.990e-29
 264.717199      0.882  37.808322    12.8089    -1.4895      0.875    32.1683    24.2373 -9.990e-29
 264.717205      0.887  37.806672    12.7792    -1.4895      0.880    32.1921    24.2614 -9.990e-29
 264.717211      0.889  37.806128    12.7769    10.6930      0.882    32.1935    24.2630 -9.990e-29
 264.717216      0.888  37.807653    12.7940    14.0881      0.881    32.1804    24.2495 -9.990e-29
 264.717222      0.885  37.809928    12.8050    14.2987      0.878    32.1732    24.2418 -9.990e-29
 264.717228      0.885  37.812085    12.7942    11.7980      0.878    32.1844    24.2526 -9.990e-29
 264.717234      0.890  37.811978    12.7718     6.4446      0.883    32.2034    24.2716 -9.990e-29
 264.717240      0.897  37.809488    12.7545     6.7265      0.890    32.2158    24.2846 -9.990e-29
 264.717245      0.902  37.807470    12.7481     7.0527      0.894    32.2194    24.2886 -9.990e-29
 264.717251      0.906  37.807165    12.7488     7.1360      0.898    32.2185    24.2877 -9.990e-29
 264.717257      0.909  37.807620    12.7506     7.0833      0.901    32.2174    24.2865 -9.990e-29
 264.717263      0.911  37.807779    12.7514     6.9979      0.903    32.2169    24.2860 -9.990e-29
