data/oxygen options/OCNMS/OCNMS2/raw_data/2012/CAST_MO030_120913faed.cnv
* Sea-Bird SBE19 Data File:
* FileName = C:\Documents and Settings\OCNMS\Desktop\2012 mooring data\Hypoxia Sampling\CAST_MO030_120913.hex
* Software Version 1.25
* Temperature SN = 2997
* Conductivity SN = 2997
* System UpLoad Time = Sep 13 2012 12:31:18
** CAST_MO030_120913
* SEACAT PROFILER V3.1c SN 2997   09/13/12  12:30:25.300
# nquan = 9                                 
# nvalues = 1013                        
# units = specified
# name 0 = timeJ: Julian Days
# name 1 = prSM: Pressure, Strain Gauge [db]
# name 2 = c0mS/cm: Conductivity [mS/cm]
# name 3 = t090C: Temperature [ITS-90, deg C]
# name 4 = sbeox0ML/L: Oxygen, SBE 43 [ml/l]
# name 5 = depSM: Depth [salt water, m], lat = 47.5
# name 6 = sal00: Salinity, Practical [PSU]
# name 7 = sigma-é00: Density [sigma-theta, kg/m^3]
# name 8 = flag: flag
# span 0 = 257.514468, 257.520324       
# span 1 =     -4.950,     33.328       
# span 2 =   0.145932,  39.317612       
# span 3 =     7.6640,    15.4266       
# span 4 =   -12.3778,    13.0557       
# span 5 =     -4.909,     33.047       
# span 6 =     0.0865,    33.6103       
# span 7 =    -0.8943,    26.2257       
# span 8 = 0.0000e+00, 0.0000e+00       
# interval = seconds: 0.5
# start_time = Sep 13 2012 12:20:50 [Instrument's time stamp, header]
# bad_flag = -9.990e-29
*END*
 257.514468     -4.950 -9.990e-29    14.1483    -1.7614     -4.909 -9.990e-29 -9.990e-29 -9.990e-29
 257.514473     -4.936   0.175244    14.1523    -1.7612     -4.895     0.1064    -0.6926 -9.990e-29
 257.514479     -4.917   0.175225    14.1578    -1.7610     -4.876     0.1063    -0.6934 -9.990e-29
 257.514485     -4.894   0.175170    14.1653    -1.7604     -4.853     0.1063    -0.6945 -9.990e-29
 257.514491     -4.863   0.175005    14.1740    -1.7599     -4.822     0.1062    -0.6958 -9.990e-29
 257.514497     -4.828   0.174692    14.1832    -1.7594     -4.788     0.1060    -0.6973 -9.990e-29
 257.514502     -4.794   0.174368    14.1920    -1.7589     -4.754     0.1057    -0.6987 -9.990e-29
 257.514508     -4.765   0.174342    14.1987    -1.7581     -4.725     0.1057    -0.6997 -9.990e-29
 257.514514     -4.737   0.174580    14.2027    -1.7572     -4.698     0.1059    -0.7001 -9.990e-29
 257.514520     -4.710   0.174479    14.2058    -1.7567     -4.671     0.1058    -0.7006 -9.990e-29
 257.514525     -4.682   0.173904    14.2107    -1.7564     -4.643     0.1054    -0.7016 -9.990e-29
 257.514531     -4.650   0.173199    14.2189    -1.7559     -4.611     0.1050    -0.7031 -9.990e-29
 257.514537     -4.618   0.172532    14.2303    -1.7552     -4.580     0.1046    -0.7051 -9.990e-29
 257.514543     -4.586   0.172120    14.2436    -1.7544     -4.548     0.1043    -0.7072 -9.990e-29
 257.514549     -4.554   0.171969    14.2578    -1.7539     -4.516     0.1042    -0.7093 -9.990e-29
 257.514554     -4.524   0.171881    14.2732    -1.7534     -4.486     0.1041    -0.7116 -9.990e-29
 257.514560     -4.497   0.171737    14.2907    -1.7528     -4.460     0.1039    -0.7141 -9.990e-29
 257.514566     -4.473   0.171348    14.3088    -1.7525     -4.436     0.1037    -0.7169 -9.990e-29
 257.514572     -4.449   0.170751    14.3242    -1.7524     -4.412     0.1033    -0.7195 -9.990e-29
 257.514578     -4.424   0.170257    14.3372    -1.7526     -4.387     0.1029    -0.7216 -9.990e-29
 257.514583     -4.397   0.169762    14.3515    -1.7525     -4.360     0.1026    -0.7239 -9.990e-29
 257.514589     -4.366   0.169162    14.3685    -1.7513     -4.330     0.1022    -0.7266 -9.990e-29
 257.514595     -4.332   0.168765    14.3854    -1.7496     -4.296     0.1019    -0.7293 -9.990e-29
 257.514601     -4.304   0.168596    14.4001    -1.7475     -4.268     0.1018    -0.7315 -9.990e-29
 257.514606     -4.282   0.168429    14.4135    -1.7459     -4.246     0.1017    -0.7335 -9.990e-29
 257.514612     -4.262   0.168044    14.4258    -1.7444     -4.226     0.1014    -0.7355 -9.990e-29
 257.514618     -4.237   0.167484    14.4348    -1.7432     -4.202     0.1011    -0.7371 -9.990e-29
 257.514624     -4.212   0.167111    14.4398    -1.7423     -4.177     0.1008    -0.7380 -9.990e-29
 257.514630     -4.187   0.166982    14.4445    -1.7416     -4.152     0.1007    -0.7387 -9.990e-29
 257.514635     -4.162   0.166926    14.4570    -1.7415     -4.127     0.1007    -0.7406 -9.990e-29
 257.514641     -4.134   0.166871    14.4839    -1.7416     -4.100     0.1006    -0.7445 -9.990e-29
 257.514647     -4.104   0.166742    14.5235    -1.7417     -4.070     0.1004    -0.7504 -9.990e-29
 257.514653     -4.071   0.166371    14.5681    -1.7414     -4.037     0.1001    -0.7572 -9.990e-29
 257.514659     -4.040   0.165816    14.6109    -1.7405     -4.006     0.0997    -0.7637 -9.990e-29
 257.514664     -4.007   0.165447    14.6485    -1.7394     -3.974     0.0994    -0.7695 -9.990e-29
 257.514670     -3.976   0.165327    14.6794    -1.7384     -3.943     0.0992    -0.7741 -9.990e-29
 257.514676     -3.947   0.165299    14.7029    -1.7376     -3.914     0.0992    -0.7777 -9.990e-29
 257.514682     -3.920   0.165324    14.7187    -1.7372     -3.887     0.0992    -0.7800 -9.990e-29
 257.514687     -3.893   0.165437    14.7266    -1.7369     -3.861     0.0992    -0.7811 -9.990e-29
 257.514693     -3.864   0.165790    14.7297    -1.7365     -3.832     0.0994    -0.7814 -9.990e-29
 257.514699     -3.831   0.166302    14.7341    -1.7358     -3.799     0.0997    -0.7819 -9.990e-29
 257.514705     -3.796   0.166551    14.7450    -1.7351     -3.764     0.0998    -0.7834 -9.990e-29
 257.514711     -3.767   0.166318    14.7640    -1.7347     -3.736     0.0996    -0.7863 -9.990e-29
 257.514716     -3.744   0.165845    14.7877    -1.7337     -3.713     0.0993    -0.7901 -9.990e-29
 257.514722     -3.727   0.165612    14.8111    -1.7330     -3.696     0.0991    -0.7937 -9.990e-29
 257.514728     -3.714   0.165862    14.8304    -1.7320     -3.683     0.0992    -0.7965 -9.990e-29
 257.514734     -3.701   0.166375    14.8451    -1.7310     -3.670     0.0995    -0.7985 -9.990e-29
 257.514740     -3.683   0.166730    14.8576    -1.7303     -3.652     0.0997    -0.8002 -9.990e-29
 257.514745     -3.662   0.166849    14.8709    -1.7299     -3.631     0.0997    -0.8022 -9.990e-29
 257.514751     -3.641   0.166894    14.8863    -1.7294     -3.611     0.0997    -0.8045 -9.990e-29
 257.514757     -3.619   0.166925    14.9029    -1.7287     -3.589     0.0997    -0.8070 -9.990e-29
 257.514763     -3.595   0.166983    14.9207    -1.7283     -3.565     0.0997    -0.8097 -9.990e-29
 257.514769     -3.568   0.167147    14.9415    -1.7280     -3.538     0.0998    -0.8128 -9.990e-29
 257.514774     -3.534   0.167637    14.9644    -1.7276     -3.505     0.1000    -0.8160 -9.990e-29
 257.514780     -3.498   0.168554    14.9881    -1.7271     -3.469     0.1005    -0.8192 -9.990e-29
 257.514786     -3.464   0.169463    15.0107    -1.7264     -3.435     0.1010    -0.8222 -9.990e-29
 257.514792     -3.435   0.169917    15.0300    -1.7259     -3.406     0.1012    -0.8250 -9.990e-29
 257.514797     -3.410   0.169971    15.0459    -1.7253     -3.382     0.1012    -0.8274 -9.990e-29
 257.514803     -3.386   0.169697    15.0604    -1.7247     -3.358     0.1010    -0.8297 -9.990e-29
 257.514809     -3.362   0.169284    15.0742    -1.7245     -3.334     0.1007    -0.8321 -9.990e-29
 257.514815     -3.336   0.169289    15.0864    -1.7246     -3.308     0.1007    -0.8339 -9.990e-29
 257.514821     -3.308   0.169720    15.0976    -1.7243     -3.280     0.1009    -0.8355 -9.990e-29
 257.514826     -3.274   0.170047    15.1099    -1.7239     -3.247     0.1011    -0.8372 -9.990e-29
 257.514832     -3.238   0.170154    15.1243    -1.7238     -3.211     0.1011    -0.8394 -9.990e-29
 257.514838     -3.206   0.170187    15.1397    -1.7245     -3.179     0.1011    -0.8417 -9.990e-29
 257.514844     -3.179   0.170189    15.1550    -1.7251     -3.152     0.1011    -0.8441 -9.990e-29
 257.514850     -3.156   0.170165    15.1695    -1.7256     -3.130     0.1010    -0.8463 -9.990e-29
 257.514855     -3.135   0.170083    15.1818    -1.7262     -3.109     0.1010    -0.8483 -9.990e-29
 257.514861     -3.116   0.169836    15.1894    -1.7262     -3.090     0.1008    -0.8496 -9.990e-29
 257.514867     -3.097   0.169651    15.1939    -1.7262     -3.071     0.1007    -0.8504 -9.990e-29
 257.514873     -3.076   0.169834    15.1990    -1.7254     -3.050     0.1008    -0.8511 -9.990e-29
 257.514878     -3.058   0.170078    15.2032    -1.7246     -3.033     0.1009    -0.8516 -9.990e-29
 257.514884     -3.044   0.170156    15.2012    -1.7240     -3.019     0.1010    -0.8513 -9.990e-29
 257.514890     -3.030   0.170175    15.1915    -1.7235     -3.005     0.1010    -0.8497 -9.990e-29
 257.514896     -3.014   0.170160    15.1782    -1.7231     -2.989     0.1010    -0.8477 -9.990e-29
 257.514902     -3.001   0.170094    15.1657    -1.7229     -2.976     0.1010    -0.8458 -9.990e-29
 257.514907     -2.985   0.169888    15.1567    -1.7228     -2.960     0.1009    -0.8445 -9.990e-29
 257.514913     -2.964   0.169824    15.1539    -1.7228     -2.939     0.1009    -0.8441 -9.990e-29
 257.514919     -2.943   0.170370    15.1595    -1.7227     -2.918     0.1012    -0.8447 -9.990e-29
 257.514925     -2.919   0.171150    15.1730    -1.7226     -2.895     0.1016    -0.8464 -9.990e-29
 257.514931     -2.896   0.171546    15.1902    -1.7226     -2.872     0.1018    -0.8489 -9.990e-29
 257.514936     -2.875   0.171533    15.2063    -1.7229     -2.851     0.1018    -0.8514 -9.990e-29
 257.514942     -2.857   0.171095    15.2193    -1.7231     -2.833     0.1015    -0.8536 -9.990e-29
 257.514948     -2.839   0.170203    15.2291    -1.7229     -2.815     0.1009    -0.8556 -9.990e-29
 257.514954     -2.821   0.169329    15.2358    -1.7227     -2.797     0.1004    -0.8570 -9.990e-29
 257.514959     -2.801   0.168969    15.2398    -1.7225     -2.778     0.1002    -0.8578 -9.990e-29
 257.514965     -2.778   0.169200    15.2420    -1.7222     -2.755     0.1003    -0.8580 -9.990e-29
 257.514971     -2.755   0.169776    15.2436    -1.7219     -2.732     0.1007    -0.8580 -9.990e-29
 257.514977     -2.735   0.170358    15.2447    -1.7214     -2.712     0.1010    -0.8579 -9.990e-29
 257.514983     -2.713   0.170619    15.2442    -1.7212     -2.690     0.1011    -0.8577 -9.990e-29
 257.514988     -2.686   0.170354    15.2418    -1.7212     -2.664     0.1010    -0.8575 -9.990e-29
 257.514994     -2.661   0.169764    15.2402    -1.7213     -2.639     0.1007    -0.8575 -9.990e-29
 257.515000     -2.642   0.169173    15.2420    -1.7217     -2.620     0.1003    -0.8580 -9.990e-29
 257.515006     -2.627   0.168900    15.2465    -1.7220     -2.605     0.1001    -0.8589 -9.990e-29
 257.515012     -2.615   0.169135    15.2522    -1.7220     -2.593     0.1003    -0.8596 -9.990e-29
 257.515017     -2.606   0.169639    15.2596    -1.7222     -2.584     0.1005    -0.8606 -9.990e-29
 257.515023     -2.599   0.169979    15.2684    -1.7221     -2.577     0.1007    -0.8618 -9.990e-29
 257.515029     -2.593   0.170055    15.2767    -1.7217     -2.571     0.1007    -0.8630 -9.990e-29
 257.515035     -2.587   0.169970    15.2820    -1.7217     -2.565     0.1007    -0.8639 -9.990e-29
 257.515041     -2.583   0.169613    15.2830    -1.7218     -2.561     0.1005    -0.8642 -9.990e-29
 257.515046     -2.579   0.169062    15.2798    -1.7221     -2.557     0.1002    -0.8640 -9.990e-29
 257.515052     -2.570   0.168692    15.2740    -1.7223     -2.549     0.1000    -0.8632 -9.990e-29
 257.515058     -2.553   0.168564    15.2686    -1.7225     -2.532     0.0999    -0.8625 -9.990e-29
 257.515064     -2.530   0.168509    15.2652    -1.7224     -2.509     0.0999    -0.8620 -9.990e-29
 257.515069     -2.504   0.168454    15.2643    -1.7225     -2.483     0.0998    -0.8618 -9.990e-29
 257.515075     -2.477   0.168326    15.2662    -1.7227     -2.456     0.0998    -0.8622 -9.990e-29
 257.515081     -2.457   0.167959    15.2696    -1.7226     -2.437     0.0995    -0.8629 -9.990e-29
 257.515087     -2.443   0.167418    15.2708    -1.7224     -2.423     0.0992    -0.8633 -9.990e-29
 257.515093     -2.428   0.167088    15.2683    -1.7226     -2.408     0.0990    -0.8631 -9.990e-29
 257.515098     -2.416   0.167086    15.2636    -1.7227     -2.396     0.0990    -0.8623 -9.990e-29
 257.515104     -2.407   0.167408    15.2589    -1.7229     -2.387     0.0992    -0.8615 -9.990e-29
 257.515110     -2.396   0.167933    15.2558    -1.7227     -2.376     0.0995    -0.8607 -9.990e-29
 257.515116     -2.382   0.168256    15.2542    -1.7226     -2.362     0.0997    -0.8604 -9.990e-29
 257.515122     -2.364   0.168253    15.2525    -1.7225     -2.344     0.0997    -0.8601 -9.990e-29
 257.515127     -2.346   0.167923    15.2510    -1.7229     -2.326     0.0996    -0.8600 -9.990e-29
 257.515133     -2.329   0.167382    15.2512    -1.7233     -2.310     0.0992    -0.8603 -9.990e-29
 257.515139     -2.314   0.167016    15.2514    -1.7236     -2.295     0.0990    -0.8605 -9.990e-29
 257.515145     -2.300   0.166892    15.2499    -1.7236     -2.281     0.0989    -0.8603 -9.990e-29
 257.515150     -2.285   0.166846    15.2476    -1.7236     -2.266     0.0989    -0.8600 -9.990e-29
 257.515156     -2.269   0.166818    15.2466    -1.7238     -2.250     0.0989    -0.8598 -9.990e-29
 257.515162     -2.250   0.166771    15.2479    -1.7239     -2.231     0.0989    -0.8600 -9.990e-29
 257.515168     -2.227   0.166646    15.2492    -1.7238     -2.208     0.0988    -0.8603 -9.990e-29
 257.515174     -2.204   0.166275    15.2474    -1.7237     -2.186     0.0986    -0.8602 -9.990e-29
 257.515179     -2.182   0.165721    15.2419    -1.7239     -2.164     0.0983    -0.8596 -9.990e-29
 257.515185     -2.161   0.165351    15.2347    -1.7242     -2.143     0.0981    -0.8586 -9.990e-29
 257.515191     -2.144   0.165228    15.2286    -1.7244     -2.126     0.0980    -0.8577 -9.990e-29
 257.515197     -2.134   0.165188    15.2246    -1.7244     -2.116     0.0980    -0.8571 -9.990e-29
 257.515203     -2.129   0.165176    15.2216    -1.7243     -2.111     0.0980    -0.8567 -9.990e-29
 257.515208     -2.126   0.165177    15.2191    -1.7242     -2.108     0.0980    -0.8563 -9.990e-29
 257.515214     -2.116   0.165189    15.2180    -1.7243     -2.098     0.0980    -0.8561 -9.990e-29
 257.515220     -2.098   0.165226    15.2183    -1.7245     -2.081     0.0980    -0.8561 -9.990e-29
 257.515226     -2.079   0.165337    15.2177    -1.7246     -2.062     0.0981    -0.8560 -9.990e-29
 257.515231     -2.063   0.165666    15.2145    -1.7247     -2.046     0.0983    -0.8553 -9.990e-29
 257.515237     -2.049   0.166097    15.2098    -1.7247     -2.032     0.0986    -0.8544 -9.990e-29
 257.515243     -2.035   0.166099    15.2062    -1.7249     -2.018     0.0986    -0.8539 -9.990e-29
 257.515249     -2.022   0.165670    15.2048    -1.7253     -2.005     0.0983    -0.8538 -9.990e-29
 257.515255     -2.007   0.165343    15.2051    -1.7259     -1.990     0.0981    -0.8540 -9.990e-29
 257.515260     -1.990   0.165234    15.2052    -1.7264     -1.973     0.0981    -0.8541 -9.990e-29
 257.515266     -1.970   0.165198    15.2039    -1.7268     -1.954     0.0981    -0.8539 -9.990e-29
 257.515272     -1.946   0.165182    15.2014    -1.7270     -1.930     0.0980    -0.8535 -9.990e-29
 257.515278     -1.920   0.165165    15.1988    -1.7273     -1.904     0.0980    -0.8531 -9.990e-29
 257.515284     -1.895   0.165124    15.1965    -1.7274     -1.879     0.0980    -0.8528 -9.990e-29
 257.515289     -1.869   0.165002    15.1935    -1.7274     -1.853     0.0980    -0.8524 -9.990e-29
 257.515295     -1.846   0.164634    15.1877    -1.7274     -1.831     0.0978    -0.8517 -9.990e-29
 257.515301     -1.827   0.164080    15.1779    -1.7276     -1.812     0.0975    -0.8504 -9.990e-29
 257.515307     -1.813   0.163708    15.1654    -1.7280     -1.798     0.0973    -0.8486 -9.990e-29
 257.515312     -1.801   0.163574    15.1529    -1.7284     -1.786     0.0972    -0.8468 -9.990e-29
 257.515318     -1.791   0.163498    15.1426    -1.7283     -1.776     0.0972    -0.8452 -9.990e-29
 257.515324     -1.782   0.163376    15.1348    -1.7281     -1.767     0.0971    -0.8441 -9.990e-29
 257.515330     -1.774   0.163043    15.1289    -1.7279     -1.759     0.0969    -0.8433 -9.990e-29
 257.515336     -1.767   0.162608    15.1251    -1.7282     -1.752     0.0967    -0.8429 -9.990e-29
 257.515341     -1.760   0.162595    15.1230    -1.7283     -1.745     0.0967    -0.8426 -9.990e-29
 257.515347     -1.752   0.162986    15.1203    -1.7285     -1.737     0.0969    -0.8420 -9.990e-29
 257.515353     -1.743   0.163192    15.1152    -1.7282     -1.728     0.0971    -0.8411 -9.990e-29
 257.515359     -1.732   0.162934    15.1085    -1.7279     -1.718     0.0969    -0.8402 -9.990e-29
 257.515365     -1.719   0.162418    15.1037    -1.7277     -1.705     0.0966    -0.8397 -9.990e-29
 257.515370     -1.702   0.162063    15.1029    -1.7277     -1.688     0.0964    -0.8397 -9.990e-29
 257.515376     -1.686   0.161945    15.1045    -1.7278     -1.672     0.0964    -0.8400 -9.990e-29
 257.515382     -1.672   0.161906    15.1053    -1.7279     -1.658     0.0963    -0.8402 -9.990e-29
 257.515388     -1.657   0.161894    15.1038    -1.7278     -1.643     0.0963    -0.8399 -9.990e-29
