data/oxygen options/OCNMS/OCNMS2/raw_data/2012/CAST_MO020_120913faed.cnv
* Sea-Bird SBE19 Data File:
* FileName = C:\Documents and Settings\OCNMS\Desktop\2012 mooring data\Hypoxia Sampling\CAST_MO020_120913.hex
* Software Version 1.25
* Temperature SN = 2997
* Conductivity SN = 2997
* System UpLoad Time = Sep 13 2012 12:49:12
** CAST_MO020_120913
* SEACAT PROFILER V3.1c SN 2997   09/13/12  12:48:24.344
# nquan = 9                                 
# nvalues = 956                         
# units = specified
# name 0 = timeJ: Julian Days
# name 1 = prSM: Pressure, Strain Gauge [db]
# name 2 = c0mS/cm: Conductivity [mS/cm]
# name 3 = t090C: Temperature [ITS-90, deg C]
# name 4 = sbeox0ML/L: Oxygen, SBE 43 [ml/l]
# name 5 = depSM: Depth [salt water, m], lat = 47.5
# name 6 = sal00: Salinity, Practical [PSU]
# name 7 = sigma-é00: Density [sigma-theta, kg/m^3]
# name 8 = flag: flag
# span 0 = 257.527454, 257.532980       
# span 1 =     -4.723,     21.304       
# span 2 =   0.362942,  39.528722       
# span 3 =     8.1330,    15.4235       
# span 4 =    -1.7445,    12.1965       
# span 5 =     -4.684,     21.125       
# span 6 =     0.2158,    33.5258       
# span 7 =    -0.7845,    26.0938       
# span 8 = 0.0000e+00, 0.0000e+00       
# interval = seconds: 0.5
# start_time = Sep 13 2012 12:39:32 [Instrument's time stamp, header]
# bad_flag = -9.990e-29
*END*
[from data line 801]
 257.532089     12.091  37.461194    12.0915     2.4057     11.990    32.4493    24.5919 0.0000e+00
 257.532095     12.528  37.238945    11.8535     2.2086     12.423    32.4414    24.6300 0.0000e+00
 257.532101     12.962  37.070985    11.4990     2.0322     12.853    32.5884    24.8091 0.0000e+00
 257.532106     13.395  36.862646    10.9901     1.8398     13.283    32.8349    25.0919 0.0000e+00
 257.532112     13.829  36.553382    10.4687     1.5669     13.713    32.9958    25.3081 0.0000e+00
 257.532118     14.261  36.248279    10.0726     1.2373     14.141    33.0483    25.4163 0.0000e+00
 257.532124     14.689  36.031026     9.8080     0.9475     14.566    33.0695    25.4770 0.0000e+00
 257.532130     15.115  35.881739     9.5877     0.7589     14.988    33.1194    25.5520 0.0000e+00
 257.532135     15.539  35.749083     9.3286     0.6791     15.409    33.2226    25.6746 0.0000e+00
 257.532141     15.963  35.583767     9.0003     0.6823     15.829    33.3576    25.8324 0.0000e+00
 257.532147     16.385  35.384802     8.6627     0.7054     16.248    33.4674    25.9709 0.0000e+00
 257.532153     16.800  35.199282     8.4215     0.7287     16.659    33.5005    26.0336 0.0000e+00
 257.532159     17.210  35.087160     8.2988     0.7723     17.066    33.4984    26.0505 0.0000e+00
 257.532164     17.615  35.041036     8.2432     0.8080     17.467    33.5023    26.0619 0.0000e+00
 257.532170     18.015  35.017773     8.2125     0.8457     17.864    33.5066    26.0699 0.0000e+00
 257.532176     18.406  35.002500     8.1885     0.8638     18.252    33.5131    26.0786 0.0000e+00
 257.532182     18.782  34.992127     8.1699     0.8635     18.624    33.5197    26.0865 0.0000e+00
 257.532188     19.142  34.985061     8.1586     0.8549     18.981    33.5228    26.0906 0.0000e+00
 257.532193     19.483  34.979636     8.1521     0.8531     19.319    33.5231    26.0918 0.0000e+00
 257.532199     19.800  34.974694     8.1489     0.8571     19.634    33.5207    26.0904 0.0000e+00
 257.532205     20.089  34.971405     8.1525     0.8848     19.920    33.5137    26.0844 0.0000e+00
 257.532211     20.346  34.974261     8.1640     0.9258     20.175    33.5056    26.0763 0.0000e+00
 257.532216     20.571  34.979709     8.1783     0.9643     20.398    33.4976    26.0679 0.0000e+00
 257.532222     20.760  34.978133     8.1888     1.0007     20.586    33.4858    26.0571 0.0000e+00
 257.532228     20.913  34.972954     8.1930     0.9947     20.737    33.4762    26.0490 -9.990e-29
 257.532234     21.036  34.973431     8.1985     0.9713     20.859    33.4714    26.0444 -9.990e-29
 257.532240     21.135  34.990202     8.2154     0.9409     20.958    33.4731    26.0432 -9.990e-29
 257.532245     21.214  35.022589     8.2367     0.8979     21.036    33.4872    26.0510 -9.990e-29
 257.532251     21.269  35.049292     8.2498     0.8792     21.090    33.5030    26.0615 -9.990e-29
 257.532257     21.298  35.063279     8.2537     0.8566     21.119    33.5141    26.0697 -9.990e-29
 257.532263     21.304  35.066886     8.2555     0.8441     21.125    33.5162    26.0711 -9.990e-29
 257.532269     21.287  35.063164     8.2581     0.8457     21.108    33.5098    26.0656 -9.990e-29
 257.532274     21.250  35.057710     8.2539     0.8272     21.072    33.5080    26.0649 -9.990e-29
 257.532280     21.195  35.044292     8.2441     0.8063     21.017    33.5032    26.0625 -9.990e-29
 257.532286     21.119  35.027344     8.2438     0.7949     20.942    33.4855    26.0487 -9.990e-29
 257.532292     21.025  35.022270     8.2525     0.7799     20.848    33.4718    26.0367 -9.990e-29
 257.532297     20.929  35.026704     8.2512     0.7794     20.753    33.4778    26.0416 -9.990e-29
 257.532303     20.838  35.026319     8.2359     0.7769     20.663    33.4921    26.0550 -9.990e-29
 257.532309     20.741  35.017168     8.2160     0.7680     20.567    33.5014    26.0653 -9.990e-29
 257.532315     20.637  35.004891     8.1966     0.7690     20.464    33.5069    26.0725 -9.990e-29
 257.532321     20.531  34.993198     8.1806     0.7677     20.359    33.5098    26.0772 -9.990e-29
 257.532326     20.427  34.984337     8.1721     0.7506     20.256    33.5085    26.0774 -9.990e-29
 257.532332     20.324  34.980972     8.1716     0.7431     20.153    33.5055    26.0751 -9.990e-29
 257.532338     20.222  34.982453     8.1744     0.7357     20.052    33.5044    26.0739 -9.990e-29
 257.532344     20.119  34.986583     8.1749     0.7404     19.950    33.5084    26.0769 -9.990e-29
 257.532350     20.015  34.990429     8.1691     0.7433     19.847    33.5181    26.0854 -9.990e-29
 257.532355     19.913  34.987147     8.1574     0.7437     19.746    33.5258    26.0932 -9.990e-29
 257.532361     19.820  34.974582     8.1451     0.7364     19.654    33.5242    26.0938 -9.990e-29
 257.532367     19.742  34.962108     8.1380     0.7248     19.576    33.5178    26.0897 -9.990e-29
 257.532373     19.679  34.958293     8.1381     0.7232     19.514    33.5137    26.0865 -9.990e-29
 257.532378     19.635  34.960849     8.1421     0.7135     19.470    33.5126    26.0850 -9.990e-29
 257.532384     19.612  34.963663     8.1446     0.7218     19.447    33.5132    26.0852 -9.990e-29
 257.532390     19.595  34.963768     8.1446     0.7244     19.431    33.5133    26.0852 -9.990e-29
 257.532396     19.579  34.962424     8.1461     0.7229     19.415    33.5104    26.0828 -9.990e-29
 257.532402     19.568  34.963438     8.1507     0.7135     19.404    33.5071    26.0795 -9.990e-29
 257.532407     19.560  34.967602     8.1539     0.7035     19.396    33.5085    26.0801 -9.990e-29
 257.532413     19.555  34.970949     8.1526     0.6996     19.391    33.5133    26.0841 -9.990e-29
 257.532419     19.554  34.968424     8.1485     0.6979     19.390    33.5146    26.0857 -9.990e-29
 257.532425     19.554  34.961699     8.1459     0.7065     19.390    33.5099    26.0824 -9.990e-29
 257.532431     19.558  34.958607     8.1476     0.7049     19.394    33.5050    26.0783 -9.990e-29
 257.532436     19.564  34.960627     8.1515     0.7013     19.400    33.5034    26.0764 -9.990e-29
 257.532442     19.574  34.963730     8.1533     0.6874     19.410    33.5050    26.0774 -9.990e-29
 257.532448     19.588  34.964772     8.1506     0.6772     19.424    33.5086    26.0807 -9.990e-29
 257.532454     19.607  34.961223     8.1450     0.6655     19.442    33.5102    26.0828 -9.990e-29
 257.532459     19.628  34.956193     8.1415     0.6698     19.463    33.5082    26.0817 -9.990e-29
 257.532465     19.643  34.955296     8.1422     0.6805     19.478    33.5066    26.0803 -9.990e-29
 257.532471     19.649  34.957333     8.1433     0.6888     19.484    33.5077    26.0810 -9.990e-29
 257.532477     19.647  34.958858     8.1415     0.6972     19.482    33.5110    26.0839 -9.990e-29
 257.532483     19.637  34.958547     8.1377     0.6892     19.472    33.5143    26.0871 -9.990e-29
 257.532488     19.622  34.955425     8.1342     0.6712     19.457    33.5144    26.0876 -9.990e-29
 257.532494     19.610  34.952048     8.1339     0.6591     19.445    33.5110    26.0851 -9.990e-29
 257.532500     19.604  34.952874     8.1370     0.6592     19.439    33.5090    26.0830 -9.990e-29
 257.532506     19.604  34.956205     8.1403     0.6676     19.439    33.5094    26.0828 -9.990e-29
 257.532512     19.610  34.956961     8.1408     0.6781     19.445    33.5097    26.0830 -9.990e-29
 257.532517     19.618  34.953910     8.1384     0.6823     19.453    33.5087    26.0826 -9.990e-29
 257.532523     19.620  34.949705     8.1369     0.6743     19.455    33.5057    26.0804 -9.990e-29
 257.532529     19.616  34.948820     8.1383     0.6643     19.451    33.5034    26.0784 -9.990e-29
 257.532535     19.610  34.952312     8.1403     0.6463     19.445    33.5052    26.0795 -9.990e-29
 257.532541     19.597  34.955879     8.1398     0.6442     19.433    33.5095    26.0830 -9.990e-29
 257.532546     19.577  34.955318     8.1367     0.6425     19.413    33.5119    26.0853 -9.990e-29
 257.532552     19.557  34.951001     8.1340     0.6568     19.393    33.5099    26.0841 -9.990e-29
 257.532558     19.544  34.947811     8.1335     0.6673     19.380    33.5069    26.0819 -9.990e-29
 257.532564     19.542  34.948777     8.1348     0.6615     19.378    33.5067    26.0815 -9.990e-29
 257.532569     19.546  34.951825     8.1367     0.6616     19.382    33.5082    26.0824 -9.990e-29
 257.532575     19.549  34.953738     8.1379     0.6495     19.385    33.5091    26.0829 -9.990e-29
 257.532581     19.545  34.953706     8.1380     0.6414     19.381    33.5089    26.0828 -9.990e-29
 257.532587     19.538  34.952249     8.1379     0.6434     19.374    33.5075    26.0817 -9.990e-29
 257.532593     19.534  34.950225     8.1382     0.6376     19.370    33.5050    26.0797 -9.990e-29
 257.532598     19.531  34.949415     8.1392     0.6499     19.367    33.5032    26.0781 -9.990e-29
 257.532604     19.530  34.949859     8.1401     0.6482     19.366    33.5028    26.0777 -9.990e-29
 257.532610     19.529  34.949908     8.1399     0.6403     19.365    33.5031    26.0779 -9.990e-29
 257.532616     19.525  34.949068     8.1379     0.6403     19.361    33.5041    26.0790 -9.990e-29
 257.532622     19.514  34.947339     8.1348     0.6302     19.350    33.5052    26.0804 -9.990e-29
 257.532627     19.499  34.945215     8.1330     0.6344     19.335    33.5047    26.0802 -9.990e-29
 257.532633     19.482  34.944904     8.1346     0.6386     19.318    33.5028    26.0785 -9.990e-29
 257.532639     19.464  34.947112     8.1380     0.6487     19.301    33.5019    26.0773 -9.990e-29
 257.532645     19.443  34.949742     8.1393     0.6471     19.280    33.5035    26.0783 -9.990e-29
 257.532650     19.418  34.950701     8.1379     0.6528     19.255    33.5059    26.0804 -9.990e-29
 257.532656     19.387  34.949029     8.1358     0.6437     19.224    33.5061    26.0809 -9.990e-29
 257.532662     19.348  34.946415     8.1341     0.6277     19.186    33.5050    26.0803 -9.990e-29
 257.532668     19.298  34.945535     8.1338     0.6143     19.136    33.5044    26.0798 -9.990e-29
 257.532674     19.235  34.946335     8.1350     0.6138     19.074    33.5041    26.0794 -9.990e-29
 257.532679     19.155  34.947640     8.1366     0.6856     18.994    33.5040    26.0791 -9.990e-29
 257.532685     19.047  34.948951     8.1384     0.8854     18.887    33.5037    26.0786 -9.990e-29
 257.532691     18.902  34.950335     8.1421     1.2064     18.743    33.5017    26.0765 0.0000e+00
 257.532697     18.714  34.953079     8.1546     1.5701     18.557    33.4928    26.0676 0.0000e+00
 257.532703     18.475  34.961401     8.1939     1.9584     18.320    33.4642    26.0394 0.0000e+00
 257.532708     18.178  34.987519     8.3050     2.3663     18.025    33.3863    25.9617 0.0000e+00
 257.532714     17.832  35.062336     8.5343     2.8066     17.682    33.2486    25.8191 0.0000e+00
 257.532720     17.443  35.210565     8.8578     3.3261     17.297    33.1009    25.6537 0.0000e+00
 257.532726     17.016  35.413686     9.2039     3.8927     16.873    32.9907    25.5132 0.0000e+00
 257.532731     16.564  35.623897     9.5551     4.4821     16.425    32.8842    25.3736 0.0000e+00
 257.532737     16.096  35.818540     9.9652     4.9957     15.961    32.7093    25.1697 0.0000e+00
 257.532743     15.612  36.047165    10.4968     5.4063     15.481    32.4622    24.8875 0.0000e+00
 257.532749     15.112  36.367641    11.1349     5.6829     14.985    32.2169    24.5856 0.0000e+00
 257.532755     14.601  36.759215    11.7678     5.8414     14.479    32.0498    24.3418 0.0000e+00
 257.532760     14.086  37.166536    12.3274     5.9207     13.968    31.9625    24.1701 0.0000e+00
 257.532766     13.570  37.557476    12.8223     5.9368     13.456    31.9145    24.0385 0.0000e+00
 257.532772     13.052  37.890904    13.2351     5.9207     12.943    31.8811    23.9321 0.0000e+00
 257.532778     12.534  38.140845    13.5387     5.8922     12.429    31.8607    23.8560 0.0000e+00
 257.532784     12.014  38.329108    13.7357     5.8666     11.913    31.8716    23.8247 0.0000e+00
 257.532789     11.488  38.466959    13.8539     5.8511     11.392    31.9010    23.8235 0.0000e+00
 257.532795     10.962  38.559500    13.9256     5.8465     10.870    31.9270    23.8289 0.0000e+00
 257.532801     10.440  38.617517    13.9695     5.8467     10.353    31.9442    23.8333 0.0000e+00
 257.532807      9.929  38.650022    13.9955     5.8337      9.846    31.9527    23.8345 0.0000e+00
 257.532812      9.433  38.675150    14.0099     5.8286      9.354    31.9641    23.8403 0.0000e+00
 257.532818      8.951  38.699515    14.0225     5.8173      8.876    31.9762    23.8471 0.0000e+00
 257.532824      8.483  38.714705    14.0436     5.8221      8.412    31.9729    23.8402 0.0000e+00
 257.532830      8.029  38.721361    14.0733     5.8205      7.962    31.9545    23.8199 0.0000e+00
 257.532836      7.585  38.735086    14.1070     5.7958      7.522    31.9393    23.8012 0.0000e+00
 257.532841      7.154  38.757936    14.1360     5.7802      7.094    31.9365    23.7930 0.0000e+00
 257.532847      6.738  38.779476    14.1499     5.7889      6.682    31.9449    23.7966 0.0000e+00
 257.532853      6.336  38.799857    14.1546     5.7897      6.283    31.9598    23.8072 0.0000e+00
 257.532859      5.948  38.821043    14.1618     5.7965      5.898    31.9734    23.8162 0.0000e+00
 257.532865      5.576  38.846628    14.1744     5.7397      5.529    31.9866    23.8238 0.0000e+00
 257.532870      5.221  38.882708    14.1913     5.6257      5.177    32.0058    23.8351 0.0000e+00
 257.532876      4.882  38.923597    14.2230     5.5237      4.841    32.0171    23.8372 0.0000e+00
 257.532882      4.556  38.963854    14.2943     5.4716      4.518    31.9950    23.8054 0.0000e+00
 257.532888      4.241  39.008963    14.3954     6.3852      4.206    31.9528    23.7518 0.0000e+00
 257.532894      3.945  39.058549    14.4770     6.4000      3.912    31.9308    23.7178 0.0000e+00
 257.532899      3.666  39.105330    14.5106     6.2815      3.635    31.9458    23.7223 0.0000e+00
 257.532905      3.397  39.129886    14.4971     6.2216      3.369    31.9794    23.7510 0.0000e+00
 257.532911      3.145  39.107814    14.4469     6.1947      3.119    32.0008    23.7781 0.0000e+00
 257.532917      2.914  39.029866    14.3796     6.1619      2.890    31.9854    23.7802 0.0000e+00
 257.532922      2.707  38.877853    14.3116     6.1528      2.684    31.9028    23.7306 0.0000e+00
 257.532928      2.523  38.555560    14.2475 -9.990e-29      2.502    31.6610    23.5574 0.0000e+00
 257.532934      2.356  37.727958    14.1900 -9.990e-29      2.336    30.9517    23.0222 0.0000e+00
 257.532940      2.198  35.365536    14.1431 -9.990e-29      2.180    28.8416    21.4051 0.0000e+00
 257.532946      2.052  28.368265    14.1067 -9.990e-29      2.035    22.6285    16.6301 0.0000e+00
 257.532951      1.927  17.590091    14.0763 -9.990e-29      1.911    13.4267     9.5679 -9.990e-29
 257.532957      1.826   9.856700    14.0486 -9.990e-29      1.811     7.1785     4.7748 -9.990e-29
 257.532963      1.749   6.664705    14.0239 -9.990e-29      1.734     4.7182     2.8868 -9.990e-29
 257.532969      1.695   4.942002    14.0047 -9.990e-29      1.681     3.4293     1.8970 -9.990e-29
 257.532975      1.663   3.821496    13.9968 -9.990e-29      1.649     2.6088     1.2655 -9.990e-29
 257.532980      1.653   3.339143 -9.990e-29 -9.990e-29      1.639 -9.990e-29 -9.990e-29 -9.990e-29
