data/oxygen options/OCNMS/OCNMS2/raw_data/2012/CAST_RR030_120906faed.cnv
* Sea-Bird SBE19 Data File:
* FileName = C:\Documents and Settings\OCNMS\Desktop\2012 mooring data\Hypoxia Sampling\CAST_RR030_120906.hex
* Software Version 1.25
* Temperature SN = 2997
* Conductivity SN = 2997
* System UpLoad Time = Sep 06 2012 14:11:34
** CAST_RR030_120906
* SEACAT PROFILER V3.1c SN 2997   09/06/12  14:10:31.480
# nquan = 9                                 
# nvalues = 974                         
# units = specified
# name 0 = timeJ: Julian Days
# name 1 = prSM: Pressure, Strain Gauge [db]
# name 2 = c0mS/cm: Conductivity [mS/cm]
# name 3 = t090C: Temperature [ITS-90, deg C]
# name 4 = sbeox0ML/L: Oxygen, SBE 43 [ml/l]
# name 5 = depSM: Depth [salt water, m], lat = 47.5
# name 6 = sal00: Salinity, Practical [PSU]
# name 7 = sigma-é00: Density [sigma-theta, kg/m^3]
# name 8 = flag: flag
# span 0 = 250.583449, 250.589080       
# span 1 =     -5.985,     29.566       
# span 2 =   0.202089,  38.075617       
# span 3 =     7.6058,    14.6229       
# span 4 =    -1.8068,    13.1145       
# span 5 =     -5.935,     29.317       
# span 6 =     0.1238,    33.6328       
# span 7 =    -0.7425,    26.2453       
# span 8 = 0.0000e+00, 0.0000e+00       
# interval = seconds: 0.5
# start_time = Sep 06 2012 14:00:10 [Instrument's time stamp, header]
# bad_flag = -9.990e-29
*END*
 250.583449     -5.985 -9.990e-29    14.0122    -1.7586     -5.935 -9.990e-29 -9.990e-29 -9.990e-29
 250.583455     -5.959   0.205054    14.0557    -1.7579     -5.909     0.1247    -0.6648 -9.990e-29
 250.583461     -5.929   0.204659    14.0944    -1.7574     -5.880     0.1244    -0.6705 -9.990e-29
 250.583466     -5.897   0.204029    14.1250    -1.7574     -5.848     0.1239    -0.6752 -9.990e-29
 250.583472     -5.863   0.203985    14.1503    -1.7567     -5.814     0.1238    -0.6788 -9.990e-29
 250.583478     -5.828   0.205208    14.1741    -1.7555     -5.779     0.1245    -0.6816 -9.990e-29
 250.583484     -5.795   0.207114    14.1977    -1.7551     -5.747     0.1256    -0.6841 -9.990e-29
 250.583490     -5.760   0.208556    14.2208    -1.7545     -5.712     0.1264    -0.6868 -9.990e-29
 250.583495     -5.722   0.208687    14.2424    -1.7542     -5.674     0.1264    -0.6898 -9.990e-29
 250.583501     -5.679   0.207865    14.2619    -1.7545     -5.632     0.1259    -0.6930 -9.990e-29
 250.583507     -5.632   0.207209    14.2786    -1.7545     -5.585     0.1254    -0.6957 -9.990e-29
 250.583513     -5.586   0.206953    14.2916    -1.7550     -5.539     0.1252    -0.6978 -9.990e-29
 250.583519     -5.544   0.206756    14.3035    -1.7553     -5.498     0.1251    -0.6996 -9.990e-29
 250.583524     -5.501   0.206356    14.3198    -1.7550     -5.455     0.1248    -0.7021 -9.990e-29
 250.583530     -5.457   0.205775    14.3390    -1.7552     -5.412     0.1244    -0.7052 -9.990e-29
 250.583536     -5.406   0.205343    14.3553    -1.7535     -5.361     0.1241    -0.7078 -9.990e-29
 250.583542     -5.352   0.205040    14.3670    -1.7515     -5.307     0.1238    -0.7096 -9.990e-29
 250.583547     -5.298   0.205014    14.3730    -1.7500     -5.254     0.1238    -0.7105 -9.990e-29
 250.583553     -5.246   0.205787    14.3730    -1.7487     -5.202     0.1243    -0.7101 -9.990e-29
 250.583559     -5.197   0.207282    14.3695    -1.7474     -5.154     0.1252    -0.7089 -9.990e-29
 250.583565     -5.156   0.208727    14.3646    -1.7466     -5.113     0.1261    -0.7075 -9.990e-29
 250.583571     -5.125   0.209280    14.3624    -1.7462     -5.082     0.1264    -0.7069 -9.990e-29
 250.583576     -5.102   0.209125    14.3664    -1.7466     -5.059     0.1263    -0.7076 -9.990e-29
 250.583582     -5.085   0.209164    14.3806    -1.7467     -5.043     0.1263    -0.7097 -9.990e-29
 250.583588     -5.074   0.209448    14.4103    -1.7465     -5.032     0.1264    -0.7139 -9.990e-29
 250.583594     -5.062   0.209251    14.4498    -1.7461     -5.020     0.1262    -0.7197 -9.990e-29
 250.583600     -5.046   0.208308    14.4886    -1.7460     -5.004     0.1255    -0.7259 -9.990e-29
 250.583605     -5.029   0.207579    14.5229    -1.7459     -4.987     0.1249    -0.7313 -9.990e-29
 250.583611     -5.013   0.208305    14.5513    -1.7454     -4.971     0.1253    -0.7352 -9.990e-29
 250.583617     -4.999   0.210347    14.5712    -1.7451     -4.957     0.1265    -0.7371 -9.990e-29
 250.583623     -4.984   0.212556    14.5807    -1.7450     -4.942     0.1278    -0.7375 -9.990e-29
 250.583628     -4.968   0.214002    14.5825    -1.7450     -4.927     0.1286    -0.7371 -9.990e-29
 250.583634     -4.950   0.214399    14.5835    -1.7450     -4.909     0.1289    -0.7371 -9.990e-29
 250.583640     -4.928   0.214277    14.5876    -1.7454     -4.887     0.1288    -0.7377 -9.990e-29
 250.583646     -4.902   0.214582    14.5935    -1.7466     -4.861     0.1290    -0.7385 -9.990e-29
 250.583652     -4.870   0.215721    14.5992    -1.7476     -4.829     0.1296    -0.7388 -9.990e-29
 250.583657     -4.833   0.217000    14.6056    -1.7473     -4.793     0.1304    -0.7391 -9.990e-29
 250.583663     -4.799   0.217356    14.6132    -1.7468     -4.759     0.1306    -0.7401 -9.990e-29
 250.583669     -4.770   0.216710    14.6196    -1.7467     -4.730     0.1302    -0.7414 -9.990e-29
 250.583675     -4.742   0.215864    14.6229    -1.7473     -4.702     0.1296    -0.7422 -9.990e-29
 250.583681     -4.715   0.215348    14.6229    -1.7482     -4.676     0.1293    -0.7425 -9.990e-29
 250.583686     -4.687   0.215031    14.6184    -1.7492     -4.648     0.1292    -0.7420 -9.990e-29
 250.583692     -4.661   0.214490    14.6062    -1.7509     -4.622     0.1289    -0.7404 -9.990e-29
 250.583698     -4.638   0.213557    14.5885    -1.7531     -4.599     0.1284    -0.7382 -9.990e-29
 250.583704     -4.614   0.212651    14.5751    -1.7550     -4.576     0.1278    -0.7366 -9.990e-29
 250.583709     -4.587   0.212223    14.5719    -1.7558     -4.549     0.1276    -0.7364 -9.990e-29
 250.583715     -4.563   0.212257    14.5738    -1.7564     -4.525     0.1276    -0.7366 -9.990e-29
 250.583721     -4.542   0.212245    14.5712    -1.7567     -4.504     0.1276    -0.7363 -9.990e-29
 250.583727     -4.516   0.211617    14.5586    -1.7572     -4.478     0.1273    -0.7347 -9.990e-29
 250.583733     -4.490   0.210644    14.5362    -1.7576     -4.453     0.1267    -0.7318 -9.990e-29
 250.583738     -4.466   0.210242    14.5048    -1.7579     -4.429     0.1266    -0.7274 -9.990e-29
 250.583744     -4.441   0.210982    14.4645    -1.7584     -4.404     0.1272    -0.7211 -9.990e-29
 250.583750     -4.416   0.212191    14.4197    -1.7595     -4.379     0.1280    -0.7139 -9.990e-29
 250.583756     -4.387   0.212715    14.3798    -1.7605     -4.350     0.1285    -0.7079 -9.990e-29
 250.583762     -4.358   0.212701    14.3509    -1.7610     -4.322     0.1285    -0.7036 -9.990e-29
 250.583767     -4.331   0.213790    14.3311    -1.7614     -4.295     0.1292    -0.7002 -9.990e-29
 250.583773     -4.303   0.217988    14.3156    -1.7620     -4.267     0.1318    -0.6960 -9.990e-29
 250.583779     -4.279   0.226466    14.3008    -1.7627     -4.243     0.1371    -0.6898 -9.990e-29
 250.583785     -4.260   0.239458    14.2860    -1.7631     -4.224     0.1450    -0.6815 -9.990e-29
 250.583791     -4.242   0.256021    14.2702    -1.7635     -4.207     0.1552    -0.6714 -9.990e-29
 250.583796     -4.217   0.274994    14.2505    -1.7636     -4.182     0.1670    -0.6594 -9.990e-29
 250.583802     -4.190   0.296212    14.2263    -1.7641     -4.155     0.1802    -0.6457 -9.990e-29
 250.583808     -4.163   0.318629    14.2028    -1.7650     -4.128     0.1942    -0.6315 -9.990e-29
 250.583814     -4.133   0.340030    14.1842    -1.7657     -4.099     0.2076    -0.6184 -9.990e-29
 250.583819     -4.105   0.358503    14.1688    -1.7661     -4.071     0.2192    -0.6072 -9.990e-29
 250.583825     -4.079   0.372110    14.1539    -1.7665     -4.045     0.2278    -0.5985 -9.990e-29
 250.583831     -4.054   0.379620    14.1395    -1.7670     -4.020     0.2326    -0.5927 -9.990e-29
 250.583837     -4.034   0.382191    14.1271    -1.7678     -4.000     0.2343    -0.5896 -9.990e-29
 250.583843     -4.016   0.382145    14.1172    -1.7687     -3.983     0.2343    -0.5882 -9.990e-29
 250.583848     -3.996   0.381635    14.1076    -1.7692     -3.963     0.2341    -0.5871 -9.990e-29
 250.583854     -3.976   0.382195    14.0943    -1.7695     -3.943     0.2345    -0.5849 -9.990e-29
 250.583860     -3.959   0.384020    14.0774    -1.7698     -3.926     0.2357    -0.5815 -9.990e-29
 250.583866     -3.944   0.386775    14.0611    -1.7703     -3.911     0.2376    -0.5778 -9.990e-29
 250.583872     -3.931   0.389706    14.0476    -1.7709     -3.898     0.2395    -0.5744 -9.990e-29
 250.583877     -3.918   0.391738    14.0346    -1.7715     -3.885     0.2408    -0.5716 -9.990e-29
 250.583883     -3.904   0.392815    14.0192    -1.7720     -3.871     0.2416    -0.5688 -9.990e-29
 250.583889     -3.889   0.394373    14.0005    -1.7723     -3.857     0.2427    -0.5653 -9.990e-29
 250.583895     -3.873   0.398490    13.9815    -1.7725     -3.841     0.2454    -0.5606 -9.990e-29
 250.583900     -3.852   0.405676    13.9664    -1.7729     -3.820     0.2501    -0.5549 -9.990e-29
 250.583906     -3.828   0.413331    13.9551    -1.7734     -3.796     0.2550    -0.5495 -9.990e-29
 250.583912     -3.801   0.418378    13.9446    -1.7741     -3.769     0.2582    -0.5455 -9.990e-29
 250.583918     -3.775   0.420905    13.9325    -1.7752     -3.744     0.2599    -0.5425 -9.990e-29
 250.583924     -3.749   0.422619    13.9187    -1.7762     -3.718     0.2611    -0.5397 -9.990e-29
 250.583929     -3.724   0.424146    13.9053    -1.7772     -3.693     0.2622    -0.5370 -9.990e-29
 250.583935     -3.703   0.425308    13.8943    -1.7775     -3.672     0.2630    -0.5349 -9.990e-29
 250.583941     -3.685   0.424887    13.8860    -1.7779     -3.654     0.2627    -0.5339 -9.990e-29
 250.583947     -3.669   0.421769    13.8781    -1.7784     -3.638     0.2608    -0.5343 -9.990e-29
 250.583953     -3.654   0.417336    13.8680    -1.7790     -3.624     0.2581    -0.5350 -9.990e-29
 250.583958     -3.640   0.412874    13.8538    -1.7786     -3.610     0.2553    -0.5352 -9.990e-29
 250.583964     -3.624   0.408524    13.8349    -1.7769     -3.594     0.2527    -0.5347 -9.990e-29
 250.583970     -3.606   0.406235    13.8123    -1.7772     -3.576     0.2514    -0.5326 -9.990e-29
 250.583976     -3.585   0.406831    13.7897    -1.7770     -3.555     0.2519    -0.5291 -9.990e-29
 250.583981     -3.560   0.407234    13.7710    -1.7758     -3.530     0.2523    -0.5262 -9.990e-29
 250.583987     -3.532   0.404658    13.7573    -1.7759     -3.503     0.2507    -0.5256 -9.990e-29
 250.583993     -3.506   0.400101    13.7457    -1.7765     -3.477     0.2479    -0.5262 -9.990e-29
 250.583999     -3.479   0.397451    13.7337    -1.7774     -3.450     0.2463    -0.5258 -9.990e-29
 250.584005     -3.453   0.400925    13.7213    -1.7786     -3.424     0.2485    -0.5223 -9.990e-29
 250.584010     -3.432   0.416262    13.7095    -1.7798     -3.403     0.2584    -0.5131 -9.990e-29
 250.584016     -3.414   0.465018    13.6993    -1.7805     -3.386     0.2897    -0.4874 -9.990e-29
 250.584022     -3.397   0.574005    13.6908    -1.7813     -3.369     0.3601    -0.4315 -9.990e-29
 250.584028     -3.382   0.708610    13.6843    -1.7822     -3.354     0.4480    -0.3623 -9.990e-29
 250.584034     -3.366   0.810791    13.6797    -1.7830     -3.338     0.5153    -0.3094 -9.990e-29
 250.584039     -3.349   0.894426    13.6743    -1.7839     -3.321     0.5708    -0.2655 -9.990e-29
 250.584045     -3.329   0.967477    13.6639    -1.7847     -3.301     0.6197    -0.2262 -9.990e-29
 250.584051     -3.307   0.998867    13.6483    -1.7853     -3.279     0.6409    -0.2076 -9.990e-29
 250.584057     -3.287   0.995563    13.6314    -1.7856     -3.260     0.6390    -0.2068 -9.990e-29
 250.584062     -3.279   0.973653    13.6173    -1.7859     -3.252     0.6246    -0.2161 -9.990e-29
 250.584068     -3.272   0.928291    13.6061    -1.7863     -3.245     0.5944    -0.2380 -9.990e-29
 250.584074     -3.258   0.866005    13.5947    -1.7871     -3.231     0.5531    -0.2685 -9.990e-29
 250.584080     -3.241   0.805086    13.5818    -1.7880     -3.214     0.5128    -0.2980 -9.990e-29
 250.584086     -3.227   0.754016    13.5674    -1.7887     -3.200     0.4792    -0.3222 -9.990e-29
 250.584091     -3.220   0.710595    13.5522    -1.7894     -3.193     0.4508    -0.3422 -9.990e-29
 250.584097     -3.216   0.672852    13.5379    -1.7899     -3.189     0.4261    -0.3595 -9.990e-29
 250.584103     -3.205   0.641404    13.5269    -1.7900     -3.178     0.4056    -0.3740 -9.990e-29
 250.584109     -3.187   0.616951    13.5189    -1.7900     -3.160     0.3897    -0.3853 -9.990e-29
 250.584115     -3.169   0.598448    13.5115    -1.7901     -3.143     0.3776    -0.3936 -9.990e-29
 250.584120     -3.154   0.582817    13.5019    -1.7902     -3.128     0.3675    -0.4002 -9.990e-29
 250.584126     -3.142   0.566935    13.4880    -1.7903     -3.116     0.3573    -0.4063 -9.990e-29
 250.584132     -3.131   0.550112    13.4716    -1.7905     -3.105     0.3465    -0.4125 -9.990e-29
 250.584138     -3.121   0.534278    13.4560    -1.7907     -3.095     0.3363    -0.4183 -9.990e-29
 250.584144     -3.112   0.521020    13.4428    -1.7908     -3.086     0.3278    -0.4232 -9.990e-29
 250.584149     -3.102   0.509822    13.4334    -1.7911     -3.076     0.3206    -0.4276 -9.990e-29
 250.584155     -3.092   0.500147    13.4278    -1.7918     -3.066     0.3144    -0.4317 -9.990e-29
 250.584161     -3.080   0.492934    13.4243    -1.7927     -3.054     0.3097    -0.4348 -9.990e-29
 250.584167     -3.066   0.489641    13.4213    -1.7935     -3.040     0.3076    -0.4361 -9.990e-29
 250.584172     -3.048   0.490305    13.4186    -1.7938     -3.023     0.3081    -0.4353 -9.990e-29
 250.584178     -3.031   0.492494    13.4161    -1.7937     -3.006     0.3095    -0.4339 -9.990e-29
 250.584184     -3.017   0.492484    13.4137    -1.7936     -2.992     0.3095    -0.4336 -9.990e-29
 250.584190     -3.005   0.487488    13.4106    -1.7941     -2.980     0.3063    -0.4357 -9.990e-29
 250.584196     -2.994   0.478594    13.4056    -1.7947     -2.969     0.3006    -0.4394 -9.990e-29
 250.584201     -2.981   0.469996    13.3967    -1.7952     -2.956     0.2951    -0.4425 -9.990e-29
 250.584207     -2.962   0.464070    13.3831    -1.7957     -2.937     0.2913    -0.4437 -9.990e-29
 250.584213     -2.943   0.460108    13.3673    -1.7962     -2.918     0.2889    -0.4435 -9.990e-29
 250.584219     -2.921   0.456149    13.3539    -1.7965     -2.897     0.2864    -0.4436 -9.990e-29
 250.584225     -2.900   0.450235    13.3458    -1.7970     -2.876     0.2826    -0.4455 -9.990e-29
 250.584230     -2.883   0.443335    13.3417    -1.7976     -2.859     0.2782    -0.4484 -9.990e-29
 250.584236     -2.867   0.439534    13.3373    -1.7980     -2.843     0.2758    -0.4497 -9.990e-29
 250.584242     -2.853   0.440404    13.3297    -1.7979     -2.829     0.2764    -0.4482 -9.990e-29
 250.584248     -2.839   0.441569    13.3197    -1.7978     -2.815     0.2772    -0.4463 -9.990e-29
 250.584253     -2.825   0.437386    13.3090    -1.7978     -2.801     0.2746    -0.4469 -9.990e-29
 250.584259     -2.810   0.427811    13.2974    -1.7977     -2.787     0.2685    -0.4501 -9.990e-29
 250.584265     -2.792   0.418342    13.2853    -1.7977     -2.769     0.2625    -0.4533 -9.990e-29
 250.584271     -2.771   0.414619    13.2737    -1.7978     -2.748     0.2601    -0.4536 -9.990e-29
 250.584277     -2.745   0.417769    13.2629    -1.7979     -2.722     0.2622    -0.4505 -9.990e-29
 250.584282     -2.717   0.423134    13.2534    -1.7982     -2.694     0.2658    -0.4465 -9.990e-29
 250.584288     -2.693   0.424579    13.2470    -1.7987     -2.671     0.2667    -0.4449 -9.990e-29
 250.584294     -2.677   0.421261    13.2444    -1.7989     -2.655     0.2646    -0.4462 -9.990e-29
 250.584300     -2.663   0.417612    13.2443    -1.7987     -2.641     0.2623    -0.4481 -9.990e-29
 250.584306     -2.646   0.417622    13.2449    -1.7985     -2.624     0.2623    -0.4481 -9.990e-29
 250.584311     -2.629   0.420751    13.2455    -1.7986     -2.607     0.2643    -0.4466 -9.990e-29
 250.584317     -2.615   0.422866    13.2456    -1.7994     -2.593     0.2656    -0.4456 -9.990e-29
 250.584323     -2.604   0.421249    13.2447    -1.8002     -2.582     0.2646    -0.4463 -9.990e-29
 250.584329     -2.594   0.416513    13.2416    -1.8005     -2.572     0.2616    -0.4482 -9.990e-29
 250.584334     -2.586   0.410643    13.2361    -1.8005     -2.564     0.2578    -0.4505 -9.990e-29
 250.584340     -2.578   0.406329    13.2302    -1.8003     -2.557     0.2551    -0.4518 -9.990e-29
 250.584346     -2.570   0.404462    13.2272    -1.8003     -2.549     0.2539    -0.4524 -9.990e-29
 250.584352     -2.562   0.401997    13.2274    -1.8003     -2.541     0.2523    -0.4536 -9.990e-29
 250.584358     -2.553   0.397307    13.2270    -1.8002     -2.532     0.2493    -0.4559 -9.990e-29
 250.584363     -2.542   0.393546    13.2216    -1.8000     -2.521     0.2469    -0.4571 -9.990e-29
 250.584369     -2.529   0.392896    13.2108    -1.7998     -2.508     0.2465    -0.4560 -9.990e-29
