data/oxygen options/OCNMS/OCNMS2/raw_data/2012/CAST_HH042_120920faed.cnv
* Sea-Bird SBE19 Data File:
* FileName = C:\Documents and Settings\OCNMS\Desktop\2012 mooring data\Hypoxia Sampling\120920\CAST_HH042_120920.hex
* Software Version 1.25
* Temperature SN = 2997
* Conductivity SN = 2997
* System UpLoad Time = Sep 20 2012 17:19:44
** CAST_HH042_120920
* SEACAT PROFILER V3.1c SN 2997   09/20/12  17:18:28.695
# nquan = 9                                 
# nvalues = 973                         
# units = specified
# name 0 = timeJ: Julian Days
# name 1 = prSM: Pressure, Strain Gauge [db]
# name 2 = c0mS/cm: Conductivity [mS/cm]
# name 3 = t090C: Temperature [ITS-90, deg C]
# name 4 = sbeox0ML/L: Oxygen, SBE 43 [ml/l]
# name 5 = depSM: Depth [salt water, m], lat = 47.5
# name 6 = sal00: Salinity, Practical [PSU]
# name 7 = sigma-é00: Density [sigma-theta, kg/m^3]
# name 8 = flag: flag
# span 0 = 264.714491, 264.720116       
# span 1 =     -5.283,     37.242       
# span 2 =   0.166396,  37.937827       
# span 3 =     7.5836,    13.0522       
# span 4 =    -1.8539,    14.2987       
# span 5 =     -5.239,     36.928       
# span 6 =     0.1061,    33.5379       
# span 7 =    -0.4420,    26.1751       
# span 8 = 0.0000e+00, 0.0000e+00       
# interval = seconds: 0.5
# start_time = Sep 20 2012 17:08:52 [Instrument's time stamp, header]
# bad_flag = -9.990e-29
*END*
[from data line 641]
 264.718200      1.160  37.750825    12.6942     6.7399      1.150    32.2116    24.2929 -9.990e-29
 264.718206      1.164  37.763526    12.7033     6.7427      1.154    32.2158    24.2945 -9.990e-29
 264.718212      1.167  37.768193    12.7046     6.7519      1.157    32.2192    24.2968 -9.990e-29
 264.718218      1.168  37.761480    12.6975     6.7566      1.158    32.2189    24.2979 -9.990e-29
 264.718223      1.168  37.751764    12.6896     6.7375      1.158    32.2164    24.2975 -9.990e-29
 264.718229      1.166  37.748452    12.6891     6.7203      1.156    32.2137    24.2955 -9.990e-29
 264.718235      1.162  37.754366    12.6962     6.7113      1.152    32.2132    24.2938 -9.990e-29
 264.718241      1.156  37.761655    12.7013     6.7358      1.146    32.2158    24.2948 -9.990e-29
 264.718247      1.151  37.761503    12.6973     6.7580      1.141    32.2191    24.2981 -9.990e-29
 264.718252      1.153  37.753663    12.6880     6.7648      1.143    32.2196    24.3003 -9.990e-29
 264.718258      1.156  37.744446    12.6804     6.7624      1.146    32.2173    24.3000 -9.990e-29
 264.718264      1.157  37.741125    12.6791     6.7498      1.147    32.2153    24.2987 -9.990e-29
 264.718270      1.156  37.745388    12.6849     6.7396      1.146    32.2143    24.2969 -9.990e-29
 264.718275      1.152  37.752785    12.6940     6.7496      1.142    32.2136    24.2945 -9.990e-29
 264.718281      1.146  37.755766    12.6982     6.7556      1.136    32.2128    24.2931 -9.990e-29
 264.718287      1.141  37.751536    12.6928     6.7635      1.131    32.2134    24.2946 -9.990e-29
 264.718293      1.141  37.745618    12.6833     6.7578      1.131    32.2159    24.2984 -9.990e-29
 264.718299      1.142  37.741843    12.6763     6.7417      1.132    32.2183    24.3016 -9.990e-29
 264.718304      1.144  37.740732    12.6726     6.7315      1.134    32.2204    24.3039 -9.990e-29
 264.718310      1.151  37.742997    12.6713     6.7413      1.141    32.2237    24.3067 -9.990e-29
 264.718316      1.160  37.751612    12.6730     6.7677      1.150    32.2304    24.3116 -9.990e-29
 264.718322      1.166  37.770172    12.6802     6.7766      1.156    32.2419    24.3191 -9.990e-29
 264.718328      1.171  37.792003    12.6972     6.7680      1.161    32.2481    24.3206 -9.990e-29
 264.718333      1.174  37.804709    12.7202     6.7331      1.164    32.2405    24.3103 -9.990e-29
 264.718339      1.177  37.802772    12.7369     6.7119      1.167    32.2244    24.2946 -9.990e-29
 264.718345      1.178  37.793653    12.7443     6.7138      1.168    32.2094    24.2816 -9.990e-29
 264.718351      1.178  37.793726    12.7527     6.7129      1.168    32.2023    24.2745 -9.990e-29
 264.718356      1.176  37.806407    12.7667     6.7118      1.166    32.2024    24.2718 -9.990e-29
 264.718362      1.174  37.818865    12.7750     6.7053      1.164    32.2071    24.2739 -9.990e-29
 264.718368      1.171  37.817969    12.7686     6.7072      1.161    32.2117    24.2787 -9.990e-29
 264.718374      1.166  37.796880    12.7552     6.7254      1.156    32.2032    24.2747 -9.990e-29
 264.718380      1.164  37.768336    12.7493     6.7354      1.154    32.1811    24.2587 -9.990e-29
 264.718385      1.168  37.759223    12.7578     6.7463      1.158    32.1653    24.2448 -9.990e-29
 264.718391      1.175  37.774709    12.7703     6.7575      1.165    32.1693    24.2455 -9.990e-29
 264.718397      1.180  37.793936    12.7690     6.7595      1.170    32.1886    24.2607 -9.990e-29
 264.718403      1.185  37.794872    12.7509     6.7651      1.175    32.2049    24.2768 -9.990e-29
 264.718409      1.189  37.779845    12.7289     6.7665      1.179    32.2095    24.2846 -9.990e-29
 264.718414      1.193  37.767992    12.7145     6.7537      1.183    32.2105    24.2882 -9.990e-29
 264.718420      1.197  37.768671    12.7093     6.7493      1.187    32.2156    24.2931 -9.990e-29
 264.718426      1.201  37.781055    12.7106     6.7497      1.191    32.2262    24.3011 -9.990e-29
 264.718432      1.206  37.804239    12.7140     6.7359      1.196    32.2453    24.3153 -9.990e-29
 264.718437      1.211  37.830989    12.7180     6.7305      1.201    32.2673    24.3315 -9.990e-29
 264.718443      1.217  37.843138    12.7253     6.7308      1.207    32.2726    24.3342 -9.990e-29
 264.718449      1.225  37.837232    12.7352     6.7383      1.215    32.2585    24.3214 -9.990e-29
 264.718455      1.235  37.825520    12.7447     6.7440      1.225    32.2393    24.3046 -9.990e-29
 264.718461      1.248  37.815875    12.7525     6.7418      1.238    32.2235    24.2909 -9.990e-29
 264.718466      1.264  37.806597    12.7547     6.7432      1.253    32.2128    24.2822 -9.990e-29
 264.718472      1.284  37.791434    12.7452     6.7535      1.273    32.2065    24.2792 -9.990e-29
 264.718478      1.310  37.771975    12.7267     6.7489      1.299    32.2038    24.2807 -9.990e-29
 264.718484      1.343  37.754167    12.7084     6.7377      1.332    32.2025    24.2832 -9.990e-29
 264.718490      1.386  37.743913    12.6936     6.7286      1.374    32.2054    24.2883 -9.990e-29
 264.718495      1.441  37.742060    12.6769     6.7162      1.429    32.2179    24.3012 -9.990e-29
 264.718501      1.512  37.736003    12.6534     6.7182      1.499    32.2322    24.3168 -9.990e-29
 264.718507      1.603  37.718739    12.6272     6.7247      1.590    32.2382    24.3264 -9.990e-29
 264.718513      1.720  37.698017    12.6036     6.7201      1.706    32.2386    24.3313 -9.990e-29
 264.718519      1.866  37.679773    12.5836     6.7069      1.850    32.2383    24.3349 0.0000e+00
 264.718524      2.042  37.665405    12.5670     6.6612      2.025    32.2388    24.3385 0.0000e+00
 264.718530      2.246  37.653632    12.5524     6.5530      2.227    32.2400    24.3422 0.0000e+00
 264.718536      2.470  37.642155    12.5379     6.3946      2.449    32.2414    24.3461 0.0000e+00
 264.718542      2.706  37.630748    12.5219     6.1820      2.683    32.2442    24.3512 0.0000e+00
 264.718547      2.957  37.619282    12.5029     5.9215      2.932    32.2494    24.3590 0.0000e+00
 264.718553      3.226  37.606426    12.4758     5.6001      3.199    32.2603    24.3726 0.0000e+00
 264.718559      3.509  37.586757    12.4283     5.2746      3.480    32.2822    24.3986 0.0000e+00
 264.718565      3.802  37.546324    12.3414     4.9703      3.770    32.3182    24.4430 0.0000e+00
 264.718571      4.106  37.472066    12.1947     4.7283      4.072    32.3736    24.5136 0.0000e+00
 264.718576      4.424  37.356805    11.9921     4.5743      4.387    32.4381    24.6016 0.0000e+00
 264.718582      4.760  37.209836    11.7547     4.4976      4.720    32.5027    24.6956 0.0000e+00
 264.718588      5.112  37.049143    11.4907     4.4626      5.069    32.5776    24.8020 0.0000e+00
 264.718594      5.477  36.875519    11.2230     4.4235      5.431    32.6436    24.9015 0.0000e+00
 264.718600      5.854  36.701071    10.9964     4.3585      5.805    32.6724    24.9642 0.0000e+00
 264.718605      6.241  36.558088    10.8305     4.2835      6.189    32.6783    24.9979 0.0000e+00
 264.718611      6.635  36.458057    10.7049     4.1772      6.580    32.6908    25.0295 0.0000e+00
 264.718617      7.038  36.381234    10.5851     4.0653      6.979    32.7212    25.0740 0.0000e+00
 264.718623      7.452  36.299062    10.4426     3.9389      7.390    32.7668    25.1340 0.0000e+00
 264.718628      7.883  36.188742    10.2551     3.8289      7.817    32.8249    25.2112 0.0000e+00
 264.718634      8.333  36.038676    10.0101     3.7193      8.263    32.8953    25.3073 0.0000e+00
 264.718640      8.804  35.849802     9.7229     3.6317      8.730    32.9651    25.4093 0.0000e+00
 264.718646      9.296  35.639633     9.4459     3.5686      9.218    33.0040    25.4847 0.0000e+00
 264.718652      9.807  35.451598     9.2248     3.5185      9.725    33.0139    25.5279 0.0000e+00
 264.718657     10.335  35.316050     9.0493     3.4902     10.248    33.0358    25.5727 0.0000e+00
 264.718663     10.879  35.208985     8.8872     3.4746     10.788    33.0748    25.6286 0.0000e+00
 264.718669     11.439  35.097343     8.7264     3.4651     11.343    33.1080    25.6794 0.0000e+00
 264.718675     12.016  34.966614     8.5664     3.4459     11.915    33.1203    25.7136 0.0000e+00
 264.718681     12.610  34.836195     8.4116     3.4493     12.504    33.1280    25.7430 0.0000e+00
 264.718686     13.214  34.746440     8.2760     3.4832     13.103    33.1605    25.7888 0.0000e+00
 264.718692     13.825  34.690749     8.1661     3.5446     13.709    33.2050    25.8401 0.0000e+00
 264.718698     14.438  34.636614     8.0725     3.6180     14.317    33.2359    25.8781 0.0000e+00
 264.718704     15.054  34.581765     7.9928     3.6554     14.928    33.2528    25.9030 0.0000e+00
 264.718709     15.673  34.541294     7.9234     3.6777     15.542    33.2753    25.9308 0.0000e+00
 264.718715     16.293  34.504860     7.8595     3.6783     16.156    33.2969    25.9571 0.0000e+00
 264.718721     16.909  34.463588     7.8102     3.6947     16.767    33.2994    25.9662 0.0000e+00
 264.718727     17.518  34.434075     7.7804     3.7183     17.371    33.2959    25.9678 0.0000e+00
 264.718733     18.120  34.420034     7.7623     3.7258     17.968    33.2978    25.9719 0.0000e+00
 264.718738     18.715  34.411650     7.7450     3.7121     18.558    33.3051    25.9801 0.0000e+00
 264.718744     19.303  34.402177     7.7234     3.6555     19.141    33.3153    25.9912 0.0000e+00
 264.718750     19.886  34.388459     7.6981     3.5434     19.719    33.3245    26.0020 0.0000e+00
 264.718756     20.462  34.372882     7.6726     3.3704     20.290    33.3319    26.0115 0.0000e+00
 264.718762     21.031  34.360946     7.6517     3.1260     20.854    33.3388    26.0199 0.0000e+00
 264.718767     21.589  34.355169     7.6353     2.8319     21.408    33.3480    26.0295 0.0000e+00
 264.718773     22.130  34.353400     7.6191     2.4825     21.944    33.3614    26.0423 0.0000e+00
 264.718779     22.653  34.353233     7.6019     2.0882     22.463    33.3775    26.0574 0.0000e+00
 264.718785     23.162  34.357200     7.5884     1.7451     22.967    33.3945    26.0727 0.0000e+00
 264.718791     23.654  34.372224     7.5836     1.4913     23.455    33.4151    26.0896 0.0000e+00
 264.718796     24.136  34.398132     7.5888     1.3668     23.933    33.4378    26.1068 0.0000e+00
 264.718802     24.617  34.429103     7.6047     1.3334     24.410    33.4557    26.1186 0.0000e+00
 264.718808     25.101  34.468309     7.6271     1.3423     24.890    33.4762    26.1315 0.0000e+00
 264.718814     25.594  34.510865     7.6458     1.3806     25.379    33.5039    26.1506 0.0000e+00
 264.718819     26.097  34.538992     7.6565     1.4150     25.878    33.5236    26.1646 0.0000e+00
 264.718825     26.607  34.550393     7.6619     1.4536     26.383    33.5305    26.1692 0.0000e+00
 264.718831     27.124  34.554631     7.6645     1.4860     26.896    33.5323    26.1703 0.0000e+00
 264.718837     27.640  34.556753     7.6657     1.5085     27.407    33.5332    26.1708 0.0000e+00
 264.718843     28.147  34.557865     7.6655     1.5298     27.910    33.5343    26.1717 0.0000e+00
 264.718848     28.642  34.558286     7.6644     1.5478     28.401    33.5356    26.1729 0.0000e+00
 264.718854     29.127  34.558535     7.6629     1.5445     28.882    33.5371    26.1743 0.0000e+00
 264.718860     29.599  34.558338     7.6616     1.5503     29.350    33.5379    26.1751 0.0000e+00
 264.718866     30.056  34.557390     7.6612     1.5576     29.803    33.5370    26.1745 0.0000e+00
 264.718872     30.499  34.556623     7.6610     1.5524     30.242    33.5362    26.1739 0.0000e+00
 264.718877     30.922  34.556652     7.6608     1.5429     30.662    33.5362    26.1739 0.0000e+00
 264.718883     31.320  34.556911     7.6616     1.5343     31.056    33.5355    26.1733 0.0000e+00
 264.718889     31.695  34.557141     7.6630     1.5362     31.428    33.5342    26.1721 0.0000e+00
 264.718895     32.047  34.557045     7.6629     1.5446     31.777    33.5341    26.1720 0.0000e+00
 264.718900     32.384  34.556452     7.6616     1.5403     32.111    33.5345    26.1725 0.0000e+00
 264.718906     32.704  34.556211     7.6609     1.5393     32.428    33.5348    26.1728 0.0000e+00
 264.718912     33.006  34.556516     7.6612     1.5385     32.728    33.5347    26.1727 0.0000e+00
 264.718918     33.293  34.556611     7.6622     1.5316     33.012    33.5337    26.1718 0.0000e+00
 264.718924     33.566  34.557141     7.6634     1.5225     33.283    33.5330    26.1710 0.0000e+00
 264.718929     33.825  34.558771     7.6644     1.5129     33.540    33.5336    26.1714 0.0000e+00
 264.718935     34.069  34.559711     7.6650     1.5077     33.782    33.5340    26.1716 0.0000e+00
 264.718941     34.301  34.558934     7.6655     1.5067     34.012    33.5325    26.1704 0.0000e+00
 264.718947     34.527  34.557601     7.6664     1.5036     34.236    33.5301    26.1684 0.0000e+00
 264.718953     34.749  34.556691     7.6670     1.5042     34.456    33.5284    26.1670 0.0000e+00
 264.718958     34.964  34.556629     7.6662     1.5152     34.669    33.5290    26.1676 0.0000e+00
 264.718964     35.172  34.557292     7.6642     1.5121     34.875    33.5316    26.1699 0.0000e+00
 264.718970     35.378  34.557280     7.6618     1.5028     35.080    33.5338    26.1719 0.0000e+00
 264.718976     35.587  34.555977     7.6595     1.4941     35.287    33.5345    26.1728 0.0000e+00
 264.718981     35.803  34.554962     7.6574     1.4800     35.501    33.5353    26.1738 0.0000e+00
 264.718987     36.028  34.554522     7.6560     1.4805     35.724    33.5361    26.1746 0.0000e+00
 264.718993     36.254  34.554027     7.6556     1.4810     35.948    33.5358    26.1745 0.0000e+00
 264.718999     36.469  34.553893     7.6559     1.4792     36.161    33.5353    26.1740 0.0000e+00
 264.719005     36.667  34.553899     7.6562     1.4881     36.358    33.5349    26.1737 0.0000e+00
 264.719010     36.842  34.553448     7.6567     1.4863     36.531    33.5339    26.1728 0.0000e+00
 264.719016     36.989  34.552460     7.6580     1.4825     36.677    33.5315    26.1707 -9.990e-29
 264.719022     37.100  34.549574     7.6597     1.4765     36.787    33.5267    26.1667 -9.990e-29
 264.719028     37.173  34.540337     7.6613     1.4684     36.859    33.5152    26.1574 -9.990e-29
 264.719034     37.217  34.530873     7.6622     1.4646     36.903    33.5041    26.1486 -9.990e-29
 264.719039     37.240  34.531483     7.6627     1.4607     36.926    33.5042    26.1486 -9.990e-29
 264.719045     37.242  34.537339     7.6632     1.4569     36.928    33.5101    26.1531 -9.990e-29
 264.719051     37.224  34.543889     7.6639     1.4613     36.910    33.5165    26.1580 -9.990e-29
 264.719057     37.185  34.551424     7.6645     1.4598     36.871    33.5240    26.1639 -9.990e-29
 264.719063     37.123  34.557630     7.6650     1.4559     36.810    33.5303    26.1687 -9.990e-29
 264.719068     37.037  34.561221     7.6655     1.4581     36.725    33.5337    26.1714 -9.990e-29
 264.719074     36.931  34.563022     7.6652     1.4522     36.619    33.5360    26.1732 -9.990e-29
 264.719080     36.807  34.563155     7.6640     1.4485     36.497    33.5373    26.1744 -9.990e-29
 264.719086     36.669  34.562315     7.6630     1.4507     36.360    33.5374    26.1747 0.0000e+00
 264.719091     36.521  34.562142     7.6627     1.4447     36.213    33.5376    26.1748 0.0000e+00
 264.719097     36.368  34.561807     7.6627     1.4491     36.061    33.5373    26.1746 0.0000e+00
 264.719103     36.216  34.560820     7.6623     1.4454     35.911    33.5367    26.1742 0.0000e+00
 264.719109     36.073  34.559506     7.6615     1.4454     35.769    33.5361    26.1739 0.0000e+00
 264.719115     35.946  34.557753     7.6606     1.4578     35.643    33.5352    26.1732 -9.990e-29
