data/oxygen options/OCNMS/OCNMS2/raw_data/2012/CAST_HH065_120830faed.cnv
* Sea-Bird SBE19 Data File:
* FileName = C:\Documents and Settings\OCNMS\Desktop\2012 mooring data\2nd service\CAST_HH065_120830.hex
* Software Version 1.25
* Temperature SN = 2997
* Conductivity SN = 2997
* System UpLoad Time = Aug 30 2012 18:30:57
** CAST_HH065_120830
* SEACAT PROFILER V3.1c SN 2997   08/30/12  18:29:09.081
# nquan = 9                                 
# nvalues = 1384                        
# units = specified
# name 0 = timeJ: Julian Days
# name 1 = prSM: Pressure, Strain Gauge [db]
# name 2 = c0mS/cm: Conductivity [mS/cm]
# name 3 = t090C: Temperature [ITS-90, deg C]
# name 4 = sbeox0ML/L: Oxygen, SBE 43 [ml/l]
# name 5 = depSM: Depth [salt water, m], lat = 47.5
# name 6 = sal00: Salinity, Practical [PSU]
# name 7 = sigma-é00: Density [sigma-theta, kg/m^3]
# name 8 = flag: flag
# span 0 = 243.761007, 243.769010       
# span 1 =     -5.203,     65.200       
# span 2 =   0.345258,  38.080880       
# span 3 =     7.3141,    13.2385       
# span 4 =    -1.8114,    16.6293       
# span 5 =     -5.160,     64.646       
# span 6 =     0.2169,    33.7308       
# span 7 =    -0.4550,    26.3759       
# span 8 = 0.0000e+00, 0.0000e+00       
# interval = seconds: 0.5
# start_time = Aug 30 2012 18:15:51 [Instrument's time stamp, header]
# bad_flag = -9.990e-29
*END*
 243.761007     -5.203 -9.990e-29    13.0232    -1.8063     -5.160 -9.990e-29 -9.990e-29 -9.990e-29
 243.761013     -5.183   0.346912    13.0231    -1.8063     -5.140     0.2180    -0.4540 -9.990e-29
 243.761019     -5.158   0.345853    13.0236    -1.8063     -5.115     0.2173    -0.4546 -9.990e-29
 243.761024     -5.130   0.345258    13.0244    -1.8063     -5.087     0.2169    -0.4550 -9.990e-29
 243.761030     -5.106   0.346549    13.0251    -1.8063     -5.063     0.2177    -0.4545 -9.990e-29
 243.761036     -5.089   0.350896    13.0255    -1.8063     -5.047     0.2205    -0.4524 -9.990e-29
 243.761042     -5.073   0.356904    13.0258    -1.8064     -5.031     0.2244    -0.4494 -9.990e-29
 243.761047     -5.053   0.361513    13.0267    -1.8064     -5.011     0.2274    -0.4472 -9.990e-29
 243.761053     -5.032   0.363111    13.0280    -1.8064     -4.990     0.2284    -0.4466 -9.990e-29
 243.761059     -5.013   0.363274    13.0291    -1.8065     -4.971     0.2285    -0.4466 -9.990e-29
 243.761065     -4.995   0.364433    13.0298    -1.8065     -4.953     0.2292    -0.4461 -9.990e-29
 243.761071     -4.977   0.366472    13.0300    -1.8065     -4.936     0.2306    -0.4451 -9.990e-29
 243.761076     -4.956   0.368237    13.0298    -1.8066     -4.915     0.2317    -0.4442 -9.990e-29
 243.761082     -4.934   0.369866    13.0292    -1.8067     -4.893     0.2328    -0.4433 -9.990e-29
 243.761088     -4.906   0.371316    13.0284    -1.8068     -4.865     0.2337    -0.4425 -9.990e-29
 243.761094     -4.873   0.372308    13.0276    -1.8068     -4.832     0.2343    -0.4419 -9.990e-29
 243.761100     -4.836   0.373610    13.0271    -1.8067     -4.796     0.2352    -0.4412 -9.990e-29
 243.761105     -4.801   0.374741    13.0266    -1.8067     -4.761     0.2359    -0.4405 -9.990e-29
 243.761111     -4.771   0.374444    13.0259    -1.8067     -4.731     0.2357    -0.4406 -9.990e-29
 243.761117     -4.743   0.373428    13.0254    -1.8067     -4.703     0.2351    -0.4410 -9.990e-29
 243.761123     -4.716   0.372554    13.0248    -1.8067     -4.677     0.2345    -0.4414 -9.990e-29
 243.761128     -4.688   0.371764    13.0236    -1.8067     -4.649     0.2340    -0.4416 -9.990e-29
 243.761134     -4.658   0.371112    13.0224    -1.8067     -4.619     0.2336    -0.4418 -9.990e-29
 243.761140     -4.622   0.370281    13.0219    -1.8066     -4.583     0.2331    -0.4421 -9.990e-29
 243.761146     -4.584   0.369269    13.0221    -1.8067     -4.546     0.2324    -0.4427 -9.990e-29
 243.761152     -4.549   0.368941    13.0226    -1.8069     -4.511     0.2322    -0.4429 -9.990e-29
 243.761157     -4.520   0.369415    13.0228    -1.8068     -4.482     0.2325    -0.4427 -9.990e-29
 243.761163     -4.494   0.370215    13.0229    -1.8068     -4.457     0.2330    -0.4423 -9.990e-29
 243.761169     -4.470   0.370745    13.0232    -1.8069     -4.433     0.2334    -0.4421 -9.990e-29
 243.761175     -4.447   0.370054    13.0234    -1.8069     -4.410     0.2329    -0.4424 -9.990e-29
 243.761181     -4.422   0.368327    13.0235    -1.8069     -4.385     0.2318    -0.4433 -9.990e-29
 243.761186     -4.395   0.367134    13.0237    -1.8070     -4.358     0.2310    -0.4440 -9.990e-29
 243.761192     -4.368   0.367654    13.0238    -1.8071     -4.332     0.2314    -0.4437 -9.990e-29
 243.761198     -4.344   0.368919    13.0234    -1.8070     -4.308     0.2322    -0.4430 -9.990e-29
 243.761204     -4.316   0.368739    13.0225    -1.8070     -4.280     0.2321    -0.4430 -9.990e-29
 243.761209     -4.283   0.366877    13.0220    -1.8070     -4.247     0.2309    -0.4439 -9.990e-29
 243.761215     -4.252   0.365277    13.0216    -1.8070     -4.217     0.2298    -0.4446 -9.990e-29
 243.761221     -4.224   0.364572    13.0210    -1.8071     -4.189     0.2294    -0.4449 -9.990e-29
 243.761227     -4.199   0.363823    13.0203    -1.8071     -4.164     0.2289    -0.4452 -9.990e-29
 243.761233     -4.173   0.363139    13.0199    -1.8071     -4.138     0.2285    -0.4455 -9.990e-29
 243.761238     -4.147   0.362716    13.0196    -1.8071     -4.112     0.2282    -0.4456 -9.990e-29
 243.761244     -4.117   0.361988    13.0195    -1.8071     -4.083     0.2277    -0.4460 -9.990e-29
 243.761250     -4.087   0.360540    13.0198    -1.8072     -4.053     0.2268    -0.4468 -9.990e-29
 243.761256     -4.059   0.358653    13.0205    -1.8073     -4.025     0.2256    -0.4478 -9.990e-29
 243.761262     -4.031   0.357133    13.0208    -1.8073     -3.997     0.2246    -0.4486 -9.990e-29
 243.761267     -4.005   0.356167    13.0203    -1.8073     -3.972     0.2240    -0.4490 -9.990e-29
 243.761273     -3.984   0.355020    13.0197    -1.8073     -3.951     0.2232    -0.4495 -9.990e-29
 243.761279     -3.968   0.353271    13.0193    -1.8074     -3.935     0.2221    -0.4503 -9.990e-29
 243.761285     -3.954   0.351908    13.0190    -1.8074     -3.921     0.2212    -0.4510 -9.990e-29
 243.761291     -3.942   0.351882    13.0185    -1.8075     -3.909     0.2212    -0.4509 -9.990e-29
 243.761296     -3.931   0.352606    13.0180    -1.8076     -3.898     0.2217    -0.4505 -9.990e-29
 243.761302     -3.920   0.352831    13.0172    -1.8076     -3.887     0.2218    -0.4503 -9.990e-29
 243.761308     -3.909   0.351751    13.0162    -1.8077     -3.876     0.2211    -0.4507 -9.990e-29
 243.761314     -3.898   0.350139    13.0150    -1.8078     -3.866     0.2201    -0.4513 -9.990e-29
 243.761319     -3.884   0.349720    13.0139    -1.8078     -3.852     0.2198    -0.4514 -9.990e-29
 243.761325     -3.869   0.351043    13.0131    -1.8076     -3.837     0.2207    -0.4506 -9.990e-29
 243.761331     -3.849   0.352550    13.0125    -1.8076     -3.817     0.2217    -0.4498 -9.990e-29
 243.761337     -3.825   0.352376    13.0120    -1.8076     -3.793     0.2216    -0.4498 -9.990e-29
 243.761343     -3.795   0.351395    13.0108    -1.8075     -3.763     0.2209    -0.4502 -9.990e-29
 243.761348     -3.760   0.351622    13.0091    -1.8074     -3.729     0.2211    -0.4498 -9.990e-29
 243.761354     -3.728   0.353356    13.0074    -1.8074     -3.697     0.2222    -0.4487 -9.990e-29
 243.761360     -3.701   0.355589    13.0057    -1.8073     -3.670     0.2237    -0.4474 -9.990e-29
 243.761366     -3.676   0.356869    13.0046    -1.8073     -3.645     0.2245    -0.4466 -9.990e-29
 243.761372     -3.653   0.356691    13.0047    -1.8072     -3.623     0.2244    -0.4467 -9.990e-29
 243.761377     -3.630   0.357031    13.0058    -1.8073     -3.600     0.2246    -0.4467 -9.990e-29
 243.761383     -3.605   0.359448    13.0071    -1.8073     -3.575     0.2262    -0.4456 -9.990e-29
 243.761389     -3.578   0.361630    13.0087    -1.8073     -3.548     0.2276    -0.4447 -9.990e-29
 243.761395     -3.545   0.361504    13.0105    -1.8072     -3.515     0.2275    -0.4450 -9.990e-29
 243.761400     -3.509   0.361116    13.0119    -1.8072     -3.480     0.2272    -0.4454 -9.990e-29
 243.761406     -3.477   0.363269    13.0130    -1.8073     -3.448     0.2286    -0.4445 -9.990e-29
 243.761412     -3.451   0.366961    13.0142    -1.8073     -3.422     0.2310    -0.4428 -9.990e-29
 243.761418     -3.429   0.368810    13.0151    -1.8074     -3.400     0.2321    -0.4420 -9.990e-29
 243.761424     -3.410   0.368515    13.0156    -1.8074     -3.382     0.2320    -0.4422 -9.990e-29
 243.761429     -3.393   0.367895    13.0158    -1.8074     -3.365     0.2316    -0.4425 -9.990e-29
 243.761435     -3.376   0.367233    13.0159    -1.8074     -3.348     0.2311    -0.4429 -9.990e-29
 243.761441     -3.358   0.366197    13.0160    -1.8074     -3.330     0.2305    -0.4434 -9.990e-29
 243.761447     -3.339   0.365068    13.0165    -1.8075     -3.311     0.2297    -0.4440 -9.990e-29
 243.761453     -3.317   0.364554    13.0166    -1.8076     -3.289     0.2294    -0.4443 -9.990e-29
 243.761458     -3.290   0.365076    13.0159    -1.8076     -3.263     0.2297    -0.4440 -9.990e-29
 243.761464     -3.257   0.366223    13.0149    -1.8076     -3.230     0.2305    -0.4432 -9.990e-29
 243.761470     -3.221   0.367864    13.0139    -1.8073     -3.194     0.2315    -0.4423 -9.990e-29
 243.761476     -3.187   0.369418    13.0137    -1.8071     -3.160     0.2325    -0.4415 -9.990e-29
 243.761481     -3.157   0.369637    13.0140    -1.8071     -3.131     0.2327    -0.4414 -9.990e-29
 243.761487     -3.134   0.368813    13.0139    -1.8072     -3.108     0.2322    -0.4418 -9.990e-29
 243.761493     -3.121   0.367508    13.0131    -1.8071     -3.095     0.2313    -0.4424 -9.990e-29
 243.761499     -3.113   0.366195    13.0119    -1.8072     -3.087     0.2305    -0.4429 -9.990e-29
 243.761505     -3.104   0.365891    13.0109    -1.8072     -3.078     0.2303    -0.4429 -9.990e-29
 243.761510     -3.095   0.366191    13.0107    -1.8073     -3.069     0.2305    -0.4427 -9.990e-29
 243.761516     -3.084   0.365833    13.0123    -1.8074     -3.058     0.2302    -0.4431 -9.990e-29
 243.761522     -3.072   0.364895    13.0154    -1.8074     -3.046     0.2296    -0.4440 -9.990e-29
 243.761528     -3.056   0.364894    13.0184    -1.8075     -3.031     0.2296    -0.4444 -9.990e-29
 243.761534     -3.037   0.366935    13.0200    -1.8076     -3.012     0.2309    -0.4436 -9.990e-29
 243.761539     -3.012   0.369311    13.0204    -1.8075     -2.987     0.2324    -0.4424 -9.990e-29
 243.761545     -2.986   0.370208    13.0200    -1.8075     -2.961     0.2330    -0.4419 -9.990e-29
 243.761551     -2.963   0.370822    13.0190    -1.8076     -2.938     0.2334    -0.4415 -9.990e-29
 243.761557     -2.949   0.371971    13.0177    -1.8076     -2.924     0.2342    -0.4407 -9.990e-29
 243.761563     -2.936   0.372974    13.0163    -1.8075     -2.912     0.2348    -0.4400 -9.990e-29
 243.761568     -2.921   0.374061    13.0148    -1.8073     -2.897     0.2355    -0.4393 -9.990e-29
 243.761574     -2.906   0.375574    13.0136    -1.8074     -2.882     0.2365    -0.4384 -9.990e-29
 243.761580     -2.895   0.376208    13.0128    -1.8074     -2.871     0.2369    -0.4379 -9.990e-29
 243.761586     -2.887   0.374594    13.0120    -1.8074     -2.863     0.2359    -0.4386 -9.990e-29
 243.761591     -2.882   0.371903    13.0115    -1.8075     -2.858     0.2342    -0.4399 -9.990e-29
 243.761597     -2.875   0.370635    13.0111    -1.8075     -2.851     0.2333    -0.4405 -9.990e-29
 243.761603     -2.861   0.370758    13.0111    -1.8075     -2.837     0.2334    -0.4405 -9.990e-29
 243.761609     -2.843   0.370225    13.0121    -1.8075     -2.819     0.2331    -0.4409 -9.990e-29
 243.761615     -2.826   0.368877    13.0139    -1.8073     -2.802     0.2322    -0.4418 -9.990e-29
 243.761620     -2.807   0.367685    13.0152    -1.8074     -2.784     0.2314    -0.4425 -9.990e-29
 243.761626     -2.786   0.366720    13.0155    -1.8073     -2.763     0.2308    -0.4431 -9.990e-29
 243.761632     -2.761   0.366356    13.0154    -1.8073     -2.738     0.2306    -0.4432 -9.990e-29
 243.761638     -2.735   0.367215    13.0154    -1.8073     -2.712     0.2311    -0.4428 -9.990e-29
 243.761644     -2.710   0.368228    13.0154    -1.8071     -2.687     0.2318    -0.4423 -9.990e-29
 243.761649     -2.685   0.367424    13.0155    -1.8071     -2.663     0.2313    -0.4427 -9.990e-29
 243.761655     -2.663   0.364836    13.0156    -1.8070     -2.641     0.2296    -0.4440 -9.990e-29
 243.761661     -2.646   0.362550    13.0156    -1.8069     -2.624     0.2281    -0.4452 -9.990e-29
 243.761667     -2.633   0.363054    13.0157    -1.8069     -2.611     0.2284    -0.4449 -9.990e-29
 243.761672     -2.620   0.367571    13.0161    -1.8068     -2.598     0.2313    -0.4427 -9.990e-29
 243.761678     -2.602   0.373268    13.0168    -1.8068     -2.580     0.2350    -0.4399 -9.990e-29
 243.761684     -2.580   0.376118    13.0178    -1.8069     -2.558     0.2369    -0.4386 -9.990e-29
 243.761690     -2.559   0.376599    13.0192    -1.8069     -2.538     0.2372    -0.4386 -9.990e-29
 243.761696     -2.540   0.377014    13.0204    -1.8069     -2.519     0.2374    -0.4385 -9.990e-29
 243.761701     -2.528   0.378470    13.0212    -1.8069     -2.507     0.2384    -0.4379 -9.990e-29
 243.761707     -2.517   0.381801    13.0223    -1.8069     -2.496     0.2405    -0.4364 -9.990e-29
 243.761713     -2.507   0.387020    13.0234    -1.8069     -2.486     0.2439    -0.4339 -9.990e-29
 243.761719     -2.500   0.392230    13.0241    -1.8070     -2.479     0.2472    -0.4313 -9.990e-29
 243.761725     -2.493   0.395520    13.0244    -1.8070     -2.472     0.2494    -0.4297 -9.990e-29
 243.761730     -2.481   0.397403    13.0244    -1.8070     -2.460     0.2506    -0.4288 -9.990e-29
 243.761736     -2.463   0.398729    13.0242    -1.8070     -2.442     0.2514    -0.4281 -9.990e-29
 243.761742     -2.442   0.399049    13.0242    -1.8069     -2.422     0.2517    -0.4279 -9.990e-29
 243.761748     -2.420   0.398236    13.0247    -1.8069     -2.400     0.2511    -0.4284 -9.990e-29
 243.761753     -2.397   0.396865    13.0251    -1.8070     -2.377     0.2502    -0.4291 -9.990e-29
 243.761759     -2.376   0.395321    13.0251    -1.8069     -2.356     0.2492    -0.4299 -9.990e-29
 243.761765     -2.359   0.394311    13.0250    -1.8068     -2.339     0.2486    -0.4304 -9.990e-29
 243.761771     -2.345   0.393596    13.0252    -1.8067     -2.325     0.2481    -0.4308 -9.990e-29
 243.761777     -2.334   0.391668    13.0256    -1.8068     -2.315     0.2469    -0.4318 -9.990e-29
 243.761782     -2.324   0.388723    13.0259    -1.8069     -2.305     0.2450    -0.4334 -9.990e-29
 243.761788     -2.315   0.386368    13.0263    -1.8067     -2.296     0.2434    -0.4346 -9.990e-29
 243.761794     -2.306   0.385337    13.0269    -1.8064     -2.287     0.2428    -0.4352 -9.990e-29
 243.761800     -2.297   0.384807    13.0273    -1.8066     -2.278     0.2424    -0.4355 -9.990e-29
 243.761806     -2.288   0.383517    13.0274    -1.8066     -2.269     0.2416    -0.4362 -9.990e-29
 243.761811     -2.277   0.381409    13.0280    -1.8065     -2.258     0.2402    -0.4373 -9.990e-29
 243.761817     -2.265   0.380096    13.0290    -1.8066     -2.246     0.2394    -0.4381 -9.990e-29
 243.761823     -2.249   0.382255    13.0298    -1.8067     -2.230     0.2407    -0.4371 -9.990e-29
 243.761829     -2.230   0.386891    13.0303    -1.8067     -2.211     0.2437    -0.4349 -9.990e-29
 243.761834     -2.206   0.389111    13.0314    -1.8068     -2.188     0.2452    -0.4339 -9.990e-29
 243.761840     -2.180   0.388002    13.0337    -1.8068     -2.162     0.2444    -0.4348 -9.990e-29
 243.761846     -2.159   0.386512    13.0360    -1.8069     -2.141     0.2435    -0.4358 -9.990e-29
 243.761852     -2.141   0.385975    13.0369    -1.8069     -2.123     0.2431    -0.4362 -9.990e-29
 243.761858     -2.120   0.385673    13.0367    -1.8069     -2.102     0.2429    -0.4363 -9.990e-29
 243.761863     -2.101   0.385757    13.0360    -1.8068     -2.083     0.2430    -0.4362 -9.990e-29
 243.761869     -2.086   0.386890    13.0348    -1.8069     -2.069     0.2437    -0.4355 -9.990e-29
 243.761875     -2.074   0.387814    13.0335    -1.8069     -2.057     0.2443    -0.4348 -9.990e-29
 243.761881     -2.064   0.387544    13.0326    -1.8070     -2.047     0.2442    -0.4348 -9.990e-29
 243.761887     -2.056   0.386275    13.0318    -1.8071     -2.039     0.2433    -0.4354 -9.990e-29
 243.761892     -2.049   0.384528    13.0310    -1.8071     -2.032     0.2422    -0.4361 -9.990e-29
 243.761898     -2.042   0.382740    13.0303    -1.8070     -2.025     0.2411    -0.4370 -9.990e-29
 243.761904     -2.036   0.380740    13.0301    -1.8070     -2.019     0.2398    -0.4379 -9.990e-29
 243.761910     -2.030   0.379179    13.0306    -1.8071     -2.013     0.2388    -0.4388 -9.990e-29
 243.761916     -2.023   0.378191    13.0313    -1.8070     -2.006     0.2381    -0.4394 -9.990e-29
 243.761921     -2.015   0.376455    13.0312    -1.8070     -1.998     0.2370    -0.4402 -9.990e-29
 243.761927     -2.006   0.373870    13.0305    -1.8071     -1.989     0.2353    -0.4414 -9.990e-29
