data/oxygen options/OCNMS/OCNMS2/raw_data/2012/CAST_RR025_120906faed.cnv
* Sea-Bird SBE19 Data File:
* FileName = C:\Documents and Settings\OCNMS\Desktop\2012 mooring data\Hypoxia Sampling\CAST_RR025_120906.hex
* Software Version 1.25
* Temperature SN = 2997
* Conductivity SN = 2997
* System UpLoad Time = Sep 06 2012 14:45:32
** CAST_RR025_120906
* SEACAT PROFILER V3.1c SN 2997   09/06/12  14:43:20.689
# nquan = 9                                 
# nvalues = 945                         
# units = specified
# name 0 = timeJ: Julian Days
# name 1 = prSM: Pressure, Strain Gauge [db]
# name 2 = c0mS/cm: Conductivity [mS/cm]
# name 3 = t090C: Temperature [ITS-90, deg C]
# name 4 = sbeox0ML/L: Oxygen, SBE 43 [ml/l]
# name 5 = depSM: Depth [salt water, m], lat = 47.5
# name 6 = sal00: Salinity, Practical [PSU]
# name 7 = sigma-é00: Density [sigma-theta, kg/m^3]
# name 8 = flag: flag
# span 0 = 250.594954, 250.600417       
# span 1 =     -4.605,     25.060       
# span 2 =   0.373444,  38.168441       
# span 3 =     7.8468,    13.2974       
# span 4 =   -13.8258,    14.6752       
# span 5 =     -4.567,     24.849       
# span 6 =     0.2368,    33.5752       
# span 7 =    -0.4342,    26.1701       
# span 8 = 0.0000e+00, 0.0000e+00       
# interval = seconds: 0.5
# start_time = Sep 06 2012 14:16:44 [Instrument's time stamp, header]
# bad_flag = -9.990e-29
*END*
 250.594954     -4.605 -9.990e-29    13.1929    -1.7923     -4.567 -9.990e-29 -9.990e-29 -9.990e-29
 250.594959     -4.573   1.215529    13.1906    -1.7920     -4.535     0.7961    -0.0260 -9.990e-29
 250.594965     -4.544   1.233000    13.1862    -1.7927     -4.506     0.8082    -0.0160 -9.990e-29
 250.594971     -4.519   1.276733    13.1812    -1.7938     -4.481     0.8384     0.0081 -9.990e-29
 250.594977     -4.499   1.331364    13.1772    -1.7944     -4.462     0.8760     0.0378 -9.990e-29
 250.594983     -4.480   1.365773    13.1761    -1.7951     -4.443     0.8998     0.0564 -9.990e-29
 250.594988     -4.463   1.377648    13.1804    -1.7957     -4.426     0.9079     0.0622 -9.990e-29
 250.594994     -4.446   1.374697    13.1898    -1.7960     -4.409     0.9057     0.0592 -9.990e-29
 250.595000     -4.427   1.356865    13.2021    -1.7963     -4.390     0.8931     0.0478 -9.990e-29
 250.595006     -4.406   1.326599    13.2147    -1.7963     -4.369     0.8719     0.0297 -9.990e-29
 250.595012     -4.382   1.286760    13.2225    -1.7965     -4.345     0.8443     0.0073 -9.990e-29
 250.595017     -4.353   1.241291    13.2210    -1.7966     -4.317     0.8132    -0.0167 -9.990e-29
 250.595023     -4.321   1.193273    13.2121    -1.7966     -4.285     0.7805    -0.0410 -9.990e-29
 250.595029     -4.292   1.145709    13.2013    -1.7966     -4.256     0.7482    -0.0646 -9.990e-29
 250.595035     -4.271   1.103869    13.1916    -1.7968     -4.235     0.7198    -0.0854 -9.990e-29
 250.595041     -4.249   1.068467    13.1843    -1.7969     -4.214     0.6958    -0.1030 -9.990e-29
 250.595046     -4.223   1.036057    13.1800    -1.7970     -4.188     0.6739    -0.1195 -9.990e-29
 250.595052     -4.194   1.005523    13.1784    -1.7970     -4.159     0.6532    -0.1354 -9.990e-29
 250.595058     -4.165   0.977696    13.1782    -1.7971     -4.130     0.6343    -0.1500 -9.990e-29
 250.595064     -4.135   0.953688    13.1785    -1.7972     -4.101     0.6181    -0.1627 -9.990e-29
 250.595069     -4.101   0.934169    13.1789    -1.7973     -4.067     0.6049    -0.1730 -9.990e-29
 250.595075     -4.065   0.918037    13.1793    -1.7973     -4.031     0.5940    -0.1815 -9.990e-29
 250.595081     -4.034   0.904829    13.1793    -1.7971     -4.000     0.5851    -0.1884 -9.990e-29
 250.595087     -4.010   0.894658    13.1790    -1.7961     -3.977     0.5783    -0.1937 -9.990e-29
 250.595093     -3.992   0.885042    13.1791    -1.7959     -3.959     0.5718    -0.1988 -9.990e-29
 250.595098     -3.978   0.873129    13.1797    -1.7960     -3.945     0.5638    -0.2051 -9.990e-29
 250.595104     -3.962   0.858546    13.1806    -1.7959     -3.929     0.5539    -0.2128 -9.990e-29
 250.595110     -3.941   0.843448    13.1812    -1.7955     -3.908     0.5438    -0.2208 -9.990e-29
 250.595116     -3.917   0.830965    13.1823    -1.7955     -3.884     0.5354    -0.2275 -9.990e-29
 250.595122     -3.892   0.821066    13.1849    -1.7958     -3.860     0.5287    -0.2330 -9.990e-29
 250.595127     -3.865   0.809971    13.1903    -1.7963     -3.833     0.5212    -0.2395 -9.990e-29
 250.595133     -3.835   0.795625    13.2004    -1.7966     -3.803     0.5115    -0.2484 -9.990e-29
 250.595139     -3.803   0.780499    13.2131    -1.7967     -3.771     0.5012    -0.2581 -9.990e-29
 250.595145     -3.776   0.767128    13.2229    -1.7967     -3.745     0.4922    -0.2664 -9.990e-29
 250.595150     -3.753   0.754299    13.2286    -1.7971     -3.722     0.4836    -0.2738 -9.990e-29
 250.595156     -3.727   0.740414    13.2327    -1.7972     -3.696     0.4743    -0.2816 -9.990e-29
 250.595162     -3.701   0.728559    13.2354    -1.7974     -3.670     0.4663    -0.2881 -9.990e-29
 250.595168     -3.679   0.723970    13.2349    -1.7975     -3.648     0.4633    -0.2904 -9.990e-29
 250.595174     -3.658   0.726067    13.2303    -1.7976     -3.628     0.4647    -0.2887 -9.990e-29
 250.595179     -3.637   0.728236    13.2238    -1.7978     -3.607     0.4663    -0.2866 -9.990e-29
 250.595185     -3.615   0.725618    13.2183    -1.7983     -3.585     0.4646    -0.2872 -9.990e-29
 250.595191     -3.590   0.719155    13.2149    -1.7983     -3.560     0.4603    -0.2901 -9.990e-29
 250.595197     -3.561   0.712414    13.2122    -1.7979     -3.531     0.4559    -0.2932 -9.990e-29
 250.595203     -3.527   0.706928    13.2092    -1.7979     -3.498     0.4523    -0.2956 -9.990e-29
 250.595208     -3.488   0.701476    13.2062    -1.7976     -3.459     0.4487    -0.2980 -9.990e-29
 250.595214     -3.452   0.695437    13.2034    -1.7971     -3.423     0.4447    -0.3008 -9.990e-29
 250.595220     -3.420   0.690172    13.2007    -1.7972     -3.391     0.4412    -0.3031 -9.990e-29
 250.595226     -3.390   0.685864    13.1977    -1.7974     -3.362     0.4384    -0.3049 -9.990e-29
 250.595231     -3.365   0.681197    13.1939    -1.7977     -3.337     0.4354    -0.3068 -9.990e-29
 250.595237     -3.347   0.675490    13.1913    -1.7979     -3.319     0.4316    -0.3094 -9.990e-29
 250.595243     -3.331   0.668332    13.1927    -1.7980     -3.303     0.4268    -0.3132 -9.990e-29
 250.595249     -3.316   0.659594    13.1974    -1.7979     -3.288     0.4210    -0.3184 -9.990e-29
 250.595255     -3.305   0.649809    13.2033    -1.7981     -3.277     0.4145    -0.3243 -9.990e-29
 250.595260     -3.293   0.639219    13.2101    -1.7982     -3.266     0.4074    -0.3306 -9.990e-29
 250.595266     -3.275   0.628656    13.2158    -1.7984     -3.248     0.4004    -0.3369 -9.990e-29
 250.595272     -3.250   0.620651    13.2168    -1.7985     -3.223     0.3951    -0.3411 -9.990e-29
 250.595278     -3.221   0.617264    13.2135    -1.7994     -3.194     0.3929    -0.3424 -9.990e-29
 250.595284     -3.194   0.618412    13.2084    -1.8000     -3.167     0.3937    -0.3411 -9.990e-29
 250.595289     -3.172   0.621751    13.2040    -1.8001     -3.146     0.3959    -0.3388 -9.990e-29
 250.595295     -3.154   0.624537    13.2016    -1.8003     -3.128     0.3978    -0.3370 -9.990e-29
 250.595301     -3.138   0.626059    13.2002    -1.8006     -3.112     0.3988    -0.3360 -9.990e-29
 250.595307     -3.123   0.626132    13.1979    -1.8008     -3.097     0.3989    -0.3357 -9.990e-29
 250.595313     -3.109   0.624303    13.1946    -1.8008     -3.083     0.3977    -0.3362 -9.990e-29
 250.595318     -3.095   0.621455    13.1902    -1.8005     -3.069     0.3959    -0.3370 -9.990e-29
 250.595324     -3.079   0.618224    13.1827    -1.8005     -3.053     0.3938    -0.3376 -9.990e-29
 250.595330     -3.061   0.613627    13.1717    -1.8008     -3.035     0.3909    -0.3385 -9.990e-29
 250.595336     -3.040   0.607624    13.1617    -1.8013     -3.015     0.3870    -0.3402 -9.990e-29
 250.595341     -3.018   0.601073    13.1552    -1.8016     -2.993     0.3828    -0.3427 -9.990e-29
 250.595347     -2.998   0.594099    13.1502    -1.8018     -2.973     0.3782    -0.3456 -9.990e-29
 250.595353     -2.975   0.587372    13.1457    -1.8022     -2.950     0.3738    -0.3484 -9.990e-29
 250.595359     -2.948   0.582444    13.1426    -1.8022     -2.923     0.3706    -0.3505 -9.990e-29
 250.595365     -2.923   0.580495    13.1416    -1.8023     -2.899     0.3693    -0.3514 -9.990e-29
 250.595370     -2.902   0.581698    13.1419    -1.8021     -2.878     0.3701    -0.3508 -9.990e-29
 250.595376     -2.885   0.584891    13.1404    -1.8021     -2.861     0.3722    -0.3489 -9.990e-29
 250.595382     -2.871   0.587691    13.1353    -1.8016     -2.847     0.3741    -0.3468 -9.990e-29
 250.595388     -2.858   0.588296    13.1282    -1.8013     -2.834     0.3746    -0.3455 -9.990e-29
 250.595394     -2.846   0.586960    13.1218    -1.8012     -2.822     0.3738    -0.3453 -9.990e-29
 250.595399     -2.834   0.584118    13.1165    -1.8013     -2.810     0.3720    -0.3461 -9.990e-29
 250.595405     -2.821   0.578752    13.1122    -1.8015     -2.797     0.3685    -0.3482 -9.990e-29
 250.595411     -2.806   0.571460    13.1099    -1.8018     -2.783     0.3637    -0.3517 -9.990e-29
 250.595417     -2.789   0.565808    13.1098    -1.8020     -2.766     0.3600    -0.3546 -9.990e-29
 250.595422     -2.768   0.563672    13.1120    -1.8021     -2.745     0.3585    -0.3559 -9.990e-29
 250.595428     -2.742   0.563314    13.1166    -1.8022     -2.719     0.3583    -0.3568 -9.990e-29
 250.595434     -2.714   0.562599    13.1228    -1.8023     -2.691     0.3577    -0.3580 -9.990e-29
 250.595440     -2.691   0.561129    13.1279    -1.8024     -2.669     0.3567    -0.3594 -9.990e-29
 250.595446     -2.675   0.560266    13.1300    -1.8024     -2.653     0.3561    -0.3601 -9.990e-29
 250.595451     -2.660   0.561077    13.1291    -1.8023     -2.638     0.3567    -0.3596 -9.990e-29
 250.595457     -2.643   0.562430    13.1260    -1.8024     -2.621     0.3576    -0.3585 -9.990e-29
 250.595463     -2.625   0.562256    13.1219    -1.8023     -2.603     0.3575    -0.3580 -9.990e-29
 250.595469     -2.610   0.559773    13.1177    -1.8023     -2.588     0.3559    -0.3587 -9.990e-29
 250.595475     -2.597   0.556654    13.1142    -1.8022     -2.575     0.3539    -0.3598 -9.990e-29
 250.595480     -2.586   0.554832    13.1119    -1.8021     -2.564     0.3527    -0.3605 -9.990e-29
 250.595486     -2.575   0.553538    13.1109    -1.8021     -2.554     0.3519    -0.3610 -9.990e-29
 250.595492     -2.564   0.550498    13.1107    -1.8021     -2.543     0.3499    -0.3625 -9.990e-29
 250.595498     -2.552   0.545536    13.1111    -1.8019     -2.531     0.3466    -0.3651 -9.990e-29
 250.595503     -2.539   0.540894    13.1118    -1.8019     -2.518     0.3436    -0.3676 -9.990e-29
 250.595509     -2.523   0.537584    13.1125    -1.8018     -2.502     0.3414    -0.3694 -9.990e-29
 250.595515     -2.504   0.534515    13.1136    -1.8017     -2.483     0.3394    -0.3711 -9.990e-29
 250.595521     -2.480   0.530917    13.1154    -1.8015     -2.459     0.3370    -0.3732 -9.990e-29
 250.595527     -2.455   0.527531    13.1173    -1.8013     -2.435     0.3347    -0.3751 -9.990e-29
 250.595532     -2.434   0.525380    13.1188    -1.8013     -2.414     0.3333    -0.3764 -9.990e-29
 250.595538     -2.418   0.524366    13.1202    -1.8012     -2.398     0.3326    -0.3772 -9.990e-29
 250.595544     -2.399   0.524246    13.1216    -1.8012     -2.379     0.3326    -0.3774 -9.990e-29
 250.595550     -2.382   0.525417    13.1231    -1.8015     -2.362     0.3333    -0.3770 -9.990e-29
 250.595556     -2.370   0.527782    13.1248    -1.8014     -2.350     0.3348    -0.3760 -9.990e-29
 250.595561     -2.362   0.530065    13.1273    -1.8014     -2.342     0.3363    -0.3752 -9.990e-29
 250.595567     -2.358   0.530330    13.1307    -1.8010     -2.338     0.3365    -0.3755 -9.990e-29
 250.595573     -2.352   0.528381    13.1344    -1.8009     -2.332     0.3352    -0.3770 -9.990e-29
 250.595579     -2.341   0.526602    13.1375    -1.8005     -2.321     0.3340    -0.3784 -9.990e-29
 250.595584     -2.327   0.526498    13.1398    -1.8005     -2.308     0.3339    -0.3787 -9.990e-29
 250.595590     -2.315   0.526824    13.1416    -1.8000     -2.296     0.3341    -0.3788 -9.990e-29
 250.595596     -2.302   0.525250    13.1420    -1.7992     -2.283     0.3330    -0.3797 -9.990e-29
 250.595602     -2.290   0.521341    13.1408    -1.7985     -2.271     0.3305    -0.3815 -9.990e-29
 250.595608     -2.276   0.518189    13.1403    -1.7976     -2.257     0.3284    -0.3830 -9.990e-29
 250.595613     -2.261   0.518790    13.1424    -1.7975     -2.242     0.3288    -0.3830 -9.990e-29
 250.595619     -2.242   0.522287    13.1472    -1.7975     -2.223     0.3311    -0.3819 -9.990e-29
 250.595625     -2.220   0.525593    13.1534    -1.7974     -2.201     0.3332    -0.3810 -9.990e-29
 250.595631     -2.196   0.526477    13.1599    -1.7976     -2.178     0.3337    -0.3815 -9.990e-29
 250.595637     -2.173   0.525012    13.1677    -1.7976     -2.155     0.3327    -0.3833 -9.990e-29
 250.595642     -2.150   0.523121    13.1790    -1.7976     -2.132     0.3313    -0.3858 -9.990e-29
 250.595648     -2.131   0.522713    13.1944    -1.7977     -2.113     0.3309    -0.3881 -9.990e-29
 250.595654     -2.117   0.523246    13.2115    -1.7977     -2.099     0.3312    -0.3901 -9.990e-29
 250.595660     -2.108   0.522111    13.2260    -1.7973     -2.090     0.3303    -0.3927 -9.990e-29
 250.595666     -2.099   0.518349    13.2341    -1.7969     -2.081     0.3278    -0.3957 -9.990e-29
 250.595671     -2.085   0.514697    13.2371    -1.7966     -2.068     0.3254    -0.3980 -9.990e-29
 250.595677     -2.071   0.514038    13.2375    -1.7967     -2.054     0.3249    -0.3984 -9.990e-29
 250.595683     -2.058   0.515493    13.2367    -1.7967     -2.041     0.3259    -0.3975 -9.990e-29
 250.595689     -2.047   0.516575    13.2366    -1.7962     -2.030     0.3266    -0.3970 -9.990e-29
 250.595694     -2.036   0.514849    13.2371    -1.7959     -2.019     0.3255    -0.3979 -9.990e-29
 250.595700     -2.025   0.509670    13.2377    -1.7957     -2.008     0.3221    -0.4006 -9.990e-29
 250.595706     -2.013   0.504651    13.2402    -1.7956     -1.996     0.3188    -0.4035 -9.990e-29
 250.595712     -1.999   0.503615    13.2459    -1.7954     -1.982     0.3181    -0.4048 -9.990e-29
 250.595718     -1.983   0.505731    13.2533    -1.7951     -1.966     0.3194    -0.4048 -9.990e-29
 250.595723     -1.964   0.507176    13.2592    -1.7950     -1.948     0.3203    -0.4048 -9.990e-29
 250.595729     -1.944   0.505998    13.2623    -1.7957     -1.928     0.3195    -0.4059 -9.990e-29
 250.595735     -1.926   0.503948    13.2656    -1.7964     -1.910     0.3181    -0.4074 -9.990e-29
 250.595741     -1.906   0.504379    13.2714    -1.7966     -1.890     0.3183    -0.4079 -9.990e-29
 250.595747     -1.882   0.508971    13.2780    -1.7967     -1.866     0.3213    -0.4065 -9.990e-29
 250.595752     -1.860   0.514990    13.2841    -1.7970     -1.844     0.3252    -0.4043 -9.990e-29
 250.595758     -1.845   0.516616    13.2898    -1.7973     -1.830     0.3262    -0.4042 -9.990e-29
 250.595764     -1.834   0.511588    13.2945    -1.7974     -1.819     0.3229    -0.4074 -9.990e-29
 250.595770     -1.827   0.504271    13.2974    -1.7974     -1.812     0.3181    -0.4115 -9.990e-29
 250.595775     -1.824   0.499854    13.2948    -1.7974     -1.809     0.3152    -0.4134 -9.990e-29
 250.595781     -1.825   0.499089    13.2853    -1.7972     -1.810     0.3148    -0.4125 -9.990e-29
 250.595787     -1.825   0.500400    13.2741    -1.7970     -1.810     0.3157    -0.4103 -9.990e-29
 250.595793     -1.820   0.503320    13.2661    -1.7966     -1.805     0.3177    -0.4077 -9.990e-29
 250.595799     -1.814   0.506757    13.2604    -1.7964     -1.799     0.3200    -0.4052 -9.990e-29
 250.595804     -1.811   0.508094    13.2548    -1.7963     -1.796     0.3209    -0.4038 -9.990e-29
 250.595810     -1.810   0.506898    13.2497    -1.7963     -1.795     0.3202    -0.4037 -9.990e-29
 250.595816     -1.808   0.504894    13.2468    -1.7968     -1.793     0.3189    -0.4043 -9.990e-29
 250.595822     -1.799   0.503283    13.2464    -1.7978     -1.784     0.3178    -0.4051 -9.990e-29
 250.595828     -1.789   0.502130    13.2483    -1.7988     -1.774     0.3171    -0.4059 -9.990e-29
 250.595833     -1.780   0.500449    13.2527    -1.7995     -1.765     0.3159    -0.4074 -9.990e-29
 250.595839     -1.771   0.497103    13.2586    -1.8000     -1.756     0.3137    -0.4099 -9.990e-29
 250.595845     -1.762   0.492610    13.2645    -1.8003     -1.747     0.3107    -0.4129 -9.990e-29
 250.595851     -1.753   0.489282    13.2687    -1.8004     -1.738     0.3085    -0.4152 -9.990e-29
 250.595856     -1.743   0.488769    13.2699    -1.8002     -1.728     0.3082    -0.4156 -9.990e-29
 250.595862     -1.732   0.490383    13.2661    -1.8000     -1.718     0.3093    -0.4143 -9.990e-29
 250.595868     -1.718   0.491294    13.2556    -1.8005     -1.704     0.3099    -0.4124 -9.990e-29
 250.595874     -1.700   0.488286    13.2391    -1.8011     -1.686     0.3081    -0.4117 -9.990e-29
