data/oxygen options/OCNMS/OCNMS2/raw_data/2012/CAST_HH030_120913faedb.cnv
* Sea-Bird SBE19 Data File:
* FileName = C:\Documents and Settings\OCNMS\Desktop\2012 mooring data\Hypoxia Sampling\CAST_HH030_120913.hex
* Software Version 1.25
* Temperature SN = 2997
* Conductivity SN = 2997
* System UpLoad Time = Sep 13 2012 15:42:41
** CAST_HH030_120913
* SEACAT PROFILER V3.1c SN 2997   09/13/12  15:41:41.141
# nquan = 9
# nvalues = 25                          
# units = specified
# name 0 = timeJ: Julian Days
# name 1 = prSM: Pressure, Strain Gauge [db]
# name 2 = c0mS/cm: Conductivity [mS/cm]
# name 3 = t090C: Temperature [ITS-90, deg C]
# name 4 = sbeox0ML/L: Oxygen, SBE 43 [ml/l]
# name 5 = depSM: Depth [salt water, m], lat = 47.5
# name 6 = sal00: Salinity, Practical [PSU]
# name 7 = sigma-é00: Density [sigma-theta, kg/m^3]
# name 8 = flag: flag
# span 0 = 257.651434, 257.651892       
# span 1 =      1.000,     25.000       
# span 2 =  34.481177,  38.250519       
# span 3 =     7.5108,    13.1815       
# span 4 =     1.5592,     4.6886       
# span 5 =      0.991,     24.790       
# span 6 =    32.2656,    33.6038       
# span 7 =    24.2430,    26.2484       
# span 8 = 0.0000e+00, 0.0000e+00       
# interval = decibars: 1                
# start_time = Sep 13 2012 15:32:26 [Instrument's time stamp, header]
# bad_flag = -9.990e-29
*END*
 257.651434      1.000  38.250519    13.1815     4.6886      0.991    32.2656    24.2430 0.0000e+00
 257.651465      2.000  37.518462    11.9381     3.7151      1.983    32.6430    24.7699 0.0000e+00
 257.651485      3.000  36.949954    11.1451     2.8712      2.975    32.7873    25.0267 0.0000e+00
 257.651503      4.000  36.577379    10.5218     2.4812      3.966    32.9761    25.2834 0.0000e+00
 257.651518      5.000  35.951062     9.6798     2.4445      4.958    33.1098    25.5296 0.0000e+00
 257.651537      6.000  35.638528     9.2831     2.3312      5.950    33.1550    25.6288 0.0000e+00
 257.651557      7.000  35.499861     9.0510     2.2528      6.942    33.2269    25.7219 0.0000e+00
 257.651579      8.000  35.244606     8.6662     2.2848      7.933    33.3205    25.8552 0.0000e+00
 257.651600      9.000  35.051053     8.4213     2.1707      8.925    33.3476    25.9137 0.0000e+00
 257.651621     10.000  34.935403     8.2472     2.0424      9.916    33.3898    25.9729 0.0000e+00
 257.651641     11.000  34.812501     8.0845     1.9179     10.908    33.4136    26.0157 0.0000e+00
 257.651661     12.000  34.679386     7.8457     1.8116     11.900    33.4993    26.1180 0.0000e+00
 257.651679     13.000  34.539214     7.6324     1.8156     12.891    33.5533    26.1912 0.0000e+00
 257.651698     14.000  34.500427     7.5779     1.8170     13.883    33.5636    26.2071 0.0000e+00
 257.651715     15.000  34.496126     7.5697     1.7885     14.874    33.5664    26.2104 0.0000e+00
 257.651731     16.000  34.492176     7.5639     1.7794     15.866    33.5673    26.2119 0.0000e+00
 257.651747     17.000  34.488536     7.5569     1.7609     16.857    33.5697    26.2149 0.0000e+00
 257.651763     18.000  34.485462     7.5483     1.6979     17.849    33.5742    26.2197 0.0000e+00
 257.651779     19.000  34.482952     7.5401     1.6635     18.841    33.5789    26.2246 0.0000e+00
 257.651796     20.000  34.489177     7.5446     1.6233     19.832    33.5809    26.2254 0.0000e+00
 257.651814     21.000  34.483339     7.5211     1.5681     20.824    33.5968    26.2413 0.0000e+00
 257.651832     22.000  34.481177     7.5108     1.5708     21.815    33.6038    26.2484 0.0000e+00
 257.651850     23.000  34.481396     7.5118     1.5777     22.807    33.6027    26.2474 0.0000e+00
 257.651869     24.000  34.481521     7.5117     1.5592     23.798    33.6024    26.2471 0.0000e+00
 257.651892     25.000  34.486113     7.5171     1.5630     24.790    33.6017    26.2458 0.0000e+00
