data/oxygen options/OCNMS/OCNMS2/raw_data/2012/CAST_MO020_120913faed.cnv
* Sea-Bird SBE19 Data File:
* FileName = C:\Documents and Settings\OCNMS\Desktop\2012 mooring data\Hypoxia Sampling\CAST_MO020_120913.hex
* Software Version 1.25
* Temperature SN = 2997
* Conductivity SN = 2997
* System UpLoad Time = Sep 13 2012 12:49:12
** CAST_MO020_120913
* SEACAT PROFILER V3.1c SN 2997   09/13/12  12:48:24.344
# nquan = 9                                 
# nvalues = 956                         
# units = specified
# name 0 = timeJ: Julian Days
# name 1 = prSM: Pressure, Strain Gauge [db]
# name 2 = c0mS/cm: Conductivity [mS/cm]
# name 3 = t090C: Temperature [ITS-90, deg C]
# name 4 = sbeox0ML/L: Oxygen, SBE 43 [ml/l]
# name 5 = depSM: Depth [salt water, m], lat = 47.5
# name 6 = sal00: Salinity, Practical [PSU]
# name 7 = sigma-é00: Density [sigma-theta, kg/m^3]
# name 8 = flag: flag
# span 0 = 257.527454, 257.532980       
# span 1 =     -4.723,     21.304       
# span 2 =   0.362942,  39.528722       
# span 3 =     8.1330,    15.4235       
# span 4 =    -1.7445,    12.1965       
# span 5 =     -4.684,     21.125       
# span 6 =     0.2158,    33.5258       
# span 7 =    -0.7845,    26.0938       
# span 8 = 0.0000e+00, 0.0000e+00       
# interval = seconds: 0.5
# start_time = Sep 13 2012 12:39:32 [Instrument's time stamp, header]
# bad_flag = -9.990e-29
*END*
[from data line 641]
 257.531163      1.179  39.290303    14.6821     5.9364      1.169    31.9736    23.7076 -9.990e-29
 257.531169      1.180  39.295076    14.6807     5.9376      1.170    31.9791    23.7121 -9.990e-29
 257.531175      1.180  39.297391    14.6745     5.9225      1.170    31.9863    23.7190 -9.990e-29
 257.531181      1.180  39.293607    14.6628     5.9038      1.170    31.9925    23.7262 -9.990e-29
 257.531186      1.178  39.285399    14.6521     5.8996      1.168    31.9939    23.7295 -9.990e-29
 257.531192      1.176  39.279746    14.6494     5.9058      1.166    31.9910    23.7279 -9.990e-29
 257.531198      1.172  39.281990    14.6527     5.9270      1.162    31.9903    23.7266 -9.990e-29
 257.531204      1.167  39.285590    14.6539     5.9412      1.157    31.9926    23.7281 -9.990e-29
 257.531209      1.160  39.283574    14.6501     5.9411      1.150    31.9939    23.7299 -9.990e-29
 257.531215      1.151  39.279413    14.6457     5.9414      1.141    31.9937    23.7308 -9.990e-29
 257.531221      1.140  39.278202    14.6454     5.9358      1.130    31.9929    23.7302 -9.990e-29
 257.531227      1.133  39.280561    14.6503     5.9327      1.124    31.9910    23.7277 -9.990e-29
 257.531233      1.140  39.285147    14.6570     5.9432      1.130    31.9896    23.7252 -9.990e-29
 257.531238      1.152  39.288546    14.6600     5.9253      1.142    31.9902    23.7251 -9.990e-29
 257.531244      1.161  39.289682    14.6597     5.9032      1.151    31.9915    23.7261 -9.990e-29
 257.531250      1.168  39.292867    14.6599     5.9020      1.158    31.9942    23.7282 -9.990e-29
 257.531256      1.174  39.297300    14.6605     5.9080      1.164    31.9978    23.7307 -9.990e-29
 257.531262      1.178  39.298800    14.6612     5.9094      1.168    31.9986    23.7312 -9.990e-29
 257.531267      1.181  39.299364    14.6625     5.9072      1.171    31.9980    23.7305 -9.990e-29
 257.531273      1.184  39.301419    14.6646     5.9010      1.174    31.9981    23.7302 -9.990e-29
 257.531279      1.185  39.303777    14.6668     5.9125      1.175    31.9985    23.7299 -9.990e-29
 257.531285      1.187  39.305094    14.6683     5.9340      1.177    31.9984    23.7296 -9.990e-29
 257.531291      1.187  39.305442    14.6688     5.9335      1.177    31.9983    23.7294 -9.990e-29
 257.531296      1.188  39.305840    14.6694     5.9354      1.178    31.9982    23.7292 -9.990e-29
 257.531302      1.188  39.307374    14.6707     5.9405      1.178    31.9985    23.7292 -9.990e-29
 257.531308      1.187  39.309842    14.6721     5.9378      1.177    31.9996    23.7297 -9.990e-29
 257.531314      1.186  39.312048    14.6736     5.9444      1.176    32.0004    23.7300 -9.990e-29
 257.531319      1.184  39.314127    14.6763     5.9341      1.174    32.0000    23.7291 -9.990e-29
 257.531325      1.182  39.317164    14.6802     5.9276      1.172    31.9996    23.7280 -9.990e-29
 257.531331      1.179  39.320722    14.6834     5.9327      1.169    32.0002    23.7277 -9.990e-29
 257.531337      1.175  39.323378    14.6846     5.9388      1.165    32.0016    23.7286 -9.990e-29
 257.531343      1.170  39.324747    14.6845     5.9368      1.160    32.0029    23.7296 -9.990e-29
 257.531348      1.164  39.325528    14.6846     5.9225      1.154    32.0035    23.7301 -9.990e-29
 257.531354      1.160  39.326758    14.6873     5.9160      1.150    32.0024    23.7287 -9.990e-29
 257.531360      1.162  39.329512    14.6933     5.9206      1.152    32.0000    23.7255 -9.990e-29
 257.531366      1.166  39.334095    14.6996     5.9331      1.156    31.9990    23.7234 -9.990e-29
 257.531372      1.169  39.338207    14.7032     5.9457      1.159    31.9997    23.7232 -9.990e-29
 257.531377      1.170  39.338924    14.7031     5.9339      1.160    32.0005    23.7238 -9.990e-29
 257.531383      1.170  39.337197    14.7010     5.9210      1.160    32.0006    23.7244 -9.990e-29
 257.531389      1.168  39.335761    14.6993     5.9098      1.158    32.0007    23.7248 -9.990e-29
 257.531395      1.164  39.334938    14.6985     5.9144      1.154    32.0006    23.7249 -9.990e-29
 257.531400      1.163  39.333625    14.6983     5.9169      1.153    31.9996    23.7242 -9.990e-29
 257.531406      1.168  39.331187    14.6982     5.9202      1.158    31.9975    23.7225 -9.990e-29
 257.531412      1.175  39.327730    14.6982     5.9226      1.165    31.9943    23.7201 -9.990e-29
 257.531418      1.182  39.324804    14.6983     5.9107      1.172    31.9916    23.7180 -9.990e-29
 257.531424      1.188  39.324666    14.6984     5.9168      1.178    31.9914    23.7178 -9.990e-29
 257.531429      1.193  39.326564    14.6984     5.9231      1.183    31.9931    23.7191 -9.990e-29
 257.531435      1.198  39.327981    14.6982     5.9376      1.188    31.9946    23.7203 -9.990e-29
 257.531441      1.204  39.328563    14.6977     5.9445      1.194    31.9955    23.7211 -9.990e-29
 257.531447      1.210  39.328518    14.6967     5.9348      1.200    31.9963    23.7219 -9.990e-29
 257.531453      1.217  39.327782    14.6952     5.9290      1.207    31.9968    23.7227 -9.990e-29
 257.531458      1.221  39.325928    14.6915     5.9166      1.211    31.9982    23.7245 -9.990e-29
 257.531464      1.219  39.319920    14.6843     5.9042      1.209    31.9987    23.7264 -9.990e-29
 257.531470      1.214  39.310705    14.6765     5.9030      1.204    31.9967    23.7266 -9.990e-29
 257.531476      1.210  39.305042    14.6735     5.8993      1.200    31.9941    23.7252 -9.990e-29
 257.531481      1.207  39.305462    14.6770     5.9034      1.197    31.9916    23.7225 -9.990e-29
 257.531487      1.204  39.309714    14.6825     5.9207      1.194    31.9909    23.7208 -9.990e-29
 257.531493      1.203  39.315060    14.6850     5.9300      1.193    31.9937    23.7224 -9.990e-29
 257.531499      1.202  39.318535    14.6843     5.9399      1.192    31.9974    23.7255 -9.990e-29
 257.531505      1.201  39.318606    14.6836     5.9406      1.191    31.9981    23.7261 -9.990e-29
 257.531510      1.201  39.316485    14.6853     5.9380      1.191    31.9947    23.7232 -9.990e-29
 257.531516      1.202  39.316063    14.6885     5.9146      1.192    31.9917    23.7202 -9.990e-29
 257.531522      1.202  39.320133    14.6911     5.8881      1.192    31.9933    23.7208 -9.990e-29
 257.531528      1.204  39.326832    14.6920     5.8846      1.194    31.9986    23.7247 -9.990e-29
 257.531534      1.206  39.330521    14.6919     5.9082      1.196    32.0020    23.7274 -9.990e-29
 257.531539      1.209  39.328268    14.6924     5.9341      1.199    31.9996    23.7254 -9.990e-29
 257.531545      1.213  39.326030    14.6937     5.9493      1.203    31.9965    23.7227 -9.990e-29
 257.531551      1.218  39.326981    14.6934     5.9583      1.208    31.9976    23.7237 -9.990e-29
 257.531557      1.224  39.325099    14.6868     5.9636      1.214    32.0013    23.7279 -9.990e-29
 257.531563      1.228  39.311709    14.6769     5.9680      1.218    31.9973    23.7269 -9.990e-29
 257.531568      1.226  39.288000    14.6740     5.9690      1.216    31.9782    23.7128 -9.990e-29
 257.531574      1.221  39.271101    14.6780     5.9550      1.211    31.9596    23.6976 -9.990e-29
 257.531580      1.218  39.268169    14.6771     5.9403      1.208    31.9577    23.6963 -9.990e-29
 257.531586      1.217  39.264084    14.6635     5.9282      1.207    31.9652    23.7050 -9.990e-29
 257.531591      1.217  39.253958    14.6451     5.9131      1.207    31.9711    23.7134 -9.990e-29
 257.531597      1.218  39.250621    14.6344     5.9195      1.208    31.9769    23.7201 -9.990e-29
 257.531603      1.221  39.255218    14.6307     5.9185      1.211    31.9841    23.7265 -9.990e-29
 257.531609      1.226  39.260981    14.6296     5.9337      1.216    31.9902    23.7315 -9.990e-29
 257.531615      1.233  39.267182    14.6315     5.9514      1.223    31.9943    23.7342 -9.990e-29
 257.531620      1.238  39.273679    14.6370     5.9518      1.228    31.9957    23.7341 -9.990e-29
 257.531626      1.237  39.279606    14.6441     5.9340      1.227    31.9952    23.7322 -9.990e-29
 257.531632      1.235  39.284453    14.6502     5.9046      1.225    31.9946    23.7305 -9.990e-29
 257.531638      1.235  39.289075    14.6551     5.8952      1.225    31.9947    23.7295 -9.990e-29
 257.531644      1.238  39.295152    14.6598     5.9111      1.228    31.9964    23.7298 -9.990e-29
 257.531649      1.239  39.302751    14.6645     5.9319      1.229    31.9994    23.7312 -9.990e-29
 257.531655      1.235  39.310781    14.6697     5.9470      1.225    32.0024    23.7324 -9.990e-29
 257.531661      1.229  39.317935    14.6763     5.9516      1.219    32.0035    23.7318 -9.990e-29
 257.531667      1.226  39.324131    14.6844     5.9583      1.216    32.0024    23.7293 -9.990e-29
 257.531672      1.224  39.328941    14.6911     5.9521      1.214    32.0013    23.7270 -9.990e-29
 257.531678      1.224  39.330287    14.6934     5.9479      1.214    32.0006    23.7260 -9.990e-29
 257.531684      1.226  39.328754    14.6922     5.9246      1.216    32.0002    23.7259 -9.990e-29
 257.531690      1.231  39.326696    14.6910     5.9100      1.221    31.9993    23.7255 -9.990e-29
 257.531696      1.233  39.326321    14.6916     5.9169      1.223    31.9985    23.7247 -9.990e-29
 257.531701      1.229  39.326480    14.6928     5.9284      1.219    31.9976    23.7238 -9.990e-29
 257.531707      1.224  39.324496    14.6935     5.9457      1.214    31.9953    23.7218 -9.990e-29
 257.531713      1.220  39.323236    14.6935     5.9483      1.210    31.9941    23.7210 -9.990e-29
 257.531719      1.217  39.323734    14.6916     5.9443      1.207    31.9961    23.7229 -9.990e-29
 257.531725      1.217  39.321524    14.6861     5.9397      1.207    31.9987    23.7260 -9.990e-29
 257.531730      1.217  39.315252    14.6792     5.9312      1.207    31.9986    23.7275 -9.990e-29
 257.531736      1.219  39.309913    14.6757     5.9233      1.209    31.9967    23.7267 -9.990e-29
 257.531742      1.223  39.309506    14.6764     5.9094      1.213    31.9957    23.7258 -9.990e-29
 257.531748      1.228  39.311716    14.6782     5.8898      1.218    31.9963    23.7258 -9.990e-29
 257.531753      1.236  39.313238    14.6785     5.8954      1.226    31.9974    23.7266 -9.990e-29
 257.531759      1.246  39.313770    14.6774     5.9080      1.236    31.9988    23.7279 -9.990e-29
 257.531765      1.256  39.313934    14.6766     5.9306      1.246    31.9996    23.7287 -9.990e-29
 257.531771      1.260  39.314422    14.6772     5.9461      1.249    31.9995    23.7286 -9.990e-29
 257.531777      1.261  39.315232    14.6782     5.9493      1.250    31.9994    23.7283 -9.990e-29
 257.531782      1.257  39.316235    14.6795     5.9453      1.247    31.9993    23.7279 -9.990e-29
 257.531788      1.253  39.318119    14.6821     5.9383      1.243    31.9988    23.7270 -9.990e-29
 257.531794      1.252  39.321068    14.6854     5.9280      1.242    31.9988    23.7263 -9.990e-29
 257.531800      1.256  39.325002    14.6886     5.9351      1.246    31.9997    23.7263 -9.990e-29
 257.531806      1.263  39.328915    14.6915     5.9444      1.252    32.0009    23.7266 -9.990e-29
 257.531811      1.274  39.331771    14.6937     5.9470      1.263    32.0017    23.7267 -9.990e-29
 257.531817      1.287  39.333928    14.6950     5.9420      1.276    32.0025    23.7271 -9.990e-29
 257.531823      1.297  39.335373    14.6957     5.9355      1.286    32.0033    23.7276 -9.990e-29
 257.531829      1.309  39.335703    14.6962     5.9476      1.298    32.0032    23.7274 -9.990e-29
 257.531834      1.324  39.335830    14.6965     5.9717      1.313    32.0030    23.7272 -9.990e-29
 257.531840      1.334  39.336954    14.6973     5.9817      1.323    32.0034    23.7273 -9.990e-29
 257.531846      1.341  39.338806    14.6998     5.9831      1.330    32.0030    23.7265 -9.990e-29
 257.531852      1.353  39.340402    14.7035     5.9646      1.342    32.0014    23.7245 -9.990e-29
 257.531858      1.374  39.340421    14.7060     5.9545      1.363    31.9993    23.7223 -9.990e-29
 257.531863      1.408  39.334877    14.7037     5.9599      1.396    31.9962    23.7204 -9.990e-29
 257.531869      1.450  39.324136    14.6946     5.9568      1.438    31.9939    23.7206 -9.990e-29
 257.531875      1.500  39.314521    14.6794     5.9656      1.487    31.9977    23.7267 -9.990e-29
 257.531881      1.561  39.302649    14.6536     5.9827      1.548    32.0082    23.7402 -9.990e-29
 257.531887      1.633  39.273160    14.6078     6.0022      1.619    32.0191    23.7583 -9.990e-29
 257.531892      1.715  39.213541    14.5389     6.0243      1.701    32.0217    23.7748 -9.990e-29
 257.531898      1.814  39.129944    14.4559     6.0196      1.799    32.0141    23.7863 -9.990e-29
 257.531904      1.930  39.049775    14.3798     5.9988      1.914    32.0038    23.7943 -9.990e-29
 257.531910      2.064  38.997160    14.3264     5.9827      2.047    31.9999    23.8024 0.0000e+00
 257.531916      2.214  38.969082    14.2931     5.9601      2.196    32.0017    23.8107 0.0000e+00
 257.531921      2.381  38.950972    14.2707     5.9504      2.361    32.0036    23.8169 0.0000e+00
 257.531927      2.569  38.936519    14.2532     5.9558      2.548    32.0048    23.8214 0.0000e+00
 257.531933      2.775  38.923727    14.2376     5.9632      2.752    32.0060    23.8255 0.0000e+00
 257.531939      2.997  38.911698    14.2238     5.9510      2.972    32.0063    23.8287 0.0000e+00
 257.531944      3.230  38.900552    14.2120     5.9213      3.203    32.0058    23.8307 0.0000e+00
 257.531950      3.477  38.890466    14.2018     5.8847      3.448    32.0049    23.8321 0.0000e+00
 257.531956      3.740  38.881907    14.1927     5.8599      3.709    32.0045    23.8337 0.0000e+00
 257.531962      4.016  38.874580    14.1838     5.8566      3.982    32.0051    23.8360 0.0000e+00
 257.531968      4.300  38.867591    14.1751     5.8642      4.264    32.0058    23.8383 0.0000e+00
 257.531973      4.592  38.861054    14.1673     5.8539      4.554    32.0061    23.8402 0.0000e+00
 257.531979      4.896  38.855128    14.1609     5.8302      4.855    32.0059    23.8414 0.0000e+00
 257.531985      5.207  38.849666    14.1553     5.7756      5.163    32.0054    23.8422 0.0000e+00
 257.531991      5.526  38.845140    14.1496     5.7331      5.480    32.0058    23.8437 0.0000e+00
 257.531997      5.854  38.841588    14.1434     5.6861      5.805    32.0076    23.8464 0.0000e+00
 257.532002      6.192  38.837546    14.1363     5.6259      6.140    32.0097    23.8494 0.0000e+00
 257.532008      6.540  38.831458    14.1265     5.5794      6.485    32.0121    23.8533 0.0000e+00
 257.532014      6.897  38.822960    14.1111     5.5750      6.839    32.0169    23.8602 0.0000e+00
 257.532020      7.262  38.810158    14.0892     5.6097      7.201    32.0232    23.8696 0.0000e+00
 257.532025      7.636  38.792141    14.0626     5.5970      7.572    32.0286    23.8793 0.0000e+00
 257.532031      8.022  38.771128    14.0327     5.4437      7.955    32.0340    23.8896 0.0000e+00
 257.532037      8.413  38.746466    14.0025     5.1402      8.343    32.0363    23.8975 0.0000e+00
 257.532043      8.801  38.719918    13.9749     4.7220      8.727    32.0347    23.9020 0.0000e+00
 257.532049      9.184  38.697456    13.9449     4.3402      9.107    32.0388    23.9113 0.0000e+00
 257.532054      9.570  38.675932    13.8966     4.0198      9.490    32.0591    23.9368 0.0000e+00
 257.532060      9.962  38.638883    13.7965     3.7374      9.879    32.1084    23.9952 0.0000e+00
 257.532066     10.364  38.554747    13.5893     3.4726     10.277    32.2041    24.1111 0.0000e+00
 257.532072     10.779  38.381290    13.2360     3.2033     10.689    32.3410    24.2875 0.0000e+00
 257.532078     11.208  38.100619    12.7886     2.9161     11.114    32.4586    24.4662 0.0000e+00
