data/oxygen options/ONMS/Olympic_Coast_National_Marine_Sanctuary_CTD_Data_2005_2023/raw_data/2021/CAST_CA015_210610faed.cnv
* Sea-Bird SBE19 Data File:
* FileName = C:\2021 Mooring Data\CTD\CAST_CA015_210610.hex
* Software Version 1.59
* Temperature SN = 2997
* Conductivity SN = 2997
* System UpLoad Time = Jun 10 2021 17:18:44
** CAST_CA015_210610
* ds
# nquan = 9                                 
# nvalues = 1564                        
# units = specified
# name 0 = timeJ: Julian Days
# name 1 = prSM: Pressure, Strain Gauge [db]
# name 2 = c0mS/cm: Conductivity [mS/cm]
# name 3 = t090C: Temperature [ITS-90, deg C]
# name 4 = sbeox0ML/L: Oxygen, SBE 43 [ml/l]
# name 5 = depSM: Depth [salt water, m], lat = 47.5
# name 6 = sal00: Salinity, Practical [PSU]
# name 7 = sigma-é00: Density [sigma-theta, kg/m^3]
# name 8 = flag: flag
# span 0 = 161.709028, 161.718073       
# span 1 =     -5.224,     17.309       
# span 2 =   0.011338,  37.285383       
# span 3 =     8.6897,    12.5188       
# span 4 =    -2.0191,    15.8394       
# span 5 =     -5.180,     17.164       
# span 6 =     0.0112,    33.3051       
# span 7 =    -0.5521,    25.8387       
# span 8 = 0.0000e+00, 0.0000e+00       
# interval = seconds: 0.5
# start_time = Jun 10 2021 17:01:00 [Instrument's time stamp, header]
# bad_flag = -9.990e-29
*END*
[from data line 1441]
 161.717367      6.173  36.307895    10.4145     6.7235      6.121    32.8016    25.1659 0.0000e+00
 161.717373      6.381  36.299617    10.3938     6.6857      6.328    32.8119    25.1774 0.0000e+00
 161.717378      6.581  36.292767    10.3613     6.6571      6.526    32.8343    25.2004 0.0000e+00
 161.717384      6.786  36.275857    10.3202     6.6268      6.729    32.8543    25.2231 0.0000e+00
 161.717390      6.999  36.245317    10.2825     6.5822      6.940    32.8576    25.2320 0.0000e+00
 161.717396      7.212  36.209147    10.2569     6.5430      7.152    32.8442    25.2259 0.0000e+00
 161.717402      7.419  36.181849    10.2455     6.4903      7.357    32.8269    25.2143 0.0000e+00
 161.717407      7.620  36.171251    10.2424     6.4356      7.556    32.8189    25.2087 0.0000e+00
 161.717413      7.818  36.171046    10.2401     6.3937      7.753    32.8207    25.2104 0.0000e+00
 161.717419      8.017  36.173674    10.2354     6.3351      7.950    32.8275    25.2166 0.0000e+00
 161.717425      8.218  36.177592    10.2305     6.2741      8.149    32.8358    25.2239 0.0000e+00
 161.717431      8.416  36.181299    10.2275     6.2244      8.346    32.8422    25.2293 0.0000e+00
 161.717436      8.611  36.184130    10.2257     6.1789      8.539    32.8466    25.2331 0.0000e+00
 161.717442      8.807  36.185934    10.2214     6.1225      8.733    32.8522    25.2382 0.0000e+00
 161.717448      9.003  36.184070    10.2103     6.0616      8.928    32.8603    25.2464 0.0000e+00
 161.717454      9.198  36.176052    10.1946     5.9799      9.121    32.8664    25.2538 0.0000e+00
 161.717459      9.402  36.165203    10.1824     5.8702      9.323    32.8664    25.2558 0.0000e+00
 161.717465      9.619  36.157793    10.1750     5.7472      9.538    32.8655    25.2564 0.0000e+00
 161.717471      9.840  36.153464    10.1648     5.6248      9.758    32.8703    25.2619 0.0000e+00
 161.717477     10.063  36.147004    10.1473     5.4984      9.979    32.8796    25.2720 0.0000e+00
 161.717483     10.289  36.135961    10.1265     5.3529     10.203    32.8872    25.2815 0.0000e+00
 161.717488     10.511  36.117940    10.1044     5.2052     10.423    32.8889    25.2866 0.0000e+00
 161.717494     10.727  36.089086    10.0679     5.0758     10.637    32.8928    25.2957 0.0000e+00
 161.717500     10.940  36.049596    10.0017     4.9257     10.848    32.9129    25.3225 0.0000e+00
 161.717506     11.157  36.001182     9.9099     4.9052     11.064    32.9474    25.3646 0.0000e+00
 161.717512     11.383  35.944301     9.8092     4.8817     11.288    32.9814    25.4079 0.0000e+00
 161.717517     11.614  35.884930     9.7164     4.8902     11.517    33.0058    25.4422 0.0000e+00
 161.717523     11.839  35.834123     9.6438     4.9033     11.740    33.0204    25.4655 0.0000e+00
 161.717529     12.057  35.795296     9.5951     4.8299     11.956    33.0253    25.4772 0.0000e+00
 161.717535     12.268  35.764302     9.5685     4.8605     12.165    33.0179    25.4758 0.0000e+00
 161.717541     12.468  35.743518     9.5603     4.8580     12.364    33.0040    25.4663 0.0000e+00
 161.717546     12.662  35.735487     9.5622     4.8367     12.556    32.9939    25.4581 0.0000e+00
 161.717552     12.857  35.733422     9.5581     4.7758     12.749    32.9955    25.4600 0.0000e+00
 161.717558     13.053  35.730084     9.5323     4.6380     12.944    33.0157    25.4800 0.0000e+00
 161.717564     13.249  35.720463     9.4865     4.4970     13.138    33.0479    25.5126 0.0000e+00
 161.717569     13.451  35.701258     9.4352     4.3626     13.338    33.0754    25.5424 0.0000e+00
 161.717575     13.657  35.676563     9.3879     4.2180     13.543    33.0936    25.5642 0.0000e+00
 161.717581     13.863  35.653792     9.3443     4.0750     13.747    33.1104    25.5843 0.0000e+00
 161.717587     14.066  35.631716     9.2887     3.9859     13.948    33.1391    25.6156 0.0000e+00
 161.717593     14.266  35.594344     9.2062     3.9248     14.146    33.1770    25.6584 0.0000e+00
 161.717598     14.466  35.531630     9.1098     3.8921     14.345    33.2016    25.6930 0.0000e+00
 161.717604     14.667  35.458584     9.0317     3.8420     14.544    33.1984    25.7028 0.0000e+00
 161.717610     14.864  35.407250     8.9951     3.7809     14.739    33.1791    25.6934 0.0000e+00
 161.717616     15.057  35.398830     8.9905     3.7483     14.931    33.1745    25.6906 0.0000e+00
 161.717622     15.250  35.404710     8.9709     3.7288     15.122    33.1988    25.7127 0.0000e+00
 161.717627     15.447  35.387332     8.9108     3.7169     15.318    33.2369    25.7519 0.0000e+00
 161.717633     15.650  35.352670     8.8430     3.7021     15.519    33.2641    25.7837 0.0000e+00
 161.717639     15.857  35.320074     8.7966     3.6820     15.724    33.2735    25.7983 0.0000e+00
 161.717645     16.059  35.298188     8.7651     3.6714     15.924    33.2800    25.8083 0.0000e+00
 161.717650     16.255  35.283592     8.7384     3.6654     16.119    33.2897    25.8200 0.0000e+00
 161.717656     16.447  35.271388     8.7168     3.6500     16.309    33.2972    25.8292 0.0000e+00
 161.717662     16.627  35.263793     8.7043     3.6492     16.488    33.3009    25.8340 0.0000e+00
 161.717668     16.792  35.260201     8.7023     3.6593     16.651    33.2989    25.8328 0.0000e+00
 161.717674     16.939  35.257500     8.7111     3.6796     16.797    33.2877    25.8227 0.0000e+00
 161.717679     17.068  35.255448     8.7238     3.6844     16.925    33.2736    25.8096 -9.990e-29
 161.717685     17.175  35.254670     8.7256     3.6622     17.031    33.2710    25.8074 -9.990e-29
 161.717691     17.253  35.254130     8.7170     3.6834     17.108    33.2785    25.8146 -9.990e-29
 161.717697     17.300  35.255912     8.7156     3.6865     17.155    33.2817    25.8172 -9.990e-29
 161.717703     17.309  35.264074     8.7229     3.6917     17.164    33.2834    25.8174 -9.990e-29
 161.717708     17.282  35.270999     8.7252     3.6789     17.137    33.2885    25.8211 -9.990e-29
 161.717714     17.220  35.269669     8.7202     3.6057     17.076    33.2918    25.8245 -9.990e-29
 161.717720     17.116  35.265600     8.7132     3.6361     16.972    33.2942    25.8274 -9.990e-29
 161.717726     16.963  35.263454     8.7060     3.6371     16.821    33.2988    25.8321 0.0000e+00
 161.717731     16.765  35.262610     8.6998     3.6370     16.624    33.3038    25.8370 0.0000e+00
 161.717737     16.528  35.259702     8.6953     3.6483     16.389    33.3051    25.8387 0.0000e+00
 161.717743     16.266  35.254775     8.6917     3.6623     16.130    33.3035    25.8380 0.0000e+00
 161.717749     15.981  35.252468     8.6897     3.7175     15.847    33.3030    25.8380 0.0000e+00
 161.717755     15.678  35.252506     8.6914     3.7894     15.547    33.3016    25.8366 0.0000e+00
 161.717760     15.363  35.252140     8.7011     3.8881     15.234    33.2923    25.8277 0.0000e+00
 161.717766     15.037  35.254807     8.7273     4.0204     14.911    33.2706    25.8067 0.0000e+00
 161.717772     14.701  35.266865     8.7770     4.1911     14.578    33.2367    25.7725 0.0000e+00
 161.717778     14.359  35.290944     8.8445     4.3953     14.239    33.1987    25.7323 0.0000e+00
 161.717784     14.011  35.323290     8.9198     4.5833     13.894    33.1623    25.6920 0.0000e+00
 161.717789     13.656  35.363889     9.0058     4.7484     13.542    33.1245    25.6490 0.0000e+00
 161.717795     13.302  35.413647     9.1079     4.8869     13.191    33.0814    25.5992 0.0000e+00
 161.717801     12.956  35.467751     9.2127     5.0157     12.847    33.0404    25.5506 0.0000e+00
 161.717807     12.617  35.525501     9.3018     5.1609     12.511    33.0178    25.5187 0.0000e+00
 161.717813     12.280  35.580413     9.3742     5.3114     12.177    33.0078    25.4993 0.0000e+00
 161.717818     11.947  35.623899     9.4395     5.4747     11.847    32.9925    25.4768 0.0000e+00
 161.717824     11.621  35.661837     9.5001     5.6287     11.524    32.9759    25.4540 0.0000e+00
 161.717830     11.303  35.706713     9.5599     5.7878     11.208    32.9671    25.4375 0.0000e+00
 161.717836     10.990  35.764572     9.6332     5.9162     10.898    32.9592    25.4194 0.0000e+00
 161.717841     10.679  35.826259     9.7303     6.0275     10.590    32.9335    25.3834 0.0000e+00
 161.717847     10.363  35.883802     9.8460     6.1132     10.276    32.8865    25.3277 0.0000e+00
 161.717853     10.036  35.943877     9.9523     6.1852      9.952    32.8509    25.2823 0.0000e+00
 161.717859      9.705  36.007577    10.0253     6.2452      9.624    32.8493    25.2689 0.0000e+00
 161.717865      9.389  36.061776    10.0712     6.3049      9.310    32.8627    25.2717 0.0000e+00
 161.717870      9.089  36.095811    10.1030     6.3812      9.013    32.8684    25.2708 0.0000e+00
 161.717876      8.790  36.113037    10.1294     6.4766      8.716    32.8620    25.2613 0.0000e+00
 161.717882      8.482  36.125221    10.1559     6.5746      8.411    32.8504    25.2478 0.0000e+00
 161.717888      8.166  36.140763    10.1808     6.6535      8.098    32.8437    25.2384 0.0000e+00
 161.717894      7.844  36.157411    10.2037     6.7103      7.778    32.8399    25.2316 0.0000e+00
 161.717899      7.513  36.167665    10.2292     6.6957      7.450    32.8273    25.2174 0.0000e+00
 161.717905      7.172  36.173431    10.2618     6.7718      7.112    32.8038    25.1935 0.0000e+00
 161.717911      6.831  36.184643    10.2979     6.8190      6.774    32.7826    25.1709 0.0000e+00
 161.717917      6.496  36.205046    10.3313     6.8533      6.442    32.7731    25.1578 0.0000e+00
 161.717922      6.173  36.235508    10.3638     6.8740      6.121    32.7746    25.1535 0.0000e+00
 161.717928      5.863  36.271814    10.4001     6.8201      5.814    32.7785    25.1503 0.0000e+00
 161.717934      5.559  36.302403    10.4455     6.8681      5.513    32.7684    25.1347 0.0000e+00
 161.717940      5.254  36.328273    10.4999     6.9095      5.210    32.7455    25.1075 0.0000e+00
 161.717946      4.950  36.360381    10.5532     6.9436      4.909    32.7299    25.0862 0.0000e+00
 161.717951      4.658  36.402870    10.6025     6.9938      4.619    32.7283    25.0764 0.0000e+00
 161.717957      4.385  36.454112    10.6519     7.0018      4.348    32.7353    25.0733 0.0000e+00
 161.717963      4.127  36.508451    10.6972     7.0461      4.093    32.7490    25.0762 0.0000e+00
 161.717969      3.879  36.551467    10.7433     7.0951      3.847    32.7507    25.0695 0.0000e+00
 161.717975      3.635  36.575502    10.8007     7.1424      3.605    32.7234    25.0382 0.0000e+00
 161.717980      3.387  36.595795    10.8645     7.1643      3.359    32.6866    24.9984 0.0000e+00
 161.717986      3.142  36.629320    10.9229     7.2096      3.116    32.6679    24.9736 0.0000e+00
 161.717992      2.906  36.682671    10.9771     7.2491      2.882    32.6726    24.9677 0.0000e+00
 161.717998      2.679  36.753565    11.0366     7.2744      2.657    32.6899    24.9707 0.0000e+00
 161.718003      2.461  36.817140    11.1010     7.2359      2.440    32.6956    24.9636 0.0000e+00
 161.718009      2.250  36.857831    11.1658     7.1732      2.231    32.6783    24.9386 0.0000e+00
 161.718015      2.051  36.896832    11.2260     8.2107      2.034    32.6634    24.9163 0.0000e+00
 161.718021      1.864  36.944675    11.2801 -9.990e-29      1.848    32.6626    24.9060 0.0000e+00
 161.718027      1.684  36.987241    11.3385 -9.990e-29      1.670    32.6528    24.8878 0.0000e+00
 161.718032      1.514  37.019633    11.3991 -9.990e-29      1.501    32.6310    24.8600 0.0000e+00
 161.718038      1.360  37.045246    11.4278 -9.990e-29      1.349    32.6309    24.8547 0.0000e+00
 161.718044      1.229  37.037699    11.4057 -9.990e-29      1.219    32.6430    24.8682 -9.990e-29
 161.718050      1.126  36.958353    11.3527 -9.990e-29      1.117    32.6121    24.8536 -9.990e-29
 161.718056      1.048  36.772056    11.2935 -9.990e-29      1.039    32.4814    24.7627 -9.990e-29
 161.718061      0.996  36.325705    11.2439 -9.990e-29      0.988    32.0864    24.4644 -9.990e-29
 161.718067      0.968  35.089182    11.2231 -9.990e-29      0.960    30.8928    23.5404 -9.990e-29
 161.718073      0.961  31.460305 -9.990e-29 -9.990e-29      0.953 -9.990e-29 -9.990e-29 -9.990e-29
