data/oxygen options/ONMS/Olympic_Coast_National_Marine_Sanctuary_CTD_Data_2005_2023/raw_data/2021/CAST_MB042_210826faed.cnv
* Sea-Bird SBE 19 Data File:
* FileName = C:\2021 Mooring Data\Casts\CAST_MB042_210826.hex
* Software Version SeatermAF 2.1.2
* Temperature SN = 2997
* Conductivity SN = 2997
* System UpLoad Time = Aug 26 2021 20:39:26 (localtime) = Aug 26 2021 20:39:26 (UTC)
** CAST_MB042_210826
* ds
# nquan = 9                                 
# nvalues = 1378                        
# units = specified
# name 0 = timeJ: Julian Days
# name 1 = prSM: Pressure, Strain Gauge [db]
# name 2 = c0mS/cm: Conductivity [mS/cm]
# name 3 = t090C: Temperature [ITS-90, deg C]
# name 4 = sbeox0ML/L: Oxygen, SBE 43 [ml/l]
# name 5 = depSM: Depth [salt water, m], lat = 47.5
# name 6 = sal00: Salinity, Practical [PSU]
# name 7 = sigma-é00: Density [sigma-theta, kg/m^3]
# name 8 = flag: flag
# span 0 = 238.779063, 238.787031       
# span 1 =     -5.095,     42.169       
# span 2 =   0.216376,  37.402535       
# span 3 =     7.6643,    14.7325       
# span 4 =   -11.4194,    13.0561       
# span 5 =     -5.053,     41.813       
# span 6 =     0.1296,    33.6435       
# span 7 =    -0.7583,    26.2576       
# span 8 = 0.0000e+00, 0.0000e+00       
# interval = seconds: 0.5
# start_time = Aug 26 2021 18:41:51 [Instrument's time stamp, header]
# bad_flag = -9.990e-29
*END*
[from data line 321]
 238.780920     -0.509   0.216956    14.5239    -1.9030     -0.505     0.1306    -0.7270 -9.990e-29
 238.780926     -0.498   0.216956    14.5104    -1.9032     -0.494     0.1306    -0.7250 -9.990e-29
 238.780932     -0.489   0.216956    14.4980    -1.9036     -0.485     0.1307    -0.7232 -9.990e-29
 238.780937     -0.479   0.216957    14.4872    -1.9040     -0.475     0.1307    -0.7216 -9.990e-29
 238.780943     -0.469   0.216957    14.4770    -1.9047     -0.465     0.1307    -0.7201 -9.990e-29
 238.780949     -0.457   0.216957    14.4670    -1.9054     -0.453     0.1308    -0.7186 -9.990e-29
 238.780955     -0.449   0.216958    14.4576    -1.9058     -0.445     0.1308    -0.7172 -9.990e-29
 238.780961     -0.442   0.216959    14.4502    -1.9062     -0.438     0.1308    -0.7161 -9.990e-29
 238.780966     -0.432   0.216964    14.4465    -1.9066     -0.428     0.1308    -0.7156 -9.990e-29
 238.780972     -0.423   0.216978    14.4449    -1.9069     -0.419     0.1308    -0.7153 -9.990e-29
 238.780978     -0.419   0.217018    14.4408    -1.9077     -0.416     0.1309    -0.7147 -9.990e-29
 238.780984     -0.419   0.217137    14.4323    -1.9081     -0.416     0.1310    -0.7134 -9.990e-29
 238.780990     -0.424   0.217494    14.4205    -1.9082     -0.420     0.1312    -0.7115 -9.990e-29
 238.780995     -0.428   0.218012    14.4070    -1.9082     -0.424     0.1316    -0.7093 -9.990e-29
 238.781001     -0.425   0.218272    14.3938    -1.9080     -0.421     0.1318    -0.7072 -9.990e-29
 238.781007     -0.414   0.218067    14.3823    -1.9081     -0.411     0.1317    -0.7056 -9.990e-29
 238.781013     -0.402   0.217677    14.3718    -1.9083     -0.399     0.1315    -0.7043 -9.990e-29
 238.781019     -0.394   0.217691    14.3616    -1.9085     -0.391     0.1315    -0.7028 -9.990e-29
 238.781024     -0.388   0.218127    14.3507    -1.9088     -0.385     0.1318    -0.7010 -9.990e-29
 238.781030     -0.385   0.218457    14.3393    -1.9092     -0.382     0.1321    -0.6992 -9.990e-29
 238.781036     -0.384   0.218568    14.3305    -1.9095     -0.381     0.1321    -0.6979 -9.990e-29
 238.781042     -0.385   0.218605    14.3258    -1.9098     -0.382     0.1322    -0.6971 -9.990e-29
 238.781047     -0.388   0.218617    14.3244    -1.9099     -0.385     0.1322    -0.6969 -9.990e-29
 238.781053     -0.389   0.218621    14.3243    -1.9098     -0.386     0.1322    -0.6969 -9.990e-29
 238.781059     -0.383   0.218623    14.3227    -1.9097     -0.380     0.1322    -0.6967 -9.990e-29
 238.781065     -0.376   0.218623    14.3190    -1.9098     -0.373     0.1322    -0.6962 -9.990e-29
 238.781071     -0.370   0.218624    14.3135    -1.9100     -0.367     0.1322    -0.6954 -9.990e-29
 238.781076     -0.366   0.218624    14.3066    -1.9103     -0.363     0.1323    -0.6943 -9.990e-29
 238.781082     -0.362   0.218624    14.2992    -1.9106     -0.359     0.1323    -0.6933 -9.990e-29
 238.781088     -0.359   0.218624    14.2923    -1.9108     -0.356     0.1323    -0.6923 -9.990e-29
 238.781094     -0.357   0.218624    14.2868    -1.9109     -0.354     0.1323    -0.6915 -9.990e-29
 238.781100     -0.355   0.218625    14.2839    -1.9109     -0.352     0.1323    -0.6911 -9.990e-29
 238.781105     -0.353   0.218625    14.2834    -1.9111     -0.350     0.1323    -0.6910 -9.990e-29
 238.781111     -0.351   0.218625    14.2831    -1.9113     -0.348     0.1323    -0.6909 -9.990e-29
 238.781117     -0.350   0.218625    14.2811    -1.9115     -0.347     0.1323    -0.6906 -9.990e-29
 238.781123     -0.348   0.218625    14.2771    -1.9118     -0.345     0.1323    -0.6901 -9.990e-29
 238.781128     -0.346   0.218626    14.2718    -1.9118     -0.343     0.1324    -0.6893 -9.990e-29
 238.781134     -0.344   0.218626    14.2664    -1.9120     -0.341     0.1324    -0.6885 -9.990e-29
 238.781140     -0.341   0.218626    14.2619    -1.9132     -0.338     0.1324    -0.6879 -9.990e-29
 238.781146     -0.338   0.218626    14.2584    -1.9138     -0.335     0.1324    -0.6874 -9.990e-29
 238.781152     -0.334   0.218627    14.2553    -1.9138     -0.331     0.1324    -0.6869 -9.990e-29
 238.781157     -0.328   0.218630    14.2516    -1.9139     -0.325     0.1324    -0.6864 -9.990e-29
 238.781163     -0.322   0.218638    14.2471    -1.9148     -0.319     0.1324    -0.6857 -9.990e-29
 238.781169     -0.313   0.218660    14.2423    -1.9159     -0.310     0.1325    -0.6850 -9.990e-29
 238.781175     -0.302   0.218725    14.2373    -1.9172     -0.299     0.1325    -0.6843 -9.990e-29
 238.781181     -0.293   0.218920    14.2312    -1.9185     -0.291     0.1327    -0.6833 -9.990e-29
 238.781186     -0.288   0.219506    14.2207    -1.5904     -0.286     0.1331    -0.6815 -9.990e-29
 238.781192     -0.283   0.220707    14.2060    -1.6344     -0.281     0.1338    -0.6788 -9.990e-29
 238.781198     -0.274   0.223016    14.1929    -1.6499     -0.272     0.1353    -0.6758 -9.990e-29
 238.781204     -0.260   0.228402    14.1832    -1.6527     -0.258     0.1386    -0.6719 -9.990e-29
 238.781209     -0.240   0.241828    14.1705    -1.6523     -0.238     0.1469    -0.6636 -9.990e-29
 238.781215     -0.214   0.277869    14.1472    -1.6509     -0.212     0.1692    -0.6430 -9.990e-29
 238.781221     -0.178   0.381809    14.1062    -1.6512     -0.177     0.2342    -0.5867 -9.990e-29
 238.781227     -0.136   0.689465    14.0287    -1.6521     -0.135     0.4316    -0.4226 -9.990e-29
 238.781233     -0.089   1.606608    13.8532    -1.6534     -0.088     1.0485     0.0801 -9.990e-29
 238.781238     -0.034   4.350555    13.3949    -1.6548     -0.034     3.0414     1.6848 -9.990e-29
 238.781244      0.033  12.574915    12.6603    -1.6555      0.033     9.6812     6.9094 -9.990e-29
 238.781250      0.116  24.902453    12.0396    -1.6558      0.115    20.7048    15.5092 -9.990e-29
 238.781256      0.211  33.120096    11.7326    -1.6540      0.209    28.5812    21.6568 -9.990e-29
 238.781262      0.307  35.882377    11.6204    -1.6535      0.304    31.3311    23.8102 -9.990e-29
 238.781267      0.395  36.838585    11.5897    -1.6548      0.392    32.2872    24.5583 -9.990e-29
 238.781273      0.465  37.186835    11.5782    -1.6553      0.461    32.6371    24.8322 -9.990e-29
 238.781279      0.519  37.310179    11.5582    -1.6549      0.515    32.7753    24.9432 -9.990e-29
 238.781285      0.560  37.332161    11.5288    -1.6542      0.555    32.8228    24.9855 -9.990e-29
 238.781291      0.590  37.319098    11.5013    -1.6551      0.585    32.8344    24.9995 -9.990e-29
 238.781296      0.612  37.299549    11.4818    -1.6557      0.607    32.8325    25.0016 -9.990e-29
 238.781302      0.626  37.278280    11.4670    -1.6558      0.621    32.8248    24.9983 -9.990e-29
 238.781308      0.638  37.270102    11.4561    -1.6557      0.633    32.8265    25.0016 -9.990e-29
 238.781314      0.653  37.307281    11.4546    -1.6551      0.648    32.8643    25.0313 -9.990e-29
 238.781319      0.668  37.378851    11.4628    -1.6544      0.662    32.9271    25.0786 -9.990e-29
 238.781325      0.679  37.402535    11.4720    -1.6550      0.673    32.9422    25.0886 -9.990e-29
 238.781331      0.687  37.353860    11.4751    -1.6554      0.681    32.8917    25.0488 -9.990e-29
 238.781337      0.693  37.304161    11.4740    -1.6548      0.687    32.8440    25.0119 -9.990e-29
 238.781343      0.701  37.298183    11.4733    -1.6539      0.695    32.8387    25.0080 -9.990e-29
 238.781348      0.716  37.302735    11.4749    -1.6536      0.710    32.8418    25.0101 -9.990e-29
 238.781354      0.730  37.279609    11.4797    -1.6547      0.724    32.8148    24.9883 -9.990e-29
 238.781360      0.736  37.243384    11.4871    -1.6556      0.730    32.7728    24.9542 -9.990e-29
 238.781366      0.739  37.217521    11.4928    -1.6560      0.733    32.7424    24.9296 -9.990e-29
 238.781372      0.742  37.209591    11.4959    -1.6562      0.736    32.7319    24.9209 -9.990e-29
 238.781377      0.746  37.223605    11.4967    -1.6562      0.740    32.7449    24.9308 -9.990e-29
 238.781383      0.752  37.237333    11.4914    -1.6546      0.746    32.7630    24.9459 -9.990e-29
 238.781389      0.759  37.233773    11.4814    -1.6549      0.753    32.7684    24.9519 -9.990e-29
 238.781395      0.768  37.248548    11.4746    -1.6546      0.762    32.7889    24.9690 -9.990e-29
 238.781400      0.776  37.303045    11.4749    -1.6554      0.770    32.8420    25.0103 -9.990e-29
 238.781406      0.778  37.355574    11.4796    -1.6569      0.772    32.8893    25.0462 -9.990e-29
 238.781412      0.779  37.353971    11.4822    -1.6572      0.772    32.8854    25.0427 -9.990e-29
 238.781418      0.784  37.296106    11.4797    -1.6573      0.777    32.8310    25.0008 -9.990e-29
 238.781424      0.792  37.231531    11.4732    -1.6558      0.785    32.7735    24.9573 -9.990e-29
 238.781429      0.805  37.198602    11.4639    -1.6558      0.798    32.7494    24.9403 -9.990e-29
 238.781435      0.822  37.203874    11.4566    -1.6566      0.815    32.7611    24.9507 -9.990e-29
 238.781441      0.842  37.251019    11.4559    -1.6578      0.835    32.8079    24.9872 -9.990e-29
 238.781447      0.856  37.310967    11.4603    -1.6579      0.849    32.8627    25.0290 -9.990e-29
 238.781453      0.861  37.333599    11.4644    -1.6565      0.854    32.8813    25.0427 -9.990e-29
 238.781458      0.857  37.309297    11.4640    -1.6560      0.850    32.8578    25.0245 -9.990e-29
 238.781464      0.849  37.248275    11.4585    -1.6560      0.842    32.8029    24.9828 -9.990e-29
 238.781470      0.845  37.181856    11.4513    -1.6560      0.838    32.7442    24.9385 -9.990e-29
 238.781476      0.848  37.156028    11.4468    -1.6560      0.841    32.7229    24.9227 -9.990e-29
 238.781481      0.854  37.182887    11.4456    -1.6559      0.847    32.7502    24.9443 -9.990e-29
 238.781487      0.856  37.227620    11.4454    -1.6572      0.849    32.7943    24.9785 -9.990e-29
 238.781493      0.854  37.234957    11.4447    -1.6573      0.847    32.8021    24.9847 -9.990e-29
 238.781499      0.855  37.194511    11.4438    -1.6563      0.848    32.7632    24.9547 -9.990e-29
 238.781505      0.864  37.151582    11.4441    -1.6560      0.857    32.7209    24.9217 -9.990e-29
 238.781510      0.878  37.155450    11.4454    -1.6559      0.871    32.7235    24.9235 -9.990e-29
 238.781516      0.889  37.200628    11.4463    -1.6558      0.882    32.7670    24.9571 -9.990e-29
 238.781522      0.893  37.240292    11.4472    -1.6563      0.886    32.8051    24.9866 -9.990e-29
 238.781528      0.890  37.256143    11.4490    -1.6565      0.883    32.8190    24.9971 -9.990e-29
 238.781534      0.881  37.256991    11.4519    -1.6570      0.874    32.8173    24.9952 -9.990e-29
 238.781539      0.869  37.246776    11.4551    -1.6570      0.862    32.8044    24.9846 -9.990e-29
 238.781545      0.861  37.215249    11.4568    -1.6561      0.854    32.7720    24.9592 -9.990e-29
 238.781551      0.862  37.171397    11.4570    -1.6559      0.855    32.7289    24.9256 -9.990e-29
 238.781557      0.868  37.160464    11.4576    -1.6560      0.861    32.7176    24.9167 -9.990e-29
 238.781563      0.870  37.190306    11.4593    -1.6563      0.863    32.7454    24.9380 -9.990e-29
 238.781568      0.864  37.219997    11.4607    -1.6573      0.857    32.7732    24.9594 -9.990e-29
 238.781574      0.853  37.228591    11.4609    -1.6578      0.846    32.7815    24.9657 -9.990e-29
 238.781580      0.847  37.219145    11.4604    -1.6566      0.840    32.7727    24.9590 -9.990e-29
 238.781586      0.848  37.198134    11.4596    -1.6568      0.841    32.7528    24.9437 -9.990e-29
 238.781591      0.857  37.175109    11.4582    -1.6562      0.850    32.7315    24.9274 -9.990e-29
 238.781597      0.870  37.160859    11.4563    -1.6568      0.863    32.7192    24.9182 -9.990e-29
 238.781603      0.879  37.171148    11.4543    -1.6580      0.872    32.7310    24.9277 -9.990e-29
 238.781609      0.881  37.202323    11.4522    -1.6582      0.874    32.7634    24.9533 -9.990e-29
 238.781615      0.880  37.224766    11.4492    -1.6585      0.873    32.7881    24.9730 -9.990e-29
 238.781620      0.880  37.223003    11.4439    -1.6574      0.873    32.7911    24.9763 -9.990e-29
 238.781626      0.882  37.200297    11.4383    -1.6573      0.875    32.7738    24.9639 -9.990e-29
 238.781632      0.889  37.172910    11.4353    -1.6574      0.882    32.7496    24.9456 -9.990e-29
 238.781638      0.902  37.172720    11.4359    -1.6579      0.894    32.7488    24.9449 -9.990e-29
 238.781644      0.909  37.200603    11.4393    -1.6584      0.901    32.7732    24.9632 -9.990e-29
 238.781649      0.902  37.220307    11.4424    -1.6585      0.894    32.7897    24.9755 -9.990e-29
 238.781655      0.890  37.210464    11.4433    -1.6585      0.883    32.7793    24.9673 -9.990e-29
 238.781661      0.883  37.166929    11.4421    -1.6580      0.876    32.7377    24.9351 -9.990e-29
 238.781667      0.886  37.111825    11.4398     9.8724      0.879    32.6857    24.8952 -9.990e-29
 238.781672      0.896  37.082120    11.4378    12.9238      0.889    32.6584    24.8743 -9.990e-29
 238.781678      0.903  37.091469    11.4372    13.0561      0.895    32.6681    24.8819 -9.990e-29
 238.781684      0.904  37.123194    11.4379    10.6204      0.896    32.6985    24.9055 -9.990e-29
 238.781690      0.900  37.141125    11.4392     5.5678      0.892    32.7150    24.9180 -9.990e-29
 238.781696      0.894  37.128255    11.4398     5.5497      0.887    32.7018    24.9077 -9.990e-29
 238.781701      0.894  37.095462    11.4394     5.6920      0.887    32.6700    24.8830 -9.990e-29
 238.781707      0.905  37.064614    11.4386     5.7421      0.897    32.6405    24.8602 -9.990e-29
 238.781713      0.923  37.051207    11.4388     5.7592      0.915    32.6272    24.8498 -9.990e-29
 238.781719      0.940  37.053067    11.4402     5.7453      0.932    32.6278    24.8500 -9.990e-29
 238.781725      0.950  37.049698    11.4419     5.7337      0.942    32.6230    24.8460 -9.990e-29
 238.781730      0.949  37.029889    11.4430     5.7168      0.941    32.6026    24.8300 -9.990e-29
 238.781736      0.944  37.012639    11.4428     5.6991      0.936    32.5859    24.8170 -9.990e-29
 238.781742      0.945  37.005790    11.4414     5.6764      0.937    32.5804    24.8130 -9.990e-29
 238.781748      0.951  37.001339    11.4394     5.6635      0.943    32.5778    24.8113 -9.990e-29
 238.781753      0.963  36.997842    11.4380     5.6492      0.955    32.5756    24.8099 -9.990e-29
 238.781759      0.978  36.995689    11.4380     5.6388      0.970    32.5735    24.8082 -9.990e-29
 238.781765      0.991  36.995941    11.4388     5.6429      0.983    32.5730    24.8077 -9.990e-29
 238.781771      1.004  36.997819    11.4391     5.6487      0.996    32.5746    24.8089 -9.990e-29
 238.781777      1.013  36.998792    11.4386     5.6474      1.005    32.5760    24.8101 -9.990e-29
 238.781782      1.015  36.998483    11.4377     5.5998      1.007    32.5765    24.8106 -9.990e-29
 238.781788      1.009  36.997047    11.4361     5.6303      1.001    32.5765    24.8109 -9.990e-29
 238.781794      1.000  36.994261    11.4341     5.6347      0.992    32.5755    24.8105 -9.990e-29
 238.781800      0.996  36.991463    11.4324     5.6439      0.988    32.5743    24.8099 -9.990e-29
 238.781806      0.996  36.989975    11.4316     5.6586      0.988    32.5735    24.8094 -9.990e-29
 238.781811      0.992  36.989502    11.4322     5.6107      0.984    32.5725    24.8086 -9.990e-29
 238.781817      0.979  36.989980    11.4337     5.6459      0.971    32.5717    24.8076 -9.990e-29
 238.781823      0.961  36.991495    11.4348     5.6537      0.953    32.5722    24.8078 -9.990e-29
 238.781829      0.944  36.992712    11.4348     5.6430      0.936    32.5734    24.8088 -9.990e-29
 238.781834      0.938  36.992459    11.4337     5.6496      0.930    32.5741    24.8095 -9.990e-29
