data/oxygen options/ONMS/Olympic_Coast_National_Marine_Sanctuary_CTD_Data_2005_2023/raw_data/2021/CAST_CA042_210716faed.cnv
* Sea-Bird SBE 19 Data File:
* FileName = C:\2021 Mooring Data\Casts\CAST_CA042_210716.hex
* Software Version SeatermAF 2.1.2
* Temperature SN = 2997
* Conductivity SN = 2997
* System UpLoad Time = Jul 16 2021 20:59:05 (localtime) = Jul 16 2021 20:59:05 (UTC)
** CAST_CA042_210716
* ds
# nquan = 9                                 
# nvalues = 1139                        
# units = specified
# name 0 = timeJ: Julian Days
# name 1 = prSM: Pressure, Strain Gauge [db]
# name 2 = c0mS/cm: Conductivity [mS/cm]
# name 3 = t090C: Temperature [ITS-90, deg C]
# name 4 = sbeox0ML/L: Oxygen, SBE 43 [ml/l]
# name 5 = depSM: Depth [salt water, m], lat = 47.5
# name 6 = sal00: Salinity, Practical [PSU]
# name 7 = sigma-é00: Density [sigma-theta, kg/m^3]
# name 8 = flag: flag
# span 0 = 197.825995, 197.832581       
# span 1 =     -5.112,     41.486       
# span 2 =   0.285570,  36.910178       
# span 3 =     7.3798,    12.1419       
# span 4 =   -12.0985,    12.2940       
# span 5 =     -5.069,     41.136       
# span 6 =     0.1834,    33.4888       
# span 7 =    -0.3725,    26.1766       
# span 8 = 0.0000e+00, 0.0000e+00       
# interval = seconds: 0.5
# start_time = Jul 16 2021 19:49:26 [Instrument's time stamp, header]
# bad_flag = -9.990e-29
*END*
[from data line 161]
 197.826927     -1.795   0.288637    12.0442    -2.0055     -1.780     0.1850    -0.3609 -9.990e-29
 197.826933     -1.775   0.288634    12.0487    -2.0056     -1.760     0.1850    -0.3614 -9.990e-29
 197.826939     -1.757   0.288633    12.0517    -2.0059     -1.742     0.1850    -0.3618 -9.990e-29
 197.826944     -1.742   0.288633    12.0534    -2.0060     -1.727     0.1850    -0.3620 -9.990e-29
 197.826950     -1.731   0.288633    12.0548    -2.0060     -1.717     0.1850    -0.3621 -9.990e-29
 197.826956     -1.721   0.288634    12.0561    -2.0060     -1.707     0.1850    -0.3623 -9.990e-29
 197.826962     -1.713   0.288634    12.0574    -2.0059     -1.699     0.1850    -0.3625 -9.990e-29
 197.826968     -1.706   0.288635    12.0593    -2.0057     -1.692     0.1850    -0.3627 -9.990e-29
 197.826973     -1.699   0.288635    12.0616    -2.0056     -1.685     0.1850    -0.3629 -9.990e-29
 197.826979     -1.692   0.288635    12.0631    -2.0055     -1.678     0.1849    -0.3631 -9.990e-29
 197.826985     -1.686   0.288636    12.0622    -2.0053     -1.672     0.1849    -0.3630 -9.990e-29
 197.826991     -1.678   0.288636    12.0595    -2.0052     -1.664     0.1850    -0.3627 -9.990e-29
 197.826997     -1.669   0.288636    12.0573    -2.0052     -1.655     0.1850    -0.3624 -9.990e-29
 197.827002     -1.659   0.288637    12.0564    -2.0057     -1.645     0.1850    -0.3623 -9.990e-29
 197.827008     -1.646   0.288637    12.0572    -2.0060     -1.632     0.1850    -0.3624 -9.990e-29
 197.827014     -1.630   0.288637    12.0594    -2.0061     -1.616     0.1850    -0.3627 -9.990e-29
 197.827020     -1.614   0.288638    12.0621    -2.0062     -1.601     0.1850    -0.3630 -9.990e-29
 197.827025     -1.601   0.288640    12.0651    -2.0062     -1.588     0.1849    -0.3634 -9.990e-29
 197.827031     -1.591   0.288644    12.0678    -2.0060     -1.578     0.1849    -0.3637 -9.990e-29
 197.827037     -1.586   0.288657    12.0697    -2.0061     -1.573     0.1849    -0.3639 -9.990e-29
 197.827043     -1.587   0.288694    12.0702    -2.0061     -1.574     0.1849    -0.3639 -9.990e-29
 197.827049     -1.586   0.288804    12.0682    -2.0062     -1.573     0.1850    -0.3636 -9.990e-29
 197.827054     -1.578   0.289133    12.0636    -2.0065     -1.565     0.1853    -0.3629 -9.990e-29
 197.827060     -1.562   0.289564    12.0591    -2.0065     -1.549     0.1856    -0.3622 -9.990e-29
 197.827066     -1.542   0.289564    12.0562    -2.0064     -1.529     0.1856    -0.3618 -9.990e-29
 197.827072     -1.524   0.289133    12.0546    -2.0064     -1.511     0.1853    -0.3619 -9.990e-29
 197.827078     -1.513   0.288805    12.0542    -2.0063     -1.500     0.1851    -0.3620 -9.990e-29
 197.827083     -1.503   0.288696    12.0547    -2.0059     -1.490     0.1850    -0.3621 -9.990e-29
 197.827089     -1.489   0.288660    12.0547    -2.0056     -1.477     0.1850    -0.3621 -9.990e-29
 197.827095     -1.475   0.288648    12.0536    -2.0056     -1.463     0.1850    -0.3620 -9.990e-29
 197.827101     -1.464   0.288645    12.0513    -2.0054     -1.452     0.1850    -0.3617 -9.990e-29
 197.827106     -1.454   0.288644    12.0488    -2.0057     -1.442     0.1850    -0.3614 -9.990e-29
 197.827112     -1.447   0.288644    12.0480    -2.0059     -1.435     0.1850    -0.3613 -9.990e-29
 197.827118     -1.441   0.288644    12.0489    -2.0060     -1.429     0.1850    -0.3614 -9.990e-29
 197.827124     -1.435   0.288644    12.0505    -2.0059     -1.423     0.1850    -0.3616 -9.990e-29
 197.827130     -1.430   0.288645    12.0536    -2.0060     -1.418     0.1850    -0.3620 -9.990e-29
 197.827135     -1.425   0.288645    12.0585    -2.0062     -1.413     0.1850    -0.3626 -9.990e-29
 197.827141     -1.420   0.288645    12.0631    -2.0064     -1.408     0.1849    -0.3631 -9.990e-29
 197.827147     -1.415   0.288646    12.0659    -2.0066     -1.403     0.1849    -0.3635 -9.990e-29
 197.827153     -1.409   0.288646    12.0664    -2.0064     -1.397     0.1849    -0.3635 -9.990e-29
 197.827159     -1.401   0.288646    12.0645    -2.0065     -1.389     0.1849    -0.3633 -9.990e-29
 197.827164     -1.392   0.288647    12.0618    -2.0067     -1.380     0.1850    -0.3630 -9.990e-29
 197.827170     -1.380   0.288647    12.0599    -2.0070     -1.368     0.1850    -0.3627 -9.990e-29
 197.827176     -1.370   0.288647    12.0581    -2.0072     -1.359     0.1850    -0.3625 -9.990e-29
 197.827182     -1.365   0.288648    12.0557    -2.0072     -1.354     0.1850    -0.3622 -9.990e-29
 197.827188     -1.359   0.288648    12.0526    -2.0070     -1.348     0.1850    -0.3619 -9.990e-29
 197.827193     -1.350   0.288649    12.0496    -2.0069     -1.339     0.1850    -0.3615 -9.990e-29
 197.827199     -1.336   0.288649    12.0476    -2.0068     -1.325     0.1850    -0.3613 -9.990e-29
 197.827205     -1.320   0.288649    12.0464    -2.0068     -1.309     0.1850    -0.3611 -9.990e-29
 197.827211     -1.305   0.288650    12.0447    -2.0068     -1.294     0.1850    -0.3609 -9.990e-29
 197.827216     -1.288   0.288650    12.0419    -2.0071     -1.277     0.1851    -0.3606 -9.990e-29
 197.827222     -1.265   0.288650    12.0386    -2.0074     -1.254     0.1851    -0.3602 -9.990e-29
 197.827228     -1.246   0.288651    12.0362    -2.0077     -1.236     0.1851    -0.3599 -9.990e-29
 197.827234     -1.231   0.288651    12.0357    -2.0079     -1.221     0.1851    -0.3599 -9.990e-29
 197.827240     -1.221   0.288651    12.0369    -2.0078     -1.211     0.1851    -0.3600 -9.990e-29
 197.827245     -1.215   0.288652    12.0385    -2.0079     -1.205     0.1851    -0.3602 -9.990e-29
 197.827251     -1.213   0.288652    12.0396    -2.0079     -1.203     0.1851    -0.3603 -9.990e-29
 197.827257     -1.210   0.288652    12.0399    -2.0079     -1.200     0.1851    -0.3604 -9.990e-29
 197.827263     -1.201   0.288653    12.0384    -2.0077     -1.191     0.1851    -0.3602 -9.990e-29
 197.827269     -1.191   0.288653    12.0345    -2.0077     -1.181     0.1851    -0.3597 -9.990e-29
 197.827274     -1.183   0.288654    12.0291    -2.0076     -1.173     0.1851    -0.3591 -9.990e-29
 197.827280     -1.177   0.288654    12.0238    -2.0079     -1.167     0.1851    -0.3584 -9.990e-29
 197.827286     -1.171   0.288653    12.0203    -2.0078     -1.161     0.1852    -0.3580 -9.990e-29
 197.827292     -1.167   0.288650    12.0190    -2.0077     -1.157     0.1852    -0.3579 -9.990e-29
 197.827297     -1.163   0.288641    12.0186    -2.0075     -1.153     0.1852    -0.3578 -9.990e-29
 197.827303     -1.159   0.288612    12.0188    -2.0078     -1.149     0.1851    -0.3579 -9.990e-29
 197.827309     -1.155   0.288527    12.0196    -2.0079     -1.145     0.1851    -0.3580 -9.990e-29
 197.827315     -1.151   0.288269    12.0208    -2.0083     -1.141     0.1849    -0.3583 -9.990e-29
 197.827321     -1.146   0.288048    12.0216    -2.0081     -1.136     0.1847    -0.3585 -9.990e-29
 197.827326     -1.141   0.288123    12.0217    -2.0078     -1.131     0.1848    -0.3585 -9.990e-29
 197.827332     -1.134   0.288039    12.0214    -2.0076     -1.125     0.1847    -0.3585 -9.990e-29
 197.827338     -1.126   0.287686    12.0217    -2.0074     -1.117     0.1845    -0.3587 -9.990e-29
 197.827344     -1.120   0.287700    12.0227    -2.0074     -1.111     0.1845    -0.3588 -9.990e-29
 197.827350     -1.120   0.288099    12.0226    -2.0078     -1.111     0.1848    -0.3586 -9.990e-29
 197.827355     -1.122   0.288308    12.0203    -2.0081     -1.113     0.1849    -0.3582 -9.990e-29
 197.827361     -1.122   0.288050    12.0170    -2.0085     -1.113     0.1848    -0.3579 -9.990e-29
 197.827367     -1.119   0.287533    12.0151    -2.0086     -1.110     0.1844    -0.3580 -9.990e-29
 197.827373     -1.114   0.287176    12.0165    -2.0087     -1.105     0.1842    -0.3583 -9.990e-29
 197.827378     -1.105   0.287057    12.0202    -2.0086     -1.096     0.1841    -0.3588 -9.990e-29
 197.827384     -1.098   0.287018    12.0236    -2.0085     -1.089     0.1841    -0.3593 -9.990e-29
 197.827390     -1.095   0.287005    12.0253    -2.0084     -1.086     0.1840    -0.3595 -9.990e-29
 197.827396     -1.093   0.287001    12.0241    -2.0083     -1.084     0.1841    -0.3593 -9.990e-29
 197.827402     -1.086   0.286999    12.0197    -2.0085     -1.077     0.1841    -0.3588 -9.990e-29
 197.827407     -1.075   0.286999    12.0138    -2.0084     -1.066     0.1841    -0.3581 -9.990e-29
 197.827413     -1.058   0.286999    12.0084    -2.0086     -1.049     0.1841    -0.3575 -9.990e-29
 197.827419     -1.040   0.286999    12.0051    -2.0086     -1.031     0.1841    -0.3571 -9.990e-29
 197.827425     -1.022   0.286999    12.0043    -2.0089     -1.013     0.1841    -0.3570 -9.990e-29
 197.827431     -1.004   0.286999    12.0052    -2.0092     -0.996     0.1841    -0.3571 -9.990e-29
 197.827436     -0.989   0.286998    12.0065    -2.0097     -0.981     0.1841    -0.3572 -9.990e-29
 197.827442     -0.981   0.286998    12.0076    -2.0103     -0.973     0.1841    -0.3574 -9.990e-29
 197.827448     -0.974   0.286998    12.0079    -2.0105     -0.966     0.1841    -0.3574 -9.990e-29
 197.827454     -0.963   0.286997    12.0074    -2.0106     -0.955     0.1841    -0.3574 -9.990e-29
 197.827459     -0.953   0.286997    12.0061    -2.0107     -0.945     0.1841    -0.3572 -9.990e-29
 197.827465     -0.947   0.286997    12.0036    -2.0107     -0.939     0.1841    -0.3569 -9.990e-29
 197.827471     -0.945   0.286996    12.0001    -2.0108     -0.937     0.1842    -0.3565 -9.990e-29
 197.827477     -0.942   0.286996    11.9951    -2.0110     -0.934     0.1842    -0.3559 -9.990e-29
 197.827483     -0.934   0.286996    11.9883    -2.0110     -0.926     0.1842    -0.3551 -9.990e-29
 197.827488     -0.924   0.286995    11.9799    -2.0112     -0.916     0.1842    -0.3541 -9.990e-29
 197.827494     -0.916   0.286995    11.9715    -2.0112     -0.908     0.1843    -0.3531 -9.990e-29
 197.827500     -0.910   0.286995    11.9653    -2.0112     -0.902     0.1843    -0.3524 -9.990e-29
 197.827506     -0.905   0.286994    11.9616    -2.0112     -0.897     0.1843    -0.3519 -9.990e-29
 197.827512     -0.902   0.286994    11.9593    -2.0112     -0.894     0.1843    -0.3517 -9.990e-29
 197.827517     -0.899   0.286994    11.9574    -2.0111     -0.891     0.1844    -0.3514 -9.990e-29
 197.827523     -0.896   0.286993    11.9555    -2.0112     -0.889     0.1844    -0.3512 -9.990e-29
 197.827529     -0.894   0.286993    11.9533    -2.0112     -0.887     0.1844    -0.3510 -9.990e-29
 197.827535     -0.892   0.286992    11.9512    -2.0110     -0.885     0.1844    -0.3507 -9.990e-29
 197.827541     -0.891   0.286992    11.9494    -2.0110     -0.884     0.1844    -0.3505 -9.990e-29
 197.827546     -0.889   0.286992    11.9483    -2.0111     -0.882     0.1844    -0.3504 -9.990e-29
 197.827552     -0.888   0.286991    11.9480    -2.0113     -0.881     0.1844    -0.3503 -9.990e-29
 197.827558     -0.886   0.286991    11.9481    -2.0111     -0.879     0.1844    -0.3504 -9.990e-29
 197.827564     -0.884   0.286991    11.9482    -2.0111     -0.877     0.1844    -0.3504 -9.990e-29
 197.827569     -0.882   0.286990    11.9483    -2.0110     -0.875     0.1844    -0.3504 -9.990e-29
 197.827575     -0.879   0.286990    11.9483    -2.0111     -0.872     0.1844    -0.3504 -9.990e-29
 197.827581     -0.875   0.286990    11.9488    -2.0107     -0.868     0.1844    -0.3504 -9.990e-29
 197.827587     -0.870   0.286989    11.9498    -2.0106     -0.863     0.1844    -0.3506 -9.990e-29
 197.827593     -0.864   0.286987    11.9501    -2.0104     -0.857     0.1844    -0.3506 -9.990e-29
 197.827598     -0.857   0.286982    11.9495    -2.0103     -0.850     0.1844    -0.3505 -9.990e-29
 197.827604     -0.843   0.286968    11.9492    -2.0103     -0.836     0.1844    -0.3505 -9.990e-29
 197.827610     -0.822   0.286927    11.9499    -2.0102     -0.815     0.1843    -0.3506 -9.990e-29
 197.827616     -0.800   0.286805    11.9513    -2.0101     -0.793     0.1843    -0.3508 -9.990e-29
 197.827622     -0.782   0.286440    11.9527    -2.0100     -0.775     0.1840    -0.3512 -9.990e-29
 197.827627     -0.770   0.285899    11.9549    -2.0098     -0.764     0.1836    -0.3517 -9.990e-29
 197.827633     -0.762   0.285570    11.9586    -2.0096     -0.756     0.1834    -0.3523 -9.990e-29
 197.827639     -0.751   0.285570    11.9625    -2.0095     -0.745     0.1834    -0.3528 -9.990e-29
 197.827645     -0.736   0.285898    11.9657    -2.0092     -0.730     0.1836    -0.3530 -9.990e-29
 197.827650     -0.723   0.286438    11.9680    -2.0091     -0.717     0.1839    -0.3530 -9.990e-29
 197.827656     -0.717   0.286803    11.9694    -2.0090     -0.711     0.1842    -0.3530 -9.990e-29
 197.827662     -0.717   0.286925    11.9709    -2.0089     -0.711     0.1842    -0.3531 -9.990e-29
 197.827668     -0.718   0.286965    11.9732    -2.0088     -0.712     0.1843    -0.3533 -9.990e-29
 197.827674     -0.718   0.286978    11.9761    -2.0086     -0.712     0.1843    -0.3537 -9.990e-29
 197.827679     -0.719   0.286982    11.9792    -2.0086     -0.713     0.1842    -0.3540 -9.990e-29
 197.827685     -0.722   0.286983    11.9825    -2.0083     -0.716     0.1842    -0.3544 -9.990e-29
 197.827691     -0.719   0.286983    11.9863    -2.0083     -0.713     0.1842    -0.3549 -9.990e-29
 197.827697     -0.709   0.286983    11.9904    -2.0078     -0.703     0.1842    -0.3553 -9.990e-29
 197.827703     -0.700   0.286982    11.9938    -2.0077     -0.694     0.1842    -0.3557 -9.990e-29
 197.827708     -0.693   0.286982    11.9967    -2.0076     -0.687     0.1842    -0.3561 -9.990e-29
 197.827714     -0.681   0.286982    11.9993    -2.0075     -0.675     0.1842    -0.3564 -9.990e-29
 197.827720     -0.669   0.286981    12.0020    -2.0072     -0.663     0.1841    -0.3567 -9.990e-29
 197.827726     -0.660   0.286981    12.0048    -2.0069     -0.654     0.1841    -0.3570 -9.990e-29
 197.827731     -0.653   0.286982    12.0079    -2.0067     -0.648     0.1841    -0.3574 -9.990e-29
 197.827737     -0.648   0.286983    12.0117    -2.0066     -0.643     0.1841    -0.3579 -9.990e-29
 197.827743     -0.645   0.286987    12.0158    -2.0063     -0.640     0.1841    -0.3583 -9.990e-29
 197.827749     -0.644   0.287000    12.0202    -2.0063     -0.639     0.1841    -0.3589 -9.990e-29
 197.827755     -0.644   0.287041    12.0240    -2.0058     -0.639     0.1841    -0.3593 -9.990e-29
 197.827760     -0.641   0.287164    12.0273    -2.0054     -0.636     0.1841    -0.3596 -9.990e-29
 197.827766     -0.631   0.287533    12.0314    -2.0055     -0.626     0.1844    -0.3599 -9.990e-29
 197.827772     -0.617   0.288086    12.0364    -2.0053     -0.612     0.1847    -0.3602 -9.990e-29
 197.827778     -0.604   0.288455    12.0415    -2.0050     -0.599     0.1849    -0.3606 -9.990e-29
 197.827784     -0.589   0.288578    12.0459    -2.0047     -0.584     0.1850    -0.3611 -9.990e-29
 197.827789     -0.571   0.288619    12.0503    -2.0044     -0.566     0.1850    -0.3616 -9.990e-29
 197.827795     -0.555   0.288633    12.0550    -2.0041     -0.550     0.1850    -0.3622 -9.990e-29
 197.827801     -0.544   0.288637    12.0601    -2.0040     -0.539     0.1850    -0.3628 -9.990e-29
 197.827807     -0.536   0.288638    12.0661    -2.0038     -0.532     0.1849    -0.3635 -9.990e-29
 197.827812     -0.531   0.288638    12.0719    -2.0038     -0.527     0.1849    -0.3642 -9.990e-29
 197.827818     -0.525   0.288638    12.0760    -2.0037     -0.521     0.1849    -0.3647 -9.990e-29
 197.827824     -0.521   0.288638    12.0795    -2.0037     -0.517     0.1849    -0.3651 -9.990e-29
 197.827830     -0.528   0.288637    12.0840    -2.0035     -0.524     0.1848    -0.3656 -9.990e-29
 197.827836     -0.538   0.288637    12.0897    -2.0035     -0.534     0.1848    -0.3663 -9.990e-29
 197.827841     -0.542   0.288637    12.0959    -2.0036     -0.537     0.1848    -0.3670 -9.990e-29
