data/oxygen options/ONMS/Olympic_Coast_National_Marine_Sanctuary_CTD_Data_2005_2023/raw_data/2021/CAST_CA015_210828faed.cnv
* Sea-Bird SBE 19 Data File:
* FileName = C:\2021 Mooring Data\Casts\CAST_CA015_210828.hex
* Software Version SeatermAF 2.1.2
* Temperature SN = 2997
* Conductivity SN = 2997
* System UpLoad Time = Aug 28 2021 00:59:23 (localtime) = Aug 28 2021 00:59:23 (UTC)
** CAST_CA015_210828
* ds
# nquan = 9                                 
# nvalues = 8110                        
# units = specified
# name 0 = timeJ: Julian Days
# name 1 = prSM: Pressure, Strain Gauge [db]
# name 2 = c0mS/cm: Conductivity [mS/cm]
# name 3 = t090C: Temperature [ITS-90, deg C]
# name 4 = sbeox0ML/L: Oxygen, SBE 43 [ml/l]
# name 5 = depSM: Depth [salt water, m], lat = 47.5
# name 6 = sal00: Salinity, Practical [PSU]
# name 7 = sigma-é00: Density [sigma-theta, kg/m^3]
# name 8 = flag: flag
# span 0 = 239.993819, 240.040747       
# span 1 =     -4.884,     18.187       
# span 2 =   0.299802,  37.767505       
# span 3 =    10.2320,    15.1967       
# span 4 =   -11.4848,    13.8633       
# span 5 =     -4.843,     18.034       
# span 6 =     0.1820,    33.1712       
# span 7 =    -0.7758,    25.3248       
# span 8 = 0.0000e+00, 0.0000e+00       
# interval = seconds: 0.5
# start_time = Aug 27 2021 23:51:06 [Instrument's time stamp, header]
# bad_flag = -9.990e-29
*END*
[from data line 3521]
 240.014196      1.163   0.359732    13.4497    -1.9450      1.153     0.2239    -0.5049 -9.990e-29
 240.014201      1.160   0.359361    13.4489    -1.9451      1.150     0.2236    -0.5050 -9.990e-29
 240.014207      1.159   0.358807    13.4475    -1.9451      1.149     0.2233    -0.5051 -9.990e-29
 240.014213      1.160   0.358437    13.4446    -1.9453      1.150     0.2231    -0.5049 -9.990e-29
 240.014219      1.163   0.358313    13.4414    -1.9454      1.153     0.2230    -0.5045 -9.990e-29
 240.014225      1.168   0.358272    13.4404    -1.9453      1.158     0.2230    -0.5044 -9.990e-29
 240.014230      1.175   0.358258    13.4413    -1.9452      1.165     0.2230    -0.5045 -9.990e-29
 240.014236      1.181   0.358253    13.4406    -1.9454      1.171     0.2230    -0.5044 -9.990e-29
 240.014242      1.182   0.358250    13.4371    -1.9454      1.172     0.2230    -0.5039 -9.990e-29
 240.014248      1.177   0.358248    13.4329    -1.9456      1.167     0.2230    -0.5034 -9.990e-29
 240.014253      1.172   0.358242    13.4300    -1.9456      1.162     0.2230    -0.5030 -9.990e-29
 240.014259      1.169   0.358228    13.4279    -1.9457      1.159     0.2230    -0.5027 -9.990e-29
 240.014265      1.168   0.358187    13.4256    -1.9457      1.158     0.2230    -0.5024 -9.990e-29
 240.014271      1.170   0.358064    13.4242    -1.9457      1.160     0.2229    -0.5023 -9.990e-29
 240.014277      1.175   0.357694    13.4245    -1.9455      1.165     0.2227    -0.5025 -9.990e-29
 240.014282      1.182   0.357140    13.4247    -1.9457      1.172     0.2223    -0.5028 -9.990e-29
 240.014288      1.189   0.356770    13.4235    -1.9460      1.179     0.2221    -0.5028 -9.990e-29
 240.014294      1.191   0.356646    13.4216    -1.9460      1.181     0.2221    -0.5026 -9.990e-29
 240.014300      1.192   0.356604    13.4199    -1.9460      1.182     0.2220    -0.5024 -9.990e-29
 240.014306      1.197   0.356590    13.4186    -1.9459      1.187     0.2220    -0.5022 -9.990e-29
 240.014311      1.203   0.356585    13.4174    -1.9459      1.193     0.2220    -0.5021 -9.990e-29
 240.014317      1.204   0.356583    13.4169    -1.9458      1.194     0.2220    -0.5020 -9.990e-29
 240.014323      1.202   0.356579    13.4173    -1.9458      1.192     0.2220    -0.5021 -9.990e-29
 240.014329      1.196   0.356570    13.4169    -1.9459      1.186     0.2220    -0.5020 -9.990e-29
 240.014334      1.185   0.356545    13.4143    -1.9459      1.175     0.2220    -0.5017 -9.990e-29
 240.014340      1.174   0.356471    13.4112    -1.9460      1.164     0.2220    -0.5013 -9.990e-29
 240.014346      1.169   0.356251    13.4095    -1.9457      1.159     0.2219    -0.5012 -9.990e-29
 240.014352      1.172   0.356144    13.4095    -1.9459      1.162     0.2218    -0.5012 -9.990e-29
 240.014358      1.177   0.356562    13.4106    -1.9460      1.167     0.2221    -0.5012 -9.990e-29
 240.014363      1.185   0.356957    13.4120    -1.9462      1.175     0.2223    -0.5012 -9.990e-29
 240.014369      1.193   0.356746    13.4130    -1.9460      1.183     0.2222    -0.5014 -9.990e-29
 240.014375      1.196   0.356203    13.4130    -1.9455      1.186     0.2218    -0.5017 -9.990e-29
 240.014381      1.194   0.355714    13.4119    -1.9449      1.184     0.2215    -0.5018 -9.990e-29
 240.014387      1.189   0.355734    13.4111    -1.9443      1.179     0.2215    -0.5016 -9.990e-29
 240.014392      1.182   0.356292    13.4112    -1.9437      1.172     0.2219    -0.5014 -9.990e-29
 240.014398      1.179   0.357023    13.4114    -1.9432      1.169     0.2223    -0.5010 -9.990e-29
 240.014404      1.180   0.357793    13.4107    -1.9432      1.170     0.2228    -0.5006 -9.990e-29
 240.014410      1.183   0.358522    13.4096    -1.9435      1.173     0.2233    -0.5000 -9.990e-29
 240.014416      1.190   0.359074    13.4101    -1.9437      1.180     0.2237    -0.4998 -9.990e-29
 240.014421      1.201   0.359078    13.4147    -1.9440      1.191     0.2236    -0.5005 -9.990e-29
 240.014427      1.212   0.358539    13.4239    -1.9437      1.202     0.2232    -0.5020 -9.990e-29
 240.014433      1.219   0.357847    13.4360    -1.9434      1.209     0.2227    -0.5040 -9.990e-29
 240.014439      1.224   0.357187    13.4487    -1.9436      1.214     0.2222    -0.5061 -9.990e-29
 240.014444      1.226   0.356790    13.4599    -1.9437      1.216     0.2219    -0.5078 -9.990e-29
 240.014450      1.226   0.356682    13.4673    -1.9438      1.216     0.2218    -0.5089 -9.990e-29
 240.014456      1.224   0.356719    13.4694    -1.9440      1.214     0.2218    -0.5091 -9.990e-29
 240.014462      1.219   0.356950    13.4669    -1.9443      1.209     0.2220    -0.5087 -9.990e-29
 240.014468      1.211   0.357128    13.4629    -1.9445      1.201     0.2221    -0.5080 -9.990e-29
 240.014473      1.204   0.356940    13.4611    -1.9445      1.194     0.2220    -0.5079 -9.990e-29
 240.014479      1.201   0.356689    13.4629    -1.9445      1.191     0.2219    -0.5083 -9.990e-29
 240.014485      1.204   0.356593    13.4654    -1.9443      1.194     0.2218    -0.5086 -9.990e-29
 240.014491      1.210   0.356525    13.4652    -1.9445      1.200     0.2217    -0.5086 -9.990e-29
 240.014497      1.218   0.356395    13.4628    -1.9446      1.208     0.2217    -0.5084 -9.990e-29
 240.014502      1.223   0.356032    13.4596    -1.9442      1.213     0.2215    -0.5081 -9.990e-29
 240.014508      1.225   0.355504    13.4557    -1.9442      1.215     0.2211    -0.5079 -9.990e-29
 240.014514      1.225   0.355216    13.4512    -1.9441      1.215     0.2210    -0.5074 -9.990e-29
 240.014520      1.223   0.355338    13.4475    -1.9440      1.213     0.2211    -0.5068 -9.990e-29
 240.014525      1.217   0.355481    13.4456    -1.9440      1.207     0.2212    -0.5065 -9.990e-29
 240.014531      1.213   0.355282    13.4455    -1.9441      1.203     0.2211    -0.5066 -9.990e-29
 240.014537      1.215   0.355029    13.4457    -1.9441      1.205     0.2209    -0.5067 -9.990e-29
 240.014543      1.217   0.354941    13.4453    -1.9438      1.207     0.2208    -0.5067 -9.990e-29
 240.014549      1.217   0.354899    13.4459    -1.9440      1.207     0.2208    -0.5068 -9.990e-29
 240.014554      1.214   0.354848    13.4482    -1.9443      1.204     0.2208    -0.5071 -9.990e-29
 240.014560      1.212   0.354722    13.4509    -1.9445      1.202     0.2207    -0.5076 -9.990e-29
 240.014566      1.215   0.354351    13.4534    -1.9445      1.205     0.2204    -0.5081 -9.990e-29
 240.014572      1.219   0.353796    13.4553    -1.9439      1.209     0.2201    -0.5086 -9.990e-29
 240.014578      1.220   0.353426    13.4558    -1.9436      1.210     0.2198    -0.5089 -9.990e-29
 240.014583      1.219   0.353302    13.4556    -1.9436      1.209     0.2197    -0.5089 -9.990e-29
 240.014589      1.215   0.353261    13.4562    -1.9439      1.205     0.2197    -0.5090 -9.990e-29
 240.014595      1.207   0.353247    13.4566    -1.9440      1.197     0.2197    -0.5091 -9.990e-29
 240.014601      1.200   0.353242    13.4545    -1.9441      1.190     0.2197    -0.5088 -9.990e-29
 240.014606      1.198   0.353239    13.4510    -1.9442      1.188     0.2197    -0.5083 -9.990e-29
 240.014612      1.200   0.353237    13.4490    -1.9439      1.190     0.2197    -0.5081 -9.990e-29
 240.014618      1.206   0.353231    13.4511    -1.9435      1.196     0.2197    -0.5083 -9.990e-29
 240.014624      1.214   0.353217    13.4566    -1.9432      1.204     0.2197    -0.5091 -9.990e-29
 240.014630      1.218   0.353176    13.4614    -1.9429      1.208     0.2196    -0.5098 -9.990e-29
 240.014635      1.219   0.353052    13.4623    -1.9424      1.209     0.2195    -0.5100 -9.990e-29
 240.014641      1.217   0.352682    13.4599    -1.9424      1.207     0.2193    -0.5098 -9.990e-29
 240.014647      1.212   0.352127    13.4572    -1.9426      1.202     0.2190    -0.5097 -9.990e-29
 240.014653      1.208   0.351755    13.4559    -1.9429      1.198     0.2187    -0.5097 -9.990e-29
 240.014659      1.209   0.351625    13.4567    -1.9431      1.199     0.2187    -0.5099 -9.990e-29
 240.014664      1.210   0.351564    13.4607    -1.9430      1.200     0.2186    -0.5105 -9.990e-29
 240.014670      1.209   0.351491    13.4674    -1.9431      1.199     0.2185    -0.5114 -9.990e-29
 240.014676      1.208   0.351308    13.4752    -1.9432      1.198     0.2184    -0.5126 -9.990e-29
 240.014682      1.212   0.350957    13.4830    -1.9430      1.202     0.2181    -0.5139 -9.990e-29
 240.014688      1.217   0.350525    13.4890    -1.9428      1.207     0.2178    -0.5149 -9.990e-29
 240.014693      1.218   0.350175    13.4906    -1.9427      1.208     0.2176    -0.5153 -9.990e-29
 240.014699      1.217   0.349997    13.4879    -1.9425      1.207     0.2175    -0.5150 -9.990e-29
 240.014705      1.218   0.349937    13.4839    -1.9422      1.208     0.2174    -0.5145 -9.990e-29
 240.014711      1.224   0.349916    13.4808    -1.9421      1.214     0.2174    -0.5141 -9.990e-29
 240.014716      1.231   0.349907    13.4793    -1.9421      1.221     0.2174    -0.5139 -9.990e-29
 240.014722      1.237   0.349900    13.4785    -1.9422      1.227     0.2174    -0.5138 -9.990e-29
 240.014728      1.241   0.349888    13.4788    -1.9425      1.231     0.2174    -0.5138 -9.990e-29
 240.014734      1.243   0.349855    13.4810    -1.9427      1.233     0.2174    -0.5141 -9.990e-29
 240.014740      1.245   0.349759    13.4843    -1.9431      1.235     0.2173    -0.5146 -9.990e-29
 240.014745      1.245   0.349471    13.4881    -1.9432      1.235     0.2171    -0.5153 -9.990e-29
 240.014751      1.243   0.349162    13.4925    -1.9432      1.233     0.2169    -0.5160 -9.990e-29
 240.014757      1.241   0.348977    13.4970    -1.9432      1.231     0.2168    -0.5168 -9.990e-29
 240.014763      1.236   0.348668    13.4997    -1.9434      1.226     0.2166    -0.5173 -9.990e-29
 240.014769      1.231   0.348380    13.4996    -1.9435      1.221     0.2164    -0.5174 -9.990e-29
 240.014774      1.223   0.348284    13.4966    -1.9437      1.213     0.2163    -0.5170 -9.990e-29
 240.014780      1.212   0.348251    13.4914    -1.9439      1.202     0.2163    -0.5163 -9.990e-29
 240.014786      1.203   0.348238    13.4858    -1.9442      1.193     0.2164    -0.5156 -9.990e-29
 240.014792      1.202   0.348229    13.4811    -1.9442      1.192     0.2164    -0.5149 -9.990e-29
 240.014797      1.210   0.348214    13.4780    -1.9440      1.200     0.2164    -0.5145 -9.990e-29
 240.014803      1.219   0.348173    13.4764    -1.9440      1.209     0.2164    -0.5143 -9.990e-29
 240.014809      1.225   0.348053    13.4747    -1.9444      1.215     0.2163    -0.5141 -9.990e-29
 240.014815      1.229   0.347697    13.4719    -1.9448      1.219     0.2161    -0.5139 -9.990e-29
 240.014821      1.230   0.347183    13.4682    -1.9446      1.220     0.2158    -0.5137 -9.990e-29
 240.014826      1.229   0.346936    13.4636    -1.9445      1.219     0.2156    -0.5132 -9.990e-29
 240.014832      1.226   0.347182    13.4588    -1.9443      1.216     0.2158    -0.5124 -9.990e-29
 240.014838      1.224   0.347694    13.4552    -1.9441      1.214     0.2162    -0.5117 -9.990e-29
 240.014844      1.229   0.348049    13.4543    -1.9438      1.219     0.2164    -0.5114 -9.990e-29
 240.014850      1.236   0.348166    13.4548    -1.9436      1.226     0.2165    -0.5114 -9.990e-29
 240.014855      1.241   0.348203    13.4532    -1.9434      1.231     0.2165    -0.5111 -9.990e-29
 240.014861      1.244   0.348211    13.4489    -1.9429      1.234     0.2165    -0.5105 -9.990e-29
 240.014867      1.247   0.348201    13.4454    -1.9425      1.237     0.2165    -0.5101 -9.990e-29
 240.014873      1.248   0.348162    13.4453    -1.9420      1.238     0.2165    -0.5101 -9.990e-29
 240.014878      1.248   0.348040    13.4479    -1.9417      1.238     0.2164    -0.5105 -9.990e-29
 240.014884      1.247   0.347673    13.4516    -1.9414      1.237     0.2162    -0.5112 -9.990e-29
 240.014890      1.245   0.347127    13.4561    -1.9412      1.235     0.2158    -0.5121 -9.990e-29
 240.014896      1.242   0.346784    13.4613    -1.9410      1.232     0.2156    -0.5129 -9.990e-29
 240.014902      1.238   0.346742    13.4672    -1.9409      1.228     0.2155    -0.5138 -9.990e-29
 240.014907      1.236   0.346946    13.4746    -1.9408      1.226     0.2156    -0.5147 -9.990e-29
 240.014913      1.241   0.347117    13.4835    -1.9406      1.231     0.2156    -0.5158 -9.990e-29
 240.014919      1.249   0.346927    13.4931    -1.9405      1.239     0.2155    -0.5172 -9.990e-29
 240.014925      1.256   0.346678    13.5025    -1.9405      1.246     0.2153    -0.5186 -9.990e-29
 240.014931      1.262   0.346595    13.5106    -1.9403      1.251     0.2152    -0.5198 -9.990e-29
 240.014936      1.268   0.346566    13.5173    -1.9401      1.257     0.2151    -0.5207 -9.990e-29
 240.014942      1.275   0.346556    13.5228    -1.9394      1.264     0.2151    -0.5215 -9.990e-29
 240.014948      1.278   0.346552    13.5269    -1.9390      1.267     0.2151    -0.5221 -9.990e-29
 240.014954      1.273   0.346549    13.5301    -1.9390      1.262     0.2150    -0.5225 -9.990e-29
 240.014959      1.264   0.346544    13.5333    -1.9388      1.253     0.2150    -0.5230 -9.990e-29
 240.014965      1.256   0.346531    13.5364    -1.9384      1.246     0.2150    -0.5234 -9.990e-29
 240.014971      1.247   0.346493    13.5388    -1.9387      1.237     0.2150    -0.5237 -9.990e-29
 240.014977      1.237   0.346383    13.5415    -1.9385      1.227     0.2149    -0.5242 -9.990e-29
 240.014983      1.225   0.346054    13.5458    -1.9385      1.215     0.2146    -0.5249 -9.990e-29
 240.014988      1.216   0.345622    13.5529    -1.9385      1.206     0.2143    -0.5261 -9.990e-29
 240.014994      1.211   0.345621    13.5622    -1.9382      1.201     0.2143    -0.5274 -9.990e-29
 240.015000      1.212   0.346051    13.5702    -1.9380      1.202     0.2145    -0.5283 -9.990e-29
 240.015006      1.218   0.346377    13.5755    -1.9381      1.208     0.2147    -0.5289 -9.990e-29
 240.015012      1.225   0.346482    13.5798    -1.9381      1.215     0.2147    -0.5294 -9.990e-29
 240.015017      1.230   0.346504    13.5829    -1.9380      1.220     0.2147    -0.5298 -9.990e-29
 240.015023      1.233   0.346475    13.5841    -1.9383      1.223     0.2147    -0.5300 -9.990e-29
 240.015029      1.234   0.346355    13.5851    -1.9385      1.224     0.2146    -0.5302 -9.990e-29
 240.015035      1.233   0.345987    13.5868    -1.9384      1.223     0.2144    -0.5306 -9.990e-29
 240.015041      1.230   0.345434    13.5892    -1.9380      1.220     0.2140    -0.5312 -9.990e-29
 240.015046      1.225   0.345068    13.5922    -1.9378      1.215     0.2138    -0.5318 -9.990e-29
 240.015052      1.218   0.344956    13.5942    -1.9377      1.208     0.2137    -0.5322 -9.990e-29
 240.015058      1.212   0.344950    13.5948    -1.9375      1.202     0.2137    -0.5322 -9.990e-29
 240.015064      1.215   0.345045    13.5952    -1.9376      1.205     0.2137    -0.5323 -9.990e-29
 240.015069      1.228   0.345368    13.5948    -1.9377      1.218     0.2140    -0.5320 -9.990e-29
 240.015075      1.243   0.345797    13.5928    -1.9375      1.233     0.2142    -0.5315 -9.990e-29
 240.015081      1.253   0.345796    13.5912    -1.9374      1.243     0.2142    -0.5313 -9.990e-29
 240.015087      1.253   0.345364    13.5929    -1.9373      1.243     0.2140    -0.5318 -9.990e-29
 240.015093      1.253   0.345035    13.5977    -1.9370      1.243     0.2137    -0.5326 -9.990e-29
 240.015098      1.260   0.344925    13.6024    -1.9368      1.249     0.2136    -0.5333 -9.990e-29
 240.015104      1.271   0.344889    13.6057    -1.9365      1.260     0.2136    -0.5338 -9.990e-29
 240.015110      1.278   0.344881    13.6074    -1.9361      1.267     0.2136    -0.5340 -9.990e-29
