data/oxygen options/ONMS/Olympic_Coast_National_Marine_Sanctuary_CTD_Data_2005_2023/raw_data/2021/CAST_TH042_210608faed.cnv
* Sea-Bird SBE19 Data File:
* FileName = C:\2021 Mooring Data\CTD\CAST_TH042_210608.hex
* Software Version 1.59
* Temperature SN = 2997
* Conductivity SN = 2997
* System UpLoad Time = Jun 08 2021 22:05:31
** CAST_TH042_210608
* ds
# nquan = 9                                 
# nvalues = 1039                        
# units = specified
# name 0 = timeJ: Julian Days
# name 1 = prSM: Pressure, Strain Gauge [db]
# name 2 = c0mS/cm: Conductivity [mS/cm]
# name 3 = t090C: Temperature [ITS-90, deg C]
# name 4 = sbeox0ML/L: Oxygen, SBE 43 [ml/l]
# name 5 = depSM: Depth [salt water, m], lat = 47.5
# name 6 = sal00: Salinity, Practical [PSU]
# name 7 = sigma-é00: Density [sigma-theta, kg/m^3]
# name 8 = flag: flag
# span 0 = 159.911227, 159.917234       
# span 1 =     -5.168,     43.398       
# span 2 =   0.221598,  38.353813       
# span 3 =     7.4846,    15.2793       
# span 4 =    -1.9116,    16.7672       
# span 5 =     -5.125,     43.031       
# span 6 =     0.1315,    33.6844       
# span 7 =    -0.8391,    26.3151       
# span 8 = 0.0000e+00, 0.0000e+00       
# interval = seconds: 0.5
# start_time = Jun 08 2021 21:52:10 [Instrument's time stamp, header]
# bad_flag = -9.990e-29
*END*
[from data line 801]
 159.915862     13.631  36.605473    10.9626     8.1784     13.517    32.6045    24.9174 0.0000e+00
 159.915868     13.898  36.603462    10.9589     8.1072     13.782    32.6057    24.9190 0.0000e+00
 159.915874     14.164  36.601641    10.9543     8.0276     14.045    32.6078    24.9215 0.0000e+00
 159.915880     14.428  36.599211    10.9476     7.8971     14.307    32.6113    24.9254 0.0000e+00
 159.915885     14.691  36.594560    10.9373     7.7209     14.568    32.6157    24.9307 0.0000e+00
 159.915891     14.951  36.587600    10.9244     7.5284     14.826    32.6202    24.9364 0.0000e+00
 159.915897     15.209  36.580207    10.9097     7.3418     15.082    32.6258    24.9434 0.0000e+00
 159.915903     15.464  36.572000    10.8830     7.2259     15.334    32.6413    24.9602 0.0000e+00
 159.915909     15.718  36.554782    10.8287     7.1483     15.586    32.6725    24.9940 0.0000e+00
 159.915914     15.980  36.523479    10.7523     7.1077     15.846    32.7096    25.0361 0.0000e+00
 159.915920     16.253  36.485068    10.6760     7.0750     16.117    32.7395    25.0727 0.0000e+00
 159.915926     16.533  36.444322    10.6127     7.0224     16.394    32.7554    25.0961 0.0000e+00
 159.915932     16.813  36.407384    10.5658     6.9476     16.672    32.7605    25.1081 0.0000e+00
 159.915938     17.088  36.381548    10.5325     6.8163     16.945    32.7645    25.1169 0.0000e+00
 159.915943     17.360  36.360888    10.5039     6.6307     17.214    32.7694    25.1257 0.0000e+00
 159.915949     17.628  36.337978    10.4733     6.4370     17.480    32.7738    25.1344 0.0000e+00
 159.915955     17.893  36.314723    10.4399     6.2629     17.743    32.7805    25.1453 0.0000e+00
 159.915961     18.157  36.292009    10.3975     6.1644     18.005    32.7958    25.1645 0.0000e+00
 159.915966     18.430  36.262474    10.3299     6.1193     18.275    32.8270    25.2003 0.0000e+00
 159.915972     18.717  36.217511    10.2353     6.1138     18.560    32.8672    25.2477 0.0000e+00
 159.915978     19.013  36.159887    10.1390     6.1171     18.853    32.8962    25.2866 0.0000e+00
 159.915984     19.312  36.101267    10.0676     6.0890     19.150    32.9016    25.3028 0.0000e+00
 159.915990     19.607  36.054781    10.0293     6.1077     19.442    32.8892    25.2995 0.0000e+00
 159.915995     19.892  36.030678    10.0133     6.1075     19.725    32.8792    25.2944 0.0000e+00
 159.916001     20.163  36.023098    10.0039     6.1070     19.994    32.8800    25.2966 0.0000e+00
 159.916007     20.424  36.018515     9.9930     6.1115     20.253    32.8851    25.3024 0.0000e+00
 159.916013     20.684  36.011326     9.9762     6.0428     20.510    32.8930    25.3114 0.0000e+00
 159.916019     20.951  35.995819     9.9529     6.0664     20.775    32.8984    25.3194 0.0000e+00
 159.916024     21.228  35.972002     9.9298     6.0608     21.050    32.8951    25.3207 0.0000e+00
 159.916030     21.512  35.951784     9.9134     6.0263     21.331    32.8893    25.3190 0.0000e+00
 159.916036     21.800  35.938977     9.9032     5.9716     21.617    32.8855    25.3176 0.0000e+00
 159.916042     22.093  35.929898     9.8939     5.8432     21.907    32.8846    25.3185 0.0000e+00
 159.916047     22.392  35.921354     9.8801     5.7180     22.204    32.8884    25.3237 0.0000e+00
 159.916053     22.699  35.908066     9.8600     5.5815     22.508    32.8930    25.3307 0.0000e+00
 159.916059     23.016  35.888520     9.8326     5.4710     22.823    32.8980    25.3391 0.0000e+00
 159.916065     23.343  35.862382     9.7922     5.3453     23.147    32.9081    25.3536 0.0000e+00
 159.916071     23.670  35.823890     9.7349     5.2313     23.471    32.9211    25.3732 0.0000e+00
 159.916076     23.984  35.774349     9.6700     5.1486     23.782    32.9297    25.3906 0.0000e+00
 159.916082     24.275  35.728914     9.6103     5.0863     24.071    32.9378    25.4066 0.0000e+00
 159.916088     24.544  35.690275     9.5563     5.0479     24.338    32.9476    25.4231 0.0000e+00
 159.916094     24.799  35.648883     9.5056     5.0003     24.591    32.9516    25.4344 0.0000e+00
 159.916100     25.045  35.606095     9.4649     4.8804     24.834    32.9449    25.4358 0.0000e+00
 159.916105     25.279  35.577098     9.4383     4.7174     25.066    32.9394    25.4358 0.0000e+00
 159.916111     25.504  35.568006     9.4182     4.4976     25.290    32.9485    25.4461 0.0000e+00
 159.916117     25.725  35.558241     9.3923     4.2521     25.509    32.9622    25.4609 0.0000e+00
 159.916123     25.952  35.531393     9.3348     4.0308     25.734    32.9874    25.4899 0.0000e+00
 159.916128     26.199  35.474062     9.2171     3.8403     25.979    33.0369    25.5473 0.0000e+00
 159.916134     26.471  35.382080     9.0487     3.6969     26.248    33.0976    25.6215 0.0000e+00
 159.916140     26.757  35.272332     8.8634     3.5940     26.532    33.1559    25.6961 0.0000e+00
 159.916146     27.050  35.157061     8.6977     3.5267     26.822    33.1903    25.7486 0.0000e+00
 159.916152     27.344  35.064106     8.5760     3.4812     27.114    33.2068    25.7801 0.0000e+00
 159.916157     27.636  35.005104     8.4819     3.4269     27.404    33.2331    25.8151 0.0000e+00
 159.916163     27.928  34.950105     8.3932     3.3858     27.693    33.2586    25.8484 0.0000e+00
 159.916169     28.219  34.891317     8.3158     3.3393     27.982    33.2695    25.8686 0.0000e+00
 159.916175     28.513  34.845040     8.2559     3.3215     28.273    33.2770    25.8834 0.0000e+00
 159.916181     28.811  34.811192     8.2053     3.2972     28.569    33.2889    25.9003 0.0000e+00
 159.916186     29.114  34.777123     8.1551     3.2775     28.869    33.3002    25.9166 0.0000e+00
 159.916192     29.420  34.734939     8.0988     3.2655     29.172    33.3086    25.9315 0.0000e+00
 159.916198     29.724  34.681056     8.0420     3.1904     29.474    33.3051    25.9371 0.0000e+00
 159.916204     30.018  34.626546     8.0003     3.2430     29.765    33.2864    25.9286 0.0000e+00
 159.916209     30.297  34.590608     7.9747     3.2667     30.042    33.2723    25.9212 0.0000e+00
 159.916215     30.560  34.575179     7.9585     3.2989     30.303    33.2711    25.9226 0.0000e+00
 159.916221     30.811  34.570881     7.9510     3.3220     30.552    33.2735    25.9256 0.0000e+00
 159.916227     31.044  34.567491     7.9535     3.2641     30.783    33.2674    25.9205 0.0000e+00
 159.916233     31.259  34.566644     7.9643     3.3042     30.996    33.2561    25.9100 0.0000e+00
 159.916238     31.459  34.576729     7.9806     3.3137     31.194    33.2513    25.9039 0.0000e+00
 159.916244     31.650  34.594937     8.0005     3.2986     31.383    33.2517    25.9013 0.0000e+00
 159.916250     31.837  34.613603     8.0137     3.2527     31.569    33.2590    25.9051 0.0000e+00
 159.916256     32.035  34.628473     8.0072     3.1646     31.765    33.2810    25.9233 0.0000e+00
 159.916262     32.254  34.629675     7.9769     3.0679     31.982    33.3110    25.9513 0.0000e+00
 159.916267     32.502  34.605361     7.9355     2.9344     32.228    33.3243    25.9678 0.0000e+00
 159.916273     32.771  34.579702     7.9059     2.8013     32.495    33.3250    25.9727 0.0000e+00
 159.916279     33.057  34.581230     7.8856     2.6796     32.778    33.3459    25.9920 0.0000e+00
 159.916285     33.358  34.592918     7.8434     2.5843     33.077    33.3986    26.0396 0.0000e+00
 159.916291     33.663  34.588311     7.7671     2.5256     33.379    33.4667    26.1041 0.0000e+00
 159.916296     33.961  34.566863     7.6846     2.4870     33.675    33.5228    26.1600 0.0000e+00
 159.916302     34.249  34.548155     7.6228     2.4685     33.960    33.5621    26.1998 0.0000e+00
 159.916308     34.525  34.540280     7.5851     2.4671     34.234    33.5899    26.2270 0.0000e+00
 159.916314     34.784  34.534957     7.5643     2.4580     34.491    33.6042    26.2412 0.0000e+00
 159.916319     35.031  34.530117     7.5499     2.4534     34.736    33.6127    26.2500 0.0000e+00
 159.916325     35.272  34.528820     7.5378     2.4578     34.975    33.6229    26.2597 0.0000e+00
 159.916331     35.510  34.529890     7.5295     2.4657     35.211    33.6320    26.2680 0.0000e+00
 159.916337     35.739  34.530824     7.5246     2.4881     35.438    33.6377    26.2732 0.0000e+00
 159.916343     35.952  34.531737     7.5237     2.5021     35.649    33.6394    26.2747 0.0000e+00
 159.916348     36.149  34.533279     7.5283     2.4976     35.844    33.6365    26.2718 0.0000e+00
 159.916354     36.334  34.537497     7.5362     2.4832     36.028    33.6334    26.2681 0.0000e+00
 159.916360     36.511  34.545527     7.5423     2.4772     36.203    33.6361    26.2694 0.0000e+00
 159.916366     36.692  34.551822     7.5423     2.4608     36.383    33.6428    26.2747 0.0000e+00
 159.916372     36.890  34.549642     7.5344     2.4524     36.579    33.6480    26.2799 0.0000e+00
 159.916377     37.116  34.541679     7.5219     2.4337     36.803    33.6514    26.2843 0.0000e+00
 159.916383     37.366  34.535802     7.5113     2.3590     37.051    33.6552    26.2888 0.0000e+00
 159.916389     37.631  34.534253     7.5054     2.3859     37.314    33.6591    26.2928 0.0000e+00
 159.916395     37.905  34.534396     7.5027     2.3876     37.585    33.6617    26.2952 0.0000e+00
 159.916400     38.186  34.534173     7.5005     2.4018     37.864    33.6635    26.2969 0.0000e+00
 159.916406     38.469  34.533841     7.4971     2.4076     38.144    33.6663    26.2996 0.0000e+00
 159.916412     38.755  34.534070     7.4931     2.3208     38.428    33.6703    26.3033 0.0000e+00
 159.916418     39.046  34.534597     7.4903     2.3517     38.716    33.6734    26.3062 0.0000e+00
 159.916424     39.333  34.535000     7.4891     2.3661     39.001    33.6749    26.3075 0.0000e+00
 159.916429     39.607  34.535247     7.4897     2.3866     39.273    33.6745    26.3071 0.0000e+00
 159.916435     39.866  34.535658     7.4918     2.3969     39.529    33.6727    26.3054 0.0000e+00
 159.916441     40.115  34.536215     7.4936     2.3623     39.776    33.6715    26.3042 0.0000e+00
 159.916447     40.351  34.536534     7.4942     2.3562     40.010    33.6711    26.3038 0.0000e+00
 159.916453     40.579  34.536474     7.4941     2.3624     40.236    33.6710    26.3038 0.0000e+00
 159.916458     40.798  34.536511     7.4948     2.3745     40.454    33.6703    26.3031 0.0000e+00
 159.916464     41.006  34.537248     7.4963     2.3765     40.660    33.6695    26.3023 0.0000e+00
 159.916470     41.203  34.539101     7.4968     2.3701     40.855    33.6710    26.3034 0.0000e+00
 159.916476     41.393  34.542293     7.4956     2.3601     41.043    33.6755    26.3071 0.0000e+00
 159.916481     41.584  34.544350     7.4932     2.3603     41.233    33.6800    26.3110 0.0000e+00
 159.916487     41.784  34.542406     7.4898     2.3584     41.431    33.6811    26.3123 0.0000e+00
 159.916493     41.993  34.538907     7.4866     2.3541     41.638    33.6803    26.3121 0.0000e+00
 159.916499     42.206  34.537024     7.4851     2.3475     41.849    33.6796    26.3118 0.0000e+00
 159.916505     42.417  34.536481     7.4854     2.3394     42.059    33.6786    26.3110 0.0000e+00
 159.916510     42.612  34.536548     7.4865     2.3351     42.252    33.6775    26.3100 0.0000e+00
 159.916516     42.787  34.537307     7.4875     2.3474     42.426    33.6773    26.3097 0.0000e+00
 159.916522     42.941  34.538641     7.4877     2.3471     42.578    33.6785    26.3106 0.0000e+00
 159.916528     43.074  34.538962     7.4868     2.3427     42.710    33.6796    26.3116 0.0000e+00
 159.916534     43.199  34.537572     7.4853     2.3425     42.834    33.6795    26.3117 -9.990e-29
 159.916539     43.312  34.536535     7.4846     2.3404     42.946    33.6790    26.3114 -9.990e-29
 159.916545     43.385  34.537263     7.4855     2.3463     43.018    33.6789    26.3112 -9.990e-29
 159.916551     43.398  34.539040     7.4868     2.3502     43.031    33.6795    26.3116 -9.990e-29
 159.916557     43.347  34.540865     7.4874     2.3419     42.981    33.6810    26.3126 -9.990e-29
 159.916563     43.236  34.542363     7.4878     2.3397     42.871    33.6823    26.3135 -9.990e-29
 159.916568     43.064  34.543286     7.4884     2.2984     42.700    33.6828    26.3138 0.0000e+00
 159.916574     42.824  34.543738     7.4891     2.3312     42.462    33.6827    26.3137 0.0000e+00
 159.916580     42.509  34.544317     7.4893     2.3452     42.150    33.6833    26.3141 0.0000e+00
 159.916586     42.117  34.544672     7.4887     2.3551     41.761    33.6844    26.3151 0.0000e+00
 159.916591     41.664  34.543591     7.4879     2.3568     41.312    33.6842    26.3151 0.0000e+00
 159.916597     41.182  34.541310     7.4876     2.3012     40.834    33.6823    26.3136 0.0000e+00
 159.916603     40.692  34.539269     7.4875     2.3505     40.348    33.6804    26.3121 0.0000e+00
 159.916609     40.206  34.537547     7.4872     2.3750     39.867    33.6791    26.3111 0.0000e+00
 159.916615     39.731  34.535526     7.4872     2.3890     39.396    33.6771    26.3095 0.0000e+00
 159.916620     39.271  34.533313     7.4881     2.4074     38.940    33.6741    26.3070 0.0000e+00
 159.916626     38.822  34.531875     7.4902     2.3887     38.494    33.6707    26.3041 0.0000e+00
 159.916632     38.373  34.532094     7.4932     2.3946     38.049    33.6682    26.3017 0.0000e+00
 159.916638     37.918  34.533136     7.4962     2.4081     37.598    33.6667    26.3000 0.0000e+00
 159.916644     37.447  34.533587     7.4984     2.4088     37.131    33.6652    26.2986 0.0000e+00
 159.916649     36.958  34.532922     7.5004     2.4189     36.646    33.6628    26.2964 0.0000e+00
 159.916655     36.457  34.531372     7.5024     2.4351     36.150    33.6594    26.2934 0.0000e+00
 159.916661     35.952  34.529671     7.5039     2.4750     35.649    33.6564    26.2908 0.0000e+00
 159.916667     35.444  34.527789     7.5055     2.5323     35.145    33.6530    26.2880 0.0000e+00
 159.916672     34.935  34.525456     7.5087     2.5953     34.641    33.6477    26.2833 0.0000e+00
 159.916678     34.428  34.523482     7.5151     2.6817     34.138    33.6396    26.2760 0.0000e+00
 159.916684     33.923  34.522594     7.5260     2.7864     33.637    33.6283    26.2656 0.0000e+00
 159.916690     33.420  34.522725     7.5448     2.9228     33.138    33.6105    26.2489 0.0000e+00
 159.916696     32.911  34.525168     7.5779     3.0619     32.634    33.5813    26.2212 0.0000e+00
 159.916701     32.391  34.530939     7.6318     3.1621     32.118    33.5357    26.1777 0.0000e+00
 159.916707     31.851  34.535964     7.7051     3.2625     31.583    33.4708    26.1162 0.0000e+00
 159.916713     31.291  34.536297     7.7815     3.3276     31.027    33.3981    26.0481 0.0000e+00
 159.916719     30.724  34.535188     7.8418     3.3773     30.465    33.3395    25.9933 0.0000e+00
 159.916725     30.168  34.540696     7.8859     3.4174     29.914    33.3035    25.9587 0.0000e+00
 159.916730     29.640  34.557935     7.9250     3.4643     29.391    33.2850    25.9384 0.0000e+00
 159.916736     29.140  34.583001     7.9637     3.5239     28.895    33.2752    25.9251 0.0000e+00
 159.916742     28.666  34.611777     8.0044     3.6151     28.425    33.2674    25.9130 0.0000e+00
 159.916748     28.214  34.646770     8.0508     3.7334     27.977    33.2608    25.9011 0.0000e+00
 159.916753     27.768  34.690932     8.0997     3.8812     27.534    33.2617    25.8945 0.0000e+00
 159.916759     27.313  34.744311     8.1522     4.0846     27.083    33.2689    25.8924 0.0000e+00
 159.916765     26.837  34.791227     8.2327     4.3078     26.611    33.2426    25.8599 0.0000e+00
 159.916771     26.330  34.825315     8.3532     4.5432     26.109    33.1651    25.7811 0.0000e+00
 159.916777     25.796  34.876898     8.4882     4.7793     25.579    33.0929    25.7041 0.0000e+00
