data/oxygen options/ONMS/Olympic_Coast_National_Marine_Sanctuary_CTD_Data_2005_2023/raw_data/2021/CAST_TH042_210714faed.cnv
* Sea-Bird SBE 19 Data File:
* FileName = C:\2021 Mooring Data\CTD\CAST_TH042_210714.hex
* Software Version SeatermAF 2.1.2
* Temperature SN = 2997
* Conductivity SN = 2997
* System UpLoad Time = Jul 14 2021 21:10:24 (localtime) = Jul 14 2021 21:10:24 (UTC)
** CAST_TH042_210714
* ds
# nquan = 9                                 
# nvalues = 1136                        
# units = specified
# name 0 = timeJ: Julian Days
# name 1 = prSM: Pressure, Strain Gauge [db]
# name 2 = c0mS/cm: Conductivity [mS/cm]
# name 3 = t090C: Temperature [ITS-90, deg C]
# name 4 = sbeox0ML/L: Oxygen, SBE 43 [ml/l]
# name 5 = depSM: Depth [salt water, m], lat = 47.5
# name 6 = sal00: Salinity, Practical [PSU]
# name 7 = sigma-é00: Density [sigma-theta, kg/m^3]
# name 8 = flag: flag
# span 0 = 195.814815, 195.821383       
# span 1 =     -4.792,     41.907       
# span 2 =   0.328410,  37.195037       
# span 3 =     7.1813,    12.8236       
# span 4 =    -9.0908,    12.7486       
# span 5 =     -4.752,     41.553       
# span 6 =     0.2074,    33.8440       
# span 7 =    -0.4329,    26.4832       
# span 8 = 0.0000e+00, 0.0000e+00       
# interval = seconds: 0.5
# start_time = Jul 14 2021 19:33:20 [Instrument's time stamp, header]
# bad_flag = -9.990e-29
*END*
[from data line 961]
 195.820376     26.049  34.921966     8.3322     3.0327     25.830    33.2874    25.8801 0.0000e+00
 195.820382     25.862  34.913365     8.3402     3.0918     25.645    33.2708    25.8659 0.0000e+00
 195.820388     25.647  34.917012     8.3641     3.1396     25.431    33.2522    25.8477 0.0000e+00
 195.820394     25.404  34.933853     8.3959     3.2048     25.190    33.2401    25.8334 0.0000e+00
 195.820399     25.146  34.960392     8.4353     3.2533     24.935    33.2310    25.8204 0.0000e+00
 195.820405     24.888  34.994500     8.4843     3.2815     24.679    33.2210    25.8051 0.0000e+00
 195.820411     24.634  35.036121     8.5361     3.3228     24.427    33.2162    25.7935 0.0000e+00
 195.820417     24.385  35.079169     8.5817     3.3444     24.180    33.2187    25.7885 0.0000e+00
 195.820422     24.147  35.110871     8.6226     3.3591     23.944    33.2137    25.7783 0.0000e+00
 195.820428     23.926  35.133775     8.6652     3.3720     23.725    33.1978    25.7594 0.0000e+00
 195.820434     23.721  35.162235     8.7093     3.4005     23.522    33.1864    25.7437 0.0000e+00
 195.820440     23.523  35.194470     8.7422     3.4370     23.325    33.1894    25.7410 0.0000e+00
 195.820446     23.319  35.212441     8.7578     3.4992     23.123    33.1937    25.7419 0.0000e+00
 195.820451     23.102  35.216639     8.7656     3.5641     22.908    33.1909    25.7385 0.0000e+00
 195.820457     22.869  35.223932     8.7820     3.6177     22.677    33.1833    25.7300 0.0000e+00
 195.820463     22.628  35.245787     8.8227     3.6677     22.438    33.1681    25.7119 0.0000e+00
 195.820469     22.384  35.286183     8.8873     3.7152     22.196    33.1501    25.6877 0.0000e+00
 195.820475     22.134  35.322825     8.9682     3.7421     21.948    33.1129    25.6460 0.0000e+00
 195.820480     21.877  35.346908     9.0558     3.7676     21.693    33.0566    25.5881 0.0000e+00
 195.820486     21.617  35.384448     9.1288     3.7824     21.435    33.0279    25.5542 0.0000e+00
 195.820492     21.362  35.434574     9.1788     3.7665     21.183    33.0336    25.5508 0.0000e+00
 195.820498     21.119  35.480129     9.2118     3.7622     20.942    33.0504    25.5586 0.0000e+00
 195.820503     20.884  35.510189     9.2301     3.7541     20.709    33.0646    25.5669 0.0000e+00
 195.820509     20.655  35.521188     9.2360     3.7552     20.482    33.0706    25.5706 0.0000e+00
 195.820515     20.436  35.520570     9.2336     3.7546     20.264    33.0723    25.5723 0.0000e+00
 195.820521     20.224  35.515420     9.2285     3.7559     20.054    33.0718    25.5727 0.0000e+00
 195.820527     20.011  35.512942     9.2267     3.7622     19.843    33.0710    25.5724 0.0000e+00
 195.820532     19.783  35.515494     9.2302     3.7569     19.617    33.0705    25.5714 0.0000e+00
 195.820538     19.535  35.516448     9.2372     3.7682     19.371    33.0651    25.5661 0.0000e+00
 195.820544     19.267  35.514891     9.2458     3.7713     19.105    33.0557    25.5573 0.0000e+00
 195.820550     18.984  35.518897     9.2540     3.7693     18.825    33.0523    25.5534 0.0000e+00
 195.820556     18.698  35.527704     9.2608     3.7697     18.541    33.0553    25.5546 0.0000e+00
 195.820561     18.421  35.536303     9.2657     3.7802     18.266    33.0598    25.5574 0.0000e+00
 195.820567     18.152  35.542208     9.2676     3.7686     18.000    33.0642    25.5606 0.0000e+00
 195.820573     17.882  35.542147     9.2674     3.7667     17.732    33.0645    25.5608 0.0000e+00
 195.820579     17.613  35.538340     9.2679     3.7803     17.465    33.0602    25.5573 0.0000e+00
 195.820584     17.351  35.538662     9.2711     3.7762     17.205    33.0577    25.5549 0.0000e+00
 195.820590     17.098  35.544723     9.2778     3.7928     16.955    33.0579    25.5539 0.0000e+00
 195.820596     16.846  35.551773     9.2866     3.8020     16.705    33.0571    25.5519 0.0000e+00
 195.820602     16.592  35.557504     9.2944     3.8025     16.453    33.0559    25.5498 0.0000e+00
 195.820608     16.337  35.561210     9.2993     3.8082     16.200    33.0553    25.5485 0.0000e+00
 195.820613     16.077  35.560610     9.3024     3.8215     15.942    33.0520    25.5454 0.0000e+00
 195.820619     15.805  35.557206     9.3099     3.8251     15.672    33.0416    25.5361 0.0000e+00
 195.820625     15.521  35.557728     9.3244     3.8292     15.391    33.0289    25.5238 0.0000e+00
 195.820631     15.235  35.563492     9.3394     3.8373     15.107    33.0211    25.5153 0.0000e+00
 195.820637     14.961  35.572157     9.3501     3.8281     14.836    33.0203    25.5130 0.0000e+00
 195.820642     14.697  35.581888     9.3576     3.8300     14.574    33.0235    25.5143 0.0000e+00
 195.820648     14.431  35.587791     9.3618     3.8320     14.310    33.0259    25.5154 0.0000e+00
 195.820654     14.151  35.588268     9.3626     3.8344     14.032    33.0257    25.5152 0.0000e+00
 195.820660     13.856  35.587379     9.3626     3.8269     13.740    33.0250    25.5146 0.0000e+00
 195.820666     13.553  35.587360     9.3639     3.8271     13.439    33.0239    25.5135 0.0000e+00
 195.820671     13.249  35.587687     9.3652     3.8308     13.138    33.0231    25.5127 0.0000e+00
 195.820677     12.948  35.587735     9.3650     3.8152     12.840    33.0235    25.5131 0.0000e+00
 195.820683     12.659  35.586507     9.3642     3.8205     12.553    33.0231    25.5129 0.0000e+00
 195.820689     12.388  35.584110     9.3643     3.8167     12.284    33.0207    25.5109 0.0000e+00
 195.820694     12.140  35.583573     9.3659     3.8159     12.038    33.0188    25.5092 0.0000e+00
 195.820700     11.912  35.585920     9.3675     3.8211     11.812    33.0198    25.5097 0.0000e+00
 195.820706     11.692  35.588175     9.3677     3.8403     11.594    33.0220    25.5114 0.0000e+00
 195.820712     11.468  35.588359     9.3672     3.8153     11.372    33.0228    25.5121 0.0000e+00
 195.820718     11.234  35.586778     9.3677     3.8305     11.140    33.0208    25.5105 0.0000e+00
 195.820723     10.997  35.585305     9.3696     3.8372     10.905    33.0176    25.5077 0.0000e+00
 195.820729     10.762  35.585399     9.3727     3.8423     10.672    33.0150    25.5051 0.0000e+00
 195.820735     10.531  35.587245     9.3765     3.8526     10.443    33.0135    25.5033 0.0000e+00
 195.820741     10.308  35.590002     9.3808     3.8555     10.222    33.0125    25.5018 0.0000e+00
 195.820747     10.091  35.591803     9.3844     3.8532     10.007    33.0111    25.5002 0.0000e+00
 195.820752      9.878  35.592866     9.3863     3.8494      9.795    33.0105    25.4994 0.0000e+00
 195.820758      9.674  35.594670     9.3872     3.8532      9.593    33.0116    25.5002 0.0000e+00
 195.820764      9.479  35.595757     9.3885     3.8476      9.400    33.0117    25.4999 0.0000e+00
 195.820770      9.292  35.595395     9.3922     3.8388      9.214    33.0079    25.4965 0.0000e+00
 195.820775      9.119  35.596524     9.3990     3.8019      9.043    33.0029    25.4914 0.0000e+00
 195.820781      8.958  35.600149     9.4058     3.8321      8.883    33.0004    25.4884 0.0000e+00
 195.820787      8.794  35.603317     9.4096     3.8444      8.720    33.0003    25.4877 0.0000e+00
 195.820793      8.621  35.603588     9.4113     3.8703      8.549    32.9991    25.4864 0.0000e+00
 195.820799      8.449  35.602503     9.4137     3.8987      8.378    32.9958    25.4835 0.0000e+00
 195.820804      8.284  35.603160     9.4172     3.8425      8.215    32.9933    25.4810 0.0000e+00
 195.820810      8.121  35.605933     9.4212     3.9017      8.053    32.9926    25.4798 0.0000e+00
 195.820816      7.949  35.608975     9.4280     3.9297      7.883    32.9895    25.4763 0.0000e+00
 195.820822      7.762  35.613040     9.4416     3.9177      7.697    32.9813    25.4676 0.0000e+00
 195.820828      7.563  35.621926     9.4627     3.9554      7.500    32.9711    25.4562 0.0000e+00
 195.820833      7.372  35.641376     9.4883     3.9657      7.310    32.9676    25.4494 0.0000e+00
 195.820839      7.200  35.675532     9.5115     4.0210      7.140    32.9814    25.4564 0.0000e+00
 195.820845      7.043  35.699383     9.5267     4.1081      6.984    32.9920    25.4623 0.0000e+00
 195.820851      6.880  35.693797     9.5439     4.2614      6.822    32.9705    25.4427 0.0000e+00
 195.820856      6.706  35.690620     9.5767     4.4319      6.650    32.9372    25.4113 0.0000e+00
 195.820862      6.528  35.709215     9.6307     4.5834      6.473    32.9068    25.3788 0.0000e+00
 195.820868      6.346  35.743613     9.7119     4.7135      6.293    32.8678    25.3350 0.0000e+00
 195.820874      6.167  35.808919     9.8205     4.7755      6.115    32.8354    25.2919 0.0000e+00
 195.820880      5.995  35.954726     9.9524     4.8232      5.945    32.8637    25.2921 0.0000e+00
 195.820885      5.825  36.122189    10.0947     4.8788      5.776    32.9041    25.3000 0.0000e+00
 195.820891      5.649  36.195035    10.2361     4.8989      5.602    32.8495    25.2335 0.0000e+00
 195.820897      5.465  36.230686    10.3632     4.9271      5.419    32.7706    25.1504 0.0000e+00
 195.820903      5.279  36.282366    10.4408     4.9314      5.235    32.7527    25.1232 0.0000e+00
 195.820909      5.099  36.324908    10.4722     4.9229      5.056    32.7671    25.1291 0.0000e+00
 195.820914      4.924  36.366360    10.4960     4.8833      4.883    32.7874    25.1408 0.0000e+00
 195.820920      4.742  36.395364    10.5271     4.8538      4.702    32.7885    25.1363 0.0000e+00
 195.820926      4.550  36.406375    10.5617     4.8338      4.512    32.7685    25.1148 0.0000e+00
 195.820932      4.358  36.425347    10.5865     4.8446      4.322    32.7653    25.1080 0.0000e+00
 195.820938      4.174  36.451860    10.5900     4.9016      4.139    32.7887    25.1257 0.0000e+00
 195.820943      4.003  36.449589    10.5669     4.9671      3.970    32.8073    25.1441 0.0000e+00
 195.820949      3.840  36.412771    10.5369     5.0128      3.808    32.7975    25.1417 0.0000e+00
 195.820955      3.666  36.397187    10.5478     5.0378      3.635    32.7722    25.1200 0.0000e+00
 195.820961      3.473  36.428634    10.6075     5.0700      3.444    32.7501    25.0925 0.0000e+00
 195.820966      3.270  36.473985    10.6721     5.0812      3.243    32.7375    25.0715 0.0000e+00
 195.820972      3.071  36.516983    10.7136     5.0892      3.045    32.7433    25.0688 0.0000e+00
 195.820978      2.884  36.562912    10.7397     5.1030      2.860    32.7658    25.0818 0.0000e+00
 195.820984      2.710  36.608066    10.7605     5.0955      2.687    32.7922    25.0988 0.0000e+00
 195.820990      2.543  36.637050    10.7771     5.0932      2.522    32.8062    25.1068 0.0000e+00
 195.820995      2.376  36.642614    10.7951     5.0928      2.356    32.7957    25.0955 0.0000e+00
 195.821001      2.211  36.639525    10.8192     5.0870      2.193    32.7711    25.0721 0.0000e+00
 195.821007      2.050  36.643908    10.8381     5.0535      2.033    32.7586    25.0590 0.0000e+00
 195.821013      1.892  36.652700    10.8428     5.0051      1.876    32.7632    25.0618 0.0000e+00
 195.821019      1.740  36.658073    10.8415     4.9494      1.725    32.7698    25.0671 0.0000e+00
 195.821024      1.597  36.662774    10.8396     5.6907      1.584    32.7762    25.0725 0.0000e+00
 195.821030      1.462  36.670328    10.8374     5.7310      1.450    32.7858    25.0803 0.0000e+00
 195.821036      1.335  36.678538    10.8395     5.8543      1.324    32.7921    25.0849 -9.990e-29
 195.821042      1.218  36.682715    10.8490     6.0383      1.208    32.7878    25.0798 -9.990e-29
 195.821047      1.114  36.674477    10.8634     6.2611      1.105    32.7668    25.0609 -9.990e-29
 195.821053      1.031  36.640659    10.8790     6.4472      1.022    32.7193    25.0212 -9.990e-29
 195.821059      0.967  36.553049    10.8955     6.5820      0.959    32.6176    24.9392 -9.990e-29
 195.821065      0.919  36.320120    10.9129     6.6564      0.911    32.3712    24.7444 -9.990e-29
 195.821071      0.883  35.651542    10.9297     6.6981      0.876    31.6951    24.2154 -9.990e-29
 195.821076      0.856  33.672194    10.9450     6.6195      0.849    29.7363    22.6895 -9.990e-29
 195.821082      0.838  27.760383    10.9594     6.6472      0.831    24.0181    18.2469 -9.990e-29
 195.821088      0.827  18.513960    10.9733     6.6681      0.820    15.4112    11.5750 -9.990e-29
 195.821094      0.823  11.363394    10.9854     6.6499      0.816     9.0747     6.6659 -9.990e-29
 195.821100      0.824   7.630105    10.9950     6.6591      0.817     5.9088     4.2101 -9.990e-29
 195.821105      0.828   5.327941    11.0040     6.6765      0.821     4.0217     2.7438 -9.990e-29
 195.821111      0.825   3.876371    11.0151     6.6712      0.818     2.8648     1.8429 -9.990e-29
 195.821117      0.815   2.991979    11.0272     6.6641      0.808     2.1757     1.3050 -9.990e-29
 195.821123      0.807   2.475825    11.0373     6.6381      0.800     1.7802     0.9956 -9.990e-29
 195.821128      0.804   2.297777    11.0443     6.6108      0.797     1.6450     0.8894 -9.990e-29
 195.821134      0.806   2.620415    11.0505     6.6119      0.799     1.8896     1.0795 -9.990e-29
 195.821140      0.809   3.138930    11.0592     6.6448      0.802     2.2871     1.3883 -9.990e-29
 195.821146      0.805   3.159442    11.0712     6.6099      0.798     2.3022     1.3988 -9.990e-29
 195.821152      0.792   2.863909    11.0842     6.5641      0.785     2.0740     1.2196 -9.990e-29
 195.821157      0.780   2.688749    11.0955     6.6053      0.773     1.9394     1.1135 -9.990e-29
 195.821163      0.771   2.532514    11.1047     6.6139      0.765     1.8200     1.0194 -9.990e-29
 195.821169      0.765   2.343913    11.1141     6.6344      0.759     1.6767     0.9067 -9.990e-29
 195.821175      0.761   2.260410    11.1258     6.6299      0.755     1.6132     0.8559 -9.990e-29
 195.821181      0.760   2.377604    11.1389     6.5567      0.754     1.7010     0.9230 -9.990e-29
 195.821186      0.761   2.667010    11.1514     6.5682      0.755     1.9200     1.0923 -9.990e-29
 195.821192      0.764   2.951296    11.1630     6.5627      0.758     2.1366     1.2598 -9.990e-29
 195.821198      0.769   3.021821    11.1741     6.5619      0.763     2.1900     1.3002 -9.990e-29
 195.821204      0.777   3.012033    11.1837     6.5735      0.771     2.1820     1.2929 -9.990e-29
 195.821209      0.784   3.228558    11.1909     6.5930      0.777     2.3481     1.4214 -9.990e-29
 195.821215      0.786   3.474917    11.1975     6.5824      0.779     2.5382     1.5687 -9.990e-29
 195.821221      0.783   3.371271    11.2047     6.5671      0.776     2.4574     1.5050 -9.990e-29
 195.821227      0.776   3.073132    11.2114     6.5681      0.770     2.2272     1.3251 -9.990e-29
 195.821233      0.767   2.937357    11.2181     6.5768      0.761     2.1227     1.2430 -9.990e-29
 195.821238      0.762   3.237435    11.2266     6.5903      0.756     2.3527     1.4211 -9.990e-29
 195.821244      0.758   3.822667    11.2362     6.5960      0.752     2.8059     1.7727 -9.990e-29
 195.821250      0.756   4.128249    11.2464     6.6155      0.750     3.0442     1.9568 -9.990e-29
 195.821256      0.757   4.097637    11.2564     6.6197      0.751     3.0194     1.9364 -9.990e-29
 195.821262      0.759   3.912169    11.2633     6.6292      0.753     2.8737     1.8223 -9.990e-29
 195.821267      0.763   3.573307    11.2654     6.6350      0.757     2.6098     1.6169 -9.990e-29
 195.821273      0.770   3.302665    11.2640     6.6359      0.764     2.4006     1.4542 -9.990e-29
 195.821279      0.780   3.291760    11.2612     6.6396      0.773     2.3924     1.4481 -9.990e-29
 195.821285      0.788   3.421717    11.2580     6.6453      0.781     2.4929     1.5267 -9.990e-29
 195.821291      0.793   3.514443    11.2549     6.6409      0.786     2.5649     1.5831 -9.990e-29
