data/oxygen options/ONMS/Olympic_Coast_National_Marine_Sanctuary_CTD_Data_2005_2023/raw_data/2021/CAST_TH042_210714faed.cnv
* Sea-Bird SBE 19 Data File:
* FileName = C:\2021 Mooring Data\CTD\CAST_TH042_210714.hex
* Software Version SeatermAF 2.1.2
* Temperature SN = 2997
* Conductivity SN = 2997
* System UpLoad Time = Jul 14 2021 21:10:24 (localtime) = Jul 14 2021 21:10:24 (UTC)
** CAST_TH042_210714
* ds
# nquan = 9                                 
# nvalues = 1136                        
# units = specified
# name 0 = timeJ: Julian Days
# name 1 = prSM: Pressure, Strain Gauge [db]
# name 2 = c0mS/cm: Conductivity [mS/cm]
# name 3 = t090C: Temperature [ITS-90, deg C]
# name 4 = sbeox0ML/L: Oxygen, SBE 43 [ml/l]
# name 5 = depSM: Depth [salt water, m], lat = 47.5
# name 6 = sal00: Salinity, Practical [PSU]
# name 7 = sigma-é00: Density [sigma-theta, kg/m^3]
# name 8 = flag: flag
# span 0 = 195.814815, 195.821383       
# span 1 =     -4.792,     41.907       
# span 2 =   0.328410,  37.195037       
# span 3 =     7.1813,    12.8236       
# span 4 =    -9.0908,    12.7486       
# span 5 =     -4.752,     41.553       
# span 6 =     0.2074,    33.8440       
# span 7 =    -0.4329,    26.4832       
# span 8 = 0.0000e+00, 0.0000e+00       
# interval = seconds: 0.5
# start_time = Jul 14 2021 19:33:20 [Instrument's time stamp, header]
# bad_flag = -9.990e-29
*END*
[from data line 641]
 195.818524      1.810  36.855259    11.0656     5.2181      1.795    32.7651    25.0240 -9.990e-29
 195.818530      1.818  36.850427    11.0570     5.2057      1.803    32.7680    25.0277 -9.990e-29
 195.818536      1.835  36.843432    11.0491     5.2032      1.820    32.7681    25.0292 -9.990e-29
 195.818542      1.855  36.835560    11.0445     5.2156      1.840    32.7644    25.0272 -9.990e-29
 195.818547      1.860  36.830848    11.0423     5.2301      1.844    32.7617    25.0255 -9.990e-29
 195.818553      1.848  36.832504    11.0407     5.2378      1.833    32.7648    25.0281 -9.990e-29
 195.818559      1.831  36.834289    11.0395     5.2294      1.816    32.7676    25.0306 -9.990e-29
 195.818565      1.819  36.833503    11.0384     5.2239      1.804    32.7678    25.0309 -9.990e-29
 195.818571      1.817  36.830743    11.0361     5.2233      1.802    32.7671    25.0308 -9.990e-29
 195.818576      1.820  36.826217    11.0335     5.2315      1.805    32.7650    25.0296 -9.990e-29
 195.818582      1.825  36.825622    11.0340     5.2420      1.810    32.7639    25.0287 -9.990e-29
 195.818588      1.831  36.829248    11.0373     5.2216      1.816    32.7646    25.0286 -9.990e-29
 195.818594      1.838  36.830685    11.0392     5.2077      1.823    32.7643    25.0280 -9.990e-29
 195.818600      1.844  36.827886    11.0385     5.2016      1.829    32.7622    25.0265 -9.990e-29
 195.818605      1.844  36.826051    11.0377     5.2035      1.829    32.7611    25.0258 -9.990e-29
 195.818611      1.843  36.828865    11.0363     5.2227      1.828    32.7651    25.0292 -9.990e-29
 195.818617      1.844  36.829392    11.0318     5.1845      1.829    32.7696    25.0335 -9.990e-29
 195.818623      1.847  36.822132    11.0250     5.2027      1.832    32.7685    25.0338 -9.990e-29
 195.818628      1.849  36.810261    11.0209     5.2075      1.834    32.7604    25.0283 -9.990e-29
 195.818634      1.841  36.803694    11.0228     5.2207      1.826    32.7522    25.0215 -9.990e-29
 195.818640      1.827  36.809330    11.0276     5.2412      1.812    32.7535    25.0217 -9.990e-29
 195.818646      1.819  36.818393    11.0304     5.1875      1.804    32.7600    25.0262 -9.990e-29
 195.818652      1.817  36.824435    11.0306     5.2187      1.802    32.7658    25.0307 -9.990e-29
 195.818657      1.819  36.828189    11.0296     5.2302      1.804    32.7704    25.0345 -9.990e-29
 195.818663      1.831  36.827899    11.0285     5.2377      1.816    32.7711    25.0352 -9.990e-29
 195.818669      1.845  36.824263    11.0285     5.2475      1.830    32.7675    25.0324 -9.990e-29
 195.818675      1.849  36.822484    11.0292     5.2141      1.834    32.7651    25.0304 -9.990e-29
 195.818681      1.843  36.825759    11.0300     5.2228      1.828    32.7676    25.0323 -9.990e-29
 195.818686      1.836  36.830008    11.0319     5.2256      1.821    32.7701    25.0339 -9.990e-29
 195.818692      1.830  36.833014    11.0358     5.2283      1.815    32.7696    25.0328 -9.990e-29
 195.818698      1.827  36.836507    11.0402     5.2381      1.812    32.7692    25.0317 -9.990e-29
 195.818704      1.825  36.838944    11.0428     5.2260      1.810    32.7693    25.0313 -9.990e-29
 195.818709      1.820  36.839052    11.0442     5.2175      1.805    32.7681    25.0301 -9.990e-29
 195.818715      1.807  36.838622    11.0446     5.2150      1.792    32.7674    25.0295 -9.990e-29
 195.818721      1.795  36.838163    11.0424     5.2150      1.780    32.7689    25.0310 -9.990e-29
 195.818727      1.791  36.836469    11.0371     5.2256      1.776    32.7719    25.0343 -9.990e-29
 195.818733      1.791  36.832366    11.0315     5.2295      1.776    32.7729    25.0361 -9.990e-29
 195.818738      1.790  36.828193    11.0296     5.2286      1.775    32.7704    25.0345 -9.990e-29
 195.818744      1.788  36.828436    11.0309     5.2274      1.773    32.7695    25.0336 -9.990e-29
 195.818750      1.785  36.831700    11.0329     5.2244      1.770    32.7710    25.0343 -9.990e-29
 195.818756      1.786  36.833892    11.0341     5.2311      1.771    32.7721    25.0350 -9.990e-29
 195.818762      1.798  36.835096    11.0341     5.2318      1.783    32.7732    25.0359 -9.990e-29
 195.818767      1.827  36.835761    11.0327     5.2306      1.812    32.7751    25.0376 -9.990e-29
 195.818773      1.866  36.833374    11.0309     5.2361      1.850    32.7744    25.0373 -9.990e-29
 195.818779      1.896  36.827516    11.0319     5.2345      1.880    32.7677    25.0319 -9.990e-29
 195.818785      1.907  36.824913    11.0361     5.2351      1.891    32.7613    25.0263 -9.990e-29
 195.818791      1.903  36.829342    11.0396     5.2339      1.887    32.7626    25.0266 -9.990e-29
 195.818796      1.892  36.834900    11.0403     5.2373      1.876    32.7675    25.0303 -9.990e-29
 195.818802      1.879  36.838315    11.0404     5.2452      1.863    32.7708    25.0329 -9.990e-29
 195.818808      1.862  36.840742    11.0429     5.2390      1.846    32.7709    25.0326 -9.990e-29
 195.818814      1.844  36.843137    11.0480     5.2426      1.829    32.7688    25.0300 -9.990e-29
 195.818819      1.829  36.846416    11.0528     5.2462      1.814    32.7677    25.0283 -9.990e-29
 195.818825      1.820  36.850428    11.0554     5.2392      1.805    32.7694    25.0291 -9.990e-29
 195.818831      1.825  36.854323    11.0560     5.2394      1.810    32.7727    25.0316 -9.990e-29
 195.818837      1.844  36.856532    11.0549     5.2343      1.829    32.7759    25.0343 -9.990e-29
 195.818843      1.866  36.856604    11.0543     5.2396      1.850    32.7765    25.0348 -9.990e-29
 195.818848      1.879  36.856276    11.0564     5.2449      1.863    32.7743    25.0327 -9.990e-29
 195.818854      1.880  36.856755    11.0608     5.2455      1.864    32.7708    25.0293 -9.990e-29
 195.818860      1.873  36.858082    11.0653     5.2507      1.857    32.7681    25.0264 -9.990e-29
 195.818866      1.866  36.860310    11.0685     5.2561      1.850    32.7675    25.0253 -9.990e-29
 195.818872      1.863  36.863009    11.0702     5.2572      1.847    32.7686    25.0259 -9.990e-29
 195.818877      1.864  36.865259    11.0709     5.2483      1.848    32.7702    25.0270 -9.990e-29
 195.818883      1.869  36.866661    11.0713     5.2496      1.853    32.7712    25.0278 -9.990e-29
 195.818889      1.878  36.867365    11.0722     5.2487      1.862    32.7711    25.0275 -9.990e-29
 195.818895      1.892  36.867714    11.0723     5.2438      1.876    32.7714    25.0277 -9.990e-29
 195.818900      1.911  36.868137    11.0709     5.2367      1.895    32.7730    25.0292 -9.990e-29
 195.818906      1.933  36.868038    11.0690     5.2389      1.917    32.7746    25.0308 -9.990e-29
 195.818912      1.947  36.866688    11.0680     5.2424      1.931    32.7742    25.0306 -9.990e-29
 195.818918      1.944  36.865613    11.0686     5.2333      1.928    32.7726    25.0293 -9.990e-29
 195.818924      1.929  36.865583    11.0698     5.2322      1.913    32.7715    25.0282 -9.990e-29
 195.818929      1.908  36.865402    11.0701     5.2358      1.892    32.7711    25.0278 -9.990e-29
 195.818935      1.895  36.864793    11.0680     5.2402      1.879    32.7723    25.0292 -9.990e-29
 195.818941      1.896  36.862907    11.0640     5.2391      1.880    32.7740    25.0312 -9.990e-29
 195.818947      1.907  36.859995    11.0605     5.1868      1.891    32.7743    25.0320 -9.990e-29
 195.818953      1.920  36.858303    11.0588     5.2218      1.904    32.7741    25.0322 -9.990e-29
 195.818958      1.933  36.857780    11.0580     5.2346      1.917    32.7743    25.0325 -9.990e-29
 195.818964      1.949  36.857129    11.0569     5.2485      1.933    32.7746    25.0329 -9.990e-29
 195.818970      1.970  36.856007    11.0550     5.2591      1.954    32.7752    25.0337 -9.990e-29
 195.818976      1.990  36.855122    11.0534     5.2020      1.973    32.7758    25.0344 -9.990e-29
 195.818981      2.004  36.854941    11.0534     5.2311      1.987    32.7756    25.0343 -9.990e-29
 195.818987      2.014  36.855182    11.0548     5.2506      1.997    32.7745    25.0333 -9.990e-29
 195.818993      2.024  36.856131    11.0566     5.2690      2.007    32.7739    25.0324 -9.990e-29
 195.818999      2.044  36.857333    11.0574     5.2595      2.027    32.7743    25.0326 -9.990e-29
 195.819005      2.080  36.858114    11.0575     5.1905      2.063    32.7750    25.0331 -9.990e-29
 195.819010      2.133  36.858739    11.0578     5.2071      2.115    32.7753    25.0333 -9.990e-29
 195.819016      2.203  36.859450    11.0588     5.1916      2.185    32.7751    25.0330 -9.990e-29
 195.819022      2.285  36.860383    11.0591     5.1779      2.266    32.7757    25.0334 -9.990e-29
 195.819028      2.381  36.860453    11.0554     5.1661      2.361    32.7791    25.0367 -9.990e-29
 195.819034      2.497  36.855558    11.0422     5.0908      2.476    32.7860    25.0444 -9.990e-29
 195.819039      2.639  36.837416    11.0099     5.1127      2.617    32.7968    25.0585 0.0000e+00
 195.819045      2.814  36.800259    10.9617     5.1246      2.790    32.8030    25.0719 0.0000e+00
 195.819051      3.018  36.757808    10.9180     5.1215      2.993    32.7999    25.0771 0.0000e+00
 195.819057      3.248  36.730173    10.8871     5.1251      3.221    32.8000    25.0827 0.0000e+00
 195.819063      3.497  36.715174    10.8644     5.0566      3.468    32.8053    25.0908 0.0000e+00
 195.819068      3.756  36.703378    10.8493     5.0809      3.725    32.8070    25.0948 0.0000e+00
 195.819074      4.015  36.695230    10.8420     5.0882      3.981    32.8053    25.0948 0.0000e+00
 195.819080      4.269  36.691560    10.8392     5.0499      4.233    32.8041    25.0943 0.0000e+00
 195.819086      4.522  36.689636    10.8339     4.9925      4.484    32.8068    25.0973 0.0000e+00
 195.819091      4.780  36.684015    10.8175     4.8676      4.740    32.8158    25.1072 0.0000e+00
 195.819097      5.048  36.666007    10.7867     4.8024      5.006    32.8254    25.1201 0.0000e+00
 195.819103      5.326  36.631146    10.7440     4.7090      5.281    32.8289    25.1302 0.0000e+00
 195.819109      5.613  36.590045    10.6933     4.6062      5.566    32.8333    25.1425 0.0000e+00
 195.819115      5.908  36.554523    10.6355     4.4883      5.859    32.8497    25.1653 0.0000e+00
 195.819120      6.206  36.514686    10.5486     4.3101      6.154    32.8880    25.2102 0.0000e+00
 195.819126      6.507  36.434151    10.4207     4.2127      6.453    32.9227    25.2592 0.0000e+00
 195.819132      6.803  36.314189    10.2993     4.0836      6.746    32.9119    25.2715 0.0000e+00
 195.819138      7.092  36.229046    10.2190     3.9857      7.033    32.8987    25.2748 0.0000e+00
 195.819144      7.378  36.187280    10.1402     3.9311      7.316    32.9279    25.3109 0.0000e+00
 195.819149      7.673  36.111808    10.0147     3.8792      7.609    32.9657    25.3614 0.0000e+00
 195.819155      7.977  35.982627     9.8586     3.8653      7.910    32.9768    25.3960 0.0000e+00
 195.819161      8.285  35.853833     9.7324     3.8740      8.216    32.9608    25.4044 0.0000e+00
 195.819167      8.589  35.777782     9.6583     3.8808      8.517    32.9508    25.4087 0.0000e+00
 195.819172      8.889  35.744876     9.6105     3.8849      8.815    32.9608    25.4243 0.0000e+00
 195.819178      9.189  35.722355     9.5674     3.9059      9.112    32.9772    25.4441 0.0000e+00
 195.819184      9.501  35.703085     9.5283     3.9179      9.421    32.9932    25.4630 0.0000e+00
 195.819190      9.828  35.687075     9.5003     3.9177      9.746    33.0024    25.4747 0.0000e+00
 195.819196     10.156  35.676996     9.4838     3.9281     10.071    33.0071    25.4811 0.0000e+00
 195.819201     10.472  35.672780     9.4740     3.9359     10.384    33.0117    25.4862 0.0000e+00
 195.819207     10.774  35.670406     9.4693     3.9385     10.684    33.0134    25.4883 0.0000e+00
 195.819213     11.060  35.669437     9.4710     3.9452     10.967    33.0107    25.4860 0.0000e+00
 195.819219     11.322  35.672429     9.4812     3.9336     11.227    33.0043    25.4793 0.0000e+00
 195.819225     11.566  35.680494     9.4984     3.9108     11.469    32.9966    25.4705 0.0000e+00
 195.819230     11.809  35.689182     9.5092     3.9030     11.710    32.9955    25.4679 0.0000e+00
 195.819236     12.073  35.689272     9.5014     3.8965     11.972    33.0027    25.4748 0.0000e+00
 195.819242     12.369  35.678015     9.4797     3.8955     12.265    33.0109    25.4847 0.0000e+00
 195.819248     12.694  35.662188     9.4543     3.8877     12.588    33.0179    25.4943 0.0000e+00
 195.819253     13.032  35.646953     9.4343     3.8935     12.923    33.0205    25.4996 0.0000e+00
 195.819259     13.369  35.637136     9.4231     3.8888     13.257    33.0206    25.5015 0.0000e+00
 195.819265     13.702  35.633021     9.4167     3.8824     13.587    33.0221    25.5037 0.0000e+00
 195.819271     14.025  35.630725     9.4124     3.8965     13.907    33.0236    25.5055 0.0000e+00
 195.819277     14.338  35.629354     9.4101     3.8876     14.218    33.0242    25.5063 0.0000e+00
 195.819282     14.643  35.628686     9.4101     3.8895     14.520    33.0233    25.5057 0.0000e+00
 195.819288     14.938  35.628318     9.4114     3.8956     14.813    33.0216    25.5041 0.0000e+00
 195.819294     15.222  35.628246     9.4115     3.8829     15.094    33.0213    25.5039 0.0000e+00
 195.819300     15.498  35.628299     9.4092     3.8820     15.368    33.0234    25.5059 0.0000e+00
 195.819306     15.773  35.627916     9.4073     3.8679     15.641    33.0246    25.5072 0.0000e+00
 195.819311     16.045  35.627633     9.4078     3.8591     15.910    33.0237    25.5064 0.0000e+00
 195.819317     16.316  35.628121     9.4094     3.8512     16.179    33.0226    25.5053 0.0000e+00
 195.819323     16.590  35.629397     9.4088     3.8483     16.451    33.0244    25.5068 0.0000e+00
 195.819329     16.880  35.629729     9.4007     3.8356     16.738    33.0321    25.5141 0.0000e+00
 195.819334     17.199  35.625564     9.3831     3.7859     17.055    33.0439    25.5262 0.0000e+00
 195.819340     17.548  35.615761     9.3603     3.8198     17.401    33.0547    25.5383 0.0000e+00
 195.819346     17.909  35.603988     9.3397     3.8229     17.759    33.0614    25.5468 0.0000e+00
 195.819352     18.267  35.594086     9.3275     3.8306     18.114    33.0623    25.5495 0.0000e+00
 195.819358     18.606  35.587903     9.3255     3.8294     18.450    33.0577    25.5462 0.0000e+00
 195.819363     18.914  35.588888     9.3293     3.7516     18.755    33.0550    25.5435 0.0000e+00
 195.819369     19.197  35.594912     9.3303     3.7646     19.036    33.0602    25.5474 0.0000e+00
 195.819375     19.469  35.596004     9.3233     3.7627     19.306    33.0677    25.5544 0.0000e+00
 195.819381     19.735  35.585703     9.3087     3.7569     19.569    33.0704    25.5589 0.0000e+00
 195.819387     19.998  35.564212     9.2941     3.7719     19.830    33.0616    25.5543 0.0000e+00
 195.819392     20.267  35.542034     9.2838     3.7551     20.097    33.0481    25.5454 0.0000e+00
 195.819398     20.546  35.531554     9.2692     3.7460     20.374    33.0507    25.5497 0.0000e+00
 195.819404     20.840  35.529932     9.2477     3.7440     20.665    33.0688    25.5673 0.0000e+00
 195.819410     21.155  35.529891     9.2287     3.7370     20.977    33.0862    25.5840 0.0000e+00
 195.819416     21.485  35.527937     9.2150     3.7053     21.305    33.0967    25.5944 0.0000e+00
 195.819421     21.816  35.523070     9.2071     3.6655     21.633    33.0989    25.5973 0.0000e+00
 195.819427     22.136  35.518811     9.2064     3.6203     21.950    33.0950    25.5944 0.0000e+00
 195.819433     22.444  35.516690     9.2041     3.5680     22.255    33.0948    25.5946 0.0000e+00
 195.819439     22.755  35.512683     9.1862     3.5520     22.564    33.1071    25.6071 0.0000e+00
