data/oxygen options/ONMS/Olympic_Coast_National_Marine_Sanctuary_CTD_Data_2005_2023/raw_data/2021/CAST_CE042_210715faed.cnv
* Sea-Bird SBE 19 Data File:
* FileName = C:\2021 Mooring Data\Casts\CAST_CE042_210715.hex
* Software Version SeatermAF 2.1.2
* Temperature SN = 2997
* Conductivity SN = 2997
* System UpLoad Time = Jul 15 2021 20:17:29 (localtime) = Jul 15 2021 20:17:29 (UTC)
** CAST_CE042_210715
* ds
# nquan = 9                                 
# nvalues = 1202                        
# units = specified
# name 0 = timeJ: Julian Days
# name 1 = prSM: Pressure, Strain Gauge [db]
# name 2 = c0mS/cm: Conductivity [mS/cm]
# name 3 = t090C: Temperature [ITS-90, deg C]
# name 4 = sbeox0ML/L: Oxygen, SBE 43 [ml/l]
# name 5 = depSM: Depth [salt water, m], lat = 47.5
# name 6 = sal00: Salinity, Practical [PSU]
# name 7 = sigma-é00: Density [sigma-theta, kg/m^3]
# name 8 = flag: flag
# span 0 = 196.774317, 196.781267       
# span 1 =     -4.580,     43.385       
# span 2 =   0.395065,  36.740724       
# span 3 =     7.4027,    12.7349       
# span 4 =    -1.9869,    10.8619       
# span 5 =     -4.542,     43.018       
# span 6 =     0.2510,    33.7951       
# span 7 =    -0.3915,    26.4139       
# span 8 = 0.0000e+00, 0.0000e+00       
# interval = seconds: 0.5
# start_time = Jul 15 2021 18:35:01 [Instrument's time stamp, header]
# bad_flag = -9.990e-29
*END*
 196.774317     -4.580 -9.990e-29    12.5197    -1.9812     -4.542 -9.990e-29 -9.990e-29 -9.990e-29
 196.774323     -4.557   0.569225    12.5214    -1.9810     -4.519     0.3677    -0.2748 -9.990e-29
 196.774329     -4.528   0.568874    12.5234    -1.9811     -4.490     0.3674    -0.2752 -9.990e-29
 196.774334     -4.495   0.568560    12.5263    -1.9810     -4.458     0.3672    -0.2758 -9.990e-29
 196.774340     -4.465   0.567863    12.5298    -1.9809     -4.428     0.3667    -0.2766 -9.990e-29
 196.774346     -4.439   0.566780    12.5329    -1.9808     -4.402     0.3659    -0.2776 -9.990e-29
 196.774352     -4.416   0.565528    12.5348    -1.9806     -4.379     0.3651    -0.2785 -9.990e-29
 196.774358     -4.394   0.563916    12.5358    -1.9804     -4.357     0.3640    -0.2794 -9.990e-29
 196.774363     -4.373   0.562016    12.5369    -1.9802     -4.337     0.3627    -0.2806 -9.990e-29
 196.774369     -4.351   0.560991    12.5379    -1.9802     -4.315     0.3620    -0.2812 -9.990e-29
 196.774375     -4.327   0.562800    12.5389    -1.9800     -4.291     0.3632    -0.2804 -9.990e-29
 196.774381     -4.298   0.567084    12.5403    -1.9800     -4.262     0.3661    -0.2784 -9.990e-29
 196.774387     -4.264   0.570134    12.5425    -1.9800     -4.228     0.3681    -0.2771 -9.990e-29
 196.774392     -4.226   0.569921    12.5455    -1.9800     -4.191     0.3679    -0.2775 -9.990e-29
 196.774398     -4.190   0.567824    12.5488    -1.9800     -4.155     0.3665    -0.2791 -9.990e-29
 196.774404     -4.159   0.565482    12.5527    -1.9800     -4.124     0.3649    -0.2808 -9.990e-29
 196.774410     -4.130   0.563654    12.5569    -1.9799     -4.096     0.3636    -0.2823 -9.990e-29
 196.774416     -4.102   0.562122    12.5604    -1.9800     -4.068     0.3626    -0.2835 -9.990e-29
 196.774421     -4.073   0.560506    12.5625    -1.9800     -4.039     0.3615    -0.2847 -9.990e-29
 196.774427     -4.041   0.559979    12.5639    -1.9801     -4.007     0.3611    -0.2851 -9.990e-29
 196.774433     -4.003   0.562057    12.5652    -1.9799     -3.970     0.3625    -0.2842 -9.990e-29
 196.774439     -3.963   0.565079    12.5663    -1.9800     -3.930     0.3645    -0.2828 -9.990e-29
 196.774444     -3.925   0.565869    12.5671    -1.9808     -3.892     0.3650    -0.2825 -9.990e-29
 196.774450     -3.892   0.564372    12.5674    -1.9811     -3.860     0.3640    -0.2833 -9.990e-29
 196.774456     -3.862   0.562474    12.5675    -1.9811     -3.830     0.3627    -0.2843 -9.990e-29
 196.774462     -3.833   0.561525    12.5677    -1.9810     -3.801     0.3621    -0.2848 -9.990e-29
 196.774468     -3.802   0.561923    12.5680    -1.9808     -3.770     0.3624    -0.2846 -9.990e-29
 196.774473     -3.768   0.562537    12.5683    -1.9807     -3.737     0.3628    -0.2843 -9.990e-29
 196.774479     -3.733   0.561970    12.5682    -1.9809     -3.702     0.3624    -0.2846 -9.990e-29
 196.774485     -3.704   0.560577    12.5667    -1.9812     -3.673     0.3615    -0.2852 -9.990e-29
 196.774491     -3.682   0.559825    12.5617    -1.9816     -3.651     0.3610    -0.2849 -9.990e-29
 196.774497     -3.662   0.560377    12.5542    -1.9816     -3.631     0.3615    -0.2836 -9.990e-29
 196.774502     -3.639   0.561310    12.5487    -1.9819     -3.609     0.3621    -0.2824 -9.990e-29
 196.774508     -3.615   0.561094    12.5472    -1.9820     -3.585     0.3620    -0.2824 -9.990e-29
 196.774514     -3.593   0.559443    12.5484    -1.9820     -3.563     0.3609    -0.2834 -9.990e-29
 196.774520     -3.572   0.557482    12.5500    -1.9819     -3.542     0.3596    -0.2846 -9.990e-29
 196.774525     -3.550   0.556480    12.5500    -1.9819     -3.520     0.3589    -0.2851 -9.990e-29
 196.774531     -3.526   0.556762    12.5474    -1.9816     -3.497     0.3591    -0.2846 -9.990e-29
 196.774537     -3.499   0.557599    12.5430    -1.9813     -3.470     0.3597    -0.2836 -9.990e-29
 196.774543     -3.466   0.557890    12.5386    -1.9813     -3.437     0.3599    -0.2829 -9.990e-29
 196.774549     -3.431   0.556917    12.5351    -1.9814     -3.402     0.3593    -0.2830 -9.990e-29
 196.774554     -3.398   0.555044    12.5322    -1.9817     -3.370     0.3581    -0.2836 -9.990e-29
 196.774560     -3.371   0.553102    12.5304    -1.9817     -3.343     0.3568    -0.2844 -9.990e-29
 196.774566     -3.348   0.551276    12.5302    -1.9818     -3.320     0.3556    -0.2853 -9.990e-29
 196.774572     -3.327   0.549349    12.5314    -1.9819     -3.299     0.3543    -0.2864 -9.990e-29
 196.774578     -3.307   0.547522    12.5338    -1.9820     -3.279     0.3531    -0.2877 -9.990e-29
 196.774583     -3.286   0.546687    12.5372    -1.9820     -3.259     0.3525    -0.2886 -9.990e-29
 196.774589     -3.264   0.547950    12.5404    -1.9820     -3.237     0.3533    -0.2883 -9.990e-29
 196.774595     -3.238   0.550779    12.5417    -1.9819     -3.211     0.3552    -0.2870 -9.990e-29
 196.774601     -3.208   0.552295    12.5407    -1.9819     -3.181     0.3562    -0.2861 -9.990e-29
 196.774606     -3.175   0.551196    12.5382    -1.9819     -3.149     0.3555    -0.2864 -9.990e-29
 196.774612     -3.147   0.549342    12.5360    -1.9818     -3.121     0.3543    -0.2870 -9.990e-29
 196.774618     -3.121   0.548141    12.5347    -1.9816     -3.095     0.3535    -0.2875 -9.990e-29
 196.774624     -3.091   0.547103    12.5340    -1.9815     -3.065     0.3528    -0.2879 -9.990e-29
 196.774630     -3.059   0.545401    12.5334    -1.9814     -3.033     0.3517    -0.2887 -9.990e-29
 196.774635     -3.033   0.542982    12.5329    -1.9812     -3.008     0.3501    -0.2899 -9.990e-29
 196.774641     -3.015   0.540502    12.5330    -1.9810     -2.990     0.3484    -0.2912 -9.990e-29
 196.774647     -2.999   0.538537    12.5335    -1.9808     -2.974     0.3471    -0.2923 -9.990e-29
 196.774653     -2.981   0.537238    12.5342    -1.9808     -2.956     0.3462    -0.2931 -9.990e-29
 196.774659     -2.958   0.537092    12.5357    -1.9809     -2.933     0.3461    -0.2934 -9.990e-29
 196.774664     -2.930   0.538459    12.5382    -1.9812     -2.906     0.3470    -0.2930 -9.990e-29
 196.774670     -2.899   0.539838    12.5414    -1.9814     -2.875     0.3479    -0.2927 -9.990e-29
 196.774676     -2.872   0.539188    12.5447    -1.9815     -2.848     0.3474    -0.2934 -9.990e-29
 196.774682     -2.851   0.536753    12.5480    -1.9815     -2.827     0.3458    -0.2951 -9.990e-29
 196.774688     -2.835   0.534274    12.5517    -1.9815     -2.811     0.3441    -0.2969 -9.990e-29
 196.774693     -2.823   0.532884    12.5551    -1.9815     -2.799     0.3431    -0.2980 -9.990e-29
 196.774699     -2.813   0.532947    12.5572    -1.9814     -2.790     0.3431    -0.2983 -9.990e-29
 196.774705     -2.806   0.533993    12.5574    -1.9814     -2.783     0.3438    -0.2978 -9.990e-29
 196.774711     -2.797   0.534648    12.5557    -1.9812     -2.774     0.3443    -0.2972 -9.990e-29
 196.774716     -2.781   0.534123    12.5526    -1.9810     -2.758     0.3440    -0.2971 -9.990e-29
 196.774722     -2.761   0.532827    12.5494    -1.9808     -2.738     0.3431    -0.2973 -9.990e-29
 196.774728     -2.741   0.531249    12.5475    -1.9809     -2.718     0.3421    -0.2979 -9.990e-29
 196.774734     -2.718   0.529503    12.5471    -1.9809     -2.695     0.3409    -0.2988 -9.990e-29
 196.774740     -2.691   0.527481    12.5477    -1.9811     -2.669     0.3396    -0.2999 -9.990e-29
 196.774745     -2.660   0.525259    12.5492    -1.9811     -2.638     0.3381    -0.3012 -9.990e-29
 196.774751     -2.625   0.523200    12.5511    -1.9811     -2.603     0.3367    -0.3026 -9.990e-29
 196.774757     -2.594   0.521332    12.5533    -1.9811     -2.572     0.3355    -0.3038 -9.990e-29
 196.774763     -2.568   0.519383    12.5565    -1.9811     -2.547     0.3341    -0.3052 -9.990e-29
 196.774769     -2.546   0.517527    12.5602    -1.9810     -2.525     0.3329    -0.3067 -9.990e-29
 196.774774     -2.527   0.516062    12.5628    -1.9812     -2.506     0.3319    -0.3078 -9.990e-29
 196.774780     -2.509   0.514698    12.5634    -1.9812     -2.488     0.3310    -0.3085 -9.990e-29
 196.774786     -2.492   0.513280    12.5627    -1.9814     -2.471     0.3300    -0.3092 -9.990e-29
 196.774792     -2.469   0.512137    12.5619    -1.9814     -2.448     0.3293    -0.3097 -9.990e-29
 196.774797     -2.436   0.511408    12.5618    -1.9814     -2.416     0.3288    -0.3100 -9.990e-29
 196.774803     -2.398   0.510677    12.5622    -1.9817     -2.378     0.3283    -0.3105 -9.990e-29
 196.774809     -2.367   0.509524    12.5625    -1.9817     -2.347     0.3275    -0.3111 -9.990e-29
 196.774815     -2.343   0.508075    12.5626    -1.9817     -2.323     0.3266    -0.3119 -9.990e-29
 196.774821     -2.327   0.506617    12.5621    -1.9819     -2.308     0.3256    -0.3126 -9.990e-29
 196.774826     -2.312   0.505423    12.5608    -1.9819     -2.293     0.3248    -0.3130 -9.990e-29
 196.774832     -2.293   0.504566    12.5592    -1.9818     -2.274     0.3243    -0.3133 -9.990e-29
 196.774838     -2.273   0.504013    12.5577    -1.9818     -2.254     0.3239    -0.3133 -9.990e-29
 196.774844     -2.256   0.503583    12.5564    -1.9819     -2.237     0.3236    -0.3134 -9.990e-29
 196.774850     -2.241   0.502703    12.5547    -1.9820     -2.222     0.3231    -0.3136 -9.990e-29
 196.774855     -2.225   0.501307    12.5526    -1.9821     -2.206     0.3221    -0.3141 -9.990e-29
 196.774861     -2.209   0.499755    12.5511    -1.9820     -2.191     0.3211    -0.3147 -9.990e-29
 196.774867     -2.191   0.498195    12.5500    -1.9821     -2.173     0.3201    -0.3154 -9.990e-29
 196.774873     -2.171   0.496765    12.5485    -1.9823     -2.153     0.3192    -0.3159 -9.990e-29
 196.774878     -2.150   0.495777    12.5475    -1.9825     -2.132     0.3185    -0.3163 -9.990e-29
 196.774884     -2.132   0.495575    12.5476    -1.9826     -2.114     0.3184    -0.3164 -9.990e-29
 196.774890     -2.113   0.495891    12.5478    -1.9828     -2.095     0.3186    -0.3163 -9.990e-29
 196.774896     -2.089   0.496039    12.5471    -1.9829     -2.072     0.3187    -0.3161 -9.990e-29
 196.774902     -2.069   0.495664    12.5457    -1.9830     -2.052     0.3185    -0.3161 -9.990e-29
 196.774907     -2.056   0.494822    12.5445    -1.9831     -2.039     0.3179    -0.3164 -9.990e-29
 196.774913     -2.044   0.494052    12.5435    -1.9830     -2.027     0.3174    -0.3167 -9.990e-29
 196.774919     -2.028   0.493994    12.5416    -1.9832     -2.011     0.3174    -0.3165 -9.990e-29
 196.774925     -2.012   0.494572    12.5386    -1.9836     -1.995     0.3178    -0.3158 -9.990e-29
 196.774931     -1.998   0.494893    12.5353    -1.9839     -1.981     0.3180    -0.3152 -9.990e-29
 196.774936     -1.987   0.494278    12.5322    -1.9841     -1.970     0.3176    -0.3151 -9.990e-29
 196.774942     -1.977   0.493018    12.5293    -1.9842     -1.961     0.3168    -0.3154 -9.990e-29
 196.774948     -1.967   0.491652    12.5267    -1.9845     -1.951     0.3160    -0.3158 -9.990e-29
 196.774954     -1.958   0.490575    12.5246    -1.9846     -1.942     0.3153    -0.3161 -9.990e-29
 196.774959     -1.948   0.490016    12.5232    -1.9848     -1.932     0.3149    -0.3162 -9.990e-29
 196.774965     -1.936   0.489783    12.5216    -1.9849     -1.920     0.3148    -0.3161 -9.990e-29
 196.774971     -1.923   0.489568    12.5181    -1.9851     -1.907     0.3146    -0.3158 -9.990e-29
 196.774977     -1.907   0.489086    12.5126    -1.9851     -1.891     0.3144    -0.3153 -9.990e-29
 196.774983     -1.887   0.488248    12.5069    -1.9851     -1.871     0.3138    -0.3150 -9.990e-29
 196.774988     -1.862   0.487602    12.5021    -1.9851     -1.846     0.3135    -0.3147 -9.990e-29
 196.774994     -1.835   0.487950    12.4977    -1.9851     -1.820     0.3137    -0.3140 -9.990e-29
 196.775000     -1.812   0.489202    12.4931    -1.9853     -1.797     0.3146    -0.3128 -9.990e-29
 196.775006     -1.797   0.490257    12.4890    -1.9855     -1.782     0.3153    -0.3117 -9.990e-29
 196.775012     -1.784   0.490307    12.4860    -1.9857     -1.769     0.3154    -0.3113 -9.990e-29
 196.775017     -1.767   0.489418    12.4837    -1.9857     -1.752     0.3148    -0.3114 -9.990e-29
 196.775023     -1.751   0.488069    12.4818    -1.9858     -1.736     0.3139    -0.3119 -9.990e-29
 196.775029     -1.738   0.486678    12.4807    -1.9859     -1.724     0.3130    -0.3125 -9.990e-29
 196.775035     -1.728   0.485609    12.4801    -1.9859     -1.714     0.3123    -0.3130 -9.990e-29
 196.775041     -1.720   0.485103    12.4794    -1.9859     -1.706     0.3120    -0.3131 -9.990e-29
 196.775046     -1.713   0.485039    12.4778    -1.9859     -1.699     0.3120    -0.3130 -9.990e-29
 196.775052     -1.708   0.485329    12.4749    -1.9861     -1.694     0.3122    -0.3124 -9.990e-29
 196.775058     -1.702   0.485806    12.4715    -1.9861     -1.688     0.3125    -0.3118 -9.990e-29
 196.775064     -1.698   0.485999    12.4688    -1.9863     -1.684     0.3127    -0.3113 -9.990e-29
 196.775069     -1.693   0.485612    12.4670    -1.9864     -1.679     0.3124    -0.3113 -9.990e-29
 196.775075     -1.688   0.484683    12.4654    -1.9865     -1.674     0.3118    -0.3116 -9.990e-29
 196.775081     -1.683   0.483634    12.4638    -1.9865     -1.669     0.3111    -0.3119 -9.990e-29
 196.775087     -1.676   0.482730    12.4628    -1.9865     -1.662     0.3105    -0.3122 -9.990e-29
 196.775093     -1.669   0.481875    12.4624    -1.9865     -1.655     0.3100    -0.3126 -9.990e-29
 196.775098     -1.659   0.481035    12.4615    -1.9863     -1.645     0.3094    -0.3130 -9.990e-29
 196.775104     -1.647   0.480201    12.4595    -1.9861     -1.633     0.3089    -0.3131 -9.990e-29
 196.775110     -1.632   0.479922    12.4569    -1.9860     -1.618     0.3087    -0.3130 -9.990e-29
 196.775116     -1.613   0.480933    12.4545    -1.9857     -1.600     0.3094    -0.3121 -9.990e-29
 196.775122     -1.589   0.482920    12.4525    -1.9856     -1.576     0.3107    -0.3108 -9.990e-29
 196.775127     -1.562   0.484651    12.4513    -1.9855     -1.549     0.3119    -0.3098 -9.990e-29
 196.775133     -1.539   0.485109    12.4507    -1.9856     -1.526     0.3122    -0.3095 -9.990e-29
 196.775139     -1.523   0.484353    12.4511    -1.9856     -1.510     0.3117    -0.3099 -9.990e-29
 196.775145     -1.509   0.483037    12.4530    -1.9858     -1.496     0.3108    -0.3108 -9.990e-29
 196.775150     -1.492   0.481623    12.4563    -1.9858     -1.480     0.3099    -0.3120 -9.990e-29
 196.775156     -1.474   0.480443    12.4600    -1.9859     -1.462     0.3090    -0.3131 -9.990e-29
 196.775162     -1.459   0.479584    12.4638    -1.9858     -1.447     0.3084    -0.3140 -9.990e-29
 196.775168     -1.447   0.479011    12.4673    -1.9858     -1.435     0.3080    -0.3147 -9.990e-29
 196.775174     -1.435   0.479068    12.4697    -1.9859     -1.423     0.3080    -0.3150 -9.990e-29
 196.775179     -1.424   0.479830    12.4706    -1.9860     -1.412     0.3085    -0.3147 -9.990e-29
 196.775185     -1.413   0.480651    12.4704    -1.9861     -1.401     0.3091    -0.3143 -9.990e-29
 196.775191     -1.401   0.480962    12.4697    -1.9860     -1.389     0.3093    -0.3140 -9.990e-29
 196.775197     -1.387   0.480623    12.4686    -1.9860     -1.375     0.3091    -0.3141 -9.990e-29
 196.775203     -1.370   0.479737    12.4679    -1.9859     -1.359     0.3085    -0.3144 -9.990e-29
 196.775208     -1.350   0.478786    12.4679    -1.9861     -1.339     0.3079    -0.3149 -9.990e-29
 196.775214     -1.329   0.478163    12.4680    -1.9863     -1.318     0.3075    -0.3153 -9.990e-29
 196.775220     -1.315   0.477590    12.4675    -1.9865     -1.304     0.3071    -0.3155 -9.990e-29
 196.775226     -1.306   0.476858    12.4663    -1.9866     -1.295     0.3066    -0.3157 -9.990e-29
 196.775231     -1.294   0.476100    12.4648    -1.9866     -1.283     0.3061    -0.3159 -9.990e-29
 196.775237     -1.278   0.475412    12.4638    -1.9868     -1.267     0.3057    -0.3162 -9.990e-29
