data/oxygen options/ONMS/Olympic_Coast_National_Marine_Sanctuary_CTD_Data_2005_2023/raw_data/2021/CAST_KL015_211014faed.cnv
* Sea-Bird SBE 19 Data File:
* FileName = C:\2021 Mooring Data\Casts\CAST_KL015_211014.hex
* Software Version SeatermAF 2.1.2
* Temperature SN = 2997
* Conductivity SN = 2997
* System UpLoad Time = Oct 18 2021 23:38:05 (localtime) = Oct 18 2021 23:38:05 (UTC)
** CAST_KL015_211014
* ds
# nquan = 9                                 
# nvalues = 1687                        
# units = specified
# name 0 = timeJ: Julian Days
# name 1 = prSM: Pressure, Strain Gauge [db]
# name 2 = c0mS/cm: Conductivity [mS/cm]
# name 3 = t090C: Temperature [ITS-90, deg C]
# name 4 = sbeox0ML/L: Oxygen, SBE 43 [ml/l]
# name 5 = depSM: Depth [salt water, m], lat = 47.5
# name 6 = sal00: Salinity, Practical [PSU]
# name 7 = sigma-é00: Density [sigma-theta, kg/m^3]
# name 8 = flag: flag
# span 0 = 287.792917, 287.802674       
# span 1 =     -4.640,     16.528       
# span 2 =   0.334175,  35.919832       
# span 3 =    12.3889,    13.9453       
# span 4 =    -1.9355,    13.0225       
# span 5 =     -4.601,     16.389       
# span 6 =     0.2055,    30.6570       
# span 7 =    -0.5847,    23.1306       
# span 8 = 0.0000e+00, 0.0000e+00       
# interval = seconds: 0.5
# start_time = Oct 14 2021 19:01:48 [Instrument's time stamp, header]
# bad_flag = -9.990e-29
*END*
[from data line 1281]
 287.800330      8.655  35.628600    12.3930     6.0255      8.583    30.4449    22.9818 0.0000e+00
 287.800336      8.507  35.628091    12.3934     6.0107      8.436    30.4441    22.9811 0.0000e+00
 287.800341      8.354  35.628217    12.3938     6.0144      8.284    30.4440    22.9809 0.0000e+00
 287.800347      8.185  35.628579    12.3942     6.0074      8.117    30.4441    22.9809 0.0000e+00
 287.800353      8.006  35.628534    12.3945     6.0125      7.939    30.4438    22.9807 0.0000e+00
 287.800359      7.829  35.628016    12.3948     6.0182      7.764    30.4432    22.9801 0.0000e+00
 287.800365      7.653  35.627450    12.3951     6.0168      7.589    30.4425    22.9795 0.0000e+00
 287.800370      7.478  35.627197    12.3954     6.0182      7.415    30.4421    22.9791 0.0000e+00
 287.800376      7.299  35.627475    12.3957     5.9747      7.238    30.4421    22.9791 0.0000e+00
 287.800382      7.115  35.628089    12.3962     6.0064      7.055    30.4424    22.9792 0.0000e+00
 287.800388      6.935  35.628732    12.3967     6.0217      6.877    30.4427    22.9793 0.0000e+00
 287.800394      6.773  35.629136    12.3973     6.0318      6.716    30.4426    22.9792 0.0000e+00
 287.800399      6.623  35.629274    12.3979     6.0404      6.568    30.4423    22.9789 0.0000e+00
 287.800405      6.475  35.629323    12.3984     5.9943      6.421    30.4420    22.9785 0.0000e+00
 287.800411      6.334  35.629342    12.3988     6.0056      6.281    30.4418    22.9783 0.0000e+00
 287.800417      6.203  35.629351    12.3990     6.0161      6.151    30.4417    22.9781 0.0000e+00
 287.800422      6.078  35.629357    12.3991     6.0299      6.027    30.4416    22.9781 0.0000e+00
 287.800428      5.950  35.629362    12.3989     6.0449      5.900    30.4419    22.9783 0.0000e+00
 287.800434      5.817  35.629366    12.3986     6.0296      5.768    30.4422    22.9786 0.0000e+00
 287.800440      5.678  35.629371    12.3985     6.0169      5.631    30.4423    22.9787 0.0000e+00
 287.800446      5.533  35.629377    12.3989     6.0045      5.487    30.4420    22.9784 0.0000e+00
 287.800451      5.386  35.629385    12.3994     6.0081      5.341    30.4417    22.9781 0.0000e+00
 287.800457      5.239  35.629402    12.4000     6.0205      5.195    30.4413    22.9776 0.0000e+00
 287.800463      5.093  35.629444    12.4009     6.0329      5.050    30.4406    22.9770 0.0000e+00
 287.800469      4.946  35.629562    12.4025     6.0357      4.905    30.4395    22.9758 0.0000e+00
 287.800475      4.802  35.629907    12.4045     6.0379      4.762    30.4383    22.9745 0.0000e+00
 287.800480      4.670  35.630376    12.4061     6.0351      4.631    30.4375    22.9735 -9.990e-29
 287.800486      4.553  35.630468    12.4067     6.0319      4.515    30.4371    22.9731 -9.990e-29
 287.800492      4.448  35.630299    12.4066     6.0301      4.411    30.4371    22.9731 -9.990e-29
 287.800498      4.348  35.630200    12.4064     6.0267      4.312    30.4372    22.9732 -9.990e-29
 287.800503      4.253  35.630031    12.4067     6.0200      4.217    30.4368    22.9729 -9.990e-29
 287.800509      4.158  35.630124    12.4073     6.0181      4.123    30.4365    22.9725 -9.990e-29
 287.800515      4.064  35.630594    12.4083     6.0173      4.030    30.4361    22.9721 -9.990e-29
 287.800521      3.973  35.630941    12.4093     6.0251      3.940    30.4357    22.9715 -9.990e-29
 287.800527      3.883  35.631064    12.4100     6.0225      3.851    30.4353    22.9711 -9.990e-29
 287.800532      3.788  35.631121    12.4103     6.0209      3.756    30.4351    22.9709 -9.990e-29
 287.800538      3.682  35.631182    12.4108     6.0329      3.651    30.4348    22.9706 -9.990e-29
 287.800544      3.563  35.631322    12.4119     6.0342      3.533    30.4341    22.9698 -9.990e-29
 287.800550      3.436  35.631720    12.4134     6.0437      3.407    30.4333    22.9689 0.0000e+00
 287.800556      3.311  35.632343    12.4150     6.0487      3.283    30.4327    22.9681 -9.990e-29
 287.800561      3.191  35.632893    12.4176     5.9973      3.164    30.4311    22.9664 -9.990e-29
 287.800567      3.078  35.633539    12.4212     6.0393      3.052    30.4289    22.9640 -9.990e-29
 287.800573      2.974  35.634578    12.4243     6.0531      2.949    30.4274    22.9623 -9.990e-29
 287.800579      2.880  35.635707    12.4264     6.0615      2.856    30.4268    22.9614 -9.990e-29
 287.800584      2.799  35.636559    12.4278     6.0699      2.776    30.4265    22.9609 -9.990e-29
 287.800590      2.730  35.637149    12.4286     6.0046      2.707    30.4264    22.9607 -9.990e-29
 287.800596      2.668  35.637509    12.4292     6.0322      2.646    30.4263    22.9605 -9.990e-29
 287.800602      2.611  35.638109    12.4302     6.0337      2.589    30.4261    22.9602 -9.990e-29
 287.800608      2.553  35.639556    12.4313     6.0413      2.532    30.4266    22.9604 -9.990e-29
 287.800613      2.492  35.640969    12.4320     6.0499      2.471    30.4274    22.9608 -9.990e-29
 287.800619      2.423  35.641423    12.4323     6.0340      2.403    30.4276    22.9609 -9.990e-29
 287.800625      2.347  35.641518    12.4332     6.0371      2.327    30.4270    22.9603 -9.990e-29
 287.800631      2.266  35.641933    12.4349     6.0370      2.247    30.4260    22.9592 -9.990e-29
 287.800637      2.185  35.642656    12.4373     6.0304      2.167    30.4248    22.9578 -9.990e-29
 287.800642      2.108  35.643524    12.4404     6.0357      2.090    30.4232    22.9560 -9.990e-29
 287.800648      2.032  35.644568    12.4440     6.0304      2.015    30.4213    22.9538 -9.990e-29
 287.800654      1.958  35.646053    12.4469     6.0369      1.942    30.4203    22.9526 -9.990e-29
 287.800660      1.894  35.647711    12.4481     6.0401      1.878    30.4210    22.9529 -9.990e-29
 287.800666      1.844  35.648386    12.4481     6.0385      1.829    30.4216    22.9534 -9.990e-29
 287.800671      1.806  35.647849    12.4476     6.0402      1.791    30.4215    22.9534 -9.990e-29
 287.800677      1.780  35.647059    12.4471     6.0439      1.765    30.4212    22.9532 -9.990e-29
 287.800683      1.766  35.646637    12.4468     6.0458      1.751    30.4211    22.9532 -9.990e-29
 287.800689      1.758  35.646574    12.4469     6.0388      1.743    30.4209    22.9530 -9.990e-29
 287.800694      1.756  35.646778    12.4470     6.0358      1.741    30.4210    22.9531 -9.990e-29
 287.800700      1.756  35.646953    12.4470     6.0262      1.741    30.4212    22.9532 -9.990e-29
 287.800706      1.752  35.646765    12.4468     6.0195      1.737    30.4212    22.9533 -9.990e-29
 287.800712      1.750  35.646519    12.4465     6.0207      1.735    30.4212    22.9533 -9.990e-29
 287.800718      1.753  35.646438    12.4462     6.0222      1.738    30.4214    22.9535 -9.990e-29
 287.800723      1.761  35.646408    12.4461     6.0333      1.746    30.4214    22.9536 -9.990e-29
 287.800729      1.776  35.646384    12.4461     6.0311      1.761    30.4214    22.9535 -9.990e-29
 287.800735      1.793  35.646325    12.4461     6.0296      1.778    30.4213    22.9535 -9.990e-29
 287.800741      1.805  35.646145    12.4461     6.0283      1.790    30.4211    22.9534 -9.990e-29
 287.800747      1.804  35.646158    12.4463     5.9864      1.789    30.4210    22.9532 -9.990e-29
 287.800752      1.790  35.646374    12.4463     6.0141      1.775    30.4212    22.9534 -9.990e-29
 287.800758      1.772  35.645953    12.4460     6.0281      1.757    30.4211    22.9533 -9.990e-29
 287.800764      1.752  35.645446    12.4458     6.0448      1.737    30.4207    22.9531 -9.990e-29
 287.800770      1.733  35.645852    12.4457     6.0563      1.719    30.4212    22.9535 -9.990e-29
 287.800775      1.722  35.646587    12.4457     6.0001      1.708    30.4219    22.9540 -9.990e-29
 287.800781      1.723  35.646942    12.4459     6.0274      1.709    30.4221    22.9541 -9.990e-29
 287.800787      1.732  35.646823    12.4459     6.0331      1.718    30.4220    22.9540 -9.990e-29
 287.800793      1.740  35.646625    12.4459     6.0420      1.725    30.4218    22.9539 -9.990e-29
 287.800799      1.745  35.646638    12.4462     6.0574      1.730    30.4215    22.9537 -9.990e-29
 287.800804      1.746  35.646873    12.4467     6.0414      1.731    30.4214    22.9534 -9.990e-29
 287.800810      1.743  35.647073    12.4471     6.0413      1.728    30.4212    22.9532 -9.990e-29
 287.800816      1.737  35.646940    12.4474     6.0400      1.722    30.4209    22.9529 -9.990e-29
 287.800822      1.731  35.646849    12.4477     6.0372      1.717    30.4205    22.9526 -9.990e-29
 287.800828      1.734  35.647234    12.4479     6.0437      1.720    30.4207    22.9527 -9.990e-29
 287.800833      1.745  35.648039    12.4480     6.0385      1.730    30.4214    22.9532 -9.990e-29
 287.800839      1.756  35.648651    12.4480     6.0371      1.741    30.4220    22.9537 -9.990e-29
 287.800845      1.764  35.648757    12.4480     6.0356      1.749    30.4221    22.9537 -9.990e-29
 287.800851      1.771  35.648492    12.4480     6.0342      1.756    30.4218    22.9535 -9.990e-29
 287.800856      1.775  35.648054    12.4481     6.0434      1.760    30.4213    22.9531 -9.990e-29
 287.800862      1.777  35.647974    12.4480     6.0452      1.762    30.4213    22.9532 -9.990e-29
 287.800868      1.778  35.648137    12.4475     6.0449      1.763    30.4219    22.9537 -9.990e-29
 287.800874      1.777  35.648195    12.4472     6.0369      1.762    30.4222    22.9540 -9.990e-29
 287.800880      1.775  35.648219    12.4473     6.0257      1.760    30.4221    22.9539 -9.990e-29
 287.800885      1.771  35.648231    12.4473     6.0241      1.756    30.4222    22.9539 -9.990e-29
 287.800891      1.764  35.648241    12.4472     6.0324      1.749    30.4223    22.9540 -9.990e-29
 287.800897      1.756  35.648256    12.4472     6.0450      1.741    30.4223    22.9540 -9.990e-29
 287.800903      1.744  35.648290    12.4474     6.0495      1.729    30.4221    22.9539 -9.990e-29
 287.800909      1.729  35.648382    12.4478     6.0481      1.715    30.4219    22.9536 -9.990e-29
 287.800914      1.714  35.648646    12.4481     6.0437      1.700    30.4219    22.9536 -9.990e-29
 287.800920      1.701  35.648866    12.4483     6.0407      1.687    30.4220    22.9536 -9.990e-29
 287.800926      1.691  35.648771    12.4482     6.0406      1.677    30.4220    22.9536 -9.990e-29
 287.800932      1.682  35.648785    12.4482     6.0274      1.668    30.4220    22.9536 -9.990e-29
 287.800937      1.674  35.648922    12.4481     6.0311      1.660    30.4222    22.9538 -9.990e-29
 287.800943      1.671  35.648796    12.4479     6.0325      1.657    30.4222    22.9539 -9.990e-29
 287.800949      1.677  35.648793    12.4479     6.0354      1.663    30.4222    22.9539 -9.990e-29
 287.800955      1.691  35.648903    12.4480     6.0398      1.677    30.4223    22.9539 -9.990e-29
 287.800961      1.712  35.648705    12.4480     5.9900      1.698    30.4221    22.9537 -9.990e-29
 287.800966      1.730  35.648489    12.4481     6.0266      1.716    30.4218    22.9535 -9.990e-29
 287.800972      1.745  35.648519    12.4482     6.0370      1.730    30.4217    22.9534 -9.990e-29
 287.800978      1.756  35.648829    12.4482     6.0470      1.741    30.4220    22.9536 -9.990e-29
 287.800984      1.763  35.649265    12.4482     6.0639      1.748    30.4224    22.9539 -9.990e-29
 287.800990      1.769  35.649280    12.4484     6.0184      1.754    30.4223    22.9538 -9.990e-29
 287.800995      1.772  35.648886    12.4487     6.0461      1.757    30.4216    22.9533 -9.990e-29
 287.801001      1.773  35.648672    12.4488     6.0519      1.758    30.4214    22.9530 -9.990e-29
 287.801007      1.773  35.648907    12.4487     6.0549      1.758    30.4217    22.9533 -9.990e-29
 287.801013      1.771  35.649336    12.4485     6.0591      1.756    30.4222    22.9538 -9.990e-29
 287.801019      1.766  35.649403    12.4484     6.0379      1.751    30.4224    22.9539 -9.990e-29
 287.801024      1.760  35.649190    12.4482     6.0364      1.745    30.4223    22.9539 -9.990e-29
 287.801030      1.750  35.648966    12.4480     6.0364      1.735    30.4223    22.9539 -9.990e-29
 287.801036      1.742  35.648426    12.4477     6.0312      1.727    30.4220    22.9537 -9.990e-29
 287.801042      1.743  35.647967    12.4474     6.0326      1.728    30.4218    22.9536 -9.990e-29
 287.801047      1.753  35.648090    12.4472     6.0327      1.738    30.4221    22.9539 -9.990e-29
 287.801053      1.764  35.648393    12.4472     6.0410      1.749    30.4224    22.9541 -9.990e-29
 287.801059      1.772  35.648711    12.4475     6.0452      1.757    30.4225    22.9541 -9.990e-29
 287.801065      1.779  35.648900    12.4479     6.0452      1.764    30.4223    22.9539 -9.990e-29
 287.801071      1.784  35.648643    12.4480     6.0503      1.769    30.4220    22.9536 -9.990e-29
 287.801076      1.788  35.648153    12.4479     6.0490      1.773    30.4216    22.9534 -9.990e-29
 287.801082      1.791  35.647889    12.4479     6.0489      1.776    30.4213    22.9532 -9.990e-29
 287.801088      1.793  35.648053    12.4478     6.0541      1.778    30.4216    22.9534 -9.990e-29
 287.801094      1.795  35.648297    12.4476     6.0461      1.780    30.4220    22.9537 -9.990e-29
 287.801100      1.796  35.648379    12.4472     6.0447      1.781    30.4224    22.9541 -9.990e-29
 287.801105      1.797  35.648402    12.4471     6.0365      1.782    30.4225    22.9542 -9.990e-29
 287.801111      1.798  35.648390    12.4475     6.0403      1.783    30.4221    22.9539 -9.990e-29
 287.801117      1.799  35.648319    12.4480     6.0379      1.784    30.4217    22.9534 -9.990e-29
 287.801123      1.799  35.648085    12.4482     6.0379      1.784    30.4213    22.9531 -9.990e-29
 287.801128      1.799  35.647931    12.4481     6.0326      1.784    30.4212    22.9530 -9.990e-29
 287.801134      1.799  35.648206    12.4481     6.0230      1.784    30.4215    22.9532 -9.990e-29
 287.801140      1.798  35.648710    12.4480     6.0109      1.783    30.4220    22.9537 -9.990e-29
 287.801146      1.798  35.648985    12.4476     5.9559      1.783    30.4226    22.9542 -9.990e-29
 287.801152      1.797  35.648831    12.4472     5.9889      1.782    30.4228    22.9544 -9.990e-29
 287.801157      1.796  35.648596    12.4471     6.0035      1.781    30.4227    22.9543 -9.990e-29
 287.801163      1.794  35.648521    12.4473     6.0211      1.779    30.4224    22.9541 -9.990e-29
 287.801169      1.792  35.648500    12.4476     6.0421      1.777    30.4222    22.9539 -9.990e-29
 287.801175      1.790  35.648496    12.4478     5.9993      1.775    30.4220    22.9537 -9.990e-29
 287.801181      1.786  35.648498    12.4478     6.0403      1.771    30.4220    22.9537 -9.990e-29
 287.801186      1.782  35.648502    12.4476     6.0493      1.767    30.4222    22.9539 -9.990e-29
 287.801192      1.776  35.648506    12.4473     6.0587      1.761    30.4224    22.9541 -9.990e-29
 287.801198      1.773  35.648509    12.4471     6.0550      1.758    30.4226    22.9543 -9.990e-29
 287.801204      1.776  35.648507    12.4471     6.0262      1.761    30.4226    22.9543 -9.990e-29
 287.801209      1.782  35.648493    12.4471     6.0231      1.767    30.4226    22.9543 -9.990e-29
 287.801215      1.787  35.648438    12.4474     6.0216      1.772    30.4223    22.9540 -9.990e-29
 287.801221      1.791  35.648262    12.4479     6.0259      1.776    30.4217    22.9534 -9.990e-29
 287.801227      1.794  35.648284    12.4484     6.0290      1.779    30.4213    22.9531 -9.990e-29
 287.801233      1.797  35.648526    12.4487     6.0359      1.782    30.4213    22.9530 -9.990e-29
 287.801238      1.799  35.648743    12.4490     6.0372      1.784    30.4213    22.9529 -9.990e-29
 287.801244      1.797  35.649219    12.4492     6.0374      1.782    30.4215    22.9531 -9.990e-29
