data/oxygen options/ONMS/Olympic_Coast_National_Marine_Sanctuary_CTD_Data_2005_2023/raw_data/2021/CAST_TH015_210608faed.cnv
* Sea-Bird SBE19 Data File:
* FileName = C:\2021 Mooring Data\CTD\CAST_TH015_210608.hex
* Software Version 1.59
* Temperature SN = 2997
* Conductivity SN = 2997
* System UpLoad Time = Jun 08 2021 23:01:22
** CAST_TH015_210608
* ds
# nquan = 9                                 
# nvalues = 786                         
# units = specified
# name 0 = timeJ: Julian Days
# name 1 = prSM: Pressure, Strain Gauge [db]
# name 2 = c0mS/cm: Conductivity [mS/cm]
# name 3 = t090C: Temperature [ITS-90, deg C]
# name 4 = sbeox0ML/L: Oxygen, SBE 43 [ml/l]
# name 5 = depSM: Depth [salt water, m], lat = 47.5
# name 6 = sal00: Salinity, Practical [PSU]
# name 7 = sigma-é00: Density [sigma-theta, kg/m^3]
# name 8 = flag: flag
# span 0 = 159.951806, 159.956348       
# span 1 =     -5.385,     18.695       
# span 2 =   0.220113,  38.788781       
# span 3 =     8.1074,    15.1860       
# span 4 =    -1.9234,    16.8315       
# span 5 =     -5.340,     18.538       
# span 6 =     0.1338,    33.5098       
# span 7 =    -0.8222,    26.0864       
# span 8 = 0.0000e+00, 0.0000e+00       
# interval = seconds: 0.5
# start_time = Jun 08 2021 22:50:36 [Instrument's time stamp, header]
# bad_flag = -9.990e-29
*END*
[from data line 321]
 159.953663     -0.763   0.220118    14.0333    -1.9219     -0.757     0.1340    -0.6544 -9.990e-29
 159.953669     -0.766   0.220119    14.0350    -1.9222     -0.760     0.1340    -0.6546 -9.990e-29
 159.953675     -0.761   0.220121    14.0333    -1.9221     -0.755     0.1340    -0.6544 -9.990e-29
 159.953681     -0.752   0.220125    14.0318    -1.9219     -0.746     0.1340    -0.6542 -9.990e-29
 159.953686     -0.743   0.220137    14.0326    -1.9212     -0.737     0.1340    -0.6543 -9.990e-29
 159.953692     -0.729   0.220172    14.0329    -1.9200     -0.723     0.1340    -0.6543 -9.990e-29
 159.953698     -0.709   0.220275    14.0290    -1.9191     -0.703     0.1341    -0.6537 -9.990e-29
 159.953704     -0.691   0.220582    14.0196    -1.9189     -0.685     0.1343    -0.6522 -9.990e-29
 159.953709     -0.677   0.221501    14.0066    -1.9189     -0.671     0.1349    -0.6499 -9.990e-29
 159.953715     -0.666   0.223702    13.9931    -1.9191     -0.660     0.1363    -0.6470 -9.990e-29
 159.953721     -0.659   0.229013    13.9810    -1.9192     -0.654     0.1396    -0.6427 -9.990e-29
 159.953727     -0.654   0.243957    13.9709    -1.9193     -0.649     0.1489    -0.6341 -9.990e-29
 159.953733     -0.650   0.278486    13.9643    -1.9187     -0.645     0.1703    -0.6166 -9.990e-29
 159.953738     -0.645   0.337083    13.9628    -1.9180     -0.640     0.2069    -0.5879 -9.990e-29
 159.953744     -0.632   0.415869    13.9659    -1.9175     -0.627     0.2565    -0.5498 -9.990e-29
 159.953750     -0.620   0.507960    13.9717    -1.9171     -0.615     0.3151    -0.5050 -9.990e-29
 159.953756     -0.617   0.594834    13.9779    -1.9175     -0.612     0.3709    -0.4626 -9.990e-29
 159.953762     -0.618   0.647679    13.9820    -1.9179     -0.613     0.4050    -0.4367 -9.990e-29
 159.953767     -0.618   0.659917    13.9827    -1.9183     -0.613     0.4129    -0.4306 -9.990e-29
 159.953773     -0.619   0.651747    13.9801    -1.9183     -0.614     0.4077    -0.4343 -9.990e-29
 159.953779     -0.619   0.645528    13.9756    -1.9180     -0.614     0.4037    -0.4368 -9.990e-29
 159.953785     -0.619   0.657905    13.9725    -1.9182     -0.614     0.4117    -0.4301 -9.990e-29
 159.953791     -0.619   0.698728    13.9728    -1.9181     -0.614     0.4383    -0.4096 -9.990e-29
 159.953796     -0.619   0.760910    13.9751    -1.9182     -0.614     0.4788    -0.3785 -9.990e-29
 159.953802     -0.619   0.821496    13.9751    -1.9184     -0.614     0.5185    -0.3477 -9.990e-29
 159.953808     -0.618   0.863160    13.9695    -1.9181     -0.613     0.5460    -0.3256 -9.990e-29
 159.953814     -0.618   0.886580    13.9596    -1.9174     -0.613     0.5615    -0.3121 -9.990e-29
 159.953819     -0.617   0.902472    13.9495    -1.9177     -0.612     0.5722    -0.3024 -9.990e-29
 159.953825     -0.616   0.921493    13.9425    -1.9183     -0.611     0.5848    -0.2916 -9.990e-29
 159.953831     -0.614   0.947939    13.9384    -1.9184     -0.609     0.6024    -0.2774 -9.990e-29
 159.953837     -0.612   0.977161    13.9354    -1.9177     -0.607     0.6218    -0.2620 -9.990e-29
 159.953843     -0.609   1.001554    13.9338    -1.9165     -0.604     0.6381    -0.2492 -9.990e-29
 159.953848     -0.606   1.017058    13.9338    -1.9153     -0.601     0.6484    -0.2412 -9.990e-29
 159.953854     -0.602   1.022169    13.9366    -1.9149     -0.597     0.6517    -0.2390 -9.990e-29
 159.953860     -0.596   1.017049    13.9433    -1.9146     -0.591     0.6482    -0.2426 -9.990e-29
 159.953866     -0.589   1.005404    13.9494    -1.9141     -0.584     0.6404    -0.2496 -9.990e-29
 159.953872     -0.580   0.992771    13.9497    -1.9140     -0.575     0.6320    -0.2561 -9.990e-29
 159.953877     -0.573   0.983368    13.9472    -1.9133     -0.568     0.6258    -0.2606 -9.990e-29
 159.953883     -0.571   0.977408    13.9505    -1.9135     -0.566     0.6218    -0.2641 -9.990e-29
 159.953889     -0.570   0.971932    13.9643    -1.9148     -0.565     0.6179    -0.2690 -9.990e-29
 159.953895     -0.566   0.966290    13.9854    -1.9155     -0.561     0.6138    -0.2752 -9.990e-29
 159.953900     -0.559   0.962382    14.0067    -1.9164     -0.554     0.6109    -0.2804 -9.990e-29
 159.953906     -0.552   0.959986    14.0234    -1.9176     -0.547     0.6091    -0.2842 -9.990e-29
 159.953912     -0.549   0.955353    14.0362    -1.9185     -0.544     0.6058    -0.2885 -9.990e-29
 159.953918     -0.550   0.945824    14.0462    -1.9189     -0.545     0.5994    -0.2949 -9.990e-29
 159.953924     -0.555   0.933674    14.0543    -1.9190     -0.550     0.5912    -0.3024 -9.990e-29
 159.953929     -0.561   0.923398    14.0594    -1.9196     -0.556     0.5844    -0.3084 -9.990e-29
 159.953935     -0.562   0.915690    14.0554    -1.9199     -0.557     0.5794    -0.3117 -9.990e-29
 159.953941     -0.560   0.907102    14.0413    -1.9205     -0.555     0.5739    -0.3140 -9.990e-29
 159.953947     -0.554   0.896160    14.0234    -1.9212     -0.549     0.5669    -0.3169 -9.990e-29
 159.953953     -0.544   0.884351    14.0033    -1.9221     -0.539     0.5594    -0.3198 -9.990e-29
 159.953958     -0.533   0.874220    13.9812    -1.9226     -0.529     0.5531    -0.3217 -9.990e-29
 159.953964     -0.525   0.868888    13.9623    -1.9229     -0.521     0.5498    -0.3216 -9.990e-29
 159.953970     -0.516   0.869007    13.9503    -1.9233     -0.512     0.5501    -0.3197 -9.990e-29
 159.953976     -0.504   0.869745    13.9417    -1.9234     -0.500     0.5507    -0.3180 -9.990e-29
 159.953981     -0.497   0.865989    13.9318    -1.9228     -0.493     0.5483    -0.3185 -9.990e-29
 159.953987     -0.496   0.859381    13.9194    -1.9219     -0.492     0.5442    -0.3200 -9.990e-29
 159.953993     -0.490   0.856631    13.9043    -1.9209     -0.486     0.5426    -0.3191 -9.990e-29
 159.953999     -0.481   0.861832    13.8872    -1.9200     -0.477     0.5462    -0.3139 -9.990e-29
 159.954005     -0.471   0.871940    13.8707    -1.9195     -0.467     0.5531    -0.3063 -9.990e-29
 159.954010     -0.461   0.881032    13.8572    -1.9191     -0.457     0.5593    -0.2996 -9.990e-29
 159.954016     -0.453   0.886821    13.8474    -1.9194     -0.449     0.5633    -0.2951 -9.990e-29
 159.954022     -0.448   0.890926    13.8424    -1.9198     -0.444     0.5661    -0.2923 -9.990e-29
 159.954028     -0.440   0.893833    13.8450    -1.9202     -0.436     0.5680    -0.2912 -9.990e-29
 159.954034     -0.433   0.893873    13.8556    -1.9205     -0.429     0.5678    -0.2927 -9.990e-29
 159.954039     -0.432   0.891101    13.8720    -1.9205     -0.428     0.5658    -0.2966 -9.990e-29
 159.954045     -0.432   0.890133    13.8914    -1.9197     -0.428     0.5649    -0.3000 -9.990e-29
 159.954051     -0.428   0.893003    13.9096    -1.5807     -0.424     0.5665    -0.3013 -9.990e-29
 159.954057     -0.424   0.894669    13.9224    -1.5942     -0.420     0.5674    -0.3024 -9.990e-29
 159.954062     -0.426   0.892918    13.9274    -1.5981     -0.422     0.5662    -0.3040 -9.990e-29
 159.954068     -0.428   0.893731    13.9250    -1.5977     -0.424     0.5667    -0.3032 -9.990e-29
 159.954074     -0.421   0.905952    13.9190    -1.5986     -0.417     0.5749    -0.2961 -9.990e-29
 159.954080     -0.403   0.941442    13.9125    -1.5984     -0.400     0.5985    -0.2769 -9.990e-29
 159.954086     -0.374   1.041422    13.9048    -1.5994     -0.371     0.6651    -0.2242 -9.990e-29
 159.954091     -0.343   1.344189    13.8904    -1.5986     -0.340     0.8688    -0.0642 -9.990e-29
 159.954097     -0.307   2.268396    13.8447    -1.5986     -0.304     1.5078     0.4368 -9.990e-29
 159.954103     -0.259   5.061841    13.7065    -1.5997     -0.257     3.5453     2.0297 -9.990e-29
 159.954109     -0.202  13.457984    13.4852    -1.5993     -0.200    10.1961     7.1820 -9.990e-29
 159.954115     -0.139  26.045340    13.3025    -1.5990     -0.138    21.0360    15.5511 -9.990e-29
 159.954120     -0.076  34.426945    13.2098    -1.5994     -0.075    28.6847    21.4664 -9.990e-29
 159.954126     -0.012  37.236411    13.1603    -1.5995     -0.012    31.3357    23.5246 -9.990e-29
 159.954132      0.056  38.202832    13.1225    -1.5988      0.056    32.2741    24.2579 -9.990e-29
 159.954138      0.129  38.554769    13.0988    -1.5978      0.128    32.6258    24.5347 -9.990e-29
 159.954144      0.198  38.708759    13.0984    -1.5989      0.196    32.7713    24.6474 -9.990e-29
 159.954149      0.254  38.779843    13.1154    -1.6006      0.252    32.8236    24.6845 -9.990e-29
 159.954155      0.298  38.788781    13.1357    -1.6006      0.296    32.8144    24.6734 -9.990e-29
 159.954161      0.332  38.737400    13.1519    -1.5999      0.329    32.7520    24.6219 -9.990e-29
 159.954167      0.358  38.661485    13.1593    -1.5987      0.355    32.6741    24.5601 -9.990e-29
 159.954172      0.378  38.613449    13.1585    -1.5994      0.375    32.6296    24.5258 -9.990e-29
 159.954178      0.393  38.598211    13.1585    -1.5997      0.390    32.6152    24.5147 -9.990e-29
 159.954184      0.404  38.597137    13.1599    -1.5994      0.401    32.6130    24.5127 -9.990e-29
 159.954190      0.412  38.605432    13.1531    -1.5988      0.409    32.6267    24.5247 -9.990e-29
 159.954196      0.421  38.631350    13.1375    -1.5997      0.417    32.6645    24.5570 -9.990e-29
 159.954201      0.436  38.660110    13.1262    -1.6003      0.432    32.7013    24.5877 -9.990e-29
 159.954207      0.451  38.654366    13.1289    -1.5994      0.447    32.6936    24.5812 -9.990e-29
 159.954213      0.456  38.616547    13.1433    -1.5998      0.452    32.6456    24.5412 -9.990e-29
 159.954219      0.457  38.587614    13.1570    -1.6005      0.453    32.6065    24.5083 -9.990e-29
 159.954225      0.458  38.582257    13.1583    -1.6007      0.454    32.6004    24.5033 -9.990e-29
 159.954230      0.459  38.582685    13.1522    -1.6003      0.455    32.6060    24.5088 -9.990e-29
 159.954236      0.460  38.582184    13.1476    -1.5996      0.456    32.6095    24.5124 -9.990e-29
 159.954242      0.462  38.591858    13.1442    -1.5999      0.458    32.6215    24.5224 -9.990e-29
 159.954248      0.463  38.612270    13.1371    -1.6006      0.459    32.6469    24.5434 -9.990e-29
 159.954253      0.466  38.621854    13.1223    -1.6005      0.462    32.6686    24.5632 -9.990e-29
 159.954259      0.469  38.615449    13.1053    -1.6004      0.465    32.6772    24.5732 -9.990e-29
 159.954265      0.473  38.633852    13.0991    -1.6007      0.469    32.6999    24.5920 -9.990e-29
 159.954271      0.473  38.675806    13.1050    -1.6005      0.469    32.7344    24.6175 -9.990e-29
 159.954277      0.466  38.675015    13.1102    -1.6008      0.462    32.7292    24.6124 -9.990e-29
 159.954282      0.456  38.628741    13.1070    -1.6003      0.452    32.6883    24.5814 -9.990e-29
 159.954288      0.450  38.602564    13.0992    -1.5999      0.446    32.6703    24.5691 -9.990e-29
 159.954294      0.452  38.624941    13.0943    -1.5997      0.448    32.6957    24.5897 -9.990e-29
 159.954300      0.458  38.662910    13.0956    -1.5994      0.454    32.7303    24.6162 -9.990e-29
 159.954306      0.464  38.669536    13.0986    -1.5996      0.460    32.7340    24.6185 -9.990e-29
 159.954311      0.470  38.645241    13.0984    -1.6004      0.466    32.7113    24.6009 -9.990e-29
 159.954317      0.477  38.625476    13.0949    -1.6009      0.473    32.6956    24.5895 -9.990e-29
 159.954323      0.486  38.620334    13.0903    -1.6011      0.482    32.6947    24.5897 -9.990e-29
 159.954329      0.497  38.624080    13.0861    -1.6002      0.493    32.7019    24.5961 -9.990e-29
 159.954334      0.506  38.634418    13.0829    -1.6001      0.502    32.7144    24.6064 -9.990e-29
 159.954340      0.509  38.652236    13.0823    -1.6000      0.505    32.7317    24.6199 -9.990e-29
 159.954346      0.508  38.683347    13.0860    -1.6000      0.504    32.7579    24.6395 -9.990e-29
 159.954352      0.501  38.714845    13.0937    -1.5996      0.497    32.7810    24.6558 -9.990e-29
 159.954358      0.492  38.727051    13.1028    -1.5998      0.488    32.7846    24.6568 -9.990e-29
 159.954363      0.486  38.713252    13.1083    -1.5995      0.482    32.7668    24.6420 -9.990e-29
 159.954369      0.482  38.670192    13.1076    -1.5992      0.478    32.7268    24.6112 -9.990e-29
 159.954375      0.479  38.614470    13.1020    -1.5994      0.475    32.6791    24.5754 -9.990e-29
 159.954381      0.478  38.581124    13.0946    -1.6006      0.474    32.6541    24.5574 -9.990e-29
 159.954387      0.479  38.592976    13.0894    -1.6000      0.475    32.6697    24.5706 -9.990e-29
 159.954392      0.481  38.637232    13.0895    -1.6008      0.477    32.7114    24.6028 -9.990e-29
 159.954398      0.484  38.674779    13.0925    -1.6010      0.480    32.7442    24.6276 -9.990e-29
 159.954404      0.489  38.688957    13.0944    -1.6001      0.485    32.7559    24.6363 -9.990e-29
 159.954410      0.496  38.695866    13.0964    -1.6000      0.492    32.7607    24.6396 -9.990e-29
 159.954416      0.502  38.706962    13.1019    -1.6009      0.498    32.7664    24.6429 -9.990e-29
 159.954421      0.502  38.714050    13.1101    -1.6018      0.498    32.7660    24.6410 -9.990e-29
 159.954427      0.500  38.710882    13.1159    -1.6012      0.496    32.7580    24.6337 -9.990e-29
 159.954433      0.501  38.693235    13.1156    -1.6005      0.497    32.7417    24.6210 -9.990e-29
 159.954439      0.505  38.654963    13.1111    -1.6008      0.501    32.7095    24.5970 -9.990e-29
 159.954444      0.513  38.618489    13.1062    -1.6013      0.509    32.6793    24.5746 -9.990e-29
 159.954450      0.524  38.602462    13.1022    -1.6016      0.520    32.6676    24.5664 -9.990e-29
 159.954456      0.539  38.592799    13.1001    -1.6018      0.535    32.6603    24.5612 -9.990e-29
 159.954462      0.555  38.599043    13.1009    -1.6019      0.550    32.6655    24.5650 -9.990e-29
 159.954468      0.565  38.621669    13.1018    -1.6009      0.560    32.6861    24.5808 -9.990e-29
 159.954473      0.568  38.615712    13.0993    -1.6006      0.563    32.6826    24.5786 -9.990e-29
 159.954479      0.575  38.573791    13.0947    -1.6005      0.570    32.6470    24.5520 -9.990e-29
 159.954485      0.584  38.548224    13.0914    -1.6006      0.579    32.6258    24.5361 -9.990e-29
 159.954491      0.589  38.568276    13.0918    -1.6003      0.584    32.6443    24.5504 -9.990e-29
 159.954497      0.585  38.595643    13.0948    -1.6007      0.580    32.6675    24.5678 -9.990e-29
 159.954502      0.577  38.587198    13.0964    -1.6007      0.572    32.6582    24.5603 -9.990e-29
 159.954508      0.572  38.551865    13.0951    -1.6005      0.567    32.6260    24.5356 -9.990e-29
 159.954514      0.574  38.521590    13.0938    -1.6006      0.569    32.5986    24.5146 -9.990e-29
 159.954520      0.580  38.512636    13.0944    -1.6005      0.575    32.5896    24.5076 -9.990e-29
 159.954525      0.585  38.529883    13.0955    -1.6008      0.580    32.6050    24.5192 -9.990e-29
 159.954531      0.590  38.565490    13.0953    12.9719      0.585    32.6387    24.5454 -9.990e-29
 159.954537      0.594  38.596849    13.0957    16.6703      0.589    32.6679    24.5679 -9.990e-29
 159.954543      0.599  38.614189    13.0986    16.8315      0.594    32.6818    24.5781 -9.990e-29
 159.954549      0.604  38.620444    13.1008    14.1378      0.599    32.6858    24.5807 -9.990e-29
 159.954554      0.610  38.614423    13.0997     8.4533      0.605    32.6810    24.5773 -9.990e-29
 159.954560      0.617  38.603240    13.0968     8.8586      0.612    32.6730    24.5716 -9.990e-29
 159.954566      0.626  38.603381    13.0942     9.3025      0.621    32.6753    24.5740 -9.990e-29
 159.954572      0.633  38.613911    13.0926     9.4311      0.628    32.6867    24.5830 -9.990e-29
 159.954578      0.634  38.618595    13.0926     9.4003      0.629    32.6911    24.5864 -9.990e-29
