data/oxygen options/ONMS/Olympic_Coast_National_Marine_Sanctuary_CTD_Data_2005_2023/raw_data/2021/CAST_CA042_210610faedb.cnv
* Sea-Bird SBE19 Data File:
* FileName = C:\2021 Mooring Data\CTD\CAST_CA042_210610.hex
* Software Version 1.59
* Temperature SN = 2997
* Conductivity SN = 2997
* System UpLoad Time = Jun 10 2021 20:27:11
** CAST_CA042_210610
* ds
# nquan = 9
# nvalues = 42                          
# units = specified
# name 0 = timeJ: Julian Days
# name 1 = prSM: Pressure, Strain Gauge [db]
# name 2 = c0mS/cm: Conductivity [mS/cm]
# name 3 = t090C: Temperature [ITS-90, deg C]
# name 4 = sbeox0ML/L: Oxygen, SBE 43 [ml/l]
# name 5 = depSM: Depth [salt water, m], lat = 47.5
# name 6 = sal00: Salinity, Practical [PSU]
# name 7 = sigma-é00: Density [sigma-theta, kg/m^3]
# name 8 = flag: flag
# span 0 = 161.768481, 161.769383       
# span 1 =      2.000,     43.000       
# span 2 =  34.531599,  37.065733       
# span 3 =     7.6152,    11.9077       
# span 4 =     2.9213,     8.8068       
# span 5 =      1.983,     42.637       
# span 6 =    32.2276,    33.5487       
# span 7 =    24.4541,    26.1904       
# span 8 = 0.0000e+00, 0.0000e+00       
# interval = decibars: 1                
# start_time = Jun 10 2021 18:20:33 [Instrument's time stamp, header]
# bad_flag = -9.990e-29
*END*
 161.768481      2.000  37.060723    11.9059     8.7919      1.983    32.2276    24.4541 0.0000e+00
 161.768514      3.000  37.064321    11.9077     8.8024      2.975    32.2292    24.4551 0.0000e+00
 161.768543      4.000  37.065733    11.9077     8.8068      3.967    32.2301    24.4558 0.0000e+00
 161.768568      5.000  37.060699    11.9010     8.7613      4.958    32.2306    24.4574 0.0000e+00
 161.768590      6.000  37.052722    11.8879     8.6241      5.950    32.2338    24.4624 0.0000e+00
 161.768611      7.000  37.013565    11.8296     8.3439      6.941    32.2460    24.4826 0.0000e+00
 161.768631      8.000  36.878002    11.6404     7.5921      7.933    32.2783    24.5423 0.0000e+00
 161.768651      9.000  36.690069    11.3742     6.5323      8.925    32.3268    24.6281 0.0000e+00
 161.768669     10.000  36.125152    10.6012     5.9124      9.916    32.4493    24.8592 0.0000e+00
 161.768689     11.000  35.590993     9.9505     5.3861     10.908    32.4940    25.0040 0.0000e+00
 161.768709     12.000  35.442173     9.5754     5.0237     11.899    32.6814    25.2117 0.0000e+00
 161.768729     13.000  35.263558     9.2397     4.9916     12.891    32.8043    25.3615 0.0000e+00
 161.768749     14.000  35.203988     9.1239     5.0423     13.883    32.8488    25.4147 0.0000e+00
 161.768770     15.000  35.241261     9.1385     5.1013     14.874    32.8734    25.4317 0.0000e+00
 161.768792     16.000  35.283194     9.1648     5.1372     15.866    32.8922    25.4423 0.0000e+00
 161.768811     17.000  35.312283     9.1993     5.1347     16.857    32.8900    25.4351 0.0000e+00
 161.768832     18.000  35.345041     9.2138     5.0689     17.849    32.9101    25.4486 0.0000e+00
 161.768852     19.000  35.354532     9.2114     5.0245     18.840    32.9217    25.4580 0.0000e+00
 161.768872     20.000  35.390006     9.2202     4.8560     19.832    32.9497    25.4786 0.0000e+00
 161.768892     21.000  35.419311     9.2043     4.7423     20.824    32.9944    25.5160 0.0000e+00
 161.768912     22.000  35.419994     9.1658     4.6761     21.815    33.0303    25.5502 0.0000e+00
 161.768935     23.000  35.418589     9.1225     4.5728     22.807    33.0685    25.5870 0.0000e+00
 161.768957     24.000  35.413881     9.0834     4.3341     23.798    33.0996    25.6175 0.0000e+00
 161.768977     25.000  35.358233     8.9588     4.1678     24.790    33.1572    25.6822 0.0000e+00
 161.768995     26.000  35.283754     8.8654     4.1319     25.781    33.1664    25.7039 0.0000e+00
 161.769015     27.000  35.250589     8.8089     4.1001     26.773    33.1841    25.7265 0.0000e+00
 161.769036     28.000  35.236277     8.7811     3.9474     27.765    33.1947    25.7391 0.0000e+00
 161.769055     29.000  35.192390     8.6959     3.8151     28.756    33.2282    25.7786 0.0000e+00
 161.769073     30.000  35.104654     8.5980     3.7710     29.747    33.2275    25.7930 0.0000e+00
 161.769092     31.000  35.043438     8.5166     3.7357     30.739    33.2393    25.8146 0.0000e+00
 161.769113     32.000  34.998240     8.4629     3.6346     31.730    33.2418    25.8248 0.0000e+00
 161.769134     33.000  34.963429     8.3972     3.2142     32.722    33.2666    25.8541 0.0000e+00
 161.769153     34.000  34.818790     8.1372     3.0403     33.713    33.3593    25.9656 0.0000e+00
 161.769172     35.000  34.681921     7.8947     3.0102     34.705    33.4440    26.0678 0.0000e+00
 161.769192     36.000  34.632668     7.8093     3.0128     35.697    33.4727    26.1027 0.0000e+00
 161.769213     37.000  34.607830     7.7649     3.0129     36.688    33.4882    26.1213 0.0000e+00
 161.769234     38.000  34.596451     7.7354     2.9630     37.679    33.5038    26.1379 0.0000e+00
 161.769254     39.000  34.569739     7.6820     2.9403     38.671    33.5261    26.1630 0.0000e+00
 161.769276     40.000  34.548607     7.6467     2.9397     39.662    33.5368    26.1765 0.0000e+00
 161.769298     41.000  34.538673     7.6275     2.9363     40.654    33.5441    26.1851 0.0000e+00
 161.769323     42.000  34.532314     7.6152     2.9285     41.645    33.5487    26.1904 0.0000e+00
 161.769383     43.000  34.531599     7.6180     2.9213     42.637    33.5447    26.1869 0.0000e+00
