data/oxygen options/ONMS/Olympic_Coast_National_Marine_Sanctuary_CTD_Data_2005_2023/raw_data/2021/CAST_TH015_210826faed.cnv
* Sea-Bird SBE 19 Data File:
* FileName = C:\2021 Mooring Data\Casts\CAST_TH015_210826.hex
* Software Version SeatermAF 2.1.2
* Temperature SN = 2997
* Conductivity SN = 2997
* System UpLoad Time = Aug 26 2021 17:02:50 (localtime) = Aug 26 2021 17:02:50 (UTC)
** CAST_TH015_210826
* ds
# nquan = 9                                 
# nvalues = 4532                        
# units = specified
# name 0 = timeJ: Julian Days
# name 1 = prSM: Pressure, Strain Gauge [db]
# name 2 = c0mS/cm: Conductivity [mS/cm]
# name 3 = t090C: Temperature [ITS-90, deg C]
# name 4 = sbeox0ML/L: Oxygen, SBE 43 [ml/l]
# name 5 = depSM: Depth [salt water, m], lat = 47.5
# name 6 = sal00: Salinity, Practical [PSU]
# name 7 = sigma-é00: Density [sigma-theta, kg/m^3]
# name 8 = flag: flag
# span 0 = 238.679387, 238.705608       
# span 1 =     -5.166,     17.182       
# span 2 =   0.010939,  37.373922       
# span 3 =     8.1260,    13.2099       
# span 4 =   -11.7454,    14.0576       
# span 5 =     -5.123,     17.038       
# span 6 =     0.0112,    33.5279       
# span 7 =    -0.6232,    26.0974       
# span 8 = 0.0000e+00, 0.0000e+00       
# interval = seconds: 0.5
# start_time = Aug 26 2021 16:18:19 [Instrument's time stamp, header]
# bad_flag = -9.990e-29
*END*
[from data line 2401]
 238.693281      0.909   0.952561    12.8763    -1.9662      0.901     0.6221    -0.1207 -9.990e-29
 238.693287      0.912   0.942192    12.8743    -1.9664      0.904     0.6151    -0.1259 -9.990e-29
 238.693293      0.922   0.933494    12.8720    -1.9665      0.914     0.6092    -0.1302 -9.990e-29
 238.693299      0.932   0.926511    12.8697    -1.9663      0.924     0.6045    -0.1335 -9.990e-29
 238.693304      0.938   0.921358    12.8679    -1.9666      0.930     0.6010    -0.1360 -9.990e-29
 238.693310      0.941   0.917265    12.8658    -1.9674      0.933     0.5983    -0.1379 -9.990e-29
 238.693316      0.944   0.913211    12.8621    -1.9681      0.936     0.5956    -0.1395 -9.990e-29
 238.693322      0.952   0.908777    12.8576    -1.9691      0.944     0.5926    -0.1412 -9.990e-29
 238.693328      0.962   0.903042    12.8537    -1.9698      0.954     0.5888    -0.1437 -9.990e-29
 238.693333      0.970   0.894457    12.8506    -1.9702      0.962     0.5830    -0.1479 -9.990e-29
 238.693339      0.976   0.883219    12.8483    -1.9701      0.968     0.5754    -0.1535 -9.990e-29
 238.693345      0.981   0.871529    12.8465    -1.9699      0.973     0.5675    -0.1594 -9.990e-29
 238.693351      0.985   0.862652    12.8432    -1.9697      0.977     0.5615    -0.1636 -9.990e-29
 238.693356      0.988   0.859719    12.8360    -1.9697      0.980     0.5596    -0.1642 -9.990e-29
 238.693362      0.996   0.861590    12.8243    -1.9699      0.988     0.5611    -0.1616 -9.990e-29
 238.693368      1.003   0.862445    12.8095    -1.9701      0.995     0.5619    -0.1591 -9.990e-29
 238.693374      0.998   0.858436    12.7942    -1.9700      0.990     0.5594    -0.1591 -9.990e-29
 238.693380      0.985   0.850318    12.7818    -1.9700      0.977     0.5540    -0.1617 -9.990e-29
 238.693385      0.971   0.840569    12.7749    -1.9700      0.963     0.5475    -0.1659 -9.990e-29
 238.693391      0.956   0.831715    12.7734    -1.9697      0.948     0.5415    -0.1704 -9.990e-29
 238.693397      0.938   0.825255    12.7748    -1.9692      0.930     0.5371    -0.1740 -9.990e-29
 238.693403      0.916   0.821444    12.7763    -1.9689      0.908     0.5345    -0.1762 -9.990e-29
 238.693409      0.899   0.820192    12.7768    -1.9689      0.891     0.5337    -0.1769 -9.990e-29
 238.693414      0.892   0.820383    12.7765    -1.9686      0.885     0.5338    -0.1768 -9.990e-29
 238.693420      0.891   0.818392    12.7760    -1.9684      0.884     0.5325    -0.1778 -9.990e-29
 238.693426      0.892   0.812119    12.7761    -1.9682      0.885     0.5282    -0.1811 -9.990e-29
 238.693432      0.896   0.805397    12.7771    -1.9683      0.889     0.5237    -0.1848 -9.990e-29
 238.693437      0.901   0.803122    12.7803    -1.9684      0.893     0.5221    -0.1864 -9.990e-29
 238.693443      0.905   0.803926    12.7868    -1.9682      0.897     0.5225    -0.1869 -9.990e-29
 238.693449      0.904   0.802227    12.7944    -1.9684      0.896     0.5213    -0.1888 -9.990e-29
 238.693455      0.900   0.796871    12.8006    -1.9684      0.892     0.5176    -0.1925 -9.990e-29
 238.693461      0.904   0.791803    12.8057    -1.9687      0.896     0.5141    -0.1958 -9.990e-29
 238.693466      0.914   0.789134    12.8109    -1.9687      0.906     0.5122    -0.1979 -9.990e-29
 238.693472      0.924   0.786971    12.8159    -1.9685      0.916     0.5107    -0.1998 -9.990e-29
 238.693478      0.929   0.783539    12.8189    -1.9681      0.921     0.5083    -0.2020 -9.990e-29
 238.693484      0.930   0.779807    12.8194    -1.9677      0.922     0.5058    -0.2040 -9.990e-29
 238.693490      0.927   0.777449    12.8194    -1.9671      0.919     0.5042    -0.2052 -9.990e-29
 238.693495      0.920   0.776094    12.8197    -1.9663      0.912     0.5033    -0.2060 -9.990e-29
 238.693501      0.912   0.773938    12.8194    -1.9658      0.904     0.5018    -0.2071 -9.990e-29
 238.693507      0.907   0.770321    12.8184    -1.9658      0.899     0.4994    -0.2088 -9.990e-29
 238.693513      0.905   0.765964    12.8178    -1.9660      0.897     0.4965    -0.2110 -9.990e-29
 238.693519      0.906   0.761711    12.8192    -1.9657      0.898     0.4936    -0.2135 -9.990e-29
 238.693524      0.906   0.757989    12.8233    -1.9655      0.898     0.4911    -0.2160 -9.990e-29
 238.693530      0.901   0.755381    12.8299    -1.9655      0.893     0.4892    -0.2182 -9.990e-29
 238.693536      0.893   0.754844    12.8398    -1.9653      0.886     0.4887    -0.2199 -9.990e-29
 238.693542      0.892   0.755663    12.8529    -1.9652      0.885     0.4891    -0.2212 -9.990e-29
 238.693547      0.897   0.755049    12.8667    -1.9652      0.890     0.4885    -0.2234 -9.990e-29
 238.693553      0.900   0.751629    12.8765    -1.9652      0.892     0.4861    -0.2265 -9.990e-29
 238.693559      0.897   0.746942    12.8806    -1.9651      0.890     0.4829    -0.2295 -9.990e-29
 238.693565      0.892   0.743054    12.8823    -1.9653      0.885     0.4803    -0.2318 -9.990e-29
 238.693571      0.889   0.740878    12.8849    -1.9650      0.882     0.4788    -0.2333 -9.990e-29
 238.693576      0.888   0.740286    12.8884    -1.9654      0.881     0.4783    -0.2341 -9.990e-29
 238.693582      0.893   0.740489    12.8921    -1.9657      0.886     0.4784    -0.2345 -9.990e-29
 238.693588      0.904   0.739541    12.8959    -1.9658      0.896     0.4777    -0.2355 -9.990e-29
 238.693594      0.914   0.735625    12.8986    -1.9653      0.906     0.4751    -0.2379 -9.990e-29
 238.693600      0.918   0.730169    12.8996    -1.9649      0.910     0.4714    -0.2409 -9.990e-29
 238.693605      0.918   0.726434    12.8996    -1.9648      0.910     0.4689    -0.2428 -9.990e-29
 238.693611      0.912   0.725537    12.8996    -1.9646      0.904     0.4683    -0.2433 -9.990e-29
 238.693617      0.906   0.725727    12.8999    -1.9645      0.898     0.4684    -0.2433 -9.990e-29
 238.693623      0.902   0.725042    12.8998    -1.9646      0.894     0.4680    -0.2436 -9.990e-29
 238.693628      0.901   0.723123    12.8979    -1.9647      0.893     0.4667    -0.2443 -9.990e-29
 238.693634      0.903   0.719631    12.8955    -1.9645      0.895     0.4644    -0.2458 -9.990e-29
 238.693640      0.903   0.714342    12.8960    -1.9644      0.895     0.4608    -0.2487 -9.990e-29
 238.693646      0.898   0.709074    12.9001    -1.9646      0.891     0.4573    -0.2520 -9.990e-29
 238.693652      0.890   0.706782    12.9055    -1.9648      0.883     0.4557    -0.2539 -9.990e-29
 238.693657      0.889   0.708290    12.9104    -1.9650      0.882     0.4566    -0.2538 -9.990e-29
 238.693663      0.893   0.710619    12.9145    -1.9654      0.886     0.4581    -0.2531 -9.990e-29
 238.693669      0.900   0.710224    12.9174    -1.9657      0.892     0.4578    -0.2537 -9.990e-29
 238.693675      0.909   0.706580    12.9189    -1.9659      0.901     0.4554    -0.2558 -9.990e-29
 238.693681      0.917   0.701479    12.9199    -1.9663      0.909     0.4519    -0.2586 -9.990e-29
 238.693686      0.921   0.696436    12.9209    -1.9663      0.913     0.4486    -0.2614 -9.990e-29
 238.693692      0.919   0.692487    12.9204    -1.9661      0.911     0.4459    -0.2634 -9.990e-29
 238.693698      0.917   0.691020    12.9175    -1.9657      0.909     0.4450    -0.2637 -9.990e-29
 238.693704      0.918   0.692295    12.9133    -1.9654      0.910     0.4459    -0.2625 -9.990e-29
 238.693709      0.924   0.694134    12.9088    -1.9651      0.916     0.4472    -0.2609 -9.990e-29
 238.693715      0.933   0.693447    12.9035    -1.9649      0.925     0.4468    -0.2606 -9.990e-29
 238.693721      0.942   0.689318    12.8982    -1.9647      0.934     0.4441    -0.2620 -9.990e-29
 238.693727      0.948   0.683447    12.8934    -1.9649      0.940     0.4402    -0.2644 -9.990e-29
 238.693733      0.952   0.677984    12.8896    -1.9653      0.944     0.4366    -0.2667 -9.990e-29
 238.693738      0.952   0.674515    12.8888    -1.9658      0.944     0.4343    -0.2684 -9.990e-29
 238.693744      0.950   0.673956    12.8917    -1.9665      0.942     0.4339    -0.2691 -9.990e-29
 238.693750      0.945   0.675561    12.8974    -1.9670      0.937     0.4349    -0.2691 -9.990e-29
 238.693756      0.940   0.677038    12.9043    -1.9677      0.932     0.4358    -0.2692 -9.990e-29
 238.693762      0.941   0.676477    12.9106    -1.9680      0.933     0.4353    -0.2704 -9.990e-29
 238.693767      0.943   0.673685    12.9151    -1.9681      0.935     0.4334    -0.2724 -9.990e-29
 238.693773      0.942   0.669927    12.9168    -1.9684      0.934     0.4309    -0.2746 -9.990e-29
 238.693779      0.942   0.666291    12.9146    -1.9683      0.934     0.4285    -0.2762 -9.990e-29
 238.693785      0.946   0.662918    12.9079    -1.9680      0.938     0.4263    -0.2770 -9.990e-29
 238.693791      0.952   0.659746    12.8976    -1.9679      0.944     0.4243    -0.2773 -9.990e-29
 238.693796      0.955   0.656980    12.8854    -1.9679      0.947     0.4226    -0.2771 -9.990e-29
 238.693802      0.956   0.654812    12.8730    -1.9684      0.948     0.4213    -0.2765 -9.990e-29
 238.693808      0.954   0.653123    12.8619    -1.9682      0.946     0.4203    -0.2759 -9.990e-29
 238.693814      0.950   0.651881    12.8533    -1.9675      0.942     0.4195    -0.2754 -9.990e-29
 238.693819      0.943   0.651645    12.8477    -1.9667      0.935     0.4194    -0.2748 -9.990e-29
 238.693825      0.936   0.652656    12.8454    -1.9665      0.928     0.4201    -0.2740 -9.990e-29
 238.693831      0.935   0.653490    12.8464    -1.9664      0.927     0.4207    -0.2737 -9.990e-29
 238.693837      0.934   0.652490    12.8489    -1.9663      0.926     0.4200    -0.2745 -9.990e-29
 238.693843      0.928   0.649985    12.8506    -1.9658      0.920     0.4183    -0.2760 -9.990e-29
 238.693848      0.923   0.647624    12.8503    -1.9658      0.915     0.4167    -0.2772 -9.990e-29
 238.693854      0.927   0.646140    12.8504    -1.9660      0.919     0.4157    -0.2780 -9.990e-29
 238.693860      0.938   0.644663    12.8552    -1.9655      0.930     0.4147    -0.2794 -9.990e-29
 238.693866      0.951   0.642333    12.8653    -1.9649      0.943     0.4130    -0.2820 -9.990e-29
 238.693872      0.961   0.639923    12.8763    -1.9644      0.953     0.4113    -0.2847 -9.990e-29
 238.693877      0.968   0.638655    12.8845    -1.9639      0.960     0.4104    -0.2865 -9.990e-29
 238.693883      0.974   0.637948    12.8902    -1.9638      0.966     0.4099    -0.2876 -9.990e-29
 238.693889      0.978   0.636304    12.8955    -1.9638      0.970     0.4087    -0.2892 -9.990e-29
 238.693895      0.981   0.633748    12.9004    -1.9640      0.973     0.4070    -0.2912 -9.990e-29
 238.693900      0.984   0.631863    12.9035    -1.9641      0.976     0.4057    -0.2926 -9.990e-29
 238.693906      0.985   0.631461    12.9068    -1.9640      0.977     0.4054    -0.2932 -9.990e-29
 238.693912      0.986   0.631450    12.9139    -1.9643      0.978     0.4053    -0.2942 -9.990e-29
 238.693918      0.987   0.630708    12.9243    -1.9642      0.979     0.4047    -0.2960 -9.990e-29
 238.693924      0.987   0.629357    12.9350    -1.9635      0.979     0.4037    -0.2981 -9.990e-29
 238.693929      0.987   0.627811    12.9434    -1.9592      0.979     0.4026    -0.3000 -9.990e-29
 238.693935      0.986   0.626228    12.9479    -1.9575      0.978     0.4015    -0.3015 -9.990e-29
 238.693941      0.984   0.624715    12.9487    -1.9555      0.976     0.4005    -0.3024 -9.990e-29
 238.693947      0.982   0.623471    12.9474    -1.9537      0.974     0.3996    -0.3028 -9.990e-29
 238.693953      0.979   0.622500    12.9463    -1.9546      0.971     0.3990    -0.3032 -9.990e-29
 238.693958      0.974   0.621619    12.9460    -1.9555      0.966     0.3984    -0.3036 -9.990e-29
 238.693964      0.969   0.621316    12.9461    -1.9562      0.961     0.3982    -0.3038 -9.990e-29
 238.693970      0.962   0.623956    12.9489    -1.9573      0.954     0.3999    -0.3028 -9.990e-29
 238.693976      0.953   0.636942    12.9533    -1.9585      0.945     0.4085    -0.2967 -9.990e-29
 238.693981      0.945   0.682021    12.9554    -1.9592      0.937     0.4385    -0.2736 -9.990e-29
 238.693987      0.943   0.822072    12.9543    -1.9592      0.935     0.5325    -0.2003 -9.990e-29
 238.693993      0.942   1.069768    12.9518    -1.9595      0.934     0.7009    -0.0690 -9.990e-29
 238.693999      0.941   1.329613    12.9493    -1.9605      0.933     0.8799     0.0705 -9.990e-29
 238.694005      0.946   1.541098    12.9476    -1.9616      0.938     1.0273     0.1852 -9.990e-29
 238.694010      0.952   1.671220    12.9457    -1.9625      0.944     1.1187     0.2563 -9.990e-29
 238.694016      0.955   1.687192    12.9411    -1.9631      0.947     1.1300     0.2658 -9.990e-29
 238.694022      0.955   1.631395    12.9328    -1.9635      0.947     1.0910     0.2366 -9.990e-29
 238.694028      0.954   1.560877    12.9240    -1.9637      0.946     1.0418     0.1994 -9.990e-29
 238.694034      0.953   1.493639    12.9184    -1.9636      0.945     0.9949     0.1637 -9.990e-29
 238.694039      0.959   1.433751    12.9146    -1.9635      0.951     0.9532     0.1318 -9.990e-29
 238.694045      0.966   1.386758    12.9080    -1.9637      0.958     0.9206     0.1074 -9.990e-29
 238.694051      0.972   1.353218    12.8968    -1.9639      0.964     0.8975     0.0909 -9.990e-29
 238.694057      0.977   1.323898    12.8837    -1.9642      0.969     0.8775     0.0769 -9.990e-29
 238.694063      0.980   1.290757    12.8723    -1.9644      0.972     0.8547     0.0607 -9.990e-29
 238.694068      0.982   1.254517    12.8639    -1.9646      0.974     0.8298     0.0424 -9.990e-29
 238.694074      0.983   1.220089    12.8583    -1.9644      0.975     0.8061     0.0247 -9.990e-29
 238.694080      0.984   1.191467    12.8562    -1.9642      0.976     0.7864     0.0096 -9.990e-29
 238.694086      0.984   1.170965    12.8579    -1.9642      0.976     0.7722    -0.0016 -9.990e-29
 238.694091      0.983   1.156195    12.8615    -1.9646      0.975     0.7619    -0.0101 -9.990e-29
 238.694097      0.981   1.140214    12.8642    -1.9650      0.973     0.7509    -0.0190 -9.990e-29
 238.694103      0.979   1.117790    12.8648    -1.9651      0.971     0.7354    -0.0311 -9.990e-29
 238.694109      0.975   1.090072    12.8634    -1.9655      0.967     0.7164    -0.0457 -9.990e-29
 238.694115      0.970   1.063900    12.8607    -1.9651      0.962     0.6985    -0.0593 -9.990e-29
 238.694120      0.964   1.046513    12.8587    -1.9649      0.956     0.6866    -0.0683 -9.990e-29
 238.694126      0.960   1.039675    12.8598    -1.9650      0.952     0.6819    -0.0721 -9.990e-29
 238.694132      0.962   1.038703    12.8626    -1.9654      0.954     0.6812    -0.0730 -9.990e-29
 238.694138      0.966   1.036757    12.8640    -1.9657      0.958     0.6798    -0.0742 -9.990e-29
 238.694144      0.969   1.028469    12.8626    -1.9655      0.961     0.6742    -0.0784 -9.990e-29
 238.694149      0.969   1.012213    12.8603    -1.9654      0.961     0.6631    -0.0868 -9.990e-29
 238.694155      0.969   0.991816    12.8586    -1.9658      0.961     0.6492    -0.0974 -9.990e-29
 238.694161      0.966   0.972787    12.8580    -1.9662      0.958     0.6362    -0.1074 -9.990e-29
 238.694167      0.962   0.958028    12.8591    -1.9665      0.954     0.6261    -0.1154 -9.990e-29
 238.694172      0.960   0.949481    12.8602    -1.9666      0.952     0.6203    -0.1201 -9.990e-29
 238.694178      0.964   0.947944    12.8593    -1.9666      0.956     0.6192    -0.1207 -9.990e-29
 238.694184      0.970   0.949148    12.8569    -1.9667      0.962     0.6201    -0.1198 -9.990e-29
 238.694190      0.975   0.946383    12.8553    -1.9668      0.967     0.6182    -0.1210 -9.990e-29
 238.694196      0.979   0.938180    12.8553    -1.9668      0.971     0.6126    -0.1254 -9.990e-29
