data/oxygen options/ONMS/Olympic_Coast_National_Marine_Sanctuary_CTD_Data_2005_2023/raw_data/2021/CAST_CA042_210610faed.cnv
* Sea-Bird SBE19 Data File:
* FileName = C:\2021 Mooring Data\CTD\CAST_CA042_210610.hex
* Software Version 1.59
* Temperature SN = 2997
* Conductivity SN = 2997
* System UpLoad Time = Jun 10 2021 20:27:11
** CAST_CA042_210610
* ds
# nquan = 9                                 
# nvalues = 1053                        
# units = specified
# name 0 = timeJ: Julian Days
# name 1 = prSM: Pressure, Strain Gauge [db]
# name 2 = c0mS/cm: Conductivity [mS/cm]
# name 3 = t090C: Temperature [ITS-90, deg C]
# name 4 = sbeox0ML/L: Oxygen, SBE 43 [ml/l]
# name 5 = depSM: Depth [salt water, m], lat = 47.5
# name 6 = sal00: Salinity, Practical [PSU]
# name 7 = sigma-é00: Density [sigma-theta, kg/m^3]
# name 8 = flag: flag
# span 0 = 161.764271, 161.770359       
# span 1 =     -5.140,     42.900       
# span 2 =   0.365606,  37.218927       
# span 3 =     7.6128,    13.1587       
# span 4 =    -1.9721,    19.2795       
# span 5 =     -5.097,     42.538       
# span 6 =     0.2295,    33.5498       
# span 7 =    -0.4592,    26.1915       
# span 8 = 0.0000e+00, 0.0000e+00       
# interval = seconds: 0.5
# start_time = Jun 10 2021 18:20:33 [Instrument's time stamp, header]
# bad_flag = -9.990e-29
*END*
[from data line 961]
 161.769832     20.336  35.345977     9.1788     4.8994     20.165    32.9423    25.4793 0.0000e+00
 161.769838     20.037  35.331525     9.1695     4.9155     19.869    32.9361    25.4759 0.0000e+00
 161.769844     19.737  35.316577     9.1616     4.9187     19.571    32.9280    25.4709 0.0000e+00
 161.769850     19.444  35.301990     9.1556     4.8596     19.281    32.9186    25.4644 0.0000e+00
 161.769855     19.160  35.288160     9.1502     4.8990     18.999    32.9094    25.4581 0.0000e+00
 161.769861     18.884  35.276290     9.1447     4.9036     18.726    32.9023    25.4534 0.0000e+00
 161.769867     18.616  35.267009     9.1390     4.9327     18.460    32.8980    25.4510 0.0000e+00
 161.769873     18.351  35.260843     9.1344     4.9603     18.197    32.8960    25.4501 0.0000e+00
 161.769878     18.081  35.257048     9.1311     4.9628     17.929    32.8953    25.4500 0.0000e+00
 161.769884     17.806  35.255046     9.1294     4.9724     17.657    32.8949    25.4500 0.0000e+00
 161.769890     17.531  35.254973     9.1314     4.9788     17.384    32.8931    25.4482 0.0000e+00
 161.769896     17.254  35.257853     9.1369     4.9654     17.109    32.8911    25.4458 0.0000e+00
 161.769902     16.975  35.262481     9.1437     4.9673     16.833    32.8898    25.4437 0.0000e+00
 161.769907     16.689  35.265502     9.1483     4.9560     16.549    32.8888    25.4422 0.0000e+00
 161.769913     16.396  35.265904     9.1478     4.9395     16.259    32.8898    25.4431 0.0000e+00
 161.769919     16.098  35.261982     9.1424     4.9419     15.963    32.8908    25.4447 0.0000e+00
 161.769925     15.793  35.250752     9.1336     4.9330     15.661    32.8875    25.4435 0.0000e+00
 161.769931     15.483  35.234055     9.1215     4.9472     15.353    32.8815    25.4407 0.0000e+00
 161.769936     15.174  35.213166     9.1047     4.9614     15.047    32.8754    25.4386 0.0000e+00
 161.769942     14.876  35.188817     9.0862     4.9966     14.751    32.8674    25.4352 0.0000e+00
 161.769948     14.601  35.161045     9.0702     5.0458     14.479    32.8535    25.4268 0.0000e+00
 161.769954     14.340  35.127008     9.0592     5.1060     14.220    32.8284    25.4089 0.0000e+00
 161.769959     14.071  35.097921     9.0574     5.2079     13.953    32.8000    25.3870 0.0000e+00
 161.769965     13.790  35.087116     9.0675     5.3309     13.674    32.7796    25.3694 0.0000e+00
 161.769971     13.502  35.091957     9.0903     5.4465     13.389    32.7637    25.3535 0.0000e+00
 161.769977     13.208  35.110491     9.1261     5.5741     13.097    32.7502    25.3372 0.0000e+00
 161.769983     12.916  35.144457     9.1746     5.7221     12.808    32.7409    25.3223 0.0000e+00
 161.769988     12.630  35.189270     9.2292     5.9002     12.524    32.7372    25.3108 0.0000e+00
 161.769994     12.346  35.230153     9.2885     6.1061     12.243    32.7252    25.2920 0.0000e+00
 161.770000     12.062  35.262781     9.3719     6.3176     11.961    32.6827    25.2455 0.0000e+00
 161.770006     11.771  35.304888     9.4824     6.5038     11.672    32.6253    25.1829 0.0000e+00
 161.770012     11.475  35.358823     9.5893     6.6741     11.379    32.5835    25.1330 0.0000e+00
 161.770017     11.183  35.410764     9.6875     6.8099     11.089    32.5477    25.0892 0.0000e+00
 161.770023     10.897  35.467781     9.7927     6.9195     10.806    32.5109    25.0432 0.0000e+00
 161.770029     10.611  35.526331     9.9043     7.0059     10.522    32.4700    24.9929 0.0000e+00
 161.770035     10.317  35.570336    10.0248     7.0672     10.231    32.4065    24.9234 0.0000e+00
 161.770041     10.007  35.624861    10.1507     7.2039      9.923    32.3490    24.8577 0.0000e+00
 161.770046      9.693  35.709938    10.2754     7.3150      9.612    32.3236    24.8170 0.0000e+00
 161.770052      9.388  35.805071    10.3912     7.4482      9.309    32.3163    24.7917 0.0000e+00
 161.770058      9.091  35.877950    10.4866     7.6135      9.015    32.3047    24.7664 0.0000e+00
 161.770064      8.790  35.925439    10.5712     7.7443      8.716    32.2773    24.7306 0.0000e+00
 161.770069      8.484  35.977809    10.6608     7.9330      8.413    32.2505    24.6943 0.0000e+00
 161.770075      8.184  36.053335    10.7733     8.1022      8.116    32.2265    24.6562 0.0000e+00
 161.770081      7.892  36.168656    10.9055     8.2547      7.826    32.2247    24.6318 0.0000e+00
 161.770087      7.597  36.294812    11.0331     8.3874      7.533    32.2375    24.6194 0.0000e+00
 161.770093      7.290  36.381983    11.1647     8.4978      7.229    32.2082    24.5734 0.0000e+00
 161.770098      6.968  36.455054    11.3026     8.5736      6.910    32.1597    24.5111 0.0000e+00
 161.770104      6.640  36.535236    11.4198     8.6505      6.584    32.1363    24.4719 0.0000e+00
 161.770110      6.321  36.615666    11.5065     8.7191      6.268    32.1397    24.4589 0.0000e+00
 161.770116      6.019  36.699347    11.5714     8.7589      5.969    32.1651    24.4669 0.0000e+00
 161.770122      5.729  36.771183    11.6237     8.7869      5.681    32.1898    24.4766 0.0000e+00
 161.770127      5.440  36.818776    11.6720     8.8112      5.395    32.1943    24.4713 0.0000e+00
 161.770133      5.147  36.851216    11.7252     8.8409      5.104    32.1798    24.4503 0.0000e+00
 161.770139      4.844  36.881491    11.7834     8.8700      4.804    32.1589    24.4234 0.0000e+00
 161.770145      4.537  36.917460    11.8360     8.8921      4.499    32.1484    24.4056 0.0000e+00
 161.770150      4.242  36.956078    11.8762     8.8861      4.207    32.1512    24.4003 0.0000e+00
 161.770156      3.969  36.993909    11.9063     8.8629      3.936    32.1619    24.4031 0.0000e+00
 161.770162      3.714  37.024784    11.9253     8.8391      3.683    32.1754    24.4101 0.0000e+00
 161.770168      3.469  37.037179    11.9339     8.8285      3.440    32.1801    24.4121 0.0000e+00
 161.770174      3.236  37.038654    11.9400     8.8360      3.209    32.1763    24.4081 0.0000e+00
 161.770179      3.013  37.044076    11.9472     8.8782      2.988    32.1755    24.4060 0.0000e+00
 161.770185      2.799  37.052266    11.9534     8.8538      2.776    32.1781    24.4069 0.0000e+00
 161.770191      2.592  37.057888    11.9559     8.8595      2.570    32.1815    24.4091 0.0000e+00
 161.770197      2.388  37.060590    11.9550     8.8703      2.368    32.1849    24.4119 0.0000e+00
 161.770203      2.187  37.061734    11.9545     8.8264      2.169    32.1866    24.4133 0.0000e+00
 161.770208      1.993  37.062288    11.9573     8.7259      1.976    32.1848    24.4114 0.0000e+00
 161.770214      1.812  37.062989    11.9626     8.5839      1.797    32.1809    24.4074 0.0000e+00
 161.770220      1.648  37.063091    11.9678     8.4531      1.634    32.1766    24.4031 0.0000e+00
 161.770226      1.500  37.052641    11.9707    10.0600      1.487    32.1641    24.3928 0.0000e+00
 161.770231      1.359  37.009299    11.9684     9.8810      1.348    32.1243    24.3623 0.0000e+00
 161.770237      1.224  36.898263    11.9586     9.4439      1.214    32.0256    24.2876 -9.990e-29
 161.770243      1.103  36.823189    11.9387     8.6094      1.094    31.9702    24.2483 -9.990e-29
 161.770249      1.002  36.892518    11.9040     7.6736      0.994    32.0671    24.3299 -9.990e-29
 161.770255      0.918  36.956514    11.8580     7.1019      0.910    32.1687    24.4172 -9.990e-29
 161.770260      0.851  36.890846    11.8120     6.7447      0.844    32.1449    24.4072 -9.990e-29
 161.770266      0.800  36.637102    11.7714     6.5781      0.793    31.9340    24.2509 -9.990e-29
 161.770272      0.758  35.879933    11.7324     6.4391      0.752    31.2341    23.7148 -9.990e-29
 161.770278      0.722  33.617062    11.6872     6.4390      0.716    29.0919    22.0608 -9.990e-29
 161.770284      0.695  26.841972    11.6365     6.4393      0.689    22.7259    17.1375 -9.990e-29
 161.770289      0.670  16.674859    11.5889     6.4949      0.664    13.5263    10.0307 -9.990e-29
 161.770295      0.642   9.700386    11.5481     6.5481      0.637     7.5357     5.4037 -9.990e-29
 161.770301      0.612   7.035630    11.5120     6.5927      0.607     5.3414     3.7088 -9.990e-29
 161.770307      0.588   5.906983    11.4769 -9.990e-29      0.583     4.4336     3.0092 -9.990e-29
 161.770312      0.573   5.099279    11.4396 -9.990e-29      0.568     3.7930     2.5164 -9.990e-29
 161.770318      0.565   4.183372    11.4000 -9.990e-29      0.560     3.0748     1.9632 -9.990e-29
 161.770324      0.559   3.527884    11.3627 -9.990e-29      0.554     2.5679     1.5734 -9.990e-29
 161.770330      0.552   3.566606    11.3302 -9.990e-29      0.547     2.6001     1.6020 -9.990e-29
 161.770336      0.546   4.036621    11.2996 -9.990e-29      0.541     2.9681     1.8917 -9.990e-29
 161.770341      0.542   4.212483    11.2710 -9.990e-29      0.537     3.1083     2.0039 -9.990e-29
 161.770347      0.534   3.980753    11.2494 -9.990e-29      0.530     2.9284     1.8664 -9.990e-29
 161.770353      0.527   3.512378    11.2411 -9.990e-29      0.523     2.5643     1.5841 -9.990e-29
 161.770359      0.525   3.001316 -9.990e-29 -9.990e-29      0.521 -9.990e-29 -9.990e-29 -9.990e-29
