data/oxygen options/ONMS/Olympic_Coast_National_Marine_Sanctuary_CTD_Data_2005_2023/raw_data/2021/CAST_CE042_211018faed.cnv
* Sea-Bird SBE 19 Data File:
* FileName = C:\2021 Mooring Data\Casts\PPS\CAST_CE042_PPS_211018.hex
* Software Version SeatermAF 2.1.2
* Temperature SN = 2997
* Conductivity SN = 2997
* System UpLoad Time = Oct 18 2021 18:58:08 (localtime) = Oct 18 2021 18:58:08 (UTC)
** CAST_CE042_PPS_211018
* ds
# nquan = 9                                 
# nvalues = 4039                        
# units = specified
# name 0 = timeJ: Julian Days
# name 1 = prSM: Pressure, Strain Gauge [db]
# name 2 = c0mS/cm: Conductivity [mS/cm]
# name 3 = t090C: Temperature [ITS-90, deg C]
# name 4 = sbeox0ML/L: Oxygen, SBE 43 [ml/l]
# name 5 = depSM: Depth [salt water, m], lat = 47.5
# name 6 = sal00: Salinity, Practical [PSU]
# name 7 = sigma-é00: Density [sigma-theta, kg/m^3]
# name 8 = flag: flag
# span 0 = 291.764780, 291.788148       
# span 1 =     -4.311,     46.948       
# span 2 =   0.007749,  37.048116       
# span 3 =     8.3762,    13.5267       
# span 4 =   -12.4119,    14.9231       
# span 5 =     -4.275,     46.551       
# span 6 =     0.0094,    33.3392       
# span 7 =    -0.6800,    25.9131       
# span 8 = 0.0000e+00, 0.0000e+00       
# interval = seconds: 0.5
# start_time = Oct 18 2021 18:21:17 [Instrument's time stamp, header]
# bad_flag = -9.990e-29
*END*
[from data line 3841]
 291.787008      1.462   1.838306    11.5972     6.6262      1.450     1.2811     0.5453 -9.990e-29
 291.787014      1.468   1.849372    11.5999     6.6467      1.456     1.2892     0.5513 -9.990e-29
 291.787020      1.470   1.863081    11.5985     6.6562      1.458     1.2993     0.5593 -9.990e-29
 291.787025      1.468   1.866648    11.5933     6.6710      1.456     1.3021     0.5621 -9.990e-29
 291.787031      1.466   1.877238    11.5846     6.5988      1.454     1.3102     0.5694 -9.990e-29
 291.787037      1.468   1.899585    11.5719     6.6378      1.456     1.3270     0.5839 -9.990e-29
 291.787043      1.470   1.926505    11.5574     6.6446      1.458     1.3474     0.6014 -9.990e-29
 291.787049      1.469   1.950582    11.5457    -8.9459      1.457     1.3655     0.6169 -9.990e-29
 291.787054      1.463   1.961369    11.5419   -12.3939      1.451     1.3736     0.6236 -9.990e-29
 291.787060      1.453   1.956052    11.5473   -12.4119      1.441     1.3695     0.6198 -9.990e-29
 291.787066      1.442   1.937530    11.5583    -8.9458      1.430     1.3555     0.6076 -9.990e-29
 291.787072      1.434   1.908843    11.5694    -2.0178      1.422     1.3339     0.5896 -9.990e-29
 291.787078      1.424   1.873349    11.5753    -2.0178      1.412     1.3076     0.5684 -9.990e-29
 291.787083      1.411   1.833094    11.5738    -2.0182      1.399     1.2781     0.5456 -9.990e-29
 291.787089      1.403   1.788767    11.5670    -2.0182      1.391     1.2458     0.5212 -9.990e-29
 291.787095      1.404   1.740617    11.5602    -2.0189      1.392     1.2108     0.4947 -9.990e-29
 291.787101      1.410   1.691561    11.5580    -2.0195      1.398     1.1750     0.4670 -9.990e-29
 291.787106      1.412   1.649963    11.5605    -2.0198      1.400     1.1446     0.4430 -9.990e-29
 291.787112      1.411   1.623032    11.5642    -2.0197      1.399     1.1248     0.4272 -9.990e-29
 291.787118      1.415   1.605923    11.5680    -2.0193      1.403     1.1123     0.4170 -9.990e-29
 291.787124      1.424   1.588028    11.5725    -2.0186      1.412     1.0991     0.4062 -9.990e-29
 291.787130      1.430   1.565454    11.5766    -2.0188      1.418     1.0826     0.3929 -9.990e-29
 291.787135      1.434   1.538050    11.5787    -2.0172      1.422     1.0627     0.3771 -9.990e-29
 291.787141      1.441   1.506992    11.5780    -2.0161      1.429     1.0402     0.3596 -9.990e-29
 291.787147      1.446   1.476904    11.5749    -2.0150      1.434     1.0184     0.3430 -9.990e-29
 291.787153      1.445   1.449263    11.5727    -2.0114      1.433     0.9985     0.3277 -9.990e-29
 291.787159      1.443   1.419382    11.5749    -2.0100      1.431     0.9769     0.3106 -9.990e-29
 291.787164      1.444   1.385131    11.5810    -2.0091      1.432     0.9520     0.2905 -9.990e-29
 291.787170      1.443   1.351861    11.5881    -2.0076      1.431     0.9279     0.2709 -9.990e-29
 291.787176      1.437   1.329004    11.5929    -2.0086      1.425     0.9113     0.2575 -9.990e-29
 291.787182      1.424   1.326011    11.5954    -2.0074      1.412     0.9091     0.2554 -9.990e-29
 291.787188      1.409   1.346658    11.5984    -2.0040      1.397     0.9239     0.2666 -9.990e-29
 291.787193      1.399   1.397958    11.6028    -2.0041      1.387     0.9607     0.2949 -9.990e-29
 291.787199      1.398   1.487312    11.6081    -2.0052      1.386     1.0251     0.3445 -9.990e-29
 291.787205      1.400   1.605754    11.6143    -2.0031      1.388     1.1108     0.4106 -9.990e-29
 291.787211      1.403   1.760359    11.6214    -2.0013      1.391     1.2233     0.4975 -9.990e-29
 291.787216      1.406   1.942617    11.6313    -2.0021      1.394     1.3566     0.6003 -9.990e-29
 291.787222      1.409   2.089900    11.6442    -2.0040      1.397     1.4647     0.6830 -9.990e-29
 291.787228      1.413   2.174473    11.6573    -2.0063      1.401     1.5267     0.7298 -9.990e-29
 291.787234      1.414   2.203690    11.6684    -2.0074      1.402     1.5479     0.7451 -9.990e-29
 291.787240      1.411   2.208741    11.6764    -2.0021      1.399     1.5513     0.7468 -9.990e-29
 291.787245      1.410   2.269041    11.6805    -2.0014      1.398     1.5959     0.7810 -9.990e-29
 291.787251      1.404   2.373996    11.6823    -2.0025      1.392     1.6738     0.8415 -9.990e-29
 291.787257      1.391   2.434399    11.6847    -2.0054      1.379     1.7187     0.8762 -9.990e-29
 291.787263      1.373   2.471977    11.6888    -2.0088      1.362     1.7466     0.8974 -9.990e-29
 291.787269      1.361   2.544048    11.6930    -2.0094      1.350     1.8002     0.9386 -9.990e-29
 291.787274      1.360   2.591331    11.6943    -2.0010      1.349     1.8355     0.9660 -9.990e-29
 291.787280      1.361   2.539255    11.6910    -1.9957      1.350     1.7967     0.9362 -9.990e-29
 291.787286      1.364   2.416051    11.6817    -2.0022      1.353     1.7052     0.8660 -9.990e-29
 291.787292      1.373   2.319910    11.6652    -2.0055      1.362     1.6343     0.8127 -9.990e-29
 291.787297      1.385   2.381759    11.6448    -2.0038      1.373     1.6813     0.8516 -9.990e-29
 291.787303      1.392   2.600816    11.6248    -2.0004      1.380     1.8461     0.9821 -9.990e-29
 291.787309      1.394   2.778633    11.6069    -1.9995      1.382     1.9808     1.0890 -9.990e-29
 291.787315      1.396   2.800483    11.5928    -2.0017      1.384     1.9980     1.1040 -9.990e-29
 291.787321      1.398   2.717147    11.5841    -2.0053      1.386     1.9356     1.0564 -9.990e-29
 291.787326      1.404   2.653373    11.5807    -2.0088      1.392     1.8877     1.0196 -9.990e-29
 291.787332      1.415   2.787726    11.5805    -2.0116      1.403     1.9890     1.0984 -9.990e-29
 291.787338      1.422   3.115065    11.5807    -2.0133      1.410     2.2372     1.2914 -9.990e-29
 291.787344      1.422   3.310865    11.5800    -2.0154      1.410     2.3866     1.4077 -9.990e-29
 291.787350      1.415   3.211563    11.5768    -2.0155      1.403     2.3110     1.3492 -9.990e-29
 291.787355      1.405   3.073906    11.5708    -2.0131      1.393     2.2065     1.2687 -9.990e-29
 291.787361      1.400   3.115709    11.5647    -2.0134      1.388     2.2386     1.2944 -9.990e-29
 291.787367      1.399   3.256719    11.5601    -2.0143      1.387     2.3465     1.3788 -9.990e-29
 291.787373      1.398   3.308039    11.5559    -2.0147      1.386     2.3860     1.4100 -9.990e-29
 291.787378      1.401   3.182111    11.5503    -2.0126      1.389     2.2901     1.3361 -9.990e-29
 291.787384      1.408   2.933081    11.5427    -2.0092      1.396     2.1011     1.1899 -9.990e-29
 291.787390      1.412   2.659642    11.5319    -2.0102      1.400     1.8949     1.0307 -9.990e-29
 291.787396      1.413   2.428995    11.5178    -2.0101      1.401     1.7223     0.8979 -9.990e-29
 291.787402      1.414   2.272107    11.5042    -2.0089      1.402     1.6057     0.8086 -9.990e-29
 291.787407      1.416   2.207837    11.4945    -2.0101      1.404     1.5582     0.7727 -9.990e-29
 291.787413      1.424   2.249802    11.4885    -2.0073      1.412     1.5897     0.7979 -9.990e-29
 291.787419      1.438   2.344102    11.4856    -1.9993      1.426     1.6602     0.8532 -9.990e-29
 291.787425      1.450   2.395648    11.4832    -2.0040      1.438     1.6989     0.8836 -9.990e-29
 291.787431      1.456   2.403818    11.4793    -2.0089      1.444     1.7052     0.8889 -9.990e-29
 291.787436      1.458   2.457186    11.4740    -2.0112      1.446     1.7455     0.9209 -9.990e-29
 291.787442      1.455   2.607490    11.4703    -2.0123      1.443     1.8587     1.0094 -9.990e-29
 291.787448      1.447   2.776566    11.4722    -2.0130      1.435     1.9863     1.1086 -9.990e-29
 291.787454      1.438   2.864095    11.4786    -2.0144      1.426     2.0523     1.1592 -9.990e-29
 291.787459      1.436   2.895774    11.4868    -2.0152      1.424     2.0759     1.1766 -9.990e-29
 291.787465      1.440   2.919947    11.4962    -2.0163      1.428     2.0937     1.1895 -9.990e-29
 291.787471      1.443   2.977172    11.5048    -2.0164      1.431     2.1367     1.2219 -9.990e-29
 291.787477      1.440   3.143747    11.5106    -2.0164      1.428     2.2633     1.3197 -9.990e-29
 291.787483      1.431   3.283722    11.5138    -2.0142      1.419     2.3701     1.4024 -9.990e-29
 291.787488      1.419   3.162949    11.5160    -2.0097      1.407     2.2776     1.3302 -9.990e-29
 291.787494      1.414   2.872432    11.5184    -2.0088      1.402     2.0565     1.1579 -9.990e-29
 291.787500      1.414   2.618751    11.5202    -2.0112      1.402     1.8647     1.0085 -9.990e-29
 291.787506      1.414   2.441612    11.5202    -2.0121      1.402     1.7317     0.9049 -9.990e-29
 291.787512      1.416   2.309035    11.5192    -2.0127      1.404     1.6326     0.8279 -9.990e-29
 291.787517      1.414   2.198499    11.5198    -2.0133      1.402     1.5502     0.7636 -9.990e-29
 291.787523      1.409   2.106323    11.5251    -2.0135      1.397     1.4815     0.7095 -9.990e-29
 291.787529      1.409   2.036652    11.5340    -2.0138      1.397     1.4295     0.6681 -9.990e-29
 291.787535      1.414   1.998114    11.5418    -2.0149      1.402     1.4008     0.6448 -9.990e-29
 291.787541      1.420   2.026421    11.5467    -2.0163      1.408     1.4215     0.6604 -9.990e-29
 291.787546      1.428   2.168189    11.5509    -2.0177      1.416     1.5264     0.7416 -9.990e-29
 291.787552      1.433   2.355574    11.5563    -2.0170      1.421     1.6657     0.8495 -9.990e-29
 291.787558      1.431   2.425637    11.5626    -2.0122      1.419     1.7177     0.8893 -9.990e-29
 291.787564      1.428   2.348070    11.5674    -2.0112      1.416     1.6596     0.8435 -9.990e-29
 291.787569      1.426   2.228636    11.5699    -2.0122      1.414     1.5705     0.7738 -9.990e-29
 291.787575      1.422   2.132807    11.5725    -2.0085      1.410     1.4992     0.7180 -9.990e-29
 291.787581      1.416   2.062078    11.5748    -2.0056      1.404     1.4468     0.6769 -9.990e-29
 291.787587      1.410   1.998150    11.5720    -2.0054      1.398     1.3997     0.6405 -9.990e-29
 291.787593      1.405   1.925683    11.5631    -1.9974      1.393     1.3466     0.6001 -9.990e-29
 291.787598      1.401   1.850680    11.5523    -2.0023      1.389     1.2918     0.5587 -9.990e-29
 291.787604      1.396   1.799054    11.5452    -2.0065      1.384     1.2541     0.5301 -9.990e-29
 291.787610      1.392   1.815125    11.5439    -2.0084      1.380     1.2659     0.5395 -9.990e-29
 291.787616      1.387   1.950275    11.5482    -2.0094      1.375     1.3652     0.6164 -9.990e-29
 291.787622      1.381   2.156156    11.5561    -2.0106      1.369     1.5172     0.7339 -9.990e-29
 291.787627      1.374   2.299536    11.5647    -2.0115      1.363     1.6235     0.8157 -9.990e-29
 291.787633      1.370   2.401834    11.5707    -2.0123      1.359     1.6996     0.8743 -9.990e-29
 291.787639      1.373   2.572256    11.5721    -2.0129      1.362     1.8272     0.9734 -9.990e-29
 291.787645      1.382   2.781115    11.5702    -2.0135      1.370     1.9846     1.0961 -9.990e-29
 291.787650      1.395   3.011678    11.5690    -2.0139      1.383     2.1593     1.2322 -9.990e-29
 291.787656      1.403   3.182811    11.5719    -2.0131      1.391     2.2893     1.3330 -9.990e-29
 291.787662      1.407   3.099708    11.5792    -2.0133      1.395     2.2256     1.2826 -9.990e-29
 291.787668      1.412   2.836432    11.5880    -2.0134      1.400     2.0254     1.1259 -9.990e-29
 291.787674      1.418   2.587024    11.5948    -2.0137      1.406     1.8372     0.9786 -9.990e-29
 291.787679      1.425   2.390215    11.5978    -2.0152      1.413     1.6897     0.8635 -9.990e-29
 291.787685      1.430   2.234955    11.5981    -2.0166      1.418     1.5740     0.7734 -9.990e-29
 291.787691      1.432   2.115635    11.5965    -2.0170      1.420     1.4856     0.7047 -9.990e-29
 291.787697      1.440   2.026285    11.5925    -2.0174      1.428     1.4197     0.6538 -9.990e-29
 291.787703      1.456   1.964828    11.5874    -2.0185      1.444     1.3745     0.6192 -9.990e-29
 291.787708      1.471   1.936415    11.5827    -2.0199      1.459     1.3538     0.6036 -9.990e-29
 291.787714      1.482   1.943655    11.5772    -2.0217      1.470     1.3593     0.6085 -9.990e-29
 291.787720      1.489   1.972353    11.5701    -2.0232      1.477     1.3807     0.6260 -9.990e-29
 291.787726      1.494   1.996987    11.5612    -2.0241      1.482     1.3992     0.6414 -9.990e-29
 291.787731      1.492   2.006040    11.5506    -2.0259      1.480     1.4063     0.6481 -9.990e-29
 291.787737      1.479   1.989393    11.5410    -2.0263      1.467     1.3943     0.6399 -9.990e-29
 291.787743      1.463   1.939260    11.5324    -2.0223      1.451     1.3577     0.6122 -9.990e-29
 291.787749      1.455   1.878652    11.5205    -2.0202      1.443     1.3134     0.5791 -9.990e-29
 291.787755      1.454   1.836038    11.5027    -2.0195      1.442     1.2827     0.5571 -9.990e-29
 291.787760      1.453   1.812286    11.4806    -2.0186      1.441     1.2660     0.5465 -9.990e-29
 291.787766      1.447   1.791260    11.4582    -2.0198      1.435     1.2513     0.5376 -9.990e-29
 291.787772      1.440   1.759346    11.4389    -2.0207      1.428     1.2285     0.5219 -9.990e-29
 291.787778      1.440   1.715036    11.4209    -2.0209      1.428     1.1965     0.4990 -9.990e-29
 291.787784      1.447   1.669136    11.4015    -2.0217      1.435     1.1635     0.4753 -9.990e-29
 291.787789      1.452   1.640869    11.3849    -2.0219      1.440     1.1433     0.4614 -9.990e-29
 291.787795      1.457   1.661873    11.3746    -2.0219      1.445     1.1590     0.4748 -9.990e-29
 291.787801      1.465   1.787328    11.3708    -2.0219      1.453     1.2513     0.5472 -9.990e-29
 291.787807      1.473   2.009229    11.3745    -2.0223      1.461     1.4153     0.6746 -9.990e-29
 291.787812      1.478   2.206304    11.3836    -2.0230      1.466     1.5616     0.7877 -9.990e-29
 291.787818      1.479   2.299042    11.3944    -2.0221      1.467     1.6305     0.8402 -9.990e-29
 291.787824      1.476   2.292361    11.4057    -2.0211      1.464     1.6250     0.8347 -9.990e-29
 291.787830      1.470   2.207867    11.4156    -2.0212      1.458     1.5615     0.7840 -9.990e-29
 291.787836      1.464   2.092691    11.4222    -2.0152      1.452     1.4754     0.7163 -9.990e-29
 291.787841      1.462   1.990213    11.4283    -2.0146      1.450     1.3991     0.6561 -9.990e-29
 291.787847      1.460   1.911359    11.4356    -2.0177      1.448     1.3406     0.6097 -9.990e-29
 291.787853      1.454   1.849733    11.4408    -2.0211      1.442     1.2949     0.5735 -9.990e-29
 291.787859      1.446   1.796939    11.4397    -2.0247      1.434     1.2561     0.5433 -9.990e-29
 291.787865      1.446   1.753029    11.4304    -2.0273      1.434     1.2241     0.5194 -9.990e-29
 291.787870      1.454   1.734890    11.4157    -2.0278      1.442     1.2113     0.5110 -9.990e-29
 291.787876      1.460   1.780456    11.4006    -2.0282      1.448     1.2453     0.5392 -9.990e-29
 291.787882      1.462   1.905001    11.3882    -2.0282      1.450     1.3376     0.6125 -9.990e-29
 291.787888      1.460   2.072679    11.3787    -2.0279      1.448     1.4623     0.7108 -9.990e-29
 291.787894      1.457   2.290169    11.3687    -2.0277      1.445     1.6250     0.8387 -9.990e-29
 291.787899      1.457   2.528985    11.3555    -2.0273      1.445     1.8051     0.9805 -9.990e-29
 291.787905      1.458   2.629800    11.3383    -2.0257      1.446     1.8822     1.0424 -9.990e-29
 291.787911      1.453   2.533383    11.3165    -2.0242      1.441     1.8103     0.9889 -9.990e-29
 291.787917      1.443   2.342026    11.2968    -2.0239      1.431     1.6671     0.8794 -9.990e-29
 291.787922      1.432   2.161257    11.2884    -2.0232      1.420     1.5319     0.7750 -9.990e-29
