data/oxygen options/ONMS/Olympic_Coast_National_Marine_Sanctuary_CTD_Data_2005_2023/raw_data/2021/CAST_MB042_210716faedb.cnv
* Sea-Bird SBE 19 Data File:
* FileName = C:\2021 Mooring Data\Casts\CAST_MB042_210716.hex
* Software Version SeatermAF 2.1.2
* Temperature SN = 2997
* Conductivity SN = 2997
* System UpLoad Time = Jul 16 2021 18:06:10 (localtime) = Jul 16 2021 18:06:10 (UTC)
** CAST_MB042_210716
* ds
# nquan = 9
# nvalues = 40                          
# units = specified
# name 0 = timeJ: Julian Days
# name 1 = prSM: Pressure, Strain Gauge [db]
# name 2 = c0mS/cm: Conductivity [mS/cm]
# name 3 = t090C: Temperature [ITS-90, deg C]
# name 4 = sbeox0ML/L: Oxygen, SBE 43 [ml/l]
# name 5 = depSM: Depth [salt water, m], lat = 47.5
# name 6 = sal00: Salinity, Practical [PSU]
# name 7 = sigma-é00: Density [sigma-theta, kg/m^3]
# name 8 = flag: flag
# span 0 = 197.702936, 197.703605       
# span 1 =      2.000,     41.000       
# span 2 =  34.177337,  35.958820       
# span 3 =     6.9995,     9.7871       
# span 4 =     1.5419,     4.2096       
# span 5 =      1.983,     40.654       
# span 6 =    33.0206,    33.7620       
# span 7 =    25.4421,    26.4442       
# span 8 = 0.0000e+00, 0.0000e+00       
# interval = decibars: 1                
# start_time = Jul 16 2021 16:46:44 [Instrument's time stamp, header]
# bad_flag = -9.990e-29
*END*
 197.702936      2.000  35.958820     9.7871     4.2096      1.983    33.0206    25.4421 0.0000e+00
 197.702962      3.000  35.673006     9.3422     3.1527      2.975    33.1371    25.6053 0.0000e+00
 197.702984      4.000  35.229193     8.6706     2.7703      3.967    33.3020    25.8397 0.0000e+00
 197.703003      5.000  34.912889     8.3229     2.5324      4.958    33.2964    25.8882 0.0000e+00
 197.703023      6.000  34.777702     8.0507     2.3737      5.950    33.4111    26.0187 0.0000e+00
 197.703039      7.000  34.639498     7.8725     2.3467      6.941    33.4332    26.0621 0.0000e+00
 197.703057      8.000  34.593300     7.7905     2.3120      7.933    33.4617    26.0964 0.0000e+00
 197.703074      9.000  34.559953     7.7214     2.2635      8.924    33.4918    26.1301 0.0000e+00
 197.703091     10.000  34.529476     7.6635     2.1951      9.917    33.5143    26.1560 0.0000e+00
 197.703106     11.000  34.485479     7.6031     2.1636     10.908    33.5246    26.1728 0.0000e+00
 197.703123     12.000  34.454314     7.5667     2.1302     11.899    33.5256    26.1788 0.0000e+00
 197.703139     13.000  34.431523     7.5235     2.0831     12.891    33.5422    26.1980 0.0000e+00
 197.703156     14.000  34.415471     7.5109     2.0718     13.883    33.5365    26.1953 0.0000e+00
 197.703173     15.000  34.403358     7.4725     2.0183     14.874    33.5601    26.2193 0.0000e+00
 197.703188     16.000  34.393458     7.4338     1.9961     15.866    33.5864    26.2455 0.0000e+00
 197.703203     17.000  34.379678     7.3966     1.9766     16.857    33.6070    26.2669 0.0000e+00
 197.703220     18.000  34.362905     7.3694     1.9668     17.849    33.6147    26.2768 0.0000e+00
 197.703236     19.000  34.370868     7.3708     1.9143     18.841    33.6215    26.2819 0.0000e+00
 197.703252     20.000  34.365283     7.3440     1.8366     19.832    33.6410    26.3011 0.0000e+00
 197.703268     21.000  34.327078     7.2922     1.8289     20.824    33.6494    26.3148 0.0000e+00
 197.703284     22.000  34.309292     7.2748     1.8289     21.815    33.6465    26.3150 0.0000e+00
 197.703300     23.000  34.320187     7.2702     1.7990     22.807    33.6624    26.3282 0.0000e+00
 197.703316     24.000  34.318350     7.2542     1.7719     23.798    33.6755    26.3407 0.0000e+00
 197.703331     25.000  34.303621     7.2309     1.7431     24.790    33.6816    26.3488 0.0000e+00
 197.703347     26.000  34.291961     7.2177     1.7667     25.781    33.6812    26.3503 0.0000e+00
 197.703362     27.000  34.287806     7.2148     1.7244     26.773    33.6791    26.3491 0.0000e+00
 197.703378     28.000  34.285434     7.2162     1.7122     27.764    33.6747    26.3455 0.0000e+00
 197.703393     29.000  34.277895     7.1860     1.6401     28.756    33.6954    26.3659 0.0000e+00
 197.703408     30.000  34.257689     7.1364     1.6095     29.747    33.7214    26.3932 0.0000e+00
 197.703424     31.000  34.244069     7.1013     1.5939     30.739    33.7403    26.4130 0.0000e+00
 197.703440     32.000  34.235752     7.0861     1.6050     31.731    33.7456    26.4193 0.0000e+00
 197.703457     33.000  34.229808     7.0810     1.5992     32.722    33.7436    26.4183 0.0000e+00
 197.703474     34.000  34.225872     7.0805     1.5991     33.713    33.7393    26.4150 0.0000e+00
 197.703491     35.000  34.220587     7.0745     1.5985     34.705    33.7389    26.4156 0.0000e+00
 197.703508     36.000  34.215772     7.0730     1.5951     35.696    33.7346    26.4124 0.0000e+00
 197.703526     37.000  34.211576     7.0720     1.5910     36.688    33.7305    26.4094 0.0000e+00
 197.703544     38.000  34.206976     7.0679     1.5419     37.679    33.7290    26.4087 0.0000e+00
 197.703562     39.000  34.198059     7.0459     1.5501     38.671    33.7403    26.4207 0.0000e+00
 197.703581     40.000  34.186976     7.0276     1.5441     39.662    33.7455    26.4273 0.0000e+00
 197.703605     41.000  34.177337     6.9995     1.5470     40.654    33.7620    26.4442 0.0000e+00
