data/oxygen options/ONMS/Olympic_Coast_National_Marine_Sanctuary_CTD_Data_2005_2023/raw_data/2021/CAST_KL027_211014faed.cnv
* Sea-Bird SBE 19 Data File:
* FileName = C:\2021 Mooring Data\Casts\CAST_KL027_211014.hex
* Software Version SeatermAF 2.1.2
* Temperature SN = 2997
* Conductivity SN = 2997
* System UpLoad Time = Oct 18 2021 23:35:54 (localtime) = Oct 18 2021 23:35:54 (UTC)
** CAST_KL027_211014
* ds
# nquan = 9                                 
# nvalues = 1851                        
# units = specified
# name 0 = timeJ: Julian Days
# name 1 = prSM: Pressure, Strain Gauge [db]
# name 2 = c0mS/cm: Conductivity [mS/cm]
# name 3 = t090C: Temperature [ITS-90, deg C]
# name 4 = sbeox0ML/L: Oxygen, SBE 43 [ml/l]
# name 5 = depSM: Depth [salt water, m], lat = 47.5
# name 6 = sal00: Salinity, Practical [PSU]
# name 7 = sigma-é00: Density [sigma-theta, kg/m^3]
# name 8 = flag: flag
# span 0 = 287.736146, 287.746852       
# span 1 =     -4.663,     29.616       
# span 2 =   0.031006,  36.671128       
# span 3 =    11.8336,    12.8807       
# span 4 =    -1.9923,    13.3064       
# span 5 =     -4.624,     29.367       
# span 6 =     0.0222,    31.8971       
# span 7 =    -0.5873,    24.2116       
# span 8 = 0.0000e+00, 0.0000e+00       
# interval = seconds: 0.5
# start_time = Oct 14 2021 17:40:03 [Instrument's time stamp, header]
# bad_flag = -9.990e-29
*END*
[from data line 641]
 287.739855      0.503   0.034338    12.8432    -1.9721      0.499     0.0241    -0.5826 -9.990e-29
 287.739861      0.500   0.034338    12.8438    -1.9721      0.496     0.0240    -0.5827 -9.990e-29
 287.739867      0.499   0.034338    12.8458    -1.9721      0.495     0.0240    -0.5830 -9.990e-29
 287.739873      0.502   0.034338    12.8493    -1.9720      0.498     0.0240    -0.5834 -9.990e-29
 287.739878      0.507   0.034338    12.8535    -1.9719      0.503     0.0240    -0.5839 -9.990e-29
 287.739884      0.512   0.034338    12.8575    -1.9719      0.508     0.0240    -0.5844 -9.990e-29
 287.739890      0.511   0.034338    12.8605    -1.9717      0.507     0.0240    -0.5848 -9.990e-29
 287.739896      0.510   0.034338    12.8618    -1.9719      0.506     0.0240    -0.5850 -9.990e-29
 287.739902      0.508   0.034338    12.8620    -1.9722      0.504     0.0240    -0.5850 -9.990e-29
 287.739907      0.500   0.034338    12.8622    -1.9722      0.496     0.0240    -0.5850 -9.990e-29
 287.739913      0.491   0.034337    12.8627    -1.9720      0.487     0.0240    -0.5851 -9.990e-29
 287.739919      0.485   0.034337    12.8637    -1.9720      0.481     0.0240    -0.5852 -9.990e-29
 287.739925      0.480   0.034337    12.8650    -1.9720      0.476     0.0240    -0.5854 -9.990e-29
 287.739931      0.477   0.034337    12.8662    -1.9717      0.473     0.0240    -0.5855 -9.990e-29
 287.739936      0.475   0.034337    12.8671    -1.9716      0.471     0.0240    -0.5856 -9.990e-29
 287.739942      0.474   0.034337    12.8671    -1.9715      0.470     0.0240    -0.5856 -9.990e-29
 287.739948      0.475   0.034337    12.8652    -1.9714      0.471     0.0240    -0.5854 -9.990e-29
 287.739954      0.476   0.034337    12.8629    -1.9714      0.472     0.0240    -0.5851 -9.990e-29
 287.739959      0.479   0.034337    12.8625    -1.9712      0.475     0.0240    -0.5851 -9.990e-29
 287.739965      0.483   0.034336    12.8638    -1.9712      0.479     0.0240    -0.5852 -9.990e-29
 287.739971      0.490   0.034336    12.8655    -1.9713      0.486     0.0240    -0.5854 -9.990e-29
 287.739977      0.498   0.034336    12.8677    -1.9715      0.494     0.0240    -0.5857 -9.990e-29
 287.739983      0.504   0.034336    12.8706    -1.9718      0.500     0.0240    -0.5861 -9.990e-29
 287.739988      0.506   0.034336    12.8735    -1.9721      0.502     0.0240    -0.5864 -9.990e-29
 287.739994      0.506   0.034336    12.8761    -1.9721      0.502     0.0240    -0.5868 -9.990e-29
 287.740000      0.509   0.034336    12.8782    -1.9720      0.505     0.0240    -0.5870 -9.990e-29
 287.740006      0.515   0.034336    12.8797    -1.9721      0.511     0.0240    -0.5872 -9.990e-29
 287.740012      0.522   0.034336    12.8807    -1.9718      0.518     0.0240    -0.5873 -9.990e-29
 287.740017      0.523   0.034335    12.8804    -1.9719      0.519     0.0240    -0.5873 -9.990e-29
 287.740023      0.525   0.034334    12.8785    -1.9719      0.521     0.0240    -0.5871 -9.990e-29
 287.740029      0.531   0.034333    12.8749    -1.9719      0.527     0.0240    -0.5866 -9.990e-29
 287.740035      0.541   0.034328    12.8703    -1.9720      0.536     0.0240    -0.5860 -9.990e-29
 287.740041      0.553   0.034315    12.8667    -1.9722      0.548     0.0240    -0.5856 -9.990e-29
 287.740046      0.563   0.034274    12.8652    -1.9726      0.558     0.0240    -0.5854 -9.990e-29
 287.740052      0.571   0.034153    12.8652    -1.9730      0.566     0.0239    -0.5855 -9.990e-29
 287.740058      0.577   0.033788    12.8661    -1.9733      0.572     0.0237    -0.5858 -9.990e-29
 287.740064      0.582   0.033247    12.8673    -1.9738      0.577     0.0234    -0.5861 -9.990e-29
 287.740069      0.587   0.032919    12.8675    -1.9743      0.582     0.0232    -0.5863 -9.990e-29
 287.740075      0.592   0.032919    12.8665    -1.9749      0.587     0.0232    -0.5862 -9.990e-29
 287.740081      0.597   0.033248    12.8651    -1.9756      0.592     0.0234    -0.5859 -9.990e-29
 287.740087      0.606   0.033792    12.8627    -1.9762      0.601     0.0237    -0.5853 -9.990e-29
 287.740093      0.621   0.034166    12.8582    -1.9769      0.616     0.0240    -0.5846 -9.990e-29
 287.740098      0.634   0.034316    12.8511    -1.9773      0.629     0.0240    -0.5836 -9.990e-29
 287.740104      0.640   0.034444    12.8427    -1.9775      0.635     0.0241    -0.5825 -9.990e-29
 287.740110      0.641   0.034719    12.8340    -1.9777      0.636     0.0243    -0.5813 -9.990e-29
 287.740116      0.641   0.034955    12.8244    -1.9779      0.636     0.0244    -0.5800 -9.990e-29
 287.740122      0.644   0.034911    12.8129    -1.9779      0.639     0.0244    -0.5786 -9.990e-29
 287.740127      0.647   0.035082    12.7996    -1.9778      0.642     0.0245    -0.5769 -9.990e-29
 287.740133      0.644   0.035699    12.7851    -1.6505      0.639     0.0248    -0.5748 -9.990e-29
 287.740139      0.636   0.036476    12.7705    -1.6463      0.631     0.0253    -0.5726 -9.990e-29
 287.740145      0.626   0.037894    12.7578    -1.6461      0.621     0.0261    -0.5704 -9.990e-29
 287.740150      0.623   0.041843    12.7484    -1.6471      0.618     0.0284    -0.5675 -9.990e-29
 287.740156      0.626   0.053037    12.7416    -1.6457      0.621     0.0349    -0.5615 -9.990e-29
 287.740162      0.632   0.085292    12.7359    -1.6459      0.627     0.0542    -0.5457 -9.990e-29
 287.740168      0.644   0.181060    12.7295    -1.6457      0.639     0.1135    -0.4986 -9.990e-29
 287.740174      0.665   0.468033    12.7177    -1.6459      0.659     0.2988    -0.3525 -9.990e-29
 287.740179      0.689   1.328840    12.6859    -1.6456      0.683     0.8854     0.1081 -9.990e-29
 287.740185      0.725   3.911226    12.6139    -1.6454      0.719     2.7717     1.5806 -9.990e-29
 287.740191      0.777  11.657817    12.5201    -1.6453      0.771     8.9533     6.3683 -9.990e-29
 287.740197      0.846  23.394182    12.4542    -1.6452      0.839    19.1224    14.2200 -9.990e-29
 287.740203      0.926  31.425569    12.4249    -1.6452      0.918    26.4737    19.9026 -9.990e-29
 287.740208      1.015  34.241108    12.4112    -1.6453      1.007    29.1212    21.9533 -9.990e-29
 287.740214      1.109  35.203150    12.4037    -1.6453      1.100    30.0359    22.6629 -9.990e-29
 287.740220      1.207  35.557997    12.4000    -1.6455      1.197    30.3751    22.9263 -9.990e-29
 287.740226      1.305  35.700883    12.3994    -1.6457      1.294    30.5111    23.0317 -9.990e-29
 287.740231      1.405  35.755637    12.4011    -1.6457      1.393    30.5617    23.0706 -9.990e-29
 287.740237      1.510  35.778455    12.4037    -1.6456      1.497    30.5812    23.0852 -9.990e-29
 287.740243      1.618  35.792482    12.4060    -1.6457      1.604    30.5926    23.0936 -9.990e-29
 287.740249      1.732  35.803539    12.4072    -1.6457      1.718    30.6020    23.1007 -9.990e-29
 287.740255      1.854  35.811804    12.4068    -1.6457      1.839    30.6101    23.1071 -9.990e-29
 287.740260      1.979  35.818776    12.4052    -1.6458      1.962    30.6180    23.1135 -9.990e-29
 287.740266      2.098  35.824231    12.4029    -1.6456      2.080    30.6250    23.1193 -9.990e-29
 287.740272      2.206  35.828159    12.3994    -1.6456      2.188    30.6316    23.1250 -9.990e-29
 287.740278      2.301  35.830761    12.3953    -1.6457      2.282    30.6374    23.1303 -9.990e-29
 287.740284      2.381  35.832147    12.3927    -1.6457      2.361    30.6408    23.1334 -9.990e-29
 287.740289      2.447  35.833613    12.3918    -1.6458      2.427    30.6429    23.1352 -9.990e-29
 287.740295      2.497  35.836556    12.3912    -1.6457      2.476    30.6461    23.1379 -9.990e-29
 287.740301      2.528  35.839302    12.3906    -1.6457      2.507    30.6492    23.1404 -9.990e-29
 287.740307      2.541  35.839356    12.3906    -1.6457      2.520    30.6493    23.1404 -9.990e-29
 287.740313      2.545  35.837355    12.3913    -1.6457      2.524    30.6468    23.1383 -9.990e-29
 287.740318      2.545  35.834563    12.3921    -1.6457      2.524    30.6435    23.1356 -9.990e-29
 287.740324      2.545  35.831749    12.3924    -1.6457      2.524    30.6406    23.1333 -9.990e-29
 287.740330      2.549  35.831333    12.3925    -1.6457      2.528    30.6401    23.1329 -9.990e-29
 287.740336      2.554  35.832766    12.3926    -1.6458      2.533    30.6414    23.1339 -9.990e-29
 287.740341      2.556  35.832172    12.3925    -1.6457      2.535    30.6409    23.1336 -9.990e-29
 287.740347      2.554  35.829361    12.3923    -1.6459      2.533    30.6384    23.1316 -9.990e-29
 287.740353      2.552  35.826717    12.3921    -1.6459      2.531    30.6360    23.1299 -9.990e-29
 287.740359      2.556  35.826007    12.3924    -1.6458      2.535    30.6351    23.1291 -9.990e-29
 287.740365      2.560  35.827465    12.3930    -1.6459      2.539    30.6360    23.1297 -9.990e-29
 287.740370      2.562  35.828216    12.3929    -1.6458      2.541    30.6368    23.1303 -9.990e-29
 287.740376      2.564  35.826688    12.3921    -1.6458      2.543    30.6360    23.1298 -9.990e-29
 287.740382      2.572  35.826115    12.3919    -1.6460      2.551    30.6356    23.1296 -9.990e-29
 287.740388      2.582  35.827639    12.3923    -1.6466      2.560    30.6367    23.1304 -9.990e-29
 287.740394      2.591  35.827916    12.3925    -1.6461      2.569    30.6368    23.1304 -9.990e-29
 287.740399      2.597  35.826419    12.3927    -1.6457      2.575    30.6352    23.1291 -9.990e-29
 287.740405      2.599  35.824181    12.3932    -1.6456      2.577    30.6327    23.1271 -9.990e-29
 287.740411      2.592  35.819566    12.3936    -1.6457      2.570    30.6280    23.1234 -9.990e-29
 287.740417      2.579  35.815055    12.3941    -1.6464      2.557    30.6233    23.1196 -9.990e-29
 287.740422      2.565  35.813265    12.3948    -1.6464      2.544    30.6210    23.1178 -9.990e-29
 287.740428      2.547  35.811476    12.3957    -1.6474      2.526    30.6186    23.1157 -9.990e-29
 287.740434      2.525  35.808651    12.3966    -1.6478      2.504    30.6152    23.1129 -9.990e-29
 287.740440      2.498  35.801810    12.3979    -1.6484      2.477    30.6077    23.1068 -9.990e-29
 287.740446      2.464  35.785422    12.3994    -1.6473      2.443    30.5909    23.0936 -9.990e-29
 287.740451      2.421  35.770924    12.4001    -1.6491      2.401    30.5766    23.0823 -9.990e-29
 287.740457      2.370  35.775080    12.3996    -1.6508      2.350    30.5810    23.0858 -9.990e-29
 287.740463      2.321  35.787967    12.3982    -1.6486      2.302    30.5943    23.0964 -9.990e-29
 287.740469      2.283  35.791689    12.3969    -1.6460      2.264    30.5990    23.1003 -9.990e-29
 287.740475      2.254  35.778548    12.3966    -1.6458      2.235    30.5867    23.0908 -9.990e-29
 287.740480      2.224  35.749743    12.3971    -1.6461      2.205    30.5590    23.0693 -9.990e-29
 287.740486      2.187  35.707437    12.3978    -1.6467      2.169    30.5183    23.0376 -9.990e-29
 287.740492      2.144  35.653729    12.3983    -1.6476      2.126    30.4669    22.9977 -9.990e-29
 287.740498      2.102  35.603527    12.3984    -1.6466      2.084    30.4192    22.9608 -9.990e-29
 287.740503      2.062  35.573614    12.3981    -1.6465      2.045    30.3911    22.9391 -9.990e-29
 287.740509      2.021  35.543946    12.3975    -1.6461      2.004    30.3635    22.9178 -9.990e-29
 287.740515      1.976  35.485274    12.3970    -1.6458      1.959    30.3083    22.8751 -9.990e-29
 287.740521      1.930  35.462475    12.3965    -1.6458      1.914    30.2871    22.8588 -9.990e-29
 287.740527      1.892  35.544551    12.3956    -1.6464      1.876    30.3657    22.9198 -9.990e-29
 287.740532      1.873  35.664663    12.3949    -1.6470      1.857    30.4802    23.0086 -9.990e-29
 287.740538      1.866  35.732160    12.3948    -1.6481      1.850    30.5443    23.0583 -9.990e-29
 287.740544      1.859  35.737524    12.3950    -1.6481      1.843    30.5492    23.0621 -9.990e-29
 287.740550      1.848  35.708863    12.3953    -1.6486      1.833    30.5218    23.0408 -9.990e-29
 287.740556      1.830  35.688878    12.3957    -1.6498      1.815    30.5025    23.0258 -9.990e-29
 287.740561      1.810  35.702137    12.3958    -1.6478      1.795    30.5150    23.0354 -9.990e-29
 287.740567      1.795  35.729005    12.3956    -1.6459      1.780    30.5407    23.0554 -9.990e-29
 287.740573      1.792  35.753423    12.3955    -1.6457      1.777    30.5640    23.0734 -9.990e-29
 287.740579      1.802  35.768390    12.3958    -1.6461      1.787    30.5779    23.0842 -9.990e-29
 287.740584      1.815  35.759348    12.3963    -1.6465      1.800    30.5689    23.0771 -9.990e-29
 287.740590      1.826  35.721190    12.3968    -1.6460      1.811    30.5323    23.0486 -9.990e-29
 287.740596      1.825  35.662098    12.3974    -1.6457      1.810    30.4757    23.0047 -9.990e-29
 287.740602      1.812  35.601004    12.3980    -1.6462      1.797    30.4173    22.9593 -9.990e-29
 287.740608      1.792  35.553607    12.3985    -1.6468      1.777    30.3719    22.9241 -9.990e-29
 287.740613      1.762  35.516328    12.3991    -1.6468      1.747    30.3361    22.8963 -9.990e-29
 287.740619      1.725  35.517566    12.3996    -1.6465      1.711    30.3369    22.8968 -9.990e-29
 287.740625      1.688  35.592251    12.3997    10.1355      1.674    30.4077    22.9515 -9.990e-29
 287.740631      1.657  35.687794    12.3997    13.1875      1.643    30.4983    23.0218 -9.990e-29
 287.740637      1.633  35.736271    12.4000    13.3064      1.619    30.5441    23.0572 -9.990e-29
 287.740642      1.616  35.739791    12.4001    10.8693      1.603    30.5473    23.0597 -9.990e-29
 287.740648      1.604  35.736332    12.3999     5.8832      1.591    30.5442    23.0573 -9.990e-29
 287.740654      1.596  35.746159    12.3994     5.9086      1.583    30.5540    23.0649 -9.990e-29
 287.740660      1.593  35.751226    12.3988     6.0799      1.580    30.5593    23.0691 -9.990e-29
 287.740666      1.593  35.734424    12.3985     6.1506      1.580    30.5436    23.0570 -9.990e-29
 287.740671      1.593  35.712795    12.3986     6.1256      1.580    30.5230    23.0411 -9.990e-29
 287.740677      1.588  35.710952    12.3992     6.1105      1.575    30.5207    23.0392 -9.990e-29
 287.740683      1.583  35.735067    12.3999     6.0881      1.570    30.5430    23.0564 -9.990e-29
 287.740689      1.576  35.768777    12.4006     6.0721      1.563    30.5745    23.0806 -9.990e-29
 287.740694      1.563  35.789461    12.4013     6.0554      1.550    30.5935    23.0952 -9.990e-29
 287.740700      1.548  35.795792    12.4019     6.0299      1.535    30.5991    23.0994 -9.990e-29
 287.740706      1.535  35.796998    12.4028     6.0187      1.522    30.5995    23.0995 -9.990e-29
 287.740712      1.521  35.796033    12.4042     6.0098      1.508    30.5974    23.0977 -9.990e-29
 287.740718      1.506  35.793520    12.4060     6.0169      1.493    30.5936    23.0944 -9.990e-29
 287.740723      1.490  35.786893    12.4081     6.0152      1.478    30.5856    23.0878 -9.990e-29
 287.740729      1.471  35.773707    12.4104     6.0184      1.459    30.5712    23.0762 -9.990e-29
 287.740735      1.448  35.761817    12.4129     6.0111      1.436    30.5579    23.0655 -9.990e-29
 287.740741      1.423  35.764732    12.4151     5.9608      1.411    30.5589    23.0658 -9.990e-29
 287.740747      1.405  35.779281    12.4166     5.9867      1.393    30.5715    23.0753 -9.990e-29
 287.740752      1.396  35.788675    12.4173     6.0027      1.384    30.5798    23.0816 -9.990e-29
 287.740758      1.395  35.789979    12.4172     6.0211      1.383    30.5811    23.0827 -9.990e-29
 287.740764      1.402  35.789080    12.4171     6.0381      1.390    30.5804    23.0821 -9.990e-29
 287.740770      1.418  35.788367    12.4174     5.9657      1.406    30.5794    23.0813 -9.990e-29
