data/oxygen options/ONMS/Olympic_Coast_National_Marine_Sanctuary_CTD_Data_2005_2023/raw_data/2021/CAST_CA042_210716faed.cnv
* Sea-Bird SBE 19 Data File:
* FileName = C:\2021 Mooring Data\Casts\CAST_CA042_210716.hex
* Software Version SeatermAF 2.1.2
* Temperature SN = 2997
* Conductivity SN = 2997
* System UpLoad Time = Jul 16 2021 20:59:05 (localtime) = Jul 16 2021 20:59:05 (UTC)
** CAST_CA042_210716
* ds
# nquan = 9                                 
# nvalues = 1139                        
# units = specified
# name 0 = timeJ: Julian Days
# name 1 = prSM: Pressure, Strain Gauge [db]
# name 2 = c0mS/cm: Conductivity [mS/cm]
# name 3 = t090C: Temperature [ITS-90, deg C]
# name 4 = sbeox0ML/L: Oxygen, SBE 43 [ml/l]
# name 5 = depSM: Depth [salt water, m], lat = 47.5
# name 6 = sal00: Salinity, Practical [PSU]
# name 7 = sigma-é00: Density [sigma-theta, kg/m^3]
# name 8 = flag: flag
# span 0 = 197.825995, 197.832581       
# span 1 =     -5.112,     41.486       
# span 2 =   0.285570,  36.910178       
# span 3 =     7.3798,    12.1419       
# span 4 =   -12.0985,    12.2940       
# span 5 =     -5.069,     41.136       
# span 6 =     0.1834,    33.4888       
# span 7 =    -0.3725,    26.1766       
# span 8 = 0.0000e+00, 0.0000e+00       
# interval = seconds: 0.5
# start_time = Jul 16 2021 19:49:26 [Instrument's time stamp, header]
# bad_flag = -9.990e-29
*END*
[from data line 801]
 197.830631      1.278  36.623942    11.0179     4.6568      1.267    32.5789    24.8875 -9.990e-29
 197.830637      1.314  36.626646    11.0239     4.6673      1.303    32.5762    24.8844 -9.990e-29
 197.830642      1.340  36.627395    11.0301     4.7151      1.329    32.5715    24.8796 -9.990e-29
 197.830648      1.354  36.626064    11.0376     4.7636      1.343    32.5635    24.8721 -9.990e-29
 197.830654      1.361  36.623678    11.0438     4.8022      1.350    32.5556    24.8649 -9.990e-29
 197.830660      1.371  36.618737    11.0447     4.8063      1.360    32.5500    24.8603 -9.990e-29
 197.830666      1.382  36.613057    11.0405     4.8273      1.370    32.5481    24.8596 -9.990e-29
 197.830671      1.393  36.613078    11.0349     4.8379      1.381    32.5530    24.8644 -9.990e-29
 197.830677      1.403  36.616582    11.0316     4.8633      1.391    32.5594    24.8700 -9.990e-29
 197.830683      1.409  36.615343    11.0295     4.8915      1.397    32.5601    24.8708 -9.990e-29
 197.830689      1.412  36.608825    11.0225     4.9453      1.400    32.5598    24.8719 -9.990e-29
 197.830694      1.420  36.602347    11.0099     4.9958      1.408    32.5646    24.8778 -9.990e-29
 197.830700      1.433  36.596238    10.9992     5.0298      1.421    32.5680    24.8824 -9.990e-29
 197.830706      1.444  36.589075    10.9957     5.0271      1.432    32.5640    24.8799 -9.990e-29
 197.830712      1.450  36.581390    10.9978     5.0193      1.438    32.5546    24.8722 -9.990e-29
 197.830718      1.450  36.574702    11.0014     5.0362      1.438    32.5448    24.8639 -9.990e-29
 197.830723      1.449  36.571863    11.0031     5.0658      1.437    32.5404    24.8602 -9.990e-29
 197.830729      1.456  36.573007    11.0028     5.0905      1.444    32.5418    24.8614 -9.990e-29
 197.830735      1.471  36.575734    11.0024     5.0813      1.459    32.5449    24.8638 -9.990e-29
 197.830741      1.486  36.578073    11.0034     5.0541      1.474    32.5463    24.8647 -9.990e-29
 197.830747      1.498  36.579213    11.0051     5.0430      1.485    32.5459    24.8641 -9.990e-29
 197.830752      1.508  36.579548    11.0055     5.0811      1.495    32.5459    24.8640 -9.990e-29
 197.830758      1.516  36.579522    11.0034     5.1245      1.503    32.5477    24.8658 -9.990e-29
 197.830764      1.523  36.578537    11.0009     5.1222      1.510    32.5490    24.8672 -9.990e-29
 197.830770      1.530  36.576400    10.9999     5.1591      1.517    32.5477    24.8665 -9.990e-29
 197.830775      1.536  36.574180    11.0003     5.1627      1.523    32.5452    24.8644 -9.990e-29
 197.830781      1.538  36.572838    11.0016     5.1741      1.525    32.5427    24.8622 -9.990e-29
 197.830787      1.532  36.572821    11.0032     5.2117      1.519    32.5413    24.8608 -9.990e-29
 197.830793      1.521  36.573543    11.0040     5.1908      1.508    32.5413    24.8607 -9.990e-29
 197.830799      1.514  36.574283    11.0042     5.2543      1.501    32.5418    24.8611 -9.990e-29
 197.830804      1.515  36.574901    11.0043     5.2599      1.502    32.5424    24.8615 -9.990e-29
 197.830810      1.518  36.575099    11.0044     5.2563      1.505    32.5425    24.8616 -9.990e-29
 197.830816      1.521  36.574576    11.0051     5.2490      1.508    32.5413    24.8606 -9.990e-29
 197.830822      1.523  36.573755    11.0063     5.2423      1.510    32.5394    24.8589 -9.990e-29
 197.830828      1.524  36.573779    11.0073     5.2638      1.511    32.5386    24.8580 -9.990e-29
 197.830833      1.525  36.574675    11.0079     5.2820      1.512    32.5389    24.8582 -9.990e-29
 197.830839      1.529  36.575393    11.0084     5.2842      1.516    32.5392    24.8583 -9.990e-29
 197.830845      1.542  36.575767    11.0089     5.2685      1.529    32.5391    24.8582 -9.990e-29
 197.830851      1.564  36.575733    11.0090     5.2609      1.551    32.5390    24.8581 -9.990e-29
 197.830856      1.596  36.574681    11.0090     5.2941      1.583    32.5379    24.8572 -9.990e-29
 197.830862      1.637  36.572885    11.0091     5.3329      1.623    32.5360    24.8558 -9.990e-29
 197.830868      1.684  36.571873    11.0089     5.3677      1.670    32.5352    24.8551 -9.990e-29
 197.830874      1.741  36.571971    11.0077     5.3543      1.726    32.5363    24.8562 -9.990e-29
 197.830880      1.815  36.571626    11.0054     5.3309      1.800    32.5380    24.8579 -9.990e-29
 197.830885      1.916  36.570188    11.0018     5.2787      1.900    32.5397    24.8599 -9.990e-29
 197.830891      2.045  36.567470    10.9945     5.2004      2.028    32.5435    24.8641 0.0000e+00
 197.830897      2.203  36.561534    10.9729     5.1030      2.185    32.5567    24.8782 0.0000e+00
 197.830903      2.390  36.542535    10.9080     5.0182      2.370    32.5954    24.9198 0.0000e+00
 197.830909      2.610  36.485268    10.7803     4.9554      2.588    32.6522    24.9863 0.0000e+00
 197.830914      2.861  36.379806    10.6304     4.9306      2.837    32.6810    25.0347 0.0000e+00
 197.830920      3.131  36.271340    10.5224     4.9211      3.105    32.6692    25.0442 0.0000e+00
 197.830926      3.413  36.208322    10.4705     4.9211      3.384    32.6525    25.0400 0.0000e+00
 197.830932      3.699  36.183207    10.4441     4.9124      3.668    32.6509    25.0433 0.0000e+00
 197.830938      3.991  36.166699    10.4172     4.9003      3.958    32.6583    25.0537 0.0000e+00
 197.830943      4.297  36.147158    10.3884     4.8922      4.261    32.6644    25.0634 0.0000e+00
 197.830949      4.620  36.128516    10.3617     4.8571      4.581    32.6696    25.0719 0.0000e+00
 197.830955      4.956  36.110859    10.3395     4.8833      4.915    32.6716    25.0773 0.0000e+00
 197.830961      5.300  36.094464    10.3271     4.8861      5.256    32.6661    25.0751 0.0000e+00
 197.830966      5.643  36.086894    10.3228     4.8731      5.596    32.6622    25.0728 0.0000e+00
 197.830972      5.982  36.085063    10.3175     4.8679      5.932    32.6650    25.0759 0.0000e+00
 197.830978      6.327  36.079526    10.3055     4.8007      6.274    32.6701    25.0819 0.0000e+00
 197.830984      6.680  36.070471    10.2884     4.8397      6.624    32.6762    25.0896 0.0000e+00
 197.830990      7.040  36.059561    10.2703     4.8613      6.981    32.6814    25.0967 0.0000e+00
 197.830995      7.403  36.045981    10.2580     4.8910      7.341    32.6786    25.0966 0.0000e+00
 197.831001      7.764  36.034882    10.2543     4.8839      7.699    32.6706    25.0910 0.0000e+00
 197.831007      8.117  36.029682    10.2524     4.8424      8.049    32.6669    25.0884 0.0000e+00
 197.831013      8.479  36.029332    10.2484     4.8012      8.408    32.6700    25.0915 0.0000e+00
 197.831019      8.863  36.033091    10.2465     4.7627      8.789    32.6753    25.0960 0.0000e+00
 197.831024      9.264  36.037289    10.2456     4.7226      9.186    32.6802    25.1000 0.0000e+00
 197.831030      9.668  36.036599    10.2376     4.6789      9.587    32.6865    25.1063 0.0000e+00
 197.831036     10.076  36.028143    10.2101     4.6333      9.992    32.7026    25.1235 0.0000e+00
 197.831042     10.496  36.005974    10.1588     4.5982     10.408    32.7264    25.1506 0.0000e+00
 197.831047     10.938  35.970520    10.0990     4.5596     10.846    32.7444    25.1747 0.0000e+00
 197.831053     11.410  35.935309    10.0535     4.5279     11.314    32.7497    25.1865 0.0000e+00
 197.831059     11.905  35.910826    10.0303     4.4597     11.805    32.7457    25.1873 0.0000e+00
 197.831065     12.410  35.896078    10.0075     4.3678     12.306    32.7512    25.1954 0.0000e+00
 197.831071     12.909  35.873918     9.9643     4.3029     12.801    32.7677    25.2154 0.0000e+00
 197.831076     13.400  35.831887     9.8982     4.2002     13.288    32.7848    25.2397 0.0000e+00
 197.831082     13.887  35.774745     9.8207     4.1025     13.771    32.7969    25.2620 0.0000e+00
 197.831088     14.377  35.727439     9.7503     3.9976     14.257    32.8126    25.2858 0.0000e+00
 197.831094     14.874  35.698328     9.6732     3.9175     14.749    32.8530    25.3300 0.0000e+00
 197.831100     15.377  35.651666     9.5614     3.8476     15.248    32.9074    25.3907 0.0000e+00
 197.831105     15.874  35.561930     9.4396     3.8090     15.741    32.9269    25.4256 0.0000e+00
 197.831111     16.359  35.454861     9.3640     3.7484     16.222    32.8859    25.4057 0.0000e+00
 197.831117     16.832  35.382944     9.3141     3.6975     16.691    32.8574    25.3914 0.0000e+00
 197.831123     17.302  35.344109     9.2364     3.6508     17.157    32.8886    25.4281 0.0000e+00
 197.831128     17.778  35.307576     9.1440     3.6098     17.629    32.9359    25.4797 0.0000e+00
 197.831134     18.255  35.266932     9.0623     3.5709     18.102    32.9691    25.5186 0.0000e+00
 197.831140     18.725  35.216431     9.0013     3.5667     18.568    32.9729    25.5312 0.0000e+00
 197.831146     19.189  35.169112     8.9569     3.5710     19.028    32.9646    25.5316 0.0000e+00
 197.831152     19.650  35.135540     8.9048     3.5850     19.485    32.9778    25.5501 0.0000e+00
 197.831157     20.111  35.105953     8.8477     3.6106     19.942    32.9998    25.5761 0.0000e+00
 197.831163     20.573  35.087676     8.8091     3.5630     20.400    33.0164    25.5951 0.0000e+00
 197.831169     21.026  35.083496     8.7922     3.6156     20.849    33.0276    25.6065 0.0000e+00
 197.831175     21.455  35.084744     8.7914     3.6303     21.275    33.0295    25.6081 0.0000e+00
 197.831181     21.855  35.090550     8.7994     3.6449     21.671    33.0279    25.6056 0.0000e+00
 197.831186     22.233  35.097167     8.8060     3.6512     22.046    33.0285    25.6051 0.0000e+00
 197.831192     22.609  35.100249     8.8045     3.6132     22.419    33.0330    25.6088 0.0000e+00
 197.831198     22.998  35.096905     8.7941     3.5998     22.805    33.0390    25.6151 0.0000e+00
 197.831204     23.405  35.087438     8.7811     3.6019     23.208    33.0410    25.6187 0.0000e+00
 197.831209     23.828  35.077988     8.7706     3.6059     23.628    33.0407    25.6201 0.0000e+00
 197.831215     24.265  35.070233     8.7621     3.6056     24.061    33.0403    25.6212 0.0000e+00
 197.831221     24.709  35.061949     8.7549     3.5911     24.501    33.0382    25.6206 0.0000e+00
 197.831227     25.155  35.053569     8.7498     3.5633     24.944    33.0340    25.6181 0.0000e+00
 197.831233     25.596  35.045399     8.7473     3.5486     25.381    33.0275    25.6134 0.0000e+00
 197.831238     26.027  35.038582     8.7457     3.5062     25.808    33.0217    25.6091 0.0000e+00
 197.831244     26.445  35.034387     8.7424     3.4603     26.223    33.0202    25.6084 0.0000e+00
 197.831250     26.859  35.029737     8.7334     3.4058     26.633    33.0235    25.6124 0.0000e+00
 197.831256     27.278  35.019270     8.7145     3.3632     27.049    33.0300    25.6204 0.0000e+00
 197.831262     27.700  34.997708     8.6880     3.3082     27.467    33.0319    25.6260 0.0000e+00
 197.831267     28.120  34.962345     8.6644     3.2568     27.883    33.0167    25.6177 0.0000e+00
 197.831273     28.537  34.925677     8.6466     3.1891     28.297    32.9946    25.6031 0.0000e+00
 197.831279     28.945  34.902382     8.6219     3.1257     28.701    32.9931    25.6057 0.0000e+00
 197.831285     29.351  34.882955     8.5817     3.0507     29.104    33.0100    25.6251 0.0000e+00
 197.831291     29.758  34.850728     8.5337     2.9757     29.508    33.0208    25.6408 0.0000e+00
 197.831296     30.162  34.806135     8.4896     2.9102     29.908    33.0150    25.6429 0.0000e+00
 197.831302     30.559  34.762238     8.4473     2.8468     30.302    33.0081    25.6439 0.0000e+00
 197.831308     30.949  34.727988     8.3944     2.8192     30.688    33.0214    25.6623 0.0000e+00
 197.831314     31.334  34.701673     8.3245     2.7945     31.070    33.0590    25.7023 0.0000e+00
 197.831319     31.719  34.670879     8.2483     2.7670     31.452    33.0979    25.7441 0.0000e+00
 197.831325     32.097  34.633459     8.1945     2.7033     31.827    33.1088    25.7606 0.0000e+00
 197.831331     32.463  34.608669     8.1800     2.6110     32.190    33.0960    25.7527 0.0000e+00
 197.831337     32.818  34.604039     8.1828     2.4745     32.542    33.0883    25.7463 0.0000e+00
 197.831343     33.172  34.604697     8.1557     2.3519     32.893    33.1144    25.7707 0.0000e+00
 197.831348     33.536  34.587712     8.0795     2.2013     33.253    33.1682    25.8242 0.0000e+00
 197.831354     33.909  34.545278     7.9767     2.1430     33.623    33.2202    25.8801 0.0000e+00
 197.831360     34.292  34.491654     7.8774     2.1063     34.003    33.2572    25.9236 0.0000e+00
 197.831366     34.677  34.439046     7.8010     2.0782     34.385    33.2735    25.9474 0.0000e+00
 197.831372     35.056  34.398207     7.7442     2.0631     34.760    33.2837    25.9636 0.0000e+00
 197.831377     35.427  34.378781     7.6902     1.9843     35.128    33.3142    25.9953 0.0000e+00
 197.831383     35.796  34.371929     7.6369     2.0046     35.494    33.3578    26.0372 0.0000e+00
 197.831389     36.165  34.362617     7.5905     2.0098     35.860    33.3921    26.0707 0.0000e+00
 197.831395     36.532  34.348215     7.5536     2.0254     36.224    33.4119    26.0915 0.0000e+00
 197.831400     36.895  34.332742     7.5285     2.0331     36.584    33.4191    26.1008 0.0000e+00
 197.831406     37.251  34.318232     7.5159     2.0170     36.937    33.4154    26.0996 0.0000e+00
 197.831412     37.601  34.306881     7.5107     2.0094     37.284    33.4080    26.0945 0.0000e+00
 197.831418     37.951  34.300621     7.5037     2.0077     37.631    33.4078    26.0954 0.0000e+00
 197.831424     38.305  34.296976     7.4911     1.9973     37.982    33.4158    26.1035 0.0000e+00
 197.831429     38.666  34.291917     7.4771     1.9784     38.340    33.4236    26.1116 0.0000e+00
 197.831435     39.024  34.285128     7.4664     1.9675     38.695    33.4264    26.1153 0.0000e+00
 197.831441     39.371  34.280145     7.4608     1.9438     39.039    33.4262    26.1160 0.0000e+00
 197.831447     39.696  34.278429     7.4570     1.9388     39.361    33.4279    26.1178 0.0000e+00
 197.831453     40.000  34.277402     7.4479     1.9114     39.662    33.4354    26.1250 0.0000e+00
 197.831458     40.285  34.274845     7.4298     1.9094     39.945    33.4500    26.1390 0.0000e+00
 197.831464     40.552  34.271537     7.4079     1.9068     40.210    33.4674    26.1558 0.0000e+00
 197.831470     40.801  34.268938     7.3905     1.9088     40.456    33.4813    26.1691 0.0000e+00
 197.831476     41.026  34.267209     7.3812     1.9253     40.680    33.4883    26.1760 0.0000e+00
 197.831481     41.215  34.266551     7.3798     1.9295     40.867    33.4888    26.1766 0.0000e+00
 197.831487     41.360  34.267474     7.3853     1.9438     41.011    33.4845    26.1724 -9.990e-29
 197.831493     41.453  34.270357     7.3957     1.9454     41.103    33.4775    26.1654 -9.990e-29
 197.831499     41.486  34.275395     7.4066     1.9492     41.136    33.4724    26.1599 -9.990e-29
 197.831505     41.458  34.280619     7.4122     1.9363     41.108    33.4727    26.1593 -9.990e-29
 197.831510     41.366  34.283188     7.4126     1.9424     41.017    33.4751    26.1612 -9.990e-29
 197.831516     41.209  34.282884     7.4110     1.9318     40.861    33.4764    26.1624 0.0000e+00
 197.831522     40.995  34.281253     7.4076     1.9399     40.649    33.4780    26.1642 0.0000e+00
 197.831528     40.735  34.279754     7.4035     1.9562     40.391    33.4805    26.1667 0.0000e+00
 197.831534     40.443  34.277220     7.4012     1.9486     40.102    33.4801    26.1667 0.0000e+00
 197.831539     40.138  34.271666     7.4024     1.9686     39.799    33.4731    26.1610 0.0000e+00
 197.831545     39.836  34.265478     7.4069     1.9653     39.500    33.4621    26.1518 0.0000e+00
