data/oxygen options/ONMS/Olympic_Coast_National_Marine_Sanctuary_CTD_Data_2005_2023/raw_data/2021/CAST_TH015_210826faed.cnv
* Sea-Bird SBE 19 Data File:
* FileName = C:\2021 Mooring Data\Casts\CAST_TH015_210826.hex
* Software Version SeatermAF 2.1.2
* Temperature SN = 2997
* Conductivity SN = 2997
* System UpLoad Time = Aug 26 2021 17:02:50 (localtime) = Aug 26 2021 17:02:50 (UTC)
** CAST_TH015_210826
* ds
# nquan = 9                                 
# nvalues = 4532                        
# units = specified
# name 0 = timeJ: Julian Days
# name 1 = prSM: Pressure, Strain Gauge [db]
# name 2 = c0mS/cm: Conductivity [mS/cm]
# name 3 = t090C: Temperature [ITS-90, deg C]
# name 4 = sbeox0ML/L: Oxygen, SBE 43 [ml/l]
# name 5 = depSM: Depth [salt water, m], lat = 47.5
# name 6 = sal00: Salinity, Practical [PSU]
# name 7 = sigma-é00: Density [sigma-theta, kg/m^3]
# name 8 = flag: flag
# span 0 = 238.679387, 238.705608       
# span 1 =     -5.166,     17.182       
# span 2 =   0.010939,  37.373922       
# span 3 =     8.1260,    13.2099       
# span 4 =   -11.7454,    14.0576       
# span 5 =     -5.123,     17.038       
# span 6 =     0.0112,    33.5279       
# span 7 =    -0.6232,    26.0974       
# span 8 = 0.0000e+00, 0.0000e+00       
# interval = seconds: 0.5
# start_time = Aug 26 2021 16:18:19 [Instrument's time stamp, header]
# bad_flag = -9.990e-29
*END*
[from data line 4161]
 238.703466      1.264   0.417517    12.9060    -1.9644      1.253     0.2644    -0.4029 -9.990e-29
 238.703472      1.264   0.422567    12.9012    -1.9631      1.253     0.2677    -0.3997 -9.990e-29
 238.703478      1.264   0.433888    12.8986    -1.9620      1.253     0.2751    -0.3936 -9.990e-29
 238.703484      1.263   0.453277    12.8982    -1.9614      1.252     0.2878    -0.3837 -9.990e-29
 238.703490      1.263   0.484972    12.9011    -1.9610      1.252     0.3086    -0.3679 -9.990e-29
 238.703495      1.263   0.539092    12.9056    -1.9609      1.252     0.3442    -0.3407 -9.990e-29
 238.703501      1.263   0.621295    12.9079    -1.9602      1.252     0.3986    -0.2986 -9.990e-29
 238.703507      1.263   0.712606    12.9074    -1.9594      1.252     0.4595    -0.2511 -9.990e-29
 238.703513      1.262   0.777366    12.9081    -1.9584      1.251     0.5030    -0.2174 -9.990e-29
 238.703519      1.262   0.802154    12.9155    -1.9578      1.251     0.5196    -0.2054 -9.990e-29
 238.703524      1.261   0.807270    12.9302    -1.9574      1.250     0.5229    -0.2047 -9.990e-29
 238.703530      1.260   0.815059    12.9458    -1.9575      1.249     0.5279    -0.2028 -9.990e-29
 238.703536      1.259   0.829254    12.9572    -1.9578      1.248     0.5373    -0.1969 -9.990e-29
 238.703542      1.258   0.846609    12.9653    -1.9582      1.247     0.5489    -0.1889 -9.990e-29
 238.703547      1.256   0.864766    12.9733    -1.9587      1.246     0.5611    -0.1805 -9.990e-29
 238.703553      1.254   0.880776    12.9841    -1.9583      1.244     0.5717    -0.1736 -9.990e-29
 238.703559      1.251   0.893812    12.9978    -1.9577      1.241     0.5803    -0.1686 -9.990e-29
 238.703565      1.247   0.906290    13.0121    -1.9579      1.237     0.5886    -0.1641 -9.990e-29
 238.703571      1.242   0.919878    13.0233    -1.9580      1.232     0.5976    -0.1585 -9.990e-29
 238.703576      1.235   0.933293    13.0292    -1.9582      1.225     0.6066    -0.1522 -9.990e-29
 238.703582      1.227   0.944467    13.0299    -1.9589      1.217     0.6142    -0.1464 -9.990e-29
 238.703588      1.217   0.951667    13.0272    -1.9597      1.207     0.6191    -0.1423 -9.990e-29
 238.703594      1.203   0.952298    13.0233    -1.9601      1.193     0.6196    -0.1414 -9.990e-29
 238.703600      1.190   0.944428    13.0217    -1.9602      1.180     0.6143    -0.1453 -9.990e-29
 238.703605      1.181   0.931979    13.0246    -1.9605      1.171     0.6058    -0.1523 -9.990e-29
 238.703611      1.170   0.922743    13.0287    -1.9606      1.160     0.5995    -0.1577 -9.990e-29
 238.703617      1.163   0.919373    13.0302    -1.9604      1.153     0.5972    -0.1597 -9.990e-29
 238.703623      1.166   0.917376    13.0281    -1.9600      1.156     0.5958    -0.1605 -9.990e-29
 238.703628      1.171   0.912981    13.0218    -1.9596      1.161     0.5930    -0.1619 -9.990e-29
 238.703634      1.174   0.906979    13.0118    -1.9599      1.164     0.5890    -0.1637 -9.990e-29
 238.703640      1.185   0.900239    13.0017    -1.9603      1.175     0.5846    -0.1658 -9.990e-29
 238.703646      1.204   0.891534    12.9950    -1.9607      1.194     0.5788    -0.1694 -9.990e-29
 238.703652      1.223   0.879790    12.9913    -1.9607      1.213     0.5710    -0.1751 -9.990e-29
 238.703657      1.235   0.866532    12.9880    -1.9605      1.225     0.5620    -0.1816 -9.990e-29
 238.703663      1.236   0.855701    12.9858    -1.9604      1.226     0.5548    -0.1870 -9.990e-29
 238.703669      1.232   0.851702    12.9878    -1.9603      1.222     0.5520    -0.1894 -9.990e-29
 238.703675      1.230   0.854747    12.9939    -1.9607      1.220     0.5540    -0.1886 -9.990e-29
 238.703681      1.234   0.857256    12.9993    -1.9611      1.224     0.5556    -0.1881 -9.990e-29
 238.703686      1.241   0.852043    12.9999    -1.9613      1.231     0.5521    -0.1909 -9.990e-29
 238.703692      1.246   0.839917    12.9964    -1.9616      1.236     0.5440    -0.1968 -9.990e-29
 238.703698      1.250   0.825777    12.9923    -1.9620      1.240     0.5345    -0.2036 -9.990e-29
 238.703704      1.253   0.815158    12.9906    -1.9624      1.243     0.5274    -0.2089 -9.990e-29
 238.703709      1.256   0.812191    12.9920    -1.9623      1.246     0.5253    -0.2107 -9.990e-29
 238.703715      1.258   0.812923    12.9947    -1.9625      1.247     0.5258    -0.2107 -9.990e-29
 238.703721      1.259   0.809280    12.9953    -1.9630      1.248     0.5233    -0.2127 -9.990e-29
 238.703727      1.261   0.800847    12.9919    -1.9634      1.250     0.5177    -0.2166 -9.990e-29
 238.703733      1.262   0.791163    12.9864    -1.9638      1.251     0.5113    -0.2209 -9.990e-29
 238.703738      1.263   0.782271    12.9804    -1.9639      1.252     0.5054    -0.2247 -9.990e-29
 238.703744      1.263   0.775987    12.9738    -1.9643      1.252     0.5012    -0.2271 -9.990e-29
 238.703750      1.264   0.773355    12.9666    -1.9646      1.253     0.4996    -0.2275 -9.990e-29
 238.703756      1.265   0.773637    12.9609    -1.9650      1.254     0.4998    -0.2266 -9.990e-29
 238.703762      1.266   0.773883    12.9571    -1.9652      1.255     0.5000    -0.2259 -9.990e-29
 238.703767      1.267   0.771649    12.9525    -1.9656      1.256     0.4986    -0.2264 -9.990e-29
 238.703773      1.268   0.766729    12.9460    -1.9658      1.257     0.4954    -0.2281 -9.990e-29
 238.703779      1.269   0.759768    12.9386    -1.9659      1.258     0.4908    -0.2307 -9.990e-29
 238.703785      1.271   0.752572    12.9314    -1.9657      1.260     0.4861    -0.2335 -9.990e-29
 238.703791      1.274   0.748297    12.9244    -1.9652      1.263     0.4833    -0.2348 -9.990e-29
 238.703796      1.276   0.748448    12.9175    -1.9649      1.265     0.4835    -0.2338 -9.990e-29
 238.703802      1.280   0.749901    12.9112    -1.9646      1.269     0.4845    -0.2322 -9.990e-29
 238.703808      1.285   0.747942    12.9050    -1.9645      1.274     0.4833    -0.2323 -9.990e-29
 238.703814      1.286   0.742731    12.8985    -1.9646      1.275     0.4799    -0.2342 -9.990e-29
 238.703819      1.281   0.738404    12.8926    -1.9648      1.270     0.4770    -0.2356 -9.990e-29
 238.703825      1.272   0.736953    12.8889    -1.9647      1.261     0.4761    -0.2359 -9.990e-29
 238.703831      1.264   0.736444    12.8889    -1.9645      1.253     0.4757    -0.2362 -9.990e-29
 238.703837      1.256   0.734538    12.8931    -1.9642      1.246     0.4744    -0.2377 -9.990e-29
 238.703843      1.247   0.731462    12.9003    -1.9640      1.237     0.4723    -0.2403 -9.990e-29
 238.703848      1.242   0.728105    12.9077    -1.9636      1.232     0.4699    -0.2431 -9.990e-29
 238.703854      1.243   0.723872    12.9131    -1.9628      1.233     0.4670    -0.2460 -9.990e-29
 238.703860      1.248   0.719216    12.9154    -1.9621      1.238     0.4639    -0.2488 -9.990e-29
 238.703866      1.252   0.716797    12.9150    -1.9619      1.242     0.4623    -0.2500 -9.990e-29
 238.703872      1.254   0.717271    12.9148    -1.9617      1.244     0.4626    -0.2497 -9.990e-29
 238.703877      1.256   0.717943    12.9171    -1.9619      1.246     0.4630    -0.2496 -9.990e-29
 238.703883      1.258   0.716383    12.9222    -1.9624      1.247     0.4619    -0.2512 -9.990e-29
 238.703889      1.259   0.712176    12.9288    -1.9626      1.248     0.4590    -0.2542 -9.990e-29
 238.703895      1.260   0.706365    12.9363    -1.9626      1.249     0.4550    -0.2583 -9.990e-29
 238.703900      1.261   0.701178    12.9462    -1.9627      1.250     0.4514    -0.2623 -9.990e-29
 238.703906      1.262   0.699122    12.9587    -1.9629      1.251     0.4499    -0.2651 -9.990e-29
 238.703912      1.262   0.700227    12.9703    -1.9633      1.251     0.4505    -0.2661 -9.990e-29
 238.703918      1.263   0.701533    12.9780    -1.9636      1.252     0.4513    -0.2665 -9.990e-29
 238.703924      1.263   0.700901    12.9808    -1.9641      1.252     0.4509    -0.2672 -9.990e-29
 238.703929      1.263   0.698597    12.9787    -1.9646      1.252     0.4493    -0.2681 -9.990e-29
 238.703935      1.264   0.695431    12.9743    -1.9646      1.253     0.4473    -0.2692 -9.990e-29
 238.703941      1.264   0.691616    12.9707    -1.9640      1.253     0.4448    -0.2707 -9.990e-29
 238.703947      1.264   0.687052    12.9684    -1.9633      1.253     0.4418    -0.2727 -9.990e-29
 238.703953      1.264   0.682305    12.9652    -1.9628      1.253     0.4386    -0.2747 -9.990e-29
 238.703958      1.264   0.678807    12.9595    -1.9625      1.253     0.4364    -0.2758 -9.990e-29
 238.703964      1.264   0.677992    12.9521    -1.9623      1.253     0.4359    -0.2752 -9.990e-29
 238.703970      1.264   0.679880    12.9442    -1.9620      1.253     0.4372    -0.2731 -9.990e-29
 238.703976      1.265   0.682003    12.9371    -1.9617      1.254     0.4387    -0.2711 -9.990e-29
 238.703981      1.265   0.681092    12.9330    -1.9617      1.254     0.4382    -0.2710 -9.990e-29
 238.703987      1.265   0.676489    12.9352    -1.9619      1.254     0.4351    -0.2737 -9.990e-29
 238.703993      1.265   0.670369    12.9437    -1.9622      1.254     0.4309    -0.2780 -9.990e-29
 238.703999      1.266   0.665103    12.9547    -1.9619      1.255     0.4273    -0.2822 -9.990e-29
 238.704005      1.266   0.661986    12.9644    -1.9619      1.255     0.4251    -0.2852 -9.990e-29
 238.704010      1.267   0.661849    12.9720    -1.9623      1.256     0.4249    -0.2863 -9.990e-29
 238.704016      1.267   0.664511    12.9786    -1.9624      1.256     0.4266    -0.2858 -9.990e-29
 238.704022      1.268   0.666871    12.9851    -1.9620      1.257     0.4281    -0.2855 -9.990e-29
 238.704028      1.270   0.665425    12.9898    -1.9624      1.259     0.4271    -0.2868 -9.990e-29
 238.704034      1.271   0.660460    12.9910    -1.9630      1.260     0.4238    -0.2896 -9.990e-29
 238.704039      1.273   0.654781    12.9889    -1.9634      1.262     0.4200    -0.2922 -9.990e-29
 238.704045      1.276   0.651346    12.9868    -1.9633      1.265     0.4178    -0.2937 -9.990e-29
 238.704051      1.279   0.651674    12.9868    -1.9631      1.268     0.4180    -0.2936 -9.990e-29
 238.704057      1.284   0.653429    12.9866    -1.9629      1.273     0.4191    -0.2926 -9.990e-29
 238.704062      1.289   0.652856    12.9849    -1.9626      1.278     0.4188    -0.2927 -9.990e-29
 238.704068      1.296   0.649744    12.9838    -1.9623      1.285     0.4167    -0.2942 -9.990e-29
 238.704074      1.301   0.646598    12.9823    -1.9621      1.290     0.4146    -0.2956 -9.990e-29
 238.704080      1.300   0.644763    12.9773    -1.9619      1.289     0.4135    -0.2959 -9.990e-29
 238.704086      1.297   0.643458    12.9700    -1.9617      1.286     0.4127    -0.2955 -9.990e-29
 238.704091      1.296   0.641496    12.9652    -1.9617      1.285     0.4114    -0.2959 -9.990e-29
 238.704097      1.297   0.638479    12.9654    -1.9615      1.286     0.4094    -0.2975 -9.990e-29
 238.704103      1.300   0.634817    12.9690    -1.9618      1.289     0.4070    -0.2999 -9.990e-29
 238.704109      1.301   0.631171    12.9739    -1.9622      1.290     0.4045    -0.3024 -9.990e-29
 238.704115      1.296   0.628220    12.9792    -1.9627      1.285     0.4025    -0.3047 -9.990e-29
 238.704120      1.289   0.627021    12.9845    -1.9631      1.278     0.4016    -0.3060 -9.990e-29
 238.704126      1.283   0.627636    12.9895    -1.9635      1.272     0.4020    -0.3064 -9.990e-29
 238.704132      1.279   0.628669    12.9943    -1.9638      1.268     0.4026    -0.3065 -9.990e-29
 238.704138      1.276   0.628728    12.9980    -1.9640      1.265     0.4026    -0.3070 -9.990e-29
 238.704144      1.273   0.626784    13.0001    -1.9640      1.262     0.4013    -0.3082 -9.990e-29
 238.704149      1.271   0.623015    13.0000    -1.9636      1.260     0.3988    -0.3102 -9.990e-29
 238.704155      1.269   0.619047    12.9960    -1.9634      1.258     0.3962    -0.3117 -9.990e-29
 238.704161      1.268   0.616240    12.9882    -1.9637      1.257     0.3944    -0.3121 -9.990e-29
 238.704167      1.266   0.614731    12.9787    -1.9640      1.255     0.3935    -0.3116 -9.990e-29
 238.704172      1.265   0.614172    12.9695    -1.9641      1.254     0.3932    -0.3106 -9.990e-29
 238.704178      1.265   0.614373    12.9617    -1.9637      1.254     0.3935    -0.3095 -9.990e-29
 238.704184      1.264   0.614493    12.9559    -1.9634      1.253     0.3936    -0.3086 -9.990e-29
 238.704190      1.263   0.613585    12.9531    -1.9631      1.252     0.3930    -0.3087 -9.990e-29
 238.704196      1.262   0.611547    12.9540    -1.9633      1.251     0.3917    -0.3099 -9.990e-29
 238.704201      1.261   0.608987    12.9572    -1.9632      1.250     0.3899    -0.3116 -9.990e-29
 238.704207      1.260   0.606924    12.9587    -1.9634      1.249     0.3885    -0.3129 -9.990e-29
 238.704213      1.259   0.605934    12.9565    -1.9635      1.248     0.3879    -0.3131 -9.990e-29
 238.704219      1.257   0.605807    12.9534    -1.9640      1.247     0.3879    -0.3128 -9.990e-29
 238.704225      1.254   0.605819    12.9535    -1.9642      1.244     0.3879    -0.3128 -9.990e-29
 238.704230      1.252   0.605432    12.9576    -1.9641      1.242     0.3876    -0.3135 -9.990e-29
 238.704236      1.248   0.604684    12.9635    -1.9636      1.238     0.3870    -0.3147 -9.990e-29
 238.704242      1.243   0.603687    12.9675    -1.9629      1.233     0.3863    -0.3158 -9.990e-29
 238.704248      1.237   0.602221    12.9686    -1.9626      1.227     0.3853    -0.3167 -9.990e-29
 238.704253      1.234   0.599994    12.9680    -1.9624      1.224     0.3839    -0.3177 -9.990e-29
 238.704259      1.238   0.597362    12.9657    -1.9621      1.228     0.3821    -0.3188 -9.990e-29
 238.704265      1.243   0.595249    12.9611    -1.9621      1.233     0.3808    -0.3193 -9.990e-29
 238.704271      1.248   0.594163    12.9562    -1.9617      1.238     0.3801    -0.3192 -9.990e-29
 238.704277      1.251   0.593766    12.9542    -1.9619      1.241     0.3799    -0.3191 -9.990e-29
 238.704282      1.254   0.592974    12.9572    -1.9622      1.244     0.3793    -0.3199 -9.990e-29
 238.704288      1.256   0.591288    12.9651    -1.9625      1.246     0.3781    -0.3218 -9.990e-29
 238.704294      1.258   0.589784    12.9748    -1.9627      1.247     0.3770    -0.3239 -9.990e-29
 238.704300      1.259   0.589780    12.9831    -1.9629      1.248     0.3769    -0.3250 -9.990e-29
 238.704306      1.260   0.590719    12.9896    -1.9631      1.249     0.3775    -0.3254 -9.990e-29
 238.704311      1.261   0.590528    12.9948    -1.9631      1.250     0.3773    -0.3262 -9.990e-29
 238.704317      1.261   0.588397    12.9989    -1.9632      1.250     0.3759    -0.3279 -9.990e-29
 238.704323      1.261   0.585367    13.0014    -1.9635      1.250     0.3739    -0.3298 -9.990e-29
 238.704329      1.262   0.582939    13.0004    -1.9639      1.251     0.3723    -0.3309 -9.990e-29
 238.704334      1.262   0.581755    12.9959    -1.9644      1.251     0.3715    -0.3309 -9.990e-29
 238.704340      1.261   0.581348    12.9903    -1.9646      1.250     0.3713    -0.3304 -9.990e-29
 238.704346      1.261   0.581173    12.9852    -1.9644      1.250     0.3712    -0.3298 -9.990e-29
 238.704352      1.261   0.580997    12.9810    -1.9642      1.250     0.3712    -0.3293 -9.990e-29
 238.704358      1.260   0.580586    12.9776    -1.9642      1.249     0.3709    -0.3290 -9.990e-29
 238.704363      1.259   0.579945    12.9748    -1.9641      1.248     0.3705    -0.3290 -9.990e-29
 238.704369      1.258   0.579330    12.9712    -1.9642      1.247     0.3701    -0.3288 -9.990e-29
 238.704375      1.256   0.578475    12.9654    -1.9645      1.246     0.3696    -0.3285 -9.990e-29
 238.704381      1.254   0.576797    12.9581    -1.9649      1.244     0.3686    -0.3284 -9.990e-29
