data/oxygen options/ONMS/Olympic_Coast_National_Marine_Sanctuary_CTD_Data_2005_2023/raw_data/2021/CAST_TH015_210714faed.cnv
* Sea-Bird SBE 19 Data File:
* FileName = C:\2021 Mooring Data\CTD\CAST_TH015_210714.hex
* Software Version SeatermAF 2.1.2
* Temperature SN = 2997
* Conductivity SN = 2997
* System UpLoad Time = Jul 14 2021 19:08:55 (localtime) = Jul 14 2021 19:08:55 (UTC)
** CAST_TH015_210714
* ds
# nquan = 9                                 
# nvalues = 1455                        
# units = specified
# name 0 = timeJ: Julian Days
# name 1 = prSM: Pressure, Strain Gauge [db]
# name 2 = c0mS/cm: Conductivity [mS/cm]
# name 3 = t090C: Temperature [ITS-90, deg C]
# name 4 = sbeox0ML/L: Oxygen, SBE 43 [ml/l]
# name 5 = depSM: Depth [salt water, m], lat = 47.5
# name 6 = sal00: Salinity, Practical [PSU]
# name 7 = sigma-é00: Density [sigma-theta, kg/m^3]
# name 8 = flag: flag
# span 0 = 195.744167, 195.752581       
# span 1 =     -4.621,     16.736       
# span 2 =   0.000978,  35.546480       
# span 3 =     7.5821,    12.8517       
# span 4 =   -13.0529,    17.4649       
# span 5 =     -4.582,     16.596       
# span 6 =     0.0066,    33.5782       
# span 7 =    -0.5972,    26.2178       
# span 8 = 0.0000e+00, 0.0000e+00       
# interval = seconds: 0.5
# start_time = Jul 14 2021 17:51:36 [Instrument's time stamp, header]
# bad_flag = -9.990e-29
*END*
[from data line 481]
 195.746950     -0.066   0.001099    12.7216    -1.9774     -0.065     0.0067    -0.5811 -9.990e-29
 195.746956     -0.063   0.001099    12.7219    -1.9774     -0.062     0.0067    -0.5812 -9.990e-29
 195.746962     -0.058   0.001099    12.7250    -1.9775     -0.058     0.0067    -0.5816 -9.990e-29
 195.746968     -0.051   0.001099    12.7294    -1.9777     -0.051     0.0067    -0.5821 -9.990e-29
 195.746973     -0.043   0.001099    12.7337    -1.9776     -0.043     0.0067    -0.5826 -9.990e-29
 195.746979     -0.036   0.001099    12.7366    -1.9775     -0.036     0.0067    -0.5830 -9.990e-29
 195.746985     -0.036   0.001100    12.7374    -1.9775     -0.036     0.0067    -0.5831 -9.990e-29
 195.746991     -0.036   0.001100    12.7373    -1.9776     -0.036     0.0067    -0.5831 -9.990e-29
 195.746997     -0.034   0.001101    12.7387    -1.9778     -0.034     0.0067    -0.5832 -9.990e-29
 195.747002     -0.028   0.001101    12.7413    -1.9779     -0.028     0.0067    -0.5836 -9.990e-29
 195.747008     -0.019   0.001101    12.7427    -1.9779     -0.019     0.0067    -0.5837 -9.990e-29
 195.747014     -0.006   0.001102    12.7424    -1.9781     -0.006     0.0067    -0.5837 -9.990e-29
 195.747020      0.008   0.001102    12.7416    -1.9783      0.008     0.0067    -0.5836 -9.990e-29
 195.747025      0.014   0.001103    12.7415    -1.9789      0.014     0.0067    -0.5836 -9.990e-29
 195.747031      0.014   0.001103    12.7418    -1.9794      0.014     0.0067    -0.5836 -9.990e-29
 195.747037      0.011   0.001103    12.7414    -1.9793      0.011     0.0067    -0.5836 -9.990e-29
 195.747043      0.006   0.001104    12.7398    -1.9793      0.006     0.0067    -0.5834 -9.990e-29
 195.747049      0.001   0.001104    12.7372    -1.9792      0.001     0.0067    -0.5831 -9.990e-29
 195.747054      0.003   0.001105    12.7346    -1.9794      0.003     0.0067    -0.5827 -9.990e-29
 195.747060      0.005   0.001105    12.7317    -1.9793      0.005     0.0067    -0.5824 -9.990e-29
 195.747066      0.004   0.001105    12.7274    -1.9795      0.004     0.0067    -0.5819 -9.990e-29
 195.747072      0.005   0.001106    12.7210    -1.9794      0.005     0.0067    -0.5811 -9.990e-29
 195.747078      0.011   0.001106    12.7129    -1.9792      0.011     0.0067    -0.5801 -9.990e-29
 195.747083      0.023   0.001107    12.7065    -1.9794      0.023     0.0067    -0.5793 -9.990e-29
 195.747089      0.037   0.001107    12.7038    -1.9794      0.037     0.0067    -0.5790 -9.990e-29
 195.747095      0.050   0.001108    12.7035    -1.9798      0.050     0.0067    -0.5789 -9.990e-29
 195.747101      0.063   0.001108    12.7035    -1.9798      0.062     0.0067    -0.5789 -9.990e-29
 195.747106      0.073   0.001108    12.7028    -1.9799      0.072     0.0067    -0.5788 -9.990e-29
 195.747112      0.075   0.001109    12.7019    -1.9799      0.074     0.0067    -0.5787 -9.990e-29
 195.747118      0.074   0.001109    12.7015    -1.9798      0.073     0.0067    -0.5787 -9.990e-29
 195.747124      0.075   0.001110    12.7020    -1.9799      0.074     0.0067    -0.5787 -9.990e-29
 195.747130      0.078   0.001110    12.7024    -1.9801      0.077     0.0067    -0.5788 -9.990e-29
 195.747135      0.081   0.001110    12.7011    -1.9803      0.080     0.0067    -0.5786 -9.990e-29
 195.747141      0.083   0.001111    12.6981    -1.9804      0.082     0.0067    -0.5783 -9.990e-29
 195.747147      0.082   0.001111    12.6944    -1.9803      0.081     0.0067    -0.5778 -9.990e-29
 195.747153      0.083   0.001112    12.6918    -1.9803      0.082     0.0067    -0.5775 -9.990e-29
 195.747159      0.086   0.001112    12.6908    -1.9805      0.085     0.0067    -0.5774 -9.990e-29
 195.747164      0.091   0.001112    12.6904    -1.9803      0.090     0.0067    -0.5773 -9.990e-29
 195.747170      0.094   0.001113    12.6899    -1.9800      0.093     0.0067    -0.5772 -9.990e-29
 195.747176      0.096   0.001113    12.6885    -1.9797      0.095     0.0067    -0.5771 -9.990e-29
 195.747182      0.101   0.001114    12.6856    -1.9793      0.100     0.0067    -0.5767 -9.990e-29
 195.747188      0.104   0.001114    12.6823    -1.9796      0.103     0.0067    -0.5763 -9.990e-29
 195.747193      0.106   0.001114    12.6807    -1.9798      0.105     0.0067    -0.5761 -9.990e-29
 195.747199      0.111   0.001115    12.6806    -1.9797      0.110     0.0067    -0.5761 -9.990e-29
 195.747205      0.116   0.001115    12.6805    -1.9796      0.115     0.0067    -0.5761 -9.990e-29
 195.747211      0.117   0.001116    12.6808    -1.9796      0.116     0.0067    -0.5761 -9.990e-29
 195.747216      0.113   0.001116    12.6835    -1.9793      0.112     0.0067    -0.5765 -9.990e-29
 195.747222      0.108   0.001116    12.6885    -1.9792      0.107     0.0067    -0.5771 -9.990e-29
 195.747228      0.108   0.001117    12.6937    -1.9791      0.107     0.0067    -0.5777 -9.990e-29
 195.747234      0.106   0.001117    12.6967    -1.9788      0.105     0.0067    -0.5781 -9.990e-29
 195.747240      0.104   0.001118    12.6964    -1.9785      0.103     0.0067    -0.5780 -9.990e-29
 195.747245      0.104   0.001118    12.6950    -1.9781      0.103     0.0067    -0.5779 -9.990e-29
 195.747251      0.104   0.001118    12.6951    -1.9779      0.103     0.0067    -0.5779 -9.990e-29
 195.747257      0.103   0.001119    12.6966    -1.9777      0.102     0.0067    -0.5781 -9.990e-29
 195.747263      0.105   0.001119    12.6990    -1.9774      0.104     0.0067    -0.5784 -9.990e-29
 195.747269      0.107   0.001120    12.7021    -1.9772      0.106     0.0067    -0.5787 -9.990e-29
 195.747274      0.107   0.001120    12.7060    -1.9771      0.106     0.0067    -0.5792 -9.990e-29
 195.747280      0.115   0.001120    12.7108    -1.9769      0.114     0.0067    -0.5798 -9.990e-29
 195.747286      0.131   0.001121    12.7165    -1.9767      0.130     0.0067    -0.5805 -9.990e-29
 195.747292      0.144   0.001121    12.7224    -1.9766      0.143     0.0067    -0.5812 -9.990e-29
 195.747297      0.145   0.001122    12.7284    -1.9764      0.144     0.0067    -0.5820 -9.990e-29
 195.747303      0.144   0.001122    12.7342    -1.9761      0.143     0.0067    -0.5827 -9.990e-29
 195.747309      0.148   0.001122    12.7396    -1.9761      0.147     0.0067    -0.5833 -9.990e-29
 195.747315      0.155   0.001123    12.7448    -1.9760      0.154     0.0067    -0.5840 -9.990e-29
 195.747321      0.159   0.001123    12.7494    -1.9757      0.158     0.0067    -0.5846 -9.990e-29
 195.747326      0.161   0.001124    12.7535    -1.9754      0.160     0.0067    -0.5851 -9.990e-29
 195.747332      0.162   0.001124    12.7576    -1.9753      0.161     0.0067    -0.5856 -9.990e-29
 195.747338      0.161   0.001124    12.7613    -1.9750      0.160     0.0067    -0.5860 -9.990e-29
 195.747344      0.159   0.001125    12.7649    -1.9748      0.158     0.0067    -0.5865 -9.990e-29
 195.747350      0.155   0.001125    12.7687    -1.9748      0.154     0.0067    -0.5869 -9.990e-29
 195.747355      0.153   0.001126    12.7725    -1.9749      0.152     0.0067    -0.5874 -9.990e-29
 195.747361      0.157   0.001126    12.7758    -1.9746      0.156     0.0067    -0.5878 -9.990e-29
 195.747367      0.164   0.001126    12.7795    -1.9742      0.163     0.0067    -0.5883 -9.990e-29
 195.747373      0.169   0.001127    12.7845    -1.9742      0.168     0.0067    -0.5889 -9.990e-29
 195.747378      0.173   0.001127    12.7899    -1.9740      0.172     0.0067    -0.5896 -9.990e-29
 195.747384      0.176   0.001128    12.7949    -1.9738      0.175     0.0067    -0.5902 -9.990e-29
 195.747390      0.179   0.001128    12.7992    -1.9737      0.178     0.0067    -0.5907 -9.990e-29
 195.747396      0.180   0.001128    12.8022    -1.9737      0.178     0.0067    -0.5911 -9.990e-29
 195.747402      0.182   0.001129    12.8040    -1.9737      0.180     0.0067    -0.5913 -9.990e-29
 195.747407      0.183   0.001129    12.8064    -1.9739      0.181     0.0067    -0.5916 -9.990e-29
 195.747413      0.184   0.001130    12.8106    -1.9740      0.182     0.0067    -0.5921 -9.990e-29
 195.747419      0.185   0.001130    12.8154    -1.9739      0.183     0.0068    -0.5927 -9.990e-29
 195.747425      0.185   0.001131    12.8192    -1.9739      0.183     0.0068    -0.5932 -9.990e-29
 195.747431      0.186   0.001131    12.8224    -1.9739      0.184     0.0068    -0.5936 -9.990e-29
 195.747436      0.186   0.001131    12.8253    -1.9740      0.184     0.0068    -0.5939 -9.990e-29
 195.747442      0.186   0.001132    12.8273    -1.9739      0.184     0.0068    -0.5942 -9.990e-29
 195.747448      0.186   0.001132    12.8281    -1.9736      0.184     0.0068    -0.5943 -9.990e-29
 195.747454      0.186   0.001133    12.8277    -1.9736      0.184     0.0068    -0.5942 -9.990e-29
 195.747459      0.187   0.001133    12.8261    -1.9737      0.185     0.0068    -0.5940 -9.990e-29
 195.747465      0.187   0.001133    12.8248    -1.9736      0.185     0.0068    -0.5939 -9.990e-29
 195.747471      0.187   0.001134    12.8246    -1.9735      0.185     0.0068    -0.5939 -9.990e-29
 195.747477      0.187   0.001134    12.8246    -1.9736      0.185     0.0068    -0.5939 -9.990e-29
 195.747483      0.187   0.001135    12.8245    -1.9736      0.185     0.0068    -0.5938 -9.990e-29
 195.747488      0.187   0.001135    12.8249    -1.9737      0.185     0.0068    -0.5939 -9.990e-29
 195.747494      0.187   0.001135    12.8267    -1.9739      0.185     0.0068    -0.5941 -9.990e-29
 195.747500      0.187   0.001136    12.8291    -1.9737      0.185     0.0068    -0.5944 -9.990e-29
 195.747506      0.187   0.001136    12.8302    -1.9739      0.185     0.0068    -0.5946 -9.990e-29
 195.747512      0.187   0.001137    12.8304    -1.9744      0.185     0.0068    -0.5946 -9.990e-29
 195.747517      0.187   0.001137    12.8313    -1.9745      0.185     0.0068    -0.5947 -9.990e-29
 195.747523      0.187   0.001137    12.8322    -1.9747      0.185     0.0068    -0.5948 -9.990e-29
 195.747529      0.187   0.001138    12.8320    -1.9748      0.185     0.0068    -0.5948 -9.990e-29
 195.747535      0.187   0.001138    12.8309    -1.9751      0.185     0.0068    -0.5946 -9.990e-29
 195.747541      0.187   0.001139    12.8291    -1.9754      0.185     0.0068    -0.5944 -9.990e-29
 195.747546      0.187   0.001139    12.8276    -1.9756      0.185     0.0068    -0.5942 -9.990e-29
 195.747552      0.187   0.001139    12.8261    -1.9755      0.185     0.0068    -0.5940 -9.990e-29
 195.747558      0.187   0.001140    12.8224    -1.9756      0.185     0.0068    -0.5936 -9.990e-29
 195.747564      0.187   0.001140    12.8168    -1.9756      0.185     0.0068    -0.5929 -9.990e-29
 195.747569      0.187   0.001141    12.8118    -1.9759      0.185     0.0068    -0.5923 -9.990e-29
 195.747575      0.187   0.001141    12.8075    -1.9765      0.185     0.0068    -0.5917 -9.990e-29
 195.747581      0.187   0.001141    12.8031    -1.9769      0.185     0.0067    -0.5912 -9.990e-29
 195.747587      0.187   0.001142    12.7982    -1.9772      0.185     0.0067    -0.5906 -9.990e-29
 195.747593      0.187   0.001142    12.7933    -1.9776      0.185     0.0067    -0.5900 -9.990e-29
 195.747598      0.187   0.001143    12.7898    -1.9776      0.185     0.0067    -0.5895 -9.990e-29
 195.747604      0.187   0.001143    12.7881    -1.9776      0.185     0.0067    -0.5893 -9.990e-29
 195.747610      0.187   0.001143    12.7864    -1.9776      0.185     0.0067    -0.5891 -9.990e-29
 195.747616      0.187   0.001144    12.7831    -1.9776      0.185     0.0067    -0.5887 -9.990e-29
 195.747622      0.187   0.001144    12.7767    -1.9776      0.185     0.0067    -0.5879 -9.990e-29
 195.747627      0.187   0.001145    12.7677    -1.9776      0.185     0.0067    -0.5868 -9.990e-29
 195.747633      0.187   0.001145    12.7587    -1.9777      0.185     0.0067    -0.5857 -9.990e-29
 195.747639      0.187   0.001145    12.7514    -1.9782      0.185     0.0067    -0.5848 -9.990e-29
 195.747645      0.187   0.001146    12.7462    -1.9787      0.185     0.0067    -0.5842 -9.990e-29
 195.747650      0.187   0.001146    12.7436    -1.9787      0.185     0.0067    -0.5838 -9.990e-29
 195.747656      0.187   0.001147    12.7425    -1.9784      0.185     0.0067    -0.5837 -9.990e-29
 195.747662      0.187   0.001147    12.7420    -1.9783      0.185     0.0067    -0.5836 -9.990e-29
 195.747668      0.187   0.001147    12.7417    -1.9782      0.185     0.0067    -0.5836 -9.990e-29
 195.747674      0.187   0.001148    12.7413    -1.9781      0.185     0.0067    -0.5836 -9.990e-29
 195.747679      0.188   0.001148    12.7399    -1.9782      0.186     0.0067    -0.5834 -9.990e-29
 195.747685      0.188   0.001149    12.7359    -1.9779      0.186     0.0067    -0.5829 -9.990e-29
 195.747691      0.188   0.001149    12.7294    -1.9776      0.186     0.0067    -0.5821 -9.990e-29
 195.747697      0.188   0.001149    12.7236    -1.9774      0.186     0.0067    -0.5814 -9.990e-29
 195.747703      0.189   0.001150    12.7220    -1.9773      0.187     0.0067    -0.5812 -9.990e-29
 195.747708      0.189   0.001150    12.7239    -1.9773      0.187     0.0067    -0.5814 -9.990e-29
 195.747714      0.190   0.001151    12.7263    -1.9773      0.188     0.0067    -0.5817 -9.990e-29
 195.747720      0.191   0.001151    12.7281    -1.9774      0.189     0.0067    -0.5819 -9.990e-29
 195.747726      0.192   0.001151    12.7295    -1.9774      0.190     0.0067    -0.5821 -9.990e-29
 195.747731      0.193   0.001152    12.7317    -1.9775      0.191     0.0067    -0.5824 -9.990e-29
 195.747737      0.195   0.001152    12.7358    -1.9779      0.193     0.0067    -0.5829 -9.990e-29
 195.747743      0.197   0.001153    12.7408    -1.9782      0.195     0.0067    -0.5835 -9.990e-29
 195.747749      0.200   0.001153    12.7448    -1.9784      0.198     0.0067    -0.5840 -9.990e-29
 195.747755      0.203   0.001153    12.7471    -1.9787      0.201     0.0067    -0.5843 -9.990e-29
 195.747760      0.208   0.001154    12.7482    -1.9786      0.206     0.0067    -0.5844 -9.990e-29
 195.747766      0.214   0.001154    12.7481    -1.9787      0.212     0.0067    -0.5844 -9.990e-29
 195.747772      0.217   0.001155    12.7466    -1.9787      0.215     0.0067    -0.5842 -9.990e-29
 195.747778      0.214   0.001155    12.7443    -1.9787      0.212     0.0067    -0.5839 -9.990e-29
 195.747784      0.208   0.001156    12.7406    -1.9786      0.206     0.0067    -0.5835 -9.990e-29
 195.747789      0.204   0.001156    12.7351    -1.9786      0.202     0.0067    -0.5828 -9.990e-29
 195.747795      0.200   0.001156    12.7292    -1.9785      0.198     0.0067    -0.5821 -9.990e-29
 195.747801      0.198   0.001157    12.7242    -1.9783      0.196     0.0067    -0.5814 -9.990e-29
 195.747807      0.196   0.001157    12.7208    -1.9783      0.194     0.0067    -0.5810 -9.990e-29
 195.747813      0.195   0.001158    12.7193    -1.9781      0.193     0.0067    -0.5808 -9.990e-29
 195.747818      0.194   0.001158    12.7185    -1.9781      0.192     0.0067    -0.5807 -9.990e-29
 195.747824      0.194   0.001158    12.7180    -1.9780      0.192     0.0067    -0.5807 -9.990e-29
 195.747830      0.194   0.001159    12.7183    -1.9781      0.192     0.0067    -0.5807 -9.990e-29
 195.747836      0.195   0.001159    12.7193    -1.9780      0.193     0.0067    -0.5808 -9.990e-29
 195.747841      0.196   0.001160    12.7206    -1.9779      0.194     0.0067    -0.5810 -9.990e-29
 195.747847      0.198   0.001160    12.7223    -1.9778      0.196     0.0067    -0.5812 -9.990e-29
 195.747853      0.200   0.001160    12.7244    -1.9780      0.198     0.0067    -0.5815 -9.990e-29
 195.747859      0.203   0.001161    12.7266    -1.9787      0.201     0.0067    -0.5817 -9.990e-29
 195.747865      0.207   0.001161    12.7290    -1.9790      0.205     0.0067    -0.5820 -9.990e-29
