data/oxygen options/ONMS/Olympic_Coast_National_Marine_Sanctuary_CTD_Data_2005_2023/raw_data/2021/CAST_CE042_210826faed.cnv
* Sea-Bird SBE 19 Data File:
* FileName = C:\2021 Mooring Data\Casts\CAST_CE042_210826.hex
* Software Version SeatermAF 2.1.2
* Temperature SN = 2997
* Conductivity SN = 2997
* System UpLoad Time = Aug 26 2021 00:35:33 (localtime) = Aug 26 2021 00:35:33 (UTC)
** CAST_CE042_210826
* ds
# nquan = 9                                 
# nvalues = 2680                        
# units = specified
# name 0 = timeJ: Julian Days
# name 1 = prSM: Pressure, Strain Gauge [db]
# name 2 = c0mS/cm: Conductivity [mS/cm]
# name 3 = t090C: Temperature [ITS-90, deg C]
# name 4 = sbeox0ML/L: Oxygen, SBE 43 [ml/l]
# name 5 = depSM: Depth [salt water, m], lat = 47.5
# name 6 = sal00: Salinity, Practical [PSU]
# name 7 = sigma-é00: Density [sigma-theta, kg/m^3]
# name 8 = flag: flag
# span 0 = 237.910104, 237.925608       
# span 1 =     -4.906,     46.140       
# span 2 =   0.180212,  40.793772       
# span 3 =     7.4434,    16.8558       
# span 4 =    -1.8504,    12.4131       
# span 5 =     -4.865,     45.750       
# span 6 =     0.1035,    33.7927       
# span 7 =    -1.1188,    26.4066       
# span 8 = 0.0000e+00, 0.0000e+00       
# interval = seconds: 0.5
# start_time = Aug 25 2021 21:50:33 [Instrument's time stamp, header]
# bad_flag = -9.990e-29
*END*
[from data line 1441]
 237.918443     42.390  34.588374     7.4484     0.4360     42.032    33.7709    26.3888 -9.990e-29
 237.918449     42.369  34.588763     7.4492     0.4401     42.011    33.7705    26.3884 -9.990e-29
 237.918455     42.348  34.588551     7.4499     0.4340     41.990    33.7696    26.3876 -9.990e-29
 237.918461     42.332  34.588025     7.4504     0.4381     41.974    33.7686    26.3867 -9.990e-29
 237.918466     42.326  34.587611     7.4505     0.4381     41.968    33.7680    26.3863 -9.990e-29
 237.918472     42.329  34.587319     7.4500     0.4381     41.971    33.7682    26.3865 -9.990e-29
 237.918478     42.341  34.586760     7.4491     0.4381     41.983    33.7684    26.3868 -9.990e-29
 237.918484     42.358  34.586306     7.4484     0.4298     42.000    33.7686    26.3870 -9.990e-29
 237.918490     42.374  34.586465     7.4481     0.4278     42.016    33.7691    26.3874 -9.990e-29
 237.918495     42.384  34.586885     7.4482     0.4360     42.026    33.7694    26.3877 -9.990e-29
 237.918501     42.390  34.587558     7.4483     0.4401     42.032    33.7701    26.3882 -9.990e-29
 237.918507     42.396  34.588258     7.4481     0.4359     42.038    33.7710    26.3890 -9.990e-29
 237.918513     42.406  34.588229     7.4478     0.4401     42.048    33.7713    26.3892 -9.990e-29
 237.918519     42.418  34.587429     7.4474     0.4298     42.060    33.7708    26.3889 -9.990e-29
 237.918524     42.428  34.586467     7.4470     0.4381     42.070    33.7701    26.3884 -9.990e-29
 237.918530     42.436  34.586297     7.4469     0.4339     42.078    33.7700    26.3884 -9.990e-29
 237.918536     42.442  34.587245     7.4473     0.4381     42.083    33.7707    26.3888 -9.990e-29
 237.918542     42.448  34.588329     7.4479     0.4256     42.089    33.7713    26.3892 -9.990e-29
 237.918547     42.453  34.588747     7.4484     0.4360     42.094    33.7712    26.3891 -9.990e-29
 237.918553     42.458  34.588491     7.4487     0.4339     42.099    33.7707    26.3886 -9.990e-29
 237.918559     42.464  34.587776     7.4487     0.4401     42.105    33.7699    26.3880 -9.990e-29
 237.918565     42.466  34.587324     7.4489     0.4462     42.107    33.7692    26.3874 -9.990e-29
 237.918571     42.459  34.587647     7.4493     0.3822     42.100    33.7692    26.3873 -9.990e-29
 237.918576     42.449  34.588049     7.4495     0.4278     42.090    33.7694    26.3875 -9.990e-29
 237.918582     42.439  34.587942     7.4495     0.4298     42.080    33.7693    26.3874 -9.990e-29
 237.918588     42.427  34.587736     7.4496     0.4503     42.069    33.7690    26.3871 -9.990e-29
 237.918594     42.414  34.587714     7.4501     0.4584     42.056    33.7685    26.3867 -9.990e-29
 237.918600     42.398  34.587839     7.4507     0.3885     42.040    33.7680    26.3862 -9.990e-29
 237.918605     42.379  34.588273     7.4513     0.4216     42.021    33.7679    26.3861 -9.990e-29
 237.918611     42.359  34.589029     7.4518     0.4381     42.001    33.7683    26.3863 -9.990e-29
 237.918617     42.341  34.589429     7.4519     0.4462     41.983    33.7686    26.3865 -9.990e-29
 237.918623     42.329  34.588882     7.4515     0.4709     41.971    33.7684    26.3864 -9.990e-29
 237.918628     42.330  34.587772     7.4508     0.4359     41.972    33.7679    26.3861 -9.990e-29
 237.918634     42.345  34.586857     7.4503     0.4381     41.987    33.7674    26.3858 -9.990e-29
 237.918640     42.365  34.586591     7.4501     0.4319     42.007    33.7673    26.3857 -9.990e-29
 237.918646     42.384  34.586613     7.4494     0.4340     42.026    33.7680    26.3864 -9.990e-29
 237.918652     42.399  34.586386     7.4486     0.4339     42.041    33.7685    26.3869 -9.990e-29
 237.918657     42.406  34.586162     7.4483     0.4298     42.048    33.7685    26.3870 -9.990e-29
 237.918663     42.401  34.586198     7.4482     0.4319     42.043    33.7687    26.3871 -9.990e-29
 237.918669     42.388  34.586537     7.4481     0.4298     42.030    33.7692    26.3875 -9.990e-29
 237.918675     42.375  34.587064     7.4482     0.4339     42.017    33.7696    26.3879 -9.990e-29
 237.918681     42.366  34.586797     7.4484     0.4256     42.008    33.7692    26.3875 -9.990e-29
 237.918686     42.360  34.585374     7.4483     0.4236     42.002    33.7677    26.3863 -9.990e-29
 237.918692     42.356  34.584254     7.4477     0.4236     41.998    33.7671    26.3859 -9.990e-29
 237.918698     42.354  34.584181     7.4471     0.4340     41.996    33.7676    26.3864 -9.990e-29
 237.918704     42.355  34.584491     7.4469     0.4318     41.997    33.7681    26.3869 -9.990e-29
 237.918709     42.354  34.585032     7.4473     0.4380     41.996    33.7683    26.3870 -9.990e-29
 237.918715     42.346  34.585958     7.4483     0.4297     41.988    33.7684    26.3868 -9.990e-29
 237.918721     42.335  34.586818     7.4493     0.4339     41.977    33.7683    26.3867 -9.990e-29
 237.918727     42.330  34.587073     7.4494     0.4297     41.972    33.7685    26.3868 -9.990e-29
 237.918733     42.334  34.586498     7.4489     0.4339     41.976    33.7684    26.3868 -9.990e-29
 237.918738     42.347  34.585441     7.4479     0.4297     41.989    33.7682    26.3868 -9.990e-29
 237.918744     42.366  34.584730     7.4465     0.4339     42.008    33.7688    26.3874 -9.990e-29
 237.918750     42.384  34.584531     7.4454     0.4297     42.026    33.7696    26.3882 -9.990e-29
 237.918756     42.397  34.584575     7.4453     0.4091     42.039    33.7698    26.3884 -9.990e-29
 237.918762     42.407  34.584912     7.4460     0.4236     42.049    33.7694    26.3880 -9.990e-29
 237.918767     42.413  34.585426     7.4469     0.4339     42.055    33.7691    26.3876 -9.990e-29
 237.918773     42.417  34.585678     7.4475     0.4359     42.059    33.7688    26.3873 -9.990e-29
 237.918779     42.423  34.585438     7.4475     0.4380     42.065    33.7685    26.3871 -9.990e-29
 237.918785     42.431  34.584941     7.4472     0.3698     42.073    33.7683    26.3869 -9.990e-29
 237.918791     42.433  34.584638     7.4471     0.4196     42.075    33.7681    26.3868 -9.990e-29
 237.918796     42.429  34.584680     7.4475     0.4318     42.071    33.7677    26.3864 -9.990e-29
 237.918802     42.424  34.585118     7.4481     0.4523     42.066    33.7676    26.3863 -9.990e-29
 237.918808     42.417  34.585969     7.4488     0.4583     42.059    33.7678    26.3864 -9.990e-29
 237.918814     42.412  34.586683     7.4494     0.4339     42.054    33.7680    26.3864 -9.990e-29
 237.918819     42.417  34.586525     7.4495     0.4297     42.059    33.7678    26.3862 -9.990e-29
 237.918825     42.437  34.585842     7.4488     0.4256     42.078    33.7677    26.3862 -9.990e-29
 237.918831     42.468  34.585398     7.4479     0.4277     42.109    33.7681    26.3867 -9.990e-29
 237.918837     42.496  34.585156     7.4477     0.4339     42.137    33.7680    26.3866 -9.990e-29
 237.918843     42.505  34.585347     7.4481     0.4401     42.146    33.7678    26.3864 -9.990e-29
 237.918848     42.496  34.586220     7.4489     0.4318     42.137    33.7680    26.3865 -9.990e-29
 237.918854     42.476  34.587252     7.4500     0.4360     42.117    33.7680    26.3863 -9.990e-29
 237.918860     42.454  34.588133     7.4511     0.4339     42.095    33.7679    26.3861 -9.990e-29
 237.918866     42.435  34.588913     7.4521     0.4360     42.077    33.7678    26.3859 -9.990e-29
 237.918872     42.429  34.588946     7.4522     0.4380     42.071    33.7678    26.3858 -9.990e-29
 237.918877     42.437  34.587711     7.4511     0.4256     42.078    33.7675    26.3858 -9.990e-29
 237.918883     42.458  34.586357     7.4496     0.4319     42.099    33.7675    26.3860 -9.990e-29
 237.918889     42.483  34.585877     7.4482     0.4257     42.124    33.7683    26.3868 -9.990e-29
 237.918895     42.505  34.585624     7.4473     0.4256     42.146    33.7689    26.3874 -9.990e-29
 237.918900     42.518  34.585254     7.4471     0.4277     42.159    33.7687    26.3873 -9.990e-29
 237.918906     42.518  34.585388     7.4475     0.4339     42.159    33.7684    26.3870 -9.990e-29
 237.918912     42.504  34.586197     7.4484     0.4318     42.145    33.7684    26.3869 -9.990e-29
 237.918918     42.481  34.587076     7.4493     0.4380     42.122    33.7685    26.3868 -9.990e-29
 237.918924     42.455  34.587510     7.4499     0.4297     42.096    33.7684    26.3867 -9.990e-29
 237.918929     42.433  34.587514     7.4498     0.4340     42.075    33.7685    26.3868 -9.990e-29
 237.918935     42.423  34.587087     7.4492     0.4298     42.065    33.7687    26.3870 -9.990e-29
 237.918941     42.424  34.586216     7.4488     0.4174     42.066    33.7681    26.3866 -9.990e-29
 237.918947     42.427  34.585414     7.4487     0.4257     42.069    33.7673    26.3860 -9.990e-29
 237.918953     42.428  34.585288     7.4483     0.4339     42.070    33.7676    26.3862 -9.990e-29
 237.918958     42.427  34.585664     7.4476     0.4338     42.069    33.7687    26.3872 -9.990e-29
 237.918964     42.425  34.585917     7.4473     0.4338     42.067    33.7692    26.3877 -9.990e-29
 237.918970     42.420  34.585820     7.4473     0.3615     42.062    33.7691    26.3876 -9.990e-29
 237.918976     42.414  34.585237     7.4467     0.4176     42.056    33.7691    26.3876 -9.990e-29
 237.918981     42.409  34.584506     7.4459     0.4318     42.051    33.7691    26.3878 -9.990e-29
 237.918987     42.409  34.584327     7.4455     0.4543     42.051    33.7693    26.3880 -9.990e-29
 237.918993     42.411  34.584457     7.4457     0.4542     42.053    33.7692    26.3879 -9.990e-29
 237.918999     42.410  34.584503     7.4460     0.3905     42.052    33.7690    26.3877 -9.990e-29
 237.919005     42.407  34.584522     7.4463     0.4195     42.049    33.7687    26.3874 -9.990e-29
 237.919010     42.404  34.584532     7.4467     0.4277     42.046    33.7683    26.3871 -9.990e-29
 237.919016     42.407  34.584542     7.4473     0.4337     42.049    33.7678    26.3865 -9.990e-29
 237.919022     42.411  34.584560     7.4474     0.4523     42.053    33.7677    26.3864 -9.990e-29
 237.919028     42.412  34.584605     7.4472     0.4235     42.054    33.7679    26.3867 -9.990e-29
 237.919034     42.411  34.584732     7.4476     0.4380     42.053    33.7677    26.3864 -9.990e-29
 237.919039     42.407  34.585104     7.4483     0.4338     42.049    33.7674    26.3861 -9.990e-29
 237.919045     42.404  34.585652     7.4488     0.4360     42.046    33.7675    26.3861 -9.990e-29
 237.919051     42.406  34.585981     7.4493     0.4338     42.048    33.7674    26.3859 -9.990e-29
 237.919057     42.410  34.585963     7.4497     0.4257     42.052    33.7670    26.3855 -9.990e-29
 237.919063     42.411  34.586130     7.4504     0.4277     42.053    33.7665    26.3851 -9.990e-29
 237.919068     42.409  34.586698     7.4511     0.4257     42.051    33.7664    26.3849 -9.990e-29
 237.919074     42.408  34.586739     7.4511     0.4298     42.050    33.7664    26.3849 -9.990e-29
 237.919080     42.413  34.586304     7.4505     0.4297     42.055    33.7666    26.3851 -9.990e-29
 237.919086     42.419  34.586490     7.4496     0.4380     42.061    33.7676    26.3861 -9.990e-29
 237.919091     42.423  34.586979     7.4490     0.4317     42.065    33.7687    26.3870 -9.990e-29
 237.919097     42.429  34.586734     7.4490     0.4297     42.071    33.7685    26.3868 -9.990e-29
 237.919103     42.443  34.585985     7.4492     0.4194     42.084    33.7675    26.3860 -9.990e-29
 237.919109     42.460  34.585408     7.4488     0.4319     42.101    33.7672    26.3859 -9.990e-29
 237.919115     42.477  34.584788     7.4482     0.4235     42.118    33.7671    26.3859 -9.990e-29
 237.919120     42.491  34.584414     7.4480     0.4380     42.132    33.7669    26.3857 -9.990e-29
 237.919126     42.494  34.584902     7.4481     0.4256     42.135    33.7673    26.3861 -9.990e-29
 237.919132     42.483  34.585776     7.4487     0.4257     42.124    33.7677    26.3863 -9.990e-29
 237.919138     42.461  34.586516     7.4501     0.4318     42.102    33.7672    26.3856 -9.990e-29
 237.919144     42.440  34.586980     7.4513     0.4277     42.081    33.7665    26.3850 -9.990e-29
 237.919149     42.430  34.586664     7.4513     0.4338     42.072    33.7662    26.3847 -9.990e-29
 237.919155     42.431  34.585702     7.4504     0.3718     42.073    33.7660    26.3847 -9.990e-29
 237.919161     42.436  34.585046     7.4494     0.4237     42.078    33.7663    26.3850 -9.990e-29
 237.919167     42.439  34.584939     7.4488     0.4235     42.080    33.7667    26.3855 -9.990e-29
 237.919172     42.440  34.585235     7.4483     0.4420     42.081    33.7675    26.3862 -9.990e-29
 237.919178     42.441  34.585758     7.4480     0.4481     42.082    33.7684    26.3869 -9.990e-29
 237.919184     42.441  34.586081     7.4482     0.3760     42.082    33.7685    26.3870 -9.990e-29
 237.919190     42.441  34.586067     7.4485     0.4133     42.082    33.7682    26.3867 -9.990e-29
 237.919196     42.439  34.585692     7.4484     0.4380     42.080    33.7679    26.3865 -9.990e-29
 237.919201     42.436  34.585010     7.4484     0.4399     42.078    33.7672    26.3859 -9.990e-29
 237.919207     42.432  34.584789     7.4487     0.4543     42.074    33.7667    26.3854 -9.990e-29
 237.919213     42.427  34.585287     7.4489     0.4235     42.069    33.7670    26.3857 -9.990e-29
 237.919219     42.424  34.585485     7.4488     0.4257     42.066    33.7673    26.3859 -9.990e-29
 237.919225     42.428  34.585081     7.4484     0.4256     42.070    33.7673    26.3860 -9.990e-29
 237.919230     42.434  34.584651     7.4483     0.4298     42.076    33.7669    26.3857 -9.990e-29
 237.919236     42.439  34.584737     7.4486     0.4339     42.080    33.7667    26.3855 -9.990e-29
 237.919242     42.443  34.585445     7.4487     0.4235     42.084    33.7674    26.3860 -9.990e-29
 237.919248     42.446  34.586033     7.4487     0.4318     42.087    33.7680    26.3865 -9.990e-29
 237.919253     42.449  34.586159     7.4489     0.4132     42.090    33.7679    26.3864 -9.990e-29
 237.919259     42.451  34.585986     7.4487     0.4277     42.092    33.7679    26.3865 -9.990e-29
 237.919265     42.457  34.585280     7.4480     0.4256     42.098    33.7679    26.3865 -9.990e-29
 237.919271     42.472  34.584214     7.4476     0.4235     42.113    33.7671    26.3859 -9.990e-29
 237.919277     42.488  34.583603     7.4474     0.4276     42.129    33.7666    26.3856 -9.990e-29
 237.919282     42.493  34.583747     7.4474     0.4215     42.134    33.7668    26.3857 -9.990e-29
 237.919288     42.488  34.584270     7.4474     0.4256     42.129    33.7673    26.3862 -9.990e-29
 237.919294     42.481  34.584741     7.4477     0.4256     42.122    33.7676    26.3863 -9.990e-29
 237.919300     42.475  34.585225     7.4479     0.4339     42.116    33.7679    26.3865 -9.990e-29
 237.919306     42.471  34.585802     7.4478     0.4193     42.112    33.7686    26.3871 -9.990e-29
 237.919311     42.467  34.586114     7.4481     0.4235     42.108    33.7687    26.3871 -9.990e-29
 237.919317     42.465  34.586013     7.4485     0.4153     42.106    33.7682    26.3867 -9.990e-29
 237.919323     42.462  34.585358     7.4484     0.4298     42.103    33.7676    26.3862 -9.990e-29
 237.919329     42.461  34.584391     7.4481     0.4317     42.102    33.7668    26.3856 -9.990e-29
 237.919334     42.460  34.584058     7.4478     0.4277     42.101    33.7667    26.3856 -9.990e-29
 237.919340     42.459  34.584471     7.4478     0.3945     42.100    33.7672    26.3860 -9.990e-29
 237.919346     42.458  34.585054     7.4481     0.4133     42.099    33.7675    26.3862 -9.990e-29
 237.919352     42.458  34.585457     7.4484     0.4256     42.099    33.7677    26.3863 -9.990e-29
 237.919358     42.457  34.585092     7.4484     0.4255     42.098    33.7673    26.3860 -9.990e-29
