data/oxygen options/ONMS/Olympic_Coast_National_Marine_Sanctuary_CTD_Data_2005_2023/raw_data/2021/CAST_CE042_210826faed.cnv
* Sea-Bird SBE 19 Data File:
* FileName = C:\2021 Mooring Data\Casts\CAST_CE042_210826.hex
* Software Version SeatermAF 2.1.2
* Temperature SN = 2997
* Conductivity SN = 2997
* System UpLoad Time = Aug 26 2021 00:35:33 (localtime) = Aug 26 2021 00:35:33 (UTC)
** CAST_CE042_210826
* ds
# nquan = 9                                 
# nvalues = 2680                        
# units = specified
# name 0 = timeJ: Julian Days
# name 1 = prSM: Pressure, Strain Gauge [db]
# name 2 = c0mS/cm: Conductivity [mS/cm]
# name 3 = t090C: Temperature [ITS-90, deg C]
# name 4 = sbeox0ML/L: Oxygen, SBE 43 [ml/l]
# name 5 = depSM: Depth [salt water, m], lat = 47.5
# name 6 = sal00: Salinity, Practical [PSU]
# name 7 = sigma-é00: Density [sigma-theta, kg/m^3]
# name 8 = flag: flag
# span 0 = 237.910104, 237.925608       
# span 1 =     -4.906,     46.140       
# span 2 =   0.180212,  40.793772       
# span 3 =     7.4434,    16.8558       
# span 4 =    -1.8504,    12.4131       
# span 5 =     -4.865,     45.750       
# span 6 =     0.1035,    33.7927       
# span 7 =    -1.1188,    26.4066       
# span 8 = 0.0000e+00, 0.0000e+00       
# interval = seconds: 0.5
# start_time = Aug 25 2021 21:50:33 [Instrument's time stamp, header]
# bad_flag = -9.990e-29
*END*
 237.910104     -4.906 -9.990e-29    16.4894    -1.8204     -4.865 -9.990e-29 -9.990e-29 -9.990e-29
 237.910110     -4.900   0.181630    16.4941    -1.8200     -4.859     0.1048    -1.0564 -9.990e-29
 237.910116     -4.892   0.181630    16.4966    -1.8201     -4.851     0.1048    -1.0569 -9.990e-29
 237.910122     -4.882   0.181630    16.5000    -1.8208     -4.841     0.1048    -1.0574 -9.990e-29
 237.910127     -4.869   0.181629    16.5057    -1.8210     -4.828     0.1047    -1.0584 -9.990e-29
 237.910133     -4.852   0.181628    16.5139    -1.8210     -4.812     0.1047    -1.0598 -9.990e-29
 237.910139     -4.831   0.181624    16.5241    -1.8204     -4.791     0.1047    -1.0615 -9.990e-29
 237.910145     -4.803   0.181614    16.5340    -1.8200     -4.763     0.1047    -1.0632 -9.990e-29
 237.910150     -4.772   0.181586    16.5424    -1.8205     -4.732     0.1046    -1.0647 -9.990e-29
 237.910156     -4.739   0.181504    16.5494    -1.8213     -4.700     0.1046    -1.0659 -9.990e-29
 237.910162     -4.703   0.181257    16.5535    -1.8220     -4.664     0.1044    -1.0667 -9.990e-29
 237.910168     -4.665   0.181071    16.5517    -1.8219     -4.626     0.1043    -1.0665 -9.990e-29
 237.910174     -4.627   0.181255    16.5451    -1.8220     -4.588     0.1044    -1.0653 -9.990e-29
 237.910179     -4.592   0.181501    16.5402    -1.8218     -4.554     0.1046    -1.0643 -9.990e-29
 237.910185     -4.561   0.181582    16.5416    -1.8213     -4.523     0.1046    -1.0645 -9.990e-29
 237.910191     -4.529   0.181609    16.5474    -1.8213     -4.491     0.1046    -1.0655 -9.990e-29
 237.910197     -4.492   0.181617    16.5497    -1.8226     -4.455     0.1046    -1.0659 -9.990e-29
 237.910203     -4.457   0.181619    16.5426    -1.8238     -4.420     0.1047    -1.0647 -9.990e-29
 237.910208     -4.427   0.181620    16.5296    -1.8251     -4.390     0.1047    -1.0625 -9.990e-29
 237.910214     -4.399   0.181619    16.5188    -1.8264     -4.362     0.1047    -1.0606 -9.990e-29
 237.910220     -4.371   0.181618    16.5143    -1.8273     -4.335     0.1047    -1.0599 -9.990e-29
 237.910226     -4.342   0.181618    16.5141    -1.8281     -4.306     0.1047    -1.0598 -9.990e-29
 237.910231     -4.315   0.181617    16.5161    -1.8282     -4.279     0.1047    -1.0602 -9.990e-29
 237.910237     -4.291   0.181616    16.5170    -1.8289     -4.255     0.1047    -1.0603 -9.990e-29
 237.910243     -4.265   0.181615    16.5090    -1.8293     -4.229     0.1047    -1.0590 -9.990e-29
 237.910249     -4.232   0.181615    16.4885    -1.8299     -4.197     0.1048    -1.0555 -9.990e-29
 237.910255     -4.192   0.181614    16.4600    -1.8300     -4.157     0.1048    -1.0506 -9.990e-29
 237.910260     -4.153   0.181613    16.4289    -1.8305     -4.118     0.1049    -1.0454 -9.990e-29
 237.910266     -4.116   0.181613    16.3992    -1.8305     -4.082     0.1050    -1.0403 -9.990e-29
 237.910272     -4.079   0.181612    16.3743    -1.8305     -4.045     0.1050    -1.0361 -9.990e-29
 237.910278     -4.043   0.181611    16.3556    -1.8305     -4.009     0.1051    -1.0330 -9.990e-29
 237.910284     -4.015   0.181610    16.3415    -1.8304     -3.982     0.1051    -1.0306 -9.990e-29
 237.910289     -3.994   0.181610    16.3283    -1.8306     -3.961     0.1051    -1.0284 -9.990e-29
 237.910295     -3.973   0.181609    16.3155    -1.8308     -3.940     0.1052    -1.0262 -9.990e-29
 237.910301     -3.951   0.181608    16.3047    -1.8311     -3.918     0.1052    -1.0244 -9.990e-29
 237.910307     -3.927   0.181607    16.2963    -1.8313     -3.894     0.1052    -1.0230 -9.990e-29
 237.910313     -3.903   0.181607    16.2900    -1.8317     -3.870     0.1052    -1.0219 -9.990e-29
 237.910318     -3.883   0.181606    16.2865    -1.8319     -3.851     0.1052    -1.0214 -9.990e-29
 237.910324     -3.864   0.181605    16.2851    -1.8320     -3.832     0.1052    -1.0211 -9.990e-29
 237.910330     -3.847   0.181604    16.2847    -1.8317     -3.815     0.1052    -1.0211 -9.990e-29
 237.910336     -3.829   0.181604    16.2838    -1.8309     -3.797     0.1052    -1.0209 -9.990e-29
 237.910341     -3.810   0.181603    16.2806    -1.8305     -3.778     0.1052    -1.0204 -9.990e-29
 237.910347     -3.789   0.181602    16.2755    -1.8308     -3.757     0.1052    -1.0195 -9.990e-29
 237.910353     -3.763   0.181601    16.2695    -1.8314     -3.732     0.1053    -1.0185 -9.990e-29
 237.910359     -3.736   0.181601    16.2627    -1.8321     -3.705     0.1053    -1.0174 -9.990e-29
 237.910365     -3.710   0.181600    16.2564    -1.8326     -3.679     0.1053    -1.0163 -9.990e-29
 237.910370     -3.684   0.181599    16.2523    -1.8329     -3.653     0.1053    -1.0156 -9.990e-29
 237.910376     -3.660   0.181598    16.2526    -1.8329     -3.629     0.1053    -1.0157 -9.990e-29
 237.910382     -3.637   0.181598    16.2595    -1.8329     -3.607     0.1053    -1.0168 -9.990e-29
 237.910388     -3.609   0.181597    16.2697    -1.8327     -3.579     0.1052    -1.0185 -9.990e-29
 237.910394     -3.578   0.181596    16.2752    -1.8324     -3.548     0.1052    -1.0195 -9.990e-29
 237.910399     -3.552   0.181595    16.2713    -1.8329     -3.522     0.1052    -1.0188 -9.990e-29
 237.910405     -3.532   0.181595    16.2604    -1.8337     -3.503     0.1053    -1.0170 -9.990e-29
 237.910411     -3.513   0.181594    16.2471    -1.8343     -3.484     0.1053    -1.0148 -9.990e-29
 237.910417     -3.493   0.181593    16.2353    -1.8347     -3.464     0.1053    -1.0128 -9.990e-29
 237.910422     -3.477   0.181592    16.2280    -1.8352     -3.448     0.1053    -1.0116 -9.990e-29
 237.910428     -3.459   0.181592    16.2254    -1.8358     -3.430     0.1053    -1.0111 -9.990e-29
 237.910434     -3.437   0.181591    16.2255    -1.8366     -3.408     0.1053    -1.0111 -9.990e-29
 237.910440     -3.414   0.181590    16.2271    -1.8364     -3.386     0.1053    -1.0114 -9.990e-29
 237.910446     -3.389   0.181589    16.2261    -1.8366     -3.361     0.1053    -1.0112 -9.990e-29
 237.910451     -3.365   0.181589    16.2177    -1.8373     -3.337     0.1054    -1.0098 -9.990e-29
 237.910457     -3.343   0.181588    16.2036    -1.8379     -3.315     0.1054    -1.0075 -9.990e-29
 237.910463     -3.324   0.181587    16.1888    -1.8378     -3.296     0.1054    -1.0050 -9.990e-29
 237.910469     -3.306   0.181586    16.1754    -1.8381     -3.278     0.1055    -1.0028 -9.990e-29
 237.910475     -3.287   0.181586    16.1622    -1.8386     -3.260     0.1055    -1.0006 -9.990e-29
 237.910480     -3.267   0.181585    16.1484    -1.8391     -3.240     0.1055    -0.9983 -9.990e-29
 237.910486     -3.243   0.181584    16.1368    -1.8400     -3.216     0.1055    -0.9964 -9.990e-29
 237.910492     -3.220   0.181583    16.1294    -1.8409     -3.193     0.1056    -0.9951 -9.990e-29
 237.910498     -3.199   0.181583    16.1215    -1.8409     -3.172     0.1056    -0.9938 -9.990e-29
 237.910503     -3.175   0.181582    16.1104    -1.8400     -3.149     0.1056    -0.9920 -9.990e-29
 237.910509     -3.146   0.181581    16.1001    -1.8388     -3.120     0.1056    -0.9903 -9.990e-29
 237.910515     -3.120   0.181580    16.0925    -1.8377     -3.094     0.1056    -0.9890 -9.990e-29
 237.910521     -3.099   0.181580    16.0840    -1.8376     -3.073     0.1057    -0.9876 -9.990e-29
 237.910527     -3.081   0.181579    16.0723    -1.8382     -3.055     0.1057    -0.9857 -9.990e-29
 237.910532     -3.066   0.181578    16.0576    -1.8386     -3.040     0.1057    -0.9833 -9.990e-29
 237.910538     -3.051   0.181577    16.0414    -1.8392     -3.026     0.1057    -0.9806 -9.990e-29
 237.910544     -3.038   0.181577    16.0298    -1.8396     -3.013     0.1058    -0.9787 -9.990e-29
 237.910550     -3.024   0.181576    16.0305    -1.8389     -2.999     0.1058    -0.9788 -9.990e-29
 237.910556     -3.008   0.181575    16.0447    -1.8377     -2.983     0.1057    -0.9811 -9.990e-29
 237.910561     -2.991   0.181574    16.0655    -1.8370     -2.966     0.1057    -0.9846 -9.990e-29
 237.910567     -2.970   0.181574    16.0829    -1.8367     -2.945     0.1057    -0.9874 -9.990e-29
 237.910573     -2.944   0.181573    16.0889    -1.8373     -2.919     0.1056    -0.9884 -9.990e-29
 237.910579     -2.916   0.181572    16.0840    -1.8382     -2.892     0.1056    -0.9876 -9.990e-29
 237.910584     -2.893   0.181571    16.0747    -1.8380     -2.869     0.1057    -0.9861 -9.990e-29
 237.910590     -2.873   0.181570    16.0667    -1.8372     -2.849     0.1057    -0.9848 -9.990e-29
 237.910596     -2.850   0.181569    16.0660    -1.8371     -2.826     0.1057    -0.9846 -9.990e-29
 237.910602     -2.829   0.181565    16.0767    -1.8369     -2.805     0.1057    -0.9864 -9.990e-29
 237.910608     -2.811   0.181555    16.0941    -1.8363     -2.788     0.1056    -0.9893 -9.990e-29
 237.910613     -2.795   0.181527    16.1086    -1.8356     -2.772     0.1056    -0.9917 -9.990e-29
 237.910619     -2.780   0.181444    16.1135    -1.8359     -2.757     0.1055    -0.9926 -9.990e-29
 237.910625     -2.766   0.181197    16.1081    -1.8364     -2.743     0.1054    -0.9918 -9.990e-29
 237.910631     -2.751   0.181012    16.1007    -1.8370     -2.728     0.1053    -0.9906 -9.990e-29
 237.910637     -2.735   0.181196    16.1013    -1.8373     -2.712     0.1054    -0.9907 -9.990e-29
 237.910642     -2.721   0.181441    16.1085    -1.8369     -2.698     0.1055    -0.9917 -9.990e-29
 237.910648     -2.711   0.181522    16.1167    -1.8365     -2.688     0.1055    -0.9931 -9.990e-29
 237.910654     -2.702   0.181549    16.1260    -1.8361     -2.679     0.1055    -0.9946 -9.990e-29
 237.910660     -2.689   0.181557    16.1369    -1.8362     -2.667     0.1055    -0.9964 -9.990e-29
 237.910666     -2.674   0.181558    16.1439    -1.8363     -2.652     0.1055    -0.9976 -9.990e-29
 237.910671     -2.661   0.181555    16.1424    -1.8367     -2.639     0.1055    -0.9973 -9.990e-29
 237.910677     -2.646   0.181546    16.1343    -1.8372     -2.624     0.1055    -0.9960 -9.990e-29
 237.910683     -2.622   0.181518    16.1257    -1.8369     -2.600     0.1055    -0.9946 -9.990e-29
 237.910689     -2.594   0.181435    16.1223    -1.8361     -2.572     0.1055    -0.9940 -9.990e-29
 237.910694     -2.566   0.181188    16.1257    -1.8358     -2.545     0.1053    -0.9947 -9.990e-29
 237.910700     -2.542   0.181003    16.1324    -1.8356     -2.521     0.1052    -0.9959 -9.990e-29
 237.910706     -2.521   0.181187    16.1373    -1.8353     -2.500     0.1053    -0.9966 -9.990e-29
 237.910712     -2.501   0.181432    16.1381    -1.8358     -2.480     0.1054    -0.9966 -9.990e-29
 237.910718     -2.480   0.181513    16.1351    -1.8363     -2.459     0.1055    -0.9961 -9.990e-29
 237.910723     -2.458   0.181540    16.1298    -1.8371     -2.438     0.1055    -0.9952 -9.990e-29
 237.910729     -2.433   0.181548    16.1266    -1.8371     -2.413     0.1055    -0.9947 -9.990e-29
 237.910735     -2.407   0.181551    16.1309    -1.8365     -2.387     0.1055    -0.9954 -9.990e-29
 237.910741     -2.384   0.181551    16.1409    -1.8354     -2.364     0.1055    -0.9971 -9.990e-29
 237.910747     -2.362   0.181550    16.1499    -1.8345     -2.342     0.1055    -0.9986 -9.990e-29
 237.910752     -2.343   0.181548    16.1550    -1.8339     -2.323     0.1055    -0.9994 -9.990e-29
 237.910758     -2.331   0.181544    16.1554    -1.8341     -2.312     0.1055    -0.9995 -9.990e-29
 237.910764     -2.321   0.181534    16.1497    -1.8337     -2.302     0.1055    -0.9985 -9.990e-29
 237.910770     -2.308   0.181506    16.1397    -1.8332     -2.289     0.1055    -0.9969 -9.990e-29
 237.910775     -2.295   0.181424    16.1313    -1.8327     -2.276     0.1055    -0.9955 -9.990e-29
 237.910781     -2.286   0.181177    16.1317    -1.8319     -2.267     0.1053    -0.9957 -9.990e-29
 237.910787     -2.279   0.180991    16.1435    -1.8313     -2.260     0.1052    -0.9977 -9.990e-29
 237.910793     -2.276   0.181175    16.1625    -1.8317     -2.257     0.1052    -1.0008 -9.990e-29
 237.910799     -2.271   0.181421    16.1815    -1.8314     -2.252     0.1053    -1.0039 -9.990e-29
 237.910804     -2.260   0.181502    16.1947    -1.8315     -2.241     0.1054    -1.0060 -9.990e-29
 237.910810     -2.246   0.181527    16.2028    -1.8320     -2.227     0.1054    -1.0074 -9.990e-29
 237.910816     -2.232   0.181532    16.2119    -1.8322     -2.213     0.1053    -1.0089 -9.990e-29
 237.910822     -2.219   0.181526    16.2238    -1.8321     -2.200     0.1053    -1.0109 -9.990e-29
 237.910828     -2.204   0.181499    16.2378    -1.8323     -2.186     0.1053    -1.0132 -9.990e-29
 237.910833     -2.187   0.181416    16.2524    -1.8329     -2.169     0.1052    -1.0157 -9.990e-29
 237.910839     -2.171   0.181169    16.2621    -1.8326     -2.153     0.1050    -1.0174 -9.990e-29
 237.910845     -2.160   0.180982    16.2655    -1.8319     -2.142     0.1049    -1.0181 -9.990e-29
 237.910851     -2.148   0.181158    16.2661    -1.8313     -2.130     0.1050    -1.0181 -9.990e-29
 237.910856     -2.131   0.181377    16.2639    -1.8310     -2.113     0.1051    -1.0176 -9.990e-29
 237.910862     -2.107   0.181377    16.2586    -1.8306     -2.089     0.1051    -1.0168 -9.990e-29
 237.910868     -2.079   0.181158    16.2537    -1.8304     -2.062     0.1050    -1.0160 -9.990e-29
 237.910874     -2.053   0.180982    16.2503    -1.8295     -2.036     0.1049    -1.0155 -9.990e-29
 237.910880     -2.034   0.181166    16.2461    -1.8287     -2.017     0.1051    -1.0148 -9.990e-29
 237.910885     -2.018   0.181404    16.2434    -1.8279     -2.001     0.1052    -1.0142 -9.990e-29
 237.910891     -2.006   0.181458    16.2479    -1.8275     -1.989     0.1052    -1.0149 -9.990e-29
 237.910897     -1.996   0.181400    16.2589    -1.8268     -1.979     0.1052    -1.0168 -9.990e-29
 237.910903     -1.988   0.181150    16.2715    -1.8262     -1.971     0.1050    -1.0190 -9.990e-29
 237.910909     -1.981   0.180929    16.2830    -1.8256     -1.964     0.1048    -1.0210 -9.990e-29
 237.910914     -1.976   0.180996    16.2939    -1.8253     -1.960     0.1048    -1.0228 -9.990e-29
 237.910920     -1.971   0.180886    16.3068    -1.8257     -1.955     0.1048    -1.0250 -9.990e-29
 237.910926     -1.966   0.180452    16.3237    -1.8260     -1.950     0.1045    -1.0281 -9.990e-29
 237.910932     -1.961   0.180225    16.3430    -1.8254     -1.945     0.1043    -1.0314 -9.990e-29
 237.910937     -1.956   0.180453    16.3612    -1.8255     -1.940     0.1044    -1.0344 -9.990e-29
 237.910943     -1.950   0.180887    16.3777    -1.8251     -1.934     0.1046    -1.0370 -9.990e-29
 237.910949     -1.942   0.180997    16.3936    -1.8244     -1.926     0.1046    -1.0396 -9.990e-29
 237.910955     -1.934   0.180928    16.4085    -1.8238     -1.918     0.1046    -1.0422 -9.990e-29
 237.910961     -1.923   0.181143    16.4202    -1.8232     -1.907     0.1047    -1.0440 -9.990e-29
 237.910966     -1.909   0.181374    16.4258    -1.8227     -1.893     0.1048    -1.0449 -9.990e-29
 237.910972     -1.896   0.181374    16.4251    -1.8223     -1.880     0.1048    -1.0448 -9.990e-29
 237.910978     -1.887   0.181144    16.4247    -1.8218     -1.871     0.1046    -1.0448 -9.990e-29
 237.910984     -1.878   0.180932    16.4289    -1.8214     -1.862     0.1045    -1.0456 -9.990e-29
 237.910990     -1.862   0.181007    16.4358    -1.8210     -1.846     0.1045    -1.0467 -9.990e-29
 237.910995     -1.840   0.180917    16.4461    -1.8204     -1.825     0.1045    -1.0485 -9.990e-29
 237.911001     -1.814   0.180541    16.4603    -1.8198     -1.799     0.1042    -1.0511 -9.990e-29
 237.911007     -1.792   0.180483    16.4758    -1.8193     -1.777     0.1042    -1.0538 -9.990e-29
 237.911013     -1.775   0.180667    16.4906    -1.8187     -1.760     0.1042    -1.0562 -9.990e-29
 237.911019     -1.763   0.180784    16.5042    -1.8183     -1.748     0.1043    -1.0585 -9.990e-29
 237.911024     -1.756   0.180988    16.5168    -1.8178     -1.741     0.1043    -1.0605 -9.990e-29
