data/oxygen options/ONMS/Olympic_Coast_National_Marine_Sanctuary_CTD_Data_2005_2023/raw_data/2021/CAST_CA042_210610faed.cnv
* Sea-Bird SBE19 Data File:
* FileName = C:\2021 Mooring Data\CTD\CAST_CA042_210610.hex
* Software Version 1.59
* Temperature SN = 2997
* Conductivity SN = 2997
* System UpLoad Time = Jun 10 2021 20:27:11
** CAST_CA042_210610
* ds
# nquan = 9                                 
# nvalues = 1053                        
# units = specified
# name 0 = timeJ: Julian Days
# name 1 = prSM: Pressure, Strain Gauge [db]
# name 2 = c0mS/cm: Conductivity [mS/cm]
# name 3 = t090C: Temperature [ITS-90, deg C]
# name 4 = sbeox0ML/L: Oxygen, SBE 43 [ml/l]
# name 5 = depSM: Depth [salt water, m], lat = 47.5
# name 6 = sal00: Salinity, Practical [PSU]
# name 7 = sigma-é00: Density [sigma-theta, kg/m^3]
# name 8 = flag: flag
# span 0 = 161.764271, 161.770359       
# span 1 =     -5.140,     42.900       
# span 2 =   0.365606,  37.218927       
# span 3 =     7.6128,    13.1587       
# span 4 =    -1.9721,    19.2795       
# span 5 =     -5.097,     42.538       
# span 6 =     0.2295,    33.5498       
# span 7 =    -0.4592,    26.1915       
# span 8 = 0.0000e+00, 0.0000e+00       
# interval = seconds: 0.5
# start_time = Jun 10 2021 18:20:33 [Instrument's time stamp, header]
# bad_flag = -9.990e-29
*END*
[from data line 801]
 161.768906     21.730  35.421105     9.1722     4.6976     21.548    33.0256    25.5456 0.0000e+00
 161.768912     22.001  35.419531     9.1662     4.6741     21.816    33.0294    25.5495 0.0000e+00
 161.768918     22.259  35.419337     9.1594     4.6573     22.072    33.0354    25.5553 0.0000e+00
 161.768924     22.514  35.419065     9.1491     4.6221     22.325    33.0446    25.5641 0.0000e+00
 161.768929     22.767  35.418279     9.1350     4.6037     22.576    33.0567    25.5758 0.0000e+00
 161.768935     23.022  35.418655     9.1195     4.5811     22.829    33.0714    25.5897 0.0000e+00
 161.768941     23.282  35.418936     9.1045     4.5272     23.086    33.0855    25.6031 0.0000e+00
 161.768947     23.544  35.416055     9.0946     4.4586     23.346    33.0916    25.6095 0.0000e+00
 161.768953     23.800  35.414500     9.0934     4.3856     23.600    33.0910    25.6092 0.0000e+00
 161.768958     24.057  35.415480     9.0896     4.3100     23.855    33.0954    25.6132 0.0000e+00
 161.768964     24.324  35.410698     9.0667     4.2444     24.120    33.1116    25.6295 0.0000e+00
 161.768970     24.615  35.394264     9.0221     4.1980     24.408    33.1359    25.6556 0.0000e+00
 161.768976     24.932  35.364368     8.9650     4.1760     24.722    33.1579    25.6817 0.0000e+00
 161.768981     25.265  35.325909     8.9117     4.1614     25.053    33.1674    25.6975 0.0000e+00
 161.768987     25.596  35.294222     8.8781     4.1436     25.381    33.1656    25.7013 0.0000e+00
 161.768993     25.907  35.279655     8.8643     4.1315     25.689    33.1631    25.7015 0.0000e+00
 161.768999     26.202  35.275589     8.8569     4.1268     25.982    33.1657    25.7047 0.0000e+00
 161.769005     26.495  35.270917     8.8432     4.1169     26.272    33.1735    25.7129 0.0000e+00
 161.769010     26.787  35.261016     8.8218     4.1234     26.562    33.1830    25.7237 0.0000e+00
 161.769016     27.076  35.247182     8.8017     4.0999     26.848    33.1872    25.7301 0.0000e+00
 161.769022     27.359  35.236673     8.7911     4.0700     27.129    33.1860    25.7308 0.0000e+00
 161.769028     27.632  35.234454     8.7882     4.0220     27.400    33.1863    25.7315 0.0000e+00
 161.769034     27.900  35.236364     8.7867     3.9645     27.665    33.1896    25.7343 0.0000e+00
 161.769039     28.170  35.237588     8.7812     3.9108     27.933    33.1959    25.7401 0.0000e+00
 161.769045     28.457  35.234639     8.7644     3.8663     28.218    33.2084    25.7525 0.0000e+00
 161.769051     28.770  35.220146     8.7299     3.7990     28.528    33.2254    25.7712 0.0000e+00
 161.769057     29.103  35.189844     8.6850     3.8054     28.858    33.2357    25.7861 0.0000e+00
 161.769062     29.438  35.153134     8.6454     3.8000     29.190    33.2342    25.7910 0.0000e+00
 161.769068     29.763  35.120958     8.6158     3.7982     29.512    33.2281    25.7907 0.0000e+00
 161.769074     30.076  35.095730     8.5903     3.7933     29.823    33.2254    25.7925 0.0000e+00
 161.769080     30.382  35.076796     8.5661     3.7139     30.126    33.2281    25.7984 0.0000e+00
 161.769086     30.682  35.060693     8.5421     3.7333     30.424    33.2336    25.8063 0.0000e+00
 161.769091     30.974  35.044925     8.5178     3.7358     30.713    33.2397    25.8148 0.0000e+00
 161.769097     31.259  35.029687     8.4967     3.7409     30.996    33.2434    25.8209 0.0000e+00
 161.769103     31.542  35.016443     8.4801     3.7382     31.276    33.2450    25.8247 0.0000e+00
 161.769109     31.821  35.004828     8.4669     3.6883     31.553    33.2450    25.8267 0.0000e+00
 161.769115     32.090  34.993849     8.4585     3.6201     31.820    33.2413    25.8250 0.0000e+00
 161.769120     32.352  34.986726     8.4566     3.5112     32.079    33.2354    25.8207 0.0000e+00
 161.769126     32.608  34.983970     8.4528     3.3753     32.333    33.2360    25.8218 0.0000e+00
 161.769132     32.872  34.977908     8.4312     3.2431     32.595    33.2498    25.8359 0.0000e+00
 161.769138     33.155  34.960384     8.3850     3.1352     32.876    33.2748    25.8624 0.0000e+00
 161.769144     33.459  34.928136     8.3138     3.0649     33.177    33.3079    25.8991 0.0000e+00
 161.769149     33.774  34.872838     8.2183     3.0359     33.489    33.3397    25.9383 0.0000e+00
 161.769155     34.088  34.801384     8.1113     3.0209     33.801    33.3653    25.9742 0.0000e+00
 161.769161     34.401  34.743415     8.0124     3.0200     34.111    33.3976    26.0142 0.0000e+00
 161.769167     34.715  34.705107     7.9358     3.0162     34.422    33.4297    26.0506 0.0000e+00
 161.769172     35.030  34.675725     7.8823     3.0088     34.735    33.4493    26.0738 0.0000e+00
 161.769178     35.338  34.653654     7.8462     3.0043     35.040    33.4601    26.0875 0.0000e+00
 161.769184     35.635  34.638639     7.8238     3.0091     35.335    33.4654    26.0949 0.0000e+00
 161.769190     35.918  34.630878     7.8104     3.0117     35.615    33.4698    26.1003 0.0000e+00
 161.769196     36.192  34.627915     7.7996     3.0165     35.887    33.4768    26.1074 0.0000e+00
 161.769201     36.461  34.623602     7.7867     3.0144     36.154    33.4844    26.1152 0.0000e+00
 161.769207     36.730  34.615600     7.7731     3.0124     36.420    33.4888    26.1206 0.0000e+00
 161.769213     37.003  34.606738     7.7631     3.0191     36.691    33.4887    26.1220 0.0000e+00
 161.769219     37.276  34.600938     7.7581     3.0071     36.962    33.4872    26.1215 0.0000e+00
 161.769225     37.545  34.600600     7.7551     2.9974     37.228    33.4896    26.1238 0.0000e+00
 161.769230     37.814  34.602519     7.7475     2.9747     37.495    33.4988    26.1322 0.0000e+00
 161.769236     38.092  34.598094     7.7320     2.9420     37.771    33.5088    26.1423 0.0000e+00
 161.769242     38.379  34.586520     7.7121     2.9464     38.055    33.5154    26.1503 0.0000e+00
 161.769248     38.668  34.575390     7.6939     2.9485     38.342    33.5208    26.1572 0.0000e+00
 161.769253     38.952  34.568964     7.6813     2.9467     38.623    33.5259    26.1630 0.0000e+00
 161.769259     39.227  34.565445     7.6722     2.9545     38.896    33.5307    26.1681 0.0000e+00
 161.769265     39.497  34.560184     7.6624     2.9031     39.164    33.5344    26.1724 0.0000e+00
 161.769271     39.768  34.552940     7.6521     2.9364     39.432    33.5364    26.1754 0.0000e+00
 161.769277     40.040  34.546993     7.6442     2.9425     39.702    33.5374    26.1774 0.0000e+00
 161.769282     40.311  34.543429     7.6397     2.9404     39.971    33.5378    26.1783 0.0000e+00
 161.769288     40.579  34.541465     7.6358     2.9486     40.236    33.5393    26.1801 0.0000e+00
 161.769294     40.835  34.540212     7.6308     2.9095     40.490    33.5427    26.1834 0.0000e+00
 161.769300     41.078  34.538607     7.6257     2.9400     40.731    33.5457    26.1866 0.0000e+00
 161.769306     41.315  34.536239     7.6213     2.9479     40.966    33.5473    26.1885 0.0000e+00
 161.769311     41.543  34.533924     7.6185     2.9396     41.192    33.5474    26.1889 0.0000e+00
 161.769317     41.760  34.533108     7.6171     2.9415     41.407    33.5478    26.1894 0.0000e+00
 161.769323     41.976  34.533309     7.6153     2.9230     41.621    33.5496    26.1911 0.0000e+00
 161.769329     42.196  34.532045     7.6136     2.9207     41.840    33.5498    26.1915 0.0000e+00
 161.769334     42.412  34.529919     7.6128     2.9184     42.054    33.5482    26.1904 0.0000e+00
 161.769340     42.608  34.529189     7.6134     2.9263     42.248    33.5467    26.1891 0.0000e+00
 161.769346     42.762  34.530050     7.6150     2.9342     42.401    33.5460    26.1884 -9.990e-29
 161.769352     42.859  34.531456     7.6165     2.9405     42.497    33.5461    26.1882 -9.990e-29
 161.769358     42.900  34.533090     7.6174     2.9425     42.538    33.5469    26.1887 -9.990e-29
 161.769363     42.898  34.534939     7.6182     2.9303     42.536    33.5482    26.1896 -9.990e-29
 161.769369     42.854  34.535597     7.6193     2.9283     42.492    33.5478    26.1892 -9.990e-29
 161.769375     42.768  34.534871     7.6202     2.9281     42.407    33.5462    26.1878 -9.990e-29
 161.769381     42.638  34.534644     7.6207     2.9217     42.278    33.5456    26.1872 0.0000e+00
 161.769387     42.468  34.535786     7.6215     2.9154     42.109    33.5461    26.1875 0.0000e+00
 161.769392     42.265  34.537070     7.6224     2.9210     41.908    33.5467    26.1878 0.0000e+00
 161.769398     42.040  34.536896     7.6221     2.9247     41.685    33.5469    26.1880 0.0000e+00
 161.769404     41.816  34.535643     7.6206     2.9224     41.463    33.5471    26.1884 0.0000e+00
 161.769410     41.597  34.534496     7.6192     2.9221     41.246    33.5473    26.1888 0.0000e+00
 161.769416     41.384  34.533099     7.6185     2.9260     41.034    33.5466    26.1883 0.0000e+00
 161.769421     41.180  34.531320     7.6186     2.9126     40.832    33.5447    26.1868 0.0000e+00
 161.769427     40.980  34.530200     7.6196     2.9193     40.634    33.5426    26.1850 0.0000e+00
 161.769433     40.772  34.530540     7.6213     2.9181     40.428    33.5414    26.1838 0.0000e+00
 161.769439     40.547  34.532283     7.6236     2.9257     40.205    33.5412    26.1833 0.0000e+00
 161.769444     40.299  34.534440     7.6266     2.9498     39.959    33.5408    26.1825 0.0000e+00
 161.769450     40.029  34.536016     7.6297     2.9086     39.691    33.5396    26.1812 0.0000e+00
 161.769456     39.755  34.536923     7.6330     2.9451     39.419    33.5375    26.1791 0.0000e+00
 161.769462     39.489  34.537863     7.6377     2.9564     39.156    33.5341    26.1757 0.0000e+00
 161.769468     39.223  34.539582     7.6451     2.9675     38.892    33.5290    26.1706 0.0000e+00
 161.769473     38.939  34.542182     7.6567     2.9846     38.610    33.5207    26.1625 0.0000e+00
 161.769479     38.634  34.545816     7.6716     2.9351     38.308    33.5104    26.1522 0.0000e+00
 161.769485     38.320  34.550900     7.6857     2.9796     37.997    33.5025    26.1440 0.0000e+00
 161.769491     38.017  34.556981     7.6966     2.9953     37.696    33.4987    26.1394 0.0000e+00
 161.769497     37.732  34.562137     7.7041     3.0147     37.414    33.4972    26.1371 0.0000e+00
 161.769502     37.455  34.564888     7.7102     3.0238     37.139    33.4944    26.1341 0.0000e+00
 161.769508     37.172  34.566716     7.7174     3.0018     36.858    33.4896    26.1292 0.0000e+00
 161.769514     36.878  34.569548     7.7271     3.0073     36.567    33.4834    26.1230 0.0000e+00
 161.769520     36.581  34.573851     7.7392     2.9985     36.272    33.4766    26.1159 0.0000e+00
 161.769525     36.296  34.580370     7.7533     3.0048     35.990    33.4702    26.1088 0.0000e+00
 161.769531     36.025  34.589446     7.7679     3.0329     35.721    33.4660    26.1035 0.0000e+00
 161.769537     35.756  34.597541     7.7801     3.0694     35.455    33.4631    26.0994 0.0000e+00
 161.769543     35.472  34.601493     7.7905     3.1251     35.173    33.4575    26.0935 0.0000e+00
 161.769549     35.160  34.604382     7.8032     3.2143     34.864    33.4486    26.0847 0.0000e+00
 161.769554     34.815  34.609551     7.8247     3.3419     34.522    33.4337    26.0698 0.0000e+00
 161.769560     34.452  34.618901     7.8651     3.4670     34.162    33.4052    26.0416 0.0000e+00
 161.769566     34.089  34.637108     7.9336     3.5816     33.802    33.3594    25.9956 0.0000e+00
 161.769572     33.741  34.672252     8.0257     3.6619     33.457    33.3093    25.9429 0.0000e+00
 161.769578     33.417  34.738188     8.1289     3.7065     33.135    33.2816    25.9059 0.0000e+00
 161.769583     33.114  34.822019     8.2266     3.7315     32.835    33.2782    25.8888 0.0000e+00
 161.769589     32.815  34.878672     8.2979     3.7333     32.539    33.2709    25.8724 0.0000e+00
 161.769595     32.507  34.898570     8.3412     3.7296     32.233    33.2511    25.8504 0.0000e+00
 161.769601     32.183  34.906629     8.3693     3.7280     31.912    33.2332    25.8322 0.0000e+00
 161.769606     31.848  34.915901     8.3896     3.7393     31.580    33.2240    25.8219 0.0000e+00
 161.769612     31.518  34.927597     8.4060     3.7615     31.253    33.2211    25.8171 0.0000e+00
 161.769618     31.204  34.940555     8.4199     3.7964     30.941    33.2218    25.8156 0.0000e+00
 161.769624     30.893  34.951372     8.4331     3.8434     30.633    33.2209    25.8129 0.0000e+00
 161.769630     30.570  34.957152     8.4505     3.8936     30.313    33.2108    25.8023 0.0000e+00
 161.769635     30.228  34.963973     8.4776     3.9031     29.974    33.1926    25.7840 0.0000e+00
 161.769641     29.874  34.980422     8.5155     3.9673     29.623    33.1744    25.7640 0.0000e+00
 161.769647     29.533  35.011676     8.5637     3.9979     29.284    33.1622    25.7471 0.0000e+00
 161.769653     29.223  35.061355     8.6151     4.0346     28.977    33.1663    25.7425 0.0000e+00
 161.769659     28.939  35.112812     8.6555     4.0604     28.695    33.1826    25.7490 0.0000e+00
 161.769664     28.669  35.140565     8.6820     4.0191     28.428    33.1870    25.7484 0.0000e+00
 161.769670     28.396  35.149735     8.7045     4.0880     28.157    33.1756    25.7360 0.0000e+00
 161.769676     28.106  35.158209     8.7267     4.1277     27.870    33.1638    25.7234 0.0000e+00
 161.769682     27.798  35.170055     8.7459     4.1726     27.564    33.1584    25.7162 0.0000e+00
 161.769688     27.479  35.183186     8.7625     4.2121     27.248    33.1567    25.7123 0.0000e+00
 161.769693     27.157  35.195554     8.7796     4.2256     26.929    33.1538    25.7074 0.0000e+00
 161.769699     26.847  35.208012     8.7985     4.2646     26.621    33.1493    25.7009 0.0000e+00
 161.769705     26.550  35.220976     8.8173     4.3174     26.327    33.1454    25.6950 0.0000e+00
 161.769711     26.256  35.230489     8.8371     4.3804     26.035    33.1370    25.6853 0.0000e+00
 161.769716     25.959  35.237521     8.8643     4.4291     25.741    33.1191    25.6671 0.0000e+00
 161.769722     25.657  35.250380     8.8988     4.4780     25.441    33.1005    25.6471 0.0000e+00
 161.769728     25.357  35.271134     8.9315     4.5111     25.144    33.0918    25.6352 0.0000e+00
 161.769734     25.070  35.294445     8.9582     4.5593     24.859    33.0913    25.6307 0.0000e+00
 161.769740     24.794  35.316148     8.9809     4.6238     24.586    33.0929    25.6284 0.0000e+00
 161.769745     24.521  35.331610     9.0025     4.7035     24.315    33.0890    25.6219 0.0000e+00
 161.769751     24.242  35.340207     9.0298     4.7865     24.038    33.0727    25.6049 0.0000e+00
 161.769757     23.951  35.349535     9.0639     4.8384     23.750    33.0508    25.5824 0.0000e+00
 161.769763     23.653  35.360315     9.0942     4.8757     23.454    33.0340    25.5645 0.0000e+00
 161.769769     23.357  35.365120     9.1144     4.8921     23.161    33.0204    25.5506 0.0000e+00
 161.769774     23.079  35.363691     9.1296     4.8959     22.885    33.0050    25.5362 0.0000e+00
 161.769780     22.823  35.360906     9.1424     4.8998     22.631    32.9903    25.5227 0.0000e+00
 161.769786     22.572  35.358714     9.1508     4.9065     22.382    32.9804    25.5136 0.0000e+00
 161.769792     22.316  35.356486     9.1565     4.9074     22.129    32.9729    25.5068 0.0000e+00
 161.769797     22.054  35.354668     9.1620     4.9215     21.869    32.9661    25.5006 0.0000e+00
 161.769803     21.784  35.354813     9.1674     4.9333     21.601    32.9614    25.4961 0.0000e+00
 161.769809     21.504  35.356046     9.1736     4.9464     21.323    32.9570    25.4917 0.0000e+00
 161.769815     21.219  35.356702     9.1806     4.9275     21.041    32.9514    25.4861 0.0000e+00
 161.769821     20.927  35.356589     9.1853     4.8893     20.751    32.9470    25.4820 0.0000e+00
