data/oxygen options/ONMS/Olympic_Coast_National_Marine_Sanctuary_CTD_Data_2005_2023/raw_data/2021/CAST_CE042_211018faed.cnv
* Sea-Bird SBE 19 Data File:
* FileName = C:\2021 Mooring Data\Casts\PPS\CAST_CE042_PPS_211018.hex
* Software Version SeatermAF 2.1.2
* Temperature SN = 2997
* Conductivity SN = 2997
* System UpLoad Time = Oct 18 2021 18:58:08 (localtime) = Oct 18 2021 18:58:08 (UTC)
** CAST_CE042_PPS_211018
* ds
# nquan = 9                                 
# nvalues = 4039                        
# units = specified
# name 0 = timeJ: Julian Days
# name 1 = prSM: Pressure, Strain Gauge [db]
# name 2 = c0mS/cm: Conductivity [mS/cm]
# name 3 = t090C: Temperature [ITS-90, deg C]
# name 4 = sbeox0ML/L: Oxygen, SBE 43 [ml/l]
# name 5 = depSM: Depth [salt water, m], lat = 47.5
# name 6 = sal00: Salinity, Practical [PSU]
# name 7 = sigma-é00: Density [sigma-theta, kg/m^3]
# name 8 = flag: flag
# span 0 = 291.764780, 291.788148       
# span 1 =     -4.311,     46.948       
# span 2 =   0.007749,  37.048116       
# span 3 =     8.3762,    13.5267       
# span 4 =   -12.4119,    14.9231       
# span 5 =     -4.275,     46.551       
# span 6 =     0.0094,    33.3392       
# span 7 =    -0.6800,    25.9131       
# span 8 = 0.0000e+00, 0.0000e+00       
# interval = seconds: 0.5
# start_time = Oct 18 2021 18:21:17 [Instrument's time stamp, header]
# bad_flag = -9.990e-29
*END*
[from data line 3521]
 291.785156      2.280  34.188177    12.4794     6.5461      2.261    29.0181    21.8611 -9.990e-29
 291.785162      2.248  34.095859    12.4610     6.5525      2.229    28.9455    21.8082 -9.990e-29
 291.785168      2.210  33.925222    12.4507     6.5708      2.192    28.7929    21.6920 -9.990e-29
 291.785174      2.173  33.799438    12.4498     6.5787      2.155    28.6753    21.6012 -9.990e-29
 291.785179      2.150  33.885799    12.4532     6.5916      2.132    28.7539    21.6614 -9.990e-29
 291.785185      2.150  34.027739    12.4584     6.5962      2.132    28.8834    21.7607 -9.990e-29
 291.785191      2.167  34.096301    12.4644     6.5452      2.149    28.9433    21.8059 -9.990e-29
 291.785197      2.195  34.139751    12.4691     6.5790      2.177    28.9805    21.8339 -9.990e-29
 291.785203      2.227  34.160547    12.4736     6.6067      2.208    28.9966    21.8455 -9.990e-29
 291.785208      2.251  34.158395    12.4801     6.6093      2.232    28.9896    21.8388 -9.990e-29
 291.785214      2.260  34.162913    12.4872     6.6116      2.241    28.9884    21.8366 -9.990e-29
 291.785220      2.261  34.183478    12.4931     6.5508      2.242    29.0032    21.8469 -9.990e-29
 291.785226      2.256  34.208845    12.4922     6.5816      2.237    29.0277    21.8661 -9.990e-29
 291.785231      2.246  34.219041    12.4801     6.6111      2.227    29.0466    21.8830 -9.990e-29
 291.785237      2.234  34.185074    12.4696     6.6309      2.215    29.0228    21.8665 -9.990e-29
 291.785243      2.229  34.145688    12.4736     6.6170      2.210    28.9826    21.8347 -9.990e-29
 291.785249      2.233  34.146965    12.4833     6.5944      2.214    28.9764    21.8280 -9.990e-29
 291.785255      2.243  34.157540    12.4875     6.5899      2.224    28.9831    21.8324 -9.990e-29
 291.785260      2.247  34.162372    12.4865     6.6003      2.228    28.9884    21.8367 -9.990e-29
 291.785266      2.237  34.166779    12.4841     6.6041      2.218    28.9944    21.8418 -9.990e-29
 291.785272      2.220  34.165422    12.4836     6.6002      2.201    28.9935    21.8412 -9.990e-29
 291.785278      2.208  34.158165    12.4830     6.5993      2.190    28.9871    21.8364 -9.990e-29
 291.785284      2.205  34.128038    12.4772     6.6033      2.187    28.9633    21.8190 -9.990e-29
 291.785289      2.210  34.074645    12.4678     6.6113      2.192    28.9203    21.7875 -9.990e-29
 291.785295      2.224  34.041081    12.4600     6.6128      2.205    28.8947    21.7691 -9.990e-29
 291.785301      2.243  34.044215    12.4532     6.6069      2.224    28.9029    21.7767 -9.990e-29
 291.785307      2.260  34.048436    12.4438     6.6000      2.241    28.9141    21.7871 -9.990e-29
 291.785312      2.272  34.030790    12.4329     6.5888      2.253    28.9058    21.7827 -9.990e-29
 291.785318      2.280  34.008639    12.4249     6.5877      2.261    28.8911    21.7728 -9.990e-29
 291.785324      2.284  34.003422    12.4221     6.5930      2.265    28.8884    21.7711 -9.990e-29
 291.785330      2.284  34.018817    12.4228     6.5951      2.265    28.9023    21.7818 -9.990e-29
 291.785336      2.285  34.041724    12.4263     6.5920      2.266    28.9212    21.7958 -9.990e-29
 291.785341      2.290  34.064580    12.4377     6.5975      2.271    28.9339    21.8036 -9.990e-29
 291.785347      2.302  34.102164    12.4608     6.5883      2.283    28.9515    21.8129 -9.990e-29
 291.785353      2.319  34.156957    12.4878     6.5874      2.300    28.9823    21.8318 -9.990e-29
 291.785359      2.339  34.210123    12.5059     6.5959      2.319    29.0183    21.8563 -9.990e-29
 291.785365      2.354  34.245701    12.5097     6.5989      2.334    29.0488    21.8792 -9.990e-29
 291.785370      2.354  34.262941    12.5062     6.6043      2.334    29.0677    21.8945 -9.990e-29
 291.785376      2.333  34.268015    12.5068     6.5629      2.314    29.0721    21.8977 -9.990e-29
 291.785382      2.302  34.266559    12.5106     6.5842      2.283    29.0678    21.8937 -9.990e-29
 291.785388      2.270  34.262224    12.5107     6.5955      2.251    29.0636    21.8905 -9.990e-29
 291.785394      2.237  34.253707    12.5073     6.6035      2.218    29.0582    21.8870 -9.990e-29
 291.785399      2.214  34.243092    12.5046     6.6233      2.196    29.0504    21.8814 -9.990e-29
 291.785405      2.209  34.240309    12.5041     6.5705      2.191    29.0481    21.8797 -9.990e-29
 291.785411      2.218  34.248363    12.5033     6.5953      2.199    29.0563    21.8862 -9.990e-29
 291.785417      2.231  34.252211    12.4991     6.5949      2.212    29.0632    21.8923 -9.990e-29
 291.785422      2.241  34.237924    12.4927     6.5906      2.222    29.0547    21.8869 -9.990e-29
 291.785428      2.245  34.211657    12.4885     6.5990      2.226    29.0332    21.8710 -9.990e-29
 291.785434      2.243  34.192166    12.4885     6.5893      2.224    29.0149    21.8569 -9.990e-29
 291.785440      2.235  34.190430    12.4922     6.5904      2.216    29.0104    21.8527 -9.990e-29
 291.785446      2.224  34.208049    12.4985     6.5705      2.205    29.0221    21.8606 -9.990e-29
 291.785451      2.219  34.239932    12.5050     6.5635      2.200    29.0471    21.8787 -9.990e-29
 291.785457      2.223  34.275916    12.5088     6.5700      2.204    29.0780    21.9020 -9.990e-29
 291.785463      2.233  34.298978    12.5071     6.5827      2.214    29.1010    21.9201 -9.990e-29
 291.785469      2.240  34.291115    12.5017     6.5926      2.221    29.0978    21.9186 -9.990e-29
 291.785475      2.240  34.265926    12.4984     6.5940      2.221    29.0766    21.9028 -9.990e-29
 291.785480      2.234  34.248650    12.4991     6.5847      2.215    29.0598    21.8897 -9.990e-29
 291.785486      2.225  34.245376    12.5033     6.5664      2.206    29.0535    21.8840 -9.990e-29
 291.785492      2.222  34.266857    12.5111     6.5649      2.203    29.0677    21.8936 -9.990e-29
 291.785498      2.228  34.322116    12.5189     6.5816      2.209    29.1136    21.9277 -9.990e-29
 291.785503      2.245  34.401902    12.5227     6.5918      2.226    29.1857    21.9827 -9.990e-29
 291.785509      2.268  34.462424    12.5221     6.5780      2.249    29.2431    22.0273 -9.990e-29
 291.785515      2.286  34.456620    12.5190     6.5339      2.267    29.2400    22.0255 -9.990e-29
 291.785521      2.289  34.412043    12.5155     6.5033      2.270    29.2008    21.9958 -9.990e-29
 291.785527      2.275  34.375709    12.5123     6.4941      2.256    29.1691    21.9718 -9.990e-29
 291.785532      2.252  34.354075    12.5101     6.5032      2.233    29.1505    21.9578 -9.990e-29
 291.785538      2.224  34.339017    12.5090     6.5176      2.205    29.1372    21.9477 -9.990e-29
 291.785544      2.193  34.323337    12.5077     6.5238      2.175    29.1234    21.9373 -9.990e-29
 291.785550      2.165  34.307410    12.5058     6.5213      2.147    29.1099    21.9272 -9.990e-29
 291.785556      2.147  34.295207    12.5057     6.5242      2.129    29.0985    21.9184 -9.990e-29
 291.785561      2.147  34.305185    12.5078     6.4972      2.129    29.1063    21.9241 -9.990e-29
 291.785567      2.165  34.337195    12.5098     6.5484      2.147    29.1349    21.9458 -9.990e-29
 291.785573      2.188  34.349302    12.5112     6.5702      2.170    29.1452    21.9535 -9.990e-29
 291.785579      2.206  34.337469    12.5138     6.5700      2.188    29.1320    21.9428 -9.990e-29
 291.785584      2.215  34.335775    12.5176     6.5539      2.197    29.1275    21.9386 -9.990e-29
 291.785590      2.221  34.347556    12.5215     6.4914      2.202    29.1355    21.9441 -9.990e-29
 291.785596      2.232  34.372263    12.5253     6.5350      2.213    29.1558    21.9591 -9.990e-29
 291.785602      2.249  34.410336    12.5280     6.5595      2.230    29.1895    21.9847 -9.990e-29
 291.785608      2.264  34.436329    12.5286     6.5822      2.245    29.2135    22.0032 -9.990e-29
 291.785613      2.275  34.437262    12.5275     6.5722      2.256    29.2152    22.0047 -9.990e-29
 291.785619      2.281  34.426698    12.5259     6.5444      2.262    29.2065    21.9983 -9.990e-29
 291.785625      2.283  34.414638    12.5245     6.5468      2.264    29.1963    21.9906 -9.990e-29
 291.785631      2.286  34.402362    12.5235     6.5551      2.267    29.1855    21.9824 -9.990e-29
 291.785637      2.294  34.399268    12.5228     6.5564      2.275    29.1831    21.9807 -9.990e-29
 291.785642      2.303  34.412809    12.5222     6.5531      2.284    29.1963    21.9911 -9.990e-29
 291.785648      2.310  34.436389    12.5229     6.5415      2.291    29.2180    22.0077 -9.990e-29
 291.785654      2.314  34.462599    12.5251     6.5461      2.295    29.2409    22.0250 -9.990e-29
 291.785660      2.313  34.480441    12.5273     6.5641      2.294    29.2560    22.0363 -9.990e-29
 291.785666      2.302  34.478782    12.5292     6.5755      2.283    29.2529    22.0336 -9.990e-29
 291.785671      2.284  34.468307    12.5305     6.5681      2.265    29.2421    22.0249 -9.990e-29
 291.785677      2.266  34.463634    12.5306     6.5625      2.247    29.2376    22.0215 -9.990e-29
 291.785683      2.256  34.465262    12.5307     6.5478      2.237    29.2391    22.0226 -9.990e-29
 291.785689      2.254  34.477612    12.5325     6.5504      2.235    29.2493    22.0301 -9.990e-29
 291.785694      2.255  34.514918    12.5360     6.5556      2.236    29.2817    22.0546 -9.990e-29
 291.785700      2.259  34.570898    12.5392     6.5631      2.240    29.3318    22.0928 -9.990e-29
 291.785706      2.261  34.608133    12.5395     6.5610      2.242    29.3666    22.1197 -9.990e-29
 291.785712      2.259  34.605118    12.5367     6.5520      2.240    29.3660    22.1197 -9.990e-29
 291.785718      2.252  34.569609    12.5327     6.5485      2.233    29.3357    22.0970 -9.990e-29
 291.785723      2.243  34.517026    12.5303     6.5357      2.224    29.2881    22.0606 -9.990e-29
 291.785729      2.241  34.496055    12.5310     6.5362      2.222    29.2678    22.0448 -9.990e-29
 291.785735      2.249  34.531410    12.5327     6.5389      2.230    29.2997    22.0692 -9.990e-29
 291.785741      2.265  34.569382    12.5326     6.5461      2.246    29.3355    22.0969 -9.990e-29
 291.785747      2.280  34.576000    12.5317     6.5230      2.261    29.3425    22.1024 -9.990e-29
 291.785752      2.291  34.570743    12.5333     6.5312      2.272    29.3363    22.0973 -9.990e-29
 291.785758      2.299  34.579669    12.5367     6.5367      2.280    29.3420    22.1011 -9.990e-29
 291.785764      2.304  34.593395    12.5389     6.5477      2.285    29.3532    22.1094 -9.990e-29
 291.785770      2.307  34.590446    12.5391     6.5596      2.288    29.3503    22.1071 -9.990e-29
 291.785775      2.308  34.578666    12.5382     6.5057      2.289    29.3399    22.0992 -9.990e-29
 291.785781      2.306  34.586064    12.5380     6.5352      2.287    29.3470    22.1048 -9.990e-29
 291.785787      2.303  34.625313    12.5388     6.5241      2.284    29.3833    22.1327 -9.990e-29
 291.785793      2.301  34.661339    12.5397     6.5269      2.282    29.4165    22.1582 -9.990e-29
 291.785799      2.305  34.659816    12.5399     6.5507      2.286    29.4149    22.1570 -9.990e-29
 291.785804      2.311  34.650100    12.5391     6.5526      2.292    29.4064    22.1505 -9.990e-29
 291.785810      2.315  34.669676    12.5379     6.5666      2.296    29.4258    22.1657 -9.990e-29
 291.785816      2.313  34.686377    12.5374     6.5617      2.294    29.4419    22.1783 -9.990e-29
 291.785822      2.301  34.672611    12.5378     6.5458      2.282    29.4286    22.1679 -9.990e-29
 291.785828      2.283  34.637487    12.5391     6.5478      2.264    29.3946    22.1413 -9.990e-29
 291.785833      2.265  34.594137    12.5411     6.5587      2.246    29.3522    22.1082 -9.990e-29
 291.785839      2.254  34.560415    12.5428     6.5747      2.235    29.3192    22.0823 -9.990e-29
 291.785845      2.251  34.532271    12.5440     6.5807      2.232    29.2918    22.0609 -9.990e-29
 291.785851      2.247  34.515893    12.5446     6.5639      2.228    29.2759    22.0485 -9.990e-29
 291.785856      2.237  34.528676    12.5442     6.5433      2.218    29.2882    22.0581 -9.990e-29
 291.785862      2.228  34.554050    12.5429     6.5165      2.209    29.3131    22.0776 -9.990e-29
 291.785868      2.230  34.571506    12.5411     6.5223      2.211    29.3309    22.0917 -9.990e-29
 291.785874      2.233  34.591441    12.5394     6.5398      2.214    29.3510    22.1076 -9.990e-29
 291.785880      2.230  34.642123    12.5380     6.5580      2.211    29.3998    22.1456 -9.990e-29
 291.785885      2.219  34.703722    12.5373     6.5577      2.200    29.4583    22.1910 -9.990e-29
 291.785891      2.200  34.720534    12.5372     6.5538      2.182    29.4742    22.2034 -9.990e-29
 291.785897      2.177  34.690329    12.5371     6.5504      2.159    29.4459    22.1814 -9.990e-29
 291.785903      2.161  34.637842    12.5370     6.5607      2.143    29.3966    22.1433 -9.990e-29
 291.785909      2.158  34.581073    12.5380     6.5702      2.140    29.3424    22.1012 -9.990e-29
 291.785914      2.170  34.542395    12.5397     6.5650      2.152    29.3047    22.0717 -9.990e-29
 291.785920      2.196  34.537486    12.5407     6.5648      2.178    29.2993    22.0673 -9.990e-29
 291.785926      2.231  34.563169    12.5407     6.5604      2.212    29.3234    22.0860 -9.990e-29
 291.785932      2.258  34.587577    12.5402     6.5595      2.239    29.3467    22.1041 -9.990e-29
 291.785937      2.268  34.588913    12.5392     6.5596      2.249    29.3488    22.1059 -9.990e-29
 291.785943      2.259  34.574007    12.5380     6.5504      2.240    29.3357    22.0960 -9.990e-29
 291.785949      2.242  34.551570    12.5374     6.5376      2.223    29.3151    22.0801 -9.990e-29
 291.785955      2.223  34.529796    12.5379     6.5385      2.204    29.2942    22.0639 -9.990e-29
 291.785961      2.208  34.523926    12.5386     6.4998      2.190    29.2881    22.0591 -9.990e-29
 291.785966      2.203  34.544634    12.5390     6.5239      2.185    29.3073    22.0738 -9.990e-29
 291.785972      2.202  34.578074    12.5389     6.4601      2.184    29.3388    22.0983 -9.990e-29
 291.785978      2.195  34.604964    12.5382     6.3638      2.177    29.3647    22.1184 -9.990e-29
 291.785984      2.180  34.612417    12.5370     6.2405      2.162    29.3726    22.1248 -9.990e-29
 291.785990      2.154  34.576757    12.5351     6.1003      2.136    29.3406    22.1003 -9.990e-29
 291.785995      2.117  34.512642    12.5325     6.1419      2.099    29.2823    22.0557 -9.990e-29
 291.786001      2.066  34.469070    12.5288     7.1005      2.049    29.2442    22.0269 -9.990e-29
 291.786007      2.001  34.449590    12.5235     7.2847      1.984    29.2300    22.0169 -9.990e-29
 291.786013      1.927  34.437198    12.5192     7.1681      1.911    29.2217    22.0113 -9.990e-29
 291.786019      1.849  34.431070    12.5185     6.9018      1.834    29.2165    22.0074 -9.990e-29
 291.786024      1.773  34.424725    12.5189     6.6743      1.758    29.2103    22.0025 -9.990e-29
 291.786030      1.709  34.405789    12.5162     6.5135      1.695    29.1946    21.9908 -9.990e-29
 291.786036      1.655  34.350703    12.5062     6.4408      1.641    29.1505    21.9586 -9.990e-29
 291.786042      1.610  34.166418    12.4854     6.4293      1.597    28.9933    21.8407 -9.990e-29
 291.786047      1.569  33.562404    12.4546     6.4497      1.556    28.4492    21.4254 -9.990e-29
 291.786053      1.530  31.687930    12.4191     6.4751      1.517    26.7220    20.0956 -9.990e-29
 291.786059      1.496  26.019610    12.3852     6.4988      1.484    21.5270    16.0874 -9.990e-29
 291.786065      1.468  16.987391    12.3525     6.5002      1.456    13.5235     9.9174 -9.990e-29
 291.786071      1.444  10.084337    12.3177     6.5184      1.432     7.6978     5.4276 -9.990e-29
