data/oxygen options/ONMS/Olympic_Coast_National_Marine_Sanctuary_CTD_Data_2005_2023/raw_data/2021/CAST_CE042_210715faed.cnv
* Sea-Bird SBE 19 Data File:
* FileName = C:\2021 Mooring Data\Casts\CAST_CE042_210715.hex
* Software Version SeatermAF 2.1.2
* Temperature SN = 2997
* Conductivity SN = 2997
* System UpLoad Time = Jul 15 2021 20:17:29 (localtime) = Jul 15 2021 20:17:29 (UTC)
** CAST_CE042_210715
* ds
# nquan = 9                                 
# nvalues = 1202                        
# units = specified
# name 0 = timeJ: Julian Days
# name 1 = prSM: Pressure, Strain Gauge [db]
# name 2 = c0mS/cm: Conductivity [mS/cm]
# name 3 = t090C: Temperature [ITS-90, deg C]
# name 4 = sbeox0ML/L: Oxygen, SBE 43 [ml/l]
# name 5 = depSM: Depth [salt water, m], lat = 47.5
# name 6 = sal00: Salinity, Practical [PSU]
# name 7 = sigma-é00: Density [sigma-theta, kg/m^3]
# name 8 = flag: flag
# span 0 = 196.774317, 196.781267       
# span 1 =     -4.580,     43.385       
# span 2 =   0.395065,  36.740724       
# span 3 =     7.4027,    12.7349       
# span 4 =    -1.9869,    10.8619       
# span 5 =     -4.542,     43.018       
# span 6 =     0.2510,    33.7951       
# span 7 =    -0.3915,    26.4139       
# span 8 = 0.0000e+00, 0.0000e+00       
# interval = seconds: 0.5
# start_time = Jul 15 2021 18:35:01 [Instrument's time stamp, header]
# bad_flag = -9.990e-29
*END*
[from data line 481]
 196.777101      0.438   0.395130    12.7265    -1.9749      0.434     0.2510    -0.3910 -9.990e-29
 196.777106      0.427   0.395312    12.7315    -1.9752      0.423     0.2511    -0.3915 -9.990e-29
 196.777112      0.415   0.395860    12.7329    -1.9752      0.412     0.2514    -0.3914 -9.990e-29
 196.777118      0.404   0.396951    12.7322    -1.9752      0.401     0.2521    -0.3908 -9.990e-29
 196.777124      0.403   0.398376    12.7311    -1.9750      0.400     0.2531    -0.3899 -9.990e-29
 196.777130      0.412   0.399819    12.7311    -1.9749      0.409     0.2540    -0.3892 -9.990e-29
 196.777135      0.421   0.400986    12.7327    -1.9747      0.417     0.2548    -0.3888 -9.990e-29
 196.777141      0.429   0.401769    12.7346    -1.9746      0.425     0.2552    -0.3886 -9.990e-29
 196.777147      0.435   0.402657    12.7349    -1.9746      0.431     0.2558    -0.3882 -9.990e-29
 196.777153      0.440   0.404278    12.7327    -1.9747      0.436     0.2569    -0.3871 -9.990e-29
 196.777159      0.443   0.406577    12.7295    -1.9750      0.439     0.2584    -0.3855 -9.990e-29
 196.777164      0.446   0.409292    12.7273    -1.9752      0.442     0.2602    -0.3839 -9.990e-29
 196.777170      0.448   0.412718    12.7270    -1.9752      0.444     0.2625    -0.3821 -9.990e-29
 196.777176      0.450   0.416987    12.7283    -1.9752      0.446     0.2652    -0.3801 -9.990e-29
 196.777182      0.451   0.421694    12.7304    -1.9751      0.447     0.2683    -0.3779 -9.990e-29
 196.777188      0.452   0.426465    12.7323    -1.9751      0.448     0.2714    -0.3757 -9.990e-29
 196.777193      0.453   0.431008    12.7330    -1.9751      0.449     0.2744    -0.3735 -9.990e-29
 196.777199      0.454   0.435285    12.7317    -1.9749      0.450     0.2772    -0.3711 -9.990e-29
 196.777205      0.454   0.440008    12.7282    -1.9748      0.450     0.2803    -0.3683 -9.990e-29
 196.777211      0.455   0.445931    12.7235    -1.9747      0.451     0.2843    -0.3646 -9.990e-29
 196.777216      0.455   0.452638    12.7193    -1.9751      0.451     0.2887    -0.3607 -9.990e-29
 196.777222      0.455   0.459094    12.7169    -1.9755      0.451     0.2930    -0.3570 -9.990e-29
 196.777228      0.456   0.465040    12.7160    -1.9758      0.452     0.2969    -0.3539 -9.990e-29
 196.777234      0.456   0.470645    12.7158    -1.9759      0.452     0.3006    -0.3510 -9.990e-29
 196.777240      0.456   0.475622    12.7158    -1.9766      0.452     0.3039    -0.3484 -9.990e-29
 196.777245      0.456   0.479955    12.7163    -1.9775      0.452     0.3067    -0.3462 -9.990e-29
 196.777251      0.456   0.484433    12.7174    -1.9776      0.452     0.3096    -0.3441 -9.990e-29
 196.777257      0.456   0.489482    12.7178    -1.9777      0.452     0.3130    -0.3415 -9.990e-29
 196.777263      0.457   0.494627    12.7155    -1.9776      0.453     0.3164    -0.3386 -9.990e-29
 196.777269      0.457   0.499522    12.7097    -1.9776      0.453     0.3197    -0.3353 -9.990e-29
 196.777274      0.457   0.504596    12.7018    -1.9776      0.453     0.3231    -0.3317 -9.990e-29
 196.777280      0.457   0.510519    12.6938    -1.9775      0.453     0.3271    -0.3276 -9.990e-29
 196.777286      0.457   0.516872    12.6846    -1.9772      0.453     0.3314    -0.3231 -9.990e-29
 196.777292      0.458   0.522702    12.6727    -1.9769      0.454     0.3353    -0.3185 -9.990e-29
 196.777297      0.458   0.527469    12.6612    -1.9768      0.454     0.3386    -0.3146 -9.990e-29
 196.777303      0.459   0.530322    12.6542    -1.9770      0.455     0.3405    -0.3122 -9.990e-29
 196.777309      0.460   0.531186    12.6512    -1.9779      0.456     0.3411    -0.3113 -9.990e-29
 196.777315      0.461   0.531764    12.6504    -1.9788      0.457     0.3415    -0.3109 -9.990e-29
 196.777321      0.462   0.532826    12.6509    -1.9795      0.458     0.3422    -0.3105 -9.990e-29
 196.777326      0.464   0.533016    12.6525    -1.9801      0.460     0.3423    -0.3106 -9.990e-29
 196.777332      0.467   0.531477    12.6554    -1.9806      0.463     0.3413    -0.3117 -9.990e-29
 196.777338      0.470   0.529483    12.6594    -1.9811      0.466     0.3399    -0.3133 -9.990e-29
 196.777344      0.474   0.528807    12.6630    -1.9816      0.470     0.3395    -0.3141 -9.990e-29
 196.777350      0.479   0.529103    12.6632    -1.9818      0.475     0.3397    -0.3140 -9.990e-29
 196.777355      0.485   0.529102    12.6569    -1.9819      0.481     0.3397    -0.3132 -9.990e-29
 196.777361      0.494   0.528245    12.6438    -1.9819      0.490     0.3393    -0.3119 -9.990e-29
 196.777367      0.504   0.526497    12.6275    -1.9820      0.500     0.3382    -0.3107 -9.990e-29
 196.777373      0.514   0.524854    12.6116    -1.9821      0.510     0.3373    -0.3095 -9.990e-29
 196.777378      0.519   0.524448    12.5974    -1.6346      0.515     0.3371    -0.3079 -9.990e-29
 196.777384      0.523   0.525290    12.5849    -1.6738      0.519     0.3378    -0.3058 -9.990e-29
 196.777390      0.532   0.527394    12.5738    -1.6877      0.528     0.3393    -0.3033 -9.990e-29
 196.777396      0.545   0.532456    12.5641    -1.6898      0.540     0.3427    -0.2994 -9.990e-29
 196.777402      0.564   0.545562    12.5552    -1.6882      0.559     0.3516    -0.2915 -9.990e-29
 196.777407      0.590   0.581968    12.5451    -1.7249      0.585     0.3760    -0.2712 -9.990e-29
 196.777413      0.625   0.687996    12.5273    -1.6885      0.620     0.4474    -0.2133 -9.990e-29
 196.777419      0.670   0.994487    12.4808    -1.6885      0.664     0.6574    -0.0440 -9.990e-29
 196.777425      0.728   1.891804    12.3453    -1.6886      0.722     1.2946     0.4682 -9.990e-29
 196.777431      0.804   4.567501    11.9688    -1.6883      0.797     3.3254     2.0905 -9.990e-29
 196.777436      0.898  12.589725    11.3672    -1.6890      0.891    10.0334     7.3597 -9.990e-29
 196.777442      1.007  24.596802    10.8586    -1.6883      0.999    21.0866    15.9890 -9.990e-29
 196.777448      1.126  32.556174    10.6050    -1.6885      1.117    28.9139    22.1068 -9.990e-29
 196.777454      1.235  35.169655    10.5159    -1.6888      1.225    31.5749    24.1928 -9.990e-29
 196.777459      1.317  35.945871    10.4948    -1.6890      1.306    32.3688    24.8148 -9.990e-29
 196.777465      1.373  35.785758    10.4900    -1.6895      1.362    32.2128    24.6941 -9.990e-29
 196.777471      1.414  35.510209    10.4864    -1.6912      1.402    31.9404    24.4825 -9.990e-29
 196.777477      1.448  35.906167    10.4838    -1.6923      1.436    32.3387    24.7932 -9.990e-29
 196.777483      1.476  36.416152    10.4860    -1.6925      1.464    32.8478    25.1896 -9.990e-29
 196.777488      1.500  36.590435    10.4933    -1.6918      1.487    33.0161    25.3194 -9.990e-29
 196.777494      1.523  36.637271    10.4981    -1.6909      1.510    33.0587    25.3519 -9.990e-29
 196.777500      1.545  36.632542    10.4877    -1.6921      1.532    33.0634    25.3573 -9.990e-29
 196.777506      1.567  36.627665    10.4599    -1.6923      1.554    33.0838    25.3780 -9.990e-29
 196.777512      1.592  36.649753    10.4303    -1.6923      1.579    33.1329    25.4213 -9.990e-29
 196.777517      1.617  36.699651    10.4145    -1.6903      1.603    33.1975    25.4744 -9.990e-29
 196.777523      1.633  36.740724    10.4112    -1.6901      1.619    33.2419    25.5096 -9.990e-29
 196.777529      1.640  36.719523    10.4082    -1.6903      1.626    33.2233    25.4956 -9.990e-29
 196.777535      1.640  36.642512    10.4010    -1.6916      1.626    33.1523    25.4415 -9.990e-29
 196.777541      1.642  36.579084    10.3927    -1.6916      1.628    33.0961    25.3991 -9.990e-29
 196.777546      1.648  36.573580    10.3889    -1.6901      1.634    33.0940    25.3981 -9.990e-29
 196.777552      1.647  36.611353    10.3929    -1.6901      1.633    33.1284    25.4242 -9.990e-29
 196.777558      1.637  36.632879    10.4002    -1.6906      1.623    33.1434    25.4347 -9.990e-29
 196.777564      1.621  36.606304    10.4057    -1.6904      1.607    33.1116    25.4090 -9.990e-29
 196.777569      1.606  36.576334    10.4091    -1.6910      1.593    33.0784    25.3825 -9.990e-29
 196.777575      1.595  36.592684    10.4130    -1.6914      1.582    33.0913    25.3918 -9.990e-29
 196.777581      1.588  36.641822    10.4177    -1.6919      1.575    33.1364    25.4262 -9.990e-29
 196.777587      1.585  36.665366    10.4204    -1.6909      1.572    33.1577    25.4423 -9.990e-29
 196.777593      1.586  36.640315    10.4201    -1.6900      1.573    33.1327    25.4229 -9.990e-29
 196.777598      1.589  36.603881    10.4171    -1.6903      1.576    33.0988    25.3970 -9.990e-29
 196.777604      1.596  36.607809    10.4136    -1.6905      1.583    33.1059    25.4032 -9.990e-29
 196.777610      1.603  36.650590    10.4152    -1.6896      1.590    33.1475    25.4353 -9.990e-29
 196.777616      1.606  36.678817    10.4229    -1.6896      1.593    33.1689    25.4507 -9.990e-29
 196.777622      1.605  36.669009    10.4290    -1.6903      1.592    33.1535    25.4376 -9.990e-29
 196.777627      1.600  36.633856    10.4281    -1.6920      1.587    33.1189    25.4108 -9.990e-29
 196.777633      1.595  36.591496    10.4223    -1.6925      1.582    33.0816    25.3827 -9.990e-29
 196.777639      1.594  36.565594    10.4171    -1.6918      1.581    33.0603    25.3670 -9.990e-29
 196.777645      1.597  36.577650    10.4162    -1.6908      1.584    33.0732    25.3772 -9.990e-29
 196.777650      1.604  36.624100    10.4186    -1.6915      1.591    33.1178    25.4115 -9.990e-29
 196.777656      1.611  36.665398    10.4226    -1.6926      1.598    33.1557    25.4404 -9.990e-29
 196.777662      1.614  36.676431    10.4273    -1.6929      1.601    33.1625    25.4449 -9.990e-29
 196.777668      1.614  36.677497    10.4309    -1.6921      1.601    33.1603    25.4426 -9.990e-29
 196.777674      1.611  36.680093    10.4319    -1.6920      1.598    33.1620    25.4437 -9.990e-29
 196.777679      1.608  36.660756    10.4286    -1.6918      1.595    33.1455    25.4315 -9.990e-29
 196.777685      1.611  36.605458    10.4219    -1.6927      1.598    33.0960    25.3940 -9.990e-29
 196.777691      1.618  36.545834    10.4171    -1.6930      1.604    33.0404    25.3515 -9.990e-29
 196.777697      1.626  36.529611    10.4169    -1.6937      1.612    33.0243    25.3389 -9.990e-29
 196.777703      1.628  36.554760    10.4181    -1.6937      1.614    33.0485    25.3576 -9.990e-29
 196.777708      1.622  36.570148    10.4168    -1.6931      1.608    33.0651    25.3708 -9.990e-29
 196.777714      1.618  36.545267    10.4126    -1.6930      1.604    33.0439    25.3550 -9.990e-29
 196.777720      1.620  36.507465    10.4082    -1.6935      1.606    33.0099    25.3292 -9.990e-29
 196.777726      1.622  36.500492    10.4074    -1.6935      1.608    33.0036    25.3245 -9.990e-29
 196.777731      1.618  36.522320    10.4105    -1.6935      1.604    33.0228    25.3389 -9.990e-29
 196.777737      1.605  36.535330    10.4131    -1.6935      1.592    33.0335    25.3468 -9.990e-29
 196.777743      1.594  36.517050    10.4110    -1.6935      1.581    33.0170    25.3343 -9.990e-29
 196.777749      1.590  36.477284    10.4037    -1.6931      1.577    32.9837    25.3095 -9.990e-29
 196.777755      1.599  36.444275    10.3969    -1.6932      1.586    32.9566    25.2896 -9.990e-29
 196.777760      1.612  36.435089    10.3952    -1.6934      1.599    32.9489    25.2839 -9.990e-29
 196.777766      1.617  36.447550    10.3966    -1.6936      1.603    32.9602    25.2925 -9.990e-29
 196.777772      1.610  36.463497    10.3975    -1.6934      1.597    32.9754    25.3042 -9.990e-29
 196.777778      1.595  36.462696    10.3980    -1.6931      1.582    32.9741    25.3031 -9.990e-29
 196.777784      1.584  36.447986    10.3979    -1.6931      1.571    32.9594    25.2917 -9.990e-29
 196.777789      1.585  36.435613    10.3960    -1.6934      1.572    32.9487    25.2836 -9.990e-29
 196.777795      1.594  36.434284    10.3941    -1.6932      1.581    32.9491    25.2843 -9.990e-29
 196.777801      1.602  36.443892    10.3948    -1.6930      1.589    32.9581    25.2912 -9.990e-29
 196.777807      1.602  36.458173    10.3976    -1.6929      1.589    32.9700    25.2999 -9.990e-29
 196.777813      1.594  36.464758    10.4006    -1.6928      1.581    32.9739    25.3024 -9.990e-29
 196.777818      1.584  36.456346    10.4019    -1.6927      1.571    32.9642    25.2947 -9.990e-29
 196.777824      1.578  36.440784    10.4008    -1.6928      1.565    32.9496    25.2835 -9.990e-29
 196.777830      1.575  36.433960    10.3991    -1.6930      1.562    32.9443    25.2796 -9.990e-29
 196.777836      1.575  36.443050    10.3977    -1.6932      1.562    32.9547    25.2880 -9.990e-29
 196.777841      1.578  36.456284    10.3958    -1.6929      1.565    32.9697    25.3000 -9.990e-29
 196.777847      1.583  36.461628    10.3943    -1.6928      1.570    32.9764    25.3055 -9.990e-29
 196.777853      1.591  36.466236    10.3953    -1.6927      1.578    32.9802    25.3083 -9.990e-29
 196.777859      1.604  36.476843    10.3982    -1.6927      1.591    32.9882    25.3140 -9.990e-29
 196.777865      1.616  36.485759    10.4005    -1.6933      1.603    32.9951    25.3190 -9.990e-29
 196.777870      1.621  36.489206    10.4013     8.1463      1.607    32.9978    25.3210 -9.990e-29
 196.777876      1.618  36.490690    10.4018    10.7296      1.604    32.9988    25.3217 -9.990e-29
 196.777882      1.617  36.489417    10.4025    10.8619      1.603    32.9969    25.3201 -9.990e-29
 196.777888      1.621  36.482038    10.4022     8.7691      1.607    32.9898    25.3146 -9.990e-29
 196.777894      1.631  36.471636    10.4012     4.4179      1.617    32.9802    25.3073 -9.990e-29
 196.777899      1.642  36.470155    10.4011     4.4841      1.628    32.9788    25.3062 -9.990e-29
 196.777905      1.648  36.480693    10.4023     4.6256      1.634    32.9883    25.3134 -9.990e-29
 196.777911      1.644  36.489864    10.4041     4.6804      1.630    32.9959    25.3190 -9.990e-29
 196.777917      1.634  36.487503    10.4052     4.6858      1.620    32.9925    25.3162 -9.990e-29
 196.777922      1.626  36.470493    10.4055     4.6757      1.612    32.9752    25.3026 -9.990e-29
 196.777928      1.624  36.443090    10.4060     4.6518      1.610    32.9472    25.2807 -9.990e-29
 196.777934      1.628  36.420355    10.4071     4.6249      1.614    32.9233    25.2619 -9.990e-29
 196.777940      1.638  36.408439    10.4081     4.6014      1.624    32.9104    25.2517 -9.990e-29
 196.777946      1.651  36.401573    10.4095     4.5786      1.637    32.9022    25.2451 -9.990e-29
 196.777951      1.658  36.398476    10.4126     4.5755      1.644    32.8963    25.2399 -9.990e-29
 196.777957      1.656  36.400655    10.4170     4.5683      1.642    32.8945    25.2378 -9.990e-29
 196.777963      1.645  36.405438    10.4210     4.5574      1.631    32.8957    25.2380 -9.990e-29
 196.777969      1.628  36.408584    10.4227     4.5499      1.614    32.8974    25.2390 -9.990e-29
 196.777975      1.617  36.408713    10.4210     4.5431      1.603    32.8990    25.2406 -9.990e-29
 196.777980      1.619  36.406588    10.4170     4.5510      1.605    32.9005    25.2425 -9.990e-29
 196.777986      1.632  36.402768    10.4134     4.5062      1.618    32.8999    25.2426 -9.990e-29
 196.777992      1.647  36.398915    10.4119     4.5485      1.633    32.8974    25.2409 -9.990e-29
 196.777998      1.656  36.397207    10.4123     4.5548      1.642    32.8953    25.2392 -9.990e-29
 196.778003      1.655  36.397076    10.4133     4.5583      1.641    32.8943    25.2382 -9.990e-29
 196.778009      1.650  36.397814    10.4144     4.5654      1.636    32.8940    25.2378 -9.990e-29
 196.778015      1.648  36.399874    10.4150     4.4960      1.634    32.8956    25.2389 -9.990e-29
