data/oxygen options/ONMS/Olympic_Coast_National_Marine_Sanctuary_CTD_Data_2005_2023/raw_data/2021/CAST_MB015_210609faed.cnv
* Sea-Bird SBE19 Data File:
* FileName = C:\2021 Mooring Data\CTD\CAST_MB015_210609.hex
* Software Version 1.59
* Temperature SN = 2997
* Conductivity SN = 2997
* System UpLoad Time = Jun 09 2021 22:06:40
** CAST_MB015_210609
* ds
# nquan = 9                                 
# nvalues = 852                         
# units = specified
# name 0 = timeJ: Julian Days
# name 1 = prSM: Pressure, Strain Gauge [db]
# name 2 = c0mS/cm: Conductivity [mS/cm]
# name 3 = t090C: Temperature [ITS-90, deg C]
# name 4 = sbeox0ML/L: Oxygen, SBE 43 [ml/l]
# name 5 = depSM: Depth [salt water, m], lat = 47.5
# name 6 = sal00: Salinity, Practical [PSU]
# name 7 = sigma-é00: Density [sigma-theta, kg/m^3]
# name 8 = flag: flag
# span 0 = 160.912558, 160.917483       
# span 1 =     -5.305,     16.307       
# span 2 =   0.010528,  38.191951       
# span 3 =     9.6446,    16.1495       
# span 4 =    -1.8957,    13.2602       
# span 5 =     -5.261,     16.170       
# span 6 =     0.0118,    32.9330       
# span 7 =    -1.0691,    25.3947       
# span 8 = 0.0000e+00, 0.0000e+00       
# interval = seconds: 0.5
# start_time = Jun 09 2021 21:54:05 [Instrument's time stamp, header]
# bad_flag = -9.990e-29
*END*
 160.912558     -5.305 -9.990e-29    15.7288    -1.8556     -5.261 -9.990e-29 -9.990e-29 -9.990e-29
 160.912564     -5.263   0.025404    15.7137    -1.8553     -5.219     0.0192    -0.9948 -9.990e-29
 160.912569     -5.221   0.025384    15.6983    -1.8552     -5.177     0.0191    -0.9924 -9.990e-29
 160.912575     -5.181   0.025323    15.6841    -1.8554     -5.138     0.0191    -0.9902 -9.990e-29
 160.912581     -5.139   0.025140    15.6716    -1.8551     -5.096     0.0190    -0.9883 -9.990e-29
 160.912587     -5.098   0.024778    15.6618    -1.8556     -5.056     0.0188    -0.9868 -9.990e-29
 160.912593     -5.060   0.024306    15.6544    -1.8556     -5.018     0.0186    -0.9859 -9.990e-29
 160.912598     -5.021   0.023834    15.6475    -1.8561     -4.979     0.0183    -0.9850 -9.990e-29
 160.912604     -4.984   0.023287    15.6442    -1.8561     -4.942     0.0181    -0.9846 -9.990e-29
 160.912610     -4.950   0.022674    15.6466    -1.8560     -4.909     0.0178    -0.9853 -9.990e-29
 160.912616     -4.918   0.022285    15.6508    -1.8562     -4.877     0.0176    -0.9861 -9.990e-29
 160.912622     -4.885   0.022155    15.6531    -1.8563     -4.844     0.0175    -0.9865 -9.990e-29
 160.912627     -4.849   0.022112    15.6537    -1.8562     -4.809     0.0175    -0.9866 -9.990e-29
 160.912633     -4.812   0.022098    15.6528    -1.8558     -4.772     0.0175    -0.9865 -9.990e-29
 160.912639     -4.777   0.022093    15.6492    -1.8562     -4.737     0.0175    -0.9859 -9.990e-29
 160.912645     -4.741   0.022090    15.6438    -1.8561     -4.701     0.0175    -0.9850 -9.990e-29
 160.912650     -4.706   0.022085    15.6385    -1.8558     -4.667     0.0175    -0.9842 -9.990e-29
 160.912656     -4.673   0.022071    15.6357    -1.8557     -4.634     0.0175    -0.9838 -9.990e-29
 160.912662     -4.642   0.022030    15.6348    -1.8555     -4.603     0.0174    -0.9836 -9.990e-29
 160.912668     -4.609   0.021907    15.6337    -1.8554     -4.571     0.0174    -0.9835 -9.990e-29
 160.912674     -4.573   0.021538    15.6334    -1.8557     -4.535     0.0172    -0.9836 -9.990e-29
 160.912679     -4.536   0.020984    15.6351    -1.8557     -4.498     0.0169    -0.9841 -9.990e-29
 160.912685     -4.504   0.020615    15.6369    -1.8558     -4.466     0.0167    -0.9845 -9.990e-29
 160.912691     -4.475   0.020492    15.6371    -1.8553     -4.438     0.0167    -0.9846 -9.990e-29
 160.912697     -4.443   0.020452    15.6384    -1.8554     -4.406     0.0166    -0.9848 -9.990e-29
 160.912703     -4.409   0.020438    15.6421    -1.8551     -4.372     0.0166    -0.9854 -9.990e-29
 160.912708     -4.377   0.020434    15.6462    -1.8550     -4.341     0.0166    -0.9861 -9.990e-29
 160.912714     -4.345   0.020432    15.6495    -1.8548     -4.309     0.0166    -0.9866 -9.990e-29
 160.912720     -4.309   0.020432    15.6508    -1.8548     -4.273     0.0166    -0.9868 -9.990e-29
 160.912726     -4.273   0.020432    15.6497    -1.8550     -4.237     0.0166    -0.9866 -9.990e-29
 160.912731     -4.241   0.020431    15.6490    -1.8548     -4.206     0.0166    -0.9865 -9.990e-29
 160.912737     -4.214   0.020430    15.6512    -1.8545     -4.179     0.0166    -0.9869 -9.990e-29
 160.912743     -4.183   0.020425    15.6553    -1.8540     -4.148     0.0166    -0.9875 -9.990e-29
 160.912749     -4.153   0.020412    15.6592    -1.8537     -4.118     0.0166    -0.9881 -9.990e-29
 160.912755     -4.124   0.020371    15.6633    -1.8541     -4.090     0.0166    -0.9888 -9.990e-29
 160.912760     -4.096   0.020248    15.6672    -1.8540     -4.062     0.0165    -0.9895 -9.990e-29
 160.912766     -4.071   0.019879    15.6695    -1.8535     -4.037     0.0164    -0.9900 -9.990e-29
 160.912772     -4.051   0.019325    15.6705    -1.8534     -4.017     0.0161    -0.9903 -9.990e-29
 160.912778     -4.031   0.018956    15.6720    -1.8531     -3.997     0.0159    -0.9907 -9.990e-29
 160.912784     -4.009   0.018833    15.6760    -1.8530     -3.976     0.0158    -0.9914 -9.990e-29
 160.912789     -3.994   0.018792    15.6822    -1.8526     -3.961     0.0158    -0.9924 -9.990e-29
 160.912795     -3.983   0.018778    15.6891    -1.8520     -3.950     0.0158    -0.9935 -9.990e-29
 160.912801     -3.967   0.018774    15.6936    -1.8512     -3.934     0.0158    -0.9942 -9.990e-29
 160.912807     -3.942   0.018772    15.6954    -1.8505     -3.909     0.0158    -0.9945 -9.990e-29
 160.912813     -3.910   0.018771    15.6989    -1.8498     -3.877     0.0158    -0.9951 -9.990e-29
 160.912818     -3.878   0.018770    15.7051    -1.8491     -3.846     0.0158    -0.9960 -9.990e-29
 160.912824     -3.847   0.018766    15.7117    -1.8488     -3.815     0.0158    -0.9971 -9.990e-29
 160.912830     -3.815   0.018752    15.7180    -1.8481     -3.783     0.0158    -0.9981 -9.990e-29
 160.912836     -3.786   0.018711    15.7253    -1.8478     -3.754     0.0158    -0.9993 -9.990e-29
 160.912841     -3.762   0.018588    15.7360    -1.8474     -3.731     0.0157    -1.0010 -9.990e-29
 160.912847     -3.735   0.018219    15.7509    -1.8466     -3.704     0.0155    -1.0036 -9.990e-29
 160.912853     -3.706   0.017666    15.7683    -1.8455     -3.675     0.0153    -1.0065 -9.990e-29
 160.912859     -3.680   0.017297    15.7860    -1.8444     -3.649     0.0151    -1.0095 -9.990e-29
 160.912865     -3.661   0.017174    15.8029    -1.8435     -3.630     0.0150    -1.0123 -9.990e-29
 160.912870     -3.647   0.017133    15.8183    -1.8427     -3.617     0.0150    -1.0147 -9.990e-29
 160.912876     -3.632   0.017119    15.8323    -1.8416     -3.602     0.0150    -1.0170 -9.990e-29
 160.912882     -3.612   0.017115    15.8456    -1.8408     -3.582     0.0150    -1.0191 -9.990e-29
 160.912888     -3.590   0.017113    15.8585    -1.8397     -3.560     0.0150    -1.0212 -9.990e-29
 160.912894     -3.568   0.017113    15.8737    -1.8386     -3.538     0.0150    -1.0236 -9.990e-29
 160.912899     -3.545   0.017112    15.8938    -1.8373     -3.515     0.0150    -1.0269 -9.990e-29
 160.912905     -3.524   0.017111    15.9183    -1.8360     -3.495     0.0150    -1.0308 -9.990e-29
 160.912911     -3.508   0.017108    15.9442    -1.8365     -3.479     0.0150    -1.0350 -9.990e-29
 160.912917     -3.492   0.017098    15.9690    -1.8369     -3.463     0.0150    -1.0390 -9.990e-29
 160.912922     -3.470   0.017066    15.9935    -1.8373     -3.441     0.0150    -1.0430 -9.990e-29
 160.912928     -3.445   0.016970    16.0189    -1.8378     -3.416     0.0150    -1.0472 -9.990e-29
 160.912934     -3.420   0.016683    16.0450    -1.8383     -3.391     0.0148    -1.0515 -9.990e-29
 160.912940     -3.393   0.016375    16.0723    -1.8377     -3.365     0.0147    -1.0561 -9.990e-29
 160.912946     -3.367   0.016191    16.1009    -1.8364     -3.339     0.0146    -1.0608 -9.990e-29
 160.912951     -3.344   0.015884    16.1282    -1.8365     -3.316     0.0145    -1.0654 -9.990e-29
 160.912957     -3.324   0.015597    16.1464    -1.8378     -3.296     0.0143    -1.0685 -9.990e-29
 160.912963     -3.304   0.015501    16.1495    -1.8398     -3.276     0.0143    -1.0691 -9.990e-29
 160.912969     -3.283   0.015469    16.1432    -1.8422     -3.256     0.0143    -1.0680 -9.990e-29
 160.912975     -3.260   0.015459    16.1344    -1.8444     -3.233     0.0143    -1.0666 -9.990e-29
 160.912980     -3.239   0.015455    16.1257    -1.8463     -3.212     0.0143    -1.0652 -9.990e-29
 160.912986     -3.221   0.015454    16.1229    -1.8476     -3.194     0.0143    -1.0647 -9.990e-29
 160.912992     -3.202   0.015454    16.1305    -1.8492     -3.175     0.0143    -1.0660 -9.990e-29
 160.912998     -3.180   0.015454    16.1392    -1.8509     -3.153     0.0143    -1.0674 -9.990e-29
 160.913003     -3.162   0.015454    16.1326    -1.8525     -3.136     0.0143    -1.0663 -9.990e-29
 160.913009     -3.147   0.015454    16.1048    -1.8540     -3.121     0.0143    -1.0618 -9.990e-29
 160.913015     -3.126   0.015455    16.0610    -1.8556     -3.100     0.0143    -1.0546 -9.990e-29
 160.913021     -3.097   0.015455    16.0089    -1.8568     -3.071     0.0142    -1.0461 -9.990e-29
 160.913027     -3.072   0.015455    15.9556    -1.8578     -3.046     0.0142    -1.0375 -9.990e-29
 160.913032     -3.058   0.015455    15.9070    -1.8591     -3.033     0.0142    -1.0296 -9.990e-29
 160.913038     -3.044   0.015455    15.8642    -1.8603     -3.019     0.0142    -1.0227 -9.990e-29
 160.913044     -3.021   0.015456    15.8231    -1.8626     -2.996     0.0142    -1.0161 -9.990e-29
 160.913050     -2.993   0.015456    15.7812    -1.8652     -2.968     0.0142    -1.0094 -9.990e-29
 160.913056     -2.966   0.015456    15.7400    -1.8676     -2.941     0.0142    -1.0028 -9.990e-29
 160.913061     -2.943   0.015456    15.7008    -1.8698     -2.918     0.0142    -0.9966 -9.990e-29
 160.913067     -2.917   0.015456    15.6643    -1.8713     -2.893     0.0142    -0.9908 -9.990e-29
 160.913073     -2.888   0.015456    15.6312    -1.8723     -2.864     0.0142    -0.9856 -9.990e-29
 160.913079     -2.861   0.015456    15.5993    -1.8733     -2.837     0.0142    -0.9805 -9.990e-29
 160.913084     -2.841   0.015455    15.5649    -1.8748     -2.817     0.0141    -0.9751 -9.990e-29
 160.913090     -2.824   0.015450    15.5236    -1.8768     -2.800     0.0141    -0.9686 -9.990e-29
 160.913096     -2.811   0.015437    15.4723    -1.8785     -2.788     0.0141    -0.9606 -9.990e-29
 160.913102     -2.795   0.015396    15.4149    -1.8795     -2.772     0.0141    -0.9517 -9.990e-29
 160.913108     -2.773   0.015273    15.3587    -1.8808     -2.750     0.0140    -0.9430 -9.990e-29
 160.913113     -2.746   0.014904    15.3089    -1.8822     -2.723     0.0138    -0.9354 -9.990e-29
 160.913119     -2.721   0.014350    15.2679    -1.8827     -2.698     0.0135    -0.9293 -9.990e-29
 160.913125     -2.702   0.013981    15.2339    -1.8834     -2.679     0.0134    -0.9242 -9.990e-29
 160.913131     -2.687   0.013858    15.2009    -1.8841     -2.665     0.0133    -0.9192 -9.990e-29
 160.913137     -2.675   0.013817    15.1637    -1.8848     -2.653     0.0133    -0.9136 -9.990e-29
 160.913142     -2.660   0.013803    15.1231    -1.8862     -2.638     0.0132    -0.9074 -9.990e-29
 160.913148     -2.643   0.013799    15.0850    -1.8873     -2.621     0.0132    -0.9016 -9.990e-29
 160.913154     -2.626   0.013798    15.0522    -1.8877     -2.604     0.0132    -0.8966 -9.990e-29
 160.913160     -2.608   0.013798    15.0219    -1.8886     -2.586     0.0132    -0.8920 -9.990e-29
 160.913166     -2.592   0.013799    14.9947    -1.8897     -2.570     0.0132    -0.8879 -9.990e-29
 160.913171     -2.578   0.013803    14.9730    -1.8910     -2.557     0.0132    -0.8847 -9.990e-29
 160.913177     -2.560   0.013812    14.9544    -1.8908     -2.539     0.0132    -0.8819 -9.990e-29
 160.913183     -2.541   0.013839    14.9352    -1.8912     -2.520     0.0132    -0.8790 -9.990e-29
 160.913189     -2.524   0.013921    14.9130    -1.8917     -2.503     0.0132    -0.8756 -9.990e-29
 160.913194     -2.509   0.014167    14.8878    -1.8922     -2.488     0.0134    -0.8718 -9.990e-29
 160.913200     -2.493   0.014352    14.8643    -1.8935     -2.472     0.0135    -0.8682 -9.990e-29
 160.913206     -2.477   0.014168    14.8443    -1.8950     -2.456     0.0134    -0.8653 -9.990e-29
 160.913212     -2.460   0.013922    14.8233    -1.8955     -2.439     0.0132    -0.8622 -9.990e-29
 160.913218     -2.443   0.013840    14.8002    -1.8956     -2.423     0.0132    -0.8588 -9.990e-29
 160.913223     -2.432   0.013813    14.7809    -1.8956     -2.412     0.0132    -0.8560 -9.990e-29
 160.913229     -2.420   0.013804    14.7688    -1.8957     -2.400     0.0132    -0.8542 -9.990e-29
 160.913235     -2.402   0.013801    14.7588    -1.8953     -2.382     0.0132    -0.8527 -9.990e-29
 160.913241     -2.382   0.013800    14.7459    -1.8949     -2.362     0.0131    -0.8508 -9.990e-29
 160.913247     -2.367   0.013800    14.7277    -1.8949     -2.347     0.0131    -0.8481 -9.990e-29
 160.913252     -2.356   0.013800    14.7038    -1.8952     -2.336     0.0131    -0.8446 -9.990e-29
 160.913258     -2.340   0.013801    14.6805    -1.8952     -2.320     0.0131    -0.8412 -9.990e-29
 160.913264     -2.318   0.013801    14.6654    -1.8944     -2.299     0.0131    -0.8390 -9.990e-29
 160.913270     -2.297   0.013801    14.6584    -1.8942     -2.278     0.0131    -0.8379 -9.990e-29
 160.913275     -2.280   0.013801    14.6558    -1.8946     -2.261     0.0131    -0.8376 -9.990e-29
 160.913281     -2.265   0.013801    14.6570    -1.8945     -2.246     0.0131    -0.8377 -9.990e-29
 160.913287     -2.253   0.013801    14.6618    -1.8948     -2.234     0.0131    -0.8384 -9.990e-29
 160.913293     -2.241   0.013802    14.6665    -1.8944     -2.222     0.0131    -0.8391 -9.990e-29
 160.913299     -2.230   0.013802    14.6678    -1.8943     -2.211     0.0131    -0.8393 -9.990e-29
 160.913304     -2.219   0.013802    14.6677    -1.8938     -2.200     0.0131    -0.8393 -9.990e-29
 160.913310     -2.206   0.013803    14.6710    -1.8936     -2.188     0.0131    -0.8398 -9.990e-29
 160.913316     -2.191   0.013803    14.6777    -1.8929     -2.173     0.0131    -0.8408 -9.990e-29
 160.913322     -2.174   0.013803    14.6817    -1.8929     -2.156     0.0131    -0.8414 -9.990e-29
 160.913328     -2.153   0.013804    14.6817    -1.8929     -2.135     0.0131    -0.8414 -9.990e-29
 160.913333     -2.130   0.013804    14.6806    -1.8923     -2.112     0.0131    -0.8412 -9.990e-29
 160.913339     -2.114   0.013804    14.6809    -1.8916     -2.096     0.0131    -0.8412 -9.990e-29
 160.913345     -2.102   0.013805    14.6843    -1.8905     -2.084     0.0131    -0.8417 -9.990e-29
 160.913351     -2.091   0.013805    14.6902    -1.8896     -2.074     0.0131    -0.8426 -9.990e-29
 160.913356     -2.083   0.013805    14.6978    -1.8882     -2.066     0.0131    -0.8437 -9.990e-29
 160.913362     -2.079   0.013805    14.7070    -1.8870     -2.062     0.0131    -0.8451 -9.990e-29
 160.913368     -2.073   0.013806    14.7158    -1.8859     -2.056     0.0131    -0.8464 -9.990e-29
 160.913374     -2.069   0.013806    14.7220    -1.8846     -2.052     0.0131    -0.8473 -9.990e-29
 160.913380     -2.068   0.013806    14.7291    -1.8832     -2.051     0.0131    -0.8483 -9.990e-29
 160.913385     -2.060   0.013807    14.7418    -1.8825     -2.043     0.0132    -0.8502 -9.990e-29
 160.913391     -2.045   0.013807    14.7605    -1.8815     -2.028     0.0132    -0.8530 -9.990e-29
 160.913397     -2.031   0.013807    14.7832    -1.8811     -2.014     0.0132    -0.8563 -9.990e-29
 160.913403     -2.021   0.013808    14.8088    -1.8811     -2.004     0.0132    -0.8601 -9.990e-29
 160.913409     -2.015   0.013808    14.8372    -1.8809     -1.998     0.0132    -0.8644 -9.990e-29
 160.913414     -2.007   0.013808    14.8670    -1.8799     -1.990     0.0132    -0.8688 -9.990e-29
 160.913420     -1.994   0.013808    14.8969    -1.8789     -1.977     0.0132    -0.8733 -9.990e-29
 160.913426     -1.977   0.013809    14.9270    -1.8783     -1.961     0.0132    -0.8778 -9.990e-29
 160.913432     -1.962   0.013809    14.9553    -1.8777     -1.946     0.0132    -0.8820 -9.990e-29
 160.913437     -1.946   0.013809    14.9793    -1.8771     -1.930     0.0132    -0.8856 -9.990e-29
 160.913443     -1.928   0.013810    14.9982    -1.8765     -1.912     0.0132    -0.8885 -9.990e-29
 160.913449     -1.909   0.013810    15.0109    -1.8758     -1.893     0.0132    -0.8904 -9.990e-29
 160.913455     -1.885   0.013810    15.0195    -1.8756     -1.869     0.0132    -0.8917 -9.990e-29
 160.913461     -1.861   0.013811    15.0307    -1.8753     -1.845     0.0132    -0.8934 -9.990e-29
 160.913466     -1.838   0.013811    15.0482    -1.8745     -1.823     0.0132    -0.8960 -9.990e-29
 160.913472     -1.816   0.013811    15.0680    -1.8733     -1.801     0.0132    -0.8990 -9.990e-29
 160.913478     -1.797   0.013811    15.0858    -1.8722     -1.782     0.0132    -0.9017 -9.990e-29
