data/oxygen options/ONMS/Olympic_Coast_National_Marine_Sanctuary_CTD_Data_2005_2023/raw_data/2021/CAST_KL027_210608faed.cnv
* Sea-Bird SBE19 Data File:
* FileName = C:\2021 Mooring Data\CTD\CAST_KL027_210608.hex
* Software Version 1.59
* Temperature SN = 2997
* Conductivity SN = 2997
* System UpLoad Time = Jun 08 2021 18:39:25
** CAST_KL027_210608
* ds
# nquan = 9                                 
# nvalues = 879                         
# units = specified
# name 0 = timeJ: Julian Days
# name 1 = prSM: Pressure, Strain Gauge [db]
# name 2 = c0mS/cm: Conductivity [mS/cm]
# name 3 = t090C: Temperature [ITS-90, deg C]
# name 4 = sbeox0ML/L: Oxygen, SBE 43 [ml/l]
# name 5 = depSM: Depth [salt water, m], lat = 47.5
# name 6 = sal00: Salinity, Practical [PSU]
# name 7 = sigma-é00: Density [sigma-theta, kg/m^3]
# name 8 = flag: flag
# span 0 = 159.768275, 159.773356       
# span 1 =     -4.934,     28.952       
# span 2 =   0.014251,  37.540971       
# span 3 =     7.6733,    14.4967       
# span 4 =    -1.9690,    15.9268       
# span 5 =     -4.893,     28.708       
# span 6 =     0.0129,    33.5895       
# span 7 =    -0.8135,    26.2116       
# span 8 = 0.0000e+00, 0.0000e+00       
# interval = seconds: 0.5
# start_time = Jun 08 2021 18:26:19 [Instrument's time stamp, header]
# bad_flag = -9.990e-29
*END*
[from data line 321]
 159.770133     -0.585   0.016537    14.4690    -1.9096     -0.580     0.0145    -0.8093 -9.990e-29
 159.770139     -0.582   0.017091    14.4512    -1.9096     -0.577     0.0147    -0.8065 -9.990e-29
 159.770145     -0.575   0.017461    14.4328    -1.9098     -0.570     0.0149    -0.8037 -9.990e-29
 159.770150     -0.566   0.017585    14.4139    -1.9101     -0.561     0.0150    -0.8009 -9.990e-29
 159.770156     -0.553   0.017627    14.3937    -1.9102     -0.548     0.0150    -0.7980 -9.990e-29
 159.770162     -0.536   0.017642    14.3728    -1.9102     -0.532     0.0150    -0.7950 -9.990e-29
 159.770168     -0.518   0.017647    14.3533    -1.9103     -0.514     0.0150    -0.7922 -9.990e-29
 159.770174     -0.502   0.017649    14.3382    -1.9102     -0.498     0.0150    -0.7900 -9.990e-29
 159.770179     -0.483   0.017650    14.3290    -1.9109     -0.479     0.0150    -0.7887 -9.990e-29
 159.770185     -0.459   0.017651    14.3238    -1.9126     -0.455     0.0150    -0.7880 -9.990e-29
 159.770191     -0.437   0.017651    14.3201    -1.9142     -0.433     0.0150    -0.7875 -9.990e-29
 159.770197     -0.422   0.017652    14.3160    -1.9155     -0.418     0.0150    -0.7869 -9.990e-29
 159.770203     -0.410   0.017653    14.3118    -1.9165     -0.407     0.0150    -0.7863 -9.990e-29
 159.770208     -0.402   0.017654    14.3088    -1.9171     -0.399     0.0150    -0.7858 -9.990e-29
 159.770214     -0.398   0.017656    14.3068    -1.9179     -0.395     0.0150    -0.7856 -9.990e-29
 159.770220     -0.393   0.017661    14.3037    -1.9186     -0.390     0.0150    -0.7851 -9.990e-29
 159.770226     -0.390   0.017675    14.2953    -1.9191     -0.387     0.0150    -0.7839 -9.990e-29
 159.770231     -0.398   0.017717    14.2764    -1.9194     -0.395     0.0150    -0.7812 -9.990e-29
 159.770237     -0.408   0.017841    14.2473    -1.9195     -0.405     0.0151    -0.7770 -9.990e-29
 159.770243     -0.414   0.018211    14.2148    -1.9196     -0.411     0.0153    -0.7723 -9.990e-29
 159.770249     -0.416   0.018765    14.1852    -1.9196     -0.413     0.0156    -0.7679 -9.990e-29
 159.770255     -0.413   0.019135    14.1609    -1.9196     -0.410     0.0157    -0.7643 -9.990e-29
 159.770260     -0.405   0.019259    14.1410    -1.9193     -0.402     0.0158    -0.7614 -9.990e-29
 159.770266     -0.397   0.019301    14.1235    -1.9193     -0.394     0.0158    -0.7590 -9.990e-29
 159.770272     -0.392   0.019315    14.1083    -1.9189     -0.389     0.0158    -0.7568 -9.990e-29
 159.770278     -0.389   0.019320    14.0965    -1.9183     -0.386     0.0158    -0.7552 -9.990e-29
 159.770284     -0.388   0.019323    14.0885    -1.9178     -0.385     0.0158    -0.7541 -9.990e-29
 159.770289     -0.390   0.019324    14.0839    -1.9175     -0.387     0.0158    -0.7534 -9.990e-29
 159.770295     -0.390   0.019324    14.0820    -1.9173     -0.387     0.0158    -0.7531 -9.990e-29
 159.770301     -0.384   0.019325    14.0821    -1.9170     -0.381     0.0158    -0.7532 -9.990e-29
 159.770307     -0.375   0.019325    14.0838    -1.9174     -0.372     0.0158    -0.7534 -9.990e-29
 159.770312     -0.369   0.019326    14.0872    -1.9184     -0.366     0.0158    -0.7539 -9.990e-29
 159.770318     -0.363   0.019327    14.0924    -1.9193     -0.360     0.0158    -0.7546 -9.990e-29
 159.770324     -0.358   0.019327    14.1004    -1.9198     -0.355     0.0158    -0.7557 -9.990e-29
 159.770330     -0.353   0.019328    14.1108    -1.9203     -0.350     0.0158    -0.7572 -9.990e-29
 159.770336     -0.349   0.019329    14.1209    -1.9208     -0.346     0.0158    -0.7586 -9.990e-29
 159.770341     -0.345   0.019329    14.1286    -1.9215     -0.342     0.0158    -0.7597 -9.990e-29
 159.770347     -0.340   0.019330    14.1332    -1.9220     -0.337     0.0158    -0.7603 -9.990e-29
 159.770353     -0.335   0.019330    14.1332    -1.9224     -0.332     0.0158    -0.7603 -9.990e-29
 159.770359     -0.328   0.019331    14.1254    -1.9224     -0.325     0.0158    -0.7592 -9.990e-29
 159.770365     -0.324   0.019332    14.1099    -1.9228     -0.321     0.0158    -0.7570 -9.990e-29
 159.770370     -0.328   0.019332    14.0925    -1.9229     -0.325     0.0158    -0.7546 -9.990e-29
 159.770376     -0.334   0.019333    14.0773    -1.9224     -0.331     0.0158    -0.7525 -9.990e-29
 159.770382     -0.339   0.019333    14.0639    -1.9219     -0.336     0.0158    -0.7506 -9.990e-29
 159.770388     -0.343   0.019334    14.0508    -1.9217     -0.340     0.0158    -0.7488 -9.990e-29
 159.770394     -0.346   0.019335    14.0378    -1.9221     -0.343     0.0158    -0.7470 -9.990e-29
 159.770399     -0.350   0.019337    14.0264    -1.9221     -0.347     0.0158    -0.7454 -9.990e-29
 159.770405     -0.353   0.019339    14.0184    -1.9226     -0.350     0.0158    -0.7443 -9.990e-29
 159.770411     -0.356   0.019344    14.0131    -1.9234     -0.353     0.0158    -0.7435 -9.990e-29
 159.770417     -0.360   0.019354    14.0095    -1.9239     -0.357     0.0158    -0.7430 -9.990e-29
 159.770422     -0.364   0.019383    14.0096    -1.9244     -0.361     0.0159    -0.7430 -9.990e-29
 159.770428     -0.369   0.019466    14.0142    -1.9245     -0.366     0.0159    -0.7436 -9.990e-29
 159.770434     -0.375   0.019713    14.0201    -1.9243     -0.372     0.0160    -0.7444 -9.990e-29
 159.770440     -0.378   0.019899    14.0227    -1.9245     -0.375     0.0161    -0.7446 -9.990e-29
 159.770446     -0.375   0.019716    14.0207    -1.9251     -0.372     0.0160    -0.7444 -9.990e-29
 159.770451     -0.369   0.019471    14.0150    -1.9252     -0.366     0.0159    -0.7437 -9.990e-29
 159.770457     -0.364   0.019390    14.0051    -1.9256     -0.361     0.0159    -0.7424 -9.990e-29
 159.770463     -0.359   0.019364    13.9922    -1.9257     -0.356     0.0158    -0.7406 -9.990e-29
 159.770469     -0.356   0.019358    13.9803    -1.9256     -0.353     0.0158    -0.7390 -9.990e-29
 159.770475     -0.352   0.019359    13.9717    -1.9260     -0.349     0.0158    -0.7378 -9.990e-29
 159.770480     -0.349   0.019369    13.9672    -1.9267     -0.346     0.0158    -0.7372 -9.990e-29
 159.770486     -0.345   0.019397    13.9646    -1.9267     -0.342     0.0159    -0.7368 -9.990e-29
 159.770492     -0.341   0.019480    13.9600    -1.9258     -0.338     0.0159    -0.7361 -9.990e-29
 159.770498     -0.336   0.019727    13.9533    -1.9244     -0.333     0.0160    -0.7351 -9.990e-29
 159.770503     -0.331   0.019913    13.9467    -1.9232     -0.328     0.0161    -0.7341 -9.990e-29
 159.770509     -0.324   0.019730    13.9410    -1.9228     -0.321     0.0160    -0.7334 -9.990e-29
 159.770515     -0.316   0.019485    13.9368    -1.9229     -0.313     0.0159    -0.7329 -9.990e-29
 159.770521     -0.305   0.019404    13.9329    -1.9232     -0.302     0.0159    -0.7324 -9.990e-29
 159.770527     -0.296   0.019378    13.9267    -1.9234     -0.294     0.0158    -0.7315 -9.990e-29
 159.770532     -0.291   0.019370    13.9216    -1.9240     -0.289     0.0158    -0.7308 -9.990e-29
 159.770538     -0.287   0.019369    13.9255    -1.9244     -0.285     0.0158    -0.7314 -9.990e-29
 159.770544     -0.279   0.019369    13.9413    -1.9245     -0.277     0.0158    -0.7336 -9.990e-29
 159.770550     -0.267   0.019370    13.9641    -1.9244     -0.265     0.0158    -0.7367 -9.990e-29
 159.770556     -0.253   0.019371    13.9842    -1.9244     -0.251     0.0158    -0.7395 -9.990e-29
 159.770561     -0.246   0.019372    13.9953    -1.9245     -0.244     0.0158    -0.7410 -9.990e-29
 159.770567     -0.245   0.019373    13.9974    -1.9248     -0.243     0.0158    -0.7413 -9.990e-29
 159.770573     -0.242   0.019375    13.9937    -1.9253     -0.240     0.0158    -0.7408 -9.990e-29
 159.770579     -0.236   0.019376    13.9866    -1.9248     -0.234     0.0158    -0.7398 -9.990e-29
 159.770584     -0.231   0.019377    13.9783    -1.9237     -0.229     0.0158    -0.7387 -9.990e-29
 159.770590     -0.223   0.019378    13.9718    -1.9223     -0.221     0.0158    -0.7378 -9.990e-29
 159.770596     -0.210   0.019380    13.9685    -1.9218     -0.208     0.0158    -0.7373 -9.990e-29
 159.770602     -0.202   0.019381    13.9671    -1.9216     -0.200     0.0158    -0.7371 -9.990e-29
 159.770608     -0.197   0.019382    13.9655    -1.9218     -0.195     0.0158    -0.7369 -9.990e-29
 159.770613     -0.191   0.019384    13.9625    -1.9217     -0.189     0.0158    -0.7365 -9.990e-29
 159.770619     -0.188   0.019385    13.9588    -1.9212     -0.186     0.0158    -0.7360 -9.990e-29
 159.770625     -0.187   0.019386    13.9590    -1.9209     -0.185     0.0158    -0.7360 -9.990e-29
 159.770631     -0.184   0.019387    13.9685    -1.9215     -0.182     0.0158    -0.7373 -9.990e-29
 159.770637     -0.183   0.019389    13.9870    -1.9219     -0.181     0.0159    -0.7399 -9.990e-29
 159.770642     -0.189   0.019391    14.0068    -1.9221     -0.187     0.0159    -0.7426 -9.990e-29
 159.770648     -0.198   0.019395    14.0207    -1.9211     -0.196     0.0159    -0.7446 -9.990e-29
 159.770654     -0.200   0.019405    14.0279    -1.9198     -0.198     0.0159    -0.7456 -9.990e-29
 159.770660     -0.194   0.019433    14.0316    -1.9184     -0.192     0.0159    -0.7461 -9.990e-29
 159.770666     -0.181   0.019513    14.0357    -1.8091     -0.179     0.0159    -0.7466 -9.990e-29
 159.770671     -0.171   0.019751    14.0404    -1.6127     -0.170     0.0161    -0.7472 -9.990e-29
 159.770677     -0.166   0.020462    14.0415    -1.6203     -0.165     0.0164    -0.7470 -9.990e-29
 159.770683     -0.162   0.022592    14.0371    -1.6224     -0.161     0.0176    -0.7455 -9.990e-29
 159.770689     -0.150   0.028980    14.0322    -1.6226     -0.149     0.0210    -0.7422 -9.990e-29
 159.770694     -0.126   0.048142    14.0335    -1.6225     -0.125     0.0316    -0.7341 -9.990e-29
 159.770700     -0.092   0.105625    14.0404    -1.6233     -0.091     0.0649    -0.7091 -9.990e-29
 159.770706     -0.054   0.278070    14.0361    -1.6274     -0.054     0.1697    -0.6270 -9.990e-29
 159.770712     -0.014   0.795402    13.9742    -1.6313     -0.014     0.5014    -0.3608 -9.990e-29
 159.770718      0.030   2.347398    13.7412    -1.6344      0.030     1.5674     0.4974 -9.990e-29
 159.770723      0.081   7.003383    13.3330    -1.6324      0.080     5.0654     3.2552 -9.990e-29
 159.770729      0.143  16.696894    12.9666    -1.6318      0.142    13.0591     9.4656 -9.990e-29
 159.770735      0.214  27.706255    12.7651    -1.6326      0.212    22.8350    17.0320 -9.990e-29
 159.770741      0.288  34.157723    12.6690    -1.6341      0.286    28.8447    21.6918 -9.990e-29
 159.770747      0.355  36.365246    12.6074    -1.6357      0.352    30.9711    23.3488 -9.990e-29
 159.770752      0.419  37.130449    12.5320    -1.6378      0.416    31.7599    23.9741 -9.990e-29
 159.770758      0.490  37.408677    12.4293    -1.6365      0.486    32.1124    24.2667 -9.990e-29
 159.770764      0.563  37.512705    12.3370    -1.6346      0.558    32.2911    24.4227 -9.990e-29
 159.770770      0.626  37.540971    12.2968    -1.6341      0.621    32.3529    24.4782 -9.990e-29
 159.770775      0.670  37.505459    12.3003    -1.6332      0.664    32.3158    24.4488 -9.990e-29
 159.770781      0.697  37.432336    12.3113    -1.6336      0.691    32.2362    24.3850 -9.990e-29
 159.770787      0.719  37.382277    12.2980    -1.6348      0.713    32.1996    24.3592 -9.990e-29
 159.770793      0.739  37.347504    12.2501    -1.6354      0.733    32.2075    24.3743 -9.990e-29
 159.770799      0.761  37.321558    12.1946    -1.6360      0.755    32.2303    24.4024 -9.990e-29
 159.770804      0.781  37.336093    12.1738    -1.6367      0.774    32.2622    24.4311 -9.990e-29
 159.770810      0.791  37.356771    12.1964    -1.6376      0.784    32.2626    24.4271 -9.990e-29
 159.770816      0.792  37.335581    12.2297    -1.6371      0.785    32.2136    24.3828 -9.990e-29
 159.770822      0.794  37.302664    12.2461    -1.6351      0.787    32.1679    24.3443 -9.990e-29
 159.770828      0.800  37.303366    12.2472    -1.6342      0.793    32.1676    24.3439 -9.990e-29
 159.770833      0.810  37.337053    12.2407    -1.6343      0.803    32.2055    24.3745 -9.990e-29
 159.770839      0.826  37.370839    12.2296    -1.6343      0.819    32.2475    24.4092 -9.990e-29
 159.770845      0.844  37.370842    12.2159    -1.6331      0.837    32.2593    24.4209 -9.990e-29
 159.770851      0.861  37.342213    12.1971    -1.6337      0.854    32.2480    24.4157 -9.990e-29
 159.770856      0.878  37.313022    12.1762    -1.6337      0.871    32.2379    24.4118 -9.990e-29
 159.770862      0.892  37.301063    12.1706    -1.6327      0.885    32.2313    24.4077 -9.990e-29
 159.770868      0.895  37.300580    12.1907    -1.6326      0.888    32.2135    24.3901 -9.990e-29
 159.770874      0.883  37.290286    12.2224    -1.6332      0.876    32.1763    24.3553 -9.990e-29
 159.770880      0.864  37.276737    12.2447    -1.6340      0.857    32.1442    24.3262 -9.990e-29
 159.770885      0.849  37.281213    12.2512    -1.6345      0.842    32.1429    24.3240 -9.990e-29
 159.770891      0.843  37.298586    12.2493    -1.6354      0.836    32.1612    24.3385 -9.990e-29
 159.770897      0.844  37.321860    12.2459    -1.6344      0.837    32.1864    24.3588 -9.990e-29
 159.770903      0.847  37.360874    12.2476    -1.6341      0.840    32.2224    24.3863 -9.990e-29
 159.770909      0.846  37.404412    12.2637    -1.6349      0.839    32.2503    24.4050 -9.990e-29
 159.770914      0.840  37.414780    12.2863    -1.6341      0.833    32.2408    24.3933 -9.990e-29
 159.770920      0.837  37.387407    12.2962    -1.6346      0.830    32.2061    24.3645 -9.990e-29
 159.770926      0.841  37.354286    12.2866    -1.6341      0.834    32.1826    24.3481 -9.990e-29
 159.770932      0.851  37.333023    12.2596    -1.6348      0.844    32.1854    24.3554 -9.990e-29
 159.770938      0.866  37.325641    12.2234    -1.6346      0.859    32.2094    24.3808 -9.990e-29
 159.770943      0.877  37.344818    12.2013    -1.6338      0.870    32.2469    24.4140 -9.990e-29
 159.770949      0.880  37.389879    12.2078    -1.6339      0.873    32.2846    24.4420 -9.990e-29
 159.770955      0.880  37.422914    12.2242    -1.6346      0.873    32.3021    24.4526 -9.990e-29
 159.770961      0.886  37.415764    12.2288    -1.6337      0.879    32.2913    24.4433 -9.990e-29
 159.770966      0.898  37.384227    12.2217    -1.6328      0.891    32.2671    24.4259 -9.990e-29
 159.770972      0.907  37.372119    12.2148    -1.6326      0.899    32.2614    24.4228 -9.990e-29
 159.770978      0.911  37.394229    12.2163    -1.6323      0.903    32.2814    24.4380 -9.990e-29
 159.770984      0.914  37.415122    12.2223    -1.6331      0.906    32.2963    24.4484 -9.990e-29
 159.770990      0.921  37.408388    12.2272    -1.6337      0.913    32.2856    24.4392 -9.990e-29
 159.770995      0.927  37.389257    12.2311    -1.6338      0.919    32.2638    24.4216 -9.990e-29
 159.771001      0.928  37.387814    12.2355    -1.6330      0.920    32.2587    24.4167 -9.990e-29
 159.771007      0.930  37.399437    12.2427    -1.6328      0.922    32.2636    24.4192 -9.990e-29
 159.771013      0.936  37.394331    12.2529    -1.6324      0.928    32.2499    24.4067 -9.990e-29
 159.771019      0.942  37.382045    12.2641    -1.6328      0.934    32.2285    24.3879 -9.990e-29
 159.771024      0.946  37.393386    12.2749    -1.6331      0.938    32.2301    24.3871 -9.990e-29
 159.771030      0.942  37.416116    12.2816    -1.6334      0.934    32.2461    24.3983 -9.990e-29
 159.771036      0.930  37.420115    12.2776    -1.6325      0.922    32.2534    24.4047 -9.990e-29
 159.771042      0.923  37.401855    12.2652    -1.6327      0.915    32.2466    24.4017 -9.990e-29
 159.771047      0.924  37.383056    12.2607    -1.6320      0.916    32.2324    24.3916 -9.990e-29
