data/oxygen options/ONMS/Olympic_Coast_National_Marine_Sanctuary_CTD_Data_2005_2023/raw_data/2021/CAST_TH042_210608faed.cnv
* Sea-Bird SBE19 Data File:
* FileName = C:\2021 Mooring Data\CTD\CAST_TH042_210608.hex
* Software Version 1.59
* Temperature SN = 2997
* Conductivity SN = 2997
* System UpLoad Time = Jun 08 2021 22:05:31
** CAST_TH042_210608
* ds
# nquan = 9                                 
# nvalues = 1039                        
# units = specified
# name 0 = timeJ: Julian Days
# name 1 = prSM: Pressure, Strain Gauge [db]
# name 2 = c0mS/cm: Conductivity [mS/cm]
# name 3 = t090C: Temperature [ITS-90, deg C]
# name 4 = sbeox0ML/L: Oxygen, SBE 43 [ml/l]
# name 5 = depSM: Depth [salt water, m], lat = 47.5
# name 6 = sal00: Salinity, Practical [PSU]
# name 7 = sigma-é00: Density [sigma-theta, kg/m^3]
# name 8 = flag: flag
# span 0 = 159.911227, 159.917234       
# span 1 =     -5.168,     43.398       
# span 2 =   0.221598,  38.353813       
# span 3 =     7.4846,    15.2793       
# span 4 =    -1.9116,    16.7672       
# span 5 =     -5.125,     43.031       
# span 6 =     0.1315,    33.6844       
# span 7 =    -0.8391,    26.3151       
# span 8 = 0.0000e+00, 0.0000e+00       
# interval = seconds: 0.5
# start_time = Jun 08 2021 21:52:10 [Instrument's time stamp, header]
# bad_flag = -9.990e-29
*END*
[from data line 641]
 159.914936      1.215  38.042310    12.8209     8.6722      1.205    32.3796    24.3986 -9.990e-29
 159.914942      1.225  38.041838    12.8191     8.6606      1.215    32.3807    24.3998 -9.990e-29
 159.914948      1.225  38.033594    12.8169     8.6548      1.215    32.3748    24.3956 -9.990e-29
 159.914954      1.217  38.017209    12.8132     8.6702      1.207    32.3624    24.3867 -9.990e-29
 159.914959      1.207  38.005571    12.8034     8.7005      1.197    32.3598    24.3866 -9.990e-29
 159.914965      1.197  37.996029    12.7863     8.7046      1.187    32.3654    24.3943 -9.990e-29
 159.914971      1.196  37.987049    12.7712     8.6711      1.186    32.3699    24.4006 -9.990e-29
 159.914977      1.204  37.983448    12.7645     8.7154      1.194    32.3722    24.4037 -9.990e-29
 159.914983      1.212  37.980955    12.7610     8.7134      1.202    32.3728    24.4049 -9.990e-29
 159.914988      1.216  37.976778    12.7543     8.6923      1.206    32.3746    24.4076 -9.990e-29
 159.914994      1.222  37.972049    12.7444     8.6529      1.212    32.3786    24.4126 -9.990e-29
 159.915000      1.234  37.967166    12.7340     8.6144      1.224    32.3829    24.4179 -9.990e-29
 159.915006      1.248  37.957273    12.7249     8.6557      1.238    32.3813    24.4185 -9.990e-29
 159.915012      1.256  37.947091    12.7213     8.6575      1.246    32.3747    24.4141 -9.990e-29
 159.915017      1.256  37.953290    12.7270     8.6767      1.246    32.3757    24.4137 -9.990e-29
 159.915023      1.246  37.969530    12.7377     8.6806      1.236    32.3820    24.4165 -9.990e-29
 159.915029      1.231  37.978756    12.7462     8.6831      1.221    32.3834    24.4160 -9.990e-29
 159.915035      1.223  37.982033    12.7502     8.7081      1.213    32.3831    24.4150 -9.990e-29
 159.915041      1.224  37.983710    12.7515     8.7166      1.214    32.3836    24.4151 -9.990e-29
 159.915046      1.228  37.981512    12.7517     8.7205      1.218    32.3813    24.4133 -9.990e-29
 159.915052      1.229  37.974725    12.7503     8.7149      1.219    32.3761    24.4095 -9.990e-29
 159.915058      1.228  37.969412    12.7450     8.7077      1.218    32.3756    24.4101 -9.990e-29
 159.915064      1.224  37.965192    12.7336     8.6954      1.214    32.3814    24.4168 -9.990e-29
 159.915069      1.218  37.958094    12.7222     8.6837      1.208    32.3844    24.4214 -9.990e-29
 159.915075      1.209  37.954884    12.7203     8.6821      1.199    32.3830    24.4207 -9.990e-29
 159.915081      1.197  37.957422    12.7264     8.6780      1.187    32.3802    24.4173 -9.990e-29
 159.915087      1.184  37.958410    12.7294     8.6933      1.174    32.3785    24.4155 -9.990e-29
 159.915093      1.180  37.955218    12.7240     8.7110      1.170    32.3801    24.4177 -9.990e-29
 159.915098      1.183  37.948611    12.7144     8.7002      1.173    32.3821    24.4211 -9.990e-29
 159.915104      1.185  37.942090    12.7062     8.6924      1.175    32.3830    24.4234 -9.990e-29
 159.915110      1.182  37.941506    12.7035     8.6805      1.172    32.3847    24.4252 -9.990e-29
 159.915116      1.173  37.946054    12.7057     8.6746      1.163    32.3872    24.4267 -9.990e-29
 159.915122      1.163  37.950557    12.7083     8.6676      1.153    32.3892    24.4278 -9.990e-29
 159.915127      1.160  37.953706    12.7087     8.6806      1.150    32.3919    24.4298 -9.990e-29
 159.915133      1.163  37.957994    12.7091     8.6913      1.153    32.3956    24.4326 -9.990e-29
 159.915139      1.163  37.961826    12.7123     8.7009      1.153    32.3965    24.4326 -9.990e-29
 159.915145      1.162  37.961314    12.7184     8.7265      1.152    32.3908    24.4270 -9.990e-29
 159.915150      1.167  37.957992    12.7226     8.7417      1.157    32.3840    24.4210 -9.990e-29
 159.915156      1.183  37.954135    12.7205     8.7272      1.173    32.3821    24.4199 -9.990e-29
 159.915162      1.206  37.949621    12.7148     8.7234      1.196    32.3827    24.4215 -9.990e-29
 159.915168      1.226  37.941211    12.7117     8.7218      1.216    32.3774    24.4180 -9.990e-29
 159.915174      1.234  37.934482    12.7131     8.7388      1.224    32.3698    24.4118 -9.990e-29
 159.915179      1.237  37.938375    12.7158     8.7515      1.227    32.3712    24.4124 -9.990e-29
 159.915185      1.238  37.945722    12.7150     8.7096      1.228    32.3788    24.4185 -9.990e-29
 159.915191      1.241  37.948354    12.7064     8.7322      1.231    32.3887    24.4278 -9.990e-29
 159.915197      1.251  37.938543    12.6895     8.7394      1.241    32.3939    24.4351 -9.990e-29
 159.915203      1.261  37.918880    12.6730     8.7447      1.250    32.3894    24.4347 -9.990e-29
 159.915208      1.258  37.909090    12.6690     8.7540      1.247    32.3835    24.4310 -9.990e-29
 159.915214      1.241  37.912909    12.6778     8.7014      1.231    32.3796    24.4262 -9.990e-29
 159.915220      1.219  37.920262    12.6863     8.7187      1.209    32.3793    24.4244 -9.990e-29
 159.915226      1.202  37.923547    12.6822     8.7082      1.192    32.3860    24.4303 -9.990e-29
 159.915231      1.203  37.916471    12.6660     8.7149      1.193    32.3931    24.4390 -9.990e-29
 159.915237      1.217  37.899669    12.6485     8.7348      1.207    32.3922    24.4416 -9.990e-29
 159.915243      1.228  37.888834    12.6417     8.7233      1.218    32.3877    24.4395 -9.990e-29
 159.915249      1.228  37.893596    12.6476     8.7145      1.218    32.3872    24.4379 -9.990e-29
 159.915255      1.222  37.902892    12.6577     8.7164      1.212    32.3874    24.4361 -9.990e-29
 159.915260      1.217  37.911153    12.6654     8.7080      1.207    32.3886    24.4356 -9.990e-29
 159.915266      1.218  37.918719    12.6705     8.7046      1.208    32.3914    24.4368 -9.990e-29
 159.915272      1.220  37.921638    12.6733     8.6987      1.210    32.3918    24.4365 -9.990e-29
 159.915278      1.220  37.920975    12.6743     8.7078      1.210    32.3903    24.4352 -9.990e-29
 159.915284      1.216  37.924793    12.6761     8.7077      1.206    32.3924    24.4364 -9.990e-29
 159.915289      1.214  37.930867    12.6794     8.7098      1.204    32.3953    24.4381 -9.990e-29
 159.915295      1.217  37.928211    12.6813     8.7243      1.207    32.3912    24.4345 -9.990e-29
 159.915301      1.221  37.921106    12.6807     8.7312      1.211    32.3849    24.4298 -9.990e-29
 159.915307      1.223  37.915751    12.6777     8.7417      1.213    32.3824    24.4284 -9.990e-29
 159.915313      1.222  37.911149    12.6742     8.7202      1.212    32.3810    24.4280 -9.990e-29
 159.915318      1.219  37.910107    12.6749     8.7018      1.209    32.3794    24.4267 -9.990e-29
 159.915324      1.213  37.916255    12.6800     8.6997      1.203    32.3809    24.4268 -9.990e-29
 159.915330      1.203  37.926550    12.6856     8.7089      1.193    32.3859    24.4296 -9.990e-29
 159.915336      1.194  37.935074    12.6904     8.7268      1.184    32.3899    24.4317 -9.990e-29
 159.915341      1.189  37.940271    12.6931     8.7301      1.179    32.3925    24.4333 -9.990e-29
 159.915347      1.188  37.940640    12.6921     8.7247      1.178    32.3937    24.4344 -9.990e-29
 159.915353      1.195  37.935526    12.6889     8.6995      1.185    32.3916    24.4334 -9.990e-29
 159.915359      1.206  37.928738    12.6862     8.6915      1.196    32.3874    24.4307 -9.990e-29
 159.915365      1.209  37.926337    12.6860     8.6979      1.199    32.3853    24.4291 -9.990e-29
 159.915370      1.204  37.930137    12.6887     8.6833      1.194    32.3866    24.4296 -9.990e-29
 159.915376      1.200  37.936211    12.6944     8.7255      1.190    32.3875    24.4292 -9.990e-29
 159.915382      1.204  37.944782    12.7012     8.6997      1.194    32.3898    24.4296 -9.990e-29
 159.915388      1.218  37.952677    12.7052     8.6999      1.208    32.3939    24.4320 -9.990e-29
 159.915394      1.233  37.951900    12.7071     8.6994      1.223    32.3915    24.4298 -9.990e-29
 159.915399      1.241  37.949237    12.7112     8.6562      1.231    32.3854    24.4243 -9.990e-29
 159.915405      1.240  37.951203    12.7169     8.6934      1.230    32.3824    24.4209 -9.990e-29
 159.915411      1.232  37.953108    12.7218     8.6899      1.222    32.3800    24.4181 -9.990e-29
 159.915417      1.227  37.954102    12.7258     8.6949      1.217    32.3775    24.4154 -9.990e-29
 159.915422      1.229  37.955678    12.7292     8.7083      1.219    32.3761    24.4136 -9.990e-29
 159.915428      1.232  37.958235    12.7320     8.6912      1.222    32.3761    24.4131 -9.990e-29
 159.915434      1.233  37.963641    12.7342     8.6992      1.223    32.3794    24.4152 -9.990e-29
 159.915440      1.228  37.971753    12.7367     8.6926      1.218    32.3849    24.4190 -9.990e-29
 159.915446      1.217  37.979498    12.7402     8.7027      1.207    32.3893    24.4217 -9.990e-29
 159.915451      1.211  37.987619    12.7449     8.6936      1.201    32.3930    24.4236 -9.990e-29
 159.915457      1.219  37.997924    12.7522     8.6944      1.209    32.3965    24.4249 -9.990e-29
 159.915463      1.237  38.006720    12.7604     8.6785      1.227    32.3978    24.4243 -9.990e-29
 159.915469      1.253  38.009421    12.7655     8.6584      1.243    32.3959    24.4219 -9.990e-29
 159.915475      1.260  38.007333    12.7667     8.6621      1.249    32.3929    24.4194 -9.990e-29
 159.915480      1.262  38.005471    12.7657     8.6558      1.251    32.3920    24.4189 -9.990e-29
 159.915486      1.265  38.005225    12.7647     8.6789      1.254    32.3926    24.4195 -9.990e-29
 159.915492      1.267  38.005092    12.7646     8.6869      1.256    32.3926    24.4195 -9.990e-29
 159.915498      1.269  38.004838    12.7651     8.6900      1.258    32.3919    24.4189 -9.990e-29
 159.915503      1.272  38.003513    12.7646     8.6485      1.261    32.3911    24.4184 -9.990e-29
 159.915509      1.276  37.998734    12.7629     8.6325      1.265    32.3880    24.4163 -9.990e-29
 159.915515      1.280  37.985199    12.7618     8.6633      1.269    32.3761    24.4073 -9.990e-29
 159.915521      1.285  37.972278    12.7620     8.6857      1.274    32.3637    24.3976 -9.990e-29
 159.915527      1.291  37.977450    12.7632     8.7345      1.280    32.3676    24.4004 -9.990e-29
 159.915532      1.299  37.989055    12.7649     8.7396      1.288    32.3771    24.4075 -9.990e-29
 159.915538      1.309  37.994481    12.7655     8.7288      1.298    32.3817    24.4110 -9.990e-29
 159.915544      1.323  37.991939    12.7618     8.7247      1.312    32.3825    24.4123 -9.990e-29
 159.915550      1.340  37.979669    12.7521     8.7071      1.329    32.3792    24.4116 -9.990e-29
 159.915556      1.361  37.970411    12.7409     8.7035      1.350    32.3800    24.4144 -9.990e-29
 159.915561      1.385  37.967466    12.7358     8.7165      1.373    32.3816    24.4166 -9.990e-29
 159.915567      1.403  37.966850    12.7378     8.7303      1.391    32.3793    24.4144 -9.990e-29
 159.915573      1.418  37.969927    12.7395     8.7479      1.406    32.3807    24.4152 -9.990e-29
 159.915579      1.442  37.969534    12.7350     8.7558      1.430    32.3842    24.4188 -9.990e-29
 159.915584      1.487  37.961730    12.7260     8.7166      1.475    32.3845    24.4207 -9.990e-29
 159.915590      1.549  37.943909    12.7145     8.7592      1.536    32.3774    24.4175 -9.990e-29
 159.915596      1.626  37.922530    12.6961     8.7837      1.612    32.3729    24.4175 -9.990e-29
 159.915602      1.717  37.909959    12.6686     8.8097      1.703    32.3845    24.4318 -9.990e-29
 159.915608      1.828  37.896107    12.6388     8.8288      1.813    32.3969    24.4472 -9.990e-29
 159.915613      1.958  37.874220    12.6137     8.7739      1.942    32.3976    24.4525 0.0000e+00
 159.915619      2.102  37.852059    12.5941     8.8424      2.084    32.3933    24.4530 0.0000e+00
 159.915625      2.265  37.836458    12.5766     8.8839      2.246    32.3935    24.4564 0.0000e+00
 159.915631      2.453  37.823377    12.5534     8.9573      2.433    32.4009    24.4667 0.0000e+00
 159.915637      2.665  37.795878    12.5174     9.0253      2.643    32.4056    24.4772 0.0000e+00
 159.915642      2.898  37.753118    12.4714     8.9434      2.874    32.4043    24.4850 0.0000e+00
 159.915648      3.145  37.713713    12.4235     8.8675      3.119    32.4079    24.4969 0.0000e+00
 159.915654      3.396  37.679442    12.3820     8.8403      3.368    32.4108    24.5071 0.0000e+00
 159.915660      3.645  37.645474    12.3554     8.9002      3.615    32.4012    24.5047 0.0000e+00
 159.915666      3.892  37.619714    12.3389     9.0117      3.859    32.3907    24.4996 0.0000e+00
 159.915671      4.139  37.600828    12.3110     9.0980      4.104    32.3966    24.5095 0.0000e+00
 159.915677      4.403  37.573669    12.2373     9.1510      4.366    32.4342    24.5526 0.0000e+00
 159.915683      4.694  37.508700    12.0731     9.1482      4.655    32.5142    24.6455 0.0000e+00
 159.915689      5.007  37.356804    11.8345     9.1188      4.965    32.5755    24.7374 0.0000e+00
 159.915694      5.326  37.144110    11.6304     9.0686      5.281    32.5474    24.7531 0.0000e+00
 159.915700      5.634  36.995605    11.5284     9.0060      5.587    32.4919    24.7286 0.0000e+00
 159.915706      5.920  36.948055    11.4939     8.9319      5.871    32.4756    24.7222 0.0000e+00
 159.915712      6.195  36.931799    11.4657     8.8951      6.143    32.4844    24.7341 0.0000e+00
 159.915718      6.475  36.902677    11.4087     8.8227      6.421    32.5058    24.7611 0.0000e+00
 159.915723      6.769  36.857684    11.3309     8.7542      6.712    32.5301    24.7940 0.0000e+00
 159.915729      7.067  36.810769    11.2616     8.7118      7.008    32.5450    24.8180 0.0000e+00
 159.915735      7.353  36.772743    11.2157     8.6646      7.292    32.5480    24.8285 0.0000e+00
 159.915741      7.628  36.746647    11.1820     8.6328      7.564    32.5520    24.8376 0.0000e+00
 159.915747      7.902  36.733494    11.1473     8.6048      7.836    32.5696    24.8575 0.0000e+00
 159.915752      8.178  36.724657    11.1157     8.5798      8.110    32.5888    24.8781 0.0000e+00
 159.915758      8.457  36.712220    11.0940     8.5689      8.386    32.5956    24.8872 0.0000e+00
 159.915764      8.740  36.700281    11.0803     8.5743      8.667    32.5959    24.8898 0.0000e+00
 159.915770      9.028  36.691360    11.0683     8.5664      8.952    32.5976    24.8933 0.0000e+00
 159.915775      9.325  36.683036    11.0546     8.5455      9.247    32.6014    24.8987 0.0000e+00
 159.915781      9.639  36.675926    11.0421     8.5031      9.558    32.6053    24.9040 0.0000e+00
 159.915787      9.963  36.670587    11.0336     8.4521      9.880    32.6074    24.9071 0.0000e+00
 159.915793     10.284  36.666569    11.0288     8.4194     10.198    32.6076    24.9081 0.0000e+00
 159.915799     10.592  36.663503    11.0255     8.3610     10.503    32.6073    24.9085 0.0000e+00
 159.915804     10.885  36.658928    11.0205     8.3785     10.794    32.6071    24.9092 0.0000e+00
 159.915810     11.169  36.651737    11.0119     8.3752     11.075    32.6075    24.9111 0.0000e+00
 159.915816     11.450  36.644620    11.0027     8.3654     11.354    32.6085    24.9135 0.0000e+00
 159.915822     11.729  36.640365    10.9964     8.3614     11.631    32.6098    24.9156 0.0000e+00
 159.915828     12.005  36.636046    10.9908     8.2968     11.904    32.6104    24.9170 0.0000e+00
 159.915833     12.279  36.627533    10.9833     8.3047     12.176    32.6085    24.9169 0.0000e+00
 159.915839     12.551  36.618557    10.9766     8.2977     12.446    32.6055    24.9157 0.0000e+00
 159.915845     12.823  36.613910    10.9722     8.2873     12.716    32.6047    24.9159 0.0000e+00
 159.915851     13.093  36.611266    10.9689     8.2730     12.983    32.6048    24.9166 0.0000e+00
