data/oxygen options/ONMS/Olympic_Coast_National_Marine_Sanctuary_CTD_Data_2005_2023/raw_data/2021/CAST_TH042_211008faed.cnv
* Sea-Bird SBE 19 Data File:
* FileName = C:\2021 Mooring Data\Casts\PPS\CAST_TH042_211008_PPS.hex
* Software Version SeatermAF 2.1.2
* Temperature SN = 2997
* Conductivity SN = 2997
* System UpLoad Time = Oct 08 2021 20:06:49 (localtime) = Oct 08 2021 20:06:49 (UTC)
** CAST_TH042_211008_PPS
* ds
# nquan = 9                                 
# nvalues = 3505                        
# units = specified
# name 0 = timeJ: Julian Days
# name 1 = prSM: Pressure, Strain Gauge [db]
# name 2 = c0mS/cm: Conductivity [mS/cm]
# name 3 = t090C: Temperature [ITS-90, deg C]
# name 4 = sbeox0ML/L: Oxygen, SBE 43 [ml/l]
# name 5 = depSM: Depth [salt water, m], lat = 47.5
# name 6 = sal00: Salinity, Practical [PSU]
# name 7 = sigma-é00: Density [sigma-theta, kg/m^3]
# name 8 = flag: flag
# span 0 = 281.670382, 281.690660       
# span 1 =     -2.258,     45.149       
# span 2 =   0.009433,  37.681498       
# span 3 =     8.2399,    12.9631       
# span 4 =   -12.5233,    13.5483       
# span 5 =     -2.239,     44.767       
# span 6 =     0.0095,    33.4841       
# span 7 =    -0.3455,    26.0466       
# span 8 = 0.0000e+00, 0.0000e+00       
# interval = seconds: 0.5
# start_time = Oct 08 2021 16:05:21 [Instrument's time stamp, header]
# bad_flag = -9.990e-29
*END*
[from data line 161]
 281.671314     -0.392   0.009961    10.2912    -2.0915     -0.389     0.0098    -0.3166 -9.990e-29
 281.671319     -0.390   0.009962    10.2964    -2.0916     -0.387     0.0098    -0.3171 -9.990e-29
 281.671325     -0.395   0.009963    10.3044    -2.0916     -0.392     0.0099    -0.3178 -9.990e-29
 281.671331     -0.399   0.009964    10.3137    -2.0913     -0.396     0.0099    -0.3187 -9.990e-29
 281.671337     -0.397   0.009965    10.3219    -2.0910     -0.394     0.0099    -0.3194 -9.990e-29
 281.671343     -0.389   0.009965    10.3277    -2.0909     -0.386     0.0099    -0.3199 -9.990e-29
 281.671348     -0.379   0.009966    10.3316    -2.0908     -0.376     0.0099    -0.3203 -9.990e-29
 281.671354     -0.371   0.009967    10.3346    -2.0911     -0.368     0.0099    -0.3206 -9.990e-29
 281.671360     -0.364   0.009968    10.3365    -2.0914     -0.361     0.0099    -0.3208 -9.990e-29
 281.671366     -0.359   0.009969    10.3371    -2.0915     -0.356     0.0099    -0.3208 -9.990e-29
 281.671372     -0.353   0.009970    10.3375    -2.0915     -0.350     0.0099    -0.3208 -9.990e-29
 281.671377     -0.348   0.009970    10.3390    -2.0916     -0.345     0.0099    -0.3210 -9.990e-29
 281.671383     -0.342   0.009971    10.3421    -2.0915     -0.339     0.0099    -0.3213 -9.990e-29
 281.671389     -0.336   0.009972    10.3455    -2.0919     -0.333     0.0099    -0.3216 -9.990e-29
 281.671395     -0.329   0.009973    10.3475    -2.0920     -0.326     0.0099    -0.3218 -9.990e-29
 281.671400     -0.321   0.009974    10.3473    -2.0922     -0.318     0.0099    -0.3218 -9.990e-29
 281.671406     -0.311   0.009974    10.3448    -2.0924     -0.308     0.0099    -0.3215 -9.990e-29
 281.671412     -0.298   0.009975    10.3416    -2.0924     -0.296     0.0099    -0.3212 -9.990e-29
 281.671418     -0.282   0.009976    10.3393    -2.0924     -0.280     0.0099    -0.3210 -9.990e-29
 281.671424     -0.265   0.009977    10.3377    -2.0925     -0.263     0.0099    -0.3209 -9.990e-29
 281.671429     -0.252   0.009978    10.3365    -2.0924     -0.250     0.0099    -0.3208 -9.990e-29
 281.671435     -0.241   0.009978    10.3346    -2.0923     -0.239     0.0099    -0.3206 -9.990e-29
 281.671441     -0.232   0.009979    10.3316    -2.0921     -0.230     0.0099    -0.3203 -9.990e-29
 281.671447     -0.223   0.009980    10.3283    -2.0922     -0.221     0.0099    -0.3200 -9.990e-29
 281.671453     -0.215   0.009980    10.3255    -2.0923     -0.213     0.0099    -0.3197 -9.990e-29
 281.671458     -0.207   0.009980    10.3234    -2.0924     -0.205     0.0099    -0.3195 -9.990e-29
 281.671464     -0.203   0.009978    10.3218    -2.0921     -0.201     0.0099    -0.3194 -9.990e-29
 281.671470     -0.206   0.009969    10.3206    -2.0920     -0.204     0.0099    -0.3193 -9.990e-29
 281.671476     -0.213   0.009943    10.3202    -2.0919     -0.211     0.0098    -0.3193 -9.990e-29
 281.671481     -0.220   0.009862    10.3210    -2.0917     -0.218     0.0098    -0.3194 -9.990e-29
 281.671487     -0.223   0.009617    10.3226    -2.0917     -0.221     0.0097    -0.3196 -9.990e-29
 281.671493     -0.217   0.009433    10.3240    -2.0919     -0.215     0.0096    -0.3198 -9.990e-29
 281.671499     -0.208   0.009618    10.3243    -2.0923     -0.206     0.0097    -0.3198 -9.990e-29
 281.671505     -0.197   0.009865    10.3239    -2.0928     -0.195     0.0098    -0.3196 -9.990e-29
 281.671510     -0.186   0.009948    10.3245    -2.0932     -0.184     0.0098    -0.3197 -9.990e-29
 281.671516     -0.173   0.009976    10.3265    -2.0934     -0.172     0.0099    -0.3198 -9.990e-29
 281.671522     -0.161   0.009986    10.3286    -2.0936     -0.160     0.0099    -0.3200 -9.990e-29
 281.671528     -0.154   0.009990    10.3305    -2.0938     -0.153     0.0099    -0.3202 -9.990e-29
 281.671534     -0.147   0.009992    10.3319    -2.0941     -0.146     0.0099    -0.3203 -9.990e-29
 281.671539     -0.136   0.009993    10.3314    -2.0945     -0.135     0.0099    -0.3203 -9.990e-29
 281.671545     -0.124   0.009994    10.3279    -2.0947     -0.123     0.0099    -0.3200 -9.990e-29
 281.671551     -0.114   0.009994    10.3218    -2.0949     -0.113     0.0099    -0.3194 -9.990e-29
 281.671557     -0.107   0.009995    10.3145    -2.0949     -0.106     0.0099    -0.3187 -9.990e-29
 281.671562     -0.101   0.009996    10.3077    -2.0950     -0.100     0.0099    -0.3181 -9.990e-29
 281.671568     -0.097   0.009997    10.3021    -2.0948     -0.096     0.0099    -0.3176 -9.990e-29
 281.671574     -0.093   0.009998    10.2973    -2.0947     -0.092     0.0099    -0.3171 -9.990e-29
 281.671580     -0.090   0.009999    10.2925    -2.0946     -0.089     0.0099    -0.3167 -9.990e-29
 281.671586     -0.088   0.009999    10.2872    -2.0949     -0.087     0.0099    -0.3162 -9.990e-29
 281.671591     -0.086   0.010000    10.2817    -2.0950     -0.085     0.0099    -0.3157 -9.990e-29
 281.671597     -0.084   0.010001    10.2770    -2.0954     -0.083     0.0099    -0.3153 -9.990e-29
 281.671603     -0.082   0.010002    10.2737    -2.0954     -0.081     0.0099    -0.3150 -9.990e-29
 281.671609     -0.080   0.010003    10.2720    -2.0955     -0.079     0.0099    -0.3148 -9.990e-29
 281.671615     -0.078   0.010003    10.2719    -2.0954     -0.077     0.0099    -0.3148 -9.990e-29
 281.671620     -0.076   0.010004    10.2734    -2.0956     -0.075     0.0099    -0.3149 -9.990e-29
 281.671626     -0.074   0.010005    10.2749    -2.0957     -0.073     0.0099    -0.3151 -9.990e-29
 281.671632     -0.071   0.010006    10.2747    -2.0960     -0.070     0.0099    -0.3151 -9.990e-29
 281.671638     -0.068   0.010007    10.2724    -2.0960     -0.067     0.0099    -0.3148 -9.990e-29
 281.671644     -0.063   0.010007    10.2688    -2.0960     -0.062     0.0099    -0.3145 -9.990e-29
 281.671649     -0.057   0.010008    10.2652    -2.0958     -0.057     0.0099    -0.3142 -9.990e-29
 281.671655     -0.050   0.010009    10.2627    -2.0958     -0.050     0.0099    -0.3140 -9.990e-29
 281.671661     -0.041   0.010010    10.2613    -2.0962     -0.041     0.0099    -0.3138 -9.990e-29
 281.671667     -0.033   0.010011    10.2601    -2.0962     -0.033     0.0099    -0.3137 -9.990e-29
 281.671672     -0.030   0.010011    10.2582    -2.0965     -0.030     0.0099    -0.3135 -9.990e-29
 281.671678     -0.029   0.010012    10.2557    -2.0967     -0.029     0.0099    -0.3133 -9.990e-29
 281.671684     -0.024   0.010013    10.2534    -2.0967     -0.024     0.0099    -0.3131 -9.990e-29
 281.671690     -0.020   0.010014    10.2520    -2.0966     -0.020     0.0099    -0.3130 -9.990e-29
 281.671696     -0.021   0.010015    10.2519    -2.0968     -0.021     0.0099    -0.3130 -9.990e-29
 281.671701     -0.022   0.010015    10.2523    -2.0969     -0.022     0.0099    -0.3130 -9.990e-29
 281.671707     -0.019   0.010016    10.2513    -2.0972     -0.019     0.0099    -0.3129 -9.990e-29
 281.671713     -0.012   0.010017    10.2484    -2.0974     -0.012     0.0099    -0.3126 -9.990e-29
 281.671719     -0.004   0.010018    10.2447    -2.0977     -0.004     0.0099    -0.3123 -9.990e-29
 281.671725     -0.001   0.010019    10.2412    -2.0977     -0.001     0.0099    -0.3120 -9.990e-29
 281.671730      0.004   0.010019    10.2388    -2.0977      0.004     0.0099    -0.3118 -9.990e-29
 281.671736      0.014   0.010020    10.2377    -2.0973      0.014     0.0099    -0.3117 -9.990e-29
 281.671742      0.026   0.010021    10.2368    -2.0969      0.026     0.0099    -0.3116 -9.990e-29
 281.671748      0.036   0.010022    10.2350    -2.0966      0.036     0.0099    -0.3114 -9.990e-29
 281.671753      0.045   0.010023    10.2318    -2.0967      0.045     0.0099    -0.3111 -9.990e-29
 281.671759      0.049   0.010024    10.2277    -2.0970      0.049     0.0099    -0.3108 -9.990e-29
 281.671765      0.049   0.010024    10.2237    -2.0972      0.049     0.0099    -0.3104 -9.990e-29
 281.671771      0.052   0.010025    10.2210    -2.0974      0.052     0.0099    -0.3102 -9.990e-29
 281.671777      0.060   0.010026    10.2202    -2.0974      0.059     0.0099    -0.3101 -9.990e-29
 281.671782      0.065   0.010027    10.2217    -2.0976      0.064     0.0099    -0.3102 -9.990e-29
 281.671788      0.061   0.010028    10.2256    -2.0979      0.060     0.0099    -0.3106 -9.990e-29
 281.671794      0.054   0.010028    10.2306    -2.0982      0.054     0.0099    -0.3110 -9.990e-29
 281.671800      0.051   0.010029    10.2341    -2.0985      0.051     0.0099    -0.3113 -9.990e-29
 281.671806      0.057   0.010029    10.2342    -2.0986      0.057     0.0099    -0.3113 -9.990e-29
 281.671811      0.067   0.010029    10.2313    -2.0987      0.066     0.0099    -0.3111 -9.990e-29
 281.671817      0.078   0.010029    10.2279    -2.0988      0.077     0.0099    -0.3108 -9.990e-29
 281.671823      0.091   0.010029    10.2250    -2.0990      0.090     0.0099    -0.3105 -9.990e-29
 281.671829      0.102   0.010029    10.2222    -2.0989      0.101     0.0099    -0.3103 -9.990e-29
 281.671834      0.107   0.010029    10.2186    -2.0989      0.106     0.0099    -0.3099 -9.990e-29
 281.671840      0.112   0.010029    10.2140    -2.0991      0.111     0.0099    -0.3095 -9.990e-29
 281.671846      0.120   0.010029    10.2088    -2.0990      0.119     0.0099    -0.3090 -9.990e-29
 281.671852      0.129   0.010029    10.2041    -2.0990      0.128     0.0099    -0.3086 -9.990e-29
 281.671858      0.133   0.010029    10.2004    -2.0990      0.132     0.0099    -0.3083 -9.990e-29
 281.671863      0.135   0.010029    10.1978    -2.0987      0.134     0.0099    -0.3080 -9.990e-29
 281.671869      0.137   0.010029    10.1959    -2.0985      0.136     0.0099    -0.3079 -9.990e-29
 281.671875      0.145   0.010029    10.1947    -2.0985      0.144     0.0098    -0.3078 -9.990e-29
 281.671881      0.154   0.010029    10.1941    -2.0986      0.153     0.0098    -0.3077 -9.990e-29
 281.671887      0.161   0.010029    10.1932    -2.0987      0.160     0.0098    -0.3076 -9.990e-29
 281.671892      0.167   0.010029    10.1923    -2.0988      0.166     0.0098    -0.3075 -9.990e-29
 281.671898      0.172   0.010029    10.1922    -2.0990      0.171     0.0098    -0.3075 -9.990e-29
 281.671904      0.175   0.010029    10.1928    -2.0989      0.174     0.0098    -0.3076 -9.990e-29
 281.671910      0.178   0.010029    10.1944    -2.0989      0.177     0.0098    -0.3077 -9.990e-29
 281.671916      0.180   0.010029    10.1971    -2.0988      0.178     0.0099    -0.3080 -9.990e-29
 281.671921      0.181   0.010029    10.1994    -2.0987      0.179     0.0099    -0.3082 -9.990e-29
 281.671927      0.183   0.010029    10.2002    -2.0986      0.181     0.0099    -0.3083 -9.990e-29
 281.671933      0.184   0.010029    10.1995    -2.0984      0.182     0.0099    -0.3082 -9.990e-29
 281.671939      0.185   0.010029    10.1981    -2.0984      0.183     0.0099    -0.3081 -9.990e-29
 281.671944      0.185   0.010029    10.1964    -2.0983      0.183     0.0099    -0.3079 -9.990e-29
 281.671950      0.186   0.010029    10.1950    -2.0984      0.184     0.0099    -0.3078 -9.990e-29
 281.671956      0.186   0.010029    10.1946    -2.0983      0.184     0.0098    -0.3078 -9.990e-29
 281.671962      0.186   0.010029    10.1953    -2.0982      0.184     0.0099    -0.3078 -9.990e-29
 281.671968      0.187   0.010029    10.1968    -2.0979      0.185     0.0099    -0.3080 -9.990e-29
 281.671973      0.187   0.010029    10.1986    -2.0979      0.185     0.0099    -0.3081 -9.990e-29
 281.671979      0.188   0.010029    10.2005    -2.0980      0.186     0.0099    -0.3083 -9.990e-29
 281.671985      0.188   0.010029    10.2025    -2.0982      0.186     0.0099    -0.3085 -9.990e-29
 281.671991      0.189   0.010029    10.2041    -2.0981      0.187     0.0099    -0.3086 -9.990e-29
 281.671997      0.189   0.010029    10.2049    -2.0979      0.187     0.0099    -0.3087 -9.990e-29
 281.672002      0.190   0.010029    10.2053    -2.0977      0.188     0.0099    -0.3087 -9.990e-29
 281.672008      0.190   0.010029    10.2066    -2.0972      0.188     0.0099    -0.3088 -9.990e-29
 281.672014      0.191   0.010029    10.2090    -2.0972      0.189     0.0099    -0.3091 -9.990e-29
 281.672020      0.193   0.010029    10.2114    -2.0974      0.191     0.0099    -0.3093 -9.990e-29
 281.672025      0.194   0.010029    10.2123    -2.0976      0.192     0.0099    -0.3094 -9.990e-29
 281.672031      0.196   0.010029    10.2118    -2.0979      0.194     0.0099    -0.3093 -9.990e-29
 281.672037      0.199   0.010029    10.2113    -2.0981      0.197     0.0099    -0.3093 -9.990e-29
 281.672043      0.203   0.010029    10.2123    -2.0982      0.201     0.0099    -0.3094 -9.990e-29
 281.672049      0.207   0.010029    10.2152    -2.0983      0.205     0.0099    -0.3096 -9.990e-29
 281.672054      0.213   0.010029    10.2195    -2.0984      0.211     0.0099    -0.3100 -9.990e-29
 281.672060      0.220   0.010029    10.2235    -2.0985      0.218     0.0099    -0.3104 -9.990e-29
 281.672066      0.230   0.010029    10.2250    -2.0985      0.228     0.0099    -0.3105 -9.990e-29
 281.672072      0.242   0.010029    10.2235    -2.0986      0.240     0.0099    -0.3104 -9.990e-29
 281.672078      0.253   0.010029    10.2201    -2.0987      0.251     0.0099    -0.3101 -9.990e-29
 281.672083      0.260   0.010029    10.2160    -2.0985      0.258     0.0099    -0.3097 -9.990e-29
 281.672089      0.264   0.010029    10.2121    -2.0986      0.262     0.0099    -0.3093 -9.990e-29
 281.672095      0.263   0.010029    10.2088    -2.0983      0.261     0.0099    -0.3090 -9.990e-29
 281.672101      0.263   0.010029    10.2062    -2.0983      0.261     0.0099    -0.3088 -9.990e-29
 281.672106      0.268   0.010029    10.2044    -2.0984      0.266     0.0099    -0.3086 -9.990e-29
 281.672112      0.278   0.010029    10.2034    -2.0983      0.276     0.0099    -0.3086 -9.990e-29
 281.672118      0.294   0.010029    10.2029    -2.0984      0.292     0.0099    -0.3085 -9.990e-29
 281.672124      0.313   0.010029    10.2023    -2.0986      0.310     0.0099    -0.3085 -9.990e-29
 281.672130      0.327   0.010029    10.2018    -2.0986      0.324     0.0099    -0.3084 -9.990e-29
 281.672135      0.332   0.010029    10.2020    -2.0986      0.329     0.0099    -0.3084 -9.990e-29
 281.672141      0.334   0.010029    10.2030    -2.0988      0.331     0.0099    -0.3085 -9.990e-29
 281.672147      0.337   0.010029    10.2048    -2.0990      0.334     0.0099    -0.3087 -9.990e-29
 281.672153      0.340   0.010029    10.2061    -2.0991      0.337     0.0099    -0.3088 -9.990e-29
 281.672159      0.345   0.010029    10.2060    -2.0991      0.342     0.0099    -0.3088 -9.990e-29
 281.672164      0.347   0.010029    10.2052    -2.0990      0.344     0.0099    -0.3087 -9.990e-29
 281.672170      0.347   0.010029    10.2041    -2.0991      0.344     0.0099    -0.3086 -9.990e-29
 281.672176      0.352   0.010029    10.2029    -2.0991      0.349     0.0099    -0.3085 -9.990e-29
 281.672182      0.364   0.010029    10.2017    -2.0989      0.361     0.0099    -0.3084 -9.990e-29
 281.672188      0.374   0.010029    10.2001    -2.0991      0.371     0.0099    -0.3083 -9.990e-29
 281.672193      0.383   0.010029    10.1979    -2.0993      0.380     0.0099    -0.3081 -9.990e-29
 281.672199      0.396   0.010029    10.1955    -2.0996      0.393     0.0099    -0.3078 -9.990e-29
 281.672205      0.409   0.010029    10.1940    -2.0997      0.406     0.0098    -0.3077 -9.990e-29
 281.672211      0.419   0.010029    10.1934    -2.0999      0.416     0.0098    -0.3076 -9.990e-29
 281.672216      0.427   0.010029    10.1932    -2.1001      0.423     0.0098    -0.3076 -9.990e-29
 281.672222      0.434   0.010029    10.1930    -2.1003      0.430     0.0098    -0.3076 -9.990e-29
 281.672228      0.439   0.010029    10.1932    -2.1004      0.435     0.0098    -0.3076 -9.990e-29
