data/oxygen options/ONMS/Olympic_Coast_National_Marine_Sanctuary_CTD_Data_2005_2023/raw_data/2021/CAST_KL027_210715faedb.cnv
* Sea-Bird SBE 19 Data File:
* FileName = C:\2021 Mooring Data\Casts\CAST_KL027_210715.hex
* Software Version SeatermAF 2.1.2
* Temperature SN = 2997
* Conductivity SN = 2997
* System UpLoad Time = Jul 15 2021 23:30:52 (localtime) = Jul 15 2021 23:30:52 (UTC)
** CAST_KL027_210715
* ds
# nquan = 9
# nvalues = 27                          
# units = specified
# name 0 = timeJ: Julian Days
# name 1 = prSM: Pressure, Strain Gauge [db]
# name 2 = c0mS/cm: Conductivity [mS/cm]
# name 3 = t090C: Temperature [ITS-90, deg C]
# name 4 = sbeox0ML/L: Oxygen, SBE 43 [ml/l]
# name 5 = depSM: Depth [salt water, m], lat = 47.5
# name 6 = sal00: Salinity, Practical [PSU]
# name 7 = sigma-é00: Density [sigma-theta, kg/m^3]
# name 8 = flag: flag
# span 0 = 196.930753, 196.931193       
# span 1 =      2.000,     28.000       
# span 2 =  34.478664,  36.441966       
# span 3 =     7.3730,    10.2531       
# span 4 =     1.0655,     4.5885       
# span 5 =      1.983,     27.765       
# span 6 =    33.0850,    33.7322       
# span 7 =    25.4144,    26.3688       
# span 8 = 0.0000e+00, 0.0000e+00       
# interval = decibars: 1                
# start_time = Jul 15 2021 22:13:31 [Instrument's time stamp, header]
# bad_flag = -9.990e-29
*END*
 196.930753      2.000  36.441966    10.2531     4.5885      1.983    33.0850    25.4144 0.0000e+00
 196.930781      3.000  36.093654     9.8373     4.5595      2.975    33.1118    25.5049 0.0000e+00
 196.930801      4.000  36.005459     9.7310     4.3853      3.967    33.1190    25.5281 0.0000e+00
 196.930820      5.000  35.921583     9.6241     4.2840      4.958    33.1312    25.5552 0.0000e+00
 196.930837      6.000  35.840385     9.5361     4.2440      5.950    33.1287    25.5675 0.0000e+00
 196.930853      7.000  35.793371     9.4752     4.1631      6.942    33.1362    25.5833 0.0000e+00
 196.930869      8.000  35.772433     9.4536     3.9416      7.933    33.1341    25.5852 0.0000e+00
 196.930885      9.000  35.701943     9.3462     3.7628      8.925    33.1606    25.6231 0.0000e+00
 196.930901     10.000  35.546697     9.1722     3.4732      9.916    33.1611    25.6514 0.0000e+00
 196.930916     11.000  35.428823     9.0122     2.9705     10.908    33.1873    25.6971 0.0000e+00
 196.930932     12.000  35.243487     8.6860     2.5163     11.899    33.2990    25.8352 0.0000e+00
 196.930947     13.000  34.967941     8.2682     2.2670     12.891    33.4029    25.9802 0.0000e+00
 196.930962     14.000  34.713758     7.9664     2.0725     13.883    33.4195    26.0378 0.0000e+00
 196.930976     15.000  34.605683     7.8388     1.7221     14.875    33.4254    26.0610 0.0000e+00
 196.930990     16.000  34.570690     7.7449     1.4407     15.866    33.4775    26.1155 0.0000e+00
 196.931003     17.000  34.545346     7.6500     1.2720     16.857    33.5411    26.1791 0.0000e+00
 196.931018     18.000  34.538758     7.6122     1.0965     17.849    33.5701    26.2073 0.0000e+00
 196.931033     19.000  34.548318     7.5816     1.0687     18.840    33.6095    26.2427 0.0000e+00
 196.931049     20.000  34.533193     7.4857     1.0655     19.832    33.6856    26.3161 0.0000e+00
 196.931064     21.000  34.499081     7.4201     1.1150     20.824    33.7119    26.3462 0.0000e+00
 196.931079     22.000  34.487196     7.3934     1.1369     21.816    33.7245    26.3598 0.0000e+00
 196.931096     23.000  34.498673     7.4113     1.1385     22.807    33.7190    26.3530 0.0000e+00
 196.931114     24.000  34.504157     7.4062     1.1366     23.798    33.7295    26.3620 0.0000e+00
 196.931131     25.000  34.483391     7.3818     1.1213     24.790    33.7302    26.3660 0.0000e+00
 196.931149     26.000  34.480659     7.3773     1.1246     25.782    33.7311    26.3673 0.0000e+00
 196.931169     27.000  34.478954     7.3750     1.1077     26.773    33.7310    26.3676 0.0000e+00
 196.931193     28.000  34.478664     7.3730     1.1035     27.765    33.7322    26.3688 0.0000e+00
