data/oxygen options/ONMS/Olympic_Coast_National_Marine_Sanctuary_CTD_Data_2005_2023/raw_data/2021/CAST_TH042_211008faed.cnv
* Sea-Bird SBE 19 Data File:
* FileName = C:\2021 Mooring Data\Casts\PPS\CAST_TH042_211008_PPS.hex
* Software Version SeatermAF 2.1.2
* Temperature SN = 2997
* Conductivity SN = 2997
* System UpLoad Time = Oct 08 2021 20:06:49 (localtime) = Oct 08 2021 20:06:49 (UTC)
** CAST_TH042_211008_PPS
* ds
# nquan = 9                                 
# nvalues = 3505                        
# units = specified
# name 0 = timeJ: Julian Days
# name 1 = prSM: Pressure, Strain Gauge [db]
# name 2 = c0mS/cm: Conductivity [mS/cm]
# name 3 = t090C: Temperature [ITS-90, deg C]
# name 4 = sbeox0ML/L: Oxygen, SBE 43 [ml/l]
# name 5 = depSM: Depth [salt water, m], lat = 47.5
# name 6 = sal00: Salinity, Practical [PSU]
# name 7 = sigma-é00: Density [sigma-theta, kg/m^3]
# name 8 = flag: flag
# span 0 = 281.670382, 281.690660       
# span 1 =     -2.258,     45.149       
# span 2 =   0.009433,  37.681498       
# span 3 =     8.2399,    12.9631       
# span 4 =   -12.5233,    13.5483       
# span 5 =     -2.239,     44.767       
# span 6 =     0.0095,    33.4841       
# span 7 =    -0.3455,    26.0466       
# span 8 = 0.0000e+00, 0.0000e+00       
# interval = seconds: 0.5
# start_time = Oct 08 2021 16:05:21 [Instrument's time stamp, header]
# bad_flag = -9.990e-29
*END*
[from data line 641]
 281.674091      0.964   0.046575    10.5932    -2.0780      0.956     0.0319    -0.3276 -9.990e-29
 281.674097      0.961   0.046575    10.5996    -2.0777      0.953     0.0319    -0.3282 -9.990e-29
 281.674103      0.965   0.046575    10.6046    -2.0770      0.957     0.0319    -0.3287 -9.990e-29
 281.674109      0.970   0.046575    10.6072    -2.0765      0.962     0.0319    -0.3290 -9.990e-29
 281.674115      0.975   0.046575    10.6071    -2.0759      0.967     0.0319    -0.3290 -9.990e-29
 281.674120      0.978   0.046574    10.6056    -2.0755      0.970     0.0319    -0.3288 -9.990e-29
 281.674126      0.980   0.046574    10.6039    -2.0753      0.972     0.0319    -0.3286 -9.990e-29
 281.674132      0.981   0.046574    10.6034    -2.0755      0.973     0.0319    -0.3286 -9.990e-29
 281.674138      0.981   0.046574    10.6054    -2.0754      0.973     0.0319    -0.3288 -9.990e-29
 281.674144      0.980   0.046574    10.6104    -2.0755      0.972     0.0319    -0.3293 -9.990e-29
 281.674149      0.979   0.046574    10.6182    -2.0755      0.971     0.0319    -0.3300 -9.990e-29
 281.674155      0.976   0.046574    10.6280    -2.0757      0.968     0.0319    -0.3310 -9.990e-29
 281.674161      0.972   0.046574    10.6384    -2.0758      0.964     0.0319    -0.3320 -9.990e-29
 281.674167      0.967   0.046574    10.6479    -2.0757      0.959     0.0319    -0.3329 -9.990e-29
 281.674172      0.964   0.046573    10.6552    -2.0755      0.956     0.0319    -0.3336 -9.990e-29
 281.674178      0.967   0.046573    10.6589    -2.0750      0.959     0.0319    -0.3340 -9.990e-29
 281.674184      0.974   0.046573    10.6599    -2.0747      0.966     0.0319    -0.3341 -9.990e-29
 281.674190      0.978   0.046573    10.6596    -2.0743      0.970     0.0319    -0.3340 -9.990e-29
 281.674196      0.982   0.046573    10.6586    -2.0742      0.974     0.0319    -0.3339 -9.990e-29
 281.674201      0.985   0.046573    10.6572    -2.0740      0.977     0.0319    -0.3338 -9.990e-29
 281.674207      0.987   0.046573    10.6557    -2.0739      0.979     0.0319    -0.3337 -9.990e-29
 281.674213      0.989   0.046573    10.6552    -2.0737      0.981     0.0319    -0.3336 -9.990e-29
 281.674219      0.990   0.046573    10.6571    -2.0737      0.982     0.0319    -0.3338 -9.990e-29
 281.674225      0.991   0.046573    10.6616    -2.0737      0.983     0.0319    -0.3342 -9.990e-29
 281.674230      0.992   0.046572    10.6677    -2.0735      0.984     0.0319    -0.3348 -9.990e-29
 281.674236      0.993   0.046572    10.6741    -2.0733      0.985     0.0319    -0.3355 -9.990e-29
 281.674242      0.993   0.046572    10.6799    -2.0731      0.985     0.0319    -0.3360 -9.990e-29
 281.674248      0.994   0.046572    10.6843    -2.0732      0.986     0.0319    -0.3365 -9.990e-29
 281.674253      0.994   0.046572    10.6877    -2.0731      0.986     0.0319    -0.3368 -9.990e-29
 281.674259      0.994   0.046572    10.6908    -2.0727      0.986     0.0319    -0.3371 -9.990e-29
 281.674265      0.995   0.046572    10.6933    -2.0722      0.987     0.0319    -0.3373 -9.990e-29
 281.674271      0.995   0.046572    10.6948    -2.0719      0.987     0.0318    -0.3375 -9.990e-29
 281.674277      0.995   0.046572    10.6963    -2.0727      0.987     0.0318    -0.3376 -9.990e-29
 281.674282      0.995   0.046571    10.6990    -2.0731      0.987     0.0318    -0.3379 -9.990e-29
 281.674288      0.995   0.046571    10.7023    -2.0731      0.987     0.0318    -0.3382 -9.990e-29
 281.674294      0.996   0.046571    10.7049    -2.0731      0.988     0.0318    -0.3385 -9.990e-29
 281.674300      0.996   0.046571    10.7067    -2.0731      0.988     0.0318    -0.3386 -9.990e-29
 281.674306      0.996   0.046571    10.7098    -2.0728      0.988     0.0318    -0.3389 -9.990e-29
 281.674311      0.996   0.046571    10.7150    -2.0723      0.988     0.0318    -0.3395 -9.990e-29
 281.674317      0.996   0.046571    10.7202    -2.0717      0.988     0.0318    -0.3400 -9.990e-29
 281.674323      0.997   0.046571    10.7209    -2.0712      0.989     0.0318    -0.3400 -9.990e-29
 281.674329      0.997   0.046571    10.7163    -2.0709      0.989     0.0318    -0.3396 -9.990e-29
 281.674334      0.998   0.046571    10.7112    -2.0709      0.990     0.0318    -0.3391 -9.990e-29
 281.674340      0.999   0.046570    10.7088    -2.0711      0.991     0.0318    -0.3388 -9.990e-29
 281.674346      1.000   0.046570    10.7088    -2.0711      0.992     0.0318    -0.3388 -9.990e-29
 281.674352      1.002   0.046570    10.7110    -2.0710      0.994     0.0318    -0.3391 -9.990e-29
 281.674358      0.999   0.046570    10.7161    -2.0710      0.991     0.0318    -0.3396 -9.990e-29
 281.674363      0.989   0.046570    10.7241    -2.0704      0.981     0.0318    -0.3403 -9.990e-29
 281.674369      0.973   0.046570    10.7334    -2.0701      0.965     0.0318    -0.3413 -9.990e-29
 281.674375      0.961   0.046570    10.7418    -2.0700      0.953     0.0318    -0.3421 -9.990e-29
 281.674381      0.955   0.046570    10.7475    -2.0703      0.947     0.0318    -0.3426 -9.990e-29
 281.674387      0.951   0.046570    10.7494    -2.0707      0.943     0.0318    -0.3428 -9.990e-29
 281.674392      0.944   0.046570    10.7489    -2.0711      0.936     0.0318    -0.3428 -9.990e-29
 281.674398      0.934   0.046569    10.7486    -2.0714      0.926     0.0318    -0.3428 -9.990e-29
 281.674404      0.928   0.046568    10.7501    -2.0715      0.920     0.0318    -0.3429 -9.990e-29
 281.674410      0.935   0.046567    10.7540    -2.0715      0.927     0.0318    -0.3433 -9.990e-29
 281.674416      0.947   0.046563    10.7597    -2.0713      0.939     0.0318    -0.3439 -9.990e-29
 281.674421      0.956   0.046551    10.7641    -2.0712      0.948     0.0318    -0.3443 -9.990e-29
 281.674427      0.962   0.046514    10.7645    -2.0709      0.954     0.0318    -0.3443 -9.990e-29
 281.674433      0.966   0.046403    10.7610    -2.0705      0.958     0.0317    -0.3441 -9.990e-29
 281.674439      0.969   0.046070    10.7550    -2.0701      0.961     0.0315    -0.3436 -9.990e-29
 281.674444      0.970   0.045625    10.7487    -2.0699      0.962     0.0312    -0.3432 -9.990e-29
 281.674450      0.969   0.045584    10.7438    -2.0700      0.961     0.0312    -0.3428 -9.990e-29
 281.674456      0.967   0.045893    10.7413    -2.0700      0.959     0.0314    -0.3424 -9.990e-29
 281.674462      0.963   0.045855    10.7415    -2.0701      0.955     0.0314    -0.3424 -9.990e-29
 281.674468      0.961   0.045419    10.7439    -2.0705      0.953     0.0311    -0.3429 -9.990e-29
 281.674473      0.965   0.045113    10.7478    -2.0709      0.957     0.0309    -0.3434 -9.990e-29
 281.674479      0.972   0.045084    10.7530    -2.0712      0.964     0.0309    -0.3439 -9.990e-29
 281.674485      0.977   0.045293    10.7594    -2.0714      0.969     0.0310    -0.3444 -9.990e-29
 281.674491      0.981   0.045466    10.7654    -2.0719      0.973     0.0311    -0.3449 -9.990e-29
 281.674497      0.985   0.045277    10.7688    -2.0721      0.977     0.0310    -0.3454 -9.990e-29
 281.674502      0.987   0.045029    10.7693    -2.0721      0.979     0.0309    -0.3455 -9.990e-29
 281.674508      0.989   0.044947    10.7679    -2.0721      0.981     0.0308    -0.3454 -9.990e-29
 281.674514      0.991   0.044919    10.7645    -2.0724      0.983     0.0308    -0.3451 -9.990e-29
 281.674520      0.992   0.044909    10.7589    -2.0726      0.984     0.0308    -0.3446 -9.990e-29
 281.674525      0.993   0.044906    10.7524    -2.0729      0.985     0.0308    -0.3439 -9.990e-29
 281.674531      0.994   0.044905    10.7463    -2.0732      0.986     0.0308    -0.3433 -9.990e-29
 281.674537      0.996   0.044904    10.7401    -2.0731      0.988     0.0308    -0.3427 -9.990e-29
 281.674543      0.997   0.044904    10.7343    -2.0730      0.989     0.0308    -0.3422 -9.990e-29
 281.674549      0.998   0.044904    10.7300    -2.0729      0.990     0.0308    -0.3417 -9.990e-29
 281.674554      0.999   0.044904    10.7275    -2.0731      0.991     0.0308    -0.3415 -9.990e-29
 281.674560      1.001   0.044904    10.7251    -2.0733      0.993     0.0308    -0.3413 -9.990e-29
 281.674566      1.003   0.044904    10.7215    -2.0735      0.995     0.0308    -0.3409 -9.990e-29
 281.674572      1.006   0.044904    10.7170    -2.0737      0.998     0.0308    -0.3405 -9.990e-29
 281.674578      1.009   0.044904    10.7125    -2.0738      1.001     0.0308    -0.3400 -9.990e-29
 281.674583      1.013   0.044904    10.7095    -2.0737      1.005     0.0308    -0.3397 -9.990e-29
 281.674589      1.019   0.044904    10.7088    -2.0739      1.010     0.0308    -0.3397 -9.990e-29
 281.674595      1.025   0.044904    10.7092    -2.0742      1.016     0.0308    -0.3397 -9.990e-29
 281.674601      1.030   0.044904    10.7086    -2.0744      1.021     0.0308    -0.3396 -9.990e-29
 281.674606      1.028   0.044904    10.7064    -2.0745      1.019     0.0308    -0.3394 -9.990e-29
 281.674612      1.024   0.044904    10.7031    -2.0744      1.015     0.0308    -0.3391 -9.990e-29
 281.674618      1.022   0.044904    10.6995    -2.0746      1.013     0.0308    -0.3388 -9.990e-29
 281.674624      1.021   0.044905    10.6964    -2.0750      1.012     0.0308    -0.3384 -9.990e-29
 281.674630      1.022   0.044905    10.6942    -2.0756      1.013     0.0308    -0.3382 -9.990e-29
 281.674635      1.025   0.044905    10.6925    -2.0764      1.016     0.0308    -0.3381 -9.990e-29
 281.674641      1.030   0.044905    10.6898    -2.0773      1.021     0.0308    -0.3378 -9.990e-29
 281.674647      1.033   0.044905    10.6858    -2.0778      1.024     0.0308    -0.3374 -9.990e-29
 281.674653      1.029   0.044905    10.6822    -2.0779      1.020     0.0308    -0.3371 -9.990e-29
 281.674659      1.024   0.044905    10.6799    -2.0776      1.015     0.0308    -0.3368 -9.990e-29
 281.674664      1.020   0.044905    10.6778    -2.0773      1.011     0.0308    -0.3366 -9.990e-29
 281.674670      1.018   0.044905    10.6736    -2.0771      1.010     0.0308    -0.3362 -9.990e-29
 281.674676      1.017   0.044905    10.6659    -2.0774      1.009     0.0308    -0.3355 -9.990e-29
 281.674682      1.018   0.044906    10.6546    -2.0781      1.010     0.0308    -0.3344 -9.990e-29
 281.674688      1.020   0.044906    10.6411    -2.0789      1.011     0.0308    -0.3331 -9.990e-29
 281.674693      1.024   0.044906    10.6283    -2.0795      1.015     0.0308    -0.3318 -9.990e-29
 281.674699      1.030   0.044906    10.6196    -2.0801      1.021     0.0308    -0.3310 -9.990e-29
 281.674705      1.034   0.044906    10.6164    -2.0803      1.025     0.0308    -0.3307 -9.990e-29
 281.674711      1.031   0.044906    10.6175    -2.0806      1.022     0.0308    -0.3308 -9.990e-29
 281.674716      1.027   0.044906    10.6200    -2.0808      1.018     0.0308    -0.3310 -9.990e-29
 281.674722      1.025   0.044906    10.6198    -2.0804      1.016     0.0308    -0.3310 -9.990e-29
 281.674728      1.024   0.044906    10.6142    -2.0802      1.015     0.0308    -0.3305 -9.990e-29
 281.674734      1.026   0.044906    10.6038    -2.0801      1.017     0.0308    -0.3295 -9.990e-29
 281.674740      1.029   0.044907    10.5915    -2.0800      1.020     0.0309    -0.3283 -9.990e-29
 281.674745      1.035   0.044907    10.5802    -2.0798      1.026     0.0309    -0.3272 -9.990e-29
 281.674751      1.043   0.044907    10.5710    -2.0793      1.034     0.0309    -0.3263 -9.990e-29
 281.674757      1.050   0.044907    10.5639    -2.0788      1.041     0.0309    -0.3256 -9.990e-29
 281.674763      1.052   0.044907    10.5591    -2.0790      1.043     0.0309    -0.3252 -9.990e-29
 281.674769      1.053   0.044907    10.5580    -2.0798      1.044     0.0309    -0.3250 -9.990e-29
 281.674774      1.058   0.044907    10.5606    -2.0804      1.049     0.0309    -0.3253 -9.990e-29
 281.674780      1.067   0.044907    10.5643    -2.0810      1.058     0.0309    -0.3257 -9.990e-29
 281.674786      1.076   0.044907    10.5675    -2.0811      1.067     0.0309    -0.3260 -9.990e-29
 281.674792      1.082   0.044907    10.5711    -2.0813      1.073     0.0309    -0.3263 -9.990e-29
 281.674797      1.085   0.044908    10.5759    -2.0817      1.076     0.0309    -0.3268 -9.990e-29
 281.674803      1.081   0.044908    10.5815    -2.0824      1.072     0.0309    -0.3273 -9.990e-29
 281.674809      1.069   0.044908    10.5845    -2.0833      1.060     0.0309    -0.3276 -9.990e-29
 281.674815      1.058   0.044908    10.5813    -2.0843      1.049     0.0309    -0.3273 -9.990e-29
 281.674821      1.051   0.044908    10.5725    -2.0852      1.042     0.0309    -0.3264 -9.990e-29
 281.674826      1.048   0.044908    10.5622    -2.0858      1.039     0.0309    -0.3255 -9.990e-29
 281.674832      1.048   0.044908    10.5535    -2.0866      1.039     0.0309    -0.3246 -9.990e-29
 281.674838      1.047   0.044908    10.5467    -2.0871      1.038     0.0309    -0.3240 -9.990e-29
 281.674844      1.040   0.044908    10.5397    -2.0876      1.031     0.0309    -0.3233 -9.990e-29
 281.674850      1.033   0.044908    10.5301    -2.0881      1.024     0.0309    -0.3224 -9.990e-29
 281.674855      1.028   0.044909    10.5168    -2.0885      1.019     0.0309    -0.3211 -9.990e-29
 281.674861      1.024   0.044909    10.5006    -2.0889      1.015     0.0309    -0.3196 -9.990e-29
 281.674867      1.023   0.044909    10.4834    -2.0893      1.014     0.0309    -0.3179 -9.990e-29
 281.674873      1.024   0.044909    10.4672    -2.0897      1.015     0.0309    -0.3164 -9.990e-29
 281.674878      1.026   0.044909    10.4528    -2.0899      1.017     0.0309    -0.3150 -9.990e-29
 281.674884      1.030   0.044910    10.4399    -2.0902      1.021     0.0309    -0.3138 -9.990e-29
 281.674890      1.032   0.044911    10.4283    -2.0906      1.023     0.0309    -0.3127 -9.990e-29
 281.674896      1.028   0.044914    10.4177    -2.0910      1.019     0.0309    -0.3117 -9.990e-29
 281.674902      1.022   0.044925    10.4080    -2.0914      1.013     0.0309    -0.3108 -9.990e-29
 281.674907      1.018   0.044957    10.3992    -2.0919      1.010     0.0309    -0.3100 -9.990e-29
 281.674913      1.015   0.045053    10.3909    -2.0923      1.007     0.0310    -0.3091 -9.990e-29
 281.674919      1.013   0.045341    10.3832    -2.0925      1.005     0.0312    -0.3083 -9.990e-29
 281.674925      1.012   0.045649    10.3764    -2.0928      1.004     0.0314    -0.3075 -9.990e-29
 281.674931      1.012   0.045833    10.3702    -2.0931      1.004     0.0315    -0.3068 -9.990e-29
 281.674936      1.014   0.046141    10.3634    -2.0932      1.006     0.0317    -0.3060 -9.990e-29
 281.674942      1.016   0.046429    10.3560    -2.0935      1.008     0.0319    -0.3052 -9.990e-29
 281.674948      1.020   0.046525    10.3483    -2.0936      1.011     0.0319    -0.3044 -9.990e-29
 281.674954      1.026   0.046557    10.3403    -2.0937      1.017     0.0320    -0.3037 -9.990e-29
 281.674959      1.033   0.046567    10.3325    -2.0937      1.024     0.0320    -0.3029 -9.990e-29
 281.674965      1.043   0.046571    10.3256    -2.0937      1.034     0.0320    -0.3023 -9.990e-29
 281.674971      1.056   0.046573    10.3200    -2.0937      1.047     0.0320    -0.3018 -9.990e-29
 281.674977      1.073   0.046573    10.3151    -2.0937      1.064     0.0320    -0.3013 -9.990e-29
 281.674983      1.091   0.046573    10.3104    -2.0936      1.082     0.0320    -0.3009 -9.990e-29
 281.674988      1.102   0.046573    10.3060    -2.0936      1.093     0.0320    -0.3005 -9.990e-29
 281.674994      1.103   0.046573    10.3020    -2.0936      1.094     0.0320    -0.3001 -9.990e-29
 281.675000      1.094   0.046574    10.2987    -2.0936      1.085     0.0320    -0.2998 -9.990e-29
 281.675006      1.078   0.046574    10.2965    -2.0938      1.069     0.0320    -0.2996 -9.990e-29
