data/oxygen options/ONMS/Olympic_Coast_National_Marine_Sanctuary_CTD_Data_2005_2023/raw_data/2021/CAST_CE015_210604faed.cnv
* Sea-Bird SBE19 Data File:
* FileName = C:\2021 Mooring Data\CTD\CAST_CE015_210604.hex
* Software Version 1.59
* Temperature SN = 2997
* Conductivity SN = 2997
* System UpLoad Time = Jun 04 2021 20:32:13
** CAST_CE015_210604
* ds
# nquan = 9                                 
# nvalues = 897                         
# units = specified
# name 0 = timeJ: Julian Days
# name 1 = prSM: Pressure, Strain Gauge [db]
# name 2 = c0mS/cm: Conductivity [mS/cm]
# name 3 = t090C: Temperature [ITS-90, deg C]
# name 4 = sbeox0ML/L: Oxygen, SBE 43 [ml/l]
# name 5 = depSM: Depth [salt water, m], lat = 47.5
# name 6 = sal00: Salinity, Practical [PSU]
# name 7 = sigma-é00: Density [sigma-theta, kg/m^3]
# name 8 = flag: flag
# span 0 = 155.844259, 155.849444       
# span 1 =     -5.345,     14.851       
# span 2 =   0.232926,  35.757501       
# span 3 =     7.9628,    15.2130       
# span 4 =    -1.9261,    11.0763       
# span 5 =     -5.300,     14.727       
# span 6 =     0.1406,    33.5080       
# span 7 =    -0.8218,    26.1072       
# span 8 = 0.0000e+00, 0.0000e+00       
# interval = seconds: 0.5
# start_time = Jun 04 2021 20:15:44 [Instrument's time stamp, header]
# bad_flag = -9.990e-29
*END*
[from data line 321]
 155.846117     -0.664   0.235089    14.0090    -1.9201     -0.658     0.1433    -0.6438 -9.990e-29
 155.846123     -0.655   0.235088    14.0142    -1.9203     -0.650     0.1433    -0.6445 -9.990e-29
 155.846128     -0.649   0.235088    14.0197    -1.9206     -0.644     0.1432    -0.6453 -9.990e-29
 155.846134     -0.645   0.235088    14.0260    -1.9206     -0.640     0.1432    -0.6462 -9.990e-29
 155.846140     -0.642   0.235088    14.0333    -1.9205     -0.637     0.1432    -0.6472 -9.990e-29
 155.846146     -0.641   0.235088    14.0375    -1.9204     -0.636     0.1432    -0.6478 -9.990e-29
 155.846152     -0.640   0.235087    14.0366    -1.9210     -0.635     0.1432    -0.6477 -9.990e-29
 155.846157     -0.641   0.235087    14.0337    -1.9217     -0.636     0.1432    -0.6473 -9.990e-29
 155.846163     -0.643   0.235087    14.0311    -1.9220     -0.638     0.1432    -0.6469 -9.990e-29
 155.846169     -0.647   0.235087    14.0288    -1.9220     -0.642     0.1432    -0.6466 -9.990e-29
 155.846175     -0.652   0.235086    14.0255    -1.9221     -0.647     0.1432    -0.6461 -9.990e-29
 155.846181     -0.660   0.235086    14.0220    -1.9221     -0.654     0.1432    -0.6456 -9.990e-29
 155.846186     -0.665   0.235086    14.0202    -1.9221     -0.659     0.1432    -0.6454 -9.990e-29
 155.846192     -0.665   0.235086    14.0190    -1.9222     -0.659     0.1432    -0.6452 -9.990e-29
 155.846198     -0.663   0.235085    14.0153    -1.9222     -0.657     0.1433    -0.6447 -9.990e-29
 155.846204     -0.660   0.235085    14.0072    -1.9224     -0.654     0.1433    -0.6435 -9.990e-29
 155.846209     -0.650   0.235085    13.9975    -1.9227     -0.645     0.1433    -0.6421 -9.990e-29
 155.846215     -0.638   0.235085    13.9904    -1.9232     -0.633     0.1433    -0.6411 -9.990e-29
 155.846221     -0.627   0.235085    13.9869    -1.9237     -0.622     0.1433    -0.6406 -9.990e-29
 155.846227     -0.617   0.235084    13.9853    -1.9242     -0.612     0.1434    -0.6404 -9.990e-29
 155.846233     -0.606   0.235084    13.9844    -1.9243     -0.601     0.1434    -0.6403 -9.990e-29
 155.846238     -0.599   0.235084    13.9833    -1.9241     -0.594     0.1434    -0.6401 -9.990e-29
 155.846244     -0.599   0.235084    13.9816    -1.9238     -0.594     0.1434    -0.6399 -9.990e-29
 155.846250     -0.602   0.235083    13.9790    -1.9238     -0.597     0.1434    -0.6395 -9.990e-29
 155.846256     -0.604   0.235083    13.9741    -1.9240     -0.599     0.1434    -0.6388 -9.990e-29
 155.846262     -0.604   0.235082    13.9663    -1.9247     -0.599     0.1434    -0.6377 -9.990e-29
 155.846267     -0.604   0.235081    13.9564    -1.9254     -0.599     0.1434    -0.6363 -9.990e-29
 155.846273     -0.602   0.235078    13.9464    -1.9258     -0.597     0.1435    -0.6349 -9.990e-29
 155.846279     -0.599   0.235068    13.9389    -1.9259     -0.594     0.1435    -0.6339 -9.990e-29
 155.846285     -0.595   0.235041    13.9362    -1.9258     -0.590     0.1435    -0.6335 -9.990e-29
 155.846291     -0.590   0.234959    13.9376    -1.9259     -0.585     0.1434    -0.6337 -9.990e-29
 155.846296     -0.586   0.234713    13.9394    -1.9258     -0.581     0.1433    -0.6341 -9.990e-29
 155.846302     -0.589   0.234528    13.9379    -1.9257     -0.584     0.1432    -0.6340 -9.990e-29
 155.846308     -0.594   0.234712    13.9315    -1.9254     -0.589     0.1433    -0.6330 -9.990e-29
 155.846314     -0.598   0.234958    13.9207    -1.9252     -0.593     0.1435    -0.6313 -9.990e-29
 155.846319     -0.600   0.235039    13.9088    -1.9250     -0.595     0.1436    -0.6296 -9.990e-29
 155.846325     -0.600   0.235064    13.9000    -1.9248     -0.595     0.1436    -0.6284 -9.990e-29
 155.846331     -0.599   0.235069    13.8958    -1.9248     -0.594     0.1436    -0.6278 -9.990e-29
 155.846337     -0.597   0.235058    13.8945    -1.9249     -0.592     0.1436    -0.6276 -9.990e-29
 155.846343     -0.594   0.235018    13.8948    -1.9247     -0.589     0.1436    -0.6277 -9.990e-29
 155.846348     -0.588   0.234895    13.8967    -1.9247     -0.583     0.1435    -0.6280 -9.990e-29
 155.846354     -0.581   0.234525    13.8999    -1.9247     -0.576     0.1433    -0.6286 -9.990e-29
 155.846360     -0.571   0.233971    13.9042    -1.9250     -0.566     0.1429    -0.6295 -9.990e-29
 155.846366     -0.558   0.233602    13.9092    -1.9256     -0.553     0.1427    -0.6304 -9.990e-29
 155.846372     -0.541   0.233481    13.9138    -1.9261     -0.536     0.1426    -0.6311 -9.990e-29
 155.846377     -0.524   0.233444    13.9170    -1.9260     -0.520     0.1426    -0.6316 -9.990e-29
 155.846383     -0.508   0.233444    13.9185    -1.9259     -0.504     0.1426    -0.6318 -9.990e-29
 155.846389     -0.494   0.233477    13.9192    -1.9258     -0.490     0.1426    -0.6318 -9.990e-29
 155.846395     -0.485   0.233586    13.9201    -1.9255     -0.481     0.1426    -0.6319 -9.990e-29
 155.846400     -0.480   0.233917    13.9203    -1.9256     -0.476     0.1428    -0.6318 -9.990e-29
 155.846406     -0.475   0.234353    13.9180    -1.9253     -0.471     0.1431    -0.6313 -9.990e-29
 155.846412     -0.474   0.234367    13.9117    -1.9251     -0.470     0.1432    -0.6304 -9.990e-29
 155.846418     -0.480   0.233977    13.9025    -1.9248     -0.476     0.1429    -0.6293 -9.990e-29
 155.846424     -0.490   0.233768    13.8954    -1.9246     -0.486     0.1428    -0.6284 -9.990e-29
 155.846429     -0.496   0.234016    13.8936    -1.9245     -0.492     0.1430    -0.6280 -9.990e-29
 155.846435     -0.494   0.234494    13.8951    -1.9243     -0.490     0.1433    -0.6280 -9.990e-29
 155.846441     -0.488   0.234731    13.8978    -1.9238     -0.484     0.1434    -0.6282 -9.990e-29
 155.846447     -0.487   0.234485    13.9009    -1.9232     -0.483     0.1433    -0.6288 -9.990e-29
 155.846453     -0.490   0.233984    13.9042    -1.9223     -0.486     0.1429    -0.6295 -9.990e-29
 155.846458     -0.494   0.233666    13.9081    -1.9215     -0.490     0.1427    -0.6302 -9.990e-29
 155.846464     -0.497   0.233658    13.9131    -1.9208     -0.493     0.1427    -0.6309 -9.990e-29
 155.846470     -0.498   0.233947    13.9188    -1.9204     -0.494     0.1429    -0.6316 -9.990e-29
 155.846476     -0.490   0.234366    13.9243    -1.9200     -0.486     0.1431    -0.6321 -9.990e-29
 155.846481     -0.479   0.234362    13.9295    -1.9202     -0.475     0.1431    -0.6329 -9.990e-29
 155.846487     -0.471   0.233931    13.9364    -1.9202     -0.467     0.1428    -0.6341 -9.990e-29
 155.846493     -0.467   0.233604    13.9470    -1.9205     -0.463     0.1426    -0.6357 -9.990e-29
 155.846499     -0.457   0.233495    13.9619    -1.9211     -0.453     0.1424    -0.6379 -9.990e-29
 155.846505     -0.441   0.233460    13.9796    -1.9216     -0.437     0.1424    -0.6404 -9.990e-29
 155.846510     -0.426   0.233449    13.9971    -1.9219     -0.422     0.1423    -0.6429 -9.990e-29
 155.846516     -0.416   0.233446    14.0115    -1.9222     -0.413     0.1423    -0.6449 -9.990e-29
 155.846522     -0.411   0.233445    14.0219    -1.9226     -0.408     0.1422    -0.6464 -9.990e-29
 155.846528     -0.409   0.233446    14.0277    -1.9232     -0.406     0.1422    -0.6472 -9.990e-29
 155.846534     -0.410   0.233447    14.0283    -1.9233     -0.407     0.1422    -0.6473 -9.990e-29
 155.846539     -0.416   0.233448    14.0247    -1.9230     -0.413     0.1422    -0.6468 -9.990e-29
 155.846545     -0.421   0.233449    14.0178    -1.9226     -0.417     0.1422    -0.6458 -9.990e-29
 155.846551     -0.418   0.233450    14.0084    -1.9219     -0.415     0.1423    -0.6445 -9.990e-29
 155.846557     -0.407   0.233451    13.9988    -1.9212     -0.404     0.1423    -0.6431 -9.990e-29
 155.846563     -0.394   0.233451    13.9901    -1.9205     -0.391     0.1423    -0.6419 -9.990e-29
 155.846568     -0.385   0.233450    13.9816    -1.9197     -0.382     0.1424    -0.6407 -9.990e-29
 155.846574     -0.377   0.233442    13.9728    -1.9190     -0.374     0.1424    -0.6394 -9.990e-29
 155.846580     -0.371   0.233416    13.9656    -1.9183     -0.368     0.1424    -0.6384 -9.990e-29
 155.846586     -0.367   0.233336    13.9637    -1.9177     -0.364     0.1423    -0.6382 -9.990e-29
 155.846591     -0.363   0.233096    13.9683    -1.9171     -0.360     0.1422    -0.6390 -9.990e-29
 155.846597     -0.360   0.232926    13.9783    -1.9163     -0.357     0.1420    -0.6405 -9.990e-29
 155.846603     -0.358   0.233155    13.9918    -1.9159     -0.355     0.1421    -0.6423 -9.990e-29
 155.846609     -0.357   0.233530    14.0072    -1.9156     -0.354     0.1423    -0.6443 -9.990e-29
 155.846615     -0.355   0.233996    14.0239    -1.9146     -0.352     0.1426    -0.6464 -9.990e-29
 155.846620     -0.354   0.234619    14.0413    -1.9136     -0.351     0.1429    -0.6486 -9.990e-29
 155.846626     -0.353   0.235122    14.0584    -1.9122     -0.350     0.1431    -0.6508 -9.990e-29
 155.846632     -0.352   0.235619    14.0745    -1.9104     -0.349     0.1434    -0.6528 -9.990e-29
 155.846638     -0.352   0.236216    14.0899    -1.9093     -0.349     0.1437    -0.6548 -9.990e-29
 155.846644     -0.351   0.236599    14.1051    -1.9083     -0.348     0.1439    -0.6568 -9.990e-29
 155.846649     -0.351   0.236723    14.1202    -1.9075     -0.348     0.1439    -0.6589 -9.990e-29
 155.846655     -0.350   0.236754    14.1342    -1.9069     -0.347     0.1439    -0.6608 -9.990e-29
 155.846661     -0.349   0.236729    14.1493    -1.9064     -0.346     0.1438    -0.6630 -9.990e-29
 155.846667     -0.349   0.236616    14.1693    -1.9063     -0.346     0.1437    -0.6660 -9.990e-29
 155.846672     -0.348   0.236261    14.1954    -1.9059     -0.345     0.1434    -0.6699 -9.990e-29
 155.846678     -0.346   0.235745    14.2266    -1.9056     -0.343     0.1430    -0.6746 -9.990e-29
 155.846684     -0.345   0.235487    14.2593    -1.9051     -0.342     0.1427    -0.6795 -9.990e-29
 155.846690     -0.343   0.235695    14.2884    -1.9043     -0.340     0.1427    -0.6836 -9.990e-29
 155.846696     -0.341   0.236089    14.3125    -1.9038     -0.338     0.1429    -0.6869 -9.990e-29
 155.846701     -0.338   0.236087    14.3322    -1.9036     -0.335     0.1428    -0.6898 -9.990e-29
 155.846707     -0.334   0.235685    14.3477    -1.9039     -0.331     0.1425    -0.6923 -9.990e-29
 155.846713     -0.329   0.235452    14.3593    -1.9041     -0.326     0.1423    -0.6941 -9.990e-29
 155.846719     -0.323   0.235630    14.3682    -1.9037     -0.320     0.1424    -0.6953 -9.990e-29
 155.846725     -0.315   0.235902    14.3768    -1.9037     -0.312     0.1426    -0.6964 -9.990e-29
 155.846730     -0.309   0.236076    14.3864    -1.9043     -0.306     0.1426    -0.6977 -9.990e-29
 155.846736     -0.309   0.236380    14.3979    -1.9047     -0.306     0.1428    -0.6993 -9.990e-29
 155.846742     -0.310   0.236666    14.4105    -1.9049     -0.307     0.1429    -0.7010 -9.990e-29
 155.846748     -0.308   0.236757    14.4206    -1.9051     -0.305     0.1429    -0.7024 -9.990e-29
 155.846753     -0.304   0.236776    14.4253    -1.9050     -0.301     0.1429    -0.7031 -9.990e-29
 155.846759     -0.297   0.236747    14.4256    -1.9050     -0.295     0.1429    -0.7032 -9.990e-29
 155.846765     -0.287   0.236629    14.4255    -1.9054     -0.285     0.1428    -0.7032 -9.990e-29
 155.846771     -0.277   0.236262    14.4259    -1.9057     -0.275     0.1426    -0.7034 -9.990e-29
 155.846777     -0.270   0.235710    14.4231    -1.9062     -0.268     0.1423    -0.7033 -9.990e-29
 155.846782     -0.263   0.235345    14.4160    -1.9066     -0.261     0.1421    -0.7024 -9.990e-29
 155.846788     -0.255   0.235233    14.4084    -1.9070     -0.253     0.1420    -0.7014 -9.990e-29
 155.846794     -0.248   0.235221    14.4027    -1.9079     -0.246     0.1421    -0.7005 -9.990e-29
 155.846800     -0.244   0.235292    14.3989    -1.8370     -0.242     0.1421    -0.6999 -9.990e-29
 155.846806     -0.242   0.235540    14.3967    -1.6797     -0.240     0.1423    -0.6995 -9.990e-29
 155.846811     -0.237   0.236295    14.3936    -1.7063     -0.235     0.1427    -0.6987 -9.990e-29
 155.846817     -0.225   0.238006    14.3873    -1.7112     -0.223     0.1438    -0.6970 -9.990e-29
 155.846823     -0.209   0.242401    14.3780    -1.7122     -0.207     0.1465    -0.6935 -9.990e-29
 155.846829     -0.192   0.255892    14.3655    -1.7149     -0.190     0.1548    -0.6853 -9.990e-29
 155.846834     -0.170   0.297019    14.3479    -1.7013     -0.169     0.1801    -0.6631 -9.990e-29
 155.846840     -0.136   0.420616    14.3156    -1.7215     -0.135     0.2573    -0.5985 -9.990e-29
 155.846846     -0.089   0.791479    14.2415    -1.7232     -0.088     0.4955    -0.4032 -9.990e-29
 155.846852     -0.029   1.904089    14.0520    -1.7018     -0.029     1.2472     0.2059 -9.990e-29
 155.846858      0.043   5.241926    13.6793    -1.6894      0.043     3.6826     2.1395 -9.990e-29
 155.846863      0.131  12.372804    13.2407    -1.6865      0.130     9.3691     6.5832 -9.990e-29
 155.846869      0.229  20.651443    12.9418    -1.6995      0.227    16.4720    12.0975 -9.990e-29
 155.846875      0.320  25.513612    12.8014    -1.7109      0.317    20.8374    15.4849 -9.990e-29
 155.846881      0.403  27.142105    12.7163    -1.7067      0.400    22.3529    16.6685 -9.990e-29
 155.846887      0.482  27.723824    12.6022    -1.6981      0.478    22.9495    17.1487 -9.990e-29
 155.846892      0.559  28.108755    12.4517    -1.6944      0.554    23.3935    17.5174 -9.990e-29
 155.846898      0.626  28.472073    12.3589    -1.6908      0.621    23.7851    17.8360 -9.990e-29
 155.846904      0.673  28.693800    12.3618    -1.7099      0.667    23.9873    17.9917 -9.990e-29
 155.846910      0.704  29.127732    12.3436    -1.7149      0.698    24.3990    18.3130 -9.990e-29
 155.846916      0.730  29.941002    12.1788    -1.7019      0.724    25.2617    19.0085 -9.990e-29
 155.846921      0.756  30.780590    11.9069    -1.6940      0.750    26.2344    19.8083 -9.990e-29
 155.846927      0.783  31.419011    11.6749    -1.6905      0.776    27.0037    20.4441 -9.990e-29
 155.846933      0.810  31.779623    11.5569    -1.6914      0.803    27.4335    20.7975 -9.990e-29
 155.846939      0.830  32.013885    11.5245    -1.7017      0.823    27.6813    20.9952 -9.990e-29
 155.846944      0.839  32.372443    11.4930    -1.7027      0.832    28.0483    21.2852 -9.990e-29
 155.846950      0.842  32.786688    11.3734    -1.6959      0.835    28.5377    21.6855 -9.990e-29
 155.846956      0.848  33.115519    11.1847    -1.6929      0.841    29.0026    22.0787 -9.990e-29
 155.846962      0.858  33.297117    11.0444    -1.6928      0.851    29.2902    22.3259 -9.990e-29
 155.846968      0.864  33.338817    11.0088    -1.6946      0.857    29.3592    22.3856 -9.990e-29
 155.846973      0.861  33.537003    11.0341    -1.6959      0.854    29.5323    22.5158 -9.990e-29
 155.846979      0.853  33.998407    11.0529    -1.6958      0.846    29.9676    22.8509 -9.990e-29
 155.846985      0.850  34.419396    11.0285    -1.6931      0.843    30.3996    23.1908 -9.990e-29
 155.846991      0.850  34.623934    10.9779    -1.6931      0.843    30.6422    23.3881 -9.990e-29
 155.846997      0.850  34.607885    10.9466    -1.6934      0.843    30.6526    23.4016 -9.990e-29
 155.847002      0.848  34.483697    10.9579    -1.6927      0.841    30.5212    23.2975 -9.990e-29
 155.847008      0.846  34.491949    10.9856    -1.6920      0.839    30.5063    23.2811 -9.990e-29
 155.847014      0.848  34.643583    10.9923    -1.6914      0.841    30.6495    23.3913 -9.990e-29
 155.847020      0.857  34.762502    10.9784    -1.6907      0.850    30.7779    23.4936 -9.990e-29
 155.847025      0.870  34.804376    10.9679    -1.6909      0.863    30.8278    23.5342 -9.990e-29
 155.847031      0.880  34.802005    10.9740    -1.6921      0.873    30.8204    23.5274 -9.990e-29
