data/oxygen options/ONMS/Olympic_Coast_National_Marine_Sanctuary_CTD_Data_2005_2023/raw_data/2021/CAST_CA015_210610faed.cnv
* Sea-Bird SBE19 Data File:
* FileName = C:\2021 Mooring Data\CTD\CAST_CA015_210610.hex
* Software Version 1.59
* Temperature SN = 2997
* Conductivity SN = 2997
* System UpLoad Time = Jun 10 2021 17:18:44
** CAST_CA015_210610
* ds
# nquan = 9                                 
# nvalues = 1564                        
# units = specified
# name 0 = timeJ: Julian Days
# name 1 = prSM: Pressure, Strain Gauge [db]
# name 2 = c0mS/cm: Conductivity [mS/cm]
# name 3 = t090C: Temperature [ITS-90, deg C]
# name 4 = sbeox0ML/L: Oxygen, SBE 43 [ml/l]
# name 5 = depSM: Depth [salt water, m], lat = 47.5
# name 6 = sal00: Salinity, Practical [PSU]
# name 7 = sigma-é00: Density [sigma-theta, kg/m^3]
# name 8 = flag: flag
# span 0 = 161.709028, 161.718073       
# span 1 =     -5.224,     17.309       
# span 2 =   0.011338,  37.285383       
# span 3 =     8.6897,    12.5188       
# span 4 =    -2.0191,    15.8394       
# span 5 =     -5.180,     17.164       
# span 6 =     0.0112,    33.3051       
# span 7 =    -0.5521,    25.8387       
# span 8 = 0.0000e+00, 0.0000e+00       
# interval = seconds: 0.5
# start_time = Jun 10 2021 17:01:00 [Instrument's time stamp, header]
# bad_flag = -9.990e-29
*END*
[from data line 1281]
 161.716441      1.420  37.244741    11.6993     7.4819      1.408    32.5866    24.7709 -9.990e-29
 161.716447      1.427  37.245729    11.6991     7.4732      1.415    32.5878    24.7718 -9.990e-29
 161.716453      1.427  37.246372    11.6986     7.4668      1.415    32.5888    24.7727 -9.990e-29
 161.716458      1.425  37.245865    11.6967     7.4560      1.413    32.5900    24.7740 -9.990e-29
 161.716464      1.428  37.242428    11.6903     7.4571      1.416    32.5923    24.7769 -9.990e-29
 161.716470      1.438  37.235418    11.6801     7.4603      1.426    32.5944    24.7804 -9.990e-29
 161.716476      1.446  37.228955    11.6721     7.4593      1.434    32.5951    24.7825 -9.990e-29
 161.716481      1.449  37.227889    11.6696     7.4703      1.437    32.5963    24.7838 -9.990e-29
 161.716487      1.446  37.230813    11.6713     7.4794      1.434    32.5976    24.7846 -9.990e-29
 161.716493      1.442  37.234355    11.6752     7.4831      1.430    32.5977    24.7839 -9.990e-29
 161.716499      1.445  37.236529    11.6784     7.4866      1.433    32.5970    24.7828 -9.990e-29
 161.716505      1.455  37.236328    11.6793     7.4899      1.443    32.5960    24.7818 -9.990e-29
 161.716510      1.464  37.235185    11.6797     7.4877      1.452    32.5945    24.7806 -9.990e-29
 161.716516      1.469  37.236078    11.6819     7.4454      1.457    32.5934    24.7794 -9.990e-29
 161.716522      1.471  37.239651    11.6863     7.4809      1.459    32.5931    24.7783 -9.990e-29
 161.716528      1.472  37.243400    11.6911     7.4875      1.460    32.5925    24.7769 -9.990e-29
 161.716534      1.478  37.244494    11.6938     7.5101      1.466    32.5912    24.7754 -9.990e-29
 161.716539      1.485  37.241607    11.6928     7.5211      1.473    32.5893    24.7741 -9.990e-29
 161.716545      1.489  37.235953    11.6873     7.4596      1.477    32.5886    24.7746 -9.990e-29
 161.716551      1.490  37.229537    11.6784     7.4953      1.478    32.5901    24.7774 -9.990e-29
 161.716557      1.488  37.225590    11.6710     7.4996      1.476    32.5928    24.7809 -9.990e-29
 161.716563      1.484  37.227274    11.6695     7.5087      1.472    32.5958    24.7834 -9.990e-29
 161.716568      1.480  37.234046    11.6744     7.5232      1.468    32.5981    24.7843 -9.990e-29
 161.716574      1.482  37.243181    11.6830     7.4837      1.470    32.5994    24.7838 -9.990e-29
 161.716580      1.485  37.250622    11.6904     7.4877      1.473    32.6001    24.7830 -9.990e-29
 161.716586      1.484  37.252858    11.6939     7.4887      1.472    32.5992    24.7817 -9.990e-29
 161.716591      1.481  37.251206    11.6941     7.4684      1.469    32.5975    24.7803 -9.990e-29
 161.716597      1.474  37.248528    11.6927     7.4699      1.462    32.5961    24.7794 -9.990e-29
 161.716603      1.464  37.245195    11.6907     7.4674      1.452    32.5946    24.7787 -9.990e-29
 161.716609      1.449  37.242944    11.6887     7.4856      1.437    32.5942    24.7787 -9.990e-29
 161.716615      1.433  37.244393    11.6878     7.4904      1.421    32.5964    24.7806 -9.990e-29
 161.716620      1.423  37.247570    11.6876     7.4877      1.411    32.5997    24.7831 -9.990e-29
 161.716626      1.424  37.247199    11.6856     7.4910      1.412    32.6010    24.7846 -9.990e-29
 161.716632      1.430  37.241681    11.6804     7.4883      1.418    32.6002    24.7849 -9.990e-29
 161.716638      1.434  37.234325    11.6753     7.4981      1.422    32.5976    24.7838 -9.990e-29
 161.716644      1.432  37.231032    11.6750     7.4913      1.420    32.5946    24.7815 -9.990e-29
 161.716649      1.428  37.235273    11.6779     7.4927      1.416    32.5962    24.7822 -9.990e-29
 161.716655      1.430  37.242629    11.6801     7.4924      1.418    32.6014    24.7859 -9.990e-29
 161.716661      1.438  37.247795    11.6819     7.4974      1.426    32.6049    24.7882 -9.990e-29
 161.716667      1.444  37.249830    11.6845     7.5140      1.432    32.6046    24.7875 -9.990e-29
 161.716672      1.445  37.250902    11.6878     7.5142      1.433    32.6027    24.7855 -9.990e-29
 161.716678      1.445  37.253580    11.6908     7.5127      1.433    32.6027    24.7849 -9.990e-29
 161.716684      1.451  37.256407    11.6923     7.5001      1.439    32.6041    24.7858 -9.990e-29
 161.716690      1.466  37.257568    11.6930     7.4991      1.454    32.6046    24.7860 -9.990e-29
 161.716696      1.480  37.258251    11.6945     7.5009      1.468    32.6040    24.7852 -9.990e-29
 161.716701      1.491  37.259356    11.6972     7.4822      1.479    32.6027    24.7837 -9.990e-29
 161.716707      1.499  37.260791    11.6997     7.4927      1.486    32.6019    24.7826 -9.990e-29
 161.716713      1.505  37.262674    11.7019     7.4994      1.492    32.6018    24.7822 -9.990e-29
 161.716719      1.509  37.264219    11.7034     7.5123      1.496    32.6019    24.7820 -9.990e-29
 161.716725      1.512  37.264013    11.7036     7.5269      1.499    32.6016    24.7817 -9.990e-29
 161.716730      1.514  37.262228    11.7029     7.4602      1.501    32.6004    24.7810 -9.990e-29
 161.716736      1.514  37.260858    11.7018     7.4764      1.501    32.6001    24.7809 -9.990e-29
 161.716742      1.513  37.260767    11.7007     7.4600      1.500    32.6010    24.7818 -9.990e-29
 161.716748      1.516  37.261161    11.7001     7.4794      1.503    32.6019    24.7826 -9.990e-29
 161.716753      1.525  37.261894    11.7002     7.5015      1.512    32.6025    24.7830 -9.990e-29
 161.716759      1.534  37.262150    11.7004     7.4903      1.521    32.6026    24.7831 -9.990e-29
 161.716765      1.535  37.261035    11.7002     7.4893      1.522    32.6016    24.7824 -9.990e-29
 161.716771      1.531  37.259755    11.6998     7.4956      1.518    32.6008    24.7818 -9.990e-29
 161.716777      1.532  37.258731    11.6984     7.4988      1.519    32.6010    24.7822 -9.990e-29
 161.716782      1.541  37.257048    11.6956     7.5134      1.528    32.6018    24.7834 -9.990e-29
 161.716788      1.555  37.255153    11.6919     7.5092      1.542    32.6032    24.7851 -9.990e-29
 161.716794      1.571  37.254331    11.6886     7.5153      1.558    32.6053    24.7873 -9.990e-29
 161.716800      1.580  37.255618    11.6873     7.5160      1.567    32.6077    24.7894 -9.990e-29
 161.716806      1.575  37.258374    11.6884     7.5111      1.562    32.6094    24.7906 -9.990e-29
 161.716811      1.564  37.261115    11.6905     7.4976      1.551    32.6102    24.7908 -9.990e-29
 161.716817      1.556  37.263463    11.6917     7.4956      1.543    32.6115    24.7916 -9.990e-29
 161.716823      1.548  37.265075    11.6917     7.4976      1.535    32.6130    24.7928 -9.990e-29
 161.716829      1.542  37.266307    11.6920     7.4941      1.529    32.6140    24.7935 -9.990e-29
 161.716834      1.536  37.267567    11.6935     7.4968      1.523    32.6139    24.7931 -9.990e-29
 161.716840      1.530  37.268745    11.6954     7.4862      1.517    32.6134    24.7924 -9.990e-29
 161.716846      1.525  37.269617    11.6964     7.4927      1.512    32.6133    24.7922 -9.990e-29
 161.716852      1.518  37.268992    11.6963     7.4908      1.505    32.6128    24.7918 -9.990e-29
 161.716858      1.511  37.265925    11.6957     7.5043      1.498    32.6104    24.7900 -9.990e-29
 161.716863      1.507  37.262381    11.6947     7.5032      1.494    32.6078    24.7882 -9.990e-29
 161.716869      1.509  37.261369    11.6926     7.5132      1.496    32.6087    24.7892 -9.990e-29
 161.716875      1.515  37.261989    11.6897     7.5090      1.502    32.6118    24.7922 -9.990e-29
 161.716881      1.519  37.263274    11.6884     7.5024      1.506    32.6142    24.7943 -9.990e-29
 161.716887      1.522  37.265705    11.6898     7.5026      1.509    32.6153    24.7949 -9.990e-29
 161.716892      1.524  37.267368    11.6924     7.4920      1.511    32.6147    24.7939 -9.990e-29
 161.716898      1.526  37.267565    11.6943     7.5004      1.513    32.6132    24.7924 -9.990e-29
 161.716904      1.528  37.267566    11.6948     7.4951      1.515    32.6128    24.7920 -9.990e-29
 161.716910      1.529  37.266702    11.6939     7.5019      1.516    32.6127    24.7921 -9.990e-29
 161.716916      1.530  37.264833    11.6924     7.4568      1.517    32.6122    24.7920 -9.990e-29
 161.716921      1.531  37.263278    11.6924     7.4866      1.518    32.6107    24.7908 -9.990e-29
 161.716927      1.531  37.263213    11.6940     7.5120      1.518    32.6092    24.7894 -9.990e-29
 161.716933      1.532  37.265001    11.6952     7.5229      1.519    32.6099    24.7897 -9.990e-29
 161.716939      1.532  37.266989    11.6950     7.5414      1.519    32.6120    24.7914 -9.990e-29
 161.716944      1.532  37.267795    11.6935     7.4731      1.519    32.6141    24.7933 -9.990e-29
 161.716950      1.532  37.266139    11.6914     7.4991      1.519    32.6144    24.7939 -9.990e-29
 161.716956      1.533  37.264184    11.6902     7.5000      1.520    32.6135    24.7934 -9.990e-29
 161.716962      1.533  37.265379    11.6903     7.5063      1.520    32.6146    24.7942 -9.990e-29
 161.716968      1.533  37.266720    11.6901     7.5249      1.520    32.6161    24.7954 -9.990e-29
 161.716973      1.533  37.265400    11.6877     7.5030      1.520    32.6169    24.7965 -9.990e-29
 161.716979      1.533  37.261788    11.6835     7.4910      1.520    32.6171    24.7974 -9.990e-29
 161.716985      1.533  37.257124    11.6805     7.4795      1.520    32.6152    24.7965 -9.990e-29
 161.716991      1.534  37.255165    11.6807     7.4702      1.521    32.6131    24.7948 -9.990e-29
 161.716997      1.534  37.256549    11.6817     7.4876      1.521    32.6135    24.7950 -9.990e-29
 161.717002      1.534  37.256845    11.6807     7.4977      1.521    32.6147    24.7961 -9.990e-29
 161.717008      1.534  37.252410    11.6777     7.5018      1.521    32.6130    24.7953 -9.990e-29
 161.717014      1.535  37.246191    11.6751     7.5027      1.522    32.6092    24.7929 -9.990e-29
 161.717020      1.535  37.245478    11.6738     7.4973      1.522    32.6097    24.7935 -9.990e-29
 161.717025      1.536  37.249207    11.6726     7.5036      1.523    32.6144    24.7973 -9.990e-29
 161.717031      1.537  37.252150    11.6713     7.5046      1.524    32.6184    24.8007 -9.990e-29
 161.717037      1.538  37.254755    11.6712     7.4972      1.525    32.6210    24.8028 -9.990e-29
 161.717043      1.539  37.257020    11.6722     7.5008      1.526    32.6223    24.8036 -9.990e-29
 161.717049      1.540  37.256248    11.6739     7.4941      1.527    32.6201    24.8015 -9.990e-29
 161.717054      1.543  37.254660    11.6756     7.4877      1.530    32.6171    24.7989 -9.990e-29
 161.717060      1.545  37.256195    11.6760     7.4954      1.532    32.6182    24.7997 -9.990e-29
 161.717066      1.549  37.258865    11.6744     7.4814      1.536    32.6222    24.8031 -9.990e-29
 161.717072      1.553  37.259953    11.6727     7.4831      1.540    32.6248    24.8054 -9.990e-29
 161.717078      1.555  37.259676    11.6727     7.4908      1.542    32.6245    24.8052 -9.990e-29
 161.717083      1.549  37.260356    11.6746     7.4772      1.536    32.6235    24.8040 -9.990e-29
 161.717089      1.541  37.262225    11.6765     7.4860      1.528    32.6236    24.8038 -9.990e-29
 161.717095      1.532  37.263179    11.6763     7.4848      1.519    32.6247    24.8047 -9.990e-29
 161.717101      1.528  37.262138    11.6730     7.4507      1.515    32.6266    24.8068 -9.990e-29
 161.717106      1.533  37.258163    11.6680     7.4956      1.520    32.6272    24.8081 -9.990e-29
 161.717112      1.541  37.254251    11.6642     7.5033      1.528    32.6267    24.8084 -9.990e-29
 161.717118      1.550  37.254043    11.6632     7.5054      1.537    32.6274    24.8091 -9.990e-29
 161.717124      1.560  37.255466    11.6642     7.5223      1.547    32.6279    24.8093 -9.990e-29
 161.717130      1.567  37.256941    11.6666     7.4568      1.554    32.6272    24.8084 -9.990e-29
 161.717135      1.568  37.259762    11.6711     7.4951      1.555    32.6260    24.8066 -9.990e-29
 161.717141      1.567  37.265899    11.6782     7.5122      1.554    32.6257    24.8051 -9.990e-29
 161.717147      1.568  37.273334    11.6855     7.5193      1.555    32.6265    24.8044 -9.990e-29
 161.717153      1.572  37.275613    11.6896     7.5303      1.559    32.6251    24.8026 -9.990e-29
 161.717159      1.577  37.272299    11.6904     7.5146      1.564    32.6212    24.7994 -9.990e-29
 161.717164      1.586  37.268395    11.6886     7.5056      1.573    32.6190    24.7980 -9.990e-29
 161.717170      1.598  37.265871    11.6846     7.5045      1.585    32.6200    24.7995 -9.990e-29
 161.717176      1.610  37.264052    11.6805     7.5131      1.597    32.6219    24.8017 -9.990e-29
 161.717182      1.618  37.263202    11.6782     7.5185      1.604    32.6231    24.8031 -9.990e-29
 161.717187      1.628  37.263199    11.6780     7.5116      1.614    32.6232    24.8032 -9.990e-29
 161.717193      1.643  37.263366    11.6774     7.5063      1.629    32.6239    24.8039 -9.990e-29
 161.717199      1.665  37.263251    11.6744     7.4955      1.651    32.6264    24.8064 -9.990e-29
 161.717205      1.696  37.262591    11.6713     7.4658      1.682    32.6285    24.8085 -9.990e-29
 161.717211      1.737  37.262635    11.6702     7.4187      1.722    32.6295    24.8095 -9.990e-29
 161.717216      1.787  37.263331    11.6699     7.3533      1.772    32.6304    24.8103 -9.990e-29
 161.717222      1.844  37.261569    11.6662     7.2745      1.829    32.6319    24.8121 -9.990e-29
 161.717228      1.917  37.252645    11.6536     7.2094      1.901    32.6343    24.8163 -9.990e-29
 161.717234      2.010  37.231839    11.6286     7.1490      1.993    32.6360    24.8222 -9.990e-29
 161.717240      2.120  37.198763    11.5899     7.1079      2.102    32.6377    24.8306 -9.990e-29
 161.717245      2.246  37.159654    11.5311     7.0849      2.227    32.6513    24.8519 0.0000e+00
 161.717251      2.383  37.103733    11.4446     7.0698      2.363    32.6729    24.8844 0.0000e+00
 161.717257      2.527  37.020787    11.3456     7.0361      2.506    32.6791    24.9070 0.0000e+00
 161.717263      2.679  36.940798    11.2627     7.0016      2.657    32.6738    24.9179 0.0000e+00
 161.717269      2.835  36.887037    11.1999     6.9938      2.811    32.6765    24.9312 0.0000e+00
 161.717274      2.993  36.851593    11.1465     6.9725      2.968    32.6889    24.9504 0.0000e+00
 161.717280      3.157  36.825197    11.0982     6.9389      3.131    32.7057    24.9720 0.0000e+00
 161.717286      3.335  36.800564    11.0467     6.9033      3.307    32.7272    24.9979 0.0000e+00
 161.717292      3.525  36.764348    10.9887     6.8690      3.496    32.7430    25.0204 0.0000e+00
 161.717297      3.722  36.714669    10.9348     6.8504      3.691    32.7417    25.0290 0.0000e+00
 161.717303      3.921  36.670369    10.8894     6.8551      3.888    32.7382    25.0342 0.0000e+00
 161.717309      4.122  36.638403    10.8461     6.8431      4.088    32.7451    25.0472 0.0000e+00
 161.717315      4.330  36.606859    10.7941     6.7653      4.294    32.7602    25.0680 0.0000e+00
 161.717321      4.544  36.563267    10.7260     6.7863      4.506    32.7777    25.0935 0.0000e+00
 161.717326      4.757  36.505440    10.6556     6.7981      4.717    32.7831    25.1099 0.0000e+00
 161.717332      4.960  36.453126    10.6088     6.8112      4.919    32.7728    25.1100 0.0000e+00
 161.717338      5.155  36.426133    10.5896     6.8157      5.112    32.7629    25.1057 0.0000e+00
 161.717344      5.345  36.415249    10.5744     6.7535      5.300    32.7656    25.1104 0.0000e+00
 161.717350      5.538  36.400242    10.5379     6.7548      5.492    32.7833    25.1305 0.0000e+00
 161.717355      5.741  36.369959    10.4839     6.7430      5.693    32.8015    25.1539 0.0000e+00
