data/oxygen options/ONMS/Olympic_Coast_National_Marine_Sanctuary_CTD_Data_2005_2023/raw_data/2021/CAST_KL015_211014faed.cnv
* Sea-Bird SBE 19 Data File:
* FileName = C:\2021 Mooring Data\Casts\CAST_KL015_211014.hex
* Software Version SeatermAF 2.1.2
* Temperature SN = 2997
* Conductivity SN = 2997
* System UpLoad Time = Oct 18 2021 23:38:05 (localtime) = Oct 18 2021 23:38:05 (UTC)
** CAST_KL015_211014
* ds
# nquan = 9                                 
# nvalues = 1687                        
# units = specified
# name 0 = timeJ: Julian Days
# name 1 = prSM: Pressure, Strain Gauge [db]
# name 2 = c0mS/cm: Conductivity [mS/cm]
# name 3 = t090C: Temperature [ITS-90, deg C]
# name 4 = sbeox0ML/L: Oxygen, SBE 43 [ml/l]
# name 5 = depSM: Depth [salt water, m], lat = 47.5
# name 6 = sal00: Salinity, Practical [PSU]
# name 7 = sigma-é00: Density [sigma-theta, kg/m^3]
# name 8 = flag: flag
# span 0 = 287.792917, 287.802674       
# span 1 =     -4.640,     16.528       
# span 2 =   0.334175,  35.919832       
# span 3 =    12.3889,    13.9453       
# span 4 =    -1.9355,    13.0225       
# span 5 =     -4.601,     16.389       
# span 6 =     0.2055,    30.6570       
# span 7 =    -0.5847,    23.1306       
# span 8 = 0.0000e+00, 0.0000e+00       
# interval = seconds: 0.5
# start_time = Oct 14 2021 19:01:48 [Instrument's time stamp, header]
# bad_flag = -9.990e-29
*END*
[from data line 321]
 287.794774     -0.098   1.053292    13.8386    -1.9223     -0.097     0.6741    -0.2079 -9.990e-29
 287.794780     -0.099   1.048763    13.8409    -1.9221     -0.098     0.6711    -0.2106 -9.990e-29
 287.794786     -0.102   1.036885    13.8434    -1.9219     -0.101     0.6631    -0.2172 -9.990e-29
 287.794792     -0.105   1.022331    13.8446    -1.9216     -0.104     0.6533    -0.2249 -9.990e-29
 287.794797     -0.110   1.010640    13.8426    -1.9215     -0.109     0.6456    -0.2306 -9.990e-29
 287.794803     -0.113   1.003965    13.8394    -1.9217     -0.112     0.6412    -0.2336 -9.990e-29
 287.794809     -0.109   1.000611    13.8378    -1.9216     -0.108     0.6390    -0.2351 -9.990e-29
 287.794815     -0.102   0.997212    13.8386    -1.9214     -0.101     0.6367    -0.2370 -9.990e-29
 287.794821     -0.097   0.992007    13.8418    -1.9214     -0.096     0.6332    -0.2401 -9.990e-29
 287.794826     -0.092   0.985815    13.8466    -1.9216     -0.091     0.6290    -0.2441 -9.990e-29
 287.794832     -0.089   0.979803    13.8518    -1.9214     -0.088     0.6249    -0.2479 -9.990e-29
 287.794838     -0.085   0.974269    13.8568    -1.9215     -0.084     0.6211    -0.2516 -9.990e-29
 287.794844     -0.082   0.970147    13.8617    -1.9216     -0.081     0.6183    -0.2544 -9.990e-29
 287.794850     -0.079   0.968038    13.8654    -1.9218     -0.078     0.6169    -0.2561 -9.990e-29
 287.794855     -0.075   0.965128    13.8677    -1.9220     -0.074     0.6149    -0.2579 -9.990e-29
 287.794861     -0.072   0.958092    13.8701    -1.9223     -0.071     0.6102    -0.2619 -9.990e-29
 287.794867     -0.067   0.948634    13.8722    -1.9228     -0.066     0.6039    -0.2671 -9.990e-29
 287.794873     -0.061   0.941880    13.8730    -1.9228     -0.060     0.5994    -0.2707 -9.990e-29
 287.794878     -0.054   0.939354    13.8738    -1.9225     -0.054     0.5977    -0.2721 -9.990e-29
 287.794884     -0.046   0.937133    13.8755    -1.9221     -0.046     0.5962    -0.2735 -9.990e-29
 287.794890     -0.035   0.931700    13.8769    -1.9216     -0.035     0.5926    -0.2765 -9.990e-29
 287.794896     -0.021   0.923018    13.8765    -1.9212     -0.021     0.5868    -0.2809 -9.990e-29
 287.794902     -0.008   0.912258    13.8736    -1.9208     -0.008     0.5797    -0.2860 -9.990e-29
 287.794907     -0.002   0.901147    13.8682    -1.9208     -0.002     0.5725    -0.2909 -9.990e-29
 287.794913     -0.005   0.893160    13.8617    -1.9210     -0.005     0.5673    -0.2940 -9.990e-29
 287.794919     -0.007   0.890952    13.8574    -1.9218     -0.007     0.5659    -0.2945 -9.990e-29
 287.794925     -0.004   0.891575    13.8584    -1.9224     -0.004     0.5663    -0.2943 -9.990e-29
 287.794931     -0.000   0.889209    13.8644    -1.9229     -0.000     0.5646    -0.2965 -9.990e-29
 287.794936      0.000   0.882361    13.8737    -1.9234      0.000     0.5600    -0.3014 -9.990e-29
 287.794942      0.002   0.874095    13.8841    -1.9235      0.002     0.5544    -0.3071 -9.990e-29
 287.794948      0.008   0.867244    13.8936    -1.9235      0.008     0.5497    -0.3121 -9.990e-29
 287.794954      0.021   0.862096    13.8997    -1.9237      0.021     0.5462    -0.3156 -9.990e-29
 287.794959      0.035   0.857883    13.9000    -1.9237      0.035     0.5434    -0.3178 -9.990e-29
 287.794965      0.045   0.855084    13.8934    -1.9236      0.045     0.5417    -0.3183 -9.990e-29
 287.794971      0.045   0.854954    13.8813    -1.9236      0.045     0.5418    -0.3165 -9.990e-29
 287.794977      0.036   0.857317    13.8677    -1.9234      0.036     0.5435    -0.3133 -9.990e-29
 287.794983      0.022   0.860334    13.8563    -1.9234      0.022     0.5457    -0.3100 -9.990e-29
 287.794988      0.010   0.861929    13.8489    -1.9234      0.010     0.5468    -0.3081 -9.990e-29
 287.794994      0.004   0.859793    13.8457    -1.9237      0.004     0.5454    -0.3087 -9.990e-29
 287.795000      0.004   0.852739    13.8444    -1.9240      0.004     0.5408    -0.3122 -9.990e-29
 287.795006      0.004   0.843003    13.8433    -1.9240      0.004     0.5344    -0.3170 -9.990e-29
 287.795012      0.002   0.834230    13.8430    -1.9241      0.002     0.5286    -0.3214 -9.990e-29
 287.795017      0.001   0.828579    13.8441    -1.9242      0.001     0.5249    -0.3245 -9.990e-29
 287.795023      0.005   0.825720    13.8460    -1.9242      0.005     0.5230    -0.3262 -9.990e-29
 287.795029      0.010   0.823871    13.8480    -1.9241      0.010     0.5217    -0.3275 -9.990e-29
 287.795035      0.013   0.821676    13.8495    -1.9240      0.013     0.5203    -0.3288 -9.990e-29
 287.795041      0.017   0.817685    13.8495    -1.9238      0.017     0.5176    -0.3309 -9.990e-29
 287.795046      0.027   0.811012    13.8471    -1.9233      0.027     0.5133    -0.3339 -9.990e-29
 287.795052      0.040   0.803106    13.8436    -1.9230      0.040     0.5081    -0.3374 -9.990e-29
 287.795058      0.049   0.796177    13.8408    -1.9226      0.049     0.5036    -0.3405 -9.990e-29
 287.795064      0.052   0.792071    13.8387    -1.9223      0.052     0.5009    -0.3423 -9.990e-29
 287.795069      0.056   0.791966    13.8377    -1.9223      0.056     0.5009    -0.3422 -9.990e-29
 287.795075      0.060   0.793505    13.8386    -1.9219      0.059     0.5019    -0.3416 -9.990e-29
 287.795081      0.064   0.792642    13.8410    -1.9220      0.063     0.5013    -0.3424 -9.990e-29
 287.795087      0.069   0.789337    13.8446    -1.9223      0.068     0.4990    -0.3446 -9.990e-29
 287.795093      0.075   0.786388    13.8502    -1.9222      0.074     0.4970    -0.3469 -9.990e-29
 287.795098      0.078   0.785408    13.8580    -1.9221      0.077     0.4963    -0.3486 -9.990e-29
 287.795104      0.078   0.785644    13.8667    -1.9222      0.077     0.4963    -0.3498 -9.990e-29
 287.795110      0.081   0.785194    13.8750    -1.9221      0.080     0.4959    -0.3512 -9.990e-29
 287.795116      0.084   0.782904    13.8817    -1.9217      0.083     0.4943    -0.3534 -9.990e-29
 287.795122      0.095   0.779049    13.8864    -1.9216      0.094     0.4918    -0.3560 -9.990e-29
 287.795127      0.112   0.775693    13.8890    -1.9216      0.111     0.4895    -0.3581 -9.990e-29
 287.795133      0.128   0.775569    13.8887    -1.9217      0.127     0.4894    -0.3581 -9.990e-29
 287.795139      0.141   0.778510    13.8874    -1.9220      0.140     0.4914    -0.3565 -9.990e-29
 287.795145      0.152   0.780679    13.8879    -1.9223      0.151     0.4928    -0.3554 -9.990e-29
 287.795150      0.160   0.779427    13.8896    -1.9224      0.159     0.4920    -0.3563 -9.990e-29
 287.795156      0.166   0.775856    13.8914    -1.9224      0.165     0.4896    -0.3584 -9.990e-29
 287.795162      0.170   0.771857    13.8945    -1.9223      0.169     0.4869    -0.3609 -9.990e-29
 287.795168      0.174   0.768196    13.8989    -1.9220      0.173     0.4845    -0.3634 -9.990e-29
 287.795174      0.177   0.765532    13.9019    -1.9217      0.176     0.4827    -0.3652 -9.990e-29
 287.795179      0.179   0.764195    13.9022    -1.9214      0.178     0.4818    -0.3659 -9.990e-29
 287.795185      0.181   0.762957    13.9001    -1.9212      0.179     0.4810    -0.3663 -9.990e-29
 287.795191      0.182   0.760169    13.8965    -1.9209      0.180     0.4793    -0.3671 -9.990e-29
 287.795197      0.183   0.755994    13.8930    -1.9205      0.181     0.4766    -0.3687 -9.990e-29
 287.795203      0.184   0.752070    13.8910    -1.9202      0.182     0.4740    -0.3704 -9.990e-29
 287.795208      0.185   0.749265    13.8912    -1.9200      0.183     0.4722    -0.3719 -9.990e-29
 287.795214      0.185   0.747163    13.8944    -1.9199      0.183     0.4708    -0.3734 -9.990e-29
 287.795220      0.186   0.745179    13.9001    -1.9203      0.184     0.4694    -0.3753 -9.990e-29
 287.795226      0.186   0.742884    13.9072    -1.9206      0.184     0.4678    -0.3775 -9.990e-29
 287.795231      0.186   0.739992    13.9141    -1.9208      0.184     0.4658    -0.3800 -9.990e-29
 287.795237      0.186   0.737080    13.9207    -1.9207      0.184     0.4639    -0.3824 -9.990e-29
 287.795243      0.187   0.735256    13.9279    -1.9206      0.185     0.4626    -0.3844 -9.990e-29
 287.795249      0.187   0.734306    13.9356    -1.9205      0.185     0.4619    -0.3861 -9.990e-29
 287.795255      0.187   0.732962    13.9418    -1.9205      0.185     0.4609    -0.3877 -9.990e-29
 287.795260      0.187   0.731096    13.9453    -1.9206      0.185     0.4597    -0.3891 -9.990e-29
 287.795266      0.187   0.729546    13.9451    -1.9207      0.185     0.4587    -0.3899 -9.990e-29
 287.795272      0.187   0.729019    13.9412    -1.9206      0.185     0.4584    -0.3896 -9.990e-29
 287.795278      0.187   0.729919    13.9365    -1.9207      0.185     0.4590    -0.3884 -9.990e-29
 287.795284      0.187   0.731231    13.9342    -1.9209      0.185     0.4599    -0.3874 -9.990e-29
 287.795289      0.187   0.730826    13.9346    -1.9213      0.185     0.4596    -0.3877 -9.990e-29
 287.795295      0.187   0.728163    13.9362    -1.9217      0.185     0.4579    -0.3893 -9.990e-29
 287.795301      0.187   0.724681    13.9376    -1.9221      0.185     0.4556    -0.3912 -9.990e-29
 287.795307      0.187   0.721279    13.9382    -1.9224      0.185     0.4533    -0.3930 -9.990e-29
 287.795313      0.187   0.717856    13.9378    -1.9227      0.185     0.4511    -0.3947 -9.990e-29
 287.795318      0.187   0.714837    13.9370    -1.9231      0.185     0.4492    -0.3961 -9.990e-29
 287.795324      0.187   0.713185    13.9357    -1.9234      0.185     0.4481    -0.3968 -9.990e-29
 287.795330      0.187   0.713471    13.9328    -1.9234      0.185     0.4483    -0.3962 -9.990e-29
 287.795336      0.187   0.714966    13.9277    -1.9235      0.185     0.4493    -0.3947 -9.990e-29
 287.795341      0.187   0.715784    13.9205    -1.9236      0.185     0.4500    -0.3932 -9.990e-29
 287.795347      0.187   0.714801    13.9120    -1.9238      0.185     0.4494    -0.3925 -9.990e-29
 287.795353      0.188   0.712925    13.9035    -1.9237      0.186     0.4483    -0.3921 -9.990e-29
 287.795359      0.188   0.711534    13.8956    -1.9234      0.186     0.4475    -0.3917 -9.990e-29
 287.795365      0.188   0.710991    13.8882    -1.9230      0.186     0.4472    -0.3909 -9.990e-29
 287.795370      0.188   0.710572    13.8815    -1.9226      0.186     0.4470    -0.3901 -9.990e-29
 287.795376      0.189   0.709164    13.8765    -1.9224      0.187     0.4461    -0.3901 -9.990e-29
 287.795382      0.189   0.706554    13.8736    -1.9226      0.187     0.4445    -0.3910 -9.990e-29
 287.795388      0.190   0.703697    13.8715    -1.9233      0.188     0.4426    -0.3921 -9.990e-29
 287.795394      0.191   0.701216    13.8694    -1.9237      0.189     0.4410    -0.3931 -9.990e-29
 287.795399      0.192   0.698577    13.8687    -1.9246      0.190     0.4393    -0.3943 -9.990e-29
 287.795405      0.193   0.695585    13.8709    -1.9254      0.191     0.4373    -0.3961 -9.990e-29
 287.795411      0.195   0.693240    13.8764    -1.9257      0.193     0.4357    -0.3981 -9.990e-29
 287.795417      0.197   0.692297    13.8839    -1.9264      0.195     0.4350    -0.3997 -9.990e-29
 287.795422      0.200   0.692053    13.8903    -1.9266      0.198     0.4348    -0.4008 -9.990e-29
 287.795428      0.204   0.691629    13.8921    -1.9268      0.202     0.4345    -0.4013 -9.990e-29
 287.795434      0.209   0.691013    13.8872    -1.9268      0.207     0.4342    -0.4008 -9.990e-29
 287.795440      0.215   0.690494    13.8769    -1.9269      0.213     0.4339    -0.3996 -9.990e-29
 287.795446      0.223   0.690489    13.8637    -1.9272      0.221     0.4341    -0.3977 -9.990e-29
 287.795451      0.233   0.690992    13.8484    -1.9268      0.231     0.4346    -0.3952 -9.990e-29
 287.795457      0.242   0.691012    13.8333    -1.9268      0.240     0.4348    -0.3929 -9.990e-29
 287.795463      0.245   0.690022    13.8206    -1.9269      0.243     0.4343    -0.3916 -9.990e-29
 287.795469      0.249   0.688366    13.8099    -1.9270      0.247     0.4333    -0.3908 -9.990e-29
 287.795475      0.251   0.686607    13.8018    -1.9272      0.249     0.4322    -0.3906 -9.990e-29
 287.795480      0.250   0.685726    13.7969    -1.9274      0.248     0.4317    -0.3903 -9.990e-29
 287.795486      0.248   0.686210    13.7943    -1.9274      0.246     0.4321    -0.3897 -9.990e-29
 287.795492      0.250   0.687043    13.7927    -1.9271      0.248     0.4326    -0.3890 -9.990e-29
 287.795498      0.256   0.686563    13.7926    -1.9268      0.254     0.4323    -0.3892 -9.990e-29
 287.795503      0.262   0.684133    13.7942    -1.9265      0.260     0.4307    -0.3907 -9.990e-29
 287.795509      0.264   0.680394    13.7952    -1.9261      0.262     0.4282    -0.3927 -9.990e-29
 287.795515      0.267   0.676456    13.7944    -1.9256      0.265     0.4257    -0.3946 -9.990e-29
 287.795521      0.275   0.673165    13.7924    -1.9253      0.273     0.4236    -0.3960 -9.990e-29
 287.795527      0.289   0.671124    13.7899    -1.9252      0.287     0.4223    -0.3967 -9.990e-29
 287.795532      0.305   0.670380    13.7881    -1.9252      0.302     0.4218    -0.3968 -9.990e-29
 287.795538      0.315   0.669944    13.7890    -1.9252      0.312     0.4215    -0.3971 -9.990e-29
 287.795544      0.317   0.669235    13.7931    -1.9250      0.314     0.4210    -0.3981 -9.990e-29
 287.795550      0.314   0.668417    13.7997    -1.9250      0.311     0.4204    -0.3995 -9.990e-29
 287.795556      0.314   0.667506    13.8080    -1.9253      0.311     0.4197    -0.4011 -9.990e-29
 287.795561      0.319   0.666398    13.8170    -1.9258      0.316     0.4189    -0.4030 -9.990e-29
 287.795567      0.319   0.664725    13.8253    -1.9260      0.316     0.4177    -0.4051 -9.990e-29
 287.795573      0.315   0.662473    13.8318    -1.9259      0.312     0.4162    -0.4072 -9.990e-29
 287.795579      0.314   0.660520    13.8358    -1.9256      0.311     0.4149    -0.4087 -9.990e-29
 287.795584      0.322   0.659588    13.8379    -1.9255      0.319     0.4142    -0.4095 -9.990e-29
 287.795590      0.334   0.659544    13.8396    -1.9253      0.331     0.4142    -0.4098 -9.990e-29
 287.795596      0.342   0.659775    13.8410    -1.9255      0.339     0.4143    -0.4099 -9.990e-29
 287.795602      0.343   0.659482    13.8397    -1.9256      0.340     0.4141    -0.4098 -9.990e-29
 287.795608      0.337   0.658275    13.8345    -1.9257      0.334     0.4134    -0.4097 -9.990e-29
 287.795613      0.328   0.656760    13.8281    -1.9255      0.325     0.4125    -0.4095 -9.990e-29
 287.795619      0.323   0.656244    13.8245    -1.9255      0.320     0.4122    -0.4092 -9.990e-29
 287.795625      0.327   0.657149    13.8254    -1.9257      0.324     0.4128    -0.4089 -9.990e-29
 287.795631      0.340   0.657911    13.8291    -1.9259      0.337     0.4132    -0.4091 -9.990e-29
 287.795637      0.358   0.656776    13.8330    -1.9252      0.355     0.4124    -0.4102 -9.990e-29
 287.795642      0.374   0.653894    13.8350    -1.9249      0.371     0.4106    -0.4120 -9.990e-29
 287.795648      0.386   0.650410    13.8344    -1.9248      0.383     0.4083    -0.4136 -9.990e-29
 287.795654      0.392   0.647222    13.8325    -1.9248      0.389     0.4062    -0.4150 -9.990e-29
 287.795660      0.395   0.645620    13.8315    -1.9246      0.392     0.4052    -0.4156 -9.990e-29
 287.795666      0.394   0.646796    13.8313    -1.9245      0.391     0.4060    -0.4150 -9.990e-29
 287.795671      0.389   0.649546    13.8310    -1.9244      0.386     0.4078    -0.4136 -9.990e-29
 287.795677      0.384   0.650886    13.8306    -1.9244      0.381     0.4086    -0.4128 -9.990e-29
 287.795683      0.387   0.649833    13.8332    -1.9242      0.384     0.4079    -0.4138 -9.990e-29
 287.795689      0.399   0.647757    13.8398    -1.9238      0.396     0.4065    -0.4158 -9.990e-29
