data/oxygen options/ONMS/Olympic_Coast_National_Marine_Sanctuary_CTD_Data_2005_2023/raw_data/2021/CAST_CE015_210604faed.cnv
* Sea-Bird SBE19 Data File:
* FileName = C:\2021 Mooring Data\CTD\CAST_CE015_210604.hex
* Software Version 1.59
* Temperature SN = 2997
* Conductivity SN = 2997
* System UpLoad Time = Jun 04 2021 20:32:13
** CAST_CE015_210604
* ds
# nquan = 9                                 
# nvalues = 897                         
# units = specified
# name 0 = timeJ: Julian Days
# name 1 = prSM: Pressure, Strain Gauge [db]
# name 2 = c0mS/cm: Conductivity [mS/cm]
# name 3 = t090C: Temperature [ITS-90, deg C]
# name 4 = sbeox0ML/L: Oxygen, SBE 43 [ml/l]
# name 5 = depSM: Depth [salt water, m], lat = 47.5
# name 6 = sal00: Salinity, Practical [PSU]
# name 7 = sigma-é00: Density [sigma-theta, kg/m^3]
# name 8 = flag: flag
# span 0 = 155.844259, 155.849444       
# span 1 =     -5.345,     14.851       
# span 2 =   0.232926,  35.757501       
# span 3 =     7.9628,    15.2130       
# span 4 =    -1.9261,    11.0763       
# span 5 =     -5.300,     14.727       
# span 6 =     0.1406,    33.5080       
# span 7 =    -0.8218,    26.1072       
# span 8 = 0.0000e+00, 0.0000e+00       
# interval = seconds: 0.5
# start_time = Jun 04 2021 20:15:44 [Instrument's time stamp, header]
# bad_flag = -9.990e-29
*END*
[from data line 481]
 155.847043      0.877  34.792668    11.0162    -1.6987      0.870    30.7758    23.4854 -9.990e-29
 155.847049      0.869  34.816280    11.0451    -1.7011      0.862    30.7748    23.4796 -9.990e-29
 155.847054      0.861  34.809034    11.0869    -1.6992      0.854    30.7327    23.4397 -9.990e-29
 155.847060      0.853  34.761774    11.1348    -1.6934      0.846    30.6465    23.3644 -9.990e-29
 155.847066      0.850  34.690308    11.1733    -1.6952      0.843    30.5447    23.2785 -9.990e-29
 155.847072      0.854  34.611472    11.1842    -1.7039      0.847    30.4587    23.2098 -9.990e-29
 155.847078      0.866  34.551612    11.1552    -1.7107      0.859    30.4242    23.1880 -9.990e-29
 155.847083      0.882  34.537808    11.0937    -1.7044      0.875    30.4615    23.2277 -9.990e-29
 155.847089      0.896  34.565955    11.0340    -1.6892      0.889    30.5386    23.2979 -9.990e-29
 155.847095      0.904  34.573238    11.0081    -1.6854      0.896    30.5673    23.3247 -9.990e-29
 155.847101      0.905  34.505440    11.0149    -1.6947      0.897    30.4951    23.2674 -9.990e-29
 155.847106      0.901  34.386424    11.0309    -1.7023      0.893    30.3653    23.1637 -9.990e-29
 155.847112      0.896  34.292797    11.0108    -1.7044      0.889    30.2902    23.1088 -9.990e-29
 155.847118      0.897  34.322136    10.9343    -1.7001      0.890    30.3821    23.1934 -9.990e-29
 155.847124      0.904  34.469264    10.8528    -1.6962      0.896    30.5945    23.3725 -9.990e-29
 155.847130      0.910  34.544810    10.8444    -1.6969      0.902    30.6760    23.4373 -9.990e-29
 155.847135      0.911  34.435403    10.9462    -1.7056      0.903    30.4835    23.2702 -9.990e-29
 155.847141      0.906  34.302732    11.0911    -1.7100      0.898    30.2338    23.0512 -9.990e-29
 155.847147      0.899  34.341353    11.1508    -1.7112      0.891    30.2225    23.0321 -9.990e-29
 155.847153      0.900  34.490684    11.0979    -1.6956      0.892    30.4120    23.1885 -9.990e-29
 155.847159      0.907  34.540796    11.0324    -1.6893      0.899    30.5153    23.2801 -9.990e-29
 155.847164      0.913  34.420080    11.0339    -1.6975      0.905    30.3958    23.1869 -9.990e-29
 155.847170      0.914  34.216315    11.0744    -1.7057      0.906    30.1630    22.9990 -9.990e-29
 155.847176      0.914  34.048860    11.0883    -1.7017      0.906    29.9881    22.8607 -9.990e-29
 155.847182      0.917  34.015458    11.0604    -1.6970      0.909    29.9782    22.8578 -9.990e-29
 155.847187      0.924  34.072110    11.0181    -1.6992      0.916    30.0681    22.9349 -9.990e-29
 155.847193      0.935  34.023700    11.0011    -1.6923      0.927    30.0346    22.9118 -9.990e-29
 155.847199      0.946  33.822447    11.0435    -1.6937      0.938    29.8034    22.7248 -9.990e-29
 155.847205      0.954  33.645382    11.1318    -1.6944      0.946    29.5595    22.5202 -9.990e-29
 155.847211      0.960  33.688890    11.1867    -1.6963      0.952    29.5577    22.5095 -9.990e-29
 155.847216      0.963  33.924665    11.1659    -1.6965      0.955    29.8039    22.7043 -9.990e-29
 155.847222      0.965  34.059735    11.1316    -1.6963      0.957    29.9634    22.8341 -9.990e-29
 155.847228      0.964  33.957066    11.1453    -1.6945      0.956    29.8522    22.7453 -9.990e-29
 155.847234      0.962  33.813088    11.2029    -1.6949      0.954    29.6655    22.5904 -9.990e-29
 155.847240      0.957  33.795479    11.2788    -1.6940      0.949    29.5874    22.5166 -9.990e-29
 155.847245      0.950  33.801173    11.3491    -1.6952      0.942    29.5367    22.4651 -9.990e-29
 155.847251      0.940  33.763223    11.3887    -1.6966      0.932    29.4684    22.4051 -9.990e-29
 155.847257      0.931  33.739696    11.3970    -1.6972      0.923    29.4390    22.3809 -9.990e-29
 155.847263      0.931  33.698083    11.3953    -1.6966      0.923    29.4001    22.3510 -9.990e-29
 155.847269      0.939  33.628253    11.3977    -1.6970      0.931    29.3307    22.2967 -9.990e-29
 155.847274      0.948  33.564800    11.4111    -1.6958      0.940    29.2588    22.2386 -9.990e-29
 155.847280      0.955  33.525609    11.4341    -1.6948      0.947    29.2028    22.1911 -9.990e-29
 155.847286      0.958  33.513290    11.4559    -1.6965      0.950    29.1737    22.1648 -9.990e-29
 155.847292      0.960  33.499620    11.4687     8.5546      0.952    29.1505    22.1445 -9.990e-29
 155.847297      0.959  33.471385    11.4730    11.0763      0.951    29.1199    22.1200 -9.990e-29
 155.847303      0.955  33.431803    11.4691    11.0578      0.947    29.0848    22.0934 -9.990e-29
 155.847309      0.954  33.368400    11.4555     8.8408      0.946    29.0343    22.0567 -9.990e-29
 155.847315      0.958  33.305846    11.4409     4.3473      0.950    28.9855    22.0213 -9.990e-29
 155.847321      0.964  33.300756    11.4449     4.4114      0.956    28.9775    22.0144 -9.990e-29
 155.847326      0.969  33.335658    11.4644     4.5443      0.961    28.9958    22.0252 -9.990e-29
 155.847332      0.971  33.340526    11.4636     4.5383      0.963    29.0011    22.0295 -9.990e-29
 155.847338      0.972  33.310615    11.4280     4.5065      0.964    29.0002    22.0349 -9.990e-29
 155.847344      0.968  33.281082    11.4015     4.4517      0.960    28.9925    22.0335 -9.990e-29
 155.847350      0.953  33.201874    11.4208     4.3957      0.945    28.9010    21.9592 -9.990e-29
 155.847355      0.936  33.074327    11.4555     4.3842      0.928    28.7511    21.8369 -9.990e-29
 155.847361      0.927  33.014593    11.4579     4.4184      0.919    28.6918    21.7904 -9.990e-29
 155.847367      0.932  33.108817    11.4099     4.4483      0.924    28.8198    21.8981 -9.990e-29
 155.847373      0.945  33.505571    11.3370     4.4698      0.937    29.2602    22.2525 -9.990e-29
 155.847378      0.960  34.002674    11.3017     4.5058      0.952    29.7701    22.6545 -9.990e-29
 155.847384      0.968  34.089122    11.3234     4.5437      0.960    29.8365    22.7023 -9.990e-29
 155.847390      0.965  33.842638    11.3599     4.5645      0.957    29.5682    22.4876 -9.990e-29
 155.847396      0.961  33.560411    11.3854     4.5736      0.953    29.2749    22.2555 -9.990e-29
 155.847402      0.963  33.295270    11.4068     4.5810      0.955    29.0020    22.0400 -9.990e-29
 155.847407      0.967  33.156410    11.4351     4.5466      0.959    28.8460    21.9141 -9.990e-29
 155.847413      0.970  33.120000    11.4888     4.5593      0.962    28.7692    21.8452 -9.990e-29
 155.847419      0.971  32.967160    11.5603     4.5667      0.963    28.5671    21.6760 -9.990e-29
 155.847425      0.974  32.682285    11.6037     4.5765      0.966    28.2609    21.4310 -9.990e-29
 155.847431      0.985  32.549856    11.5997     4.5833      0.977    28.1373    21.3358 -9.990e-29
 155.847436      0.999  32.676151    11.5733     4.5224      0.991    28.2782    21.4496 -9.990e-29
 155.847442      1.010  32.800479    11.5598     4.5688      1.002    28.4076    21.5524 -9.990e-29
 155.847448      1.013  32.770419    11.5693     4.5847      1.005    28.3715    21.5227 -9.990e-29
 155.847454      1.012  32.671883    11.5843     4.6088      1.004    28.2657    21.4381 -9.990e-29
 155.847459      1.013  32.548786    11.5942     4.6204      1.005    28.1404    21.3392 -9.990e-29
 155.847465      1.015  32.451493    11.6017     4.5647      1.007    28.0417    21.2613 -9.990e-29
 155.847471      1.018  32.477659    11.6097     4.5592      1.010    28.0606    21.2746 -9.990e-29
 155.847477      1.023  32.540035    11.6257     4.5256      1.014    28.1082    21.3087 -9.990e-29
 155.847483      1.025  32.485384    11.6528     4.5086      1.016    28.0355    21.2476 -9.990e-29
 155.847488      1.020  32.357308    11.6772     4.5040      1.011    27.8949    21.1344 -9.990e-29
 155.847494      1.013  32.330600    11.6824     4.4951      1.005    27.8655    21.1108 -9.990e-29
 155.847500      1.007  32.455877    11.6672     4.4995      0.999    27.9965    21.2149 -9.990e-29
 155.847506      1.002  32.636334    11.6524     4.4306      0.994    28.1800    21.3597 -9.990e-29
 155.847512      0.997  32.750141    11.6599     4.4156      0.989    28.2830    21.4383 -9.990e-29
 155.847517      0.992  32.727176    11.6801     4.4055      0.984    28.2457    21.4059 -9.990e-29
 155.847523      0.988  32.696429    11.6721     4.4354      0.980    28.2224    21.3892 -9.990e-29
 155.847529      0.982  32.804525    11.6111     4.4452      0.974    28.3723    21.5160 -9.990e-29
 155.847535      0.976  33.049363    11.5242     4.3996      0.968    28.6739    21.7651 -9.990e-29
 155.847541      0.968  33.311450    11.4703     4.3565      0.960    28.9679    22.0025 -9.990e-29
 155.847546      0.959  33.374370    11.4914     4.3159      0.951    29.0120    22.0331 -9.990e-29
 155.847552      0.948  33.141014    11.5631     4.2822      0.940    28.7318    21.8032 -9.990e-29
 155.847558      0.942  32.763489    11.6023     4.2538      0.934    28.3397    21.4923 -9.990e-29
 155.847564      0.950  32.672756    11.5464     4.2277      0.942    28.2955    21.4677 -9.990e-29
 155.847569      0.967  33.138791    11.4134     4.2000      0.959    28.8460    21.9178 -9.990e-29
 155.847575      0.992  33.841856    11.2886     4.2046      0.984    29.6246    22.5438 -9.990e-29
 155.847581      1.016  34.289037    11.2412     4.2157      1.008    30.0975    22.9193 -9.990e-29
 155.847587      1.029  34.304402    11.2478     4.2511      1.020    30.1070    22.9256 -9.990e-29
 155.847593      1.031  34.201440    11.2308     4.2858      1.022    30.0207    22.8614 -9.990e-29
 155.847598      1.032  34.310158    11.1646     4.2941      1.023    30.1807    22.9972 -9.990e-29
 155.847604      1.034  34.522220    11.0991     4.3098      1.025    30.4418    23.2114 -9.990e-29
 155.847610      1.039  34.617145    11.0945     4.3724      1.030    30.5384    23.2874 -9.990e-29
 155.847616      1.047  34.510188    11.1634     4.4176      1.038    30.3769    23.1499 -9.990e-29
 155.847622      1.058  34.257619    11.2423     4.4139      1.049    30.0660    22.8946 -9.990e-29
 155.847627      1.069  34.021358    11.2565     4.4662      1.060    29.8247    22.7047 -9.990e-29
 155.847633      1.072  33.879725    11.2273     4.5054      1.063    29.7106    22.6212 -9.990e-29
 155.847639      1.067  33.792343    11.2293     4.4731      1.058    29.6241    22.5536 -9.990e-29
 155.847645      1.062  33.622493    11.2953     4.4971      1.053    29.4065    22.3733 -9.990e-29
 155.847650      1.062  33.274754    11.3863     4.4656      1.053    28.9983    22.0406 -9.990e-29
 155.847656      1.065  32.972290    11.4295     4.5258      1.056    28.6730    21.7808 -9.990e-29
 155.847662      1.074  32.990784    11.4140     4.5513      1.065    28.7028    21.8066 -9.990e-29
 155.847668      1.082  33.190170    11.3990     4.5469      1.073    28.9067    21.9674 -9.990e-29
 155.847674      1.084  33.220041    11.4202     4.5276      1.075    28.9189    21.9732 -9.990e-29
 155.847679      1.078  33.041207    11.4648     4.4681      1.069    28.7120    21.8049 -9.990e-29
 155.847685      1.074  32.796136    11.5214     4.4734      1.065    28.4329    21.5786 -9.990e-29
 155.847691      1.074  32.540651    11.5788     4.4615      1.065    28.1443    21.3448 -9.990e-29
 155.847697      1.076  32.491414    11.6108     4.4524      1.067    28.0729    21.2840 -9.990e-29
 155.847703      1.073  32.736200    11.6202     4.4379      1.064    28.2999    21.4583 -9.990e-29
 155.847708      1.068  32.948796    11.6303     4.4194      1.059    28.4956    21.6084 -9.990e-29
 155.847714      1.058  33.009343    11.6320     4.4184      1.049    28.5523    21.6520 -9.990e-29
 155.847720      1.048  33.025426    11.6055     4.3818      1.039    28.5881    21.6844 -9.990e-29
 155.847726      1.041  33.049827    11.5499     4.4051      1.032    28.6544    21.7455 -9.990e-29
 155.847731      1.037  33.157062    11.4756     4.4199      1.028    28.8151    21.8831 -9.990e-29
 155.847737      1.036  33.395398    11.3969     4.5117      1.027    29.1064    22.1227 -9.990e-29
 155.847743      1.038  33.666866    11.3362     4.5696      1.029    29.4169    22.3743 -9.990e-29
 155.847749      1.042  33.766942    11.3123     4.6178      1.033    29.5329    22.4685 -9.990e-29
 155.847755      1.046  33.625638    11.3190     4.5813      1.037    29.3907    22.3569 -9.990e-29
 155.847760      1.043  33.286001    11.3503     4.5871      1.034    29.0374    22.0772 -9.990e-29
 155.847766      1.040  32.832645    11.4173     4.6194      1.031    28.5480    21.6859 -9.990e-29
 155.847772      1.039  32.358011    11.4942     4.6285      1.030    28.0334    21.2735 -9.990e-29
 155.847778      1.041  32.045760    11.5418     4.6108      1.032    27.6988    21.0058 -9.990e-29
 155.847784      1.047  32.065920    11.5715     4.5752      1.038    27.6959    20.9984 -9.990e-29
 155.847789      1.051  32.276826    11.6004     4.5302      1.042    27.8757    21.1329 -9.990e-29
 155.847795      1.050  32.370477    11.6386     4.4880      1.041    27.9365    21.1733 -9.990e-29
 155.847801      1.048  32.162001    11.6861     4.4703      1.039    27.7021    20.9834 -9.990e-29
 155.847807      1.054  31.852341    11.7056     4.4783      1.045    27.3929    20.7404 -9.990e-29
 155.847813      1.073  31.935407    11.6624     4.4895      1.064    27.5039    20.8339 -9.990e-29
 155.847818      1.096  32.469853    11.5844     4.4974      1.087    28.0723    21.2880 -9.990e-29
 155.847824      1.113  32.940542    11.5377     4.4910      1.104    28.5589    21.6735 -9.990e-29
 155.847830      1.120  33.087832    11.5419     4.5233      1.111    28.6971    21.7800 -9.990e-29
 155.847836      1.118  33.055450    11.5696     4.4829      1.109    28.6446    21.7344 -9.990e-29
 155.847841      1.107  32.973334    11.5938     4.5009      1.098    28.5472    21.6547 -9.990e-29
 155.847847      1.090  32.902322    11.5978     4.5455      1.081    28.4761    21.5989 -9.990e-29
 155.847853      1.075  32.877720    11.5797     4.5954      1.066    28.4664    21.5945 -9.990e-29
 155.847859      1.065  32.930609    11.5552     4.6480      1.056    28.5359    21.6527 -9.990e-29
 155.847865      1.059  33.018365    11.5434     4.5588      1.050    28.6292    21.7271 -9.990e-29
 155.847870      1.058  33.032807    11.5568     4.6095      1.049    28.6327    21.7275 -9.990e-29
 155.847876      1.061  32.949509    11.5879     4.6374      1.052    28.5289    21.6415 -9.990e-29
 155.847882      1.067  32.780666    11.6325     4.6510      1.058    28.3331    21.4819 -9.990e-29
 155.847888      1.079  32.449624    11.7057     4.5882      1.070    27.9615    21.1811 -9.990e-29
 155.847894      1.091  31.967046    11.7791     4.4833      1.082    27.4478    20.7702 -9.990e-29
 155.847899      1.101  31.641672    11.8060     4.4240      1.092    27.1195    20.5112 -9.990e-29
 155.847905      1.113  31.658579    11.7948     4.3697      1.104    27.1437    20.5319 -9.990e-29
 155.847911      1.129  31.757529    11.7706     4.3330      1.120    27.2551    20.6224 -9.990e-29
 155.847917      1.140  31.807822    11.7279     4.3522      1.130    27.3342    20.6911 -9.990e-29
 155.847922      1.148  32.171110    11.6329     4.3694      1.138    27.7504    21.0301 -9.990e-29
 155.847928      1.157  32.898755    11.4879     4.4008      1.147    28.5571    21.6808 -9.990e-29
 155.847934      1.163  33.479393    11.3734     4.3833      1.153    29.2060    22.2041 -9.990e-29
 155.847940      1.163  33.675540    11.3542     4.3642      1.153    29.4109    22.3665 -9.990e-29
 155.847946      1.157  33.568297    11.4040     4.3957      1.147    29.2677    22.2467 -9.990e-29
 155.847951      1.148  33.365958    11.4509     4.3661      1.138    29.0355    22.0584 -9.990e-29
 155.847957      1.144  33.245846    11.4573     4.3369      1.134    28.9148    21.9636 -9.990e-29
