data/oxygen options/ONMS/Olympic_Coast_National_Marine_Sanctuary_CTD_Data_2005_2023/raw_data/2021/CAST_MB042_210826faed.cnv
* Sea-Bird SBE 19 Data File:
* FileName = C:\2021 Mooring Data\Casts\CAST_MB042_210826.hex
* Software Version SeatermAF 2.1.2
* Temperature SN = 2997
* Conductivity SN = 2997
* System UpLoad Time = Aug 26 2021 20:39:26 (localtime) = Aug 26 2021 20:39:26 (UTC)
** CAST_MB042_210826
* ds
# nquan = 9                                 
# nvalues = 1378                        
# units = specified
# name 0 = timeJ: Julian Days
# name 1 = prSM: Pressure, Strain Gauge [db]
# name 2 = c0mS/cm: Conductivity [mS/cm]
# name 3 = t090C: Temperature [ITS-90, deg C]
# name 4 = sbeox0ML/L: Oxygen, SBE 43 [ml/l]
# name 5 = depSM: Depth [salt water, m], lat = 47.5
# name 6 = sal00: Salinity, Practical [PSU]
# name 7 = sigma-é00: Density [sigma-theta, kg/m^3]
# name 8 = flag: flag
# span 0 = 238.779063, 238.787031       
# span 1 =     -5.095,     42.169       
# span 2 =   0.216376,  37.402535       
# span 3 =     7.6643,    14.7325       
# span 4 =   -11.4194,    13.0561       
# span 5 =     -5.053,     41.813       
# span 6 =     0.1296,    33.6435       
# span 7 =    -0.7583,    26.2576       
# span 8 = 0.0000e+00, 0.0000e+00       
# interval = seconds: 0.5
# start_time = Aug 26 2021 18:41:51 [Instrument's time stamp, header]
# bad_flag = -9.990e-29
*END*
[from data line 1121]
 238.785550      1.595  36.971809    11.4183     5.6374      1.582    32.5672    24.8069 -9.990e-29
 238.785556      1.567  36.969077    11.4203     5.6431      1.554    32.5628    24.8031 -9.990e-29
 238.785561      1.528  36.966255    11.4235     5.6196      1.515    32.5572    24.7982 -9.990e-29
 238.785567      1.489  36.966854    11.4256     5.6081      1.477    32.5559    24.7969 -9.990e-29
 238.785573      1.459  36.970540    11.4260     5.6248      1.447    32.5592    24.7993 -9.990e-29
 238.785579      1.438  36.973249    11.4259     5.6217      1.426    32.5620    24.8015 -9.990e-29
 238.785584      1.420  36.972974    11.4264     5.6203      1.408    32.5613    24.8009 -9.990e-29
 238.785590      1.407  36.972138    11.4276     5.6102      1.395    32.5594    24.7992 -9.990e-29
 238.785596      1.403  36.972976    11.4283     5.5970      1.391    32.5596    24.7992 -9.990e-29
 238.785602      1.403  36.973790    11.4282     5.6057      1.391    32.5605    24.7999 -9.990e-29
 238.785608      1.400  36.971168    11.4290     5.6090      1.388    32.5572    24.7972 -9.990e-29
 238.785613      1.392  36.964406    11.4309     5.6209      1.380    32.5489    24.7904 -9.990e-29
 238.785619      1.389  36.950639    11.4325     5.6167      1.377    32.5340    24.7786 -9.990e-29
 238.785625      1.397  36.943451    11.4334     5.6045      1.385    32.5262    24.7723 -9.990e-29
 238.785631      1.423  36.957909    11.4332     5.6081      1.411    32.5405    24.7835 -9.990e-29
 238.785637      1.458  36.972920    11.4324     5.6011      1.446    32.5559    24.7956 -9.990e-29
 238.785642      1.493  36.975974    11.4319     5.6111      1.481    32.5593    24.7984 -9.990e-29
 238.785648      1.526  36.976733    11.4317     5.6145      1.513    32.5602    24.7991 -9.990e-29
 238.785654      1.558  36.977879    11.4314     5.6064      1.545    32.5616    24.8002 -9.990e-29
 238.785660      1.591  36.978124    11.4309     5.6130      1.578    32.5623    24.8008 -9.990e-29
 238.785666      1.624  36.977220    11.4308     5.6042      1.610    32.5615    24.8002 -9.990e-29
 238.785671      1.650  36.976190    11.4319     5.6109      1.636    32.5595    24.7985 -9.990e-29
 238.785677      1.666  36.975892    11.4338     5.6073      1.652    32.5575    24.7966 -9.990e-29
 238.785683      1.678  36.977596    11.4356     5.6111      1.664    32.5576    24.7963 -9.990e-29
 238.785689      1.695  36.980757    11.4369     5.5801      1.681    32.5595    24.7976 -9.990e-29
 238.785694      1.718  36.983413    11.4372     5.6053      1.704    32.5618    24.7994 -9.990e-29
 238.785700      1.740  36.984607    11.4367     5.6144      1.725    32.5634    24.8007 -9.990e-29
 238.785706      1.758  36.984238    11.4364     5.6117      1.743    32.5633    24.8007 -9.990e-29
 238.785712      1.769  36.982922    11.4367     5.6180      1.754    32.5618    24.7994 -9.990e-29
 238.785718      1.769  36.981693    11.4375     5.5541      1.754    32.5599    24.7978 -9.990e-29
 238.785723      1.767  36.981702    11.4381     5.5933      1.752    32.5594    24.7973 -9.990e-29
 238.785729      1.776  36.982949    11.4384     5.6145      1.761    32.5603    24.7980 -9.990e-29
 238.785735      1.796  36.984282    11.4384     5.6340      1.781    32.5616    24.7990 -9.990e-29
 238.785741      1.815  36.984663    11.4377     5.6528      1.800    32.5626    24.7999 -9.990e-29
 238.785747      1.823  36.984024    11.4370     5.6244      1.808    32.5626    24.8000 -9.990e-29
 238.785752      1.819  36.983182    11.4370     5.6179      1.804    32.5617    24.7993 -9.990e-29
 238.785758      1.811  36.983243    11.4375     5.6064      1.796    32.5614    24.7989 -9.990e-29
 238.785764      1.809  36.984838    11.4383     5.6031      1.794    32.5622    24.7995 -9.990e-29
 238.785770      1.816  36.986718    11.4386     5.6065      1.801    32.5638    24.8006 -9.990e-29
 238.785775      1.827  36.987452    11.4380     5.6148      1.812    32.5650    24.8017 -9.990e-29
 238.785781      1.841  36.987445    11.4369     5.6126      1.826    32.5660    24.8027 -9.990e-29
 238.785787      1.852  36.987234    11.4364     5.6387      1.837    32.5662    24.8029 -9.990e-29
 238.785793      1.854  36.986527    11.4367     5.6226      1.839    32.5653    24.8021 -9.990e-29
 238.785799      1.846  36.985487    11.4375     5.6368      1.831    32.5636    24.8006 -9.990e-29
 238.785804      1.837  36.984957    11.4384     5.6314      1.822    32.5622    24.7995 -9.990e-29
 238.785810      1.830  36.985340    11.4391     5.6226      1.815    32.5620    24.7992 -9.990e-29
 238.785816      1.824  36.986012    11.4393     5.6342      1.809    32.5625    24.7995 -9.990e-29
 238.785822      1.825  36.986175    11.4392     5.6216      1.810    32.5627    24.7997 -9.990e-29
 238.785828      1.835  36.986034    11.4393     5.6239      1.820    32.5625    24.7995 -9.990e-29
 238.785833      1.852  36.986509    11.4397     5.6296      1.837    32.5626    24.7995 -9.990e-29
 238.785839      1.867  36.987658    11.4402     5.6222      1.851    32.5633    24.8000 -9.990e-29
 238.785845      1.874  36.988199    11.4405     5.6166      1.858    32.5636    24.8001 -9.990e-29
 238.785851      1.868  36.987717    11.4405     5.6060      1.852    32.5631    24.7997 -9.990e-29
 238.785856      1.854  36.987239    11.4396     5.6031      1.839    32.5634    24.8002 -9.990e-29
 238.785862      1.843  36.987237    11.4381     5.6016      1.828    32.5647    24.8015 -9.990e-29
 238.785868      1.843  36.987136    11.4361     5.5975      1.828    32.5664    24.8031 -9.990e-29
 238.785874      1.850  36.986228    11.4334     5.5781      1.835    32.5679    24.8048 -9.990e-29
 238.785880      1.859  36.984409    11.4304     5.5882      1.843    32.5687    24.8060 -9.990e-29
 238.785885      1.869  36.982045    11.4282     5.5958      1.853    32.5684    24.8061 -9.990e-29
 238.785891      1.869  36.980454    11.4282     5.6104      1.853    32.5668    24.8049 -9.990e-29
 238.785897      1.861  36.980862    11.4296     5.6043      1.845    32.5660    24.8040 -9.990e-29
 238.785903      1.853  36.982119    11.4308     5.5607      1.838    32.5662    24.8039 -9.990e-29
 238.785909      1.852  36.983647    11.4311     5.5997      1.837    32.5674    24.8048 -9.990e-29
 238.785914      1.863  36.985230    11.4306     5.6105      1.847    32.5694    24.8064 -9.990e-29
 238.785920      1.877  36.985043    11.4309     5.6313      1.861    32.5689    24.8060 -9.990e-29
 238.785926      1.884  36.983944    11.4327     5.6306      1.868    32.5663    24.8036 -9.990e-29
 238.785932      1.878  36.983816    11.4348     5.6073      1.862    32.5643    24.8017 -9.990e-29
 238.785937      1.864  36.984476    11.4362     5.6127      1.848    32.5637    24.8010 -9.990e-29
 238.785943      1.851  36.985670    11.4366     5.6265      1.836    32.5645    24.8016 -9.990e-29
 238.785949      1.840  36.986736    11.4362     5.6397      1.825    32.5659    24.8027 -9.990e-29
 238.785955      1.831  36.987401    11.4358     5.6398      1.816    32.5669    24.8036 -9.990e-29
 238.785961      1.825  36.987978    11.4358     5.6336      1.810    32.5675    24.8040 -9.990e-29
 238.785966      1.819  36.988102    11.4360     5.6329      1.804    32.5674    24.8039 -9.990e-29
 238.785972      1.815  36.987925    11.4361     5.6244      1.800    32.5672    24.8037 -9.990e-29
 238.785978      1.812  36.987761    11.4362     5.6298      1.797    32.5669    24.8035 -9.990e-29
 238.785984      1.809  36.987376    11.4363     5.6296      1.794    32.5665    24.8031 -9.990e-29
 238.785990      1.806  36.987367    11.4361     5.6214      1.791    32.5666    24.8033 -9.990e-29
 238.785995      1.804  36.988267    11.4359     5.6144      1.789    32.5677    24.8042 -9.990e-29
 238.786001      1.803  36.989024    11.4355     5.6100      1.788    32.5688    24.8051 -9.990e-29
 238.786007      1.801  36.988950    11.4350     5.6044      1.786    32.5692    24.8055 -9.990e-29
 238.786013      1.799  36.988496    11.4347     5.6214      1.784    32.5690    24.8054 -9.990e-29
 238.786019      1.797  36.988164    11.4344     5.6136      1.782    32.5689    24.8054 -9.990e-29
 238.786024      1.794  36.988059    11.4342     5.6262      1.779    32.5690    24.8055 -9.990e-29
 238.786030      1.791  36.988029    11.4341     5.6293      1.776    32.5691    24.8055 -9.990e-29
 238.786036      1.788  36.988023    11.4341     5.6190      1.773    32.5691    24.8055 -9.990e-29
 238.786042      1.787  36.988026    11.4340     5.6274      1.772    32.5691    24.8056 -9.990e-29
 238.786047      1.795  36.988031    11.4337     5.6090      1.780    32.5694    24.8059 -9.990e-29
 238.786053      1.806  36.988036    11.4335     5.6075      1.791    32.5696    24.8061 -9.990e-29
 238.786059      1.818  36.988041    11.4338     5.6162      1.803    32.5693    24.8058 -9.990e-29
 238.786065      1.830  36.988043    11.4342     5.6176      1.815    32.5690    24.8055 -9.990e-29
 238.786071      1.845  36.988039    11.4344     5.6237      1.830    32.5688    24.8053 -9.990e-29
 238.786076      1.862  36.988020    11.4344     5.6223      1.846    32.5688    24.8053 -9.990e-29
 238.786082      1.879  36.987952    11.4345     5.6055      1.863    32.5686    24.8051 -9.990e-29
 238.786088      1.887  36.987739    11.4348     5.5606      1.871    32.5681    24.8047 -9.990e-29
 238.786094      1.888  36.987651    11.4349     5.5930      1.872    32.5679    24.8045 -9.990e-29
 238.786100      1.891  36.988124    11.4347     5.6061      1.875    32.5686    24.8051 -9.990e-29
 238.786105      1.899  36.988660    11.4345     5.6423      1.883    32.5693    24.8056 -9.990e-29
 238.786111      1.913  36.988847    11.4345     5.6429      1.897    32.5695    24.8058 -9.990e-29
 238.786117      1.930  36.988928    11.4347     5.6075      1.914    32.5694    24.8057 -9.990e-29
 238.786123      1.943  36.989005    11.4348     5.6205      1.927    32.5693    24.8056 -9.990e-29
 238.786128      1.947  36.989176    11.4346     5.6118      1.931    32.5697    24.8059 -9.990e-29
 238.786134      1.943  36.989101    11.4343     5.6121      1.927    32.5699    24.8061 -9.990e-29
 238.786140      1.931  36.988673    11.4340     5.6186      1.915    32.5697    24.8061 -9.990e-29
 238.786146      1.914  36.987874    11.4322     5.6053      1.898    32.5705    24.8070 -9.990e-29
 238.786152      1.900  36.986193    11.4287     5.6151      1.884    32.5720    24.8088 -9.990e-29
 238.786157      1.893  36.984187    11.4254     5.6043      1.877    32.5729    24.8101 -9.990e-29
 238.786163      1.895  36.983100    11.4236     5.6067      1.879    32.5734    24.8108 -9.990e-29
 238.786169      1.908  36.983156    11.4231     5.6099      1.892    32.5739    24.8113 -9.990e-29
 238.786175      1.919  36.983303    11.4235     5.6168      1.903    32.5737    24.8111 -9.990e-29
 238.786181      1.920  36.983167    11.4249     5.6230      1.904    32.5724    24.8098 -9.990e-29
 238.786186      1.911  36.983681    11.4272     5.6198      1.895    32.5708    24.8082 -9.990e-29
 238.786192      1.897  36.984966    11.4300     5.6184      1.881    32.5696    24.8067 -9.990e-29
 238.786198      1.884  36.986484    11.4325     5.6291      1.868    32.5689    24.8057 -9.990e-29
 238.786204      1.876  36.988012    11.4342     5.6323      1.860    32.5689    24.8054 -9.990e-29
 238.786209      1.874  36.989340    11.4350     5.6181      1.858    32.5695    24.8057 -9.990e-29
 238.786215      1.871  36.990552    11.4351     5.6189      1.855    32.5706    24.8066 -9.990e-29
 238.786221      1.860  36.991576    11.4348     5.6070      1.844    32.5719    24.8076 -9.990e-29
 238.786227      1.836  36.991527    11.4343     5.6013      1.821    32.5723    24.8080 -9.990e-29
 238.786233      1.800  36.990335    11.4339     5.6111      1.785    32.5715    24.8075 -9.990e-29
 238.786238      1.761  36.989206    11.4337     5.6178      1.746    32.5706    24.8068 -9.990e-29
 238.786244      1.719  36.988871    11.4335     5.5917      1.705    32.5704    24.8067 -9.990e-29
 238.786250      1.671  36.988878    11.4332     5.5529      1.657    32.5707    24.8070 -9.990e-29
 238.786256      1.615  36.988669    11.4330     5.4824      1.602    32.5707    24.8070 -9.990e-29
 238.786262      1.547  36.988519    11.4332     5.4310      1.534    32.5704    24.8068 -9.990e-29
 238.786267      1.468  36.988784    11.4340     6.3713      1.456    32.5700    24.8063 -9.990e-29
 238.786273      1.380  36.989248    11.4359     6.3229      1.368    32.5688    24.8050 -9.990e-29
 238.786279      1.286  36.988844    11.4395     6.3814      1.275    32.5653    24.8016 -9.990e-29
 238.786285      1.194  36.985907    11.4472     6.3648      1.184    32.5557    24.7928 -9.990e-29
 238.786291      1.110  36.977074    11.4679     6.3224      1.101    32.5289    24.7682 -9.990e-29
 238.786296      1.038  36.950564    11.5109     6.3264      1.029    32.4652    24.7109 -9.990e-29
 238.786302      0.982  36.869902    11.5721     6.2180      0.974    32.3329    24.5970 -9.990e-29
 238.786308      0.937  36.628097    11.6456     6.2081      0.929    32.0336    24.3512 -9.990e-29
 238.786314      0.897  35.905546    11.7357     6.2283      0.890    31.2561    23.7312 -9.990e-29
 238.786319      0.864  33.741094    11.8352     6.2265      0.857    29.0948    22.0369 -9.990e-29
 238.786325      0.840  27.249932    11.9222     6.2414      0.833    22.9295    17.2483 -9.990e-29
 238.786331      0.823  17.379156    11.9850     6.2024      0.816    13.9994    10.3391 -9.990e-29
 238.786337      0.812  10.476478    12.0277     6.2128      0.805     8.0831     5.7644 -9.990e-29
 238.786343      0.806   7.802350    12.0586     6.2090      0.799     5.8818     4.0587 -9.990e-29
 238.786348      0.801   6.683789    12.0858     6.2269      0.794     4.9788     3.3567 -9.990e-29
 238.786354      0.793   6.104738    12.1143     6.2522      0.786     4.5151     2.9941 -9.990e-29
 238.786360      0.784   5.699993    12.1480     6.2543      0.777     4.1920     2.7397 -9.990e-29
 238.786366      0.779   5.486213    12.1887     6.2651      0.772     4.0199     2.6014 -9.990e-29
 238.786372      0.778   5.335076    12.2292     6.2724      0.772     3.8976     2.5015 -9.990e-29
 238.786377      0.779   5.060027    12.2621     6.2820      0.772     3.6803     2.3291 -9.990e-29
 238.786383      0.780   4.808294    12.2902     6.3001      0.773     3.4827     2.1725 -9.990e-29
 238.786389      0.776   4.735945    12.3167     6.3011      0.770     3.4245     2.1241 -9.990e-29
 238.786395      0.771   4.739825    12.3405     6.3127      0.765     3.4253     2.1217 -9.990e-29
 238.786400      0.768   4.587343    12.3648     6.3091      0.762     3.3059     2.0261 -9.990e-29
 238.786406      0.768   4.196306    12.3930    -8.2619      0.762     3.0045     1.7891 -9.990e-29
 238.786412      0.771   3.638526    12.4266   -11.4110      0.765     2.5795     1.4555 -9.990e-29
 238.786418      0.773   3.071510    12.4646   -11.4194      0.767     2.1531     1.1201 -9.990e-29
 238.786424      0.769   2.640248    12.5013    -8.2800      0.763     1.8327     0.8669 -9.990e-29
 238.786429      0.763   2.339153    12.5329    -1.9738      0.757     1.6113     0.6911 -9.990e-29
 238.786435      0.760   2.124655    12.5567    -1.9739      0.754     1.4549     0.5667 -9.990e-29
 238.786441      0.759   1.961524    12.5704    -1.9750      0.753     1.3370     0.4734 -9.990e-29
 238.786447      0.759   1.829181    12.5779    -1.9749      0.753     1.2419     0.3987 -9.990e-29
 238.786453      0.762   1.723124    12.5861    -1.9530      0.756     1.1661     0.3387 -9.990e-29
 238.786458      0.768   1.637833    12.5952    -1.9560      0.762     1.1052     0.2903 -9.990e-29
 238.786464      0.775   1.591031    12.5994    -1.9566      0.769     1.0720     0.2639 -9.990e-29
