data/oxygen options/ONMS/Olympic_Coast_National_Marine_Sanctuary_CTD_Data_2005_2023/raw_data/2021/CAST_MB015_210609faed.cnv
* Sea-Bird SBE19 Data File:
* FileName = C:\2021 Mooring Data\CTD\CAST_MB015_210609.hex
* Software Version 1.59
* Temperature SN = 2997
* Conductivity SN = 2997
* System UpLoad Time = Jun 09 2021 22:06:40
** CAST_MB015_210609
* ds
# nquan = 9                                 
# nvalues = 852                         
# units = specified
# name 0 = timeJ: Julian Days
# name 1 = prSM: Pressure, Strain Gauge [db]
# name 2 = c0mS/cm: Conductivity [mS/cm]
# name 3 = t090C: Temperature [ITS-90, deg C]
# name 4 = sbeox0ML/L: Oxygen, SBE 43 [ml/l]
# name 5 = depSM: Depth [salt water, m], lat = 47.5
# name 6 = sal00: Salinity, Practical [PSU]
# name 7 = sigma-é00: Density [sigma-theta, kg/m^3]
# name 8 = flag: flag
# span 0 = 160.912558, 160.917483       
# span 1 =     -5.305,     16.307       
# span 2 =   0.010528,  38.191951       
# span 3 =     9.6446,    16.1495       
# span 4 =    -1.8957,    13.2602       
# span 5 =     -5.261,     16.170       
# span 6 =     0.0118,    32.9330       
# span 7 =    -1.0691,    25.3947       
# span 8 = 0.0000e+00, 0.0000e+00       
# interval = seconds: 0.5
# start_time = Jun 09 2021 21:54:05 [Instrument's time stamp, header]
# bad_flag = -9.990e-29
*END*
[from data line 481]
 160.915341      0.885  38.015090    12.2517    -1.6238      0.878    32.8475    24.8703 -9.990e-29
 160.915347      0.872  38.063902    12.2329    -1.6252      0.865    32.9110    24.9232 -9.990e-29
 160.915353      0.855  38.072156    12.2443    -1.6242      0.848    32.9089    24.9194 -9.990e-29
 160.915359      0.842  38.049290    12.2658    -1.6231      0.835    32.8681    24.8836 -9.990e-29
 160.915365      0.836  38.037403    12.2914    -1.6234      0.829    32.8342    24.8525 -9.990e-29
 160.915370      0.837  38.039223    12.3156    -1.6226      0.830    32.8147    24.8328 -9.990e-29
 160.915376      0.841  38.044577    12.3305    -1.6236      0.834    32.8068    24.8238 -9.990e-29
 160.915382      0.839  38.043357    12.3345    -1.6249      0.832    32.8021    24.8194 -9.990e-29
 160.915388      0.828  38.039833    12.3382    -1.6264      0.821    32.7955    24.8136 -9.990e-29
 160.915394      0.814  38.057417    12.3518    -1.6272      0.807    32.8005    24.8149 -9.990e-29
 160.915399      0.811  38.082649    12.3705    -1.6255      0.804    32.8083    24.8174 -9.990e-29
 160.915405      0.817  38.066313    12.3819    -1.6248      0.810    32.7827    24.7953 -9.990e-29
 160.915411      0.829  38.023143    12.3848    -1.6242      0.822    32.7388    24.7607 -9.990e-29
 160.915417      0.843  38.026811    12.3938    -1.6240      0.836    32.7344    24.7556 -9.990e-29
 160.915422      0.851  38.067161    12.4117    -1.6246      0.844    32.7575    24.7701 -9.990e-29
 160.915428      0.855  38.069739    12.4190    -1.6243      0.848    32.7536    24.7657 -9.990e-29
 160.915434      0.863  38.017332    12.3991    -1.6232      0.856    32.7207    24.7440 -9.990e-29
 160.915440      0.875  37.943836    12.3595    -1.6233      0.868    32.6848    24.7237 -9.990e-29
 160.915446      0.884  37.900977    12.3360    -1.6241      0.877    32.6641    24.7121 -9.990e-29
 160.915451      0.886  37.914068    12.3523    -1.6253      0.879    32.6625    24.7078 -9.990e-29
 160.915457      0.880  37.947401    12.3875    -1.6258      0.873    32.6638    24.7021 -9.990e-29
 160.915463      0.872  37.949665    12.4112    -1.6254      0.865    32.6453    24.6832 -9.990e-29
 160.915469      0.869  37.921730    12.4132    -1.6258      0.862    32.6168    24.6608 -9.990e-29
 160.915475      0.875  37.905460    12.4016    -1.6274      0.868    32.6113    24.6587 -9.990e-29
 160.915480      0.886  37.920724    12.3981    -1.6272      0.879    32.6290    24.6731 -9.990e-29
 160.915486      0.894  37.958815    12.4093    -1.6265      0.887    32.6557    24.6917 -9.990e-29
 160.915492      0.896  37.991585    12.4187    -1.6257      0.889    32.6789    24.7079 -9.990e-29
 160.915498      0.896  37.991078    12.4143    -1.6268      0.889    32.6823    24.7113 -9.990e-29
 160.915503      0.903  37.958948    12.3924    -1.6276      0.895    32.6706    24.7064 -9.990e-29
 160.915509      0.917  37.919135    12.3621    -1.6271      0.909    32.6588    24.7030 -9.990e-29
 160.915515      0.929  37.911103    12.3431    -1.6265      0.921    32.6676    24.7135 -9.990e-29
 160.915521      0.938  37.943276    12.3318    -1.6254      0.930    32.7084    24.7472 -9.990e-29
 160.915527      0.943  37.962800    12.3151    -1.6251      0.935    32.7417    24.7762 -9.990e-29
 160.915532      0.945  37.947597    12.3026    -1.6262      0.937    32.7380    24.7758 -9.990e-29
 160.915538      0.944  37.939683    12.3073    -1.6271      0.936    32.7263    24.7658 -9.990e-29
 160.915544      0.939  37.958290    12.3187    -1.6264      0.931    32.7342    24.7698 -9.990e-29
 160.915550      0.935  37.968907    12.3177    -1.6260      0.927    32.7453    24.7785 -9.990e-29
 160.915556      0.941  37.948790    12.3066    -1.6266      0.933    32.7357    24.7732 -9.990e-29
 160.915561      0.955  37.924444    12.3013    -1.6279      0.947    32.7169    24.7596 -9.990e-29
 160.915567      0.972  37.929057    12.3085    -1.6274      0.964    32.7150    24.7568 -9.990e-29
 160.915573      0.982  37.959334    12.3215    -1.6262      0.974    32.7328    24.7681 -9.990e-29
 160.915579      0.984  37.989040    12.3264    -1.6259      0.976    32.7570    24.7860 -9.990e-29
 160.915584      0.980  38.003511    12.3194    -1.6259      0.972    32.7770    24.8028 -9.990e-29
 160.915590      0.975  37.999717    12.3101    -1.6259      0.967    32.7815    24.8081 -9.990e-29
 160.915596      0.969  37.982211    12.3049    -1.6261      0.961    32.7692    24.7996 -9.990e-29
 160.915602      0.962  37.973125    12.3031    -1.6270      0.954    32.7621    24.7943 -9.990e-29
 160.915608      0.952  37.984526    12.3017    -1.6267      0.944    32.7743    24.8041 -9.990e-29
 160.915613      0.944  37.986866    12.3000    -1.6267      0.936    32.7780    24.8073 -9.990e-29
 160.915619      0.941  37.958695    12.3009    10.1051      0.933    32.7502    24.7855 -9.990e-29
 160.915625      0.939  37.932026    12.3047    13.0935      0.931    32.7212    24.7623 -9.990e-29
 160.915631      0.937  37.943672    12.3082    13.2602      0.929    32.7294    24.7680 -9.990e-29
 160.915637      0.941  37.980668    12.3103    11.1079      0.933    32.7630    24.7937 -9.990e-29
 160.915642      0.945  38.008369    12.3120     6.4618      0.937    32.7882    24.8129 -9.990e-29
 160.915648      0.946  38.015602    12.3139     6.8049      0.938    32.7935    24.8166 -9.990e-29
 160.915654      0.949  38.004251    12.3159     7.1376      0.941    32.7808    24.8064 -9.990e-29
 160.915660      0.957  37.973839    12.3188     7.2104      0.949    32.7491    24.7813 -9.990e-29
 160.915666      0.967  37.937137    12.3224     7.1773      0.959    32.7107    24.7508 -9.990e-29
 160.915671      0.975  37.907496    12.3256     7.0928      0.967    32.6794    24.7260 -9.990e-29
 160.915677      0.981  37.863414    12.3277     7.0451      0.973    32.6353    24.6913 -9.990e-29
 160.915683      0.987  37.800555    12.3289     6.9987      0.979    32.5739    24.6435 -9.990e-29
 160.915689      0.992  37.756229    12.3290     6.9664      0.984    32.5313    24.6105 -9.990e-29
 160.915694      0.997  37.736983    12.3290     6.9316      0.989    32.5128    24.5962 -9.990e-29
 160.915700      1.002  37.727326    12.3318     6.8901      0.994    32.5012    24.5866 -9.990e-29
 160.915706      1.008  37.726236    12.3360     6.8817      1.000    32.4965    24.5821 -9.990e-29
 160.915712      1.015  37.729543    12.3389     6.8752      1.007    32.4971    24.5821 -9.990e-29
 160.915718      1.023  37.730534    12.3419     6.8915      1.014    32.4955    24.5802 -9.990e-29
 160.915723      1.032  37.730055    12.3445     6.8928      1.023    32.4927    24.5776 -9.990e-29
 160.915729      1.040  37.728111    12.3449     6.8729      1.031    32.4905    24.5758 -9.990e-29
 160.915735      1.042  37.722754    12.3445     6.8068      1.033    32.4857    24.5722 -9.990e-29
 160.915741      1.038  37.720375    12.3465     6.8390      1.029    32.4817    24.5687 -9.990e-29
 160.915747      1.029  37.725173    12.3505     6.8526      1.020    32.4829    24.5688 -9.990e-29
 160.915752      1.022  37.730179    12.3541     6.8767      1.013    32.4845    24.5695 -9.990e-29
 160.915758      1.025  37.731506    12.3577     6.8876      1.016    32.4827    24.5673 -9.990e-29
 160.915764      1.034  37.733812    12.3614     6.8287      1.025    32.4817    24.5659 -9.990e-29
 160.915770      1.042  37.738016    12.3619     6.8487      1.033    32.4853    24.5686 -9.990e-29
 160.915775      1.044  37.739160    12.3596     6.8422      1.035    32.4884    24.5714 -9.990e-29
 160.915781      1.045  37.736614    12.3582     6.8354      1.036    32.4872    24.5707 -9.990e-29
 160.915787      1.044  37.734352    12.3589     6.8414      1.035    32.4844    24.5684 -9.990e-29
 160.915793      1.039  37.734486    12.3607     6.8310      1.030    32.4830    24.5670 -9.990e-29
 160.915799      1.031  37.735596    12.3630     6.8368      1.022    32.4820    24.5658 -9.990e-29
 160.915804      1.027  37.736445    12.3652     6.8486      1.018    32.4809    24.5646 -9.990e-29
 160.915810      1.024  37.736008    12.3640     6.8495      1.015    32.4816    24.5653 -9.990e-29
 160.915816      1.023  37.731547    12.3592     6.8627      1.014    32.4814    24.5661 -9.990e-29
 160.915822      1.024  37.724484    12.3564     6.8556      1.015    32.4771    24.5633 -9.990e-29
 160.915828      1.026  37.722294    12.3568     6.8509      1.017    32.4747    24.5613 -9.990e-29
 160.915833      1.031  37.724943    12.3546     6.8479      1.022    32.4791    24.5651 -9.990e-29
 160.915839      1.033  37.724280    12.3463     6.8566      1.024    32.4856    24.5718 -9.990e-29
 160.915845      1.030  37.717824    12.3358     6.8624      1.021    32.4886    24.5760 -9.990e-29
 160.915851      1.024  37.709940    12.3300     6.8615      1.015    32.4860    24.5752 -9.990e-29
 160.915856      1.020  37.707008    12.3308     6.8520      1.011    32.4825    24.5723 -9.990e-29
 160.915862      1.018  37.709123    12.3343     6.8249      1.010    32.4815    24.5709 -9.990e-29
 160.915868      1.018  37.710783    12.3384     6.8204      1.010    32.4796    24.5686 -9.990e-29
 160.915874      1.018  37.712046    12.3440     6.8224      1.010    32.4759    24.5647 -9.990e-29
 160.915880      1.021  37.716922    12.3499     6.8365      1.012    32.4755    24.5632 -9.990e-29
 160.915885      1.024  37.721913    12.3534     6.8526      1.015    32.4772    24.5639 -9.990e-29
 160.915891      1.030  37.721429    12.3551     6.8468      1.021    32.4753    24.5621 -9.990e-29
 160.915897      1.038  37.720514    12.3571     6.8505      1.029    32.4727    24.5597 -9.990e-29
 160.915903      1.044  37.723076    12.3597     6.8411      1.035    32.4729    24.5594 -9.990e-29
 160.915909      1.045  37.725331    12.3614     6.8512      1.036    32.4736    24.5596 -9.990e-29
 160.915914      1.045  37.725329    12.3621     6.8554      1.036    32.4730    24.5590 -9.990e-29
 160.915920      1.049  37.724273    12.3621     6.8076      1.040    32.4719    24.5582 -9.990e-29
 160.915926      1.055  37.723081    12.3610     6.8375      1.046    32.4718    24.5582 -9.990e-29
 160.915932      1.066  37.721929    12.3607     6.8468      1.057    32.4709    24.5576 -9.990e-29
 160.915938      1.076  37.722726    12.3628     6.8583      1.067    32.4699    24.5564 -9.990e-29
 160.915943      1.079  37.725500    12.3659     6.8629      1.070    32.4698    24.5558 -9.990e-29
 160.915949      1.075  37.726748    12.3681     6.7922      1.066    32.4691    24.5548 -9.990e-29
 160.915955      1.071  37.725418    12.3693     6.8361      1.062    32.4668    24.5528 -9.990e-29
 160.915961      1.072  37.723184    12.3695     6.8509      1.063    32.4645    24.5510 -9.990e-29
 160.915966      1.074  37.722756    12.3691     6.8614      1.065    32.4644    24.5510 -9.990e-29
 160.915972      1.073  37.725328    12.3688     6.8824      1.064    32.4671    24.5532 -9.990e-29
 160.915978      1.072  37.727130    12.3689     6.8539      1.063    32.4688    24.5544 -9.990e-29
 160.915984      1.076  37.726167    12.3690     6.8585      1.067    32.4678    24.5536 -9.990e-29
 160.915990      1.085  37.725161    12.3684     6.8573      1.076    32.4673    24.5534 -9.990e-29
 160.915995      1.095  37.725095    12.3658     6.8602      1.086    32.4695    24.5556 -9.990e-29
 160.916001      1.103  37.722603    12.3558     6.8638      1.094    32.4758    24.5623 -9.990e-29
 160.916007      1.114  37.708286    12.3373     6.8546      1.105    32.4781    24.5676 -9.990e-29
 160.916013      1.128  37.686110    12.3259     6.8506      1.119    32.4667    24.5610 -9.990e-29
 160.916019      1.138  37.679817    12.3331     6.8485      1.128    32.4544    24.5501 -9.990e-29
 160.916024      1.140  37.692862    12.3489     6.8497      1.130    32.4532    24.5462 -9.990e-29
 160.916030      1.138  37.709662    12.3621     6.8525      1.128    32.4579    24.5473 -9.990e-29
 160.916036      1.141  37.722450    12.3701     6.8419      1.131    32.4632    24.5499 -9.990e-29
 160.916042      1.149  37.728753    12.3727     6.8348      1.139    32.4670    24.5523 -9.990e-29
 160.916047      1.154  37.728658    12.3704     6.8425      1.144    32.4689    24.5543 -9.990e-29
 160.916053      1.152  37.725485    12.3661     6.8409      1.142    32.4696    24.5556 -9.990e-29
 160.916059      1.143  37.724601    12.3642     6.8390      1.133    32.4704    24.5566 -9.990e-29
 160.916065      1.131  37.726525    12.3657     6.8380      1.122    32.4710    24.5567 -9.990e-29
 160.916071      1.123  37.727029    12.3667     6.8155      1.114    32.4706    24.5562 -9.990e-29
 160.916076      1.114  37.724412    12.3649     6.8211      1.105    32.4696    24.5559 -9.990e-29
 160.916082      1.096  37.720081    12.3592     6.8320      1.087    32.4704    24.5575 -9.990e-29
 160.916088      1.081  37.715403    12.3484     6.8383      1.072    32.4753    24.5634 -9.990e-29
 160.916094      1.079  37.708482    12.3343     6.8390      1.070    32.4809    24.5704 -9.990e-29
 160.916100      1.086  37.697792    12.3215     6.8397      1.077    32.4817    24.5735 -9.990e-29
 160.916105      1.096  37.687984    12.3142     6.8376      1.087    32.4786    24.5724 -9.990e-29
 160.916111      1.099  37.683764    12.3136     6.8453      1.090    32.4751    24.5698 -9.990e-29
 160.916117      1.095  37.686084    12.3181     6.8613      1.086    32.4734    24.5677 -9.990e-29
 160.916123      1.094  37.692291    12.3243     6.8554      1.085    32.4740    24.5670 -9.990e-29
 160.916128      1.095  37.698192    12.3298     6.8532      1.086    32.4749    24.5666 -9.990e-29
 160.916134      1.093  37.702550    12.3326     6.8135      1.084    32.4767    24.5674 -9.990e-29
 160.916140      1.093  37.703750    12.3324     6.8407      1.084    32.4780    24.5685 -9.990e-29
 160.916146      1.100  37.702689    12.3317     6.8383      1.091    32.4776    24.5683 -9.990e-29
 160.916152      1.109  37.703417    12.3323     6.8406      1.100    32.4777    24.5683 -9.990e-29
 160.916157      1.113  37.706199    12.3341     6.8494      1.104    32.4789    24.5688 -9.990e-29
 160.916163      1.111  37.708998    12.3361     6.8230      1.102    32.4798    24.5692 -9.990e-29
 160.916169      1.112  37.710923    12.3369     6.8483      1.103    32.4810    24.5699 -9.990e-29
 160.916175      1.121  37.711596    12.3357     6.8537      1.112    32.4826    24.5715 -9.990e-29
 160.916181      1.133  37.710652    12.3342     6.8453      1.124    32.4830    24.5721 -9.990e-29
 160.916186      1.142  37.709491    12.3355     6.8440      1.132    32.4808    24.5701 -9.990e-29
 160.916192      1.142  37.710346    12.3391     6.8418      1.132    32.4785    24.5676 -9.990e-29
 160.916198      1.139  37.711411    12.3415     6.8406      1.129    32.4774    24.5663 -9.990e-29
 160.916204      1.142  37.708359    12.3407     6.8572      1.132    32.4752    24.5648 -9.990e-29
 160.916209      1.149  37.693620    12.3374     6.8510      1.139    32.4639    24.5566 -9.990e-29
 160.916215      1.153  37.677659    12.3337     6.8358      1.143    32.4518    24.5480 -9.990e-29
 160.916221      1.150  37.681075    12.3303     6.8334      1.140    32.4580    24.5534 -9.990e-29
 160.916227      1.144  37.690908    12.3297     6.8418      1.134    32.4680    24.5613 -9.990e-29
 160.916233      1.143  37.697713    12.3347     6.8372      1.133    32.4702    24.5620 -9.990e-29
 160.916238      1.147  37.708740    12.3408     6.8336      1.137    32.4755    24.5650 -9.990e-29
 160.916244      1.152  37.716695    12.3419     6.8364      1.142    32.4821    24.5699 -9.990e-29
 160.916250      1.159  37.716916    12.3353     6.8415      1.149    32.4881    24.5758 -9.990e-29
 160.916256      1.163  37.709556    12.3257     6.8426      1.153    32.4893    24.5786 -9.990e-29
