data/oxygen options/ONMS/Olympic_Coast_National_Marine_Sanctuary_CTD_Data_2005_2023/raw_data/2021/CAST_KL027_210608faed.cnv
* Sea-Bird SBE19 Data File:
* FileName = C:\2021 Mooring Data\CTD\CAST_KL027_210608.hex
* Software Version 1.59
* Temperature SN = 2997
* Conductivity SN = 2997
* System UpLoad Time = Jun 08 2021 18:39:25
** CAST_KL027_210608
* ds
# nquan = 9                                 
# nvalues = 879                         
# units = specified
# name 0 = timeJ: Julian Days
# name 1 = prSM: Pressure, Strain Gauge [db]
# name 2 = c0mS/cm: Conductivity [mS/cm]
# name 3 = t090C: Temperature [ITS-90, deg C]
# name 4 = sbeox0ML/L: Oxygen, SBE 43 [ml/l]
# name 5 = depSM: Depth [salt water, m], lat = 47.5
# name 6 = sal00: Salinity, Practical [PSU]
# name 7 = sigma-é00: Density [sigma-theta, kg/m^3]
# name 8 = flag: flag
# span 0 = 159.768275, 159.773356       
# span 1 =     -4.934,     28.952       
# span 2 =   0.014251,  37.540971       
# span 3 =     7.6733,    14.4967       
# span 4 =    -1.9690,    15.9268       
# span 5 =     -4.893,     28.708       
# span 6 =     0.0129,    33.5895       
# span 7 =    -0.8135,    26.2116       
# span 8 = 0.0000e+00, 0.0000e+00       
# interval = seconds: 0.5
# start_time = Jun 08 2021 18:26:19 [Instrument's time stamp, header]
# bad_flag = -9.990e-29
*END*
[from data line 801]
 159.772911     20.316  34.607654     7.7136     2.4444     20.145    33.5453    26.1734 0.0000e+00
 159.772917     19.885  34.609385     7.7298     2.6774     19.718    33.5318    26.1604 0.0000e+00
 159.772922     19.457  34.613205     7.7585     2.9119     19.294    33.5085    26.1379 0.0000e+00
 159.772928     19.026  34.620892     7.8125     3.0551     18.866    33.4651    26.0960 0.0000e+00
 159.772934     18.591  34.633779     7.8899     3.1920     18.435    33.4049    26.0375 0.0000e+00
 159.772940     18.153  34.650607     7.9704     3.3193     18.001    33.3462    25.9797 0.0000e+00
 159.772946     17.719  34.668099     8.0412     3.4357     17.570    33.2976    25.9312 0.0000e+00
 159.772951     17.291  34.684986     8.1021     3.5499     17.146    33.2580    25.8911 0.0000e+00
 159.772957     16.872  34.703112     8.1588     3.6783     16.731    33.2237    25.8558 0.0000e+00
 159.772963     16.466  34.727093     8.2195     3.8540     16.328    33.1919    25.8219 0.0000e+00
 159.772969     16.068  34.757585     8.2857     4.0087     15.933    33.1619    25.7885 0.0000e+00
 159.772975     15.669  34.788795     8.3582     4.1764     15.538    33.1267    25.7501 0.0000e+00
 159.772980     15.266  34.813650     8.4566     4.3143     15.138    33.0607    25.6835 0.0000e+00
 159.772986     14.860  34.844613     8.5873     4.4216     14.735    32.9711    25.5935 0.0000e+00
 159.772992     14.448  34.900055     8.7143     4.5308     14.327    32.9112    25.5272 0.0000e+00
 159.772998     14.037  34.962635     8.8175     4.6236     13.919    32.8809    25.4876 0.0000e+00
 159.773003     13.633  35.011652     8.9046     4.7413     13.519    32.8516    25.4512 0.0000e+00
 159.773009     13.245  35.055942     8.9746     4.8962     13.134    32.8331    25.4258 0.0000e+00
 159.773015     12.874  35.104754     9.0388     5.0988     12.766    32.8248    25.4093 0.0000e+00
 159.773021     12.514  35.150955     9.1017     5.3343     12.409    32.8149    25.3917 0.0000e+00
 159.773027     12.164  35.200732     9.1454     5.6441     12.062    32.8264    25.3938 0.0000e+00
 159.773032     11.821  35.278487     9.1961     6.0587     11.722    32.8603    25.4123 0.0000e+00
 159.773038     11.487  35.380374     9.2972     6.5604     11.391    32.8727    25.4059 0.0000e+00
 159.773044     11.160  35.479240     9.4583     7.1352     11.067    32.8267    25.3442 0.0000e+00
 159.773050     10.834  35.562395     9.7090     7.6241     10.743    32.6833    25.1915 0.0000e+00
 159.773056     10.504  35.661204    10.0497     7.9919     10.416    32.4760    24.9736 0.0000e+00
 159.773061     10.175  35.806621    10.3785     8.3682     10.090    32.3288    24.8036 0.0000e+00
 159.773067      9.852  35.988652    10.6178     8.6186      9.770    32.2987    24.7393 0.0000e+00
 159.773073      9.536  36.196272    10.7812     8.7959      9.456    32.3610    24.7596 0.0000e+00
 159.773079      9.216  36.362892    10.9001     8.8719      9.139    32.4214    24.7858 0.0000e+00
 159.773084      8.883  36.438397    11.0075     8.7988      8.809    32.4014    24.7514 0.0000e+00
 159.773090      8.551  36.484862    11.1169     8.7989      8.479    32.3510    24.6929 0.0000e+00
 159.773096      8.233  36.553095    11.2119     8.7525      8.164    32.3348    24.6635 0.0000e+00
 159.773102      7.935  36.632139    11.2852     8.7544      7.869    32.3483    24.6609 0.0000e+00
 159.773108      7.658  36.692388    11.3329     8.8145      7.594    32.3657    24.6659 0.0000e+00
 159.773113      7.394  36.716720    11.3535     8.8801      7.332    32.3717    24.6667 0.0000e+00
 159.773119      7.131  36.713536    11.3620     8.9958      7.071    32.3612    24.6571 0.0000e+00
 159.773125      6.859  36.705549    11.3751     9.0829      6.802    32.3420    24.6398 0.0000e+00
 159.773131      6.571  36.711862    11.4037     9.1577      6.516    32.3233    24.6201 0.0000e+00
 159.773137      6.266  36.738696    11.4487     9.2054      6.214    32.3103    24.6019 0.0000e+00
 159.773142      5.953  36.776480    11.5007     9.2291      5.903    32.3019    24.5860 0.0000e+00
 159.773148      5.643  36.815680    11.5542     9.2495      5.596    32.2937    24.5699 0.0000e+00
 159.773154      5.338  36.867704    11.6073     9.2305      5.293    32.2982    24.5638 0.0000e+00
 159.773160      5.034  36.920707    11.6554     9.1683      4.992    32.3081    24.5626 0.0000e+00
 159.773166      4.731  36.941911    11.6894     9.0791      4.691    32.2992    24.5496 0.0000e+00
 159.773171      4.426  36.938890    11.7083     8.9958      4.389    32.2800    24.5311 0.0000e+00
 159.773177      4.121  36.942017    11.7224     8.9449      4.087    32.2709    24.5215 0.0000e+00
 159.773183      3.826  36.957158    11.7320     8.9159      3.794    32.2774    24.5248 0.0000e+00
 159.773189      3.552  36.960976    11.7363     8.8846      3.522    32.2774    24.5240 0.0000e+00
 159.773194      3.304  36.939509    11.7366     8.8254      3.276    32.2564    24.5077 0.0000e+00
 159.773200      3.079  36.905053    11.7308     8.7326      3.053    32.2281    24.4867 0.0000e+00
 159.773206      2.867  36.873878    11.7222     8.6848      2.843    32.2054    24.4706 0.0000e+00
 159.773212      2.659  36.851498    11.7156     8.6168      2.637    32.1894    24.4595 0.0000e+00
 159.773218      2.453  36.835537    11.7124     8.5575      2.433    32.1768    24.4502 0.0000e+00
 159.773223      2.255  36.823207    11.7144     8.4719      2.236    32.1631    24.4393 0.0000e+00
 159.773229      2.068  36.810957    11.7243     8.3472      2.051    32.1428    24.4216 0.0000e+00
 159.773235      1.894  36.800391    11.7419     8.2590      1.878    32.1173    24.3987 0.0000e+00
 159.773241      1.725  36.800399    11.7750     8.2503      1.711    32.0888    24.3705 0.0000e+00
 159.773247      1.556  36.819962    11.8342     9.8143      1.543    32.0568    24.3347 0.0000e+00
 159.773252      1.389  36.864988    11.9075     9.4147      1.377    32.0373    24.3061 0.0000e+00
 159.773258      1.229  36.937230    11.9900     8.6971      1.219    32.0362    24.2900 0.0000e+00
 159.773264      1.084  37.003555    12.0769     7.8410      1.075    32.0256    24.2656 0.0000e+00
 159.773270      0.958  37.004443    12.1229     7.1370      0.950    31.9870    24.2272 -9.990e-29
 159.773275      0.851  36.919797    12.1064     6.7133      0.844    31.9198    24.1781 -9.990e-29
 159.773281      0.765  36.751673    12.0594     6.5938      0.759    31.7982    24.0925 -9.990e-29
 159.773287      0.698  36.427801    12.0063     6.5461      0.692    31.5317    23.8956 -9.990e-29
 159.773293      0.646  35.619473    11.9480     6.5977      0.641    30.8035    23.3415 -9.990e-29
 159.773299      0.607  33.294862    11.8824     6.6191      0.602    28.6327    21.6703 -9.990e-29
 159.773304      0.577  26.379140    11.8112 -9.990e-29      0.572    22.1914    16.6956 -9.990e-29
 159.773310      0.555  16.060638    11.7370 -9.990e-29      0.550    12.9344     9.5523 -9.990e-29
 159.773316      0.539   9.169725    11.6618 -9.990e-29      0.535     7.0712     5.0297 -9.990e-29
 159.773322      0.528   6.665438    11.5870 -9.990e-29      0.524     5.0307     3.4589 -9.990e-29
 159.773328      0.522   5.480448    11.5155 -9.990e-29      0.518     4.0881     2.7366 -9.990e-29
 159.773333      0.520   4.761451    11.4509 -9.990e-29      0.516     3.5245     2.3066 -9.990e-29
 159.773339      0.523   4.195809    11.3953 -9.990e-29      0.519     3.0849     1.9716 -9.990e-29
 159.773345      0.525   3.676780    11.3503 -9.990e-29      0.521     2.6840     1.6651 -9.990e-29
 159.773351      0.523   3.301810    11.3309 -9.990e-29      0.519     2.3956     1.4429 -9.990e-29
 159.773356      0.521   3.115515 -9.990e-29 -9.990e-29      0.517 -9.990e-29 -9.990e-29 -9.990e-29
