data/oxygen options/ONMS/Olympic_Coast_National_Marine_Sanctuary_CTD_Data_2005_2023/raw_data/2021/CAST_CA015_210828faed.cnv
* Sea-Bird SBE 19 Data File:
* FileName = C:\2021 Mooring Data\Casts\CAST_CA015_210828.hex
* Software Version SeatermAF 2.1.2
* Temperature SN = 2997
* Conductivity SN = 2997
* System UpLoad Time = Aug 28 2021 00:59:23 (localtime) = Aug 28 2021 00:59:23 (UTC)
** CAST_CA015_210828
* ds
# nquan = 9                                 
# nvalues = 8110                        
# units = specified
# name 0 = timeJ: Julian Days
# name 1 = prSM: Pressure, Strain Gauge [db]
# name 2 = c0mS/cm: Conductivity [mS/cm]
# name 3 = t090C: Temperature [ITS-90, deg C]
# name 4 = sbeox0ML/L: Oxygen, SBE 43 [ml/l]
# name 5 = depSM: Depth [salt water, m], lat = 47.5
# name 6 = sal00: Salinity, Practical [PSU]
# name 7 = sigma-é00: Density [sigma-theta, kg/m^3]
# name 8 = flag: flag
# span 0 = 239.993819, 240.040747       
# span 1 =     -4.884,     18.187       
# span 2 =   0.299802,  37.767505       
# span 3 =    10.2320,    15.1967       
# span 4 =   -11.4848,    13.8633       
# span 5 =     -4.843,     18.034       
# span 6 =     0.1820,    33.1712       
# span 7 =    -0.7758,    25.3248       
# span 8 = 0.0000e+00, 0.0000e+00       
# interval = seconds: 0.5
# start_time = Aug 27 2021 23:51:06 [Instrument's time stamp, header]
# bad_flag = -9.990e-29
*END*
[from data line 2561]
 240.008640      1.030   0.477001    13.6473    -1.9377      1.021     0.2977    -0.4740 -9.990e-29
 240.008646      1.029   0.476705    13.6614    -1.9380      1.020     0.2974    -0.4761 -9.990e-29
 240.008652      1.025   0.476949    13.6725    -1.9384      1.016     0.2975    -0.4776 -9.990e-29
 240.008657      1.022   0.477504    13.6745    -1.9386      1.013     0.2978    -0.4776 -9.990e-29
 240.008663      1.022   0.478004    13.6647    -1.9389      1.013     0.2982    -0.4759 -9.990e-29
 240.008669      1.023   0.478562    13.6466    -1.9396      1.014     0.2987    -0.4731 -9.990e-29
 240.008675      1.027   0.479367    13.6260    -1.9399      1.018     0.2994    -0.4698 -9.990e-29
 240.008681      1.032   0.479831    13.6077    -1.9399      1.023     0.2998    -0.4670 -9.990e-29
 240.008686      1.035   0.479463    13.5935    -1.9397      1.026     0.2997    -0.4652 -9.990e-29
 240.008692      1.032   0.478883    13.5823    -1.9399      1.023     0.2994    -0.4639 -9.990e-29
 240.008698      1.027   0.478980    13.5727    -1.9396      1.018     0.2995    -0.4625 -9.990e-29
 240.008704      1.025   0.479884    13.5642    -1.9393      1.016     0.3002    -0.4608 -9.990e-29
 240.008709      1.024   0.481137    13.5566    -1.9391      1.015     0.3011    -0.4592 -9.990e-29
 240.008715      1.025   0.482195    13.5484    -1.9393      1.016     0.3018    -0.4575 -9.990e-29
 240.008721      1.028   0.482804    13.5399    -1.9396      1.019     0.3023    -0.4560 -9.990e-29
 240.008727      1.034   0.482670    13.5339    -1.9403      1.025     0.3022    -0.4552 -9.990e-29
 240.008733      1.037   0.481615    13.5318    -1.9411      1.028     0.3015    -0.4554 -9.990e-29
 240.008738      1.035   0.480448    13.5320    -1.9415      1.026     0.3008    -0.4561 -9.990e-29
 240.008744      1.031   0.479832    13.5331    -1.9414      1.022     0.3004    -0.4565 -9.990e-29
 240.008750      1.029   0.479499    13.5363    -1.9411      1.020     0.3002    -0.4571 -9.990e-29
 240.008756      1.029   0.479007    13.5404    -1.9411      1.020     0.2998    -0.4580 -9.990e-29
 240.008762      1.031   0.478253    13.5420    -1.9410      1.022     0.2993    -0.4586 -9.990e-29
 240.008767      1.036   0.477894    13.5387    -1.9401      1.027     0.2991    -0.4583 -9.990e-29
 240.008773      1.039   0.478563    13.5299    -1.9392      1.030     0.2996    -0.4567 -9.990e-29
 240.008779      1.037   0.480043    13.5172    -1.9381      1.028     0.3006    -0.4542 -9.990e-29
 240.008785      1.033   0.481534    13.5048    -1.9379      1.024     0.3017    -0.4517 -9.990e-29
 240.008791      1.031   0.482256    13.4976    -1.9381      1.022     0.3022    -0.4503 -9.990e-29
 240.008796      1.031   0.482062    13.4969    -1.9384      1.022     0.3021    -0.4503 -9.990e-29
 240.008802      1.034   0.481251    13.4999    -1.9386      1.025     0.3016    -0.4512 -9.990e-29
 240.008808      1.039   0.480403    13.5044    -1.9379      1.030     0.3010    -0.4522 -9.990e-29
 240.008814      1.047   0.480049    13.5124    -1.9369      1.038     0.3007    -0.4535 -9.990e-29
 240.008819      1.054   0.480271    13.5261    -1.9362      1.045     0.3007    -0.4553 -9.990e-29
 240.008825      1.056   0.480812    13.5436    -1.9358      1.047     0.3009    -0.4575 -9.990e-29
 240.008831      1.057   0.481285    13.5592    -1.9352      1.048     0.3011    -0.4594 -9.990e-29
 240.008837      1.063   0.481766    13.5673    -1.9349      1.054     0.3014    -0.4603 -9.990e-29
 240.008843      1.068   0.482346    13.5681    -1.9352      1.059     0.3017    -0.4602 -9.990e-29
 240.008848      1.070   0.482689    13.5670    -1.9357      1.061     0.3020    -0.4598 -9.990e-29
 240.008854      1.072   0.482699    13.5705    -1.9364      1.063     0.3020    -0.4603 -9.990e-29
 240.008860      1.075   0.482390    13.5813    -1.9369      1.066     0.3017    -0.4620 -9.990e-29
 240.008866      1.070   0.481905    13.5965    -1.9374      1.061     0.3013    -0.4644 -9.990e-29
 240.008872      1.057   0.481704    13.6108    -1.9380      1.048     0.3010    -0.4665 -9.990e-29
 240.008877      1.044   0.482074    13.6225    -1.9384      1.035     0.3012    -0.4679 -9.990e-29
 240.008883      1.033   0.482956    13.6316    -1.9383      1.024     0.3017    -0.4688 -9.990e-29
 240.008889      1.026   0.483863    13.6354    -1.9384      1.017     0.3022    -0.4689 -9.990e-29
 240.008895      1.020   0.484344    13.6318    -1.9389      1.011     0.3026    -0.4681 -9.990e-29
 240.008900      1.015   0.484485    13.6224    -1.9395      1.007     0.3027    -0.4667 -9.990e-29
 240.008906      1.012   0.484476    13.6102    -1.9399      1.004     0.3028    -0.4650 -9.990e-29
 240.008912      1.011   0.484305    13.5977    -1.9395      1.003     0.3028    -0.4633 -9.990e-29
 240.008918      1.010   0.484296    13.5855    -1.9392      1.002     0.3029    -0.4616 -9.990e-29
 240.008924      1.010   0.484993    13.5745    -1.9383      1.002     0.3034    -0.4597 -9.990e-29
 240.008929      1.011   0.486218    13.5667    -1.9372      1.003     0.3043    -0.4580 -9.990e-29
 240.008935      1.013   0.487387    13.5620    -1.9368      1.005     0.3050    -0.4568 -9.990e-29
 240.008941      1.016   0.488398    13.5569    -1.9369      1.008     0.3057    -0.4555 -9.990e-29
 240.008947      1.020   0.489490    13.5492    -1.9370      1.011     0.3065    -0.4539 -9.990e-29
 240.008953      1.026   0.490458    13.5409    -1.9372      1.017     0.3072    -0.4523 -9.990e-29
 240.008958      1.029   0.490929    13.5367    -1.9375      1.020     0.3075    -0.4514 -9.990e-29
 240.008964      1.026   0.490978    13.5399    -1.9371      1.017     0.3075    -0.4519 -9.990e-29
 240.008970      1.021   0.490671    13.5503    -1.9366      1.012     0.3073    -0.4535 -9.990e-29
 240.008976      1.018   0.490154    13.5656    -1.9360      1.010     0.3068    -0.4559 -9.990e-29
 240.008981      1.012   0.489845    13.5809    -1.9355      1.004     0.3065    -0.4582 -9.990e-29
 240.008987      1.003   0.489888    13.5908    -1.9349      0.995     0.3064    -0.4596 -9.990e-29
 240.008993      0.998   0.490338    13.5937    -1.9340      0.990     0.3067    -0.4597 -9.990e-29
 240.008999      0.998   0.491244    13.5925    -1.9332      0.990     0.3073    -0.4591 -9.990e-29
 240.009005      0.998   0.492150    13.5903    -1.9327      0.990     0.3079    -0.4584 -9.990e-29
 240.009010      0.998   0.492603    13.5904    -1.9324      0.990     0.3082    -0.4581 -9.990e-29
 240.009016      0.999   0.492655    13.5957    -1.9324      0.991     0.3082    -0.4589 -9.990e-29
 240.009022      1.000   0.492375    13.6056    -1.9317      0.992     0.3079    -0.4604 -9.990e-29
 240.009028      1.001   0.491943    13.6177    -1.9306      0.993     0.3076    -0.4623 -9.990e-29
 240.009034      1.002   0.491893    13.6307    -1.9297      0.994     0.3074    -0.4642 -9.990e-29
 240.009039      1.004   0.492712    13.6455    -1.9289      0.996     0.3078    -0.4659 -9.990e-29
 240.009045      1.006   0.494383    13.6625    -1.9283      0.998     0.3088    -0.4674 -9.990e-29
 240.009051      1.013   0.495809    13.6790    -1.9280      1.005     0.3096    -0.4691 -9.990e-29
 240.009057      1.026   0.496122    13.6917    -1.9280      1.017     0.3097    -0.4707 -9.990e-29
 240.009063      1.036   0.495741    13.7007    -1.9277      1.027     0.3094    -0.4722 -9.990e-29
 240.009068      1.045   0.495265    13.7101    -1.9274      1.036     0.3090    -0.4737 -9.990e-29
 240.009074      1.057   0.495171    13.7247    -1.9272      1.048     0.3088    -0.4759 -9.990e-29
 240.009080      1.069   0.495885    13.7438    -1.9269      1.060     0.3091    -0.4782 -9.990e-29
 240.009086      1.072   0.497253    13.7633    -1.9263      1.063     0.3099    -0.4803 -9.990e-29
 240.009091      1.068   0.498327    13.7809    -1.9262      1.059     0.3104    -0.4823 -9.990e-29
 240.009097      1.064   0.498324    13.7943    -1.9260      1.055     0.3103    -0.4842 -9.990e-29
 240.009103      1.060   0.497240    13.8024    -1.9257      1.051     0.3096    -0.4859 -9.990e-29
 240.009109      1.052   0.495849    13.8076    -1.9253      1.043     0.3086    -0.4874 -9.990e-29
 240.009115      1.043   0.495067    13.8131    -1.9242      1.034     0.3081    -0.4885 -9.990e-29
 240.009120      1.037   0.494959    13.8196    -1.9232      1.028     0.3080    -0.4895 -9.990e-29
 240.009126      1.034   0.495197    13.8267    -1.9235      1.025     0.3081    -0.4904 -9.990e-29
 240.009132      1.033   0.495545    13.8349    -1.9245      1.024     0.3082    -0.4914 -9.990e-29
 240.009138      1.035   0.495727    13.8435    -1.9257      1.026     0.3083    -0.4926 -9.990e-29
 240.009144      1.039   0.495429    13.8504    -1.9266      1.030     0.3080    -0.4937 -9.990e-29
 240.009149      1.042   0.494624    13.8563    -1.9264      1.033     0.3075    -0.4950 -9.990e-29
 240.009155      1.039   0.493902    13.8643    -1.9263      1.030     0.3069    -0.4965 -9.990e-29
 240.009161      1.035   0.493961    13.8766    -1.9263      1.026     0.3069    -0.4982 -9.990e-29
 240.009167      1.034   0.494881    13.8917    -1.9263      1.025     0.3074    -0.4999 -9.990e-29
 240.009172      1.034   0.496224    13.9020    -1.9262      1.025     0.3081    -0.5008 -9.990e-29
 240.009178      1.038   0.497564    13.8995    -1.9260      1.029     0.3090    -0.4997 -9.990e-29
 240.009184      1.044   0.498469    13.8851    -1.9260      1.035     0.3097    -0.4972 -9.990e-29
 240.009190      1.053   0.498484    13.8668    -1.9263      1.044     0.3099    -0.4946 -9.990e-29
 240.009196      1.062   0.497628    13.8530    -1.9262      1.053     0.3094    -0.4930 -9.990e-29
 240.009201      1.062   0.496423    13.8473    -1.9258      1.053     0.3087    -0.4928 -9.990e-29
 240.009207      1.053   0.495478    13.8463    -1.9258      1.044     0.3081    -0.4931 -9.990e-29
 240.009213      1.044   0.495196    13.8465    -1.9257      1.035     0.3079    -0.4933 -9.990e-29
 240.009219      1.038   0.495199    13.8474    -1.9255      1.029     0.3079    -0.4934 -9.990e-29
 240.009225      1.035   0.494938    13.8494    -1.9248      1.026     0.3077    -0.4938 -9.990e-29
 240.009230      1.034   0.494616    13.8514    -1.9246      1.025     0.3075    -0.4943 -9.990e-29
 240.009236      1.036   0.494359    13.8518    -1.9254      1.027     0.3073    -0.4945 -9.990e-29
 240.009242      1.041   0.493825    13.8517    -1.9258      1.032     0.3070    -0.4947 -9.990e-29
 240.009248      1.048   0.492855    13.8537    -1.9260      1.039     0.3063    -0.4955 -9.990e-29
 240.009253      1.055   0.491817    13.8575    -1.9260      1.046     0.3057    -0.4965 -9.990e-29
 240.009259      1.057   0.490990    13.8611    -1.9257      1.048     0.3051    -0.4975 -9.990e-29
 240.009265      1.054   0.490380    13.8643    -1.9253      1.045     0.3047    -0.4982 -9.990e-29
 240.009271      1.046   0.490279    13.8691    -1.9249      1.037     0.3046    -0.4990 -9.990e-29
 240.009277      1.038   0.491109    13.8747    -1.9247      1.029     0.3051    -0.4994 -9.990e-29
 240.009282      1.032   0.492867    13.8753    -1.9244      1.023     0.3062    -0.4986 -9.990e-29
 240.009288      1.029   0.494573    13.8690    -1.9240      1.020     0.3073    -0.4968 -9.990e-29
 240.009294      1.027   0.495173    13.8615    -1.9236      1.018     0.3078    -0.4954 -9.990e-29
 240.009300      1.028   0.494915    13.8573    -1.9230      1.019     0.3076    -0.4950 -9.990e-29
 240.009306      1.031   0.495116    13.8570    -1.9218      1.022     0.3078    -0.4948 -9.990e-29
 240.009311      1.036   0.497152    13.8602    -1.9211      1.027     0.3090    -0.4943 -9.990e-29
 240.009317      1.044   0.502076    13.8658    -1.9216      1.035     0.3122    -0.4926 -9.990e-29
 240.009323      1.055   0.510356    13.8721    -1.9213      1.046     0.3174    -0.4894 -9.990e-29
 240.009329      1.069   0.520841    13.8783    -1.9213      1.060     0.3241    -0.4851 -9.990e-29
 240.009334      1.084   0.531439    13.8847    -1.9212      1.075     0.3309    -0.4807 -9.990e-29
 240.009340      1.092   0.541315    13.8911    -1.9214      1.083     0.3372    -0.4767 -9.990e-29
 240.009346      1.089   0.552000    13.8986    -1.9217      1.080     0.3440    -0.4724 -9.990e-29
 240.009352      1.079   0.566101    13.9101    -1.9218      1.070     0.3530    -0.4671 -9.990e-29
 240.009358      1.070   0.583577    13.9243    -1.9216      1.061     0.3641    -0.4604 -9.990e-29
 240.009363      1.066   0.601130    13.9342    -1.9216      1.057     0.3754    -0.4530 -9.990e-29
 240.009369      1.067   0.615559    13.9375    -1.9213      1.058     0.3847    -0.4463 -9.990e-29
 240.009375      1.068   0.625045    13.9389    -1.9209      1.059     0.3908    -0.4417 -9.990e-29
 240.009381      1.064   0.629488    13.9401    -1.9207      1.055     0.3936    -0.4396 -9.990e-29
 240.009387      1.061   0.630930    13.9398    -1.9201      1.052     0.3946    -0.4389 -9.990e-29
 240.009392      1.063   0.631848    13.9375    -1.9203      1.054     0.3952    -0.4381 -9.990e-29
 240.009398      1.064   0.632913    13.9344    -1.9203      1.055     0.3959    -0.4371 -9.990e-29
 240.009404      1.061   0.632773    13.9333    -1.9205      1.052     0.3958    -0.4370 -9.990e-29
 240.009410      1.058   0.630685    13.9346    -1.9211      1.049     0.3945    -0.4382 -9.990e-29
 240.009416      1.059   0.628299    13.9373    -1.9214      1.050     0.3929    -0.4398 -9.990e-29
 240.009421      1.064   0.627977    13.9422    -1.9220      1.055     0.3926    -0.4407 -9.990e-29
 240.009427      1.074   0.630951    13.9488    -1.9226      1.065     0.3945    -0.4402 -9.990e-29
 240.009433      1.085   0.636196    13.9558    -1.9237      1.076     0.3978    -0.4386 -9.990e-29
 240.009439      1.088   0.640731    13.9609    -1.9246      1.079     0.4007    -0.4370 -9.990e-29
 240.009444      1.084   0.642843    13.9615    -1.9251      1.075     0.4021    -0.4361 -9.990e-29
 240.009450      1.078   0.643686    13.9579    -1.9259      1.069     0.4027    -0.4351 -9.990e-29
 240.009456      1.068   0.645490    13.9507    -1.9265      1.059     0.4039    -0.4331 -9.990e-29
 240.009462      1.059   0.649552    13.9405    -1.9271      1.050     0.4066    -0.4296 -9.990e-29
 240.009468      1.053   0.655191    13.9289    -1.9270      1.044     0.4104    -0.4251 -9.990e-29
 240.009473      1.052   0.660504    13.9151    -1.9271      1.043     0.4140    -0.4203 -9.990e-29
 240.009479      1.054   0.664261    13.8976    -1.9277      1.045     0.4166    -0.4159 -9.990e-29
 240.009485      1.059   0.667035    13.8772    -1.9282      1.050     0.4187    -0.4115 -9.990e-29
 240.009491      1.069   0.670862    13.8574    -1.9280      1.060     0.4214    -0.4067 -9.990e-29
 240.009497      1.079   0.676411    13.8402    -1.9273      1.070     0.4252    -0.4013 -9.990e-29
 240.009502      1.086   0.681105    13.8248    -1.9267      1.077     0.4284    -0.3967 -9.990e-29
 240.009508      1.091   0.682333    13.8113    -1.9263      1.082     0.4293    -0.3941 -9.990e-29
 240.009514      1.092   0.680623    13.8017    -1.9260      1.083     0.4283    -0.3936 -9.990e-29
 240.009520      1.092   0.678130    13.7962    -1.9258      1.083     0.4268    -0.3940 -9.990e-29
 240.009525      1.089   0.675964    13.7914    -1.9244      1.080     0.4254    -0.3944 -9.990e-29
 240.009531      1.088   0.674006    13.7846    -1.9233      1.079     0.4242    -0.3944 -9.990e-29
 240.009537      1.088   0.671861    13.7801    -1.9225      1.079     0.4228    -0.3949 -9.990e-29
 240.009543      1.086   0.669440    13.7836    -1.9218      1.077     0.4212    -0.3966 -9.990e-29
 240.009549      1.085   0.666840    13.7938    -1.9212      1.076     0.4194    -0.3994 -9.990e-29
 240.009554      1.085   0.663921    13.8052    -1.9208      1.076     0.4174    -0.4025 -9.990e-29
