data/oxygen options/ONMS/Olympic_Coast_National_Marine_Sanctuary_CTD_Data_2005_2023/raw_data/2021/CAST_CE042_210604faed.cnv
* Sea-Bird SBE19 Data File:
* FileName = C:\2021 Mooring Data\CTD\CAST_CE042_210604.hex
* Software Version 1.59
* Temperature SN = 2997
* Conductivity SN = 2997
* System UpLoad Time = Jun 04 2021 20:30:25
** CAST_CE042_210604
* ds
# nquan = 9                                 
# nvalues = 1045                        
# units = specified
# name 0 = timeJ: Julian Days
# name 1 = prSM: Pressure, Strain Gauge [db]
# name 2 = c0mS/cm: Conductivity [mS/cm]
# name 3 = t090C: Temperature [ITS-90, deg C]
# name 4 = sbeox0ML/L: Oxygen, SBE 43 [ml/l]
# name 5 = depSM: Depth [salt water, m], lat = 47.5
# name 6 = sal00: Salinity, Practical [PSU]
# name 7 = sigma-é00: Density [sigma-theta, kg/m^3]
# name 8 = flag: flag
# span 0 = 155.460185, 155.466227       
# span 1 =     -3.074,     43.822       
# span 2 =   0.009731,  38.134765       
# span 3 =     7.2115,    15.9587       
# span 4 =    -1.8873,    16.5283       
# span 5 =     -3.048,     43.452       
# span 6 =     0.0113,    33.8911       
# span 7 =    -1.0391,    26.5150       
# span 8 = 0.0000e+00, 0.0000e+00       
# interval = seconds: 0.5
# start_time = Jun 04 2021 11:02:40 [Instrument's time stamp, header]
# bad_flag = -9.990e-29
*END*
[from data line 961]
 155.465747     19.873  35.610945     9.5837     6.3220     19.706    32.8432    25.3370 0.0000e+00
 155.465752     19.467  35.645023     9.6362     6.4031     19.304    32.8303    25.3183 0.0000e+00
 155.465758     19.055  35.674282     9.6833     6.5033     18.895    32.8174    25.3006 0.0000e+00
 155.465764     18.640  35.700268     9.7284     6.6143     18.484    32.8029    25.2819 0.0000e+00
 155.465770     18.221  35.724634     9.7717     6.7723     18.068    32.7885    25.2636 0.0000e+00
 155.465775     17.798  35.747406     9.8137     6.9638     17.649    32.7737    25.2451 0.0000e+00
 155.465781     17.369  35.765347     9.8583     7.1536     17.223    32.7516    25.2205 0.0000e+00
 155.465787     16.941  35.782220     9.9182     7.3095     16.799    32.7146    25.1817 0.0000e+00
 155.465793     16.525  35.811565    10.0069     7.4218     16.386    32.6643    25.1277 0.0000e+00
 155.465799     16.125  35.865605    10.1181     7.4793     15.990    32.6188    25.0736 0.0000e+00
 155.465804     15.742  35.943518    10.2260     7.5139     15.610    32.6005    25.0412 0.0000e+00
 155.465810     15.377  36.018569    10.3061     7.4607     15.248    32.6043    25.0307 0.0000e+00
 155.465816     15.027  36.065261    10.3525     7.4361     14.901    32.6097    25.0270 0.0000e+00
 155.465822     14.683  36.090363    10.3762     7.4900     14.560    32.6138    25.0262 0.0000e+00
 155.465828     14.337  36.108295    10.3906     7.6344     14.217    32.6191    25.0278 0.0000e+00
 155.465833     13.983  36.119426    10.4019     7.8853     13.866    32.6202    25.0268 0.0000e+00
 155.465839     13.621  36.124021    10.4124     8.1632     13.507    32.6156    25.0214 0.0000e+00
 155.465845     13.257  36.128210    10.4319     8.4048     13.146    32.6025    25.0079 0.0000e+00
 155.465851     12.893  36.136462    10.4859     8.5358     12.785    32.5626    24.9675 0.0000e+00
 155.465856     12.525  36.158099    10.6366     8.5848     12.420    32.4500    24.8539 0.0000e+00
 155.465862     12.153  36.220850    10.9183     8.5505     12.051    32.2633    24.6597 0.0000e+00
 155.465868     11.789  36.353438    11.2451     8.5142     11.690    32.1081    24.4813 0.0000e+00
 155.465874     11.439  36.538104    11.5072     8.4486     11.343    32.0613    24.3980 0.0000e+00
 155.465880     11.103  36.726751    11.6824     8.4463     11.010    32.0935    24.3912 0.0000e+00
 155.465885     10.772  36.882751    11.7953     8.4251     10.682    32.1474    24.4124 0.0000e+00
 155.465891     10.438  36.978631    11.8668     8.4045     10.351    32.1786    24.4235 0.0000e+00
 155.465897     10.101  37.023376    11.9095     8.4146     10.016    32.1851    24.4207 0.0000e+00
 155.465903      9.766  37.053671    11.9337     8.3712      9.684    32.1936    24.4228 0.0000e+00
 155.465909      9.431  37.080198    11.9499     8.4383      9.352    32.2054    24.4289 0.0000e+00
 155.465914      9.090  37.099081    11.9663     8.4505      9.014    32.2096    24.4291 0.0000e+00
 155.465920      8.733  37.111385    11.9864     8.4454      8.660    32.2043    24.4213 0.0000e+00
 155.465926      8.363  37.121181    12.0131     8.4373      8.293    32.1908    24.4059 0.0000e+00
 155.465932      7.995  37.139291    12.0526     8.3932      7.928    32.1744    24.3857 0.0000e+00
 155.465938      7.639  37.173606    12.1056     8.3601      7.575    32.1619    24.3662 0.0000e+00
 155.465943      7.296  37.220534    12.1677     8.3463      7.235    32.1537    24.3482 0.0000e+00
 155.465949      6.959  37.273115    12.2381     8.3266      6.901    32.1439    24.3274 0.0000e+00
 155.465955      6.625  37.327441    12.3121     8.3018      6.570    32.1326    24.3047 0.0000e+00
 155.465961      6.293  37.373518    12.3811     8.2811      6.240    32.1177    24.2801 0.0000e+00
 155.465966      5.969  37.411669    12.4373     8.2656      5.919    32.1062    24.2605 0.0000e+00
 155.465972      5.657  37.455761    12.4779     8.2756      5.610    32.1137    24.2586 0.0000e+00
 155.465978      5.360  37.501227    12.5074     8.2787      5.315    32.1320    24.2672 0.0000e+00
 155.465984      5.078  37.535790    12.5310     8.2788      5.036    32.1449    24.2726 0.0000e+00
 155.465990      4.821  37.560676    12.5493     8.2657      4.781    32.1531    24.2755 0.0000e+00
 155.465995      4.585  37.581028    12.5629     8.2752      4.547    32.1609    24.2790 0.0000e+00
 155.466001      4.363  37.595946    12.5739     8.2762      4.327    32.1658    24.2806 0.0000e+00
 155.466007      4.159  37.606817    12.5816     8.2702      4.124    32.1697    24.2821 0.0000e+00
 155.466013      3.971  37.616922    12.5889     8.2555      3.938    32.1731    24.2834 0.0000e+00
 155.466019      3.793  37.628518    12.6014     8.2358      3.761    32.1735    24.2813 0.0000e+00
 155.466024      3.618  37.642486    12.6180     8.2516      3.588    32.1727    24.2775 0.0000e+00
 155.466030      3.446  37.652775    12.6324     8.2540      3.417    32.1703    24.2729 0.0000e+00
 155.466036      3.285  37.660208    12.6406     8.2625      3.258    32.1704    24.2714 0.0000e+00
 155.466042      3.142  37.673017    12.6442     8.2515      3.116    32.1796    24.2778 0.0000e+00
 155.466047      3.015  37.686412    12.6458     8.2388      2.990    32.1910    24.2863 -9.990e-29
 155.466053      2.896  37.691332    12.6502     8.2461      2.872    32.1919    24.2862 -9.990e-29
 155.466059      2.779  37.692095    12.6603     8.2552      2.756    32.1841    24.2782 -9.990e-29
 155.466065      2.660  37.695326    12.6695     8.2546      2.638    32.1793    24.2727 -9.990e-29
 155.466071      2.544  37.700289    12.6710     8.2314      2.523    32.1828    24.2751 -9.990e-29
 155.466076      2.436  37.704068    12.6672     8.2238      2.416    32.1897    24.2812 -9.990e-29
 155.466082      2.334  37.706656    12.6639     8.2232      2.315    32.1950    24.2860 -9.990e-29
 155.466088      2.232  37.708141    12.6641     8.1906      2.213    32.1963    24.2869 -9.990e-29
 155.466094      2.123  37.706574    12.6714     8.2184      2.105    32.1886    24.2796 -9.990e-29
 155.466100      2.005  37.704352    12.6852     8.2270      1.988    32.1748    24.2662 -9.990e-29
 155.466105      1.882  37.708608    12.6981     8.1984      1.866    32.1679    24.2583 -9.990e-29
 155.466111      1.764  37.719410    12.7061     8.1249      1.749    32.1713    24.2595 -9.990e-29
 155.466117      1.657  37.731535    12.7113     7.9349      1.643    32.1784    24.2640 -9.990e-29
 155.466123      1.557  37.743766    12.7144     7.8235      1.544    32.1874    24.2704 -9.990e-29
 155.466128      1.459  37.751662    12.7136     7.7655      1.447    32.1957    24.2769 -9.990e-29
 155.466134      1.356  37.751170    12.7105     9.1526      1.345    32.1979    24.2792 -9.990e-29
 155.466140      1.251  37.746120    12.7071     9.1368      1.241    32.1960    24.2784 -9.990e-29
 155.466146      1.153  37.739315    12.7021     8.5685      1.143    32.1939    24.2777 -9.990e-29
 155.466152      1.070  37.728973    12.6999     7.9047      1.061    32.1860    24.2720 -9.990e-29
 155.466157      1.004  37.711399    12.7025     7.2103      0.996    32.1671    24.2569 -9.990e-29
 155.466163      0.952  37.677746    12.7005     6.6727      0.944    32.1369    24.2339 -9.990e-29
 155.466169      0.905  37.591554    12.6906     6.4522      0.897    32.0635    24.1789 -9.990e-29
 155.466175      0.865  37.338462    12.6782 -9.990e-29      0.858    31.8339    24.0035 -9.990e-29
 155.466181      0.834  36.589427    12.6652 -9.990e-29      0.827    31.1353    23.4651 -9.990e-29
 155.466186      0.811  34.363681    12.6519 -9.990e-29      0.804    29.0505    21.8542 -9.990e-29
 155.466192      0.792  27.712630    12.6385 -9.990e-29      0.785    22.9172    17.1174 -9.990e-29
 155.466198      0.777  17.436825    12.6254 -9.990e-29      0.771    13.8131    10.0992 -9.990e-29
 155.466204      0.766  10.126938    12.6126 -9.990e-29      0.760     7.6728     5.3676 -9.990e-29
 155.466209      0.762   7.279523    12.6001 -9.990e-29      0.756     5.3822     3.6012 -9.990e-29
 155.466215      0.765   5.886339    12.5887 -9.990e-29      0.759     4.2884     2.7575 -9.990e-29
 155.466221      0.765   5.121611    12.5836 -9.990e-29      0.759     3.6966     2.3004 -9.990e-29
 155.466227      0.764   4.835731 -9.990e-29 -9.990e-29      0.758 -9.990e-29 -9.990e-29 -9.990e-29
