data/oxygen options/ONMS/Olympic_Coast_National_Marine_Sanctuary_CTD_Data_2005_2023/raw_data/2021/CAST_CE042_211018faedb.cnv
* Sea-Bird SBE 19 Data File:
* FileName = C:\2021 Mooring Data\Casts\PPS\CAST_CE042_PPS_211018.hex
* Software Version SeatermAF 2.1.2
* Temperature SN = 2997
* Conductivity SN = 2997
* System UpLoad Time = Oct 18 2021 18:58:08 (localtime) = Oct 18 2021 18:58:08 (UTC)
** CAST_CE042_PPS_211018
* ds
# nquan = 9
# nvalues = 43                          
# units = specified
# name 0 = timeJ: Julian Days
# name 1 = prSM: Pressure, Strain Gauge [db]
# name 2 = c0mS/cm: Conductivity [mS/cm]
# name 3 = t090C: Temperature [ITS-90, deg C]
# name 4 = sbeox0ML/L: Oxygen, SBE 43 [ml/l]
# name 5 = depSM: Depth [salt water, m], lat = 47.5
# name 6 = sal00: Salinity, Practical [PSU]
# name 7 = sigma-é00: Density [sigma-theta, kg/m^3]
# name 8 = flag: flag
# span 0 = 291.773363, 291.774287       
# span 1 =      4.000,     46.000       
# span 2 =  34.457797,  37.047102       
# span 3 =     8.3863,    12.5751       
# span 4 =     1.1614,     6.4640       
# span 5 =      3.966,     45.611       
# span 6 =    29.1968,    33.3384       
# span 7 =    21.9817,    25.9124       
# span 8 = 0.0000e+00, 0.0000e+00       
# interval = decibars: 1                
# start_time = Oct 18 2021 18:21:17 [Instrument's time stamp, header]
# bad_flag = -9.990e-29
*END*
 291.773363      4.000  34.457797    12.5751     6.4640      3.966    29.1968    21.9817 0.0000e+00
 291.773393      5.000  34.911033    12.5651     6.3014      4.958    29.6307    22.3193 0.0000e+00
 291.773417      6.000  35.401614    12.5456     6.0046      5.950    30.1084    22.6928 0.0000e+00
 291.773439      7.000  36.399143    12.4833     5.8613      6.941    31.1034    23.4749 0.0000e+00
 291.773462      8.000  36.811215    12.4434     5.7905      7.933    31.5278    23.8112 0.0000e+00
 291.773483      9.000  36.957591    12.3930     5.8506      8.925    31.7092    23.9613 0.0000e+00
 291.773505     10.000  36.957703    12.3816     5.9028      9.917    31.7186    23.9708 0.0000e+00
 291.773526     11.000  37.000655    12.3339     5.9377     10.908    31.7996    24.0425 0.0000e+00
 291.773545     12.000  37.019396    12.3023     5.9610     11.900    31.8440    24.0829 0.0000e+00
 291.773567     13.000  37.018404    12.2900     5.9361     12.891    31.8530    24.0922 0.0000e+00
 291.773591     14.000  36.989058    12.3132     5.8818     13.883    31.8048    24.0505 0.0000e+00
 291.773611     15.000  36.994335    12.2691     5.8881     14.874    31.8469    24.0915 0.0000e+00
 291.773628     16.000  37.008823    12.2562     5.8918     15.866    31.8714    24.1129 0.0000e+00
 291.773648     17.000  37.023638    12.2512     5.8981     16.857    31.8894    24.1279 0.0000e+00
 291.773669     18.000  37.047102    12.2418     5.8430     17.849    31.9195    24.1530 0.0000e+00
 291.773691     19.000  37.040567    12.2131     5.7863     18.841    31.9373    24.1722 0.0000e+00
 291.773711     20.000  37.021368    12.1647     5.7056     19.832    31.9598    24.1987 0.0000e+00
 291.773732     21.000  36.998842    12.1072     5.5558     20.824    31.9869    24.2305 0.0000e+00
 291.773753     22.000  36.953233    12.0195     5.4373     21.815    32.0178    24.2708 0.0000e+00
 291.773773     23.000  36.923541    11.9629     5.1548     22.807    32.0373    24.2964 0.0000e+00
 291.773793     24.000  36.855774    11.8027     5.2014     23.798    32.1094    24.3819 0.0000e+00
 291.773814     25.000  36.810331    11.7746     5.1741     24.790    32.0893    24.3714 0.0000e+00
 291.773841     26.000  36.819932    11.7656     4.2569     25.782    32.1060    24.3861 0.0000e+00
 291.773861     27.000  36.640118    11.3288     3.5807     26.773    32.3100    24.6236 0.0000e+00
 291.773877     28.000  36.461953    11.1140     2.3349     27.764    32.3228    24.6718 0.0000e+00
 291.773894     29.000  36.153115    10.3604     2.0885     28.756    32.6856    25.0845 0.0000e+00
 291.773913     30.000  35.750785     9.8428     2.4876     29.748    32.7453    25.2182 0.0000e+00
 291.773939     31.000  35.874996     9.9838     1.9967     30.739    32.7431    25.1933 0.0000e+00
 291.773964     32.000  35.653660     9.4658     1.6465     31.730    32.9897    25.4707 0.0000e+00
 291.773982     33.000  35.476847     9.2221     1.5893     32.722    33.0320    25.5429 0.0000e+00
 291.774000     34.000  35.406005     9.0809     1.5792     33.714    33.0892    25.6099 0.0000e+00
 291.774018     35.000  35.346350     9.0063     1.5473     34.705    33.0960    25.6270 0.0000e+00
 291.774040     36.000  35.312797     8.9840     1.5772     35.697    33.0815    25.6191 0.0000e+00
 291.774067     37.000  35.342232     8.9782     1.3988     36.688    33.1171    25.6479 0.0000e+00
 291.774089     38.000  35.203000     8.7137     1.2505     37.679    33.2184    25.7683 0.0000e+00
 291.774108     39.000  35.094329     8.5073     1.2042     38.671    33.2980    25.8622 0.0000e+00
 291.774125     40.000  35.051482     8.4345     1.2017     39.662    33.3211    25.8914 0.0000e+00
 291.774145     41.000  35.042378     8.4299     1.2339     40.654    33.3154    25.8876 0.0000e+00
 291.774171     42.000  35.071509     8.4592     1.1869     41.645    33.3180    25.8852 0.0000e+00
 291.774194     43.000  35.029557     8.3944     1.1686     42.637    33.3345    25.9080 0.0000e+00
 291.774216     44.000  35.022671     8.3942     1.1744     43.628    33.3269    25.9021 0.0000e+00
 291.774244     45.000  35.025719     8.3966     1.1798     44.620    33.3274    25.9022 0.0000e+00
 291.774287     46.000  35.027353     8.3863     1.1614     45.611    33.3384    25.9124 0.0000e+00
