data/oxygen options/OCNMS/OCNMS2/raw_data/2013/CAST_RR015_130828faed.cnv
* Sea-Bird SBE19 Data File:
* FileName = C:\2013 Mooring Data\2nd Service\Casts\CAST_RR015_130828.hex
* Software Version 1.59
* Temperature SN = 2997
* Conductivity SN = 2997
* System UpLoad Time = Aug 28 2013 15:44:14
** CAST_RR015_130828
* ds
# nquan = 9                                 
# nvalues = 1176                        
# units = specified
# name 0 = timeJ: Julian Days
# name 1 = prSM: Pressure, Strain Gauge [db]
# name 2 = c0mS/cm: Conductivity [mS/cm]
# name 3 = t090C: Temperature [ITS-90, deg C]
# name 4 = sbeox0ML/L: Oxygen, SBE 43 [ml/l]
# name 5 = depSM: Depth [salt water, m], lat = 47.5
# name 6 = sal00: Salinity, Practical [PSU]
# name 7 = sigma-é00: Density [sigma-theta, kg/m^3]
# name 8 = flag: flag
# span 0 = 240.458299, 240.465098       
# span 1 =     -5.702,     16.803       
# span 2 =   0.457164,  39.180534       
# span 3 =    14.0936,    16.1086       
# span 4 =    -1.7283,    10.4232       
# span 5 =     -5.654,     16.662       
# span 6 =     0.2694,    32.0579       
# span 7 =    -0.8553,    23.8288       
# span 8 = 0.0000e+00, 0.0000e+00       
# interval = seconds: 0.5
# start_time = Aug 28 2013 10:59:57 [Instrument's time stamp, header]
# bad_flag = -9.990e-29
*END*
[from data line 801]
 240.462934      1.280  38.380976    14.1869     6.3740      1.269    31.5514    23.4853 -9.990e-29
 240.462940      1.278  38.379965    14.1852     6.3875      1.267    31.5518    23.4860 -9.990e-29
 240.462946      1.281  38.379475    14.1840     6.3928      1.270    31.5524    23.4867 -9.990e-29
 240.462951      1.284  38.379429    14.1836     6.3990      1.273    31.5527    23.4870 -9.990e-29
 240.462957      1.283  38.379776    14.1841     6.3995      1.272    31.5526    23.4868 -9.990e-29
 240.462963      1.282  38.380434    14.1850     6.3934      1.271    31.5524    23.4865 -9.990e-29
 240.462969      1.285  38.381174    14.1862     6.3959      1.274    31.5521    23.4860 -9.990e-29
 240.462975      1.293  38.381875    14.1872     6.3974      1.282    31.5520    23.4857 -9.990e-29
 240.462980      1.307  38.382365    14.1879     6.4081      1.296    31.5518    23.4854 -9.990e-29
 240.462986      1.321  38.382752    14.1885     6.3951      1.310    31.5517    23.4852 -9.990e-29
 240.462992      1.330  38.383007    14.1890     6.3743      1.319    31.5515    23.4850 -9.990e-29
 240.462998      1.334  38.382922    14.1891     6.3789      1.323    31.5513    23.4848 -9.990e-29
 240.463003      1.336  38.382959    14.1889     6.3902      1.325    31.5515    23.4850 -9.990e-29
 240.463009      1.333  38.383182    14.1891     6.3944      1.322    31.5516    23.4850 -9.990e-29
 240.463015      1.326  38.383341    14.1899     6.3915      1.315    31.5511    23.4844 -9.990e-29
 240.463021      1.321  38.383663    14.1909     6.3853      1.310    31.5506    23.4838 -9.990e-29
 240.463027      1.323  38.384031    14.1917     6.3982      1.312    31.5502    23.4834 -9.990e-29
 240.463032      1.331  38.384390    14.1919     6.4089      1.320    31.5504    23.4835 -9.990e-29
 240.463038      1.344  38.384673    14.1919     6.4167      1.333    31.5507    23.4837 -9.990e-29
 240.463044      1.351  38.384712    14.1918     6.3786      1.340    31.5508    23.4838 -9.990e-29
 240.463050      1.355  38.384572    14.1911     6.3613      1.344    31.5512    23.4843 -9.990e-29
 240.463056      1.358  38.384078    14.1903     6.3578      1.347    31.5514    23.4846 -9.990e-29
 240.463061      1.359  38.383709    14.1905     6.3777      1.348    31.5509    23.4842 -9.990e-29
 240.463067      1.351  38.384105    14.1915     6.3883      1.340    31.5505    23.4836 -9.990e-29
 240.463073      1.339  38.384687    14.1922     6.3994      1.328    31.5504    23.4835 -9.990e-29
 240.463079      1.331  38.385126    14.1926     6.3830      1.320    31.5505    23.4834 -9.990e-29
 240.463084      1.330  38.385463    14.1926     6.3862      1.319    31.5508    23.4837 -9.990e-29
 240.463090      1.333  38.385040    14.1923     6.4085      1.322    31.5507    23.4836 -9.990e-29
 240.463096      1.330  38.384429    14.1924     6.4318      1.319    31.5500    23.4831 -9.990e-29
 240.463102      1.322  38.384509    14.1926     6.4130      1.311    31.5499    23.4830 -9.990e-29
 240.463108      1.317  38.384839    14.1926     6.3964      1.306    31.5502    23.4832 -9.990e-29
 240.463113      1.318  38.385313    14.1925     6.3851      1.307    31.5508    23.4837 -9.990e-29
 240.463119      1.326  38.385458    14.1925     6.3776      1.315    31.5509    23.4838 -9.990e-29
 240.463125      1.337  38.384920    14.1928     6.3966      1.326    31.5501    23.4831 -9.990e-29
 240.463131      1.342  38.384679    14.1932     6.4052      1.331    31.5496    23.4826 -9.990e-29
 240.463137      1.339  38.384987    14.1935     6.3862      1.328    31.5496    23.4826 -9.990e-29
 240.463142      1.331  38.385148    14.1940     6.3724      1.320    31.5494    23.4823 -9.990e-29
 240.463148      1.326  38.384829    14.1944     6.3716      1.315    31.5488    23.4817 -9.990e-29
 240.463154      1.328  38.384181    14.1946     6.3845      1.317    31.5480    23.4811 -9.990e-29
 240.463160      1.334  38.384034    14.1948     6.4103      1.323    31.5477    23.4808 -9.990e-29
 240.463166      1.338  38.384768    14.1950     6.4104      1.327    31.5482    23.4812 -9.990e-29
 240.463171      1.347  38.385694    14.1950     6.3905      1.336    31.5491    23.4818 -9.990e-29
 240.463177      1.359  38.386379    14.1947     6.3765      1.348    31.5499    23.4826 -9.990e-29
 240.463183      1.367  38.386632    14.1944     6.3712      1.356    31.5504    23.4830 -9.990e-29
 240.463189      1.369  38.386426    14.1944     6.4012      1.358    31.5502    23.4828 -9.990e-29
 240.463194      1.367  38.386050    14.1949     6.4275      1.356    31.5495    23.4822 -9.990e-29
 240.463200      1.371  38.385741    14.1956     6.4317      1.360    31.5486    23.4814 -9.990e-29
 240.463206      1.381  38.385624    14.1958     6.4119      1.369    31.5483    23.4811 -9.990e-29
 240.463212      1.388  38.385708    14.1956     6.3772      1.376    31.5486    23.4813 -9.990e-29
 240.463218      1.389  38.386083    14.1955     6.3531      1.377    31.5490    23.4817 -9.990e-29
 240.463223      1.385  38.386663    14.1959     6.3790      1.373    31.5492    23.4817 -9.990e-29
 240.463229      1.374  38.387080    14.1962     6.3974      1.363    31.5493    23.4818 -9.990e-29
 240.463235      1.360  38.387305    14.1965     6.4233      1.349    31.5493    23.4817 -9.990e-29
 240.463241      1.352  38.387615    14.1965     6.4264      1.341    31.5496    23.4819 -9.990e-29
 240.463247      1.352  38.387841    14.1960     6.4325      1.341    31.5502    23.4825 -9.990e-29
 240.463252      1.357  38.387703    14.1959     6.4358      1.346    31.5501    23.4825 -9.990e-29
 240.463258      1.358  38.387552    14.1966     6.4213      1.347    31.5494    23.4818 -9.990e-29
 240.463264      1.351  38.387727    14.1974     6.4479      1.340    31.5489    23.4813 -9.990e-29
 240.463270      1.340  38.387877    14.1975     6.3952      1.329    31.5490    23.4813 -9.990e-29
 240.463275      1.333  38.387618    14.1966     6.3762      1.322    31.5495    23.4819 -9.990e-29
 240.463281      1.334  38.387144    14.1951     6.3830      1.323    31.5503    23.4828 -9.990e-29
 240.463287      1.337  38.386920    14.1940     6.4038      1.326    31.5510    23.4835 -9.990e-29
 240.463293      1.336  38.387184    14.1937     6.4210      1.325    31.5515    23.4840 -9.990e-29
 240.463299      1.330  38.387704    14.1940     6.4219      1.319    31.5517    23.4841 -9.990e-29
 240.463304      1.327  38.388030    14.1946     6.4098      1.316    31.5515    23.4838 -9.990e-29
 240.463310      1.331  38.388015    14.1952     6.4081      1.320    31.5510    23.4833 -9.990e-29
 240.463316      1.338  38.388177    14.1960     6.4257      1.327    31.5505    23.4827 -9.990e-29
 240.463322      1.341  38.388707    14.1970     6.4345      1.330    31.5502    23.4823 -9.990e-29
 240.463328      1.338  38.389167    14.1979     6.4261      1.327    31.5499    23.4819 -9.990e-29
 240.463333      1.340  38.389590    14.1984     6.4259      1.329    31.5498    23.4817 -9.990e-29
 240.463339      1.349  38.389956    14.1988     6.4518      1.338    31.5498    23.4817 -9.990e-29
 240.463345      1.363  38.390172    14.1991     6.4205      1.352    31.5498    23.4816 -9.990e-29
 240.463351      1.373  38.390502    14.1994     6.3862      1.362    31.5498    23.4815 -9.990e-29
 240.463356      1.377  38.390803    14.1995     6.3795      1.366    31.5500    23.4817 -9.990e-29
 240.463362      1.374  38.390891    14.1998     6.3662      1.363    31.5499    23.4815 -9.990e-29
 240.463368      1.363  38.390860    14.2000     6.3869      1.352    31.5497    23.4813 -9.990e-29
 240.463374      1.350  38.390648    14.1994     6.3974      1.339    31.5500    23.4816 -9.990e-29
 240.463380      1.340  38.389949    14.1975     6.3611      1.329    31.5509    23.4827 -9.990e-29
 240.463385      1.339  38.388370    14.1945     6.3574      1.328    31.5519    23.4841 -9.990e-29
 240.463391      1.342  38.386583    14.1922     6.3916      1.331    31.5522    23.4848 -9.990e-29
 240.463397      1.340  38.386104    14.1915     6.4036      1.329    31.5523    23.4850 -9.990e-29
 240.463403      1.333  38.386832    14.1910     6.4105      1.322    31.5534    23.4860 -9.990e-29
 240.463409      1.329  38.386913    14.1893     6.4141      1.318    31.5548    23.4875 -9.990e-29
 240.463414      1.333  38.385872    14.1871     6.4033      1.322    31.5557    23.4886 -9.990e-29
 240.463420      1.340  38.385099    14.1852     6.4043      1.329    31.5565    23.4896 -9.990e-29
 240.463426      1.343  38.385221    14.1841     6.4351      1.332    31.5575    23.4906 -9.990e-29
 240.463432      1.336  38.385817    14.1843     6.4370      1.325    31.5579    23.4909 -9.990e-29
 240.463438      1.325  38.386538    14.1857     6.4370      1.314    31.5574    23.4902 -9.990e-29
 240.463443      1.316  38.387200    14.1875     6.4212      1.305    31.5566    23.4892 -9.990e-29
 240.463449      1.314  38.387545    14.1893     6.3936      1.303    31.5554    23.4879 -9.990e-29
 240.463455      1.318  38.387451    14.1904     6.3859      1.307    31.5544    23.4869 -9.990e-29
 240.463461      1.325  38.387329    14.1910     6.4021      1.314    31.5538    23.4863 -9.990e-29
 240.463466      1.325  38.387553    14.1915     6.4055      1.314    31.5536    23.4861 -9.990e-29
 240.463472      1.320  38.387839    14.1918     6.4054      1.309    31.5536    23.4860 -9.990e-29
 240.463478      1.318  38.387987    14.1922     6.4193      1.307    31.5534    23.4858 -9.990e-29
 240.463484      1.322  38.388171    14.1924     6.4124      1.311    31.5535    23.4858 -9.990e-29
 240.463490      1.329  38.388612    14.1926     6.3884      1.318    31.5537    23.4859 -9.990e-29
 240.463495      1.331  38.389317    14.1932     6.3729      1.320    31.5538    23.4859 -9.990e-29
 240.463501      1.327  38.390082    14.1940     6.3668      1.316    31.5539    23.4858 -9.990e-29
 240.463507      1.326  38.390784    14.1951     6.3883      1.315    31.5536    23.4853 -9.990e-29
 240.463513      1.332  38.391216    14.1962     6.4271      1.321    31.5531    23.4847 -9.990e-29
 240.463519      1.342  38.391371    14.1969     6.4450      1.331    31.5527    23.4842 -9.990e-29
 240.463524      1.351  38.391431    14.1975     6.4391      1.340    31.5523    23.4838 -9.990e-29
 240.463530      1.365  38.391455    14.1983     6.4129      1.354    31.5516    23.4831 -9.990e-29
 240.463536      1.384  38.391453    14.1987     6.3948      1.372    31.5513    23.4828 -9.990e-29
 240.463542      1.401  38.391399    14.1989     6.4120      1.389    31.5511    23.4826 -9.990e-29
 240.463547      1.413  38.391196    14.1989     6.4097      1.401    31.5509    23.4824 -9.990e-29
 240.463553      1.420  38.391113    14.1989     6.4243      1.408    31.5508    23.4824 -9.990e-29
 240.463559      1.423  38.391576    14.1988     6.3985      1.411    31.5513    23.4828 -9.990e-29
 240.463565      1.423  38.392057    14.1987     6.3887      1.411    31.5518    23.4832 -9.990e-29
 240.463571      1.418  38.392055    14.1988     6.4110      1.406    31.5517    23.4831 -9.990e-29
 240.463576      1.410  38.392104    14.1992     6.4207      1.398    31.5515    23.4828 -9.990e-29
 240.463582      1.397  38.392247    14.1999     6.4353      1.385    31.5510    23.4823 -9.990e-29
 240.463588      1.383  38.392091    14.2002     6.4275      1.371    31.5506    23.4820 -9.990e-29
 240.463594      1.375  38.391966    14.2000     6.4035      1.364    31.5507    23.4821 -9.990e-29
 240.463600      1.378  38.392244    14.1999     6.3983      1.366    31.5510    23.4823 -9.990e-29
 240.463605      1.387  38.392714    14.2002     6.3975      1.375    31.5512    23.4824 -9.990e-29
 240.463611      1.394  38.392857    14.2006     6.4223      1.382    31.5510    23.4822 -9.990e-29
 240.463617      1.396  38.392841    14.2009     6.4205      1.384    31.5507    23.4819 -9.990e-29
 240.463623      1.396  38.393182    14.2011     6.4240      1.384    31.5509    23.4820 -9.990e-29
 240.463628      1.404  38.393751    14.2012     6.4318      1.392    31.5513    23.4823 -9.990e-29
 240.463634      1.419  38.394166    14.2013     6.4282      1.407    31.5516    23.4825 -9.990e-29
 240.463640      1.435  38.394397    14.2014     6.4256      1.423    31.5517    23.4826 -9.990e-29
 240.463646      1.447  38.394727    14.2016     6.4060      1.435    31.5519    23.4827 -9.990e-29
 240.463652      1.457  38.395013    14.2018     6.4257      1.445    31.5520    23.4827 -9.990e-29
 240.463657      1.466  38.395053    14.2021     6.4100      1.454    31.5518    23.4825 -9.990e-29
 240.463663      1.474  38.394879    14.2025     6.4058      1.462    31.5513    23.4820 -9.990e-29
 240.463669      1.481  38.394795    14.2027     6.4214      1.469    31.5510    23.4818 -9.990e-29
 240.463675      1.488  38.395227    14.2026     6.4343      1.476    31.5515    23.4822 -9.990e-29
 240.463681      1.495  38.395606    14.2025     6.4497      1.483    31.5519    23.4825 -9.990e-29
 240.463686      1.503  38.395295    14.2027     6.4344      1.490    31.5515    23.4821 -9.990e-29
 240.463692      1.512  38.394978    14.2028     6.4190      1.499    31.5511    23.4818 -9.990e-29
 240.463698      1.523  38.395330    14.2029     6.4227      1.510    31.5513    23.4820 -9.990e-29
 240.463704      1.537  38.395675    14.2030     6.4149      1.524    31.5516    23.4821 -9.990e-29
 240.463709      1.554  38.395331    14.2029     6.4298      1.541    31.5513    23.4820 -9.990e-29
 240.463715      1.580  38.394937    14.2025     6.4270      1.567    31.5513    23.4820 -9.990e-29
 240.463721      1.625  38.395066    14.2023     6.4251      1.611    31.5516    23.4823 -9.990e-29
 240.463727      1.692  38.395307    14.2022     6.4585      1.678    31.5518    23.4825 -9.990e-29
 240.463733      1.776  38.395397    14.2022     6.4466      1.761    31.5519    23.4825 -9.990e-29
 240.463738      1.879  38.395434    14.2023     6.4364      1.863    31.5518    23.4825 -9.990e-29
 240.463744      2.007  38.395445    14.2024     6.4188      1.990    31.5517    23.4823 0.0000e+00
 240.463750      2.164  38.395421    14.2025     6.3976      2.146    31.5515    23.4822 0.0000e+00
 240.463756      2.347  38.395306    14.2020     6.3508      2.327    31.5517    23.4825 0.0000e+00
 240.463762      2.556  38.394923    14.2001     6.3002      2.535    31.5529    23.4838 0.0000e+00
 240.463767      2.793  38.394299    14.1958     6.3076      2.770    31.5557    23.4868 0.0000e+00
 240.463773      3.063  38.393697    14.1885     6.2553      3.037    31.5610    23.4925 0.0000e+00
 240.463779      3.365  38.393974    14.1783     6.2178      3.337    31.5695    23.5011 0.0000e+00
 240.463785      3.701  38.397154    14.1657     6.1820      3.670    31.5826    23.5138 0.0000e+00
 240.463791      4.071  38.405772    14.1532     6.1473      4.037    31.6006    23.5303 0.0000e+00
 240.463796      4.468  38.421204    14.1431     6.2566      4.431    31.6229    23.5495 0.0000e+00
 240.463802      4.879  38.446070    14.1369     6.2651      4.838    31.6506    23.5722 0.0000e+00
 240.463808      5.292  38.482116    14.1344     6.1978      5.248    31.6855    23.5997 0.0000e+00
 240.463814      5.704  38.520779    14.1340     6.1673      5.656    31.7211    23.6273 0.0000e+00
 240.463819      6.109  38.552505    14.1341     6.1319      6.058    31.7500    23.6495 0.0000e+00
 240.463825      6.505  38.575301    14.1333     6.0925      6.451    31.7714    23.6662 0.0000e+00
 240.463831      6.891  38.587036    14.1315     6.0555      6.833    31.7835    23.6759 0.0000e+00
 240.463837      7.265  38.589883    14.1292     6.0993      7.204    31.7879    23.6798 0.0000e+00
 240.463843      7.629  38.589294    14.1240     6.1796      7.565    31.7915    23.6836 0.0000e+00
 240.463848      7.995  38.585581    14.1147     6.1752      7.928    31.7956    23.6887 0.0000e+00
