data/oxygen options/OCNMS/OCNMS2/raw_data/2013/CAST_CE065_11SEP13faed.cnv
* Sea-Bird SBE19 Data File:
* FileName = C:\Documents and Settings\OCNMS\Desktop\2013 Data\11SEP13 Casts\CE065_11SEP13.hex
* Software Version 1.59
* Temperature SN = 2997
* Conductivity SN = 2997
* System UpLoad Time = Sep 12 2013 14:18:03
** CE065
* ds
# nquan = 9                                 
# nvalues = 1573                        
# units = specified
# name 0 = timeJ: Julian Days
# name 1 = prSM: Pressure, Strain Gauge [db]
# name 2 = c0mS/cm: Conductivity [mS/cm]
# name 3 = t090C: Temperature [ITS-90, deg C]
# name 4 = sbeox0ML/L: Oxygen, SBE 43 [ml/l]
# name 5 = depSM: Depth [salt water, m], lat = 47.5
# name 6 = sal00: Salinity, Practical [PSU]
# name 7 = sigma-é00: Density [sigma-theta, kg/m^3]
# name 8 = flag: flag
# span 0 = 254.517500, 254.526597       
# span 1 =     -5.796,     65.732       
# span 2 =   0.511645,  40.078111       
# span 3 =     7.3934,    17.4610       
# span 4 =    -1.7089,    14.1297       
# span 5 =     -5.748,     65.173       
# span 6 =     0.2970,    33.7396       
# span 7 =    -0.9645,    26.3715       
# span 8 = 0.0000e+00, 0.0000e+00       
# interval = seconds: 0.5
# start_time = Sep 11 2013 12:25:12 [Instrument's time stamp, header]
# bad_flag = -9.990e-29
*END*
[from data line 961]
 254.523061      1.286  38.749495    17.4486     6.6513      1.275    29.3667    21.0927 -9.990e-29
 254.523067      1.279  38.748549    17.4483     6.5672      1.268    29.3661    21.0923 -9.990e-29
 254.523073      1.284  38.747517    17.4481     6.5082      1.273    29.3654    21.0918 -9.990e-29
 254.523079      1.298  38.746704    17.4479     6.5254      1.287    29.3648    21.0914 -9.990e-29
 254.523084      1.313  38.746517    17.4474     6.6412      1.302    29.3650    21.0917 -9.990e-29
 254.523090      1.322  38.746706    17.4464     6.6353      1.311    29.3659    21.0926 -9.990e-29
 254.523096      1.320  38.746774    17.4447     6.6041      1.309    29.3672    21.0940 -9.990e-29
 254.523102      1.312  38.746252    17.4432     6.5719      1.301    29.3678    21.0948 -9.990e-29
 254.523108      1.306  38.745378    17.4426     6.5625      1.295    29.3675    21.0947 -9.990e-29
 254.523113      1.307  38.745226    17.4422     6.6134      1.296    29.3677    21.0950 -9.990e-29
 254.523119      1.309  38.745592    17.4414     6.6531      1.298    29.3686    21.0958 -9.990e-29
 254.523125      1.304  38.745284    17.4406     6.5783      1.293    29.3689    21.0963 -9.990e-29
 254.523131      1.292  38.744448    17.4405     6.5140      1.281    29.3683    21.0958 -9.990e-29
 254.523137      1.281  38.744211    17.4413     6.5080      1.270    29.3675    21.0950 -9.990e-29
 254.523142      1.274  38.744817    17.4422     6.6624      1.263    29.3674    21.0947 -9.990e-29
 254.523148      1.271  38.745394    17.4425     6.7058      1.260    29.3676    21.0948 -9.990e-29
 254.523154      1.272  38.745590    17.4427     6.5826      1.261    29.3676    21.0948 -9.990e-29
 254.523160      1.276  38.745665    17.4435     6.5262      1.265    29.3671    21.0942 -9.990e-29
 254.523166      1.284  38.745717    17.4445     6.5055      1.273    29.3664    21.0935 -9.990e-29
 254.523171      1.297  38.745816    17.4450     6.5747      1.286    29.3662    21.0931 -9.990e-29
 254.523177      1.311  38.746092    17.4450     6.5707      1.300    29.3664    21.0933 -9.990e-29
 254.523183      1.319  38.746354    17.4449     6.5288      1.308    29.3667    21.0936 -9.990e-29
 254.523189      1.316  38.746389    17.4447     6.5054      1.305    29.3669    21.0937 -9.990e-29
 254.523194      1.306  38.746244    17.4444     6.6042      1.295    29.3670    21.0939 -9.990e-29
 254.523200      1.299  38.745726    17.4440     6.8210      1.288    29.3668    21.0939 -9.990e-29
 254.523206      1.296  38.745263    17.4437     6.6550      1.285    29.3666    21.0938 -9.990e-29
 254.523212      1.295  38.745358    17.4440     6.5574      1.284    29.3665    21.0936 -9.990e-29
 254.523218      1.290  38.745577    17.4444     6.4578      1.279    29.3664    21.0935 -9.990e-29
 254.523223      1.286  38.745650    17.4444     6.6141      1.275    29.3665    21.0935 -9.990e-29
 254.523229      1.287  38.745674    17.4440     6.9442      1.276    29.3668    21.0938 -9.990e-29
 254.523235      1.288  38.745683    17.4435     6.8530      1.277    29.3671    21.0942 -9.990e-29
 254.523241      1.285  38.745688    17.4430     6.5663      1.274    29.3675    21.0946 -9.990e-29
 254.523247      1.283  38.745692    17.4426     6.4190      1.272    29.3678    21.0950 -9.990e-29
 254.523252      1.284  38.745701    17.4429     6.3824      1.273    29.3676    21.0947 -9.990e-29
 254.523258      1.291  38.745726    17.4437     6.8221      1.280    29.3670    21.0941 -9.990e-29
 254.523264      1.298  38.745802    17.4442     6.9341      1.287    29.3667    21.0938 -9.990e-29
 254.523270      1.302  38.746026    17.4441     6.6930      1.291    29.3670    21.0940 -9.990e-29
 254.523275      1.303  38.746138    17.4438     6.5840      1.292    29.3673    21.0943 -9.990e-29
 254.523281      1.301  38.745725    17.4433     6.4536      1.290    29.3673    21.0944 -9.990e-29
 254.523287      1.300  38.744797    17.4426     6.7058      1.289    29.3670    21.0944 -9.990e-29
 254.523293      1.305  38.743798    17.4418     6.9083      1.294    29.3668    21.0944 -9.990e-29
 254.523299      1.312  38.743634    17.4411     6.8787      1.301    29.3671    21.0948 -9.990e-29
 254.523304      1.311  38.744088    17.4402     6.6084      1.300    29.3682    21.0958 -9.990e-29
 254.523310      1.305  38.744083    17.4401     6.4749      1.294    29.3682    21.0959 -9.990e-29
 254.523316      1.299  38.744172    17.4409     6.4509      1.288    29.3677    21.0953 -9.990e-29
 254.523322      1.300  38.744472    17.4414     6.7113      1.289    29.3676    21.0951 -9.990e-29
 254.523328      1.301  38.744263    17.4414     6.8696      1.290    29.3675    21.0950 -9.990e-29
 254.523333      1.300  38.743826    17.4412     6.6745      1.289    29.3672    21.0948 -9.990e-29
 254.523339      1.299  38.743136    17.4409     6.5782      1.288    29.3669    21.0946 -9.990e-29
 254.523345      1.304  38.742395    17.4404     6.4782      1.293    29.3666    21.0945 -9.990e-29
 254.523351      1.315  38.741736    17.4396     6.7799      1.304    29.3666    21.0947 -9.990e-29
 254.523356      1.328  38.740838    17.4388     6.9011      1.317    29.3664    21.0948 -9.990e-29
 254.523362      1.336  38.740183    17.4383     6.7834      1.325    29.3662    21.0948 -9.990e-29
 254.523368      1.335  38.740018    17.4383     6.6509      1.324    29.3661    21.0947 -9.990e-29
 254.523374      1.328  38.740124    17.4387     6.5455      1.317    29.3659    21.0944 -9.990e-29
 254.523380      1.324  38.740639    17.4394     6.5812      1.313    29.3658    21.0942 -9.990e-29
 254.523385      1.327  38.741130    17.4401     6.6734      1.316    29.3657    21.0940 -9.990e-29
 254.523391      1.333  38.741132    17.4407     6.7079      1.322    29.3653    21.0935 -9.990e-29
 254.523397      1.334  38.741208    17.4413     6.6973      1.323    29.3649    21.0931 -9.990e-29
 254.523403      1.330  38.741457    17.4417     6.6657      1.319    29.3649    21.0929 -9.990e-29
 254.523409      1.329  38.741649    17.4423     6.6079      1.318    29.3646    21.0926 -9.990e-29
 254.523414      1.335  38.742040    17.4431     6.5921      1.324    29.3643    21.0922 -9.990e-29
 254.523420      1.345  38.742591    17.4437     6.5914      1.334    29.3644    21.0921 -9.990e-29
 254.523426      1.350  38.742915    17.4440     6.5979      1.339    29.3644    21.0920 -9.990e-29
 254.523432      1.351  38.742884    17.4440     6.6211      1.340    29.3644    21.0920 -9.990e-29
 254.523438      1.352  38.743016    17.4436     6.6687      1.341    29.3648    21.0924 -9.990e-29
 254.523443      1.354  38.743487    17.4434     6.6775      1.343    29.3653    21.0929 -9.990e-29
 254.523449      1.356  38.743803    17.4436     6.6300      1.345    29.3655    21.0929 -9.990e-29
 254.523455      1.359  38.743824    17.4437     6.5708      1.348    29.3654    21.0929 -9.990e-29
 254.523461      1.362  38.743579    17.4435     6.4895      1.351    29.3653    21.0929 -9.990e-29
 254.523466      1.361  38.743299    17.4435     6.5869      1.350    29.3651    21.0927 -9.990e-29
 254.523472      1.353  38.743173    17.4439     6.8079      1.342    29.3647    21.0923 -9.990e-29
 254.523478      1.341  38.743029    17.4443     6.8960      1.330    29.3643    21.0919 -9.990e-29
 254.523484      1.333  38.743237    17.4446     6.6541      1.322    29.3643    21.0918 -9.990e-29
 254.523490      1.333  38.744075    17.4452     6.5579      1.322    29.3645    21.0919 -9.990e-29
 254.523495      1.340  38.744979    17.4458     6.5198      1.329    29.3649    21.0920 -9.990e-29
 254.523501      1.351  38.745472    17.4463     6.6684      1.340    29.3649    21.0919 -9.990e-29
 254.523507      1.358  38.745650    17.4467     6.6961      1.347    29.3648    21.0917 -9.990e-29
 254.523513      1.357  38.745749    17.4470     6.6301      1.346    29.3646    21.0915 -9.990e-29
 254.523519      1.352  38.745901    17.4473     6.6257      1.341    29.3646    21.0914 -9.990e-29
 254.523524      1.351  38.746308    17.4475     6.7940      1.340    29.3648    21.0915 -9.990e-29
 254.523530      1.360  38.746953    17.4481     6.9459      1.349    29.3649    21.0914 -9.990e-29
 254.523536      1.374  38.747575    17.4486     6.7392      1.363    29.3650    21.0914 -9.990e-29
 254.523542      1.380  38.747881    17.4489     6.7046      1.368    29.3651    21.0914 -9.990e-29
 254.523547      1.372  38.747717    17.4493     6.5623      1.361    29.3646    21.0910 -9.990e-29
 254.523553      1.356  38.747424    17.4496     6.5712      1.345    29.3642    21.0906 -9.990e-29
 254.523559      1.346  38.747172    17.4493     7.0604      1.335    29.3642    21.0906 -9.990e-29
 254.523565      1.339  38.747185    17.4488     6.9868      1.328    29.3646    21.0910 -9.990e-29
 254.523571      1.332  38.747481    17.4486     6.7258      1.321    29.3650    21.0914 -9.990e-29
 254.523576      1.328  38.747330    17.4484     6.5899      1.317    29.3650    21.0914 -9.990e-29
 254.523582      1.331  38.746533    17.4479     6.3932      1.320    29.3647    21.0913 -9.990e-29
 254.523588      1.338  38.745707    17.4479     6.5656      1.327    29.3640    21.0908 -9.990e-29
 254.523594      1.340  38.745432    17.4490     6.5983      1.329    29.3629    21.0897 -9.990e-29
 254.523600      1.332  38.745899    17.4505     6.5575      1.321    29.3622    21.0889 -9.990e-29
 254.523605      1.319  38.747171    17.4514     6.5264      1.308    29.3627    21.0890 -9.990e-29
 254.523611      1.313  38.748700    17.4517     6.5234      1.302    29.3637    21.0897 -9.990e-29
 254.523617      1.322  38.749726    17.4519     6.7161      1.311    29.3645    21.0902 -9.990e-29
 254.523623      1.338  38.749936    17.4521     6.8658      1.327    29.3645    21.0902 -9.990e-29
 254.523628      1.349  38.749609    17.4522     6.7173      1.338    29.3641    21.0899 -9.990e-29
 254.523634      1.351  38.749427    17.4522     6.6791      1.340    29.3640    21.0898 -9.990e-29
 254.523640      1.350  38.749707    17.4522     6.6035      1.339    29.3642    21.0900 -9.990e-29
 254.523646      1.353  38.750260    17.4523     6.5957      1.342    29.3646    21.0903 -9.990e-29
 254.523652      1.360  38.750704    17.4525     6.6349      1.349    29.3648    21.0904 -9.990e-29
 254.523657      1.364  38.751071    17.4529     6.6867      1.353    29.3649    21.0903 -9.990e-29
 254.523663      1.360  38.751288    17.4533     6.6618      1.349    29.3648    21.0901 -9.990e-29
 254.523669      1.353  38.751083    17.4537     6.6295      1.342    29.3643    21.0897 -9.990e-29
 254.523675      1.350  38.750741    17.4537     6.6055      1.339    29.3640    21.0895 -9.990e-29
 254.523681      1.356  38.750369    17.4533     6.5825      1.345    29.3640    21.0895 -9.990e-29
 254.523686      1.366  38.750030    17.4524     6.5825      1.355    29.3643    21.0900 -9.990e-29
 254.523692      1.374  38.749831    17.4511     6.5959      1.363    29.3651    21.0909 -9.990e-29
 254.523698      1.374  38.748946    17.4496     6.6499      1.363    29.3655    21.0915 -9.990e-29
 254.523704      1.368  38.747314    17.4482     6.6572      1.357    29.3651    21.0916 -9.990e-29
 254.523709      1.359  38.746119    17.4472     6.6125      1.348    29.3648    21.0916 -9.990e-29
 254.523715      1.355  38.745451    17.4457     6.6062      1.344    29.3653    21.0923 -9.990e-29
 254.523721      1.359  38.744418    17.4434     6.6271      1.348    29.3661    21.0935 -9.990e-29
 254.523727      1.369  38.742763    17.4409     6.7401      1.358    29.3665    21.0944 -9.990e-29
 254.523733      1.375  38.741079    17.4389     6.8534      1.364    29.3666    21.0949 -9.990e-29
 254.523738      1.375  38.739920    17.4375     6.6782      1.364    29.3666    21.0952 -9.990e-29
 254.523744      1.372  38.739421    17.4368     6.6022      1.361    29.3667    21.0954 -9.990e-29
 254.523750      1.376  38.739476    17.4369     6.5602      1.365    29.3667    21.0954 -9.990e-29
 254.523756      1.385  38.740160    17.4379     6.5577      1.373    29.3665    21.0951 -9.990e-29
 254.523762      1.392  38.741263    17.4392     6.7572      1.380    29.3665    21.0947 -9.990e-29
 254.523767      1.393  38.742012    17.4406     6.7142      1.381    29.3661    21.0941 -9.990e-29
 254.523773      1.389  38.742285    17.4418     6.6033      1.377    29.3655    21.0934 -9.990e-29
 254.523779      1.379  38.742445    17.4427     6.5820      1.367    29.3650    21.0928 -9.990e-29
 254.523785      1.366  38.742706    17.4433     6.5422      1.355    29.3647    21.0925 -9.990e-29
 254.523791      1.359  38.743420    17.4437     6.6535      1.348    29.3651    21.0926 -9.990e-29
 254.523796      1.357  38.744427    17.4439     7.0492      1.346    29.3658    21.0931 -9.990e-29
 254.523802      1.352  38.744834    17.4436     6.8723      1.341    29.3663    21.0936 -9.990e-29
 254.523808      1.342  38.744627    17.4435     6.6918      1.331    29.3662    21.0935 -9.990e-29
 254.523814      1.336  38.744659    17.4440     6.6087      1.325    29.3659    21.0932 -9.990e-29
 254.523819      1.337  38.744976    17.4443     6.5281      1.326    29.3659    21.0931 -9.990e-29
 254.523825      1.343  38.744889    17.4440     6.5782      1.332    29.3661    21.0933 -9.990e-29
 254.523831      1.344  38.744286    17.4445     6.9108      1.333    29.3652    21.0925 -9.990e-29
 254.523837      1.340  38.744048    17.4455     6.9011      1.329    29.3643    21.0916 -9.990e-29
 254.523843      1.340  38.744424    17.4453     6.7310      1.329    29.3648    21.0920 -9.990e-29
 254.523848      1.348  38.744240    17.4443     6.6525      1.337    29.3653    21.0927 -9.990e-29
 254.523854      1.360  38.743256    17.4432     6.6001      1.349    29.3653    21.0929 -9.990e-29
 254.523860      1.369  38.742409    17.4421     6.6326      1.358    29.3654    21.0932 -9.990e-29
 254.523866      1.371  38.741693    17.4410     6.6657      1.360    29.3656    21.0936 -9.990e-29
 254.523872      1.366  38.740721    17.4403     6.7537      1.355    29.3652    21.0935 -9.990e-29
 254.523877      1.357  38.739884    17.4403     6.7360      1.346    29.3645    21.0930 -9.990e-29
 254.523883      1.353  38.739751    17.4408     6.6777      1.342    29.3641    21.0925 -9.990e-29
 254.523889      1.358  38.740152    17.4410     6.6699      1.347    29.3643    21.0926 -9.990e-29
 254.523895      1.368  38.740507    17.4410     6.6430      1.357    29.3646    21.0928 -9.990e-29
 254.523900      1.375  38.740734    17.4414     6.6587      1.364    29.3645    21.0927 -9.990e-29
 254.523906      1.376  38.741140    17.4422     6.6662      1.365    29.3642    21.0923 -9.990e-29
 254.523912      1.374  38.741710    17.4428     6.6581      1.363    29.3643    21.0922 -9.990e-29
 254.523918      1.373  38.742091    17.4431     6.6587      1.362    29.3644    21.0922 -9.990e-29
 254.523924      1.374  38.742235    17.4433     6.6554      1.363    29.3643    21.0922 -9.990e-29
 254.523929      1.381  38.742342    17.4437     6.6725      1.369    29.3641    21.0919 -9.990e-29
 254.523935      1.394  38.742560    17.4447     6.6712      1.382    29.3636    21.0913 -9.990e-29
 254.523941      1.406  38.743185    17.4458     6.6809      1.394    29.3633    21.0908 -9.990e-29
 254.523947      1.413  38.743934    17.4462     6.6580      1.401    29.3637    21.0910 -9.990e-29
 254.523953      1.416  38.744131    17.4462     6.6745      1.404    29.3638    21.0911 -9.990e-29
 254.523958      1.414  38.744043    17.4463     6.6685      1.402    29.3637    21.0910 -9.990e-29
 254.523964      1.412  38.744119    17.4466     6.6486      1.400    29.3635    21.0908 -9.990e-29
 254.523970      1.415  38.744466    17.4470     6.6683      1.403    29.3635    21.0907 -9.990e-29
 254.523976      1.417  38.744993    17.4474     6.7178      1.405    29.3637    21.0907 -9.990e-29
