data/oxygen options/OCNMS/OCNMS2/raw_data/2013/CAST_RR042_130726faedb.cnv
* Sea-Bird SBE19 Data File:
* FileName = C:\2013 Mooring Data\1st Service\Casts\CAST_RR042_130726.hex
* Software Version 1.59
* Temperature SN = 2997
* Conductivity SN = 2997
* System UpLoad Time = Jul 26 2013 12:41:01
** CAST_RR042_130726
* ds
# nquan = 9
# nvalues = 41                          
# units = specified
# name 0 = timeJ: Julian Days
# name 1 = prSM: Pressure, Strain Gauge [db]
# name 2 = c0mS/cm: Conductivity [mS/cm]
# name 3 = t090C: Temperature [ITS-90, deg C]
# name 4 = sbeox0ML/L: Oxygen, SBE 43 [ml/l]
# name 5 = depSM: Depth [salt water, m], lat = 47.5
# name 6 = sal00: Salinity, Practical [PSU]
# name 7 = sigma-é00: Density [sigma-theta, kg/m^3]
# name 8 = flag: flag
# span 0 = 207.510012, 207.510730       
# span 1 =      2.000,     42.000       
# span 2 =  34.182168,  36.450054       
# span 3 =     6.8901,    10.1032       
# span 4 =     1.3664,     8.7501       
# span 5 =      1.984,     41.645       
# span 6 =    33.2303,    33.8768       
# span 7 =    25.5530,    26.5493       
# span 8 = 0.0000e+00, 0.0000e+00       
# interval = decibars: 1                
# start_time = Jul 26 2013 12:08:13 [Instrument's time stamp, header]
# bad_flag = -9.990e-29
*END*
 207.510012      2.000  36.450054    10.1032     8.7501      1.984    33.2303    25.5530 0.0000e+00
 207.510037      3.000  36.444581    10.0823     7.4060      2.975    33.2436    25.5668 0.0000e+00
 207.510054      4.000  36.328154     9.8884     6.6790      3.967    33.3034    25.6460 0.0000e+00
 207.510068      5.000  36.020818     9.5685     6.3181      4.958    33.2845    25.6839 0.0000e+00
 207.510082      6.000  35.880256     9.4353     5.0952      5.950    33.2632    25.6890 0.0000e+00
 207.510095      7.000  35.817834     9.2845     4.0616      6.941    33.3387    25.7724 0.0000e+00
 207.510108      8.000  35.517229     8.8653     3.7446      7.933    33.4187    25.9012 0.0000e+00
 207.510120      9.000  35.107664     8.4330     3.6835      8.924    33.3964    25.9502 0.0000e+00
 207.510133     10.000  34.852349     8.2448     3.4988      9.916    33.3039    25.9059 0.0000e+00
 207.510148     11.000  34.798169     8.1813     3.3202     10.908    33.3062    25.9172 0.0000e+00
 207.510161     12.000  34.583905     7.7542     3.2416     11.900    33.4844    26.1196 0.0000e+00
 207.510174     13.000  34.332121     7.4553     3.2018     12.891    33.5005    26.1747 0.0000e+00
 207.510187     14.000  34.241923     7.3434     3.1196     13.883    33.5105    26.1983 0.0000e+00
 207.510201     15.000  34.218578     7.2823     3.0856     14.874    33.5438    26.2331 0.0000e+00
 207.510215     16.000  34.216947     7.2379     3.1132     15.865    33.5847    26.2714 0.0000e+00
 207.510234     17.000  34.227974     7.2569     2.9688     16.858    33.5778    26.2634 0.0000e+00
 207.510255     18.000  34.229545     7.2336     2.5708     17.849    33.6017    26.2854 0.0000e+00
 207.510272     19.000  34.212455     7.1462     2.1694     18.841    33.6677    26.3495 0.0000e+00
 207.510288     20.000  34.205863     7.0565     1.9605     19.832    33.7478    26.4248 0.0000e+00
 207.510305     21.000  34.195216     6.9979     1.9033     20.824    33.7931    26.4685 0.0000e+00
 207.510323     22.000  34.187782     6.9642     1.8229     21.815    33.8175    26.4925 0.0000e+00
 207.510344     23.000  34.195703     6.9663     1.5870     22.807    33.8237    26.4970 0.0000e+00
 207.510362     24.000  34.183936     6.9259     1.5033     23.798    33.8500    26.5233 0.0000e+00
 207.510377     25.000  34.182228     6.9104     1.5184     24.790    33.8630    26.5356 0.0000e+00
 207.510396     26.000  34.188455     6.9190     1.5081     25.782    33.8608    26.5327 0.0000e+00
 207.510416     27.000  34.187621     6.9128     1.4786     26.773    33.8655    26.5373 0.0000e+00
 207.510433     28.000  34.183222     6.9066     1.4766     27.764    33.8663    26.5388 0.0000e+00
 207.510449     29.000  34.182862     6.9030     1.4756     28.756    33.8689    26.5414 0.0000e+00
 207.510465     30.000  34.184078     6.9044     1.4582     29.747    33.8684    26.5407 0.0000e+00
 207.510483     31.000  34.185670     6.9031     1.4430     30.739    33.8709    26.5429 0.0000e+00
 207.510501     32.000  34.183222     6.8989     1.4476     31.730    33.8719    26.5443 0.0000e+00
 207.510521     33.000  34.185066     6.8994     1.4487     32.722    33.8729    26.5450 0.0000e+00
 207.510540     34.000  34.183322     6.8968     1.4233     33.713    33.8731    26.5456 0.0000e+00
 207.510556     35.000  34.182168     6.8939     1.4066     34.705    33.8742    26.5468 0.0000e+00
 207.510573     36.000  34.183045     6.8929     1.4119     35.696    33.8756    26.5481 0.0000e+00
 207.510592     37.000  34.185160     6.8950     1.3883     36.688    33.8754    26.5476 0.0000e+00
 207.510612     38.000  34.184011     6.8919     1.4008     37.679    33.8768    26.5491 0.0000e+00
 207.510631     39.000  34.183210     6.8906     1.3937     38.671    33.8766    26.5492 0.0000e+00
 207.510647     40.000  34.183214     6.8901     1.3946     39.662    33.8766    26.5493 0.0000e+00
 207.510665     41.000  34.184105     6.8913     1.3974     40.654    33.8760    26.5486 0.0000e+00
 207.510730     42.000  34.184440     6.8922     1.3664     41.645    33.8749    26.5477 0.0000e+00
