data/oxygen options/OCNMS/OCNMS2/raw_data/2013/CAST_RR015_130726faed.cnv
* Sea-Bird SBE19 Data File:
* FileName = C:\2013 Mooring Data\1st Service\Casts\CAST_RR015_130726.hex
* Software Version 1.59
* Temperature SN = 2997
* Conductivity SN = 2997
* System UpLoad Time = Jul 26 2013 12:44:42
** CAST_RR015_130726
* ds
# nquan = 9                                 
# nvalues = 876                         
# units = specified
# name 0 = timeJ: Julian Days
# name 1 = prSM: Pressure, Strain Gauge [db]
# name 2 = c0mS/cm: Conductivity [mS/cm]
# name 3 = t090C: Temperature [ITS-90, deg C]
# name 4 = sbeox0ML/L: Oxygen, SBE 43 [ml/l]
# name 5 = depSM: Depth [salt water, m], lat = 47.5
# name 6 = sal00: Salinity, Practical [PSU]
# name 7 = sigma-é00: Density [sigma-theta, kg/m^3]
# name 8 = flag: flag
# span 0 = 207.471771, 207.476834       
# span 1 =     -5.196,     15.554       
# span 2 =   0.207382,  35.229212       
# span 3 =     7.2718,    13.7974       
# span 4 =    -1.9218,    11.7095       
# span 5 =     -5.153,     15.424       
# span 6 =     0.1301,    33.6762       
# span 7 =    -0.6245,    26.3376       
# span 8 = 0.0000e+00, 0.0000e+00       
# interval = seconds: 0.5
# start_time = Jul 26 2013 11:19:21 [Instrument's time stamp, header]
# bad_flag = -9.990e-29
*END*
[from data line 481]
 207.474554     -0.145   0.208951    12.6736    -1.8338     -0.144     0.1312    -0.4779 -9.990e-29
 207.474560     -0.148   0.208829    12.6731    -1.8340     -0.147     0.1312    -0.4779 -9.990e-29
 207.474566     -0.153   0.208460    12.6691    -1.8339     -0.152     0.1309    -0.4776 -9.990e-29
 207.474572     -0.158   0.207906    12.6623    -1.8339     -0.157     0.1306    -0.4770 -9.990e-29
 207.474578     -0.160   0.207538    12.6544    -1.8340     -0.159     0.1304    -0.4762 -9.990e-29
 207.474583     -0.156   0.207417    12.6461    -1.8344     -0.155     0.1304    -0.4752 -9.990e-29
 207.474589     -0.149   0.207382    12.6380    -1.8347     -0.148     0.1304    -0.4742 -9.990e-29
 207.474595     -0.143   0.207387    12.6282    -1.8322     -0.142     0.1304    -0.4730 -9.990e-29
 207.474601     -0.137   0.207437    12.6151    -1.8268     -0.136     0.1305    -0.4713 -9.990e-29
 207.474606     -0.132   0.207596    12.6026    -1.8261     -0.131     0.1306    -0.4697 -9.990e-29
 207.474612     -0.127   0.208077    12.5951    -1.8253     -0.126     0.1309    -0.4685 -9.990e-29
 207.474618     -0.121   0.209521    12.5912    -1.8251     -0.120     0.1319    -0.4673 -9.990e-29
 207.474624     -0.114   0.213297    12.5877    -1.8239     -0.113     0.1343    -0.4650 -9.990e-29
 207.474630     -0.106   0.220564    12.5827    -1.8211     -0.105     0.1389    -0.4608 -9.990e-29
 207.474635     -0.100   0.231597    12.5771    -1.8197     -0.099     0.1460    -0.4546 -9.990e-29
 207.474641     -0.101   0.249480    12.5764    -1.8204     -0.100     0.1574    -0.4455 -9.990e-29
 207.474647     -0.104   0.289195    12.5873    -1.8207     -0.103     0.1829    -0.4270 -9.990e-29
 207.474653     -0.106   0.397048    12.6092    -1.8208     -0.105     0.2530    -0.3750 -9.990e-29
 207.474659     -0.105   0.611626    12.6331    -1.8208     -0.104     0.3949    -0.2672 -9.990e-29
 207.474664     -0.103   0.844614    12.6519    -1.7899     -0.102     0.5520    -0.1471 -9.990e-29
 207.474670     -0.098   0.976261    12.6687    -1.8997     -0.097     0.6417    -0.0794 -9.990e-29
 207.474676     -0.092   1.031421    12.6896    -1.9206     -0.091     0.6792    -0.0528 -9.990e-29
 207.474682     -0.082   1.078101    12.7115    -1.9218     -0.081     0.7110    -0.0308 -9.990e-29
 207.474687     -0.070   1.149725    12.7268    -1.5888     -0.069     0.7601     0.0055 -9.990e-29
 207.474693     -0.053   1.245931    12.7317    -1.5843     -0.053     0.8267     0.0567 -9.990e-29
 207.474699     -0.032   1.307137    12.7182    -1.5833     -0.032     0.8696     0.0917 -9.990e-29
 207.474705     -0.008   1.313539    12.6573    -1.5821     -0.008     0.8754     0.1039 -9.990e-29
 207.474711      0.012   1.349593    12.4647    -1.5861      0.012     0.9051     0.1508 -9.990e-29
 207.474716      0.027   1.566998    11.9213    -1.5828      0.027     1.0739     0.3469 -9.990e-29
 207.474722      0.049   2.291647    11.0838    -1.5880      0.049     1.6386     0.8802 -9.990e-29
 207.474728      0.082   3.105355    10.4444    -1.5895      0.081     2.2992     1.4617 -9.990e-29
 207.474734      0.129   3.549619    10.1667    -1.5887      0.128     2.6698     1.7784 -9.990e-29
 207.474740      0.188   5.366730    10.0175    -1.5880      0.186     4.1635     2.9583 -9.990e-29
 207.474745      0.259  12.415430     9.8694    -1.5903      0.257    10.2957     7.7455 -9.990e-29
 207.474751      0.342  23.427802     9.7451    -1.5947      0.339    20.6116    15.7794 -9.990e-29
 207.474757      0.426  31.078950     9.6810    -1.5940      0.422    28.1756    21.6785 -9.990e-29
 207.474763      0.494  33.873742     9.6670    -1.6004      0.490    31.0055    23.8882 -9.990e-29
 207.474769      0.541  34.830550     9.6556    -1.5963      0.536    31.9889    24.6578 -9.990e-29
 207.474774      0.576  35.072161     9.6145    -1.5950      0.571    32.2723    24.8857 -9.990e-29
 207.474780      0.609  35.098265     9.5727    -1.5922      0.604    32.3366    24.9427 -9.990e-29
 207.474786      0.643  35.071917     9.5577    -1.5904      0.638    32.3232    24.9346 -9.990e-29
 207.474792      0.670  35.046453     9.5359    -1.5867      0.664    32.3167    24.9330 -9.990e-29
 207.474797      0.692  35.033252     9.4797    -1.5846      0.686    32.3539    24.9711 -9.990e-29
 207.474803      0.711  35.019730     9.4285    -1.5911      0.705    32.3863    25.0046 -9.990e-29
 207.474809      0.724  34.987828     9.4141    -1.5938      0.718    32.3665    24.9915 -9.990e-29
 207.474815      0.735  34.898890     9.4226    -1.5922      0.729    32.2675    24.9127 -9.990e-29
 207.474821      0.751  34.743515     9.4430    -1.5879      0.745    32.0897    24.7705 -9.990e-29
 207.474826      0.767  34.605760     9.4730    -1.5844      0.761    31.9218    24.6345 -9.990e-29
 207.474832      0.781  34.602697     9.5042    -1.5834      0.774    31.8908    24.6054 -9.990e-29
 207.474838      0.797  34.695496     9.5354    -1.5846      0.790    31.9580    24.6529 -9.990e-29
 207.474844      0.817  34.819117     9.5743    -1.5905      0.810    32.0496    24.7182 -9.990e-29
 207.474850      0.833  34.958571     9.6083    -1.5880      0.826    32.1617    24.8003 -9.990e-29
 207.474855      0.842  35.048840     9.6178    -1.5881      0.835    32.2454    24.8642 -9.990e-29
 207.474861      0.845  34.990687     9.6121    -1.5890      0.838    32.1911    24.8227 -9.990e-29
 207.474867      0.845  34.806254     9.6171    -1.5872      0.838    31.9983    24.6713 -9.990e-29
 207.474873      0.852  34.691535     9.6447    -1.5836      0.845    31.8567    24.5563 -9.990e-29
 207.474878      0.871  34.751754     9.6818    -1.5844      0.864    31.8852    24.5726 -9.990e-29
 207.474884      0.897  34.905305     9.7088    -1.5870      0.890    32.0176    24.6716 -9.990e-29
 207.474890      0.921  35.030918     9.7223    -1.5872      0.913    32.1335    24.7599 -9.990e-29
 207.474896      0.930  35.049598     9.7278    -1.5873      0.922    32.1476    24.7700 -9.990e-29
 207.474902      0.925  34.928535     9.7267    -1.5859      0.917    32.0253    24.6747 -9.990e-29
 207.474907      0.916  34.770099     9.7207    -1.5824      0.908    31.8694    24.5539 -9.990e-29
 207.474913      0.908  34.719812     9.7132    -1.5817      0.900    31.8248    24.5204 -9.990e-29
 207.474919      0.911  34.740286     9.7032    -1.5851      0.903    31.8545    24.5452 -9.990e-29
 207.474925      0.925  34.791020     9.6910    -1.5882      0.917    31.9170    24.5959 -9.990e-29
 207.474931      0.938  34.920587     9.6870    -1.5870      0.930    32.0526    24.7024 -9.990e-29
 207.474936      0.938  35.062536     9.6953    -1.5825      0.930    32.1899    24.8082 -9.990e-29
 207.474942      0.924  35.078984     9.7035    -1.5831      0.916    32.1993    24.8143 -9.990e-29
 207.474948      0.909  34.987913     9.7020    -1.5879      0.901    32.1078    24.7431 -9.990e-29
 207.474954      0.905  34.924414     9.6953    -1.5881      0.897    32.0491    24.6983 -9.990e-29
 207.474959      0.911  34.955033     9.6907    -1.5873      0.903    32.0844    24.7266 -9.990e-29
 207.474965      0.920  35.075196     9.6898    -1.5854      0.912    32.2077    24.8231 -9.990e-29
 207.474971      0.926  35.209829     9.6910    -1.5838      0.918    32.3440    24.9293 -9.990e-29
 207.474977      0.932  35.229212     9.6918    -1.5875      0.924    32.3630    24.9440 -9.990e-29
 207.474983      0.937  35.111548     9.6899    -1.6015      0.929    32.2447    24.8519 -9.990e-29
 207.474988      0.942  35.004645     9.6864    -1.5883      0.934    32.1388    24.7698 -9.990e-29
 207.474994      0.946  35.042651     9.6830    -1.5867      0.938    32.1806    24.8030 -9.990e-29
 207.475000      0.951  35.146256     9.6806    -1.5869      0.943    32.2884    24.8876 -9.990e-29
 207.475006      0.955  35.130369     9.6794    -1.5881      0.947    32.2733    24.8760 -9.990e-29
 207.475012      0.961  35.007388     9.6777    -1.5877      0.953    32.1494    24.7795 -9.990e-29
 207.475017      0.968  34.936511     9.6744    -1.5873      0.960    32.0800    24.7259 -9.990e-29
 207.475023      0.972  34.966046     9.6721    -1.5871      0.964    32.1122    24.7514 -9.990e-29
 207.475029      0.965  35.026117     9.6732    -1.5867      0.957    32.1725    24.7983 -9.990e-29
 207.475035      0.946  34.977775     9.6762    -1.5871      0.938    32.1205    24.7572 -9.990e-29
 207.475041      0.927  34.700519     9.6779    -1.5872      0.919    31.8364    24.5351 -9.990e-29
 207.475046      0.921  34.472110     9.6750    -1.5874      0.913    31.6065    24.3561 -9.990e-29
 207.475052      0.926  34.601270     9.6671     9.1459      0.918    31.7449    24.4654 -9.990e-29
 207.475058      0.934  34.823898     9.6605    11.6507      0.926    31.9776    24.6481 -9.990e-29
 207.475064      0.941  34.906970     9.6609    11.7095      0.933    32.0620    24.7139 -9.990e-29
 207.475069      0.952  34.921449     9.6657     9.8719      0.944    32.0724    24.7214 -9.990e-29
 207.475075      0.972  34.926942     9.6694     6.0340      0.964    32.0747    24.7225 -9.990e-29
 207.475081      0.994  34.939148     9.6702     6.1644      0.986    32.0865    24.7316 -9.990e-29
 207.475087      1.011  34.953589     9.6693     6.3871      1.003    32.1020    24.7438 -9.990e-29
 207.475093      1.024  34.963163     9.6687     6.4219      1.015    32.1123    24.7520 -9.990e-29
 207.475098      1.029  34.959882     9.6713     6.3804      1.020    32.1066    24.7471 -9.990e-29
 207.475104      1.022  34.945505     9.6795     6.3414      1.013    32.0846    24.7286 -9.990e-29
 207.475110      1.003  34.917078     9.6939     6.3216      0.995    32.0428    24.6937 -9.990e-29
 207.475116      0.979  34.890445     9.7087     6.3061      0.971    32.0025    24.6598 -9.990e-29
 207.475122      0.966  34.890562     9.7133     6.3086      0.958    31.9985    24.6560 -9.990e-29
 207.475127      0.971  34.908038     9.7063     6.2952      0.963    32.0226    24.6759 -9.990e-29
 207.475133      0.991  34.924701     9.6980     6.2682      0.983    32.0469    24.6962 -9.990e-29
 207.475139      1.014  34.934176     9.6991     6.2512      1.006    32.0556    24.7028 -9.990e-29
 207.475145      1.028  34.933940     9.7094     6.2195      1.019    32.0462    24.6938 -9.990e-29
 207.475150      1.031  34.925887     9.7203     6.2132      1.022    32.0283    24.6780 -9.990e-29
 207.475156      1.026  34.921657     9.7264     6.2424      1.017    32.0185    24.6694 -9.990e-29
 207.475162      1.023  34.925669     9.7274     6.2695      1.014    32.0217    24.6718 -9.990e-29
 207.475168      1.024  34.931484     9.7237     6.2891      1.015    32.0309    24.6796 -9.990e-29
 207.475174      1.031  34.935066     9.7189     6.2734      1.022    32.0389    24.6865 -9.990e-29
 207.475179      1.038  34.932200     9.7190     6.2508      1.029    32.0358    24.6842 -9.990e-29
 207.475185      1.039  34.927438     9.7231     6.2189      1.030    32.0273    24.6769 -9.990e-29
 207.475191      1.033  34.931762     9.7263     6.2061      1.024    32.0289    24.6776 -9.990e-29
 207.475197      1.029  34.940267     9.7252     6.2025      1.020    32.0385    24.6853 -9.990e-29
 207.475203      1.030  34.943541     9.7184     6.2008      1.021    32.0479    24.6937 -9.990e-29
 207.475208      1.036  34.945363     9.7066     6.2123      1.027    32.0603    24.7053 -9.990e-29
 207.475214      1.044  34.947575     9.6947     6.2001      1.035    32.0732    24.7172 -9.990e-29
 207.475220      1.046  34.945815     9.6905     6.1602      1.037    32.0751    24.7194 -9.990e-29
 207.475226      1.037  34.941068     9.6928     6.1316      1.028    32.0682    24.7137 -9.990e-29
 207.475231      1.021  34.943776     9.6915     6.1257      1.012    32.0722    24.7170 -9.990e-29
 207.475237      1.006  34.955842     9.6819     6.1266      0.998    32.0930    24.7348 -9.990e-29
 207.475243      0.994  34.963639     9.6700     6.1378      0.986    32.1116    24.7512 -9.990e-29
 207.475249      0.986  34.966334     9.6612     6.1372      0.978    32.1222    24.7610 -9.990e-29
 207.475255      0.980  34.971971     9.6516     6.1354      0.972    32.1366    24.7737 -9.990e-29
 207.475260      0.977  34.981872     9.6374     6.1276      0.969    32.1594    24.7938 -9.990e-29
 207.475266      0.976  34.992968     9.6227     6.1066      0.968    32.1839    24.8153 -9.990e-29
 207.475272      0.976  34.997436     9.6173     6.1047      0.968    32.1933    24.8235 -9.990e-29
 207.475278      0.979  34.995614     9.6203     6.1071      0.971    32.1887    24.8195 -9.990e-29
 207.475284      0.984  34.995519     9.6115     6.1020      0.976    32.1965    24.8270 -9.990e-29
 207.475289      0.992  34.999261     9.5833     6.1104      0.984    32.2257    24.8543 -9.990e-29
 207.475295      1.002  35.005482     9.5495     6.1096      0.994    32.2624    24.8884 -9.990e-29
 207.475301      1.013  35.018558     9.5249     6.0895      1.005    32.2979    24.9201 -9.990e-29
 207.475307      1.018  35.035194     9.5198     6.0570      1.010    32.3196    24.9378 -9.990e-29
 207.475313      1.020  35.041157     9.5323     6.0479      1.011    32.3144    24.9318 -9.990e-29
 207.475318      1.019  35.038234     9.5436     6.0676      1.010    32.3012    24.9197 -9.990e-29
 207.475324      1.018  35.039334     9.5323     6.1114      1.010    32.3125    24.9303 -9.990e-29
 207.475330      1.021  35.044250     9.4976     6.1517      1.012    32.3489    24.9643 -9.990e-29
 207.475336      1.029  35.047780     9.4591     6.1523      1.020    32.3873    25.0005 -9.990e-29
 207.475341      1.043  35.051273     9.4312     6.1256      1.034    32.4161    25.0275 -9.990e-29
 207.475347      1.059  35.062182     9.4197     6.0878      1.050    32.4377    25.0462 -9.990e-29
 207.475353      1.069  35.070960     9.4381     6.0739      1.060    32.4301    25.0373 -9.990e-29
 207.475359      1.070  35.057939     9.4842     6.0629      1.061    32.3750    24.9869 -9.990e-29
 207.475365      1.067  35.035444     9.5241     6.0808      1.058    32.3159    24.9343 -9.990e-29
 207.475370      1.067  35.019982     9.5315     6.1032      1.058    32.2934    24.9155 -9.990e-29
 207.475376      1.074  35.014477     9.5086     6.1342      1.065    32.3084    24.9309 -9.990e-29
 207.475382      1.086  35.021125     9.4821     6.1641      1.077    32.3391    24.9592 -9.990e-29
 207.475388      1.094  35.028066     9.4809     6.1729      1.085    32.3473    24.9658 -9.990e-29
 207.475394      1.094  35.024386     9.5044     6.1849      1.085    32.3223    24.9425 -9.990e-29
 207.475399      1.087  35.018617     9.5285     6.1845      1.078    32.2947    24.9170 -9.990e-29
 207.475405      1.076  35.015952     9.5385     6.1915      1.067    32.2830    24.9063 -9.990e-29
 207.475411      1.069  35.009487     9.5404     6.1926      1.060    32.2746    24.8995 -9.990e-29
 207.475417      1.065  35.000131     9.5418     6.1838      1.056    32.2638    24.8908 -9.990e-29
 207.475422      1.061  34.994461     9.5444     6.1759      1.052    32.2557    24.8840 -9.990e-29
 207.475428      1.056  34.992198     9.5493     6.1677      1.047    32.2489    24.8780 -9.990e-29
 207.475434      1.050  34.989767     9.5559     6.1721      1.041    32.2405    24.8703 -9.990e-29
 207.475440      1.045  34.987291     9.5621     6.1667      1.036    32.2324    24.8630 -9.990e-29
 207.475446      1.043  34.987635     9.5699     6.1710      1.034    32.2258    24.8565 -9.990e-29
 207.475451      1.039  34.988459     9.5824     6.1808      1.030    32.2154    24.8464 -9.990e-29
 207.475457      1.037  34.985263     9.5953     6.1949      1.028    32.2006    24.8327 -9.990e-29
 207.475463      1.040  34.981631     9.6037     6.2040      1.031    32.1893    24.8226 -9.990e-29
 207.475469      1.045  34.981130     9.6082     6.1880      1.036    32.1848    24.8183 -9.990e-29
