data/oxygen options/OCNMS/OCNMS2/raw_data/2013/CAST_CE065_130828faedb.cnv
* Sea-Bird SBE19 Data File:
* FileName = C:\2013 Mooring Data\2nd Service\Casts\CAST_CE065_130828.hex
* Software Version 1.59
* Temperature SN = 2997
* Conductivity SN = 2997
* System UpLoad Time = Aug 28 2013 15:52:31
** CAST_CE065_130828
* ds
# nquan = 9
# nvalues = 65                          
# units = specified
# name 0 = timeJ: Julian Days
# name 1 = prSM: Pressure, Strain Gauge [db]
# name 2 = c0mS/cm: Conductivity [mS/cm]
# name 3 = t090C: Temperature [ITS-90, deg C]
# name 4 = sbeox0ML/L: Oxygen, SBE 43 [ml/l]
# name 5 = depSM: Depth [salt water, m], lat = 47.5
# name 6 = sal00: Salinity, Practical [PSU]
# name 7 = sigma-é00: Density [sigma-theta, kg/m^3]
# name 8 = flag: flag
# span 0 = 240.649385, 240.650246       
# span 1 =      2.000,     66.000       
# span 2 =  34.321734,  39.268644       
# span 3 =     7.1238,    14.7201       
# span 4 =     0.7110,     6.5768       
# span 5 =      1.983,     65.439       
# span 6 =    31.9225,    33.8596       
# span 7 =    23.6602,    26.5032       
# span 8 = 0.0000e+00, 0.0000e+00       
# interval = decibars: 1                
# start_time = Aug 28 2013 15:29:04 [Instrument's time stamp, header]
# bad_flag = -9.990e-29
*END*
 240.649385      2.000  39.268644    14.7201     6.5768      1.983    31.9225    23.6602 0.0000e+00
 240.649410      3.000  39.196006    14.6211     6.5241      2.975    31.9375    23.6927 0.0000e+00
 240.649426      4.000  39.121364    14.5322     6.4859      3.966    31.9425    23.7153 0.0000e+00
 240.649440      5.000  39.047412    14.4504     6.4443      4.958    31.9422    23.7322 0.0000e+00
 240.649453      6.000  38.990484    14.4044     6.3705      5.950    31.9279    23.7308 0.0000e+00
 240.649467      7.000  38.962620    14.3776     6.2689      6.941    31.9242    23.7334 0.0000e+00
 240.649479      8.000  38.931137    14.3364     6.0893      7.933    31.9291    23.7458 0.0000e+00
 240.649491      9.000  38.889282    14.2793     5.7834      8.925    31.9375    23.7643 0.0000e+00
 240.649502     10.000  38.839062    14.1737     5.5567      9.916    31.9786    23.8179 0.0000e+00
 240.649514     11.000  38.732265    13.9813     5.3161     10.908    32.0399    23.9047 0.0000e+00
 240.649525     12.000  38.569982    13.6870     5.0629     11.899    32.1354    24.0385 0.0000e+00
 240.649536     13.000  38.296173    13.2987     4.7864     12.891    32.2070    24.1716 0.0000e+00
 240.649549     14.000  38.026142    13.0020     4.5841     13.883    32.2048    24.2281 0.0000e+00
 240.649561     15.000  37.699092    12.3561     4.3444     14.874    32.4478    24.5406 0.0000e+00
 240.649573     16.000  37.275124    11.6774     4.1395     15.866    32.6296    24.8082 0.0000e+00
 240.649585     17.000  36.842562    11.0607     4.0802     16.857    32.7505    25.0135 0.0000e+00
 240.649597     18.000  36.522207    10.6732     3.9756     17.849    32.7782    25.1033 0.0000e+00
 240.649609     19.000  36.405582    10.5361     3.6213     18.840    32.7845    25.1320 0.0000e+00
 240.649622     20.000  36.363332    10.4439     3.0886     19.832    32.8248    25.1791 0.0000e+00
 240.649635     21.000  36.196318    10.0049     2.8519     20.823    33.0544    25.4325 0.0000e+00
 240.649647     22.000  35.813555     9.3964     2.6779     21.815    33.2232    25.6642 0.0000e+00
 240.649660     23.000  35.579729     9.1475     2.4741     22.807    33.2124    25.6956 0.0000e+00
 240.649675     24.000  35.508003     9.0274     2.3064     23.798    33.2496    25.7437 0.0000e+00
 240.649689     25.000  35.383222     8.7774     2.1585     24.790    33.3536    25.8641 0.0000e+00
 240.649702     26.000  35.208254     8.5264     2.1235     25.781    33.4060    25.9438 0.0000e+00
 240.649715     27.000  35.056696     8.3057     2.1222     26.773    33.4549    26.0155 0.0000e+00
 240.649727     28.000  34.886430     8.1031     1.9639     27.765    33.4666    26.0550 0.0000e+00
 240.649740     29.000  34.818706     8.0323     1.8453     28.756    33.4615    26.0614 0.0000e+00
 240.649753     30.000  34.728671     7.8609     1.8973     29.748    33.5291    26.1394 0.0000e+00
 240.649766     31.000  34.573442     7.6372     1.9843     30.739    33.5771    26.2094 0.0000e+00
 240.649777     32.000  34.469443     7.4881     2.0800     31.731    33.6084    26.2553 0.0000e+00
 240.649790     33.000  34.409012     7.3756     2.2190     32.722    33.6516    26.3051 0.0000e+00
 240.649803     34.000  34.350261     7.2908     2.2071     33.713    33.6697    26.3312 0.0000e+00
 240.649816     35.000  34.321986     7.2518     2.0545     34.705    33.6764    26.3420 0.0000e+00
 240.649830     36.000  34.325468     7.2557     1.8955     35.696    33.6760    26.3411 0.0000e+00
 240.649844     37.000  34.321892     7.2320     1.8659     36.688    33.6946    26.3591 0.0000e+00
 240.649855     38.000  34.321734     7.2158     1.7905     37.679    33.7098    26.3733 0.0000e+00
 240.649867     39.000  34.325479     7.2089     1.7458     38.671    33.7201    26.3823 0.0000e+00
 240.649879     40.000  34.331838     7.2103     1.7171     39.662    33.7253    26.3862 0.0000e+00
 240.649893     41.000  34.339540     7.2174     1.6555     40.654    33.7262    26.3860 0.0000e+00
 240.649907     42.000  34.343573     7.2044     1.5701     41.645    33.7428    26.4008 0.0000e+00
 240.649921     43.000  34.348594     7.1886     1.4951     42.637    33.7632    26.4191 0.0000e+00
 240.649933     44.000  34.363160     7.1851     1.2832     43.628    33.7821    26.4345 0.0000e+00
 240.649946     45.000  34.378573     7.1864     1.0612     44.620    33.7972    26.4462 0.0000e+00
 240.649958     46.000  34.403836     7.1846     0.9710     45.611    33.8261    26.4692 0.0000e+00
 240.649971     47.000  34.413107     7.1709     0.8893     46.602    33.8491    26.4893 0.0000e+00
 240.649985     48.000  34.411306     7.1699     0.8254     47.594    33.8476    26.4882 0.0000e+00
 240.649999     49.000  34.401078     7.1538     0.8146     48.585    33.8517    26.4937 0.0000e+00
 240.650012     50.000  34.386576     7.1394     0.7711     49.577    33.8496    26.4940 0.0000e+00
 240.650024     51.000  34.380420     7.1335     0.7851     50.568    33.8481    26.4937 0.0000e+00
 240.650036     52.000  34.377313     7.1302     0.7858     51.559    33.8475    26.4937 0.0000e+00
 240.650049     53.000  34.377615     7.1312     0.7588     52.551    33.8463    26.4926 0.0000e+00
 240.650065     54.000  34.380519     7.1324     0.7531     53.542    33.8479    26.4937 0.0000e+00
 240.650081     55.000  34.377293     7.1269     0.7283     54.534    33.8493    26.4955 0.0000e+00
 240.650095     56.000  34.376067     7.1238     0.7110     55.525    33.8504    26.4969 0.0000e+00
 240.650108     57.000  34.377387     7.1242     0.7555     56.517    33.8510    26.4973 0.0000e+00
 240.650123     58.000  34.380256     7.1254     0.7633     57.508    33.8525    26.4983 0.0000e+00
 240.650138     59.000  34.384855     7.1290     0.7406     58.499    33.8535    26.4986 0.0000e+00
 240.650153     60.000  34.388374     7.1315     0.7489     59.490    33.8543    26.4990 0.0000e+00
 240.650169     61.000  34.389095     7.1305     0.7447     60.482    33.8557    26.5002 0.0000e+00
 240.650182     62.000  34.390416     7.1298     0.7463     61.473    33.8573    26.5015 0.0000e+00
 240.650196     63.000  34.391186     7.1293     0.7416     62.465    33.8581    26.5023 0.0000e+00
 240.650210     64.000  34.392237     7.1293     0.7391     63.456    33.8589    26.5029 0.0000e+00
 240.650226     65.000  34.394877     7.1310     0.7446     64.447    33.8595    26.5032 0.0000e+00
 240.650246     66.000  34.398375     7.1344     0.7417     65.439    33.8596    26.5028 0.0000e+00
