data/oxygen options/OCNMS/OCNMS2/raw_data/2013/CAST_RR015_130828faed.cnv
* Sea-Bird SBE19 Data File:
* FileName = C:\2013 Mooring Data\2nd Service\Casts\CAST_RR015_130828.hex
* Software Version 1.59
* Temperature SN = 2997
* Conductivity SN = 2997
* System UpLoad Time = Aug 28 2013 15:44:14
** CAST_RR015_130828
* ds
# nquan = 9                                 
# nvalues = 1176                        
# units = specified
# name 0 = timeJ: Julian Days
# name 1 = prSM: Pressure, Strain Gauge [db]
# name 2 = c0mS/cm: Conductivity [mS/cm]
# name 3 = t090C: Temperature [ITS-90, deg C]
# name 4 = sbeox0ML/L: Oxygen, SBE 43 [ml/l]
# name 5 = depSM: Depth [salt water, m], lat = 47.5
# name 6 = sal00: Salinity, Practical [PSU]
# name 7 = sigma-é00: Density [sigma-theta, kg/m^3]
# name 8 = flag: flag
# span 0 = 240.458299, 240.465098       
# span 1 =     -5.702,     16.803       
# span 2 =   0.457164,  39.180534       
# span 3 =    14.0936,    16.1086       
# span 4 =    -1.7283,    10.4232       
# span 5 =     -5.654,     16.662       
# span 6 =     0.2694,    32.0579       
# span 7 =    -0.8553,    23.8288       
# span 8 = 0.0000e+00, 0.0000e+00       
# interval = seconds: 0.5
# start_time = Aug 28 2013 10:59:57 [Instrument's time stamp, header]
# bad_flag = -9.990e-29
*END*
[from data line 1121]
 240.464786      0.276  38.331147    14.3139     7.2907      0.274    31.4028    23.3445 -9.990e-29
 240.464792      0.245  38.183262    14.3849     7.3723      0.243    31.2107    23.1816 -9.990e-29
 240.464797      0.220  37.744625    14.4582     7.4059      0.218    30.7538    22.8144 -9.990e-29
 240.464803      0.202  36.429838    14.5282     7.3843      0.200    29.5123    21.8436 -9.990e-29
 240.464809      0.187  32.484744    14.5910     7.3862      0.185    25.9509    19.0907 -9.990e-29
 240.464815      0.176  25.726417    14.6454     7.4205      0.175    20.0443    14.5440 -9.990e-29
 240.464821      0.167  18.157225    14.6955     7.4293      0.166    13.6795     9.6550 -9.990e-29
 240.464826      0.160  11.346421    14.7444     7.4315      0.159     8.2075     5.4530 -9.990e-29
 240.464832      0.155   7.098754    14.7924     7.4319      0.154     4.9500     2.9461 -9.990e-29
 240.464838      0.151   5.432213    14.8377     7.4296      0.150     3.7136     1.9893 -9.990e-29
 240.464844      0.147   5.122039    14.8785     7.4038      0.146     3.4842     1.8065 -9.990e-29
 240.464850      0.145   5.339343    14.9150     7.4029      0.144     3.6388     1.9195 -9.990e-29
 240.464855      0.143   5.053086    14.9459     7.3860      0.142     3.4283     1.7529 -9.990e-29
 240.464861      0.141   4.512316    14.9713     7.2998      0.140     3.0368     1.4480 -9.990e-29
 240.464867      0.140   4.255187    14.9943     7.3509      0.139     2.8513     1.3017 -9.990e-29
 240.464873      0.139   3.973332    15.0171     7.3820      0.138     2.6494     1.1428 -9.990e-29
 240.464878      0.138   3.480725    15.0413     7.3965      0.137     2.3006     0.8707 -9.990e-29
 240.464884      0.138   2.999596    15.0690     7.3609      0.137     1.9637     0.6070 -9.990e-29
 240.464890      0.137   2.668558    15.0994     7.3437      0.136     1.7338     0.4253 -9.990e-29
 240.464896      0.137   2.486611    15.1282     7.3829      0.136     1.6080     0.3239 -9.990e-29
 240.464902      0.137   2.532791    15.1547     7.3950      0.136     1.6385     0.3432 -9.990e-29
 240.464907      0.137   2.817078    15.1824     7.4004      0.136     1.8322     0.4880 -9.990e-29
 240.464913      0.137   3.240479    15.2088     7.4058      0.136     2.1236     0.7082 -9.990e-29
 240.464919      0.136   3.874997    15.2281     7.4083      0.135     2.5661     1.0454 -9.990e-29
 240.464925      0.136   4.367051    15.2400     7.4108      0.135     2.9130     1.3102 -9.990e-29
 240.464931      0.136   4.144168    15.2461     7.3874      0.135     2.7547     1.1876 -9.990e-29
 240.464936      0.136   3.607184    15.2483     7.3619      0.135     2.3770     0.8968 -9.990e-29
 240.464942      0.136   3.431206    15.2513     7.3717      0.135     2.2539     0.8017 -9.990e-29
 240.464948      0.136   3.603525    15.2600     7.3787      0.135     2.3737     0.8924 -9.990e-29
 240.464954      0.136   3.587582    15.2735     7.3792      0.135     2.3618     0.8811 -9.990e-29
 240.464959      0.136   3.159566    15.2863     7.3528      0.135     2.0634     0.6496 -9.990e-29
 240.464965      0.136   2.690380    15.2962     7.3530      0.135     1.7402     0.3993 -9.990e-29
 240.464971      0.136   2.398265    15.3042     7.3706      0.135     1.5410     0.2446 -9.990e-29
 240.464977      0.136   2.233674    15.3117     7.3722      0.135     1.4294     0.1574 -9.990e-29
 240.464983      0.136   2.176205    15.3185     7.3804      0.135     1.3904     0.1263 -9.990e-29
 240.464988      0.136   2.307235    15.3235     7.3820      0.135     1.4786     0.1935 -9.990e-29
 240.464994      0.136   2.732155    15.3263     7.3855      0.135     1.7675     0.4155 -9.990e-29
 240.465000      0.136   3.248807    15.3277     7.3805      0.135     2.1230     0.6889 -9.990e-29
 240.465006      0.136   3.421089    15.3306     7.3728      0.135     2.2424     0.7802 -9.990e-29
 240.465012      0.136   3.226320    15.3380     7.3692      0.135     2.1069     0.6748 -9.990e-29
 240.465017      0.136   3.063404    15.3489     7.3646      0.135     1.9939     0.5861 -9.990e-29
 240.465023      0.136   3.067441    15.3607     7.3675      0.135     1.9960     0.5859 -9.990e-29
 240.465029      0.136   3.026364    15.3715     7.3729      0.135     1.9672     0.5620 -9.990e-29
 240.465035      0.136   2.862113    15.3798     7.3787      0.135     1.8540     0.4736 -9.990e-29
 240.465041      0.136   2.679637    15.3847     7.3634      0.135     1.7290     0.3766 -9.990e-29
 240.465046      0.136   2.550120    15.3864 -9.990e-29      0.135     1.6408     0.3084 -9.990e-29
 240.465052      0.136   2.483333    15.3854 -9.990e-29      0.135     1.5955     0.2737 -9.990e-29
 240.465058      0.136   2.491153    15.3824 -9.990e-29      0.135     1.6009     0.2784 -9.990e-29
 240.465064      0.136   2.588440    15.3788 -9.990e-29      0.135     1.6672     0.3299 -9.990e-29
 240.465069      0.136   2.731334    15.3763 -9.990e-29      0.135     1.7647     0.4054 -9.990e-29
 240.465075      0.136   2.858575    15.3746 -9.990e-29      0.135     1.8518     0.4727 -9.990e-29
 240.465081      0.136   2.926276    15.3731 -9.990e-29      0.135     1.8983     0.5088 -9.990e-29
 240.465087      0.136   2.905445    15.3718 -9.990e-29      0.135     1.8841     0.4980 -9.990e-29
 240.465093      0.136   2.832097    15.3711 -9.990e-29      0.135     1.8339     0.4595 -9.990e-29
 240.465098      0.136   2.813108 -9.990e-29 -9.990e-29      0.135 -9.990e-29 -9.990e-29 -9.990e-29
