data/oxygen options/OCNMS/OCNMS2/raw_data/2013/CAST_CE065_11SEP13faed.cnv
* Sea-Bird SBE19 Data File:
* FileName = C:\Documents and Settings\OCNMS\Desktop\2013 Data\11SEP13 Casts\CE065_11SEP13.hex
* Software Version 1.59
* Temperature SN = 2997
* Conductivity SN = 2997
* System UpLoad Time = Sep 12 2013 14:18:03
** CE065
* ds
# nquan = 9                                 
# nvalues = 1573                        
# units = specified
# name 0 = timeJ: Julian Days
# name 1 = prSM: Pressure, Strain Gauge [db]
# name 2 = c0mS/cm: Conductivity [mS/cm]
# name 3 = t090C: Temperature [ITS-90, deg C]
# name 4 = sbeox0ML/L: Oxygen, SBE 43 [ml/l]
# name 5 = depSM: Depth [salt water, m], lat = 47.5
# name 6 = sal00: Salinity, Practical [PSU]
# name 7 = sigma-é00: Density [sigma-theta, kg/m^3]
# name 8 = flag: flag
# span 0 = 254.517500, 254.526597       
# span 1 =     -5.796,     65.732       
# span 2 =   0.511645,  40.078111       
# span 3 =     7.3934,    17.4610       
# span 4 =    -1.7089,    14.1297       
# span 5 =     -5.748,     65.173       
# span 6 =     0.2970,    33.7396       
# span 7 =    -0.9645,    26.3715       
# span 8 = 0.0000e+00, 0.0000e+00       
# interval = seconds: 0.5
# start_time = Sep 11 2013 12:25:12 [Instrument's time stamp, header]
# bad_flag = -9.990e-29
*END*
[from data line 321]
 254.519358     -1.159   0.642032    16.6356    -1.7083     -1.149     0.3761    -0.8710 -9.990e-29
 254.519363     -1.147   0.641443    16.6368    -1.7083     -1.137     0.3758    -0.8715 -9.990e-29
 254.519369     -1.136   0.640399    16.6372    -1.7084     -1.127     0.3751    -0.8720 -9.990e-29
 254.519375     -1.128   0.639722    16.6377    -1.7086     -1.119     0.3747    -0.8725 -9.990e-29
 254.519381     -1.119   0.639617    16.6372    -1.7087     -1.110     0.3747    -0.8724 -9.990e-29
 254.519387     -1.104   0.639390    16.6346    -1.7089     -1.095     0.3745    -0.8721 -9.990e-29
 254.519392     -1.083   0.638182    16.6321    -1.7089     -1.074     0.3738    -0.8722 -9.990e-29
 254.519398     -1.058   0.636045    16.6320    -1.7089     -1.049     0.3725    -0.8732 -9.990e-29
 254.519404     -1.035   0.634004    16.6338    -1.7089     -1.026     0.3713    -0.8744 -9.990e-29
 254.519410     -1.019   0.632661    16.6352    -1.7088     -1.010     0.3705    -0.8753 -9.990e-29
 254.519416     -1.008   0.631886    16.6346    -1.7086     -1.000     0.3700    -0.8756 -9.990e-29
 254.519421     -1.001   0.631196    16.6313    -1.7084     -0.993     0.3696    -0.8753 -9.990e-29
 254.519427     -0.997   0.630225    16.6259    -1.7085     -0.989     0.3691    -0.8748 -9.990e-29
 254.519433     -0.997   0.629340    16.6205    -1.7086     -0.989     0.3686    -0.8742 -9.990e-29
 254.519439     -0.996   0.629020    16.6172    -1.7087     -0.988     0.3684    -0.8738 -9.990e-29
 254.519444     -0.991   0.628839    16.6162    -1.7085     -0.983     0.3683    -0.8737 -9.990e-29
 254.519450     -0.984   0.628000    16.6166    -1.7084     -0.976     0.3678    -0.8742 -9.990e-29
 254.519456     -0.979   0.626492    16.6179    -1.7083     -0.971     0.3669    -0.8751 -9.990e-29
 254.519462     -0.977   0.625072    16.6206    -1.7081     -0.969     0.3660    -0.8763 -9.990e-29
 254.519468     -0.978   0.624615    16.6246    -1.7081     -0.970     0.3657    -0.8772 -9.990e-29
 254.519473     -0.980   0.625064    16.6279    -1.7081     -0.972     0.3659    -0.8775 -9.990e-29
 254.519479     -0.981   0.625356    16.6288    -1.7079     -0.973     0.3661    -0.8776 -9.990e-29
 254.519485     -0.976   0.624771    16.6281    -1.7078     -0.968     0.3658    -0.8777 -9.990e-29
 254.519491     -0.968   0.623637    16.6286    -1.7078     -0.960     0.3651    -0.8783 -9.990e-29
 254.519497     -0.963   0.622658    16.6311    -1.7078     -0.955     0.3645    -0.8792 -9.990e-29
 254.519502     -0.958   0.622187    16.6345    -1.7077     -0.950     0.3641    -0.8801 -9.990e-29
 254.519508     -0.954   0.622150    16.6387    -1.7077     -0.946     0.3641    -0.8808 -9.990e-29
 254.519514     -0.952   0.621942    16.6436    -1.7075     -0.944     0.3639    -0.8818 -9.990e-29
 254.519520     -0.949   0.620734    16.6477    -1.7074     -0.941     0.3631    -0.8831 -9.990e-29
 254.519525     -0.948   0.618574    16.6514    -1.7073     -0.940     0.3618    -0.8847 -9.990e-29
 254.519531     -0.946   0.616457    16.6554    -1.7070     -0.938     0.3605    -0.8864 -9.990e-29
 254.519537     -0.945   0.615436    16.6586    -1.7068     -0.937     0.3599    -0.8875 -9.990e-29
 254.519543     -0.945   0.615810    16.6606    -1.7067     -0.937     0.3601    -0.8877 -9.990e-29
 254.519549     -0.944   0.616415    16.6623    -1.7067     -0.936     0.3604    -0.8877 -9.990e-29
 254.519554     -0.944   0.615843    16.6642    -1.7066     -0.936     0.3601    -0.8883 -9.990e-29
 254.519560     -0.943   0.614438    16.6669    -1.7065     -0.935     0.3592    -0.8894 -9.990e-29
 254.519566     -0.943   0.613649    16.6710    -1.7063     -0.935     0.3587    -0.8905 -9.990e-29
 254.519572     -0.942   0.614084    16.6764    -1.7062     -0.934     0.3589    -0.8913 -9.990e-29
 254.519578     -0.942   0.614662    16.6832    -1.7059     -0.934     0.3592    -0.8922 -9.990e-29
 254.519583     -0.942   0.613937    16.6908    -1.7057     -0.934     0.3587    -0.8939 -9.990e-29
 254.519589     -0.942   0.612049    16.6972    -1.7056     -0.934     0.3575    -0.8959 -9.990e-29
 254.519595     -0.941   0.610354    16.7017    -1.7053     -0.933     0.3564    -0.8975 -9.990e-29
 254.519601     -0.941   0.609915    16.7057    -1.7052     -0.933     0.3561    -0.8984 -9.990e-29
 254.519606     -0.941   0.610147    16.7099    -1.7050     -0.933     0.3562    -0.8990 -9.990e-29
 254.519612     -0.940   0.609697    16.7145    -1.7048     -0.932     0.3559    -0.9001 -9.990e-29
 254.519618     -0.940   0.608519    16.7200    -1.7046     -0.932     0.3552    -0.9016 -9.990e-29
 254.519624     -0.939   0.607257    16.7265    -1.7045     -0.931     0.3543    -0.9033 -9.990e-29
 254.519630     -0.938   0.606443    16.7338    -1.7043     -0.930     0.3538    -0.9050 -9.990e-29
 254.519635     -0.937   0.606654    16.7414    -1.7043     -0.929     0.3539    -0.9063 -9.990e-29
 254.519641     -0.935   0.607616    16.7494    -1.7042     -0.927     0.3544    -0.9073 -9.990e-29
 254.519647     -0.934   0.607840    16.7576    -1.7040     -0.926     0.3544    -0.9086 -9.990e-29
 254.519653     -0.931   0.606519    16.7650    -1.7038     -0.923     0.3536    -0.9105 -9.990e-29
 254.519659     -0.928   0.604660    16.7716    -1.7035     -0.920     0.3524    -0.9126 -9.990e-29
 254.519664     -0.924   0.603660    16.7782    -1.7030     -0.916     0.3517    -0.9142 -9.990e-29
 254.519670     -0.919   0.603848    16.7852    -1.7027     -0.911     0.3518    -0.9154 -9.990e-29
 254.519676     -0.912   0.604367    16.7919    -1.7024     -0.904     0.3521    -0.9163 -9.990e-29
 254.519682     -0.904   0.604246    16.7973    -1.7024     -0.896     0.3519    -0.9174 -9.990e-29
 254.519688     -0.893   0.603324    16.8019    -1.7025     -0.886     0.3513    -0.9186 -9.990e-29
 254.519693     -0.879   0.602034    16.8075    -1.7030     -0.872     0.3505    -0.9202 -9.990e-29
 254.519699     -0.865   0.600868    16.8148    -1.7032     -0.858     0.3498    -0.9221 -9.990e-29
 254.519705     -0.859   0.599933    16.8241    -1.7033     -0.852     0.3491    -0.9241 -9.990e-29
 254.519711     -0.861   0.599090    16.8362    -1.7034     -0.854     0.3485    -0.9267 -9.990e-29
 254.519716     -0.866   0.598323    16.8494    -1.7035     -0.859     0.3479    -0.9294 -9.990e-29
 254.519722     -0.874   0.597715    16.8611    -1.7037     -0.867     0.3475    -0.9318 -9.990e-29
 254.519728     -0.883   0.597563    16.8688    -1.7039     -0.876     0.3473    -0.9333 -9.990e-29
 254.519734     -0.888   0.597664    16.8706    -1.7039     -0.881     0.3474    -0.9335 -9.990e-29
 254.519740     -0.890   0.597046    16.8660    -1.7040     -0.883     0.3470    -0.9330 -9.990e-29
 254.519745     -0.888   0.595437    16.8572    -1.7041     -0.881     0.3461    -0.9322 -9.990e-29
 254.519751     -0.887   0.594014    16.8482    -1.7042     -0.880     0.3454    -0.9312 -9.990e-29
 254.519757     -0.891   0.594202    16.8415    -1.7041     -0.884     0.3455    -0.9299 -9.990e-29
 254.519763     -0.896   0.595700    16.8363    -1.7042     -0.889     0.3465    -0.9283 -9.990e-29
 254.519769     -0.898   0.596626    16.8309    -1.7043     -0.891     0.3471    -0.9269 -9.990e-29
 254.519774     -0.897   0.596001    16.8254    -1.7043     -0.890     0.3467    -0.9262 -9.990e-29
 254.519780     -0.893   0.594651    16.8207    -1.7042     -0.886     0.3460    -0.9260 -9.990e-29
 254.519786     -0.886   0.593545    16.8173    -1.7043     -0.879     0.3453    -0.9259 -9.990e-29
 254.519792     -0.876   0.592870    16.8145    -1.7041     -0.869     0.3450    -0.9257 -9.990e-29
 254.519797     -0.866   0.592833    16.8115    -1.7042     -0.859     0.3450    -0.9252 -9.990e-29
 254.519803     -0.860   0.593386    16.8094    -1.7045     -0.853     0.3453    -0.9245 -9.990e-29
 254.519809     -0.852   0.593604    16.8083    -1.7047     -0.845     0.3454    -0.9243 -9.990e-29
 254.519815     -0.839   0.592669    16.8068    -1.7048     -0.832     0.3449    -0.9244 -9.990e-29
 254.519821     -0.823   0.590993    16.8048    -1.7047     -0.816     0.3439    -0.9248 -9.990e-29
 254.519826     -0.813   0.589665    16.8039    -1.7046     -0.806     0.3431    -0.9253 -9.990e-29
 254.519832     -0.808   0.589131    16.8048    -1.7047     -0.801     0.3428    -0.9257 -9.990e-29
 254.519838     -0.798   0.589230    16.8063    -1.7046     -0.791     0.3428    -0.9259 -9.990e-29
 254.519844     -0.783   0.589543    16.8067    -1.7050     -0.776     0.3430    -0.9258 -9.990e-29
 254.519850     -0.771   0.589379    16.8037    -1.7054     -0.765     0.3429    -0.9254 -9.990e-29
 254.519855     -0.766   0.588517    16.7974    -1.7055     -0.760     0.3425    -0.9247 -9.990e-29
 254.519861     -0.766   0.587470    16.7916    -1.7055     -0.760     0.3419    -0.9241 -9.990e-29
 254.519867     -0.768   0.586501    16.7889    -1.7052     -0.762     0.3413    -0.9241 -9.990e-29
 254.519873     -0.768   0.585427    16.7891    -1.7051     -0.762     0.3407    -0.9246 -9.990e-29
 254.519878     -0.765   0.584476    16.7901    -1.7052     -0.759     0.3401    -0.9252 -9.990e-29
 254.519884     -0.759   0.584041    16.7893    -1.7054     -0.753     0.3399    -0.9253 -9.990e-29
 254.519890     -0.755   0.584097    16.7853    -1.7056     -0.749     0.3399    -0.9245 -9.990e-29
 254.519896     -0.751   0.584162    16.7780    -1.7056     -0.745     0.3400    -0.9232 -9.990e-29
 254.519902     -0.744   0.583216    16.7700    -1.7054     -0.738     0.3395    -0.9222 -9.990e-29
 254.519907     -0.737   0.581106    16.7651    -1.7052     -0.731     0.3383    -0.9223 -9.990e-29
 254.519913     -0.734   0.579447    16.7647    -1.7051     -0.728     0.3373    -0.9230 -9.990e-29
 254.519919     -0.736   0.579904    16.7672    -1.7051     -0.730     0.3376    -0.9233 -9.990e-29
 254.519925     -0.736   0.582533    16.7692    -1.7049     -0.730     0.3391    -0.9224 -9.990e-29
 254.519931     -0.733   0.585301    16.7680    -1.7048     -0.727     0.3408    -0.9209 -9.990e-29
 254.519936     -0.729   0.585805    16.7640    -1.7047     -0.723     0.3411    -0.9200 -9.990e-29
 254.519942     -0.728   0.584163    16.7603    -1.7046     -0.722     0.3402    -0.9201 -9.990e-29
 254.519948     -0.731   0.582617    16.7597    -1.7046     -0.725     0.3392    -0.9207 -9.990e-29
 254.519954     -0.737   0.582979    16.7625    -1.7045     -0.731     0.3394    -0.9210 -9.990e-29
 254.519959     -0.743   0.585181    16.7674    -1.7043     -0.737     0.3407    -0.9208 -9.990e-29
 254.519965     -0.741   0.587173    16.7725    -1.7042     -0.735     0.3419    -0.9208 -9.990e-29
 254.519971     -0.730   0.587183    16.7772    -1.7040     -0.724     0.3418    -0.9217 -9.990e-29
 254.519977     -0.719   0.585775    16.7821    -1.7041     -0.713     0.3410    -0.9232 -9.990e-29
 254.519983     -0.711   0.584396    16.7870    -1.7040     -0.705     0.3401    -0.9247 -9.990e-29
 254.519988     -0.705   0.583419    16.7909    -1.7039     -0.699     0.3395    -0.9259 -9.990e-29
 254.519994     -0.701   0.582651    16.7940    -1.7038     -0.695     0.3390    -0.9268 -9.990e-29
 254.520000     -0.699   0.582176    16.7973    -1.7036     -0.693     0.3387    -0.9276 -9.990e-29
 254.520006     -0.698   0.581914    16.8014    -1.7034     -0.692     0.3385    -0.9284 -9.990e-29
 254.520012     -0.700   0.581513    16.8061    -1.7033     -0.694     0.3382    -0.9294 -9.990e-29
 254.520017     -0.702   0.580994    16.8108    -1.7031     -0.696     0.3379    -0.9305 -9.990e-29
 254.520023     -0.707   0.580771    16.8148    -1.7030     -0.701     0.3377    -0.9313 -9.990e-29
 254.520029     -0.709   0.580548    16.8180    -1.7027     -0.703     0.3375    -0.9320 -9.990e-29
 254.520035     -0.706   0.579473    16.8211    -1.7027     -0.700     0.3369    -0.9331 -9.990e-29
 254.520041     -0.700   0.577773    16.8247    -1.7029     -0.694     0.3358    -0.9345 -9.990e-29
 254.520046     -0.696   0.576503    16.8296    -1.7029     -0.690     0.3350    -0.9360 -9.990e-29
 254.520052     -0.693   0.576186    16.8361    -1.7028     -0.687     0.3348    -0.9373 -9.990e-29
 254.520058     -0.691   0.576398    16.8428    -1.7027     -0.685     0.3348    -0.9384 -9.990e-29
 254.520064     -0.691   0.576313    16.8488    -1.7026     -0.685     0.3348    -0.9395 -9.990e-29
 254.520069     -0.692   0.575819    16.8548    -1.7026     -0.686     0.3344    -0.9408 -9.990e-29
 254.520075     -0.694   0.575362    16.8607    -1.7027     -0.688     0.3341    -0.9420 -9.990e-29
 254.520081     -0.697   0.574888    16.8652    -1.7027     -0.691     0.3338    -0.9431 -9.990e-29
 254.520087     -0.702   0.574318    16.8664    -1.7025     -0.696     0.3334    -0.9435 -9.990e-29
 254.520093     -0.705   0.573999    16.8657    -1.7024     -0.699     0.3332    -0.9436 -9.990e-29
 254.520098     -0.701   0.574059    16.8662    -1.7023     -0.695     0.3333    -0.9436 -9.990e-29
 254.520104     -0.694   0.574023    16.8685    -1.7020     -0.688     0.3332    -0.9441 -9.990e-29
 254.520110     -0.689   0.573292    16.8714    -1.7021     -0.683     0.3328    -0.9449 -9.990e-29
 254.520116     -0.685   0.571998    16.8736    -1.7020     -0.679     0.3320    -0.9459 -9.990e-29
 254.520122     -0.681   0.570629    16.8747    -1.7019     -0.675     0.3311    -0.9467 -9.990e-29
 254.520127     -0.678   0.569575    16.8755    -1.7018     -0.672     0.3305    -0.9474 -9.990e-29
 254.520133     -0.676   0.569092    16.8775    -1.7018     -0.670     0.3302    -0.9479 -9.990e-29
 254.520139     -0.673   0.569090    16.8814    -1.7018     -0.667     0.3302    -0.9486 -9.990e-29
 254.520145     -0.671   0.569009    16.8862    -1.7017     -0.665     0.3301    -0.9495 -9.990e-29
 254.520150     -0.668   0.568189    16.8915    -1.7016     -0.662     0.3296    -0.9509 -9.990e-29
 254.520156     -0.665   0.566643    16.8963    -1.7014     -0.659     0.3286    -0.9524 -9.990e-29
 254.520162     -0.662   0.565080    16.8995    -1.7014     -0.656     0.3276    -0.9537 -9.990e-29
 254.520168     -0.658   0.564182    16.9024    -1.7013     -0.653     0.3271    -0.9547 -9.990e-29
 254.520174     -0.652   0.563862    16.9054    -1.7012     -0.647     0.3269    -0.9554 -9.990e-29
 254.520179     -0.646   0.563692    16.9079    -1.7011     -0.641     0.3267    -0.9559 -9.990e-29
 254.520185     -0.638   0.563445    16.9100    -1.7012     -0.633     0.3266    -0.9564 -9.990e-29
 254.520191     -0.628   0.562789    16.9126    -1.7015     -0.623     0.3262    -0.9571 -9.990e-29
 254.520197     -0.619   0.561405    16.9162    -1.7018     -0.614     0.3253    -0.9584 -9.990e-29
 254.520203     -0.615   0.559662    16.9205    -1.7023     -0.610     0.3242    -0.9600 -9.990e-29
 254.520208     -0.616   0.558556    16.9247    -1.7026     -0.611     0.3235    -0.9613 -9.990e-29
 254.520214     -0.622   0.558275    16.9283    -1.7028     -0.617     0.3233    -0.9620 -9.990e-29
 254.520220     -0.628   0.557891    16.9314    -1.7029     -0.623     0.3231    -0.9628 -9.990e-29
 254.520226     -0.633   0.556890    16.9343    -1.7030     -0.628     0.3225    -0.9637 -9.990e-29
 254.520231     -0.634   0.555599    16.9354    -1.7029     -0.629     0.3217    -0.9645 -9.990e-29
 254.520237     -0.633   0.554513    16.9317    -1.7028     -0.628     0.3211    -0.9644 -9.990e-29
 254.520243     -0.630   0.553843    16.9227    -1.7030     -0.625     0.3207    -0.9631 -9.990e-29
 254.520249     -0.628   0.553250    16.9103    -1.7031     -0.623     0.3205    -0.9611 -9.990e-29
 254.520255     -0.632   0.552495    16.8972    -1.7032     -0.627     0.3201    -0.9591 -9.990e-29
 254.520260     -0.637   0.551681    16.8861    -1.7032     -0.632     0.3197    -0.9575 -9.990e-29
 254.520266     -0.640   0.550829    16.8780    -1.7031     -0.635     0.3193    -0.9564 -9.990e-29
 254.520272     -0.641   0.549910    16.8728    -1.7032     -0.636     0.3188    -0.9559 -9.990e-29
