data/oxygen options/OCNMS/OCNMS2/raw_data/2013/CAST_RR020_130726faed.cnv
* Sea-Bird SBE19 Data File:
* FileName = C:\2013 Mooring Data\1st Service\Casts\CAST_RR020_130726.hex
* Software Version 1.59
* Temperature SN = 2997
* Conductivity SN = 2997
* System UpLoad Time = Jul 26 2013 12:42:40
** CAST_RR020_130726
* ds
# nquan = 9                                 
# nvalues = 728                         
# units = specified
# name 0 = timeJ: Julian Days
# name 1 = prSM: Pressure, Strain Gauge [db]
# name 2 = c0mS/cm: Conductivity [mS/cm]
# name 3 = t090C: Temperature [ITS-90, deg C]
# name 4 = sbeox0ML/L: Oxygen, SBE 43 [ml/l]
# name 5 = depSM: Depth [salt water, m], lat = 47.5
# name 6 = sal00: Salinity, Practical [PSU]
# name 7 = sigma-é00: Density [sigma-theta, kg/m^3]
# name 8 = flag: flag
# span 0 = 207.488588, 207.492795       
# span 1 =     -5.234,     21.396       
# span 2 =   0.290166,  36.115506       
# span 3 =     7.1425,    11.7515       
# span 4 =    -1.8702,    13.9805       
# span 5 =     -5.190,     21.216       
# span 6 =     0.1876,    33.7143       
# span 7 =    -0.3243,    26.3639       
# span 8 = 0.0000e+00, 0.0000e+00       
# interval = seconds: 0.5
# start_time = Jul 26 2013 11:43:34 [Instrument's time stamp, header]
# bad_flag = -9.990e-29
*END*
[from data line 321]
 207.490446     -0.790   0.290166    11.7100    -1.8641     -0.783     0.1876    -0.3211 -9.990e-29
 207.490451     -0.774   0.290447    11.7133    -1.8639     -0.768     0.1878    -0.3213 -9.990e-29
 207.490457     -0.761   0.292014    11.7166    -1.8638     -0.755     0.1888    -0.3209 -9.990e-29
 207.490463     -0.745   0.294187    11.7190    -1.8639     -0.739     0.1902    -0.3200 -9.990e-29
 207.490469     -0.729   0.295434    11.7207    -1.8640     -0.723     0.1910    -0.3196 -9.990e-29
 207.490475     -0.717   0.295201    11.7219    -1.8640     -0.711     0.1909    -0.3198 -9.990e-29
 207.490480     -0.707   0.294284    11.7239    -1.8638     -0.701     0.1902    -0.3205 -9.990e-29
 207.490486     -0.699   0.293675    11.7285    -1.8636     -0.693     0.1898    -0.3214 -9.990e-29
 207.490492     -0.693   0.293670    11.7339    -1.8635     -0.687     0.1898    -0.3220 -9.990e-29
 207.490498     -0.689   0.293710    11.7383    -1.8635     -0.683     0.1898    -0.3225 -9.990e-29
 207.490503     -0.685   0.293292    11.7419    -1.8636     -0.679     0.1895    -0.3231 -9.990e-29
 207.490509     -0.682   0.292413    11.7439    -1.8638     -0.676     0.1889    -0.3238 -9.990e-29
 207.490515     -0.680   0.291562    11.7438    -1.8638     -0.674     0.1883    -0.3242 -9.990e-29
 207.490521     -0.678   0.291267    11.7428    -1.8642     -0.672     0.1882    -0.3243 -9.990e-29
 207.490527     -0.676   0.291687    11.7433    -1.8643     -0.670     0.1884    -0.3241 -9.990e-29
 207.490532     -0.675   0.292827    11.7458    -1.8642     -0.669     0.1892    -0.3238 -9.990e-29
 207.490538     -0.674   0.294546    11.7490    -1.8640     -0.668     0.1903    -0.3233 -9.990e-29
 207.490544     -0.673   0.296368    11.7512    -1.8641     -0.667     0.1915    -0.3226 -9.990e-29
 207.490550     -0.672   0.297399    11.7515    -1.8639     -0.666     0.1922    -0.3221 -9.990e-29
 207.490556     -0.671   0.297352    11.7497    -1.8638     -0.665     0.1921    -0.3219 -9.990e-29
 207.490561     -0.670   0.296718    11.7467    -1.8639     -0.664     0.1917    -0.3219 -9.990e-29
 207.490567     -0.668   0.295760    11.7427    -1.8640     -0.662     0.1911    -0.3219 -9.990e-29
 207.490573     -0.666   0.294861    11.7385    -1.8642     -0.660     0.1906    -0.3219 -9.990e-29
 207.490579     -0.664   0.294482    11.7362    -1.8642     -0.658     0.1903    -0.3218 -9.990e-29
 207.490584     -0.661   0.294671    11.7366    -1.8642     -0.655     0.1904    -0.3218 -9.990e-29
 207.490590     -0.658   0.295129    11.7381    -1.8640     -0.653     0.1907    -0.3217 -9.990e-29
 207.490596     -0.653   0.295358    11.7397    -1.8637     -0.648     0.1909    -0.3218 -9.990e-29
 207.490602     -0.652   0.295109    11.7414    -1.8642     -0.647     0.1907    -0.3221 -9.990e-29
 207.490608     -0.657   0.294603    11.7422    -1.8647     -0.652     0.1904    -0.3225 -9.990e-29
 207.490613     -0.662   0.294272    11.7413    -1.8649     -0.656     0.1902    -0.3225 -9.990e-29
 207.490619     -0.657   0.294230    11.7392    -1.8654     -0.652     0.1901    -0.3223 -9.990e-29
 207.490625     -0.648   0.294419    11.7372    -1.8654     -0.643     0.1903    -0.3220 -9.990e-29
 207.490631     -0.636   0.294539    11.7366    -1.8653     -0.631     0.1904    -0.3219 -9.990e-29
 207.490637     -0.622   0.294196    11.7380    -1.8654     -0.617     0.1901    -0.3222 -9.990e-29
 207.490642     -0.610   0.293484    11.7404    -1.8653     -0.605     0.1896    -0.3228 -9.990e-29
 207.490648     -0.606   0.292563    11.7396    -1.8653     -0.601     0.1890    -0.3232 -9.990e-29
 207.490654     -0.610   0.291866    11.7330    -1.8657     -0.605     0.1886    -0.3228 -9.990e-29
 207.490660     -0.615   0.292124    11.7241    -1.8658     -0.610     0.1888    -0.3217 -9.990e-29
 207.490666     -0.617   0.293128    11.7157    -1.8596     -0.612     0.1895    -0.3202 -9.990e-29
 207.490671     -0.615   0.294000    11.7086    -1.5576     -0.610     0.1901    -0.3189 -9.990e-29
 207.490677     -0.609   0.294795    11.7048    -1.5741     -0.604     0.1907    -0.3181 -9.990e-29
 207.490683     -0.599   0.296573    11.7037    -1.5767     -0.594     0.1919    -0.3170 -9.990e-29
 207.490689     -0.584   0.301152    11.7025    -1.5908     -0.579     0.1949    -0.3145 -9.990e-29
 207.490694     -0.568   0.312974    11.6982    -1.5797     -0.563     0.2027    -0.3079 -9.990e-29
 207.490700     -0.554   0.346512    11.6850    -1.5782     -0.549     0.2251    -0.2889 -9.990e-29
 207.490706     -0.537   0.447036    11.6487    -1.5839     -0.533     0.2929    -0.2319 -9.990e-29
 207.490712     -0.511   0.750052    11.5487    -1.5751     -0.507     0.5021    -0.0573 -9.990e-29
 207.490718     -0.475   1.660690    11.2568    -1.5740     -0.471     1.1618     0.4897 -9.990e-29
 207.490723     -0.426   4.392948    10.7271    -1.5723     -0.422     3.2984     2.2113 -9.990e-29
 207.490729     -0.361  12.333358    10.1965    -1.5778     -0.358    10.1305     7.5796 -9.990e-29
 207.490735     -0.281  24.032187     9.8774    -1.5789     -0.279    21.1176    16.1548 -9.990e-29
 207.490741     -0.193  31.761018     9.7394    -1.5774     -0.191    28.8135    22.1668 -9.990e-29
 207.490747     -0.109  34.207952     9.6879    -1.5798     -0.108    31.3271    24.1358 -9.990e-29
 207.490752     -0.037  34.931312     9.6682    -1.5864     -0.037    32.0807    24.7274 -9.990e-29
 207.490758      0.021  35.325251     9.6596    -1.5846      0.021    32.4905    25.0488 -9.990e-29
 207.490764      0.054  35.569431     9.6558    -1.5834      0.054    32.7436    25.2471 -9.990e-29
 207.490770      0.060  35.701532     9.6531    -1.5778      0.059    32.8813    25.3551 -9.990e-29
 207.490775      0.054  35.921240     9.6526    -1.5845      0.054    33.1068    25.5313 -9.990e-29
 207.490781      0.046  36.110884     9.6538    -1.5816      0.046    33.3001    25.6822 -9.990e-29
 207.490787      0.045  36.115506     9.6542    -1.5791      0.045    33.3045    25.6855 -9.990e-29
 207.490793      0.056  35.975473     9.6545    -1.5797      0.056    33.1606    25.5731 -9.990e-29
 207.490799      0.079  35.845301     9.6539    -1.5809      0.078    33.0278    25.4694 -9.990e-29
 207.490804      0.111  35.746986     9.6482    -1.5781      0.110    32.9323    25.3957 -9.990e-29
 207.490810      0.146  35.564595     9.6391    -1.5781      0.145    32.7539    25.2578 -9.990e-29
 207.490816      0.181  35.375406     9.6322    -1.5772      0.179    32.5666    25.1127 -9.990e-29
 207.490822      0.219  35.347900     9.6288    -1.5762      0.217    32.5415    25.0936 -9.990e-29
 207.490828      0.263  35.467283     9.6272    -1.5776      0.261    32.6651    25.1904 -9.990e-29
 207.490833      0.310  35.559451     9.6263    -1.5782      0.307    32.7602    25.2649 -9.990e-29
 207.490839      0.355  35.555173     9.6257    -1.5773      0.352    32.7564    25.2620 -9.990e-29
 207.490845      0.398  35.599472     9.6267    -1.5765      0.395    32.8008    25.2965 -9.990e-29
 207.490851      0.435  35.697111     9.6300    -1.5788      0.431    32.8978    25.3717 -9.990e-29
 207.490856      0.462  35.735737     9.6328    -1.5786      0.458    32.9348    25.4002 -9.990e-29
 207.490862      0.480  35.760160     9.6323    -1.5792      0.476    32.9602    25.4201 -9.990e-29
 207.490868      0.498  35.827068     9.6299    -1.5791      0.494    33.0310    25.4758 -9.990e-29
 207.490874      0.522  35.902454     9.6285    -1.5776      0.518    33.1096    25.5374 -9.990e-29
 207.490880      0.549  35.965298     9.6284    -1.5759      0.544    33.1741    25.5879 -9.990e-29
 207.490885      0.572  35.995220     9.6279    -1.5768      0.567    33.2052    25.6123 -9.990e-29
 207.490891      0.589  35.975001     9.6273    -1.5775      0.584    33.1850    25.5966 -9.990e-29
 207.490897      0.601  35.956706     9.6289    -1.5777      0.596    33.1648    25.5805 -9.990e-29
 207.490903      0.608  35.968077     9.6328    -1.5772      0.603    33.1728    25.5862 -9.990e-29
 207.490909      0.611  35.953156     9.6366    -1.5765      0.606    33.1540    25.5708 -9.990e-29
 207.490914      0.613  35.892642     9.6374    -1.5754      0.608    33.0912    25.5217 -9.990e-29
 207.490920      0.625  35.839777     9.6333    -1.5772      0.620    33.0408    25.4830 -9.990e-29
 207.490926      0.647  35.824386     9.6255    -1.5778      0.642    33.0322    25.4775 -9.990e-29
 207.490932      0.671  35.864076     9.6197    -1.5778      0.665    33.0782    25.5144 -9.990e-29
 207.490938      0.691  35.958017     9.6210    -1.5772      0.685    33.1734    25.5885 -9.990e-29
 207.490943      0.699  36.034290     9.6266    -1.5758      0.693    33.2465    25.6447 -9.990e-29
 207.490949      0.696  36.034398     9.6297    -1.5768      0.690    33.2437    25.6420 -9.990e-29
 207.490955      0.690  35.995491     9.6281    -1.5773      0.684    33.2053    25.6123 -9.990e-29
 207.490961      0.689  35.980577     9.6252    -1.5776      0.683    33.1926    25.6029 -9.990e-29
 207.490966      0.697  36.007899     9.6244    -1.5768      0.691    33.2214    25.6255 -9.990e-29
 207.490972      0.707  36.055653     9.6248    -1.5763      0.701    33.2700    25.6634 -9.990e-29
 207.490978      0.711  36.069893     9.6248    -1.5767      0.705    33.2846    25.6748 -9.990e-29
 207.490984      0.712  36.029300     9.6244    -1.5771      0.706    33.2434    25.6426 -9.990e-29
 207.490990      0.717  35.987908     9.6241    -1.5775      0.711    33.2012    25.6097 -9.990e-29
 207.490995      0.723  35.987481     9.6244    -1.5767      0.717    33.2005    25.6091 -9.990e-29
 207.491001      0.733  36.021877     9.6257    -1.5763      0.727    33.2345    25.6355 -9.990e-29
 207.491007      0.743  36.051835     9.6270    -1.5765      0.737    33.2641    25.6584 -9.990e-29
 207.491013      0.748  36.040579     9.6277    -1.5773      0.742    33.2519    25.6487 -9.990e-29
 207.491019      0.753  36.010666     9.6278    -1.5771      0.747    33.2211    25.6247 -9.990e-29
 207.491024      0.759  36.002920     9.6273    -1.5769      0.753    33.2136    25.6189 -9.990e-29
 207.491030      0.762  36.023293     9.6271    -1.5776      0.756    33.2347    25.6354 -9.990e-29
 207.491036      0.763  36.042955     9.6280    10.7382      0.757    33.2540    25.6504 -9.990e-29
 207.491042      0.760  36.037735     9.6293    13.7868      0.754    33.2475    25.6450 -9.990e-29
 207.491047      0.758  36.017511     9.6300    13.9805      0.752    33.2261    25.6282 -9.990e-29
 207.491053      0.762  36.011373     9.6304    11.8779      0.756    33.2194    25.6229 -9.990e-29
 207.491059      0.767  36.030216     9.6313     7.3897      0.761    33.2379    25.6372 -9.990e-29
 207.491065      0.769  36.045974     9.6325     7.4577      0.763    33.2529    25.6488 -9.990e-29
 207.491071      0.769  36.034312     9.6335     7.6814      0.763    33.2401    25.6386 -9.990e-29
 207.491076      0.767  36.009965     9.6338     7.7288      0.761    33.2148    25.6188 -9.990e-29
 207.491082      0.766  35.995964     9.6332     7.7100      0.760    33.2010    25.6081 -9.990e-29
 207.491088      0.770  35.987118     9.6325     7.6836      0.764    33.1926    25.6016 -9.990e-29
 207.491094      0.777  35.978947     9.6326     7.6534      0.771    33.1841    25.5950 -9.990e-29
 207.491100      0.777  35.981318     9.6333     7.6244      0.771    33.1859    25.5963 -9.990e-29
 207.491105      0.771  35.988459     9.6334     7.5945      0.765    33.1931    25.6019 -9.990e-29
 207.491111      0.767  35.991994     9.6324     7.5761      0.761    33.1977    25.6056 -9.990e-29
 207.491117      0.769  35.991068     9.6318     7.5770      0.763    33.1973    25.6054 -9.990e-29
 207.491123      0.772  35.985039     9.6327     7.5801      0.766    33.1903    25.5998 -9.990e-29
 207.491128      0.773  35.981026     9.6333     7.5843      0.767    33.1856    25.5960 -9.990e-29
 207.491134      0.777  35.983792     9.6300     7.5820      0.771    33.1915    25.6012 -9.990e-29
 207.491140      0.786  35.982494     9.6218     7.5812      0.779    33.1977    25.6074 -9.990e-29
 207.491146      0.803  35.972631     9.6130     7.5798      0.796    33.1957    25.6073 -9.990e-29
 207.491152      0.824  35.964053     9.6087     7.5787      0.817    33.1909    25.6042 -9.990e-29
 207.491157      0.841  35.963280     9.6092     7.5728      0.834    33.1896    25.6031 -9.990e-29
 207.491163      0.852  35.967628     9.6112     7.5671      0.845    33.1922    25.6049 -9.990e-29
 207.491169      0.857  35.970603     9.6104     7.5701      0.850    33.1960    25.6080 -9.990e-29
 207.491175      0.856  35.968920     9.6062     7.5759      0.849    33.1982    25.6103 -9.990e-29
 207.491181      0.854  35.964850     9.6031     7.5713      0.847    33.1969    25.6098 -9.990e-29
 207.491186      0.855  35.964203     9.6032     7.5683      0.848    33.1961    25.6092 -9.990e-29
 207.491192      0.859  35.966706     9.6043     7.5702      0.852    33.1977    25.6102 -9.990e-29
 207.491198      0.867  35.966765     9.6025     7.5816      0.860    33.1994    25.6119 -9.990e-29
 207.491204      0.873  35.963368     9.5984     7.5919      0.866    33.1997    25.6128 -9.990e-29
 207.491209      0.875  35.960424     9.5960     7.5925      0.868    33.1989    25.6125 -9.990e-29
 207.491215      0.877  35.960199     9.5955     7.5893      0.870    33.1991    25.6128 -9.990e-29
 207.491221      0.884  35.959625     9.5937     7.5848      0.877    33.2002    25.6139 -9.990e-29
 207.491227      0.891  35.956847     9.5905     7.5938      0.884    33.2003    25.6145 -9.990e-29
 207.491233      0.894  35.953795     9.5886     7.6006      0.887    33.1989    25.6138 -9.990e-29
 207.491238      0.894  35.952591     9.5897     7.6031      0.887    33.1967    25.6118 -9.990e-29
 207.491244      0.892  35.954464     9.5930     7.6148      0.885    33.1955    25.6104 -9.990e-29
 207.491250      0.886  35.957459     9.5957     7.6060      0.879    33.1961    25.6104 -9.990e-29
 207.491256      0.876  35.958879     9.5963     7.6147      0.869    33.1970    25.6110 -9.990e-29
 207.491262      0.866  35.958970     9.5947     7.6136      0.859    33.1986    25.6125 -9.990e-29
 207.491267      0.859  35.957325     9.5898     7.5973      0.852    33.2015    25.6156 -9.990e-29
 207.491273      0.856  35.951785     9.5842     7.6057      0.849    33.2010    25.6161 -9.990e-29
 207.491279      0.856  35.947318     9.5836     7.6038      0.849    33.1969    25.6130 -9.990e-29
 207.491285      0.855  35.949202     9.5858     7.6059      0.848    33.1968    25.6126 -9.990e-29
 207.491291      0.852  35.950458     9.5834     7.6256      0.845    33.2003    25.6157 -9.990e-29
 207.491296      0.856  35.945507     9.5767     7.6179      0.849    33.2014    25.6177 -9.990e-29
 207.491302      0.867  35.938987     9.5715     7.6110      0.860    33.1996    25.6171 -9.990e-29
 207.491308      0.874  35.936242     9.5700     7.5948      0.867    33.1981    25.6162 -9.990e-29
 207.491314      0.867  35.935880     9.5713     7.5752      0.860    33.1966    25.6147 -9.990e-29
 207.491319      0.856  35.936891     9.5748     7.5764      0.849    33.1944    25.6125 -9.990e-29
 207.491325      0.852  35.941773     9.5795     7.5810      0.845    33.1950    25.6122 -9.990e-29
 207.491331      0.859  35.948105     9.5835     7.5819      0.852    33.1978    25.6137 -9.990e-29
 207.491337      0.874  35.951477     9.5863     7.5972      0.867    33.1987    25.6140 -9.990e-29
 207.491343      0.884  35.951937     9.5884     7.5935      0.877    33.1972    25.6125 -9.990e-29
 207.491348      0.882  35.952371     9.5895     7.5933      0.875    33.1966    25.6118 -9.990e-29
 207.491354      0.876  35.953389     9.5896     7.6048      0.869    33.1976    25.6126 -9.990e-29
 207.491360      0.878  35.953579     9.5886     7.6213      0.871    33.1987    25.6136 -9.990e-29
