data/oxygen options/OCNMS/OCNMS2/raw_data/2013/CAST_RR020_130726faed.cnv
* Sea-Bird SBE19 Data File:
* FileName = C:\2013 Mooring Data\1st Service\Casts\CAST_RR020_130726.hex
* Software Version 1.59
* Temperature SN = 2997
* Conductivity SN = 2997
* System UpLoad Time = Jul 26 2013 12:42:40
** CAST_RR020_130726
* ds
# nquan = 9                                 
# nvalues = 728                         
# units = specified
# name 0 = timeJ: Julian Days
# name 1 = prSM: Pressure, Strain Gauge [db]
# name 2 = c0mS/cm: Conductivity [mS/cm]
# name 3 = t090C: Temperature [ITS-90, deg C]
# name 4 = sbeox0ML/L: Oxygen, SBE 43 [ml/l]
# name 5 = depSM: Depth [salt water, m], lat = 47.5
# name 6 = sal00: Salinity, Practical [PSU]
# name 7 = sigma-é00: Density [sigma-theta, kg/m^3]
# name 8 = flag: flag
# span 0 = 207.488588, 207.492795       
# span 1 =     -5.234,     21.396       
# span 2 =   0.290166,  36.115506       
# span 3 =     7.1425,    11.7515       
# span 4 =    -1.8702,    13.9805       
# span 5 =     -5.190,     21.216       
# span 6 =     0.1876,    33.7143       
# span 7 =    -0.3243,    26.3639       
# span 8 = 0.0000e+00, 0.0000e+00       
# interval = seconds: 0.5
# start_time = Jul 26 2013 11:43:34 [Instrument's time stamp, header]
# bad_flag = -9.990e-29
*END*
[from data line 481]
 207.491372      0.901  35.951720     9.5867     7.6371      0.893    33.1986    25.6138 -9.990e-29
 207.491377      0.911  35.951173     9.5867     7.6361      0.903    33.1980    25.6134 -9.990e-29
 207.491383      0.918  35.950332     9.5866     7.6293      0.910    33.1972    25.6128 -9.990e-29
 207.491389      0.923  35.949788     9.5865     7.6081      0.915    33.1967    25.6124 -9.990e-29
 207.491395      0.927  35.950711     9.5871     7.5888      0.919    33.1971    25.6126 -9.990e-29
 207.491400      0.931  35.952661     9.5885     7.5835      0.923    33.1978    25.6129 -9.990e-29
 207.491406      0.929  35.954498     9.5900     7.5861      0.921    33.1983    25.6131 -9.990e-29
 207.491412      0.917  35.955855     9.5913     7.6026      0.909    33.1985    25.6130 -9.990e-29
 207.491418      0.904  35.957022     9.5928     7.6146      0.896    33.1983    25.6126 -9.990e-29
 207.491424      0.896  35.958414     9.5947     7.6160      0.889    33.1980    25.6121 -9.990e-29
 207.491429      0.895  35.960183     9.5964     7.6134      0.888    33.1983    25.6120 -9.990e-29
 207.491435      0.898  35.961863     9.5971     7.6207      0.891    33.1993    25.6127 -9.990e-29
 207.491441      0.903  35.962870     9.5974     7.6146      0.895    33.2001    25.6133 -9.990e-29
 207.491447      0.906  35.963402     9.5985     7.6017      0.898    33.1996    25.6127 -9.990e-29
 207.491453      0.906  35.964706     9.6004     7.5922      0.898    33.1992    25.6121 -9.990e-29
 207.491458      0.908  35.967376     9.6026     7.5823      0.900    33.1999    25.6123 -9.990e-29
 207.491464      0.920  35.969908     9.6036     7.5916      0.912    33.2016    25.6134 -9.990e-29
 207.491470      0.944  35.968371     9.6026     7.6038      0.936    33.2009    25.6130 -9.990e-29
 207.491476      0.968  35.964055     9.6026     7.6016      0.960    33.1965    25.6096 -9.990e-29
 207.491481      0.981  35.964065     9.6060     7.6016      0.973    33.1933    25.6066 -9.990e-29
 207.491487      0.984  35.968389     9.6107     7.6041      0.976    33.1934    25.6059 -9.990e-29
 207.491493      0.984  35.972687     9.6132     7.6040      0.976    33.1955    25.6071 -9.990e-29
 207.491499      0.987  35.974823     9.6132     7.6182      0.979    33.1977    25.6088 -9.990e-29
 207.491505      0.993  35.974262     9.6114     7.6133      0.985    33.1988    25.6100 -9.990e-29
 207.491510      1.002  35.970792     9.6090     7.6157      0.994    33.1975    25.6093 -9.990e-29
 207.491516      1.010  35.966487     9.6081     7.6149      1.002    33.1939    25.6066 -9.990e-29
 207.491522      1.010  35.965666     9.6092     7.6056      1.002    33.1920    25.6050 -9.990e-29
 207.491528      1.001  35.967771     9.6107     7.6111      0.993    33.1928    25.6054 -9.990e-29
 207.491534      0.991  35.971101     9.6119     7.6037      0.983    33.1951    25.6070 -9.990e-29
 207.491539      0.984  35.975032     9.6131     7.6094      0.976    33.1980    25.6091 -9.990e-29
 207.491545      0.980  35.976942     9.6140     7.6057      0.972    33.1991    25.6098 -9.990e-29
 207.491551      0.978  35.976551     9.6141     7.5975      0.970    33.1987    25.6094 -9.990e-29
 207.491557      0.979  35.976116     9.6138     7.5971      0.971    33.1985    25.6093 -9.990e-29
 207.491562      0.981  35.977272     9.6140     7.5840      0.973    33.1995    25.6101 -9.990e-29
 207.491568      0.986  35.979299     9.6141     7.5913      0.978    33.2015    25.6116 -9.990e-29
 207.491574      0.989  35.979833     9.6140     7.5887      0.981    33.2021    25.6121 -9.990e-29
 207.491580      0.986  35.979003     9.6147     7.5901      0.978    33.2006    25.6108 -9.990e-29
 207.491586      0.982  35.979039     9.6164     7.5881      0.974    33.1991    25.6094 -9.990e-29
 207.491591      0.981  35.980525     9.6184     7.5974      0.973    33.1988    25.6088 -9.990e-29
 207.491597      0.981  35.981500     9.6198     7.6019      0.973    33.1985    25.6083 -9.990e-29
 207.491603      0.984  35.980998     9.6206     7.5851      0.976    33.1972    25.6072 -9.990e-29
 207.491609      0.986  35.980570     9.6212     7.5704      0.978    33.1962    25.6063 -9.990e-29
 207.491615      0.985  35.980740     9.6217     7.5456      0.977    33.1959    25.6060 -9.990e-29
 207.491620      0.992  35.981151     9.6218     7.5519      0.984    33.1962    25.6063 -9.990e-29
 207.491626      1.002  35.981768     9.6212     7.5504      0.994    33.1974    25.6073 -9.990e-29
 207.491632      1.006  35.981708     9.6198     7.5683      0.998    33.1987    25.6085 -9.990e-29
 207.491638      1.011  35.980868     9.6184     7.5823      1.003    33.1991    25.6090 -9.990e-29
 207.491644      1.015  35.980346     9.6176     7.6014      1.007    33.1993    25.6093 -9.990e-29
 207.491649      1.016  35.980542     9.6173     7.6073      1.008    33.1998    25.6098 -9.990e-29
 207.491655      1.016  35.981134     9.6168     7.6134      1.008    33.2008    25.6107 -9.990e-29
 207.491661      1.022  35.981208     9.6158     7.6097      1.013    33.2018    25.6116 -9.990e-29
 207.491667      1.032  35.979717     9.6146     7.6028      1.023    33.2014    25.6115 -9.990e-29
 207.491672      1.048  35.977452     9.6134     7.5946      1.039    33.2002    25.6107 -9.990e-29
 207.491678      1.066  35.976410     9.6126     7.5829      1.057    33.1999    25.6106 -9.990e-29
 207.491684      1.079  35.976298     9.6122     7.5883      1.070    33.2001    25.6108 -9.990e-29
 207.491690      1.083  35.975261     9.6115     7.6032      1.074    33.1997    25.6106 -9.990e-29
 207.491696      1.079  35.973574     9.6106     7.6087      1.070    33.1988    25.6101 -9.990e-29
 207.491701      1.071  35.972886     9.6100     7.6032      1.062    33.1986    25.6101 -9.990e-29
 207.491707      1.063  35.973376     9.6100     7.5730      1.054    33.1992    25.6105 -9.990e-29
 207.491713      1.054  35.973994     9.6104     7.5647      1.045    33.1994    25.6106 -9.990e-29
 207.491719      1.047  35.974420     9.6106     7.5608      1.038    33.1997    25.6108 -9.990e-29
 207.491725      1.043  35.975198     9.6105     7.5904      1.034    33.2006    25.6115 -9.990e-29
 207.491730      1.036  35.975662     9.6104     7.6093      1.027    33.2011    25.6119 -9.990e-29
 207.491736      1.031  35.974167     9.6093     7.6346      1.022    33.2006    25.6117 -9.990e-29
 207.491742      1.031  35.970375     9.6071     7.6359      1.022    33.1988    25.6106 -9.990e-29
 207.491748      1.033  35.967051     9.6061     7.6315      1.024    33.1963    25.6089 -9.990e-29
 207.491753      1.031  35.967581     9.6071     7.6259      1.022    33.1959    25.6084 -9.990e-29
 207.491759      1.031  35.970406     9.6079     7.6102      1.022    33.1981    25.6100 -9.990e-29
 207.491765      1.037  35.972548     9.6067     7.6197      1.028    33.2014    25.6127 -9.990e-29
 207.491771      1.048  35.972357     9.6043     7.6134      1.039    33.2034    25.6147 -9.990e-29
 207.491777      1.062  35.970116     9.6036     7.6192      1.053    33.2017    25.6135 -9.990e-29
 207.491782      1.070  35.970097     9.6060     7.6205      1.061    33.1995    25.6114 -9.990e-29
 207.491788      1.069  35.973370     9.6102     7.6174      1.060    33.1990    25.6103 -9.990e-29
 207.491794      1.063  35.976990     9.6142     7.6064      1.054    33.1990    25.6096 -9.990e-29
 207.491800      1.061  35.980160     9.6172     7.6017      1.052    33.1995    25.6095 -9.990e-29
 207.491806      1.066  35.982605     9.6194     7.6019      1.057    33.1999    25.6095 -9.990e-29
 207.491811      1.074  35.983639     9.6213     7.5982      1.065    33.1992    25.6087 -9.990e-29
 207.491817      1.078  35.984617     9.6228     7.6073      1.069    33.1988    25.6081 -9.990e-29
 207.491823      1.074  35.986259     9.6238     7.6030      1.065    33.1996    25.6086 -9.990e-29
 207.491829      1.064  35.987370     9.6244     7.6031      1.055    33.2002    25.6089 -9.990e-29
 207.491834      1.059  35.987727     9.6245     7.6042      1.050    33.2005    25.6091 -9.990e-29
 207.491840      1.060  35.987782     9.6241     7.6089      1.051    33.2009    25.6095 -9.990e-29
 207.491846      1.065  35.987588     9.6237     7.6181      1.056    33.2011    25.6097 -9.990e-29
 207.491852      1.069  35.987422     9.6238     7.6076      1.060    33.2008    25.6095 -9.990e-29
 207.491858      1.076  35.987599     9.6243     7.6107      1.067    33.2005    25.6092 -9.990e-29
 207.491863      1.088  35.987770     9.6246     7.6024      1.079    33.2004    25.6091 -9.990e-29
 207.491869      1.096  35.987582     9.6243     7.6005      1.087    33.2005    25.6092 -9.990e-29
 207.491875      1.101  35.987318     9.6237     7.6154      1.092    33.2008    25.6095 -9.990e-29
 207.491881      1.107  35.987163     9.6232     7.6293      1.098    33.2011    25.6098 -9.990e-29
 207.491887      1.111  35.986886     9.6231     7.6410      1.102    33.2009    25.6097 -9.990e-29
 207.491892      1.108  35.986655     9.6233     7.6400      1.099    33.2005    25.6093 -9.990e-29
 207.491898      1.098  35.986699     9.6230     7.6328      1.089    33.2008    25.6096 -9.990e-29
 207.491904      1.086  35.986493     9.6219     7.6264      1.077    33.2016    25.6104 -9.990e-29
 207.491910      1.078  35.985738     9.6206     7.6176      1.069    33.2020    25.6110 -9.990e-29
 207.491916      1.075  35.985087     9.6204     7.6277      1.066    33.2015    25.6106 -9.990e-29
 207.491921      1.067  35.985329     9.6214     7.6244      1.058    33.2009    25.6099 -9.990e-29
 207.491927      1.054  35.986199     9.6220     7.6246      1.045    33.2012    25.6101 -9.990e-29
 207.491933      1.048  35.986594     9.6208     7.6307      1.039    33.2027    25.6115 -9.990e-29
 207.491939      1.057  35.985338     9.6182     7.6158      1.048    33.2038    25.6128 -9.990e-29
 207.491944      1.073  35.982415     9.6163     7.6221      1.064    33.2026    25.6121 -9.990e-29
 207.491950      1.085  35.980626     9.6167     7.6165      1.076    33.2004    25.6103 -9.990e-29
 207.491956      1.088  35.981483     9.6187     7.6094      1.079    33.1994    25.6092 -9.990e-29
 207.491962      1.088  35.983300     9.6211     7.6239      1.079    33.1991    25.6086 -9.990e-29
 207.491968      1.093  35.985678     9.6235     7.6370      1.084    33.1993    25.6083 -9.990e-29
 207.491973      1.107  35.988964     9.6254     7.6365      1.098    33.2009    25.6093 -9.990e-29
 207.491979      1.128  35.990792     9.6259     7.6226      1.119    33.2023    25.6103 -9.990e-29
 207.491985      1.143  35.990215     9.6259     7.6076      1.133    33.2017    25.6098 -9.990e-29
 207.491991      1.140  35.989802     9.6260     7.6030      1.130    33.2012    25.6094 -9.990e-29
 207.491997      1.124  35.989539     9.6253     7.6200      1.115    33.2016    25.6098 -9.990e-29
 207.492002      1.112  35.987931     9.6235     7.6216      1.103    33.2016    25.6101 -9.990e-29
 207.492008      1.110  35.986172     9.6216     7.6276      1.101    33.2015    25.6104 -9.990e-29
 207.492014      1.118  35.986376     9.6209     7.6376      1.109    33.2024    25.6112 -9.990e-29
 207.492020      1.133  35.988232     9.6212     7.6416      1.124    33.2040    25.6124 -9.990e-29
 207.492025      1.148  35.989706     9.6221     7.6504      1.138    33.2047    25.6128 -9.990e-29
 207.492031      1.158  35.991061     9.6235     7.6419      1.148    33.2048    25.6126 -9.990e-29
 207.492037      1.165  35.994078     9.6251     7.6234      1.155    33.2064    25.6136 -9.990e-29
 207.492043      1.169  35.996593     9.6257     7.6058      1.159    33.2084    25.6151 -9.990e-29
 207.492049      1.170  35.995775     9.6252     7.6090      1.160    33.2080    25.6149 -9.990e-29
 207.492054      1.168  35.994432     9.6263     7.5978      1.158    33.2056    25.6129 -9.990e-29
 207.492060      1.168  35.995792     9.6309     7.6068      1.158    33.2028    25.6099 -9.990e-29
 207.492066      1.178  35.999403     9.6370     7.6111      1.168    33.2008    25.6074 -9.990e-29
 207.492072      1.198  36.002773     9.6408     7.6065      1.188    33.2008    25.6067 -9.990e-29
 207.492078      1.221  36.004211     9.6407     7.6358      1.211    33.2023    25.6079 -9.990e-29
 207.492083      1.245  36.003932     9.6384     7.6473      1.235    33.2041    25.6097 -9.990e-29
 207.492089      1.267  36.002104     9.6358     7.6367      1.256    33.2047    25.6106 -9.990e-29
 207.492095      1.284  35.999072     9.6332     7.6415      1.273    33.2040    25.6104 -9.990e-29
 207.492101      1.305  35.995242     9.6301     7.6372      1.294    33.2029    25.6101 -9.990e-29
 207.492106      1.345  35.991066     9.6272     7.6279      1.334    33.2013    25.6093 -9.990e-29
 207.492112      1.407  35.987660     9.6257     7.6310      1.395    33.1991    25.6079 -9.990e-29
 207.492118      1.484  35.986608     9.6252     7.6235      1.472    33.1985    25.6075 -9.990e-29
 207.492124      1.579  35.987593     9.6231     7.6021      1.566    33.2014    25.6101 -9.990e-29
 207.492130      1.697  35.986289     9.6158     7.6010      1.683    33.2068    25.6155 -9.990e-29
 207.492135      1.846  35.979804     9.6000     7.5908      1.831    33.2146    25.6242 0.0000e+00
 207.492141      2.031  35.966738     9.5770     7.5748      2.014    33.2224    25.6341 0.0000e+00
 207.492147      2.251  35.946998     9.5501     7.4704      2.232    33.2270    25.6420 0.0000e+00
 207.492153      2.498  35.921678     9.5171     7.2607      2.477    33.2314    25.6508 0.0000e+00
 207.492159      2.767  35.891710     9.4768     7.0424      2.744    33.2379    25.6624 0.0000e+00
 207.492164      3.057  35.861357     9.4357     6.7952      3.031    33.2446    25.6744 0.0000e+00
 207.492170      3.362  35.834924     9.3979     6.5657      3.334    33.2524    25.6865 0.0000e+00
 207.492176      3.674  35.812417     9.3476     6.3763      3.643    33.2758    25.7129 0.0000e+00
 207.492182      4.007  35.778348     9.2642     6.1795      3.974    33.3182    25.7594 0.0000e+00
 207.492188      4.371  35.721986     9.1556     5.9231      4.334    33.3611    25.8104 0.0000e+00
 207.492193      4.761  35.658337     9.0496     5.6538      4.721    33.3941    25.8530 0.0000e+00
 207.492199      5.157  35.600520     8.9727     5.4081      5.114    33.4060    25.8744 0.0000e+00
 207.492205      5.548  35.561582     8.9322     5.2396      5.502    33.4032    25.8786 0.0000e+00
 207.492211      5.932  35.548372     8.8979     5.1559      5.882    33.4216    25.8983 0.0000e+00
 207.492216      6.320  35.529219     8.8372     5.1129      6.267    33.4586    25.9368 0.0000e+00
 207.492222      6.724  35.477428     8.7588     5.0944      6.668    33.4782    25.9644 0.0000e+00
 207.492228      7.145  35.414659     8.6926     5.0618      7.085    33.4748    25.9719 0.0000e+00
 207.492234      7.571  35.369771     8.6537     5.0301      7.508    33.4642    25.9696 0.0000e+00
 207.492240      7.989  35.347285     8.6354     5.0560      7.922    33.4577    25.9673 0.0000e+00
 207.492245      8.398  35.336776     8.6213     5.0273      8.328    33.4598    25.9712 0.0000e+00
 207.492251      8.804  35.326991     8.6014     5.0007      8.730    33.4682    25.9808 0.0000e+00
 207.492257      9.223  35.314370     8.5784     5.0000      9.146    33.4765    25.9908 0.0000e+00
 207.492263      9.654  35.301094     8.5589     4.9788      9.573    33.4808    25.9972 0.0000e+00
 207.492269     10.090  35.290707     8.5444     4.8896     10.006    33.4834    26.0015 0.0000e+00
 207.492274     10.526  35.283885     8.5335     4.7491     10.438    33.4863    26.0054 0.0000e+00
 207.492280     10.963  35.279334     8.5249     4.5948     10.871    33.4895    26.0092 0.0000e+00
 207.492286     11.408  35.275988     8.5178     4.3935     11.312    33.4925    26.0127 0.0000e+00
