data/oxygen options/OCNMS/OCNMS2/raw_data/2013/CAST_RR015_130726faed.cnv
* Sea-Bird SBE19 Data File:
* FileName = C:\2013 Mooring Data\1st Service\Casts\CAST_RR015_130726.hex
* Software Version 1.59
* Temperature SN = 2997
* Conductivity SN = 2997
* System UpLoad Time = Jul 26 2013 12:44:42
** CAST_RR015_130726
* ds
# nquan = 9                                 
# nvalues = 876                         
# units = specified
# name 0 = timeJ: Julian Days
# name 1 = prSM: Pressure, Strain Gauge [db]
# name 2 = c0mS/cm: Conductivity [mS/cm]
# name 3 = t090C: Temperature [ITS-90, deg C]
# name 4 = sbeox0ML/L: Oxygen, SBE 43 [ml/l]
# name 5 = depSM: Depth [salt water, m], lat = 47.5
# name 6 = sal00: Salinity, Practical [PSU]
# name 7 = sigma-é00: Density [sigma-theta, kg/m^3]
# name 8 = flag: flag
# span 0 = 207.471771, 207.476834       
# span 1 =     -5.196,     15.554       
# span 2 =   0.207382,  35.229212       
# span 3 =     7.2718,    13.7974       
# span 4 =    -1.9218,    11.7095       
# span 5 =     -5.153,     15.424       
# span 6 =     0.1301,    33.6762       
# span 7 =    -0.6245,    26.3376       
# span 8 = 0.0000e+00, 0.0000e+00       
# interval = seconds: 0.5
# start_time = Jul 26 2013 11:19:21 [Instrument's time stamp, header]
# bad_flag = -9.990e-29
*END*
[from data line 641]
 207.475480      1.053  34.982500     9.6128     6.1866      1.044    32.1820    24.8155 -9.990e-29
 207.475486      1.066  34.981725     9.6175     6.1990      1.057    32.1770    24.8108 -9.990e-29
 207.475492      1.081  34.977499     9.6251     6.2147      1.072    32.1659    24.8009 -9.990e-29
 207.475498      1.093  34.969232     9.6343     6.2000      1.084    32.1492    24.7864 -9.990e-29
 207.475503      1.097  34.961026     9.6408     6.1951      1.088    32.1350    24.7742 -9.990e-29
 207.475509      1.094  34.958188     9.6426     6.2242      1.085    32.1305    24.7704 -9.990e-29
 207.475515      1.083  34.961419     9.6444     6.2286      1.074    32.1322    24.7715 -9.990e-29
 207.475521      1.068  34.965509     9.6495     6.2387      1.059    32.1318    24.7703 -9.990e-29
 207.475527      1.056  34.965833     9.6551     6.2156      1.047    32.1271    24.7658 -9.990e-29
 207.475532      1.052  34.962823     9.6596     6.1805      1.043    32.1200    24.7595 -9.990e-29
 207.475538      1.054  34.959194     9.6632     6.1691      1.045    32.1131    24.7535 -9.990e-29
 207.475544      1.064  34.955152     9.6667     6.1681      1.055    32.1059    24.7473 -9.990e-29
 207.475550      1.077  34.953151     9.6712     6.1901      1.068    32.0998    24.7418 -9.990e-29
 207.475556      1.090  34.955008     9.6766     6.2110      1.081    32.0969    24.7387 -9.990e-29
 207.475561      1.108  34.954800     9.6811     6.2258      1.099    32.0926    24.7346 -9.990e-29
 207.475567      1.131  34.950573     9.6829     6.2343      1.122    32.0867    24.7297 -9.990e-29
 207.475573      1.150  34.947897     9.6822     6.2418      1.140    32.0846    24.7282 -9.990e-29
 207.475579      1.156  34.949928     9.6813     6.2320      1.146    32.0875    24.7306 -9.990e-29
 207.475584      1.155  34.953216     9.6831     6.2263      1.145    32.0892    24.7316 -9.990e-29
 207.475590      1.149  34.953185     9.6880     6.2134      1.139    32.0848    24.7274 -9.990e-29
 207.475596      1.139  34.950916     9.6936     6.1974      1.129    32.0775    24.7208 -9.990e-29
 207.475602      1.129  34.950108     9.6976     6.1936      1.120    32.0731    24.7167 -9.990e-29
 207.475608      1.123  34.951367     9.6963     6.1989      1.114    32.0756    24.7188 -9.990e-29
 207.475613      1.119  34.954137     9.6918     6.2165      1.110    32.0824    24.7249 -9.990e-29
 207.475619      1.117  34.954831     9.6910     6.2444      1.108    32.0838    24.7262 -9.990e-29
 207.475625      1.114  34.953257     9.6925     6.2346      1.105    32.0809    24.7236 -9.990e-29
 207.475631      1.105  34.955159     9.6933     6.2260      1.096    32.0821    24.7244 -9.990e-29
 207.475637      1.093  34.958595     9.6950     6.2172      1.084    32.0841    24.7257 -9.990e-29
 207.475642      1.086  34.959748     9.6997     6.2020      1.077    32.0811    24.7226 -9.990e-29
 207.475648      1.089  34.958478     9.7125     6.1999      1.080    32.0684    24.7106 -9.990e-29
 207.475654      1.100  34.953095     9.7325     6.2383      1.091    32.0451    24.6892 -9.990e-29
 207.475660      1.117  34.944826     9.7466     6.2466      1.108    32.0241    24.6705 -9.990e-29
 207.475666      1.133  34.938894     9.7460     6.2397      1.124    32.0186    24.6663 -9.990e-29
 207.475671      1.143  34.939160     9.7391     6.2321      1.133    32.0250    24.6724 -9.990e-29
 207.475677      1.149  34.943181     9.7383     6.2169      1.139    32.0298    24.6763 -9.990e-29
 207.475683      1.151  34.943999     9.7431     6.2244      1.141    32.0263    24.6728 -9.990e-29
 207.475689      1.149  34.942142     9.7444     6.2408      1.139    32.0233    24.6703 -9.990e-29
 207.475694      1.142  34.942419     9.7399     6.2369      1.132    32.0276    24.6743 -9.990e-29
 207.475700      1.136  34.944085     9.7390     6.2229      1.127    32.0301    24.6764 -9.990e-29
 207.475706      1.137  34.944883     9.7487     6.2219      1.128    32.0223    24.6688 -9.990e-29
 207.475712      1.147  34.945317     9.7619     6.2323      1.137    32.0110    24.6578 -9.990e-29
 207.475718      1.157  34.945969     9.7693     6.2156      1.147    32.0050    24.6520 -9.990e-29
 207.475723      1.163  34.946033     9.7708     6.2082      1.153    32.0038    24.6507 -9.990e-29
 207.475729      1.170  34.945598     9.7716     6.2143      1.160    32.0026    24.6497 -9.990e-29
 207.475735      1.183  34.944647     9.7756     6.2232      1.173    31.9981    24.6455 -9.990e-29
 207.475741      1.198  34.944156     9.7812     6.2405      1.188    31.9926    24.6403 -9.990e-29
 207.475747      1.212  34.945155     9.7838     6.2423      1.202    31.9913    24.6389 -9.990e-29
 207.475752      1.226  34.946737     9.7830     6.2376      1.216    31.9936    24.6408 -9.990e-29
 207.475758      1.241  34.948774     9.7803     6.2224      1.231    31.9981    24.6447 -9.990e-29
 207.475764      1.258  34.951747     9.7771     6.2234      1.247    32.0039    24.6498 -9.990e-29
 207.475770      1.277  34.954579     9.7753     6.2297      1.266    32.0084    24.6536 -9.990e-29
 207.475775      1.296  34.956009     9.7749     6.2327      1.285    32.0102    24.6551 -9.990e-29
 207.475781      1.308  34.956264     9.7738     6.2239      1.297    32.0114    24.6562 -9.990e-29
 207.475787      1.313  34.956246     9.7715     6.2247      1.302    32.0135    24.6582 -9.990e-29
 207.475793      1.316  34.956493     9.7682     6.2294      1.305    32.0167    24.6612 -9.990e-29
 207.475799      1.312  34.956776     9.7629     6.2324      1.301    32.0217    24.6660 -9.990e-29
 207.475804      1.298  34.956916     9.7570     6.2476      1.287    32.0271    24.6711 -9.990e-29
 207.475810      1.276  34.956539     9.7545     6.2582      1.265    32.0289    24.6730 -9.990e-29
 207.475816      1.253  34.955705     9.7563     6.2521      1.243    32.0265    24.6708 -9.990e-29
 207.475822      1.234  34.955546     9.7600     6.2479      1.224    32.0230    24.6675 -9.990e-29
 207.475828      1.215  34.956413     9.7631     6.2415      1.205    32.0211    24.6655 -9.990e-29
 207.475833      1.201  34.957784     9.7645     6.2463      1.191    32.0213    24.6654 -9.990e-29
 207.475839      1.195  34.959250     9.7643     6.2436      1.185    32.0230    24.6668 -9.990e-29
 207.475845      1.192  34.960530     9.7647     6.2349      1.182    32.0239    24.6675 -9.990e-29
 207.475851      1.188  34.961651     9.7667     6.2327      1.178    32.0233    24.6666 -9.990e-29
 207.475856      1.182  34.962989     9.7692     6.2382      1.172    32.0224    24.6655 -9.990e-29
 207.475862      1.174  34.964090     9.7709     6.2393      1.164    32.0220    24.6650 -9.990e-29
 207.475868      1.164  34.964186     9.7712     6.2349      1.154    32.0219    24.6648 -9.990e-29
 207.475874      1.154  34.964528     9.7708     6.2240      1.144    32.0226    24.6654 -9.990e-29
 207.475880      1.154  34.967256     9.7677     6.2206      1.144    32.0281    24.6702 -9.990e-29
 207.475885      1.163  34.969288     9.7621     6.2127      1.153    32.0352    24.6766 -9.990e-29
 207.475891      1.173  34.967176     9.7610     6.2161      1.163    32.0340    24.6759 -9.990e-29
 207.475897      1.180  34.964825     9.7644     6.2306      1.170    32.0286    24.6711 -9.990e-29
 207.475903      1.186  34.964142     9.7645     6.2411      1.176    32.0278    24.6705 -9.990e-29
 207.475909      1.189  34.963099     9.7575     6.2471      1.179    32.0329    24.6757 -9.990e-29
 207.475914      1.191  34.961989     9.7481     6.2445      1.181    32.0402    24.6828 -9.990e-29
 207.475920      1.192  34.961576     9.7462     6.2386      1.182    32.0415    24.6841 -9.990e-29
 207.475926      1.191  34.961871     9.7533     6.2307      1.181    32.0354    24.6783 -9.990e-29
 207.475932      1.189  34.962708     9.7586     6.2177      1.179    32.0316    24.6744 -9.990e-29
 207.475937      1.190  34.963526     9.7546     6.2231      1.180    32.0360    24.6785 -9.990e-29
 207.475943      1.198  34.964297     9.7455     6.2253      1.188    32.0448    24.6869 -9.990e-29
 207.475949      1.209  34.965495     9.7392     6.2290      1.199    32.0517    24.6932 -9.990e-29
 207.475955      1.220  34.966477     9.7368     6.2200      1.210    32.0548    24.6961 -9.990e-29
 207.475961      1.232  34.966873     9.7359     6.2143      1.222    32.0560    24.6972 -9.990e-29
 207.475966      1.240  34.967400     9.7356     6.2193      1.230    32.0568    24.6978 -9.990e-29
 207.475972      1.242  34.968190     9.7351     6.2270      1.232    32.0581    24.6989 -9.990e-29
 207.475978      1.241  34.968755     9.7328     6.2320      1.231    32.0607    24.7013 -9.990e-29
 207.475984      1.242  34.968651     9.7278     6.2436      1.232    32.0650    24.7055 -9.990e-29
 207.475990      1.245  34.968411     9.7220     6.2628      1.235    32.0700    24.7103 -9.990e-29
 207.475995      1.245  34.968764     9.7199     6.2764      1.235    32.0722    24.7124 -9.990e-29
 207.476001      1.239  34.969549     9.7226     6.2616      1.229    32.0706    24.7107 -9.990e-29
 207.476007      1.231  34.971182     9.7280     6.2325      1.221    32.0674    24.7074 -9.990e-29
 207.476013      1.223  34.974087     9.7361     6.2522      1.213    32.0632    24.7027 -9.990e-29
 207.476019      1.221  34.977588     9.7470     6.2458      1.211    32.0570    24.6962 -9.990e-29
 207.476024      1.227  34.980681     9.7586     6.2448      1.217    32.0498    24.6887 -9.990e-29
 207.476030      1.239  34.982379     9.7654     6.2247      1.229    32.0455    24.6842 -9.990e-29
 207.476036      1.252  34.980956     9.7625     6.2134      1.242    32.0466    24.6855 -9.990e-29
 207.476042      1.264  34.977248     9.7541     6.2371      1.253    32.0503    24.6898 -9.990e-29
 207.476047      1.266  34.975201     9.7519     6.2347      1.255    32.0502    24.6901 -9.990e-29
 207.476053      1.254  34.975935     9.7574     6.2294      1.244    32.0461    24.6859 -9.990e-29
 207.476059      1.232  34.977555     9.7596     6.2056      1.222    32.0458    24.6853 -9.990e-29
 207.476065      1.212  34.977670     9.7519     6.1903      1.202    32.0527    24.6920 -9.990e-29
 207.476071      1.199  34.974685     9.7421     6.1948      1.189    32.0584    24.6981 -9.990e-29
 207.476076      1.190  34.971834     9.7395     6.2013      1.180    32.0579    24.6980 -9.990e-29
 207.476082      1.180  34.972522     9.7382     6.2144      1.170    32.0597    24.6997 -9.990e-29
 207.476088      1.172  34.973673     9.7231     6.2173      1.162    32.0744    24.7136 -9.990e-29
 207.476094      1.174  34.972271     9.6948     6.2233      1.164    32.0982    24.7368 -9.990e-29
 207.476100      1.191  34.969178     9.6705     6.2169      1.181    32.1167    24.7552 -9.990e-29
 207.476105      1.219  34.969722     9.6619     6.2169      1.209    32.1250    24.7630 -9.990e-29
 207.476111      1.247  34.972869     9.6695     6.2091      1.237    32.1214    24.7589 -9.990e-29
 207.476117      1.265  34.971536     9.6864     6.2026      1.254    32.1049    24.7434 -9.990e-29
 207.476123      1.274  34.969475     9.7034     6.1975      1.263    32.0876    24.7271 -9.990e-29
 207.476128      1.282  34.970590     9.7170     6.1905      1.271    32.0766    24.7163 -9.990e-29
 207.476134      1.294  34.972381     9.7266     6.1928      1.283    32.0699    24.7095 -9.990e-29
 207.476140      1.311  34.973807     9.7310     6.2218      1.300    32.0674    24.7069 -9.990e-29
 207.476146      1.334  34.975019     9.7298     6.2611      1.323    32.0697    24.7088 -9.990e-29
 207.476152      1.365  34.975884     9.7189     6.1937      1.354    32.0803    24.7189 -9.990e-29
 207.476157      1.410  34.975806     9.6930     6.0571      1.398    32.1033    24.7410 -9.990e-29
 207.476163      1.477  34.974611     9.6582     5.8417      1.465    32.1331    24.7700 -9.990e-29
 207.476169      1.564  34.972875     9.6283     5.5368      1.551    32.1581    24.7943 -9.990e-29
 207.476175      1.673  34.972688     9.6045     5.1984      1.659    32.1792    24.8146 -9.990e-29
 207.476181      1.808  34.978204     9.5604     4.7969      1.793    32.2243    24.8569 0.0000e+00
 207.476186      1.967  34.995584     9.4431     4.3571      1.951    32.3477    24.9722 0.0000e+00
 207.476192      2.153  35.036725     9.2104     3.8544      2.135    32.6015    25.2075 0.0000e+00
 207.476198      2.360  35.083585     8.9182     3.3721      2.340    32.9191    25.5017 0.0000e+00
 207.476204      2.575  35.091002     8.7097     2.9833      2.553    33.1210    25.6921 0.0000e+00
 207.476209      2.791  35.073233     8.6187     2.7272      2.768    33.1876    25.7582 0.0000e+00
 207.476215      3.010  35.050709     8.5093     2.5922      2.985    33.2668    25.8369 0.0000e+00
 207.476221      3.239  34.994971     8.3084     2.5197      3.212    33.3980    25.9701 0.0000e+00
 207.476227      3.491  34.916219     8.1122     2.4667      3.462    33.5012    26.0803 0.0000e+00
 207.476233      3.763  34.856138     8.0033     2.3987      3.732    33.5413    26.1278 0.0000e+00
 207.476238      4.042  34.831419     7.9656     2.3069      4.008    33.5509    26.1409 0.0000e+00
 207.476244      4.322  34.829158     7.9530     2.1823      4.286    33.5604    26.1503 0.0000e+00
 207.476250      4.607  34.826087     7.9365     2.0298      4.568    33.5729    26.1624 0.0000e+00
 207.476256      4.902  34.816922     7.9145     1.8271      4.861    33.5840    26.1745 0.0000e+00
 207.476262      5.205  34.804495     7.8921     1.5982      5.161    33.5921    26.1841 0.0000e+00
 207.476267      5.508  34.785608     7.8725     1.3735      5.462    33.5906    26.1857 0.0000e+00
 207.476273      5.811  34.763570     7.8518     1.1931      5.762    33.5867    26.1857 0.0000e+00
 207.476279      6.115  34.738051     7.8147     1.0707      6.064    33.5949    26.1975 0.0000e+00
 207.476285      6.422  34.696799     7.7491     1.0047      6.368    33.6137    26.2218 0.0000e+00
 207.476291      6.735  34.636273     7.6610     0.9714      6.679    33.6335    26.2500 0.0000e+00
 207.476296      7.053  34.565884     7.5785     0.9575      6.994    33.6372    26.2647 0.0000e+00
 207.476302      7.368  34.505969     7.5291     0.9538      7.306    33.6201    26.2583 0.0000e+00
 207.476308      7.682  34.476263     7.5072     0.9497      7.618    33.6090    26.2527 0.0000e+00
 207.476314      7.995  34.466198     7.4841     0.9558      7.928    33.6203    26.2649 0.0000e+00
 207.476319      8.312  34.451635     7.4500     0.9745      8.242    33.6375    26.2832 0.0000e+00
 207.476325      8.634  34.432689     7.4188     0.9904      8.562    33.6471    26.2951 0.0000e+00
 207.476331      8.966  34.419314     7.3981     0.9943      8.891    33.6525    26.3023 0.0000e+00
 207.476337      9.307  34.410965     7.3844     0.9823      9.229    33.6566    26.3075 0.0000e+00
 207.476343      9.652  34.403714     7.3723     0.9711      9.571    33.6603    26.3121 0.0000e+00
 207.476348      9.999  34.395104     7.3582     0.9598      9.915    33.6645    26.3174 0.0000e+00
 207.476354     10.344  34.384224     7.3415     0.9616     10.257    33.6687    26.3231 0.0000e+00
 207.476360     10.687  34.371060     7.3232     1.0096     10.598    33.6721    26.3283 0.0000e+00
 207.476366     11.029  34.356470     7.3066     1.0156     10.937    33.6722    26.3307 0.0000e+00
 207.476372     11.361  34.345014     7.2968     1.0029     11.266    33.6691    26.3296 0.0000e+00
 207.476377     11.675  34.341507     7.2942     0.9542     11.577    33.6677    26.3289 0.0000e+00
 207.476383     11.972  34.342879     7.2920     0.9249     11.872    33.6712    26.3319 0.0000e+00
 207.476389     12.265  34.341365     7.2861     0.9224     12.162    33.6751    26.3359 0.0000e+00
 207.476395     12.553  34.335996     7.2810     0.9201     12.448    33.6741    26.3358 0.0000e+00
