data/oxygen options/OCNMS/OCNMS2/raw_data/2013/CAST_RR042_130726faed.cnv
* Sea-Bird SBE19 Data File:
* FileName = C:\2013 Mooring Data\1st Service\Casts\CAST_RR042_130726.hex
* Software Version 1.59
* Temperature SN = 2997
* Conductivity SN = 2997
* System UpLoad Time = Jul 26 2013 12:41:01
** CAST_RR042_130726
* ds
# nquan = 9                                 
# nvalues = 1006                        
# units = specified
# name 0 = timeJ: Julian Days
# name 1 = prSM: Pressure, Strain Gauge [db]
# name 2 = c0mS/cm: Conductivity [mS/cm]
# name 3 = t090C: Temperature [ITS-90, deg C]
# name 4 = sbeox0ML/L: Oxygen, SBE 43 [ml/l]
# name 5 = depSM: Depth [salt water, m], lat = 47.5
# name 6 = sal00: Salinity, Practical [PSU]
# name 7 = sigma-é00: Density [sigma-theta, kg/m^3]
# name 8 = flag: flag
# span 0 = 207.505706, 207.511522       
# span 1 =     -5.237,     42.464       
# span 2 =   0.331837,  36.711600       
# span 3 =     6.8899,    12.4567       
# span 4 =    -1.8566,    15.8784       
# span 5 =     -5.193,     42.105       
# span 6 =     0.2115,    33.8772       
# span 7 =    -0.3865,    26.5497       
# span 8 = 0.0000e+00, 0.0000e+00       
# interval = seconds: 0.5
# start_time = Jul 26 2013 12:08:13 [Instrument's time stamp, header]
# bad_flag = -9.990e-29
*END*
[from data line 801]
 207.510341     22.883  34.199015     6.9769     1.5985     22.691    33.8169    26.4903 0.0000e+00
 207.510347     23.147  34.199131     6.9676     1.5342     22.953    33.8261    26.4987 0.0000e+00
 207.510353     23.449  34.192468     6.9493     1.5159     23.252    33.8366    26.5095 0.0000e+00
 207.510359     23.794  34.185718     6.9326     1.5019     23.594    33.8455    26.5188 0.0000e+00
 207.510365     24.166  34.182648     6.9208     1.5078     23.963    33.8535    26.5267 0.0000e+00
 207.510370     24.550  34.181844     6.9137     1.5189     24.344    33.8595    26.5324 0.0000e+00
 207.510376     24.931  34.182118     6.9105     1.5161     24.721    33.8627    26.5354 0.0000e+00
 207.510382     25.292  34.183156     6.9105     1.5172     25.079    33.8637    26.5362 0.0000e+00
 207.510388     25.617  34.184547     6.9137     1.5181     25.402    33.8619    26.5343 0.0000e+00
 207.510394     25.905  34.186908     6.9190     1.5149     25.687    33.8591    26.5314 0.0000e+00
 207.510399     26.170  34.190473     6.9228     1.5102     25.950    33.8592    26.5309 0.0000e+00
 207.510405     26.433  34.192599     6.9214     1.4880     26.211    33.8628    26.5340 0.0000e+00
 207.510411     26.715  34.190966     6.9165     1.4868     26.490    33.8657    26.5369 0.0000e+00
 207.510417     27.021  34.187209     6.9121     1.4777     26.794    33.8657    26.5376 0.0000e+00
 207.510422     27.345  34.184605     6.9093     1.4688     27.115    33.8655    26.5377 0.0000e+00
 207.510428     27.686  34.183489     6.9075     1.4667     27.453    33.8658    26.5383 0.0000e+00
 207.510434     28.044  34.182817     6.9063     1.4777     27.808    33.8661    26.5387 0.0000e+00
 207.510440     28.417  34.182700     6.9050     1.4851     28.178    33.8671    26.5396 0.0000e+00
 207.510446     28.803  34.182865     6.9036     1.4816     28.561    33.8684    26.5409 0.0000e+00
 207.510451     29.191  34.182859     6.9024     1.4696     28.945    33.8694    26.5418 0.0000e+00
 207.510457     29.563  34.183118     6.9026     1.4655     29.314    33.8693    26.5417 0.0000e+00
 207.510463     29.910  34.183871     6.9043     1.4576     29.658    33.8683    26.5407 0.0000e+00
 207.510469     30.231  34.184886     6.9059     1.4565     29.976    33.8677    26.5400 0.0000e+00
 207.510475     30.535  34.186282     6.9060     1.4607     30.278    33.8690    26.5410 0.0000e+00
 207.510480     30.836  34.187005     6.9046     1.4436     30.576    33.8710    26.5428 0.0000e+00
 207.510486     31.149  34.185665     6.9021     1.4398     30.887    33.8718    26.5438 0.0000e+00
 207.510492     31.477  34.183724     6.8999     1.4279     31.212    33.8717    26.5440 0.0000e+00
 207.510498     31.811  34.182962     6.8987     1.4361     31.543    33.8719    26.5443 0.0000e+00
 207.510503     32.137  34.182806     6.8981     1.4540     31.866    33.8722    26.5446 0.0000e+00
 207.510509     32.447  34.182933     6.8981     1.4544     32.174    33.8721    26.5446 0.0000e+00
 207.510515     32.739  34.183958     6.8989     1.4506     32.463    33.8723    26.5446 0.0000e+00
 207.510521     33.018  34.185451     6.8998     1.4451     32.740    33.8730    26.5450 0.0000e+00
 207.510527     33.299  34.185930     6.8996     1.4503     33.018    33.8735    26.5455 0.0000e+00
 207.510532     33.593  34.184798     6.8982     1.4291     33.310    33.8735    26.5457 0.0000e+00
 207.510538     33.908  34.183233     6.8969     1.4396     33.622    33.8729    26.5454 0.0000e+00
 207.510544     34.247  34.182396     6.8959     1.4077     33.958    33.8728    26.5455 0.0000e+00
 207.510550     34.604  34.182178     6.8948     1.3904     34.312    33.8735    26.5461 0.0000e+00
 207.510556     34.969  34.182174     6.8939     1.4160     34.674    33.8742    26.5468 0.0000e+00
 207.510561     35.335  34.182262     6.8932     1.4149     35.037    33.8748    26.5474 0.0000e+00
 207.510567     35.695  34.182445     6.8926     1.4236     35.394    33.8754    26.5480 0.0000e+00
 207.510573     36.039  34.182852     6.8925     1.4170     35.735    33.8758    26.5483 0.0000e+00
 207.510579     36.352  34.183909     6.8935     1.3954     36.045    33.8758    26.5482 0.0000e+00
 207.510584     36.634  34.185231     6.8951     1.3901     36.325    33.8756    26.5477 0.0000e+00
 207.510590     36.903  34.185666     6.8962     1.3863     36.592    33.8748    26.5470 0.0000e+00
 207.510596     37.181  34.185326     6.8956     1.3772     36.867    33.8749    26.5472 0.0000e+00
 207.510602     37.471  34.184824     6.8935     1.3948     37.155    33.8763    26.5485 0.0000e+00
 207.510608     37.763  34.184215     6.8922     1.4018     37.444    33.8768    26.5491 0.0000e+00
 207.510613     38.054  34.183802     6.8917     1.4007     37.733    33.8767    26.5491 0.0000e+00
 207.510619     38.353  34.183793     6.8911     1.4022     38.029    33.8771    26.5495 0.0000e+00
 207.510625     38.667  34.183638     6.8907     1.3900     38.341    33.8772    26.5496 0.0000e+00
 207.510631     38.998  34.183152     6.8907     1.3968     38.669    33.8765    26.5491 0.0000e+00
 207.510637     39.347  34.182830     6.8905     1.3942     39.015    33.8761    26.5488 0.0000e+00
 207.510642     39.705  34.182823     6.8901     1.3942     39.370    33.8763    26.5491 0.0000e+00
 207.510648     40.061  34.183143     6.8899     1.3956     39.723    33.8767    26.5494 0.0000e+00
 207.510654     40.403  34.183676     6.8903     1.3942     40.062    33.8767    26.5494 0.0000e+00
 207.510660     40.724  34.184031     6.8910     1.4036     40.380    33.8763    26.5489 0.0000e+00
 207.510666     41.021  34.184143     6.8915     1.3984     40.675    33.8758    26.5484 0.0000e+00
 207.510671     41.297  34.184182     6.8914     1.3903     40.948    33.8758    26.5485 0.0000e+00
 207.510677     41.553  34.184221     6.8911     1.3875     41.202    33.8760    26.5487 0.0000e+00
 207.510683     41.783  34.184333     6.8912     1.3861     41.430    33.8759    26.5486 0.0000e+00
 207.510689     41.976  34.184689     6.8916     1.3903     41.621    33.8758    26.5485 0.0000e+00
 207.510694     42.127  34.185224     6.8918     1.3931     41.771    33.8761    26.5487 -9.990e-29
 207.510700     42.241  34.185554     6.8919     1.3998     41.884    33.8763    26.5488 -9.990e-29
 207.510706     42.327  34.185579     6.8923     1.4012     41.969    33.8759    26.5485 -9.990e-29
 207.510712     42.389  34.185358     6.8923     1.3944     42.031    33.8756    26.5482 -9.990e-29
 207.510718     42.430  34.185177     6.8917     1.3849     42.072    33.8760    26.5486 -9.990e-29
 207.510723     42.455  34.185377     6.8910     1.3807     42.096    33.8769    26.5494 -9.990e-29
 207.510729     42.464  34.185688     6.8910     1.3820     42.105    33.8772    26.5497 -9.990e-29
 207.510735     42.458  34.185986     6.8917     1.3861     42.099    33.8769    26.5493 -9.990e-29
 207.510741     42.437  34.186132     6.8923     1.4021     42.078    33.8765    26.5489 -9.990e-29
 207.510747     42.399  34.185782     6.8927     1.4718     42.041    33.8757    26.5482 -9.990e-29
 207.510752     42.341  34.185053     6.8930     1.4589     41.983    33.8746    26.5474 -9.990e-29
 207.510758     42.261  34.184114     6.8929     1.4102     41.904    33.8737    26.5467 -9.990e-29
 207.510764     42.153  34.183416     6.8927     1.3757     41.797    33.8732    26.5463 -9.990e-29
 207.510770     42.014  34.183734     6.8929     1.3387     41.659    33.8734    26.5464 0.0000e+00
 207.510775     41.845  34.184953     6.8936     1.3554     41.492    33.8742    26.5469 0.0000e+00
 207.510781     41.638  34.185922     6.8944     1.3802     41.286    33.8746    26.5471 0.0000e+00
 207.510787     41.385  34.186275     6.8950     1.3870     41.035    33.8745    26.5470 0.0000e+00
 207.510793     41.083  34.186504     6.8949     1.3925     40.736    33.8750    26.5474 0.0000e+00
 207.510799     40.738  34.186379     6.8939     1.3844     40.394    33.8760    26.5483 0.0000e+00
 207.510804     40.371  34.185758     6.8928     1.3735     40.030    33.8766    26.5489 0.0000e+00
 207.510810     40.006  34.184958     6.8922     1.3720     39.668    33.8765    26.5489 0.0000e+00
 207.510816     39.662  34.184059     6.8916     1.3735     39.327    33.8762    26.5488 0.0000e+00
 207.510822     39.351  34.183007     6.8911     1.3776     39.019    33.8757    26.5484 0.0000e+00
 207.510828     39.067  34.182105     6.8910     1.3803     38.737    33.8750    26.5479 0.0000e+00
 207.510833     38.793  34.181854     6.8910     1.4337     38.466    33.8748    26.5477 0.0000e+00
 207.510839     38.509  34.181941     6.8909     1.6520     38.184    33.8752    26.5480 0.0000e+00
 207.510845     38.207  34.181946     6.8909     1.5945     37.885    33.8753    26.5481 0.0000e+00
 207.510851     37.894  34.181899     6.8909     1.4556     37.574    33.8754    26.5482 0.0000e+00
 207.510856     37.579  34.181760     6.8909     1.3212     37.262    33.8754    26.5482 0.0000e+00
 207.510862     37.268  34.181369     6.8909     1.2462     36.954    33.8752    26.5480 0.0000e+00
 207.510868     36.967  34.180789     6.8906     1.3101     36.655    33.8750    26.5479 0.0000e+00
 207.510874     36.670  34.180393     6.8903     1.3643     36.361    33.8750    26.5479 0.0000e+00
 207.510880     36.353  34.180236     6.8902     1.3903     36.046    33.8750    26.5480 0.0000e+00
 207.510885     36.001  34.180131     6.8903     1.3916     35.697    33.8750    26.5479 0.0000e+00
 207.510891     35.617  34.179961     6.8904     1.3847     35.317    33.8749    26.5478 0.0000e+00
 207.510897     35.216  34.179523     6.8902     1.3819     34.919    33.8748    26.5478 0.0000e+00
 207.510903     34.822  34.178818     6.8900     1.3723     34.528    33.8744    26.5475 0.0000e+00
 207.510909     34.462  34.178053     6.8901     1.3656     34.172    33.8737    26.5469 0.0000e+00
 207.510914     34.144  34.177353     6.8903     1.3736     33.856    33.8729    26.5462 0.0000e+00
 207.510920     33.855  34.176931     6.8905     1.3830     33.570    33.8723    26.5458 0.0000e+00
 207.510926     33.574  34.176808     6.8910     1.3951     33.291    33.8719    26.5453 0.0000e+00
 207.510932     33.277  34.176841     6.8918     1.3978     32.997    33.8712    26.5447 0.0000e+00
 207.510938     32.951  34.177097     6.8927     1.3936     32.673    33.8708    26.5443 0.0000e+00
 207.510943     32.591  34.177381     6.8932     1.3894     32.316    33.8708    26.5442 0.0000e+00
 207.510949     32.210  34.177534     6.8934     1.3933     31.939    33.8710    26.5443 0.0000e+00
 207.510955     31.825  34.177786     6.8938     1.3946     31.557    33.8710    26.5443 0.0000e+00
 207.510961     31.447  34.177938     6.8944     1.3946     31.182    33.8708    26.5440 0.0000e+00
 207.510966     31.077  34.177656     6.8950     1.3997     30.815    33.8701    26.5434 0.0000e+00
 207.510972     30.717  34.177150     6.8956     1.3982     30.458    33.8691    26.5425 0.0000e+00
 207.510978     30.370  34.176889     6.8966     1.4047     30.114    33.8680    26.5415 0.0000e+00
 207.510984     30.036  34.177110     6.8975     1.4046     29.783    33.8675    26.5410 0.0000e+00
 207.510990     29.706  34.177572     6.8978     1.4017     29.456    33.8679    26.5412 0.0000e+00
 207.510995     29.376  34.177794     6.8976     1.4067     29.129    33.8685    26.5417 0.0000e+00
 207.511001     29.047  34.177536     6.8973     1.4054     28.803    33.8687    26.5419 0.0000e+00
 207.511007     28.711  34.177039     6.8975     1.4254     28.469    33.8681    26.5414 0.0000e+00
 207.511013     28.358  34.176782     6.8983     1.4282     28.119    33.8672    26.5406 0.0000e+00
 207.511019     27.984  34.177007     6.8997     1.4320     27.749    33.8662    26.5397 0.0000e+00
 207.511024     27.587  34.177478     6.9010     1.4224     27.355    33.8657    26.5390 0.0000e+00
 207.511030     27.171  34.177725     6.9022     1.4259     26.942    33.8650    26.5383 0.0000e+00
 207.511036     26.744  34.177545     6.9034     1.4339     26.519    33.8638    26.5372 0.0000e+00
 207.511042     26.313  34.177282     6.9039     1.4404     26.092    33.8632    26.5367 0.0000e+00
 207.511047     25.885  34.177172     6.9043     1.4551     25.667    33.8629    26.5364 0.0000e+00
 207.511053     25.479  34.177092     6.9047     1.4842     25.265    33.8626    26.5361 0.0000e+00
 207.511059     25.117  34.176960     6.9048     1.5863     24.906    33.8626    26.5361 0.0000e+00
 207.511065     24.790  34.176627     6.9052     1.6540     24.582    33.8620    26.5355 0.0000e+00
 207.511071     24.471  34.176232     6.9063     1.8447     24.265    33.8606    26.5343 0.0000e+00
 207.511076     24.145  34.175831     6.9081     1.7033     23.942    33.8586    26.5324 0.0000e+00
 207.511082     23.808  34.175470     6.9109     1.6337     23.608    33.8556    26.5297 0.0000e+00
 207.511088     23.469  34.175255     6.9144     1.6340     23.272    33.8521    26.5264 0.0000e+00
 207.511094     23.132  34.174924     6.9177     1.6686     22.938    33.8486    26.5233 0.0000e+00
 207.511100     22.784  34.174621     6.9209     1.8260     22.593    33.8453    26.5202 0.0000e+00
 207.511105     22.403  34.174525     6.9262     1.9183     22.215    33.8402    26.5154 0.0000e+00
 207.511111     21.973  34.174531     6.9357     2.0369     21.788    33.8310    26.5070 0.0000e+00
 207.511117     21.501  34.174669     6.9486     2.1962     21.320    33.8187    26.4955 0.0000e+00
 207.511123     21.013  34.175151     6.9628     2.3490     20.837    33.8055    26.4832 0.0000e+00
 207.511128     20.539  34.176086     6.9770     2.4619     20.367    33.7928    26.4712 0.0000e+00
 207.511134     20.102  34.177630     6.9912     2.5290     19.933    33.7808    26.4598 0.0000e+00
 207.511140     19.714  34.180187     7.0104     2.5644     19.549    33.7649    26.4447 0.0000e+00
 207.511146     19.368  34.184955     7.0378     2.5931     19.205    33.7434    26.4240 0.0000e+00
 207.511152     19.049  34.191593     7.0644     2.6468     18.889    33.7248    26.4057 0.0000e+00
 207.511157     18.743  34.196093     7.0801     2.7220     18.586    33.7145    26.3954 0.0000e+00
 207.511163     18.426  34.196640     7.0872     2.7946     18.271    33.7083    26.3896 0.0000e+00
 207.511169     18.076  34.195673     7.0956     2.8550     17.924    33.6992    26.3813 0.0000e+00
 207.511175     17.694  34.195286     7.1100     2.8987     17.546    33.6849    26.3680 0.0000e+00
 207.511181     17.293  34.195548     7.1275     2.9363     17.148    33.6683    26.3525 0.0000e+00
 207.511186     16.887  34.196274     7.1469     2.9838     16.745    33.6503    26.3357 0.0000e+00
 207.511192     16.485  34.197340     7.1676     3.0320     16.347    33.6315    26.3180 0.0000e+00
 207.511198     16.085  34.197393     7.1845     3.0867     15.950    33.6153    26.3029 0.0000e+00
 207.511204     15.676  34.195973     7.2010     3.1223     15.545    33.5979    26.2869 0.0000e+00
 207.511209     15.249  34.194012     7.2255     3.1679     15.121    33.5721    26.2632 0.0000e+00
 207.511215     14.811  34.192283     7.2544     3.2125     14.687    33.5423    26.2358 0.0000e+00
 207.511221     14.381  34.191868     7.2793     3.2401     14.260    33.5179    26.2132 0.0000e+00
 207.511227     13.974  34.194484     7.3021     3.2727     13.857    33.4989    26.1950 0.0000e+00
 207.511233     13.591  34.202531     7.3279     4.8534     13.477    33.4828    26.1788 0.0000e+00
 207.511238     13.224  34.216120     7.3532     4.5375     13.113    33.4733    26.1677 0.0000e+00
 207.511244     12.863  34.227628     7.3775     3.9221     12.755    33.4625    26.1558 0.0000e+00
 207.511250     12.497  34.234503     7.4173     3.1419     12.392    33.4317    26.1260 0.0000e+00
 207.511256     12.130  34.252100     7.4802     2.6087     12.028    33.3903    26.0846 0.0000e+00
