data/oxygen options/OCNMS/OCNMS2/raw_data/2009/CTD_CA100_090209faed.cnv
* Sea-Bird SBE19 Data File:
* FileName = C:\2009_MOORING_DATA\090209_data\CTD_CA100_090209.hex
* Software Version 1.24
* Temperature SN = 2997
* Conductivity SN = 2997
* System UpLoad Time = Sep 02 2009 13:36:35
* SEACAT PROFILER V3.1c SN 2997   09/02/09  13:35:26.994
* strain gauge pressure sensor: S/N = 184829,  range = 3000 psia,  tc = 40
# nquan = 9                                 
# nvalues = 889                         
# units = specified
# name 0 = timeJ: Julian Days
# name 1 = prSM: Pressure, Strain Gauge [db]
# name 2 = c0mS/cm: Conductivity [mS/cm]
# name 3 = t090C: Temperature [ITS-90, deg C]
# name 4 = sbeox0ML/L: Oxygen, SBE 43 [ml/l]
# name 5 = depSM: Depth [salt water, m], lat = 47.5
# name 6 = sal00: Salinity, Practical [PSU]
# name 7 = sigma-é00: Density [sigma-theta, kg/m^3]
# name 8 = flag: flag
# span 0 = 245.560023, 245.565162       
# span 1 =     -6.317,     98.492       
# span 2 =   0.012521,  38.777850       
# span 3 =     7.1839,    14.8772       
# span 4 =    -1.6313,    14.6959       
# span 5 =     -6.264,     97.647       
# span 6 =     0.0125,    33.8126       
# span 7 =    -0.8676,    26.4565       
# span 8 = 0.0000e+00, 0.0000e+00       
# interval = seconds: 0.5
# start_time = Sep 02 2009 13:26:26 [Instrument's time stamp, header]
# bad_flag = -9.990e-29
*END*
[from data line 161]
 245.560955     -1.186  38.351641    13.3188     6.0727     -1.176    32.2476    24.1986 -9.990e-29
 245.560961     -1.162  38.335881    13.3150     6.1069     -1.152    32.2361    24.1904 -9.990e-29
 245.560966     -1.144  38.325114    13.3165     6.1394     -1.134    32.2247    24.1813 -9.990e-29
 245.560972     -1.136  38.322257    13.3208     6.1385     -1.127    32.2184    24.1756 -9.990e-29
 245.560978     -1.138  38.326216    13.3241     6.1261     -1.129    32.2193    24.1756 -9.990e-29
 245.560984     -1.144  38.333229    13.3243     6.1336     -1.134    32.2257    24.1805 -9.990e-29
 245.560990     -1.148  38.338005    13.3224     6.1443     -1.138    32.2318    24.1856 -9.990e-29
 245.560995     -1.144  38.337312    13.3199     6.1629     -1.134    32.2333    24.1872 -9.990e-29
 245.561001     -1.134  38.334063    13.3172     6.1260     -1.125    32.2325    24.1872 -9.990e-29
 245.561007     -1.119  38.333360    13.3142     6.1112     -1.110    32.2344    24.1892 -9.990e-29
 245.561013     -1.104  38.333063    13.3094     6.0882     -1.095    32.2382    24.1931 -9.990e-29
 245.561019     -1.083  38.325413    13.2995     6.0939     -1.074    32.2394    24.1960 -9.990e-29
 245.561024     -1.056  38.308523    13.2871     6.1301     -1.047    32.2341    24.1944 -9.990e-29
 245.561030     -1.028  38.295064    13.2810     6.1476     -1.019    32.2266    24.1898 -9.990e-29
 245.561036     -1.003  38.296122    13.2849     6.1292     -0.995    32.2243    24.1872 -9.990e-29
 245.561042     -0.982  38.305741    13.2950     6.1325     -0.974    32.2247    24.1856 -9.990e-29
 245.561047     -0.970  38.313147    13.3036     6.1034     -0.962    32.2244    24.1836 -9.990e-29
 245.561053     -0.960  38.314132    13.3048     6.0916     -0.952    32.2243    24.1833 -9.990e-29
 245.561059     -0.949  38.308811    13.2986     6.0968     -0.941    32.2245    24.1847 -9.990e-29
 245.561065     -0.934  38.298406    13.2892     6.0999     -0.926    32.2228    24.1852 -9.990e-29
 245.561071     -0.921  38.286876    13.2808     6.1080     -0.913    32.2191    24.1840 -9.990e-29
 245.561076     -0.912  38.278919    13.2753     6.1105     -0.904    32.2163    24.1829 -9.990e-29
 245.561082     -0.906  38.276715    13.2747     6.1150     -0.898    32.2147    24.1818 -9.990e-29
 245.561088     -0.903  38.281160    13.2803     6.1075     -0.895    32.2141    24.1803 -9.990e-29
 245.561094     -0.899  38.288577    13.2894     6.1085     -0.891    32.2134    24.1779 -9.990e-29
 245.561100     -0.893  38.294777    13.2974     6.1338     -0.886    32.2124    24.1756 -9.990e-29
 245.561105     -0.890  38.301785    13.3031     6.1400     -0.883    32.2141    24.1758 -9.990e-29
 245.561111     -0.884  38.310467    13.3072     6.1178     -0.877    32.2188    24.1786 -9.990e-29
 245.561117     -0.872  38.317761    13.3076     6.0970     -0.865    32.2253    24.1835 -9.990e-29
 245.561123     -0.852  38.315394    13.3023     6.0940     -0.845    32.2275    24.1863 -9.990e-29
 245.561128     -0.828  38.301808    13.2959     6.0912     -0.821    32.2202    24.1819 -9.990e-29
 245.561134     -0.806  38.292395    13.2953     6.0905     -0.799    32.2119    24.1756 -9.990e-29
 245.561140     -0.789  38.292991    13.2998     6.0991     -0.782    32.2086    24.1722 -9.990e-29
 245.561146     -0.777  38.295350    13.3026     6.1091     -0.771    32.2085    24.1715 -9.990e-29
 245.561152     -0.768  38.295255    13.2995     6.1434     -0.762    32.2110    24.1741 -9.990e-29
 245.561157     -0.762  38.291938    13.2930     6.1516     -0.756    32.2134    24.1772 -9.990e-29
 245.561163     -0.759  38.287610    13.2900     6.1264     -0.753    32.2119    24.1766 -9.990e-29
 245.561169     -0.759  38.288174    13.2942     6.1151     -0.753    32.2089    24.1735 -9.990e-29
 245.561175     -0.760  38.296534    13.3026     6.1094     -0.754    32.2096    24.1724 -9.990e-29
 245.561181     -0.764  38.313675    13.3119     6.1131     -0.758    32.2178    24.1768 -9.990e-29
 245.561186     -0.770  38.352296    13.3246     6.1257     -0.764    32.2432    24.1940 -9.990e-29
 245.561192     -0.776  38.406712    13.3485     6.1219     -0.770    32.2739    24.2129 -9.990e-29
 245.561198     -0.771  38.436327    13.3777     6.0862     -0.765    32.2768    24.2094 -9.990e-29
 245.561204     -0.758  38.419531    13.3897     6.0789     -0.752    32.2510    24.1870 -9.990e-29
 245.561209     -0.742  38.379195    13.3823     6.0767     -0.736    32.2195    24.1642 -9.990e-29
 245.561215     -0.727  38.350461    13.3768     6.1135     -0.721    32.1973    24.1481 -9.990e-29
 245.561221     -0.713  38.343635    13.3835     6.1332     -0.707    32.1852    24.1374 -9.990e-29
 245.561227     -0.698  38.349529    13.3941     6.1314     -0.692    32.1818    24.1327 -9.990e-29
 245.561233     -0.682  38.352966    13.3944     6.1164     -0.676    32.1847    24.1349 -9.990e-29
 245.561238     -0.668  38.341659    13.3833     6.0699     -0.662    32.1835    24.1362 -9.990e-29
 245.561244     -0.659  38.324519    13.3750     6.0852     -0.654    32.1745    24.1309 -9.990e-29
 245.561250     -0.654  38.322826    13.3761     6.0950     -0.649    32.1720    24.1287 -9.990e-29
 245.561256     -0.653  38.337595    13.3796     6.1263     -0.648    32.1829    24.1364 -9.990e-29
 245.561262     -0.653  38.348133    13.3757     6.1479     -0.648    32.1960    24.1473 -9.990e-29
 245.561267     -0.648  38.342664    13.3632     6.1177     -0.643    32.2015    24.1540 -9.990e-29
 245.561273     -0.638  38.325570    13.3486     6.0992     -0.633    32.1978    24.1541 -9.990e-29
 245.561279     -0.623  38.305316    13.3396     6.1138     -0.618    32.1865    24.1471 -9.990e-29
 245.561285     -0.606  38.295668    13.3394     6.0941     -0.601    32.1776    24.1403 -9.990e-29
 245.561291     -0.590  38.305503    13.3434     6.1099     -0.585    32.1834    24.1440 -9.990e-29
 245.561296     -0.574  38.319865    13.3422     6.0985     -0.569    32.1979    24.1554 -9.990e-29
 245.561302     -0.557  38.319204    13.3331     6.0971     -0.552    32.2049    24.1627 -9.990e-29
 245.561308     -0.539  38.304794    13.3248     6.1231     -0.535    32.1984    24.1593 -9.990e-29
 245.561314     -0.521  38.295955    13.3268     6.1342     -0.517    32.1885    24.1512 -9.990e-29
 245.561319     -0.508  38.305439    13.3394     6.1049     -0.504    32.1867    24.1474 -9.990e-29
 245.561325     -0.499  38.323422    13.3503     6.0913     -0.495    32.1943    24.1511 -9.990e-29
 245.561331     -0.492  38.334624    13.3468     6.0753     -0.488    32.2077    24.1622 -9.990e-29
 245.561337     -0.484  38.337671    13.3332     6.0831     -0.480    32.2221    24.1760 -9.990e-29
 245.561343     -0.470  38.352775    13.3243     6.1027     -0.466    32.2438    24.1945 -9.990e-29
 245.561348     -0.452  38.377607    13.3241     6.1210     -0.448    32.2672    24.2126 -9.990e-29
 245.561354     -0.434  38.389785    13.3276     6.1207     -0.430    32.2756    24.2184 -9.990e-29
 245.561360     -0.419  38.399307    13.3351     6.1236     -0.416    32.2781    24.2189 -9.990e-29
 245.561366     -0.411  38.410393    13.3514     6.1279     -0.408    32.2747    24.2130 -9.990e-29
 245.561372     -0.405  38.421513    13.3784     6.1091     -0.402    32.2622    24.1980 -9.990e-29
 245.561377     -0.395  38.431745    13.4091     6.1230     -0.392    32.2458    24.1792 -9.990e-29
 245.561383     -0.386  38.418278    13.4312     6.1241     -0.383    32.2145    24.1506 -9.990e-29
 245.561389     -0.382  38.397773    13.4405     6.1203     -0.379    32.1875    24.1279 -9.990e-29
 245.561395     -0.382  38.404371    13.4413     6.0713     -0.379    32.1930    24.1319 -9.990e-29
 245.561400     -0.386  38.413774    13.4376     6.0682     -0.383    32.2049    24.1419 -9.990e-29
 245.561406     -0.385  38.408223    13.4291     6.0681     -0.382    32.2069    24.1451 -9.990e-29
 245.561412     -0.372  38.396461    13.4162     6.0738     -0.369    32.2068    24.1476 -9.990e-29
 245.561418     -0.349  38.381191    13.4034     6.1131     -0.346    32.2034    24.1475 -9.990e-29
 245.561424     -0.324  38.372186    13.3904     6.1163     -0.321    32.2059    24.1521 -9.990e-29
 245.561429     -0.304  38.366866    13.3734     6.1280     -0.301    32.2153    24.1627 -9.990e-29
 245.561435     -0.291  38.356371    13.3564     6.1198     -0.289    32.2199    24.1696 -9.990e-29
 245.561441     -0.286  38.342586    13.3519     6.1078     -0.284    32.2108    24.1635 -9.990e-29
 245.561447     -0.287  38.329179    13.3582     6.1127     -0.285    32.1929    24.1484 -9.990e-29
 245.561453     -0.294  38.320026    13.3577     6.1126     -0.292    32.1848    24.1422 -9.990e-29
 245.561458     -0.305  38.316407    13.3501     6.0952     -0.302    32.1878    24.1461 -9.990e-29
 245.561464     -0.310  38.313850    13.3432     6.1007     -0.307    32.1913    24.1501 -9.990e-29
 245.561470     -0.306  38.312243    13.3350     6.0982     -0.303    32.1967    24.1560 -9.990e-29
 245.561476     -0.293  38.308824    13.3253     6.1039     -0.291    32.2017    24.1618 -9.990e-29
 245.561481     -0.274  38.294499    13.3182     6.1097     -0.272    32.1943    24.1574 -9.990e-29
 245.561487     -0.257  38.279765    13.3164     6.1107     -0.255    32.1820    24.1483 -9.990e-29
 245.561493     -0.244  38.282403    13.3182     6.1112     -0.242    32.1830    24.1487 -9.990e-29
 245.561499     -0.236  38.296359    13.3218     6.0915     -0.234    32.1930    24.1557 -9.990e-29
 245.561505     -0.230  38.305493    13.3268     6.0913     -0.228    32.1973    24.1581 -9.990e-29
 245.561510     -0.228  38.306818    13.3331     6.0981     -0.226    32.1932    24.1536 -9.990e-29
 245.561516     -0.228  38.309317    13.3410     6.1268     -0.226    32.1889    24.1487 -9.990e-29
 245.561522     -0.232  38.317944    13.3485     6.1291     -0.230    32.1906    24.1486 -9.990e-29
 245.561528     -0.234  38.329597    13.3551     6.1208     -0.232    32.1959    24.1514 -9.990e-29
 245.561534     -0.226  38.339053    13.3615     6.0929     -0.224    32.1993    24.1527 -9.990e-29
 245.561539     -0.209  38.339279    13.3646     6.1007     -0.207    32.1969    24.1503 -9.990e-29
 245.561545     -0.193  38.331640    13.3653     6.1132     -0.191    32.1892    24.1441 -9.990e-29
 245.561551     -0.186  38.328273    13.3665     6.1436     -0.184    32.1850    24.1407 -9.990e-29
 245.561557     -0.184  38.331905    13.3657     6.1485     -0.182    32.1891    24.1440 -9.990e-29
 245.561563     -0.183  38.331096    13.3580     6.1093     -0.181    32.1948    24.1500 -9.990e-29
 245.561568     -0.181  38.317994    13.3427     6.0934     -0.179    32.1955    24.1535 -9.990e-29
 245.561574     -0.179  38.296896    13.3258     6.0809     -0.178    32.1901    24.1527 -9.990e-29
 245.561580     -0.176  38.281018    13.3148     6.0998     -0.175    32.1845    24.1506 -9.990e-29
 245.561586     -0.173  38.279343    13.3106     6.1306     -0.172    32.1865    24.1529 -9.990e-29
 245.561591     -0.170  38.286216    13.3100     6.1393     -0.169    32.1934    24.1584 -9.990e-29
 245.561597     -0.166  38.290598    13.3099     6.1064     -0.165    32.1976    24.1617 -9.990e-29
 245.561603     -0.160  38.287644    13.3097     6.0977     -0.159    32.1950    24.1597 -9.990e-29
 245.561609     -0.154  38.283988    13.3123     6.0972     -0.153    32.1894    24.1548 -9.990e-29
 245.561615     -0.149  38.289803    13.3226     6.1052     -0.148    32.1861    24.1503 -9.990e-29
 245.561620     -0.151  38.303273    13.3373     6.1205     -0.150    32.1863    24.1475 -9.990e-29
 245.561626     -0.151  38.313762    13.3451     6.1154     -0.150    32.1895    24.1484 -9.990e-29
 245.561632     -0.141  38.316176    13.3407     6.0978     -0.140    32.1955    24.1539 -9.990e-29
 245.561638     -0.123  38.308643    13.3298     6.1042     -0.122    32.1977    24.1577 -9.990e-29
 245.561644     -0.106  38.292814    13.3220     6.0973     -0.105    32.1894    24.1529 -9.990e-29
 245.561649     -0.097  38.286134    13.3213     6.1085     -0.096    32.1838    24.1487 -9.990e-29
 245.561655     -0.095  38.294740    13.3239     6.1420     -0.094    32.1896    24.1527 -9.990e-29
 245.561661     -0.092  38.301512    13.3242     6.1381     -0.091    32.1957    24.1574 -9.990e-29
 245.561667     -0.083  38.300873    13.3206     6.1363     -0.082    32.1982    24.1600 -9.990e-29
 245.561672     -0.068  38.298069    13.3166     6.1179     -0.067    32.1989    24.1613 -9.990e-29
 245.561678     -0.050  38.297138    13.3177     6.0876     -0.050    32.1971    24.1597 -9.990e-29
 245.561684     -0.037  38.302934    13.3271     6.0875     -0.037    32.1946    24.1559 -9.990e-29
 245.561690     -0.031  38.315850    13.3443     6.0771     -0.031    32.1921    24.1506 -9.990e-29
 245.561696     -0.028  38.335705    13.3703     6.0767     -0.028    32.1887    24.1428 -9.990e-29
 245.561701     -0.020  38.363173    13.3965     6.0789     -0.020    32.1922    24.1403 -9.990e-29
 245.561707     -0.006  38.379988    13.4054     6.0856     -0.006    32.2004    24.1448 -9.990e-29
 245.561713      0.007  38.374941    13.4029     6.0865      0.007    32.1978    24.1433 -9.990e-29
 245.561719      0.014  38.369230    13.4015     6.1304      0.014    32.1937    24.1404 -9.990e-29
 245.561725      0.021  38.365815    13.3961     6.1327      0.021    32.1950    24.1425 -9.990e-29
 245.561730      0.032  38.352249    13.3830     6.1300      0.032    32.1934    24.1439 -9.990e-29
 245.561736      0.045  38.336125    13.3692     6.1162      0.045    32.1900    24.1440 -9.990e-29
 245.561742      0.054  38.326665    13.3601     6.0971      0.054    32.1888    24.1449 -9.990e-29
 245.561748      0.061  38.320146    13.3532     6.1012      0.060    32.1886    24.1461 -9.990e-29
 245.561753      0.067  38.311171    13.3479     6.1098      0.066    32.1846    24.1441 -9.990e-29
 245.561759      0.072  38.307299    13.3497     6.1102      0.071    32.1795    24.1398 -9.990e-29
 245.561765      0.075  38.316740    13.3555     6.1077      0.074    32.1834    24.1416 -9.990e-29
 245.561771      0.078  38.328519    13.3524     6.1061      0.077    32.1971    24.1528 -9.990e-29
 245.561777      0.080  38.324709    13.3372     6.1366      0.079    32.2064    24.1630 -9.990e-29
 245.561782      0.082  38.304653    13.3207     6.1487      0.081    32.2015    24.1626 -9.990e-29
 245.561788      0.084  38.286876    13.3144     6.1422      0.083    32.1902    24.1551 -9.990e-29
 245.561794      0.085  38.286221    13.3203     6.1324      0.084    32.1846    24.1496 -9.990e-29
 245.561800      0.087  38.295600    13.3288     6.0965      0.086    32.1862    24.1491 -9.990e-29
 245.561806      0.088  38.302277    13.3305     6.0932      0.087    32.1910    24.1525 -9.990e-29
 245.561811      0.089  38.305027    13.3268     6.1086      0.088    32.1967    24.1576 -9.990e-29
 245.561817      0.090  38.303545    13.3234     6.1230      0.089    32.1982    24.1595 -9.990e-29
 245.561823      0.092  38.301950    13.3219     6.1402      0.091    32.1980    24.1596 -9.990e-29
 245.561829      0.094  38.306450    13.3218     6.1119      0.093    32.2023    24.1629 -9.990e-29
 245.561834      0.096  38.310676    13.3217     6.0965      0.095    32.2063    24.1661 -9.990e-29
 245.561840      0.099  38.309014    13.3214     6.0850      0.098    32.2050    24.1651 -9.990e-29
 245.561846      0.103  38.304785    13.3211     6.0749      0.102    32.2013    24.1623 -9.990e-29
 245.561852      0.108  38.302364    13.3219     6.1054      0.107    32.1984    24.1599 -9.990e-29
 245.561858      0.114  38.302384    13.3250     6.1122      0.113    32.1958    24.1572 -9.990e-29
 245.561863      0.121  38.302572    13.3295     6.1377      0.120    32.1921    24.1535 -9.990e-29
 245.561869      0.131  38.302562    13.3331     6.1307      0.130    32.1891    24.1505 -9.990e-29
