data/oxygen options/OCNMS/OCNMS2/raw_data/2009/CTD_CA100_072809faedb.cnv
* Sea-Bird SBE19 Data File:
* FileName = C:\2009_MOORING_DATA\072809_DATA\CTD_CA100_072809.hex
* Software Version 1.24
* Temperature SN = 2997
* Conductivity SN = 2997
* System UpLoad Time = Jul 28 2009 17:29:39
* SEACAT PROFILER V3.1c SN 2997   07/28/09  17:28:44.575
* strain gauge pressure sensor: S/N = 184829,  range = 3000 psia,  tc = 40
# nquan = 9
# nvalues = 93                          
# units = specified
# name 0 = timeJ: Julian Days
# name 1 = prSM: Pressure, Strain Gauge [db]
# name 2 = c0mS/cm: Conductivity [mS/cm]
# name 3 = t090C: Temperature [ITS-90, deg C]
# name 4 = sbeox0ML/L: Oxygen, SBE 43 [ml/l]
# name 5 = depSM: Depth [salt water, m], lat = 47.5
# name 6 = sal00: Salinity, Practical [PSU]
# name 7 = sigma-é00: Density [sigma-theta, kg/m^3]
# name 8 = flag: flag
# span 0 = 209.423776, 209.424654       
# span 1 =      2.000,     94.000       
# span 2 =  33.687936,  39.255925       
# span 3 =     7.0635,    15.1228       
# span 4 =     2.1163,     7.3495       
# span 5 =      1.983,     93.194       
# span 6 =    30.9607,    33.8608       
# span 7 =    23.3136,    26.4915       
# span 8 = 0.0000e+00, 0.0000e+00       
# interval = decibars: 1                
# start_time = Jul 28 2009 10:05:24 [Instrument's time stamp, header]
# bad_flag = -9.990e-29
*END*
 209.423776      2.000  39.255925    15.1228     7.3495      1.983    31.5833    23.3136 0.0000e+00
 209.423799      3.000  38.842323    14.5420     7.2299      2.975    31.6812    23.5117 0.0000e+00
 209.423813      4.000  38.424292    14.1232     7.0246      3.967    31.6421    23.5684 0.0000e+00
 209.423826      5.000  38.236787    13.9118     6.6842      4.958    31.6433    23.6125 0.0000e+00
 209.423837      6.000  38.078366    13.7081     6.1414      5.950    31.6646    23.6703 0.0000e+00
 209.423847      7.000  37.827028    13.3443     5.4952      6.941    31.7325    23.7955 0.0000e+00
 209.423857      8.000  37.400946    12.7927     5.2399      7.933    31.7937    23.9504 0.0000e+00
 209.423867      9.000  36.917726    12.2840     5.3118      8.925    31.7631    24.0232 0.0000e+00
 209.423876     10.000  36.449334    11.9297     5.3432      9.916    31.6134    23.9732 0.0000e+00
 209.423885     11.000  36.097219    11.8643     5.1593     10.908    31.3289    23.7646 0.0000e+00
 209.423894     12.000  35.942197    12.0167     4.9021     11.900    31.0520    23.5219 0.0000e+00
 209.423902     13.000  35.939351    12.1227     4.8034     12.891    30.9607    23.4317 0.0000e+00
 209.423911     14.000  35.962830    12.0515     4.7567     13.882    31.0419    23.5077 0.0000e+00
 209.423919     15.000  35.871835    11.8562     4.5897     14.875    31.1168    23.6015 0.0000e+00
 209.423927     16.000  35.663746    11.5792     4.2494     15.866    31.1474    23.6753 0.0000e+00
 209.423935     17.000  35.595607    11.2970     3.9430     16.857    31.3190    23.8588 0.0000e+00
 209.423943     18.000  35.568593    10.9845     3.7912     17.849    31.5592    24.1004 0.0000e+00
 209.423952     19.000  35.406591    10.6042     3.7449     18.840    31.7269    24.2964 0.0000e+00
 209.423959     20.000  35.177298    10.2051     3.7658     19.832    31.8457    24.4564 0.0000e+00
 209.423967     21.000  35.009118     9.9745     3.7444     20.824    31.8788    24.5203 0.0000e+00
 209.423975     22.000  34.925934     9.8701     3.6406     21.816    31.8863    24.5433 0.0000e+00
 209.423982     23.000  34.891487     9.8060     3.5040     22.806    31.9077    24.5704 0.0000e+00
 209.423991     24.000  34.896779     9.7448     3.4252     23.798    31.9669    24.6265 0.0000e+00
 209.423999     25.000  34.877807     9.6680     3.3881     24.790    32.0155    24.6769 0.0000e+00
 209.424007     26.000  34.795001     9.5524     3.3711     25.782    32.0336    24.7096 0.0000e+00
 209.424014     27.000  34.715001     9.4285     3.3740     26.773    32.0620    24.7516 0.0000e+00
 209.424022     28.000  34.659772     9.3075     3.4001     27.765    32.1134    24.8109 0.0000e+00
 209.424030     29.000  34.631075     9.1860     3.3893     28.756    32.1928    24.8922 0.0000e+00
 209.424038     30.000  34.609357     9.0914     3.3585     29.748    32.2555    24.9559 0.0000e+00
 209.424046     31.000  34.596574     9.0377     3.3083     30.739    32.2903    24.9916 0.0000e+00
 209.424054     32.000  34.595006     9.0162     3.2606     31.730    32.3078    25.0086 0.0000e+00
 209.424061     33.000  34.588293     9.0109     3.1984     32.722    32.3052    25.0074 0.0000e+00
 209.424070     34.000  34.574861     9.0142     3.1945     33.713    32.2878    24.9933 0.0000e+00
 209.424078     35.000  34.554818     8.9913     3.2423     34.705    32.2874    24.9965 0.0000e+00
 209.424087     36.000  34.525580     8.9413     3.3398     35.696    32.3020    25.0157 0.0000e+00
 209.424095     37.000  34.503339     8.8308     3.4749     36.688    32.3791    25.0931 0.0000e+00
 209.424103     38.000  34.488614     8.6851     3.6242     37.680    32.4967    25.2074 0.0000e+00
 209.424112     39.000  34.473937     8.6089     3.8112     38.671    32.5510    25.2614 0.0000e+00
 209.424120     40.000  34.456911     8.5561     4.0203     39.662    32.5814    25.2932 0.0000e+00
 209.424128     41.000  34.426933     8.5167     4.1435     40.654    32.5858    25.3026 0.0000e+00
 209.424137     42.000  34.381815     8.4856     3.9423     41.645    32.5666    25.2923 0.0000e+00
 209.424145     43.000  34.312108     8.4191     3.4726     42.637    32.5542    25.2926 0.0000e+00
 209.424153     44.000  34.215037     8.2582     3.1908     43.628    32.6003    25.3525 0.0000e+00
 209.424162     45.000  34.145592     8.0654     3.2756     44.619    32.7056    25.4634 0.0000e+00
 209.424170     46.000  34.184637     7.9974     3.4773     45.611    32.8103    25.5555 0.0000e+00
 209.424178     47.000  34.253831     7.9438     3.5881     46.603    32.9340    25.6604 0.0000e+00
 209.424187     48.000  34.205023     7.8182     3.6672     47.594    33.0000    25.7303 0.0000e+00
 209.424196     49.000  34.108548     7.7131     3.8324     48.585    32.9955    25.7417 0.0000e+00
 209.424204     50.000  34.060872     7.6710     4.1171     49.577    32.9837    25.7386 0.0000e+00
 209.424213     51.000  34.042520     7.6582     4.3945     50.568    32.9756    25.7340 0.0000e+00
 209.424222     52.000  34.001885     7.6149     4.5056     51.560    32.9725    25.7377 0.0000e+00
 209.424230     53.000  33.904017     7.4973     4.5025     52.551    32.9782    25.7587 0.0000e+00
 209.424239     54.000  33.809064     7.3266     4.4460     53.542    33.0376    25.8292 0.0000e+00
 209.424248     55.000  33.735828     7.2084     4.3789     54.533    33.0704    25.8713 0.0000e+00
 209.424256     56.000  33.702978     7.1616     4.3258     55.525    33.0790    25.8845 0.0000e+00
 209.424264     57.000  33.691814     7.1328     4.2880     56.517    33.0940    25.9003 0.0000e+00
 209.424273     58.000  33.687936     7.1086     4.3042     57.508    33.1126    25.9181 0.0000e+00
 209.424281     59.000  33.693125     7.0869     4.2750     58.499    33.1386    25.9416 0.0000e+00
 209.424290     60.000  33.707759     7.0705     4.1509     59.491    33.1699    25.9684 0.0000e+00
 209.424299     61.000  33.722597     7.0635     3.9875     60.482    33.1923    25.9871 0.0000e+00
 209.424308     62.000  33.752969     7.0738     3.8665     61.473    33.2151    26.0036 0.0000e+00
 209.424316     63.000  33.820457     7.1051     3.8108     62.465    33.2581    26.0332 0.0000e+00
 209.424325     64.000  33.908422     7.1405     3.7750     63.456    33.3194    26.0767 0.0000e+00
 209.424333     65.000  33.971147     7.1647     3.7329     64.447    33.3640    26.1085 0.0000e+00
 209.424342     66.000  34.010929     7.1839     3.6675     65.439    33.3883    26.1249 0.0000e+00
 209.424351     67.000  34.044201     7.2025     3.6087     66.430    33.4061    26.1364 0.0000e+00
 209.424360     68.000  34.078629     7.2230     3.5505     67.422    33.4233    26.1472 0.0000e+00
 209.424370     69.000  34.116581     7.2403     3.4964     68.412    33.4474    26.1637 0.0000e+00
 209.424380     70.000  34.142870     7.2475     3.4297     69.404    33.4686    26.1795 0.0000e+00
 209.424390     71.000  34.162032     7.2457     3.3083     70.395    33.4907    26.1971 0.0000e+00
 209.424400     72.000  34.167766     7.2396     2.9915     71.387    33.5024    26.2072 0.0000e+00
 209.424410     73.000  34.178838     7.2382     2.5541     72.378    33.5152    26.2175 0.0000e+00
 209.424419     74.000  34.214386     7.2520     2.1888     73.369    33.5401    26.2351 0.0000e+00
 209.424428     75.000  34.254600     7.2670     2.1163     74.360    33.5689    26.2557 0.0000e+00
 209.424438     76.000  34.279738     7.2716     2.2608     75.352    33.5913    26.2727 0.0000e+00
 209.424447     77.000  34.285556     7.2642     2.5329     76.343    33.6043    26.2840 0.0000e+00
 209.424457     78.000  34.288442     7.2597     2.7386     77.334    33.6114    26.2903 0.0000e+00
 209.424467     79.000  34.300933     7.2639     2.7458     78.326    33.6204    26.2967 0.0000e+00
 209.424476     80.000  34.323979     7.2670     2.6030     79.317    33.6420    26.3134 0.0000e+00
 209.424487     81.000  34.339940     7.2632     2.5061     80.308    33.6625    26.3300 0.0000e+00
 209.424497     82.000  34.354558     7.2584     2.4683     81.300    33.6827    26.3466 0.0000e+00
 209.424507     83.000  34.390145     7.2694     2.4452     82.291    33.7102    26.3667 0.0000e+00
 209.424518     84.000  34.446583     7.2931     2.3940     83.282    33.7480    26.3932 0.0000e+00
 209.424528     85.000  34.477919     7.3054     2.3144     84.274    33.7698    26.4086 0.0000e+00
 209.424539     86.000  34.491907     7.2986     2.2717     85.264    33.7910    26.4263 0.0000e+00
 209.424550     87.000  34.498184     7.2741     2.2687     86.256    33.8214    26.4536 0.0000e+00
 209.424560     88.000  34.498553     7.2494     2.2766     87.247    33.8454    26.4760 0.0000e+00
 209.424571     89.000  34.496937     7.2379     2.2866     88.238    33.8545    26.4847 0.0000e+00
 209.424582     90.000  34.496277     7.2328     2.2997     89.229    33.8583    26.4884 0.0000e+00
 209.424593     91.000  34.495819     7.2296     2.3204     90.221    33.8604    26.4905 0.0000e+00
 209.424605     92.000  34.495344     7.2282     2.3045     91.212    33.8608    26.4911 0.0000e+00
 209.424618     93.000  34.493465     7.2255     2.2859     92.203    33.8608    26.4915 0.0000e+00
 209.424654     94.000  34.464334     7.2253     2.2968     93.194    33.8288    26.4663 0.0000e+00
