data/oxygen options/OCNMS/OCNMS2/raw_data/2009/CTD_CE100_070709faed.cnv
* Sea-Bird SBE19 Data File:
* FileName = C:\2009_MOORING_DATA\070609_data\CTD_CE100_070609.hex
* Software Version 1.24
* Temperature SN = 2997
* Conductivity SN = 2997
* System UpLoad Time = Jul 07 2009 16:31:53
* SEACAT PROFILER V3.1c SN 2997   07/07/09  16:30:44.400
* strain gauge pressure sensor: S/N = 184829,  range = 3000 psia,  tc = 40
# nquan = 9                                 
# nvalues = 1107                        
# units = specified
# name 0 = timeJ: Julian Days
# name 1 = prSM: Pressure, Strain Gauge [db]
# name 2 = c0mS/cm: Conductivity [mS/cm]
# name 3 = t090C: Temperature [ITS-90, deg C]
# name 4 = sbeox0ML/L: Oxygen, SBE 43 [ml/l]
# name 5 = depSM: Depth [salt water, m], lat = 47.5
# name 6 = sal00: Salinity, Practical [PSU]
# name 7 = sigma-é00: Density [sigma-theta, kg/m^3]
# name 8 = flag: flag
# span 0 = 188.507280, 188.513681       
# span 1 =     -5.548,    102.300       
# span 2 =  -0.001787,  38.138382       
# span 3 =     6.6801,    14.4841       
# span 4 =   -14.9210,    18.7713       
# span 5 =     -5.502,    101.421       
# span 6 =     0.0000,    33.9478       
# span 7 =    -0.8221,    26.6342       
# span 8 = 0.0000e+00, 0.0000e+00       
# interval = seconds: 0.5
# start_time = Jul 07 2009 12:10:29 [Instrument's time stamp, header]
# bad_flag = -9.990e-29
*END*
[from data line 321]
 188.509138      1.335  37.924214    12.9936     7.2756      1.324    32.1207    24.1645 -9.990e-29
 188.509144      1.326  37.934394    13.0026     7.2754      1.315    32.1227    24.1643 -9.990e-29
 188.509149      1.323  37.942898    13.0070     7.2428      1.312    32.1270    24.1667 -9.990e-29
 188.509155      1.330  37.945324    13.0061     7.2222      1.319    32.1300    24.1693 -9.990e-29
 188.509161      1.348  37.945973    13.0017     7.2069      1.337    32.1343    24.1735 -9.990e-29
 188.509167      1.373  37.942853    12.9967     7.2160      1.362    32.1356    24.1754 -9.990e-29
 188.509172      1.394  37.938471    12.9948     7.2273      1.382    32.1331    24.1739 -9.990e-29
 188.509178      1.404  37.938694    12.9941     7.2250      1.392    32.1339    24.1746 -9.990e-29
 188.509184      1.409  37.939280    12.9918     7.2229      1.397    32.1364    24.1770 -9.990e-29
 188.509190      1.411  37.936470    12.9891     7.2361      1.399    32.1360    24.1773 -9.990e-29
 188.509196      1.417  37.932626    12.9875     7.2656      1.405    32.1338    24.1758 -9.990e-29
 188.509201      1.430  37.932654    12.9871     7.2888      1.418    32.1341    24.1762 -9.990e-29
 188.509207      1.447  37.936535    12.9874     7.2780      1.435    32.1375    24.1787 -9.990e-29
 188.509213      1.465  37.939301    12.9866     7.2351      1.453    32.1408    24.1814 -9.990e-29
 188.509219      1.480  37.937857    12.9845     7.2069      1.468    32.1412    24.1822 -9.990e-29
 188.509225      1.486  37.933587    12.9843     7.2217      1.474    32.1374    24.1792 -9.990e-29
 188.509230      1.483  37.933067    12.9873     7.2624      1.471    32.1343    24.1763 -9.990e-29
 188.509236      1.478  37.936668    12.9906     7.3044      1.466    32.1349    24.1761 -9.990e-29
 188.509242      1.476  37.939047    12.9912     7.3166      1.464    32.1367    24.1773 -9.990e-29
 188.509248      1.477  37.938280    12.9891     7.3088      1.465    32.1377    24.1786 -9.990e-29
 188.509253      1.481  37.934409    12.9879     7.3010      1.469    32.1351    24.1768 -9.990e-29
 188.509259      1.483  37.932865    12.9914     7.2823      1.471    32.1307    24.1726 -9.990e-29
 188.509265      1.476  37.938815    12.9983     7.2882      1.464    32.1304    24.1711 -9.990e-29
 188.509271      1.458  37.946689    13.0039     7.2993      1.446    32.1331    24.1721 -9.990e-29
 188.509277      1.442  37.951238    13.0043     7.3140      1.430    32.1371    24.1751 -9.990e-29
 188.509282      1.440  37.950070    12.9968     7.3167      1.428    32.1423    24.1806 -9.990e-29
 188.509288      1.451  37.939893    12.9838     7.3136      1.439    32.1437    24.1843 -9.990e-29
 188.509294      1.467  37.926694    12.9740     7.3065      1.455    32.1396    24.1830 -9.990e-29
 188.509300      1.481  37.920274    12.9738     7.2862      1.469    32.1337    24.1784 -9.990e-29
 188.509306      1.485  37.919297    12.9792     7.2540      1.473    32.1282    24.1731 -9.990e-29
 188.509311      1.476  37.919040    12.9843     7.2495      1.464    32.1237    24.1686 -9.990e-29
 188.509317      1.456  37.923028    12.9878     7.2702      1.444    32.1244    24.1685 -9.990e-29
 188.509323      1.433  37.932040    12.9900     7.2789      1.421    32.1311    24.1732 -9.990e-29
 188.509329      1.415  37.938986    12.9914     7.2807      1.403    32.1365    24.1771 -9.990e-29
 188.509334      1.408  37.941864    12.9926     7.2659      1.396    32.1382    24.1782 -9.990e-29
 188.509340      1.417  37.944458    12.9930     7.2610      1.405    32.1403    24.1798 -9.990e-29
 188.509346      1.438  37.945689    12.9920     7.2761      1.426    32.1423    24.1815 -9.990e-29
 188.509352      1.458  37.942658    12.9920     7.2712      1.446    32.1394    24.1793 -9.990e-29
 188.509358      1.468  37.940232    12.9939     7.2791      1.456    32.1355    24.1759 -9.990e-29
 188.509363      1.467  37.941285    12.9936     7.3051      1.455    32.1367    24.1769 -9.990e-29
 188.509369      1.464  37.940440    12.9848     7.3166      1.452    32.1434    24.1838 -9.990e-29
 188.509375      1.467  37.929791    12.9695     7.3223      1.455    32.1464    24.1891 -9.990e-29
 188.509381      1.477  37.910215    12.9576     7.3313      1.465    32.1380    24.1849 -9.990e-29
 188.509387      1.485  37.895898    12.9513     7.3341      1.473    32.1298    24.1798 -9.990e-29
 188.509392      1.492  37.892168    12.9469     7.3406      1.480    32.1300    24.1808 -9.990e-29
 188.509398      1.502  37.892896    12.9428     7.3437      1.489    32.1342    24.1849 -9.990e-29
 188.509404      1.518  37.893776    12.9373     7.3315      1.505    32.1397    24.1902 -9.990e-29
 188.509410      1.534  37.892003    12.9317     7.3087      1.521    32.1428    24.1937 -9.990e-29
 188.509416      1.544  37.888339    12.9304     7.2864      1.531    32.1404    24.1921 -9.990e-29
 188.509421      1.543  37.888505    12.9352     7.2798      1.530    32.1365    24.1881 -9.990e-29
 188.509427      1.537  37.894363    12.9420     7.2777      1.524    32.1362    24.1866 -9.990e-29
 188.509433      1.533  37.900236    12.9468     7.2663      1.520    32.1377    24.1868 -9.990e-29
 188.509439      1.536  37.903829    12.9495     7.2349      1.523    32.1388    24.1871 -9.990e-29
 188.509444      1.545  37.907095    12.9511     7.2206      1.532    32.1405    24.1881 -9.990e-29
 188.509450      1.557  37.910426    12.9529     7.2401      1.544    32.1421    24.1890 -9.990e-29
 188.509456      1.564  37.913742    12.9557     7.2742      1.551    32.1429    24.1891 -9.990e-29
 188.509462      1.562  37.916942    12.9597     7.3018      1.549    32.1425    24.1880 -9.990e-29
 188.509468      1.555  37.920890    12.9640     7.3104      1.542    32.1426    24.1872 -9.990e-29
 188.509473      1.556  37.924647    12.9662     7.2887      1.543    32.1443    24.1881 -9.990e-29
 188.509479      1.570  37.924781    12.9652     7.2703      1.557    32.1452    24.1890 -9.990e-29
 188.509485      1.583  37.921992    12.9647     7.2757      1.570    32.1430    24.1874 -9.990e-29
 188.509491      1.588  37.920925    12.9669     7.2932      1.575    32.1401    24.1848 -9.990e-29
 188.509497      1.587  37.922361    12.9698     7.3013      1.574    32.1390    24.1833 -9.990e-29
 188.509502      1.582  37.924812    12.9726     7.2920      1.569    32.1390    24.1828 -9.990e-29
 188.509508      1.582  37.929826    12.9768     7.2784      1.569    32.1401    24.1828 -9.990e-29
 188.509514      1.588  37.937884    12.9816     7.2728      1.575    32.1437    24.1846 -9.990e-29
 188.509520      1.590  37.944561    12.9838     7.2587      1.577    32.1481    24.1876 -9.990e-29
 188.509525      1.585  37.945832    12.9835     7.2377      1.572    32.1496    24.1888 -9.990e-29
 188.509531      1.578  37.945035    12.9835     7.2128      1.565    32.1488    24.1882 -9.990e-29
 188.509537      1.575  37.946673    12.9845     7.1865      1.562    32.1495    24.1886 -9.990e-29
 188.509543      1.581  37.948968    12.9827     7.1947      1.568    32.1532    24.1918 -9.990e-29
 188.509549      1.596  37.945415    12.9776     7.2043      1.583    32.1542    24.1935 -9.990e-29
 188.509554      1.617  37.935719    12.9764     7.2019      1.603    32.1460    24.1875 -9.990e-29
 188.509560      1.638  37.932129    12.9818     7.2062      1.624    32.1381    24.1802 -9.990e-29
 188.509566      1.654  37.938222    12.9874     7.2314      1.640    32.1390    24.1799 -9.990e-29
 188.509572      1.667  37.942469    12.9887     7.2708      1.653    32.1419    24.1819 -9.990e-29
 188.509578      1.678  37.940969    12.9877     7.3087      1.664    32.1414    24.1817 -9.990e-29
 188.509583      1.687  37.938969    12.9872     7.3175      1.673    32.1399    24.1806 -9.990e-29
 188.509589      1.695  37.938808    12.9876     7.3127      1.681    32.1394    24.1802 -9.990e-29
 188.509595      1.703  37.939108    12.9870     7.3099      1.689    32.1402    24.1809 -9.990e-29
 188.509601      1.710  37.937429    12.9827     7.3134      1.696    32.1423    24.1833 -9.990e-29
 188.509606      1.719  37.931494    12.9730     7.3221      1.705    32.1449    24.1873 -9.990e-29
 188.509612      1.728  37.920635    12.9623     7.3087      1.714    32.1437    24.1884 -9.990e-29
 188.509618      1.734  37.912187    12.9602     7.2900      1.720    32.1375    24.1841 -9.990e-29
 188.509624      1.734  37.913899    12.9662     7.2910      1.720    32.1341    24.1802 -9.990e-29
 188.509630      1.731  37.919604    12.9707     7.2956      1.717    32.1356    24.1805 -9.990e-29
 188.509635      1.731  37.921179    12.9703     7.2833      1.717    32.1374    24.1820 -9.990e-29
 188.509641      1.732  37.920687    12.9690     7.2594      1.718    32.1381    24.1828 -9.990e-29
 188.509647      1.730  37.922476    12.9706     7.2211      1.716    32.1384    24.1827 -9.990e-29
 188.509653      1.718  37.927210    12.9748     7.1968      1.704    32.1393    24.1826 -9.990e-29
 188.509659      1.693  37.932755    12.9789     7.1991      1.679    32.1411    24.1832 -9.990e-29
 188.509664      1.668  37.937499    12.9818     7.2192      1.654    32.1431    24.1842 -9.990e-29
 188.509670      1.654  37.941566    12.9844     7.2453      1.640    32.1447    24.1849 -9.990e-29
 188.509676      1.654  37.944739    12.9869     7.2653      1.640    32.1456    24.1851 -9.990e-29
 188.509682      1.663  37.947286    12.9885     7.2896      1.649    32.1466    24.1856 -9.990e-29
 188.509688      1.674  37.948641    12.9888     7.3227      1.660    32.1477    24.1863 -9.990e-29
 188.509693      1.683  37.945526    12.9866     7.3401      1.669    32.1466    24.1859 -9.990e-29
 188.509699      1.692  37.935993    12.9807     7.3217      1.678    32.1426    24.1840 -9.990e-29
 188.509705      1.699  37.925782    12.9761     7.2734      1.685    32.1369    24.1804 -9.990e-29
 188.509711      1.702  37.925336    12.9783     7.2534      1.688    32.1346    24.1782 -9.990e-29
 188.509716      1.692  37.934580    12.9846     7.2581      1.678    32.1380    24.1796 -9.990e-29
 188.509722      1.673  37.942821    12.9890     7.2798      1.659    32.1420    24.1819 -9.990e-29
 188.509728      1.660  37.945879    12.9899     7.2927      1.646    32.1441    24.1834 -9.990e-29
 188.509734      1.662  37.946674    12.9880     7.2815      1.648    32.1465    24.1856 -9.990e-29
 188.509740      1.674  37.944549    12.9842     7.2743      1.660    32.1477    24.1873 -9.990e-29
 188.509745      1.689  37.939991    12.9806     7.2638      1.675    32.1465    24.1870 -9.990e-29
 188.509751      1.698  37.937530    12.9786     7.2782      1.684    32.1458    24.1869 -9.990e-29
 188.509757      1.698  37.936646    12.9772     7.2870      1.684    32.1462    24.1874 -9.990e-29
 188.509763      1.698  37.935559    12.9757     7.3021      1.684    32.1464    24.1879 -9.990e-29
 188.509769      1.707  37.936143    12.9756     7.2912      1.693    32.1471    24.1884 -9.990e-29
 188.509774      1.720  37.939138    12.9773     7.2727      1.706    32.1484    24.1892 -9.990e-29
 188.509780      1.730  37.941771    12.9786     7.2808      1.716    32.1498    24.1900 -9.990e-29
 188.509786      1.732  37.941911    12.9790     7.2957      1.718    32.1496    24.1897 -9.990e-29
 188.509792      1.733  37.941384    12.9799     7.3017      1.719    32.1484    24.1886 -9.990e-29
 188.509797      1.735  37.941690    12.9809     7.3009      1.721    32.1478    24.1880 -9.990e-29
 188.509803      1.740  37.941517    12.9783     7.2773      1.725    32.1498    24.1900 -9.990e-29
 188.509809      1.747  37.936114    12.9714     7.2549      1.732    32.1506    24.1920 -9.990e-29
 188.509815      1.756  37.926081    12.9664     7.2477      1.741    32.1454    24.1889 -9.990e-29
 188.509821      1.765  37.922661    12.9684     7.2623      1.750    32.1404    24.1847 -9.990e-29
 188.509826      1.765  37.928535    12.9733     7.2820      1.750    32.1418    24.1848 -9.990e-29
 188.509832      1.760  37.934122    12.9741     7.2992      1.745    32.1464    24.1882 -9.990e-29
 188.509838      1.763  37.935066    12.9697     7.3138      1.748    32.1510    24.1927 -9.990e-29
 188.509844      1.775  37.932588    12.9642     7.3106      1.760    32.1534    24.1955 -9.990e-29
 188.509850      1.791  37.927830    12.9601     7.2987      1.776    32.1524    24.1956 -9.990e-29
 188.509855      1.808  37.924493    12.9598     7.2695      1.793    32.1495    24.1934 -9.990e-29
 188.509861      1.819  37.925930    12.9630     7.2439      1.804    32.1481    24.1917 -9.990e-29
 188.509867      1.820  37.929536    12.9667     7.2549      1.805    32.1484    24.1912 -9.990e-29
 188.509873      1.816  37.931672    12.9694     7.2601      1.801    32.1481    24.1904 -9.990e-29
 188.509878      1.814  37.932346    12.9706     7.2722      1.799    32.1477    24.1899 -9.990e-29
 188.509884      1.820  37.932418    12.9697     7.2822      1.805    32.1485    24.1907 -9.990e-29
 188.509890      1.833  37.931945    12.9681     7.2846      1.818    32.1494    24.1917 -9.990e-29
 188.509896      1.851  37.931941    12.9664     7.3041      1.836    32.1509    24.1932 -9.990e-29
 188.509902      1.864  37.928997    12.9652     7.3223      1.848    32.1491    24.1920 -9.990e-29
 188.509907      1.867  37.924749    12.9669     7.3327      1.851    32.1436    24.1875 -9.990e-29
 188.509913      1.854  37.928066    12.9702     7.2879      1.839    32.1440    24.1871 -9.990e-29
 188.509919      1.834  37.933803    12.9728     7.2464      1.819    32.1472    24.1891 -9.990e-29
 188.509925      1.818  37.936120    12.9740     7.2309      1.803    32.1484    24.1898 -9.990e-29
 188.509931      1.809  37.936948    12.9737     7.2480      1.794    32.1494    24.1906 -9.990e-29
 188.509936      1.807  37.936232    12.9726     7.2973      1.792    32.1497    24.1910 -9.990e-29
 188.509942      1.811  37.935782    12.9717     7.3126      1.796    32.1500    24.1915 -9.990e-29
 188.509948      1.823  37.937197    12.9681     7.2764      1.808    32.1544    24.1956 -9.990e-29
 188.509954      1.838  37.934481    12.9606     7.2555      1.823    32.1582    24.2000 -9.990e-29
 188.509959      1.844  37.924533    12.9577     7.2452      1.829    32.1513    24.1952 -9.990e-29
 188.509965      1.837  37.920385    12.9637     7.2532      1.822    32.1423    24.1870 -9.990e-29
 188.509971      1.827  37.927673    12.9712     7.2964      1.812    32.1428    24.1860 -9.990e-29
 188.509977      1.815  37.935901    12.9750     7.3228      1.800    32.1473    24.1887 -9.990e-29
 188.509983      1.811  37.939751    12.9749     7.3079      1.796    32.1510    24.1916 -9.990e-29
 188.509988      1.823  37.939275    12.9724     7.2629      1.808    32.1527    24.1934 -9.990e-29
 188.509994      1.842  37.936603    12.9703     7.2427      1.827    32.1520    24.1932 -9.990e-29
 188.510000      1.857  37.935418    12.9702     7.2519      1.841    32.1509    24.1925 -9.990e-29
 188.510006      1.864  37.936341    12.9718     7.2807      1.848    32.1504    24.1918 -9.990e-29
 188.510012      1.869  37.938320    12.9740     7.3037      1.853    32.1504    24.1913 -9.990e-29
 188.510017      1.876  37.940591    12.9755     7.3118      1.860    32.1513    24.1917 -9.990e-29
 188.510023      1.881  37.943340    12.9764     7.3202      1.865    32.1531    24.1930 -9.990e-29
 188.510029      1.881  37.945711    12.9769     7.3186      1.865    32.1549    24.1943 -9.990e-29
 188.510035      1.874  37.946342    12.9776     7.3117      1.858    32.1549    24.1941 -9.990e-29
 188.510041      1.866  37.946595    12.9791     7.2943      1.850    32.1539    24.1930 -9.990e-29
 188.510046      1.864  37.947891    12.9813     7.2915      1.848    32.1533    24.1921 -9.990e-29
 188.510052      1.868  37.949115    12.9834     7.3002      1.852    32.1526    24.1912 -9.990e-29
