data/oxygen options/OCNMS/OCNMS2/raw_data/2009/CTD_RR065_081109faedb.cnv
* Sea-Bird SBE19 Data File:
* FileName = C:\2009_MOORING_DATA\081109\CTD_RR065_081109.hex
* Software Version 1.24
* Temperature SN = 2997
* Conductivity SN = 2997
* System UpLoad Time = Aug 11 2009 16:35:09
* SEACAT PROFILER V3.1c SN 2997   08/11/09  16:34:32.361
* strain gauge pressure sensor: S/N = 184829,  range = 3000 psia,  tc = 40
# nquan = 9
# nvalues = 65                          
# units = specified
# name 0 = timeJ: Julian Days
# name 1 = prSM: Pressure, Strain Gauge [db]
# name 2 = c0mS/cm: Conductivity [mS/cm]
# name 3 = t090C: Temperature [ITS-90, deg C]
# name 4 = sbeox0ML/L: Oxygen, SBE 43 [ml/l]
# name 5 = depSM: Depth [salt water, m], lat = 47.5
# name 6 = sal00: Salinity, Practical [PSU]
# name 7 = sigma-é00: Density [sigma-theta, kg/m^3]
# name 8 = flag: flag
# span 0 = 223.688012, 223.688604       
# span 1 =      2.000,     66.000       
# span 2 =  34.256616,  39.165223       
# span 3 =     7.1037,    14.2825       
# span 4 =     0.7698,     7.5290       
# span 5 =      1.983,     65.439       
# span 6 =    31.9523,    33.7984       
# span 7 =    23.9583,    26.4572       
# span 8 = 0.0000e+00, 0.0000e+00       
# interval = decibars: 1                
# start_time = Aug 11 2009 16:26:01 [Instrument's time stamp, header]
# bad_flag = -9.990e-29
*END*
 223.688012      2.000  39.165223    14.2825     7.5290      1.983    32.1901    23.9583 0.0000e+00
 223.688033      3.000  38.933481    13.9308     7.3836      2.975    32.2707    24.0930 0.0000e+00
 223.688046      4.000  38.685582    13.7367     7.1987      3.967    32.2040    24.0811 0.0000e+00
 223.688056      5.000  38.590072    13.6396     6.7081      4.958    32.1967    24.0951 0.0000e+00
 223.688066      6.000  38.497188    13.5288     6.1191      5.950    32.2033    24.1225 0.0000e+00
 223.688076      7.000  38.393804    13.4257     5.7609      6.942    32.1934    24.1356 0.0000e+00
 223.688084      8.000  38.249991    13.3048     5.5416      7.933    32.1606    24.1343 0.0000e+00
 223.688093      9.000  37.920823    13.0425     5.3598      8.925    32.0729    24.1181 0.0000e+00
 223.688102     10.000  37.496768    12.6052     5.0555      9.916    32.0424    24.1792 0.0000e+00
 223.688110     11.000  37.120680    12.1556     4.7614     10.908    32.0666    24.2829 0.0000e+00
 223.688118     12.000  36.883215    11.9671     4.4818     11.899    31.9992    24.2658 0.0000e+00
 223.688126     13.000  36.757952    11.8804     4.1958     12.891    31.9523    24.2454 0.0000e+00
 223.688134     14.000  36.514346    11.4908     3.7023     13.883    32.0513    24.3932 0.0000e+00
 223.688142     15.000  36.260537    11.0217     3.0613     14.874    32.2106    24.6005 0.0000e+00
 223.688150     16.000  36.106680    10.6884     2.6079     15.866    32.3514    24.7682 0.0000e+00
 223.688158     17.000  35.984104    10.3806     2.3898     16.858    32.5023    24.9385 0.0000e+00
 223.688167     18.000  35.845344    10.0481     2.2842     17.849    32.6606    25.1179 0.0000e+00
 223.688174     19.000  35.575638     9.8219     2.2460     18.841    32.5908    25.1009 0.0000e+00
 223.688182     20.000  35.385803     9.7565     2.3778     19.832    32.4559    25.0064 0.0000e+00
 223.688191     21.000  35.296790     9.7222     2.6311     20.823    32.3957    24.9651 0.0000e+00
 223.688198     22.000  35.097159     9.3956     2.7684     21.815    32.4864    25.0884 0.0000e+00
 223.688206     23.000  34.831538     8.9650     2.7643     22.807    32.6042    25.2484 0.0000e+00
 223.688215     24.000  34.609639     8.8229     2.6513     23.798    32.5030    25.1910 0.0000e+00
 223.688222     25.000  34.511972     8.6579     2.5783     24.790    32.5521    25.2546 0.0000e+00
 223.688230     26.000  34.501425     8.3333     2.5521     25.781    32.8412    25.5301 0.0000e+00
 223.688238     27.000  34.463263     8.0234     2.5970     26.773    33.0917    25.7723 0.0000e+00
 223.688246     28.000  34.403040     7.8825     2.5811     27.765    33.1605    25.8468 0.0000e+00
 223.688253     29.000  34.359543     7.8955     2.5142     28.756    33.1010    25.7983 0.0000e+00
 223.688262     30.000  34.386071     7.8482     2.4033     29.747    33.1740    25.8623 0.0000e+00
 223.688270     31.000  34.405606     7.7366     2.2765     30.739    33.3009    25.9781 0.0000e+00
 223.688277     32.000  34.400390     7.6561     2.1424     31.731    33.3718    26.0454 0.0000e+00
 223.688285     33.000  34.372660     7.5725     1.9686     32.722    33.4217    26.0966 0.0000e+00
 223.688294     34.000  34.336954     7.4832     1.6808     33.713    33.4687    26.1461 0.0000e+00
 223.688302     35.000  34.313746     7.4188     1.3125     34.705    33.5053    26.1839 0.0000e+00
 223.688310     36.000  34.296753     7.3694     1.0369     35.696    33.5342    26.2136 0.0000e+00
 223.688318     37.000  34.291403     7.3314     0.9329     36.688    33.5647    26.2430 0.0000e+00
 223.688327     38.000  34.303519     7.3076     0.8568     37.679    33.6005    26.2745 0.0000e+00
 223.688334     39.000  34.325503     7.2696     0.7894     38.672    33.6609    26.3274 0.0000e+00
 223.688343     40.000  34.336584     7.2236     0.7726     39.663    33.7174    26.3782 0.0000e+00
 223.688352     41.000  34.335358     7.2020     0.7698     40.654    33.7366    26.3963 0.0000e+00
 223.688359     42.000  34.331704     7.1955     0.7702     41.646    33.7385    26.3987 0.0000e+00
 223.688368     43.000  34.331538     7.1968     0.7846     42.637    33.7366    26.3971 0.0000e+00
 223.688377     44.000  34.329464     7.1764     0.8026     43.628    33.7538    26.4134 0.0000e+00
 223.688384     45.000  34.323941     7.1466     0.8322     44.620    33.7764    26.4354 0.0000e+00
 223.688393     46.000  34.316574     7.1197     0.8624     45.611    33.7943    26.4532 0.0000e+00
 223.688401     47.000  34.308432     7.1078     0.8653     46.603    33.7966    26.4566 0.0000e+00
 223.688410     48.000  34.303860     7.1037     0.8704     47.594    33.7950    26.4560 0.0000e+00
 223.688418     49.000  34.304009     7.1041     0.8725     48.585    33.7944    26.4554 0.0000e+00
 223.688426     50.000  34.306581     7.1071     0.8772     49.577    33.7937    26.4545 0.0000e+00
 223.688435     51.000  34.312248     7.1111     0.8841     50.568    33.7955    26.4553 0.0000e+00
 223.688443     52.000  34.318696     7.1148     0.8825     51.559    33.7984    26.4572 0.0000e+00
 223.688451     53.000  34.319891     7.1187     0.8846     52.551    33.7954    26.4543 0.0000e+00
 223.688460     54.000  34.315812     7.1192     0.8739     53.542    33.7901    26.4500 0.0000e+00
 223.688467     55.000  34.310796     7.1175     0.8636     54.534    33.7857    26.4468 0.0000e+00
 223.688476     56.000  34.309278     7.1168     0.8698     55.525    33.7843    26.4458 0.0000e+00
 223.688484     57.000  34.308568     7.1132     0.8635     56.517    33.7865    26.4480 0.0000e+00
 223.688493     58.000  34.307038     7.1071     0.8573     57.508    33.7903    26.4520 0.0000e+00
 223.688501     59.000  34.306331     7.1043     0.8499     58.499    33.7918    26.4535 0.0000e+00
 223.688510     60.000  34.307803     7.1057     0.8519     59.490    33.7915    26.4531 0.0000e+00
 223.688519     61.000  34.310889     7.1070     0.8726     60.482    33.7932    26.4543 0.0000e+00
 223.688527     62.000  34.311527     7.1062     0.8629     61.473    33.7941    26.4551 0.0000e+00
 223.688536     63.000  34.310016     7.1052     0.8367     62.465    33.7930    26.4544 0.0000e+00
 223.688546     64.000  34.305524     7.1040     0.8393     63.456    33.7888    26.4512 0.0000e+00
 223.688559     65.000  34.294100     7.1039     0.8359     64.448    33.7759    26.4411 0.0000e+00
 223.688604     66.000  34.256616     7.1070     0.8282     65.439    33.7313    26.4056 0.0000e+00
