data/oxygen options/OCNMS/OCNMS2/raw_data/2009/CTD_CA100_090209faedb.cnv
* Sea-Bird SBE19 Data File:
* FileName = C:\2009_MOORING_DATA\090209_data\CTD_CA100_090209.hex
* Software Version 1.24
* Temperature SN = 2997
* Conductivity SN = 2997
* System UpLoad Time = Sep 02 2009 13:36:35
* SEACAT PROFILER V3.1c SN 2997   09/02/09  13:35:26.994
* strain gauge pressure sensor: S/N = 184829,  range = 3000 psia,  tc = 40
# nquan = 9
# nvalues = 98                          
# units = specified
# name 0 = timeJ: Julian Days
# name 1 = prSM: Pressure, Strain Gauge [db]
# name 2 = c0mS/cm: Conductivity [mS/cm]
# name 3 = t090C: Temperature [ITS-90, deg C]
# name 4 = sbeox0ML/L: Oxygen, SBE 43 [ml/l]
# name 5 = depSM: Depth [salt water, m], lat = 47.5
# name 6 = sal00: Salinity, Practical [PSU]
# name 7 = sigma-é00: Density [sigma-theta, kg/m^3]
# name 8 = flag: flag
# span 0 = 245.563051, 245.563997       
# span 1 =      1.000,     98.000       
# span 2 =  33.723353,  38.402564       
# span 3 =     7.1871,    13.3735       
# span 4 =     0.7597,     6.1516       
# span 5 =      0.991,     97.159       
# span 6 =    31.8481,    33.7926       
# span 7 =    24.1639,    26.4397       
# span 8 = 0.0000e+00, 0.0000e+00       
# interval = decibars: 1                
# start_time = Sep 02 2009 13:26:26 [Instrument's time stamp, header]
# bad_flag = -9.990e-29
*END*
 245.563051      1.000  38.402564    13.3735     6.1516      0.991    32.2480    24.1881 0.0000e+00
 245.563076      2.000  38.287938    13.1778     5.9407      1.983    32.3063    24.2719 0.0000e+00
 245.563092      3.000  38.089330    12.9375     5.8333      2.975    32.3237    24.3325 0.0000e+00
 245.563104      4.000  37.971483    12.8399     5.6176      3.966    32.2952    24.3295 0.0000e+00
 245.563115      5.000  37.907080    12.8166     5.2206      4.959    32.2537    24.3020 0.0000e+00
 245.563125      6.000  37.830314    12.7573     4.8317      5.950    32.2311    24.2960 0.0000e+00
 245.563134      7.000  37.658323    12.5888     4.6417      6.941    32.2114    24.3131 0.0000e+00
 245.563143      8.000  37.488915    12.3590     4.6555      7.933    32.2464    24.3841 0.0000e+00
 245.563152      9.000  37.101203    12.0757     4.6568      8.925    32.1173    24.3371 0.0000e+00
 245.563161     10.000  36.791592    11.9311     4.4876      9.916    31.9426    24.2285 0.0000e+00
 245.563169     11.000  36.651735    11.8832     4.1209     10.908    31.8481    24.1639 0.0000e+00
 245.563177     12.000  36.581335    11.7546     3.7474     11.899    31.8898    24.2199 0.0000e+00
 245.563185     13.000  36.563843    11.5215     3.4794     12.891    32.0736    24.4050 0.0000e+00
 245.563193     14.000  36.419683    11.1618     3.3571     13.882    32.2452    24.6027 0.0000e+00
 245.563201     15.000  36.144096    10.7255     3.3179     14.874    32.3561    24.7656 0.0000e+00
 245.563209     16.000  35.811303    10.4435     3.3027     15.866    32.2733    24.7494 0.0000e+00
 245.563217     17.000  35.564818    10.2651     3.3125     16.858    32.1836    24.7097 0.0000e+00
 245.563224     18.000  35.436983    10.1136     3.4703     17.849    32.1890    24.7393 0.0000e+00
 245.563233     19.000  35.361892     9.9306     3.7244     18.840    32.2759    24.8373 0.0000e+00
 245.563241     20.000  35.277798     9.7285     4.0131     19.832    32.3712    24.9447 0.0000e+00
 245.563249     21.000  35.157326     9.5289     4.3764     20.824    32.4277    25.0212 0.0000e+00
 245.563257     22.000  34.949527     9.3532     4.8014     21.815    32.3727    25.0063 0.0000e+00
 245.563265     23.000  34.733797     9.1785     5.1444     22.807    32.3082    24.9836 0.0000e+00
 245.563273     24.000  34.546303     8.9733     5.2598     23.798    32.2998    25.0088 0.0000e+00
 245.563281     25.000  34.311809     8.7659     5.2367     24.790    32.2440    24.9970 0.0000e+00
 245.563289     26.000  34.086513     8.5637     5.1883     25.781    32.1923    24.9871 0.0000e+00
 245.563297     27.000  33.927734     8.3539     5.1636     26.773    32.2166    25.0373 0.0000e+00
 245.563304     28.000  33.916842     8.1926     5.1134     27.764    32.3527    25.1677 0.0000e+00
 245.563312     29.000  33.877904     8.0895     5.0292     28.756    32.4063    25.2248 0.0000e+00
 245.563320     30.000  33.825020     7.9663     4.9296     29.748    32.4637    25.2877 0.0000e+00
 245.563328     31.000  33.781782     7.8343     4.8075     30.739    32.5399    25.3664 0.0000e+00
 245.563335     32.000  33.743188     7.7201     4.6844     31.731    32.6048    25.4337 0.0000e+00
 245.563344     33.000  33.723353     7.6430     4.5788     32.722    32.6553    25.4842 0.0000e+00
 245.563352     34.000  33.728505     7.5960     4.5125     33.713    32.7046    25.5297 0.0000e+00
 245.563359     35.000  33.746173     7.5586     4.4030     34.705    32.7584    25.5772 0.0000e+00
 245.563368     36.000  33.772706     7.5381     4.2611     35.696    32.8058    25.6173 0.0000e+00
 245.563376     37.000  33.799063     7.5237     4.1318     36.688    32.8474    25.6520 0.0000e+00
 245.563384     38.000  33.810357     7.4841     4.0660     37.680    32.8966    25.6963 0.0000e+00
 245.563393     39.000  33.822392     7.4472     4.0494     38.671    32.9442    25.7388 0.0000e+00
 245.563402     40.000  33.836745     7.4192     4.0621     39.663    32.9859    25.7755 0.0000e+00
 245.563411     41.000  33.845383     7.4022     4.0754     40.654    33.0109    25.7976 0.0000e+00
 245.563421     42.000  33.849445     7.3975     4.0340     41.645    33.0194    25.8049 0.0000e+00
 245.563432     43.000  33.852794     7.3975     3.9701     42.637    33.0225    25.8073 0.0000e+00
 245.563442     44.000  33.858919     7.3960     3.9177     43.628    33.0300    25.8135 0.0000e+00
 245.563454     45.000  33.875649     7.3934     3.8631     44.620    33.0502    25.8298 0.0000e+00
 245.563465     46.000  33.893544     7.3901     3.7634     45.611    33.0722    25.8476 0.0000e+00
 245.563476     47.000  33.903252     7.3816     3.6928     46.602    33.0904    25.8631 0.0000e+00
 245.563487     48.000  33.927210     7.3708     3.6252     47.594    33.1262    25.8927 0.0000e+00
 245.563498     49.000  33.951619     7.3655     3.5657     48.585    33.1573    25.9179 0.0000e+00
 245.563510     50.000  33.971283     7.3580     3.5465     49.577    33.1853    25.9410 0.0000e+00
 245.563521     51.000  33.995440     7.3516     3.5027     50.568    33.2172    25.9670 0.0000e+00
 245.563532     52.000  34.013445     7.3588     3.4245     51.560    33.2293    25.9755 0.0000e+00
 245.563543     53.000  34.026384     7.3621     3.3036     52.551    33.2396    25.9832 0.0000e+00
 245.563554     54.000  34.035349     7.3616     3.1322     53.542    33.2495    25.9910 0.0000e+00
 245.563565     55.000  34.044753     7.3617     2.8918     54.534    33.2590    25.9986 0.0000e+00
 245.563576     56.000  34.060884     7.3666     2.5955     55.525    33.2713    26.0075 0.0000e+00
 245.563587     57.000  34.088676     7.3774     2.3956     56.517    33.2907    26.0212 0.0000e+00
 245.563598     58.000  34.125882     7.3945     2.3651     57.508    33.3141    26.0373 0.0000e+00
 245.563608     59.000  34.180560     7.4135     2.4036     58.499    33.3545    26.0665 0.0000e+00
 245.563619     60.000  34.221937     7.4263     2.4315     59.491    33.3865    26.0898 0.0000e+00
 245.563629     61.000  34.247579     7.4339     2.4220     60.482    33.4066    26.1046 0.0000e+00
 245.563640     62.000  34.261570     7.4378     2.3888     61.474    33.4175    26.1127 0.0000e+00
 245.563651     63.000  34.268740     7.4411     2.3559     62.465    33.4216    26.1154 0.0000e+00
 245.563660     64.000  34.286225     7.4461     2.2433     63.456    33.4352    26.1254 0.0000e+00
 245.563669     65.000  34.310695     7.4481     2.0868     64.448    33.4594    26.1441 0.0000e+00
 245.563679     66.000  34.341523     7.4484     1.9281     65.439    33.4919    26.1697 0.0000e+00
 245.563687     67.000  34.367951     7.4408     1.8209     66.430    33.5275    26.1987 0.0000e+00
 245.563697     68.000  34.374355     7.4220     1.7340     67.422    33.5521    26.2208 0.0000e+00
 245.563706     69.000  34.373679     7.4035     1.6131     68.413    33.5688    26.2365 0.0000e+00
 245.563715     70.000  34.374566     7.3875     1.4695     69.404    33.5848    26.2513 0.0000e+00
 245.563726     71.000  34.374718     7.3712     1.3346     70.395    33.6002    26.2658 0.0000e+00
 245.563736     72.000  34.372264     7.3528     1.2487     71.386    33.6149    26.2800 0.0000e+00
 245.563746     73.000  34.377940     7.3374     1.1571     72.378    33.6356    26.2983 0.0000e+00
 245.563757     74.000  34.387846     7.3257     1.0732     73.369    33.6573    26.3171 0.0000e+00
 245.563766     75.000  34.396427     7.3106     0.9944     74.360    33.6808    26.3378 0.0000e+00
 245.563777     76.000  34.395532     7.2867     0.8643     75.352    33.7027    26.3583 0.0000e+00
 245.563787     77.000  34.387949     7.2664     0.7597     76.343    33.7137    26.3698 0.0000e+00
 245.563796     78.000  34.380296     7.2443     0.7750     77.335    33.7264    26.3829 0.0000e+00
 245.563806     79.000  34.364562     7.2151     0.9156     78.325    33.7374    26.3955 0.0000e+00
 245.563815     80.000  34.355054     7.1955     1.0279     79.317    33.7456    26.4048 0.0000e+00
 245.563824     81.000  34.356123     7.1871     1.0926     80.309    33.7545    26.4130 0.0000e+00
 245.563834     82.000  34.366521     7.1888     1.1452     81.299    33.7637    26.4199 0.0000e+00
 245.563843     83.000  34.376115     7.1916     1.1932     82.291    33.7709    26.4253 0.0000e+00
 245.563851     84.000  34.381182     7.1959     1.2109     83.282    33.7718    26.4254 0.0000e+00
 245.563860     85.000  34.389171     7.2036     1.2037     84.274    33.7724    26.4249 0.0000e+00
 245.563870     86.000  34.403043     7.2104     1.1923     85.264    33.7804    26.4302 0.0000e+00
 245.563878     87.000  34.411831     7.2130     1.1896     86.256    33.7870    26.4350 0.0000e+00
 245.563887     88.000  34.414064     7.2128     1.1798     87.247    33.7891    26.4368 0.0000e+00
 245.563896     89.000  34.414860     7.2122     1.1688     88.238    33.7901    26.4376 0.0000e+00
 245.563905     90.000  34.415045     7.2119     1.1653     89.230    33.7901    26.4377 0.0000e+00
 245.563915     91.000  34.415447     7.2121     1.1554     90.221    33.7899    26.4375 0.0000e+00
 245.563924     92.000  34.416813     7.2124     1.1451     91.212    33.7906    26.4380 0.0000e+00
 245.563933     93.000  34.417964     7.2127     1.1947     92.203    33.7910    26.4383 0.0000e+00
 245.563944     94.000  34.419444     7.2125     1.1866     93.194    33.7924    26.4395 0.0000e+00
 245.563954     95.000  34.420012     7.2124     1.1620     94.186    33.7926    26.4397 0.0000e+00
 245.563965     96.000  34.420344     7.2128     1.1579     95.176    33.7921    26.4392 0.0000e+00
 245.563978     97.000  34.413176     7.2132     1.1586     96.168    33.7834    26.4323 0.0000e+00
 245.563997     98.000  34.317279     7.2140     1.1367     97.159    33.6776    26.3489 0.0000e+00
