data/oxygen options/OCNMS/OCNMS2/raw_data/2009/CTD_CE100_081109faed.cnv
* Sea-Bird SBE19 Data File:
* FileName = C:\2009_MOORING_DATA\081109\CTD.hex
* Software Version 1.24
* Temperature SN = 2997
* Conductivity SN = 2997
* System UpLoad Time = Aug 11 2009 11:36:48
* SEACAT PROFILER V3.1c SN 2997   08/11/09  11:35:54.781
* strain gauge pressure sensor: S/N = 184829,  range = 3000 psia,  tc = 40
# nquan = 9                                 
# nvalues = 1091                        
# units = specified
# name 0 = timeJ: Julian Days
# name 1 = prSM: Pressure, Strain Gauge [db]
# name 2 = c0mS/cm: Conductivity [mS/cm]
# name 3 = t090C: Temperature [ITS-90, deg C]
# name 4 = sbeox0ML/L: Oxygen, SBE 43 [ml/l]
# name 5 = depSM: Depth [salt water, m], lat = 47.5
# name 6 = sal00: Salinity, Practical [PSU]
# name 7 = sigma-é00: Density [sigma-theta, kg/m^3]
# name 8 = flag: flag
# span 0 = 223.475984, 223.482292       
# span 1 =     -5.626,    102.478       
# span 2 =   0.114849,  39.167583       
# span 3 =     7.1272,    15.1913       
# span 4 =    -1.6272,    16.0030       
# span 5 =     -5.579,    101.597       
# span 6 =     0.0690,    33.9767       
# span 7 =    -0.8600,    26.5941       
# span 8 = 0.0000e+00, 0.0000e+00       
# interval = seconds: 0.5
# start_time = Aug 11 2009 11:25:25 [Instrument's time stamp, header]
# bad_flag = -9.990e-29
*END*
[from data line 321]
 223.477841      0.268  39.068433    14.3316     6.9280      0.266    32.0614    23.8487 -9.990e-29
 223.477847      0.270  39.070786    14.3342     6.9111      0.268    32.0614    23.8482 -9.990e-29
 223.477853      0.266  39.076262    14.3365     6.9312      0.264    32.0645    23.8501 -9.990e-29
 223.477859      0.262  39.078297    14.3366     6.9681      0.260    32.0663    23.8514 -9.990e-29
 223.477865      0.259  39.077516    14.3351     6.9954      0.257    32.0668    23.8522 -9.990e-29
 223.477870      0.260  39.074153    14.3325     6.9718      0.258    32.0659    23.8520 -9.990e-29
 223.477876      0.262  39.067804    14.3291     6.9530      0.260    32.0629    23.8504 -9.990e-29
 223.477882      0.263  39.062493    14.3271     6.9587      0.261    32.0597    23.8484 -9.990e-29
 223.477888      0.263  39.064191    14.3284     6.9820      0.261    32.0602    23.8484 -9.990e-29
 223.477894      0.265  39.069145    14.3295     6.9889      0.263    32.0638    23.8510 -9.990e-29
 223.477899      0.270  39.068972    14.3255     6.9834      0.268    32.0670    23.8543 -9.990e-29
 223.477905      0.277  39.060793    14.3157     6.9699      0.275    32.0676    23.8568 -9.990e-29
 223.477911      0.285  39.049557    14.3062     6.9502      0.283    32.0652    23.8569 -9.990e-29
 223.477917      0.287  39.046233    14.3056     6.9146      0.285    32.0627    23.8551 -9.990e-29
 223.477922      0.285  39.053269    14.3140     6.8924      0.283    32.0621    23.8529 -9.990e-29
 223.477928      0.279  39.062251    14.3245     6.9176      0.277    32.0616    23.8504 -9.990e-29
 223.477934      0.272  39.067925    14.3307     6.9708      0.270    32.0617    23.8491 -9.990e-29
 223.477940      0.273  39.069039    14.3293     7.0132      0.271    32.0639    23.8511 -9.990e-29
 223.477946      0.285  39.066114    14.3205     7.0172      0.283    32.0685    23.8565 -9.990e-29
 223.477951      0.306  39.059892    14.3094     6.9850      0.303    32.0720    23.8615 -9.990e-29
 223.477957      0.328  39.052323    14.3036     6.9508      0.325    32.0699    23.8611 -9.990e-29
 223.477963      0.344  39.049730    14.3063     6.9344      0.341    32.0653    23.8570 -9.990e-29
 223.477969      0.351  39.053291    14.3140     6.9477      0.348    32.0621    23.8529 -9.990e-29
 223.477975      0.353  39.057252    14.3196     6.9728      0.350    32.0611    23.8510 -9.990e-29
 223.477980      0.354  39.057514    14.3191     6.9836      0.351    32.0618    23.8516 -9.990e-29
 223.477986      0.356  39.055146    14.3148     6.9768      0.353    32.0632    23.8536 -9.990e-29
 223.477992      0.357  39.053873    14.3102     6.9473      0.354    32.0658    23.8566 -9.990e-29
 223.477998      0.359  39.052713    14.3057     6.9371      0.356    32.0685    23.8596 -9.990e-29
 223.478003      0.361  39.048587    14.3016     6.9525      0.358    32.0681    23.8601 -9.990e-29
 223.478009      0.363  39.045679    14.3010     6.9516      0.360    32.0659    23.8586 -9.990e-29
 223.478015      0.365  39.048676    14.3044     6.9075      0.362    32.0659    23.8578 -9.990e-29
 223.478021      0.368  39.053877    14.3079     6.8529      0.365    32.0677    23.8585 -9.990e-29
 223.478027      0.372  39.057155    14.3093     6.8512      0.369    32.0696    23.8596 -9.990e-29
 223.478032      0.377  39.058547    14.3102     6.9042      0.374    32.0701    23.8599 -9.990e-29
 223.478038      0.383  39.058944    14.3115     6.9461      0.380    32.0694    23.8590 -9.990e-29
 223.478044      0.391  39.059589    14.3117     6.9555      0.388    32.0698    23.8593 -9.990e-29
 223.478050      0.401  39.059814    14.3090     6.9343      0.398    32.0722    23.8618 -9.990e-29
 223.478056      0.414  39.057268    14.3037     6.9167      0.411    32.0743    23.8645 -9.990e-29
 223.478061      0.427  39.052635    14.2995     6.9367      0.423    32.0735    23.8648 -9.990e-29
 223.478067      0.431  39.050545    14.3014     6.9640      0.427    32.0700    23.8617 -9.990e-29
 223.478073      0.423  39.054529    14.3095     6.9839      0.419    32.0670    23.8576 -9.990e-29
 223.478079      0.406  39.062203    14.3179     6.9824      0.403    32.0670    23.8559 -9.990e-29
 223.478084      0.393  39.068813    14.3220     6.9563      0.390    32.0697    23.8571 -9.990e-29
 223.478090      0.390  39.072114    14.3228     6.9289      0.387    32.0720    23.8587 -9.990e-29
 223.478096      0.394  39.072152    14.3222     6.9327      0.391    32.0726    23.8593 -9.990e-29
 223.478102      0.401  39.070727    14.3216     6.9455      0.398    32.0718    23.8588 -9.990e-29
 223.478108      0.405  39.070432    14.3226     6.9687      0.402    32.0707    23.8577 -9.990e-29
 223.478113      0.405  39.071960    14.3251     6.9679      0.402    32.0700    23.8567 -9.990e-29
 223.478119      0.403  39.073365    14.3280     6.9579      0.400    32.0689    23.8552 -9.990e-29
 223.478125      0.404  39.073652    14.3297     6.9383      0.401    32.0677    23.8540 -9.990e-29
 223.478131      0.409  39.073702    14.3296     6.9352      0.406    32.0678    23.8541 -9.990e-29
 223.478137      0.416  39.074075    14.3283     6.9452      0.413    32.0693    23.8555 -9.990e-29
 223.478142      0.428  39.074084    14.3263     6.9617      0.424    32.0709    23.8572 -9.990e-29
 223.478148      0.443  39.072553    14.3247     6.9774      0.439    32.0708    23.8574 -9.990e-29
 223.478154      0.461  39.069618    14.3243     6.9760      0.457    32.0685    23.8557 -9.990e-29
 223.478160      0.472  39.065226    14.3246     6.9583      0.468    32.0642    23.8523 -9.990e-29
 223.478166      0.473  39.061305    14.3256     6.9279      0.469    32.0598    23.8487 -9.990e-29
 223.478171      0.465  39.063776    14.3287     6.9066      0.461    32.0595    23.8478 -9.990e-29
 223.478177      0.450  39.073064    14.3346     6.9183      0.446    32.0631    23.8494 -9.990e-29
 223.478183      0.438  39.083545    14.3423     6.9332      0.434    32.0663    23.8503 -9.990e-29
 223.478189      0.431  39.093429    14.3500     6.9579      0.427    32.0689    23.8507 -9.990e-29
 223.478194      0.428  39.100690    14.3535     6.9769      0.424    32.0727    23.8529 -9.990e-29
 223.478200      0.430  39.100366    14.3501     6.9794      0.426    32.0752    23.8555 -9.990e-29
 223.478206      0.437  39.091962    14.3422     6.9961      0.433    32.0741    23.8563 -9.990e-29
 223.478212      0.445  39.081029    14.3353     7.0041      0.441    32.0698    23.8544 -9.990e-29
 223.478218      0.445  39.075915    14.3344     6.9807      0.441    32.0659    23.8516 -9.990e-29
 223.478223      0.438  39.080387    14.3392     6.9622      0.434    32.0660    23.8507 -9.990e-29
 223.478229      0.432  39.088005    14.3433     6.9553      0.428    32.0695    23.8526 -9.990e-29
 223.478235      0.431  39.090919    14.3435     6.9558      0.427    32.0720    23.8544 -9.990e-29
 223.478241      0.435  39.089025    14.3419     6.9602      0.431    32.0716    23.8545 -9.990e-29
 223.478247      0.444  39.086462    14.3409     6.9532      0.440    32.0701    23.8535 -9.990e-29
 223.478252      0.454  39.086476    14.3415     6.9542      0.450    32.0696    23.8530 -9.990e-29
 223.478258      0.462  39.088459    14.3427     6.9508      0.458    32.0704    23.8534 -9.990e-29
 223.478264      0.472  39.090503    14.3433     6.9667      0.468    32.0718    23.8543 -9.990e-29
 223.478270      0.486  39.091902    14.3429     6.9609      0.482    32.0734    23.8556 -9.990e-29
 223.478275      0.495  39.092777    14.3414     6.9457      0.491    32.0755    23.8575 -9.990e-29
 223.478281      0.500  39.093105    14.3389     6.9299      0.496    32.0778    23.8599 -9.990e-29
 223.478287      0.505  39.091575    14.3365     6.9224      0.501    32.0784    23.8608 -9.990e-29
 223.478293      0.508  39.089447    14.3362     6.9426      0.504    32.0767    23.8596 -9.990e-29
 223.478299      0.502  39.089987    14.3384     6.9543      0.498    32.0754    23.8581 -9.990e-29
 223.478304      0.493  39.093288    14.3416     6.9666      0.489    32.0758    23.8577 -9.990e-29
 223.478310      0.489  39.096395    14.3430     6.9726      0.485    32.0774    23.8587 -9.990e-29
 223.478316      0.493  39.096659    14.3408     6.9736      0.489    32.0795    23.8608 -9.990e-29
 223.478322      0.506  39.093244    14.3347     6.9736      0.502    32.0814    23.8635 -9.990e-29
 223.478328      0.524  39.084899    14.3268     6.9749      0.520    32.0804    23.8643 -9.990e-29
 223.478333      0.539  39.074448    14.3228     6.9897      0.535    32.0741    23.8604 -9.990e-29
 223.478339      0.545  39.072565    14.3261     6.9662      0.540    32.0696    23.8562 -9.990e-29
 223.478345      0.538  39.081158    14.3328     6.9213      0.534    32.0720    23.8566 -9.990e-29
 223.478351      0.525  39.089747    14.3381     6.8980      0.521    32.0754    23.8582 -9.990e-29
 223.478356      0.518  39.094017    14.3408     6.9070      0.514    32.0771    23.8589 -9.990e-29
 223.478362      0.522  39.095114    14.3417     6.9446      0.518    32.0773    23.8589 -9.990e-29
 223.478368      0.532  39.091070    14.3422     6.9735      0.528    32.0732    23.8556 -9.990e-29
 223.478374      0.540  39.085401    14.3426     6.9499      0.535    32.0677    23.8513 -9.990e-29
 223.478380      0.543  39.084502    14.3430     6.9342      0.538    32.0665    23.8503 -9.990e-29
 223.478385      0.541  39.087669    14.3438     6.9318      0.536    32.0688    23.8519 -9.990e-29
 223.478391      0.533  39.093452    14.3449     6.9301      0.529    32.0732    23.8550 -9.990e-29
 223.478397      0.524  39.099405    14.3459     6.9291      0.520    32.0778    23.8584 -9.990e-29
 223.478403      0.521  39.101621    14.3457     6.9185      0.517    32.0800    23.8601 -9.990e-29
 223.478409      0.528  39.100189    14.3432     6.9218      0.524    32.0807    23.8612 -9.990e-29
 223.478414      0.543  39.096499    14.3404     6.9356      0.538    32.0797    23.8610 -9.990e-29
 223.478420      0.556  39.092855    14.3398     6.9631      0.551    32.0768    23.8589 -9.990e-29
 223.478426      0.565  39.092744    14.3416     6.9876      0.560    32.0752    23.8573 -9.990e-29
 223.478432      0.570  39.095950    14.3449     6.9876      0.565    32.0754    23.8568 -9.990e-29
 223.478438      0.572  39.098832    14.3478     6.9926      0.567    32.0757    23.8563 -9.990e-29
 223.478443      0.570  39.100681    14.3487     6.9823      0.565    32.0766    23.8569 -9.990e-29
 223.478449      0.569  39.102776    14.3477     6.9420      0.564    32.0793    23.8592 -9.990e-29
 223.478455      0.573  39.103361    14.3455     6.9189      0.568    32.0817    23.8615 -9.990e-29
 223.478461      0.578  39.102589    14.3439     6.9032      0.573    32.0823    23.8623 -9.990e-29
 223.478466      0.580  39.103292    14.3441     6.9215      0.575    32.0828    23.8626 -9.990e-29
 223.478472      0.579  39.104658    14.3454     6.9487      0.574    32.0830    23.8625 -9.990e-29
 223.478478      0.575  39.105639    14.3467     6.9699      0.570    32.0828    23.8621 -9.990e-29
 223.478484      0.568  39.106356    14.3466     6.9864      0.563    32.0835    23.8627 -9.990e-29
 223.478490      0.561  39.105457    14.3450     6.9825      0.556    32.0840    23.8634 -9.990e-29
 223.478495      0.563  39.103361    14.3434     6.9648      0.558    32.0834    23.8633 -9.990e-29
 223.478501      0.574  39.102256    14.3425     6.9387      0.569    32.0832    23.8633 -9.990e-29
 223.478507      0.587  39.102284    14.3424     6.9215      0.582    32.0833    23.8634 -9.990e-29
 223.478513      0.597  39.102854    14.3435     6.9214      0.592    32.0829    23.8628 -9.990e-29
 223.478519      0.604  39.104101    14.3456     6.9313      0.599    32.0823    23.8619 -9.990e-29
 223.478524      0.611  39.105940    14.3484     6.9595      0.606    32.0816    23.8608 -9.990e-29
 223.478530      0.617  39.107953    14.3503     6.9635      0.612    32.0819    23.8606 -9.990e-29
 223.478536      0.622  39.108275    14.3494     6.9495      0.617    32.0829    23.8616 -9.990e-29
 223.478542      0.627  39.103905    14.3456     6.9102      0.622    32.0821    23.8618 -9.990e-29
 223.478547      0.632  39.096803    14.3425     6.8938      0.627    32.0782    23.8594 -9.990e-29
 223.478553      0.633  39.094818    14.3454     6.9240      0.628    32.0740    23.8555 -9.990e-29
 223.478559      0.626  39.101405    14.3540     6.9431      0.621    32.0728    23.8529 -9.990e-29
 223.478565      0.615  39.111261    14.3616     6.9338      0.610    32.0756    23.8534 -9.990e-29
 223.478571      0.608  39.117273    14.3619     6.9214      0.603    32.0808    23.8574 -9.990e-29
 223.478576      0.612  39.115618    14.3537     6.9286      0.607    32.0861    23.8632 -9.990e-29
 223.478582      0.628  39.107391    14.3425     6.9393      0.623    32.0879    23.8669 -9.990e-29
 223.478588      0.645  39.099504    14.3360     6.9642      0.640    32.0860    23.8668 -9.990e-29
 223.478594      0.650  39.098195    14.3366     6.9443      0.645    32.0843    23.8654 -9.990e-29
 223.478600      0.644  39.102211    14.3415     6.9370      0.639    32.0839    23.8640 -9.990e-29
 223.478605      0.634  39.106746    14.3469     6.9414      0.629    32.0836    23.8627 -9.990e-29
 223.478611      0.626  39.110493    14.3513     6.9409      0.621    32.0834    23.8616 -9.990e-29
 223.478617      0.621  39.114457    14.3544     6.9295      0.616    32.0844    23.8617 -9.990e-29
 223.478623      0.625  39.117130    14.3553     6.9387      0.620    32.0861    23.8629 -9.990e-29
 223.478628      0.634  39.116405    14.3538     6.9468      0.629    32.0867    23.8636 -9.990e-29
 223.478634      0.642  39.112931    14.3515     6.9533      0.637    32.0854    23.8631 -9.990e-29
 223.478640      0.652  39.109862    14.3496     6.9512      0.647    32.0842    23.8626 -9.990e-29
 223.478646      0.664  39.109212    14.3476     6.9323      0.658    32.0853    23.8638 -9.990e-29
 223.478652      0.678  39.109486    14.3462     6.9397      0.672    32.0867    23.8652 -9.990e-29
 223.478657      0.691  39.110422    14.3465     6.9441      0.685    32.0873    23.8656 -9.990e-29
 223.478663      0.695  39.112641    14.3485     6.9429      0.689    32.0876    23.8655 -9.990e-29
 223.478669      0.691  39.115111    14.3511     6.9473      0.685    32.0877    23.8650 -9.990e-29
 223.478675      0.687  39.117134    14.3525     6.9423      0.681    32.0884    23.8652 -9.990e-29
 223.478681      0.687  39.117978    14.3520     6.9374      0.681    32.0896    23.8662 -9.990e-29
 223.478686      0.691  39.117582    14.3515     6.9497      0.685    32.0897    23.8664 -9.990e-29
 223.478692      0.695  39.117596    14.3526     6.9562      0.689    32.0888    23.8655 -9.990e-29
 223.478698      0.694  39.119095    14.3547     6.9549      0.688    32.0884    23.8647 -9.990e-29
 223.478704      0.694  39.121206    14.3569     6.9622      0.688    32.0885    23.8644 -9.990e-29
 223.478709      0.698  39.123316    14.3584     6.9571      0.692    32.0892    23.8646 -9.990e-29
 223.478715      0.707  39.125368    14.3595     6.9551      0.701    32.0901    23.8651 -9.990e-29
 223.478721      0.716  39.126670    14.3606     6.9427      0.710    32.0904    23.8651 -9.990e-29
 223.478727      0.719  39.127208    14.3618     6.9419      0.713    32.0899    23.8644 -9.990e-29
 223.478733      0.714  39.127635    14.3630     6.9615      0.708    32.0893    23.8637 -9.990e-29
 223.478738      0.712  39.127893    14.3631     6.9751      0.706    32.0895    23.8638 -9.990e-29
 223.478744      0.714  39.126580    14.3598     6.9941      0.708    32.0910    23.8657 -9.990e-29
 223.478750      0.722  39.121880    14.3506     6.9774      0.716    32.0943    23.8702 -9.990e-29
 223.478756      0.737  39.112511    14.3372     6.9446      0.731    32.0969    23.8749 -9.990e-29
