data/oxygen options/OCNMS/OCNMS2/raw_data/2009/CTD_CA100_090209faed.cnv
* Sea-Bird SBE19 Data File:
* FileName = C:\2009_MOORING_DATA\090209_data\CTD_CA100_090209.hex
* Software Version 1.24
* Temperature SN = 2997
* Conductivity SN = 2997
* System UpLoad Time = Sep 02 2009 13:36:35
* SEACAT PROFILER V3.1c SN 2997   09/02/09  13:35:26.994
* strain gauge pressure sensor: S/N = 184829,  range = 3000 psia,  tc = 40
# nquan = 9                                 
# nvalues = 889                         
# units = specified
# name 0 = timeJ: Julian Days
# name 1 = prSM: Pressure, Strain Gauge [db]
# name 2 = c0mS/cm: Conductivity [mS/cm]
# name 3 = t090C: Temperature [ITS-90, deg C]
# name 4 = sbeox0ML/L: Oxygen, SBE 43 [ml/l]
# name 5 = depSM: Depth [salt water, m], lat = 47.5
# name 6 = sal00: Salinity, Practical [PSU]
# name 7 = sigma-é00: Density [sigma-theta, kg/m^3]
# name 8 = flag: flag
# span 0 = 245.560023, 245.565162       
# span 1 =     -6.317,     98.492       
# span 2 =   0.012521,  38.777850       
# span 3 =     7.1839,    14.8772       
# span 4 =    -1.6313,    14.6959       
# span 5 =     -6.264,     97.647       
# span 6 =     0.0125,    33.8126       
# span 7 =    -0.8676,    26.4565       
# span 8 = 0.0000e+00, 0.0000e+00       
# interval = seconds: 0.5
# start_time = Sep 02 2009 13:26:26 [Instrument's time stamp, header]
# bad_flag = -9.990e-29
*END*
[from data line 481]
 245.562807      0.682  38.348863    13.3100     6.0760      0.676    32.2518    24.2035 -9.990e-29
 245.562813      0.691  38.346158    13.3054     6.0799      0.685    32.2531    24.2055 -9.990e-29
 245.562818      0.700  38.340304    13.3003     6.0977      0.694    32.2520    24.2056 -9.990e-29
 245.562824      0.700  38.337357    13.2972     6.1206      0.694    32.2518    24.2061 -9.990e-29
 245.562830      0.693  38.339804    13.3002     6.1067      0.687    32.2516    24.2053 -9.990e-29
 245.562836      0.685  38.345210    13.3076     6.0843      0.679    32.2504    24.2029 -9.990e-29
 245.562841      0.681  38.350917    13.3106     6.0744      0.675    32.2532    24.2045 -9.990e-29
 245.562847      0.681  38.353111    13.3083     6.0992      0.675    32.2572    24.2081 -9.990e-29
 245.562853      0.685  38.349851    13.3064     6.1256      0.679    32.2557    24.2073 -9.990e-29
 245.562859      0.692  38.346689    13.3070     6.1144      0.686    32.2523    24.2045 -9.990e-29
 245.562865      0.699  38.347627    13.3093     6.1284      0.693    32.2512    24.2032 -9.990e-29
 245.562870      0.702  38.350377    13.3112     6.1255      0.696    32.2521    24.2036 -9.990e-29
 245.562876      0.706  38.352269    13.3110     6.1346      0.700    32.2541    24.2051 -9.990e-29
 245.562882      0.715  38.352292    13.3088     6.1266      0.709    32.2560    24.2070 -9.990e-29
 245.562888      0.725  38.351418    13.3061     6.1093      0.719    32.2574    24.2087 -9.990e-29
 245.562894      0.729  38.350542    13.3038     6.1051      0.723    32.2586    24.2100 -9.990e-29
 245.562899      0.727  38.348874    13.3012     6.0922      0.721    32.2592    24.2110 -9.990e-29
 245.562905      0.722  38.346253    13.2989     6.0825      0.716    32.2587    24.2111 -9.990e-29
 245.562911      0.715  38.344604    13.2984     6.1053      0.709    32.2576    24.2103 -9.990e-29
 245.562917      0.710  38.345468    13.3012     6.1102      0.704    32.2560    24.2086 -9.990e-29
 245.562922      0.705  38.349256    13.3072     6.1048      0.699    32.2545    24.2062 -9.990e-29
 245.562928      0.697  38.353565    13.3121     6.0883      0.691    32.2544    24.2051 -9.990e-29
 245.562934      0.690  38.354446    13.3118     6.0786      0.684    32.2555    24.2060 -9.990e-29
 245.562940      0.687  38.353454    13.3076     6.1056      0.681    32.2581    24.2089 -9.990e-29
 245.562946      0.687  38.353569    13.3031     6.1271      0.681    32.2620    24.2128 -9.990e-29
 245.562951      0.692  38.353089    13.3001     6.1357      0.686    32.2641    24.2150 -9.990e-29
 245.562957      0.701  38.351753    13.2990     6.1419      0.695    32.2638    24.2150 -9.990e-29
 245.562963      0.714  38.351518    13.2988     6.1392      0.708    32.2637    24.2150 -9.990e-29
 245.562969      0.729  38.349653    13.2977     6.0983      0.723    32.2629    24.2146 -9.990e-29
 245.562975      0.742  38.341813    13.2960     6.0903      0.736    32.2570    24.2104 -9.990e-29
 245.562980      0.753  38.335843    13.2967     6.0961      0.747    32.2508    24.2054 -9.990e-29
 245.562986      0.760  38.342078    13.3008     6.0872      0.754    32.2532    24.2065 -9.990e-29
 245.562992      0.763  38.352977    13.3046     6.1188      0.757    32.2602    24.2111 -9.990e-29
 245.562998      0.770  38.358820    13.3047     6.1237      0.764    32.2655    24.2152 -9.990e-29
 245.563003      0.787  38.357702    13.2999     6.1175      0.780    32.2686    24.2185 -9.990e-29
 245.563009      0.813  38.347397    13.2929     6.1207      0.806    32.2648    24.2170 -9.990e-29
 245.563015      0.848  38.334702    13.2896     6.1380      0.841    32.2557    24.2107 -9.990e-29
 245.563021      0.884  38.333860    13.2917     6.1152      0.877    32.2531    24.2082 -9.990e-29
 245.563027      0.919  38.343569    13.2956     6.0963      0.911    32.2589    24.2119 -9.990e-29
 245.563032      0.955  38.353642    13.2994     6.1306      0.947    32.2651    24.2160 -9.990e-29
 245.563038      1.000  38.361654    13.3034     6.1202      0.992    32.2692    24.2183 -9.990e-29
 245.563044      1.064  38.363555    13.3064     6.1296      1.055    32.2684    24.2171 -9.990e-29
 245.563050      1.152  38.360584    13.3070     6.1093      1.142    32.2651    24.2145 -9.990e-29
 245.563056      1.260  38.359798    13.3043     6.0881      1.249    32.2666    24.2162 -9.990e-29
 245.563061      1.396  38.357172    13.2960     6.0681      1.384    32.2711    24.2213 0.0000e+00
 245.563067      1.576  38.347909    13.2759     6.0210      1.563    32.2794    24.2317 0.0000e+00
 245.563073      1.813  38.325636    13.2336     5.9761      1.798    32.2944    24.2517 0.0000e+00
 245.563079      2.108  38.279514    13.1576     5.9082      2.090    32.3155    24.2831 0.0000e+00
 245.563084      2.458  38.203851    13.0531     5.8671      2.437    32.3332    24.3173 0.0000e+00
 245.563090      2.857  38.111791    12.9530     5.8499      2.833    32.3317    24.3357 0.0000e+00
 245.563096      3.299  38.036031    12.8845     5.7998      3.271    32.3184    24.3388 0.0000e+00
 245.563102      3.782  37.986208    12.8460     5.6900      3.750    32.3040    24.3352 0.0000e+00
 245.563108      4.299  37.947760    12.8269     5.5269      4.263    32.2837    24.3232 0.0000e+00
 245.563113      4.844  37.913457    12.8200     5.3036      4.804    32.2569    24.3038 0.0000e+00
 245.563119      5.417  37.884407    12.8078     5.0320      5.372    32.2395    24.2927 0.0000e+00
 245.563125      6.017  37.828972    12.7562     4.8251      5.967    32.2308    24.2960 0.0000e+00
 245.563131      6.638  37.718966    12.6576     4.6777      6.582    32.2104    24.2992 0.0000e+00
 245.563137      7.277  37.612436    12.5345     4.6215      7.216    32.2141    24.3256 0.0000e+00
 245.563142      7.929  37.500955    12.3751     4.6551      7.863    32.2441    24.3792 0.0000e+00
 245.563148      8.586  37.272071    12.1790     4.6796      8.514    32.1930    24.3766 0.0000e+00
 245.563154      9.253  36.990429    12.0175     4.6337      9.176    32.0606    24.3040 0.0000e+00
 245.563160      9.933  36.812654    11.9415     4.4981      9.850    31.9540    24.2354 0.0000e+00
 245.563166     10.623  36.703577    11.9119     4.2640     10.534    31.8738    24.1786 0.0000e+00
 245.563171     11.318  36.608792    11.8578     3.9987     11.223    31.8282    24.1532 0.0000e+00
 245.563177     12.022  36.579735    11.7518     3.7392     11.921    31.8906    24.2211 0.0000e+00
 245.563183     12.730  36.587567    11.6042     3.5173     12.623    32.0250    24.3523 0.0000e+00
 245.563189     13.442  36.537324    11.3982     3.3958     13.329    32.1543    24.4900 0.0000e+00
 245.563194     14.159  36.394848    11.1028     3.3398     14.040    32.2723    24.6343 0.0000e+00
 245.563200     14.880  36.179875    10.7793     3.3210     14.755    32.3441    24.7469 0.0000e+00
 245.563206     15.605  35.934681    10.5328     3.3138     15.474    32.3177    24.7688 0.0000e+00
 245.563212     16.335  35.707670    10.3721     3.2926     16.198    32.2326    24.7298 0.0000e+00
 245.563218     17.070  35.547396    10.2524     3.3131     16.927    32.1774    24.7070 0.0000e+00
 245.563223     17.807  35.459897    10.1424     3.4377     17.658    32.1866    24.7326 0.0000e+00
 245.563229     18.539  35.400512    10.0177     3.6060     18.383    32.2374    24.7929 0.0000e+00
 245.563235     19.268  35.339127     9.8778     3.7965     19.106    32.2999    24.8647 0.0000e+00
 245.563241     19.995  35.278218     9.7295     4.0117     19.827    32.3707    24.9442 0.0000e+00
 245.563247     20.721  35.208019     9.5796     4.2576     20.547    32.4339    25.0179 0.0000e+00
 245.563252     21.444  35.086786     9.4452     4.5550     21.264    32.4309    25.0371 0.0000e+00
 245.563258     22.168  34.913295     9.3241     4.8737     21.982    32.3618    25.0024 0.0000e+00
 245.563264     22.892  34.757097     9.1974     5.1093     22.700    32.3152    24.9860 0.0000e+00
 245.563270     23.613  34.630225     9.0545     5.2499     23.415    32.3133    25.0068 0.0000e+00
 245.563275     24.337  34.471893     8.9022     5.2630     24.132    32.2870    25.0098 0.0000e+00
 245.563281     25.064  34.296870     8.7526     5.2355     24.853    32.2405    24.9963 0.0000e+00
 245.563287     25.796  34.132360     8.6049     5.1986     25.579    32.2028    24.9891 0.0000e+00
 245.563293     26.526  33.980963     8.4509     5.1733     26.303    32.1841    24.9975 0.0000e+00
 245.563299     27.260  33.910875     8.3016     5.1601     27.031    32.2466    25.0685 0.0000e+00
 245.563304     27.999  33.916868     8.1928     5.1134     27.763    32.3526    25.1676 0.0000e+00
 245.563310     28.741  33.898206     8.1191     5.0566     28.499    32.4005    25.2160 0.0000e+00
 245.563316     29.484  33.848843     8.0366     4.9828     29.236    32.4241    25.2465 0.0000e+00
 245.563322     30.230  33.812450     7.9374     4.9062     29.976    32.4770    25.3023 0.0000e+00
 245.563328     30.973  33.782857     7.8379     4.8110     30.712    32.5377    25.3642 0.0000e+00
 245.563333     31.711  33.752328     7.7469     4.7221     31.444    32.5897    25.4180 0.0000e+00
 245.563339     32.443  33.728099     7.6757     4.6278     32.170    32.6300    25.4598 0.0000e+00
 245.563345     33.172  33.720211     7.6303     4.5609     32.893    32.6638    25.4927 0.0000e+00
 245.563351     33.898  33.727483     7.6002     4.5185     33.612    32.6996    25.5251 0.0000e+00
 245.563356     34.616  33.738738     7.5719     4.4524     34.324    32.7380    25.5593 0.0000e+00
 245.563362     35.324  33.752591     7.5475     4.3599     35.026    32.7756    25.5922 0.0000e+00
 245.563368     36.025  33.773362     7.5376     4.2576     35.721    32.8070    25.6183 0.0000e+00
 245.563374     36.719  33.795012     7.5329     4.1588     36.409    32.8345    25.6406 0.0000e+00
 245.563380     37.410  33.806515     7.5127     4.0881     37.094    32.8657    25.6679 0.0000e+00
 245.563385     38.092  33.811300     7.4803     4.0604     37.771    32.9012    25.7004 0.0000e+00
 245.563391     38.763  33.818385     7.4535     4.0505     38.436    32.9340    25.7299 0.0000e+00
 245.563397     39.422  33.828659     7.4341     4.0460     39.089    32.9632    25.7556 0.0000e+00
 245.563403     40.069  33.837750     7.4173     4.0631     39.731    32.9887    25.7780 0.0000e+00
 245.563409     40.701  33.843627     7.4052     4.0730     40.357    33.0063    25.7935 0.0000e+00
 245.563414     41.312  33.847246     7.3990     4.0779     40.963    33.0159    25.8019 0.0000e+00
 245.563420     41.894  33.849354     7.3966     4.0473     41.540    33.0201    25.8056 0.0000e+00
 245.563426     42.449  33.850921     7.3967     4.0063     42.090    33.0215    25.8067 0.0000e+00
 245.563432     42.988  33.852756     7.3975     3.9709     42.625    33.0225    25.8073 0.0000e+00
 245.563437     43.517  33.855468     7.3970     3.9428     43.149    33.0256    25.8099 0.0000e+00
 245.563443     44.047  33.859715     7.3957     3.9155     43.675    33.0312    25.8145 0.0000e+00
 245.563449     44.579  33.867646     7.3944     3.8932     44.202    33.0408    25.8222 0.0000e+00
 245.563455     45.110  33.879042     7.3931     3.8499     44.729    33.0541    25.8329 0.0000e+00
 245.563461     45.635  33.888795     7.3915     3.7940     45.249    33.0659    25.8424 0.0000e+00
 245.563466     46.156  33.894640     7.3893     3.7524     45.766    33.0741    25.8491 0.0000e+00
 245.563472     46.678  33.899174     7.3852     3.7132     46.283    33.0827    25.8565 0.0000e+00
 245.563478     47.199  33.906045     7.3790     3.6814     46.800    33.0958    25.8677 0.0000e+00
 245.563484     47.718  33.918659     7.3730     3.6483     47.314    33.1150    25.8836 0.0000e+00
 245.563490     48.234  33.934649     7.3692     3.6054     47.826    33.1357    25.9004 0.0000e+00
 245.563495     48.746  33.947193     7.3668     3.5736     48.333    33.1513    25.9130 0.0000e+00
 245.563501     49.255  33.956070     7.3641     3.5578     48.838    33.1633    25.9228 0.0000e+00
 245.563507     49.769  33.965680     7.3603     3.5527     49.348    33.1771    25.9342 0.0000e+00
 245.563513     50.290  33.978045     7.3553     3.5391     49.864    33.1951    25.9491 0.0000e+00
 245.563519     50.814  33.991585     7.3508     3.5153     50.384    33.2138    25.9644 0.0000e+00
 245.563524     51.329  34.002768     7.3514     3.4838     50.894    33.2251    25.9733 0.0000e+00
 245.563530     51.836  34.011292     7.3573     3.4417     51.397    33.2285    25.9751 0.0000e+00
 245.563536     52.340  34.018681     7.3618     3.3931     51.897    33.2319    25.9772 0.0000e+00
 245.563542     52.848  34.025094     7.3627     3.3330     52.400    33.2378    25.9817 0.0000e+00
 245.563547     53.366  34.030348     7.3622     3.2475     52.914    33.2437    25.9864 0.0000e+00
 245.563553     53.897  34.034607     7.3615     3.1624     53.440    33.2488    25.9905 0.0000e+00
 245.563559     54.437  34.038944     7.3613     3.0428     53.976    33.2534    25.9941 0.0000e+00
 245.563565     54.977  34.044533     7.3617     2.8976     54.511    33.2588    25.9984 0.0000e+00
 245.563571     55.512  34.051980     7.3636     2.7430     55.041    33.2648    26.0028 0.0000e+00
 245.563576     56.044  34.062691     7.3675     2.5791     55.569    33.2724    26.0083 0.0000e+00
 245.563582     56.574  34.076826     7.3727     2.4679     56.094    33.2825    26.0155 0.0000e+00
 245.563588     57.109  34.092396     7.3790     2.3922     56.625    33.2931    26.0229 0.0000e+00
 245.563594     57.646  34.110448     7.3877     2.3676     57.157    33.3040    26.0303 0.0000e+00
 245.563600     58.186  34.135332     7.3986     2.3721     57.692    33.3203    26.0416 0.0000e+00
 245.563605     58.724  34.165962     7.4092     2.3897     58.226    33.3430    26.0580 0.0000e+00
 245.563611     59.261  34.194359     7.4176     2.4171     58.758    33.3654    26.0745 0.0000e+00
 245.563617     59.801  34.216287     7.4245     2.4329     59.293    33.3823    26.0868 0.0000e+00
 245.563623     60.340  34.233433     7.4300     2.4340     59.828    33.3953    26.0962 0.0000e+00
 245.563628     60.877  34.246700     7.4338     2.4328     60.360    33.4058    26.1039 0.0000e+00
 245.563634     61.421  34.255742     7.4361     2.4075     60.899    33.4131    26.1094 0.0000e+00
 245.563640     61.977  34.261290     7.4377     2.3896     61.451    33.4173    26.1125 0.0000e+00
 245.563646     62.545  34.265017     7.4392     2.3801     62.014    33.4196    26.1141 0.0000e+00
 245.563652     63.128  34.270082     7.4419     2.3425     62.592    33.4222    26.1158 0.0000e+00
 245.563657     63.729  34.279749     7.4453     2.2853     63.187    33.4291    26.1207 0.0000e+00
 245.563663     64.346  34.293904     7.4472     2.1937     63.799    33.4423    26.1308 0.0000e+00
 245.563669     64.973  34.310025     7.4480     2.0911     64.421    33.4587    26.1436 0.0000e+00
 245.563675     65.602  34.328768     7.4490     1.9802     65.044    33.4777    26.1585 0.0000e+00
 245.563681     66.234  34.349248     7.4478     1.9021     65.671    33.5008    26.1768 0.0000e+00
 245.563686     66.871  34.364500     7.4417     1.8352     66.302    33.5229    26.1950 0.0000e+00
 245.563692     67.511  34.371781     7.4312     1.7783     66.937    33.5406    26.2105 0.0000e+00
 245.563698     68.148  34.373952     7.4187     1.7203     67.568    33.5548    26.2233 0.0000e+00
 245.563704     68.770  34.373776     7.4071     1.6473     68.185    33.5655    26.2334 0.0000e+00
 245.563709     69.374  34.373683     7.3973     1.5621     68.783    33.5746    26.2420 0.0000e+00
 245.563715     69.964  34.374534     7.3881     1.4747     69.368    33.5842    26.2508 0.0000e+00
 245.563721     70.544  34.375091     7.3788     1.3921     69.943    33.5935    26.2595 0.0000e+00
