data/oxygen options/OCNMS/OCNMS2/raw_data/2009/CTD_CE100_060109faedb.cnv
* Sea-Bird SBE19 Data File:
* FileName = C:\2009_MOORING_DATA\CTD_CE100_060109.hex
* Software Version 1.59
* Temperature SN = 2997
* Conductivity SN = 2997
* System UpLoad Time = Jun 01 2009 15:39:38
**
**
# nquan = 9
# nvalues = 101                         
# units = specified
# name 0 = timeJ: Julian Days
# name 1 = prSM: Pressure, Strain Gauge [db]
# name 2 = c0mS/cm: Conductivity [mS/cm]
# name 3 = t090C: Temperature [ITS-90, deg C]
# name 4 = sbeox0ML/L: Oxygen, SBE 43 [ml/l]
# name 5 = depSM: Depth [salt water, m], lat = 47.5
# name 6 = sal00: Salinity, Practical [PSU]
# name 7 = sigma-é00: Density [sigma-theta, kg/m^3]
# name 8 = flag: flag
# span 0 = 152.486054, 152.487077       
# span 1 =      2.000,    102.000       
# span 2 =  33.318550,  35.930767       
# span 3 =     6.7070,    11.3780       
# span 4 =     1.6963,     8.4387       
# span 5 =      1.983,    101.123       
# span 6 =    31.5835,    33.8765       
# span 7 =    24.0498,    26.5743       
# span 8 = 0.0000e+00, 0.0000e+00       
# interval = decibars: 1                
# start_time = Jun 01 2009 11:34:32 [Instrument's time stamp, header]
# bad_flag = -9.990e-29
*END*
 152.486054      2.000  35.930767    11.3780     8.4387      1.983    31.5835    24.0498 0.0000e+00
 152.486075      3.000  35.686100    11.0465     8.1446      2.975    31.6275    24.1424 0.0000e+00
 152.486091      4.000  35.459507    10.7642     8.2263      3.967    31.6469    24.2065 0.0000e+00
 152.486104      5.000  35.242193    10.4587     8.2700      4.958    31.6954    24.2964 0.0000e+00
 152.486115      6.000  35.060773    10.2010     8.0462      5.950    31.7382    24.3729 0.0000e+00
 152.486125      7.000  34.925148    10.0079     7.4975      6.941    31.7704    24.4300 0.0000e+00
 152.486134      8.000  34.814800     9.8384     7.0834      7.933    31.8077    24.4868 0.0000e+00
 152.486144      9.000  34.746441     9.7152     6.9040      8.925    31.8467    24.5372 0.0000e+00
 152.486153     10.000  34.686220     9.6193     6.7534      9.916    31.8699    24.5708 0.0000e+00
 152.486162     11.000  34.642601     9.5510     6.7107     10.908    31.8856    24.5941 0.0000e+00
 152.486171     12.000  34.620931     9.5050     6.8901     11.900    31.9039    24.6157 0.0000e+00
 152.486180     13.000  34.591324     9.4590     7.1248     12.891    31.9141    24.6309 0.0000e+00
 152.486188     14.000  34.561252     9.4421     7.2157     13.883    31.8980    24.6211 0.0000e+00
 152.486197     15.000  34.561066     9.4640     7.1024     14.874    31.8778    24.6018 0.0000e+00
 152.486205     16.000  34.580577     9.5096     6.8079     15.866    31.8569    24.5783 0.0000e+00
 152.486213     17.000  34.600907     9.5333     6.4715     16.857    31.8562    24.5739 0.0000e+00
 152.486222     18.000  34.600640     9.4888     6.1789     17.848    31.8950    24.6114 0.0000e+00
 152.486230     19.000  34.533027     9.3268     5.9620     18.841    31.9697    24.6954 0.0000e+00
 152.486238     20.000  34.362717     9.0345     5.8121     19.832    32.0559    24.8085 0.0000e+00
 152.486247     21.000  34.125362     8.6852     5.7758     20.823    32.1245    24.9155 0.0000e+00
 152.486255     22.000  33.926122     8.3954     5.7996     21.816    32.1791    25.0017 0.0000e+00
 152.486264     23.000  33.783865     8.1703     5.8148     22.807    32.2348    25.0785 0.0000e+00
 152.486272     24.000  33.654486     7.9970     5.7589     23.799    32.2566    25.1207 0.0000e+00
 152.486281     25.000  33.578111     7.9440     5.5877     24.790    32.2237    25.1025 0.0000e+00
 152.486290     26.000  33.548327     7.9902     5.4082     25.782    32.1491    25.0373 0.0000e+00
 152.486299     27.000  33.560517     8.0918     5.3211     26.773    32.0684    24.9594 0.0000e+00
 152.486308     28.000  33.536527     8.0532     5.2961     27.764    32.0779    24.9724 0.0000e+00
 152.486317     29.000  33.444689     7.8201     5.3377     28.756    32.1940    25.0969 0.0000e+00
 152.486326     30.000  33.383959     7.6165     5.3738     29.747    32.3171    25.2222 0.0000e+00
 152.486336     31.000  33.358459     7.4581     5.3818     30.739    32.4368    25.3383 0.0000e+00
 152.486346     32.000  33.351691     7.3813     5.3477     31.731    32.5009    25.3993 0.0000e+00
 152.486356     33.000  33.347926     7.3607     5.2914     32.722    32.5158    25.4138 0.0000e+00
 152.486366     34.000  33.348098     7.3522     5.2767     33.713    32.5234    25.4210 0.0000e+00
 152.486375     35.000  33.351944     7.3481     5.2700     34.705    32.5310    25.4275 0.0000e+00
 152.486385     36.000  33.358968     7.3436     5.2383     35.696    32.5423    25.4371 0.0000e+00
 152.486395     37.000  33.364540     7.3310     5.2148     36.688    32.5598    25.4526 0.0000e+00
 152.486406     38.000  33.366536     7.3195     5.1989     37.679    32.5723    25.4640 0.0000e+00
 152.486419     39.000  33.370563     7.3177     5.2014     38.671    32.5779    25.4686 0.0000e+00
 152.486431     40.000  33.371019     7.2947     5.2191     39.662    32.5995    25.4889 0.0000e+00
 152.486443     41.000  33.357615     7.2354     5.2319     40.654    32.6404    25.5292 0.0000e+00
 152.486454     42.000  33.335918     7.1888     5.2355     41.645    32.6604    25.5512 0.0000e+00
 152.486463     43.000  33.322729     7.1697     5.2045     42.637    32.6638    25.5565 0.0000e+00
 152.486473     44.000  33.318815     7.1608     5.1856     43.628    32.6675    25.5606 0.0000e+00
 152.486483     45.000  33.318550     7.1506     5.1907     44.620    32.6763    25.5690 0.0000e+00
 152.486494     46.000  33.320305     7.1284     5.0425     45.611    32.6988    25.5896 0.0000e+00
 152.486505     47.000  33.321956     7.0940     4.7563     46.602    32.7327    25.6210 0.0000e+00
 152.486515     48.000  33.323226     7.0703     4.5384     47.594    32.7561    25.6427 0.0000e+00
 152.486526     49.000  33.373515     7.0838     4.4496     48.585    32.7977    25.6735 0.0000e+00
 152.486536     50.000  33.450413     7.1013     4.3316     49.576    32.8644    25.7237 0.0000e+00
 152.486545     51.000  33.495704     7.1123     4.1686     50.568    32.9027    25.7524 0.0000e+00
 152.486555     52.000  33.518841     7.1202     3.9879     51.559    32.9199    25.7649 0.0000e+00
 152.486564     53.000  33.556219     7.1361     3.9032     52.551    32.9450    25.7824 0.0000e+00
 152.486573     54.000  33.613663     7.1566     3.9052     53.543    32.9876    25.8132 0.0000e+00
 152.486584     55.000  33.672579     7.1716     3.8388     54.534    33.0368    25.8499 0.0000e+00
 152.486593     56.000  33.708502     7.1761     3.5724     55.525    33.0711    25.8763 0.0000e+00
 152.486604     57.000  33.731774     7.1800     3.3709     56.517    33.0924    25.8925 0.0000e+00
 152.486614     58.000  33.773713     7.2075     3.3948     57.508    33.1111    25.9035 0.0000e+00
 152.486623     59.000  33.854552     7.2510     3.4691     58.499    33.1569    25.9336 0.0000e+00
 152.486633     60.000  33.898633     7.2606     3.4802     59.490    33.1951    25.9623 0.0000e+00
 152.486643     61.000  33.909777     7.2495     3.4586     60.482    33.2174    25.9813 0.0000e+00
 152.486652     62.000  33.908374     7.2327     3.4199     61.473    33.2316    25.9949 0.0000e+00
 152.486661     63.000  33.915631     7.2243     3.3815     62.465    33.2470    26.0082 0.0000e+00
 152.486670     64.000  33.925867     7.2224     3.3397     63.456    33.2595    26.0183 0.0000e+00
 152.486680     65.000  33.936060     7.2211     3.3138     64.448    33.2714    26.0278 0.0000e+00
 152.486690     66.000  33.949510     7.2187     3.2942     65.439    33.2878    26.0411 0.0000e+00
 152.486700     67.000  33.962871     7.2172     3.2632     66.430    33.3034    26.0536 0.0000e+00
 152.486711     68.000  33.969368     7.2167     3.2429     67.422    33.3105    26.0592 0.0000e+00
 152.486723     69.000  33.972531     7.2123     3.2187     68.413    33.3177    26.0655 0.0000e+00
 152.486733     70.000  33.973268     7.2020     3.1822     69.404    33.3279    26.0749 0.0000e+00
 152.486744     71.000  33.970701     7.1872     3.1119     70.395    33.3389    26.0857 0.0000e+00
 152.486754     72.000  33.965991     7.1691     2.9470     71.386    33.3507    26.0976 0.0000e+00
 152.486765     73.000  33.960620     7.1494     2.7623     72.378    33.3635    26.1103 0.0000e+00
 152.486776     74.000  33.960712     7.1312     2.5970     73.369    33.3807    26.1263 0.0000e+00
 152.486785     75.000  33.969933     7.1124     2.5327     74.360    33.4085    26.1508 0.0000e+00
 152.486796     76.000  33.985242     7.0954     2.5569     75.352    33.4412    26.1788 0.0000e+00
 152.486806     77.000  33.999422     7.0803     2.6400     76.343    33.4709    26.2043 0.0000e+00
 152.486816     78.000  34.019490     7.0671     2.6916     77.335    33.5051    26.2331 0.0000e+00
 152.486827     79.000  34.056360     7.0621     2.6653     78.326    33.5498    26.2690 0.0000e+00
 152.486836     80.000  34.118919     7.0664     2.5774     79.317    33.6136    26.3187 0.0000e+00
 152.486846     81.000  34.161943     7.0630     2.4197     80.308    33.6635    26.3584 0.0000e+00
 152.486856     82.000  34.179197     7.0504     2.1980     81.299    33.6943    26.3843 0.0000e+00
 152.486864     83.000  34.190046     7.0288     1.9450     82.291    33.7267    26.4128 0.0000e+00
 152.486874     84.000  34.188753     6.9774     1.7532     83.282    33.7753    26.4581 0.0000e+00
 152.486883     85.000  34.167538     6.9042     1.6963     84.273    33.8234    26.5060 0.0000e+00
 152.486892     86.000  34.129619     6.8219     1.7033     85.264    33.8623    26.5477 0.0000e+00
 152.486902     87.000  34.080780     6.7557     1.7338     86.256    33.8732    26.5653 0.0000e+00
 152.486912     88.000  34.058126     6.7288     1.7653     87.247    33.8743    26.5698 0.0000e+00
 152.486921     89.000  34.049015     6.7169     1.7974     88.238    33.8754    26.5723 0.0000e+00
 152.486932     90.000  34.046863     6.7146     1.8246     89.229    33.8749    26.5721 0.0000e+00
 152.486942     91.000  34.046409     6.7131     1.8302     90.220    33.8754    26.5727 0.0000e+00
 152.486951     92.000  34.045814     6.7114     1.8417     91.212    33.8760    26.5734 0.0000e+00
 152.486961     93.000  34.045289     6.7104     1.8429     92.204    33.8758    26.5734 0.0000e+00
 152.486971     94.000  34.045063     6.7096     1.8492     93.194    33.8760    26.5737 0.0000e+00
 152.486981     95.000  34.045347     6.7094     1.8512     94.186    33.8759    26.5737 0.0000e+00
 152.486991     96.000  34.046041     6.7092     1.8597     95.177    33.8764    26.5741 0.0000e+00
 152.487002     97.000  34.046230     6.7090     1.8592     96.168    33.8763    26.5740 0.0000e+00
 152.487012     98.000  34.046083     6.7081     1.8476     97.159    33.8765    26.5743 0.0000e+00
 152.487023     99.000  34.044149     6.7072     1.8303     98.150    33.8748    26.5732 0.0000e+00
 152.487035    100.000  34.025519     6.7070     1.8321     99.141    33.8539    26.5567 0.0000e+00
 152.487051    101.000  33.766147     6.7087     1.8333    100.133    33.5654    26.3290 0.0000e+00
 152.487077    102.000  33.948819     6.7117     1.8502    101.123    33.7634    26.4848 0.0000e+00
