data/oxygen options/OCNMS/OCNMS2/raw_data/2009/CTD_CE100_070709faed.cnv
* Sea-Bird SBE19 Data File:
* FileName = C:\2009_MOORING_DATA\070609_data\CTD_CE100_070609.hex
* Software Version 1.24
* Temperature SN = 2997
* Conductivity SN = 2997
* System UpLoad Time = Jul 07 2009 16:31:53
* SEACAT PROFILER V3.1c SN 2997   07/07/09  16:30:44.400
* strain gauge pressure sensor: S/N = 184829,  range = 3000 psia,  tc = 40
# nquan = 9                                 
# nvalues = 1107                        
# units = specified
# name 0 = timeJ: Julian Days
# name 1 = prSM: Pressure, Strain Gauge [db]
# name 2 = c0mS/cm: Conductivity [mS/cm]
# name 3 = t090C: Temperature [ITS-90, deg C]
# name 4 = sbeox0ML/L: Oxygen, SBE 43 [ml/l]
# name 5 = depSM: Depth [salt water, m], lat = 47.5
# name 6 = sal00: Salinity, Practical [PSU]
# name 7 = sigma-é00: Density [sigma-theta, kg/m^3]
# name 8 = flag: flag
# span 0 = 188.507280, 188.513681       
# span 1 =     -5.548,    102.300       
# span 2 =  -0.001787,  38.138382       
# span 3 =     6.6801,    14.4841       
# span 4 =   -14.9210,    18.7713       
# span 5 =     -5.502,    101.421       
# span 6 =     0.0000,    33.9478       
# span 7 =    -0.8221,    26.6342       
# span 8 = 0.0000e+00, 0.0000e+00       
# interval = seconds: 0.5
# start_time = Jul 07 2009 12:10:29 [Instrument's time stamp, header]
# bad_flag = -9.990e-29
*END*
[from data line 481]
 188.510064      1.865  37.948174    12.9833     7.2847      1.849    32.1518    24.1906 -9.990e-29
 188.510069      1.857  37.948036    12.9824     7.2674      1.841    32.1525    24.1913 -9.990e-29
 188.510075      1.855  37.949546    12.9815     7.2571      1.840    32.1546    24.1931 -9.990e-29
 188.510081      1.858  37.951314    12.9810     7.2556      1.842    32.1567    24.1949 -9.990e-29
 188.510087      1.859  37.952304    12.9818     7.2391      1.843    32.1570    24.1949 -9.990e-29
 188.510093      1.856  37.953249    12.9845     7.2095      1.841    32.1556    24.1933 -9.990e-29
 188.510098      1.859  37.955382    12.9879     7.1936      1.843    32.1547    24.1920 -9.990e-29
 188.510104      1.868  37.959830    12.9906     7.2122      1.852    32.1566    24.1929 -9.990e-29
 188.510110      1.874  37.963532    12.9925     7.2559      1.858    32.1585    24.1940 -9.990e-29
 188.510116      1.878  37.964116    12.9947     7.2980      1.862    32.1572    24.1925 -9.990e-29
 188.510122      1.889  37.965139    12.9969     7.3262      1.873    32.1563    24.1914 -9.990e-29
 188.510127      1.908  37.966262    12.9950     7.3059      1.892    32.1589    24.1938 -9.990e-29
 188.510133      1.927  37.962232    12.9896     7.2815      1.911    32.1597    24.1955 -9.990e-29
 188.510139      1.939  37.956062    12.9886     7.2654      1.923    32.1547    24.1918 -9.990e-29
 188.510145      1.936  37.956872    12.9945     7.2655      1.920    32.1505    24.1874 -9.990e-29
 188.510150      1.918  37.962917    13.0021     7.2879      1.902    32.1497    24.1853 -9.990e-29
 188.510156      1.896  37.967102    13.0071     7.2933      1.880    32.1495    24.1841 -9.990e-29
 188.510162      1.882  37.969943    13.0088     7.3041      1.866    32.1507    24.1848 -9.990e-29
 188.510168      1.880  37.971846    13.0080     7.3088      1.864    32.1532    24.1868 -9.990e-29
 188.510174      1.885  37.970843    13.0069     7.2990      1.869    32.1532    24.1870 -9.990e-29
 188.510179      1.888  37.969495    13.0061     7.2634      1.872    32.1526    24.1867 -9.990e-29
 188.510185      1.890  37.969345    13.0043     7.2268      1.874    32.1539    24.1882 -9.990e-29
 188.510191      1.896  37.967928    13.0010     7.2203      1.880    32.1554    24.1899 -9.990e-29
 188.510197      1.901  37.965573    12.9993     7.2515      1.885    32.1546    24.1897 -9.990e-29
 188.510203      1.902  37.965844    13.0019     7.2847      1.886    32.1527    24.1876 -9.990e-29
 188.510208      1.898  37.969075    13.0068     7.2687      1.882    32.1516    24.1858 -9.990e-29
 188.510214      1.893  37.971707    13.0096     7.2495      1.877    32.1517    24.1854 -9.990e-29
 188.510220      1.897  37.971622    13.0071     7.2489      1.881    32.1537    24.1874 -9.990e-29
 188.510226      1.909  37.965883    12.9980     7.2760      1.893    32.1560    24.1910 -9.990e-29
 188.510231      1.920  37.954101    12.9867     7.3102      1.904    32.1545    24.1920 -9.990e-29
 188.510237      1.929  37.944641    12.9795     7.3131      1.913    32.1517    24.1913 -9.990e-29
 188.510243      1.935  37.942799    12.9769     7.2616      1.919    32.1522    24.1921 -9.990e-29
 188.510249      1.938  37.944973    12.9772     7.2316      1.922    32.1539    24.1935 -9.990e-29
 188.510255      1.935  37.947873    12.9799     7.2442      1.919    32.1544    24.1933 -9.990e-29
 188.510260      1.921  37.951418    12.9850     7.2604      1.905    32.1534    24.1915 -9.990e-29
 188.510266      1.904  37.955829    12.9903     7.2759      1.888    32.1531    24.1902 -9.990e-29
 188.510272      1.896  37.960240    12.9930     7.2728      1.880    32.1549    24.1911 -9.990e-29
 188.510278      1.899  37.962666    12.9927     7.2625      1.883    32.1575    24.1932 -9.990e-29
 188.510284      1.911  37.961838    12.9911     7.2838      1.895    32.1581    24.1939 -9.990e-29
 188.510289      1.919  37.959430    12.9911     7.3061      1.903    32.1558    24.1922 -9.990e-29
 188.510295      1.915  37.957813    12.9920     7.2956      1.899    32.1535    24.1902 -9.990e-29
 188.510301      1.904  37.956488    12.9907     7.2736      1.888    32.1534    24.1904 -9.990e-29
 188.510307      1.892  37.953106    12.9860     7.2624      1.876    32.1542    24.1919 -9.990e-29
 188.510313      1.887  37.946497    12.9796     7.2479      1.871    32.1534    24.1925 -9.990e-29
 188.510318      1.891  37.940158    12.9750     7.2491      1.875    32.1513    24.1918 -9.990e-29
 188.510324      1.897  37.938500    12.9731     7.2538      1.881    32.1513    24.1922 -9.990e-29
 188.510330      1.907  37.939290    12.9723     7.2603      1.891    32.1528    24.1935 -9.990e-29
 188.510336      1.918  37.939633    12.9710     7.2835      1.902    32.1542    24.1948 -9.990e-29
 188.510341      1.925  37.941085    12.9703     7.2969      1.909    32.1561    24.1965 -9.990e-29
 188.510347      1.925  37.943317    12.9716     7.2832      1.909    32.1571    24.1970 -9.990e-29
 188.510353      1.913  37.944798    12.9739     7.2789      1.897    32.1566    24.1961 -9.990e-29
 188.510359      1.894  37.946359    12.9758     7.2784      1.878    32.1565    24.1957 -9.990e-29
 188.510365      1.877  37.947817    12.9762     7.2805      1.861    32.1575    24.1964 -9.990e-29
 188.510370      1.877  37.947172    12.9730     7.2924      1.861    32.1596    24.1987 -9.990e-29
 188.510376      1.891  37.942420    12.9674     7.2957      1.875    32.1599    24.2000 -9.990e-29
 188.510382      1.914  37.937292    12.9645     7.2931      1.898    32.1575    24.1987 -9.990e-29
 188.510388      1.937  37.937255    12.9650     7.2913      1.921    32.1570    24.1982 -9.990e-29
 188.510394      1.953  37.938312    12.9660     7.2790      1.937    32.1572    24.1981 -9.990e-29
 188.510399      1.955  37.937365    12.9674     7.2668      1.939    32.1551    24.1962 -9.990e-29
 188.510405      1.944  37.937611    12.9695     7.2644      1.928    32.1535    24.1946 -9.990e-29
 188.510411      1.930  37.939356    12.9705     7.2653      1.914    32.1543    24.1951 -9.990e-29
 188.510417      1.927  37.940980    12.9697     7.2642      1.911    32.1566    24.1969 -9.990e-29
 188.510422      1.938  37.942388    12.9694     7.2458      1.922    32.1581    24.1982 -9.990e-29
 188.510428      1.959  37.944311    12.9717     7.2209      1.943    32.1580    24.1977 -9.990e-29
 188.510434      1.980  37.945929    12.9751     7.2237      1.963    32.1566    24.1959 -9.990e-29
 188.510440      1.989  37.946573    12.9776     7.2591      1.972    32.1551    24.1943 -9.990e-29
 188.510446      1.981  37.948200    12.9796     7.2939      1.964    32.1549    24.1937 -9.990e-29
 188.510451      1.965  37.951273    12.9824     7.3119      1.949    32.1555    24.1936 -9.990e-29
 188.510457      1.958  37.955385    12.9866     7.2834      1.942    32.1558    24.1930 -9.990e-29
 188.510463      1.962  37.961515    12.9913     7.2485      1.946    32.1576    24.1935 -9.990e-29
 188.510469      1.970  37.967165    12.9946     7.2429      1.954    32.1601    24.1948 -9.990e-29
 188.510475      1.973  37.968638    12.9964     7.2396      1.957    32.1600    24.1943 -9.990e-29
 188.510480      1.968  37.967877    12.9979     7.2514      1.952    32.1580    24.1925 -9.990e-29
 188.510486      1.963  37.968326    13.0003     7.2497      1.947    32.1563    24.1908 -9.990e-29
 188.510492      1.966  37.971122    13.0042     7.2533      1.950    32.1557    24.1895 -9.990e-29
 188.510498      1.973  37.976049    13.0081     7.2656      1.957    32.1570    24.1898 -9.990e-29
 188.510503      1.975  37.980126    13.0104     7.2685      1.959    32.1589    24.1908 -9.990e-29
 188.510509      1.969  37.981480    13.0119     7.2634      1.953    32.1589    24.1905 -9.990e-29
 188.510515      1.963  37.982454    13.0138     7.2571      1.947    32.1582    24.1896 -9.990e-29
 188.510521      1.965  37.984325    13.0160     7.2701      1.949    32.1581    24.1891 -9.990e-29
 188.510527      1.971  37.985642    13.0173     7.2782      1.955    32.1582    24.1889 -9.990e-29
 188.510532      1.976  37.985898    13.0179     7.2825      1.959    32.1580    24.1886 -9.990e-29
 188.510538      1.982  37.985971    13.0181     7.2780      1.965    32.1579    24.1885 -9.990e-29
 188.510544      1.989  37.985934    13.0171     7.2767      1.972    32.1587    24.1893 -9.990e-29
 188.510550      1.996  37.984595    13.0152     7.2640      1.979    32.1590    24.1900 -9.990e-29
 188.510556      2.001  37.982390    13.0141     7.2612      1.984    32.1579    24.1893 -9.990e-29
 188.510561      1.999  37.981397    13.0132     7.2672      1.982    32.1577    24.1893 -9.990e-29
 188.510567      1.995  37.980270    13.0089     7.2825      1.978    32.1603    24.1922 -9.990e-29
 188.510573      1.997  37.974122    12.9978     7.2993      1.980    32.1639    24.1971 -9.990e-29
 188.510579      2.008  37.959215    12.9826     7.2925      1.991    32.1628    24.1992 -9.990e-29
 188.510584      2.022  37.941990    12.9722     7.2704      2.005    32.1553    24.1955 -9.990e-29
 188.510590      2.026  37.935325    12.9709     7.2584      2.009    32.1502    24.1918 -9.990e-29
 188.510596      2.017  37.939270    12.9746     7.2705      2.000    32.1507    24.1915 -9.990e-29
 188.510602      1.997  37.945050    12.9781     7.2800      1.980    32.1532    24.1927 -9.990e-29
 188.510608      1.979  37.949141    12.9781     7.2735      1.962    32.1571    24.1957 -9.990e-29
 188.510613      1.974  37.949691    12.9748     7.2679      1.958    32.1604    24.1989 -9.990e-29
 188.510619      1.982  37.946854    12.9716     7.2809      1.965    32.1605    24.1996 -9.990e-29
 188.510625      1.996  37.944668    12.9703     7.2984      1.979    32.1595    24.1991 -9.990e-29
 188.510631      2.006  37.944119    12.9707     7.3156      1.989    32.1586    24.1984 -9.990e-29
 188.510637      2.010  37.944450    12.9724     7.3048      1.993    32.1575    24.1971 -9.990e-29
 188.510642      2.012  37.945519    12.9743     7.2914      1.995    32.1569    24.1963 -9.990e-29
 188.510648      2.016  37.945927    12.9758     7.2706      1.999    32.1560    24.1953 -9.990e-29
 188.510654      2.024  37.943391    12.9765     7.2635      2.007    32.1530    24.1929 -9.990e-29
 188.510660      2.030  37.940113    12.9762     7.2773      2.013    32.1502    24.1907 -9.990e-29
 188.510666      2.031  37.938986    12.9741     7.3038      2.014    32.1509    24.1917 -9.990e-29
 188.510671      2.032  37.933998    12.9685     7.3213      2.015    32.1509    24.1928 -9.990e-29
 188.510677      2.037  37.923521    12.9581     7.3257      2.020    32.1499    24.1940 -9.990e-29
 188.510683      2.046  37.909817    12.9412     7.3106      2.029    32.1513    24.1984 -9.990e-29
 188.510689      2.059  37.890281    12.9192     7.3032      2.042    32.1515    24.2029 -9.990e-29
 188.510694      2.074  37.868545    12.9028     7.3070      2.057    32.1449    24.2010 -9.990e-29
 188.510700      2.082  37.856511    12.9017     7.3069      2.065    32.1345    24.1931 -9.990e-29
 188.510706      2.085  37.863886    12.9101     7.3020      2.068    32.1343    24.1914 -9.990e-29
 188.510712      2.090  37.881982    12.9142     7.2734      2.073    32.1479    24.2011 -9.990e-29
 188.510718      2.099  37.893997    12.9133     7.2642      2.081    32.1601    24.2106 -9.990e-29
 188.510723      2.103  37.897994    12.9160     7.2651      2.085    32.1615    24.2113 -9.990e-29
 188.510729      2.098  37.901523    12.9244     7.2863      2.080    32.1577    24.2067 -9.990e-29
 188.510735      2.088  37.908145    12.9335     7.3207      2.071    32.1563    24.2038 -9.990e-29
 188.510741      2.086  37.914897    12.9391     7.3296      2.069    32.1579    24.2039 -9.990e-29
 188.510747      2.104  37.918991    12.9412     7.3108      2.086    32.1599    24.2051 -9.990e-29
 188.510752      2.143  37.920823    12.9428     7.2907      2.125    32.1603    24.2051 -9.990e-29
 188.510758      2.192  37.922815    12.9466     7.2705      2.174    32.1589    24.2033 -9.990e-29
 188.510764      2.239  37.927038    12.9527     7.2585      2.220    32.1577    24.2012 -9.990e-29
 188.510770      2.277  37.933492    12.9586     7.2737      2.258    32.1588    24.2008 -9.990e-29
 188.510775      2.317  37.940114    12.9629     7.2896      2.298    32.1614    24.2020 -9.990e-29
 188.510781      2.379  37.943572    12.9642     7.3308      2.359    32.1635    24.2034 -9.990e-29
 188.510787      2.475  37.942287    12.9574     7.4355      2.454    32.1680    24.2082 -9.990e-29
 188.510793      2.607  37.932980    12.9388     7.6651      2.585    32.1750    24.2172 0.0000e+00
 188.510799      2.776  37.914901    12.9136     8.0061      2.753    32.1793    24.2255 0.0000e+00
 188.510804      2.978  37.894285    12.8863     8.3561      2.953    32.1829    24.2336 0.0000e+00
 188.510810      3.211  37.872128    12.8534     8.5863      3.184    32.1899    24.2454 0.0000e+00
 188.510816      3.470  37.846805    12.8129     8.6703      3.441    32.2003    24.2614 0.0000e+00
 188.510822      3.756  37.825923    12.7709     8.6382      3.725    32.2163    24.2818 0.0000e+00
 188.510828      4.066  37.829172    12.7367     8.5344      4.032    32.2484    24.3134 0.0000e+00
 188.510833      4.393  37.864141    12.7115     8.4658      4.356    32.3031    24.3605 0.0000e+00
 188.510839      4.737  37.902808    12.6858     8.4431      4.697    32.3617    24.4109 0.0000e+00
 188.510845      5.102  37.915922    12.6534     8.4119      5.059    32.4019    24.4483 0.0000e+00
 188.510851      5.491  37.905734    12.6211     8.3579      5.445    32.4198    24.4684 0.0000e+00
 188.510856      5.898  37.889945    12.5959     8.2447      5.849    32.4263    24.4783 0.0000e+00
 188.510862      6.315  37.877100    12.5778     8.0985      6.262    32.4295    24.4843 0.0000e+00
 188.510868      6.738  37.866219    12.5646     8.0211      6.682    32.4303    24.4874 0.0000e+00
 188.510874      7.169  37.855020    12.5539     7.9726      7.109    32.4287    24.4882 0.0000e+00
 188.510880      7.609  37.842481    12.5397     7.8251      7.545    32.4288    24.4910 0.0000e+00
 188.510885      8.060  37.827476    12.5126     7.5127      7.993    32.4377    24.5031 0.0000e+00
 188.510891      8.526  37.803910    12.4613     6.9741      8.455    32.4593    24.5297 0.0000e+00
 188.510897      9.006  37.759317    12.3816     6.3034      8.931    32.4854    24.5651 0.0000e+00
 188.510903      9.492  37.689623    12.2828     5.6176      9.413    32.5040    24.5983 0.0000e+00
 188.510909      9.977  37.601552    12.1645     4.9953      9.893    32.5219    24.6345 0.0000e+00
 188.510914     10.461  37.487970    11.9896     4.5978     10.373    32.5646    24.7003 0.0000e+00
 188.510920     10.950  37.304361    11.6829     4.4480     10.858    32.6551    24.8273 0.0000e+00
 188.510926     11.448  36.968882    11.1966     4.5279     11.352    32.7565    24.9941 0.0000e+00
 188.510932     11.958  36.467287    10.6015     4.7543     11.858    32.7905    25.1252 0.0000e+00
 188.510938     12.473  35.934182    10.0573     5.0447     12.369    32.7447    25.1820 0.0000e+00
 188.510943     12.989  35.523125     9.6646     5.3060     12.880    32.6825    25.1982 0.0000e+00
 188.510949     13.502  35.255618     9.3833     5.4447     13.389    32.6642    25.2293 0.0000e+00
 188.510955     14.012  35.043142     9.1226     5.4852     13.895    32.6832    25.2854 0.0000e+00
 188.510961     14.516  34.806721     8.8621     5.3962     14.394    32.6768    25.3209 0.0000e+00
 188.510966     15.018  34.565985     8.6315     5.2354     14.892    32.6375    25.3255 0.0000e+00
 188.510972     15.518  34.362246     8.4374     5.0523     15.388    32.6027    25.3274 0.0000e+00
 188.510978     16.015  34.195385     8.2833     4.8518     15.881    32.5691    25.3239 0.0000e+00
