data/oxygen options/OCNMS/OCNMS2/raw_data/2009/CTD_CE100_081109faed.cnv
* Sea-Bird SBE19 Data File:
* FileName = C:\2009_MOORING_DATA\081109\CTD.hex
* Software Version 1.24
* Temperature SN = 2997
* Conductivity SN = 2997
* System UpLoad Time = Aug 11 2009 11:36:48
* SEACAT PROFILER V3.1c SN 2997   08/11/09  11:35:54.781
* strain gauge pressure sensor: S/N = 184829,  range = 3000 psia,  tc = 40
# nquan = 9                                 
# nvalues = 1091                        
# units = specified
# name 0 = timeJ: Julian Days
# name 1 = prSM: Pressure, Strain Gauge [db]
# name 2 = c0mS/cm: Conductivity [mS/cm]
# name 3 = t090C: Temperature [ITS-90, deg C]
# name 4 = sbeox0ML/L: Oxygen, SBE 43 [ml/l]
# name 5 = depSM: Depth [salt water, m], lat = 47.5
# name 6 = sal00: Salinity, Practical [PSU]
# name 7 = sigma-é00: Density [sigma-theta, kg/m^3]
# name 8 = flag: flag
# span 0 = 223.475984, 223.482292       
# span 1 =     -5.626,    102.478       
# span 2 =   0.114849,  39.167583       
# span 3 =     7.1272,    15.1913       
# span 4 =    -1.6272,    16.0030       
# span 5 =     -5.579,    101.597       
# span 6 =     0.0690,    33.9767       
# span 7 =    -0.8600,    26.5941       
# span 8 = 0.0000e+00, 0.0000e+00       
# interval = seconds: 0.5
# start_time = Aug 11 2009 11:25:25 [Instrument's time stamp, header]
# bad_flag = -9.990e-29
*END*
[from data line 641]
 223.479693     31.736  34.614974     7.9928     3.2254     31.469    33.2804    25.9250 0.0000e+00
 223.479699     32.215  34.561473     7.9234     3.2428     31.944    33.2891    25.9419 0.0000e+00
 223.479705     32.698  34.503240     7.8565     3.2470     32.423    33.2903    25.9526 0.0000e+00
 223.479711     33.182  34.451114     7.7946     3.2437     32.902    33.2932    25.9638 0.0000e+00
 223.479716     33.668  34.404459     7.7430     3.2469     33.384    33.2922    25.9704 0.0000e+00
 223.479722     34.156  34.369376     7.7090     3.2275     33.868    33.2867    25.9710 0.0000e+00
 223.479728     34.644  34.351703     7.6909     3.2133     34.352    33.2848    25.9721 0.0000e+00
 223.479734     35.133  34.345743     7.6815     3.1910     34.837    33.2872    25.9753 0.0000e+00
 223.479740     35.623  34.343489     7.6749     3.1732     35.323    33.2908    25.9791 0.0000e+00
 223.479745     36.108  34.341316     7.6665     3.1770     35.804    33.2963    25.9846 0.0000e+00
 223.479751     36.579  34.337390     7.6542     3.1845     36.270    33.3036    25.9921 0.0000e+00
 223.479757     37.037  34.330342     7.6396     3.1778     36.725    33.3098    25.9991 0.0000e+00
 223.479763     37.480  34.320804     7.6259     3.1577     37.164    33.3124    26.0031 0.0000e+00
 223.479769     37.907  34.311133     7.6149     3.1043     37.587    33.3123    26.0046 0.0000e+00
 223.479774     38.324  34.303506     7.6043     3.0095     38.001    33.3141    26.0075 0.0000e+00
 223.479780     38.740  34.296662     7.5905     2.9146     38.413    33.3197    26.0139 0.0000e+00
 223.479786     39.164  34.286463     7.5703     2.8189     38.833    33.3279    26.0232 0.0000e+00
 223.479792     39.603  34.269902     7.5401     2.7540     39.269    33.3388    26.0360 0.0000e+00
 223.479797     40.053  34.245578     7.4989     2.6946     39.715    33.3518    26.0521 0.0000e+00
 223.479803     40.509  34.214065     7.4555     2.6411     40.167    33.3593    26.0641 0.0000e+00
 223.479809     40.966  34.185402     7.4252     2.6012     40.620    33.3572    26.0667 0.0000e+00
 223.479815     41.418  34.172308     7.4124     2.5549     41.068    33.3551    26.0668 0.0000e+00
 223.479821     41.866  34.174073     7.4107     2.5390     41.512    33.3584    26.0697 0.0000e+00
 223.479826     42.314  34.184580     7.4155     2.5234     41.957    33.3650    26.0742 0.0000e+00
 223.479832     42.772  34.202651     7.4249     2.5143     42.411    33.3753    26.0810 0.0000e+00
 223.479838     43.237  34.225425     7.4358     2.4886     42.872    33.3892    26.0904 0.0000e+00
 223.479844     43.705  34.245664     7.4444     2.4181     43.336    33.4026    26.0998 0.0000e+00
 223.479850     44.176  34.259474     7.4493     2.3293     43.803    33.4126    26.1070 0.0000e+00
 223.479855     44.654  34.267842     7.4507     2.2803     44.277    33.4201    26.1127 0.0000e+00
 223.479861     45.139  34.273464     7.4491     2.2943     44.757    33.4275    26.1187 0.0000e+00
 223.479867     45.633  34.279294     7.4457     2.3350     45.247    33.4369    26.1265 0.0000e+00
 223.479873     46.137  34.288567     7.4410     2.3853     45.747    33.4512    26.1385 0.0000e+00
 223.479878     46.648  34.300702     7.4318     2.3801     46.253    33.4730    26.1569 0.0000e+00
 223.479884     47.166  34.309403     7.4163     2.3220     46.767    33.4972    26.1781 0.0000e+00
 223.479890     47.679  34.311641     7.3956     2.2344     47.276    33.5194    26.1985 0.0000e+00
 223.479896     48.174  34.305298     7.3677     2.1224     47.766    33.5393    26.2180 0.0000e+00
 223.479902     48.648  34.287462     7.3312     1.9853     48.236    33.5550    26.2356 0.0000e+00
 223.479907     49.109  34.263995     7.2946     1.8385     48.693    33.5648    26.2483 0.0000e+00
 223.479913     49.565  34.245581     7.2692     1.6931     49.145    33.5692    26.2553 0.0000e+00
 223.479919     50.016  34.236750     7.2561     1.5760     49.593    33.5721    26.2594 0.0000e+00
 223.479925     50.459  34.236313     7.2502     1.4912     50.032    33.5771    26.2642 0.0000e+00
 223.479931     50.903  34.243065     7.2482     1.4359     50.472    33.5862    26.2717 0.0000e+00
 223.479936     51.353  34.255305     7.2476     1.4138     50.918    33.5999    26.2825 0.0000e+00
 223.479942     51.812  34.269120     7.2466     1.4284     51.373    33.6157    26.2951 0.0000e+00
 223.479948     52.285  34.282696     7.2447     1.4820     51.842    33.6321    26.3083 0.0000e+00
 223.479954     52.770  34.296147     7.2422     1.5369     52.323    33.6490    26.3219 0.0000e+00
 223.479959     53.265  34.307172     7.2390     1.6036     52.814    33.6639    26.3341 0.0000e+00
 223.479965     53.763  34.314163     7.2342     1.6503     53.307    33.6759    26.3442 0.0000e+00
 223.479971     54.257  34.317976     7.2272     1.6737     53.797    33.6867    26.3537 0.0000e+00
 223.479977     54.748  34.320276     7.2193     1.6655     54.284    33.6966    26.3626 0.0000e+00
 223.479983     55.238  34.324070     7.2122     1.6496     54.770    33.7075    26.3721 0.0000e+00
 223.479988     55.723  34.330437     7.2071     1.6390     55.250    33.7192    26.3821 0.0000e+00
 223.479994     56.200  34.337721     7.2047     1.5907     55.723    33.7292    26.3903 0.0000e+00
 223.480000     56.660  34.346046     7.2051     1.5178     56.179    33.7377    26.3969 0.0000e+00
 223.480006     57.095  34.356366     7.2075     1.4129     56.611    33.7464    26.4035 0.0000e+00
 223.480012     57.507  34.366692     7.2111     1.3239     57.019    33.7539    26.4089 0.0000e+00
 223.480017     57.908  34.372801     7.2161     1.2759     57.417    33.7555    26.4095 0.0000e+00
 223.480023     58.316  34.376617     7.2241     1.2538     57.821    33.7517    26.4053 0.0000e+00
 223.480029     58.744  34.389339     7.2342     1.2586     58.245    33.7555    26.4069 0.0000e+00
 223.480035     59.197  34.411621     7.2428     1.2696     58.695    33.7711    26.4181 0.0000e+00
 223.480041     59.670  34.429961     7.2478     1.2841     59.163    33.7860    26.4291 0.0000e+00
 223.480046     60.151  34.439611     7.2499     1.2913     59.640    33.7942    26.4353 0.0000e+00
 223.480052     60.631  34.444415     7.2503     1.2775     60.116    33.7989    26.4388 0.0000e+00
 223.480058     61.106  34.447361     7.2500     1.2367     60.587    33.8021    26.4415 0.0000e+00
 223.480064     61.570  34.450636     7.2497     1.1773     61.047    33.8058    26.4444 0.0000e+00
 223.480069     62.011  34.455189     7.2500     1.1093     61.484    33.8102    26.4479 0.0000e+00
 223.480075     62.433  34.459746     7.2505     1.0574     61.903    33.8145    26.4512 0.0000e+00
 223.480081     62.850  34.463041     7.2505     1.0290     62.316    33.8179    26.4538 0.0000e+00
 223.480087     63.279  34.468291     7.2501     1.0191     62.741    33.8238    26.4585 0.0000e+00
 223.480093     63.731  34.477956     7.2500     1.0227     63.189    33.8342    26.4667 0.0000e+00
 223.480098     64.205  34.488613     7.2493     1.0299     63.659    33.8463    26.4764 0.0000e+00
 223.480104     64.691  34.496477     7.2474     1.0407     64.141    33.8565    26.4847 0.0000e+00
 223.480110     65.179  34.501329     7.2446     1.0550     64.625    33.8643    26.4912 0.0000e+00
 223.480116     65.660  34.503974     7.2412     1.0731     65.102    33.8703    26.4964 0.0000e+00
 223.480122     66.127  34.505079     7.2368     1.0863     65.565    33.8755    26.5012 0.0000e+00
 223.480127     66.571  34.505500     7.2303     1.0919     66.005    33.8822    26.5073 0.0000e+00
 223.480133     66.990  34.505181     7.2226     1.0902     66.420    33.8892    26.5139 0.0000e+00
 223.480139     67.385  34.504198     7.2170     1.0919     66.812    33.8934    26.5180 0.0000e+00
 223.480145     67.760  34.503426     7.2149     1.0874     67.183    33.8944    26.5191 0.0000e+00
 223.480150     68.126  34.503457     7.2151     1.0890     67.546    33.8941    26.5188 0.0000e+00
 223.480156     68.497  34.503717     7.2149     1.0819     67.914    33.8944    26.5191 0.0000e+00
 223.480162     68.885  34.502815     7.2110     1.0697     68.299    33.8970    26.5217 0.0000e+00
 223.480168     69.296  34.501174     7.2026     1.0773     68.706    33.9033    26.5278 0.0000e+00
 223.480174     69.731  34.499915     7.1912     1.0786     69.137    33.9129    26.5369 0.0000e+00
 223.480179     70.180  34.498806     7.1777     1.0827     69.582    33.9247    26.5481 0.0000e+00
 223.480185     70.632  34.497463     7.1637     1.0904     70.031    33.9368    26.5596 0.0000e+00
 223.480191     71.082  34.495593     7.1529     1.0930     70.477    33.9452    26.5677 0.0000e+00
 223.480197     71.524  34.493524     7.1464     1.0922     70.915    33.9491    26.5717 0.0000e+00
 223.480203     71.952  34.492263     7.1432     1.0863     71.339    33.9506    26.5733 0.0000e+00
 223.480208     72.359  34.491841     7.1425     1.0752     71.743    33.9507    26.5735 0.0000e+00
 223.480214     72.741  34.491730     7.1432     1.0665     72.121    33.9497    26.5726 0.0000e+00
 223.480220     73.100  34.491814     7.1449     1.0628     72.477    33.9479    26.5710 0.0000e+00
 223.480226     73.447  34.491679     7.1465     1.0765     72.821    33.9460    26.5693 0.0000e+00
 223.480231     73.796  34.491180     7.1455     1.0779     73.167    33.9463    26.5696 0.0000e+00
 223.480237     74.155  34.490808     7.1418     1.0830     73.523    33.9494    26.5726 0.0000e+00
 223.480243     74.531  34.490665     7.1369     1.1028     73.896    33.9538    26.5768 0.0000e+00
 223.480249     74.929  34.490033     7.1318     1.1140     74.290    33.9580    26.5807 0.0000e+00
 223.480255     75.350  34.488663     7.1281     1.1475     74.707    33.9599    26.5828 0.0000e+00
 223.480260     75.782  34.488685     7.1272     1.1587     75.136    33.9606    26.5835 0.0000e+00
 223.480266     76.214  34.491843     7.1289     1.1659     75.564    33.9622    26.5845 0.0000e+00
 223.480272     76.643  34.497336     7.1319     1.1583     75.989    33.9650    26.5863 0.0000e+00
 223.480278     77.070  34.504113     7.1350     1.1494     76.413    33.9692    26.5891 0.0000e+00
 223.480284     77.499  34.510597     7.1379     1.1418     76.838    33.9732    26.5919 0.0000e+00
 223.480289     77.929  34.514817     7.1400     1.1319     77.264    33.9755    26.5935 0.0000e+00
 223.480295     78.362  34.516831     7.1412     1.1294     77.693    33.9763    26.5939 0.0000e+00
 223.480301     78.802  34.517676     7.1416     1.1331     78.129    33.9767    26.5941 0.0000e+00
 223.480307     79.244  34.517952     7.1418     1.1356     78.568    33.9766    26.5940 0.0000e+00
 223.480313     79.684  34.518062     7.1420     1.1358     79.004    33.9763    26.5938 0.0000e+00
 223.480318     80.115  34.518184     7.1422     1.1332     79.431    33.9760    26.5935 0.0000e+00
 223.480324     80.534  34.518515     7.1426     1.1283     79.846    33.9758    26.5933 0.0000e+00
 223.480330     80.947  34.518970     7.1429     1.1370     80.256    33.9758    26.5933 0.0000e+00
 223.480336     81.363  34.519070     7.1428     1.1396     80.668    33.9758    26.5933 0.0000e+00
 223.480341     81.791  34.518982     7.1426     1.1397     81.092    33.9756    26.5932 0.0000e+00
 223.480347     82.232  34.519185     7.1426     1.1372     81.529    33.9757    26.5932 0.0000e+00
 223.480353     82.681  34.519423     7.1427     1.1149     81.975    33.9756    26.5932 0.0000e+00
 223.480359     83.136  34.519485     7.1428     1.1100     82.426    33.9753    26.5930 0.0000e+00
 223.480365     83.596  34.519489     7.1430     1.1100     82.882    33.9749    26.5926 0.0000e+00
 223.480370     84.052  34.519474     7.1429     1.1151     83.334    33.9748    26.5925 0.0000e+00
 223.480376     84.498  34.519452     7.1427     1.1167     83.776    33.9747    26.5925 0.0000e+00
 223.480382     84.941  34.519428     7.1426     1.1142     84.215    33.9746    26.5925 0.0000e+00
 223.480388     85.385  34.519403     7.1424     1.1142     84.655    33.9745    26.5924 0.0000e+00
 223.480394     85.822  34.519377     7.1420     1.1168     85.088    33.9747    26.5926 0.0000e+00
 223.480399     86.250  34.519352     7.1418     1.1219     85.512    33.9747    26.5926 0.0000e+00
 223.480405     86.672  34.519327     7.1418     1.1220     85.931    33.9744    26.5925 0.0000e+00
 223.480411     87.088  34.519301     7.1418     1.1221     86.343    33.9742    26.5923 0.0000e+00
 223.480417     87.499  34.519275     7.1420     1.1135     86.750    33.9738    26.5919 0.0000e+00
 223.480422     87.910  34.519249     7.1423     1.1111     87.158    33.9732    26.5915 0.0000e+00
 223.480428     88.326  34.519224     7.1429     1.1111     87.570    33.9724    26.5907 0.0000e+00
 223.480434     88.738  34.519199     7.1434     1.1051     87.978    33.9717    26.5901 0.0000e+00
 223.480440     89.138  34.519174     7.1432     1.1076     88.375    33.9717    26.5901 0.0000e+00
 223.480446     89.532  34.519148     7.1424     1.1077     88.766    33.9722    26.5907 0.0000e+00
 223.480451     89.925  34.519122     7.1418     1.1016     89.155    33.9726    26.5911 0.0000e+00
 223.480457     90.332  34.519096     7.1415     1.1042     89.558    33.9727    26.5912 0.0000e+00
 223.480463     90.756  34.519070     7.1414     1.0956     89.979    33.9725    26.5911 0.0000e+00
 223.480469     91.185  34.519045     7.1416     1.1043     90.404    33.9721    26.5907 0.0000e+00
 223.480475     91.613  34.519021     7.1419     1.1120     90.828    33.9716    26.5903 0.0000e+00
 223.480480     92.036  34.518997     7.1420     1.1146     91.248    33.9712    26.5900 0.0000e+00
 223.480486     92.448  34.518975     7.1419     1.1085     91.656    33.9711    26.5899 0.0000e+00
 223.480492     92.845  34.518961     7.1420     1.1183     92.049    33.9708    26.5897 0.0000e+00
 223.480498     93.231  34.518967     7.1421     1.1148     92.432    33.9705    26.5894 0.0000e+00
 223.480503     93.612  34.519038     7.1420     1.1062     92.810    33.9705    26.5894 0.0000e+00
 223.480509     93.996  34.519303     7.1418     1.1038     93.190    33.9708    26.5897 0.0000e+00
 223.480515     94.391  34.519588     7.1418     1.0962     93.582    33.9709    26.5898 0.0000e+00
 223.480521     94.800  34.519749     7.1421     1.1039     93.987    33.9706    26.5895 0.0000e+00
 223.480527     95.218  34.520035     7.1422     1.1005     94.402    33.9706    26.5895 0.0000e+00
 223.480532     95.644  34.520299     7.1420     1.0980     94.824    33.9709    26.5898 0.0000e+00
 223.480538     96.077  34.520367     7.1417     1.0893     95.253    33.9711    26.5899 0.0000e+00
 223.480544     96.520  34.520365     7.1416     1.0893     95.692    33.9709    26.5899 0.0000e+00
 223.480550     96.971  34.520322     7.1414     1.0944     96.139    33.9709    26.5898 0.0000e+00
 223.480556     97.421  34.520217     7.1409     1.0797     96.585    33.9710    26.5900 0.0000e+00
 223.480561     97.863  34.519941     7.1405     1.0884     97.023    33.9709    26.5900 0.0000e+00
 223.480567     98.300  34.519720     7.1401     1.0911     97.456    33.9709    26.5900 0.0000e+00
 223.480573     98.731  34.519854     7.1396     1.0875     97.884    33.9713    26.5904 0.0000e+00
 223.480579     99.147  34.519995     7.1393     1.1013     98.296    33.9715    26.5907 0.0000e+00
 223.480584     99.541  34.519803     7.1395     1.0997     98.686    33.9709    26.5902 0.0000e+00
 223.480590     99.904  34.519617     7.1400     1.1019     99.046    33.9701    26.5894 0.0000e+00
 223.480596    100.233  34.519784     7.1405     1.1046     99.372    33.9696    26.5890 0.0000e+00
 223.480602    100.537  34.519998     7.1408     1.0998     99.674    33.9694    26.5888 0.0000e+00
 223.480608    100.826  34.520021     7.1407     1.0903     99.960    33.9694    26.5888 0.0000e+00
