data/oxygen options/OCNMS/OCNMS2/raw_data/2006/CTD_TH080_062006faed.cnv
* Sea-Bird SBE19 Data File:
* FileName = C:\Hypoxia Data\CTD_TH080_062006.hex
* Software Version 1.1.8
* Temperature SN = 2997
* Conductivity SN = 2997
* System UpLoad Time = Jun 20 2006 12:00:25
* SEACAT PROFILER V3.1c SN 2997   06/20/06  11:59:26.504
* strain gauge pressure sensor: S/N = 184829,  range = 3000 psia,  tc = 40
# nquan = 9                                 
# nvalues = 756                         
# units = specified
# name 0 = timeJ: Julian Days
# name 1 = prSM: Pressure, Strain Gauge [db]
# name 2 = c0mS/cm: Conductivity [mS/cm]
# name 3 = t090C: Temperature [ITS-90, deg C]
# name 4 = oxML/L: Oxygen, Beckman/YSI [ml/l]
# name 5 = depSM: Depth [salt water, m], lat = 47.5
# name 6 = sal00: Salinity, Practical [PSU]
# name 7 = sigma-é00: Density [sigma-theta, kg/m^3]
# name 8 = flag: flag
# span 0 = 171.486586, 171.490955       
# span 1 =     -4.867,     79.964       
# span 2 =   1.037242,  37.364769       
# span 3 =     7.8356,    13.3700       
# span 4 =   -0.74947,   34.20934       
# span 5 =     -4.826,     79.281       
# span 6 =     0.6725,    33.7826       
# span 7 =    -0.1377,    26.3427       
# span 8 = 0.0000e+00, 0.0000e+00       
# interval = seconds: 0.5
# start_time = Jun 20 2006 11:40:41 [Instrument's time stamp, header]
# bad_flag = -9.990e-29
*END*
[from data line 321]
 171.488443      1.209  37.345872    13.3416    5.98792      1.199    31.2882    23.4524 -9.990e-29
 171.488449      1.219  37.346617    13.3427    5.98971      1.209    31.2880    23.4520 -9.990e-29
 171.488455      1.237  37.347771    13.3440    5.99222      1.227    31.2880    23.4518 -9.990e-29
 171.488461      1.256  37.348634    13.3447    5.98574      1.246    31.2883    23.4518 -9.990e-29
 171.488466      1.269  37.348681    13.3452    5.98230      1.258    31.2879    23.4514 -9.990e-29
 171.488472      1.272  37.349102    13.3463    5.97382      1.261    31.2874    23.4508 -9.990e-29
 171.488478      1.269  37.350465    13.3484    5.98037      1.258    31.2869    23.4500 -9.990e-29
 171.488484      1.265  37.352352    13.3508    5.99334      1.254    31.2867    23.4494 -9.990e-29
 171.488490      1.263  37.354478    13.3517    5.99666      1.252    31.2880    23.4502 -9.990e-29
 171.488495      1.273  37.355197    13.3495    6.00498      1.262    31.2904    23.4525 -9.990e-29
 171.488501      1.295  37.351549    13.3434    5.99470      1.284    31.2920    23.4550 -9.990e-29
 171.488507      1.317  37.342605    13.3354    5.98457      1.306    31.2903    23.4552 -9.990e-29
 171.488513      1.327  37.331593    13.3310    5.98779      1.316    31.2836    23.4509 -9.990e-29
 171.488519      1.323  37.326838    13.3334    5.98799      1.312    31.2772    23.4455 -9.990e-29
 171.488524      1.309  37.332104    13.3383    5.99215      1.298    31.2781    23.4452 -9.990e-29
 171.488530      1.291  37.339270    13.3402    5.99681      1.280    31.2832    23.4488 -9.990e-29
 171.488536      1.278  37.342188    13.3388    5.99416      1.267    31.2871    23.4521 -9.990e-29
 171.488542      1.272  37.341392    13.3368    5.99226      1.261    31.2880    23.4531 -9.990e-29
 171.488547      1.269  37.339754    13.3361    5.98595      1.258    31.2870    23.4525 -9.990e-29
 171.488553      1.265  37.340146    13.3363    5.97686      1.254    31.2872    23.4527 -9.990e-29
 171.488559      1.264  37.341413    13.3372    5.97509      1.253    31.2877    23.4528 -9.990e-29
 171.488565      1.270  37.341883    13.3383    5.97635      1.259    31.2872    23.4523 -9.990e-29
 171.488571      1.283  37.341629    13.3379    5.98719      1.272    31.2873    23.4524 -9.990e-29
 171.488576      1.304  37.339760    13.3347    5.99167      1.293    31.2882    23.4537 -9.990e-29
 171.488582      1.330  37.335475    13.3298    5.99249      1.319    31.2882    23.4547 -9.990e-29
 171.488588      1.354  37.329798    13.3264    5.99244      1.343    31.2857    23.4534 -9.990e-29
 171.488594      1.370  37.326386    13.3265    5.99686      1.359    31.2824    23.4509 -9.990e-29
 171.488600      1.374  37.327988    13.3287    5.99738      1.363    31.2821    23.4502 -9.990e-29
 171.488605      1.366  37.331696    13.3309    5.98933      1.355    31.2838    23.4510 -9.990e-29
 171.488611      1.350  37.334606    13.3327    5.97883      1.339    31.2850    23.4516 -9.990e-29
 171.488617      1.333  37.337238    13.3346    5.97357      1.322    31.2859    23.4520 -9.990e-29
 171.488623      1.319  37.339743    13.3365    5.97789      1.308    31.2867    23.4522 -9.990e-29
 171.488628      1.312  37.341541    13.3375    5.98639      1.301    31.2875    23.4527 -9.990e-29
 171.488634      1.318  37.341109    13.3359    5.98976      1.307    31.2884    23.4537 -9.990e-29
 171.488640      1.340  37.336756    13.3320    5.99542      1.329    31.2876    23.4538 -9.990e-29
 171.488646      1.364  37.331103    13.3294    5.99028      1.353    31.2844    23.4519 -9.990e-29
 171.488652      1.380  37.329521    13.3306    5.98324      1.368    31.2820    23.4497 -9.990e-29
 171.488657      1.385  37.333272    13.3340    5.97928      1.373    31.2827    23.4496 -9.990e-29
 171.488663      1.383  37.338387    13.3369    5.97847      1.371    31.2851    23.4509 -9.990e-29
 171.488669      1.383  37.341032    13.3372    5.98233      1.371    31.2873    23.4525 -9.990e-29
 171.488675      1.389  37.340253    13.3320    5.97841      1.377    31.2908    23.4563 -9.990e-29
 171.488681      1.400  37.332775    13.3226    5.97710      1.388    31.2916    23.4587 -9.990e-29
 171.488686      1.419  37.318172    13.3152    5.97890      1.407    31.2840    23.4543 -9.990e-29
 171.488692      1.442  37.306715    13.3110    5.98205      1.430    31.2768    23.4496 -9.990e-29
 171.488698      1.462  37.304639    13.3078    5.99365      1.450    31.2775    23.4507 -9.990e-29
 171.488704      1.471  37.306933    13.3055    6.00319      1.459    31.2815    23.4543 -9.990e-29
 171.488709      1.466  37.306176    13.3053    5.99877      1.454    31.2810    23.4539 -9.990e-29
 171.488715      1.451  37.303595    13.3074    5.99445      1.439    31.2768    23.4503 -9.990e-29
 171.488721      1.434  37.306023    13.3110    5.98636      1.422    31.2762    23.4491 -9.990e-29
 171.488727      1.421  37.311075    13.3144    5.98212      1.409    31.2781    23.4499 -9.990e-29
 171.488733      1.417  37.315943    13.3156    5.98661      1.405    31.2816    23.4524 -9.990e-29
 171.488738      1.420  37.319251    13.3134    5.98129      1.408    31.2865    23.4566 -9.990e-29
 171.488744      1.432  37.316426    13.3078    5.98919      1.420    31.2885    23.4592 -9.990e-29
 171.488750      1.449  37.309301    13.3009    5.99837      1.437    31.2875    23.4598 -9.990e-29
 171.488756      1.463  37.302952    13.2965    6.00050      1.451    31.2852    23.4589 -9.990e-29
 171.488762      1.470  37.299562    13.2969    5.99291      1.458    31.2817    23.4561 -9.990e-29
 171.488767      1.468  37.300211    13.3024    5.97867      1.456    31.2778    23.4520 -9.990e-29
 171.488773      1.452  37.305192    13.3115    5.98216      1.440    31.2750    23.4481 -9.990e-29
 171.488779      1.428  37.311598    13.3197    5.98904      1.416    31.2742    23.4459 -9.990e-29
 171.488785      1.414  37.317302    13.3224    6.00089      1.402    31.2773    23.4477 -9.990e-29
 171.488791      1.420  37.320924    13.3183    6.00883      1.408    31.2841    23.4537 -9.990e-29
 171.488796      1.443  37.318309    13.3104    5.99360      1.431    31.2881    23.4584 -9.990e-29
 171.488802      1.467  37.312134    13.3056    5.98221      1.455    31.2863    23.4580 -9.990e-29
 171.488808      1.485  37.310425    13.3077    5.97607      1.473    31.2829    23.4550 -9.990e-29
 171.488814      1.499  37.314256    13.3136    5.97686      1.486    31.2817    23.4528 -9.990e-29
 171.488819      1.513  37.319187    13.3173    5.99134      1.500    31.2832    23.4533 -9.990e-29
 171.488825      1.537  37.321684    13.3145    5.99052      1.524    31.2878    23.4574 -9.990e-29
 171.488831      1.572  37.318335    13.3065    5.98827      1.559    31.2913    23.4617 -9.990e-29
 171.488837      1.608  37.308032    13.3004    5.98737      1.595    31.2867    23.4593 -9.990e-29
 171.488843      1.638  37.300030    13.3002    5.98815      1.624    31.2794    23.4537 -9.990e-29
 171.488848      1.670  37.301040    13.3025    5.99833      1.656    31.2784    23.4525 -9.990e-29
 171.488854      1.708  37.304544    13.3031    6.00931      1.694    31.2812    23.4545 -9.990e-29
 171.488860      1.756  37.306228    13.3017    6.02851      1.741    31.2839    23.4569 -9.990e-29
 171.488866      1.816  37.307205    13.2997    6.02746      1.801    31.2864    23.4592 -9.990e-29
 171.488872      1.893  37.307645    13.2983    5.99597      1.877    31.2879    23.4607 -9.990e-29
 171.488877      1.991  37.308127    13.2977    5.95191      1.974    31.2888    23.4615 -9.990e-29
 171.488883      2.117  37.308721    13.2963    5.91830      2.099    31.2905    23.4631 0.0000e+00
 171.488889      2.282  37.307401    13.2905    5.90338      2.263    31.2940    23.4669 0.0000e+00
 171.488895      2.502  37.301278    13.2747    5.90496      2.481    31.3011    23.4756 0.0000e+00
 171.488900      2.777  37.285543    13.2421    5.90207      2.754    31.3132    23.4913 0.0000e+00
 171.488906      3.099  37.252670    13.1882    5.89990      3.073    31.3267    23.5123 0.0000e+00
 171.488912      3.464  37.199774    13.1190    5.93270      3.435    31.3341    23.5316 0.0000e+00
 171.488918      3.865  37.141031    13.0523    6.03161      3.833    31.3340    23.5445 0.0000e+00
 171.488924      4.296  37.096841    13.0014    6.13145      4.260    31.3344    23.5547 0.0000e+00
 171.488929      4.756  37.069975    12.9662    6.06249      4.716    31.3381    23.5644 0.0000e+00
 171.488935      5.235  37.053199    12.9421    5.74389      5.191    31.3421    23.5721 0.0000e+00
 171.488941      5.725  37.044324    12.9236    5.38519      5.677    31.3489    23.5809 0.0000e+00
 171.488947      6.223  37.042157    12.9027    5.15968      6.171    31.3640    23.5967 0.0000e+00
 171.488953      6.727  37.042111    12.8625    5.06644      6.671    31.3971    23.6300 0.0000e+00
 171.488958      7.234  37.032328    12.7579    5.05180      7.173    31.4747    23.7102 0.0000e+00
 171.488964      7.742  36.991334    12.5036    5.02271      7.677    31.6486    23.8934 0.0000e+00
 171.488970      8.254  36.846504    12.0367    4.98270      8.185    31.9058    24.1804 0.0000e+00
 171.488976      8.773  36.496157    11.4528    4.97148      8.700    32.0686    24.4134 0.0000e+00
 171.488981      9.292  36.022333    10.9666    4.99747      9.214    32.0258    24.4664 0.0000e+00
 171.488987      9.806  35.669961    10.6802    5.04193      9.724    31.9264    24.4387 0.0000e+00
 171.488993     10.310  35.519922    10.5359    5.10473     10.224    31.9030    24.4451 0.0000e+00
 171.488999     10.796  35.471904    10.4596    5.19575     10.706    31.9217    24.4726 0.0000e+00
 171.489005     11.271  35.452860    10.4188    5.28505     11.177    31.9382    24.4924 0.0000e+00
 171.489010     11.746  35.448031    10.4001    5.37939     11.648    31.9496    24.5045 0.0000e+00
 171.489016     12.232  35.454324    10.3943    5.47442     12.130    31.9608    24.5142 0.0000e+00
 171.489022     12.729  35.469458    10.3955    5.60710     12.622    31.9747    24.5248 0.0000e+00
 171.489028     13.238  35.496210    10.3997    5.78401     13.127    31.9976    24.5419 0.0000e+00
 171.489034     13.763  35.530976    10.3979    5.98054     13.648    32.0338    24.5704 0.0000e+00
 171.489039     14.301  35.558401    10.3741    6.16979     14.181    32.0820    24.6121 0.0000e+00
 171.489045     14.853  35.571292    10.3189    6.30667     14.729    32.1435    24.6693 0.0000e+00
 171.489051     15.416  35.573926    10.2460    6.37505     15.287    32.2105    24.7338 0.0000e+00
 171.489057     15.983  35.572603    10.1805    6.42279     15.849    32.2672    24.7890 0.0000e+00
 171.489062     16.547  35.568344    10.1299    6.45710     16.408    32.3077    24.8291 0.0000e+00
 171.489068     17.105  35.556563    10.0819    6.48654     16.962    32.3385    24.8610 0.0000e+00
 171.489074     17.654  35.532746    10.0264    6.50939     17.506    32.3638    24.8900 0.0000e+00
 171.489080     18.187  35.498773     9.9650    6.50870     18.034    32.3842    24.9161 0.0000e+00
 171.489086     18.698  35.460369     9.9028    6.50796     18.541    32.4008    24.9393 0.0000e+00
 171.489091     19.191  35.417911     9.8409    6.48478     19.030    32.4131    24.9591 0.0000e+00
 171.489097     19.674  35.374780     9.7820    6.46752     19.509    32.4220    24.9757 0.0000e+00
 171.489103     20.159  35.339631     9.7314    6.44931     19.990    32.4315    24.9914 0.0000e+00
 171.489109     20.649  35.312132     9.6896    6.43346     20.476    32.4410    25.0056 0.0000e+00
 171.489115     21.150  35.286446     9.6554    6.42792     20.972    32.4454    25.0146 0.0000e+00
 171.489120     21.659  35.261956     9.6286    6.42397     21.477    32.4443    25.0182 0.0000e+00
 171.489126     22.172  35.238521     9.6023    6.41261     21.986    32.4439    25.0221 0.0000e+00
 171.489132     22.689  35.208995     9.5695    6.41897     22.498    32.4431    25.0268 0.0000e+00
 171.489138     23.215  35.175498     9.5359    6.43029     23.020    32.4390    25.0289 0.0000e+00
 171.489144     23.747  35.152245     9.5106    6.42478     23.547    32.4378    25.0321 0.0000e+00
 171.489149     24.287  35.140182     9.4929    6.41530     24.083    32.4412    25.0376 0.0000e+00
 171.489155     24.834  35.131060     9.4782    6.38282     24.625    32.4449    25.0429 0.0000e+00
 171.489161     25.389  35.121674     9.4659    6.35942     25.176    32.4462    25.0458 0.0000e+00
 171.489167     25.952  35.112956     9.4565    6.36013     25.734    32.4455    25.0468 0.0000e+00
 171.489172     26.521  35.105608     9.4462    6.35967     26.298    32.4470    25.0497 0.0000e+00
 171.489178     27.089  35.095988     9.4262    6.35618     26.861    32.4550    25.0591 0.0000e+00
 171.489184     27.650  35.079107     9.3906    6.35042     27.417    32.4697    25.0763 0.0000e+00
 171.489190     28.196  35.052074     9.3473    6.34618     27.959    32.4810    25.0920 0.0000e+00
 171.489196     28.728  35.019771     9.3105    6.35759     28.486    32.4809    25.0978 0.0000e+00
 171.489201     29.255  34.991831     9.2832    6.36257     29.009    32.4767    25.0988 0.0000e+00
 171.489207     29.779  34.970801     9.2594    6.34962     29.528    32.4764    25.1024 0.0000e+00
 171.489213     30.304  34.953301     9.2365    6.32329     30.049    32.4790    25.1080 0.0000e+00
 171.489219     30.834  34.935610     9.2162    6.31082     30.574    32.4789    25.1112 0.0000e+00
 171.489225     31.363  34.918244     9.1986    6.29405     31.099    32.4768    25.1123 0.0000e+00
 171.489230     31.887  34.903828     9.1813    6.28663     31.618    32.4774    25.1155 0.0000e+00
 171.489236     32.409  34.891075     9.1598    6.30054     32.136    32.4836    25.1237 0.0000e+00
 171.489242     32.936  34.872500     9.1265    6.29917     32.659    32.4945    25.1375 0.0000e+00
 171.489248     33.473  34.837904     9.0828    6.29479     33.191    32.4983    25.1473 0.0000e+00
 171.489253     34.019  34.792744     9.0416    6.28017     33.732    32.4888    25.1463 0.0000e+00
 171.489259     34.570  34.753059     9.0086    6.26743     34.279    32.4776    25.1426 0.0000e+00
 171.489265     35.118  34.718075     8.9786    6.24941     34.822    32.4684    25.1401 0.0000e+00
 171.489271     35.660  34.683748     8.9449    6.22824     35.359    32.4633    25.1413 0.0000e+00
 171.489277     36.197  34.655887     8.9054    6.21505     35.892    32.4702    25.1528 0.0000e+00
 171.489282     36.727  34.633782     8.8648    6.22084     36.417    32.4841    25.1700 0.0000e+00
 171.489288     37.251  34.610935     8.8245    6.23474     36.937    32.4969    25.1863 0.0000e+00
 171.489294     37.763  34.580421     8.7856    6.24683     37.444    32.5005    25.1950 0.0000e+00
 171.489300     38.257  34.542474     8.7542    6.25296     37.934    32.4895    25.1912 0.0000e+00
 171.489306     38.739  34.505365     8.7262    6.24476     38.412    32.4762    25.1851 0.0000e+00
 171.489311     39.219  34.474555     8.6936    6.24010     38.888    32.4737    25.1881 0.0000e+00
 171.489317     39.700  34.453252     8.6631    6.22687     39.365    32.4792    25.1970 0.0000e+00
 171.489323     40.188  34.440517     8.6423    6.21705     39.849    32.4847    25.2045 0.0000e+00
 171.489329     40.685  34.432250     8.6299    6.21822     40.341    32.4872    25.2083 0.0000e+00
 171.489334     41.182  34.426385     8.6237    6.21228     40.834    32.4866    25.2088 0.0000e+00
 171.489340     41.674  34.422938     8.6206    6.19768     41.322    32.4856    25.2085 0.0000e+00
 171.489346     42.161  34.420664     8.6158    6.16532     41.805    32.4874    25.2106 0.0000e+00
 171.489352     42.649  34.416520     8.6062    6.13583     42.289    32.4916    25.2154 0.0000e+00
 171.489358     43.144  34.408894     8.5919    6.09292     42.779    32.4966    25.2214 0.0000e+00
