data/oxygen options/OCNMS/OCNMS2/raw_data/2006/CTD_TH035_062006faedb.cnv
* Sea-Bird SBE19 Data File:
* FileName = C:\Hypoxia Data\CTDS_TH035_062006.hex
* Software Version 1.1.8
* Temperature SN = 2997
* Conductivity SN = 2997
* System UpLoad Time = Jun 20 2006 12:59:04
* SEACAT PROFILER V3.1c SN 2997   06/20/06  12:58:04.970
* strain gauge pressure sensor: S/N = 184829,  range = 3000 psia,  tc = 40
# nquan = 9
# nvalues = 34                          
# units = specified
# name 0 = timeJ: Julian Days
# name 1 = prSM: Pressure, Strain Gauge [db]
# name 2 = c0mS/cm: Conductivity [mS/cm]
# name 3 = t090C: Temperature [ITS-90, deg C]
# name 4 = oxML/L: Oxygen, Beckman/YSI [ml/l]
# name 5 = depSM: Depth [salt water, m], lat = 47.5
# name 6 = sal00: Salinity, Practical [PSU]
# name 7 = sigma-é00: Density [sigma-theta, kg/m^3]
# name 8 = flag: flag
# span 0 =  12.161295, 171.527115       
# span 1 =      0.238,     35.000       
# span 2 =   2.675171,  37.608968       
# span 3 =     1.0021,    13.8227       
# span 4 =    0.42002,    5.72559       
# span 5 =      0.236,     34.705       
# span 6 =     2.1979,    33.5623       
# span 7 =     1.6357,    26.1585       
# span 8 = 0.0000e+00, 0.0000e+00       
# interval = decibars: 1                
# start_time = Jun 20 2006 12:35:04 [Instrument's time stamp, header]
# bad_flag = -9.990e-29
*END*
  12.161295      1.000   2.675171     1.0021    0.42002      0.236     2.1979     1.6357 0.0000e+00
 153.354223      3.000  33.733970    12.6364    5.29651      2.975    27.7153    20.6264 0.0000e+00
 171.526714      4.000  37.608968    13.8227    5.72559      3.966    31.1384    23.2407 0.0000e+00
 171.526731      5.000  37.356294    13.2511    5.43917      4.958    31.3711    23.5343 0.0000e+00
 171.526744      6.000  37.157626    12.8551    5.13200      5.949    31.5125    23.7208 0.0000e+00
 171.526756      7.000  36.977542    12.5298    4.92420      6.941    31.6138    23.8614 0.0000e+00
 171.526767      8.000  36.799924    12.1968    4.80332      7.933    31.7250    24.0103 0.0000e+00
 171.526779      9.000  36.615146    11.8557    4.74696      8.925    31.8371    24.1604 0.0000e+00
 171.526790     10.000  36.461727    11.6041    4.57457      9.916    31.9038    24.2581 0.0000e+00
 171.526802     11.000  36.362484    11.4274    4.18364     10.908    31.9591    24.3329 0.0000e+00
 171.526813     12.000  36.256745    11.2021    3.86778     11.900    32.0505    24.4442 0.0000e+00
 171.526826     13.000  36.054139    10.7361    3.55726     12.891    32.2583    24.6874 0.0000e+00
 171.526837     14.000  35.694006    10.0223    3.30576     13.883    32.5324    25.0221 0.0000e+00
 171.526850     15.000  35.399956     9.5544    3.22283     14.874    32.6558    25.1953 0.0000e+00
 171.526862     16.000  35.287278     9.2673    3.12516     15.866    32.8020    25.3555 0.0000e+00
 171.526874     17.000  35.174102     8.9798    3.07421     16.858    32.9494    25.5162 0.0000e+00
 171.526886     18.000  35.100016     8.8065    3.03745     17.849    33.0329    25.6084 0.0000e+00
 171.526896     19.000  35.016247     8.5956    3.00390     18.841    33.1419    25.7262 0.0000e+00
 171.526909     20.000  34.926929     8.4569    2.98644     19.832    33.1778    25.7753 0.0000e+00
 171.526921     21.000  34.886537     8.4179    2.99038     20.824    33.1713    25.7761 0.0000e+00
 171.526934     22.000  34.870036     8.4019    2.95596     21.815    33.1686    25.7764 0.0000e+00
 171.526946     23.000  34.857285     8.3730    2.89817     22.807    33.1818    25.7912 0.0000e+00
 171.526959     24.000  34.847047     8.3269    2.83860     23.798    33.2141    25.8234 0.0000e+00
 171.526971     25.000  34.840801     8.2224    2.75697     24.790    33.3059    25.9110 0.0000e+00
 171.526983     26.000  34.844057     8.0790    2.69153     25.781    33.4453    26.0417 0.0000e+00
 171.526996     27.000  34.842919     8.0095    2.66393     26.773    33.5102    26.1029 0.0000e+00
 171.527009     28.000  34.835398     7.9795    2.65019     27.765    33.5304    26.1231 0.0000e+00
 171.527022     29.000  34.828074     7.9624    2.63230     28.756    33.5385    26.1320 0.0000e+00
 171.527036     30.000  34.824802     7.9548    2.62345     29.747    33.5418    26.1357 0.0000e+00
 171.527051     31.000  34.822681     7.9381    2.61786     30.739    33.5551    26.1486 0.0000e+00
 171.527065     32.000  34.810326     7.9183    2.58878     31.730    33.5604    26.1557 0.0000e+00
 171.527079     33.000  34.804526     7.9094    2.57559     32.722    33.5623    26.1585 0.0000e+00
 171.527095     34.000  34.802541     7.9080    2.57464     33.714    33.5610    26.1578 0.0000e+00
 171.527115     35.000  34.808183     7.9166    2.58947     34.705    33.5584    26.1544 0.0000e+00
