data/oxygen options/OCNMS/OCNMS2/raw_data/2006/CTD_TH050_060706faed.cnv
* Sea-Bird SBE19 Data File:
* FileName = C:\Hypoxia_Data_2006\CTD_TH050_060706.hex
* Software Version 1.1.6
* Temperature SN = 2997
* Conductivity SN = 2997
* System UpLoad Time = Jun 07 2006 11:38:24
* SEACAT PROFILER V3.1c SN 2997   06/07/06  11:37:36.033
* strain gauge pressure sensor: S/N = 184829,  range = 3000 psia,  tc = 40
# nquan = 9                                 
# nvalues = 610                         
# units = specified
# name 0 = timeJ: Julian Days
# name 1 = prSM: Pressure, Strain Gauge [db]
# name 2 = c0mS/cm: Conductivity [mS/cm]
# name 3 = t090C: Temperature [ITS-90, deg C]
# name 4 = oxML/L: Oxygen, Beckman/YSI [ml/l]
# name 5 = depSM: Depth [salt water, m], lat = 47.5
# name 6 = sal00: Salinity, Practical [PSU]
# name 7 = sigma-é00: Density [sigma-theta, kg/m^3]
# name 8 = flag: flag
# span 0 = 158.479838, 158.483362       
# span 1 =     -4.855,     50.194       
# span 2 =   0.385561,  37.129526       
# span 3 =     8.4605,    15.5642       
# span 4 =   -0.07083,   32.30679       
# span 5 =     -4.815,     49.769       
# span 6 =     0.2401,    33.3248       
# span 7 =    -0.4996,    25.8787       
# span 8 = 0.0000e+00, 0.0000e+00       
# interval = seconds: 0.5
# start_time = Jun 07 2006 11:30:58 [Instrument's time stamp, header]
# bad_flag = -9.990e-29
*END*
[from data line 321]
 158.481696      1.306  32.602516    15.2422    6.55743      1.295    25.6247    18.7086 -9.990e-29
 158.481701      1.316  32.628214    15.2392    6.54002      1.305    25.6490    18.7279 -9.990e-29
 158.481707      1.323  32.638183    15.2402    6.52135      1.312    25.6570    18.7338 -9.990e-29
 158.481713      1.324  32.625542    15.2447    6.52740      1.313    25.6430    18.7222 -9.990e-29
 158.481719      1.323  32.609877    15.2498    6.55246      1.312    25.6261    18.7082 -9.990e-29
 158.481725      1.324  32.599455    15.2529    6.57074      1.313    25.6150    18.6990 -9.990e-29
 158.481730      1.328  32.597202    15.2533    6.57774      1.317    25.6128    18.6973 -9.990e-29
 158.481736      1.333  32.610211    15.2487    6.56329      1.322    25.6271    18.7092 -9.990e-29
 158.481742      1.342  32.644063    15.2388    6.54323      1.331    25.6630    18.7387 -9.990e-29
 158.481748      1.353  32.685042    15.2311    6.54992      1.342    25.7036    18.7715 -9.990e-29
 158.481753      1.365  32.698669    15.2329    6.54323      1.354    25.7143    18.7793 -9.990e-29
 158.481759      1.368  32.676212    15.2389    6.51374      1.357    25.6909    18.7601 -9.990e-29
 158.481765      1.364  32.648828    15.2408    6.50547      1.353    25.6658    18.7405 -9.990e-29
 158.481771      1.360  32.635508    15.2388    6.52717      1.349    25.6555    18.7330 -9.990e-29
 158.481777      1.360  32.630831    15.2370    6.56568      1.349    25.6527    18.7312 -9.990e-29
 158.481782      1.365  32.630810    15.2352    6.60512      1.354    25.6538    18.7324 -9.990e-29
 158.481788      1.374  32.642710    15.2288    6.59552      1.363    25.6683    18.7449 -9.990e-29
 158.481794      1.389  32.687446    15.2177    6.56456      1.377    25.7145    18.7826 -9.990e-29
 158.481800      1.406  32.768619    15.2107    6.54032      1.394    25.7897    18.8417 -9.990e-29
 158.481806      1.417  32.820134    15.2175    6.54648      1.405    25.8300    18.8713 -9.990e-29
 158.481811      1.420  32.786800    15.2339    6.56208      1.408    25.7903    18.8374 -9.990e-29
 158.481817      1.417  32.721710    15.2470    6.53395      1.405    25.7251    18.7847 -9.990e-29
 158.481823      1.419  32.676543    15.2511    6.49038      1.407    25.6832    18.7517 -9.990e-29
 158.481829      1.425  32.665077    15.2495    6.49981      1.413    25.6742    18.7452 -9.990e-29
 158.481834      1.426  32.684924    15.2496    6.53467      1.414    25.6914    18.7583 -9.990e-29
 158.481840      1.423  32.695289    15.2509    6.57366      1.411    25.6996    18.7643 -9.990e-29
 158.481846      1.425  32.700467    15.2424    6.59836      1.413    25.7096    18.7738 -9.990e-29
 158.481852      1.435  32.736518    15.2174    6.58712      1.423    25.7573    18.8155 -9.990e-29
 158.481858      1.450  32.823490    15.1858    6.57144      1.438    25.8538    18.8960 -9.990e-29
 158.481863      1.462  32.934970    15.1694    6.56754      1.450    25.9617    18.9823 -9.990e-29
 158.481869      1.468  32.968467    15.1747    6.57128      1.456    25.9874    19.0009 -9.990e-29
 158.481875      1.468  32.918192    15.1844    6.56956      1.456    25.9372    18.9604 -9.990e-29
 158.481881      1.467  32.877998    15.1862    6.57660      1.455    25.9010    18.9322 -9.990e-29
 158.481887      1.468  32.862693    15.1835    6.57955      1.456    25.8894    18.9239 -9.990e-29
 158.481892      1.468  32.856925    15.1817    6.58319      1.456    25.8856    18.9213 -9.990e-29
 158.481898      1.462  32.853009    15.1833    6.59918      1.450    25.8811    18.9175 -9.990e-29
 158.481904      1.450  32.837318    15.1849    6.59022      1.438    25.8664    18.9059 -9.990e-29
 158.481910      1.435  32.824250    15.1814    6.55716      1.423    25.8573    18.8997 -9.990e-29
 158.481916      1.425  32.818813    15.1772    6.54115      1.413    25.8554    18.8990 -9.990e-29
 158.481921      1.423  32.809839    15.1814    6.54492      1.411    25.8448    18.8900 -9.990e-29
 158.481927      1.430  32.790415    15.1939    6.57995      1.418    25.8197    18.8682 -9.990e-29
 158.481933      1.446  32.762675    15.2032    6.60730      1.434    25.7894    18.8431 -9.990e-29
 158.481939      1.472  32.743451    15.2024    6.60852      1.460    25.7732    18.8308 -9.990e-29
 158.481944      1.506  32.739071    15.1967    6.57438      1.493    25.7731    18.8319 -9.990e-29
 158.481950      1.536  32.743888    15.1955    6.55396      1.523    25.7781    18.8359 -9.990e-29
 158.481956      1.547  32.750312    15.2039    6.54769      1.534    25.7781    18.8343 -9.990e-29
 158.481962      1.536  32.745209    15.2175    6.55600      1.523    25.7648    18.8212 -9.990e-29
 158.481968      1.520  32.725097    15.2297    6.57523      1.507    25.7393    18.7992 -9.990e-29
 158.481973      1.513  32.706472    15.2377    6.57972      1.500    25.7179    18.7811 -9.990e-29
 158.481979      1.517  32.721084    15.2396    6.56950      1.504    25.7294    18.7895 -9.990e-29
 158.481985      1.522  32.756993    15.2378    6.55845      1.509    25.7618    18.8147 -9.990e-29
 158.481991      1.525  32.759462    15.2382    6.54814      1.512    25.7636    18.8161 -9.990e-29
 158.481997      1.526  32.729507    15.2426    6.53987      1.513    25.7347    18.7930 -9.990e-29
 158.482002      1.525  32.695536    15.2475    6.54269      1.512    25.7020    18.7669 -9.990e-29
 158.482008      1.525  32.661549    15.2496    6.55402      1.512    25.6711    18.7427 -9.990e-29
 158.482014      1.533  32.637689    15.2475    6.56639      1.520    25.6517    18.7283 -9.990e-29
 158.482020      1.547  32.639194    15.2417    6.56996      1.534    25.6568    18.7334 -9.990e-29
 158.482025      1.573  32.657947    15.2360    6.55554      1.560    25.6768    18.7499 -9.990e-29
 158.482031      1.612  32.679118    15.2330    6.55986      1.599    25.6972    18.7662 -9.990e-29
 158.482037      1.660  32.697829    15.2333    6.54873      1.646    25.7132    18.7784 -9.990e-29
 158.482043      1.714  32.699752    15.2368    6.50133      1.700    25.7126    18.7772 -9.990e-29
 158.482049      1.777  32.677886    15.2406    6.43080      1.762    25.6911    18.7599 -9.990e-29
 158.482054      1.859  32.653488    15.2410    6.34776      1.843    25.6696    18.7434 -9.990e-29
 158.482060      1.968  32.646687    15.2371    6.29067      1.952    25.6662    18.7416 -9.990e-29
 158.482066      2.108  32.657348    15.2264    6.25466      2.090    25.6824    18.7562 0.0000e+00
 158.482072      2.282  32.689562    15.1972    6.21114      2.263    25.7294    18.7983 0.0000e+00
 158.482078      2.502  32.781199    15.1230    6.19328      2.481    25.8579    18.9121 0.0000e+00
 158.482083      2.778  32.995550    14.9869    6.21154      2.755    26.1354    19.1529 0.0000e+00
 158.482089      3.110  33.332486    14.8081    6.27410      3.084    26.5518    19.5091 0.0000e+00
 158.482095      3.490  33.730508    14.6192    6.34133      3.461    27.0334    19.9175 0.0000e+00
 158.482101      3.906  34.178679    14.4346    6.39290      3.873    27.5619    20.3612 0.0000e+00
 158.482106      4.352  34.699230    14.2484    6.39985      4.316    28.1622    20.8607 0.0000e+00
 158.482112      4.816  35.274018    14.0712    6.37793      4.776    28.8116    21.3964 0.0000e+00
 158.482118      5.292  35.803482    13.9395    6.34981      5.248    29.3919    21.8700 0.0000e+00
 158.482124      5.773  36.167922    13.8675    6.33058      5.725    29.7797    22.1835 0.0000e+00
 158.482130      6.257  36.374742    13.8324    6.30088      6.205    29.9961    22.3574 0.0000e+00
 158.482135      6.744  36.511162    13.8020    6.27328      6.688    30.1448    22.4782 0.0000e+00
 158.482141      7.240  36.623274    13.7532    6.23510      7.179    30.2859    22.5969 0.0000e+00
 158.482147      7.746  36.721399    13.6822    6.20262      7.681    30.4322    22.7239 0.0000e+00
 158.482153      8.261  36.802812    13.6005    6.17052      8.192    30.5722    22.8482 0.0000e+00
 158.482159      8.786  36.864381    13.5180    6.11684      8.712    30.6950    22.9594 0.0000e+00
 158.482164      9.322  36.901748    13.4386    6.06553      9.244    30.7933    23.0510 0.0000e+00
 158.482170      9.859  36.918677    13.3686    6.05502      9.776    30.8654    23.1205 0.0000e+00
 158.482176     10.393  36.934879    13.3149    6.08403     10.306    30.9238    23.1762 0.0000e+00
 158.482182     10.919  36.963488    13.2773    6.15541     10.828    30.9808    23.2276 0.0000e+00
 158.482188     11.429  36.999958    13.2428    6.23018     11.333    31.0427    23.2823 0.0000e+00
 158.482193     11.919  37.024981    13.1928    6.27494     11.819    31.1067    23.3415 0.0000e+00
 158.482199     12.397  37.026993    13.1290    6.32092     12.293    31.1607    23.3957 0.0000e+00
 158.482205     12.866  37.018167    13.0732    6.34825     12.758    31.1981    23.4355 0.0000e+00
 158.482211     13.331  37.013616    13.0312    6.39515     13.219    31.2282    23.4670 0.0000e+00
 158.482216     13.795  37.016193    12.9923    6.42917     13.679    31.2625    23.5010 0.0000e+00
 158.482222     14.271  37.024797    12.9556    6.44381     14.151    31.3007    23.5377 0.0000e+00
 158.482228     14.776  37.041875    12.9275    6.41998     14.652    31.3398    23.5734 0.0000e+00
 158.482234     15.313  37.068833    12.9090    6.35321     15.185    31.3803    23.6083 0.0000e+00
 158.482240     15.868  37.098929    12.8961    6.29934     15.735    31.4191    23.6409 0.0000e+00
 158.482245     16.430  37.121749    12.8816    6.26219     16.292    31.4524    23.6695 0.0000e+00
 158.482251     16.995  37.129526    12.8537    6.26375     16.852    31.4828    23.6983 0.0000e+00
 158.482257     17.567  37.112947    12.7961    6.28891     17.420    31.5149    23.7343 0.0000e+00
 158.482263     18.142  37.065573    12.6975    6.30021     17.990    31.5522    23.7821 0.0000e+00
 158.482269     18.714  36.987591    12.5573    6.31282     18.557    31.5955    23.8424 0.0000e+00
 158.482274     19.281  36.879324    12.3914    6.33685     19.119    31.6318    23.9019 0.0000e+00
 158.482280     19.841  36.759612    12.2328    6.34047     19.674    31.6510    23.9466 0.0000e+00
 158.482286     20.386  36.658392    12.1103    6.29306     20.215    31.6574    23.9743 0.0000e+00
 158.482292     20.913  36.583686    12.0270    6.21529     20.737    31.6560    23.9887 0.0000e+00
 158.482297     21.429  36.527816    11.9593    6.11292     21.249    31.6595    24.0039 0.0000e+00
 158.482303     21.951  36.478497    11.8817    5.98141     21.767    31.6776    24.0322 0.0000e+00
 158.482309     22.485  36.426016    11.7925    5.87150     22.296    31.7027    24.0680 0.0000e+00
 158.482315     23.031  36.371033    11.6884    5.76641     22.838    31.7381    24.1144 0.0000e+00
 158.482321     23.590  36.303573    11.5533    5.60551     23.392    31.7880    24.1776 0.0000e+00
 158.482326     24.155  36.204314    11.3885    5.46159     23.952    31.8326    24.2419 0.0000e+00
 158.482332     24.709  36.074922    11.2036    5.30574     24.501    31.8653    24.3002 0.0000e+00
 158.482338     25.251  35.931287    10.9914    5.16256     25.039    31.9076    24.3705 0.0000e+00
 158.482344     25.792  35.780397    10.7411    5.08261     25.575    31.9762    24.4673 0.0000e+00
 158.482350     26.342  35.636388    10.4673    4.95827     26.120    32.0728    24.5893 0.0000e+00
 158.482355     26.896  35.517512    10.2060    4.82726     26.670    32.1843    24.7203 0.0000e+00
 158.482361     27.449  35.423917     9.9954    4.69180     27.218    32.2771    24.8277 0.0000e+00
 158.482367     27.991  35.357479     9.8521    4.56194     27.756    32.3377    24.8986 0.0000e+00
 158.482373     28.514  35.310856     9.7651    4.45681     28.274    32.3682    24.9367 0.0000e+00
 158.482378     29.014  35.272287     9.7055    4.35463     28.770    32.3823    24.9574 0.0000e+00
 158.482384     29.501  35.244126     9.6292    4.28071     29.253    32.4221    25.0008 0.0000e+00
 158.482390     29.996  35.214576     9.4952    4.25205     29.743    32.5129    25.0934 0.0000e+00
 158.482396     30.511  35.160459     9.2998    4.29216     30.254    32.6349    25.2199 0.0000e+00
 158.482402     31.043  35.076315     9.0837    4.36417     30.782    32.7457    25.3407 0.0000e+00
 158.482407     31.593  34.974959     8.8877    4.41726     31.327    32.8208    25.4300 0.0000e+00
 158.482413     32.152  34.865312     8.7254    4.42580     31.881    32.8564    25.4828 0.0000e+00
 158.482419     32.708  34.759812     8.6023    4.39719     32.432    32.8599    25.5044 0.0000e+00
 158.482425     33.259  34.685404     8.5243    4.36655     32.979    32.8540    25.5116 0.0000e+00
 158.482431     33.801  34.654411     8.4874    4.31357     33.516    32.8555    25.5183 0.0000e+00
 158.482436     34.327  34.656857     8.4777    4.22933     34.038    32.8669    25.5287 0.0000e+00
 158.482442     34.829  34.675762     8.4798    4.10036     34.535    32.8846    25.5423 0.0000e+00
 158.482448     35.312  34.694790     8.4821    3.95891     35.014    32.9023    25.5558 0.0000e+00
 158.482454     35.784  34.710673     8.4822    3.86143     35.482    32.9187    25.5687 0.0000e+00
 158.482459     36.257  34.735015     8.4817    3.77490     35.951    32.9446    25.5891 0.0000e+00
 158.482465     36.742  34.772756     8.4786    3.65656     36.432    32.9871    25.6228 0.0000e+00
 158.482471     37.237  34.810805     8.4722    3.47326     36.923    33.0329    25.6597 0.0000e+00
 158.482477     37.742  34.839288     8.4672    3.23344     37.424    33.0674    25.6875 0.0000e+00
 158.482483     38.253  34.863054     8.4784    3.02509     37.930    33.0817    25.6971 0.0000e+00
 158.482488     38.768  34.904776     8.5209    2.90598     38.441    33.0856    25.6937 0.0000e+00
 158.482494     39.287  34.982465     8.5787    2.84098     38.955    33.1129    25.7063 0.0000e+00
 158.482500     39.808  35.066747     8.6167    2.83208     39.472    33.1656    25.7418 0.0000e+00
 158.482506     40.326  35.113494     8.6258    2.82678     39.986    33.2059    25.7721 0.0000e+00
 158.482512     40.830  35.122192     8.6228    2.81622     40.485    33.2177    25.7817 0.0000e+00
 158.482517     41.315  35.117864     8.6202    2.83167     40.966    33.2153    25.7803 0.0000e+00
 158.482523     41.781  35.112085     8.6168    2.85737     41.428    33.2123    25.7784 0.0000e+00
 158.482529     42.237  35.107202     8.6096    2.88614     41.880    33.2137    25.7806 0.0000e+00
 158.482535     42.689  35.103398     8.6007    2.91011     42.328    33.2178    25.7852 0.0000e+00
 158.482541     43.137  35.097243     8.5923    2.90660     42.773    33.2191    25.7875 0.0000e+00
 158.482546     43.580  35.088902     8.5814    2.87912     43.212    33.2203    25.7902 0.0000e+00
 158.482552     44.024  35.078991     8.5666    2.83354     43.652    33.2236    25.7950 0.0000e+00
 158.482558     44.476  35.068835     8.5546    2.78375     44.100    33.2240    25.7971 0.0000e+00
 158.482564     44.939  35.067288     8.5519    2.71355     44.559    33.2247    25.7981 0.0000e+00
 158.482569     45.412  35.078414     8.5565    2.64387     45.028    33.2319    25.8030 0.0000e+00
 158.482575     45.888  35.095131     8.5637    2.58505     45.500    33.2425    25.8102 0.0000e+00
 158.482581     46.357  35.111648     8.5709    2.52540     45.965    33.2529    25.8173 0.0000e+00
 158.482587     46.820  35.125831     8.5757    2.46729     46.424    33.2631    25.8246 0.0000e+00
 158.482593     47.280  35.136361     8.5757    2.41456     46.880    33.2739    25.8331 0.0000e+00
 158.482598     47.736  35.142655     8.5698    2.34401     47.332    33.2859    25.8434 0.0000e+00
 158.482604     48.180  35.145216     8.5605    2.27444     47.772    33.2972    25.8536 0.0000e+00
 158.482610     48.597  35.146297     8.5509    2.23358     48.186    33.3072    25.8629 0.0000e+00
