data/oxygen options/OCNMS/OCNMS2/raw_data/2006/CTD_TH100_053106faed.cnv
* Sea-Bird SBE19 Data File:
* FileName = C:\MOORING_DATA_2006\CTD_TH100_053106.hex
* Software Version 1.1.6
* Temperature SN = 2997
* Conductivity SN = 2997
* System UpLoad Time = May 31 2006 12:45:16
* SEACAT PROFILER V3.1c SN 2997   05/31/06  12:44:07.965
* strain gauge pressure sensor: S/N = 184829,  range = 3000 psia,  tc = 40
# nquan = 9                                 
# nvalues = 960                         
# units = specified
# name 0 = timeJ: Julian Days
# name 1 = prSM: Pressure, Strain Gauge [db]
# name 2 = c0mS/cm: Conductivity [mS/cm]
# name 3 = t090C: Temperature [ITS-90, deg C]
# name 4 = oxML/L: Oxygen, Beckman/YSI [ml/l]
# name 5 = depSM: Depth [salt water, m], lat = 47.5
# name 6 = sal00: Salinity, Practical [PSU]
# name 7 = sigma-é00: Density [sigma-theta, kg/m^3]
# name 8 = flag: flag
# span 0 = 151.520012, 151.525561       
# span 1 =     -5.708,    100.235       
# span 2 =   0.240628,  36.724702       
# span 3 =     7.7246,    17.3833       
# span 4 =   -0.06477,   31.24380       
# span 5 =     -5.660,     99.374       
# span 6 =     0.1362,    33.8434       
# span 7 =    -1.1689,    26.4064       
# span 8 = 0.0000e+00, 0.0000e+00       
# interval = seconds: 0.5
# start_time = May 31 2006 12:28:49 [Instrument's time stamp, header]
# bad_flag = -9.990e-29
*END*
[from data line 641]
 151.523721     81.551  34.959047     7.8359    2.36893     80.854    33.7758    26.3376 0.0000e+00
 151.523727     81.907  34.963821     7.8488    2.34508     81.207    33.7683    26.3299 0.0000e+00
 151.523733     82.261  34.969822     7.8492    2.28569     81.558    33.7742    26.3344 0.0000e+00
 151.523738     82.637  34.969354     7.8286    2.22634     81.931    33.7934    26.3526 0.0000e+00
 151.523744     83.048  34.959557     7.7940    2.17825     82.338    33.8162    26.3755 0.0000e+00
 151.523750     83.497  34.945877     7.7618    2.15005     82.783    33.8326    26.3930 0.0000e+00
 151.523756     83.972  34.935307     7.7418    2.13239     83.254    33.8404    26.4021 0.0000e+00
 151.523762     84.457  34.929449     7.7323    2.12164     83.735    33.8431    26.4055 0.0000e+00
 151.523767     84.936  34.926655     7.7286    2.11649     84.210    33.8434    26.4064 0.0000e+00
 151.523773     85.400  34.925442     7.7276    2.11822     84.670    33.8429    26.4061 0.0000e+00
 151.523779     85.841  34.924752     7.7276    2.12933     85.107    33.8419    26.4053 0.0000e+00
 151.523785     86.252  34.924224     7.7278    2.14519     85.514    33.8409    26.4046 0.0000e+00
 151.523791     86.639  34.924279     7.7280    2.14755     85.898    33.8406    26.4043 0.0000e+00
 151.523796     87.008  34.924991     7.7284    2.15125     86.264    33.8408    26.4044 0.0000e+00
 151.523802     87.370  34.925629     7.7286    2.14131     86.622    33.8411    26.4046 0.0000e+00
 151.523808     87.740  34.925362     7.7280    2.12715     86.989    33.8413    26.4048 0.0000e+00
 151.523814     88.129  34.924400     7.7270    2.12468     87.375    33.8410    26.4048 0.0000e+00
 151.523819     88.539  34.923705     7.7262    2.11270     87.781    33.8408    26.4047 0.0000e+00
 151.523825     88.966  34.923473     7.7257    2.12121     88.204    33.8409    26.4048 0.0000e+00
 151.523831     89.405  34.923395     7.7254    2.13184     88.640    33.8409    26.4049 0.0000e+00
 151.523837     89.848  34.923370     7.7251    2.14078     89.079    33.8409    26.4050 0.0000e+00
 151.523843     90.289  34.923364     7.7249    2.13997     89.516    33.8409    26.4050 0.0000e+00
 151.523848     90.722  34.923368     7.7253    2.12896     89.945    33.8403    26.4045 0.0000e+00
 151.523854     91.141  34.923390     7.7260    2.12704     90.360    33.8395    26.4037 0.0000e+00
 151.523860     91.541  34.923460     7.7262    2.12039     90.757    33.8391    26.4034 0.0000e+00
 151.523866     91.928  34.923672     7.7258    2.11519     91.140    33.8396    26.4039 0.0000e+00
 151.523872     92.308  34.923748     7.7252    2.11753     91.517    33.8401    26.4043 0.0000e+00
 151.523877     92.690  34.923232     7.7248    2.11963     91.896    33.8397    26.4041 0.0000e+00
 151.523883     93.078  34.922559     7.7246    2.12587     92.280    33.8390    26.4036 0.0000e+00
 151.523889     93.478  34.922516     7.7246    2.13023     92.677    33.8388    26.4034 0.0000e+00
 151.523895     93.889  34.923048     7.7248    2.12143     93.084    33.8389    26.4035 0.0000e+00
 151.523900     94.307  34.923743     7.7251    2.11950     93.499    33.8392    26.4037 0.0000e+00
 151.523906     94.725  34.924406     7.7252    2.11086     93.913    33.8396    26.4040 0.0000e+00
 151.523912     95.138  34.924801     7.7251    2.11101     94.322    33.8399    26.4043 0.0000e+00
 151.523918     95.544  34.924894     7.7252    2.10636     94.725    33.8397    26.4041 0.0000e+00
 151.523924     95.937  34.924813     7.7255    2.10593     95.114    33.8392    26.4036 0.0000e+00
 151.523929     96.318  34.924448     7.7261    2.11071     95.492    33.8380    26.4026 0.0000e+00
 151.523935     96.685  34.923876     7.7265    2.11294     95.856    33.8368    26.4017 0.0000e+00
 151.523941     97.044  34.923458     7.7263    2.11648     96.211    33.8364    26.4014 0.0000e+00
 151.523947     97.410  34.923198     7.7258    2.10786     96.574    33.8364    26.4015 0.0000e+00
 151.523953     97.788  34.923314     7.7254    2.09613     96.949    33.8368    26.4018 0.0000e+00
 151.523958     98.173  34.923961     7.7250    2.09414     97.330    33.8377    26.4026 0.0000e+00
 151.523964     98.551  34.924321     7.7250    2.09613     97.705    33.8379    26.4027 0.0000e+00
 151.523970     98.902  34.924313     7.7251    2.10240     98.053    33.8376    26.4025 0.0000e+00
 151.523976     99.212  34.924488     7.7253    2.10702     98.360    33.8375    26.4024 0.0000e+00
 151.523981     99.473  34.924518     7.7256    2.10705     98.619    33.8371    26.4020 0.0000e+00
 151.523987     99.685  34.923884     7.7262    2.09761     98.829    33.8357    26.4009 0.0000e+00
 151.523993     99.849  34.921181     7.7269    2.09589     98.992    33.8320    26.3979 0.0000e+00
 151.523999     99.975  34.916733     7.7275    2.08652     99.117    33.8266    26.3935 -9.990e-29
 151.524005    100.072  34.911904     7.7277    2.08643     99.213    33.8212    26.3892 -9.990e-29
 151.524010    100.141  34.906989     7.7274    2.09105     99.281    33.8161    26.3853 -9.990e-29
 151.524016    100.190  34.904409     7.7267    2.10230     99.330    33.8140    26.3837 -9.990e-29
 151.524022    100.224  34.906334     7.7261    2.11719     99.363    33.8166    26.3859 -9.990e-29
 151.524028    100.235  34.911969     7.7257    2.11027     99.374    33.8231    26.3910 -9.990e-29
 151.524034    100.220  34.917616     7.7254    2.10552     99.359    33.8295    26.3961 -9.990e-29
 151.524039    100.178  34.920711     7.7251    2.09909     99.318    33.8331    26.3990 -9.990e-29
 151.524045    100.106  34.922021     7.7249    2.08805     99.246    33.8348    26.4003 -9.990e-29
 151.524051    100.004  34.922735     7.7249    2.09017     99.145    33.8356    26.4010 -9.990e-29
 151.524057     99.870  34.923248     7.7252    2.08995     99.013    33.8359    26.4012 0.0000e+00
 151.524063     99.696  34.923685     7.7262    2.09185     98.840    33.8355    26.4007 0.0000e+00
 151.524068     99.474  34.924633     7.7277    2.10540     98.620    33.8352    26.4002 0.0000e+00
 151.524074     99.199  34.926238     7.7286    2.11684     98.347    33.8361    26.4008 0.0000e+00
 151.524080     98.879  34.927277     7.7282    2.10979     98.030    33.8378    26.4022 0.0000e+00
 151.524086     98.542  34.926899     7.7276    2.10541     97.696    33.8381    26.4026 0.0000e+00
 151.524091     98.207  34.925728     7.7274    2.09004     97.364    33.8372    26.4019 0.0000e+00
 151.524097     97.885  34.924453     7.7272    2.08574     97.045    33.8362    26.4011 0.0000e+00
 151.524103     97.571  34.923622     7.7271    2.09942     96.734    33.8356    26.4006 0.0000e+00
 151.524109     97.249  34.923253     7.7274    2.10342     96.415    33.8350    26.4001 0.0000e+00
 151.524115     96.909  34.923418     7.7277    2.10812     96.078    33.8351    26.4001 0.0000e+00
 151.524120     96.550  34.924340     7.7277    2.11475     95.722    33.8362    26.4010 0.0000e+00
 151.524126     96.174  34.925010     7.7277    2.09424     95.349    33.8371    26.4017 0.0000e+00
 151.524132     95.788  34.924644     7.7280    2.08938     94.967    33.8366    26.4013 0.0000e+00
 151.524138     95.397  34.923881     7.7278    2.08727     94.579    33.8362    26.4010 0.0000e+00
 151.524144     95.002  34.923391     7.7269    2.09647     94.187    33.8367    26.4015 0.0000e+00
 151.524149     94.607  34.923087     7.7259    2.10688     93.796    33.8376    26.4023 0.0000e+00
 151.524155     94.223  34.922567     7.7253    2.11607     93.415    33.8378    26.4025 0.0000e+00
 151.524161     93.853  34.921706     7.7252    2.10689     93.049    33.8371    26.4020 0.0000e+00
 151.524167     93.498  34.921044     7.7255    2.10049     92.697    33.8363    26.4013 0.0000e+00
 151.524172     93.150  34.920823     7.7261    2.08919     92.352    33.8356    26.4007 0.0000e+00
 151.524178     92.804  34.920752     7.7266    2.08484     92.009    33.8352    26.4003 0.0000e+00
 151.524184     92.452  34.920743     7.7268    2.08915     91.660    33.8352    26.4003 0.0000e+00
 151.524190     92.085  34.920786     7.7270    2.10070     91.296    33.8352    26.4003 0.0000e+00
 151.524196     91.695  34.920944     7.7272    2.10689     90.910    33.8354    26.4004 0.0000e+00
 151.524201     91.280  34.920869     7.7273    2.10714     90.498    33.8354    26.4004 0.0000e+00
 151.524207     90.843  34.920280     7.7271    2.09553     90.065    33.8352    26.4002 0.0000e+00
 151.524213     90.391  34.919516     7.7264    2.08961     89.617    33.8353    26.4003 0.0000e+00
 151.524219     89.937  34.919067     7.7259    2.08895     89.167    33.8355    26.4006 0.0000e+00
 151.524225     89.501  34.918915     7.7260    2.10079     88.735    33.8354    26.4005 0.0000e+00
 151.524230     89.091  34.918685     7.7260    2.10707     88.328    33.8354    26.4005 0.0000e+00
 151.524236     88.714  34.918647     7.7256    2.11628     87.955    33.8359    26.4009 0.0000e+00
 151.524242     88.360  34.918763     7.7253    2.11659     87.604    33.8365    26.4014 0.0000e+00
 151.524248     88.014  34.918643     7.7253    2.10271     87.261    33.8365    26.4015 0.0000e+00
 151.524253     87.656  34.918701     7.7255    2.09887     86.906    33.8366    26.4015 0.0000e+00
 151.524259     87.281  34.919025     7.7254    2.09408     86.534    33.8372    26.4020 0.0000e+00
 151.524265     86.890  34.918941     7.7250    2.10569     86.147    33.8377    26.4024 0.0000e+00
 151.524271     86.486  34.918351     7.7248    2.11184     85.746    33.8374    26.4022 0.0000e+00
 151.524277     86.072  34.917606     7.7248    2.11190     85.336    33.8368    26.4017 0.0000e+00
 151.524282     85.655  34.916847     7.7248    2.10967     84.922    33.8362    26.4013 0.0000e+00
 151.524288     85.240  34.916199     7.7251    2.10574     84.511    33.8354    26.4006 0.0000e+00
 151.524294     84.825  34.915932     7.7256    2.10508     84.100    33.8348    26.4001 0.0000e+00
 151.524300     84.411  34.916266     7.7257    2.10481     83.689    33.8353    26.4004 0.0000e+00
 151.524306     84.000  34.916541     7.7256    2.10405     83.282    33.8359    26.4009 0.0000e+00
 151.524311     83.605  34.916016     7.7254    2.10341     82.890    33.8357    26.4007 0.0000e+00
 151.524317     83.235  34.915127     7.7251    2.10266     82.524    33.8352    26.4004 0.0000e+00
 151.524323     82.883  34.914385     7.7248    2.11097     82.175    33.8349    26.4002 0.0000e+00
 151.524329     82.541  34.913936     7.7249    2.10164     81.836    33.8345    26.3998 0.0000e+00
 151.524334     82.199  34.913757     7.7253    2.11622     81.497    33.8340    26.3994 0.0000e+00
 151.524340     81.843  34.913621     7.7264    2.13653     81.144    33.8330    26.3985 0.0000e+00
 151.524346     81.470  34.913922     7.7285    2.16702     80.774    33.8315    26.3969 0.0000e+00
 151.524352     81.080  34.915075     7.7335    2.20144     80.388    33.8280    26.3935 0.0000e+00
 151.524358     80.679  34.916948     7.7424    2.24096     79.990    33.8216    26.3872 0.0000e+00
 151.524363     80.271  34.919251     7.7537    2.29217     79.586    33.8133    26.3790 0.0000e+00
 151.524369     79.851  34.922265     7.7683    2.34885     79.169    33.8026    26.3685 0.0000e+00
 151.524375     79.423  34.926659     7.7906    2.41325     78.745    33.7859    26.3521 0.0000e+00
 151.524381     79.003  34.932701     7.8190    2.45995     78.329    33.7651    26.3316 0.0000e+00
 151.524387     78.598  34.940053     7.8432    2.49055     77.927    33.7498    26.3161 0.0000e+00
 151.524392     78.212  34.948441     7.8568    2.51211     77.545    33.7458    26.3110 0.0000e+00
 151.524398     77.850  34.956173     7.8623    2.52267     77.186    33.7490    26.3127 0.0000e+00
 151.524404     77.507  34.960679     7.8662    2.54690     76.846    33.7502    26.3130 0.0000e+00
 151.524410     77.165  34.963496     7.8735    2.58644     76.507    33.7463    26.3089 0.0000e+00
 151.524416     76.807  34.965028     7.8878    2.62091     76.152    33.7343    26.2974 0.0000e+00
 151.524421     76.427  34.965649     7.9102    2.65562     75.775    33.7135    26.2778 0.0000e+00
 151.524427     76.026  34.969564     7.9334    2.67373     75.378    33.6956    26.2603 0.0000e+00
 151.524433     75.610  34.975842     7.9503    2.68677     74.965    33.6862    26.2504 0.0000e+00
 151.524439     75.189  34.980535     7.9596    2.69701     74.548    33.6824    26.2461 0.0000e+00
 151.524444     74.777  34.983752     7.9641    2.71584     74.139    33.6818    26.2449 0.0000e+00
 151.524450     74.380  34.986998     7.9670    2.71179     73.746    33.6826    26.2452 0.0000e+00
 151.524456     74.004  34.989569     7.9687    2.71005     73.373    33.6839    26.2459 0.0000e+00
 151.524462     73.642  34.990423     7.9693    2.72477     73.014    33.6844    26.2462 0.0000e+00
 151.524468     73.280  34.989590     7.9703    2.73570     72.656    33.6827    26.2448 0.0000e+00
 151.524473     72.910  34.987657     7.9737    2.78206     72.289    33.6776    26.2402 0.0000e+00
 151.524479     72.537  34.985422     7.9810    2.81940     71.919    33.6683    26.2319 0.0000e+00
 151.524485     72.156  34.982163     7.9909    2.87994     71.541    33.6555    26.2203 0.0000e+00
 151.524491     71.766  34.979159     8.0016    2.95466     71.155    33.6422    26.2083 0.0000e+00
 151.524497     71.364  34.977466     8.0184    3.01132     70.756    33.6244    26.1919 0.0000e+00
 151.524502     70.940  34.973160     8.0474    3.08060     70.336    33.5922    26.1623 0.0000e+00
 151.524508     70.494  34.963879     8.0816    3.12200     69.894    33.5497    26.1239 0.0000e+00
 151.524514     70.035  34.952403     8.1066    3.15717     69.439    33.5138    26.0920 0.0000e+00
 151.524520     69.581  34.944202     8.1182    3.17445     68.989    33.4942    26.0749 0.0000e+00
 151.524525     69.147  34.941260     8.1219    3.17417     68.558    33.4877    26.0692 0.0000e+00
 151.524531     68.734  34.940799     8.1238    3.17988     68.149    33.4856    26.0673 0.0000e+00
 151.524537     68.343  34.940536     8.1255    3.20860     67.761    33.4839    26.0657 0.0000e+00
 151.524543     67.965  34.939575     8.1282    3.23272     67.387    33.4804    26.0626 0.0000e+00
 151.524549     67.589  34.937769     8.1349    3.24806     67.014    33.4723    26.0552 0.0000e+00
 151.524554     67.213  34.935527     8.1449    3.24877     66.641    33.4605    26.0445 0.0000e+00
 151.524560     66.834  34.933237     8.1532    3.24219     66.265    33.4504    26.0353 0.0000e+00
 151.524566     66.445  34.931226     8.1592    3.24606     65.880    33.4427    26.0284 0.0000e+00
 151.524572     66.048  34.929634     8.1648    3.25600     65.486    33.4358    26.0221 0.0000e+00
 151.524578     65.646  34.928596     8.1702    3.26180     65.088    33.4298    26.0166 0.0000e+00
 151.524583     65.237  34.928425     8.1746    3.25547     64.682    33.4256    26.0126 0.0000e+00
 151.524589     64.818  34.929470     8.1773    3.24841     64.267    33.4243    26.0112 0.0000e+00
 151.524595     64.394  34.931457     8.1787    3.24268     63.847    33.4253    26.0118 0.0000e+00
 151.524601     63.964  34.933125     8.1801    3.25045     63.420    33.4260    26.0121 0.0000e+00
 151.524606     63.530  34.933908     8.1826    3.24631     62.990    33.4246    26.0107 0.0000e+00
 151.524612     63.095  34.934865     8.1862    3.23881     62.559    33.4224    26.0084 0.0000e+00
 151.524618     62.656  34.936727     8.1901    3.22106     62.124    33.4209    26.0066 0.0000e+00
 151.524624     62.215  34.938625     8.1935    3.21841     61.686    33.4199    26.0053 0.0000e+00
 151.524630     61.779  34.940303     8.1963    3.22722     61.254    33.4192    26.0043 0.0000e+00
 151.524635     61.350  34.942330     8.1987    3.23272     60.829    33.4193    26.0040 0.0000e+00
