data/oxygen options/OCNMS/OCNMS2/raw_data/2006/CTD_TH030_062006faedb.cnv
* Sea-Bird SBE19 Data File:
* FileName = C:\Hypoxia Data\CTD_TH030_062006.hex
* Software Version 1.1.8
* Temperature SN = 2997
* Conductivity SN = 2997
* System UpLoad Time = Jun 20 2006 13:00:27
* SEACAT PROFILER V3.1c SN 2997   06/20/06  12:59:17.620
* strain gauge pressure sensor: S/N = 184829,  range = 3000 psia,  tc = 40
# nquan = 9
# nvalues = 27                          
# units = specified
# name 0 = timeJ: Julian Days
# name 1 = prSM: Pressure, Strain Gauge [db]
# name 2 = c0mS/cm: Conductivity [mS/cm]
# name 3 = t090C: Temperature [ITS-90, deg C]
# name 4 = oxML/L: Oxygen, Beckman/YSI [ml/l]
# name 5 = depSM: Depth [salt water, m], lat = 47.5
# name 6 = sal00: Salinity, Practical [PSU]
# name 7 = sigma-é00: Density [sigma-theta, kg/m^3]
# name 8 = flag: flag
# span 0 = 171.535410, 171.535739       
# span 1 =      3.000,     29.000       
# span 2 =  34.881452,  37.780054       
# span 3 =     8.1792,    14.4732       
# span 4 =    2.58941,    5.88754       
# span 5 =      2.975,     28.756       
# span 6 =    30.7730,    33.3883       
# span 7 =    22.8261,    25.9822       
# span 8 = 0.0000e+00, 0.0000e+00       
# interval = decibars: 1                
# start_time = Jun 20 2006 12:47:50 [Instrument's time stamp, header]
# bad_flag = -9.990e-29
*END*
 171.535410      3.000  37.780054    14.4732    5.88754      2.975    30.7730    22.8261 0.0000e+00
 171.535429      4.000  37.776874    14.3880    5.83445      3.967    30.8375    22.8935 0.0000e+00
 171.535444      5.000  37.684262    14.1522    5.73239      4.958    30.9411    23.0218 0.0000e+00
 171.535457      6.000  37.419557    13.6199    5.23219      5.950    31.1276    23.2730 0.0000e+00
 171.535470      7.000  37.133702    13.1522    4.48596      6.941    31.2437    23.4550 0.0000e+00
 171.535482      8.000  36.907890    12.6416    3.80680      7.933    31.4540    23.7163 0.0000e+00
 171.535495      9.000  36.606766    11.8535    3.34254      8.925    31.8313    24.1561 0.0000e+00
 171.535506     10.000  36.133475    10.8175    3.09144      9.916    32.2669    24.6797 0.0000e+00
 171.535518     11.000  35.676506     9.8100    2.90930     10.908    32.7084    25.1943 0.0000e+00
 171.535528     12.000  35.350261     9.1768    2.82362     11.899    32.9527    25.4874 0.0000e+00
 171.535539     13.000  35.181660     8.8726    2.79792     12.891    33.0590    25.6184 0.0000e+00
 171.535551     14.000  35.110213     8.7244    2.78060     13.883    33.1222    25.6909 0.0000e+00
 171.535561     15.000  35.067936     8.6163    2.76559     14.874    33.1787    25.7518 0.0000e+00
 171.535573     16.000  35.029832     8.5223    2.75392     15.866    33.2266    25.8037 0.0000e+00
 171.535584     17.000  35.003945     8.4631    2.74372     16.857    33.2545    25.8345 0.0000e+00
 171.535596     18.000  34.996411     8.4473    2.72247     17.849    33.2611    25.8421 0.0000e+00
 171.535608     19.000  34.995393     8.4359    2.70407     18.841    33.2703    25.8510 0.0000e+00
 171.535620     20.000  34.993514     8.4203    2.68239     19.832    33.2826    25.8631 0.0000e+00
 171.535633     21.000  34.987275     8.3882    2.66140     20.824    33.3059    25.8861 0.0000e+00
 171.535644     22.000  34.974050     8.3418    2.63589     21.816    33.3354    25.9162 0.0000e+00
 171.535657     23.000  34.953733     8.3043    2.62489     22.807    33.3489    25.9325 0.0000e+00
 171.535669     24.000  34.936491     8.2786    2.61406     23.798    33.3546    25.9408 0.0000e+00
 171.535681     25.000  34.917663     8.2488    2.60915     24.790    33.3625    25.9514 0.0000e+00
 171.535694     26.000  34.902264     8.2209    2.60532     25.781    33.3722    25.9633 0.0000e+00
 171.535707     27.000  34.893575     8.2047    2.59657     26.773    33.3779    25.9702 0.0000e+00
 171.535722     28.000  34.886032     8.1879    2.58941     27.764    33.3853    25.9785 0.0000e+00
 171.535739     29.000  34.881452     8.1792    2.59026     28.756    33.3883    25.9822 0.0000e+00
