data/oxygen options/OCNMS/OCNMS2/raw_data/2006/CTD_TH050_071806faed.cnv
* Sea-Bird SBE19 Data File:
* FileName = C:\Hypoxia Data\CTD_TH050_071806.hex
* Software Version 1.1.8
* Temperature SN = 2997
* Conductivity SN = 2997
* System UpLoad Time = Jul 18 2006 14:36:36
* SEACAT PROFILER V3.1c SN 2997   07/18/06  14:35:40.665
* strain gauge pressure sensor: S/N = 184829,  range = 3000 psia,  tc = 40
# nquan = 9                                 
# nvalues = 714                         
# units = specified
# name 0 = timeJ: Julian Days
# name 1 = prSM: Pressure, Strain Gauge [db]
# name 2 = c0mS/cm: Conductivity [mS/cm]
# name 3 = t090C: Temperature [ITS-90, deg C]
# name 4 = oxML/L: Oxygen, Beckman/YSI [ml/l]
# name 5 = depSM: Depth [salt water, m], lat = 47.5
# name 6 = sal00: Salinity, Practical [PSU]
# name 7 = sigma-é00: Density [sigma-theta, kg/m^3]
# name 8 = flag: flag
# span 0 = 199.603218, 199.607344       
# span 1 =     -3.825,     49.542       
# span 2 =   0.926693,  37.913804       
# span 3 =     7.8127,    13.9747       
# span 4 =   -0.28493,   34.31370       
# span 5 =     -3.793,     49.123       
# span 6 =     0.5882,    33.7169       
# span 7 =    -0.2904,    26.2938       
# span 8 = 0.0000e+00, 0.0000e+00       
# interval = seconds: 0.5
# start_time = Jul 18 2006 14:28:38 [Instrument's time stamp, header]
# bad_flag = -9.990e-29
*END*
[from data line 641]
 199.606927     30.987  34.818591     7.9467    3.06692     30.726    33.5425    26.1375 0.0000e+00
 199.606933     30.494  34.816258     7.9500    3.08130     30.237    33.5371    26.1327 0.0000e+00
 199.606939     30.014  34.815298     7.9514    3.10505     29.761    33.5349    26.1308 0.0000e+00
 199.606944     29.540  34.814996     7.9592    3.13906     29.291    33.5273    26.1237 0.0000e+00
 199.606950     29.065  34.813270     7.9805    3.18836     28.820    33.5053    26.1033 0.0000e+00
 199.606956     28.585  34.808939     8.0114    3.25525     28.344    33.4713    26.0721 0.0000e+00
 199.606962     28.106  34.803520     8.0381    3.30594     27.870    33.4402    26.0437 0.0000e+00
 199.606968     27.638  34.798206     8.0554    3.37056     27.405    33.4182    26.0239 0.0000e+00
 199.606973     27.180  34.793773     8.0680    3.47446     26.951    33.4017    26.0091 0.0000e+00
 199.606979     26.728  34.791047     8.0812    3.60191     26.503    33.3864    25.9951 0.0000e+00
 199.606985     26.277  34.785834     8.1107    3.76619     26.056    33.3530    25.9645 0.0000e+00
 199.606991     25.814  34.773432     8.1714    3.89094     25.597    33.2823    25.9001 0.0000e+00
 199.606997     25.334  34.747959     8.2443    3.99792     25.121    33.1864    25.8141 0.0000e+00
 199.607002     24.843  34.709103     8.2938    4.06331     24.634    33.0988    25.7379 0.0000e+00
 199.607008     24.356  34.674605     8.3154    4.10104     24.151    33.0422    25.6903 0.0000e+00
 199.607014     23.893  34.654560     8.3238    4.12400     23.692    33.0133    25.6664 0.0000e+00
 199.607020     23.447  34.641321     8.3259    4.15564     23.250    32.9975    25.6537 0.0000e+00
 199.607025     22.997  34.630136     8.3239    4.21517     22.804    32.9878    25.6463 0.0000e+00
 199.607031     22.540  34.615626     8.3215    4.29583     22.351    32.9749    25.6366 0.0000e+00
 199.607037     22.082  34.591902     8.3220    4.32920     21.897    32.9495    25.6166 0.0000e+00
 199.607043     21.627  34.564904     8.3257    4.33654     21.445    32.9177    25.5911 0.0000e+00
 199.607049     21.178  34.544058     8.3342    4.29723     21.000    32.8879    25.5665 0.0000e+00
 199.607054     20.726  34.533535     8.3570    4.21824     20.552    32.8557    25.5378 0.0000e+00
 199.607060     20.264  34.531082     8.4154    4.15238     20.094    32.7989    25.4845 0.0000e+00
 199.607066     19.794  34.533990     8.5055    4.10056     19.628    32.7184    25.4079 0.0000e+00
 199.607072     19.319  34.541653     8.5829    4.06815     19.157    32.6550    25.3465 0.0000e+00
 199.607078     18.843  34.550841     8.6234    4.05528     18.685    32.6274    25.3188 0.0000e+00
 199.607083     18.374  34.559808     8.6367    4.04958     18.220    32.6247    25.3147 0.0000e+00
 199.607089     17.922  34.567069     8.6393    4.03441     17.772    32.6302    25.3185 0.0000e+00
 199.607095     17.479  34.571100     8.6503    4.03747     17.332    32.6244    25.3124 0.0000e+00
 199.607101     17.030  34.575032     8.6915    4.03725     16.887    32.5908    25.2797 0.0000e+00
 199.607106     16.567  34.586913     8.7665    4.08383     16.428    32.5344    25.2242 0.0000e+00
 199.607112     16.091  34.611368     8.8438    4.13241     15.956    32.4892    25.1769 0.0000e+00
 199.607118     15.606  34.650171     8.9134    4.21353     15.475    32.4661    25.1481 0.0000e+00
 199.607124     15.111  34.701803     9.0119    4.34716     14.984    32.4301    25.1047 0.0000e+00
 199.607130     14.605  34.762783     9.1503    4.50883     14.483    32.3675    25.0341 0.0000e+00
 199.607135     14.098  34.843210     9.2860    4.66099     13.980    32.3277    24.9817 0.0000e+00
 199.607141     13.605  34.934819     9.3819    4.78588     13.491    32.3355    24.9725 0.0000e+00
 199.607147     13.129  35.008375     9.4345    4.88016     13.019    32.3637    24.9862 0.0000e+00
 199.607153     12.661  35.050942     9.4619    4.94322     12.555    32.3828    24.9968 0.0000e+00
 199.607159     12.189  35.068821     9.5085    5.00116     12.087    32.3593    24.9709 0.0000e+00
 199.607164     11.703  35.090343     9.6185    5.04791     11.605    32.2824    24.8931 0.0000e+00
 199.607170     11.203  35.156543     9.7708    5.08882     11.109    32.2136    24.8147 0.0000e+00
 199.607176     10.700  35.260916     9.8988    5.13180     10.610    32.2054    24.7874 0.0000e+00
 199.607182     10.210  35.357017     9.9778    5.17116     10.125    32.2325    24.7955 0.0000e+00
 199.607188      9.734  35.427203    10.0233    5.19234      9.653    32.2632    24.8119 0.0000e+00
 199.607193      9.268  35.465251    10.0641    5.15476      9.190    32.2655    24.8069 0.0000e+00
 199.607199      8.810  35.485451    10.1188    5.12617      8.736    32.2373    24.7758 0.0000e+00
 199.607205      8.354  35.514179    10.1717    5.14594      8.284    32.2194    24.7530 0.0000e+00
 199.607211      7.906  35.549927    10.2064    5.26050      7.840    32.2248    24.7514 0.0000e+00
 199.607216      7.477  35.587092    10.2268    5.42995      7.414    32.2442    24.7632 0.0000e+00
 199.607222      7.065  35.623642    10.2442    5.62939      7.006    32.2657    24.7770 0.0000e+00
 199.607228      6.660  35.653352    10.2758    5.79682      6.604    32.2677    24.7732 0.0000e+00
 199.607234      6.255  35.671533    10.3563    5.97245      6.203    32.2146    24.7183 0.0000e+00
 199.607240      5.844  35.699622    10.5376    6.14564      5.795    32.0828    24.5847 0.0000e+00
 199.607245      5.431  35.782366    10.8354    6.31745      5.386    31.9044    24.3947 0.0000e+00
 199.607251      5.021  35.935871    11.1798    6.41849      4.979    31.7575    24.2201 0.0000e+00
 199.607257      4.618  36.146659    11.4649    6.44280      4.579    31.7187    24.1393 0.0000e+00
 199.607263      4.233  36.379489    11.6490    6.42756      4.198    31.7877    24.1597 0.0000e+00
 199.607269      3.881  36.565688    11.7776    6.30321      3.849    31.8582    24.1910 0.0000e+00
 199.607274      3.570  36.696105    11.9139    6.26002      3.540    31.8677    24.1734 0.0000e+00
 199.607280      3.296  36.832465    12.0593    6.21233      3.268    31.8750    24.1522 0.0000e+00
 199.607286      3.048  36.971473    12.1578    6.13577      3.023    31.9247    24.1723 0.0000e+00
 199.607292      2.813  37.052784    12.2007 -9.990e-29      2.790    31.9662    24.1965 0.0000e+00
 199.607297      2.585  37.073207    12.2302 -9.990e-29      2.563    31.9607    24.1867 0.0000e+00
 199.607303      2.362  37.084111    12.2692 -9.990e-29      2.342    31.9379    24.1617 0.0000e+00
 199.607309      2.148  37.102845    12.3508 -9.990e-29      2.130    31.8865    24.1065 0.0000e+00
 199.607315      1.941  37.120167    12.5663 -9.990e-29      1.925    31.7206    23.9372 0.0000e+00
 199.607321      1.745  37.186106    12.8955 -9.990e-29      1.730    31.5073    23.7089 0.0000e+00
 199.607326      1.578  37.288160    13.1461 -9.990e-29      1.565    31.3953    23.5735 -9.990e-29
 199.607332      1.460  37.282490    13.2479 -9.990e-29      1.448    31.3061    23.4846 -9.990e-29
 199.607338      1.395  37.158253    13.2713 -9.990e-29      1.383    31.1709    23.3755 -9.990e-29
 199.607344      1.375  37.047186 -9.990e-29 -9.990e-29      1.364 -9.990e-29 -9.990e-29 -9.990e-29
