data/oxygen options/OCNMS/OCNMS2/raw_data/2006/CTD_TH060_071806faed.cnv
* Sea-Bird SBE19 Data File:
* FileName = C:\Hypoxia Data\CTD_TH060_071806.hex
* Software Version 1.1.8
* Temperature SN = 2997
* Conductivity SN = 2997
* System UpLoad Time = Jul 18 2006 14:24:20
* SEACAT PROFILER V3.1c SN 2997   07/18/06  14:23:20.411
* strain gauge pressure sensor: S/N = 184829,  range = 3000 psia,  tc = 40
# nquan = 9                                 
# nvalues = 871                         
# units = specified
# name 0 = timeJ: Julian Days
# name 1 = prSM: Pressure, Strain Gauge [db]
# name 2 = c0mS/cm: Conductivity [mS/cm]
# name 3 = t090C: Temperature [ITS-90, deg C]
# name 4 = oxML/L: Oxygen, Beckman/YSI [ml/l]
# name 5 = depSM: Depth [salt water, m], lat = 47.5
# name 6 = sal00: Salinity, Practical [PSU]
# name 7 = sigma-é00: Density [sigma-theta, kg/m^3]
# name 8 = flag: flag
# span 0 = 199.593576, 199.598611       
# span 1 =     -3.862,     59.428       
# span 2 =   0.458663,  37.888718       
# span 3 =     7.6857,    14.1968       
# span 4 =   -0.39663,   34.47493       
# span 5 =     -3.830,     58.924       
# span 6 =     0.2824,    33.7945       
# span 7 =    -0.5556,    26.3732       
# span 8 = 0.0000e+00, 0.0000e+00       
# interval = seconds: 0.5
# start_time = Jul 18 2006 14:14:45 [Instrument's time stamp, header]
# bad_flag = -9.990e-29
*END*
[from data line 161]
 199.594508     -1.105   0.477285    14.1554   -0.06951     -1.096     0.2942    -0.5471 -9.990e-29
 199.594514     -1.092   0.477696    14.1533   -0.06951     -1.083     0.2945    -0.5466 -9.990e-29
 199.594520     -1.077   0.476737    14.1490   -0.06952     -1.068     0.2939    -0.5464 -9.990e-29
 199.594525     -1.057   0.474237    14.1437   -0.06953     -1.048     0.2923    -0.5469 -9.990e-29
 199.594531     -1.038   0.471298    14.1384   -0.06954     -1.029     0.2905    -0.5475 -9.990e-29
 199.594537     -1.021   0.469548    14.1350   -0.06954     -1.012     0.2894    -0.5479 -9.990e-29
 199.594543     -1.005   0.469984    14.1339   -0.06954     -0.997     0.2897    -0.5475 -9.990e-29
 199.594549     -0.994   0.472077    14.1330   -0.06952     -0.986     0.2910    -0.5464 -9.990e-29
 199.594554     -0.992   0.474733    14.1315   -0.06952     -0.984     0.2927    -0.5448 -9.990e-29
 199.594560     -0.993   0.476502    14.1304   -0.06952     -0.985     0.2939    -0.5438 -9.990e-29
 199.594566     -0.989   0.475858    14.1292   -0.06953     -0.981     0.2935    -0.5439 -9.990e-29
 199.594572     -0.977   0.473052    14.1266   -0.06952     -0.969     0.2917    -0.5450 -9.990e-29
 199.594578     -0.959   0.469888    14.1232   -0.06950     -0.951     0.2897    -0.5460 -9.990e-29
 199.594583     -0.942   0.467694    14.1211   -0.06951     -0.934     0.2883    -0.5468 -9.990e-29
 199.594589     -0.931   0.466316    14.1210   -0.06950     -0.923     0.2875    -0.5474 -9.990e-29
 199.594595     -0.923   0.465027    14.1222   -0.06949     -0.915     0.2866    -0.5483 -9.990e-29
 199.594601     -0.920   0.464326    14.1240   -0.06947     -0.912     0.2862    -0.5489 -9.990e-29
 199.594606     -0.915   0.465496    14.1253   -0.06947     -0.907     0.2869    -0.5485 -9.990e-29
 199.594612     -0.906   0.468434    14.1255   -0.06947     -0.898     0.2888    -0.5471 -9.990e-29
 199.594618     -0.895   0.470954    14.1266   -0.06946     -0.888     0.2904    -0.5460 -9.990e-29
 199.594624     -0.885   0.470317    14.1305   -0.06945     -0.878     0.2899    -0.5469 -9.990e-29
 199.594630     -0.878   0.466225    14.1351   -0.06947     -0.871     0.2873    -0.5496 -9.990e-29
 199.594635     -0.871   0.461543    14.1381   -0.06947     -0.864     0.2843    -0.5523 -9.990e-29
 199.594641     -0.864   0.458902    14.1410   -0.06948     -0.857     0.2826    -0.5540 -9.990e-29
 199.594647     -0.857   0.458663    14.1454   -0.06904     -0.850     0.2824    -0.5548 -9.990e-29
 199.594653     -0.850   0.459951    14.1503   -0.06909     -0.843     0.2832    -0.5549 -9.990e-29
 199.594659     -0.842   0.461154    14.1537   -0.06907     -0.835     0.2840    -0.5548 -9.990e-29
 199.594664     -0.833   0.461102    14.1561   -0.06913     -0.826     0.2839    -0.5552 -9.990e-29
 199.594670     -0.822   0.460837    14.1579   -0.06921     -0.815     0.2837    -0.5556 -9.990e-29
 199.594676     -0.808   0.463331    14.1574   -0.06927     -0.801     0.2853    -0.5543 -9.990e-29
 199.594682     -0.791   0.472464    14.1549   -0.06149     -0.784     0.2911    -0.5494 -9.990e-29
 199.594687     -0.769   0.492092    14.1529   -0.05736     -0.763     0.3036    -0.5394 -9.990e-29
 199.594693     -0.741   0.533964    14.1508   -0.05752     -0.735     0.3303    -0.5184 -9.990e-29
 199.594699     -0.705   0.645036    14.1451   -0.05801     -0.699     0.4017    -0.4622 -9.990e-29
 199.594705     -0.659   0.982831    14.1347   -0.05832     -0.654     0.6225    -0.2896 -9.990e-29
 199.594711     -0.600   1.506615    14.1214   -0.05849     -0.595     0.9734    -0.0158 -9.990e-29
 199.594716     -0.529   1.924771    14.1064   -0.05850     -0.525     1.2597     0.2078 -9.990e-29
 199.594722     -0.449   2.273195    14.0893   -0.05857     -0.445     1.5017     0.3973 -9.990e-29
 199.594728     -0.356   2.959820    14.0694   -0.05859     -0.353     1.9859     0.7742 -9.990e-29
 199.594734     -0.243   4.983420    14.0470   -0.05861     -0.241     3.4563     1.9116 -9.990e-29
 199.594740     -0.112  11.222561    14.0035   -0.05861     -0.111     8.2665     5.6178 -9.990e-29
 199.594745      0.041  22.019275    13.8866   -0.05860      0.041    17.2372    12.5266 -9.990e-29
 199.594751      0.217  31.485161    13.6860   -0.05861      0.215    25.6637    19.0455 -9.990e-29
 199.594757      0.406  35.924562    13.4840   -0.05863      0.403    29.8566    22.3184 0.0000e+00
 199.594763      0.590  37.333098    13.3565   -0.05864      0.585    31.2644    23.4310 0.0000e+00
 199.594769      0.752  37.779519    13.2965   -0.05864      0.746    31.7304    23.8031 0.0000e+00
 199.594774      0.883  37.888718    13.2620   -0.05863      0.876    31.8613    23.9111 -9.990e-29
 199.594780      0.989  37.878619    13.2362   -0.05863      0.981    31.8734    23.9256 -9.990e-29
 199.594786      1.075  37.856355    13.2205   -0.05863      1.066    31.8657    23.9227 -9.990e-29
 199.594792      1.148  37.848316    13.2129   -0.05865      1.138    31.8645    23.9233 -9.990e-29
 199.594797      1.212  37.849358    13.2087   -0.05864      1.202    31.8690    23.9276 -9.990e-29
 199.594803      1.267  37.857471    13.2033   -0.05863      1.256    31.8811    23.9380 -9.990e-29
 199.594809      1.307  37.866607    13.1970   -0.05862      1.296    31.8949    23.9500 -9.990e-29
 199.594815      1.336  37.862544    13.1931   -0.05861      1.325    31.8944    23.9503 -9.990e-29
 199.594821      1.363  37.847129    13.1913   -0.05861      1.352    31.8814    23.9406 -9.990e-29
 199.594826      1.395  37.836244    13.1888   -0.05862      1.383    31.8733    23.9349 -9.990e-29
 199.594832      1.430  37.841155    13.1854   -0.05861      1.418    31.8808    23.9413 -9.990e-29
 199.594838      1.460  37.859404    13.1849   -0.05861      1.448    31.8983    23.9549 -9.990e-29
 199.594844      1.484  37.875453    13.1892   -0.05862      1.472    31.9097    23.9629 -9.990e-29
 199.594850      1.499  37.870269    13.1964   -0.05864      1.486    31.8988    23.9531 -9.990e-29
 199.594855      1.502  37.844203    13.2034   -0.05865      1.489    31.8685    23.9283 -9.990e-29
 199.594861      1.501  37.822507    13.2090   -0.05864      1.488    31.8435    23.9078 -9.990e-29
 199.594867      1.510  37.817743    13.2119   -0.05864      1.497    31.8366    23.9019 -9.990e-29
 199.594873      1.528  37.825213    13.2124   -0.05864      1.515    31.8432    23.9069 -9.990e-29
 199.594878      1.548  37.838017    13.2135   -0.05865      1.535    31.8542    23.9152 -9.990e-29
 199.594884      1.563  37.844018    13.2147   -0.05864      1.550    31.8588    23.9186 -9.990e-29
 199.594890      1.571  37.838282    13.2104   -0.05864      1.558    31.8571    23.9180 -9.990e-29
 199.594896      1.574  37.831082    13.1993   -0.05862      1.561    31.8596    23.9222 -9.990e-29
 199.594902      1.579  37.835232    13.1893   -0.05863      1.566    31.8719    23.9336 -9.990e-29
 199.594907      1.585  37.847257    13.1871   -0.05864      1.572    31.8850    23.9442 -9.990e-29
 199.594913      1.592  37.849493    13.1898   -0.05865      1.579    31.8848    23.9436 -9.990e-29
 199.594919      1.601  37.838152    13.1902   -0.05865      1.588    31.8739    23.9350 -9.990e-29
 199.594925      1.613  37.828381    13.1883   -0.05863      1.600    31.8663    23.9295 -9.990e-29
 199.594931      1.625  37.831250    13.1894   -0.05864      1.611    31.8681    23.9307 -9.990e-29
 199.594936      1.632  37.838770    13.1943   -0.05865      1.618    31.8710    23.9320 -9.990e-29
 199.594942      1.639  37.835685    13.1988   -0.05865      1.625    31.8643    23.9259 -9.990e-29
 199.594948      1.651  37.825148    13.1991   -0.05865      1.637    31.8542    23.9180 -9.990e-29
 199.594954      1.670  37.823379    13.1952   -0.05865      1.656    31.8558    23.9200 -9.990e-29
 199.594959      1.691  37.834161    13.1917   -0.05865      1.677    31.8688    23.9308 -9.990e-29
 199.594965      1.707  37.846588    13.1918   -0.05863      1.693    31.8804    23.9397 -9.990e-29
 199.594971      1.716  37.846337    13.1929   -0.05863      1.702    31.8792    23.9386 -9.990e-29
 199.594977      1.718  37.833602    13.1926   -0.05864      1.704    31.8675    23.9296 -9.990e-29
 199.594983      1.717  37.827845    13.1920   -0.05865      1.703    31.8626    23.9260 -9.990e-29
 199.594988      1.722  37.832580    13.1912   -0.05864      1.708    31.8678    23.9301 -9.990e-29
 199.594994      1.733  37.832775    13.1893   -0.05864      1.719    31.8695    23.9318 -9.990e-29
 199.595000      1.743  37.827556    13.1858   -0.05865      1.728    31.8676    23.9310 -9.990e-29
 199.595006      1.747  37.827923    13.1828   -0.05865      1.732    31.8704    23.9338 -9.990e-29
 199.595012      1.745  37.837744    13.1835   -0.05864      1.730    31.8790    23.9403 -9.990e-29
 199.595017      1.739  37.848808    13.1878   -0.05863      1.724    31.8858    23.9447 -9.990e-29
 199.595023      1.731  37.853442    13.1926   -0.05862      1.717    31.8861    23.9440 -9.990e-29
 199.595029      1.730  37.849429    13.1950   -0.05861      1.716    31.8804    23.9391 -9.990e-29
 199.595035      1.739  37.837051    13.1941   -0.05861      1.724    31.8695    23.9309 -9.990e-29
 199.595041      1.756  37.823951    13.1905   -0.05862      1.741    31.8602    23.9244 -9.990e-29
 199.595046      1.772  37.821297    13.1856   -0.05865      1.757    31.8619    23.9266 -9.990e-29
 199.595052      1.785  37.831741    13.1811   -0.05865      1.770    31.8754    23.9380 -9.990e-29
 199.595058      1.791  37.846784    13.1793   -0.05866      1.776    31.8910    23.9504 -9.990e-29
 199.595064      1.786  37.858445    13.1822   -0.05864      1.771    31.8995    23.9564 -9.990e-29
 199.595069      1.774  37.866582    13.1899   -0.05865      1.759    31.9007    23.9558 -9.990e-29
 199.595075      1.759  37.871964    13.2006   -0.05866      1.744    31.8968    23.9507 -9.990e-29
 199.595081      1.743  37.868321    13.2094   -0.05866      1.728    31.8860    23.9406 -9.990e-29
 199.595087      1.735  37.851940    13.2116   -0.05866      1.721    31.8688    23.9269 -9.990e-29
 199.595093      1.738  37.832421    13.2064   -0.05866      1.723    31.8549    23.9171 -9.990e-29
 199.595098      1.753  37.819113    13.1959   -0.05866      1.738    31.8512    23.9163 -9.990e-29
 199.595104      1.780  37.813368    13.1852   -0.05865      1.765    31.8548    23.9212 -9.990e-29
 199.595110      1.812  37.819889    13.1797   -0.05865      1.797    31.8655    23.9306 -9.990e-29
 199.595116      1.835  37.837847    13.1803   -0.05866      1.820    31.8818    23.9431 -9.990e-29
 199.595122      1.846  37.851926    13.1829   -0.05866      1.831    31.8928    23.9511 -9.990e-29
 199.595127      1.853  37.850058    13.1837   -0.05867      1.838    31.8904    23.9491 -9.990e-29
 199.595133      1.858  37.834260    13.1817   -0.05866      1.842    31.8772    23.9393 -9.990e-29
 199.595139      1.856  37.819401    13.1780   -0.05867      1.841    31.8664    23.9316 -9.990e-29
 199.595145      1.852  37.819914    13.1757   -0.05867      1.837    31.8688    23.9340 -9.990e-29
 199.595150      1.845  37.833133    13.1764   -0.05866      1.830    31.8806    23.9430 -9.990e-29
 199.595156      1.830  37.844721    13.1789   -0.05865      1.815    31.8894    23.9493 -9.990e-29
 199.595162      1.811  37.847705    13.1815   -0.05865      1.796    31.8900    23.9492 -9.990e-29
 199.595168      1.796  37.842716    13.1828   -0.05865      1.781    31.8843    23.9445 -9.990e-29
 199.595174      1.791  37.830981    13.1822   -0.05866      1.776    31.8738    23.9365 -9.990e-29
 199.595179      1.797  37.818193    13.1794   -0.05866      1.782    31.8641    23.9296 -9.990e-29
 199.595185      1.805  37.811448    13.1753   -0.05865      1.790    31.8612    23.9282 -9.990e-29
 199.595191      1.816  37.815238    13.1723   -0.05865      1.801    31.8673    23.9335 -9.990e-29
 199.595197      1.831  37.827902    13.1732   17.67996      1.816    31.8784    23.9419 -9.990e-29
 199.595203      1.837  37.839413    13.1790   32.23992      1.822    31.8843    23.9453 -9.990e-29
 199.595208      1.831  37.838203    13.1860   34.47493      1.816    31.8773    23.9385 -9.990e-29
 199.595214      1.825  37.823802    13.1892   30.66614      1.810    31.8612    23.9254 -9.990e-29
 199.595220      1.828  37.810133    13.1874   20.47603      1.813    31.8499    23.9170 -9.990e-29
 199.595226      1.834  37.807609    13.1848   15.76755      1.819    31.8497    23.9174 -9.990e-29
 199.595231      1.842  37.814006    13.1855   15.81799      1.827    31.8551    23.9214 -9.990e-29
 199.595237      1.850  37.821040    13.1894   15.07571      1.835    31.8584    23.9232 -9.990e-29
 199.595243      1.859  37.819592    13.1927    6.67535      1.843    31.8543    23.9194 -9.990e-29
 199.595249      1.875  37.808314    13.1925    1.49323      1.859    31.8439    23.9113 -9.990e-29
 199.595255      1.902  37.795192    13.1897   -0.39663      1.886    31.8339    23.9042 -9.990e-29
 199.595260      1.934  37.785758    13.1865    0.54727      1.918    31.8277    23.9000 -9.990e-29
 199.595266      1.959  37.780354    13.1850    4.19122      1.943    31.8239    23.8974 -9.990e-29
 199.595272      1.976  37.779088    13.1862    5.45052      1.959    31.8217    23.8955 -9.990e-29
 199.595278      1.986  37.780290    13.1887    5.84894      1.969    31.8207    23.8942 -9.990e-29
 199.595284      1.992  37.781655    13.1900    6.11135      1.975    31.8209    23.8941 -9.990e-29
 199.595289      2.001  37.782778    13.1899    6.24413      1.984    31.8221    23.8950 -9.990e-29
 199.595295      2.007  37.783495    13.1905    6.32857      1.990    31.8222    23.8950 -9.990e-29
 199.595301      2.008  37.783660    13.1932    6.39527      1.991    31.8201    23.8928 -9.990e-29
 199.595307      2.003  37.784073    13.1957    6.43599      1.986    31.8184    23.8910 -9.990e-29
 199.595313      1.996  37.784180    13.1938    6.47475      1.979    31.8201    23.8927 -9.990e-29
 199.595318      1.996  37.782461    13.1883    6.48468      1.979    31.8231    23.8961 -9.990e-29
 199.595324      2.002  37.780014    13.1853    6.49899      1.985    31.8233    23.8969 -9.990e-29
 199.595330      2.006  37.779206    13.1876    6.50180      1.989    31.8206    23.8943 -9.990e-29
 199.595336      2.005  37.780099    13.1921    6.50773      1.988    31.8177    23.8912 -9.990e-29
 199.595341      2.002  37.781095    13.1943    6.51543      1.985    31.8168    23.8901 -9.990e-29
 199.595347      2.006  37.780740    13.1916    6.51842      1.989    31.8187    23.8921 -9.990e-29
 199.595353      2.021  37.778579    13.1861    6.52334      2.004    31.8213    23.8952 -9.990e-29
 199.595359      2.039  37.775679    13.1827    6.52737      2.022    31.8214    23.8959 -9.990e-29
 199.595365      2.050  37.774363    13.1839    6.52971      2.033    31.8192    23.8939 -9.990e-29
 199.595370      2.054  37.775699    13.1877    6.51699      2.037    31.8172    23.8917 -9.990e-29
 199.595376      2.055  37.777560    13.1909    6.51829      2.038    31.8163    23.8904 -9.990e-29
 199.595382      2.057  37.778521    13.1911    6.50967      2.040    31.8170    23.8909 -9.990e-29
 199.595388      2.066  37.778201    13.1883    6.52134      2.049    31.8191    23.8930 -9.990e-29
 199.595394      2.076  37.776756    13.1838    6.53218      2.059    31.8215    23.8958 -9.990e-29
 199.595399      2.086  37.775646    13.1791    6.53528      2.069    31.8244    23.8989 -9.990e-29
 199.595405      2.094  37.773409    13.1761    6.54014      2.077    31.8248    23.8998 -9.990e-29
 199.595411      2.103  37.771009    13.1766    6.53079      2.085    31.8221    23.8977 -9.990e-29
 199.595417      2.107  37.772558    13.1804    6.52839      2.089    31.8204    23.8956 -9.990e-29
 199.595422      2.104  37.776211    13.1850    6.53008      2.086    31.8200    23.8943 -9.990e-29
