data/oxygen options/OCNMS/OCNMS2/raw_data/2006/CTD_TH060_062006faedb.cnv
* Sea-Bird SBE19 Data File:
* FileName = C:\Hypoxia Data\CTD_TH0601_062006.hex
* Software Version 1.1.8
* Temperature SN = 2997
* Conductivity SN = 2997
* System UpLoad Time = Jun 20 2006 12:34:23
* SEACAT PROFILER V3.1c SN 2997   06/20/06  12:33:27.375
* strain gauge pressure sensor: S/N = 184829,  range = 3000 psia,  tc = 40
# nquan = 9
# nvalues = 57                          
# units = specified
# name 0 = timeJ: Julian Days
# name 1 = prSM: Pressure, Strain Gauge [db]
# name 2 = c0mS/cm: Conductivity [mS/cm]
# name 3 = t090C: Temperature [ITS-90, deg C]
# name 4 = oxML/L: Oxygen, Beckman/YSI [ml/l]
# name 5 = depSM: Depth [salt water, m], lat = 47.5
# name 6 = sal00: Salinity, Practical [PSU]
# name 7 = sigma-é00: Density [sigma-theta, kg/m^3]
# name 8 = flag: flag
# span 0 = 171.505113, 171.505805       
# span 1 =      3.000,     59.000       
# span 2 =  34.688533,  37.118221       
# span 3 =     7.9043,    13.0258       
# span 4 =    2.64535,    5.88159       
# span 5 =      2.975,     58.499       
# span 6 =    31.3349,    33.4348       
# span 7 =    23.5502,    26.0594       
# span 8 = 0.0000e+00, 0.0000e+00       
# interval = decibars: 1                
# start_time = Jun 20 2006 12:04:15 [Instrument's time stamp, header]
# bad_flag = -9.990e-29
*END*
 171.505113      3.000  37.118221    13.0258    5.88159      2.975    31.3349    23.5502 0.0000e+00
 171.505131      4.000  37.023163    12.8644    5.78112      3.967    31.3787    23.6154 0.0000e+00
 171.505145      5.000  36.962753    12.7680    5.73410      4.958    31.4014    23.6515 0.0000e+00
 171.505157      6.000  36.888886    12.6482    5.65884      5.950    31.4309    23.6972 0.0000e+00
 171.505169      7.000  36.838807    12.5572    5.56743      6.941    31.4590    23.7363 0.0000e+00
 171.505180      8.000  36.814093    12.4817    5.44835      7.933    31.4983    23.7811 0.0000e+00
 171.505191      9.000  36.784859    12.3862    5.31944      8.924    31.5502    23.8395 0.0000e+00
 171.505202     10.000  36.712624    12.2295    5.24741      9.917    31.6128    23.9173 0.0000e+00
 171.505213     11.000  36.605707    12.0625    5.20048     10.908    31.6510    23.9781 0.0000e+00
 171.505225     12.000  36.528040    11.9457    5.00974     11.900    31.6750    24.0182 0.0000e+00
 171.505235     13.000  36.489393    11.8699    4.78413     12.891    31.7018    24.0530 0.0000e+00
 171.505246     14.000  36.455727    11.7731    4.65700     13.883    31.7515    24.1092 0.0000e+00
 171.505257     15.000  36.374026    11.5543    4.55783     14.874    31.8593    24.2326 0.0000e+00
 171.505267     16.000  36.255902    11.3155    4.46060     15.866    31.9496    24.3457 0.0000e+00
 171.505278     17.000  36.158739    11.1388    4.37163     16.857    32.0071    24.4218 0.0000e+00
 171.505289     18.000  36.100022    11.0037    4.21156     17.849    32.0665    24.4917 0.0000e+00
 171.505300     19.000  36.031466    10.8285    4.06138     18.840    32.1516    24.5885 0.0000e+00
 171.505313     20.000  35.917386    10.6025    3.94359     19.832    32.2369    24.6939 0.0000e+00
 171.505325     21.000  35.801140    10.3254    3.84358     20.824    32.3660    24.8417 0.0000e+00
 171.505336     22.000  35.701447    10.1105    3.79856     21.815    32.4572    24.9489 0.0000e+00
 171.505348     23.000  35.638769     9.9876    3.77509     22.807    32.5037    25.0057 0.0000e+00
 171.505360     24.000  35.596780     9.9040    3.75423     23.798    32.5360    25.0447 0.0000e+00
 171.505372     25.000  35.567889     9.8434    3.71052     24.790    32.5608    25.0742 0.0000e+00
 171.505384     26.000  35.541913     9.7746    3.59218     25.782    32.5961    25.1130 0.0000e+00
 171.505395     27.000  35.497959     9.6680    3.51365     26.773    32.6476    25.1706 0.0000e+00
 171.505406     28.000  35.436793     9.5282    3.49803     27.764    32.7117    25.2433 0.0000e+00
 171.505418     29.000  35.333506     9.3306    3.44746     28.756    32.7858    25.3329 0.0000e+00
 171.505430     30.000  35.237691     9.2284    3.37502     29.747    32.7802    25.3449 0.0000e+00
 171.505444     31.000  35.232662     9.2404    3.31770     30.739    32.7635    25.3299 0.0000e+00
 171.505456     32.000  35.197178     9.0724    3.21247     31.731    32.8810    25.4484 0.0000e+00
 171.505467     33.000  35.053452     8.8008    3.09013     32.722    32.9826    25.5702 0.0000e+00
 171.505478     34.000  34.939495     8.5860    3.05584     33.713    33.0633    25.6662 0.0000e+00
 171.505488     35.000  34.884775     8.4362    3.00029     34.705    33.1458    25.7536 0.0000e+00
 171.505499     36.000  34.830165     8.2973    2.90662     35.696    33.2186    25.8315 0.0000e+00
 171.505509     37.000  34.780781     8.1950    2.83273     36.688    33.2625    25.8812 0.0000e+00
 171.505520     38.000  34.756635     8.1272    2.76409     37.679    33.3007    25.9212 0.0000e+00
 171.505531     39.000  34.737451     8.0438    2.71618     38.671    33.3591    25.9794 0.0000e+00
 171.505542     40.000  34.715495     7.9682    2.70248     39.662    33.4074    26.0284 0.0000e+00
 171.505554     41.000  34.702926     7.9401    2.69255     40.654    33.4203    26.0426 0.0000e+00
 171.505565     42.000  34.700147     7.9367    2.69108     41.645    33.4201    26.0430 0.0000e+00
 171.505578     43.000  34.704292     7.9423    2.69664     42.637    33.4187    26.0411 0.0000e+00
 171.505591     44.000  34.703764     7.9311    2.69255     43.628    33.4284    26.0504 0.0000e+00
 171.505603     45.000  34.694816     7.9186    2.67972     44.620    33.4303    26.0537 0.0000e+00
 171.505614     46.000  34.691525     7.9127    2.68146     45.611    33.4320    26.0559 0.0000e+00
 171.505625     47.000  34.691728     7.9101    2.68396     46.602    33.4342    26.0580 0.0000e+00
 171.505637     48.000  34.691806     7.9110    2.67597     47.594    33.4329    26.0569 0.0000e+00
 171.505648     49.000  34.691259     7.9107    2.67847     48.586    33.4321    26.0563 0.0000e+00
 171.505662     50.000  34.690538     7.9085    2.68220     49.577    33.4331    26.0574 0.0000e+00
 171.505674     51.000  34.689255     7.9080    2.67741     50.568    33.4317    26.0564 0.0000e+00
 171.505687     52.000  34.688533     7.9077    2.66539     51.560    33.4307    26.0557 0.0000e+00
 171.505698     53.000  34.689256     7.9074    2.66231     52.551    33.4313    26.0562 0.0000e+00
 171.505711     54.000  34.690033     7.9067    2.66675     53.543    33.4323    26.0571 0.0000e+00
 171.505724     55.000  34.689825     7.9057    2.66282     54.534    33.4326    26.0575 0.0000e+00
 171.505738     56.000  34.689180     7.9053    2.65604     55.525    33.4318    26.0570 0.0000e+00
 171.505752     57.000  34.689913     7.9057    2.65813     56.517    33.4317    26.0568 0.0000e+00
 171.505768     58.000  34.690357     7.9043    2.64935     57.508    33.4331    26.0582 0.0000e+00
 171.505805     59.000  34.693050     7.9051    2.64535     58.499    33.4348    26.0594 0.0000e+00
