data/oxygen options/OCNMS/OCNMS2/raw_data/2006/CTD_TH070_060706faed.cnv
* Sea-Bird SBE19 Data File:
* FileName = C:\Hypoxia_Data_2006\CTD_TH070_060706.hex
* Software Version 1.1.6
* Temperature SN = 2997
* Conductivity SN = 2997
* System UpLoad Time = Jun 07 2006 11:10:58
* SEACAT PROFILER V3.1c SN 2997   06/07/06  11:10:22.308
* strain gauge pressure sensor: S/N = 184829,  range = 3000 psia,  tc = 40
# nquan = 9                                 
# nvalues = 1528                        
# units = specified
# name 0 = timeJ: Julian Days
# name 1 = prSM: Pressure, Strain Gauge [db]
# name 2 = c0mS/cm: Conductivity [mS/cm]
# name 3 = t090C: Temperature [ITS-90, deg C]
# name 4 = oxML/L: Oxygen, Beckman/YSI [ml/l]
# name 5 = depSM: Depth [salt water, m], lat = 47.5
# name 6 = sal00: Salinity, Practical [PSU]
# name 7 = sigma-é00: Density [sigma-theta, kg/m^3]
# name 8 = flag: flag
# span 0 = 158.455347, 158.464184       
# span 1 =     -4.891,     70.795       
# span 2 =   0.445753,  37.138193       
# span 3 =     7.9636,    15.2249       
# span 4 =   -0.07161,   32.87874       
# span 5 =     -4.850,     70.192       
# span 6 =     0.2820,    33.6793       
# span 7 =    -0.4041,    26.2426       
# span 8 = 0.0000e+00, 0.0000e+00       
# interval = seconds: 0.5
# start_time = Jun 07 2006 10:55:42 [Instrument's time stamp, header]
# bad_flag = -9.990e-29
*END*
[from data line 481]
 158.458131      1.486  33.083784    15.0695    6.44507      1.474    26.1580    19.1534 -9.990e-29
 158.458137      1.495  33.080532    15.0687    6.43808      1.483    26.1557    19.1518 -9.990e-29
 158.458142      1.501  33.082528    15.0698    6.43220      1.488    26.1567    19.1523 -9.990e-29
 158.458148      1.503  33.090201    15.0736    6.45053      1.490    26.1608    19.1547 -9.990e-29
 158.458154      1.506  33.095100    15.0776    6.46616      1.493    26.1625    19.1552 -9.990e-29
 158.458160      1.514  33.094794    15.0800    6.47367      1.501    26.1606    19.1532 -9.990e-29
 158.458166      1.523  33.085888    15.0803    6.45975      1.510    26.1526    19.1470 -9.990e-29
 158.458171      1.526  33.076696    15.0803    6.44213      1.513    26.1446    19.1409 -9.990e-29
 158.458177      1.518  33.080566    15.0816    6.43615      1.505    26.1471    19.1425 -9.990e-29
 158.458183      1.508  33.088643    15.0831    6.44501      1.495    26.1531    19.1469 -9.990e-29
 158.458189      1.507  33.093201    15.0833    6.46320      1.494    26.1570    19.1498 -9.990e-29
 158.458194      1.516  33.098081    15.0828    6.45405      1.503    26.1616    19.1534 -9.990e-29
 158.458200      1.526  33.103065    15.0831    6.42831      1.513    26.1657    19.1566 -9.990e-29
 158.458206      1.529  33.105831    15.0851    6.41842      1.516    26.1668    19.1570 -9.990e-29
 158.458212      1.523  33.106703    15.0882    6.42262      1.510    26.1655    19.1554 -9.990e-29
 158.458218      1.510  33.107408    15.0911    6.43961      1.497    26.1642    19.1538 -9.990e-29
 158.458223      1.498  33.107767    15.0925    6.46569      1.485    26.1636    19.1530 -9.990e-29
 158.458229      1.495  33.106582    15.0887    6.46653      1.483    26.1651    19.1549 -9.990e-29
 158.458235      1.500  33.098353    15.0773    6.45499      1.487    26.1655    19.1576 -9.990e-29
 158.458241      1.506  33.081641    15.0651    6.43893      1.493    26.1590    19.1551 -9.990e-29
 158.458247      1.509  33.070603    15.0605    6.43368      1.496    26.1524    19.1510 -9.990e-29
 158.458252      1.509  33.073504    15.0632    6.44065      1.496    26.1532    19.1510 -9.990e-29
 158.458258      1.505  33.083563    15.0701    6.44973      1.492    26.1574    19.1528 -9.990e-29
 158.458264      1.502  33.094012    15.0784    6.45337      1.489    26.1610    19.1539 -9.990e-29
 158.458270      1.504  33.099728    15.0829    6.45801      1.491    26.1630    19.1545 -9.990e-29
 158.458275      1.507  33.097125    15.0827    6.45573      1.494    26.1608    19.1529 -9.990e-29
 158.458281      1.502  33.090582    15.0825    6.44916      1.489    26.1552    19.1486 -9.990e-29
 158.458287      1.486  33.088756    15.0839    6.44529      1.474    26.1527    19.1464 -9.990e-29
 158.458293      1.464  33.090896    15.0851    6.44215      1.452    26.1538    19.1470 -9.990e-29
 158.458299      1.454  33.092012    15.0842    6.44194      1.442    26.1554    19.1484 -9.990e-29
 158.458304      1.458  33.091913    15.0808    6.45817      1.446    26.1575    19.1507 -9.990e-29
 158.458310      1.469  33.091031    15.0761    6.46191      1.457    26.1599    19.1535 -9.990e-29
 158.458316      1.482  33.088193    15.0725    6.46140      1.470    26.1598    19.1542 -9.990e-29
 158.458322      1.495  33.084661    15.0717    6.44679      1.483    26.1573    19.1524 -9.990e-29
 158.458328      1.504  33.085260    15.0732    6.43150      1.491    26.1568    19.1517 -9.990e-29
 158.458333      1.513  33.089666    15.0760    6.42824      1.500    26.1588    19.1527 -9.990e-29
 158.458339      1.528  33.094228    15.0806    6.43961      1.515    26.1597    19.1524 -9.990e-29
 158.458345      1.545  33.098864    15.0861    6.45019      1.532    26.1601    19.1516 -9.990e-29
 158.458351      1.566  33.102473    15.0898    6.46083      1.553    26.1607    19.1514 -9.990e-29
 158.458356      1.596  33.103142    15.0904    6.45685      1.583    26.1609    19.1514 -9.990e-29
 158.458362      1.632  33.100645    15.0882    6.44573      1.618    26.1602    19.1513 -9.990e-29
 158.458368      1.673  33.095582    15.0849    6.42916      1.659    26.1580    19.1502 -9.990e-29
 158.458374      1.722  33.091292    15.0832    6.42895      1.708    26.1553    19.1486 -9.990e-29
 158.458380      1.781  33.090466    15.0832    6.44234      1.766    26.1546    19.1480 -9.990e-29
 158.458385      1.853  33.089203    15.0818    6.45088      1.838    26.1544    19.1481 -9.990e-29
 158.458391      1.945  33.084139    15.0748    6.45080      1.929    26.1546    19.1497 -9.990e-29
 158.458397      2.061  33.076935    15.0570    6.44810      2.044    26.1601    19.1576 -9.990e-29
 158.458403      2.204  33.064716    15.0300    6.43332      2.186    26.1674    19.1687 0.0000e+00
 158.458409      2.372  33.049690    15.0065    6.43122      2.352    26.1699    19.1754 0.0000e+00
 158.458414      2.553  33.045458    14.9959    6.42154      2.532    26.1732    19.1801 0.0000e+00
 158.458420      2.732  33.058704    14.9963    6.41590      2.709    26.1845    19.1887 0.0000e+00
 158.458426      2.897  33.080739    14.9997    6.42718      2.873    26.2015    19.2011 0.0000e+00
 158.458432      3.035  33.092173    15.0010    6.43720      3.010    26.2106    19.2078 -9.990e-29
 158.458438      3.147  33.087511    15.0016    6.44051      3.121    26.2061    19.2042 -9.990e-29
 158.458443      3.241  33.081284    15.0029    6.44774      3.214    26.1997    19.1991 -9.990e-29
 158.458449      3.317  33.082567    15.0044    6.43957      3.289    26.1998    19.1988 -9.990e-29
 158.458455      3.373  33.086907    15.0062    6.43652      3.345    26.2024    19.2004 -9.990e-29
 158.458461      3.406  33.088323    15.0087    6.43120      3.378    26.2019    19.1996 -9.990e-29
 158.458466      3.425  33.088144    15.0106    6.42155      3.396    26.2005    19.1981 -9.990e-29
 158.458472      3.438  33.089496    15.0103    6.41644      3.409    26.2019    19.1992 -9.990e-29
 158.458478      3.450  33.095309    15.0085    6.41160      3.421    26.2082    19.2044 -9.990e-29
 158.458484      3.468  33.103805    15.0064    6.41646      3.439    26.2170    19.2116 -9.990e-29
 158.458490      3.495  33.110058    15.0046    6.41266      3.466    26.2237    19.2171 -9.990e-29
 158.458495      3.526  33.116242    15.0034    6.41546      3.497    26.2299    19.2222 -9.990e-29
 158.458501      3.549  33.122758    15.0033    6.41875      3.519    26.2357    19.2266 -9.990e-29
 158.458507      3.561  33.125401    15.0041    6.41376      3.531    26.2374    19.2278 -9.990e-29
 158.458513      3.564  33.124332    15.0047    6.42321      3.534    26.2361    19.2267 -9.990e-29
 158.458519      3.561  33.122054    15.0049    6.41619      3.531    26.2340    19.2250 -9.990e-29
 158.458524      3.562  33.120578    15.0045    6.42219      3.532    26.2330    19.2243 -9.990e-29
 158.458530      3.571  33.120742    15.0036    6.42525      3.541    26.2337    19.2250 -9.990e-29
 158.458536      3.587  33.121084    15.0027    6.41851      3.557    26.2346    19.2259 -9.990e-29
 158.458542      3.608  33.120942    15.0023    6.41866      3.578    26.2347    19.2261 -9.990e-29
 158.458547      3.627  33.121252    15.0017    6.41606      3.597    26.2354    19.2267 -9.990e-29
 158.458553      3.640  33.122429    15.0008    6.42441      3.610    26.2370    19.2282 -9.990e-29
 158.458559      3.649  33.123802    15.0005    6.43398      3.619    26.2384    19.2293 -9.990e-29
 158.458565      3.653  33.124401    15.0014    6.43536      3.622    26.2383    19.2291 -9.990e-29
 158.458571      3.654  33.123905    15.0032    6.43345      3.623    26.2367    19.2274 -9.990e-29
 158.458576      3.651  33.122778    15.0050    6.42405      3.620    26.2345    19.2254 -9.990e-29
 158.458582      3.648  33.121762    15.0057    6.41292      3.618    26.2332    19.2242 -9.990e-29
 158.458588      3.650  33.121186    15.0054    6.41198      3.620    26.2329    19.2240 -9.990e-29
 158.458594      3.656  33.121406    15.0041    6.41181      3.625    26.2339    19.2251 -9.990e-29
 158.458600      3.668  33.123281    15.0025    6.41131      3.637    26.2366    19.2275 -9.990e-29
 158.458605      3.680  33.127070    15.0016    6.41908      3.649    26.2405    19.2307 -9.990e-29
 158.458611      3.686  33.130540    15.0015    6.42060      3.655    26.2436    19.2331 -9.990e-29
 158.458617      3.678  33.131033    15.0017    6.43364      3.647    26.2439    19.2333 -9.990e-29
 158.458623      3.655  33.129206    15.0021    6.42658      3.624    26.2421    19.2318 -9.990e-29
 158.458628      3.628  33.127110    15.0024    6.42074      3.598    26.2401    19.2302 -9.990e-29
 158.458634      3.608  33.125319    15.0022    6.41125      3.578    26.2386    19.2291 -9.990e-29
 158.458640      3.599  33.124251    15.0013    6.40705      3.569    26.2383    19.2290 -9.990e-29
 158.458646      3.595  33.124727    15.0005    6.41883      3.565    26.2393    19.2299 -9.990e-29
 158.458652      3.592  33.126264    15.0001    6.41545      3.562    26.2409    19.2313 -9.990e-29
 158.458657      3.590  33.127547    15.0000    6.41709      3.560    26.2421    19.2322 -9.990e-29
 158.458663      3.589  33.128049    15.0002    6.41593      3.559    26.2424    19.2324 -9.990e-29
 158.458669      3.593  33.127882    15.0005    6.42104      3.563    26.2420    19.2321 -9.990e-29
 158.458675      3.607  33.127384    15.0007    6.42518      3.577    26.2414    19.2316 -9.990e-29
 158.458681      3.626  33.127017    15.0008    6.43013      3.596    26.2410    19.2313 -9.990e-29
 158.458686      3.644  33.126856    15.0008    6.42487      3.614    26.2409    19.2311 -9.990e-29
 158.458692      3.658  33.126688    15.0010    6.42035      3.627    26.2406    19.2309 -9.990e-29
 158.458698      3.668  33.126290    15.0016    6.41890      3.637    26.2399    19.2302 -9.990e-29
 158.458704      3.680  33.125695    15.0017    6.42190      3.649    26.2393    19.2297 -9.990e-29
 158.458709      3.698  33.125233    15.0010    6.43240      3.667    26.2393    19.2299 -9.990e-29
 158.458715      3.719  33.124853    15.0002    6.42915      3.688    26.2395    19.2302 -9.990e-29
 158.458721      3.741  33.124611    15.0001    6.43279      3.710    26.2394    19.2301 -9.990e-29
 158.458727      3.764  33.124748    15.0009    6.42987      3.733    26.2390    19.2296 -9.990e-29
 158.458733      3.791  33.124888    15.0020    6.43486      3.759    26.2383    19.2289 -9.990e-29
 158.458738      3.823  33.124661    15.0026    6.42961      3.791    26.2377    19.2283 -9.990e-29
 158.458744      3.861  33.124328    15.0029    6.42092      3.829    26.2372    19.2279 -9.990e-29
 158.458750      3.914  33.124567    15.0034    6.41755      3.881    26.2371    19.2277 -9.990e-29
 158.458756      3.992  33.126262    15.0046    6.41620      3.959    26.2377    19.2279 -9.990e-29
 158.458762      4.100  33.131675    15.0062    6.41996      4.066    26.2414    19.2304 -9.990e-29
 158.458767      4.233  33.141299    15.0078    6.41618      4.198    26.2487    19.2357 0.0000e+00
 158.458773      4.374  33.150028    15.0089    6.40798      4.337    26.2555    19.2408 0.0000e+00
 158.458779      4.501  33.153808    15.0094    6.40795      4.463    26.2585    19.2429 -9.990e-29
 158.458785      4.609  33.154315    15.0095    6.40953      4.570    26.2588    19.2432 -9.990e-29
 158.458791      4.706  33.154469    15.0087    6.42060      4.667    26.2595    19.2438 -9.990e-29
 158.458796      4.797  33.155600    15.0064    6.43050      4.757    26.2620    19.2462 -9.990e-29
 158.458802      4.881  33.157537    15.0037    6.43182      4.840    26.2655    19.2494 -9.990e-29
 158.458808      4.945  33.158939    15.0027    6.42985      4.904    26.2673    19.2511 -9.990e-29
 158.458814      4.984  33.158874    15.0034    6.41872      4.942    26.2668    19.2505 -9.990e-29
 158.458819      5.005  33.157819    15.0045    6.41568      4.963    26.2651    19.2490 -9.990e-29
 158.458825      5.019  33.156612    15.0050    6.41625      4.977    26.2637    19.2479 -9.990e-29
 158.458831      5.031  33.155890    15.0048    6.43090      4.989    26.2632    19.2475 -9.990e-29
 158.458837      5.041  33.156373    15.0041    6.44218      4.999    26.2641    19.2483 -9.990e-29
 158.458843      5.049  33.157587    15.0034    6.43787      5.007    26.2656    19.2497 -9.990e-29
 158.458848      5.057  33.158351    15.0029    6.42705      5.015    26.2666    19.2505 -9.990e-29
 158.458854      5.061  33.158562    15.0030    6.41802      5.019    26.2668    19.2506 -9.990e-29
 158.458860      5.056  33.158501    15.0038    6.41694      5.014    26.2662    19.2500 -9.990e-29
 158.458866      5.051  33.158082    15.0045    6.42676      5.009    26.2653    19.2492 -9.990e-29
 158.458872      5.058  33.157866    15.0046    6.43090      5.016    26.2651    19.2490 -9.990e-29
 158.458877      5.078  33.159248    15.0040    6.42633      5.036    26.2667    19.2503 -9.990e-29
 158.458883      5.099  33.161823    15.0033    6.42314      5.056    26.2694    19.2526 -9.990e-29
 158.458889      5.110  33.163415    15.0031    6.42486      5.067    26.2709    19.2538 -9.990e-29
 158.458895      5.108  33.163340    15.0034    6.43455      5.065    26.2707    19.2535 -9.990e-29
 158.458900      5.095  33.162618    15.0036    6.43235      5.052    26.2699    19.2529 -9.990e-29
 158.458906      5.081  33.161965    15.0035    6.42442      5.039    26.2694    19.2525 -9.990e-29
 158.458912      5.072  33.161068    15.0030    6.41896      5.030    26.2690    19.2523 -9.990e-29
 158.458918      5.072  33.159849    15.0024    6.41756      5.030    26.2683    19.2519 -9.990e-29
 158.458924      5.078  33.158923    15.0019    6.42851      5.036    26.2678    19.2516 -9.990e-29
 158.458929      5.085  33.158735    15.0015    6.43140      5.042    26.2679    19.2518 -9.990e-29
 158.458935      5.089  33.159031    15.0015    6.42477      5.046    26.2682    19.2520 -9.990e-29
 158.458941      5.086  33.159082    15.0020    6.41632      5.043    26.2679    19.2517 -9.990e-29
 158.458947      5.086  33.158951    15.0025    6.41839      5.043    26.2674    19.2512 -9.990e-29
 158.458953      5.095  33.159024    15.0027    6.42081      5.052    26.2674    19.2511 -9.990e-29
 158.458958      5.112  33.158835    15.0024    6.42399      5.069    26.2674    19.2512 -9.990e-29
 158.458964      5.131  33.158128    15.0018    6.42020      5.088    26.2672    19.2512 -9.990e-29
 158.458970      5.151  33.157639    15.0013    6.42271      5.108    26.2671    19.2512 -9.990e-29
 158.458976      5.164  33.157834    15.0011    6.42444      5.121    26.2674    19.2515 -9.990e-29
 158.458981      5.167  33.158409    15.0013    6.43285      5.124    26.2677    19.2517 -9.990e-29
 158.458987      5.159  33.159009    15.0018    6.44070      5.116    26.2679    19.2517 -9.990e-29
 158.458993      5.141  33.159309    15.0026    6.43216      5.098    26.2677    19.2514 -9.990e-29
 158.458999      5.114  33.159145    15.0035    6.42378      5.071    26.2669    19.2506 -9.990e-29
 158.459005      5.088  33.158855    15.0042    6.41148      5.045    26.2662    19.2499 -9.990e-29
 158.459010      5.067  33.158612    15.0044    6.40919      5.025    26.2659    19.2496 -9.990e-29
 158.459016      5.059  33.158092    15.0042    6.41877      5.017    26.2655    19.2494 -9.990e-29
 158.459022      5.069  33.157720    15.0038    6.42586      5.027    26.2655    19.2495 -9.990e-29
 158.459028      5.092  33.158118    15.0033    6.43537      5.049    26.2662    19.2501 -9.990e-29
 158.459034      5.117  33.159254    15.0030    6.42866      5.074    26.2674    19.2511 -9.990e-29
 158.459039      5.129  33.160397    15.0033    6.42428      5.086    26.2681    19.2516 -9.990e-29
 158.459045      5.119  33.160263    15.0040    6.42807      5.076    26.2676    19.2510 -9.990e-29
