data/oxygen options/OCNMS/OCNMS2/raw_data/2006/CTD_TH090_070606faed.cnv
* Sea-Bird SBE19 Data File:
* FileName = C:\Hypoxia_Data_2006\CTD_TH090_070606.hex
* Software Version 1.1.6
* Temperature SN = 2997
* Conductivity SN = 2997
* System UpLoad Time = Jul 06 2006 15:30:41
* SEACAT PROFILER V3.1c SN 2997   07/06/06  15:30:00.679
* strain gauge pressure sensor: S/N = 184829,  range = 3000 psia,  tc = 40
# nquan = 9                                 
# nvalues = 1361                        
# units = specified
# name 0 = timeJ: Julian Days
# name 1 = prSM: Pressure, Strain Gauge [db]
# name 2 = c0mS/cm: Conductivity [mS/cm]
# name 3 = t090C: Temperature [ITS-90, deg C]
# name 4 = oxML/L: Oxygen, Beckman/YSI [ml/l]
# name 5 = depSM: Depth [salt water, m], lat = 47.5
# name 6 = sal00: Salinity, Practical [PSU]
# name 7 = sigma-é00: Density [sigma-theta, kg/m^3]
# name 8 = flag: flag
# span 0 = 187.626343, 187.634213       
# span 1 =     -3.755,     90.284       
# span 2 =   0.595063,  38.951256       
# span 3 =     7.4711,    14.8692       
# span 4 =  -12.81126,   42.09616       
# span 5 =     -3.724,     89.511       
# span 6 =     0.3689,    33.8977       
# span 7 =    -0.4979,    26.4859       
# span 8 = 0.0000e+00, 0.0000e+00       
# interval = seconds: 0.5
# start_time = Jul 06 2006 15:01:56 [Instrument's time stamp, header]
# bad_flag = -9.990e-29
*END*
[from data line 801]
 187.630978      0.725  37.539376    14.0029    6.75485      0.719    30.9301    23.0435 -9.990e-29
 187.630984      0.632  36.966126    13.9610    6.69477      0.627    30.4385    22.6728 -9.990e-29
 187.630990      0.562  35.425604    13.9284    6.85924      0.557    29.0579    21.6146 -9.990e-29
 187.630995      0.506  30.939530    13.9006    6.95572      0.502    25.0330    18.5190 -9.990e-29
 187.631001      0.459  22.132593    13.8740    6.99755      0.455    17.3398    12.6076 -9.990e-29
 187.631007      0.420  12.629325    13.8469    6.99924      0.416     9.4295     6.5360 -9.990e-29
 187.631013      0.389   7.271343    13.8176    6.94592      0.386     5.2076     3.2942 -9.990e-29
 187.631019      0.366   5.524683    13.7868    6.90851      0.363     3.8842     2.2794 -9.990e-29
 187.631024      0.344   4.728022    13.7572    6.88735      0.341     3.2922     1.8272 -9.990e-29
 187.631030      0.325   4.142763    13.7311    6.85954      0.322     2.8621     1.4991 -9.990e-29
 187.631036      0.314   3.940777    13.7093    6.87145      0.311     2.7154     1.3890 -9.990e-29
 187.631042      0.305   4.305692    13.6919    6.94244      0.302     2.9850     1.5995 -9.990e-29
 187.631047      0.293   4.778259    13.6774    7.06884      0.291     3.3364     1.8727 -9.990e-29
 187.631053      0.283   4.613672    13.6631    7.17845      0.281     3.2152     1.7813 -9.990e-29
 187.631059      0.276   4.030852    13.6474    7.22504      0.274     2.7859     1.4522 -9.990e-29
 187.631065      0.274   3.501455    13.6305    7.19187      0.272     2.4000     1.1565 -9.990e-29
 187.631071      0.275   3.065412    13.6134    7.13756      0.273     2.0852     0.9156 -9.990e-29
 187.631076      0.280   2.715789    13.5961   -3.82615      0.278     1.8352     0.7247 -9.990e-29
 187.631082      0.289   2.463556    13.5784  -11.60433      0.287     1.6563     0.5887 -9.990e-29
 187.631088      0.299   2.302844    13.5615  -12.81126      0.297     1.5431     0.5035 -9.990e-29
 187.631094      0.306   2.196510    13.5462   -9.70418      0.303     1.4686     0.4479 -9.990e-29
 187.631100      0.315   2.097724    13.5318   -2.26383      0.312     1.3996     0.3964 -9.990e-29
 187.631105      0.326   1.988036    13.5182   -0.25207      0.323     1.3231     0.3390 -9.990e-29
 187.631111      0.331   1.884974    13.5052   -0.13686      0.328     1.2514     0.2852 -9.990e-29
 187.631117      0.331   1.798796    13.4921   -0.09080      0.328     1.1917     0.2407 -9.990e-29
 187.631123      0.335   1.718959    13.4787   -0.07642      0.332     1.1365     0.1998 -9.990e-29
 187.631128      0.346   1.645036    13.4644   -0.07065      0.343     1.0856     0.1623 -9.990e-29
 187.631134      0.361   1.592249    13.4491   -0.07065      0.358     1.0495     0.1363 -9.990e-29
 187.631140      0.372   1.561818    13.4339   -0.07070      0.369     1.0288     0.1224 -9.990e-29
 187.631146      0.377   1.532594    13.4196   -0.07075      0.374     1.0090     0.1089 -9.990e-29
 187.631152      0.375   1.497248    13.4056   -0.07079      0.372     0.9849     0.0921 -9.990e-29
 187.631157      0.370   1.478579    13.3913   -0.07083      0.367     0.9724     0.0843 -9.990e-29
 187.631163      0.367   1.498314    13.3774   -0.07086      0.364     0.9864     0.0970 -9.990e-29
 187.631169      0.365   1.550575    13.3645   -0.07089      0.362     1.0229     0.1271 -9.990e-29
 187.631175      0.369   1.605142    13.3521   -0.07092      0.366     1.0610     0.1583 -9.990e-29
 187.631181      0.378   1.644853    13.3400   -0.07095      0.375     1.0890     0.1816 -9.990e-29
 187.631186      0.385   1.685468    13.3277   -0.07099      0.382     1.1176     0.2054 -9.990e-29
 187.631192      0.386   1.729521    13.3143   -0.07102      0.383     1.1487     0.2314 -9.990e-29
 187.631198      0.380   1.746379    13.3002   -0.07105      0.377     1.1609     0.2427 -9.990e-29
 187.631204      0.373   1.720772    13.2863   -0.07105      0.370     1.1434     0.2310 -9.990e-29
 187.631209      0.371   1.672402    13.2731   -0.07106      0.368     1.1101     0.2069 -9.990e-29
 187.631215      0.375   1.623920    13.2610   -0.07109      0.372     1.0766     0.1825 -9.990e-29
 187.631221      0.381   1.582842    13.2498   -0.07112      0.378     1.0483     0.1621 -9.990e-29
 187.631227      0.389   1.549345    13.2392   -0.07114      0.386     1.0253     0.1456 -9.990e-29
 187.631233      0.396   1.521330    13.2291   -0.07115      0.393     1.0061     0.1321 -9.990e-29
 187.631238      0.397   1.493661    13.2196   -0.07115      0.394     0.9872     0.1186 -9.990e-29
 187.631244      0.392   1.457567    13.2104   -0.07113      0.389     0.9624     0.1006 -9.990e-29
 187.631250      0.386   1.410406    13.2011   -0.07111      0.383     0.9300     0.0767 -9.990e-29
 187.631256      0.383   1.369017    13.1924   -0.07113      0.380     0.9016     0.0558 -9.990e-29
 187.631262      0.382   1.353139    13.1846   -0.07117      0.379     0.8908     0.0484 -9.990e-29
 187.631267      0.383   1.356031    13.1771   -0.07118      0.380     0.8930     0.0511 -9.990e-29
 187.631273      0.382   1.352138    13.1708   -0.07114      0.379     0.8905     0.0499 -9.990e-29
 187.631279      0.378   1.327392    13.1662   -0.07110      0.375     0.8735     0.0374 -9.990e-29
 187.631285      0.377   1.289311    13.1625   -0.07106      0.374     0.8474     0.0175 -9.990e-29
 187.631291      0.374   1.257597    13.1595   -0.07104      0.371     0.8256     0.0011 -9.990e-29
 187.631296      0.363   1.249346    13.1578   -0.07103      0.360     0.8200    -0.0031 -9.990e-29
 187.631302      0.350   1.267429    13.1562   -0.07105      0.347     0.8324     0.0068 -9.990e-29
 187.631308      0.341   1.298225    13.1522   -0.07107      0.338     0.8537     0.0238 -9.990e-29
 187.631314      0.340   1.318427    13.1474   -0.07111      0.337     0.8677     0.0354 -9.990e-29
 187.631319      0.342   1.315569    13.1462   -0.07115      0.339     0.8658     0.0340 -9.990e-29
 187.631325      0.340   1.306378    13.1502   -0.07117      0.337     0.8594     0.0285 -9.990e-29
 187.631331      0.334   1.319109    13.1583   -0.07117      0.331     0.8680     0.0341 -9.990e-29
 187.631337      0.330   1.360751    13.1684   -0.07113      0.327     0.8965     0.0549 -9.990e-29
 187.631343      0.335   1.409690    13.1760   -0.07107      0.332     0.9301     0.0800 -9.990e-29
 187.631348      0.342   1.440720    13.1773   -0.07108      0.339     0.9516     0.0965 -9.990e-29
 187.631354      0.349   1.453038    13.1721   -0.07110      0.346     0.9602     0.1039 -9.990e-29
 187.631360      0.361   1.459184    13.1630   -0.07113      0.358     0.9647     0.1086 -9.990e-29
 187.631366      0.378   1.460695    13.1532   -0.07115      0.375     0.9660     0.1109 -9.990e-29
 187.631372      0.392   1.448489    13.1453   -0.07116      0.389     0.9577     0.1055 -9.990e-29
 187.631377      0.400   1.418502    13.1416   -0.07116      0.397     0.9370     0.0899 -9.990e-29
 187.631383      0.404   1.382366    13.1442   -0.07115      0.401     0.9120     0.0701 -9.990e-29
 187.631389      0.402   1.358497    13.1532   -0.07115      0.399     0.8953     0.0560 -9.990e-29
 187.631395      0.396   1.355586    13.1625   -0.07118      0.393     0.8930     0.0530 -9.990e-29
 187.631400      0.388   1.368643    13.1654   -0.07122      0.385     0.9020     0.0596 -9.990e-29
 187.631406      0.382   1.384555    13.1625   -0.07125      0.379     0.9130     0.0686 -9.990e-29
 187.631412      0.375   1.386250    13.1570   -0.07125      0.372     0.9143     0.0703 -9.990e-29
 187.631418      0.365   1.364334    13.1504   -0.07125      0.362     0.8994     0.0595 -9.990e-29
 187.631424      0.361   1.334537    13.1447   -0.07121      0.358     0.8789     0.0444 -9.990e-29
 187.631429      0.366   1.322617    13.1414   -0.07123      0.363     0.8708     0.0385 -9.990e-29
 187.631435      0.376   1.330997    13.1386   -0.07127      0.373     0.8766     0.0434 -9.990e-29
 187.631441      0.384   1.344215    13.1332   -0.07127      0.381     0.8859     0.0513 -9.990e-29
 187.631447      0.390   1.353814    13.1248   -0.07123      0.387     0.8927     0.0577 -9.990e-29
 187.631453      0.399   1.356501    13.1155   -0.07122      0.396     0.8947     0.0605 -9.990e-29
 187.631458      0.407   1.345315    13.1083   -0.07124      0.404     0.8872     0.0556 -9.990e-29
 187.631464      0.410   1.320882    13.1046   -0.07127      0.407     0.8704     0.0430 -9.990e-29
 187.631470      0.408   1.299462    13.1047   -0.07129      0.405     0.8556     0.0315 -9.990e-29
 187.631476      0.402   1.296337    13.1078   -0.07130      0.399     0.8534     0.0294 -9.990e-29
 187.631481      0.395   1.304013    13.1100   -0.07124      0.392     0.8586     0.0332 -9.990e-29
 187.631487      0.395   1.297210    13.1103   -0.07116      0.392     0.8539     0.0295 -9.990e-29
 187.631493      0.402   1.264638    13.1123   -0.07103      0.399     0.8315     0.0118 -9.990e-29
 187.631499      0.409   1.226133    13.1159   -0.07101      0.406     0.8049    -0.0093 -9.990e-29
 187.631505      0.411   1.209709    13.1162   -0.07103      0.408     0.7936    -0.0181 -9.990e-29
 187.631510      0.408   1.219549    13.1123   -0.07104      0.405     0.8005    -0.0123 -9.990e-29
 187.631516      0.401   1.233262    13.1076   -0.07104      0.398     0.8100    -0.0043 -9.990e-29
 187.631522      0.389   1.228626    13.1062   -0.07107      0.386     0.8068    -0.0066 -9.990e-29
 187.631528      0.375   1.208342    13.1128   -0.07111      0.372     0.7927    -0.0184 -9.990e-29
 187.631534      0.363   1.190312    13.1313   -0.07115      0.360     0.7800    -0.0307 -9.990e-29
 187.631539      0.351   1.189342    13.1609   -0.07117      0.348     0.7787    -0.0355 -9.990e-29
 187.631545      0.340   1.211353    13.1926   -0.07116      0.337     0.7932    -0.0285 -9.990e-29
 187.631551      0.329   1.244078    13.2118   -0.07113      0.326     0.8152    -0.0139 -9.990e-29
 187.631557      0.320   1.264006    13.2144   -0.07112      0.317     0.8288    -0.0036 -9.990e-29
 187.631563      0.319   1.264415    13.2069   -0.07113      0.316     0.8293    -0.0023 -9.990e-29
 187.631568      0.320   1.269713    13.1948   -0.07114      0.317     0.8332     0.0023 -9.990e-29
 187.631574      0.319   1.300284    13.1810   -0.07112      0.316     0.8545     0.0207 -9.990e-29
 187.631580      0.320   1.335850    13.1676   -0.07108      0.317     0.8793     0.0417 -9.990e-29
 187.631586      0.329   1.346141    13.1569   -0.07102      0.326     0.8866     0.0488 -9.990e-29
 187.631591      0.340   1.330450    13.1509   -0.07099      0.337     0.8760     0.0413 -9.990e-29
 187.631597      0.351   1.309480    13.1510   -0.07102      0.348     0.8615     0.0300 -9.990e-29
 187.631603      0.362   1.300780    13.1553   -0.07106      0.359     0.8554     0.0247 -9.990e-29
 187.631609      0.370   1.307734    13.1600   -0.07107      0.367     0.8601     0.0278 -9.990e-29
 187.631615      0.371   1.318526    13.1651   -0.07103      0.368     0.8674     0.0328 -9.990e-29
 187.631620      0.369   1.313698    13.1738   -0.07098      0.366     0.8639     0.0289 -9.990e-29
 187.631626      0.373   1.284039    13.1882   -0.07092      0.370     0.8432     0.0109 -9.990e-29
 187.631632      0.383   1.241614    13.2061   -0.07089      0.380     0.8136    -0.0143 -9.990e-29
 187.631638      0.390   1.209214    13.2216   -0.07080      0.387     0.7911    -0.0339 -9.990e-29
 187.631644      0.392   1.200240    13.2289   -0.07071      0.389     0.7848    -0.0397 -9.990e-29
 187.631649      0.389   1.210499    13.2276   -0.07061      0.386     0.7919    -0.0341 -9.990e-29
 187.631655      0.383   1.220378    13.2245   -0.07053      0.380     0.7987    -0.0284 -9.990e-29
 187.631661      0.384   1.209199    13.2260   -0.07045      0.381     0.7910    -0.0345 -9.990e-29
 187.631667      0.392   1.183147    13.2336   -0.07047      0.389     0.7731    -0.0495 -9.990e-29
 187.631672      0.398   1.177405    13.2471   -0.07053      0.395     0.7689    -0.0545 -9.990e-29
 187.631678      0.399   1.213174    13.2662   -0.07050      0.396     0.7929    -0.0383 -9.990e-29
 187.631684      0.399   1.269893    13.2897   -0.07044      0.396     0.8313    -0.0117 -9.990e-29
 187.631690      0.402   1.317756    13.3157   -0.07045      0.399     0.8635     0.0099 -9.990e-29
 187.631696      0.404   1.363978    13.3396   -0.07050      0.401     0.8947     0.0310 -9.990e-29
 187.631701      0.401   1.441332    13.3571   -0.07057      0.398     0.9476     0.0696 -9.990e-29
 187.631707      0.393   1.569158    13.3690   -0.07060      0.390     1.0356     0.1363 -9.990e-29
 187.631713      0.384   1.736400    13.3795   -0.07059      0.381     1.1516     0.2249 -9.990e-29
 187.631719      0.377   1.900172    13.3882   -0.07057      0.374     1.2658     0.3122 -9.990e-29
 187.631725      0.371   1.987396    13.3930   -0.07056      0.368     1.3269     0.3589 -9.990e-29
 187.631730      0.372   1.963920    13.3966   -0.07059      0.369     1.3103     0.3456 -9.990e-29
 187.631736      0.378   1.913925    13.3990   -0.07061      0.375     1.2751     0.3180 -9.990e-29
 187.631742      0.387   1.922315    13.3971   -0.07063      0.384     1.2811     0.3228 -9.990e-29
 187.631748      0.397   1.959196    13.3920   -0.07060      0.394     1.3071     0.3437 -9.990e-29
 187.631753      0.407   1.955495    13.3875   -0.07059      0.404     1.3047     0.3424 -9.990e-29
 187.631759      0.412   1.887403    13.3874   -0.07056      0.409     1.2569     0.3054 -9.990e-29
 187.631765      0.413   1.787377    13.3930   -0.07054      0.410     1.1867     0.2503 -9.990e-29
 187.631771      0.409   1.703579    13.4010   -0.07049      0.406     1.1281     0.2038 -9.990e-29
 187.631777      0.401   1.651400    13.4075   -0.07042      0.398     1.0916     0.1746 -9.990e-29
 187.631782      0.391   1.612889    13.4113   -0.07034      0.388     1.0648     0.1533 -9.990e-29
 187.631788      0.389   1.562788    13.4136   -0.07030      0.386     1.0300     0.1260 -9.990e-29
 187.631794      0.394   1.495907    13.4154   -0.07023      0.391     0.9838     0.0899 -9.990e-29
 187.631800      0.397   1.436853    13.4187   -0.07020      0.394     0.9430     0.0578 -9.990e-29
 187.631806      0.399   1.412342    13.4269   -0.07019      0.396     0.9259     0.0435 -9.990e-29
 187.631811      0.404   1.420218    13.4422   -0.07014      0.401     0.9310     0.0454 -9.990e-29
 187.631817      0.409   1.431580    13.4621   -0.07007      0.406     0.9383     0.0484 -9.990e-29
 187.631823      0.409   1.423284    13.4807   -0.07003      0.406     0.9322     0.0411 -9.990e-29
 187.631829      0.405   1.412574    13.4936   -0.06988      0.402     0.9245     0.0334 -9.990e-29
 187.631834      0.395   1.449551    13.5018   -0.06988      0.392     0.9497     0.0519 -9.990e-29
 187.631840      0.385   1.559100    13.5112   -0.06996      0.382     1.0249     0.1089 -9.990e-29
 187.631846      0.381   1.704130    13.5248   -0.07001      0.378     1.1249     0.1845 -9.990e-29
 187.631852      0.387   1.828796    13.5378   -0.07001      0.384     1.2112     0.2496 -9.990e-29
 187.631858      0.401   1.910586    13.5464   -0.07004      0.398     1.2679     0.2925 -9.990e-29
 187.631863      0.413   1.962516    13.5528   -0.07010      0.410     1.3040     0.3195 -9.990e-29
 187.631869      0.421   2.026069    13.5585   -0.07016      0.417     1.3483     0.3531 -9.990e-29
 187.631875      0.426   2.136018    13.5634   -0.07023      0.422     1.4254     0.4121 -9.990e-29
 187.631881      0.426   2.283502    13.5663   -0.07022      0.422     1.5293     0.4921 -9.990e-29
 187.631887      0.423   2.462506    13.5654   -0.07017      0.419     1.6561     0.5904 -9.990e-29
 187.631892      0.421   2.633481    13.5603   -0.07015      0.417     1.7781     0.6854 -9.990e-29
