data/oxygen options/OCNMS/OCNMS2/raw_data/2006/CTD_TH060_071806faed.cnv
* Sea-Bird SBE19 Data File:
* FileName = C:\Hypoxia Data\CTD_TH060_071806.hex
* Software Version 1.1.8
* Temperature SN = 2997
* Conductivity SN = 2997
* System UpLoad Time = Jul 18 2006 14:24:20
* SEACAT PROFILER V3.1c SN 2997   07/18/06  14:23:20.411
* strain gauge pressure sensor: S/N = 184829,  range = 3000 psia,  tc = 40
# nquan = 9                                 
# nvalues = 871                         
# units = specified
# name 0 = timeJ: Julian Days
# name 1 = prSM: Pressure, Strain Gauge [db]
# name 2 = c0mS/cm: Conductivity [mS/cm]
# name 3 = t090C: Temperature [ITS-90, deg C]
# name 4 = oxML/L: Oxygen, Beckman/YSI [ml/l]
# name 5 = depSM: Depth [salt water, m], lat = 47.5
# name 6 = sal00: Salinity, Practical [PSU]
# name 7 = sigma-é00: Density [sigma-theta, kg/m^3]
# name 8 = flag: flag
# span 0 = 199.593576, 199.598611       
# span 1 =     -3.862,     59.428       
# span 2 =   0.458663,  37.888718       
# span 3 =     7.6857,    14.1968       
# span 4 =   -0.39663,   34.47493       
# span 5 =     -3.830,     58.924       
# span 6 =     0.2824,    33.7945       
# span 7 =    -0.5556,    26.3732       
# span 8 = 0.0000e+00, 0.0000e+00       
# interval = seconds: 0.5
# start_time = Jul 18 2006 14:14:45 [Instrument's time stamp, header]
# bad_flag = -9.990e-29
*END*
[from data line 641]
 199.597286     27.896  34.599343     8.5557    4.14354     27.661    32.7368    25.4149 0.0000e+00
 199.597292     28.460  34.561166     8.4938    4.18080     28.221    32.7539    25.4376 0.0000e+00
 199.597297     28.992  34.532997     8.4558    4.21330     28.748    32.7593    25.4476 0.0000e+00
 199.597303     29.497  34.517617     8.4367    4.21328     29.249    32.7606    25.4515 0.0000e+00
 199.597309     29.985  34.511315     8.4262    4.22584     29.733    32.7635    25.4553 0.0000e+00
 199.597315     30.466  34.508471     8.4196    4.23978     30.210    32.7664    25.4586 0.0000e+00
 199.597321     30.953  34.506958     8.4152    4.24105     30.692    32.7687    25.4611 0.0000e+00
 199.597326     31.456  34.506426     8.4103    4.25472     31.191    32.7725    25.4648 0.0000e+00
 199.597332     31.972  34.506150     8.4034    4.24152     31.703    32.7784    25.4704 0.0000e+00
 199.597338     32.491  34.505182     8.3957    4.22818     32.217    32.7843    25.4762 0.0000e+00
 199.597344     33.009  34.504457     8.3885    4.23001     32.731    32.7900    25.4818 0.0000e+00
 199.597350     33.523  34.505233     8.3804    4.21453     33.241    32.7981    25.4893 0.0000e+00
 199.597355     34.036  34.506286     8.3678    4.19002     33.749    32.8107    25.5011 0.0000e+00
 199.597361     34.552  34.506758     8.3461    4.12206     34.261    32.8312    25.5204 0.0000e+00
 199.597367     35.064  34.509503     8.3127    4.01739     34.768    32.8651    25.5520 0.0000e+00
 199.597373     35.566  34.520408     8.2705    3.92812     35.266    32.9159    25.5981 0.0000e+00
 199.597378     36.057  34.542215     8.2258    3.82558     35.753    32.9807    25.6555 0.0000e+00
 199.597384     36.532  34.568093     8.1851    3.73958     36.224    33.0462    25.7130 0.0000e+00
 199.597390     36.993  34.588223     8.1519    3.65423     36.681    33.0987    25.7590 0.0000e+00
 199.597396     37.447  34.601385     8.1236    3.55893     37.131    33.1392    25.7950 0.0000e+00
 199.597402     37.906  34.613890     8.0952    3.49092     37.586    33.1791    25.8306 0.0000e+00
 199.597407     38.378  34.630058     8.0667    3.42093     38.054    33.2232    25.8693 0.0000e+00
 199.597413     38.862  34.649555     8.0409    3.34590     38.534    33.2682    25.9085 0.0000e+00
 199.597419     39.356  34.670882     8.0186    3.28541     39.024    33.3119    25.9461 0.0000e+00
 199.597425     39.852  34.691611     7.9995    3.22433     39.516    33.3520    25.9803 0.0000e+00
 199.597431     40.339  34.709639     7.9824    3.18623     39.998    33.3874    26.0106 0.0000e+00
 199.597436     40.809  34.724871     7.9665    3.16130     40.464    33.4186    26.0375 0.0000e+00
 199.597442     41.262  34.737969     7.9529    3.13917     40.914    33.4454    26.0605 0.0000e+00
 199.597448     41.702  34.748997     7.9426    3.12470     41.350    33.4669    26.0789 0.0000e+00
 199.597454     42.131  34.757497     7.9346    3.10182     41.775    33.4834    26.0930 0.0000e+00
 199.597459     42.558  34.763570     7.9265    3.08178     42.198    33.4975    26.1053 0.0000e+00
 199.597465     42.999  34.768007     7.9178    3.06658     42.636    33.5104    26.1167 0.0000e+00
 199.597471     43.459  34.771659     7.9098    3.05751     43.092    33.5217    26.1268 0.0000e+00
 199.597477     43.943  34.775454     7.9031    3.04945     43.572    33.5320    26.1358 0.0000e+00
 199.597483     44.447  34.779951     7.8981    3.04427     44.071    33.5414    26.1439 0.0000e+00
 199.597488     44.960  34.784398     7.8948    3.03538     44.580    33.5491    26.1504 0.0000e+00
 199.597494     45.471  34.787974     7.8920    3.04064     45.087    33.5554    26.1558 0.0000e+00
 199.597500     45.976  34.790945     7.8892    3.02931     45.587    33.5610    26.1606 0.0000e+00
 199.597506     46.476  34.793330     7.8874    3.02774     46.083    33.5651    26.1641 0.0000e+00
 199.597512     46.969  34.794927     7.8872    3.02648     46.572    33.5667    26.1654 0.0000e+00
 199.597517     47.443  34.796727     7.8889    3.01224     47.042    33.5668    26.1652 0.0000e+00
 199.597523     47.889  34.799429     7.8918    3.02682     47.484    33.5667    26.1647 0.0000e+00
 199.597529     48.316  34.802134     7.8939    3.02149     47.907    33.5674    26.1650 0.0000e+00
 199.597535     48.745  34.802823     7.8928    3.02228     48.332    33.5690    26.1664 0.0000e+00
 199.597541     49.191  34.801843     7.8895    3.02654     48.775    33.5709    26.1684 0.0000e+00
 199.597546     49.653  34.801795     7.8867    3.01591     49.233    33.5733    26.1707 0.0000e+00
 199.597552     50.125  34.802600     7.8857    2.99863     49.701    33.5749    26.1721 0.0000e+00
 199.597558     50.599  34.803630     7.8854    2.98985     50.171    33.5761    26.1731 0.0000e+00
 199.597564     51.068  34.805682     7.8838    2.94201     50.636    33.5796    26.1761 0.0000e+00
 199.597569     51.529  34.809791     7.8804    2.90820     51.093    33.5870    26.1824 0.0000e+00
 199.597575     51.980  34.815811     7.8760    2.84973     51.540    33.5975    26.1913 0.0000e+00
 199.597581     52.414  34.822221     7.8694    2.76861     51.970    33.6105    26.2025 0.0000e+00
 199.597587     52.836  34.828576     7.8537    2.69997     52.388    33.6323    26.2219 0.0000e+00
 199.597593     53.258  34.834924     7.8205    2.62993     52.807    33.6709    26.2571 0.0000e+00
 199.597598     53.693  34.839617     7.7745    2.58567     53.238    33.7202    26.3025 0.0000e+00
 199.597604     54.152  34.839923     7.7337    2.57020     53.693    33.7598    26.3395 0.0000e+00
 199.597610     54.629  34.836791     7.7089    2.55874     54.166    33.7803    26.3592 0.0000e+00
 199.597616     55.112  34.833869     7.6969    2.55470     54.645    33.7885    26.3674 0.0000e+00
 199.597622     55.589  34.832284     7.6918    2.55417     55.118    33.7915    26.3705 0.0000e+00
 199.597627     56.047  34.831584     7.6902    2.54657     55.572    33.7921    26.3712 0.0000e+00
 199.597633     56.478  34.831380     7.6901    2.55451     55.999    33.7918    26.3709 0.0000e+00
 199.597639     56.878  34.831382     7.6901    2.55240     56.396    33.7916    26.3708 0.0000e+00
 199.597645     57.252  34.831575     7.6890    2.55295     56.766    33.7927    26.3718 0.0000e+00
 199.597650     57.606  34.831640     7.6874    2.55059     57.117    33.7941    26.3732 0.0000e+00
 199.597656     57.941  34.831089     7.6869    2.54278     57.449    33.7939    26.3731 0.0000e+00
 199.597662     58.253  34.830292     7.6875    2.55503     57.759    33.7923    26.3717 0.0000e+00
 199.597668     58.540  34.829853     7.6875    2.55796     58.043    33.7917    26.3713 0.0000e+00
 199.597674     58.804  34.829729     7.6865    2.54948     58.305    33.7924    26.3720 0.0000e+00
 199.597679     59.040  34.829741     7.6857    2.55343     58.539    33.7931    26.3726 0.0000e+00
 199.597685     59.233  34.829888     7.6857    2.54587     58.730    33.7931    26.3727 0.0000e+00
 199.597691     59.366  34.830351     7.6865    2.54327     58.862    33.7928    26.3723 -9.990e-29
 199.597697     59.428  34.831171     7.6878    2.54961     58.924    33.7924    26.3718 -9.990e-29
 199.597703     59.417  34.832302     7.6888    2.55219     58.913    33.7926    26.3718 -9.990e-29
 199.597708     59.328  34.833557     7.6894    2.55799     58.824    33.7934    26.3724 -9.990e-29
 199.597714     59.162  34.834349     7.6898    2.56237     58.660    33.7940    26.3728 0.0000e+00
 199.597720     58.930  34.834602     7.6901    2.56198     58.430    33.7941    26.3728 0.0000e+00
 199.597726     58.649  34.834640     7.6901    2.55300     58.151    33.7943    26.3729 0.0000e+00
 199.597731     58.330  34.834500     7.6899    2.55153     57.835    33.7945    26.3731 0.0000e+00
 199.597737     57.982  34.833983     7.6897    2.54202     57.490    33.7943    26.3730 0.0000e+00
 199.597743     57.623  34.832947     7.6894    2.55120     57.134    33.7936    26.3725 0.0000e+00
 199.597749     57.263  34.831683     7.6891    2.54803     56.777    33.7927    26.3718 0.0000e+00
 199.597755     56.897  34.830736     7.6895    2.54711     56.414    33.7915    26.3708 0.0000e+00
 199.597760     56.510  34.830515     7.6913    2.55827     56.031    33.7897    26.3691 0.0000e+00
 199.597766     56.099  34.830710     7.6936    2.55613     55.623    33.7878    26.3673 0.0000e+00
 199.597772     55.676  34.830637     7.6952    2.56759     55.204    33.7864    26.3660 0.0000e+00
 199.597778     55.253  34.830195     7.6954    2.56538     54.785    33.7860    26.3656 0.0000e+00
 199.597784     54.838  34.829554     7.6948    2.55998     54.373    33.7860    26.3657 0.0000e+00
 199.597789     54.433  34.829002     7.6953    2.57499     53.972    33.7852    26.3650 0.0000e+00
 199.597795     54.034  34.829131     7.6987    2.59411     53.576    33.7822    26.3621 0.0000e+00
 199.597801     53.633  34.830131     7.7065    2.64433     53.178    33.7759    26.3560 0.0000e+00
 199.597807     53.227  34.831671     7.7194    2.69609     52.776    33.7652    26.3458 0.0000e+00
 199.597813     52.814  34.833023     7.7378    2.74983     52.367    33.7491    26.3304 0.0000e+00
 199.597818     52.391  34.833207     7.7637    2.81710     51.947    33.7244    26.3073 0.0000e+00
 199.597824     51.955  34.831368     7.7968    2.86732     51.515    33.6906    26.2759 0.0000e+00
 199.597830     51.514  34.826197     7.8292    2.90353     51.078    33.6540    26.2425 0.0000e+00
 199.597836     51.068  34.818114     7.8513    2.93802     50.636    33.6242    26.2159 0.0000e+00
 199.597841     50.621  34.810949     7.8618    2.94122     50.192    33.6066    26.2005 0.0000e+00
 199.597847     50.178  34.807510     7.8647    2.94454     49.753    33.6003    26.1952 0.0000e+00
 199.597853     49.744  34.806602     7.8643    2.95010     49.323    33.6000    26.1949 0.0000e+00
 199.597859     49.327  34.805914     7.8640    2.94891     48.909    33.5997    26.1947 0.0000e+00
 199.597865     48.926  34.805109     7.8645    2.96637     48.512    33.5985    26.1938 0.0000e+00
 199.597870     48.527  34.803695     7.8656    2.96758     48.116    33.5962    26.1917 0.0000e+00
 199.597876     48.118  34.801487     7.8684    2.96749     47.711    33.5913    26.1875 0.0000e+00
 199.597882     47.696  34.799486     7.8729    2.97889     47.292    33.5850    26.1819 0.0000e+00
 199.597888     47.262  34.796725     7.8774    2.98286     46.862    33.5779    26.1757 0.0000e+00
 199.597894     46.829  34.792909     7.8805    2.98333     46.433    33.5711    26.1698 0.0000e+00
 199.597899     46.406  34.789700     7.8821    2.99751     46.014    33.5663    26.1658 0.0000e+00
 199.597905     45.992  34.787887     7.8830    2.99617     45.603    33.5637    26.1636 0.0000e+00
 199.597911     45.580  34.786758     7.8843    3.00638     45.195    33.5614    26.1617 0.0000e+00
 199.597917     45.158  34.785386     7.8861    3.01792     44.776    33.5584    26.1590 0.0000e+00
 199.597922     44.727  34.783645     7.8873    3.00817     44.349    33.5556    26.1566 0.0000e+00
 199.597928     44.296  34.781475     7.8879    3.01487     43.922    33.5529    26.1544 0.0000e+00
 199.597934     43.875  34.779368     7.8887    3.02347     43.504    33.5501    26.1521 0.0000e+00
 199.597940     43.451  34.777901     7.8909    3.02923     43.084    33.5466    26.1490 0.0000e+00
 199.597946     43.012  34.776259     7.8952    3.05463     42.649    33.5409    26.1439 0.0000e+00
 199.597951     42.559  34.772833     7.9002    3.07604     42.199    33.5326    26.1367 0.0000e+00
 199.597957     42.107  34.767562     7.9041    3.10698     41.751    33.5235    26.1289 0.0000e+00
 199.597963     41.665  34.762971     7.9078    3.14644     41.313    33.5152    26.1219 0.0000e+00
 199.597969     41.231  34.760253     7.9143    3.17455     40.883    33.5063    26.1139 0.0000e+00
 199.597975     40.794  34.756923     7.9282    3.22625     40.450    33.4896    26.0988 0.0000e+00
 199.597980     40.348  34.748563     7.9486    3.27747     40.007    33.4613    26.0736 0.0000e+00
 199.597986     39.894  34.735259     7.9655    3.33728     39.557    33.4311    26.0474 0.0000e+00
 199.597992     39.443  34.721726     7.9747    3.41299     39.110    33.4081    26.0280 0.0000e+00
 199.597998     38.999  34.710133     7.9824    3.49917     38.670    33.3885    26.0115 0.0000e+00
 199.598003     38.552  34.700187     7.9978    3.58627     38.227    33.3634    25.9895 0.0000e+00
 199.598009     38.086  34.688739     8.0273    3.66489     37.765    33.3233    25.9537 0.0000e+00
 199.598015     37.601  34.668396     8.0630    3.73316     37.284    33.2679    25.9049 0.0000e+00
 199.598021     37.114  34.638972     8.0887    3.79939     36.801    33.2124    25.8576 0.0000e+00
 199.598027     36.640  34.612849     8.1010    3.86585     36.331    33.1731    25.8250 0.0000e+00
 199.598032     36.185  34.597281     8.1078    3.92760     35.880    33.1503    25.8061 0.0000e+00
 199.598038     35.739  34.588919     8.1171    4.00046     35.438    33.1329    25.7910 0.0000e+00
 199.598044     35.289  34.582243     8.1395    4.07288     34.991    33.1048    25.7657 0.0000e+00
 199.598050     34.821  34.572855     8.1894    4.12922     34.527    33.0480    25.7137 0.0000e+00
 199.598056     34.338  34.554425     8.2577    4.18339     34.049    32.9645    25.6381 0.0000e+00
 199.598061     33.845  34.527075     8.3103    4.21061     33.560    32.8865    25.5691 0.0000e+00
 199.598067     33.360  34.504273     8.3356    4.22998     33.079    32.8389    25.5280 0.0000e+00
 199.598073     32.889  34.492660     8.3457    4.23713     32.612    32.8175    25.5097 0.0000e+00
 199.598079     32.428  34.487997     8.3500    4.22040     32.155    32.8087    25.5022 0.0000e+00
 199.598084     31.970  34.485771     8.3552    4.20685     31.701    32.8017    25.4959 0.0000e+00
 199.598090     31.499  34.483034     8.3663    4.19071     31.234    32.7887    25.4841 0.0000e+00
 199.598096     31.005  34.480080     8.3811    4.16977     30.744    32.7720    25.4688 0.0000e+00
 199.598102     30.504  34.478596     8.3925    4.18566     30.247    32.7601    25.4577 0.0000e+00
 199.598108     30.021  34.478870     8.3989    4.20313     29.768    32.7547    25.4525 0.0000e+00
 199.598113     29.558  34.480172     8.4038    4.19928     29.309    32.7517    25.4494 0.0000e+00
 199.598119     29.099  34.481455     8.4106    4.16827     28.854    32.7469    25.4447 0.0000e+00
 199.598125     28.628  34.482207     8.4274    4.08109     28.387    32.7323    25.4307 0.0000e+00
 199.598131     28.136  34.484570     8.4662    4.01488     27.899    32.6990    25.3988 0.0000e+00
 199.598137     27.627  34.494519     8.5282    3.95628     27.395    32.6523    25.3528 0.0000e+00
 199.598142     27.110  34.515247     8.5982    3.92577     26.882    32.6096    25.3088 0.0000e+00
 199.598148     26.595  34.542457     8.6548    3.95296     26.371    32.5861    25.2818 0.0000e+00
 199.598154     26.098  34.569845     8.6850    4.00781     25.879    32.5872    25.2781 0.0000e+00
 199.598160     25.628  34.590226     8.6923    4.09702     25.413    32.6020    25.2886 0.0000e+00
 199.598166     25.182  34.600524     8.6960    4.23998     24.970    32.6096    25.2939 0.0000e+00
 199.598171     24.744  34.610570     8.7110    4.39202     24.536    32.6065    25.2892 0.0000e+00
 199.598177     24.296  34.622002     8.7393    4.54031     24.092    32.5926    25.2740 0.0000e+00
 199.598183     23.825  34.625405     8.7904    4.66400     23.625    32.5494    25.2323 0.0000e+00
 199.598189     23.340  34.630387     8.8601    4.76966     23.144    32.4908    25.1758 0.0000e+00
 199.598194     22.854  34.649782     8.9202    4.84256     22.662    32.4563    25.1395 0.0000e+00
 199.598200     22.373  34.681442     8.9561    4.90453     22.185    32.4566    25.1342 0.0000e+00
