data/oxygen options/OCNMS/OCNMS2/raw_data/2006/CTD_TH060_070606faed.cnv
* Sea-Bird SBE19 Data File:
* FileName = C:\Hypoxia_Data_2006\CTD_TH060_070606.hex
* Software Version 1.1.6
* Temperature SN = 2997
* Conductivity SN = 2997
* System UpLoad Time = Jul 06 2006 16:11:58
* SEACAT PROFILER V3.1c SN 2997   07/06/06  16:11:03.675
* strain gauge pressure sensor: S/N = 184829,  range = 3000 psia,  tc = 40
# nquan = 9                                 
# nvalues = 642                         
# units = specified
# name 0 = timeJ: Julian Days
# name 1 = prSM: Pressure, Strain Gauge [db]
# name 2 = c0mS/cm: Conductivity [mS/cm]
# name 3 = t090C: Temperature [ITS-90, deg C]
# name 4 = oxML/L: Oxygen, Beckman/YSI [ml/l]
# name 5 = depSM: Depth [salt water, m], lat = 47.5
# name 6 = sal00: Salinity, Practical [PSU]
# name 7 = sigma-é00: Density [sigma-theta, kg/m^3]
# name 8 = flag: flag
# span 0 = 187.669688, 187.673397       
# span 1 =     -4.249,     59.816       
# span 2 =   1.878633,  37.192049       
# span 3 =     7.4504,    13.9529       
# span 4 =   -0.09126,   34.66527       
# span 5 =     -4.214,     59.308       
# span 6 =     1.3493,    33.8526       
# span 7 =     0.5411,    26.4527       
# span 8 = 0.0000e+00, 0.0000e+00       
# interval = seconds: 0.5
# start_time = Jul 06 2006 16:04:21 [Instrument's time stamp, header]
# bad_flag = -9.990e-29
*END*
 187.669688     -4.249 -9.990e-29    13.9529   -0.05964     -4.214 -9.990e-29 -9.990e-29 -9.990e-29
 187.669693     -4.070  35.501795    13.5457   -0.05986     -4.036    29.4209    21.9699 -9.990e-29
 187.669699     -3.869  36.410210    13.2371   -0.05989     -3.837    30.5036    22.8663 -9.990e-29
 187.669705     -3.657  36.985868    13.0277   -0.05995     -3.627    31.2116    23.4544 -9.990e-29
 187.669711     -3.448  37.159264    12.8779   -0.05992     -3.419    31.4987    23.7055 -9.990e-29
 187.669716     -3.258  37.192049    12.7832   -0.05993     -3.231    31.6086    23.8088 -9.990e-29
 187.669722     -3.104  37.166114    12.7575   -0.05971     -3.078    31.6056    23.8114 -9.990e-29
 187.669728     -2.985  37.144148    12.7706   -0.05965     -2.960    31.5738    23.7843 -9.990e-29
 187.669734     -2.890  37.122674    12.7411   -0.05977     -2.866    31.5781    23.7933 -9.990e-29
 187.669740     -2.812  37.051398    12.6234   -0.05987     -2.789    31.6092    23.8399 -9.990e-29
 187.669745     -2.739  36.954865    12.4833   -0.05998     -2.716    31.6352    23.8866 -9.990e-29
 187.669751     -2.660  36.931660    12.4044   -0.06006     -2.638    31.6795    23.9359 -9.990e-29
 187.669757     -2.589  36.990148    12.3912   -0.06009     -2.567    31.7465    23.9902 -9.990e-29
 187.669763     -2.538  37.009705    12.4091   -0.06002     -2.517    31.7500    23.9896 -9.990e-29
 187.669769     -2.503  36.944629    12.4438   -0.06006     -2.482    31.6586    23.9122 -9.990e-29
 187.669774     -2.473  36.881583    12.4879   -0.05965     -2.452    31.5614    23.8286 -9.990e-29
 187.669780     -2.444  36.884690    12.5067   -0.05945     -2.424    31.5486    23.8151 -9.990e-29
 187.669786     -2.412  36.930100    12.4830   -0.05963     -2.392    31.6117    23.8685 -9.990e-29
 187.669792     -2.375  36.949376    12.4332   -0.05989     -2.355    31.6720    23.9246 -9.990e-29
 187.669797     -2.337  36.916098    12.3670   -0.05997     -2.318    31.6961    23.9558 -9.990e-29
 187.669803     -2.302  36.874031    12.3054   -0.06000     -2.283    31.7080    23.9766 -9.990e-29
 187.669809     -2.273  36.882711    12.2872   -0.06009     -2.254    31.7317    23.9984 -9.990e-29
 187.669815     -2.248  36.934112    12.3230   -0.06008     -2.229    31.7505    24.0062 -9.990e-29
 187.669821     -2.225  36.953734    12.4085   -0.06004     -2.206    31.6969    23.9486 -9.990e-29
 187.669826     -2.203  36.911121    12.5260   -0.06001     -2.185    31.5575    23.8183 -9.990e-29
 187.669832     -2.177  36.874074    12.5901   -0.06006     -2.159    31.4686    23.7373 -9.990e-29
 187.669838     -2.140  36.894258    12.5400   -0.06007     -2.122    31.5297    23.7941 -9.990e-29
 187.669844     -2.094  36.935270    12.4335   -0.06016     -2.077    31.6582    23.9139 -9.990e-29
 187.669850     -2.049  36.971628    12.3545   -0.06020     -2.032    31.7596    24.0074 -9.990e-29
 187.669855     -2.019  37.000229    12.3219   -0.06014     -2.002    31.8146    24.0561 -9.990e-29
 187.669861     -2.008  36.991340    12.3142   -0.06013     -1.991    31.8126    24.0560 -9.990e-29
 187.669867     -2.000  36.917438    12.3152   -0.06014     -1.983    31.7411    24.0004 -9.990e-29
 187.669873     -1.984  36.819185    12.3120   -0.06018     -1.967    31.6499    23.9303 -9.990e-29
 187.669878     -1.957  36.778276    12.2956   -0.06022     -1.941    31.6246    23.9138 -9.990e-29
 187.669884     -1.923  36.815401    12.2765   -0.06020     -1.907    31.6762    23.9574 -9.990e-29
 187.669890     -1.884  36.883053    12.2639   -0.06018     -1.868    31.7516    24.0182 -9.990e-29
 187.669896     -1.849  36.907652    12.2471   -0.06016     -1.834    31.7894    24.0506 -9.990e-29
 187.669902     -1.826  36.863694    12.2267   -0.06009     -1.811    31.7646    24.0352 -9.990e-29
 187.669907     -1.813  36.814372    12.2113   -0.06005     -1.798    31.7304    24.0116 -9.990e-29
 187.669913     -1.804  36.824138    12.1999   -0.06004     -1.789    31.7494    24.0285 -9.990e-29
 187.669919     -1.791  36.883062    12.1916   -0.05998     -1.776    31.8130    24.0793 -9.990e-29
 187.669925     -1.768  36.932300    12.1853   -0.05994     -1.753    31.8656    24.1213 -9.990e-29
 187.669931     -1.739  36.934879    12.1788   -0.05998     -1.724    31.8736    24.1287 -9.990e-29
 187.669936     -1.710  36.903828    12.1746   -0.06000     -1.696    31.8473    24.1091 -9.990e-29
 187.669942     -1.682  36.885325    12.1835   -0.06002     -1.668    31.8220    24.0878 -9.990e-29
 187.669948     -1.656  36.905808    12.2196   -0.06005     -1.642    31.8109    24.0725 -9.990e-29
 187.669954     -1.633  36.925311    12.2767   -0.06006     -1.619    31.7811    24.0387 -9.990e-29
 187.669959     -1.616  36.886853    12.3233   -0.06002     -1.603    31.7048    23.9708 -9.990e-29
 187.669965     -1.600  36.802055    12.3447   -0.06006     -1.587    31.6058    23.8900 -9.990e-29
 187.669971     -1.579  36.745312    12.3530   -0.06009     -1.566    31.5446    23.8410 -9.990e-29
 187.669977     -1.552  36.762215    12.3549   -0.06009     -1.539    31.5591    23.8519 -9.990e-29
 187.669983     -1.521  36.825423    12.3520   -0.06007     -1.508    31.6219    23.9011 -9.990e-29
 187.669988     -1.494  36.873954    12.3527   -0.06009     -1.482    31.6676    23.9364 -9.990e-29
 187.669994     -1.473  36.870460    12.3538   -0.06014     -1.461    31.6634    23.9329 -9.990e-29
 187.670000     -1.456  36.819871    12.3469   -0.06020     -1.444    31.6209    23.9013 -9.990e-29
 187.670006     -1.442  36.761949    12.3341   -0.06019     -1.430    31.5763    23.8692 -9.990e-29
 187.670012     -1.431  36.739582    12.3174   -0.06018     -1.419    31.5690    23.8666 -9.990e-29
 187.670017     -1.422  36.768445    12.3026   -0.06019     -1.410    31.6091    23.9005 -9.990e-29
 187.670023     -1.414  36.819745    12.2984   -0.06022     -1.402    31.6617    23.9420 -9.990e-29
 187.670029     -1.407  36.832332    12.2984   -0.06022     -1.395    31.6737    23.9513 -9.990e-29
 187.670035     -1.395  36.799476    12.2891   -0.06017     -1.383    31.6501    23.9348 -9.990e-29
 187.670041     -1.375  36.778411    12.2681   -0.06014     -1.364    31.6477    23.9369 -9.990e-29
 187.670046     -1.348  36.793841    12.2404   -0.06016     -1.337    31.6859    23.9717 -9.990e-29
 187.670052     -1.323  36.816461    12.2127   -0.06022     -1.312    31.7310    24.0118 -9.990e-29
 187.670058     -1.305  36.827108    12.1943   -0.06019     -1.294    31.7568    24.0353 -9.990e-29
 187.670064     -1.294  36.844513    12.1918   -0.06014     -1.283    31.7756    24.0503 -9.990e-29
 187.670069     -1.284  36.870049    12.2037   -0.06016     -1.273    31.7900    24.0592 -9.990e-29
 187.670075     -1.276  36.862075    12.2208   -0.06019     -1.265    31.7678    24.0389 -9.990e-29
 187.670081     -1.263  36.797668    12.2338   -0.06021     -1.252    31.6951    23.9800 -9.990e-29
 187.670087     -1.242  36.717241    12.2385   -0.06023     -1.232    31.6141    23.9164 -9.990e-29
 187.670093     -1.215  36.685291    12.2347   -0.06027     -1.205    31.5867    23.8958 -9.990e-29
 187.670098     -1.189  36.719864    12.2283   -0.06031     -1.179    31.6252    23.9269 -9.990e-29
 187.670104     -1.162  36.770614    12.2267   -0.06030     -1.152    31.6752    23.9659 -9.990e-29
 187.670110     -1.133  36.777346    12.2325   -0.06025     -1.124    31.6767    23.9660 -9.990e-29
 187.670116     -1.107  36.751891    12.2401   -0.06025     -1.098    31.6459    23.9407 -9.990e-29
 187.670122     -1.085  36.743396    12.2405   -0.06028     -1.076    31.6374    23.9341 -9.990e-29
 187.670127     -1.059  36.745638    12.2273   -0.06029     -1.050    31.6507    23.9468 -9.990e-29
 187.670133     -1.029  36.733610    12.2032   -0.06030     -1.020    31.6595    23.9582 -9.990e-29
 187.670139     -0.996  36.735089    12.1816   -0.06028     -0.988    31.6792    23.9775 -9.990e-29
 187.670145     -0.968  36.764440    12.1707   -0.06026     -0.960    31.7166    24.0085 -9.990e-29
 187.670150     -0.946  36.774447    12.1683   -0.06029     -0.938    31.7282    24.0180 -9.990e-29
 187.670156     -0.925  36.739229    12.1682   -0.06030     -0.917    31.6945    23.9918 -9.990e-29
 187.670162     -0.899  36.697715    12.1668   -0.06030     -0.891    31.6559    23.9621 -9.990e-29
 187.670168     -0.871  36.701762    12.1673   -0.06027     -0.864    31.6593    23.9647 -9.990e-29
 187.670174     -0.848  36.740550    12.1737   -0.06029     -0.841    31.6911    23.9882 -9.990e-29
 187.670179     -0.833  36.747474    12.1822   17.58771     -0.826    31.6905    23.9861 -9.990e-29
 187.670185     -0.819  36.699278    12.1829   32.36078     -0.812    31.6437    23.9497 -9.990e-29
 187.670191     -0.803  36.643400    12.1754   34.66527     -0.796    31.5965    23.9145 -9.990e-29
 187.670197     -0.783  36.636668    12.1696   30.91378     -0.776    31.5949    23.9144 -9.990e-29
 187.670203     -0.763  36.677452    12.1717   20.75377     -0.757    31.6322    23.9429 -9.990e-29
 187.670208     -0.748  36.702369    12.1796   15.98306     -0.742    31.6495    23.9548 -9.990e-29
 187.670214     -0.739  36.674005    12.1846   16.09933     -0.733    31.6180    23.9295 -9.990e-29
 187.670220     -0.727  36.625282    12.1817   14.07965     -0.721    31.5738    23.8957 -9.990e-29
 187.670226     -0.706  36.608541    12.1757    5.79723     -0.700    31.5628    23.8883 -9.990e-29
 187.670231     -0.679  36.621153    12.1727    1.44832     -0.673    31.5774    23.9002 -9.990e-29
 187.670237     -0.653  36.603688    12.1732   -0.09126     -0.648    31.5602    23.8868 -9.990e-29
 187.670243     -0.631  36.546374    12.1725    1.34846     -0.626    31.5059    23.8448 -9.990e-29
 187.670249     -0.611  36.499631    12.1679    4.67777     -0.606    31.4649    23.8139 -9.990e-29
 187.670255     -0.592  36.478604    12.1624    5.61600     -0.587    31.4494    23.8029 -9.990e-29
 187.670260     -0.572  36.469895    12.1592    6.07708     -0.567    31.4437    23.7991 -9.990e-29
 187.670266     -0.552  36.466992    12.1575    6.33939     -0.547    31.4424    23.7983 -9.990e-29
 187.670272     -0.529  36.464957    12.1561    6.48023     -0.525    31.4416    23.7980 -9.990e-29
 187.670278     -0.505  36.462250    12.1578    6.57911     -0.501    31.4376    23.7946 -9.990e-29
 187.670284     -0.489  36.463165    12.1648    6.64623     -0.485    31.4326    23.7894 -9.990e-29
 187.670289     -0.484  36.470097    12.1722    6.68393     -0.480    31.4330    23.7883 -9.990e-29
 187.670295     -0.483  36.477196    12.1744    6.72632     -0.479    31.4379    23.7917 -9.990e-29
 187.670301     -0.481  36.479956    12.1719    6.75093     -0.477    31.4427    23.7959 -9.990e-29
 187.670307     -0.470  36.478747    12.1687    6.76546     -0.466    31.4442    23.7977 -9.990e-29
 187.670312     -0.457  36.475375    12.1683    6.78616     -0.453    31.4413    23.7955 -9.990e-29
 187.670318     -0.447  36.474371    12.1716    6.78953     -0.443    31.4376    23.7920 -9.990e-29
 187.670324     -0.445  36.477814    12.1767    6.81285     -0.441    31.4366    23.7903 -9.990e-29
 187.670330     -0.446  36.481373    12.1802    6.81077     -0.442    31.4370    23.7900 -9.990e-29
 187.670336     -0.442  36.482553    12.1810    6.80860     -0.438    31.4375    23.7902 -9.990e-29
 187.670341     -0.429  36.480738    12.1807    6.80722     -0.425    31.4360    23.7891 -9.990e-29
 187.670347     -0.409  36.476928    12.1801    6.79843     -0.406    31.4329    23.7868 -9.990e-29
 187.670353     -0.390  36.476754    12.1792    6.82010     -0.387    31.4334    23.7874 -9.990e-29
 187.670359     -0.371  36.480035    12.1771    6.82719     -0.368    31.4383    23.7916 -9.990e-29
 187.670365     -0.346  36.481100    12.1720    6.83073     -0.343    31.4436    23.7966 -9.990e-29
 187.670370     -0.319  36.477496    12.1648    6.83545     -0.316    31.4462    23.8000 -9.990e-29
 187.670376     -0.290  36.471204    12.1594    6.82629     -0.288    31.4447    23.7998 -9.990e-29
 187.670382     -0.260  36.465664    12.1577    6.82931     -0.258    31.4408    23.7971 -9.990e-29
 187.670388     -0.230  36.463640    12.1592    6.82000     -0.228    31.4376    23.7943 -9.990e-29
 187.670394     -0.206  36.466410    12.1625    6.81700     -0.204    31.4375    23.7936 -9.990e-29
 187.670399     -0.192  36.470987    12.1659    6.82161     -0.190    31.4390    23.7942 -9.990e-29
 187.670405     -0.183  36.473430    12.1684    6.82622     -0.181    31.4392    23.7939 -9.990e-29
 187.670411     -0.168  36.472740    12.1690    6.83098     -0.167    31.4381    23.7929 -9.990e-29
 187.670417     -0.148  36.470269    12.1673    6.82926     -0.147    31.4371    23.7925 -9.990e-29
 187.670422     -0.129  36.467978    12.1657    6.83043     -0.128    31.4363    23.7921 -9.990e-29
 187.670428     -0.115  36.467879    12.1657    6.82578     -0.114    31.4362    23.7920 -9.990e-29
 187.670434     -0.104  36.470596    12.1673    6.82585     -0.103    31.4374    23.7927 -9.990e-29
 187.670440     -0.097  36.474146    12.1700    6.81266     -0.096    31.4386    23.7931 -9.990e-29
 187.670446     -0.092  36.478217    12.1728    6.81560     -0.091    31.4401    23.7937 -9.990e-29
 187.670451     -0.090  36.485438    12.1757    6.80266     -0.089    31.4446    23.7967 -9.990e-29
 187.670457     -0.090  36.493100    12.1784    6.79986     -0.089    31.4496    23.8001 -9.990e-29
 187.670463     -0.088  36.494596    12.1816    6.80081     -0.087    31.4484    23.7985 -9.990e-29
 187.670469     -0.075  36.492486    12.1849    6.81174     -0.074    31.4436    23.7942 -9.990e-29
 187.670475     -0.050  36.492375    12.1851    6.81870     -0.050    31.4433    23.7939 -9.990e-29
 187.670480     -0.020  36.490194    12.1811    6.83099     -0.020    31.4446    23.7957 -9.990e-29
 187.670486      0.007  36.483599    12.1762    6.81406      0.007    31.4424    23.7949 -9.990e-29
 187.670492      0.026  36.479509    12.1753    6.80115      0.026    31.4392    23.7926 -9.990e-29
 187.670498      0.033  36.480887    12.1812    6.79430      0.033    31.4355    23.7886 -9.990e-29
 187.670503      0.032  36.485646    12.1922    6.80186      0.032    31.4309    23.7830 -9.990e-29
 187.670509      0.033  36.492845    12.2028    6.81536      0.033    31.4289    23.7794 -9.990e-29
 187.670515      0.040  36.504233    12.2092    6.82771      0.040    31.4344    23.7825 -9.990e-29
 187.670521      0.049  36.510878    12.2094    6.83069      0.049    31.4406    23.7873 -9.990e-29
 187.670527      0.055  36.502573    12.2052    6.81683      0.055    31.4361    23.7846 -9.990e-29
 187.670532      0.060  36.492933    12.2024    6.79985      0.059    31.4293    23.7798 -9.990e-29
 187.670538      0.064  36.492671    12.2033    6.76535      0.063    31.4283    23.7789 -9.990e-29
 187.670544      0.067  36.496951    12.2075    6.77317      0.066    31.4288    23.7785 -9.990e-29
 187.670550      0.070  36.501948    12.2143    6.78293      0.069    31.4279    23.7766 -9.990e-29
 187.670556      0.072  36.507036    12.2221    6.81867      0.071    31.4262    23.7738 -9.990e-29
 187.670561      0.073  36.510590    12.2246    6.82891      0.072    31.4275    23.7743 -9.990e-29
 187.670567      0.078  36.505574    12.2137    6.81625      0.077    31.4319    23.7797 -9.990e-29
 187.670573      0.092  36.490355    12.1953    6.80984      0.091    31.4327    23.7839 -9.990e-29
 187.670579      0.111  36.476060    12.1873    6.80847      0.110    31.4258    23.7799 -9.990e-29
 187.670584      0.128  36.473924    12.1988    6.80869      0.127    31.4141    23.7687 -9.990e-29
 187.670590      0.139  36.486145    12.2176    6.79402      0.138    31.4100    23.7621 -9.990e-29
 187.670596      0.150  36.505460    12.2274    6.79072      0.149    31.4202    23.7682 -9.990e-29
 187.670602      0.170  36.517241    12.2283    6.77604      0.169    31.4307    23.7762 -9.990e-29
 187.670608      0.200  36.514203    12.2278    6.79517      0.198    31.4282    23.7743 -9.990e-29
