data/oxygen options/OCNMS/OCNMS2/raw_data/2006/CTD_TH070_070606faed.cnv
* Sea-Bird SBE19 Data File:
* FileName = C:\Hypoxia_Data_2006\CTD_TH070_070606.hex
* Software Version 1.1.6
* Temperature SN = 2997
* Conductivity SN = 2997
* System UpLoad Time = Jul 06 2006 15:59:32
* SEACAT PROFILER V3.1c SN 2997   07/06/06  15:58:55.912
* strain gauge pressure sensor: S/N = 184829,  range = 3000 psia,  tc = 40
# nquan = 9                                 
# nvalues = 707                         
# units = specified
# name 0 = timeJ: Julian Days
# name 1 = prSM: Pressure, Strain Gauge [db]
# name 2 = c0mS/cm: Conductivity [mS/cm]
# name 3 = t090C: Temperature [ITS-90, deg C]
# name 4 = oxML/L: Oxygen, Beckman/YSI [ml/l]
# name 5 = depSM: Depth [salt water, m], lat = 47.5
# name 6 = sal00: Salinity, Practical [PSU]
# name 7 = sigma-é00: Density [sigma-theta, kg/m^3]
# name 8 = flag: flag
# span 0 = 187.659606, 187.663692       
# span 1 =     -3.812,     70.020       
# span 2 =   2.106969,  36.986264       
# span 3 =     7.4743,    13.6224       
# span 4 =   -0.07011,   35.93795       
# span 5 =     -3.780,     69.424       
# span 6 =     1.4041,    33.8763       
# span 7 =     0.3918,    26.4656       
# span 8 = 0.0000e+00, 0.0000e+00       
# interval = seconds: 0.5
# start_time = Jul 06 2006 15:49:50 [Instrument's time stamp, header]
# bad_flag = -9.990e-29
*END*
[from data line 641]
 187.663316     29.582  34.288150     8.2383    5.33492     29.333    32.7028    25.4356 0.0000e+00
 187.663322     29.100  34.279221     8.2517    5.40727     28.855    32.6811    25.4166 0.0000e+00
 187.663328     28.601  34.266921     8.2678    5.48196     28.360    32.6533    25.3925 0.0000e+00
 187.663333     28.093  34.254478     8.2853    5.55452     27.857    32.6241    25.3670 0.0000e+00
 187.663339     27.577  34.246056     8.3059    5.61514     27.345    32.5964    25.3422 0.0000e+00
 187.663345     27.055  34.243327     8.3321    5.66314     26.827    32.5694    25.3172 0.0000e+00
 187.663351     26.527  34.244899     8.3700    5.68886     26.304    32.5363    25.2855 0.0000e+00
 187.663356     25.995  34.253995     8.4232    5.71736     25.776    32.4970    25.2468 0.0000e+00
 187.663362     25.459  34.273217     8.4816    5.71880     25.245    32.4636    25.2119 0.0000e+00
 187.663368     24.923  34.296237     8.5284    5.71255     24.714    32.4450    25.1903 0.0000e+00
 187.663374     24.400  34.317313     8.5574    5.70197     24.195    32.4407    25.1826 0.0000e+00
 187.663380     23.900  34.335400     8.5723    5.69766     23.699    32.4462    25.1847 0.0000e+00
 187.663385     23.421  34.350511     8.5790    5.71743     23.224    32.4561    25.1914 0.0000e+00
 187.663391     22.954  34.361493     8.5825    5.72855     22.761    32.4646    25.1975 0.0000e+00
 187.663397     22.481  34.366727     8.5863    5.75196     22.292    32.4669    25.1987 0.0000e+00
 187.663403     21.991  34.367588     8.5957    5.75178     21.806    32.4593    25.1914 0.0000e+00
 187.663409     21.482  34.368588     8.6174    5.73081     21.302    32.4407    25.1735 0.0000e+00
 187.663414     20.961  34.376112     8.6534    5.72322     20.785    32.4158    25.1485 0.0000e+00
 187.663420     20.435  34.392341     8.6966    5.70712     20.263    32.3934    25.1245 0.0000e+00
 187.663426     19.912  34.413126     8.7332    5.70270     19.745    32.3819    25.1099 0.0000e+00
 187.663432     19.396  34.438711     8.7548    5.70977     19.233    32.3891    25.1122 0.0000e+00
 187.663437     18.892  34.469574     8.7667    5.68348     18.733    32.4106    25.1273 0.0000e+00
 187.663443     18.399  34.494723     8.7799    5.67994     18.245    32.4250    25.1365 0.0000e+00
 187.663449     17.911  34.506197     8.8022    5.69434     17.761    32.4168    25.1267 0.0000e+00
 187.663455     17.423  34.512569     8.8369    5.70396     17.277    32.3920    25.1019 0.0000e+00
 187.663461     16.934  34.525141     8.8793    5.72495     16.792    32.3666    25.0755 0.0000e+00
 187.663466     16.446  34.544979     8.9215    5.70912     16.308    32.3490    25.0552 0.0000e+00
 187.663472     15.963  34.567699     8.9615    5.70049     15.829    32.3364    25.0392 0.0000e+00
 187.663478     15.485  34.591079     9.0016    5.73936     15.355    32.3244    25.0236 0.0000e+00
 187.663484     15.006  34.619382     9.0487    5.77905     14.880    32.3112    25.0059 0.0000e+00
 187.663490     14.525  34.652779     9.1036    5.80814     14.403    32.2961    24.9856 0.0000e+00
 187.663495     14.044  34.689823     9.1570    5.78673     13.926    32.2863    24.9695 0.0000e+00
 187.663501     13.555  34.732809     9.2095    5.72276     13.441    32.2833    24.9590 0.0000e+00
 187.663507     13.055  34.773449     9.2691    5.65889     12.946    32.2716    24.9404 0.0000e+00
 187.663513     12.546  34.809298     9.3386    5.64194     12.441    32.2460    24.9094 0.0000e+00
 187.663519     12.041  34.855638     9.4069    5.67436     11.940    32.2323    24.8879 0.0000e+00
 187.663524     11.557  34.920991     9.4536    5.70345     11.460    32.2575    24.9001 0.0000e+00
 187.663530     11.097  34.982586     9.4759    5.72577     11.004    32.3008    24.9304 0.0000e+00
 187.663536     10.648  35.010400     9.4894    5.74030     10.559    32.3173    24.9411 0.0000e+00
 187.663542     10.194  35.014610     9.5138    5.74452     10.109    32.2998    24.9236 0.0000e+00
 187.663547      9.725  35.021021     9.5705    5.75345      9.644    32.2556    24.8799 0.0000e+00
 187.663553      9.236  35.045472     9.6706    5.78313      9.159    32.1909    24.8132 0.0000e+00
 187.663559      8.739  35.098134     9.7950    5.83959      8.666    32.1336    24.7483 0.0000e+00
 187.663565      8.245  35.169596     9.9074    5.93556      8.176    32.1062    24.7085 0.0000e+00
 187.663571      7.756  35.245234    10.0088    6.03400      7.691    32.0929    24.6814 0.0000e+00
 187.663576      7.276  35.321607    10.1361    6.14043      7.215    32.0573    24.6326 0.0000e+00
 187.663582      6.800  35.396245    10.3025    6.27034      6.743    31.9857    24.5489 0.0000e+00
 187.663588      6.319  35.469966    10.4995    6.33026      6.266    31.8867    24.4385 0.0000e+00
 187.663594      5.833  35.554150    10.7124    6.38668      5.784    31.7850    24.3229 0.0000e+00
 187.663600      5.345  35.654505    10.9081    6.35911      5.300    31.7148    24.2346 0.0000e+00
 187.663605      4.862  35.765209    11.0624    6.33132      4.821    31.6910    24.1891 0.0000e+00
 187.663611      4.392  35.876294    11.1802    6.31837      4.355    31.6989    24.1745 0.0000e+00
 187.663617      3.935  35.974927    11.2775    6.28066      3.902    31.7121    24.1676 0.0000e+00
 187.663623      3.493  36.041194    11.3574    6.19571      3.464    31.7084    24.1505 0.0000e+00
 187.663628      3.070  36.073161    11.4005    6.12098      3.044    31.7029    24.1385 0.0000e+00
 187.663634      2.671  36.107298    11.4256    7.00682      2.649    31.7148    24.1433 0.0000e+00
 187.663640      2.296  36.149872    11.5276 -9.990e-29      2.277    31.6691    24.0895 0.0000e+00
 187.663646      1.950  36.209975    11.7932 -9.990e-29      1.934    31.5015    23.9112 0.0000e+00
 187.663652      1.642  36.296496    12.1649 -9.990e-29      1.628    31.2720    23.6649 0.0000e+00
 187.663657      1.382  36.338569    12.4595 -9.990e-29      1.370    31.0673    23.4513 0.0000e+00
 187.663663      1.179  36.291368    12.5957 -9.990e-29      1.169    30.9104    23.3041 0.0000e+00
 187.663669      1.025  36.157676    12.6344 -9.990e-29      1.016    30.7524    23.1745 -9.990e-29
 187.663675      0.910  35.916358    12.6367 -9.990e-29      0.902    30.5227    22.9962 -9.990e-29
 187.663681      0.830  35.421249    12.6294 -9.990e-29      0.823    30.0618    22.6408 -9.990e-29
 187.663686      0.780  34.114855    12.6254 -9.990e-29      0.773    28.8377    21.6945 -9.990e-29
 187.663692      0.763  30.307480 -9.990e-29 -9.990e-29      0.757 -9.990e-29 -9.990e-29 -9.990e-29
