data/oxygen options/OCNMS/OCNMS2/raw_data/2006/CTD_TH100_060706faed.cnv
* Sea-Bird SBE19 Data File:
* FileName = C:\Hypoxia_Data_2006\CTD_TH100_060706.hex
* Software Version 1.1.6
* Temperature SN = 2997
* Conductivity SN = 2997
* System UpLoad Time = Jun 07 2006 10:20:02
* SEACAT PROFILER V3.1c SN 2997   06/07/06  10:18:41.903
* strain gauge pressure sensor: S/N = 184829,  range = 3000 psia,  tc = 40
# nquan = 9                                 
# nvalues = 899                         
# units = specified
# name 0 = timeJ: Julian Days
# name 1 = prSM: Pressure, Strain Gauge [db]
# name 2 = c0mS/cm: Conductivity [mS/cm]
# name 3 = t090C: Temperature [ITS-90, deg C]
# name 4 = oxML/L: Oxygen, Beckman/YSI [ml/l]
# name 5 = depSM: Depth [salt water, m], lat = 47.5
# name 6 = sal00: Salinity, Practical [PSU]
# name 7 = sigma-é00: Density [sigma-theta, kg/m^3]
# name 8 = flag: flag
# span 0 = 158.423762, 158.428958       
# span 1 =     -5.516,    100.919       
# span 2 =   0.013989,  37.072880       
# span 3 =     7.7830,    15.7322       
# span 4 =   -0.38585,   31.94053       
# span 5 =     -5.470,    100.052       
# span 6 =     0.0135,    33.7870       
# span 7 =    -1.0015,    26.3543       
# span 8 = 0.0000e+00, 0.0000e+00       
# interval = seconds: 0.5
# start_time = Jun 07 2006 10:10:13 [Instrument's time stamp, header]
# bad_flag = -9.990e-29
*END*
 158.423762     -5.495 -9.990e-29    15.7322   -0.06679     -5.449 -9.990e-29 -9.990e-29 -9.990e-29
 158.423767     -5.506   0.015605    15.7317   -0.06679     -5.460     0.0143    -1.0015 -9.990e-29
 158.423773     -5.513   0.015502    15.7267   -0.06679     -5.467     0.0142    -1.0008 -9.990e-29
 158.423779     -5.516   0.015192    15.7176   -0.06679     -5.470     0.0141    -0.9994 -9.990e-29
 158.423785     -5.511   0.014815    15.7066   -0.06679     -5.465     0.0139    -0.9978 -9.990e-29
 158.423791     -5.497   0.014795    15.6944   -0.06679     -5.451     0.0139    -0.9959 -9.990e-29
 158.423796     -5.483   0.015103    15.6830   -0.06679     -5.437     0.0140    -0.9940 -9.990e-29
 158.423802     -5.466   0.015411    15.6757   -0.06678     -5.420     0.0142    -0.9927 -9.990e-29
 158.423808     -5.443   0.015575    15.6721   -0.06677     -5.398     0.0142    -0.9921 -9.990e-29
 158.423814     -5.416   0.015629    15.6702   -0.06675     -5.371     0.0143    -0.9917 -9.990e-29
 158.423819     -5.391   0.015647    15.6689   -0.06674     -5.346     0.0143    -0.9915 -9.990e-29
 158.423825     -5.372   0.015652    15.6680   -0.06672     -5.327     0.0143    -0.9914 -9.990e-29
 158.423831     -5.353   0.015652    15.6679   -0.06671     -5.308     0.0143    -0.9914 -9.990e-29
 158.423837     -5.328   0.015648    15.6689   -0.06670     -5.284     0.0143    -0.9915 -9.990e-29
 158.423843     -5.296   0.015634    15.6707   -0.06670     -5.252     0.0143    -0.9918 -9.990e-29
 158.423848     -5.259   0.015593    15.6738   -0.06670     -5.215     0.0142    -0.9923 -9.990e-29
 158.423854     -5.223   0.015469    15.6786   -0.06671     -5.179     0.0142    -0.9931 -9.990e-29
 158.423860     -5.190   0.015099    15.6851   -0.06671     -5.147     0.0140    -0.9943 -9.990e-29
 158.423866     -5.163   0.014545    15.6930   -0.06671     -5.120     0.0137    -0.9958 -9.990e-29
 158.423872     -5.143   0.014175    15.7010   -0.06672     -5.100     0.0136    -0.9972 -9.990e-29
 158.423877     -5.126   0.014051    15.7086   -0.06671     -5.083     0.0135    -0.9984 -9.990e-29
 158.423883     -5.102   0.014010    15.7149   -0.06672     -5.059     0.0135    -0.9994 -9.990e-29
 158.423889     -5.070   0.013996    15.7187   -0.06673     -5.028     0.0135    -1.0000 -9.990e-29
 158.423895     -5.039   0.013991    15.7199   -0.06674     -4.997     0.0135    -1.0002 -9.990e-29
 158.423900     -5.017   0.013989    15.7194   -0.06675     -4.975     0.0135    -1.0002 -9.990e-29
 158.423906     -5.002   0.013989    15.7180   -0.06676     -4.960     0.0135    -0.9999 -9.990e-29
 158.423912     -4.989   0.013989    15.7163   -0.06677     -4.947     0.0135    -0.9997 -9.990e-29
 158.423918     -4.973   0.013990    15.7150   -0.06678     -4.932     0.0135    -0.9995 -9.990e-29
 158.423924     -4.953   0.013994    15.7143   -0.06683     -4.912     0.0135    -0.9993 -9.990e-29
 158.423929     -4.927   0.014007    15.7131   -0.06687     -4.886     0.0135    -0.9991 -9.990e-29
 158.423935     -4.899   0.014047    15.7096   -0.06692     -4.858     0.0135    -0.9986 -9.990e-29
 158.423941     -4.871   0.014167    15.7046   -0.05767     -4.830     0.0136    -0.9977 -9.990e-29
 158.423947     -4.840   0.014530    15.6997   -0.05758     -4.800     0.0137    -0.9968 -9.990e-29
 158.423953     -4.806   0.015619    15.6948   -0.05757     -4.766     0.0143    -0.9956 -9.990e-29
 158.423958     -4.765   0.018886    15.6888   -0.05759     -4.725     0.0159    -0.9934 -9.990e-29
 158.423964     -4.716   0.028687    15.6802   -0.05770     -4.677     0.0208    -0.9882 -9.990e-29
 158.423970     -4.655   0.058092    15.6660   -0.05768     -4.616     0.0365    -0.9738 -9.990e-29
 158.423976     -4.582   0.146308    15.6441   -0.05759     -4.544     0.0862    -0.9318 -9.990e-29
 158.423981     -4.497   0.410956    15.6142   -0.05758     -4.460     0.2435    -0.8054 -9.990e-29
 158.423987     -4.396   1.203791    15.5699   -0.05758     -4.359     0.7422    -0.4132 -9.990e-29
 158.423993     -4.274   3.579710    15.5011   -0.05761     -4.238     2.3430     0.8301 -9.990e-29
 158.423999     -4.135  10.705495    15.4219   -0.05764     -4.101     7.5776     4.8561 -9.990e-29
 158.424005     -3.980  21.501826    15.3617   -0.05761     -3.947    16.1735    11.4433 -9.990e-29
 158.424010     -3.819  28.899283    15.3232   -0.05759     -3.787    22.3886    16.2102 -9.990e-29
 158.424016     -3.661  31.516574    15.3003   -0.05758     -3.630    24.6485    17.9476 -9.990e-29
 158.424022     -3.523  32.400047    15.2964   -0.05758     -3.494    25.4153    18.5367 -9.990e-29
 158.424028     -3.412  32.671609    15.3035   -0.05759     -3.384    25.6462    18.7124 -9.990e-29
 158.424034     -3.327  32.780794    15.3082   -0.05758     -3.299    25.7379    18.7818 -9.990e-29
 158.424039     -3.256  32.871507    15.3056   -0.05757     -3.229    25.8183    18.8441 -9.990e-29
 158.424045     -3.188  32.927370    15.2977   -0.05758     -3.161    25.8720    18.8869 -9.990e-29
 158.424051     -3.118  32.941595    15.2924   -0.05759     -3.092    25.8878    18.9002 -9.990e-29
 158.424057     -3.059  32.939322    15.2959   -0.05760     -3.033    25.8835    18.8961 -9.990e-29
 158.424062     -3.020  32.941627    15.3039   -0.05760     -2.995    25.8803    18.8920 -9.990e-29
 158.424068     -2.993  32.952711    15.3103   -0.05762     -2.968    25.8857    18.8948 -9.990e-29
 158.424074     -2.973  32.962694    15.3134   -0.05761     -2.948    25.8923    18.8993 -9.990e-29
 158.424080     -2.955  32.965837    15.3141   -0.05759     -2.930    25.8946    18.9009 -9.990e-29
 158.424086     -2.936  32.964099    15.3143   -0.05758     -2.912    25.8929    18.8996 -9.990e-29
 158.424091     -2.922  32.963576    15.3129   -0.05760     -2.898    25.8934    18.9002 -9.990e-29
 158.424097     -2.905  32.968065    15.3084   -0.05760     -2.881    25.9002    18.9064 -9.990e-29
 158.424103     -2.881  32.974027    15.3028   -0.05760     -2.857    25.9091    18.9143 -9.990e-29
 158.424109     -2.849  32.977087    15.2979   -0.05760     -2.825    25.9150    18.9199 -9.990e-29
 158.424115     -2.806  32.977969    15.2934   -0.05760     -2.783    25.9187    18.9236 -9.990e-29
 158.424120     -2.753  32.978416    15.2909   -0.05759     -2.730    25.9207    18.9257 -9.990e-29
 158.424126     -2.701  32.979031    15.2936   -0.05759     -2.678    25.9194    18.9242 -9.990e-29
 158.424132     -2.658  32.980077    15.2993   -0.05759     -2.636    25.9166    18.9208 -9.990e-29
 158.424138     -2.627  32.981274    15.3022   -0.05760     -2.605    25.9157    18.9195 -9.990e-29
 158.424144     -2.602  32.981981    15.3012   -0.05761     -2.580    25.9170    18.9207 -9.990e-29
 158.424149     -2.575  32.982030    15.2997   -0.05762     -2.554    25.9180    18.9218 -9.990e-29
 158.424155     -2.550  32.982058    15.2993   -0.05760     -2.529    25.9183    18.9221 -9.990e-29
 158.424161     -2.529  32.982669    15.2993   -0.05759     -2.508    25.9188    18.9225 -9.990e-29
 158.424167     -2.512  32.983563    15.3001   -0.05758     -2.491    25.9190    18.9225 -9.990e-29
 158.424172     -2.501  32.983695    15.3017   -0.05758     -2.480    25.9181    18.9215 -9.990e-29
 158.424178     -2.500  32.983249    15.3025   -0.05759     -2.479    25.9172    18.9206 -9.990e-29
 158.424184     -2.495  32.982760    15.3020   -0.05758     -2.474    25.9171    18.9207 -9.990e-29
 158.424190     -2.471  32.981022    15.3006   -0.05758     -2.450    25.9165    18.9205 -9.990e-29
 158.424196     -2.428  32.977969    15.2980   -0.05758     -2.408    25.9155    18.9203 -9.990e-29
 158.424201     -2.383  32.974582    15.2968   -0.05758     -2.363    25.9134    18.9189 -9.990e-29
 158.424207     -2.344  32.970836    15.3000   -0.05758     -2.324    25.9080    18.9141 -9.990e-29
 158.424213     -2.314  32.969592    15.3058   -0.05759     -2.295    25.9031    18.9091 -9.990e-29
 158.424219     -2.290  32.973121    15.3103   -0.05763     -2.271    25.9032    18.9083 -9.990e-29
 158.424225     -2.272  32.977168    15.3124   -0.05763     -2.253    25.9053    18.9095 -9.990e-29
 158.424230     -2.257  32.977605    15.3134   -0.05763     -2.238    25.9050    18.9091 -9.990e-29
 158.424236     -2.245  32.975025    15.3147   -0.05762     -2.226    25.9019    18.9064 -9.990e-29
 158.424242     -2.236  32.973284    15.3162   -0.05762     -2.217    25.8994    18.9042 -9.990e-29
 158.424248     -2.224  32.975113    15.3165   -0.05761     -2.205    25.9008    18.9052 -9.990e-29
 158.424253     -2.204  32.978474    15.3149   -0.05761     -2.186    25.9048    18.9086 -9.990e-29
 158.424259     -2.179  32.980568    15.3102   -0.05760     -2.161    25.9097    18.9133 -9.990e-29
 158.424265     -2.153  32.981393    15.3007   -0.05760     -2.135    25.9166    18.9206 -9.990e-29
 158.424271     -2.122  32.982053    15.2897   -0.05760     -2.104    25.9245    18.9289 -9.990e-29
 158.424277     -2.095  32.981754    15.2838   -0.05759     -2.078    25.9281    18.9328 -9.990e-29
 158.424282     -2.082  32.978982    15.2835   -0.05759     -2.065    25.9259    18.9312 -9.990e-29
 158.424288     -2.082  32.976211    15.2857   -0.05759     -2.065    25.9220    18.9278 -9.990e-29
 158.424294     -2.087  32.976481    15.2887   -0.05759     -2.070    25.9203    18.9258 -9.990e-29
 158.424300     -2.088  32.977915    15.2924   -0.05759     -2.071    25.9191    18.9242 -9.990e-29
 158.424306     -2.082  32.977950    15.2962   -0.05760     -2.065    25.9166    18.9215 -9.990e-29
 158.424311     -2.067  32.976080    15.2989   -0.05761     -2.050    25.9132    18.9183 -9.990e-29
 158.424317     -2.043  32.974305    15.3011   -0.05763     -2.026    25.9102    18.9156 -9.990e-29
 158.424323     -2.013  32.975312    15.3046   -0.05761     -1.996    25.9087    18.9137 -9.990e-29
 158.424329     -1.984  32.977648    15.3086   -0.05759     -1.967    25.9081    18.9124 -9.990e-29
 158.424334     -1.957  32.977707    15.3103   -0.05760     -1.941    25.9071    18.9113 -9.990e-29
 158.424340     -1.935  32.975576    15.3095   -0.05760     -1.919    25.9057    18.9104 -9.990e-29
 158.424346     -1.922  32.975146    15.3076   -0.05761     -1.906    25.9066    18.9115 -9.990e-29
 158.424352     -1.912  32.977534    15.3050   -0.05761     -1.896    25.9104    18.9149 -9.990e-29
 158.424358     -1.895  32.979767    15.3012   -0.05760     -1.879    25.9148    18.9191 -9.990e-29
 158.424363     -1.872  32.979784    15.2964   -0.05760     -1.856    25.9180    18.9225 -9.990e-29
 158.424369     -1.852  32.977614    15.2944   -0.05759     -1.837    25.9174    18.9225 -9.990e-29
 158.424375     -1.844  32.974854    15.2977   -0.05759     -1.829    25.9128    18.9183 -9.990e-29
 158.424381     -1.843  32.973997    15.3019   -0.05759     -1.828    25.9093    18.9147 -9.990e-29
 158.424387     -1.840  32.975587    15.3028   -0.05759     -1.825    25.9101    18.9152 -9.990e-29
 158.424392     -1.830  32.977832    15.3012   -0.05759     -1.815    25.9131    18.9178 -9.990e-29
 158.424398     -1.813  32.978687    15.2999   -0.05760     -1.798    25.9147    18.9193 -9.990e-29
 158.424404     -1.792  32.977056    15.3001   -0.05759     -1.777    25.9132    18.9181 -9.990e-29
 158.424410     -1.771  32.974696    15.3021   -0.05759     -1.756    25.9098    18.9151 -9.990e-29
 158.424416     -1.747  32.974635    15.3051   -0.05760     -1.732    25.9077    18.9129 -9.990e-29
 158.424421     -1.724  32.976799    15.3078   -0.05760     -1.710    25.9078    18.9124 -9.990e-29
 158.424427     -1.704  32.978474    15.3098   -0.05760     -1.690    25.9080    18.9121 -9.990e-29
 158.424433     -1.686  32.977976    15.3111   -0.05760     -1.672    25.9067    18.9108 -9.990e-29
 158.424439     -1.669  32.977453    15.3114   -0.05760     -1.655    25.9060    18.9103 -9.990e-29
 158.424444     -1.652  32.979018    15.3106   -0.05759     -1.638    25.9079    18.9119 -9.990e-29
 158.424450     -1.633  32.980279    15.3098   -0.05759     -1.619    25.9095    18.9133 -9.990e-29
 158.424456     -1.612  32.979562    15.3099   -0.05761     -1.599    25.9088    18.9127 -9.990e-29
 158.424462     -1.587  32.979281    15.3099   -0.05762     -1.574    25.9086    18.9125 -9.990e-29
 158.424468     -1.561  32.980751    15.3092   -0.05761     -1.548    25.9103    18.9140 -9.990e-29
 158.424473     -1.541  32.982016    15.3082   -0.05761     -1.528    25.9121    18.9155 -9.990e-29
 158.424479     -1.530  32.981406    15.3075   -0.05762     -1.517    25.9120    18.9156 -9.990e-29
 158.424485     -1.527  32.979048    15.3070   -0.05762     -1.514    25.9103    18.9144 -9.990e-29
 158.424491     -1.531  32.976291    15.3066   14.57835     -1.518    25.9081    18.9129 -9.990e-29
 158.424497     -1.540  32.975468    15.3060   29.49359     -1.527    25.9078    18.9127 -9.990e-29
 158.424502     -1.540  32.977207    15.3041   31.94053     -1.527    25.9106    18.9153 -9.990e-29
 158.424508     -1.523  32.979198    15.3005   28.82842     -1.510    25.9147    18.9191 -9.990e-29
 158.424514     -1.497  32.979651    15.2975   19.78187     -1.485    25.9170    18.9216 -9.990e-29
 158.424520     -1.473  32.978089    15.2960   14.60620     -1.461    25.9167    18.9216 -9.990e-29
 158.424525     -1.453  32.975829    15.2936   14.64227     -1.441    25.9163    18.9218 -9.990e-29
 158.424531     -1.436  32.975500    15.2905   14.58893     -1.424    25.9180    18.9238 -9.990e-29
 158.424537     -1.421  32.976702    15.2882   14.59802     -1.409    25.9206    18.9262 -9.990e-29
 158.424543     -1.407  32.977155    15.2853   14.07513     -1.395    25.9229    18.9286 -9.990e-29
 158.424549     -1.394  32.975818    15.2823    5.34423     -1.382    25.9237    18.9298 -9.990e-29
 158.424554     -1.380  32.973749    15.2821    0.72643     -1.368    25.9220    18.9286 -9.990e-29
 158.424560     -1.364  32.972713    15.2845   -0.38585     -1.353    25.9195    18.9262 -9.990e-29
 158.424566     -1.350  32.972489    15.2877    1.02949     -1.339    25.9172    18.9237 -9.990e-29
 158.424572     -1.342  32.972254    15.2910    4.98632     -1.331    25.9148    18.9212 -9.990e-29
 158.424578     -1.334  32.971735    15.2934    5.99716     -1.323    25.9128    18.9192 -9.990e-29
 158.424583     -1.321  32.970840    15.2951    6.17485     -1.310    25.9109    18.9174 -9.990e-29
 158.424589     -1.304  32.969538    15.2960    6.34154     -1.293    25.9092    18.9159 -9.990e-29
 158.424595     -1.284  32.967813    15.2960    6.40613     -1.273    25.9077    18.9147 -9.990e-29
 158.424601     -1.270  32.966768    15.2974    6.45773     -1.259    25.9058    18.9130 -9.990e-29
 158.424606     -1.264  32.967290    15.3006    6.49260     -1.253    25.9042    18.9111 -9.990e-29
 158.424612     -1.262  32.968432    15.3038    6.50885     -1.251    25.9031    18.9096 -9.990e-29
 158.424618     -1.256  32.969511    15.3063    6.52611     -1.246    25.9024    18.9085 -9.990e-29
 158.424624     -1.240  32.970326    15.3079    6.54590     -1.230    25.9020    18.9079 -9.990e-29
 158.424630     -1.218  32.970322    15.3087    6.54970     -1.208    25.9015    18.9073 -9.990e-29
 158.424635     -1.198  32.970094    15.3091    6.56208     -1.188    25.9010    18.9069 -9.990e-29
 158.424641     -1.181  32.970497    15.3094    6.55595     -1.171    25.9012    18.9069 -9.990e-29
 158.424647     -1.168  32.970984    15.3097    6.54710     -1.158    25.9014    18.9070 -9.990e-29
 158.424653     -1.157  32.971125    15.3101    6.54239     -1.147    25.9012    18.9069 -9.990e-29
 158.424659     -1.147  32.971146    15.3109    6.53905     -1.137    25.9007    18.9063 -9.990e-29
 158.424664     -1.138  32.971112    15.3116    6.54983     -1.129    25.9002    18.9058 -9.990e-29
 158.424670     -1.130  32.971018    15.3113    6.54364     -1.121    25.9003    18.9059 -9.990e-29
 158.424676     -1.121  32.970778    15.3102    6.53115     -1.112    25.9008    18.9065 -9.990e-29
 158.424682     -1.112  32.970670    15.3098    6.53226     -1.103    25.9010    18.9068 -9.990e-29
