data/oxygen options/OCNMS/OCNMS2/raw_data/2006/CTD_TH040_070606faed.cnv
* Sea-Bird SBE19 Data File:
* FileName = C:\Hypoxia_Data_2006\CTD_TH040_070606.hex
* Software Version 1.1.6
* Temperature SN = 2997
* Conductivity SN = 2997
* System UpLoad Time = Jul 06 2006 16:45:45
* SEACAT PROFILER V3.1c SN 2997   07/06/06  16:44:58.797
* strain gauge pressure sensor: S/N = 184829,  range = 3000 psia,  tc = 40
# nquan = 9                                 
# nvalues = 892                         
# units = specified
# name 0 = timeJ: Julian Days
# name 1 = prSM: Pressure, Strain Gauge [db]
# name 2 = c0mS/cm: Conductivity [mS/cm]
# name 3 = t090C: Temperature [ITS-90, deg C]
# name 4 = oxML/L: Oxygen, Beckman/YSI [ml/l]
# name 5 = depSM: Depth [salt water, m], lat = 47.5
# name 6 = sal00: Salinity, Practical [PSU]
# name 7 = sigma-é00: Density [sigma-theta, kg/m^3]
# name 8 = flag: flag
# span 0 = 187.692535, 187.697691       
# span 1 =     -4.396,     40.202       
# span 2 =   0.855415,  37.251593       
# span 3 =     7.7010,    14.3802       
# span 4 =  -12.80884,   42.03345       
# span 5 =     -4.359,     39.863       
# span 6 =     0.5633,    33.6088       
# span 7 =    -0.3074,    26.2253       
# span 8 = 0.0000e+00, 0.0000e+00       
# interval = seconds: 0.5
# start_time = Jul 06 2006 16:37:15 [Instrument's time stamp, header]
# bad_flag = -9.990e-29
*END*
[from data line 321]
 187.694392      1.439  36.761350    12.4126    6.53928      1.427    31.5086    23.8020 -9.990e-29
 187.694398      1.441  36.764665    12.4397    6.51932      1.429    31.4890    23.7817 -9.990e-29
 187.694404      1.435  36.784015    12.4785    6.57171      1.423    31.4749    23.7635 -9.990e-29
 187.694410      1.425  36.812664    12.5116    6.64837      1.413    31.4745    23.7569 -9.990e-29
 187.694416      1.420  36.838889    12.5184    6.72353      1.408    31.4937    23.7705 -9.990e-29
 187.694421      1.422  36.837643    12.4834    6.74341      1.410    31.5219    23.7989 -9.990e-29
 187.694427      1.434  36.789881    12.4344    6.68344      1.422    31.5175    23.8048 -9.990e-29
 187.694433      1.450  36.740761    12.4178    6.57704      1.438    31.4846    23.7824 -9.990e-29
 187.694439      1.464  36.736420    12.4438    6.50309      1.452    31.4587    23.7575 -9.990e-29
 187.694444      1.471  36.769935    12.4890    6.49171      1.459    31.4528    23.7443 -9.990e-29
 187.694450      1.473  36.815868    12.5285    6.58249      1.461    31.4634    23.7451 -9.990e-29
 187.694456      1.473  36.856935    12.5438    6.73094      1.461    31.4896    23.7625 -9.990e-29
 187.694462      1.481  36.873289    12.5167    6.81431      1.469    31.5278    23.7972 -9.990e-29
 187.694468      1.497  36.839062    12.4599    6.79654      1.485    31.5429    23.8197 -9.990e-29
 187.694473      1.513  36.777068    12.4230    6.68171      1.500    31.5148    23.8049 -9.990e-29
 187.694479      1.527  36.747696    12.4428    6.53363      1.514    31.4702    23.7666 -9.990e-29
 187.694485      1.534  36.772919    12.5231    6.45808      1.521    31.4271    23.7180 -9.990e-29
 187.694491      1.531  36.834189    12.6435    6.47532      1.518    31.3847    23.6623 -9.990e-29
 187.694497      1.522  36.901567    12.7403    6.54953      1.509    31.3680    23.6309 -9.990e-29
 187.694502      1.515  36.945976    12.7344    6.65135      1.502    31.4149    23.6683 -9.990e-29
 187.694508      1.518  36.942505    12.6308    6.70587      1.505    31.4980    23.7524 -9.990e-29
 187.694514      1.531  36.879823    12.5200    6.72565      1.518    31.5312    23.7993 -9.990e-29
 187.694520      1.546  36.798896    12.4714    6.75758      1.533    31.4950    23.7804 -9.990e-29
 187.694525      1.557  36.762901    12.4857    6.69207      1.544    31.4488    23.7419 -9.990e-29
 187.694531      1.558  36.784406    12.5337    6.60978      1.545    31.4291    23.7175 -9.990e-29
 187.694537      1.556  36.838225    12.5889    6.58124      1.543    31.4341    23.7109 -9.990e-29
 187.694543      1.553  36.904683    12.6334    6.56417      1.540    31.4600    23.7225 -9.990e-29
 187.694549      1.550  36.959644    12.6600    6.62446      1.537    31.4898    23.7405 -9.990e-29
 187.694554      1.551  36.989445    12.6781    6.66472      1.538    31.5029    23.7472 -9.990e-29
 187.694560      1.559  37.001294    12.6840    6.64893      1.546    31.5092    23.7510 -9.990e-29
 187.694566      1.572  36.987432    12.6685    6.63602      1.559    31.5090    23.7538 -9.990e-29
 187.694572      1.585  36.959676    12.6601    6.62773      1.572    31.4898    23.7405 -9.990e-29
 187.694578      1.601  36.950589    12.6711    6.64646      1.588    31.4720    23.7246 -9.990e-29
 187.694583      1.614  36.960953    12.6846    6.68165      1.601    31.4705    23.7209 -9.990e-29
 187.694589      1.623  36.983830    12.6985    6.64408      1.609    31.4805    23.7260 -9.990e-29
 187.694595      1.627  37.008213    12.7139    6.59039      1.613    31.4908    23.7310 -9.990e-29
 187.694601      1.627  37.016688    12.7280    6.55104      1.613    31.4870    23.7254 -9.990e-29
 187.694606      1.627  37.021119    12.7441    6.52723      1.613    31.4778    23.7151 -9.990e-29
 187.694612      1.632  37.034714    12.7681    6.57913      1.618    31.4706    23.7050 -9.990e-29
 187.694618      1.641  37.057651    12.7946    6.66924      1.627    31.4702    23.6996 -9.990e-29
 187.694624      1.655  37.072831    12.8074    6.71156      1.641    31.4739    23.7000 -9.990e-29
 187.694630      1.675  37.047203    12.8021    6.70295      1.661    31.4541    23.6857 -9.990e-29
 187.694635      1.699  36.999901    12.7893    6.64504      1.685    31.4200    23.6618 -9.990e-29
 187.694641      1.718  36.981186    12.7804    6.50321      1.704    31.4098    23.6555 -9.990e-29
 187.694647      1.730  36.996218    12.7909    6.43080      1.716    31.4152    23.6577 -9.990e-29
 187.694653      1.737  37.024651    12.8258    6.53897      1.722    31.4130    23.6494 -9.990e-29
 187.694659      1.737  37.054265    12.8562    6.65045      1.722    31.4157    23.6456 -9.990e-29
 187.694664      1.736  37.071220    12.8483    6.79461      1.722    31.4383    23.6645 -9.990e-29
 187.694670      1.742  37.050795    12.8230    6.87308      1.727    31.4400    23.6708 -9.990e-29
 187.694676      1.760  37.002777    12.8162    6.78798      1.745    31.4004    23.6414 -9.990e-29
 187.694682      1.786  36.951200    12.8290    6.60517      1.771    31.3411    23.5930 -9.990e-29
 187.694687      1.814  36.938347    12.8768    6.53446      1.799    31.2894    23.5438 -9.990e-29
 187.694693      1.840  37.014380    12.9608    6.54447      1.825    31.2914    23.5292 -9.990e-29
 187.694699      1.872  37.116283    13.0375    6.48456      1.856    31.3238    23.5394 -9.990e-29
 187.694705      1.920  37.186368    13.0769    6.45820      1.904    31.3570    23.5574 -9.990e-29
 187.694711      1.994  37.228319    13.0558    6.40542      1.977    31.4137    23.6054 -9.990e-29
 187.694716      2.105  37.197083    12.9628    6.34527      2.087    31.4615    23.6604 -9.990e-29
 187.694722      2.250  37.079617    12.8451    6.34021      2.231    31.4486    23.6732 0.0000e+00
 187.694728      2.431  36.957715    12.7205    6.29504      2.411    31.4372    23.6882 0.0000e+00
 187.694734      2.654  36.861234    12.5228    6.11712      2.632    31.5108    23.7829 0.0000e+00
 187.694740      2.926  36.732741    12.2478    5.80807      2.902    31.6194    23.9188 0.0000e+00
 187.694745      3.254  36.575350    11.9764    5.48095      3.227    31.6981    24.0303 0.0000e+00
 187.694751      3.639  36.428797    11.7348    5.28242      3.609    31.7623    24.1244 0.0000e+00
 187.694757      4.070  36.287771    11.4910    5.20579      4.036    31.8341    24.2243 0.0000e+00
 187.694763      4.542  36.129095    11.2085    5.19494      4.504    31.9226    24.3435 0.0000e+00
 187.694769      5.044  35.932986    10.8500    5.15599      5.002    32.0411    24.4985 0.0000e+00
 187.694774      5.567  35.693131    10.3874    5.05462      5.520    32.2090    24.7086 0.0000e+00
 187.694780      6.100  35.402085     9.8625    4.92472      6.049    32.3833    24.9321 0.0000e+00
 187.694786      6.636  35.090120     9.4024    4.80575      6.581    32.4796    25.0818 0.0000e+00
 187.694792      7.169  34.850987     9.0858    4.69008      7.109    32.5209    25.1641 0.0000e+00
 187.694797      7.699  34.717362     8.8985    4.56905      7.635    32.5533    25.2185 0.0000e+00
 187.694803      8.226  34.651181     8.7963    4.42408      8.157    32.5779    25.2535 0.0000e+00
 187.694809      8.753  34.623580     8.7383    4.27608      8.680    32.6022    25.2814 0.0000e+00
 187.694815      9.288  34.619588     8.7019    4.13639      9.210    32.6313    25.3098 0.0000e+00
 187.694821      9.835  34.633852     8.6796    4.01591      9.753    32.6666    25.3408 0.0000e+00
 187.694826     10.391  34.660692     8.6705    3.91997     10.304    32.7029    25.3706 0.0000e+00
 187.694832     10.943  34.692691     8.6707    3.84696     10.851    32.7360    25.3965 0.0000e+00
 187.694838     11.480  34.724825     8.6738    3.80503     11.384    32.7665    25.4200 0.0000e+00
 187.694844     12.002  34.753372     8.6771    3.76033     11.901    32.7931    25.4404 0.0000e+00
 187.694850     12.511  34.775441     8.6787    3.73813     12.406    32.8145    25.4569 0.0000e+00
 187.694855     13.010  34.788473     8.6728    3.72107     12.901    32.8335    25.4726 0.0000e+00
 187.694861     13.515  34.794123     8.6528    3.68948     13.402    32.8577    25.4947 0.0000e+00
 187.694867     14.034  34.794302     8.6212    3.69513     13.916    32.8871    25.5225 0.0000e+00
 187.694873     14.564  34.787546     8.5873    3.69794     14.442    32.9113    25.5466 0.0000e+00
 187.694878     15.098  34.773239     8.5544    3.70415     14.971    32.9267    25.5637 0.0000e+00
 187.694884     15.638  34.754711     8.5238    3.70131     15.507    32.9355    25.5753 0.0000e+00
 187.694890     16.178  34.740318     8.4954    3.67754     16.042    32.9466    25.5883 0.0000e+00
 187.694896     16.714  34.728794     8.4613    3.62802     16.574    32.9661    25.6087 0.0000e+00
 187.694902     17.252  34.715405     8.4209    3.59765     17.107    32.9896    25.6332 0.0000e+00
 187.694907     17.794  34.707512     8.3849    3.56352     17.645    33.0147    25.6583 0.0000e+00
 187.694913     18.341  34.707465     8.3571    3.54021     18.187    33.0405    25.6827 0.0000e+00
 187.694919     18.889  34.707886     8.3341    3.52005     18.730    33.0623    25.7032 0.0000e+00
 187.694925     19.431  34.705386     8.3160    3.51939     19.268    33.0765    25.7170 0.0000e+00
 187.694931     19.962  34.701092     8.3027    3.50844     19.794    33.0842    25.7251 0.0000e+00
 187.694936     20.486  34.695989     8.2918    3.49813     20.314    33.0888    25.7303 0.0000e+00
 187.694942     21.011  34.690540     8.2811    3.49257     20.835    33.0929    25.7351 0.0000e+00
 187.694948     21.540  34.685874     8.2706    3.46291     21.359    33.0976    25.7404 0.0000e+00
 187.694954     22.069  34.683598     8.2609    3.43314     21.884    33.1040    25.7469 0.0000e+00
 187.694959     22.592  34.683463     8.2511    3.38733     22.402    33.1129    25.7553 0.0000e+00
 187.694965     23.117  34.684707     8.2399    3.34951     22.923    33.1245    25.7661 0.0000e+00
 187.694971     23.652  34.687846     8.2247    3.32264     23.453    33.1420    25.7820 0.0000e+00
 187.694977     24.192  34.690317     8.2039    3.29746     23.989    33.1640    25.8024 0.0000e+00
 187.694983     24.732  34.688104     8.1788    3.27447     24.524    33.1851    25.8227 0.0000e+00
 187.694988     25.270  34.681041     8.1512    3.25560     25.058    33.2035    25.8412 0.0000e+00
 187.694994     25.800  34.672025     8.1238    3.26545     25.583    33.2196    25.8579 0.0000e+00
 187.695000     26.327  34.664152     8.1015    3.26305     26.106    33.2321    25.8710 0.0000e+00
 187.695006     26.849  34.658677     8.0873    3.27310     26.623    33.2395    25.8789 0.0000e+00
 187.695012     27.357  34.655008     8.0792    3.26792     27.127    33.2430    25.8829 0.0000e+00
 187.695017     27.849  34.652154     8.0736    3.27008     27.615    33.2451    25.8853 0.0000e+00
 187.695023     28.334  34.649654     8.0690    3.27187     28.096    33.2466    25.8872 0.0000e+00
 187.695029     28.823  34.647520     8.0654    3.27396     28.580    33.2475    25.8884 0.0000e+00
 187.695035     29.321  34.646254     8.0629    3.26947     29.074    33.2483    25.8894 0.0000e+00
 187.695041     29.829  34.645834     8.0615    3.26462     29.578    33.2489    25.8902 0.0000e+00
 187.695046     30.342  34.645678     8.0609    3.27454     30.087    33.2491    25.8904 0.0000e+00
 187.695052     30.853  34.645561     8.0604    3.27445     30.593    33.2492    25.8905 0.0000e+00
 187.695058     31.360  34.645307     8.0592    3.28300     31.096    33.2498    25.8912 0.0000e+00
 187.695064     31.861  34.644558     8.0572    3.28786     31.593    33.2507    25.8922 0.0000e+00
 187.695069     32.355  34.642857     8.0548    3.28180     32.082    33.2509    25.8927 0.0000e+00
 187.695075     32.843  34.641281     8.0530    3.27541     32.566    33.2507    25.8929 0.0000e+00
 187.695081     33.329  34.641076     8.0523    3.26536     33.048    33.2509    25.8931 0.0000e+00
 187.695087     33.816  34.641388     8.0521    3.26577     33.531    33.2512    25.8934 0.0000e+00
 187.695093     34.298  34.641494     8.0521    3.25872     34.009    33.2511    25.8933 0.0000e+00
 187.695098     34.774  34.641515     8.0519    3.27565     34.481    33.2511    25.8934 0.0000e+00
 187.695104     35.240  34.641462     8.0515    3.27917     34.943    33.2512    25.8935 0.0000e+00
 187.695110     35.693  34.641245     8.0511    3.25700     35.392    33.2511    25.8935 0.0000e+00
 187.695116     36.139  34.640556     8.0500    3.24085     35.834    33.2512    25.8938 0.0000e+00
 187.695122     36.579  34.639581     8.0472    3.22871     36.270    33.2527    25.8953 0.0000e+00
 187.695127     37.021  34.638684     8.0418    3.23048     36.709    33.2566    25.8992 0.0000e+00
 187.695133     37.466  34.637209     8.0314    3.21190     37.150    33.2647    25.9071 0.0000e+00
 187.695139     37.904  34.635417     8.0070    3.17858     37.584    33.2858    25.9272 0.0000e+00
 187.695145     38.329  34.635385     7.9602    3.14051     38.006    33.3301    25.9689 0.0000e+00
 187.695150     38.734  34.638732     7.8970    3.08350     38.407    33.3939    26.0281 0.0000e+00
 187.695156     39.101  34.644854     7.8337    3.05121     38.771    33.4609    26.0900 0.0000e+00
 187.695162     39.425  34.651230     7.7835    3.03217     39.092    33.5158    26.1404 0.0000e+00
 187.695168     39.704  34.656237     7.7472    3.02883     39.369    33.5560    26.1772 0.0000e+00
 187.695174     39.930  34.659794     7.7202    3.03210     39.593    33.5857    26.2044 0.0000e+00
 187.695179     40.096  34.662130     7.7042    3.03576     39.757    33.6036    26.2208 -9.990e-29
 187.695185     40.192  34.664093     7.7010    3.04023     39.853    33.6088    26.2253 -9.990e-29
 187.695191     40.202  34.666038     7.7116    3.05765     39.863    33.6006    26.2174 -9.990e-29
 187.695197     40.119  34.667734     7.7428    3.08485     39.780    33.5724    26.1907 -9.990e-29
 187.695203     39.945  34.666938     7.7838    3.11552     39.608    33.5321    26.1532 0.0000e+00
 187.695208     39.699  34.662012     7.8039    3.13253     39.364    33.5076    26.1310 0.0000e+00
 187.695214     39.409  34.657034     7.7975    3.15561     39.076    33.5086    26.1327 0.0000e+00
 187.695220     39.095  34.654898     7.7843    3.17084     38.765    33.5191    26.1429 0.0000e+00
 187.695226     38.767  34.654427     7.7824    3.18907     38.440    33.5206    26.1443 0.0000e+00
 187.695231     38.420  34.654416     7.8074    3.23806     38.096    33.4967    26.1219 0.0000e+00
 187.695237     38.046  34.653148     7.8653    3.25976     37.725    33.4400    26.0690 0.0000e+00
 187.695243     37.646  34.648352     7.9323    3.28685     37.328    33.3710    26.0050 0.0000e+00
 187.695249     37.230  34.640914     7.9749    3.29640     36.916    33.3226    25.9608 0.0000e+00
 187.695255     36.805  34.634372     7.9902    3.28840     36.495    33.3012    25.9417 0.0000e+00
 187.695260     36.378  34.630098     7.9945    3.29793     36.071    33.2927    25.9345 0.0000e+00
 187.695266     35.952  34.627995     7.9984    3.29898     35.649    33.2870    25.9294 0.0000e+00
 187.695272     35.522  34.627487     8.0070    3.27668     35.223    33.2785    25.9214 0.0000e+00
 187.695278     35.082  34.627883     8.0205    3.26747     34.786    33.2663    25.9099 0.0000e+00
 187.695284     34.633  34.629134     8.0331    3.26118     34.341    33.2558    25.8998 0.0000e+00
 187.695289     34.181  34.630653     8.0410    3.24753     33.893    33.2502    25.8942 0.0000e+00
 187.695295     33.728  34.631650     8.0450    3.24634     33.444    33.2476    25.8916 0.0000e+00
 187.695301     33.270  34.632322     8.0470    3.24844     32.990    33.2467    25.8906 0.0000e+00
 187.695307     32.808  34.632989     8.0483    3.23911     32.532    33.2464    25.8901 0.0000e+00
