data/oxygen options/OCNMS/OCNMS2/raw_data/2006/CTD_TH080_060706faed.cnv
* Sea-Bird SBE19 Data File:
* FileName = C:\Hypoxia_Data_2006\CTD_TH080_060706.hex
* Software Version 1.1.6
* Temperature SN = 2997
* Conductivity SN = 2997
* System UpLoad Time = Jun 07 2006 10:49:11
* SEACAT PROFILER V3.1c SN 2997   06/07/06  10:48:35.971
* strain gauge pressure sensor: S/N = 184829,  range = 3000 psia,  tc = 40
# nquan = 9                                 
# nvalues = 769                         
# units = specified
# name 0 = timeJ: Julian Days
# name 1 = prSM: Pressure, Strain Gauge [db]
# name 2 = c0mS/cm: Conductivity [mS/cm]
# name 3 = t090C: Temperature [ITS-90, deg C]
# name 4 = oxML/L: Oxygen, Beckman/YSI [ml/l]
# name 5 = depSM: Depth [salt water, m], lat = 47.5
# name 6 = sal00: Salinity, Practical [PSU]
# name 7 = sigma-é00: Density [sigma-theta, kg/m^3]
# name 8 = flag: flag
# span 0 = 158.445347, 158.449792       
# span 1 =     -5.230,     80.463       
# span 2 =   0.414969,  37.191236       
# span 3 =     7.8566,    15.1047       
# span 4 =   -0.07137,   32.95224       
# span 5 =     -5.186,     79.776       
# span 6 =     0.2611,    33.7522       
# span 7 =    -0.4571,    26.3153       
# span 8 = 0.0000e+00, 0.0000e+00       
# interval = seconds: 0.5
# start_time = Jun 07 2006 10:41:18 [Instrument's time stamp, header]
# bad_flag = -9.990e-29
*END*
[from data line 321]
 158.447205      0.725  33.180071    15.0770    6.43001      0.719    26.2374    19.2128 -9.990e-29
 158.447211      0.715  33.188903    15.0785    6.41749      0.709    26.2441    19.2177 -9.990e-29
 158.447216      0.694  33.185669    15.0811    6.42558      0.688    26.2396    19.2137 -9.990e-29
 158.447222      0.677  33.178394    15.0813    6.44210      0.671    26.2331    19.2086 -9.990e-29
 158.447228      0.673  33.176445    15.0753    6.45108      0.667    26.2354    19.2116 -9.990e-29
 158.447234      0.682  33.181153    15.0634    6.45844      0.676    26.2475    19.2233 -9.990e-29
 158.447240      0.698  33.193194    15.0533    6.44114      0.692    26.2648    19.2387 -9.990e-29
 158.447245      0.716  33.205641    15.0499    6.42911      0.710    26.2779    19.2495 -9.990e-29
 158.447251      0.731  33.208184    15.0517    6.42085      0.725    26.2789    19.2499 -9.990e-29
 158.447257      0.745  33.200289    15.0549    6.43252      0.739    26.2699    19.2423 -9.990e-29
 158.447263      0.759  33.191055    15.0554    6.45065      0.753    26.2615    19.2357 -9.990e-29
 158.447269      0.773  33.186677    15.0511    6.45648      0.767    26.2605    19.2359 -9.990e-29
 158.447274      0.789  33.189169    15.0446    6.45449      0.782    26.2670    19.2422 -9.990e-29
 158.447280      0.803  33.199058    15.0411    6.44924      0.796    26.2780    19.2514 -9.990e-29
 158.447286      0.807  33.206547    15.0426    6.43949      0.800    26.2836    19.2553 -9.990e-29
 158.447292      0.802  33.202562    15.0459    6.44435      0.795    26.2779    19.2503 -9.990e-29
 158.447297      0.796  33.194688    15.0475    6.44523      0.789    26.2699    19.2438 -9.990e-29
 158.447303      0.793  33.189252    15.0461    6.43928      0.786    26.2661    19.2412 -9.990e-29
 158.447309      0.792  33.185737    15.0432    6.43863      0.785    26.2650    19.2409 -9.990e-29
 158.447315      0.794  33.184507    15.0414    6.43511      0.787    26.2651    19.2414 -9.990e-29
 158.447321      0.799  33.183926    15.0414    6.43626      0.792    26.2646    19.2410 -9.990e-29
 158.447326      0.807  33.183784    15.0424    6.44594      0.800    26.2638    19.2402 -9.990e-29
 158.447332      0.818  33.183895    15.0436    6.44727      0.811    26.2631    19.2394 -9.990e-29
 158.447338      0.834  33.182171    15.0452    6.44049      0.827    26.2605    19.2371 -9.990e-29
 158.447344      0.851  33.179681    15.0478    6.44294      0.844    26.2566    19.2335 -9.990e-29
 158.447350      0.861  33.178714    15.0516    6.43949      0.854    26.2532    19.2301 -9.990e-29
 158.447355      0.865  33.177985    15.0564    6.45250      0.858    26.2493    19.2262 -9.990e-29
 158.447361      0.873  33.176528    15.0613    6.45073      0.866    26.2448    19.2217 -9.990e-29
 158.447367      0.884  33.175768    15.0651    6.43691      0.877    26.2416    19.2185 -9.990e-29
 158.447373      0.890  33.175819    15.0671    6.41900      0.883    26.2403    19.2170 -9.990e-29
 158.447378      0.888  33.175633    15.0674    6.41481      0.881    26.2399    19.2167 -9.990e-29
 158.447384      0.882  33.174967    15.0671    6.43908      0.875    26.2395    19.2165 -9.990e-29
 158.447390      0.880  33.175180    15.0660    6.45809      0.873    26.2404    19.2174 -9.990e-29
 158.447396      0.886  33.179362    15.0616    6.47832      0.879    26.2470    19.2234 -9.990e-29
 158.447402      0.896  33.193096    15.0519    6.46270      0.889    26.2656    19.2396 -9.990e-29
 158.447407      0.903  33.218442    15.0414    6.44970      0.895    26.2948    19.2642 -9.990e-29
 158.447413      0.902  33.238180    15.0393    6.43899      0.894    26.3135    19.2790 -9.990e-29
 158.447419      0.894  33.232662    15.0460    6.42785      0.887    26.3042    19.2704 -9.990e-29
 158.447425      0.882  33.211911    15.0537    6.43307      0.875    26.2808    19.2509 -9.990e-29
 158.447431      0.874  33.194233    15.0578    6.44154      0.867    26.2626    19.2361 -9.990e-29
 158.447436      0.874  33.184654    15.0574    6.45128      0.867    26.2545    19.2300 -9.990e-29
 158.447442      0.882  33.183864    15.0543    6.44847      0.875    26.2559    19.2317 -9.990e-29
 158.447448      0.894  33.189132    15.0514    6.45384      0.887    26.2624    19.2373 -9.990e-29
 158.447454      0.906  33.196276    15.0492    6.44995      0.898    26.2701    19.2437 -9.990e-29
 158.447459      0.919  33.202303    15.0469    6.44716      0.911    26.2770    19.2494 -9.990e-29
 158.447465      0.931  33.206276    15.0437    6.45197      0.923    26.2826    19.2543 -9.990e-29
 158.447471      0.936  33.208246    15.0396    6.45706      0.928    26.2870    19.2586 -9.990e-29
 158.447477      0.937  33.208010    15.0371    6.45891      0.929    26.2885    19.2602 -9.990e-29
 158.447483      0.931  33.206159    15.0392    6.44357      0.923    26.2855    19.2575 -9.990e-29
 158.447488      0.921  33.202444    15.0450    6.42532      0.913    26.2784    19.2508 -9.990e-29
 158.447494      0.908  33.198614    15.0506    6.43279      0.900    26.2713    19.2442 -9.990e-29
 158.447500      0.896  33.197948    15.0543    6.44551      0.889    26.2682    19.2411 -9.990e-29
 158.447506      0.885  33.196729    15.0557    6.47576      0.878    26.2662    19.2393 -9.990e-29
 158.447512      0.878  33.193870    15.0514    6.48395      0.871    26.2666    19.2405 -9.990e-29
 158.447517      0.880  33.200672    15.0418    6.46978      0.873    26.2790    19.2519 -9.990e-29
 158.447523      0.885  33.220014    15.0341    6.44702      0.878    26.3011    19.2705 -9.990e-29
 158.447529      0.886  33.235054    15.0344    6.43517      0.879    26.3140    19.2804 -9.990e-29
 158.447535      0.879  33.232741    15.0405    6.43872      0.872    26.3079    19.2744 -9.990e-29
 158.447541      0.867  33.220616    15.0461    6.44472      0.860    26.2935    19.2623 -9.990e-29
 158.447546      0.862  33.209397    15.0484    6.44897      0.855    26.2822    19.2531 -9.990e-29
 158.447552      0.873  33.201484    15.0484    6.44228      0.866    26.2753    19.2477 -9.990e-29
 158.447558      0.891  33.198075    15.0484    6.44112      0.884    26.2723    19.2454 -9.990e-29
 158.447564      0.910  33.197404    15.0494    6.44604      0.902    26.2710    19.2443 -9.990e-29
 158.447569      0.930  33.196309    15.0494    6.44409      0.922    26.2700    19.2435 -9.990e-29
 158.447575      0.953  33.195548    15.0468    6.44523      0.945    26.2711    19.2449 -9.990e-29
 158.447581      0.980  33.197445    15.0424    6.44431      0.972    26.2757    19.2493 -9.990e-29
 158.447587      1.009  33.203944    15.0385    6.44583      1.001    26.2840    19.2565 -9.990e-29
 158.447593      1.037  33.209670    15.0381    6.45406      1.028    26.2893    19.2606 -9.990e-29
 158.447598      1.067  33.208214    15.0409    6.45194      1.058    26.2861    19.2576 -9.990e-29
 158.447604      1.099  33.204898    15.0431    6.44162      1.090    26.2817    19.2538 -9.990e-29
 158.447610      1.136  33.203687    15.0433    6.43154      1.127    26.2805    19.2528 -9.990e-29
 158.447616      1.180  33.202382    15.0423    6.43371      1.170    26.2800    19.2527 -9.990e-29
 158.447622      1.239  33.202023    15.0399    6.42754      1.229    26.2813    19.2541 -9.990e-29
 158.447627      1.320  33.204909    15.0348    6.41458      1.309    26.2872    19.2597 -9.990e-29
 158.447633      1.425  33.214304    15.0274    6.40818      1.413    26.3004    19.2713 -9.990e-29
 158.447639      1.555  33.232055    15.0200    6.37181      1.542    26.3209    19.2886 0.0000e+00
 158.447645      1.715  33.252653    15.0121    6.34019      1.701    26.3442    19.3081 0.0000e+00
 158.447650      1.910  33.274946    14.9955    6.27212      1.894    26.3748    19.3350 0.0000e+00
 158.447656      2.153  33.325265    14.9573    6.20830      2.135    26.4447    19.3965 0.0000e+00
 158.447662      2.451  33.445450    14.8846    6.17032      2.431    26.5995    19.5302 0.0000e+00
 158.447668      2.802  33.651079    14.7730    6.15047      2.779    26.8570    19.7508 0.0000e+00
 158.447674      3.193  33.939892    14.6268    6.14909      3.166    27.2141    20.0549 0.0000e+00
 158.447679      3.610  34.313991    14.4504    6.12072      3.580    27.6716    20.4425 0.0000e+00
 158.447685      4.051  34.732715    14.2647    6.10468      4.017    28.1805    20.8715 0.0000e+00
 158.447691      4.514  35.089808    14.0884    6.10173      4.476    28.6321    21.2546 0.0000e+00
 158.447697      4.993  35.312313    13.9221    6.10228      4.951    28.9580    21.5389 0.0000e+00
 158.447703      5.485  35.422037    13.7864    6.08084      5.439    29.1604    21.7219 0.0000e+00
 158.447708      5.983  35.472119    13.6993    6.05067      5.933    29.2724    21.8254 0.0000e+00
 158.447714      6.476  35.506284    13.6461    6.02170      6.422    29.3442    21.8912 0.0000e+00
 158.447720      6.960  35.544795    13.6068    6.01368      6.902    29.4095    21.9494 0.0000e+00
 158.447726      7.441  35.580629    13.5690    6.03797      7.379    29.4713    22.0045 0.0000e+00
 158.447731      7.924  35.614417    13.5246    6.09962      7.858    29.5364    22.0635 0.0000e+00
 158.447737      8.417  35.669865    13.4698    6.16311      8.347    29.6298    22.1462 0.0000e+00
 158.447743      8.927  35.770390    13.4131    6.20054      8.852    29.7664    22.2628 0.0000e+00
 158.447749      9.452  35.913134    13.3696    6.20904      9.373    29.9322    22.3994 0.0000e+00
 158.447755      9.987  36.075238    13.3450    6.19374      9.903    30.1015    22.5349 0.0000e+00
 158.447760     10.522  36.240020    13.3348    6.18623     10.434    30.2622    22.6611 0.0000e+00
 158.447766     11.058  36.402777    13.3354    6.18482     10.965    30.4125    22.7771 0.0000e+00
 158.447772     11.595  36.565079    13.3429    6.19459     11.498    30.5570    22.8873 0.0000e+00
 158.447778     12.124  36.720589    13.3481    6.19065     12.022    30.6970    22.9945 0.0000e+00
 158.447784     12.639  36.838766    13.3412    6.18420     12.533    30.8122    23.0849 0.0000e+00
 158.447789     13.144  36.907727    13.3213    6.17710     13.034    30.8923    23.1507 0.0000e+00
 158.447795     13.646  36.956559    13.2957    6.16736     13.532    30.9583    23.2067 0.0000e+00
 158.447801     14.146  37.004901    13.2702    6.17062     14.027    31.0239    23.2625 0.0000e+00
 158.447807     14.641  37.048168    13.2440    6.18262     14.518    31.0855    23.3152 0.0000e+00
 158.447813     15.129  37.079495    13.2104    6.21856     15.002    31.1420    23.3655 0.0000e+00
 158.447818     15.616  37.097980    13.1650    6.24111     15.485    31.1963    23.4163 0.0000e+00
 158.447824     16.115  37.109159    13.1147    6.26316     15.980    31.2479    23.4661 0.0000e+00
 158.447830     16.632  37.118929    13.0720    6.27804     16.493    31.2920    23.5085 0.0000e+00
 158.447836     17.161  37.132986    13.0402    6.28548     17.017    31.3313    23.5450 0.0000e+00
 158.447841     17.694  37.153763    13.0128    6.30474     17.546    31.3732    23.5828 0.0000e+00
 158.447847     18.225  37.171897    12.9844    6.33529     18.072    31.4136    23.6196 0.0000e+00
 158.447853     18.755  37.180672    12.9530    6.34278     18.598    31.4477    23.6520 0.0000e+00
 158.447859     19.282  37.184463    12.9197    6.30695     19.120    31.4787    23.6825 0.0000e+00
 158.447865     19.806  37.188851    12.8878    6.21194     19.640    31.5092    23.7123 0.0000e+00
 158.447870     20.326  37.191236    12.8552    6.13983     20.155    31.5384    23.7412 0.0000e+00
 158.447876     20.833  37.184661    12.8178    6.14140     20.658    31.5632    23.7676 0.0000e+00
 158.447882     21.320  37.167058    12.7680    6.14699     21.141    31.5880    23.7964 0.0000e+00
 158.447888     21.800  37.132875    12.6910    6.07764     21.617    31.6200    23.8359 0.0000e+00
 158.447894     22.284  37.068480    12.5687    5.94176     22.097    31.6614    23.8913 0.0000e+00
 158.447899     22.771  36.959794    12.3968    5.85038     22.580    31.7026    23.9558 0.0000e+00
 158.447905     23.268  36.811096    12.2091    5.80150     23.073    31.7190    24.0038 0.0000e+00
 158.447911     23.771  36.661386    12.0432    5.80818     23.571    31.7159    24.0322 0.0000e+00
 158.447917     24.274  36.542686    11.8830    5.84952     24.070    31.7376    24.0786 0.0000e+00
 158.447922     24.778  36.432990    11.6750    5.87568     24.570    31.8089    24.1719 0.0000e+00
 158.447928     25.287  36.279666    11.4146    5.89563     25.074    31.8833    24.2766 0.0000e+00
 158.447934     25.798  36.084108    11.1731    5.91498     25.581    31.9002    24.3328 0.0000e+00
 158.447940     26.309  35.919279    11.0057    5.91547     26.088    31.8829    24.3488 0.0000e+00
 158.447946     26.819  35.822241    10.9030    5.91311     26.593    31.8761    24.3614 0.0000e+00
 158.447951     27.326  35.770110    10.8354    5.90150     27.096    31.8831    24.3785 0.0000e+00
 158.447957     27.827  35.740442    10.7869    5.88392     27.593    31.8957    24.3968 0.0000e+00
 158.447963     28.326  35.720563    10.7500    5.89300     28.088    31.9080    24.4127 0.0000e+00
 158.447969     28.827  35.703001    10.7188    5.91765     28.584    31.9176    24.4255 0.0000e+00
 158.447975     29.333  35.686743    10.6904    5.94941     29.086    31.9260    24.4370 0.0000e+00
 158.447980     29.837  35.671392    10.6648    5.97537     29.586    31.9329    24.4467 0.0000e+00
 158.447986     30.333  35.655516    10.6460    5.95084     30.078    31.9333    24.4503 0.0000e+00
 158.447992     30.818  35.640910    10.6348    5.89830     30.559    31.9284    24.4484 0.0000e+00
 158.447998     31.293  35.631064    10.6240    5.79236     31.029    31.9278    24.4498 0.0000e+00
 158.448003     31.772  35.625161    10.6079    5.66717     31.504    31.9358    24.4588 0.0000e+00
 158.448009     32.262  35.619228    10.5864    5.55737     31.990    31.9485    24.4724 0.0000e+00
 158.448015     32.762  35.609811    10.5496    5.46175     32.486    31.9712    24.4963 0.0000e+00
 158.448021     33.268  35.587687    10.4768    5.40147     32.988    32.0128    24.5411 0.0000e+00
 158.448027     33.774  35.537352    10.3606    5.31708     33.489    32.0645    24.6011 0.0000e+00
 158.448032     34.275  35.460089    10.2069    5.22250     33.986    32.1225    24.6721 0.0000e+00
 158.448038     34.767  35.370628    10.0338    5.14722     34.474    32.1858    24.7503 0.0000e+00
 158.448044     35.248  35.282569     9.8794    5.09541     34.951    32.2341    24.8134 0.0000e+00
 158.448050     35.713  35.210251     9.7704    5.06702     35.412    32.2579    24.8498 0.0000e+00
 158.448056     36.163  35.160391     9.6966    5.06429     35.858    32.2731    24.8736 0.0000e+00
 158.448061     36.610  35.132074     9.6193    5.04043     36.301    32.3134    24.9177 0.0000e+00
 158.448067     37.068  35.102083     9.5205    5.00985     36.755    32.3716    24.9790 0.0000e+00
 158.448073     37.541  35.053392     9.4230    4.97239     37.224    32.4096    25.0243 0.0000e+00
 158.448079     38.029  35.002927     9.3447    4.94314     37.708    32.4284    25.0515 0.0000e+00
 158.448084     38.533  34.962435     9.2845    4.94267     38.208    32.4411    25.0710 0.0000e+00
 158.448090     39.047  34.932844     9.2375    4.92410     38.717    32.4531    25.0877 0.0000e+00
 158.448096     39.561  34.912798     9.1974    4.87494     39.227    32.4686    25.1062 0.0000e+00
 158.448102     40.065  34.896282     9.1583    4.82424     39.727    32.4869    25.1267 0.0000e+00
 158.448108     40.551  34.881429     9.1203    4.79089     40.209    32.5060    25.1476 0.0000e+00
 158.448113     41.018  34.870836     9.0885    4.77162     40.672    32.5238    25.1665 0.0000e+00
 158.448119     41.463  34.863244     9.0645    4.76462     41.113    32.5377    25.1811 0.0000e+00
