data/oxygen options/OCNMS/OCNMS2/raw_data/2006/CTD_TH050_062006faed.cnv
* Sea-Bird SBE19 Data File:
* FileName = C:\Hypoxia Data\CTD_TH060_062006.hex
* Software Version 1.1.8
* Temperature SN = 2997
* Conductivity SN = 2997
* System UpLoad Time = Jun 20 2006 12:32:48
* SEACAT PROFILER V3.1c SN 2997   06/20/06  12:31:00.975
* strain gauge pressure sensor: S/N = 184829,  range = 3000 psia,  tc = 40
# nquan = 9                                 
# nvalues = 586                         
# units = specified
# name 0 = timeJ: Julian Days
# name 1 = prSM: Pressure, Strain Gauge [db]
# name 2 = c0mS/cm: Conductivity [mS/cm]
# name 3 = t090C: Temperature [ITS-90, deg C]
# name 4 = oxML/L: Oxygen, Beckman/YSI [ml/l]
# name 5 = depSM: Depth [salt water, m], lat = 47.5
# name 6 = sal00: Salinity, Practical [PSU]
# name 7 = sigma-é00: Density [sigma-theta, kg/m^3]
# name 8 = flag: flag
# span 0 = 171.509711, 171.513096       
# span 1 =     -3.962,     48.864       
# span 2 =  12.776719,  37.198191       
# span 3 =     7.8961,    13.5128       
# span 4 =   -0.75468,   35.10054       
# span 5 =     -3.929,     48.450       
# span 6 =     9.7038,    33.5212       
# span 7 =     6.8425,    26.1280       
# span 8 = 0.0000e+00, 0.0000e+00       
# interval = seconds: 0.5
# start_time = Jun 20 2006 12:13:59 [Instrument's time stamp, header]
# bad_flag = -9.990e-29
*END*
[from data line 161]
 171.510642      0.520  37.151364    13.0847    5.93694      0.516    31.3182    23.5259 -9.990e-29
 171.510648      0.521  37.153321    13.0856    5.92828      0.517    31.3193    23.5266 -9.990e-29
 171.510654      0.525  37.153774    13.0859    5.92132      0.521    31.3195    23.5266 -9.990e-29
 171.510660      0.531  37.153894    13.0866    5.92266      0.527    31.3190    23.5261 -9.990e-29
 171.510666      0.540  37.153849    13.0871    5.91674      0.535    31.3186    23.5257 -9.990e-29
 171.510671      0.554  37.153023    13.0855    5.92532      0.549    31.3191    23.5264 -9.990e-29
 171.510677      0.571  37.150319    13.0794    5.92224      0.566    31.3216    23.5295 -9.990e-29
 171.510683      0.595  37.143822    13.0711    5.91969      0.590    31.3224    23.5317 -9.990e-29
 171.510689      0.621  37.136656    13.0677    5.92404      0.616    31.3184    23.5294 -9.990e-29
 171.510694      0.643  37.135540    13.0711    5.93645      0.638    31.3146    23.5257 -9.990e-29
 171.510700      0.659  37.139550    13.0766    5.92803      0.653    31.3138    23.5240 -9.990e-29
 171.510706      0.668  37.143936    13.0808    5.93973      0.662    31.3144    23.5237 -9.990e-29
 171.510712      0.673  37.147261    13.0842    5.94338      0.667    31.3147    23.5233 -9.990e-29
 171.510718      0.681  37.148915    13.0863    5.95475      0.675    31.3146    23.5227 -9.990e-29
 171.510723      0.697  37.148866    13.0869    5.95421      0.691    31.3140    23.5222 -9.990e-29
 171.510729      0.706  37.149297    13.0868    5.94361      0.700    31.3145    23.5226 -9.990e-29
 171.510735      0.698  37.151349    13.0863    5.93863      0.692    31.3168    23.5245 -9.990e-29
 171.510741      0.684  37.153275    13.0862    5.92794      0.678    31.3187    23.5260 -9.990e-29
 171.510747      0.669  37.154842    13.0871    5.93532      0.663    31.3195    23.5264 -9.990e-29
 171.510752      0.661  37.155903    13.0872    5.93167      0.655    31.3204    23.5271 -9.990e-29
 171.510758      0.666  37.155073    13.0834    5.94382      0.660    31.3227    23.5296 -9.990e-29
 171.510764      0.681  37.151251    13.0751    5.94184      0.675    31.3260    23.5338 -9.990e-29
 171.510770      0.706  37.145517    13.0675    5.93976      0.700    31.3269    23.5359 -9.990e-29
 171.510775      0.731  37.143135    13.0669    5.94660      0.725    31.3251    23.5347 -9.990e-29
 171.510781      0.751  37.145421    13.0719    5.94271      0.745    31.3231    23.5322 -9.990e-29
 171.510787      0.763  37.149252    13.0768    5.93642      0.757    31.3227    23.5309 -9.990e-29
 171.510793      0.771  37.154131    13.0799    5.94042      0.765    31.3247    23.5318 -9.990e-29
 171.510799      0.780  37.158155    13.0828    5.93161      0.773    31.3261    23.5323 -9.990e-29
 171.510804      0.792  37.158842    13.0863    5.93927      0.785    31.3238    23.5299 -9.990e-29
 171.510810      0.805  37.158234    13.0896    5.94942      0.798    31.3205    23.5267 -9.990e-29
 171.510816      0.823  37.157773    13.0904    5.94914      0.816    31.3194    23.5257 -9.990e-29
 171.510822      0.840  37.155166    13.0888    5.95008      0.833    31.3183    23.5251 -9.990e-29
 171.510828      0.851  37.151430    13.0883    5.93808      0.844    31.3152    23.5228 -9.990e-29
 171.510833      0.850  37.151129    13.0903    5.93826      0.843    31.3133    23.5210 -9.990e-29
 171.510839      0.843  37.153864    13.0931    5.93978      0.836    31.3135    23.5206 -9.990e-29
 171.510845      0.842  37.156554    13.0952    5.94133      0.835    31.3143    23.5208 -9.990e-29
 171.510851      0.855  37.158304    13.0959    5.94998      0.848    31.3154    23.5215 -9.990e-29
 171.510856      0.879  37.159210    13.0957    5.94887      0.872    31.3164    23.5223 -9.990e-29
 171.510862      0.907  37.159924    13.0961    5.94838      0.899    31.3167    23.5225 -9.990e-29
 171.510868      0.932  37.160844    13.0978    5.96013      0.924    31.3162    23.5217 -9.990e-29
 171.510874      0.951  37.162078    13.1005    5.95427      0.943    31.3151    23.5204 -9.990e-29
 171.510880      0.965  37.163591    13.1034    5.94507      0.957    31.3141    23.5190 -9.990e-29
 171.510885      0.976  37.165164    13.1060    5.93868      0.968    31.3134    23.5180 -9.990e-29
 171.510891      0.985  37.167218    13.1076    5.92001      0.977    31.3140    23.5182 -9.990e-29
 171.510897      0.991  37.169130    13.1084    5.91476      0.983    31.3151    23.5189 -9.990e-29
 171.510903      0.999  37.169527    13.1097    5.90707      0.991    31.3144    23.5181 -9.990e-29
 171.510909      1.015  37.169506    13.1112    5.90119      1.007    31.3132    23.5168 -9.990e-29
 171.510914      1.038  37.169606    13.1114    5.90255      1.029    31.3131    23.5167 -9.990e-29
 171.510920      1.067  37.168283    13.1105    5.91176      1.058    31.3126    23.5165 -9.990e-29
 171.510926      1.091  37.166023    13.1105    5.91998      1.082    31.3105    23.5149 -9.990e-29
 171.510932      1.102  37.165426    13.1117    5.92307      1.093    31.3089    23.5134 -9.990e-29
 171.510938      1.101  37.166823    13.1126    5.92380      1.092    31.3095    23.5137 -9.990e-29
 171.510943      1.092  37.168152    13.1127    5.92021      1.083    31.3106    23.5146 -9.990e-29
 171.510949      1.084  37.168949    13.1132    5.91333      1.075    31.3110    23.5147 -9.990e-29
 171.510955      1.075  37.169722    13.1145    5.91023      1.066    31.3106    23.5142 -9.990e-29
 171.510961      1.065  37.170384    13.1156    5.91695      1.056    31.3104    23.5138 -9.990e-29
 171.510966      1.067  37.170699    13.1153    5.92122      1.058    31.3109    23.5143 -9.990e-29
 171.510972      1.080  37.169411    13.1133    5.92230      1.071    31.3113    23.5150 -9.990e-29
 171.510978      1.092  37.166493    13.1113    5.92012      1.083    31.3102    23.5145 -9.990e-29
 171.510984      1.101  37.165352    13.1115    5.91745      1.092    31.3090    23.5135 -9.990e-29
 171.510990      1.106  37.167277    13.1139    5.91216      1.097    31.3088    23.5129 -9.990e-29
 171.510995      1.112  37.169790    13.1166    5.91626      1.103    31.3090    23.5125 -9.990e-29
 171.511001      1.124  37.171759    13.1187    5.92334      1.115    31.3091    23.5122 -9.990e-29
 171.511007      1.138  37.173009    13.1206    5.92718      1.128    31.3087    23.5115 -9.990e-29
 171.511013      1.147  37.172968    13.1222    5.92216      1.137    31.3073    23.5101 -9.990e-29
 171.511019      1.147  37.172709    13.1241    5.93062      1.137    31.3055    23.5084 -9.990e-29
 171.511024      1.142  37.173575    13.1268    5.93682      1.132    31.3041    23.5067 -9.990e-29
 171.511030      1.140  37.175045    13.1291    5.93949      1.130    31.3036    23.5059 -9.990e-29
 171.511036      1.146  37.176279    13.1293    5.93362      1.136    31.3045    23.5066 -9.990e-29
 171.511042      1.156  37.176684    13.1282    5.92250      1.146    31.3058    23.5078 -9.990e-29
 171.511047      1.161  37.176246    13.1275    5.91944      1.151    31.3060    23.5081 -9.990e-29
 171.511053      1.163  37.176067    13.1283    5.92106      1.153    31.3052    23.5073 -9.990e-29
 171.511059      1.169  37.176474    13.1294    5.91720      1.159    31.3046    23.5067 -9.990e-29
 171.511065      1.184  37.176892    13.1290    5.92265      1.174    31.3054    23.5073 -9.990e-29
 171.511071      1.206  37.176764    13.1272    5.93124      1.196    31.3067    23.5087 -9.990e-29
 171.511076      1.227  37.175926    13.1258    5.93326      1.217    31.3071    23.5093 -9.990e-29
 171.511082      1.239  37.175508    13.1255    5.93666      1.229    31.3069    23.5092 -9.990e-29
 171.511088      1.240  37.176079    13.1260    5.92328      1.230    31.3070    23.5092 -9.990e-29
 171.511094      1.237  37.176721    13.1270    5.92512      1.227    31.3068    23.5088 -9.990e-29
 171.511100      1.244  37.177175    13.1280    5.92641      1.234    31.3064    23.5083 -9.990e-29
 171.511105      1.261  37.177490    13.1284    5.91526      1.250    31.3064    23.5082 -9.990e-29
 171.511111      1.280  37.177531    13.1285    5.91935      1.269    31.3063    23.5082 -9.990e-29
 171.511117      1.298  37.177358    13.1288    5.91252      1.287    31.3059    23.5078 -9.990e-29
 171.511123      1.317  37.176747    13.1290    5.92010      1.306    31.3052    23.5072 -9.990e-29
 171.511128      1.338  37.175820    13.1285    5.93452      1.327    31.3047    23.5069 -9.990e-29
 171.511134      1.358  37.175030    13.1275    5.93383      1.347    31.3048    23.5072 -9.990e-29
 171.511140      1.369  37.174821    13.1276    5.93546      1.358    31.3045    23.5069 -9.990e-29
 171.511146      1.372  37.175477    13.1291    5.92954      1.361    31.3039    23.5061 -9.990e-29
 171.511152      1.377  37.176566    13.1308    5.92699      1.366    31.3035    23.5055 -9.990e-29
 171.511157      1.386  37.177296    13.1315    5.92686      1.374    31.3036    23.5055 -9.990e-29
 171.511163      1.398  37.177523    13.1311    5.92686      1.386    31.3041    23.5060 -9.990e-29
 171.511169      1.407  37.177551    13.1301    5.92704      1.395    31.3050    23.5068 -9.990e-29
 171.511175      1.416  37.177417    13.1295    5.93385      1.404    31.3053    23.5072 -9.990e-29
 171.511181      1.420  37.177505    13.1301    5.93446      1.408    31.3049    23.5068 -9.990e-29
 171.511186      1.415  37.177934    13.1313    5.93567      1.403    31.3043    23.5061 -9.990e-29
 171.511192      1.406  37.178152    13.1317    5.93380      1.394    31.3042    23.5059 -9.990e-29
 171.511198      1.399  37.177892    13.1310    5.92372      1.387    31.3046    23.5063 -9.990e-29
 171.511204      1.400  37.177371    13.1298    5.92257      1.388    31.3051    23.5069 -9.990e-29
 171.511209      1.403  37.177020    13.1289    5.92325      1.391    31.3055    23.5074 -9.990e-29
 171.511215      1.405  37.176932    13.1285    5.92526      1.393    31.3057    23.5077 -9.990e-29
 171.511221      1.409  37.176988    13.1284    5.93349      1.397    31.3058    23.5078 -9.990e-29
 171.511227      1.417  37.177267    13.1284    5.92859      1.405    31.3061    23.5080 -9.990e-29
 171.511233      1.425  37.177581    13.1285    5.92137      1.413    31.3063    23.5082 -9.990e-29
 171.511238      1.432  37.177228    13.1287    5.92487      1.420    31.3058    23.5077 -9.990e-29
 171.511244      1.436  37.176299    13.1286    5.92646      1.424    31.3050    23.5071 -9.990e-29
 171.511250      1.436  37.175802    13.1280    5.92467      1.424    31.3051    23.5073 -9.990e-29
 171.511256      1.441  37.175634    13.1268    5.93028      1.429    31.3059    23.5082 -9.990e-29
 171.511262      1.451  37.174451    13.1247    5.92070      1.439    31.3065    23.5090 -9.990e-29
 171.511267      1.459  37.171800    13.1230    5.90115      1.447    31.3054    23.5085 -9.990e-29
 171.511273      1.460  37.169758    13.1234    5.89155      1.448    31.3032    23.5067 -9.990e-29
 171.511279      1.460  37.170654    13.1250    5.89594      1.448    31.3027    23.5060 -9.990e-29
 171.511285      1.466  37.172878    13.1249    5.91104      1.454    31.3049    23.5077 -9.990e-29
 171.511291      1.479  37.173224    13.1214    5.92474      1.467    31.3081    23.5109 -9.990e-29
 171.511296      1.491  37.171034    13.1164    5.92670      1.479    31.3101    23.5135 -9.990e-29
 171.511302      1.498  37.167318    13.1138    5.91602      1.485    31.3088    23.5129 -9.990e-29
 171.511308      1.498  37.165536    13.1154    5.91087      1.485    31.3058    23.5103 -9.990e-29
 171.511314      1.489  37.167801    13.1182    5.91036      1.477    31.3056    23.5096 -9.990e-29
 171.511319      1.485  37.170963    13.1188    5.91109      1.473    31.3081    23.5114 -9.990e-29
 171.511325      1.489  37.171947    13.1170    5.92301      1.477    31.3105    23.5136 -9.990e-29
 171.511331      1.497  37.170943    13.1153    5.92655      1.485    31.3110    23.5143 -9.990e-29
 171.511337      1.509  37.169980    13.1150    5.92656      1.496    31.3103    23.5139 -9.990e-29
 171.511343      1.522  37.169460    13.1149    5.92272      1.509    31.3099    23.5136 -9.990e-29
 171.511348      1.533  37.168689    13.1146    5.91154      1.520    31.3094    23.5133 -9.990e-29
 171.511354      1.543  37.168325    13.1152    5.91003      1.530    31.3086    23.5125 -9.990e-29
 171.511360      1.551  37.169006    13.1169    5.90400      1.538    31.3078    23.5116 -9.990e-29
 171.511366      1.559  37.169958    13.1180    5.90317      1.546    31.3078    23.5113 -9.990e-29
 171.511372      1.566  37.169646    13.1153    5.91347      1.553    31.3097    23.5134 -9.990e-29
 171.511377      1.575  37.165971    13.1076    5.91571      1.562    31.3126    23.5171 -9.990e-29
 171.511383      1.584  37.160770    13.1004    5.91215      1.571    31.3137    23.5193 -9.990e-29
 171.511389      1.595  37.159451    13.1004    5.90162      1.582    31.3124    23.5184 -9.990e-29
 171.511395      1.604  37.161940    13.1079    5.89800      1.591    31.3086    23.5139 -9.990e-29
 171.511400      1.607  37.165383    13.1165    5.89895      1.594    31.3047    23.5093 -9.990e-29
 171.511406      1.609  37.168199    13.1202    5.91161      1.596    31.3043    23.5082 -9.990e-29
 171.511412      1.614  37.169097    13.1191    5.92894      1.601    31.3060    23.5098 -9.990e-29
 171.511418      1.618  37.167594    13.1166    5.93818      1.604    31.3067    23.5108 -9.990e-29
 171.511424      1.618  37.165616    13.1163    5.93054      1.604    31.3051    23.5096 -9.990e-29
 171.511429      1.617  37.166135    13.1191    5.92327      1.603    31.3033    23.5076 -9.990e-29
 171.511435      1.620  37.168723    13.1230    5.91687      1.606    31.3025    23.5063 -9.990e-29
 171.511441      1.626  37.171784    13.1258    5.91397      1.612    31.3030    23.5061 -9.990e-29
 171.511447      1.637  37.174350    13.1267    5.92406      1.623    31.3047    23.5073 -9.990e-29
 171.511453      1.653  37.175357    13.1255    5.92751      1.639    31.3066    23.5090 -9.990e-29
 171.511458      1.671  37.174467    13.1236    5.92675      1.657    31.3073    23.5099 -9.990e-29
 171.511464      1.683  37.172737    13.1238    5.92442      1.669    31.3056    23.5085 -9.990e-29
 171.511470      1.685  37.172352    13.1261    5.92169      1.671    31.3033    23.5063 -9.990e-29
 171.511476      1.679  37.173359    13.1275    5.92191      1.665    31.3031    23.5059 -9.990e-29
 171.511481      1.667  37.174295    13.1272    5.91509      1.653    31.3042    23.5068 -9.990e-29
 171.511487      1.658  37.174727    13.1265    5.91473      1.644    31.3052    23.5077 -9.990e-29
 171.511493      1.651  37.174673    13.1262    5.91380      1.637    31.3054    23.5079 -9.990e-29
 171.511499      1.642  37.174062    13.1253    5.90850      1.628    31.3056    23.5082 -9.990e-29
 171.511505      1.633  37.172081    13.1227    5.90136      1.619    31.3059    23.5089 -9.990e-29
 171.511510      1.629  37.169457    13.1189    5.89202      1.615    31.3065    23.5102 -9.990e-29
 171.511516      1.630  37.168302    13.1156    5.89213      1.616    31.3082    23.5121 -9.990e-29
 171.511522      1.634  37.168202    13.1135    5.89876      1.620    31.3098    23.5138 -9.990e-29
 171.511528      1.644  37.166777    13.1122    5.90322      1.630    31.3096    23.5138 -9.990e-29
 171.511534      1.659  37.163812    13.1117    5.91571      1.645    31.3072    23.5121 -9.990e-29
 171.511539      1.677  37.162089    13.1118    5.92422      1.663    31.3055    23.5108 -9.990e-29
 171.511545      1.689  37.162116    13.1131    5.93068      1.675    31.3044    23.5097 -9.990e-29
 171.511551      1.692  37.162809    13.1172    5.93763      1.678    31.3017    23.5068 -9.990e-29
 171.511557      1.686  37.165654    13.1232    5.92702      1.672    31.2994    23.5039 -9.990e-29
