data/oxygen options/OCNMS/OCNMS2/raw_data/2006/CTD_TH050_071806faedb.cnv
* Sea-Bird SBE19 Data File:
* FileName = C:\Hypoxia Data\CTD_TH050_071806.hex
* Software Version 1.1.8
* Temperature SN = 2997
* Conductivity SN = 2997
* System UpLoad Time = Jul 18 2006 14:36:36
* SEACAT PROFILER V3.1c SN 2997   07/18/06  14:35:40.665
* strain gauge pressure sensor: S/N = 184829,  range = 3000 psia,  tc = 40
# nquan = 9
# nvalues = 47                          
# units = specified
# name 0 = timeJ: Julian Days
# name 1 = prSM: Pressure, Strain Gauge [db]
# name 2 = c0mS/cm: Conductivity [mS/cm]
# name 3 = t090C: Temperature [ITS-90, deg C]
# name 4 = oxML/L: Oxygen, Beckman/YSI [ml/l]
# name 5 = depSM: Depth [salt water, m], lat = 47.5
# name 6 = sal00: Salinity, Practical [PSU]
# name 7 = sigma-é00: Density [sigma-theta, kg/m^3]
# name 8 = flag: flag
# span 0 = 199.606061, 199.606640       
# span 1 =      3.000,     49.000       
# span 2 =  34.558805,  37.774468       
# span 3 =     7.8127,    13.1120       
# span 4 =    2.72557,    5.95601       
# span 5 =      2.975,     48.585       
# span 6 =    31.8787,    33.7154       
# span 7 =    23.9545,    26.2931       
# span 8 = 0.0000e+00, 0.0000e+00       
# interval = decibars: 1                
# start_time = Jul 18 2006 14:28:38 [Instrument's time stamp, header]
# bad_flag = -9.990e-29
*END*
 199.606061      3.000  37.774468    13.1120    5.95601      2.975    31.8787    23.9545 0.0000e+00
 199.606081      4.000  37.432265    12.4576    5.47790      3.967    32.1096    24.2590 0.0000e+00
 199.606096      5.000  36.881406    11.6285    5.33194      4.958    32.2934    24.5557 0.0000e+00
 199.606108      6.000  36.306385    10.9490    5.23560      5.950    32.3236    24.7011 0.0000e+00
 199.606121      7.000  35.966249    10.6131    5.14860      6.941    32.2818    24.7270 0.0000e+00
 199.606133      8.000  35.833249    10.4181    4.98307      7.933    32.3213    24.7910 0.0000e+00
 199.606145      9.000  35.741758    10.2897    4.86036      8.925    32.3432    24.8298 0.0000e+00
 199.606155     10.000  35.658780    10.1870    5.01553      9.916    32.3508    24.8531 0.0000e+00
 199.606167     11.000  35.558421    10.0242    5.10760     10.908    32.3947    24.9144 0.0000e+00
 199.606178     12.000  35.435598     9.8656    4.98315     11.900    32.4119    24.9540 0.0000e+00
 199.606190     13.000  35.366223     9.8479    4.75644     12.891    32.3569    24.9141 0.0000e+00
 199.606203     14.000  35.374143     9.7539    4.25391     13.883    32.4491    25.0013 0.0000e+00
 199.606214     15.000  35.172039     9.4341    3.83016     14.874    32.5313    25.1173 0.0000e+00
 199.606225     16.000  34.981343     9.1940    3.76074     15.866    32.5530    25.1724 0.0000e+00
 199.606236     17.000  34.817942     8.9670    3.85792     16.857    32.5909    25.2375 0.0000e+00
 199.606247     18.000  34.697822     8.7901    4.00651     17.849    32.6279    25.2938 0.0000e+00
 199.606258     19.000  34.635670     8.6966    4.09989     18.840    32.6486    25.3243 0.0000e+00
 199.606270     20.000  34.608825     8.6423    4.17523     19.832    32.6702    25.3495 0.0000e+00
 199.606284     21.000  34.595925     8.5946    4.30382     20.824    32.7003    25.3803 0.0000e+00
 199.606297     22.000  34.574112     8.4686    4.33399     21.815    32.7940    25.4727 0.0000e+00
 199.606310     23.000  34.558805     8.3677    4.26256     22.807    32.8714    25.5486 0.0000e+00
 199.606322     24.000  34.591947     8.3507    4.18071     23.798    32.9218    25.5906 0.0000e+00
 199.606335     25.000  34.639907     8.3592    4.03181     24.789    32.9640    25.6225 0.0000e+00
 199.606348     26.000  34.673223     8.3464    3.74744     25.781    33.0108    25.6611 0.0000e+00
 199.606361     27.000  34.732490     8.3034    3.47710     26.773    33.1136    25.7481 0.0000e+00
 199.606373     28.000  34.784037     8.2330    3.28592     27.764    33.2342    25.8532 0.0000e+00
 199.606385     29.000  34.807228     8.1208    3.15604     28.756    33.3650    25.9725 0.0000e+00
 199.606397     30.000  34.819066     8.0298    3.08556     29.748    33.4639    26.0636 0.0000e+00
 199.606408     31.000  34.826833     7.9830    3.05081     30.739    33.5165    26.1117 0.0000e+00
 199.606420     32.000  34.831908     7.9542    3.02371     31.730    33.5490    26.1415 0.0000e+00
 199.606432     33.000  34.834911     7.9365    3.00064     32.722    33.5688    26.1596 0.0000e+00
 199.606444     34.000  34.838630     7.9241    2.98816     33.714    33.5843    26.1736 0.0000e+00
 199.606455     35.000  34.841282     7.9157    2.97829     34.705    33.5947    26.1831 0.0000e+00
 199.606466     36.000  34.841222     7.9088    2.96785     35.696    33.6008    26.1889 0.0000e+00
 199.606478     37.000  34.839050     7.9019    2.95388     36.688    33.6046    26.1929 0.0000e+00
 199.606490     38.000  34.837575     7.8932    2.92600     37.679    33.6109    26.1991 0.0000e+00
 199.606502     39.000  34.838477     7.8840    2.90999     38.671    33.6203    26.2079 0.0000e+00
 199.606514     40.000  34.840432     7.8775    2.88462     39.663    33.6282    26.2150 0.0000e+00
 199.606527     41.000  34.844964     7.8730    2.85376     40.654    33.6368    26.2225 0.0000e+00
 199.606540     42.000  34.848190     7.8542    2.81799     41.645    33.6580    26.2418 0.0000e+00
 199.606552     43.000  34.851240     7.8360    2.78841     42.637    33.6784    26.2605 0.0000e+00
 199.606564     44.000  34.853235     7.8286    2.77093     43.628    33.6872    26.2686 0.0000e+00
 199.606576     45.000  34.855037     7.8214    2.75371     44.620    33.6956    26.2762 0.0000e+00
 199.606589     46.000  34.858528     7.8147    2.73304     45.611    33.7053    26.2848 0.0000e+00
 199.606604     47.000  34.863900     7.8127    2.72928     46.602    33.7125    26.2908 0.0000e+00
 199.606619     48.000  34.867104     7.8128    2.72716     47.594    33.7154    26.2931 0.0000e+00
 199.606640     49.000  34.867086     7.8134    2.72557     48.585    33.7144    26.2922 0.0000e+00
