data/oxygen options/OCNMS/OCNMS2/raw_data/2006/CTD_TH050_062006faed.cnv
* Sea-Bird SBE19 Data File:
* FileName = C:\Hypoxia Data\CTD_TH060_062006.hex
* Software Version 1.1.8
* Temperature SN = 2997
* Conductivity SN = 2997
* System UpLoad Time = Jun 20 2006 12:32:48
* SEACAT PROFILER V3.1c SN 2997   06/20/06  12:31:00.975
* strain gauge pressure sensor: S/N = 184829,  range = 3000 psia,  tc = 40
# nquan = 9                                 
# nvalues = 586                         
# units = specified
# name 0 = timeJ: Julian Days
# name 1 = prSM: Pressure, Strain Gauge [db]
# name 2 = c0mS/cm: Conductivity [mS/cm]
# name 3 = t090C: Temperature [ITS-90, deg C]
# name 4 = oxML/L: Oxygen, Beckman/YSI [ml/l]
# name 5 = depSM: Depth [salt water, m], lat = 47.5
# name 6 = sal00: Salinity, Practical [PSU]
# name 7 = sigma-é00: Density [sigma-theta, kg/m^3]
# name 8 = flag: flag
# span 0 = 171.509711, 171.513096       
# span 1 =     -3.962,     48.864       
# span 2 =  12.776719,  37.198191       
# span 3 =     7.8961,    13.5128       
# span 4 =   -0.75468,   35.10054       
# span 5 =     -3.929,     48.450       
# span 6 =     9.7038,    33.5212       
# span 7 =     6.8425,    26.1280       
# span 8 = 0.0000e+00, 0.0000e+00       
# interval = seconds: 0.5
# start_time = Jun 20 2006 12:13:59 [Instrument's time stamp, header]
# bad_flag = -9.990e-29
*END*
[from data line 481]
 171.512494     46.923  34.759287     7.9008    2.50727     46.526    33.5155    26.1232 0.0000e+00
 171.512500     46.505  34.760096     7.8999    2.50518     46.112    33.5174    26.1249 0.0000e+00
 171.512506     46.076  34.760064     7.8993    2.50550     45.686    33.5182    26.1255 0.0000e+00
 171.512512     45.658  34.759137     7.8991    2.50739     45.272    33.5176    26.1251 0.0000e+00
 171.512517     45.248  34.758122     7.8989    2.51121     44.865    33.5169    26.1245 0.0000e+00
 171.512523     44.831  34.757344     7.8987    2.51109     44.452    33.5164    26.1242 0.0000e+00
 171.512529     44.399  34.757256     7.8986    2.51157     44.024    33.5166    26.1244 0.0000e+00
 171.512535     43.966  34.757737     7.8986    2.51123     43.594    33.5173    26.1249 0.0000e+00
 171.512541     43.537  34.757559     7.8990    2.51102     43.169    33.5170    26.1246 0.0000e+00
 171.512546     43.106  34.756489     7.8996    2.51122     42.742    33.5155    26.1233 0.0000e+00
 171.512552     42.667  34.755342     7.8997    2.51110     42.307    33.5143    26.1224 0.0000e+00
 171.512558     42.218  34.754275     7.8997    2.51082     41.861    33.5134    26.1217 0.0000e+00
 171.512564     41.757  34.753551     7.8999    2.51066     41.404    33.5127    26.1210 0.0000e+00
 171.512569     41.284  34.753327     7.9003    2.51005     40.935    33.5123    26.1207 0.0000e+00
 171.512575     40.804  34.753306     7.9007    2.51053     40.459    33.5121    26.1205 0.0000e+00
 171.512581     40.318  34.752903     7.9011    2.51956     39.978    33.5115    26.1199 0.0000e+00
 171.512587     39.828  34.751581     7.9015    2.51229     39.492    33.5099    26.1186 0.0000e+00
 171.512593     39.327  34.750384     7.9018    2.51062     38.995    33.5086    26.1175 0.0000e+00
 171.512598     38.818  34.749962     7.9024    2.50816     38.490    33.5078    26.1168 0.0000e+00
 171.512604     38.316  34.749196     7.9031    2.51524     37.993    33.5066    26.1157 0.0000e+00
 171.512610     37.831  34.747627     7.9036    2.52173     37.512    33.5046    26.1141 0.0000e+00
 171.512616     37.366  34.745970     7.9038    2.52136     37.051    33.5029    26.1127 0.0000e+00
 171.512622     36.927  34.744821     7.9037    2.51882     36.616    33.5020    26.1120 0.0000e+00
 171.512627     36.512  34.744335     7.9040    2.51443     36.204    33.5013    26.1115 0.0000e+00
 171.512633     36.110  34.744427     7.9049    2.51321     35.805    33.5008    26.1109 0.0000e+00
 171.512639     35.713  34.744659     7.9060    2.52947     35.412    33.5001    26.1102 0.0000e+00
 171.512645     35.315  34.744220     7.9076    2.53370     35.017    33.4983    26.1086 0.0000e+00
 171.512650     34.905  34.743088     7.9097    2.54266     34.611    33.4953    26.1059 0.0000e+00
 171.512656     34.480  34.741995     7.9117    2.54937     34.189    33.4924    26.1033 0.0000e+00
 171.512662     34.038  34.741170     7.9142    2.54889     33.751    33.4893    26.1005 0.0000e+00
 171.512668     33.576  34.740636     7.9184    2.55449     33.293    33.4850    26.0965 0.0000e+00
 171.512674     33.097  34.740245     7.9257    2.56794     32.818    33.4778    26.0898 0.0000e+00
 171.512679     32.602  34.739477     7.9371    2.58056     32.327    33.4663    26.0791 0.0000e+00
 171.512685     32.095  34.738434     7.9528    2.60176     31.825    33.4504    26.0643 0.0000e+00
 171.512691     31.583  34.737412     7.9687    2.64328     31.317    33.4343    26.0493 0.0000e+00
 171.512697     31.074  34.736173     7.9793    2.67569     30.812    33.4231    26.0389 0.0000e+00
 171.512703     30.573  34.735315     7.9877    2.71628     30.316    33.4144    26.0309 0.0000e+00
 171.512708     30.071  34.735381     8.0069    2.76608     29.818    33.3963    26.0139 0.0000e+00
 171.512714     29.567  34.736461     8.0424    2.78922     29.318    33.3639    25.9832 0.0000e+00
 171.512720     29.064  34.739998     8.0823    2.81890     28.819    33.3299    25.9506 0.0000e+00
 171.512726     28.568  34.747348     8.1193    2.83479     28.328    33.3027    25.9239 0.0000e+00
 171.512731     28.086  34.757663     8.1603    2.87630     27.850    33.2750    25.8960 0.0000e+00
 171.512737     27.617  34.769563     8.2028    2.92841     27.385    33.2476    25.8682 0.0000e+00
 171.512743     27.161  34.780415     8.2351    2.96024     26.933    33.2287    25.8486 0.0000e+00
 171.512749     26.723  34.787870     8.2533    3.00695     26.498    33.2196    25.8388 0.0000e+00
 171.512755     26.303  34.792345     8.2666    3.04924     26.082    33.2120    25.8308 0.0000e+00
 171.512760     25.884  34.796447     8.3051    3.11317     25.666    33.1802    25.8001 0.0000e+00
 171.512766     25.455  34.805089     8.4000    3.18447     25.241    33.1001    25.7231 0.0000e+00
 171.512772     25.008  34.825306     8.5315    3.24584     24.798    32.9983    25.6235 0.0000e+00
 171.512778     24.550  34.859381     8.6377    3.29377     24.344    32.9352    25.5579 0.0000e+00
 171.512784     24.090  34.898923     8.6985    3.32232     23.888    32.9203    25.5369 0.0000e+00
 171.512789     23.625  34.934429     8.7499    3.34024     23.426    32.9098    25.5208 0.0000e+00
 171.512795     23.146  34.959419     8.8232    3.36809     22.952    32.8681    25.4769 0.0000e+00
 171.512801     22.653  34.981418     8.9073    3.37810     22.463    32.8135    25.4211 0.0000e+00
 171.512807     22.153  35.011256     8.9715    3.41004     21.967    32.7855    25.3892 0.0000e+00
 171.512813     21.662  35.039376     9.0058    3.42914     21.480    32.7833    25.3821 0.0000e+00
 171.512818     21.194  35.061225     9.0208    3.46550     21.016    32.7924    25.3869 0.0000e+00
 171.512824     20.755  35.081269     9.0336    3.48244     20.581    32.8016    25.3921 0.0000e+00
 171.512830     20.338  35.099318     9.0555    3.48039     20.167    32.8003    25.3877 0.0000e+00
 171.512836     19.930  35.113079     9.0983    3.48824     19.763    32.7754    25.3614 0.0000e+00
 171.512841     19.517  35.124636     9.1699    3.51600     19.353    32.7217    25.3082 0.0000e+00
 171.512847     19.095  35.148278     9.2449    3.57644     18.935    32.6776    25.2618 0.0000e+00
 171.512853     18.662  35.186369     9.2963    3.61813     18.505    32.6701    25.2478 0.0000e+00
 171.512859     18.221  35.220726     9.3279    3.66052     18.068    32.6768    25.2480 0.0000e+00
 171.512865     17.773  35.238279     9.3529    3.69965     17.624    32.6723    25.2405 0.0000e+00
 171.512870     17.313  35.243372     9.3924    3.70705     17.168    32.6416    25.2102 0.0000e+00
 171.512876     16.835  35.248970     9.4676    3.74059     16.694    32.5791    25.1493 0.0000e+00
 171.512882     16.348  35.267586     9.5640    3.80449     16.211    32.5109    25.0805 0.0000e+00
 171.512888     15.861  35.298249     9.6415    3.91145     15.728    32.4723    25.0378 0.0000e+00
 171.512894     15.375  35.330815     9.6855    3.99325     15.246    32.4661    25.0258 0.0000e+00
 171.512899     14.890  35.369465     9.7150    4.09824     14.765    32.4791    25.0311 0.0000e+00
 171.512905     14.401  35.415267     9.7582    4.19320     14.280    32.4870    25.0303 0.0000e+00
 171.512911     13.907  35.448526     9.8531    4.28853     13.790    32.4355    24.9745 0.0000e+00
 171.512917     13.407  35.475448    10.0352    4.39316     13.295    32.2998    24.8386 0.0000e+00
 171.512922     12.894  35.529127    10.2735    4.47597     12.786    32.1421    24.6759 0.0000e+00
 171.512928     12.369  35.605424    10.4801    4.57094     12.265    32.0365    24.5586 0.0000e+00
 171.512934     11.847  35.681015    10.6103    4.66915     11.748    31.9978    24.5063 0.0000e+00
 171.512940     11.337  35.755210    10.6998    4.83669     11.242    31.9934    24.4875 0.0000e+00
 171.512946     10.833  35.824322    10.7987    4.99305     10.742    31.9758    24.4567 0.0000e+00
 171.512951     10.327  35.878988    10.9092    5.19066     10.241    31.9337    24.4048 0.0000e+00
 171.512957      9.823  35.931520    11.0311    5.36229      9.741    31.8798    24.3416 0.0000e+00
 171.512963      9.317  36.002614    11.1811    5.44921      9.239    31.8201    24.2687 0.0000e+00
 171.512969      8.804  36.081619    11.4007    5.51378      8.730    31.7086    24.1430 0.0000e+00
 171.512975      8.282  36.166186    11.6995    5.57358      8.213    31.5360    23.9552 0.0000e+00
 171.512980      7.758  36.285507    11.9708    5.63685      7.693    31.4219    23.8171 0.0000e+00
 171.512986      7.248  36.409096    12.1461    5.68884      7.187    31.3934    23.7626 0.0000e+00
 171.512992      6.757  36.514426    12.2556    5.72947      6.700    31.4025    23.7493 0.0000e+00
 171.512998      6.285  36.611832    12.3220    5.76817      6.232    31.4401    23.7660 0.0000e+00
 171.513003      5.821  36.660102    12.3724    5.81535      5.772    31.4441    23.7597 0.0000e+00
 171.513009      5.359  36.666390    12.4437    5.86977      5.314    31.3906    23.7048 0.0000e+00
 171.513015      4.900  36.693507    12.5343    5.89887      4.859    31.3409    23.6492 0.0000e+00
 171.513021      4.442  36.755734    12.6215    5.88272      4.405    31.3276    23.6223 0.0000e+00
 171.513027      3.985  36.819357    12.7004    5.85028      3.952    31.3224    23.6033 0.0000e+00
 171.513032      3.527  36.864310    12.7692    5.77773      3.498    31.3080    23.5789 0.0000e+00
 171.513038      3.079  36.898931    12.8233    5.70351      3.053    31.2960    23.5593 0.0000e+00
 171.513044      2.654  36.927316    12.8624 -9.990e-29      2.632    31.2906    23.5475 0.0000e+00
 171.513050      2.265  36.955346    12.8875 -9.990e-29      2.246    31.2963    23.5472 0.0000e+00
 171.513056      1.917  36.979449    12.9038 -9.990e-29      1.901    31.3057    23.5513 0.0000e+00
 171.513061      1.613  36.980155    12.9246 -9.990e-29      1.600    31.2893    23.5345 0.0000e+00
 171.513067      1.359  36.960090    12.9468 -9.990e-29      1.348    31.2522    23.5015 0.0000e+00
 171.513073      1.161  36.937389    12.9418 -9.990e-29      1.151    31.2350    23.4892 0.0000e+00
 171.513079      1.019  36.913211    12.9056 -9.990e-29      1.010    31.2422    23.5018 -9.990e-29
 171.513084      0.927  36.881134    12.8637 -9.990e-29      0.919    31.2467    23.5133 -9.990e-29
 171.513090      0.877  36.847203    12.8446 -9.990e-29      0.870    31.2305    23.5044 -9.990e-29
 171.513096      0.861  36.819466 -9.990e-29 -9.990e-29      0.854 -9.990e-29 -9.990e-29 -9.990e-29
