data/oxygen options/OCNMS/OCNMS2/raw_data/2006/CTD_TH050_060706faed.cnv
* Sea-Bird SBE19 Data File:
* FileName = C:\Hypoxia_Data_2006\CTD_TH050_060706.hex
* Software Version 1.1.6
* Temperature SN = 2997
* Conductivity SN = 2997
* System UpLoad Time = Jun 07 2006 11:38:24
* SEACAT PROFILER V3.1c SN 2997   06/07/06  11:37:36.033
* strain gauge pressure sensor: S/N = 184829,  range = 3000 psia,  tc = 40
# nquan = 9                                 
# nvalues = 610                         
# units = specified
# name 0 = timeJ: Julian Days
# name 1 = prSM: Pressure, Strain Gauge [db]
# name 2 = c0mS/cm: Conductivity [mS/cm]
# name 3 = t090C: Temperature [ITS-90, deg C]
# name 4 = oxML/L: Oxygen, Beckman/YSI [ml/l]
# name 5 = depSM: Depth [salt water, m], lat = 47.5
# name 6 = sal00: Salinity, Practical [PSU]
# name 7 = sigma-é00: Density [sigma-theta, kg/m^3]
# name 8 = flag: flag
# span 0 = 158.479838, 158.483362       
# span 1 =     -4.855,     50.194       
# span 2 =   0.385561,  37.129526       
# span 3 =     8.4605,    15.5642       
# span 4 =   -0.07083,   32.30679       
# span 5 =     -4.815,     49.769       
# span 6 =     0.2401,    33.3248       
# span 7 =    -0.4996,    25.8787       
# span 8 = 0.0000e+00, 0.0000e+00       
# interval = seconds: 0.5
# start_time = Jun 07 2006 11:30:58 [Instrument's time stamp, header]
# bad_flag = -9.990e-29
*END*
 158.479838     -4.855 -9.990e-29    13.4570   -0.07070     -4.815 -9.990e-29 -9.990e-29 -9.990e-29
 158.479844     -4.842   0.390994    13.4583   -0.07072     -4.802     0.2438    -0.4906 -9.990e-29
 158.479850     -4.824   0.391698    13.4646   -0.07073     -4.784     0.2442    -0.4911 -9.990e-29
 158.479855     -4.801   0.391960    13.4756   -0.07072     -4.761     0.2443    -0.4925 -9.990e-29
 158.479861     -4.772   0.391020    13.4882   -0.07072     -4.732     0.2436    -0.4947 -9.990e-29
 158.479867     -4.739   0.389106    13.4975   -0.07083     -4.700     0.2424    -0.4970 -9.990e-29
 158.479873     -4.709   0.386992    13.5019   -0.05905     -4.670     0.2410    -0.4986 -9.990e-29
 158.479878     -4.679   0.385561    13.5038   -0.05749     -4.640     0.2401    -0.4996 -9.990e-29
 158.479884     -4.638   0.385679    13.5028   -0.05717     -4.599     0.2401    -0.4994 -9.990e-29
 158.479890     -4.585   0.387874    13.4982   -0.05719     -4.547     0.2416    -0.4977 -9.990e-29
 158.479896     -4.525   0.395074    13.4944   -0.05750     -4.487     0.2462    -0.4936 -9.990e-29
 158.479902     -4.458   0.420762    13.4988   -0.05764     -4.421     0.2626    -0.4814 -9.990e-29
 158.479907     -4.380   0.507512    13.5249   -0.05765     -4.343     0.3184    -0.4415 -9.990e-29
 158.479913     -4.290   0.774321    13.6110   -0.05762     -4.254     0.4921    -0.3181 -9.990e-29
 158.479919     -4.187   1.554747    13.8724   -0.05759     -4.152     1.0126     0.0496 -9.990e-29
 158.479925     -4.059   3.843874    14.4112   -0.05757     -4.025     2.5975     1.1957 -9.990e-29
 158.479931     -3.899  10.917906    15.0426   -0.05761     -3.866     7.8145     5.1019 -9.990e-29
 158.479936     -3.710  21.732230    15.4477   -0.05768     -3.679    16.3274    11.5448 -9.990e-29
 158.479942     -3.501  28.990661    15.5642   -0.05767     -3.472    22.3298    16.1168 -9.990e-29
 158.479948     -3.288  31.374250    15.5209   -0.05761     -3.261    24.3888    17.7033 -9.990e-29
 158.479954     -3.092  32.117823    15.4529   -0.05754     -3.066    25.0709    18.2404 -9.990e-29
 158.479959     -2.931  32.340089    15.4256   -0.05761     -2.907    25.2801    18.4065 -9.990e-29
 158.479965     -2.807  32.404677    15.4286   -0.05761     -2.784    25.3340    18.4472 -9.990e-29
 158.479971     -2.709  32.414534    15.4398   -0.05758     -2.686    25.3353    18.4458 -9.990e-29
 158.479977     -2.624  32.410855    15.4442   -0.05751     -2.602    25.3292    18.4403 -9.990e-29
 158.479983     -2.549  32.402777    15.4313   -0.05745     -2.528    25.3305    18.4440 -9.990e-29
 158.479988     -2.483  32.387410    15.4116   -0.05739     -2.462    25.3299    18.4475 -9.990e-29
 158.479994     -2.429  32.377924    15.4093   -0.05750     -2.409    25.3231    18.4428 -9.990e-29
 158.480000     -2.386  32.386923    15.4275   -0.05758     -2.366    25.3192    18.4361 -9.990e-29
 158.480006     -2.344  32.407929    15.4454   -0.05757     -2.324    25.3258    18.4375 -9.990e-29
 158.480012     -2.307  32.425812    15.4503   -0.05754     -2.288    25.3381    18.4459 -9.990e-29
 158.480017     -2.277  32.424091    15.4548   -0.05757     -2.258    25.3338    18.4416 -9.990e-29
 158.480023     -2.250  32.407227    15.4714   -0.05765     -2.231    25.3085    18.4188 -9.990e-29
 158.480029     -2.226  32.405455    15.4993   -0.05766     -2.207    25.2891    18.3982 -9.990e-29
 158.480035     -2.203  32.429332    15.5295   -0.05765     -2.185    25.2904    18.3929 -9.990e-29
 158.480041     -2.176  32.456910    15.5413   -0.05766     -2.158    25.3066    18.4029 -9.990e-29
 158.480046     -2.137  32.465573    15.5215   -0.05764     -2.119    25.3267    18.4224 -9.990e-29
 158.480052     -2.094  32.450089    15.4907   -0.05761     -2.077    25.3331    18.4337 -9.990e-29
 158.480058     -2.057  32.425719    15.4733   -0.05761     -2.040    25.3232    18.4297 -9.990e-29
 158.480064     -2.027  32.416048    15.4640   -0.05766     -2.010    25.3208    18.4298 -9.990e-29
 158.480069     -2.002  32.425018    15.4455   -0.05770     -1.985    25.3404    18.4487 -9.990e-29
 158.480075     -1.981  32.433223    15.4196   -0.05771     -1.964    25.3642    18.4722 -9.990e-29
 158.480081     -1.963  32.429772    15.4036   -0.05768     -1.947    25.3715    18.4811 -9.990e-29
 158.480087     -1.946  32.424100    15.4016   -0.05767     -1.930    25.3678    18.4787 -9.990e-29
 158.480093     -1.929  32.420999    15.4064   -0.05768     -1.913    25.3621    18.4733 -9.990e-29
 158.480098     -1.912  32.411874    15.4143   -0.05768     -1.896    25.3491    18.4617 -9.990e-29
 158.480104     -1.892  32.398040    15.4195   -0.05766     -1.876    25.3338    18.4489 -9.990e-29
 158.480110     -1.870  32.395274    15.4136   -0.05761     -1.854    25.3352    18.4512 -9.990e-29
 158.480116     -1.843  32.406644    15.3971   -0.05762     -1.828    25.3556    18.4703 -9.990e-29
 158.480122     -1.810  32.413706    15.3802   -0.05763     -1.795    25.3726    18.4868 -9.990e-29
 158.480127     -1.773  32.409647    15.3722   -0.05764     -1.758    25.3742    18.4897 -9.990e-29
 158.480133     -1.738  32.407577    15.3731   -0.05766     -1.724    25.3718    18.4877 -9.990e-29
 158.480139     -1.707  32.413728    15.3774   -0.05772     -1.693    25.3744    18.4887 -9.990e-29
 158.480145     -1.679  32.422313    15.3819   -0.05774     -1.665    25.3789    18.4913 -9.990e-29
 158.480150     -1.655  32.423507    15.3883   -0.05771     -1.641    25.3758    18.4876 -9.990e-29
 158.480156     -1.639  32.418369    15.4003   -0.05764     -1.625    25.3636    18.4758 -9.990e-29
 158.480162     -1.625  32.417454    15.4137   -0.05760     -1.611    25.3542    18.4658 -9.990e-29
 158.480168     -1.608  32.421810    15.4191   -0.05758     -1.595    25.3545    18.4649 -9.990e-29
 158.480174     -1.587  32.422702    15.4149   -0.05757     -1.574    25.3580    18.4684 -9.990e-29
 158.480179     -1.560  32.417987    15.4037   -0.05759     -1.547    25.3611    18.4731 -9.990e-29
 158.480185     -1.531  32.415419    15.3858   -0.05766     -1.518    25.3704    18.4839 -9.990e-29
 158.480191     -1.506  32.417209    15.3664   -0.05772     -1.493    25.3844    18.4987 -9.990e-29
 158.480197     -1.487  32.417358    15.3590   -0.05778     -1.475    25.3893    18.5040 -9.990e-29
 158.480203     -1.473  32.414969    15.3728   -0.05778     -1.461    25.3783    18.4927 -9.990e-29
 158.480208     -1.464  32.415850    15.3993   -0.05771     -1.452    25.3620    18.4748 -9.990e-29
 158.480214     -1.458  32.424004    15.4231   -0.05764     -1.446    25.3538    18.4635 -9.990e-29
 158.480220     -1.452  32.438001    15.4371   -0.05760     -1.440    25.3569    18.4630 -9.990e-29
 158.480226     -1.436  32.449070    15.4396   -0.05760     -1.424    25.3648    18.4686 -9.990e-29
 158.480231     -1.406  32.451260    15.4253   -0.05760     -1.394    25.3759    18.4801 -9.990e-29
 158.480237     -1.362  32.445840    15.3935   -0.05760     -1.351    25.3917    18.4987 -9.990e-29
 158.480243     -1.316  32.437945    15.3556   -0.05761     -1.305    25.4093    18.5200 -9.990e-29
 158.480249     -1.278  32.434447    15.3286   -0.05760     -1.267    25.4236    18.5366 -9.990e-29
 158.480255     -1.253  32.436310    15.3277   -0.05760     -1.243    25.4258    18.5384 -9.990e-29
 158.480260     -1.244  32.440993    15.3521   -0.05761     -1.234    25.4141    18.5244 -9.990e-29
 158.480266     -1.242  32.448037    15.3856   -0.05762     -1.232    25.3986    18.5057 -9.990e-29
 158.480272     -1.234  32.460134    15.4123   -0.05773     -1.224    25.3919    18.4950 -9.990e-29
 158.480278     -1.215  32.472707    15.4270   -0.05776     -1.205    25.3933    18.4930 -9.990e-29
 158.480284     -1.189  32.476208    15.4331   -0.05773     -1.179    25.3924    18.4911 -9.990e-29
 158.480289     -1.161  32.470853    15.4341   -0.05767     -1.151    25.3871    18.4868 -9.990e-29
 158.480295     -1.136  32.463543    15.4331   -0.05764     -1.127    25.3814    18.4827 -9.990e-29
 158.480301     -1.115  32.460816    15.4300   -0.05764     -1.106    25.3811    18.4830 -9.990e-29
 158.480307     -1.102  32.463547    15.4227   -0.05768     -1.093    25.3881    18.4900 -9.990e-29
 158.480313     -1.086  32.471480    15.4098   -0.05776     -1.077    25.4033    18.5042 -9.990e-29
 158.480318     -1.059  32.484010    15.3850   -0.05779     -1.050    25.4301    18.5299 -9.990e-29
 158.480324     -1.027  32.495450    15.3525   -0.05778     -1.018    25.4610    18.5603 -9.990e-29
 158.480330     -1.006  32.498655    15.3342   -0.05772     -0.998    25.4756    18.5753 -9.990e-29
 158.480336     -1.002  32.492879    15.3398   -0.05770     -0.994    25.4669    18.5675 -9.990e-29
 158.480341     -1.007  32.486696    15.3578   -0.05770     -0.999    25.4499    18.5508 -9.990e-29
 158.480347     -1.008  32.488703    15.3718   -0.05774     -1.000    25.4426    18.5423 -9.990e-29
 158.480353     -0.996  32.497682    15.3700   -0.05777     -0.988    25.4516    18.5495 -9.990e-29
 158.480359     -0.968  32.503775    15.3489   -0.05777     -0.960    25.4705    18.5683 -9.990e-29
 158.480365     -0.929  32.503929    15.3191   -0.05776     -0.921    25.4899    18.5894 -9.990e-29
 158.480370     -0.890  32.501739    15.3006   -0.05777     -0.883    25.4999    18.6009 -9.990e-29
 158.480376     -0.857  32.498791    15.3027   -0.05779     -0.850    25.4960    18.5974 -9.990e-29
 158.480382     -0.837  32.498464    15.3177   -0.05782     -0.830    25.4860    18.5867 -9.990e-29
 158.480388     -0.827  32.503147    15.3298   -0.05783     -0.820    25.4822    18.5813 -9.990e-29
 158.480394     -0.819  32.510144    15.3284   -0.05782     -0.812    25.4892    18.5869 -9.990e-29
 158.480399     -0.809  32.513120    15.3160   -0.05773     -0.802    25.4998    18.5976 -9.990e-29
 158.480405     -0.795  32.509350    15.3038   -0.05769     -0.788    25.5044    18.6037 -9.990e-29
 158.480411     -0.776  32.503362    15.2982   17.49404     -0.770    25.5029    18.6036 -9.990e-29
 158.480417     -0.756  32.499530    15.2947   30.40917     -0.750    25.5018    18.6035 -9.990e-29
 158.480422     -0.738  32.497814    15.2874   32.30679     -0.732    25.5050    18.6075 -9.990e-29
 158.480428     -0.717  32.497074    15.2752   28.49439     -0.711    25.5123    18.6156 -9.990e-29
 158.480434     -0.690  32.497471    15.2639   18.72751     -0.684    25.5200    18.6238 -9.990e-29
 158.480440     -0.665  32.498439    15.2620   14.72638     -0.659    25.5220    18.6257 -9.990e-29
 158.480446     -0.644  32.500173    15.2769   14.75335     -0.639    25.5139    18.6164 -9.990e-29
 158.480451     -0.627  32.504449    15.3038   14.71728     -0.622    25.5001    18.6004 -9.990e-29
 158.480457     -0.611  32.513073    15.3243    8.72760     -0.606    25.4943    18.5917 -9.990e-29
 158.480463     -0.597  32.526922    15.3297    2.62078     -0.592    25.5028    18.5971 -9.990e-29
 158.480469     -0.583  32.538150    15.3275    0.39327     -0.578    25.5140    18.6061 -9.990e-29
 158.480475     -0.568  32.541019    15.3253    0.58354     -0.563    25.5179    18.6096 -9.990e-29
 158.480480     -0.556  32.542746    15.3255    3.60374     -0.551    25.5193    18.6106 -9.990e-29
 158.480486     -0.545  32.546781    15.3260    5.53930     -0.540    25.5224    18.6129 -9.990e-29
 158.480492     -0.527  32.552363    15.3206    5.93907     -0.523    25.5308    18.6204 -9.990e-29
 158.480498     -0.501  32.562479    15.3088    6.19559     -0.497    25.5472    18.6355 -9.990e-29
 158.480503     -0.473  32.578873    15.2981    6.31586     -0.469    25.5683    18.6539 -9.990e-29
 158.480509     -0.450  32.597085    15.2956    6.40467     -0.446    25.5858    18.6678 -9.990e-29
 158.480515     -0.434  32.604988    15.3013    6.47550     -0.430    25.5889    18.6690 -9.990e-29
 158.480521     -0.422  32.596326    15.3087    6.52419     -0.418    25.5766    18.6580 -9.990e-29
 158.480527     -0.402  32.583123    15.3116    6.54182     -0.399    25.5632    18.6472 -9.990e-29
 158.480532     -0.375  32.580314    15.3082    6.54688     -0.372    25.5630    18.6477 -9.990e-29
 158.480538     -0.346  32.593715    15.3020    6.55100     -0.343    25.5786    18.6610 -9.990e-29
 158.480544     -0.323  32.609268    15.2978    6.56989     -0.320    25.5949    18.6743 -9.990e-29
 158.480550     -0.309  32.607938    15.2951    6.58228     -0.306    25.5955    18.6753 -9.990e-29
 158.480556     -0.298  32.601992    15.2919    6.59460     -0.296    25.5924    18.6736 -9.990e-29
 158.480561     -0.285  32.605948    15.2881    6.57272     -0.283    25.5983    18.6789 -9.990e-29
 158.480567     -0.273  32.613887    15.2864    6.56311     -0.271    25.6063    18.6854 -9.990e-29
 158.480573     -0.271  32.616226    15.2920    6.55896     -0.269    25.6046    18.6830 -9.990e-29
 158.480579     -0.279  32.610486    15.3020    6.56734     -0.277    25.5932    18.6721 -9.990e-29
 158.480584     -0.283  32.602473    15.3096    6.58924     -0.281    25.5813    18.6615 -9.990e-29
 158.480590     -0.277  32.594403    15.3131    6.58436     -0.275    25.5720    18.6536 -9.990e-29
 158.480596     -0.263  32.589536    15.3123    6.58467     -0.261    25.5683    18.6509 -9.990e-29
 158.480602     -0.244  32.593162    15.3100    6.57794     -0.242    25.5729    18.6550 -9.990e-29
 158.480608     -0.225  32.596668    15.3114    6.57783     -0.223    25.5751    18.6563 -9.990e-29
 158.480613     -0.209  32.589037    15.3175    6.58621     -0.207    25.5645    18.6469 -9.990e-29
 158.480619     -0.193  32.576914    15.3255    6.58646     -0.191    25.5488    18.6332 -9.990e-29
 158.480625     -0.177  32.568243    15.3308    6.58657     -0.176    25.5378    18.6238 -9.990e-29
 158.480631     -0.161  32.561558    15.3309    6.56645     -0.160    25.5319    18.6192 -9.990e-29
 158.480637     -0.147  32.556362    15.3297    6.55618     -0.146    25.5282    18.6166 -9.990e-29
 158.480642     -0.134  32.553018    15.3325    6.56309     -0.133    25.5235    18.6124 -9.990e-29
 158.480648     -0.118  32.551556    15.3376    6.57401     -0.117    25.5189    18.6079 -9.990e-29
 158.480654     -0.097  32.550592    15.3390    6.58713     -0.096    25.5172    18.6062 -9.990e-29
 158.480660     -0.070  32.544362    15.3344    6.58815     -0.069    25.5147    18.6053 -9.990e-29
 158.480666     -0.040  32.532414    15.3279    6.58204     -0.040    25.5086    18.6019 -9.990e-29
 158.480671     -0.013  32.525165    15.3281    6.57190     -0.013    25.5022    18.5970 -9.990e-29
 158.480677      0.004  32.528088    15.3393    6.57201      0.004    25.4975    18.5910 -9.990e-29
 158.480683      0.012  32.534995    15.3550    6.57968      0.012    25.4933    18.5846 -9.990e-29
 158.480689      0.020  32.543328    15.3657    6.57698      0.020    25.4936    18.5826 -9.990e-29
 158.480694      0.033  32.550190    15.3687    6.58078      0.033    25.4976    18.5851 -9.990e-29
 158.480700      0.047  32.546804    15.3689    6.57666      0.047    25.4945    18.5827 -9.990e-29
 158.480706      0.055  32.539872    15.3717    6.56513      0.055    25.4867    18.5761 -9.990e-29
 158.480712      0.057  32.539775    15.3773    6.56105      0.057    25.4830    18.5721 -9.990e-29
 158.480718      0.062  32.541343    15.3823    6.54168      0.061    25.4811    18.5697 -9.990e-29
 158.480723      0.075  32.539383    15.3854    6.53375      0.074    25.4774    18.5662 -9.990e-29
 158.480729      0.091  32.532972    15.3868    6.54545      0.090    25.4709    18.5609 -9.990e-29
 158.480735      0.104  32.526461    15.3869    6.55771      0.103    25.4652    18.5565 -9.990e-29
 158.480741      0.111  32.525184    15.3860    6.57713      0.110    25.4647    18.5563 -9.990e-29
 158.480747      0.110  32.523521    15.3837    6.57340      0.109    25.4648    18.5568 -9.990e-29
 158.480752      0.108  32.517578    15.3804    6.53047      0.107    25.4617    18.5552 -9.990e-29
 158.480758      0.107  32.515689    15.3791    6.51592      0.106    25.4610    18.5549 -9.990e-29
