data/oxygen options/OCNMS/OCNMS2/raw_data/2006/CTD_TH100_053106faed.cnv
* Sea-Bird SBE19 Data File:
* FileName = C:\MOORING_DATA_2006\CTD_TH100_053106.hex
* Software Version 1.1.6
* Temperature SN = 2997
* Conductivity SN = 2997
* System UpLoad Time = May 31 2006 12:45:16
* SEACAT PROFILER V3.1c SN 2997   05/31/06  12:44:07.965
* strain gauge pressure sensor: S/N = 184829,  range = 3000 psia,  tc = 40
# nquan = 9                                 
# nvalues = 960                         
# units = specified
# name 0 = timeJ: Julian Days
# name 1 = prSM: Pressure, Strain Gauge [db]
# name 2 = c0mS/cm: Conductivity [mS/cm]
# name 3 = t090C: Temperature [ITS-90, deg C]
# name 4 = oxML/L: Oxygen, Beckman/YSI [ml/l]
# name 5 = depSM: Depth [salt water, m], lat = 47.5
# name 6 = sal00: Salinity, Practical [PSU]
# name 7 = sigma-é00: Density [sigma-theta, kg/m^3]
# name 8 = flag: flag
# span 0 = 151.520012, 151.525561       
# span 1 =     -5.708,    100.235       
# span 2 =   0.240628,  36.724702       
# span 3 =     7.7246,    17.3833       
# span 4 =   -0.06477,   31.24380       
# span 5 =     -5.660,     99.374       
# span 6 =     0.1362,    33.8434       
# span 7 =    -1.1689,    26.4064       
# span 8 = 0.0000e+00, 0.0000e+00       
# interval = seconds: 0.5
# start_time = May 31 2006 12:28:49 [Instrument's time stamp, header]
# bad_flag = -9.990e-29
*END*
[from data line 321]
 151.521869      0.227  33.818856    14.8930    6.94215      0.225    26.9233    19.7773 -9.990e-29
 151.521875      0.238  33.828420    14.8982    6.95066      0.236    26.9282    19.7800 -9.990e-29
 151.521881      0.237  33.806282    14.9080    6.97209      0.235    26.9019    19.7578 -9.990e-29
 151.521887      0.234  33.772816    14.9133    6.97777      0.232    26.8688    19.7313 -9.990e-29
 151.521892      0.232  33.761881    14.9118    6.96542      0.230    26.8602    19.7250 -9.990e-29
 151.521898      0.232  33.811034    14.9108    6.93822      0.230    26.9042    19.7590 -9.990e-29
 151.521904      0.232  33.868648    14.9181    6.91013      0.230    26.9499    19.7926 -9.990e-29
 151.521910      0.234  33.859056    14.9273    6.91186      0.232    26.9351    19.7794 -9.990e-29
 151.521916      0.237  33.815435    14.9279    6.94428      0.235    26.8963    19.7494 -9.990e-29
 151.521921      0.241  33.787257    14.9227    6.97493      0.239    26.8750    19.7342 -9.990e-29
 151.521927      0.248  33.778999    14.9174    6.97539      0.246    26.8714    19.7325 -9.990e-29
 151.521933      0.256  33.783011    14.9126    6.94900      0.254    26.8782    19.7387 -9.990e-29
 151.521939      0.268  33.801836    14.9077    6.92926      0.266    26.8982    19.7550 -9.990e-29
 151.521944      0.282  33.827494    14.9066    6.93546      0.280    26.9215    19.7732 -9.990e-29
 151.521950      0.297  33.828045    14.9140    6.95166      0.295    26.9169    19.7681 -9.990e-29
 151.521956      0.309  33.800295    14.9244    6.97133      0.306    26.8853    19.7417 -9.990e-29
 151.521962      0.322  33.778998    14.9266    6.96969      0.319    26.8651    19.7257 -9.990e-29
 151.521968      0.338  33.794621    14.9184    6.95904      0.335    26.8844    19.7423 -9.990e-29
 151.521973      0.349  33.834919    14.9101    6.94122      0.346    26.9256    19.7756 -9.990e-29
 151.521979      0.352  33.849910    14.9119    6.93527      0.349    26.9376    19.7845 -9.990e-29
 151.521985      0.346  33.824263    14.9211    6.92039      0.343    26.9087    19.7604 -9.990e-29
 151.521991      0.336  33.791048    14.9282    6.92403      0.333    26.8746    19.7327 -9.990e-29
 151.521997      0.330  33.767082    14.9303    6.94549      0.327    26.8520    19.7149 -9.990e-29
 151.522002      0.331  33.752926    14.9289    6.95468      0.328    26.8405    19.7064 -9.990e-29
 151.522008      0.340  33.761658    14.9246    6.95438      0.337    26.8512    19.7154 -9.990e-29
 151.522014      0.356  33.789783    14.9180    6.94715      0.353    26.8805    19.7393 -9.990e-29
 151.522020      0.378  33.826589    14.9120    6.94792      0.375    26.9170    19.7686 -9.990e-29
 151.522025      0.397  33.867890    14.9106    6.96152      0.394    26.9543    19.7976 -9.990e-29
 151.522031      0.411  33.879055    14.9139    6.96261      0.408    26.9619    19.8027 -9.990e-29
 151.522037      0.420  33.851422    14.9156    6.97349      0.416    26.9364    19.7828 -9.990e-29
 151.522043      0.425  33.824948    14.9107    6.96432      0.421    26.9164    19.7684 -9.990e-29
 151.522049      0.427  33.824318    14.9034    6.95039      0.423    26.9209    19.7733 -9.990e-29
 151.522054      0.425  33.838039    14.9011    6.94165      0.421    26.9346    19.7843 -9.990e-29
 151.522060      0.420  33.835628    14.9067    6.93197      0.416    26.9286    19.7786 -9.990e-29
 151.522066      0.411  33.814429    14.9171    6.93730      0.408    26.9028    19.7566 -9.990e-29
 151.522072      0.401  33.795506    14.9243    6.94910      0.398    26.8812    19.7385 -9.990e-29
 151.522078      0.399  33.782779    14.9223    6.95939      0.396    26.8713    19.7314 -9.990e-29
 151.522083      0.409  33.788992    14.9112    6.96856      0.406    26.8844    19.7437 -9.990e-29
 151.522089      0.427  33.826911    14.8964    6.96984      0.423    26.9280    19.7802 -9.990e-29
 151.522095      0.446  33.880383    14.8865    6.97217      0.442    26.9820    19.8237 -9.990e-29
 151.522101      0.463  33.924838    14.8865    6.96767      0.459    27.0211    19.8538 -9.990e-29
 151.522106      0.478  33.923680    14.8964    6.97167      0.474    27.0133    19.8458 -9.990e-29
 151.522112      0.489  33.873680    14.9137    6.96505      0.485    26.9573    19.7992 -9.990e-29
 151.522118      0.492  33.815804    14.9328    6.95897      0.488    26.8932    19.7460 -9.990e-29
 151.522124      0.492  33.769500    14.9466    6.95375      0.488    26.8429    19.7046 -9.990e-29
 151.522130      0.492  33.734714    14.9509    6.94179      0.488    26.8094    19.6780 -9.990e-29
 151.522135      0.492  33.721871    14.9516    6.95024      0.488    26.7976    19.6688 -9.990e-29
 151.522141      0.494  33.728964    14.9548    6.94984      0.490    26.8016    19.6712 -9.990e-29
 151.522147      0.496  33.732550    14.9579    6.95257      0.492    26.8027    19.6714 -9.990e-29
 151.522153      0.498  33.743011    14.9585    6.95314      0.494    26.8115    19.6780 -9.990e-29
 151.522159      0.502  33.763643    14.9568    6.94964      0.498    26.8308    19.6932 -9.990e-29
 151.522164      0.508  33.777666    14.9524    6.94285      0.504    26.8461    19.7059 -9.990e-29
 151.522170      0.514  33.797047    14.9477    6.93571      0.510    26.8664    19.7224 -9.990e-29
 151.522176      0.523  33.813426    14.9459    6.93310      0.519    26.8820    19.7348 -9.990e-29
 151.522182      0.530  33.811637    14.9454    6.94189      0.526    26.8808    19.7340 -9.990e-29
 151.522188      0.532  33.797139    14.9436    6.94722      0.528    26.8693    19.7255 -9.990e-29
 151.522193      0.533  33.784233    14.9398    6.95251      0.529    26.8605    19.7195 -9.990e-29
 151.522199      0.536  33.788223    14.9330    6.93976      0.532    26.8687    19.7272 -9.990e-29
 151.522205      0.544  33.806013    14.9248    6.91921      0.539    26.8900    19.7453 -9.990e-29
 151.522211      0.550  33.818154    14.9198    6.92309      0.545    26.9041    19.7571 -9.990e-29
 151.522216      0.553  33.814482    14.9202    6.94285      0.548    26.9006    19.7544 -9.990e-29
 151.522222      0.556  33.806915    14.9246    6.95731      0.551    26.8909    19.7460 -9.990e-29
 151.522228      0.560  33.803856    14.9298    6.95725      0.555    26.8847    19.7401 -9.990e-29
 151.522234      0.560  33.806271    14.9339    6.94420      0.555    26.8840    19.7388 -9.990e-29
 151.522240      0.556  33.814572    14.9366    6.93151      0.551    26.8894    19.7424 -9.990e-29
 151.522245      0.548  33.819082    14.9382    6.92438      0.543    26.8923    19.7443 -9.990e-29
 151.522251      0.540  33.807872    14.9386    6.92624      0.535    26.8822    19.7364 -9.990e-29
 151.522257      0.537  33.787295    14.9367    6.93101      0.533    26.8654    19.7239 -9.990e-29
 151.522263      0.536  33.780927    14.9294    6.94267      0.532    26.8648    19.7249 -9.990e-29
 151.522269      0.539  33.798211    14.9147    6.96504      0.535    26.8901    19.7474 -9.990e-29
 151.522274      0.546  33.825751    14.8971    6.97829      0.541    26.9265    19.7789 -9.990e-29
 151.522280      0.557  33.852611    14.8847    6.96589      0.552    26.9587    19.8062 -9.990e-29
 151.522286      0.568  33.873674    14.8807    6.94474      0.563    26.9800    19.8234 -9.990e-29
 151.522292      0.572  33.880580    14.8849    6.94283      0.567    26.9832    19.8250 -9.990e-29
 151.522297      0.569  33.869074    14.8953    6.95288      0.564    26.9659    19.8096 -9.990e-29
 151.522303      0.567  33.845673    14.9051    6.95944      0.562    26.9385    19.7865 -9.990e-29
 151.522309      0.570  33.822900    14.9094    6.95340      0.565    26.9155    19.7680 -9.990e-29
 151.522315      0.579  33.817482    14.9090    6.95036      0.574    26.9110    19.7646 -9.990e-29
 151.522321      0.589  33.831721    14.9079    6.95063      0.584    26.9243    19.7750 -9.990e-29
 151.522326      0.594  33.836390    14.9110    6.94543      0.589    26.9262    19.7759 -9.990e-29
 151.522332      0.593  33.820331    14.9174    6.94713      0.588    26.9077    19.7604 -9.990e-29
 151.522338      0.595  33.805292    14.9210    6.95428      0.590    26.8920    19.7475 -9.990e-29
 151.522344      0.600  33.798689    14.9179    6.95121      0.595    26.8883    19.7453 -9.990e-29
 151.522350      0.603  33.803489    14.9086    6.94724      0.598    26.8989    19.7554 -9.990e-29
 151.522355      0.610  33.819360    14.8993    6.95738      0.605    26.9193    19.7730 -9.990e-29
 151.522361      0.621  33.829898    14.8964    6.97694      0.616    26.9306    19.7822 -9.990e-29
 151.522367      0.628  33.834012    14.9011    6.98831      0.623    26.9310    19.7816 -9.990e-29
 151.522373      0.632  33.832138    14.9099    6.96442      0.627    26.9232    19.7738 -9.990e-29
 151.522378      0.637  33.817286    14.9165    6.94538      0.632    26.9056    19.7589 -9.990e-29
 151.522384      0.638  33.803288    14.9187    6.93709      0.633    26.8918    19.7479 -9.990e-29
 151.522390      0.637  33.796703    14.9203    6.93967      0.632    26.8849    19.7422 -9.990e-29
 151.522396      0.641  33.782024    14.9241    6.96970      0.636    26.8693    19.7295 -9.990e-29
 151.522402      0.651  33.762098    14.9282    6.97601      0.646    26.8490    19.7130 -9.990e-29
 151.522407      0.659  33.763050    14.9287    6.94874      0.653    26.8495    19.7133 -9.990e-29
 151.522413      0.661  33.788387    14.9273    6.93670      0.655    26.8727    19.7315 -9.990e-29
 151.522419      0.657  33.800693    14.9308    6.93473      0.652    26.8812    19.7372 -9.990e-29
 151.522425      0.652  33.782176    14.9395    6.94045      0.647    26.8589    19.7183 -9.990e-29
 151.522431      0.649  33.756912    14.9460    6.96379      0.644    26.8322    19.6965 -9.990e-29
 151.522436      0.648  33.739425    14.9435    6.97335      0.643    26.8185    19.6865 -9.990e-29
 151.522442      0.654  33.743398    14.9311    6.97568      0.649    26.8305    19.6983 -9.990e-29
 151.522448      0.666  33.783093    14.9183    6.97446      0.660    26.8743    19.7345 -9.990e-29
 151.522454      0.677  33.822299    14.9160    6.97348      0.671    26.9104    19.7627 -9.990e-29
 151.522459      0.683  33.819106    14.9223    6.95510      0.677    26.9032    19.7559 -9.990e-29
 151.522465      0.685  33.791113    14.9290    6.94544      0.679    26.8740    19.7321 -9.990e-29
 151.522471      0.683  33.762657    14.9334    6.94341      0.677    26.8459    19.7096 -9.990e-29
 151.522477      0.681  33.738397    14.9377    6.93757      0.675    26.8216    19.6901 -9.990e-29
 151.522483      0.682  33.726909    14.9445    6.93744      0.676    26.8068    19.6773 -9.990e-29
 151.522488      0.684  33.723523    14.9540    6.94274      0.678    26.7973    19.6681 -9.990e-29
 151.522494      0.686  33.721477    14.9626    6.94178      0.680    26.7897    19.6604 -9.990e-29
 151.522500      0.692  33.725891    14.9667    6.94803      0.686    26.7907    19.6604 -9.990e-29
 151.522506      0.699  33.733677    14.9655    6.95736      0.693    26.7984    19.6665 -9.990e-29
 151.522512      0.702  33.739520    14.9594    6.97380      0.696    26.8077    19.6750 -9.990e-29
 151.522517      0.702  33.750646    14.9500    6.99058      0.696    26.8239    19.6893 -9.990e-29
 151.522523      0.700  33.763945    14.9407    6.98772      0.694    26.8420    19.7051 -9.990e-29
 151.522529      0.693  33.766874    14.9353    6.93926      0.687    26.8483    19.7111 -9.990e-29
 151.522535      0.684  33.762771    14.9348    6.89824      0.678    26.8450    19.7087 -9.990e-29
 151.522541      0.674  33.755691    14.9381    6.89076      0.668    26.8365    19.7015 -9.990e-29
 151.522546      0.672  33.746841    14.9445    6.91502      0.666    26.8244    19.6908 -9.990e-29
 151.522552      0.678  33.737312    14.9521    6.94640      0.672    26.8108    19.6788 -9.990e-29
 151.522558      0.683  33.728968    14.9545    6.98877      0.677    26.8018    19.6714 -9.990e-29
 151.522564      0.689  33.741515    14.9466    6.98986      0.683    26.8182    19.6857 -9.990e-29
 151.522569      0.699  33.778225    14.9354    6.96118      0.693    26.8582    19.7187 -9.990e-29
 151.522575      0.705  33.806757    14.9346    6.93151      0.699    26.8839    19.7385 -9.990e-29
 151.522581      0.700  33.804043    14.9488    6.92439      0.694    26.8717    19.7263 -9.990e-29
 151.522587      0.688  33.768701    14.9676    6.93871      0.682    26.8278    19.6887 -9.990e-29
 151.522593      0.676  33.722554    14.9790    6.97988      0.670    26.7794    19.6492 -9.990e-29
 151.522598      0.676  33.696011    14.9776    6.98569      0.670    26.7570    19.6323 -9.990e-29
 151.522604      0.697  33.705254    14.9623    6.94719      0.691    26.7756    19.6497 -9.990e-29
 151.522610      0.728  33.760926    14.9457    6.91989      0.722    26.8359    19.6994 -9.990e-29
 151.522616      0.748  33.811677    14.9450    6.90901      0.742    26.8811    19.7343 -9.990e-29
 151.522622      0.751  33.792868    14.9585    6.93482      0.745    26.8552    19.7117 -9.990e-29
 151.522627      0.741  33.739955    14.9710    6.95407      0.735    26.8001    19.6668 -9.990e-29
 151.522633      0.730  33.698988    14.9685    6.95566      0.724    26.7658    19.6409 -9.990e-29
 151.522639      0.731  33.696632    14.9488    6.93692      0.725    26.7772    19.6537 -9.990e-29
 151.522645      0.744  33.748804    14.9281    6.92784      0.738    26.8373    19.7041 -9.990e-29
 151.522650      0.756  33.799492    14.9218    6.93078      0.750    26.8863    19.7430 -9.990e-29
 151.522656      0.760  33.800226    14.9261    6.94108      0.754    26.8840    19.7403 -9.990e-29
 151.522662      0.764  33.776643    14.9286    6.95508      0.758    26.8615    19.7226 -9.990e-29
 151.522668      0.777  33.764569    14.9221    6.95450      0.771    26.8553    19.7191 -9.990e-29
 151.522674      0.797  33.771446    14.9099    6.96078      0.790    26.8697    19.7327 -9.990e-29
 151.522679      0.819  33.787383    14.9001    6.96331      0.812    26.8905    19.7507 -9.990e-29
 151.522685      0.846  33.797745    14.8978    6.95381      0.839    26.9012    19.7594 -9.990e-29
 151.522691      0.879  33.800083    14.9007    6.93251      0.872    26.9013    19.7588 -9.990e-29
 151.522697      0.919  33.800312    14.9006    6.89743      0.911    26.9015    19.7590 -9.990e-29
 151.522703      0.971  33.800976    14.8949    6.88380      0.963    26.9060    19.7637 -9.990e-29
 151.522708      1.036  33.803519    14.8899    6.92756      1.027    26.9117    19.7690 -9.990e-29
 151.522714      1.115  33.802920    14.8919    6.94951      1.106    26.9097    19.7671 -9.990e-29
 151.522720      1.209  33.790525    14.9002    6.87224      1.199    26.8931    19.7526 -9.990e-29
 151.522726      1.328  33.776710    14.9069    6.79874      1.317    26.8763    19.7384 -9.990e-29
 151.522731      1.483  33.781174    14.9052    6.76854      1.471    26.8813    19.7426 0.0000e+00
 151.522737      1.684  33.835095    14.8967    6.79667      1.670    26.9346    19.7853 0.0000e+00
 151.522743      1.941  34.000833    14.8864    6.87954      1.925    27.0878    19.9051 0.0000e+00
 151.522749      2.252  34.321656    14.8504    6.96343      2.233    27.3961    20.1495 0.0000e+00
 151.522755      2.606  34.769526    14.7489    7.01050      2.584    27.8647    20.5305 0.0000e+00
 151.522760      2.993  35.253649    14.6036    6.97766      2.968    28.4008    20.9726 0.0000e+00
 151.522766      3.403  35.666464    14.4803    6.93140      3.375    28.8612    21.3521 0.0000e+00
 151.522772      3.828  35.943200    14.4051    6.86117      3.796    29.1661    21.6022 0.0000e+00
 151.522778      4.263  36.095565    14.3615    6.76144      4.227    29.3362    21.7421 0.0000e+00
 151.522784      4.713  36.175262    14.3254    6.70238      4.674    29.4354    21.8259 0.0000e+00
