data/oxygen options/OCNMS/OCNMS2/raw_data/2006/CTD_TH050_071806faed.cnv
* Sea-Bird SBE19 Data File:
* FileName = C:\Hypoxia Data\CTD_TH050_071806.hex
* Software Version 1.1.8
* Temperature SN = 2997
* Conductivity SN = 2997
* System UpLoad Time = Jul 18 2006 14:36:36
* SEACAT PROFILER V3.1c SN 2997   07/18/06  14:35:40.665
* strain gauge pressure sensor: S/N = 184829,  range = 3000 psia,  tc = 40
# nquan = 9                                 
# nvalues = 714                         
# units = specified
# name 0 = timeJ: Julian Days
# name 1 = prSM: Pressure, Strain Gauge [db]
# name 2 = c0mS/cm: Conductivity [mS/cm]
# name 3 = t090C: Temperature [ITS-90, deg C]
# name 4 = oxML/L: Oxygen, Beckman/YSI [ml/l]
# name 5 = depSM: Depth [salt water, m], lat = 47.5
# name 6 = sal00: Salinity, Practical [PSU]
# name 7 = sigma-é00: Density [sigma-theta, kg/m^3]
# name 8 = flag: flag
# span 0 = 199.603218, 199.607344       
# span 1 =     -3.825,     49.542       
# span 2 =   0.926693,  37.913804       
# span 3 =     7.8127,    13.9747       
# span 4 =   -0.28493,   34.31370       
# span 5 =     -3.793,     49.123       
# span 6 =     0.5882,    33.7169       
# span 7 =    -0.2904,    26.2938       
# span 8 = 0.0000e+00, 0.0000e+00       
# interval = seconds: 0.5
# start_time = Jul 18 2006 14:28:38 [Instrument's time stamp, header]
# bad_flag = -9.990e-29
*END*
[from data line 161]
 199.604149      0.926  37.672390    12.9768    6.44751      0.918    31.8977    23.9952 -9.990e-29
 199.604155      0.933  37.665797    12.9755    6.43706      0.925    31.8926    23.9915 -9.990e-29
 199.604161      0.935  37.664796    12.9801    6.43130      0.927    31.8878    23.9869 -9.990e-29
 199.604167      0.931  37.669744    12.9867    6.43547      0.923    31.8869    23.9849 -9.990e-29
 199.604172      0.926  37.674906    12.9898    6.44065      0.918    31.8891    23.9860 -9.990e-29
 199.604178      0.931  37.675954    12.9858    6.44458      0.923    31.8935    23.9902 -9.990e-29
 199.604184      0.953  37.670369    12.9765    6.43844      0.945    31.8961    23.9940 -9.990e-29
 199.604190      0.979  37.660816    12.9694    6.42990      0.971    31.8930    23.9930 -9.990e-29
 199.604196      0.997  37.655324    12.9702    6.42163      0.989    31.8872    23.9883 -9.990e-29
 199.604201      1.006  37.658921    12.9759    6.41618      0.998    31.8858    23.9861 -9.990e-29
 199.604207      1.010  37.666871    12.9797    6.41895      1.002    31.8900    23.9887 -9.990e-29
 199.604213      1.017  37.671832    12.9770    6.42469      1.009    31.8970    23.9946 -9.990e-29
 199.604219      1.032  37.669210    12.9683    6.42965      1.023    31.9018    24.0001 -9.990e-29
 199.604225      1.048  37.656081    12.9606    6.43153      1.039    31.8959    23.9970 -9.990e-29
 199.604230      1.057  37.643002    12.9608    6.43317      1.048    31.8834    23.9873 -9.990e-29
 199.604236      1.065  37.644522    12.9652    6.44733      1.056    31.8812    23.9847 -9.990e-29
 199.604242      1.075  37.655383    12.9675    6.44944      1.066    31.8895    23.9906 -9.990e-29
 199.604248      1.089  37.664267    12.9679    6.44974      1.080    31.8975    23.9968 -9.990e-29
 199.604253      1.106  37.668442    12.9685    6.44680      1.097    31.9009    23.9993 -9.990e-29
 199.604259      1.126  37.668997    12.9698    6.43363      1.117    31.9003    23.9986 -9.990e-29
 199.604265      1.143  37.668365    12.9709    6.42719      1.133    31.8988    23.9972 -9.990e-29
 199.604271      1.159  37.667956    12.9706    6.42780      1.149    31.8987    23.9972 -9.990e-29
 199.604277      1.171  37.668358    12.9697    6.43686      1.161    31.8998    23.9982 -9.990e-29
 199.604282      1.180  37.668993    12.9694    6.45121      1.170    31.9006    23.9989 -9.990e-29
 199.604288      1.191  37.668475    12.9696    6.45497      1.181    31.9000    23.9984 -9.990e-29
 199.604294      1.199  37.666683    12.9696    6.44624      1.189    31.8983    23.9971 -9.990e-29
 199.604300      1.202  37.662922    12.9687    6.43836      1.192    31.8955    23.9951 -9.990e-29
 199.604306      1.200  37.658359    12.9688    6.43944      1.190    31.8911    23.9917 -9.990e-29
 199.604311      1.195  37.658700    12.9741    6.44565      1.185    31.8870    23.9874 -9.990e-29
 199.604317      1.194  37.666656    12.9835    6.44803      1.184    31.8866    23.9853 -9.990e-29
 199.604323      1.194  37.676571    12.9893    6.44221      1.184    31.8910    23.9876 -9.990e-29
 199.604329      1.197  37.680356    12.9878    6.43699      1.187    31.8958    23.9916 -9.990e-29
 199.604334      1.203  37.675217    12.9810    6.42632      1.193    31.8967    23.9936 -9.990e-29
 199.604340      1.212  37.666656    12.9735    6.42603      1.202    31.8950    23.9937 -9.990e-29
 199.604346      1.220  37.663466    12.9711    6.42958      1.210    31.8940    23.9934 -9.990e-29
 199.604352      1.224  37.667012    12.9744    6.43905      1.214    31.8946    23.9932 -9.990e-29
 199.604358      1.223  37.671370    12.9774    6.44356      1.213    31.8961    23.9939 -9.990e-29
 199.604363      1.223  37.672260    12.9761    6.45095      1.213    31.8981    23.9956 -9.990e-29
 199.604369      1.226  37.669758    12.9719    6.45013      1.216    31.8992    23.9974 -9.990e-29
 199.604375      1.230  37.666149    12.9684    6.44730      1.220    31.8988    23.9977 -9.990e-29
 199.604381      1.231  37.664487    12.9695    6.44904      1.221    31.8963    23.9955 -9.990e-29
 199.604387      1.227  37.666490    12.9754    6.44068      1.217    31.8932    23.9920 -9.990e-29
 199.604392      1.224  37.670910    12.9814    6.43848      1.214    31.8923    23.9902 -9.990e-29
 199.604398      1.229  37.675798    12.9843    6.43391      1.219    31.8945    23.9913 -9.990e-29
 199.604404      1.244  37.678704    12.9846    6.42886      1.234    31.8970    23.9931 -9.990e-29
 199.604410      1.259  37.676222    12.9834    6.43691      1.248    31.8956    23.9923 -9.990e-29
 199.604416      1.273  37.672345    12.9820    6.43197      1.262    31.8932    23.9907 -9.990e-29
 199.604421      1.286  37.672575    12.9797    6.43321      1.275    31.8953    23.9928 -9.990e-29
 199.604427      1.302  37.673862    12.9750    6.43640      1.291    31.9005    23.9977 -9.990e-29
 199.604433      1.328  37.672321    12.9680    6.44103      1.317    31.9049    24.0025 -9.990e-29
 199.604439      1.357  37.666466    12.9622    6.44511      1.346    31.9043    24.0031 -9.990e-29
 199.604444      1.377  37.661406    12.9633    6.44510      1.366    31.8986    23.9985 -9.990e-29
 199.604450      1.385  37.663305    12.9706    6.44299      1.373    31.8942    23.9937 -9.990e-29
 199.604456      1.387  37.669091    12.9778    6.43975      1.375    31.8936    23.9918 -9.990e-29
 199.604462      1.390  37.674148    12.9819    6.44110      1.378    31.8949    23.9920 -9.990e-29
 199.604468      1.400  37.676254    12.9828    6.44984      1.388    31.8961    23.9928 -9.990e-29
 199.604473      1.412  37.675422    12.9813    6.43863      1.400    31.8966    23.9935 -9.990e-29
 199.604479      1.424  37.673359    12.9782    6.44100      1.412    31.8973    23.9946 -9.990e-29
 199.604485      1.436  37.670127    12.9756    6.43941      1.424    31.8964    23.9944 -9.990e-29
 199.604491      1.444  37.666477    12.9745    6.42960      1.432    31.8939    23.9927 -9.990e-29
 199.604497      1.449  37.665408    12.9749    6.43188      1.437    31.8925    23.9916 -9.990e-29
 199.604502      1.460  37.667747    12.9763    6.43073      1.448    31.8935    23.9921 -9.990e-29
 199.604508      1.477  37.670452    12.9763    6.43388      1.465    31.8961    23.9941 -9.990e-29
 199.604514      1.494  37.669844    12.9729    6.43915      1.482    31.8984    23.9965 -9.990e-29
 199.604520      1.506  37.665123    12.9689    6.43925      1.493    31.8973    23.9964 -9.990e-29
 199.604525      1.515  37.659542    12.9684    6.44567      1.502    31.8924    23.9928 -9.990e-29
 199.604531      1.518  37.657452    12.9725    6.43674      1.505    31.8870    23.9878 -9.990e-29
 199.604537      1.509  37.661124    12.9790    6.43516      1.496    31.8850    23.9850 -9.990e-29
 199.604543      1.492  37.667609    12.9846    6.43523      1.480    31.8864    23.9850 -9.990e-29
 199.604549      1.476  37.672660    12.9875    6.43397      1.464    31.8887    23.9862 -9.990e-29
 199.604554      1.467  37.676291    12.9868    6.43662      1.455    31.8928    23.9894 -9.990e-29
 199.604560      1.469  37.676622    12.9820    6.44259      1.457    31.8971    23.9937 -9.990e-29
 199.604566      1.478  37.670737    12.9752    6.44467      1.466    31.8973    23.9952 -9.990e-29
 199.604572      1.486  37.663704    12.9716    6.45064      1.474    31.8937    23.9931 -9.990e-29
 199.604578      1.490  37.662985    12.9734    6.44585      1.478    31.8915    23.9911 -9.990e-29
 199.604583      1.489  37.667068    12.9770    6.45392      1.477    31.8923    23.9910 -9.990e-29
 199.604589      1.489  37.671307    12.9792    6.45488      1.477    31.8945    23.9922 -9.990e-29
 199.604595      1.496  37.675757    12.9801    6.45056      1.484    31.8979    23.9947 -9.990e-29
 199.604601      1.512  37.679068    12.9810    6.44977      1.499    31.9002    23.9964 -9.990e-29
 199.604606      1.530  37.679491    12.9829    6.44205      1.517    31.8990    23.9951 -9.990e-29
 199.604612      1.546  37.679284    12.9850    6.43700      1.533    31.8971    23.9931 -9.990e-29
 199.604618      1.565  37.679864    12.9854    6.43873      1.552    31.8973    23.9932 -9.990e-29
 199.604624      1.593  37.680330    12.9843    6.44951      1.580    31.8986    23.9945 -9.990e-29
 199.604630      1.628  37.680193    12.9832    6.45940      1.614    31.8994    23.9953 -9.990e-29
 199.604635      1.658  37.679653    12.9834    6.45441      1.644    31.8987    23.9947 -9.990e-29
 199.604641      1.674  37.679117    12.9861    6.44158      1.660    31.8959    23.9920 -9.990e-29
 199.604647      1.675  37.679372    12.9906    6.43575      1.661    31.8924    23.9884 -9.990e-29
 199.604653      1.671  37.680770    12.9952    6.43547      1.657    31.8898    23.9855 -9.990e-29
 199.604659      1.669  37.682751    12.9980    6.44299      1.655    31.8893    23.9846 -9.990e-29
 199.604664      1.675  37.685162    12.9960    6.44400      1.661    31.8933    23.9881 -9.990e-29
 199.604670      1.688  37.683369    12.9867    6.44319      1.674    31.8994    23.9946 -9.990e-29
 199.604676      1.705  37.671624    12.9748    6.43527      1.691    31.8984    23.9961 -9.990e-29
 199.604682      1.719  37.658961    12.9709    6.43184      1.705    31.8897    23.9902 -9.990e-29
 199.604688      1.725  37.658796    12.9765    6.43378      1.711    31.8848    23.9853 -9.990e-29
 199.604693      1.725  37.667547    12.9837    6.44403      1.711    31.8870    23.9856 -9.990e-29
 199.604699      1.723  37.675567    12.9864    6.45532      1.709    31.8923    23.9892 -9.990e-29
 199.604705      1.727  37.678409    12.9844    6.45479      1.713    31.8967    23.9929 -9.990e-29
 199.604711      1.737  37.675385    12.9816    6.45043      1.722    31.8962    23.9931 -9.990e-29
 199.604716      1.742  37.672008    12.9818    6.44411      1.727    31.8928    23.9905 -9.990e-29
 199.604722      1.733  37.672198    12.9856    6.44906      1.719    31.8898    23.9874 -9.990e-29
 199.604728      1.717  37.675090    12.9911    6.45113      1.703    31.8879    23.9848 -9.990e-29
 199.604734      1.708  37.679501    12.9943    6.46484      1.694    31.8894    23.9854 -9.990e-29
 199.604740      1.707  37.683466    12.9928    6.47162      1.693    31.8944    23.9895 -9.990e-29
 199.604745      1.716  37.683303    12.9891    6.47049      1.702    31.8973    23.9925 -9.990e-29
 199.604751      1.731  37.678239    12.9893    6.47410      1.717    31.8924    23.9887 -9.990e-29
 199.604757      1.740  37.676116    12.9955    6.46738      1.725    31.8852    23.9819 -9.990e-29
 199.604763      1.735  37.681963    13.0036    6.46450      1.721    31.8838    23.9793 -9.990e-29
 199.604769      1.723  37.690679    13.0098    6.46230      1.709    31.8868    23.9804 -9.990e-29
 199.604774      1.718  37.696502    13.0134    6.46644      1.704    31.8893    23.9816 -9.990e-29
 199.604780      1.723  37.696544    13.0148    6.46600      1.709    31.8882    23.9804 -9.990e-29
 199.604786      1.734  37.694239    13.0159    6.46553      1.720    31.8851    23.9778 -9.990e-29
 199.604792      1.744  37.694934    13.0171    6.46257      1.729    31.8847    23.9773 -9.990e-29
 199.604797      1.752  37.696197    13.0176    6.46936      1.737    31.8855    23.9778 -9.990e-29
 199.604803      1.764  37.695792    13.0182    6.47000      1.749    31.8846    23.9770 -9.990e-29
 199.604809      1.777  37.696552    13.0189    6.46284      1.762    31.8847    23.9769 -9.990e-29
 199.604815      1.786  37.698375    13.0186    6.44774      1.771    31.8867    23.9785 -9.990e-29
 199.604821      1.792  37.698087    13.0165    6.43154      1.777    31.8881    23.9801 -9.990e-29
 199.604826      1.796  37.694751    13.0139    6.41993      1.781    31.8872    23.9799 -9.990e-29
 199.604832      1.798  37.692905    13.0124    6.42258      1.783    31.8867    23.9798 -9.990e-29
 199.604838      1.803  37.694582    13.0085    6.43062      1.788    31.8916    23.9843 -9.990e-29
 199.604844      1.819  37.691925    12.9972    6.43715      1.804    31.8986    23.9919 -9.990e-29
 199.604850      1.847  37.679156    12.9825    6.44439      1.832    31.8989    23.9951 -9.990e-29
 199.604855      1.876  37.663381    12.9747    6.44716      1.860    31.8906    23.9901 -9.990e-29
 199.604861      1.896  37.658358    12.9775    6.45301      1.880    31.8835    23.9841 -9.990e-29
 199.604867      1.902  37.664685    12.9850    6.45738      1.886    31.8832    23.9824 -9.990e-29
 199.604873      1.897  37.672288    12.9913    6.45218      1.881    31.8850    23.9826 -9.990e-29
 199.604878      1.887  37.678968    12.9958    6.44691      1.871    31.8875    23.9837 -9.990e-29
 199.604884      1.881  37.685227    12.9985    6.43547      1.865    31.8912    23.9859 -9.990e-29
 199.604890      1.874  37.687637    12.9987    6.42599      1.858    31.8933    23.9875 -9.990e-29
 199.604896      1.866  37.686050    12.9969    6.42006      1.850    31.8933    23.9879 -9.990e-29
 199.604902      1.860  37.683408    12.9927    6.42230      1.844    31.8943    23.9895 -9.990e-29
 199.604907      1.856  37.678440    12.9855    6.42716      1.841    31.8957    23.9920 -9.990e-29
 199.604913      1.854  37.671263    12.9773    6.44656      1.839    31.8959    23.9937 -9.990e-29
 199.604919      1.858  37.665777    12.9714    6.45011      1.842    31.8957    23.9947 -9.990e-29
 199.604925      1.872  37.662529    12.9699    6.44214      1.856    31.8939    23.9936 -9.990e-29
 199.604931      1.889  37.661683    12.9739    6.44220      1.873    31.8897    23.9896 -9.990e-29
 199.604936      1.897  37.664359    12.9824    6.43918      1.881    31.8850    23.9843 -9.990e-29
 199.604942      1.896  37.670204    12.9911    6.44194      1.880    31.8832    23.9812 -9.990e-29
 199.604948      1.896  37.678042    12.9970    6.45358      1.880    31.8856    23.9820 -9.990e-29
 199.604954      1.900  37.683746    12.9987    6.46221      1.884    31.8896    23.9847 -9.990e-29
 199.604959      1.904  37.680345    12.9967    6.45363      1.888    31.8881    23.9839 -9.990e-29
 199.604965      1.900  37.671725    12.9960    6.43396      1.884    31.8805    23.9782 -9.990e-29
 199.604971      1.888  37.671649    12.9996    6.43074      1.872    31.8774    23.9751 -9.990e-29
 199.604977      1.880  37.680021    13.0058    6.42411      1.864    31.8801    23.9760 -9.990e-29
 199.604983      1.884  37.687255    13.0110    6.42132      1.868    31.8825    23.9768 -9.990e-29
 199.604988      1.900  37.692342    13.0127    6.43117      1.884    31.8859    23.9791 -9.990e-29
 199.604994      1.929  37.695342    13.0076    6.43762      1.913    31.8930    23.9856 -9.990e-29
 199.605000      1.968  37.688482    12.9944    6.43555      1.952    31.8976    23.9917 -9.990e-29
 199.605006      2.008  37.674404    12.9838    6.44435      1.991    31.8933    23.9904 -9.990e-29
 199.605012      2.034  37.670248    12.9860    6.44361      2.017    31.8875    23.9855 -9.990e-29
 199.605017      2.043  37.677210    12.9946    6.44957      2.026    31.8868    23.9833 -9.990e-29
 199.605023      2.044  37.683254    13.0006    6.45408      2.027    31.8875    23.9827 -9.990e-29
 199.605029      2.042  37.686909    13.0034    6.44069      2.025    31.8886    23.9830 -9.990e-29
 199.605035      2.037  37.689695    13.0052    6.43124      2.020    31.8897    23.9835 -9.990e-29
 199.605041      2.027  37.690845    13.0074    6.42479      2.010    31.8889    23.9824 -9.990e-29
 199.605046      2.013  37.692461    13.0101    6.42005      1.996    31.8882    23.9813 -9.990e-29
 199.605052      1.998  37.693899    13.0108    6.42270      1.981    31.8889    23.9818 -9.990e-29
 199.605058      1.990  37.693157    13.0061    6.42384      1.973    31.8922    23.9852 -9.990e-29
 199.605064      1.992  37.689817    12.9974    6.41667      1.975    31.8964    23.9902 -9.990e-29
