data/oxygen options/OCNMS/OCNMS2/raw_data/2006/CTD_TH080_070606faed.cnv
* Sea-Bird SBE19 Data File:
* FileName = C:\Hypoxia_Data_2006\CTD_TH080_070606.hex
* Software Version 1.1.6
* Temperature SN = 2997
* Conductivity SN = 2997
* System UpLoad Time = Jul 06 2006 15:47:21
* SEACAT PROFILER V3.1c SN 2997   07/06/06  15:46:44.274
* strain gauge pressure sensor: S/N = 184829,  range = 3000 psia,  tc = 40
# nquan = 9                                 
# nvalues = 744                         
# units = specified
# name 0 = timeJ: Julian Days
# name 1 = prSM: Pressure, Strain Gauge [db]
# name 2 = c0mS/cm: Conductivity [mS/cm]
# name 3 = t090C: Temperature [ITS-90, deg C]
# name 4 = oxML/L: Oxygen, Beckman/YSI [ml/l]
# name 5 = depSM: Depth [salt water, m], lat = 47.5
# name 6 = sal00: Salinity, Practical [PSU]
# name 7 = sigma-é00: Density [sigma-theta, kg/m^3]
# name 8 = flag: flag
# span 0 = 187.652211, 187.656510       
# span 1 =     -4.698,     79.856       
# span 2 =   2.216212,  37.510447       
# span 3 =     7.4548,    14.6264       
# span 4 =   -0.05946,   34.80462       
# span 5 =     -4.659,     79.174       
# span 6 =     1.4442,    33.8798       
# span 7 =     0.2818,    26.4710       
# span 8 = 0.0000e+00, 0.0000e+00       
# interval = seconds: 0.5
# start_time = Jul 06 2006 15:39:11 [Instrument's time stamp, header]
# bad_flag = -9.990e-29
*END*
[from data line 321]
 187.654068      1.180  37.004634    12.7641    8.12129      1.170    31.4457    23.6865 -9.990e-29
 187.654074      1.179  37.006165    12.7543    8.09386      1.169    31.4553    23.6958 -9.990e-29
 187.654080      1.183  36.995472    12.7442    8.08635      1.173    31.4536    23.6964 -9.990e-29
 187.654086      1.184  36.988590    12.7414    8.08164      1.174    31.4494    23.6937 -9.990e-29
 187.654091      1.179  36.993167    12.7423    8.07094      1.169    31.4530    23.6963 -9.990e-29
 187.654097      1.172  36.998473    12.7413    8.06821      1.162    31.4589    23.7010 -9.990e-29
 187.654103      1.169  36.998677    12.7340    8.06407      1.159    31.4652    23.7073 -9.990e-29
 187.654109      1.176  36.987880    12.7210    8.07353      1.166    31.4658    23.7103 -9.990e-29
 187.654115      1.189  36.969075    12.7130    8.10604      1.179    31.4547    23.7032 -9.990e-29
 187.654120      1.199  36.961506    12.7151    8.12947      1.189    31.4457    23.6959 -9.990e-29
 187.654126      1.208  36.970782    12.7208    8.14969      1.198    31.4498    23.6979 -9.990e-29
 187.654132      1.220  36.985145    12.7251    8.16218      1.210    31.4598    23.7048 -9.990e-29
 187.654138      1.232  36.993455    12.7279    8.15495      1.222    31.4653    23.7086 -9.990e-29
 187.654144      1.241  36.993888    12.7294    8.14378      1.231    31.4644    23.7076 -9.990e-29
 187.654149      1.246  36.995436    12.7306    8.12926      1.236    31.4649    23.7077 -9.990e-29
 187.654155      1.249  36.999039    12.7301    8.12346      1.239    31.4687    23.7108 -9.990e-29
 187.654161      1.253  36.999401    12.7269    8.11983      1.243    31.4717    23.7137 -9.990e-29
 187.654167      1.263  36.997005    12.7234    8.14007      1.252    31.4724    23.7149 -9.990e-29
 187.654172      1.276  36.992021    12.7217    8.15506      1.265    31.4691    23.7127 -9.990e-29
 187.654178      1.284  36.986216    12.7228    8.14724      1.273    31.4627    23.7075 -9.990e-29
 187.654184      1.283  36.985310    12.7274    8.12603      1.272    31.4580    23.7030 -9.990e-29
 187.654190      1.273  36.989778    12.7340    8.09700      1.262    31.4567    23.7008 -9.990e-29
 187.654196      1.253  36.995478    12.7396    8.08200      1.243    31.4574    23.7002 -9.990e-29
 187.654201      1.231  37.001032    12.7414    8.05327      1.221    31.4612    23.7028 -9.990e-29
 187.654207      1.217  37.004312    12.7354    8.04899      1.207    31.4693    23.7102 -9.990e-29
 187.654213      1.217  36.997348    12.7199    8.06195      1.207    31.4756    23.7181 -9.990e-29
 187.654219      1.224  36.975904    12.7041    8.06653      1.214    31.4685    23.7156 -9.990e-29
 187.654225      1.231  36.952900    12.7012    8.10225      1.221    31.4492    23.7012 -9.990e-29
 187.654230      1.235  36.948144    12.7123    8.12764      1.225    31.4354    23.6884 -9.990e-29
 187.654236      1.240  36.964267    12.7263    8.14440      1.230    31.4390    23.6885 -9.990e-29
 187.654242      1.250  36.985739    12.7359    8.17060      1.240    31.4513    23.6962 -9.990e-29
 187.654248      1.266  37.004727    12.7419    8.15976      1.255    31.4643    23.7051 -9.990e-29
 187.654253      1.289  37.015136    12.7448    8.14768      1.278    31.4717    23.7103 -9.990e-29
 187.654259      1.312  37.012893    12.7462    8.13238      1.301    31.4684    23.7074 -9.990e-29
 187.654265      1.323  37.010152    12.7479    8.10279      1.312    31.4644    23.7040 -9.990e-29
 187.654271      1.324  37.010550    12.7477    8.08086      1.313    31.4649    23.7045 -9.990e-29
 187.654277      1.323  37.009007    12.7442    8.04681      1.312    31.4664    23.7063 -9.990e-29
 187.654282      1.328  37.004027    12.7378    8.01315      1.317    31.4670    23.7080 -9.990e-29
 187.654288      1.344  36.991772    12.7271    7.98184      1.333    31.4643    23.7080 -9.990e-29
 187.654294      1.363  36.977218    12.7127    7.95134      1.352    31.4625    23.7094 -9.990e-29
 187.654300      1.379  36.968447    12.6992    7.94520      1.367    31.4655    23.7142 -9.990e-29
 187.654306      1.391  36.961052    12.6884    7.94808      1.379    31.4675    23.7178 -9.990e-29
 187.654311      1.402  36.950779    12.6797    7.97287      1.390    31.4650    23.7176 -9.990e-29
 187.654317      1.415  36.941318    12.6738    8.01464      1.403    31.4610    23.7156 -9.990e-29
 187.654323      1.432  36.938002    12.6741    8.05486      1.420    31.4576    23.7129 -9.990e-29
 187.654329      1.446  36.941453    12.6848    8.07654      1.434    31.4519    23.7065 -9.990e-29
 187.654334      1.452  36.951765    12.7047    8.09411      1.440    31.4451    23.6974 -9.990e-29
 187.654340      1.455  36.969760    12.7265    8.09909      1.443    31.4439    23.6923 -9.990e-29
 187.654346      1.465  36.986309    12.7404    8.10771      1.453    31.4480    23.6928 -9.990e-29
 187.654352      1.490  36.993166    12.7421    8.13853      1.478    31.4531    23.6964 -9.990e-29
 187.654358      1.537  36.993285    12.7356    8.16364      1.524    31.4586    23.7019 -9.990e-29
 187.654363      1.603  36.990730    12.7276    8.14493      1.590    31.4628    23.7067 -9.990e-29
 187.654369      1.685  36.988242    12.7233    8.11415      1.671    31.4640    23.7085 -9.990e-29
 187.654375      1.779  36.986962    12.7231    8.07465      1.764    31.4629    23.7077 -9.990e-29
 187.654381      1.888  36.985719    12.7255    7.98426      1.872    31.4597    23.7047 -9.990e-29
 187.654387      2.017  36.985636    12.7270    7.77045      2.000    31.4583    23.7034 0.0000e+00
 187.654392      2.175  36.986018    12.7146    7.49457      2.157    31.4690    23.7140 0.0000e+00
 187.654398      2.372  36.971645    12.6687    7.20009      2.352    31.4936    23.7418 0.0000e+00
 187.654404      2.621  36.928940    12.5905    6.99116      2.599    31.5184    23.7759 0.0000e+00
 187.654410      2.929  36.874427    12.5107    6.87270      2.905    31.5334    23.8027 0.0000e+00
 187.654416      3.290  36.845904    12.4441    6.75662      3.263    31.5620    23.8375 0.0000e+00
 187.654421      3.692  36.855225    12.3609    6.59228      3.661    31.6407    23.9142 0.0000e+00
 187.654427      4.123  36.848022    12.2342    6.33844      4.089    31.7408    24.0155 0.0000e+00
 187.654433      4.567  36.779316    12.0881    6.05673      4.529    31.7988    24.0878 0.0000e+00
 187.654439      5.015  36.690412    11.9593    5.83280      4.973    31.8229    24.1303 0.0000e+00
 187.654444      5.463  36.625401    11.8382    5.69103      5.417    31.8634    24.1840 0.0000e+00
 187.654450      5.920  36.571034    11.6846    5.58129      5.871    31.9424    24.2734 0.0000e+00
 187.654456      6.394  36.499090    11.4768    5.47747      6.341    32.0516    24.3959 0.0000e+00
 187.654462      6.884  36.392139    11.2203    5.43748      6.826    32.1698    24.5336 0.0000e+00
 187.654468      7.387  36.239911    10.9549    5.42911      7.325    32.2520    24.6444 0.0000e+00
 187.654473      7.896  36.060942    10.7501    5.47874      7.830    32.2547    24.6821 0.0000e+00
 187.654479      8.407  35.913252    10.6255    5.54850      8.337    32.2173    24.6746 0.0000e+00
 187.654485      8.920  35.825324    10.5249    5.54825      8.845    32.2182    24.6925 0.0000e+00
 187.654491      9.440  35.760067    10.4129    5.51683      9.361    32.2519    24.7378 0.0000e+00
 187.654497      9.968  35.692689    10.3153    5.45284      9.885    32.2707    24.7690 0.0000e+00
 187.654502     10.513  35.639883    10.2515    5.40723     10.425    32.2741    24.7824 0.0000e+00
 187.654508     11.075  35.604107    10.2070    5.41253     10.982    32.2774    24.7924 0.0000e+00
 187.654514     11.647  35.570706    10.1526    5.45587     11.549    32.2920    24.8129 0.0000e+00
 187.654520     12.228  35.519227    10.0586    5.50891     12.126    32.3237    24.8533 0.0000e+00
 187.654525     12.815  35.435407     9.9163    5.57878     12.708    32.3659    24.9098 0.0000e+00
 187.654531     13.402  35.329156     9.7415    5.60703     13.290    32.4147    24.9765 0.0000e+00
 187.654537     13.990  35.208511     9.5694    5.59392     13.873    32.4466    25.0293 0.0000e+00
 187.654543     14.576  35.088660     9.4407    5.58040     14.454    32.4399    25.0448 0.0000e+00
 187.654549     15.151  35.000418     9.3705    5.56683     15.024    32.4126    25.0346 0.0000e+00
 187.654554     15.704  34.951691     9.3405    5.57086     15.572    32.3894    25.0213 0.0000e+00
 187.654560     16.236  34.927933     9.3205    5.58780     16.100    32.3828    25.0193 0.0000e+00
 187.654566     16.760  34.912577     9.2872    5.60520     16.619    32.3969    25.0356 0.0000e+00
 187.654572     17.291  34.889046     9.2335    5.61508     17.146    32.4212    25.0631 0.0000e+00
 187.654578     17.839  34.847813     9.1710    5.63091     17.689    32.4352    25.0838 0.0000e+00
 187.654583     18.398  34.797241     9.1165    5.65178     18.244    32.4322    25.0901 0.0000e+00
 187.654589     18.967  34.752300     9.0771    5.63993     18.808    32.4213    25.0877 0.0000e+00
 187.654595     19.543  34.719204     9.0469    5.63533     19.379    32.4142    25.0869 0.0000e+00
 187.654601     20.119  34.695287     9.0167    5.64460     19.950    32.4167    25.0935 0.0000e+00
 187.654606     20.691  34.673865     8.9833    5.66360     20.517    32.4247    25.1049 0.0000e+00
 187.654612     21.254  34.652140     8.9453    5.71633     21.076    32.4365    25.1201 0.0000e+00
 187.654618     21.816  34.629717     8.8990    5.76252     21.633    32.4552    25.1419 0.0000e+00
 187.654624     22.382  34.602462     8.8430    5.79917     22.194    32.4778    25.1682 0.0000e+00
 187.654630     22.953  34.566532     8.7845    5.82009     22.760    32.4937    25.1896 0.0000e+00
 187.654635     23.529  34.526138     8.7343    5.82515     23.331    32.4973    25.2001 0.0000e+00
 187.654641     24.101  34.490189     8.6969    5.80750     23.898    32.4938    25.2031 0.0000e+00
 187.654647     24.664  34.462869     8.6709    5.79544     24.457    32.4889    25.2032 0.0000e+00
 187.654653     25.212  34.443607     8.6543    5.78001     25.000    32.4837    25.2017 0.0000e+00
 187.654659     25.740  34.429678     8.6439    5.77146     25.524    32.4784    25.1991 0.0000e+00
 187.654664     26.251  34.418744     8.6334    5.77716     26.030    32.4764    25.1991 0.0000e+00
 187.654670     26.753  34.410219     8.6178    5.78921     26.528    32.4816    25.2055 0.0000e+00
 187.654676     27.253  34.402243     8.5969    5.79714     27.024    32.4922    25.2170 0.0000e+00
 187.654682     27.759  34.392007     8.5711    5.79632     27.525    32.5050    25.2309 0.0000e+00
 187.654687     28.284  34.378174     8.5407    5.79849     28.046    32.5182    25.2459 0.0000e+00
 187.654693     28.826  34.363021     8.5099    5.77991     28.583    32.5304    25.2601 0.0000e+00
 187.654699     29.376  34.349304     8.4827    5.74976     29.129    32.5408    25.2723 0.0000e+00
 187.654705     29.928  34.337209     8.4591    5.72917     29.676    32.5497    25.2828 0.0000e+00
 187.654711     30.477  34.326842     8.4388    5.69170     30.220    32.5572    25.2918 0.0000e+00
 187.654716     31.025  34.318367     8.4238    5.66118     30.764    32.5619    25.2977 0.0000e+00
 187.654722     31.567  34.312234     8.4129    5.63405     31.301    32.5653    25.3020 0.0000e+00
 187.654728     32.100  34.308086     8.3995    5.58803     31.830    32.5731    25.3101 0.0000e+00
 187.654734     32.628  34.303732     8.3774    5.54459     32.353    32.5887    25.3256 0.0000e+00
 187.654740     33.158  34.297825     8.3491    5.51226     32.879    32.6084    25.3453 0.0000e+00
 187.654745     33.689  34.292559     8.3242    5.47484     33.405    32.6257    25.3626 0.0000e+00
 187.654751     34.210  34.290415     8.3081    5.43508     33.922    32.6381    25.3747 0.0000e+00
 187.654757     34.709  34.290187     8.2976    5.38938     34.416    32.6474    25.3835 0.0000e+00
 187.654763     35.193  34.290419     8.2868    5.34236     34.896    32.6575    25.3930 0.0000e+00
 187.654769     35.672  34.291397     8.2733    5.28979     35.371    32.6708    25.4055 0.0000e+00
 187.654774     36.149  34.293838     8.2588    5.24149     35.844    32.6867    25.4201 0.0000e+00
 187.654780     36.631  34.298170     8.2455    5.17542     36.322    32.7034    25.4352 0.0000e+00
 187.654786     37.116  34.303974     8.2339    5.11531     36.803    32.7202    25.4500 0.0000e+00
 187.654792     37.607  34.311112     8.2246    5.05293     37.290    32.7362    25.4639 0.0000e+00
 187.654797     38.105  34.320664     8.2173    5.00190     37.783    32.7529    25.4781 0.0000e+00
 187.654803     38.602  34.333002     8.2113    4.96734     38.276    32.7713    25.4935 0.0000e+00
 187.654809     39.088  34.346047     8.2068    4.93160     38.758    32.7891    25.5081 0.0000e+00
 187.654815     39.555  34.356982     8.2035    4.88874     39.221    32.8036    25.5200 0.0000e+00
 187.654821     40.007  34.364659     8.1989    4.85712     39.669    32.8158    25.5302 0.0000e+00
 187.654826     40.459  34.370880     8.1920    4.80778     40.117    32.8286    25.5413 0.0000e+00
 187.654832     40.928  34.378869     8.1830    4.76483     40.582    32.8453    25.5557 0.0000e+00
 187.654838     41.418  34.389722     8.1710    4.72350     41.068    32.8678    25.5752 0.0000e+00
 187.654844     41.921  34.402186     8.1564    4.67656     41.567    32.8945    25.5983 0.0000e+00
 187.654850     42.427  34.417149     8.1425    4.63820     42.069    32.9232    25.6228 0.0000e+00
 187.654855     42.929  34.435471     8.1319    4.59420     42.566    32.9524    25.6473 0.0000e+00
 187.654861     43.426  34.452395     8.1232    4.56010     43.059    32.9783    25.6689 0.0000e+00
 187.654867     43.913  34.464104     8.1141    4.51067     43.542    32.9991    25.6866 0.0000e+00
 187.654873     44.393  34.472727     8.1037    4.47250     44.018    33.0179    25.7028 0.0000e+00
 187.654878     44.874  34.481884     8.0925    4.41201     44.495    33.0379    25.7202 0.0000e+00
 187.654884     45.362  34.493107     8.0821    4.35485     44.978    33.0595    25.7387 0.0000e+00
 187.654890     45.849  34.506754     8.0726    4.31167     45.461    33.0827    25.7583 0.0000e+00
 187.654896     46.327  34.521367     8.0622    4.26850     45.935    33.1079    25.7796 0.0000e+00
 187.654902     46.796  34.533411     8.0503    4.21626     46.400    33.1318    25.8001 0.0000e+00
 187.654907     47.262  34.542099     8.0371    4.18014     46.862    33.1533    25.8189 0.0000e+00
 187.654913     47.727  34.550016     8.0231    4.13783     47.323    33.1748    25.8379 0.0000e+00
 187.654919     48.197  34.559280     8.0111    4.09674     47.789    33.1958    25.8561 0.0000e+00
 187.654925     48.665  34.568761     8.0016    4.06244     48.253    33.2147    25.8724 0.0000e+00
 187.654931     49.133  34.575932     7.9904    4.01552     48.717    33.2328    25.8882 0.0000e+00
 187.654936     49.612  34.580794     7.9760    3.98952     49.192    33.2515    25.9050 0.0000e+00
 187.654942     50.104  34.583637     7.9628    3.96864     49.680    33.2668    25.9190 0.0000e+00
 187.654948     50.601  34.583742     7.9543    3.93783     50.173    33.2748    25.9265 0.0000e+00
 187.654954     51.096  34.582341     7.9502    3.91006     50.663    33.2770    25.9288 0.0000e+00
 187.654959     51.578  34.581465     7.9476    3.85910     51.141    33.2783    25.9302 0.0000e+00
 187.654965     52.043  34.582161     7.9429    3.81359     51.602    33.2833    25.9348 0.0000e+00
 187.654971     52.500  34.584211     7.9309    3.76501     52.055    33.2967    25.9471 0.0000e+00
 187.654977     52.960  34.588643     7.9111    3.71302     52.511    33.3201    25.9683 0.0000e+00
 187.654983     53.431  34.596857     7.8900    3.66788     52.978    33.3488    25.9940 0.0000e+00
