data/oxygen options/OCNMS/OCNMS2/raw_data/2006/CTD_TH070_060706faed.cnv
* Sea-Bird SBE19 Data File:
* FileName = C:\Hypoxia_Data_2006\CTD_TH070_060706.hex
* Software Version 1.1.6
* Temperature SN = 2997
* Conductivity SN = 2997
* System UpLoad Time = Jun 07 2006 11:10:58
* SEACAT PROFILER V3.1c SN 2997   06/07/06  11:10:22.308
* strain gauge pressure sensor: S/N = 184829,  range = 3000 psia,  tc = 40
# nquan = 9                                 
# nvalues = 1528                        
# units = specified
# name 0 = timeJ: Julian Days
# name 1 = prSM: Pressure, Strain Gauge [db]
# name 2 = c0mS/cm: Conductivity [mS/cm]
# name 3 = t090C: Temperature [ITS-90, deg C]
# name 4 = oxML/L: Oxygen, Beckman/YSI [ml/l]
# name 5 = depSM: Depth [salt water, m], lat = 47.5
# name 6 = sal00: Salinity, Practical [PSU]
# name 7 = sigma-é00: Density [sigma-theta, kg/m^3]
# name 8 = flag: flag
# span 0 = 158.455347, 158.464184       
# span 1 =     -4.891,     70.795       
# span 2 =   0.445753,  37.138193       
# span 3 =     7.9636,    15.2249       
# span 4 =   -0.07161,   32.87874       
# span 5 =     -4.850,     70.192       
# span 6 =     0.2820,    33.6793       
# span 7 =    -0.4041,    26.2426       
# span 8 = 0.0000e+00, 0.0000e+00       
# interval = seconds: 0.5
# start_time = Jun 07 2006 10:55:42 [Instrument's time stamp, header]
# bad_flag = -9.990e-29
*END*
[from data line 801]
 158.459983     19.871  36.834676    12.4677    6.32155     19.704    31.5249    23.8047 0.0000e+00
 158.459988     20.112  36.782204    12.4306    6.30027     19.943    31.5060    23.7970 0.0000e+00
 158.459994     20.312  36.771237    12.4335    6.33137     20.141    31.4930    23.7864 0.0000e+00
 158.460000     20.477  36.783207    12.4621    6.36095     20.305    31.4804    23.7712 0.0000e+00
 158.460006     20.616  36.805459    12.4920    6.39641     20.443    31.4764    23.7626 0.0000e+00
 158.460012     20.742  36.822229    12.4981    6.40988     20.568    31.4872    23.7698 -9.990e-29
 158.460017     20.856  36.813813    12.4891    6.39708     20.681    31.4867    23.7711 -9.990e-29
 158.460023     20.947  36.788633    12.4927    6.39231     20.771    31.4597    23.7495 -9.990e-29
 158.460029     21.013  36.777628    12.5210    6.37161     20.837    31.4256    23.7177 -9.990e-29
 158.460035     21.061  36.796414    12.5575    6.35558     20.884    31.4129    23.7010 -9.990e-29
 158.460041     21.096  36.818429    12.5795    6.32514     20.919    31.4154    23.6987 -9.990e-29
 158.460046     21.110  36.824793    12.5855    6.29880     20.933    31.4165    23.6984 -9.990e-29
 158.460052     21.104  36.825120    12.5824    6.32823     20.927    31.4194    23.7012 -9.990e-29
 158.460058     21.088  36.824901    12.5692    6.34768     20.911    31.4302    23.7121 -9.990e-29
 158.460064     21.067  36.820482    12.5419    6.35619     20.890    31.4488    23.7317 -9.990e-29
 158.460069     21.054  36.803168    12.5017    6.34712     20.877    31.4660    23.7526 -9.990e-29
 158.460075     21.057  36.773997    12.4540    6.34125     20.880    31.4782    23.7711 -9.990e-29
 158.460081     21.067  36.745683    12.4155    6.34994     20.890    31.4835    23.7824 -9.990e-29
 158.460087     21.072  36.732077    12.4051    6.36991     20.895    31.4792    23.7811 -9.990e-29
 158.460093     21.072  36.735223    12.4129    6.37352     20.895    31.4757    23.7769 -9.990e-29
 158.460098     21.076  36.739116    12.4097    6.36992     20.899    31.4821    23.7824 -9.990e-29
 158.460104     21.088  36.732120    12.3883    6.36203     20.911    31.4933    23.7952 -9.990e-29
 158.460110     21.105  36.719499    12.3674    6.35980     20.928    31.4988    23.8034 -9.990e-29
 158.460116     21.119  36.713036    12.3601    6.36862     20.942    31.4988    23.8047 -9.990e-29
 158.460122     21.128  36.715329    12.3599    6.36843     20.951    31.5011    23.8066 -9.990e-29
 158.460127     21.135  36.718211    12.3565    6.37128     20.958    31.5067    23.8116 -9.990e-29
 158.460133     21.149  36.716552    12.3477    6.37182     20.971    31.5125    23.8177 -9.990e-29
 158.460139     21.173  36.710949    12.3376    6.37084     20.995    31.5157    23.8220 -9.990e-29
 158.460145     21.198  36.706274    12.3289    6.38149     21.020    31.5185    23.8259 -9.990e-29
 158.460150     21.218  36.704705    12.3217    6.38567     21.040    31.5231    23.8307 -9.990e-29
 158.460156     21.230  36.703028    12.3176    6.38271     21.052    31.5249    23.8329 -9.990e-29
 158.460162     21.234  36.702375    12.3203    6.38098     21.056    31.5220    23.8302 -9.990e-29
 158.460168     21.226  36.705802    12.3298    6.37864     21.048    31.5173    23.8248 -9.990e-29
 158.460174     21.207  36.712268    12.3396    6.38195     21.029    31.5152    23.8213 -9.990e-29
 158.460179     21.182  36.718056    12.3443    6.38380     21.004    31.5168    23.8217 -9.990e-29
 158.460185     21.160  36.719668    12.3453    6.38548     20.982    31.5175    23.8220 -9.990e-29
 158.460191     21.148  36.718137    12.3461    6.37821     20.970    31.5154    23.8202 -9.990e-29
 158.460197     21.148  36.717033    12.3456    6.37088     20.970    31.5148    23.8198 -9.990e-29
 158.460203     21.161  36.714327    12.3396    6.36951     20.983    31.5172    23.8229 -9.990e-29
 158.460208     21.184  36.707532    12.3288    6.37081     21.006    31.5198    23.8269 -9.990e-29
 158.460214     21.208  36.701054    12.3185    6.38289     21.030    31.5223    23.8307 -9.990e-29
 158.460220     21.233  36.697477    12.3119    6.38960     21.055    31.5244    23.8336 -9.990e-29
 158.460226     21.259  36.695957    12.3086    6.38256     21.080    31.5257    23.8353 -9.990e-29
 158.460231     21.283  36.696150    12.3073    6.38133     21.104    31.5270    23.8365 -9.990e-29
 158.460237     21.299  36.697753    12.3075    6.37830     21.120    31.5283    23.8375 -9.990e-29
 158.460243     21.298  36.700096    12.3087    6.38743     21.119    31.5295    23.8382 -9.990e-29
 158.460249     21.282  36.701807    12.3095    6.39145     21.103    31.5305    23.8388 -9.990e-29
 158.460255     21.266  36.701228    12.3097    6.37770     21.087    31.5298    23.8382 -9.990e-29
 158.460260     21.261  36.698699    12.3099    6.37304     21.082    31.5272    23.8362 -9.990e-29
 158.460266     21.269  36.697009    12.3100    6.37709     21.090    31.5255    23.8349 -9.990e-29
 158.460272     21.292  36.696699    12.3095    6.38537     21.113    31.5256    23.8350 -9.990e-29
 158.460278     21.337  36.695660    12.3079    6.41438     21.158    31.5260    23.8356 -9.990e-29
 158.460284     21.404  36.694177    12.3057    6.42059     21.224    31.5264    23.8363 -9.990e-29
 158.460289     21.482  36.694750    12.3040    6.42516     21.302    31.5283    23.8382 -9.990e-29
 158.460295     21.564  36.697008    12.3038    6.40581     21.383    31.5306    23.8400 -9.990e-29
 158.460301     21.651  36.698903    12.3049    6.36492     21.469    31.5315    23.8404 -9.990e-29
 158.460307     21.754  36.699581    12.3055    6.33169     21.571    31.5316    23.8404 -9.990e-29
 158.460312     21.890  36.698813    12.3039    6.28013     21.706    31.5321    23.8411 0.0000e+00
 158.460318     22.083  36.696127    12.2971    6.28540     21.898    31.5352    23.8448 0.0000e+00
 158.460324     22.343  36.690174    12.2780    6.30518     22.155    31.5455    23.8563 0.0000e+00
 158.460330     22.666  36.675249    12.2391    6.30483     22.476    31.5638    23.8779 0.0000e+00
 158.460336     23.035  36.644343    12.1791    6.30400     22.841    31.5847    23.9052 0.0000e+00
 158.460341     23.433  36.597742    12.1037    6.27953     23.236    31.6036    23.9339 0.0000e+00
 158.460347     23.849  36.543409    12.0293    6.23372     23.649    31.6141    23.9558 0.0000e+00
 158.460353     24.265  36.496947    11.9745    6.20243     24.061    31.6157    23.9672 0.0000e+00
 158.460359     24.674  36.468181    11.9328    6.16993     24.467    31.6232    23.9807 0.0000e+00
 158.460365     25.085  36.442851    11.8762    6.14822     24.874    31.6466    24.0093 0.0000e+00
 158.460370     25.511  36.398940    11.7910    6.09761     25.297    31.6765    24.0480 0.0000e+00
 158.460376     25.958  36.333980    11.6827    6.01363     25.740    31.7058    24.0905 0.0000e+00
 158.460382     26.423  36.256137    11.5573    5.94179     26.201    31.7372    24.1376 0.0000e+00
 158.460388     26.895  36.168730    11.4252    5.86368     26.669    31.7652    24.1830 0.0000e+00
 158.460394     27.359  36.080830    11.2984    5.80605     27.129    31.7881    24.2235 0.0000e+00
 158.460399     27.812  35.999167    11.1768    5.77986     27.578    31.8128    24.2642 0.0000e+00
 158.460405     28.244  35.915224    11.0501    5.77978     28.006    31.8396    24.3073 0.0000e+00
 158.460411     28.648  35.820246    10.9000    5.81543     28.407    31.8760    24.3618 0.0000e+00
 158.460417     29.023  35.716009    10.7278    5.88154     28.779    31.9225    24.4278 0.0000e+00
 158.460422     29.369  35.617182    10.5678    5.92108     29.122    31.9640    24.4876 0.0000e+00
 158.460428     29.677  35.538906    10.4547    5.98191     29.427    31.9850    24.5231 0.0000e+00
 158.460434     29.932  35.493989    10.4062    6.00758     29.680    31.9825    24.5294 0.0000e+00
 158.460440     30.130  35.489801    10.4215    5.92409     29.876    31.9648    24.5130 0.0000e+00
 158.460446     30.279  35.514558    10.4936    5.84914     30.024    31.9262    24.4708 -9.990e-29
 158.460451     30.391  35.558066    10.5968    5.84540     30.135    31.8793    24.4166 -9.990e-29
 158.460457     30.484  35.604855    10.6747    5.88202     30.227    31.8578    24.3866 -9.990e-29
 158.460463     30.567  35.627014    10.6977    5.95774     30.310    31.8597    24.3842 -9.990e-29
 158.460469     30.646  35.627738    10.6661    5.95650     30.388    31.8880    24.4116 -9.990e-29
 158.460475     30.720  35.602950    10.5716    5.92553     30.461    31.9459    24.4728 -9.990e-29
 158.460480     30.783  35.530807    10.4533    5.95659     30.524    31.9776    24.5176 -9.990e-29
 158.460486     30.826  35.463170    10.3969    5.92847     30.566    31.9595    24.5130 -9.990e-29
 158.460492     30.841  35.456209    10.4222    5.91711     30.581    31.9303    24.4860 -9.990e-29
 158.460498     30.827  35.486021    10.4721    5.92106     30.567    31.9163    24.4667 -9.990e-29
 158.460503     30.795  35.514374    10.4881    5.88467     30.536    31.9306    24.4752 -9.990e-29
 158.460509     30.764  35.516255    10.4651    5.88355     30.505    31.9527    24.4962 -9.990e-29
 158.460515     30.746  35.500349    10.4460    5.89240     30.487    31.9536    24.5002 -9.990e-29
 158.460521     30.743  35.494796    10.4465    5.89958     30.484    31.9476    24.4954 -9.990e-29
 158.460527     30.751  35.480955    10.4326    5.90425     30.492    31.9459    24.4965 -9.990e-29
 158.460532     30.766  35.446524    10.3905    5.89635     30.507    31.9485    24.5055 -9.990e-29
 158.460538     30.785  35.417937    10.3421    5.88791     30.526    31.9623    24.5245 -9.990e-29
 158.460544     30.800  35.402495    10.3069    5.88856     30.541    31.9778    24.5425 -9.990e-29
 158.460550     30.804  35.398096    10.2970    5.90427     30.545    31.9821    24.5475 -9.990e-29
 158.460556     30.798  35.407826    10.3087    5.91962     30.539    31.9816    24.5451 -9.990e-29
 158.460561     30.793  35.421646    10.3186    5.91601     30.534    31.9867    24.5475 -9.990e-29
 158.460567     30.794  35.424323    10.3112    5.91793     30.535    31.9959    24.5559 -9.990e-29
 158.460573     30.792  35.413250    10.2946    5.91079     30.533    31.9995    24.5614 -9.990e-29
 158.460579     30.782  35.402258    10.2855    5.89803     30.523    31.9964    24.5606 -9.990e-29
 158.460584     30.765  35.405841    10.2907    5.90246     30.506    31.9955    24.5590 -9.990e-29
 158.460590     30.742  35.419227    10.3015    5.90150     30.483    31.9994    24.5602 -9.990e-29
 158.460596     30.727  35.426599    10.3030    5.90866     30.468    32.0055    24.5647 -9.990e-29
 158.460602     30.730  35.422073    10.2923    5.89448     30.471    32.0104    24.5703 -9.990e-29
 158.460608     30.751  35.410826    10.2802    5.87514     30.492    32.0097    24.5718 -9.990e-29
 158.460613     30.780  35.400844    10.2753    5.86949     30.521    32.0040    24.5682 -9.990e-29
 158.460619     30.805  35.397873    10.2759    5.88053     30.546    32.0005    24.5654 -9.990e-29
 158.460625     30.823  35.400181    10.2748    5.88662     30.563    32.0038    24.5681 -9.990e-29
 158.460631     30.841  35.398496    10.2669    5.90258     30.581    32.0090    24.5735 -9.990e-29
 158.460637     30.862  35.387755    10.2520    5.90676     30.602    32.0114    24.5779 -9.990e-29
 158.460642     30.885  35.372695    10.2366    5.89781     30.625    32.0098    24.5792 -9.990e-29
 158.460648     30.903  35.363510    10.2331    5.89920     30.643    32.0037    24.5750 -9.990e-29
 158.460654     30.907  35.367568    10.2437    5.89778     30.647    31.9984    24.5691 -9.990e-29
 158.460660     30.899  35.379048    10.2560    5.91260     30.639    31.9991    24.5676 -9.990e-29
 158.460666     30.885  35.388007    10.2618    5.91929     30.625    32.0030    24.5697 -9.990e-29
 158.460671     30.870  35.392360    10.2627    5.91146     30.610    32.0066    24.5723 -9.990e-29
 158.460677     30.858  35.393978    10.2619    5.88815     30.598    32.0089    24.5743 -9.990e-29
 158.460683     30.850  35.393324    10.2619    5.86593     30.590    32.0082    24.5738 -9.990e-29
 158.460689     30.848  35.391758    10.2618    5.88469     30.588    32.0068    24.5726 -9.990e-29
 158.460694     30.854  35.392229    10.2599    5.89057     30.594    32.0089    24.5746 -9.990e-29
 158.460700     30.875  35.391990    10.2557    5.89789     30.615    32.0124    24.5780 -9.990e-29
 158.460706     30.910  35.386225    10.2456    5.88260     30.650    32.0155    24.5821 -9.990e-29
 158.460712     30.958  35.373964    10.2303    5.87320     30.697    32.0166    24.5856 -9.990e-29
 158.460718     31.010  35.360162    10.2193    5.87614     30.749    32.0124    24.5841 -9.990e-29
 158.460723     31.055  35.355567    10.2193    5.88342     30.793    32.0078    24.5805 -9.990e-29
 158.460729     31.092  35.361326    10.2257    5.90666     30.830    32.0079    24.5796 -9.990e-29
 158.460735     31.129  35.367158    10.2275    5.92486     30.867    32.0122    24.5826 -9.990e-29
 158.460741     31.170  35.365125    10.2208    5.91188     30.908    32.0160    24.5867 -9.990e-29
 158.460747     31.220  35.356995    10.2148    5.90269     30.957    32.0131    24.5854 -9.990e-29
 158.460752     31.282  35.354351    10.2187    5.87702     31.019    32.0070    24.5800 -9.990e-29
 158.460758     31.358  35.361504    10.2297    5.85743     31.094    32.0045    24.5762 -9.990e-29
 158.460764     31.464  35.370595    10.2386    5.86396     31.199    32.0057    24.5757 -9.990e-29
 158.460770     31.621  35.375787    10.2396    5.83912     31.355    32.0100    24.5788 0.0000e+00
 158.460775     31.850  35.375021    10.2261    5.80720     31.582    32.0210    24.5897 0.0000e+00
 158.460781     32.151  35.363342    10.1945    5.76058     31.880    32.0370    24.6075 0.0000e+00
 158.460787     32.514  35.339190    10.1510    5.71725     32.240    32.0510    24.6257 0.0000e+00
 158.460793     32.924  35.309045    10.1042    5.67638     32.647    32.0619    24.6419 0.0000e+00
 158.460799     33.363  35.279803    10.0609    5.65039     33.082    32.0706    24.6559 0.0000e+00
 158.460804     33.822  35.255078    10.0204    5.61323     33.537    32.0813    24.6709 0.0000e+00
 158.460810     34.295  35.231607     9.9766    5.54939     34.006    32.0962    24.6898 0.0000e+00
 158.460816     34.773  35.206679     9.9306    5.45950     34.480    32.1117    24.7094 0.0000e+00
 158.460822     35.249  35.185731     9.8854    5.34760     34.952    32.1305    24.7315 0.0000e+00
 158.460828     35.723  35.171100     9.8383    5.20641     35.422    32.1574    24.7603 0.0000e+00
 158.460833     36.195  35.161764     9.7925    5.06129     35.890    32.1886    24.7921 0.0000e+00
 158.460839     36.660  35.160958     9.7537    4.95417     36.351    32.2223    24.8247 0.0000e+00
 158.460845     37.115  35.167026     9.7148    4.89646     36.802    32.2631    24.8629 0.0000e+00
 158.460851     37.554  35.167849     9.6641    4.90444     37.237    32.3093    24.9072 0.0000e+00
 158.460856     37.970  35.153848     9.5991    4.93014     37.650    32.3533    24.9521 0.0000e+00
 158.460862     38.357  35.126526     9.5163    4.96764     38.033    32.3998    25.0018 0.0000e+00
 158.460868     38.703  35.088130     9.4216    4.97680     38.376    32.4460    25.0530 0.0000e+00
 158.460874     39.001  35.047452     9.3518    4.98406     38.672    32.4673    25.0808 0.0000e+00
 158.460880     39.245  35.024257     9.3509    4.97992     38.914    32.4442    25.0629 0.0000e+00
 158.460885     39.433  35.029085     9.4186    4.97588     39.100    32.3877    25.0080 0.0000e+00
 158.460891     39.577  35.054888     9.5027    4.98023     39.243    32.3382    24.9558 -9.990e-29
 158.460897     39.694  35.083342     9.5533    4.95316     39.359    32.3217    24.9348 -9.990e-29
