data/oxygen options/OCNMS/OCNMS2/raw_data/2006/CTD_TH035_080306faed.cnv
* Sea-Bird SBE19 Data File:
* FileName = C:\Hypoxia_Data_2006\CTD_TH035_080306.hex
* Software Version 1.1.6
* Temperature SN = 2997
* Conductivity SN = 2997
* System UpLoad Time = Aug 03 2006 11:17:31
* SEACAT PROFILER V3.1c SN 2997   08/03/06  11:16:51.394
* strain gauge pressure sensor: S/N = 184829,  range = 3000 psia,  tc = 40
# nquan = 9                                 
# nvalues = 764                         
# units = specified
# name 0 = timeJ: Julian Days
# name 1 = prSM: Pressure, Strain Gauge [db]
# name 2 = c0mS/cm: Conductivity [mS/cm]
# name 3 = t090C: Temperature [ITS-90, deg C]
# name 4 = oxML/L: Oxygen, Beckman/YSI [ml/l]
# name 5 = depSM: Depth [salt water, m], lat = 47.5
# name 6 = sal00: Salinity, Practical [PSU]
# name 7 = sigma-é00: Density [sigma-theta, kg/m^3]
# name 8 = flag: flag
# span 0 = 215.445359, 215.449774       
# span 1 =     -3.930,     35.740       
# span 2 =   0.593346,  37.301616       
# span 3 =     7.7841,    12.3353       
# span 4 =  -11.16930,   38.04421       
# span 5 =     -3.897,     35.439       
# span 6 =     0.3857,    33.5986       
# span 7 =    -0.2383,    26.2046       
# span 8 = 0.0000e+00, 0.0000e+00       
# interval = seconds: 0.5
# start_time = Aug 03 2006 10:41:19 [Instrument's time stamp, header]
# bad_flag = -9.990e-29
*END*
[from data line 641]
 215.449068      0.421   1.417654    11.4922   -0.07426      0.417     0.9778     0.3205 -9.990e-29
 215.449074      0.429   1.409789    11.4991   -0.07436      0.425     0.9719     0.3151 -9.990e-29
 215.449080      0.433   1.402094    11.4995   -0.07442      0.429     0.9663     0.3107 -9.990e-29
 215.449086      0.435   1.401514    11.4906   -0.07443      0.431     0.9661     0.3116 -9.990e-29
 215.449091      0.434   1.412270    11.4749   -0.07440      0.430     0.9743     0.3197 -9.990e-29
 215.449097      0.433   1.448151    11.4579   -0.07430      0.429     1.0008     0.3422 -9.990e-29
 215.449103      0.438   1.548118    11.4431   -0.07406      0.434     1.0738     0.4008 -9.990e-29
 215.449109      0.445   1.765537    11.4320   -0.07404      0.441     1.2333     0.5264 -9.990e-29
 215.449115      0.450   2.043917    11.4258   -0.07404      0.446     1.4391     0.6875 -9.990e-29
 215.449120      0.452   2.225923    11.4239   -0.07407      0.448     1.5746     0.7934 -9.990e-29
 215.449126      0.452   2.262751    11.4242   -0.07412      0.448     1.6021     0.8147 -9.990e-29
 215.449132      0.451   2.196288    11.4274   -0.07413      0.447     1.5524     0.7756 -9.990e-29
 215.449138      0.448   2.064518    11.4370   -0.07402      0.444     1.4539     0.6979 -9.990e-29
 215.449144      0.442   1.936045    11.4524   -0.07401      0.438     1.3582     0.6215 -9.990e-29
 215.449149      0.434   1.866649    11.4670   -0.07396      0.430     1.3065     0.5796 -9.990e-29
 215.449155      0.427   1.889820    11.4737   -0.07405      0.423     1.3233     0.5920 -9.990e-29
 215.449161      0.425   2.060878    11.4724   -0.07414      0.421     1.4499     0.6908 -9.990e-29
 215.449167      0.428   2.328626    11.4698   -0.07423      0.424     1.6494     0.8465 -9.990e-29
 215.449172      0.436   2.525911    11.4695   -0.07431      0.432     1.7974     0.9618 -9.990e-29
 215.449178      0.446   2.588157    11.4689   -0.07432      0.442     1.8442     0.9983 -9.990e-29
 215.449184      0.449   2.561152    11.4684   -0.07430      0.445     1.8239     0.9826 -9.990e-29
 215.449190      0.445   2.520516    11.4705   -0.07425      0.441     1.7932     0.9584 -9.990e-29
 215.449196      0.444   2.547578    11.4745   -0.07423      0.440     1.8134     0.9737 -9.990e-29
 215.449201      0.444   2.628437    11.4772   -0.07421      0.440     1.8742     1.0207 -9.990e-29
 215.449207      0.442   2.682079    11.4771   -0.07424      0.438     1.9147     1.0522 -9.990e-29
 215.449213      0.442   2.656731    11.4749   -0.07429      0.438     1.8956     1.0377 -9.990e-29
 215.449219      0.447   2.530812    11.4736   -0.07430      0.443     1.8008     0.9640 -9.990e-29
 215.449225      0.455   2.342476    11.4771   -0.07427      0.451     1.6594     0.8535 -9.990e-29
 215.449230      0.461   2.146045    11.4868   -0.07428      0.457     1.5125     0.7380 -9.990e-29
 215.449236      0.466   1.971124    11.4997   -0.07427      0.462     1.3824     0.6351 -9.990e-29
 215.449242      0.469   1.849317    11.5106   -0.07426      0.465     1.2922     0.5636 -9.990e-29
 215.449248      0.472   1.795308    11.5141   -0.07426      0.468     1.2524     0.5322 -9.990e-29
 215.449253      0.474   1.793710    11.5082   -0.07429      0.470     1.2514     0.5321 -9.990e-29
 215.449259      0.476   1.825184    11.4967   -0.07433      0.472     1.2749     0.5517 -9.990e-29
 215.449265      0.477   1.871743    11.4853   -0.07435      0.473     1.3096     0.5800 -9.990e-29
 215.449271      0.478   1.898872    11.4778   -0.07432      0.474     1.3299     0.5966 -9.990e-29
 215.449277      0.478   1.903883    11.4737   -0.07429      0.474     1.3337     0.6001 -9.990e-29
 215.449282      0.479   1.919550    11.4701   -0.07430      0.475     1.3454     0.6096 -9.990e-29
 215.449288      0.479   1.951220    11.4661   -0.07435      0.475     1.3689     0.6284 -9.990e-29
 215.449294      0.479   1.987268    11.4638   -0.07441      0.475     1.3957     0.6495 -9.990e-29
 215.449300      0.479   2.024129    11.4640   -0.07447      0.475     1.4229     0.6707 -9.990e-29
 215.449306      0.478   2.042660    11.4655   -0.07451      0.474     1.4366     0.6812 -9.990e-29
 215.449311      0.478   2.018160    11.4679   -0.07452      0.474     1.4184     0.6667 -9.990e-29
 215.449317      0.477   1.954605    11.4729   -0.07453      0.473     1.3712     0.6294 -9.990e-29
 215.449323      0.475   1.878845    11.4809   -0.07454      0.471     1.3150     0.5847 -9.990e-29
 215.449329      0.478   1.818110    11.4878   -0.07454      0.474     1.2700     0.5489 -9.990e-29
 215.449334      0.485   1.784682    11.4895   -0.07455      0.481     1.2454     0.5295 -9.990e-29
 215.449340      0.487   1.762303    11.4865   -0.07457      0.483     1.2291     0.5171 -9.990e-29
 215.449346      0.486   1.719469    11.4812   -0.07457      0.482     1.1979     0.4934 -9.990e-29
 215.449352      0.485   1.640702    11.4749   -0.07454      0.481     1.1404     0.4493 -9.990e-29
 215.449358      0.484   1.535880    11.4685   -0.07447      0.480     1.0642     0.3905 -9.990e-29
 215.449363      0.483   1.435084    11.4628   -0.07445      0.479     0.9912     0.3341 -9.990e-29
 215.449369      0.482   1.369312    11.4584   -0.07438      0.478     0.9437     0.2976 -9.990e-29
 215.449375      0.481   1.341886    11.4562   -0.07428      0.477     0.9239     0.2824 -9.990e-29
 215.449381      0.481   1.330114    11.4567   -0.07421      0.477     0.9154     0.2757 -9.990e-29
 215.449387      0.480   1.312751    11.4596   -0.07385      0.476     0.9028     0.2656 -9.990e-29
 215.449392      0.479   1.282184    11.4649   -0.07376      0.475     0.8807     0.2477 -9.990e-29
 215.449398      0.477   1.240942    11.4732   -0.07392      0.473     0.8509     0.2235 -9.990e-29
 215.449404      0.476   1.199519    11.4856   -0.07397      0.472     0.8209     0.1987 -9.990e-29
 215.449410      0.473   1.173714    11.4990   -0.07402      0.469     0.8021     0.1826 -9.990e-29
 215.449416      0.471   1.177951    11.5071   -0.07405      0.467     0.8050     0.1839 -9.990e-29
 215.449421      0.468   1.220656    11.5076   -0.07406      0.464     0.8355     0.2077 -9.990e-29
 215.449427      0.464   1.324366    11.5033   -0.07406      0.460     0.9102     0.2665 -9.990e-29
 215.449433      0.458   1.525253    11.4972   -0.07411      0.454     1.0557     0.3807 -9.990e-29
 215.449439      0.452   1.826994    11.4910   -0.07418      0.448     1.2765     0.5535 -9.990e-29
 215.449444      0.443   2.251144    11.4856   -0.07416      0.439     1.5908     0.7991 -9.990e-29
 215.449450      0.436   2.725260    11.4830   -0.07410      0.432     1.9470     1.0767 -9.990e-29
 215.449456      0.435   2.980699    11.4843   -0.07408      0.431     2.1406     1.2273 -9.990e-29
 215.449462      0.435   2.939282    11.4893   -0.07406      0.431     2.1088     1.2020 -9.990e-29
 215.449468      0.436   2.788547    11.4979   -0.07411      0.432     1.9941     1.1117 -9.990e-29
 215.449473      0.442   2.638592    11.5076   -0.07416      0.438     1.8803     1.0221 -9.990e-29
 215.449479      0.451   2.499980    11.5128   -0.07420      0.447     1.7758     0.9401 -9.990e-29
 215.449485      0.458   2.384493    11.5106   -0.07423      0.454     1.6894     0.8731 -9.990e-29
 215.449491      0.463   2.294195    11.5041   -0.07416      0.459     1.6222     0.8215 -9.990e-29
 215.449497      0.466   2.220304    11.4971   -0.07409      0.462     1.5674     0.7796 -9.990e-29
 215.449502      0.469   2.188121    11.4908   -0.07402      0.465     1.5437     0.7618 -9.990e-29
 215.449508      0.471   2.236357    11.4863   -0.07398      0.467     1.5798     0.7904 -9.990e-29
 215.449514      0.473   2.335489    11.4863   -0.07397      0.469     1.6538     0.8481 -9.990e-29
 215.449520      0.473   2.412796    11.4911   -0.07404      0.469     1.7114     0.8924 -9.990e-29
 215.449525      0.473   2.409207    11.4965   -0.07407      0.469     1.7085     0.8895 -9.990e-29
 215.449531      0.473   2.311606    11.4991   -0.07392      0.469     1.6354     0.8323 -9.990e-29
 215.449537      0.472   2.181991    11.4987   -0.07360      0.468     1.5388     0.7571 -9.990e-29
 215.449543      0.470   2.091861    11.4954   -0.07379      0.466     1.4720     0.7054 -9.990e-29
 215.449549      0.467   2.094272    11.4901   -0.07394      0.463     1.4739     0.7076 -9.990e-29
 215.449554      0.464   2.214356    11.4851   -0.07398      0.460     1.5634     0.7778 -9.990e-29
 215.449560      0.459   2.402138    11.4816   -0.07402      0.455     1.7039     0.8876 -9.990e-29
 215.449566      0.453   2.580751    11.4794   -0.07401      0.449     1.8381     0.9924 -9.990e-29
 215.449572      0.445   2.695891    11.4768   -0.07377      0.441     1.9251     1.0604 -9.990e-29
 215.449578      0.439   2.725495    11.4734   -0.07370      0.435     1.9477     1.0783 -9.990e-29
 215.449583      0.439   2.721809    11.4696   -0.07367      0.435     1.9451     1.0767 -9.990e-29
 215.449589      0.441   2.820990    11.4655   -0.07344      0.437     2.0204     1.1358 -9.990e-29
 215.449595      0.439   3.103621    11.4623   -0.07341      0.435     2.2356     1.3036 -9.990e-29
 215.449601      0.436   3.358779    11.4619   -0.07357      0.432     2.4310     1.4557 -9.990e-29
 215.449606      0.433   3.323324    11.4657   -0.07363      0.429     2.4035     1.4339 -9.990e-29
 215.449612      0.436   3.112248    11.4735   -0.07369      0.432     2.2415     1.3070 -9.990e-29
 215.449618      0.440   2.941383    11.4830   -0.07369      0.436     2.1108     1.2042 -9.990e-29
 215.449624      0.441   2.865110    11.4924   -0.07370      0.437     2.0524     1.1577 -9.990e-29
 215.449630      0.440   2.948366    11.5027   -0.07371      0.436     2.1150     1.2052 -9.990e-29
 215.449635      0.436   3.176604    11.5144   -0.07372      0.432     2.2882     1.3386 -9.990e-29
 215.449641      0.434   3.395292    11.5255   -0.07372      0.430     2.4548     1.4670 -9.990e-29
 215.449647      0.437   3.588250    11.5340   -0.07375      0.433     2.6026     1.5809 -9.990e-29
 215.449653      0.441   3.771583    11.5394   -0.07380      0.437     2.7437     1.6899 -9.990e-29
 215.449659      0.443   3.792953    11.5418   -0.07381      0.439     2.7600     1.7023 -9.990e-29
 215.449664      0.446   3.629173    11.5415   -0.07378      0.442     2.6336     1.6041 -9.990e-29
 215.449670      0.456   3.441429    11.5392   -0.07372      0.452     2.4893     1.4922 -9.990e-29
 215.449676      0.468   3.322248    11.5339   -0.07374      0.464     2.3983     1.4221 -9.990e-29
 215.449682      0.480   3.271628    11.5258   -0.07378      0.476     2.3601     1.3933 -9.990e-29
 215.449688      0.491   3.265968    11.5176   -0.07376      0.487     2.3563     1.3912 -9.990e-29
 215.449693      0.499   3.282164    11.5108   -0.07357      0.495     2.3691     1.4020 -9.990e-29
 215.449699      0.500   3.299585    11.5036   -0.07365      0.496     2.3829     1.4135 -9.990e-29
 215.449705      0.497   3.299791    11.4960   -0.07375      0.493     2.3835     1.4149 -9.990e-29
 215.449711      0.495   3.280279    11.4899   -0.07377      0.491     2.3690     1.4043 -9.990e-29
 215.449716      0.494   3.260590    11.4867   -0.07384      0.490     2.3541     1.3931 -9.990e-29
 215.449722      0.489   3.276699    11.4872 -9.990e-29      0.485     2.3664     1.4026 -9.990e-29
 215.449728      0.476   3.335082    11.4891 -9.990e-29      0.472     2.4110     1.4371 -9.990e-29
 215.449734      0.463   3.381906    11.4887 -9.990e-29      0.459     2.4470     1.4651 -9.990e-29
 215.449740      0.462   3.380152    11.4859 -9.990e-29      0.458     2.4458     1.4645 -9.990e-29
 215.449745      0.472   3.386932    11.4840 -9.990e-29      0.468     2.4511     1.4688 -9.990e-29
 215.449751      0.486   3.490180    11.4867 -9.990e-29      0.482     2.5303     1.5301 -9.990e-29
 215.449757      0.495   3.613627    11.4925 -9.990e-29      0.491     2.6251     1.6031 -9.990e-29
 215.449763      0.497   3.579574    11.4965 -9.990e-29      0.493     2.5985     1.5820 -9.990e-29
 215.449769      0.496   3.422087    11.4975 -9.990e-29      0.492     2.4773     1.4876 -9.990e-29
 215.449774      0.496   3.287366 -9.990e-29 -9.990e-29      0.492 -9.990e-29 -9.990e-29 -9.990e-29
