data/oxygen options/OCNMS/OCNMS2/raw_data/2006/CTD_TH080_062006faed.cnv
* Sea-Bird SBE19 Data File:
* FileName = C:\Hypoxia Data\CTD_TH080_062006.hex
* Software Version 1.1.8
* Temperature SN = 2997
* Conductivity SN = 2997
* System UpLoad Time = Jun 20 2006 12:00:25
* SEACAT PROFILER V3.1c SN 2997   06/20/06  11:59:26.504
* strain gauge pressure sensor: S/N = 184829,  range = 3000 psia,  tc = 40
# nquan = 9                                 
# nvalues = 756                         
# units = specified
# name 0 = timeJ: Julian Days
# name 1 = prSM: Pressure, Strain Gauge [db]
# name 2 = c0mS/cm: Conductivity [mS/cm]
# name 3 = t090C: Temperature [ITS-90, deg C]
# name 4 = oxML/L: Oxygen, Beckman/YSI [ml/l]
# name 5 = depSM: Depth [salt water, m], lat = 47.5
# name 6 = sal00: Salinity, Practical [PSU]
# name 7 = sigma-é00: Density [sigma-theta, kg/m^3]
# name 8 = flag: flag
# span 0 = 171.486586, 171.490955       
# span 1 =     -4.867,     79.964       
# span 2 =   1.037242,  37.364769       
# span 3 =     7.8356,    13.3700       
# span 4 =   -0.74947,   34.20934       
# span 5 =     -4.826,     79.281       
# span 6 =     0.6725,    33.7826       
# span 7 =    -0.1377,    26.3427       
# span 8 = 0.0000e+00, 0.0000e+00       
# interval = seconds: 0.5
# start_time = Jun 20 2006 11:40:41 [Instrument's time stamp, header]
# bad_flag = -9.990e-29
*END*
 171.486586     -4.867 -9.990e-29    13.3125   -0.05858     -4.826 -9.990e-29 -9.990e-29 -9.990e-29
 171.486591     -4.857   1.037242    13.3094   -0.05861     -4.817     0.6725    -0.1377 -9.990e-29
 171.486597     -4.839   1.305078    13.3017   -0.05860     -4.799     0.8552     0.0053 -9.990e-29
 171.486603     -4.801   1.796443    13.2957   -0.05859     -4.761     1.1962     0.2706 -9.990e-29
 171.486609     -4.730   2.405991    13.2938   -0.05857     -4.691     1.6275     0.6051 -9.990e-29
 171.486615     -4.627   3.411467    13.2989   -0.05855     -4.588     2.3548     1.1673 -9.990e-29
 171.486620     -4.493   6.059108    13.3168   -0.05855     -4.456     4.3399     2.6979 -9.990e-29
 171.486626     -4.330  13.888727    13.3400   -0.05859     -4.294    10.5906     7.5078 -9.990e-29
 171.486632     -4.138  25.618312    13.3501   -0.05862     -4.104    20.6331    15.2323 -9.990e-29
 171.486638     -3.932  33.432836    13.3458   -0.05863     -3.899    27.6711    20.6578 -9.990e-29
 171.486644     -3.733  36.029689    13.3400   -0.05861     -3.702    30.0684    22.5100 -9.990e-29
 171.486649     -3.563  36.888753    13.3406   -0.05859     -3.533    30.8654    23.1256 -9.990e-29
 171.486655     -3.431  37.174538    13.3473   -0.05859     -3.402    31.1258    23.3256 -9.990e-29
 171.486661     -3.329  37.271471    13.3554   -0.05860     -3.301    31.2094    23.3886 -9.990e-29
 171.486667     -3.247  37.305446    13.3596   -0.05862     -3.220    31.2375    23.4095 -9.990e-29
 171.486672     -3.176  37.322347    13.3550   -0.05861     -3.150    31.2570    23.4255 -9.990e-29
 171.486678     -3.102  37.331259    13.3422   -0.05861     -3.076    31.2758    23.4425 -9.990e-29
 171.486684     -3.020  37.330058    13.3291   -0.05860     -2.995    31.2854    23.4526 -9.990e-29
 171.486690     -2.938  37.325576    13.3245   -0.05860     -2.914    31.2850    23.4531 -9.990e-29
 171.486696     -2.865  37.323074    13.3292   -0.05860     -2.841    31.2788    23.4474 -9.990e-29
 171.486701     -2.802  37.320912    13.3353   -0.05860     -2.779    31.2717    23.4407 -9.990e-29
 171.486707     -2.752  37.320150    13.3368   -0.05860     -2.729    31.2697    23.4389 -9.990e-29
 171.486713     -2.706  37.321474    13.3338   -0.05859     -2.683    31.2734    23.4424 -9.990e-29
 171.486719     -2.658  37.321619    13.3305   -0.05859     -2.636    31.2763    23.4452 -9.990e-29
 171.486725     -2.607  37.319674    13.3299   -0.05859     -2.585    31.2749    23.4443 -9.990e-29
 171.486730     -2.561  37.317553    13.3314   -0.05859     -2.540    31.2717    23.4415 -9.990e-29
 171.486736     -2.520  37.316371    13.3343   -0.05858     -2.499    31.2682    23.4382 -9.990e-29
 171.486742     -2.481  37.317376    13.3376   -0.05857     -2.460    31.2664    23.4362 -9.990e-29
 171.486748     -2.443  37.320243    13.3401   -0.05857     -2.423    31.2670    23.4362 -9.990e-29
 171.486753     -2.402  37.320957    13.3421   -0.05858     -2.382    31.2660    23.4350 -9.990e-29
 171.486759     -2.360  37.318805    13.3440   -0.05857     -2.340    31.2624    23.4319 -9.990e-29
 171.486765     -2.324  37.317107    13.3453   -0.05857     -2.305    31.2598    23.4296 -9.990e-29
 171.486771     -2.295  37.318103    13.3461   -0.05856     -2.276    31.2600    23.4296 -9.990e-29
 171.486777     -2.271  37.321458    13.3472   -0.05856     -2.252    31.2622    23.4311 -9.990e-29
 171.486782     -2.251  37.323808    13.3490   -0.05857     -2.232    31.2630    23.4313 -9.990e-29
 171.486788     -2.234  37.324377    13.3516   -0.05857     -2.215    31.2613    23.4295 -9.990e-29
 171.486794     -2.218  37.327306    13.3544   -0.05856     -2.200    31.2618    23.4293 -9.990e-29
 171.486800     -2.203  37.333713    13.3563   -0.05857     -2.185    31.2662    23.4323 -9.990e-29
 171.486806     -2.187  37.338133    13.3574   -0.05856     -2.169    31.2694    23.4346 -9.990e-29
 171.486811     -2.170  37.338059    13.3589   -0.05856     -2.152    31.2681    23.4333 -9.990e-29
 171.486817     -2.150  37.337901    13.3609   -0.05856     -2.132    31.2663    23.4315 -9.990e-29
 171.486823     -2.127  37.340272    13.3625   -0.05855     -2.109    31.2672    23.4319 -9.990e-29
 171.486829     -2.098  37.343861    13.3630   -0.05855     -2.081    31.2701    23.4340 -9.990e-29
 171.486834     -2.062  37.345616    13.3629   -0.05856     -2.045    31.2718    23.4354 -9.990e-29
 171.486840     -2.022  37.344530    13.3633   -0.05856     -2.005    31.2704    23.4343 -9.990e-29
 171.486846     -1.982  37.343098    13.3645   -0.05856     -1.965    31.2681    23.4322 -9.990e-29
 171.486852     -1.944  37.343356    13.3662   -0.05856     -1.928    31.2669    23.4310 -9.990e-29
 171.486858     -1.911  37.343983    13.3677   -0.05857     -1.895    31.2663    23.4302 -9.990e-29
 171.486863     -1.889  37.343025    13.3685   -0.05858     -1.873    31.2647    23.4288 -9.990e-29
 171.486869     -1.881  37.343152    13.3691   -0.05857     -1.865    31.2643    23.4284 -9.990e-29
 171.486875     -1.882  37.346795    13.3698   -0.05856     -1.866    31.2672    23.4304 -9.990e-29
 171.486881     -1.879  37.352096    13.3700   -0.05857     -1.863    31.2719    23.4341 -9.990e-29
 171.486887     -1.864  37.356043    13.3693   -0.05857     -1.848    31.2762    23.4375 -9.990e-29
 171.486892     -1.839  37.356622    13.3684   -0.05856     -1.824    31.2774    23.4387 -9.990e-29
 171.486898     -1.808  37.354060    13.3675   -0.05856     -1.793    31.2758    23.4376 -9.990e-29
 171.486904     -1.769  37.351131    13.3660   -0.05856     -1.754    31.2743    23.4367 -9.990e-29
 171.486910     -1.722  37.350682    13.3636   -0.05856     -1.708    31.2758    23.4384 -9.990e-29
 171.486916     -1.679  37.351568    13.3619   -0.05857     -1.665    31.2780    23.4404 -9.990e-29
 171.486921     -1.650  37.351061    13.3623   -0.05857     -1.636    31.2772    23.4397 -9.990e-29
 171.486927     -1.631  37.349622    13.3639   -0.05856     -1.617    31.2745    23.4373 -9.990e-29
 171.486933     -1.615  37.348717    13.3650   -0.05856     -1.602    31.2728    23.4357 -9.990e-29
 171.486939     -1.599  37.348280    13.3659   -0.05856     -1.586    31.2716    23.4347 -9.990e-29
 171.486944     -1.587  37.348307    13.3670   -0.05856     -1.574    31.2707    23.4338 -9.990e-29
 171.486950     -1.573  37.349414    13.3676   -0.05856     -1.560    31.2713    23.4341 -9.990e-29
 171.486956     -1.554  37.352535    13.3671   -0.05856     -1.541    31.2746    23.4367 -9.990e-29
 171.486962     -1.527  37.356798    13.3658   -0.05857     -1.514    31.2796    23.4409 -9.990e-29
 171.486968     -1.491  37.358928    13.3648   -0.05857     -1.479    31.2824    23.4432 -9.990e-29
 171.486973     -1.451  37.358977    13.3647   -0.05857     -1.439    31.2825    23.4433 -9.990e-29
 171.486979     -1.424  37.358709    13.3656   -0.05856     -1.412    31.2815    23.4424 -9.990e-29
 171.486985     -1.410  37.357784    13.3666   -0.05856     -1.398    31.2798    23.4409 -9.990e-29
 171.486991     -1.402  37.356670    13.3673   -0.05856     -1.390    31.2782    23.4395 -9.990e-29
 171.486997     -1.393  37.356704    13.3678   -0.05857     -1.381    31.2778    23.4391 -9.990e-29
 171.487002     -1.379  37.358512    13.3676   -0.05857     -1.367    31.2797    23.4406 -9.990e-29
 171.487008     -1.355  37.361157    13.3660   -0.05857     -1.344    31.2834    23.4438 -9.990e-29
 171.487014     -1.324  37.362573    13.3638   -0.05857     -1.313    31.2866    23.4466 -9.990e-29
 171.487020     -1.292  37.361860    13.3627   -0.05856     -1.281    31.2868    23.4470 -9.990e-29
 171.487025     -1.266  37.360888    13.3634   -0.05856     -1.255    31.2853    23.4457 -9.990e-29
 171.487031     -1.249  37.361183    13.3653   -0.05856     -1.239    31.2840    23.4444 -9.990e-29
 171.487037     -1.234  37.362032    13.3667   -0.05856     -1.224    31.2836    23.4438 -9.990e-29
 171.487043     -1.214  37.363465    13.3665   -0.05856     -1.204    31.2851    23.4450 -9.990e-29
 171.487049     -1.185  37.364604    13.3655   -0.05856     -1.175    31.2870    23.4467 -9.990e-29
 171.487054     -1.160  37.364181    13.3647   -0.05856     -1.150    31.2872    23.4470 -9.990e-29
 171.487060     -1.149  37.363894    13.3647   -0.05856     -1.139    31.2870    23.4468 -9.990e-29
 171.487066     -1.152  37.364499    13.3651   -0.05856     -1.142    31.2872    23.4469 -9.990e-29
 171.487072     -1.161  37.364577    13.3656   -0.05857     -1.151    31.2869    23.4465 -9.990e-29
 171.487078     -1.167  37.364249    13.3661   -0.05859     -1.157    31.2862    23.4459 -9.990e-29
 171.487083     -1.162  37.364219    13.3664   -0.05860     -1.152    31.2859    23.4456 -9.990e-29
 171.487089     -1.147  37.364464    13.3663   17.79848     -1.137    31.2862    23.4459 -9.990e-29
 171.487095     -1.128  37.364769    13.3663   32.04489     -1.119    31.2865    23.4461 -9.990e-29
 171.487101     -1.108  37.364433    13.3668   34.20934     -1.099    31.2857    23.4454 -9.990e-29
 171.487106     -1.087  37.363588    13.3671   30.35528     -1.078    31.2847    23.4446 -9.990e-29
 171.487112     -1.063  37.362809    13.3665   20.17549     -1.054    31.2845    23.4445 -9.990e-29
 171.487118     -1.035  37.362196    13.3641   15.63349     -1.026    31.2858    23.4460 -9.990e-29
 171.487124     -1.000  37.361511    13.3594   15.67953     -0.992    31.2891    23.4494 -9.990e-29
 171.487130     -0.957  37.359858    13.3530   10.25191     -0.949    31.2928    23.4536 -9.990e-29
 171.487135     -0.907  37.356736    13.3477    2.90870     -0.899    31.2942    23.4557 -9.990e-29
 171.487141     -0.860  37.352484    13.3455   -0.28604     -0.853    31.2920    23.4545 -9.990e-29
 171.487147     -0.826  37.345939    13.3449   -0.74947     -0.819    31.2864    23.4503 -9.990e-29
 171.487153     -0.806  37.338489    13.3433    1.98039     -0.799    31.2808    23.4462 -9.990e-29
 171.487159     -0.795  37.335931    13.3407    4.43284     -0.788    31.2805    23.4465 -9.990e-29
 171.487164     -0.789  37.338799    13.3395    5.04689     -0.782    31.2842    23.4496 -9.990e-29
 171.487170     -0.786  37.343079    13.3404    5.42602     -0.779    31.2874    23.4519 -9.990e-29
 171.487176     -0.783  37.346638    13.3420    5.63787     -0.776    31.2894    23.4532 -9.990e-29
 171.487182     -0.774  37.348068    13.3422    5.76074     -0.768    31.2906    23.4540 -9.990e-29
 171.487188     -0.760  37.346489    13.3405    5.85950     -0.754    31.2905    23.4543 -9.990e-29
 171.487193     -0.743  37.342620    13.3389    5.90015     -0.737    31.2882    23.4528 -9.990e-29
 171.487199     -0.732  37.340295    13.3396    5.92607     -0.726    31.2854    23.4506 -9.990e-29
 171.487205     -0.729  37.342044    13.3415    5.94433     -0.723    31.2855    23.4502 -9.990e-29
 171.487211     -0.730  37.344602    13.3424    5.95483     -0.724    31.2872    23.4513 -9.990e-29
 171.487216     -0.723  37.345788    13.3417    5.97412     -0.717    31.2888    23.4528 -9.990e-29
 171.487222     -0.698  37.345522    13.3397    5.99091     -0.692    31.2902    23.4542 -9.990e-29
 171.487228     -0.663  37.342343    13.3367    5.99955     -0.657    31.2897    23.4544 -9.990e-29
 171.487234     -0.632  37.337080    13.3343    6.00842     -0.627    31.2868    23.4526 -9.990e-29
 171.487240     -0.617  37.334514    13.3330    6.01122     -0.612    31.2854    23.4519 -9.990e-29
 171.487245     -0.615  37.335728    13.3318    6.01592     -0.610    31.2875    23.4537 -9.990e-29
 171.487251     -0.619  37.336747    13.3306    6.01209     -0.614    31.2895    23.4555 -9.990e-29
 171.487257     -0.620  37.336705    13.3300    6.01242     -0.615    31.2899    23.4559 -9.990e-29
 171.487263     -0.611  37.336686    13.3297    6.00447     -0.606    31.2902    23.4562 -9.990e-29
 171.487269     -0.585  37.336683    13.3292    5.99983     -0.580    31.2906    23.4566 -9.990e-29
 171.487274     -0.545  37.336148    13.3279    6.00707     -0.540    31.2911    23.4573 -9.990e-29
 171.487280     -0.503  37.334385    13.3268    6.01892     -0.499    31.2904    23.4569 -9.990e-29
 171.487286     -0.467  37.332990    13.3270    6.02809     -0.463    31.2889    23.4557 -9.990e-29
 171.487292     -0.440  37.334045    13.3287    6.01859     -0.436    31.2885    23.4551 -9.990e-29
 171.487297     -0.421  37.336169    13.3313    6.00786     -0.417    31.2883    23.4544 -9.990e-29
 171.487303     -0.407  37.337723    13.3342    5.99576     -0.404    31.2874    23.4531 -9.990e-29
 171.487309     -0.395  37.339483    13.3366    6.00972     -0.392    31.2870    23.4524 -9.990e-29
 171.487315     -0.378  37.342123    13.3390    6.02191     -0.375    31.2875    23.4523 -9.990e-29
 171.487321     -0.360  37.346183    13.3423    6.02517     -0.357    31.2886    23.4525 -9.990e-29
 171.487326     -0.345  37.350351    13.3449    6.01252     -0.342    31.2903    23.4533 -9.990e-29
 171.487332     -0.335  37.351586    13.3453    6.00171     -0.332    31.2911    23.4539 -9.990e-29
 171.487338     -0.334  37.350981    13.3452    6.00870     -0.331    31.2906    23.4535 -9.990e-29
 171.487344     -0.333  37.351100    13.3461    6.01310     -0.330    31.2900    23.4528 -9.990e-29
 171.487350     -0.320  37.352106    13.3486    6.00679     -0.317    31.2889    23.4515 -9.990e-29
 171.487355     -0.295  37.354784    13.3517    6.00164     -0.293    31.2888    23.4508 -9.990e-29
 171.487361     -0.267  37.358222    13.3537    5.99930     -0.265    31.2904    23.4516 -9.990e-29
 171.487367     -0.248  37.359712    13.3542    6.00278     -0.246    31.2914    23.4523 -9.990e-29
 171.487373     -0.241  37.359563    13.3540    6.00894     -0.239    31.2914    23.4523 -9.990e-29
 171.487378     -0.242  37.359264    13.3542    6.00132     -0.240    31.2909    23.4520 -9.990e-29
 171.487384     -0.242  37.359542    13.3550    5.99921     -0.240    31.2905    23.4515 -9.990e-29
 171.487390     -0.237  37.360213    13.3558    5.99355     -0.235    31.2905    23.4513 -9.990e-29
 171.487396     -0.226  37.359931    13.3561    5.99223     -0.224    31.2900    23.4508 -9.990e-29
 171.487402     -0.209  37.358888    13.3554    5.99179     -0.207    31.2896    23.4507 -9.990e-29
 171.487407     -0.184  37.357941    13.3534    6.00438     -0.182    31.2903    23.4516 -9.990e-29
 171.487413     -0.155  37.355832    13.3507    6.00309     -0.154    31.2906    23.4524 -9.990e-29
 171.487419     -0.127  37.351998    13.3483    6.00414     -0.126    31.2890    23.4516 -9.990e-29
 171.487425     -0.104  37.349184    13.3481    6.00257     -0.103    31.2865    23.4497 -9.990e-29
 171.487431     -0.084  37.349816    13.3502    5.99241     -0.083    31.2854    23.4484 -9.990e-29
 171.487436     -0.066  37.351932    13.3524    5.99475     -0.065    31.2855    23.4481 -9.990e-29
 171.487442     -0.048  37.353310    13.3535    5.99590     -0.048    31.2859    23.4482 -9.990e-29
 171.487448     -0.030  37.354669    13.3535    6.00279     -0.030    31.2871    23.4492 -9.990e-29
 171.487454     -0.011  37.355021    13.3525    6.00206     -0.011    31.2883    23.4502 -9.990e-29
 171.487459      0.008  37.353718    13.3519    6.00561      0.008    31.2876    23.4498 -9.990e-29
 171.487465      0.017  37.353515    13.3526    5.99404      0.017    31.2868    23.4491 -9.990e-29
 171.487471      0.018  37.354708    13.3538    5.98940      0.018    31.2869    23.4489 -9.990e-29
 171.487477      0.020  37.355523    13.3546    5.99754      0.020    31.2870    23.4489 -9.990e-29
 171.487483      0.027  37.355932    13.3542    5.99141      0.027    31.2877    23.4495 -9.990e-29
 171.487488      0.038  37.354803    13.3519    5.99702      0.038    31.2886    23.4506 -9.990e-29
 171.487494      0.056  37.350633    13.3486    5.99740      0.056    31.2874    23.4503 -9.990e-29
 171.487500      0.077  37.345724    13.3461    5.99771      0.076    31.2849    23.4489 -9.990e-29
 171.487506      0.097  37.344193    13.3453    6.00015      0.096    31.2841    23.4484 -9.990e-29
