data/oxygen options/OCNMS/OCNMS2/raw_data/2006/CTD_TH090_060706faed.cnv
* Sea-Bird SBE19 Data File:
* FileName = C:\Hypoxia_Data_2006\CTD_TH090_060706.hex
* Software Version 1.1.6
* Temperature SN = 2997
* Conductivity SN = 2997
* System UpLoad Time = Jun 07 2006 10:34:27
* SEACAT PROFILER V3.1c SN 2997   06/07/06  10:33:35.798
* strain gauge pressure sensor: S/N = 184829,  range = 3000 psia,  tc = 40
# nquan = 9                                 
# nvalues = 912                         
# units = specified
# name 0 = timeJ: Julian Days
# name 1 = prSM: Pressure, Strain Gauge [db]
# name 2 = c0mS/cm: Conductivity [mS/cm]
# name 3 = t090C: Temperature [ITS-90, deg C]
# name 4 = oxML/L: Oxygen, Beckman/YSI [ml/l]
# name 5 = depSM: Depth [salt water, m], lat = 47.5
# name 6 = sal00: Salinity, Practical [PSU]
# name 7 = sigma-é00: Density [sigma-theta, kg/m^3]
# name 8 = flag: flag
# span 0 = 158.433727, 158.438999       
# span 1 =     -4.971,     90.400       
# span 2 =   0.552223,  37.126109       
# span 3 =     7.8105,    15.2878       
# span 4 =   -0.07121,   32.93122       
# span 5 =     -4.930,     89.626       
# span 6 =     0.3492,    33.7772       
# span 7 =    -0.3904,    26.3417       
# span 8 = 0.0000e+00, 0.0000e+00       
# interval = seconds: 0.5
# start_time = Jun 07 2006 10:24:34 [Instrument's time stamp, header]
# bad_flag = -9.990e-29
*END*
[from data line 321]
 158.435584      0.894  33.111240    15.0888    6.39790      0.887    26.1693    19.1581 -9.990e-29
 158.435590      0.893  33.109004    15.0920    6.39676      0.886    26.1652    19.1543 -9.990e-29
 158.435596      0.887  33.106602    15.0934    6.40684      0.880    26.1622    19.1517 -9.990e-29
 158.435602      0.886  33.105885    15.0913    6.42880      0.879    26.1629    19.1527 -9.990e-29
 158.435608      0.894  33.109825    15.0857    6.42442      0.887    26.1701    19.1594 -9.990e-29
 158.435613      0.907  33.123683    15.0804    6.42146      0.899    26.1858    19.1725 -9.990e-29
 158.435619      0.916  33.136226    15.0802    6.41846      0.908    26.1969    19.1810 -9.990e-29
 158.435625      0.919  33.131670    15.0837    6.40749      0.911    26.1905    19.1755 -9.990e-29
 158.435631      0.915  33.120761    15.0865    6.41647      0.907    26.1791    19.1661 -9.990e-29
 158.435637      0.909  33.112503    15.0866    6.42590      0.901    26.1719    19.1605 -9.990e-29
 158.435642      0.909  33.106543    15.0830    6.42991      0.901    26.1690    19.1591 -9.990e-29
 158.435648      0.918  33.107833    15.0774    6.42482      0.910    26.1739    19.1640 -9.990e-29
 158.435654      0.934  33.112491    15.0740    6.41753      0.926    26.1802    19.1695 -9.990e-29
 158.435660      0.949  33.113279    15.0728    6.41754      0.941    26.1817    19.1709 -9.990e-29
 158.435666      0.959  33.112932    15.0712    6.41885      0.951    26.1825    19.1718 -9.990e-29
 158.435671      0.965  33.112113    15.0694    6.43023      0.957    26.1830    19.1726 -9.990e-29
 158.435677      0.968  33.106369    15.0692    6.43568      0.960    26.1781    19.1689 -9.990e-29
 158.435683      0.968  33.099261    15.0721    6.44149      0.960    26.1699    19.1620 -9.990e-29
 158.435689      0.963  33.096451    15.0772    6.44117      0.955    26.1641    19.1565 -9.990e-29
 158.435694      0.960  33.095879    15.0827    6.43463      0.952    26.1599    19.1522 -9.990e-29
 158.435700      0.961  33.093985    15.0892    6.42357      0.953    26.1539    19.1462 -9.990e-29
 158.435706      0.967  33.088249    15.0991    6.41210      0.959    26.1423    19.1353 -9.990e-29
 158.435712      0.978  33.076075    15.1094    6.41053      0.970    26.1248    19.1197 -9.990e-29
 158.435718      0.991  33.063660    15.1146    6.41739      0.983    26.1105    19.1077 -9.990e-29
 158.435723      1.002  33.059683    15.1138    6.42832      0.994    26.1075    19.1056 -9.990e-29
 158.435729      1.007  33.061651    15.1102    6.44415      0.999    26.1117    19.1095 -9.990e-29
 158.435735      1.003  33.066586    15.1078    6.45351      0.995    26.1176    19.1145 -9.990e-29
 158.435741      0.994  33.073223    15.1083    6.43654      0.986    26.1230    19.1186 -9.990e-29
 158.435747      0.983  33.075842    15.1100    6.42357      0.975    26.1242    19.1192 -9.990e-29
 158.435752      0.973  33.074577    15.1111    6.40274      0.965    26.1224    19.1175 -9.990e-29
 158.435758      0.970  33.073351    15.1119    6.40604      0.962    26.1208    19.1161 -9.990e-29
 158.435764      0.971  33.070535    15.1140    6.42434      0.963    26.1169    19.1127 -9.990e-29
 158.435770      0.979  33.065183    15.1168    6.43202      0.971    26.1104    19.1071 -9.990e-29
 158.435775      0.987  33.061938    15.1186    6.42320      0.979    26.1063    19.1037 -9.990e-29
 158.435781      0.994  33.063203    15.1202    6.39673      0.986    26.1064    19.1034 -9.990e-29
 158.435787      0.998  33.066185    15.1239    6.38530      0.990    26.1065    19.1027 -9.990e-29
 158.435793      1.002  33.068138    15.1311    6.39184      0.994    26.1034    19.0989 -9.990e-29
 158.435799      1.004  33.067748    15.1388    6.41016      0.996    26.0980    19.0931 -9.990e-29
 158.435804      1.009  33.066180    15.1403    6.42720      1.001    26.0956    19.0910 -9.990e-29
 158.435810      1.022  33.067517    15.1335    6.42943      1.013    26.1013    19.0968 -9.990e-29
 158.435816      1.035  33.074111    15.1260    6.42864      1.026    26.1120    19.1065 -9.990e-29
 158.435822      1.037  33.079622    15.1264    6.43165      1.028    26.1166    19.1099 -9.990e-29
 158.435828      1.026  33.077947    15.1332    6.42255      1.017    26.1106    19.1040 -9.990e-29
 158.435833      1.016  33.073582    15.1413    6.41568      1.008    26.1014    19.0952 -9.990e-29
 158.435839      1.014  33.070243    15.1477    6.40745      1.006    26.0942    19.0884 -9.990e-29
 158.435845      1.015  33.067405    15.1507    6.40444      1.007    26.0898    19.0844 -9.990e-29
 158.435851      1.017  33.065777    15.1519    6.41387      1.009    26.0875    19.0824 -9.990e-29
 158.435856      1.018  33.065435    15.1539    6.41515      1.010    26.0859    19.0808 -9.990e-29
 158.435862      1.019  33.065367    15.1557    6.42458      1.010    26.0847    19.0794 -9.990e-29
 158.435868      1.019  33.067728    15.1547    6.42752      1.010    26.0874    19.0817 -9.990e-29
 158.435874      1.020  33.071746    15.1542    6.42684      1.011    26.0912    19.0848 -9.990e-29
 158.435880      1.020  33.071012    15.1574    6.42910      1.011    26.0885    19.0820 -9.990e-29
 158.435885      1.021  33.066793    15.1620    6.42719      1.012    26.0817    19.0759 -9.990e-29
 158.435891      1.021  33.064117    15.1652    6.40943      1.012    26.0773    19.0718 -9.990e-29
 158.435897      1.022  33.062785    15.1666    6.39009      1.013    26.0752    19.0699 -9.990e-29
 158.435903      1.023  33.062145    15.1674    6.37502      1.014    26.0741    19.0689 -9.990e-29
 158.435909      1.023  33.062471    15.1679    6.37918      1.014    26.0740    19.0688 -9.990e-29
 158.435914      1.024  33.063079    15.1676    6.39946      1.015    26.0748    19.0694 -9.990e-29
 158.435920      1.025  33.064224    15.1656    6.42120      1.016    26.0771    19.0716 -9.990e-29
 158.435926      1.031  33.068557    15.1592    6.42712      1.022    26.0851    19.0791 -9.990e-29
 158.435932      1.046  33.077935    15.1475    6.41567      1.037    26.1011    19.0937 -9.990e-29
 158.435937      1.062  33.086927    15.1390    6.41024      1.053    26.1146    19.1058 -9.990e-29
 158.435943      1.069  33.087905    15.1423    6.40277      1.060    26.1132    19.1041 -9.990e-29
 158.435949      1.065  33.082175    15.1525    6.40607      1.056    26.1014    19.0930 -9.990e-29
 158.435955      1.060  33.075553    15.1599    6.41407      1.051    26.0907    19.0833 -9.990e-29
 158.435961      1.058  33.071546    15.1615    6.41516      1.049    26.0862    19.0794 -9.990e-29
 158.435966      1.058  33.071546    15.1597    6.41015      1.049    26.0874    19.0807 -9.990e-29
 158.435972      1.055  33.073316    15.1595    6.41770      1.046    26.0891    19.0820 -9.990e-29
 158.435978      1.047  33.073051    15.1624    6.41945      1.038    26.0869    19.0798 -9.990e-29
 158.435984      1.036  33.071522    15.1652    6.42067      1.027    26.0837    19.0768 -9.990e-29
 158.435990      1.030  33.070059    15.1664    6.41992      1.021    26.0816    19.0749 -9.990e-29
 158.435995      1.033  33.068399    15.1665    6.41419      1.024    26.0801    19.0738 -9.990e-29
 158.436001      1.041  33.067696    15.1662    6.40704      1.032    26.0797    19.0735 -9.990e-29
 158.436007      1.051  33.067576    15.1662    6.40507      1.042    26.0796    19.0734 -9.990e-29
 158.436013      1.063  33.067321    15.1666    6.40353      1.054    26.0791    19.0730 -9.990e-29
 158.436019      1.077  33.067716    15.1670    6.40487      1.068    26.0792    19.0729 -9.990e-29
 158.436024      1.090  33.068731    15.1672    6.41449      1.081    26.0799    19.0735 -9.990e-29
 158.436030      1.100  33.067801    15.1675    6.41452      1.091    26.0789    19.0726 -9.990e-29
 158.436036      1.105  33.064248    15.1684    6.40926      1.096    26.0752    19.0696 -9.990e-29
 158.436042      1.104  33.062309    15.1697    6.40988      1.095    26.0727    19.0674 -9.990e-29
 158.436047      1.094  33.063326    15.1712    6.40561      1.085    26.0726    19.0670 -9.990e-29
 158.436053      1.086  33.064734    15.1737    6.41295      1.077    26.0721    19.0661 -9.990e-29
 158.436059      1.085  33.065613    15.1770    6.41727      1.076    26.0707    19.0644 -9.990e-29
 158.436065      1.098  33.066017    15.1798    6.40219      1.089    26.0692    19.0626 -9.990e-29
 158.436071      1.115  33.065370    15.1809    6.38021      1.106    26.0679    19.0614 -9.990e-29
 158.436076      1.125  33.063934    15.1810    6.38668      1.116    26.0666    19.0604 -9.990e-29
 158.436082      1.129  33.062601    15.1818    6.40134      1.120    26.0649    19.0589 -9.990e-29
 158.436088      1.136  33.061839    15.1841    6.41659      1.127    26.0627    19.0568 -9.990e-29
 158.436094      1.146  33.062880    15.1859    6.42375      1.136    26.0624    19.0562 -9.990e-29
 158.436100      1.155  33.068795    15.1841    6.39718      1.145    26.0688    19.0614 -9.990e-29
 158.436105      1.164  33.086356    15.1814    6.38025      1.154    26.0859    19.0751 -9.990e-29
 158.436111      1.165  33.100299    15.1821    6.38553      1.155    26.0975    19.0839 -9.990e-29
 158.436117      1.154  33.091099    15.1835    6.39422      1.144    26.0886    19.0768 -9.990e-29
 158.436123      1.142  33.077885    15.1811    6.40993      1.132    26.0787    19.0696 -9.990e-29
 158.436128      1.139  33.074434    15.1723    6.40334      1.129    26.0815    19.0736 -9.990e-29
 158.436134      1.143  33.077272    15.1594    6.39559      1.133    26.0925    19.0847 -9.990e-29
 158.436140      1.150  33.083461    15.1533    6.39293      1.140    26.1020    19.0933 -9.990e-29
 158.436146      1.153  33.083876    15.1569    6.40740      1.143    26.1000    19.0910 -9.990e-29
 158.436152      1.151  33.078512    15.1584    6.42617      1.141    26.0943    19.0863 -9.990e-29
 158.436157      1.154  33.073671    15.1525    6.41753      1.144    26.0940    19.0873 -9.990e-29
 158.436163      1.160  33.071314    15.1479    6.41085      1.150    26.0950    19.0890 -9.990e-29
 158.436169      1.163  33.070546    15.1521    6.40609      1.153    26.0915    19.0855 -9.990e-29
 158.436175      1.157  33.069223    15.1622    6.41029      1.147    26.0837    19.0773 -9.990e-29
 158.436181      1.151  33.067265    15.1704    6.42478      1.141    26.0765    19.0702 -9.990e-29
 158.436186      1.158  33.065991    15.1727    6.40313      1.148    26.0739    19.0677 -9.990e-29
 158.436192      1.174  33.066512    15.1714    6.37417      1.164    26.0752    19.0690 -9.990e-29
 158.436198      1.187  33.068407    15.1714    6.37587      1.177    26.0768    19.0702 -9.990e-29
 158.436204      1.193  33.069159    15.1732    6.39080      1.183    26.0763    19.0694 -9.990e-29
 158.436209      1.197  33.068093    15.1715    6.40712      1.187    26.0765    19.0699 -9.990e-29
 158.436215      1.203  33.066592    15.1606    6.40167      1.193    26.0824    19.0767 -9.990e-29
 158.436221      1.209  33.066585    15.1402    6.36388      1.199    26.0960    19.0913 -9.990e-29
 158.436227      1.209  33.071431    15.1247    6.35488      1.199    26.1105    19.1056 -9.990e-29
 158.436233      1.205  33.076941    15.1264    6.36832      1.195    26.1142    19.1081 -9.990e-29
 158.436238      1.199  33.076448    15.1335    6.40790      1.189    26.1090    19.1027 -9.990e-29
 158.436244      1.200  33.073779    15.1272    6.43948      1.190    26.1109    19.1054 -9.990e-29
 158.436250      1.208  33.075473    15.1049    6.41457      1.198    26.1272    19.1225 -9.990e-29
 158.436256      1.215  33.086038    15.0824    6.37544      1.205    26.1514    19.1457 -9.990e-29
 158.436262      1.218  33.096578    15.0789    6.35384      1.208    26.1630    19.1553 -9.990e-29
 158.436267      1.216  33.094238    15.0940    6.35971      1.206    26.1509    19.1429 -9.990e-29
 158.436273      1.209  33.085425    15.1086    6.38667      1.199    26.1334    19.1265 -9.990e-29
 158.436279      1.201  33.078013    15.1046    6.42320      1.191    26.1296    19.1244 -9.990e-29
 158.436285      1.201  33.075581    15.0772    6.45516      1.191    26.1457    19.1424 -9.990e-29
 158.436291      1.207  33.089469    15.0441    6.44985      1.197    26.1800    19.1755 -9.990e-29
 158.436296      1.213  33.112412    15.0339    6.43666      1.203    26.2069    19.1982 -9.990e-29
 158.436302      1.214  33.117818    15.0500    6.41627      1.204    26.2008    19.1903 -9.990e-29
 158.436308      1.210  33.103923    15.0736    6.40521      1.200    26.1729    19.1640 -9.990e-29
 158.436314      1.205  33.085276    15.0989    6.41603      1.195    26.1398    19.1334 -9.990e-29
 158.436319      1.207  33.066733    15.1269    6.43164      1.197    26.1049    19.1009 -9.990e-29
 158.436325      1.217  33.052730    15.1478    6.43197      1.207    26.0788    19.0766 -9.990e-29
 158.436331      1.227  33.048147    15.1555    6.39035      1.217    26.0697    19.0680 -9.990e-29
 158.436337      1.232  33.049684    15.1529    6.33776      1.222    26.0728    19.0709 -9.990e-29
 158.436343      1.234  33.048747    15.1457    6.33535      1.224    26.0767    19.0754 -9.990e-29
 158.436348      1.233  33.044091    15.1404    6.36470      1.223    26.0762    19.0761 -9.990e-29
 158.436354      1.232  33.042965    15.1383    6.39235      1.222    26.0766    19.0768 -9.990e-29
 158.436360      1.236  33.047796    15.1326    6.41680      1.226    26.0846    19.0841 -9.990e-29
 158.436366      1.241  33.063346    15.1124    6.41828      1.231    26.1116    19.1090 -9.990e-29
 158.436372      1.242  33.091853    15.0882    6.42464      1.232    26.1526    19.1455 -9.990e-29
 158.436377      1.241  33.113028    15.0902    6.41939      1.231    26.1698    19.1582 -9.990e-29
 158.436383      1.236  33.110819    15.1180    6.41750      1.226    26.1493    19.1368 -9.990e-29
 158.436389      1.228  33.096293    15.1433    6.40334      1.218    26.1198    19.1090 -9.990e-29
 158.436395      1.221  33.083161    15.1533    6.39734      1.211    26.1017    19.0930 -9.990e-29
 158.436400      1.217  33.072982    15.1517    6.40703      1.207    26.0939    19.0874 -9.990e-29
 158.436406      1.218  33.065089    15.1435    6.41780      1.208    26.0925    19.0879 -9.990e-29
 158.436412      1.222  33.061854    15.1339    6.42765      1.212    26.0960    19.0926 -9.990e-29
 158.436418      1.227  33.064014    15.1272    6.41874      1.217    26.1023    19.0989 -9.990e-29
 158.436424      1.227  33.068283    15.1261    6.40447      1.217    26.1068    19.1025 -9.990e-29
 158.436429      1.228  33.069706    15.1313    6.39778      1.218    26.1046    19.0998 -9.990e-29
 158.436435      1.233  33.065697    15.1406    6.40085      1.223    26.0949    19.0904 -9.990e-29
 158.436441      1.239  33.060445    15.1476    6.40418      1.229    26.0857    19.0819 -9.990e-29
 158.436447      1.246  33.057601    15.1465    6.39793      1.236    26.0839    19.0808 -9.990e-29
 158.436453      1.259  33.058425    15.1367    6.39852      1.248    26.0911    19.0883 -9.990e-29
 158.436458      1.274  33.063460    15.1250    6.39890      1.263    26.1033    19.1001 -9.990e-29
 158.436464      1.287  33.068213    15.1208    6.40580      1.276    26.1103    19.1062 -9.990e-29
 158.436470      1.297  33.070052    15.1245    6.40944      1.286    26.1094    19.1048 -9.990e-29
 158.436476      1.298  33.071432    15.1274    6.40560      1.287    26.1087    19.1037 -9.990e-29
 158.436481      1.295  33.073635    15.1211    6.39787      1.284    26.1148    19.1097 -9.990e-29
 158.436487      1.293  33.075119    15.1053    6.39047      1.282    26.1266    19.1220 -9.990e-29
 158.436493      1.291  33.074504    15.0920    6.38753      1.280    26.1349    19.1311 -9.990e-29
 158.436499      1.289  33.073775    15.0919    6.38349      1.278    26.1343    19.1307 -9.990e-29
