data/oxygen options/OCNMS/OCNMS2/raw_data/2006/CTD_TH080_062006faedb.cnv
* Sea-Bird SBE19 Data File:
* FileName = C:\Hypoxia Data\CTD_TH080_062006.hex
* Software Version 1.1.8
* Temperature SN = 2997
* Conductivity SN = 2997
* System UpLoad Time = Jun 20 2006 12:00:25
* SEACAT PROFILER V3.1c SN 2997   06/20/06  11:59:26.504
* strain gauge pressure sensor: S/N = 184829,  range = 3000 psia,  tc = 40
# nquan = 9
# nvalues = 79                          
# units = specified
# name 0 = timeJ: Julian Days
# name 1 = prSM: Pressure, Strain Gauge [db]
# name 2 = c0mS/cm: Conductivity [mS/cm]
# name 3 = t090C: Temperature [ITS-90, deg C]
# name 4 = oxML/L: Oxygen, Beckman/YSI [ml/l]
# name 5 = depSM: Depth [salt water, m], lat = 47.5
# name 6 = sal00: Salinity, Practical [PSU]
# name 7 = sigma-é00: Density [sigma-theta, kg/m^3]
# name 8 = flag: flag
# span 0 = 171.488881, 171.489835       
# span 1 =      2.000,     80.000       
# span 2 =  34.314442,  37.320709       
# span 3 =     7.8347,    13.3163       
# span 4 =    2.29330,    6.51175       
# span 5 =      1.983,     79.317       
# span 6 =    31.2853,    33.7820       
# span 7 =    23.4551,    26.3427       
# span 8 = 0.0000e+00, 0.0000e+00       
# interval = decibars: 1                
# start_time = Jun 20 2006 11:40:41 [Instrument's time stamp, header]
# bad_flag = -9.990e-29
*END*
 171.488881      2.000  37.320709    13.3163    5.91108      1.983    31.2853    23.4551 0.0000e+00
 171.488904      3.000  37.257312    13.2015    5.90986      2.975    31.3202    23.5047 0.0000e+00
 171.488920      4.000  37.129062    13.0397    6.06919      3.967    31.3331    23.5462 0.0000e+00
 171.488932      5.000  37.061305    12.9538    5.90231      4.958    31.3401    23.5683 0.0000e+00
 171.488944      6.000  37.042753    12.9121    5.25568      5.950    31.3569    23.5893 0.0000e+00
 171.488956      7.000  37.037103    12.8082    5.05499      6.941    31.4374    23.6717 0.0000e+00
 171.488967      8.000  36.918686    12.2691    5.00259      7.933    31.7779    24.0376 0.0000e+00
 171.488978      9.000  36.279969    11.2430    4.98505      8.925    32.0387    24.4272 0.0000e+00
 171.488989     10.000  35.632513    10.6421    5.06830      9.916    31.9222    24.4418 0.0000e+00
 171.489002     11.000  35.466934    10.4450    5.23466     10.908    31.9294    24.4811 0.0000e+00
 171.489013     12.000  35.451049    10.3967    5.42905     11.900    31.9555    24.5097 0.0000e+00
 171.489025     13.000  35.483359    10.3976    5.70001     12.891    31.9867    24.5337 0.0000e+00
 171.489036     14.000  35.542801    10.3864    6.06358     13.883    32.0557    24.5895 0.0000e+00
 171.489047     15.000  35.569203    10.2951    6.30845     14.875    32.1625    24.6881 0.0000e+00
 171.489057     16.000  35.572603    10.1785    6.42443     15.866    32.2690    24.7908 0.0000e+00
 171.489067     17.000  35.560359    10.0905    6.48194     16.858    32.3346    24.8566 0.0000e+00
 171.489078     18.000  35.512368     9.9877    6.51175     17.849    32.3777    24.9073 0.0000e+00
 171.489089     19.000  35.434987     9.8651    6.49568     18.841    32.4087    24.9517 0.0000e+00
 171.489101     20.000  35.350167     9.7468    6.45515     19.832    32.4285    24.9865 0.0000e+00
 171.489113     21.000  35.293368     9.6639    6.42786     20.824    32.4449    25.0128 0.0000e+00
 171.489124     22.000  35.246159     9.6107    6.41726     21.815    32.4442    25.0210 0.0000e+00
 171.489136     23.000  35.189561     9.5498    6.42492     22.807    32.4409    25.0282 0.0000e+00
 171.489146     24.000  35.146948     9.5026    6.42011     23.798    32.4395    25.0347 0.0000e+00
 171.489157     25.000  35.128389     9.4751    6.37610     24.790    32.4449    25.0434 0.0000e+00
 171.489168     26.000  35.112190     9.4556    6.35950     25.782    32.4455    25.0469 0.0000e+00
 171.489177     27.000  35.098019     9.4316    6.35742     26.773    32.4523    25.0561 0.0000e+00
 171.489188     28.000  35.063166     9.3643    6.34764     27.764    32.4770    25.0862 0.0000e+00
 171.489199     29.000  35.005325     9.2963    6.36017     28.756    32.4788    25.0984 0.0000e+00
 171.489210     30.000  34.963780     9.2499    6.33739     29.747    32.4777    25.1049 0.0000e+00
 171.489221     31.000  34.930200     9.2112    6.30561     30.739    32.4778    25.1111 0.0000e+00
 171.489231     32.000  34.901608     9.1757    6.29483     31.730    32.4801    25.1185 0.0000e+00
 171.489243     33.000  34.863380     9.1174    6.29632     32.722    32.4933    25.1380 0.0000e+00
 171.489253     34.000  34.794201     9.0431    6.28056     33.713    32.4890    25.1462 0.0000e+00
 171.489264     35.000  34.724755     8.9845    6.25431     34.705    32.4700    25.1404 0.0000e+00
 171.489275     36.000  34.665483     8.9206    6.21922     35.696    32.4663    25.1474 0.0000e+00
 171.489285     37.000  34.621866     8.8438    6.22785     36.688    32.4907    25.1785 0.0000e+00
 171.489297     38.000  34.562044     8.7706    6.24968     37.679    32.4950    25.1930 0.0000e+00
 171.489309     39.000  34.488411     8.7086    6.24227     38.671    32.4745    25.1865 0.0000e+00
 171.489321     40.000  34.444385     8.6494    6.22077     39.663    32.4824    25.2016 0.0000e+00
 171.489332     41.000  34.428137     8.6251    6.21480     40.653    32.4872    25.2091 0.0000e+00
 171.489344     42.000  34.421171     8.6175    6.17867     41.645    32.4865    25.2096 0.0000e+00
 171.489356     43.000  34.411746     8.5970    6.10728     42.637    32.4949    25.2193 0.0000e+00
 171.489367     44.000  34.391362     8.5660    5.98138     43.628    32.5016    25.2293 0.0000e+00
 171.489379     45.000  34.368889     8.5194    5.85362     44.619    32.5204    25.2511 0.0000e+00
 171.489391     46.000  34.331633     8.4498    5.79286     45.611    32.5451    25.2808 0.0000e+00
 171.489403     47.000  34.317590     8.4118    5.77449     46.603    32.5649    25.3020 0.0000e+00
 171.489416     48.000  34.315086     8.3888    5.76676     47.594    32.5831    25.3197 0.0000e+00
 171.489428     49.000  34.314442     8.3818    5.71475     48.586    32.5885    25.3250 0.0000e+00
 171.489439     50.000  34.322344     8.3857    5.66414     49.577    32.5926    25.3277 0.0000e+00
 171.489450     51.000  34.336182     8.3880    5.60257     50.568    32.6047    25.3369 0.0000e+00
 171.489462     52.000  34.346950     8.3781    5.54126     51.559    32.6248    25.3541 0.0000e+00
 171.489473     53.000  34.349295     8.3569    5.50416     52.551    32.6465    25.3743 0.0000e+00
 171.489485     54.000  34.354065     8.3445    5.43058     53.542    32.6625    25.3887 0.0000e+00
 171.489498     55.000  34.360948     8.3414    5.22103     54.534    32.6722    25.3968 0.0000e+00
 171.489511     56.000  34.372624     8.3124    4.91512     55.525    32.7110    25.4316 0.0000e+00
 171.489523     57.000  34.407797     8.2722    4.68550     56.516    32.7852    25.4956 0.0000e+00
 171.489534     58.000  34.442659     8.2452    4.51452     57.508    32.8469    25.5481 0.0000e+00
 171.489546     59.000  34.465520     8.2096    4.39398     58.499    32.9040    25.5981 0.0000e+00
 171.489557     60.000  34.492016     8.1875    4.32737     59.491    32.9523    25.6393 0.0000e+00
 171.489570     61.000  34.509138     8.1691    4.26490     60.482    32.9874    25.6695 0.0000e+00
 171.489582     62.000  34.531827     8.1512    4.19063     61.473    33.0278    25.7039 0.0000e+00
 171.489593     63.000  34.546532     8.1434    4.12829     62.465    33.0503    25.7227 0.0000e+00
 171.489605     64.000  34.560553     8.1360    4.07211     63.456    33.0716    25.7406 0.0000e+00
 171.489616     65.000  34.572420     8.1287    4.02333     64.447    33.0907    25.7566 0.0000e+00
 171.489629     66.000  34.583315     8.1231    3.96234     65.439    33.1071    25.7704 0.0000e+00
 171.489641     67.000  34.592938     8.1150    3.78098     66.430    33.1245    25.7852 0.0000e+00
 171.489654     68.000  34.620912     8.0949    3.54322     67.421    33.1728    25.8261 0.0000e+00
 171.489666     69.000  34.662979     8.0646    3.25041     68.413    33.2460    25.8879 0.0000e+00
 171.489679     70.000  34.742083     8.0037    2.98711     69.404    33.3877    26.0082 0.0000e+00
 171.489693     71.000  34.838743     7.9646    2.89343     70.395    33.5280    26.1241 0.0000e+00
 171.489708     72.000  34.856801     7.9586    2.71801     71.387    33.5526    26.1443 0.0000e+00
 171.489722     73.000  34.890899     7.9137    2.51957     72.378    33.6318    26.2130 0.0000e+00
 171.489735     74.000  34.928863     7.8770    2.40951     73.369    33.7074    26.2778 0.0000e+00
 171.489748     75.000  34.950847     7.8561    2.36619     74.361    33.7506    26.3149 0.0000e+00
 171.489762     76.000  34.957537     7.8456    2.33902     75.352    33.7674    26.3295 0.0000e+00
 171.489776     77.000  34.960622     7.8393    2.32336     76.343    33.7764    26.3376 0.0000e+00
 171.489791     78.000  34.963133     7.8386    2.32795     77.334    33.7793    26.3399 0.0000e+00
 171.489811     79.000  34.964412     7.8378    2.31558     78.326    33.7809    26.3414 0.0000e+00
 171.489835     80.000  34.963034     7.8347    2.29330     79.317    33.7820    26.3427 0.0000e+00
