data/oxygen options/OCNMS/OCNMS2/raw_data/2006/CTD_TH030_071806faedb.cnv
* Sea-Bird SBE19 Data File:
* FileName = C:\Hypoxia Data\CTD_TH030_071806.hex
* Software Version 1.1.8
* Temperature SN = 2997
* Conductivity SN = 2997
* System UpLoad Time = Jul 18 2006 15:20:52
* SEACAT PROFILER V3.1c SN 2997   07/18/06  15:19:54.034
* strain gauge pressure sensor: S/N = 184829,  range = 3000 psia,  tc = 40
# nquan = 9
# nvalues = 30                          
# units = specified
# name 0 = timeJ: Julian Days
# name 1 = prSM: Pressure, Strain Gauge [db]
# name 2 = c0mS/cm: Conductivity [mS/cm]
# name 3 = t090C: Temperature [ITS-90, deg C]
# name 4 = oxML/L: Oxygen, Beckman/YSI [ml/l]
# name 5 = depSM: Depth [salt water, m], lat = 47.5
# name 6 = sal00: Salinity, Practical [PSU]
# name 7 = sigma-é00: Density [sigma-theta, kg/m^3]
# name 8 = flag: flag
# span 0 = 199.634657, 201.247144       
# span 1 =      1.000,     31.000       
# span 2 =  -4.208737,  37.375628       
# span 3 =     8.0901,    13.5784       
# span 4 =   -0.05999,    5.51645       
# span 5 =      0.992,     30.739       
# span 6 =    -5.6292,    33.3614       
# span 7 =    -5.0459,    25.9742       
# span 8 = 0.0000e+00, 0.0000e+00       
# interval = decibars: 1                
# start_time = Jul 18 2006 15:07:02 [Instrument's time stamp, header]
# bad_flag = -9.990e-29
*END*
 199.634657      1.000  -4.208737    13.5784   -0.05994      0.992    -5.6292    -5.0459 0.0000e+00
 199.634687      2.000  36.519810    12.4025   -0.05999      1.983    31.1281    23.5026 0.0000e+00
 201.247144      4.000  37.375628    11.9934    5.51645      3.967    32.5097    24.6701 0.0000e+00
 199.637187      5.000  36.942328    11.6586    5.18401      4.958    32.3263    24.5762 0.0000e+00
 199.637199      6.000  36.775854    11.3961    5.00167      5.950    32.3929    24.6755 0.0000e+00
 199.637211      7.000  36.589004    11.0936    4.71383      6.942    32.4751    24.7934 0.0000e+00
 199.637223      8.000  36.361567    10.7514    4.48851      7.933    32.5526    24.9137 0.0000e+00
 199.637235      9.000  36.100711    10.4142    4.33553      8.924    32.5926    25.0030 0.0000e+00
 199.637247     10.000  35.837879     9.9215    4.20414      9.916    32.7714    25.2251 0.0000e+00
 199.637259     11.000  35.578772     9.5383    4.15245     10.908    32.8558    25.3539 0.0000e+00
 199.637270     12.000  35.472001     9.3820    4.08245     11.900    32.8889    25.4051 0.0000e+00
 199.637281     13.000  35.418797     9.2868    3.95822     12.891    32.9213    25.4457 0.0000e+00
 199.637292     14.000  35.351489     9.1712    3.79068     13.883    32.9579    25.4926 0.0000e+00
 199.637304     15.000  35.256027     8.9983    3.64295     14.874    33.0186    25.5673 0.0000e+00
 199.637317     16.000  35.089837     8.7152    3.52210     15.866    33.1085    25.6815 0.0000e+00
 199.637328     17.000  34.913804     8.4213    3.47141     16.857    33.1988    25.7972 0.0000e+00
 199.637341     18.000  34.804295     8.2802    3.48370     17.849    33.2157    25.8315 0.0000e+00
 199.637353     19.000  34.768714     8.2307    3.49419     18.841    33.2242    25.8457 0.0000e+00
 199.637365     20.000  34.754533     8.1896    3.50379     19.832    33.2477    25.8701 0.0000e+00
 199.637378     21.000  34.749376     8.1666    3.51677     20.824    33.2635    25.8860 0.0000e+00
 199.637390     22.000  34.747893     8.1601    3.50661     21.815    33.2677    25.8902 0.0000e+00
 199.637403     23.000  34.746129     8.1550    3.50939     22.807    33.2702    25.8930 0.0000e+00
 199.637415     24.000  34.746385     8.1542    3.49880     23.798    33.2707    25.8935 0.0000e+00
 199.637429     25.000  34.748049     8.1454    3.47743     24.790    33.2804    25.9024 0.0000e+00
 199.637440     26.000  34.751166     8.1355    3.46035     25.781    33.2926    25.9135 0.0000e+00
 199.637453     27.000  34.754219     8.1288    3.43866     26.773    33.3018    25.9217 0.0000e+00
 199.637466     28.000  34.757473     8.1162    3.39833     27.765    33.3167    25.9353 0.0000e+00
 199.637479     29.000  34.764227     8.1019    3.37354     28.756    33.3370    25.9534 0.0000e+00
 199.637493     30.000  34.772211     8.0953    3.35736     29.747    33.3514    25.9656 0.0000e+00
 199.637513     31.000  34.777361     8.0901    3.34943     30.739    33.3614    25.9742 0.0000e+00
