data/oxygen options/OCNMS/OCNMS2/raw_data/2006/CTD_TH080_070606faed.cnv
* Sea-Bird SBE19 Data File:
* FileName = C:\Hypoxia_Data_2006\CTD_TH080_070606.hex
* Software Version 1.1.6
* Temperature SN = 2997
* Conductivity SN = 2997
* System UpLoad Time = Jul 06 2006 15:47:21
* SEACAT PROFILER V3.1c SN 2997   07/06/06  15:46:44.274
* strain gauge pressure sensor: S/N = 184829,  range = 3000 psia,  tc = 40
# nquan = 9                                 
# nvalues = 744                         
# units = specified
# name 0 = timeJ: Julian Days
# name 1 = prSM: Pressure, Strain Gauge [db]
# name 2 = c0mS/cm: Conductivity [mS/cm]
# name 3 = t090C: Temperature [ITS-90, deg C]
# name 4 = oxML/L: Oxygen, Beckman/YSI [ml/l]
# name 5 = depSM: Depth [salt water, m], lat = 47.5
# name 6 = sal00: Salinity, Practical [PSU]
# name 7 = sigma-é00: Density [sigma-theta, kg/m^3]
# name 8 = flag: flag
# span 0 = 187.652211, 187.656510       
# span 1 =     -4.698,     79.856       
# span 2 =   2.216212,  37.510447       
# span 3 =     7.4548,    14.6264       
# span 4 =   -0.05946,   34.80462       
# span 5 =     -4.659,     79.174       
# span 6 =     1.4442,    33.8798       
# span 7 =     0.2818,    26.4710       
# span 8 = 0.0000e+00, 0.0000e+00       
# interval = seconds: 0.5
# start_time = Jul 06 2006 15:39:11 [Instrument's time stamp, header]
# bad_flag = -9.990e-29
*END*
[from data line 481]
 187.654994     54.403  34.616349     7.8591    3.58078     53.942    33.3987    26.0377 0.0000e+00
 187.655000     54.897  34.623838     7.8476    3.53680     54.432    33.4175    26.0541 0.0000e+00
 187.655006     55.393  34.630334     7.8351    3.49092     54.923    33.4363    26.0706 0.0000e+00
 187.655012     55.887  34.637184     7.8205    3.42417     55.413    33.4574    26.0893 0.0000e+00
 187.655017     56.378  34.642842     7.8026    3.34856     55.900    33.4804    26.1100 0.0000e+00
 187.655023     56.862  34.646987     7.7810    3.27877     56.380    33.5054    26.1328 0.0000e+00
 187.655029     57.340  34.650647     7.7582    3.20064     56.854    33.5310    26.1562 0.0000e+00
 187.655035     57.821  34.655326     7.7343    3.13499     57.330    33.5588    26.1815 0.0000e+00
 187.655041     58.310  34.662767     7.7071    3.07183     57.815    33.5928    26.2121 0.0000e+00
 187.655046     58.799  34.672790     7.6761    3.01800     58.300    33.6333    26.2484 0.0000e+00
 187.655052     59.281  34.683613     7.6469    2.99105     58.778    33.6730    26.2838 0.0000e+00
 187.655058     59.752  34.692834     7.6289    2.96569     59.245    33.7001    26.3077 0.0000e+00
 187.655064     60.209  34.698719     7.6253    2.92863     59.698    33.7098    26.3158 0.0000e+00
 187.655069     60.653  34.699572     7.6264    2.89108     60.138    33.7094    26.3154 0.0000e+00
 187.655075     61.102  34.698208     7.6159    2.83689     60.583    33.7179    26.3236 0.0000e+00
 187.655081     61.566  34.701217     7.5940    2.79154     61.043    33.7422    26.3458 0.0000e+00
 187.655087     62.041  34.707005     7.5749    2.74951     61.514    33.7667    26.3679 0.0000e+00
 187.655093     62.513  34.710385     7.5629    2.71544     61.982    33.7818    26.3814 0.0000e+00
 187.655098     62.980  34.710809     7.5538    2.66649     62.445    33.7909    26.3899 0.0000e+00
 187.655104     63.448  34.709957     7.5442    2.61807     62.909    33.7991    26.3977 0.0000e+00
 187.655110     63.927  34.708932     7.5320    2.56990     63.384    33.8097    26.4077 0.0000e+00
 187.655116     64.416  34.705803     7.5146    2.53961     63.868    33.8230    26.4207 0.0000e+00
 187.655122     64.909  34.699196     7.4932    2.51163     64.357    33.8365    26.4343 0.0000e+00
 187.655127     65.394  34.692635     7.4743    2.49523     64.838    33.8475    26.4457 0.0000e+00
 187.655133     65.867  34.689703     7.4622    2.48837     65.307    33.8559    26.4541 0.0000e+00
 187.655139     66.329  34.689847     7.4565    2.47730     65.765    33.8614    26.4592 0.0000e+00
 187.655145     66.779  34.691569     7.4548    2.48515     66.211    33.8648    26.4621 0.0000e+00
 187.655150     67.229  34.694356     7.4552    2.49666     66.657    33.8672    26.4639 0.0000e+00
 187.655156     67.685  34.697998     7.4564    2.50526     67.109    33.8697    26.4658 0.0000e+00
 187.655162     68.139  34.701738     7.4581    2.50014     67.559    33.8719    26.4672 0.0000e+00
 187.655168     68.585  34.704952     7.4603    2.50125     68.001    33.8730    26.4678 0.0000e+00
 187.655174     69.029  34.708557     7.4629    2.50241     68.441    33.8742    26.4684 0.0000e+00
 187.655179     69.475  34.712872     7.4655    2.49616     68.884    33.8761    26.4695 0.0000e+00
 187.655185     69.912  34.716358     7.4675    2.49743     69.317    33.8777    26.4705 0.0000e+00
 187.655191     70.334  34.718051     7.4689    2.50246     69.735    33.8780    26.4705 0.0000e+00
 187.655197     70.746  34.718523     7.4696    2.50095     70.144    33.8776    26.4701 0.0000e+00
 187.655203     71.162  34.718963     7.4698    2.51003     70.556    33.8777    26.4702 0.0000e+00
 187.655208     71.595  34.719955     7.4705    2.51434     70.985    33.8779    26.4702 0.0000e+00
 187.655214     72.047  34.721136     7.4718    2.50716     71.433    33.8777    26.4699 0.0000e+00
 187.655220     72.509  34.722397     7.4732    2.50941     71.891    33.8774    26.4695 0.0000e+00
 187.655226     72.966  34.723732     7.4742    2.51009     72.344    33.8777    26.4696 0.0000e+00
 187.655231     73.414  34.724674     7.4748    2.51251     72.788    33.8779    26.4697 0.0000e+00
 187.655237     73.855  34.725355     7.4749    2.51622     73.226    33.8783    26.4700 0.0000e+00
 187.655243     74.288  34.726118     7.4748    2.50736     73.655    33.8791    26.4706 0.0000e+00
 187.655249     74.706  34.726858     7.4749    2.50539     74.069    33.8796    26.4710 0.0000e+00
 187.655255     75.105  34.727437     7.4752    2.50549     74.465    33.8797    26.4710 0.0000e+00
 187.655260     75.489  34.727501     7.4752    2.49885     74.845    33.8796    26.4710 0.0000e+00
 187.655266     75.871  34.727134     7.4751    2.49217     75.224    33.8791    26.4706 0.0000e+00
 187.655272     76.261  34.726966     7.4754    2.49922     75.611    33.8784    26.4700 0.0000e+00
 187.655278     76.658  34.727330     7.4757    2.50347     76.004    33.8783    26.4699 0.0000e+00
 187.655284     77.055  34.728147     7.4758    2.50986     76.398    33.8789    26.4704 0.0000e+00
 187.655289     77.440  34.728823     7.4759    2.50273     76.779    33.8794    26.4707 0.0000e+00
 187.655295     77.810  34.729133     7.4760    2.48709     77.146    33.8795    26.4708 0.0000e+00
 187.655301     78.166  34.729486     7.4762    2.48407     77.499    33.8795    26.4708 0.0000e+00
 187.655307     78.509  34.729790     7.4765    2.48655     77.839    33.8793    26.4706 0.0000e+00
 187.655313     78.836  34.729887     7.4765    2.48328     78.163    33.8793    26.4706 0.0000e+00
 187.655318     79.138  34.729903     7.4763    2.47578     78.462    33.8794    26.4707 0.0000e+00
 187.655324     79.399  34.729859     7.4764    2.48249     78.721    33.8791    26.4704 0.0000e+00
 187.655330     79.606  34.729691     7.4769    2.48631     78.926    33.8783    26.4698 0.0000e+00
 187.655336     79.750  34.729172     7.4776    2.49250     79.069    33.8770    26.4686 -9.990e-29
 187.655341     79.834  34.727608     7.4783    2.49407     79.152    33.8746    26.4666 -9.990e-29
 187.655347     79.856  34.724033     7.4785    2.49884     79.174    33.8705    26.4634 -9.990e-29
 187.655353     79.807  34.722089     7.4785    2.49128     79.126    33.8684    26.4618 -9.990e-29
 187.655359     79.682  34.725353     7.4784    2.48950     79.002    33.8721    26.4647 0.0000e+00
 187.655365     79.505  34.729202     7.4783    2.48733     78.826    33.8765    26.4681 0.0000e+00
 187.655370     79.297  34.730358     7.4781    2.48455     78.620    33.8780    26.4694 0.0000e+00
 187.655376     79.067  34.730362     7.4781    2.47916     78.392    33.8781    26.4694 0.0000e+00
 187.655382     78.818  34.730343     7.4781    2.47632     78.145    33.8782    26.4695 0.0000e+00
 187.655388     78.547  34.730276     7.4782    2.48500     77.877    33.8782    26.4695 0.0000e+00
 187.655394     78.245  34.730070     7.4786    2.48910     77.577    33.8777    26.4690 0.0000e+00
 187.655399     77.901  34.730573     7.4791    2.49393     77.236    33.8779    26.4691 0.0000e+00
 187.655405     77.514  34.731333     7.4789    2.49231     76.853    33.8792    26.4701 0.0000e+00
 187.655411     77.104  34.731121     7.4782    2.48857     76.446    33.8798    26.4707 0.0000e+00
 187.655417     76.690  34.730215     7.4777    2.48870     76.036    33.8795    26.4706 0.0000e+00
 187.655422     76.286  34.729093     7.4775    2.48914     75.635    33.8787    26.4699 0.0000e+00
 187.655428     75.891  34.727944     7.4774    2.48013     75.244    33.8777    26.4692 0.0000e+00
 187.655434     75.497  34.727478     7.4776    2.47840     74.853    33.8772    26.4688 0.0000e+00
 187.655440     75.096  34.727635     7.4778    2.47842     74.456    33.8774    26.4689 0.0000e+00
 187.655446     74.688  34.727504     7.4777    2.48026     74.051    33.8775    26.4690 0.0000e+00
 187.655451     74.287  34.726911     7.4773    2.49320     73.654    33.8775    26.4690 0.0000e+00
 187.655457     73.896  34.726187     7.4769    2.49598     73.266    33.8773    26.4689 0.0000e+00
 187.655463     73.503  34.725489     7.4767    2.49596     72.877    33.8769    26.4686 0.0000e+00
 187.655469     73.097  34.725009     7.4767    2.48426     72.474    33.8766    26.4683 0.0000e+00
 187.655475     72.676  34.724669     7.4764    2.47749     72.057    33.8767    26.4685 0.0000e+00
 187.655480     72.254  34.724015     7.4757    2.46844     71.638    33.8769    26.4687 0.0000e+00
 187.655486     71.837  34.722736     7.4750    2.45898     71.225    33.8764    26.4684 0.0000e+00
 187.655492     71.424  34.721373     7.4746    2.46165     70.816    33.8755    26.4678 0.0000e+00
 187.655498     71.011  34.720911     7.4746    2.47277     70.406    33.8752    26.4675 0.0000e+00
 187.655503     70.589  34.721296     7.4745    2.49029     69.988    33.8759    26.4681 0.0000e+00
 187.655509     70.160  34.721360     7.4737    2.48750     69.563    33.8770    26.4690 0.0000e+00
 187.655515     69.736  34.720067     7.4724    2.48357     69.142    33.8770    26.4693 0.0000e+00
 187.655521     69.315  34.717938     7.4713    2.46764     68.725    33.8760    26.4686 0.0000e+00
 187.655527     68.888  34.716621     7.4707    2.45389     68.302    33.8754    26.4682 0.0000e+00
 187.655532     68.454  34.716041     7.4695    2.45620     67.871    33.8761    26.4690 0.0000e+00
 187.655538     68.023  34.714306     7.4676    2.44831     67.444    33.8763    26.4694 0.0000e+00
 187.655544     67.603  34.711348     7.4657    2.45250     67.028    33.8752    26.4687 0.0000e+00
 187.655550     67.191  34.708270     7.4643    2.46555     66.619    33.8734    26.4675 0.0000e+00
 187.655556     66.788  34.706014     7.4637    2.46988     66.220    33.8717    26.4663 0.0000e+00
 187.655561     66.385  34.705500     7.4638    2.47338     65.820    33.8713    26.4659 0.0000e+00
 187.655567     65.966  34.705479     7.4639    2.46916     65.405    33.8713    26.4660 0.0000e+00
 187.655573     65.520  34.704240     7.4639    2.47344     64.963    33.8702    26.4651 0.0000e+00
 187.655579     65.053  34.700695     7.4661    2.49459     64.500    33.8645    26.4602 0.0000e+00
 187.655584     64.579  34.694604     7.4717    2.51768     64.030    33.8526    26.4501 0.0000e+00
 187.655590     64.110  34.688502     7.4787    2.53818     63.565    33.8394    26.4387 0.0000e+00
 187.655596     63.656  34.684910     7.4851    2.57149     63.115    33.8295    26.4300 0.0000e+00
 187.655602     63.212  34.684087     7.4909    2.60464     62.675    33.8231    26.4242 0.0000e+00
 187.655608     62.767  34.684939     7.4983    2.62759     62.234    33.8171    26.4183 0.0000e+00
 187.655613     62.320  34.686360     7.5114    2.65227     61.791    33.8061    26.4078 0.0000e+00
 187.655619     61.875  34.688563     7.5285    2.67196     61.349    33.7920    26.3943 0.0000e+00
 187.655625     61.435  34.691683     7.5417    2.69396     60.913    33.7828    26.3852 0.0000e+00
 187.655631     61.005  34.694836     7.5485    2.71870     60.487    33.7798    26.3818 0.0000e+00
 187.655637     60.594  34.697184     7.5521    2.74915     60.079    33.7790    26.3807 0.0000e+00
 187.655642     60.190  34.698498     7.5546    2.79070     59.679    33.7782    26.3797 0.0000e+00
 187.655648     59.783  34.698846     7.5582    2.83174     59.275    33.7752    26.3769 0.0000e+00
 187.655654     59.367  34.698134     7.5678    2.88018     58.863    33.7653    26.3677 0.0000e+00
 187.655660     58.942  34.695972     7.5867    2.92429     58.442    33.7449    26.3489 0.0000e+00
 187.655666     58.506  34.691721     7.6106    2.96626     58.009    33.7173    26.3238 0.0000e+00
 187.655671     58.065  34.685884     7.6307    2.99629     57.572    33.6917    26.3008 0.0000e+00
 187.655677     57.631  34.680217     7.6421    3.02114     57.142    33.6747    26.2859 0.0000e+00
 187.655683     57.205  34.676141     7.6466    3.08253     56.720    33.6662    26.2785 0.0000e+00
 187.655689     56.782  34.674395     7.6504    3.14431     56.300    33.6608    26.2737 0.0000e+00
 187.655694     56.348  34.673214     7.6633    3.21560     55.870    33.6473    26.2612 0.0000e+00
 187.655700     55.892  34.669341     7.6900    3.28242     55.418    33.6175    26.2340 0.0000e+00
 187.655706     55.420  34.662099     7.7234    3.33386     54.950    33.5777    26.1979 0.0000e+00
 187.655712     54.944  34.652864     7.7520    3.38060     54.478    33.5405    26.1645 0.0000e+00
 187.655718     54.473  34.643352     7.7698    3.42963     54.011    33.5133    26.1406 0.0000e+00
 187.655723     54.010  34.635855     7.7793    3.47095     53.552    33.4964    26.1259 0.0000e+00
 187.655729     53.557  34.631617     7.7852    3.51016     53.103    33.4864    26.1172 0.0000e+00
 187.655735     53.107  34.628751     7.7936    3.54288     52.657    33.4754    26.1074 0.0000e+00
 187.655741     52.651  34.624577     7.8097    3.57294     52.205    33.4557    26.0896 0.0000e+00
 187.655747     52.191  34.618038     7.8312    3.61421     51.749    33.4283    26.0649 0.0000e+00
 187.655752     51.736  34.610528     7.8487    3.64312     51.298    33.4037    26.0431 0.0000e+00
 187.655758     51.295  34.604395     7.8579    3.67056     50.861    33.3886    26.0298 0.0000e+00
 187.655764     50.871  34.599896     7.8622    3.71460     50.440    33.3798    26.0223 0.0000e+00
 187.655770     50.459  34.596666     7.8656    3.74460     50.032    33.3733    26.0167 0.0000e+00
 187.655775     50.043  34.593783     7.8734    3.78912     49.619    33.3630    26.0074 0.0000e+00
 187.655781     49.617  34.589103     7.8886    3.83203     49.197    33.3436    25.9900 0.0000e+00
 187.655787     49.181  34.583135     7.9062    3.87885     48.765    33.3206    25.9694 0.0000e+00
 187.655793     48.743  34.576916     7.9206    3.94069     48.330    33.3005    25.9515 0.0000e+00
 187.655799     48.301  34.570027     7.9334    3.97162     47.892    33.2811    25.9344 0.0000e+00
 187.655804     47.848  34.564522     7.9476    4.01815     47.443    33.2619    25.9173 0.0000e+00
 187.655810     47.389  34.561493     7.9625    4.05392     46.988    33.2447    25.9016 0.0000e+00
 187.655816     46.933  34.559166     7.9744    4.08371     46.536    33.2311    25.8892 0.0000e+00
 187.655822     46.487  34.556145     7.9818    4.11491     46.094    33.2211    25.8802 0.0000e+00
 187.655828     46.050  34.552910     7.9866    4.15986     45.661    33.2133    25.8734 0.0000e+00
 187.655833     45.618  34.548535     7.9914    4.21494     45.232    33.2043    25.8656 0.0000e+00
 187.655839     45.180  34.534962     7.9994    4.28756     44.798    33.1824    25.8473 0.0000e+00
 187.655845     44.729  34.496357     8.0143    4.34919     44.351    33.1273    25.8018 0.0000e+00
 187.655851     44.267  34.392482     8.0353    4.40357     43.893    32.9970    25.6964 0.0000e+00
 187.655856     43.798  34.308589     8.0571    4.45642     43.428    32.8873    25.6072 0.0000e+00
 187.655862     43.327  34.362743     8.0742    4.48799     42.961    32.9291    25.6375 0.0000e+00
 187.655868     42.862  34.442136     8.0852    4.51965     42.500    33.0035    25.6942 0.0000e+00
 187.655874     42.413  34.460882     8.0913    4.55709     42.055    33.0179    25.7046 0.0000e+00
 187.655880     41.976  34.461380     8.0947    4.59131     41.621    33.0154    25.7022 0.0000e+00
 187.655885     41.541  34.458898     8.0998    4.62334     41.190    33.0082    25.6958 0.0000e+00
 187.655891     41.102  34.451828     8.1100    4.67032     40.755    32.9912    25.6810 0.0000e+00
 187.655897     40.660  34.436929     8.1230    4.71537     40.317    32.9634    25.6572 0.0000e+00
 187.655903     40.218  34.414544     8.1353    4.75680     39.878    32.9282    25.6278 0.0000e+00
 187.655909     39.772  34.381764     8.1477    4.79450     39.436    32.8820    25.5897 0.0000e+00
