data/oxygen options/OCNMS/OCNMS2/raw_data/2006/CTD_TH040_080306faedb.cnv
* Sea-Bird SBE19 Data File:
* FileName = C:\Hypoxia_Data_2006\CTD_TH040_080306.hex
* Software Version 1.1.6
* Temperature SN = 2997
* Conductivity SN = 2997
* System UpLoad Time = Aug 03 2006 11:19:05
* SEACAT PROFILER V3.1c SN 2997   08/03/06  11:18:14.764
* strain gauge pressure sensor: S/N = 184829,  range = 3000 psia,  tc = 40
# nquan = 9
# nvalues = 39                          
# units = specified
# name 0 = timeJ: Julian Days
# name 1 = prSM: Pressure, Strain Gauge [db]
# name 2 = c0mS/cm: Conductivity [mS/cm]
# name 3 = t090C: Temperature [ITS-90, deg C]
# name 4 = oxML/L: Oxygen, Beckman/YSI [ml/l]
# name 5 = depSM: Depth [salt water, m], lat = 47.5
# name 6 = sal00: Salinity, Practical [PSU]
# name 7 = sigma-é00: Density [sigma-theta, kg/m^3]
# name 8 = flag: flag
# span 0 = 211.320965, 215.463017       
# span 1 =      3.000,     42.000       
# span 2 =  33.998379,  36.855370       
# span 3 =     7.7041,    11.3437       
# span 4 =    2.59966,    4.61261       
# span 5 =      2.975,     41.645       
# span 6 =    32.5179,    33.6329       
# span 7 =    24.7821,    26.2438       
# span 8 = 0.0000e+00, 0.0000e+00       
# interval = decibars: 1                
# start_time = Aug 03 2006 10:58:51 [Instrument's time stamp, header]
# bad_flag = -9.990e-29
*END*
 215.460285      3.000  36.855370    11.3437    4.61261      2.975    32.5179    24.7821 0.0000e+00
 215.460308      4.000  36.159588    10.4296    3.82205      3.966    32.6402    25.0374 0.0000e+00
 215.460323      5.000  35.713365     9.7890    3.67569      4.958    32.7671    25.2435 0.0000e+00
 215.460337      6.000  35.436441     9.4159    3.70910      5.950    32.8239    25.3486 0.0000e+00
 215.460349      7.000  35.253189     9.1530    3.96087      6.942    32.8760    25.4313 0.0000e+00
 215.460363      8.000  35.050244     8.8945    4.01714      7.933    32.9038    25.4935 0.0000e+00
 215.460382      9.000  35.009233     8.8222    3.84419      8.925    32.9276    25.5234 0.0000e+00
 211.320965     11.000  33.998379     7.9721    3.65820     10.908    32.5759    25.3560 0.0000e+00
 215.460953     12.000  34.620538     8.0556    3.72626     11.900    33.2359    25.8806 0.0000e+00
 215.460970     13.000  34.578100     8.0010    3.71601     12.891    33.2420    25.8934 0.0000e+00
 215.460987     14.000  34.562119     7.9758    3.71090     13.883    33.2485    25.9021 0.0000e+00
 215.461006     15.000  34.566526     7.9716    3.68310     14.874    33.2567    25.9092 0.0000e+00
 215.461508     16.000  34.570406     7.9529    3.58849     15.866    33.2782    25.9288 0.0000e+00
 215.461729     17.000  34.572993     7.9431    3.50330     16.858    33.2898    25.9393 0.0000e+00
 215.461749     18.000  34.580874     7.9346    3.32805     17.849    33.3058    25.9532 0.0000e+00
 215.461767     19.000  34.619752     7.9272    3.17170     18.840    33.3540    25.9922 0.0000e+00
 215.461790     20.000  34.672026     7.9251    3.14266     19.832    33.4115    26.0377 0.0000e+00
 215.462082     21.000  34.677173     7.9167    2.98469     20.824    33.4246    26.0491 0.0000e+00
 215.462168     22.000  34.691401     7.8897    2.76402     21.815    33.4652    26.0850 0.0000e+00
 215.462182     23.000  34.706406     7.8161    2.67380     22.807    33.5515    26.1635 0.0000e+00
 215.462195     24.000  34.703604     7.7626    2.63759     23.798    33.5996    26.2091 0.0000e+00
 215.462208     25.000  34.698100     7.7371    2.64142     24.790    33.6178    26.2270 0.0000e+00
 215.462221     26.000  34.694727     7.7288    2.63548     25.781    33.6217    26.2313 0.0000e+00
 215.462234     27.000  34.694468     7.7270    2.63479     26.773    33.6226    26.2323 0.0000e+00
 215.462246     28.000  34.693232     7.7227    2.63371     27.764    33.6250    26.2348 0.0000e+00
 215.462262     29.000  34.691517     7.7187    2.63063     28.756    33.6266    26.2366 0.0000e+00
 215.462284     30.000  34.692453     7.7174    2.62822     29.747    33.6283    26.2382 0.0000e+00
 215.462720     31.000  34.691195     7.7187    2.61899     30.739    33.6253    26.2356 0.0000e+00
 215.462865     32.000  34.689715     7.7162    2.61728     31.730    33.6256    26.2363 0.0000e+00
 215.462879     33.000  34.689094     7.7125    2.60962     32.722    33.6280    26.2386 0.0000e+00
 215.462892     34.000  34.689061     7.7104    2.61537     33.714    33.6296    26.2402 0.0000e+00
 215.462906     35.000  34.689141     7.7100    2.61052     34.705    33.6295    26.2403 0.0000e+00
 215.462920     36.000  34.689664     7.7105    2.60172     35.697    33.6291    26.2399 0.0000e+00
 215.462934     37.000  34.689731     7.7079    2.60997     36.688    33.6312    26.2419 0.0000e+00
 215.462947     38.000  34.689475     7.7065    2.60726     37.679    33.6319    26.2427 0.0000e+00
 215.462961     39.000  34.689528     7.7051    2.59966     38.671    33.6327    26.2436 0.0000e+00
 215.462976     40.000  34.688761     7.7041    2.61097     39.662    33.6324    26.2435 0.0000e+00
 215.462995     41.000  34.689760     7.7043    2.59997     40.654    33.6329    26.2438 0.0000e+00
 215.463017     42.000  34.689278     7.7041    2.59970     41.645    33.6321    26.2432 0.0000e+00
