data/oxygen options/OCNMS/OCNMS2/raw_data/2006/CTD_TH100_060706faedb.cnv
* Sea-Bird SBE19 Data File:
* FileName = C:\Hypoxia_Data_2006\CTD_TH100_060706.hex
* Software Version 1.1.6
* Temperature SN = 2997
* Conductivity SN = 2997
* System UpLoad Time = Jun 07 2006 10:20:02
* SEACAT PROFILER V3.1c SN 2997   06/07/06  10:18:41.903
* strain gauge pressure sensor: S/N = 184829,  range = 3000 psia,  tc = 40
# nquan = 9
# nvalues = 101                         
# units = specified
# name 0 = timeJ: Julian Days
# name 1 = prSM: Pressure, Strain Gauge [db]
# name 2 = c0mS/cm: Conductivity [mS/cm]
# name 3 = t090C: Temperature [ITS-90, deg C]
# name 4 = oxML/L: Oxygen, Beckman/YSI [ml/l]
# name 5 = depSM: Depth [salt water, m], lat = 47.5
# name 6 = sal00: Salinity, Practical [PSU]
# name 7 = sigma-é00: Density [sigma-theta, kg/m^3]
# name 8 = flag: flag
# span 0 = 158.426131, 158.427468       
# span 1 =      1.000,    101.000       
# span 2 =  32.942239,  37.073197       
# span 3 =     7.7832,    15.3338       
# span 4 =    1.45882,    6.26207       
# span 5 =      0.992,    100.133       
# span 6 =    25.8593,    33.7866       
# span 7 =    18.8699,    26.3540       
# span 8 = 0.0000e+00, 0.0000e+00       
# interval = decibars: 1                
# start_time = Jun 07 2006 10:10:13 [Instrument's time stamp, header]
# bad_flag = -9.990e-29
*END*
 158.426131      1.000  32.942239    15.3338    6.02926      0.992    25.8593    18.8699 0.0000e+00
 158.426155      2.000  33.262917    15.0233    5.90520      1.983    26.3463    19.3075 0.0000e+00
 158.426168      3.000  34.862677    14.2640    5.94659      2.975    28.3052    20.9678 0.0000e+00
 158.426181      4.000  35.858668    13.7076    5.97054      3.967    29.6264    22.0969 0.0000e+00
 158.426192      5.000  36.175117    13.3536    6.01896      4.958    30.1891    22.6008 0.0000e+00
 158.426204      6.000  36.234618    13.2204    6.07105      5.950    30.3498    22.7509 0.0000e+00
 158.426214      7.000  36.318971    13.2026    6.14891      6.942    30.4422    22.8258 0.0000e+00
 158.426225      8.000  36.370718    13.2082    6.20909      7.933    30.4855    22.8583 0.0000e+00
 158.426236      9.000  36.491529    13.2408    6.25018      8.925    30.5715    22.9184 0.0000e+00
 158.426246     10.000  36.685365    13.2770    6.26207      9.916    30.7224    23.0279 0.0000e+00
 158.426258     11.000  36.843322    13.2891    6.24146     10.908    30.8593    23.1314 0.0000e+00
 158.426269     12.000  36.934424    13.2810    6.22760     11.900    30.9503    23.2034 0.0000e+00
 158.426281     13.000  36.980742    13.2548    6.20256     12.891    31.0144    23.2581 0.0000e+00
 158.426292     14.000  37.006782    13.2182    6.15649     13.883    31.0682    23.3068 0.0000e+00
 158.426303     15.000  37.024211    13.1698    6.12887     14.874    31.1237    23.3593 0.0000e+00
 158.426314     16.000  37.049586    13.0923    6.09415     15.866    31.2107    23.4416 0.0000e+00
 158.426325     17.000  37.073197    12.9847    6.05676     16.858    31.3211    23.5478 0.0000e+00
 158.426336     18.000  37.031717    12.8558    6.07019     17.849    31.3884    23.6249 0.0000e+00
 158.426347     19.000  36.958198    12.7338    5.95990     18.840    31.4199    23.6728 0.0000e+00
 158.426359     20.000  36.838602    12.5608    5.81718     19.833    31.4507    23.7296 0.0000e+00
 158.426372     21.000  36.752299    12.3783    5.80215     20.824    31.5209    23.8185 0.0000e+00
 158.426382     22.000  36.670169    12.1436    5.90420     21.815    31.6398    23.9545 0.0000e+00
 158.426394     23.000  36.492294    11.8595    6.07964     22.807    31.7093    24.0610 0.0000e+00
 158.426405     24.000  36.335775    11.6431    6.06471     23.798    31.7421    24.1259 0.0000e+00
 158.426418     25.000  36.231600    11.4775    5.97983     24.790    31.7824    24.1870 0.0000e+00
 158.426430     26.000  36.152934    11.3315    5.85036     25.781    31.8308    24.2507 0.0000e+00
 158.426441     27.000  36.034967    11.1366    5.82581     26.773    31.8830    24.3258 0.0000e+00
 158.426453     28.000  35.875703    10.8890    5.87459     27.764    31.9407    24.4140 0.0000e+00
 158.426464     29.000  35.689624    10.6286    5.86146     28.756    31.9831    24.4920 0.0000e+00
 158.426475     30.000  35.486739    10.4302    5.79814     29.747    31.9542    24.5033 0.0000e+00
 158.426486     31.000  35.396807    10.3196    5.74971     30.739    31.9609    24.5272 0.0000e+00
 158.426498     32.000  35.344712    10.1908    5.66442     31.730    32.0216    24.5961 0.0000e+00
 158.426509     33.000  35.245839    10.0555    5.54666     32.722    32.0412    24.6338 0.0000e+00
 158.426520     34.000  35.170157     9.9754    5.38998     33.713    32.0352    24.6424 0.0000e+00
 158.426533     35.000  35.095587     9.8607    5.15653     34.705    32.0611    24.6815 0.0000e+00
 158.426544     36.000  34.965388     9.6612    5.00237     35.696    32.1060    24.7489 0.0000e+00
 158.426557     37.000  34.854036     9.4684    4.91437     36.688    32.1643    24.8254 0.0000e+00
 158.426568     38.000  34.758942     9.3207    4.91624     37.679    32.1991    24.8761 0.0000e+00
 158.426581     39.000  34.674868     9.1797    4.90156     38.670    32.2392    24.9296 0.0000e+00
 158.426593     40.000  34.617917     9.0561    4.81999     39.662    32.2918    24.9900 0.0000e+00
 158.426605     41.000  34.574189     8.9844    4.76461     40.653    32.3111    25.0162 0.0000e+00
 158.426618     42.000  34.558073     8.9405    4.76511     41.645    32.3339    25.0409 0.0000e+00
 158.426631     43.000  34.545210     8.9114    4.76719     42.636    32.3466    25.0553 0.0000e+00
 158.426644     44.000  34.529715     8.8749    4.76011     43.628    32.3632    25.0739 0.0000e+00
 158.426657     45.000  34.514985     8.8370    4.78373     44.620    32.3820    25.0945 0.0000e+00
 158.426669     46.000  34.501815     8.8089    4.86484     45.611    32.3935    25.1078 0.0000e+00
 158.426682     47.000  34.484690     8.7684    5.04520     46.602    32.4122    25.1287 0.0000e+00
 158.426696     48.000  34.443293     8.6952    5.28499     47.594    32.4356    25.1581 0.0000e+00
 158.426709     49.000  34.374534     8.5210    5.31236     48.585    32.5231    25.2530 0.0000e+00
 158.426722     50.000  34.304161     8.3888    5.11759     49.577    32.5707    25.3101 0.0000e+00
 158.426735     51.000  34.294464     8.3385    4.59670     50.568    32.6065    25.3456 0.0000e+00
 158.426748     52.000  34.336454     8.3134    4.21015     51.559    32.6737    25.4021 0.0000e+00
 158.426761     53.000  34.414469     8.3019    4.03503     52.551    32.7664    25.4765 0.0000e+00
 158.426775     54.000  34.457277     8.3002    4.05124     53.542    32.8128    25.5131 0.0000e+00
 158.426788     55.000  34.470458     8.2869    4.05893     54.534    32.8387    25.5354 0.0000e+00
 158.426801     56.000  34.534826     8.2988    3.58968     55.525    32.8952    25.5780 0.0000e+00
 158.426813     57.000  34.731643     8.4023    3.06386     56.516    33.0058    25.6492 0.0000e+00
 158.426826     58.000  34.983673     8.5512    2.77465     57.508    33.1313    25.7252 0.0000e+00
 158.426838     59.000  35.118770     8.6459    2.65752     58.499    33.1841    25.7521 0.0000e+00
 158.426852     60.000  35.171081     8.6749    2.55096     59.491    33.2112    25.7690 0.0000e+00
 158.426865     61.000  35.194254     8.6737    2.43711     60.482    33.2362    25.7888 0.0000e+00
 158.426878     62.000  35.196057     8.6256    2.39089     61.473    33.2829    25.8327 0.0000e+00
 158.426892     63.000  35.160703     8.5107    2.34575     62.464    33.3537    25.9057 0.0000e+00
 158.426905     64.000  35.116520     8.4093    2.07538     63.456    33.4025    25.9594 0.0000e+00
 158.426917     65.000  35.106610     8.3450    1.85462     64.447    33.4527    26.0084 0.0000e+00
 158.426928     66.000  35.121720     8.3128    1.74833     65.438    33.4989    26.0495 0.0000e+00
 158.426941     67.000  35.124229     8.2902    1.70889     66.430    33.5226    26.0716 0.0000e+00
 158.426954     68.000  35.117346     8.2664    1.70679     67.421    33.5374    26.0868 0.0000e+00
 158.426968     69.000  35.109362     8.2429    1.71630     68.413    33.5509    26.1009 0.0000e+00
 158.426982     70.000  35.095979     8.2041    1.75525     69.404    33.5733    26.1243 0.0000e+00
 158.426998     71.000  35.081759     8.1808    1.84662     70.395    33.5801    26.1330 0.0000e+00
 158.427014     72.000  35.071981     8.1520    1.99720     71.387    33.5967    26.1504 0.0000e+00
 158.427030     73.000  35.045967     8.1204    2.01610     72.378    33.5988    26.1567 0.0000e+00
 158.427047     74.000  35.035859     8.1126    1.96840     73.369    33.5951    26.1550 0.0000e+00
 158.427063     75.000  35.029352     8.0933    1.85520     74.360    33.6061    26.1665 0.0000e+00
 158.427078     76.000  35.012047     8.0439    1.77523     75.352    33.6347    26.1962 0.0000e+00
 158.427092     77.000  34.999258     8.0260    1.74869     76.343    33.6377    26.2013 0.0000e+00
 158.427107     78.000  35.000401     8.0221    1.73366     77.334    33.6423    26.2054 0.0000e+00
 158.427123     79.000  34.995540     8.0038    1.70557     78.326    33.6541    26.2175 0.0000e+00
 158.427138     80.000  34.990524     7.9872    1.65297     79.317    33.6643    26.2279 0.0000e+00
 158.427154     81.000  34.989189     7.9642    1.64177     80.308    33.6846    26.2472 0.0000e+00
 158.427169     82.000  34.988504     7.9387    1.62453     81.300    33.7079    26.2693 0.0000e+00
 158.427184     83.000  34.981620     7.9191    1.60929     82.291    33.7189    26.2808 0.0000e+00
 158.427200     84.000  34.971607     7.9013    1.56785     83.282    33.7250    26.2882 0.0000e+00
 158.427216     85.000  34.941975     7.8609    1.45882     84.273    33.7317    26.2994 0.0000e+00
 158.427232     86.000  34.754401     7.8358    1.51064     85.264    33.5541    26.1636 0.0000e+00
 158.427248     87.000  34.560180     7.8347    1.60112     86.256    33.3465    26.0007 0.0000e+00
 158.427266     88.000  34.728074     7.8393    1.61835     87.246    33.5216    26.1375 0.0000e+00
 158.427281     89.000  34.923796     7.8190    1.62985     88.238    33.7508    26.3206 0.0000e+00
 158.427294     90.000  34.932365     7.8014    1.63083     89.229    33.7765    26.3433 0.0000e+00
 158.427307     91.000  34.929662     7.7920    1.62199     90.221    33.7822    26.3492 0.0000e+00
 158.427321     92.000  34.928430     7.7882    1.63345     91.212    33.7841    26.3512 0.0000e+00
 158.427336     93.000  34.928900     7.7869    1.61243     92.203    33.7854    26.3525 0.0000e+00
 158.427352     94.000  34.928266     7.7845    1.60483     93.194    33.7866    26.3538 0.0000e+00
 158.427368     95.000  34.928109     7.7845    1.58888     94.185    33.7860    26.3533 0.0000e+00
 158.427383     96.000  34.928132     7.7833    1.58623     95.176    33.7866    26.3540 0.0000e+00
 158.427397     97.000  34.928242     7.7834    1.58831     96.168    33.7862    26.3536 0.0000e+00
 158.427411     98.000  34.929076     7.7838    1.58410     97.159    33.7862    26.3536 0.0000e+00
 158.427427     99.000  34.929332     7.7832    1.58137     98.150    33.7866    26.3540 0.0000e+00
 158.427444    100.000  34.929411     7.7845    1.58602     99.141    33.7850    26.3525 0.0000e+00
 158.427468    101.000  34.930122     7.7856    1.57266    100.133    33.7841    26.3518 0.0000e+00
