data/oxygen options/OCNMS/OCNMS2/raw_data/2006/CTD_TH060_060706faedb.cnv
* Sea-Bird SBE19 Data File:
* FileName = C:\Hypoxia_Data_2006\CTD_TH060_060706.hex
* Software Version 1.1.6
* Temperature SN = 2997
* Conductivity SN = 2997
* System UpLoad Time = Jun 07 2006 11:26:25
* SEACAT PROFILER V3.1c SN 2997   06/07/06  11:25:45.606
* strain gauge pressure sensor: S/N = 184829,  range = 3000 psia,  tc = 40
# nquan = 9
# nvalues = 58                          
# units = specified
# name 0 = timeJ: Julian Days
# name 1 = prSM: Pressure, Strain Gauge [db]
# name 2 = c0mS/cm: Conductivity [mS/cm]
# name 3 = t090C: Temperature [ITS-90, deg C]
# name 4 = oxML/L: Oxygen, Beckman/YSI [ml/l]
# name 5 = depSM: Depth [salt water, m], lat = 47.5
# name 6 = sal00: Salinity, Practical [PSU]
# name 7 = sigma-é00: Density [sigma-theta, kg/m^3]
# name 8 = flag: flag
# span 0 = 158.473814, 158.474610       
# span 1 =      2.000,     59.000       
# span 2 =  32.637936,  37.072828       
# span 3 =     8.2727,    15.7157       
# span 4 =    1.91927,    6.46489       
# span 5 =      1.984,     58.499       
# span 6 =    25.4056,    33.4921       
# span 7 =    18.4428,    26.0501       
# span 8 = 0.0000e+00, 0.0000e+00       
# interval = decibars: 1                
# start_time = Jun 07 2006 11:19:00 [Instrument's time stamp, header]
# bad_flag = -9.990e-29
*END*
 158.473814      2.000  32.703622    15.7157    6.46489      1.984    25.4058    18.4428 0.0000e+00
 158.473836      3.000  32.637936    15.6276    6.38265      2.975    25.4056    18.4610 0.0000e+00
 158.473854      4.000  32.707771    15.5403    6.29384      3.967    25.5217    18.5683 0.0000e+00
 158.473871      5.000  33.301698    15.2153    6.29519      4.958    26.2517    19.1956 0.0000e+00
 158.473886      6.000  34.155777    14.8573    6.16341      5.949    27.2434    20.0308 0.0000e+00
 158.473902      7.000  34.312918    14.6027    6.15743      6.941    27.5616    20.3272 0.0000e+00
 158.473916      8.000  34.831761    14.2396    6.18351      7.933    28.2866    20.9584 0.0000e+00
 158.473929      9.000  35.391149    13.9744    6.31397      8.924    28.9895    21.5529 0.0000e+00
 158.473945     10.000  35.710061    13.7961    6.32304      9.916    29.4149    21.9164 0.0000e+00
 158.473968     11.000  35.707730    13.8400    6.21791     10.908    29.3786    21.8796 0.0000e+00
 158.473990     12.000  35.766559    13.7144    6.23239     11.900    29.5286    22.0203 0.0000e+00
 158.474006     13.000  36.287334    13.5153    6.26538     12.891    30.1622    22.5486 0.0000e+00
 158.474020     14.000  36.757661    13.4492    6.24023     13.883    30.6496    22.9381 0.0000e+00
 158.474035     15.000  36.901198    13.3432    6.31535     14.874    30.8678    23.1275 0.0000e+00
 158.474050     16.000  36.988630    13.1127    6.34471     15.866    31.1369    23.3806 0.0000e+00
 158.474064     17.000  37.013302    13.0070    6.34620     16.857    31.2464    23.4858 0.0000e+00
 158.474079     18.000  37.023722    12.9710    6.35363     17.849    31.2855    23.5231 0.0000e+00
 158.474093     19.000  37.046384    12.9435    6.40040     18.841    31.3291    23.5621 0.0000e+00
 158.474108     20.000  37.064537    12.8846    6.46223     19.832    31.3946    23.6243 0.0000e+00
 158.474120     21.000  37.071214    12.8154    6.36655     20.824    31.4581    23.6867 0.0000e+00
 158.474132     22.000  37.072828    12.7665    6.16964     21.815    31.5000    23.7286 0.0000e+00
 158.474143     23.000  37.045890    12.6731    6.02698     22.807    31.5520    23.7867 0.0000e+00
 158.474153     24.000  36.920100    12.4220    6.08532     23.798    31.6430    23.9050 0.0000e+00
 158.474165     25.000  36.662085    11.9970    6.17691     24.790    31.7553    24.0713 0.0000e+00
 158.474175     26.000  36.325313    11.5650    6.20484     25.782    31.7981    24.1835 0.0000e+00
 158.474187     27.000  36.118394    11.3585    6.13103     26.773    31.7733    24.2013 0.0000e+00
 158.474199     28.000  36.053338    11.2676    5.96559     27.764    31.7875    24.2285 0.0000e+00
 158.474210     29.000  35.997395    11.1627    5.79482     28.756    31.8227    24.2744 0.0000e+00
 158.474222     30.000  35.884970    10.9312    5.56529     29.748    31.9123    24.3846 0.0000e+00
 158.474233     31.000  35.682069    10.5873    5.34704     30.739    32.0110    24.5208 0.0000e+00
 158.474245     32.000  35.494367    10.3152    5.12146     31.730    32.0622    24.6069 0.0000e+00
 158.474256     33.000  35.318714     9.9652    4.83876     32.722    32.1952    24.7689 0.0000e+00
 158.474268     34.000  35.185067     9.6314    4.66766     33.713    32.3579    24.9504 0.0000e+00
 158.474280     35.000  35.109644     9.4101    4.55489     34.705    32.4802    25.0815 0.0000e+00
 158.474292     36.000  35.032578     9.2352    4.40390     35.696    32.5595    25.1713 0.0000e+00
 158.474305     37.000  34.965442     9.0528    4.24450     36.688    32.6564    25.2757 0.0000e+00
 158.474316     38.000  34.917945     8.8711    4.03375     37.679    32.7737    25.3958 0.0000e+00
 158.474328     39.000  34.877218     8.7625    3.90426     38.671    32.8312    25.4576 0.0000e+00
 158.474340     40.000  34.914559     8.7398    3.90453     39.662    32.8910    25.5079 0.0000e+00
 158.474355     41.000  34.913106     8.6925    3.83581     40.654    32.9330    25.5481 0.0000e+00
 158.474368     42.000  34.901801     8.6561    3.59004     41.645    32.9546    25.5705 0.0000e+00
 158.474382     43.000  34.970170     8.7002    3.20731     42.636    32.9846    25.5874 0.0000e+00
 158.474394     44.000  35.094321     8.7963    2.91611     43.628    33.0246    25.6039 0.0000e+00
 158.474406     45.000  35.221795     8.8606    2.75103     44.620    33.0974    25.6509 0.0000e+00
 158.474417     46.000  35.281087     8.8623    2.65233     45.611    33.1573    25.6976 0.0000e+00
 158.474429     47.000  35.290843     8.8324    2.56706     46.602    33.1950    25.7318 0.0000e+00
 158.474441     48.000  35.280282     8.7858    2.49337     47.594    33.2271    25.7642 0.0000e+00
 158.474453     49.000  35.255855     8.7159    2.45238     48.586    33.2668    25.8060 0.0000e+00
 158.474466     50.000  35.210947     8.6387    2.41713     49.576    33.2917    25.8374 0.0000e+00
 158.474477     51.000  35.171143     8.6004    2.36817     50.568    33.2855    25.8384 0.0000e+00
 158.474490     52.000  35.161250     8.5740    2.28016     51.560    33.2995    25.8535 0.0000e+00
 158.474503     53.000  35.153527     8.5407    2.21643     52.551    33.3224    25.8765 0.0000e+00
 158.474516     54.000  35.139979     8.5053    2.14599     53.542    33.3410    25.8965 0.0000e+00
 158.474528     55.000  35.122935     8.4398    2.05070     54.534    33.3846    25.9406 0.0000e+00
 158.474543     56.000  35.104145     8.3854    2.02853     55.525    33.4158    25.9734 0.0000e+00
 158.474558     57.000  35.103537     8.3709    1.97501     56.516    33.4285    25.9855 0.0000e+00
 158.474575     58.000  35.088078     8.3039    1.92625     57.507    33.4755    26.0324 0.0000e+00
 158.474610     59.000  35.076227     8.2727    1.91927     58.499    33.4921    26.0501 0.0000e+00
