data/oxygen options/OCNMS/OCNMS2/raw_data/2006/CTD_TH090_071806faed.cnv
* Sea-Bird SBE19 Data File:
* FileName = C:\Hypoxia Data\CTD_TH090_071806.hex
* Software Version 1.1.8
* Temperature SN = 2997
* Conductivity SN = 2997
* System UpLoad Time = Jul 18 2006 13:07:25
* SEACAT PROFILER V3.1c SN 2997   07/18/06  13:05:37.962
* strain gauge pressure sensor: S/N = 184829,  range = 3000 psia,  tc = 40
# nquan = 9                                 
# nvalues = 837                         
# units = specified
# name 0 = timeJ: Julian Days
# name 1 = prSM: Pressure, Strain Gauge [db]
# name 2 = c0mS/cm: Conductivity [mS/cm]
# name 3 = t090C: Temperature [ITS-90, deg C]
# name 4 = oxML/L: Oxygen, Beckman/YSI [ml/l]
# name 5 = depSM: Depth [salt water, m], lat = 47.5
# name 6 = sal00: Salinity, Practical [PSU]
# name 7 = sigma-é00: Density [sigma-theta, kg/m^3]
# name 8 = flag: flag
# span 0 = 199.539560, 199.544398       
# span 1 =     -4.565,     89.689       
# span 2 =   0.521705,  39.090000       
# span 3 =     7.4618,    14.5213       
# span 4 =  -11.75452,   32.78588       
# span 5 =     -4.527,     88.921       
# span 6 =     0.3252,    33.8678       
# span 7 =    -0.4796,    26.4627       
# span 8 = 0.0000e+00, 0.0000e+00       
# interval = seconds: 0.5
# start_time = Jul 18 2006 12:56:58 [Instrument's time stamp, header]
# bad_flag = -9.990e-29
*END*
[from data line 481]
 199.542344     36.092  34.281125     8.2356    5.23122     35.788    32.6949    25.4299 0.0000e+00
 199.542350     36.583  34.282753     8.2309    5.20138     36.274    32.7007    25.4352 0.0000e+00
 199.542355     37.076  34.283508     8.2250    5.15141     36.763    32.7068    25.4408 0.0000e+00
 199.542361     37.567  34.284381     8.2179    5.08727     37.250    32.7141    25.4476 0.0000e+00
 199.542367     38.053  34.286524     8.2093    5.00752     37.732    32.7242    25.4568 0.0000e+00
 199.542373     38.532  34.289978     8.1970    4.93220     38.207    32.7391    25.4703 0.0000e+00
 199.542378     39.003  34.294851     8.1786    4.85531     38.674    32.7612    25.4904 0.0000e+00
 199.542384     39.475  34.302582     8.1565    4.78635     39.142    32.7898    25.5161 0.0000e+00
 199.542390     39.957  34.313374     8.1360    4.71119     39.620    32.8202    25.5430 0.0000e+00
 199.542396     40.449  34.324220     8.1194    4.64463     40.107    32.8471    25.5665 0.0000e+00
 199.542402     40.949  34.333308     8.1074    4.58721     40.603    32.8677    25.5844 0.0000e+00
 199.542407     41.454  34.342650     8.1004    4.53942     41.104    32.8840    25.5982 0.0000e+00
 199.542413     41.957  34.353478     8.0959    4.47767     41.603    32.8995    25.6111 0.0000e+00
 199.542419     42.452  34.364517     8.0906    4.39947     42.093    32.9160    25.6248 0.0000e+00
 199.542425     42.941  34.375334     8.0839    4.32361     42.578    32.9336    25.6396 0.0000e+00
 199.542431     43.425  34.386327     8.0770    4.25152     43.058    32.9515    25.6547 0.0000e+00
 199.542436     43.901  34.398122     8.0707    4.18863     43.530    32.9698    25.6699 0.0000e+00
 199.542442     44.363  34.411859     8.0653    4.12686     43.988    32.9893    25.6860 0.0000e+00
 199.542448     44.812  34.426217     8.0598    4.07193     44.433    33.0095    25.7027 0.0000e+00
 199.542454     45.255  34.438459     8.0525    4.03420     44.872    33.0293    25.7193 0.0000e+00
 199.542459     45.703  34.448638     8.0441    4.01131     45.317    33.0478    25.7351 0.0000e+00
 199.542465     46.159  34.457422     8.0363    3.99867     45.769    33.0643    25.7492 0.0000e+00
 199.542471     46.617  34.464177     8.0290    3.98953     46.223    33.0782    25.7612 0.0000e+00
 199.542477     47.077  34.468928     8.0219    3.97270     46.679    33.0898    25.7713 0.0000e+00
 199.542483     47.538  34.472392     8.0160    3.95661     47.136    33.0988    25.7793 0.0000e+00
 199.542488     47.995  34.475253     8.0125    3.96507     47.589    33.1050    25.7846 0.0000e+00
 199.542494     48.438  34.477951     8.0119    3.97508     48.028    33.1082    25.7872 0.0000e+00
 199.542500     48.857  34.480707     8.0139    3.97346     48.444    33.1091    25.7876 0.0000e+00
 199.542506     49.254  34.483260     8.0168    3.95215     48.837    33.1089    25.7870 0.0000e+00
 199.542512     49.644  34.484519     8.0171    3.91506     49.224    33.1097    25.7877 0.0000e+00
 199.542517     50.053  34.484474     8.0125    3.88190     49.629    33.1138    25.7916 0.0000e+00
 199.542523     50.490  34.485863     8.0045    3.86256     50.062    33.1227    25.7997 0.0000e+00
 199.542529     50.943  34.490531     7.9970    3.83252     50.512    33.1346    25.8101 0.0000e+00
 199.542535     51.404  34.496840     7.9914    3.80485     50.969    33.1464    25.8202 0.0000e+00
 199.542541     51.866  34.503099     7.9865    3.76887     51.427    33.1575    25.8297 0.0000e+00
 199.542546     52.330  34.509230     7.9810    3.71231     51.887    33.1690    25.8395 0.0000e+00
 199.542552     52.795  34.515549     7.9739    3.66809     52.348    33.1823    25.8510 0.0000e+00
 199.542558     53.257  34.522620     7.9636    3.61353     52.806    33.1994    25.8659 0.0000e+00
 199.542564     53.714  34.532010     7.9492    3.57526     53.259    33.2229    25.8865 0.0000e+00
 199.542569     54.167  34.545016     7.9328    3.54505     53.708    33.2522    25.9119 0.0000e+00
 199.542575     54.609  34.558781     7.9183    3.52084     54.146    33.2805    25.9362 0.0000e+00
 199.542581     55.038  34.568654     7.9082    3.52031     54.571    33.3005    25.9534 0.0000e+00
 199.542587     55.457  34.573770     7.9021    3.52000     54.987    33.3116    25.9630 0.0000e+00
 199.542593     55.866  34.575892     7.8975    3.51774     55.392    33.3180    25.9687 0.0000e+00
 199.542598     56.269  34.576718     7.8927    3.51510     55.792    33.3233    25.9736 0.0000e+00
 199.542604     56.680  34.577339     7.8886    3.49709     56.199    33.3277    25.9776 0.0000e+00
 199.542610     57.113  34.578014     7.8857    3.48646     56.628    33.3310    25.9806 0.0000e+00
 199.542616     57.563  34.578514     7.8834    3.47583     57.075    33.3335    25.9830 0.0000e+00
 199.542622     58.018  34.578936     7.8813    3.47286     57.526    33.3357    25.9850 0.0000e+00
 199.542627     58.467  34.579833     7.8779    3.45546     57.971    33.3397    25.9887 0.0000e+00
 199.542633     58.914  34.581829     7.8711    3.43806     58.414    33.3482    25.9963 0.0000e+00
 199.542639     59.370  34.585894     7.8621    3.41272     58.866    33.3609    26.0076 0.0000e+00
 199.542645     59.837  34.592955     7.8545    3.39485     59.329    33.3755    26.0202 0.0000e+00
 199.542650     60.308  34.601202     7.8501    3.39566     59.796    33.3883    26.0309 0.0000e+00
 199.542656     60.770  34.607599     7.8482    3.38497     60.254    33.3968    26.0378 0.0000e+00
 199.542662     61.217  34.612812     7.8468    3.35611     60.697    33.4035    26.0433 0.0000e+00
 199.542668     61.657  34.619296     7.8452    3.32593     61.133    33.4118    26.0500 0.0000e+00
 199.542674     62.096  34.627837     7.8434    3.29464     61.568    33.4225    26.0587 0.0000e+00
 199.542679     62.537  34.636359     7.8413    3.28169     62.006    33.4334    26.0676 0.0000e+00
 199.542685     62.985  34.643877     7.8378    3.25858     62.450    33.4446    26.0769 0.0000e+00
 199.542691     63.449  34.651995     7.8301    3.21780     62.910    33.4605    26.0905 0.0000e+00
 199.542697     63.927  34.659752     7.8165    3.17319     63.384    33.4816    26.1091 0.0000e+00
 199.542703     64.416  34.664585     7.8010    3.11819     63.868    33.5014    26.1269 0.0000e+00
 199.542708     64.913  34.666199     7.7892    3.08054     64.361    33.5143    26.1387 0.0000e+00
 199.542714     65.415  34.668416     7.7818    3.05832     64.859    33.5235    26.1471 0.0000e+00
 199.542720     65.915  34.674179     7.7775    3.04153     65.354    33.5336    26.1556 0.0000e+00
 199.542726     66.403  34.682749     7.7758    3.02617     65.838    33.5442    26.1642 0.0000e+00
 199.542731     66.871  34.692647     7.7759    3.01466     66.302    33.5546    26.1723 0.0000e+00
 199.542737     67.319  34.701916     7.7765    3.00042     66.746    33.5637    26.1794 0.0000e+00
 199.542743     67.749  34.708326     7.7771    2.99588     67.173    33.5698    26.1841 0.0000e+00
 199.542749     68.163  34.711445     7.7781    3.00127     67.583    33.5720    26.1857 0.0000e+00
 199.542755     68.571  34.714301     7.7804    2.99669     67.987    33.5727    26.1859 0.0000e+00
 199.542760     68.990  34.721814     7.7856    2.99680     68.403    33.5756    26.1874 0.0000e+00
 199.542766     69.433  34.736144     7.7924    2.97303     68.842    33.5842    26.1932 0.0000e+00
 199.542772     69.908  34.751716     7.7967    2.93436     69.313    33.5965    26.2023 0.0000e+00
 199.542778     70.410  34.761246     7.7970    2.89373     69.810    33.6063    26.2099 0.0000e+00
 199.542784     70.924  34.765096     7.7930    2.84380     70.320    33.6140    26.2166 0.0000e+00
 199.542789     71.440  34.767830     7.7832    2.78692     70.832    33.6261    26.2276 0.0000e+00
 199.542795     71.957  34.775325     7.7682    2.73058     71.344    33.6484    26.2472 0.0000e+00
 199.542801     72.468  34.791958     7.7479    2.67404     71.851    33.6857    26.2794 0.0000e+00
 199.542807     72.969  34.809053     7.7221    2.62604     72.347    33.7288    26.3171 0.0000e+00
 199.542813     73.456  34.816304     7.6962    2.58501     72.830    33.7615    26.3465 0.0000e+00
 199.542818     73.926  34.817761     7.6752    2.56327     73.296    33.7832    26.3666 0.0000e+00
 199.542824     74.380  34.817594     7.6595    2.51683     73.746    33.7980    26.3805 0.0000e+00
 199.542830     74.820  34.815004     7.6475    2.47368     74.182    33.8067    26.3890 0.0000e+00
 199.542836     75.249  34.811014     7.6320    2.42898     74.607    33.8173    26.3996 0.0000e+00
 199.542841     75.677  34.804780     7.6061    2.38294     75.032    33.8355    26.4176 0.0000e+00
 199.542847     76.118  34.793587     7.5751    2.36552     75.469    33.8534    26.4361 0.0000e+00
 199.542853     76.574  34.779885     7.5508    2.34799     75.921    33.8620    26.4464 0.0000e+00
 199.542859     77.041  34.768946     7.5368    2.33959     76.384    33.8636    26.4497 0.0000e+00
 199.542865     77.510  34.761871     7.5295    2.33811     76.849    33.8629    26.4501 0.0000e+00
 199.542870     77.967  34.757064     7.5257    2.33035     77.302    33.8611    26.4493 0.0000e+00
 199.542876     78.407  34.753709     7.5240    2.32099     77.738    33.8589    26.4478 0.0000e+00
 199.542882     78.837  34.752373     7.5216    2.32363     78.164    33.8596    26.4487 0.0000e+00
 199.542888     79.267  34.751265     7.5157    2.31699     78.590    33.8640    26.4530 0.0000e+00
 199.542894     79.708  34.747215     7.5078    2.31690     79.027    33.8671    26.4566 0.0000e+00
 199.542899     80.165  34.741547     7.5013    2.29774     79.481    33.8671    26.4575 0.0000e+00
 199.542905     80.634  34.736785     7.4963    2.27643     79.945    33.8666    26.4578 0.0000e+00
 199.542911     81.103  34.732738     7.4923    2.27764     80.410    33.8659    26.4578 0.0000e+00
 199.542917     81.557  34.729607     7.4901    2.26506     80.860    33.8644    26.4570 0.0000e+00
 199.542922     81.987  34.727692     7.4891    2.28240     81.287    33.8631    26.4561 0.0000e+00
 199.542928     82.395  34.725551     7.4881    2.27893     81.691    33.8615    26.4550 0.0000e+00
 199.542934     82.785  34.723126     7.4866    2.27638     82.078    33.8602    26.4542 0.0000e+00
 199.542940     83.161  34.721662     7.4834    2.26866     82.450    33.8615    26.4557 0.0000e+00
 199.542946     83.535  34.720318     7.4788    2.24962     82.821    33.8644    26.4586 0.0000e+00
 199.542951     83.920  34.718417     7.4742    2.24697     83.203    33.8666    26.4610 0.0000e+00
 199.542957     84.324  34.716220     7.4704    2.24441     83.603    33.8678    26.4625 0.0000e+00
 199.542963     84.740  34.713590     7.4676    2.25552     84.016    33.8675    26.4626 0.0000e+00
 199.542969     85.158  34.711497     7.4657    2.25685     84.430    33.8668    26.4624 0.0000e+00
 199.542975     85.585  34.710507     7.4643    2.24249     84.853    33.8669    26.4627 0.0000e+00
 199.542980     86.022  34.709849     7.4635    2.23362     85.286    33.8668    26.4627 0.0000e+00
 199.542986     86.457  34.709198     7.4629    2.22447     85.717    33.8665    26.4625 0.0000e+00
 199.542992     86.881  34.708798     7.4626    2.23110     86.138    33.8661    26.4623 0.0000e+00
 199.542998     87.286  34.708669     7.4627    2.25083     86.539    33.8657    26.4619 0.0000e+00
 199.543003     87.663  34.708628     7.4629    2.24971     86.913    33.8653    26.4616 0.0000e+00
 199.543009     88.006  34.708610     7.4629    2.26140     87.253    33.8651    26.4615 0.0000e+00
 199.543015     88.317  34.708584     7.4628    2.24225     87.561    33.8650    26.4614 0.0000e+00
 199.543021     88.601  34.708506     7.4623    2.22662     87.843    33.8653    26.4617 0.0000e+00
 199.543027     88.864  34.708262     7.4618    2.22650     88.103    33.8654    26.4618 0.0000e+00
 199.543032     89.106  34.708081     7.4618    2.22625     88.343    33.8650    26.4616 0.0000e+00
 199.543038     89.320  34.708274     7.4621    2.23673     88.555    33.8649    26.4614 0.0000e+00
 199.543044     89.495  34.708530     7.4623    2.24077     88.729    33.8649    26.4614 0.0000e+00
 199.543050     89.620  34.708621     7.4627    2.23163     88.853    33.8645    26.4611 -9.990e-29
 199.543056     89.686  34.708659     7.4632    2.23851     88.918    33.8640    26.4606 -9.990e-29
 199.543061     89.689  34.708688     7.4632    2.23159     88.921    33.8641    26.4606 -9.990e-29
 199.543067     89.629  34.708742     7.4626    2.23142     88.862    33.8647    26.4612 -9.990e-29
 199.543073     89.507  34.708893     7.4622    2.24289     88.741    33.8653    26.4618 -9.990e-29
 199.543079     89.326  34.709346     7.4625    2.23306     88.561    33.8656    26.4620 0.0000e+00
 199.543084     89.094  34.710144     7.4634    2.23480     88.331    33.8657    26.4619 0.0000e+00
 199.543090     88.817  34.710675     7.4642    2.24208     88.057    33.8657    26.4617 0.0000e+00
 199.543096     88.502  34.710528     7.4640    2.23284     87.745    33.8658    26.4619 0.0000e+00
 199.543102     88.160  34.710074     7.4633    2.22538     87.406    33.8662    26.4623 0.0000e+00
 199.543108     87.807  34.709271     7.4627    2.22123     87.056    33.8661    26.4623 0.0000e+00
 199.543113     87.455  34.708177     7.4626    2.21905     86.707    33.8652    26.4616 0.0000e+00
 199.543119     87.100  34.707580     7.4630    2.23484     86.355    33.8643    26.4608 0.0000e+00
 199.543125     86.727  34.707810     7.4638    2.25072     85.985    33.8639    26.4604 0.0000e+00
 199.543131     86.328  34.708615     7.4646    2.24374     85.590    33.8642    26.4605 0.0000e+00
 199.543137     85.910  34.709392     7.4653    2.24876     85.175    33.8646    26.4607 0.0000e+00
 199.543142     85.489  34.709499     7.4657    2.22523     84.758    33.8645    26.4606 0.0000e+00
 199.543148     85.088  34.709085     7.4657    2.22815     84.360    33.8643    26.4604 0.0000e+00
 199.543154     84.720  34.708723     7.4654    2.22256     83.996    33.8643    26.4605 0.0000e+00
 199.543160     84.385  34.708497     7.4652    2.22975     83.664    33.8645    26.4606 0.0000e+00
 199.543166     84.068  34.708110     7.4653    2.23815     83.349    33.8641    26.4603 0.0000e+00
 199.543171     83.746  34.707611     7.4653    2.23522     83.030    33.8637    26.4600 0.0000e+00
 199.543177     83.402  34.707457     7.4650    2.23707     82.689    33.8640    26.4602 0.0000e+00
 199.543183     83.041  34.707447     7.4650    2.23254     82.331    33.8642    26.4604 0.0000e+00
 199.543189     82.669  34.707013     7.4657    2.23202     81.963    33.8632    26.4595 0.0000e+00
 199.543194     82.288  34.706700     7.4666    2.22232     81.585    33.8621    26.4586 0.0000e+00
 199.543200     81.895  34.707219     7.4676    2.22876     81.195    33.8619    26.4582 0.0000e+00
 199.543206     81.488  34.708143     7.4688    2.24132     80.792    33.8620    26.4581 0.0000e+00
 199.543212     81.069  34.709025     7.4697    2.25472     80.377    33.8622    26.4582 0.0000e+00
 199.543218     80.647  34.709925     7.4707    2.25855     79.958    33.8624    26.4582 0.0000e+00
 199.543223     80.229  34.710928     7.4722    2.26077     79.544    33.8623    26.4578 0.0000e+00
 199.543229     79.818  34.712255     7.4744    2.27484     79.137    33.8618    26.4571 0.0000e+00
 199.543235     79.418  34.713995     7.4774    2.27452     78.740    33.8609    26.4560 0.0000e+00
 199.543241     79.034  34.716793     7.4819    2.28162     78.359    33.8597    26.4544 0.0000e+00
 199.543247     78.663  34.722143     7.4881    2.27428     77.992    33.8597    26.4535 0.0000e+00
 199.543252     78.298  34.728770     7.4929    2.27328     77.630    33.8623    26.4549 0.0000e+00
 199.543258     77.937  34.730935     7.4938    2.29021     77.272    33.8640    26.4561 0.0000e+00
