data/oxygen options/OCNMS/OCNMS2/raw_data/2006/CTD_TH100_060706faed.cnv
* Sea-Bird SBE19 Data File:
* FileName = C:\Hypoxia_Data_2006\CTD_TH100_060706.hex
* Software Version 1.1.6
* Temperature SN = 2997
* Conductivity SN = 2997
* System UpLoad Time = Jun 07 2006 10:20:02
* SEACAT PROFILER V3.1c SN 2997   06/07/06  10:18:41.903
* strain gauge pressure sensor: S/N = 184829,  range = 3000 psia,  tc = 40
# nquan = 9                                 
# nvalues = 899                         
# units = specified
# name 0 = timeJ: Julian Days
# name 1 = prSM: Pressure, Strain Gauge [db]
# name 2 = c0mS/cm: Conductivity [mS/cm]
# name 3 = t090C: Temperature [ITS-90, deg C]
# name 4 = oxML/L: Oxygen, Beckman/YSI [ml/l]
# name 5 = depSM: Depth [salt water, m], lat = 47.5
# name 6 = sal00: Salinity, Practical [PSU]
# name 7 = sigma-é00: Density [sigma-theta, kg/m^3]
# name 8 = flag: flag
# span 0 = 158.423762, 158.428958       
# span 1 =     -5.516,    100.919       
# span 2 =   0.013989,  37.072880       
# span 3 =     7.7830,    15.7322       
# span 4 =   -0.38585,   31.94053       
# span 5 =     -5.470,    100.052       
# span 6 =     0.0135,    33.7870       
# span 7 =    -1.0015,    26.3543       
# span 8 = 0.0000e+00, 0.0000e+00       
# interval = seconds: 0.5
# start_time = Jun 07 2006 10:10:13 [Instrument's time stamp, header]
# bad_flag = -9.990e-29
*END*
[from data line 321]
 158.425619      0.195  32.980914    15.3195    6.43659      0.193    25.9031    18.9064 -9.990e-29
 158.425625      0.190  32.981674    15.3200    6.44063      0.188    25.9035    18.9066 -9.990e-29
 158.425631      0.188  32.982081    15.3198    6.44358      0.186    25.9039    18.9070 -9.990e-29
 158.425637      0.193  32.982113    15.3193    6.45028      0.191    25.9043    18.9074 -9.990e-29
 158.425642      0.201  32.981807    15.3190    6.44593      0.199    25.9042    18.9074 -9.990e-29
 158.425648      0.208  32.981309    15.3187    6.44896      0.206    25.9040    18.9072 -9.990e-29
 158.425654      0.214  32.981070    15.3183    6.45066      0.212    25.9040    18.9074 -9.990e-29
 158.425660      0.221  32.981325    15.3179    6.44250      0.219    25.9045    18.9078 -9.990e-29
 158.425666      0.229  32.981849    15.3179    6.44107      0.227    25.9050    18.9082 -9.990e-29
 158.425671      0.233  32.982213    15.3183    6.43919      0.231    25.9050    18.9081 -9.990e-29
 158.425677      0.229  32.982336    15.3187    6.44063      0.227    25.9049    18.9079 -9.990e-29
 158.425683      0.227  32.982376    15.3189    6.44426      0.225    25.9048    18.9078 -9.990e-29
 158.425689      0.234  32.982380    15.3186    6.43786      0.232    25.9050    18.9080 -9.990e-29
 158.425694      0.247  32.981787    15.3181    6.43709      0.245    25.9048    18.9080 -9.990e-29
 158.425700      0.258  32.979801    15.3179    6.43769      0.256    25.9032    18.9068 -9.990e-29
 158.425706      0.263  32.978253    15.3179    6.43919      0.261    25.9018    18.9058 -9.990e-29
 158.425712      0.263  32.978994    15.3179    6.44819      0.261    25.9025    18.9063 -9.990e-29
 158.425718      0.257  32.980205    15.3180    6.44305      0.255    25.9035    18.9070 -9.990e-29
 158.425723      0.250  32.980693    15.3182    6.44155      0.248    25.9038    18.9072 -9.990e-29
 158.425729      0.250  32.981100    15.3181    6.44682      0.248    25.9042    18.9075 -9.990e-29
 158.425735      0.264  32.981405    15.3174    6.44006      0.262    25.9049    18.9082 -9.990e-29
 158.425741      0.291  32.980887    15.3159    6.44245      0.289    25.9054    18.9089 -9.990e-29
 158.425747      0.313  32.979411    15.3134    6.43431      0.310    25.9058    18.9097 -9.990e-29
 158.425752      0.325  32.977804    15.3108    6.43144      0.322    25.9061    18.9105 -9.990e-29
 158.425758      0.328  32.976720    15.3095    6.44121      0.325    25.9060    18.9107 -9.990e-29
 158.425764      0.320  32.976388    15.3094    6.44475      0.317    25.9058    18.9106 -9.990e-29
 158.425770      0.307  32.976360    15.3098    6.45270      0.304    25.9055    18.9103 -9.990e-29
 158.425775      0.295  32.976030    15.3100    6.44708      0.293    25.9051    18.9099 -9.990e-29
 158.425781      0.288  32.975514    15.3102    6.44897      0.286    25.9045    18.9094 -9.990e-29
 158.425787      0.286  32.975240    15.3111    6.44897      0.284    25.9037    18.9086 -9.990e-29
 158.425793      0.289  32.975958    15.3127    6.44761      0.287    25.9033    18.9079 -9.990e-29
 158.425799      0.297  32.977500    15.3139    6.44935      0.295    25.9038    18.9081 -9.990e-29
 158.425804      0.310  32.978551    15.3140    6.45288      0.307    25.9047    18.9087 -9.990e-29
 158.425810      0.329  32.978826    15.3129    6.45413      0.326    25.9056    18.9097 -9.990e-29
 158.425816      0.351  32.978686    15.3112    6.45421      0.348    25.9066    18.9108 -9.990e-29
 158.425822      0.369  32.978501    15.3108    6.44613      0.366    25.9067    18.9110 -9.990e-29
 158.425828      0.380  32.978576    15.3116    6.44802      0.377    25.9062    18.9104 -9.990e-29
 158.425833      0.385  32.979005    15.3123    6.44931      0.382    25.9061    18.9102 -9.990e-29
 158.425839      0.387  32.979791    15.3128    6.45075      0.384    25.9065    18.9104 -9.990e-29
 158.425845      0.396  32.980296    15.3131    6.44608      0.393    25.9067    18.9105 -9.990e-29
 158.425851      0.413  32.980067    15.3131    6.44709      0.410    25.9065    18.9104 -9.990e-29
 158.425856      0.430  32.979354    15.3132    6.44484      0.426    25.9058    18.9098 -9.990e-29
 158.425862      0.443  32.978882    15.3139    6.45132      0.439    25.9050    18.9090 -9.990e-29
 158.425868      0.454  32.979136    15.3148    6.44755      0.450    25.9046    18.9085 -9.990e-29
 158.425874      0.458  32.979703    15.3154    6.44237      0.454    25.9047    18.9085 -9.990e-29
 158.425880      0.449  32.980210    15.3155    6.43722      0.445    25.9051    18.9087 -9.990e-29
 158.425885      0.424  32.980567    15.3151    6.42938      0.420    25.9057    18.9093 -9.990e-29
 158.425891      0.396  32.980660    15.3143    6.43716      0.393    25.9063    18.9099 -9.990e-29
 158.425897      0.375  32.980397    15.3129    6.44046      0.372    25.9070    18.9107 -9.990e-29
 158.425903      0.365  32.979404    15.3106    6.45117      0.362    25.9076    18.9117 -9.990e-29
 158.425909      0.364  32.977451    15.3079    6.45418      0.361    25.9077    18.9123 -9.990e-29
 158.425914      0.368  32.974711    15.3062    6.45763      0.365    25.9064    18.9117 -9.990e-29
 158.425920      0.370  32.973109    15.3065    6.45277      0.367    25.9048    18.9104 -9.990e-29
 158.425926      0.364  32.974408    15.3080    6.45472      0.361    25.9050    18.9102 -9.990e-29
 158.425932      0.355  32.976389    15.3092    6.46019      0.352    25.9059    18.9107 -9.990e-29
 158.425938      0.351  32.977183    15.3097    6.45384      0.348    25.9063    18.9109 -9.990e-29
 158.425943      0.356  32.977262    15.3098    6.44732      0.353    25.9063    18.9108 -9.990e-29
 158.425949      0.369  32.977268    15.3097    6.44159      0.366    25.9064    18.9109 -9.990e-29
 158.425955      0.389  32.977182    15.3091    6.43773      0.386    25.9067    18.9113 -9.990e-29
 158.425961      0.407  32.976864    15.3082    6.44519      0.404    25.9070    18.9117 -9.990e-29
 158.425966      0.420  32.977545    15.3064    6.44869      0.416    25.9088    18.9134 -9.990e-29
 158.425972      0.429  32.978423    15.3037    6.43708      0.425    25.9113    18.9159 -9.990e-29
 158.425978      0.430  32.977843    15.3025    6.43620      0.426    25.9116    18.9164 -9.990e-29
 158.425984      0.420  32.977245    15.3032    6.43368      0.416    25.9106    18.9155 -9.990e-29
 158.425990      0.405  32.977488    15.3039    6.43765      0.402    25.9104    18.9152 -9.990e-29
 158.425995      0.399  32.977749    15.3043    6.45018      0.396    25.9103    18.9151 -9.990e-29
 158.426001      0.404  32.977790    15.3041    6.45225      0.401    25.9105    18.9152 -9.990e-29
 158.426007      0.417  32.977082    15.3030    6.45149      0.414    25.9106    18.9155 -9.990e-29
 158.426013      0.426  32.975776    15.3028    6.44179      0.422    25.9096    18.9148 -9.990e-29
 158.426019      0.423  32.975466    15.3038    6.44400      0.419    25.9087    18.9139 -9.990e-29
 158.426024      0.416  32.976270    15.3041    6.44631      0.413    25.9092    18.9142 -9.990e-29
 158.426030      0.418  32.976994    15.3030    6.44954      0.415    25.9105    18.9155 -9.990e-29
 158.426036      0.429  32.976898    15.3004    6.45781      0.425    25.9121    18.9173 -9.990e-29
 158.426042      0.440  32.975828    15.2974    6.45457      0.436    25.9132    18.9187 -9.990e-29
 158.426047      0.449  32.974572    15.2963    6.45417      0.445    25.9128    18.9186 -9.990e-29
 158.426053      0.452  32.974231    15.2976    6.45388      0.448    25.9117    18.9175 -9.990e-29
 158.426059      0.444  32.974886    15.2997    6.44456      0.440    25.9108    18.9164 -9.990e-29
 158.426065      0.434  32.975703    15.3012    6.44958      0.430    25.9106    18.9159 -9.990e-29
 158.426071      0.434  32.976064    15.3009    6.45104      0.430    25.9111    18.9164 -9.990e-29
 158.426076      0.447  32.975863    15.2990    6.46502      0.443    25.9122    18.9176 -9.990e-29
 158.426082      0.471  32.975370    15.2969    6.46148      0.467    25.9131    18.9187 -9.990e-29
 158.426088      0.499  32.975020    15.2959    6.45681      0.495    25.9134    18.9192 -9.990e-29
 158.426094      0.527  32.974882    15.2964    6.45535      0.523    25.9130    18.9188 -9.990e-29
 158.426100      0.559  32.974743    15.2977    6.42159      0.554    25.9120    18.9177 -9.990e-29
 158.426105      0.599  32.974393    15.2989    6.42819      0.594    25.9109    18.9166 -9.990e-29
 158.426111      0.660  32.974460    15.2999    6.43990      0.654    25.9103    18.9160 -9.990e-29
 158.426117      0.745  32.975570    15.3007    6.43399      0.739    25.9107    18.9161 -9.990e-29
 158.426123      0.851  32.976933    15.3011    6.34216      0.844    25.9116    18.9167 -9.990e-29
 158.426128      0.976  32.978662    15.3000    6.16988      0.968    25.9138    18.9186 0.0000e+00
 158.426134      1.124  32.983035    15.2951    5.98839      1.115    25.9207    18.9250 0.0000e+00
 158.426140      1.308  32.995856    15.2795    5.87890      1.297    25.9421    18.9446 0.0000e+00
 158.426146      1.545  33.033634    15.2298    5.88576      1.532    26.0077    19.0052 0.0000e+00
 158.426152      1.840  33.144470    15.1016    5.92830      1.825    26.1895    19.1710 0.0000e+00
 158.426157      2.192  33.475000    14.8697    5.95403      2.174    26.6357    19.5611 0.0000e+00
 158.426163      2.593  34.138513    14.5612    5.95570      2.571    27.4369    20.2396 0.0000e+00
 158.426169      3.029  34.967334    14.2284    5.94128      3.004    28.4186    21.0622 0.0000e+00
 158.426175      3.491  35.645095    13.9230    5.94517      3.462    29.2608    21.7722 0.0000e+00
 158.426181      3.972  36.011589    13.6779    5.96663      3.939    29.7843    22.2245 0.0000e+00
 158.426186      4.471  36.139243    13.4933    5.98512      4.434    30.0459    22.4629 0.0000e+00
 158.426192      4.983  36.172940    13.3587    6.01802      4.941    30.1831    22.5952 0.0000e+00
 158.426198      5.507  36.198486    13.2724    6.04161      5.461    30.2751    22.6830 0.0000e+00
 158.426204      6.038  36.243155    13.2303    6.07677      5.988    30.3499    22.7491 0.0000e+00
 158.426209      6.567  36.289611    13.2135    6.11780      6.512    30.4063    22.7960 0.0000e+00
 158.426215      7.094  36.321225    13.2052    6.15524      7.035    30.4422    22.8253 0.0000e+00
 158.426221      7.626  36.347022    13.2042    6.19113      7.562    30.4668    22.8446 0.0000e+00
 158.426227      8.167  36.382856    13.2124    6.21421      8.099    30.4934    22.8635 0.0000e+00
 158.426233      8.714  36.443382    13.2292    6.24445      8.641    30.5361    22.8933 0.0000e+00
 158.426238      9.257  36.536350    13.2515    6.25467      9.180    30.6045    22.9418 0.0000e+00
 158.426244      9.789  36.645458    13.2721    6.26579      9.707    30.6893    23.0033 0.0000e+00
 158.426250     10.305  36.743386    13.2854    6.25950     10.219    30.7695    23.0627 0.0000e+00
 158.426256     10.812  36.822688    13.2904    6.24627     10.721    30.8391    23.1155 0.0000e+00
 158.426262     11.321  36.884736    13.2892    6.23369     11.226    30.8976    23.1610 0.0000e+00
 158.426267     11.834  36.928089    13.2844    6.23111     11.735    30.9417    23.1960 0.0000e+00
 158.426273     12.350  36.956668    13.2758    6.22165     12.247    30.9751    23.2236 0.0000e+00
 158.426279     12.868  36.977692    13.2610    6.20887     12.760    31.0066    23.2508 0.0000e+00
 158.426285     13.385  36.994481    13.2416    6.18962     13.273    31.0378    23.2788 0.0000e+00
 158.426291     13.901  37.006387    13.2222    6.16065     13.785    31.0646    23.3033 0.0000e+00
 158.426296     14.415  37.014665    13.2023    6.13687     14.294    31.0884    23.3256 0.0000e+00
 158.426302     14.924  37.022463    13.1774    6.13015     14.799    31.1158    23.3517 0.0000e+00
 158.426308     15.431  37.031730    13.1442    6.11921     15.302    31.1515    23.3857 0.0000e+00
 158.426314     15.942  37.045813    13.1017    6.09732     15.808    31.1994    23.4310 0.0000e+00
 158.426319     16.461  37.064379    13.0493    6.07601     16.323    31.2597    23.4879 0.0000e+00
 158.426325     16.986  37.072880    12.9863    6.05728     16.844    31.3195    23.5463 0.0000e+00
 158.426331     17.516  37.056804    12.9170    6.07188     17.369    31.3615    23.5923 0.0000e+00
 158.426337     18.046  37.024410    12.8510    6.06292     17.895    31.3855    23.6236 0.0000e+00
 158.426343     18.567  36.990808    12.7899    6.01741     18.411    31.4043    23.6499 0.0000e+00
 158.426348     19.074  36.949857    12.7220    5.93405     18.914    31.4219    23.6766 0.0000e+00
 158.426354     19.570  36.890669    12.6373    5.85980     19.406    31.4363    23.7039 0.0000e+00
 158.426360     20.059  36.827970    12.5456    5.82443     19.891    31.4532    23.7344 0.0000e+00
 158.426366     20.547  36.785265    12.4599    5.80879     20.375    31.4841    23.7746 0.0000e+00
 158.426372     21.040  36.756617    12.3710    5.80943     20.863    31.5312    23.8278 0.0000e+00
 158.426377     21.539  36.718366    12.2598    5.84789     21.358    31.5881    23.8928 0.0000e+00
 158.426383     22.041  36.657053    12.1221    5.92741     21.856    31.6455    23.9629 0.0000e+00
 158.426389     22.544  36.571660    11.9790    6.01866     22.355    31.6845    24.0197 0.0000e+00
 158.426395     23.047  36.478981    11.8520    6.07573     22.853    31.7029    24.0573 0.0000e+00
 158.426400     23.546  36.400670    11.7410    6.06942     23.348    31.7216    24.0921 0.0000e+00
 158.426406     24.040  36.336029    11.6389    6.05398     23.838    31.7460    24.1296 0.0000e+00
 158.426412     24.525  36.276224    11.5481    6.01674     24.319    31.7654    24.1611 0.0000e+00
 158.426418     25.002  36.226729    11.4736    5.99325     24.792    31.7810    24.1866 0.0000e+00
 158.426424     25.480  36.191054    11.4096    5.92904     25.266    31.8010    24.2136 0.0000e+00
 158.426429     25.968  36.158048    11.3419    5.84526     25.750    31.8268    24.2457 0.0000e+00
 158.426435     26.463  36.113949    11.2582    5.79960     26.240    31.8556    24.2831 0.0000e+00
 158.426441     26.958  36.049279    11.1535    5.79778     26.731    31.8825    24.3225 0.0000e+00
 158.426447     27.459  35.966953    11.0329    5.85563     27.228    31.9058    24.3618 0.0000e+00
 158.426453     27.972  35.881677    10.8999    5.89204     27.737    31.9371    24.4094 0.0000e+00
 158.426458     28.490  35.792440    10.7590    5.88509     28.250    31.9714    24.4605 0.0000e+00
 158.426464     29.009  35.687898    10.6262    5.86114     28.765    31.9834    24.4927 0.0000e+00
 158.426470     29.527  35.576112    10.5148    5.82464     29.278    31.9694    24.5008 0.0000e+00
 158.426476     30.043  35.484650    10.4307    5.79898     29.790    31.9516    24.5012 0.0000e+00
 158.426481     30.560  35.431158    10.3699    5.77505     30.303    31.9512    24.5112 0.0000e+00
 158.426487     31.080  35.402033    10.3147    5.74277     30.818    31.9704    24.5354 0.0000e+00
 158.426493     31.603  35.373541    10.2475    5.69999     31.337    32.0007    24.5703 0.0000e+00
 158.426499     32.127  35.332331    10.1687    5.65047     31.856    32.0286    24.6052 0.0000e+00
 158.426505     32.647  35.280065    10.0956    5.59077     32.372    32.0404    24.6266 0.0000e+00
 158.426510     33.158  35.230013    10.0417    5.52463     32.879    32.0374    24.6331 0.0000e+00
 158.426516     33.658  35.192229    10.0030    5.45447     33.374    32.0333    24.6363 0.0000e+00
 158.426522     34.144  35.163399     9.9647    5.35574     33.856    32.0378    24.6462 0.0000e+00
 158.426528     34.618  35.130281     9.9136    5.24572     34.326    32.0494    24.6637 0.0000e+00
 158.426534     35.088  35.082890     9.8407    5.13383     34.792    32.0660    24.6885 0.0000e+00
