data/oxygen options/OCNMS/OCNMS2/raw_data/2006/CTD_TH080_060706faedb.cnv
* Sea-Bird SBE19 Data File:
* FileName = C:\Hypoxia_Data_2006\CTD_TH080_060706.hex
* Software Version 1.1.6
* Temperature SN = 2997
* Conductivity SN = 2997
* System UpLoad Time = Jun 07 2006 10:49:11
* SEACAT PROFILER V3.1c SN 2997   06/07/06  10:48:35.971
* strain gauge pressure sensor: S/N = 184829,  range = 3000 psia,  tc = 40
# nquan = 9
# nvalues = 79                          
# units = specified
# name 0 = timeJ: Julian Days
# name 1 = prSM: Pressure, Strain Gauge [db]
# name 2 = c0mS/cm: Conductivity [mS/cm]
# name 3 = t090C: Temperature [ITS-90, deg C]
# name 4 = oxML/L: Oxygen, Beckman/YSI [ml/l]
# name 5 = depSM: Depth [salt water, m], lat = 47.5
# name 6 = sal00: Salinity, Practical [PSU]
# name 7 = sigma-é00: Density [sigma-theta, kg/m^3]
# name 8 = flag: flag
# span 0 = 158.447651, 158.448653       
# span 1 =      2.000,     80.000       
# span 2 =  33.326390,  37.189572       
# span 3 =     7.8568,    14.9625       
# span 4 =    1.59150,    6.32478       
# span 5 =      1.983,     79.317       
# span 6 =    26.4425,    33.7511       
# span 7 =    19.3937,    26.3148       
# span 8 = 0.0000e+00, 0.0000e+00       
# interval = decibars: 1                
# start_time = Jun 07 2006 10:41:18 [Instrument's time stamp, header]
# bad_flag = -9.990e-29
*END*
 158.447651      2.000  33.326390    14.9625    6.26745      1.983    26.4425    19.3937 0.0000e+00
 158.447671      3.000  33.796661    14.6992    6.14949      2.975    27.0370    19.9041 0.0000e+00
 158.447684      4.000  34.671460    14.2879    6.10515      3.967    28.1073    20.8105 0.0000e+00
 158.447697      5.000  35.276436    13.9313    6.09491      4.958    28.9191    21.5071 0.0000e+00
 158.447708      6.000  35.449253    13.7211    6.04713      5.950    29.2354    21.7925 0.0000e+00
 158.447721      7.000  35.547533    13.6054    6.02796      6.942    29.4131    21.9525 0.0000e+00
 158.447732      8.000  35.628180    13.5131    6.11281      7.933    29.5580    22.0824 0.0000e+00
 158.447744      9.000  35.804639    13.4110    6.19114      8.925    29.7998    22.2890 0.0000e+00
 158.447755     10.000  36.079044    13.3442    6.19356      9.916    30.1056    22.5382 0.0000e+00
 158.447765     11.000  36.385774    13.3325    6.18338     10.908    30.3990    22.7673 0.0000e+00
 158.447777     12.000  36.685061    13.3469    6.19355     11.899    30.6651    22.9700 0.0000e+00
 158.447788     13.000  36.897471    13.3298    6.17939     12.891    30.8759    23.1364 0.0000e+00
 158.447799     14.000  36.991858    13.2779    6.16778     13.883    31.0055    23.2467 0.0000e+00
 158.447811     15.000  37.073494    13.2207    6.20426     14.874    31.1280    23.3526 0.0000e+00
 158.447823     16.000  37.109021    13.1279    6.25921     15.866    31.2370    23.4550 0.0000e+00
 158.447834     17.000  37.128205    13.0477    6.28473     16.858    31.3206    23.5353 0.0000e+00
 158.447844     18.000  37.164235    12.9964    6.32147     17.849    31.3965    23.6040 0.0000e+00
 158.447856     19.000  37.182223    12.9374    6.32478     18.841    31.4620    23.6661 0.0000e+00
 158.447867     20.000  37.189572    12.8756    6.18527     19.832    31.5200    23.7230 0.0000e+00
 158.447878     21.000  37.176933    12.7989    6.14659     20.824    31.5717    23.7778 0.0000e+00
 158.447890     22.000  37.103948    12.6369    6.01555     21.815    31.6379    23.8601 0.0000e+00
 158.447902     23.000  36.889739    12.3095    5.82961     22.807    31.7094    23.9775 0.0000e+00
 158.447914     24.000  36.608394    11.9707    5.82878     23.798    31.7264    24.0537 0.0000e+00
 158.447925     25.000  36.364234    11.5583    5.88383     24.790    31.8423    24.2188 0.0000e+00
 158.447936     26.000  36.020276    11.1133    5.91368     25.781    31.8892    24.3347 0.0000e+00
 158.447948     27.000  35.810798    10.8849    5.90787     26.773    31.8805    24.3679 0.0000e+00
 158.447959     28.000  35.735506    10.7761    5.88990     27.765    31.9002    24.4021 0.0000e+00
 158.447971     29.000  35.697712    10.7097    5.92994     28.756    31.9202    24.4291 0.0000e+00
 158.447982     30.000  35.666111    10.6596    5.96060     29.748    31.9321    24.4470 0.0000e+00
 158.447994     31.000  35.637558    10.6309    5.85207     30.739    31.9284    24.4491 0.0000e+00
 158.448006     32.000  35.622438    10.5977    5.61639     31.730    31.9419    24.4653 0.0000e+00
 158.448018     33.000  35.599101    10.5145    5.43433     32.722    31.9913    24.5179 0.0000e+00
 158.448029     34.000  35.501148    10.2893    5.27372     33.713    32.0910    24.6337 0.0000e+00
 158.448041     35.000  35.327912     9.9591    5.12245     34.705    32.2091    24.7807 0.0000e+00
 158.448054     36.000  35.175908     9.7186    5.06195     35.696    32.2692    24.8670 0.0000e+00
 158.448066     37.000  35.104884     9.5407    5.01790     36.688    32.3563    24.9638 0.0000e+00
 158.448079     38.000  35.007951     9.3416    4.94245     37.679    32.4364    25.0583 0.0000e+00
 158.448089     39.000  34.930814     9.2353    4.92829     38.671    32.4530    25.0880 0.0000e+00
 158.448101     40.000  34.896662     9.1627    4.83427     39.662    32.4834    25.1232 0.0000e+00
 158.448113     41.000  34.872128     9.0919    4.77637     40.654    32.5221    25.1646 0.0000e+00
 158.448127     42.000  34.853386     9.0301    4.67347     41.645    32.5587    25.2029 0.0000e+00
 158.448140     43.000  34.824734     8.9295    4.48781     42.637    32.6207    25.2671 0.0000e+00
 158.448152     44.000  34.820081     8.8579    4.32025     43.628    32.6813    25.3255 0.0000e+00
 158.448164     45.000  34.833222     8.7979    4.23537     44.620    32.7499    25.3885 0.0000e+00
 158.448174     46.000  34.803030     8.7319    4.15863     45.611    32.7789    25.4213 0.0000e+00
 158.448187     47.000  34.761304     8.6383    4.03048     46.603    32.8214    25.4690 0.0000e+00
 158.448199     48.000  34.718705     8.5665    3.89594     47.594    32.8430    25.4968 0.0000e+00
 158.448212     49.000  34.762245     8.5205    3.73833     48.585    32.9312    25.5729 0.0000e+00
 158.448224     50.000  34.800147     8.5249    3.52639     49.577    32.9665    25.5999 0.0000e+00
 158.448237     51.000  34.855386     8.5575    3.27288     50.568    32.9937    25.6163 0.0000e+00
 158.448249     52.000  34.956110     8.6030    3.13946     51.559    33.0566    25.6587 0.0000e+00
 158.448261     53.000  35.059442     8.6345    2.98306     52.551    33.1351    25.7154 0.0000e+00
 158.448275     54.000  35.089358     8.6567    2.80522     53.542    33.1453    25.7200 0.0000e+00
 158.448288     55.000  35.138385     8.6414    3.03375     54.533    33.2107    25.7736 0.0000e+00
 158.448301     56.000  35.082197     8.4984    3.38929     55.525    33.2857    25.8542 0.0000e+00
 158.448313     57.000  34.885282     8.2911    3.50716     56.517    33.2730    25.8754 0.0000e+00
 158.448327     58.000  34.800301     8.2436    3.29492     57.508    33.2274    25.8468 0.0000e+00
 158.448341     59.000  34.818142     8.2454    2.83272     58.499    33.2442    25.8597 0.0000e+00
 158.448354     60.000  34.887959     8.2621    2.44594     59.491    33.3019    25.9025 0.0000e+00
 158.448367     61.000  35.005099     8.3099    2.36091     60.482    33.3803    25.9570 0.0000e+00
 158.448380     62.000  35.041975     8.3063    2.39327     61.473    33.4224    25.9904 0.0000e+00
 158.448393     63.000  35.037179     8.2823    2.36030     62.465    33.4397    26.0076 0.0000e+00
 158.448408     64.000  35.034953     8.2596    2.31444     63.456    33.4584    26.0257 0.0000e+00
 158.448421     65.000  35.034680     8.2253    2.24942     64.448    33.4903    26.0559 0.0000e+00
 158.448434     66.000  35.032029     8.1999    2.15919     65.439    33.5113    26.0761 0.0000e+00
 158.448447     67.000  35.030553     8.1779    2.04971     66.430    33.5302    26.0943 0.0000e+00
 158.448461     68.000  35.025123     8.1386    2.00843     67.421    33.5616    26.1247 0.0000e+00
 158.448474     69.000  35.019092     8.1134    1.98396     68.412    33.5788    26.1420 0.0000e+00
 158.448489     70.000  35.016044     8.0965    1.96967     69.404    33.5913    26.1544 0.0000e+00
 158.448502     71.000  35.009490     8.0725    1.92769     70.396    33.6068    26.1701 0.0000e+00
 158.448515     72.000  35.005218     8.0535    1.82112     71.387    33.6200    26.1833 0.0000e+00
 158.448527     73.000  34.998310     8.0128    1.70273     72.378    33.6513    26.2139 0.0000e+00
 158.448541     74.000  34.979285     7.9538    1.65060     73.369    33.6873    26.2508 0.0000e+00
 158.448554     75.000  34.966625     7.9033    1.61563     74.360    33.7219    26.2854 0.0000e+00
 158.448568     76.000  34.957640     7.8680    1.60284     75.352    33.7459    26.3094 0.0000e+00
 158.448580     77.000  34.953537     7.8579    1.61752     76.343    33.7508    26.3148 0.0000e+00
 158.448595     78.000  34.952893     7.8568    1.60003     77.335    33.7507    26.3148 0.0000e+00
 158.448610     79.000  34.953925     7.8578    1.60396     78.325    33.7504    26.3144 0.0000e+00
 158.448653     80.000  34.957587     7.8606    1.59150     79.317    33.7511    26.3146 0.0000e+00
