data/oxygen options/OCNMS/OCNMS2/raw_data/2006/CTD_TH070_070606faed.cnv
* Sea-Bird SBE19 Data File:
* FileName = C:\Hypoxia_Data_2006\CTD_TH070_070606.hex
* Software Version 1.1.6
* Temperature SN = 2997
* Conductivity SN = 2997
* System UpLoad Time = Jul 06 2006 15:59:32
* SEACAT PROFILER V3.1c SN 2997   07/06/06  15:58:55.912
* strain gauge pressure sensor: S/N = 184829,  range = 3000 psia,  tc = 40
# nquan = 9                                 
# nvalues = 707                         
# units = specified
# name 0 = timeJ: Julian Days
# name 1 = prSM: Pressure, Strain Gauge [db]
# name 2 = c0mS/cm: Conductivity [mS/cm]
# name 3 = t090C: Temperature [ITS-90, deg C]
# name 4 = oxML/L: Oxygen, Beckman/YSI [ml/l]
# name 5 = depSM: Depth [salt water, m], lat = 47.5
# name 6 = sal00: Salinity, Practical [PSU]
# name 7 = sigma-é00: Density [sigma-theta, kg/m^3]
# name 8 = flag: flag
# span 0 = 187.659606, 187.663692       
# span 1 =     -3.812,     70.020       
# span 2 =   2.106969,  36.986264       
# span 3 =     7.4743,    13.6224       
# span 4 =   -0.07011,   35.93795       
# span 5 =     -3.780,     69.424       
# span 6 =     1.4041,    33.8763       
# span 7 =     0.3918,    26.4656       
# span 8 = 0.0000e+00, 0.0000e+00       
# interval = seconds: 0.5
# start_time = Jul 06 2006 15:49:50 [Instrument's time stamp, header]
# bad_flag = -9.990e-29
*END*
[from data line 161]
 187.660538      0.793  36.840010    12.4072    7.29722      0.786    31.5884    23.8648 -9.990e-29
 187.660544      0.788  36.840274    12.4083    7.30773      0.781    31.5877    23.8641 -9.990e-29
 187.660550      0.784  36.839660    12.4068    7.30632      0.777    31.5884    23.8649 -9.990e-29
 187.660556      0.792  36.839038    12.4033    7.30362      0.785    31.5907    23.8674 -9.990e-29
 187.660561      0.806  36.839270    12.4001    7.29934      0.799    31.5936    23.8702 -9.990e-29
 187.660567      0.820  36.840106    12.3998    7.30071      0.813    31.5947    23.8711 -9.990e-29
 187.660573      0.824  36.840421    12.4020    7.30376      0.817    31.5931    23.8695 -9.990e-29
 187.660579      0.821  36.840078    12.4039    7.29976      0.814    31.5912    23.8676 -9.990e-29
 187.660584      0.822  36.839746    12.4041    7.29786      0.815    31.5907    23.8672 -9.990e-29
 187.660590      0.836  36.839547    12.4034    7.27880      0.829    31.5911    23.8677 -9.990e-29
 187.660596      0.856  36.839224    12.4030    7.27732      0.849    31.5911    23.8677 -9.990e-29
 187.660602      0.869  36.838910    12.4036    7.28897      0.862    31.5903    23.8670 -9.990e-29
 187.660608      0.873  36.838751    12.4049    7.28822      0.866    31.5891    23.8658 -9.990e-29
 187.660613      0.871  36.838540    12.4052    7.29790      0.864    31.5886    23.8654 -9.990e-29
 187.660619      0.873  36.838002    12.4028    7.29696      0.866    31.5901    23.8670 -9.990e-29
 187.660625      0.883  36.837545    12.3996    7.29726      0.876    31.5924    23.8694 -9.990e-29
 187.660631      0.897  36.838250    12.3983    7.30840      0.890    31.5942    23.8710 -9.990e-29
 187.660637      0.907  36.839378    12.3993    7.30120      0.899    31.5944    23.8710 -9.990e-29
 187.660642      0.910  36.839631    12.4009    7.30387      0.902    31.5933    23.8698 -9.990e-29
 187.660648      0.911  36.839349    12.4010    7.28835      0.903    31.5929    23.8695 -9.990e-29
 187.660654      0.917  36.838724    12.3999    7.29074      0.909    31.5933    23.8700 -9.990e-29
 187.660660      0.929  36.838049    12.3999    7.30295      0.921    31.5926    23.8695 -9.990e-29
 187.660666      0.940  36.838113    12.4012    7.31214      0.932    31.5916    23.8684 -9.990e-29
 187.660671      0.946  36.838444    12.4006    7.33301      0.938    31.5924    23.8692 -9.990e-29
 187.660677      0.952  36.838363    12.3956    7.32377      0.944    31.5965    23.8733 -9.990e-29
 187.660683      0.961  36.837769    12.3895    7.30936      0.953    31.6011    23.8780 -9.990e-29
 187.660689      0.971  36.837000    12.3874    7.30071      0.963    31.6021    23.8792 -9.990e-29
 187.660694      0.978  36.837277    12.3898    7.29627      0.970    31.6003    23.8774 -9.990e-29
 187.660700      0.982  36.838410    12.3931    7.30143      0.974    31.5987    23.8754 -9.990e-29
 187.660706      0.988  36.839110    12.3952    7.29851      0.980    31.5975    23.8742 -9.990e-29
 187.660712      1.001  36.839192    12.3962    7.30428      0.993    31.5968    23.8734 -9.990e-29
 187.660718      1.016  36.839334    12.3969    7.29872      1.008    31.5963    23.8729 -9.990e-29
 187.660723      1.027  36.839729    12.3979    7.29623      1.018    31.5958    23.8724 -9.990e-29
 187.660729      1.030  36.839785    12.3995    7.29123      1.021    31.5946    23.8711 -9.990e-29
 187.660735      1.029  36.839584    12.4014    7.29353      1.020    31.5928    23.8693 -9.990e-29
 187.660741      1.029  36.839421    12.4025    7.30062      1.020    31.5917    23.8683 -9.990e-29
 187.660747      1.033  36.839085    12.4019    7.31145      1.024    31.5919    23.8685 -9.990e-29
 187.660752      1.047  36.838694    12.4000    7.30722      1.038    31.5931    23.8698 -9.990e-29
 187.660758      1.067  36.838853    12.3977    7.30120      1.058    31.5952    23.8719 -9.990e-29
 187.660764      1.086  36.839219    12.3963    7.28336      1.077    31.5967    23.8733 -9.990e-29
 187.660770      1.095  36.839162    12.3965    7.27792      1.086    31.5965    23.8731 -9.990e-29
 187.660775      1.093  36.839172    12.3983    7.28145      1.084    31.5950    23.8716 -9.990e-29
 187.660781      1.082  36.839265    12.4003    7.30015      1.073    31.5934    23.8700 -9.990e-29
 187.660787      1.075  36.839009    12.4008    7.31894      1.066    31.5927    23.8694 -9.990e-29
 187.660793      1.084  36.838629    12.3991    7.31886      1.075    31.5938    23.8705 -9.990e-29
 187.660799      1.110  36.838749    12.3969    7.28512      1.101    31.5957    23.8725 -9.990e-29
 187.660804      1.138  36.838971    12.3972    7.27756      1.128    31.5957    23.8724 -9.990e-29
 187.660810      1.151  36.838471    12.4010    7.26810      1.141    31.5920    23.8688 -9.990e-29
 187.660816      1.152  36.837708    12.4058    7.27202      1.142    31.5872    23.8642 -9.990e-29
 187.660822      1.148  36.836791    12.4082    7.28482      1.138    31.5843    23.8615 -9.990e-29
 187.660828      1.148  36.835625    12.4064    7.29115      1.138    31.5847    23.8621 -9.990e-29
 187.660833      1.156  36.834908    12.4026    7.28272      1.146    31.5872    23.8648 -9.990e-29
 187.660839      1.168  36.834811    12.4020    7.27734      1.158    31.5877    23.8652 -9.990e-29
 187.660845      1.177  36.835208    12.4058    7.27373      1.167    31.5848    23.8623 -9.990e-29
 187.660851      1.183  36.836070    12.4102    7.27810      1.173    31.5819    23.8593 -9.990e-29
 187.660856      1.191  36.837430    12.4124    7.27935      1.181    31.5814    23.8584 -9.990e-29
 187.660862      1.196  36.839985    12.4124    7.30041      1.186    31.5838    23.8603 -9.990e-29
 187.660868      1.200  36.843219    12.4103    7.31132      1.190    31.5887    23.8645 -9.990e-29
 187.660874      1.207  36.844718    12.4064    7.31325      1.197    31.5934    23.8688 -9.990e-29
 187.660880      1.213  36.844242    12.4037    7.31226      1.203    31.5952    23.8708 -9.990e-29
 187.660885      1.214  36.843966    12.4041    7.28170      1.204    31.5946    23.8702 -9.990e-29
 187.660891      1.210  36.844646    12.4078    7.25652      1.200    31.5921    23.8676 -9.990e-29
 187.660897      1.201  36.846071    12.4142    7.22856      1.191    31.5881    23.8633 -9.990e-29
 187.660903      1.191  36.847901    12.4210    7.22020      1.181    31.5841    23.8589 -9.990e-29
 187.660909      1.187  36.849217    12.4254    7.22376      1.177    31.5817    23.8562 -9.990e-29
 187.660914      1.193  36.849535    12.4255    7.24720      1.183    31.5819    23.8564 -9.990e-29
 187.660920      1.207  36.848726    12.4213    7.28210      1.197    31.5847    23.8593 -9.990e-29
 187.660926      1.223  36.847398    12.4142    7.29341      1.213    31.5894    23.8643 -9.990e-29
 187.660932      1.244  36.846031    12.4065    7.29023      1.234    31.5945    23.8697 -9.990e-29
 187.660937      1.262  36.844487    12.4027    7.24540      1.251    31.5963    23.8718 -9.990e-29
 187.660943      1.265  36.843515    12.4060    7.21298      1.254    31.5925    23.8683 -9.990e-29
 187.660949      1.250  36.842942    12.4142    7.18956      1.240    31.5851    23.8610 -9.990e-29
 187.660955      1.223  36.840325    12.4216    7.17921      1.213    31.5764    23.8528 -9.990e-29
 187.660961      1.201  36.835547    12.4264    7.18745      1.191    31.5678    23.8453 -9.990e-29
 187.660966      1.190  36.833465    12.4299    7.17453      1.180    31.5629    23.8408 -9.990e-29
 187.660972      1.186  36.835798    12.4321    7.17332      1.176    31.5633    23.8407 -9.990e-29
 187.660978      1.183  36.838371    12.4340    7.17443      1.173    31.5641    23.8410 -9.990e-29
 187.660984      1.187  36.839009    12.4353    7.18875      1.177    31.5636    23.8404 -9.990e-29
 187.660990      1.201  36.839127    12.4326    7.20909      1.191    31.5660    23.8427 -9.990e-29
 187.660995      1.223  36.837205    12.4253    7.21525      1.213    31.5703    23.8474 -9.990e-29
 187.661001      1.244  36.832930    12.4173    7.22272      1.234    31.5730    23.8510 -9.990e-29
 187.661007      1.263  36.831265    12.4129    7.21753      1.252    31.5751    23.8534 -9.990e-29
 187.661013      1.279  36.831677    12.4130    7.21872      1.268    31.5754    23.8536 -9.990e-29
 187.661019      1.295  36.831350    12.4151    7.22689      1.284    31.5733    23.8516 -9.990e-29
 187.661024      1.312  36.831533    12.4164    7.21083      1.301    31.5724    23.8507 -9.990e-29
 187.661030      1.326  36.832475    12.4157    7.21445      1.315    31.5738    23.8520 -9.990e-29
 187.661036      1.333  36.833192    12.4141    7.21991      1.322    31.5759    23.8538 -9.990e-29
 187.661042      1.339  36.833519    12.4133    7.23028      1.328    31.5768    23.8547 -9.990e-29
 187.661047      1.348  36.833897    12.4124    7.26798      1.337    31.5780    23.8558 -9.990e-29
 187.661053      1.360  36.834270    12.4094    7.26960      1.349    31.5808    23.8586 -9.990e-29
 187.661059      1.378  36.835137    12.4052    7.24852      1.366    31.5852    23.8627 -9.990e-29
 187.661065      1.396  36.836535    12.4035    7.21986      1.384    31.5879    23.8652 -9.990e-29
 187.661071      1.408  36.836963    12.4058    7.18986      1.396    31.5864    23.8636 -9.990e-29
 187.661076      1.411  36.836431    12.4102    7.20239      1.399    31.5822    23.8595 -9.990e-29
 187.661082      1.409  36.835351    12.4134    7.22522      1.397    31.5785    23.8560 -9.990e-29
 187.661088      1.410  36.832848    12.4132    7.24066      1.398    31.5763    23.8543 -9.990e-29
 187.661094      1.418  36.830078    12.4093    7.25864      1.406    31.5769    23.8555 -9.990e-29
 187.661100      1.430  36.828397    12.4046    7.25145      1.418    31.5792    23.8582 -9.990e-29
 187.661105      1.439  36.827251    12.4036    7.21135      1.427    31.5790    23.8582 -9.990e-29
 187.661111      1.440  36.827354    12.4070    7.18419      1.428    31.5762    23.8555 -9.990e-29
 187.661117      1.433  36.828846    12.4115    7.18085      1.421    31.5739    23.8528 -9.990e-29
 187.661123      1.422  36.829788    12.4144    7.19403      1.410    31.5723    23.8510 -9.990e-29
 187.661128      1.416  36.829196    12.4141    7.22680      1.404    31.5720    23.8509 -9.990e-29
 187.661134      1.422  36.828530    12.4086    7.25262      1.410    31.5760    23.8550 -9.990e-29
 187.661140      1.441  36.828587    12.4002    7.24759      1.429    31.5831    23.8621 -9.990e-29
 187.661146      1.460  36.828323    12.3962    7.24320      1.448    31.5862    23.8652 -9.990e-29
 187.661152      1.474  36.827947    12.3990    7.21785      1.462    31.5835    23.8626 -9.990e-29
 187.661157      1.482  36.827519    12.4048    7.19419      1.470    31.5782    23.8574 -9.990e-29
 187.661163      1.485  36.826469    12.4090    7.20063      1.473    31.5737    23.8531 -9.990e-29
 187.661169      1.483  36.825084    12.4094    7.21223      1.471    31.5720    23.8517 -9.990e-29
 187.661175      1.481  36.822641    12.4062    7.23961      1.469    31.5724    23.8526 -9.990e-29
 187.661181      1.482  36.820374    12.3991    7.26248      1.470    31.5762    23.8569 -9.990e-29
 187.661186      1.487  36.821434    12.3883    7.26926      1.475    31.5863    23.8668 -9.990e-29
 187.661192      1.496  36.824429    12.3786    7.26597      1.484    31.5973    23.8771 -9.990e-29
 187.661198      1.505  36.826622    12.3746    7.26318      1.492    31.6028    23.8821 -9.990e-29
 187.661204      1.511  36.827572    12.3759    7.26133      1.498    31.6026    23.8817 -9.990e-29
 187.661209      1.514  36.827421    12.3796    7.25977      1.501    31.5993    23.8785 -9.990e-29
 187.661215      1.518  36.827091    12.3837    7.25989      1.505    31.5956    23.8748 -9.990e-29
 187.661221      1.528  36.827829    12.3869    7.26974      1.515    31.5936    23.8727 -9.990e-29
 187.661227      1.541  36.829500    12.3880    7.28427      1.528    31.5942    23.8730 -9.990e-29
 187.661233      1.552  36.831529    12.3873    7.27987      1.539    31.5967    23.8751 -9.990e-29
 187.661238      1.563  36.833819    12.3858    7.28508      1.550    31.6002    23.8780 -9.990e-29
 187.661244      1.570  36.834939    12.3852    7.26570      1.557    31.6018    23.8793 -9.990e-29
 187.661250      1.570  36.834700    12.3869    7.25863      1.557    31.6001    23.8777 -9.990e-29
 187.661256      1.565  36.834466    12.3896    7.25074      1.552    31.5976    23.8753 -9.990e-29
 187.661262      1.561  36.833928    12.3910    7.25211      1.548    31.5959    23.8737 -9.990e-29
 187.661267      1.557  36.832932    12.3912    7.23648      1.544    31.5948    23.8728 -9.990e-29
 187.661273      1.553  36.832397    12.3919    7.21754      1.540    31.5937    23.8718 -9.990e-29
 187.661279      1.549  36.832173    12.3938    7.20146      1.536    31.5919    23.8701 -9.990e-29
 187.661285      1.544  36.830841    12.3965    7.20707      1.531    31.5883    23.8668 -9.990e-29
 187.661291      1.539  36.827749    12.3987    7.23587      1.526    31.5835    23.8627 -9.990e-29
 187.661296      1.540  36.825508    12.3995    7.24221      1.527    31.5807    23.8604 -9.990e-29
 187.661302      1.557  36.826744    12.3998    7.22877      1.544    31.5817    23.8610 -9.990e-29
 187.661308      1.579  36.829181    12.4016    7.21780      1.566    31.5825    23.8613 -9.990e-29
 187.661314      1.589  36.831019    12.4053    7.21554      1.576    31.5811    23.8595 -9.990e-29
 187.661319      1.587  36.833587    12.4103    7.22986      1.574    31.5793    23.8572 -9.990e-29
 187.661325      1.588  36.838068    12.4155    7.24371      1.575    31.5792    23.8562 -9.990e-29
 187.661331      1.603  36.842026    12.4179    7.24393      1.590    31.5810    23.8571 -9.990e-29
 187.661337      1.630  36.840642    12.4170    7.24203      1.616    31.5804    23.8568 -9.990e-29
 187.661343      1.653  36.837126    12.4172    7.23152      1.639    31.5769    23.8540 -9.990e-29
 187.661348      1.664  36.837448    12.4192    7.23365      1.650    31.5755    23.8526 -9.990e-29
 187.661354      1.666  36.839233    12.4200    7.22839      1.652    31.5765    23.8532 -9.990e-29
 187.661360      1.661  36.839255    12.4188    7.21423      1.647    31.5776    23.8543 -9.990e-29
 187.661366      1.663  36.838106    12.4168    7.21016      1.649    31.5781    23.8551 -9.990e-29
 187.661372      1.675  36.836502    12.4152    7.20524      1.661    31.5780    23.8553 -9.990e-29
 187.661377      1.687  36.835671    12.4156    7.21079      1.673    31.5768    23.8543 -9.990e-29
 187.661383      1.689  36.836188    12.4175    7.21711      1.675    31.5757    23.8531 -9.990e-29
 187.661389      1.687  36.836502    12.4174    7.20969      1.673    31.5761    23.8534 -9.990e-29
 187.661395      1.689  36.835351    12.4134    7.22281      1.675    31.5784    23.8559 -9.990e-29
 187.661400      1.695  36.833447    12.4086    7.22658      1.681    31.5806    23.8585 -9.990e-29
 187.661406      1.701  36.832739    12.4079    7.23298      1.687    31.5805    23.8586 -9.990e-29
 187.661412      1.707  36.833968    12.4129    7.22269      1.693    31.5775    23.8553 -9.990e-29
 187.661418      1.710  36.836528    12.4217    7.22289      1.696    31.5725    23.8498 -9.990e-29
 187.661424      1.706  36.839908    12.4312    7.22173      1.692    31.5677    23.8443 -9.990e-29
 187.661429      1.697  36.843568    12.4408    7.21120      1.683    31.5632    23.8390 -9.990e-29
 187.661435      1.694  36.846784    12.4538    7.20807      1.680    31.5553    23.8304 -9.990e-29
 187.661441      1.699  36.853285    12.4669    7.20364      1.685    31.5505    23.8242 -9.990e-29
 187.661447      1.708  36.865572    12.4666    7.20053      1.694    31.5624    23.8335 -9.990e-29
 187.661453      1.714  36.877032    12.4544    7.19875      1.700    31.5836    23.8522 -9.990e-29
