data/oxygen options/OCNMS/OCNMS2/raw_data/2006/CTD_TH080_060706faed.cnv
* Sea-Bird SBE19 Data File:
* FileName = C:\Hypoxia_Data_2006\CTD_TH080_060706.hex
* Software Version 1.1.6
* Temperature SN = 2997
* Conductivity SN = 2997
* System UpLoad Time = Jun 07 2006 10:49:11
* SEACAT PROFILER V3.1c SN 2997   06/07/06  10:48:35.971
* strain gauge pressure sensor: S/N = 184829,  range = 3000 psia,  tc = 40
# nquan = 9                                 
# nvalues = 769                         
# units = specified
# name 0 = timeJ: Julian Days
# name 1 = prSM: Pressure, Strain Gauge [db]
# name 2 = c0mS/cm: Conductivity [mS/cm]
# name 3 = t090C: Temperature [ITS-90, deg C]
# name 4 = oxML/L: Oxygen, Beckman/YSI [ml/l]
# name 5 = depSM: Depth [salt water, m], lat = 47.5
# name 6 = sal00: Salinity, Practical [PSU]
# name 7 = sigma-é00: Density [sigma-theta, kg/m^3]
# name 8 = flag: flag
# span 0 = 158.445347, 158.449792       
# span 1 =     -5.230,     80.463       
# span 2 =   0.414969,  37.191236       
# span 3 =     7.8566,    15.1047       
# span 4 =   -0.07137,   32.95224       
# span 5 =     -5.186,     79.776       
# span 6 =     0.2611,    33.7522       
# span 7 =    -0.4571,    26.3153       
# span 8 = 0.0000e+00, 0.0000e+00       
# interval = seconds: 0.5
# start_time = Jun 07 2006 10:41:18 [Instrument's time stamp, header]
# bad_flag = -9.990e-29
*END*
[from data line 641]
 158.449057     53.888  35.014162     8.6228    2.81424     53.431    33.0982    25.6883 0.0000e+00
 158.449063     53.435  35.061239     8.6444    2.79215     52.982    33.1276    25.7080 0.0000e+00
 158.449068     53.002  35.086755     8.6481    2.77219     52.553    33.1511    25.7259 0.0000e+00
 158.449074     52.591  35.100082     8.6447    2.78314     52.145    33.1685    25.7400 0.0000e+00
 158.449080     52.202  35.107235     8.6400    2.84902     51.760    33.1806    25.7502 0.0000e+00
 158.449086     51.823  35.108802     8.6333    2.96846     51.384    33.1887    25.7576 0.0000e+00
 158.449091     51.430  35.102964     8.6234    3.14172     50.994    33.1920    25.7617 0.0000e+00
 158.449097     51.011  35.086444     8.6073    3.32740     50.579    33.1900    25.7625 0.0000e+00
 158.449103     50.565  35.047891     8.5838    3.50459     50.137    33.1717    25.7518 0.0000e+00
 158.449109     50.089  34.986956     8.5599    3.66502     49.665    33.1303    25.7229 0.0000e+00
 158.449115     49.582  34.926168     8.5420    3.78876     49.162    33.0833    25.6889 0.0000e+00
 158.449120     49.057  34.876471     8.5277    3.86598     48.642    33.0447    25.6607 0.0000e+00
 158.449126     48.530  34.832190     8.5149    3.90978     48.119    33.0103    25.6357 0.0000e+00
 158.449132     48.019  34.792631     8.5065    3.93191     47.613    32.9767    25.6107 0.0000e+00
 158.449138     47.543  34.761712     8.5045    3.94581     47.141    32.9462    25.5871 0.0000e+00
 158.449144     47.106  34.741971     8.5071    3.97132     46.708    32.9232    25.5686 0.0000e+00
 158.449149     46.693  34.735708     8.5112    3.98901     46.298    32.9130    25.5600 0.0000e+00
 158.449155     46.287  34.740202     8.5167    4.06182     45.896    32.9128    25.5590 0.0000e+00
 158.449161     45.869  34.745765     8.5292    4.15295     45.481    32.9072    25.5527 0.0000e+00
 158.449167     45.432  34.747494     8.5550    4.26599     45.048    32.8852    25.5315 0.0000e+00
 158.449172     44.977  34.749959     8.5925    4.39907     44.597    32.8531    25.5007 0.0000e+00
 158.449178     44.509  34.758152     8.6327    4.50256     44.133    32.8245    25.4722 0.0000e+00
 158.449184     44.028  34.767321     8.6762    4.60625     43.656    32.7940    25.4417 0.0000e+00
 158.449190     43.530  34.770092     8.7349    4.69152     43.162    32.7428    25.3926 0.0000e+00
 158.449196     43.017  34.767945     8.8073    4.75708     42.654    32.6739    25.3276 0.0000e+00
 158.449201     42.503  34.767578     8.8749    4.81798     42.144    32.6116    25.2683 0.0000e+00
 158.449207     42.008  34.774702     8.9199    4.86044     41.653    32.5779    25.2350 0.0000e+00
 158.449213     41.542  34.785392     8.9386    4.87863     41.191    32.5721    25.2276 0.0000e+00
 158.449219     41.102  34.790943     8.9436    4.89535     40.755    32.5735    25.2279 0.0000e+00
 158.449225     40.676  34.792618     8.9545    4.93550     40.333    32.5654    25.2199 0.0000e+00
 158.449230     40.252  34.794916     8.9902    5.00466     39.912    32.5353    25.1908 0.0000e+00
 158.449236     39.817  34.802042     9.0505    5.08503     39.481    32.4878    25.1442 0.0000e+00
 158.449242     39.380  34.819590     9.1129    5.18367     39.048    32.4492    25.1043 0.0000e+00
 158.449248     38.947  34.843507     9.1649    5.28707     38.618    32.4269    25.0787 0.0000e+00
 158.449253     38.511  34.863653     9.2120    5.30913     38.186    32.4051    25.0542 0.0000e+00
 158.449259     38.062  34.876639     9.2793    5.30474     37.741    32.3576    25.0065 0.0000e+00
 158.449265     37.593  34.893638     9.3900    5.32307     37.276    32.2753    24.9246 0.0000e+00
 158.449271     37.109  34.928368     9.5270    5.38544     36.796    32.1878    24.8344 0.0000e+00
 158.449277     36.625  34.974449     9.6497    5.52802     36.316    32.1253    24.7658 0.0000e+00
 158.449282     36.154  35.024382     9.7281    5.62434     35.849    32.1063    24.7383 0.0000e+00
 158.449288     35.695  35.078056     9.7558    5.71544     35.394    32.1364    24.7573 0.0000e+00
 158.449294     35.245  35.120150     9.7624    5.80303     34.948    32.1736    24.7853 0.0000e+00
 158.449300     34.797  35.146814     9.8019    5.88925     34.504    32.1656    24.7726 0.0000e+00
 158.449306     34.340  35.170627     9.9330    5.97181     34.051    32.0732    24.6790 0.0000e+00
 158.449311     33.866  35.214943    10.1505    6.01441     33.581    31.9257    24.5281 0.0000e+00
 158.449317     33.374  35.297929    10.3495    6.03411     33.093    31.8345    24.4237 0.0000e+00
 158.449323     32.872  35.383331    10.4633    6.02946     32.595    31.8206    24.3937 0.0000e+00
 158.449329     32.367  35.439264    10.5102    6.01004     32.094    31.8357    24.3974 0.0000e+00
 158.449334     31.860  35.478673    10.5222    6.02550     31.592    31.8647    24.4180 0.0000e+00
 158.449340     31.354  35.511513    10.5305    6.05394     31.090    31.8904    24.4366 0.0000e+00
 158.449346     30.851  35.533922    10.5481    6.15067     30.591    31.8976    24.4392 0.0000e+00
 158.449352     30.353  35.546634    10.5676    6.26505     30.097    31.8934    24.4326 0.0000e+00
 158.449358     29.854  35.562134    10.5939    6.21610     29.603    31.8861    24.4224 0.0000e+00
 158.449363     29.343  35.581483    10.6466    6.13509     29.096    31.8596    24.3928 0.0000e+00
 158.449369     28.819  35.599656    10.7314    6.13530     28.576    31.8040    24.3349 0.0000e+00
 158.449375     28.286  35.630812    10.8455    6.17844     28.048    31.7360    24.2624 0.0000e+00
 158.449381     27.753  35.686235    10.9792    6.35243     27.520    31.6754    24.1920 0.0000e+00
 158.449387     27.234  35.770869    11.1143    6.53528     27.005    31.6426    24.1428 0.0000e+00
 158.449392     26.738  35.869716    11.2230    6.54324     26.513    31.6464    24.1266 0.0000e+00
 158.449398     26.254  35.927275    11.2969    6.49726     26.033    31.6396    24.1082 0.0000e+00
 158.449404     25.771  35.945737    11.4139    6.49412     25.554    31.5577    24.0238 0.0000e+00
 158.449410     25.286  36.006971    11.6244    6.51124     25.073    31.4384    23.8934 0.0000e+00
 158.449416     24.803  36.135996    11.8588    6.57792     24.595    31.3654    23.7942 0.0000e+00
 158.449421     24.326  36.325382    12.0627    6.62160     24.122    31.3763    23.7652 0.0000e+00
 158.449427     23.854  36.542186    12.2244    6.58343     23.654    31.4484    23.7912 0.0000e+00
 158.449433     23.378  36.685111    12.3477    6.50738     23.182    31.4817    23.7938 0.0000e+00
 158.449439     22.891  36.745075    12.4726    6.45527     22.699    31.4343    23.7337 0.0000e+00
 158.449444     22.394  36.807126    12.6027    6.43292     22.206    31.3849    23.6707 0.0000e+00
 158.449450     21.900  36.896812    12.6960    6.43922     21.716    31.3923    23.6587 0.0000e+00
 158.449456     21.415  36.983410    12.7464    6.45868     21.235    31.4324    23.6801 0.0000e+00
 158.449462     20.939  37.046106    12.7765    6.45333     20.763    31.4668    23.7009 0.0000e+00
 158.449468     20.463  37.075968    12.7951    6.43131     20.291    31.4797    23.7073 0.0000e+00
 158.449473     19.972  37.073006    12.8174    6.41539     19.804    31.4585    23.6866 0.0000e+00
 158.449479     19.463  37.059664    12.8627    6.39421     19.300    31.4084    23.6391 0.0000e+00
 158.449485     18.941  37.051839    12.9221    6.37416     18.782    31.3520    23.5840 0.0000e+00
 158.449491     18.411  37.043610    12.9784    6.36304     18.257    31.2979    23.5313 0.0000e+00
 158.449497     17.878  37.031894    13.0273    6.35148     17.728    31.2468    23.4822 0.0000e+00
 158.449502     17.352  37.019616    13.0702    6.34069     17.206    31.2002    23.4378 0.0000e+00
 158.449508     16.836  37.008394    13.1066    6.32246     16.695    31.1600    23.3996 0.0000e+00
 158.449514     16.334  36.995639    13.1383    6.32490     16.197    31.1222    23.3643 0.0000e+00
 158.449520     15.842  36.975033    13.1690    6.32173     15.709    31.0780    23.3241 0.0000e+00
 158.449525     15.350  36.942694    13.1985    6.31727     15.221    31.0239    23.2765 0.0000e+00
 158.449531     14.850  36.894801    13.2254    6.30506     14.726    30.9575    23.2199 0.0000e+00
 158.449537     14.343  36.832601    13.2492    6.30444     14.223    30.8803    23.1556 0.0000e+00
 158.449543     13.840  36.762968    13.2656    6.31072     13.724    30.8024    23.0921 0.0000e+00
 158.449549     13.343  36.689608    13.2720    6.32426     13.231    30.7291    23.0342 0.0000e+00
 158.449554     12.847  36.611210    13.2742    6.33214     12.739    30.6546    22.9761 0.0000e+00
 158.449560     12.349  36.526433    13.2775    6.31887     12.246    30.5732    22.9126 0.0000e+00
 158.449566     11.848  36.447881    13.2846    6.31551     11.749    30.4947    22.8505 0.0000e+00
 158.449572     11.338  36.371233    13.2995    6.31524     11.243    30.4117    22.7835 0.0000e+00
 158.449578     10.816  36.257683    13.3243    6.31476     10.725    30.2868    22.6821 0.0000e+00
 158.449583     10.284  36.105043    13.3586    6.29664     10.198    30.1183    22.5453 0.0000e+00
 158.449589      9.745  35.954363    13.3992    6.26865      9.663    29.9470    22.4051 0.0000e+00
 158.449595      9.210  35.826305    13.4408    6.24592      9.133    29.7964    22.2806 0.0000e+00
 158.449601      8.681  35.725135    13.4767    6.27501      8.608    29.6753    22.1800 0.0000e+00
 158.449606      8.165  35.657875    13.4987    6.32455      8.097    29.5964    22.1148 0.0000e+00
 158.449612      7.671  35.617304    13.5028    6.40406      7.607    29.5560    22.0829 0.0000e+00
 158.449618      7.197  35.606545    13.4977    6.50910      7.137    29.5502    22.0794 0.0000e+00
 158.449624      6.726  35.619672    13.5025    6.62035      6.670    29.5588    22.0850 0.0000e+00
 158.449630      6.246  35.616981    13.5407    6.71705      6.194    29.5270    22.0530 0.0000e+00
 158.449635      5.755  35.579740    13.6221    6.78403      5.707    29.4302    21.9624 0.0000e+00
 158.449641      5.258  35.507650    13.7400    6.85950      5.214    29.2741    21.8187 0.0000e+00
 158.449647      4.760  35.402186    13.8878    6.90615      4.720    29.0658    21.6288 0.0000e+00
 158.449653      4.273  35.253428    14.0549    6.88196      4.237    28.8053    21.3947 0.0000e+00
 158.449659      3.801  35.045887    14.2263    6.78113      3.769    28.4907    21.1181 0.0000e+00
 158.449664      3.338  34.786085    14.3915    6.63446      3.310    28.1365    20.8122 0.0000e+00
 158.449670      2.886  34.498334    14.5428    6.47860      2.862    27.7705    20.4999 0.0000e+00
 158.449676      2.446  34.212843    14.6646    6.37341      2.426    27.4302    20.2135 0.0000e+00
 158.449682      2.027  33.942062    14.7438    6.34760      2.010    27.1348    19.9703 0.0000e+00
 158.449688      1.651  33.729244    14.7874    7.17057      1.637    26.9165    19.7936 0.0000e+00
 158.449693      1.324  33.652293    14.8146    7.15487      1.313    26.8300    19.7216 0.0000e+00
 158.449699      1.046  33.666369    14.8222    7.11321      1.037    26.8373    19.7256 0.0000e+00
 158.449705      0.820  33.654005    14.7884    7.10794      0.813    26.8497    19.7420 0.0000e+00
 158.449711      0.646  33.618907    14.7241    7.11295      0.641    26.8630    19.7652 0.0000e+00
 158.449716      0.512  33.587168    14.6566    7.15078      0.508    26.8814    19.7930 -9.990e-29
 158.449722      0.406  33.496840    14.5963    7.21870      0.403    26.8430    19.7756 -9.990e-29
 158.449728      0.325  33.229716    14.5434    7.21937      0.322    26.6424    19.6320 -9.990e-29
 158.449734      0.268  32.453726    14.4959    7.26979      0.266    25.9870    19.1373 -9.990e-29
 158.449740      0.227  30.070293    14.4540 -9.990e-29      0.225    23.9140    17.5519 -9.990e-29
 158.449745      0.191  23.464283    14.4156 -9.990e-29      0.189    18.2280    13.1929 -9.990e-29
 158.449751      0.159  13.896924    14.3726 -9.990e-29      0.158    10.3173     7.1325 -9.990e-29
 158.449757      0.131   7.361050    14.3194 -9.990e-29      0.130     5.2089     3.2192 -9.990e-29
 158.449763      0.107   5.056660    14.2617 -9.990e-29      0.106     3.4912     1.9065 -9.990e-29
 158.449769      0.089   4.442229    14.2050 -9.990e-29      0.088     3.0454     1.5716 -9.990e-29
 158.449774      0.076   4.319418    14.1501 -9.990e-29      0.075     2.9600     1.5140 -9.990e-29
 158.449780      0.062   4.114242    14.1043 -9.990e-29      0.061     2.8140     1.4081 -9.990e-29
 158.449786      0.052   3.856049    14.0853 -9.990e-29      0.052     2.6279     1.2674 -9.990e-29
 158.449792      0.049   3.711953 -9.990e-29 -9.990e-29      0.049 -9.990e-29 -9.990e-29 -9.990e-29
