data/oxygen options/ONMS/Olympic_Coast_National_Marine_Sanctuary_CTD_Data_2005_2023/raw_data/2016/CAST_CE042_160524faed.cnv
* Sea-Bird SBE19 Data File:
* FileName = C:\2016 Mooring Data\CAST_CE042_160524.hex
* Software Version 1.59
* Temperature SN = 2997
* Conductivity SN = 2997
* System UpLoad Time = May 24 2016 22:37:22
** CAST_CE042_160524
* ds
# nquan = 9                                 
# nvalues = 1196                        
# units = specified
# name 0 = timeJ: Julian Days
# name 1 = prSM: Pressure, Strain Gauge [db]
# name 2 = c0mS/cm: Conductivity [mS/cm]
# name 3 = t090C: Temperature [ITS-90, deg C]
# name 4 = sbeox0ML/L: Oxygen, SBE 43 [ml/l]
# name 5 = depSM: Depth [salt water, m], lat = 47.5
# name 6 = sal00: Salinity, Practical [PSU]
# name 7 = sigma-é00: Density [sigma-theta, kg/m^3]
# name 8 = flag: flag
# span 0 = 145.933113, 145.940029       
# span 1 =     -5.661,     44.665       
# span 2 =   0.010340,  38.296272       
# span 3 =     9.2994,    16.3949       
# span 4 =    -1.8395,    14.5489       
# span 5 =     -5.614,     44.287       
# span 6 =     0.0118,    33.0547       
# span 7 =    -1.1114,    25.5485       
# span 8 = 0.0000e+00, 0.0000e+00       
# interval = seconds: 0.5
# start_time = May 24 2016 22:23:41 [Instrument's time stamp, header]
# bad_flag = -9.990e-29
*END*
[from data line 481]
 145.935897      0.569  37.767797    12.7972     6.8900      0.564    32.1401    24.2176 -9.990e-29
 145.935903      0.581  37.770147    12.7994     6.8641      0.576    32.1404    24.2175 -9.990e-29
 145.935909      0.595  37.769573    12.7978     6.8627      0.590    32.1412    24.2184 -9.990e-29
 145.935914      0.607  37.767110    12.7945     6.8930      0.602    32.1417    24.2194 -9.990e-29
 145.935920      0.614  37.765737    12.7932     6.9120      0.609    32.1415    24.2195 -9.990e-29
 145.935926      0.620  37.765349    12.7943     6.9224      0.615    32.1402    24.2183 -9.990e-29
 145.935932      0.630  37.763171    12.7936     6.8889      0.625    32.1387    24.2173 -9.990e-29
 145.935937      0.640  37.756801    12.7890     6.8891      0.635    32.1366    24.2165 -9.990e-29
 145.935943      0.643  37.746069    12.7841     6.8916      0.638    32.1306    24.2129 -9.990e-29
 145.935949      0.634  37.735074    12.7809     6.9034      0.629    32.1229    24.2075 -9.990e-29
 145.935955      0.617  37.729240    12.7751     6.9113      0.612    32.1223    24.2082 -9.990e-29
 145.935961      0.604  37.726308    12.7625     6.9094      0.599    32.1303    24.2168 -9.990e-29
 145.935966      0.603  37.719486    12.7472     6.9283      0.598    32.1368    24.2248 -9.990e-29
 145.935972      0.608  37.708560    12.7365     6.9296      0.603    32.1356    24.2259 -9.990e-29
 145.935978      0.613  37.699046    12.7326     6.9405      0.608    32.1299    24.2222 -9.990e-29
 145.935984      0.612  37.694420    12.7323     6.9222      0.607    32.1257    24.2191 -9.990e-29
 145.935990      0.611  37.691792    12.7316     6.8976      0.606    32.1239    24.2178 -9.990e-29
 145.935995      0.613  37.690376    12.7287     6.8921      0.608    32.1250    24.2192 -9.990e-29
 145.936001      0.618  37.692685    12.7259     6.8894      0.613    32.1295    24.2233 -9.990e-29
 145.936007      0.627  37.697794    12.7249     6.9173      0.622    32.1352    24.2279 -9.990e-29
 145.936013      0.641  37.704587    12.7258     6.9268      0.636    32.1409    24.2321 -9.990e-29
 145.936019      0.660  37.711392    12.7284     6.9331      0.654    32.1451    24.2349 -9.990e-29
 145.936024      0.681  37.715995    12.7316     6.9235      0.675    32.1468    24.2355 -9.990e-29
 145.936030      0.693  37.718286    12.7354     6.9071      0.687    32.1457    24.2340 -9.990e-29
 145.936036      0.688  37.720115    12.7402     6.9168      0.682    32.1434    24.2312 -9.990e-29
 145.936042      0.674  37.722720    12.7444     6.9183      0.668    32.1423    24.2295 -9.990e-29
 145.936047      0.663  37.725568    12.7467     6.9160      0.657    32.1430    24.2297 -9.990e-29
 145.936053      0.658  37.727335    12.7473     6.9010      0.653    32.1442    24.2305 -9.990e-29
 145.936059      0.660  37.727494    12.7473     6.8735      0.654    32.1443    24.2306 -9.990e-29
 145.936065      0.665  37.727295    12.7474     6.8837      0.659    32.1440    24.2304 -9.990e-29
 145.936071      0.663  37.727510    12.7479     6.8856      0.657    32.1438    24.2301 -9.990e-29
 145.936076      0.655  37.728342    12.7494     6.8938      0.650    32.1433    24.2294 -9.990e-29
 145.936082      0.649  37.729696    12.7515     6.8993      0.644    32.1428    24.2286 -9.990e-29
 145.936088      0.649  37.731054    12.7530     6.9017      0.644    32.1428    24.2283 -9.990e-29
 145.936094      0.654  37.732465    12.7534     6.9118      0.649    32.1438    24.2290 -9.990e-29
 145.936100      0.666  37.734046    12.7535     6.9000      0.660    32.1452    24.2301 -9.990e-29
 145.936105      0.684  37.736703    12.7546     6.8960      0.678    32.1468    24.2311 -9.990e-29
 145.936111      0.706  37.742214    12.7565     6.8916      0.700    32.1504    24.2335 -9.990e-29
 145.936117      0.725  37.747201    12.7577     6.8854      0.719    32.1541    24.2362 -9.990e-29
 145.936123      0.738  37.747023    12.7580     6.8963      0.732    32.1537    24.2358 -9.990e-29
 145.936128      0.744  37.744721    12.7581     6.9041      0.738    32.1514    24.2340 -9.990e-29
 145.936134      0.746  37.743866    12.7583     6.9129      0.740    32.1504    24.2332 -9.990e-29
 145.936140      0.742  37.743798    12.7588     6.9281      0.736    32.1499    24.2327 -9.990e-29
 145.936146      0.733  37.743782    12.7598     6.8948      0.727    32.1491    24.2319 -9.990e-29
 145.936152      0.718  37.744275    12.7606     6.8835      0.712    32.1489    24.2315 -9.990e-29
 145.936157      0.701  37.745290    12.7610     6.8716      0.695    32.1495    24.2320 -9.990e-29
 145.936163      0.688  37.745856    12.7613     6.8651      0.682    32.1498    24.2321 -9.990e-29
 145.936169      0.684  37.746087    12.7610     6.8774      0.678    32.1503    24.2325 -9.990e-29
 145.936175      0.687  37.746210    12.7603     6.8715      0.681    32.1510    24.2332 -9.990e-29
 145.936181      0.694  37.746304    12.7603     6.8869      0.688    32.1511    24.2333 -9.990e-29
 145.936186      0.698  37.746972    12.7613     6.8984      0.692    32.1508    24.2329 -9.990e-29
 145.936192      0.693  37.747901    12.7624     6.8816      0.687    32.1508    24.2327 -9.990e-29
 145.936198      0.684  37.748564    12.7631     6.8777      0.678    32.1508    24.2326 -9.990e-29
 145.936204      0.678  37.748645    12.7637     6.8705      0.672    32.1504    24.2321 -9.990e-29
 145.936209      0.680  37.749289    12.7646     6.8718      0.674    32.1502    24.2318 -9.990e-29
 145.936215      0.686  37.751273    12.7656     6.8861      0.680    32.1513    24.2324 -9.990e-29
 145.936221      0.686  37.752677    12.7667     6.8874      0.680    32.1517    24.2325 -9.990e-29
 145.936227      0.683  37.753607    12.7688     6.8937      0.677    32.1507    24.2314 -9.990e-29
 145.936233      0.682  37.756343    12.7717     6.9066      0.676    32.1509    24.2310 -9.990e-29
 145.936238      0.690  37.759967    12.7746     6.9129      0.684    32.1518    24.2311 -9.990e-29
 145.936244      0.702  37.761947    12.7764     6.9331      0.696    32.1522    24.2310 -9.990e-29
 145.936250      0.714  37.762599    12.7772     6.9260      0.708    32.1521    24.2308 -9.990e-29
 145.936256      0.728  37.763268    12.7783     6.9067      0.722    32.1518    24.2304 -9.990e-29
 145.936262      0.740  37.764765    12.7799     6.9036      0.734    32.1518    24.2301 -9.990e-29
 145.936267      0.746  37.766201    12.7813     6.8849      0.740    32.1520    24.2300 -9.990e-29
 145.936273      0.747  37.766605    12.7820     6.8880      0.741    32.1518    24.2297 -9.990e-29
 145.936279      0.743  37.766994    12.7819     6.8981      0.737    32.1523    24.2301 -9.990e-29
 145.936285      0.738  37.767244    12.7814     6.8946      0.732    32.1529    24.2307 -9.990e-29
 145.936291      0.740  37.767045    12.7804     6.8996      0.734    32.1536    24.2314 -9.990e-29
 145.936296      0.753  37.766049    12.7777     6.9019      0.747    32.1549    24.2329 -9.990e-29
 145.936302      0.779  37.761726    12.7723     6.8910      0.772    32.1554    24.2344 -9.990e-29
 145.936308      0.820  37.754953    12.7661     6.8929      0.813    32.1543    24.2347 -9.990e-29
 145.936314      0.872  37.750064    12.7621     6.9006      0.865    32.1530    24.2345 -9.990e-29
 145.936319      0.932  37.747741    12.7610     6.9045      0.924    32.1517    24.2337 -9.990e-29
 145.936325      1.002  37.747045    12.7610     6.9232      0.994    32.1510    24.2332 -9.990e-29
 145.936331      1.092  37.745844    12.7589     6.9315      1.083    32.1517    24.2340 -9.990e-29
 145.936337      1.204  37.743013    12.7533     6.9383      1.194    32.1537    24.2367 -9.990e-29
 145.936343      1.335  37.739739    12.7444     6.9449      1.324    32.1581    24.2419 0.0000e+00
 145.936348      1.485  37.732692    12.7306     6.9397      1.473    32.1632    24.2484 0.0000e+00
 145.936354      1.652  37.717997    12.7142     6.9419      1.638    32.1631    24.2516 0.0000e+00
 145.936360      1.823  37.700632    12.7005     6.9449      1.808    32.1583    24.2504 0.0000e+00
 145.936366      1.990  37.687614    12.6911     6.9313      1.973    32.1538    24.2488 0.0000e+00
 145.936372      2.149  37.680550    12.6861     6.9334      2.131    32.1513    24.2479 0.0000e+00
 145.936377      2.303  37.679462    12.6836     6.9234      2.284    32.1524    24.2491 0.0000e+00
 145.936383      2.452  37.680011    12.6793     6.9229      2.432    32.1565    24.2532 0.0000e+00
 145.936389      2.602  37.676123    12.6718     6.9448      2.580    32.1592    24.2567 0.0000e+00
 145.936395      2.762  37.669814    12.6649     6.9506      2.739    32.1590    24.2579 0.0000e+00
 145.936400      2.937  37.665479    12.6614     6.9471      2.912    32.1578    24.2576 0.0000e+00
 145.936406      3.128  37.663414    12.6614     6.9359      3.102    32.1557    24.2560 0.0000e+00
 145.936412      3.323  37.665265    12.6632     6.9235      3.295    32.1559    24.2558 0.0000e+00
 145.936418      3.514  37.668933    12.6638     6.9221      3.485    32.1588    24.2579 0.0000e+00
 145.936424      3.697  37.670258    12.6638     6.9305      3.666    32.1600    24.2589 0.0000e+00
 145.936429      3.870  37.670923    12.6635     6.9304      3.838    32.1608    24.2596 0.0000e+00
 145.936435      4.044  37.670613    12.6589     6.9536      4.010    32.1643    24.2632 0.0000e+00
 145.936441      4.225  37.664349    12.6458     6.9685      4.190    32.1695    24.2697 0.0000e+00
 145.936447      4.405  37.644816    12.6283     6.9732      4.368    32.1658    24.2702 0.0000e+00
 145.936453      4.577  37.617264    12.6166     6.9852      4.539    32.1495    24.2599 0.0000e+00
 145.936458      4.743  37.601467    12.6121     6.9846      4.703    32.1383    24.2520 0.0000e+00
 145.936464      4.906  37.597009    12.6023     6.9900      4.865    32.1423    24.2570 0.0000e+00
 145.936470      5.071  37.584973    12.5783     6.9950      5.029    32.1513    24.2686 0.0000e+00
 145.936476      5.246  37.564917    12.5491     7.0017      5.202    32.1571    24.2787 0.0000e+00
 145.936481      5.428  37.549804    12.5274     7.0011      5.383    32.1612    24.2860 0.0000e+00
 145.936487      5.612  37.541809    12.5144     7.0047      5.565    32.1646    24.2911 0.0000e+00
 145.936493      5.796  37.536344    12.5052     6.9953      5.748    32.1672    24.2949 0.0000e+00
 145.936499      5.983  37.530520    12.4976     6.9894      5.933    32.1681    24.2970 0.0000e+00
 145.936505      6.169  37.524330    12.4923     6.9890      6.117    32.1666    24.2969 0.0000e+00
 145.936510      6.345  37.520642    12.4899     6.9873      6.292    32.1651    24.2962 0.0000e+00
 145.936516      6.511  37.520618    12.4896     6.9899      6.457    32.1653    24.2964 0.0000e+00
 145.936522      6.676  37.521901    12.4903     6.9960      6.620    32.1658    24.2967 0.0000e+00
 145.936528      6.836  37.522197    12.4902     6.9906      6.779    32.1661    24.2969 0.0000e+00
 145.936534      6.997  37.521258    12.4876     6.9829      6.938    32.1674    24.2984 0.0000e+00
 145.936539      7.178  37.519430    12.4831     6.9877      7.118    32.1694    24.3008 0.0000e+00
 145.936545      7.382  37.516997    12.4780     6.9828      7.320    32.1714    24.3033 0.0000e+00
 145.936551      7.593  37.513434    12.4728     6.9934      7.529    32.1723    24.3051 0.0000e+00
 145.936557      7.793  37.508945    12.4688     7.0029      7.728    32.1714    24.3051 0.0000e+00
 145.936563      7.975  37.505865    12.4676     6.9897      7.908    32.1694    24.3038 0.0000e+00
 145.936568      8.136  37.505608    12.4688     6.9719      8.068    32.1681    24.3025 0.0000e+00
 145.936574      8.282  37.506626    12.4707     6.9522      8.213    32.1674    24.3016 0.0000e+00
 145.936580      8.424  37.506831    12.4715     6.9708      8.354    32.1668    24.3011 0.0000e+00
 145.936586      8.569  37.505856    12.4690     6.9927      8.497    32.1680    24.3024 0.0000e+00
 145.936591      8.728  37.502877    12.4599     6.9832      8.655    32.1729    24.3079 0.0000e+00
 145.936597      8.905  37.496644    12.4391     6.9473      8.830    32.1847    24.3211 0.0000e+00
 145.936603      9.100  37.486048    12.4040     6.9277      9.024    32.2045    24.3431 0.0000e+00
 145.936609      9.307  37.465283    12.3608     6.9199      9.229    32.2217    24.3646 0.0000e+00
 145.936615      9.520  37.429388    12.3183     6.9067      9.440    32.2238    24.3743 0.0000e+00
 145.936620      9.724  37.383690    12.2827     6.9160      9.643    32.2105    24.3707 0.0000e+00
 145.936626      9.921  37.335889    12.2333     6.9033      9.838    32.2070    24.3773 0.0000e+00
 145.936632     10.123  37.268037    12.1306     6.8973     10.038    32.2302    24.4146 0.0000e+00
 145.936638     10.335  37.169476    11.9917     6.8980     10.248    32.2551    24.4598 0.0000e+00
 145.936644     10.547  37.078464    11.8788     6.8861     10.459    32.2648    24.4882 0.0000e+00
 145.936649     10.750  37.023696    11.8217     6.8738     10.660    32.2612    24.4959 0.0000e+00
 145.936655     10.932  37.002613    11.8064     6.8770     10.840    32.2539    24.4931 0.0000e+00
 145.936661     11.095  36.999868    11.8054     6.8584     11.002    32.2521    24.4918 0.0000e+00
 145.936667     11.243  36.994321    11.7993     6.8448     11.149    32.2519    24.4928 0.0000e+00
 145.936672     11.387  36.980158    11.7817     6.8263     11.292    32.2534    24.4972 0.0000e+00
 145.936678     11.534  36.962486    11.7552     6.7767     11.437    32.2592    24.5066 0.0000e+00
 145.936684     11.695  36.945097    11.7278     6.7358     11.597    32.2660    24.5169 0.0000e+00
 145.936690     11.872  36.931598    11.7036     6.7194     11.773    32.2739    24.5274 0.0000e+00
 145.936696     12.057  36.924054    11.6815     6.6969     11.956    32.2857    24.5407 0.0000e+00
 145.936701     12.251  36.920143    11.6585     6.6877     12.148    32.3018    24.5574 0.0000e+00
 145.936707     12.453  36.913985    11.6314     6.6819     12.349    32.3193    24.5760 0.0000e+00
 145.936713     12.666  36.900065    11.5995     6.6648     12.560    32.3335    24.5928 0.0000e+00
 145.936719     12.893  36.878769    11.5684     6.6326     12.785    32.3398    24.6033 0.0000e+00
 145.936725     13.112  36.858016    11.5485     6.6023     13.002    32.3368    24.6046 0.0000e+00
 145.936730     13.313  36.849809    11.5441     6.5746     13.201    32.3326    24.6021 0.0000e+00
 145.936736     13.499  36.851498    11.5437     6.5544     13.386    32.3345    24.6037 0.0000e+00
 145.936742     13.678  36.846181    11.5275     6.5627     13.563    32.3434    24.6135 0.0000e+00
 145.936748     13.862  36.827231    11.4890     6.5725     13.746    32.3585    24.6322 0.0000e+00
 145.936753     14.053  36.801779    11.4433     6.5789     13.935    32.3735    24.6522 0.0000e+00
 145.936759     14.246  36.780610    11.4062     6.5803     14.127    32.3852    24.6679 0.0000e+00
 145.936765     14.438  36.757801    11.3744     6.5515     14.317    32.3906    24.6779 0.0000e+00
 145.936771     14.622  36.706191    11.3419     6.5343     14.499    32.3685    24.6665 0.0000e+00
 145.936777     14.799  36.657708    11.3137     6.5142     14.675    32.3456    24.6538 0.0000e+00
 145.936782     14.969  36.667505    11.3000     6.4864     14.844    32.3671    24.6730 0.0000e+00
 145.936788     15.136  36.698674    11.2994     6.4842     15.009    32.3982    24.6972 0.0000e+00
 145.936794     15.306  36.707504    11.2874     6.4940     15.178    32.4173    24.7143 0.0000e+00
 145.936800     15.486  36.693901    11.2452     6.5121     15.356    32.4410    24.7402 0.0000e+00
 145.936806     15.674  36.664282    11.1867     6.5251     15.543    32.4633    24.7680 0.0000e+00
 145.936811     15.856  36.628359    11.1428     6.5093     15.723    32.4666    24.7783 0.0000e+00
