data/oxygen options/ONMS/Olympic_Coast_National_Marine_Sanctuary_CTD_Data_2005_2023/raw_data/2016/CAST_TH042_160804faed.cnv
* Sea-Bird SBE19 Data File:
* FileName = C:\2016 Mooring Data\Casts\Data\CAST_TH042_160804.hex
* Software Version 1.59
* Temperature SN = 2997
* Conductivity SN = 2997
* System UpLoad Time = Aug 04 2016 22:11:53
** CAST_TH042_160804
* ds
# nquan = 9                                 
# nvalues = 1272                        
# units = specified
# name 0 = timeJ: Julian Days
# name 1 = prSM: Pressure, Strain Gauge [db]
# name 2 = c0mS/cm: Conductivity [mS/cm]
# name 3 = t090C: Temperature [ITS-90, deg C]
# name 4 = sbeox0ML/L: Oxygen, SBE 43 [ml/l]
# name 5 = depSM: Depth [salt water, m], lat = 47.5
# name 6 = sal00: Salinity, Practical [PSU]
# name 7 = sigma-é00: Density [sigma-theta, kg/m^3]
# name 8 = flag: flag
# span 0 = 217.811632, 217.818987       
# span 1 =     -5.530,     43.785       
# span 2 =   0.348678,  37.664560       
# span 3 =     7.4728,    13.2828       
# span 4 =    -1.9616,    12.9972       
# span 5 =     -5.484,     43.415       
# span 6 =     0.2193,    33.7463       
# span 7 =    -0.4742,    26.3659       
# span 8 = 0.0000e+00, 0.0000e+00       
# interval = seconds: 0.5
# start_time = Aug 04 2016 19:28:45 [Instrument's time stamp, header]
# bad_flag = -9.990e-29
*END*
[from data line 321]
 217.813490     -0.809   0.380833    13.1697    -1.9463     -0.802     0.2390    -0.4565 -9.990e-29
 217.813495     -0.801   0.380452    13.1621    -1.9466     -0.794     0.2388    -0.4556 -9.990e-29
 217.813501     -0.794   0.380298    13.1519    -1.9474     -0.787     0.2388    -0.4544 -9.990e-29
 217.813507     -0.787   0.380166    13.1408    -1.9480     -0.780     0.2387    -0.4529 -9.990e-29
 217.813513     -0.780   0.379880    13.1326    -1.9483     -0.773     0.2386    -0.4520 -9.990e-29
 217.813519     -0.773   0.379616    13.1327    -1.9489     -0.767     0.2384    -0.4521 -9.990e-29
 217.813524     -0.765   0.380130    13.1405    -1.9494     -0.759     0.2387    -0.4529 -9.990e-29
 217.813530     -0.755   0.381555    13.1513    -1.9500     -0.749     0.2396    -0.4536 -9.990e-29
 217.813536     -0.752   0.383015    13.1613    -1.9507     -0.746     0.2404    -0.4542 -9.990e-29
 217.813542     -0.759   0.383679    13.1662    -1.9513     -0.753     0.2408    -0.4546 -9.990e-29
 217.813547     -0.765   0.383325    13.1626    -1.9520     -0.759     0.2406    -0.4543 -9.990e-29
 217.813553     -0.765   0.382590    13.1523    -1.9529     -0.759     0.2402    -0.4533 -9.990e-29
 217.813559     -0.763   0.382159    13.1404    -1.9536     -0.757     0.2400    -0.4519 -9.990e-29
 217.813565     -0.760   0.382014    13.1288    -1.9541     -0.754     0.2400    -0.4504 -9.990e-29
 217.813571     -0.756   0.381961    13.1169    -1.9538     -0.750     0.2400    -0.4488 -9.990e-29
 217.813576     -0.749   0.381932    13.1042    -1.9536     -0.743     0.2401    -0.4472 -9.990e-29
 217.813582     -0.745   0.381887    13.0906    -1.9533     -0.739     0.2401    -0.4454 -9.990e-29
 217.813588     -0.746   0.381767    13.0761    -1.9537     -0.740     0.2402    -0.4435 -9.990e-29
 217.813594     -0.748   0.381411    13.0607    -1.9542     -0.742     0.2400    -0.4416 -9.990e-29
 217.813600     -0.749   0.380900    13.0443    -1.9546     -0.743     0.2398    -0.4397 -9.990e-29
 217.813605     -0.747   0.380665    13.0280    -1.9551     -0.741     0.2397    -0.4377 -9.990e-29
 217.813611     -0.742   0.380948    13.0145    -1.9556     -0.736     0.2400    -0.4358 -9.990e-29
 217.813617     -0.734   0.381571    13.0068    -1.9563     -0.728     0.2404    -0.4344 -9.990e-29
 217.813623     -0.728   0.382257    13.0058    -1.9567     -0.722     0.2409    -0.4339 -9.990e-29
 217.813628     -0.726   0.382808    13.0080    -1.9573     -0.720     0.2412    -0.4340 -9.990e-29
 217.813634     -0.724   0.382850    13.0082    -1.9575     -0.718     0.2413    -0.4340 -9.990e-29
 217.813640     -0.719   0.382441    13.0036    -1.9574     -0.713     0.2410    -0.4336 -9.990e-29
 217.813646     -0.714   0.382143    12.9951    -1.9577     -0.708     0.2409    -0.4326 -9.990e-29
 217.813652     -0.712   0.382117    12.9852    -1.9579     -0.706     0.2409    -0.4313 -9.990e-29
 217.813657     -0.710   0.382329    12.9741    -1.9575     -0.704     0.2411    -0.4297 -9.990e-29
 217.813663     -0.707   0.382506    12.9616    -1.9570     -0.701     0.2413    -0.4280 -9.990e-29
 217.813669     -0.708   0.382329    12.9491    -1.9565     -0.702     0.2413    -0.4264 -9.990e-29
 217.813675     -0.708   0.382118    12.9377    -1.9563     -0.702     0.2412    -0.4250 -9.990e-29
 217.813681     -0.703   0.382146    12.9288    -1.9566     -0.697     0.2413    -0.4239 -9.990e-29
 217.813686     -0.692   0.382452    12.9239    -1.9570     -0.686     0.2415    -0.4231 -9.990e-29
 217.813692     -0.680   0.382888    12.9212    -1.9574     -0.674     0.2418    -0.4225 -9.990e-29
 217.813698     -0.674   0.382925    12.9185    -1.9577     -0.668     0.2418    -0.4221 -9.990e-29
 217.813704     -0.677   0.382614    12.9180    -1.9579     -0.671     0.2416    -0.4222 -9.990e-29
 217.813709     -0.687   0.382650    12.9224    -1.9579     -0.681     0.2416    -0.4228 -9.990e-29
 217.813715     -0.694   0.383084    12.9298    -1.9584     -0.688     0.2419    -0.4235 -9.990e-29
 217.813721     -0.696   0.383383    12.9366    -1.9587     -0.690     0.2420    -0.4243 -9.990e-29
 217.813727     -0.692   0.383392    12.9393    -1.9585     -0.686     0.2420    -0.4246 -9.990e-29
 217.813733     -0.686   0.383121    12.9366    -1.9584     -0.680     0.2419    -0.4244 -9.990e-29
 217.813738     -0.682   0.382765    12.9306    -1.9585     -0.676     0.2417    -0.4238 -9.990e-29
 217.813744     -0.676   0.382775    12.9237    -1.9583     -0.670     0.2417    -0.4229 -9.990e-29
 217.813750     -0.667   0.383164    12.9173    -1.9580     -0.661     0.2420    -0.4218 -9.990e-29
 217.813756     -0.663   0.383712    12.9119    -1.9579     -0.657     0.2424    -0.4209 -9.990e-29
 217.813762     -0.664   0.384038    12.9069    -1.9579     -0.658     0.2426    -0.4200 -9.990e-29
 217.813767     -0.662   0.383838    12.9014    -1.9576     -0.656     0.2425    -0.4194 -9.990e-29
 217.813773     -0.652   0.383398    12.8974    -1.9572     -0.647     0.2423    -0.4191 -9.990e-29
 217.813779     -0.637   0.383243    12.8969    -1.9566     -0.632     0.2422    -0.4191 -9.990e-29
 217.813785     -0.621   0.383720    12.8984    -1.9565     -0.616     0.2425    -0.4191 -9.990e-29
 217.813791     -0.603   0.384353    12.9005    -1.9565     -0.598     0.2429    -0.4190 -9.990e-29
 217.813796     -0.587   0.384323    12.9039    -1.9568     -0.582     0.2428    -0.4195 -9.990e-29
 217.813802     -0.575   0.383588    12.9079    -1.9573     -0.570     0.2423    -0.4204 -9.990e-29
 217.813808     -0.566   0.382833    12.9112    -1.9575     -0.561     0.2418    -0.4212 -9.990e-29
 217.813814     -0.561   0.382717    12.9149    -1.9578     -0.556     0.2417    -0.4218 -9.990e-29
 217.813819     -0.558   0.383085    12.9207    -1.9576     -0.553     0.2419    -0.4223 -9.990e-29
 217.813825     -0.558   0.383319    12.9285    -1.9573     -0.553     0.2420    -0.4232 -9.990e-29
 217.813831     -0.560   0.383174    12.9358    -1.9569     -0.555     0.2419    -0.4243 -9.990e-29
 217.813837     -0.565   0.383012    12.9394    -1.9559     -0.560     0.2418    -0.4248 -9.990e-29
 217.813843     -0.573   0.383172    12.9383    -1.9556     -0.568     0.2419    -0.4246 -9.990e-29
 217.813848     -0.584   0.383309    12.9331    -1.9555     -0.579     0.2420    -0.4238 -9.990e-29
 217.813854     -0.595   0.383053    12.9264    -1.9558     -0.590     0.2419    -0.4231 -9.990e-29
 217.813860     -0.599   0.382617    12.9211    -1.9568     -0.594     0.2416    -0.4226 -9.990e-29
 217.813866     -0.594   0.382528    12.9189    -1.9571     -0.589     0.2416    -0.4224 -9.990e-29
 217.813872     -0.586   0.383224    12.9212    -1.9568     -0.581     0.2420    -0.4223 -9.990e-29
 217.813877     -0.574   0.384523    12.9277    -1.9569     -0.569     0.2428    -0.4225 -9.990e-29
 217.813883     -0.561   0.385381    12.9378    -1.9572     -0.556     0.2433    -0.4234 -9.990e-29
 217.813889     -0.551   0.385276    12.9494    -1.9571     -0.546     0.2432    -0.4250 -9.990e-29
 217.813895     -0.543   0.384622    12.9571    -1.9578     -0.538     0.2427    -0.4263 -9.990e-29
 217.813900     -0.537   0.383655    12.9581    -1.9587     -0.533     0.2421    -0.4270 -9.990e-29
 217.813906     -0.531   0.382753    12.9522    -1.9594     -0.527     0.2415    -0.4266 -9.990e-29
 217.813912     -0.527   0.382377    12.9427    -1.9596     -0.523     0.2413    -0.4256 -9.990e-29
 217.813918     -0.523   0.382582    12.9363    -1.9592     -0.519     0.2415    -0.4246 -9.990e-29
 217.813924     -0.519   0.383085    12.9340    -1.9592     -0.515     0.2419    -0.4241 -9.990e-29
 217.813929     -0.516   0.383446    12.9316    -1.9597     -0.512     0.2421    -0.4236 -9.990e-29
 217.813935     -0.512   0.383590    12.9278    -1.9601     -0.508     0.2422    -0.4230 -9.990e-29
 217.813941     -0.508   0.383710    12.9214    -1.9605     -0.504     0.2423    -0.4221 -9.990e-29
 217.813947     -0.504   0.383966    12.9100    -1.9367     -0.500     0.2426    -0.4205 -9.990e-29
 217.813953     -0.498   0.384142    12.8958    -1.6385     -0.494     0.2428    -0.4185 -9.990e-29
 217.813958     -0.492   0.383919    12.8846    -1.6399     -0.488     0.2427    -0.4172 -9.990e-29
 217.813964     -0.483   0.384109    12.8796    -1.6451     -0.479     0.2428    -0.4164 -9.990e-29
 217.813970     -0.473   0.387186    12.8783    -1.6466     -0.469     0.2449    -0.4147 -9.990e-29
 217.813976     -0.459   0.398918    12.8739    -1.6459     -0.455     0.2525    -0.4082 -9.990e-29
 217.813981     -0.442   0.436056    12.8618    -1.6457     -0.438     0.2768    -0.3877 -9.990e-29
 217.813987     -0.420   0.549228    12.8369    -1.6452     -0.416     0.3515    -0.3264 -9.990e-29
 217.813993     -0.392   0.889886    12.7800    -1.6467     -0.389     0.5809    -0.1406 -9.990e-29
 217.813999     -0.352   1.912239    12.6264    -1.6460     -0.349     1.2997     0.4375 -9.990e-29
 217.814005     -0.292   4.979425    12.3156    -1.6457     -0.290     3.6127     2.2700 -9.990e-29
 217.814010     -0.214  13.245704    11.9432    -1.6459     -0.212    10.4379     7.5949 -9.990e-29
 217.814016     -0.121  25.053224    11.6774    -1.6468     -0.120    21.0455    15.8307 -9.990e-29
 217.814022     -0.019  33.030238    11.5418    -1.6473     -0.019    28.6423    21.7375 -9.990e-29
 217.814028      0.080  35.887767    11.4750    -1.6460      0.079    31.4596    23.9362 -9.990e-29
 217.814034      0.169  36.883401    11.4454    -1.6464      0.168    32.4573    24.7166 -9.990e-29
 217.814039      0.247  37.278518    11.4406    -1.6474      0.245    32.8487    25.0217 -9.990e-29
 217.814045      0.310  37.445831    11.4568    -1.6493      0.307    32.9983    25.1350 -9.990e-29
 217.814051      0.357  37.480098    11.4835    -1.6490      0.354    33.0081    25.1378 -9.990e-29
 217.814057      0.390  37.427012    11.4983    -1.6473      0.387    32.9429    25.0844 -9.990e-29
 217.814063      0.418  37.358140    11.4934    -1.6479      0.415    32.8797    25.0362 -9.990e-29
 217.814068      0.445  37.325125    11.4829    -1.6473      0.441    32.8567    25.0202 -9.990e-29
 217.814074      0.470  37.318699    11.4809    -1.6474      0.466    32.8522    25.0171 -9.990e-29
 217.814080      0.489  37.310125    11.4801    -1.6465      0.485    32.8445    25.0112 -9.990e-29
 217.814086      0.507  37.299179    11.4644    -1.6468      0.503    32.8477    25.0166 -9.990e-29
 217.814091      0.527  37.306575    11.4392    -1.6475      0.523    32.8773    25.0442 -9.990e-29
 217.814097      0.541  37.324253    11.4230    -1.6482      0.536    32.9091    25.0718 -9.990e-29
 217.814103      0.549  37.319746    11.4240    -1.6483      0.544    32.9038    25.0675 -9.990e-29
 217.814109      0.556  37.294888    11.4374    -1.6484      0.551    32.8675    25.0368 -9.990e-29
 217.814115      0.564  37.287707    11.4538    -1.6487      0.559    32.8458    25.0171 -9.990e-29
 217.814120      0.572  37.290315    11.4638    -1.6489      0.567    32.8395    25.0103 -9.990e-29
 217.814126      0.580  37.276496    11.4605    -1.6475      0.575    32.8289    25.0027 -9.990e-29
 217.814132      0.590  37.270983    11.4471    -1.6480      0.585    32.8354    25.0102 -9.990e-29
 217.814138      0.603  37.302857    11.4352    -1.6476      0.598    32.8772    25.0448 -9.990e-29
 217.814144      0.618  37.355223    11.4315    -1.6484      0.613    32.9319    25.0880 -9.990e-29
 217.814149      0.632  37.376863    11.4340    -1.6489      0.627    32.9509    25.1023 -9.990e-29
 217.814155      0.638  37.349561    11.4388    -1.6494      0.633    32.9198    25.0773 -9.990e-29
 217.814161      0.637  37.302483    11.4439    -1.6489      0.632    32.8691    25.0369 -9.990e-29
 217.814167      0.636  37.262525    11.4462    -1.6480      0.631    32.8279    25.0045 -9.990e-29
 217.814172      0.641  37.233016    11.4415    -1.6466      0.636    32.8031    24.9861 -9.990e-29
 217.814178      0.650  37.217763    11.4327    -1.6474      0.645    32.7960    24.9821 -9.990e-29
 217.814184      0.662  37.241824    11.4287    -1.6492      0.656    32.8231    25.0039 -9.990e-29
 217.814190      0.667  37.291895    11.4329    -1.6479      0.661    32.8685    25.0385 -9.990e-29
 217.814196      0.662  37.314822    11.4399    -1.6472      0.656    32.8847    25.0498 -9.990e-29
 217.814201      0.650  37.293548    11.4402    -1.6462      0.645    32.8636    25.0334 -9.990e-29
 217.814207      0.645  37.244543    11.4304    -1.6476      0.640    32.8243    25.0045 -9.990e-29
 217.814213      0.653  37.208386    11.4192    -1.6487      0.648    32.7987    24.9867 -9.990e-29
 217.814219      0.668  37.222047    11.4167    -1.6473      0.662    32.8144    24.9993 -9.990e-29
 217.814225      0.676  37.279088    11.4226    -1.6469      0.670    32.8651    25.0377 -9.990e-29
 217.814230      0.679  37.342371    11.4257    -1.6460      0.673    32.9244    25.0832 -9.990e-29
 217.814236      0.686  37.367394    11.4204    -1.6454      0.680    32.9537    25.1070 -9.990e-29
 217.814242      0.697  37.343822    11.4137    -1.6448      0.691    32.9365    25.0948 -9.990e-29
 217.814248      0.703  37.328772    11.4114    -1.6444      0.697    32.9238    25.0854 -9.990e-29
 217.814253      0.702  37.366061    11.4120    -1.6445      0.696    32.9599    25.1133 -9.990e-29
 217.814259      0.693  37.419673    11.4131    -1.6469      0.687    33.0115    25.1533 -9.990e-29
 217.814265      0.679  37.435573    11.4127    -1.6486      0.673    33.0275    25.1658 -9.990e-29
 217.814271      0.669  37.403025    11.4103    -1.6460      0.663    32.9977    25.1430 -9.990e-29
 217.814277      0.666  37.383990    11.4096    -1.6454      0.660    32.9796    25.1291 -9.990e-29
 217.814282      0.666  37.423141    11.4123    -1.6445      0.660    33.0157    25.1566 -9.990e-29
 217.814288      0.664  37.484142    11.4161    -1.6446      0.658    33.0722    25.1999 -9.990e-29
 217.814294      0.664  37.538499    11.4189    -1.6464      0.658    33.1231    25.2389 -9.990e-29
 217.814300      0.671  37.585284    11.4208    -1.6480      0.665    33.1673    25.2730 -9.990e-29
 217.814306      0.681  37.620754    11.4227    -1.6466      0.675    33.2005    25.2984 -9.990e-29
 217.814311      0.691  37.628322    11.4228    -1.6452      0.685    33.2078    25.3041 -9.990e-29
 217.814317      0.704  37.577174    11.4192    -1.6452      0.698    33.1608    25.2682 -9.990e-29
 217.814323      0.723  37.485423    11.4143    -1.6471      0.717    33.0750    25.2024 -9.990e-29
 217.814329      0.739  37.452095    11.4121    -1.6482      0.733    33.0443    25.1789 -9.990e-29
 217.814334      0.750  37.513451    11.4134    -1.6457      0.744    33.1034    25.2246 -9.990e-29
 217.814340      0.756  37.590472    11.4168    -1.6446      0.750    33.1760    25.2804 -9.990e-29
 217.814346      0.757  37.624464    11.4193    -1.6449      0.751    33.2071    25.3042 -9.990e-29
 217.814352      0.758  37.594067    11.4187    -1.6471      0.752    33.1778    25.2815 -9.990e-29
 217.814358      0.763  37.513677    11.4162    -1.6468      0.757    33.1011    25.2223 -9.990e-29
 217.814363      0.768  37.465530    11.4149    -1.6447      0.762    33.0549    25.1867 -9.990e-29
 217.814369      0.770  37.497511    11.4158    -1.6451      0.764    33.0855    25.2103 -9.990e-29
 217.814375      0.768  37.548597    11.4164    -1.6456      0.762    33.1352    25.2488 -9.990e-29
 217.814381      0.766  37.539523    11.4134    -1.6462      0.760    33.1290    25.2445 -9.990e-29
 217.814387      0.769  37.483413    11.4085    -1.6467      0.763    33.0782    25.2059 -9.990e-29
 217.814392      0.773  37.478061    11.4066    -1.6455      0.767    33.0747    25.2035 -9.990e-29
 217.814398      0.773  37.553321    11.4089    -1.6455      0.767    33.1466    25.2590 -9.990e-29
 217.814404      0.770  37.615649    11.4137    -1.6456      0.764    33.2035    25.3024 -9.990e-29
