data/oxygen options/ONMS/Olympic_Coast_National_Marine_Sanctuary_CTD_Data_2005_2023/raw_data/2016/CAST_TH042_160531faed.cnv
* Sea-Bird SBE 19 Data File:
* FileName = C:\2016 Mooring Data\Casts\Data\CAST_TH042_160531.hex
* Software Version SeatermAF 2.1.2
* Temperature SN = 2997
* Conductivity SN = 2997
* System UpLoad Time = May 31 2016 20:38:43 (localtime) = May 31 2016 20:38:43 (UTC)
** CAST_TH042_160531
* ds
# nquan = 9                                 
# nvalues = 1432                        
# units = specified
# name 0 = timeJ: Julian Days
# name 1 = prSM: Pressure, Strain Gauge [db]
# name 2 = c0mS/cm: Conductivity [mS/cm]
# name 3 = t090C: Temperature [ITS-90, deg C]
# name 4 = sbeox0ML/L: Oxygen, SBE 43 [ml/l]
# name 5 = depSM: Depth [salt water, m], lat = 47.5
# name 6 = sal00: Salinity, Practical [PSU]
# name 7 = sigma-é00: Density [sigma-theta, kg/m^3]
# name 8 = flag: flag
# span 0 = 152.849375, 152.857656       
# span 1 =     -6.137,     41.504       
# span 2 =   0.699374,  38.145765       
# span 3 =     8.1474,    16.5773       
# span 4 =    -1.9011,    15.9342       
# span 5 =     -6.086,     41.153       
# span 6 =     0.4131,    33.6117       
# span 7 =    -0.8195,    26.1621       
# span 8 = 0.0000e+00, 0.0000e+00       
# interval = seconds: 0.5
# start_time = May 31 2016 20:23:06 [Instrument's time stamp, header]
# bad_flag = -9.990e-29
*END*
[from data line 641]
 152.853084      0.357  37.561368    13.4351    -1.5959      0.354    31.4123    23.5298 -9.990e-29
 152.853090      0.356  37.587004    13.4567    -1.5948      0.353    31.4184    23.5302 -9.990e-29
 152.853096      0.351  37.619826    13.4358    -1.5939      0.348    31.4661    23.5712 -9.990e-29
 152.853102      0.346  37.636101    13.3965    -1.5942      0.343    31.5137    23.6158 -9.990e-29
 152.853108      0.344  37.624208    13.3579    -1.5926      0.341    31.5346    23.6396 -9.990e-29
 152.853113      0.346  37.596610    13.3322    -1.5941      0.343    31.5301    23.6412 -9.990e-29
 152.853119      0.352  37.586861    13.3238    -1.5927      0.349    31.5280    23.6412 -9.990e-29
 152.853125      0.361  37.607478    13.3252    -1.5929      0.358    31.5461    23.6549 -9.990e-29
 152.853131      0.371  37.631888    13.3330    -1.5928      0.368    31.5624    23.6660 -9.990e-29
 152.853137      0.373  37.650347    13.3544    -1.5926      0.370    31.5619    23.6613 -9.990e-29
 152.853142      0.367  37.669274    13.3921    -1.5924      0.364    31.5483    23.6434 -9.990e-29
 152.853148      0.363  37.673300    13.4301    -1.5919      0.360    31.5206    23.6145 -9.990e-29
 152.853154      0.363  37.650165    13.4532    -1.5913      0.360    31.4800    23.5785 -9.990e-29
 152.853160      0.367  37.616971    13.4598    -1.5909      0.364    31.4437    23.5491 -9.990e-29
 152.853166      0.377  37.608793    13.4603    -1.5907      0.374    31.4357    23.5428 -9.990e-29
 152.853171      0.388  37.629607    13.4704    -1.5912      0.385    31.4467    23.5493 -9.990e-29
 152.853177      0.396  37.646941    13.4859    -1.5924      0.393    31.4500    23.5488 -9.990e-29
 152.853183      0.408  37.642739    13.4981    -1.5902      0.405    31.4361    23.5356 -9.990e-29
 152.853189      0.422  37.625718    13.5092    -1.5865      0.418    31.4111    23.5142 -9.990e-29
 152.853194      0.432  37.611036    13.5210    -1.5853      0.428    31.3878    23.4938 -9.990e-29
 152.853200      0.434  37.604079    13.5334    -1.5838      0.430    31.3712    23.4784 -9.990e-29
 152.853206      0.429  37.603721    13.5438    -1.5835      0.425    31.3623    23.4695 -9.990e-29
 152.853212      0.419  37.613154    13.5511    -1.5851      0.416    31.3651    23.4702 -9.990e-29
 152.853218      0.409  37.631252    13.5548    -1.5862      0.406    31.3788    23.4801 -9.990e-29
 152.853223      0.398  37.645466    13.5554    -1.5866      0.395    31.3915    23.4898 -9.990e-29
 152.853229      0.390  37.645353    13.5698    -1.5858      0.387    31.3796    23.4777 -9.990e-29
 152.853235      0.384  37.636669    13.6226    -1.5843      0.381    31.3283    23.4275 -9.990e-29
 152.853241      0.375  37.636157    13.7000    -1.5833      0.372    31.2645    23.3628 -9.990e-29
 152.853247      0.368  37.647922    13.7676    -1.5826      0.365    31.2203    23.3151 -9.990e-29
 152.853252      0.366  37.658825    13.8126    -1.5812      0.363    31.1937    23.2855 -9.990e-29
 152.853258      0.369  37.659629    13.8252    11.9088      0.366    31.1842    23.2756 -9.990e-29
 152.853264      0.372  37.650602    13.8042    15.4034      0.369    31.1930    23.2866 -9.990e-29
 152.853270      0.372  37.639072    13.7730    15.9342      0.369    31.2077    23.3043 -9.990e-29
 152.853275      0.369  37.637430    13.7590    14.0551      0.366    31.2176    23.3147 -9.990e-29
 152.853281      0.367  37.651630    13.7757     9.3646      0.364    31.2171    23.3110 -9.990e-29
 152.853287      0.370  37.672322    13.8133     9.9285      0.367    31.2056    23.2945 -9.990e-29
 152.853293      0.373  37.684807    13.8500    10.3172      0.370    31.1873    23.2730 -9.990e-29
 152.853299      0.377  37.687549    13.8731    10.3343      0.374    31.1710    23.2558 -9.990e-29
 152.853304      0.383  37.699088    13.8866    10.2094      0.380    31.1707    23.2528 -9.990e-29
 152.853310      0.386  37.746887    13.8961    10.0582      0.383    31.2070    23.2788 -9.990e-29
 152.853316      0.387  37.823822    13.8986     9.9321      0.384    31.2757    23.3314 -9.990e-29
 152.853322      0.386  37.885966    13.9002     9.8339      0.383    31.3316    23.3742 -9.990e-29
 152.853328      0.387  37.921787    13.9132     9.7805      0.384    31.3539    23.3888 -9.990e-29
 152.853333      0.389  37.948529    13.9379     9.7528      0.386    31.3584    23.3872 -9.990e-29
 152.853339      0.390  37.967971    13.9610     9.7274      0.387    31.3574    23.3818 -9.990e-29
 152.853345      0.392  37.974966    13.9646     9.7077      0.389    31.3609    23.3838 -9.990e-29
 152.853351      0.401  37.970747    13.9474     9.6761      0.398    31.3710    23.3951 -9.990e-29
 152.853356      0.417  37.961767    13.9284     9.6506      0.414    31.3783    23.4045 -9.990e-29
 152.853362      0.436  37.955973    13.9245     9.6303      0.432    31.3761    23.4037 -9.990e-29
 152.853368      0.453  37.959390    13.9361     9.6123      0.449    31.3698    23.3964 -9.990e-29
 152.853374      0.462  37.966227    13.9497     9.5764      0.458    31.3650    23.3899 -9.990e-29
 152.853380      0.466  37.973019    13.9536     9.5384      0.462    31.3680    23.3915 -9.990e-29
 152.853385      0.468  37.979607    13.9499     9.5884      0.464    31.3771    23.3993 -9.990e-29
 152.853391      0.473  37.978837    13.9437     9.6870      0.469    31.3815    23.4039 -9.990e-29
 152.853397      0.477  37.974472    13.9359     9.7362      0.473    31.3838    23.4073 -9.990e-29
 152.853403      0.476  37.970523    13.9256     9.6616      0.472    31.3886    23.4131 -9.990e-29
 152.853409      0.473  37.959786    13.9172     9.5910      0.469    31.3856    23.4124 -9.990e-29
 152.853414      0.474  37.931053    13.9130     9.6397      0.470    31.3626    23.3955 -9.990e-29
 152.853420      0.474  37.869293    13.9016     9.7428      0.470    31.3150    23.3612 -9.990e-29
 152.853426      0.469  37.787152    13.8791     9.8344      0.465    31.2578    23.3215 -9.990e-29
 152.853432      0.458  37.745744    13.8505     9.8533      0.454    31.2429    23.3158 -9.990e-29
 152.853438      0.445  37.753475    13.8087     9.8163      0.441    31.2841    23.3561 -9.990e-29
 152.853443      0.438  37.726829    13.7422     9.7938      0.434    31.3138    23.3924 -9.990e-29
 152.853449      0.436  37.609848    13.6696     9.8051      0.432    31.2650    23.3692 -9.990e-29
 152.853455      0.434  37.473198    13.6318     9.8147      0.430    31.1694    23.3030 -9.990e-29
 152.853461      0.437  37.438616    13.6219     9.7986      0.433    31.1455    23.2865 -9.990e-29
 152.853466      0.446  37.487737    13.6047     9.7873      0.442    31.2050    23.3359 -9.990e-29
 152.853472      0.452  37.526688    13.5819     9.7807      0.448    31.2597    23.3826 -9.990e-29
 152.853478      0.456  37.528158    13.5687     9.7603      0.452    31.2718    23.3947 -9.990e-29
 152.853484      0.461  37.506732    13.5654     9.7349      0.457    31.2546    23.3821 -9.990e-29
 152.853490      0.469  37.497443    13.5679     9.7076      0.465    31.2440    23.3733 -9.990e-29
 152.853495      0.480  37.519581    13.5723     9.7203      0.476    31.2609    23.3855 -9.990e-29
 152.853501      0.490  37.553668    13.5791     9.7512      0.486    31.2869    23.4043 -9.990e-29
 152.853507      0.495  37.581030    13.5941     9.7929      0.491    31.3000    23.4114 -9.990e-29
 152.853513      0.497  37.607642    13.6091     9.8079      0.493    31.3124    23.4179 -9.990e-29
 152.853519      0.499  37.630637    13.6050     9.7884      0.495    31.3370    23.4378 -9.990e-29
 152.853524      0.506  37.629443    13.5854     9.7408      0.502    31.3520    23.4533 -9.990e-29
 152.853530      0.514  37.617341    13.5780     9.7280      0.510    31.3468    23.4508 -9.990e-29
 152.853536      0.519  37.627235    13.6085     9.7561      0.515    31.3310    23.4325 -9.990e-29
 152.853542      0.522  37.660291    13.6659     9.7736      0.518    31.3146    23.4083 -9.990e-29
 152.853547      0.522  37.702621    13.7053     9.7845      0.518    31.3216    23.4058 -9.990e-29
 152.853553      0.520  37.742071    13.7143     9.7332      0.516    31.3507    23.4264 -9.990e-29
 152.853559      0.515  37.774418    13.7151     9.6804      0.511    31.3799    23.4489 -9.990e-29
 152.853565      0.508  37.797730    13.7201     9.6406      0.504    31.3973    23.4613 -9.990e-29
 152.853571      0.502  37.809169    13.7364     9.6338      0.498    31.3946    23.4559 -9.990e-29
 152.853576      0.501  37.817965    13.7651     9.6498      0.497    31.3792    23.4383 -9.990e-29
 152.853582      0.501  37.842632    13.7957     9.6246      0.497    31.3769    23.4303 -9.990e-29
 152.853588      0.497  37.889741    13.8285     9.6443      0.493    31.3935    23.4365 -9.990e-29
 152.853594      0.493  37.943642    13.8636     9.6696      0.489    31.4145    23.4456 -9.990e-29
 152.853600      0.494  37.974186    13.8877     9.7031      0.490    31.4229    23.4473 -9.990e-29
 152.853605      0.495  37.965463    13.8989     9.7239      0.491    31.4057    23.4317 -9.990e-29
 152.853611      0.492  37.937160    13.9048     9.7308      0.488    31.3749    23.4067 -9.990e-29
 152.853617      0.489  37.908629    13.8983     9.7236      0.485    31.3539    23.3918 -9.990e-29
 152.853623      0.491  37.878184    13.8669     9.7227      0.487    31.3515    23.3963 -9.990e-29
 152.853628      0.496  37.835986    13.8279     9.7452      0.492    31.3445    23.3988 -9.990e-29
 152.853634      0.506  37.791256    13.8075     9.7736      0.502    31.3199    23.3839 -9.990e-29
 152.853640      0.518  37.762719    13.8083     9.7551      0.514    31.2929    23.3629 -9.990e-29
 152.853646      0.526  37.755392    13.8246     9.7299      0.522    31.2729    23.3442 -9.990e-29
 152.853652      0.533  37.749356    13.8359     9.7514      0.529    31.2581    23.3305 -9.990e-29
 152.853657      0.538  37.720819    13.8280     9.7729      0.534    31.2383    23.3168 -9.990e-29
 152.853663      0.541  37.699462    13.8190     9.7869      0.536    31.2259    23.3090 -9.990e-29
 152.853669      0.544  37.713333    13.8253     9.7783      0.539    31.2336    23.3137 -9.990e-29
 152.853675      0.546  37.747814    13.8436     9.7594      0.541    31.2504    23.3230 -9.990e-29
 152.853681      0.547  37.782712    13.8603     9.7446      0.542    31.2690    23.3340 -9.990e-29
 152.853686      0.548  37.786068    13.8660     9.7497      0.543    31.2674    23.3316 -9.990e-29
 152.853692      0.548  37.765102    13.8722     9.7639      0.543    31.2431    23.3116 -9.990e-29
 152.853698      0.547  37.783679    13.8890     9.7744      0.542    31.2465    23.3108 -9.990e-29
 152.853704      0.545  37.836257    13.8998     9.7715      0.540    31.2861    23.3392 -9.990e-29
 152.853709      0.543  37.854505    13.8830     9.7289      0.538    31.3166    23.3661 -9.990e-29
 152.853715      0.539  37.833007    13.8419     9.7039      0.535    31.3303    23.3850 -9.990e-29
 152.853721      0.534  37.825959    13.8048     9.7089      0.530    31.3541    23.4109 -9.990e-29
 152.853727      0.528  37.842947    13.7964     9.7381      0.524    31.3766    23.4300 -9.990e-29
 152.853733      0.520  37.851089    13.8135     9.7670      0.516    31.3702    23.4215 -9.990e-29
 152.853738      0.510  37.855009    13.8323     9.7758      0.506    31.3584    23.4087 -9.990e-29
 152.853744      0.500  37.857073    13.8359     9.7546      0.496    31.3574    23.4071 -9.990e-29
 152.853750      0.500  37.844852    13.8219     9.7167      0.496    31.3576    23.4101 -9.990e-29
 152.853756      0.509  37.810401    13.7991     9.6963      0.505    31.3444    23.4045 -9.990e-29
 152.853762      0.520  37.771591    13.7875     9.7010      0.516    31.3181    23.3866 -9.990e-29
 152.853767      0.528  37.769610    13.7936     9.7351      0.524    31.3113    23.3801 -9.990e-29
 152.853773      0.533  37.788306    13.8021     9.7472      0.529    31.3216    23.3863 -9.990e-29
 152.853779      0.538  37.803805    13.8056     9.7368      0.534    31.3330    23.3944 -9.990e-29
 152.853785      0.541  37.832793    13.8121     9.7279      0.536    31.3544    23.4097 -9.990e-29
 152.853791      0.543  37.863443    13.8241     9.7245      0.538    31.3729    23.4215 -9.990e-29
 152.853796      0.544  37.869891    13.8399     9.7216      0.539    31.3659    23.4129 -9.990e-29
 152.853802      0.544  37.865721    13.8584     9.7150      0.539    31.3470    23.3945 -9.990e-29
 152.853808      0.543  37.876126    13.8771     9.6930      0.538    31.3413    23.3864 -9.990e-29
 152.853814      0.542  37.907080    13.8942     9.6677      0.537    31.3558    23.3941 -9.990e-29
 152.853819      0.539  37.932568    13.9050     9.6784      0.535    31.3705    23.4033 -9.990e-29
 152.853825      0.535  37.931052    13.9090     9.6848      0.531    31.3658    23.3988 -9.990e-29
 152.853831      0.530  37.926787    13.9094     9.6874      0.526    31.3616    23.3955 -9.990e-29
 152.853837      0.527  37.930274    13.9076     9.6881      0.523    31.3662    23.3995 -9.990e-29
 152.853843      0.530  37.929297    13.9069     9.7008      0.526    31.3659    23.3993 -9.990e-29
 152.853848      0.537  37.925855    13.9091     9.7030      0.533    31.3609    23.3951 -9.990e-29
 152.853854      0.541  37.923142    13.9168     9.6998      0.536    31.3522    23.3867 -9.990e-29
 152.853860      0.545  37.920840    13.9347     9.6953      0.540    31.3355    23.3702 -9.990e-29
 152.853866      0.548  37.925905    13.9571     9.6783      0.543    31.3219    23.3552 -9.990e-29
 152.853872      0.550  37.942790    13.9736     9.6737      0.545    31.3239    23.3534 -9.990e-29
 152.853877      0.552  37.957536    13.9883     9.6845      0.547    31.3255    23.3516 -9.990e-29
 152.853883      0.553  37.962855    14.0041     9.7066      0.548    31.3175    23.3423 -9.990e-29
 152.853889      0.554  37.966901    14.0128     9.6852      0.549    31.3142    23.3379 -9.990e-29
 152.853895      0.555  37.970530    14.0125     9.6114      0.550    31.3177    23.3407 -9.990e-29
 152.853900      0.556  37.960594    14.0095     9.5747      0.551    31.3111    23.3362 -9.990e-29
 152.853906      0.556  37.946760    14.0083     9.6323      0.551    31.2993    23.3274 -9.990e-29
 152.853912      0.557  37.953101    14.0130     9.7225      0.552    31.3013    23.3280 -9.990e-29
 152.853918      0.557  37.966720    14.0235     9.7867      0.552    31.3053    23.3289 -9.990e-29
 152.853924      0.557  37.968177    14.0264     9.7718      0.552    31.3043    23.3275 -9.990e-29
 152.853929      0.557  37.956556    14.0066     9.7209      0.552    31.3097    23.3357 -9.990e-29
 152.853935      0.558  37.924707    13.9671     9.6798      0.553    31.3126    23.3460 -9.990e-29
 152.853941      0.558  37.833471    13.9306     9.6841      0.553    31.2585    23.3116 -9.990e-29
 152.853947      0.558  37.719123    13.9221     9.7102      0.553    31.1603    23.2376 -9.990e-29
 152.853953      0.558  37.704770    13.9437     9.7511      0.553    31.1296    23.2095 -9.990e-29
 152.853958      0.558  37.772326    13.9701     9.7827      0.553    31.1702    23.2355 -9.990e-29
 152.853964      0.558  37.810682    13.9652     9.7873      0.553    31.2094    23.2668 -9.990e-29
 152.853970      0.558  37.804259    13.9236     9.7795      0.553    31.2373    23.2967 -9.990e-29
 152.853976      0.558  37.774695    13.8623     9.7515      0.553    31.2600    23.3266 -9.990e-29
 152.853981      0.558  37.731252    13.7922     9.7439      0.553    31.2770    23.3539 -9.990e-29
 152.853987      0.558  37.697735    13.7405     9.7411      0.553    31.2883    23.3730 -9.990e-29
 152.853993      0.558  37.691008    13.7295     9.7468      0.553    31.2910    23.3773 -9.990e-29
 152.853999      0.558  37.713794    13.7468     9.7859      0.553    31.2980    23.3792 -9.990e-29
