data/oxygen options/ONMS/Olympic_Coast_National_Marine_Sanctuary_CTD_Data_2005_2023/raw_data/2016/CAST_MB015_161011faed.cnv
* Sea-Bird SBE19 Data File:
* FileName = C:\2016 Mooring Data\Casts\Data\CAST_MB015_161011.hex
* Software Version 1.59
* Temperature SN = 2997
* Conductivity SN = 2997
* System UpLoad Time = Oct 11 2016 20:07:50
** CAST_MB015_161011
* ds
# nquan = 9                                 
# nvalues = 830                         
# units = specified
# name 0 = timeJ: Julian Days
# name 1 = prSM: Pressure, Strain Gauge [db]
# name 2 = c0mS/cm: Conductivity [mS/cm]
# name 3 = t090C: Temperature [ITS-90, deg C]
# name 4 = sbeox0ML/L: Oxygen, SBE 43 [ml/l]
# name 5 = depSM: Depth [salt water, m], lat = 47.5
# name 6 = sal00: Salinity, Practical [PSU]
# name 7 = sigma-é00: Density [sigma-theta, kg/m^3]
# name 8 = flag: flag
# span 0 = 285.821863, 285.826661       
# span 1 =     -4.953,     13.111       
# span 2 =   0.410933,  36.501963       
# span 3 =    12.2554,    13.2662       
# span 4 =    -1.9521,    11.0137       
# span 5 =     -4.912,     13.001       
# span 6 =     0.2585,    30.6274       
# span 7 =    -0.4514,    22.9730       
# span 8 = 0.0000e+00, 0.0000e+00       
# interval = seconds: 0.5
# start_time = Oct 11 2016 19:43:29 [Instrument's time stamp, header]
# bad_flag = -9.990e-29
*END*
[from data line 321]
 285.823721     -0.268   0.430072    13.1902    -1.9452     -0.266     0.2707    -0.4344 -9.990e-29
 285.823727     -0.264   0.430074    13.1914    -1.9453     -0.262     0.2707    -0.4346 -9.990e-29
 285.823733     -0.260   0.430076    13.1916    -1.9453     -0.258     0.2707    -0.4346 -9.990e-29
 285.823738     -0.258   0.430081    13.1909    -1.9454     -0.256     0.2707    -0.4345 -9.990e-29
 285.823744     -0.256   0.430095    13.1901    -1.9453     -0.254     0.2707    -0.4344 -9.990e-29
 285.823750     -0.254   0.430136    13.1903    -1.9454     -0.252     0.2707    -0.4344 -9.990e-29
 285.823756     -0.253   0.430259    13.1916    -1.9456     -0.251     0.2708    -0.4345 -9.990e-29
 285.823762     -0.252   0.430630    13.1934    -1.9458     -0.250     0.2710    -0.4346 -9.990e-29
 285.823767     -0.251   0.431187    13.1949    -1.9459     -0.249     0.2714    -0.4345 -9.990e-29
 285.823773     -0.250   0.431562    13.1953    -1.9458     -0.248     0.2716    -0.4344 -9.990e-29
 285.823779     -0.249   0.431699    13.1948    -1.9457     -0.247     0.2717    -0.4342 -9.990e-29
 285.823785     -0.248   0.431780    13.1938    -1.9456     -0.246     0.2717    -0.4341 -9.990e-29
 285.823791     -0.248   0.431916    13.1928    -1.9456     -0.246     0.2718    -0.4339 -9.990e-29
 285.823796     -0.247   0.432287    13.1920    -1.9458     -0.245     0.2721    -0.4336 -9.990e-29
 285.823802     -0.246   0.432832    13.1901    -1.9458     -0.244     0.2725    -0.4330 -9.990e-29
 285.823808     -0.245   0.433166    13.1870    -1.9459     -0.243     0.2727    -0.4325 -9.990e-29
 285.823814     -0.243   0.433180    13.1840    -1.9458     -0.241     0.2727    -0.4320 -9.990e-29
 285.823819     -0.242   0.432892    13.1825    -1.9458     -0.240     0.2725    -0.4320 -9.990e-29
 285.823825     -0.239   0.432474    13.1828    -1.9458     -0.237     0.2723    -0.4322 -9.990e-29
 285.823831     -0.236   0.432480    13.1843    -1.9459     -0.234     0.2723    -0.4324 -9.990e-29
 285.823837     -0.233   0.432915    13.1857    -1.9461     -0.231     0.2725    -0.4324 -9.990e-29
 285.823843     -0.228   0.433249    13.1855    -1.9461     -0.226     0.2728    -0.4322 -9.990e-29
 285.823848     -0.222   0.433372    13.1839    -1.9462     -0.220     0.2728    -0.4319 -9.990e-29
 285.823854     -0.219   0.433450    13.1823    -1.9464     -0.217     0.2729    -0.4317 -9.990e-29
 285.823860     -0.222   0.433586    13.1816    -1.9466     -0.220     0.2730    -0.4315 -9.990e-29
 285.823866     -0.228   0.433960    13.1817    -1.9468     -0.226     0.2732    -0.4313 -9.990e-29
 285.823872     -0.232   0.434517    13.1820    -1.9470     -0.230     0.2736    -0.4311 -9.990e-29
 285.823877     -0.236   0.434888    13.1813    -1.9471     -0.234     0.2738    -0.4308 -9.990e-29
 285.823883     -0.238   0.435014    13.1792    -1.9472     -0.236     0.2739    -0.4305 -9.990e-29
 285.823889     -0.240   0.435060    13.1765    -1.9468     -0.238     0.2740    -0.4301 -9.990e-29
 285.823895     -0.241   0.435087    13.1739    -1.9466     -0.239     0.2740    -0.4297 -9.990e-29
 285.823900     -0.242   0.435132    13.1711    -1.9466     -0.240     0.2741    -0.4293 -9.990e-29
 285.823906     -0.243   0.435256    13.1674    -1.9466     -0.241     0.2742    -0.4288 -9.990e-29
 285.823912     -0.243   0.435623    13.1632    -1.9469     -0.241     0.2744    -0.4280 -9.990e-29
 285.823918     -0.242   0.436166    13.1589    -1.9472     -0.240     0.2748    -0.4272 -9.990e-29
 285.823924     -0.241   0.436500    13.1553    -1.9474     -0.239     0.2751    -0.4265 -9.990e-29
 285.823929     -0.240   0.436514    13.1533    -1.9472     -0.238     0.2751    -0.4262 -9.990e-29
 285.823935     -0.238   0.436226    13.1540    -1.9471     -0.236     0.2749    -0.4265 -9.990e-29
 285.823941     -0.236   0.435808    13.1574    -1.9475     -0.234     0.2746    -0.4271 -9.990e-29
 285.823947     -0.232   0.435813    13.1608    -1.9477     -0.230     0.2746    -0.4276 -9.990e-29
 285.823953     -0.228   0.436246    13.1620    -1.9477     -0.226     0.2749    -0.4275 -9.990e-29
 285.823958     -0.222   0.436576    13.1605    -1.9477     -0.220     0.2751    -0.4272 -9.990e-29
 285.823964     -0.215   0.436686    13.1569    -1.9479     -0.213     0.2752    -0.4266 -9.990e-29
 285.823970     -0.205   0.436723    13.1527    -1.9478     -0.203     0.2752    -0.4260 -9.990e-29
 285.823976     -0.197   0.436735    13.1498    -1.9478     -0.195     0.2753    -0.4256 -9.990e-29
 285.823981     -0.194   0.436739    13.1489    -1.9478     -0.192     0.2753    -0.4255 -9.990e-29
 285.823987     -0.191   0.436741    13.1478    -1.9479     -0.189     0.2753    -0.4254 -9.990e-29
 285.823993     -0.185   0.436742    13.1447    -1.9480     -0.183     0.2753    -0.4249 -9.990e-29
 285.823999     -0.180   0.436744    13.1411    -1.9482     -0.178     0.2753    -0.4245 -9.990e-29
 285.824005     -0.178   0.436746    13.1387    -1.9484     -0.177     0.2753    -0.4241 -9.990e-29
 285.824010     -0.177   0.436751    13.1370    -1.9483     -0.176     0.2754    -0.4239 -9.990e-29
 285.824016     -0.170   0.436765    13.1359    -1.9484     -0.169     0.2754    -0.4238 -9.990e-29
 285.824022     -0.163   0.436806    13.1356    -1.9485     -0.162     0.2754    -0.4237 -9.990e-29
 285.824028     -0.159   0.436930    13.1354    -1.9484     -0.158     0.2755    -0.4236 -9.990e-29
 285.824034     -0.158   0.437301    13.1344    -1.9483     -0.157     0.2757    -0.4233 -9.990e-29
 285.824039     -0.160   0.437857    13.1324    -1.9484     -0.159     0.2761    -0.4227 -9.990e-29
 285.824045     -0.160   0.438227    13.1297    -1.9484     -0.159     0.2764    -0.4222 -9.990e-29
 285.824051     -0.155   0.438351    13.1271    -1.9483     -0.154     0.2765    -0.4218 -9.990e-29
 285.824057     -0.144   0.438392    13.1249    -1.9483     -0.143     0.2765    -0.4215 -9.990e-29
 285.824063     -0.130   0.438407    13.1233    -1.9483     -0.129     0.2765    -0.4212 -9.990e-29
 285.824068     -0.117   0.438412    13.1222    -1.9483     -0.116     0.2765    -0.4211 -9.990e-29
 285.824074     -0.100   0.438414    13.1219    -1.9481     -0.099     0.2765    -0.4210 -9.990e-29
 285.824080     -0.078   0.438417    13.1227    -1.9482     -0.077     0.2765    -0.4211 -9.990e-29
 285.824086     -0.058   0.438422    13.1236    -1.9483     -0.058     0.2765    -0.4213 -9.990e-29
 285.824091     -0.043   0.438436    13.1236    -1.9484     -0.043     0.2765    -0.4213 -9.990e-29
 285.824097     -0.032   0.438477    13.1236    -1.9483     -0.032     0.2766    -0.4212 -9.990e-29
 285.824103     -0.024   0.438600    13.1244    -1.9482     -0.024     0.2766    -0.4213 -9.990e-29
 285.824109     -0.019   0.438966    13.1251    -1.9482     -0.019     0.2769    -0.4212 -9.990e-29
 285.824115     -0.017   0.439508    13.1255    -1.9487     -0.017     0.2772    -0.4210 -9.990e-29
 285.824120     -0.017   0.439840    13.1262    -1.9490     -0.017     0.2774    -0.4209 -9.990e-29
 285.824126     -0.019   0.439848    13.1269    -1.9495     -0.019     0.2774    -0.4210 -9.990e-29
 285.824132     -0.019   0.439542    13.1269    -1.9499     -0.019     0.2772    -0.4211 -9.990e-29
 285.824138     -0.013   0.439068    13.1259    -1.9505     -0.013     0.2769    -0.4212 -9.990e-29
 285.824144     -0.006   0.438904    13.1249    -1.9510     -0.006     0.2768    -0.4212 -9.990e-29
 285.824149      0.000   0.438831    13.1249    -1.9512      0.000     0.2768    -0.4212 -9.990e-29
 285.824155      0.005   0.438194    13.1248    -1.9511      0.005     0.2764    -0.4215 -9.990e-29
 285.824161      0.009   0.437255    13.1223    -1.9514      0.009     0.2758    -0.4217 -9.990e-29
 285.824167      0.012   0.436426    13.1164    -1.9515      0.012     0.2753    -0.4213 -9.990e-29
 285.824172      0.015   0.435713    13.1080    -1.9518      0.015     0.2749    -0.4205 -9.990e-29
 285.824178      0.017   0.435275    13.0983    -1.9521      0.017     0.2747    -0.4195 -9.990e-29
 285.824184      0.020   0.435080    13.0879    -1.9520      0.020     0.2746    -0.4182 -9.990e-29
 285.824190      0.022   0.434870    13.0774    -1.9519      0.022     0.2745    -0.4169 -9.990e-29
 285.824196      0.024   0.434364    13.0684    -1.9519      0.024     0.2743    -0.4159 -9.990e-29
 285.824201      0.027   0.433442    13.0628    -1.9518      0.027     0.2737    -0.4156 -9.990e-29
 285.824207      0.030   0.432539    13.0592    -1.9518      0.030     0.2732    -0.4156 -9.990e-29
 285.824213      0.033   0.432115    13.0554    -1.7984      0.033     0.2729    -0.4153 -9.990e-29
 285.824219      0.038   0.432161    13.0512    -1.6514      0.038     0.2730    -0.4147 -9.990e-29
 285.824225      0.044   0.432735    13.0470    -1.6133      0.044     0.2734    -0.4139 -9.990e-29
 285.824230      0.051   0.434603    13.0437    -1.6130      0.051     0.2746    -0.4125 -9.990e-29
 285.824236      0.060   0.440811    13.0426    -1.6129      0.059     0.2787    -0.4092 -9.990e-29
 285.824242      0.072   0.460745    13.0433    -1.6129      0.071     0.2916    -0.3992 -9.990e-29
 285.824248      0.087   0.521540    13.0450    -1.6136      0.086     0.3314    -0.3684 -9.990e-29
 285.824253      0.106   0.704255    13.0478    -1.6135      0.105     0.4523    -0.2746 -9.990e-29
 285.824259      0.130   1.253062    13.0536    -1.6136      0.129     0.8247     0.0141 -9.990e-29
 285.824265      0.162   2.900816    13.0688    -1.6136      0.161     1.9948     0.9196 -9.990e-29
 285.824271      0.202   7.845075    13.0945    -1.6137      0.200     5.7569     3.8222 -9.990e-29
 285.824277      0.254  17.104352    13.1189    -1.6137      0.252    13.3525     9.6675 -9.990e-29
 285.824282      0.321  26.788822    13.1337    -1.6137      0.318    21.7926    16.1636 -9.990e-29
 285.824288      0.403  32.741257    13.1408    -1.6137      0.400    27.1827    20.3197 -9.990e-29
 285.824294      0.496  35.166423    13.1432    -1.6137      0.492    29.4200    22.0471 -9.990e-29
 285.824300      0.598  35.971993    13.1434    -1.6136      0.593    30.1687    22.6257 -9.990e-29
 285.824306      0.703  36.229847    13.1429    -1.6136      0.697    30.4094    22.8118 -9.990e-29
 285.824311      0.804  36.302302    13.1423    -1.6135      0.797    30.4774    22.8645 -9.990e-29
 285.824317      0.899  36.321841    13.1425    -1.6136      0.891    30.4954    22.8784 -9.990e-29
 285.824323      0.986  36.328548    13.1436    -1.6133      0.978    30.5007    22.8823 -9.990e-29
 285.824329      1.061  36.328589    13.1452    -1.6133      1.052    30.4995    22.8810 -9.990e-29
 285.824334      1.122  36.324845    13.1462    -1.6134      1.113    30.4951    22.8775 -9.990e-29
 285.824340      1.168  36.319072    13.1458    -1.6136      1.158    30.4901    22.8737 -9.990e-29
 285.824346      1.200  36.315924    13.1453    -1.6135      1.190    30.4875    22.8718 -9.990e-29
 285.824352      1.223  36.317952    13.1460    -1.6136      1.213    30.4888    22.8727 -9.990e-29
 285.824358      1.236  36.322282    13.1477    -1.6135      1.226    30.4915    22.8744 -9.990e-29
 285.824363      1.241  36.326313    13.1498    -1.6135      1.231    30.4936    22.8756 -9.990e-29
 285.824369      1.238  36.327603    13.1512    -1.6135      1.228    30.4936    22.8754 -9.990e-29
 285.824375      1.227  36.326219    13.1519    -1.6135      1.217    30.4918    22.8738 -9.990e-29
 285.824381      1.212  36.326504    13.1512    -1.6134      1.202    30.4926    22.8746 -9.990e-29
 285.824387      1.195  36.329985    13.1489    -1.6134      1.185    30.4977    22.8790 -9.990e-29
 285.824392      1.176  36.332927    13.1462    -1.6135      1.166    30.5026    22.8833 -9.990e-29
 285.824398      1.158  36.333675    13.1443    -1.6134      1.148    30.5049    22.8854 -9.990e-29
 285.824404      1.144  36.334934    13.1431    -1.6135      1.134    30.5070    22.8873 -9.990e-29
 285.824410      1.133  36.337290    13.1425    -1.6134      1.124    30.5097    22.8895 -9.990e-29
 285.824416      1.124  36.338865    13.1424    -1.6134      1.115    30.5113    22.8907 -9.990e-29
 285.824421      1.117  36.340667    13.1425    -1.6134      1.108    30.5129    22.8919 -9.990e-29
 285.824427      1.111  36.343442    13.1428    -1.6133      1.102    30.5152    22.8937 -9.990e-29
 285.824433      1.106  36.345317    13.1431    -1.6134      1.097    30.5167    22.8948 -9.990e-29
 285.824439      1.102  36.346016    13.1431    -1.6134      1.093    30.5174    22.8953 -9.990e-29
 285.824444      1.099  36.346499    13.1428    -1.6134      1.090    30.5181    22.8959 -9.990e-29
 285.824450      1.095  36.346876    13.1425    -1.6134      1.086    30.5187    22.8964 -9.990e-29
 285.824456      1.091  36.347116    13.1424    -1.6134      1.082    30.5190    22.8967 -9.990e-29
 285.824462      1.087  36.347564    13.1425    -1.6134      1.078    30.5193    22.8969 -9.990e-29
 285.824468      1.083  36.348284    13.1427    -1.6138      1.074    30.5198    22.8973 -9.990e-29
 285.824473      1.078  36.349141    13.1430    -1.6138      1.069    30.5204    22.8976 -9.990e-29
 285.824479      1.071  36.350184    13.1433    -1.6138      1.062    30.5211    22.8982 -9.990e-29
 285.824485      1.067  36.351149    13.1431    -1.6136      1.058    30.5222    22.8990 -9.990e-29
 285.824491      1.070  36.351670    13.1427    -1.6135      1.061    30.5230    22.8997 -9.990e-29
 285.824497      1.076  36.351907    13.1426    -1.6136      1.067    30.5233    22.9000 -9.990e-29
 285.824502      1.081  36.352201    13.1428    -1.6142      1.072    30.5234    22.9000 -9.990e-29
 285.824508      1.084  36.352411    13.1431    -1.6143      1.075    30.5233    22.8999 -9.990e-29
 285.824514      1.087  36.351163    13.1438    -1.6145      1.078    30.5216    22.8984 -9.990e-29
 285.824520      1.089  36.346260    13.1447    -1.6144      1.080    30.5163    22.8942 -9.990e-29
 285.824525      1.091  36.334551    13.1451    -1.6145      1.082    30.5051    22.8854 -9.990e-29
 285.824531      1.092  36.318936    13.1449    -1.6144      1.083    30.4907    22.8743 -9.990e-29
 285.824537      1.093  36.309989    13.1447    -1.6146      1.084    30.4825    22.8680 -9.990e-29
 285.824543      1.094  36.311494    13.1450    -1.6145      1.085    30.4837    22.8689 -9.990e-29
 285.824549      1.094  36.317081    13.1455    -1.6145      1.085    30.4885    22.8725 -9.990e-29
 285.824554      1.095  36.316860    13.1458    -1.6140      1.086    30.4880    22.8721 -9.990e-29
 285.824560      1.095  36.302158    13.1459    -1.6137      1.086    30.4742    22.8614 -9.990e-29
 285.824566      1.096  36.276368    13.1455    -1.6137      1.087    30.4505    22.8431 -9.990e-29
 285.824572      1.096  36.253864    13.1448    -1.6137      1.087    30.4301    22.8275 -9.990e-29
 285.824578      1.097  36.242757    13.1441    -1.6137      1.088    30.4203    22.8201 -9.990e-29
 285.824583      1.097  36.240030    13.1436    -1.6137      1.088    30.4181    22.8185 -9.990e-29
 285.824589      1.098  36.239271    13.1434    -1.6137      1.089    30.4176    22.8181 -9.990e-29
 285.824595      1.099  36.237252    13.1436    -1.6135      1.090    30.4155    22.8165 -9.990e-29
 285.824601      1.100  36.235230    13.1439    -1.6136      1.091    30.4134    22.8148 -9.990e-29
 285.824606      1.101  36.237254    13.1439    -1.6137      1.092    30.4153    22.8162 -9.990e-29
 285.824612      1.102  36.249970    13.1437    -1.6138      1.093    30.4273    22.8256 -9.990e-29
 285.824618      1.104  36.274676    13.1436    -1.6137      1.095    30.4504    22.8435 -9.990e-29
 285.824624      1.106  36.298406    13.1435    -1.6138      1.097    30.4726    22.8607 -9.990e-29
 285.824630      1.109  36.310813    13.1435    -1.6136      1.100    30.4842    22.8696 -9.990e-29
 285.824635      1.112  36.315584    13.1436    -1.6136      1.103    30.4886    22.8730 -9.990e-29
