data/oxygen options/ONMS/Olympic_Coast_National_Marine_Sanctuary_CTD_Data_2005_2023/raw_data/2016/CAST_TH015_160531faed.cnv
* Sea-Bird SBE 19 Data File:
* FileName = C:\2016 Mooring Data\Casts\Data\CAST_TH015_160531.hex
* Software Version SeatermAF 2.1.2
* Temperature SN = 2997
* Conductivity SN = 2997
* System UpLoad Time = May 31 2016 23:41:45 (localtime) = May 31 2016 23:41:45 (UTC)
** CAST_TH015_160531
* ds
# nquan = 9                                 
# nvalues = 879                         
# units = specified
# name 0 = timeJ: Julian Days
# name 1 = prSM: Pressure, Strain Gauge [db]
# name 2 = c0mS/cm: Conductivity [mS/cm]
# name 3 = t090C: Temperature [ITS-90, deg C]
# name 4 = sbeox0ML/L: Oxygen, SBE 43 [ml/l]
# name 5 = depSM: Depth [salt water, m], lat = 47.5
# name 6 = sal00: Salinity, Practical [PSU]
# name 7 = sigma-é00: Density [sigma-theta, kg/m^3]
# name 8 = flag: flag
# span 0 = 152.979826, 152.984907       
# span 1 =     -5.106,     13.549       
# span 2 =   0.273655,  37.875198       
# span 3 =    10.2349,    15.7112       
# span 4 =    -1.8574,    14.1557       
# span 5 =     -5.063,     13.435       
# span 6 =     0.1606,    32.7765       
# span 7 =    -0.8849,    25.1750       
# span 8 = 0.0000e+00, 0.0000e+00       
# interval = seconds: 0.5
# start_time = May 31 2016 23:30:57 [Instrument's time stamp, header]
# bad_flag = -9.990e-29
*END*
[from data line 321]
 152.981684     -1.311   0.293756    15.4344    -1.8527     -1.300     0.1737    -0.8310 -9.990e-29
 152.981690     -1.305   0.293841    15.4437    -1.8525     -1.294     0.1737    -0.8325 -9.990e-29
 152.981696     -1.297   0.294093    15.4519    -1.8523     -1.286     0.1738    -0.8337 -9.990e-29
 152.981701     -1.287   0.294293    15.4574    -1.8520     -1.276     0.1739    -0.8345 -9.990e-29
 152.981707     -1.276   0.294151    15.4599    -1.8518     -1.265     0.1738    -0.8349 -9.990e-29
 152.981713     -1.265   0.294029    15.4621    -1.8513     -1.254     0.1737    -0.8353 -9.990e-29
 152.981719     -1.259   0.294318    15.4657    -1.8511     -1.248     0.1739    -0.8358 -9.990e-29
 152.981725     -1.253   0.294847    15.4702    -1.8511     -1.243     0.1742    -0.8362 -9.990e-29
 152.981730     -1.243   0.295209    15.4748    -1.8511     -1.233     0.1744    -0.8368 -9.990e-29
 152.981736     -1.231   0.295330    15.4796    -1.8512     -1.221     0.1744    -0.8375 -9.990e-29
 152.981742     -1.227   0.295371    15.4842    -1.8517     -1.217     0.1744    -0.8382 -9.990e-29
 152.981748     -1.233   0.295386    15.4891    -1.8519     -1.223     0.1744    -0.8390 -9.990e-29
 152.981753     -1.246   0.295391    15.4951    -1.8521     -1.236     0.1744    -0.8400 -9.990e-29
 152.981759     -1.259   0.295394    15.5023    -1.8522     -1.248     0.1744    -0.8411 -9.990e-29
 152.981765     -1.267   0.295396    15.5095    -1.8523     -1.256     0.1743    -0.8423 -9.990e-29
 152.981771     -1.271   0.295397    15.5146    -1.8526     -1.260     0.1743    -0.8431 -9.990e-29
 152.981777     -1.272   0.295399    15.5165    -1.8528     -1.261     0.1743    -0.8434 -9.990e-29
 152.981782     -1.270   0.295401    15.5157    -1.8527     -1.259     0.1743    -0.8433 -9.990e-29
 152.981788     -1.264   0.295403    15.5117    -1.8528     -1.253     0.1743    -0.8426 -9.990e-29
 152.981794     -1.255   0.295408    15.5053    -1.8528     -1.245     0.1744    -0.8416 -9.990e-29
 152.981800     -1.245   0.295422    15.4988    -1.8526     -1.235     0.1744    -0.8406 -9.990e-29
 152.981806     -1.235   0.295460    15.4939    -1.8523     -1.225     0.1744    -0.8398 -9.990e-29
 152.981811     -1.214   0.295573    15.4906    -1.8522     -1.204     0.1745    -0.8392 -9.990e-29
 152.981817     -1.186   0.295907    15.4874    -1.8522     -1.176     0.1747    -0.8385 -9.990e-29
 152.981823     -1.163   0.296354    15.4833    -1.8522     -1.153     0.1750    -0.8376 -9.990e-29
 152.981829     -1.146   0.296397    15.4797    -1.8519     -1.136     0.1751    -0.8370 -9.990e-29
 152.981834     -1.135   0.296090    15.4778    -1.8518     -1.126     0.1749    -0.8369 -9.990e-29
 152.981840     -1.129   0.296132    15.4772    -1.8515     -1.120     0.1749    -0.8368 -9.990e-29
 152.981846     -1.127   0.296578    15.4784    -1.8512     -1.118     0.1752    -0.8368 -9.990e-29
 152.981852     -1.131   0.296913    15.4817    -1.8508     -1.122     0.1754    -0.8371 -9.990e-29
 152.981858     -1.134   0.297026    15.4857    -1.8507     -1.125     0.1754    -0.8377 -9.990e-29
 152.981863     -1.134   0.297064    15.4888    -1.8505     -1.125     0.1754    -0.8382 -9.990e-29
 152.981869     -1.131   0.297077    15.4913    -1.8498     -1.122     0.1754    -0.8386 -9.990e-29
 152.981875     -1.123   0.297082    15.4944    -1.8496     -1.114     0.1754    -0.8391 -9.990e-29
 152.981881     -1.116   0.297085    15.4984    -1.8493     -1.107     0.1754    -0.8397 -9.990e-29
 152.981887     -1.113   0.297087    15.5033    -1.8490     -1.104     0.1754    -0.8405 -9.990e-29
 152.981892     -1.109   0.297090    15.5098    -1.8491     -1.100     0.1753    -0.8415 -9.990e-29
 152.981898     -1.099   0.297094    15.5176    -1.8490     -1.090     0.1753    -0.8428 -9.990e-29
 152.981904     -1.089   0.297105    15.5253    -1.8493     -1.080     0.1753    -0.8440 -9.990e-29
 152.981910     -1.080   0.297136    15.5321    -1.8494     -1.071     0.1753    -0.8451 -9.990e-29
 152.981916     -1.073   0.297226    15.5400    -1.8498     -1.064     0.1753    -0.8463 -9.990e-29
 152.981921     -1.066   0.297494    15.5496    -1.8499     -1.057     0.1754    -0.8478 -9.990e-29
 152.981927     -1.061   0.297740    15.5584    -1.8501     -1.052     0.1755    -0.8491 -9.990e-29
 152.981933     -1.056   0.297734    15.5653    -1.8504     -1.047     0.1755    -0.8502 -9.990e-29
 152.981939     -1.051   0.297837    15.5696    -1.8505     -1.042     0.1755    -0.8508 -9.990e-29
 152.981944     -1.045   0.298187    15.5708    -1.8505     -1.036     0.1758    -0.8508 -9.990e-29
 152.981950     -1.039   0.298510    15.5698    -1.8503     -1.030     0.1759    -0.8505 -9.990e-29
 152.981956     -1.032   0.298680    15.5667    -1.8505     -1.023     0.1761    -0.8500 -9.990e-29
 152.981962     -1.027   0.298737    15.5614    -1.8512     -1.018     0.1761    -0.8491 -9.990e-29
 152.981968     -1.029   0.298756    15.5553    -1.8514     -1.020     0.1762    -0.8481 -9.990e-29
 152.981973     -1.034   0.298763    15.5499    -1.8514     -1.025     0.1762    -0.8472 -9.990e-29
 152.981979     -1.038   0.298766    15.5447    -1.8512     -1.029     0.1762    -0.8464 -9.990e-29
 152.981985     -1.040   0.298767    15.5399    -1.8510     -1.031     0.1762    -0.8456 -9.990e-29
 152.981991     -1.041   0.298768    15.5372    -1.8512     -1.032     0.1762    -0.8452 -9.990e-29
 152.981997     -1.042   0.298769    15.5364    -1.8514     -1.033     0.1762    -0.8450 -9.990e-29
 152.982002     -1.041   0.298770    15.5351    -1.8517     -1.032     0.1762    -0.8448 -9.990e-29
 152.982008     -1.039   0.298772    15.5303    -1.8521     -1.030     0.1763    -0.8441 -9.990e-29
 152.982014     -1.037   0.298777    15.5227    -1.8525     -1.028     0.1763    -0.8428 -9.990e-29
 152.982020     -1.033   0.298793    15.5170    -1.8531     -1.024     0.1763    -0.8419 -9.990e-29
 152.982025     -1.028   0.298840    15.5155    -1.8539     -1.019     0.1764    -0.8416 -9.990e-29
 152.982031     -1.021   0.298979    15.5164    -1.5623     -1.012     0.1764    -0.8417 -9.990e-29
 152.982037     -1.011   0.299396    15.5168    -1.6039     -1.003     0.1767    -0.8416 -9.990e-29
 152.982043     -0.999   0.300646    15.5141    -1.6147     -0.991     0.1775    -0.8406 -9.990e-29
 152.982049     -0.983   0.304395    15.5076    -1.6169     -0.975     0.1797    -0.8378 -9.990e-29
 152.982054     -0.963   0.315641    15.4967    -1.6167     -0.955     0.1865    -0.8308 -9.990e-29
 152.982060     -0.937   0.349376    15.4776    -1.6179     -0.929     0.2069    -0.8120 -9.990e-29
 152.982066     -0.903   0.450581    15.4378    -1.6181     -0.895     0.2687    -0.7580 -9.990e-29
 152.982072     -0.859   0.754196    15.3393    -1.6194     -0.852     0.4586    -0.5958 -9.990e-29
 152.982078     -0.803   1.665039    15.0708    -1.6188     -0.796     1.0556    -0.0932 -9.990e-29
 152.982083     -0.731   4.397566    14.4819    -1.6178     -0.725     2.9916     1.4887 -9.990e-29
 152.982089     -0.642  12.595702    13.7046    -1.6179     -0.637     9.4372     6.5643 -9.990e-29
 152.982095     -0.544  24.864397    13.1173    -1.6183     -0.539    20.0891    14.8540 -9.990e-29
 152.982101     -0.448  33.013720    12.8258    -1.6186     -0.444    27.6621    20.7484 -9.990e-29
 152.982106     -0.361  35.750918    12.6943    -1.6195     -0.358    30.3208    22.8290 -9.990e-29
 152.982112     -0.280  36.724904    12.6347    -1.6192     -0.278    31.2893    23.5900 -9.990e-29
 152.982118     -0.205  37.091404    12.6109    -1.6200     -0.203    31.6566    23.8790 -9.990e-29
 152.982124     -0.145  37.215232    12.6105    -1.6202     -0.144    31.7745    23.9704 -9.990e-29
 152.982130     -0.104  37.228974    12.6294    -1.6183     -0.103    31.7716    23.9645 -9.990e-29
 152.982135     -0.075  37.195757    12.6512    -1.6195     -0.074    31.7217    23.9217 -9.990e-29
 152.982141     -0.052  37.155320    12.6546    -1.6201     -0.052    31.6805    23.8892 -9.990e-29
 152.982147     -0.034  37.129378    12.6378    -1.6194     -0.034    31.6700    23.8842 -9.990e-29
 152.982153     -0.019  37.127033    12.6183    -1.6184     -0.019    31.6841    23.8989 -9.990e-29
 152.982159     -0.007  37.148505    12.6075    -1.6176     -0.007    31.7136    23.9238 -9.990e-29
 152.982164      0.004  37.160212    12.6013    -1.6180      0.004    31.7299    23.9377 -9.990e-29
 152.982170      0.014  37.148046    12.5955    -1.6165      0.014    31.7233    23.9336 -9.990e-29
 152.982176      0.023  37.134430    12.5911    -1.6180      0.023    31.7140    23.9273 -9.990e-29
 152.982182      0.033  37.129206    12.5894    -1.6201      0.033    31.7105    23.9249 -9.990e-29
 152.982188      0.043  37.150604    12.5928    -1.6181      0.043    31.7280    23.9378 -9.990e-29
 152.982193      0.051  37.182314    12.6043    -1.6161      0.051    31.7484    23.9514 -9.990e-29
 152.982199      0.052  37.167987    12.6230    -1.6171      0.052    31.7190    23.9251 -9.990e-29
 152.982205      0.050  37.127727    12.6449    -1.6168      0.050    31.6624    23.8770 -9.990e-29
 152.982211      0.051  37.112055    12.6592    -1.6163      0.051    31.6355    23.8535 -9.990e-29
 152.982216      0.053  37.115190    12.6526    -1.6166      0.053    31.6440    23.8613 -9.990e-29
 152.982222      0.058  37.127854    12.6314    -1.6173      0.058    31.6739    23.8885 -9.990e-29
 152.982228      0.065  37.178125    12.6190    -1.6172      0.064    31.7320    23.9359 -9.990e-29
 152.982234      0.070  37.242244    12.6282    -1.6166      0.069    31.7851    23.9753 -9.990e-29
 152.982240      0.070  37.230305    12.6427    -1.6157      0.069    31.7616    23.9542 -9.990e-29
 152.982245      0.070  37.169513    12.6399    -1.6150      0.069    31.7062    23.9119 -9.990e-29
 152.982251      0.072  37.182751    12.6276    -1.6141      0.071    31.7292    23.9320 -9.990e-29
 152.982257      0.077  37.266925    12.6220    -1.6136      0.076    31.8138    23.9987 -9.990e-29
 152.982263      0.082  37.330861    12.6187    -1.6128      0.081    31.8773    24.0485 -9.990e-29
 152.982269      0.083  37.360052    12.6102    -1.6124      0.082    31.9122    24.0772 -9.990e-29
 152.982274      0.083  37.379393    12.6000    -1.6126      0.082    31.9393    24.1001 -9.990e-29
 152.982280      0.087  37.390565    12.5958    -1.6128      0.086    31.9535    24.1118 -9.990e-29
 152.982286      0.096  37.400041    12.5979    -1.6129      0.095    31.9607    24.1170 -9.990e-29
 152.982292      0.109  37.421558    12.5995    -1.6124      0.108    31.9798    24.1315 -9.990e-29
 152.982297      0.123  37.464737    12.5968    -1.6122      0.122    32.0231    24.1656 -9.990e-29
 152.982303      0.131  37.531661    12.5939    -1.6125      0.130    32.0893    24.2174 -9.990e-29
 152.982309      0.134  37.614606    12.5973    -1.6118      0.133    32.1653    24.2756 -9.990e-29
 152.982315      0.135  37.694706    12.6047    -1.6119      0.134    32.2352    24.3284 -9.990e-29
 152.982321      0.135  37.752099    12.6066    -1.6123      0.134    32.2882    24.3691 -9.990e-29
 152.982326      0.138  37.788206    12.6003    -1.6128      0.137    32.3280    24.4011 -9.990e-29
 152.982332      0.148  37.816410    12.5942    -1.6134      0.147    32.3601    24.4271 -9.990e-29
 152.982338      0.162  37.840118    12.5946    -1.6130      0.161    32.3823    24.4443 -9.990e-29
 152.982344      0.173  37.853375    12.5981    -1.6131      0.172    32.3919    24.4511 -9.990e-29
 152.982350      0.176  37.859270    12.6013    -1.6131      0.175    32.3948    24.4527 -9.990e-29
 152.982355      0.176  37.868448    12.6069    -1.6127      0.175    32.3987    24.4546 -9.990e-29
 152.982361      0.177  37.875198    12.6140    -1.6128      0.176    32.3990    24.4535 -9.990e-29
 152.982367      0.176  37.871692    12.6144    -1.6127      0.175    32.3953    24.4506 -9.990e-29
 152.982373      0.172  37.864448    12.6063    -1.6128      0.171    32.3954    24.4522 -9.990e-29
 152.982378      0.169  37.858365    12.5969    -1.6134      0.168    32.3977    24.4558 -9.990e-29
 152.982384      0.167  37.852602    12.5942    -1.6136      0.166    32.3945    24.4539 -9.990e-29
 152.982390      0.165  37.841696    12.5985    -1.6135      0.164    32.3804    24.4421 -9.990e-29
 152.982396      0.161  37.824536    12.6043    -1.6134      0.160    32.3591    24.4245 -9.990e-29
 152.982402      0.152  37.807368    12.6085    -1.6156      0.151    32.3392    24.4082 -9.990e-29
 152.982407      0.147  37.792501    12.6105    -1.6180      0.146    32.3233    24.3955 -9.990e-29
 152.982413      0.150  37.787558    12.6124    -1.6150      0.149    32.3170    24.3903 -9.990e-29
 152.982419      0.162  37.793219    12.6166    -1.6141      0.161    32.3187    24.3908 -9.990e-29
 152.982425      0.178  37.794038    12.6229    -1.6163      0.177    32.3141    24.3860 -9.990e-29
 152.982431      0.192  37.781004    12.6294    -1.6187      0.190    32.2961    24.3708 -9.990e-29
 152.982436      0.199  37.749052    12.6338    -1.6194      0.197    32.2619    24.3435 -9.990e-29
 152.982442      0.206  37.703756    12.6353    -1.6176      0.204    32.2176    24.3089 -9.990e-29
 152.982448      0.215  37.667642    12.6352    -1.6164      0.213    32.1833    24.2823 -9.990e-29
 152.982454      0.224  37.640177    12.6336    -1.6186      0.222    32.1586    24.2635 -9.990e-29
 152.982459      0.228  37.581362    12.6300    -1.6194      0.226    32.1057    24.2232 -9.990e-29
 152.982465      0.229  37.478881    12.6261    -1.6179      0.227    32.0116    24.1511 -9.990e-29
 152.982471      0.226  37.423017    12.6245    -1.6174      0.224    31.9599    24.1113 -9.990e-29
 152.982477      0.224  37.461982    12.6247    -1.6201      0.222    31.9967    24.1399 -9.990e-29
 152.982483      0.226  37.474008    12.6248    -1.6214      0.224    32.0081    24.1486 -9.990e-29
 152.982488      0.228  37.378175    12.6238    -1.6183      0.226    31.9179    24.0789 -9.990e-29
 152.982494      0.226  37.254014    12.6220    -1.6180      0.224    31.8015    23.9891 -9.990e-29
 152.982500      0.224  37.207160    12.6200    -1.6207      0.222    31.7587    23.9564 -9.990e-29
 152.982506      0.227  37.244045    12.6166    -1.6229      0.225    31.7966    23.9863 -9.990e-29
 152.982512      0.230  37.265909    12.6111    10.5921      0.228    31.8220    24.0071 -9.990e-29
 152.982517      0.234  37.227365    12.6033    13.8725      0.232    31.7919    23.9853 -9.990e-29
 152.982523      0.243  37.206998    12.5938    14.1557      0.241    31.7806    23.9783 -9.990e-29
 152.982529      0.253  37.239273    12.5864    11.9848      0.251    31.8175    24.0084 -9.990e-29
 152.982535      0.261  37.241692    12.5828     7.1920      0.259    31.8229    24.0132 -9.990e-29
 152.982541      0.267  37.179920    12.5771     7.4820      0.265    31.7690    23.9725 -9.990e-29
 152.982546      0.271  37.154238    12.5631     7.8006      0.269    31.7564    23.9654 -9.990e-29
 152.982552      0.275  37.207710    12.5447     7.8601      0.273    31.8228    24.0204 -9.990e-29
 152.982558      0.277  37.227834    12.5304     7.7920      0.275    31.8540    24.0473 -9.990e-29
 152.982564      0.279  37.148412    12.5242     7.7017      0.277    31.7837    23.9940 -9.990e-29
 152.982569      0.280  37.029379    12.5248     7.6418      0.278    31.6699    23.9057 -9.990e-29
 152.982575      0.281  36.940609    12.5290     7.5979      0.279    31.5820    23.8368 -9.990e-29
 152.982581      0.281  36.898195    12.5349     7.5779      0.279    31.5367    23.8006 -9.990e-29
 152.982587      0.281  36.880307    12.5402     7.5618      0.279    31.5153    23.7830 -9.990e-29
 152.982593      0.280  36.869803    12.5434     7.5587      0.278    31.5026    23.7726 -9.990e-29
 152.982598      0.278  36.862746    12.5463     7.5731      0.276    31.4935    23.7650 -9.990e-29
