data/oxygen options/ONMS/Olympic_Coast_National_Marine_Sanctuary_CTD_Data_2005_2023/raw_data/2016/CAST_CE042_161010faed.cnv
* Sea-Bird SBE19 Data File:
* FileName = C:\2016 Mooring Data\Casts\Data\CAST_CE042_161010.hex
* Software Version 1.59
* Temperature SN = 2997
* Conductivity SN = 2997
* System UpLoad Time = Oct 10 2016 17:07:18
** CAST_CE042_161010
* ds
# nquan = 9                                 
# nvalues = 1571                        
# units = specified
# name 0 = timeJ: Julian Days
# name 1 = prSM: Pressure, Strain Gauge [db]
# name 2 = c0mS/cm: Conductivity [mS/cm]
# name 3 = t090C: Temperature [ITS-90, deg C]
# name 4 = sbeox0ML/L: Oxygen, SBE 43 [ml/l]
# name 5 = depSM: Depth [salt water, m], lat = 47.5
# name 6 = sal00: Salinity, Practical [PSU]
# name 7 = sigma-é00: Density [sigma-theta, kg/m^3]
# name 8 = flag: flag
# span 0 = 284.686505, 284.695590       
# span 1 =     -4.793,     45.292       
# span 2 =   0.019427,  37.964764       
# span 3 =     8.9315,    12.9125       
# span 4 =    -2.1537,    12.1082       
# span 5 =     -4.753,     44.909       
# span 6 =     0.0151,    32.4228       
# span 7 =    -0.2467,    24.6368       
# span 8 = 0.0000e+00, 0.0000e+00       
# interval = seconds: 0.5
# start_time = Oct 10 2016 16:28:34 [Instrument's time stamp, header]
# bad_flag = -9.990e-29
*END*
[from data line 1121]
 284.692992     29.798  37.951548    12.8856     5.4862     29.547    32.2269    24.2685 0.0000e+00
 284.692998     29.948  37.951295    12.8849     5.4856     29.696    32.2272    24.2689 0.0000e+00
 284.693003     30.099  37.950819    12.8834     5.4966     29.846    32.2280    24.2698 0.0000e+00
 284.693009     30.249  37.949435    12.8807     5.4974     29.994    32.2289    24.2710 0.0000e+00
 284.693015     30.401  37.946927    12.8771     5.5083     30.145    32.2296    24.2722 0.0000e+00
 284.693021     30.552  37.944385    12.8740     5.5091     30.295    32.2298    24.2730 0.0000e+00
 284.693027     30.697  37.942851    12.8721     5.5021     30.439    32.2299    24.2734 0.0000e+00
 284.693032     30.843  37.941908    12.8703     5.4960     30.583    32.2305    24.2742 0.0000e+00
 284.693038     30.998  37.940247    12.8674     5.4859     30.737    32.2313    24.2755 0.0000e+00
 284.693044     31.168  37.937286    12.8637     5.4730     30.906    32.2316    24.2764 0.0000e+00
 284.693050     31.351  37.933508    12.8598     5.4748     31.087    32.2313    24.2769 0.0000e+00
 284.693056     31.537  37.929989    12.8561     5.4793     31.271    32.2310    24.2774 0.0000e+00
 284.693061     31.716  37.927590    12.8528     5.4788     31.449    32.2315    24.2784 0.0000e+00
 284.693067     31.888  37.925861    12.8491     5.4836     31.619    32.2329    24.2803 0.0000e+00
 284.693073     32.054  37.923564    12.8444     5.4909     31.784    32.2347    24.2826 0.0000e+00
 284.693079     32.221  37.920388    12.8401     5.4889     31.950    32.2353    24.2839 0.0000e+00
 284.693084     32.391  37.917093    12.8368     5.4979     32.118    32.2349    24.2842 0.0000e+00
 284.693090     32.558  37.914277    12.8345     5.4918     32.284    32.2341    24.2841 0.0000e+00
 284.693096     32.719  37.912055    12.8329     5.4705     32.443    32.2333    24.2838 0.0000e+00
 284.693102     32.876  37.910213    12.8307     5.4749     32.599    32.2334    24.2843 0.0000e+00
 284.693108     33.031  37.908487    12.8275     5.4694     32.753    32.2345    24.2857 0.0000e+00
 284.693113     33.185  37.906766    12.8239     5.4563     32.905    32.2358    24.2875 0.0000e+00
 284.693119     33.342  37.904385    12.8194     5.4591     33.061    32.2374    24.2895 0.0000e+00
 284.693125     33.510  37.899800    12.8120     5.4509     33.228    32.2393    24.2924 0.0000e+00
 284.693131     33.690  37.893012    12.8022     5.4502     33.406    32.2411    24.2958 0.0000e+00
 284.693137     33.885  37.886686    12.7936     5.4511     33.599    32.2424    24.2984 0.0000e+00
 284.693142     34.094  37.882423    12.7877     5.4452     33.807    32.2433    24.3003 0.0000e+00
 284.693148     34.314  37.879529    12.7827     5.4490     34.025    32.2447    24.3024 0.0000e+00
 284.693154     34.538  37.876897    12.7775     5.4473     34.247    32.2466    24.3048 0.0000e+00
 284.693160     34.758  37.873766    12.7723     5.4577     34.465    32.2480    24.3069 0.0000e+00
 284.693166     34.971  37.870393    12.7683     5.4494     34.676    32.2481    24.3078 0.0000e+00
 284.693171     35.169  37.867833    12.7665     5.4351     34.873    32.2471    24.3074 0.0000e+00
 284.693177     35.348  37.867100    12.7663     5.4403     35.050    32.2466    24.3070 0.0000e+00
 284.693183     35.515  37.867726    12.7659     5.4290     35.216    32.2474    24.3077 0.0000e+00
 284.693189     35.680  37.867134    12.7639     5.4233     35.379    32.2485    24.3089 0.0000e+00
 284.693194     35.849  37.863925    12.7597     5.4273     35.547    32.2490    24.3101 0.0000e+00
 284.693200     36.026  37.859933    12.7542     5.4160     35.722    32.2498    24.3119 0.0000e+00
 284.693206     36.208  37.856509    12.7482     5.4092     35.903    32.2516    24.3144 0.0000e+00
 284.693212     36.390  37.852958    12.7424     5.4055     36.083    32.2531    24.3167 0.0000e+00
 284.693218     36.570  37.848977    12.7381     5.3947     36.262    32.2530    24.3174 0.0000e+00
 284.693223     36.748  37.845931    12.7359     5.3821     36.438    32.2519    24.3170 0.0000e+00
 284.693229     36.920  37.844191    12.7340     5.3875     36.609    32.2518    24.3173 0.0000e+00
 284.693235     37.096  37.841386    12.7300     5.3877     36.783    32.2525    24.3186 0.0000e+00
 284.693241     37.288  37.835405    12.7215     5.3836     36.973    32.2540    24.3214 0.0000e+00
 284.693247     37.511  37.824388    12.7089     5.3777     37.195    32.2542    24.3240 0.0000e+00
 284.693252     37.756  37.810407    12.6972     5.3672     37.437    32.2509    24.3237 0.0000e+00
 284.693258     38.005  37.799987    12.6898     5.3564     37.684    32.2472    24.3223 0.0000e+00
 284.693264     38.245  37.794871    12.6854     5.3404     37.922    32.2460    24.3222 0.0000e+00
 284.693270     38.472  37.792104    12.6806     5.3266     38.147    32.2474    24.3242 0.0000e+00
 284.693275     38.694  37.786824    12.6718     5.2953     38.367    32.2498    24.3278 0.0000e+00
 284.693281     38.911  37.775863    12.6585     5.2467     38.583    32.2507    24.3310 0.0000e+00
 284.693287     39.119  37.761930    12.6455     5.2028     38.789    32.2485    24.3318 0.0000e+00
 284.693293     39.321  37.751052    12.6352     5.1399     38.989    32.2469    24.3326 0.0000e+00
 284.693299     39.523  37.742120    12.6213     5.0918     39.189    32.2502    24.3378 0.0000e+00
 284.693304     39.734  37.725414    12.5964     5.0522     39.399    32.2555    24.3467 0.0000e+00
 284.693310     39.956  37.694861    12.5600     4.9996     39.619    32.2575    24.3553 0.0000e+00
 284.693316     40.184  37.651702    12.5193     4.9461     39.845    32.2512    24.3581 0.0000e+00
 284.693322     40.413  37.606144    12.4827     4.8987     40.072    32.2391    24.3557 0.0000e+00
 284.693328     40.635  37.571358    12.4502     4.8628     40.292    32.2336    24.3577 0.0000e+00
 284.693333     40.851  37.546855    12.4139     4.8357     40.506    32.2413    24.3705 0.0000e+00
 284.693339     41.063  37.517279    12.3710     4.8098     40.716    32.2498    24.3852 0.0000e+00
 284.693345     41.272  37.477884    12.3276     4.8090     40.923    32.2493    24.3931 0.0000e+00
 284.693351     41.481  37.443333    12.2887     4.8130     41.131    32.2496    24.4007 0.0000e+00
 284.693356     41.692  37.421296    12.2551     4.8105     41.340    32.2573    24.4130 0.0000e+00
 284.693362     41.900  37.403626    12.2242     4.8181     41.546    32.2669    24.4262 0.0000e+00
 284.693368     42.103  37.385759    12.1955     4.8221     41.747    32.2744    24.4374 0.0000e+00
 284.693374     42.294  37.372397    12.1757     4.8166     41.937    32.2785    24.4444 0.0000e+00
 284.693380     42.471  37.368643    12.1671     4.8217     42.112    32.2823    24.4489 0.0000e+00
 284.693385     42.631  37.371117    12.1623     4.8157     42.271    32.2887    24.4548 0.0000e+00
 284.693391     42.783  37.370175    12.1565     4.8032     42.422    32.2928    24.4590 0.0000e+00
 284.693397     42.943  37.363950    12.1501     4.7866     42.580    32.2923    24.4598 0.0000e+00
 284.693403     43.116  37.356421    12.1437     4.7637     42.752    32.2905    24.4596 0.0000e+00
 284.693409     43.305  37.350388    12.1380     4.7281     42.939    32.2895    24.4600 0.0000e+00
 284.693414     43.499  37.347282    12.1344     4.6767     43.131    32.2896    24.4607 0.0000e+00
 284.693420     43.683  37.346832    12.1307     4.6339     43.314    32.2922    24.4635 0.0000e+00
 284.693426     43.853  37.345582    12.1205     4.5981     43.482    32.2998    24.4712 0.0000e+00
 284.693432     44.022  37.337894    12.0977     4.5379     43.650    32.3120    24.4850 0.0000e+00
 284.693438     44.196  37.320753    12.0589     4.4732     43.822    32.3290    24.5054 0.0000e+00
 284.693443     44.372  37.291426    12.0131     4.4013     43.997    32.3403    24.5227 0.0000e+00
 284.693449     44.542  37.258949    11.9807     4.3301     44.165    32.3370    24.5261 0.0000e+00
 284.693455     44.693  37.241039    11.9611     4.3035     44.315    32.3366    24.5295 0.0000e+00
 284.693461     44.832  37.230565    11.9279     4.3227     44.453    32.3553    24.5501 0.0000e+00
 284.693466     44.972  37.206783    11.8662     4.3682     44.592    32.3858    24.5852 0.0000e+00
 284.693472     45.108  37.169315    11.7929     4.4123     44.727    32.4133    24.6201 -9.990e-29
 284.693478     45.220  37.133352    11.7419     4.4342     44.838    32.4228    24.6368 -9.990e-29
 284.693484     45.284  37.108070    11.7401     4.4629     44.901    32.3998    24.6193 -9.990e-29
 284.693490     45.292  37.103062    11.7749     4.4836     44.909    32.3646    24.5856 -9.990e-29
 284.693495     45.252  37.120032    11.8055     4.5141     44.869    32.3544    24.5721 -9.990e-29
 284.693501     45.181  37.136967    11.8147     4.5471     44.799    32.3629    24.5769 -9.990e-29
 284.693507     45.085  37.141727    11.8166     4.5661     44.704    32.3659    24.5789 -9.990e-29
 284.693513     44.963  37.144596    11.8285     4.5838     44.583    32.3583    24.5709 -9.990e-29
 284.693519     44.815  37.155012    11.8500     4.6071     44.436    32.3498    24.5603 0.0000e+00
 284.693524     44.659  37.170620    11.8715     4.6468     44.281    32.3463    24.5536 0.0000e+00
 284.693530     44.514  37.186465    11.8893     4.6861     44.138    32.3462    24.5502 0.0000e+00
 284.693536     44.387  37.200155    11.9060     4.7213     44.012    32.3450    24.5462 -9.990e-29
 284.693542     44.267  37.209223    11.9281     4.7741     43.893    32.3347    24.5341 -9.990e-29
 284.693547     44.129  37.217926    11.9600     4.8028     43.756    32.3155    24.5133 0.0000e+00
 284.693553     43.968  37.232271    11.9985     4.8211     43.596    32.2960    24.4911 0.0000e+00
 284.693559     43.804  37.252906    12.0367     4.8395     43.434    32.2830    24.4738 0.0000e+00
 284.693565     43.648  37.275979    12.0718     4.8537     43.279    32.2749    24.4610 0.0000e+00
 284.693571     43.494  37.296969    12.1020     4.8602     43.126    32.2691    24.4509 0.0000e+00
 284.693576     43.337  37.315299    12.1243     4.8705     42.971    32.2676    24.4455 0.0000e+00
 284.693582     43.179  37.330206    12.1395     4.8734     42.814    32.2689    24.4437 0.0000e+00
 284.693588     43.028  37.341968    12.1514     4.8725     42.664    32.2700    24.4423 0.0000e+00
 284.693594     42.888  37.352830    12.1613     4.8719     42.526    32.2719    24.4419 0.0000e+00
 284.693600     42.756  37.361596    12.1695     4.8741     42.395    32.2733    24.4415 -9.990e-29
 284.693605     42.635  37.367076    12.1770     4.8818     42.275    32.2722    24.4392 -9.990e-29
 284.693611     42.523  37.370985    12.1834     4.8934     42.164    32.2705    24.4367 -9.990e-29
 284.693617     42.424  37.374621    12.1894     4.8928     42.066    32.2688    24.4343 -9.990e-29
 284.693623     42.335  37.378920    12.1971     4.8871     41.977    32.2663    24.4309 -9.990e-29
 284.693628     42.250  37.385139    12.2055     4.8812     41.893    32.2651    24.4284 -9.990e-29
 284.693634     42.164  37.391493    12.2115     4.8851     41.808    32.2661    24.4280 -9.990e-29
 284.693640     42.072  37.395256    12.2143     4.8989     41.717    32.2673    24.4284 -9.990e-29
 284.693646     41.972  37.396971    12.2150     4.9113     41.617    32.2684    24.4291 -9.990e-29
 284.693652     41.865  37.397253    12.2165     4.9360     41.511    32.2674    24.4281 -9.990e-29
 284.693657     41.755  37.397047    12.2207     4.9386     41.402    32.2636    24.4244 -9.990e-29
 284.693663     41.646  37.398891    12.2283     4.9482     41.294    32.2589    24.4192 -9.990e-29
 284.693669     41.545  37.404691    12.2388     4.9611     41.194    32.2555    24.4146 -9.990e-29
 284.693675     41.449  37.413223    12.2503     4.9698     41.099    32.2538    24.4111 -9.990e-29
 284.693681     41.349  37.420745    12.2622     4.9876     41.000    32.2508    24.4066 -9.990e-29
 284.693686     41.233  37.425528    12.2775     5.0179     40.885    32.2423    24.3971 -9.990e-29
 284.693692     41.102  37.430035    12.2968     5.0563     40.755    32.2300    24.3840 0.0000e+00
 284.693698     40.970  37.439166    12.3110     5.1097     40.624    32.2266    24.3786 -9.990e-29
 284.693704     40.846  37.449417    12.3165     5.1861     40.501    32.2318    24.3816 -9.990e-29
 284.693709     40.721  37.454856    12.3302     5.2463     40.377    32.2253    24.3739 0.0000e+00
 284.693715     40.588  37.466107    12.3675     5.2804     40.245    32.2040    24.3504 0.0000e+00
 284.693721     40.450  37.493135    12.4171     5.2916     40.108    32.1874    24.3281 0.0000e+00
 284.693727     40.317  37.532200    12.4624     5.2873     39.977    32.1859    24.3184 0.0000e+00
 284.693733     40.192  37.573763    12.5013     5.2930     39.853    32.1923    24.3159 -9.990e-29
 284.693738     40.072  37.609375    12.5334     5.2896     39.734    32.1988    24.3149 -9.990e-29
 284.693744     39.954  37.637778    12.5547     5.2975     39.617    32.2077    24.3177 -9.990e-29
 284.693750     39.843  37.657069    12.5654     5.3099     39.507    32.2170    24.3228 -9.990e-29
 284.693756     39.745  37.668887    12.5706     5.3020     39.409    32.2238    24.3271 -9.990e-29
 284.693762     39.658  37.678355    12.5752     5.3075     39.323    32.2289    24.3302 -9.990e-29
 284.693767     39.575  37.685218    12.5826     5.2968     39.241    32.2292    24.3289 -9.990e-29
 284.693773     39.497  37.691347    12.5924     5.2954     39.164    32.2266    24.3251 -9.990e-29
 284.693779     39.427  37.699882    12.6001     5.2974     39.094    32.2282    24.3248 -9.990e-29
 284.693785     39.364  37.707640    12.6021     5.2947     39.032    32.2339    24.3289 -9.990e-29
 284.693791     39.305  37.710405    12.6010     5.3097     38.973    32.2375    24.3319 -9.990e-29
 284.693796     39.241  37.710755    12.6030     5.3130     38.910    32.2361    24.3304 -9.990e-29
 284.693802     39.165  37.714766    12.6093     5.3161     38.834    32.2346    24.3280 -9.990e-29
 284.693808     39.079  37.722750    12.6149     5.3223     38.749    32.2374    24.3291 -9.990e-29
 284.693814     38.993  37.728548    12.6175     5.3271     38.664    32.2407    24.3312 -9.990e-29
 284.693819     38.903  37.730375    12.6192     5.3318     38.575    32.2411    24.3311 -9.990e-29
 284.693825     38.805  37.732356    12.6211     5.3335     38.478    32.2414    24.3310 -9.990e-29
 284.693831     38.696  37.735462    12.6235     5.3444     38.369    32.2423    24.3313 -9.990e-29
 284.693837     38.582  37.738240    12.6267     5.3470     38.256    32.2423    24.3306 -9.990e-29
 284.693843     38.470  37.742159    12.6306     5.3497     38.145    32.2427    24.3302 -9.990e-29
 284.693848     38.351  37.747412    12.6345     5.3498     38.027    32.2444    24.3308 -9.990e-29
 284.693854     38.215  37.750922    12.6388     5.3601     37.893    32.2441    24.3297 0.0000e+00
 284.693860     38.065  37.752897    12.6446     5.3789     37.744    32.2411    24.3262 0.0000e+00
 284.693866     37.917  37.757100    12.6511     5.3786     37.597    32.2396    24.3238 0.0000e+00
 284.693872     37.784  37.764661    12.6575     5.3902     37.465    32.2413    24.3240 -9.990e-29
 284.693877     37.665  37.772781    12.6650     5.3877     37.347    32.2427    24.3236 -9.990e-29
 284.693883     37.548  37.779970    12.6746     5.3933     37.231    32.2414    24.3207 -9.990e-29
 284.693889     37.427  37.786853    12.6840     5.3980     37.111    32.2399    24.3177 -9.990e-29
 284.693895     37.301  37.793092    12.6915     5.4024     36.986    32.2395    24.3160 0.0000e+00
 284.693900     37.173  37.799168    12.6979     5.4127     36.859    32.2398    24.3150 0.0000e+00
 284.693906     37.045  37.805910    12.7037     5.4156     36.733    32.2413    24.3150 -9.990e-29
