data/oxygen options/ONMS/Olympic_Coast_National_Marine_Sanctuary_CTD_Data_2005_2023/raw_data/2016/CAST_KL015_160525faed.cnv
* Sea-Bird SBE19 Data File:
* FileName = C:\2016 Mooring Data\CAST_KL015_160525.hex
* Software Version 1.59
* Temperature SN = 2997
* Conductivity SN = 2997
* System UpLoad Time = May 25 2016 19:02:30
** CAST_KL015_160525
* ds
# nquan = 9                                 
# nvalues = 675                         
# units = specified
# name 0 = timeJ: Julian Days
# name 1 = prSM: Pressure, Strain Gauge [db]
# name 2 = c0mS/cm: Conductivity [mS/cm]
# name 3 = t090C: Temperature [ITS-90, deg C]
# name 4 = sbeox0ML/L: Oxygen, SBE 43 [ml/l]
# name 5 = depSM: Depth [salt water, m], lat = 47.5
# name 6 = sal00: Salinity, Practical [PSU]
# name 7 = sigma-é00: Density [sigma-theta, kg/m^3]
# name 8 = flag: flag
# span 0 = 146.788299, 146.792199       
# span 1 =     -5.299,     15.096       
# span 2 =   0.343935,  37.972949       
# span 3 =    10.3402,    13.8477       
# span 4 =    -1.9313,    14.6938       
# span 5 =     -5.255,     14.969       
# span 6 =     0.2118,    32.7233       
# span 7 =    -0.5665,    25.1171       
# span 8 = 0.0000e+00, 0.0000e+00       
# interval = seconds: 0.5
# start_time = May 25 2016 18:55:09 [Instrument's time stamp, header]
# bad_flag = -9.990e-29
*END*
[from data line 321]
 146.790156      0.284  37.867718    12.8478     7.1754      0.282    32.1917    24.2478 -9.990e-29
 146.790162      0.278  37.869566    12.8480     7.1645      0.276    32.1933    24.2490 -9.990e-29
 146.790168      0.272  37.870610    12.8469     7.1529      0.270    32.1952    24.2507 -9.990e-29
 146.790174      0.268  37.869436    12.8442     7.1521      0.266    32.1964    24.2521 -9.990e-29
 146.790179      0.272  37.866159    12.8401     7.1654      0.270    32.1968    24.2532 -9.990e-29
 146.790185      0.278  37.862573    12.8372     7.1795      0.276    32.1958    24.2531 -9.990e-29
 146.790191      0.284  37.860622    12.8369     7.1789      0.282    32.1943    24.2519 -9.990e-29
 146.790197      0.290  37.860502    12.8377     7.1737      0.288    32.1935    24.2511 -9.990e-29
 146.790203      0.296  37.860931    12.8377     7.1801      0.294    32.1939    24.2514 -9.990e-29
 146.790208      0.302  37.860237    12.8367     7.1744      0.299    32.1940    24.2518 -9.990e-29
 146.790214      0.309  37.858612    12.8359     7.1731      0.306    32.1932    24.2513 -9.990e-29
 146.790220      0.314  37.858373    12.8365     7.1700      0.311    32.1925    24.2506 -9.990e-29
 146.790226      0.311  37.860320    12.8389     7.1783      0.308    32.1923    24.2500 -9.990e-29
 146.790231      0.305  37.863685    12.8426     7.1770      0.302    32.1923    24.2493 -9.990e-29
 146.790237      0.300  37.867347    12.8461     7.1694      0.297    32.1928    24.2490 -9.990e-29
 146.790243      0.297  37.870022    12.8480     7.1653      0.295    32.1937    24.2493 -9.990e-29
 146.790249      0.297  37.871350    12.8481     7.1680      0.295    32.1949    24.2502 -9.990e-29
 146.790255      0.312  37.871422    12.8473     7.1794      0.309    32.1956    24.2509 -9.990e-29
 146.790260      0.340  37.870332    12.8465     7.1769      0.337    32.1952    24.2508 -9.990e-29
 146.790266      0.372  37.868308    12.8459     7.1803      0.369    32.1938    24.2498 -9.990e-29
 146.790272      0.392  37.867131    12.8461     7.1778      0.389    32.1925    24.2488 -9.990e-29
 146.790278      0.393  37.868591    12.8471     7.1707      0.390    32.1931    24.2490 -9.990e-29
 146.790284      0.383  37.870707    12.8482     7.1777      0.380    32.1941    24.2496 -9.990e-29
 146.790289      0.375  37.871816    12.8486     7.1763      0.372    32.1948    24.2501 -9.990e-29
 146.790295      0.373  37.872275    12.8485     7.1644      0.370    32.1954    24.2505 -9.990e-29
 146.790301      0.375  37.872135    12.8485     7.1624      0.372    32.1952    24.2504 -9.990e-29
 146.790307      0.379  37.871768    12.8488     7.1598      0.376    32.1946    24.2499 -9.990e-29
 146.790313      0.381  37.871803    12.8494     7.1627      0.378    32.1941    24.2494 -9.990e-29
 146.790318      0.384  37.872844    12.8499     7.1620      0.381    32.1947    24.2497 -9.990e-29
 146.790324      0.392  37.874038    12.8496     7.1667      0.389    32.1961    24.2509 -9.990e-29
 146.790330      0.408  37.873610    12.8480     7.1613      0.405    32.1970    24.2519 -9.990e-29
 146.790336      0.426  37.871549    12.8458     7.1676      0.422    32.1970    24.2523 -9.990e-29
 146.790341      0.441  37.869591    12.8448     7.1578      0.437    32.1959    24.2517 -9.990e-29
 146.790347      0.448  37.869606    12.8460     7.1474      0.444    32.1949    24.2507 -9.990e-29
 146.790353      0.448  37.871048    12.8475     7.1604      0.444    32.1950    24.2505 -9.990e-29
 146.790359      0.445  37.871914    12.8482     7.1693      0.441    32.1952    24.2505 -9.990e-29
 146.790365      0.448  37.872238    12.8482     7.1772      0.444    32.1956    24.2507 -9.990e-29
 146.790370      0.457  37.872451    12.8481     7.1836      0.453    32.1958    24.2510 -9.990e-29
 146.790376      0.464  37.872835    12.8488     7.1593      0.460    32.1956    24.2506 -9.990e-29
 146.790382      0.464  37.873900    12.8499     7.1649      0.460    32.1957    24.2505 -9.990e-29
 146.790388      0.463  37.874823    12.8505     7.1732      0.459    32.1960    24.2507 -9.990e-29
 146.790394      0.469  37.875149    12.8505     7.1758      0.465    32.1963    24.2509 -9.990e-29
 146.790399      0.482  37.875312    12.8502     7.1877      0.478    32.1967    24.2513 -9.990e-29
 146.790405      0.494  37.875528    12.8499     7.1696      0.490    32.1972    24.2517 -9.990e-29
 146.790411      0.498  37.875894    12.8497     7.1702      0.494    32.1977    24.2521 -9.990e-29
 146.790417      0.490  37.876333    12.8496     7.1575      0.486    32.1982    24.2525 -9.990e-29
 146.790422      0.477  37.876664    12.8496     7.1549      0.473    32.1985    24.2528 -9.990e-29
 146.790428      0.472  37.876740    12.8497     7.1584      0.468    32.1985    24.2527 -9.990e-29
 146.790434      0.475  37.876447    12.8495     7.1522      0.471    32.1984    24.2527 -9.990e-29
 146.790440      0.481  37.875926    12.8491     7.1569      0.477    32.1983    24.2526 -9.990e-29
 146.790446      0.490  37.875578    12.8489     7.1570      0.486    32.1981    24.2526 -9.990e-29
 146.790451      0.499  37.875471    12.8488     7.1710      0.495    32.1981    24.2526 -9.990e-29
 146.790457      0.505  37.875436    12.8488     7.1764      0.501    32.1980    24.2525 -9.990e-29
 146.790463      0.507  37.875400    12.8491     7.1829      0.503    32.1978    24.2523 -9.990e-29
 146.790469      0.505  37.875286    12.8490     7.1752      0.501    32.1977    24.2523 -9.990e-29
 146.790475      0.501  37.875478    12.8489     7.1621      0.497    32.1980    24.2525 -9.990e-29
 146.790480      0.493  37.876203    12.8492     7.1660      0.489    32.1984    24.2528 -9.990e-29
 146.790486      0.485  37.876721    12.8488     7.1658      0.481    32.1993    24.2535 -9.990e-29
 146.790492      0.485  37.876575    12.8479     7.1697      0.481    32.1999    24.2541 -9.990e-29
 146.790498      0.493  37.876103    12.8473     7.1778      0.489    32.2000    24.2543 -9.990e-29
 146.790503      0.497  37.875770    12.8465     7.1763      0.493    32.2003    24.2547 -9.990e-29
 146.790509      0.489  37.875665    12.8456     7.1699      0.485    32.2010    24.2554 -9.990e-29
 146.790515      0.476  37.875620    12.8449     7.1801      0.472    32.2016    24.2560 -9.990e-29
 146.790521      0.471  37.875548    12.8448     7.1734      0.467    32.2016    24.2560 -9.990e-29
 146.790527      0.478  37.875328    12.8450     7.1735      0.474    32.2012    24.2557 -9.990e-29
 146.790532      0.492  37.874638    12.8450     7.1608      0.488    32.2005    24.2552 -9.990e-29
 146.790538      0.506  37.873653    12.8453     7.1670      0.502    32.1993    24.2542 -9.990e-29
 146.790544      0.517  37.873275    12.8455     7.1659      0.513    32.1988    24.2538 -9.990e-29
 146.790550      0.526  37.873533    12.8452     7.1667      0.522    32.1993    24.2542 -9.990e-29
 146.790556      0.532  37.873621    12.8449     7.1635      0.528    32.1996    24.2545 -9.990e-29
 146.790561      0.537  37.873632    12.8448     7.1648      0.533    32.1997    24.2546 -9.990e-29
 146.790567      0.540  37.874113    12.8451     7.1688      0.535    32.1999    24.2547 -9.990e-29
 146.790573      0.542  37.874557    12.8456     7.1831      0.537    32.1999    24.2546 -9.990e-29
 146.790579      0.544  37.874406    12.8456     7.1871      0.539    32.1998    24.2545 -9.990e-29
 146.790584      0.544  37.873995    12.8448     7.1842      0.539    32.2001    24.2549 -9.990e-29
 146.790590      0.543  37.873870    12.8440     7.1942      0.538    32.2006    24.2555 -9.990e-29
 146.790596      0.542  37.874397    12.8442     7.1795      0.537    32.2010    24.2557 -9.990e-29
 146.790602      0.540  37.875130    12.8450     7.1699      0.535    32.2010    24.2555 -9.990e-29
 146.790608      0.540  37.875338    12.8452     7.1592      0.535    32.2010    24.2555 -9.990e-29
 146.790613      0.548  37.874712    12.8445     7.1678      0.543    32.2010    24.2557 -9.990e-29
 146.790619      0.555  37.873511    12.8434     7.1781      0.550    32.2008    24.2557 -9.990e-29
 146.790625      0.554  37.872910    12.8427     7.1886      0.549    32.2008    24.2559 -9.990e-29
 146.790631      0.548  37.873200    12.8426     7.1835      0.543    32.2012    24.2562 -9.990e-29
 146.790637      0.541  37.873620    12.8427     7.1771      0.536    32.2015    24.2564 -9.990e-29
 146.790642      0.534  37.873583    12.8421     7.1752      0.530    32.2020    24.2569 -9.990e-29
 146.790648      0.533  37.872451    12.8413     7.1674      0.529    32.2016    24.2567 -9.990e-29
 146.790654      0.544  37.871491    12.8413     7.1682      0.539    32.2007    24.2560 -9.990e-29
 146.790660      0.553  37.872199    12.8419     7.1556      0.548    32.2008    24.2560 -9.990e-29
 146.790666      0.558  37.873249    12.8418     7.1668      0.553    32.2019    24.2569 -9.990e-29
 146.790671      0.564  37.873211    12.8406     7.1662      0.559    32.2029    24.2579 -9.990e-29
 146.790677      0.569  37.872009    12.8394     7.1677      0.564    32.2028    24.2580 -9.990e-29
 146.790683      0.575  37.870816    12.8387     7.1701      0.570    32.2022    24.2578 -9.990e-29
 146.790689      0.582  37.870816    12.8384     7.1660      0.577    32.2025    24.2580 -9.990e-29
 146.790694      0.587  37.871423    12.8388     7.1751      0.582    32.2027    24.2581 -9.990e-29
 146.790700      0.585  37.872296    12.8398     7.1763      0.580    32.2027    24.2579 -9.990e-29
 146.790706      0.580  37.873451    12.8411     7.1762      0.575    32.2027    24.2576 -9.990e-29
 146.790712      0.581  37.874158    12.8423     7.1746      0.576    32.2023    24.2571 -9.990e-29
 146.790718      0.591  37.874214    12.8429     7.1719      0.586    32.2019    24.2567 -9.990e-29
 146.790723      0.609  37.874229    12.8429     7.1914      0.604    32.2019    24.2567 -9.990e-29
 146.790729      0.625  37.874756    12.8427     7.1952      0.620    32.2025    24.2572 -9.990e-29
 146.790735      0.632  37.875348    12.8428     7.1950      0.627    32.2030    24.2576 -9.990e-29
 146.790741      0.632  37.875645    12.8434     7.1908      0.627    32.2028    24.2573 -9.990e-29
 146.790747      0.631  37.876017    12.8442     7.1766      0.626    32.2025    24.2569 -9.990e-29
 146.790752      0.632  37.876373    12.8447     7.1816      0.627    32.2024    24.2567 -9.990e-29
 146.790758      0.628  37.876601    12.8450     7.1635      0.623    32.2023    24.2566 -9.990e-29
 146.790764      0.625  37.876977    12.8452     7.1546      0.620    32.2025    24.2567 -9.990e-29
 146.790770      0.626  37.877978    12.8453     7.1547      0.621    32.2034    24.2574 -9.990e-29
 146.790775      0.631  37.879230    12.8455     7.1564      0.626    32.2044    24.2581 -9.990e-29
 146.790781      0.637  37.879572    12.8459     7.1728      0.632    32.2044    24.2580 -9.990e-29
 146.790787      0.639  37.879433    12.8466     7.1767      0.634    32.2036    24.2573 -9.990e-29
 146.790793      0.641  37.879720    12.8470     7.1702      0.636    32.2036    24.2572 -9.990e-29
 146.790799      0.650  37.880230    12.8471     7.1670      0.645    32.2040    24.2575 -9.990e-29
 146.790804      0.659  37.880495    12.8471     7.1515      0.653    32.2042    24.2577 -9.990e-29
 146.790810      0.663  37.880279    12.8469     7.1506      0.657    32.2042    24.2577 -9.990e-29
 146.790816      0.660  37.879829    12.8466     7.1668      0.654    32.2040    24.2576 -9.990e-29
 146.790822      0.659  37.879076    12.8460     7.1721      0.653    32.2038    24.2576 -9.990e-29
 146.790828      0.665  37.877552    12.8447     7.1846      0.659    32.2035    24.2575 -9.990e-29
 146.790833      0.674  37.876001    12.8431     7.1900      0.668    32.2034    24.2578 -9.990e-29
 146.790839      0.677  37.875692    12.8421     7.1796      0.671    32.2039    24.2584 -9.990e-29
 146.790845      0.670  37.876745    12.8422     7.1827      0.664    32.2048    24.2591 -9.990e-29
 146.790851      0.657  37.878292    12.8432     7.1732      0.652    32.2055    24.2594 -9.990e-29
 146.790856      0.647  37.879007    12.8434     7.1704      0.642    32.2060    24.2597 -9.990e-29
 146.790862      0.642  37.878137    12.8415     7.1719      0.637    32.2068    24.2607 -9.990e-29
 146.790868      0.643  37.876177    12.8390     7.1832      0.638    32.2070    24.2614 -9.990e-29
 146.790874      0.649  37.874412    12.8375     7.1760      0.644    32.2066    24.2614 -9.990e-29
 146.790880      0.661  37.873263    12.8362     7.1861      0.655    32.2067    24.2617 -9.990e-29
 146.790885      0.675  37.871731    12.8345     7.1864      0.669    32.2067    24.2620 -9.990e-29
 146.790891      0.683  37.869987    12.8336     7.1774      0.677    32.2058    24.2615 -9.990e-29
 146.790897      0.683  37.869602    12.8341     7.1787      0.677    32.2050    24.2608 -9.990e-29
 146.790903      0.678  37.870595    12.8353     7.1793      0.672    32.2049    24.2605 -9.990e-29
 146.790909      0.676  37.872023    12.8365     7.1755      0.670    32.2052    24.2605 -9.990e-29
 146.790914      0.681  37.872958    12.8370     7.1771      0.675    32.2057    24.2607 -9.990e-29
 146.790920      0.690  37.872941    12.8371     7.1827      0.684    32.2056    24.2606 -9.990e-29
 146.790926      0.699  37.873043    12.8371     7.1759      0.693    32.2057    24.2607 -9.990e-29
 146.790932      0.708  37.873373    12.8366     7.1707      0.702    32.2064    24.2614 -9.990e-29
 146.790938      0.719  37.872662    12.8357     7.1731      0.713    32.2065    24.2616 -9.990e-29
 146.790943      0.731  37.871616    12.8350     7.1734      0.725    32.2061    24.2615 -9.990e-29
 146.790949      0.741  37.871618    12.8348     7.1712      0.735    32.2063    24.2616 -9.990e-29
 146.790955      0.745  37.872081    12.8351     7.1778      0.739    32.2064    24.2617 -9.990e-29
 146.790961      0.749  37.872474    12.8357     7.1762      0.743    32.2063    24.2615 -9.990e-29
 146.790966      0.761  37.872735    12.8358     7.1645      0.755    32.2065    24.2616 -9.990e-29
 146.790972      0.781  37.872625    12.8355     7.1631      0.774    32.2066    24.2618 -9.990e-29
 146.790978      0.798  37.872530    12.8359     7.1679      0.791    32.2062    24.2613 -9.990e-29
 146.790984      0.805  37.872856    12.8375     7.1655      0.798    32.2051    24.2602 -9.990e-29
 146.790990      0.807  37.874009    12.8399     7.1754      0.800    32.2042    24.2590 -9.990e-29
 146.790995      0.811  37.876380    12.8414     7.1741      0.804    32.2051    24.2595 -9.990e-29
 146.791001      0.823  37.878620    12.8417     7.1662      0.816    32.2070    24.2608 -9.990e-29
 146.791007      0.838  37.879204    12.8418     7.1672      0.831    32.2074    24.2612 -9.990e-29
 146.791013      0.855  37.878885    12.8424     7.1722      0.848    32.2066    24.2604 -9.990e-29
 146.791019      0.873  37.878892    12.8436     7.1755      0.866    32.2056    24.2594 -9.990e-29
 146.791024      0.895  37.879208    12.8437     7.1789      0.888    32.2058    24.2595 -9.990e-29
 146.791030      0.920  37.877985    12.8417     7.1781      0.912    32.2063    24.2604 -9.990e-29
 146.791036      0.947  37.875245    12.8402     7.1768      0.939    32.2050    24.2596 -9.990e-29
 146.791042      0.974  37.875157    12.8420     7.1770      0.966    32.2034    24.2580 -9.990e-29
 146.791047      1.005  37.878137    12.8453     7.1643      0.997    32.2034    24.2574 -9.990e-29
 146.791053      1.052  37.880841    12.8468     7.1683      1.043    32.2046    24.2581 -9.990e-29
 146.791059      1.126  37.881245    12.8443     7.1707      1.117    32.2071    24.2605 -9.990e-29
 146.791065      1.232  37.878180    12.8391     7.1546      1.222    32.2086    24.2626 -9.990e-29
 146.791071      1.368  37.873699    12.8343     7.1549      1.357    32.2084    24.2634 0.0000e+00
