data/oxygen options/ONMS/Olympic_Coast_National_Marine_Sanctuary_CTD_Data_2005_2023/raw_data/2016/CAST_CE015_160630faed.cnv
* Sea-Bird SBE19 Data File:
* FileName = C:\2016 Mooring Data\Casts\Data\CAST_CE015_160630.hex
* Software Version 1.59
* Temperature SN = 2997
* Conductivity SN = 2997
* System UpLoad Time = Jun 30 2016 21:54:22
** CAST_CE015_160630
* ds
# nquan = 9                                 
# nvalues = 913                         
# units = specified
# name 0 = timeJ: Julian Days
# name 1 = prSM: Pressure, Strain Gauge [db]
# name 2 = c0mS/cm: Conductivity [mS/cm]
# name 3 = t090C: Temperature [ITS-90, deg C]
# name 4 = sbeox0ML/L: Oxygen, SBE 43 [ml/l]
# name 5 = depSM: Depth [salt water, m], lat = 47.5
# name 6 = sal00: Salinity, Practical [PSU]
# name 7 = sigma-é00: Density [sigma-theta, kg/m^3]
# name 8 = flag: flag
# span 0 = 182.872882, 182.878160       
# span 1 =     -5.757,     14.752       
# span 2 =   0.285964,  36.844942       
# span 3 =     8.2400,    14.7793       
# span 4 =    -1.9477,    10.2315       
# span 5 =     -5.709,     14.628       
# span 6 =     0.1717,    33.7070       
# span 7 =    -0.7318,    26.0405       
# span 8 = 0.0000e+00, 0.0000e+00       
# interval = seconds: 0.5
# start_time = Jun 30 2016 20:56:57 [Instrument's time stamp, header]
# bad_flag = -9.990e-29
*END*
[from data line 801]
 182.877517     12.980  35.008612     8.2432     2.1741     12.871    33.4700    26.0365 -9.990e-29
 182.877523     12.858  35.008806     8.2432     2.1703     12.750    33.4702    26.0367 -9.990e-29
 182.877529     12.744  35.008313     8.2427     2.1760     12.637    33.4703    26.0368 -9.990e-29
 182.877535     12.635  35.008120     8.2427     2.1584     12.529    33.4701    26.0366 -9.990e-29
 182.877541     12.524  35.008493     8.2432     2.1625     12.419    33.4701    26.0365 -9.990e-29
 182.877546     12.408  35.008769     8.2434     2.1546     12.304    33.4702    26.0366 -9.990e-29
 182.877552     12.288  35.008721     8.2436     2.1682     12.185    33.4700    26.0365 -9.990e-29
 182.877558     12.162  35.008808     8.2439     2.1774     12.060    33.4699    26.0363 0.0000e+00
 182.877564     12.024  35.009108     8.2442     2.1833     11.923    33.4700    26.0363 0.0000e+00
 182.877569     11.880  35.008865     8.2446     2.1927     11.781    33.4694    26.0358 0.0000e+00
 182.877575     11.733  35.008277     8.2451     2.1949     11.635    33.4684    26.0349 0.0000e+00
 182.877581     11.583  35.008203     8.2459     2.2181     11.486    33.4676    26.0342 0.0000e+00
 182.877587     11.432  35.009070     8.2474     2.2179     11.336    33.4672    26.0336 0.0000e+00
 182.877593     11.287  35.010316     8.2489     2.2275     11.192    33.4672    26.0334 0.0000e+00
 182.877598     11.154  35.010766     8.2503     2.2216     11.061    33.4664    26.0325 0.0000e+00
 182.877604     11.027  35.010984     8.2520     2.2181     10.935    33.4650    26.0312 0.0000e+00
 182.877610     10.898  35.011783     8.2535     2.2318     10.807    33.4645    26.0306 0.0000e+00
 182.877616     10.759  35.012511     8.2546     2.2283     10.669    33.4643    26.0303 0.0000e+00
 182.877622     10.607  35.012980     8.2555     2.2574     10.518    33.4640    26.0299 0.0000e+00
 182.877627     10.443  35.013221     8.2563     2.2728     10.356    33.4636    26.0295 0.0000e+00
 182.877633     10.270  35.012958     8.2571     2.2765     10.184    33.4626    26.0286 0.0000e+00
 182.877639     10.082  35.012924     8.2586     2.2855      9.998    33.4612    26.0273 0.0000e+00
 182.877645      9.874  35.013595     8.2609     2.2601      9.791    33.4599    26.0258 0.0000e+00
 182.877650      9.661  35.014150     8.2630     2.2692      9.580    33.4586    26.0245 0.0000e+00
 182.877656      9.461  35.014172     8.2640     2.2808      9.382    33.4577    26.0237 0.0000e+00
 182.877662      9.293  35.013656     8.2641     2.2991      9.215    33.4572    26.0232 0.0000e+00
 182.877668      9.158  35.013000     8.2641     2.3460      9.081    33.4565    26.0227 -9.990e-29
 182.877674      9.040  35.012974     8.2649     2.4014      8.964    33.4558    26.0220 -9.990e-29
 182.877679      8.914  35.014064     8.2674     2.4708      8.839    33.4546    26.0207 0.0000e+00
 182.877685      8.763  35.017124     8.2739     2.5251      8.690    33.4518    26.0175 0.0000e+00
 182.877691      8.595  35.023956     8.2900     2.5768      8.523    33.4438    26.0088 0.0000e+00
 182.877697      8.428  35.041393     8.3244     2.6018      8.357    33.4296    25.9926 0.0000e+00
 182.877703      8.270  35.077526     8.3731     2.6205      8.201    33.4217    25.9790 0.0000e+00
 182.877708      8.115  35.117769     8.4239     2.6461      8.047    33.4161    25.9670 0.0000e+00
 182.877714      7.953  35.145175     8.4754     2.6639      7.886    33.3963    25.9436 0.0000e+00
 182.877720      7.782  35.166572     8.5231     2.7061      7.717    33.3737    25.9187 0.0000e+00
 182.877726      7.608  35.185256     8.5583     2.7124      7.544    33.3602    25.9028 0.0000e+00
 182.877731      7.442  35.203708     8.5829     2.7297      7.380    33.3565    25.8961 0.0000e+00
 182.877737      7.291  35.229137     8.6075     2.7308      7.230    33.3601    25.8951 0.0000e+00
 182.877743      7.148  35.259012     8.6359     2.7354      7.088    33.3648    25.8944 0.0000e+00
 182.877749      7.009  35.283280     8.6579     2.7453      6.950    33.3696    25.8948 0.0000e+00
 182.877755      6.870  35.295055     8.6705     2.7396      6.813    33.3701    25.8933 0.0000e+00
 182.877760      6.726  35.300485     8.6814     2.7552      6.670    33.3656    25.8881 0.0000e+00
 182.877766      6.577  35.308456     8.6937     2.7575      6.522    33.3624    25.8837 0.0000e+00
 182.877772      6.425  35.317990     8.7062     2.7801      6.371    33.3607    25.8804 0.0000e+00
 182.877778      6.278  35.326659     8.7194     2.8077      6.226    33.3574    25.8758 0.0000e+00
 182.877784      6.136  35.335557     8.7347     2.8387      6.085    33.3524    25.8695 0.0000e+00
 182.877789      5.994  35.345338     8.7510     2.8803      5.944    33.3474    25.8631 0.0000e+00
 182.877795      5.850  35.353544     8.7706     2.8936      5.801    33.3376    25.8524 0.0000e+00
 182.877801      5.705  35.362157     8.7979     2.9131      5.657    33.3210    25.8351 0.0000e+00
 182.877807      5.563  35.382105     8.8351     2.9177      5.516    33.3069    25.8184 0.0000e+00
 182.877813      5.430  35.422625     8.8840     2.9236      5.385    33.3034    25.8080 -9.990e-29
 182.877818      5.312  35.478935     8.9348     2.9425      5.268    33.3146    25.8088 -9.990e-29
 182.877824      5.201  35.525294     8.9672     2.9578      5.158    33.3326    25.8178 -9.990e-29
 182.877830      5.086  35.538940     8.9774     2.9891      5.043    33.3373    25.8199 -9.990e-29
 182.877836      4.964  35.531356     8.9820     3.0044      4.923    33.3252    25.8097 -9.990e-29
 182.877841      4.835  35.531647     8.9971     3.0221      4.795    33.3114    25.7965 0.0000e+00
 182.877847      4.705  35.553643     9.0282     3.0326      4.666    33.3052    25.7868 0.0000e+00
 182.877853      4.573  35.590262     9.0687     3.0424      4.535    33.3055    25.7806 0.0000e+00
 182.877859      4.435  35.624795     9.1024     3.0797      4.398    33.3099    25.7787 0.0000e+00
 182.877865      4.296  35.645035     9.1218     3.0977      4.260    33.3128    25.7780 0.0000e+00
 182.877870      4.155  35.650528     9.1386     3.1363      4.120    33.3029    25.7675 0.0000e+00
 182.877876      4.007  35.652526     9.1607     3.1378      3.974    33.2844    25.7495 0.0000e+00
 182.877882      3.861  35.660977     9.1860     3.1405      3.829    33.2696    25.7339 0.0000e+00
 182.877888      3.728  35.672590     9.2096     3.1589      3.697    33.2597    25.7224 -9.990e-29
 182.877894      3.608  35.677086     9.2233     3.1550      3.578    33.2516    25.7139 -9.990e-29
 182.877899      3.493  35.672620     9.2246     3.1745      3.464    33.2458    25.7092 -9.990e-29
 182.877905      3.378  35.665568     9.2172     3.1806      3.350    33.2455    25.7101 -9.990e-29
 182.877911      3.257  35.658291     9.2069     3.1968      3.230    33.2476    25.7134 -9.990e-29
 182.877917      3.133  35.649489     9.1981     3.2096      3.107    33.2467    25.7141 -9.990e-29
 182.877922      3.006  35.639191     9.1918     3.2411      2.981    33.2420    25.7114 0.0000e+00
 182.877928      2.881  35.627106     9.1871     3.2905      2.857    33.2339    25.7058 -9.990e-29
 182.877934      2.762  35.611127     9.1812     3.3729      2.739    33.2229    25.6981 -9.990e-29
 182.877940      2.646  35.591792     9.1743     3.5027      2.624    33.2093    25.6886 -9.990e-29
 182.877946      2.530  35.576933     9.1709     3.6179      2.509    33.1971    25.6796 -9.990e-29
 182.877951      2.416  35.571383     9.1757     3.7221      2.396    33.1869    25.6709 -9.990e-29
 182.877957      2.305  35.571664     9.1972     3.7917      2.286    33.1673    25.6521 -9.990e-29
 182.877963      2.198  35.584312     9.2580     3.8354      2.180    33.1239    25.6085 -9.990e-29
 182.877969      2.096  35.632351     9.3611     3.8740      2.078    33.0780    25.5561 -9.990e-29
 182.877975      2.002  35.705892     9.4603     3.8952      1.985    33.0622    25.5278 -9.990e-29
 182.877980      1.910  35.761837     9.5253     3.9172      1.894    33.0598    25.5153 -9.990e-29
 182.877986      1.806  35.798617     9.5739     3.9262      1.791    33.0528    25.5020 -9.990e-29
 182.877992      1.687  35.833919     9.6234     3.9177      1.673    33.0435    25.4866 -9.990e-29
 182.877998      1.568  35.869447     9.6742     3.9099      1.555    33.0332    25.4703 -9.990e-29
 182.878003      1.456  35.903840     9.7192     3.9006      1.444    33.0271    25.4582 -9.990e-29
 182.878009      1.351  35.932547     9.7476     3.9109      1.340    33.0304    25.4561 -9.990e-29
 182.878015      1.245  35.950158     9.7604     3.9205      1.235    33.0367    25.4589 -9.990e-29
 182.878021      1.135  35.953831     9.7663     3.9204      1.126    33.0351    25.4567 -9.990e-29
 182.878027      1.028  35.952949     9.7676     3.9269      1.019    33.0330    25.4548 -9.990e-29
 182.878032      0.929  35.965387     9.7702     3.9042      0.921    33.0434    25.4625 -9.990e-29
 182.878038      0.837  35.989803     9.7792     3.8827      0.830    33.0601    25.4741 -9.990e-29
 182.878044      0.745  35.999929     9.7933     3.8122      0.739    33.0575    25.4697 -9.990e-29
 182.878050      0.653  35.993020     9.8138     3.7480      0.648    33.0317    25.4462 -9.990e-29
 182.878056      0.562  35.991797     9.8388     4.3743      0.557    33.0076    25.4232 -9.990e-29
 182.878061      0.476  36.003597     9.8599     4.4777      0.472    33.0003    25.4140 -9.990e-29
 182.878067      0.397  36.012225     9.8727     4.6989      0.394    32.9974    25.4097 -9.990e-29
 182.878073      0.325  36.002300     9.8837     5.2842      0.322    32.9773    25.3921 -9.990e-29
 182.878079      0.260  35.979640     9.9036     5.9967      0.258    32.9360    25.3566 -9.990e-29
 182.878084      0.206  35.944845     9.9377     6.6816      0.204    32.8696    25.2991 -9.990e-29
 182.878090      0.163  35.863847     9.9846     7.1111      0.162    32.7447    25.1938 -9.990e-29
 182.878096      0.130  35.629773    10.0397     7.2957      0.129    32.4577    24.9608 -9.990e-29
 182.878102      0.104  34.929969    10.0994     7.3312      0.103    31.6980    24.3583 -9.990e-29
 182.878108      0.082  32.835294    10.1609 -9.990e-29      0.081    29.5472    22.6721 -9.990e-29
 182.878113      0.065  26.560137    10.2216 -9.990e-29      0.064    23.3450    17.8369 -9.990e-29
 182.878119      0.051  16.776277    10.2783 -9.990e-29      0.051    14.1092    10.6579 -9.990e-29
 182.878125      0.039   9.699419    10.3290 -9.990e-29      0.039     7.7883     5.7454 -9.990e-29
 182.878131      0.028   6.950424    10.3726 -9.990e-29      0.028     5.4375     3.9135 -9.990e-29
 182.878137      0.017   5.764562    10.4087 -9.990e-29      0.017     4.4462     3.1385 -9.990e-29
 182.878142      0.007   5.037744    10.4356 -9.990e-29      0.007     3.8473     2.6694 -9.990e-29
 182.878148     -0.005   4.503609    10.4504 -9.990e-29     -0.005     3.4126     2.3292 -9.990e-29
 182.878154     -0.018   4.087552    10.4545 -9.990e-29     -0.018     3.0776     2.0678 -9.990e-29
 182.878160     -0.025   3.781755 -9.990e-29 -9.990e-29     -0.025 -9.990e-29 -9.990e-29 -9.990e-29
