data/oxygen options/ONMS/Olympic_Coast_National_Marine_Sanctuary_CTD_Data_2005_2023/raw_data/2016/CAST_CE015_160803faed.cnv
* Sea-Bird SBE19 Data File:
* FileName = C:\2016 Mooring Data\Casts\Data\CAST_CE015_160803.hex
* Software Version 1.59
* Temperature SN = 2997
* Conductivity SN = 2997
* System UpLoad Time = Aug 03 2016 21:51:07
** CAST_CE015_160803
* ds
# nquan = 9                                 
# nvalues = 838                         
# units = specified
# name 0 = timeJ: Julian Days
# name 1 = prSM: Pressure, Strain Gauge [db]
# name 2 = c0mS/cm: Conductivity [mS/cm]
# name 3 = t090C: Temperature [ITS-90, deg C]
# name 4 = sbeox0ML/L: Oxygen, SBE 43 [ml/l]
# name 5 = depSM: Depth [salt water, m], lat = 47.5
# name 6 = sal00: Salinity, Practical [PSU]
# name 7 = sigma-é00: Density [sigma-theta, kg/m^3]
# name 8 = flag: flag
# span 0 = 216.867465, 216.872309       
# span 1 =     -5.516,     14.432       
# span 2 =   0.459472,  38.737313       
# span 3 =     9.1250,    17.0290       
# span 4 =    -1.8121,    19.1359       
# span 5 =     -5.470,     14.311       
# span 6 =     0.2674,    33.4046       
# span 7 =    -1.0126,    25.8441       
# span 8 = 0.0000e+00, 0.0000e+00       
# interval = seconds: 0.5
# start_time = Aug 03 2016 20:49:09 [Instrument's time stamp, header]
# bad_flag = -9.990e-29
*END*
[from data line 161]
 216.868397     -1.977   0.477604    16.6432    -1.8073     -1.961     0.2773    -0.9485 -9.990e-29
 216.868403     -1.968   0.478124    16.6466    -1.8077     -1.952     0.2775    -0.9489 -9.990e-29
 216.868409     -1.957   0.478062    16.6509    -1.8075     -1.941     0.2775    -0.9497 -9.990e-29
 216.868414     -1.943   0.477888    16.6556    -1.8075     -1.927     0.2773    -0.9506 -9.990e-29
 216.868420     -1.930   0.477924    16.6599    -1.8075     -1.914     0.2773    -0.9513 -9.990e-29
 216.868426     -1.921   0.478219    16.6636    -1.8075     -1.905     0.2775    -0.9518 -9.990e-29
 216.868432     -1.915   0.478609    16.6658    -1.8073     -1.899     0.2777    -0.9520 -9.990e-29
 216.868438     -1.913   0.478502    16.6642    -1.8075     -1.897     0.2776    -0.9518 -9.990e-29
 216.868443     -1.910   0.477754    16.6575    -1.8076     -1.894     0.2772    -0.9510 -9.990e-29
 216.868449     -1.901   0.477034    16.6477    -1.8075     -1.885     0.2769    -0.9496 -9.990e-29
 216.868455     -1.890   0.477044    16.6403    -1.8074     -1.874     0.2769    -0.9483 -9.990e-29
 216.868461     -1.881   0.477797    16.6381    -1.8073     -1.865     0.2774    -0.9475 -9.990e-29
 216.868466     -1.873   0.478633    16.6382    -1.8070     -1.857     0.2779    -0.9472 -9.990e-29
 216.868472     -1.865   0.479000    16.6387    -1.8070     -1.849     0.2781    -0.9471 -9.990e-29
 216.868478     -1.858   0.478829    16.6395    -1.8071     -1.843     0.2780    -0.9473 -9.990e-29
 216.868484     -1.850   0.478449    16.6396    -1.8072     -1.835     0.2778    -0.9475 -9.990e-29
 216.868490     -1.841   0.478462    16.6383    -1.8070     -1.826     0.2778    -0.9473 -9.990e-29
 216.868495     -1.831   0.478883    16.6376    -1.8069     -1.816     0.2780    -0.9470 -9.990e-29
 216.868501     -1.819   0.479164    16.6390    -1.8066     -1.804     0.2782    -0.9471 -9.990e-29
 216.868507     -1.803   0.479122    16.6421    -1.8065     -1.788     0.2782    -0.9476 -9.990e-29
 216.868513     -1.784   0.478701    16.6461    -1.8061     -1.769     0.2779    -0.9485 -9.990e-29
 216.868519     -1.765   0.477896    16.6495    -1.8060     -1.750     0.2774    -0.9495 -9.990e-29
 216.868524     -1.752   0.477296    16.6506    -1.8061     -1.737     0.2770    -0.9500 -9.990e-29
 216.868530     -1.744   0.477764    16.6502    -1.8067     -1.729     0.2773    -0.9497 -9.990e-29
 216.868536     -1.733   0.479370    16.6507    -1.8069     -1.719     0.2783    -0.9490 -9.990e-29
 216.868542     -1.718   0.480921    16.6533    -1.8070     -1.704     0.2792    -0.9488 -9.990e-29
 216.868547     -1.707   0.481155    16.6574    -1.8070     -1.693     0.2793    -0.9494 -9.990e-29
 216.868553     -1.703   0.480382    16.6625    -1.8069     -1.689     0.2788    -0.9506 -9.990e-29
 216.868559     -1.701   0.479792    16.6681    -1.8065     -1.687     0.2784    -0.9519 -9.990e-29
 216.868565     -1.698   0.479709    16.6729    -1.8058     -1.684     0.2783    -0.9528 -9.990e-29
 216.868571     -1.692   0.480021    16.6744    -1.8053     -1.678     0.2785    -0.9529 -9.990e-29
 216.868576     -1.684   0.480588    16.6711    -1.8048     -1.670     0.2788    -0.9521 -9.990e-29
 216.868582     -1.673   0.481055    16.6644    -1.8048     -1.659     0.2792    -0.9507 -9.990e-29
 216.868588     -1.659   0.481488    16.6587    -1.8050     -1.645     0.2795    -0.9495 -9.990e-29
 216.868594     -1.645   0.481910    16.6562    -1.8055     -1.631     0.2797    -0.9488 -9.990e-29
 216.868600     -1.633   0.481770    16.6569    -1.8057     -1.619     0.2796    -0.9490 -9.990e-29
 216.868605     -1.624   0.480882    16.6618    -1.8057     -1.610     0.2791    -0.9503 -9.990e-29
 216.868611     -1.617   0.479725    16.6716    -1.8057     -1.604     0.2783    -0.9525 -9.990e-29
 216.868617     -1.612   0.478978    16.6843    -1.8057     -1.599     0.2778    -0.9551 -9.990e-29
 216.868623     -1.607   0.479308    16.6962    -1.8055     -1.594     0.2779    -0.9571 -9.990e-29
 216.868628     -1.603   0.480599    16.7044    -1.8056     -1.590     0.2786    -0.9579 -9.990e-29
 216.868634     -1.600   0.481796    16.7067    -1.8055     -1.587     0.2793    -0.9578 -9.990e-29
 216.868640     -1.597   0.482275    16.7031    -1.8047     -1.584     0.2796    -0.9569 -9.990e-29
 216.868646     -1.594   0.482118    16.6970    -1.8039     -1.581     0.2796    -0.9559 -9.990e-29
 216.868652     -1.587   0.481669    16.6922    -1.8035     -1.574     0.2793    -0.9553 -9.990e-29
 216.868657     -1.575   0.481441    16.6896    -1.8033     -1.562     0.2792    -0.9549 -9.990e-29
 216.868663     -1.567   0.481683    16.6891    -1.8033     -1.554     0.2794    -0.9547 -9.990e-29
 216.868669     -1.560   0.482161    16.6907    -1.8031     -1.547     0.2797    -0.9548 -9.990e-29
 216.868675     -1.552   0.482401    16.6933    -1.8031     -1.539     0.2798    -0.9551 -9.990e-29
 216.868681     -1.545   0.482167    16.6965    -1.8032     -1.532     0.2796    -0.9558 -9.990e-29
 216.868686     -1.543   0.481703    16.7038    -1.8029     -1.530     0.2793    -0.9573 -9.990e-29
 216.868692     -1.543   0.481497    16.7169    -1.8025     -1.530     0.2791    -0.9597 -9.990e-29
 216.868698     -1.539   0.481831    16.7316    -1.8023     -1.526     0.2792    -0.9621 -9.990e-29
 216.868704     -1.531   0.482594    16.7431    -1.8018     -1.518     0.2796    -0.9638 -9.990e-29
 216.868709     -1.520   0.483137    16.7505    -1.8016     -1.507     0.2798    -0.9649 -9.990e-29
 216.868715     -1.504   0.483072    16.7548    -1.8017     -1.491     0.2798    -0.9657 -9.990e-29
 216.868721     -1.486   0.482867    16.7574    -1.8018     -1.474     0.2796    -0.9662 -9.990e-29
 216.868727     -1.470   0.482804    16.7592    -1.8017     -1.458     0.2796    -0.9666 -9.990e-29
 216.868733     -1.450   0.482796    16.7623    -1.8014     -1.438     0.2796    -0.9671 -9.990e-29
 216.868738     -1.425   0.482833    16.7686    -1.8012     -1.413     0.2795    -0.9682 -9.990e-29
 216.868744     -1.402   0.482963    16.7766    -1.8008     -1.390     0.2796    -0.9696 -9.990e-29
 216.868750     -1.384   0.483357    16.7846    -1.8008     -1.372     0.2797    -0.9708 -9.990e-29
 216.868756     -1.370   0.483985    16.7922    -1.8005     -1.359     0.2801    -0.9719 -9.990e-29
 216.868762     -1.359   0.484575    16.7973    -1.8003     -1.348     0.2804    -0.9725 -9.990e-29
 216.868767     -1.350   0.484800    16.7989    -1.8001     -1.339     0.2805    -0.9727 -9.990e-29
 216.868773     -1.343   0.484406    16.7995    -1.7997     -1.332     0.2803    -0.9730 -9.990e-29
 216.868779     -1.337   0.483977    16.8020    -1.7993     -1.326     0.2800    -0.9736 -9.990e-29
 216.868785     -1.331   0.484049    16.8069    -1.7993     -1.320     0.2800    -0.9744 -9.990e-29
 216.868791     -1.326   0.484164    16.8133    -1.7995     -1.315     0.2800    -0.9755 -9.990e-29
 216.868796     -1.321   0.483918    16.8195    -1.7995     -1.310     0.2798    -0.9767 -9.990e-29
 216.868802     -1.315   0.483538    16.8247    -1.7994     -1.304     0.2796    -0.9778 -9.990e-29
 216.868808     -1.309   0.483626    16.8306    -1.7992     -1.298     0.2796    -0.9788 -9.990e-29
 216.868814     -1.302   0.484300    16.8373    -1.7989     -1.291     0.2800    -0.9797 -9.990e-29
 216.868819     -1.294   0.484792    16.8446    -1.7987     -1.283     0.2802    -0.9808 -9.990e-29
 216.868825     -1.283   0.484647    16.8525    -1.7986     -1.272     0.2801    -0.9823 -9.990e-29
 216.868831     -1.270   0.484226    16.8587    -1.7984     -1.259     0.2798    -0.9836 -9.990e-29
 216.868837     -1.254   0.484077    16.8611    -1.7984     -1.244     0.2797    -0.9840 -9.990e-29
 216.868843     -1.237   0.484555    16.8611    -1.7988     -1.227     0.2800    -0.9838 -9.990e-29
 216.868848     -1.223   0.485186    16.8618    -1.7993     -1.213     0.2803    -0.9837 -9.990e-29
 216.868854     -1.207   0.485145    16.8646    -1.7993     -1.197     0.2803    -0.9842 -9.990e-29
 216.868860     -1.188   0.484377    16.8694    -1.7992     -1.178     0.2798    -0.9854 -9.990e-29
 216.868866     -1.172   0.483521    16.8749    -1.7991     -1.162     0.2792    -0.9868 -9.990e-29
 216.868872     -1.164   0.483102    16.8797    -1.7990     -1.154     0.2790    -0.9878 -9.990e-29
 216.868877     -1.159   0.483115    16.8834    -1.7991     -1.149     0.2790    -0.9885 -9.990e-29
 216.868883     -1.152   0.483390    16.8854    -1.7989     -1.142     0.2791    -0.9887 -9.990e-29
 216.868889     -1.142   0.483740    16.8840    -1.7984     -1.132     0.2793    -0.9883 -9.990e-29
 216.868895     -1.130   0.483889    16.8784    -1.7978     -1.121     0.2794    -0.9872 -9.990e-29
 216.868900     -1.117   0.484039    16.8722    -1.7977     -1.108     0.2796    -0.9860 -9.990e-29
 216.868906     -1.109   0.484757    16.8691    -1.7978     -1.100     0.2800    -0.9852 -9.990e-29
 216.868912     -1.104   0.485890    16.8691    -1.7983     -1.095     0.2807    -0.9846 -9.990e-29
 216.868918     -1.102   0.486730    16.8705    -1.7986     -1.093     0.2812    -0.9845 -9.990e-29
 216.868924     -1.103   0.486733    16.8724    -1.7987     -1.094     0.2812    -0.9848 -9.990e-29
 216.868929     -1.103   0.485900    16.8757    -1.7988     -1.094     0.2807    -0.9858 -9.990e-29
 216.868935     -1.097   0.484787    16.8821    -1.7990     -1.088     0.2800    -0.9875 -9.990e-29
 216.868941     -1.090   0.484129    16.8917    -1.7991     -1.081     0.2795    -0.9895 -9.990e-29
 216.868947     -1.084   0.484162    16.9006    -1.7990     -1.075     0.2795    -0.9910 -9.990e-29
 216.868953     -1.081   0.484373    16.9041    -1.7991     -1.072     0.2796    -0.9916 -9.990e-29
 216.868958     -1.079   0.484491    16.9011    -1.7990     -1.070     0.2797    -0.9910 -9.990e-29
 216.868964     -1.078   0.484671    16.8944    -1.7987     -1.069     0.2798    -0.9897 -9.990e-29
 216.868970     -1.079   0.485154    16.8876    -1.7986     -1.070     0.2801    -0.9883 -9.990e-29
 216.868976     -1.081   0.486027    16.8824    -1.7984     -1.072     0.2807    -0.9869 -9.990e-29
 216.868981     -1.080   0.486790    16.8785    -1.7982     -1.071     0.2812    -0.9859 -9.990e-29
 216.868987     -1.073   0.486794    16.8756    -1.7978     -1.064     0.2812    -0.9854 -9.990e-29
 216.868993     -1.062   0.486047    16.8740    -1.7974     -1.053     0.2808    -0.9854 -9.990e-29
 216.868999     -1.052   0.485216    16.8738    -1.7971     -1.043     0.2803    -0.9858 -9.990e-29
 216.869005     -1.041   0.484860    16.8746    -1.7969     -1.032     0.2800    -0.9861 -9.990e-29
 216.869010     -1.034   0.485058    16.8771    -1.7971     -1.025     0.2801    -0.9864 -9.990e-29
 216.869016     -1.034   0.485520    16.8812    -1.7974     -1.025     0.2804    -0.9870 -9.990e-29
 216.869022     -1.037   0.485750    16.8859    -1.7976     -1.028     0.2805    -0.9877 -9.990e-29
 216.869028     -1.039   0.485502    16.8913    -1.7978     -1.030     0.2803    -0.9888 -9.990e-29
 216.869034     -1.040   0.485000    16.8984    -1.7981     -1.031     0.2800    -0.9903 -9.990e-29
 216.869039     -1.039   0.484684    16.9069    -1.7980     -1.030     0.2797    -0.9919 -9.990e-29
 216.869045     -1.038   0.484689    16.9157    -1.7980     -1.029     0.2797    -0.9935 -9.990e-29
 216.869051     -1.035   0.485019    16.9227    -1.7982     -1.026     0.2798    -0.9946 -9.990e-29
 216.869057     -1.032   0.485560    16.9256    -1.7987     -1.023     0.2801    -0.9949 -9.990e-29
 216.869063     -1.026   0.485926    16.9237    -1.7990     -1.017     0.2804    -0.9944 -9.990e-29
 216.869068     -1.019   0.486047    16.9186    -1.7988     -1.010     0.2805    -0.9934 -9.990e-29
 216.869074     -1.009   0.486087    16.9126    -1.7987     -1.001     0.2805    -0.9923 -9.990e-29
 216.869080     -0.997   0.486097    16.9072    -1.7992     -0.989     0.2806    -0.9913 -9.990e-29
 216.869086     -0.980   0.486092    16.9037    -1.7999     -0.972     0.2806    -0.9907 -9.990e-29
 216.869091     -0.964   0.486064    16.9018    -1.8000     -0.956     0.2806    -0.9904 -9.990e-29
 216.869097     -0.954   0.485978    16.8987    -1.7999     -0.946     0.2805    -0.9899 -9.990e-29
 216.869103     -0.950   0.485719    16.8926    -1.8000     -0.942     0.2804    -0.9889 -9.990e-29
 216.869109     -0.944   0.485497    16.8856    -1.7998     -0.936     0.2803    -0.9878 -9.990e-29
 216.869115     -0.931   0.485569    16.8812    -1.7996     -0.923     0.2804    -0.9869 -9.990e-29
 216.869120     -0.914   0.485477    16.8796    -1.7997     -0.906     0.2804    -0.9867 -9.990e-29
 216.869126     -0.901   0.485098    16.8759    -1.7998     -0.893     0.2802    -0.9862 -9.990e-29
 216.869132     -0.895   0.485037    16.8667    -1.7998     -0.888     0.2802    -0.9846 -9.990e-29
 216.869138     -0.895   0.485768    16.8564    -1.7995     -0.888     0.2807    -0.9824 -9.990e-29
 216.869144     -0.899   0.487157    16.8507    -1.7992     -0.891     0.2816    -0.9808 -9.990e-29
 216.869149     -0.901   0.488279    16.8493    -1.7994     -0.893     0.2822    -0.9800 -9.990e-29
 216.869155     -0.902   0.488410    16.8500    -1.8000     -0.894     0.2823    -0.9801 -9.990e-29
 216.869161     -0.902   0.487726    16.8522    -1.7999     -0.894     0.2819    -0.9808 -9.990e-29
 216.869167     -0.900   0.486979    16.8545    -1.7998     -0.892     0.2814    -0.9815 -9.990e-29
 216.869172     -0.893   0.486839    16.8551    -1.7995     -0.886     0.2813    -0.9817 -9.990e-29
 216.869178     -0.880   0.487119    16.8549    -1.7995     -0.873     0.2815    -0.9815 -9.990e-29
 216.869184     -0.868   0.487083    16.8565    -1.7992     -0.861     0.2815    -0.9818 -9.990e-29
 216.869190     -0.861   0.486683    16.8603    -1.7990     -0.854     0.2812    -0.9827 -9.990e-29
 216.869196     -0.855   0.486493    16.8626    -1.7986     -0.848     0.2811    -0.9832 -9.990e-29
 216.869201     -0.845   0.486816    16.8600    -1.7985     -0.838     0.2813    -0.9826 -9.990e-29
 216.869207     -0.834   0.487527    16.8554    -1.7986     -0.827     0.2818    -0.9814 -9.990e-29
 216.869213     -0.826   0.487912    16.8540    -1.7984     -0.819     0.2820    -0.9810 -9.990e-29
 216.869219     -0.820   0.487371    16.8564    -1.7980     -0.813     0.2817    -0.9817 -9.990e-29
 216.869225     -0.816   0.486294    16.8602    -1.7980     -0.809     0.2810    -0.9829 -9.990e-29
 216.869230     -0.815   0.485464    16.8645    -1.7982     -0.808     0.2805    -0.9840 -9.990e-29
 216.869236     -0.815   0.485442    16.8697    -1.7981     -0.808     0.2804    -0.9849 -9.990e-29
 216.869242     -0.817   0.486199    16.8758    -1.7977     -0.810     0.2808    -0.9857 -9.990e-29
 216.869248     -0.820   0.487079    16.8817    -1.7973     -0.813     0.2813    -0.9863 -9.990e-29
 216.869253     -0.822   0.487589    16.8858    -1.7969     -0.815     0.2816    -0.9868 -9.990e-29
 216.869259     -0.817   0.487852    16.8892    -1.7968     -0.810     0.2817    -0.9873 -9.990e-29
 216.869265     -0.810   0.488220    16.8940    -1.7968     -0.803     0.2819    -0.9880 -9.990e-29
 216.869271     -0.805   0.488630    16.8989    -1.7967     -0.798     0.2821    -0.9887 -9.990e-29
 216.869277     -0.801   0.488518    16.9008    -1.7968     -0.794     0.2820    -0.9891 -9.990e-29
 216.869282     -0.797   0.487736    16.9016    -1.7963     -0.790     0.2816    -0.9896 -9.990e-29
 216.869288     -0.794   0.486906    16.9053    -1.7959     -0.787     0.2811    -0.9906 -9.990e-29
 216.869294     -0.792   0.486587    16.9127    -1.7957     -0.785     0.2808    -0.9921 -9.990e-29
 216.869300     -0.789   0.486907    16.9215    -1.7956     -0.782     0.2809    -0.9935 -9.990e-29
 216.869306     -0.787   0.487738    16.9291    -1.7954     -0.780     0.2814    -0.9945 -9.990e-29
 216.869311     -0.786   0.488523    16.9337    -1.7952     -0.779     0.2818    -0.9950 -9.990e-29
