data/oxygen options/ONMS/Olympic_Coast_National_Marine_Sanctuary_CTD_Data_2005_2023/raw_data/2016/CAST_MB015_160815faed.cnv
* Sea-Bird SBE19 Data File:
* FileName = C:\2016 Mooring Data\Casts\Data\CAST_MB015_160815.hex
* Software Version 1.59
* Temperature SN = 2997
* Conductivity SN = 2997
* System UpLoad Time = Aug 15 2016 21:17:36
** CAST_MB015_160815
* ds
# nquan = 9                                 
# nvalues = 772                         
# units = specified
# name 0 = timeJ: Julian Days
# name 1 = prSM: Pressure, Strain Gauge [db]
# name 2 = c0mS/cm: Conductivity [mS/cm]
# name 3 = t090C: Temperature [ITS-90, deg C]
# name 4 = sbeox0ML/L: Oxygen, SBE 43 [ml/l]
# name 5 = depSM: Depth [salt water, m], lat = 47.5
# name 6 = sal00: Salinity, Practical [PSU]
# name 7 = sigma-é00: Density [sigma-theta, kg/m^3]
# name 8 = flag: flag
# span 0 = 228.869421, 228.873883       
# span 1 =     -5.074,     10.465       
# span 2 =   0.386254,  39.085662       
# span 3 =     9.9154,    16.5844       
# span 4 =    -1.8973,    14.5244       
# span 5 =     -5.032,     10.377       
# span 6 =     0.2322,    33.1729       
# span 7 =    -0.7107,    25.4934       
# span 8 = 0.0000e+00, 0.0000e+00       
# interval = seconds: 0.5
# start_time = Aug 15 2016 20:51:58 [Instrument's time stamp, header]
# bad_flag = -9.990e-29
*END*
[from data line 481]
 228.872205      1.062  38.506690    13.0687     7.4848      1.053    32.6059    24.5253 -9.990e-29
 228.872211      1.052  38.509294    13.0709     7.4779      1.043    32.6065    24.5253 -9.990e-29
 228.872216      1.060  38.511577    13.0712     7.4783      1.051    32.6084    24.5267 -9.990e-29
 228.872222      1.074  38.512295    13.0707     7.4769      1.065    32.6095    24.5276 -9.990e-29
 228.872228      1.087  38.513502    13.0723     7.4810      1.078    32.6093    24.5271 -9.990e-29
 228.872234      1.100  38.515770    13.0757     7.4898      1.091    32.6085    24.5259 -9.990e-29
 228.872240      1.112  38.516902    13.0764     7.4912      1.103    32.6089    24.5261 -9.990e-29
 228.872245      1.126  38.515000    13.0742     7.4911      1.117    32.6090    24.5266 -9.990e-29
 228.872251      1.137  38.512310    13.0736     7.4964      1.128    32.6070    24.5251 -9.990e-29
 228.872257      1.138  38.512439    13.0749     7.4952      1.128    32.6060    24.5241 -9.990e-29
 228.872263      1.129  38.513231    13.0758     7.4955      1.120    32.6060    24.5239 -9.990e-29
 228.872269      1.123  38.513416    13.0758     7.4935      1.114    32.6061    24.5241 -9.990e-29
 228.872274      1.126  38.514837    13.0761     7.4786      1.117    32.6072    24.5248 -9.990e-29
 228.872280      1.136  38.516502    13.0767     7.4757      1.127    32.6083    24.5255 -9.990e-29
 228.872286      1.143  38.517182    13.0770     7.4758      1.133    32.6087    24.5258 -9.990e-29
 228.872292      1.146  38.517138    13.0771     7.4847      1.136    32.6085    24.5256 -9.990e-29
 228.872297      1.147  38.516788    13.0771     7.4977      1.137    32.6082    24.5254 -9.990e-29
 228.872303      1.151  38.516138    13.0762     7.4926      1.141    32.6084    24.5257 -9.990e-29
 228.872309      1.159  38.514795    13.0749     7.4904      1.149    32.6082    24.5258 -9.990e-29
 228.872315      1.171  38.514244    13.0747     7.5050      1.161    32.6079    24.5256 -9.990e-29
 228.872321      1.183  38.515345    13.0755     7.5014      1.173    32.6082    24.5257 -9.990e-29
 228.872326      1.193  38.516119    13.0763     7.5033      1.183    32.6082    24.5256 -9.990e-29
 228.872332      1.200  38.515830    13.0769     7.5058      1.190    32.6074    24.5248 -9.990e-29
 228.872338      1.200  38.515128    13.0771     7.4936      1.190    32.6066    24.5242 -9.990e-29
 228.872344      1.191  38.514113    13.0768     7.5012      1.181    32.6059    24.5237 -9.990e-29
 228.872350      1.174  38.513024    13.0764     7.4945      1.164    32.6052    24.5232 -9.990e-29
 228.872355      1.158  38.512564    13.0755     7.4980      1.148    32.6056    24.5237 -9.990e-29
 228.872361      1.150  38.512596    13.0744     7.4882      1.140    32.6066    24.5247 -9.990e-29
 228.872367      1.155  38.513075    13.0742     7.4907      1.145    32.6072    24.5252 -9.990e-29
 228.872373      1.167  38.514556    13.0742     7.4870      1.157    32.6086    24.5263 -9.990e-29
 228.872378      1.183  38.515564    13.0735     7.4983      1.173    32.6101    24.5276 -9.990e-29
 228.872384      1.201  38.515118    13.0729     7.5181      1.191    32.6102    24.5278 -9.990e-29
 228.872390      1.213  38.514777    13.0733     7.5260      1.203    32.6095    24.5272 -9.990e-29
 228.872396      1.216  38.515679    13.0742     7.5338      1.206    32.6096    24.5271 -9.990e-29
 228.872402      1.209  38.517262    13.0751     7.5210      1.199    32.6103    24.5274 -9.990e-29
 228.872407      1.196  38.518188    13.0759     7.5192      1.186    32.6105    24.5274 -9.990e-29
 228.872413      1.185  38.517926    13.0762     7.5223      1.175    32.6100    24.5270 -9.990e-29
 228.872419      1.180  38.516602    13.0760     7.5218      1.170    32.6090    24.5262 -9.990e-29
 228.872425      1.180  38.514607    13.0756     7.5164      1.170    32.6074    24.5251 -9.990e-29
 228.872431      1.186  38.513116    13.0751     7.5109      1.176    32.6064    24.5244 -9.990e-29
 228.872436      1.197  38.512856    13.0742     7.5080      1.187    32.6070    24.5250 -9.990e-29
 228.872442      1.215  38.512275    13.0726     7.5096      1.205    32.6078    24.5260 -9.990e-29
 228.872448      1.236  38.511073    13.0710     7.5119      1.226    32.6080    24.5264 -9.990e-29
 228.872454      1.258  38.511480    13.0705     7.5123      1.247    32.6088    24.5272 -9.990e-29
 228.872459      1.276  38.513391    13.0711     7.5128      1.265    32.6101    24.5280 -9.990e-29
 228.872465      1.281  38.515348    13.0724     7.5128      1.270    32.6108    24.5283 -9.990e-29
 228.872471      1.268  38.517072    13.0741     7.5000      1.257    32.6110    24.5281 -9.990e-29
 228.872477      1.248  38.518535    13.0759     7.4906      1.238    32.6108    24.5277 -9.990e-29
 228.872483      1.234  38.519922    13.0774     7.5078      1.224    32.6109    24.5274 -9.990e-29
 228.872488      1.228  38.521317    13.0784     7.5203      1.218    32.6113    24.5275 -9.990e-29
 228.872494      1.231  38.522254    13.0789     7.5349      1.221    32.6118    24.5278 -9.990e-29
 228.872500      1.238  38.522775    13.0792     7.5348      1.228    32.6120    24.5279 -9.990e-29
 228.872506      1.246  38.522931    13.0789     7.5253      1.236    32.6124    24.5283 -9.990e-29
 228.872512      1.255  38.522281    13.0781     7.5207      1.245    32.6125    24.5285 -9.990e-29
 228.872517      1.261  38.520436    13.0772     7.5117      1.250    32.6115    24.5279 -9.990e-29
 228.872523      1.260  38.518768    13.0766     7.5165      1.249    32.6105    24.5272 -9.990e-29
 228.872529      1.252  38.520009    13.0772     7.5306      1.242    32.6111    24.5276 -9.990e-29
 228.872535      1.242  38.523486    13.0792     7.5283      1.232    32.6127    24.5284 -9.990e-29
 228.872541      1.237  38.526467    13.0815     7.5279      1.227    32.6135    24.5286 -9.990e-29
 228.872546      1.241  38.528360    13.0831     7.5222      1.231    32.6139    24.5286 -9.990e-29
 228.872552      1.249  38.529363    13.0842     7.5180      1.239    32.6139    24.5284 -9.990e-29
 228.872558      1.255  38.529607    13.0853     7.5141      1.245    32.6132    24.5276 -9.990e-29
 228.872564      1.253  38.529892    13.0864     7.5124      1.243    32.6125    24.5269 -9.990e-29
 228.872569      1.249  38.530510    13.0874     7.5250      1.239    32.6122    24.5265 -9.990e-29
 228.872575      1.250  38.531082    13.0883     7.5229      1.240    32.6120    24.5261 -9.990e-29
 228.872581      1.260  38.531725    13.0892     7.5112      1.249    32.6118    24.5258 -9.990e-29
 228.872587      1.277  38.532649    13.0903     7.5117      1.266    32.6118    24.5255 -9.990e-29
 228.872593      1.289  38.533878    13.0916     7.4957      1.278    32.6118    24.5253 -9.990e-29
 228.872598      1.287  38.535286    13.0927     7.4856      1.276    32.6122    24.5254 -9.990e-29
 228.872604      1.276  38.536423    13.0934     7.4933      1.265    32.6126    24.5256 -9.990e-29
 228.872610      1.263  38.537597    13.0947     7.5007      1.252    32.6126    24.5253 -9.990e-29
 228.872616      1.257  38.539168    13.0967     7.4912      1.247    32.6124    24.5248 -9.990e-29
 228.872622      1.261  38.540346    13.0980     7.4906      1.250    32.6124    24.5245 -9.990e-29
 228.872627      1.271  38.540935    13.0983     7.4926      1.260    32.6127    24.5247 -9.990e-29
 228.872633      1.279  38.542194    13.0990     7.4954      1.268    32.6133    24.5250 -9.990e-29
 228.872639      1.282  38.545715    13.1014     7.5034      1.271    32.6145    24.5255 -9.990e-29
 228.872645      1.280  38.550506    13.1045     7.5148      1.269    32.6164    24.5263 -9.990e-29
 228.872650      1.272  38.553342    13.1064     7.5083      1.261    32.6174    24.5267 -9.990e-29
 228.872656      1.259  38.553999    13.1067     7.4817      1.248    32.6178    24.5270 -9.990e-29
 228.872662      1.238  38.554388    13.1067     7.4680      1.228    32.6182    24.5273 -9.990e-29
 228.872668      1.219  38.554943    13.1076     7.4687      1.209    32.6179    24.5269 -9.990e-29
 228.872674      1.211  38.555756    13.1097     7.4780      1.201    32.6169    24.5257 -9.990e-29
 228.872679      1.215  38.557267    13.1121     7.4901      1.205    32.6162    24.5247 -9.990e-29
 228.872685      1.226  38.558603    13.1137     7.4853      1.216    32.6161    24.5243 -9.990e-29
 228.872691      1.242  38.558660    13.1144     7.4749      1.232    32.6156    24.5237 -9.990e-29
 228.872697      1.253  38.557987    13.1144     7.4861      1.243    32.6149    24.5232 -9.990e-29
 228.872703      1.258  38.557280    13.1140     7.5024      1.247    32.6146    24.5231 -9.990e-29
 228.872708      1.260  38.556631    13.1134     7.5092      1.249    32.6145    24.5231 -9.990e-29
 228.872714      1.269  38.556209    13.1129     7.5213      1.258    32.6145    24.5232 -9.990e-29
 228.872720      1.284  38.555927    13.1128     7.5221      1.273    32.6143    24.5231 -9.990e-29
 228.872726      1.298  38.555882    13.1127     7.5115      1.287    32.6144    24.5231 -9.990e-29
 228.872731      1.308  38.556489    13.1124     7.5072      1.297    32.6152    24.5238 -9.990e-29
 228.872737      1.314  38.557352    13.1121     7.4941      1.303    32.6163    24.5247 -9.990e-29
 228.872743      1.317  38.557853    13.1121     7.4847      1.306    32.6167    24.5251 -9.990e-29
 228.872749      1.317  38.558014    13.1124     7.4923      1.306    32.6166    24.5250 -9.990e-29
 228.872755      1.314  38.558525    13.1129     7.4884      1.303    32.6167    24.5249 -9.990e-29
 228.872760      1.307  38.559978    13.1132     7.4845      1.296    32.6178    24.5257 -9.990e-29
 228.872766      1.297  38.561984    13.1139     7.4843      1.286    32.6191    24.5266 -9.990e-29
 228.872772      1.287  38.564333    13.1153     7.4767      1.276    32.6201    24.5271 -9.990e-29
 228.872778      1.281  38.566708    13.1166     7.4798      1.270    32.6212    24.5277 -9.990e-29
 228.872784      1.277  38.568267    13.1180     7.4893      1.266    32.6215    24.5276 -9.990e-29
 228.872789      1.281  38.569885    13.1205     7.4855      1.270    32.6209    24.5266 -9.990e-29
 228.872795      1.293  38.571952    13.1235     7.4927      1.282    32.6202    24.5255 -9.990e-29
 228.872801      1.304  38.572656    13.1255     7.5050      1.293    32.6192    24.5243 -9.990e-29
 228.872807      1.306  38.572290    13.1264     7.4999      1.295    32.6181    24.5233 -9.990e-29
 228.872813      1.297  38.572519    13.1270     7.5119      1.286    32.6178    24.5229 -9.990e-29
 228.872818      1.283  38.573004    13.1275     7.5029      1.272    32.6178    24.5229 -9.990e-29
 228.872824      1.277  38.573187    13.1275     7.4846      1.266    32.6180    24.5230 -9.990e-29
 228.872830      1.283  38.573224    13.1268     7.4822      1.272    32.6186    24.5236 -9.990e-29
 228.872836      1.296  38.572519    13.1258     7.4780      1.285    32.6188    24.5240 -9.990e-29
 228.872841      1.309  38.571166    13.1256     7.4710      1.298    32.6177    24.5232 -9.990e-29
 228.872847      1.318  38.571196    13.1266     7.4803      1.307    32.6168    24.5223 -9.990e-29
 228.872853      1.324  38.573125    13.1278     7.4748      1.313    32.6176    24.5227 -9.990e-29
 228.872859      1.328  38.575516    13.1288     7.4827      1.317    32.6190    24.5236 -9.990e-29
 228.872865      1.330  38.578109    13.1302     7.4817      1.319    32.6203    24.5242 -9.990e-29
 228.872870      1.333  38.580915    13.1317     7.4729      1.322    32.6216    24.5250 -9.990e-29
 228.872876      1.343  38.583107    13.1327     7.4789      1.332    32.6228    24.5257 -9.990e-29
 228.872882      1.360  38.584161    13.1335     7.4762      1.349    32.6231    24.5258 -9.990e-29
 228.872888      1.390  38.583716    13.1341     7.4805      1.378    32.6222    24.5249 -9.990e-29
 228.872894      1.434  38.582772    13.1342     7.4833      1.422    32.6212    24.5242 -9.990e-29
 228.872899      1.482  38.582787    13.1336     7.4681      1.470    32.6217    24.5247 -9.990e-29
 228.872905      1.525  38.583133    13.1328     7.4843      1.512    32.6227    24.5256 -9.990e-29
 228.872911      1.566  38.583623    13.1318     7.5038      1.553    32.6240    24.5268 -9.990e-29
 228.872917      1.615  38.584265    13.1307     7.5383      1.602    32.6255    24.5282 -9.990e-29
 228.872922      1.684  38.584164    13.1305     7.5610      1.670    32.6256    24.5283 -9.990e-29
 228.872928      1.786  38.582568    13.1293     7.5654      1.771    32.6251    24.5281 -9.990e-29
 228.872934      1.928  38.577262    13.1230     7.5888      1.912    32.6254    24.5297 0.0000e+00
 228.872940      2.096  38.565541    13.1140     7.6161      2.078    32.6220    24.5288 0.0000e+00
 228.872946      2.273  38.552405    13.1067     7.6342      2.254    32.6159    24.5255 0.0000e+00
 228.872951      2.452  38.543222    13.0984     7.6112      2.432    32.6143    24.5259 0.0000e+00
 228.872957      2.636  38.537424    13.0846     7.5386      2.614    32.6206    24.5335 0.0000e+00
 228.872963      2.832  38.530555    13.0655     7.4218      2.808    32.6305    24.5450 0.0000e+00
 228.872969      3.044  38.514489    13.0444     7.2842      3.019    32.6334    24.5514 0.0000e+00
 228.872975      3.264  38.491806    13.0208     7.1545      3.237    32.6322    24.5551 0.0000e+00
 228.872980      3.486  38.467470    12.9855     7.0731      3.457    32.6396    24.5677 0.0000e+00
 228.872986      3.714  38.430233    12.9158     7.0109      3.683    32.6644    24.6006 0.0000e+00
 228.872992      3.959  38.352208    12.7932     6.9665      3.926    32.6964    24.6493 0.0000e+00
 228.872998      4.210  38.232360    12.6457     6.8735      4.175    32.7102    24.6886 0.0000e+00
 228.873003      4.450  38.114167    12.5349     6.7341      4.413    32.6936    24.6971 0.0000e+00
 228.873009      4.676  38.039933    12.4924     6.6108      4.637    32.6595    24.6788 0.0000e+00
 228.873015      4.895  38.014202    12.4825     6.5094      4.854    32.6434    24.6683 0.0000e+00
 228.873021      5.116  37.994717    12.4310     6.5036      5.073    32.6695    24.6983 0.0000e+00
 228.873027      5.349  37.948127    12.3138     6.5642      5.304    32.7269    24.7651 0.0000e+00
 228.873032      5.595  37.873298    12.1700     6.6173      5.548    32.7807    24.8341 0.0000e+00
 228.873038      5.849  37.779050    12.0471     6.5050      5.800    32.7975    24.8702 0.0000e+00
 228.873044      6.098  37.694781    11.9787     6.2085      6.047    32.7760    24.8664 0.0000e+00
 228.873050      6.326  37.647506    11.9693     5.7758      6.273    32.7384    24.8389 0.0000e+00
 228.873056      6.528  37.645222    11.9947     5.3590      6.473    32.7139    24.8151 0.0000e+00
 228.873061      6.708  37.670224    12.0057     5.0693      6.652    32.7283    24.8243 0.0000e+00
 228.873067      6.884  37.665574    11.9323     4.8860      6.826    32.7883    24.8845 0.0000e+00
 228.873073      7.078  37.583543    11.7183     4.7891      7.019    32.8975    25.0090 0.0000e+00
 228.873079      7.294  37.388629    11.3542     4.7440      7.233    33.0309    25.1791 0.0000e+00
 228.873084      7.522  37.079090    10.9340     4.7169      7.459    33.1026    25.3101 0.0000e+00
 228.873090      7.753  36.757402    10.6076     4.7395      7.688    33.0771    25.3473 0.0000e+00
 228.873096      7.979  36.528821    10.4235     4.7728      7.912    33.0147    25.3305 0.0000e+00
 228.873102      8.198  36.398674    10.3160     4.8079      8.129    32.9812    25.3228 0.0000e+00
 228.873108      8.412  36.324340    10.2107     4.8382      8.342    33.0019    25.3568 0.0000e+00
 228.873113      8.624  36.271004    10.1087     4.8585      8.552    33.0409    25.4044 0.0000e+00
 228.873119      8.839  36.236343    10.0503     4.8952      8.765    33.0590    25.4283 0.0000e+00
