data/oxygen options/ONMS/Olympic_Coast_National_Marine_Sanctuary_CTD_Data_2005_2023/raw_data/2016/CAST_MB042_161011faed.cnv
* Sea-Bird SBE19 Data File:
* FileName = C:\2016 Mooring Data\Casts\Data\CAST_MB042_161011.hex
* Software Version 1.59
* Temperature SN = 2997
* Conductivity SN = 2997
* System UpLoad Time = Oct 11 2016 19:17:48
** CAST_MB042_161011
* ds
# nquan = 9                                 
# nvalues = 1563                        
# units = specified
# name 0 = timeJ: Julian Days
# name 1 = prSM: Pressure, Strain Gauge [db]
# name 2 = c0mS/cm: Conductivity [mS/cm]
# name 3 = t090C: Temperature [ITS-90, deg C]
# name 4 = sbeox0ML/L: Oxygen, SBE 43 [ml/l]
# name 5 = depSM: Depth [salt water, m], lat = 47.5
# name 6 = sal00: Salinity, Practical [PSU]
# name 7 = sigma-é00: Density [sigma-theta, kg/m^3]
# name 8 = flag: flag
# span 0 = 285.770787, 285.779826       
# span 1 =     -5.053,     44.288       
# span 2 =   0.018974,  36.877916       
# span 3 =     8.7141,    13.2915       
# span 4 =    -2.1646,    13.1725       
# span 5 =     -5.011,     43.914       
# span 6 =     0.0150,    33.1659       
# span 7 =    -0.4462,    25.6248       
# span 8 = 0.0000e+00, 0.0000e+00       
# interval = seconds: 0.5
# start_time = Oct 11 2016 18:29:56 [Instrument's time stamp, header]
# bad_flag = -9.990e-29
*END*
[from data line 1121]
 285.777274     41.308  35.803931     9.5228     2.2907     40.959    33.0877    25.5382 0.0000e+00
 285.777280     41.449  35.783735     9.4846     2.2866     41.099    33.1021    25.5557 0.0000e+00
 285.777286     41.585  35.777388     9.4789     2.2864     41.234    33.1008    25.5556 -9.990e-29
 285.777292     41.703  35.784200     9.4925     2.2729     41.351    33.0952    25.5490 -9.990e-29
 285.777297     41.807  35.790777     9.4968     2.2649     41.454    33.0979    25.5505 -9.990e-29
 285.777303     41.916  35.787347     9.4783     2.2544     41.562    33.1114    25.5640 -9.990e-29
 285.777309     42.045  35.773770     9.4484     2.2429     41.690    33.1250    25.5795 0.0000e+00
 285.777315     42.199  35.759902     9.4266     2.2376     41.843    33.1309    25.5876 0.0000e+00
 285.777321     42.366  35.755764     9.4194     2.2391     42.008    33.1332    25.5906 0.0000e+00
 285.777326     42.526  35.758575     9.4169     2.2530     42.167    33.1383    25.5950 0.0000e+00
 285.777332     42.681  35.758014     9.4079     2.2518     42.320    33.1460    25.6024 0.0000e+00
 285.777338     42.841  35.751035     9.3948     2.2348     42.479    33.1509    25.6084 0.0000e+00
 285.777344     42.999  35.744527     9.3873     2.2181     42.636    33.1510    25.6097 0.0000e+00
 285.777350     43.144  35.743197     9.3874     2.2180     42.779    33.1495    25.6085 0.0000e+00
 285.777355     43.272  35.744652     9.3886     2.2303     42.906    33.1498    25.6086 -9.990e-29
 285.777361     43.387  35.744051     9.3846     2.2369     43.020    33.1529    25.6116 -9.990e-29
 285.777367     43.500  35.739978     9.3766     2.2348     43.132    33.1560    25.6153 -9.990e-29
 285.777373     43.615  35.735913     9.3714     2.2258     43.246    33.1566    25.6166 -9.990e-29
 285.777378     43.717  35.734781     9.3713     2.2184     43.348    33.1555    25.6158 -9.990e-29
 285.777384     43.800  35.735013     9.3738     2.2146     43.430    33.1534    25.6137 -9.990e-29
 285.777390     43.874  35.734619     9.3763     2.2181     43.503    33.1506    25.6112 -9.990e-29
 285.777396     43.944  35.734142     9.3780     2.2233     43.573    33.1485    25.6092 -9.990e-29
 285.777402     44.004  35.734010     9.3785     2.2286     43.632    33.1479    25.6087 -9.990e-29
 285.777407     44.055  35.734552     9.3777     2.2395     43.683    33.1492    25.6098 -9.990e-29
 285.777413     44.100  35.735872     9.3762     2.2263     43.727    33.1519    25.6122 -9.990e-29
 285.777419     44.142  35.736875     9.3746     2.2228     43.769    33.1544    25.6144 -9.990e-29
 285.777425     44.183  35.736600     9.3728     2.2210     43.810    33.1558    25.6157 -9.990e-29
 285.777431     44.223  35.735185     9.3703     2.2136     43.849    33.1566    25.6168 -9.990e-29
 285.777436     44.254  35.734051     9.3676     2.2263     43.880    33.1579    25.6183 -9.990e-29
 285.777442     44.274  35.734428     9.3660     2.2280     43.900    33.1598    25.6200 -9.990e-29
 285.777448     44.286  35.736203     9.3654     2.2222     43.912    33.1622    25.6219 -9.990e-29
 285.777454     44.288  35.738323     9.3652     2.2145     43.914    33.1646    25.6238 -9.990e-29
 285.777459     44.283  35.739639     9.3653     2.2092     43.909    33.1658    25.6248 -9.990e-29
 285.777465     44.269  35.740167     9.3658     2.2108     43.895    33.1659    25.6248 -9.990e-29
 285.777471     44.250  35.739998     9.3664     2.2235     43.876    33.1652    25.6241 -9.990e-29
 285.777477     44.228  35.738849     9.3668     2.2287     43.854    33.1636    25.6229 -9.990e-29
 285.777483     44.203  35.737374     9.3670     2.2214     43.829    33.1619    25.6215 -9.990e-29
 285.777488     44.178  35.736351     9.3675     2.2105     43.805    33.1604    25.6202 -9.990e-29
 285.777494     44.153  35.736044     9.3689     2.2053     43.780    33.1588    25.6188 -9.990e-29
 285.777500     44.130  35.735986     9.3715     2.2072     43.757    33.1564    25.6164 -9.990e-29
 285.777506     44.105  35.735486     9.3751     2.2124     43.732    33.1525    25.6128 -9.990e-29
 285.777512     44.081  35.734940     9.3784     2.2160     43.708    33.1489    25.6095 -9.990e-29
 285.777517     44.066  35.734686     9.3808     2.2162     43.694    33.1464    25.6072 -9.990e-29
 285.777523     44.062  35.734330     9.3820     2.2086     43.690    33.1450    25.6058 -9.990e-29
 285.777529     44.070  35.733903     9.3821     2.2069     43.698    33.1444    25.6054 -9.990e-29
 285.777535     44.085  35.733902     9.3813     2.1994     43.712    33.1452    25.6061 -9.990e-29
 285.777541     44.101  35.734269     9.3799     2.2069     43.728    33.1468    25.6076 -9.990e-29
 285.777546     44.114  35.734318     9.3786     2.2051     43.741    33.1481    25.6088 -9.990e-29
 285.777552     44.124  35.734056     9.3772     2.2050     43.751    33.1491    25.6098 -9.990e-29
 285.777558     44.133  35.733079     9.3753     2.2139     43.760    33.1499    25.6107 -9.990e-29
 285.777564     44.140  35.731710     9.3729     2.2062     43.767    33.1507    25.6117 -9.990e-29
 285.777569     44.147  35.731988     9.3711     2.2004     43.774    33.1526    25.6135 -9.990e-29
 285.777575     44.153  35.733668     9.3708     2.1974     43.780    33.1546    25.6152 -9.990e-29
 285.777581     44.156  35.735571     9.3716     2.1959     43.783    33.1558    25.6160 -9.990e-29
 285.777587     44.146  35.736818     9.3718     2.2011     43.773    33.1569    25.6168 -9.990e-29
 285.777593     44.123  35.735092     9.3699     2.2120     43.750    33.1569    25.6171 -9.990e-29
 285.777598     44.094  35.731957     9.3673     2.2134     43.721    33.1561    25.6169 -9.990e-29
 285.777604     44.058  35.731023     9.3661     2.2058     43.686    33.1563    25.6172 -9.990e-29
 285.777610     44.007  35.732110     9.3672     2.2026     43.635    33.1564    25.6171 -9.990e-29
 285.777616     43.947  35.735488     9.3699     2.1991     43.576    33.1574    25.6175 -9.990e-29
 285.777622     43.887  35.739443     9.3706     2.2082     43.516    33.1609    25.6201 -9.990e-29
 285.777627     43.827  35.739670     9.3676     2.2055     43.457    33.1639    25.6229 -9.990e-29
 285.777633     43.764  35.735858     9.3637     2.2178     43.394    33.1636    25.6233 -9.990e-29
 285.777639     43.693  35.731271     9.3617     2.2044     43.324    33.1608    25.6214 -9.990e-29
 285.777645     43.610  35.729824     9.3622     2.2065     43.241    33.1589    25.6199 -9.990e-29
 285.777650     43.510  35.731770     9.3642     2.2083     43.142    33.1591    25.6197 -9.990e-29
 285.777656     43.395  35.733484     9.3654     2.2122     43.028    33.1598    25.6201 -9.990e-29
 285.777662     43.279  35.732716     9.3648     2.2336     42.913    33.1596    25.6200 -9.990e-29
 285.777668     43.172  35.730629     9.3650     2.2405     42.807    33.1573    25.6182 -9.990e-29
 285.777674     43.067  35.729988     9.3684     2.2405     42.703    33.1535    25.6147 -9.990e-29
 285.777679     42.948  35.732124     9.3756     2.2412     42.585    33.1491    25.6101 -9.990e-29
 285.777685     42.809  35.735904     9.3842     2.2343     42.447    33.1451    25.6056 0.0000e+00
 285.777691     42.662  35.740150     9.3915     2.2374     42.302    33.1428    25.6026 0.0000e+00
 285.777697     42.526  35.743747     9.3963     2.2442     42.167    33.1421    25.6013 -9.990e-29
 285.777703     42.403  35.745277     9.3988     2.2491     42.045    33.1414    25.6003 -9.990e-29
 285.777708     42.276  35.745607     9.4015     2.2559     41.919    33.1393    25.5982 0.0000e+00
 285.777714     42.136  35.746241     9.4061     2.2506     41.780    33.1358    25.5947 0.0000e+00
 285.777720     41.988  35.747408     9.4108     2.2520     41.633    33.1327    25.5916 0.0000e+00
 285.777726     41.840  35.748928     9.4128     2.2636     41.487    33.1325    25.5911 0.0000e+00
 285.777731     41.699  35.749972     9.4129     2.2855     41.347    33.1335    25.5919 0.0000e+00
 285.777737     41.564  35.750759     9.4163     2.3176     41.213    33.1313    25.5895 0.0000e+00
 285.777743     41.424  35.752845     9.4249     2.3387     41.074    33.1255    25.5837 0.0000e+00
 285.777749     41.268  35.756712     9.4358     2.3530     40.919    33.1195    25.5772 0.0000e+00
 285.777755     41.100  35.763538     9.4482     2.3545     40.753    33.1151    25.5718 0.0000e+00
 285.777760     40.930  35.774351     9.4663     2.3521     40.584    33.1096    25.5645 0.0000e+00
 285.777766     40.770  35.786756     9.4900     2.3603     40.426    33.1005    25.5536 0.0000e+00
 285.777772     40.622  35.796431     9.5086     2.3780     40.279    33.0934    25.5450 0.0000e+00
 285.777778     40.480  35.800129     9.5177     2.4091     40.138    33.0888    25.5400 0.0000e+00
 285.777784     40.336  35.800466     9.5266     2.4474     39.995    33.0810    25.5324 0.0000e+00
 285.777789     40.184  35.802485     9.5407     2.4760     39.845    33.0702    25.5216 0.0000e+00
 285.777795     40.025  35.806181     9.5575     2.4986     39.687    33.0585    25.5098 0.0000e+00
 285.777801     39.859  35.812669     9.5766     2.5230     39.523    33.0477    25.4982 0.0000e+00
 285.777807     39.690  35.825106     9.6024     2.5548     39.355    33.0368    25.4855 0.0000e+00
 285.777812     39.516  35.840574     9.6369     2.5903     39.182    33.0210    25.4675 0.0000e+00
 285.777818     39.333  35.852913     9.6789     2.6246     39.001    32.9951    25.4405 0.0000e+00
 285.777824     39.140  35.862436     9.7246     2.6475     38.810    32.9630    25.4079 0.0000e+00
 285.777830     38.940  35.874110     9.7672     2.6589     38.611    32.9360    25.3798 0.0000e+00
 285.777836     38.746  35.889608     9.8034     2.6604     38.419    32.9188    25.3604 0.0000e+00
 285.777841     38.568  35.905617     9.8303     2.6623     38.243    32.9106    25.3496 0.0000e+00
 285.777847     38.404  35.914462     9.8470     2.6763     38.080    32.9045    25.3421 0.0000e+00
 285.777853     38.241  35.916282     9.8596     2.6825     37.918    32.8949    25.3325 0.0000e+00
 285.777859     38.079  35.919780     9.8753     2.7031     37.758    32.8842    25.3216 0.0000e+00
 285.777865     37.925  35.928046     9.8968     2.7037     37.605    32.8731    25.3093 0.0000e+00
 285.777870     37.786  35.938763     9.9179     2.6992     37.467    32.8648    25.2994 0.0000e+00
 285.777876     37.661  35.947283     9.9306     2.6974     37.343    32.8620    25.2950 -9.990e-29
 285.777882     37.543  35.949947     9.9361     2.6948     37.226    32.8597    25.2924 -9.990e-29
 285.777888     37.428  35.949298     9.9406     2.7015     37.112    32.8550    25.2879 -9.990e-29
 285.777894     37.318  35.950742     9.9469     2.7230     37.003    32.8508    25.2836 -9.990e-29
 285.777899     37.218  35.955190     9.9553     2.7402     36.904    32.8477    25.2798 -9.990e-29
 285.777905     37.131  35.959155     9.9646     2.7568     36.818    32.8433    25.2748 -9.990e-29
 285.777911     37.046  35.960750     9.9731     2.7702     36.734    32.8373    25.2687 -9.990e-29
 285.777917     36.959  35.962209     9.9818     2.7710     36.647    32.8309    25.2622 -9.990e-29
 285.777922     36.873  35.966706     9.9940     2.7807     36.562    32.8244    25.2551 -9.990e-29
 285.777928     36.785  35.974180    10.0090     2.7993     36.475    32.8184    25.2480 -9.990e-29
 285.777934     36.692  35.980140    10.0227     2.8073     36.383    32.8120    25.2407 -9.990e-29
 285.777940     36.590  35.982553    10.0359     2.8132     36.281    32.8025    25.2311 -9.990e-29
 285.777946     36.487  35.986428    10.0506     2.8061     36.179    32.7932    25.2214 -9.990e-29
 285.777951     36.388  35.993118    10.0640     2.7906     36.081    32.7878    25.2150 -9.990e-29
 285.777957     36.292  35.998206    10.0719     2.7875     35.986    32.7859    25.2121 -9.990e-29
 285.777963     36.192  35.999622    10.0749     2.7884     35.887    32.7846    25.2106 -9.990e-29
 285.777969     36.087  35.998802    10.0772     2.8015     35.783    32.7818    25.2080 -9.990e-29
 285.777975     35.982  35.998685    10.0807     2.8166     35.679    32.7785    25.2049 -9.990e-29
 285.777980     35.889  36.000340    10.0844     2.8213     35.586    32.7769    25.2030 -9.990e-29
 285.777986     35.809  36.002161    10.0875     2.8087     35.507    32.7760    25.2017 -9.990e-29
 285.777992     35.730  36.002764    10.0924     2.8047     35.429    32.7722    25.1980 -9.990e-29
 285.777998     35.636  36.003057    10.0999     2.8127     35.336    32.7657    25.1917 -9.990e-29
 285.778003     35.536  36.004660    10.1078     2.8208     35.236    32.7602    25.1861 -9.990e-29
 285.778009     35.449  36.007576    10.1135     2.8368     35.150    32.7581    25.1834 -9.990e-29
 285.778015     35.382  36.009642    10.1157     2.8395     35.084    32.7582    25.1831 -9.990e-29
 285.778021     35.322  36.009239    10.1179     2.8371     35.024    32.7558    25.1809 -9.990e-29
 285.778027     35.252  36.008737    10.1244     2.8380     34.955    32.7495    25.1749 -9.990e-29
 285.778032     35.169  36.010933    10.1325     2.8374     34.873    32.7444    25.1696 -9.990e-29
 285.778038     35.083  36.015500    10.1386     2.8491     34.787    32.7435    25.1679 -9.990e-29
 285.778044     35.011  36.019672    10.1418     2.8836     34.716    32.7449    25.1684 -9.990e-29
 285.778050     34.948  36.020717    10.1461     2.9179     34.653    32.7421    25.1655 -9.990e-29
 285.778056     34.873  36.020698    10.1583     2.9836     34.579    32.7311    25.1548 -9.990e-29
 285.778061     34.778  36.023616    10.1788     3.0438     34.485    32.7155    25.1393 -9.990e-29
 285.778067     34.668  36.030108    10.2069     3.1300     34.376    32.6968    25.1199 -9.990e-29
 285.778073     34.554  36.041654    10.2441     3.2691     34.263    32.6749    25.0966 -9.990e-29
 285.778079     34.442  36.057512    10.2871     3.4250     34.152    32.6523    25.0717 -9.990e-29
 285.778084     34.324  36.070367    10.3459     3.5753     34.035    32.6124    25.0306 -9.990e-29
 285.778090     34.188  36.082902    10.4374     3.7109     33.900    32.5431    24.9610 0.0000e+00
 285.778096     34.036  36.110264    10.5672     3.8219     33.749    32.4547    24.8700 0.0000e+00
 285.778102     33.877  36.167201    10.7216     3.9283     33.592    32.3745    24.7809 0.0000e+00
 285.778108     33.724  36.240667    10.8709     4.0283     33.440    32.3156    24.7091 0.0000e+00
 285.778113     33.575  36.292043    11.0173     4.1249     33.292    32.2377    24.6228 0.0000e+00
 285.778119     33.422  36.317130    11.1742     4.2118     33.140    32.1252    24.5077 0.0000e+00
 285.778125     33.257  36.339983    11.3310     4.2602     32.977    32.0113    24.3912 0.0000e+00
 285.778131     33.088  36.376634    11.4922     4.3061     32.809    31.9078    24.2819 0.0000e+00
 285.778137     32.931  36.430703    11.6474     4.3476     32.654    31.8270    24.1912 0.0000e+00
 285.778142     32.787  36.479167    11.7595     4.3932     32.511    31.7781    24.1328 0.0000e+00
 285.778148     32.644  36.502173    11.8320     4.4423     32.369    31.7385    24.0888 0.0000e+00
 285.778154     32.492  36.515966    11.8978     4.4941     32.218    31.6958    24.0436 0.0000e+00
 285.778160     32.339  36.540182    11.9691     4.5369     32.067    31.6587    24.0017 0.0000e+00
 285.778166     32.196  36.571930    12.0299     4.5916     31.925    31.6377    23.9742 0.0000e+00
 285.778171     32.063  36.593144    12.0717     4.6459     31.793    31.6227    23.9549 0.0000e+00
 285.778177     31.936  36.598053    12.1102     4.6737     31.667    31.5949    23.9262 -9.990e-29
 285.778183     31.819  36.607330    12.1585     4.6856     31.551    31.5631    23.8925 -9.990e-29
 285.778189     31.718  36.632338    12.2179     4.6797     31.451    31.5370    23.8612 -9.990e-29
