data/oxygen options/ONMS/Olympic_Coast_National_Marine_Sanctuary_CTD_Data_2005_2023/raw_data/2016/CAST_KL015_160804faed.cnv
* Sea-Bird SBE19 Data File:
* FileName = C:\2016 Mooring Data\Casts\Data\CAST_KL015_160804.hex
* Software Version 1.59
* Temperature SN = 2997
* Conductivity SN = 2997
* System UpLoad Time = Aug 04 2016 17:43:58
** CAST_KL015_160804
* ds
# nquan = 9                                 
# nvalues = 920                         
# units = specified
# name 0 = timeJ: Julian Days
# name 1 = prSM: Pressure, Strain Gauge [db]
# name 2 = c0mS/cm: Conductivity [mS/cm]
# name 3 = t090C: Temperature [ITS-90, deg C]
# name 4 = sbeox0ML/L: Oxygen, SBE 43 [ml/l]
# name 5 = depSM: Depth [salt water, m], lat = 47.5
# name 6 = sal00: Salinity, Practical [PSU]
# name 7 = sigma-é00: Density [sigma-theta, kg/m^3]
# name 8 = flag: flag
# span 0 = 217.716748, 217.722066       
# span 1 =     -5.069,     14.965       
# span 2 =   0.442204,  38.085313       
# span 3 =     8.0843,    12.6456       
# span 4 =    -1.9982,    19.5727       
# span 5 =     -5.027,     14.840       
# span 6 =     0.2859,    33.6247       
# span 7 =    -0.3148,    26.1795       
# span 8 = 0.0000e+00, 0.0000e+00       
# interval = seconds: 0.5
# start_time = Aug 04 2016 17:12:07 [Instrument's time stamp, header]
# bad_flag = -9.990e-29
*END*
 217.716748     -5.069 -9.990e-29    12.1699    -1.9880     -5.027 -9.990e-29 -9.990e-29 -9.990e-29
 217.716753     -5.062   0.442204    12.1598    -1.9880     -5.020     0.2859    -0.2955 -9.990e-29
 217.716759     -5.053   0.442820    12.1551    -1.9879     -5.011     0.2863    -0.2946 -9.990e-29
 217.716765     -5.042   0.444113    12.1550    -1.9879     -5.000     0.2872    -0.2939 -9.990e-29
 217.716771     -5.028   0.446142    12.1575    -1.9881     -4.986     0.2885    -0.2932 -9.990e-29
 217.716777     -5.009   0.448834    12.1626    -1.9886     -4.967     0.2903    -0.2924 -9.990e-29
 217.716782     -4.985   0.451895    12.1710    -1.9892     -4.943     0.2923    -0.2918 -9.990e-29
 217.716788     -4.954   0.454963    12.1811    -1.9896     -4.913     0.2942    -0.2915 -9.990e-29
 217.716794     -4.919   0.457685    12.1892    -1.9900     -4.878     0.2960    -0.2911 -9.990e-29
 217.716800     -4.885   0.459801    12.1929    -1.9898     -4.844     0.2974    -0.2904 -9.990e-29
 217.716806     -4.855   0.461912    12.1936    -1.9894     -4.815     0.2988    -0.2894 -9.990e-29
 217.716811     -4.827   0.465164    12.1933    -1.9891     -4.787     0.3010    -0.2877 -9.990e-29
 217.716817     -4.799   0.469451    12.1913    -1.9888     -4.759     0.3038    -0.2852 -9.990e-29
 217.716823     -4.770   0.473269    12.1863    -1.9883     -4.730     0.3064    -0.2826 -9.990e-29
 217.716829     -4.737   0.475600    12.1783    -1.9876     -4.698     0.3080    -0.2804 -9.990e-29
 217.716834     -4.699   0.476776    12.1691    -1.9878     -4.660     0.3089    -0.2786 -9.990e-29
 217.716840     -4.658   0.477808    12.1609    -1.9887     -4.619     0.3097    -0.2771 -9.990e-29
 217.716846     -4.618   0.479517    12.1563    -1.9893     -4.580     0.3108    -0.2756 -9.990e-29
 217.716852     -4.582   0.481959    12.1572    -1.9900     -4.544     0.3125    -0.2744 -9.990e-29
 217.716858     -4.549   0.484502    12.1621    -1.9912     -4.511     0.3141    -0.2737 -9.990e-29
 217.716863     -4.515   0.486650    12.1685    -1.9931     -4.477     0.3155    -0.2734 -9.990e-29
 217.716869     -4.478   0.488489    12.1761    -1.9943     -4.441     0.3167    -0.2733 -9.990e-29
 217.716875     -4.437   0.490252    12.1841    -1.9944     -4.400     0.3178    -0.2734 -9.990e-29
 217.716881     -4.397   0.492066    12.1889    -1.9943     -4.360     0.3190    -0.2731 -9.990e-29
 217.716887     -4.364   0.494127    12.1857    -1.9940     -4.328     0.3204    -0.2716 -9.990e-29
 217.716892     -4.331   0.496409    12.1744    -1.9934     -4.295     0.3220    -0.2690 -9.990e-29
 217.716898     -4.298   0.498621    12.1589    -1.9928     -4.262     0.3236    -0.2659 -9.990e-29
 217.716904     -4.265   0.500379    12.1399    -1.9931     -4.229     0.3250    -0.2627 -9.990e-29
 217.716910     -4.230   0.501250    12.1155    -1.9937     -4.195     0.3257    -0.2592 -9.990e-29
 217.716916     -4.193   0.501285    12.0885    -1.9943     -4.158     0.3260    -0.2559 -9.990e-29
 217.716921     -4.153   0.501086    12.0677    -1.9950     -4.118     0.3260    -0.2534 -9.990e-29
 217.716927     -4.118   0.501497    12.0582    -1.9946     -4.084     0.3264    -0.2520 -9.990e-29
 217.716933     -4.090   0.503063    12.0572    -1.9943     -4.056     0.3274    -0.2511 -9.990e-29
 217.716939     -4.066   0.505653    12.0616    -1.9936     -4.032     0.3292    -0.2503 -9.990e-29
 217.716944     -4.046   0.508832    12.0689    -1.9935     -4.012     0.3312    -0.2495 -9.990e-29
 217.716950     -4.027   0.511841    12.0742    -1.9935     -3.993     0.3332    -0.2486 -9.990e-29
 217.716956     -4.009   0.513137    12.0726    -1.9938     -3.976     0.3341    -0.2477 -9.990e-29
 217.716962     -3.991   0.511673    12.0645    -1.9940     -3.958     0.3332    -0.2475 -9.990e-29
 217.716968     -3.971   0.508829    12.0541    -1.9941     -3.938     0.3314    -0.2477 -9.990e-29
 217.716973     -3.949   0.507475    12.0473    -1.9941     -3.916     0.3305    -0.2476 -9.990e-29
 217.716979     -3.922   0.509137    12.0480    -1.9938     -3.889     0.3316    -0.2468 -9.990e-29
 217.716985     -3.889   0.512697    12.0544    -1.9935     -3.857     0.3340    -0.2457 -9.990e-29
 217.716991     -3.852   0.515683    12.0617    -1.9929     -3.820     0.3359    -0.2450 -9.990e-29
 217.716997     -3.818   0.516524    12.0660    -1.9924     -3.786     0.3364    -0.2451 -9.990e-29
 217.717002     -3.789   0.515786    12.0663    -1.9918     -3.757     0.3359    -0.2455 -9.990e-29
 217.717008     -3.762   0.514704    12.0640    -1.9915     -3.731     0.3352    -0.2458 -9.990e-29
 217.717014     -3.735   0.513502    12.0614    -1.9914     -3.704     0.3344    -0.2461 -9.990e-29
 217.717020     -3.709   0.512240    12.0604    -1.9915     -3.678     0.3336    -0.2467 -9.990e-29
 217.717025     -3.679   0.511457    12.0618    -1.9918     -3.648     0.3331    -0.2472 -9.990e-29
 217.717031     -3.650   0.511773    12.0659    -1.9929     -3.620     0.3332    -0.2476 -9.990e-29
 217.717037     -3.627   0.513611    12.0729    -1.9933     -3.597     0.3344    -0.2475 -9.990e-29
 217.717043     -3.610   0.516643    12.0827    -1.9931     -3.580     0.3364    -0.2471 -9.990e-29
 217.717049     -3.588   0.519358    12.0940    -1.9929     -3.558     0.3381    -0.2470 -9.990e-29
 217.717054     -3.560   0.520379    12.1041    -1.9932     -3.530     0.3387    -0.2477 -9.990e-29
 217.717060     -3.533   0.519956    12.1106    -1.9935     -3.504     0.3384    -0.2488 -9.990e-29
 217.717066     -3.510   0.519191    12.1127    -1.9935     -3.481     0.3378    -0.2494 -9.990e-29
 217.717072     -3.489   0.518728    12.1098    -1.9930     -3.460     0.3375    -0.2493 -9.990e-29
 217.717078     -3.468   0.518506    12.1012    -1.9926     -3.439     0.3375    -0.2484 -9.990e-29
 217.717083     -3.447   0.518783    12.0895    -1.9926     -3.418     0.3377    -0.2468 -9.990e-29
 217.717089     -3.424   0.520482    12.0815    -1.9923     -3.395     0.3390    -0.2449 -9.990e-29
 217.717095     -3.397   0.523647    12.0797    -1.9916     -3.369     0.3411    -0.2430 -9.990e-29
 217.717101     -3.365   0.526389    12.0796    -1.9910     -3.337     0.3430    -0.2416 -9.990e-29
 217.717106     -3.330   0.526811    12.0775    -1.9903     -3.302     0.3433    -0.2411 -9.990e-29
 217.717112     -3.299   0.525475    12.0753    -1.9904     -3.271     0.3424    -0.2415 -9.990e-29
 217.717118     -3.273   0.524488    12.0766    -1.9903     -3.246     0.3417    -0.2422 -9.990e-29
 217.717124     -3.252   0.525308    12.0814    -1.9900     -3.225     0.3422    -0.2424 -9.990e-29
 217.717130     -3.233   0.527919    12.0871    -1.9897     -3.206     0.3439    -0.2417 -9.990e-29
 217.717135     -3.216   0.531359    12.0927    -1.9893     -3.189     0.3462    -0.2406 -9.990e-29
 217.717141     -3.199   0.534104    12.1010    -1.9886     -3.172     0.3480    -0.2401 -9.990e-29
 217.717147     -3.181   0.534817    12.1124    -1.9880     -3.154     0.3483    -0.2412 -9.990e-29
 217.717153     -3.162   0.533895    12.1241    -1.9882     -3.136     0.3476    -0.2431 -9.990e-29
 217.717159     -3.144   0.532884    12.1330    -1.9886     -3.118     0.3469    -0.2447 -9.990e-29
 217.717164     -3.130   0.532656    12.1379    -1.9894     -3.104     0.3467    -0.2455 -9.990e-29
 217.717170     -3.120   0.533459    12.1417    -1.9903     -3.094     0.3472    -0.2455 -9.990e-29
 217.717176     -3.113   0.535253    12.1472    -1.9905     -3.087     0.3483    -0.2452 -9.990e-29
 217.717182     -3.104   0.537099    12.1544    -1.9901     -3.078     0.3495    -0.2452 -9.990e-29
 217.717187     -3.089   0.538127    12.1638    -1.9896     -3.063     0.3501    -0.2458 -9.990e-29
 217.717193     -3.066   0.538595    12.1743    -1.9893     -3.040     0.3503    -0.2469 -9.990e-29
 217.717199     -3.037   0.539128    12.1810    -1.9888     -3.012     0.3506    -0.2474 -9.990e-29
 217.717205     -3.011   0.539882    12.1800    -1.9881     -2.986     0.3511    -0.2469 -9.990e-29
 217.717211     -2.990   0.540749    12.1721    -1.9872     -2.965     0.3518    -0.2454 -9.990e-29
 217.717216     -2.971   0.541775    12.1602    -1.9863     -2.946     0.3526    -0.2434 -9.990e-29
 217.717222     -2.955   0.542661    12.1491    -1.9856     -2.930     0.3533    -0.2416 -9.990e-29
 217.717228     -2.939   0.542924    12.1446    -1.9849     -2.914     0.3535    -0.2409 -9.990e-29
 217.717234     -2.923   0.542911    12.1476    -1.9841     -2.899     0.3535    -0.2413 -9.990e-29
 217.717240     -2.907   0.543717    12.1547    -1.9835     -2.883     0.3540    -0.2417 -9.990e-29
 217.717245     -2.888   0.545860    12.1636    -1.9831     -2.864     0.3553    -0.2417 -9.990e-29
 217.717251     -2.870   0.548866    12.1749    -1.9826     -2.846     0.3572    -0.2415 -9.990e-29
 217.717257     -2.856   0.551744    12.1900    -1.9823     -2.832     0.3590    -0.2419 -9.990e-29
 217.717263     -2.841   0.553334    12.2076    -1.9820     -2.817     0.3599    -0.2433 -9.990e-29
 217.717269     -2.820   0.553535    12.2253    -1.9817     -2.796     0.3599    -0.2454 -9.990e-29
 217.717274     -2.792   0.553723    12.2418    -1.9814     -2.769     0.3599    -0.2473 -9.990e-29
 217.717280     -2.758   0.555259    12.2576    -1.9813     -2.735     0.3608    -0.2485 -9.990e-29
 217.717286     -2.725   0.557971    12.2730    -1.9810     -2.702     0.3625    -0.2490 -9.990e-29
 217.717292     -2.696   0.559923    12.2865    -1.9807     -2.674     0.3636    -0.2497 -9.990e-29
 217.717297     -2.673   0.559829    12.2972    -1.9802     -2.651     0.3635    -0.2511 -9.990e-29
 217.717303     -2.658   0.559229    12.3062    -1.9798     -2.636     0.3630    -0.2525 -9.990e-29
 217.717309     -2.647   0.560100    12.3140    -1.9794     -2.625     0.3635    -0.2531 -9.990e-29
 217.717315     -2.634   0.562491    12.3211    -1.9791     -2.612     0.3650    -0.2527 -9.990e-29
 217.717321     -2.619   0.565148    12.3279    -1.9786     -2.597     0.3668    -0.2522 -9.990e-29
 217.717326     -2.604   0.566615    12.3338    -1.9783     -2.582     0.3677    -0.2522 -9.990e-29
 217.717332     -2.595   0.566626    12.3389    -1.9779     -2.573     0.3677    -0.2528 -9.990e-29
 217.717338     -2.584   0.566307    12.3446    -1.9776     -2.562     0.3674    -0.2537 -9.990e-29
 217.717344     -2.568   0.566898    12.3523    -1.9774     -2.547     0.3677    -0.2544 -9.990e-29
 217.717350     -2.546   0.568630    12.3615    -1.9774     -2.525     0.3688    -0.2546 -9.990e-29
 217.717355     -2.519   0.570480    12.3705    -1.9770     -2.498     0.3699    -0.2548 -9.990e-29
 217.717361     -2.496   0.571582    12.3788    -1.9766     -2.475     0.3706    -0.2553 -9.990e-29
 217.717367     -2.479   0.572296    12.3869    -1.9766     -2.458     0.3710    -0.2559 -9.990e-29
 217.717373     -2.467   0.573019    12.3950    -1.9773     -2.446     0.3714    -0.2566 -9.990e-29
 217.717378     -2.455   0.573602    12.4031    -1.9779     -2.435     0.3717    -0.2573 -9.990e-29
 217.717384     -2.438   0.574267    12.4106    -1.9783     -2.418     0.3721    -0.2579 -9.990e-29
 217.717390     -2.418   0.575347    12.4168    -1.9784     -2.398     0.3728    -0.2582 -9.990e-29
 217.717396     -2.400   0.576614    12.4214    -1.9785     -2.380     0.3736    -0.2581 -9.990e-29
 217.717402     -2.381   0.578092    12.4253    -1.9779     -2.361     0.3745    -0.2578 -9.990e-29
 217.717407     -2.361   0.580085    12.4302    -1.9778     -2.341     0.3758    -0.2574 -9.990e-29
 217.717413     -2.339   0.581917    12.4343    -1.9776     -2.319     0.3770    -0.2570 -9.990e-29
 217.717419     -2.312   0.582145    12.4333    -1.9775     -2.293     0.3772    -0.2567 -9.990e-29
 217.717425     -2.284   0.580515    12.4259    -1.9776     -2.265     0.3762    -0.2566 -9.990e-29
 217.717431     -2.261   0.578742    12.4162    -1.9774     -2.242     0.3751    -0.2563 -9.990e-29
 217.717436     -2.242   0.578347    12.4088    -1.9775     -2.223     0.3749    -0.2556 -9.990e-29
 217.717442     -2.222   0.579361    12.4051    -1.9776     -2.203     0.3756    -0.2546 -9.990e-29
 217.717448     -2.203   0.580913    12.4059    -1.9777     -2.185     0.3766    -0.2538 -9.990e-29
 217.717454     -2.188   0.581739    12.4104    -1.9784     -2.170     0.3771    -0.2540 -9.990e-29
 217.717459     -2.177   0.581275    12.4149    -1.9794     -2.159     0.3768    -0.2548 -9.990e-29
 217.717465     -2.169   0.580566    12.4179    -1.9801     -2.151     0.3763    -0.2556 -9.990e-29
 217.717471     -2.162   0.580888    12.4196    -1.9806     -2.144     0.3765    -0.2556 -9.990e-29
 217.717477     -2.158   0.582116    12.4203    -1.9808     -2.140     0.3773    -0.2551 -9.990e-29
 217.717483     -2.155   0.583668    12.4206    -1.9807     -2.137     0.3783    -0.2543 -9.990e-29
 217.717488     -2.150   0.584836    12.4198    -1.9805     -2.132     0.3791    -0.2536 -9.990e-29
 217.717494     -2.137   0.584399    12.4169    -1.9806     -2.119     0.3788    -0.2534 -9.990e-29
 217.717500     -2.120   0.582331    12.4102    -1.9804     -2.102     0.3775    -0.2537 -9.990e-29
 217.717506     -2.102   0.580316    12.3980    -1.9809     -2.084     0.3763    -0.2531 -9.990e-29
 217.717512     -2.082   0.579555    12.3828    -1.9818     -2.065     0.3759    -0.2516 -9.990e-29
 217.717517     -2.059   0.579587    12.3693    -1.9825     -2.042     0.3761    -0.2499 -9.990e-29
 217.717523     -2.032   0.579345    12.3599    -1.9826     -2.015     0.3760    -0.2488 -9.990e-29
 217.717529     -2.002   0.578508    12.3551    -1.9827     -1.985     0.3755    -0.2486 -9.990e-29
 217.717535     -1.977   0.577627    12.3542    -1.9826     -1.961     0.3749    -0.2490 -9.990e-29
 217.717541     -1.959   0.577191    12.3548    -1.9833     -1.943     0.3746    -0.2493 -9.990e-29
 217.717546     -1.947   0.577175    12.3547    -1.9846     -1.931     0.3746    -0.2493 -9.990e-29
 217.717552     -1.940   0.577001    12.3516    -1.9873     -1.924     0.3745    -0.2490 -9.990e-29
 217.717558     -1.934   0.576438    12.3431    -1.9890     -1.918     0.3742    -0.2482 -9.990e-29
 217.717564     -1.924   0.576401    12.3304    -1.9894     -1.908     0.3743    -0.2466 -9.990e-29
 217.717569     -1.913   0.577396    12.3190    -1.9891     -1.897     0.3751    -0.2446 -9.990e-29
 217.717575     -1.906   0.578529    12.3119    -1.9889     -1.890     0.3759    -0.2431 -9.990e-29
 217.717581     -1.901   0.578536    12.3070    -1.9882     -1.885     0.3760    -0.2425 -9.990e-29
 217.717587     -1.898   0.577426    12.2989    -1.9876     -1.882     0.3753    -0.2421 -9.990e-29
 217.717593     -1.893   0.576494    12.2819    -1.9881     -1.877     0.3748    -0.2404 -9.990e-29
 217.717598     -1.882   0.576164    12.2529    -1.9882     -1.866     0.3749    -0.2369 -9.990e-29
 217.717604     -1.867   0.575441    12.2171    -1.9881     -1.851     0.3747    -0.2328 -9.990e-29
 217.717610     -1.853   0.573914    12.1882    -1.9882     -1.838     0.3740    -0.2300 -9.990e-29
 217.717616     -1.842   0.572326    12.1741    -1.9880     -1.827     0.3731    -0.2291 -9.990e-29
 217.717622     -1.838   0.571334    12.1719    -1.9886     -1.823     0.3724    -0.2293 -9.990e-29
 217.717627     -1.837   0.571280    12.1767    -1.9895     -1.822     0.3723    -0.2299 -9.990e-29
 217.717633     -1.834   0.572094    12.1845    -1.9898     -1.819     0.3728    -0.2305 -9.990e-29
 217.717639     -1.830   0.573196    12.1897    -1.9901     -1.815     0.3735    -0.2306 -9.990e-29
 217.717645     -1.823   0.574388    12.1896    -1.9900     -1.808     0.3743    -0.2299 -9.990e-29
 217.717650     -1.814   0.575594    12.1881    -1.9898     -1.799     0.3751    -0.2291 -9.990e-29
 217.717656     -1.801   0.576202    12.1876    -1.9893     -1.786     0.3755    -0.2287 -9.990e-29
 217.717662     -1.784   0.575912    12.1871    -1.9886     -1.769     0.3754    -0.2288 -9.990e-29
 217.717668     -1.762   0.574894    12.1841    -1.9888     -1.747     0.3747    -0.2290 -9.990e-29
