data/oxygen options/ONMS/Olympic_Coast_National_Marine_Sanctuary_CTD_Data_2005_2023/raw_data/2016/CAST_CE042_160524faed.cnv
* Sea-Bird SBE19 Data File:
* FileName = C:\2016 Mooring Data\CAST_CE042_160524.hex
* Software Version 1.59
* Temperature SN = 2997
* Conductivity SN = 2997
* System UpLoad Time = May 24 2016 22:37:22
** CAST_CE042_160524
* ds
# nquan = 9                                 
# nvalues = 1196                        
# units = specified
# name 0 = timeJ: Julian Days
# name 1 = prSM: Pressure, Strain Gauge [db]
# name 2 = c0mS/cm: Conductivity [mS/cm]
# name 3 = t090C: Temperature [ITS-90, deg C]
# name 4 = sbeox0ML/L: Oxygen, SBE 43 [ml/l]
# name 5 = depSM: Depth [salt water, m], lat = 47.5
# name 6 = sal00: Salinity, Practical [PSU]
# name 7 = sigma-é00: Density [sigma-theta, kg/m^3]
# name 8 = flag: flag
# span 0 = 145.933113, 145.940029       
# span 1 =     -5.661,     44.665       
# span 2 =   0.010340,  38.296272       
# span 3 =     9.2994,    16.3949       
# span 4 =    -1.8395,    14.5489       
# span 5 =     -5.614,     44.287       
# span 6 =     0.0118,    33.0547       
# span 7 =    -1.1114,    25.5485       
# span 8 = 0.0000e+00, 0.0000e+00       
# interval = seconds: 0.5
# start_time = May 24 2016 22:23:41 [Instrument's time stamp, header]
# bad_flag = -9.990e-29
*END*
[from data line 961]
 145.938675     25.786  35.871463    10.1965     5.3365     25.569    32.5500    25.0070 -9.990e-29
 145.938681     25.669  35.875153    10.2012     5.3459     25.453    32.5495    25.0059 -9.990e-29
 145.938686     25.531  35.877108    10.2083     5.3527     25.316    32.5452    25.0013 0.0000e+00
 145.938692     25.369  35.875509    10.2162     5.3744     25.156    32.5365    24.9932 0.0000e+00
 145.938698     25.185  35.875553    10.2232     5.3704     24.973    32.5304    24.9872 0.0000e+00
 145.938704     24.993  35.879018    10.2291     5.3802     24.783    32.5287    24.9849 0.0000e+00
 145.938709     24.805  35.883853    10.2349     5.3865     24.597    32.5284    24.9837 0.0000e+00
 145.938715     24.624  35.888164    10.2394     5.3819     24.417    32.5288    24.9833 0.0000e+00
 145.938721     24.450  35.889907    10.2417     5.3968     24.245    32.5286    24.9827 0.0000e+00
 145.938727     24.290  35.890331    10.2437     5.3956     24.086    32.5273    24.9813 0.0000e+00
 145.938733     24.150  35.891727    10.2473     5.3955     23.947    32.5255    24.9794 -9.990e-29
 145.938738     24.035  35.894881    10.2525     5.3954     23.833    32.5241    24.9774 -9.990e-29
 145.938744     23.941  35.898999    10.2569     5.3777     23.740    32.5243    24.9768 -9.990e-29
 145.938750     23.858  35.901209    10.2586     5.3845     23.658    32.5250    24.9771 -9.990e-29
 145.938756     23.772  35.900582    10.2586     5.3963     23.572    32.5245    24.9766 -9.990e-29
 145.938762     23.674  35.899684    10.2582     5.4055     23.475    32.5240    24.9763 -9.990e-29
 145.938767     23.557  35.900164    10.2581     5.4207     23.359    32.5246    24.9768 -9.990e-29
 145.938773     23.418  35.901022    10.2584     5.4259     23.221    32.5252    24.9773 0.0000e+00
 145.938779     23.258  35.901205    10.2595     5.4338     23.063    32.5245    24.9765 0.0000e+00
 145.938785     23.073  35.901002    10.2618     5.4576     22.879    32.5223    24.9744 0.0000e+00
 145.938791     22.870  35.901304    10.2647     5.4680     22.678    32.5201    24.9722 0.0000e+00
 145.938796     22.666  35.902558    10.2681     5.4952     22.476    32.5184    24.9703 0.0000e+00
 145.938802     22.477  35.905922    10.2727     5.5228     22.288    32.5178    24.9690 0.0000e+00
 145.938808     22.313  35.912003    10.2775     5.5320     22.126    32.5196    24.9697 0.0000e+00
 145.938814     22.172  35.918311    10.2812     5.5421     21.986    32.5227    24.9714 0.0000e+00
 145.938819     22.045  35.922095    10.2860     5.5554     21.860    32.5223    24.9703 -9.990e-29
 145.938825     21.933  35.926202    10.2970     5.5688     21.749    32.5166    24.9640 -9.990e-29
 145.938831     21.837  35.939515    10.3142     5.6201     21.654    32.5147    24.9596 -9.990e-29
 145.938837     21.746  35.954053    10.3298     5.6903     21.563    32.5154    24.9575 -9.990e-29
 145.938843     21.646  35.955631    10.3413     5.7903     21.464    32.5067    24.9488 -9.990e-29
 145.938848     21.523  35.956485    10.3558     5.9014     21.342    32.4946    24.9369 -9.990e-29
 145.938854     21.373  35.967881    10.3782     5.9706     21.194    32.4861    24.9265 0.0000e+00
 145.938860     21.208  35.986572    10.4084     6.0298     21.030    32.4780    24.9150 0.0000e+00
 145.938866     21.042  36.012873    10.4450     6.0506     20.865    32.4717    24.9039 0.0000e+00
 145.938872     20.891  36.058367    10.4912     6.0551     20.716    32.4762    24.8994 0.0000e+00
 145.938877     20.759  36.119893    10.5419     6.0594     20.585    32.4926    24.9036 -9.990e-29
 145.938883     20.636  36.166920    10.5790     6.0658     20.463    32.5066    24.9081 -9.990e-29
 145.938889     20.520  36.192166    10.5984     6.0714     20.348    32.5146    24.9110 -9.990e-29
 145.938895     20.403  36.209736    10.6101     6.0814     20.232    32.5217    24.9145 -9.990e-29
 145.938900     20.273  36.216773    10.6219     6.0942     20.103    32.5183    24.9098 0.0000e+00
 145.938906     20.130  36.217099    10.6370     6.0954     19.961    32.5052    24.8970 0.0000e+00
 145.938912     19.982  36.224080    10.6526     6.1141     19.814    32.4984    24.8890 0.0000e+00
 145.938918     19.834  36.231943    10.6666     6.1159     19.668    32.4938    24.8830 0.0000e+00
 145.938924     19.688  36.240573    10.6802     6.1094     19.523    32.4904    24.8780 0.0000e+00
 145.938929     19.552  36.255921    10.6930     6.1183     19.388    32.4943    24.8789 0.0000e+00
 145.938935     19.426  36.268803    10.7015     6.1007     19.263    32.4997    24.8816 -9.990e-29
 145.938941     19.307  36.272347    10.7045     6.1079     19.145    32.5006    24.8817 -9.990e-29
 145.938947     19.194  36.271326    10.7060     6.1120     19.033    32.4983    24.8797 -9.990e-29
 145.938953     19.091  36.272827    10.7093     6.0999     18.931    32.4969    24.8780 -9.990e-29
 145.938958     18.998  36.278896    10.7160     6.1006     18.839    32.4970    24.8770 -9.990e-29
 145.938964     18.914  36.287583    10.7237     6.1088     18.755    32.4989    24.8771 -9.990e-29
 145.938970     18.829  36.293704    10.7289     6.1217     18.671    32.5004    24.8773 -9.990e-29
 145.938976     18.730  36.294821    10.7311     6.1514     18.573    32.4996    24.8763 -9.990e-29
 145.938981     18.606  36.293027    10.7318     6.1709     18.450    32.4972    24.8744 -9.990e-29
 145.938987     18.453  36.291016    10.7335     6.1760     18.298    32.4938    24.8714 0.0000e+00
 145.938993     18.278  36.291194    10.7387     6.1864     18.125    32.4894    24.8671 0.0000e+00
 145.938999     18.097  36.294404    10.7469     6.1790     17.945    32.4854    24.8625 0.0000e+00
 145.939005     17.924  36.301607    10.7567     6.1822     17.774    32.4839    24.8597 0.0000e+00
 145.939010     17.772  36.315731    10.7685     6.1809     17.623    32.4875    24.8605 -9.990e-29
 145.939016     17.650  36.333242    10.7798     6.1919     17.502    32.4950    24.8643 -9.990e-29
 145.939022     17.549  36.342796    10.7856     6.2044     17.402    32.4994    24.8667 -9.990e-29
 145.939028     17.455  36.341489    10.7866     6.2204     17.309    32.4972    24.8648 -9.990e-29
 145.939034     17.358  36.337147    10.7870     6.2233     17.212    32.4926    24.8612 -9.990e-29
 145.939039     17.251  36.336913    10.7899     6.2249     17.106    32.4898    24.8585 -9.990e-29
 145.939045     17.132  36.341077    10.7952     6.2222     16.988    32.4893    24.8572 -9.990e-29
 145.939051     17.006  36.346271    10.8006     6.2250     16.863    32.4897    24.8566 -9.990e-29
 145.939057     16.886  36.351621    10.8043     6.2323     16.744    32.4918    24.8575 -9.990e-29
 145.939063     16.782  36.356463    10.8069     6.2383     16.641    32.4944    24.8591 -9.990e-29
 145.939068     16.683  36.360014    10.8091     6.2525     16.543    32.4960    24.8599 -9.990e-29
 145.939074     16.571  36.363128    10.8105     6.2807     16.432    32.4979    24.8612 -9.990e-29
 145.939080     16.437  36.364399    10.8123     6.3143     16.299    32.4976    24.8606 0.0000e+00
 145.939086     16.286  36.364444    10.8169     6.3589     16.149    32.4936    24.8567 0.0000e+00
 145.939091     16.125  36.366729    10.8245     6.3787     15.990    32.4892    24.8520 0.0000e+00
 145.939097     15.963  36.371544    10.8336     6.4025     15.829    32.4860    24.8479 0.0000e+00
 145.939103     15.804  36.379751    10.8435     6.4039     15.672    32.4854    24.8457 0.0000e+00
 145.939109     15.657  36.394494    10.8572     6.3903     15.526    32.4880    24.8453 0.0000e+00
 145.939115     15.529  36.419788    10.8785     6.3925     15.399    32.4942    24.8465 -9.990e-29
 145.939120     15.420  36.450744    10.9030     6.3911     15.291    32.5033    24.8492 -9.990e-29
 145.939126     15.319  36.469852    10.9197     6.4062     15.191    32.5074    24.8495 -9.990e-29
 145.939132     15.216  36.472378    10.9259     6.4391     15.088    32.5045    24.8461 -9.990e-29
 145.939138     15.108  36.471824    10.9304     6.4581     14.981    32.5000    24.8418 -9.990e-29
 145.939144     14.997  36.478704    10.9396     6.4823     14.871    32.4987    24.8392 -9.990e-29
 145.939149     14.880  36.489350    10.9520     6.5012     14.755    32.4983    24.8367 -9.990e-29
 145.939155     14.750  36.495027    10.9691     6.5019     14.626    32.4889    24.8264 0.0000e+00
 145.939161     14.606  36.500549    10.9940     6.5246     14.484    32.4723    24.8091 0.0000e+00
 145.939167     14.462  36.515004    11.0260     6.5273     14.341    32.4584    24.7926 0.0000e+00
 145.939172     14.326  36.543707    11.0634     6.5346     14.206    32.4538    24.7824 0.0000e+00
 145.939178     14.192  36.579029    11.0976     6.5545     14.073    32.4585    24.7801 0.0000e+00
 145.939184     14.057  36.598079    11.1190     6.5591     13.939    32.4585    24.7762 0.0000e+00
 145.939190     13.920  36.603335    11.1306     6.5688     13.803    32.4535    24.7703 0.0000e+00
 145.939196     13.782  36.611381    11.1401     6.5617     13.667    32.4531    24.7683 0.0000e+00
 145.939201     13.646  36.620663    11.1525     6.5561     13.532    32.4514    24.7647 0.0000e+00
 145.939207     13.517  36.629596    11.1687     6.5647     13.404    32.4459    24.7576 -9.990e-29
 145.939213     13.395  36.641733    11.1879     6.5794     13.283    32.4410    24.7504 -9.990e-29
 145.939219     13.281  36.660416    11.2121     6.5849     13.170    32.4381    24.7439 -9.990e-29
 145.939225     13.172  36.686506    11.2414     6.5923     13.062    32.4380    24.7386 -9.990e-29
 145.939230     13.060  36.709451    11.2661     6.5853     12.951    32.4389    24.7348 -9.990e-29
 145.939236     12.939  36.713945    11.2799     6.5913     12.831    32.4312    24.7264 -9.990e-29
 145.939242     12.806  36.707151    11.2924     6.6031     12.699    32.4136    24.7104 0.0000e+00
 145.939248     12.664  36.708074    11.3111     6.6164     12.558    32.3982    24.6951 0.0000e+00
 145.939253     12.523  36.718552    11.3298     6.6481     12.418    32.3921    24.6870 0.0000e+00
 145.939259     12.384  36.731309    11.3410     6.6703     12.280    32.3948    24.6871 0.0000e+00
 145.939265     12.245  36.738750    11.3493     6.6893     12.142    32.3949    24.6857 0.0000e+00
 145.939271     12.101  36.741877    11.3671     6.7039     12.000    32.3824    24.6728 0.0000e+00
 145.939277     11.955  36.748828    11.3948     6.7072     11.855    32.3650    24.6543 0.0000e+00
 145.939282     11.815  36.762191    11.4238     6.7042     11.716    32.3528    24.6395 0.0000e+00
 145.939288     11.689  36.781341    11.4500     6.7152     11.591    32.3486    24.6316 -9.990e-29
 145.939294     11.578  36.802725    11.4703     6.7086     11.481    32.3518    24.6304 -9.990e-29
 145.939300     11.470  36.817361    11.4808     6.7082     11.374    32.3570    24.6325 -9.990e-29
 145.939306     11.355  36.821280    11.4822     6.7149     11.260    32.3596    24.6343 -9.990e-29
 145.939311     11.229  36.819753    11.4814     6.7233     11.135    32.3589    24.6339 0.0000e+00
 145.939317     11.093  36.817515    11.4854     6.7523     11.000    32.3533    24.6288 0.0000e+00
 145.939323     10.947  36.816107    11.4942     6.7858     10.855    32.3443    24.6202 0.0000e+00
 145.939329     10.794  36.817058    11.5058     6.8112     10.704    32.3351    24.6110 0.0000e+00
 145.939334     10.642  36.823361    11.5198     6.8457     10.553    32.3291    24.6038 0.0000e+00
 145.939340     10.498  36.835623    11.5362     6.8758     10.410    32.3268    24.5990 0.0000e+00
 145.939346     10.361  36.848390    11.5561     6.8933     10.274    32.3220    24.5916 0.0000e+00
 145.939352     10.224  36.858558    11.5801     6.9184     10.138    32.3110    24.5787 0.0000e+00
 145.939358     10.085  36.868524    11.6043     6.9123     10.001    32.2997    24.5655 0.0000e+00
 145.939363      9.953  36.880978    11.6272     6.9061      9.870    32.2919    24.5553 -9.990e-29
 145.939369      9.832  36.899685    11.6515     6.8954      9.750    32.2890    24.5487 -9.990e-29
 145.939375      9.719  36.919940    11.6776     6.9088      9.638    32.2860    24.5416 -9.990e-29
 145.939381      9.611  36.936296    11.7057     6.9675      9.531    32.2776    24.5299 -9.990e-29
 145.939387      9.510  36.951559    11.7345     6.9991      9.430    32.2674    24.5167 -9.990e-29
 145.939392      9.409  36.963334    11.7590     7.0143      9.330    32.2576    24.5046 -9.990e-29
 145.939398      9.289  36.971659    11.7793     7.0065      9.211    32.2481    24.4935 -9.990e-29
 145.939404      9.138  36.983916    11.8050     6.9817      9.062    32.2378    24.4808 0.0000e+00
 145.939410      8.969  37.008057    11.8446     6.9761      8.894    32.2269    24.4650 0.0000e+00
 145.939416      8.799  37.054049    11.9144     6.9702      8.725    32.2111    24.4399 0.0000e+00
 145.939421      8.644  37.147919    12.0302     6.9722      8.572    32.2017    24.4112 0.0000e+00
 145.939427      8.511  37.277541    12.1566     6.9729      8.440    32.2176    24.3999 -9.990e-29
 145.939433      8.393  37.374792    12.2424     6.9633      8.323    32.2372    24.3989 -9.990e-29
 145.939439      8.276  37.418621    12.2881     6.9542      8.207    32.2399    24.3925 -9.990e-29
 145.939444      8.149  37.428264    12.3150     6.9519      8.081    32.2261    24.3767 0.0000e+00
 145.939450      8.005  37.422195    12.3377     6.9483      7.938    32.2008    24.3528 0.0000e+00
 145.939456      7.851  37.420909    12.3635     6.9482      7.785    32.1775    24.3298 0.0000e+00
 145.939462      7.699  37.431661    12.3891     6.9592      7.635    32.1659    24.3160 0.0000e+00
 145.939468      7.556  37.451418    12.4082     6.9513      7.493    32.1685    24.3143 0.0000e+00
 145.939473      7.421  37.468422    12.4170     6.9550      7.359    32.1772    24.3195 0.0000e+00
 145.939479      7.291  37.473966    12.4179     6.9521      7.230    32.1818    24.3228 0.0000e+00
 145.939485      7.161  37.470401    12.4166     6.9398      7.101    32.1796    24.3213 0.0000e+00
 145.939491      7.024  37.466427    12.4180     6.9601      6.965    32.1746    24.3172 0.0000e+00
 145.939497      6.882  37.468515    12.4247     6.9744      6.824    32.1709    24.3131 0.0000e+00
 145.939502      6.745  37.476645    12.4347     6.9853      6.689    32.1702    24.3106 0.0000e+00
 145.939508      6.608  37.485969    12.4427     6.9974      6.553    32.1723    24.3107 0.0000e+00
 145.939514      6.462  37.489304    12.4480     6.9878      6.408    32.1710    24.3087 0.0000e+00
 145.939520      6.302  37.488857    12.4538     6.9861      6.249    32.1657    24.3035 0.0000e+00
 145.939525      6.135  37.491318    12.4607     6.9866      6.084    32.1622    24.2995 0.0000e+00
 145.939531      5.977  37.496609    12.4681     6.9815      5.927    32.1610    24.2971 0.0000e+00
 145.939537      5.833  37.504501    12.4749     6.9868      5.784    32.1627    24.2972 0.0000e+00
 145.939543      5.700  37.512632    12.4785     6.9903      5.652    32.1675    24.3002 0.0000e+00
 145.939549      5.564  37.515032    12.4790     6.9822      5.517    32.1694    24.3015 0.0000e+00
 145.939554      5.413  37.512660    12.4789     6.9713      5.368    32.1673    24.2999 0.0000e+00
 145.939560      5.241  37.511320    12.4803     6.9569      5.197    32.1649    24.2978 0.0000e+00
 145.939566      5.055  37.512588    12.4835     6.9463      5.013    32.1634    24.2960 0.0000e+00
 145.939572      4.877  37.515913    12.4889     6.9620      4.836    32.1620    24.2939 0.0000e+00
 145.939578      4.725  37.523491    12.4966     6.9677      4.686    32.1627    24.2930 0.0000e+00
 145.939583      4.598  37.534219    12.5040     6.9692      4.560    32.1667    24.2947 -9.990e-29
 145.939589      4.489  37.541668    12.5088     6.9662      4.451    32.1697    24.2961 -9.990e-29
