data/oxygen options/ONMS/Olympic_Coast_National_Marine_Sanctuary_CTD_Data_2005_2023/raw_data/2016/CAST_MB042_161011faed.cnv
* Sea-Bird SBE19 Data File:
* FileName = C:\2016 Mooring Data\Casts\Data\CAST_MB042_161011.hex
* Software Version 1.59
* Temperature SN = 2997
* Conductivity SN = 2997
* System UpLoad Time = Oct 11 2016 19:17:48
** CAST_MB042_161011
* ds
# nquan = 9                                 
# nvalues = 1563                        
# units = specified
# name 0 = timeJ: Julian Days
# name 1 = prSM: Pressure, Strain Gauge [db]
# name 2 = c0mS/cm: Conductivity [mS/cm]
# name 3 = t090C: Temperature [ITS-90, deg C]
# name 4 = sbeox0ML/L: Oxygen, SBE 43 [ml/l]
# name 5 = depSM: Depth [salt water, m], lat = 47.5
# name 6 = sal00: Salinity, Practical [PSU]
# name 7 = sigma-é00: Density [sigma-theta, kg/m^3]
# name 8 = flag: flag
# span 0 = 285.770787, 285.779826       
# span 1 =     -5.053,     44.288       
# span 2 =   0.018974,  36.877916       
# span 3 =     8.7141,    13.2915       
# span 4 =    -2.1646,    13.1725       
# span 5 =     -5.011,     43.914       
# span 6 =     0.0150,    33.1659       
# span 7 =    -0.4462,    25.6248       
# span 8 = 0.0000e+00, 0.0000e+00       
# interval = seconds: 0.5
# start_time = Oct 11 2016 18:29:56 [Instrument's time stamp, header]
# bad_flag = -9.990e-29
*END*
[from data line 161]
 285.771719     -1.737   0.020243     9.5357    -2.1175     -1.723     0.0157    -0.2462 -9.990e-29
 285.771725     -1.714   0.020447     9.5393    -2.1165     -1.700     0.0158    -0.2464 -9.990e-29
 285.771730     -1.695   0.020186     9.5421    -2.1154     -1.681     0.0157    -0.2468 -9.990e-29
 285.771736     -1.682   0.019670     9.5446    -2.1150     -1.668     0.0154    -0.2473 -9.990e-29
 285.771742     -1.674   0.019322     9.5490    -2.1146     -1.660     0.0151    -0.2478 -9.990e-29
 285.771748     -1.667   0.019238     9.5577    -2.1140     -1.653     0.0151    -0.2485 -9.990e-29
 285.771753     -1.657   0.019306     9.5699    -2.1136     -1.643     0.0151    -0.2495 -9.990e-29
 285.771759     -1.646   0.019621     9.5829    -2.1136     -1.632     0.0153    -0.2504 -9.990e-29
 285.771765     -1.638   0.020051     9.5970    -2.1137     -1.624     0.0156    -0.2514 -9.990e-29
 285.771771     -1.633   0.020060     9.6135    -2.1134     -1.619     0.0156    -0.2527 -9.990e-29
 285.771777     -1.630   0.019663     9.6311    -2.1132     -1.616     0.0154    -0.2544 -9.990e-29
 285.771782     -1.630   0.019445     9.6470    -2.1128     -1.616     0.0152    -0.2558 -9.990e-29
 285.771788     -1.627   0.019671     9.6593    -2.1124     -1.613     0.0154    -0.2567 -9.990e-29
 285.771794     -1.618   0.020092     9.6690    -2.1116     -1.605     0.0156    -0.2573 -9.990e-29
 285.771800     -1.606   0.020160     9.6777    -2.1112     -1.593     0.0157    -0.2580 -9.990e-29
 285.771806     -1.595   0.019969     9.6841    -2.1113     -1.582     0.0156    -0.2587 -9.990e-29
 285.771811     -1.584   0.019822     9.6873    -2.1113     -1.571     0.0155    -0.2590 -9.990e-29
 285.771817     -1.572   0.019525     9.6898    -2.1121     -1.559     0.0153    -0.2594 -9.990e-29
 285.771823     -1.558   0.019239     9.6937    -2.1124     -1.545     0.0151    -0.2598 -9.990e-29
 285.771829     -1.546   0.019143     9.6990    -2.1127     -1.533     0.0151    -0.2603 -9.990e-29
 285.771834     -1.540   0.019109     9.7060    -2.1128     -1.527     0.0150    -0.2609 -9.990e-29
 285.771840     -1.535   0.019097     9.7146    -2.1121     -1.522     0.0150    -0.2616 -9.990e-29
 285.771846     -1.526   0.019091     9.7234    -2.1114     -1.513     0.0150    -0.2624 -9.990e-29
 285.771852     -1.513   0.019088     9.7294    -2.1106     -1.500     0.0150    -0.2629 -9.990e-29
 285.771858     -1.494   0.019086     9.7308    -2.1102     -1.482     0.0150    -0.2630 -9.990e-29
 285.771863     -1.469   0.019084     9.7279    -2.1099     -1.457     0.0150    -0.2628 -9.990e-29
 285.771869     -1.441   0.019082     9.7217    -2.1099     -1.429     0.0150    -0.2623 -9.990e-29
 285.771875     -1.415   0.019080     9.7154    -2.1097     -1.403     0.0150    -0.2617 -9.990e-29
 285.771881     -1.395   0.019078     9.7119    -2.1097     -1.383     0.0150    -0.2614 -9.990e-29
 285.771887     -1.379   0.019076     9.7136    -2.1103     -1.367     0.0150    -0.2616 -9.990e-29
 285.771892     -1.367   0.019075     9.7216    -2.1105     -1.356     0.0150    -0.2622 -9.990e-29
 285.771898     -1.358   0.019073     9.7334    -2.1104     -1.347     0.0150    -0.2632 -9.990e-29
 285.771904     -1.350   0.019071     9.7447    -2.1105     -1.339     0.0150    -0.2642 -9.990e-29
 285.771910     -1.345   0.019069     9.7532    -2.1101     -1.334     0.0150    -0.2649 -9.990e-29
 285.771916     -1.340   0.019067     9.7585    -2.1098     -1.329     0.0150    -0.2654 -9.990e-29
 285.771921     -1.336   0.019065     9.7613    -2.1092     -1.325     0.0150    -0.2656 -9.990e-29
 285.771927     -1.334   0.019063     9.7624    -2.1088     -1.323     0.0150    -0.2657 -9.990e-29
 285.771933     -1.331   0.019061     9.7609    -2.1083     -1.320     0.0150    -0.2656 -9.990e-29
 285.771939     -1.329   0.019059     9.7571    -2.1078     -1.318     0.0150    -0.2653 -9.990e-29
 285.771944     -1.327   0.019057     9.7541    -2.1073     -1.316     0.0150    -0.2650 -9.990e-29
 285.771950     -1.326   0.019055     9.7534    -2.1066     -1.315     0.0150    -0.2649 -9.990e-29
 285.771956     -1.324   0.019053     9.7550    -2.1060     -1.313     0.0150    -0.2651 -9.990e-29
 285.771962     -1.323   0.019051     9.7594    -2.1051     -1.312     0.0150    -0.2655 -9.990e-29
 285.771968     -1.321   0.019050     9.7664    -2.1040     -1.310     0.0150    -0.2660 -9.990e-29
 285.771973     -1.320   0.019048     9.7751    -2.1032     -1.309     0.0150    -0.2668 -9.990e-29
 285.771979     -1.317   0.019046     9.7844    -2.1022     -1.306     0.0150    -0.2676 -9.990e-29
 285.771985     -1.314   0.019044     9.7939    -2.1014     -1.303     0.0150    -0.2684 -9.990e-29
 285.771991     -1.311   0.019042     9.8038    -2.1007     -1.300     0.0150    -0.2692 -9.990e-29
 285.771997     -1.307   0.019040     9.8149    -2.0999     -1.296     0.0150    -0.2702 -9.990e-29
 285.772002     -1.301   0.019038     9.8271    -2.0987     -1.290     0.0150    -0.2712 -9.990e-29
 285.772008     -1.298   0.019036     9.8407    -2.0977     -1.287     0.0150    -0.2724 -9.990e-29
 285.772014     -1.298   0.019034     9.8572    -2.0974     -1.287     0.0150    -0.2738 -9.990e-29
 285.772020     -1.292   0.019032     9.8756    -2.0969     -1.281     0.0150    -0.2754 -9.990e-29
 285.772025     -1.280   0.019030     9.8938    -2.0963     -1.269     0.0150    -0.2770 -9.990e-29
 285.772031     -1.264   0.019028     9.9116    -2.0947     -1.253     0.0150    -0.2785 -9.990e-29
 285.772037     -1.245   0.019026     9.9285    -2.0936     -1.235     0.0150    -0.2800 -9.990e-29
 285.772043     -1.225   0.019024     9.9445    -2.0929     -1.215     0.0150    -0.2814 -9.990e-29
 285.772049     -1.207   0.019023     9.9615    -2.0927     -1.197     0.0150    -0.2829 -9.990e-29
 285.772054     -1.186   0.019021     9.9798    -2.0926     -1.176     0.0150    -0.2845 -9.990e-29
 285.772060     -1.160   0.019019     9.9962    -2.0931     -1.150     0.0150    -0.2859 -9.990e-29
 285.772066     -1.137   0.019017    10.0091    -2.0932     -1.128     0.0150    -0.2871 -9.990e-29
 285.772072     -1.119   0.019015    10.0217    -2.0932     -1.110     0.0150    -0.2882 -9.990e-29
 285.772078     -1.105   0.019013    10.0383    -2.0935     -1.096     0.0150    -0.2896 -9.990e-29
 285.772083     -1.094   0.019011    10.0587    -2.0935     -1.085     0.0150    -0.2915 -9.990e-29
 285.772089     -1.085   0.019009    10.0774    -2.0933     -1.076     0.0150    -0.2931 -9.990e-29
 285.772095     -1.079   0.019007    10.0903    -2.0922     -1.070     0.0150    -0.2943 -9.990e-29
 285.772101     -1.074   0.019005    10.0969    -2.0910     -1.065     0.0150    -0.2949 -9.990e-29
 285.772106     -1.069   0.019003    10.0980    -2.0898     -1.060     0.0150    -0.2950 -9.990e-29
 285.772112     -1.066   0.019001    10.0955    -2.0889     -1.057     0.0150    -0.2947 -9.990e-29
 285.772118     -1.063   0.018999    10.0928    -2.0879     -1.054     0.0150    -0.2945 -9.990e-29
 285.772124     -1.061   0.018998    10.0909    -2.0878     -1.052     0.0150    -0.2943 -9.990e-29
 285.772130     -1.060   0.018996    10.0896    -2.0884     -1.051     0.0150    -0.2942 -9.990e-29
 285.772135     -1.058   0.018994    10.0914    -2.0897     -1.049     0.0150    -0.2944 -9.990e-29
 285.772141     -1.057   0.018992    10.0997    -2.0900     -1.048     0.0150    -0.2951 -9.990e-29
 285.772147     -1.055   0.018990    10.1153    -2.0903     -1.046     0.0150    -0.2965 -9.990e-29
 285.772153     -1.054   0.018988    10.1352    -2.0906     -1.045     0.0150    -0.2983 -9.990e-29
 285.772159     -1.052   0.018986    10.1555    -2.0899     -1.043     0.0150    -0.3001 -9.990e-29
 285.772164     -1.050   0.018984    10.1734    -2.0889     -1.041     0.0150    -0.3017 -9.990e-29
 285.772170     -1.048   0.018982    10.1856    -2.0874     -1.039     0.0150    -0.3029 -9.990e-29
 285.772176     -1.045   0.018980    10.1880    -2.0862     -1.036     0.0150    -0.3031 -9.990e-29
 285.772182     -1.041   0.018978    10.1801    -2.0856     -1.032     0.0150    -0.3024 -9.990e-29
 285.772187     -1.037   0.018976    10.1677    -2.0848     -1.028     0.0150    -0.3012 -9.990e-29
 285.772193     -1.031   0.018975    10.1582    -2.0852     -1.022     0.0150    -0.3004 -9.990e-29
 285.772199     -1.024   0.018974    10.1534    -2.0860     -1.015     0.0150    -0.2999 -9.990e-29
 285.772205     -1.014   0.018974    10.1545    -2.0868     -1.006     0.0150    -0.3000 -9.990e-29
 285.772211     -1.002   0.018975    10.1645    -2.0876     -0.994     0.0150    -0.3009 -9.990e-29
 285.772216     -0.987   0.018977    10.1825    -2.0885     -0.979     0.0150    -0.3026 -9.990e-29
 285.772222     -0.972   0.018980    10.2043    -2.0896     -0.964     0.0150    -0.3045 -9.990e-29
 285.772228     -0.959   0.018983    10.2241    -2.0908     -0.951     0.0150    -0.3063 -9.990e-29
 285.772234     -0.945   0.018987    10.2387    -2.0915     -0.937     0.0151    -0.3077 -9.990e-29
 285.772240     -0.924   0.018990    10.2461    -2.0925     -0.916     0.0151    -0.3083 -9.990e-29
 285.772245     -0.899   0.018993    10.2436    -2.0931     -0.891     0.0151    -0.3081 -9.990e-29
 285.772251     -0.876   0.018996    10.2330    -2.0931     -0.869     0.0151    -0.3071 -9.990e-29
 285.772257     -0.859   0.019000    10.2185    -2.0935     -0.852     0.0151    -0.3058 -9.990e-29
 285.772263     -0.847   0.019003    10.2020    -2.0941     -0.840     0.0151    -0.3043 -9.990e-29
 285.772269     -0.839   0.019006    10.1839    -2.0944     -0.832     0.0151    -0.3027 -9.990e-29
 285.772274     -0.833   0.019009    10.1642    -2.0943     -0.826     0.0151    -0.3009 -9.990e-29
 285.772280     -0.831   0.019013    10.1446    -2.0940     -0.824     0.0151    -0.2991 -9.990e-29
 285.772286     -0.832   0.019016    10.1269    -2.0940     -0.825     0.0150    -0.2975 -9.990e-29
 285.772292     -0.831   0.019019    10.1119    -2.0937     -0.824     0.0150    -0.2962 -9.990e-29
 285.772297     -0.825   0.019022    10.1009    -2.0933     -0.818     0.0150    -0.2952 -9.990e-29
 285.772303     -0.816   0.019026    10.0934    -2.0924     -0.809     0.0151    -0.2945 -9.990e-29
 285.772309     -0.810   0.019029    10.0863    -2.0911     -0.803     0.0151    -0.2939 -9.990e-29
 285.772315     -0.804   0.019032    10.0792    -2.0897     -0.797     0.0151    -0.2933 -9.990e-29
 285.772321     -0.800   0.019035    10.0748    -2.0886     -0.793     0.0151    -0.2929 -9.990e-29
 285.772326     -0.797   0.019038    10.0745    -2.0880     -0.790     0.0151    -0.2928 -9.990e-29
 285.772332     -0.795   0.019042    10.0769    -2.0875     -0.788     0.0151    -0.2931 -9.990e-29
 285.772338     -0.793   0.019045    10.0805    -2.0867     -0.786     0.0151    -0.2934 -9.990e-29
 285.772344     -0.791   0.019048    10.0867    -2.0858     -0.784     0.0151    -0.2939 -9.990e-29
 285.772350     -0.789   0.019051    10.0976    -2.0850     -0.782     0.0151    -0.2949 -9.990e-29
 285.772355     -0.788   0.019055    10.1142    -2.0844     -0.781     0.0151    -0.2964 -9.990e-29
 285.772361     -0.787   0.019058    10.1358    -2.0841     -0.780     0.0151    -0.2983 -9.990e-29
 285.772367     -0.785   0.019061    10.1587    -2.0842     -0.778     0.0151    -0.3004 -9.990e-29
 285.772373     -0.784   0.019064    10.1787    -2.0841     -0.777     0.0151    -0.3022 -9.990e-29
 285.772378     -0.782   0.019068    10.1947    -2.0839     -0.775     0.0151    -0.3036 -9.990e-29
 285.772384     -0.781   0.019071    10.2088    -2.0836     -0.774     0.0151    -0.3049 -9.990e-29
 285.772390     -0.778   0.019074    10.2237    -2.0830     -0.772     0.0151    -0.3063 -9.990e-29
 285.772396     -0.775   0.019077    10.2392    -2.0823     -0.769     0.0151    -0.3077 -9.990e-29
 285.772402     -0.772   0.019080    10.2532    -2.0816     -0.766     0.0151    -0.3090 -9.990e-29
 285.772407     -0.767   0.019084    10.2638    -2.0805     -0.761     0.0151    -0.3099 -9.990e-29
 285.772413     -0.762   0.019087    10.2701    -2.0793     -0.756     0.0151    -0.3105 -9.990e-29
 285.772419     -0.754   0.019090    10.2733    -2.0786     -0.748     0.0151    -0.3108 -9.990e-29
 285.772425     -0.749   0.019093    10.2760    -2.0777     -0.743     0.0151    -0.3110 -9.990e-29
 285.772431     -0.750   0.019097    10.2804    -2.0772     -0.744     0.0151    -0.3114 -9.990e-29
 285.772436     -0.753   0.019100    10.2878    -2.0770     -0.747     0.0151    -0.3121 -9.990e-29
 285.772442     -0.754   0.019103    10.2983    -2.0775     -0.748     0.0151    -0.3131 -9.990e-29
 285.772448     -0.753   0.019106    10.3118    -2.0775     -0.747     0.0151    -0.3143 -9.990e-29
 285.772454     -0.749   0.019110    10.3281    -2.0774     -0.743     0.0151    -0.3158 -9.990e-29
 285.772459     -0.743   0.019113    10.3469    -2.0771     -0.737     0.0151    -0.3176 -9.990e-29
 285.772465     -0.734   0.019116    10.3660    -2.0768     -0.728     0.0151    -0.3193 -9.990e-29
 285.772471     -0.722   0.019119    10.3830    -2.0767     -0.716     0.0152    -0.3209 -9.990e-29
 285.772477     -0.711   0.019123    10.3968    -2.0768     -0.705     0.0152    -0.3222 -9.990e-29
 285.772483     -0.702   0.019126    10.4062    -2.0774     -0.696     0.0152    -0.3231 -9.990e-29
 285.772488     -0.693   0.019129    10.4100    -2.0787     -0.687     0.0152    -0.3234 -9.990e-29
 285.772494     -0.678   0.019132    10.4099    -2.0792     -0.672     0.0152    -0.3234 -9.990e-29
 285.772500     -0.660   0.019135    10.4096    -2.0797     -0.654     0.0152    -0.3234 -9.990e-29
 285.772506     -0.647   0.019139    10.4113    -2.0797     -0.642     0.0152    -0.3235 -9.990e-29
 285.772512     -0.642   0.019142    10.4149    -2.0791     -0.637     0.0152    -0.3239 -9.990e-29
 285.772517     -0.640   0.019145    10.4184    -2.0792     -0.635     0.0152    -0.3242 -9.990e-29
 285.772523     -0.638   0.019148    10.4187    -2.0789     -0.633     0.0152    -0.3242 -9.990e-29
 285.772529     -0.639   0.019152    10.4136    -2.0788     -0.634     0.0152    -0.3238 -9.990e-29
 285.772535     -0.644   0.019155    10.4025    -2.0794     -0.639     0.0152    -0.3227 -9.990e-29
 285.772541     -0.644   0.019158    10.3882    -2.0796     -0.639     0.0152    -0.3214 -9.990e-29
 285.772546     -0.639   0.019161    10.3763    -2.0797     -0.634     0.0152    -0.3203 -9.990e-29
 285.772552     -0.633   0.019165    10.3697    -2.0799     -0.628     0.0152    -0.3197 -9.990e-29
 285.772558     -0.625   0.019168    10.3687    -2.0797     -0.620     0.0152    -0.3196 -9.990e-29
 285.772564     -0.621   0.019171    10.3714    -2.0798     -0.616     0.0152    -0.3198 -9.990e-29
 285.772569     -0.618   0.019174    10.3743    -2.0803     -0.613     0.0152    -0.3201 -9.990e-29
 285.772575     -0.614   0.019177    10.3763    -2.0803     -0.609     0.0152    -0.3203 -9.990e-29
 285.772581     -0.606   0.019181    10.3755    -2.0801     -0.601     0.0152    -0.3202 -9.990e-29
 285.772587     -0.596   0.019184    10.3712    -2.0803     -0.591     0.0152    -0.3198 -9.990e-29
 285.772593     -0.587   0.019187    10.3666    -2.0799     -0.582     0.0152    -0.3194 -9.990e-29
 285.772598     -0.582   0.019190    10.3635    -2.0794     -0.577     0.0152    -0.3191 -9.990e-29
 285.772604     -0.577   0.019194    10.3620    -2.0787     -0.572     0.0152    -0.3189 -9.990e-29
 285.772610     -0.567   0.019197    10.3613    -2.0779     -0.562     0.0152    -0.3189 -9.990e-29
 285.772616     -0.556   0.019200    10.3590    -2.0772     -0.551     0.0152    -0.3186 -9.990e-29
 285.772622     -0.547   0.019203    10.3554    -2.0766     -0.542     0.0152    -0.3183 -9.990e-29
 285.772627     -0.540   0.019207    10.3538    -2.0761     -0.535     0.0152    -0.3182 -9.990e-29
 285.772633     -0.535   0.019211    10.3544    -2.0753     -0.531     0.0152    -0.3182 -9.990e-29
