data/oxygen options/ONMS/Olympic_Coast_National_Marine_Sanctuary_CTD_Data_2005_2023/raw_data/2016/CAST_MB015_160523faed.cnv
* Sea-Bird SBE19 Data File:
* FileName = C:\2016 Mooring Data\CAST_MB015_160523.hex
* Software Version 1.59
* Temperature SN = 2997
* Conductivity SN = 2997
* System UpLoad Time = May 23 2016 21:39:59
** CAST_MB015_160523
* ds
# nquan = 9                                 
# nvalues = 919                         
# units = specified
# name 0 = timeJ: Julian Days
# name 1 = prSM: Pressure, Strain Gauge [db]
# name 2 = c0mS/cm: Conductivity [mS/cm]
# name 3 = t090C: Temperature [ITS-90, deg C]
# name 4 = sbeox0ML/L: Oxygen, SBE 43 [ml/l]
# name 5 = depSM: Depth [salt water, m], lat = 47.5
# name 6 = sal00: Salinity, Practical [PSU]
# name 7 = sigma-é00: Density [sigma-theta, kg/m^3]
# name 8 = flag: flag
# span 0 = 144.886296, 144.891609       
# span 1 =     -5.788,     15.925       
# span 2 =   0.456521,  38.125700       
# span 3 =    10.3338,    16.8106       
# span 4 =    -1.8455,    18.0131       
# span 5 =     -5.740,     15.791       
# span 6 =     0.2690,    32.5684       
# span 7 =    -0.9721,    24.9950       
# span 8 = 0.0000e+00, 0.0000e+00       
# interval = seconds: 0.5
# start_time = May 23 2016 21:16:16 [Instrument's time stamp, header]
# bad_flag = -9.990e-29
*END*
[from data line 161]
 144.887228     -2.230   0.500077    16.1460    -1.8223     -2.211     0.2941    -0.8522 -9.990e-29
 144.887234     -2.216   0.501318    16.1575    -1.8223     -2.198     0.2948    -0.8536 -9.990e-29
 144.887240     -2.207   0.501230    16.1670    -1.8223     -2.189     0.2947    -0.8552 -9.990e-29
 144.887245     -2.198   0.500253    16.1746    -1.8222     -2.180     0.2940    -0.8570 -9.990e-29
 144.887251     -2.185   0.499302    16.1804    -1.8219     -2.167     0.2934    -0.8584 -9.990e-29
 144.887257     -2.171   0.498774    16.1858    -1.8213     -2.153     0.2930    -0.8596 -9.990e-29
 144.887263     -2.159   0.498521    16.1939    -1.8210     -2.141     0.2928    -0.8611 -9.990e-29
 144.887269     -2.149   0.498204    16.2058    -1.8204     -2.131     0.2926    -0.8633 -9.990e-29
 144.887274     -2.140   0.497957    16.2186    -1.8195     -2.122     0.2923    -0.8656 -9.990e-29
 144.887280     -2.132   0.498003    16.2285    -1.8190     -2.114     0.2923    -0.8672 -9.990e-29
 144.887286     -2.124   0.497849    16.2338    -1.8189     -2.106     0.2922    -0.8682 -9.990e-29
 144.887292     -2.115   0.497289    16.2371    -1.8192     -2.097     0.2918    -0.8690 -9.990e-29
 144.887297     -2.104   0.496687    16.2421    -1.8194     -2.086     0.2914    -0.8702 -9.990e-29
 144.887303     -2.092   0.496352    16.2502    -1.8194     -2.075     0.2911    -0.8717 -9.990e-29
 144.887309     -2.082   0.496390    16.2608    -1.8190     -2.065     0.2911    -0.8735 -9.990e-29
 144.887315     -2.077   0.496298    16.2733    -1.8187     -2.060     0.2909    -0.8757 -9.990e-29
 144.887321     -2.072   0.495952    16.2885    -1.8186     -2.055     0.2906    -0.8785 -9.990e-29
 144.887326     -2.064   0.495999    16.3043    -1.8182     -2.047     0.2906    -0.8812 -9.990e-29
 144.887332     -2.052   0.496503    16.3158    -1.8184     -2.035     0.2908    -0.8829 -9.990e-29
 144.887338     -2.034   0.496471    16.3199    -1.8183     -2.017     0.2907    -0.8836 -9.990e-29
 144.887344     -2.014   0.495302    16.3187    -1.8192     -1.997     0.2900    -0.8840 -9.990e-29
 144.887350     -1.995   0.494214    16.3172    -1.8202     -1.978     0.2894    -0.8842 -9.990e-29
 144.887355     -1.976   0.494532    16.3191    -1.8210     -1.960     0.2896    -0.8844 -9.990e-29
 144.887361     -1.960   0.495568    16.3243    -1.8214     -1.944     0.2902    -0.8848 -9.990e-29
 144.887367     -1.950   0.495928    16.3304    -1.8223     -1.934     0.2903    -0.8857 -9.990e-29
 144.887373     -1.941   0.495536    16.3354    -1.8235     -1.925     0.2901    -0.8867 -9.990e-29
 144.887378     -1.929   0.495534    16.3381    -1.8240     -1.913     0.2900    -0.8872 -9.990e-29
 144.887384     -1.916   0.497029    16.3366    -1.8239     -1.900     0.2909    -0.8863 -9.990e-29
 144.887390     -1.907   0.499793    16.3293    -1.8239     -1.891     0.2927    -0.8837 -9.990e-29
 144.887396     -1.901   0.501959    16.3143    -1.8236     -1.885     0.2941    -0.8801 -9.990e-29
 144.887402     -1.897   0.501972    16.2944    -1.8238     -1.881     0.2942    -0.8767 -9.990e-29
 144.887407     -1.895   0.500405    16.2746    -1.8242     -1.879     0.2934    -0.8740 -9.990e-29
 144.887413     -1.894   0.498501    16.2552    -1.8237     -1.878     0.2924    -0.8716 -9.990e-29
 144.887419     -1.896   0.497052    16.2336    -1.8227     -1.880     0.2917    -0.8686 -9.990e-29
 144.887425     -1.900   0.496899    16.2131    -1.8229     -1.884     0.2917    -0.8651 -9.990e-29
 144.887431     -1.898   0.497841    16.2008    -1.8228     -1.882     0.2924    -0.8626 -9.990e-29
 144.887436     -1.880   0.498356    16.1968    -1.8218     -1.864     0.2927    -0.8617 -9.990e-29
 144.887442     -1.860   0.497465    16.1964    -1.8209     -1.844     0.2922    -0.8620 -9.990e-29
 144.887448     -1.848   0.495644    16.1967    -1.8212     -1.833     0.2911    -0.8629 -9.990e-29
 144.887454     -1.839   0.494352    16.1957    -1.8208     -1.824     0.2903    -0.8633 -9.990e-29
 144.887459     -1.829   0.494641    16.1969    -1.8203     -1.814     0.2905    -0.8634 -9.990e-29
 144.887465     -1.816   0.495786    16.2050    -1.8203     -1.801     0.2911    -0.8643 -9.990e-29
 144.887471     -1.804   0.496539    16.2156    -1.8202     -1.789     0.2915    -0.8657 -9.990e-29
 144.887477     -1.798   0.496792    16.2236    -1.8200     -1.783     0.2916    -0.8670 -9.990e-29
 144.887483     -1.791   0.496882    16.2336    -1.8202     -1.776     0.2916    -0.8686 -9.990e-29
 144.887488     -1.784   0.496929    16.2485    -1.8201     -1.769     0.2915    -0.8712 -9.990e-29
 144.887494     -1.781   0.496994    16.2619    -1.8205     -1.766     0.2914    -0.8734 -9.990e-29
 144.887500     -1.776   0.497162    16.2701    -1.8213     -1.761     0.2915    -0.8748 -9.990e-29
 144.887506     -1.770   0.497102    16.2775    -1.8215     -1.755     0.2914    -0.8761 -9.990e-29
 144.887512     -1.767   0.496181    16.2853    -1.8218     -1.752     0.2908    -0.8778 -9.990e-29
 144.887517     -1.762   0.494833    16.2905    -1.8222     -1.747     0.2899    -0.8793 -9.990e-29
 144.887523     -1.754   0.494037    16.2932    -1.8219     -1.739     0.2894    -0.8802 -9.990e-29
 144.887529     -1.753   0.493844    16.2940    -1.8215     -1.738     0.2893    -0.8804 -9.990e-29
 144.887535     -1.753   0.493994    16.2929    -1.8212     -1.738     0.2894    -0.8801 -9.990e-29
 144.887541     -1.742   0.494686    16.2890    -1.8214     -1.727     0.2899    -0.8791 -9.990e-29
 144.887546     -1.722   0.496289    16.2802    -1.8208     -1.708     0.2909    -0.8769 -9.990e-29
 144.887552     -1.703   0.498718    16.2687    -1.8203     -1.689     0.2924    -0.8738 -9.990e-29
 144.887558     -1.682   0.501325    16.2592    -1.8204     -1.668     0.2941    -0.8709 -9.990e-29
 144.887564     -1.662   0.503143    16.2524    -1.8205     -1.648     0.2952    -0.8689 -9.990e-29
 144.887569     -1.646   0.503265    16.2492    -1.8203     -1.632     0.2953    -0.8683 -9.990e-29
 144.887575     -1.633   0.501853    16.2515    -1.8205     -1.619     0.2944    -0.8694 -9.990e-29
 144.887581     -1.623   0.500356    16.2572    -1.8210     -1.609     0.2935    -0.8711 -9.990e-29
 144.887587     -1.614   0.500108    16.2629    -1.8214     -1.601     0.2933    -0.8721 -9.990e-29
 144.887593     -1.607   0.500778    16.2688    -1.8216     -1.594     0.2937    -0.8728 -9.990e-29
 144.887598     -1.601   0.501037    16.2769    -1.8215     -1.588     0.2938    -0.8741 -9.990e-29
 144.887604     -1.595   0.500677    16.2841    -1.8218     -1.582     0.2935    -0.8755 -9.990e-29
 144.887610     -1.589   0.500325    16.2869    -1.8219     -1.576     0.2933    -0.8762 -9.990e-29
 144.887616     -1.582   0.500068    16.2870    -1.8216     -1.569     0.2931    -0.8763 -9.990e-29
 144.887622     -1.575   0.500117    16.2854    -1.8213     -1.562     0.2932    -0.8760 -9.990e-29
 144.887627     -1.566   0.501095    16.2805    -1.8205     -1.553     0.2938    -0.8747 -9.990e-29
 144.887633     -1.556   0.502639    16.2727    -1.8206     -1.543     0.2948    -0.8726 -9.990e-29
 144.887639     -1.547   0.503474    16.2648    -1.8213     -1.534     0.2953    -0.8709 -9.990e-29
 144.887645     -1.544   0.503050    16.2592    -1.8227     -1.531     0.2951    -0.8701 -9.990e-29
 144.887650     -1.542   0.501910    16.2558    -1.8231     -1.529     0.2944    -0.8701 -9.990e-29
 144.887656     -1.537   0.500756    16.2535    -1.8234     -1.524     0.2938    -0.8702 -9.990e-29
 144.887662     -1.528   0.499712    16.2541    -1.8237     -1.515     0.2931    -0.8708 -9.990e-29
 144.887668     -1.514   0.498497    16.2595    -1.8233     -1.501     0.2924    -0.8723 -9.990e-29
 144.887674     -1.496   0.497157    16.2679    -1.8228     -1.484     0.2915    -0.8744 -9.990e-29
 144.887679     -1.475   0.496124    16.2743    -1.8224     -1.463     0.2908    -0.8760 -9.990e-29
 144.887685     -1.460   0.495687    16.2715    -1.8220     -1.448     0.2906    -0.8757 -9.990e-29
 144.887691     -1.454   0.495817    16.2571    -1.8216     -1.442     0.2908    -0.8731 -9.990e-29
 144.887697     -1.451   0.496135    16.2380    -1.8216     -1.439     0.2911    -0.8697 -9.990e-29
 144.887703     -1.443   0.495951    16.2234    -1.8218     -1.431     0.2911    -0.8673 -9.990e-29
 144.887708     -1.430   0.495021    16.2148    -1.8216     -1.418     0.2906    -0.8663 -9.990e-29
 144.887714     -1.420   0.493769    16.2122    -1.8211     -1.408     0.2898    -0.8664 -9.990e-29
 144.887720     -1.411   0.492748    16.2170    -1.8206     -1.399     0.2892    -0.8677 -9.990e-29
 144.887726     -1.399   0.492817    16.2265    -1.8203     -1.387     0.2892    -0.8693 -9.990e-29
 144.887731     -1.387   0.494067    16.2368    -1.8205     -1.375     0.2898    -0.8705 -9.990e-29
 144.887737     -1.379   0.494834    16.2466    -1.8209     -1.367     0.2902    -0.8718 -9.990e-29
 144.887743     -1.375   0.493919    16.2541    -1.8208     -1.364     0.2896    -0.8735 -9.990e-29
 144.887749     -1.374   0.491768    16.2577    -1.8214     -1.363     0.2883    -0.8751 -9.990e-29
 144.887755     -1.371   0.489402    16.2600    -1.8222     -1.360     0.2869    -0.8766 -9.990e-29
 144.887760     -1.363   0.487551    16.2652    -1.8221     -1.352     0.2857    -0.8784 -9.990e-29
 144.887766     -1.353   0.486524    16.2737    -1.8219     -1.342     0.2851    -0.8803 -9.990e-29
 144.887772     -1.345   0.486617    16.2821    -1.8221     -1.334     0.2850    -0.8817 -9.990e-29
 144.887778     -1.339   0.487400    16.2864    -1.8229     -1.328     0.2855    -0.8821 -9.990e-29
 144.887784     -1.333   0.487697    16.2851    -1.8235     -1.322     0.2857    -0.8817 -9.990e-29
 144.887789     -1.328   0.487348    16.2804    -1.8237     -1.317     0.2855    -0.8811 -9.990e-29
 144.887795     -1.323   0.486998    16.2740    -1.8239     -1.312     0.2853    -0.8801 -9.990e-29
 144.887801     -1.318   0.486736    16.2644    -1.8239     -1.307     0.2852    -0.8786 -9.990e-29
 144.887807     -1.312   0.486213    16.2545    -1.8238     -1.301     0.2850    -0.8772 -9.990e-29
 144.887813     -1.306   0.485287    16.2494    -1.8241     -1.295     0.2845    -0.8767 -9.990e-29
 144.887818     -1.298   0.484389    16.2466    -1.8241     -1.287     0.2839    -0.8767 -9.990e-29
 144.887824     -1.288   0.483986    16.2397    -1.8234     -1.277     0.2838    -0.8757 -9.990e-29
 144.887830     -1.277   0.484099    16.2277    -1.8226     -1.266     0.2839    -0.8736 -9.990e-29
 144.887836     -1.266   0.484321    16.2158    -1.8228     -1.255     0.2841    -0.8714 -9.990e-29
 144.887841     -1.260   0.483840    16.2079    -1.8231     -1.249     0.2839    -0.8703 -9.990e-29
 144.887847     -1.255   0.482568    16.2032    -1.8234     -1.245     0.2831    -0.8701 -9.990e-29
 144.887853     -1.249   0.481586    16.2011    -1.8234     -1.239     0.2826    -0.8702 -9.990e-29
 144.887859     -1.247   0.481805    16.2006    -1.8242     -1.237     0.2827    -0.8700 -9.990e-29
 144.887865     -1.244   0.482964    16.2005    -1.8245     -1.234     0.2834    -0.8694 -9.990e-29
 144.887870     -1.240   0.483830    16.2039    -1.8242     -1.230     0.2839    -0.8696 -9.990e-29
 144.887876     -1.240   0.483895    16.2129    -1.8236     -1.230     0.2839    -0.8711 -9.990e-29
 144.887882     -1.238   0.483799    16.2215    -1.8231     -1.228     0.2838    -0.8726 -9.990e-29
 144.887888     -1.231   0.483969    16.2235    -1.8228     -1.221     0.2838    -0.8729 -9.990e-29
 144.887894     -1.222   0.484079    16.2198    -1.8226     -1.212     0.2839    -0.8722 -9.990e-29
 144.887899     -1.215   0.483720    16.2142    -1.8227     -1.205     0.2838    -0.8714 -9.990e-29
 144.887905     -1.206   0.482969    16.2075    -1.8226     -1.196     0.2834    -0.8706 -9.990e-29
 144.887911     -1.189   0.481934    16.1997    -1.8220     -1.179     0.2828    -0.8698 -9.990e-29
 144.887917     -1.167   0.480900    16.1955    -1.8213     -1.157     0.2822    -0.8696 -9.990e-29
 144.887922     -1.149   0.480711    16.1990    -1.8208     -1.139     0.2820    -0.8702 -9.990e-29
 144.887928     -1.136   0.482226    16.2081    -1.8203     -1.127     0.2829    -0.8711 -9.990e-29
 144.887934     -1.128   0.484689    16.2185    -1.8198     -1.119     0.2843    -0.8717 -9.990e-29
 144.887940     -1.125   0.485831    16.2271    -1.8197     -1.116     0.2849    -0.8727 -9.990e-29
 144.887946     -1.122   0.484955    16.2328    -1.8200     -1.113     0.2844    -0.8740 -9.990e-29
 144.887951     -1.114   0.483667    16.2367    -1.8202     -1.105     0.2836    -0.8753 -9.990e-29
 144.887957     -1.106   0.483584    16.2429    -1.8200     -1.097     0.2835    -0.8764 -9.990e-29
 144.887963     -1.102   0.484595    16.2542    -1.8200     -1.093     0.2840    -0.8779 -9.990e-29
 144.887969     -1.100   0.485270    16.2682    -1.8200     -1.091     0.2843    -0.8799 -9.990e-29
 144.887975     -1.100   0.484844    16.2818    -1.8207     -1.091     0.2840    -0.8825 -9.990e-29
 144.887980     -1.100   0.483860    16.2940    -1.8217     -1.091     0.2833    -0.8850 -9.990e-29
 144.887986     -1.093   0.483229    16.3031    -1.8220     -1.084     0.2829    -0.8869 -9.990e-29
 144.887992     -1.085   0.483219    16.3070    -1.8218     -1.076     0.2828    -0.8876 -9.990e-29
 144.887998     -1.078   0.483264    16.3061    -1.8208     -1.069     0.2829    -0.8874 -9.990e-29
 144.888003     -1.073   0.482868    16.3041    -1.8201     -1.064     0.2826    -0.8872 -9.990e-29
 144.888009     -1.069   0.482058    16.3030    -1.8194     -1.060     0.2822    -0.8874 -9.990e-29
 144.888015     -1.066   0.481418    16.3011    -1.8189     -1.057     0.2818    -0.8874 -9.990e-29
 144.888021     -1.063   0.481763    16.2949    -1.8184     -1.054     0.2820    -0.8862 -9.990e-29
 144.888027     -1.061   0.482995    16.2826    -1.8182     -1.052     0.2829    -0.8835 -9.990e-29
 144.888032     -1.059   0.483982    16.2691    -1.8182     -1.050     0.2835    -0.8807 -9.990e-29
 144.888038     -1.058   0.483821    16.2630    -1.8181     -1.049     0.2835    -0.8797 -9.990e-29
 144.888044     -1.056   0.482852    16.2687    -1.8179     -1.047     0.2829    -0.8812 -9.990e-29
 144.888050     -1.055   0.482004    16.2840    -1.8176     -1.046     0.2823    -0.8842 -9.990e-29
 144.888056     -1.053   0.481257    16.3021    -1.8176     -1.044     0.2817    -0.8876 -9.990e-29
 144.888061     -1.051   0.480169    16.3189    -1.8179     -1.042     0.2809    -0.8910 -9.990e-29
 144.888067     -1.049   0.478956    16.3332    -1.8182     -1.040     0.2801    -0.8940 -9.990e-29
 144.888073     -1.047   0.478221    16.3437    -1.8181     -1.038     0.2796    -0.8962 -9.990e-29
 144.888079     -1.044   0.478649    16.3502    -1.8180     -1.035     0.2798    -0.8971 -9.990e-29
 144.888084     -1.040   0.480258    16.3543    -1.8178     -1.031     0.2807    -0.8971 -9.990e-29
 144.888090     -1.036   0.481862    16.3580    -1.8179     -1.027     0.2817    -0.8970 -9.990e-29
 144.888096     -1.029   0.482269    16.3622    -1.8182     -1.020     0.2819    -0.8975 -9.990e-29
 144.888102     -1.022   0.481466    16.3653    -1.8184     -1.013     0.2814    -0.8984 -9.990e-29
 144.888108     -1.016   0.480603    16.3646    -1.8183     -1.008     0.2809    -0.8987 -9.990e-29
 144.888113     -1.017   0.481308    16.3605    -1.8183     -1.009     0.2813    -0.8976 -9.990e-29
 144.888119     -1.019   0.483963    16.3573    -1.8183     -1.010     0.2829    -0.8959 -9.990e-29
 144.888125     -1.019   0.486557    16.3573    -1.8182     -1.010     0.2845    -0.8947 -9.990e-29
 144.888131     -1.016   0.486995    16.3589    -1.8184     -1.008     0.2848    -0.8947 -9.990e-29
 144.888137     -1.011   0.485863    16.3599    -1.8185     -1.003     0.2841    -0.8954 -9.990e-29
 144.888142     -1.003   0.484982    16.3582    -1.8185     -0.995     0.2836    -0.8955 -9.990e-29
