data/oxygen options/ONMS/Olympic_Coast_National_Marine_Sanctuary_CTD_Data_2005_2023/raw_data/2016/CAST_CA042_160523faed.cnv
* Sea-Bird SBE19 Data File:
* FileName = C:\2016 Mooring Data\CAST_CA042_160523.hex
* Software Version 1.59
* Temperature SN = 2997
* Conductivity SN = 2997
* System UpLoad Time = May 23 2016 23:41:36
** CAST_CA042_160523
* ds
# nquan = 9                                 
# nvalues = 1470                        
# units = specified
# name 0 = timeJ: Julian Days
# name 1 = prSM: Pressure, Strain Gauge [db]
# name 2 = c0mS/cm: Conductivity [mS/cm]
# name 3 = t090C: Temperature [ITS-90, deg C]
# name 4 = sbeox0ML/L: Oxygen, SBE 43 [ml/l]
# name 5 = depSM: Depth [salt water, m], lat = 47.5
# name 6 = sal00: Salinity, Practical [PSU]
# name 7 = sigma-é00: Density [sigma-theta, kg/m^3]
# name 8 = flag: flag
# span 0 = 144.975868, 144.984369       
# span 1 =     -5.752,     44.068       
# span 2 =   0.286835,  37.531319       
# span 3 =     8.2904,    16.6506       
# span 4 =   -11.6432,    14.2975       
# span 5 =     -5.704,     43.696       
# span 6 =     0.1655,    33.3570       
# span 7 =    -1.0349,    25.9408       
# span 8 = 0.0000e+00, 0.0000e+00       
# interval = seconds: 0.5
# start_time = May 23 2016 23:25:15 [Instrument's time stamp, header]
# bad_flag = -9.990e-29
*END*
[from data line 641]
 144.979578      0.786  37.442708    13.2614    -1.6027      0.779    31.4448    23.5892 -9.990e-29
 144.979583      0.797  37.441489    13.2585    -1.6011      0.790    31.4461    23.5908 -9.990e-29
 144.979589      0.811  37.400722    13.2576    -1.5993      0.804    31.4087    23.5621 -9.990e-29
 144.979595      0.820  37.366372    13.2601    -1.5987      0.813    31.3746    23.5352 -9.990e-29
 144.979601      0.819  37.403607    13.2654    -1.6013      0.812    31.4050    23.5576 -9.990e-29
 144.979606      0.814  37.476371    13.2712    -1.6033      0.807    31.4682    23.6053 -9.990e-29
 144.979612      0.808  37.517537    13.2754    -1.6035      0.801    31.5031    23.6315 -9.990e-29
 144.979618      0.800  37.525426    13.2778    -1.6010      0.793    31.5085    23.6352 -9.990e-29
 144.979624      0.791  37.531319    13.2800    -1.6005      0.784    31.5122    23.6377 -9.990e-29
 144.979630      0.784  37.501072    13.2821    -1.5995      0.777    31.4822    23.6141 -9.990e-29
 144.979635      0.782  37.397185    13.2824    -1.6010      0.775    31.3850    23.5388 -9.990e-29
 144.979641      0.782  37.307535    13.2819    -1.6005      0.775    31.3017    23.4746 -9.990e-29
 144.979647      0.780  37.327211    13.2831    -1.5992      0.773    31.3191    23.4877 -9.990e-29
 144.979653      0.774  37.395065    13.2862    -1.5989      0.768    31.3799    23.5341 -9.990e-29
 144.979659      0.769  37.383077    13.2894    -1.5983      0.763    31.3661    23.5228 -9.990e-29
 144.979664      0.773  37.267446    13.2915    -1.5976      0.767    31.2564    23.4377 -9.990e-29
 144.979670      0.787  37.152322    13.2934    -1.5996      0.780    31.1475    23.3531 -9.990e-29
 144.979676      0.803  37.141964    13.2956    -1.6033      0.796    31.1361    23.3438 -9.990e-29
 144.979682      0.816  37.219226    13.2977    10.9287      0.809    31.2064    23.3977 -9.990e-29
 144.979688      0.830  37.298337    13.2987    14.0957      0.823    31.2793    23.4539 -9.990e-29
 144.979693      0.839  37.330724    13.2976    14.2975      0.832    31.3104    23.4782 -9.990e-29
 144.979699      0.840  37.331022    13.2957    12.0094      0.833    31.3123    23.4800 -9.990e-29
 144.979705      0.838  37.359047    13.2952     7.0538      0.831    31.3388    23.5006 -9.990e-29
 144.979711      0.837  37.423614    13.2964     7.2193      0.830    31.3981    23.5462 -9.990e-29
 144.979716      0.836  37.479728    13.2984     7.4221      0.829    31.4488    23.5850 -9.990e-29
 144.979722      0.836  37.506980    13.3000     7.4527      0.829    31.4729    23.6033 -9.990e-29
 144.979728      0.836  37.467771    13.2992     7.4092      0.829    31.4370    23.5757 -9.990e-29
 144.979734      0.837  37.319373    13.2955     7.3593      0.830    31.3016    23.4718 -9.990e-29
 144.979740      0.839  37.125047    13.2918     7.3042      0.832    31.1234    23.3348 -9.990e-29
 144.979745      0.841  36.994385    13.2907     7.2847      0.834    31.0025    23.2416 -9.990e-29
 144.979751      0.844  36.940884    13.2918     7.2694      0.837    30.9518    23.2021 -9.990e-29
 144.979757      0.849  36.922368    13.2937     7.2579      0.842    30.9330    23.1872 -9.990e-29
 144.979763      0.850  36.915858    13.2953     7.2387      0.843    30.9256    23.1812 -9.990e-29
 144.979769      0.844  36.913259    13.2950     7.2229      0.837    30.9235    23.1796 -9.990e-29
 144.979774      0.836  36.910009    13.2903     7.2110      0.829    30.9243    23.1811 -9.990e-29
 144.979780      0.832  36.902923    13.2810     7.2116      0.825    30.9252    23.1837 -9.990e-29
 144.979786      0.837  36.894343    13.2728     7.2210      0.830    30.9239    23.1843 -9.990e-29
 144.979792      0.846  36.889663    13.2707     7.2251      0.839    30.9212    23.1826 -9.990e-29
 144.979797      0.853  36.890508    13.2745     7.2195      0.846    30.9189    23.1801 -9.990e-29
 144.979803      0.853  36.894667    13.2801     7.2073      0.846    30.9182    23.1785 -9.990e-29
 144.979809      0.850  36.898185    13.2829     7.2081      0.843    30.9192    23.1787 -9.990e-29
 144.979815      0.849  36.898498    13.2826     7.2046      0.842    30.9198    23.1792 -9.990e-29
 144.979821      0.849  36.896611    13.2820     7.2049      0.842    30.9185    23.1783 -9.990e-29
 144.979826      0.851  36.895075    13.2833     7.1902      0.844    30.9160    23.1761 -9.990e-29
 144.979832      0.854  36.895791    13.2859     7.1821      0.847    30.9146    23.1745 -9.990e-29
 144.979838      0.859  36.898618    13.2874     7.1877      0.852    30.9160    23.1753 -9.990e-29
 144.979844      0.865  36.900628    13.2860     7.2048      0.858    30.9190    23.1779 -9.990e-29
 144.979850      0.875  36.898923    13.2833     7.2055      0.868    30.9196    23.1789 -9.990e-29
 144.979855      0.883  36.895739    13.2828     7.1957      0.876    30.9170    23.1770 -9.990e-29
 144.979861      0.882  36.895820    13.2852     7.1887      0.875    30.9152    23.1751 -9.990e-29
 144.979867      0.871  36.898737    13.2879     7.1908      0.864    30.9157    23.1750 -9.990e-29
 144.979873      0.863  36.901121    13.2885     7.1836      0.856    30.9174    23.1762 -9.990e-29
 144.979878      0.866  36.901697    13.2875     7.1962      0.859    30.9188    23.1774 -9.990e-29
 144.979884      0.876  36.901261    13.2874     7.2031      0.869    30.9184    23.1772 -9.990e-29
 144.979890      0.889  36.901498    13.2890     7.2171      0.882    30.9174    23.1761 -9.990e-29
 144.979896      0.905  36.903868    13.2925     7.2287      0.897    30.9167    23.1749 -9.990e-29
 144.979902      0.923  36.906515    13.2970     7.2183      0.915    30.9155    23.1731 -9.990e-29
 144.979907      0.933  36.906271    13.3001     7.2060      0.925    30.9128    23.1703 -9.990e-29
 144.979913      0.934  36.906757    13.3017     7.1977      0.926    30.9119    23.1694 -9.990e-29
 144.979919      0.928  36.910888    13.3030     7.2012      0.920    30.9147    23.1713 -9.990e-29
 144.979925      0.924  36.914675    13.3039     7.2185      0.916    30.9175    23.1733 -9.990e-29
 144.979931      0.923  36.916471    13.3048     7.2299      0.915    30.9185    23.1738 -9.990e-29
 144.979936      0.919  36.917578    13.3062     7.2308      0.911    30.9184    23.1735 -9.990e-29
 144.979942      0.916  36.918936    13.3074     7.2204      0.908    30.9187    23.1735 -9.990e-29
 144.979948      0.919  36.920141    13.3079     7.2062      0.911    30.9194    23.1739 -9.990e-29
 144.979954      0.928  36.918902    13.3066     7.2140      0.920    30.9193    23.1741 -9.990e-29
 144.979959      0.940  36.913034    13.3037     7.2232      0.932    30.9162    23.1722 -9.990e-29
 144.979965      0.945  36.906505    13.3031     7.2157      0.937    30.9106    23.1680 -9.990e-29
 144.979971      0.942  36.907439    13.3064     7.2127      0.934    30.9088    23.1660 -9.990e-29
 144.979977      0.932  36.913744    13.3104     7.2066      0.924    30.9114    23.1672 -9.990e-29
 144.979983      0.925  36.918166    13.3122     7.2066      0.917    30.9140    23.1689 -9.990e-29
 144.979988      0.924  36.918786    13.3107     7.2119      0.916    30.9158    23.1706 -9.990e-29
 144.979994      0.929  36.915337    13.3071     7.2257      0.921    30.9155    23.1711 -9.990e-29
 144.980000      0.937  36.910529    13.3053     7.2279      0.929    30.9125    23.1691 -9.990e-29
 144.980006      0.939  36.909742    13.3074     7.2144      0.931    30.9101    23.1668 -9.990e-29
 144.980012      0.930  36.913071    13.3111     7.2146      0.922    30.9102    23.1662 -9.990e-29
 144.980017      0.916  36.916576    13.3141     7.2105      0.908    30.9110    23.1662 -9.990e-29
 144.980023      0.903  36.918235    13.3152     7.2084      0.895    30.9117    23.1665 -9.990e-29
 144.980029      0.894  36.918045    13.3144     7.2202      0.887    30.9121    23.1671 -9.990e-29
 144.980035      0.890  36.917461    13.3134     7.2101      0.883    30.9124    23.1675 -9.990e-29
 144.980041      0.890  36.917409    13.3133     7.1973      0.883    30.9125    23.1675 -9.990e-29
 144.980046      0.894  36.916727    13.3140     7.1949      0.887    30.9112    23.1664 -9.990e-29
 144.980052      0.898  36.912848    13.3151     7.2074      0.891    30.9067    23.1627 -9.990e-29
 144.980058      0.893  36.907911    13.3163     7.2232      0.886    30.9012    23.1582 -9.990e-29
 144.980064      0.880  36.908051    13.3174     7.2454      0.873    30.9004    23.1574 -9.990e-29
 144.980069      0.870  36.912343    13.3175     7.2387      0.863    30.9043    23.1604 -9.990e-29
 144.980075      0.876  36.914551    13.3163     7.2294      0.869    30.9074    23.1630 -9.990e-29
 144.980081      0.894  36.909756    13.3145     7.2282      0.887    30.9044    23.1610 -9.990e-29
 144.980087      0.907  36.895831    13.3131     7.2258      0.899    30.8925    23.1521 -9.990e-29
 144.980093      0.908  36.886674    13.3130     7.2321      0.900    30.8841    23.1456 -9.990e-29
 144.980098      0.902  36.893577    13.3119     7.2288      0.894    30.8914    23.1515 -9.990e-29
 144.980104      0.896  36.902750    13.3071     7.2248      0.889    30.9038    23.1621 -9.990e-29
 144.980110      0.894  36.905669    13.2986     7.2086      0.887    30.9135    23.1712 -9.990e-29
 144.980116      0.897  36.903401    13.2897     7.2168      0.890    30.9186    23.1769 -9.990e-29
 144.980122      0.904  36.897375    13.2860     7.2324      0.896    30.9160    23.1756 -9.990e-29
 144.980127      0.911  36.895774    13.2902     7.2397      0.903    30.9111    23.1710 -9.990e-29
 144.980133      0.915  36.900919    13.2976     7.2325      0.907    30.9098    23.1686 -9.990e-29
 144.980139      0.921  36.904514    13.3007     7.2213      0.913    30.9107    23.1686 -9.990e-29
 144.980145      0.929  36.901243    13.2987     7.2166      0.921    30.9092    23.1679 -9.990e-29
 144.980150      0.930  36.890643    13.2982     7.2371      0.922    30.8998    23.1607 -9.990e-29
 144.980156      0.924  36.883204    13.3022     7.2527      0.916    30.8896    23.1520 -9.990e-29
 144.980162      0.921  36.889149    13.3038     7.2324      0.913    30.8938    23.1550 -9.990e-29
 144.980168      0.924  36.898452    13.2914     7.2175      0.916    30.9126    23.1719 -9.990e-29
 144.980174      0.933  36.892677    13.2661     7.2087      0.925    30.9277    23.1886 -9.990e-29
 144.980179      0.944  36.868581    13.2495     7.2310      0.936    30.9188    23.1849 -9.990e-29
 144.980185      0.950  36.852273    13.2573     7.2505      0.942    30.8972    23.1667 -9.990e-29
 144.980191      0.947  36.858948    13.2762     7.2510      0.939    30.8881    23.1560 -9.990e-29
 144.980197      0.938  36.871705    13.2822     7.2410      0.930    30.8951    23.1602 -9.990e-29
 144.980203      0.932  36.875038    13.2624     7.2251      0.924    30.9143    23.1789 -9.990e-29
 144.980208      0.933  36.860486    13.2313     7.2165      0.925    30.9260    23.1940 -9.990e-29
 144.980214      0.936  36.838875    13.2237     7.2098      0.928    30.9120    23.1847 -9.990e-29
 144.980220      0.934  36.838500    13.2444     7.1989      0.926    30.8949    23.1674 -9.990e-29
 144.980226      0.925  36.855466    13.2662     7.2114      0.917    30.8930    23.1617 -9.990e-29
 144.980231      0.919  36.868107    13.2748     7.2285      0.911    30.8978    23.1637 -9.990e-29
 144.980237      0.918  36.877012    13.2760     7.2395      0.910    30.9051    23.1691 -9.990e-29
 144.980243      0.923  36.886190    13.2769     7.2525      0.915    30.9129    23.1750 -9.990e-29
 144.980249      0.934  36.891605    13.2778     7.2241      0.926    30.9172    23.1782 -9.990e-29
 144.980255      0.948  36.891487    13.2757     7.2053      0.940    30.9188    23.1798 -9.990e-29
 144.980260      0.956  36.883412    13.2704     7.2003      0.948    30.9156    23.1783 -9.990e-29
 144.980266      0.956  36.872274    13.2673     7.2122      0.948    30.9077    23.1729 -9.990e-29
 144.980272      0.946  36.870647    13.2703     7.2337      0.938    30.9038    23.1692 -9.990e-29
 144.980278      0.932  36.876893    13.2777     7.2446      0.924    30.9036    23.1676 -9.990e-29
 144.980284      0.920  36.881386    13.2827     7.2505      0.912    30.9037    23.1668 -9.990e-29
 144.980289      0.918  36.880007    13.2777     7.2507      0.910    30.9065    23.1699 -9.990e-29
 144.980295      0.930  36.869214    13.2620     7.2471      0.922    30.9092    23.1750 -9.990e-29
 144.980301      0.949  36.850278    13.2455     7.2479      0.941    30.9049    23.1750 -9.990e-29
 144.980307      0.962  36.838821    13.2412     7.2378      0.954    30.8978    23.1703 -9.990e-29
 144.980313      0.968  36.845866    13.2496     7.2263      0.960    30.8975    23.1684 -9.990e-29
 144.980318      0.969  36.860607    13.2605     7.2239      0.961    30.9024    23.1701 -9.990e-29
 144.980324      0.975  36.872419    13.2669     7.2175      0.967    30.9082    23.1733 -9.990e-29
 144.980330      0.986  36.879662    13.2680     7.2150      0.978    30.9140    23.1776 -9.990e-29
 144.980336      0.995  36.879644    13.2674     7.2134      0.987    30.9145    23.1781 -9.990e-29
 144.980341      0.997  36.876236    13.2692     7.2206      0.989    30.9099    23.1742 -9.990e-29
 144.980347      0.992  36.876631    13.2745     7.2263      0.984    30.9059    23.1701 -9.990e-29
 144.980353      0.982  36.880769    13.2819     7.2216      0.974    30.9038    23.1670 -9.990e-29
 144.980359      0.968  36.885739    13.2897     7.2258      0.960    30.9021    23.1641 -9.990e-29
 144.980365      0.954  36.889739    13.2950     7.2322      0.946    30.9015    23.1626 -9.990e-29
 144.980370      0.941  36.891355    13.2951     7.2460      0.933    30.9029    23.1637 -9.990e-29
 144.980376      0.930  36.889356    13.2901     7.2538      0.922    30.9051    23.1664 -9.990e-29
 144.980382      0.925  36.883850    13.2812     7.2365      0.917    30.9072    23.1698 -9.990e-29
 144.980388      0.927  36.875876    13.2699     7.2195      0.919    30.9090    23.1733 -9.990e-29
 144.980394      0.935  36.865418    13.2601     7.2018      0.927    30.9072    23.1739 -9.990e-29
 144.980399      0.946  36.858111    13.2560     7.2133      0.938    30.9037    23.1720 -9.990e-29
 144.980405      0.952  36.862673    13.2616     7.2229      0.944    30.9034    23.1707 -9.990e-29
 144.980411      0.952  36.878433    13.2768     7.2367      0.944    30.9058    23.1695 -9.990e-29
 144.980417      0.953  36.893325    13.2898     7.2387      0.945    30.9091    23.1695 -9.990e-29
 144.980422      0.952  36.896926    13.2872     7.2347      0.944    30.9145    23.1742 -9.990e-29
 144.980428      0.955  36.887851    13.2727     7.2205      0.947    30.9179    23.1796 -9.990e-29
 144.980434      0.962  36.871348    13.2609     7.2137      0.954    30.9121    23.1775 -9.990e-29
 144.980440      0.965  36.862359    13.2582     7.2167      0.957    30.9059    23.1732 -9.990e-29
 144.980446      0.960  36.867918    13.2622     7.2198      0.952    30.9078    23.1739 -9.990e-29
 144.980451      0.951  36.876919    13.2669     7.2545      0.943    30.9124    23.1765 -9.990e-29
 144.980457      0.944  36.878368    13.2665     7.2558      0.936    30.9141    23.1779 -9.990e-29
 144.980463      0.946  36.872491    13.2573     7.2466      0.938    30.9161    23.1813 -9.990e-29
 144.980469      0.954  36.860392    13.2403     7.2318      0.946    30.9186    23.1865 -9.990e-29
 144.980475      0.967  36.844399    13.2241     7.2169      0.959    30.9168    23.1884 -9.990e-29
 144.980480      0.976  36.835655    13.2202     7.2325      0.968    30.9119    23.1853 -9.990e-29
 144.980486      0.977  36.840957    13.2329     7.2429      0.969    30.9065    23.1786 -9.990e-29
 144.980492      0.975  36.853339    13.2523     7.2624      0.967    30.9023    23.1716 -9.990e-29
