data/oxygen options/ONMS/Olympic_Coast_National_Marine_Sanctuary_CTD_Data_2005_2023/raw_data/2016/CAST_MB042_160523faed.cnv
* Sea-Bird SBE19 Data File:
* FileName = C:\2016 Mooring Data\CAST_MB042_160523.hex
* Software Version 1.59
* Temperature SN = 2997
* Conductivity SN = 2997
* System UpLoad Time = May 23 2016 20:39:45
** CAST_MB042_160523
* ds
# nquan = 9                                 
# nvalues = 1539                        
# units = specified
# name 0 = timeJ: Julian Days
# name 1 = prSM: Pressure, Strain Gauge [db]
# name 2 = c0mS/cm: Conductivity [mS/cm]
# name 3 = t090C: Temperature [ITS-90, deg C]
# name 4 = sbeox0ML/L: Oxygen, SBE 43 [ml/l]
# name 5 = depSM: Depth [salt water, m], lat = 47.5
# name 6 = sal00: Salinity, Practical [PSU]
# name 7 = sigma-é00: Density [sigma-theta, kg/m^3]
# name 8 = flag: flag
# span 0 = 144.849722, 144.858623       
# span 1 =     -5.690,     43.454       
# span 2 =  -0.001247,  37.870615       
# span 3 =     8.2104,    16.7547       
# span 4 =    -1.8598,    18.1820       
# span 5 =     -5.643,     43.087       
# span 6 =     0.0000,    33.3431       
# span 7 =    -1.1816,    25.9416       
# span 8 = 0.0000e+00, 0.0000e+00       
# interval = seconds: 0.5
# start_time = May 23 2016 20:23:36 [Instrument's time stamp, header]
# bad_flag = -9.990e-29
*END*
[from data line 161]
 144.850654     -2.112  -0.000298    16.0520    -1.8279     -2.094     0.0000    -1.0642 -9.990e-29
 144.850660     -2.098  -0.000036    16.0643    -1.8286     -2.081     0.0000    -1.0662 -9.990e-29
 144.850666     -2.083   0.000209    16.0810    -1.8290     -2.066     0.0083    -1.0625 -9.990e-29
 144.850671     -2.064   0.000206    16.0996    -1.8285     -2.047     0.0083    -1.0655 -9.990e-29
 144.850677     -2.046  -0.000049    16.1194    -1.8282     -2.029     0.0000    -1.0752 -9.990e-29
 144.850683     -2.030  -0.000343    16.1401    -1.8278     -2.013     0.0000    -1.0786 -9.990e-29
 144.850689     -2.012  -0.000513    16.1589    -1.8271     -1.995     0.0000    -1.0817 -9.990e-29
 144.850694     -1.991  -0.000789    16.1709    -1.8261     -1.974     0.0000    -1.0836 -9.990e-29
 144.850700     -1.974  -0.000984    16.1730    -1.8252     -1.958     0.0000    -1.0840 -9.990e-29
 144.850706     -1.963  -0.000805    16.1671    -1.8244     -1.947     0.0000    -1.0830 -9.990e-29
 144.850712     -1.955  -0.000568    16.1588    -1.8242     -1.939     0.0000    -1.0816 -9.990e-29
 144.850718     -1.943  -0.000515    16.1553    -1.8238     -1.927     0.0000    -1.0811 -9.990e-29
 144.850723     -1.933  -0.000578    16.1592    -1.8234     -1.917     0.0000    -1.0817 -9.990e-29
 144.850729     -1.926  -0.000842    16.1678    -1.8242     -1.910     0.0000    -1.0831 -9.990e-29
 144.850735     -1.920  -0.001103    16.1804    -1.8246     -1.904     0.0000    -1.0852 -9.990e-29
 144.850741     -1.909  -0.001156    16.1978    -1.8251     -1.893     0.0000    -1.0881 -9.990e-29
 144.850747     -1.896  -0.001075    16.2186    -1.8251     -1.880     0.0000    -1.0915 -9.990e-29
 144.850752     -1.885  -0.000752    16.2397    -1.8249     -1.869     0.0000    -1.0950 -9.990e-29
 144.850758     -1.875  -0.000313    16.2572    -1.8244     -1.859     0.0000    -1.0979 -9.990e-29
 144.850764     -1.866  -0.000285    16.2691    -1.8241     -1.850     0.0000    -1.0998 -9.990e-29
 144.850770     -1.857  -0.000631    16.2766    -1.8238     -1.842     0.0000    -1.1011 -9.990e-29
 144.850775     -1.848  -0.000703    16.2784    -1.8245     -1.833     0.0000    -1.1014 -9.990e-29
 144.850781     -1.838  -0.000598    16.2719    -1.8264     -1.823     0.0000    -1.1003 -9.990e-29
 144.850787     -1.830  -0.000733    16.2618    -1.8272     -1.815     0.0000    -1.0986 -9.990e-29
 144.850793     -1.829  -0.000734    16.2544    -1.8279     -1.814     0.0000    -1.0974 -9.990e-29
 144.850799     -1.830  -0.000604    16.2525    -1.8280     -1.815     0.0000    -1.0971 -9.990e-29
 144.850804     -1.829  -0.000725    16.2560    -1.8284     -1.814     0.0000    -1.0977 -9.990e-29
 144.850810     -1.825  -0.000706    16.2625    -1.8290     -1.810     0.0000    -1.0987 -9.990e-29
 144.850816     -1.819  -0.000523    16.2675    -1.8296     -1.804     0.0000    -1.0996 -9.990e-29
 144.850822     -1.810  -0.000489    16.2651    -1.8309     -1.795     0.0000    -1.0992 -9.990e-29
 144.850828     -1.798  -0.000558    16.2491    -1.8319     -1.783     0.0000    -1.0965 -9.990e-29
 144.850833     -1.781  -0.000824    16.2231    -1.8321     -1.766     0.0000    -1.0922 -9.990e-29
 144.850839     -1.764  -0.001089    16.1986    -1.8320     -1.749     0.0000    -1.0882 -9.990e-29
 144.850845     -1.753  -0.001151    16.1804    -1.8315     -1.738     0.0000    -1.0852 -9.990e-29
 144.850851     -1.748  -0.001095    16.1677    -1.8312     -1.733     0.0000    -1.0831 -9.990e-29
 144.850856     -1.739  -0.000848    16.1563    -1.8320     -1.724     0.0000    -1.0812 -9.990e-29
 144.850862     -1.727  -0.000638    16.1415    -1.8334     -1.713     0.0000    -1.0788 -9.990e-29
 144.850868     -1.719  -0.000741    16.1217    -1.8338     -1.705     0.0000    -1.0755 -9.990e-29
 144.850874     -1.715  -0.000740    16.0991    -1.8336     -1.701     0.0000    -1.0718 -9.990e-29
 144.850880     -1.710  -0.000635    16.0803    -1.8338     -1.696     0.0000    -1.0688 -9.990e-29
 144.850885     -1.703  -0.000842    16.0712    -1.8340     -1.689     0.0000    -1.0673 -9.990e-29
 144.850891     -1.691  -0.001084    16.0710    -1.8342     -1.677     0.0000    -1.0672 -9.990e-29
 144.850897     -1.672  -0.001131    16.0735    -1.8344     -1.658     0.0000    -1.0677 -9.990e-29
 144.850903     -1.653  -0.001045    16.0704    -1.8348     -1.639     0.0000    -1.0672 -9.990e-29
 144.850909     -1.639  -0.000714    16.0566    -1.8355     -1.625     0.0000    -1.0649 -9.990e-29
 144.850914     -1.627  -0.000253    16.0383    -1.8362     -1.613     0.0000    -1.0619 -9.990e-29
 144.850920     -1.617  -0.000159    16.0260    -1.8372     -1.604     0.0000    -1.0599 -9.990e-29
 144.850926     -1.608  -0.000306    16.0206    -1.8381     -1.595     0.0000    -1.0590 -9.990e-29
 144.850932     -1.600  -0.000338    16.0163    -1.8391     -1.587     0.0000    -1.0583 -9.990e-29
 144.850937     -1.593  -0.000300    16.0114    -1.8397     -1.580     0.0000    -1.0575 -9.990e-29
 144.850943     -1.585  -0.000142    16.0060    -1.8399     -1.572     0.0000    -1.0567 -9.990e-29
 144.850949     -1.577  -0.000207    15.9982    -1.8398     -1.564     0.0000    -1.0554 -9.990e-29
 144.850955     -1.568  -0.000586    15.9867    -1.8397     -1.555     0.0000    -1.0535 -9.990e-29
 144.850961     -1.557  -0.000675    15.9713    -1.8400     -1.544     0.0000    -1.0510 -9.990e-29
 144.850966     -1.548  -0.000592    15.9516    -1.8402     -1.535     0.0000    -1.0478 -9.990e-29
 144.850972     -1.544  -0.000785    15.9289    -1.8408     -1.531     0.0000    -1.0442 -9.990e-29
 144.850978     -1.542  -0.000957    15.9059    -1.8415     -1.529     0.0000    -1.0404 -9.990e-29
 144.850984     -1.536  -0.000784    15.8860    -1.8420     -1.523     0.0000    -1.0372 -9.990e-29
 144.850990     -1.526  -0.000590    15.8717    -1.8430     -1.513     0.0000    -1.0349 -9.990e-29
 144.850995     -1.512  -0.000674    15.8639    -1.8439     -1.499     0.0000    -1.0337 -9.990e-29
 144.851001     -1.497  -0.000594    15.8609    -1.8449     -1.485     0.0000    -1.0332 -9.990e-29
 144.851007     -1.489  -0.000244    15.8588    -1.8459     -1.477     0.0000    -1.0329 -9.990e-29
 144.851013     -1.487  -0.000271    15.8538    -1.8463     -1.475     0.0000    -1.0320 -9.990e-29
 144.851019     -1.482  -0.000711    15.8449    -1.8462     -1.470     0.0000    -1.0306 -9.990e-29
 144.851024     -1.470  -0.001042    15.8324    -1.8461     -1.458     0.0000    -1.0286 -9.990e-29
 144.851030     -1.450  -0.001152    15.8176    -1.8456     -1.438     0.0000    -1.0262 -9.990e-29
 144.851036     -1.425  -0.001188    15.8002    -1.8453     -1.413     0.0000    -1.0234 -9.990e-29
 144.851042     -1.403  -0.001199    15.7791    -1.8455     -1.391     0.0000    -1.0201 -9.990e-29
 144.851047     -1.385  -0.001202    15.7558    -1.8458     -1.373     0.0000    -1.0163 -9.990e-29
 144.851053     -1.371  -0.001202    15.7327    -1.8466     -1.360     0.0000    -1.0127 -9.990e-29
 144.851059     -1.361  -0.001200    15.7135    -1.8473     -1.350     0.0000    -1.0096 -9.990e-29
 144.851065     -1.352  -0.001196    15.7026    -1.8480     -1.341     0.0000    -1.0079 -9.990e-29
 144.851071     -1.345  -0.001186    15.7000    -1.8493     -1.334     0.0000    -1.0075 -9.990e-29
 144.851076     -1.339  -0.001156    15.7027    -1.8498     -1.328     0.0000    -1.0079 -9.990e-29
 144.851082     -1.334  -0.001070    15.7080    -1.8502     -1.323     0.0000    -1.0087 -9.990e-29
 144.851088     -1.330  -0.000813    15.7116    -1.8508     -1.319     0.0000    -1.0093 -9.990e-29
 144.851094     -1.326  -0.000600    15.7087    -1.8516     -1.315     0.0000    -1.0088 -9.990e-29
 144.851100     -1.323  -0.000702    15.6987    -1.8529     -1.312     0.0000    -1.0072 -9.990e-29
 144.851105     -1.319  -0.000701    15.6839    -1.8539     -1.308     0.0000    -1.0049 -9.990e-29
 144.851111     -1.314  -0.000597    15.6659    -1.8552     -1.303     0.0000    -1.0020 -9.990e-29
 144.851117     -1.309  -0.000808    15.6450    -1.8567     -1.298     0.0000    -0.9987 -9.990e-29
 144.851123     -1.303  -0.001063    15.6235    -1.8578     -1.292     0.0000    -0.9953 -9.990e-29
 144.851128     -1.296  -0.001148    15.6055    -1.8587     -1.285     0.0000    -0.9925 -9.990e-29
 144.851134     -1.287  -0.001175    15.5903    -1.8590     -1.276     0.0000    -0.9901 -9.990e-29
 144.851140     -1.275  -0.001184    15.5734    -1.8590     -1.264     0.0000    -0.9874 -9.990e-29
 144.851146     -1.264  -0.001186    15.5511    -1.8596     -1.253     0.0000    -0.9839 -9.990e-29
 144.851152     -1.263  -0.001184    15.5235    -1.8598     -1.252     0.0000    -0.9796 -9.990e-29
 144.851157     -1.270  -0.001175    15.4937    -1.8592     -1.259     0.0000    -0.9749 -9.990e-29
 144.851163     -1.278  -0.001148    15.4620    -1.8585     -1.267     0.0000    -0.9699 -9.990e-29
 144.851169     -1.283  -0.001066    15.4304    -1.8572     -1.272     0.0000    -0.9650 -9.990e-29
 144.851175     -1.285  -0.000820    15.4037    -1.8559     -1.274     0.0000    -0.9608 -9.990e-29
 144.851181     -1.285  -0.000635    15.3844    -1.8548     -1.274     0.0000    -0.9578 -9.990e-29
 144.851186     -1.282  -0.000820    15.3725    -1.8543     -1.271     0.0000    -0.9560 -9.990e-29
 144.851192     -1.277  -0.001067    15.3649    -1.8536     -1.266     0.0000    -0.9548 -9.990e-29
 144.851198     -1.269  -0.001148    15.3592    -1.8530     -1.258     0.0000    -0.9539 -9.990e-29
 144.851204     -1.257  -0.001172    15.3593    -1.8525     -1.247     0.0000    -0.9539 -9.990e-29
 144.851209     -1.245  -0.001169    15.3693    -1.8515     -1.235     0.0000    -0.9555 -9.990e-29
 144.851215     -1.237  -0.001136    15.3880    -1.8505     -1.227     0.0000    -0.9584 -9.990e-29
 144.851221     -1.231  -0.001027    15.4129    -1.8494     -1.221     0.0000    -0.9623 -9.990e-29
 144.851227     -1.228  -0.000699    15.4405    -1.8485     -1.218     0.0000    -0.9666 -9.990e-29
 144.851233     -1.223  -0.000267    15.4660    -1.8478     -1.213     0.0000    -0.9706 -9.990e-29
 144.851238     -1.212  -0.000267    15.4868    -1.8470     -1.202     0.0000    -0.9738 -9.990e-29
 144.851244     -1.198  -0.000699    15.5045    -1.8461     -1.188     0.0000    -0.9766 -9.990e-29
 144.851250     -1.188  -0.001027    15.5214    -1.8453     -1.178     0.0000    -0.9792 -9.990e-29
 144.851256     -1.183  -0.001134    15.5399    -1.8441     -1.173     0.0000    -0.9821 -9.990e-29
 144.851262     -1.177  -0.001162    15.5618    -1.8425     -1.167     0.0000    -0.9856 -9.990e-29
 144.851267     -1.174  -0.001146    15.5857    -1.8409     -1.164     0.0000    -0.9893 -9.990e-29
 144.851273     -1.175  -0.001064    15.6103    -1.8400     -1.165     0.0000    -0.9932 -9.990e-29
 144.851279     -1.171  -0.000806    15.6340    -1.8394     -1.161     0.0000    -0.9970 -9.990e-29
 144.851285     -1.161  -0.000584    15.6556    -1.8384     -1.151     0.0000    -1.0004 -9.990e-29
 144.851291     -1.149  -0.000656    15.6768    -1.8374     -1.139     0.0000    -1.0038 -9.990e-29
 144.851296     -1.134  -0.000565    15.6996    -1.8366     -1.125     0.0000    -1.0074 -9.990e-29
 144.851302     -1.120  -0.000187    15.7256    -1.8364     -1.111     0.0000    -1.0115 -9.990e-29
 144.851308     -1.110  -0.000129    15.7567    -1.8355     -1.101     0.0000    -1.0165 -9.990e-29
 144.851314     -1.103  -0.000313    15.7921    -1.8349     -1.094     0.0000    -1.0221 -9.990e-29
 144.851319     -1.100  -0.000429    15.8258    -1.8340     -1.091     0.0000    -1.0275 -9.990e-29
 144.851325     -1.099  -0.000629    15.8532    -1.8332     -1.090     0.0000    -1.0319 -9.990e-29
 144.851331     -1.101  -0.000626    15.8764    -1.8324     -1.092     0.0000    -1.0357 -9.990e-29
 144.851337     -1.106  -0.000416    15.8991    -1.8317     -1.097     0.0000    -1.0393 -9.990e-29
 144.851343     -1.114  -0.000273    15.9212    -1.8311     -1.105     0.0000    -1.0429 -9.990e-29
 144.851348     -1.126  -0.000006    15.9403    -1.8303     -1.117     0.0000    -1.0460 -9.990e-29
 144.851354     -1.133   0.000187    15.9572    -1.8299     -1.124     0.0082    -1.0424 -9.990e-29
 144.851360     -1.129   0.000007    15.9747    -1.8292     -1.120     0.0084    -1.0450 -9.990e-29
 144.851366     -1.120  -0.000229    15.9935    -1.8287     -1.111     0.0000    -1.0546 -9.990e-29
 144.851372     -1.116  -0.000282    16.0134    -1.8283     -1.107     0.0000    -1.0579 -9.990e-29
 144.851377     -1.111  -0.000220    16.0342    -1.8279     -1.102     0.0000    -1.0612 -9.990e-29
 144.851383     -1.101   0.000038    16.0547    -1.8278     -1.092     0.0084    -1.0581 -9.990e-29
 144.851389     -1.089   0.000281    16.0742    -1.8274     -1.080     0.0082    -1.0614 -9.990e-29
 144.851395     -1.080   0.000280    16.0923    -1.8269     -1.071     0.0083    -1.0643 -9.990e-29
 144.851400     -1.072   0.000032    16.1093    -1.8266     -1.063     0.0084    -1.0670 -9.990e-29
 144.851406     -1.065  -0.000236    16.1250    -1.8259     -1.056     0.0000    -1.0761 -9.990e-29
 144.851412     -1.059  -0.000327    16.1396    -1.8256     -1.050     0.0000    -1.0785 -9.990e-29
 144.851418     -1.053  -0.000360    16.1531    -1.8254     -1.044     0.0000    -1.0807 -9.990e-29
 144.851424     -1.047  -0.000379    16.1651    -1.8249     -1.038     0.0000    -1.0827 -9.990e-29
 144.851429     -1.040  -0.000410    16.1751    -1.8243     -1.031     0.0000    -1.0843 -9.990e-29
 144.851435     -1.033  -0.000494    16.1837    -1.8246     -1.024     0.0000    -1.0857 -9.990e-29
 144.851441     -1.023  -0.000744    16.1928    -1.8243     -1.014     0.0000    -1.0872 -9.990e-29
 144.851447     -1.012  -0.000937    16.2032    -1.8234     -1.004     0.0000    -1.0889 -9.990e-29
 144.851453     -0.998  -0.000773    16.2148    -1.8216     -0.990     0.0000    -1.0908 -9.990e-29
 144.851458     -0.980  -0.000591    16.2268    -1.8202     -0.972     0.0000    -1.0928 -9.990e-29
 144.851464     -0.957  -0.000700    16.2377    -1.8196     -0.949     0.0000    -1.0946 -9.990e-29
 144.851470     -0.933  -0.000690    16.2480    -1.8196     -0.925     0.0000    -1.0963 -9.990e-29
 144.851476     -0.913  -0.000549    16.2583    -1.8195     -0.905     0.0000    -1.0980 -9.990e-29
 144.851481     -0.902  -0.000643    16.2661    -1.8189     -0.894     0.0000    -1.0993 -9.990e-29
 144.851487     -0.897  -0.000542    16.2722    -1.8186     -0.890     0.0000    -1.1003 -9.990e-29
 144.851493     -0.896  -0.000111    16.2849    -1.8182     -0.889     0.0000    -1.1024 -9.990e-29
 144.851499     -0.888   0.000117    16.3096    -1.8177     -0.881     0.0084    -1.1000 -9.990e-29
 144.851505     -0.874  -0.000112    16.3416    -1.8172     -0.867     0.0000    -1.1118 -9.990e-29
 144.851510     -0.862  -0.000547    16.3704    -1.8173     -0.855     0.0000    -1.1166 -9.990e-29
 144.851516     -0.854  -0.000657    16.3892    -1.8173     -0.847     0.0000    -1.1198 -9.990e-29
 144.851522     -0.850  -0.000587    16.3995    -1.8171     -0.843     0.0000    -1.1215 -9.990e-29
 144.851528     -0.851  -0.000798    16.4075    -1.8168     -0.844     0.0000    -1.1228 -9.990e-29
 144.851534     -0.855  -0.001018    16.4167    -1.8162     -0.848     0.0000    -1.1244 -9.990e-29
 144.851539     -0.859  -0.000983    16.4266    -1.8160     -0.852     0.0000    -1.1260 -9.990e-29
 144.851545     -0.860  -0.000646    16.4369    -1.8154     -0.853     0.0000    -1.1277 -9.990e-29
 144.851551     -0.861  -0.000113    16.4472    -1.8155     -0.854     0.0000    -1.1295 -9.990e-29
 144.851557     -0.866   0.000215    16.4554    -1.8162     -0.859     0.0084    -1.1243 -9.990e-29
 144.851563     -0.872   0.000224    16.4604    -1.8166     -0.865     0.0084    -1.1251 -9.990e-29
 144.851568     -0.871  -0.000075    16.4641    -1.8168     -0.864     0.0000    -1.1323 -9.990e-29
