data/oxygen options/ONMS/Olympic_Coast_National_Marine_Sanctuary_CTD_Data_2005_2023/raw_data/2016/CAST_KL015_160906faed.cnv
* Sea-Bird SBE19 Data File:
* FileName = C:\2016 Mooring Data\Casts\Data\CAST_KL015_160906.hex
* Software Version 1.59
* Temperature SN = 2997
* Conductivity SN = 2997
* System UpLoad Time = Sep 06 2016 20:19:24
** CAST_KL015_160906
* ds
# nquan = 9                                 
# nvalues = 903                         
# units = specified
# name 0 = timeJ: Julian Days
# name 1 = prSM: Pressure, Strain Gauge [db]
# name 2 = c0mS/cm: Conductivity [mS/cm]
# name 3 = t090C: Temperature [ITS-90, deg C]
# name 4 = sbeox0ML/L: Oxygen, SBE 43 [ml/l]
# name 5 = depSM: Depth [salt water, m], lat = 47.5
# name 6 = sal00: Salinity, Practical [PSU]
# name 7 = sigma-é00: Density [sigma-theta, kg/m^3]
# name 8 = flag: flag
# span 0 = 250.811829, 250.817049       
# span 1 =     -5.284,     16.201       
# span 2 =   0.480081,  38.615497       
# span 3 =    12.5583,    18.5243       
# span 4 =    -1.7612,    12.6534       
# span 5 =     -5.240,     16.065       
# span 6 =     0.2678,    32.7772       
# span 7 =    -1.2956,    24.7565       
# span 8 = 0.0000e+00, 0.0000e+00       
# interval = seconds: 0.5
# start_time = Sep 06 2016 19:29:02 [Instrument's time stamp, header]
# bad_flag = -9.990e-29
*END*
[from data line 481]
 250.814612      0.828  36.662395    15.1143     6.5216      0.821    29.2783    21.5417 -9.990e-29
 250.814618      0.830  36.657844    15.1142     6.4938      0.823    29.2743    21.5387 -9.990e-29
 250.814624      0.832  36.654965    15.1118     6.4824      0.825    29.2735    21.5386 -9.990e-29
 250.814630      0.834  36.652831    15.1083     6.4647      0.827    29.2743    21.5399 -9.990e-29
 250.814635      0.836  36.650366    15.1062     6.4722      0.829    29.2736    21.5399 -9.990e-29
 250.814641      0.839  36.647136    15.1057     6.4799      0.832    29.2711    21.5381 -9.990e-29
 250.814647      0.843  36.643332    15.1039     6.4708      0.836    29.2691    21.5369 -9.990e-29
 250.814653      0.848  36.638364    15.1006     6.4651      0.841    29.2672    21.5361 -9.990e-29
 250.814659      0.850  36.634551    15.0995     6.4583      0.843    29.2646    21.5343 -9.990e-29
 250.814664      0.841  36.635183    15.1019     6.4704      0.834    29.2634    21.5329 -9.990e-29
 250.814670      0.824  36.637719    15.1044     6.4729      0.817    29.2638    21.5327 -9.990e-29
 250.814676      0.811  36.638236    15.1042     6.4729      0.804    29.2644    21.5332 -9.990e-29
 250.814682      0.801  36.635722    15.1021     6.4585      0.794    29.2637    21.5331 -9.990e-29
 250.814687      0.794  36.631281    15.1008     6.4573      0.787    29.2608    21.5311 -9.990e-29
 250.814693      0.794  36.626805    15.1022     6.4526      0.787    29.2557    21.5270 -9.990e-29
 250.814699      0.795  36.619662    15.1050     6.4530      0.788    29.2473    21.5199 -9.990e-29
 250.814705      0.795  36.615425    15.1058     6.4623      0.788    29.2430    21.5164 -9.990e-29
 250.814711      0.792  36.622420    15.1043     6.4687      0.785    29.2503    21.5223 -9.990e-29
 250.814716      0.792  36.629792    15.1027     6.4723      0.785    29.2580    21.5286 -9.990e-29
 250.814722      0.798  36.631667    15.1023     6.4653      0.791    29.2600    21.5302 -9.990e-29
 250.814728      0.806  36.632761    15.1027     6.4605      0.799    29.2606    21.5306 -9.990e-29
 250.814734      0.813  36.632267    15.1029     6.4580      0.806    29.2601    21.5301 -9.990e-29
 250.814740      0.819  36.630625    15.1029     6.4651      0.812    29.2586    21.5290 -9.990e-29
 250.814745      0.824  36.630659    15.1043     6.4509      0.817    29.2576    21.5279 -9.990e-29
 250.814751      0.830  36.632393    15.1070     6.4472      0.823    29.2571    21.5270 -9.990e-29
 250.814757      0.836  36.633634    15.1086     6.4454      0.829    29.2570    21.5266 -9.990e-29
 250.814763      0.842  36.633772    15.1080     6.4527      0.835    29.2576    21.5272 -9.990e-29
 250.814769      0.849  36.633528    15.1068     6.4555      0.842    29.2582    21.5279 -9.990e-29
 250.814774      0.857  36.633674    15.1061     6.4554      0.850    29.2589    21.5286 -9.990e-29
 250.814780      0.868  36.634381    15.1063     6.4428      0.861    29.2594    21.5289 -9.990e-29
 250.814786      0.881  36.634887    15.1071     6.4334      0.874    29.2592    21.5286 -9.990e-29
 250.814792      0.897  36.634722    15.1084     6.4340      0.890    29.2581    21.5275 -9.990e-29
 250.814797      0.914  36.634764    15.1101     6.4298      0.906    29.2569    21.5262 -9.990e-29
 250.814803      0.923  36.634485    15.1118     6.4348      0.915    29.2553    21.5246 -9.990e-29
 250.814809      0.921  36.632368    15.1126     6.4311      0.913    29.2529    21.5226 -9.990e-29
 250.814815      0.913  36.630606    15.1117     6.4425      0.905    29.2520    21.5221 -9.990e-29
 250.814821      0.906  36.630187    15.1082     6.4529      0.898    29.2542    21.5245 -9.990e-29
 250.814826      0.903  36.628847    15.1028     6.4607      0.895    29.2571    21.5279 -9.990e-29
 250.814832      0.906  36.627019    15.0984     6.4436      0.898    29.2587    21.5301 -9.990e-29
 250.814838      0.913  36.626719    15.0972     6.4337      0.905    29.2594    21.5308 -9.990e-29
 250.814844      0.922  36.628642    15.0989     6.4299      0.914    29.2598    21.5308 -9.990e-29
 250.814850      0.924  36.631408    15.1011     6.4493      0.916    29.2606    21.5309 -9.990e-29
 250.814855      0.919  36.633081    15.1023     6.4537      0.911    29.2612    21.5311 -9.990e-29
 250.814861      0.916  36.633627    15.1035     6.4527      0.908    29.2608    21.5306 -9.990e-29
 250.814867      0.919  36.634873    15.1060     6.4498      0.911    29.2600    21.5295 -9.990e-29
 250.814873      0.923  36.637896    15.1089     6.4493      0.915    29.2605    21.5292 -9.990e-29
 250.814878      0.921  36.641662    15.1118     6.4534      0.913    29.2617    21.5295 -9.990e-29
 250.814884      0.911  36.645009    15.1147     6.4530      0.903    29.2625    21.5295 -9.990e-29
 250.814890      0.903  36.647896    15.1174     6.4577      0.895    29.2631    21.5294 -9.990e-29
 250.814896      0.900  36.650229    15.1194     6.4506      0.892    29.2636    21.5294 -9.990e-29
 250.814902      0.901  36.650617    15.1201     6.4510      0.893    29.2635    21.5291 -9.990e-29
 250.814907      0.903  36.649553    15.1199     6.4451      0.895    29.2627    21.5286 -9.990e-29
 250.814913      0.901  36.649515    15.1192     6.4447      0.893    29.2631    21.5291 -9.990e-29
 250.814919      0.899  36.649868    15.1183     6.4416      0.891    29.2641    21.5300 -9.990e-29
 250.814925      0.898  36.648260    15.1176     6.4343      0.891    29.2632    21.5295 -9.990e-29
 250.814931      0.892  36.645882    15.1170     6.4404      0.885    29.2616    21.5283 -9.990e-29
 250.814936      0.887  36.644578    15.1170     6.4368      0.880    29.2604    21.5274 -9.990e-29
 250.814942      0.885  36.644266    15.1172     6.4405      0.878    29.2600    21.5271 -9.990e-29
 250.814948      0.887  36.643947    15.1160     6.4431      0.880    29.2606    21.5278 -9.990e-29
 250.814954      0.892  36.640373    15.1109     6.4420      0.885    29.2612    21.5294 -9.990e-29
 250.814959      0.902  36.629875    15.1009     6.4443      0.894    29.2594    21.5300 -9.990e-29
 250.814965      0.917  36.616912    15.0903     6.4378      0.909    29.2558    21.5295 -9.990e-29
 250.814971      0.933  36.611614    15.0855     6.4419      0.925    29.2547    21.5297 -9.990e-29
 250.814977      0.943  36.613610    15.0873     6.4303      0.935    29.2551    21.5296 -9.990e-29
 250.814983      0.943  36.617695    15.0906     6.4350      0.935    29.2563    21.5298 -9.990e-29
 250.814988      0.938  36.622012    15.0908     6.4375      0.930    29.2599    21.5326 -9.990e-29
 250.814994      0.935  36.623332    15.0865     6.4555      0.927    29.2643    21.5369 -9.990e-29
 250.815000      0.940  36.619476    15.0805     6.4682      0.932    29.2654    21.5389 -9.990e-29
 250.815006      0.951  36.613119    15.0770     6.4609      0.943    29.2624    21.5374 -9.990e-29
 250.815012      0.966  36.610319    15.0770     6.4678      0.958    29.2599    21.5354 -9.990e-29
 250.815017      0.978  36.612356    15.0796     6.4501      0.970    29.2597    21.5348 -9.990e-29
 250.815023      0.981  36.615761    15.0833     6.4462      0.973    29.2600    21.5342 -9.990e-29
 250.815029      0.978  36.619452    15.0867     6.4518      0.970    29.2607    21.5341 -9.990e-29
 250.815035      0.971  36.623285    15.0886     6.4499      0.963    29.2627    21.5352 -9.990e-29
 250.815041      0.969  36.626189    15.0893     6.4551      0.961    29.2648    21.5366 -9.990e-29
 250.815046      0.972  36.628095    15.0899     6.4560      0.964    29.2660    21.5374 -9.990e-29
 250.815052      0.971  36.629280    15.0910     6.4596      0.963    29.2662    21.5374 -9.990e-29
 250.815058      0.967  36.630180    15.0926     6.4603      0.959    29.2658    21.5368 -9.990e-29
 250.815064      0.962  36.631410    15.0942     6.4545      0.954    29.2657    21.5363 -9.990e-29
 250.815069      0.958  36.631787    15.0954     6.4578      0.950    29.2652    21.5357 -9.990e-29
 250.815075      0.958  36.630110    15.0966     6.4516      0.950    29.2628    21.5336 -9.990e-29
 250.815081      0.962  36.629720    15.0982     6.4525      0.954    29.2613    21.5320 -9.990e-29
 250.815087      0.962  36.632873    15.0994     6.4533      0.954    29.2632    21.5333 -9.990e-29
 250.815093      0.957  36.635347    15.0978     6.4450      0.949    29.2665    21.5362 -9.990e-29
 250.815098      0.957  36.632580    15.0933     6.4456      0.949    29.2674    21.5378 -9.990e-29
 250.815104      0.965  36.624778    15.0901     6.4460      0.957    29.2629    21.5350 -9.990e-29
 250.815110      0.977  36.618317    15.0894     6.4476      0.969    29.2577    21.5312 -9.990e-29
 250.815116      0.986  36.617996    15.0895     6.4569      0.978    29.2573    21.5309 -9.990e-29
 250.815122      0.988  36.619440    15.0882     6.4693      0.980    29.2596    21.5329 -9.990e-29
 250.815127      0.987  36.617832    15.0844     6.4658      0.979    29.2610    21.5348 -9.990e-29
 250.815133      0.988  36.615484    15.0808     6.4691      0.980    29.2616    21.5360 -9.990e-29
 250.815139      0.986  36.615400    15.0811     6.4591      0.978    29.2613    21.5357 -9.990e-29
 250.815145      0.977  36.617445    15.0845     6.4419      0.969    29.2606    21.5344 -9.990e-29
 250.815150      0.965  36.619840    15.0869     6.4522      0.957    29.2609    21.5342 -9.990e-29
 250.815156      0.958  36.621834    15.0864     6.4534      0.950    29.2631    21.5359 -9.990e-29
 250.815162      0.959  36.623265    15.0834     6.4579      0.951    29.2666    21.5393 -9.990e-29
 250.815168      0.968  36.623218    15.0806     6.4658      0.960    29.2686    21.5414 -9.990e-29
 250.815174      0.982  36.623846    15.0804     6.4564      0.974    29.2693    21.5420 -9.990e-29
 250.815179      0.993  36.625962    15.0816     6.4559      0.985    29.2703    21.5425 -9.990e-29
 250.815185      0.997  36.627881    15.0835     6.4549      0.989    29.2706    21.5423 -9.990e-29
 250.815191      0.995  36.629339    15.0863     6.4412      0.987    29.2698    21.5411 -9.990e-29
 250.815197      0.991  36.630017    15.0895     6.4472      0.983    29.2680    21.5391 -9.990e-29
 250.815203      0.993  36.630796    15.0921     6.4490      0.985    29.2668    21.5376 -9.990e-29
 250.815208      1.001  36.633250    15.0938     6.4459      0.993    29.2677    21.5379 -9.990e-29
 250.815214      1.008  36.636709    15.0951     6.4545      1.000    29.2698    21.5392 -9.990e-29
 250.815220      1.009  36.639600    15.0964     6.4475      1.001    29.2713    21.5402 -9.990e-29
 250.815226      1.008  36.641273    15.0971     6.4415      1.000    29.2723    21.5408 -9.990e-29
 250.815231      1.015  36.640018    15.0963     6.4474      1.007    29.2718    21.5405 -9.990e-29
 250.815237      1.030  36.635256    15.0950     6.4416      1.021    29.2685    21.5383 -9.990e-29
 250.815243      1.044  36.632375    15.0952     6.4382      1.035    29.2658    21.5362 -9.990e-29
 250.815249      1.056  36.634229    15.0953     6.4439      1.047    29.2674    21.5374 -9.990e-29
 250.815255      1.064  36.635425    15.0931     6.4495      1.055    29.2701    21.5399 -9.990e-29
 250.815260      1.071  36.633055    15.0896     6.4599      1.062    29.2706    21.5410 -9.990e-29
 250.815266      1.076  36.630655    15.0869     6.4685      1.067    29.2705    21.5415 -9.990e-29
 250.815272      1.080  36.630602    15.0856     6.4663      1.071    29.2714    21.5425 -9.990e-29
 250.815278      1.083  36.631120    15.0853     6.4570      1.074    29.2721    21.5431 -9.990e-29
 250.815284      1.085  36.630636    15.0852     6.4513      1.076    29.2717    21.5428 -9.990e-29
 250.815289      1.086  36.629600    15.0850     6.4431      1.077    29.2710    21.5423 -9.990e-29
 250.815295      1.087  36.628287    15.0849     6.4434      1.078    29.2699    21.5415 -9.990e-29
 250.815301      1.087  36.627163    15.0858     6.4530      1.078    29.2682    21.5400 -9.990e-29
 250.815307      1.087  36.627504    15.0875     6.4442      1.078    29.2672    21.5389 -9.990e-29
 250.815313      1.086  36.629182    15.0885     6.4498      1.077    29.2680    21.5393 -9.990e-29
 250.815318      1.084  36.631049    15.0877     6.4671      1.075    29.2702    21.5412 -9.990e-29
 250.815324      1.082  36.632772    15.0862     6.4644      1.073    29.2729    21.5435 -9.990e-29
 250.815330      1.078  36.634387    15.0862     6.4668      1.069    29.2743    21.5446 -9.990e-29
 250.815336      1.074  36.635786    15.0880     6.4619      1.065    29.2742    21.5442 -9.990e-29
 250.815341      1.068  36.636536    15.0887     6.4619      1.059    29.2744    21.5441 -9.990e-29
 250.815347      1.060  36.635314    15.0863     6.4533      1.051    29.2751    21.5452 -9.990e-29
 250.815353      1.054  36.630968    15.0815     6.4507      1.045    29.2748    21.5460 -9.990e-29
 250.815359      1.054  36.625473    15.0773     6.4435      1.045    29.2731    21.5455 -9.990e-29
 250.815365      1.056  36.622631    15.0768     6.4361      1.047    29.2709    21.5440 -9.990e-29
 250.815370      1.056  36.623618    15.0793     6.4456      1.047    29.2699    21.5427 -9.990e-29
 250.815376      1.052  36.625754    15.0814     6.4542      1.043    29.2702    21.5425 -9.990e-29
 250.815382      1.046  36.625655    15.0811     6.4530      1.037    29.2704    21.5427 -9.990e-29
 250.815388      1.041  36.623119    15.0789     6.4530      1.032    29.2698    21.5427 -9.990e-29
 250.815394      1.042  36.619732    15.0773     6.4552      1.033    29.2680    21.5416 -9.990e-29
 250.815399      1.043  36.617626    15.0774     6.4553      1.034    29.2660    21.5401 -9.990e-29
 250.815405      1.040  36.618400    15.0782     6.4580      1.031    29.2661    21.5400 -9.990e-29
 250.815411      1.034  36.620212    15.0785     6.4626      1.025    29.2675    21.5410 -9.990e-29
 250.815417      1.024  36.621487    15.0783     6.4554      1.015    29.2688    21.5420 -9.990e-29
 250.815422      1.014  36.622733    15.0775     6.4542      1.006    29.2705    21.5435 -9.990e-29
 250.815428      1.012  36.624418    15.0766     6.4529      1.004    29.2727    21.5454 -9.990e-29
 250.815434      1.017  36.627039    15.0763     6.4515      1.009    29.2752    21.5474 -9.990e-29
 250.815440      1.025  36.629535    15.0769     6.4480      1.016    29.2770    21.5486 -9.990e-29
 250.815446      1.037  36.630683    15.0777     6.4468      1.028    29.2774    21.5488 -9.990e-29
 250.815451      1.050  36.630818    15.0779     6.4529      1.041    29.2774    21.5487 -9.990e-29
 250.815457      1.060  36.630048    15.0776     6.4549      1.051    29.2769    21.5484 -9.990e-29
 250.815463      1.068  36.628394    15.0770     6.4512      1.059    29.2759    21.5477 -9.990e-29
 250.815469      1.074  36.627498    15.0766     6.4427      1.065    29.2754    21.5474 -9.990e-29
 250.815475      1.079  36.628893    15.0767     6.4388      1.070    29.2765    21.5483 -9.990e-29
 250.815480      1.083  36.631008    15.0774     6.4459      1.074    29.2779    21.5492 -9.990e-29
 250.815486      1.086  36.632111    15.0784     6.4568      1.077    29.2781    21.5492 -9.990e-29
 250.815492      1.088  36.632479    15.0791     6.4545      1.079    29.2779    21.5489 -9.990e-29
 250.815498      1.089  36.631969    15.0791     6.4524      1.080    29.2775    21.5485 -9.990e-29
 250.815503      1.090  36.630951    15.0793     6.4547      1.081    29.2764    21.5477 -9.990e-29
 250.815509      1.091  36.630793    15.0802     6.4605      1.082    29.2756    21.5469 -9.990e-29
 250.815515      1.092  36.631773    15.0813     6.4582      1.083    29.2757    21.5467 -9.990e-29
 250.815521      1.092  36.633444    15.0827     6.4676      1.083    29.2761    21.5467 -9.990e-29
 250.815527      1.092  36.635163    15.0842     6.4540      1.083    29.2765    21.5467 -9.990e-29
