data/oxygen options/ONMS/Olympic_Coast_National_Marine_Sanctuary_CTD_Data_2005_2023/raw_data/2016/CAST_MB015_160627faed.cnv
* Sea-Bird SBE19 Data File:
* FileName = C:\2016 Mooring Data\Casts\Data\CAST_MB015_160627.hex
* Software Version 1.59
* Temperature SN = 2997
* Conductivity SN = 2997
* System UpLoad Time = Jun 27 2016 22:36:16
** CAST_MB015_160627
* ds
# nquan = 9                                 
# nvalues = 868                         
# units = specified
# name 0 = timeJ: Julian Days
# name 1 = prSM: Pressure, Strain Gauge [db]
# name 2 = c0mS/cm: Conductivity [mS/cm]
# name 3 = t090C: Temperature [ITS-90, deg C]
# name 4 = sbeox0ML/L: Oxygen, SBE 43 [ml/l]
# name 5 = depSM: Depth [salt water, m], lat = 47.5
# name 6 = sal00: Salinity, Practical [PSU]
# name 7 = sigma-é00: Density [sigma-theta, kg/m^3]
# name 8 = flag: flag
# span 0 = 179.909595, 179.914612       
# span 1 =     -5.337,     10.475       
# span 2 =   0.346933,  38.874421       
# span 3 =    10.0087,    15.6510       
# span 4 =    -1.8759,    13.5434       
# span 5 =     -5.293,     10.387       
# span 6 =     0.2056,    33.0187       
# span 7 =    -0.8381,    25.3589       
# span 8 = 0.0000e+00, 0.0000e+00       
# interval = seconds: 0.5
# start_time = Jun 27 2016 21:49:49 [Instrument's time stamp, header]
# bad_flag = -9.990e-29
*END*
[from data line 481]
 179.912378      0.628  38.799736    13.5149     6.9997      0.623    32.4992    24.3539 -9.990e-29
 179.912384      0.637  38.806596    13.5202     6.9906      0.632    32.5011    24.3543 -9.990e-29
 179.912390      0.646  38.809801    13.5214     6.9665      0.641    32.5031    24.3556 -9.990e-29
 179.912396      0.652  38.808743    13.5204     6.9600      0.647    32.5029    24.3557 -9.990e-29
 179.912402      0.656  38.807562    13.5217     6.9648      0.651    32.5007    24.3537 -9.990e-29
 179.912407      0.657  38.807565    13.5266     6.9731      0.652    32.4966    24.3495 -9.990e-29
 179.912413      0.661  38.808060    13.5311     6.9739      0.655    32.4932    24.3460 -9.990e-29
 179.912419      0.671  38.808065    13.5326     6.9663      0.665    32.4919    24.3447 -9.990e-29
 179.912425      0.684  38.806291    13.5323     6.9651      0.678    32.4905    24.3437 -9.990e-29
 179.912431      0.692  38.804296    13.5317     6.9733      0.686    32.4892    24.3428 -9.990e-29
 179.912436      0.692  38.804460    13.5322     6.9846      0.686    32.4889    24.3424 -9.990e-29
 179.912442      0.687  38.805319    13.5341     6.9812      0.681    32.4881    24.3414 -9.990e-29
 179.912448      0.686  38.805775    13.5363     6.9786      0.680    32.4866    24.3399 -9.990e-29
 179.912454      0.694  38.807555    13.5357     6.9811      0.688    32.4888    24.3417 -9.990e-29
 179.912459      0.705  38.807428    13.5325     6.9802      0.699    32.4914    24.3443 -9.990e-29
 179.912465      0.714  38.802422    13.5307     6.9833      0.708    32.4883    24.3423 -9.990e-29
 179.912471      0.715  38.798749    13.5306     6.9823      0.709    32.4849    24.3397 -9.990e-29
 179.912477      0.713  38.798792    13.5300     6.9734      0.707    32.4855    24.3402 -9.990e-29
 179.912483      0.717  38.798126    13.5287     6.9768      0.711    32.4860    24.3409 -9.990e-29
 179.912488      0.727  38.796982    13.5287     6.9702      0.721    32.4849    24.3400 -9.990e-29
 179.912494      0.734  38.798875    13.5308     6.9576      0.728    32.4849    24.3396 -9.990e-29
 179.912500      0.736  38.802963    13.5324     6.9506      0.730    32.4873    24.3412 -9.990e-29
 179.912506      0.732  38.805730    13.5331     6.9428      0.726    32.4893    24.3426 -9.990e-29
 179.912512      0.726  38.806943    13.5343     6.9537      0.720    32.4894    24.3424 -9.990e-29
 179.912517      0.726  38.808219    13.5352     6.9548      0.720    32.4898    24.3426 -9.990e-29
 179.912523      0.733  38.809015    13.5362     6.9579      0.727    32.4897    24.3423 -9.990e-29
 179.912529      0.739  38.808150    13.5394     6.9685      0.733    32.4862    24.3389 -9.990e-29
 179.912535      0.738  38.807272    13.5455     6.9630      0.732    32.4802    24.3330 -9.990e-29
 179.912541      0.732  38.809128    13.5519     6.9507      0.726    32.4765    24.3289 -9.990e-29
 179.912546      0.724  38.813392    13.5548     6.9405      0.718    32.4780    24.3295 -9.990e-29
 179.912552      0.723  38.816783    13.5541     6.9503      0.717    32.4817    24.3325 -9.990e-29
 179.912558      0.727  38.817659    13.5508     6.9520      0.721    32.4854    24.3360 -9.990e-29
 179.912564      0.730  38.814945    13.5466     6.9564      0.724    32.4864    24.3376 -9.990e-29
 179.912569      0.726  38.810623    13.5432     6.9575      0.720    32.4853    24.3374 -9.990e-29
 179.912575      0.721  38.808454    13.5384     6.9549      0.715    32.4873    24.3400 -9.990e-29
 179.912581      0.717  38.805543    13.5302     6.9441      0.711    32.4916    24.3449 -9.990e-29
 179.912587      0.714  38.796325    13.5223     6.9546      0.708    32.4897    24.3451 -9.990e-29
 179.912593      0.718  38.787560    13.5196     6.9445      0.712    32.4838    24.3411 -9.990e-29
 179.912598      0.727  38.791653    13.5210     6.9555      0.721    32.4865    24.3428 -9.990e-29
 179.912604      0.734  38.800608    13.5225     6.9728      0.728    32.4935    24.3480 -9.990e-29
 179.912610      0.735  38.801707    13.5230     6.9795      0.729    32.4941    24.3483 -9.990e-29
 179.912616      0.735  38.798658    13.5247     6.9832      0.729    32.4898    24.3447 -9.990e-29
 179.912622      0.741  38.797478    13.5254     6.9574      0.735    32.4881    24.3432 -9.990e-29
 179.912627      0.755  38.791552    13.5227     6.9481      0.749    32.4849    24.3413 -9.990e-29
 179.912633      0.768  38.780821    13.5207     6.9604      0.762    32.4766    24.3353 -9.990e-29
 179.912639      0.778  38.777871    13.5195     6.9675      0.772    32.4749    24.3342 -9.990e-29
 179.912645      0.785  38.780448    13.5202     6.9470      0.778    32.4767    24.3354 -9.990e-29
 179.912650      0.789  38.784702    13.5237     6.9376      0.782    32.4777    24.3355 -9.990e-29
 179.912656      0.790  38.790698    13.5253     6.9337      0.783    32.4819    24.3384 -9.990e-29
 179.912662      0.789  38.794664    13.5243     6.9627      0.782    32.4864    24.3421 -9.990e-29
 179.912668      0.786  38.797403    13.5233     6.9767      0.779    32.4898    24.3450 -9.990e-29
 179.912674      0.785  38.796964    13.5201     6.9763      0.778    32.4922    24.3474 -9.990e-29
 179.912679      0.789  38.788274    13.5050     6.9913      0.782    32.4969    24.3541 -9.990e-29
 179.912685      0.795  38.770395    13.4781     6.9843      0.788    32.5031    24.3643 -9.990e-29
 179.912691      0.799  38.749184    13.4593     6.9673      0.792    32.4993    24.3652 -9.990e-29
 179.912697      0.801  38.738380    13.4609     6.9502      0.794    32.4879    24.3560 -9.990e-29
 179.912703      0.802  38.747103    13.4743     6.9200      0.795    32.4846    24.3508 -9.990e-29
 179.912708      0.801  38.763442    13.4876     6.9419      0.794    32.4885    24.3511 -9.990e-29
 179.912714      0.799  38.772201    13.4977     6.9569      0.792    32.4881    24.3488 -9.990e-29
 179.912720      0.795  38.776096    13.5062     6.9711      0.788    32.4845    24.3443 -9.990e-29
 179.912726      0.793  38.780322    13.5123     6.9745      0.786    32.4833    24.3421 -9.990e-29
 179.912731      0.798  38.781546    13.5159     6.9588      0.791    32.4813    24.3399 -9.990e-29
 179.912737      0.804  38.774679    13.5163     6.9253      0.797    32.4746    24.3346 -9.990e-29
 179.912743      0.810  38.761769    13.5155     6.9217      0.803    32.4632    24.3260 -9.990e-29
 179.912749      0.814  38.756979    13.5212     6.9122      0.807    32.4539    24.3176 -9.990e-29
 179.912755      0.817  38.769051    13.5332     6.9342      0.810    32.4550    24.3160 -9.990e-29
 179.912760      0.820  38.788861    13.5444     6.9226      0.813    32.4639    24.3207 -9.990e-29
 179.912766      0.823  38.805842    13.5503     6.9158      0.816    32.4747    24.3279 -9.990e-29
 179.912772      0.825  38.812939    13.5504     6.9104      0.818    32.4813    24.3329 -9.990e-29
 179.912778      0.826  38.806725    13.5473     6.9090      0.819    32.4781    24.3311 -9.990e-29
 179.912784      0.828  38.799087    13.5432     6.9260      0.821    32.4745    24.3291 -9.990e-29
 179.912789      0.830  38.799452    13.5403     6.9288      0.823    32.4773    24.3318 -9.990e-29
 179.912795      0.832  38.802699    13.5393     6.9322      0.825    32.4812    24.3350 -9.990e-29
 179.912801      0.835  38.805311    13.5365     6.9175      0.828    32.4860    24.3393 -9.990e-29
 179.912807      0.838  38.804606    13.5316     6.9064      0.831    32.4895    24.3430 -9.990e-29
 179.912813      0.842  38.798522    13.5308     6.8994      0.835    32.4845    24.3393 -9.990e-29
 179.912818      0.846  38.795193    13.5363     6.8961      0.839    32.4767    24.3322 -9.990e-29
 179.912824      0.852  38.801385    13.5435     6.8973      0.845    32.4763    24.3305 -9.990e-29
 179.912830      0.860  38.810782    13.5475     6.9003      0.853    32.4817    24.3338 -9.990e-29
 179.912836      0.869  38.816303    13.5477     6.8979      0.862    32.4867    24.3376 -9.990e-29
 179.912841      0.877  38.818025    13.5461     6.9004      0.870    32.4896    24.3402 -9.990e-29
 179.912847      0.880  38.817681    13.5445     6.9093      0.873    32.4907    24.3414 -9.990e-29
 179.912853      0.878  38.817053    13.5445     6.9107      0.871    32.4901    24.3409 -9.990e-29
 179.912859      0.870  38.817542    13.5439     6.9258      0.863    32.4911    24.3418 -9.990e-29
 179.912865      0.860  38.815874    13.5404     6.9316      0.853    32.4925    24.3436 -9.990e-29
 179.912870      0.853  38.810387    13.5341     6.9292      0.846    32.4927    24.3450 -9.990e-29
 179.912876      0.848  38.801048    13.5254     6.9378      0.841    32.4914    24.3458 -9.990e-29
 179.912882      0.843  38.788288    13.5178     6.9450      0.836    32.4860    24.3431 -9.990e-29
 179.912888      0.840  38.780868    13.5144     6.9504      0.833    32.4820    24.3407 -9.990e-29
 179.912894      0.838  38.782338    13.5137     6.9370      0.831    32.4839    24.3423 -9.990e-29
 179.912899      0.836  38.785690    13.5151     6.9205      0.829    32.4859    24.3436 -9.990e-29
 179.912905      0.835  38.788667    13.5185     6.9006      0.828    32.4858    24.3428 -9.990e-29
 179.912911      0.834  38.792437    13.5232     6.8919      0.827    32.4853    24.3415 -9.990e-29
 179.912917      0.834  38.796980    13.5298     6.8931      0.827    32.4839    24.3391 -9.990e-29
 179.912922      0.835  38.803310    13.5375     6.8936      0.828    32.4833    24.3370 -9.990e-29
 179.912928      0.836  38.811460    13.5453     6.9072      0.829    32.4842    24.3362 -9.990e-29
 179.912934      0.837  38.819969    13.5527     6.8999      0.830    32.4859    24.3360 -9.990e-29
 179.912940      0.839  38.827296    13.5580     6.8927      0.832    32.4882    24.3367 -9.990e-29
 179.912946      0.842  38.832001    13.5598     6.9025      0.835    32.4910    24.3385 -9.990e-29
 179.912951      0.845  38.833074    13.5592     6.9089      0.838    32.4925    24.3398 -9.990e-29
 179.912957      0.850  38.831945    13.5575     6.9426      0.843    32.4929    24.3405 -9.990e-29
 179.912963      0.856  38.829909    13.5548     6.9692      0.849    32.4933    24.3413 -9.990e-29
 179.912969      0.865  38.824808    13.5490     6.9463      0.858    32.4935    24.3426 -9.990e-29
 179.912975      0.875  38.810401    13.5364     6.9224      0.868    32.4908    24.3431 -9.990e-29
 179.912980      0.884  38.787088    13.5205     6.9131      0.877    32.4826    24.3399 -9.990e-29
 179.912986      0.885  38.771412    13.5067     6.9171      0.878    32.4797    24.3405 -9.990e-29
 179.912992      0.876  38.768800    13.4957     6.9341      0.869    32.4866    24.3480 -9.990e-29
 179.912998      0.865  38.767361    13.4940     6.9316      0.858    32.4867    24.3484 -9.990e-29
 179.913003      0.857  38.768536    13.5014     6.9307      0.850    32.4815    24.3429 -9.990e-29
 179.913009      0.852  38.774447    13.5070     6.9400      0.845    32.4823    24.3424 -9.990e-29
 179.913015      0.847  38.777284    13.5092     6.9355      0.840    32.4830    24.3426 -9.990e-29
 179.913021      0.844  38.780271    13.5120     6.9360      0.837    32.4835    24.3423 -9.990e-29
 179.913027      0.842  38.786829    13.5129     6.9246      0.835    32.4888    24.3463 -9.990e-29
 179.913032      0.841  38.790010    13.5105     6.8955      0.834    32.4938    24.3506 -9.990e-29
 179.913038      0.841  38.786772    13.5091     6.8692      0.834    32.4920    24.3495 -9.990e-29
 179.913044      0.842  38.783440    13.5120     6.8540      0.835    32.4864    24.3446 -9.990e-29
 179.913050      0.843  38.785657    13.5184     6.8653      0.836    32.4830    24.3407 -9.990e-29
 179.913056      0.846  38.793575    13.5262     6.8812      0.839    32.4838    24.3397 -9.990e-29
 179.913061      0.850  38.804302    13.5313     6.8871      0.843    32.4894    24.3431 -9.990e-29
 179.913067      0.855  38.811408    13.5322     6.9012      0.848    32.4953    24.3474 -9.990e-29
 179.913073      0.862  38.812601    13.5311     6.8943      0.855    32.4974    24.3492 -9.990e-29
 179.913079      0.871  38.810590    13.5284     6.8999      0.864    32.4978    24.3501 -9.990e-29
 179.913084      0.879  38.807736    13.5234     6.9140      0.872    32.4994    24.3523 -9.990e-29
 179.913090      0.881  38.804714    13.5173     6.9065      0.874    32.5017    24.3554 -9.990e-29
 179.913096      0.883  38.799920    13.5127     6.8992      0.876    32.5012    24.3559 -9.990e-29
 179.913102      0.888  38.794234    13.5117     6.8855      0.881    32.4967    24.3526 -9.990e-29
 179.913108      0.893  38.791970    13.5142     6.8861      0.886    32.4925    24.3488 -9.990e-29
 179.913113      0.893  38.795617    13.5189     6.9037      0.886    32.4919    24.3474 -9.990e-29
 179.913119      0.893  38.802848    13.5246     6.9038      0.886    32.4938    24.3478 -9.990e-29
 179.913125      0.898  38.809773    13.5299     6.8967      0.891    32.4957    24.3482 -9.990e-29
 179.913131      0.907  38.814338    13.5336     6.8715      0.899    32.4968    24.3483 -9.990e-29
 179.913137      0.921  38.816942    13.5354     6.8696      0.913    32.4977    24.3486 -9.990e-29
 179.913142      0.936  38.818733    13.5371     6.8751      0.928    32.4979    24.3485 -9.990e-29
 179.913148      0.946  38.820893    13.5407     6.8773      0.938    32.4969    24.3469 -9.990e-29
 179.913154      0.946  38.825097    13.5452     6.8948      0.938    32.4970    24.3461 -9.990e-29
 179.913160      0.942  38.830142    13.5486     6.8835      0.934    32.4988    24.3468 -9.990e-29
 179.913166      0.940  38.833706    13.5512     6.8867      0.932    32.4999    24.3471 -9.990e-29
 179.913171      0.945  38.835975    13.5546     6.8941      0.937    32.4991    24.3458 -9.990e-29
 179.913177      0.953  38.837650    13.5582     6.8932      0.945    32.4976    24.3440 -9.990e-29
 179.913183      0.957  38.839199    13.5605     6.9034      0.949    32.4971    24.3431 -9.990e-29
 179.913189      0.952  38.840360    13.5616     6.9025      0.944    32.4973    24.3430 -9.990e-29
 179.913194      0.942  38.839797    13.5614     6.9073      0.934    32.4969    24.3428 -9.990e-29
 179.913200      0.935  38.834992    13.5583     6.8961      0.927    32.4951    24.3420 -9.990e-29
 179.913206      0.935  38.823941    13.5532     6.8975      0.927    32.4891    24.3384 -9.990e-29
 179.913212      0.938  38.815358    13.5501     6.8905      0.930    32.4837    24.3349 -9.990e-29
 179.913218      0.934  38.816767    13.5504     6.8885      0.926    32.4848    24.3356 -9.990e-29
 179.913223      0.925  38.821557    13.5510     6.8984      0.917    32.4887    24.3386 -9.990e-29
 179.913229      0.918  38.825382    13.5500     6.8808      0.910    32.4932    24.3422 -9.990e-29
 179.913235      0.916  38.827095    13.5465     6.8945      0.908    32.4977    24.3464 -9.990e-29
 179.913241      0.921  38.824975    13.5393     6.8897      0.913    32.5019    24.3511 -9.990e-29
 179.913247      0.926  38.820593    13.5310     6.8959      0.918    32.5049    24.3550 -9.990e-29
 179.913252      0.930  38.816425    13.5251     6.9020      0.922    32.5060    24.3571 -9.990e-29
 179.913258      0.931  38.811874    13.5220     6.8989      0.923    32.5044    24.3565 -9.990e-29
 179.913264      0.931  38.806948    13.5224     6.9058      0.923    32.4995    24.3526 -9.990e-29
 179.913270      0.933  38.806201    13.5243     6.8908      0.925    32.4971    24.3504 -9.990e-29
 179.913275      0.938  38.809112    13.5233     6.8996      0.930    32.5007    24.3534 -9.990e-29
 179.913281      0.941  38.810513    13.5176     6.9069      0.933    32.5069    24.3593 -9.990e-29
 179.913287      0.947  38.808266    13.5096     6.8953      0.939    32.5116    24.3645 -9.990e-29
 179.913293      0.956  38.802655    13.5040     6.8704      0.948    32.5111    24.3653 -9.990e-29
