data/oxygen options/ONMS/Olympic_Coast_National_Marine_Sanctuary_CTD_Data_2005_2023/raw_data/2016/CAST_MB042_161011faedb.cnv
* Sea-Bird SBE19 Data File:
* FileName = C:\2016 Mooring Data\Casts\Data\CAST_MB042_161011.hex
* Software Version 1.59
* Temperature SN = 2997
* Conductivity SN = 2997
* System UpLoad Time = Oct 11 2016 19:17:48
** CAST_MB042_161011
* ds
# nquan = 9
# nvalues = 41                          
# units = specified
# name 0 = timeJ: Julian Days
# name 1 = prSM: Pressure, Strain Gauge [db]
# name 2 = c0mS/cm: Conductivity [mS/cm]
# name 3 = t090C: Temperature [ITS-90, deg C]
# name 4 = sbeox0ML/L: Oxygen, SBE 43 [ml/l]
# name 5 = depSM: Depth [salt water, m], lat = 47.5
# name 6 = sal00: Salinity, Practical [PSU]
# name 7 = sigma-é00: Density [sigma-theta, kg/m^3]
# name 8 = flag: flag
# span 0 = 285.776067, 285.777344       
# span 1 =      3.000,     43.000       
# span 2 =  35.747992,  36.876633       
# span 3 =     9.3905,    13.2906       
# span 4 =     2.2339,     5.6182       
# span 5 =      2.975,     42.637       
# span 6 =    30.4515,    33.1516       
# span 7 =    22.8422,    25.6096       
# span 8 = 0.0000e+00, 0.0000e+00       
# interval = decibars: 1                
# start_time = Oct 11 2016 18:29:56 [Instrument's time stamp, header]
# bad_flag = -9.990e-29
*END*
 285.776067      3.000  36.285681    13.1542     5.6182      2.975    30.4515    22.8422 0.0000e+00
 285.776104      4.000  36.293181    13.1562     5.6067      3.967    30.4565    22.8458 0.0000e+00
 285.776137      5.000  36.297916    13.1569     5.6151      4.958    30.4600    22.8484 0.0000e+00
 285.776170      6.000  36.296836    13.1560     5.6150      5.950    30.4594    22.8481 0.0000e+00
 285.776202      7.000  36.298206    13.1574     5.5944      6.942    30.4591    22.8476 0.0000e+00
 285.776232      8.000  36.313935    13.1650     5.5431      7.933    30.4673    22.8525 0.0000e+00
 285.776258      9.000  36.377273    13.1930     5.5031      8.924    30.5035    22.8751 0.0000e+00
 285.776282     10.000  36.469619    13.2315     5.4846      9.916    30.5582    22.9099 0.0000e+00
 285.776306     11.000  36.568205    13.2697     5.4556     10.908    30.6189    22.9494 0.0000e+00
 285.776333     12.000  36.620012    13.2821     5.4683     11.899    30.6567    22.9763 0.0000e+00
 285.776366     13.000  36.640840    13.2847     5.4606     12.891    30.6736    22.9888 0.0000e+00
 285.776400     14.000  36.651520    13.2892     5.4633     13.883    30.6795    22.9926 0.0000e+00
 285.776432     15.000  36.657089    13.2893     5.4490     14.874    30.6843    22.9962 0.0000e+00
 285.776464     16.000  36.659226    13.2890     5.4606     15.866    30.6861    22.9977 0.0000e+00
 285.776493     17.000  36.660762    13.2889     5.4509     16.857    30.6873    22.9987 0.0000e+00
 285.776521     18.000  36.663609    13.2890     5.4530     17.849    30.6894    23.0004 0.0000e+00
 285.776551     19.000  36.669228    13.2879     5.4508     18.841    30.6952    23.0050 0.0000e+00
 285.776581     20.000  36.674634    13.2875     5.4434     19.832    30.7001    23.0090 0.0000e+00
 285.776610     21.000  36.699660    13.2897     5.4376     20.824    30.7212    23.0249 0.0000e+00
 285.776642     22.000  36.732510    13.2906     5.4172     21.815    30.7507    23.0475 0.0000e+00
 285.776675     23.000  36.779345    13.2852     5.3896     22.807    30.7983    23.0854 0.0000e+00
 285.776709     24.000  36.822973    13.2678     5.3838     23.798    30.8526    23.1308 0.0000e+00
 285.776747     25.000  36.846838    13.2369     5.3537     24.790    30.8995    23.1731 0.0000e+00
 285.776783     26.000  36.867499    13.1987     5.2842     25.781    30.9495    23.2192 0.0000e+00
 285.776813     27.000  36.876633    13.1199     5.2592     26.773    31.0219    23.2906 0.0000e+00
 285.776845     28.000  36.866087    13.0539     5.2299     27.764    31.0656    23.3372 0.0000e+00
 285.776876     29.000  36.850117    13.0053     5.1812     28.756    31.0901    23.3656 0.0000e+00
 285.776908     30.000  36.832054    12.9135     5.0010     29.748    31.1482    23.4282 0.0000e+00
 285.776939     31.000  36.800405    12.7293     4.5399     30.739    31.2700    23.5578 0.0000e+00
 285.776971     32.000  36.711248    12.3338     4.0154     31.730    31.5150    23.8224 0.0000e+00
 285.777003     33.000  36.558130    11.7921     3.5330     32.722    31.8269    24.1646 0.0000e+00
 285.777035     34.000  36.363763    11.1610     2.9293     33.713    32.1832    24.5548 0.0000e+00
 285.777070     35.000  36.094832    10.3637     2.8541     34.705    32.6207    25.0341 0.0000e+00
 285.777101     36.000  36.052723    10.1684     2.8046     35.696    32.7538    25.1709 0.0000e+00
 285.777134     37.000  36.013041    10.0539     2.7417     36.688    32.8169    25.2393 0.0000e+00
 285.777171     38.000  35.977056     9.9636     2.6467     37.679    32.8620    25.2896 0.0000e+00
 285.777203     39.000  35.933061     9.8414     2.4859     38.671    32.9283    25.3616 0.0000e+00
 285.777231     40.000  35.876916     9.6903     2.3681     39.662    33.0089    25.4494 0.0000e+00
 285.777262     41.000  35.816690     9.5634     2.3047     40.654    33.0634    25.5127 0.0000e+00
 285.777306     42.000  35.772164     9.4537     2.2508     41.645    33.1185    25.5735 0.0000e+00
 285.777344     43.000  35.747992     9.3905     2.2339     42.637    33.1516    25.6096 0.0000e+00
