data/oxygen options/ONMS/Olympic_Coast_National_Marine_Sanctuary_CTD_Data_2005_2023/raw_data/2016/CAST_CE042_160630faedb.cnv
* Sea-Bird SBE19 Data File:
* FileName = C:\2016 Mooring Data\Casts\Data\CAST_CE042_160630.hex
* Software Version 1.59
* Temperature SN = 2997
* Conductivity SN = 2997
* System UpLoad Time = Jun 30 2016 17:17:11
** CAST_CE042_160630
* ds
# nquan = 9
# nvalues = 46                          
# units = specified
# name 0 = timeJ: Julian Days
# name 1 = prSM: Pressure, Strain Gauge [db]
# name 2 = c0mS/cm: Conductivity [mS/cm]
# name 3 = t090C: Temperature [ITS-90, deg C]
# name 4 = sbeox0ML/L: Oxygen, SBE 43 [ml/l]
# name 5 = depSM: Depth [salt water, m], lat = 47.5
# name 6 = sal00: Salinity, Practical [PSU]
# name 7 = sigma-é00: Density [sigma-theta, kg/m^3]
# name 8 = flag: flag
# span 0 = 182.713711, 182.715053       
# span 1 =      2.000,     47.000       
# span 2 =  34.809819,  37.387640       
# span 3 =     7.9335,    11.9843       
# span 4 =     2.7810,     8.1538       
# span 5 =      1.984,     46.603       
# span 6 =    32.4633,    33.5409       
# span 7 =    24.6225,    26.1382       
# span 8 = 0.0000e+00, 0.0000e+00       
# interval = decibars: 1                
# start_time = Jun 30 2016 16:59:25 [Instrument's time stamp, header]
# bad_flag = -9.990e-29
*END*
 182.713711      2.000  37.374770    11.9843     8.1227      1.984    32.4633    24.6225 0.0000e+00
 182.713741      3.000  37.380334    11.9496     8.1316      2.975    32.4985    24.6562 0.0000e+00
 182.713768      4.000  37.387640    11.9075     8.1538      3.967    32.5420    24.6979 0.0000e+00
 182.713793      5.000  37.379956    11.8641     8.1176      4.958    32.5720    24.7292 0.0000e+00
 182.713818      6.000  37.339011    11.7917     8.1036      5.950    32.5953    24.7607 0.0000e+00
 182.713842      7.000  37.310002    11.7445     8.0387      6.941    32.6081    24.7794 0.0000e+00
 182.713867      8.000  37.293132    11.7224     7.8534      7.933    32.6107    24.7854 0.0000e+00
 182.713892      9.000  37.210869    11.6129     7.8161      8.925    32.6264    24.8178 0.0000e+00
 182.713916     10.000  37.161168    11.5676     7.7701      9.916    32.6173    24.8190 0.0000e+00
 182.713943     11.000  37.137015    11.5294     7.7226     10.908    32.6270    24.8335 0.0000e+00
 182.713969     12.000  37.110909    11.4952     7.7256     11.900    32.6312    24.8430 0.0000e+00
 182.713998     13.000  37.103466    11.4835     7.7702     12.891    32.6338    24.8472 0.0000e+00
 182.714025     14.000  37.105958    11.4777     7.7733     13.883    32.6409    24.8538 0.0000e+00
 182.714050     15.000  37.104355    11.4672     7.7685     14.874    32.6483    24.8614 0.0000e+00
 182.714079     16.000  37.105761    11.4644     7.7298     15.866    32.6516    24.8646 0.0000e+00
 182.714108     17.000  37.089573    11.4421     7.1682     16.857    32.6551    24.8713 0.0000e+00
 182.714136     18.000  36.933077    11.2512     6.8851     17.849    32.6699    24.9171 0.0000e+00
 182.714166     19.000  36.811865    11.1395     6.5057     18.841    32.6492    24.9211 0.0000e+00
 182.714195     20.000  36.681720    10.9210     6.3402     19.832    32.7144    25.0105 0.0000e+00
 182.714225     21.000  36.608369    10.8484     6.2040     20.824    32.7060    25.0167 0.0000e+00
 182.714255     22.000  36.533634    10.7303     6.0100     21.815    32.7368    25.0613 0.0000e+00
 182.714283     23.000  36.475842    10.6577     5.8822     22.807    32.7438    25.0793 0.0000e+00
 182.714314     24.000  36.413427    10.5721     5.2757     23.798    32.7578    25.1051 0.0000e+00
 182.714340     25.000  36.219114    10.3270     4.8591     24.790    32.7831    25.1667 0.0000e+00
 182.714366     26.000  35.987431    10.0456     4.7510     25.781    32.8033    25.2298 0.0000e+00
 182.714395     27.000  35.872646     9.9060     4.3081     26.773    32.8132    25.2608 0.0000e+00
 182.714422     28.000  35.621655     9.5627     4.0847     27.764    32.8698    25.3612 0.0000e+00
 182.714453     29.000  35.436908     9.2933     3.9282     28.756    32.9269    25.4491 0.0000e+00
 182.714487     30.000  35.317245     9.1005     3.8277     29.748    32.9806    25.5218 0.0000e+00
 182.714517     31.000  35.232950     8.9272     3.7614     30.739    33.0534    25.6059 0.0000e+00
 182.714551     32.000  35.196434     8.8411     3.6289     31.731    33.0951    25.6520 0.0000e+00
 182.714584     33.000  35.117151     8.6913     3.4726     32.722    33.1518    25.7194 0.0000e+00
 182.714617     34.000  35.009083     8.4573     3.2195     33.713    33.2577    25.8381 0.0000e+00
 182.714648     35.000  34.867874     8.2271     3.1279     34.705    33.3255    25.9259 0.0000e+00
 182.714681     36.000  34.827768     8.0539     3.1050     35.696    33.4472    26.0470 0.0000e+00
 182.714715     37.000  34.810341     7.9718     3.0894     36.688    33.5068    26.1058 0.0000e+00
 182.714747     38.000  34.811511     7.9635     3.0950     37.679    33.5155    26.1139 0.0000e+00
 182.714784     39.000  34.811289     7.9658     3.0905     38.671    33.5126    26.1113 0.0000e+00
 182.714815     40.000  34.809858     7.9649     3.0855     39.662    33.5114    26.1105 0.0000e+00
 182.714848     41.000  34.811672     7.9550     3.0685     40.654    33.5224    26.1206 0.0000e+00
 182.714881     42.000  34.812326     7.9420     3.0592     41.645    33.5351    26.1325 0.0000e+00
 182.714916     43.000  34.813622     7.9396     3.0521     42.637    33.5384    26.1354 0.0000e+00
 182.714946     44.000  34.812322     7.9349     3.0611     43.628    33.5409    26.1382 0.0000e+00
 182.714982     45.000  34.811930     7.9347     3.0502     44.619    33.5402    26.1376 0.0000e+00
 182.715017     46.000  34.810628     7.9335     3.0468     45.611    33.5396    26.1373 0.0000e+00
 182.715053     47.000  34.809819     7.9335     2.7810     46.603    33.5380    26.1363 0.0000e+00
