data/oxygen options/ONMS/Olympic_Coast_National_Marine_Sanctuary_CTD_Data_2005_2023/raw_data/2016/CAST_KL015_161006faed.cnv
* Sea-Bird SBE19 Data File:
* FileName = C:\2016 Mooring Data\Casts\Data\CAST_KL015_161006.hex
* Software Version 1.59
* Temperature SN = 2997
* Conductivity SN = 2997
* System UpLoad Time = Oct 06 2016 17:02:31
** CAST_KL015_161006
* ds
# nquan = 9                                 
# nvalues = 1024                        
# units = specified
# name 0 = timeJ: Julian Days
# name 1 = prSM: Pressure, Strain Gauge [db]
# name 2 = c0mS/cm: Conductivity [mS/cm]
# name 3 = t090C: Temperature [ITS-90, deg C]
# name 4 = sbeox0ML/L: Oxygen, SBE 43 [ml/l]
# name 5 = depSM: Depth [salt water, m], lat = 47.5
# name 6 = sal00: Salinity, Practical [PSU]
# name 7 = sigma-é00: Density [sigma-theta, kg/m^3]
# name 8 = flag: flag
# span 0 = 280.693206, 280.699126       
# span 1 =     -4.805,     16.368       
# span 2 =   0.383605,  37.096389       
# span 3 =    12.1773,    13.4936       
# span 4 =    -1.9893,    11.9463       
# span 5 =     -4.765,     16.231       
# span 6 =     0.2441,    30.9786       
# span 7 =    -0.3969,    23.1961       
# span 8 = 0.0000e+00, 0.0000e+00       
# interval = seconds: 0.5
# start_time = Oct 06 2016 16:38:13 [Instrument's time stamp, header]
# bad_flag = -9.990e-29
*END*
[from data line 481]
 280.695990      0.111   0.513643    12.3896    -1.9809      0.110     0.3317    -0.2869 -9.990e-29
 280.695995      0.099   0.513059    12.3870    -1.9808      0.098     0.3313    -0.2869 -9.990e-29
 280.696001      0.088   0.512488    12.3832    -1.9807      0.087     0.3310    -0.2867 -9.990e-29
 280.696007      0.081   0.512281    12.3787    -1.9807      0.080     0.3309    -0.2862 -9.990e-29
 280.696013      0.078   0.512531    12.3747    -1.9805      0.077     0.3311    -0.2856 -9.990e-29
 280.696019      0.079   0.513015    12.3717    -1.9804      0.078     0.3314    -0.2850 -9.990e-29
 280.696024      0.083   0.513640    12.3701    -1.9804      0.082     0.3319    -0.2844 -9.990e-29
 280.696030      0.092   0.514129    12.3696    -1.9803      0.091     0.3322    -0.2841 -9.990e-29
 280.696036      0.101   0.514392    12.3699    -1.9803      0.100     0.3324    -0.2840 -9.990e-29
 280.696042      0.106   0.514780    12.3710    -1.9799      0.105     0.3326    -0.2840 -9.990e-29
 280.696047      0.113   0.515255    12.3727    -1.9797      0.112     0.3329    -0.2839 -9.990e-29
 280.696053      0.121   0.515897    12.3744    -1.9796      0.120     0.3333    -0.2838 -9.990e-29
 280.696059      0.127   0.517005    12.3761    -1.9794      0.126     0.3341    -0.2834 -9.990e-29
 280.696065      0.131   0.518393    12.3780    -1.9793      0.130     0.3350    -0.2830 -9.990e-29
 280.696071      0.134   0.519691    12.3796    -1.9792      0.133     0.3358    -0.2825 -9.990e-29
 280.696076      0.136   0.520964    12.3807    -1.9793      0.135     0.3367    -0.2820 -9.990e-29
 280.696082      0.136   0.522799    12.3822    -1.9794      0.135     0.3379    -0.2812 -9.990e-29
 280.696088      0.140   0.525421    12.3852    -1.9792      0.139     0.3396    -0.2802 -9.990e-29
 280.696094      0.147   0.527884    12.3894    -1.9793      0.146     0.3412    -0.2794 -9.990e-29
 280.696100      0.153   0.529030    12.3937    -1.9794      0.152     0.3420    -0.2794 -9.990e-29
 280.696105      0.163   0.529279    12.3975    -1.9797      0.162     0.3421    -0.2797 -9.990e-29
 280.696111      0.179   0.530074    12.4007    -1.9798      0.178     0.3426    -0.2797 -9.990e-29
 280.696117      0.191   0.531918    12.4028    -1.9802      0.189     0.3438    -0.2790 -9.990e-29
 280.696123      0.198   0.533939    12.4033    -1.9802      0.196     0.3451    -0.2781 -9.990e-29
 280.696128      0.199   0.534944    12.4025    -1.9803      0.197     0.3458    -0.2774 -9.990e-29
 280.696134      0.198   0.535164    12.4018    -1.9806      0.196     0.3460    -0.2772 -9.990e-29
 280.696140      0.200   0.536557    12.4012    -1.9809      0.198     0.3469    -0.2764 -9.990e-29
 280.696146      0.200   0.540425    12.3993    -1.9810      0.198     0.3495    -0.2742 -9.990e-29
 280.696152      0.195   0.545820    12.3960    -1.9811      0.193     0.3532    -0.2709 -9.990e-29
 280.696157      0.189   0.550497    12.3917    -1.9813      0.187     0.3563    -0.2679 -9.990e-29
 280.696163      0.184   0.552919    12.3868    -1.9818      0.182     0.3580    -0.2660 -9.990e-29
 280.696169      0.181   0.553539    12.3821    -1.9826      0.179     0.3585    -0.2651 -9.990e-29
 280.696175      0.180   0.553741    12.3781    -1.9829      0.178     0.3586    -0.2645 -9.990e-29
 280.696181      0.181   0.554347    12.3742    -1.9833      0.179     0.3591    -0.2637 -9.990e-29
 280.696186      0.187   0.555612    12.3697    -1.9838      0.185     0.3600    -0.2625 -9.990e-29
 280.696192      0.200   0.557555    12.3651    -1.9844      0.198     0.3613    -0.2609 -9.990e-29
 280.696198      0.212   0.559993    12.3609    -1.9845      0.210     0.3630    -0.2591 -9.990e-29
 280.696204      0.218   0.562289    12.3565    -1.9847      0.216     0.3646    -0.2573 -9.990e-29
 280.696209      0.220   0.563063    12.3501    -1.9849      0.218     0.3651    -0.2561 -9.990e-29
 280.696215      0.218   0.561683    12.3405    -1.9852      0.216     0.3643    -0.2556 -9.990e-29
 280.696221      0.215   0.559639    12.3293    -1.9851      0.213     0.3630    -0.2552 -9.990e-29
 280.696227      0.216   0.558092    12.3190    -1.9850      0.214     0.3621    -0.2547 -9.990e-29
 280.696233      0.217   0.556645    12.3093    -1.9850      0.215     0.3612    -0.2543 -9.990e-29
 280.696238      0.213   0.555036    12.2995    -1.9849      0.211     0.3602    -0.2539 -9.990e-29
 280.696244      0.209   0.553340    12.2908    -1.9847      0.207     0.3592    -0.2537 -9.990e-29
 280.696250      0.208   0.552072    12.2848    -1.9848      0.206     0.3584    -0.2536 -9.990e-29
 280.696256      0.211   0.551763    12.2807    -1.6721      0.209     0.3582    -0.2532 -9.990e-29
 280.696262      0.217   0.552001    12.2770    -1.6162      0.215     0.3584    -0.2526 -9.990e-29
 280.696267      0.223   0.552547    12.2741    -1.6086      0.221     0.3588    -0.2520 -9.990e-29
 280.696273      0.225   0.554684    12.2734    -1.6067      0.223     0.3602    -0.2508 -9.990e-29
 280.696279      0.227   0.563482    12.2749    -1.6065      0.225     0.3661    -0.2463 -9.990e-29
 280.696285      0.233   0.593447    12.2789    -1.6068      0.231     0.3863    -0.2311 -9.990e-29
 280.696291      0.241   0.684535    12.2888    -1.6066      0.239     0.4478    -0.1843 -9.990e-29
 280.696296      0.249   0.956532    12.3146    -1.6063      0.247     0.6340    -0.0422 -9.990e-29
 280.696302      0.268   1.773763    12.3874    -1.6068      0.266     1.2084     0.3961 -9.990e-29
 280.696308      0.298   4.231422    12.5943    -1.6071      0.296     3.0152     1.7717 -9.990e-29
 280.696314      0.333  11.611387    12.9320    -1.6071      0.330     8.8186     6.2052 -9.990e-29
 280.696319      0.371  23.088780    13.2224    -1.6070      0.368    18.4717    13.5905 -9.990e-29
 280.696325      0.413  31.418256    13.3727    -1.6070      0.410    25.8137    19.2201 -9.990e-29
 280.696331      0.464  34.604859    13.4354    -1.6074      0.460    28.6787    21.4185 -9.990e-29
 280.696337      0.526  35.669035    13.4601    -1.6073      0.522    29.6394    22.1554 -9.990e-29
 280.696343      0.599  36.015765    13.4682    -1.6074      0.594    29.9530    22.3960 -9.990e-29
 280.696348      0.674  36.123110    13.4682    -1.6072      0.668    30.0522    22.4725 -9.990e-29
 280.696354      0.748  36.165070    13.4654    -1.6069      0.742    30.0931    22.5047 -9.990e-29
 280.696360      0.826  36.184773    13.4617    -1.6068      0.819    30.1142    22.5217 -9.990e-29
 280.696366      0.904  36.183909    13.4578    -1.6072      0.896    30.1165    22.5242 -9.990e-29
 280.696372      0.974  36.179313    13.4553    -1.6075      0.966    30.1142    22.5229 -9.990e-29
 280.696377      1.036  36.183408    13.4548    -1.6071      1.027    30.1183    22.5262 -9.990e-29
 280.696383      1.090  36.189395    13.4559    -1.6067      1.081    30.1230    22.5296 -9.990e-29
 280.696389      1.135  36.185155    13.4574    -1.6070      1.126    30.1178    22.5254 -9.990e-29
 280.696395      1.174  36.171262    13.4572    -1.6071      1.164    30.1051    22.5156 -9.990e-29
 280.696400      1.205  36.162307    13.4560    -1.6071      1.195    30.0978    22.5102 -9.990e-29
 280.696406      1.226  36.167143    13.4556    -1.6067      1.216    30.1026    22.5139 -9.990e-29
 280.696412      1.238  36.182199    13.4558    -1.6066      1.228    30.1163    22.5245 -9.990e-29
 280.696418      1.247  36.195686    13.4560    -1.6068      1.237    30.1286    22.5340 -9.990e-29
 280.696424      1.260  36.195403    13.4564    -1.6070      1.249    30.1281    22.5335 -9.990e-29
 280.696429      1.280  36.182721    13.4570    -1.6068      1.269    30.1158    22.5239 -9.990e-29
 280.696435      1.299  36.176085    13.4576    -1.6065      1.288    30.1092    22.5187 -9.990e-29
 280.696441      1.314  36.185757    13.4581    -1.6065      1.303    30.1178    22.5252 -9.990e-29
 280.696447      1.325  36.196689    13.4581    -1.6068      1.314    30.1279    22.5330 -9.990e-29
 280.696453      1.334  36.195516    13.4579    -1.6069      1.323    30.1269    22.5323 -9.990e-29
 280.696458      1.340  36.191945    13.4586    -1.6068      1.329    30.1231    22.5292 -9.990e-29
 280.696464      1.346  36.198642    13.4607    -1.6066      1.335    30.1276    22.5323 -9.990e-29
 280.696470      1.349  36.209480    13.4627    -1.6069      1.338    30.1361    22.5384 -9.990e-29
 280.696476      1.352  36.209845    13.4637    -1.6070      1.341    30.1356    22.5379 -9.990e-29
 280.696481      1.355  36.199732    13.4642    -1.6070      1.344    30.1259    22.5302 -9.990e-29
 280.696487      1.356  36.194287    13.4646    -1.6066      1.345    30.1205    22.5260 -9.990e-29
 280.696493      1.357  36.202002    13.4647    -1.6064      1.346    30.1276    22.5315 -9.990e-29
 280.696499      1.358  36.212503    13.4645    -1.6065      1.347    30.1374    22.5391 -9.990e-29
 280.696505      1.358  36.211849    13.4639    -1.6066      1.347    30.1373    22.5391 -9.990e-29
 280.696510      1.357  36.202594    13.4633    -1.6067      1.346    30.1292    22.5330 -9.990e-29
 280.696516      1.356  36.198232    13.4630    -1.6063      1.345    30.1254    22.5301 -9.990e-29
 280.696522      1.355  36.201974    13.4627    -1.6063      1.344    30.1291    22.5331 -9.990e-29
 280.696528      1.352  36.203192    13.4621    -1.6063      1.341    30.1307    22.5344 -9.990e-29
 280.696534      1.349  36.196853    13.4615    -1.6064      1.338    30.1253    22.5304 -9.990e-29
 280.696539      1.345  36.192494    13.4616    -1.6066      1.334    30.1212    22.5272 -9.990e-29
 280.696545      1.340  36.200613    13.4623    -1.6065      1.329    30.1282    22.5324 -9.990e-29
 280.696551      1.337  36.217539    13.4634    -1.6063      1.326    30.1430    22.5436 -9.990e-29
 280.696557      1.341  36.228936    13.4645    -1.6064      1.330    30.1526    22.5509 -9.990e-29
 280.696563      1.348  36.229340    13.4653    -1.6066      1.337    30.1524    22.5505 -9.990e-29
 280.696568      1.350  36.225515    13.4655    -1.6066      1.339    30.1487    22.5476 -9.990e-29
 280.696574      1.342  36.226992    13.4652    -1.6066      1.331    30.1503    22.5489 -9.990e-29
 280.696580      1.329  36.235244    13.4648    -1.6064      1.318    30.1582    22.5551 -9.990e-29
 280.696586      1.317  36.241737    13.4640    -1.6063      1.306    30.1649    22.5604 -9.990e-29
 280.696591      1.315  36.242310    13.4634    -1.6065      1.304    30.1659    22.5613 -9.990e-29
 280.696597      1.323  36.239473    13.4640    -1.6066      1.312    30.1628    22.5588 -9.990e-29
 280.696603      1.332  36.236790    13.4649    -1.6066      1.321    30.1596    22.5561 -9.990e-29
 280.696609      1.340  36.236912    13.4645    -1.6066      1.329    30.1600    22.5565 -9.990e-29
 280.696615      1.345  36.238385    13.4632    -1.6067      1.334    30.1624    22.5586 -9.990e-29
 280.696620      1.350  36.237078    13.4627    -1.6065      1.339    30.1616    22.5581 -9.990e-29
 280.696626      1.353  36.232994    13.4635    -1.6065      1.342    30.1572    22.5546 -9.990e-29
 280.696632      1.356  36.230835    13.4649    -1.6067      1.345    30.1541    22.5519 -9.990e-29
 280.696638      1.359  36.232830    13.4656    -1.6067      1.348    30.1554    22.5527 -9.990e-29
 280.696644      1.360  36.236101    13.4649    -1.6067      1.349    30.1589    22.5556 -9.990e-29
 280.696649      1.362  36.236114    13.4635    -1.6066      1.351    30.1600    22.5568 -9.990e-29
 280.696655      1.363  36.232394    13.4623    -1.6066      1.352    30.1576    22.5551 -9.990e-29
 280.696661      1.365  36.228446    13.4618    -1.6066      1.354    30.1543    22.5527 -9.990e-29
 280.696667      1.366  36.225794    13.4614    -1.6067      1.355    30.1522    22.5511 -9.990e-29
 280.696672      1.367  36.224327    13.4609    -1.6066      1.356    30.1512    22.5505 -9.990e-29
 280.696678      1.368  36.225516    13.4603    -1.6065      1.357    30.1528    22.5518 -9.990e-29
 280.696684      1.370  36.228773    13.4596    -1.6065      1.359    30.1563    22.5547 -9.990e-29
 280.696690      1.372  36.228982    13.4591    -1.6066      1.361    30.1569    22.5552 -9.990e-29
 280.696696      1.374  36.225366    13.4585    -1.6066      1.363    30.1541    22.5531 -9.990e-29
 280.696701      1.377  36.223814    13.4580    -1.6066      1.366    30.1530    22.5524 -9.990e-29
 280.696707      1.381  36.226603    13.4582    -1.6066      1.369    30.1554    22.5543 -9.990e-29
 280.696713      1.386  36.230773    13.4592    -1.6066      1.374    30.1585    22.5564 -9.990e-29
 280.696719      1.392  36.232228    13.4607    -1.6066      1.380    30.1587    22.5563 -9.990e-29
 280.696725      1.395  36.229619    13.4624    -1.6063      1.383    30.1549    22.5530 -9.990e-29
 280.696730      1.391  36.226058    13.4638    -1.6063      1.379    30.1505    22.5493 -9.990e-29
 280.696736      1.386  36.224129    13.4646    -1.6065      1.374    30.1481    22.5473 -9.990e-29
 280.696742      1.381  36.223553    13.4648    -1.6066      1.369    30.1474    22.5468 -9.990e-29
 280.696748      1.378  36.222490    13.4646     8.9577      1.366    30.1466    22.5462 -9.990e-29
 280.696753      1.375  36.220690    13.4643    11.7234      1.364    30.1452    22.5451 -9.990e-29
 280.696759      1.373  36.220286    13.4647    11.9463      1.362    30.1445    22.5445 -9.990e-29
 280.696765      1.371  36.220788    13.4656     9.9798      1.360    30.1442    22.5441 -9.990e-29
 280.696771      1.370  36.220112    13.4663     5.7657      1.359    30.1430    22.5431 -9.990e-29
 280.696777      1.369  36.220207    13.4665     5.8486      1.358    30.1430    22.5430 -9.990e-29
 280.696782      1.368  36.225171    13.4656     6.0137      1.357    30.1483    22.5473 -9.990e-29
 280.696788      1.368  36.232711    13.4635     6.0342      1.357    30.1569    22.5543 -9.990e-29
 280.696794      1.368  36.235564    13.4618     5.9950      1.357    30.1609    22.5578 -9.990e-29
 280.696800      1.368  36.234225    13.4613     5.9502      1.357    30.1600    22.5572 -9.990e-29
 280.696806      1.368  36.235916    13.4611     5.9051      1.357    30.1618    22.5586 -9.990e-29
 280.696811      1.368  36.241262    13.4607     5.8775      1.357    30.1670    22.5627 -9.990e-29
 280.696817      1.369  36.244557    13.4605     5.8460      1.358    30.1702    22.5652 -9.990e-29
 280.696823      1.369  36.244645    13.4607     5.8287      1.358    30.1701    22.5651 -9.990e-29
 280.696829      1.370  36.243932    13.4607     5.8226      1.359    30.1695    22.5646 -9.990e-29
 280.696834      1.372  36.243196    13.4608     5.8086      1.361    30.1687    22.5640 -9.990e-29
 280.696840      1.373  36.242626    13.4611     5.8194      1.362    30.1680    22.5634 -9.990e-29
 280.696846      1.376  36.242631    13.4618     5.8162      1.365    30.1674    22.5628 -9.990e-29
 280.696852      1.379  36.243266    13.4627     5.8084      1.367    30.1673    22.5625 -9.990e-29
 280.696858      1.383  36.243749    13.4634     5.8067      1.371    30.1672    22.5623 -9.990e-29
 280.696863      1.388  36.243652    13.4636     5.7895      1.376    30.1669    22.5621 -9.990e-29
 280.696869      1.394  36.242895    13.4631     5.7916      1.382    30.1666    22.5619 -9.990e-29
 280.696875      1.398  36.241638    13.4622     5.7916      1.386    30.1662    22.5618 -9.990e-29
 280.696881      1.396  36.240492    13.4618     5.8025      1.384    30.1654    22.5613 -9.990e-29
 280.696887      1.392  36.239660    13.4622     5.7998      1.380    30.1643    22.5603 -9.990e-29
 280.696892      1.389  36.239203    13.4626     5.8088      1.377    30.1636    22.5597 -9.990e-29
 280.696898      1.388  36.239119    13.4629     5.8029      1.376    30.1633    22.5594 -9.990e-29
 280.696904      1.388  36.239348    13.4631     5.8041      1.376    30.1633    22.5594 -9.990e-29
