data/oxygen options/ONMS/Olympic_Coast_National_Marine_Sanctuary_CTD_Data_2005_2023/raw_data/2016/CAST_TH042_160531faed.cnv
* Sea-Bird SBE 19 Data File:
* FileName = C:\2016 Mooring Data\Casts\Data\CAST_TH042_160531.hex
* Software Version SeatermAF 2.1.2
* Temperature SN = 2997
* Conductivity SN = 2997
* System UpLoad Time = May 31 2016 20:38:43 (localtime) = May 31 2016 20:38:43 (UTC)
** CAST_TH042_160531
* ds
# nquan = 9                                 
# nvalues = 1432                        
# units = specified
# name 0 = timeJ: Julian Days
# name 1 = prSM: Pressure, Strain Gauge [db]
# name 2 = c0mS/cm: Conductivity [mS/cm]
# name 3 = t090C: Temperature [ITS-90, deg C]
# name 4 = sbeox0ML/L: Oxygen, SBE 43 [ml/l]
# name 5 = depSM: Depth [salt water, m], lat = 47.5
# name 6 = sal00: Salinity, Practical [PSU]
# name 7 = sigma-é00: Density [sigma-theta, kg/m^3]
# name 8 = flag: flag
# span 0 = 152.849375, 152.857656       
# span 1 =     -6.137,     41.504       
# span 2 =   0.699374,  38.145765       
# span 3 =     8.1474,    16.5773       
# span 4 =    -1.9011,    15.9342       
# span 5 =     -6.086,     41.153       
# span 6 =     0.4131,    33.6117       
# span 7 =    -0.8195,    26.1621       
# span 8 = 0.0000e+00, 0.0000e+00       
# interval = seconds: 0.5
# start_time = May 31 2016 20:23:06 [Instrument's time stamp, header]
# bad_flag = -9.990e-29
*END*
[from data line 161]
 152.850307     -2.664   0.953129    16.0006    -1.8250     -2.642     0.5756    -0.6112 -9.990e-29
 152.850313     -2.654   0.938614    16.0059    -1.8237     -2.632     0.5664    -0.6192 -9.990e-29
 152.850318     -2.642   0.932590    16.0040    -1.8226     -2.620     0.5626    -0.6217 -9.990e-29
 152.850324     -2.628   0.928135    15.9994    -1.8223     -2.606     0.5599    -0.6231 -9.990e-29
 152.850330     -2.612   0.925968    15.9981    -1.8227     -2.590     0.5585    -0.6239 -9.990e-29
 152.850336     -2.596   0.934299    16.0025    -1.8234     -2.574     0.5637    -0.6207 -9.990e-29
 152.850341     -2.583   0.949798    16.0133    -1.8244     -2.561     0.5733    -0.6150 -9.990e-29
 152.850347     -2.574   0.958149    16.0296    -1.8251     -2.553     0.5783    -0.6138 -9.990e-29
 152.850353     -2.567   0.953272    16.0513    -1.8272     -2.546     0.5750    -0.6200 -9.990e-29
 152.850359     -2.558   0.942542    16.0779    -1.8289     -2.537     0.5678    -0.6298 -9.990e-29
 152.850365     -2.542   0.939411    16.1049    -1.8298     -2.521     0.5655    -0.6361 -9.990e-29
 152.850370     -2.522   0.947477    16.1267    -1.8297     -2.501     0.5703    -0.6360 -9.990e-29
 152.850376     -2.505   0.955836    16.1382    -1.8298     -2.484     0.5753    -0.6340 -9.990e-29
 152.850382     -2.490   0.951202    16.1366    -1.8308     -2.469     0.5725    -0.6360 -9.990e-29
 152.850388     -2.473   0.932390    16.1225    -1.8314     -2.452     0.5609    -0.6426 -9.990e-29
 152.850394     -2.455   0.912069    16.0989    -1.8316     -2.435     0.5485    -0.6482 -9.990e-29
 152.850399     -2.442   0.903115    16.0679    -1.8315     -2.422     0.5433    -0.6471 -9.990e-29
 152.850405     -2.430   0.906912    16.0317    -1.8311     -2.410     0.5461    -0.6390 -9.990e-29
 152.850411     -2.420   0.912975    15.9993    -1.8295     -2.400     0.5504    -0.6304 -9.990e-29
 152.850417     -2.412   0.909398    15.9789    -1.8283     -2.392     0.5484    -0.6286 -9.990e-29
 152.850422     -2.404   0.894184    15.9676    -1.8287     -2.384     0.5390    -0.6340 -9.990e-29
 152.850428     -2.396   0.877580    15.9565    -1.8290     -2.376     0.5287    -0.6401 -9.990e-29
 152.850434     -2.388   0.871315    15.9429    -1.8293     -2.368     0.5250    -0.6408 -9.990e-29
 152.850440     -2.380   0.873137    15.9325    -1.8288     -2.360     0.5263    -0.6381 -9.990e-29
 152.850446     -2.369   0.872151    15.9300    -1.8281     -2.349     0.5257    -0.6381 -9.990e-29
 152.850451     -2.361   0.864818    15.9364    -1.8275     -2.341     0.5210    -0.6428 -9.990e-29
 152.850457     -2.359   0.853016    15.9528    -1.8267     -2.339     0.5134    -0.6513 -9.990e-29
 152.850463     -2.359   0.839883    15.9762    -1.8256     -2.339     0.5049    -0.6617 -9.990e-29
 152.850469     -2.356   0.830113    15.9940    -1.8250     -2.336     0.4986    -0.6695 -9.990e-29
 152.850475     -2.350   0.825668    15.9986    -1.8242     -2.330     0.4958    -0.6724 -9.990e-29
 152.850480     -2.340   0.826727    15.9969    -1.8235     -2.320     0.4964    -0.6716 -9.990e-29
 152.850486     -2.331   0.831366    15.9983    -1.8230     -2.312     0.4993    -0.6696 -9.990e-29
 152.850492     -2.326   0.832444    16.0061    -1.8222     -2.307     0.4999    -0.6705 -9.990e-29
 152.850498     -2.320   0.829176    16.0188    -1.8217     -2.301     0.4977    -0.6742 -9.990e-29
 152.850503     -2.309   0.831635    16.0356    -1.8211     -2.290     0.4990    -0.6760 -9.990e-29
 152.850509     -2.297   0.840877    16.0571    -1.8216     -2.278     0.5045    -0.6752 -9.990e-29
 152.850515     -2.286   0.845346    16.0798    -1.8214     -2.267     0.5070    -0.6770 -9.990e-29
 152.850521     -2.272   0.839342    16.0989    -1.8210     -2.253     0.5031    -0.6832 -9.990e-29
 152.850527     -2.250   0.833732    16.1160    -1.8208     -2.231     0.4994    -0.6889 -9.990e-29
 152.850532     -2.223   0.842686    16.1340    -1.8208     -2.204     0.5047    -0.6878 -9.990e-29
 152.850538     -2.197   0.857598    16.1527    -1.8209     -2.179     0.5138    -0.6839 -9.990e-29
 152.850544     -2.175   0.859482    16.1695    -1.8212     -2.157     0.5147    -0.6859 -9.990e-29
 152.850550     -2.156   0.850848    16.1808    -1.8214     -2.138     0.5092    -0.6920 -9.990e-29
 152.850556     -2.138   0.848498    16.1858    -1.8219     -2.120     0.5077    -0.6940 -9.990e-29
 152.850561     -2.120   0.861510    16.1880    -1.8215     -2.102     0.5158    -0.6882 -9.990e-29
 152.850567     -2.106   0.878914    16.1927    -1.8210     -2.088     0.5265    -0.6806 -9.990e-29
 152.850573     -2.099   0.882826    16.1998    -1.8204     -2.081     0.5289    -0.6800 -9.990e-29
 152.850579     -2.094   0.875131    16.2054    -1.8198     -2.077     0.5240    -0.6847 -9.990e-29
 152.850584     -2.086   0.867219    16.2077    -1.8192     -2.069     0.5191    -0.6889 -9.990e-29
 152.850590     -2.080   0.861306    16.2066    -1.8184     -2.063     0.5154    -0.6915 -9.990e-29
 152.850596     -2.078   0.854503    16.2033    -1.8176     -2.061     0.5112    -0.6942 -9.990e-29
 152.850602     -2.078   0.845509    16.2001    -1.8167     -2.061     0.5057    -0.6980 -9.990e-29
 152.850608     -2.074   0.835655    16.1999    -1.8156     -2.057     0.4995    -0.7027 -9.990e-29
 152.850613     -2.071   0.825123    16.2056    -1.8147     -2.054     0.4929    -0.7087 -9.990e-29
 152.850619     -2.072   0.814860    16.2169    -1.8138     -2.055     0.4864    -0.7156 -9.990e-29
 152.850625     -2.073   0.808389    16.2310    -1.8131     -2.056     0.4822    -0.7211 -9.990e-29
 152.850631     -2.071   0.805963    16.2465    -1.8130     -2.054     0.4806    -0.7250 -9.990e-29
 152.850637     -2.064   0.806009    16.2643    -1.8131     -2.047     0.4804    -0.7281 -9.990e-29
 152.850642     -2.054   0.806922    16.2846    -1.8131     -2.037     0.4807    -0.7312 -9.990e-29
 152.850648     -2.038   0.807141    16.3065    -1.8128     -2.021     0.4806    -0.7350 -9.990e-29
 152.850654     -2.016   0.808063    16.3306    -1.8131     -1.999     0.4809    -0.7388 -9.990e-29
 152.850660     -1.991   0.811471    16.3570    -1.8137     -1.974     0.4827    -0.7418 -9.990e-29
 152.850666     -1.970   0.814134    16.3835    -1.8134     -1.954     0.4840    -0.7452 -9.990e-29
 152.850671     -1.956   0.809605    16.4061    -1.8128     -1.940     0.4810    -0.7514 -9.990e-29
 152.850677     -1.947   0.797951    16.4211    -1.8117     -1.931     0.4736    -0.7596 -9.990e-29
 152.850683     -1.944   0.788059    16.4279    -1.8108     -1.928     0.4674    -0.7655 -9.990e-29
 152.850689     -1.942   0.786171    16.4302    -1.8098     -1.926     0.4662    -0.7668 -9.990e-29
 152.850694     -1.936   0.788654    16.4322    -1.8094     -1.920     0.4677    -0.7660 -9.990e-29
 152.850700     -1.930   0.788823    16.4339    -1.8099     -1.914     0.4678    -0.7662 -9.990e-29
 152.850706     -1.925   0.784126    16.4327    -1.8127     -1.909     0.4650    -0.7682 -9.990e-29
 152.850712     -1.915   0.775514    16.4313    -1.8142     -1.899     0.4597    -0.7720 -9.990e-29
 152.850718     -1.903   0.765937    16.4367    -1.8145     -1.887     0.4537    -0.7775 -9.990e-29
 152.850723     -1.894   0.760387    16.4505    -1.8147     -1.878     0.4502    -0.7826 -9.990e-29
 152.850729     -1.887   0.761458    16.4696    -1.8149     -1.871     0.4506    -0.7855 -9.990e-29
 152.850735     -1.882   0.768354    16.4905    -1.8151     -1.866     0.4546    -0.7859 -9.990e-29
 152.850741     -1.877   0.777495    16.5078    -1.8153     -1.861     0.4600    -0.7847 -9.990e-29
 152.850747     -1.874   0.781081    16.5121    -1.8152     -1.858     0.4622    -0.7837 -9.990e-29
 152.850752     -1.871   0.775008    16.4937    -1.8147     -1.855     0.4587    -0.7833 -9.990e-29
 152.850758     -1.868   0.766165    16.4574    -1.8148     -1.852     0.4536    -0.7811 -9.990e-29
 152.850764     -1.866   0.763300    16.4247    -1.8157     -1.850     0.4522    -0.7767 -9.990e-29
 152.850770     -1.863   0.764257    16.4071    -1.8165     -1.847     0.4530    -0.7731 -9.990e-29
 152.850775     -1.861   0.761427    16.3981    -1.8170     -1.845     0.4514    -0.7729 -9.990e-29
 152.850781     -1.859   0.753252    16.3904    -1.8172     -1.843     0.4464    -0.7754 -9.990e-29
 152.850787     -1.856   0.748262    16.3831    -1.8173     -1.841     0.4434    -0.7764 -9.990e-29
 152.850793     -1.852   0.755184    16.3791    -1.8171     -1.837     0.4477    -0.7725 -9.990e-29
 152.850799     -1.848   0.768849    16.3809    -1.8153     -1.833     0.4561    -0.7663 -9.990e-29
 152.850804     -1.843   0.775641    16.3842    -1.8140     -1.828     0.4603    -0.7637 -9.990e-29
 152.850810     -1.837   0.768476    16.3799    -1.8143     -1.822     0.4559    -0.7663 -9.990e-29
 152.850816     -1.829   0.755918    16.3660    -1.8148     -1.814     0.4483    -0.7698 -9.990e-29
 152.850822     -1.823   0.751202    16.3499    -1.8148     -1.808     0.4456    -0.7692 -9.990e-29
 152.850828     -1.823   0.755255    16.3391    -1.8148     -1.808     0.4482    -0.7654 -9.990e-29
 152.850833     -1.824   0.758489    16.3354    -1.8146     -1.809     0.4502    -0.7632 -9.990e-29
 152.850839     -1.823   0.753002    16.3387    -1.8153     -1.808     0.4468    -0.7664 -9.990e-29
 152.850845     -1.820   0.740914    16.3518    -1.8153     -1.805     0.4393    -0.7744 -9.990e-29
 152.850851     -1.813   0.731092    16.3741    -1.8148     -1.798     0.4330    -0.7830 -9.990e-29
 152.850856     -1.804   0.731536    16.3941    -1.8139     -1.789     0.4331    -0.7863 -9.990e-29
 152.850862     -1.790   0.739505    16.4021    -1.8134     -1.775     0.4379    -0.7839 -9.990e-29
 152.850868     -1.772   0.741196    16.4018    -1.8128     -1.757     0.4389    -0.7831 -9.990e-29
 152.850874     -1.753   0.731644    16.3996    -1.8124     -1.738     0.4331    -0.7872 -9.990e-29
 152.850880     -1.735   0.720321    16.3973    -1.8119     -1.721     0.4261    -0.7922 -9.990e-29
 152.850885     -1.717   0.718222    16.3944    -1.8108     -1.703     0.4249    -0.7926 -9.990e-29
 152.850891     -1.698   0.726435    16.3922    -1.8098     -1.684     0.4299    -0.7884 -9.990e-29
 152.850897     -1.678   0.732590    16.3955    -1.8092     -1.664     0.4337    -0.7860 -9.990e-29
 152.850903     -1.658   0.727681    16.4059    -1.8086     -1.644     0.4306    -0.7902 -9.990e-29
 152.850909     -1.643   0.717377    16.4188    -1.8077     -1.629     0.4241    -0.7973 -9.990e-29
 152.850914     -1.630   0.714588    16.4317    -1.8076     -1.616     0.4223    -0.8009 -9.990e-29
 152.850920     -1.620   0.727254    16.4464    -1.8085     -1.606     0.4299    -0.7975 -9.990e-29
 152.850926     -1.612   0.744500    16.4634    -1.8094     -1.599     0.4403    -0.7924 -9.990e-29
 152.850932     -1.604   0.748792    16.4823    -1.8096     -1.591     0.4427    -0.7937 -9.990e-29
 152.850937     -1.597   0.740853    16.5031    -1.8096     -1.584     0.4376    -0.8011 -9.990e-29
 152.850943     -1.590   0.736746    16.5246    -1.8091     -1.577     0.4349    -0.8069 -9.990e-29
 152.850949     -1.583   0.743767    16.5455    -1.8081     -1.570     0.4390    -0.8073 -9.990e-29
 152.850955     -1.575   0.749066    16.5647    -1.8087     -1.562     0.4420    -0.8082 -9.990e-29
 152.850961     -1.570   0.741939    16.5773    -1.8094     -1.557     0.4375    -0.8138 -9.990e-29
 152.850966     -1.572   0.729541    16.5766    -1.8111     -1.559     0.4299    -0.8195 -9.990e-29
 152.850972     -1.576   0.725322    16.5646    -1.8134     -1.563     0.4275    -0.8194 -9.990e-29
 152.850978     -1.580   0.731983    16.5516    -1.8144     -1.567     0.4317    -0.8139 -9.990e-29
 152.850984     -1.583   0.737862    16.5451    -1.8145     -1.570     0.4354    -0.8100 -9.990e-29
 152.850990     -1.584   0.735804    16.5463    -1.8145     -1.571     0.4341    -0.8112 -9.990e-29
 152.850995     -1.586   0.730285    16.5530    -1.8146     -1.573     0.4306    -0.8150 -9.990e-29
 152.851001     -1.586   0.727269    16.5572    -1.8143     -1.573     0.4288    -0.8171 -9.990e-29
 152.851007     -1.586   0.730506    16.5493    -1.8139     -1.573     0.4308    -0.8142 -9.990e-29
 152.851013     -1.586   0.735983    16.5268    -1.8137     -1.573     0.4344    -0.8076 -9.990e-29
 152.851019     -1.585   0.736009    16.4918    -1.8145     -1.572     0.4348    -0.8014 -9.990e-29
 152.851024     -1.583   0.731729    16.4538    -1.8147     -1.570     0.4326    -0.7967 -9.990e-29
 152.851030     -1.580   0.726875    16.4266    -1.8144     -1.567     0.4299    -0.7942 -9.990e-29
 152.851036     -1.577   0.722745    16.4140    -1.8143     -1.564     0.4275    -0.7939 -9.990e-29
 152.851042     -1.572   0.721049    16.4108    -1.8146     -1.559     0.4265    -0.7942 -9.990e-29
 152.851047     -1.566   0.718970    16.4125    -1.8148     -1.553     0.4252    -0.7955 -9.990e-29
 152.851053     -1.558   0.712070    16.4170    -1.8154     -1.545     0.4209    -0.7995 -9.990e-29
 152.851059     -1.548   0.702807    16.4206    -1.8160     -1.535     0.4152    -0.8045 -9.990e-29
 152.851065     -1.535   0.699374    16.4188    -1.8169     -1.522     0.4131    -0.8058 -9.990e-29
 152.851071     -1.518   0.706074    16.4127    -1.8182     -1.505     0.4173    -0.8016 -9.990e-29
 152.851076     -1.500   0.715740    16.4087    -1.8181     -1.487     0.4232    -0.7963 -9.990e-29
 152.851082     -1.489   0.720160    16.4082    -1.8169     -1.477     0.4259    -0.7941 -9.990e-29
 152.851088     -1.485   0.720785    16.4067    -1.8169     -1.473     0.4263    -0.7936 -9.990e-29
 152.851094     -1.482   0.722887    16.4024    -1.8170     -1.470     0.4277    -0.7918 -9.990e-29
 152.851100     -1.480   0.725383    16.3949    -1.8169     -1.468     0.4293    -0.7893 -9.990e-29
 152.851105     -1.475   0.721606    16.3823    -1.8164     -1.463     0.4271    -0.7889 -9.990e-29
 152.851111     -1.467   0.714290    16.3649    -1.8153     -1.455     0.4228    -0.7893 -9.990e-29
 152.851117     -1.459   0.711448    16.3455    -1.8140     -1.447     0.4212    -0.7873 -9.990e-29
 152.851123     -1.452   0.712067    16.3306    -1.8132     -1.440     0.4218    -0.7844 -9.990e-29
 152.851128     -1.448   0.710308    16.3278    -1.8126     -1.436     0.4207    -0.7847 -9.990e-29
 152.851134     -1.447   0.706044    16.3338    -1.8123     -1.435     0.4180    -0.7878 -9.990e-29
 152.851140     -1.441   0.707472    16.3390    -1.8131     -1.429     0.4189    -0.7880 -9.990e-29
 152.851146     -1.430   0.718158    16.3431    -1.8135     -1.418     0.4254    -0.7837 -9.990e-29
 152.851152     -1.421   0.729030    16.3516    -1.8135     -1.409     0.4320    -0.7800 -9.990e-29
 152.851157     -1.415   0.730707    16.3680    -1.8137     -1.403     0.4328    -0.7821 -9.990e-29
 152.851163     -1.405   0.724314    16.3910    -1.8133     -1.393     0.4287    -0.7892 -9.990e-29
 152.851169     -1.396   0.717429    16.4149    -1.8134     -1.384     0.4242    -0.7966 -9.990e-29
 152.851175     -1.391   0.716416    16.4345    -1.8145     -1.379     0.4234    -0.8005 -9.990e-29
 152.851181     -1.391   0.722145    16.4475    -1.8152     -1.379     0.4267    -0.8001 -9.990e-29
 152.851186     -1.391   0.728929    16.4515    -1.8147     -1.379     0.4309    -0.7976 -9.990e-29
 152.851192     -1.386   0.731376    16.4469    -1.8136     -1.374     0.4324    -0.7957 -9.990e-29
 152.851198     -1.381   0.729971    16.4403    -1.8131     -1.369     0.4316    -0.7952 -9.990e-29
 152.851204     -1.379   0.726726    16.4359    -1.8129     -1.367     0.4297    -0.7959 -9.990e-29
 152.851209     -1.377   0.722867    16.4333    -1.8130     -1.366     0.4273    -0.7973 -9.990e-29
 152.851215     -1.369   0.721021    16.4307    -1.8136     -1.358     0.4262    -0.7977 -9.990e-29
 152.851221     -1.359   0.725388    16.4236    -1.8144     -1.348     0.4290    -0.7944 -9.990e-29
