data/oxygen options/ONMS/Olympic_Coast_National_Marine_Sanctuary_CTD_Data_2005_2023/raw_data/2016/CAST_MB015_161011faed.cnv
* Sea-Bird SBE19 Data File:
* FileName = C:\2016 Mooring Data\Casts\Data\CAST_MB015_161011.hex
* Software Version 1.59
* Temperature SN = 2997
* Conductivity SN = 2997
* System UpLoad Time = Oct 11 2016 20:07:50
** CAST_MB015_161011
* ds
# nquan = 9                                 
# nvalues = 830                         
# units = specified
# name 0 = timeJ: Julian Days
# name 1 = prSM: Pressure, Strain Gauge [db]
# name 2 = c0mS/cm: Conductivity [mS/cm]
# name 3 = t090C: Temperature [ITS-90, deg C]
# name 4 = sbeox0ML/L: Oxygen, SBE 43 [ml/l]
# name 5 = depSM: Depth [salt water, m], lat = 47.5
# name 6 = sal00: Salinity, Practical [PSU]
# name 7 = sigma-é00: Density [sigma-theta, kg/m^3]
# name 8 = flag: flag
# span 0 = 285.821863, 285.826661       
# span 1 =     -4.953,     13.111       
# span 2 =   0.410933,  36.501963       
# span 3 =    12.2554,    13.2662       
# span 4 =    -1.9521,    11.0137       
# span 5 =     -4.912,     13.001       
# span 6 =     0.2585,    30.6274       
# span 7 =    -0.4514,    22.9730       
# span 8 = 0.0000e+00, 0.0000e+00       
# interval = seconds: 0.5
# start_time = Oct 11 2016 19:43:29 [Instrument's time stamp, header]
# bad_flag = -9.990e-29
*END*
[from data line 641]
 285.825573      1.367  36.283013    13.1552     5.2124      1.356    30.4488    22.8400 -9.990e-29
 285.825579      1.375  36.306603    13.1579     5.2014      1.364    30.4686    22.8548 -9.990e-29
 285.825584      1.388  36.330581    13.1608     5.2018      1.376    30.4887    22.8697 -9.990e-29
 285.825590      1.415  36.343771    13.1620     5.2034      1.403    30.5000    22.8782 -9.990e-29
 285.825596      1.457  36.351423    13.1611     5.1870      1.445    30.5078    22.8844 -9.990e-29
 285.825602      1.515  36.355322    13.1582     5.1833      1.502    30.5138    22.8896 -9.990e-29
 285.825608      1.590  36.355608    13.1538     5.1911      1.577    30.5175    22.8934 -9.990e-29
 285.825613      1.684  36.355449    13.1501     5.1712      1.670    30.5203    22.8962 -9.990e-29
 285.825619      1.794  36.357975    13.1483     5.1754      1.779    30.5241    22.8995 -9.990e-29
 285.825625      1.919  36.361498    13.1477     5.1770      1.903    30.5278    22.9025 0.0000e+00
 285.825631      2.057  36.364535    13.1475     5.1798      2.040    30.5308    22.9048 0.0000e+00
 285.825637      2.204  36.366638    13.1473     5.1781      2.186    30.5328    22.9065 0.0000e+00
 285.825642      2.358  36.366673    13.1471     5.1880      2.338    30.5330    22.9066 0.0000e+00
 285.825648      2.520  36.365792    13.1467     5.1908      2.499    30.5324    22.9063 0.0000e+00
 285.825654      2.686  36.366165    13.1466     5.1873      2.664    30.5328    22.9066 0.0000e+00
 285.825660      2.856  36.368272    13.1469     5.1887      2.832    30.5344    22.9078 0.0000e+00
 285.825666      3.030  36.370424    13.1471     5.1772      3.005    30.5362    22.9091 0.0000e+00
 285.825671      3.207  36.370993    13.1468     5.1837      3.180    30.5369    22.9097 0.0000e+00
 285.825677      3.386  36.370159    13.1462     5.1878      3.358    30.5365    22.9096 0.0000e+00
 285.825683      3.570  36.369036    13.1459     5.1763      3.540    30.5357    22.9090 0.0000e+00
 285.825689      3.757  36.368911    13.1459     5.1942      3.726    30.5355    22.9088 0.0000e+00
 285.825694      3.942  36.369601    13.1461     5.1764      3.909    30.5359    22.9091 0.0000e+00
 285.825700      4.124  36.370330    13.1460     5.1752      4.090    30.5366    22.9097 0.0000e+00
 285.825706      4.310  36.370931    13.1458     5.1767      4.274    30.5372    22.9102 0.0000e+00
 285.825712      4.508  36.371630    13.1458     5.1725      4.470    30.5378    22.9107 0.0000e+00
 285.825718      4.718  36.372783    13.1458     5.1678      4.679    30.5388    22.9114 0.0000e+00
 285.825723      4.931  36.374231    13.1458     5.1717      4.890    30.5401    22.9124 0.0000e+00
 285.825729      5.140  36.375646    13.1461     5.1668      5.097    30.5411    22.9131 0.0000e+00
 285.825735      5.346  36.377216    13.1465     5.1616      5.301    30.5421    22.9139 0.0000e+00
 285.825741      5.547  36.379338    13.1468     5.1645      5.501    30.5438    22.9151 0.0000e+00
 285.825747      5.745  36.381464    13.1473     5.1632      5.697    30.5453    22.9162 0.0000e+00
 285.825752      5.944  36.383053    13.1476     5.1610      5.894    30.5465    22.9170 0.0000e+00
 285.825758      6.143  36.384526    13.1478     5.1560      6.092    30.5476    22.9179 0.0000e+00
 285.825764      6.338  36.386150    13.1483     5.1551      6.285    30.5486    22.9186 0.0000e+00
 285.825770      6.528  36.387831    13.1488     5.1564      6.473    30.5497    22.9194 0.0000e+00
 285.825775      6.717  36.390114    13.1491     5.1543      6.661    30.5516    22.9207 0.0000e+00
 285.825781      6.903  36.392664    13.1492     5.1494      6.845    30.5538    22.9224 0.0000e+00
 285.825787      7.083  36.394386    13.1492     5.1543      7.024    30.5553    22.9236 0.0000e+00
 285.825793      7.254  36.395877    13.1492     5.1634      7.193    30.5566    22.9246 0.0000e+00
 285.825799      7.419  36.397428    13.1492     5.1562      7.357    30.5580    22.9257 0.0000e+00
 285.825804      7.580  36.398290    13.1490     5.1546      7.517    30.5589    22.9265 0.0000e+00
 285.825810      7.738  36.398476    13.1485     5.1568      7.673    30.5595    22.9270 0.0000e+00
 285.825816      7.895  36.398219    13.1477     5.1575      7.829    30.5598    22.9274 0.0000e+00
 285.825822      8.053  36.397718    13.1472     5.1569      7.986    30.5597    22.9274 0.0000e+00
 285.825828      8.212  36.397409    13.1471     5.1477      8.143    30.5594    22.9272 0.0000e+00
 285.825833      8.374  36.397425    13.1473     5.1500      8.304    30.5592    22.9270 0.0000e+00
 285.825839      8.537  36.397770    13.1477     5.1585      8.466    30.5591    22.9269 0.0000e+00
 285.825845      8.699  36.398889    13.1480     5.1572      8.626    30.5599    22.9274 0.0000e+00
 285.825851      8.865  36.400574    13.1485     5.1566      8.791    30.5610    22.9282 0.0000e+00
 285.825856      9.037  36.403377    13.1496     5.1585      8.961    30.5626    22.9292 0.0000e+00
 285.825862      9.205  36.408778    13.1511     5.1456      9.128    30.5664    22.9319 0.0000e+00
 285.825868      9.363  36.414997    13.1525     5.1331      9.285    30.5710    22.9352 0.0000e+00
 285.825874      9.515  36.420787    13.1537     5.1216      9.435    30.5754    22.9383 0.0000e+00
 285.825880      9.669  36.425450    13.1549     5.1329      9.588    30.5787    22.9407 0.0000e+00
 285.825885      9.824  36.427347    13.1563     5.1436      9.742    30.5793    22.9408 0.0000e+00
 285.825891      9.982  36.429551    13.1582     5.1312      9.898    30.5798    22.9408 0.0000e+00
 285.825897     10.141  36.436104    13.1610     5.1210     10.056    30.5836    22.9432 0.0000e+00
 285.825903     10.297  36.446204    13.1646     5.1075     10.211    30.5900    22.9475 0.0000e+00
 285.825909     10.453  36.455935    13.1678     5.1106     10.365    30.5965    22.9519 0.0000e+00
 285.825914     10.608  36.463690    13.1701     5.1137     10.519    30.6018    22.9556 0.0000e+00
 285.825920     10.761  36.470271    13.1720     5.1101     10.671    30.6064    22.9587 0.0000e+00
 285.825926     10.909  36.474911    13.1739     5.1118     10.818    30.6091    22.9605 0.0000e+00
 285.825932     11.056  36.480421    13.1761     5.1195     10.963    30.6124    22.9626 0.0000e+00
 285.825938     11.208  36.489089    13.1782     5.1188     11.114    30.6187    22.9671 0.0000e+00
 285.825943     11.365  36.495652    13.1796     5.1201     11.270    30.6237    22.9707 0.0000e+00
 285.825949     11.525  36.498762    13.1806     5.0997     11.428    30.6257    22.9720 0.0000e+00
 285.825955     11.681  36.500869    13.1816     5.1008     11.583    30.6268    22.9727 0.0000e+00
 285.825961     11.829  36.501963    13.1821     5.1113     11.730    30.6274    22.9730 0.0000e+00
 285.825966     11.976  36.501245    13.1822     5.1103     11.876    30.6266    22.9724 0.0000e+00
 285.825972     12.125  36.499983    13.1827     5.1222     12.023    30.6249    22.9710 0.0000e+00
 285.825978     12.275  36.499841    13.1831     5.1258     12.172    30.6244    22.9706 0.0000e+00
 285.825984     12.416  36.498932    13.1829     5.1259     12.312    30.6237    22.9700 0.0000e+00
 285.825990     12.546  36.497147    13.1822     5.1210     12.441    30.6225    22.9693 -9.990e-29
 285.825995     12.664  36.496012    13.1815     5.1091     12.558    30.6220    22.9690 -9.990e-29
 285.826001     12.773  36.495677    13.1812     5.1051     12.666    30.6219    22.9690 -9.990e-29
 285.826007     12.877  36.496802    13.1814     5.1128     12.769    30.6227    22.9696 -9.990e-29
 285.826013     12.967  36.498628    13.1819     5.1052     12.858    30.6240    22.9705 -9.990e-29
 285.826019     13.039  36.499092    13.1820     5.1052     12.930    30.6243    22.9707 -9.990e-29
 285.826024     13.087  36.498795    13.1818     5.1036     12.977    30.6242    22.9707 -9.990e-29
 285.826030     13.111  36.499005    13.1816     5.1100     13.001    30.6245    22.9710 -9.990e-29
 285.826036     13.111  36.499426    13.1813     5.1228     13.001    30.6252    22.9715 -9.990e-29
 285.826042     13.089  36.499486    13.1809     5.1179     12.979    30.6255    22.9719 -9.990e-29
 285.826047     13.042  36.498688    13.1803     5.1086     12.933    30.6253    22.9718 -9.990e-29
 285.826053     12.972  36.497071    13.1797     5.1032     12.863    30.6243    22.9712 -9.990e-29
 285.826059     12.882  36.495268    13.1794     5.1082     12.774    30.6229    22.9701 -9.990e-29
 285.826065     12.777  36.493669    13.1795     5.1137     12.670    30.6214    22.9689 -9.990e-29
 285.826071     12.661  36.492379    13.1795     5.1099     12.555    30.6202    22.9680 -9.990e-29
 285.826076     12.541  36.491913    13.1794     5.1072     12.436    30.6199    22.9678 -9.990e-29
 285.826082     12.417  36.492771    13.1796     5.1108     12.313    30.6206    22.9683 -9.990e-29
 285.826088     12.290  36.494418    13.1800     5.1262     12.187    30.6218    22.9692 0.0000e+00
 285.826094     12.161  36.495688    13.1803     5.1313     12.059    30.6228    22.9699 0.0000e+00
 285.826100     12.029  36.496036    13.1807     5.1237     11.928    30.6229    22.9699 0.0000e+00
 285.826105     11.895  36.495365    13.1809     5.1167     11.795    30.6222    22.9692 0.0000e+00
 285.826111     11.759  36.493902    13.1807     5.1179     11.661    30.6210    22.9684 0.0000e+00
 285.826117     11.621  36.491940    13.1802     5.1205     11.524    30.6196    22.9674 0.0000e+00
 285.826123     11.481  36.489663    13.1796     5.1168     11.385    30.6180    22.9663 0.0000e+00
 285.826128     11.338  36.487956    13.1791     5.1018     11.243    30.6169    22.9655 0.0000e+00
 285.826134     11.191  36.487347    13.1787     5.0966     11.097    30.6167    22.9655 0.0000e+00
 285.826140     11.041  36.487024    13.1784     5.1115     10.949    30.6167    22.9655 0.0000e+00
 285.826146     10.890  36.486555    13.1782     5.1261     10.799    30.6165    22.9654 0.0000e+00
 285.826152     10.746  36.486437    13.1783     5.1331     10.656    30.6164    22.9652 0.0000e+00
 285.826157     10.612  36.486514    13.1783     5.1244     10.523    30.6165    22.9653 0.0000e+00
 285.826163     10.484  36.486329    13.1780     5.1229     10.396    30.6166    22.9655 0.0000e+00
 285.826169     10.359  36.485074    13.1777     5.1285     10.272    30.6157    22.9649 -9.990e-29
 285.826175     10.237  36.482757    13.1773     5.1442     10.151    30.6139    22.9635 -9.990e-29
 285.826181     10.114  36.480211    13.1762     5.1545     10.029    30.6125    22.9626 -9.990e-29
 285.826186      9.988  36.475161    13.1741     5.1454      9.904    30.6095    22.9607 0.0000e+00
 285.826192      9.857  36.466478    13.1714     5.1451      9.775    30.6036    22.9567 0.0000e+00
 285.826198      9.724  36.456588    13.1685     5.1461      9.643    30.5968    22.9520 0.0000e+00
 285.826204      9.587  36.447993    13.1654     5.1466      9.507    30.5913    22.9484 0.0000e+00
 285.826209      9.447  36.442116    13.1622     5.1541      9.368    30.5885    22.9468 0.0000e+00
 285.826215      9.308  36.437283    13.1596     5.1576      9.230    30.5861    22.9455 0.0000e+00
 285.826221      9.173  36.431532    13.1573     5.1503      9.096    30.5827    22.9432 0.0000e+00
 285.826227      9.043  36.423919    13.1552     5.1603      8.967    30.5773    22.9395 0.0000e+00
 285.826233      8.917  36.416058    13.1541     5.1657      8.842    30.5709    22.9347 -9.990e-29
 285.826238      8.797  36.412034    13.1535     5.1720      8.723    30.5677    22.9324 -9.990e-29
 285.826244      8.683  36.410963    13.1528     5.1734      8.610    30.5673    22.9322 -9.990e-29
 285.826250      8.573  36.409736    13.1518     5.1601      8.501    30.5670    22.9322 -9.990e-29
 285.826256      8.463  36.407277    13.1505     5.1610      8.392    30.5658    22.9315 -9.990e-29
 285.826262      8.351  36.403670    13.1491     5.1597      8.281    30.5636    22.9300 -9.990e-29
 285.826267      8.233  36.400828    13.1480     5.1673      8.164    30.5619    22.9289 -9.990e-29
 285.826273      8.121  36.399444    13.1471     5.1764      8.053    30.5613    22.9287 -9.990e-29
 285.826279      8.019  36.398232    13.1461     5.1688      7.952    30.5610    22.9287 -9.990e-29
 285.826285      7.921  36.396137    13.1454     5.1596      7.855    30.5597    22.9277 -9.990e-29
 285.826291      7.825  36.393169    13.1450     5.1545      7.760    30.5573    22.9260 -9.990e-29
 285.826296      7.729  36.390410    13.1446     5.1463      7.664    30.5551    22.9243 -9.990e-29
 285.826302      7.626  36.388663    13.1439     5.1556      7.562    30.5540    22.9237 -9.990e-29
 285.826308      7.516  36.387839    13.1434     5.1596      7.453    30.5537    22.9235 -9.990e-29
 285.826314      7.404  36.387402    13.1431     5.1546      7.342    30.5536    22.9235 -9.990e-29
 285.826319      7.294  36.386768    13.1429     5.1607      7.233    30.5532    22.9232 -9.990e-29
 285.826325      7.190  36.385652    13.1426     5.1594      7.130    30.5524    22.9227 -9.990e-29
 285.826331      7.092  36.384248    13.1422     5.1734      7.033    30.5515    22.9220 -9.990e-29
 285.826337      6.999  36.382926    13.1419     5.1709      6.940    30.5505    22.9213 -9.990e-29
 285.826343      6.909  36.381604    13.1421     5.1668      6.851    30.5492    22.9202 -9.990e-29
 285.826348      6.817  36.380201    13.1423     5.1579      6.760    30.5477    22.9191 -9.990e-29
 285.826354      6.712  36.379088    13.1421     5.1520      6.656    30.5469    22.9185 -9.990e-29
 285.826360      6.597  36.377899    13.1418     5.1610      6.542    30.5461    22.9179 -9.990e-29
 285.826366      6.476  36.376172    13.1419     5.1702      6.422    30.5444    22.9166 -9.990e-29
 285.826372      6.350  36.374403    13.1421     5.1743      6.297    30.5427    22.9152 0.0000e+00
 285.826377      6.221  36.373597    13.1421     5.1728      6.169    30.5420    22.9146 0.0000e+00
 285.826383      6.089  36.373799    13.1420     5.1623      6.038    30.5423    22.9149 0.0000e+00
 285.826389      5.953  36.373599    13.1419     5.1583      5.903    30.5422    22.9149 0.0000e+00
 285.826395      5.818  36.372732    13.1419     5.1645      5.769    30.5415    22.9143 0.0000e+00
 285.826400      5.688  36.372282    13.1422     5.1736      5.640    30.5409    22.9137 0.0000e+00
 285.826406      5.554  36.372213    13.1426     5.1776      5.508    30.5405    22.9134 0.0000e+00
 285.826412      5.409  36.371872    13.1428     5.1762      5.364    30.5401    22.9130 0.0000e+00
 285.826418      5.260  36.371363    13.1427     5.1722      5.216    30.5398    22.9128 0.0000e+00
 285.826424      5.115  36.370568    13.1426     5.1756      5.072    30.5392    22.9123 0.0000e+00
 285.826429      4.969  36.369551    13.1425     5.1898      4.927    30.5383    22.9117 0.0000e+00
 285.826435      4.816  36.368076    13.1424     5.1990      4.776    30.5371    22.9108 0.0000e+00
 285.826441      4.661  36.365855    13.1424     5.1987      4.622    30.5351    22.9092 0.0000e+00
 285.826447      4.506  36.363850    13.1424     5.1996      4.468    30.5333    22.9078 0.0000e+00
 285.826453      4.349  36.362191    13.1423     5.1942      4.313    30.5319    22.9067 0.0000e+00
 285.826458      4.194  36.360347    13.1421     5.2230      4.159    30.5304    22.9056 0.0000e+00
 285.826464      4.044  36.358662    13.1420     5.2093      4.010    30.5289    22.9045 0.0000e+00
 285.826470      3.897  36.357129    13.1420     5.1961      3.864    30.5276    22.9035 0.0000e+00
 285.826476      3.752  36.355385    13.1421     5.1941      3.721    30.5259    22.9022 0.0000e+00
 285.826481      3.610  36.353907    13.1420     5.1796      3.580    30.5247    22.9012 0.0000e+00
 285.826487      3.469  36.352967    13.1417     5.2004      3.440    30.5241    22.9008 0.0000e+00
