data/oxygen options/ONMS/Olympic_Coast_National_Marine_Sanctuary_CTD_Data_2005_2023/raw_data/2016/CAST_TH042_160906faed.cnv
* Sea-Bird SBE19 Data File:
* FileName = C:\2016 Mooring Data\Casts\Data\CAST_TH042_160906.hex
* Software Version 1.59
* Temperature SN = 2997
* Conductivity SN = 2997
* System UpLoad Time = Sep 06 2016 22:58:22
** CAST_TH042_160906
* ds
# nquan = 9                                 
# nvalues = 1416                        
# units = specified
# name 0 = timeJ: Julian Days
# name 1 = prSM: Pressure, Strain Gauge [db]
# name 2 = c0mS/cm: Conductivity [mS/cm]
# name 3 = t090C: Temperature [ITS-90, deg C]
# name 4 = sbeox0ML/L: Oxygen, SBE 43 [ml/l]
# name 5 = depSM: Depth [salt water, m], lat = 47.5
# name 6 = sal00: Salinity, Practical [PSU]
# name 7 = sigma-é00: Density [sigma-theta, kg/m^3]
# name 8 = flag: flag
# span 0 = 250.895845, 250.904034       
# span 1 =     -5.853,     43.400       
# span 2 =   0.453922,  39.170665       
# span 3 =     8.0912,    15.7090       
# span 4 =    -1.8720,    12.5261       
# span 5 =     -5.804,     43.033       
# span 6 =     0.2732,    33.6842       
# span 7 =    -0.7669,    26.2274       
# span 8 = 0.0000e+00, 0.0000e+00       
# interval = seconds: 0.5
# start_time = Sep 06 2016 21:30:01 [Instrument's time stamp, header]
# bad_flag = -9.990e-29
*END*
[from data line 481]
 250.898628     -0.680   0.454353    15.0679    -1.8699     -0.674     0.2735    -0.6972 -9.990e-29
 250.898634     -0.683   0.453922    15.0642    -1.8699     -0.677     0.2732    -0.6968 -9.990e-29
 250.898640     -0.688   0.453923    15.0577    -1.8700     -0.682     0.2733    -0.6958 -9.990e-29
 250.898646     -0.691   0.454355    15.0500    -1.8699     -0.685     0.2736    -0.6944 -9.990e-29
 250.898652     -0.688   0.454684    15.0419    -1.8703     -0.682     0.2739    -0.6929 -9.990e-29
 250.898657     -0.679   0.454795    15.0337    -1.8703     -0.673     0.2740    -0.6916 -9.990e-29
 250.898663     -0.667   0.454836    15.0261    -1.8702     -0.661     0.2741    -0.6904 -9.990e-29
 250.898669     -0.660   0.454861    15.0203    -1.8704     -0.654     0.2741    -0.6895 -9.990e-29
 250.898675     -0.658   0.454905    15.0165    -1.8707     -0.653     0.2742    -0.6888 -9.990e-29
 250.898681     -0.657   0.455029    15.0142    -1.8711     -0.652     0.2743    -0.6884 -9.990e-29
 250.898686     -0.655   0.455400    15.0129    -1.8709     -0.650     0.2745    -0.6880 -9.990e-29
 250.898692     -0.650   0.455957    15.0121    -1.8706     -0.645     0.2748    -0.6877 -9.990e-29
 250.898698     -0.636   0.456335    15.0104    -1.7113     -0.631     0.2751    -0.6872 -9.990e-29
 250.898704     -0.616   0.456484    15.0075    -1.5535     -0.611     0.2752    -0.6867 -9.990e-29
 250.898709     -0.599   0.457158    15.0052    -1.5596     -0.594     0.2756    -0.6860 -9.990e-29
 250.898715     -0.586   0.459812    15.0033    -1.5614     -0.581     0.2773    -0.6844 -9.990e-29
 250.898721     -0.574   0.467430    14.9994    -1.5618     -0.569     0.2820    -0.6801 -9.990e-29
 250.898727     -0.557   0.490172    14.9930    -1.5611     -0.552     0.2962    -0.6682 -9.990e-29
 250.898733     -0.538   0.560025    14.9854    -1.5605     -0.534     0.3399    -0.6332 -9.990e-29
 250.898738     -0.520   0.771240    14.9736    -1.5600     -0.516     0.4736    -0.5280 -9.990e-29
 250.898744     -0.502   1.404881    14.9398    -1.5603     -0.498     0.8862    -0.2039 -9.990e-29
 250.898750     -0.479   3.305249    14.8304    -1.5610     -0.475     2.1894     0.8178 -9.990e-29
 250.898756     -0.441   9.006170    14.6296    -1.5611     -0.437     6.4178     4.0989 -9.990e-29
 250.898762     -0.385  19.720156    14.4312    -1.5614     -0.382    15.0690    10.7667 -9.990e-29
 250.898767     -0.316  30.468493    14.3112    -1.5610     -0.313    24.3530    17.9170 -9.990e-29
 250.898773     -0.239  36.219277    14.2594    -1.5613     -0.237    29.5272    21.9099 -9.990e-29
 250.898779     -0.161  38.149158    14.2482    -1.5617     -0.160    31.2902    23.2712 -9.990e-29
 250.898785     -0.091  38.811734    14.2567    -1.5612     -0.090    31.8887    23.7311 -9.990e-29
 250.898791     -0.027  39.047896    14.2671    -1.5616     -0.027    32.0963    23.8890 -9.990e-29
 250.898796      0.030  39.129429    14.2665    -1.5614      0.030    32.1714    23.9471 -9.990e-29
 250.898802      0.078  39.147732    14.2534    -1.5621      0.077    32.1991    23.9712 -9.990e-29
 250.898808      0.122  39.144089    14.2374    -1.5620      0.121    32.2091    23.9822 -9.990e-29
 250.898814      0.159  39.147893    14.2302    -1.5618      0.158    32.2186    23.9910 -9.990e-29
 250.898819      0.188  39.163714    14.2326    -1.5621      0.186    32.2310    24.0002 -9.990e-29
 250.898825      0.211  39.170665    14.2336    -1.5621      0.209    32.2366    24.0042 -9.990e-29
 250.898831      0.229  39.160135    14.2283    -1.5624      0.227    32.2313    24.0013 -9.990e-29
 250.898837      0.243  39.146174    14.2211    -1.5628      0.241    32.2245    23.9975 -9.990e-29
 250.898843      0.254  39.148346    14.2168    -1.5622      0.252    32.2301    24.0027 -9.990e-29
 250.898848      0.263  39.163999    14.2158    -1.5622      0.261    32.2453    24.0146 -9.990e-29
 250.898854      0.270  39.169782    14.2146    -1.5626      0.268    32.2516    24.0198 -9.990e-29
 250.898860      0.276  39.158334    14.2124    -1.5629      0.274    32.2430    24.0135 -9.990e-29
 250.898866      0.281  39.141917    14.2098    -1.5622      0.279    32.2301    24.0041 -9.990e-29
 250.898872      0.286  39.136817    14.2067    -1.5622      0.284    32.2280    24.0031 -9.990e-29
 250.898877      0.291  39.139656    14.2027    -1.5627      0.289    32.2339    24.0086 -9.990e-29
 250.898883      0.295  39.137466    14.1969    -1.5627      0.293    32.2367    24.0120 -9.990e-29
 250.898889      0.300  39.132433    14.1905    -1.5626      0.297    32.2375    24.0138 -9.990e-29
 250.898895      0.306  39.128556    14.1863    -1.5623      0.303    32.2374    24.0147 -9.990e-29
 250.898900      0.313  39.134737    14.1854    -1.5626      0.310    32.2438    24.0198 -9.990e-29
 250.898906      0.317  39.151990    14.1863    -1.5628      0.314    32.2589    24.0313 -9.990e-29
 250.898912      0.314  39.155738    14.1867    -1.5634      0.311    32.2620    24.0336 -9.990e-29
 250.898918      0.309  39.140388    14.1859    -1.5630      0.306    32.2486    24.0234 -9.990e-29
 250.898924      0.305  39.134297    14.1838    -1.5631      0.302    32.2448    24.0209 -9.990e-29
 250.898929      0.302  39.146221    14.1821    -1.5630      0.299    32.2571    24.0308 -9.990e-29
 250.898935      0.300  39.152886    14.1821    -1.5632      0.297    32.2633    24.0355 -9.990e-29
 250.898941      0.298  39.144742    14.1811    -1.5634      0.296    32.2566    24.0306 -9.990e-29
 250.898947      0.297  39.136776    14.1763    -1.5630      0.295    32.2533    24.0290 -9.990e-29
 250.898953      0.296  39.143088    14.1707    -1.5632      0.294    32.2638    24.0383 -9.990e-29
 250.898958      0.296  39.158142    14.1683    -1.5637      0.294    32.2796    24.0510 -9.990e-29
 250.898964      0.297  39.161154    14.1669    -1.5636      0.295    32.2836    24.0543 -9.990e-29
 250.898970      0.298  39.143871    14.1640    -1.5632      0.296    32.2701    24.0445 -9.990e-29
 250.898976      0.299  39.127587    14.1629    -1.5632      0.297    32.2561    24.0339 -9.990e-29
 250.898981      0.301  39.131006    14.1662    -1.5636      0.298    32.2565    24.0335 -9.990e-29
 250.898987      0.304  39.135768    14.1692    -1.5636      0.301    32.2583    24.0343 -9.990e-29
 250.898993      0.308  39.123621    14.1676    -1.5629      0.305    32.2485    24.0271 -9.990e-29
 250.898999      0.313  39.107577    14.1642    -1.5629      0.310    32.2366    24.0186 -9.990e-29
 250.899005      0.320  39.107221    14.1613    -1.5634      0.317    32.2387    24.0208 -9.990e-29
 250.899010      0.324  39.116536    14.1579    -1.5637      0.321    32.2501    24.0303 -9.990e-29
 250.899016      0.322  39.114932    14.1555    -1.5639      0.319    32.2507    24.0313 -9.990e-29
 250.899022      0.318  39.107054    14.1559    -1.5638      0.315    32.2431    24.0253 -9.990e-29
 250.899028      0.316  39.110483    14.1582    -1.5638      0.313    32.2443    24.0258 -9.990e-29
 250.899034      0.315  39.119763    14.1611    -1.5638      0.312    32.2504    24.0299 -9.990e-29
 250.899039      0.316  39.115942    14.1634    -1.5637      0.313    32.2450    24.0252 -9.990e-29
 250.899045      0.319  39.101832    14.1647    -1.5636      0.316    32.2309    24.0141 -9.990e-29
 250.899051      0.323  39.102401    14.1652    -1.5637      0.320    32.2310    24.0141 -9.990e-29
 250.899057      0.326  39.117347    14.1655    -1.5640      0.323    32.2445    24.0244 -9.990e-29
 250.899063      0.322  39.116776    14.1657    -1.5638      0.319    32.2438    24.0239 -9.990e-29
 250.899068      0.316  39.093263    14.1644    -1.5635      0.313    32.2233    24.0083 -9.990e-29
 250.899074      0.312  39.067082    14.1609    -1.5635      0.309    32.2022    23.9927 -9.990e-29
 250.899080      0.310  39.056070    14.1576    -1.5636      0.307    32.1948    23.9877 -9.990e-29
 250.899086      0.308  39.061301    14.1565    -1.5641      0.305    32.2006    23.9924 -9.990e-29
 250.899091      0.308  39.069632    14.1571    -1.5640      0.305    32.2077    23.9978 -9.990e-29
 250.899097      0.309  39.075416    14.1589    -1.5640      0.306    32.2115    24.0004 -9.990e-29
 250.899103      0.312  39.080821    14.1614    -1.5639      0.309    32.2144    24.0021 -9.990e-29
 250.899109      0.316  39.079662    14.1637    -1.5638      0.313    32.2114    23.9993 -9.990e-29
 250.899115      0.322  39.067654    14.1656    -1.5639      0.319    32.1988    23.9891 -9.990e-29
 250.899120      0.329  39.054630    14.1667    -1.5640      0.326    32.1859    23.9790 -9.990e-29
 250.899126      0.340  39.053551    14.1663    -1.5643      0.337    32.1852    23.9786 -9.990e-29
 250.899132      0.349  39.061357    14.1636    -1.5641      0.346    32.1947    23.9864 -9.990e-29
 250.899138      0.353  39.064978    14.1595    -1.5639      0.350    32.2014    23.9924 -9.990e-29
 250.899144      0.354  39.060895    14.1566    -1.5638      0.351    32.2001    23.9920 -9.990e-29
 250.899149      0.349  39.054934    14.1547    -1.5641      0.346    32.1962    23.9894 -9.990e-29
 250.899155      0.344  39.052659    14.1532    -1.5642      0.341    32.1954    23.9891 -9.990e-29
 250.899161      0.343  39.056700    14.1525    -1.5642      0.340    32.1997    23.9925 -9.990e-29
 250.899167      0.345  39.065220    14.1523    -1.5639      0.342    32.2077    23.9987 -9.990e-29
 250.899172      0.347  39.071146    14.1525    -1.5639      0.344    32.2129    24.0028 -9.990e-29
 250.899178      0.343  39.068989    14.1534     9.6021      0.340    32.2102    24.0005 -9.990e-29
 250.899184      0.339  39.058737    14.1546    12.3593      0.336    32.1998    23.9922 -9.990e-29
 250.899190      0.338  39.048639    14.1554    12.5261      0.335    32.1898    23.9843 -9.990e-29
 250.899196      0.339  39.048829    14.1554    10.5035      0.336    32.1900    23.9845 -9.990e-29
 250.899201      0.345  39.054580    14.1541     6.1784      0.342    32.1964    23.9897 -9.990e-29
 250.899207      0.349  39.054564    14.1522     6.3143      0.346    32.1979    23.9913 -9.990e-29
 250.899213      0.349  39.049941    14.1516     6.4738      0.346    32.1942    23.9885 -9.990e-29
 250.899219      0.348  39.048619    14.1537     6.4934      0.345    32.1912    23.9858 -9.990e-29
 250.899225      0.351  39.052258    14.1577     6.4462      0.348    32.1912    23.9849 -9.990e-29
 250.899230      0.353  39.054001    14.1617     6.3841      0.350    32.1895    23.9828 -9.990e-29
 250.899236      0.351  39.045026    14.1648     6.3487      0.348    32.1787    23.9738 -9.990e-29
 250.899242      0.349  39.029680    14.1667     6.3162      0.346    32.1630    23.9613 -9.990e-29
 250.899248      0.351  39.020071    14.1677     6.3028      0.348    32.1533    23.9536 -9.990e-29
 250.899253      0.356  39.016899    14.1687     6.2889      0.353    32.1496    23.9505 -9.990e-29
 250.899259      0.362  39.015434    14.1699     6.2834      0.359    32.1472    23.9485 -9.990e-29
 250.899265      0.368  39.014346    14.1713     6.2816      0.365    32.1451    23.9465 -9.990e-29
 250.899271      0.378  39.013925    14.1724     6.2790      0.375    32.1438    23.9453 -9.990e-29
 250.899277      0.391  39.014232    14.1731     6.2689      0.388    32.1435    23.9449 -9.990e-29
 250.899282      0.401  39.014056    14.1726     6.2673      0.398    32.1437    23.9452 -9.990e-29
 250.899288      0.405  39.012662    14.1707     6.2663      0.402    32.1440    23.9458 -9.990e-29
 250.899294      0.400  39.011054    14.1682     6.2748      0.397    32.1446    23.9468 -9.990e-29
 250.899300      0.388  39.009951    14.1660     6.2802      0.385    32.1455    23.9479 -9.990e-29
 250.899306      0.379  39.008502    14.1640     6.2696      0.376    32.1458    23.9486 -9.990e-29
 250.899311      0.376  39.005397    14.1620     6.2691      0.373    32.1446    23.9481 -9.990e-29
 250.899317      0.378  39.001602    14.1605     6.2645      0.375    32.1424    23.9467 -9.990e-29
 250.899323      0.386  38.999963    14.1597     6.2585      0.383    32.1415    23.9462 -9.990e-29
 250.899329      0.396  39.000037    14.1588     6.2591      0.393    32.1423    23.9470 -9.990e-29
 250.899334      0.400  39.000301    14.1573     6.2560      0.397    32.1438    23.9485 -9.990e-29
 250.899340      0.397  39.000607    14.1557     6.2514      0.394    32.1455    23.9500 -9.990e-29
 250.899346      0.394  39.000293    14.1550     6.2461      0.391    32.1458    23.9504 -9.990e-29
 250.899352      0.388  38.999525    14.1552     6.2440      0.385    32.1449    23.9497 -9.990e-29
 250.899358      0.384  38.999514    14.1550     6.2508      0.381    32.1450    23.9499 -9.990e-29
 250.899363      0.382  39.000218    14.1537     6.2553      0.379    32.1468    23.9515 -9.990e-29
 250.899369      0.378  39.000299    14.1501     6.2633      0.375    32.1498    23.9546 -9.990e-29
 250.899375      0.375  38.998704    14.1442     6.2629      0.372    32.1533    23.9585 -9.990e-29
 250.899381      0.377  38.996069    14.1400     6.2535      0.374    32.1544    23.9602 -9.990e-29
 250.899387      0.381  38.995006    14.1393     6.2507      0.378    32.1540    23.9600 -9.990e-29
 250.899392      0.382  38.995739    14.1405     6.2602      0.379    32.1537    23.9595 -9.990e-29
 250.899398      0.385  38.996405    14.1438     6.2577      0.382    32.1515    23.9572 -9.990e-29
 250.899404      0.394  38.997853    14.1493     6.2524      0.391    32.1483    23.9535 -9.990e-29
 250.899410      0.405  39.000853    14.1550     6.2545      0.402    32.1463    23.9508 -9.990e-29
 250.899416      0.411  39.003201    14.1600     6.2459      0.408    32.1442    23.9482 -9.990e-29
 250.899421      0.411  39.004067    14.1648     6.2605      0.408    32.1410    23.9448 -9.990e-29
 250.899427      0.416  39.005127    14.1698     6.2640      0.413    32.1378    23.9413 -9.990e-29
 250.899433      0.424  39.007198    14.1747     6.2559      0.420    32.1357    23.9386 -9.990e-29
 250.899439      0.432  39.009640    14.1786     6.2603      0.428    32.1347    23.9370 -9.990e-29
 250.899444      0.441  39.011749    14.1812     6.2566      0.437    32.1344    23.9363 -9.990e-29
 250.899450      0.446  39.013496    14.1832     6.2582      0.442    32.1344    23.9358 -9.990e-29
 250.899456      0.444  39.014930    14.1852     6.2475      0.440    32.1340    23.9351 -9.990e-29
 250.899462      0.439  39.016241    14.1873     6.2375      0.435    32.1335    23.9342 -9.990e-29
 250.899468      0.440  39.017458    14.1890     6.2424      0.436    32.1332    23.9337 -9.990e-29
 250.899473      0.446  39.018486    14.1908     6.2397      0.442    32.1326    23.9329 -9.990e-29
 250.899479      0.449  39.019536    14.1933     6.2380      0.445    32.1315    23.9315 -9.990e-29
 250.899485      0.445  39.020848    14.1965     6.2498      0.441    32.1300    23.9297 -9.990e-29
 250.899491      0.433  39.023010    14.1988     6.2454      0.429    32.1301    23.9293 -9.990e-29
 250.899497      0.419  39.024944    14.1993     6.2598      0.416    32.1315    23.9302 -9.990e-29
 250.899502      0.408  39.024706    14.1982     6.2562      0.405    32.1322    23.9310 -9.990e-29
 250.899508      0.404  39.022501    14.1952     6.2563      0.401    32.1326    23.9320 -9.990e-29
 250.899514      0.408  39.019835    14.1915     6.2516      0.405    32.1333    23.9332 -9.990e-29
 250.899520      0.415  39.018721    14.1895     6.2527      0.412    32.1339    23.9341 -9.990e-29
 250.899525      0.417  39.019313    14.1900     6.2611      0.414    32.1340    23.9341 -9.990e-29
 250.899531      0.415  39.020680    14.1922     6.2547      0.412    32.1335    23.9332 -9.990e-29
 250.899537      0.417  39.022924    14.1943     6.2605      0.414    32.1338    23.9330 -9.990e-29
 250.899543      0.426  39.025074    14.1955     6.2523      0.422    32.1347    23.9335 -9.990e-29
