data/oxygen options/ONMS/Olympic_Coast_National_Marine_Sanctuary_CTD_Data_2005_2023/raw_data/2016/CAST_MB042_160627faed.cnv
* Sea-Bird SBE19 Data File:
* FileName = C:\2016 Mooring Data\Casts\Data\CAST_MB042_160627.hex
* Software Version 1.59
* Temperature SN = 2997
* Conductivity SN = 2997
* System UpLoad Time = Jun 27 2016 23:07:52
** CAST_MB042_160627
* ds
# nquan = 9                                 
# nvalues = 1172                        
# units = specified
# name 0 = timeJ: Julian Days
# name 1 = prSM: Pressure, Strain Gauge [db]
# name 2 = c0mS/cm: Conductivity [mS/cm]
# name 3 = t090C: Temperature [ITS-90, deg C]
# name 4 = sbeox0ML/L: Oxygen, SBE 43 [ml/l]
# name 5 = depSM: Depth [salt water, m], lat = 47.5
# name 6 = sal00: Salinity, Practical [PSU]
# name 7 = sigma-é00: Density [sigma-theta, kg/m^3]
# name 8 = flag: flag
# span 0 = 179.955694, 179.962471       
# span 1 =     -5.299,     42.940       
# span 2 =   0.424150,  37.061482       
# span 3 =     7.1238,    13.3701       
# span 4 =    -1.9689,    12.0288       
# span 5 =     -5.255,     42.577       
# span 6 =     0.2692,    33.8864       
# span 7 =    -0.4369,    26.5215       
# span 8 = 0.0000e+00, 0.0000e+00       
# interval = seconds: 0.5
# start_time = Jun 27 2016 22:56:12 [Instrument's time stamp, header]
# bad_flag = -9.990e-29
*END*
[from data line 161]
 179.956626     -1.875   0.475323    13.3328    -1.9384     -1.859     0.2990    -0.4311 -9.990e-29
 179.956632     -1.869   0.474787    13.3302    -1.9382     -1.853     0.2987    -0.4310 -9.990e-29
 179.956638     -1.864   0.474066    13.3253    -1.9382     -1.848     0.2982    -0.4307 -9.990e-29
 179.956644     -1.860   0.473306    13.3194    -1.9380     -1.844     0.2978    -0.4302 -9.990e-29
 179.956649     -1.855   0.472604    13.3164    -1.9381     -1.840     0.2973    -0.4302 -9.990e-29
 179.956655     -1.849   0.472137    13.3175    -1.9382     -1.834     0.2970    -0.4306 -9.990e-29
 179.956661     -1.842   0.471836    13.3212    -1.9383     -1.827     0.2968    -0.4312 -9.990e-29
 179.956667     -1.834   0.471299    13.3259    -1.9384     -1.819     0.2964    -0.4321 -9.990e-29
 179.956672     -1.824   0.470366    13.3312    -1.9385     -1.809     0.2958    -0.4333 -9.990e-29
 179.956678     -1.812   0.469458    13.3368    -1.9386     -1.797     0.2952    -0.4346 -9.990e-29
 179.956684     -1.796   0.469032    13.3415    -1.9392     -1.781     0.2948    -0.4354 -9.990e-29
 179.956690     -1.776   0.469074    13.3447    -1.9401     -1.761     0.2948    -0.4358 -9.990e-29
 179.956696     -1.754   0.469086    13.3465    -1.9401     -1.739     0.2948    -0.4361 -9.990e-29
 179.956701     -1.734   0.468526    13.3463    -1.9403     -1.720     0.2945    -0.4363 -9.990e-29
 179.956707     -1.715   0.467759    13.3445    -1.9403     -1.701     0.2940    -0.4365 -9.990e-29
 179.956713     -1.698   0.467427    13.3421    -1.9404     -1.684     0.2938    -0.4363 -9.990e-29
 179.956719     -1.688   0.467643    13.3393    -1.9403     -1.674     0.2940    -0.4358 -9.990e-29
 179.956725     -1.680   0.468141    13.3358    -1.9403     -1.666     0.2943    -0.4351 -9.990e-29
 179.956730     -1.669   0.468475    13.3297    -1.9406     -1.655     0.2946    -0.4341 -9.990e-29
 179.956736     -1.658   0.468533    13.3196    -1.9419     -1.644     0.2947    -0.4327 -9.990e-29
 179.956742     -1.652   0.468391    13.3089    -1.9424     -1.638     0.2947    -0.4313 -9.990e-29
 179.956748     -1.649   0.467860    13.3020    -1.9426     -1.635     0.2944    -0.4306 -9.990e-29
 179.956753     -1.645   0.466790    13.2987    -1.9424     -1.631     0.2937    -0.4307 -9.990e-29
 179.956759     -1.635   0.465418    13.2969    -1.9421     -1.621     0.2928    -0.4311 -9.990e-29
 179.956765     -1.624   0.464135    13.2959    -1.9420     -1.610     0.2920    -0.4316 -9.990e-29
 179.956771     -1.615   0.463452    13.2947    -1.9418     -1.602     0.2916    -0.4318 -9.990e-29
 179.956777     -1.607   0.463568    13.2910    -1.9416     -1.594     0.2917    -0.4313 -9.990e-29
 179.956782     -1.600   0.464082    13.2811    -1.9413     -1.587     0.2921    -0.4296 -9.990e-29
 179.956788     -1.593   0.464570    13.2665    -1.9409     -1.580     0.2925    -0.4274 -9.990e-29
 179.956794     -1.586   0.464573    13.2548    -1.9407     -1.573     0.2926    -0.4258 -9.990e-29
 179.956800     -1.579   0.464093    13.2500    -1.9407     -1.566     0.2923    -0.4254 -9.990e-29
 179.956806     -1.570   0.463602    13.2511    -1.9404     -1.557     0.2920    -0.4258 -9.990e-29
 179.956811     -1.560   0.463000    13.2550    -1.9402     -1.547     0.2916    -0.4266 -9.990e-29
 179.956817     -1.548   0.462038    13.2595    -1.9402     -1.535     0.2909    -0.4277 -9.990e-29
 179.956823     -1.537   0.461100    13.2641    -1.9405     -1.524     0.2903    -0.4288 -9.990e-29
 179.956829     -1.530   0.460600    13.2694    -1.9407     -1.517     0.2899    -0.4298 -9.990e-29
 179.956834     -1.524   0.460429    13.2755    -1.9406     -1.511     0.2897    -0.4307 -9.990e-29
 179.956840     -1.514   0.460359    13.2817    -1.9403     -1.501     0.2897    -0.4316 -9.990e-29
 179.956846     -1.498   0.460295    13.2871    -1.9408     -1.486     0.2896    -0.4324 -9.990e-29
 179.956852     -1.477   0.460152    13.2919    -1.9416     -1.465     0.2894    -0.4331 -9.990e-29
 179.956858     -1.452   0.459739    13.2964    -1.9422     -1.440     0.2891    -0.4339 -9.990e-29
 179.956863     -1.431   0.459059    13.2991    -1.9421     -1.419     0.2887    -0.4346 -9.990e-29
 179.956869     -1.420   0.458319    13.2983    -1.9421     -1.408     0.2882    -0.4349 -9.990e-29
 179.956875     -1.421   0.457640    13.2954    -1.9422     -1.409     0.2878    -0.4348 -9.990e-29
 179.956881     -1.418   0.457229    13.2932    -1.9419     -1.406     0.2875    -0.4348 -9.990e-29
 179.956887     -1.409   0.457090    13.2926    -1.9415     -1.397     0.2875    -0.4347 -9.990e-29
 179.956892     -1.400   0.457040    13.2905    -1.9412     -1.388     0.2874    -0.4345 -9.990e-29
 179.956898     -1.392   0.457010    13.2833    -1.9412     -1.380     0.2875    -0.4335 -9.990e-29
 179.956904     -1.380   0.456963    13.2723    -1.9410     -1.368     0.2875    -0.4320 -9.990e-29
 179.956910     -1.367   0.456834    13.2633    -1.9406     -1.356     0.2875    -0.4309 -9.990e-29
 179.956916     -1.357   0.456452    13.2597    -1.9405     -1.346     0.2873    -0.4306 -9.990e-29
 179.956921     -1.349   0.455863    13.2595    -1.9413     -1.338     0.2869    -0.4308 -9.990e-29
 179.956927     -1.342   0.455391    13.2612    -1.9424     -1.331     0.2866    -0.4313 -9.990e-29
 179.956933     -1.337   0.454962    13.2658    -1.9436     -1.326     0.2863    -0.4322 -9.990e-29
 179.956939     -1.332   0.454560    13.2720    -1.9443     -1.321     0.2860    -0.4332 -9.990e-29
 179.956944     -1.328   0.454202    13.2774    -1.9443     -1.317     0.2857    -0.4341 -9.990e-29
 179.956950     -1.324   0.453413    13.2816    -1.9442     -1.313     0.2852    -0.4351 -9.990e-29
 179.956956     -1.320   0.452252    13.2854    -1.9440     -1.309     0.2844    -0.4362 -9.990e-29
 179.956962     -1.315   0.451391    13.2877    -1.9437     -1.304     0.2838    -0.4369 -9.990e-29
 179.956968     -1.310   0.451345    13.2836    -1.9434     -1.299     0.2838    -0.4364 -9.990e-29
 179.956973     -1.304   0.452053    13.2704    -1.9432     -1.293     0.2844    -0.4342 -9.990e-29
 179.956979     -1.297   0.452796    13.2509    -1.9430     -1.286     0.2850    -0.4312 -9.990e-29
 179.956985     -1.288   0.452897    13.2315    -1.9429     -1.277     0.2852    -0.4285 -9.990e-29
 179.956991     -1.277   0.452493    13.2182    -1.9434     -1.266     0.2850    -0.4269 -9.990e-29
 179.956997     -1.262   0.452155    13.2132    -1.9445     -1.251     0.2848    -0.4264 -9.990e-29
 179.957002     -1.244   0.451987    13.2138    -1.9457     -1.234     0.2847    -0.4266 -9.990e-29
 179.957008     -1.225   0.451763    13.2172    -1.9463     -1.215     0.2845    -0.4272 -9.990e-29
 179.957014     -1.212   0.451187    13.2220    -1.9461     -1.202     0.2841    -0.4281 -9.990e-29
 179.957020     -1.205   0.450598    13.2274    -1.9459     -1.195     0.2837    -0.4291 -9.990e-29
 179.957025     -1.194   0.450877    13.2322    -1.9457     -1.184     0.2839    -0.4296 -9.990e-29
 179.957031     -1.180   0.451843    13.2345    -1.9455     -1.170     0.2845    -0.4295 -9.990e-29
 179.957037     -1.169   0.452562    13.2318    -1.9454     -1.159     0.2850    -0.4287 -9.990e-29
 179.957043     -1.161   0.452327    13.2215    -1.9450     -1.151     0.2849    -0.4275 -9.990e-29
 179.957049     -1.151   0.451380    13.2041    -1.9446     -1.141     0.2844    -0.4256 -9.990e-29
 179.957054     -1.143   0.450678    13.1858    -1.9441     -1.133     0.2841    -0.4235 -9.990e-29
 179.957060     -1.136   0.450397    13.1744    -1.9437     -1.127     0.2840    -0.4221 -9.990e-29
 179.957066     -1.126   0.450161    13.1719    -1.9442     -1.117     0.2838    -0.4218 -9.990e-29
 179.957072     -1.115   0.449656    13.1745    -1.9441     -1.106     0.2835    -0.4224 -9.990e-29
 179.957078     -1.109   0.448763    13.1783    -1.9441     -1.100     0.2829    -0.4234 -9.990e-29
 179.957083     -1.106   0.447958    13.1820    -1.9442     -1.097     0.2823    -0.4243 -9.990e-29
 179.957089     -1.106   0.447834    13.1868    -1.9440     -1.097     0.2822    -0.4250 -9.990e-29
 179.957095     -1.104   0.448224    13.1941    -1.9435     -1.095     0.2824    -0.4258 -9.990e-29
 179.957101     -1.098   0.448536    13.2030    -1.9429     -1.089     0.2825    -0.4269 -9.990e-29
 179.957106     -1.090   0.448631    13.2111    -1.9428     -1.081     0.2826    -0.4279 -9.990e-29
 179.957112     -1.084   0.448638    13.2155    -1.9434     -1.075     0.2825    -0.4285 -9.990e-29
 179.957118     -1.079   0.448563    13.2156    -1.9442     -1.070     0.2825    -0.4286 -9.990e-29
 179.957124     -1.077   0.448308    13.2148    -1.9455     -1.068     0.2823    -0.4286 -9.990e-29
 179.957130     -1.075   0.447531    13.2152    -1.9464     -1.066     0.2818    -0.4290 -9.990e-29
 179.957135     -1.074   0.446303    13.2172    -1.9473     -1.065     0.2810    -0.4299 -9.990e-29
 179.957141     -1.075   0.445210    13.2217    -1.9481     -1.066     0.2803    -0.4311 -9.990e-29
 179.957147     -1.077   0.444457    13.2288    -1.9493     -1.068     0.2797    -0.4324 -9.990e-29
 179.957153     -1.076   0.444152    13.2351    -1.9499     -1.067     0.2795    -0.4334 -9.990e-29
 179.957159     -1.068   0.444441    13.2348    -1.9501     -1.059     0.2797    -0.4332 -9.990e-29
 179.957164     -1.056   0.445153    13.2251    -1.9498     -1.047     0.2802    -0.4316 -9.990e-29
 179.957170     -1.044   0.445569    13.2076    -1.9494     -1.035     0.2806    -0.4290 -9.990e-29
 179.957176     -1.032   0.445132    13.1856    -1.9488     -1.023     0.2805    -0.4262 -9.990e-29
 179.957182     -1.022   0.444369    13.1631    -1.9484     -1.013     0.2801    -0.4236 -9.990e-29
 179.957188     -1.019   0.443929    13.1419    -1.9479     -1.010     0.2800    -0.4209 -9.990e-29
 179.957193     -1.018   0.443778    13.1212    -1.9483     -1.010     0.2800    -0.4182 -9.990e-29
 179.957199     -1.014   0.443715    13.1024    -1.9497     -1.006     0.2801    -0.4157 -9.990e-29
 179.957205     -1.007   0.443653    13.0899    -1.9517     -0.999     0.2802    -0.4141 -9.990e-29
 179.957211     -0.998   0.443509    13.0856    -1.9535     -0.990     0.2801    -0.4136 -9.990e-29
 179.957216     -0.989   0.443090    13.0885    -1.9538     -0.981     0.2798    -0.4142 -9.990e-29
 179.957222     -0.984   0.442392    13.0963    -1.9534     -0.976     0.2793    -0.4156 -9.990e-29
 179.957228     -0.983   0.441592    13.1056    -1.9533     -0.975     0.2787    -0.4172 -9.990e-29
 179.957234     -0.986   0.440733    13.1127    -1.9529     -0.978     0.2781    -0.4186 -9.990e-29
 179.957240     -0.989   0.440337    13.1134    -1.9525     -0.981     0.2779    -0.4189 -9.990e-29
 179.957245     -0.987   0.440984    13.1017    -1.9520     -0.979     0.2784    -0.4170 -9.990e-29
 179.957251     -0.982   0.442423    13.0767    -1.9517     -0.974     0.2795    -0.4130 -9.990e-29
 179.957257     -0.971   0.443796    13.0450    -1.9515     -0.963     0.2806    -0.4080 -9.990e-29
 179.957263     -0.955   0.444157    13.0184    -1.9516     -0.947     0.2810    -0.4043 -9.990e-29
 179.957269     -0.937   0.443430    13.0055    -1.9516     -0.929     0.2806    -0.4029 -9.990e-29
 179.957274     -0.920   0.442312    13.0042    -1.9522     -0.912     0.2799    -0.4033 -9.990e-29
 179.957280     -0.903   0.441531    13.0083    -1.9539     -0.895     0.2794    -0.4043 -9.990e-29
 179.957286     -0.889   0.441156    13.0152    -1.9554     -0.882     0.2791    -0.4054 -9.990e-29
 179.957292     -0.882   0.440686    13.0237    -1.9567     -0.875     0.2787    -0.4068 -9.990e-29
 179.957297     -0.881   0.440048    13.0317    -1.9574     -0.874     0.2782    -0.4081 -9.990e-29
 179.957303     -0.881   0.439500    13.0376    -1.9578     -0.874     0.2778    -0.4092 -9.990e-29
 179.957309     -0.879   0.439422    13.0406    -1.9582     -0.872     0.2778    -0.4097 -9.990e-29
 179.957315     -0.874   0.439706    13.0400    -1.9582     -0.867     0.2780    -0.4094 -9.990e-29
 179.957321     -0.866   0.439620    13.0335    -1.9579     -0.859     0.2779    -0.4086 -9.990e-29
 179.957326     -0.859   0.439050    13.0170    -1.9574     -0.852     0.2777    -0.4067 -9.990e-29
 179.957332     -0.852   0.438345    12.9906    -1.9569     -0.845     0.2774    -0.4035 -9.990e-29
 179.957338     -0.841   0.437675    12.9612    -1.9564     -0.834     0.2772    -0.4000 -9.990e-29
 179.957344     -0.829   0.437254    12.9359    -1.9559     -0.822     0.2771    -0.3969 -9.990e-29
 179.957350     -0.820   0.437077    12.9177    -1.9555     -0.813     0.2771    -0.3946 -9.990e-29
 179.957355     -0.813   0.436904    12.9062    -1.9550     -0.806     0.2771    -0.3931 -9.990e-29
 179.957361     -0.807   0.436506    12.9000    -1.9543     -0.800     0.2768    -0.3925 -9.990e-29
 179.957367     -0.802   0.435903    12.8993    -1.9548     -0.795     0.2765    -0.3927 -9.990e-29
 179.957373     -0.799   0.435403    12.9042    -1.9566     -0.792     0.2761    -0.3936 -9.990e-29
 179.957378     -0.796   0.434893    12.9128    -1.9584     -0.789     0.2757    -0.3950 -9.990e-29
 179.957384     -0.794   0.434245    12.9234    -1.9598     -0.787     0.2752    -0.3967 -9.990e-29
 179.957390     -0.793   0.433707    12.9347    -1.9603     -0.786     0.2748    -0.3985 -9.990e-29
 179.957396     -0.791   0.433113    12.9458    -1.9597     -0.784     0.2743    -0.4003 -9.990e-29
 179.957402     -0.790   0.432226    12.9560    -1.9590     -0.783     0.2737    -0.4021 -9.990e-29
 179.957407     -0.789   0.431529    12.9643    -1.9585     -0.782     0.2732    -0.4035 -9.990e-29
 179.957413     -0.789   0.431758    12.9660    -1.9579     -0.782     0.2733    -0.4036 -9.990e-29
 179.957419     -0.788   0.432662    12.9536    -1.9572     -0.781     0.2740    -0.4015 -9.990e-29
 179.957425     -0.788   0.433223    12.9275    -1.9566     -0.781     0.2745    -0.3978 -9.990e-29
 179.957431     -0.788   0.433076    12.8973    -1.9564     -0.781     0.2746    -0.3939 -9.990e-29
 179.957436     -0.787   0.432579    12.8734    -1.9565     -0.780     0.2745    -0.3910 -9.990e-29
 179.957442     -0.787   0.432180    12.8628    -1.9570     -0.780     0.2743    -0.3898 -9.990e-29
 179.957448     -0.786   0.431902    12.8658    -1.9579     -0.779     0.2741    -0.3904 -9.990e-29
 179.957454     -0.786   0.431372    12.8764    -1.9586     -0.779     0.2737    -0.3920 -9.990e-29
 179.957459     -0.785   0.430439    12.8892    -1.9589     -0.778     0.2730    -0.3942 -9.990e-29
 179.957465     -0.785   0.429522    12.9024    -1.9594     -0.778     0.2723    -0.3964 -9.990e-29
 179.957471     -0.784   0.429064    12.9151    -1.9596     -0.777     0.2719    -0.3983 -9.990e-29
 179.957477     -0.783   0.429006    12.9249    -1.9600     -0.776     0.2718    -0.3996 -9.990e-29
 179.957483     -0.782   0.429271    12.9290    -1.9609     -0.775     0.2719    -0.4000 -9.990e-29
 179.957488     -0.780   0.429658    12.9261    -1.9616     -0.773     0.2722    -0.3994 -9.990e-29
 179.957494     -0.778   0.429569    12.9166    -1.9623     -0.772     0.2722    -0.3982 -9.990e-29
 179.957500     -0.776   0.428884    12.9029    -1.9633     -0.770     0.2718    -0.3968 -9.990e-29
 179.957506     -0.773   0.428356    12.8893    -1.9629     -0.767     0.2716    -0.3953 -9.990e-29
 179.957512     -0.769   0.428391    12.8784    -1.9621     -0.763     0.2717    -0.3938 -9.990e-29
 179.957517     -0.764   0.428479    12.8692    -1.9615     -0.758     0.2718    -0.3926 -9.990e-29
 179.957523     -0.757   0.428179    12.8601    -1.9608     -0.751     0.2717    -0.3915 -9.990e-29
 179.957529     -0.749   0.427646    12.8489    -1.9600     -0.743     0.2714    -0.3903 -9.990e-29
 179.957535     -0.738   0.427280    12.8345    -1.9591     -0.732     0.2713    -0.3886 -9.990e-29
 179.957541     -0.728   0.427145    12.8186    -1.9592     -0.722     0.2713    -0.3866 -9.990e-29
