data/oxygen options/ONMS/Olympic_Coast_National_Marine_Sanctuary_CTD_Data_2005_2023/raw_data/2016/CAST_MB042_160523faed.cnv
* Sea-Bird SBE19 Data File:
* FileName = C:\2016 Mooring Data\CAST_MB042_160523.hex
* Software Version 1.59
* Temperature SN = 2997
* Conductivity SN = 2997
* System UpLoad Time = May 23 2016 20:39:45
** CAST_MB042_160523
* ds
# nquan = 9                                 
# nvalues = 1539                        
# units = specified
# name 0 = timeJ: Julian Days
# name 1 = prSM: Pressure, Strain Gauge [db]
# name 2 = c0mS/cm: Conductivity [mS/cm]
# name 3 = t090C: Temperature [ITS-90, deg C]
# name 4 = sbeox0ML/L: Oxygen, SBE 43 [ml/l]
# name 5 = depSM: Depth [salt water, m], lat = 47.5
# name 6 = sal00: Salinity, Practical [PSU]
# name 7 = sigma-é00: Density [sigma-theta, kg/m^3]
# name 8 = flag: flag
# span 0 = 144.849722, 144.858623       
# span 1 =     -5.690,     43.454       
# span 2 =  -0.001247,  37.870615       
# span 3 =     8.2104,    16.7547       
# span 4 =    -1.8598,    18.1820       
# span 5 =     -5.643,     43.087       
# span 6 =     0.0000,    33.3431       
# span 7 =    -1.1816,    25.9416       
# span 8 = 0.0000e+00, 0.0000e+00       
# interval = seconds: 0.5
# start_time = May 23 2016 20:23:36 [Instrument's time stamp, header]
# bad_flag = -9.990e-29
*END*
[from data line 961]
 144.855284      1.380  37.232843    12.6648     9.0293      1.368    31.7448    23.9371 -9.990e-29
 144.855289      1.393  37.227307    12.6659     9.0203      1.381    31.7386    23.9321 -9.990e-29
 144.855295      1.404  37.220589    12.6714     9.0362      1.392    31.7276    23.9225 -9.990e-29
 144.855301      1.405  37.217270    12.6793     9.0768      1.393    31.7178    23.9134 -9.990e-29
 144.855307      1.396  37.224956    12.6866     9.0938      1.384    31.7190    23.9129 -9.990e-29
 144.855313      1.384  37.239355    12.6853     9.0905      1.372    31.7337    23.9246 -9.990e-29
 144.855318      1.378  37.246691    12.6669     9.0851      1.366    31.7562    23.9455 -9.990e-29
 144.855324      1.381  37.235226    12.6432     9.0686      1.369    31.7653    23.9571 -9.990e-29
 144.855330      1.386  37.215354    12.6359     9.0423      1.374    31.7526    23.9486 -9.990e-29
 144.855336      1.383  37.211275    12.6486     9.0213      1.371    31.7380    23.9349 -9.990e-29
 144.855341      1.377  37.222894    12.6666     9.0053      1.366    31.7339    23.9283 -9.990e-29
 144.855347      1.371  37.236899    12.6784     8.9915      1.360    31.7372    23.9286 -9.990e-29
 144.855353      1.366  37.251567    12.6884     8.9919      1.355    31.7427    23.9309 -9.990e-29
 144.855359      1.361  37.269413    12.7007     8.9866      1.350    31.7493    23.9337 -9.990e-29
 144.855365      1.356  37.284872    12.7092     8.9789      1.345    31.7568    23.9378 -9.990e-29
 144.855370      1.351  37.291432    12.7133     8.9914      1.340    31.7595    23.9392 -9.990e-29
 144.855376      1.344  37.292556    12.7181     8.9992      1.333    31.7566    23.9360 -9.990e-29
 144.855382      1.340  37.293978    12.7255     9.0176      1.329    31.7517    23.9308 -9.990e-29
 144.855388      1.348  37.297345    12.7360     9.0151      1.337    31.7460    23.9244 -9.990e-29
 144.855394      1.367  37.301301    12.7462     8.9829      1.356    31.7412    23.9187 -9.990e-29
 144.855399      1.386  37.294074    12.7507     8.9621      1.374    31.7305    23.9096 -9.990e-29
 144.855405      1.394  37.279782    12.7502     8.9636      1.382    31.7174    23.8995 -9.990e-29
 144.855411      1.391  37.282233    12.7480     8.9839      1.379    31.7216    23.9032 -9.990e-29
 144.855417      1.385  37.295492    12.7451     9.0191      1.373    31.7366    23.9153 -9.990e-29
 144.855422      1.381  37.302272    12.7407     9.0490      1.369    31.7467    23.9240 -9.990e-29
 144.855428      1.378  37.301288    12.7333     9.0571      1.366    31.7520    23.9295 -9.990e-29
 144.855434      1.375  37.294336    12.7254     9.0434      1.364    31.7521    23.9311 -9.990e-29
 144.855440      1.373  37.288699    12.7247     9.0379      1.362    31.7473    23.9276 -9.990e-29
 144.855446      1.372  37.290609    12.7306     9.0315      1.361    31.7442    23.9240 -9.990e-29
 144.855451      1.371  37.296762    12.7369     9.0365      1.360    31.7447    23.9232 -9.990e-29
 144.855457      1.370  37.302236    12.7424     9.0522      1.359    31.7453    23.9226 -9.990e-29
 144.855463      1.370  37.307922    12.7488     9.0358      1.359    31.7453    23.9213 -9.990e-29
 144.855469      1.370  37.314995    12.7530     9.0342      1.359    31.7484    23.9230 -9.990e-29
 144.855475      1.371  37.316401    12.7492     9.0359      1.360    31.7529    23.9272 -9.990e-29
 144.855480      1.372  37.306488    12.7382     9.0404      1.361    31.7528    23.9292 -9.990e-29
 144.855486      1.373  37.293631    12.7258     9.0564      1.362    31.7511    23.9302 -9.990e-29
 144.855492      1.374  37.288996    12.7162     9.0552      1.363    31.7548    23.9349 -9.990e-29
 144.855498      1.377  37.290072    12.7104     9.0444      1.366    31.7607    23.9406 -9.990e-29
 144.855503      1.380  37.287404    12.7081     9.0490      1.368    31.7601    23.9406 -9.990e-29
 144.855509      1.384  37.282224    12.7107     9.0501      1.372    31.7530    23.9346 -9.990e-29
 144.855515      1.385  37.284175    12.7205     9.0566      1.373    31.7466    23.9278 -9.990e-29
 144.855521      1.378  37.293370    12.7320     9.0498      1.366    31.7456    23.9248 -9.990e-29
 144.855527      1.373  37.301101    12.7369     8.9888      1.362    31.7488    23.9264 -9.990e-29
 144.855532      1.376  37.302312    12.7331     8.9666      1.365    31.7532    23.9305 -9.990e-29
 144.855538      1.384  37.291653    12.7258     8.9877      1.372    31.7492    23.9288 -9.990e-29
 144.855544      1.394  37.280423    12.7233     9.0246      1.382    31.7407    23.9227 -9.990e-29
 144.855550      1.406  37.286998    12.7274     9.0697      1.394    31.7434    23.9240 -9.990e-29
 144.855556      1.424  37.297496    12.7296     9.0575      1.412    31.7515    23.9299 -9.990e-29
 144.855561      1.455  37.300467    12.7190     9.0486      1.443    31.7632    23.9410 -9.990e-29
 144.855567      1.496  37.293465    12.6934     9.0464      1.484    31.7782    23.9574 -9.990e-29
 144.855573      1.540  37.265227    12.6738     9.0591      1.527    31.7679    23.9532 -9.990e-29
 144.855579      1.583  37.237211    12.6848     9.0857      1.570    31.7320    23.9234 -9.990e-29
 144.855584      1.627  37.237888    12.7102     9.1100      1.613    31.7113    23.9024 -9.990e-29
 144.855590      1.684  37.253344    12.7146     9.0691      1.670    31.7222    23.9101 -9.990e-29
 144.855596      1.760  37.254665    12.6797     9.0296      1.745    31.7528    23.9404 -9.990e-29
 144.855602      1.858  37.222654    12.6068     8.9834      1.842    31.7839    23.9784 -9.990e-29
 144.855608      1.974  37.159744    12.5195     8.9207      1.958    31.7978    24.0058 -9.990e-29
 144.855613      2.107  37.085960    12.4329     8.8801      2.089    31.8007    24.0245 0.0000e+00
 144.855619      2.258  37.005142    12.3421     8.8131      2.239    31.8004    24.0414 0.0000e+00
 144.855625      2.427  36.918466    12.2337     8.7220      2.407    31.8094    24.0688 0.0000e+00
 144.855631      2.611  36.821540    12.0840     8.6362      2.589    31.8437    24.1233 0.0000e+00
 144.855637      2.807  36.700782    11.9096     8.5164      2.784    31.8762    24.1808 0.0000e+00
 144.855642      3.008  36.588104    11.7731     8.4098      2.983    31.8841    24.2119 0.0000e+00
 144.855648      3.212  36.521700    11.6962     8.3290      3.185    31.8857    24.2272 0.0000e+00
 144.855654      3.417  36.491144    11.6489     8.2587      3.388    31.8966    24.2442 0.0000e+00
 144.855660      3.629  36.469984    11.6000     8.2268      3.599    31.9180    24.2697 0.0000e+00
 144.855666      3.847  36.447673    11.5413     8.1805      3.815    31.9468    24.3027 0.0000e+00
 144.855671      4.070  36.426691    11.4914     8.1341      4.036    31.9693    24.3292 0.0000e+00
 144.855677      4.301  36.411848    11.4613     8.0965      4.265    31.9807    24.3435 0.0000e+00
 144.855683      4.549  36.405496    11.4414     8.0496      4.511    31.9916    24.3556 0.0000e+00
 144.855689      4.806  36.402274    11.4220     8.0183      4.766    32.0052    24.3696 0.0000e+00
 144.855694      5.073  36.395957    11.4006     7.9738      5.031    32.0174    24.3829 0.0000e+00
 144.855700      5.349  36.387957    11.3802     7.8979      5.304    32.0272    24.3942 0.0000e+00
 144.855706      5.625  36.381359    11.3644     7.7931      5.578    32.0343    24.4026 0.0000e+00
 144.855712      5.899  36.375517    11.3539     7.6738      5.850    32.0376    24.4070 0.0000e+00
 144.855718      6.170  36.371353    11.3450     7.5688      6.118    32.0411    24.4113 0.0000e+00
 144.855723      6.443  36.368670    11.3291     7.5106      6.389    32.0522    24.4228 0.0000e+00
 144.855729      6.722  36.360846    11.2982     7.4616      6.666    32.0712    24.4431 0.0000e+00
 144.855735      7.004  36.339447    11.2586     7.4482      6.945    32.0846    24.4605 0.0000e+00
 144.855741      7.281  36.317130    11.2298     7.4169      7.220    32.0876    24.4680 0.0000e+00
 144.855747      7.544  36.313166    11.2177     7.3717      7.481    32.0942    24.4753 0.0000e+00
 144.855752      7.790  36.316420    11.2117     7.3241      7.725    32.1025    24.4828 0.0000e+00
 144.855758      8.022  36.315863    11.2047     7.2449      7.955    32.1079    24.4883 0.0000e+00
 144.855764      8.248  36.313306    11.1933     7.1449      8.179    32.1153    24.4960 0.0000e+00
 144.855770      8.481  36.304538    11.1752     7.0087      8.410    32.1223    24.5047 0.0000e+00
 144.855775      8.720  36.292745    11.1537     6.8454      8.647    32.1294    24.5140 0.0000e+00
 144.855781      8.966  36.285479    11.1324     6.6654      8.891    32.1408    24.5266 0.0000e+00
 144.855787      9.216  36.276725    11.1045     6.4741      9.139    32.1564    24.5438 0.0000e+00
 144.855793      9.468  36.254563    11.0594     6.2776      9.389    32.1739    24.5653 0.0000e+00
 144.855799      9.723  36.216639    10.9949     6.0827      9.642    32.1929    24.5914 0.0000e+00
 144.855804      9.983  36.170380    10.9144     5.9190      9.899    32.2177    24.6248 0.0000e+00
 144.855810     10.252  36.122174    10.8204     5.8290     10.166    32.2525    24.6683 0.0000e+00
 144.855816     10.525  36.073567    10.7154     5.7769     10.437    32.2967    24.7209 0.0000e+00
 144.855822     10.799  36.022771    10.6009     5.7724     10.709    32.3474    24.7801 0.0000e+00
 144.855828     11.075  35.968996    10.4833     5.7871     10.982    32.3979    24.8397 0.0000e+00
 144.855833     11.347  35.916437    10.3787     5.7800     11.252    32.4383    24.8889 0.0000e+00
 144.855839     11.608  35.868668    10.3011     5.7708     11.511    32.4595    24.9186 0.0000e+00
 144.855845     11.858  35.828370    10.2550     5.7207     11.759    32.4601    24.9268 0.0000e+00
 144.855851     12.103  35.802586    10.2348     5.6611     12.002    32.4521    24.9240 0.0000e+00
 144.855856     12.351  35.798123    10.2226     5.6265     12.248    32.4584    24.9310 0.0000e+00
 144.855862     12.608  35.800945    10.2019     5.5789     12.502    32.4797    24.9511 0.0000e+00
 144.855868     12.879  35.793856    10.1699     5.5640     12.771    32.5011    24.9731 0.0000e+00
 144.855874     13.160  35.780044    10.1321     5.5598     13.050    32.5210    24.9950 0.0000e+00
 144.855880     13.437  35.761569    10.1014     5.5347     13.324    32.5298    25.0070 0.0000e+00
 144.855885     13.699  35.739871    10.0871     5.5341     13.584    32.5206    25.0022 0.0000e+00
 144.855891     13.946  35.724406    10.0814     5.5148     13.829    32.5100    24.9948 0.0000e+00
 144.855897     14.184  35.722307    10.0668     5.5214     14.065    32.5209    25.0058 0.0000e+00
 144.855903     14.420  35.722136    10.0334     5.5364     14.299    32.5506    25.0346 0.0000e+00
 144.855909     14.660  35.709989     9.9918     5.5342     14.537    32.5757    25.0611 0.0000e+00
 144.855914     14.908  35.696306     9.9600     5.5425     14.783    32.5904    25.0778 0.0000e+00
 144.855920     15.161  35.690039     9.9416     5.5337     15.034    32.6006    25.0888 0.0000e+00
 144.855926     15.419  35.687063     9.9316     5.4984     15.290    32.6065    25.0950 0.0000e+00
 144.855932     15.681  35.684846     9.9260     5.4308     15.550    32.6092    25.0981 0.0000e+00
 144.855938     15.941  35.682992     9.9244     5.3347     15.807    32.6086    25.0979 0.0000e+00
 144.855943     16.196  35.683268     9.9254     5.2185     16.060    32.6079    25.0972 0.0000e+00
 144.855949     16.454  35.685802     9.9204     5.1060     16.316    32.6149    25.1035 0.0000e+00
 144.855955     16.729  35.683093     9.9001     5.0433     16.589    32.6303    25.1189 0.0000e+00
 144.855961     17.032  35.669615     9.8550     5.0304     16.889    32.6573    25.1474 0.0000e+00
 144.855966     17.351  35.643396     9.7717     5.0311     17.205    32.7061    25.1992 0.0000e+00
 144.855972     17.665  35.595555     9.6683     5.0176     17.517    32.7512    25.2513 0.0000e+00
 144.855978     17.954  35.534295     9.5995     4.9228     17.803    32.7511    25.2624 0.0000e+00
 144.855984     18.211  35.500873     9.5848     4.8041     18.058    32.7301    25.2484 0.0000e+00
 144.855990     18.445  35.512062     9.5949     4.6825     18.290    32.7323    25.2485 0.0000e+00
 144.855995     18.669  35.522616     9.5982     4.5762     18.512    32.7400    25.2540 0.0000e+00
 144.856001     18.899  35.494354     9.5576     4.5044     18.740    32.7480    25.2668 0.0000e+00
 144.856007     19.144  35.439904     9.4631     4.4321     18.983    32.7783    25.3058 0.0000e+00
 144.856013     19.403  35.382823     9.3677     4.3565     19.240    32.8069    25.3434 0.0000e+00
 144.856019     19.667  35.337475     9.3103     4.2916     19.502    32.8127    25.3571 0.0000e+00
 144.856024     19.928  35.308155     9.2785     4.2341     19.761    32.8115    25.3612 0.0000e+00
 144.856030     20.183  35.285866     9.2473     4.2113     20.014    32.8171    25.3705 0.0000e+00
 144.856036     20.446  35.255875     9.2000     4.1882     20.274    32.8295    25.3877 0.0000e+00
 144.856042     20.725  35.212230     9.1401     4.1682     20.551    32.8393    25.4049 0.0000e+00
 144.856047     21.020  35.167725     9.0855     4.1636     20.844    32.8434    25.4166 0.0000e+00
 144.856053     21.328  35.136242     9.0479     4.1289     21.149    32.8452    25.4240 0.0000e+00
 144.856059     21.640  35.118785     9.0234     4.1209     21.458    32.8496    25.4312 0.0000e+00
 144.856065     21.944  35.107622     9.0034     4.0986     21.760    32.8563    25.4397 0.0000e+00
 144.856071     22.240  35.093901     8.9852     4.0759     22.053    32.8588    25.4444 0.0000e+00
 144.856076     22.528  35.078239     8.9677     4.0732     22.339    32.8585    25.4469 0.0000e+00
 144.856082     22.811  35.064267     8.9494     4.0460     22.619    32.8608    25.4515 0.0000e+00
 144.856088     23.088  35.049470     8.9310     4.0487     22.894    32.8622    25.4556 0.0000e+00
 144.856094     23.361  35.031349     8.9154     4.0439     23.165    32.8577    25.4544 0.0000e+00
 144.856100     23.629  35.016415     8.9039     4.0421     23.430    32.8526    25.4523 0.0000e+00
 144.856105     23.893  35.009271     8.8918     4.0581     23.692    32.8563    25.4570 0.0000e+00
 144.856111     24.156  35.003065     8.8763     4.0496     23.953    32.8640    25.4655 0.0000e+00
 144.856117     24.423  34.996118     8.8635     4.0518     24.218    32.8685    25.4710 0.0000e+00
 144.856123     24.684  34.993045     8.8578     4.0274     24.477    32.8705    25.4734 0.0000e+00
 144.856128     24.930  34.994103     8.8580     4.0035     24.720    32.8713    25.4740 0.0000e+00
 144.856134     25.166  34.997777     8.8594     3.9799     24.954    32.8737    25.4757 0.0000e+00
 144.856140     25.396  35.001005     8.8570     3.9443     25.182    32.8792    25.4804 0.0000e+00
 144.856146     25.631  34.999574     8.8491     3.9308     25.416    32.8849    25.4861 0.0000e+00
 144.856152     25.882  34.993133     8.8354     3.9121     25.664    32.8908    25.4928 0.0000e+00
 144.856157     26.148  34.984173     8.8180     3.8955     25.928    32.8975    25.5007 0.0000e+00
 144.856163     26.420  34.974063     8.8041     3.8776     26.198    32.8997    25.5046 0.0000e+00
 144.856169     26.694  34.964876     8.7992     3.8373     26.470    32.8945    25.5013 0.0000e+00
 144.856175     26.970  34.961038     8.7967     3.7972     26.743    32.8927    25.5002 0.0000e+00
 144.856181     27.248  34.960667     8.7823     3.7435     27.019    32.9055    25.5125 0.0000e+00
 144.856186     27.534  34.954747     8.7522     3.7059     27.302    32.9272    25.5341 0.0000e+00
 144.856192     27.837  34.943664     8.7163     3.6952     27.603    32.9489    25.5566 0.0000e+00
 144.856198     28.155  34.935476     8.6810     3.6830     27.918    32.9730    25.5809 0.0000e+00
