data/oxygen options/ONMS/Olympic_Coast_National_Marine_Sanctuary_CTD_Data_2005_2023/raw_data/2016/CAST_CE042_161010faed.cnv
* Sea-Bird SBE19 Data File:
* FileName = C:\2016 Mooring Data\Casts\Data\CAST_CE042_161010.hex
* Software Version 1.59
* Temperature SN = 2997
* Conductivity SN = 2997
* System UpLoad Time = Oct 10 2016 17:07:18
** CAST_CE042_161010
* ds
# nquan = 9                                 
# nvalues = 1571                        
# units = specified
# name 0 = timeJ: Julian Days
# name 1 = prSM: Pressure, Strain Gauge [db]
# name 2 = c0mS/cm: Conductivity [mS/cm]
# name 3 = t090C: Temperature [ITS-90, deg C]
# name 4 = sbeox0ML/L: Oxygen, SBE 43 [ml/l]
# name 5 = depSM: Depth [salt water, m], lat = 47.5
# name 6 = sal00: Salinity, Practical [PSU]
# name 7 = sigma-é00: Density [sigma-theta, kg/m^3]
# name 8 = flag: flag
# span 0 = 284.686505, 284.695590       
# span 1 =     -4.793,     45.292       
# span 2 =   0.019427,  37.964764       
# span 3 =     8.9315,    12.9125       
# span 4 =    -2.1537,    12.1082       
# span 5 =     -4.753,     44.909       
# span 6 =     0.0151,    32.4228       
# span 7 =    -0.2467,    24.6368       
# span 8 = 0.0000e+00, 0.0000e+00       
# interval = seconds: 0.5
# start_time = Oct 10 2016 16:28:34 [Instrument's time stamp, header]
# bad_flag = -9.990e-29
*END*
[from data line 961]
 284.692066      1.648  34.802751    12.6570     5.8459      1.634    29.4581    22.1685 -9.990e-29
 284.692072      1.647  34.798913    12.6570     5.8553      1.633    29.4545    22.1658 -9.990e-29
 284.692078      1.647  34.795819    12.6559     5.8488      1.633    29.4524    22.1644 -9.990e-29
 284.692083      1.648  34.793779    12.6547     5.8481      1.634    29.4514    22.1638 -9.990e-29
 284.692089      1.649  34.793211    12.6552     5.8301      1.635    29.4505    22.1630 -9.990e-29
 284.692095      1.652  34.793888    12.6574     5.8372      1.638    29.4494    22.1618 -9.990e-29
 284.692101      1.656  34.795909    12.6582     5.8526      1.642    29.4507    22.1626 -9.990e-29
 284.692106      1.661  34.799091    12.6572     5.8415      1.647    29.4545    22.1657 -9.990e-29
 284.692112      1.668  34.802381    12.6563     5.8319      1.654    29.4583    22.1688 -9.990e-29
 284.692118      1.673  34.806744    12.6561     5.8189      1.659    29.4625    22.1722 -9.990e-29
 284.692124      1.672  34.812337    12.6567     5.8268      1.658    29.4673    22.1757 -9.990e-29
 284.692130      1.669  34.818153    12.6579     5.8335      1.655    29.4718    22.1790 -9.990e-29
 284.692135      1.668  34.831886    12.6602     5.8432      1.654    29.4829    22.1872 -9.990e-29
 284.692141      1.669  34.879062    12.6664     5.8421      1.655    29.5224    22.2165 -9.990e-29
 284.692147      1.673  34.957015    12.6748     5.8352      1.659    29.5890    22.2665 -9.990e-29
 284.692153      1.679  35.010048    12.6778     5.8318      1.665    29.6364    22.3026 -9.990e-29
 284.692159      1.687  35.007470    12.6755     5.8158      1.673    29.6358    22.3026 -9.990e-29
 284.692164      1.700  34.987216    12.6751     5.8064      1.686    29.6171    22.2882 -9.990e-29
 284.692170      1.716  35.012363    12.6787     5.7795      1.702    29.6379    22.3036 -9.990e-29
 284.692176      1.738  35.051424    12.6819     5.7660      1.723    29.6720    22.3294 -9.990e-29
 284.692182      1.762  35.037156    12.6811     5.7632      1.747    29.6592    22.3197 -9.990e-29
 284.692187      1.785  34.995269    12.6787     5.7753      1.770    29.6218    22.2911 -9.990e-29
 284.692193      1.814  34.959437    12.6803     5.7612      1.799    29.5869    22.2638 -9.990e-29
 284.692199      1.855  34.960767    12.6856     5.7395      1.840    29.5840    22.2606 -9.990e-29
 284.692205      1.909  35.008247    12.6898     5.7118      1.893    29.6252    22.2917 -9.990e-29
 284.692211      1.981  35.060418    12.6932     5.6918      1.964    29.6715    22.3269 -9.990e-29
 284.692216      2.070  35.133591    12.7020     5.6708      2.053    29.7332    22.3730 -9.990e-29
 284.692222      2.178  35.294469    12.7225     5.6557      2.160    29.8681    22.4735 -9.990e-29
 284.692228      2.313  35.586712    12.7545     5.6426      2.294    30.1171    22.6601 0.0000e+00
 284.692234      2.474  35.993932    12.7902     5.6356      2.453    30.4711    22.9273 0.0000e+00
 284.692240      2.653  36.403241    12.8233     5.6335      2.631    30.8292    23.1981 0.0000e+00
 284.692245      2.846  36.698881    12.8526     5.6243      2.822    31.0834    23.3892 0.0000e+00
 284.692251      3.052  36.890738    12.8763     5.6045      3.027    31.2445    23.5092 0.0000e+00
 284.692257      3.271  37.031779    12.8907     5.5689      3.244    31.3653    23.5999 0.0000e+00
 284.692263      3.496  37.113373    12.8964     5.5650      3.467    31.4373    23.6546 0.0000e+00
 284.692269      3.720  37.143974    12.8987     5.5526      3.689    31.4641    23.6749 0.0000e+00
 284.692274      3.943  37.176642    12.9012     5.5609      3.910    31.4928    23.6966 0.0000e+00
 284.692280      4.172  37.229097    12.9035     5.5414      4.137    31.5402    23.7328 0.0000e+00
 284.692286      4.408  37.273172    12.9039     5.5296      4.371    31.5813    23.7646 0.0000e+00
 284.692292      4.650  37.293618    12.9029     5.5152      4.611    31.6013    23.7802 0.0000e+00
 284.692297      4.890  37.298580    12.9012     5.4972      4.849    31.6073    23.7852 0.0000e+00
 284.692303      5.124  37.296286    12.8984     5.4796      5.081    31.6074    23.7858 0.0000e+00
 284.692309      5.358  37.298174    12.8933     5.4653      5.313    31.6133    23.7914 0.0000e+00
 284.692315      5.601  37.308934    12.8853     5.4399      5.554    31.6301    23.8059 0.0000e+00
 284.692321      5.853  37.319878    12.8741     5.4251      5.804    31.6497    23.8233 0.0000e+00
 284.692326      6.104  37.325919    12.8581     5.4190      6.053    31.6686    23.8411 0.0000e+00
 284.692332      6.348  37.330559    12.8384     5.4057      6.295    31.6894    23.8610 0.0000e+00
 284.692338      6.587  37.335994    12.8188     5.3972      6.532    31.7109    23.8814 0.0000e+00
 284.692344      6.830  37.342116    12.7999     5.3758      6.773    31.7325    23.9017 0.0000e+00
 284.692350      7.078  37.348613    12.7825     5.3706      7.019    31.7532    23.9211 0.0000e+00
 284.692355      7.325  37.353991    12.7686     5.3654      7.264    31.7698    23.9367 0.0000e+00
 284.692361      7.567  37.357507    12.7573     5.3731      7.504    31.7826    23.9487 0.0000e+00
 284.692367      7.805  37.360415    12.7462     5.3690      7.740    31.7946    23.9602 0.0000e+00
 284.692373      8.042  37.363719    12.7356     5.3686      7.975    31.8066    23.9715 0.0000e+00
 284.692378      8.276  37.367274    12.7275     5.3581      8.207    31.8167    23.9809 0.0000e+00
 284.692384      8.504  37.370147    12.7212     5.3615      8.433    31.8246    23.9882 0.0000e+00
 284.692390      8.729  37.372177    12.7143     5.3525      8.656    31.8323    23.9955 0.0000e+00
 284.692396      8.955  37.374320    12.7068     5.3558      8.880    31.8405    24.0033 0.0000e+00
 284.692402      9.181  37.376563    12.7005     5.3518      9.104    31.8479    24.0103 0.0000e+00
 284.692407      9.394  37.377906    12.6960     5.3469      9.315    31.8529    24.0150 0.0000e+00
 284.692413      9.592  37.378388    12.6929     5.3474      9.512    31.8559    24.0179 0.0000e+00
 284.692419      9.783  37.378583    12.6904     5.3361      9.701    31.8581    24.0201 0.0000e+00
 284.692425      9.978  37.378681    12.6872     5.3403      9.894    31.8608    24.0228 0.0000e+00
 284.692431     10.182  37.378745    12.6826     5.3254     10.097    31.8647    24.0267 0.0000e+00
 284.692436     10.391  37.378794    12.6778     5.3272     10.304    31.8687    24.0308 0.0000e+00
 284.692442     10.604  37.378824    12.6734     5.3334     10.515    31.8724    24.0344 0.0000e+00
 284.692448     10.819  37.378806    12.6689     5.3444     10.728    31.8761    24.0382 0.0000e+00
 284.692454     11.028  37.378648    12.6651     5.3414     10.936    31.8790    24.0412 0.0000e+00
 284.692459     11.231  37.378629    12.6629     5.3388     11.137    31.8808    24.0430 0.0000e+00
 284.692465     11.428  37.379213    12.6620     5.3185     11.332    31.8820    24.0441 0.0000e+00
 284.692471     11.619  37.379991    12.6614     5.3210     11.522    31.8832    24.0452 0.0000e+00
 284.692477     11.808  37.380251    12.6603     5.3217     11.709    31.8843    24.0462 0.0000e+00
 284.692483     11.998  37.380273    12.6582     5.3312     11.898    31.8860    24.0480 0.0000e+00
 284.692488     12.192  37.380576    12.6550     5.3400     12.090    31.8890    24.0509 0.0000e+00
 284.692494     12.390  37.380936    12.6515     5.3385     12.286    31.8922    24.0540 0.0000e+00
 284.692500     12.587  37.381205    12.6488     5.3402     12.482    31.8946    24.0565 0.0000e+00
 284.692506     12.780  37.381673    12.6467     5.3244     12.673    31.8968    24.0585 0.0000e+00
 284.692512     12.962  37.382335    12.6441     5.3281     12.853    31.8995    24.0612 0.0000e+00
 284.692517     13.133  37.382884    12.6406     5.3222     13.023    31.9030    24.0645 0.0000e+00
 284.692523     13.300  37.383425    12.6374     5.3301     13.189    31.9061    24.0675 0.0000e+00
 284.692529     13.469  37.384610    12.6345     5.3294     13.356    31.9096    24.0708 0.0000e+00
 284.692535     13.641  37.386830    12.6315     5.3200     13.527    31.9142    24.0750 0.0000e+00
 284.692541     13.820  37.390176    12.6287     5.3331     13.704    31.9197    24.0797 0.0000e+00
 284.692546     14.004  37.394557    12.6265     5.3342     13.887    31.9256    24.0848 0.0000e+00
 284.692552     14.187  37.400145    12.6247     5.3504     14.068    31.9324    24.0904 0.0000e+00
 284.692558     14.364  37.405917    12.6225     5.3393     14.244    31.9397    24.0964 0.0000e+00
 284.692564     14.537  37.410534    12.6202     5.3366     14.415    31.9459    24.1017 0.0000e+00
 284.692569     14.723  37.417285    12.6184     5.3474     14.600    31.9538    24.1082 0.0000e+00
 284.692575     14.929  37.431181    12.6179     5.3392     14.804    31.9674    24.1188 0.0000e+00
 284.692581     15.145  37.449391    12.6186     5.3603     15.018    31.9840    24.1315 0.0000e+00
 284.692587     15.361  37.462509    12.6196     5.3578     15.232    31.9955    24.1402 0.0000e+00
 284.692593     15.568  37.468345    12.6208     5.3659     15.437    32.0000    24.1435 0.0000e+00
 284.692598     15.767  37.471810    12.6231     5.3863     15.635    32.0012    24.1440 0.0000e+00
 284.692604     15.963  37.476896    12.6279     5.3948     15.829    32.0019    24.1436 0.0000e+00
 284.692610     16.158  37.486395    12.6349     5.4065     16.023    32.0049    24.1446 0.0000e+00
 284.692616     16.353  37.498898    12.6425     5.3954     16.216    32.0102    24.1473 0.0000e+00
 284.692622     16.547  37.510277    12.6503     5.3995     16.408    32.0143    24.1490 0.0000e+00
 284.692627     16.748  37.521068    12.6596     5.4117     16.608    32.0166    24.1490 0.0000e+00
 284.692633     16.965  37.535506    12.6706     5.4240     16.823    32.0209    24.1502 0.0000e+00
 284.692639     17.198  37.552604    12.6813     5.4346     17.054    32.0279    24.1536 0.0000e+00
 284.692645     17.441  37.566519    12.6900     5.4363     17.295    32.0336    24.1563 0.0000e+00
 284.692650     17.685  37.576684    12.6964     5.4510     17.537    32.0378    24.1583 0.0000e+00
 284.692656     17.922  37.585379    12.7026     5.4667     17.772    32.0406    24.1593 0.0000e+00
 284.692662     18.155  37.595165    12.7130     5.4754     18.003    32.0410    24.1576 0.0000e+00
 284.692668     18.391  37.613418    12.7327     5.5061     18.237    32.0415    24.1542 0.0000e+00
 284.692674     18.628  37.648161    12.7597     5.5057     18.472    32.0514    24.1567 0.0000e+00
 284.692679     18.858  37.690176    12.7831     5.5023     18.700    32.0712    24.1675 0.0000e+00
 284.692685     19.084  37.718652    12.7952     5.4959     18.924    32.0878    24.1780 0.0000e+00
 284.692691     19.308  37.730030    12.8011     5.4853     19.146    32.0935    24.1813 0.0000e+00
 284.692697     19.530  37.739414    12.8108     5.4949     19.366    32.0940    24.1799 0.0000e+00
 284.692703     19.757  37.759810    12.8254     5.4864     19.591    32.1008    24.1823 0.0000e+00
 284.692708     19.990  37.783602    12.8375     5.4936     19.822    32.1130    24.1894 0.0000e+00
 284.692714     20.223  37.798737    12.8434     5.4973     20.053    32.1222    24.1954 0.0000e+00
 284.692720     20.443  37.805157    12.8451     5.4946     20.271    32.1267    24.1986 0.0000e+00
 284.692726     20.650  37.806313    12.8455     5.5074     20.477    32.1274    24.1990 0.0000e+00
 284.692731     20.846  37.806478    12.8465     5.5095     20.671    32.1266    24.1982 0.0000e+00
 284.692737     21.037  37.809167    12.8486     5.5072     20.860    32.1273    24.1983 0.0000e+00
 284.692743     21.229  37.814535    12.8518     5.5168     21.051    32.1296    24.1995 0.0000e+00
 284.692749     21.431  37.821823    12.8559     5.5061     21.251    32.1329    24.2013 0.0000e+00
 284.692755     21.642  37.830597    12.8600     5.5080     21.460    32.1376    24.2041 0.0000e+00
 284.692760     21.860  37.839598    12.8634     5.5126     21.676    32.1432    24.2078 0.0000e+00
 284.692766     22.080  37.847309    12.8659     5.5094     21.895    32.1482    24.2112 0.0000e+00
 284.692772     22.300  37.851617    12.8673     5.5238     22.113    32.1510    24.2131 0.0000e+00
 284.692778     22.516  37.853714    12.8682     5.5290     22.327    32.1522    24.2138 0.0000e+00
 284.692784     22.726  37.857459    12.8705     5.5214     22.535    32.1537    24.2145 0.0000e+00
 284.692789     22.930  37.863317    12.8742     5.5229     22.737    32.1560    24.2156 0.0000e+00
 284.692795     23.136  37.870077    12.8778     5.5105     22.942    32.1592    24.2174 0.0000e+00
 284.692801     23.353  37.878276    12.8811     5.5201     23.157    32.1641    24.2206 0.0000e+00
 284.692807     23.582  37.887579    12.8850     5.5246     23.384    32.1695    24.2240 0.0000e+00
 284.692813     23.821  37.895768    12.8892     5.5232     23.621    32.1735    24.2263 0.0000e+00
 284.692818     24.064  37.903624    12.8928     5.5300     23.862    32.1778    24.2289 0.0000e+00
 284.692824     24.296  37.912044    12.8950     5.5194     24.092    32.1838    24.2332 0.0000e+00
 284.692830     24.505  37.917072    12.8955     5.5180     24.299    32.1880    24.2363 0.0000e+00
 284.692836     24.698  37.916957    12.8961     5.5297     24.490    32.1874    24.2357 0.0000e+00
 284.692841     24.881  37.917098    12.8984     5.5245     24.672    32.1855    24.2338 0.0000e+00
 284.692847     25.058  37.921556    12.9014     5.5330     24.847    32.1870    24.2344 0.0000e+00
 284.692853     25.236  37.928377    12.9036     5.5314     25.024    32.1915    24.2375 0.0000e+00
 284.692859     25.421  37.935399    12.9049     5.5148     25.207    32.1970    24.2415 0.0000e+00
 284.692865     25.614  37.940726    12.9055     5.5137     25.399    32.2014    24.2448 0.0000e+00
 284.692870     25.808  37.943005    12.9053     5.5172     25.591    32.2037    24.2466 0.0000e+00
 284.692876     26.000  37.943542    12.9049     5.5151     25.781    32.2045    24.2473 0.0000e+00
 284.692882     26.188  37.944123    12.9049     5.5258     25.968    32.2049    24.2476 0.0000e+00
 284.692888     26.381  37.945470    12.9053     5.5194     26.159    32.2058    24.2482 0.0000e+00
 284.692894     26.581  37.947087    12.9054     5.5039     26.357    32.2072    24.2493 0.0000e+00
 284.692899     26.785  37.948278    12.9049     5.5089     26.560    32.2086    24.2505 0.0000e+00
 284.692905     26.989  37.948899    12.9044     5.5095     26.762    32.2096    24.2513 0.0000e+00
 284.692911     27.188  37.949166    12.9038     5.5220     26.959    32.2102    24.2520 0.0000e+00
 284.692917     27.381  37.949384    12.9035     5.5346     27.151    32.2106    24.2523 0.0000e+00
 284.692922     27.570  37.949790    12.9035     5.5270     27.338    32.2109    24.2526 0.0000e+00
 284.692928     27.752  37.950316    12.9036     5.5246     27.519    32.2113    24.2528 0.0000e+00
 284.692934     27.935  37.950489    12.9038     5.5272     27.700    32.2112    24.2527 0.0000e+00
 284.692940     28.122  37.950492    12.9039     5.5144     27.885    32.2110    24.2526 0.0000e+00
 284.692946     28.309  37.950837    12.9036     5.5081     28.071    32.2115    24.2531 0.0000e+00
 284.692951     28.497  37.951372    12.9027     5.5120     28.257    32.2127    24.2542 0.0000e+00
 284.692957     28.695  37.952199    12.9005     5.4946     28.454    32.2153    24.2566 0.0000e+00
 284.692963     28.899  37.953249    12.8969     5.5046     28.656    32.2193    24.2604 0.0000e+00
 284.692969     29.100  37.953629    12.8935     5.5076     28.855    32.2225    24.2635 0.0000e+00
 284.692975     29.293  37.953234    12.8909     5.5091     29.046    32.2242    24.2654 0.0000e+00
 284.692980     29.474  37.952604    12.8886     5.5096     29.226    32.2255    24.2668 0.0000e+00
