data/oxygen options/ONMS/Olympic_Coast_National_Marine_Sanctuary_CTD_Data_2005_2023/raw_data/2016/CAST_TH042_160804faed.cnv
* Sea-Bird SBE19 Data File:
* FileName = C:\2016 Mooring Data\Casts\Data\CAST_TH042_160804.hex
* Software Version 1.59
* Temperature SN = 2997
* Conductivity SN = 2997
* System UpLoad Time = Aug 04 2016 22:11:53
** CAST_TH042_160804
* ds
# nquan = 9                                 
# nvalues = 1272                        
# units = specified
# name 0 = timeJ: Julian Days
# name 1 = prSM: Pressure, Strain Gauge [db]
# name 2 = c0mS/cm: Conductivity [mS/cm]
# name 3 = t090C: Temperature [ITS-90, deg C]
# name 4 = sbeox0ML/L: Oxygen, SBE 43 [ml/l]
# name 5 = depSM: Depth [salt water, m], lat = 47.5
# name 6 = sal00: Salinity, Practical [PSU]
# name 7 = sigma-é00: Density [sigma-theta, kg/m^3]
# name 8 = flag: flag
# span 0 = 217.811632, 217.818987       
# span 1 =     -5.530,     43.785       
# span 2 =   0.348678,  37.664560       
# span 3 =     7.4728,    13.2828       
# span 4 =    -1.9616,    12.9972       
# span 5 =     -5.484,     43.415       
# span 6 =     0.2193,    33.7463       
# span 7 =    -0.4742,    26.3659       
# span 8 = 0.0000e+00, 0.0000e+00       
# interval = seconds: 0.5
# start_time = Aug 04 2016 19:28:45 [Instrument's time stamp, header]
# bad_flag = -9.990e-29
*END*
 217.811632     -5.530 -9.990e-29    12.9941    -1.9544     -5.484 -9.990e-29 -9.990e-29 -9.990e-29
 217.811638     -5.505   0.348678    12.9910    -1.9543     -5.459     0.2193    -0.4489 -9.990e-29
 217.811644     -5.477   0.348698    12.9878    -1.9543     -5.431     0.2193    -0.4485 -9.990e-29
 217.811649     -5.438   0.348757    12.9848    -1.9551     -5.393     0.2194    -0.4481 -9.990e-29
 217.811655     -5.396   0.348935    12.9820    -1.9560     -5.351     0.2195    -0.4476 -9.990e-29
 217.811661     -5.357   0.349285    12.9788    -1.9569     -5.312     0.2198    -0.4470 -9.990e-29
 217.811667     -5.316   0.349717    12.9752    -1.9576     -5.272     0.2201    -0.4463 -9.990e-29
 217.811672     -5.278   0.350066    12.9723    -1.9577     -5.234     0.2203    -0.4458 -9.990e-29
 217.811678     -5.242   0.350244    12.9708    -1.9576     -5.198     0.2204    -0.4455 -9.990e-29
 217.811684     -5.208   0.350303    12.9706    -1.9573     -5.165     0.2205    -0.4454 -9.990e-29
 217.811690     -5.176   0.350323    12.9697    -1.9576     -5.133     0.2205    -0.4453 -9.990e-29
 217.811696     -5.150   0.350331    12.9642    -1.9575     -5.107     0.2205    -0.4446 -9.990e-29
 217.811701     -5.127   0.350338    12.9518    -1.9574     -5.084     0.2206    -0.4430 -9.990e-29
 217.811707     -5.107   0.350352    12.9352    -1.9580     -5.064     0.2207    -0.4408 -9.990e-29
 217.811713     -5.087   0.350393    12.9186    -1.9584     -5.045     0.2208    -0.4386 -9.990e-29
 217.811719     -5.067   0.350516    12.9062    -1.9588     -5.025     0.2210    -0.4369 -9.990e-29
 217.811725     -5.045   0.350886    12.9004    -1.9588     -5.003     0.2212    -0.4360 -9.990e-29
 217.811730     -5.020   0.351441    12.8999    -1.9591     -4.978     0.2216    -0.4356 -9.990e-29
 217.811736     -4.991   0.351811    12.9007    -1.9593     -4.949     0.2218    -0.4355 -9.990e-29
 217.811742     -4.955   0.351935    12.9007    -1.9594     -4.914     0.2219    -0.4355 -9.990e-29
 217.811748     -4.914   0.351980    12.9000    -1.9594     -4.873     0.2219    -0.4354 -9.990e-29
 217.811753     -4.875   0.352006    12.8971    -1.9594     -4.834     0.2220    -0.4350 -9.990e-29
 217.811759     -4.840   0.352047    12.8906    -1.9596     -4.800     0.2220    -0.4341 -9.990e-29
 217.811765     -4.805   0.352158    12.8827    -1.9601     -4.765     0.2221    -0.4330 -9.990e-29
 217.811771     -4.769   0.352489    12.8761    -1.9607     -4.729     0.2224    -0.4320 -9.990e-29
 217.811777     -4.734   0.352925    12.8712    -1.9612     -4.695     0.2227    -0.4311 -9.990e-29
 217.811782     -4.702   0.352938    12.8669    -1.9616     -4.663     0.2227    -0.4306 -9.990e-29
 217.811788     -4.671   0.352546    12.8630    -1.9614     -4.632     0.2225    -0.4303 -9.990e-29
 217.811794     -4.638   0.352337    12.8604    -1.9613     -4.599     0.2224    -0.4300 -9.990e-29
 217.811800     -4.602   0.352588    12.8589    -1.9609     -4.564     0.2225    -0.4297 -9.990e-29
 217.811806     -4.565   0.353079    12.8566    -1.9600     -4.527     0.2229    -0.4292 -9.990e-29
 217.811811     -4.529   0.353355    12.8518    -1.9589     -4.491     0.2231    -0.4284 -9.990e-29
 217.811817     -4.491   0.353228    12.8433    -1.9585     -4.454     0.2230    -0.4274 -9.990e-29
 217.811823     -4.458   0.353087    12.8324    -1.9589     -4.421     0.2230    -0.4260 -9.990e-29
 217.811829     -4.436   0.353298    12.8229    -1.9593     -4.399     0.2232    -0.4247 -9.990e-29
 217.811834     -4.414   0.353589    12.8178    -1.9593     -4.377     0.2234    -0.4239 -9.990e-29
 217.811840     -4.388   0.353791    12.8178    -1.9593     -4.351     0.2236    -0.4238 -9.990e-29
 217.811846     -4.361   0.354176    12.8228    -1.9591     -4.325     0.2238    -0.4242 -9.990e-29
 217.811852     -4.329   0.354700    12.8332    -1.9592     -4.293     0.2241    -0.4253 -9.990e-29
 217.811858     -4.296   0.354954    12.8483    -1.9596     -4.260     0.2241    -0.4271 -9.990e-29
 217.811863     -4.263   0.354722    12.8631    -1.9602     -4.227     0.2239    -0.4292 -9.990e-29
 217.811869     -4.229   0.354249    12.8709    -1.9603     -4.194     0.2236    -0.4304 -9.990e-29
 217.811875     -4.192   0.354016    12.8704    -1.9600     -4.157     0.2234    -0.4305 -9.990e-29
 217.811881     -4.153   0.354269    12.8670    -1.9604     -4.118     0.2236    -0.4299 -9.990e-29
 217.811887     -4.118   0.354789    12.8651    -1.9608     -4.084     0.2239    -0.4294 -9.990e-29
 217.811892     -4.090   0.355159    12.8651    -1.9606     -4.056     0.2242    -0.4292 -9.990e-29
 217.811898     -4.066   0.355318    12.8650    -1.9602     -4.032     0.2243    -0.4291 -9.990e-29
 217.811904     -4.046   0.355479    12.8622    -1.9596     -4.012     0.2244    -0.4287 -9.990e-29
 217.811910     -4.028   0.355858    12.8559    -1.9593     -3.994     0.2247    -0.4277 -9.990e-29
 217.811916     -4.010   0.356404    12.8489    -1.9586     -3.977     0.2251    -0.4265 -9.990e-29
 217.811921     -3.992   0.356734    12.8450    -1.9577     -3.959     0.2253    -0.4258 -9.990e-29
 217.811927     -3.973   0.356736    12.8432    -1.9573     -3.940     0.2253    -0.4256 -9.990e-29
 217.811933     -3.950   0.356412    12.8404    -1.9572     -3.917     0.2251    -0.4254 -9.990e-29
 217.811939     -3.924   0.355885    12.8382    -1.9575     -3.891     0.2248    -0.4253 -9.990e-29
 217.811944     -3.896   0.355563    12.8405    -1.9576     -3.864     0.2246    -0.4258 -9.990e-29
 217.811950     -3.869   0.355574    12.8479    -1.9574     -3.837     0.2245    -0.4268 -9.990e-29
 217.811956     -3.841   0.355931    12.8581    -1.9577     -3.809     0.2247    -0.4279 -9.990e-29
 217.811962     -3.815   0.356556    12.8696    -1.9581     -3.783     0.2251    -0.4291 -9.990e-29
 217.811968     -3.793   0.357172    12.8829    -1.9589     -3.761     0.2254    -0.4305 -9.990e-29
 217.811973     -3.774   0.357491    12.8963    -1.9587     -3.743     0.2255    -0.4321 -9.990e-29
 217.811979     -3.757   0.357386    12.9056    -1.9580     -3.726     0.2254    -0.4334 -9.990e-29
 217.811985     -3.741   0.357272    12.9090    -1.9576     -3.710     0.2253    -0.4339 -9.990e-29
 217.811991     -3.724   0.357551    12.9081    -1.9572     -3.693     0.2255    -0.4336 -9.990e-29
 217.811997     -3.706   0.358041    12.9066    -1.9564     -3.675     0.2258    -0.4332 -9.990e-29
 217.812002     -3.685   0.358285    12.9051    -1.9560     -3.654     0.2260    -0.4328 -9.990e-29
 217.812008     -3.665   0.358055    12.9005    -1.9560     -3.634     0.2259    -0.4324 -9.990e-29
 217.812014     -3.652   0.357599    12.8926    -1.9565     -3.622     0.2256    -0.4316 -9.990e-29
 217.812020     -3.646   0.357420    12.8863    -1.9569     -3.616     0.2255    -0.4308 -9.990e-29
 217.812025     -3.637   0.357834    12.8872    -1.9574     -3.607     0.2258    -0.4307 -9.990e-29
 217.812031     -3.622   0.358838    12.8948    -1.9579     -3.592     0.2264    -0.4312 -9.990e-29
 217.812037     -3.599   0.360106    12.9050    -1.9583     -3.569     0.2272    -0.4319 -9.990e-29
 217.812043     -3.571   0.361109    12.9162    -1.9582     -3.541     0.2277    -0.4329 -9.990e-29
 217.812049     -3.544   0.361518    12.9271    -1.9579     -3.514     0.2279    -0.4341 -9.990e-29
 217.812054     -3.521   0.361326    12.9341    -1.9574     -3.492     0.2278    -0.4351 -9.990e-29
 217.812060     -3.501   0.360830    12.9342    -1.9569     -3.472     0.2275    -0.4354 -9.990e-29
 217.812066     -3.483   0.360481    12.9285    -1.9563     -3.454     0.2273    -0.4348 -9.990e-29
 217.812072     -3.465   0.360370    12.9200    -1.9557     -3.436     0.2272    -0.4337 -9.990e-29
 217.812078     -3.446   0.360349    12.9106    -1.9553     -3.417     0.2273    -0.4325 -9.990e-29
 217.812083     -3.429   0.360390    12.9016    -1.9550     -3.400     0.2274    -0.4313 -9.990e-29
 217.812089     -3.418   0.360550    12.8961    -1.9550     -3.390     0.2275    -0.4305 -9.990e-29
 217.812095     -3.407   0.361040    12.8963    -1.9558     -3.379     0.2278    -0.4303 -9.990e-29
 217.812101     -3.392   0.361960    12.9020    -1.9566     -3.364     0.2284    -0.4306 -9.990e-29
 217.812106     -3.371   0.362872    12.9116    -1.9571     -3.343     0.2289    -0.4314 -9.990e-29
 217.812112     -3.344   0.363326    12.9236    -1.9570     -3.316     0.2291    -0.4327 -9.990e-29
 217.812118     -3.312   0.363371    12.9362    -1.9565     -3.284     0.2291    -0.4343 -9.990e-29
 217.812124     -3.283   0.363069    12.9476    -1.9558     -3.256     0.2288    -0.4360 -9.990e-29
 217.812130     -3.258   0.362573    12.9558    -1.9551     -3.231     0.2285    -0.4373 -9.990e-29
 217.812135     -3.237   0.362333    12.9593    -1.9553     -3.210     0.2283    -0.4379 -9.990e-29
 217.812141     -3.217   0.362583    12.9561    -1.9559     -3.190     0.2285    -0.4373 -9.990e-29
 217.812147     -3.198   0.363103    12.9461    -1.9561     -3.171     0.2289    -0.4358 -9.990e-29
 217.812153     -3.178   0.363477    12.9344    -1.9556     -3.152     0.2292    -0.4340 -9.990e-29
 217.812159     -3.156   0.363649    12.9274    -1.9550     -3.130     0.2293    -0.4330 -9.990e-29
 217.812164     -3.131   0.363849    12.9282    -1.9543     -3.105     0.2294    -0.4330 -9.990e-29
 217.812170     -3.105   0.364342    12.9358    -1.9536     -3.079     0.2297    -0.4338 -9.990e-29
 217.812176     -3.081   0.365233    12.9466    -1.9534     -3.055     0.2302    -0.4348 -9.990e-29
 217.812182     -3.057   0.366042    12.9544    -1.9537     -3.032     0.2307    -0.4354 -9.990e-29
 217.812187     -3.037   0.366183    12.9548    -1.9539     -3.012     0.2308    -0.4354 -9.990e-29
 217.812193     -3.022   0.365845    12.9508    -1.9538     -2.997     0.2306    -0.4350 -9.990e-29
 217.812199     -3.009   0.365689    12.9502    -1.9538     -2.984     0.2305    -0.4350 -9.990e-29
 217.812205     -2.992   0.366064    12.9566    -1.9533     -2.967     0.2307    -0.4356 -9.990e-29
 217.812211     -2.973   0.366914    12.9681    -1.9527     -2.948     0.2312    -0.4367 -9.990e-29
 217.812216     -2.957   0.367705    12.9811    -1.9529     -2.932     0.2316    -0.4380 -9.990e-29
 217.812222     -2.941   0.367828    12.9920    -1.9536     -2.916     0.2316    -0.4394 -9.990e-29
 217.812228     -2.926   0.367449    12.9972    -1.9545     -2.902     0.2314    -0.4403 -9.990e-29
 217.812234     -2.910   0.367174    12.9969    -1.9554     -2.886     0.2312    -0.4404 -9.990e-29
 217.812240     -2.891   0.367192    12.9953    -1.9561     -2.867     0.2312    -0.4402 -9.990e-29
 217.812245     -2.870   0.367526    12.9961    -1.9561     -2.846     0.2314    -0.4401 -9.990e-29
 217.812251     -2.844   0.368068    13.0001    -1.9555     -2.820     0.2318    -0.4404 -9.990e-29
 217.812257     -2.817   0.368429    13.0066    -1.9549     -2.794     0.2320    -0.4410 -9.990e-29
 217.812263     -2.794   0.368538    13.0110    -1.9545     -2.771     0.2320    -0.4416 -9.990e-29
 217.812269     -2.779   0.368540    13.0075    -1.9544     -2.756     0.2320    -0.4411 -9.990e-29
 217.812274     -2.771   0.368436    12.9960    -1.9549     -2.748     0.2320    -0.4396 -9.990e-29
 217.812280     -2.766   0.368088    12.9800    -1.9552     -2.743     0.2319    -0.4377 -9.990e-29
 217.812286     -2.757   0.367588    12.9641    -1.9550     -2.734     0.2317    -0.4359 -9.990e-29
 217.812292     -2.746   0.367382    12.9538    -1.9548     -2.723     0.2316    -0.4346 -9.990e-29
 217.812297     -2.731   0.367751    12.9527    -1.9545     -2.708     0.2318    -0.4343 -9.990e-29
 217.812303     -2.715   0.368632    12.9591    -1.9542     -2.692     0.2324    -0.4347 -9.990e-29
 217.812309     -2.703   0.369535    12.9678    -1.9537     -2.680     0.2329    -0.4354 -9.990e-29
 217.812315     -2.692   0.369996    12.9742    -1.9533     -2.670     0.2332    -0.4360 -9.990e-29
 217.812321     -2.682   0.370077    12.9755    -1.9529     -2.660     0.2332    -0.4361 -9.990e-29
 217.812326     -2.673   0.369886    12.9722    -1.9525     -2.651     0.2331    -0.4358 -9.990e-29
 217.812332     -2.665   0.369726    12.9691    -1.9523     -2.643     0.2330    -0.4354 -9.990e-29
 217.812338     -2.656   0.369936    12.9702    -1.9531     -2.634     0.2331    -0.4355 -9.990e-29
 217.812344     -2.646   0.370242    12.9746    -1.9539     -2.624     0.2333    -0.4359 -9.990e-29
 217.812350     -2.634   0.370498    12.9807    -1.9548     -2.612     0.2334    -0.4366 -9.990e-29
 217.812355     -2.620   0.370863    12.9885    -1.9554     -2.598     0.2336    -0.4374 -9.990e-29
 217.812361     -2.603   0.371268    12.9977    -1.9556     -2.581     0.2338    -0.4384 -9.990e-29
 217.812367     -2.586   0.371511    13.0066    -1.9554     -2.564     0.2339    -0.4395 -9.990e-29
 217.812373     -2.572   0.371361    13.0142    -1.9548     -2.551     0.2338    -0.4406 -9.990e-29
 217.812378     -2.556   0.370986    13.0196    -1.9543     -2.535     0.2335    -0.4415 -9.990e-29
 217.812384     -2.532   0.370997    13.0189    -1.9537     -2.511     0.2335    -0.4414 -9.990e-29
 217.812390     -2.505   0.371408    13.0096    -1.9531     -2.484     0.2339    -0.4399 -9.990e-29
 217.812396     -2.479   0.371658    12.9947    -1.9529     -2.458     0.2341    -0.4378 -9.990e-29
 217.812402     -2.458   0.371522    12.9794    -1.9531     -2.438     0.2341    -0.4359 -9.990e-29
 217.812407     -2.441   0.371374    12.9682    -1.9534     -2.421     0.2341    -0.4345 -9.990e-29
 217.812413     -2.427   0.371572    12.9638    -1.9538     -2.407     0.2342    -0.4338 -9.990e-29
 217.812419     -2.413   0.371826    12.9668    -1.9542     -2.393     0.2344    -0.4341 -9.990e-29
 217.812425     -2.401   0.371919    12.9753    -1.9543     -2.381     0.2344    -0.4352 -9.990e-29
 217.812431     -2.389   0.371973    12.9863    -1.9539     -2.369     0.2344    -0.4366 -9.990e-29
 217.812436     -2.375   0.372061    12.9978    -1.9537     -2.355     0.2343    -0.4380 -9.990e-29
 217.812442     -2.360   0.372299    13.0071    -1.9533     -2.340     0.2344    -0.4391 -9.990e-29
 217.812448     -2.347   0.372449    13.0112    -1.9527     -2.327     0.2345    -0.4396 -9.990e-29
 217.812454     -2.338   0.372155    13.0099    -1.9521     -2.319     0.2343    -0.4396 -9.990e-29
 217.812459     -2.330   0.371579    13.0047    -1.9515     -2.311     0.2340    -0.4392 -9.990e-29
 217.812465     -2.321   0.371066    12.9976    -1.9510     -2.302     0.2337    -0.4385 -9.990e-29
 217.812471     -2.316   0.371040    12.9922    -1.9509     -2.297     0.2337    -0.4378 -9.990e-29
 217.812477     -2.310   0.371468    12.9915    -1.9510     -2.291     0.2340    -0.4375 -9.990e-29
 217.812483     -2.298   0.371808    12.9955    -1.9519     -2.279     0.2342    -0.4379 -9.990e-29
 217.812488     -2.279   0.371958    13.0025    -1.9523     -2.260     0.2343    -0.4387 -9.990e-29
 217.812494     -2.257   0.372116    13.0117    -1.9524     -2.238     0.2343    -0.4398 -9.990e-29
 217.812500     -2.238   0.372494    13.0233    -1.9526     -2.219     0.2345    -0.4412 -9.990e-29
 217.812506     -2.222   0.373040    13.0361    -1.9525     -2.203     0.2348    -0.4426 -9.990e-29
 217.812512     -2.203   0.373370    13.0480    -1.9522     -2.185     0.2349    -0.4440 -9.990e-29
 217.812517     -2.184   0.373371    13.0563    -1.9522     -2.166     0.2349    -0.4451 -9.990e-29
 217.812523     -2.169   0.373043    13.0590    -1.9519     -2.151     0.2346    -0.4456 -9.990e-29
 217.812529     -2.155   0.372503    13.0547    -1.9521     -2.137     0.2343    -0.4453 -9.990e-29
 217.812535     -2.143   0.372143    13.0453    -1.9530     -2.125     0.2341    -0.4443 -9.990e-29
 217.812541     -2.132   0.372035    13.0368    -1.9534     -2.114     0.2341    -0.4432 -9.990e-29
 217.812546     -2.121   0.372036    13.0317    -1.9531     -2.103     0.2341    -0.4425 -9.990e-29
 217.812552     -2.108   0.372146    13.0295    -1.9529     -2.090     0.2342    -0.4422 -9.990e-29
