data/oxygen options/ONMS/Olympic_Coast_National_Marine_Sanctuary_CTD_Data_2005_2023/raw_data/2016/CAST_KL015_160804faed.cnv
* Sea-Bird SBE19 Data File:
* FileName = C:\2016 Mooring Data\Casts\Data\CAST_KL015_160804.hex
* Software Version 1.59
* Temperature SN = 2997
* Conductivity SN = 2997
* System UpLoad Time = Aug 04 2016 17:43:58
** CAST_KL015_160804
* ds
# nquan = 9                                 
# nvalues = 920                         
# units = specified
# name 0 = timeJ: Julian Days
# name 1 = prSM: Pressure, Strain Gauge [db]
# name 2 = c0mS/cm: Conductivity [mS/cm]
# name 3 = t090C: Temperature [ITS-90, deg C]
# name 4 = sbeox0ML/L: Oxygen, SBE 43 [ml/l]
# name 5 = depSM: Depth [salt water, m], lat = 47.5
# name 6 = sal00: Salinity, Practical [PSU]
# name 7 = sigma-é00: Density [sigma-theta, kg/m^3]
# name 8 = flag: flag
# span 0 = 217.716748, 217.722066       
# span 1 =     -5.069,     14.965       
# span 2 =   0.442204,  38.085313       
# span 3 =     8.0843,    12.6456       
# span 4 =    -1.9982,    19.5727       
# span 5 =     -5.027,     14.840       
# span 6 =     0.2859,    33.6247       
# span 7 =    -0.3148,    26.1795       
# span 8 = 0.0000e+00, 0.0000e+00       
# interval = seconds: 0.5
# start_time = Aug 04 2016 17:12:07 [Instrument's time stamp, header]
# bad_flag = -9.990e-29
*END*
[from data line 801]
 217.721383     10.433  35.008483     8.0874     2.6074     10.346    33.6201    26.1774 -9.990e-29
 217.721389     10.314  35.008069     8.0866     2.5997     10.228    33.6205    26.1778 -9.990e-29
 217.721395     10.204  35.007740     8.0859     2.5957     10.119    33.6209    26.1782 -9.990e-29
 217.721400     10.101  35.006503     8.0854     2.5976     10.016    33.6201    26.1777 -9.990e-29
 217.721406     10.005  35.004392     8.0850     2.6012      9.921    33.6183    26.1763 -9.990e-29
 217.721412      9.919  35.003076     8.0848     2.6091      9.836    33.6171    26.1754 -9.990e-29
 217.721418      9.835  35.003046     8.0847     2.6031      9.753    33.6172    26.1755 -9.990e-29
 217.721424      9.737  35.003704     8.0846     2.6090      9.656    33.6180    26.1762 -9.990e-29
 217.721429      9.619  35.004249     8.0844     2.6089      9.538    33.6189    26.1769 -9.990e-29
 217.721435      9.492  35.004290     8.0843     2.6069      9.413    33.6191    26.1770 0.0000e+00
 217.721441      9.364  35.004445     8.0848     2.6086      9.286    33.6188    26.1768 0.0000e+00
 217.721447      9.236  35.004923     8.0857     2.6043      9.159    33.6185    26.1764 0.0000e+00
 217.721453      9.111  35.005243     8.0865     2.5960      9.035    33.6182    26.1760 -9.990e-29
 217.721458      8.996  35.005277     8.0871     2.6253      8.921    33.6177    26.1755 -9.990e-29
 217.721464      8.892  35.005074     8.0877     2.6248      8.818    33.6169    26.1749 -9.990e-29
 217.721470      8.799  35.004926     8.0885     2.6092      8.725    33.6160    26.1740 -9.990e-29
 217.721476      8.718  35.005201     8.0893     2.6245      8.645    33.6156    26.1736 -9.990e-29
 217.721481      8.637  35.005706     8.0904     2.6086      8.565    33.6151    26.1730 -9.990e-29
 217.721487      8.548  35.006558     8.0924     2.6136      8.476    33.6142    26.1720 -9.990e-29
 217.721493      8.450  35.007775     8.0962     2.6229      8.379    33.6119    26.1696 -9.990e-29
 217.721499      8.345  35.009304     8.1019     2.6078      8.275    33.6081    26.1658 -9.990e-29
 217.721505      8.234  35.011505     8.1068     2.6182      8.165    33.6058    26.1633 -9.990e-29
 217.721510      8.123  35.013955     8.1100     2.6103      8.055    33.6054    26.1625 -9.990e-29
 217.721516      8.019  35.016564     8.1129     2.6059      7.952    33.6054    26.1621 -9.990e-29
 217.721522      7.919  35.019453     8.1169     2.6067      7.853    33.6047    26.1609 -9.990e-29
 217.721528      7.816  35.021993     8.1228     2.5968      7.751    33.6018    26.1578 -9.990e-29
 217.721534      7.705  35.024775     8.1298     2.5985      7.641    33.5981    26.1538 -9.990e-29
 217.721539      7.586  35.028708     8.1360     2.6058      7.523    33.5964    26.1516 -9.990e-29
 217.721545      7.473  35.033439     8.1402     2.6009      7.410    33.5975    26.1518 -9.990e-29
 217.721551      7.380  35.037998     8.1411     2.6095      7.318    33.6015    26.1548 -9.990e-29
 217.721557      7.307  35.038942     8.1392     2.6097      7.246    33.6044    26.1573 -9.990e-29
 217.721563      7.234  35.035854     8.1400     2.6073      7.173    33.6004    26.1541 -9.990e-29
 217.721568      7.146  35.035264     8.1465     2.6168      7.086    33.5935    26.1477 -9.990e-29
 217.721574      7.036  35.039187     8.1551     2.6067      6.977    33.5895    26.1433 -9.990e-29
 217.721580      6.915  35.045012     8.1621     2.6042      6.857    33.5891    26.1419 -9.990e-29
 217.721586      6.796  35.051547     8.1682     2.6173      6.739    33.5902    26.1419 -9.990e-29
 217.721591      6.680  35.056867     8.1764     2.6035      6.624    33.5881    26.1390 -9.990e-29
 217.721597      6.564  35.061348     8.1868     2.6177      6.509    33.5830    26.1335 -9.990e-29
 217.721603      6.449  35.067043     8.1961     2.6249      6.395    33.5802    26.1299 -9.990e-29
 217.721609      6.340  35.074267     8.2031     2.6229      6.287    33.5812    26.1296 -9.990e-29
 217.721615      6.245  35.080892     8.2099     2.6414      6.193    33.5818    26.1291 -9.990e-29
 217.721620      6.155  35.084551     8.2166     2.6428      6.104    33.5793    26.1261 -9.990e-29
 217.721626      6.063  35.086207     8.2230     2.6473      6.012    33.5750    26.1218 -9.990e-29
 217.721632      5.961  35.088630     8.2293     2.6597      5.911    33.5716    26.1182 -9.990e-29
 217.721638      5.852  35.094123     8.2354     2.6506      5.803    33.5717    26.1173 -9.990e-29
 217.721644      5.746  35.102169     8.2435     2.6610      5.698    33.5725    26.1168 -9.990e-29
 217.721649      5.649  35.110799     8.2558     2.6882      5.602    33.5700    26.1129 -9.990e-29
 217.721655      5.564  35.119194     8.2683     2.6956      5.517    33.5670    26.1087 -9.990e-29
 217.721661      5.484  35.125850     8.2783     2.7267      5.438    33.5645    26.1053 -9.990e-29
 217.721667      5.397  35.129558     8.2893     2.7443      5.352    33.5580    26.0985 -9.990e-29
 217.721672      5.296  35.133025     8.3049     2.7868      5.252    33.5468    26.0874 -9.990e-29
 217.721678      5.185  35.139192     8.3265     2.9226      5.142    33.5328    26.0732 -9.990e-29
 217.721684      5.064  35.147880     8.3559     3.1519      5.022    33.5140    26.0540 -9.990e-29
 217.721690      4.939  35.157231     8.3875     3.4730      4.898    33.4939    26.0334 -9.990e-29
 217.721696      4.815  35.167949     8.4117     3.8357      4.775    33.4823    26.0207 -9.990e-29
 217.721701      4.691  35.182007     8.4511     4.1454      4.652    33.4598    25.9970 -9.990e-29
 217.721707      4.570  35.211992     8.5522     4.4194      4.532    33.3956    25.9314 -9.990e-29
 217.721713      4.451  35.282757     8.7069     4.6296      4.414    33.3240    25.8515 -9.990e-29
 217.721719      4.340  35.379402     8.8525     4.7620      4.304    33.2883    25.8011 -9.990e-29
 217.721725      4.243  35.464956     8.9532     4.8564      4.208    33.2833    25.7814 -9.990e-29
 217.721730      4.157  35.538662     9.0096     4.9062      4.122    33.3073    25.7913 -9.990e-29
 217.721736      4.079  35.603566     9.0396     4.9610      4.045    33.3468    25.8175 -9.990e-29
 217.721742      4.001  35.652649     9.0682     5.0324      3.968    33.3711    25.8320 -9.990e-29
 217.721748      3.920  35.687482     9.1048     5.1493      3.887    33.3730    25.8278 -9.990e-29
 217.721753      3.831  35.711926     9.1445     5.2898      3.799    33.3613    25.8123 -9.990e-29
 217.721759      3.727  35.729438     9.1802     5.4460      3.696    33.3461    25.7947 -9.990e-29
 217.721765      3.611  35.744321     9.2101     5.5669      3.581    33.3336    25.7802 -9.990e-29
 217.721771      3.492  35.760737     9.2391     5.7020      3.463    33.3236    25.7677 -9.990e-29
 217.721777      3.380  35.786014     9.2722     5.8736      3.352    33.3189    25.7587 -9.990e-29
 217.721782      3.285  35.833126     9.3111     6.1258      3.258    33.3314    25.7623 -9.990e-29
 217.721788      3.205  35.893726     9.3562     6.4380      3.178    33.3520    25.7711 -9.990e-29
 217.721794      3.127  35.939909     9.4109     6.7897      3.101    33.3487    25.7597 -9.990e-29
 217.721800      3.041  35.970498     9.4942     7.1080      3.016    33.3027    25.7103 -9.990e-29
 217.721806      2.946  36.011152     9.6268     7.4814      2.921    33.2215    25.6252 -9.990e-29
 217.721811      2.844  36.079100     9.8065     7.8711      2.820    33.1253    25.5205 -9.990e-29
 217.721817      2.738  36.170244    10.0192     8.1901      2.715    33.0231    25.4054 -9.990e-29
 217.721823      2.634  36.287886    10.2205     8.5380      2.612    32.9587    25.3213 -9.990e-29
 217.721829      2.538  36.422468    10.3451     8.8131      2.517    32.9813    25.3177 -9.990e-29
 217.721834      2.448  36.581983    10.4186     9.1453      2.428    33.0750    25.3782 -9.990e-29
 217.721840      2.358  36.767303    10.5290     9.4538      2.338    33.1608    25.4261 -9.990e-29
 217.721846      2.263  36.896538    10.7165     9.7060      2.244    33.1199    25.3616 -9.990e-29
 217.721852      2.161  36.964333    10.9679     9.7914      2.143    32.9605    25.1933 -9.990e-29
 217.721858      2.059  37.059412    11.1958     9.7226      2.042    32.8505    25.0672 -9.990e-29
 217.721863      1.961  37.245241    11.3680     9.6073      1.945    32.8799    25.0591 -9.990e-29
 217.721869      1.868  37.496095    11.5266     9.5225      1.852    32.9847    25.1117 -9.990e-29
 217.721875      1.772  37.671686    11.6680     9.4797      1.757    33.0304    25.1214 -9.990e-29
 217.721881      1.671  37.720259    11.8018    11.1937      1.657    32.9589    25.0411 -9.990e-29
 217.721887      1.569  37.736320    11.9307    11.1998      1.556    32.8605    24.9407 -9.990e-29
 217.721892      1.468  37.772702    12.0201    10.2960      1.456    32.8170    24.8903 -9.990e-29
 217.721898      1.368  37.807860    12.0777     9.1985      1.357    32.8003    24.8666 -9.990e-29
 217.721904      1.268  37.820862    12.1492    10.7789      1.257    32.7502    24.8142 -9.990e-29
 217.721910      1.167  37.818407    12.2358    10.5158      1.157    32.6721    24.7373 -9.990e-29
 217.721916      1.070  37.780967    12.3065     9.8180      1.061    32.5746    24.6483 -9.990e-29
 217.721921      0.985  37.604813    12.3435     8.9186      0.977    32.3736    24.4855 -9.990e-29
 217.721927      0.909  36.951935    12.3376     7.8628      0.901    31.7539    24.0062 -9.990e-29
 217.721933      0.839  34.834107    12.2933     7.0098      0.832    29.7743    22.4807 -9.990e-29
 217.721939      0.773  28.424761    12.2388     6.4724      0.767    23.8175    17.8816 -9.990e-29
 217.721944      0.717  19.261980    12.2033     6.1693      0.711    15.5678    11.5170 -9.990e-29
 217.721950      0.671  15.664036    12.1870     6.0481      0.665    12.4376     9.1041 -9.990e-29
 217.721956      0.637  19.221019    12.1780     6.0383      0.632    15.5422    11.5011 -9.990e-29
 217.721962      0.616  20.252538    12.1701     6.0568      0.611    16.4575    12.2087 -9.990e-29
 217.721968      0.603  14.363269    12.1606     6.0632      0.598    11.3292     8.2525 -9.990e-29
 217.721973      0.593   8.826550    12.1504     6.0806      0.588     6.6990     4.6785 -9.990e-29
 217.721979      0.585   6.827867    12.1405     6.1058      0.580     5.0865     3.4330 -9.990e-29
 217.721985      0.579   5.918089    12.1286     6.1457      0.574     4.3659     2.8769 -9.990e-29
 217.721991      0.575   5.430366    12.1125     6.1610      0.570     3.9843     2.5833 -9.990e-29
 217.721997      0.571   5.045359    12.0940     6.1804      0.566     3.6853     2.3540 -9.990e-29
 217.722002      0.568   4.716272    12.0775     6.2006      0.563     3.4310     2.1591 -9.990e-29
 217.722008      0.566   4.549829    12.0654     6.2188      0.561     3.3032     2.0615 -9.990e-29
 217.722014      0.564   4.328563    12.0578 -9.990e-29      0.559     3.1330     1.9305 -9.990e-29
 217.722020      0.563   4.003747    12.0510 -9.990e-29      0.558     2.8840     1.7382 -9.990e-29
 217.722025      0.562   3.817775    12.0380 -9.990e-29      0.557     2.7427     1.6302 -9.990e-29
 217.722031      0.561   3.818999    12.0157 -9.990e-29      0.556     2.7453     1.6348 -9.990e-29
 217.722037      0.560   3.820602    11.9894 -9.990e-29      0.555     2.7484     1.6405 -9.990e-29
 217.722043      0.560   3.719105    11.9653 -9.990e-29      0.555     2.6726     1.5845 -9.990e-29
 217.722049      0.560   3.594307    11.9456 -9.990e-29      0.555     2.5788     1.5141 -9.990e-29
 217.722054      0.559   3.548300    11.9320 -9.990e-29      0.554     2.5447     1.4892 -9.990e-29
 217.722060      0.559   3.530864    11.9270 -9.990e-29      0.554     2.5318     1.4798 -9.990e-29
 217.722066      0.559   3.465943 -9.990e-29 -9.990e-29      0.554 -9.990e-29 -9.990e-29 -9.990e-29
