data/oxygen options/ONMS/Olympic_Coast_National_Marine_Sanctuary_CTD_Data_2005_2023/raw_data/2016/CAST_MB042_160627faedb.cnv
* Sea-Bird SBE19 Data File:
* FileName = C:\2016 Mooring Data\Casts\Data\CAST_MB042_160627.hex
* Software Version 1.59
* Temperature SN = 2997
* Conductivity SN = 2997
* System UpLoad Time = Jun 27 2016 23:07:52
** CAST_MB042_160627
* ds
# nquan = 9
# nvalues = 41                          
# units = specified
# name 0 = timeJ: Julian Days
# name 1 = prSM: Pressure, Strain Gauge [db]
# name 2 = c0mS/cm: Conductivity [mS/cm]
# name 3 = t090C: Temperature [ITS-90, deg C]
# name 4 = sbeox0ML/L: Oxygen, SBE 43 [ml/l]
# name 5 = depSM: Depth [salt water, m], lat = 47.5
# name 6 = sal00: Salinity, Practical [PSU]
# name 7 = sigma-é00: Density [sigma-theta, kg/m^3]
# name 8 = flag: flag
# span 0 = 179.959442, 179.960437       
# span 1 =      2.000,     42.000       
# span 2 =  34.388021,  36.542082       
# span 3 =     7.1275,    10.4056       
# span 4 =     2.3531,     4.3116       
# span 5 =      1.983,     41.645       
# span 6 =    33.0011,    33.8852       
# span 7 =    25.3581,    26.5209       
# span 8 = 0.0000e+00, 0.0000e+00       
# interval = decibars: 1                
# start_time = Jun 27 2016 22:56:12 [Instrument's time stamp, header]
# bad_flag = -9.990e-29
*END*
 179.959442      2.000  36.542082    10.4056     4.3116      1.983    33.0469    25.3581 0.0000e+00
 179.959469      3.000  35.816221     9.6492     3.9812      2.975    33.0011    25.4495 0.0000e+00
 179.959495      4.000  35.567607     9.1740     3.7832      3.967    33.1839    25.6687 0.0000e+00
 179.959518      5.000  35.329577     8.9322     3.7700      4.959    33.1613    25.6893 0.0000e+00
 179.959542      6.000  35.280416     8.8027     3.7202      5.950    33.2308    25.7638 0.0000e+00
 179.959567      7.000  35.244945     8.7289     3.5114      6.942    33.2625    25.8000 0.0000e+00
 179.959591      8.000  35.145388     8.5760     3.3066      7.933    33.3013    25.8539 0.0000e+00
 179.959616      9.000  35.032935     8.3589     3.1419      8.925    33.3877    25.9545 0.0000e+00
 179.959639     10.000  34.912305     8.1383     3.0951      9.916    33.4691    26.0514 0.0000e+00
 179.959664     11.000  34.869835     8.0596     2.9623     10.908    33.4986    26.0861 0.0000e+00
 179.959690     12.000  34.765518     7.8864     2.9166     11.899    33.5526    26.1539 0.0000e+00
 179.959717     13.000  34.721672     7.8238     2.8869     12.891    33.5653    26.1731 0.0000e+00
 179.959740     14.000  34.692633     7.7737     2.8706     13.883    33.5819    26.1933 0.0000e+00
 179.959765     15.000  34.683313     7.7623     2.8634     14.874    33.5823    26.1953 0.0000e+00
 179.959794     16.000  34.679414     7.7601     2.8375     15.866    33.5798    26.1937 0.0000e+00
 179.959820     17.000  34.665980     7.7264     2.8071     16.857    33.5974    26.2124 0.0000e+00
 179.959843     18.000  34.655561     7.7037     2.7662     17.849    33.6076    26.2237 0.0000e+00
 179.959868     19.000  34.632495     7.6517     2.7442     18.841    33.6325    26.2507 0.0000e+00
 179.959897     20.000  34.614885     7.6200     2.6622     19.832    33.6437    26.2641 0.0000e+00
 179.959923     21.000  34.571240     7.5232     2.6106     20.824    33.6899    26.3142 0.0000e+00
 179.959947     22.000  34.542768     7.4746     2.6158     21.815    33.7058    26.3337 0.0000e+00
 179.959973     23.000  34.543593     7.4556     2.5821     22.806    33.7247    26.3512 0.0000e+00
 179.959996     24.000  34.527948     7.4212     2.5471     23.798    33.7407    26.3687 0.0000e+00
 179.960018     25.000  34.504616     7.3784     2.4939     24.790    33.7566    26.3872 0.0000e+00
 179.960043     26.000  34.476288     7.3338     2.3906     25.781    33.7687    26.4031 0.0000e+00
 179.960066     27.000  34.425380     7.1936     2.3531     26.773    33.8500    26.4865 0.0000e+00
 179.960086     28.000  34.390010     7.1308     2.3613     27.764    33.8725    26.5130 0.0000e+00
 179.960109     29.000  34.388021     7.1276     2.3731     28.756    33.8730    26.5138 0.0000e+00
 179.960132     30.000  34.391705     7.1275     2.3761     29.748    33.8766    26.5167 0.0000e+00
 179.960154     31.000  34.401743     7.1339     2.3879     30.739    33.8808    26.5191 0.0000e+00
 179.960181     32.000  34.405807     7.1365     2.3800     31.731    33.8822    26.5199 0.0000e+00
 179.960209     33.000  34.409209     7.1382     2.3823     32.722    33.8838    26.5209 0.0000e+00
 179.960230     34.000  34.411098     7.1396     2.3822     33.714    33.8840    26.5209 0.0000e+00
 179.960254     35.000  34.414064     7.1430     2.3855     34.705    33.8834    26.5199 0.0000e+00
 179.960282     36.000  34.418400     7.1458     2.3827     35.696    33.8849    26.5208 0.0000e+00
 179.960310     37.000  34.420692     7.1479     2.3788     36.688    33.8848    26.5204 0.0000e+00
 179.960332     38.000  34.419537     7.1462     2.3803     37.680    33.8847    26.5206 0.0000e+00
 179.960356     39.000  34.421955     7.1480     2.3771     38.671    33.8852    26.5207 0.0000e+00
 179.960381     40.000  34.421123     7.1472     2.3786     39.662    33.8845    26.5203 0.0000e+00
 179.960407     41.000  34.421414     7.1469     2.3791     40.654    33.8846    26.5205 0.0000e+00
 179.960437     42.000  34.421757     7.1464     2.3731     41.645    33.8851    26.5209 0.0000e+00
