data/oxygen options/ONMS/Olympic_Coast_National_Marine_Sanctuary_CTD_Data_2005_2023/raw_data/2016/CAST_MB042_160627faed.cnv
* Sea-Bird SBE19 Data File:
* FileName = C:\2016 Mooring Data\Casts\Data\CAST_MB042_160627.hex
* Software Version 1.59
* Temperature SN = 2997
* Conductivity SN = 2997
* System UpLoad Time = Jun 27 2016 23:07:52
** CAST_MB042_160627
* ds
# nquan = 9                                 
# nvalues = 1172                        
# units = specified
# name 0 = timeJ: Julian Days
# name 1 = prSM: Pressure, Strain Gauge [db]
# name 2 = c0mS/cm: Conductivity [mS/cm]
# name 3 = t090C: Temperature [ITS-90, deg C]
# name 4 = sbeox0ML/L: Oxygen, SBE 43 [ml/l]
# name 5 = depSM: Depth [salt water, m], lat = 47.5
# name 6 = sal00: Salinity, Practical [PSU]
# name 7 = sigma-é00: Density [sigma-theta, kg/m^3]
# name 8 = flag: flag
# span 0 = 179.955694, 179.962471       
# span 1 =     -5.299,     42.940       
# span 2 =   0.424150,  37.061482       
# span 3 =     7.1238,    13.3701       
# span 4 =    -1.9689,    12.0288       
# span 5 =     -5.255,     42.577       
# span 6 =     0.2692,    33.8864       
# span 7 =    -0.4369,    26.5215       
# span 8 = 0.0000e+00, 0.0000e+00       
# interval = seconds: 0.5
# start_time = Jun 27 2016 22:56:12 [Instrument's time stamp, header]
# bad_flag = -9.990e-29
*END*
[from data line 321]
 179.957552     -0.718   0.426912    12.7948    -1.9604     -0.712     0.2713    -0.3836 -9.990e-29
 179.957558     -0.712   0.426502    12.7965    -1.9605     -0.706     0.2710    -0.3841 -9.990e-29
 179.957564     -0.711   0.425836    12.8072    -1.9608     -0.705     0.2705    -0.3858 -9.990e-29
 179.957569     -0.709   0.425135    12.8214    -1.9619     -0.703     0.2700    -0.3880 -9.990e-29
 179.957575     -0.703   0.424576    12.8365    -1.9631     -0.697     0.2695    -0.3903 -9.990e-29
 179.957581     -0.690   0.424523    12.8516    -1.9636     -0.684     0.2693    -0.3923 -9.990e-29
 179.957587     -0.672   0.424902    12.8625    -1.9640     -0.666     0.2695    -0.3935 -9.990e-29
 179.957593     -0.651   0.425109    12.8637    -1.9646     -0.646     0.2696    -0.3935 -9.990e-29
 179.957598     -0.634   0.424861    12.8566    -1.9647     -0.629     0.2695    -0.3927 -9.990e-29
 179.957604     -0.624   0.424384    12.8481    -1.9643     -0.619     0.2693    -0.3919 -9.990e-29
 179.957610     -0.621   0.424150    12.8398    -1.9646     -0.616     0.2692    -0.3909 -9.990e-29
 179.957616     -0.625   0.424401    12.8278    -1.9643     -0.620     0.2694    -0.3892 -9.990e-29
 179.957622     -0.631   0.424917    12.8102    -1.9640     -0.626     0.2699    -0.3867 -9.990e-29
 179.957627     -0.632   0.425272    12.7915    -1.9639     -0.627     0.2702    -0.3840 -9.990e-29
 179.957633     -0.627   0.425385    12.7762    -1.9647     -0.622     0.2704    -0.3820 -9.990e-29
 179.957639     -0.624   0.425405    12.7645    -1.9654     -0.619     0.2705    -0.3805 -9.990e-29
 179.957645     -0.624   0.425357    12.7564    -1.9649     -0.619     0.2705    -0.3794 -9.990e-29
 179.957650     -0.618   0.425175    12.7535    -1.9645     -0.613     0.2704    -0.3791 -9.990e-29
 179.957656     -0.605   0.425170    12.7537    -1.9639     -0.600     0.2704    -0.3792 -9.990e-29
 179.957662     -0.594   0.425892    12.7542    -1.9637     -0.589     0.2709    -0.3789 -9.990e-29
 179.957668     -0.588   0.427189    12.7563    -1.9637     -0.583     0.2717    -0.3785 -9.990e-29
 179.957674     -0.582   0.428571    12.7588    -1.9635     -0.577     0.2726    -0.3781 -9.990e-29
 179.957679     -0.571   0.429658    12.7569    -1.9637     -0.566     0.2734    -0.3773 -9.990e-29
 179.957685     -0.559   0.430232    12.7498    -1.9643     -0.554     0.2738    -0.3761 -9.990e-29
 179.957691     -0.550   0.430502    12.7444    -1.9647     -0.545     0.2740    -0.3752 -9.990e-29
 179.957697     -0.543   0.430825    12.7463    -1.9654     -0.538     0.2742    -0.3753 -9.990e-29
 179.957703     -0.538   0.431077    12.7534    -1.9656     -0.534     0.2743    -0.3761 -9.990e-29
 179.957708     -0.534   0.431038    12.7613    -1.9652     -0.530     0.2742    -0.3772 -9.990e-29
 179.957714     -0.531   0.431210    12.7669    -1.9647     -0.527     0.2743    -0.3778 -9.990e-29
 179.957720     -0.528   0.431821    12.7693    -1.9639     -0.524     0.2747    -0.3778 -9.990e-29
 179.957726     -0.527   0.432575    12.7689    -1.9637     -0.523     0.2752    -0.3774 -9.990e-29
 179.957731     -0.526   0.433364    12.7642    -1.9636     -0.522     0.2757    -0.3764 -9.990e-29
 179.957737     -0.525   0.434131    12.7558    -1.9637     -0.521     0.2763    -0.3749 -9.990e-29
 179.957743     -0.525   0.434784    12.7462    -1.9639     -0.521     0.2768    -0.3733 -9.990e-29
 179.957749     -0.525   0.435084    12.7382    -1.9642     -0.521     0.2770    -0.3721 -9.990e-29
 179.957755     -0.525   0.434874    12.7357    -1.9644     -0.521     0.2769    -0.3719 -9.990e-29
 179.957760     -0.526   0.434427    12.7400    -1.9639     -0.522     0.2766    -0.3727 -9.990e-29
 179.957766     -0.528   0.434259    12.7487    -1.9633     -0.524     0.2764    -0.3739 -9.990e-29
 179.957772     -0.530   0.434699    12.7581    -1.9630     -0.526     0.2766    -0.3749 -9.990e-29
 179.957778     -0.529   0.435777    12.7646    -1.9624     -0.525     0.2773    -0.3752 -9.990e-29
 179.957784     -0.520   0.437265    12.7666    -1.9622     -0.516     0.2783    -0.3747 -9.990e-29
 179.957789     -0.507   0.438924    12.7654    -1.9626     -0.503     0.2794    -0.3737 -9.990e-29
 179.957795     -0.494   0.440745    12.7626    -1.9627     -0.490     0.2806    -0.3724 -9.990e-29
 179.957801     -0.478   0.442377    12.7602    -1.9637     -0.474     0.2817    -0.3712 -9.990e-29
 179.957807     -0.464   0.443219    12.7610    -1.9649     -0.460     0.2822    -0.3709 -9.990e-29
 179.957812     -0.460   0.443282    12.7670    -1.9655     -0.456     0.2822    -0.3716 -9.990e-29
 179.957818     -0.465   0.442650    12.7760    -1.9663     -0.461     0.2817    -0.3731 -9.990e-29
 179.957824     -0.471   0.441589    12.7851    -1.9670     -0.467     0.2810    -0.3749 -9.990e-29
 179.957830     -0.474   0.440905    12.7923    -1.9669     -0.470     0.2805    -0.3762 -9.990e-29
 179.957836     -0.474   0.440797    12.7946    -1.9672     -0.470     0.2804    -0.3765 -9.990e-29
 179.957841     -0.471   0.441122    12.7906    -1.9681     -0.467     0.2806    -0.3758 -9.990e-29
 179.957847     -0.465   0.441757    12.7807    -1.9686     -0.461     0.2811    -0.3742 -9.990e-29
 179.957853     -0.456   0.442439    12.7642    -1.9689     -0.452     0.2817    -0.3717 -9.990e-29
 179.957859     -0.443   0.443520    12.7448    -1.8161     -0.439     0.2825    -0.3686 -9.990e-29
 179.957865     -0.430   0.445330    12.7269    -1.6418     -0.426     0.2838    -0.3654 -9.990e-29
 179.957870     -0.419   0.447506    12.7113    -1.6632     -0.416     0.2854    -0.3623 -9.990e-29
 179.957876     -0.406   0.450728    12.6990    -1.6681     -0.403     0.2876    -0.3590 -9.990e-29
 179.957882     -0.391   0.458736    12.6894    -1.6682     -0.388     0.2929    -0.3537 -9.990e-29
 179.957888     -0.376   0.481653    12.6766    -1.6657     -0.373     0.3081    -0.3402 -9.990e-29
 179.957894     -0.356   0.547259    12.6553    -1.6818     -0.353     0.3518    -0.3036 -9.990e-29
 179.957899     -0.326   0.738587    12.6170    -1.6677     -0.323     0.4805    -0.1985 -9.990e-29
 179.957905     -0.284   1.307963    12.5271    -1.6682     -0.282     0.8745     0.1193 -9.990e-29
 179.957911     -0.228   3.014000    12.2746    -1.6671     -0.226     2.1210     1.1188 -9.990e-29
 179.957917     -0.152   8.131414    11.8039    -1.6673     -0.151     6.1906     4.3302 -9.990e-29
 179.957922     -0.058  18.044488    11.3019    -1.6700     -0.058    14.8536    11.0975 -9.990e-29
 179.957928      0.044  28.380318    10.9757    -1.6696      0.044    24.5985    18.6947 -9.990e-29
 179.957934      0.135  34.080205    10.8364    -1.6712      0.134    30.2256    23.0884 -9.990e-29
 179.957940      0.204  36.026988    10.8041    -1.6732      0.202    32.1766    24.6119 -9.990e-29
 179.957946      0.249  36.675704    10.8079    -1.6757      0.247    32.8181    25.1106 -9.990e-29
 179.957951      0.280  36.701926    10.8097    -1.6759      0.278    32.8426    25.1293 -9.990e-29
 179.957957      0.305  36.565308    10.7973    -1.6760      0.302    32.7177    25.0343 -9.990e-29
 179.957963      0.332  36.689382    10.7807    -1.6756      0.329    32.8561    25.1449 -9.990e-29
 179.957969      0.357  36.913003    10.7761    -1.6748      0.354    33.0831    25.3225 -9.990e-29
 179.957975      0.378  37.019475    10.7767    -1.6764      0.375    33.1888    25.4047 -9.990e-29
 179.957980      0.396  37.006772    10.7586    -1.6745      0.393    33.1925    25.4108 -9.990e-29
 179.957986      0.412  36.921300    10.7035    -1.6731      0.409    33.1572    25.3929 -9.990e-29
 179.957992      0.432  36.872139    10.6241    -1.6723      0.428    33.1802    25.4247 -9.990e-29
 179.957998      0.457  36.892385    10.5686    -1.6709      0.453    33.2510    25.4895 -9.990e-29
 179.958003      0.479  36.942929    10.5592    -1.6714      0.475    33.3103    25.5373 -9.990e-29
 179.958009      0.496  36.950527    10.5640    -1.6724      0.492    33.3135    25.5390 -9.990e-29
 179.958015      0.510  36.901231    10.5611    -1.6728      0.506    33.2667    25.5030 -9.990e-29
 179.958021      0.520  36.871103    10.5655    -1.6725      0.516    33.2325    25.4756 -9.990e-29
 179.958027      0.528  36.891722    10.5904    -1.6678      0.524    33.2304    25.4697 -9.990e-29
 179.958032      0.534  36.894790    10.6285    -1.6673      0.530    33.1988    25.4384 -9.990e-29
 179.958038      0.539  36.851921    10.6584    -1.6683      0.535    33.1287    25.3786 -9.990e-29
 179.958044      0.547  36.824215    10.6680    -1.6691      0.542    33.0923    25.3486 -9.990e-29
 179.958050      0.562  36.846487    10.6650    -1.6686      0.557    33.1173    25.3685 -9.990e-29
 179.958056      0.578  36.911483    10.6657    -1.6683      0.573    33.1817    25.4186 -9.990e-29
 179.958061      0.582  36.978139    10.6800    -1.6678      0.577    33.2353    25.4579 -9.990e-29
 179.958067      0.575  36.981261    10.7027    -1.6671      0.570    33.2178    25.4403 -9.990e-29
 179.958073      0.565  36.919995    10.7331    -1.6670      0.560    33.1290    25.3658 -9.990e-29
 179.958079      0.555  36.867889    10.7694    -1.6674      0.550    33.0441    25.2933 -9.990e-29
 179.958084      0.549  36.883252    10.7923    -1.6674      0.544    33.0387    25.2851 -9.990e-29
 179.958090      0.551  36.941214    10.7961    -1.6662      0.546    33.0931    25.3268 -9.990e-29
 179.958096      0.557  36.971727    10.7899    -1.6665      0.552    33.1291    25.3559 -9.990e-29
 179.958102      0.563  36.961154    10.7825    -1.6665      0.558    33.1253    25.3542 -9.990e-29
 179.958108      0.569  36.959861    10.7857    -1.6668      0.564    33.1211    25.3504 -9.990e-29
 179.958113      0.572  36.988560    10.8035    -1.6661      0.567    33.1336    25.3570 -9.990e-29
 179.958119      0.567  37.009894    10.8285    -1.6650      0.562    33.1322    25.3516 -9.990e-29
 179.958125      0.558  37.002466    10.8483    -1.6654      0.553    33.1069    25.3284 -9.990e-29
 179.958131      0.550  36.974333    10.8558    -1.6667      0.545    33.0721    25.3000 -9.990e-29
 179.958137      0.545  36.939004    10.8556    -1.6672      0.540    33.0371    25.2728 -9.990e-29
 179.958142      0.552  36.921127    10.8532    -1.6689      0.547    33.0215    25.2610 -9.990e-29
 179.958148      0.572  36.939475    10.8487    -1.6704      0.567    33.0438    25.2792 -9.990e-29
 179.958154      0.592  36.979317    10.8430    -1.6701      0.587    33.0886    25.3151 -9.990e-29
 179.958160      0.602  37.009749    10.8402    -1.6693      0.597    33.1214    25.3411 -9.990e-29
 179.958166      0.602  37.027106    10.8456    -1.6701      0.597    33.1338    25.3498 -9.990e-29
 179.958171      0.596  37.044470    10.8589    -1.6697      0.591    33.1391    25.3516 -9.990e-29
 179.958177      0.584  37.061482    10.8711    -1.6695      0.579    33.1450    25.3540 -9.990e-29
 179.958183      0.573  37.051542    10.8717    -1.6688      0.568    33.1346    25.3458 -9.990e-29
 179.958189      0.577  36.996384    10.8534    -1.6672      0.572    33.0962    25.3192 -9.990e-29
 179.958194      0.594  36.929517    10.8149    -1.6661      0.589    33.0644    25.3012 -9.990e-29
 179.958200      0.618  36.891244    10.7727    -1.6656      0.613    33.0644    25.3086 -9.990e-29
 179.958206      0.642  36.891072    10.7465    -1.6663      0.637    33.0879    25.3315 -9.990e-29
 179.958212      0.658  36.920943    10.7326    -1.6671      0.653    33.1303    25.3669 -9.990e-29
 179.958218      0.663  36.964110    10.7298    -1.6678      0.657    33.1760    25.4030 -9.990e-29
 179.958223      0.658  37.003070    10.7487    -1.6680      0.653    33.1977    25.4166 -9.990e-29
 179.958229      0.646  37.011346    10.7803    -1.6678      0.641    33.1773    25.3951 -9.990e-29
 179.958235      0.636  36.976465    10.8086    -1.6673      0.631    33.1169    25.3431 -9.990e-29
 179.958241      0.630  36.934315    10.8309    -1.6669      0.625    33.0547    25.2908 -9.990e-29
 179.958247      0.629  36.930707    10.8475    -1.6658      0.624    33.0361    25.2734 -9.990e-29
 179.958252      0.629  36.964785    10.8589    -1.6658      0.624    33.0598    25.2898 -9.990e-29
 179.958258      0.624  36.999648    10.8658    -1.6665      0.619    33.0882    25.3108 -9.990e-29
 179.958264      0.619  37.000000    10.8648    -1.6663      0.614    33.0895    25.3119 -9.990e-29
 179.958270      0.619  36.960175    10.8538    -1.6653      0.614    33.0598    25.2907 -9.990e-29
 179.958275      0.622  36.915070    10.8407    -1.6650      0.617    33.0267    25.2673 -9.990e-29
 179.958281      0.629  36.901504    10.8391    -1.6648      0.624    33.0146    25.2582 -9.990e-29
 179.958287      0.636  36.917663    10.8520    -1.6653      0.631    33.0191    25.2594 -9.990e-29
 179.958293      0.640  36.933563    10.8708    -1.6661      0.635    33.0179    25.2552 -9.990e-29
 179.958299      0.640  36.934010    10.8857    -1.6675      0.635    33.0050    25.2424 -9.990e-29
 179.958304      0.637  36.932517    10.8938    -1.6688      0.632    32.9962    25.2342 -9.990e-29
 179.958310      0.634  36.936648    10.8988    -1.6686      0.629    32.9958    25.2330 -9.990e-29
 179.958316      0.637  36.930649    10.9044    -1.6671      0.632    32.9848    25.2234 -9.990e-29
 179.958322      0.644  36.916632    10.9104    -1.6667      0.639    32.9654    25.2073 -9.990e-29
 179.958328      0.653  36.921319    10.9140    -1.6662      0.648    32.9669    25.2078 -9.990e-29
 179.958333      0.655  36.944263    10.9140    -1.6664      0.650    32.9897    25.2255 -9.990e-29
 179.958339      0.650  36.961732    10.9100     9.0381      0.645    33.0106    25.2426 -9.990e-29
 179.958345      0.647  36.959502    10.8991    11.8796      0.642    33.0182    25.2504 -9.990e-29
 179.958351      0.650  36.932946    10.8773    12.0288      0.645    33.0115    25.2490 -9.990e-29
 179.958356      0.658  36.892067    10.8515     9.8201      0.653    32.9941    25.2400 -9.990e-29
 179.958362      0.669  36.864188    10.8389     5.2061      0.663    32.9777    25.2294 -9.990e-29
 179.958368      0.674  36.870989    10.8452     5.2906      0.668    32.9787    25.2291 -9.990e-29
 179.958374      0.669  36.905308    10.8612     5.4699      0.663    32.9985    25.2417 -9.990e-29
 179.958380      0.658  36.937284    10.8792     5.5373      0.653    33.0141    25.2507 -9.990e-29
 179.958385      0.649  36.945147    10.8942     5.5254      0.644    33.0084    25.2436 -9.990e-29
 179.958391      0.646  36.928206    10.9035     5.4671      0.641    32.9832    25.2223 -9.990e-29
 179.958397      0.649  36.899199    10.9094     5.4160      0.644    32.9490    25.1947 -9.990e-29
 179.958403      0.658  36.876630    10.9141     5.3752      0.653    32.9224    25.1731 -9.990e-29
 179.958409      0.672  36.866853    10.9172     5.3629      0.666    32.9099    25.1629 -9.990e-29
 179.958414      0.690  36.861901    10.9168     5.3587      0.684    32.9053    25.1594 -9.990e-29
 179.958420      0.704  36.854076    10.9090     5.3615      0.698    32.9045    25.1601 -9.990e-29
 179.958426      0.709  36.836334    10.8858     5.3585      0.703    32.9077    25.1667 -9.990e-29
 179.958432      0.711  36.791768    10.8416     5.3525      0.705    32.9031    25.1709 -9.990e-29
 179.958438      0.715  36.728775    10.7985     5.3405      0.709    32.8792    25.1598 -9.990e-29
 179.958443      0.716  36.699536    10.7937     5.3339      0.710    32.8544    25.1413 -9.990e-29
 179.958449      0.709  36.722228    10.8243     5.3367      0.703    32.8495    25.1322 -9.990e-29
 179.958455      0.700  36.760451    10.8557     5.3390      0.694    32.8593    25.1343 -9.990e-29
 179.958461      0.699  36.790116    10.8684     5.3412      0.693    32.8774    25.1462 -9.990e-29
 179.958466      0.716  36.804871    10.8640     5.3396      0.710    32.8960    25.1615 -9.990e-29
