data/oxygen options/ONMS/Olympic_Coast_National_Marine_Sanctuary_CTD_Data_2005_2023/raw_data/2016/CAST_KL015_160701faed.cnv
* Sea-Bird SBE19 Data File:
* FileName = C:\2016 Mooring Data\Casts\Data\CAST_KL015_160701.hex
* Software Version 1.59
* Temperature SN = 2997
* Conductivity SN = 2997
* System UpLoad Time = Jul 01 2016 17:56:32
** CAST_KL015_160701
* ds
# nquan = 9                                 
# nvalues = 835                         
# units = specified
# name 0 = timeJ: Julian Days
# name 1 = prSM: Pressure, Strain Gauge [db]
# name 2 = c0mS/cm: Conductivity [mS/cm]
# name 3 = t090C: Temperature [ITS-90, deg C]
# name 4 = sbeox0ML/L: Oxygen, SBE 43 [ml/l]
# name 5 = depSM: Depth [salt water, m], lat = 47.5
# name 6 = sal00: Salinity, Practical [PSU]
# name 7 = sigma-é00: Density [sigma-theta, kg/m^3]
# name 8 = flag: flag
# span 0 = 183.732130, 183.736956       
# span 1 =     -4.782,     17.110       
# span 2 =   0.379666,  36.731629       
# span 3 =     7.9339,    12.2670       
# span 4 =    -2.0089,    12.9790       
# span 5 =     -4.742,     16.966       
# span 6 =     0.2463,    33.6386       
# span 7 =    -0.3213,    26.2130       
# span 8 = 0.0000e+00, 0.0000e+00       
# interval = seconds: 0.5
# start_time = Jul 01 2016 17:34:16 [Instrument's time stamp, header]
# bad_flag = -9.990e-29
*END*
[from data line 641]
 183.735839      2.430  36.546498    10.6312     5.6011      2.410    32.8471    25.1640 0.0000e+00
 183.735845      2.644  36.551258    10.6076     5.3818      2.622    32.8730    25.1882 0.0000e+00
 183.735851      2.872  36.532315    10.5562     5.2301      2.848    32.9003    25.2184 0.0000e+00
 183.735856      3.114  36.491219    10.4781     5.1358      3.088    32.9296    25.2547 0.0000e+00
 183.735862      3.373  36.433600    10.3891     5.0482      3.345    32.9522    25.2875 0.0000e+00
 183.735868      3.640  36.370504    10.3121     4.9836      3.610    32.9584    25.3055 0.0000e+00
 183.735874      3.902  36.320794    10.2612     4.9221      3.869    32.9544    25.3110 0.0000e+00
 183.735880      4.158  36.294283    10.2228     4.8610      4.123    32.9624    25.3238 0.0000e+00
 183.735885      4.416  36.282975    10.1729     4.7736      4.379    32.9963    25.3587 0.0000e+00
 183.735891      4.681  36.276184    10.1109     4.6420      4.642    33.0459    25.4078 0.0000e+00
 183.735897      4.951  36.265328    10.0490     4.5145      4.910    33.0913    25.4537 0.0000e+00
 183.735903      5.226  36.249844     9.9947     4.3810      5.182    33.1253    25.4892 0.0000e+00
 183.735909      5.507  36.234202     9.9482     4.2692      5.461    33.1519    25.5178 0.0000e+00
 183.735914      5.795  36.218740     9.9082     4.1838      5.747    33.1728    25.5408 0.0000e+00
 183.735920      6.087  36.207957     9.8738     4.1134      6.036    33.1934    25.5626 0.0000e+00
 183.735926      6.380  36.196910     9.8318     4.0597      6.327    33.2207    25.5909 0.0000e+00
 183.735932      6.674  36.163492     9.7649     3.9900      6.618    33.2482    25.6234 0.0000e+00
 183.735938      6.969  36.096672     9.6732     3.9044      6.911    33.2644    25.6512 0.0000e+00
 183.735943      7.260  36.010914     9.5745     3.7313      7.199    33.2678    25.6700 0.0000e+00
 183.735949      7.545  35.925678     9.4859     3.4405      7.482    33.2622    25.6801 0.0000e+00
 183.735955      7.822  35.852149     9.4128     3.0872      7.757    33.2543    25.6857 0.0000e+00
 183.735961      8.098  35.797508     9.3390     2.7330      8.030    33.2664    25.7070 0.0000e+00
 183.735966      8.383  35.747063     9.2334     2.4805      8.313    33.3125    25.7600 0.0000e+00
 183.735972      8.678  35.670436     9.0794     2.3479      8.605    33.3770    25.8349 0.0000e+00
 183.735978      8.985  35.546035     8.8980     2.3059      8.910    33.4176    25.8953 0.0000e+00
 183.735984      9.297  35.395558     8.7374     2.3317      9.219    33.4113    25.9153 0.0000e+00
 183.735990      9.604  35.281541     8.6313     2.3761      9.524    33.3917    25.9163 0.0000e+00
 183.735995      9.901  35.223817     8.5786     2.4227      9.818    33.3806    25.9156 0.0000e+00
 183.736001     10.184  35.196842     8.5537     2.4908     10.099    33.3756    25.9155 0.0000e+00
 183.736007     10.459  35.181915     8.5287     2.5343     10.371    33.3834    25.9255 0.0000e+00
 183.736013     10.735  35.169128     8.4958     2.5902     10.645    33.4009    25.9442 0.0000e+00
 183.736019     11.021  35.153111     8.4618     2.6662     10.929    33.4161    25.9613 0.0000e+00
 183.736024     11.318  35.135388     8.4313     2.7169     11.223    33.4262    25.9738 0.0000e+00
 183.736030     11.614  35.119124     8.4010     2.7865     11.517    33.4376    25.9874 0.0000e+00
 183.736036     11.899  35.102711     8.3658     2.8271     11.799    33.4536    26.0052 0.0000e+00
 183.736042     12.174  35.083220     8.3264     2.8473     12.072    33.4703    26.0242 0.0000e+00
 183.736047     12.447  35.059224     8.2800     2.8736     12.343    33.4889    26.0458 0.0000e+00
 183.736053     12.724  35.029448     8.2201     2.8652     12.617    33.5143    26.0747 0.0000e+00
 183.736059     13.000  34.997230     8.1525     2.8554     12.891    33.5445    26.1085 0.0000e+00
 183.736065     13.271  34.968817     8.0911     2.8586     13.160    33.5729    26.1399 0.0000e+00
 183.736071     13.538  34.945440     8.0435     2.8354     13.425    33.5935    26.1631 0.0000e+00
 183.736076     13.801  34.927763     8.0121     2.8240     13.685    33.6046    26.1764 0.0000e+00
 183.736082     14.058  34.916208     7.9962     2.8027     13.940    33.6074    26.1810 0.0000e+00
 183.736088     14.306  34.909841     7.9922     2.7637     14.186    33.6043    26.1791 0.0000e+00
 183.736094     14.538  34.907367     7.9925     2.7412     14.416    33.6013    26.1767 0.0000e+00
 183.736100     14.761  34.905961     7.9871     2.7112     14.637    33.6049    26.1803 0.0000e+00
 183.736105     14.989  34.902548     7.9733     2.6878     14.863    33.6144    26.1898 0.0000e+00
 183.736111     15.227  34.896979     7.9569     2.6858     15.099    33.6241    26.1998 0.0000e+00
 183.736117     15.471  34.892386     7.9445     2.6847     15.341    33.6310    26.2071 0.0000e+00
 183.736123     15.708  34.889843     7.9379     2.6795     15.576    33.6345    26.2108 0.0000e+00
 183.736128     15.933  34.888671     7.9347     2.6843     15.799    33.6362    26.2126 0.0000e+00
 183.736134     16.144  34.888344     7.9339     2.6698     16.009    33.6366    26.2130 0.0000e+00
 183.736140     16.336  34.888343     7.9369     2.6693     16.199    33.6336    26.2102 0.0000e+00
 183.736146     16.506  34.888582     7.9433     2.6808     16.368    33.6276    26.2046 0.0000e+00
 183.736152     16.649  34.889298     7.9479     2.6826     16.509    33.6239    26.2010 -9.990e-29
 183.736157     16.772  34.890244     7.9478     2.7018     16.631    33.6249    26.2018 -9.990e-29
 183.736163     16.879  34.891481     7.9473     2.7070     16.737    33.6267    26.2033 -9.990e-29
 183.736169     16.962  34.894017     7.9511     2.7164     16.820    33.6257    26.2020 -9.990e-29
 183.736175     17.019  34.899467     7.9593     2.7045     16.876    33.6236    26.1991 -9.990e-29
 183.736181     17.058  34.907735     7.9691     2.7129     16.915    33.6230    26.1972 -9.990e-29
 183.736186     17.085  34.915202     7.9773     2.7154     16.942    33.6231    26.1961 -9.990e-29
 183.736192     17.102  34.919980     7.9824     2.7086     16.959    33.6233    26.1955 -9.990e-29
 183.736198     17.110  34.922760     7.9844     2.7265     16.966    33.6243    26.1960 -9.990e-29
 183.736204     17.110  34.923807     7.9851     2.7063     16.966    33.6248    26.1963 -9.990e-29
 183.736209     17.097  34.923876     7.9866     2.7039     16.954    33.6234    26.1950 -9.990e-29
 183.736215     17.062  34.924658     7.9893     2.7042     16.919    33.6217    26.1932 -9.990e-29
 183.736221     17.003  34.927112     7.9921     2.6770     16.860    33.6216    26.1928 -9.990e-29
 183.736227     16.934  34.929387     7.9933     2.6793     16.792    33.6229    26.1936 -9.990e-29
 183.736233     16.866  34.928274     7.9908     2.6878     16.725    33.6242    26.1950 -9.990e-29
 183.736238     16.796  34.922772     7.9826     2.6800     16.655    33.6262    26.1978 -9.990e-29
 183.736244     16.714  34.914986     7.9716     2.6800     16.574    33.6285    26.2012 -9.990e-29
 183.736250     16.621  34.909017     7.9652     2.6760     16.482    33.6283    26.2020 -9.990e-29
 183.736256     16.518  34.908024     7.9661     2.6677     16.379    33.6265    26.2004 -9.990e-29
 183.736262     16.407  34.911162     7.9684     2.6673     16.269    33.6277    26.2010 -9.990e-29
 183.736267     16.291  34.914129     7.9672     2.6769     16.154    33.6320    26.2046 -9.990e-29
 183.736273     16.170  34.914078     7.9634     2.6727     16.034    33.6357    26.2080 -9.990e-29
 183.736279     16.049  34.911423     7.9583     2.6768     15.914    33.6378    26.2104 -9.990e-29
 183.736285     15.933  34.905903     7.9514     2.6945     15.799    33.6386    26.2121 -9.990e-29
 183.736291     15.820  34.898478     7.9445     2.6884     15.687    33.6374    26.2121 -9.990e-29
 183.736296     15.707  34.893171     7.9401     2.6822     15.575    33.6360    26.2116 -9.990e-29
 183.736302     15.590  34.892345     7.9394     2.6997     15.459    33.6358    26.2116 -9.990e-29
 183.736308     15.462  34.894816     7.9415     2.6995     15.332    33.6365    26.2118 0.0000e+00
 183.736314     15.324  34.898195     7.9448     2.7051     15.196    33.6370    26.2118 0.0000e+00
 183.736319     15.183  34.900185     7.9479     2.7115     15.056    33.6362    26.2107 0.0000e+00
 183.736325     15.048  34.899267     7.9493     2.7096     14.922    33.6339    26.2087 -9.990e-29
 183.736331     14.924  34.896418     7.9483     2.7112     14.799    33.6319    26.2072 -9.990e-29
 183.736337     14.806  34.893789     7.9466     2.7169     14.682    33.6308    26.2066 -9.990e-29
 183.736343     14.687  34.892896     7.9468     2.7124     14.564    33.6297    26.2057 -9.990e-29
 183.736348     14.564  34.894594     7.9493     2.7084     14.442    33.6292    26.2049 -9.990e-29
 183.736354     14.438  34.897785     7.9533     2.7220     14.317    33.6288    26.2041 0.0000e+00
 183.736360     14.309  34.900003     7.9569     2.7296     14.189    33.6278    26.2027 0.0000e+00
 183.736366     14.177  34.899727     7.9575     2.7391     14.058    33.6270    26.2020 0.0000e+00
 183.736372     14.043  34.897708     7.9557     2.7441     13.925    33.6266    26.2020 0.0000e+00
 183.736377     13.906  34.896300     7.9550     2.7581     13.789    33.6258    26.2015 0.0000e+00
 183.736383     13.767  34.897545     7.9574     2.7628     13.652    33.6249    26.2004 0.0000e+00
 183.736389     13.626  34.901423     7.9630     2.7708     13.512    33.6237    26.1987 0.0000e+00
 183.736395     13.481  34.904702     7.9698     2.7786     13.368    33.6208    26.1953 0.0000e+00
 183.736400     13.337  34.905593     7.9755     2.7768     13.225    33.6163    26.1910 0.0000e+00
 183.736406     13.196  34.905848     7.9801     2.7709     13.085    33.6122    26.1871 0.0000e+00
 183.736412     13.055  34.906929     7.9848     2.7585     12.946    33.6089    26.1838 0.0000e+00
 183.736418     12.909  34.909157     7.9923     2.7248     12.801    33.6042    26.1790 0.0000e+00
 183.736424     12.757  34.913824     8.0088     2.6993     12.650    33.5934    26.1681 0.0000e+00
 183.736429     12.602  34.923233     8.0375     2.6934     12.496    33.5760    26.1502 0.0000e+00
 183.736435     12.452  34.937607     8.0782     2.6827     12.348    33.5524    26.1256 0.0000e+00
 183.736441     12.309  34.960430     8.1269     2.6762     12.206    33.5301    26.1010 0.0000e+00
 183.736447     12.173  34.986847     8.1673     2.6644     12.071    33.5197    26.0868 0.0000e+00
 183.736453     12.041  34.997190     8.1883     2.6408     11.940    33.5107    26.0766 0.0000e+00
 183.736458     11.902  34.994056     8.1997     2.5993     11.802    33.4965    26.0638 0.0000e+00
 183.736464     11.753  34.996802     8.2127     2.5457     11.655    33.4871    26.0544 0.0000e+00
 183.736470     11.594  35.007411     8.2281     2.5222     11.497    33.4838    26.0495 0.0000e+00
 183.736476     11.425  35.018741     8.2441     2.5147     11.329    33.4806    26.0447 0.0000e+00
 183.736481     11.260  35.029096     8.2619     2.5272     11.166    33.4747    26.0374 0.0000e+00
 183.736487     11.103  35.047248     8.2841     2.5300     11.010    33.4729    26.0326 0.0000e+00
 183.736493     10.949  35.072753     8.3077     2.5176     10.857    33.4776    26.0327 0.0000e+00
 183.736499     10.793  35.088645     8.3240     2.5111     10.703    33.4790    26.0314 0.0000e+00
 183.736505     10.638  35.090348     8.3327     2.5047     10.549    33.4726    26.0250 0.0000e+00
 183.736510     10.486  35.088542     8.3381     2.5091     10.398    33.4656    26.0187 0.0000e+00
 183.736516     10.337  35.092026     8.3425     2.5060     10.250    33.4651    26.0178 0.0000e+00
 183.736522     10.190  35.097602     8.3513     2.5126     10.105    33.4627    26.0145 0.0000e+00
 183.736528     10.039  35.100942     8.3698     2.5129      9.955    33.4488    26.0008 0.0000e+00
 183.736534      9.883  35.105382     8.3936     2.5316      9.800    33.4309    25.9832 0.0000e+00
 183.736539      9.730  35.111801     8.4145     2.5562      9.649    33.4179    25.9699 0.0000e+00
 183.736545      9.583  35.124838     8.4306     2.5992      9.503    33.4165    25.9663 0.0000e+00
 183.736551      9.441  35.141155     8.4421     2.6530      9.362    33.4229    25.9696 0.0000e+00
 183.736557      9.298  35.147221     8.4504     2.6935      9.220    33.4215    25.9672 0.0000e+00
 183.736562      9.147  35.148324     8.4594     2.7768      9.070    33.4142    25.9601 0.0000e+00
 183.736568      8.986  35.154900     8.4709     2.8721      8.911    33.4103    25.9553 0.0000e+00
 183.736574      8.822  35.165077     8.4853     2.9775      8.748    33.4075    25.9509 0.0000e+00
 183.736580      8.657  35.176180     8.5045     3.1124      8.585    33.4011    25.9430 0.0000e+00
 183.736586      8.494  35.191251     8.5272     3.2377      8.423    33.3956    25.9352 0.0000e+00
 183.736591      8.335  35.213582     8.5449     3.3597      8.265    33.4024    25.9379 0.0000e+00
 183.736597      8.179  35.243261     8.5587     3.4634      8.111    33.4207    25.9501 0.0000e+00
 183.736603      8.024  35.284013     8.5854     3.5900      7.957    33.4384    25.9599 0.0000e+00
 183.736609      7.868  35.332473     8.6333     3.7227      7.802    33.4441    25.9571 0.0000e+00
 183.736615      7.712  35.381547     8.6934     3.8724      7.647    33.4389    25.9437 0.0000e+00
 183.736620      7.552  35.422724     8.7666     4.0473      7.489    33.4131    25.9121 0.0000e+00
 183.736626      7.388  35.456011     8.8626     4.1983      7.326    33.3576    25.8537 0.0000e+00
 183.736632      7.218  35.498910     8.9716     4.2878      7.158    33.3001    25.7917 0.0000e+00
 183.736638      7.044  35.552048     9.0751     4.3233      6.985    33.2586    25.7430 0.0000e+00
 183.736644      6.872  35.618502     9.1796     4.3051      6.815    33.2301    25.7041 0.0000e+00
 183.736649      6.707  35.728633     9.2925     4.2910      6.651    33.2391    25.6931 0.0000e+00
 183.736655      6.553  35.857853     9.3799     4.2892      6.498    33.2913    25.7199 0.0000e+00
 183.736661      6.403  35.932509     9.4189     4.3317      6.349    33.3321    25.7455 0.0000e+00
 183.736667      6.249  35.948511     9.4298     4.4222      6.197    33.3385    25.7488 0.0000e+00
 183.736672      6.085  35.939537     9.4345     4.5223      6.034    33.3250    25.7374 0.0000e+00
 183.736678      5.912  35.924444     9.4457     4.6183      5.863    33.2991    25.7153 0.0000e+00
 183.736684      5.738  35.922326     9.4729     4.6796      5.690    33.2717    25.6895 0.0000e+00
 183.736690      5.568  35.946611     9.5210     4.6905      5.521    33.2521    25.6664 0.0000e+00
 183.736696      5.409  36.002225     9.5876     4.6671      5.364    33.2476    25.6520 0.0000e+00
 183.736701      5.263  36.069753     9.6520     4.6588      5.219    33.2572    25.6491 0.0000e+00
 183.736707      5.125  36.113172     9.6924     4.6852      5.082    33.2644    25.6480 0.0000e+00
 183.736713      4.986  36.125391     9.7119     4.7531      4.944    33.2589    25.6405 0.0000e+00
 183.736719      4.843  36.122152     9.7258     4.8284      4.803    33.2428    25.6257 0.0000e+00
 183.736725      4.698  36.112031     9.7437     4.9015      4.659    33.2160    25.6017 0.0000e+00
 183.736730      4.556  36.106751     9.7650     4.9431      4.518    33.1910    25.5787 0.0000e+00
 183.736736      4.416  36.116644     9.7875     4.9661      4.379    33.1804    25.5667 0.0000e+00
 183.736742      4.277  36.140895     9.8123     5.0156      4.241    33.1824    25.5642 0.0000e+00
 183.736748      4.139  36.171501     9.8375     5.0850      4.104    33.1905    25.5663 0.0000e+00
 183.736753      4.002  36.195481     9.8596     5.1915      3.969    33.1946    25.5659 0.0000e+00
