data/oxygen options/ONMS/Olympic_Coast_National_Marine_Sanctuary_CTD_Data_2005_2023/raw_data/2016/CAST_MB015_160523faed.cnv
* Sea-Bird SBE19 Data File:
* FileName = C:\2016 Mooring Data\CAST_MB015_160523.hex
* Software Version 1.59
* Temperature SN = 2997
* Conductivity SN = 2997
* System UpLoad Time = May 23 2016 21:39:59
** CAST_MB015_160523
* ds
# nquan = 9                                 
# nvalues = 919                         
# units = specified
# name 0 = timeJ: Julian Days
# name 1 = prSM: Pressure, Strain Gauge [db]
# name 2 = c0mS/cm: Conductivity [mS/cm]
# name 3 = t090C: Temperature [ITS-90, deg C]
# name 4 = sbeox0ML/L: Oxygen, SBE 43 [ml/l]
# name 5 = depSM: Depth [salt water, m], lat = 47.5
# name 6 = sal00: Salinity, Practical [PSU]
# name 7 = sigma-é00: Density [sigma-theta, kg/m^3]
# name 8 = flag: flag
# span 0 = 144.886296, 144.891609       
# span 1 =     -5.788,     15.925       
# span 2 =   0.456521,  38.125700       
# span 3 =    10.3338,    16.8106       
# span 4 =    -1.8455,    18.0131       
# span 5 =     -5.740,     15.791       
# span 6 =     0.2690,    32.5684       
# span 7 =    -0.9721,    24.9950       
# span 8 = 0.0000e+00, 0.0000e+00       
# interval = seconds: 0.5
# start_time = May 23 2016 21:16:16 [Instrument's time stamp, header]
# bad_flag = -9.990e-29
*END*
[from data line 481]
 144.889080      0.547  37.507998    12.7974     9.5935      0.542    31.8940    24.0271 -9.990e-29
 144.889086      0.550  37.506660    12.7937     9.5849      0.545    31.8958    24.0292 -9.990e-29
 144.889091      0.551  37.498501    12.7903     9.5720      0.546    31.8910    24.0261 -9.990e-29
 144.889097      0.553  37.493421    12.7890     9.5658      0.548    31.8873    24.0235 -9.990e-29
 144.889103      0.554  37.495145    12.7889     9.5611      0.549    31.8890    24.0248 -9.990e-29
 144.889109      0.554  37.499820    12.7902     9.5672      0.549    31.8923    24.0272 -9.990e-29
 144.889115      0.555  37.503943    12.7931     9.5753      0.550    31.8938    24.0277 -9.990e-29
 144.889120      0.556  37.506788    12.7964     9.5753      0.551    31.8937    24.0270 -9.990e-29
 144.889126      0.556  37.509094    12.7982     9.5716      0.551    31.8943    24.0272 -9.990e-29
 144.889132      0.556  37.509950    12.7968     9.5788      0.551    31.8963    24.0290 -9.990e-29
 144.889138      0.556  37.508753    12.7927     9.5920      0.551    31.8986    24.0316 -9.990e-29
 144.889144      0.556  37.508325    12.7881     9.6010      0.551    31.9021    24.0352 -9.990e-29
 144.889149      0.555  37.510271    12.7843     9.6002      0.550    31.9072    24.0398 -9.990e-29
 144.889155      0.555  37.512078    12.7839     9.5998      0.550    31.9092    24.0415 -9.990e-29
 144.889161      0.554  37.512728    12.7874     9.5964      0.549    31.9069    24.0390 -9.990e-29
 144.889167      0.553  37.511903    12.7922     9.5972      0.548    31.9020    24.0343 -9.990e-29
 144.889172      0.552  37.511800    12.7970     9.5854      0.547    31.8979    24.0302 -9.990e-29
 144.889178      0.550  37.515021    12.8000     9.5749      0.545    31.8984    24.0300 -9.990e-29
 144.889184      0.548  37.517951    12.7998     9.5599      0.543    31.9014    24.0323 -9.990e-29
 144.889190      0.545  37.517150    12.7980     9.5521      0.540    31.9021    24.0333 -9.990e-29
 144.889196      0.546  37.513727    12.7958     9.5509      0.541    31.9007    24.0326 -9.990e-29
 144.889201      0.554  37.511458    12.7918     9.5561      0.549    31.9020    24.0343 -9.990e-29
 144.889207      0.566  37.510616    12.7846     9.5774      0.561    31.9072    24.0398 -9.990e-29
 144.889213      0.579  37.508334    12.7750     9.5855      0.574    31.9132    24.0463 -9.990e-29
 144.889219      0.593  37.503185    12.7638     9.5932      0.588    31.9178    24.0520 -9.990e-29
 144.889225      0.610  37.492718    12.7524     9.6022      0.605    31.9175    24.0540 -9.990e-29
 144.889230      0.625  37.480843    12.7442     9.5922      0.620    31.9132    24.0522 -9.990e-29
 144.889236      0.632  37.476317    12.7417     9.5718      0.627    31.9110    24.0510 -9.990e-29
 144.889242      0.631  37.478640    12.7430     9.5847      0.626    31.9121    24.0516 -9.990e-29
 144.889248      0.630  37.482438    12.7443     9.5902      0.625    31.9146    24.0533 -9.990e-29
 144.889253      0.634  37.484306    12.7431     9.5897      0.629    31.9174    24.0557 -9.990e-29
 144.889259      0.642  37.481629    12.7395     9.5669      0.637    31.9179    24.0568 -9.990e-29
 144.889265      0.652  37.475818    12.7363     9.5407      0.647    31.9151    24.0552 -9.990e-29
 144.889271      0.655  37.473067    12.7379     9.5475      0.650    31.9111    24.0518 -9.990e-29
 144.889277      0.651  37.476367    12.7431     9.5657      0.646    31.9099    24.0498 -9.990e-29
 144.889282      0.649  37.482208    12.7460     9.5871      0.644    31.9129    24.0517 -9.990e-29
 144.889288      0.653  37.485986    12.7423     9.5906      0.648    31.9197    24.0576 -9.990e-29
 144.889294      0.654  37.485395    12.7351     9.5793      0.649    31.9252    24.0632 -9.990e-29
 144.889300      0.644  37.482383    12.7323     9.5881      0.639    31.9247    24.0634 -9.990e-29
 144.889306      0.631  37.482395    12.7342     9.5945      0.626    31.9231    24.0618 -9.990e-29
 144.889311      0.622  37.486501    12.7341     9.5965      0.617    31.9271    24.0649 -9.990e-29
 144.889317      0.618  37.488343    12.7274     9.6089      0.613    31.9345    24.0720 -9.990e-29
 144.889323      0.618  37.482469    12.7156     9.6168      0.613    31.9389    24.0776 -9.990e-29
 144.889329      0.621  37.471632    12.7062     9.6098      0.616    31.9366    24.0777 -9.990e-29
 144.889334      0.628  37.462607    12.7036     9.5995      0.623    31.9303    24.0732 -9.990e-29
 144.889340      0.636  37.459546    12.7056     9.5897      0.631    31.9257    24.0693 -9.990e-29
 144.889346      0.640  37.462224    12.7079     9.5778      0.635    31.9262    24.0693 -9.990e-29
 144.889352      0.644  37.465740    12.7082     9.5861      0.639    31.9293    24.0716 -9.990e-29
 144.889358      0.650  37.465754    12.7076     9.5895      0.645    31.9298    24.0721 -9.990e-29
 144.889363      0.650  37.464463    12.7080     9.5779      0.645    31.9283    24.0709 -9.990e-29
 144.889369      0.642  37.466244    12.7100     9.5889      0.637    31.9283    24.0705 -9.990e-29
 144.889375      0.635  37.470045    12.7134     9.5815      0.630    31.9290    24.0704 -9.990e-29
 144.889381      0.633  37.473025    12.7170     9.5823      0.628    31.9288    24.0695 -9.990e-29
 144.889387      0.636  37.474051    12.7196     9.5844      0.631    31.9276    24.0681 -9.990e-29
 144.889392      0.639  37.472749    12.7216     9.5727      0.634    31.9246    24.0654 -9.990e-29
 144.889398      0.635  37.471800    12.7244     9.5626      0.630    31.9214    24.0623 -9.990e-29
 144.889404      0.623  37.473795    12.7277     9.5665      0.618    31.9205    24.0610 -9.990e-29
 144.889410      0.611  37.477409    12.7305     9.5555      0.606    31.9215    24.0613 -9.990e-29
 144.889416      0.607  37.480674    12.7329     9.5432      0.602    31.9226    24.0617 -9.990e-29
 144.889421      0.614  37.483958    12.7364     9.5337      0.609    31.9227    24.0611 -9.990e-29
 144.889427      0.629  37.487654    12.7409     9.5312      0.624    31.9224    24.0600 -9.990e-29
 144.889433      0.644  37.490460    12.7448     9.5567      0.639    31.9218    24.0587 -9.990e-29
 144.889439      0.652  37.492132    12.7478     9.5845      0.647    31.9208    24.0574 -9.990e-29
 144.889444      0.654  37.493712    12.7504     9.6174      0.649    31.9201    24.0564 -9.990e-29
 144.889450      0.656  37.495004    12.7517     9.6141      0.651    31.9202    24.0562 -9.990e-29
 144.889456      0.666  37.493182    12.7524     9.5876      0.660    31.9179    24.0543 -9.990e-29
 144.889462      0.677  37.490239    12.7557     9.5812      0.671    31.9123    24.0493 -9.990e-29
 144.889468      0.684  37.493953    12.7632     9.5697      0.678    31.9095    24.0457 -9.990e-29
 144.889473      0.685  37.505288    12.7749     9.5700      0.679    31.9104    24.0441 -9.990e-29
 144.889479      0.686  37.524162    12.7936     9.5927      0.680    31.9124    24.0421 -9.990e-29
 144.889485      0.687  37.546539    12.8193     9.5971      0.681    31.9119    24.0367 -9.990e-29
 144.889491      0.688  37.562966    12.8411     9.5951      0.682    31.9090    24.0303 -9.990e-29
 144.889497      0.688  37.571751    12.8530     9.5945      0.682    31.9072    24.0266 -9.990e-29
 144.889502      0.692  37.574459    12.8593     9.5973      0.686    31.9045    24.0232 -9.990e-29
 144.889508      0.704  37.576885    12.8599     9.6093      0.698    31.9063    24.0245 -9.990e-29
 144.889514      0.721  37.578838    12.8575     9.6039      0.715    31.9101    24.0280 -9.990e-29
 144.889520      0.736  37.575573    12.8606     9.5936      0.730    31.9044    24.0230 -9.990e-29
 144.889525      0.746  37.572196    12.8672     9.5797      0.740    31.8957    24.0149 -9.990e-29
 144.889531      0.750  37.570866    12.8691     9.5553      0.744    31.8928    24.0123 -9.990e-29
 144.889537      0.749  37.570304    12.8669     9.5483      0.743    31.8941    24.0138 -9.990e-29
 144.889543      0.743  37.570259    12.8674     9.5308      0.737    31.8937    24.0133 -9.990e-29
 144.889549      0.732  37.572850    12.8687     9.5334      0.726    31.8950    24.0141 -9.990e-29
 144.889554      0.720  37.576421    12.8618     9.5508      0.714    31.9042    24.0226 -9.990e-29
 144.889560      0.713  37.571101    12.8461     9.5733      0.707    31.9124    24.0320 -9.990e-29
 144.889566      0.716  37.555338    12.8271     9.6022      0.710    31.9136    24.0365 -9.990e-29
 144.889572      0.725  37.532707    12.8125     9.6100      0.719    31.9045    24.0323 -9.990e-29
 144.889578      0.731  37.514994    12.8105     9.6033      0.725    31.8894    24.0210 -9.990e-29
 144.889583      0.732  37.517178    12.8192     9.6184      0.726    31.8842    24.0153 -9.990e-29
 144.889589      0.731  37.534259    12.8362     9.6087      0.725    31.8860    24.0134 -9.990e-29
 144.889595      0.732  37.560928    12.8671     9.6114      0.726    31.8851    24.0067 -9.990e-29
 144.889601      0.736  37.595135    12.9102     9.5939      0.730    31.8811    23.9953 -9.990e-29
 144.889606      0.742  37.620781    12.9438     9.5701      0.736    31.8769    23.9855 -9.990e-29
 144.889612      0.748  37.629973    12.9481     9.5719      0.742    31.8820    23.9886 -9.990e-29
 144.889618      0.748  37.627067    12.9314     9.5772      0.742    31.8933    24.0006 -9.990e-29
 144.889624      0.748  37.617098    12.9114     9.5861      0.742    31.9008    24.0103 -9.990e-29
 144.889630      0.751  37.610805    12.8953     9.5658      0.745    31.9084    24.0193 -9.990e-29
 144.889635      0.753  37.610379    12.8831     9.5361      0.747    31.9183    24.0293 -9.990e-29
 144.889641      0.755  37.607337    12.8738     9.5213      0.749    31.9233    24.0350 -9.990e-29
 144.889647      0.761  37.598674    12.8640     9.5247      0.755    31.9234    24.0370 -9.990e-29
 144.889653      0.767  37.587907    12.8514     9.5469      0.761    31.9238    24.0398 -9.990e-29
 144.889659      0.770  37.579105    12.8386     9.5511      0.764    31.9263    24.0442 -9.990e-29
 144.889664      0.768  37.573358    12.8246     9.5640      0.762    31.9327    24.0518 -9.990e-29
 144.889670      0.763  37.567417    12.8096     9.5739      0.757    31.9398    24.0602 -9.990e-29
 144.889676      0.758  37.556096    12.7957     9.5593      0.752    31.9408    24.0637 -9.990e-29
 144.889682      0.758  37.537124    12.7821     9.5543      0.752    31.9344    24.0613 -9.990e-29
 144.889688      0.757  37.519882    12.7685     9.5428      0.751    31.9296    24.0602 -9.990e-29
 144.889693      0.752  37.513817    12.7541     9.5422      0.746    31.9360    24.0680 -9.990e-29
 144.889699      0.746  37.511898    12.7413     9.5367      0.740    31.9450    24.0774 -9.990e-29
 144.889705      0.744  37.506454    12.7323     9.5390      0.738    31.9475    24.0811 -9.990e-29
 144.889711      0.745  37.496326    12.7239     9.5091      0.739    31.9450    24.0807 -9.990e-29
 144.889716      0.749  37.485317    12.7151     9.4793      0.743    31.9420    24.0801 -9.990e-29
 144.889722      0.753  37.478855    12.7104     9.4685      0.747    31.9399    24.0794 -9.990e-29
 144.889728      0.752  37.479466    12.7119     9.4812      0.746    31.9392    24.0785 -9.990e-29
 144.889734      0.746  37.486779    12.7149     9.5074      0.740    31.9436    24.0814 -9.990e-29
 144.889740      0.740  37.491986    12.7157     9.5213      0.734    31.9478    24.0845 -9.990e-29
 144.889745      0.740  37.489077    12.7142     9.5376      0.734    31.9463    24.0836 -9.990e-29
 144.889751      0.748  37.483077    12.7112     9.5368      0.742    31.9432    24.0818 -9.990e-29
 144.889757      0.755  37.479931    12.7089     9.5404      0.749    31.9421    24.0814 -9.990e-29
 144.889763      0.758  37.479301    12.7077     9.5314      0.752    31.9426    24.0820 -9.990e-29
 144.889769      0.756  37.477482    12.7050     9.5216      0.750    31.9431    24.0829 -9.990e-29
 144.889774      0.755  37.474225    12.6999     9.5260      0.749    31.9444    24.0849 -9.990e-29
 144.889780      0.757  37.469607    12.6956     9.5397      0.751    31.9436    24.0851 -9.990e-29
 144.889786      0.758  37.464129    12.6957     9.5718      0.752    31.9383    24.0810 -9.990e-29
 144.889792      0.756  37.461071    12.6988     9.5757      0.750    31.9328    24.0761 -9.990e-29
 144.889797      0.753  37.461156    12.7009     9.5871      0.747    31.9311    24.0744 -9.990e-29
 144.889803      0.754  37.462780    12.7006     9.5915      0.748    31.9329    24.0759 -9.990e-29
 144.889809      0.755  37.465073    12.6997     9.6020      0.749    31.9358    24.0783 -9.990e-29
 144.889815      0.751  37.467675    12.6979     9.5951      0.745    31.9398    24.0818 -9.990e-29
 144.889821      0.747  37.468776    12.6934     9.5893      0.741    31.9447    24.0864 -9.990e-29
 144.889826      0.746  37.464764    12.6884     9.5814      0.740    31.9451    24.0877 -9.990e-29
 144.889832      0.748  37.456978    12.6857     9.5740      0.742    31.9400    24.0842 -9.990e-29
 144.889838      0.754  37.452931    12.6872     9.5662      0.748    31.9349    24.0800 -9.990e-29
 144.889844      0.760  37.456717    12.6941     9.5620      0.754    31.9327    24.0769 -9.990e-29
 144.889850      0.766  37.466619    12.7034     9.5764      0.760    31.9342    24.0763 -9.990e-29
 144.889855      0.776  37.477868    12.7111     9.5731      0.770    31.9383    24.0780 -9.990e-29
 144.889861      0.787  37.486935    12.7164     9.5737      0.780    31.9424    24.0802 -9.990e-29
 144.889867      0.796  37.492424    12.7196     9.5467      0.789    31.9449    24.0815 -9.990e-29
 144.889873      0.803  37.493772    12.7207     9.5305      0.796    31.9453    24.0816 -9.990e-29
 144.889878      0.808  37.493299    12.7214     9.5233      0.801    31.9442    24.0806 -9.990e-29
 144.889884      0.812  37.493141    12.7247     9.5539      0.805    31.9413    24.0777 -9.990e-29
 144.889890      0.815  37.494729    12.7302     9.5733      0.808    31.9381    24.0742 -9.990e-29
 144.889896      0.818  37.497902    12.7326     9.6032      0.811    31.9391    24.0745 -9.990e-29
 144.889902      0.820  37.500128    12.7321     9.5987      0.813    31.9416    24.0766 -9.990e-29
 144.889907      0.822  37.500978    12.7329     9.5993      0.815    31.9417    24.0765 -9.990e-29
 144.889913      0.823  37.501547    12.7335     9.6085      0.816    31.9418    24.0764 -9.990e-29
 144.889919      0.824  37.501995    12.7320     9.6036      0.817    31.9435    24.0780 -9.990e-29
 144.889925      0.824  37.502322    12.7322     9.6059      0.817    31.9436    24.0781 -9.990e-29
 144.889931      0.825  37.504047    12.7346     9.5998      0.818    31.9432    24.0773 -9.990e-29
 144.889936      0.825  37.506629    12.7341     9.5911      0.818    31.9461    24.0796 -9.990e-29
 144.889942      0.825  37.507311    12.7307     9.5845      0.818    31.9496    24.0830 -9.990e-29
 144.889948      0.825  37.507524    12.7289     9.5979      0.818    31.9513    24.0847 -9.990e-29
 144.889954      0.825  37.509197    12.7302     9.6019      0.818    31.9518    24.0848 -9.990e-29
 144.889959      0.825  37.511718    12.7343     9.6076      0.818    31.9507    24.0832 -9.990e-29
 144.889965      0.824  37.513369    12.7428     9.5991      0.817    31.9451    24.0772 -9.990e-29
 144.889971      0.824  37.512950    12.7528     9.5977      0.817    31.9362    24.0684 -9.990e-29
 144.889977      0.823  37.511546    12.7562     9.5970      0.816    31.9320    24.0645 -9.990e-29
 144.889983      0.823  37.509492    12.7552     9.6158      0.816    31.9309    24.0638 -9.990e-29
 144.889988      0.821  37.509058    12.7592     9.6301      0.814    31.9271    24.0601 -9.990e-29
 144.889994      0.820  37.512990    12.7668     9.6135      0.813    31.9244    24.0566 -9.990e-29
