data/oxygen options/ONMS/Olympic_Coast_National_Marine_Sanctuary_CTD_Data_2005_2023/raw_data/2016/CAST_KL027_160906faedb.cnv
* Sea-Bird SBE19 Data File:
* FileName = C:\2016 Mooring Data\Casts\Data\CAST_KL027_160906.hex
* Software Version 1.59
* Temperature SN = 2997
* Conductivity SN = 2997
* System UpLoad Time = Sep 06 2016 19:10:18
** CAST_KL027_160906
* ds
# nquan = 9
# nvalues = 26                          
# units = specified
# name 0 = timeJ: Julian Days
# name 1 = prSM: Pressure, Strain Gauge [db]
# name 2 = c0mS/cm: Conductivity [mS/cm]
# name 3 = t090C: Temperature [ITS-90, deg C]
# name 4 = sbeox0ML/L: Oxygen, SBE 43 [ml/l]
# name 5 = depSM: Depth [salt water, m], lat = 47.5
# name 6 = sal00: Salinity, Practical [PSU]
# name 7 = sigma-é00: Density [sigma-theta, kg/m^3]
# name 8 = flag: flag
# span 0 = 250.746867, 250.747628       
# span 1 =      2.000,     27.000       
# span 2 =  36.235554,  38.604018       
# span 3 =     9.6219,    14.9176       
# span 4 =     1.6197,     6.7756       
# span 5 =      1.983,     26.773       
# span 6 =    29.3639,    33.4455       
# span 7 =    21.6489,    25.8015       
# span 8 = 0.0000e+00, 0.0000e+00       
# interval = decibars: 1                
# start_time = Sep 06 2016 17:48:49 [Instrument's time stamp, header]
# bad_flag = -9.990e-29
*END*
 250.746867      2.000  36.593399    14.9176     6.6637      1.983    29.3639    21.6489 0.0000e+00
 250.746896      3.000  36.602832    14.8547     6.6783      2.975    29.4193    21.7046 0.0000e+00
 250.746924      4.000  36.628201    14.8052     6.6731      3.967    29.4790    21.7608 0.0000e+00
 250.746951      5.000  36.668915    14.7763     6.7223      4.958    29.5369    21.8115 0.0000e+00
 250.746979      6.000  36.742283    14.7446     6.7401      5.950    29.6262    21.8868 0.0000e+00
 250.747009      7.000  36.823350    14.7526     6.7642      6.941    29.6924    21.9361 0.0000e+00
 250.747040      8.000  36.992968    14.7784     6.7756      7.933    29.8243    22.0323 0.0000e+00
 250.747069      9.000  37.119312    14.7785     6.7427      8.925    29.9371    22.1191 0.0000e+00
 250.747102     10.000  37.199784    14.7154     6.6715      9.916    30.0575    22.2250 0.0000e+00
 250.747130     11.000  37.470451    14.7038     6.6038     10.908    30.3093    22.4213 0.0000e+00
 250.747159     12.000  37.576064    14.6686     6.4541     11.900    30.4316    22.5228 0.0000e+00
 250.747186     13.000  37.624006    14.5526     6.1125     12.891    30.5654    22.6501 0.0000e+00
 250.747214     14.000  37.703376    14.4130     5.8125     13.883    30.7473    22.8191 0.0000e+00
 250.747240     15.000  37.875320    14.1899     6.0020     14.874    31.0818    23.1228 0.0000e+00
 250.747267     16.000  38.052383    14.0807     5.9524     15.866    31.3316    23.3379 0.0000e+00
 250.747293     17.000  38.363070    13.9033     5.7095     16.857    31.7622    23.7064 0.0000e+00
 250.747323     18.000  38.551470    13.5794     5.5311     17.849    32.2066    24.1153 0.0000e+00
 250.747353     19.000  38.604018    13.2923     4.7691     18.841    32.4989    24.3986 0.0000e+00
 250.747382     20.000  38.309565    12.8230     4.4917     19.832    32.6236    24.5875 0.0000e+00
 250.747416     21.000  38.109033    12.2297     3.4314     20.824    32.9504    24.9541 0.0000e+00
 250.747445     22.000  37.275460    11.0461     3.1359     21.815    33.1898    25.3581 0.0000e+00
 250.747480     23.000  36.959671    10.7532     2.6725     22.807    33.1407    25.3718 0.0000e+00
 250.747515     24.000  36.546386    10.0446     1.8802     23.798    33.3723    25.6738 0.0000e+00
 250.747550     25.000  36.285537     9.7226     1.7994     24.790    33.4040    25.7524 0.0000e+00
 250.747587     26.000  36.259649     9.6608     1.6867     25.781    33.4345    25.7865 0.0000e+00
 250.747628     27.000  36.235554     9.6219     1.6197     26.773    33.4455    25.8015 0.0000e+00
