data/oxygen options/ONMS/Olympic_Coast_National_Marine_Sanctuary_CTD_Data_2005_2023/raw_data/2016/CAST_CE015_160630faed.cnv
* Sea-Bird SBE19 Data File:
* FileName = C:\2016 Mooring Data\Casts\Data\CAST_CE015_160630.hex
* Software Version 1.59
* Temperature SN = 2997
* Conductivity SN = 2997
* System UpLoad Time = Jun 30 2016 21:54:22
** CAST_CE015_160630
* ds
# nquan = 9                                 
# nvalues = 913                         
# units = specified
# name 0 = timeJ: Julian Days
# name 1 = prSM: Pressure, Strain Gauge [db]
# name 2 = c0mS/cm: Conductivity [mS/cm]
# name 3 = t090C: Temperature [ITS-90, deg C]
# name 4 = sbeox0ML/L: Oxygen, SBE 43 [ml/l]
# name 5 = depSM: Depth [salt water, m], lat = 47.5
# name 6 = sal00: Salinity, Practical [PSU]
# name 7 = sigma-é00: Density [sigma-theta, kg/m^3]
# name 8 = flag: flag
# span 0 = 182.872882, 182.878160       
# span 1 =     -5.757,     14.752       
# span 2 =   0.285964,  36.844942       
# span 3 =     8.2400,    14.7793       
# span 4 =    -1.9477,    10.2315       
# span 5 =     -5.709,     14.628       
# span 6 =     0.1717,    33.7070       
# span 7 =    -0.7318,    26.0405       
# span 8 = 0.0000e+00, 0.0000e+00       
# interval = seconds: 0.5
# start_time = Jun 30 2016 20:56:57 [Instrument's time stamp, header]
# bad_flag = -9.990e-29
*END*
[from data line 321]
 182.874740     -1.047   0.311958    13.3893    -1.9393     -1.038     0.1938    -0.5204 -9.990e-29
 182.874745     -1.041   0.312745    13.3817    -1.9392     -1.032     0.1943    -0.5189 -9.990e-29
 182.874751     -1.034   0.313186    13.3781    -1.9393     -1.025     0.1946    -0.5182 -9.990e-29
 182.874757     -1.025   0.313313    13.3770    -1.9394     -1.016     0.1947    -0.5180 -9.990e-29
 182.874763     -1.015   0.313294    13.3761    -1.9394     -1.007     0.1947    -0.5179 -9.990e-29
 182.874769     -1.006   0.313104    13.3746    -1.9395     -0.998     0.1946    -0.5178 -9.990e-29
 182.874774     -1.003   0.313045    13.3726    -1.9395     -0.995     0.1946    -0.5176 -9.990e-29
 182.874780     -1.000   0.313593    13.3686    -1.9396     -0.992     0.1949    -0.5168 -9.990e-29
 182.874786     -0.994   0.314369    13.3624    -1.9400     -0.986     0.1955    -0.5155 -9.990e-29
 182.874792     -0.984   0.314742    13.3566    -1.9399     -0.976     0.1957    -0.5146 -9.990e-29
 182.874797     -0.974   0.314655    13.3532    -1.9402     -0.966     0.1957    -0.5141 -9.990e-29
 182.874803     -0.967   0.314544    13.3512    -1.9403     -0.959     0.1956    -0.5139 -9.990e-29
 182.874809     -0.963   0.314816    13.3495    -1.9409     -0.955     0.1958    -0.5136 -9.990e-29
 182.874815     -0.961   0.315278    13.3481    -1.9410     -0.953     0.1961    -0.5131 -9.990e-29
 182.874821     -0.958   0.315438    13.3469    -1.9411     -0.950     0.1962    -0.5129 -9.990e-29
 182.874826     -0.953   0.314952    13.3450    -1.9414     -0.945     0.1959    -0.5129 -9.990e-29
 182.874832     -0.949   0.314282    13.3418    -1.9417     -0.941     0.1955    -0.5128 -9.990e-29
 182.874838     -0.943   0.314202    13.3379    -1.9419     -0.935     0.1955    -0.5123 -9.990e-29
 182.874844     -0.935   0.314604    13.3343    -1.9421     -0.927     0.1957    -0.5116 -9.990e-29
 182.874850     -0.927   0.314912    13.3303    -1.9421     -0.919     0.1960    -0.5109 -9.990e-29
 182.874855     -0.920   0.314984    13.3246    -1.9422     -0.912     0.1960    -0.5101 -9.990e-29
 182.874861     -0.912   0.314915    13.3179    -1.9420     -0.904     0.1960    -0.5092 -9.990e-29
 182.874867     -0.904   0.314611    13.3122    -1.9420     -0.896     0.1958    -0.5086 -9.990e-29
 182.874873     -0.899   0.314222    13.3071    -1.9418     -0.891     0.1956    -0.5081 -9.990e-29
 182.874878     -0.897   0.314339    13.3016    -1.9416     -0.890     0.1957    -0.5073 -9.990e-29
 182.874884     -0.889   0.315119    13.2963    -1.9417     -0.882     0.1962    -0.5062 -9.990e-29
 182.874890     -0.875   0.315936    13.2918    -1.9419     -0.868     0.1968    -0.5052 -9.990e-29
 182.874896     -0.862   0.316214    13.2886    -1.9420     -0.855     0.1970    -0.5047 -9.990e-29
 182.874902     -0.853   0.315767    13.2867    -1.9419     -0.846     0.1967    -0.5046 -9.990e-29
 182.874907     -0.849   0.315109    13.2862    -1.9422     -0.842     0.1963    -0.5049 -9.990e-29
 182.874913     -0.849   0.315029    13.2876    -1.9424     -0.842     0.1962    -0.5051 -9.990e-29
 182.874919     -0.849   0.315419    13.2903    -1.9425     -0.842     0.1965    -0.5053 -9.990e-29
 182.874925     -0.844   0.315689    13.2933    -1.9431     -0.837     0.1966    -0.5056 -9.990e-29
 182.874931     -0.838   0.315642    13.2951    -1.9434     -0.831     0.1966    -0.5058 -9.990e-29
 182.874936     -0.836   0.315771    13.2943    -1.9438     -0.829     0.1967    -0.5056 -9.990e-29
 182.874942     -0.837   0.316249    13.2917    -1.9440     -0.830     0.1970    -0.5051 -9.990e-29
 182.874948     -0.836   0.316601    13.2896    -1.9442     -0.829     0.1972    -0.5046 -9.990e-29
 182.874954     -0.830   0.316743    13.2873    -1.9441     -0.823     0.1973    -0.5042 -9.990e-29
 182.874959     -0.823   0.316864    13.2836    -1.9441     -0.816     0.1974    -0.5037 -9.990e-29
 182.874965     -0.818   0.317124    13.2790    -1.9444     -0.811     0.1976    -0.5029 -9.990e-29
 182.874971     -0.815   0.317313    13.2728    -1.9449     -0.808     0.1978    -0.5020 -9.990e-29
 182.874977     -0.814   0.317130    13.2648    -1.9456     -0.807     0.1977    -0.5010 -9.990e-29
 182.874983     -0.814   0.316884    13.2566    -1.9461     -0.807     0.1976    -0.5000 -9.990e-29
 182.874988     -0.816   0.316804    13.2492    -1.9467     -0.809     0.1975    -0.4991 -9.990e-29
 182.874994     -0.820   0.316781    13.2435    -1.9472     -0.813     0.1976    -0.4983 -9.990e-29
 182.875000     -0.822   0.316785    13.2401    -1.9475     -0.815     0.1976    -0.4979 -9.990e-29
 182.875006     -0.818   0.316822    13.2381    -1.9477     -0.811     0.1976    -0.4976 -9.990e-29
 182.875012     -0.811   0.316940    13.2350    -1.9477     -0.804     0.1977    -0.4971 -9.990e-29
 182.875017     -0.805   0.317297    13.2285    -1.9475     -0.798     0.1980    -0.4961 -9.990e-29
 182.875023     -0.801   0.317813    13.2182    -1.9472     -0.794     0.1983    -0.4944 -9.990e-29
 182.875029     -0.798   0.318065    13.2058    -1.9470     -0.791     0.1986    -0.4926 -9.990e-29
 182.875035     -0.796   0.317832    13.1932    -1.9466     -0.789     0.1985    -0.4911 -9.990e-29
 182.875041     -0.794   0.317360    13.1811    -1.9463     -0.787     0.1982    -0.4897 -9.990e-29
 182.875046     -0.792   0.317127    13.1708    -1.9458     -0.785     0.1981    -0.4884 -9.990e-29
 182.875052     -0.791   0.317379    13.1636    -1.9456     -0.784     0.1983    -0.4874 -9.990e-29
 182.875058     -0.790   0.317895    13.1600    -1.9454     -0.783     0.1987    -0.4866 -9.990e-29
 182.875064     -0.789   0.318254    13.1601    -1.9453     -0.782     0.1989    -0.4865 -9.990e-29
 182.875069     -0.789   0.318379    13.1632    -1.9454     -0.782     0.1990    -0.4868 -9.990e-29
 182.875075     -0.788   0.318436    13.1680    -1.9454     -0.781     0.1990    -0.4874 -9.990e-29
 182.875081     -0.788   0.318499    13.1741    -1.9452     -0.781     0.1990    -0.4882 -9.990e-29
 182.875087     -0.788   0.318653    13.1814    -1.9447     -0.781     0.1991    -0.4891 -9.990e-29
 182.875093     -0.787   0.319102    13.1893    -1.9443     -0.780     0.1993    -0.4899 -9.990e-29
 182.875098     -0.787   0.319891    13.1970    -1.9442     -0.780     0.1998    -0.4906 -9.990e-29
 182.875104     -0.787   0.320406    13.2034    -1.9443     -0.780     0.2001    -0.4912 -9.990e-29
 182.875110     -0.787   0.320222    13.2076    -1.9444     -0.780     0.1999    -0.4918 -9.990e-29
 182.875116     -0.786   0.319648    13.2095    -1.9445     -0.779     0.1996    -0.4923 -9.990e-29
 182.875122     -0.786   0.319029    13.2105    -1.9446     -0.779     0.1992    -0.4928 -9.990e-29
 182.875127     -0.786   0.318650    13.2129    -1.9446     -0.779     0.1989    -0.4933 -9.990e-29
 182.875133     -0.786   0.318559    13.2179    -1.9441     -0.779     0.1988    -0.4940 -9.990e-29
 182.875139     -0.785   0.318635    13.2249    -1.9439     -0.778     0.1988    -0.4949 -9.990e-29
 182.875145     -0.785   0.318978    13.2311    -1.9438     -0.778     0.1990    -0.4956 -9.990e-29
 182.875150     -0.784   0.319489    13.2341    -1.9433     -0.777     0.1993    -0.4957 -9.990e-29
 182.875156     -0.783   0.319741    13.2340    -1.9427     -0.776     0.1995    -0.4956 -9.990e-29
 182.875162     -0.782   0.319512    13.2326    -1.9421     -0.775     0.1994    -0.4955 -9.990e-29
 182.875168     -0.781   0.319053    13.2310    -1.9415     -0.774     0.1991    -0.4955 -9.990e-29
 182.875174     -0.779   0.318861    13.2305    -1.9414     -0.773     0.1989    -0.4955 -9.990e-29
 182.875179     -0.776   0.319236    13.2327    -1.9414     -0.770     0.1992    -0.4957 -9.990e-29
 182.875185     -0.773   0.320122    13.2376    -1.9418     -0.767     0.1997    -0.4959 -9.990e-29
 182.875191     -0.770   0.321034    13.2433    -1.9421     -0.764     0.2003    -0.4962 -9.990e-29
 182.875197     -0.765   0.321522    13.2500    -1.9416     -0.759     0.2005    -0.4968 -9.990e-29
 182.875203     -0.758   0.321682    13.2598    -1.9413     -0.752     0.2006    -0.4981 -9.990e-29
 182.875208     -0.750   0.321728    13.2722    -1.9404     -0.744     0.2006    -0.4997 -9.990e-29
 182.875214     -0.743   0.321720    13.2844    -1.9386     -0.737     0.2005    -0.5014 -9.990e-29
 182.875220     -0.743   0.321645    13.2935    -1.9378     -0.737     0.2004    -0.5026 -9.990e-29
 182.875226     -0.744   0.321404    13.2977    -1.9376     -0.738     0.2002    -0.5033 -9.990e-29
 182.875231     -0.742   0.321231    13.2974    -1.9377     -0.736     0.2001    -0.5034 -9.990e-29
 182.875237     -0.737   0.321448    13.2950    -1.9377     -0.731     0.2003    -0.5029 -9.990e-29
 182.875243     -0.729   0.321789    13.2949    -1.9381     -0.723     0.2005    -0.5027 -9.990e-29
 182.875249     -0.722   0.322153    13.3005    -1.9384     -0.716     0.2007    -0.5033 -9.990e-29
 182.875255     -0.719   0.323027    13.3126    -1.9386     -0.713     0.2012    -0.5045 -9.990e-29
 182.875260     -0.716   0.324464    13.3327    -1.9384     -0.710     0.2020    -0.5065 -9.990e-29
 182.875266     -0.712   0.325604    13.3565    -1.9380     -0.706     0.2026    -0.5092 -9.990e-29
 182.875272     -0.713   0.325745    13.3747    -1.9376     -0.707     0.2026    -0.5116 -9.990e-29
 182.875278     -0.713   0.325077    13.3833    -1.9371     -0.707     0.2022    -0.5131 -9.990e-29
 182.875284     -0.712   0.324372    13.3851    -1.9367     -0.706     0.2017    -0.5137 -9.990e-29
 182.875289     -0.716   0.324356    13.3831    -1.9365     -0.710     0.2017    -0.5134 -9.990e-29
 182.875295     -0.719   0.325007    13.3790    -1.9363     -0.713     0.2021    -0.5125 -9.990e-29
 182.875301     -0.718   0.325528    13.3746    -1.9362     -0.712     0.2025    -0.5117 -9.990e-29
 182.875307     -0.716   0.325502    13.3726    -1.9360     -0.710     0.2025    -0.5114 -9.990e-29
 182.875313     -0.719   0.325450    13.3751    -1.9357     -0.713     0.2024    -0.5118 -9.990e-29
 182.875318     -0.722   0.325857    13.3819    -1.9353     -0.716     0.2027    -0.5125 -9.990e-29
 182.875324     -0.720   0.326711    13.3912    -1.9351     -0.714     0.2032    -0.5133 -9.990e-29
 182.875330     -0.714   0.327482    13.4010    -1.9351     -0.708     0.2036    -0.5143 -9.990e-29
 182.875336     -0.708   0.327535    13.4090    -1.9348     -0.702     0.2036    -0.5153 -9.990e-29
 182.875341     -0.706   0.326938    13.4146    -1.9337     -0.700     0.2032    -0.5164 -9.990e-29
 182.875347     -0.703   0.326563    13.4194    -1.9320     -0.697     0.2029    -0.5172 -9.990e-29
 182.875353     -0.694   0.327017    13.4241    -1.9311     -0.688     0.2032    -0.5177 -9.990e-29
 182.875359     -0.684   0.327797    13.4294    -1.9314     -0.678     0.2037    -0.5180 -9.990e-29
 182.875365     -0.676   0.328274    13.4357    -1.9317     -0.670     0.2039    -0.5186 -9.990e-29
 182.875370     -0.669   0.328529    13.4420    -1.9318     -0.663     0.2041    -0.5194 -9.990e-29
 182.875376     -0.663   0.328903    13.4475    -1.9315     -0.657     0.2043    -0.5199 -9.990e-29
 182.875382     -0.653   0.329340    13.4546    -1.9313     -0.648     0.2045    -0.5207 -9.990e-29
 182.875388     -0.640   0.329309    13.4676    -1.9309     -0.635     0.2044    -0.5225 -9.990e-29
 182.875394     -0.630   0.328770    13.4885    -1.9300     -0.625     0.2040    -0.5256 -9.990e-29
 182.875399     -0.627   0.328113    13.5116    -1.9288     -0.622     0.2034    -0.5291 -9.990e-29
 182.875405     -0.631   0.327574    13.5270    -1.9281     -0.626     0.2030    -0.5315 -9.990e-29
 182.875411     -0.637   0.327543    13.5316    -1.9276     -0.632     0.2030    -0.5321 -9.990e-29
 182.875417     -0.639   0.327977    13.5313    -1.9268     -0.634     0.2033    -0.5319 -9.990e-29
 182.875422     -0.635   0.328344    13.5318    -1.9264     -0.630     0.2035    -0.5318 -9.990e-29
 182.875428     -0.635   0.328580    13.5352    -1.9262     -0.630     0.2036    -0.5321 -9.990e-29
 182.875434     -0.637   0.328998    13.5423    -1.9262     -0.632     0.2039    -0.5329 -9.990e-29
 182.875440     -0.635   0.329601    13.5546    -1.9263     -0.630     0.2042    -0.5343 -9.990e-29
 182.875446     -0.627   0.330081    13.5726    -1.9260     -0.622     0.2044    -0.5365 -9.990e-29
 182.875451     -0.622   0.330523    13.5926    -1.9261     -0.617     0.2046    -0.5391 -9.990e-29
 182.875457     -0.623   0.330959    13.6102    -1.9272     -0.618     0.2048    -0.5413 -9.990e-29
 182.875463     -0.626   0.330861    13.6255    -1.9288     -0.621     0.2046    -0.5435 -9.990e-29
 182.875469     -0.624   0.330099    13.6394    -1.9307     -0.619     0.2041    -0.5458 -9.990e-29
 182.875475     -0.616   0.329320    13.6498    -1.9326     -0.611     0.2035    -0.5476 -9.990e-29
 182.875480     -0.610   0.329153    13.6553    -1.9350     -0.605     0.2034    -0.5484 -9.990e-29
 182.875486     -0.609   0.329374    13.6570    -1.9371     -0.604     0.2035    -0.5486 -9.990e-29
 182.875492     -0.615   0.329165    13.6572    -1.9388     -0.610     0.2034    -0.5487 -9.990e-29
 182.875498     -0.622   0.328249    13.6552    -1.9400     -0.617     0.2028    -0.5489 -9.990e-29
 182.875503     -0.627   0.327067    13.6454    -1.9409     -0.622     0.2021    -0.5481 -9.990e-29
 182.875509     -0.627   0.326264    13.6232    -1.6062     -0.622     0.2017    -0.5454 -9.990e-29
 182.875515     -0.616   0.326435    13.5896    -1.6631     -0.611     0.2020    -0.5407 -9.990e-29
 182.875521     -0.598   0.328363    13.5484    -1.6872     -0.593     0.2034    -0.5340 -9.990e-29
 182.875527     -0.577   0.333509    13.5020    -1.6871     -0.572     0.2069    -0.5251 -9.990e-29
 182.875532     -0.552   0.345956    13.4518    -1.6852     -0.547     0.2151    -0.5121 -9.990e-29
 182.875538     -0.520   0.380078    13.3998    -1.6835     -0.516     0.2372    -0.4880 -9.990e-29
 182.875544     -0.484   0.480261    13.3415    -1.6847     -0.480     0.3021    -0.4297 -9.990e-29
 182.875550     -0.446   0.778973    13.2514    -1.6893     -0.442     0.4997    -0.2642 -9.990e-29
 182.875556     -0.403   1.674495    13.0485    -1.6927     -0.400     1.1180     0.2425 -9.990e-29
 182.875561     -0.352   4.362522    12.4967    -1.6922     -0.349     3.1228     1.8675 -9.990e-29
 182.875567     -0.287  12.429309    11.5821    -1.6892     -0.285     9.8383     7.1805 -9.990e-29
 182.875573     -0.204  24.505321    10.7850    -1.6888     -0.202    21.0431    15.9662 -9.990e-29
 182.875579     -0.117  32.537142    10.3911    -1.6857     -0.116    29.0656    22.2598 -9.990e-29
 182.875584     -0.047  35.279277    10.2639    -1.6910     -0.047    31.9051    24.4924 -9.990e-29
 182.875590      0.001  36.310953    10.2360    -1.6933      0.001    32.9691    25.3267 -9.990e-29
 182.875596      0.035  36.701747    10.2100    -1.6883      0.035    33.3880    25.6578 -9.990e-29
 182.875602      0.066  36.798434    10.1624    -1.6890      0.065    33.5299    25.7766 -9.990e-29
 182.875608      0.095  36.761277    10.1260    -1.6908      0.094    33.5259    25.7797 -9.990e-29
 182.875613      0.117  36.675730    10.1295    -1.6915      0.116    33.4359    25.7089 -9.990e-29
 182.875619      0.127  36.601370    10.1575    -1.6926      0.126    33.3346    25.6251 -9.990e-29
 182.875625      0.132  36.572350    10.1654    -1.6920      0.131    33.2980    25.5952 -9.990e-29
 182.875631      0.139  36.584680    10.1317    -1.6913      0.138    33.3415    25.6348 -9.990e-29
 182.875637      0.154  36.655336    10.0845    -1.6906      0.153    33.4567    25.7328 -9.990e-29
 182.875642      0.174  36.747947    10.0614    -1.6918      0.173    33.5723    25.8268 -9.990e-29
 182.875648      0.190  36.761279    10.0716    -1.6927      0.188    33.5763    25.8283 -9.990e-29
 182.875654      0.200  36.757886    10.1002    -1.6918      0.198    33.5463    25.8000 -9.990e-29
