data/oxygen options/ONMS/Olympic_Coast_National_Marine_Sanctuary_CTD_Data_2005_2023/raw_data/2016/CAST_TH042_160906faedb.cnv
* Sea-Bird SBE19 Data File:
* FileName = C:\2016 Mooring Data\Casts\Data\CAST_TH042_160906.hex
* Software Version 1.59
* Temperature SN = 2997
* Conductivity SN = 2997
* System UpLoad Time = Sep 06 2016 22:58:22
** CAST_TH042_160906
* ds
# nquan = 9
# nvalues = 43                          
# units = specified
# name 0 = timeJ: Julian Days
# name 1 = prSM: Pressure, Strain Gauge [db]
# name 2 = c0mS/cm: Conductivity [mS/cm]
# name 3 = t090C: Temperature [ITS-90, deg C]
# name 4 = sbeox0ML/L: Oxygen, SBE 43 [ml/l]
# name 5 = depSM: Depth [salt water, m], lat = 47.5
# name 6 = sal00: Salinity, Practical [PSU]
# name 7 = sigma-é00: Density [sigma-theta, kg/m^3]
# name 8 = flag: flag
# span 0 = 250.900461, 250.901833       
# span 1 =      1.000,     43.000       
# span 2 =  35.087868,  39.069753       
# span 3 =     8.0982,    14.2212       
# span 4 =     1.4184,     6.2639       
# span 5 =      0.991,     42.637       
# span 6 =    32.1540,    33.6864       
# span 7 =    23.9432,    26.2284       
# span 8 = 0.0000e+00, 0.0000e+00       
# interval = decibars: 1                
# start_time = Sep 06 2016 21:30:01 [Instrument's time stamp, header]
# bad_flag = -9.990e-29
*END*
 250.900461      1.000  39.069753    14.2212     6.2639      0.991    32.1540    23.9432 0.0000e+00
 250.900496      2.000  38.974751    14.0576     6.1982      1.983    32.2029    24.0146 0.0000e+00
 250.900529      3.000  38.847591    13.7853     6.2053      2.975    32.3137    24.1559 0.0000e+00
 250.900558      4.000  38.798838    13.6984     6.1900      3.967    32.3415    24.1951 0.0000e+00
 250.900585      5.000  38.812009    13.6988     6.1707      4.958    32.3529    24.2038 0.0000e+00
 250.900613      6.000  38.805795    13.6728     6.1389      5.950    32.3688    24.2214 0.0000e+00
 250.900641      7.000  38.795039    13.6180     6.1136      6.942    32.4048    24.2604 0.0000e+00
 250.900668      8.000  38.785192    13.5663     6.1080      7.933    32.4391    24.2973 0.0000e+00
 250.900697      9.000  38.781964    13.5449     6.1002      8.925    32.4539    24.3130 0.0000e+00
 250.900727     10.000  38.787618    13.5300     6.0778      9.916    32.4713    24.3295 0.0000e+00
 250.900757     11.000  38.805893    13.4984     6.0440     10.908    32.5149    24.3696 0.0000e+00
 250.900787     12.000  38.805360    13.4439     5.9983     11.899    32.5604    24.4158 0.0000e+00
 250.900820     13.000  38.770928    13.3883     5.9684     12.891    32.5754    24.4385 0.0000e+00
 250.900853     14.000  38.752949    13.3139     5.9455     13.883    32.6218    24.4893 0.0000e+00
 250.900886     15.000  38.768874    13.2904     5.9329     14.874    32.6566    24.5209 0.0000e+00
 250.900918     16.000  38.796851    13.2566     5.8829     15.866    32.7114    24.5701 0.0000e+00
 250.900950     17.000  38.811643    13.2061     5.7931     16.857    32.7684    24.6243 0.0000e+00
 250.900982     18.000  38.774660    13.1004     5.7120     17.849    32.8245    24.6886 0.0000e+00
 250.901015     19.000  38.710652    12.9997     5.4856     18.841    32.8509    24.7290 0.0000e+00
 250.901049     20.000  38.478442    12.6543     4.7686     19.832    32.9309    24.8582 0.0000e+00
 250.901084     21.000  37.905922    11.8572     4.5653     20.824    33.0820    25.1266 0.0000e+00
 250.901121     22.000  37.671600    11.5057     4.3838     21.815    33.1668    25.2576 0.0000e+00
 250.901153     23.000  37.504165    11.2735     4.3769     22.807    33.2104    25.3336 0.0000e+00
 250.901193     24.000  37.493644    11.1989     4.1179     23.798    33.2669    25.3911 0.0000e+00
 250.901224     25.000  37.286317    10.9773     3.9939     24.790    33.2617    25.4266 0.0000e+00
 250.901265     26.000  36.990643    10.5051     2.9456     25.781    33.3967    25.6139 0.0000e+00
 250.901304     27.000  36.300963     9.7824     2.2096     26.773    33.3644    25.7114 0.0000e+00
 250.901338     28.000  35.728924     8.9264     2.2160     27.764    33.5728    26.0131 0.0000e+00
 250.901381     29.000  35.785581     8.9755     2.0738     28.756    33.5854    26.0148 0.0000e+00
 250.901408     30.000  35.562253     8.7395     2.1216     29.748    33.5747    26.0435 0.0000e+00
 250.901453     31.000  35.585857     8.7542     2.0284     30.739    33.5851    26.0492 0.0000e+00
 250.901485     32.000  35.564846     8.7335     2.0263     31.730    33.5822    26.0501 0.0000e+00
 250.901518     33.000  35.545240     8.7070     2.0120     32.722    33.5863    26.0574 0.0000e+00
 250.901548     34.000  35.523715     8.6889     1.9586     33.713    33.5804    26.0556 0.0000e+00
 250.901578     35.000  35.492331     8.6369     1.8189     34.705    33.5963    26.0762 0.0000e+00
 250.901605     36.000  35.442997     8.5655     1.7671     35.696    33.6118    26.0993 0.0000e+00
 250.901635     37.000  35.406408     8.5254     1.6687     36.688    33.6109    26.1048 0.0000e+00
 250.901670     38.000  35.271081     8.3126     1.5766     37.679    33.6706    26.1838 0.0000e+00
 250.901700     39.000  35.176451     8.2223     1.5129     38.671    33.6562    26.1861 0.0000e+00
 250.901733     40.000  35.113486     8.1357     1.4815     39.662    33.6717    26.2112 0.0000e+00
 250.901766     41.000  35.091891     8.1039     1.4478     40.654    33.6788    26.2215 0.0000e+00
 250.901795     42.000  35.087868     8.0988     1.4474     41.645    33.6789    26.2223 0.0000e+00
 250.901833     43.000  35.094772     8.0982     1.4184     42.637    33.6864    26.2284 0.0000e+00
