data/oxygen options/ONMS/Olympic_Coast_National_Marine_Sanctuary_CTD_Data_2005_2023/raw_data/2016/CAST_TH015_160628faed.cnv
* Sea-Bird SBE19 Data File:
* FileName = C:\2016 Mooring Data\Casts\Data\CAST_TH015_160628.hex
* Software Version 1.59
* Temperature SN = 2997
* Conductivity SN = 2997
* System UpLoad Time = Jun 28 2016 21:56:22
** CAST_TH015_160628
* ds
# nquan = 9                                 
# nvalues = 1000                        
# units = specified
# name 0 = timeJ: Julian Days
# name 1 = prSM: Pressure, Strain Gauge [db]
# name 2 = c0mS/cm: Conductivity [mS/cm]
# name 3 = t090C: Temperature [ITS-90, deg C]
# name 4 = sbeox0ML/L: Oxygen, SBE 43 [ml/l]
# name 5 = depSM: Depth [salt water, m], lat = 47.5
# name 6 = sal00: Salinity, Practical [PSU]
# name 7 = sigma-é00: Density [sigma-theta, kg/m^3]
# name 8 = flag: flag
# span 0 = 180.905220, 180.911001       
# span 1 =     -5.327,     13.921       
# span 2 =   0.346135,  36.973861       
# span 3 =     8.2545,    15.3175       
# span 4 =    -1.8770,    14.3220       
# span 5 =     -5.283,     13.804       
# span 6 =     0.2065,    33.4201       
# span 7 =    -0.7860,    25.9953       
# span 8 = 0.0000e+00, 0.0000e+00       
# interval = seconds: 0.5
# start_time = Jun 28 2016 21:43:31 [Instrument's time stamp, header]
# bad_flag = -9.990e-29
*END*
[from data line 161]
 180.906152     -1.983   0.360224    15.0818    -1.8652     -1.966     0.2155    -0.7442 -9.990e-29
 180.906157     -1.960   0.359572    15.0853    -1.8650     -1.944     0.2151    -0.7451 -9.990e-29
 180.906163     -1.942   0.359887    15.0872    -1.8649     -1.926     0.2153    -0.7452 -9.990e-29
 180.906169     -1.929   0.361032    15.0883    -1.8650     -1.913     0.2160    -0.7449 -9.990e-29
 180.906175     -1.921   0.361757    15.0922    -1.8651     -1.905     0.2164    -0.7451 -9.990e-29
 180.906181     -1.916   0.361361    15.1013    -1.8648     -1.900     0.2161    -0.7467 -9.990e-29
 180.906186     -1.915   0.360427    15.1130    -1.8648     -1.899     0.2155    -0.7490 -9.990e-29
 180.906192     -1.912   0.359929    15.1239    -1.8650     -1.896     0.2151    -0.7510 -9.990e-29
 180.906198     -1.904   0.360313    15.1331    -1.8650     -1.888     0.2153    -0.7522 -9.990e-29
 180.906204     -1.894   0.360980    15.1407    -1.8653     -1.878     0.2157    -0.7531 -9.990e-29
 180.906209     -1.886   0.361154    15.1460    -1.8660     -1.870     0.2157    -0.7538 -9.990e-29
 180.906215     -1.880   0.361065    15.1482    -1.8661     -1.864     0.2157    -0.7542 -9.990e-29
 180.906221     -1.874   0.361151    15.1484    -1.8657     -1.858     0.2157    -0.7542 -9.990e-29
 180.906227     -1.870   0.360970    15.1489    -1.8654     -1.854     0.2156    -0.7544 -9.990e-29
 180.906233     -1.865   0.360280    15.1502    -1.8651     -1.849     0.2152    -0.7549 -9.990e-29
 180.906238     -1.861   0.359825    15.1502    -1.8648     -1.845     0.2149    -0.7551 -9.990e-29
 180.906244     -1.856   0.360107    15.1484    -1.8651     -1.841     0.2151    -0.7547 -9.990e-29
 180.906250     -1.851   0.360391    15.1447    -1.8657     -1.836     0.2153    -0.7540 -9.990e-29
 180.906256     -1.845   0.359945    15.1380    -1.8663     -1.830     0.2151    -0.7532 -9.990e-29
 180.906262     -1.838   0.359286    15.1307    -1.8668     -1.823     0.2147    -0.7523 -9.990e-29
 180.906267     -1.829   0.359199    15.1282    -1.8670     -1.814     0.2146    -0.7520 -9.990e-29
 180.906273     -1.818   0.359567    15.1319    -1.8673     -1.803     0.2149    -0.7524 -9.990e-29
 180.906279     -1.805   0.359769    15.1382    -1.8676     -1.790     0.2149    -0.7533 -9.990e-29
 180.906285     -1.787   0.359520    15.1438    -1.8682     -1.772     0.2148    -0.7543 -9.990e-29
 180.906291     -1.769   0.359040    15.1452    -1.8695     -1.754     0.2145    -0.7547 -9.990e-29
 180.906296     -1.753   0.358801    15.1402    -1.8702     -1.738     0.2143    -0.7540 -9.990e-29
 180.906302     -1.735   0.359038    15.1302    -1.8709     -1.721     0.2145    -0.7524 -9.990e-29
 180.906308     -1.712   0.359511    15.1181    -1.8718     -1.698     0.2149    -0.7502 -9.990e-29
 180.906314     -1.693   0.359738    15.1072    -1.8724     -1.679     0.2151    -0.7484 -9.990e-29
 180.906319     -1.676   0.359469    15.0986    -1.8729     -1.662     0.2150    -0.7472 -9.990e-29
 180.906325     -1.655   0.358898    15.0903    -1.8730     -1.641     0.2147    -0.7462 -9.990e-29
 180.906331     -1.638   0.358373    15.0785    -1.8728     -1.624     0.2144    -0.7446 -9.990e-29
 180.906337     -1.632   0.358304    15.0606    -1.8726     -1.618     0.2144    -0.7418 -9.990e-29
 180.906343     -1.633   0.359153    15.0388    -1.8722     -1.619     0.2151    -0.7380 -9.990e-29
 180.906348     -1.633   0.360386    15.0181    -1.8721     -1.619     0.2159    -0.7342 -9.990e-29
 180.906354     -1.626   0.360871    14.9992    -1.8721     -1.612     0.2163    -0.7310 -9.990e-29
 180.906360     -1.616   0.360699    14.9814    -1.8718     -1.603     0.2163    -0.7284 -9.990e-29
 180.906366     -1.608   0.360749    14.9665    -1.8715     -1.595     0.2164    -0.7260 -9.990e-29
 180.906372     -1.601   0.361087    14.9566    -1.8713     -1.588     0.2167    -0.7243 -9.990e-29
 180.906377     -1.595   0.361052    14.9529    -1.8716     -1.582     0.2167    -0.7238 -9.990e-29
 180.906383     -1.588   0.360598    14.9545    -1.8726     -1.575     0.2164    -0.7242 -9.990e-29
 180.906389     -1.581   0.360229    14.9592    -1.8735     -1.568     0.2161    -0.7251 -9.990e-29
 180.906395     -1.573   0.360007    14.9646    -1.8733     -1.560     0.2160    -0.7261 -9.990e-29
 180.906400     -1.563   0.359636    14.9692    -1.8730     -1.550     0.2157    -0.7270 -9.990e-29
 180.906406     -1.552   0.359176    14.9732    -1.8728     -1.539     0.2154    -0.7278 -9.990e-29
 180.906412     -1.542   0.359122    14.9776    -1.8727     -1.529     0.2154    -0.7285 -9.990e-29
 180.906418     -1.537   0.359402    14.9816    -1.8724     -1.524     0.2155    -0.7290 -9.990e-29
 180.906424     -1.533   0.359279    14.9816    -1.8717     -1.520     0.2154    -0.7291 -9.990e-29
 180.906429     -1.525   0.358587    14.9739    -1.8713     -1.512     0.2151    -0.7282 -9.990e-29
 180.906435     -1.512   0.358068    14.9602    -1.8710     -1.499     0.2148    -0.7263 -9.990e-29
 180.906441     -1.495   0.358142    14.9490    -1.8714     -1.483     0.2149    -0.7246 -9.990e-29
 180.906447     -1.471   0.358351    14.9462    -1.8713     -1.459     0.2151    -0.7240 -9.990e-29
 180.906453     -1.443   0.358416    14.9495    -1.8715     -1.431     0.2151    -0.7245 -9.990e-29
 180.906458     -1.418   0.358424    14.9545    -1.8717     -1.406     0.2151    -0.7253 -9.990e-29
 180.906464     -1.400   0.358383    14.9604    -1.8717     -1.388     0.2150    -0.7262 -9.990e-29
 180.906470     -1.386   0.358238    14.9689    -1.8719     -1.374     0.2149    -0.7276 -9.990e-29
 180.906476     -1.376   0.357797    14.9794    -1.8718     -1.365     0.2145    -0.7294 -9.990e-29
 180.906481     -1.369   0.357024    14.9881    -1.8715     -1.358     0.2140    -0.7311 -9.990e-29
 180.906487     -1.365   0.356554    14.9917    -1.8715     -1.354     0.2137    -0.7319 -9.990e-29
 180.906493     -1.364   0.356871    14.9910    -1.8716     -1.353     0.2139    -0.7317 -9.990e-29
 180.906499     -1.365   0.357287    14.9890    -1.8728     -1.354     0.2142    -0.7312 -9.990e-29
 180.906505     -1.368   0.357246    14.9864    -1.8736     -1.357     0.2142    -0.7308 -9.990e-29
 180.906510     -1.375   0.357246    14.9833    -1.8733     -1.364     0.2142    -0.7303 -9.990e-29
 180.906516     -1.384   0.357287    14.9808    -1.8731     -1.372     0.2142    -0.7299 -9.990e-29
 180.906522     -1.389   0.356866    14.9797    -1.8732     -1.377     0.2140    -0.7299 -9.990e-29
 180.906528     -1.380   0.356533    14.9806    -1.8727     -1.368     0.2138    -0.7302 -9.990e-29
 180.906534     -1.367   0.356955    14.9822    -1.8721     -1.356     0.2140    -0.7303 -9.990e-29
 180.906539     -1.356   0.357583    14.9810    -1.8714     -1.345     0.2144    -0.7298 -9.990e-29
 180.906545     -1.347   0.357587    14.9733    -1.8711     -1.336     0.2145    -0.7286 -9.990e-29
 180.906551     -1.340   0.356973    14.9595    -1.8709     -1.329     0.2141    -0.7267 -9.990e-29
 180.906557     -1.333   0.356585    14.9480    -1.8706     -1.322     0.2140    -0.7251 -9.990e-29
 180.906563     -1.327   0.357016    14.9449    -1.8704     -1.316     0.2142    -0.7245 -9.990e-29
 180.906568     -1.321   0.357731    14.9468    -1.8706     -1.310     0.2147    -0.7244 -9.990e-29
 180.906574     -1.315   0.358016    14.9511    -1.8707     -1.304     0.2148    -0.7249 -9.990e-29
 180.906580     -1.309   0.357695    14.9599    -1.8707     -1.298     0.2146    -0.7265 -9.990e-29
 180.906586     -1.301   0.356896    14.9723    -1.8708     -1.290     0.2140    -0.7288 -9.990e-29
 180.906591     -1.292   0.356217    14.9849    -1.8707     -1.281     0.2136    -0.7310 -9.990e-29
 180.906597     -1.280   0.356417    14.9950    -1.8705     -1.269     0.2136    -0.7325 -9.990e-29
 180.906603     -1.266   0.357208    15.0022    -1.8704     -1.255     0.2141    -0.7332 -9.990e-29
 180.906609     -1.252   0.357422    15.0076    -1.8701     -1.242     0.2142    -0.7340 -9.990e-29
 180.906615     -1.242   0.356789    15.0106    -1.8694     -1.232     0.2138    -0.7347 -9.990e-29
 180.906620     -1.231   0.356129    15.0106    -1.8689     -1.221     0.2134    -0.7351 -9.990e-29
 180.906626     -1.219   0.356228    15.0095    -1.8684     -1.209     0.2134    -0.7348 -9.990e-29
 180.906632     -1.212   0.356662    15.0086    -1.8678     -1.202     0.2137    -0.7345 -9.990e-29
 180.906638     -1.212   0.356344    15.0087    -1.8672     -1.202     0.2135    -0.7347 -9.990e-29
 180.906644     -1.208   0.355405    15.0106    -1.8665     -1.198     0.2129    -0.7354 -9.990e-29
 180.906649     -1.201   0.354813    15.0140    -1.8666     -1.191     0.2125    -0.7362 -9.990e-29
 180.906655     -1.195   0.355441    15.0193    -1.8666     -1.185     0.2129    -0.7367 -9.990e-29
 180.906661     -1.185   0.357016    15.0282    -1.8675     -1.175     0.2138    -0.7374 -9.990e-29
 180.906667     -1.170   0.357750    15.0406    -1.8675     -1.160     0.2142    -0.7390 -9.990e-29
 180.906672     -1.154   0.356958    15.0543    -1.8672     -1.144     0.2137    -0.7415 -9.990e-29
 180.906678     -1.135   0.355802    15.0682    -1.8669     -1.126     0.2129    -0.7442 -9.990e-29
 180.906684     -1.118   0.355517    15.0823    -1.8671     -1.109     0.2126    -0.7465 -9.990e-29
 180.906690     -1.104   0.356276    15.0958    -1.8672     -1.095     0.2130    -0.7483 -9.990e-29
 180.906696     -1.093   0.356869    15.1057    -1.8677     -1.084     0.2133    -0.7495 -9.990e-29
 180.906701     -1.085   0.356421    15.1091    -1.8679     -1.076     0.2130    -0.7503 -9.990e-29
 180.906707     -1.078   0.355443    15.1058    -1.8682     -1.069     0.2125    -0.7502 -9.990e-29
 180.906713     -1.073   0.354850    15.0991    -1.8679     -1.064     0.2121    -0.7495 -9.990e-29
 180.906719     -1.069   0.354962    15.0957    -1.8673     -1.060     0.2122    -0.7489 -9.990e-29
 180.906725     -1.066   0.355371    15.0974    -1.8668     -1.057     0.2125    -0.7489 -9.990e-29
 180.906730     -1.063   0.355512    15.0994    -1.8663     -1.054     0.2125    -0.7492 -9.990e-29
 180.906736     -1.061   0.355015    15.0985    -1.8659     -1.052     0.2122    -0.7493 -9.990e-29
 180.906742     -1.059   0.354328    15.0943    -1.8655     -1.050     0.2118    -0.7490 -9.990e-29
 180.906748     -1.057   0.354200    15.0882    -1.8652     -1.048     0.2118    -0.7481 -9.990e-29
 180.906753     -1.055   0.354459    15.0830    -1.8648     -1.046     0.2120    -0.7471 -9.990e-29
 180.906759     -1.053   0.354339    15.0815    -1.8645     -1.044     0.2119    -0.7469 -9.990e-29
 180.906765     -1.051   0.353681    15.0859    -1.8641     -1.042     0.2115    -0.7479 -9.990e-29
 180.906771     -1.048   0.353272    15.0955    -1.8640     -1.039     0.2112    -0.7496 -9.990e-29
 180.906777     -1.046   0.353675    15.1073    -1.8638     -1.037     0.2114    -0.7513 -9.990e-29
 180.906782     -1.042   0.354317    15.1191    -1.8634     -1.033     0.2117    -0.7528 -9.990e-29
 180.906788     -1.038   0.354387    15.1302    -1.8636     -1.029     0.2117    -0.7545 -9.990e-29
 180.906794     -1.032   0.353976    15.1402    -1.8634     -1.023     0.2114    -0.7563 -9.990e-29
 180.906800     -1.025   0.353646    15.1492    -1.8635     -1.016     0.2112    -0.7579 -9.990e-29
 180.906806     -1.016   0.353512    15.1581    -1.8632     -1.008     0.2110    -0.7593 -9.990e-29
 180.906811     -1.004   0.353395    15.1667    -1.8629     -0.996     0.2109    -0.7607 -9.990e-29
 180.906817     -0.994   0.353137    15.1742    -1.8625     -0.986     0.2107    -0.7620 -9.990e-29
 180.906823     -0.988   0.352949    15.1801    -1.8622     -0.980     0.2106    -0.7631 -9.990e-29
 180.906829     -0.986   0.353133    15.1852    -1.8619     -0.978     0.2107    -0.7638 -9.990e-29
 180.906834     -0.988   0.353380    15.1893    -1.8617     -0.980     0.2108    -0.7643 -9.990e-29
 180.906840     -0.990   0.353463    15.1916    -1.8622     -0.982     0.2108    -0.7646 -9.990e-29
 180.906846     -0.988   0.353491    15.1934    -1.8631     -0.980     0.2108    -0.7649 -9.990e-29
 180.906852     -0.982   0.353501    15.1963    -1.8644     -0.974     0.2108    -0.7653 -9.990e-29
 180.906858     -0.971   0.353505    15.2017    -1.8650     -0.963     0.2108    -0.7662 -9.990e-29
 180.906863     -0.954   0.353507    15.2095    -1.8649     -0.946     0.2108    -0.7674 -9.990e-29
 180.906869     -0.936   0.353508    15.2174    -1.8647     -0.928     0.2107    -0.7687 -9.990e-29
 180.906875     -0.922   0.353508    15.2242    -1.8642     -0.914     0.2107    -0.7697 -9.990e-29
 180.906881     -0.913   0.353507    15.2290    -1.8645     -0.905     0.2107    -0.7705 -9.990e-29
 180.906887     -0.904   0.353504    15.2281    -1.8651     -0.896     0.2107    -0.7704 -9.990e-29
 180.906892     -0.897   0.353492    15.2178    -1.8650     -0.890     0.2107    -0.7687 -9.990e-29
 180.906898     -0.898   0.353456    15.1993    -1.8647     -0.891     0.2108    -0.7658 -9.990e-29
 180.906904     -0.905   0.353347    15.1791    -1.8649     -0.897     0.2108    -0.7627 -9.990e-29
 180.906910     -0.916   0.353019    15.1658    -1.8653     -0.908     0.2107    -0.7608 -9.990e-29
 180.906916     -0.923   0.352588    15.1623    -1.8657     -0.915     0.2104    -0.7604 -9.990e-29
 180.906921     -0.916   0.352589    15.1648    -1.8655     -0.908     0.2104    -0.7608 -9.990e-29
 180.906927     -0.896   0.353021    15.1672    -1.8651     -0.889     0.2107    -0.7610 -9.990e-29
 180.906933     -0.875   0.353349    15.1649    -1.8649     -0.868     0.2109    -0.7605 -9.990e-29
 180.906939     -0.859   0.353454    15.1602    -1.8650     -0.852     0.2110    -0.7597 -9.990e-29
 180.906944     -0.848   0.353476    15.1583    -1.8654     -0.841     0.2110    -0.7594 -9.990e-29
 180.906950     -0.841   0.353444    15.1581    -1.8653     -0.834     0.2110    -0.7594 -9.990e-29
 180.906956     -0.837   0.353313    15.1550    -1.8650     -0.830     0.2109    -0.7589 -9.990e-29
 180.906962     -0.836   0.352909    15.1493    -1.8644     -0.829     0.2107    -0.7582 -9.990e-29
 180.906968     -0.835   0.352246    15.1456    -1.8640     -0.828     0.2103    -0.7580 -9.990e-29
 180.906973     -0.827   0.351552    15.1470    -1.8641     -0.820     0.2099    -0.7585 -9.990e-29
 180.906979     -0.818   0.351010    15.1513    -1.8648     -0.811     0.2095    -0.7594 -9.990e-29
 180.906985     -0.811   0.351006    15.1541    -1.8649     -0.804     0.2095    -0.7599 -9.990e-29
 180.906991     -0.806   0.351535    15.1531    -1.8651     -0.799     0.2098    -0.7595 -9.990e-29
 180.906997     -0.802   0.352190    15.1510    -1.8651     -0.795     0.2103    -0.7588 -9.990e-29
 180.907002     -0.798   0.352735    15.1526    -1.8648     -0.791     0.2106    -0.7588 -9.990e-29
 180.907008     -0.796   0.352784    15.1590    -1.8646     -0.789     0.2106    -0.7598 -9.990e-29
 180.907014     -0.794   0.352402    15.1673    -1.8643     -0.787     0.2103    -0.7613 -9.990e-29
 180.907020     -0.792   0.352188    15.1727    -1.8641     -0.785     0.2101    -0.7623 -9.990e-29
 180.907025     -0.791   0.352409    15.1713    -1.8641     -0.784     0.2103    -0.7619 -9.990e-29
 180.907031     -0.789   0.352807    15.1653    -1.8640     -0.782     0.2106    -0.7608 -9.990e-29
 180.907037     -0.788   0.352800    15.1598    -1.8637     -0.781     0.2106    -0.7599 -9.990e-29
 180.907043     -0.788   0.352379    15.1569    -1.8634     -0.781     0.2103    -0.7597 -9.990e-29
 180.907049     -0.787   0.352090    15.1574    -1.8631     -0.780     0.2102    -0.7599 -9.990e-29
 180.907054     -0.786   0.352104    15.1613    -1.8629     -0.779     0.2102    -0.7605 -9.990e-29
 180.907060     -0.785   0.352437    15.1667    -1.8633     -0.778     0.2103    -0.7612 -9.990e-29
 180.907066     -0.784   0.352979    15.1719    -1.8636     -0.777     0.2106    -0.7618 -9.990e-29
