data/oxygen options/ONMS/Olympic_Coast_National_Marine_Sanctuary_CTD_Data_2005_2023/raw_data/2016/CAST_CE042_160803faed.cnv
* Sea-Bird SBE19 Data File:
* FileName = C:\2016 Mooring Data\Casts\Data\CAST_CE042_160803.hex
* Software Version 1.59
* Temperature SN = 2997
* Conductivity SN = 2997
* System UpLoad Time = Aug 03 2016 20:32:19
** CAST_CE042_160803
* ds
# nquan = 9                                 
# nvalues = 1729                        
# units = specified
# name 0 = timeJ: Julian Days
# name 1 = prSM: Pressure, Strain Gauge [db]
# name 2 = c0mS/cm: Conductivity [mS/cm]
# name 3 = t090C: Temperature [ITS-90, deg C]
# name 4 = sbeox0ML/L: Oxygen, SBE 43 [ml/l]
# name 5 = depSM: Depth [salt water, m], lat = 47.5
# name 6 = sal00: Salinity, Practical [PSU]
# name 7 = sigma-é00: Density [sigma-theta, kg/m^3]
# name 8 = flag: flag
# span 0 = 216.780590, 216.790590       
# span 1 =     -5.008,     44.786       
# span 2 =   0.016620,  40.432503       
# span 3 =     7.6097,    17.3215       
# span 4 =    -1.8109,    19.1216       
# span 5 =     -4.966,     44.407       
# span 6 =     0.0150,    33.8029       
# span 7 =    -1.2686,    26.3911       
# span 8 = 0.0000e+00, 0.0000e+00       
# interval = seconds: 0.5
# start_time = Aug 03 2016 18:44:03 [Instrument's time stamp, header]
# bad_flag = -9.990e-29
*END*
[from data line 161]
 216.781522     -1.638   0.020530    16.7747    -1.8019     -1.624     0.0168    -1.1720 -9.990e-29
 216.781528     -1.624   0.020925    16.7847    -1.8023     -1.610     0.0170    -1.1735 -9.990e-29
 216.781534     -1.611   0.020913    16.7962    -1.8027     -1.598     0.0170    -1.1755 -9.990e-29
 216.781539     -1.600   0.020478    16.8076    -1.8035     -1.587     0.0168    -1.1776 -9.990e-29
 216.781545     -1.588   0.020148    16.8202    -1.8037     -1.575     0.0166    -1.1799 -9.990e-29
 216.781551     -1.577   0.020038    16.8347    -1.8036     -1.564     0.0166    -1.1824 -9.990e-29
 216.781557     -1.564   0.020001    16.8487    -1.8036     -1.551     0.0166    -1.1849 -9.990e-29
 216.781563     -1.553   0.019989    16.8588    -1.8033     -1.540     0.0166    -1.1866 -9.990e-29
 216.781568     -1.549   0.019985    16.8631    -1.8028     -1.536     0.0166    -1.1873 -9.990e-29
 216.781574     -1.545   0.019984    16.8617    -1.8026     -1.532     0.0166    -1.1871 -9.990e-29
 216.781580     -1.539   0.019984    16.8550    -1.8027     -1.526     0.0166    -1.1860 -9.990e-29
 216.781586     -1.529   0.019984    16.8443    -1.8030     -1.516     0.0166    -1.1841 -9.990e-29
 216.781591     -1.515   0.019984    16.8334    -1.8028     -1.502     0.0166    -1.1822 -9.990e-29
 216.781597     -1.496   0.019984    16.8272    -1.8026     -1.484     0.0166    -1.1812 -9.990e-29
 216.781603     -1.470   0.019985    16.8267    -1.8029     -1.458     0.0166    -1.1811 -9.990e-29
 216.781609     -1.441   0.019985    16.8299    -1.8033     -1.429     0.0166    -1.1816 -9.990e-29
 216.781615     -1.415   0.019985    16.8361    -1.8039     -1.403     0.0166    -1.1827 -9.990e-29
 216.781620     -1.395   0.019985    16.8433    -1.8040     -1.383     0.0166    -1.1839 -9.990e-29
 216.781626     -1.379   0.019985    16.8475    -1.8034     -1.367     0.0166    -1.1847 -9.990e-29
 216.781632     -1.366   0.019986    16.8474    -1.8028     -1.355     0.0166    -1.1846 -9.990e-29
 216.781638     -1.357   0.019986    16.8462    -1.8027     -1.346     0.0166    -1.1844 -9.990e-29
 216.781644     -1.349   0.019986    16.8467    -1.8030     -1.338     0.0166    -1.1845 -9.990e-29
 216.781649     -1.343   0.019986    16.8459    -1.8028     -1.332     0.0166    -1.1844 -9.990e-29
 216.781655     -1.338   0.019986    16.8407    -1.8028     -1.327     0.0166    -1.1835 -9.990e-29
 216.781661     -1.333   0.019987    16.8321    -1.8031     -1.322     0.0166    -1.1820 -9.990e-29
 216.781667     -1.330   0.019987    16.8247    -1.8031     -1.319     0.0166    -1.1807 -9.990e-29
 216.781672     -1.326   0.019987    16.8240    -1.8026     -1.315     0.0166    -1.1806 -9.990e-29
 216.781678     -1.323   0.019987    16.8312    -1.8021     -1.312     0.0166    -1.1819 -9.990e-29
 216.781684     -1.319   0.019987    16.8403    -1.8023     -1.308     0.0166    -1.1834 -9.990e-29
 216.781690     -1.315   0.019988    16.8448    -1.8027     -1.304     0.0166    -1.1842 -9.990e-29
 216.781696     -1.310   0.019988    16.8455    -1.8024     -1.299     0.0166    -1.1843 -9.990e-29
 216.781701     -1.305   0.019988    16.8456    -1.8017     -1.294     0.0166    -1.1843 -9.990e-29
 216.781707     -1.298   0.019988    16.8447    -1.8013     -1.287     0.0166    -1.1842 -9.990e-29
 216.781713     -1.290   0.019988    16.8433    -1.8013     -1.279     0.0166    -1.1839 -9.990e-29
 216.781719     -1.279   0.019989    16.8456    -1.8011     -1.268     0.0166    -1.1843 -9.990e-29
 216.781725     -1.265   0.019989    16.8522    -1.8006     -1.254     0.0166    -1.1855 -9.990e-29
 216.781730     -1.248   0.019989    16.8583    -1.8005     -1.238     0.0166    -1.1865 -9.990e-29
 216.781736     -1.230   0.019989    16.8596    -1.8006     -1.220     0.0166    -1.1867 -9.990e-29
 216.781742     -1.219   0.019989    16.8596    -1.8005     -1.209     0.0166    -1.1867 -9.990e-29
 216.781748     -1.214   0.019989    16.8648    -1.8001     -1.204     0.0166    -1.1876 -9.990e-29
 216.781753     -1.206   0.019990    16.8746    -1.7998     -1.196     0.0166    -1.1893 -9.990e-29
 216.781759     -1.194   0.019990    16.8836    -1.7993     -1.184     0.0166    -1.1909 -9.990e-29
 216.781765     -1.183   0.019990    16.8901    -1.7988     -1.173     0.0166    -1.1920 -9.990e-29
 216.781771     -1.167   0.019990    16.8968    -1.7983     -1.157     0.0166    -1.1931 -9.990e-29
 216.781777     -1.146   0.019990    16.9037    -1.7981     -1.136     0.0166    -1.1943 -9.990e-29
 216.781782     -1.126   0.019991    16.9083    -1.7979     -1.117     0.0166    -1.1951 -9.990e-29
 216.781788     -1.110   0.019991    16.9111    -1.7979     -1.101     0.0166    -1.1956 -9.990e-29
 216.781794     -1.098   0.019991    16.9155    -1.7980     -1.089     0.0166    -1.1964 -9.990e-29
 216.781800     -1.089   0.019991    16.9232    -1.7983     -1.080     0.0166    -1.1977 -9.990e-29
 216.781806     -1.081   0.019991    16.9335    -1.7988     -1.072     0.0166    -1.1995 -9.990e-29
 216.781811     -1.075   0.019992    16.9453    -1.7995     -1.066     0.0166    -1.2015 -9.990e-29
 216.781817     -1.071   0.019992    16.9572    -1.8002     -1.062     0.0166    -1.2036 -9.990e-29
 216.781823     -1.067   0.019992    16.9675    -1.8008     -1.058     0.0166    -1.2054 -9.990e-29
 216.781829     -1.064   0.019992    16.9750    -1.8010     -1.055     0.0166    -1.2067 -9.990e-29
 216.781834     -1.061   0.019992    16.9789    -1.8009     -1.052     0.0166    -1.2074 -9.990e-29
 216.781840     -1.059   0.019993    16.9791    -1.8006     -1.050     0.0166    -1.2074 -9.990e-29
 216.781846     -1.057   0.019993    16.9755    -1.8008     -1.048     0.0166    -1.2068 -9.990e-29
 216.781852     -1.055   0.019993    16.9673    -1.8016     -1.046     0.0166    -1.2053 -9.990e-29
 216.781858     -1.053   0.019993    16.9546    -1.8018     -1.044     0.0166    -1.2031 -9.990e-29
 216.781863     -1.051   0.019993    16.9389    -1.8010     -1.042     0.0166    -1.2004 -9.990e-29
 216.781869     -1.049   0.019994    16.9229    -1.8006     -1.040     0.0166    -1.1977 -9.990e-29
 216.781875     -1.046   0.019994    16.9103    -1.8006     -1.037     0.0166    -1.1955 -9.990e-29
 216.781881     -1.043   0.019994    16.9037    -1.8012     -1.034     0.0166    -1.1943 -9.990e-29
 216.781887     -1.038   0.019994    16.9025    -1.8016     -1.029     0.0166    -1.1941 -9.990e-29
 216.781892     -1.033   0.019994    16.9020    -1.8017     -1.024     0.0166    -1.1940 -9.990e-29
 216.781898     -1.026   0.019993    16.8970    -1.8018     -1.017     0.0166    -1.1932 -9.990e-29
 216.781904     -1.017   0.019990    16.8900    -1.8015     -1.009     0.0166    -1.1920 -9.990e-29
 216.781910     -1.005   0.019981    16.8892    -1.8009     -0.997     0.0166    -1.1918 -9.990e-29
 216.781916     -0.995   0.019954    16.8957    -1.8003     -0.987     0.0166    -1.1930 -9.990e-29
 216.781921     -0.989   0.019872    16.9017    -1.7999     -0.981     0.0165    -1.1940 -9.990e-29
 216.781927     -0.983   0.019626    16.9011    -1.7996     -0.975     0.0164    -1.1940 -9.990e-29
 216.781933     -0.973   0.019441    16.8942    -1.7998     -0.965     0.0163    -1.1929 -9.990e-29
 216.781939     -0.962   0.019625    16.8863    -1.8000     -0.954     0.0164    -1.1915 -9.990e-29
 216.781944     -0.953   0.019871    16.8822    -1.7998     -0.945     0.0165    -1.1907 -9.990e-29
 216.781950     -0.942   0.019949    16.8835    -1.7995     -0.934     0.0166    -1.1909 -9.990e-29
 216.781956     -0.928   0.019965    16.8907    -1.7992     -0.920     0.0166    -1.1921 -9.990e-29
 216.781962     -0.914   0.019937    16.9025    -1.7992     -0.906     0.0166    -1.1941 -9.990e-29
 216.781968     -0.900   0.019829    16.9152    -1.7992     -0.892     0.0165    -1.1964 -9.990e-29
 216.781973     -0.889   0.019497    16.9249    -1.7993     -0.882     0.0164    -1.1982 -9.990e-29
 216.781979     -0.885   0.019052    16.9298    -1.7998     -0.878     0.0161    -1.1992 -9.990e-29
 216.781985     -0.882   0.019011    16.9304    -1.8001     -0.875     0.0161    -1.1993 -9.990e-29
 216.781991     -0.877   0.019320    16.9309    -1.8002     -0.870     0.0163    -1.1993 -9.990e-29
 216.781997     -0.869   0.019279    16.9345    -1.8003     -0.862     0.0162    -1.1999 -9.990e-29
 216.782002     -0.858   0.018834    16.9402    -1.8007     -0.851     0.0160    -1.2011 -9.990e-29
 216.782008     -0.847   0.018504    16.9449    -1.8010     -0.840     0.0159    -1.2020 -9.990e-29
 216.782014     -0.839   0.018403    16.9466    -1.8008     -0.832     0.0158    -1.2023 -9.990e-29
 216.782020     -0.835   0.018394    16.9453    -1.8004     -0.828     0.0158    -1.2021 -9.990e-29
 216.782025     -0.834   0.018466    16.9408    -1.8004     -0.827     0.0159    -1.2013 -9.990e-29
 216.782031     -0.832   0.018717    16.9338    -1.8003     -0.825     0.0160    -1.2000 -9.990e-29
 216.782037     -0.824   0.018928    16.9270    -1.7998     -0.817     0.0161    -1.1988 -9.990e-29
 216.782043     -0.815   0.018825    16.9217    -1.7992     -0.808     0.0160    -1.1979 -9.990e-29
 216.782049     -0.807   0.018824    16.9163    -1.7986     -0.800     0.0160    -1.1969 -9.990e-29
 216.782054     -0.800   0.018927    16.9103    -1.7983     -0.793     0.0161    -1.1959 -9.990e-29
 216.782060     -0.794   0.018714    16.9070    -1.7983     -0.787     0.0160    -1.1954 -9.990e-29
 216.782066     -0.788   0.018458    16.9088    -1.7987     -0.781     0.0159    -1.1958 -9.990e-29
 216.782072     -0.783   0.018372    16.9135    -1.7988     -0.776     0.0158    -1.1966 -9.990e-29
 216.782078     -0.777   0.018343    16.9181    -1.7989     -0.771     0.0158    -1.1974 -9.990e-29
 216.782083     -0.771   0.018333    16.9242    -1.7989     -0.765     0.0158    -1.1985 -9.990e-29
 216.782089     -0.764   0.018329    16.9346    -1.7987     -0.758     0.0158    -1.2003 -9.990e-29
 216.782095     -0.755   0.018328    16.9476    -1.7983     -0.749     0.0158    -1.2025 -9.990e-29
 216.782101     -0.744   0.018327    16.9593    -1.7978     -0.738     0.0158    -1.2046 -9.990e-29
 216.782106     -0.731   0.018326    16.9665    -1.7974     -0.725     0.0158    -1.2058 -9.990e-29
 216.782112     -0.713   0.018326    16.9682    -1.7967     -0.707     0.0158    -1.2061 -9.990e-29
 216.782118     -0.696   0.018326    16.9659    -1.7965     -0.690     0.0158    -1.2057 -9.990e-29
 216.782124     -0.686   0.018325    16.9630    -1.7960     -0.680     0.0158    -1.2052 -9.990e-29
 216.782130     -0.686   0.018325    16.9614    -1.7962     -0.680     0.0158    -1.2049 -9.990e-29
 216.782135     -0.692   0.018324    16.9627    -1.7963     -0.686     0.0158    -1.2052 -9.990e-29
 216.782141     -0.697   0.018324    16.9680    -1.7960     -0.691     0.0158    -1.2061 -9.990e-29
 216.782147     -0.700   0.018323    16.9769    -1.7959     -0.694     0.0158    -1.2076 -9.990e-29
 216.782153     -0.707   0.018323    16.9881    -1.7956     -0.701     0.0158    -1.2096 -9.990e-29
 216.782159     -0.712   0.018323    17.0006    -1.7950     -0.706     0.0158    -1.2117 -9.990e-29
 216.782164     -0.713   0.018322    17.0130    -1.7949     -0.707     0.0158    -1.2139 -9.990e-29
 216.782170     -0.709   0.018322    17.0231    -1.7947     -0.703     0.0158    -1.2156 -9.990e-29
 216.782176     -0.705   0.018321    17.0292    -1.7945     -0.699     0.0158    -1.2167 -9.990e-29
 216.782182     -0.703   0.018321    17.0314    -1.7946     -0.697     0.0158    -1.2171 -9.990e-29
 216.782187     -0.701   0.018321    17.0332    -1.7950     -0.695     0.0158    -1.2174 -9.990e-29
 216.782193     -0.693   0.018320    17.0372    -1.7950     -0.687     0.0158    -1.2181 -9.990e-29
 216.782199     -0.679   0.018320    17.0431    -1.7951     -0.673     0.0158    -1.2191 -9.990e-29
 216.782205     -0.663   0.018319    17.0510    -1.7950     -0.657     0.0158    -1.2205 -9.990e-29
 216.782211     -0.652   0.018319    17.0598    -1.7950     -0.647     0.0158    -1.2220 -9.990e-29
 216.782216     -0.644   0.018319    17.0671    -1.7951     -0.639     0.0158    -1.2233 -9.990e-29
 216.782222     -0.636   0.018318    17.0723    -1.7952     -0.631     0.0158    -1.2242 -9.990e-29
 216.782228     -0.632   0.018318    17.0745    -1.7950     -0.627     0.0158    -1.2246 -9.990e-29
 216.782234     -0.631   0.018317    17.0728    -1.7947     -0.626     0.0158    -1.2243 -9.990e-29
 216.782240     -0.623   0.018317    17.0692    -1.7943     -0.618     0.0158    -1.2237 -9.990e-29
 216.782245     -0.610   0.018317    17.0667    -1.7941     -0.605     0.0158    -1.2232 -9.990e-29
 216.782251     -0.598   0.018316    17.0656    -1.7941     -0.593     0.0158    -1.2230 -9.990e-29
 216.782257     -0.592   0.018316    17.0653    -1.7940     -0.587     0.0158    -1.2230 -9.990e-29
 216.782263     -0.590   0.018315    17.0648    -1.7940     -0.585     0.0158    -1.2229 -9.990e-29
 216.782269     -0.593   0.018315    17.0637    -1.7941     -0.588     0.0158    -1.2227 -9.990e-29
 216.782274     -0.596   0.018315    17.0643    -1.7943     -0.591     0.0158    -1.2228 -9.990e-29
 216.782280     -0.591   0.018314    17.0686    -1.7948     -0.586     0.0158    -1.2236 -9.990e-29
 216.782286     -0.578   0.018314    17.0755    -1.7948     -0.573     0.0158    -1.2248 -9.990e-29
 216.782292     -0.565   0.018313    17.0825    -1.7947     -0.560     0.0158    -1.2260 -9.990e-29
 216.782297     -0.554   0.018313    17.0877    -1.7944     -0.549     0.0158    -1.2269 -9.990e-29
 216.782303     -0.546   0.018313    17.0903    -1.7941     -0.541     0.0158    -1.2274 -9.990e-29
 216.782309     -0.540   0.018312    17.0915    -1.7941     -0.535     0.0158    -1.2276 -9.990e-29
 216.782315     -0.535   0.018312    17.0912    -1.7941     -0.531     0.0158    -1.2275 -9.990e-29
 216.782321     -0.531   0.018311    17.0885    -1.7939     -0.527     0.0158    -1.2270 -9.990e-29
 216.782326     -0.528   0.018311    17.0830    -1.7937     -0.524     0.0158    -1.2261 -9.990e-29
 216.782332     -0.525   0.018310    17.0773    -1.7936     -0.521     0.0158    -1.2251 -9.990e-29
 216.782338     -0.523   0.018310    17.0753    -1.7936     -0.519     0.0158    -1.2247 -9.990e-29
 216.782344     -0.521   0.018310    17.0779    -1.7936     -0.517     0.0158    -1.2252 -9.990e-29
 216.782350     -0.519   0.018309    17.0829    -1.7933     -0.515     0.0158    -1.2261 -9.990e-29
 216.782355     -0.518   0.018309    17.0877    -1.7930     -0.514     0.0158    -1.2269 -9.990e-29
 216.782361     -0.516   0.018308    17.0909    -1.7926     -0.512     0.0158    -1.2275 -9.990e-29
 216.782367     -0.514   0.018308    17.0935    -1.7925     -0.510     0.0158    -1.2279 -9.990e-29
 216.782373     -0.512   0.018308    17.0972    -1.7924     -0.508     0.0158    -1.2286 -9.990e-29
 216.782378     -0.509   0.018307    17.1013    -1.7924     -0.505     0.0158    -1.2293 -9.990e-29
 216.782384     -0.506   0.018307    17.1041    -1.7927     -0.502     0.0158    -1.2298 -9.990e-29
 216.782390     -0.503   0.018306    17.1060    -1.7930     -0.499     0.0158    -1.2301 -9.990e-29
 216.782396     -0.498   0.018306    17.1090    -1.7936     -0.494     0.0158    -1.2306 -9.990e-29
 216.782402     -0.492   0.018306    17.1145    -1.7942     -0.488     0.0158    -1.2316 -9.990e-29
 216.782407     -0.484   0.018305    17.1217    -1.7946     -0.480     0.0158    -1.2329 -9.990e-29
 216.782413     -0.478   0.018305    17.1285    -1.7941     -0.474     0.0158    -1.2340 -9.990e-29
 216.782419     -0.479   0.018304    17.1331    -1.7941     -0.475     0.0158    -1.2349 -9.990e-29
 216.782425     -0.481   0.018304    17.1347    -1.7944     -0.477     0.0158    -1.2351 -9.990e-29
 216.782431     -0.481   0.018304    17.1326    -1.7947     -0.477     0.0158    -1.2348 -9.990e-29
 216.782436     -0.479   0.018303    17.1266    -1.7953     -0.475     0.0158    -1.2337 -9.990e-29
