data/oxygen options/ONMS/Olympic_Coast_National_Marine_Sanctuary_CTD_Data_2005_2023/raw_data/2016/CAST_CE015_161010faed.cnv
* Sea-Bird SBE19 Data File:
* FileName = C:\2016 Mooring Data\Casts\Data\CAST_CE015_161010.hex
* Software Version 1.59
* Temperature SN = 2997
* Conductivity SN = 2997
* System UpLoad Time = Oct 10 2016 18:09:40
** CAST_CE015_161010
* ds
# nquan = 9                                 
# nvalues = 812                         
# units = specified
# name 0 = timeJ: Julian Days
# name 1 = prSM: Pressure, Strain Gauge [db]
# name 2 = c0mS/cm: Conductivity [mS/cm]
# name 3 = t090C: Temperature [ITS-90, deg C]
# name 4 = sbeox0ML/L: Oxygen, SBE 43 [ml/l]
# name 5 = depSM: Depth [salt water, m], lat = 47.5
# name 6 = sal00: Salinity, Practical [PSU]
# name 7 = sigma-é00: Density [sigma-theta, kg/m^3]
# name 8 = flag: flag
# span 0 = 284.737049, 284.741742       
# span 1 =     -4.788,     16.632       
# span 2 =   0.348730,  37.222287       
# span 3 =    11.0524,    13.2876       
# span 4 =    -2.0430,    11.8567       
# span 5 =     -4.748,     16.493       
# span 6 =     0.2291,    31.5305       
# span 7 =    -0.3397,    23.7261       
# span 8 = 0.0000e+00, 0.0000e+00       
# interval = seconds: 0.5
# start_time = Oct 10 2016 17:41:21 [Instrument's time stamp, header]
# bad_flag = -9.990e-29
*END*
[from data line 321]
 284.738906     -0.250   0.379605    11.9608    -1.9991     -0.248     0.2455    -0.3040 -9.990e-29
 284.738912     -0.249   0.379743    11.9521    -1.9986     -0.247     0.2457    -0.3029 -9.990e-29
 284.738918     -0.248   0.380552    11.9400    -1.9988     -0.246     0.2463    -0.3010 -9.990e-29
 284.738924     -0.248   0.381442    11.9302    -1.9986     -0.246     0.2469    -0.2994 -9.990e-29
 284.738929     -0.247   0.381936    11.9270    -1.9980     -0.245     0.2473    -0.2987 -9.990e-29
 284.738935     -0.246   0.382136    11.9317    -1.9973     -0.244     0.2474    -0.2992 -9.990e-29
 284.738941     -0.245   0.382309    11.9433    -1.9967     -0.243     0.2474    -0.3005 -9.990e-29
 284.738947     -0.244   0.382685    11.9588    -1.9959     -0.242     0.2476    -0.3021 -9.990e-29
 284.738953     -0.243   0.383211    11.9744    -1.9954     -0.241     0.2478    -0.3037 -9.990e-29
 284.738958     -0.241   0.383475    11.9873    -1.9945     -0.239     0.2479    -0.3051 -9.990e-29
 284.738964     -0.239   0.383275    11.9957    -1.9937     -0.237     0.2478    -0.3062 -9.990e-29
 284.738970     -0.236   0.382898    12.0007    -1.9930     -0.234     0.2475    -0.3070 -9.990e-29
 284.738976     -0.232   0.382953    12.0068    -1.9926     -0.230     0.2475    -0.3077 -9.990e-29
 284.738981     -0.227   0.383513    12.0169    -1.9926     -0.225     0.2478    -0.3087 -9.990e-29
 284.738987     -0.221   0.384214    12.0299    -1.9924     -0.219     0.2482    -0.3099 -9.990e-29
 284.738993     -0.213   0.384880    12.0442    -1.9917     -0.211     0.2485    -0.3112 -9.990e-29
 284.738999     -0.203   0.385288    12.0596    -1.9914     -0.201     0.2487    -0.3129 -9.990e-29
 284.739005     -0.190   0.385425    12.0755    -1.9911     -0.188     0.2487    -0.3147 -9.990e-29
 284.739010     -0.182   0.385475    12.0913    -1.9908     -0.180     0.2486    -0.3166 -9.990e-29
 284.739016     -0.186   0.385504    12.1063    -1.9902     -0.184     0.2485    -0.3184 -9.990e-29
 284.739022     -0.195   0.385551    12.1192    -1.9897     -0.193     0.2485    -0.3199 -9.990e-29
 284.739028     -0.201   0.385677    12.1286    -1.9893     -0.199     0.2485    -0.3210 -9.990e-29
 284.739034     -0.203   0.386049    12.1352    -1.9891     -0.201     0.2487    -0.3216 -9.990e-29
 284.739039     -0.203   0.386610    12.1421    -1.9894     -0.201     0.2490    -0.3222 -9.990e-29
 284.739045     -0.203   0.386996    12.1504    -1.9895     -0.201     0.2492    -0.3230 -9.990e-29
 284.739051     -0.210   0.387164    12.1584    -1.9892     -0.208     0.2493    -0.3239 -9.990e-29
 284.739057     -0.218   0.387341    12.1659    -1.9889     -0.216     0.2494    -0.3247 -9.990e-29
 284.739062     -0.225   0.387762    12.1743    -1.9888     -0.223     0.2496    -0.3255 -9.990e-29
 284.739068     -0.230   0.388431    12.1841    -1.9886     -0.228     0.2500    -0.3263 -9.990e-29
 284.739074     -0.233   0.389130    12.1938    -1.9885     -0.231     0.2504    -0.3272 -9.990e-29
 284.739080     -0.236   0.389681    12.2012    -1.9885     -0.234     0.2507    -0.3278 -9.990e-29
 284.739086     -0.237   0.389709    12.2046    -1.9884     -0.235     0.2507    -0.3282 -9.990e-29
 284.739091     -0.238   0.389248    12.2048    -1.9885     -0.236     0.2504    -0.3285 -9.990e-29
 284.739097     -0.239   0.388796    12.2055    -1.9886     -0.237     0.2501    -0.3288 -9.990e-29
 284.739103     -0.238   0.388304    12.2086    -1.9887     -0.236     0.2497    -0.3294 -9.990e-29
 284.739109     -0.237   0.387672    12.2127    -1.9889     -0.235     0.2493    -0.3302 -9.990e-29
 284.739115     -0.236   0.387167    12.2165    -1.9893     -0.234     0.2489    -0.3310 -9.990e-29
 284.739120     -0.233   0.386669    12.2199    -1.9887     -0.231     0.2486    -0.3316 -9.990e-29
 284.739126     -0.229   0.386072    12.2223    -1.9884     -0.227     0.2482    -0.3322 -9.990e-29
 284.739132     -0.224   0.385689    12.2236    -1.9886     -0.222     0.2479    -0.3326 -9.990e-29
 284.739138     -0.218   0.385562    12.2238    -1.9889     -0.216     0.2478    -0.3327 -9.990e-29
 284.739144     -0.210   0.385522    12.2228    -1.9901     -0.208     0.2478    -0.3326 -9.990e-29
 284.739149     -0.203   0.385516    12.2207    -1.9908     -0.201     0.2478    -0.3323 -9.990e-29
 284.739155     -0.202   0.385534    12.2180    -1.9913     -0.200     0.2479    -0.3320 -9.990e-29
 284.739161     -0.202   0.385602    12.2152    -1.8520     -0.200     0.2479    -0.3316 -9.990e-29
 284.739167     -0.200   0.385809    12.2145    -1.6867     -0.198     0.2481    -0.3314 -9.990e-29
 284.739172     -0.194   0.386433    12.2175    -1.6818     -0.192     0.2485    -0.3315 -9.990e-29
 284.739178     -0.184   0.388308    12.2203    -1.6775     -0.182     0.2497    -0.3308 -9.990e-29
 284.739184     -0.171   0.393936    12.2185    -1.6729     -0.170     0.2534    -0.3277 -9.990e-29
 284.739190     -0.157   0.410822    12.2118    -1.6769     -0.156     0.2646    -0.3181 -9.990e-29
 284.739196     -0.145   0.462039    12.2071    -1.6798     -0.144     0.2987    -0.2910 -9.990e-29
 284.739201     -0.132   0.616987    12.2232    -1.6779     -0.131     0.4027    -0.2117 -9.990e-29
 284.739207     -0.110   1.082820    12.3045    -1.6626     -0.109     0.7218     0.0274 -9.990e-29
 284.739213     -0.080   2.480653    12.5386    -1.6648     -0.079     1.7142     0.7703 -9.990e-29
 284.739219     -0.040   6.674263    12.8904    -1.6662     -0.040     4.8668     3.1638 -9.990e-29
 284.739225      0.014  14.533074    13.1546    -1.6672      0.014    11.1774     7.9880 -9.990e-29
 284.739230      0.080  22.394399    13.2568    -1.6662      0.079    17.8488    13.1052 -9.990e-29
 284.739236      0.155  26.670958    13.2758    -1.6684      0.154    21.6067    15.9953 -9.990e-29
 284.739242      0.238  28.297984    13.2677    -1.6680      0.236    23.0654    17.1206 -9.990e-29
 284.739248      0.330  28.975682    13.2562    -1.6690      0.327    23.6814    17.5975 -9.990e-29
 284.739253      0.426  29.177625    13.2505    -1.6689      0.422    23.8668    17.7415 -9.990e-29
 284.739259      0.513  29.288328    13.2522    -1.6691      0.509    23.9655    17.8173 -9.990e-29
 284.739265      0.584  29.653426    13.2567    -1.6698      0.579    24.2921    18.0682 -9.990e-29
 284.739271      0.639  30.151163    13.2584    -1.6565      0.634    24.7410    18.4140 -9.990e-29
 284.739277      0.683  30.388583    13.2570    -1.6588      0.677    24.9569    18.5807 -9.990e-29
 284.739282      0.718  30.382498    13.2557    -1.6625      0.712    24.9522    18.5774 -9.990e-29
 284.739288      0.746  30.348626    13.2574    -1.6648      0.740    24.9204    18.5525 -9.990e-29
 284.739294      0.768  30.310665    13.2607    -1.6636      0.762    24.8839    18.5238 -9.990e-29
 284.739300      0.787  30.245458    13.2621    -1.6651      0.780    24.8239    18.4773 -9.990e-29
 284.739306      0.803  30.183029    13.2605    -1.6605      0.796    24.7684    18.4348 -9.990e-29
 284.739311      0.817  30.147036    13.2564    -1.6613      0.810    24.7385    18.4125 -9.990e-29
 284.739317      0.831  30.151068    13.2541    -1.6617      0.824    24.7436    18.4168 -9.990e-29
 284.739323      0.841  30.228521    13.2565    -1.6631      0.834    24.8122    18.4693 -9.990e-29
 284.739329      0.844  30.489422    13.2609    -1.6596      0.837    25.0457    18.6485 -9.990e-29
 284.739334      0.843  30.845848    13.2648    -1.6485      0.836    25.3664    18.8951 -9.990e-29
 284.739340      0.843  30.955688    13.2679    -1.6461      0.836    25.4640    18.9699 -9.990e-29
 284.739346      0.845  30.816656    13.2694    -1.6522      0.838    25.3368    18.8715 -9.990e-29
 284.739352      0.847  30.682641    13.2697    -1.6574      0.840    25.2151    18.7775 -9.990e-29
 284.739358      0.851  30.640202    13.2706    -1.6589      0.844    25.1760    18.7472 -9.990e-29
 284.739363      0.857  30.689868    13.2713    -1.6535      0.850    25.2205    18.7814 -9.990e-29
 284.739369      0.864  30.796641    13.2708    -1.6461      0.857    25.3177    18.8565 -9.990e-29
 284.739375      0.873  30.862918    13.2697    -1.6457      0.866    25.3786    18.9036 -9.990e-29
 284.739381      0.886  30.888721    13.2685    -1.6557      0.879    25.4028    18.9225 -9.990e-29
 284.739387      0.897  31.009212    13.2675    -1.6563      0.890    25.5129    19.0076 -9.990e-29
 284.739392      0.905  31.364950    13.2672    -1.6505      0.897    25.8365    19.2573 -9.990e-29
 284.739398      0.914  31.828768    13.2675    -1.6479      0.906    26.2587    19.5829 -9.990e-29
 284.739404      0.923  32.018025    13.2668    -1.6452      0.915    26.4318    19.7166 -9.990e-29
 284.739410      0.931  31.837039    13.2647    -1.6513      0.923    26.2682    19.5907 -9.990e-29
 284.739416      0.936  31.584036    13.2626    -1.6542      0.928    26.0390    19.4144 -9.990e-29
 284.739421      0.940  31.561923    13.2613    -1.6541      0.932    26.0198    19.3998 -9.990e-29
 284.739427      0.942  31.827437    13.2613    -1.6519      0.934    26.2617    19.5864 -9.990e-29
 284.739433      0.943  32.128029    13.2620    -1.6544      0.935    26.5355    19.7975 -9.990e-29
 284.739439      0.948  32.125819    13.2625    -1.6540      0.940    26.5332    19.7956 -9.990e-29
 284.739444      0.955  31.886178    13.2631    -1.6481      0.947    26.3141    19.6264 -9.990e-29
 284.739450      0.958  31.812132    13.2642    -1.6450      0.950    26.2458    19.5736 -9.990e-29
 284.739456      0.952  31.996411    13.2657    -1.6499      0.944    26.4128    19.7022 -9.990e-29
 284.739462      0.941  32.202379    13.2669    -1.6532      0.933    26.6000    19.8463 -9.990e-29
 284.739468      0.934  32.224535    13.2670    -1.6543      0.926    26.6202    19.8619 -9.990e-29
 284.739473      0.933  32.037618    13.2660    -1.6502      0.925    26.4502    19.7309 -9.990e-29
 284.739479      0.934  31.839619    13.2641    -1.6477      0.926    26.2709    19.5930 -9.990e-29
 284.739485      0.934  31.779605    13.2620    -1.6464      0.926    26.2177    19.5523 -9.990e-29
 284.739491      0.936  31.788800    13.2606    -1.6488      0.928    26.2270    19.5597 -9.990e-29
 284.739497      0.941  31.806208    13.2608    -1.6536      0.933    26.2427    19.5718 -9.990e-29
 284.739502      0.945  31.928396    13.2620    -1.6534      0.937    26.3533    19.6569 -9.990e-29
 284.739508      0.952  32.157713    13.2639    -1.6506      0.944    26.5613    19.8170 -9.990e-29
 284.739514      0.962  32.260467    13.2660    -1.6493      0.954    26.6537    19.8879 -9.990e-29
 284.739520      0.969  32.126347    13.2680    -1.6510      0.961    26.5298    19.7920 -9.990e-29
 284.739525      0.971  31.939236    13.2707    -1.6511      0.963    26.3572    19.6583 -9.990e-29
 284.739531      0.978  31.906933    13.2738    -1.6495      0.970    26.3256    19.6333 -9.990e-29
 284.739537      0.991  32.045174    13.2750    -1.6524      0.983    26.4509    19.7298 -9.990e-29
 284.739543      1.006  32.205358    13.2738    -1.6541      0.998    26.5979    19.8434 -9.990e-29
 284.739549      1.023  32.242384    13.2717    -1.6547      1.014    26.6332    19.8710 -9.990e-29
 284.739554      1.040  32.115564    13.2704    -1.6501      1.031    26.5183    19.7826 -9.990e-29
 284.739560      1.053  31.943511    13.2709    -1.6460      1.044    26.3609    19.6612 -9.990e-29
 284.739566      1.064  31.901485    13.2725    -1.6461      1.055    26.3215    19.6304 -9.990e-29
 284.739572      1.072  31.979392    13.2727    -1.6533      1.063    26.3924    19.6851 -9.990e-29
 284.739578      1.080  32.034368    13.2714    -1.6539      1.071    26.4435    19.7247 -9.990e-29
 284.739583      1.086  32.023365    13.2702    -1.6470      1.077    26.4343    19.7178 -9.990e-29
 284.739589      1.091  32.011231    13.2699    -1.6440      1.082    26.4234    19.7095 -9.990e-29
 284.739595      1.092  31.982955    13.2700    -1.6444      1.083    26.3975    19.6895 -9.990e-29
 284.739601      1.084  31.885774    13.2699    -1.6508      1.075    26.3090    19.6212 -9.990e-29
 284.739606      1.071  31.797778    13.2696    -1.6500      1.062    26.2290    19.5596 -9.990e-29
 284.739612      1.061  31.850712    13.2694    -1.6486      1.052    26.2774    19.5969 -9.990e-29
 284.739618      1.057  32.058123    13.2692    -1.6450      1.048    26.4667    19.7430 -9.990e-29
 284.739624      1.054  32.248355    13.2688    -1.6439      1.045    26.6406    19.8773 -9.990e-29
 284.739630      1.054  32.221233    13.2682    -1.6474      1.045    26.6163    19.8587 -9.990e-29
 284.739635      1.059  32.053127    13.2674    -1.6469      1.050    26.4634    19.7408 -9.990e-29
 284.739641      1.066  32.058313    13.2673     8.9614      1.057    26.4682    19.7446 -9.990e-29
 284.739647      1.071  32.293003    13.2678    11.6966      1.062    26.6821    19.9095 -9.990e-29
 284.739653      1.075  32.485346    13.2684    11.8567      1.066    26.8575    20.0447 -9.990e-29
 284.739659      1.078  32.448603    13.2686     9.8697      1.069    26.8237    20.0187 -9.990e-29
 284.739664      1.079  32.288859    13.2681     5.6422      1.070    26.6781    19.9064 -9.990e-29
 284.739670      1.079  32.237547    13.2678     5.7882      1.070    26.6314    19.8704 -9.990e-29
 284.739676      1.078  32.347755    13.2682     5.9992      1.069    26.7318    19.9478 -9.990e-29
 284.739682      1.076  32.506238    13.2687     6.0449      1.067    26.8764    20.0592 -9.990e-29
 284.739688      1.073  32.575124    13.2690     5.9949      1.064    26.9391    20.1076 -9.990e-29
 284.739693      1.068  32.565716    13.2689     5.8980      1.059    26.9306    20.1011 -9.990e-29
 284.739699      1.061  32.663091    13.2685     5.8734      1.052    27.0200    20.1701 -9.990e-29
 284.739705      1.057  32.858882    13.2680     5.8459      1.048    27.1996    20.3088 -9.990e-29
 284.739711      1.058  32.944596    13.2675     5.8465      1.049    27.2784    20.3698 -9.990e-29
 284.739716      1.062  32.867219    13.2669     5.8085      1.053    27.2080    20.3155 -9.990e-29
 284.739722      1.063  32.707785    13.2660     5.7945      1.054    27.0626    20.2035 -9.990e-29
 284.739728      1.062  32.517956    13.2649     5.7732      1.053    26.8898    20.0703 -9.990e-29
 284.739734      1.059  32.341311    13.2639     5.7681      1.050    26.7290    19.9464 -9.990e-29
 284.739740      1.058  32.256904    13.2632     5.7577      1.049    26.6523    19.8874 -9.990e-29
 284.739745      1.063  32.324615    13.2629     5.7432      1.054    26.7144    19.9354 -9.990e-29
 284.739751      1.070  32.557545    13.2628     5.7440      1.061    26.9274    20.0998 -9.990e-29
 284.739757      1.076  32.763712    13.2627     5.7578      1.067    27.1162    20.2454 -9.990e-29
 284.739763      1.081  32.685780    13.2626     5.7661      1.072    27.0449    20.1905 -9.990e-29
 284.739769      1.084  32.387822    13.2628     5.7739      1.075    26.7722    19.9800 -9.990e-29
 284.739774      1.087  32.172197    13.2632     5.7659      1.078    26.5750    19.8277 -9.990e-29
 284.739780      1.089  32.238893    13.2636     5.7834      1.080    26.6356    19.8744 -9.990e-29
 284.739786      1.090  32.448576    13.2637     5.7982      1.081    26.8271    20.0222 -9.990e-29
 284.739792      1.092  32.601273    13.2644     5.7898      1.083    26.9663    20.1295 -9.990e-29
 284.739797      1.093  32.680683    13.2662     5.7760      1.084    27.0377    20.1842 -9.990e-29
 284.739803      1.094  32.756356    13.2679     5.7649      1.085    27.1057    20.2364 -9.990e-29
 284.739809      1.094  32.827375    13.2682     5.7633      1.085    27.1705    20.2864 -9.990e-29
 284.739815      1.095  32.748365    13.2674     5.7737      1.086    27.0988    20.2311 -9.990e-29
 284.739821      1.095  32.497978    13.2666     5.7486      1.086    26.8703    20.0550 -9.990e-29
