data/oxygen options/ONMS/Olympic_Coast_National_Marine_Sanctuary_CTD_Data_2005_2023/raw_data/2016/CAST_MB015_160627faed.cnv
* Sea-Bird SBE19 Data File:
* FileName = C:\2016 Mooring Data\Casts\Data\CAST_MB015_160627.hex
* Software Version 1.59
* Temperature SN = 2997
* Conductivity SN = 2997
* System UpLoad Time = Jun 27 2016 22:36:16
** CAST_MB015_160627
* ds
# nquan = 9                                 
# nvalues = 868                         
# units = specified
# name 0 = timeJ: Julian Days
# name 1 = prSM: Pressure, Strain Gauge [db]
# name 2 = c0mS/cm: Conductivity [mS/cm]
# name 3 = t090C: Temperature [ITS-90, deg C]
# name 4 = sbeox0ML/L: Oxygen, SBE 43 [ml/l]
# name 5 = depSM: Depth [salt water, m], lat = 47.5
# name 6 = sal00: Salinity, Practical [PSU]
# name 7 = sigma-é00: Density [sigma-theta, kg/m^3]
# name 8 = flag: flag
# span 0 = 179.909595, 179.914612       
# span 1 =     -5.337,     10.475       
# span 2 =   0.346933,  38.874421       
# span 3 =    10.0087,    15.6510       
# span 4 =    -1.8759,    13.5434       
# span 5 =     -5.293,     10.387       
# span 6 =     0.2056,    33.0187       
# span 7 =    -0.8381,    25.3589       
# span 8 = 0.0000e+00, 0.0000e+00       
# interval = seconds: 0.5
# start_time = Jun 27 2016 21:49:49 [Instrument's time stamp, header]
# bad_flag = -9.990e-29
*END*
 179.909595     -5.337 -9.990e-29    15.6495    -1.8450     -5.293 -9.990e-29 -9.990e-29 -9.990e-29
 179.909601     -5.330   0.355183    15.6446    -1.8446     -5.286     0.2096    -0.8364 -9.990e-29
 179.909606     -5.321   0.355182    15.6395    -1.8442     -5.277     0.2097    -0.8356 -9.990e-29
 179.909612     -5.310   0.355177    15.6376    -1.8451     -5.266     0.2097    -0.8353 -9.990e-29
 179.909618     -5.295   0.355164    15.6386    -1.8458     -5.251     0.2096    -0.8354 -9.990e-29
 179.909624     -5.276   0.355123    15.6413    -1.8467     -5.232     0.2096    -0.8359 -9.990e-29
 179.909630     -5.251   0.355001    15.6446    -1.8483     -5.207     0.2095    -0.8365 -9.990e-29
 179.909635     -5.220   0.354635    15.6467    -1.8501     -5.177     0.2093    -0.8370 -9.990e-29
 179.909641     -5.183   0.354093    15.6473    -1.8516     -5.140     0.2090    -0.8373 -9.990e-29
 179.909647     -5.148   0.353763    15.6485    -1.8525     -5.105     0.2088    -0.8377 -9.990e-29
 179.909653     -5.117   0.353762    15.6510    -1.8533     -5.074     0.2087    -0.8381 -9.990e-29
 179.909659     -5.087   0.354090    15.6490    -1.8543     -5.045     0.2090    -0.8376 -9.990e-29
 179.909664     -5.056   0.354631    15.6370    -1.8555     -5.014     0.2093    -0.8354 -9.990e-29
 179.909670     -5.023   0.354996    15.6173    -1.8563     -4.981     0.2097    -0.8320 -9.990e-29
 179.909676     -4.986   0.355117    15.5907    -1.8573     -4.944     0.2099    -0.8277 -9.990e-29
 179.909682     -4.946   0.355157    15.5561    -1.8579     -4.905     0.2101    -0.8220 -9.990e-29
 179.909687     -4.910   0.355170    15.5178    -1.8584     -4.869     0.2102    -0.8159 -9.990e-29
 179.909693     -4.879   0.355174    15.4827    -1.8594     -4.838     0.2104    -0.8102 -9.990e-29
 179.909699     -4.852   0.355173    15.4540    -1.8605     -4.812     0.2106    -0.8056 -9.990e-29
 179.909705     -4.826   0.355169    15.4289    -1.8616     -4.786     0.2107    -0.8016 -9.990e-29
 179.909711     -4.801   0.355156    15.4037    -1.8630     -4.761     0.2108    -0.7975 -9.990e-29
 179.909716     -4.774   0.355118    15.3785    -1.8644     -4.734     0.2109    -0.7935 -9.990e-29
 179.909722     -4.744   0.355003    15.3551    -1.8655     -4.704     0.2110    -0.7899 -9.990e-29
 179.909728     -4.708   0.354659    15.3341    -1.8664     -4.669     0.2109    -0.7867 -9.990e-29
 179.909734     -4.670   0.354186    15.3152    -1.8672     -4.631     0.2107    -0.7839 -9.990e-29
 179.909740     -4.635   0.354063    15.2959    -1.8679     -4.596     0.2107    -0.7809 -9.990e-29
 179.909745     -4.605   0.354128    15.2727    -1.8685     -4.567     0.2108    -0.7772 -9.990e-29
 179.909751     -4.578   0.353912    15.2459    -1.8688     -4.540     0.2108    -0.7730 -9.990e-29
 179.909757     -4.553   0.353683    15.2166    -1.8687     -4.515     0.2108    -0.7685 -9.990e-29
 179.909763     -4.528   0.353691    15.1849    -1.8684     -4.490     0.2110    -0.7635 -9.990e-29
 179.909769     -4.500   0.353947    15.1534    -1.8680     -4.462     0.2113    -0.7584 -9.990e-29
 179.909774     -4.470   0.354241    15.1256    -1.8678     -4.433     0.2116    -0.7539 -9.990e-29
 179.909780     -4.434   0.354410    15.1023    -1.8682     -4.397     0.2119    -0.7502 -9.990e-29
 179.909786     -4.395   0.354680    15.0822    -1.8681     -4.358     0.2121    -0.7469 -9.990e-29
 179.909792     -4.359   0.354856    15.0650    -1.8680     -4.323     0.2123    -0.7442 -9.990e-29
 179.909797     -4.327   0.354618    15.0520    -1.8683     -4.291     0.2122    -0.7423 -9.990e-29
 179.909803     -4.298   0.354203    15.0452    -1.8684     -4.262     0.2120    -0.7414 -9.990e-29
 179.909809     -4.269   0.354172    15.0454    -1.8684     -4.233     0.2120    -0.7414 -9.990e-29
 179.909815     -4.240   0.354484    15.0504    -1.8684     -4.205     0.2122    -0.7421 -9.990e-29
 179.909821     -4.208   0.354443    15.0560    -1.8682     -4.173     0.2121    -0.7430 -9.990e-29
 179.909826     -4.175   0.353998    15.0584    -1.8678     -4.140     0.2118    -0.7435 -9.990e-29
 179.909832     -4.144   0.353664    15.0580    -1.8672     -4.109     0.2116    -0.7436 -9.990e-29
 179.909838     -4.112   0.353552    15.0576    -1.8671     -4.078     0.2116    -0.7436 -9.990e-29
 179.909844     -4.082   0.353515    15.0569    -1.8673     -4.048     0.2115    -0.7435 -9.990e-29
 179.909850     -4.057   0.353503    15.0547    -1.8673     -4.023     0.2115    -0.7432 -9.990e-29
 179.909855     -4.034   0.353503    15.0525    -1.8674     -4.000     0.2116    -0.7429 -9.990e-29
 179.909861     -4.012   0.353515    15.0521    -1.8674     -3.979     0.2116    -0.7428 -9.990e-29
 179.909867     -3.989   0.353554    15.0541    -1.8674     -3.956     0.2116    -0.7431 -9.990e-29
 179.909873     -3.965   0.353675    15.0592    -1.8675     -3.932     0.2116    -0.7438 -9.990e-29
 179.909878     -3.938   0.354040    15.0673    -1.8676     -3.905     0.2118    -0.7449 -9.990e-29
 179.909884     -3.906   0.354581    15.0755    -1.8677     -3.873     0.2121    -0.7459 -9.990e-29
 179.909890     -3.871   0.354910    15.0798    -1.8679     -3.839     0.2123    -0.7465 -9.990e-29
 179.909896     -3.840   0.354910    15.0802    -1.8683     -3.808     0.2123    -0.7465 -9.990e-29
 179.909902     -3.815   0.354581    15.0791    -1.8684     -3.783     0.2121    -0.7465 -9.990e-29
 179.909907     -3.793   0.354042    15.0778    -1.8681     -3.761     0.2118    -0.7466 -9.990e-29
 179.909913     -3.775   0.353685    15.0767    -1.8678     -3.744     0.2115    -0.7465 -9.990e-29
 179.909919     -3.759   0.353590    15.0755    -1.8677     -3.728     0.2115    -0.7464 -9.990e-29
 179.909925     -3.743   0.353631    15.0739    -1.8683     -3.712     0.2115    -0.7461 -9.990e-29
 179.909931     -3.727   0.353865    15.0717    -1.8689     -3.696     0.2117    -0.7457 -9.990e-29
 179.909936     -3.710   0.354050    15.0685    -1.8693     -3.679     0.2118    -0.7451 -9.990e-29
 179.909942     -3.691   0.353876    15.0641    -1.8694     -3.660     0.2117    -0.7445 -9.990e-29
 179.909948     -3.668   0.353670    15.0598    -1.8694     -3.637     0.2116    -0.7439 -9.990e-29
 179.909954     -3.640   0.353710    15.0588    -1.8696     -3.610     0.2117    -0.7437 -9.990e-29
 179.909959     -3.610   0.354052    15.0613    -1.8701     -3.580     0.2118    -0.7440 -9.990e-29
 179.909965     -3.583   0.354597    15.0637    -1.8702     -3.553     0.2122    -0.7441 -9.990e-29
 179.909971     -3.564   0.354964    15.0615    -1.8700     -3.534     0.2124    -0.7436 -9.990e-29
 179.909977     -3.549   0.355085    15.0534    -1.8700     -3.519     0.2125    -0.7422 -9.990e-29
 179.909983     -3.540   0.355124    15.0429    -1.8699     -3.510     0.2126    -0.7406 -9.990e-29
 179.909988     -3.529   0.355133    15.0345    -1.8702     -3.500     0.2126    -0.7393 -9.990e-29
 179.909994     -3.514   0.355124    15.0293    -1.8706     -3.485     0.2127    -0.7385 -9.990e-29
 179.910000     -3.496   0.355089    15.0254    -1.8707     -3.467     0.2127    -0.7379 -9.990e-29
 179.910006     -3.480   0.354979    15.0203    -1.8706     -3.451     0.2126    -0.7371 -9.990e-29
 179.910012     -3.464   0.354650    15.0150    -1.8708     -3.435     0.2124    -0.7365 -9.990e-29
 179.910017     -3.447   0.354217    15.0124    -1.8707     -3.418     0.2122    -0.7363 -9.990e-29
 179.910023     -3.428   0.354217    15.0125    -1.8704     -3.399     0.2122    -0.7363 -9.990e-29
 179.910029     -3.406   0.354648    15.0128    -1.8706     -3.378     0.2125    -0.7361 -9.990e-29
 179.910035     -3.379   0.354976    15.0115    -1.8711     -3.351     0.2127    -0.7358 -9.990e-29
 179.910041     -3.350   0.355085    15.0075    -1.8713     -3.322     0.2128    -0.7351 -9.990e-29
 179.910046     -3.326   0.355121    15.0025    -1.8715     -3.298     0.2128    -0.7343 -9.990e-29
 179.910052     -3.306   0.355132    14.9993    -1.8714     -3.278     0.2128    -0.7338 -9.990e-29
 179.910058     -3.283   0.355134    14.9979    -1.8712     -3.256     0.2128    -0.7336 -9.990e-29
 179.910064     -3.260   0.355131    14.9973    -1.8713     -3.233     0.2128    -0.7335 -9.990e-29
 179.910069     -3.240   0.355118    14.9982    -1.8717     -3.213     0.2128    -0.7336 -9.990e-29
 179.910075     -3.223   0.355081    14.9990    -1.8717     -3.196     0.2128    -0.7338 -9.990e-29
 179.910081     -3.206   0.354970    14.9959    -1.8720     -3.179     0.2127    -0.7334 -9.990e-29
 179.910087     -3.189   0.354639    14.9896    -1.8724     -3.162     0.2126    -0.7325 -9.990e-29
 179.910093     -3.171   0.354202    14.9839    -1.8728     -3.145     0.2123    -0.7319 -9.990e-29
 179.910098     -3.150   0.354188    14.9810    -1.8732     -3.124     0.2123    -0.7314 -9.990e-29
 179.910104     -3.126   0.354579    14.9809    -1.8735     -3.100     0.2126    -0.7312 -9.990e-29
 179.910110     -3.097   0.354785    14.9814    -1.8738     -3.071     0.2127    -0.7312 -9.990e-29
 179.910116     -3.064   0.354527    14.9795    -1.8738     -3.038     0.2126    -0.7310 -9.990e-29
 179.910122     -3.035   0.354017    14.9752    -1.8740     -3.010     0.2123    -0.7306 -9.990e-29
 179.910127     -3.012   0.353687    14.9700    -1.8737     -2.987     0.2121    -0.7299 -9.990e-29
 179.910133     -2.994   0.353654    14.9633    -1.8738     -2.969     0.2121    -0.7289 -9.990e-29
 179.910139     -2.980   0.353873    14.9548    -1.8745     -2.955     0.2123    -0.7275 -9.990e-29
 179.910145     -2.967   0.354084    14.9457    -1.8749     -2.942     0.2124    -0.7260 -9.990e-29
 179.910150     -2.957   0.354013    14.9370    -1.8751     -2.932     0.2125    -0.7247 -9.990e-29
 179.910156     -2.947   0.354121    14.9295    -1.8752     -2.922     0.2126    -0.7235 -9.990e-29
 179.910162     -2.938   0.354552    14.9240    -1.8753     -2.914     0.2128    -0.7224 -9.990e-29
 179.910168     -2.929   0.354771    14.9206    -1.8754     -2.905     0.2130    -0.7218 -9.990e-29
 179.910174     -2.919   0.354516    14.9190    -1.8759     -2.895     0.2129    -0.7217 -9.990e-29
 179.910179     -2.908   0.354002    14.9179    -1.8759     -2.884     0.2125    -0.7217 -9.990e-29
 179.910185     -2.895   0.353656    14.9135    -1.8754     -2.871     0.2124    -0.7212 -9.990e-29
 179.910191     -2.879   0.353573    14.9050    -1.8747     -2.855     0.2123    -0.7200 -9.990e-29
 179.910197     -2.859   0.353642    14.8965    -1.8740     -2.835     0.2124    -0.7186 -9.990e-29
 179.910203     -2.834   0.353957    14.8905    -1.8738     -2.810     0.2127    -0.7175 -9.990e-29
 179.910208     -2.806   0.354383    14.8866    -1.8740     -2.783     0.2129    -0.7167 -9.990e-29
 179.910214     -2.778   0.354380    14.8834    -1.8744     -2.755     0.2129    -0.7162 -9.990e-29
 179.910220     -2.749   0.353943    14.8795    -1.8749     -2.726     0.2127    -0.7158 -9.990e-29
 179.910226     -2.720   0.353601    14.8763    -1.8754     -2.697     0.2125    -0.7155 -9.990e-29
 179.910231     -2.694   0.353454    14.8781    -1.8754     -2.672     0.2124    -0.7159 -9.990e-29
 179.910237     -2.675   0.353308    14.8864    -1.8751     -2.653     0.2123    -0.7172 -9.990e-29
 179.910243     -2.664   0.352969    14.8984    -1.8745     -2.642     0.2120    -0.7192 -9.990e-29
 179.910249     -2.657   0.352542    14.9093    -1.8739     -2.635     0.2117    -0.7211 -9.990e-29
 179.910255     -2.648   0.352568    14.9145    -1.8736     -2.626     0.2117    -0.7219 -9.990e-29
 179.910260     -2.639   0.353081    14.9125    -1.8734     -2.617     0.2120    -0.7213 -9.990e-29
 179.910266     -2.627   0.353656    14.9054    -1.8732     -2.605     0.2124    -0.7200 -9.990e-29
 179.910272     -2.613   0.353950    14.8967    -1.8730     -2.591     0.2126    -0.7185 -9.990e-29
 179.910278     -2.599   0.353800    14.8899    -1.8729     -2.577     0.2126    -0.7175 -9.990e-29
 179.910284     -2.589   0.353565    14.8891    -1.8735     -2.567     0.2124    -0.7175 -9.990e-29
 179.910289     -2.578   0.353487    14.8953    -1.8744     -2.557     0.2123    -0.7185 -9.990e-29
 179.910295     -2.562   0.353460    14.9059    -1.8752     -2.541     0.2123    -0.7201 -9.990e-29
 179.910301     -2.542   0.353451    14.9169    -1.8756     -2.521     0.2122    -0.7218 -9.990e-29
 179.910307     -2.528   0.353447    14.9255    -1.8753     -2.507     0.2122    -0.7232 -9.990e-29
 179.910313     -2.517   0.353446    14.9318    -1.8746     -2.496     0.2121    -0.7241 -9.990e-29
 179.910318     -2.500   0.353445    14.9365    -1.8742     -2.479     0.2121    -0.7249 -9.990e-29
 179.910324     -2.477   0.353445    14.9385    -1.8738     -2.456     0.2121    -0.7252 -9.990e-29
 179.910330     -2.454   0.353446    14.9354    -1.8734     -2.434     0.2121    -0.7247 -9.990e-29
 179.910336     -2.435   0.353447    14.9250    -1.8729     -2.415     0.2122    -0.7231 -9.990e-29
 179.910341     -2.418   0.353447    14.9099    -1.8722     -2.398     0.2122    -0.7208 -9.990e-29
 179.910347     -2.402   0.353447    14.8966    -1.8716     -2.382     0.2123    -0.7187 -9.990e-29
 179.910353     -2.385   0.353445    14.8906    -1.8710     -2.365     0.2123    -0.7178 -9.990e-29
 179.910359     -2.368   0.353437    14.8937    -1.8703     -2.348     0.2123    -0.7183 -9.990e-29
 179.910365     -2.353   0.353410    14.9027    -1.8697     -2.333     0.2123    -0.7197 -9.990e-29
 179.910370     -2.344   0.353328    14.9132    -1.8691     -2.324     0.2121    -0.7213 -9.990e-29
 179.910376     -2.334   0.353082    14.9240    -1.8683     -2.315     0.2119    -0.7231 -9.990e-29
 179.910382     -2.321   0.352897    14.9358    -1.8682     -2.302     0.2118    -0.7250 -9.990e-29
 179.910388     -2.303   0.353078    14.9494    -1.8675     -2.284     0.2118    -0.7270 -9.990e-29
 179.910394     -2.282   0.353312    14.9648    -1.8674     -2.263     0.2119    -0.7293 -9.990e-29
 179.910399     -2.262   0.353354    14.9810    -1.8673     -2.243     0.2118    -0.7318 -9.990e-29
 179.910405     -2.242   0.353261    14.9972    -1.8670     -2.223     0.2117    -0.7344 -9.990e-29
 179.910411     -2.225   0.352905    15.0131    -1.8666     -2.206     0.2114    -0.7370 -9.990e-29
 179.910417     -2.214   0.352367    15.0285    -1.8666     -2.196     0.2110    -0.7396 -9.990e-29
 179.910422     -2.207   0.352039    15.0434    -1.8663     -2.189     0.2107    -0.7421 -9.990e-29
 179.910428     -2.206   0.352039    15.0569    -1.8659     -2.188     0.2106    -0.7442 -9.990e-29
 179.910434     -2.204   0.352365    15.0683    -1.8655     -2.186     0.2108    -0.7458 -9.990e-29
 179.910440     -2.199   0.352894    15.0780    -1.8652     -2.181     0.2111    -0.7471 -9.990e-29
 179.910446     -2.190   0.353220    15.0854    -1.8646     -2.172     0.2112    -0.7481 -9.990e-29
 179.910451     -2.175   0.353222    15.0912    -1.8642     -2.157     0.2112    -0.7490 -9.990e-29
 179.910457     -2.159   0.352903    15.0977    -1.8638     -2.141     0.2110    -0.7502 -9.990e-29
 179.910463     -2.144   0.352390    15.1043    -1.8637     -2.126     0.2106    -0.7515 -9.990e-29
 179.910469     -2.131   0.352108    15.1102    -1.8633     -2.113     0.2104    -0.7525 -9.990e-29
 179.910475     -2.117   0.352235    15.1170    -1.8629     -2.099     0.2105    -0.7535 -9.990e-29
 179.910480     -2.102   0.352385    15.1255    -1.8625     -2.084     0.2105    -0.7548 -9.990e-29
 179.910486     -2.084   0.352200    15.1352    -1.8623     -2.067     0.2103    -0.7564 -9.990e-29
 179.910492     -2.064   0.351989    15.1459    -1.8621     -2.047     0.2102    -0.7582 -9.990e-29
 179.910498     -2.044   0.352025    15.1570    -1.8617     -2.027     0.2101    -0.7599 -9.990e-29
 179.910503     -2.027   0.352354    15.1676    -1.8613     -2.010     0.2103    -0.7614 -9.990e-29
 179.910509     -2.011   0.352860    15.1767    -1.8611     -1.994     0.2105    -0.7626 -9.990e-29
 179.910515     -1.996   0.353105    15.1845    -1.8611     -1.979     0.2106    -0.7637 -9.990e-29
