data/oxygen options/ONMS/Olympic_Coast_National_Marine_Sanctuary_CTD_Data_2005_2023/raw_data/2016/CAST_KL027_160804faedb.cnv
* Sea-Bird SBE19 Data File:
* FileName = C:\2016 Mooring Data\Casts\Data\CAST_KL027_160804.hex
* Software Version 1.59
* Temperature SN = 2997
* Conductivity SN = 2997
* System UpLoad Time = Aug 04 2016 16:26:54
** CAST_KL027_160804
* ds
# nquan = 9
# nvalues = 25                          
# units = specified
# name 0 = timeJ: Julian Days
# name 1 = prSM: Pressure, Strain Gauge [db]
# name 2 = c0mS/cm: Conductivity [mS/cm]
# name 3 = t090C: Temperature [ITS-90, deg C]
# name 4 = sbeox0ML/L: Oxygen, SBE 43 [ml/l]
# name 5 = depSM: Depth [salt water, m], lat = 47.5
# name 6 = sal00: Salinity, Practical [PSU]
# name 7 = sigma-é00: Density [sigma-theta, kg/m^3]
# name 8 = flag: flag
# span 0 = 217.664710, 217.665339       
# span 1 =      2.000,     26.000       
# span 2 =  34.759471,  37.966326       
# span 3 =     7.7713,    12.2044       
# span 4 =     2.9316,     9.1632       
# span 5 =      1.983,     25.782       
# span 6 =    32.8417,    33.6771       
# span 7 =    24.8748,    26.2687       
# span 8 = 0.0000e+00, 0.0000e+00       
# interval = decibars: 1                
# start_time = Aug 04 2016 15:51:45 [Instrument's time stamp, header]
# bad_flag = -9.990e-29
*END*
 217.664710      2.000  37.966326    12.2044     9.1632      1.983    32.8417    24.8748 0.0000e+00
 217.664738      3.000  37.563607    11.6180     7.9874      2.975    32.9691    25.0826 0.0000e+00
 217.664763      4.000  37.054519    10.8716     7.3556      3.967    33.1361    25.3468 0.0000e+00
 217.664791      5.000  36.590316    10.4286     6.6864      4.958    33.0734    25.3752 0.0000e+00
 217.664816      6.000  36.222627     9.8809     5.8261      5.949    33.2019    25.5679 0.0000e+00
 217.664840      7.000  35.886062     9.4837     5.3556      6.941    33.2236    25.6502 0.0000e+00
 217.664867      8.000  35.672603     9.2616     4.7368      7.933    33.2093    25.6748 0.0000e+00
 217.664893      9.000  35.482792     8.9032     4.0670      8.925    33.3466    25.8388 0.0000e+00
 217.664917     10.000  35.243086     8.6175     4.0691      9.917    33.3641    25.8968 0.0000e+00
 217.664945     11.000  35.222543     8.5787     3.9212     10.908    33.3786    25.9141 0.0000e+00
 217.664970     12.000  35.166373     8.4821     3.6418     11.899    33.4104    25.9537 0.0000e+00
 217.664995     13.000  35.117471     8.4385     3.5394     12.891    33.3996    25.9519 0.0000e+00
 217.665021     14.000  35.090143     8.3485     3.4309     13.883    33.4557    26.0095 0.0000e+00
 217.665047     15.000  35.011095     8.1968     3.2045     14.874    33.5160    26.0795 0.0000e+00
 217.665075     16.000  34.886131     7.9736     3.0353     15.866    33.5960    26.1753 0.0000e+00
 217.665103     17.000  34.810191     7.8663     2.9979     16.857    33.6175    26.2079 0.0000e+00
 217.665128     18.000  34.799070     7.8125     3.0128     17.849    33.6570    26.2468 0.0000e+00
 217.665156     19.000  34.810457     7.8287     2.9945     18.841    33.6531    26.2413 0.0000e+00
 217.665183     20.000  34.791433     7.7925     2.9850     19.832    33.6671    26.2576 0.0000e+00
 217.665209     21.000  34.795032     7.7893     2.9747     20.824    33.6736    26.2632 0.0000e+00
 217.665235     22.000  34.788538     7.7824     2.9582     21.815    33.6728    26.2636 0.0000e+00
 217.665263     23.000  34.759471     7.7774     2.9624     22.807    33.6459    26.2432 0.0000e+00
 217.665286     24.000  34.781978     7.7713     2.9567     23.798    33.6755    26.2674 0.0000e+00
 217.665311     25.000  34.783886     7.7713     2.9500     24.790    33.6771    26.2687 0.0000e+00
 217.665339     26.000  34.787282     7.7775     2.9316     25.782    33.6743    26.2655 0.0000e+00
