data/oxygen options/ONMS/Olympic_Coast_National_Marine_Sanctuary_CTD_Data_2005_2023/raw_data/2016/CAST_TH015_160531faed.cnv
* Sea-Bird SBE 19 Data File:
* FileName = C:\2016 Mooring Data\Casts\Data\CAST_TH015_160531.hex
* Software Version SeatermAF 2.1.2
* Temperature SN = 2997
* Conductivity SN = 2997
* System UpLoad Time = May 31 2016 23:41:45 (localtime) = May 31 2016 23:41:45 (UTC)
** CAST_TH015_160531
* ds
# nquan = 9                                 
# nvalues = 879                         
# units = specified
# name 0 = timeJ: Julian Days
# name 1 = prSM: Pressure, Strain Gauge [db]
# name 2 = c0mS/cm: Conductivity [mS/cm]
# name 3 = t090C: Temperature [ITS-90, deg C]
# name 4 = sbeox0ML/L: Oxygen, SBE 43 [ml/l]
# name 5 = depSM: Depth [salt water, m], lat = 47.5
# name 6 = sal00: Salinity, Practical [PSU]
# name 7 = sigma-é00: Density [sigma-theta, kg/m^3]
# name 8 = flag: flag
# span 0 = 152.979826, 152.984907       
# span 1 =     -5.106,     13.549       
# span 2 =   0.273655,  37.875198       
# span 3 =    10.2349,    15.7112       
# span 4 =    -1.8574,    14.1557       
# span 5 =     -5.063,     13.435       
# span 6 =     0.1606,    32.7765       
# span 7 =    -0.8849,    25.1750       
# span 8 = 0.0000e+00, 0.0000e+00       
# interval = seconds: 0.5
# start_time = May 31 2016 23:30:57 [Instrument's time stamp, header]
# bad_flag = -9.990e-29
*END*
[from data line 641]
 152.983536      0.516  36.877853    12.5871     7.4288      0.512    31.4736    23.7418 -9.990e-29
 152.983542      0.523  36.873710    12.5897     7.4153      0.519    31.4675    23.7366 -9.990e-29
 152.983547      0.528  36.870366    12.5911     7.3932      0.524    31.4632    23.7330 -9.990e-29
 152.983553      0.530  36.866644    12.5917     7.3844      0.526    31.4591    23.7298 -9.990e-29
 152.983559      0.531  36.865343    12.5935     7.3719      0.527    31.4564    23.7273 -9.990e-29
 152.983565      0.530  36.863525    12.5970     7.3751      0.526    31.4517    23.7230 -9.990e-29
 152.983571      0.528  36.857562    12.6011     7.3832      0.524    31.4427    23.7152 -9.990e-29
 152.983576      0.528  36.851749    12.6045     7.3757      0.524    31.4343    23.7081 -9.990e-29
 152.983582      0.534  36.848898    12.6054     7.3733      0.530    31.4308    23.7052 -9.990e-29
 152.983588      0.543  36.850170    12.6049     7.3678      0.538    31.4325    23.7066 -9.990e-29
 152.983594      0.551  36.852137    12.6054     7.3619      0.546    31.4339    23.7076 -9.990e-29
 152.983600      0.559  36.850614    12.6058     7.3473      0.554    31.4321    23.7062 -9.990e-29
 152.983605      0.567  36.848528    12.6052     7.3080      0.562    31.4306    23.7051 -9.990e-29
 152.983611      0.576  36.846378    12.6051     7.2838      0.571    31.4287    23.7036 -9.990e-29
 152.983617      0.585  36.842336    12.6066     7.2547      0.580    31.4236    23.6994 -9.990e-29
 152.983623      0.597  36.837652    12.6098     7.2553      0.592    31.4165    23.6933 -9.990e-29
 152.983628      0.610  36.833283    12.6142     7.2444      0.605    31.4087    23.6864 -9.990e-29
 152.983634      0.627  36.827805    12.6198     7.2304      0.622    31.3988    23.6777 -9.990e-29
 152.983640      0.649  36.819994    12.6264     7.2224      0.644    31.3859    23.6664 -9.990e-29
 152.983646      0.676  36.811122    12.6333     7.2302      0.670    31.3717    23.6542 -9.990e-29
 152.983652      0.711  36.803286    12.6391     7.3364      0.705    31.3595    23.6436 -9.990e-29
 152.983657      0.755  36.798284    12.6432     7.5229      0.749    31.3513    23.6365 -9.990e-29
 152.983663      0.812  36.797209    12.6453     7.7437      0.805    31.3485    23.6339 -9.990e-29
 152.983669      0.885  36.799668    12.6441     7.9216      0.878    31.3518    23.6367 -9.990e-29
 152.983675      0.975  36.807176    12.6364     8.0107      0.967    31.3653    23.6486 -9.990e-29
 152.983681      1.082  36.830221    12.6148     8.0337      1.073    31.4051    23.6835 -9.990e-29
 152.983686      1.214  36.884317    12.5729     7.9845      1.204    31.4913    23.7583 0.0000e+00
 152.983692      1.371  36.961937    12.5181     7.9255      1.360    31.6110    23.8614 0.0000e+00
 152.983698      1.545  37.031998    12.4678     7.8333      1.532    31.7200    23.9553 0.0000e+00
 152.983704      1.730  37.079112    12.4313     7.7182      1.716    31.7957    24.0209 0.0000e+00
 152.983709      1.926  37.107160    12.4083     7.5501      1.910    31.8418    24.0610 0.0000e+00
 152.983715      2.132  37.124867    12.3943     7.3513      2.114    31.8705    24.0859 0.0000e+00
 152.983721      2.340  37.140620    12.3851     7.1572      2.320    31.8933    24.1053 0.0000e+00
 152.983727      2.545  37.152917    12.3788     6.9956      2.524    31.9103    24.1197 0.0000e+00
 152.983733      2.753  37.158454    12.3729     6.9067      2.730    31.9206    24.1288 0.0000e+00
 152.983738      2.963  37.159486    12.3655     6.8407      2.938    31.9278    24.1358 0.0000e+00
 152.983744      3.177  37.158424    12.3543     6.8002      3.150    31.9362    24.1444 0.0000e+00
 152.983750      3.399  37.158250    12.3410     6.7529      3.371    31.9473    24.1555 0.0000e+00
 152.983756      3.630  37.162570    12.3329     6.7184      3.600    31.9582    24.1655 0.0000e+00
 152.983762      3.869  37.172573    12.3321     6.6824      3.837    31.9684    24.1735 0.0000e+00
 152.983767      4.112  37.186939    12.3329     6.6232      4.078    31.9813    24.1834 0.0000e+00
 152.983773      4.360  37.202318    12.3304     6.5628      4.324    31.9981    24.1969 0.0000e+00
 152.983779      4.609  37.213913    12.3221     6.4620      4.570    32.0162    24.2125 0.0000e+00
 152.983785      4.855  37.218604    12.3029     6.3505      4.814    32.0370    24.2322 0.0000e+00
 152.983791      5.092  37.216958    12.2692     6.2068      5.049    32.0641    24.2596 0.0000e+00
 152.983796      5.323  37.210615    12.2267     6.0776      5.279    32.0944    24.2911 0.0000e+00
 152.983802      5.552  37.202240    12.1834     5.9722      5.506    32.1234    24.3217 0.0000e+00
 152.983808      5.783  37.196827    12.1407     5.9290      5.735    32.1548    24.3541 0.0000e+00
 152.983814      6.012  37.196033    12.0982     5.9551      5.962    32.1905    24.3897 0.0000e+00
 152.983819      6.241  37.196468    12.0535     5.9975      6.189    32.2294    24.4282 0.0000e+00
 152.983825      6.472  37.189091    11.9943     6.0450      6.418    32.2734    24.4734 0.0000e+00
 152.983831      6.703  37.166777    11.9185     6.0525      6.647    32.3174    24.5216 0.0000e+00
 152.983837      6.931  37.132188    11.8371     6.0515      6.873    32.3545    24.5655 0.0000e+00
 152.983843      7.158  37.090672    11.7497     6.0098      7.098    32.3903    24.6093 0.0000e+00
 152.983848      7.390  37.046742    11.6635     5.9670      7.328    32.4227    24.6503 0.0000e+00
 152.983854      7.629  36.993844    11.5890     5.9360      7.565    32.4362    24.6744 0.0000e+00
 152.983860      7.872  36.931961    11.5162     5.9175      7.806    32.4395    24.6901 0.0000e+00
 152.983866      8.119  36.877112    11.4430     5.8923      8.051    32.4500    24.7115 0.0000e+00
 152.983872      8.367  36.830044    11.3848     5.8241      8.297    32.4549    24.7258 0.0000e+00
 152.983877      8.616  36.786745    11.3453     5.7387      8.544    32.4470    24.7268 0.0000e+00
 152.983883      8.863  36.752150    11.3104     5.6202      8.789    32.4437    24.7305 0.0000e+00
 152.983889      9.108  36.724307    11.2619     5.4899      9.032    32.4589    24.7510 0.0000e+00
 152.983895      9.354  36.693462    11.1951     5.3522      9.276    32.4873    24.7850 0.0000e+00
 152.983900      9.603  36.654825    11.1188     5.2002      9.523    32.5165    24.8213 0.0000e+00
 152.983906      9.849  36.613390    11.0392     5.0564      9.767    32.5459    24.8583 0.0000e+00
 152.983912     10.092  36.573211    10.9558     4.9199     10.008    32.5801    24.8996 0.0000e+00
 152.983918     10.338  36.529934    10.8715     4.8227     10.251    32.6120    24.9392 0.0000e+00
 152.983924     10.589  36.480674    10.7891     4.7504     10.500    32.6364    24.9726 0.0000e+00
 152.983929     10.846  36.431381    10.7044     4.7262     10.755    32.6628    25.0079 0.0000e+00
 152.983935     11.102  36.387398    10.6226     4.7282     11.009    32.6920    25.0448 0.0000e+00
 152.983941     11.353  36.348822    10.5620     4.7369     11.258    32.7077    25.0675 0.0000e+00
 152.983947     11.598  36.316791    10.5270     4.7157     11.501    32.7069    25.0729 0.0000e+00
 152.983953     11.834  36.295007    10.5071     4.7027     11.735    32.7029    25.0732 0.0000e+00
 152.983958     12.065  36.286271    10.4949     4.6513     11.964    32.7050    25.0769 0.0000e+00
 152.983964     12.287  36.284451    10.4869     4.5783     12.184    32.7102    25.0824 0.0000e+00
 152.983970     12.493  36.279191    10.4799     4.5160     12.388    32.7112    25.0843 0.0000e+00
 152.983976     12.685  36.268997    10.4670     4.4772     12.579    32.7125    25.0875 0.0000e+00
 152.983981     12.860  36.254202    10.4358     4.4752     12.752    32.7256    25.1031 0.0000e+00
 152.983987     13.018  36.229563    10.3838     4.4953     12.909    32.7476    25.1291 0.0000e+00
 152.983993     13.159  36.183999    10.3428     4.5401     13.049    32.7387    25.1292 -9.990e-29
 152.983999     13.281  36.131193    10.3328     4.5612     13.170    32.6945    25.0964 -9.990e-29
 152.984005     13.377  36.109907    10.3293     4.5667     13.265    32.6762    25.0828 -9.990e-29
 152.984010     13.450  36.114080    10.3214     4.5434     13.337    32.6875    25.0929 -9.990e-29
 152.984016     13.505  36.115579    10.3142     4.5208     13.392    32.6954    25.1003 -9.990e-29
 152.984022     13.540  36.118202    10.3044     4.5023     13.427    32.7069    25.1109 -9.990e-29
 152.984028     13.549  36.126534    10.2941     4.5194     13.435    32.7245    25.1264 -9.990e-29
 152.984034     13.533  36.134510    10.2886     4.5525     13.420    32.7375    25.1375 -9.990e-29
 152.984039     13.500  36.141598    10.2773     4.6340     13.387    32.7549    25.1529 -9.990e-29
 152.984045     13.451  36.140117    10.2518     4.7080     13.338    32.7765    25.1741 -9.990e-29
 152.984051     13.388  36.122545    10.2349     4.7687     13.276    32.7740    25.1750 -9.990e-29
 152.984057     13.315  36.107532    10.2614     4.7953     13.203    32.7350    25.1401 -9.990e-29
 152.984062     13.236  36.118814    10.3319     4.8196     13.125    32.6829    25.0875 -9.990e-29
 152.984068     13.155  36.155233    10.4050     4.8323     13.045    32.6538    25.0524 -9.990e-29
 152.984074     13.075  36.195932    10.4502     4.8346     12.965    32.6541    25.0449 -9.990e-29
 152.984080     13.000  36.224647    10.4702     4.8544     12.891    32.6650    25.0500 -9.990e-29
 152.984086     12.928  36.238834    10.4802     4.8446     12.820    32.6702    25.0524 -9.990e-29
 152.984091     12.857  36.245145    10.4894     4.8464     12.749    32.6683    25.0493 -9.990e-29
 152.984097     12.784  36.250930    10.4982     4.8428     12.677    32.6663    25.0462 -9.990e-29
 152.984103     12.715  36.257235    10.5051     4.8445     12.608    32.6664    25.0452 -9.990e-29
 152.984109     12.649  36.261878    10.5097     4.8379     12.543    32.6670    25.0448 -9.990e-29
 152.984115     12.585  36.264385    10.5124     4.8458     12.480    32.6671    25.0444 -9.990e-29
 152.984120     12.530  36.265915    10.5141     4.8323     12.425    32.6671    25.0442 -9.990e-29
 152.984126     12.478  36.266883    10.5153     4.8282     12.373    32.6671    25.0439 -9.990e-29
 152.984132     12.423  36.267515    10.5156     4.8180     12.319    32.6674    25.0441 -9.990e-29
 152.984138     12.365  36.267591    10.5154     4.8085     12.261    32.6677    25.0444 -9.990e-29
 152.984144     12.306  36.267268    10.5154     4.8101     12.203    32.6674    25.0442 -9.990e-29
 152.984149     12.240  36.267292    10.5160     4.8082     12.137    32.6669    25.0437 -9.990e-29
 152.984155     12.169  36.267752    10.5172     4.8175     12.067    32.6664    25.0430 -9.990e-29
 152.984161     12.095  36.268196    10.5187     4.8248     11.994    32.6655    25.0421 -9.990e-29
 152.984167     12.020  36.268713    10.5202     4.8258     11.919    32.6647    25.0412 -9.990e-29
 152.984172     11.942  36.269490    10.5211     4.8299     11.842    32.6647    25.0410 -9.990e-29
 152.984178     11.865  36.269939    10.5210     4.8457     11.766    32.6653    25.0415 -9.990e-29
 152.984184     11.788  36.269594    10.5201     4.8570     11.689    32.6658    25.0420 -9.990e-29
 152.984190     11.707  36.269171    10.5194     4.8872     11.609    32.6660    25.0424 -9.990e-29
 152.984196     11.620  36.269282    10.5201     4.9017     11.523    32.6655    25.0419 -9.990e-29
 152.984201     11.531  36.269573    10.5237     4.9609     11.434    32.6626    25.0390 -9.990e-29
 152.984207     11.442  36.270486    10.5313     5.0333     11.346    32.6568    25.0331 -9.990e-29
 152.984213     11.357  36.273297    10.5418     5.1237     11.262    32.6502    25.0262 -9.990e-29
 152.984219     11.273  36.277888    10.5536     5.2058     11.179    32.6443    25.0195 -9.990e-29
 152.984225     11.187  36.283156    10.5696     5.2761     11.093    32.6352    25.0098 -9.990e-29
 152.984230     11.097  36.290018    10.5955     5.3144     11.004    32.6190    24.9926 -9.990e-29
 152.984236     11.005  36.301518    10.6353     5.3251     10.913    32.5949    24.9670 -9.990e-29
 152.984242     10.910  36.319600    10.6852     5.3089     10.819    32.5685    24.9378 -9.990e-29
 152.984248     10.811  36.342660    10.7311     5.2767     10.720    32.5506    24.9159 -9.990e-29
 152.984253     10.713  36.365647    10.7572     5.2428     10.623    32.5503    24.9111 -9.990e-29
 152.984259     10.624  36.381736    10.7563     5.2110     10.535    32.5671    24.9244 -9.990e-29
 152.984265     10.541  36.385549    10.7366     5.1908     10.453    32.5885    24.9445 -9.990e-29
 152.984271     10.461  36.379991    10.7161     5.1615     10.373    32.6013    24.9580 -9.990e-29
 152.984277     10.377  36.372833    10.7059     5.1612     10.290    32.6033    24.9613 -9.990e-29
 152.984282     10.284  36.367470    10.7047     5.1677     10.198    32.5991    24.9582 -9.990e-29
 152.984288     10.185  36.364648    10.7027     5.2003     10.100    32.5981    24.9578 -9.990e-29
 152.984294     10.091  36.362341    10.6948     5.2394     10.007    32.6029    24.9629 -9.990e-29
 152.984300      9.999  36.358092    10.6900     5.3160      9.915    32.6030    24.9638 -9.990e-29
 152.984306      9.901  36.355257    10.6962     5.4043      9.818    32.5946    24.9562 -9.990e-29
 152.984311      9.794  36.357953    10.7137     5.5185      9.712    32.5818    24.9432 -9.990e-29
 152.984317      9.679  36.365910    10.7437     5.6055      9.598    32.5630    24.9234 -9.990e-29
 152.984323      9.559  36.378028    10.7905     5.6807      9.479    32.5335    24.8922 -9.990e-29
 152.984329      9.433  36.397074    10.8581     5.7447      9.354    32.4924    24.8485 0.0000e+00
 152.984334      9.303  36.426652    10.9385     5.7977      9.225    32.4505    24.8018 0.0000e+00
 152.984340      9.169  36.463679    11.0147     5.8427      9.092    32.4199    24.7645 0.0000e+00
 152.984346      9.034  36.501001    11.0778     5.8854      8.958    32.4011    24.7388 0.0000e+00
 152.984352      8.904  36.534660    11.1306     5.8994      8.829    32.3879    24.7192 0.0000e+00
 152.984358      8.774  36.564781    11.1808     5.9373      8.701    32.3734    24.6990 0.0000e+00
 152.984363      8.640  36.594046    11.2342     5.9591      8.568    32.3554    24.6754 0.0000e+00
 152.984369      8.507  36.626799    11.2910     6.0141      8.436    32.3378    24.6516 0.0000e+00
 152.984375      8.378  36.666433    11.3424     6.0926      8.308    32.3317    24.6377 0.0000e+00
 152.984381      8.251  36.707581    11.3806     6.1790      8.182    32.3386    24.6362 0.0000e+00
 152.984387      8.121  36.740734    11.4092     6.2594      8.053    32.3461    24.6369 0.0000e+00
 152.984392      7.988  36.765894    11.4362     6.2963      7.921    32.3471    24.6328 0.0000e+00
 152.984398      7.853  36.788654    11.4646     6.3037      7.787    32.3446    24.6257 0.0000e+00
 152.984404      7.716  36.811964    11.4914     6.2891      7.651    32.3440    24.6204 0.0000e+00
 152.984410      7.576  36.835583    11.5138     6.2501      7.513    32.3476    24.6191 0.0000e+00
 152.984416      7.434  36.856324    11.5311     6.1762      7.372    32.3528    24.6200 0.0000e+00
 152.984421      7.288  36.871642    11.5443     6.0846      7.227    32.3562    24.6203 0.0000e+00
 152.984427      7.142  36.882971    11.5566     6.0074      7.082    32.3566    24.6184 0.0000e+00
 152.984433      7.000  36.893149    11.5721     5.9693      6.941    32.3531    24.6128 0.0000e+00
 152.984439      6.861  36.905159    11.5966     5.9504      6.804    32.3434    24.6009 0.0000e+00
 152.984444      6.725  36.922187    11.6387     5.9648      6.669    32.3234    24.5776 0.0000e+00
 152.984450      6.593  36.946822    11.6960     5.9650      6.538    32.2975    24.5470 0.0000e+00
