data/oxygen options/ONMS/Olympic_Coast_National_Marine_Sanctuary_CTD_Data_2005_2023/raw_data/2016/CAST_KL015_160701faed.cnv
* Sea-Bird SBE19 Data File:
* FileName = C:\2016 Mooring Data\Casts\Data\CAST_KL015_160701.hex
* Software Version 1.59
* Temperature SN = 2997
* Conductivity SN = 2997
* System UpLoad Time = Jul 01 2016 17:56:32
** CAST_KL015_160701
* ds
# nquan = 9                                 
# nvalues = 835                         
# units = specified
# name 0 = timeJ: Julian Days
# name 1 = prSM: Pressure, Strain Gauge [db]
# name 2 = c0mS/cm: Conductivity [mS/cm]
# name 3 = t090C: Temperature [ITS-90, deg C]
# name 4 = sbeox0ML/L: Oxygen, SBE 43 [ml/l]
# name 5 = depSM: Depth [salt water, m], lat = 47.5
# name 6 = sal00: Salinity, Practical [PSU]
# name 7 = sigma-é00: Density [sigma-theta, kg/m^3]
# name 8 = flag: flag
# span 0 = 183.732130, 183.736956       
# span 1 =     -4.782,     17.110       
# span 2 =   0.379666,  36.731629       
# span 3 =     7.9339,    12.2670       
# span 4 =    -2.0089,    12.9790       
# span 5 =     -4.742,     16.966       
# span 6 =     0.2463,    33.6386       
# span 7 =    -0.3213,    26.2130       
# span 8 = 0.0000e+00, 0.0000e+00       
# interval = seconds: 0.5
# start_time = Jul 01 2016 17:34:16 [Instrument's time stamp, header]
# bad_flag = -9.990e-29
*END*
 183.732130     -4.782 -9.990e-29    12.1683    -1.9903     -4.742 -9.990e-29 -9.990e-29 -9.990e-29
 183.732135     -4.770   0.434621    12.1675    -1.9906     -4.730     0.2808    -0.3004 -9.990e-29
 183.732141     -4.755   0.435156    12.1660    -1.9908     -4.715     0.2811    -0.2999 -9.990e-29
 183.732147     -4.735   0.435466    12.1648    -1.9910     -4.696     0.2814    -0.2996 -9.990e-29
 183.732153     -4.710   0.435407    12.1640    -1.9910     -4.671     0.2813    -0.2996 -9.990e-29
 183.732159     -4.682   0.435086    12.1633    -1.9908     -4.643     0.2811    -0.2996 -9.990e-29
 183.732164     -4.653   0.434632    12.1621    -1.9907     -4.614     0.2808    -0.2997 -9.990e-29
 183.732170     -4.622   0.434180    12.1592    -1.9906     -4.583     0.2805    -0.2996 -9.990e-29
 183.732176     -4.591   0.433685    12.1549    -1.9904     -4.553     0.2802    -0.2993 -9.990e-29
 183.732182     -4.562   0.433228    12.1502    -1.9904     -4.524     0.2800    -0.2990 -9.990e-29
 183.732188     -4.534   0.433311    12.1455    -1.9904     -4.496     0.2801    -0.2984 -9.990e-29
 183.732193     -4.505   0.434046    12.1416    -1.9907     -4.467     0.2806    -0.2975 -9.990e-29
 183.732199     -4.472   0.434748    12.1396    -1.9910     -4.435     0.2811    -0.2969 -9.990e-29
 183.732205     -4.434   0.434685    12.1400    -1.9914     -4.397     0.2810    -0.2970 -9.990e-29
 183.732211     -4.393   0.433776    12.1421    -1.9916     -4.356     0.2804    -0.2977 -9.990e-29
 183.732216     -4.354   0.432476    12.1446    -1.9916     -4.318     0.2795    -0.2987 -9.990e-29
 183.732222     -4.320   0.431273    12.1469    -1.9915     -4.284     0.2787    -0.2996 -9.990e-29
 183.732228     -4.288   0.430787    12.1485    -1.9915     -4.252     0.2784    -0.3001 -9.990e-29
 183.732234     -4.256   0.431481    12.1490    -1.9918     -4.221     0.2788    -0.2998 -9.990e-29
 183.732240     -4.222   0.432614    12.1475    -1.9919     -4.187     0.2796    -0.2990 -9.990e-29
 183.732245     -4.184   0.432921    12.1436    -1.9918     -4.149     0.2798    -0.2983 -9.990e-29
 183.732251     -4.144   0.432258    12.1382    -1.9917     -4.109     0.2794    -0.2980 -9.990e-29
 183.732257     -4.108   0.431409    12.1325    -1.9915     -4.074     0.2789    -0.2978 -9.990e-29
 183.732263     -4.078   0.430908    12.1286    -1.9912     -4.044     0.2786    -0.2976 -9.990e-29
 183.732269     -4.052   0.430643    12.1273    -1.9908     -4.018     0.2784    -0.2975 -9.990e-29
 183.732274     -4.028   0.430261    12.1271    -1.9905     -3.994     0.2782    -0.2977 -9.990e-29
 183.732280     -4.005   0.429808    12.1260    -1.9902     -3.972     0.2779    -0.2978 -9.990e-29
 183.732286     -3.981   0.429792    12.1236    -1.9899     -3.948     0.2779    -0.2975 -9.990e-29
 183.732292     -3.955   0.430194    12.1224    -1.9897     -3.922     0.2781    -0.2972 -9.990e-29
 183.732297     -3.925   0.430441    12.1238    -1.9897     -3.892     0.2783    -0.2972 -9.990e-29
 183.732303     -3.894   0.430307    12.1271    -1.9897     -3.862     0.2782    -0.2977 -9.990e-29
 183.732309     -3.863   0.429614    12.1320    -1.9898     -3.831     0.2777    -0.2986 -9.990e-29
 183.732315     -3.831   0.428551    12.1380    -1.9897     -3.799     0.2769    -0.2999 -9.990e-29
 183.732321     -3.800   0.427921    12.1446    -1.9895     -3.768     0.2765    -0.3011 -9.990e-29
 183.732326     -3.773   0.427996    12.1513    -1.9894     -3.742     0.2765    -0.3018 -9.990e-29
 183.732332     -3.747   0.428322    12.1578    -1.9892     -3.716     0.2767    -0.3025 -9.990e-29
 183.732338     -3.721   0.428223    12.1636    -1.9890     -3.690     0.2765    -0.3032 -9.990e-29
 183.732344     -3.694   0.427569    12.1676    -1.9887     -3.663     0.2761    -0.3041 -9.990e-29
 183.732350     -3.663   0.427155    12.1696    -1.9887     -3.632     0.2758    -0.3045 -9.990e-29
 183.732355     -3.631   0.427540    12.1703    -1.9884     -3.601     0.2760    -0.3044 -9.990e-29
 183.732361     -3.600   0.428128    12.1711    -1.9883     -3.570     0.2764    -0.3042 -9.990e-29
 183.732367     -3.568   0.428037    12.1730    -1.9882     -3.538     0.2764    -0.3045 -9.990e-29
 183.732373     -3.538   0.427148    12.1758    -1.9881     -3.509     0.2757    -0.3053 -9.990e-29
 183.732378     -3.512   0.425941    12.1790    -1.9880     -3.483     0.2749    -0.3063 -9.990e-29
 183.732384     -3.488   0.425029    12.1828    -1.9879     -3.459     0.2743    -0.3072 -9.990e-29
 183.732390     -3.465   0.424864    12.1873    -1.9877     -3.436     0.2741    -0.3079 -9.990e-29
 183.732396     -3.440   0.425227    12.1921    -1.9872     -3.411     0.2743    -0.3083 -9.990e-29
 183.732402     -3.413   0.425491    12.1964    -1.9870     -3.385     0.2745    -0.3087 -9.990e-29
 183.732407     -3.387   0.425453    12.2004    -1.9869     -3.359     0.2744    -0.3092 -9.990e-29
 183.732413     -3.363   0.425064    12.2041    -1.9868     -3.335     0.2742    -0.3098 -9.990e-29
 183.732419     -3.340   0.424363    12.2070    -1.9865     -3.312     0.2737    -0.3106 -9.990e-29
 183.732425     -3.322   0.423528    12.2094    -1.9865     -3.294     0.2731    -0.3113 -9.990e-29
 183.732431     -3.310   0.422555    12.2118    -1.9862     -3.282     0.2724    -0.3121 -9.990e-29
 183.732436     -3.301   0.421816    12.2152    -1.9861     -3.273     0.2719    -0.3129 -9.990e-29
 183.732442     -3.285   0.421991    12.2204    -1.9859     -3.258     0.2720    -0.3134 -9.990e-29
 183.732448     -3.260   0.422758    12.2266    -1.9857     -3.233     0.2725    -0.3138 -9.990e-29
 183.732454     -3.235   0.422920    12.2319    -1.9855     -3.208     0.2725    -0.3144 -9.990e-29
 183.732459     -3.212   0.422137    12.2358    -1.9855     -3.185     0.2720    -0.3153 -9.990e-29
 183.732465     -3.188   0.421034    12.2395    -1.9855     -3.161     0.2712    -0.3163 -9.990e-29
 183.732471     -3.163   0.420362    12.2433    -1.9856     -3.137     0.2708    -0.3171 -9.990e-29
 183.732477     -3.136   0.420336    12.2473    -1.9863     -3.110     0.2707    -0.3176 -9.990e-29
 183.732483     -3.103   0.420367    12.2517    -1.9866     -3.077     0.2707    -0.3181 -9.990e-29
 183.732488     -3.068   0.419942    12.2562    -1.9867     -3.042     0.2704    -0.3189 -9.990e-29
 183.732494     -3.037   0.419051    12.2603    -1.9870     -3.012     0.2698    -0.3199 -9.990e-29
 183.732500     -3.013   0.418172    12.2639    -1.9873     -2.988     0.2692    -0.3208 -9.990e-29
 183.732506     -2.992   0.417802    12.2664    -1.9871     -2.967     0.2689    -0.3213 -9.990e-29
 183.732512     -2.976   0.418003    12.2670    -1.9873     -2.951     0.2690    -0.3213 -9.990e-29
 183.732517     -2.961   0.418488    12.2655    -1.9874     -2.936     0.2694    -0.3208 -9.990e-29
 183.732523     -2.948   0.418795    12.2610    -1.9877     -2.923     0.2696    -0.3201 -9.990e-29
 183.732529     -2.935   0.418779    12.2538    -1.9876     -2.911     0.2696    -0.3192 -9.990e-29
 183.732535     -2.922   0.418419    12.2473    -1.9880     -2.898     0.2694    -0.3186 -9.990e-29
 183.732541     -2.908   0.417792    12.2424    -1.9887     -2.884     0.2691    -0.3183 -9.990e-29
 183.732546     -2.892   0.417173    12.2377    -1.9888     -2.868     0.2687    -0.3181 -9.990e-29
 183.732552     -2.873   0.416846    12.2341    -1.9890     -2.849     0.2685    -0.3178 -9.990e-29
 183.732558     -2.849   0.416932    12.2322    -1.9891     -2.825     0.2686    -0.3175 -9.990e-29
 183.732564     -2.820   0.416993    12.2305    -1.9893     -2.796     0.2686    -0.3173 -9.990e-29
 183.732569     -2.787   0.416554    12.2279    -1.9894     -2.764     0.2683    -0.3172 -9.990e-29
 183.732575     -2.757   0.415587    12.2244    -1.9895     -2.734     0.2677    -0.3172 -9.990e-29
 183.732581     -2.733   0.414470    12.2198    -1.9895     -2.710     0.2670    -0.3173 -9.990e-29
 183.732587     -2.713   0.413934    12.2127    -1.9895     -2.690     0.2667    -0.3167 -9.990e-29
 183.732593     -2.696   0.414376    12.2048    -1.9895     -2.674     0.2671    -0.3155 -9.990e-29
 183.732598     -2.680   0.415276    12.1992    -1.9896     -2.658     0.2677    -0.3143 -9.990e-29
 183.732604     -2.665   0.415615    12.1955    -1.9895     -2.643     0.2679    -0.3137 -9.990e-29
 183.732610     -2.649   0.414735    12.1921    -1.9894     -2.627     0.2674    -0.3137 -9.990e-29
 183.732616     -2.632   0.413130    12.1886    -1.9891     -2.610     0.2663    -0.3141 -9.990e-29
 183.732622     -2.613   0.411990    12.1859    -1.9888     -2.591     0.2656    -0.3144 -9.990e-29
 183.732627     -2.590   0.412018    12.1847    -1.9887     -2.568     0.2656    -0.3142 -9.990e-29
 183.732633     -2.561   0.412699    12.1846    -1.9890     -2.540     0.2661    -0.3139 -9.990e-29
 183.732639     -2.530   0.412720    12.1846    -1.9899     -2.509     0.2661    -0.3138 -9.990e-29
 183.732645     -2.503   0.411555    12.1846    -1.9910     -2.482     0.2653    -0.3144 -9.990e-29
 183.732650     -2.482   0.409871    12.1850    -1.9917     -2.461     0.2642    -0.3154 -9.990e-29
 183.732656     -2.467   0.408756    12.1864    -1.9923     -2.446     0.2634    -0.3161 -9.990e-29
 183.732662     -2.455   0.408947    12.1892    -1.9924     -2.435     0.2636    -0.3164 -9.990e-29
 183.732668     -2.447   0.410142    12.1929    -1.9924     -2.427     0.2643    -0.3162 -9.990e-29
 183.732674     -2.441   0.411161    12.1959    -1.9924     -2.421     0.2650    -0.3160 -9.990e-29
 183.732679     -2.438   0.411141    12.1951    -1.9925     -2.418     0.2650    -0.3160 -9.990e-29
 183.732685     -2.434   0.410058    12.1876    -1.9932     -2.414     0.2643    -0.3156 -9.990e-29
 183.732691     -2.422   0.408689    12.1732    -1.9940     -2.402     0.2635    -0.3145 -9.990e-29
 183.732697     -2.408   0.407987    12.1560    -1.9947     -2.388     0.2631    -0.3128 -9.990e-29
 183.732703     -2.394   0.408127    12.1408    -1.9955     -2.374     0.2633    -0.3109 -9.990e-29
 183.732708     -2.379   0.408742    12.1301    -1.9959     -2.359     0.2638    -0.3093 -9.990e-29
 183.732714     -2.363   0.408985    12.1247    -1.9960     -2.343     0.2640    -0.3085 -9.990e-29
 183.732720     -2.345   0.408070    12.1222    -1.9961     -2.325     0.2634    -0.3086 -9.990e-29
 183.732726     -2.322   0.406444    12.1193    -1.9962     -2.303     0.2624    -0.3091 -9.990e-29
 183.732731     -2.295   0.405272    12.1130    -1.9964     -2.276     0.2616    -0.3090 -9.990e-29
 183.732737     -2.265   0.405215    12.1018    -1.9970     -2.246     0.2617    -0.3076 -9.990e-29
 183.732743     -2.240   0.406197    12.0874    -1.9975     -2.221     0.2624    -0.3054 -9.990e-29
 183.732749     -2.221   0.407306    12.0728    -1.9975     -2.202     0.2632    -0.3030 -9.990e-29
 183.732755     -2.204   0.407247    12.0603    -1.9973     -2.186     0.2633    -0.3016 -9.990e-29
 183.732760     -2.182   0.405940    12.0516    -1.9970     -2.164     0.2625    -0.3012 -9.990e-29
 183.732766     -2.159   0.404419    12.0464    -1.9973     -2.141     0.2615    -0.3014 -9.990e-29
 183.732772     -2.138   0.403435    12.0426    -1.9977     -2.120     0.2609    -0.3014 -9.990e-29
 183.732778     -2.122   0.403344    12.0383    -1.9984     -2.104     0.2608    -0.3009 -9.990e-29
 183.732784     -2.114   0.404024    12.0321    -1.9991     -2.096     0.2613    -0.2998 -9.990e-29
 183.732789     -2.108   0.404716    12.0240    -1.9993     -2.090     0.2618    -0.2985 -9.990e-29
 183.732795     -2.101   0.404681    12.0176    -1.9995     -2.083     0.2619    -0.2977 -9.990e-29
 183.732801     -2.092   0.403871    12.0157    -1.9997     -2.075     0.2613    -0.2979 -9.990e-29
 183.732807     -2.080   0.402874    12.0167    -1.9994     -2.063     0.2607    -0.2986 -9.990e-29
 183.732812     -2.065   0.402028    12.0169    -1.9990     -2.048     0.2601    -0.2990 -9.990e-29
 183.732818     -2.045   0.401316    12.0131    -1.9988     -2.028     0.2597    -0.2990 -9.990e-29
 183.732824     -2.024   0.400899    12.0047    -1.9988     -2.007     0.2594    -0.2982 -9.990e-29
 183.732830     -2.005   0.400779    11.9937    -1.9988     -1.988     0.2594    -0.2969 -9.990e-29
 183.732836     -1.986   0.400794    11.9831    -1.9993     -1.969     0.2595    -0.2956 -9.990e-29
 183.732841     -1.966   0.400965    11.9759    -1.9999     -1.950     0.2597    -0.2947 -9.990e-29
 183.732847     -1.945   0.400968    11.9719    -2.0002     -1.929     0.2597    -0.2942 -9.990e-29
 183.732853     -1.924   0.400251    11.9712    -2.0005     -1.908     0.2592    -0.2945 -9.990e-29
 183.732859     -1.907   0.398968    11.9744    -2.0007     -1.891     0.2583    -0.2955 -9.990e-29
 183.732865     -1.892   0.397630    11.9794    -2.0011     -1.876     0.2574    -0.2968 -9.990e-29
 183.732870     -1.880   0.396673    11.9830    -2.0016     -1.864     0.2568    -0.2978 -9.990e-29
 183.732876     -1.869   0.396486    11.9835    -2.0017     -1.853     0.2566    -0.2979 -9.990e-29
 183.732882     -1.858   0.396819    11.9803    -2.0019     -1.843     0.2569    -0.2974 -9.990e-29
 183.732888     -1.846   0.397006    11.9734    -2.0022     -1.831     0.2570    -0.2964 -9.990e-29
 183.732894     -1.833   0.396740    11.9647    -2.0025     -1.818     0.2569    -0.2955 -9.990e-29
 183.732899     -1.819   0.396219    11.9566    -2.0027     -1.804     0.2566    -0.2948 -9.990e-29
 183.732905     -1.805   0.395861    11.9495    -2.0027     -1.790     0.2564    -0.2942 -9.990e-29
 183.732911     -1.797   0.395742    11.9430    -2.0027     -1.782     0.2564    -0.2935 -9.990e-29
 183.732917     -1.789   0.395701    11.9361    -2.0031     -1.774     0.2564    -0.2927 -9.990e-29
 183.732922     -1.775   0.395683    11.9291    -2.0035     -1.760     0.2564    -0.2918 -9.990e-29
 183.732928     -1.761   0.395663    11.9233    -2.0039     -1.746     0.2565    -0.2912 -9.990e-29
 183.732934     -1.749   0.395613    11.9182    -2.0044     -1.734     0.2565    -0.2906 -9.990e-29
 183.732940     -1.733   0.395465    11.9131    -2.0044     -1.719     0.2564    -0.2901 -9.990e-29
 183.732946     -1.713   0.395023    11.9080    -2.0043     -1.699     0.2561    -0.2897 -9.990e-29
 183.732951     -1.697   0.394252    11.9039    -2.0042     -1.683     0.2557    -0.2896 -9.990e-29
 183.732957     -1.683   0.393787    11.9012    -2.0042     -1.669     0.2554    -0.2895 -9.990e-29
 183.732963     -1.665   0.394119    11.8981    -2.0040     -1.651     0.2556    -0.2890 -9.990e-29
 183.732969     -1.648   0.394579    11.8927    -2.0040     -1.634     0.2559    -0.2881 -9.990e-29
 183.732975     -1.635   0.394116    11.8856    -2.0042     -1.621     0.2557    -0.2875 -9.990e-29
 183.732980     -1.624   0.392666    11.8782    -2.0047     -1.610     0.2548    -0.2874 -9.990e-29
 183.732986     -1.615   0.391069    11.8721    -2.0051     -1.602     0.2537    -0.2875 -9.990e-29
 183.732992     -1.607   0.389972    11.8691    -2.0052     -1.594     0.2530    -0.2877 -9.990e-29
 183.732998     -1.599   0.389577    11.8689    -2.0057     -1.586     0.2528    -0.2879 -9.990e-29
 183.733003     -1.592   0.389914    11.8697    -2.0059     -1.579     0.2530    -0.2878 -9.990e-29
 183.733009     -1.585   0.390876    11.8707    -2.0062     -1.572     0.2536    -0.2874 -9.990e-29
 183.733015     -1.578   0.392079    11.8715    -2.0066     -1.565     0.2544    -0.2869 -9.990e-29
 183.733021     -1.569   0.392904    11.8706    -2.0072     -1.556     0.2550    -0.2863 -9.990e-29
 183.733027     -1.558   0.392783    11.8667    -2.0078     -1.545     0.2549    -0.2860 -9.990e-29
 183.733032     -1.545   0.391555    11.8607    -2.0082     -1.532     0.2541    -0.2859 -9.990e-29
 183.733038     -1.529   0.389804    11.8543    -2.0082     -1.516     0.2530    -0.2860 -9.990e-29
 183.733044     -1.513   0.388524    11.8477    -2.0081     -1.500     0.2522    -0.2859 -9.990e-29
 183.733050     -1.501   0.388230    11.8407    -2.0078     -1.488     0.2520    -0.2853 -9.990e-29
