data/oxygen options/ONMS/Olympic_Coast_National_Marine_Sanctuary_CTD_Data_2005_2023/raw_data/2016/CAST_TH042_160906faed.cnv
* Sea-Bird SBE19 Data File:
* FileName = C:\2016 Mooring Data\Casts\Data\CAST_TH042_160906.hex
* Software Version 1.59
* Temperature SN = 2997
* Conductivity SN = 2997
* System UpLoad Time = Sep 06 2016 22:58:22
** CAST_TH042_160906
* ds
# nquan = 9                                 
# nvalues = 1416                        
# units = specified
# name 0 = timeJ: Julian Days
# name 1 = prSM: Pressure, Strain Gauge [db]
# name 2 = c0mS/cm: Conductivity [mS/cm]
# name 3 = t090C: Temperature [ITS-90, deg C]
# name 4 = sbeox0ML/L: Oxygen, SBE 43 [ml/l]
# name 5 = depSM: Depth [salt water, m], lat = 47.5
# name 6 = sal00: Salinity, Practical [PSU]
# name 7 = sigma-é00: Density [sigma-theta, kg/m^3]
# name 8 = flag: flag
# span 0 = 250.895845, 250.904034       
# span 1 =     -5.853,     43.400       
# span 2 =   0.453922,  39.170665       
# span 3 =     8.0912,    15.7090       
# span 4 =    -1.8720,    12.5261       
# span 5 =     -5.804,     43.033       
# span 6 =     0.2732,    33.6842       
# span 7 =    -0.7669,    26.2274       
# span 8 = 0.0000e+00, 0.0000e+00       
# interval = seconds: 0.5
# start_time = Sep 06 2016 21:30:01 [Instrument's time stamp, header]
# bad_flag = -9.990e-29
*END*
[from data line 321]
 250.897703     -1.121   0.466370    15.0746    -1.8680     -1.112     0.2809    -0.6925 -9.990e-29
 250.897708     -1.115   0.466257    15.0718    -1.8679     -1.106     0.2808    -0.6921 -9.990e-29
 250.897714     -1.114   0.465926    15.0660    -1.8681     -1.105     0.2807    -0.6913 -9.990e-29
 250.897720     -1.116   0.465493    15.0602    -1.8684     -1.107     0.2804    -0.6906 -9.990e-29
 250.897726     -1.122   0.465489    15.0576    -1.8692     -1.113     0.2804    -0.6902 -9.990e-29
 250.897731     -1.127   0.465909    15.0589    -1.8700     -1.118     0.2807    -0.6902 -9.990e-29
 250.897737     -1.129   0.466202    15.0613    -1.8704     -1.120     0.2809    -0.6905 -9.990e-29
 250.897743     -1.127   0.466202    15.0616    -1.8702     -1.118     0.2809    -0.6905 -9.990e-29
 250.897749     -1.121   0.465909    15.0600    -1.8700     -1.112     0.2807    -0.6904 -9.990e-29
 250.897755     -1.115   0.465485    15.0583    -1.8699     -1.106     0.2804    -0.6903 -9.990e-29
 250.897760     -1.112   0.465476    15.0561    -1.8700     -1.103     0.2804    -0.6900 -9.990e-29
 250.897766     -1.109   0.465868    15.0513    -1.8705     -1.100     0.2807    -0.6891 -9.990e-29
 250.897772     -1.100   0.466075    15.0420    -1.8710     -1.091     0.2809    -0.6875 -9.990e-29
 250.897778     -1.091   0.465815    15.0282    -1.8713     -1.082     0.2808    -0.6855 -9.990e-29
 250.897784     -1.083   0.465297    15.0143    -1.8716     -1.074     0.2806    -0.6835 -9.990e-29
 250.897789     -1.077   0.464940    15.0062    -1.8716     -1.068     0.2805    -0.6824 -9.990e-29
 250.897795     -1.072   0.464821    15.0050    -1.8714     -1.063     0.2804    -0.6823 -9.990e-29
 250.897801     -1.069   0.464781    15.0065    -1.8711     -1.060     0.2804    -0.6825 -9.990e-29
 250.897807     -1.066   0.464767    15.0063    -1.8710     -1.057     0.2803    -0.6825 -9.990e-29
 250.897812     -1.063   0.464760    15.0023    -1.8709     -1.054     0.2804    -0.6819 -9.990e-29
 250.897818     -1.062   0.464750    14.9942    -1.8708     -1.053     0.2804    -0.6806 -9.990e-29
 250.897824     -1.060   0.464722    14.9848    -1.8707     -1.051     0.2805    -0.6792 -9.990e-29
 250.897830     -1.059   0.464640    14.9769    -1.8704     -1.050     0.2805    -0.6780 -9.990e-29
 250.897836     -1.059   0.464392    14.9721    -1.8705     -1.050     0.2803    -0.6773 -9.990e-29
 250.897841     -1.058   0.464203    14.9714    -1.8709     -1.049     0.2802    -0.6773 -9.990e-29
 250.897847     -1.057   0.464376    14.9743    -1.8713     -1.048     0.2803    -0.6777 -9.990e-29
 250.897853     -1.057   0.464587    14.9784    -1.8716     -1.048     0.2804    -0.6782 -9.990e-29
 250.897859     -1.056   0.464560    14.9818    -1.8714     -1.047     0.2804    -0.6788 -9.990e-29
 250.897865     -1.056   0.464258    14.9843    -1.8711     -1.047     0.2802    -0.6793 -9.990e-29
 250.897870     -1.056   0.463834    14.9868    -1.8706     -1.047     0.2799    -0.6799 -9.990e-29
 250.897876     -1.055   0.463833    14.9896    -1.8703     -1.046     0.2799    -0.6803 -9.990e-29
 250.897882     -1.055   0.464253    14.9915    -1.8703     -1.046     0.2801    -0.6804 -9.990e-29
 250.897888     -1.054   0.464542    14.9898    -1.8708     -1.045     0.2803    -0.6800 -9.990e-29
 250.897894     -1.053   0.464529    14.9841    -1.8712     -1.044     0.2804    -0.6792 -9.990e-29
 250.897899     -1.052   0.464196    14.9775    -1.8716     -1.043     0.2802    -0.6783 -9.990e-29
 250.897905     -1.051   0.463653    14.9741    -1.8720     -1.042     0.2799    -0.6780 -9.990e-29
 250.897911     -1.050   0.463288    14.9762    -1.8717     -1.041     0.2796    -0.6785 -9.990e-29
 250.897917     -1.048   0.463166    14.9824    -1.8711     -1.039     0.2795    -0.6795 -9.990e-29
 250.897922     -1.046   0.463126    14.9896    -1.8704     -1.037     0.2794    -0.6807 -9.990e-29
 250.897928     -1.043   0.463112    14.9942    -1.8699     -1.034     0.2794    -0.6814 -9.990e-29
 250.897934     -1.040   0.463108    14.9932    -1.8694     -1.031     0.2794    -0.6813 -9.990e-29
 250.897940     -1.035   0.463107    14.9871    -1.8693     -1.026     0.2794    -0.6803 -9.990e-29
 250.897946     -1.029   0.463107    14.9788    -1.8697     -1.020     0.2795    -0.6790 -9.990e-29
 250.897951     -1.022   0.463107    14.9712    -1.8700     -1.013     0.2796    -0.6778 -9.990e-29
 250.897957     -1.012   0.463107    14.9681    -1.8698     -1.004     0.2796    -0.6773 -9.990e-29
 250.897963     -0.999   0.463106    14.9725    -1.8695     -0.991     0.2795    -0.6780 -9.990e-29
 250.897969     -0.987   0.463102    14.9832    -1.8692     -0.979     0.2795    -0.6797 -9.990e-29
 250.897975     -0.979   0.463089    14.9964    -1.8692     -0.971     0.2794    -0.6818 -9.990e-29
 250.897980     -0.971   0.463049    15.0089    -1.8690     -0.963     0.2793    -0.6837 -9.990e-29
 250.897986     -0.961   0.462927    15.0177    -1.8692     -0.953     0.2791    -0.6852 -9.990e-29
 250.897992     -0.958   0.462559    15.0200    -1.8693     -0.950     0.2789    -0.6857 -9.990e-29
 250.897998     -0.962   0.462009    15.0173    -1.8694     -0.954     0.2786    -0.6856 -9.990e-29
 250.898003     -0.964   0.461653    15.0151    -1.8697     -0.956     0.2784    -0.6854 -9.990e-29
 250.898009     -0.965   0.461571    15.0166    -1.8696     -0.957     0.2783    -0.6857 -9.990e-29
 250.898015     -0.968   0.461652    15.0207    -1.8697     -0.960     0.2783    -0.6863 -9.990e-29
 250.898021     -0.970   0.462004    15.0252    -1.8701     -0.962     0.2785    -0.6868 -9.990e-29
 250.898027     -0.967   0.462541    15.0283    -1.8705     -0.959     0.2788    -0.6870 -9.990e-29
 250.898032     -0.962   0.462869    15.0295    -1.8710     -0.954     0.2790    -0.6871 -9.990e-29
 250.898038     -0.960   0.462869    15.0289    -1.8713     -0.952     0.2790    -0.6870 -9.990e-29
 250.898044     -0.956   0.462541    15.0268    -1.8712     -0.948     0.2788    -0.6868 -9.990e-29
 250.898050     -0.950   0.461999    15.0234    -1.8707     -0.942     0.2785    -0.6865 -9.990e-29
 250.898056     -0.946   0.461633    15.0196    -1.8702     -0.938     0.2783    -0.6861 -9.990e-29
 250.898061     -0.944   0.461507    15.0163    -1.8698     -0.936     0.2783    -0.6857 -9.990e-29
 250.898067     -0.943   0.461455    15.0121    -1.8699     -0.935     0.2783    -0.6850 -9.990e-29
 250.898073     -0.939   0.461406    15.0052    -1.8704     -0.931     0.2783    -0.6840 -9.990e-29
 250.898079     -0.932   0.461292    14.9962    -1.8705     -0.924     0.2783    -0.6826 -9.990e-29
 250.898084     -0.925   0.460962    14.9879    -1.8709     -0.917     0.2781    -0.6815 -9.990e-29
 250.898090     -0.919   0.460530    14.9835    -1.8714     -0.911     0.2779    -0.6810 -9.990e-29
 250.898096     -0.913   0.460529    14.9856    -1.8715     -0.905     0.2779    -0.6813 -9.990e-29
 250.898102     -0.906   0.460957    14.9930    -1.8716     -0.898     0.2781    -0.6823 -9.990e-29
 250.898108     -0.898   0.461275    15.0017    -1.8718     -0.891     0.2782    -0.6835 -9.990e-29
 250.898113     -0.889   0.461349    15.0069    -1.8719     -0.882     0.2782    -0.6843 -9.990e-29
 250.898119     -0.882   0.461276    15.0060    -1.8719     -0.875     0.2782    -0.6841 -9.990e-29
 250.898125     -0.877   0.460958    15.0011    -1.8717     -0.870     0.2780    -0.6835 -9.990e-29
 250.898131     -0.868   0.460526    14.9943    -1.8715     -0.861     0.2778    -0.6827 -9.990e-29
 250.898137     -0.861   0.460514    14.9862    -1.8713     -0.854     0.2778    -0.6814 -9.990e-29
 250.898142     -0.854   0.460906    14.9785    -1.8713     -0.847     0.2781    -0.6800 -9.990e-29
 250.898148     -0.843   0.461112    14.9732    -1.8714     -0.836     0.2783    -0.6791 -9.990e-29
 250.898154     -0.831   0.460852    14.9696    -1.8714     -0.824     0.2782    -0.6786 -9.990e-29
 250.898160     -0.822   0.460334    14.9664    -1.8713     -0.815     0.2779    -0.6784 -9.990e-29
 250.898166     -0.815   0.459977    14.9642    -1.8709     -0.808     0.2777    -0.6782 -9.990e-29
 250.898171     -0.810   0.459858    14.9647    -1.8706     -0.803     0.2776    -0.6784 -9.990e-29
 250.898177     -0.806   0.459819    14.9678    -1.8701     -0.799     0.2775    -0.6789 -9.990e-29
 250.898183     -0.804   0.459806    14.9719    -1.8698     -0.797     0.2775    -0.6795 -9.990e-29
 250.898189     -0.803   0.459802    14.9748    -1.8701     -0.796     0.2775    -0.6800 -9.990e-29
 250.898194     -0.803   0.459801    14.9757    -1.8703     -0.796     0.2775    -0.6801 -9.990e-29
 250.898200     -0.803   0.459801    14.9758    -1.8701     -0.796     0.2775    -0.6801 -9.990e-29
 250.898206     -0.805   0.459802    14.9772    -1.8702     -0.798     0.2775    -0.6803 -9.990e-29
 250.898212     -0.808   0.459802    14.9809    -1.8701     -0.801     0.2774    -0.6809 -9.990e-29
 250.898218     -0.812   0.459803    14.9871    -1.8700     -0.805     0.2774    -0.6819 -9.990e-29
 250.898223     -0.814   0.459803    14.9952    -1.8700     -0.807     0.2773    -0.6832 -9.990e-29
 250.898229     -0.809   0.459804    15.0035    -1.8700     -0.802     0.2773    -0.6845 -9.990e-29
 250.898235     -0.801   0.459804    15.0083    -1.8696     -0.794     0.2773    -0.6852 -9.990e-29
 250.898241     -0.794   0.459803    15.0081    -1.8692     -0.787     0.2773    -0.6852 -9.990e-29
 250.898247     -0.792   0.459799    15.0060    -1.8690     -0.785     0.2773    -0.6849 -9.990e-29
 250.898252     -0.798   0.459786    15.0051    -1.8687     -0.791     0.2773    -0.6847 -9.990e-29
 250.898258     -0.805   0.459747    15.0058    -1.8683     -0.798     0.2772    -0.6848 -9.990e-29
 250.898264     -0.805   0.459628    15.0075    -1.8678     -0.798     0.2772    -0.6852 -9.990e-29
 250.898270     -0.802   0.459271    15.0093    -1.8676     -0.795     0.2769    -0.6856 -9.990e-29
 250.898275     -0.799   0.458753    15.0113    -1.8677     -0.792     0.2766    -0.6862 -9.990e-29
 250.898281     -0.798   0.458494    15.0151    -1.8678     -0.791     0.2764    -0.6869 -9.990e-29
 250.898287     -0.797   0.458701    15.0216    -1.8680     -0.790     0.2765    -0.6878 -9.990e-29
 250.898293     -0.796   0.459095    15.0293    -1.8680     -0.789     0.2767    -0.6888 -9.990e-29
 250.898299     -0.796   0.459091    15.0368    -1.8680     -0.789     0.2766    -0.6900 -9.990e-29
 250.898304     -0.797   0.458683    15.0446    -1.8678     -0.790     0.2763    -0.6914 -9.990e-29
 250.898310     -0.799   0.458435    15.0533    -1.8675     -0.792     0.2761    -0.6929 -9.990e-29
 250.898316     -0.801   0.458572    15.0612    -1.8671     -0.794     0.2761    -0.6941 -9.990e-29
 250.898322     -0.804   0.458721    15.0656    -1.8670     -0.797     0.2762    -0.6947 -9.990e-29
 250.898328     -0.809   0.458524    15.0661    -1.8673     -0.802     0.2761    -0.6949 -9.990e-29
 250.898333     -0.814   0.458274    15.0646    -1.8676     -0.807     0.2759    -0.6948 -9.990e-29
 250.898339     -0.817   0.458191    15.0628    -1.8678     -0.810     0.2759    -0.6945 -9.990e-29
 250.898345     -0.814   0.458163    15.0623    -1.8680     -0.807     0.2759    -0.6945 -9.990e-29
 250.898351     -0.808   0.458154    15.0640    -1.8683     -0.801     0.2759    -0.6948 -9.990e-29
 250.898356     -0.803   0.458150    15.0683    -1.8683     -0.796     0.2758    -0.6954 -9.990e-29
 250.898362     -0.799   0.458146    15.0742    -1.8682     -0.792     0.2758    -0.6964 -9.990e-29
 250.898368     -0.797   0.458134    15.0794    -1.8680     -0.790     0.2757    -0.6972 -9.990e-29
 250.898374     -0.794   0.458097    15.0809    -1.8679     -0.787     0.2757    -0.6974 -9.990e-29
 250.898380     -0.792   0.457988    15.0777    -1.8677     -0.785     0.2757    -0.6970 -9.990e-29
 250.898385     -0.791   0.457658    15.0720    -1.8677     -0.784     0.2755    -0.6962 -9.990e-29
 250.898391     -0.790   0.457223    15.0662    -1.8676     -0.783     0.2753    -0.6955 -9.990e-29
 250.898397     -0.789   0.457211    15.0610    -1.8679     -0.782     0.2753    -0.6947 -9.990e-29
 250.898403     -0.788   0.457606    15.0573    -1.8680     -0.781     0.2756    -0.6940 -9.990e-29
 250.898409     -0.787   0.457824    15.0562    -1.8679     -0.780     0.2757    -0.6937 -9.990e-29
 250.898414     -0.786   0.457601    15.0577    -1.8678     -0.779     0.2756    -0.6940 -9.990e-29
 250.898420     -0.786   0.457193    15.0605    -1.8675     -0.779     0.2753    -0.6947 -9.990e-29
 250.898426     -0.785   0.457165    15.0635    -1.8671     -0.778     0.2753    -0.6951 -9.990e-29
 250.898432     -0.783   0.457478    15.0662    -1.8668     -0.776     0.2754    -0.6954 -9.990e-29
 250.898438     -0.782   0.457439    15.0677    -1.8669     -0.775     0.2754    -0.6957 -9.990e-29
 250.898443     -0.781   0.456994    15.0673    -1.8669     -0.774     0.2751    -0.6958 -9.990e-29
 250.898449     -0.778   0.456661    15.0653    -1.8669     -0.772     0.2749    -0.6957 -9.990e-29
 250.898455     -0.776   0.456550    15.0640    -1.8667     -0.770     0.2749    -0.6955 -9.990e-29
 250.898461     -0.773   0.456514    15.0650    -1.8665     -0.767     0.2748    -0.6957 -9.990e-29
 250.898466     -0.768   0.456502    15.0688    -1.8666     -0.762     0.2748    -0.6963 -9.990e-29
 250.898472     -0.763   0.456499    15.0753    -1.8667     -0.757     0.2748    -0.6973 -9.990e-29
 250.898478     -0.756   0.456498    15.0826    -1.8670     -0.750     0.2747    -0.6985 -9.990e-29
 250.898484     -0.752   0.456498    15.0873    -1.8671     -0.746     0.2747    -0.6992 -9.990e-29
 250.898490     -0.754   0.456498    15.0889    -1.8674     -0.748     0.2747    -0.6995 -9.990e-29
 250.898495     -0.758   0.456499    15.0895    -1.8677     -0.752     0.2747    -0.6996 -9.990e-29
 250.898501     -0.760   0.456499    15.0911    -1.8679     -0.754     0.2747    -0.6998 -9.990e-29
 250.898507     -0.760   0.456499    15.0940    -1.8679     -0.754     0.2746    -0.7003 -9.990e-29
 250.898513     -0.759   0.456499    15.0961    -1.8680     -0.753     0.2746    -0.7006 -9.990e-29
 250.898519     -0.755   0.456495    15.0953    -1.8681     -0.749     0.2746    -0.7005 -9.990e-29
 250.898524     -0.750   0.456482    15.0923    -1.8682     -0.744     0.2746    -0.7000 -9.990e-29
 250.898530     -0.743   0.456443    15.0882    -1.8681     -0.737     0.2746    -0.6994 -9.990e-29
 250.898536     -0.736   0.456324    15.0830    -1.8679     -0.730     0.2746    -0.6986 -9.990e-29
 250.898542     -0.736   0.455966    15.0768    -1.8680     -0.730     0.2744    -0.6978 -9.990e-29
 250.898547     -0.736   0.455448    15.0710    -1.8681     -0.730     0.2741    -0.6972 -9.990e-29
 250.898553     -0.733   0.455188    15.0669    -1.8683     -0.727     0.2740    -0.6966 -9.990e-29
 250.898559     -0.731   0.455395    15.0643    -1.8681     -0.725     0.2742    -0.6961 -9.990e-29
 250.898565     -0.733   0.455786    15.0623    -1.8679     -0.727     0.2744    -0.6956 -9.990e-29
 250.898571     -0.737   0.455773    15.0604    -1.8677     -0.731     0.2744    -0.6953 -9.990e-29
 250.898576     -0.738   0.455337    15.0596    -1.8676     -0.732     0.2741    -0.6954 -9.990e-29
 250.898582     -0.735   0.455007    15.0604    -1.8678     -0.729     0.2739    -0.6957 -9.990e-29
 250.898588     -0.729   0.454897    15.0616    -1.8681     -0.723     0.2739    -0.6959 -9.990e-29
 250.898594     -0.719   0.454861    15.0613    -1.8684     -0.713     0.2738    -0.6959 -9.990e-29
 250.898600     -0.705   0.454848    15.0599    -1.8688     -0.699     0.2738    -0.6957 -9.990e-29
 250.898605     -0.690   0.454840    15.0592    -1.8691     -0.684     0.2738    -0.6956 -9.990e-29
 250.898611     -0.682   0.454827    15.0608    -1.8696     -0.676     0.2738    -0.6958 -9.990e-29
 250.898617     -0.680   0.454790    15.0644    -1.8697     -0.674     0.2738    -0.6964 -9.990e-29
