data/oxygen options/ONMS/Olympic_Coast_National_Marine_Sanctuary_CTD_Data_2005_2023/raw_data/2016/CAST_CE042_160803faed.cnv
* Sea-Bird SBE19 Data File:
* FileName = C:\2016 Mooring Data\Casts\Data\CAST_CE042_160803.hex
* Software Version 1.59
* Temperature SN = 2997
* Conductivity SN = 2997
* System UpLoad Time = Aug 03 2016 20:32:19
** CAST_CE042_160803
* ds
# nquan = 9                                 
# nvalues = 1729                        
# units = specified
# name 0 = timeJ: Julian Days
# name 1 = prSM: Pressure, Strain Gauge [db]
# name 2 = c0mS/cm: Conductivity [mS/cm]
# name 3 = t090C: Temperature [ITS-90, deg C]
# name 4 = sbeox0ML/L: Oxygen, SBE 43 [ml/l]
# name 5 = depSM: Depth [salt water, m], lat = 47.5
# name 6 = sal00: Salinity, Practical [PSU]
# name 7 = sigma-é00: Density [sigma-theta, kg/m^3]
# name 8 = flag: flag
# span 0 = 216.780590, 216.790590       
# span 1 =     -5.008,     44.786       
# span 2 =   0.016620,  40.432503       
# span 3 =     7.6097,    17.3215       
# span 4 =    -1.8109,    19.1216       
# span 5 =     -4.966,     44.407       
# span 6 =     0.0150,    33.8029       
# span 7 =    -1.2686,    26.3911       
# span 8 = 0.0000e+00, 0.0000e+00       
# interval = seconds: 0.5
# start_time = Aug 03 2016 18:44:03 [Instrument's time stamp, header]
# bad_flag = -9.990e-29
*END*
 216.780590     -5.008 -9.990e-29    17.0360    -1.7949     -4.966 -9.990e-29 -9.990e-29 -9.990e-29
 216.780596     -4.984   0.022764    17.0301    -1.7945     -4.942     0.0179    -1.2153 -9.990e-29
 216.780602     -4.953   0.022209    17.0260    -1.7943     -4.912     0.0177    -1.2148 -9.990e-29
 216.780608     -4.917   0.021839    17.0265    -1.7942     -4.876     0.0175    -1.2150 -9.990e-29
 216.780613     -4.882   0.021716    17.0296    -1.7945     -4.841     0.0174    -1.2156 -9.990e-29
 216.780619     -4.852   0.021676    17.0320    -1.7954     -4.812     0.0174    -1.2160 -9.990e-29
 216.780625     -4.823   0.021664    17.0331    -1.7965     -4.783     0.0174    -1.2162 -9.990e-29
 216.780631     -4.794   0.021664    17.0347    -1.7973     -4.754     0.0174    -1.2165 -9.990e-29
 216.780637     -4.763   0.021676    17.0383    -1.7978     -4.723     0.0174    -1.2171 -9.990e-29
 216.780642     -4.733   0.021716    17.0441    -1.7982     -4.694     0.0174    -1.2181 -9.990e-29
 216.780648     -4.705   0.021840    17.0505    -1.7986     -4.666     0.0175    -1.2192 -9.990e-29
 216.780654     -4.674   0.022211    17.0547    -1.7986     -4.635     0.0177    -1.2198 -9.990e-29
 216.780660     -4.638   0.022769    17.0533    -1.7985     -4.599     0.0179    -1.2193 -9.990e-29
 216.780666     -4.602   0.023149    17.0435    -1.7978     -4.564     0.0181    -1.2175 -9.990e-29
 216.780671     -4.570   0.023304    17.0252    -1.7975     -4.532     0.0182    -1.2142 -9.990e-29
 216.780677     -4.539   0.023441    17.0028    -1.7984     -4.501     0.0183    -1.2103 -9.990e-29
 216.780683     -4.507   0.023742    16.9825    -1.7986     -4.469     0.0184    -1.2066 -9.990e-29
 216.780689     -4.472   0.024055    16.9671    -1.7988     -4.435     0.0186    -1.2039 -9.990e-29
 216.780694     -4.432   0.024242    16.9563    -1.7988     -4.395     0.0187    -1.2019 -9.990e-29
 216.780700     -4.388   0.024551    16.9498    -1.7987     -4.351     0.0188    -1.2007 -9.990e-29
 216.780706     -4.346   0.024839    16.9483    -1.7997     -4.310     0.0189    -1.2003 -9.990e-29
 216.780712     -4.309   0.024935    16.9520    -1.8005     -4.273     0.0190    -1.2009 -9.990e-29
 216.780718     -4.272   0.024967    16.9581    -1.8010     -4.236     0.0190    -1.2019 -9.990e-29
 216.780723     -4.236   0.024977    16.9594    -1.8009     -4.201     0.0190    -1.2022 -9.990e-29
 216.780729     -4.196   0.024981    16.9535    -1.8008     -4.161     0.0190    -1.2011 -9.990e-29
 216.780735     -4.154   0.024982    16.9462    -1.8004     -4.119     0.0190    -1.1999 -9.990e-29
 216.780741     -4.117   0.024982    16.9413    -1.7999     -4.083     0.0190    -1.1990 -9.990e-29
 216.780747     -4.087   0.024983    16.9374    -1.7994     -4.053     0.0190    -1.1984 -9.990e-29
 216.780752     -4.061   0.024984    16.9296    -1.7991     -4.027     0.0190    -1.1970 -9.990e-29
 216.780758     -4.037   0.024987    16.9151    -1.7987     -4.003     0.0190    -1.1945 -9.990e-29
 216.780764     -4.016   0.024996    16.8990    -1.7982     -3.983     0.0190    -1.1917 -9.990e-29
 216.780770     -3.994   0.025023    16.8886    -1.7977     -3.961     0.0190    -1.1899 -9.990e-29
 216.780775     -3.970   0.025105    16.8860    -1.7971     -3.937     0.0191    -1.1894 -9.990e-29
 216.780781     -3.944   0.025352    16.8901    -1.7966     -3.911     0.0192    -1.1900 -9.990e-29
 216.780787     -3.913   0.025537    16.8988    -1.7961     -3.880     0.0193    -1.1915 -9.990e-29
 216.780793     -3.880   0.025351    16.9099    -1.7960     -3.848     0.0192    -1.1934 -9.990e-29
 216.780799     -3.852   0.025104    16.9215    -1.7967     -3.820     0.0191    -1.1955 -9.990e-29
 216.780804     -3.825   0.025022    16.9330    -1.7971     -3.793     0.0190    -1.1976 -9.990e-29
 216.780810     -3.796   0.024995    16.9451    -1.7976     -3.764     0.0190    -1.1997 -9.990e-29
 216.780816     -3.764   0.024986    16.9582    -1.7979     -3.733     0.0190    -1.2019 -9.990e-29
 216.780822     -3.734   0.024983    16.9720    -1.7982     -3.703     0.0190    -1.2043 -9.990e-29
 216.780828     -3.704   0.024982    16.9859    -1.7983     -3.673     0.0190    -1.2068 -9.990e-29
 216.780833     -3.670   0.024982    16.9984    -1.7986     -3.639     0.0190    -1.2089 -9.990e-29
 216.780839     -3.636   0.024985    17.0066    -1.7993     -3.606     0.0190    -1.2103 -9.990e-29
 216.780845     -3.607   0.024994    17.0067    -1.7996     -3.577     0.0190    -1.2104 -9.990e-29
 216.780851     -3.583   0.025021    16.9992    -1.7998     -3.553     0.0190    -1.2090 -9.990e-29
 216.780856     -3.557   0.025103    16.9887    -1.7996     -3.527     0.0191    -1.2072 -9.990e-29
 216.780862     -3.531   0.025350    16.9780    -1.7995     -3.502     0.0192    -1.2052 -9.990e-29
 216.780868     -3.509   0.025535    16.9683    -1.7996     -3.480     0.0193    -1.2035 -9.990e-29
 216.780874     -3.488   0.025349    16.9604    -1.7999     -3.459     0.0192    -1.2022 -9.990e-29
 216.780880     -3.469   0.025102    16.9531    -1.8004     -3.440     0.0191    -1.2010 -9.990e-29
 216.780885     -3.449   0.025020    16.9441    -1.8009     -3.420     0.0190    -1.1995 -9.990e-29
 216.780891     -3.426   0.024992    16.9336    -1.8012     -3.397     0.0190    -1.1977 -9.990e-29
 216.780897     -3.401   0.024983    16.9253    -1.8015     -3.373     0.0190    -1.1962 -9.990e-29
 216.780903     -3.371   0.024980    16.9218    -1.8016     -3.343     0.0190    -1.1956 -9.990e-29
 216.780909     -3.338   0.024979    16.9215    -1.8014     -3.310     0.0190    -1.1956 -9.990e-29
 216.780914     -3.309   0.024979    16.9212    -1.8017     -3.281     0.0190    -1.1955 -9.990e-29
 216.780920     -3.287   0.024979    16.9181    -1.8022     -3.260     0.0190    -1.1950 -9.990e-29
 216.780926     -3.269   0.024978    16.9110    -1.8020     -3.242     0.0190    -1.1938 -9.990e-29
 216.780932     -3.255   0.024978    16.9007    -1.8019     -3.228     0.0190    -1.1920 -9.990e-29
 216.780937     -3.244   0.024978    16.8899    -1.8016     -3.217     0.0190    -1.1901 -9.990e-29
 216.780943     -3.235   0.024978    16.8807    -1.8013     -3.208     0.0190    -1.1885 -9.990e-29
 216.780949     -3.224   0.024978    16.8740    -1.8014     -3.197     0.0190    -1.1874 -9.990e-29
 216.780955     -3.205   0.024978    16.8703    -1.8015     -3.178     0.0190    -1.1867 -9.990e-29
 216.780961     -3.182   0.024978    16.8680    -1.8016     -3.155     0.0190    -1.1863 -9.990e-29
 216.780966     -3.157   0.024977    16.8640    -1.8018     -3.131     0.0190    -1.1857 -9.990e-29
 216.780972     -3.128   0.024976    16.8599    -1.8020     -3.102     0.0190    -1.1849 -9.990e-29
 216.780978     -3.099   0.024972    16.8597    -1.8022     -3.073     0.0190    -1.1849 -9.990e-29
 216.780984     -3.076   0.024963    16.8628    -1.8019     -3.050     0.0190    -1.1855 -9.990e-29
 216.780990     -3.061   0.024936    16.8673    -1.8015     -3.035     0.0190    -1.1862 -9.990e-29
 216.780995     -3.049   0.024853    16.8711    -1.8011     -3.024     0.0190    -1.1869 -9.990e-29
 216.781001     -3.036   0.024605    16.8721    -1.8005     -3.011     0.0188    -1.1872 -9.990e-29
 216.781007     -3.021   0.024417    16.8706    -1.8002     -2.996     0.0187    -1.1870 -9.990e-29
 216.781013     -3.002   0.024591    16.8677    -1.8000     -2.977     0.0188    -1.1864 -9.990e-29
 216.781019     -2.983   0.024805    16.8638    -1.8000     -2.958     0.0189    -1.1857 -9.990e-29
 216.781024     -2.967   0.024791    16.8604    -1.8003     -2.942     0.0189    -1.1851 -9.990e-29
 216.781030     -2.953   0.024531    16.8602    -1.8005     -2.928     0.0188    -1.1852 -9.990e-29
 216.781036     -2.939   0.024231    16.8653    -1.8004     -2.914     0.0186    -1.1862 -9.990e-29
 216.781042     -2.925   0.024049    16.8744    -1.8002     -2.901     0.0186    -1.1878 -9.990e-29
 216.781047     -2.911   0.023742    16.8854    -1.7999     -2.887     0.0184    -1.1898 -9.990e-29
 216.781053     -2.894   0.023454    16.8965    -1.8000     -2.870     0.0183    -1.1918 -9.990e-29
 216.781059     -2.879   0.023358    16.9051    -1.8001     -2.855     0.0182    -1.1934 -9.990e-29
 216.781065     -2.868   0.023326    16.9095    -1.8001     -2.844     0.0182    -1.1941 -9.990e-29
 216.781071     -2.857   0.023316    16.9096    -1.8001     -2.833     0.0182    -1.1941 -9.990e-29
 216.781076     -2.841   0.023312    16.9071    -1.8001     -2.817     0.0182    -1.1937 -9.990e-29
 216.781082     -2.819   0.023310    16.9053    -1.8003     -2.795     0.0182    -1.1934 -9.990e-29
 216.781088     -2.793   0.023310    16.9061    -1.8009     -2.770     0.0182    -1.1935 -9.990e-29
 216.781094     -2.771   0.023310    16.9093    -1.8007     -2.748     0.0182    -1.1941 -9.990e-29
 216.781100     -2.750   0.023309    16.9126    -1.7999     -2.727     0.0182    -1.1947 -9.990e-29
 216.781105     -2.727   0.023309    16.9134    -1.7995     -2.704     0.0182    -1.1948 -9.990e-29
 216.781111     -2.702   0.023309    16.9126    -1.7990     -2.679     0.0182    -1.1947 -9.990e-29
 216.781117     -2.679   0.023309    16.9122    -1.7992     -2.657     0.0182    -1.1946 -9.990e-29
 216.781123     -2.657   0.023309    16.9114    -1.8002     -2.635     0.0182    -1.1945 -9.990e-29
 216.781128     -2.635   0.023309    16.9089    -1.8014     -2.613     0.0182    -1.1940 -9.990e-29
 216.781134     -2.609   0.023309    16.9045    -1.8024     -2.587     0.0182    -1.1933 -9.990e-29
 216.781140     -2.580   0.023309    16.9015    -1.8026     -2.558     0.0182    -1.1927 -9.990e-29
 216.781146     -2.550   0.023309    16.9052    -1.8028     -2.529     0.0182    -1.1934 -9.990e-29
 216.781152     -2.524   0.023308    16.9153    -1.8034     -2.503     0.0182    -1.1951 -9.990e-29
 216.781157     -2.502   0.023308    16.9257    -1.8046     -2.481     0.0182    -1.1969 -9.990e-29
 216.781163     -2.478   0.023308    16.9304    -1.8055     -2.457     0.0182    -1.1977 -9.990e-29
 216.781169     -2.455   0.023308    16.9243    -1.8057     -2.435     0.0182    -1.1967 -9.990e-29
 216.781175     -2.434   0.023308    16.9062    -1.8055     -2.414     0.0182    -1.1936 -9.990e-29
 216.781181     -2.416   0.023308    16.8826    -1.8051     -2.396     0.0182    -1.1895 -9.990e-29
 216.781186     -2.399   0.023308    16.8619    -1.8047     -2.379     0.0182    -1.1859 -9.990e-29
 216.781192     -2.386   0.023307    16.8472    -1.8046     -2.366     0.0182    -1.1834 -9.990e-29
 216.781198     -2.380   0.023306    16.8341    -1.8047     -2.360     0.0182    -1.1811 -9.990e-29
 216.781204     -2.378   0.023302    16.8165    -1.8051     -2.358     0.0182    -1.1781 -9.990e-29
 216.781209     -2.373   0.023291    16.7952    -1.8054     -2.353     0.0182    -1.1745 -9.990e-29
 216.781215     -2.367   0.023259    16.7778    -1.8063     -2.347     0.0182    -1.1715 -9.990e-29
 216.781221     -2.359   0.023163    16.7699    -1.8073     -2.339     0.0181    -1.1702 -9.990e-29
 216.781227     -2.348   0.022875    16.7711    -1.8075     -2.328     0.0180    -1.1705 -9.990e-29
 216.781233     -2.333   0.022567    16.7775    -1.8075     -2.314     0.0178    -1.1717 -9.990e-29
 216.781238     -2.314   0.022382    16.7838    -1.8074     -2.295     0.0177    -1.1728 -9.990e-29
 216.781244     -2.289   0.022073    16.7863    -1.8076     -2.270     0.0176    -1.1734 -9.990e-29
 216.781250     -2.262   0.021785    16.7836    -1.8078     -2.243     0.0174    -1.1730 -9.990e-29
 216.781256     -2.238   0.021689    16.7758    -1.8080     -2.219     0.0174    -1.1717 -9.990e-29
 216.781262     -2.222   0.021657    16.7629    -1.8082     -2.203     0.0174    -1.1695 -9.990e-29
 216.781267     -2.210   0.021647    16.7455    -1.8087     -2.192     0.0174    -1.1666 -9.990e-29
 216.781273     -2.200   0.021643    16.7291    -1.8089     -2.182     0.0174    -1.1638 -9.990e-29
 216.781279     -2.185   0.021641    16.7193    -1.8087     -2.167     0.0174    -1.1621 -9.990e-29
 216.781285     -2.169   0.021640    16.7156    -1.8086     -2.151     0.0174    -1.1615 -9.990e-29
 216.781291     -2.155   0.021640    16.7137    -1.8085     -2.137     0.0174    -1.1611 -9.990e-29
 216.781296     -2.143   0.021640    16.7103    -1.8084     -2.125     0.0174    -1.1606 -9.990e-29
 216.781302     -2.131   0.021640    16.7053    -1.8081     -2.113     0.0174    -1.1597 -9.990e-29
 216.781308     -2.120   0.021640    16.6995    -1.8079     -2.102     0.0174    -1.1587 -9.990e-29
 216.781314     -2.107   0.021640    16.6927    -1.8080     -2.089     0.0174    -1.1576 -9.990e-29
 216.781319     -2.093   0.021640    16.6856    -1.8082     -2.076     0.0174    -1.1563 -9.990e-29
 216.781325     -2.076   0.021640    16.6816    -1.8085     -2.059     0.0174    -1.1557 -9.990e-29
 216.781331     -2.056   0.021640    16.6822    -1.8085     -2.039     0.0174    -1.1558 -9.990e-29
 216.781337     -2.030   0.021641    16.6851    -1.8087     -2.013     0.0174    -1.1563 -9.990e-29
 216.781343     -2.003   0.021641    16.6883    -1.8089     -1.986     0.0174    -1.1568 -9.990e-29
 216.781348     -1.980   0.021641    16.6921    -1.8090     -1.963     0.0174    -1.1575 -9.990e-29
 216.781354     -1.964   0.021641    16.6964    -1.8092     -1.948     0.0174    -1.1582 -9.990e-29
 216.781360     -1.955   0.021641    16.6992    -1.8099     -1.939     0.0174    -1.1587 -9.990e-29
 216.781366     -1.947   0.021642    16.6988    -1.8106     -1.931     0.0174    -1.1586 -9.990e-29
 216.781372     -1.936   0.021642    16.6954    -1.8109     -1.920     0.0174    -1.1580 -9.990e-29
 216.781377     -1.925   0.021642    16.6910    -1.8105     -1.909     0.0174    -1.1573 -9.990e-29
 216.781383     -1.918   0.021642    16.6868    -1.8098     -1.902     0.0174    -1.1565 -9.990e-29
 216.781389     -1.914   0.021642    16.6819    -1.8088     -1.898     0.0174    -1.1557 -9.990e-29
 216.781395     -1.910   0.021643    16.6769    -1.8080     -1.894     0.0174    -1.1549 -9.990e-29
 216.781400     -1.900   0.021643    16.6715    -1.8073     -1.884     0.0174    -1.1539 -9.990e-29
 216.781406     -1.887   0.021643    16.6629    -1.8067     -1.871     0.0174    -1.1525 -9.990e-29
 216.781412     -1.877   0.021643    16.6508    -1.8061     -1.861     0.0174    -1.1504 -9.990e-29
 216.781418     -1.867   0.021643    16.6397    -1.8057     -1.851     0.0174    -1.1485 -9.990e-29
 216.781424     -1.857   0.021644    16.6361    -1.8058     -1.842     0.0174    -1.1479 -9.990e-29
 216.781429     -1.847   0.021644    16.6427    -1.8064     -1.832     0.0174    -1.1490 -9.990e-29
 216.781435     -1.835   0.021643    16.6582    -1.8070     -1.820     0.0174    -1.1517 -9.990e-29
 216.781441     -1.822   0.021642    16.6787    -1.8072     -1.807     0.0174    -1.1552 -9.990e-29
 216.781447     -1.806   0.021637    16.6998    -1.8069     -1.791     0.0174    -1.1588 -9.990e-29
 216.781453     -1.787   0.021624    16.7191    -1.8066     -1.772     0.0174    -1.1621 -9.990e-29
 216.781458     -1.767   0.021584    16.7360    -1.8058     -1.752     0.0173    -1.1650 -9.990e-29
 216.781464     -1.749   0.021462    16.7491    -1.8056     -1.734     0.0173    -1.1672 -9.990e-29
 216.781470     -1.733   0.021096    16.7558    -1.8055     -1.719     0.0171    -1.1685 -9.990e-29
 216.781476     -1.721   0.020554    16.7542    -1.8051     -1.707     0.0168    -1.1685 -9.990e-29
 216.781481     -1.713   0.020221    16.7460    -1.8045     -1.699     0.0167    -1.1672 -9.990e-29
 216.781487     -1.703   0.020208    16.7370    -1.8042     -1.689     0.0167    -1.1656 -9.990e-29
 216.781493     -1.692   0.020497    16.7335    -1.8038     -1.678     0.0168    -1.1649 -9.990e-29
 216.781499     -1.679   0.020919    16.7373    -1.8032     -1.665     0.0170    -1.1654 -9.990e-29
 216.781505     -1.667   0.020927    16.7464    -1.8026     -1.653     0.0170    -1.1670 -9.990e-29
 216.781510     -1.659   0.020530    16.7573    -1.8020     -1.645     0.0168    -1.1690 -9.990e-29
