data/oxygen options/ONMS/Olympic_Coast_National_Marine_Sanctuary_CTD_Data_2005_2023/raw_data/2016/CAST_KL015_160906faed.cnv
* Sea-Bird SBE19 Data File:
* FileName = C:\2016 Mooring Data\Casts\Data\CAST_KL015_160906.hex
* Software Version 1.59
* Temperature SN = 2997
* Conductivity SN = 2997
* System UpLoad Time = Sep 06 2016 20:19:24
** CAST_KL015_160906
* ds
# nquan = 9                                 
# nvalues = 903                         
# units = specified
# name 0 = timeJ: Julian Days
# name 1 = prSM: Pressure, Strain Gauge [db]
# name 2 = c0mS/cm: Conductivity [mS/cm]
# name 3 = t090C: Temperature [ITS-90, deg C]
# name 4 = sbeox0ML/L: Oxygen, SBE 43 [ml/l]
# name 5 = depSM: Depth [salt water, m], lat = 47.5
# name 6 = sal00: Salinity, Practical [PSU]
# name 7 = sigma-é00: Density [sigma-theta, kg/m^3]
# name 8 = flag: flag
# span 0 = 250.811829, 250.817049       
# span 1 =     -5.284,     16.201       
# span 2 =   0.480081,  38.615497       
# span 3 =    12.5583,    18.5243       
# span 4 =    -1.7612,    12.6534       
# span 5 =     -5.240,     16.065       
# span 6 =     0.2678,    32.7772       
# span 7 =    -1.2956,    24.7565       
# span 8 = 0.0000e+00, 0.0000e+00       
# interval = seconds: 0.5
# start_time = Sep 06 2016 19:29:02 [Instrument's time stamp, header]
# bad_flag = -9.990e-29
*END*
[from data line 321]
 250.813686     -0.684   0.487311    18.4840    -1.7432     -0.678     0.2712    -1.2857 -9.990e-29
 250.813692     -0.668   0.487271    18.4857    -1.7431     -0.662     0.2712    -1.2860 -9.990e-29
 250.813698     -0.648   0.486930    18.4883    -1.7429     -0.643     0.2710    -1.2867 -9.990e-29
 250.813704     -0.632   0.486389    18.4926    -1.7426     -0.627     0.2706    -1.2877 -9.990e-29
 250.813709     -0.623   0.486034    18.4912    -1.7425     -0.618     0.2704    -1.2876 -9.990e-29
 250.813715     -0.621   0.485948    18.4816    -1.7423     -0.616     0.2704    -1.2858 -9.990e-29
 250.813721     -0.622   0.486016    18.4711    -1.7420     -0.617     0.2705    -1.2837 -9.990e-29
 250.813727     -0.620   0.486327    18.4651    -1.7420     -0.615     0.2708    -1.2824 -9.990e-29
 250.813733     -0.616   0.486742    18.4629    -1.7417     -0.611     0.2710    -1.2818 -9.990e-29
 250.813738     -0.611   0.486704    18.4632    -1.7413     -0.606     0.2710    -1.2819 -9.990e-29
 250.813744     -0.606   0.486162    18.4658    -1.7411     -0.601     0.2707    -1.2826 -9.990e-29
 250.813750     -0.603   0.485503    18.4710    -1.7415     -0.598     0.2702    -1.2839 -9.990e-29
 250.813756     -0.597   0.484958    18.4768    -1.7418     -0.592     0.2699    -1.2853 -9.990e-29
 250.813762     -0.592   0.484908    18.4819    -1.7417     -0.587     0.2698    -1.2863 -9.990e-29
 250.813767     -0.587   0.485287    18.4877    -1.7413     -0.582     0.2700    -1.2873 -9.990e-29
 250.813773     -0.578   0.485490    18.4938    -1.7414     -0.573     0.2701    -1.2884 -9.990e-29
 250.813779     -0.569   0.485233    18.4994    -1.7420     -0.564     0.2699    -1.2896 -9.990e-29
 250.813785     -0.562   0.484728    18.5058    -1.7429     -0.557     0.2696    -1.2911 -9.990e-29
 250.813791     -0.559   0.484411    18.5120    -1.7430     -0.554     0.2694    -1.2924 -9.990e-29
 250.813796     -0.558   0.484413    18.5139    -1.7428     -0.553     0.2694    -1.2928 -9.990e-29
 250.813802     -0.559   0.484739    18.5108    -1.7428     -0.554     0.2696    -1.2920 -9.990e-29
 250.813808     -0.559   0.485267    18.5077    -1.7421     -0.554     0.2699    -1.2912 -9.990e-29
 250.813814     -0.553   0.485590    18.5083    -1.7418     -0.548     0.2701    -1.2912 -9.990e-29
 250.813819     -0.545   0.485585    18.5094    -1.7417     -0.540     0.2701    -1.2914 -9.990e-29
 250.813825     -0.539   0.485244    18.5048    -1.7419     -0.535     0.2699    -1.2906 -9.990e-29
 250.813831     -0.534   0.484666    18.4934    -1.7417     -0.530     0.2696    -1.2887 -9.990e-29
 250.813837     -0.530   0.484191    18.4811    -1.7416     -0.526     0.2694    -1.2865 -9.990e-29
 250.813843     -0.527   0.483741    18.4748    -1.7413     -0.523     0.2692    -1.2854 -9.990e-29
 250.813848     -0.525   0.483269    18.4751    -1.7412     -0.521     0.2689    -1.2857 -9.990e-29
 250.813854     -0.523   0.483255    18.4806    -1.7408     -0.519     0.2689    -1.2868 -9.990e-29
 250.813860     -0.521   0.483682    18.4895    -1.7410     -0.517     0.2691    -1.2883 -9.990e-29
 250.813866     -0.519   0.484008    18.4973    -1.7414     -0.515     0.2692    -1.2897 -9.990e-29
 250.813872     -0.518   0.484113    18.5009    -1.7415     -0.514     0.2693    -1.2904 -9.990e-29
 250.813877     -0.516   0.484136    18.5024    -1.7414     -0.512     0.2693    -1.2906 -9.990e-29
 250.813883     -0.515   0.484107    18.5055    -1.7414     -0.511     0.2692    -1.2913 -9.990e-29
 250.813889     -0.513   0.483988    18.5106    -1.7413     -0.509     0.2691    -1.2923 -9.990e-29
 250.813895     -0.511   0.483620    18.5162    -1.7412     -0.507     0.2689    -1.2936 -9.990e-29
 250.813900     -0.509   0.483066    18.5214    -1.7419     -0.505     0.2685    -1.2948 -9.990e-29
 250.813906     -0.506   0.482697    18.5243    -1.7427     -0.502     0.2683    -1.2956 -9.990e-29
 250.813912     -0.502   0.482576    18.5224    -1.7430     -0.498     0.2683    -1.2952 -9.990e-29
 250.813918     -0.497   0.482541    18.5176    -1.7434     -0.493     0.2683    -1.2943 -9.990e-29
 250.813924     -0.491   0.482546    18.5145    -1.7437     -0.487     0.2683    -1.2937 -9.990e-29
 250.813929     -0.487   0.482596    18.5139    -1.7433     -0.483     0.2683    -1.2936 -9.990e-29
 250.813935     -0.489   0.482759    18.5141    -1.7436     -0.485     0.2684    -1.2935 -9.990e-29
 250.813941     -0.495   0.483067    18.5134    -1.7438     -0.491     0.2686    -1.2933 -9.990e-29
 250.813947     -0.499   0.483374    18.5086    -1.7442     -0.495     0.2688    -1.2922 -9.990e-29
 250.813953     -0.501   0.483352    18.4966    -1.7448     -0.497     0.2689    -1.2899 -9.990e-29
 250.813958     -0.503   0.482972    18.4815    -1.7452     -0.499     0.2687    -1.2871 -9.990e-29
 250.813964     -0.503   0.482656    18.4690    -1.7457     -0.499     0.2686    -1.2848 -9.990e-29
 250.813970     -0.503   0.482539    18.4596    -1.7458     -0.499     0.2686    -1.2830 -9.990e-29
 250.813976     -0.501   0.482466    18.4542    -1.7454     -0.497     0.2686    -1.2820 -9.990e-29
 250.813981     -0.499   0.482342    18.4520    -1.7455     -0.495     0.2686    -1.2816 -9.990e-29
 250.813987     -0.495   0.482003    18.4480    -1.7461     -0.491     0.2684    -1.2810 -9.990e-29
 250.813993     -0.489   0.481555    18.4403    -1.7465     -0.485     0.2682    -1.2796 -9.990e-29
 250.813999     -0.482   0.481512    18.4292    -1.7464     -0.478     0.2682    -1.2775 -9.990e-29
 250.814005     -0.473   0.481818    18.4162    -1.7466     -0.469     0.2685    -1.2748 -9.990e-29
 250.814010     -0.461   0.481774    18.4043    -1.7468     -0.457     0.2685    -1.2725 -9.990e-29
 250.814016     -0.445   0.481324    18.3958    -1.7470     -0.441     0.2683    -1.2711 -9.990e-29
 250.814022     -0.429   0.480978    18.3923    -1.7466     -0.425     0.2681    -1.2706 -9.990e-29
 250.814028     -0.420   0.480833    18.3913    -1.7464     -0.416     0.2681    -1.2704 -9.990e-29
 250.814034     -0.418   0.480699    18.3873    -1.7466     -0.415     0.2680    -1.2697 -9.990e-29
 250.814039     -0.413   0.480397    18.3792    -1.7472     -0.410     0.2679    -1.2683 -9.990e-29
 250.814045     -0.402   0.480081    18.3717    -1.7475     -0.399     0.2678    -1.2669 -9.990e-29
 250.814051     -0.388   0.480442    18.3670    -1.4916     -0.385     0.2680    -1.2659 -9.990e-29
 250.814057     -0.374   0.481965    18.3628    -1.5388     -0.371     0.2689    -1.2644 -9.990e-29
 250.814063     -0.359   0.484460    18.3589    -1.5527     -0.356     0.2703    -1.2625 -9.990e-29
 250.814068     -0.343   0.488481    18.3573    -1.5554     -0.340     0.2727    -1.2605 -9.990e-29
 250.814074     -0.324   0.498837    18.3569    -1.5565     -0.321     0.2786    -1.2558 -9.990e-29
 250.814080     -0.306   0.531004    18.3496    -1.5561     -0.303     0.2971    -1.2402 -9.990e-29
 250.814086     -0.291   0.630093    18.3206    -1.5555     -0.289     0.3546    -1.1907 -9.990e-29
 250.814091     -0.275   0.929889    18.2395    -1.5548     -0.273     0.5317    -1.0395 -9.990e-29
 250.814097     -0.248   1.830678    18.0145    -1.5575     -0.246     1.0852    -0.5733 -9.990e-29
 250.814103     -0.208   4.532958    17.4255    -1.5584     -0.206     2.8715     0.9020 -9.990e-29
 250.814109     -0.157  12.639216    16.5256    -1.5585     -0.156     8.8186     5.6070 -9.990e-29
 250.814115     -0.091  24.796266    15.7953    -1.5584     -0.090    18.6973    13.2905 -9.990e-29
 250.814120     -0.015  32.914476    15.4392    -1.5591     -0.015    25.7671    18.7773 -9.990e-29
 250.814126      0.063  35.660408    15.2970    -1.5582      0.062    28.2600    20.7207 -9.990e-29
 250.814132      0.143  36.600052    15.2381    -1.5573      0.142    29.1311    21.4025 -9.990e-29
 250.814138      0.227  36.922483    15.2116    -1.5569      0.225    29.4361    21.6426 -9.990e-29
 250.814144      0.307  37.072834    15.2044    -1.5566      0.304    29.5747    21.7506 -9.990e-29
 250.814149      0.376  37.161497    15.2030    -1.5561      0.373    29.6543    21.8121 -9.990e-29
 250.814155      0.433  37.146033    15.1976    -1.5560      0.429    29.6447    21.8059 -9.990e-29
 250.814161      0.482  37.041222    15.1865    -1.5572      0.478    29.5601    21.7432 -9.990e-29
 250.814167      0.526  36.954450    15.1751    -1.5587      0.522    29.4918    21.6931 -9.990e-29
 250.814172      0.568  36.937611    15.1733    -1.5571      0.563    29.4782    21.6830 -9.990e-29
 250.814178      0.607  36.950438    15.1834    -1.5580      0.602    29.4819    21.6837 -9.990e-29
 250.814184      0.636  36.960849    15.2006    -1.5581      0.631    29.4782    21.6773 -9.990e-29
 250.814190      0.652  36.978914    15.2204    -1.5590      0.647    29.4794    21.6739 -9.990e-29
 250.814196      0.658  36.997467    15.2362    -1.5594      0.653    29.4839    21.6741 -9.990e-29
 250.814201      0.653  36.998229    15.2412    -1.5594      0.648    29.4808    21.6707 -9.990e-29
 250.814207      0.641  36.995772    15.2326    -1.5576      0.636    29.4851    21.6758 -9.990e-29
 250.814213      0.630  37.003738    15.2125    -1.5581      0.625    29.5073    21.6971 -9.990e-29
 250.814219      0.624  37.007096    15.1854    -1.5583      0.619    29.5306    21.7208 -9.990e-29
 250.814225      0.622  36.994749    15.1565    -1.5592      0.617    29.5415    21.7352 -9.990e-29
 250.814230      0.623  37.014193    15.1354    -1.5583      0.618    29.5746    21.7652 -9.990e-29
 250.814236      0.629  37.081373    15.1316    -1.5573      0.624    29.6371    21.8140 -9.990e-29
 250.814242      0.640  37.119616    15.1421    -1.5575      0.635    29.6631    21.8318 -9.990e-29
 250.814248      0.651  37.086480    15.1536    -1.5582      0.646    29.6250    21.8001 -9.990e-29
 250.814253      0.656  37.009587    15.1582    -1.5590      0.651    29.5533    21.7440 -9.990e-29
 250.814259      0.654  36.948961    15.1574    -1.5593      0.649    29.5002    21.7033 -9.990e-29
 250.814265      0.654  36.957745    15.1567    -1.5584      0.649    29.5085    21.7098 -9.990e-29
 250.814271      0.660  37.009114    15.1609    -1.5570      0.654    29.5509    21.7415 -9.990e-29
 250.814277      0.668  37.028285    15.1702    -1.5578      0.662    29.5609    21.7472 -9.990e-29
 250.814282      0.675  36.997241    15.1785    -1.5590      0.669    29.5271    21.7195 -9.990e-29
 250.814288      0.680  36.961517    15.1799    -1.5592      0.674    29.4944    21.6940 -9.990e-29
 250.814294      0.680  36.971610    15.1785    -1.5574      0.674    29.5044    21.7020 -9.990e-29
 250.814300      0.676  37.009724    15.1798    -1.5574      0.670    29.5372    21.7270 -9.990e-29
 250.814306      0.674  37.010848    15.1786    -1.5578      0.668    29.5391    21.7287 -9.990e-29
 250.814311      0.680  36.962588    15.1712    -1.5592      0.674    29.5019    21.7016 -9.990e-29
 250.814317      0.694  36.918889    15.1647    -1.5592      0.688    29.4680    21.6770 -9.990e-29
 250.814323      0.712  36.934735    15.1664    -1.5578      0.706    29.4808    21.6864 -9.990e-29
 250.814329      0.727  37.000555    15.1738    -1.5571      0.721    29.5335    21.7255 -9.990e-29
 250.814334      0.736  37.040113    15.1770    -1.5572      0.730    29.5662    21.7499 -9.990e-29
 250.814340      0.739  37.003766    15.1729    -1.5590      0.733    29.5371    21.7284 -9.990e-29
 250.814346      0.741  36.950142    15.1670    -1.5597      0.735    29.4940    21.6965 -9.990e-29
 250.814352      0.746  36.964115    15.1661    -1.5595      0.740    29.5070    21.7067 -9.990e-29
 250.814358      0.750  37.028022    15.1697    -1.5576      0.744    29.5610    21.7474 -9.990e-29
 250.814363      0.749  37.051314    15.1681    -1.5580      0.743    29.5829    21.7646 -9.990e-29
 250.814369      0.747  37.005788    15.1589    -1.5575      0.741    29.5494    21.7408 -9.990e-29
 250.814375      0.749  36.962474    15.1517    -1.5599      0.743    29.5164    21.7169 -9.990e-29
 250.814381      0.751  36.991991    15.1521    -1.5607      0.745    29.5423    21.7368 -9.990e-29
 250.814387      0.747  37.067153    15.1578    -1.5595      0.741    29.6047    21.7835 -9.990e-29
 250.814392      0.738  37.105696    15.1630    -1.5569      0.732    29.6350    21.8057 -9.990e-29
 250.814398      0.728  37.062230    15.1627    -1.5591      0.722    29.5966    21.7763 -9.990e-29
 250.814404      0.725  36.971325    15.1567    -1.5604      0.719    29.5205    21.7190 -9.990e-29
 250.814410      0.732  36.920795    15.1506    -1.5608      0.726    29.4803    21.6894 -9.990e-29
 250.814416      0.746  36.957632    15.1504    -1.5606      0.740    29.5131    21.7147 -9.990e-29
 250.814421      0.758  37.029686    15.1550    -1.5592      0.752    29.5735    21.7602 -9.990e-29
 250.814427      0.767  37.053357    15.1561    -1.5592      0.761    29.5937    21.7755 -9.990e-29
 250.814433      0.776  37.000388    15.1497    -1.5588      0.770    29.5515    21.7444 -9.990e-29
 250.814439      0.790  36.913401    15.1425    -1.5604      0.783    29.4798    21.6907 -9.990e-29
 250.814444      0.802  36.891584    15.1417    -1.5609      0.795    29.4610    21.6765 -9.990e-29
 250.814450      0.804  36.964763    15.1453    -1.5593      0.797    29.5232    21.7236 -9.990e-29
 250.814456      0.800  37.016116    15.1466    -1.5579      0.793    29.5678    21.7576 -9.990e-29
 250.814462      0.794  36.956846    15.1423    -1.5579      0.787    29.5185    21.7205 -9.990e-29
 250.814468      0.791  36.863735    15.1357    -1.5605      0.784    29.4408    21.6622 -9.990e-29
 250.814473      0.794  36.832850    15.1317    -1.5610      0.787    29.4164    21.6443 -9.990e-29
 250.814479      0.799  36.872402    15.1323    -1.5612      0.792    29.4511    21.6708 -9.990e-29
 250.814485      0.802  36.934990    15.1361    -1.5607      0.795    29.5037    21.7105 -9.990e-29
 250.814491      0.803  36.965281    15.1389    -1.5586      0.796    29.5285    21.7290 -9.990e-29
 250.814497      0.803  36.942171    15.1384    -1.5577      0.796    29.5084    21.7136 -9.990e-29
 250.814502      0.801  36.889841    15.1369    -1.5590      0.794    29.4631    21.6791 -9.990e-29
 250.814508      0.798  36.885359    15.1376    -1.5603      0.791    29.4586    21.6755 -9.990e-29
 250.814514      0.793  36.955900    15.1402    -1.5606      0.786    29.5192    21.7215 -9.990e-29
 250.814520      0.786  37.019215    15.1416    -1.5590      0.779    29.5743    21.7636 -9.990e-29
 250.814525      0.777  36.987902    15.1392    -1.5596      0.771    29.5484    21.7442 -9.990e-29
 250.814531      0.768  36.884726    15.1330     9.8007      0.762    29.4615    21.6787 -9.990e-29
 250.814537      0.769  36.811925    15.1258    12.5194      0.763    29.4023    21.6347 -9.990e-29
 250.814543      0.778  36.819830    15.1221    12.6534      0.772    29.4121    21.6430 -9.990e-29
 250.814549      0.789  36.902849    15.1233    10.6400      0.782    29.4849    21.6987 -9.990e-29
 250.814554      0.798  37.013296    15.1261     6.3447      0.791    29.5808    21.7719 -9.990e-29
 250.814560      0.804  37.057725    15.1253     6.4845      0.797    29.6208    21.8028 -9.990e-29
 250.814566      0.809  37.006438    15.1187     6.6555      0.802    29.5803    21.7730 -9.990e-29
 250.814572      0.814  36.937896    15.1102     6.6698      0.807    29.5258    21.7329 -9.990e-29
 250.814578      0.817  36.932752    15.1052     6.6471      0.810    29.5250    21.7334 -9.990e-29
 250.814583      0.820  36.957373    15.1050     6.5888      0.813    29.5470    21.7504 -9.990e-29
 250.814589      0.822  36.904130    15.1070     6.5364      0.815    29.4982    21.7124 -9.990e-29
 250.814595      0.824  36.784461    15.1091     6.5047      0.817    29.3904    21.6291 -9.990e-29
 250.814601      0.825  36.702126    15.1109     6.4813      0.818    29.3160    21.5715 -9.990e-29
