data/oxygen options/ONMS/Olympic_Coast_National_Marine_Sanctuary_CTD_Data_2005_2023/raw_data/2016/CAST_TH015_160823faed.cnv
* Sea-Bird SBE19 Data File:
* FileName = C:\2016 Mooring Data\Casts\Data\CAST_TH015_160823.hex
* Software Version 1.59
* Temperature SN = 2997
* Conductivity SN = 2997
* System UpLoad Time = Aug 23 2016 22:43:55
** CAST_TH015_160823
* ds
# nquan = 9                                 
# nvalues = 995                         
# units = specified
# name 0 = timeJ: Julian Days
# name 1 = prSM: Pressure, Strain Gauge [db]
# name 2 = c0mS/cm: Conductivity [mS/cm]
# name 3 = t090C: Temperature [ITS-90, deg C]
# name 4 = sbeox0ML/L: Oxygen, SBE 43 [ml/l]
# name 5 = depSM: Depth [salt water, m], lat = 47.5
# name 6 = sal00: Salinity, Practical [PSU]
# name 7 = sigma-é00: Density [sigma-theta, kg/m^3]
# name 8 = flag: flag
# span 0 = 236.924583, 236.930336       
# span 1 =     -5.558,     16.975       
# span 2 =   0.465545,  39.622462       
# span 3 =     8.1402,    15.5384       
# span 4 =    -1.8901,    17.6333       
# span 5 =     -5.512,     16.833       
# span 6 =     0.2832,    33.7979       
# span 7 =    -0.7413,    26.1940       
# span 8 = 0.0000e+00, 0.0000e+00       
# interval = seconds: 0.5
# start_time = Aug 23 2016 22:11:24 [Instrument's time stamp, header]
# bad_flag = -9.990e-29
*END*
[from data line 161]
 236.925515     -2.116   0.480462    15.0943    -1.8653     -2.098     0.2895    -0.6888 -9.990e-29
 236.925521     -2.099   0.479746    15.0999    -1.8656     -2.081     0.2890    -0.6901 -9.990e-29
 236.925527     -2.084   0.479012    15.1054    -1.8661     -2.067     0.2885    -0.6913 -9.990e-29
 236.925532     -2.074   0.478946    15.1099    -1.8665     -2.057     0.2884    -0.6920 -9.990e-29
 236.925538     -2.065   0.479462    15.1133    -1.8670     -2.048     0.2887    -0.6923 -9.990e-29
 236.925544     -2.052   0.480136    15.1157    -1.8674     -2.035     0.2891    -0.6924 -9.990e-29
 236.925550     -2.033   0.480759    15.1167    -1.8677     -2.016     0.2895    -0.6922 -9.990e-29
 236.925556     -2.008   0.481050    15.1162    -1.8678     -1.991     0.2897    -0.6920 -9.990e-29
 236.925561     -1.979   0.480843    15.1153    -1.8681     -1.962     0.2896    -0.6920 -9.990e-29
 236.925567     -1.953   0.480416    15.1132    -1.8682     -1.937     0.2893    -0.6919 -9.990e-29
 236.925573     -1.934   0.480312    15.1076    -1.8683     -1.918     0.2893    -0.6910 -9.990e-29
 236.925579     -1.918   0.480393    15.0985    -1.8679     -1.902     0.2894    -0.6895 -9.990e-29
 236.925584     -1.906   0.480214    15.0880    -1.8676     -1.890     0.2894    -0.6880 -9.990e-29
 236.925590     -1.897   0.480090    15.0776    -1.8675     -1.881     0.2894    -0.6864 -9.990e-29
 236.925596     -1.889   0.480413    15.0682    -1.8676     -1.873     0.2896    -0.6847 -9.990e-29
 236.925602     -1.884   0.481058    15.0606    -1.8676     -1.868     0.2901    -0.6832 -9.990e-29
 236.925608     -1.879   0.481775    15.0550    -1.8678     -1.863     0.2906    -0.6820 -9.990e-29
 236.925613     -1.875   0.482409    15.0508    -1.8678     -1.859     0.2910    -0.6810 -9.990e-29
 236.925619     -1.873   0.482697    15.0485    -1.8680     -1.857     0.2912    -0.6805 -9.990e-29
 236.925625     -1.870   0.482469    15.0492    -1.8686     -1.854     0.2910    -0.6808 -9.990e-29
 236.925631     -1.868   0.481974    15.0532    -1.8694     -1.852     0.2907    -0.6816 -9.990e-29
 236.925637     -1.867   0.481664    15.0577    -1.8699     -1.851     0.2905    -0.6825 -9.990e-29
 236.925642     -1.865   0.481682    15.0598    -1.8704     -1.849     0.2905    -0.6828 -9.990e-29
 236.925648     -1.864   0.482053    15.0593    -1.8705     -1.848     0.2907    -0.6826 -9.990e-29
 236.925654     -1.858   0.482717    15.0575    -1.8704     -1.843     0.2911    -0.6820 -9.990e-29
 236.925660     -1.843   0.483448    15.0550    -1.8698     -1.828     0.2916    -0.6812 -9.990e-29
 236.925666     -1.823   0.484113    15.0515    -1.8692     -1.808     0.2920    -0.6803 -9.990e-29
 236.925671     -1.805   0.484489    15.0445    -1.8693     -1.790     0.2923    -0.6791 -9.990e-29
 236.925677     -1.791   0.484520    15.0326    -1.8694     -1.776     0.2924    -0.6772 -9.990e-29
 236.925683     -1.777   0.484248    15.0184    -1.8697     -1.762     0.2924    -0.6751 -9.990e-29
 236.925689     -1.762   0.483868    15.0055    -1.8699     -1.747     0.2922    -0.6732 -9.990e-29
 236.925694     -1.753   0.483983    14.9963    -1.8702     -1.738     0.2924    -0.6717 -9.990e-29
 236.925700     -1.754   0.484747    14.9928    -1.8707     -1.739     0.2929    -0.6708 -9.990e-29
 236.925706     -1.761   0.485514    14.9958    -1.8709     -1.746     0.2933    -0.6709 -9.990e-29
 236.925712     -1.766   0.485641    15.0035    -1.8708     -1.751     0.2933    -0.6720 -9.990e-29
 236.925718     -1.764   0.485299    15.0110    -1.8705     -1.749     0.2931    -0.6734 -9.990e-29
 236.925723     -1.752   0.485142    15.0136    -1.8704     -1.737     0.2930    -0.6739 -9.990e-29
 236.925729     -1.728   0.485516    15.0118    -1.8707     -1.714     0.2932    -0.6734 -9.990e-29
 236.925735     -1.704   0.486366    15.0075    -1.8712     -1.690     0.2938    -0.6723 -9.990e-29
 236.925741     -1.687   0.487161    15.0014    -1.8716     -1.673     0.2943    -0.6710 -9.990e-29
 236.925747     -1.676   0.487294    14.9939    -1.8718     -1.662     0.2944    -0.6697 -9.990e-29
 236.925752     -1.666   0.486943    14.9866    -1.8724     -1.652     0.2943    -0.6688 -9.990e-29
 236.925758     -1.652   0.486751    14.9826    -1.8728     -1.638     0.2942    -0.6682 -9.990e-29
 236.925764     -1.638   0.487017    14.9827    -1.8731     -1.624     0.2943    -0.6681 -9.990e-29
 236.925770     -1.626   0.487541    14.9844    -1.8735     -1.612     0.2947    -0.6681 -9.990e-29
 236.925775     -1.616   0.487913    14.9837    -1.8738     -1.603     0.2949    -0.6678 -9.990e-29
 236.925781     -1.607   0.488073    14.9782    -1.8739     -1.594     0.2950    -0.6669 -9.990e-29
 236.925787     -1.599   0.488236    14.9693    -1.8740     -1.586     0.2952    -0.6654 -9.990e-29
 236.925793     -1.592   0.488619    14.9600    -1.8737     -1.579     0.2955    -0.6638 -9.990e-29
 236.925799     -1.584   0.489180    14.9509    -1.8736     -1.571     0.2959    -0.6621 -9.990e-29
 236.925804     -1.576   0.489556    14.9407    -1.8733     -1.563     0.2962    -0.6603 -9.990e-29
 236.925810     -1.566   0.489693    14.9306    -1.8724     -1.553     0.2964    -0.6587 -9.990e-29
 236.925816     -1.554   0.489775    14.9216    -1.8718     -1.541     0.2965    -0.6572 -9.990e-29
 236.925822     -1.540   0.489911    14.9135    -1.8716     -1.527     0.2966    -0.6559 -9.990e-29
 236.925828     -1.522   0.490284    14.9075    -1.8714     -1.509     0.2969    -0.6548 -9.990e-29
 236.925833     -1.500   0.490837    14.9049    -1.8713     -1.487     0.2973    -0.6541 -9.990e-29
 236.925839     -1.472   0.491196    14.9057    -1.8713     -1.460     0.2975    -0.6541 -9.990e-29
 236.925845     -1.444   0.491284    14.9091    -1.8712     -1.432     0.2975    -0.6545 -9.990e-29
 236.925851     -1.428   0.491219    14.9148    -1.8711     -1.416     0.2974    -0.6555 -9.990e-29
 236.925856     -1.423   0.490917    14.9242    -1.8713     -1.411     0.2972    -0.6571 -9.990e-29
 236.925862     -1.424   0.490531    14.9371    -1.8714     -1.412     0.2969    -0.6593 -9.990e-29
 236.925868     -1.428   0.490655    14.9490    -1.8713     -1.416     0.2968    -0.6611 -9.990e-29
 236.925874     -1.429   0.491457    14.9570    -1.8712     -1.417     0.2973    -0.6619 -9.990e-29
 236.925880     -1.428   0.492341    14.9622    -1.8712     -1.416     0.2978    -0.6623 -9.990e-29
 236.925885     -1.425   0.492821    14.9656    -1.8709     -1.413     0.2981    -0.6626 -9.990e-29
 236.925891     -1.420   0.492982    14.9678    -1.8709     -1.408     0.2982    -0.6629 -9.990e-29
 236.925897     -1.413   0.493039    14.9692    -1.8711     -1.401     0.2982    -0.6631 -9.990e-29
 236.925903     -1.402   0.493071    14.9694    -1.8709     -1.390     0.2982    -0.6631 -9.990e-29
 236.925909     -1.388   0.493118    14.9684    -1.8709     -1.376     0.2982    -0.6629 -9.990e-29
 236.925914     -1.374   0.493243    14.9676    -1.8710     -1.363     0.2983    -0.6627 -9.990e-29
 236.925920     -1.363   0.493614    14.9683    -1.8713     -1.352     0.2985    -0.6627 -9.990e-29
 236.925926     -1.354   0.494170    14.9702    -1.8717     -1.343     0.2989    -0.6627 -9.990e-29
 236.925932     -1.347   0.494544    14.9725    -1.8715     -1.336     0.2991    -0.6629 -9.990e-29
 236.925938     -1.341   0.494680    14.9749    -1.8715     -1.330     0.2992    -0.6632 -9.990e-29
 236.925943     -1.336   0.494761    14.9760    -1.8716     -1.325     0.2992    -0.6633 -9.990e-29
 236.925949     -1.332   0.494894    14.9760    -1.8716     -1.321     0.2993    -0.6633 -9.990e-29
 236.925955     -1.329   0.495257    14.9763    -1.8721     -1.318     0.2995    -0.6631 -9.990e-29
 236.925961     -1.326   0.495778    14.9757    -1.8723     -1.315     0.2998    -0.6628 -9.990e-29
 236.925966     -1.323   0.496043    14.9728    -1.8723     -1.312     0.3000    -0.6622 -9.990e-29
 236.925972     -1.320   0.495851    14.9678    -1.8723     -1.309     0.2999    -0.6615 -9.990e-29
 236.925978     -1.316   0.495501    14.9633    -1.8722     -1.305     0.2998    -0.6610 -9.990e-29
 236.925984     -1.312   0.495638    14.9614    -1.8720     -1.301     0.2999    -0.6606 -9.990e-29
 236.925990     -1.307   0.496446    14.9603    -1.8718     -1.296     0.3004    -0.6601 -9.990e-29
 236.925995     -1.301   0.497335    14.9585    -1.8721     -1.290     0.3009    -0.6593 -9.990e-29
 236.926001     -1.294   0.497827    14.9549    -1.8725     -1.283     0.3013    -0.6585 -9.990e-29
 236.926007     -1.284   0.498024    14.9500    -1.8724     -1.273     0.3014    -0.6577 -9.990e-29
 236.926013     -1.272   0.498188    14.9461    -1.8726     -1.261     0.3016    -0.6570 -9.990e-29
 236.926019     -1.261   0.498535    14.9443    -1.8723     -1.250     0.3018    -0.6565 -9.990e-29
 236.926024     -1.254   0.498975    14.9444    -1.8721     -1.244     0.3021    -0.6563 -9.990e-29
 236.926030     -1.247   0.498982    14.9466    -1.8719     -1.237     0.3021    -0.6567 -9.990e-29
 236.926036     -1.235   0.498566    14.9494    -1.8718     -1.225     0.3018    -0.6573 -9.990e-29
 236.926042     -1.222   0.498280    14.9499    -1.8718     -1.212     0.3016    -0.6575 -9.990e-29
 236.926047     -1.210   0.498298    14.9467    -1.8718     -1.200     0.3016    -0.6570 -9.990e-29
 236.926053     -1.200   0.498646    14.9422    -1.8718     -1.190     0.3019    -0.6562 -9.990e-29
 236.926059     -1.195   0.499230    14.9395    -1.8714     -1.185     0.3023    -0.6555 -9.990e-29
 236.926065     -1.194   0.499720    14.9396    -1.8714     -1.184     0.3026    -0.6552 -9.990e-29
 236.926071     -1.194   0.500213    14.9425    -1.8714     -1.184     0.3028    -0.6554 -9.990e-29
 236.926076     -1.193   0.500811    14.9468    -1.8712     -1.183     0.3032    -0.6558 -9.990e-29
 236.926082     -1.193   0.501199    14.9504    -1.8710     -1.183     0.3034    -0.6562 -9.990e-29
 236.926088     -1.193   0.501340    14.9530    -1.8707     -1.183     0.3035    -0.6565 -9.990e-29
 236.926094     -1.194   0.501423    14.9543    -1.8703     -1.184     0.3035    -0.6567 -9.990e-29
 236.926100     -1.194   0.501557    14.9552    -1.8699     -1.184     0.3036    -0.6568 -9.990e-29
 236.926105     -1.190   0.501920    14.9576    -1.8696     -1.180     0.3038    -0.6570 -9.990e-29
 236.926111     -1.182   0.502442    14.9612    -1.8694     -1.172     0.3041    -0.6573 -9.990e-29
 236.926117     -1.174   0.502707    14.9644    -1.8696     -1.164     0.3042    -0.6577 -9.990e-29
 236.926123     -1.160   0.502514    14.9676    -1.8694     -1.150     0.3041    -0.6583 -9.990e-29
 236.926128     -1.140   0.502161    14.9718    -1.8694     -1.130     0.3038    -0.6591 -9.990e-29
 236.926134     -1.122   0.502286    14.9775    -1.8693     -1.113     0.3039    -0.6599 -9.990e-29
 236.926140     -1.107   0.503055    14.9849    -1.8696     -1.098     0.3043    -0.6607 -9.990e-29
 236.926146     -1.096   0.503828    14.9934    -1.8697     -1.087     0.3047    -0.6617 -9.990e-29
 236.926152     -1.087   0.503968    15.0015    -1.8696     -1.078     0.3048    -0.6629 -9.990e-29
 236.926157     -1.080   0.503664    15.0081    -1.8693     -1.071     0.3045    -0.6641 -9.990e-29
 236.926163     -1.075   0.503618    15.0117    -1.8692     -1.066     0.3045    -0.6647 -9.990e-29
 236.926169     -1.070   0.504326    15.0129    -1.8691     -1.061     0.3049    -0.6645 -9.990e-29
 236.926175     -1.067   0.505621    15.0139    -1.8687     -1.058     0.3057    -0.6640 -9.990e-29
 236.926181     -1.064   0.506453    15.0149    -1.8682     -1.055     0.3062    -0.6638 -9.990e-29
 236.926186     -1.062   0.506264    15.0143    -1.8676     -1.053     0.3061    -0.6638 -9.990e-29
 236.926192     -1.060   0.505914    15.0124    -1.8671     -1.051     0.3059    -0.6637 -9.990e-29
 236.926198     -1.059   0.506045    15.0113    -1.8667     -1.050     0.3060    -0.6634 -9.990e-29
 236.926204     -1.058   0.506275    15.0129    -1.8666     -1.049     0.3061    -0.6636 -9.990e-29
 236.926209     -1.057   0.506357    15.0166    -1.8664     -1.048     0.3061    -0.6641 -9.990e-29
 236.926215     -1.056   0.506401    15.0210    -1.8663     -1.047     0.3061    -0.6648 -9.990e-29
 236.926221     -1.055   0.506465    15.0268    -1.8666     -1.046     0.3061    -0.6657 -9.990e-29
 236.926227     -1.054   0.506632    15.0355    -1.8666     -1.045     0.3062    -0.6670 -9.990e-29
 236.926233     -1.052   0.507125    15.0470    -1.8667     -1.043     0.3064    -0.6685 -9.990e-29
 236.926238     -1.051   0.508047    15.0595    -1.8667     -1.042     0.3069    -0.6701 -9.990e-29
 236.926244     -1.049   0.508960    15.0705    -1.8666     -1.040     0.3073    -0.6714 -9.990e-29
 236.926250     -1.047   0.509418    15.0787    -1.8669     -1.038     0.3076    -0.6724 -9.990e-29
 236.926256     -1.044   0.509473    15.0842    -1.8677     -1.035     0.3076    -0.6733 -9.990e-29
 236.926262     -1.040   0.509199    15.0877    -1.8684     -1.031     0.3074    -0.6740 -9.990e-29
 236.926267     -1.035   0.508786    15.0885    -1.8689     -1.026     0.3071    -0.6743 -9.990e-29
 236.926273     -1.030   0.508793    15.0869    -1.8688     -1.021     0.3071    -0.6740 -9.990e-29
 236.926279     -1.022   0.509229    15.0847    -1.8687     -1.013     0.3074    -0.6735 -9.990e-29
 236.926285     -1.012   0.509563    15.0833    -1.8684     -1.004     0.3076    -0.6731 -9.990e-29
 236.926291     -1.000   0.509686    15.0821    -1.8677     -0.992     0.3077    -0.6729 -9.990e-29
 236.926296     -0.988   0.509761    15.0788    -1.8680     -0.980     0.3078    -0.6723 -9.990e-29
 236.926302     -0.980   0.509887    15.0705    -1.8682     -0.972     0.3079    -0.6709 -9.990e-29
 236.926308     -0.972   0.510234    15.0577    -1.8680     -0.964     0.3082    -0.6687 -9.990e-29
 236.926314     -0.963   0.510709    15.0448    -1.8678     -0.955     0.3086    -0.6665 -9.990e-29
 236.926319     -0.957   0.510834    15.0362    -1.8677     -0.949     0.3088    -0.6650 -9.990e-29
 236.926325     -0.952   0.510776    15.0336    -1.8684     -0.944     0.3088    -0.6647 -9.990e-29
 236.926331     -0.950   0.511012    15.0362    -1.8690     -0.942     0.3089    -0.6650 -9.990e-29
 236.926337     -0.945   0.511302    15.0424    -1.8691     -0.937     0.3090    -0.6658 -9.990e-29
 236.926343     -0.938   0.511475    15.0481    -1.8688     -0.930     0.3091    -0.6666 -9.990e-29
 236.926348     -0.931   0.511763    15.0495    -1.8685     -0.923     0.3092    -0.6667 -9.990e-29
 236.926354     -0.921   0.511995    15.0492    -1.8679     -0.913     0.3094    -0.6665 -9.990e-29
 236.926360     -0.907   0.511924    15.0502    -1.8681     -0.899     0.3093    -0.6667 -9.990e-29
 236.926366     -0.896   0.512010    15.0514    -1.8691     -0.889     0.3094    -0.6669 -9.990e-29
 236.926372     -0.887   0.512366    15.0490    -1.8699     -0.880     0.3096    -0.6663 -9.990e-29
 236.926377     -0.876   0.512355    15.0411    -1.8699     -0.869     0.3097    -0.6651 -9.990e-29
 236.926383     -0.867   0.511965    15.0327    -1.8696     -0.860     0.3095    -0.6639 -9.990e-29
 236.926389     -0.858   0.511784    15.0298    -1.8691     -0.851     0.3094    -0.6636 -9.990e-29
 236.926395     -0.846   0.512128    15.0327    -1.8688     -0.839     0.3096    -0.6639 -9.990e-29
 236.926400     -0.833   0.512898    15.0385    -1.8685     -0.826     0.3100    -0.6644 -9.990e-29
 236.926406     -0.822   0.513454    15.0420    -1.8682     -0.815     0.3104    -0.6647 -9.990e-29
 236.926412     -0.814   0.513428    15.0373    -1.8678     -0.807     0.3104    -0.6640 -9.990e-29
 236.926418     -0.808   0.513341    15.0251    -1.8678     -0.801     0.3104    -0.6621 -9.990e-29
 236.926424     -0.804   0.513631    15.0138    -1.8677     -0.797     0.3107    -0.6602 -9.990e-29
 236.926429     -0.800   0.514127    15.0104    -1.8673     -0.793     0.3110    -0.6594 -9.990e-29
