data/oxygen options/ONMS/Olympic_Coast_National_Marine_Sanctuary_CTD_Data_2005_2023/raw_data/2016/CAST_MB015_160815faed.cnv
* Sea-Bird SBE19 Data File:
* FileName = C:\2016 Mooring Data\Casts\Data\CAST_MB015_160815.hex
* Software Version 1.59
* Temperature SN = 2997
* Conductivity SN = 2997
* System UpLoad Time = Aug 15 2016 21:17:36
** CAST_MB015_160815
* ds
# nquan = 9                                 
# nvalues = 772                         
# units = specified
# name 0 = timeJ: Julian Days
# name 1 = prSM: Pressure, Strain Gauge [db]
# name 2 = c0mS/cm: Conductivity [mS/cm]
# name 3 = t090C: Temperature [ITS-90, deg C]
# name 4 = sbeox0ML/L: Oxygen, SBE 43 [ml/l]
# name 5 = depSM: Depth [salt water, m], lat = 47.5
# name 6 = sal00: Salinity, Practical [PSU]
# name 7 = sigma-é00: Density [sigma-theta, kg/m^3]
# name 8 = flag: flag
# span 0 = 228.869421, 228.873883       
# span 1 =     -5.074,     10.465       
# span 2 =   0.386254,  39.085662       
# span 3 =     9.9154,    16.5844       
# span 4 =    -1.8973,    14.5244       
# span 5 =     -5.032,     10.377       
# span 6 =     0.2322,    33.1729       
# span 7 =    -0.7107,    25.4934       
# span 8 = 0.0000e+00, 0.0000e+00       
# interval = seconds: 0.5
# start_time = Aug 15 2016 20:51:58 [Instrument's time stamp, header]
# bad_flag = -9.990e-29
*END*
 228.869421     -5.074 -9.990e-29    16.5844    -1.8138     -5.032 -9.990e-29 -9.990e-29 -9.990e-29
 228.869427     -5.069   0.960572    16.5783    -1.8151     -5.027     0.5722    -0.7103 -9.990e-29
 228.869433     -5.062   0.960951    16.5680    -1.8160     -5.020     0.5726    -0.7083 -9.990e-29
 228.869439     -5.053   0.960809    16.5519    -1.8172     -5.011     0.5727    -0.7055 -9.990e-29
 228.869444     -5.041   0.959954    16.5286    -1.8189     -4.999     0.5725    -0.7017 -9.990e-29
 228.869450     -5.022   0.958345    16.4995    -1.8205     -4.980     0.5719    -0.6972 -9.990e-29
 228.869456     -4.995   0.955389    16.4675    -1.8217     -4.953     0.5705    -0.6928 -9.990e-29
 228.869462     -4.965   0.951167    16.4339    -1.8224     -4.924     0.5683    -0.6888 -9.990e-29
 228.869468     -4.936   0.946583    16.4000    -1.8230     -4.895     0.5659    -0.6850 -9.990e-29
 228.869473     -4.905   0.942067    16.3673    -1.8237     -4.864     0.5636    -0.6813 -9.990e-29
 228.869479     -4.871   0.937641    16.3362    -1.8247     -4.830     0.5612    -0.6779 -9.990e-29
 228.869485     -4.835   0.933451    16.3055    -1.8256     -4.795     0.5591    -0.6744 -9.990e-29
 228.869491     -4.801   0.929416    16.2721    -1.8263     -4.761     0.5570    -0.6704 -9.990e-29
 228.869497     -4.764   0.925117    16.2352    -1.8264     -4.724     0.5548    -0.6660 -9.990e-29
 228.869502     -4.729   0.920335    16.1991    -1.8264     -4.690     0.5523    -0.6619 -9.990e-29
 228.869508     -4.700   0.915312    16.1691    -1.8267     -4.661     0.5496    -0.6590 -9.990e-29
 228.869514     -4.676   0.910523    16.1464    -1.8269     -4.637     0.5469    -0.6573 -9.990e-29
 228.869520     -4.647   0.906209    16.1274    -1.8270     -4.608     0.5444    -0.6561 -9.990e-29
 228.869525     -4.611   0.902152    16.1079    -1.8274     -4.573     0.5422    -0.6546 -9.990e-29
 228.869531     -4.575   0.897934    16.0871    -1.8276     -4.537     0.5398    -0.6530 -9.990e-29
 228.869537     -4.540   0.893477    16.0677    -1.8284     -4.502     0.5373    -0.6518 -9.990e-29
 228.869543     -4.504   0.888936    16.0535    -1.8293     -4.466     0.5346    -0.6515 -9.990e-29
 228.869549     -4.464   0.884363    16.0458    -1.8300     -4.427     0.5318    -0.6524 -9.990e-29
 228.869554     -4.424   0.879769    16.0415    -1.8307     -4.387     0.5290    -0.6538 -9.990e-29
 228.869560     -4.383   0.875142    16.0372    -1.8315     -4.346     0.5262    -0.6553 -9.990e-29
 228.869566     -4.340   0.870431    16.0330    -1.8324     -4.304     0.5233    -0.6569 -9.990e-29
 228.869572     -4.297   0.865481    16.0280    -1.8332     -4.261     0.5203    -0.6584 -9.990e-29
 228.869578     -4.254   0.860371    16.0207    -1.8338     -4.219     0.5172    -0.6596 -9.990e-29
 228.869583     -4.214   0.855522    16.0100    -1.8343     -4.179     0.5143    -0.6600 -9.990e-29
 228.869589     -4.177   0.851158    15.9948    -1.8346     -4.142     0.5117    -0.6595 -9.990e-29
 228.869595     -4.143   0.847055    15.9763    -1.8354     -4.108     0.5094    -0.6583 -9.990e-29
 228.869601     -4.112   0.842791    15.9574    -1.8364     -4.078     0.5070    -0.6571 -9.990e-29
 228.869606     -4.087   0.838289    15.9384    -1.8377     -4.053     0.5044    -0.6560 -9.990e-29
 228.869612     -4.066   0.833703    15.9182    -1.8388     -4.032     0.5018    -0.6547 -9.990e-29
 228.869618     -4.049   0.829084    15.8976    -1.8402     -4.015     0.4991    -0.6534 -9.990e-29
 228.869624     -4.034   0.824445    15.8788    -1.8412     -4.000     0.4964    -0.6524 -9.990e-29
 228.869630     -4.020   0.819775    15.8629    -1.8415     -3.986     0.4937    -0.6519 -9.990e-29
 228.869635     -4.006   0.815027    15.8493    -1.8415     -3.973     0.4909    -0.6519 -9.990e-29
 228.869641     -3.991   0.810059    15.8351    -1.8414     -3.958     0.4880    -0.6519 -9.990e-29
 228.869647     -3.975   0.804985    15.8165    -1.8414     -3.942     0.4850    -0.6511 -9.990e-29
 228.869653     -3.957   0.800338    15.7922    -1.8414     -3.924     0.4824    -0.6493 -9.990e-29
 228.869659     -3.934   0.796124    15.7641    -1.8423     -3.901     0.4801    -0.6465 -9.990e-29
 228.869664     -3.911   0.791828    15.7346    -1.8436     -3.878     0.4777    -0.6436 -9.990e-29
 228.869670     -3.890   0.787382    15.7069    -1.8448     -3.858     0.4753    -0.6410 -9.990e-29
 228.869676     -3.865   0.783075    15.6862    -1.8452     -3.833     0.4728    -0.6396 -9.990e-29
 228.869682     -3.834   0.778833    15.6754    -1.8456     -3.802     0.4703    -0.6399 -9.990e-29
 228.869688     -3.805   0.774127    15.6719    -1.8460     -3.773     0.4674    -0.6415 -9.990e-29
 228.869693     -3.779   0.768915    15.6710    -1.8468     -3.747     0.4641    -0.6439 -9.990e-29
 228.869699     -3.756   0.763586    15.6691    -1.8476     -3.725     0.4608    -0.6462 -9.990e-29
 228.869705     -3.733   0.758376    15.6617    -1.8488     -3.702     0.4576    -0.6474 -9.990e-29
 228.869711     -3.709   0.753690    15.6447    -1.8500     -3.678     0.4549    -0.6469 -9.990e-29
 228.869716     -3.682   0.749532    15.6211    -1.8513     -3.651     0.4525    -0.6449 -9.990e-29
 228.869722     -3.652   0.745511    15.5991    -1.8528     -3.622     0.4503    -0.6432 -9.990e-29
 228.869728     -3.620   0.741428    15.5824    -1.8542     -3.590     0.4479    -0.6424 -9.990e-29
 228.869734     -3.592   0.737004    15.5693    -1.8552     -3.562     0.4453    -0.6423 -9.990e-29
 228.869740     -3.568   0.732063    15.5557    -1.8562     -3.538     0.4423    -0.6424 -9.990e-29
 228.869745     -3.540   0.726846    15.5383    -1.8569     -3.510     0.4392    -0.6421 -9.990e-29
 228.869751     -3.513   0.721781    15.5160    -1.8572     -3.484     0.4363    -0.6408 -9.990e-29
 228.869757     -3.487   0.716957    15.4891    -1.8577     -3.458     0.4335    -0.6387 -9.990e-29
 228.869763     -3.462   0.712235    15.4586    -1.8582     -3.433     0.4309    -0.6359 -9.990e-29
 228.869769     -3.436   0.707616    15.4261    -1.8590     -3.407     0.4284    -0.6328 -9.990e-29
 228.869774     -3.408   0.703246    15.3931    -1.8596     -3.380     0.4260    -0.6295 -9.990e-29
 228.869780     -3.375   0.699056    15.3623    -1.8603     -3.347     0.4236    -0.6264 -9.990e-29
 228.869786     -3.340   0.694670    15.3355    -1.8611     -3.312     0.4212    -0.6242 -9.990e-29
 228.869792     -3.308   0.690009    15.3132    -1.8617     -3.280     0.4185    -0.6228 -9.990e-29
 228.869797     -3.283   0.685180    15.2960    -1.8621     -3.256     0.4156    -0.6223 -9.990e-29
 228.869803     -3.263   0.680076    15.2826    -1.8623     -3.236     0.4125    -0.6226 -9.990e-29
 228.869809     -3.246   0.674778    15.2700    -1.8625     -3.219     0.4093    -0.6232 -9.990e-29
 228.869815     -3.232   0.669666    15.2562    -1.8632     -3.205     0.4063    -0.6234 -9.990e-29
 228.869821     -3.219   0.664822    15.2406    -1.8640     -3.192     0.4034    -0.6232 -9.990e-29
 228.869826     -3.207   0.660137    15.2243    -1.8648     -3.180     0.4006    -0.6229 -9.990e-29
 228.869832     -3.194   0.655719    15.2081    -1.8656     -3.167     0.3980    -0.6224 -9.990e-29
 228.869838     -3.181   0.651488    15.1923    -1.8666     -3.154     0.3955    -0.6219 -9.990e-29
 228.869844     -3.166   0.647063    15.1788    -1.8675     -3.140     0.3928    -0.6219 -9.990e-29
 228.869850     -3.148   0.642363    15.1686    -1.8687     -3.122     0.3900    -0.6225 -9.990e-29
 228.869855     -3.127   0.637499    15.1606    -1.8699     -3.101     0.3870    -0.6236 -9.990e-29
 228.869861     -3.104   0.632366    15.1512    -1.8705     -3.078     0.3838    -0.6245 -9.990e-29
 228.869867     -3.083   0.627060    15.1373    -1.8712     -3.057     0.3806    -0.6249 -9.990e-29
 228.869873     -3.063   0.622005    15.1199    -1.8717     -3.037     0.3776    -0.6246 -9.990e-29
 228.869878     -3.042   0.617409    15.1009    -1.8719     -3.017     0.3749    -0.6237 -9.990e-29
 228.869884     -3.019   0.612997    15.0803    -1.8722     -2.994     0.3723    -0.6226 -9.990e-29
 228.869890     -2.997   0.608187    15.0579    -1.8730     -2.972     0.3695    -0.6214 -9.990e-29
 228.869896     -2.978   0.602979    15.0338    -1.8741     -2.953     0.3665    -0.6201 -9.990e-29
 228.869902     -2.962   0.597954    15.0084    -1.8749     -2.937     0.3635    -0.6185 -9.990e-29
 228.869907     -2.947   0.593387    14.9845    -1.8756     -2.922     0.3609    -0.6169 -9.990e-29
 228.869913     -2.933   0.589064    14.9650    -1.8764     -2.909     0.3583    -0.6159 -9.990e-29
 228.869919     -2.918   0.584550    14.9498    -1.8772     -2.894     0.3556    -0.6157 -9.990e-29
 228.869925     -2.902   0.579714    14.9385    -1.8778     -2.878     0.3527    -0.6163 -9.990e-29
 228.869931     -2.887   0.574552    14.9292    -1.8782     -2.863     0.3495    -0.6173 -9.990e-29
 228.869936     -2.878   0.569185    14.9177    -1.8785     -2.854     0.3462    -0.6181 -9.990e-29
 228.869942     -2.869   0.564016    14.9008    -1.8783     -2.845     0.3431    -0.6180 -9.990e-29
 228.869948     -2.856   0.559169    14.8803    -1.8786     -2.832     0.3403    -0.6171 -9.990e-29
 228.869954     -2.841   0.554644    14.8601    -1.8788     -2.817     0.3376    -0.6162 -9.990e-29
 228.869959     -2.829   0.550326    14.8418    -1.8792     -2.805     0.3350    -0.6154 -9.990e-29
 228.869965     -2.814   0.545829    14.8245    -1.8797     -2.791     0.3323    -0.6149 -9.990e-29
 228.869971     -2.795   0.541084    14.8083    -1.8805     -2.772     0.3295    -0.6147 -9.990e-29
 228.869977     -2.780   0.536251    14.7946    -1.8815     -2.757     0.3266    -0.6149 -9.990e-29
 228.869983     -2.772   0.531378    14.7846    -1.8823     -2.749     0.3236    -0.6157 -9.990e-29
 228.869988     -2.766   0.526465    14.7790    -1.8831     -2.743     0.3205    -0.6173 -9.990e-29
 228.869994     -2.757   0.521462    14.7761    -1.8838     -2.734     0.3174    -0.6192 -9.990e-29
 228.870000     -2.742   0.516209    14.7727    -1.8843     -2.719     0.3141    -0.6213 -9.990e-29
 228.870006     -2.717   0.510767    14.7667    -1.8848     -2.694     0.3108    -0.6230 -9.990e-29
 228.870012     -2.692   0.505507    14.7577    -1.8854     -2.670     0.3075    -0.6242 -9.990e-29
 228.870017     -2.663   0.500491    14.7451    -1.8861     -2.641     0.3045    -0.6246 -9.990e-29
 228.870023     -2.630   0.495563    14.7281    -1.8867     -2.608     0.3015    -0.6244 -9.990e-29
 228.870029     -2.598   0.490685    14.7085    -1.8877     -2.576     0.2986    -0.6238 -9.990e-29
 228.870035     -2.571   0.485893    14.6891    -1.8885     -2.550     0.2958    -0.6231 -9.990e-29
 228.870041     -2.545   0.481344    14.6712    -1.8893     -2.524     0.2930    -0.6226 -9.990e-29
 228.870046     -2.520   0.476968    14.6557    -1.8897     -2.499     0.2904    -0.6223 -9.990e-29
 228.870052     -2.494   0.472377    14.6423    -1.8902     -2.473     0.2876    -0.6225 -9.990e-29
 228.870058     -2.470   0.467457    14.6291    -1.8906     -2.449     0.2846    -0.6229 -9.990e-29
 228.870064     -2.450   0.462213    14.6147    -1.8908     -2.430     0.2814    -0.6232 -9.990e-29
 228.870069     -2.433   0.456780    14.5990    -1.8912     -2.413     0.2781    -0.6235 -9.990e-29
 228.870075     -2.418   0.451600    14.5818    -1.8915     -2.398     0.2750    -0.6234 -9.990e-29
 228.870081     -2.403   0.446903    14.5632    -1.8917     -2.383     0.2722    -0.6229 -9.990e-29
 228.870087     -2.389   0.442459    14.5450    -1.8918     -2.369     0.2695    -0.6223 -9.990e-29
 228.870093     -2.375   0.437826    14.5292    -1.8919     -2.355     0.2667    -0.6221 -9.990e-29
 228.870098     -2.358   0.432870    14.5165    -1.8919     -2.338     0.2637    -0.6226 -9.990e-29
 228.870104     -2.339   0.427585    14.5063    -1.8917     -2.319     0.2605    -0.6236 -9.990e-29
 228.870110     -2.320   0.422088    14.4976    -1.8915     -2.301     0.2571    -0.6250 -9.990e-29
 228.870116     -2.304   0.416774    14.4902    -1.8911     -2.285     0.2538    -0.6265 -9.990e-29
 228.870122     -2.286   0.411732    14.4837    -1.8913     -2.267     0.2507    -0.6279 -9.990e-29
 228.870127     -2.266   0.406863    14.4782    -1.8918     -2.247     0.2477    -0.6295 -9.990e-29
 228.870133     -2.245   0.402308    14.4741    -1.8918     -2.226     0.2449    -0.6311 -9.990e-29
 228.870139     -2.222   0.398629    14.4712    -1.8915     -2.203     0.2426    -0.6324 -9.990e-29
 228.870145     -2.201   0.396267    14.4695    -1.8918     -2.183     0.2411    -0.6333 -9.990e-29
 228.870150     -2.185   0.394842    14.4701    -1.8929     -2.167     0.2402    -0.6341 -9.990e-29
 228.870156     -2.171   0.393926    14.4734    -1.8936     -2.153     0.2396    -0.6350 -9.990e-29
 228.870162     -2.160   0.393400    14.4780    -1.8937     -2.142     0.2393    -0.6360 -9.990e-29
 228.870168     -2.151   0.392929    14.4808    -1.8935     -2.133     0.2390    -0.6366 -9.990e-29
 228.870174     -2.143   0.392440    14.4788    -1.8939     -2.125     0.2387    -0.6365 -9.990e-29
 228.870179     -2.135   0.392387    14.4742    -1.8946     -2.117     0.2387    -0.6359 -9.990e-29
 228.870185     -2.127   0.392696    14.4716    -1.8946     -2.109     0.2389    -0.6353 -9.990e-29
 228.870191     -2.120   0.392668    14.4690    -1.8941     -2.102     0.2389    -0.6350 -9.990e-29
 228.870197     -2.111   0.392264    14.4606    -1.8934     -2.093     0.2387    -0.6339 -9.990e-29
 228.870203     -2.101   0.392055    14.4465    -1.8931     -2.083     0.2386    -0.6319 -9.990e-29
 228.870208     -2.088   0.392314    14.4337    -1.8935     -2.071     0.2389    -0.6299 -9.990e-29
 228.870214     -2.073   0.392830    14.4267    -1.8943     -2.056     0.2392    -0.6286 -9.990e-29
 228.870220     -2.055   0.393176    14.4226    -1.8942     -2.038     0.2395    -0.6278 -9.990e-29
 228.870226     -2.031   0.393256    14.4167    -1.8938     -2.014     0.2396    -0.6269 -9.990e-29
 228.870231     -2.005   0.393174    14.4106    -1.8938     -1.988     0.2395    -0.6260 -9.990e-29
 228.870237     -1.984   0.392821    14.4102    -1.8941     -1.967     0.2393    -0.6261 -9.990e-29
 228.870243     -1.970   0.392276    14.4168    -1.8941     -1.954     0.2389    -0.6274 -9.990e-29
 228.870249     -1.959   0.391923    14.4254    -1.8935     -1.943     0.2387    -0.6288 -9.990e-29
 228.870255     -1.946   0.391842    14.4291    -1.8930     -1.930     0.2386    -0.6294 -9.990e-29
 228.870260     -1.933   0.391925    14.4250    -1.8923     -1.917     0.2387    -0.6288 -9.990e-29
 228.870266     -1.925   0.392278    14.4184    -1.8926     -1.909     0.2389    -0.6276 -9.990e-29
 228.870272     -1.920   0.392817    14.4167    -1.8936     -1.904     0.2393    -0.6271 -9.990e-29
 228.870278     -1.915   0.393146    14.4191    -1.8943     -1.899     0.2395    -0.6273 -9.990e-29
 228.870284     -1.904   0.393147    14.4202    -1.8947     -1.888     0.2395    -0.6274 -9.990e-29
 228.870289     -1.892   0.392820    14.4200    -1.8950     -1.876     0.2393    -0.6276 -9.990e-29
 228.870295     -1.881   0.392281    14.4232    -1.8947     -1.865     0.2389    -0.6283 -9.990e-29
 228.870301     -1.872   0.391918    14.4311    -1.8943     -1.856     0.2386    -0.6297 -9.990e-29
 228.870307     -1.863   0.391799    14.4404    -1.8937     -1.847     0.2385    -0.6311 -9.990e-29
 228.870313     -1.854   0.391764    14.4455    -1.8936     -1.839     0.2385    -0.6319 -9.990e-29
 228.870318     -1.844   0.391766    14.4411    -1.8941     -1.829     0.2385    -0.6312 -9.990e-29
 228.870324     -1.833   0.391802    14.4285    -1.8949     -1.818     0.2386    -0.6293 -9.990e-29
 228.870330     -1.820   0.391921    14.4149    -1.8953     -1.805     0.2387    -0.6272 -9.990e-29
 228.870336     -1.804   0.392279    14.4054    -1.8951     -1.789     0.2390    -0.6257 -9.990e-29
 228.870341     -1.784   0.392795    14.4020    -1.8949     -1.769     0.2394    -0.6249 -9.990e-29
