data/oxygen options/ONMS/Olympic_Coast_National_Marine_Sanctuary_CTD_Data_2005_2023/raw_data/2016/CAST_CE042_160803faedb.cnv
* Sea-Bird SBE19 Data File:
* FileName = C:\2016 Mooring Data\Casts\Data\CAST_CE042_160803.hex
* Software Version 1.59
* Temperature SN = 2997
* Conductivity SN = 2997
* System UpLoad Time = Aug 03 2016 20:32:19
** CAST_CE042_160803
* ds
# nquan = 9
# nvalues = 42                          
# units = specified
# name 0 = timeJ: Julian Days
# name 1 = prSM: Pressure, Strain Gauge [db]
# name 2 = c0mS/cm: Conductivity [mS/cm]
# name 3 = t090C: Temperature [ITS-90, deg C]
# name 4 = sbeox0ML/L: Oxygen, SBE 43 [ml/l]
# name 5 = depSM: Depth [salt water, m], lat = 47.5
# name 6 = sal00: Salinity, Practical [PSU]
# name 7 = sigma-é00: Density [sigma-theta, kg/m^3]
# name 8 = flag: flag
# span 0 = 216.785929, 217.172591       
# span 1 =      2.000,     44.000       
# span 2 =  34.762358,  40.060605       
# span 3 =     7.6102,    14.2966       
# span 4 =     1.2316,    10.7453       
# span 5 =      1.983,     43.628       
# span 6 =    32.8825,    33.8359       
# span 7 =    24.5810,    26.4037       
# span 8 = 0.0000e+00, 0.0000e+00       
# interval = decibars: 1                
# start_time = Aug 03 2016 18:44:03 [Instrument's time stamp, header]
# bad_flag = -9.990e-29
*END*
 216.785929      2.000  40.060605    14.2966    10.7453      1.983    33.0002    24.5810 0.0000e+00
 216.785967      3.000  39.489252    13.7499    10.6039      2.975    32.9395    24.6466 0.0000e+00
 216.786005      4.000  38.984178    13.2678    10.3337      3.967    32.8825    24.6999 0.0000e+00
 216.786039      5.000  38.421371    12.5446    10.1084      4.958    32.9785    24.9158 0.0000e+00
 216.786074      6.000  38.190337    12.2804     9.4020      5.950    32.9888    24.9745 0.0000e+00
 216.786113      7.000  37.823754    11.7244     5.3891      6.941    33.1264    25.1854 0.0000e+00
 216.786144      8.000  36.939255    10.8341     5.3145      7.933    33.0535    25.2895 0.0000e+00
 216.786184      9.000  36.754819    10.4143     3.7571      8.925    33.2499    25.5151 0.0000e+00
 216.786219     10.000  36.079337     9.6977     3.0446      9.916    33.2227    25.6144 0.0000e+00
 216.786258     11.000  35.623166     9.1789     2.8541     10.908    33.2338    25.7072 0.0000e+00
 216.786297     12.000  35.334386     8.8670     2.7403     11.899    33.2242    25.7487 0.0000e+00
 216.786333     13.000  35.232287     8.6601     2.6833     12.891    33.3111    25.8487 0.0000e+00
 216.786377     14.000  35.170986     8.5588     2.5143     13.882    33.3418    25.8883 0.0000e+00
 216.786417     15.000  35.023587     8.3142     2.3803     14.874    33.4174    25.9846 0.0000e+00
 216.786463     16.000  34.947164     8.1796     2.3271     15.866    33.4639    26.0412 0.0000e+00
 216.786507     17.000  34.886315     8.0580     2.3083     16.856    33.5149    26.0993 0.0000e+00
 216.786555     18.000  34.865452     7.9853     2.1533     17.849    33.5618    26.1468 0.0000e+00
 216.786607     19.000  34.848383     7.9291     2.0050     18.841    33.5970    26.1827 0.0000e+00
 216.786642     20.000  34.818115     7.8151     2.0308     19.832    33.6738    26.2597 0.0000e+00
 216.786702     21.000  34.830129     7.8245     1.7451     20.824    33.6773    26.2610 0.0000e+00
 216.786750     22.000  34.833057     7.7986     1.6345     21.815    33.7050    26.2866 0.0000e+00
 216.786802     23.000  34.821762     7.7487     1.4731     22.807    33.7407    26.3218 0.0000e+00
 217.172591     25.000  34.871565     7.7117     1.4981     24.790    33.8359    26.4037 0.0000e+00
 216.786938     26.000  34.801207     7.6842     1.4953     25.782    33.7796    26.3619 0.0000e+00
 216.786983     27.000  34.793552     7.6718     1.4874     26.773    33.7829    26.3662 0.0000e+00
 216.787009     28.000  34.782558     7.6558     1.4951     27.765    33.7861    26.3710 0.0000e+00
 216.787071     29.000  34.780914     7.6439     1.3931     28.756    33.7954    26.3801 0.0000e+00
 216.787103     30.000  34.773680     7.6335     1.3680     29.747    33.7973    26.3830 0.0000e+00
 216.787164     31.000  34.774135     7.6311     1.3218     30.739    33.7996    26.3853 0.0000e+00
 216.787196     32.000  34.771830     7.6287     1.3302     31.730    33.7990    26.3851 0.0000e+00
 216.787263     33.000  34.772113     7.6277     1.3013     32.722    33.7998    26.3859 0.0000e+00
 216.787296     34.000  34.771192     7.6274     1.3087     33.714    33.7987    26.3850 0.0000e+00
 216.787352     35.000  34.771748     7.6267     1.2680     34.705    33.7993    26.3857 0.0000e+00
 216.787396     36.000  34.771264     7.6248     1.2515     35.696    33.8002    26.3866 0.0000e+00
 216.787434     37.000  34.769373     7.6202     1.2435     36.688    33.8021    26.3888 0.0000e+00
 216.787475     38.000  34.768806     7.6199     1.2447     37.679    33.8014    26.3883 0.0000e+00
 216.787514     39.000  34.767512     7.6188     1.2423     38.671    33.8005    26.3878 0.0000e+00
 216.787553     40.000  34.767041     7.6185     1.2412     39.662    33.7998    26.3873 0.0000e+00
 216.787589     41.000  34.765074     7.6127     1.2395     40.654    33.8029    26.3906 0.0000e+00
 216.787634     42.000  34.764467     7.6128     1.2399     41.645    33.8017    26.3896 0.0000e+00
 216.787666     43.000  34.762358     7.6102     1.2420     42.637    33.8015    26.3898 0.0000e+00
 216.787717     44.000  34.763157     7.6105     1.2316     43.628    33.8015    26.3899 0.0000e+00
