data/oxygen options/ONMS/Olympic_Coast_National_Marine_Sanctuary_CTD_Data_2005_2023/raw_data/2016/CAST_KL015_161006faed.cnv
* Sea-Bird SBE19 Data File:
* FileName = C:\2016 Mooring Data\Casts\Data\CAST_KL015_161006.hex
* Software Version 1.59
* Temperature SN = 2997
* Conductivity SN = 2997
* System UpLoad Time = Oct 06 2016 17:02:31
** CAST_KL015_161006
* ds
# nquan = 9                                 
# nvalues = 1024                        
# units = specified
# name 0 = timeJ: Julian Days
# name 1 = prSM: Pressure, Strain Gauge [db]
# name 2 = c0mS/cm: Conductivity [mS/cm]
# name 3 = t090C: Temperature [ITS-90, deg C]
# name 4 = sbeox0ML/L: Oxygen, SBE 43 [ml/l]
# name 5 = depSM: Depth [salt water, m], lat = 47.5
# name 6 = sal00: Salinity, Practical [PSU]
# name 7 = sigma-é00: Density [sigma-theta, kg/m^3]
# name 8 = flag: flag
# span 0 = 280.693206, 280.699126       
# span 1 =     -4.805,     16.368       
# span 2 =   0.383605,  37.096389       
# span 3 =    12.1773,    13.4936       
# span 4 =    -1.9893,    11.9463       
# span 5 =     -4.765,     16.231       
# span 6 =     0.2441,    30.9786       
# span 7 =    -0.3969,    23.1961       
# span 8 = 0.0000e+00, 0.0000e+00       
# interval = seconds: 0.5
# start_time = Oct 06 2016 16:38:13 [Instrument's time stamp, header]
# bad_flag = -9.990e-29
*END*
 280.693206     -4.805 -9.990e-29    12.6185    -1.9693     -4.765 -9.990e-29 -9.990e-29 -9.990e-29
 280.693212     -4.799   0.385223    12.6242    -1.9693     -4.759     0.2451    -0.3830 -9.990e-29
 280.693218     -4.792   0.385223    12.6286    -1.9694     -4.752     0.2451    -0.3835 -9.990e-29
 280.693223     -4.783   0.385223    12.6315    -1.9694     -4.743     0.2451    -0.3839 -9.990e-29
 280.693229     -4.772   0.385223    12.6334    -1.9695     -4.732     0.2451    -0.3841 -9.990e-29
 280.693235     -4.757   0.385223    12.6346    -1.9694     -4.717     0.2451    -0.3843 -9.990e-29
 280.693241     -4.737   0.385223    12.6346    -1.9695     -4.698     0.2451    -0.3843 -9.990e-29
 280.693247     -4.713   0.385223    12.6334    -1.9696     -4.674     0.2451    -0.3841 -9.990e-29
 280.693252     -4.685   0.385223    12.6317    -1.9697     -4.646     0.2451    -0.3839 -9.990e-29
 280.693258     -4.657   0.385223    12.6301    -1.9699     -4.618     0.2451    -0.3837 -9.990e-29
 280.693264     -4.627   0.385224    12.6287    -1.9700     -4.588     0.2451    -0.3835 -9.990e-29
 280.693270     -4.598   0.385224    12.6273    -1.9700     -4.560     0.2451    -0.3833 -9.990e-29
 280.693275     -4.571   0.385225    12.6259    -1.9702     -4.533     0.2451    -0.3832 -9.990e-29
 280.693281     -4.546   0.385226    12.6251    -1.9704     -4.508     0.2451    -0.3831 -9.990e-29
 280.693287     -4.519   0.385230    12.6247    -1.9705     -4.481     0.2451    -0.3830 -9.990e-29
 280.693293     -4.491   0.385243    12.6239    -1.9706     -4.454     0.2452    -0.3829 -9.990e-29
 280.693299     -4.459   0.385281    12.6225    -1.9710     -4.422     0.2452    -0.3827 -9.990e-29
 280.693304     -4.425   0.385394    12.6202    -1.9713     -4.388     0.2453    -0.3824 -9.990e-29
 280.693310     -4.391   0.385733    12.6174    -1.9715     -4.354     0.2455    -0.3818 -9.990e-29
 280.693316     -4.355   0.386193    12.6149    -1.9717     -4.319     0.2458    -0.3813 -9.990e-29
 280.693322     -4.320   0.386279    12.6125    -1.9718     -4.284     0.2459    -0.3809 -9.990e-29
 280.693328     -4.287   0.386103    12.6097    -1.9717     -4.251     0.2458    -0.3807 -9.990e-29
 280.693333     -4.254   0.385987    12.6064    -1.9716     -4.219     0.2458    -0.3803 -9.990e-29
 280.693339     -4.219   0.385774    12.6031    -1.9713     -4.184     0.2456    -0.3800 -9.990e-29
 280.693345     -4.184   0.385738    12.5988    -1.9712     -4.149     0.2456    -0.3795 -9.990e-29
 280.693351     -4.151   0.385829    12.5933    -1.9708     -4.116     0.2457    -0.3787 -9.990e-29
 280.693356     -4.118   0.385613    12.5877    -1.9706     -4.084     0.2456    -0.3781 -9.990e-29
 280.693362     -4.088   0.385356    12.5830    -1.9702     -4.054     0.2455    -0.3776 -9.990e-29
 280.693368     -4.062   0.385270    12.5799    -1.9698     -4.028     0.2454    -0.3773 -9.990e-29
 280.693374     -4.039   0.385242    12.5787    -1.9695     -4.005     0.2454    -0.3771 -9.990e-29
 280.693380     -4.017   0.385232    12.5796    -1.9693     -3.984     0.2454    -0.3773 -9.990e-29
 280.693385     -3.995   0.385229    12.5824    -1.9692     -3.962     0.2454    -0.3776 -9.990e-29
 280.693391     -3.973   0.385228    12.5865    -1.9692     -3.940     0.2454    -0.3781 -9.990e-29
 280.693397     -3.947   0.385228    12.5917    -1.9692     -3.914     0.2453    -0.3788 -9.990e-29
 280.693403     -3.917   0.385228    12.5981    -1.9691     -3.884     0.2453    -0.3796 -9.990e-29
 280.693409     -3.880   0.385228    12.6054    -1.9689     -3.848     0.2453    -0.3805 -9.990e-29
 280.693414     -3.839   0.385228    12.6131    -1.9689     -3.807     0.2452    -0.3815 -9.990e-29
 280.693420     -3.800   0.385229    12.6204    -1.9687     -3.768     0.2452    -0.3825 -9.990e-29
 280.693426     -3.764   0.385229    12.6269    -1.9685     -3.733     0.2451    -0.3833 -9.990e-29
 280.693432     -3.730   0.385229    12.6317    -1.9682     -3.699     0.2451    -0.3839 -9.990e-29
 280.693438     -3.698   0.385229    12.6343    -1.9681     -3.667     0.2451    -0.3842 -9.990e-29
 280.693443     -3.672   0.385229    12.6358    -1.9680     -3.641     0.2451    -0.3844 -9.990e-29
 280.693449     -3.645   0.385230    12.6375    -1.9680     -3.615     0.2451    -0.3846 -9.990e-29
 280.693455     -3.617   0.385230    12.6398    -1.9680     -3.587     0.2451    -0.3849 -9.990e-29
 280.693461     -3.592   0.385230    12.6427    -1.9679     -3.562     0.2450    -0.3853 -9.990e-29
 280.693466     -3.571   0.385230    12.6458    -1.9679     -3.541     0.2450    -0.3857 -9.990e-29
 280.693472     -3.547   0.385230    12.6494    -1.9680     -3.517     0.2450    -0.3862 -9.990e-29
 280.693478     -3.524   0.385230    12.6537    -1.9683     -3.495     0.2450    -0.3867 -9.990e-29
 280.693484     -3.503   0.385231    12.6579    -1.9688     -3.474     0.2449    -0.3872 -9.990e-29
 280.693490     -3.484   0.385231    12.6610    -1.9693     -3.455     0.2449    -0.3876 -9.990e-29
 280.693495     -3.465   0.385231    12.6628    -1.9698     -3.436     0.2449    -0.3879 -9.990e-29
 280.693501     -3.445   0.385231    12.6640    -1.9699     -3.416     0.2449    -0.3880 -9.990e-29
 280.693507     -3.423   0.385231    12.6650    -1.9700     -3.394     0.2449    -0.3881 -9.990e-29
 280.693513     -3.402   0.385232    12.6656    -1.9700     -3.374     0.2449    -0.3882 -9.990e-29
 280.693519     -3.385   0.385232    12.6649    -1.9699     -3.357     0.2449    -0.3881 -9.990e-29
 280.693524     -3.366   0.385232    12.6620    -1.9701     -3.338     0.2449    -0.3878 -9.990e-29
 280.693530     -3.340   0.385232    12.6561    -1.9701     -3.312     0.2450    -0.3870 -9.990e-29
 280.693536     -3.309   0.385232    12.6475    -1.9701     -3.281     0.2450    -0.3859 -9.990e-29
 280.693542     -3.280   0.385232    12.6378    -1.9704     -3.253     0.2451    -0.3847 -9.990e-29
 280.693547     -3.256   0.385233    12.6295    -1.9705     -3.229     0.2451    -0.3836 -9.990e-29
 280.693553     -3.235   0.385233    12.6244    -1.9705     -3.208     0.2451    -0.3830 -9.990e-29
 280.693559     -3.216   0.385233    12.6221    -1.9705     -3.189     0.2452    -0.3827 -9.990e-29
 280.693565     -3.197   0.385232    12.6215    -1.9705     -3.170     0.2452    -0.3826 -9.990e-29
 280.693571     -3.177   0.385231    12.6211    -1.9705     -3.151     0.2452    -0.3825 -9.990e-29
 280.693576     -3.155   0.385227    12.6198    -1.9705     -3.129     0.2452    -0.3824 -9.990e-29
 280.693582     -3.134   0.385215    12.6180    -1.9704     -3.108     0.2452    -0.3822 -9.990e-29
 280.693588     -3.116   0.385177    12.6161    -1.9704     -3.090     0.2452    -0.3819 -9.990e-29
 280.693594     -3.097   0.385063    12.6140    -1.9704     -3.071     0.2451    -0.3817 -9.990e-29
 280.693600     -3.071   0.384720    12.6124    -1.9702     -3.045     0.2449    -0.3817 -9.990e-29
 280.693605     -3.041   0.384248    12.6116    -1.9700     -3.016     0.2446    -0.3818 -9.990e-29
 280.693611     -3.013   0.384125    12.6114    -1.9698     -2.988     0.2445    -0.3819 -9.990e-29
 280.693617     -2.989   0.384187    12.6115    -1.9695     -2.964     0.2445    -0.3818 -9.990e-29
 280.693623     -2.969   0.383961    12.6116    -1.9691     -2.944     0.2444    -0.3820 -9.990e-29
 280.693628     -2.950   0.383702    12.6121    -1.9690     -2.925     0.2442    -0.3822 -9.990e-29
 280.693634     -2.932   0.383620    12.6128    -1.9688     -2.908     0.2442    -0.3823 -9.990e-29
 280.693640     -2.913   0.383605    12.6140    -1.9688     -2.889     0.2441    -0.3825 -9.990e-29
 280.693646     -2.893   0.383637    12.6161    -1.9689     -2.869     0.2442    -0.3827 -9.990e-29
 280.693652     -2.869   0.383757    12.6196    -1.9691     -2.845     0.2442    -0.3831 -9.990e-29
 280.693657     -2.842   0.384126    12.6241    -1.9691     -2.818     0.2444    -0.3835 -9.990e-29
 280.693663     -2.812   0.384681    12.6294    -1.9696     -2.789     0.2448    -0.3839 -9.990e-29
 280.693669     -2.787   0.385051    12.6352    -1.9700     -2.764     0.2450    -0.3844 -9.990e-29
 280.693675     -2.769   0.385175    12.6406    -1.9702     -2.746     0.2450    -0.3851 -9.990e-29
 280.693681     -2.754   0.385216    12.6449    -1.9703     -2.731     0.2450    -0.3856 -9.990e-29
 280.693686     -2.735   0.385230    12.6478    -1.9702     -2.712     0.2450    -0.3859 -9.990e-29
 280.693692     -2.716   0.385235    12.6485    -1.9701     -2.693     0.2450    -0.3860 -9.990e-29
 280.693698     -2.699   0.385237    12.6469    -1.9700     -2.676     0.2450    -0.3858 -9.990e-29
 280.693704     -2.685   0.385238    12.6441    -1.9697     -2.663     0.2450    -0.3855 -9.990e-29
 280.693709     -2.671   0.385238    12.6397    -1.9698     -2.649     0.2451    -0.3849 -9.990e-29
 280.693715     -2.657   0.385238    12.6329    -1.9702     -2.635     0.2451    -0.3840 -9.990e-29
 280.693721     -2.643   0.385238    12.6259    -1.9703     -2.621     0.2451    -0.3831 -9.990e-29
 280.693727     -2.626   0.385238    12.6212    -1.9701     -2.604     0.2452    -0.3825 -9.990e-29
 280.693733     -2.607   0.385239    12.6195    -1.9701     -2.585     0.2452    -0.3823 -9.990e-29
 280.693738     -2.584   0.385239    12.6204    -1.9702     -2.562     0.2452    -0.3824 -9.990e-29
 280.693744     -2.555   0.385239    12.6227    -1.9703     -2.534     0.2452    -0.3827 -9.990e-29
 280.693750     -2.523   0.385239    12.6254    -1.9701     -2.502     0.2451    -0.3831 -9.990e-29
 280.693756     -2.495   0.385239    12.6273    -1.9701     -2.474     0.2451    -0.3833 -9.990e-29
 280.693762     -2.473   0.385240    12.6263    -1.9703     -2.452     0.2451    -0.3832 -9.990e-29
 280.693767     -2.455   0.385240    12.6233    -1.9708     -2.435     0.2452    -0.3828 -9.990e-29
 280.693773     -2.440   0.385240    12.6214    -1.9713     -2.420     0.2452    -0.3826 -9.990e-29
 280.693779     -2.428   0.385240    12.6214    -1.9715     -2.408     0.2452    -0.3826 -9.990e-29
 280.693785     -2.417   0.385240    12.6213    -1.9715     -2.397     0.2452    -0.3826 -9.990e-29
 280.693791     -2.407   0.385239    12.6207    -1.9713     -2.387     0.2452    -0.3825 -9.990e-29
 280.693796     -2.398   0.385238    12.6206    -1.9712     -2.378     0.2452    -0.3825 -9.990e-29
 280.693802     -2.388   0.385234    12.6209    -1.9711     -2.368     0.2452    -0.3825 -9.990e-29
 280.693808     -2.378   0.385221    12.6196    -1.9709     -2.358     0.2452    -0.3823 -9.990e-29
 280.693814     -2.366   0.385180    12.6151    -1.9707     -2.346     0.2452    -0.3818 -9.990e-29
 280.693819     -2.352   0.385058    12.6079    -1.9705     -2.332     0.2451    -0.3809 -9.990e-29
 280.693825     -2.334   0.384692    12.6008    -1.9703     -2.315     0.2449    -0.3802 -9.990e-29
 280.693831     -2.313   0.384150    12.5966    -1.9703     -2.294     0.2446    -0.3800 -9.990e-29
 280.693837     -2.289   0.383818    12.5957    -1.9702     -2.270     0.2444    -0.3800 -9.990e-29
 280.693843     -2.272   0.383809    12.5968    -1.9702     -2.253     0.2444    -0.3802 -9.990e-29
 280.693848     -2.259   0.384111    12.5990    -1.9701     -2.240     0.2446    -0.3803 -9.990e-29
 280.693854     -2.241   0.384571    12.6025    -1.9700     -2.222     0.2448    -0.3805 -9.990e-29
 280.693860     -2.218   0.384690    12.6069    -1.9699     -2.200     0.2449    -0.3810 -9.990e-29
 280.693866     -2.195   0.384627    12.6112    -1.9698     -2.177     0.2448    -0.3816 -9.990e-29
 280.693872     -2.177   0.384853    12.6151    -1.9697     -2.159     0.2450    -0.3820 -9.990e-29
 280.693877     -2.161   0.385114    12.6183    -1.9695     -2.143     0.2451    -0.3822 -9.990e-29
 280.693883     -2.147   0.385202    12.6204    -1.9690     -2.129     0.2451    -0.3825 -9.990e-29
 280.693889     -2.134   0.385236    12.6218    -1.9687     -2.116     0.2452    -0.3826 -9.990e-29
 280.693895     -2.121   0.385259    12.6232    -1.9683     -2.103     0.2452    -0.3828 -9.990e-29
 280.693900     -2.107   0.385301    12.6248    -1.9682     -2.089     0.2452    -0.3830 -9.990e-29
 280.693906     -2.092   0.385419    12.6268    -1.9680     -2.075     0.2452    -0.3832 -9.990e-29
 280.693912     -2.074   0.385770    12.6293    -1.9681     -2.057     0.2455    -0.3833 -9.990e-29
 280.693918     -2.052   0.386266    12.6326    -1.9682     -2.035     0.2458    -0.3835 -9.990e-29
 280.693924     -2.025   0.386460    12.6368    -1.9681     -2.008     0.2459    -0.3839 -9.990e-29
 280.693929     -1.995   0.386239    12.6426    -1.9680     -1.978     0.2457    -0.3848 -9.990e-29
 280.693935     -1.969   0.385862    12.6501    -1.9679     -1.953     0.2454    -0.3859 -9.990e-29
 280.693941     -1.951   0.385567    12.6575    -1.9677     -1.935     0.2452    -0.3870 -9.990e-29
 280.693947     -1.937   0.385517    12.6635    -1.9677     -1.921     0.2451    -0.3878 -9.990e-29
 280.693953     -1.928   0.385830    12.6677    -1.9676     -1.912     0.2453    -0.3882 -9.990e-29
 280.693958     -1.924   0.386366    12.6698    -1.9676     -1.908     0.2456    -0.3882 -9.990e-29
 280.693964     -1.919   0.386732    12.6702    -1.9676     -1.903     0.2458    -0.3880 -9.990e-29
 280.693970     -1.908   0.386858    12.6703    -1.9674     -1.892     0.2459    -0.3880 -9.990e-29
 280.693976     -1.896   0.386912    12.6713    -1.9674     -1.880     0.2460    -0.3881 -9.990e-29
 280.693981     -1.887   0.386967    12.6732    -1.9675     -1.871     0.2460    -0.3883 -9.990e-29
 280.693987     -1.878   0.387095    12.6754    -1.9675     -1.862     0.2460    -0.3885 -9.990e-29
 280.693993     -1.871   0.387467    12.6775    -1.9674     -1.855     0.2463    -0.3886 -9.990e-29
 280.693999     -1.864   0.388024    12.6793    -1.9674     -1.848     0.2466    -0.3885 -9.990e-29
 280.694005     -1.858   0.388398    12.6809    -1.9673     -1.843     0.2469    -0.3886 -9.990e-29
 280.694010     -1.850   0.388531    12.6822    -1.9672     -1.835     0.2469    -0.3887 -9.990e-29
 280.694016     -1.842   0.388600    12.6834    -1.9671     -1.827     0.2470    -0.3888 -9.990e-29
 280.694022     -1.833   0.388698    12.6847    -1.9669     -1.818     0.2470    -0.3889 -9.990e-29
 280.694028     -1.821   0.388955    12.6855    -1.9668     -1.806     0.2472    -0.3889 -9.990e-29
 280.694034     -1.807   0.389158    12.6857    -1.9665     -1.792     0.2473    -0.3888 -9.990e-29
 280.694039     -1.789   0.389023    12.6861    -1.9660     -1.774     0.2472    -0.3889 -9.990e-29
 280.694045     -1.771   0.388925    12.6868    -1.9655     -1.756     0.2472    -0.3890 -9.990e-29
 280.694051     -1.755   0.389288    12.6878    -1.9653     -1.740     0.2474    -0.3890 -9.990e-29
 280.694057     -1.741   0.390042    12.6892    -1.9652     -1.726     0.2479    -0.3888 -9.990e-29
 280.694062     -1.728   0.390524    12.6915    -1.9651     -1.714     0.2482    -0.3888 -9.990e-29
 280.694068     -1.710   0.390268    12.6947    -1.9650     -1.696     0.2480    -0.3894 -9.990e-29
 280.694074     -1.687   0.390041    12.6984    -1.9649     -1.673     0.2478    -0.3900 -9.990e-29
 280.694080     -1.665   0.390651    12.7030    -1.9645     -1.651     0.2482    -0.3902 -9.990e-29
 280.694086     -1.647   0.391802    12.7096    -1.9639     -1.633     0.2489    -0.3905 -9.990e-29
 280.694091     -1.633   0.392806    12.7179    -1.9636     -1.619     0.2495    -0.3911 -9.990e-29
 280.694097     -1.622   0.393338    12.7259    -1.9636     -1.608     0.2498    -0.3918 -9.990e-29
 280.694103     -1.612   0.393552    12.7318    -1.9634     -1.599     0.2499    -0.3925 -9.990e-29
 280.694109     -1.603   0.393734    12.7356    -1.9634     -1.590     0.2500    -0.3929 -9.990e-29
 280.694115     -1.594   0.394125    12.7385    -1.9637     -1.581     0.2502    -0.3930 -9.990e-29
 280.694120     -1.586   0.394690    12.7417    -1.9637     -1.573     0.2506    -0.3932 -9.990e-29
 280.694126     -1.577   0.395073    12.7467    -1.9637     -1.564     0.2508    -0.3936 -9.990e-29
