data/oxygen options/ONMS/Olympic_Coast_National_Marine_Sanctuary_CTD_Data_2005_2023/raw_data/2016/CAST_CA042_160628faedb.cnv
* Sea-Bird SBE19 Data File:
* FileName = C:\2016 Mooring Data\Casts\Data\CAST_CA042_160628.hex
* Software Version 1.59
* Temperature SN = 2997
* Conductivity SN = 2997
* System UpLoad Time = Jun 28 2016 16:45:00
** CAST_CA042_160628
* ds
# nquan = 9
# nvalues = 43                          
# units = specified
# name 0 = timeJ: Julian Days
# name 1 = prSM: Pressure, Strain Gauge [db]
# name 2 = c0mS/cm: Conductivity [mS/cm]
# name 3 = t090C: Temperature [ITS-90, deg C]
# name 4 = sbeox0ML/L: Oxygen, SBE 43 [ml/l]
# name 5 = depSM: Depth [salt water, m], lat = 47.5
# name 6 = sal00: Salinity, Practical [PSU]
# name 7 = sigma-é00: Density [sigma-theta, kg/m^3]
# name 8 = flag: flag
# span 0 = 180.691941, 180.693007       
# span 1 =      2.000,     44.000       
# span 2 =  34.643054,  36.972922       
# span 3 =     7.4736,    11.5963       
# span 4 =     2.7471,     5.2078       
# span 5 =      1.983,     43.628       
# span 6 =    32.4116,    33.8047       
# span 7 =    24.6543,    26.4119       
# span 8 = 0.0000e+00, 0.0000e+00       
# interval = decibars: 1                
# start_time = Jun 28 2016 16:27:01 [Instrument's time stamp, header]
# bad_flag = -9.990e-29
*END*
 180.691941      2.000  36.972922    11.5963     5.2078      1.983    32.4116    24.6543 0.0000e+00
 180.691971      3.000  36.435899    10.8614     4.8147      2.975    32.5307    24.8774 0.0000e+00
 180.691995      4.000  36.035331    10.3388     4.8337      3.966    32.5968    25.0191 0.0000e+00
 180.692019      5.000  35.972606    10.2493     4.7198      4.958    32.6135    25.0473 0.0000e+00
 180.692042      6.000  35.896932    10.0510     4.5112      5.950    32.7154    25.1601 0.0000e+00
 180.692064      7.000  35.729626     9.7992     4.3862      6.942    32.7736    25.2471 0.0000e+00
 180.692091      8.000  35.624886     9.6188     4.1733      7.933    32.8307    25.3213 0.0000e+00
 180.692116      9.000  35.490469     9.3722     4.1476      8.925    32.9183    25.4296 0.0000e+00
 180.692142     10.000  35.439672     9.3548     4.1274      9.916    32.8816    25.4037 0.0000e+00
 180.692170     11.000  35.408236     9.2921     3.9714     10.908    32.9064    25.4331 0.0000e+00
 180.692193     12.000  35.314023     9.1527     3.9152     11.900    32.9371    25.4792 0.0000e+00
 180.692217     13.000  35.295370     9.0978     3.8902     12.891    32.9681    25.5122 0.0000e+00
 180.692243     14.000  35.290566     9.0592     3.8444     13.883    32.9984    25.5420 0.0000e+00
 180.692270     15.000  35.278474     8.9901     3.6994     14.874    33.0495    25.5928 0.0000e+00
 180.692293     16.000  35.237674     8.8805     3.6738     15.866    33.1087    25.6562 0.0000e+00
 180.692321     17.000  35.220095     8.8404     3.6572     16.857    33.1273    25.6771 0.0000e+00
 180.692350     18.000  35.214641     8.7739     3.4111     17.849    33.1834    25.7313 0.0000e+00
 180.692375     19.000  35.089918     8.5684     3.3029     18.840    33.2451    25.8111 0.0000e+00
 180.692403     20.000  35.007332     8.4234     3.1896     19.832    33.2943    25.8717 0.0000e+00
 180.692428     21.000  34.942773     8.2964     3.0624     20.824    33.3458    25.9312 0.0000e+00
 180.692449     22.000  34.860051     8.1556     3.0701     21.815    33.3912    25.9878 0.0000e+00
 180.692473     23.000  34.840133     8.1253     3.0809     22.806    33.3984    25.9980 0.0000e+00
 180.692497     24.000  34.840467     8.1167     3.0756     23.798    33.4065    26.0056 0.0000e+00
 180.692520     25.000  34.836696     8.0968     3.0459     24.790    33.4210    26.0199 0.0000e+00
 180.692542     26.000  34.819122     8.0647     3.0342     25.782    33.4325    26.0337 0.0000e+00
 180.692566     27.000  34.810081     8.0587     3.0215     26.773    33.4281    26.0312 0.0000e+00
 180.692593     28.000  34.793640     8.0099     3.0012     27.764    33.4567    26.0608 0.0000e+00
 180.692615     29.000  34.764891     7.9508     3.0498     28.756    33.4821    26.0894 0.0000e+00
 180.692635     30.000  34.744255     7.8930     3.0518     29.748    33.5149    26.1237 0.0000e+00
 180.692663     31.000  34.748984     7.8996     3.0859     30.739    33.5132    26.1214 0.0000e+00
 180.692691     32.000  34.740516     7.8473     3.1291     31.731    33.5539    26.1609 0.0000e+00
 180.692710     33.000  34.728466     7.7462     3.0698     32.722    33.6378    26.2415 0.0000e+00
 180.692731     34.000  34.705624     7.7113     3.1472     33.713    33.6465    26.2534 0.0000e+00
 180.692770     35.000  34.725678     7.7304     3.0152     34.705    33.6492    26.2528 0.0000e+00
 180.692791     36.000  34.697078     7.6588     2.9456     35.696    33.6871    26.2929 0.0000e+00
 180.692813     37.000  34.687514     7.6256     2.8574     36.688    33.7085    26.3144 0.0000e+00
 180.692837     38.000  34.663780     7.5622     2.8929     37.679    33.7439    26.3514 0.0000e+00
 180.692866     39.000  34.668534     7.5646     2.8373     38.671    33.7462    26.3529 0.0000e+00
 180.692894     40.000  34.656924     7.5480     2.8433     39.662    33.7493    26.3577 0.0000e+00
 180.692922     41.000  34.658200     7.5183     2.7577     40.654    33.7791    26.3854 0.0000e+00
 180.692943     42.000  34.643615     7.4790     2.7752     41.645    33.8012    26.4083 0.0000e+00
 180.692973     43.000  34.648173     7.4868     2.7595     42.637    33.7980    26.4047 0.0000e+00
 180.693007     44.000  34.643054     7.4736     2.7471     43.628    33.8047    26.4119 0.0000e+00
