data/oxygen options/ONMS/Olympic_Coast_National_Marine_Sanctuary_CTD_Data_2005_2023/raw_data/2016/CAST_TH015_160823faed.cnv
* Sea-Bird SBE19 Data File:
* FileName = C:\2016 Mooring Data\Casts\Data\CAST_TH015_160823.hex
* Software Version 1.59
* Temperature SN = 2997
* Conductivity SN = 2997
* System UpLoad Time = Aug 23 2016 22:43:55
** CAST_TH015_160823
* ds
# nquan = 9                                 
# nvalues = 995                         
# units = specified
# name 0 = timeJ: Julian Days
# name 1 = prSM: Pressure, Strain Gauge [db]
# name 2 = c0mS/cm: Conductivity [mS/cm]
# name 3 = t090C: Temperature [ITS-90, deg C]
# name 4 = sbeox0ML/L: Oxygen, SBE 43 [ml/l]
# name 5 = depSM: Depth [salt water, m], lat = 47.5
# name 6 = sal00: Salinity, Practical [PSU]
# name 7 = sigma-é00: Density [sigma-theta, kg/m^3]
# name 8 = flag: flag
# span 0 = 236.924583, 236.930336       
# span 1 =     -5.558,     16.975       
# span 2 =   0.465545,  39.622462       
# span 3 =     8.1402,    15.5384       
# span 4 =    -1.8901,    17.6333       
# span 5 =     -5.512,     16.833       
# span 6 =     0.2832,    33.7979       
# span 7 =    -0.7413,    26.1940       
# span 8 = 0.0000e+00, 0.0000e+00       
# interval = seconds: 0.5
# start_time = Aug 23 2016 22:11:24 [Instrument's time stamp, header]
# bad_flag = -9.990e-29
*END*
 236.924583     -5.558 -9.990e-29    14.4162    -1.8887     -5.512 -9.990e-29 -9.990e-29 -9.990e-29
 236.924589     -5.538   0.472582    14.4266    -1.8885     -5.492     0.2893    -0.5898 -9.990e-29
 236.924595     -5.511   0.472150    14.4383    -1.8884     -5.465     0.2889    -0.5917 -9.990e-29
 236.924601     -5.481   0.472150    14.4516    -1.8885     -5.435     0.2888    -0.5938 -9.990e-29
 236.924606     -5.450   0.472582    14.4656    -1.8885     -5.405     0.2890    -0.5956 -9.990e-29
 236.924612     -5.416   0.472911    14.4784    -1.8890     -5.371     0.2891    -0.5974 -9.990e-29
 236.924618     -5.381   0.473019    14.4893    -1.8893     -5.336     0.2891    -0.5990 -9.990e-29
 236.924624     -5.347   0.473051    14.4991    -1.8895     -5.302     0.2891    -0.6005 -9.990e-29
 236.924630     -5.312   0.473050    14.5074    -1.8897     -5.268     0.2890    -0.6017 -9.990e-29
 236.924635     -5.279   0.473014    14.5133    -1.8899     -5.235     0.2889    -0.6026 -9.990e-29
 236.924641     -5.248   0.472892    14.5173    -1.8900     -5.204     0.2888    -0.6033 -9.990e-29
 236.924647     -5.215   0.472522    14.5196    -1.8901     -5.172     0.2886    -0.6038 -9.990e-29
 236.924653     -5.177   0.471967    14.5192    -1.8900     -5.134     0.2882    -0.6040 -9.990e-29
 236.924659     -5.140   0.471597    14.5157    -1.8899     -5.097     0.2880    -0.6037 -9.990e-29
 236.924664     -5.106   0.471473    14.5094    -1.8896     -5.063     0.2880    -0.6028 -9.990e-29
 236.924670     -5.072   0.471429    14.5024    -1.8896     -5.030     0.2880    -0.6018 -9.990e-29
 236.924676     -5.038   0.471406    14.4964    -1.8897     -4.996     0.2880    -0.6009 -9.990e-29
 236.924682     -5.000   0.471374    14.4917    -1.8899     -4.958     0.2881    -0.6002 -9.990e-29
 236.924688     -4.960   0.471289    14.4881    -1.8898     -4.919     0.2880    -0.5997 -9.990e-29
 236.924693     -4.924   0.471037    14.4854    -1.8898     -4.883     0.2879    -0.5994 -9.990e-29
 236.924699     -4.895   0.470839    14.4846    -1.8899     -4.854     0.2878    -0.5994 -9.990e-29
 236.924705     -4.871   0.470983    14.4861    -1.8896     -4.830     0.2878    -0.5995 -9.990e-29
 236.924711     -4.849   0.471106    14.4889    -1.8894     -4.809     0.2879    -0.5999 -9.990e-29
 236.924716     -4.829   0.470817    14.4916    -1.8890     -4.789     0.2877    -0.6004 -9.990e-29
 236.924722     -4.805   0.470285    14.4930    -1.8889     -4.765     0.2874    -0.6009 -9.990e-29
 236.924728     -4.772   0.469911    14.4924    -1.8887     -4.732     0.2871    -0.6010 -9.990e-29
 236.924734     -4.730   0.469752    14.4915    -1.8886     -4.691     0.2870    -0.6009 -9.990e-29
 236.924740     -4.688   0.469593    14.4916    -1.8889     -4.649     0.2869    -0.6010 -9.990e-29
 236.924745     -4.649   0.469222    14.4922    -1.8889     -4.610     0.2867    -0.6013 -9.990e-29
 236.924751     -4.616   0.468699    14.4936    -1.8889     -4.578     0.2864    -0.6018 -9.990e-29
 236.924757     -4.588   0.468437    14.4973    -1.8888     -4.550     0.2862    -0.6024 -9.990e-29
 236.924763     -4.561   0.468642    14.5031    -1.8888     -4.523     0.2863    -0.6032 -9.990e-29
 236.924769     -4.535   0.469032    14.5092    -1.8887     -4.497     0.2865    -0.6039 -9.990e-29
 236.924774     -4.508   0.469015    14.5141    -1.8887     -4.470     0.2864    -0.6047 -9.990e-29
 236.924780     -4.478   0.468569    14.5176    -1.8885     -4.441     0.2861    -0.6054 -9.990e-29
 236.924786     -4.442   0.468211    14.5188    -1.8879     -4.405     0.2859    -0.6058 -9.990e-29
 236.924792     -4.404   0.468018    14.5180    -1.8874     -4.367     0.2858    -0.6058 -9.990e-29
 236.924797     -4.370   0.467732    14.5173    -1.8868     -4.334     0.2856    -0.6058 -9.990e-29
 236.924803     -4.341   0.467526    14.5175    -1.8868     -4.305     0.2855    -0.6059 -9.990e-29
 236.924809     -4.315   0.467680    14.5181    -1.8870     -4.279     0.2855    -0.6060 -9.990e-29
 236.924815     -4.291   0.467843    14.5189    -1.8872     -4.255     0.2856    -0.6060 -9.990e-29
 236.924821     -4.268   0.467678    14.5206    -1.8871     -4.232     0.2855    -0.6063 -9.990e-29
 236.924826     -4.244   0.467519    14.5242    -1.8866     -4.209     0.2854    -0.6070 -9.990e-29
 236.924832     -4.217   0.467709    14.5311    -1.8862     -4.182     0.2855    -0.6079 -9.990e-29
 236.924838     -4.185   0.467946    14.5414    -1.8862     -4.150     0.2855    -0.6093 -9.990e-29
 236.924844     -4.152   0.467989    14.5525    -1.8864     -4.117     0.2855    -0.6110 -9.990e-29
 236.924850     -4.123   0.467894    14.5609    -1.8870     -4.089     0.2854    -0.6123 -9.990e-29
 236.924855     -4.100   0.467536    14.5641    -1.8868     -4.066     0.2851    -0.6130 -9.990e-29
 236.924861     -4.083   0.466992    14.5634    -1.8863     -4.049     0.2848    -0.6131 -9.990e-29
 236.924867     -4.066   0.466647    14.5632    -1.8861     -4.032     0.2846    -0.6133 -9.990e-29
 236.924873     -4.044   0.466594    14.5666    -1.8862     -4.010     0.2845    -0.6138 -9.990e-29
 236.924878     -4.019   0.466763    14.5731    -1.8864     -3.985     0.2846    -0.6147 -9.990e-29
 236.924884     -3.994   0.466825    14.5788    -1.8866     -3.961     0.2846    -0.6156 -9.990e-29
 236.924890     -3.968   0.466307    14.5802    -1.8866     -3.935     0.2842    -0.6160 -9.990e-29
 236.924896     -3.938   0.465627    14.5773    -1.8862     -3.905     0.2838    -0.6159 -9.990e-29
 236.924902     -3.904   0.465545    14.5744    -1.8855     -3.871     0.2838    -0.6155 -9.990e-29
 236.924907     -3.867   0.465949    14.5760    -1.8846     -3.835     0.2841    -0.6156 -9.990e-29
 236.924913     -3.834   0.466270    14.5806    -1.8840     -3.802     0.2842    -0.6161 -9.990e-29
 236.924919     -3.806   0.466378    14.5839    -1.8838     -3.774     0.2843    -0.6166 -9.990e-29
 236.924925     -3.781   0.466417    14.5842    -1.8842     -3.749     0.2843    -0.6166 -9.990e-29
 236.924931     -3.759   0.466438    14.5824    -1.8851     -3.728     0.2843    -0.6163 -9.990e-29
 236.924936     -3.742   0.466470    14.5810    -1.8855     -3.711     0.2843    -0.6161 -9.990e-29
 236.924942     -3.733   0.466554    14.5835    -1.8854     -3.702     0.2844    -0.6164 -9.990e-29
 236.924948     -3.727   0.466802    14.5922    -1.8853     -3.696     0.2845    -0.6176 -9.990e-29
 236.924954     -3.720   0.466991    14.6061    -1.8848     -3.689     0.2845    -0.6196 -9.990e-29
 236.924959     -3.711   0.466815    14.6212    -1.8839     -3.680     0.2843    -0.6220 -9.990e-29
 236.924965     -3.700   0.466595    14.6324    -1.8834     -3.669     0.2841    -0.6238 -9.990e-29
 236.924971     -3.687   0.466593    14.6354    -1.8829     -3.656     0.2840    -0.6243 -9.990e-29
 236.924977     -3.669   0.466804    14.6297    -1.8823     -3.638     0.2842    -0.6233 -9.990e-29
 236.924983     -3.646   0.466954    14.6198    -1.8818     -3.616     0.2844    -0.6217 -9.990e-29
 236.924988     -3.617   0.466688    14.6129    -1.8813     -3.587     0.2843    -0.6208 -9.990e-29
 236.924994     -3.584   0.466208    14.6119    -1.8812     -3.554     0.2840    -0.6209 -9.990e-29
 236.925000     -3.554   0.465981    14.6165    -1.8808     -3.524     0.2838    -0.6217 -9.990e-29
 236.925006     -3.528   0.466262    14.6272    -1.8805     -3.499     0.2839    -0.6232 -9.990e-29
 236.925012     -3.506   0.466869    14.6419    -1.8800     -3.477     0.2842    -0.6251 -9.990e-29
 236.925017     -3.485   0.467498    14.6565    -1.8800     -3.456     0.2845    -0.6271 -9.990e-29
 236.925023     -3.464   0.467878    14.6702    -1.8798     -3.435     0.2846    -0.6290 -9.990e-29
 236.925029     -3.443   0.467962    14.6837    -1.8799     -3.414     0.2846    -0.6310 -9.990e-29
 236.925035     -3.420   0.467859    14.6961    -1.8801     -3.391     0.2844    -0.6330 -9.990e-29
 236.925041     -3.397   0.467434    14.7059    -1.8804     -3.369     0.2841    -0.6347 -9.990e-29
 236.925046     -3.382   0.466674    14.7135    -1.8804     -3.354     0.2836    -0.6362 -9.990e-29
 236.925052     -3.373   0.466231    14.7213    -1.8805     -3.345     0.2832    -0.6376 -9.990e-29
 236.925058     -3.362   0.466624    14.7299    -1.8804     -3.334     0.2834    -0.6387 -9.990e-29
 236.925064     -3.344   0.467268    14.7374    -1.8803     -3.316     0.2838    -0.6396 -9.990e-29
 236.925069     -3.321   0.467353    14.7421    -1.8798     -3.293     0.2838    -0.6403 -9.990e-29
 236.925075     -3.301   0.466994    14.7440    -1.8794     -3.273     0.2835    -0.6407 -9.990e-29
 236.925081     -3.283   0.466821    14.7431    -1.8789     -3.256     0.2834    -0.6407 -9.990e-29
 236.925087     -3.261   0.467160    14.7396    -1.8784     -3.234     0.2837    -0.6400 -9.990e-29
 236.925093     -3.238   0.467905    14.7360    -1.8781     -3.211     0.2842    -0.6391 -9.990e-29
 236.925098     -3.217   0.468382    14.7342    -1.8778     -3.190     0.2845    -0.6385 -9.990e-29
 236.925104     -3.197   0.468119    14.7340    -1.8773     -3.170     0.2843    -0.6386 -9.990e-29
 236.925110     -3.176   0.467873    14.7359    -1.8769     -3.150     0.2841    -0.6391 -9.990e-29
 236.925116     -3.152   0.468429    14.7410    -1.8766     -3.126     0.2845    -0.6396 -9.990e-29
 236.925122     -3.130   0.469416    14.7493    -1.8764     -3.104     0.2850    -0.6404 -9.990e-29
 236.925127     -3.111   0.469929    14.7596    -1.8761     -3.085     0.2853    -0.6417 -9.990e-29
 236.925133     -3.094   0.469540    14.7704    -1.8757     -3.068     0.2849    -0.6436 -9.990e-29
 236.925139     -3.078   0.468841    14.7812    -1.8755     -3.052     0.2844    -0.6456 -9.990e-29
 236.925145     -3.058   0.468566    14.7913    -1.8754     -3.033     0.2842    -0.6473 -9.990e-29
 236.925150     -3.033   0.468901    14.8008    -1.8755     -3.008     0.2843    -0.6486 -9.990e-29
 236.925156     -3.010   0.469737    14.8108    -1.8756     -2.985     0.2848    -0.6497 -9.990e-29
 236.925162     -2.991   0.470524    14.8205    -1.8755     -2.966     0.2852    -0.6508 -9.990e-29
 236.925168     -2.975   0.470647    14.8285    -1.8754     -2.950     0.2852    -0.6520 -9.990e-29
 236.925174     -2.962   0.470269    14.8352    -1.8750     -2.937     0.2850    -0.6532 -9.990e-29
 236.925179     -2.950   0.469994    14.8423    -1.8745     -2.925     0.2847    -0.6545 -9.990e-29
 236.925185     -2.939   0.470011    14.8492    -1.8741     -2.914     0.2847    -0.6555 -9.990e-29
 236.925191     -2.927   0.470342    14.8541    -1.8738     -2.903     0.2849    -0.6561 -9.990e-29
 236.925197     -2.915   0.470874    14.8564    -1.8736     -2.891     0.2852    -0.6562 -9.990e-29
 236.925203     -2.901   0.471206    14.8565    -1.8734     -2.877     0.2854    -0.6561 -9.990e-29
 236.925208     -2.885   0.471222    14.8565    -1.8734     -2.861     0.2854    -0.6561 -9.990e-29
 236.925214     -2.865   0.470944    14.8587    -1.8733     -2.841     0.2852    -0.6565 -9.990e-29
 236.925220     -2.840   0.470558    14.8638    -1.8729     -2.816     0.2849    -0.6575 -9.990e-29
 236.925226     -2.813   0.470659    14.8717    -1.8719     -2.790     0.2849    -0.6587 -9.990e-29
 236.925231     -2.787   0.471381    14.8814    -1.8710     -2.764     0.2853    -0.6599 -9.990e-29
 236.925237     -2.759   0.472019    14.8908    -1.8702     -2.736     0.2857    -0.6610 -9.990e-29
 236.925243     -2.733   0.472314    14.8986    -1.8696     -2.710     0.2858    -0.6621 -9.990e-29
 236.925249     -2.711   0.472660    14.9047    -1.8690     -2.688     0.2860    -0.6629 -9.990e-29
 236.925255     -2.692   0.472960    14.9091    -1.8684     -2.670     0.2861    -0.6634 -9.990e-29
 236.925260     -2.674   0.473060    14.9133    -1.8683     -2.652     0.2861    -0.6640 -9.990e-29
 236.925266     -2.655   0.473094    14.9199    -1.8681     -2.633     0.2861    -0.6650 -9.990e-29
 236.925272     -2.641   0.473106    14.9317    -1.8679     -2.619     0.2860    -0.6669 -9.990e-29
 236.925278     -2.632   0.473113    14.9494    -1.8676     -2.610     0.2859    -0.6696 -9.990e-29
 236.925284     -2.626   0.473121    14.9697    -1.8677     -2.604     0.2858    -0.6728 -9.990e-29
 236.925289     -2.616   0.473142    14.9891    -1.8678     -2.594     0.2857    -0.6758 -9.990e-29
 236.925295     -2.604   0.473202    15.0060    -1.8678     -2.582     0.2856    -0.6784 -9.990e-29
 236.925301     -2.591   0.473383    15.0205    -1.8677     -2.569     0.2856    -0.6806 -9.990e-29
 236.925307     -2.582   0.473741    15.0319    -1.8677     -2.560     0.2857    -0.6822 -9.990e-29
 236.925312     -2.571   0.474196    15.0393    -1.8675     -2.550     0.2860    -0.6832 -9.990e-29
 236.925318     -2.558   0.474617    15.0449    -1.8672     -2.537     0.2862    -0.6839 -9.990e-29
 236.925324     -2.547   0.475010    15.0500    -1.8672     -2.526     0.2864    -0.6845 -9.990e-29
 236.925330     -2.536   0.475157    15.0534    -1.8670     -2.515     0.2865    -0.6849 -9.990e-29
 236.925336     -2.526   0.474702    15.0545    -1.8668     -2.505     0.2862    -0.6853 -9.990e-29
 236.925341     -2.510   0.474149    15.0545    -1.8666     -2.489     0.2858    -0.6856 -9.990e-29
 236.925347     -2.489   0.474425    15.0549    -1.8665     -2.468     0.2860    -0.6855 -9.990e-29
 236.925353     -2.468   0.475346    15.0562    -1.8664     -2.447     0.2866    -0.6853 -9.990e-29
 236.925359     -2.452   0.475918    15.0586    -1.8663     -2.432     0.2869    -0.6854 -9.990e-29
 236.925365     -2.439   0.475794    15.0624    -1.8664     -2.419     0.2868    -0.6861 -9.990e-29
 236.925370     -2.429   0.475365    15.0665    -1.8665     -2.409     0.2865    -0.6869 -9.990e-29
 236.925376     -2.420   0.475168    15.0699    -1.8668     -2.400     0.2864    -0.6875 -9.990e-29
 236.925382     -2.412   0.475497    15.0737    -1.8673     -2.392     0.2865    -0.6880 -9.990e-29
 236.925388     -2.405   0.476237    15.0782    -1.8674     -2.385     0.2870    -0.6883 -9.990e-29
 236.925394     -2.398   0.476709    15.0823    -1.8673     -2.378     0.2872    -0.6888 -9.990e-29
 236.925399     -2.391   0.476433    15.0853    -1.8673     -2.371     0.2870    -0.6894 -9.990e-29
 236.925405     -2.383   0.476151    15.0875    -1.8674     -2.363     0.2869    -0.6898 -9.990e-29
 236.925411     -2.374   0.476597    15.0882    -1.8674     -2.354     0.2871    -0.6897 -9.990e-29
 236.925417     -2.363   0.477258    15.0868    -1.8671     -2.343     0.2875    -0.6892 -9.990e-29
 236.925422     -2.350   0.477349    15.0833    -1.8669     -2.330     0.2876    -0.6886 -9.990e-29
 236.925428     -2.333   0.476992    15.0776    -1.8667     -2.314     0.2874    -0.6879 -9.990e-29
 236.925434     -2.312   0.476822    15.0711    -1.8666     -2.293     0.2874    -0.6869 -9.990e-29
 236.925440     -2.290   0.477167    15.0672    -1.8667     -2.271     0.2876    -0.6862 -9.990e-29
 236.925446     -2.269   0.477933    15.0662    -1.8668     -2.250     0.2881    -0.6856 -9.990e-29
 236.925451     -2.249   0.478476    15.0662    -1.8667     -2.230     0.2884    -0.6854 -9.990e-29
 236.925457     -2.231   0.478410    15.0664    -1.8664     -2.212     0.2884    -0.6854 -9.990e-29
 236.925463     -2.220   0.478203    15.0681    -1.8663     -2.201     0.2883    -0.6858 -9.990e-29
 236.925469     -2.214   0.478136    15.0720    -1.8661     -2.196     0.2882    -0.6864 -9.990e-29
 236.925475     -2.208   0.478118    15.0767    -1.8657     -2.190     0.2881    -0.6872 -9.990e-29
 236.925480     -2.200   0.478128    15.0802    -1.8655     -2.182     0.2881    -0.6877 -9.990e-29
 236.925486     -2.191   0.478178    15.0818    -1.8654     -2.173     0.2881    -0.6880 -9.990e-29
 236.925492     -2.181   0.478335    15.0818    -1.8653     -2.163     0.2882    -0.6879 -9.990e-29
 236.925498     -2.166   0.478810    15.0820    -1.8653     -2.148     0.2885    -0.6877 -9.990e-29
 236.925503     -2.149   0.479682    15.0845    -1.8654     -2.131     0.2891    -0.6877 -9.990e-29
