data/oxygen options/ONMS/Olympic_Coast_National_Marine_Sanctuary_CTD_Data_2005_2023/raw_data/2016/CAST_KL027_160525faedb.cnv
* Sea-Bird SBE19 Data File:
* FileName = C:\2016 Mooring Data\CAST_KL027_160525.hex
* Software Version 1.59
* Temperature SN = 2997
* Conductivity SN = 2997
* System UpLoad Time = May 25 2016 18:21:23
** CAST_KL027_160525
* ds
# nquan = 9
# nvalues = 26                          
# units = specified
# name 0 = timeJ: Julian Days
# name 1 = prSM: Pressure, Strain Gauge [db]
# name 2 = c0mS/cm: Conductivity [mS/cm]
# name 3 = t090C: Temperature [ITS-90, deg C]
# name 4 = sbeox0ML/L: Oxygen, SBE 43 [ml/l]
# name 5 = depSM: Depth [salt water, m], lat = 47.5
# name 6 = sal00: Salinity, Practical [PSU]
# name 7 = sigma-é00: Density [sigma-theta, kg/m^3]
# name 8 = flag: flag
# span 0 = 146.756786, 146.757444       
# span 1 =      2.000,     27.000       
# span 2 =  35.409537,  37.459728       
# span 3 =     9.1809,    12.6062       
# span 4 =     3.5991,     9.1677       
# span 5 =      1.983,     26.773       
# span 6 =    32.0096,    33.0759       
# span 7 =    24.1534,    25.5837       
# span 8 = 0.0000e+00, 0.0000e+00       
# interval = decibars: 1                
# start_time = May 25 2016 18:03:23 [Instrument's time stamp, header]
# bad_flag = -9.990e-29
*END*
 146.756786      2.000  37.459728    12.6062     9.1677      1.983    32.0096    24.1534 0.0000e+00
 146.756817      3.000  37.456371    12.5990     9.0430      2.975    32.0121    24.1568 0.0000e+00
 146.756845      4.000  37.349095    12.4237     8.2063      3.967    32.0590    24.2263 0.0000e+00
 146.756873      5.000  36.604339    11.5468     7.7056      4.958    32.0940    24.4157 0.0000e+00
 146.756902      6.000  36.298021    11.1557     7.2942      5.950    32.1340    24.5172 0.0000e+00
 146.756929      7.000  36.174317    10.9217     6.5874      6.941    32.2164    24.6225 0.0000e+00
 146.756958      8.000  36.003263    10.5966     5.8323      7.933    32.3328    24.7694 0.0000e+00
 146.756986      9.000  35.755858    10.2052     5.2977      8.925    32.4328    24.9138 0.0000e+00
 146.757013     10.000  35.561310     9.8799     4.8420      9.916    32.5280    25.0421 0.0000e+00
 146.757041     11.000  35.428174     9.6219     4.8120     10.908    32.6251    25.1602 0.0000e+00
 146.757065     12.000  35.409537     9.5678     4.8152     11.899    32.6548    25.1923 0.0000e+00
 146.757090     13.000  35.416716     9.5647     4.8089     12.891    32.6645    25.2003 0.0000e+00
 146.757114     14.000  35.436667     9.5707     4.7592     13.882    32.6790    25.2107 0.0000e+00
 146.757138     15.000  35.454585     9.5745     4.7191     14.874    32.6936    25.2215 0.0000e+00
 146.757165     16.000  35.468067     9.5733     4.3548     15.866    32.7080    25.2330 0.0000e+00
 146.757188     17.000  35.510240     9.5128     4.0350     16.857    32.8061    25.3194 0.0000e+00
 146.757215     18.000  35.546955     9.4364     3.7750     17.849    32.9135    25.4157 0.0000e+00
 146.757242     19.000  35.550182     9.3284     3.7525     18.840    33.0158    25.5130 0.0000e+00
 146.757267     20.000  35.541338     9.2936     3.7379     19.832    33.0384    25.5363 0.0000e+00
 146.757292     21.000  35.534229     9.2754     3.7214     20.824    33.0474    25.5462 0.0000e+00
 146.757314     22.000  35.524372     9.2610     3.7188     21.815    33.0502    25.5507 0.0000e+00
 146.757342     23.000  35.524619     9.2579     3.6698     22.807    33.0528    25.5533 0.0000e+00
 146.757366     24.000  35.507440     9.2248     3.6250     23.798    33.0652    25.5683 0.0000e+00
 146.757389     25.000  35.491096     9.2004     3.6169     24.790    33.0705    25.5762 0.0000e+00
 146.757413     26.000  35.491900     9.1977     3.6001     25.781    33.0734    25.5790 0.0000e+00
 146.757444     27.000  35.479750     9.1809     3.5991     26.773    33.0759    25.5837 0.0000e+00
