data/oxygen options/ONMS/Olympic_Coast_National_Marine_Sanctuary_CTD_Data_2005_2023/raw_data/2016/CAST_KL015_160525faed.cnv
* Sea-Bird SBE19 Data File:
* FileName = C:\2016 Mooring Data\CAST_KL015_160525.hex
* Software Version 1.59
* Temperature SN = 2997
* Conductivity SN = 2997
* System UpLoad Time = May 25 2016 19:02:30
** CAST_KL015_160525
* ds
# nquan = 9                                 
# nvalues = 675                         
# units = specified
# name 0 = timeJ: Julian Days
# name 1 = prSM: Pressure, Strain Gauge [db]
# name 2 = c0mS/cm: Conductivity [mS/cm]
# name 3 = t090C: Temperature [ITS-90, deg C]
# name 4 = sbeox0ML/L: Oxygen, SBE 43 [ml/l]
# name 5 = depSM: Depth [salt water, m], lat = 47.5
# name 6 = sal00: Salinity, Practical [PSU]
# name 7 = sigma-é00: Density [sigma-theta, kg/m^3]
# name 8 = flag: flag
# span 0 = 146.788299, 146.792199       
# span 1 =     -5.299,     15.096       
# span 2 =   0.343935,  37.972949       
# span 3 =    10.3402,    13.8477       
# span 4 =    -1.9313,    14.6938       
# span 5 =     -5.255,     14.969       
# span 6 =     0.2118,    32.7233       
# span 7 =    -0.5665,    25.1171       
# span 8 = 0.0000e+00, 0.0000e+00       
# interval = seconds: 0.5
# start_time = May 25 2016 18:55:09 [Instrument's time stamp, header]
# bad_flag = -9.990e-29
*END*
[from data line 481]
 146.791082      1.727  37.869942    12.8272     7.1599      1.713    32.2108    24.2666 0.0000e+00
 146.791088      1.944  37.869521    12.8242     7.1610      1.928    32.2128    24.2688 0.0000e+00
 146.791094      2.171  37.867797    12.8218     7.1584      2.153    32.2132    24.2695 0.0000e+00
 146.791100      2.395  37.865805    12.8198     7.1509      2.375    32.2129    24.2697 0.0000e+00
 146.791105      2.615  37.864787    12.8170     7.1420      2.593    32.2142    24.2713 0.0000e+00
 146.791111      2.842  37.864492    12.8133     7.1324      2.818    32.2170    24.2742 0.0000e+00
 146.791117      3.078  37.864514    12.8093     7.1276      3.052    32.2203    24.2775 0.0000e+00
 146.791123      3.323  37.864868    12.8044     7.1191      3.295    32.2248    24.2819 0.0000e+00
 146.791128      3.583  37.866579    12.7984     7.1042      3.553    32.2314    24.2882 0.0000e+00
 146.791134      3.850  37.869682    12.7928     7.0973      3.818    32.2390    24.2952 0.0000e+00
 146.791140      4.122  37.872141    12.7891     7.1092      4.088    32.2444    24.3001 0.0000e+00
 146.791146      4.397  37.873304    12.7868     7.1169      4.360    32.2474    24.3028 0.0000e+00
 146.791152      4.677  37.873595    12.7832     7.0972      4.638    32.2506    24.3060 0.0000e+00
 146.791157      4.963  37.872833    12.7755     7.0734      4.922    32.2563    24.3120 0.0000e+00
 146.791163      5.255  37.869997    12.7632     7.0928      5.211    32.2640    24.3203 0.0000e+00
 146.791169      5.550  37.862983    12.7501     7.1494      5.504    32.2685    24.3263 0.0000e+00
 146.791175      5.838  37.853083    12.7406     7.2402      5.789    32.2671    24.3271 0.0000e+00
 146.791181      6.110  37.845584    12.7311     7.3047      6.059    32.2680    24.3296 0.0000e+00
 146.791186      6.377  37.837207    12.7031     7.2602      6.324    32.2839    24.3473 0.0000e+00
 146.791192      6.650  37.808367    12.6381     7.2549      6.594    32.3121    24.3817 0.0000e+00
 146.791198      6.929  37.742470    12.5481     7.3606      6.871    32.3265    24.4101 0.0000e+00
 146.791204      7.207  37.660387    12.4746     7.5593      7.147    32.3112    24.4124 0.0000e+00
 146.791209      7.476  37.603997    12.4393     7.8141      7.413    32.2876    24.4008 0.0000e+00
 146.791215      7.732  37.584967    12.4198     8.0050      7.667    32.2861    24.4033 0.0000e+00
 146.791221      7.982  37.578464    12.3710     8.1070      7.915    32.3218    24.4402 0.0000e+00
 146.791227      8.238  37.537692    12.2458     8.1390      8.169    32.3907    24.5174 0.0000e+00
 146.791233      8.502  37.409968    12.0572     8.0621      8.431    32.4312    24.5841 0.0000e+00
 146.791238      8.772  37.225639    11.8910     7.8928      8.699    32.3974    24.5888 0.0000e+00
 146.791244      9.038  37.088640    11.7936     7.6886      8.962    32.3493    24.5694 0.0000e+00
 146.791250      9.295  37.020828    11.7470     7.5236      9.217    32.3239    24.5583 0.0000e+00
 146.791256      9.548  36.981066    11.7134     7.4332      9.468    32.3144    24.5571 0.0000e+00
 146.791262      9.807  36.947704    11.6529     7.4244      9.725    32.3345    24.5838 0.0000e+00
 146.791267     10.086  36.908759    11.5565     7.4954     10.002    32.3806    24.6371 0.0000e+00
 146.791273     10.380  36.856011    11.4365     7.5776     10.293    32.4341    24.7004 0.0000e+00
 146.791279     10.670  36.782440    11.3243     7.5948     10.581    32.4604    24.7410 0.0000e+00
 146.791285     10.940  36.713779    11.2802     7.5236     10.848    32.4317    24.7266 0.0000e+00
 146.791291     11.186  36.699108    11.3219     7.3349     11.092    32.3805    24.6794 0.0000e+00
 146.791296     11.410  36.742932    11.3884     7.0285     11.314    32.3651    24.6554 0.0000e+00
 146.791302     11.623  36.798876    11.4136     6.6455     11.526    32.3977    24.6763 0.0000e+00
 146.791308     11.833  36.821054    11.3894     6.2419     11.734    32.4406    24.7140 0.0000e+00
 146.791314     12.046  36.805988    11.3187     5.8957     11.945    32.4879    24.7634 0.0000e+00
 146.791319     12.271  36.754328    11.1754     5.6490     12.168    32.5634    24.8478 0.0000e+00
 146.791325     12.518  36.644257    10.9683     5.5112     12.413    32.6383    24.9427 0.0000e+00
 146.791331     12.785  36.494875    10.7567     5.4732     12.678    32.6785    25.0111 0.0000e+00
 146.791337     13.064  36.363070    10.5859     5.5089     12.955    32.6998    25.0572 0.0000e+00
 146.791343     13.351  36.271420    10.4689     5.5669     13.239    32.7129    25.0876 0.0000e+00
 146.791348     13.638  36.212552    10.4027     5.6663     13.524    32.7132    25.0991 0.0000e+00
 146.791354     13.911  36.180223    10.3714     5.7460     13.794    32.7088    25.1010 0.0000e+00
 146.791360     14.155  36.163801    10.3609     5.8108     14.036    32.7016    25.0972 0.0000e+00
 146.791366     14.366  36.159308    10.3674     5.8822     14.246    32.6911    25.0880 0.0000e+00
 146.791372     14.544  36.169148    10.3885     5.9388     14.422    32.6820    25.0772 0.0000e+00
 146.791377     14.692  36.188505    10.4159     6.0071     14.569    32.6767    25.0685 -9.990e-29
 146.791383     14.815  36.208444    10.4292     6.0619     14.691    32.6847    25.0725 -9.990e-29
 146.791389     14.915  36.212408    10.4206     6.0733     14.790    32.6964    25.0830 -9.990e-29
 146.791395     14.992  36.205684    10.4153     6.0489     14.866    32.6944    25.0824 -9.990e-29
 146.791400     15.046  36.214603    10.4284     5.9801     14.920    32.6915    25.0779 -9.990e-29
 146.791406     15.080  36.231438    10.4453     5.8980     14.954    32.6932    25.0763 -9.990e-29
 146.791412     15.096  36.239406    10.4531     5.8358     14.969    32.6942    25.0758 -9.990e-29
 146.791418     15.096  36.239605    10.4518     5.7854     14.969    32.6956    25.0771 -9.990e-29
 146.791424     15.079  36.234543    10.4438     5.7504     14.953    32.6977    25.0801 -9.990e-29
 146.791429     15.044  36.227554    10.4288     5.7238     14.918    32.7042    25.0877 -9.990e-29
 146.791435     14.993  36.215477    10.4092     5.7047     14.867    32.7097    25.0953 -9.990e-29
 146.791441     14.933  36.197333    10.3912     5.6893     14.808    32.7077    25.0968 -9.990e-29
 146.791447     14.862  36.184225    10.3747     5.7081     14.737    32.7094    25.1010 -9.990e-29
 146.791453     14.781  36.178281    10.3580     5.7234     14.657    32.7185    25.1109 -9.990e-29
 146.791458     14.693  36.172129    10.3458     5.7476     14.570    32.7233    25.1167 -9.990e-29
 146.791464     14.597  36.166525    10.3404     5.7804     14.475    32.7226    25.1171 -9.990e-29
 146.791470     14.487  36.164076    10.3402     5.8231     14.366    32.7204    25.1154 -9.990e-29
 146.791476     14.361  36.162632    10.3438     5.8838     14.241    32.7157    25.1112 0.0000e+00
 146.791481     14.222  36.162505    10.3508     5.9444     14.103    32.7094    25.1050 0.0000e+00
 146.791487     14.080  36.166325    10.3612     6.0040     13.962    32.7039    25.0990 0.0000e+00
 146.791493     13.942  36.171337    10.3741     6.0654     13.825    32.6974    25.0917 0.0000e+00
 146.791499     13.812  36.175820    10.3872     6.1249     13.696    32.6902    25.0838 0.0000e+00
 146.791505     13.686  36.182946    10.4002     6.1932     13.571    32.6857    25.0781 -9.990e-29
 146.791510     13.562  36.192129    10.4145     6.2403     13.448    32.6821    25.0729 -9.990e-29
 146.791516     13.438  36.201605    10.4319     6.2853     13.325    32.6761    25.0652 -9.990e-29
 146.791522     13.312  36.213360    10.4530     6.3460     13.200    32.6690    25.0561 0.0000e+00
 146.791528     13.180  36.226256    10.4774     6.4014     13.070    32.6600    25.0449 0.0000e+00
 146.791534     13.043  36.238436    10.5029     6.5064     12.934    32.6494    25.0323 0.0000e+00
 146.791539     12.899  36.250448    10.5255     6.6123     12.791    32.6413    25.0221 0.0000e+00
 146.791545     12.753  36.259260    10.5429     6.7270     12.646    32.6346    25.0138 0.0000e+00
 146.791551     12.613  36.267097    10.5569     6.8529     12.507    32.6299    25.0078 0.0000e+00
 146.791557     12.482  36.277685    10.5752     6.9649     12.377    32.6242    25.0002 0.0000e+00
 146.791563     12.352  36.290571    10.6119     7.0527     12.249    32.6043    24.9784 0.0000e+00
 146.791568     12.210  36.312849    10.6714     7.1533     12.108    32.5735    24.9441 0.0000e+00
 146.791574     12.057  36.345082    10.7400     7.2809     11.956    32.5445    24.9097 0.0000e+00
 146.791580     11.898  36.379818    10.8034     7.3715     11.798    32.5228    24.8817 0.0000e+00
 146.791586     11.743  36.425277    10.8593     7.4748     11.645    32.5183    24.8685 0.0000e+00
 146.791591     11.592  36.474838    10.9155     7.5549     11.495    32.5177    24.8581 0.0000e+00
 146.791597     11.442  36.506051    10.9863     7.6065     11.346    32.4859    24.8210 0.0000e+00
 146.791603     11.283  36.531401    11.0757     7.6466     11.189    32.4321    24.7633 0.0000e+00
 146.791609     11.112  36.566196    11.1662     7.6521     11.019    32.3867    24.7120 0.0000e+00
 146.791615     10.941  36.607525    11.2435     7.6581     10.849    32.3595    24.6770 0.0000e+00
 146.791620     10.780  36.663436    11.3013     7.6670     10.690    32.3637    24.6700 0.0000e+00
 146.791626     10.631  36.723874    11.3407     7.6547     10.542    32.3885    24.6822 0.0000e+00
 146.791632     10.503  36.764638    11.3730     7.6439     10.415    32.4002    24.6855 -9.990e-29
 146.791638     10.399  36.787411    11.4060     7.6474     10.312    32.3936    24.6745 -9.990e-29
 146.791644     10.302  36.803503    11.4426     7.6809     10.216    32.3774    24.6552 -9.990e-29
 146.791649     10.195  36.820922    11.4761     7.7356     10.110    32.3651    24.6396 -9.990e-29
 146.791655     10.080  36.840476    11.4991     7.8036      9.996    32.3641    24.6347 -9.990e-29
 146.791661      9.955  36.857417    11.5144     7.8549      9.872    32.3674    24.6345 0.0000e+00
 146.791667      9.816  36.869117    11.5246     7.8943      9.734    32.3699    24.6346 0.0000e+00
 146.791672      9.662  36.872682    11.5319     7.9205      9.581    32.3671    24.6311 0.0000e+00
 146.791678      9.497  36.870062    11.5420     7.9412      9.418    32.3558    24.6204 0.0000e+00
 146.791684      9.332  36.870653    11.5627     7.9425      9.254    32.3383    24.6031 0.0000e+00
 146.791690      9.172  36.880844    11.5951     7.9380      9.095    32.3201    24.5831 0.0000e+00
 146.791696      9.017  36.899649    11.6305     7.9148      8.942    32.3076    24.5669 0.0000e+00
 146.791701      8.865  36.925241    11.6601     7.8748      8.791    32.3068    24.5609 0.0000e+00
 146.791707      8.716  36.950275    11.6849     7.8320      8.643    32.3096    24.5585 0.0000e+00
 146.791713      8.567  36.966663    11.7100     7.8016      8.495    32.3038    24.5494 0.0000e+00
 146.791719      8.419  36.977200    11.7348     7.7708      8.349    32.2925    24.5361 0.0000e+00
 146.791725      8.274  36.985849    11.7521     7.6881      8.205    32.2859    24.5278 0.0000e+00
 146.791730      8.136  36.993494    11.7580     7.5599      8.068    32.2883    24.5286 0.0000e+00
 146.791736      8.002  37.005846    11.7658     7.4229      7.935    32.2935    24.5312 0.0000e+00
 146.791742      7.866  37.031529    11.7977     7.3084      7.800    32.2908    24.5232 0.0000e+00
 146.791748      7.728  37.075640    11.8674     7.2685      7.663    32.2731    24.4967 0.0000e+00
 146.791753      7.589  37.129736    11.9722     7.2599      7.526    32.2347    24.4475 0.0000e+00
 146.791759      7.451  37.191967    12.0933     7.2255      7.389    32.1903    24.3905 0.0000e+00
 146.791765      7.316  37.278060    12.2107     7.1780      7.255    32.1720    24.3544 0.0000e+00
 146.791771      7.174  37.367188    12.3180     7.1260      7.114    32.1654    24.3290 0.0000e+00
 146.791777      7.021  37.413987    12.4123     7.1028      6.962    32.1294    24.2833 0.0000e+00
 146.791782      6.860  37.434351    12.4803     7.0901      6.803    32.0908    24.2404 0.0000e+00
 146.791788      6.701  37.465536    12.5156     7.0845      6.645    32.0904    24.2334 0.0000e+00
 146.791794      6.557  37.504859    12.5321     7.0820      6.502    32.1139    24.2484 0.0000e+00
 146.791800      6.427  37.555274    12.5448     7.0879      6.373    32.1511    24.2749 0.0000e+00
 146.791806      6.297  37.616231    12.5630     7.0958      6.244    32.1937    24.3044 0.0000e+00
 146.791811      6.156  37.665124    12.5948     7.0968      6.105    32.2131    24.3133 0.0000e+00
 146.791817      5.998  37.697589    12.6346     7.0967      5.948    32.2100    24.3033 0.0000e+00
 146.791823      5.832  37.725875    12.6656     7.0859      5.783    32.2104    24.2976 0.0000e+00
 146.791829      5.667  37.750710    12.6853     7.0866      5.620    32.2172    24.2991 0.0000e+00
 146.791834      5.506  37.773268    12.7044     7.0953      5.460    32.2224    24.2995 0.0000e+00
 146.791840      5.352  37.797848    12.7266     7.1049      5.307    32.2268    24.2986 0.0000e+00
 146.791846      5.208  37.820790    12.7463     7.0962      5.164    32.2318    24.2987 0.0000e+00
 146.791852      5.072  37.838495    12.7583     7.0939      5.030    32.2384    24.3015 0.0000e+00
 146.791858      4.946  37.848228    12.7620     7.0933      4.905    32.2445    24.3055 0.0000e+00
 146.791863      4.821  37.847836    12.7616     7.1038      4.781    32.2446    24.3056 0.0000e+00
 146.791869      4.684  37.842966    12.7637     7.1266      4.645    32.2382    24.3002 0.0000e+00
 146.791875      4.536  37.841699    12.7688     7.1296      4.498    32.2327    24.2950 0.0000e+00
 146.791881      4.384  37.842903    12.7739     7.1144      4.347    32.2296    24.2916 0.0000e+00
 146.791887      4.236  37.845385    12.7780     7.0988      4.201    32.2285    24.2899 0.0000e+00
 146.791892      4.096  37.849654    12.7796     7.0977      4.062    32.2312    24.2917 0.0000e+00
 146.791898      3.957  37.851874    12.7796     7.1071      3.924    32.2334    24.2934 0.0000e+00
 146.791904      3.817  37.850521    12.7808     7.1210      3.785    32.2311    24.2914 0.0000e+00
 146.791910      3.679  37.848276    12.7819     7.1292      3.648    32.2281    24.2889 0.0000e+00
 146.791916      3.547  37.847754    12.7817     7.1392      3.517    32.2278    24.2887 0.0000e+00
 146.791921      3.420  37.849380    12.7814     7.1448      3.391    32.2297    24.2902 -9.990e-29
 146.791927      3.301  37.850278    12.7820     7.1538      3.273    32.2301    24.2904 -9.990e-29
 146.791933      3.185  37.849404    12.7852     7.1632      3.158    32.2266    24.2870 -9.990e-29
 146.791939      3.068  37.850075    12.7912     7.1520      3.042    32.2221    24.2824 -9.990e-29
 146.791944      2.954  37.852627    12.7985     7.1449      2.929    32.2184    24.2781 -9.990e-29
 146.791950      2.837  37.853737    12.8056     7.1364      2.813    32.2134    24.2729 -9.990e-29
 146.791956      2.712  37.853206    12.8111     7.1324      2.689    32.2082    24.2678 0.0000e+00
 146.791962      2.574  37.853130    12.8145     7.1477      2.553    32.2053    24.2649 0.0000e+00
 146.791968      2.427  37.853968    12.8156     7.1688      2.407    32.2052    24.2646 0.0000e+00
 146.791973      2.274  37.855160    12.8161     7.1722      2.255    32.2060    24.2651 0.0000e+00
 146.791979      2.116  37.855491    12.8180     7.1623      2.098    32.2048    24.2638 0.0000e+00
 146.791985      1.954  37.855406    12.8206     7.1516      1.938    32.2025    24.2615 0.0000e+00
 146.791991      1.794  37.856473    12.8222     7.1435      1.779    32.2022    24.2610 0.0000e+00
 146.791997      1.645  37.858994    12.8234     7.8042      1.631    32.2037    24.2619 0.0000e+00
