data/oxygen options/ONMS/Olympic_Coast_National_Marine_Sanctuary_CTD_Data_2005_2023/raw_data/2015/CAST_MB042_150827faed.cnv
* Sea-Bird SBE19 Data File:
* FileName = C:\2015 Mooring Data\Casts\CAST_MB042_150827.hex
* Software Version 1.59
* Temperature SN = 2997
* Conductivity SN = 2997
* System UpLoad Time = Aug 27 2015 19:42:42
** CAST_MB042_150827
* ds
# nquan = 9                                 
# nvalues = 1352                        
# units = specified
# name 0 = timeJ: Julian Days
# name 1 = prSM: Pressure, Strain Gauge [db]
# name 2 = c0mS/cm: Conductivity [mS/cm]
# name 3 = t090C: Temperature [ITS-90, deg C]
# name 4 = sbeox0ML/L: Oxygen, SBE 43 [ml/l]
# name 5 = depSM: Depth [salt water, m], lat = 47.5
# name 6 = sal00: Salinity, Practical [PSU]
# name 7 = sigma-é00: Density [sigma-theta, kg/m^3]
# name 8 = flag: flag
# span 0 = 239.742060, 239.749878       
# span 1 =     -4.684,     43.993       
# span 2 =   0.034710,  39.871198       
# span 3 =     8.1188,    18.6332       
# span 4 =    -1.6878,    10.1062       
# span 5 =     -4.645,     43.621       
# span 6 =     0.0238,    33.3289       
# span 7 =    -1.5036,    25.9445       
# span 8 = 0.0000e+00, 0.0000e+00       
# interval = seconds: 0.5
# start_time = Aug 27 2015 17:48:34 [Instrument's time stamp, header]
# bad_flag = -9.990e-29
*END*
[from data line 961]
 239.747622     34.935  34.804721     8.2077     3.4756     34.641    33.2769    25.8906 0.0000e+00
 239.747627     35.134  34.806975     8.2052     3.4792     34.838    33.2815    25.8946 0.0000e+00
 239.747633     35.334  34.805620     8.1999     3.4696     35.036    33.2850    25.8981 0.0000e+00
 239.747639     35.544  34.801575     8.1931     3.4616     35.244    33.2871    25.9008 0.0000e+00
 239.747645     35.764  34.797977     8.1857     3.4562     35.462    33.2902    25.9043 0.0000e+00
 239.747650     35.992  34.795031     8.1778     3.4576     35.688    33.2944    25.9088 0.0000e+00
 239.747656     36.224  34.791751     8.1699     3.4441     35.919    33.2983    25.9130 0.0000e+00
 239.747662     36.458  34.788199     8.1633     3.4443     36.151    33.3007    25.9159 0.0000e+00
 239.747668     36.692  34.785392     8.1583     3.4407     36.383    33.3024    25.9179 0.0000e+00
 239.747674     36.929  34.783482     8.1533     3.4445     36.618    33.3050    25.9207 0.0000e+00
 239.747679     37.169  34.781575     8.1462     3.4471     36.855    33.3096    25.9254 0.0000e+00
 239.747685     37.412  34.778782     8.1378     3.4542     37.096    33.3145    25.9305 0.0000e+00
 239.747691     37.656  34.775832     8.1320     3.4521     37.338    33.3167    25.9331 0.0000e+00
 239.747697     37.894  34.774367     8.1303     3.4521     37.574    33.3167    25.9333 0.0000e+00
 239.747703     38.121  34.774646     8.1310     3.4469     37.799    33.3162    25.9328 0.0000e+00
 239.747708     38.334  34.776452     8.1324     3.4440     38.011    33.3167    25.9330 0.0000e+00
 239.747714     38.538  34.778804     8.1328     3.4473     38.213    33.3187    25.9346 0.0000e+00
 239.747720     38.746  34.779210     8.1308     3.4351     38.419    33.3210    25.9366 0.0000e+00
 239.747726     38.967  34.777066     8.1274     3.4351     38.638    33.3218    25.9378 0.0000e+00
 239.747731     39.201  34.774528     8.1248     3.4279     38.870    33.3215    25.9379 0.0000e+00
 239.747737     39.443  34.773230     8.1234     3.4297     39.110    33.3213    25.9380 0.0000e+00
 239.747743     39.686  34.773094     8.1225     3.4291     39.351    33.3219    25.9386 0.0000e+00
 239.747749     39.930  34.773351     8.1218     3.4293     39.593    33.3227    25.9393 0.0000e+00
 239.747755     40.175  34.773756     8.1212     3.4326     39.836    33.3236    25.9401 0.0000e+00
 239.747760     40.426  34.774264     8.1206     3.4344     40.085    33.3246    25.9410 0.0000e+00
 239.747766     40.677  34.774403     8.1203     3.4376     40.334    33.3249    25.9413 0.0000e+00
 239.747772     40.922  34.774333     8.1205     3.4377     40.576    33.3245    25.9410 0.0000e+00
 239.747778     41.155  34.774491     8.1209     3.4376     40.807    33.3242    25.9407 0.0000e+00
 239.747784     41.371  34.774500     8.1212     3.4378     41.022    33.3238    25.9403 0.0000e+00
 239.747789     41.578  34.774347     8.1209     3.4449     41.227    33.3239    25.9404 0.0000e+00
 239.747795     41.794  34.774362     8.1202     3.4397     41.441    33.3244    25.9410 0.0000e+00
 239.747801     42.025  34.774538     8.1197     3.4449     41.670    33.3250    25.9415 0.0000e+00
 239.747807     42.262  34.775084     8.1194     3.4312     41.905    33.3257    25.9421 0.0000e+00
 239.747813     42.496  34.775579     8.1192     3.4333     42.137    33.3264    25.9426 0.0000e+00
 239.747818     42.720  34.775536     8.1192     3.4225     42.359    33.3262    25.9425 0.0000e+00
 239.747824     42.932  34.775432     8.1193     3.4261     42.569    33.3259    25.9423 0.0000e+00
 239.747830     43.127  34.775661     8.1195     3.4183     42.763    33.3259    25.9422 0.0000e+00
 239.747836     43.305  34.775940     8.1193     3.4222     42.939    33.3263    25.9426 0.0000e+00
 239.747841     43.470  34.776055     8.1188     3.4216     43.103    33.3268    25.9430 0.0000e+00
 239.747847     43.622  34.776133     8.1189     3.4271     43.253    33.3267    25.9430 0.0000e+00
 239.747853     43.759  34.776253     8.1192     3.4193     43.389    33.3265    25.9427 -9.990e-29
 239.747859     43.873  34.777106     8.1194     3.4145     43.502    33.3271    25.9432 -9.990e-29
 239.747865     43.954  34.778684     8.1198     3.4157     43.583    33.3284    25.9442 -9.990e-29
 239.747870     43.993  34.779701     8.1204     3.4157     43.621    33.3289    25.9445 -9.990e-29
 239.747876     43.993  34.779806     8.1210     3.4287     43.621    33.3284    25.9440 -9.990e-29
 239.747882     43.968  34.779675     8.1217     3.4232     43.596    33.3277    25.9433 -9.990e-29
 239.747888     43.932  34.779668     8.1220     3.4218     43.561    33.3274    25.9430 -9.990e-29
 239.747894     43.892  34.778633     8.1213     3.4272     43.521    33.3270    25.9428 -9.990e-29
 239.747899     43.846  34.776844     8.1205     3.4341     43.475    33.3258    25.9420 -9.990e-29
 239.747905     43.786  34.776932     8.1205     3.4318     43.416    33.3260    25.9421 -9.990e-29
 239.747911     43.703  34.778430     8.1215     3.4425     43.334    33.3266    25.9425 -9.990e-29
 239.747917     43.598  34.779386     8.1228     3.4340     43.230    33.3265    25.9422 -9.990e-29
 239.747922     43.477  34.779929     8.1239     3.4306     43.110    33.3261    25.9417 -9.990e-29
 239.747928     43.348  34.780199     8.1245     3.4376     42.982    33.3258    25.9414 0.0000e+00
 239.747934     43.216  34.779971     8.1241     3.4275     42.851    33.3260    25.9417 0.0000e+00
 239.747940     43.086  34.779477     8.1230     3.4220     42.722    33.3266    25.9423 -9.990e-29
 239.747946     42.962  34.779155     8.1223     3.4189     42.599    33.3270    25.9427 -9.990e-29
 239.747951     42.842  34.779109     8.1223     3.4173     42.480    33.3270    25.9427 -9.990e-29
 239.747957     42.720  34.779252     8.1225     3.4150     42.359    33.3270    25.9427 -9.990e-29
 239.747963     42.599  34.779191     8.1227     3.4234     42.239    33.3268    25.9425 -9.990e-29
 239.747969     42.478  34.778817     8.1230     3.4318     42.119    33.3262    25.9419 -9.990e-29
 239.747975     42.360  34.778728     8.1236     3.4350     42.002    33.3256    25.9414 -9.990e-29
 239.747980     42.244  34.778780     8.1238     3.4434     41.887    33.3255    25.9413 -9.990e-29
 239.747986     42.133  34.778457     8.1238     3.4403     41.777    33.3252    25.9410 -9.990e-29
 239.747992     42.023  34.777863     8.1239     3.4371     41.668    33.3245    25.9405 -9.990e-29
 239.747998     41.911  34.777302     8.1241     3.4355     41.557    33.3238    25.9399 -9.990e-29
 239.748003     41.800  34.776561     8.1242     3.4393     41.447    33.3230    25.9392 -9.990e-29
 239.748009     41.685  34.775747     8.1241     3.4409     41.333    33.3223    25.9387 -9.990e-29
 239.748015     41.561  34.775991     8.1239     3.4407     41.210    33.3228    25.9391 -9.990e-29
 239.748021     41.423  34.777031     8.1237     3.4393     41.073    33.3241    25.9402 0.0000e+00
 239.748027     41.276  34.777428     8.1232     3.4292     40.927    33.3251    25.9410 0.0000e+00
 239.748032     41.122  34.777128     8.1225     3.4276     40.775    33.3255    25.9415 0.0000e+00
 239.748038     40.966  34.776825     8.1219     3.4276     40.620    33.3258    25.9418 0.0000e+00
 239.748044     40.813  34.776652     8.1214     3.4359     40.468    33.3262    25.9422 0.0000e+00
 239.748050     40.668  34.776353     8.1211     3.4335     40.325    33.3262    25.9422 0.0000e+00
 239.748056     40.529  34.776063     8.1208     3.4389     40.187    33.3263    25.9423 0.0000e+00
 239.748061     40.397  34.775931     8.1205     3.4319     40.056    33.3265    25.9425 0.0000e+00
 239.748067     40.272  34.775756     8.1203     3.4356     39.932    33.3265    25.9426 -9.990e-29
 239.748073     40.153  34.775280     8.1200     3.4388     39.814    33.3264    25.9425 -9.990e-29
 239.748079     40.043  34.774406     8.1200     3.4373     39.705    33.3255    25.9418 -9.990e-29
 239.748084     39.937  34.773622     8.1202     3.4458     39.600    33.3245    25.9410 -9.990e-29
 239.748090     39.831  34.773539     8.1204     3.4371     39.495    33.3243    25.9408 -9.990e-29
 239.748096     39.717  34.774022     8.1207     3.4424     39.382    33.3246    25.9410 -9.990e-29
 239.748102     39.591  34.774565     8.1208     3.4423     39.257    33.3251    25.9414 0.0000e+00
 239.748108     39.460  34.774748     8.1209     3.4339     39.127    33.3253    25.9415 0.0000e+00
 239.748113     39.331  34.774229     8.1211     3.4268     38.999    33.3246    25.9409 0.0000e+00
 239.748119     39.204  34.773413     8.1209     3.4289     38.873    33.3240    25.9405 0.0000e+00
 239.748125     39.077  34.772870     8.1205     3.4320     38.747    33.3238    25.9404 -9.990e-29
 239.748131     38.954  34.772409     8.1203     3.4367     38.625    33.3236    25.9402 -9.990e-29
 239.748137     38.835  34.771951     8.1203     3.4380     38.507    33.3232    25.9399 -9.990e-29
 239.748142     38.714  34.771982     8.1203     3.4349     38.387    33.3233    25.9400 -9.990e-29
 239.748148     38.586  34.772518     8.1204     3.4348     38.260    33.3238    25.9404 0.0000e+00
 239.748154     38.456  34.773125     8.1205     3.4276     38.131    33.3244    25.9408 0.0000e+00
 239.748160     38.330  34.773469     8.1204     3.4257     38.007    33.3249    25.9413 0.0000e+00
 239.748166     38.202  34.773422     8.1203     3.4187     37.880    33.3250    25.9414 0.0000e+00
 239.748171     38.065  34.773458     8.1205     3.4251     37.744    33.3249    25.9413 0.0000e+00
 239.748177     37.920  34.773599     8.1208     3.4430     37.600    33.3249    25.9412 0.0000e+00
 239.748183     37.773  34.773449     8.1209     3.4403     37.454    33.3247    25.9410 0.0000e+00
 239.748189     37.624  34.773341     8.1207     3.4543     37.307    33.3248    25.9411 0.0000e+00
 239.748194     37.472  34.773668     8.1206     3.4510     37.156    33.3253    25.9416 0.0000e+00
 239.748200     37.325  34.774281     8.1212     3.4531     37.010    33.3255    25.9416 0.0000e+00
 239.748206     37.186  34.774851     8.1227     3.4613     36.872    33.3247    25.9408 0.0000e+00
 239.748212     37.059  34.775553     8.1248     3.4564     36.746    33.3236    25.9395 -9.990e-29
 239.748218     36.949  34.777301     8.1283     3.4688     36.637    33.3221    25.9379 -9.990e-29
 239.748223     36.852  34.780158     8.1347     3.4602     36.541    33.3191    25.9346 -9.990e-29
 239.748229     36.764  34.782866     8.1426     3.4693     36.454    33.3146    25.9298 -9.990e-29
 239.748235     36.678  34.784527     8.1483     3.4622     36.369    33.3110    25.9262 -9.990e-29
 239.748241     36.589  34.785092     8.1509     3.4767     36.280    33.3091    25.9243 -9.990e-29
 239.748247     36.490  34.785290     8.1527     3.4811     36.182    33.3077    25.9229 -9.990e-29
 239.748252     36.381  34.785920     8.1551     3.4626     36.074    33.3061    25.9213 -9.990e-29
 239.748258     36.263  34.786675     8.1577     3.4576     35.957    33.3045    25.9197 -9.990e-29
 239.748264     36.137  34.786857     8.1593     3.4481     35.832    33.3032    25.9185 0.0000e+00
 239.748270     36.003  34.786681     8.1593     3.4510     35.699    33.3031    25.9184 0.0000e+00
 239.748275     35.862  34.786451     8.1589     3.4707     35.560    33.3033    25.9186 0.0000e+00
 239.748281     35.717  34.786396     8.1593     3.4593     35.416    33.3029    25.9182 0.0000e+00
 239.748287     35.576  34.786976     8.1609     3.4766     35.276    33.3021    25.9173 0.0000e+00
 239.748293     35.443  34.787821     8.1628     3.4633     35.144    33.3013    25.9164 0.0000e+00
 239.748299     35.314  34.788352     8.1641     3.4638     35.016    33.3007    25.9157 0.0000e+00
 239.748304     35.185  34.788691     8.1653     3.4669     34.888    33.2999    25.9150 0.0000e+00
 239.748310     35.056  34.789264     8.1673     3.4602     34.760    33.2987    25.9137 0.0000e+00
 239.748316     34.929  34.790250     8.1701     3.4715     34.635    33.2972    25.9121 0.0000e+00
 239.748322     34.802  34.791260     8.1738     3.4693     34.509    33.2948    25.9097 0.0000e+00
 239.748328     34.677  34.791935     8.1789     3.4751     34.385    33.2907    25.9057 -9.990e-29
 239.748333     34.554  34.792590     8.1851     3.4741     34.263    33.2856    25.9008 -9.990e-29
 239.748339     34.434  34.793703     8.1919     3.4776     34.144    33.2804    25.8957 -9.990e-29
 239.748345     34.318  34.795626     8.1975     3.4837     34.029    33.2772    25.8923 -9.990e-29
 239.748351     34.208  34.799421     8.2005     3.4749     33.920    33.2784    25.8928 -9.990e-29
 239.748356     34.104  34.806778     8.2035     3.4774     33.817    33.2834    25.8963 -9.990e-29
 239.748362     34.004  34.815362     8.2084     3.4663     33.717    33.2879    25.8991 -9.990e-29
 239.748368     33.902  34.820371     8.2146     3.4756     33.616    33.2874    25.8978 -9.990e-29
 239.748374     33.792  34.822875     8.2234     3.4862     33.507    33.2818    25.8921 -9.990e-29
 239.748380     33.670  34.826212     8.2350     3.4933     33.386    33.2744    25.8846 -9.990e-29
 239.748385     33.538  34.829788     8.2464     3.5018     33.255    33.2674    25.8774 0.0000e+00
 239.748391     33.400  34.832205     8.2559     3.4955     33.119    33.2611    25.8710 0.0000e+00
 239.748397     33.264  34.833328     8.2640     3.4970     32.984    33.2547    25.8648 0.0000e+00
 239.748403     33.135  34.834654     8.2720     3.4936     32.856    33.2486    25.8588 -9.990e-29
 239.748409     33.018  34.839071     8.2833     3.5037     32.740    33.2426    25.8524 -9.990e-29
 239.748414     32.916  34.848546     8.2991     3.5046     32.639    33.2378    25.8462 -9.990e-29
 239.748420     32.830  34.859462     8.3157     3.5010     32.553    33.2337    25.8406 -9.990e-29
 239.748426     32.752  34.865643     8.3277     3.5041     32.476    33.2289    25.8350 -9.990e-29
 239.748432     32.678  34.867485     8.3330     3.4923     32.403    33.2259    25.8319 -9.990e-29
 239.748437     32.598  34.868006     8.3348     3.4974     32.323    33.2248    25.8307 -9.990e-29
 239.748443     32.505  34.868459     8.3378     3.5039     32.231    33.2225    25.8285 -9.990e-29
 239.748449     32.395  34.869446     8.3434     3.5103     32.122    33.2183    25.8243 -9.990e-29
 239.748455     32.272  34.871160     8.3501     3.5267     32.000    33.2138    25.8198 -9.990e-29
 239.748461     32.134  34.873084     8.3571     3.5253     31.863    33.2093    25.8152 0.0000e+00
 239.748466     31.987  34.874420     8.3642     3.5276     31.718    33.2041    25.8101 0.0000e+00
 239.748472     31.838  34.875829     8.3710     3.5297     31.570    33.1992    25.8053 0.0000e+00
 239.748478     31.690  34.878067     8.3771     3.5179     31.423    33.1959    25.8017 0.0000e+00
 239.748484     31.547  34.880758     8.3816     3.5215     31.281    33.1946    25.8000 0.0000e+00
 239.748490     31.417  34.883566     8.3852     3.5251     31.152    33.1942    25.7992 -9.990e-29
 239.748495     31.305  34.886875     8.3899     3.5315     31.041    33.1933    25.7978 -9.990e-29
 239.748501     31.207  34.890611     8.3955     3.5408     30.944    33.1920    25.7959 -9.990e-29
 239.748507     31.117  34.893593     8.4004     3.5368     30.855    33.1906    25.7941 -9.990e-29
 239.748513     31.031  34.894750     8.4032     3.5322     30.770    33.1892    25.7926 -9.990e-29
 239.748519     30.937  34.893943     8.4043     3.5344     30.677    33.1874    25.7910 -9.990e-29
 239.748524     30.826  34.892337     8.4054     3.5465     30.566    33.1847    25.7887 -9.990e-29
 239.748530     30.700  34.891707     8.4070     3.5631     30.442    33.1826    25.7868 0.0000e+00
 239.748536     30.566  34.892332     8.4090     3.5714     30.309    33.1814    25.7856 0.0000e+00
