data/oxygen options/ONMS/Olympic_Coast_National_Marine_Sanctuary_CTD_Data_2005_2023/raw_data/2015/CAST_CA042_150527faed.cnv
* Sea-Bird SBE19 Data File:
* FileName = C:\2015 Mooring Data\Casts\CAST_CA042_150527.hex
* Software Version 1.59
* Temperature SN = 2997
* Conductivity SN = 2997
* System UpLoad Time = May 27 2015 18:20:18
** CAST_CA042_150527
* ds
# nquan = 9                                 
# nvalues = 1037                        
# units = specified
# name 0 = timeJ: Julian Days
# name 1 = prSM: Pressure, Strain Gauge [db]
# name 2 = c0mS/cm: Conductivity [mS/cm]
# name 3 = t090C: Temperature [ITS-90, deg C]
# name 4 = sbeox0ML/L: Oxygen, SBE 43 [ml/l]
# name 5 = depSM: Depth [salt water, m], lat = 47.5
# name 6 = sal00: Salinity, Practical [PSU]
# name 7 = sigma-é00: Density [sigma-theta, kg/m^3]
# name 8 = flag: flag
# span 0 = 147.749016, 147.755012       
# span 1 =     -4.888,     43.172       
# span 2 =   0.030369,  38.293784       
# span 3 =     7.5911,    13.1227       
# span 4 =   -10.2915,    14.1866       
# span 5 =     -4.847,     42.807       
# span 6 =     0.0218,    33.3841       
# span 7 =    -0.6145,    26.0644       
# span 8 = 0.0000e+00, 0.0000e+00       
# interval = seconds: 0.5
# start_time = May 27 2015 17:58:35 [Instrument's time stamp, header]
# bad_flag = -9.990e-29
*END*
[from data line 801]
 147.753652     29.278  34.397353     8.0175     3.3482     29.032    33.0259    25.7216 -9.990e-29
 147.753657     29.167  34.398174     8.0191     3.3567     28.922    33.0253    25.7209 -9.990e-29
 147.753663     29.067  34.398714     8.0195     3.3664     28.822    33.0256    25.7210 -9.990e-29
 147.753669     28.968  34.398529     8.0194     3.3610     28.724    33.0255    25.7210 -9.990e-29
 147.753675     28.864  34.397890     8.0200     3.3665     28.621    33.0243    25.7199 -9.990e-29
 147.753681     28.747  34.397023     8.0221     3.3674     28.505    33.0215    25.7174 -9.990e-29
 147.753686     28.619  34.396408     8.0253     3.3597     28.378    33.0179    25.7141 0.0000e+00
 147.753692     28.485  34.396300     8.0290     3.3592     28.245    33.0143    25.7108 0.0000e+00
 147.753698     28.345  34.395954     8.0339     3.3678     28.107    33.0094    25.7062 0.0000e+00
 147.753704     28.202  34.394865     8.0418     3.3548     27.965    33.0009    25.6983 0.0000e+00
 147.753709     28.061  34.393221     8.0521     3.3618     27.825    32.9895    25.6879 0.0000e+00
 147.753715     27.920  34.390469     8.0638     3.3740     27.685    32.9756    25.6753 0.0000e+00
 147.753721     27.785  34.386820     8.0748     3.3735     27.551    32.9614    25.6625 0.0000e+00
 147.753727     27.658  34.384651     8.0818     3.3709     27.425    32.9526    25.6546 -9.990e-29
 147.753733     27.542  34.383830     8.0870     3.3689     27.310    32.9469    25.6493 -9.990e-29
 147.753738     27.431  34.382101     8.0940     3.3787     27.200    32.9385    25.6417 -9.990e-29
 147.753744     27.320  34.379918     8.1024     3.3836     27.090    32.9283    25.6325 -9.990e-29
 147.753750     27.210  34.378249     8.1115     3.3982     26.981    32.9180    25.6231 -9.990e-29
 147.753756     27.107  34.377067     8.1192     3.4017     26.879    32.9096    25.6154 -9.990e-29
 147.753762     27.004  34.376436     8.1240     3.3965     26.777    32.9045    25.6106 -9.990e-29
 147.753767     26.891  34.375473     8.1282     3.3934     26.665    32.8996    25.6062 -9.990e-29
 147.753773     26.768  34.373972     8.1335     3.3987     26.543    32.8931    25.6003 -9.990e-29
 147.753779     26.641  34.373251     8.1399     3.4049     26.417    32.8863    25.5941 0.0000e+00
 147.753785     26.510  34.373427     8.1452     3.4064     26.287    32.8816    25.5896 0.0000e+00
 147.753791     26.376  34.374131     8.1470     3.4167     26.154    32.8807    25.5886 0.0000e+00
 147.753796     26.239  34.374580     8.1489     3.4254     26.018    32.8795    25.5874 0.0000e+00
 147.753802     26.097  34.373649     8.1542     3.4253     25.878    32.8736    25.5820 0.0000e+00
 147.753808     25.952  34.372293     8.1603     3.4358     25.734    32.8665    25.5755 0.0000e+00
 147.753814     25.802  34.371464     8.1655     3.4436     25.585    32.8608    25.5703 0.0000e+00
 147.753819     25.651  34.371134     8.1713     3.4473     25.435    32.8551    25.5649 0.0000e+00
 147.753825     25.505  34.370824     8.1793     3.4522     25.291    32.8474    25.5577 0.0000e+00
 147.753831     25.369  34.370076     8.1877     3.4579     25.156    32.8388    25.5497 0.0000e+00
 147.753837     25.243  34.368972     8.1941     3.4527     25.031    32.8317    25.5432 -9.990e-29
 147.753843     25.123  34.367681     8.1994     3.4546     24.912    32.8254    25.5375 -9.990e-29
 147.753848     25.004  34.367240     8.2045     3.4702     24.794    32.8202    25.5327 -9.990e-29
 147.753854     24.894  34.368140     8.2090     3.4752     24.685    32.8170    25.5295 -9.990e-29
 147.753860     24.793  34.369295     8.2125     3.4817     24.585    32.8150    25.5274 -9.990e-29
 147.753866     24.691  34.369404     8.2147     3.4895     24.483    32.8131    25.5256 -9.990e-29
 147.753872     24.576  34.368567     8.2172     3.4954     24.369    32.8100    25.5227 -9.990e-29
 147.753877     24.446  34.367865     8.2215     3.5006     24.241    32.8053    25.5184 0.0000e+00
 147.753883     24.306  34.367442     8.2269     3.5168     24.102    32.7998    25.5134 0.0000e+00
 147.753889     24.159  34.367249     8.2322     3.5260     23.956    32.7947    25.5086 0.0000e+00
 147.753895     24.008  34.368110     8.2379     3.5278     23.806    32.7904    25.5043 0.0000e+00
 147.753900     23.862  34.370009     8.2440     3.5218     23.661    32.7868    25.5006 0.0000e+00
 147.753906     23.724  34.371707     8.2499     3.5297     23.525    32.7831    25.4969 0.0000e+00
 147.753912     23.594  34.372656     8.2545     3.5332     23.396    32.7799    25.4936 0.0000e+00
 147.753918     23.467  34.372644     8.2570     3.5242     23.270    32.7776    25.4915 0.0000e+00
 147.753924     23.340  34.371697     8.2584     3.5386     23.144    32.7754    25.4895 0.0000e+00
 147.753929     23.213  34.371029     8.2594     3.5240     23.018    32.7738    25.4881 0.0000e+00
 147.753935     23.087  34.371476     8.2602     3.5188     22.893    32.7736    25.4878 0.0000e+00
 147.753941     22.962  34.372002     8.2618     3.5295     22.769    32.7727    25.4869 0.0000e+00
 147.753947     22.836  34.371673     8.2640     3.5440     22.644    32.7703    25.4847 0.0000e+00
 147.753953     22.703  34.371220     8.2664     3.5645     22.512    32.7677    25.4823 0.0000e+00
 147.753958     22.560  34.371205     8.2695     3.5848     22.370    32.7649    25.4796 0.0000e+00
 147.753964     22.401  34.371658     8.2740     3.6200     22.213    32.7612    25.4761 0.0000e+00
 147.753970     22.235  34.372668     8.2805     3.6433     22.048    32.7563    25.4713 0.0000e+00
 147.753976     22.072  34.373952     8.2914     3.6799     21.887    32.7476    25.4628 0.0000e+00
 147.753981     21.914  34.375589     8.3096     3.7057     21.730    32.7324    25.4482 0.0000e+00
 147.753987     21.755  34.378127     8.3321     3.7160     21.572    32.7142    25.4306 0.0000e+00
 147.753993     21.591  34.381638     8.3535     3.7208     21.410    32.6981    25.4148 0.0000e+00
 147.753999     21.422  34.386931     8.3718     3.7264     21.242    32.6868    25.4032 0.0000e+00
 147.754005     21.256  34.393271     8.3854     3.7312     21.078    32.6809    25.3966 0.0000e+00
 147.754010     21.099  34.396834     8.3930     3.7255     20.922    32.6777    25.3929 0.0000e+00
 147.754016     20.954  34.397939     8.3983     3.7254     20.778    32.6740    25.3892 0.0000e+00
 147.754022     20.819  34.400913     8.4046     3.7245     20.644    32.6714    25.3862 -9.990e-29
 147.754028     20.697  34.404726     8.4090     3.7232     20.523    32.6714    25.3855 -9.990e-29
 147.754034     20.586  34.405543     8.4113     3.7327     20.413    32.6701    25.3842 -9.990e-29
 147.754039     20.484  34.403944     8.4149     3.7473     20.312    32.6652    25.3798 -9.990e-29
 147.754045     20.381  34.402325     8.4204     3.7554     20.210    32.6584    25.3737 -9.990e-29
 147.754051     20.270  34.401937     8.4267     3.7574     20.100    32.6522    25.3679 -9.990e-29
 147.754057     20.152  34.402312     8.4327     3.7690     19.983    32.6471    25.3630 -9.990e-29
 147.754063     20.029  34.402876     8.4381     3.7743     19.861    32.6427    25.3587 -9.990e-29
 147.754068     19.900  34.403310     8.4438     3.7816     19.733    32.6380    25.3541 0.0000e+00
 147.754074     19.768  34.403120     8.4506     3.8042     19.602    32.6315    25.3481 0.0000e+00
 147.754080     19.631  34.403221     8.4561     3.8184     19.466    32.6266    25.3434 0.0000e+00
 147.754086     19.490  34.403796     8.4602     3.8333     19.326    32.6235    25.3403 0.0000e+00
 147.754091     19.348  34.403417     8.4698     3.8449     19.186    32.6143    25.3317 0.0000e+00
 147.754097     19.209  34.402190     8.4877     3.8600     19.048    32.5965    25.3150 0.0000e+00
 147.754103     19.070  34.401887     8.5047     3.8666     18.910    32.5805    25.3000 0.0000e+00
 147.754109     18.928  34.403273     8.5163     3.8826     18.769    32.5713    25.2910 0.0000e+00
 147.754115     18.793  34.406005     8.5289     3.8930     18.635    32.5626    25.2823 0.0000e+00
 147.754120     18.660  34.408736     8.5426     3.9025     18.503    32.5529    25.2727 0.0000e+00
 147.754126     18.521  34.409552     8.5528     3.9012     18.366    32.5444    25.2645 0.0000e+00
 147.754132     18.384  34.409028     8.5616     3.9203     18.230    32.5358    25.2564 0.0000e+00
 147.754138     18.254  34.409319     8.5722     3.9349     18.101    32.5264    25.2474 0.0000e+00
 147.754144     18.121  34.410300     8.5818     3.9352     17.969    32.5187    25.2399 0.0000e+00
 147.754149     17.986  34.411086     8.5868     3.9448     17.835    32.5150    25.2362 0.0000e+00
 147.754155     17.853  34.412216     8.5896     3.9420     17.703    32.5136    25.2348 0.0000e+00
 147.754161     17.723  34.413565     8.5959     3.9397     17.574    32.5093    25.2304 0.0000e+00
 147.754167     17.596  34.414176     8.6050     3.9469     17.448    32.5016    25.2230 0.0000e+00
 147.754172     17.471  34.413793     8.6132     3.9657     17.324    32.4937    25.2156 -9.990e-29
 147.754178     17.351  34.412514     8.6189     3.9844     17.205    32.4872    25.2096 -9.990e-29
 147.754184     17.230  34.410922     8.6220     4.0029     17.085    32.4828    25.2057 -9.990e-29
 147.754190     17.107  34.409747     8.6254     4.0364     16.964    32.4785    25.2018 -9.990e-29
 147.754196     16.982  34.409150     8.6337     4.0422     16.840    32.4703    25.1941 0.0000e+00
 147.754201     16.850  34.410062     8.6471     4.0366     16.709    32.4590    25.1832 0.0000e+00
 147.754207     16.708  34.413189     8.6615     4.0392     16.568    32.4491    25.1733 0.0000e+00
 147.754213     16.560  34.418826     8.6737     4.0328     16.421    32.4439    25.1674 0.0000e+00
 147.754219     16.414  34.426135     8.6806     4.0394     16.276    32.4452    25.1674 0.0000e+00
 147.754225     16.273  34.430902     8.6825     4.0608     16.137    32.4486    25.1697 0.0000e+00
 147.754230     16.136  34.431128     8.6839     4.0954     16.001    32.4476    25.1687 0.0000e+00
 147.754236     15.999  34.429966     8.6860     4.1354     15.865    32.4445    25.1660 0.0000e+00
 147.754242     15.858  34.429834     8.6889     4.1985     15.725    32.4418    25.1634 0.0000e+00
 147.754248     15.717  34.430045     8.6962     4.2653     15.585    32.4353    25.1573 0.0000e+00
 147.754253     15.579  34.431489     8.7111     4.3083     15.448    32.4233    25.1456 0.0000e+00
 147.754259     15.444  34.436698     8.7310     4.3322     15.315    32.4105    25.1326 0.0000e+00
 147.754265     15.308  34.445381     8.7542     4.3566     15.180    32.3984    25.1195 0.0000e+00
 147.754271     15.167  34.461881     8.7783     4.3873     15.040    32.3937    25.1121 0.0000e+00
 147.754277     15.025  34.483597     8.7968     4.4132     14.899    32.3995    25.1139 0.0000e+00
 147.754282     14.885  34.495271     8.8080     4.4481     14.760    32.4015    25.1137 0.0000e+00
 147.754288     14.746  34.496271     8.8180     4.4736     14.622    32.3935    25.1059 0.0000e+00
 147.754294     14.610  34.496947     8.8309     4.4863     14.488    32.3824    25.0953 0.0000e+00
 147.754300     14.474  34.501050     8.8437     4.5062     14.353    32.3751    25.0876 0.0000e+00
 147.754306     14.341  34.507935     8.8565     4.5300     14.221    32.3706    25.0821 0.0000e+00
 147.754311     14.209  34.518427     8.8709     4.5364     14.090    32.3685    25.0782 0.0000e+00
 147.754317     14.078  34.529198     8.8816     4.5541     13.960    32.3700    25.0778 0.0000e+00
 147.754323     13.950  34.534485     8.8885     4.5772     13.833    32.3693    25.0761 0.0000e+00
 147.754329     13.824  34.533545     8.8996     4.5953     13.708    32.3582    25.0658 0.0000e+00
 147.754334     13.696  34.529095     8.9176     4.6113     13.581    32.3372    25.0466 0.0000e+00
 147.754340     13.563  34.525896     8.9390     4.6347     13.449    32.3145    25.0255 0.0000e+00
 147.754346     13.426  34.525893     8.9613     4.6475     13.314    32.2943    25.0062 0.0000e+00
 147.754352     13.282  34.530255     8.9830     4.6857     13.171    32.2792    24.9910 0.0000e+00
 147.754358     13.134  34.537566     9.0003     4.7542     13.024    32.2711    24.9820 0.0000e+00
 147.754363     12.982  34.541936     9.0111     4.8082     12.873    32.2659    24.9763 0.0000e+00
 147.754369     12.836  34.541396     9.0174     4.8809     12.728    32.2597    24.9705 0.0000e+00
 147.754375     12.694  34.540881     9.0237     4.9624     12.588    32.2535    24.9646 0.0000e+00
 147.754381     12.552  34.547598     9.0338     5.0637     12.447    32.2514    24.9614 0.0000e+00
 147.754387     12.409  34.565509     9.0519     5.1686     12.305    32.2536    24.9603 0.0000e+00
 147.754392     12.264  34.584925     9.0914     5.2835     12.161    32.2380    24.9420 0.0000e+00
 147.754398     12.117  34.595362     9.1679     5.3804     12.016    32.1797    24.8844 0.0000e+00
 147.754404     11.968  34.611344     9.2731     5.4425     11.868    32.1015    24.8068 0.0000e+00
 147.754410     11.818  34.640227     9.3705     5.4931     11.719    32.0438    24.7464 0.0000e+00
 147.754416     11.673  34.670714     9.4387     5.5461     11.575    32.0142    24.7124 0.0000e+00
 147.754421     11.530  34.714384     9.4883     5.6130     11.433    32.0146    24.7048 0.0000e+00
 147.754427     11.390  34.771816     9.5292     5.6939     11.295    32.0369    24.7157 0.0000e+00
 147.754433     11.253  34.805898     9.5636     5.7707     11.159    32.0411    24.7135 0.0000e+00
 147.754439     11.117  34.813939     9.6032     5.8183     11.024    32.0141    24.6860 0.0000e+00
 147.754444     10.980  34.827448     9.6549     5.8411     10.888    31.9818    24.6525 0.0000e+00
 147.754450     10.835  34.852161     9.7076     5.8543     10.744    31.9602    24.6271 0.0000e+00
 147.754456     10.683  34.890822     9.7566     5.8700     10.594    31.9561    24.6160 0.0000e+00
 147.754462     10.527  34.944607     9.8055     5.8743     10.439    31.9674    24.6169 0.0000e+00
 147.754468     10.374  34.990029     9.8458     5.8646     10.287    31.9779    24.6185 0.0000e+00
 147.754473     10.227  35.014862     9.8695     5.8641     10.141    31.9821    24.6179 0.0000e+00
 147.754479     10.086  35.025377     9.8802     5.8797     10.002    31.9833    24.6171 0.0000e+00
 147.754485      9.949  35.028363     9.8854     5.8950      9.866    31.9818    24.6151 0.0000e+00
 147.754491      9.817  35.030656     9.8910     5.9118      9.735    31.9792    24.6121 0.0000e+00
 147.754497      9.690  35.033121     9.8958     5.9430      9.609    31.9775    24.6100 -9.990e-29
 147.754502      9.568  35.031808     9.8988     5.9402      9.488    31.9736    24.6065 -9.990e-29
 147.754508      9.448  35.031739     9.9065     5.9450      9.369    31.9668    24.5999 -9.990e-29
 147.754514      9.327  35.040715     9.9232     5.9704      9.249    31.9611    24.5927 -9.990e-29
 147.754520      9.209  35.056183     9.9493     6.0280      9.132    31.9537    24.5827 -9.990e-29
 147.754525      9.096  35.084809     9.9802     6.1309      9.020    31.9554    24.5789 -9.990e-29
 147.754531      8.981  35.119424    10.0014     6.2419      8.906    31.9717    24.5881 -9.990e-29
 147.754537      8.860  35.130583    10.0114     6.4075      8.786    31.9742    24.5884 -9.990e-29
 147.754543      8.735  35.127616    10.0308     6.5579      8.662    31.9541    24.5695 0.0000e+00
 147.754549      8.605  35.140802    10.0760     6.6756      8.533    31.9275    24.5413 0.0000e+00
 147.754554      8.472  35.173201    10.1427     6.7386      8.401    31.9014    24.5099 0.0000e+00
 147.754560      8.336  35.226034    10.2231     6.8039      8.266    31.8839    24.4829 0.0000e+00
 147.754566      8.196  35.330015    10.3200     6.9109      8.127    31.9032    24.4817 0.0000e+00
