data/oxygen options/ONMS/Olympic_Coast_National_Marine_Sanctuary_CTD_Data_2005_2023/raw_data/2015/CAST_CE015_150528faed.cnv
* Sea-Bird SBE19 Data File:
* FileName = C:\2015 Mooring Data\Casts\CAST_CE015_150528.hex
* Software Version 1.59
* Temperature SN = 2997
* Conductivity SN = 2997
* System UpLoad Time = May 28 2015 22:16:27
** CAST_CE015_150528
* ds
# nquan = 9                                 
# nvalues = 912                         
# units = specified
# name 0 = timeJ: Julian Days
# name 1 = prSM: Pressure, Strain Gauge [db]
# name 2 = c0mS/cm: Conductivity [mS/cm]
# name 3 = t090C: Temperature [ITS-90, deg C]
# name 4 = sbeox0ML/L: Oxygen, SBE 43 [ml/l]
# name 5 = depSM: Depth [salt water, m], lat = 47.5
# name 6 = sal00: Salinity, Practical [PSU]
# name 7 = sigma-é00: Density [sigma-theta, kg/m^3]
# name 8 = flag: flag
# span 0 = 148.918854, 148.924126       
# span 1 =     -4.960,     14.816       
# span 2 =   0.244858,  37.836131       
# span 3 =    10.1546,    14.9384       
# span 4 =    -1.7924,    13.9305       
# span 5 =     -4.919,     14.692       
# span 6 =     0.1464,    32.6363       
# span 7 =    -0.7644,    25.0777       
# span 8 = 0.0000e+00, 0.0000e+00       
# interval = seconds: 0.5
# start_time = May 28 2015 22:03:09 [Instrument's time stamp, header]
# bad_flag = -9.990e-29
*END*
[from data line 641]
 148.922564      1.700  37.435097    12.5761     7.9481      1.686    32.0119    24.1609 -9.990e-29
 148.922569      1.697  37.456377    12.5839     7.9185      1.683    32.0255    24.1700 -9.990e-29
 148.922575      1.691  37.480183    12.5938     7.8846      1.677    32.0397    24.1791 -9.990e-29
 148.922581      1.684  37.494480    12.6076     7.8771      1.670    32.0416    24.1779 -9.990e-29
 148.922587      1.673  37.496986    12.6277     7.9229      1.659    32.0269    24.1627 -9.990e-29
 148.922593      1.658  37.501654    12.6524     7.9711      1.644    32.0103    24.1451 -9.990e-29
 148.922598      1.648  37.512423    12.6712     7.9913      1.634    32.0046    24.1370 -9.990e-29
 148.922604      1.649  37.513335    12.6752     7.9641      1.635    32.0021    24.1343 -9.990e-29
 148.922610      1.658  37.494354    12.6717     7.9159      1.644    31.9870    24.1233 -9.990e-29
 148.922616      1.671  37.482840    12.6864     7.9007      1.657    31.9636    24.1024 -9.990e-29
 148.922622      1.684  37.500965    12.7401     7.9219      1.670    31.9353    24.0701 -9.990e-29
 148.922627      1.694  37.533600    12.8224     7.9752      1.680    31.8966    24.0243 -9.990e-29
 148.922633      1.701  37.575433    12.8920     7.9670      1.687    31.8774    23.9960 -9.990e-29
 148.922639      1.707  37.624456    12.9227     7.9346      1.693    31.8978    24.0058 -9.990e-29
 148.922645      1.711  37.652929    12.9192     7.9187      1.697    31.9276    24.0296 -9.990e-29
 148.922650      1.715  37.639914    12.8963     7.9242      1.701    31.9347    24.0395 -9.990e-29
 148.922656      1.717  37.611193    12.8777     7.9544      1.703    31.9232    24.0342 -9.990e-29
 148.922662      1.718  37.606366    12.8793     7.9775      1.704    31.9173    24.0293 -9.990e-29
 148.922668      1.718  37.620070    12.8821     7.9609      1.704    31.9279    24.0370 -9.990e-29
 148.922674      1.718  37.623428    12.8406     7.9464      1.704    31.9662    24.0746 -9.990e-29
 148.922679      1.717  37.591158    12.7580     7.9320      1.703    32.0056    24.1211 -9.990e-29
 148.922685      1.714  37.531223    12.6959     7.9455      1.700    32.0014    24.1299 -9.990e-29
 148.922691      1.711  37.494869    12.6830     7.9979      1.697    31.9779    24.1141 -9.990e-29
 148.922697      1.707  37.504771    12.6972     8.0080      1.693    31.9752    24.1093 -9.990e-29
 148.922703      1.701  37.534264    12.7144     7.9453      1.687    31.9886    24.1164 -9.990e-29
 148.922708      1.697  37.552541    12.7219     7.8767      1.683    31.9996    24.1234 -9.990e-29
 148.922714      1.700  37.546366    12.7242     7.8494      1.686    31.9918    24.1170 -9.990e-29
 148.922720      1.705  37.532701    12.7509     7.8770      1.691    31.9562    24.0843 -9.990e-29
 148.922726      1.709  37.542626    12.8198     7.9263      1.695    31.9073    24.0331 -9.990e-29
 148.922731      1.711  37.578672    12.9065     7.9643      1.697    31.8683    23.9861 -9.990e-29
 148.922737      1.712  37.626062    12.9589     7.9766      1.698    31.8688    23.9763 -9.990e-29
 148.922743      1.712  37.653188    12.9426     7.9791      1.698    31.9081    24.0099 -9.990e-29
 148.922749      1.710  37.627226    12.8917     7.9858      1.696    31.9266    24.0341 -9.990e-29
 148.922755      1.707  37.580258    12.8636     7.9953      1.693    31.9059    24.0236 -9.990e-29
 148.922760      1.702  37.564560    12.8562     8.0112      1.688    31.8973    24.0184 -9.990e-29
 148.922766      1.696  37.580451    12.8385     8.0038      1.682    31.9273    24.0450 -9.990e-29
 148.922772      1.688  37.600290    12.8108     7.9850      1.674    31.9695    24.0830 -9.990e-29
 148.922778      1.676  37.613481    12.7898     7.9828      1.662    31.9998    24.1105 -9.990e-29
 148.922784      1.670  37.620743    12.7808     8.0100      1.656    32.0143    24.1235 -9.990e-29
 148.922789      1.677  37.623300    12.7800     8.0188      1.663    32.0174    24.1260 -9.990e-29
 148.922795      1.689  37.627880    12.7860     7.9846      1.675    32.0166    24.1243 -9.990e-29
 148.922801      1.698  37.637180    12.7998     7.9473      1.684    32.0137    24.1194 -9.990e-29
 148.922807      1.706  37.651221    12.8180     7.9305      1.692    32.0116    24.1142 -9.990e-29
 148.922812      1.711  37.663448    12.8384     7.9401      1.697    32.0059    24.1058 -9.990e-29
 148.922818      1.716  37.669375    12.8711     7.9733      1.702    31.9838    24.0824 -9.990e-29
 148.922824      1.719  37.677427    12.9190     7.9642      1.705    31.9509    24.0476 -9.990e-29
 148.922830      1.722  37.696618    12.9595     7.9173      1.708    31.9348    24.0273 -9.990e-29
 148.922836      1.724  37.712122    12.9763     7.8853      1.710    31.9353    24.0244 -9.990e-29
 148.922841      1.726  37.705889    12.9835     7.8804      1.712    31.9233    24.0137 -9.990e-29
 148.922847      1.728  37.700977    12.9956     7.9103      1.714    31.9085    23.9999 -9.990e-29
 148.922853      1.729  37.712102    13.0073     7.9588      1.715    31.9091    23.9981 -9.990e-29
 148.922859      1.730  37.727698    13.0158     7.9908      1.716    31.9166    24.0023 -9.990e-29
 148.922865      1.731  37.748333    13.0261     7.9603      1.717    31.9274    24.0086 -9.990e-29
 148.922870      1.732  37.759984    13.0368     7.9013      1.718    31.9293    24.0080 -9.990e-29
 148.922876      1.733  37.748985    13.0494     7.8839      1.719    31.9084    23.9893 -9.990e-29
 148.922882      1.734  37.740442    13.0732     7.9018      1.720    31.8803    23.9630 -9.990e-29
 148.922888      1.736  37.751522    13.1097     7.9438      1.722    31.8601    23.9401 -9.990e-29
 148.922894      1.738  37.772843    13.1496     7.9607      1.723    31.8466    23.9219 -9.990e-29
 148.922899      1.740  37.805317    13.1830     7.9086      1.725    31.8491    23.9172 -9.990e-29
 148.922905      1.743  37.836131    13.1917     7.8687      1.728    31.8707    23.9322 -9.990e-29
 148.922911      1.747  37.828947    13.1707     7.8821      1.732    31.8815    23.9448 -9.990e-29
 148.922917      1.751  37.794902    13.1635     7.9221      1.736    31.8556    23.9262 -9.990e-29
 148.922922      1.757  37.784450    13.2020     7.9725      1.742    31.8136    23.8861 -9.990e-29
 148.922928      1.764  37.804353    13.2477     7.9869      1.749    31.7940    23.8619 -9.990e-29
 148.922934      1.774  37.825024    13.2455     7.9718      1.759    31.8152    23.8787 -9.990e-29
 148.922940      1.786  37.825768    13.1857     7.9730      1.771    31.8660    23.9298 -9.990e-29
 148.922946      1.802  37.794087    13.1106     7.9603      1.787    31.8993    23.9703 -9.990e-29
 148.922951      1.823  37.749382    13.0701     7.9425      1.808    31.8913    23.9721 -9.990e-29
 148.922957      1.849  37.734609    13.0659     7.9343      1.834    31.8809    23.9649 -9.990e-29
 148.922963      1.882  37.750198    13.0738     7.9473      1.866    31.8889    23.9695 -9.990e-29
 148.922969      1.925  37.773704    13.0786     7.9898      1.909    31.9070    23.9825 -9.990e-29
 148.922975      1.981  37.785401    13.0722     7.9757      1.964    31.9233    23.9964 -9.990e-29
 148.922980      2.052  37.770563    13.0501     7.8962      2.035    31.9280    24.0043 -9.990e-29
 148.922986      2.140  37.741326    12.9944     7.8391      2.122    31.9473    24.0302 -9.990e-29
 148.922992      2.245  37.695115    12.8943     7.8114      2.226    31.9883    24.0814 -9.990e-29
 148.922998      2.374  37.619617    12.7745     7.8012      2.354    32.0183    24.1278 0.0000e+00
 148.923003      2.527  37.532999    12.6612     7.8077      2.506    32.0323    24.1604 0.0000e+00
 148.923009      2.696  37.451481    12.5463     7.7739      2.673    32.0525    24.1981 0.0000e+00
 148.923015      2.880  37.370042    12.3933     7.7073      2.856    32.1053    24.2681 0.0000e+00
 148.923021      3.080  37.257417    12.2000     7.6387      3.054    32.1631    24.3494 0.0000e+00
 148.923027      3.294  37.100197    12.0303     7.5360      3.266    32.1578    24.3769 0.0000e+00
 148.923032      3.505  36.962304    11.9116     7.3677      3.476    32.1270    24.3750 0.0000e+00
 148.923038      3.700  36.903697    11.8018     7.1871      3.669    32.1650    24.4247 0.0000e+00
 148.923044      3.883  36.865782    11.6717     6.9964      3.851    32.2409    24.5075 0.0000e+00
 148.923050      4.066  36.753494    11.5009     6.8312      4.032    32.2801    24.5690 0.0000e+00
 148.923056      4.252  36.578934    11.2883     6.7091      4.216    32.2949    24.6187 0.0000e+00
 148.923061      4.436  36.408251    11.0968     6.6412      4.399    32.2948    24.6527 0.0000e+00
 148.923067      4.616  36.287992    10.9775     6.6145      4.577    32.2809    24.6628 0.0000e+00
 148.923073      4.791  36.231962    10.9165     6.6242      4.751    32.2790    24.6721 0.0000e+00
 148.923079      4.960  36.214629    10.8853     6.6374      4.919    32.2893    24.6855 0.0000e+00
 148.923084      5.124  36.212181    10.8703     6.6299      5.081    32.3000    24.6965 0.0000e+00
 148.923090      5.286  36.213380    10.8632     6.5819      5.242    32.3074    24.7035 0.0000e+00
 148.923096      5.447  36.211290    10.8615     6.4619      5.401    32.3067    24.7033 0.0000e+00
 148.923102      5.609  36.208047    10.8667     6.3079      5.562    32.2989    24.6962 0.0000e+00
 148.923108      5.774  36.207611    10.8727     6.1468      5.726    32.2931    24.6907 0.0000e+00
 148.923113      5.939  36.210401    10.8715     5.9741      5.889    32.2968    24.6938 0.0000e+00
 148.923119      6.102  36.216653    10.8681     5.7886      6.051    32.3060    24.7015 0.0000e+00
 148.923125      6.265  36.227854    10.8702     5.5822      6.213    32.3151    24.7083 0.0000e+00
 148.923131      6.429  36.244242    10.8771     5.4230      6.375    32.3252    24.7150 0.0000e+00
 148.923137      6.597  36.261193    10.8816     5.3174      6.542    32.3380    24.7241 0.0000e+00
 148.923142      6.771  36.273157    10.8788     5.2289      6.714    32.3523    24.7357 0.0000e+00
 148.923148      6.956  36.280269    10.8709     5.1469      6.898    32.3662    24.7479 0.0000e+00
 148.923154      7.157  36.284043    10.8636     5.0696      7.097    32.3763    24.7571 0.0000e+00
 148.923160      7.366  36.286024    10.8615     4.9996      7.304    32.3801    24.7604 0.0000e+00
 148.923166      7.577  36.288729    10.8610     4.9520      7.514    32.3831    24.7628 0.0000e+00
 148.923171      7.796  36.291717    10.8540     4.9259      7.731    32.3922    24.7711 0.0000e+00
 148.923177      8.025  36.297726    10.8406     4.8988      7.958    32.4099    24.7872 0.0000e+00
 148.923183      8.251  36.310725    10.8253     4.8828      8.182    32.4362    24.8104 0.0000e+00
 148.923189      8.464  36.321570    10.8095     4.8631      8.393    32.4609    24.8324 0.0000e+00
 148.923194      8.672  36.320490    10.7926     4.8332      8.599    32.4748    24.8461 0.0000e+00
 148.923200      8.890  36.309843    10.7694     4.7884      8.816    32.4847    24.8579 0.0000e+00
 148.923206      9.118  36.292688    10.7375     4.7310      9.042    32.4959    24.8721 0.0000e+00
 148.923212      9.354  36.273500    10.7044     4.6744      9.276    32.5061    24.8858 0.0000e+00
 148.923218      9.595  36.257962    10.6742     4.6340      9.515    32.5174    24.8999 0.0000e+00
 148.923223      9.839  36.244291    10.6435     4.6066      9.757    32.5310    24.9158 0.0000e+00
 148.923229     10.086  36.228145    10.6108     4.5786     10.002    32.5439    24.9315 0.0000e+00
 148.923235     10.333  36.209176    10.5782     4.5629     10.247    32.5540    24.9449 0.0000e+00
 148.923241     10.584  36.188874    10.5490     4.5438     10.495    32.5596    24.9544 0.0000e+00
 148.923247     10.846  36.170314    10.5270     4.5001     10.755    32.5606    24.9589 0.0000e+00
 148.923252     11.117  36.155532    10.5160     4.4539     11.024    32.5555    24.9568 0.0000e+00
 148.923258     11.396  36.143754    10.5091     4.3732     11.301    32.5498    24.9535 0.0000e+00
 148.923264     11.681  36.133723    10.4904     4.2805     11.583    32.5563    24.9619 0.0000e+00
 148.923270     11.969  36.120351    10.4540     4.2044     11.869    32.5754    24.9829 0.0000e+00
 148.923275     12.258  36.094657    10.4049     4.1336     12.155    32.5934    25.0054 0.0000e+00
 148.923281     12.545  36.054775    10.3486     4.0866     12.440    32.6037    25.0230 0.0000e+00
 148.923287     12.825  36.011312    10.2860     4.0712     12.718    32.6161    25.0433 0.0000e+00
 148.923293     13.101  35.970657    10.2227     4.0893     12.991    32.6320    25.0663 0.0000e+00
 148.923299     13.369  35.932291    10.1748     4.1365     13.257    32.6363    25.0777 0.0000e+00
 148.923304     13.623  35.904352    10.1546     4.1912     13.509    32.6261    25.0732 0.0000e+00
 148.923310     13.858  35.890379    10.1568     4.2481     13.742    32.6099    25.0602 0.0000e+00
 148.923316     14.069  35.887866    10.1668     4.3239     13.951    32.5983    25.0495 0.0000e+00
 148.923322     14.256  35.897826    10.1794     4.3886     14.137    32.5969    25.0463 0.0000e+00
 148.923328     14.418  35.915480    10.2011     4.4627     14.297    32.5952    25.0413 0.0000e+00
 148.923333     14.551  35.937337    10.2347     4.5352     14.429    32.5869    25.0292 -9.990e-29
 148.923339     14.657  35.961025    10.2702     4.5794     14.534    32.5789    25.0169 -9.990e-29
 148.923345     14.733  35.982132    10.3016     4.5980     14.610    32.5719    25.0062 -9.990e-29
 148.923351     14.781  35.999531    10.3382     4.5926     14.657    32.5566    24.9880 -9.990e-29
 148.923356     14.806  36.015563    10.3841     4.5572     14.682    32.5316    24.9607 -9.990e-29
 148.923362     14.816  36.041959    10.4233     4.5416     14.692    32.5230    24.9474 -9.990e-29
 148.923368     14.806  36.077916    10.4379     4.5389     14.682    32.5460    24.9628 -9.990e-29
 148.923374     14.776  36.099502    10.4251     4.5466     14.652    32.5791    24.9908 -9.990e-29
 148.923380     14.732  36.098946    10.3946     4.5550     14.609    32.6059    25.0169 -9.990e-29
 148.923385     14.676  36.086600    10.3663     4.5573     14.553    32.6189    25.0319 -9.990e-29
 148.923391     14.605  36.073351    10.3586     4.5661     14.483    32.6125    25.0282 -9.990e-29
 148.923397     14.518  36.068317    10.3694     4.5709     14.396    32.5978    25.0149 -9.990e-29
 148.923403     14.422  36.071388    10.3868     4.5829     14.301    32.5854    25.0022 -9.990e-29
 148.923409     14.324  36.077005    10.4035     4.5834     14.204    32.5761    24.9921 -9.990e-29
 148.923414     14.227  36.082448    10.4143     4.5857     14.108    32.5719    24.9870 -9.990e-29
 148.923420     14.133  36.087571    10.4205     4.6033     14.015    32.5715    24.9857 -9.990e-29
 148.923426     14.040  36.092360    10.4281     4.6183     13.922    32.5696    24.9829 -9.990e-29
 148.923432     13.946  36.098596    10.4390     4.6273     13.829    32.5661    24.9783 -9.990e-29
 148.923438     13.855  36.106064    10.4509     4.6368     13.739    32.5630    24.9738 -9.990e-29
 148.923443     13.764  36.112827    10.4622     4.6433     13.649    32.5597    24.9694 -9.990e-29
 148.923449     13.668  36.118812    10.4732     4.6562     13.553    32.5559    24.9645 -9.990e-29
 148.923455     13.565  36.125153    10.4831     4.6812     13.451    32.5534    24.9609 -9.990e-29
 148.923461     13.457  36.133456    10.4915     4.7116     13.344    32.5543    24.9601 -9.990e-29
 148.923466     13.346  36.144023    10.5009     4.7371     13.234    32.5565    24.9603 -9.990e-29
 148.923472     13.233  36.154002    10.5103     4.7593     13.122    32.5582    24.9599 -9.990e-29
 148.923478     13.115  36.159759    10.5185     4.7635     13.005    32.5567    24.9573 -9.990e-29
