data/oxygen options/ONMS/Olympic_Coast_National_Marine_Sanctuary_CTD_Data_2005_2023/raw_data/2015/CAST_MB042_150827faedb.cnv
* Sea-Bird SBE19 Data File:
* FileName = C:\2015 Mooring Data\Casts\CAST_MB042_150827.hex
* Software Version 1.59
* Temperature SN = 2997
* Conductivity SN = 2997
* System UpLoad Time = Aug 27 2015 19:42:42
** CAST_MB042_150827
* ds
# nquan = 9
# nvalues = 42                          
# units = specified
# name 0 = timeJ: Julian Days
# name 1 = prSM: Pressure, Strain Gauge [db]
# name 2 = c0mS/cm: Conductivity [mS/cm]
# name 3 = t090C: Temperature [ITS-90, deg C]
# name 4 = sbeox0ML/L: Oxygen, SBE 43 [ml/l]
# name 5 = depSM: Depth [salt water, m], lat = 47.5
# name 6 = sal00: Salinity, Practical [PSU]
# name 7 = sigma-é00: Density [sigma-theta, kg/m^3]
# name 8 = flag: flag
# span 0 = 239.746812, 239.747860       
# span 1 =      3.000,     44.000       
# span 2 =  34.773765,  38.301674       
# span 3 =     8.1187,    12.9821       
# span 4 =     3.4238,     5.2940       
# span 5 =      2.975,     43.627       
# span 6 =    32.4861,    33.3271       
# span 7 =    24.4495,    25.9434       
# span 8 = 0.0000e+00, 0.0000e+00       
# interval = decibars: 1                
# start_time = Aug 27 2015 17:48:34 [Instrument's time stamp, header]
# bad_flag = -9.990e-29
*END*
 239.746812      3.000  38.301674    12.9821     5.2940      2.975    32.4861    24.4495 0.0000e+00
 239.746841      4.000  37.732767    12.2323     5.0769      3.967    32.5916    24.6753 0.0000e+00
 239.746866      5.000  37.127187    11.5005     5.0369      4.958    32.6454    24.8528 0.0000e+00
 239.746892      6.000  36.920173    11.2228     4.9607      5.950    32.6875    24.9357 0.0000e+00
 239.746917      7.000  36.715355    10.9504     4.9038      6.942    32.7271    25.0148 0.0000e+00
 239.746944      8.000  36.538177    10.7376     4.7791      7.933    32.7408    25.0628 0.0000e+00
 239.746970      9.000  36.454744    10.5981     4.5316      8.925    32.7822    25.1193 0.0000e+00
 239.746995     10.000  36.284800    10.3525     4.3282      9.917    32.8327    25.2007 0.0000e+00
 239.747020     11.000  35.985399     9.9545     4.2583     10.908    32.8907    25.3129 0.0000e+00
 239.747044     12.000  35.807961     9.7276     4.2571     11.900    32.9166    25.3707 0.0000e+00
 239.747068     13.000  35.761541     9.6429     4.2419     12.891    32.9464    25.4078 0.0000e+00
 239.747093     14.000  35.737215     9.5996     4.2072     13.883    32.9607    25.4261 0.0000e+00
 239.747117     15.000  35.686240     9.5309     4.1294     14.874    32.9710    25.4453 0.0000e+00
 239.747141     16.000  35.598556     9.4184     4.0195     15.866    32.9840    25.4736 0.0000e+00
 239.747165     17.000  35.488733     9.2876     3.9911     16.858    32.9910    25.5000 0.0000e+00
 239.747189     18.000  35.440221     9.2383     3.9754     17.849    32.9860    25.5040 0.0000e+00
 239.747213     19.000  35.426667     9.2224     3.9155     18.841    32.9862    25.5067 0.0000e+00
 239.747239     20.000  35.402886     9.1881     3.6959     19.832    32.9928    25.5174 0.0000e+00
 239.747263     21.000  35.288972     9.0161     3.5721     20.824    33.0336    25.5764 0.0000e+00
 239.747285     22.000  35.130892     8.8248     3.5795     21.815    33.0463    25.6161 0.0000e+00
 239.747310     23.000  35.076295     8.7161     3.6037     22.807    33.0903    25.6673 0.0000e+00
 239.747334     24.000  35.013467     8.6289     3.6120     23.798    33.1055    25.6926 0.0000e+00
 239.747360     25.000  35.001461     8.6065     3.5956     24.790    33.1134    25.7022 0.0000e+00
 239.747384     26.000  34.998292     8.5976     3.6060     25.782    33.1180    25.7072 0.0000e+00
 239.747408     27.000  34.992084     8.5936     3.5919     26.773    33.1147    25.7052 0.0000e+00
 239.747435     28.000  34.984170     8.5679     3.6028     27.765    33.1300    25.7212 0.0000e+00
 239.747460     29.000  34.942424     8.5069     3.5960     28.756    33.1428    25.7405 0.0000e+00
 239.747485     30.000  34.934261     8.4937     3.5620     29.747    33.1463    25.7452 0.0000e+00
 239.747511     31.000  34.916008     8.4568     3.5424     30.739    33.1612    25.7625 0.0000e+00
 239.747541     32.000  34.904312     8.4265     3.5157     31.730    33.1769    25.7794 0.0000e+00
 239.747571     33.000  34.878915     8.3568     3.4712     32.722    33.2153    25.8200 0.0000e+00
 239.747596     34.000  34.823530     8.2412     3.4875     33.714    33.2655    25.8767 0.0000e+00
 239.747624     35.000  34.803631     8.2035     3.4760     34.705    33.2797    25.8934 0.0000e+00
 239.747650     36.000  34.794872     8.1779     3.4527     35.696    33.2942    25.9086 0.0000e+00
 239.747675     37.000  34.782911     8.1503     3.4469     36.688    33.3072    25.9229 0.0000e+00
 239.747700     38.000  34.775333     8.1314     3.4488     37.679    33.3166    25.9330 0.0000e+00
 239.747726     39.000  34.776594     8.1278     3.4347     38.671    33.3210    25.9371 0.0000e+00
 239.747750     40.000  34.773765     8.1218     3.4315     39.662    33.3231    25.9396 0.0000e+00
 239.747774     41.000  34.774406     8.1208     3.4375     40.654    33.3243    25.9408 0.0000e+00
 239.747800     42.000  34.774771     8.1199     3.4388     41.645    33.3251    25.9415 0.0000e+00
 239.747827     43.000  34.775628     8.1193     3.4238     42.637    33.3261    25.9424 0.0000e+00
 239.747860     44.000  34.776435     8.1187     3.4308     43.627    33.3271    25.9434 0.0000e+00
