data/oxygen options/ONMS/Olympic_Coast_National_Marine_Sanctuary_CTD_Data_2005_2023/raw_data/2015/CAST_TH042_150528faedb.cnv
* Sea-Bird SBE19 Data File:
* FileName = C:\2015 Mooring Data\Casts\CAST_TH042_150528.hex
* Software Version 1.59
* Temperature SN = 2997
* Conductivity SN = 2997
* System UpLoad Time = May 28 2015 01:34:04
** CAST_TH042_150528
* ds
# nquan = 9
# nvalues = 42                          
# units = specified
# name 0 = timeJ: Julian Days
# name 1 = prSM: Pressure, Strain Gauge [db]
# name 2 = c0mS/cm: Conductivity [mS/cm]
# name 3 = t090C: Temperature [ITS-90, deg C]
# name 4 = sbeox0ML/L: Oxygen, SBE 43 [ml/l]
# name 5 = depSM: Depth [salt water, m], lat = 47.5
# name 6 = sal00: Salinity, Practical [PSU]
# name 7 = sigma-é00: Density [sigma-theta, kg/m^3]
# name 8 = flag: flag
# span 0 = 148.061286, 148.062260       
# span 1 =      2.000,     43.000       
# span 2 =  34.449968,  36.926892       
# span 3 =     7.6374,    12.2073       
# span 4 =     3.6791,     7.5777       
# span 5 =      1.984,     42.637       
# span 6 =    31.8400,    33.4549       
# span 7 =    24.0976,    26.1135       
# span 8 = 0.0000e+00, 0.0000e+00       
# interval = decibars: 1                
# start_time = May 28 2015 01:23:30 [Instrument's time stamp, header]
# bad_flag = -9.990e-29
*END*
 148.061286      2.000  36.926892    12.2073     7.5777      1.984    31.8400    24.0976 0.0000e+00
 148.061323      3.000  36.799131    12.0096     7.4405      2.975    31.8855    24.1695 0.0000e+00
 148.061354      4.000  36.416041    11.5209     7.1607      3.967    31.9336    24.2960 0.0000e+00
 148.061386      5.000  35.918156    10.7767     5.3798      4.958    32.0908    24.5497 0.0000e+00
 148.061414      6.000  35.055566     9.7603     5.3757      5.950    32.1224    24.7456 0.0000e+00
 148.061444      7.000  34.978234     9.6427     5.2020      6.941    32.1483    24.7844 0.0000e+00
 148.061472      8.000  34.901470     9.5128     4.7798      7.933    32.1858    24.8345 0.0000e+00
 148.061498      9.000  34.702144     9.3521     4.4768      8.924    32.1252    24.8129 0.0000e+00
 148.061522     10.000  34.641338     9.1234     4.4845      9.916    32.2685    24.9607 0.0000e+00
 148.061543     11.000  34.592211     8.9183     4.6274     10.908    32.4034    25.0982 0.0000e+00
 148.061562     12.000  34.701253     8.9330     4.6144     11.900    32.5030    25.1739 0.0000e+00
 148.061580     13.000  34.742936     8.9139     4.5485     12.891    32.5634    25.2241 0.0000e+00
 148.061598     14.000  34.737709     8.8457     4.4877     13.883    32.6201    25.2791 0.0000e+00
 148.061618     15.000  34.702946     8.7360     4.4740     14.874    32.6845    25.3463 0.0000e+00
 148.061637     16.000  34.695062     8.7117     4.4248     15.866    32.6982    25.3608 0.0000e+00
 148.061657     17.000  34.658903     8.6427     4.3990     16.858    32.7236    25.3913 0.0000e+00
 148.061677     18.000  34.637712     8.6182     4.3854     17.849    32.7237    25.3950 0.0000e+00
 148.061698     19.000  34.635351     8.5949     4.3820     18.841    32.7423    25.4132 0.0000e+00
 148.061719     20.000  34.630591     8.5626     4.3817     19.832    32.7669    25.4373 0.0000e+00
 148.061741     21.000  34.644585     8.5589     4.3198     20.824    32.7846    25.4518 0.0000e+00
 148.061763     22.000  34.627995     8.4952     4.2900     21.815    32.8258    25.4937 0.0000e+00
 148.061787     23.000  34.600744     8.4412     4.2504     22.807    32.8470    25.5184 0.0000e+00
 148.061813     24.000  34.578041     8.3874     4.2332     23.798    32.8728    25.5468 0.0000e+00
 148.061838     25.000  34.557322     8.3291     4.2022     24.790    32.9050    25.5807 0.0000e+00
 148.061863     26.000  34.544981     8.2983     4.1636     25.781    32.9203    25.5973 0.0000e+00
 148.061885     27.000  34.517138     8.2490     4.1232     26.773    32.9365    25.6173 0.0000e+00
 148.061907     28.000  34.500392     8.2208     4.1127     27.764    32.9447    25.6279 0.0000e+00
 148.061930     29.000  34.493744     8.1895     4.0999     28.756    32.9667    25.6498 0.0000e+00
 148.061953     30.000  34.487879     8.1674     4.0840     29.747    32.9807    25.6641 0.0000e+00
 148.061976     31.000  34.483340     8.1209     4.0774     30.739    33.0192    25.7012 0.0000e+00
 148.061998     32.000  34.479108     8.0721     3.9961     31.730    33.0602    25.7405 0.0000e+00
 148.062020     33.000  34.473679     8.0020     3.8727     32.722    33.1203    25.7979 0.0000e+00
 148.062041     34.000  34.456419     7.8456     3.8448     33.713    33.2499    25.9224 0.0000e+00
 148.062064     35.000  34.454241     7.7708     3.7922     34.705    33.3184    25.9871 0.0000e+00
 148.062090     36.000  34.449968     7.7113     3.7517     35.697    33.3704    26.0364 0.0000e+00
 148.062114     37.000  34.452582     7.6758     3.7128     36.688    33.4067    26.0701 0.0000e+00
 148.062136     38.000  34.458146     7.6505     3.6968     37.679    33.4366    26.0972 0.0000e+00
 148.062156     39.000  34.462390     7.6420     3.6933     38.671    33.4488    26.1081 0.0000e+00
 148.062178     40.000  34.467133     7.6457     3.6864     39.662    33.4500    26.1085 0.0000e+00
 148.062206     41.000  34.467114     7.6408     3.6887     40.654    33.4542    26.1124 0.0000e+00
 148.062232     42.000  34.465289     7.6374     3.6791     41.646    33.4549    26.1135 0.0000e+00
 148.062260     43.000  34.467950     7.6409     3.6890     42.637    33.4540    26.1123 0.0000e+00
