data/oxygen options/ONMS/Olympic_Coast_National_Marine_Sanctuary_CTD_Data_2005_2023/raw_data/2015/CAST_CE042_150723faed.cnv
* Sea-Bird SBE 19 Data File:
* FileName = C:\2015 Mooring Data\Casts\CAST_CE042_150723.hex
* Software Version SeatermAF 2.1.2
* Temperature SN = 2997
* Conductivity SN = 2997
* System UpLoad Time = Jul 23 2015 18:05:31 (localtime) = Jul 23 2015 18:05:31 (UTC)
** CAST_CE042_150723
* ds
# nquan = 9                                 
# nvalues = 1448                        
# units = specified
# name 0 = timeJ: Julian Days
# name 1 = prSM: Pressure, Strain Gauge [db]
# name 2 = c0mS/cm: Conductivity [mS/cm]
# name 3 = t090C: Temperature [ITS-90, deg C]
# name 4 = sbeox0ML/L: Oxygen, SBE 43 [ml/l]
# name 5 = depSM: Depth [salt water, m], lat = 47.5
# name 6 = sal00: Salinity, Practical [PSU]
# name 7 = sigma-é00: Density [sigma-theta, kg/m^3]
# name 8 = flag: flag
# span 0 = 204.731262, 204.739635       
# span 1 =     -5.212,     44.459       
# span 2 =   0.010127,  40.893125       
# span 3 =     7.6842,    18.9893       
# span 4 =    -1.7121,    11.0112       
# span 5 =     -5.169,     44.083       
# span 6 =     0.0119,    33.6056       
# span 7 =    -1.5791,    26.2252       
# span 8 = 0.0000e+00, 0.0000e+00       
# interval = seconds: 0.5
# start_time = Jul 23 2015 17:33:01 [Instrument's time stamp, header]
# bad_flag = -9.990e-29
*END*
[from data line 481]
 204.734045      1.039  40.847860    16.0882    -1.4181      1.030    32.2163    23.5877 -9.990e-29
 204.734051      1.042  40.855419    16.0881    -1.4191      1.033    32.2230    23.5929 -9.990e-29
 204.734057      1.054  40.864940    16.0879    -1.4194      1.045    32.2316    23.5995 -9.990e-29
 204.734062      1.069  40.874460    16.0885    -1.4193      1.060    32.2395    23.6054 -9.990e-29
 204.734068      1.080  40.873048    16.0885    -1.4198      1.071    32.2382    23.6044 -9.990e-29
 204.734074      1.085  40.862222    16.0914    -1.4199      1.076    32.2263    23.5946 -9.990e-29
 204.734080      1.082  40.847996    16.1013    -1.4195      1.073    32.2058    23.5766 -9.990e-29
 204.734086      1.077  40.836518    16.1110    -1.4194      1.068    32.1878    23.5607 -9.990e-29
 204.734091      1.073  40.837052    16.1112    -1.4192      1.064    32.1881    23.5609 -9.990e-29
 204.734097      1.070  40.855778    16.1026    -1.4195      1.061    32.2116    23.5808 -9.990e-29
 204.734103      1.068  40.883862    16.0908    -1.4196      1.059    32.2459    23.6098 -9.990e-29
 204.734109      1.062  40.892408    16.0798    -1.4192      1.053    32.2623    23.6249 -9.990e-29
 204.734115      1.053  40.873587    16.0710    -1.4192      1.044    32.2529    23.6196 -9.990e-29
 204.734120      1.047  40.856577    16.0669    -1.4197      1.038    32.2413    23.6116 -9.990e-29
 204.734126      1.049  40.848844    16.0684    -1.4203      1.040    32.2332    23.6051 -9.990e-29
 204.734132      1.054  40.835445    16.0706    -1.4198      1.045    32.2197    23.5942 -9.990e-29
 204.734138      1.060  40.825295    16.0690    -1.4194      1.051    32.2120    23.5887 -9.990e-29
 204.734144      1.066  40.833889    16.0661    -1.4199      1.057    32.2219    23.5970 -9.990e-29
 204.734149      1.067  40.856273    16.0670    -1.4210      1.058    32.2409    23.6113 -9.990e-29
 204.734155      1.065  40.869416    16.0732    -1.4205      1.056    32.2474    23.6150 -9.990e-29
 204.734161      1.064  40.860403    16.0812    -1.4206      1.055    32.2330    23.6021 -9.990e-29
 204.734167      1.063  40.842878    16.0814    -1.4206      1.054    32.2174    23.5901 -9.990e-29
 204.734172      1.067  40.828670    16.0679    -1.4206      1.058    32.2159    23.5919 -9.990e-29
 204.734178      1.075  40.820573    16.0488    -1.4209      1.066    32.2242    23.6026 -9.990e-29
 204.734184      1.080  40.825034    16.0371    -1.4215      1.071    32.2377    23.6156 -9.990e-29
 204.734190      1.078  40.849536    16.0338    -1.4214      1.069    32.2619    23.6349 -9.990e-29
 204.734196      1.073  40.883405    16.0319    -1.4213      1.064    32.2933    23.6595 -9.990e-29
 204.734201      1.073  40.893125    16.0274    -1.4212      1.064    32.3056    23.6699 -9.990e-29
 204.734207      1.079  40.862903    16.0221    -1.4213      1.070    32.2832    23.6539 -9.990e-29
 204.734213      1.086  40.829149    16.0217    -1.4212      1.077    32.2538    23.6314 -9.990e-29
 204.734219      1.094  40.824117    16.0290    -1.4208      1.085    32.2434    23.6218 -9.990e-29
 204.734225      1.101  40.822441    16.0373    -1.4209      1.092    32.2352    23.6136 -9.990e-29
 204.734230      1.102  40.799304    16.0355    -1.4209      1.093    32.2163    23.5995 -9.990e-29
 204.734236      1.101  40.763537    16.0237    -1.4209      1.092    32.1944    23.5853 -9.990e-29
 204.734242      1.107  40.735740    16.0133    -1.4211      1.098    32.1783    23.5753 -9.990e-29
 204.734248      1.121  40.733671    16.0108    -1.4211      1.112    32.1785    23.5760 -9.990e-29
 204.734253      1.135  40.749935    16.0138    -1.4210      1.126    32.1904    23.5845 -9.990e-29
 204.734259      1.144  40.761199    16.0180    -1.4210      1.134    32.1969    23.5885 -9.990e-29
 204.734265      1.151  40.759901    16.0210    -1.4209      1.141    32.1933    23.5851 -9.990e-29
 204.734271      1.155  40.754823    16.0226    -1.4207      1.145    32.1876    23.5803 -9.990e-29
 204.734277      1.157  40.759242    16.0241    -1.4206      1.147    32.1902    23.5820 -9.990e-29
 204.734282      1.156  40.771052    16.0266    -1.4205      1.146    32.1986    23.5879 -9.990e-29
 204.734288      1.153  40.773883    16.0289    -1.4207      1.143    32.1993    23.5879 -9.990e-29
 204.734294      1.152  40.765198    16.0288    -1.4212      1.142    32.1917    23.5821 -9.990e-29
 204.734300      1.157  40.753462    16.0260    -1.4219      1.147    32.1836    23.5765 -9.990e-29
 204.734306      1.163  40.746999    16.0233    -1.4220      1.153    32.1801    23.5744 -9.990e-29
 204.734311      1.168  40.752751    16.0246    -1.4221      1.158    32.1841    23.5772 -9.990e-29
 204.734317      1.171  40.765342    16.0306    -1.4215      1.161    32.1903    23.5807 -9.990e-29
 204.734323      1.173  40.771688    16.0376    -1.4213      1.163    32.1903    23.5790 -9.990e-29
 204.734329      1.174  40.770009    16.0409    -1.4212      1.164    32.1861    23.5751 -9.990e-29
 204.734334      1.173  40.767457    16.0402    -1.4213      1.163    32.1844    23.5740 -9.990e-29
 204.734340      1.171  40.767779    16.0363    -1.4214      1.161    32.1879    23.5775 -9.990e-29
 204.734346      1.168  40.764527    16.0259    -1.4214      1.158    32.1934    23.5841 -9.990e-29
 204.734352      1.163  40.748734    16.0080    -1.4212      1.153    32.1941    23.5886 -9.990e-29
 204.734358      1.160  40.727799    15.9927    -1.4213      1.150    32.1880    23.5874 -9.990e-29
 204.734363      1.164  40.723010    15.9921    -1.4215      1.154    32.1843    23.5846 -9.990e-29
 204.734369      1.171  40.734564    16.0056    -1.4216      1.161    32.1835    23.5810 -9.990e-29
 204.734375      1.176  40.740703    16.0205    -1.4217      1.166    32.1768    23.5725 -9.990e-29
 204.734381      1.179  40.733204    16.0268     8.5233      1.169    32.1651    23.5621 -9.990e-29
 204.734387      1.182  40.720994    16.0252    10.7384      1.172    32.1557    23.5552 -9.990e-29
 204.734392      1.185  40.716810    16.0225    11.0112      1.175    32.1542    23.5547 -9.990e-29
 204.734398      1.186  40.722222    16.0237     9.7058      1.176    32.1580    23.5573 -9.990e-29
 204.734404      1.188  40.726914    16.0267     6.5859      1.178    32.1597    23.5580 -9.990e-29
 204.734410      1.189  40.724096    16.0250     6.8483      1.179    32.1585    23.5575 -9.990e-29
 204.734416      1.190  40.717157    16.0177     7.0134      1.180    32.1584    23.5590 -9.990e-29
 204.734421      1.191  40.714083    16.0113     6.9844      1.181    32.1608    23.5623 -9.990e-29
 204.734427      1.191  40.716798    16.0106     6.9254      1.181    32.1638    23.5647 -9.990e-29
 204.734433      1.192  40.716437    16.0134     6.8854      1.182    32.1612    23.5621 -9.990e-29
 204.734439      1.192  40.700035    16.0125     6.8513      1.182    32.1475    23.5518 -9.990e-29
 204.734444      1.192  40.666884    16.0027     6.8177      1.182    32.1262    23.5376 -9.990e-29
 204.734450      1.192  40.620301    15.9803     6.7924      1.182    32.1033    23.5250 -9.990e-29
 204.734456      1.193  40.569241    15.9459     6.7786      1.183    32.0861    23.5195 -9.990e-29
 204.734462      1.193  40.540237    15.9136     6.7658      1.183    32.0867    23.5272 -9.990e-29
 204.734468      1.193  40.536516    15.9006     6.7581      1.183    32.0939    23.5356 -9.990e-29
 204.734473      1.193  40.543990    15.9072     6.7333      1.183    32.0952    23.5351 -9.990e-29
 204.734479      1.193  40.557893    15.9173     6.7060      1.183    32.0993    23.5360 -9.990e-29
 204.734485      1.193  40.562970    15.9202     6.7046      1.183    32.1014    23.5370 -9.990e-29
 204.734491      1.193  40.554072    15.9199     6.7243      1.183    32.0938    23.5312 -9.990e-29
 204.734497      1.193  40.548907    15.9211     6.7295      1.183    32.0883    23.5267 -9.990e-29
 204.734502      1.193  40.556140    15.9228     6.7320      1.183    32.0933    23.5302 -9.990e-29
 204.734508      1.193  40.561718    15.9210     6.7256      1.183    32.0997    23.5355 -9.990e-29
 204.734514      1.193  40.556113    15.9147     6.7127      1.183    32.0998    23.5370 -9.990e-29
 204.734520      1.193  40.546283    15.9122     6.7229      1.183    32.0932    23.5325 -9.990e-29
 204.734525      1.193  40.538594    15.9213     6.7356      1.183    32.0790    23.5196 -9.990e-29
 204.734531      1.193  40.540587    15.9357     6.7406      1.183    32.0691    23.5087 -9.990e-29
 204.734537      1.193  40.548602    15.9401     6.7364      1.183    32.0726    23.5105 -9.990e-29
 204.734543      1.193  40.546832    15.9313     6.7187      1.183    32.0782    23.5167 -9.990e-29
 204.734549      1.193  40.540062    15.9193     6.6970      1.183    32.0819    23.5222 -9.990e-29
 204.734554      1.193  40.537060    15.9126     6.6950      1.183    32.0847    23.5259 -9.990e-29
 204.734560      1.193  40.533111    15.9121     6.7076      1.183    32.0816    23.5236 -9.990e-29
 204.734566      1.193  40.532330    15.9157     6.7194      1.183    32.0780    23.5200 -9.990e-29
 204.734572      1.193  40.539693    15.9198     6.7084      1.183    32.0812    23.5216 -9.990e-29
 204.734578      1.194  40.547493    15.9193     6.7039      1.184    32.0885    23.5273 -9.990e-29
 204.734583      1.194  40.546359    15.9136     6.7154      1.184    32.0921    23.5313 -9.990e-29
 204.734589      1.194  40.536316    15.9082     6.7358      1.184    32.0876    23.5291 -9.990e-29
 204.734595      1.194  40.526251    15.9072     6.7324      1.184    32.0795    23.5231 -9.990e-29
 204.734601      1.195  40.524458    15.9095     6.7038      1.185    32.0761    23.5199 -9.990e-29
 204.734606      1.195  40.528397    15.9100     6.6941      1.185    32.0792    23.5222 -9.990e-29
 204.734612      1.196  40.526356    15.9055     6.7090      1.186    32.0810    23.5246 -9.990e-29
 204.734618      1.197  40.511542    15.9014     6.7286      1.187    32.0712    23.5180 -9.990e-29
 204.734624      1.198  40.498814    15.9022     6.7384      1.188    32.0594    23.5087 -9.990e-29
 204.734630      1.199  40.503564    15.9004     6.7301      1.189    32.0650    23.5135 -9.990e-29
 204.734635      1.201  40.509552    15.8861     6.7224      1.191    32.0819    23.5296 -9.990e-29
 204.734641      1.203  40.494345    15.8636     6.7293      1.193    32.0867    23.5383 -9.990e-29
 204.734647      1.206  40.461064    15.8515     6.7381      1.196    32.0671    23.5259 -9.990e-29
 204.734653      1.210  40.440857    15.8539     6.7359      1.200    32.0473    23.5102 -9.990e-29
 204.734659      1.214  40.450910    15.8567     6.7383      1.204    32.0539    23.5146 -9.990e-29
 204.734664      1.220  40.471405    15.8560     6.7493      1.210    32.0726    23.5291 -9.990e-29
 204.734670      1.224  40.484678    15.8562     6.7468      1.214    32.0841    23.5380 -9.990e-29
 204.734676      1.221  40.488661    15.8568     6.7485      1.211    32.0872    23.5402 -9.990e-29
 204.734682      1.215  40.485713    15.8551     6.7469      1.205    32.0859    23.5396 -9.990e-29
 204.734688      1.211  40.478484    15.8476     6.7432      1.201    32.0856    23.5411 -9.990e-29
 204.734693      1.209  40.467277    15.8319     6.7586      1.199    32.0884    23.5467 -9.990e-29
 204.734699      1.207  40.444849    15.8144     6.7685      1.197    32.0828    23.5463 -9.990e-29
 204.734705      1.206  40.419822    15.8051     6.7809      1.196    32.0682    23.5371 -9.990e-29
 204.734711      1.206  40.411360    15.8021     6.7775      1.196    32.0632    23.5339 -9.990e-29
 204.734716      1.206  40.409710    15.7968     6.7621      1.196    32.0660    23.5372 -9.990e-29
 204.734722      1.208  40.397390    15.7862     6.7558      1.198    32.0637    23.5378 -9.990e-29
 204.734728      1.210  40.378000    15.7771     6.7625      1.200    32.0539    23.5323 -9.990e-29
 204.734734      1.214  40.370938    15.7783     6.7716      1.204    32.0467    23.5265 -9.990e-29
 204.734740      1.219  40.385132    15.7845     6.7726      1.209    32.0542    23.5309 -9.990e-29
 204.734745      1.225  40.406848    15.7840     6.7707      1.215    32.0738    23.5461 -9.990e-29
 204.734751      1.234  40.425098    15.7748     6.7650      1.224    32.0975    23.5663 -9.990e-29
 204.734757      1.245  40.435487    15.7633     6.7627      1.235    32.1160    23.5831 -9.990e-29
 204.734763      1.255  40.429048    15.7589     6.7625      1.245    32.1139    23.5824 -9.990e-29
 204.734769      1.261  40.410279    15.7647     6.7551      1.250    32.0925    23.5648 -9.990e-29
 204.734774      1.262  40.396067    15.7740     6.7484      1.251    32.0724    23.5472 -9.990e-29
 204.734780      1.259  40.395469    15.7823     6.7524      1.248    32.0651    23.5398 -9.990e-29
 204.734786      1.256  40.402939    15.7892     6.7534      1.246    32.0661    23.5391 -9.990e-29
 204.734792      1.257  40.410401    15.7975     6.7397      1.247    32.0660    23.5371 -9.990e-29
 204.734797      1.262  40.420975    15.8085     6.7223      1.251    32.0665    23.5350 -9.990e-29
 204.734803      1.267  40.427921    15.8168     6.7142      1.256    32.0659    23.5327 -9.990e-29
 204.734809      1.265  40.423585    15.8206     6.7176      1.254    32.0590    23.5266 -9.990e-29
 204.734815      1.254  40.421701    15.8240     6.7310      1.244    32.0545    23.5224 -9.990e-29
 204.734821      1.242  40.428623    15.8299     6.7435      1.232    32.0559    23.5221 -9.990e-29
 204.734826      1.234  40.441147    15.8370     6.7513      1.224    32.0612    23.5246 -9.990e-29
 204.734832      1.228  40.454570    15.8431     6.7454      1.218    32.0681    23.5286 -9.990e-29
 204.734838      1.224  40.460908    15.8490     6.7257      1.214    32.0690    23.5279 -9.990e-29
 204.734844      1.223  40.463463    15.8548     6.7292      1.213    32.0665    23.5248 -9.990e-29
 204.734850      1.223  40.466102    15.8570     6.7402      1.213    32.0671    23.5247 -9.990e-29
 204.734855      1.225  40.464393    15.8529     6.7614      1.215    32.0689    23.5270 -9.990e-29
 204.734861      1.229  40.455396    15.8456     6.7628      1.219    32.0668    23.5271 -9.990e-29
 204.734867      1.236  40.444948    15.8407     6.7562      1.226    32.0616    23.5241 -9.990e-29
 204.734873      1.241  40.441993    15.8392     6.7429      1.231    32.0602    23.5234 -9.990e-29
 204.734878      1.240  40.444726    15.8401     6.7280      1.230    32.0619    23.5245 -9.990e-29
 204.734884      1.238  40.447719    15.8431     6.7383      1.228    32.0621    23.5240 -9.990e-29
 204.734890      1.240  40.451497    15.8471     6.7406      1.230    32.0622    23.5231 -9.990e-29
 204.734896      1.244  40.457072    15.8513     6.7338      1.234    32.0637    23.5234 -9.990e-29
 204.734902      1.251  40.465047    15.8558     6.7333      1.241    32.0671    23.5250 -9.990e-29
 204.734907      1.262  40.473623    15.8605     6.7284      1.251    32.0709    23.5268 -9.990e-29
 204.734913      1.278  40.478440    15.8644     6.7363      1.267    32.0719    23.5268 -9.990e-29
 204.734919      1.294  40.479652    15.8681     6.7411      1.283    32.0700    23.5245 -9.990e-29
 204.734925      1.304  40.480454    15.8722     6.7467      1.293    32.0674    23.5216 -9.990e-29
 204.734931      1.309  40.482931    15.8750     6.7411      1.298    32.0673    23.5209 -9.990e-29
 204.734936      1.312  40.483556    15.8756     6.7421      1.301    32.0674    23.5208 -9.990e-29
 204.734942      1.314  40.479699    15.8762     6.7411      1.303    32.0635    23.5177 -9.990e-29
 204.734948      1.320  40.479007    15.8782     6.7451      1.309    32.0613    23.5155 -9.990e-29
 204.734954      1.330  40.484377    15.8813     6.7262      1.319    32.0635    23.5165 -9.990e-29
 204.734959      1.335  40.489973    15.8843     6.7043      1.324    32.0660    23.5178 -9.990e-29
