data/oxygen options/ONMS/Olympic_Coast_National_Marine_Sanctuary_CTD_Data_2005_2023/raw_data/2015/CAST_MB015_150722faed.cnv
* Sea-Bird SBE 19 Data File:
* FileName = C:\2015 Mooring Data\Casts\CAST_MB015_150722.hex
* Software Version SeatermAF 2.1.2
* Temperature SN = 2997
* Conductivity SN = 2997
* System UpLoad Time = Jul 22 2015 21:01:56 (localtime) = Jul 22 2015 21:01:56 (UTC)
** CAST_MB015_150722
* ds
# nquan = 9                                 
# nvalues = 941                         
# units = specified
# name 0 = timeJ: Julian Days
# name 1 = prSM: Pressure, Strain Gauge [db]
# name 2 = c0mS/cm: Conductivity [mS/cm]
# name 3 = t090C: Temperature [ITS-90, deg C]
# name 4 = sbeox0ML/L: Oxygen, SBE 43 [ml/l]
# name 5 = depSM: Depth [salt water, m], lat = 47.5
# name 6 = sal00: Salinity, Practical [PSU]
# name 7 = sigma-é00: Density [sigma-theta, kg/m^3]
# name 8 = flag: flag
# span 0 = 203.837407, 203.842847       
# span 1 =     -4.931,     14.929       
# span 2 =   0.348231,  40.655297       
# span 3 =    11.1771,    18.0227       
# span 4 =    -1.6867,    11.9246       
# span 5 =     -4.890,     14.804       
# span 6 =     0.1950,    33.0364       
# span 7 =    -1.2468,    25.1449       
# span 8 = 0.0000e+00, 0.0000e+00       
# interval = seconds: 0.5
# start_time = Jul 22 2015 20:05:52 [Instrument's time stamp, header]
# bad_flag = -9.990e-29
*END*
[from data line 161]
 203.838339     -1.491   0.349924    17.7792    -1.6657     -1.479     0.1966    -1.2114 -9.990e-29
 203.838345     -1.480   0.349925    17.7912    -1.6656     -1.468     0.1965    -1.2136 -9.990e-29
 203.838351     -1.467   0.349926    17.8031    -1.6654     -1.455     0.1964    -1.2158 -9.990e-29
 203.838356     -1.452   0.349927    17.8140    -1.6655     -1.440     0.1964    -1.2178 -9.990e-29
 203.838362     -1.435   0.349928    17.8239    -1.6653     -1.423     0.1964    -1.2197 -9.990e-29
 203.838368     -1.417   0.349929    17.8330    -1.6650     -1.405     0.1963    -1.2214 -9.990e-29
 203.838374     -1.403   0.349929    17.8410    -1.6648     -1.391     0.1963    -1.2229 -9.990e-29
 203.838380     -1.391   0.349930    17.8467    -1.6645     -1.379     0.1963    -1.2239 -9.990e-29
 203.838385     -1.381   0.349931    17.8497    -1.6644     -1.369     0.1962    -1.2245 -9.990e-29
 203.838391     -1.372   0.349932    17.8515    -1.6642     -1.361     0.1962    -1.2248 -9.990e-29
 203.838397     -1.364   0.349933    17.8546    -1.6640     -1.353     0.1962    -1.2254 -9.990e-29
 203.838403     -1.351   0.349934    17.8585    -1.6640     -1.340     0.1962    -1.2262 -9.990e-29
 203.838409     -1.333   0.349935    17.8620    -1.6639     -1.322     0.1962    -1.2268 -9.990e-29
 203.838414     -1.318   0.349935    17.8666    -1.6635     -1.307     0.1962    -1.2277 -9.990e-29
 203.838420     -1.308   0.349936    17.8732    -1.6632     -1.297     0.1961    -1.2289 -9.990e-29
 203.838426     -1.298   0.349937    17.8806    -1.6631     -1.287     0.1961    -1.2303 -9.990e-29
 203.838432     -1.285   0.349939    17.8874    -1.6629     -1.274     0.1961    -1.2316 -9.990e-29
 203.838438     -1.271   0.349941    17.8931    -1.6631     -1.260     0.1961    -1.2326 -9.990e-29
 203.838443     -1.259   0.349947    17.8983    -1.6630     -1.248     0.1960    -1.2336 -9.990e-29
 203.838449     -1.249   0.349961    17.9030    -1.6627     -1.239     0.1960    -1.2345 -9.990e-29
 203.838455     -1.240   0.350003    17.9075    -1.6624     -1.230     0.1960    -1.2353 -9.990e-29
 203.838461     -1.232   0.350127    17.9134    -1.6622     -1.222     0.1961    -1.2364 -9.990e-29
 203.838466     -1.224   0.350498    17.9211    -1.6619     -1.214     0.1962    -1.2376 -9.990e-29
 203.838472     -1.216   0.351054    17.9282    -1.6618     -1.206     0.1965    -1.2387 -9.990e-29
 203.838478     -1.207   0.351424    17.9334    -1.6618     -1.197     0.1967    -1.2395 -9.990e-29
 203.838484     -1.197   0.351545    17.9364    -1.6622     -1.187     0.1968    -1.2401 -9.990e-29
 203.838490     -1.184   0.351578    17.9384    -1.6623     -1.174     0.1968    -1.2404 -9.990e-29
 203.838495     -1.169   0.351565    17.9419    -1.6621     -1.159     0.1968    -1.2411 -9.990e-29
 203.838501     -1.153   0.351488    17.9480    -1.6622     -1.143     0.1967    -1.2423 -9.990e-29
 203.838507     -1.142   0.351244    17.9557    -1.6624     -1.132     0.1965    -1.2438 -9.990e-29
 203.838513     -1.129   0.351060    17.9635    -1.6623     -1.120     0.1964    -1.2454 -9.990e-29
 203.838519     -1.114   0.351246    17.9694    -1.6624     -1.105     0.1965    -1.2464 -9.990e-29
 203.838524     -1.100   0.351494    17.9722    -1.6628     -1.091     0.1966    -1.2468 -9.990e-29
 203.838530     -1.087   0.351577    17.9710    -1.6629     -1.078     0.1966    -1.2466 -9.990e-29
 203.838536     -1.073   0.351605    17.9674    -1.6627     -1.064     0.1967    -1.2459 -9.990e-29
 203.838542     -1.057   0.351615    17.9648    -1.6627     -1.048     0.1967    -1.2454 -9.990e-29
 203.838547     -1.044   0.351619    17.9640    -1.6629     -1.035     0.1967    -1.2452 -9.990e-29
 203.838553     -1.036   0.351621    17.9625    -1.6628     -1.027     0.1967    -1.2449 -9.990e-29
 203.838559     -1.028   0.351623    17.9604    -1.6626     -1.019     0.1967    -1.2445 -9.990e-29
 203.838565     -1.016   0.351625    17.9585    -1.6624     -1.008     0.1967    -1.2442 -9.990e-29
 203.838571     -1.003   0.351631    17.9549    -1.6623     -0.995     0.1967    -1.2435 -9.990e-29
 203.838576     -0.993   0.351646    17.9499    -1.6622     -0.985     0.1968    -1.2425 -9.990e-29
 203.838582     -0.984   0.351688    17.9468    -1.6619     -0.976     0.1968    -1.2419 -9.990e-29
 203.838588     -0.978   0.351812    17.9464    -1.6620     -0.970     0.1969    -1.2418 -9.990e-29
 203.838594     -0.972   0.352183    17.9465    -1.6620     -0.964     0.1971    -1.2417 -9.990e-29
 203.838600     -0.967   0.352739    17.9466    -1.6620     -0.959     0.1974    -1.2414 -9.990e-29
 203.838605     -0.962   0.353110    17.9483    -1.6618     -0.954     0.1976    -1.2416 -9.990e-29
 203.838611     -0.958   0.353236    17.9521    -1.6615     -0.950     0.1977    -1.2423 -9.990e-29
 203.838617     -0.953   0.353284    17.9568    -1.6609     -0.945     0.1977    -1.2431 -9.990e-29
 203.838623     -0.947   0.353315    17.9614    -1.6604     -0.939     0.1977    -1.2440 -9.990e-29
 203.838628     -0.941   0.353370    17.9659    -1.6601     -0.933     0.1977    -1.2448 -9.990e-29
 203.838634     -0.934   0.353521    17.9695    -1.6595     -0.926     0.1978    -1.2454 -9.990e-29
 203.838640     -0.924   0.353970    17.9711    -1.6592     -0.916     0.1980    -1.2455 -9.990e-29
 203.838646     -0.913   0.354756    17.9720    -1.6586     -0.905     0.1984    -1.2453 -9.990e-29
 203.838652     -0.898   0.355816    17.9746    -1.6589     -0.891     0.1990    -1.2454 -9.990e-29
 203.838657     -0.884   0.357452    17.9800    -1.6592     -0.877     0.1999    -1.2457 -9.990e-29
 203.838663     -0.874   0.360179    17.9888    -1.6603     -0.867     0.2014    -1.2461 -9.990e-29
 203.838669     -0.862   0.364857    18.0000    -1.6608     -0.855     0.2041    -1.2462 -9.990e-29
 203.838675     -0.848   0.373283    18.0102    -1.6611     -0.841     0.2088    -1.2445 -9.990e-29
 203.838681     -0.839   0.387810    18.0179    -1.6619     -0.832     0.2170    -1.2396 -9.990e-29
 203.838686     -0.836   0.410043    18.0227    -1.6625     -0.829     0.2297    -1.2307 -9.990e-29
 203.838692     -0.829   0.442423    18.0217    -1.6627     -0.822     0.2483    -1.2163 -9.990e-29
 203.838698     -0.818   0.490377    18.0103    -1.6631     -0.811     0.2759    -1.1929 -9.990e-29
 203.838704     -0.806   0.561221    17.9866    -1.6630     -0.799     0.3171    -1.1568 -9.990e-29
 203.838709     -0.793   0.657819    17.9559    -1.6630     -0.786     0.3739    -1.1076 -9.990e-29
 203.838715     -0.783   0.768517    17.9266    -1.6631     -0.776     0.4394    -1.0518 -9.990e-29
 203.838721     -0.777   0.863262    17.9040    -1.6633     -0.771     0.4960    -1.0042 -9.990e-29
 203.838727     -0.778   0.918481    17.8860    -1.6635     -0.772     0.5293    -0.9754 -9.990e-29
 203.838733     -0.779   0.939509    17.8677    -1.6634     -0.773     0.5421    -0.9622 -9.990e-29
 203.838738     -0.778   0.943831    17.8506    -1.6634     -0.772     0.5449    -0.9569 -9.990e-29
 203.838744     -0.773   0.946649    17.8377    -1.6637     -0.767     0.5468    -0.9531 -9.990e-29
 203.838750     -0.765   0.954496    17.8288    -1.6640     -0.759     0.5516    -0.9477 -9.990e-29
 203.838756     -0.757   0.964507    17.8227    -1.6644     -0.751     0.5577    -0.9419 -9.990e-29
 203.838762     -0.754   0.974485    17.8167    -1.6648     -0.748     0.5638    -0.9361 -9.990e-29
 203.838767     -0.754   0.987182    17.8087    -1.6651     -0.748     0.5716    -0.9287 -9.990e-29
 203.838773     -0.758   1.006759    17.8001    -1.6654     -0.752     0.5835    -0.9180 -9.990e-29
 203.838779     -0.763   1.031555    17.7936    -1.6663     -0.757     0.5986    -0.9052 -9.990e-29
 203.838785     -0.758   1.054656    17.7894    -1.6665     -0.752     0.6126    -0.8937 -9.990e-29
 203.838791     -0.746   1.071328    17.7832    -1.6664     -0.740     0.6228    -0.8847 -9.990e-29
 203.838796     -0.732   1.083809    17.7726    -1.6666     -0.726     0.6305    -0.8768 -9.990e-29
 203.838802     -0.721   1.099300    17.7601    -1.6679     -0.715     0.6401    -0.8672 -9.990e-29
 203.838808     -0.712   1.119021    17.7483    -1.6686     -0.706     0.6523    -0.8557 -9.990e-29
 203.838814     -0.704   1.134288    17.7375    -1.6694     -0.698     0.6617    -0.8464 -9.990e-29
 203.838819     -0.697   1.139912    17.7266    -1.6704     -0.691     0.6653    -0.8417 -9.990e-29
 203.838825     -0.690   1.139506    17.7136    -1.6712     -0.684     0.6653    -0.8393 -9.990e-29
 203.838831     -0.683   1.136971    17.6999    -1.6719     -0.677     0.6639    -0.8379 -9.990e-29
 203.838837     -0.675   1.133369    17.6902    -1.6724     -0.669     0.6619    -0.8376 -9.990e-29
 203.838843     -0.667   1.128893    17.6820    -1.6726     -0.661     0.6593    -0.8381 -9.990e-29
 203.838848     -0.656   1.124795    17.6669    -1.6731     -0.651     0.6570    -0.8371 -9.990e-29
 203.838854     -0.644   1.123384    17.6436    -1.6738     -0.639     0.6566    -0.8332 -9.990e-29
 203.838860     -0.628   1.124445    17.6187    -1.6738     -0.623     0.6576    -0.8279 -9.990e-29
 203.838866     -0.609   1.124396    17.5943    -1.6735     -0.604     0.6579    -0.8232 -9.990e-29
 203.838872     -0.588   1.120394    17.5695    -1.6732     -0.583     0.6559    -0.8203 -9.990e-29
 203.838877     -0.570   1.113212    17.5457    -1.6731     -0.565     0.6519    -0.8190 -9.990e-29
 203.838883     -0.552   1.106600    17.5248    -1.6732     -0.547     0.6482    -0.8181 -9.990e-29
 203.838889     -0.534   1.103402    17.5086    -1.6734     -0.530     0.6465    -0.8165 -9.990e-29
 203.838895     -0.514   1.102687    17.4954    -1.6732     -0.510     0.6462    -0.8143 -9.990e-29
 203.838900     -0.496   1.102946    17.4823    -1.6728     -0.492     0.6466    -0.8116 -9.990e-29
 203.838906     -0.483   1.104526    17.4726    -1.6727     -0.479     0.6477    -0.8090 -9.990e-29
 203.838912     -0.473   1.105647    17.4717    -1.6727     -0.469     0.6484    -0.8083 -9.990e-29
 203.838918     -0.467   1.101141    17.4780    -1.6729     -0.463     0.6455    -0.8117 -9.990e-29
 203.838924     -0.463   1.088886    17.4844    -1.6735     -0.459     0.6380    -0.8186 -9.990e-29
 203.838929     -0.462   1.074196    17.4866    -1.6739     -0.458     0.6289    -0.8259 -9.990e-29
 203.838935     -0.463   1.066358    17.4860    -1.6740     -0.459     0.6242    -0.8295 -9.990e-29
 203.838941     -0.463   1.068247    17.4878    -1.6742     -0.459     0.6253    -0.8290 -9.990e-29
 203.838947     -0.456   1.070722    17.4945    -1.6743     -0.452     0.6267    -0.8291 -9.990e-29
 203.838953     -0.448   1.063759    17.5025    -1.6744     -0.444     0.6223    -0.8339 -9.990e-29
 203.838958     -0.441   1.048069    17.5062    -1.6740     -0.437     0.6127    -0.8419 -9.990e-29
 203.838964     -0.435   1.032712    17.5034    -1.6735     -0.431     0.6034    -0.8486 -9.990e-29
 203.838970     -0.430   1.027750    17.4953    -1.6734     -0.426     0.6005    -0.8494 -9.990e-29
 203.838976     -0.425   1.034343    17.4854    -1.6735     -0.421     0.6047    -0.8444 -9.990e-29
 203.838981     -0.421   1.041292    17.4780    -1.6734     -0.417     0.6090    -0.8397 -9.990e-29
 203.838987     -0.416   1.038431    17.4741    -1.6734     -0.413     0.6073    -0.8403 -9.990e-29
 203.838993     -0.411   1.025834    17.4722    -1.6733     -0.408     0.5997    -0.8458 -9.990e-29
 203.838999     -0.406   1.009467    17.4720    -1.6734     -0.403     0.5897    -0.8534 -9.990e-29
 203.839005     -0.399   0.995268    17.4755    -1.6737     -0.396     0.5810    -0.8607 -9.990e-29
 203.839010     -0.395   0.985405    17.4834    -1.6740     -0.392     0.5749    -0.8669 -9.990e-29
 203.839016     -0.398   0.977833    17.4920    -1.6739     -0.395     0.5702    -0.8720 -9.990e-29
 203.839022     -0.403   0.970228    17.4967    -1.6736     -0.400     0.5655    -0.8765 -9.990e-29
 203.839028     -0.407   0.963554    17.4982    -1.6734     -0.404     0.5615    -0.8799 -9.990e-29
 203.839034     -0.410   0.960573    17.4996    -1.6731     -0.407     0.5596    -0.8815 -9.990e-29
 203.839039     -0.413   0.961198    17.5014    -1.6728     -0.410     0.5600    -0.8816 -9.990e-29
 203.839045     -0.414   0.961265    17.5019    -1.6726     -0.411     0.5600    -0.8816 -9.990e-29
 203.839051     -0.415   0.958088    17.4996    -1.6726     -0.412     0.5581    -0.8827 -9.990e-29
 203.839057     -0.416   0.953538    17.4947    -1.6727     -0.413     0.5554    -0.8839 -9.990e-29
 203.839063     -0.416   0.950987    17.4914    -1.6728     -0.413     0.5539    -0.8844 -9.990e-29
 203.839068     -0.416   0.950922    17.4936    -1.6732     -0.413     0.5539    -0.8849 -9.990e-29
 203.839074     -0.415   0.949370    17.5005    -1.6736     -0.412     0.5528    -0.8869 -9.990e-29
 203.839080     -0.413   0.942596    17.5095    -1.6741     -0.410     0.5486    -0.8918 -9.990e-29
 203.839086     -0.411   0.931562    17.5190    -1.6744     -0.408     0.5418    -0.8987 -9.990e-29
 203.839091     -0.404   0.920432    17.5275    -1.6747     -0.401     0.5350    -0.9055 -9.990e-29
 203.839097     -0.388   0.912690    17.5329    -1.6747     -0.385     0.5302    -0.9101 -9.990e-29
 203.839103     -0.365   0.909119    17.5344    -1.6748     -0.362     0.5280    -0.9121 -9.990e-29
 203.839109     -0.338   0.908288    17.5326    -1.6748     -0.335     0.5276    -0.9121 -9.990e-29
 203.839115     -0.310   0.907979    17.5273    -1.6742     -0.307     0.5274    -0.9112 -9.990e-29
 203.839120     -0.287   0.906670    17.5185    -1.6734     -0.285     0.5268    -0.9102 -9.990e-29
 203.839126     -0.269   0.904282    17.5077    -1.6726     -0.267     0.5255    -0.9092 -9.990e-29
 203.839132     -0.250   0.901517    17.4967    -1.6724     -0.248     0.5239    -0.9084 -9.990e-29
 203.839138     -0.232   0.898576    17.4871    -1.6727     -0.230     0.5223    -0.9080 -9.990e-29
 203.839144     -0.220   0.894868    17.4808    -1.6731     -0.218     0.5201    -0.9085 -9.990e-29
 203.839149     -0.212   0.890446    17.4786    -1.6743     -0.210     0.5175    -0.9101 -9.990e-29
 203.839155     -0.208   0.886077    17.4802    -1.6759     -0.206     0.5148    -0.9124 -9.990e-29
 203.839161     -0.207   0.881489    17.4869    -1.6768     -0.205     0.5119    -0.9158 -9.990e-29
 203.839167     -0.209   0.876117    17.5006    -1.6779     -0.207     0.5085    -0.9209 -9.990e-29
 203.839172     -0.211   0.870570    17.5190    -1.6784     -0.209     0.5050    -0.9270 -9.990e-29
 203.839178     -0.208   0.865783    17.5349    -1.6792     -0.206     0.5019    -0.9322 -9.990e-29
 203.839184     -0.204   0.862033    17.5407    -1.6799     -0.202     0.4996    -0.9351 -9.990e-29
 203.839190     -0.203   0.859318    17.5343    -1.6804     -0.201     0.4980    -0.9351 -9.990e-29
 203.839196     -0.205   0.857905    17.5165    -1.6806     -0.203     0.4974    -0.9324 -9.990e-29
 203.839201     -0.207   0.857575    17.4873    -1.6809     -0.205     0.4975    -0.9270 -9.990e-29
 203.839207     -0.203   0.857334    17.4524    -1.6818     -0.201     0.4978    -0.9205 -9.990e-29
 203.839213     -0.199   0.856306    17.4199    -1.6825     -0.197     0.4976    -0.9149 -9.990e-29
 203.839219     -0.197   0.853676    17.3924    -1.6830     -0.195     0.4963    -0.9109 -9.990e-29
 203.839225     -0.198   0.848712    17.3688    -1.6833     -0.196     0.4936    -0.9088 -9.990e-29
 203.839230     -0.197   0.842014    17.3471    -1.6838     -0.195     0.4898    -0.9078 -9.990e-29
 203.839236     -0.191   0.836311    17.3273    -1.6841     -0.189     0.4866    -0.9067 -9.990e-29
 203.839242     -0.182   0.834545    17.3116    -1.6840     -0.180     0.4857    -0.9046 -9.990e-29
 203.839248     -0.176   0.836583    17.2993    -1.6836     -0.175     0.4870    -0.9014 -9.990e-29
 203.839253     -0.171   0.839036    17.2853    -1.6835     -0.170     0.4887    -0.8976 -9.990e-29
