data/oxygen options/ONMS/Olympic_Coast_National_Marine_Sanctuary_CTD_Data_2005_2023/raw_data/2015/CAST_MB042_150526faed.cnv
* Sea-Bird SBE19 Data File:
* FileName = C:\2015 Mooring Data\Casts\CAST_MB042_150526.hex
* Software Version 1.59
* Temperature SN = 2997
* Conductivity SN = 2997
* System UpLoad Time = May 26 2015 20:46:54
** CAST_MB042_150526
* ds
# nquan = 9                                 
# nvalues = 1097                        
# units = specified
# name 0 = timeJ: Julian Days
# name 1 = prSM: Pressure, Strain Gauge [db]
# name 2 = c0mS/cm: Conductivity [mS/cm]
# name 3 = t090C: Temperature [ITS-90, deg C]
# name 4 = sbeox0ML/L: Oxygen, SBE 43 [ml/l]
# name 5 = depSM: Depth [salt water, m], lat = 47.5
# name 6 = sal00: Salinity, Practical [PSU]
# name 7 = sigma-é00: Density [sigma-theta, kg/m^3]
# name 8 = flag: flag
# span 0 = 146.856204, 146.862546       
# span 1 =     -5.472,     41.739       
# span 2 =   0.000558,  36.591931       
# span 3 =     7.4422,    17.0314       
# span 4 =   -10.1893,    13.0597       
# span 5 =     -5.426,     41.386       
# span 6 =     0.0085,    33.7595       
# span 7 =    -1.2226,    26.3793       
# span 8 = 0.0000e+00, 0.0000e+00       
# interval = seconds: 0.5
# start_time = May 26 2015 20:32:56 [Instrument's time stamp, header]
# bad_flag = -9.990e-29
*END*
[from data line 961]
 146.861765     11.378  34.780250     9.4977     5.2753     11.283    32.0737    24.7495 0.0000e+00
 146.861771     11.236  34.773631     9.4976     5.3025     11.142    32.0671    24.7444 0.0000e+00
 146.861777     11.095  34.768756     9.4996     5.3183     11.002    32.0604    24.7388 0.0000e+00
 146.861782     10.950  34.766466     9.5024     5.3434     10.858    32.0556    24.7346 0.0000e+00
 146.861788     10.800  34.765618     9.5043     5.3538     10.710    32.0531    24.7323 0.0000e+00
 146.861794     10.659  34.766263     9.5072     5.3657     10.570    32.0512    24.7304 0.0000e+00
 146.861800     10.528  34.770160     9.5158     5.3753     10.440    32.0476    24.7262 0.0000e+00
 146.861806     10.401  34.777685     9.5280     5.3798     10.314    32.0444    24.7218 0.0000e+00
 146.861811     10.276  34.784134     9.5381     5.3854     10.190    32.0421    24.7183 -9.990e-29
 146.861817     10.157  34.786529     9.5457     5.3896     10.072    32.0378    24.7137 -9.990e-29
 146.861823     10.033  34.788263     9.5525     5.3895      9.949    32.0335    24.7093 -9.990e-29
 146.861829      9.907  34.791285     9.5574     5.3880      9.824    32.0323    24.7076 -9.990e-29
 146.861834      9.783  34.794216     9.5602     5.3871      9.701    32.0329    24.7076 -9.990e-29
 146.861840      9.662  34.796676     9.5626     5.3941      9.581    32.0333    24.7075 -9.990e-29
 146.861846      9.540  34.798219     9.5656     5.4057      9.460    32.0322    24.7062 -9.990e-29
 146.861852      9.414  34.799415     9.5691     5.4110      9.335    32.0304    24.7042 0.0000e+00
 146.861858      9.288  34.802057     9.5727     5.4189      9.210    32.0299    24.7033 -9.990e-29
 146.861863      9.164  34.804818     9.5761     5.4263      9.087    32.0298    24.7026 -9.990e-29
 146.861869      9.038  34.805970     9.5801     5.4281      8.962    32.0274    24.7001 0.0000e+00
 146.861875      8.909  34.807808     9.5851     5.4271      8.834    32.0249    24.6973 0.0000e+00
 146.861881      8.779  34.811858     9.5907     5.4440      8.706    32.0241    24.6958 0.0000e+00
 146.861887      8.652  34.816990     9.5954     5.4479      8.580    32.0252    24.6959 -9.990e-29
 146.861892      8.529  34.821272     9.5982     5.4705      8.458    32.0271    24.6970 -9.990e-29
 146.861898      8.406  34.823324     9.5994     5.4928      8.336    32.0282    24.6976 -9.990e-29
 146.861904      8.288  34.824396     9.6002     5.4994      8.219    32.0286    24.6978 -9.990e-29
 146.861910      8.176  34.826117     9.6020     5.5058      8.108    32.0288    24.6977 -9.990e-29
 146.861916      8.067  34.830417     9.6061     5.5075      8.000    32.0296    24.6976 -9.990e-29
 146.861921      7.959  34.837618     9.6154     5.5249      7.892    32.0287    24.6954 -9.990e-29
 146.861927      7.844  34.845183     9.6310     5.5899      7.778    32.0226    24.6881 -9.990e-29
 146.861933      7.725  34.853866     9.6464     5.6798      7.660    32.0178    24.6819 -9.990e-29
 146.861939      7.601  34.865349     9.6572     5.7987      7.537    32.0199    24.6818 -9.990e-29
 146.861944      7.470  34.879445     9.6667     5.9228      7.408    32.0259    24.6849 0.0000e+00
 146.861950      7.336  34.895523     9.6819     6.0201      7.275    32.0288    24.6848 0.0000e+00
 146.861956      7.203  34.916155     9.7073     6.0866      7.143    32.0272    24.6794 0.0000e+00
 146.861962      7.072  34.953911     9.7438     6.1177      7.013    32.0332    24.6782 0.0000e+00
 146.861968      6.942  35.021765     9.7922     6.1135      6.884    32.0592    24.6906 0.0000e+00
 146.861973      6.814  35.095447     9.8469     6.1422      6.757    32.0854    24.7022 0.0000e+00
 146.861979      6.688  35.130423     9.9002     6.1783      6.632    32.0736    24.6842 -9.990e-29
 146.861985      6.565  35.139332     9.9509     6.2345      6.510    32.0376    24.6478 -9.990e-29
 146.861991      6.441  35.156687     9.9987     6.2839      6.387    32.0128    24.6206 -9.990e-29
 146.861997      6.313  35.183410    10.0412     6.3254      6.260    32.0023    24.6054 0.0000e+00
 146.862002      6.180  35.217209    10.0779     6.3747      6.128    32.0040    24.6006 0.0000e+00
 146.862008      6.044  35.245602    10.1177     6.4341      5.993    31.9975    24.5890 0.0000e+00
 146.862014      5.909  35.265160    10.1699     6.4949      5.860    31.9712    24.5597 0.0000e+00
 146.862020      5.778  35.293193    10.2275     6.5223      5.730    31.9486    24.5326 0.0000e+00
 146.862025      5.647  35.338124    10.2845     6.5337      5.600    31.9437    24.5191 0.0000e+00
 146.862031      5.513  35.397832    10.3371     6.5436      5.467    31.9573    24.5210 0.0000e+00
 146.862037      5.376  35.442793    10.3775     6.5608      5.331    31.9669    24.5217 0.0000e+00
 146.862043      5.235  35.459713    10.4121     6.5991      5.191    31.9535    24.5054 0.0000e+00
 146.862049      5.090  35.473042    10.4496     6.6197      5.047    31.9340    24.4838 0.0000e+00
 146.862054      4.940  35.492907    10.4859     6.5971      4.899    31.9221    24.4684 0.0000e+00
 146.862060      4.785  35.519086    10.5159     6.5888      4.745    31.9220    24.4632 0.0000e+00
 146.862066      4.623  35.552489    10.5432     6.5950      4.584    31.9315    24.4659 0.0000e+00
 146.862072      4.456  35.586273    10.5798     6.6279      4.419    31.9332    24.4610 0.0000e+00
 146.862078      4.287  35.622514    10.6365     6.6379      4.251    31.9198    24.4409 0.0000e+00
 146.862083      4.114  35.672730    10.7054     6.6183      4.080    31.9096    24.4211 0.0000e+00
 146.862089      3.934  35.721091    10.7604     6.6005      3.901    31.9097    24.4117 0.0000e+00
 146.862095      3.744  35.738085    10.7895     6.5818      3.713    31.9012    24.4001 0.0000e+00
 146.862101      3.545  35.732007    10.8071     6.6238      3.515    31.8800    24.3805 0.0000e+00
 146.862106      3.342  35.728612    10.8248     6.6842      3.314    31.8613    24.3629 0.0000e+00
 146.862112      3.143  35.733111    10.8444     6.7246      3.117    31.8488    24.3498 0.0000e+00
 146.862118      2.957  35.744978    10.8670     6.7125      2.932    31.8409    24.3398 0.0000e+00
 146.862124      2.784  35.762858    10.8874     6.6869      2.761    31.8410    24.3362 0.0000e+00
 146.862130      2.618  35.777714    10.9004     6.6469      2.596    31.8444    24.3367 0.0000e+00
 146.862135      2.453  35.785449    10.9109     6.6186      2.433    31.8430    24.3338 0.0000e+00
 146.862141      2.292  35.790975    10.9257     6.5531      2.273    31.8357    24.3255 0.0000e+00
 146.862147      2.135  35.797941    10.9462     6.4778      2.117    31.8249    24.3135 0.0000e+00
 146.862153      1.988  35.810231    10.9698     7.6083      1.971    31.8166    24.3029 0.0000e+00
 146.862159      1.852  35.829298    10.9951     7.6687      1.837    31.8136    24.2961 0.0000e+00
 146.862164      1.724  35.847126    11.0269     7.6644      1.710    31.8036    24.2829 -9.990e-29
 146.862170      1.600  35.855172    11.0692     7.4800      1.587    31.7750    24.2532 -9.990e-29
 146.862176      1.480  35.849230    11.1118     7.1173      1.468    31.7324    24.2126 -9.990e-29
 146.862182      1.366  35.817100    11.1463     6.6826      1.355    31.6712    24.1589 -9.990e-29
 146.862188      1.259  35.717835    11.1809     6.3511      1.248    31.5441    24.0540 -9.990e-29
 146.862193      1.160  35.440038    11.2148     6.1414      1.150    31.2429    23.8140 -9.990e-29
 146.862199      1.072  34.681927    11.2322     5.9586      1.063    30.4876    23.2240 -9.990e-29
 146.862205      0.997  32.542233    11.2292     5.8693      0.989    28.4130    21.6133 -9.990e-29
 146.862211      0.940  26.255145    11.2135     5.8588      0.932    22.4349    16.9796 -9.990e-29
 146.862216      0.897  16.739014    11.1912     5.8278      0.890    13.7292    10.2429 -9.990e-29
 146.862222      0.857  10.019672    11.1683     5.8319      0.850     7.8835     5.7204 -9.990e-29
 146.862228      0.816   7.166293    11.1499     5.8497      0.809     5.5012     3.8758 -9.990e-29
 146.862234      0.782   5.687380    11.1357     5.8364      0.775     4.2969     2.9427 -9.990e-29
 146.862240      0.756   4.908158    11.1225     5.8213      0.750     3.6727     2.4593 -9.990e-29
 146.862245      0.736   4.482894    11.1097     5.8373      0.730     3.3356     2.1987 -9.990e-29
 146.862251      0.722   4.043735    11.0980     5.8318      0.716     2.9899     1.9311 -9.990e-29
 146.862257      0.712   3.697513    11.0868     5.8411      0.706     2.7193     1.7218 -9.990e-29
 146.862263      0.705   3.626029    11.0750     5.8525      0.699     2.6643     1.6803 -9.990e-29
 146.862269      0.702   3.473787    11.0625     5.8626      0.696     2.5466     1.5900 -9.990e-29
 146.862274      0.702   3.164040    11.0485     5.8714      0.696     2.3072     1.4051 -9.990e-29
 146.862280      0.705   2.947695    11.0321     5.8726      0.699     2.1413     1.2776 -9.990e-29
 146.862286      0.711   2.769282    11.0146     5.8665      0.705     2.0053     1.1735 -9.990e-29
 146.862292      0.717   2.636067    10.9972     5.8767      0.711     1.9043     1.0966 -9.990e-29
 146.862297      0.717   2.722309    10.9805     5.8671      0.711     1.9711     1.1505 -9.990e-29
 146.862303      0.718   2.886192    10.9666    -7.4470      0.712     2.0977     1.2507 -9.990e-29
 146.862309      0.723   2.917098    10.9580   -10.1893      0.717     2.1220     1.2705 -9.990e-29
 146.862315      0.728   2.831243    10.9565   -10.1856      0.722     2.0560     1.2192 -9.990e-29
 146.862321      0.729   2.618683    10.9610    -7.4255      0.723     1.8929     1.0915 -9.990e-29
 146.862326      0.726   2.323423    10.9688    -1.9131      0.720     1.6677     0.9151 -9.990e-29
 146.862332      0.719   2.075390    10.9796    -1.9134      0.713     1.4800     0.7675 -9.990e-29
 146.862338      0.712   1.920703    10.9907    -1.9140      0.706     1.3636     0.6755 -9.990e-29
 146.862344      0.709   1.824843    10.9982    -1.9143      0.703     1.2918     0.6186 -9.990e-29
 146.862350      0.709   1.729469    11.0028    -1.9140      0.703     1.2207     0.5627 -9.990e-29
 146.862355      0.709   1.630785    11.0071    -1.9145      0.703     1.1474     0.5050 -9.990e-29
 146.862361      0.703   1.562249    11.0106    -1.9151      0.697     1.0967     0.4650 -9.990e-29
 146.862367      0.696   1.513613    11.0118    -1.9153      0.690     1.0609     0.4369 -9.990e-29
 146.862373      0.692   1.455598    11.0116    -1.9156      0.686     1.0182     0.4036 -9.990e-29
 146.862378      0.690   1.388086    11.0118    -1.9159      0.684     0.9687     0.3649 -9.990e-29
 146.862384      0.695   1.323300    11.0126    -1.9155      0.689     0.9214     0.3277 -9.990e-29
 146.862390      0.707   1.268759    11.0134    -1.9156      0.701     0.8816     0.2966 -9.990e-29
 146.862396      0.718   1.219528    11.0139    -1.9156      0.712     0.8458     0.2685 -9.990e-29
 146.862402      0.729   1.172748    11.0133    -1.9156      0.723     0.8118     0.2421 -9.990e-29
 146.862407      0.740   1.140495    11.0108    -1.9157      0.734     0.7885     0.2241 -9.990e-29
 146.862413      0.749   1.123100    11.0083    -1.9156      0.743     0.7760     0.2146 -9.990e-29
 146.862419      0.754   1.102932    11.0078    -1.9157      0.748     0.7615     0.2032 -9.990e-29
 146.862425      0.758   1.072545    11.0081    -1.9158      0.752     0.7395     0.1860 -9.990e-29
 146.862431      0.760   1.038093    11.0086    -1.9159      0.754     0.7147     0.1666 -9.990e-29
 146.862436      0.755   1.008640    11.0094    -1.9159      0.749     0.6935     0.1499 -9.990e-29
 146.862442      0.744   0.991581    11.0101    -1.9157      0.738     0.6813     0.1402 -9.990e-29
 146.862448      0.734   0.986397    11.0113    -1.9157      0.728     0.6775     0.1372 -9.990e-29
 146.862454      0.730   0.983955    11.0131    -1.9157      0.724     0.6757     0.1356 -9.990e-29
 146.862459      0.730   0.977116    11.0148    -1.9157      0.724     0.6708     0.1316 -9.990e-29
 146.862465      0.731   0.967876    11.0167    -1.9155      0.725     0.6641     0.1262 -9.990e-29
 146.862471      0.728   0.958916    11.0193    -1.9155      0.722     0.6577     0.1208 -9.990e-29
 146.862477      0.726   0.946070    11.0222    -1.9153      0.720     0.6484     0.1133 -9.990e-29
 146.862483      0.728   0.926126    11.0251    -1.9153      0.722     0.6341     0.1018 -9.990e-29
 146.862488      0.735   0.903096    11.0279    -1.9154      0.729     0.6176     0.0886 -9.990e-29
 146.862494      0.743   0.884046    11.0309 -9.990e-29      0.737     0.6040     0.0776 -9.990e-29
 146.862500      0.748   0.872964    11.0339 -9.990e-29      0.742     0.5961     0.0711 -9.990e-29
 146.862506      0.750   0.866157    11.0369 -9.990e-29      0.744     0.5912     0.0670 -9.990e-29
 146.862512      0.746   0.857326    11.0399 -9.990e-29      0.740     0.5848     0.0617 -9.990e-29
 146.862517      0.735   0.845251    11.0423 -9.990e-29      0.729     0.5762     0.0547 -9.990e-29
 146.862523      0.725   0.834382    11.0442 -9.990e-29      0.719     0.5685     0.0485 -9.990e-29
 146.862529      0.719   0.829669    11.0467 -9.990e-29      0.713     0.5651     0.0456 -9.990e-29
 146.862535      0.717   0.828713    11.0498 -9.990e-29      0.711     0.5644     0.0447 -9.990e-29
 146.862541      0.719   0.823575    11.0513 -9.990e-29      0.713     0.5607     0.0416 -9.990e-29
 146.862546      0.721   0.812403 -9.990e-29 -9.990e-29      0.715 -9.990e-29 -9.990e-29 -9.990e-29
