data/oxygen options/ONMS/Olympic_Coast_National_Marine_Sanctuary_CTD_Data_2005_2023/raw_data/2015/CAST_KL050_150529faed.cnv
* Sea-Bird SBE19 Data File:
* FileName = C:\2015 Mooring Data\Casts\CAST_KL050_150529.hex
* Software Version 1.59
* Temperature SN = 2997
* Conductivity SN = 2997
* System UpLoad Time = May 29 2015 00:27:32
** CAST_KL050_150529
* ds
# nquan = 9                                 
# nvalues = 1455                        
# units = specified
# name 0 = timeJ: Julian Days
# name 1 = prSM: Pressure, Strain Gauge [db]
# name 2 = c0mS/cm: Conductivity [mS/cm]
# name 3 = t090C: Temperature [ITS-90, deg C]
# name 4 = sbeox0ML/L: Oxygen, SBE 43 [ml/l]
# name 5 = depSM: Depth [salt water, m], lat = 47.5
# name 6 = sal00: Salinity, Practical [PSU]
# name 7 = sigma-é00: Density [sigma-theta, kg/m^3]
# name 8 = flag: flag
# span 0 = 149.009583, 149.017998       
# span 1 =     -4.927,     50.843       
# span 2 =   0.175426,  36.936483       
# span 3 =     7.7233,    12.3341       
# span 4 =    -1.8795,    15.3298       
# span 5 =     -4.886,     50.412       
# span 6 =     0.1111,    33.5650       
# span 7 =    -0.4511,    26.1877       
# span 8 = 0.0000e+00, 0.0000e+00       
# interval = seconds: 0.5
# start_time = May 29 2015 00:13:48 [Instrument's time stamp, header]
# bad_flag = -9.990e-29
*END*
[from data line 481]
 149.012367      0.241   0.177089    12.2778    -1.8661      0.239     0.1121    -0.4451 -9.990e-29
 149.012373      0.228   0.177113    12.2800    -1.8664      0.226     0.1122    -0.4454 -9.990e-29
 149.012378      0.221   0.177173    12.2844    -1.8666      0.219     0.1122    -0.4459 -9.990e-29
 149.012384      0.221   0.177350    12.2904    -1.8664      0.219     0.1123    -0.4465 -9.990e-29
 149.012390      0.228   0.177696    12.2978    -1.8660      0.226     0.1125    -0.4472 -9.990e-29
 149.012396      0.238   0.178116    12.3065    -1.8657      0.236     0.1127    -0.4480 -9.990e-29
 149.012402      0.247   0.178430    12.3150    -1.8661      0.245     0.1129    -0.4489 -9.990e-29
 149.012407      0.255   0.178499    12.3217    -1.8662      0.253     0.1129    -0.4497 -9.990e-29
 149.012413      0.260   0.178230    12.3261    -1.8664      0.258     0.1127    -0.4504 -9.990e-29
 149.012419      0.261   0.177819    12.3274    -1.8665      0.259     0.1125    -0.4507 -9.990e-29
 149.012425      0.266   0.177826    12.3263    -1.8663      0.264     0.1125    -0.4506 -9.990e-29
 149.012431      0.278   0.178261    12.3257    -1.8663      0.276     0.1128    -0.4503 -9.990e-29
 149.012436      0.286   0.178591    12.3281    -1.8672      0.284     0.1130    -0.4504 -9.990e-29
 149.012442      0.289   0.178702    12.3323    -1.8679      0.287     0.1130    -0.4509 -9.990e-29
 149.012448      0.285   0.178739    12.3341    -1.8680      0.283     0.1130    -0.4511 -9.990e-29
 149.012454      0.279   0.178752    12.3320    -1.8680      0.277     0.1131    -0.4508 -9.990e-29
 149.012459      0.275   0.178757    12.3287    -1.8680      0.273     0.1131    -0.4504 -9.990e-29
 149.012465      0.272   0.178760    12.3260    -1.8681      0.270     0.1131    -0.4501 -9.990e-29
 149.012471      0.271   0.178762    12.3239    -1.8682      0.269     0.1131    -0.4498 -9.990e-29
 149.012477      0.267   0.178768    12.3217    -1.8680      0.265     0.1131    -0.4496 -9.990e-29
 149.012483      0.259   0.178782    12.3163    -1.8678      0.257     0.1131    -0.4489 -9.990e-29
 149.012488      0.261   0.178822    12.3061    -1.8678      0.259     0.1132    -0.4476 -9.990e-29
 149.012494      0.276   0.178941    12.2954    -1.8679      0.274     0.1133    -0.4463 -9.990e-29
 149.012500      0.293   0.179298    12.2891    -1.8684      0.291     0.1135    -0.4454 -9.990e-29
 149.012506      0.304   0.179813    12.2865    -1.8690      0.301     0.1139    -0.4448 -9.990e-29
 149.012512      0.310   0.180061    12.2851    -1.8691      0.307     0.1140    -0.4445 -9.990e-29
 149.012517      0.315   0.179815    12.2843    -1.8695      0.312     0.1139    -0.4445 -9.990e-29
 149.012523      0.325   0.179302    12.2846    -1.8695      0.322     0.1135    -0.4448 -9.990e-29
 149.012529      0.335   0.178946    12.2864    -1.8694      0.332     0.1133    -0.4452 -9.990e-29
 149.012535      0.342   0.178828    12.2882    -1.8697      0.339     0.1132    -0.4455 -9.990e-29
 149.012541      0.346   0.178789    12.2877    -1.8703      0.343     0.1132    -0.4455 -9.990e-29
 149.012546      0.347   0.178776    12.2832    -1.8711      0.344     0.1132    -0.4449 -9.990e-29
 149.012552      0.346   0.178773    12.2749    -1.8716      0.343     0.1132    -0.4439 -9.990e-29
 149.012558      0.347   0.178774    12.2661    -1.8714      0.344     0.1132    -0.4429 -9.990e-29
 149.012564      0.354   0.178779    12.2593    -1.8712      0.351     0.1133    -0.4420 -9.990e-29
 149.012569      0.364   0.178794    12.2541    -1.5353      0.361     0.1133    -0.4414 -9.990e-29
 149.012575      0.372   0.178839    12.2506    -1.5374      0.369     0.1133    -0.4410 -9.990e-29
 149.012581      0.379   0.179526    12.2473    -1.5383      0.376     0.1138    -0.4402 -9.990e-29
 149.012587      0.390   0.182881    12.2406    -1.5393      0.387     0.1159    -0.4378 -9.990e-29
 149.012593      0.410   0.193932    12.2293    -1.5388      0.407     0.1230    -0.4309 -9.990e-29
 149.012598      0.436   0.227413    12.2161    -1.5390      0.432     0.1446    -0.4125 -9.990e-29
 149.012604      0.465   0.327965    12.2054    -1.5393      0.461     0.2100    -0.3601 -9.990e-29
 149.012610      0.499   0.629657    12.1967    -1.5392      0.495     0.4116    -0.2016 -9.990e-29
 149.012616      0.545   1.534742    12.1797    -1.5387      0.540     1.0436     0.2929 -9.990e-29
 149.012622      0.613   4.250001    12.1415    -1.5387      0.608     3.0657     1.8680 -9.990e-29
 149.012627      0.713  12.395778    12.0904    -1.5390      0.707     9.6771     6.9870 -9.990e-29
 149.012633      0.847  24.617280    12.0475    -1.5394      0.840    20.4404    15.3037 0.0000e+00
 149.012639      1.002  32.769218    12.0210    -1.5399      0.994    28.0283    21.1775 0.0000e+00
 149.012645      1.153  35.490447    12.0103    -1.5401      1.143    30.6282    23.1942 0.0000e+00
 149.012650      1.284  36.402568    12.0074    -1.5391      1.273    31.5063    23.8757 -9.990e-29
 149.012656      1.392  36.708311    12.0045    -1.5389      1.380    31.8030    24.1064 -9.990e-29
 149.012662      1.477  36.805270    12.0029    -1.5396      1.465    31.8978    24.1802 -9.990e-29
 149.012668      1.547  36.837897    12.0040    -1.5402      1.534    31.9283    24.2037 -9.990e-29
 149.012674      1.605  36.859257    12.0044    -1.5393      1.592    31.9485    24.2193 -9.990e-29
 149.012679      1.651  36.874313    12.0009    -1.5393      1.637    31.9660    24.2335 -9.990e-29
 149.012685      1.679  36.875135    11.9941    -1.5396      1.665    31.9726    24.2399 -9.990e-29
 149.012691      1.691  36.865096    11.9887    -1.5397      1.677    31.9675    24.2370 -9.990e-29
 149.012697      1.696  36.850467    11.9904    -1.5396      1.682    31.9520    24.2246 -9.990e-29
 149.012703      1.698  36.836447    11.9966    -1.5388      1.684    31.9331    24.2088 -9.990e-29
 149.012708      1.699  36.832408    11.9968    -1.5389      1.685    31.9291    24.2056 -9.990e-29
 149.012714      1.697  36.840850    11.9892    -1.5395      1.683    31.9437    24.2184 -9.990e-29
 149.012720      1.694  36.848392    11.9828    -1.5396      1.680    31.9565    24.2295 -9.990e-29
 149.012726      1.688  36.846058    11.9833    -1.5397      1.674    31.9538    24.2273 -9.990e-29
 149.012731      1.679  36.848148    11.9884    -1.5393      1.665    31.9514    24.2246 -9.990e-29
 149.012737      1.667  36.856917    11.9939    -1.5393      1.653    31.9552    24.2264 -9.990e-29
 149.012743      1.651  36.851569    11.9978    -1.5398      1.637    31.9467    24.2191 -9.990e-29
 149.012749      1.629  36.833419    12.0003    -1.5399      1.615    31.9271    24.2034 -9.990e-29
 149.012755      1.606  36.823721    12.0029    -1.5398      1.593    31.9155    24.1940 -9.990e-29
 149.012760      1.583  36.833125    12.0054    -1.5401      1.570    31.9224    24.1989 -9.990e-29
 149.012766      1.560  36.847290    12.0068    -1.5403      1.547    31.9349    24.2083 -9.990e-29
 149.012772      1.538  36.840276    12.0064    -1.5397      1.525    31.9285    24.2034 -9.990e-29
 149.012778      1.521  36.816783    12.0037    -1.5393      1.508    31.9082    24.1882 -9.990e-29
 149.012784      1.508  36.802152    11.9996    -1.5393      1.495    31.8976    24.1807 -9.990e-29
 149.012789      1.498  36.806625    11.9953    -1.5395      1.485    31.9056    24.1877 -9.990e-29
 149.012795      1.490  36.820500    11.9930    -1.5396      1.478    31.9209    24.2000 -9.990e-29
 149.012801      1.483  36.825302    11.9952    -1.5395      1.471    31.9237    24.2017 -9.990e-29
 149.012807      1.479  36.814566    11.9987    -1.5394      1.467    31.9103    24.1908 -9.990e-29
 149.012813      1.475  36.796440    12.0007    -1.5392      1.463    31.8911    24.1755 -9.990e-29
 149.012818      1.472  36.778748    12.0028    -1.5389      1.460    31.8723    24.1605 -9.990e-29
 149.012824      1.470  36.763165    12.0055    -1.5389      1.458    31.8550    24.1466 -9.990e-29
 149.012830      1.468  36.759225    12.0077    -1.5391      1.456    31.8493    24.1417 -9.990e-29
 149.012836      1.466  36.775165    12.0096    -1.5396      1.454    31.8630    24.1521 -9.990e-29
 149.012841      1.465  36.794702    12.0116    -1.5397      1.453    31.8802    24.1650 -9.990e-29
 149.012847      1.464  36.799063    12.0133    -1.5395      1.452    31.8829    24.1668 -9.990e-29
 149.012853      1.463  36.791293    12.0146    -1.5392      1.451    31.8743    24.1599 -9.990e-29
 149.012859      1.462  36.785174    12.0156    -1.5387      1.450    31.8676    24.1544 -9.990e-29
 149.012865      1.461  36.787158    12.0169    -1.5386      1.449    31.8684    24.1548 -9.990e-29
 149.012870      1.460  36.796000    12.0188    -1.5392      1.448    31.8753    24.1598 -9.990e-29
 149.012876      1.459  36.807821    12.0204    -1.5395      1.447    31.8853    24.1673 -9.990e-29
 149.012882      1.457  36.815424    12.0210    -1.5401      1.445    31.8921    24.1725 -9.990e-29
 149.012888      1.456  36.812160    12.0213    -1.5393      1.444    31.8887    24.1698 -9.990e-29
 149.012894      1.449  36.796514    12.0223    -1.5389      1.437    31.8728    24.1572 -9.990e-29
 149.012899      1.434  36.775692    12.0238    -1.5389      1.422    31.8514    24.1404 -9.990e-29
 149.012905      1.412  36.763455    12.0247    -1.5401      1.400    31.8389    24.1305 -9.990e-29
 149.012911      1.391  36.768750    12.0254    -1.5406      1.379    31.8434    24.1339 -9.990e-29
 149.012917      1.379  36.788579    12.0260    -1.5405      1.367    31.8620    24.1482 -9.990e-29
 149.012922      1.374  36.808483    12.0259    -1.5397      1.363    31.8813    24.1632 -9.990e-29
 149.012928      1.372  36.808496    12.0257    -1.5391      1.361    31.8814    24.1633 -9.990e-29
 149.012934      1.377  36.784740    12.0257    -1.5392      1.366    31.8586    24.1456 -9.990e-29
 149.012940      1.389  36.756038    12.0262    -1.5397      1.377    31.8305    24.1237 -9.990e-29
 149.012946      1.402  36.746951    12.0271    -1.5397      1.390    31.8210    24.1162 -9.990e-29
 149.012951      1.410  36.762777    12.0274    -1.5403      1.398    31.8359    24.1277 -9.990e-29
 149.012957      1.415  36.776428    12.0268    -1.5396      1.403    31.8496    24.1384 -9.990e-29
 149.012963      1.417  36.757918    12.0259    -1.5390      1.405    31.8325    24.1254 -9.990e-29
 149.012969      1.416  36.712316    12.0257    -1.5390      1.404    31.7888    24.0915 -9.990e-29
 149.012975      1.417  36.678094    12.0268    -1.5396      1.405    31.7549    24.0650 -9.990e-29
 149.012980      1.423  36.682546    12.0282    -1.5395      1.411    31.7580    24.0671 -9.990e-29
 149.012986      1.431  36.716500    12.0285    -1.5397      1.419    31.7904    24.0922 -9.990e-29
 149.012992      1.437  36.747328    12.0282    -1.5390      1.425    31.8204    24.1155 -9.990e-29
 149.012998      1.441  36.751125    12.0281    -1.5386      1.429    31.8241    24.1184 -9.990e-29
 149.013003      1.444  36.736351    12.0288    -1.5390      1.432    31.8093    24.1068 -9.990e-29
 149.013009      1.446  36.719782    12.0305    -1.5393      1.434    31.7919    24.0930 -9.990e-29
 149.013015      1.447  36.714682    12.0321    -1.5387      1.435    31.7856    24.0878 -9.990e-29
 149.013021      1.448  36.732227    12.0324    -1.5387      1.436    31.8022    24.1007 -9.990e-29
 149.013027      1.447  36.756032    12.0319    -1.5387      1.435    31.8256    24.1189 -9.990e-29
 149.013032      1.445  36.760122    12.0319    -1.5387      1.433    31.8295    24.1219 -9.990e-29
 149.013038      1.442  36.748299    12.0325    -1.5374      1.430    31.8176    24.1126 -9.990e-29
 149.013044      1.438  36.739595    12.0332    -1.5368      1.426    31.8087    24.1055 -9.990e-29
 149.013050      1.433  36.746545    12.0336    -1.5368      1.421    31.8150    24.1103 -9.990e-29
 149.013056      1.429  36.770039    12.0336    -1.5382      1.417    31.8376    24.1279 -9.990e-29
 149.013061      1.433  36.788728    12.0343    11.6113      1.421    31.8550    24.1413 -9.990e-29
 149.013067      1.438  36.788316    12.0375    14.9695      1.426    31.8519    24.1382 -9.990e-29
 149.013073      1.442  36.786789    12.0438    15.3298      1.430    31.8451    24.1318 -9.990e-29
 149.013079      1.445  36.792235    12.0522    13.2009      1.433    31.8431    24.1287 -9.990e-29
 149.013084      1.447  36.791014    12.0628     8.3695      1.435    31.8329    24.1188 -9.990e-29
 149.013090      1.448  36.784883    12.0737     8.5794      1.436    31.8177    24.1050 -9.990e-29
 149.013096      1.448  36.794097    12.0797     8.8316      1.436    31.8215    24.1068 -9.990e-29
 149.013102      1.447  36.824796    12.0802     8.8717      1.435    31.8506    24.1293 -9.990e-29
 149.013108      1.445  36.853262    12.0801     8.8257      1.433    31.8780    24.1506 -9.990e-29
 149.013113      1.442  36.850742    12.0827     8.7457      1.430    31.8734    24.1465 -9.990e-29
 149.013119      1.438  36.831832    12.0863     8.6939      1.426    31.8521    24.1294 -9.990e-29
 149.013125      1.432  36.829082    12.0878     8.6604      1.420    31.8482    24.1260 -9.990e-29
 149.013131      1.428  36.836599    12.0874     8.6215      1.416    31.8558    24.1320 -9.990e-29
 149.013137      1.431  36.841994    12.0867     8.5808      1.419    31.8616    24.1366 -9.990e-29
 149.013142      1.437  36.843502    12.0858     8.5295      1.425    31.8638    24.1385 -9.990e-29
 149.013148      1.440  36.842025    12.0836     8.5286      1.428    31.8642    24.1393 -9.990e-29
 149.013154      1.443  36.839535    12.0791     8.5436      1.431    31.8657    24.1412 -9.990e-29
 149.013160      1.444  36.834405    12.0755     8.5687      1.432    31.8638    24.1404 -9.990e-29
 149.013166      1.444  36.828219    12.0754     8.5827      1.432    31.8580    24.1359 -9.990e-29
 149.013171      1.442  36.823396    12.0762     8.5806      1.430    31.8526    24.1316 -9.990e-29
 149.013177      1.440  36.823050    12.0751     8.5730      1.428    31.8532    24.1323 -9.990e-29
 149.013183      1.436  36.825612    12.0723     8.5656      1.424    31.8581    24.1366 -9.990e-29
 149.013189      1.431  36.828343    12.0695     8.5746      1.419    31.8631    24.1410 -9.990e-29
 149.013194      1.423  36.832656    12.0681     8.5819      1.411    31.8685    24.1454 -9.990e-29
 149.013200      1.413  36.835903    12.0676     8.5927      1.401    31.8720    24.1483 -9.990e-29
 149.013206      1.408  36.836820    12.0668     8.6064      1.396    31.8736    24.1496 -9.990e-29
 149.013212      1.417  36.836646    12.0653     8.5944      1.405    31.8747    24.1508 -9.990e-29
 149.013218      1.432  36.835161    12.0634     8.5950      1.420    31.8749    24.1513 -9.990e-29
 149.013223      1.445  36.832643    12.0605     8.6028      1.433    31.8749    24.1518 -9.990e-29
 149.013229      1.457  36.831913    12.0583     8.5975      1.445    31.8761    24.1532 -9.990e-29
 149.013235      1.469  36.835375    12.0583     8.5882      1.457    31.8794    24.1557 -9.990e-29
 149.013241      1.477  36.833641    12.0569     8.5785      1.465    31.8790    24.1556 -9.990e-29
 149.013247      1.477  36.822169    12.0529     8.5810      1.465    31.8713    24.1505 -9.990e-29
 149.013252      1.474  36.814833    12.0500     8.5858      1.462    31.8667    24.1474 -9.990e-29
 149.013258      1.471  36.817567    12.0494     8.6005      1.459    31.8699    24.1500 -9.990e-29
 149.013264      1.469  36.821131    12.0479     8.6175      1.457    31.8746    24.1539 -9.990e-29
 149.013270      1.467  36.817958    12.0401     8.6248      1.455    31.8782    24.1582 -9.990e-29
 149.013275      1.466  36.804390    12.0244     8.6379      1.454    31.8786    24.1613 -9.990e-29
 149.013281      1.466  36.785901    12.0070     8.6596      1.454    31.8756    24.1623 -9.990e-29
