data/oxygen options/ONMS/Olympic_Coast_National_Marine_Sanctuary_CTD_Data_2005_2023/raw_data/2015/CAST_TH015_150529faed.cnv
* Sea-Bird SBE19 Data File:
* FileName = C:\2015 Mooring Data\Casts\CAST_TH015_150529.hex
* Software Version 1.59
* Temperature SN = 2997
* Conductivity SN = 2997
* System UpLoad Time = May 29 2015 16:48:23
** CAST_TH015_150529
* ds
# nquan = 9                                 
# nvalues = 878                         
# units = specified
# name 0 = timeJ: Julian Days
# name 1 = prSM: Pressure, Strain Gauge [db]
# name 2 = c0mS/cm: Conductivity [mS/cm]
# name 3 = t090C: Temperature [ITS-90, deg C]
# name 4 = sbeox0ML/L: Oxygen, SBE 43 [ml/l]
# name 5 = depSM: Depth [salt water, m], lat = 47.5
# name 6 = sal00: Salinity, Practical [PSU]
# name 7 = sigma-é00: Density [sigma-theta, kg/m^3]
# name 8 = flag: flag
# span 0 = 149.693785, 149.698860       
# span 1 =     -4.885,     16.974       
# span 2 =   0.027311,  37.375423       
# span 3 =    10.9326,    12.0175       
# span 4 =    -1.9103,    14.9896       
# span 5 =     -4.844,     16.832       
# span 6 =     0.0201,    32.6657       
# span 7 =    -0.4360,    24.9565       
# span 8 = 0.0000e+00, 0.0000e+00       
# interval = seconds: 0.5
# start_time = May 29 2015 16:39:03 [Instrument's time stamp, header]
# bad_flag = -9.990e-29
*END*
[from data line 321]
 149.695642     -0.224   0.028977    11.5213    -1.9010     -0.222     0.0210    -0.4310 -9.990e-29
 149.695648     -0.223   0.028977    11.5211    -1.9007     -0.221     0.0210    -0.4309 -9.990e-29
 149.695654     -0.225   0.028977    11.5194    -1.9006     -0.223     0.0210    -0.4308 -9.990e-29
 149.695660     -0.228   0.028977    11.5170    -1.9004     -0.226     0.0210    -0.4305 -9.990e-29
 149.695666     -0.227   0.028977    11.5154    -1.9006     -0.225     0.0210    -0.4303 -9.990e-29
 149.695671     -0.223   0.028977    11.5149    -1.9006     -0.221     0.0210    -0.4303 -9.990e-29
 149.695677     -0.214   0.028977    11.5150    -1.9006     -0.212     0.0210    -0.4303 -9.990e-29
 149.695683     -0.205   0.028977    11.5169    -1.9006     -0.203     0.0210    -0.4305 -9.990e-29
 149.695689     -0.199   0.028977    11.5207    -1.9007     -0.197     0.0210    -0.4309 -9.990e-29
 149.695694     -0.196   0.028977    11.5256    -1.9008     -0.194     0.0210    -0.4314 -9.990e-29
 149.695700     -0.196   0.028977    11.5305    -1.9009     -0.194     0.0210    -0.4320 -9.990e-29
 149.695706     -0.198   0.028977    11.5341    -1.9011     -0.196     0.0210    -0.4323 -9.990e-29
 149.695712     -0.204   0.028977    11.5357    -1.9013     -0.202     0.0210    -0.4325 -9.990e-29
 149.695718     -0.208   0.028977    11.5357    -1.9013     -0.206     0.0210    -0.4325 -9.990e-29
 149.695723     -0.207   0.028977    11.5351    -1.9011     -0.205     0.0210    -0.4325 -9.990e-29
 149.695729     -0.206   0.028977    11.5345    -1.9010     -0.204     0.0210    -0.4324 -9.990e-29
 149.695735     -0.203   0.028977    11.5339    -1.9009     -0.201     0.0210    -0.4323 -9.990e-29
 149.695741     -0.195   0.028977    11.5325    -1.9010     -0.193     0.0210    -0.4322 -9.990e-29
 149.695747     -0.185   0.028977    11.5303    -1.9010     -0.183     0.0210    -0.4319 -9.990e-29
 149.695752     -0.178   0.028976    11.5277    -1.9008     -0.177     0.0210    -0.4316 -9.990e-29
 149.695758     -0.172   0.028975    11.5247    -1.9005     -0.171     0.0210    -0.4313 -9.990e-29
 149.695764     -0.167   0.028971    11.5224    -1.9005     -0.166     0.0210    -0.4311 -9.990e-29
 149.695770     -0.163   0.028959    11.5222    -1.9005     -0.162     0.0210    -0.4311 -9.990e-29
 149.695775     -0.160   0.028922    11.5239    -1.9004     -0.159     0.0210    -0.4313 -9.990e-29
 149.695781     -0.158   0.028811    11.5259    -1.9003     -0.157     0.0209    -0.4315 -9.990e-29
 149.695787     -0.155   0.028478    11.5270    -1.9003     -0.154     0.0207    -0.4318 -9.990e-29
 149.695793     -0.153   0.028036    11.5274    -1.9004     -0.152     0.0205    -0.4320 -9.990e-29
 149.695799     -0.151   0.028004    11.5285    -1.9002     -0.150     0.0205    -0.4322 -9.990e-29
 149.695804     -0.148   0.028340    11.5316    -1.9000     -0.147     0.0207    -0.4324 -9.990e-29
 149.695810     -0.145   0.028381    11.5353    -1.8996     -0.144     0.0207    -0.4327 -9.990e-29
 149.695816     -0.142   0.028182    11.5379    -1.8994     -0.141     0.0206    -0.4331 -9.990e-29
 149.695822     -0.138   0.028033    11.5394    -1.8995     -0.137     0.0205    -0.4334 -9.990e-29
 149.695828     -0.134   0.027737    11.5407    -1.8994     -0.133     0.0203    -0.4336 -9.990e-29
 149.695833     -0.127   0.027453    11.5421    -1.8997     -0.126     0.0201    -0.4339 -9.990e-29
 149.695839     -0.120   0.027359    11.5432    -1.9000     -0.119     0.0201    -0.4341 -9.990e-29
 149.695845     -0.110   0.027327    11.5443    -1.9002     -0.109     0.0201    -0.4342 -9.990e-29
 149.695851     -0.102   0.027317    11.5469    -1.9003     -0.101     0.0201    -0.4345 -9.990e-29
 149.695856     -0.099   0.027313    11.5513    -1.9003     -0.098     0.0201    -0.4350 -9.990e-29
 149.695862     -0.097   0.027311    11.5563    -1.9003     -0.096     0.0201    -0.4355 -9.990e-29
 149.695868     -0.091   0.027311    11.5599    -1.9007     -0.090     0.0201    -0.4359 -9.990e-29
 149.695874     -0.081   0.027311    11.5611    -1.9012     -0.080     0.0201    -0.4360 -9.990e-29
 149.695880     -0.071   0.027311    11.5600    -1.9015     -0.070     0.0201    -0.4359 -9.990e-29
 149.695885     -0.065   0.027311    11.5566    -1.9015     -0.064     0.0201    -0.4355 -9.990e-29
 149.695891     -0.057   0.027311    11.5519    -1.9016     -0.057     0.0201    -0.4350 -9.990e-29
 149.695897     -0.047   0.027311    11.5477    -1.9018     -0.047     0.0201    -0.4346 -9.990e-29
 149.695903     -0.039   0.027312    11.5450    -1.9018     -0.039     0.0201    -0.4343 -9.990e-29
 149.695909     -0.028   0.027313    11.5431    -1.9021     -0.028     0.0201    -0.4341 -9.990e-29
 149.695914     -0.013   0.027315    11.5397    -1.9025     -0.013     0.0201    -0.4337 -9.990e-29
 149.695920      0.002   0.027321    11.5333    -1.9029      0.002     0.0201    -0.4330 -9.990e-29
 149.695926      0.019   0.027336    11.5256    -1.9030      0.019     0.0201    -0.4322 -9.990e-29
 149.695932      0.033   0.027382    11.5196    -1.9030      0.033     0.0201    -0.4315 -9.990e-29
 149.695938      0.043   0.027518    11.5159    -1.5566      0.043     0.0202    -0.4310 -9.990e-29
 149.695943      0.048   0.027926    11.5129    -1.5506      0.048     0.0204    -0.4305 -9.990e-29
 149.695949      0.048   0.029147    11.5095    -1.5505      0.048     0.0211    -0.4296 -9.990e-29
 149.695955      0.044   0.032808    11.5055    -1.5495      0.044     0.0233    -0.4275 -9.990e-29
 149.695961      0.039   0.043792    11.5000    -1.5470      0.039     0.0299    -0.4217 -9.990e-29
 149.695966      0.043   0.076741    11.4941    -1.5474      0.043     0.0501    -0.4052 -9.990e-29
 149.695972      0.059   0.175588    11.4912    -1.5498      0.059     0.1132    -0.3553 -9.990e-29
 149.695978      0.085   0.472682    11.4973    -1.5513      0.084     0.3115    -0.2007 -9.990e-29
 149.695984      0.112   1.365261    11.5241    -1.5477      0.111     0.9391     0.2868 -9.990e-29
 149.695990      0.140   4.043983    11.5882    -1.5504      0.139     2.9510     1.8453 -9.990e-29
 149.695995      0.173  12.079367    11.6742    -1.5456      0.172     9.5156     6.9187 -9.990e-29
 149.696001      0.218  24.148052    11.7386    -1.5465      0.216    20.1800    15.1517 -9.990e-29
 149.696007      0.274  32.215091    11.7699    -1.5474      0.272    27.6905    20.9599 -9.990e-29
 149.696013      0.340  34.924350    11.7841    -1.5480      0.337    30.2700    22.9573 -9.990e-29
 149.696019      0.417  35.876058    11.7915    -1.5493      0.414    31.1809    23.6627 -9.990e-29
 149.696024      0.495  36.239567    11.7962    -1.5500      0.491    31.5281    23.9313 -9.990e-29
 149.696030      0.563  36.322032    11.7988    -1.5499      0.558    31.6056    23.9910 -9.990e-29
 149.696036      0.612  36.266689    11.7991    -1.5499      0.607    31.5518    23.9492 -9.990e-29
 149.696042      0.646  36.242716    11.7974    -1.5491      0.641    31.5301    23.9326 -9.990e-29
 149.696047      0.671  36.290676    11.7939    -1.5503      0.665    31.5794    23.9716 -9.990e-29
 149.696053      0.685  36.370443    11.7889    -1.5513      0.679    31.6608    24.0357 -9.990e-29
 149.696059      0.687  36.475323    11.7830    -1.5508      0.681    31.7674    24.1195 -9.990e-29
 149.696065      0.687  36.523340    11.7768    -1.5513      0.681    31.8192    24.1608 -9.990e-29
 149.696071      0.690  36.490703    11.7723    -1.5514      0.684    31.7914    24.1401 -9.990e-29
 149.696076      0.694  36.432779    11.7711    -1.5524      0.688    31.7363    24.0975 -9.990e-29
 149.696082      0.702  36.364488    11.7719    -1.5532      0.696    31.6695    24.0455 -9.990e-29
 149.696088      0.712  36.308792    11.7732    -1.5533      0.706    31.6145    24.0026 -9.990e-29
 149.696094      0.726  36.282460    11.7747    -1.5538      0.720    31.5878    23.9815 -9.990e-29
 149.696100      0.744  36.278059    11.7762    -1.5522      0.738    31.5822    23.9770 -9.990e-29
 149.696105      0.769  36.264697    11.7773    -1.5500      0.763    31.5683    23.9660 -9.990e-29
 149.696111      0.800  36.215791    11.7780    -1.5502      0.793    31.5204    23.9287 -9.990e-29
 149.696117      0.836  36.164448    11.7793    -1.5502      0.829    31.4697    23.8891 -9.990e-29
 149.696123      0.872  36.137158    11.7825    -1.5500      0.865    31.4405    23.8659 -9.990e-29
 149.696128      0.904  36.107830    11.7878    -1.5500      0.896    31.4077    23.8394 -9.990e-29
 149.696134      0.930  36.056622    11.7934    -1.5474      0.922    31.3535    23.7963 -9.990e-29
 149.696140      0.948  35.983852    11.7974    -1.5475      0.940    31.2798    23.7384 -9.990e-29
 149.696146      0.964  35.915463    11.7999    -1.5477      0.956    31.2117    23.6851 -9.990e-29
 149.696152      0.978  35.880997    11.8018    -1.5475      0.970    31.1768    23.6577 -9.990e-29
 149.696157      0.987  35.900847    11.8037    -1.5473      0.979    31.1944    23.6710 -9.990e-29
 149.696163      0.996  35.987109    11.8059    -1.5475      0.988    31.2758    23.7338 -9.990e-29
 149.696169      1.009  36.087955    11.8080    -1.5474      1.001    31.3714    23.8076 -9.990e-29
 149.696175      1.028  36.141855    11.8095    -1.5473      1.019    31.4222    23.8467 -9.990e-29
 149.696181      1.049  36.164822    11.8107    -1.5473      1.040    31.4434    23.8629 -9.990e-29
 149.696186      1.065  36.193290    11.8118    -1.5477      1.056    31.4699    23.8834 -9.990e-29
 149.696192      1.077  36.255329    11.8130    -1.5477      1.068    31.5289    23.9289 -9.990e-29
 149.696198      1.091  36.342487    11.8142    -1.5476      1.082    31.6121    23.9932 -9.990e-29
 149.696204      1.102  36.396837    11.8153    -1.5475      1.093    31.6637    24.0331 -9.990e-29
 149.696209      1.108  36.412570    11.8158    -1.5475      1.099    31.6785    24.0445 -9.990e-29
 149.696215      1.113  36.422642    11.8159    -1.5477      1.104    31.6881    24.0520 -9.990e-29
 149.696221      1.121  36.430035    11.8157    -1.5478      1.112    31.6955    24.0577 -9.990e-29
 149.696227      1.129  36.431921    11.8151    -1.5479      1.120    31.6978    24.0596 -9.990e-29
 149.696233      1.132  36.434383    11.8142    -1.5477      1.123    31.7009    24.0622 -9.990e-29
 149.696238      1.137  36.436426    11.8132    -1.5479      1.128    31.7038    24.0646 -9.990e-29
 149.696244      1.146  36.431450    11.8130    -1.5480      1.136    31.6991    24.0610 -9.990e-29
 149.696250      1.156  36.421994    11.8138    -1.5478      1.146    31.6893    24.0532 -9.990e-29
 149.696256      1.165  36.415836    11.8147    -1.5477      1.155    31.6826    24.0478 -9.990e-29
 149.696262      1.171  36.415623    11.8150    -1.5481      1.161    31.6821    24.0474 -9.990e-29
 149.696267      1.176  36.417353    11.8150    -1.5485      1.166    31.6838    24.0487 -9.990e-29
 149.696273      1.179  36.414570    11.8151    -1.5482      1.169    31.6810    24.0466 -9.990e-29
 149.696279      1.182  36.406010    11.8154    -1.5477      1.172    31.6725    24.0399 -9.990e-29
 149.696285      1.185  36.396723    11.8159    -1.5478      1.175    31.6631    24.0325 -9.990e-29
 149.696291      1.186  36.391348    11.8163    -1.5484      1.176    31.6575    24.0281 -9.990e-29
 149.696296      1.188  36.387970    11.8165    -1.5484      1.178    31.6541    24.0254 -9.990e-29
 149.696302      1.189  36.382289    11.8163    -1.5485      1.179    31.6488    24.0213 -9.990e-29
 149.696308      1.190  36.379269    11.8154    -1.5485      1.180    31.6466    24.0198 -9.990e-29
 149.696314      1.190  36.382377    11.8140    -1.5484      1.180    31.6508    24.0233 -9.990e-29
 149.696319      1.191  36.380266    11.8133    -1.5478      1.181    31.6493    24.0223 -9.990e-29
 149.696325      1.192  36.366405    11.8135    -1.5476      1.182    31.6358    24.0118 -9.990e-29
 149.696331      1.192  36.356147    11.8134    -1.5485      1.182    31.6259    24.0041 -9.990e-29
 149.696337      1.192  36.364048    11.8128    -1.5489      1.182    31.6341    24.0106 -9.990e-29
 149.696343      1.192  36.377307    11.8124    -1.5495      1.182    31.6473    24.0209 -9.990e-29
 149.696348      1.192  36.373451    11.8125    -1.5481      1.182    31.6434    24.0179 -9.990e-29
 149.696354      1.192  36.354831    11.8130    -1.5477      1.182    31.6250    24.0035 -9.990e-29
 149.696360      1.192  36.339425    11.8140    -1.5477      1.182    31.6093    23.9911 -9.990e-29
 149.696366      1.192  36.332122    11.8157    -1.5484      1.182    31.6008    23.9842 -9.990e-29
 149.696372      1.192  36.331237    11.8177    -1.5491      1.182    31.5982    23.9818 -9.990e-29
 149.696377      1.192  36.341400    11.8189    -1.5492      1.182    31.6070    23.9884 -9.990e-29
 149.696383      1.192  36.356749    11.8185    -1.5493      1.182    31.6222    24.0003 -9.990e-29
 149.696389      1.191  36.352553    11.8183    -1.5489      1.181    31.6183    23.9973 -9.990e-29
 149.696395      1.191  36.321741    11.8190    -1.5483      1.181    31.5879    23.9736 -9.990e-29
 149.696400      1.190  36.287893    11.8191    -1.5480      1.180    31.5551    23.9481 -9.990e-29
 149.696406      1.189  36.285677    11.8181    -1.5480      1.179    31.5538    23.9473 -9.990e-29
 149.696412      1.188  36.322993    11.8172    -1.5479      1.178    31.5907    23.9761 -9.990e-29
 149.696418      1.187  36.358439    11.8168    11.4351      1.177    31.6253    24.0030 -9.990e-29
 149.696424      1.185  36.357088    11.8166    14.6938      1.175    31.6241    24.0022 -9.990e-29
 149.696429      1.183  36.322388    11.8169    14.9896      1.173    31.5903    23.9759 -9.990e-29
 149.696435      1.180  36.281703    11.8172    12.9024      1.170    31.5508    23.9451 -9.990e-29
 149.696441      1.176  36.259461    11.8174     8.2006      1.166    31.5291    23.9282 -9.990e-29
 149.696447      1.171  36.261522    11.8175     8.5283      1.161    31.5310    23.9297 -9.990e-29
 149.696453      1.169  36.286913    11.8171     8.8549      1.159    31.5559    23.9491 -9.990e-29
 149.696458      1.174  36.324858    11.8164     8.8961      1.164    31.5931    23.9781 -9.990e-29
 149.696464      1.182  36.361700    11.8161     8.8168      1.172    31.6290    24.0060 -9.990e-29
 149.696470      1.190  36.401927    11.8165     8.7212      1.180    31.6676    24.0359 -9.990e-29
 149.696476      1.197  36.479762    11.8170     8.6530      1.187    31.7424    24.0939 -9.990e-29
 149.696481      1.205  36.585411    11.8173     8.5904      1.195    31.8444    24.1730 -9.990e-29
 149.696487      1.213  36.651440    11.8180     8.5357      1.203    31.9077    24.2220 -9.990e-29
 149.696493      1.222  36.668567    11.8191     8.5303      1.212    31.9233    24.2339 -9.990e-29
 149.696499      1.234  36.668245    11.8201     8.5635      1.224    31.9221    24.2328 -9.990e-29
 149.696505      1.243  36.665943    11.8211     8.5972      1.233    31.9191    24.2302 -9.990e-29
 149.696510      1.248  36.667768    11.8223     8.6228      1.238    31.9198    24.2306 -9.990e-29
 149.696516      1.251  36.670757    11.8231     8.6215      1.241    31.9220    24.2321 -9.990e-29
 149.696522      1.254  36.674617    11.8234     8.6040      1.244    31.9255    24.2348 -9.990e-29
 149.696528      1.252  36.684704    11.8236     8.5953      1.242    31.9351    24.2422 -9.990e-29
 149.696534      1.250  36.702342    11.8237     8.5686      1.240    31.9521    24.2554 -9.990e-29
 149.696539      1.251  36.716504    11.8233     8.5373      1.241    31.9661    24.2663 -9.990e-29
 149.696545      1.256  36.719937    11.8213     8.5101      1.246    31.9711    24.2706 -9.990e-29
 149.696551      1.260  36.720789    11.8175     8.4842      1.249    31.9752    24.2745 -9.990e-29
 149.696557      1.260  36.720405    11.8128     8.4909      1.249    31.9789    24.2782 -9.990e-29
