data/oxygen options/ONMS/Olympic_Coast_National_Marine_Sanctuary_CTD_Data_2005_2023/raw_data/2015/CAST_CE042_150528faedb.cnv
* Sea-Bird SBE19 Data File:
* FileName = C:\2015 Mooring Data\Casts\CAST_CE042_150528.hex
* Software Version 1.59
* Temperature SN = 2997
* Conductivity SN = 2997
* System UpLoad Time = May 28 2015 22:15:12
** CAST_CE042_150528
* ds
# nquan = 9
# nvalues = 43                          
# units = specified
# name 0 = timeJ: Julian Days
# name 1 = prSM: Pressure, Strain Gauge [db]
# name 2 = c0mS/cm: Conductivity [mS/cm]
# name 3 = t090C: Temperature [ITS-90, deg C]
# name 4 = sbeox0ML/L: Oxygen, SBE 43 [ml/l]
# name 5 = depSM: Depth [salt water, m], lat = 47.5
# name 6 = sal00: Salinity, Practical [PSU]
# name 7 = sigma-é00: Density [sigma-theta, kg/m^3]
# name 8 = flag: flag
# span 0 = 148.880286, 148.882243       
# span 1 =      1.000,     43.000       
# span 2 =  34.929383,  37.940271       
# span 3 =     8.0284,    12.7345       
# span 4 =     0.8662,     8.1219       
# span 5 =      0.992,     42.637       
# span 6 =    31.8970,    33.5790       
# span 7 =    24.1032,    26.1540       
# span 8 = 0.0000e+00, 0.0000e+00       
# interval = decibars: 1                
# start_time = May 28 2015 21:04:01 [Instrument's time stamp, header]
# bad_flag = -9.990e-29
*END*
 148.880286      1.000  37.167357    12.4115     0.8662      0.992    31.8970    24.1032 0.0000e+00
 148.881098      2.000  37.410339    12.4222     6.8989      1.983    32.1195    24.2736 0.0000e+00
 148.881285      3.000  37.630592    12.5197     8.1219      2.975    32.2458    24.3529 0.0000e+00
 148.881313      4.000  37.786261    12.6378     8.0363      3.966    32.2923    24.3664 0.0000e+00
 148.881345      5.000  37.940271    12.7345     7.9377      4.958    32.3554    24.3966 0.0000e+00
 148.881379      6.000  37.861298    12.6064     7.9611      5.950    32.3899    24.4481 0.0000e+00
 148.881411      7.000  37.622195    12.3474     7.9015      6.942    32.3845    24.4932 0.0000e+00
 148.881440      8.000  37.361060    12.0120     7.3737      7.933    32.4234    24.5864 0.0000e+00
 148.881466      9.000  36.737996    11.3161     6.6225      8.925    32.4246    24.7144 0.0000e+00
 148.881489     10.000  36.347174    10.8225     6.3659      9.916    32.4741    24.8404 0.0000e+00
 148.881509     11.000  36.268568    10.7167     5.7455     10.908    32.4896    24.8709 0.0000e+00
 148.881530     12.000  36.134252    10.4625     5.4108     11.900    32.5817    24.9863 0.0000e+00
 148.881549     13.000  35.911658    10.2124     4.9597     12.891    32.5818    25.0288 0.0000e+00
 148.881568     14.000  35.767792    10.0200     4.6985     13.883    32.6092    25.0825 0.0000e+00
 148.881587     15.000  35.511141     9.7103     4.6891     14.874    32.6279    25.1480 0.0000e+00
 148.881608     16.000  35.400409     9.5659     4.6179     15.866    32.6454    25.1853 0.0000e+00
 148.881628     17.000  35.380079     9.5079     4.0978     16.857    32.6769    25.2192 0.0000e+00
 148.881647     18.000  35.353193     9.3864     3.7380     17.849    32.7599    25.3037 0.0000e+00
 148.881666     19.000  35.272414     9.2540     3.4753     18.841    32.7975    25.3541 0.0000e+00
 148.881686     20.000  35.224875     9.1386     3.1951     19.832    32.8541    25.4167 0.0000e+00
 148.881709     21.000  35.193992     9.0250     2.5940     20.823    32.9266    25.4913 0.0000e+00
 148.881731     22.000  35.100098     8.7778     2.4683     21.815    33.0581    25.6326 0.0000e+00
 148.881754     23.000  35.031960     8.6364     2.2851     22.807    33.1183    25.7015 0.0000e+00
 148.881778     24.000  35.004503     8.5386     2.0291     23.799    33.1808    25.7654 0.0000e+00
 148.881800     25.000  34.992180     8.4585     1.8340     24.790    33.2427    25.8261 0.0000e+00
 148.881822     26.000  34.997700     8.4242     1.5039     25.781    33.2805    25.8609 0.0000e+00
 148.881842     27.000  35.014766     8.3864     1.4009     26.773    33.3338    25.9084 0.0000e+00
 148.881864     28.000  35.026002     8.3722     1.3997     27.764    33.3587    25.9301 0.0000e+00
 148.881889     29.000  35.013059     8.3076     1.3423     28.756    33.4059    25.9768 0.0000e+00
 148.881915     30.000  34.986059     8.2298     1.0975     29.747    33.4508    26.0237 0.0000e+00
 148.881937     31.000  34.972819     8.1865     1.1030     30.739    33.4775    26.0511 0.0000e+00
 148.881961     32.000  34.974045     8.1811     1.4214     31.730    33.4835    26.0567 0.0000e+00
 148.881988     33.000  34.954411     8.1401     1.5204     32.722    33.5013    26.0767 0.0000e+00
 148.882011     34.000  34.938814     8.1108     1.2335     33.713    33.5122    26.0896 0.0000e+00
 148.882032     35.000  34.940030     8.0881     1.1667     34.705    33.5348    26.1107 0.0000e+00
 148.882055     36.000  34.943016     8.0775     1.1511     35.697    33.5477    26.1224 0.0000e+00
 148.882084     37.000  34.940294     8.0656     1.1403     36.688    33.5556    26.1304 0.0000e+00
 148.882110     38.000  34.935597     8.0476     1.1472     37.679    33.5675    26.1424 0.0000e+00
 148.882133     39.000  34.936589     8.0416     1.1394     38.671    33.5738    26.1482 0.0000e+00
 148.882155     40.000  34.933830     8.0365     1.1344     39.662    33.5752    26.1502 0.0000e+00
 148.882181     41.000  34.932242     8.0304     1.1396     40.654    33.5790    26.1540 0.0000e+00
 148.882209     42.000  34.931796     8.0296     1.1294     41.645    33.5788    26.1540 0.0000e+00
 148.882243     43.000  34.929383     8.0284     1.1341     42.637    33.5768    26.1527 0.0000e+00
