data/oxygen options/ONMS/Olympic_Coast_National_Marine_Sanctuary_CTD_Data_2005_2023/raw_data/2015/CAST_MB042_150526faed.cnv
* Sea-Bird SBE19 Data File:
* FileName = C:\2015 Mooring Data\Casts\CAST_MB042_150526.hex
* Software Version 1.59
* Temperature SN = 2997
* Conductivity SN = 2997
* System UpLoad Time = May 26 2015 20:46:54
** CAST_MB042_150526
* ds
# nquan = 9                                 
# nvalues = 1097                        
# units = specified
# name 0 = timeJ: Julian Days
# name 1 = prSM: Pressure, Strain Gauge [db]
# name 2 = c0mS/cm: Conductivity [mS/cm]
# name 3 = t090C: Temperature [ITS-90, deg C]
# name 4 = sbeox0ML/L: Oxygen, SBE 43 [ml/l]
# name 5 = depSM: Depth [salt water, m], lat = 47.5
# name 6 = sal00: Salinity, Practical [PSU]
# name 7 = sigma-é00: Density [sigma-theta, kg/m^3]
# name 8 = flag: flag
# span 0 = 146.856204, 146.862546       
# span 1 =     -5.472,     41.739       
# span 2 =   0.000558,  36.591931       
# span 3 =     7.4422,    17.0314       
# span 4 =   -10.1893,    13.0597       
# span 5 =     -5.426,     41.386       
# span 6 =     0.0085,    33.7595       
# span 7 =    -1.2226,    26.3793       
# span 8 = 0.0000e+00, 0.0000e+00       
# interval = seconds: 0.5
# start_time = May 26 2015 20:32:56 [Instrument's time stamp, header]
# bad_flag = -9.990e-29
*END*
 146.856204     -5.472 -9.990e-29    16.5568    -1.7083     -5.426 -9.990e-29 -9.990e-29 -9.990e-29
 146.856209     -5.453   0.002798    16.5553    -1.7084     -5.408     0.0090    -1.1408 -9.990e-29
 146.856215     -5.429   0.002798    16.5563    -1.7083     -5.384     0.0090    -1.1410 -9.990e-29
 146.856221     -5.398   0.002798    16.5633    -1.7084     -5.353     0.0090    -1.1422 -9.990e-29
 146.856227     -5.363   0.002798    16.5739    -1.7083     -5.318     0.0090    -1.1440 -9.990e-29
 146.856233     -5.329   0.002798    16.5846    -1.7082     -5.285     0.0090    -1.1458 -9.990e-29
 146.856238     -5.299   0.002798    16.5918    -1.7078     -5.255     0.0090    -1.1470 -9.990e-29
 146.856244     -5.271   0.002798    16.5929    -1.7074     -5.227     0.0090    -1.1472 -9.990e-29
 146.856250     -5.243   0.002798    16.5881    -1.7072     -5.199     0.0090    -1.1463 -9.990e-29
 146.856256     -5.214   0.002798    16.5814    -1.7071     -5.171     0.0090    -1.1452 -9.990e-29
 146.856262     -5.182   0.002798    16.5776    -1.7070     -5.139     0.0090    -1.1446 -9.990e-29
 146.856267     -5.143   0.002798    16.5769    -1.7068     -5.100     0.0090    -1.1445 -9.990e-29
 146.856273     -5.102   0.002798    16.5774    -1.7067     -5.059     0.0090    -1.1445 -9.990e-29
 146.856279     -5.062   0.002798    16.5795    -1.7067     -5.020     0.0090    -1.1449 -9.990e-29
 146.856285     -5.027   0.002799    16.5848    -1.7066     -4.985     0.0090    -1.1458 -9.990e-29
 146.856291     -4.993   0.002799    16.5932    -1.7062     -4.951     0.0090    -1.1472 -9.990e-29
 146.856296     -4.958   0.002799    16.6021    -1.7062     -4.917     0.0090    -1.1487 -9.990e-29
 146.856302     -4.926   0.002799    16.6087    -1.7065     -4.885     0.0090    -1.1498 -9.990e-29
 146.856308     -4.897   0.002799    16.6134    -1.7064     -4.856     0.0090    -1.1506 -9.990e-29
 146.856314     -4.867   0.002799    16.6178    -1.7063     -4.826     0.0090    -1.1514 -9.990e-29
 146.856319     -4.832   0.002799    16.6222    -1.7062     -4.792     0.0090    -1.1521 -9.990e-29
 146.856325     -4.799   0.002799    16.6259    -1.7061     -4.759     0.0090    -1.1527 -9.990e-29
 146.856331     -4.771   0.002799    16.6291    -1.7057     -4.731     0.0090    -1.1533 -9.990e-29
 146.856337     -4.746   0.002799    16.6332    -1.7053     -4.706     0.0090    -1.1540 -9.990e-29
 146.856343     -4.721   0.002800    16.6373    -1.7048     -4.682     0.0090    -1.1547 -9.990e-29
 146.856348     -4.696   0.002800    16.6386    -1.7044     -4.657     0.0090    -1.1549 -9.990e-29
 146.856354     -4.669   0.002800    16.6380    -1.7042     -4.630     0.0090    -1.1548 -9.990e-29
 146.856360     -4.637   0.002799    16.6388    -1.7042     -4.598     0.0090    -1.1549 -9.990e-29
 146.856366     -4.605   0.002798    16.6415    -1.7051     -4.567     0.0090    -1.1554 -9.990e-29
 146.856372     -4.572   0.002793    16.6458    -1.7056     -4.534     0.0090    -1.1561 -9.990e-29
 146.856377     -4.539   0.002779    16.6520    -1.7064     -4.501     0.0090    -1.1572 -9.990e-29
 146.856383     -4.506   0.002738    16.6607    -1.7085     -4.468     0.0090    -1.1586 -9.990e-29
 146.856389     -4.475   0.002615    16.6719    -1.7090     -4.438     0.0089    -1.1606 -9.990e-29
 146.856395     -4.446   0.002245    16.6838    -1.7089     -4.409     0.0088    -1.1627 -9.990e-29
 146.856400     -4.416   0.001690    16.6935    -1.7090     -4.379     0.0087    -1.1644 -9.990e-29
 146.856406     -4.383   0.001320    16.6974    -1.7096     -4.346     0.0086    -1.1652 -9.990e-29
 146.856412     -4.349   0.001197    16.6918    -1.7096     -4.313     0.0086    -1.1642 -9.990e-29
 146.856418     -4.321   0.001156    16.6767    -1.7101     -4.285     0.0086    -1.1617 -9.990e-29
 146.856424     -4.297   0.001142    16.6556    -1.7104     -4.261     0.0086    -1.1581 -9.990e-29
 146.856429     -4.271   0.001138    16.6277    -1.7109     -4.235     0.0085    -1.1534 -9.990e-29
 146.856435     -4.246   0.001138    16.5970    -1.7117     -4.211     0.0085    -1.1482 -9.990e-29
 146.856441     -4.224   0.001141    16.5759    -1.7119     -4.189     0.0085    -1.1446 -9.990e-29
 146.856447     -4.205   0.001150    16.5659    -1.7119     -4.170     0.0085    -1.1429 -9.990e-29
 146.856453     -4.186   0.001179    16.5579    -1.7116     -4.151     0.0085    -1.1416 -9.990e-29
 146.856458     -4.167   0.001264    16.5486    -1.7114     -4.132     0.0085    -1.1400 -9.990e-29
 146.856464     -4.147   0.001520    16.5395    -1.7112     -4.112     0.0086    -1.1384 -9.990e-29
 146.856470     -4.123   0.001732    16.5296    -1.7111     -4.089     0.0086    -1.1367 -9.990e-29
 146.856476     -4.096   0.001630    16.5181    -1.7111     -4.062     0.0086    -1.1348 -9.990e-29
 146.856481     -4.062   0.001630    16.5052    -1.7114     -4.028     0.0086    -1.1326 -9.990e-29
 146.856487     -4.025   0.001734    16.4926    -1.7113     -3.991     0.0086    -1.1305 -9.990e-29
 146.856493     -3.989   0.001525    16.4848    -1.7113     -3.956     0.0086    -1.1292 -9.990e-29
 146.856499     -3.958   0.001278    16.4836    -1.7115     -3.925     0.0085    -1.1291 -9.990e-29
 146.856505     -3.930   0.001220    16.4874    -1.7120     -3.897     0.0085    -1.1297 -9.990e-29
 146.856510     -3.902   0.001274    16.4931    -1.7120     -3.869     0.0085    -1.1306 -9.990e-29
 146.856516     -3.872   0.001511    16.4978    -1.7118     -3.840     0.0086    -1.1314 -9.990e-29
 146.856522     -3.844   0.001693    16.5000    -1.7122     -3.812     0.0086    -1.1317 -9.990e-29
 146.856528     -3.819   0.001507    16.4993    -1.7119     -3.787     0.0086    -1.1316 -9.990e-29
 146.856534     -3.796   0.001260    16.4971    -1.7117     -3.764     0.0085    -1.1313 -9.990e-29
 146.856539     -3.774   0.001178    16.4954    -1.7110     -3.743     0.0085    -1.1310 -9.990e-29
 146.856545     -3.751   0.001151    16.4932    -1.7111     -3.720     0.0085    -1.1307 -9.990e-29
 146.856551     -3.730   0.001142    16.4882    -1.7111     -3.699     0.0085    -1.1298 -9.990e-29
 146.856557     -3.714   0.001139    16.4824    -1.7107     -3.683     0.0085    -1.1289 -9.990e-29
 146.856563     -3.697   0.001138    16.4797    -1.7103     -3.666     0.0085    -1.1284 -9.990e-29
 146.856568     -3.675   0.001138    16.4791    -1.7105     -3.644     0.0085    -1.1283 -9.990e-29
 146.856574     -3.650   0.001138    16.4791    -1.7106     -3.620     0.0085    -1.1283 -9.990e-29
 146.856580     -3.624   0.001138    16.4826    -1.7104     -3.594     0.0085    -1.1289 -9.990e-29
 146.856586     -3.597   0.001138    16.4903    -1.7101     -3.567     0.0085    -1.1302 -9.990e-29
 146.856591     -3.570   0.001138    16.4986    -1.7096     -3.540     0.0085    -1.1316 -9.990e-29
 146.856597     -3.547   0.001138    16.5042    -1.7089     -3.517     0.0085    -1.1325 -9.990e-29
 146.856603     -3.522   0.001138    16.5093    -1.7082     -3.493     0.0085    -1.1334 -9.990e-29
 146.856609     -3.492   0.001139    16.5161    -1.7077     -3.463     0.0085    -1.1345 -9.990e-29
 146.856615     -3.465   0.001139    16.5218    -1.7071     -3.436     0.0085    -1.1355 -9.990e-29
 146.856620     -3.443   0.001139    16.5236    -1.7067     -3.414     0.0085    -1.1358 -9.990e-29
 146.856626     -3.425   0.001139    16.5248    -1.7075     -3.396     0.0085    -1.1360 -9.990e-29
 146.856632     -3.409   0.001139    16.5295    -1.7081     -3.381     0.0085    -1.1368 -9.990e-29
 146.856638     -3.395   0.001139    16.5392    -1.7082     -3.367     0.0085    -1.1384 -9.990e-29
 146.856644     -3.381   0.001139    16.5537    -1.7078     -3.353     0.0085    -1.1408 -9.990e-29
 146.856649     -3.368   0.001139    16.5711    -1.7076     -3.340     0.0085    -1.1438 -9.990e-29
 146.856655     -3.353   0.001139    16.5885    -1.7079     -3.325     0.0085    -1.1467 -9.990e-29
 146.856661     -3.336   0.001139    16.6042    -1.7082     -3.308     0.0085    -1.1494 -9.990e-29
 146.856667     -3.316   0.001140    16.6163    -1.7086     -3.288     0.0085    -1.1514 -9.990e-29
 146.856672     -3.297   0.001140    16.6196    -1.7086     -3.270     0.0085    -1.1520 -9.990e-29
 146.856678     -3.280   0.001140    16.6127    -1.7089     -3.253     0.0085    -1.1508 -9.990e-29
 146.856684     -3.261   0.001140    16.6037    -1.7088     -3.234     0.0085    -1.1493 -9.990e-29
 146.856690     -3.238   0.001140    16.6004    -1.7084     -3.211     0.0085    -1.1487 -9.990e-29
 146.856696     -3.219   0.001140    16.6022    -1.7081     -3.192     0.0085    -1.1490 -9.990e-29
 146.856701     -3.203   0.001140    16.6030    -1.7081     -3.176     0.0085    -1.1492 -9.990e-29
 146.856707     -3.183   0.001140    16.5989    -1.7079     -3.156     0.0085    -1.1485 -9.990e-29
 146.856713     -3.164   0.001140    16.5917    -1.7078     -3.138     0.0085    -1.1473 -9.990e-29
 146.856719     -3.147   0.001141    16.5850    -1.7080     -3.121     0.0085    -1.1461 -9.990e-29
 146.856725     -3.133   0.001142    16.5805    -1.7084     -3.107     0.0085    -1.1454 -9.990e-29
 146.856730     -3.120   0.001146    16.5782    -1.7085     -3.094     0.0085    -1.1450 -9.990e-29
 146.856736     -3.107   0.001155    16.5799    -1.7082     -3.081     0.0085    -1.1453 -9.990e-29
 146.856742     -3.093   0.001182    16.5857    -1.7079     -3.067     0.0085    -1.1462 -9.990e-29
 146.856748     -3.078   0.001264    16.5916    -1.7074     -3.052     0.0086    -1.1472 -9.990e-29
 146.856753     -3.061   0.001511    16.5959    -1.7070     -3.035     0.0086    -1.1479 -9.990e-29
 146.856759     -3.040   0.001696    16.5992    -1.7076     -3.015     0.0087    -1.1484 -9.990e-29
 146.856765     -3.015   0.001511    16.6000    -1.7080     -2.990     0.0086    -1.1486 -9.990e-29
 146.856771     -2.987   0.001264    16.5968    -1.7084     -2.962     0.0086    -1.1481 -9.990e-29
 146.856777     -2.960   0.001182    16.5926    -1.7087     -2.935     0.0085    -1.1474 -9.990e-29
 146.856782     -2.932   0.001155    16.5921    -1.7086     -2.908     0.0085    -1.1473 -9.990e-29
 146.856788     -2.905   0.001146    16.5969    -1.7089     -2.881     0.0085    -1.1481 -9.990e-29
 146.856794     -2.882   0.001143    16.6054    -1.7084     -2.858     0.0085    -1.1496 -9.990e-29
 146.856800     -2.861   0.001142    16.6139    -1.7080     -2.837     0.0085    -1.1510 -9.990e-29
 146.856806     -2.841   0.001142    16.6165    -1.7078     -2.817     0.0085    -1.1514 -9.990e-29
 146.856811     -2.821   0.001142    16.6112    -1.7078     -2.797     0.0085    -1.1505 -9.990e-29
 146.856817     -2.799   0.001143    16.6020    -1.7076     -2.776     0.0085    -1.1490 -9.990e-29
 146.856823     -2.779   0.001144    16.5926    -1.7076     -2.756     0.0085    -1.1474 -9.990e-29
 146.856829     -2.767   0.001149    16.5858    -1.7075     -2.744     0.0085    -1.1462 -9.990e-29
 146.856834     -2.763   0.001163    16.5831    -1.7080     -2.740     0.0085    -1.1458 -9.990e-29
 146.856840     -2.759   0.001204    16.5845    -1.7082     -2.736     0.0085    -1.1460 -9.990e-29
 146.856846     -2.753   0.001328    16.5904    -1.7089     -2.730     0.0086    -1.1470 -9.990e-29
 146.856852     -2.750   0.001698    16.5983    -1.7087     -2.727     0.0087    -1.1483 -9.990e-29
 146.856858     -2.745   0.002253    16.6047    -1.7083     -2.722     0.0088    -1.1492 -9.990e-29
 146.856863     -2.733   0.002623    16.6089    -1.7077     -2.710     0.0089    -1.1499 -9.990e-29
 146.856869     -2.719   0.002747    16.6115    -1.7072     -2.696     0.0090    -1.1503 -9.990e-29
 146.856875     -2.705   0.002788    16.6122    -1.7067     -2.682     0.0090    -1.1504 -9.990e-29
 146.856881     -2.687   0.002801    16.6097    -1.7069     -2.665     0.0090    -1.1499 -9.990e-29
 146.856887     -2.663   0.002804    16.6033    -1.7061     -2.641     0.0090    -1.1489 -9.990e-29
 146.856892     -2.640   0.002802    16.5945    -1.7052     -2.618     0.0090    -1.1474 -9.990e-29
 146.856898     -2.621   0.002791    16.5878    -1.7052     -2.599     0.0090    -1.1462 -9.990e-29
 146.856904     -2.606   0.002757    16.5889    -1.7052     -2.584     0.0090    -1.1464 -9.990e-29
 146.856910     -2.592   0.002652    16.5980    -1.7059     -2.570     0.0089    -1.1480 -9.990e-29
 146.856916     -2.579   0.002337    16.6107    -1.7067     -2.557     0.0088    -1.1502 -9.990e-29
 146.856921     -2.566   0.001947    16.6241    -1.7078     -2.545     0.0087    -1.1526 -9.990e-29
 146.856927     -2.552   0.001889    16.6357    -1.7089     -2.531     0.0087    -1.1546 -9.990e-29
 146.856933     -2.537   0.002083    16.6465    -1.7092     -2.516     0.0088    -1.1563 -9.990e-29
 146.856939     -2.524   0.002048    16.6602    -1.7086     -2.503     0.0088    -1.1587 -9.990e-29
 146.856944     -2.516   0.001739    16.6735    -1.7082     -2.495     0.0087    -1.1610 -9.990e-29
 146.856950     -2.505   0.001670    16.6791    -1.7087     -2.484     0.0087    -1.1620 -9.990e-29
 146.856956     -2.484   0.001750    16.6743    -1.7092     -2.463     0.0087    -1.1611 -9.990e-29
 146.856962     -2.462   0.001530    16.6598    -1.7105     -2.441     0.0086    -1.1587 -9.990e-29
 146.856968     -2.442   0.001272    16.6377    -1.7113     -2.422     0.0086    -1.1550 -9.990e-29
 146.856973     -2.425   0.001186    16.6120    -1.7119     -2.405     0.0085    -1.1507 -9.990e-29
 146.856979     -2.412   0.001157    16.5908    -1.7119     -2.392     0.0085    -1.1471 -9.990e-29
 146.856985     -2.393   0.001147    16.5819    -1.7119     -2.373     0.0085    -1.1456 -9.990e-29
 146.856991     -2.366   0.001143    16.5836    -1.7119     -2.346     0.0085    -1.1459 -9.990e-29
 146.856997     -2.339   0.001142    16.5848    -1.7118     -2.319     0.0085    -1.1461 -9.990e-29
 146.857002     -2.314   0.001141    16.5770    -1.7111     -2.295     0.0085    -1.1448 -9.990e-29
 146.857008     -2.289   0.001141    16.5596    -1.7104     -2.270     0.0085    -1.1418 -9.990e-29
 146.857014     -2.263   0.001141    16.5364    -1.7099     -2.244     0.0085    -1.1379 -9.990e-29
 146.857020     -2.238   0.001141    16.5144    -1.7094     -2.219     0.0085    -1.1342 -9.990e-29
 146.857025     -2.222   0.001141    16.4995    -1.7085     -2.203     0.0085    -1.1317 -9.990e-29
 146.857031     -2.213   0.001140    16.4931    -1.7078     -2.195     0.0085    -1.1306 -9.990e-29
 146.857037     -2.203   0.001140    16.4921    -1.7076     -2.185     0.0085    -1.1305 -9.990e-29
 146.857043     -2.190   0.001140    16.4942    -1.7073     -2.172     0.0085    -1.1308 -9.990e-29
 146.857049     -2.179   0.001140    16.5013    -1.7076     -2.161     0.0085    -1.1320 -9.990e-29
 146.857054     -2.168   0.001140    16.5148    -1.7083     -2.150     0.0085    -1.1343 -9.990e-29
 146.857060     -2.161   0.001139    16.5317    -1.7085     -2.143     0.0085    -1.1371 -9.990e-29
 146.857066     -2.157   0.001139    16.5494    -1.7082     -2.139     0.0085    -1.1401 -9.990e-29
 146.857072     -2.149   0.001139    16.5681    -1.7076     -2.131     0.0085    -1.1432 -9.990e-29
 146.857078     -2.134   0.001139    16.5874    -1.7070     -2.116     0.0085    -1.1465 -9.990e-29
 146.857083     -2.121   0.001139    16.6034    -1.7068     -2.103     0.0085    -1.1492 -9.990e-29
 146.857089     -2.110   0.001138    16.6132    -1.7066     -2.092     0.0085    -1.1509 -9.990e-29
 146.857095     -2.094   0.001138    16.6161    -1.7068     -2.077     0.0085    -1.1514 -9.990e-29
 146.857101     -2.078   0.001139    16.6116    -1.7071     -2.061     0.0085    -1.1506 -9.990e-29
 146.857106     -2.064   0.001140    16.6037    -1.7076     -2.047     0.0085    -1.1493 -9.990e-29
 146.857112     -2.051   0.001143    16.6004    -1.7078     -2.034     0.0085    -1.1487 -9.990e-29
 146.857118     -2.040   0.001152    16.6057    -1.7079     -2.023     0.0085    -1.1496 -9.990e-29
 146.857124     -2.029   0.001180    16.6171    -1.7084     -2.012     0.0085    -1.1515 -9.990e-29
