data/oxygen options/ONMS/Olympic_Coast_National_Marine_Sanctuary_CTD_Data_2005_2023/raw_data/2015/CAST_CA015_150928faed.cnv
* Sea-Bird SBE19 Data File:
* FileName = C:\2015 Mooring Data\Casts\CAST_CA015_150928.hex
* Software Version 1.59
* Temperature SN = 2997
* Conductivity SN = 2997
* System UpLoad Time = Sep 28 2015 23:01:39
** CAST_CA015_150928
* ds
# nquan = 9                                 
# nvalues = 899                         
# units = specified
# name 0 = timeJ: Julian Days
# name 1 = prSM: Pressure, Strain Gauge [db]
# name 2 = c0mS/cm: Conductivity [mS/cm]
# name 3 = t090C: Temperature [ITS-90, deg C]
# name 4 = sbeox0ML/L: Oxygen, SBE 43 [ml/l]
# name 5 = depSM: Depth [salt water, m], lat = 47.5
# name 6 = sal00: Salinity, Practical [PSU]
# name 7 = sigma-é00: Density [sigma-theta, kg/m^3]
# name 8 = flag: flag
# span 0 = 271.933877, 271.939074       
# span 1 =     -4.898,     18.462       
# span 2 =   0.559948,  40.081506       
# span 3 =    11.4217,    19.2815       
# span 4 =    -1.6779,    10.1221       
# span 5 =     -4.857,     18.307       
# span 6 =     0.3159,    33.3317       
# span 7 =    -1.3796,    24.9119       
# span 8 = 0.0000e+00, 0.0000e+00       
# interval = seconds: 0.5
# start_time = Sep 28 2015 22:24:47 [Instrument's time stamp, header]
# bad_flag = -9.990e-29
*END*
 271.933877     -4.898 -9.990e-29    17.3241    -1.6779     -4.857 -9.990e-29 -9.990e-29 -9.990e-29
 271.933883     -4.869   0.562642    17.3323    -1.6777     -4.828     0.3229    -1.0336 -9.990e-29
 271.933889     -4.837   0.562991    17.3444    -1.6773     -4.797     0.3230    -1.0356 -9.990e-29
 271.933895     -4.802   0.563483    17.3588    -1.6772     -4.762     0.3232    -1.0381 -9.990e-29
 271.933900     -4.763   0.563663    17.3734    -1.6767     -4.723     0.3232    -1.0407 -9.990e-29
 271.933906     -4.723   0.563399    17.3859    -1.6768     -4.684     0.3229    -1.0431 -9.990e-29
 271.933912     -4.681   0.562898    17.3949    -1.6765     -4.642     0.3226    -1.0450 -9.990e-29
 271.933918     -4.641   0.562232    17.4014    -1.6761     -4.602     0.3221    -1.0465 -9.990e-29
 271.933924     -4.609   0.561623    17.4066    -1.6762     -4.571     0.3217    -1.0477 -9.990e-29
 271.933929     -4.581   0.561557    17.4116    -1.6762     -4.543     0.3216    -1.0487 -9.990e-29
 271.933935     -4.553   0.561946    17.4179    -1.6762     -4.515     0.3218    -1.0497 -9.990e-29
 271.933941     -4.526   0.562201    17.4257    -1.6761     -4.488     0.3219    -1.0510 -9.990e-29
 271.933947     -4.503   0.562107    17.4337    -1.6759     -4.465     0.3218    -1.0525 -9.990e-29
 271.933953     -4.482   0.562097    17.4409    -1.6753     -4.445     0.3217    -1.0539 -9.990e-29
 271.933958     -4.463   0.562713    17.4467    -1.6749     -4.426     0.3221    -1.0547 -9.990e-29
 271.933964     -4.444   0.563668    17.4529    -1.6745     -4.407     0.3226    -1.0554 -9.990e-29
 271.933970     -4.424   0.564573    17.4585    -1.6742     -4.387     0.3231    -1.0560 -9.990e-29
 271.933976     -4.402   0.565525    17.4615    -1.6737     -4.365     0.3236    -1.0561 -9.990e-29
 271.933981     -4.376   0.566127    17.4629    -1.6736     -4.340     0.3239    -1.0561 -9.990e-29
 271.933987     -4.349   0.566075    17.4651    -1.6731     -4.313     0.3239    -1.0565 -9.990e-29
 271.933993     -4.319   0.565856    17.4697    -1.6725     -4.283     0.3237    -1.0575 -9.990e-29
 271.933999     -4.281   0.565734    17.4780    -1.6722     -4.245     0.3236    -1.0591 -9.990e-29
 271.934005     -4.239   0.565548    17.4899    -1.6719     -4.204     0.3234    -1.0614 -9.990e-29
 271.934010     -4.200   0.565053    17.5033    -1.6714     -4.165     0.3230    -1.0641 -9.990e-29
 271.934016     -4.162   0.564144    17.5163    -1.6708     -4.127     0.3224    -1.0669 -9.990e-29
 271.934022     -4.122   0.563277    17.5286    -1.6704     -4.088     0.3218    -1.0696 -9.990e-29
 271.934028     -4.082   0.562960    17.5397    -1.6699     -4.048     0.3215    -1.0718 -9.990e-29
 271.934034     -4.048   0.563329    17.5500    -1.6698     -4.014     0.3216    -1.0736 -9.990e-29
 271.934039     -4.018   0.564322    17.5626    -1.6695     -3.985     0.3221    -1.0755 -9.990e-29
 271.934045     -3.985   0.565598    17.5768    -1.6691     -3.952     0.3228    -1.0775 -9.990e-29
 271.934051     -3.952   0.566640    17.5898    -1.6683     -3.919     0.3233    -1.0795 -9.990e-29
 271.934057     -3.920   0.567171    17.6025    -1.6675     -3.887     0.3235    -1.0816 -9.990e-29
 271.934062     -3.889   0.567347    17.6172    -1.6669     -3.857     0.3235    -1.0843 -9.990e-29
 271.934068     -3.855   0.567403    17.6329    -1.6669     -3.823     0.3234    -1.0872 -9.990e-29
 271.934074     -3.818   0.567417    17.6475    -1.6667     -3.786     0.3233    -1.0899 -9.990e-29
 271.934080     -3.778   0.567409    17.6598    -1.6667     -3.747     0.3232    -1.0923 -9.990e-29
 271.934086     -3.741   0.567369    17.6701    -1.6663     -3.710     0.3231    -1.0942 -9.990e-29
 271.934091     -3.710   0.567245    17.6814    -1.6662     -3.679     0.3229    -1.0964 -9.990e-29
 271.934097     -3.683   0.566874    17.6967    -1.6662     -3.652     0.3226    -1.0994 -9.990e-29
 271.934103     -3.657   0.566316    17.7157    -1.6662     -3.627     0.3221    -1.1032 -9.990e-29
 271.934109     -3.632   0.565940    17.7349    -1.6654     -3.602     0.3218    -1.1070 -9.990e-29
 271.934115     -3.606   0.565803    17.7496    -1.6640     -3.576     0.3216    -1.1099 -9.990e-29
 271.934120     -3.576   0.565721    17.7586    -1.6629     -3.546     0.3215    -1.1116 -9.990e-29
 271.934126     -3.542   0.565588    17.7648    -1.6621     -3.512     0.3214    -1.1128 -9.990e-29
 271.934132     -3.504   0.565226    17.7707    -1.6615     -3.475     0.3211    -1.1141 -9.990e-29
 271.934138     -3.471   0.564708    17.7767    -1.6609     -3.442     0.3207    -1.1155 -9.990e-29
 271.934144     -3.442   0.564455    17.7820    -1.6607     -3.413     0.3206    -1.1166 -9.990e-29
 271.934149     -3.418   0.564687    17.7872    -1.6606     -3.390     0.3207    -1.1175 -9.990e-29
 271.934155     -3.395   0.565160    17.7981    -1.6609     -3.367     0.3209    -1.1193 -9.990e-29
 271.934161     -3.374   0.565396    17.8203    -1.6608     -3.346     0.3208    -1.1234 -9.990e-29
 271.934167     -3.351   0.565156    17.8512    -1.6607     -3.323     0.3205    -1.1294 -9.990e-29
 271.934172     -3.331   0.564676    17.8821    -1.6607     -3.303     0.3199    -1.1354 -9.990e-29
 271.934178     -3.316   0.564429    17.9082    -1.6604     -3.288     0.3196    -1.1405 -9.990e-29
 271.934184     -3.301   0.564643    17.9290    -1.6603     -3.273     0.3196    -1.1444 -9.990e-29
 271.934190     -3.281   0.565047    17.9443    -1.6596     -3.254     0.3197    -1.1471 -9.990e-29
 271.934196     -3.258   0.565074    17.9531    -1.6592     -3.231     0.3196    -1.1488 -9.990e-29
 271.934201     -3.236   0.564760    17.9560    -1.6594     -3.209     0.3194    -1.1495 -9.990e-29
 271.934207     -3.213   0.564798    17.9560    -1.6593     -3.186     0.3195    -1.1495 -9.990e-29
 271.934213     -3.192   0.565241    17.9567    -1.6593     -3.165     0.3197    -1.1494 -9.990e-29
 271.934219     -3.176   0.565569    17.9593    -1.6592     -3.150     0.3199    -1.1497 -9.990e-29
 271.934225     -3.159   0.565665    17.9637    -1.6592     -3.133     0.3199    -1.1505 -9.990e-29
 271.934230     -3.137   0.565660    17.9703    -1.6594     -3.111     0.3199    -1.1518 -9.990e-29
 271.934236     -3.111   0.565549    17.9796    -1.6595     -3.085     0.3197    -1.1536 -9.990e-29
 271.934242     -3.086   0.565185    17.9912    -1.6595     -3.060     0.3194    -1.1560 -9.990e-29
 271.934248     -3.059   0.564637    17.9999    -1.6595     -3.033     0.3190    -1.1579 -9.990e-29
 271.934253     -3.028   0.564288    18.0034    -1.6590     -3.003     0.3188    -1.1587 -9.990e-29
 271.934259     -2.996   0.564228    18.0046    -1.6587     -2.971     0.3188    -1.1590 -9.990e-29
 271.934265     -2.969   0.564380    18.0055    -1.6587     -2.944     0.3189    -1.1591 -9.990e-29
 271.934271     -2.946   0.564390    18.0063    -1.6590     -2.921     0.3189    -1.1592 -9.990e-29
 271.934277     -2.920   0.563718    18.0058    -1.6591     -2.896     0.3185    -1.1594 -9.990e-29
 271.934282     -2.896   0.562580    18.0039    -1.6593     -2.872     0.3178    -1.1596 -9.990e-29
 271.934288     -2.874   0.561682    18.0027    -1.6595     -2.850     0.3173    -1.1598 -9.990e-29
 271.934294     -2.854   0.561492    18.0035    -1.6591     -2.830     0.3172    -1.1600 -9.990e-29
 271.934300     -2.835   0.561759    18.0072    -1.6586     -2.811     0.3173    -1.1606 -9.990e-29
 271.934306     -2.815   0.561730    18.0140    -1.6585     -2.792     0.3172    -1.1619 -9.990e-29
 271.934311     -2.793   0.561368    18.0199    -1.6586     -2.770     0.3170    -1.1632 -9.990e-29
 271.934317     -2.768   0.561301    18.0207    -1.6585     -2.745     0.3169    -1.1634 -9.990e-29
 271.934323     -2.742   0.561996    18.0171    -1.6581     -2.719     0.3174    -1.1624 -9.990e-29
 271.934329     -2.723   0.563273    18.0125    -1.6576     -2.700     0.3182    -1.1609 -9.990e-29
 271.934334     -2.708   0.564060    18.0091    -1.6573     -2.685     0.3186    -1.1599 -9.990e-29
 271.934340     -2.689   0.563741    18.0098    -1.6571     -2.667     0.3184    -1.1602 -9.990e-29
 271.934346     -2.665   0.563004    18.0160    -1.6570     -2.643     0.3180    -1.1617 -9.990e-29
 271.934352     -2.642   0.562533    18.0242    -1.6570     -2.620     0.3176    -1.1635 -9.990e-29
 271.934358     -2.623   0.562256    18.0296    -1.6570     -2.601     0.3174    -1.1647 -9.990e-29
 271.934363     -2.607   0.561803    18.0331    -1.6566     -2.585     0.3171    -1.1655 -9.990e-29
 271.934369     -2.594   0.561129    18.0391    -1.6558     -2.572     0.3167    -1.1670 -9.990e-29
 271.934375     -2.581   0.560444    18.0489    -1.6548     -2.559     0.3162    -1.1692 -9.990e-29
 271.934381     -2.569   0.559948    18.0600    -1.6543     -2.548     0.3159    -1.1715 -9.990e-29
 271.934387     -2.556   0.560092    18.0692    -1.6542     -2.535     0.3159    -1.1732 -9.990e-29
 271.934392     -2.541   0.561069    18.0755    -1.6542     -2.520     0.3164    -1.1740 -9.990e-29
 271.934398     -2.525   0.562516    18.0796    -1.6540     -2.504     0.3172    -1.1741 -9.990e-29
 271.934404     -2.505   0.563588    18.0836    -1.6537     -2.484     0.3178    -1.1744 -9.990e-29
 271.934410     -2.481   0.563497    18.0908    -1.6531     -2.460     0.3177    -1.1758 -9.990e-29
 271.934416     -2.456   0.562679    18.1042    -1.6524     -2.436     0.3171    -1.1788 -9.990e-29
 271.934421     -2.431   0.562264    18.1243    -1.6518     -2.411     0.3167    -1.1828 -9.990e-29
 271.934427     -2.405   0.562811    18.1457    -1.6514     -2.385     0.3169    -1.1867 -9.990e-29
 271.934433     -2.382   0.563938    18.1616    -1.6513     -2.362     0.3174    -1.1893 -9.990e-29
 271.934439     -2.363   0.564932    18.1705    -1.6506     -2.343     0.3180    -1.1905 -9.990e-29
 271.934444     -2.348   0.565452    18.1763    -1.6503     -2.328     0.3182    -1.1914 -9.990e-29
 271.934450     -2.335   0.565638    18.1836    -1.6501     -2.316     0.3183    -1.1928 -9.990e-29
 271.934456     -2.324   0.565741    18.1951    -1.6498     -2.305     0.3182    -1.1949 -9.990e-29
 271.934462     -2.314   0.565897    18.2110    -1.6493     -2.295     0.3182    -1.1979 -9.990e-29
 271.934468     -2.305   0.566318    18.2291    -1.6488     -2.286     0.3183    -1.2013 -9.990e-29
 271.934473     -2.296   0.567010    18.2457    -1.6481     -2.277     0.3186    -1.2042 -9.990e-29
 271.934479     -2.286   0.567789    18.2588    -1.6476     -2.267     0.3190    -1.2064 -9.990e-29
 271.934485     -2.274   0.568585    18.2706    -1.6475     -2.255     0.3193    -1.2083 -9.990e-29
 271.934491     -2.261   0.569348    18.2835    -1.6474     -2.242     0.3197    -1.2105 -9.990e-29
 271.934497     -2.244   0.569989    18.2957    -1.6474     -2.225     0.3200    -1.2126 -9.990e-29
 271.934502     -2.224   0.570253    18.3066    -1.6472     -2.205     0.3200    -1.2146 -9.990e-29
 271.934508     -2.202   0.569938    18.3183    -1.6468     -2.184     0.3198    -1.2170 -9.990e-29
 271.934514     -2.183   0.569182    18.3327    -1.6466     -2.165     0.3192    -1.2201 -9.990e-29
 271.934520     -2.160   0.568643    18.3498    -1.6464     -2.142     0.3188    -1.2237 -9.990e-29
 271.934525     -2.131   0.568714    18.3668    -1.6461     -2.113     0.3187    -1.2270 -9.990e-29
 271.934531     -2.105   0.568935    18.3797    -1.6457     -2.087     0.3187    -1.2294 -9.990e-29
 271.934537     -2.083   0.569049    18.3875    -1.6451     -2.066     0.3187    -1.2309 -9.990e-29
 271.934543     -2.063   0.569207    18.3924    -1.6445     -2.046     0.3188    -1.2318 -9.990e-29
 271.934549     -2.045   0.569622    18.3966    -1.6441     -2.028     0.3190    -1.2324 -9.990e-29
 271.934554     -2.027   0.570296    18.4026    -1.6435     -2.010     0.3193    -1.2333 -9.990e-29
 271.934560     -2.009   0.571016    18.4107    -1.6432     -1.992     0.3197    -1.2345 -9.990e-29
 271.934566     -1.989   0.571636    18.4192    -1.6430     -1.972     0.3200    -1.2359 -9.990e-29
 271.934572     -1.966   0.571873    18.4284    -1.6429     -1.950     0.3201    -1.2376 -9.990e-29
 271.934578     -1.943   0.571488    18.4398    -1.6425     -1.927     0.3198    -1.2400 -9.990e-29
 271.934583     -1.922   0.570524    18.4539    -1.6420     -1.906     0.3191    -1.2432 -9.990e-29
 271.934589     -1.902   0.569362    18.4699    -1.6416     -1.886     0.3183    -1.2469 -9.990e-29
 271.934595     -1.887   0.568675    18.4865    -1.6413     -1.871     0.3178    -1.2504 -9.990e-29
 271.934601     -1.874   0.568842    18.5030    -1.6411     -1.858     0.3178    -1.2536 -9.990e-29
 271.934606     -1.860   0.569532    18.5178    -1.6408     -1.844     0.3181    -1.2562 -9.990e-29
 271.934612     -1.847   0.570187    18.5288    -1.6404     -1.832     0.3184    -1.2581 -9.990e-29
 271.934618     -1.840   0.570569    18.5370    -1.6400     -1.825     0.3185    -1.2595 -9.990e-29
 271.934624     -1.832   0.570818    18.5456    -1.6395     -1.817     0.3186    -1.2611 -9.990e-29
 271.934630     -1.820   0.571265    18.5567    -1.6390     -1.805     0.3188    -1.2631 -9.990e-29
 271.934635     -1.807   0.571950    18.5695    -1.6386     -1.792     0.3191    -1.2653 -9.990e-29
 271.934641     -1.796   0.572676    18.5818    -1.6381     -1.781     0.3194    -1.2674 -9.990e-29
 271.934647     -1.787   0.573301    18.5922    -1.6380     -1.772     0.3197    -1.2692 -9.990e-29
 271.934653     -1.779   0.573551    18.6019    -1.6377     -1.764     0.3197    -1.2710 -9.990e-29
 271.934659     -1.771   0.573202    18.6128    -1.6376     -1.756     0.3195    -1.2733 -9.990e-29
 271.934664     -1.764   0.572343    18.6249    -1.6374     -1.749     0.3189    -1.2761 -9.990e-29
 271.934670     -1.757   0.571495    18.6381    -1.6373     -1.742     0.3183    -1.2791 -9.990e-29
 271.934676     -1.748   0.571190    18.6528    -1.6368     -1.733     0.3180    -1.2821 -9.990e-29
 271.934682     -1.739   0.571576    18.6676    -1.6365     -1.724     0.3181    -1.2849 -9.990e-29
 271.934688     -1.727   0.572614    18.6811    -1.6362     -1.713     0.3186    -1.2871 -9.990e-29
 271.934693     -1.708   0.574022    18.6927    -1.6358     -1.694     0.3194    -1.2888 -9.990e-29
 271.934699     -1.678   0.575459    18.7021    -1.6356     -1.664     0.3201    -1.2900 -9.990e-29
 271.934705     -1.641   0.576619    18.7099    -1.6355     -1.627     0.3207    -1.2911 -9.990e-29
 271.934711     -1.609   0.576829    18.7169    -1.6353     -1.596     0.3208    -1.2924 -9.990e-29
 271.934716     -1.584   0.575814    18.7239    -1.6353     -1.571     0.3201    -1.2942 -9.990e-29
 271.934722     -1.565   0.574440    18.7323    -1.6352     -1.552     0.3193    -1.2965 -9.990e-29
 271.934728     -1.549   0.573650    18.7423    -1.6351     -1.536     0.3188    -1.2988 -9.990e-29
 271.934734     -1.537   0.574057    18.7527    -1.6349     -1.524     0.3189    -1.3007 -9.990e-29
 271.934740     -1.528   0.575647    18.7630    -1.6347     -1.515     0.3198    -1.3021 -9.990e-29
 271.934745     -1.520   0.577765    18.7725    -1.6345     -1.507     0.3209    -1.3031 -9.990e-29
 271.934751     -1.513   0.579903    18.7797    -1.6342     -1.500     0.3221    -1.3036 -9.990e-29
 271.934757     -1.508   0.581584    18.7848    -1.6340     -1.495     0.3230    -1.3038 -9.990e-29
 271.934763     -1.503   0.582272    18.7891    -1.6339     -1.490     0.3234    -1.3044 -9.990e-29
 271.934769     -1.498   0.581776    18.7930    -1.6337     -1.486     0.3230    -1.3054 -9.990e-29
 271.934774     -1.493   0.580542    18.7968    -1.6335     -1.481     0.3223    -1.3067 -9.990e-29
 271.934780     -1.487   0.579144    18.8010    -1.6332     -1.475     0.3215    -1.3081 -9.990e-29
 271.934786     -1.481   0.577939    18.8061    -1.6329     -1.469     0.3208    -1.3097 -9.990e-29
 271.934792     -1.474   0.577541    18.8121    -1.6326     -1.462     0.3205    -1.3111 -9.990e-29
 271.934797     -1.465   0.578528    18.8191    -1.6324     -1.453     0.3210    -1.3120 -9.990e-29
