data/oxygen options/ONMS/Olympic_Coast_National_Marine_Sanctuary_CTD_Data_2005_2023/raw_data/2015/CAST_CE015_150826faed.cnv
* Sea-Bird SBE19 Data File:
* FileName = C:\2015 Mooring Data\Casts\CAST_CE015_150826.hex
* Software Version 1.59
* Temperature SN = 2997
* Conductivity SN = 2997
* System UpLoad Time = Aug 26 2015 21:55:23
** CAST_CE015_150826
* ds
# nquan = 9                                 
# nvalues = 765                         
# units = specified
# name 0 = timeJ: Julian Days
# name 1 = prSM: Pressure, Strain Gauge [db]
# name 2 = c0mS/cm: Conductivity [mS/cm]
# name 3 = t090C: Temperature [ITS-90, deg C]
# name 4 = sbeox0ML/L: Oxygen, SBE 43 [ml/l]
# name 5 = depSM: Depth [salt water, m], lat = 47.5
# name 6 = sal00: Salinity, Practical [PSU]
# name 7 = sigma-é00: Density [sigma-theta, kg/m^3]
# name 8 = flag: flag
# span 0 = 238.907755, 238.912176       
# span 1 =     -1.482,     16.440       
# span 2 =   0.690780,  40.566649       
# span 3 =     8.8628,    20.4905       
# span 4 =    -1.6915,    13.5640       
# span 5 =     -1.470,     16.302       
# span 6 =     0.3748,    33.6985       
# span 7 =    -1.5991,    25.8730       
# span 8 = 0.0000e+00, 0.0000e+00       
# interval = seconds: 0.5
# start_time = Aug 26 2015 21:47:10 [Instrument's time stamp, header]
# bad_flag = -9.990e-29
*END*
[from data line 481]
 238.910538      1.838  39.377091    13.7395     8.2786      1.823    32.8446    24.5754 -9.990e-29
 238.910544      1.827  39.368791    13.7323     8.2850      1.812    32.8431    24.5757 -9.990e-29
 238.910550      1.823  39.361407    13.7294     8.3050      1.808    32.8387    24.5729 -9.990e-29
 238.910556      1.821  39.359703    13.7292     8.3370      1.806    32.8373    24.5718 -9.990e-29
 238.910561      1.816  39.361060    13.7288     8.3522      1.801    32.8389    24.5732 -9.990e-29
 238.910567      1.811  39.362235    13.7256     8.3564      1.796    32.8428    24.5768 -9.990e-29
 238.910573      1.812  39.360983    13.7198     8.3509      1.797    32.8466    24.5809 -9.990e-29
 238.910579      1.818  39.356624    13.7169     8.3213      1.803    32.8450    24.5803 -9.990e-29
 238.910584      1.829  39.353482    13.7221     8.3084      1.814    32.8376    24.5735 -9.990e-29
 238.910590      1.843  39.361253    13.7304     8.2884      1.828    32.8377    24.5719 -9.990e-29
 238.910596      1.850  39.377833    13.7333     8.3033      1.835    32.8506    24.5813 -9.990e-29
 238.910602      1.853  39.385392    13.7319     8.3254      1.838    32.8589    24.5880 -9.990e-29
 238.910608      1.854  39.380424    13.7317     8.3425      1.839    32.8544    24.5846 -9.990e-29
 238.910613      1.855  39.375797    13.7343     8.3651      1.840    32.8479    24.5790 -9.990e-29
 238.910619      1.860  39.375303    13.7360     8.3519      1.844    32.8460    24.5772 -9.990e-29
 238.910625      1.868  39.372546    13.7349     8.3284      1.852    32.8444    24.5761 -9.990e-29
 238.910631      1.872  39.369886    13.7318     8.3050      1.856    32.8445    24.5769 -9.990e-29
 238.910637      1.868  39.370935    13.7257     8.3038      1.852    32.8507    24.5829 -9.990e-29
 238.910642      1.861  39.369672    13.7177     8.3237      1.845    32.8564    24.5890 -9.990e-29
 238.910648      1.857  39.363720    13.7112     8.3435      1.841    32.8565    24.5903 -9.990e-29
 238.910654      1.861  39.353420    13.7083     8.3506      1.845    32.8494    24.5854 -9.990e-29
 238.910660      1.869  39.345092    13.7085     8.3390      1.853    32.8415    24.5793 -9.990e-29
 238.910666      1.877  39.347122    13.7094     8.3033      1.861    32.8426    24.5799 -9.990e-29
 238.910671      1.890  39.352554    13.7080     8.2772      1.874    32.8488    24.5851 -9.990e-29
 238.910677      1.910  39.352241    13.7053     8.2792      1.894    32.8508    24.5872 -9.990e-29
 238.910683      1.927  39.349560    13.7062     8.2976      1.911    32.8476    24.5845 -9.990e-29
 238.910689      1.940  39.352017    13.7097     8.3292      1.924    32.8468    24.5832 -9.990e-29
 238.910694      1.950  39.356588    13.7129     8.3469      1.934    32.8483    24.5837 -9.990e-29
 238.910700      1.956  39.359707    13.7199     8.3432      1.940    32.8452    24.5799 -9.990e-29
 238.910706      1.959  39.368767    13.7334     8.3245      1.943    32.8421    24.5747 -9.990e-29
 238.910712      1.960  39.385623    13.7480     8.2870      1.944    32.8452    24.5741 -9.990e-29
 238.910718      1.958  39.400104    13.7558     8.2490      1.942    32.8520    24.5778 -9.990e-29
 238.910723      1.953  39.405599    13.7565     8.2396      1.937    32.8565    24.5811 -9.990e-29
 238.910729      1.946  39.405943    13.7556     8.2694      1.930    32.8576    24.5822 -9.990e-29
 238.910735      1.935  39.405949    13.7572     8.3006      1.919    32.8563    24.5808 -9.990e-29
 238.910741      1.924  39.408296    13.7617     8.3463      1.908    32.8546    24.5786 -9.990e-29
 238.910747      1.917  39.414862    13.7693     8.3447      1.901    32.8542    24.5767 -9.990e-29
 238.910752      1.913  39.423619    13.7777     8.3090      1.897    32.8551    24.5757 -9.990e-29
 238.910758      1.912  39.429853    13.7829     8.3057      1.896    32.8564    24.5757 -9.990e-29
 238.910764      1.910  39.431653    13.7852     8.3106      1.894    32.8561    24.5750 -9.990e-29
 238.910770      1.902  39.430730    13.7877     8.3296      1.886    32.8531    24.5721 -9.990e-29
 238.910775      1.892  39.430210    13.7903     8.3504      1.876    32.8504    24.5695 -9.990e-29
 238.910781      1.888  39.431510    13.7919     8.3539      1.872    32.8503    24.5691 -9.990e-29
 238.910787      1.894  39.433990    13.7915     8.3250      1.878    32.8529    24.5712 -9.990e-29
 238.910793      1.906  39.432979    13.7860     8.3022      1.890    32.8567    24.5752 -9.990e-29
 238.910799      1.916  39.419147    13.7791     8.2891      1.900    32.8498    24.5713 -9.990e-29
 238.910804      1.921  39.404196    13.7785     8.3010      1.905    32.8364    24.5611 -9.990e-29
 238.910810      1.917  39.406746    13.7806     8.3218      1.901    32.8369    24.5611 -9.990e-29
 238.910816      1.903  39.412682    13.7783     8.3339      1.887    32.8444    24.5673 -9.990e-29
 238.910822      1.888  39.410164    13.7736     8.3169      1.872    32.8461    24.5696 -9.990e-29
 238.910828      1.873  39.409725    13.7711     8.3038      1.857    32.8479    24.5715 -9.990e-29
 238.910833      1.864  39.410645    13.7714     8.3187      1.848    32.8485    24.5719 -9.990e-29
 238.910839      1.862  39.400002    13.7720     8.3397      1.846    32.8381    24.5637 -9.990e-29
 238.910845      1.865  39.387023    13.7724     8.3662      1.849    32.8257    24.5540 -9.990e-29
 238.910851      1.868  39.389035    13.7712     8.3670      1.852    32.8286    24.5565 -9.990e-29
 238.910856      1.871  39.394573    13.7613     8.3491      1.855    32.8422    24.5691 -9.990e-29
 238.910862      1.875  39.386779    13.7316     8.3039      1.859    32.8604    24.5892 -9.990e-29
 238.910868      1.883  39.356254    13.6850     8.2968      1.867    32.8720    24.6077 -9.990e-29
 238.910874      1.897  39.311507    13.6491     8.3185      1.881    32.8612    24.6066 -9.990e-29
 238.910880      1.908  39.285814    13.6427     8.3441      1.892    32.8427    24.5936 -9.990e-29
 238.910885      1.913  39.290190    13.6545     8.3609      1.897    32.8367    24.5865 -9.990e-29
 238.910891      1.913  39.303979    13.6654     8.3531      1.897    32.8402    24.5870 -9.990e-29
 238.910897      1.912  39.312355    13.6656     8.3438      1.896    32.8478    24.5929 -9.990e-29
 238.910903      1.914  39.307858    13.6552     8.3067      1.898    32.8525    24.5987 -9.990e-29
 238.910909      1.915  39.281559    13.6454     8.2978      1.899    32.8364    24.5882 -9.990e-29
 238.910914      1.910  39.263304    13.6490     8.3173      1.894    32.8163    24.5720 -9.990e-29
 238.910920      1.900  39.280203    13.6633     8.3367      1.884    32.8198    24.5717 -9.990e-29
 238.910926      1.887  39.301948    13.6764     8.3675      1.871    32.8288    24.5760 -9.990e-29
 238.910932      1.880  39.311987    13.6790     8.3564      1.864    32.8359    24.5810 -9.990e-29
 238.910937      1.882  39.312926    13.6694     8.3402      1.866    32.8451    24.5900 -9.990e-29
 238.910943      1.895  39.300283    13.6522     8.3384      1.879    32.8480    24.5958 -9.990e-29
 238.910949      1.913  39.282301    13.6351     8.3331      1.897    32.8460    24.5977 -9.990e-29
 238.910955      1.930  39.271878    13.6239     8.3455      1.914    32.8459    24.5999 -9.990e-29
 238.910961      1.942  39.269561    13.6144     8.3218      1.926    32.8519    24.6064 -9.990e-29
 238.910966      1.951  39.264273    13.6050     8.3084      1.935    32.8550    24.6108 -9.990e-29
 238.910972      1.957  39.258927    13.5988     8.3091      1.941    32.8554    24.6123 -9.990e-29
 238.910978      1.960  39.262523    13.5991     8.3202      1.944    32.8584    24.6146 -9.990e-29
 238.910984      1.965  39.270191    13.6149     8.3346      1.949    32.8520    24.6064 -9.990e-29
 238.910990      1.980  39.284732    13.6418     8.3499      1.963    32.8425    24.5936 -9.990e-29
 238.910995      2.007  39.305218    13.6597     8.3339      1.990    32.8462    24.5928 -9.990e-29
 238.911001      2.038  39.310616    13.6604     8.3326      2.021    32.8506    24.5961 -9.990e-29
 238.911007      2.072  39.299026    13.6499     8.3487      2.055    32.8488    24.5968 -9.990e-29
 238.911013      2.111  39.289634    13.6335     8.3843      2.093    32.8541    24.6043 -9.990e-29
 238.911019      2.157  39.286048    13.6144     8.4245      2.139    32.8672    24.6183 -9.990e-29
 238.911024      2.212  39.276063    13.5956     8.4508      2.194    32.8740    24.6273 -9.990e-29
 238.911030      2.285  39.254081    13.5747     8.4139      2.266    32.8714    24.6296 -9.990e-29
 238.911036      2.385  39.219816    13.5438     8.2787      2.365    32.8660    24.6316 -9.990e-29
 238.911042      2.510  39.172867    13.5032     8.0168      2.489    32.8570    24.6329 0.0000e+00
 238.911047      2.649  39.120030    13.4635     7.5874      2.627    32.8417    24.6291 0.0000e+00
 238.911053      2.800  39.078751    13.4212     7.1194      2.777    32.8394    24.6358 0.0000e+00
 238.911059      2.964  39.049923    13.3589     6.7186      2.939    32.8661    24.6690 0.0000e+00
 238.911065      3.141  38.997775    13.2678     6.5574      3.115    32.8958    24.7101 0.0000e+00
 238.911071      3.331  38.901982    13.1449     6.7175      3.303    32.9120    24.7471 0.0000e+00
 238.911076      3.529  38.764200    12.9955     7.0361      3.500    32.9115    24.7763 0.0000e+00
 238.911082      3.734  38.573825    12.8458     7.3382      3.703    32.8612    24.7667 0.0000e+00
 238.911088      3.946  38.375141    12.7084     7.4808      3.913    32.7918    24.7397 0.0000e+00
 238.911094      4.162  38.251794    12.5500     7.3925      4.127    32.8121    24.7860 0.0000e+00
 238.911100      4.383  38.181004    12.3440     7.1531      4.346    32.9245    24.9126 0.0000e+00
 238.911105      4.615  38.080012    12.1142     6.8479      4.576    33.0297    25.0378 0.0000e+00
 238.911111      4.858  37.935099    11.9105     6.5451      4.817    33.0698    25.1071 0.0000e+00
 238.911117      5.108  37.782725    11.7695     6.2085      5.065    33.0469    25.1155 0.0000e+00
 238.911123      5.354  37.643218    11.6844     5.8608      5.309    32.9865    25.0843 0.0000e+00
 238.911128      5.592  37.510903    11.6160     5.5631      5.545    32.9180    25.0437 0.0000e+00
 238.911134      5.822  37.402595    11.5236     5.3456      5.773    32.8941    25.0420 0.0000e+00
 238.911140      6.051  37.334056    11.3815     5.2472      6.000    32.9534    25.1139 0.0000e+00
 238.911146      6.285  37.278232    11.2072     5.2276      6.232    33.0544    25.2238 0.0000e+00
 238.911152      6.531  37.205394    11.0505     5.2347      6.476    33.1232    25.3054 0.0000e+00
 238.911157      6.786  37.119163    10.9415     5.2373      6.729    33.1360    25.3347 0.0000e+00
 238.911163      7.042  37.051253    10.8837     5.1869      6.983    33.1206    25.3330 0.0000e+00
 238.911169      7.293  37.016336    10.8615     5.0781      7.232    33.1058    25.3254 0.0000e+00
 238.911175      7.539  37.000221    10.8483     4.8726      7.476    33.1016    25.3244 0.0000e+00
 238.911181      7.781  36.991379    10.8260     4.5987      7.716    33.1129    25.3371 0.0000e+00
 238.911186      8.027  36.982379    10.7925     4.2528      7.960    33.1341    25.3595 0.0000e+00
 238.911192      8.280  36.966704    10.7543     3.8941      8.211    33.1530    25.3809 0.0000e+00
 238.911198      8.539  36.941820    10.7097     3.5404      8.468    33.1685    25.4008 0.0000e+00
 238.911204      8.802  36.901321    10.6480     3.2360      8.728    33.1840    25.4236 0.0000e+00
 238.911209      9.070  36.835358    10.5647     3.0178      8.994    33.1936    25.4456 0.0000e+00
 238.911215      9.343  36.742723    10.4623     2.8731      9.265    33.1938    25.4635 0.0000e+00
 238.911221      9.616  36.628675    10.3393     2.7306      9.536    33.1912    25.4825 0.0000e+00
 238.911227      9.881  36.500738    10.2116     2.5569      9.798    33.1788    25.4946 0.0000e+00
 238.911233     10.138  36.378740    10.1126     2.3450     10.053    33.1458    25.4856 0.0000e+00
 238.911238     10.390  36.283688    10.0315     2.1403     10.303    33.1236    25.4819 0.0000e+00
 238.911244     10.637  36.218717     9.9281     1.9817     10.548    33.1523    25.5216 0.0000e+00
 238.911250     10.885  36.161507     9.8005     1.8807     10.794    33.2114    25.5889 0.0000e+00
 238.911256     11.145  36.085779     9.6648     1.8268     11.052    33.2592    25.6486 0.0000e+00
 238.911262     11.418  35.994802     9.5351     1.7958     11.322    33.2859    25.6907 0.0000e+00
 238.911267     11.696  35.906911     9.4292     1.7745     11.598    33.2937    25.7139 0.0000e+00
 238.911273     11.973  35.835865     9.3494     1.7634     11.873    33.2946    25.7275 0.0000e+00
 238.911279     12.247  35.786199     9.2870     1.7617     12.144    33.3013    25.7427 0.0000e+00
 238.911285     12.513  35.752162     9.2377     1.7590     12.408    33.3119    25.7589 0.0000e+00
 238.911291     12.776  35.725873     9.1996     1.7602     12.669    33.3201    25.7714 0.0000e+00
 238.911296     13.040  35.702500     9.1704     1.7578     12.931    33.3231    25.7784 0.0000e+00
 238.911302     13.304  35.681099     9.1512     1.7510     13.193    33.3187    25.7780 0.0000e+00
 238.911308     13.567  35.662239     9.1425     1.7300     13.453    33.3071    25.7704 0.0000e+00
 238.911314     13.830  35.648195     9.1318     1.7094     13.714    33.3024    25.7684 0.0000e+00
 238.911319     14.092  35.639822     9.1076     1.6770     13.974    33.3162    25.7830 0.0000e+00
 238.911325     14.353  35.633208     9.0788     1.6479     14.233    33.3362    25.8032 0.0000e+00
 238.911331     14.611  35.623989     9.0565     1.6201     14.489    33.3474    25.8155 0.0000e+00
 238.911337     14.868  35.610483     9.0409     1.5876     14.743    33.3478    25.8183 0.0000e+00
 238.911343     15.116  35.591457     9.0319     1.5629     14.989    33.3364    25.8107 0.0000e+00
 238.911348     15.347  35.568967     9.0265     1.5503     15.218    33.3179    25.7972 0.0000e+00
 238.911354     15.557  35.550534     9.0122     1.5406     15.427    33.3120    25.7948 0.0000e+00
 238.911360     15.753  35.538447     8.9813     1.5430     15.621    33.3283    25.8124 0.0000e+00
 238.911366     15.933  35.524406     8.9424     1.5418     15.799    33.3501    25.8356 0.0000e+00
 238.911372     16.091  35.504228     8.9080     1.5480     15.956    33.3612    25.8497 0.0000e+00
 238.911377     16.221  35.486272     8.8828     1.5475     16.085    33.3661    25.8574 -9.990e-29
 238.911383     16.318  35.478500     8.8671     1.5529     16.181    33.3727    25.8651 -9.990e-29
 238.911389     16.385  35.481160     8.8628     1.5585     16.248    33.3795    25.8711 -9.990e-29
 238.911395     16.424  35.490481     8.8692     1.5813     16.286    33.3832    25.8730 -9.990e-29
 238.911400     16.440  35.500931     8.8800     1.6152     16.302    33.3840    25.8719 -9.990e-29
 238.911406     16.432  35.509045     8.8915     1.6508     16.294    33.3816    25.8682 -9.990e-29
 238.911412     16.400  35.516090     8.9052     1.6891     16.262    33.3761    25.8618 -9.990e-29
 238.911418     16.347  35.524149     8.9234     1.7060     16.210    33.3675    25.8522 -9.990e-29
 238.911424     16.278  35.537218     8.9466     1.7021     16.142    33.3593    25.8422 -9.990e-29
 238.911429     16.196  35.558125     8.9737     1.6915     16.060    33.3557    25.8351 -9.990e-29
 238.911435     16.105  35.581664     9.0011     1.6805     15.970    33.3546    25.8299 -9.990e-29
 238.911441     16.009  35.601092     9.0192     1.6852     15.875    33.3579    25.8296 -9.990e-29
 238.911447     15.908  35.610914     9.0196     1.6968     15.775    33.3678    25.8373 -9.990e-29
 238.911453     15.802  35.606831     9.0093     1.7085     15.670    33.3733    25.8432 -9.990e-29
