data/oxygen options/ONMS/Olympic_Coast_National_Marine_Sanctuary_CTD_Data_2005_2023/raw_data/2015/CAST_KL027_150930faed.cnv
* Sea-Bird SBE19 Data File:
* FileName = C:\2015 Mooring Data\Casts\CAST_KL027_150930.hex
* Software Version 1.59
* Temperature SN = 2997
* Conductivity SN = 2997
* System UpLoad Time = Sep 30 2015 22:51:12
** CAST_KL027_150930
* ds
# nquan = 9                                 
# nvalues = 1103                        
# units = specified
# name 0 = timeJ: Julian Days
# name 1 = prSM: Pressure, Strain Gauge [db]
# name 2 = c0mS/cm: Conductivity [mS/cm]
# name 3 = t090C: Temperature [ITS-90, deg C]
# name 4 = sbeox0ML/L: Oxygen, SBE 43 [ml/l]
# name 5 = depSM: Depth [salt water, m], lat = 47.5
# name 6 = sal00: Salinity, Practical [PSU]
# name 7 = sigma-é00: Density [sigma-theta, kg/m^3]
# name 8 = flag: flag
# span 0 = 273.933958, 273.940336       
# span 1 =     -5.220,     29.828       
# span 2 =   0.420749,  39.731856       
# span 3 =    10.2229,    16.2151       
# span 4 =    -1.7280,    10.6317       
# span 5 =     -5.177,     29.577       
# span 6 =     0.2459,    32.8799       
# span 7 =    -0.9007,    25.2545       
# span 8 = 0.0000e+00, 0.0000e+00       
# interval = seconds: 0.5
# start_time = Sep 30 2015 22:24:54 [Instrument's time stamp, header]
# bad_flag = -9.990e-29
*END*
[from data line 481]
 273.936742      0.850  39.673010    14.8801    -1.4512      0.843    32.1571    23.8069 -9.990e-29
 273.936748      0.855  39.681236    14.8869    -1.4510      0.848    32.1589    23.8068 -9.990e-29
 273.936753      0.856  39.691261    14.8914    -1.4511      0.849    32.1642    23.8100 -9.990e-29
 273.936759      0.857  39.692949    14.8939    -1.4514      0.850    32.1637    23.8090 -9.990e-29
 273.936765      0.863  39.698128    14.8965    -1.4511      0.856    32.1662    23.8104 -9.990e-29
 273.936771      0.869  39.710367    14.8993    -1.4513      0.862    32.1750    23.8165 -9.990e-29
 273.936777      0.871  39.723580    14.9015    -1.4513      0.864    32.1851    23.8239 -9.990e-29
 273.936782      0.870  39.731856    14.9028    -1.4518      0.863    32.1915    23.8285 -9.990e-29
 273.936788      0.866  39.727745    14.9023    -1.4521      0.859    32.1882    23.8261 -9.990e-29
 273.936794      0.858  39.713626    14.9003    -1.4515      0.851    32.1771    23.8180 -9.990e-29
 273.936800      0.851  39.706015    14.8983    -1.4514      0.844    32.1719    23.8144 -9.990e-29
 273.936806      0.847  39.713839    14.8967    -1.4514      0.840    32.1803    23.8212 -9.990e-29
 273.936811      0.847  39.725116    14.8945    -1.4518      0.840    32.1923    23.8309 -9.990e-29
 273.936817      0.850  39.726295    14.8912    -1.4519      0.843    32.1961    23.8345 -9.990e-29
 273.936823      0.854  39.725131    14.8892    -1.4514      0.847    32.1967    23.8354 -9.990e-29
 273.936829      0.853  39.730175    14.8904    -1.4512      0.846    32.2002    23.8379 -9.990e-29
 273.936834      0.847  39.727978    14.8928    -1.4519      0.840    32.1963    23.8343 -9.990e-29
 273.936840      0.841  39.706648    14.8941    -1.4523      0.834    32.1759    23.8184 -9.990e-29
 273.936846      0.843  39.675329    14.8943    -1.4520      0.836    32.1475    23.7964 -9.990e-29
 273.936852      0.852  39.662366    14.8946    -1.4520      0.845    32.1355    23.7872 -9.990e-29
 273.936858      0.861  39.676283    14.8956    -1.4518      0.854    32.1473    23.7960 -9.990e-29
 273.936863      0.867  39.689668    14.8960    -1.4523      0.860    32.1590    23.8050 -9.990e-29
 273.936869      0.868  39.684494    14.8955    -1.4525      0.861    32.1548    23.8018 -9.990e-29
 273.936875      0.866  39.670694    14.8954    -1.4522      0.859    32.1424    23.7923 -9.990e-29
 273.936881      0.861  39.670253    14.8961    -1.4518      0.854    32.1414    23.7914 -9.990e-29
 273.936887      0.855  39.682035    14.8960    -1.4519      0.848    32.1521    23.7996 -9.990e-29
 273.936892      0.854  39.675783    14.8933    -1.4522      0.847    32.1487    23.7976 -9.990e-29
 273.936898      0.858  39.646538    14.8885    -1.4525      0.851    32.1262    23.7813 -9.990e-29
 273.936904      0.865  39.629896    14.8849    -1.4521      0.858    32.1142    23.7728 -9.990e-29
 273.936910      0.873  39.639566    14.8841    -1.4520      0.866    32.1236    23.7802 -9.990e-29
 273.936916      0.878  39.651444    14.8850    -1.4519      0.871    32.1336    23.7877 -9.990e-29
 273.936921      0.881  39.647177    14.8862    -1.4523      0.874    32.1287    23.7837 -9.990e-29
 273.936927      0.884  39.628376    14.8868    -1.4526      0.877    32.1112    23.7701 -9.990e-29
 273.936933      0.894  39.617087    14.8873    -1.4523      0.887    32.1006    23.7618 -9.990e-29
 273.936939      0.907  39.628548    14.8883    -1.4521      0.899    32.1101    23.7690 -9.990e-29
 273.936944      0.918  39.644409    14.8888    -1.4521      0.910    32.1241    23.7796 -9.990e-29
 273.936950      0.929  39.641535    14.8881    -1.4522      0.921    32.1220    23.7782 -9.990e-29
 273.936956      0.940  39.625079    14.8872    -1.4522      0.932    32.1079    23.7675 -9.990e-29
 273.936962      0.953  39.620211    14.8877    -1.4522      0.945    32.1031    23.7637 -9.990e-29
 273.936968      0.963  39.633350    14.8894     8.0915      0.955    32.1136    23.7713 -9.990e-29
 273.936973      0.967  39.643338    14.8904    10.3679      0.959    32.1217    23.7774 -9.990e-29
 273.936979      0.970  39.634346    14.8890    10.6317      0.962    32.1148    23.7724 -9.990e-29
 273.936985      0.975  39.614021    14.8865     9.2611      0.967    32.0985    23.7604 -9.990e-29
 273.936991      0.984  39.605183    14.8851     6.0661      0.976    32.0917    23.7554 -9.990e-29
 273.936997      0.992  39.616804    14.8847     6.2044      0.984    32.1025    23.7638 -9.990e-29
 273.937002      0.992  39.631309    14.8841     6.3251      0.984    32.1161    23.7744 -9.990e-29
 273.937008      0.984  39.633847    14.8836     6.3056      0.976    32.1188    23.7766 -9.990e-29
 273.937014      0.974  39.628936    14.8841     6.2486      0.966    32.1139    23.7728 -9.990e-29
 273.937020      0.969  39.620132    14.8836     6.1998      0.961    32.1064    23.7671 -9.990e-29
 273.937025      0.966  39.596272    14.8797     6.1608      0.958    32.0881    23.7538 -9.990e-29
 273.937031      0.965  39.560878    14.8739     6.1371      0.957    32.0609    23.7341 -9.990e-29
 273.937037      0.968  39.536298    14.8702     6.1238      0.960    32.0417    23.7201 -9.990e-29
 273.937043      0.969  39.527901    14.8698     6.1091      0.961    32.0344    23.7146 -9.990e-29
 273.937049      0.965  39.527304    14.8709     6.1028      0.957    32.0330    23.7132 -9.990e-29
 273.937054      0.958  39.528116    14.8719     6.1004      0.950    32.0329    23.7130 -9.990e-29
 273.937060      0.955  39.528068    14.8722     6.1102      0.947    32.0326    23.7127 -9.990e-29
 273.937066      0.953  39.527107    14.8717     6.1156      0.945    32.0322    23.7124 -9.990e-29
 273.937072      0.953  39.525088    14.8715     6.0975      0.945    32.0305    23.7112 -9.990e-29
 273.937078      0.955  39.523815    14.8720     6.0642      0.947    32.0290    23.7099 -9.990e-29
 273.937083      0.959  39.523847    14.8727     6.0453      0.951    32.0284    23.7093 -9.990e-29
 273.937089      0.965  39.523556    14.8727     6.0426      0.957    32.0281    23.7091 -9.990e-29
 273.937095      0.974  39.522566    14.8720     6.0611      0.966    32.0278    23.7090 -9.990e-29
 273.937101      0.986  39.521815    14.8703     6.0769      0.978    32.0285    23.7099 -9.990e-29
 273.937106      1.002  39.520873    14.8680     6.0796      0.994    32.0296    23.7112 -9.990e-29
 273.937112      1.019  39.519617    14.8664     6.0778      1.010    32.0297    23.7117 -9.990e-29
 273.937118      1.029  39.519750    14.8668     6.0733      1.020    32.0295    23.7114 -9.990e-29
 273.937124      1.029  39.521459    14.8685     6.0768      1.020    32.0297    23.7112 -9.990e-29
 273.937130      1.022  39.523110    14.8697     6.0886      1.013    32.0302    23.7113 -9.990e-29
 273.937135      1.018  39.523553    14.8697     6.0959      1.010    32.0306    23.7116 -9.990e-29
 273.937141      1.019  39.522831    14.8693     6.1012      1.010    32.0303    23.7115 -9.990e-29
 273.937147      1.023  39.522240    14.8695     6.0984      1.014    32.0296    23.7109 -9.990e-29
 273.937153      1.019  39.522684    14.8704     6.0937      1.010    32.0292    23.7104 -9.990e-29
 273.937159      1.009  39.523647    14.8712     6.0906      1.001    32.0294    23.7104 -9.990e-29
 273.937164      1.001  39.524182    14.8710     6.0834      0.993    32.0301    23.7110 -9.990e-29
 273.937170      0.997  39.523333    14.8696     6.0766      0.989    32.0305    23.7116 -9.990e-29
 273.937176      0.997  39.521102    14.8682     6.0808      0.989    32.0296    23.7112 -9.990e-29
 273.937182      1.003  39.519011    14.8674     6.0882      0.995    32.0284    23.7104 -9.990e-29
 273.937187      1.009  39.518212    14.8670     6.1031      1.001    32.0280    23.7102 -9.990e-29
 273.937193      1.009  39.518210    14.8666     6.1113      1.001    32.0283    23.7105 -9.990e-29
 273.937199      1.000  39.517333    14.8658     6.1094      0.992    32.0282    23.7106 -9.990e-29
 273.937205      0.993  39.514983    14.8647     6.1001      0.985    32.0270    23.7099 -9.990e-29
 273.937211      0.989  39.513087    14.8640     6.0829      0.981    32.0258    23.7092 -9.990e-29
 273.937216      0.990  39.513616    14.8644     6.0682      0.982    32.0260    23.7092 -9.990e-29
 273.937222      0.991  39.516166    14.8656     6.0669      0.983    32.0273    23.7100 -9.990e-29
 273.937228      0.988  39.518542    14.8667     6.0711      0.980    32.0285    23.7107 -9.990e-29
 273.937234      0.985  39.519439    14.8668     6.0826      0.977    32.0293    23.7112 -9.990e-29
 273.937240      0.985  39.518945    14.8662     6.0980      0.977    32.0293    23.7114 -9.990e-29
 273.937245      0.990  39.517535    14.8658     6.1001      0.982    32.0284    23.7108 -9.990e-29
 273.937251      0.999  39.516707    14.8661     6.0999      0.991    32.0274    23.7099 -9.990e-29
 273.937257      1.008  39.517612    14.8673     6.1013      1.000    32.0272    23.7095 -9.990e-29
 273.937263      1.009  39.519226    14.8695     6.1042      1.001    32.0268    23.7088 -9.990e-29
 273.937269      1.004  39.520346    14.8715     6.1103      0.996    32.0262    23.7079 -9.990e-29
 273.937274      0.999  39.520796    14.8726     6.1152      0.991    32.0257    23.7073 -9.990e-29
 273.937280      0.999  39.521191    14.8727     6.1023      0.991    32.0260    23.7075 -9.990e-29
 273.937286      1.004  39.521509    14.8721     6.0922      0.996    32.0268    23.7082 -9.990e-29
 273.937292      1.010  39.521067    14.8713     6.0776      1.002    32.0270    23.7086 -9.990e-29
 273.937297      1.012  39.520406    14.8698     6.0546      1.004    32.0277    23.7094 -9.990e-29
 273.937303      1.016  39.519218    14.8670     6.0550      1.008    32.0289    23.7109 -9.990e-29
 273.937309      1.022  39.517055    14.8639     6.0635      1.013    32.0295    23.7120 -9.990e-29
 273.937315      1.025  39.515530    14.8620     6.0831      1.016    32.0297    23.7126 -9.990e-29
 273.937321      1.026  39.515423    14.8619     6.1040      1.017    32.0296    23.7126 -9.990e-29
 273.937326      1.021  39.516045    14.8631     6.1049      1.012    32.0292    23.7120 -9.990e-29
 273.937332      1.009  39.517115    14.8643     6.0852      1.001    32.0292    23.7117 -9.990e-29
 273.937338      0.999  39.517830    14.8647     6.0658      0.991    32.0295    23.7119 -9.990e-29
 273.937344      0.993  39.517475    14.8644     6.0759      0.985    32.0295    23.7119 -9.990e-29
 273.937350      0.992  39.517270    14.8647     6.0873      0.984    32.0290    23.7115 -9.990e-29
 273.937355      0.990  39.518636    14.8668     6.0964      0.982    32.0285    23.7107 -9.990e-29
 273.937361      0.985  39.521163    14.8696     6.0864      0.977    32.0285    23.7101 -9.990e-29
 273.937367      0.979  39.524309    14.8712     6.0719      0.971    32.0300    23.7109 -9.990e-29
 273.937373      0.977  39.526674    14.8713     6.0796      0.969    32.0321    23.7125 -9.990e-29
 273.937378      0.978  39.525817    14.8708     6.0834      0.970    32.0317    23.7123 -9.990e-29
 273.937384      0.982  39.523414    14.8698     6.1046      0.974    32.0304    23.7115 -9.990e-29
 273.937390      0.986  39.522440    14.8683     6.1131      0.978    32.0307    23.7121 -9.990e-29
 273.937396      0.986  39.522169    14.8670     6.1102      0.978    32.0316    23.7130 -9.990e-29
 273.937402      0.985  39.521691    14.8664     6.1020      0.977    32.0316    23.7131 -9.990e-29
 273.937407      0.988  39.520942    14.8664     6.0940      0.980    32.0309    23.7126 -9.990e-29
 273.937413      0.991  39.520057    14.8672     6.0967      0.983    32.0295    23.7113 -9.990e-29
 273.937419      0.990  39.520109    14.8685     6.0988      0.982    32.0285    23.7103 -9.990e-29
 273.937425      0.989  39.521181    14.8696     6.0848      0.981    32.0285    23.7101 -9.990e-29
 273.937431      0.992  39.521914    14.8698     6.0598      0.984    32.0290    23.7104 -9.990e-29
 273.937436      0.999  39.521614    14.8688     6.0536      0.991    32.0296    23.7111 -9.990e-29
 273.937442      1.011  39.521014    14.8677     6.0673      1.003    32.0299    23.7116 -9.990e-29
 273.937448      1.024  39.521010    14.8669     6.0951      1.015    32.0306    23.7122 -9.990e-29
 273.937454      1.031  39.521608    14.8665     6.1113      1.022    32.0314    23.7130 -9.990e-29
 273.937459      1.028  39.522307    14.8672     6.1101      1.019    32.0315    23.7129 -9.990e-29
 273.937465      1.018  39.522919    14.8691     6.0976      1.010    32.0305    23.7117 -9.990e-29
 273.937471      1.010  39.523492    14.8704     6.0844      1.002    32.0300    23.7110 -9.990e-29
 273.937477      1.008  39.523076    14.8705     6.0760      1.000    32.0295    23.7106 -9.990e-29
 273.937483      1.011  39.522015    14.8701     6.0863      1.003    32.0289    23.7102 -9.990e-29
 273.937488      1.015  39.522225    14.8697     6.0961      1.007    32.0294    23.7107 -9.990e-29
 273.937494      1.017  39.523392    14.8695     6.0997      1.009    32.0306    23.7117 -9.990e-29
 273.937500      1.020  39.524795    14.8696     6.0997      1.011    32.0318    23.7126 -9.990e-29
 273.937506      1.029  39.526028    14.8699     6.1002      1.020    32.0326    23.7132 -9.990e-29
 273.937512      1.041  39.527581    14.8706     6.1051      1.032    32.0335    23.7137 -9.990e-29
 273.937517      1.048  39.530369    14.8716     6.1061      1.039    32.0352    23.7148 -9.990e-29
 273.937523      1.045  39.533029    14.8725     6.1105      1.036    32.0368    23.7159 -9.990e-29
 273.937529      1.037  39.534025    14.8734     6.0925      1.028    32.0370    23.7158 -9.990e-29
 273.937535      1.032  39.534093    14.8750     6.0667      1.023    32.0357    23.7145 -9.990e-29
 273.937541      1.034  39.536092    14.8781     6.0568      1.025    32.0350    23.7133 -9.990e-29
 273.937546      1.043  39.539851    14.8814     6.0514      1.034    32.0357    23.7131 -9.990e-29
 273.937552      1.056  39.541940    14.8826     6.0602      1.047    32.0366    23.7135 -9.990e-29
 273.937558      1.064  39.541745    14.8817     6.0634      1.055    32.0371    23.7141 -9.990e-29
 273.937564      1.069  39.540654    14.8802     6.0704      1.060    32.0374    23.7146 -9.990e-29
 273.937569      1.074  39.538861    14.8789     6.0734      1.065    32.0368    23.7145 -9.990e-29
 273.937575      1.075  39.536745    14.8777     6.0856      1.066    32.0359    23.7140 -9.990e-29
 273.937581      1.074  39.535377    14.8768     6.0939      1.065    32.0354    23.7138 -9.990e-29
 273.937587      1.078  39.534578    14.8759     6.0927      1.069    32.0354    23.7140 -9.990e-29
 273.937593      1.087  39.533250    14.8747     6.0905      1.078    32.0352    23.7141 -9.990e-29
 273.937598      1.094  39.531271    14.8739     6.0955      1.085    32.0341    23.7134 -9.990e-29
 273.937604      1.094  39.530454    14.8742     6.1008      1.085    32.0331    23.7126 -9.990e-29
 273.937610      1.089  39.531357    14.8754     6.1066      1.080    32.0329    23.7122 -9.990e-29
 273.937616      1.081  39.532348    14.8766     6.1058      1.072    32.0328    23.7119 -9.990e-29
 273.937622      1.079  39.533031    14.8768     6.0794      1.070    32.0333    23.7122 -9.990e-29
 273.937627      1.086  39.533161    14.8759     6.0724      1.077    32.0341    23.7131 -9.990e-29
 273.937633      1.100  39.532320    14.8753     6.0705      1.091    32.0339    23.7130 -9.990e-29
 273.937639      1.112  39.532154    14.8761     6.0847      1.103    32.0331    23.7122 -9.990e-29
 273.937645      1.118  39.533529    14.8777     6.0953      1.109    32.0330    23.7118 -9.990e-29
 273.937650      1.120  39.535440    14.8795     6.0961      1.111    32.0332    23.7116 -9.990e-29
 273.937656      1.122  39.538719    14.8819     6.0836      1.113    32.0342    23.7118 -9.990e-29
