data/oxygen options/ONMS/Olympic_Coast_National_Marine_Sanctuary_CTD_Data_2005_2023/raw_data/2015/CAST_CA015_150928faed.cnv
* Sea-Bird SBE19 Data File:
* FileName = C:\2015 Mooring Data\Casts\CAST_CA015_150928.hex
* Software Version 1.59
* Temperature SN = 2997
* Conductivity SN = 2997
* System UpLoad Time = Sep 28 2015 23:01:39
** CAST_CA015_150928
* ds
# nquan = 9                                 
# nvalues = 899                         
# units = specified
# name 0 = timeJ: Julian Days
# name 1 = prSM: Pressure, Strain Gauge [db]
# name 2 = c0mS/cm: Conductivity [mS/cm]
# name 3 = t090C: Temperature [ITS-90, deg C]
# name 4 = sbeox0ML/L: Oxygen, SBE 43 [ml/l]
# name 5 = depSM: Depth [salt water, m], lat = 47.5
# name 6 = sal00: Salinity, Practical [PSU]
# name 7 = sigma-é00: Density [sigma-theta, kg/m^3]
# name 8 = flag: flag
# span 0 = 271.933877, 271.939074       
# span 1 =     -4.898,     18.462       
# span 2 =   0.559948,  40.081506       
# span 3 =    11.4217,    19.2815       
# span 4 =    -1.6779,    10.1221       
# span 5 =     -4.857,     18.307       
# span 6 =     0.3159,    33.3317       
# span 7 =    -1.3796,    24.9119       
# span 8 = 0.0000e+00, 0.0000e+00       
# interval = seconds: 0.5
# start_time = Sep 28 2015 22:24:47 [Instrument's time stamp, header]
# bad_flag = -9.990e-29
*END*
[from data line 641]
 271.937587      1.627  38.750787    13.9068     5.5043      1.613    32.1228    23.9837 -9.990e-29
 271.937593      1.634  38.749885    13.9058     5.5021      1.620    32.1228    23.9839 -9.990e-29
 271.937598      1.644  38.748132    13.9036     5.5065      1.630    32.1230    23.9845 -9.990e-29
 271.937604      1.653  38.746532    13.9014     5.5089      1.639    32.1233    23.9852 -9.990e-29
 271.937610      1.656  38.746290    13.9003     5.5075      1.642    32.1240    23.9860 -9.990e-29
 271.937616      1.655  38.747059    13.9006     5.5120      1.641    32.1245    23.9863 -9.990e-29
 271.937622      1.649  38.747599    13.9013     5.5161      1.635    32.1244    23.9861 -9.990e-29
 271.937627      1.642  38.747486    13.9013     5.5171      1.628    32.1243    23.9860 -9.990e-29
 271.937633      1.642  38.747107    13.9007     5.5157      1.628    32.1245    23.9862 -9.990e-29
 271.937639      1.649  38.747057    13.9005     5.5179      1.635    32.1246    23.9864 -9.990e-29
 271.937645      1.655  38.747245    13.9006     5.5113      1.641    32.1247    23.9864 -9.990e-29
 271.937650      1.657  38.746778    13.8999     5.5158      1.643    32.1248    23.9867 -9.990e-29
 271.937656      1.658  38.745008    13.8974     5.5154      1.644    32.1253    23.9875 -9.990e-29
 271.937662      1.668  38.742357    13.8942     5.5091      1.654    32.1255    23.9884 -9.990e-29
 271.937668      1.686  38.740872    13.8927     5.4985      1.672    32.1254    23.9886 -9.990e-29
 271.937674      1.705  38.741913    13.8937     5.4951      1.691    32.1255    23.9885 -9.990e-29
 271.937679      1.723  38.744041    13.8961     5.5017      1.709    32.1254    23.9879 -9.990e-29
 271.937685      1.740  38.745024    13.8986     5.5125      1.725    32.1243    23.9865 -9.990e-29
 271.937691      1.758  38.744469    13.8998     5.5122      1.743    32.1227    23.9851 -9.990e-29
 271.937697      1.778  38.744415    13.9000     5.5218      1.763    32.1225    23.9849 -9.990e-29
 271.937703      1.800  38.745889    13.9002     5.5218      1.785    32.1237    23.9857 -9.990e-29
 271.937708      1.827  38.747471    13.9006     5.5158      1.812    32.1248    23.9865 -9.990e-29
 271.937714      1.864  38.748442    13.9005     5.5155      1.848    32.1258    23.9873 -9.990e-29
 271.937720      1.918  38.747835    13.8984     5.5118      1.902    32.1269    23.9886 -9.990e-29
 271.937726      1.989  38.744257    13.8949     5.5138      1.972    32.1265    23.9890 -9.990e-29
 271.937731      2.071  38.740199    13.8925     5.5168      2.054    32.1248    23.9882 -9.990e-29
 271.937737      2.163  38.738636    13.8917     5.5135      2.145    32.1240    23.9877 -9.990e-29
 271.937743      2.264  38.738019    13.8905     5.5223      2.245    32.1244    23.9882 -9.990e-29
 271.937749      2.382  38.735821    13.8868     5.5179      2.362    32.1254    23.9898 -9.990e-29
 271.937755      2.525  38.731330    13.8815     5.5157      2.504    32.1256    23.9911 0.0000e+00
 271.937760      2.697  38.726384    13.8771     5.5257      2.674    32.1246    23.9912 0.0000e+00
 271.937766      2.891  38.722771    13.8731     5.5439      2.867    32.1246    23.9920 0.0000e+00
 271.937772      3.095  38.717890    13.8668     5.5613      3.069    32.1253    23.9938 0.0000e+00
 271.937778      3.300  38.710255    13.8569     5.5713      3.272    32.1264    23.9967 0.0000e+00
 271.937784      3.507  38.700311    13.8402     5.5702      3.478    32.1311    24.0038 0.0000e+00
 271.937789      3.728  38.680940    13.8081     5.5765      3.697    32.1400    24.0171 0.0000e+00
 271.937795      3.969  38.635818    13.7587     5.5934      3.936    32.1395    24.0268 0.0000e+00
 271.937801      4.210  38.577070    13.7068     5.5906      4.175    32.1285    24.0288 0.0000e+00
 271.937807      4.443  38.537886    13.6577     5.5950      4.406    32.1333    24.0424 0.0000e+00
 271.937813      4.673  38.507468    13.6017     5.6126      4.634    32.1520    24.0682 0.0000e+00
 271.937818      4.906  38.465405    13.5449     5.6127      4.865    32.1605    24.0862 0.0000e+00
 271.937824      5.144  38.425091    13.5027     5.6090      5.101    32.1584    24.0930 0.0000e+00
 271.937830      5.380  38.398883    13.4788     5.6077      5.335    32.1540    24.0944 0.0000e+00
 271.937836      5.609  38.386555    13.4683     5.6065      5.562    32.1513    24.0944 0.0000e+00
 271.937841      5.832  38.383967    13.4622     5.6090      5.783    32.1539    24.0977 0.0000e+00
 271.937847      6.055  38.380355    13.4529     5.6052      6.004    32.1583    24.1029 0.0000e+00
 271.937853      6.283  38.371440    13.4402     5.5905      6.230    32.1606    24.1073 0.0000e+00
 271.937859      6.522  38.362129    13.4265     5.5751      6.467    32.1634    24.1121 0.0000e+00
 271.937865      6.775  38.352312    13.4138     5.5578      6.718    32.1648    24.1158 0.0000e+00
 271.937870      7.036  38.342328    13.4034     5.5422      6.977    32.1642    24.1174 0.0000e+00
 271.937876      7.297  38.335093    13.3955     5.5353      7.236    32.1640    24.1188 0.0000e+00
 271.937882      7.552  38.330461    13.3891     5.5305      7.489    32.1649    24.1208 0.0000e+00
 271.937888      7.800  38.327276    13.3836     5.5233      7.735    32.1665    24.1232 0.0000e+00
 271.937894      8.041  38.324629    13.3786     5.5023      7.974    32.1681    24.1254 0.0000e+00
 271.937899      8.276  38.321768    13.3736     5.4776      8.207    32.1696    24.1276 0.0000e+00
 271.937905      8.517  38.318776    13.3693     5.4659      8.446    32.1703    24.1290 0.0000e+00
 271.937911      8.765  38.316125    13.3657     5.4509      8.692    32.1708    24.1301 0.0000e+00
 271.937917      9.011  38.313618    13.3619     5.4313      8.936    32.1716    24.1314 0.0000e+00
 271.937922      9.254  38.310689    13.3574     5.4183      9.177    32.1725    24.1331 0.0000e+00
 271.937928      9.501  38.307334    13.3514     5.4038      9.421    32.1744    24.1357 0.0000e+00
 271.937934      9.753  38.302416    13.3422     5.3963      9.671    32.1774    24.1399 0.0000e+00
 271.937940     10.011  38.293838    13.3285     5.3774      9.927    32.1809    24.1453 0.0000e+00
 271.937946     10.273  38.281909    13.3109     5.3737     10.187    32.1845    24.1516 0.0000e+00
 271.937951     10.538  38.268634    13.2893     5.3748     10.450    32.1902    24.1603 0.0000e+00
 271.937957     10.808  38.253663    13.2626     5.3724     10.718    32.1987    24.1722 0.0000e+00
 271.937963     11.076  38.234946    13.2315     5.3642     10.983    32.2074    24.1851 0.0000e+00
 271.937969     11.336  38.211601    13.2005     5.3531     11.241    32.2116    24.1945 0.0000e+00
 271.937975     11.582  38.188905    13.1763     5.3394     11.485    32.2108    24.1986 0.0000e+00
 271.937980     11.816  38.175804    13.1595     5.3250     11.717    32.2126    24.2033 0.0000e+00
 271.937986     12.045  38.170493    13.1443     5.2947     11.944    32.2204    24.2124 0.0000e+00
 271.937992     12.276  38.164184    13.1293     5.2523     12.173    32.2271    24.2205 0.0000e+00
 271.937998     12.509  38.155165    13.1159     5.1959     12.404    32.2299    24.2253 0.0000e+00
 271.938003     12.743  38.145958    13.1026     5.1337     12.636    32.2325    24.2299 0.0000e+00
 271.938009     12.980  38.136590    13.0867     5.0664     12.871    32.2371    24.2366 0.0000e+00
 271.938015     13.226  38.125195    13.0639     5.0174     13.115    32.2456    24.2477 0.0000e+00
 271.938021     13.484  38.108886    13.0312     5.0066     13.371    32.2580    24.2637 0.0000e+00
 271.938027     13.753  38.084949    12.9885     5.0130     13.638    32.2717    24.2827 0.0000e+00
 271.938032     14.030  38.050585    12.9331     5.0177     13.912    32.2863    24.3048 0.0000e+00
 271.938038     14.305  37.999182    12.8624     4.9897     14.185    32.2980    24.3276 0.0000e+00
 271.938044     14.570  37.936718    12.7904     4.9267     14.448    32.3003    24.3434 0.0000e+00
 271.938050     14.818  37.895894    12.7429     4.8534     14.694    32.3021    24.3540 0.0000e+00
 271.938056     15.046  37.891181    12.7180     4.7681     14.920    32.3189    24.3718 0.0000e+00
 271.938061     15.261  37.890475    12.6906     4.6811     15.133    32.3416    24.3947 0.0000e+00
 271.938067     15.468  37.864220    12.6495     4.6061     15.338    32.3519    24.4105 0.0000e+00
 271.938073     15.675  37.813463    12.5874     4.5396     15.544    32.3568    24.4263 0.0000e+00
 271.938079     15.891  37.748454    12.4865     4.4583     15.758    32.3816    24.4648 0.0000e+00
 271.938084     16.118  37.670679    12.3569     4.3737     15.983    32.4189    24.5184 0.0000e+00
 271.938090     16.348  37.586796    12.2345     4.2965     16.211    32.4443    24.5613 0.0000e+00
 271.938096     16.579  37.504483    12.1220     4.2277     16.440    32.4627    24.5966 0.0000e+00
 271.938102     16.812  37.421563    12.0014     4.2001     16.671    32.4875    24.6384 0.0000e+00
 271.938108     17.042  37.343460    11.8721     4.2005     16.899    32.5246    24.6913 0.0000e+00
 271.938113     17.265  37.265211    11.7416     4.2186     17.120    32.5628    24.7450 0.0000e+00
 271.938119     17.483  37.177170    11.6191     4.2803     17.336    32.5845    24.7843 0.0000e+00
 271.938125     17.692  37.093059    11.5176     4.3541     17.544    32.5916    24.8083 0.0000e+00
 271.938131     17.886  37.029593    11.4480     4.4147     17.736    32.5908    24.8202 0.0000e+00
 271.938137     18.053  36.993466    11.4217     4.4433     17.902    32.5785    24.8155 0.0000e+00
 271.938142     18.193  36.990841    11.4612     4.4437     18.040    32.5411    24.7792 -9.990e-29
 271.938148     18.306  37.028288    11.5623     4.4206     18.152    32.4888    24.7203 -9.990e-29
 271.938154     18.390  37.086800    11.6690     4.3955     18.236    32.4523    24.6725 -9.990e-29
 271.938160     18.443  37.127839    11.7288     4.3679     18.288    32.4400    24.6520 -9.990e-29
 271.938166     18.462  37.154587    11.7306     4.3546     18.307    32.4644    24.6706 -9.990e-29
 271.938171     18.450  37.173585    11.6897     4.3811     18.295    32.5187    24.7202 -9.990e-29
 271.938177     18.409  37.164782    11.6291     4.3998     18.255    32.5633    24.7660 -9.990e-29
 271.938183     18.347  37.138290    11.5691     4.4304     18.193    32.5902    24.7978 -9.990e-29
 271.938189     18.267  37.110332    11.5266     4.4621     18.114    32.6003    24.8134 -9.990e-29
 271.938194     18.172  37.091807    11.5157     4.4882     18.020    32.5919    24.8088 -9.990e-29
 271.938200     18.066  37.097230    11.5369     4.5274     17.914    32.5785    24.7946 -9.990e-29
 271.938206     17.951  37.118131    11.5717     4.5490     17.800    32.5684    24.7804 -9.990e-29
 271.938212     17.826  37.138101    11.6050     4.5677     17.676    32.5587    24.7668 0.0000e+00
 271.938218     17.699  37.159675    11.6446     4.5816     17.551    32.5450    24.7489 -9.990e-29
 271.938223     17.576  37.193690    11.6939     4.6013     17.429    32.5349    24.7321 -9.990e-29
 271.938229     17.464  37.231704    11.7386     4.6193     17.318    32.5328    24.7222 -9.990e-29
 271.938235     17.360  37.261081    11.7802     4.6305     17.214    32.5249    24.7085 -9.990e-29
 271.938241     17.256  37.287374    11.8262     4.6650     17.111    32.5103    24.6886 -9.990e-29
 271.938247     17.151  37.314822    11.8680     4.6956     17.007    32.5004    24.6732 -9.990e-29
 271.938252     17.047  37.337992    11.8970     4.7227     16.904    32.4976    24.6657 -9.990e-29
 271.938258     16.941  37.354720    11.9167     4.7576     16.799    32.4966    24.6613 -9.990e-29
 271.938264     16.826  37.367701    11.9438     4.7860     16.685    32.4856    24.6477 -9.990e-29
 271.938270     16.699  37.383597    11.9896     4.8246     16.559    32.4611    24.6202 0.0000e+00
 271.938275     16.562  37.410151    12.0462     4.8483     16.423    32.4376    24.5914 0.0000e+00
 271.938281     16.418  37.447461    12.1021     4.8579     16.280    32.4251    24.5712 0.0000e+00
 271.938287     16.278  37.492037    12.1497     4.8682     16.142    32.4268    24.5636 0.0000e+00
 271.938293     16.153  37.533270    12.1876     4.8809     16.018    32.4336    24.5618 -9.990e-29
 271.938299     16.037  37.561696    12.2243     4.8960     15.903    32.4292    24.5514 -9.990e-29
 271.938304     15.923  37.584958    12.2637     4.9120     15.789    32.4174    24.5349 -9.990e-29
 271.938310     15.809  37.606052    12.3029     4.9279     15.676    32.4038    24.5169 -9.990e-29
 271.938316     15.696  37.625643    12.3418     4.9491     15.564    32.3890    24.4981 -9.990e-29
 271.938322     15.585  37.651362    12.3786     4.9859     15.454    32.3819    24.4856 -9.990e-29
 271.938328     15.478  37.677713    12.4108     5.0256     15.348    32.3794    24.4775 -9.990e-29
 271.938333     15.371  37.696119    12.4445     5.0474     15.242    32.3680    24.4623 -9.990e-29
 271.938339     15.259  37.712629    12.4860     5.0641     15.131    32.3480    24.4389 -9.990e-29
 271.938345     15.139  37.733004    12.5288     5.0828     15.012    32.3307    24.4173 -9.990e-29
 271.938351     15.016  37.757512    12.5696     5.1052     14.890    32.3191    24.4005 -9.990e-29
 271.938356     14.898  37.792494    12.6086     5.1226     14.773    32.3189    24.3929 -9.990e-29
 271.938362     14.787  37.828549    12.6414     5.1364     14.663    32.3252    24.3914 -9.990e-29
 271.938368     14.672  37.848742    12.6696     5.1509     14.549    32.3202    24.3821 -9.990e-29
 271.938374     14.545  37.862625    12.6954     5.1739     14.423    32.3113    24.3703 0.0000e+00
 271.938380     14.412  37.878622    12.7168     5.1829     14.291    32.3082    24.3638 0.0000e+00
 271.938385     14.276  37.894523    12.7387     5.1999     14.156    32.3046    24.3567 0.0000e+00
 271.938391     14.141  37.913596    12.7689     5.2073     14.022    32.2969    24.3449 -9.990e-29
 271.938397     14.017  37.937732    12.8010     5.2133     13.900    32.2924    24.3352 -9.990e-29
 271.938403     13.904  37.960439    12.8254     5.2194     13.787    32.2931    24.3310 -9.990e-29
 271.938409     13.794  37.974442    12.8476     5.2217     13.678    32.2874    24.3223 -9.990e-29
 271.938414     13.682  37.987208    12.8694     5.2267     13.567    32.2809    24.3131 -9.990e-29
 271.938420     13.563  38.002867    12.8874     5.2336     13.449    32.2804    24.3092 -9.990e-29
 271.938426     13.439  38.013152    12.9032     5.2381     13.326    32.2767    24.3032 -9.990e-29
 271.938432     13.311  38.016084    12.9171     5.2357     13.199    32.2677    24.2935 0.0000e+00
 271.938438     13.178  38.017814    12.9281     5.2376     13.068    32.2600    24.2854 0.0000e+00
 271.938443     13.046  38.024571    12.9375     5.2529     12.937    32.2584    24.2823 -9.990e-29
 271.938449     12.923  38.035277    12.9455     5.2678     12.815    32.2618    24.2834 -9.990e-29
 271.938455     12.810  38.044029    12.9513     5.2704     12.703    32.2651    24.2848 -9.990e-29
 271.938461     12.700  38.049041    12.9589     5.2664     12.594    32.2634    24.2820 -9.990e-29
 271.938466     12.585  38.052512    12.9701     5.2770     12.480    32.2572    24.2750 -9.990e-29
 271.938472     12.463  38.056263    12.9796     5.2968     12.359    32.2527    24.2697 -9.990e-29
 271.938478     12.335  38.060812    12.9846     5.3084     12.232    32.2528    24.2688 0.0000e+00
 271.938484     12.200  38.066057    12.9882     5.3143     12.098    32.2547    24.2696 0.0000e+00
 271.938490     12.060  38.071142    12.9928     5.3069     11.959    32.2557    24.2694 0.0000e+00
 271.938495     11.917  38.075000    12.9994     5.3061     11.817    32.2537    24.2666 0.0000e+00
 271.938501     11.779  38.079408    13.0091     5.3107     11.680    32.2497    24.2616 0.0000e+00
