data/oxygen options/ONMS/Olympic_Coast_National_Marine_Sanctuary_CTD_Data_2005_2023/raw_data/2015/CAST_TH042_150714faed.cnv
* Sea-Bird SBE19 Data File:
* FileName = C:\2015 Mooring Data\Casts\CAST_TH042_150714.hex
* Software Version 1.59
* Temperature SN = 2997
* Conductivity SN = 2997
* System UpLoad Time = Jul 15 2015 00:30:09
** CAST_TH042_150714
* ds
# nquan = 9                                 
# nvalues = 1948                        
# units = specified
# name 0 = timeJ: Julian Days
# name 1 = prSM: Pressure, Strain Gauge [db]
# name 2 = c0mS/cm: Conductivity [mS/cm]
# name 3 = t090C: Temperature [ITS-90, deg C]
# name 4 = sbeox0ML/L: Oxygen, SBE 43 [ml/l]
# name 5 = depSM: Depth [salt water, m], lat = 47.5
# name 6 = sal00: Salinity, Practical [PSU]
# name 7 = sigma-é00: Density [sigma-theta, kg/m^3]
# name 8 = flag: flag
# span 0 = 195.924317, 195.935584       
# span 1 =     -6.120,     43.191       
# span 2 =   0.028127,  39.787028       
# span 3 =     7.6799,    18.5354       
# span 4 =    -1.7151,    11.1959       
# span 5 =     -6.069,     42.826       
# span 6 =     0.0206,    33.6174       
# span 7 =    -1.4865,    26.2335       
# span 8 = 0.0000e+00, 0.0000e+00       
# interval = seconds: 0.5
# start_time = Jul 14 2015 22:11:01 [Instrument's time stamp, header]
# bad_flag = -9.990e-29
*END*
[from data line 1441]
 195.932656     20.697  36.714420    11.3441     5.4755     20.523    32.3721    24.6690 0.0000e+00
 195.932662     20.926  36.706658    11.3195     5.4687     20.750    32.3859    24.6842 0.0000e+00
 195.932668     21.157  36.698431    11.2808     5.4673     20.979    32.4118    24.7112 0.0000e+00
 195.932674     21.381  36.698849    11.2426     5.4871     21.201    32.4457    24.7444 0.0000e+00
 195.932679     21.601  36.721282    11.2171     5.5319     21.420    32.4901    24.7836 0.0000e+00
 195.932685     21.818  36.758591    11.2139     5.5561     21.635    32.5296    24.8148 0.0000e+00
 195.932691     22.033  36.793155    11.2233     5.5530     21.848    32.5552    24.8331 0.0000e+00
 195.932697     22.251  36.814297    11.2248     5.5345     22.064    32.5746    24.8479 0.0000e+00
 195.932703     22.476  36.823190    11.2124     5.4907     22.287    32.5942    24.8654 0.0000e+00
 195.932708     22.716  36.842822    11.2002     5.4330     22.525    32.6243    24.8909 0.0000e+00
 195.932714     22.972  36.897601    11.2064     5.3731     22.779    32.6726    24.9274 0.0000e+00
 195.932720     23.234  36.989844    11.2368     5.3461     23.039    32.7364    24.9716 0.0000e+00
 195.932726     23.486  37.110710    11.2820     5.3833     23.289    32.8151    25.0247 0.0000e+00
 195.932731     23.718  37.224492    11.3248     5.4290     23.519    32.8888    25.0743 0.0000e+00
 195.932737     23.931  37.292204    11.3519     5.3874     23.730    32.9311    25.1023 0.0000e+00
 195.932743     24.130  37.319396    11.3545     5.2306     23.927    32.9554    25.1207 0.0000e+00
 195.932749     24.321  37.313095    11.3346     4.9814     24.117    32.9669    25.1333 0.0000e+00
 195.932755     24.510  37.269302    11.3125     4.7677     24.304    32.9435    25.1191 0.0000e+00
 195.932760     24.709  37.214196    11.3111     4.6149     24.501    32.8904    25.0781 0.0000e+00
 195.932766     24.932  37.202040    11.3496     4.5515     24.722    32.8441    25.0351 0.0000e+00
 195.932772     25.188  37.297262    11.4253     4.5571     24.976    32.8701    25.0417 0.0000e+00
 195.932778     25.471  37.466390    11.4850     4.6496     25.257    32.9827    25.1183 0.0000e+00
 195.932784     25.762  37.573219    11.4774     4.7727     25.545    33.0941    25.2063 0.0000e+00
 195.932789     26.045  37.567812    11.4129     4.8355     25.826    33.1464    25.2587 0.0000e+00
 195.932795     26.308  37.491666    11.3577     4.7449     26.087    33.1210    25.2490 0.0000e+00
 195.932801     26.538  37.432670    11.3610     4.5607     26.315    33.0599    25.2009 0.0000e+00
 195.932807     26.735  37.453905    11.3997     4.3126     26.510    33.0461    25.1831 0.0000e+00
 195.932813     26.914  37.500605    11.4286     4.1082     26.688    33.0660    25.1933 0.0000e+00
 195.932818     27.089  37.523381    11.4185     3.9477     26.861    33.0973    25.2195 0.0000e+00
 195.932824     27.280  37.513277    11.3340     3.8416     27.051    33.1631    25.2860 0.0000e+00
 195.932830     27.500  37.424227    11.1018     3.7875     27.269    33.2846    25.4223 0.0000e+00
 195.932836     27.745  37.151430    10.6645     3.7365     27.512    33.4110    25.5980 0.0000e+00
 195.932841     28.005  36.673053    10.1083     3.6487     27.769    33.4403    25.7164 0.0000e+00
 195.932847     28.275  36.152814     9.6227     3.5233     28.037    33.3593    25.7340 0.0000e+00
 195.932853     28.551  35.756790     9.3204     3.3684     28.311    33.2323    25.6838 0.0000e+00
 195.932859     28.820  35.553679     9.1692     3.2553     28.577    33.1626    25.6533 0.0000e+00
 195.932865     29.075  35.494438     9.0637     3.1931     28.830    33.1993    25.6987 0.0000e+00
 195.932870     29.323  35.445589     8.9268     3.1929     29.076    33.2763    25.7805 0.0000e+00
 195.932876     29.574  35.344710     8.7477     3.1956     29.325    33.3389    25.8573 0.0000e+00
 195.932882     29.833  35.206841     8.5661     3.2127     29.582    33.3653    25.9059 0.0000e+00
 195.932888     30.095  35.055409     8.4200     3.2331     29.842    33.3436    25.9110 0.0000e+00
 195.932894     30.349  34.911428     8.2958     3.2513     30.093    33.3087    25.9024 0.0000e+00
 195.932899     30.592  34.791832     8.1907     3.2785     30.334    33.2813    25.8965 0.0000e+00
 195.932905     30.826  34.716371     8.1345     3.2945     30.566    33.2543    25.8836 0.0000e+00
 195.932911     31.056  34.683514     8.1047     3.3077     30.794    33.2475    25.8827 0.0000e+00
 195.932917     31.286  34.668404     8.0545     3.3049     31.023    33.2789    25.9148 0.0000e+00
 195.932922     31.512  34.654170     7.9935     3.3070     31.247    33.3217    25.9573 0.0000e+00
 195.932928     31.731  34.639126     7.9562     3.3003     31.464    33.3411    25.9779 0.0000e+00
 195.932934     31.941  34.628898     7.9488     3.2973     31.672    33.3371    25.9759 0.0000e+00
 195.932940     32.138  34.630488     7.9518     3.2817     31.867    33.3358    25.9745 0.0000e+00
 195.932946     32.325  34.643128     7.9456     3.2579     32.053    33.3552    25.9906 0.0000e+00
 195.932951     32.515  34.647729     7.9236     3.2296     32.241    33.3810    26.0141 0.0000e+00
 195.932957     32.715  34.632976     7.8949     3.1924     32.439    33.3926    26.0273 0.0000e+00
 195.932963     32.929  34.613861     7.8746     3.1455     32.652    33.3914    26.0294 0.0000e+00
 195.932969     33.155  34.604597     7.8649     3.1176     32.876    33.3907    26.0302 0.0000e+00
 195.932975     33.384  34.602832     7.8594     3.0780     33.103    33.3939    26.0336 0.0000e+00
 195.932980     33.618  34.604448     7.8559     3.0615     33.335    33.3989    26.0380 0.0000e+00
 195.932986     33.861  34.609275     7.8552     3.0238     33.576    33.4046    26.0426 0.0000e+00
 195.932992     34.110  34.615823     7.8565     2.9819     33.823    33.4103    26.0468 0.0000e+00
 195.932998     34.363  34.621536     7.8566     2.9610     34.073    33.4162    26.0515 0.0000e+00
 195.933003     34.619  34.626103     7.8532     2.9536     34.327    33.4242    26.0583 0.0000e+00
 195.933009     34.879  34.631612     7.8488     2.9604     34.585    33.4342    26.0668 0.0000e+00
 195.933015     35.137  34.639723     7.8476     2.9747     34.841    33.4439    26.0746 0.0000e+00
 195.933021     35.383  34.651643     7.8522     2.9692     35.085    33.4522    26.0804 0.0000e+00
 195.933027     35.608  34.666374     7.8601     2.9476     35.308    33.4603    26.0856 0.0000e+00
 195.933032     35.805  34.678256     7.8666     2.9287     35.503    33.4667    26.0897 0.0000e+00
 195.933038     35.982  34.682319     7.8691     2.8999     35.679    33.4686    26.0908 0.0000e+00
 195.933044     36.159  34.678298     7.8668     2.8792     35.854    33.4664    26.0895 0.0000e+00
 195.933050     36.350  34.670840     7.8616     2.8459     36.043    33.4633    26.0878 0.0000e+00
 195.933056     36.565  34.666733     7.8572     2.8072     36.257    33.4630    26.0882 0.0000e+00
 195.933061     36.799  34.668267     7.8556     2.7558     36.489    33.4661    26.0908 0.0000e+00
 195.933067     37.042  34.672920     7.8548     2.7189     36.730    33.4717    26.0954 0.0000e+00
 195.933073     37.288  34.676169     7.8505     2.6567     36.973    33.4792    26.1019 0.0000e+00
 195.933079     37.535  34.674418     7.8401     2.6044     37.218    33.4872    26.1097 0.0000e+00
 195.933084     37.782  34.668054     7.8267     2.5498     37.463    33.4931    26.1163 0.0000e+00
 195.933090     38.028  34.660279     7.8110     2.5321     37.707    33.4998    26.1238 0.0000e+00
 195.933096     38.271  34.652969     7.7886     2.5071     37.948    33.5133    26.1377 0.0000e+00
 195.933102     38.509  34.645823     7.7622     2.4915     38.184    33.5309    26.1553 0.0000e+00
 195.933108     38.741  34.640437     7.7433     2.4616     38.414    33.5432    26.1677 0.0000e+00
 195.933113     38.964  34.640191     7.7375     2.4187     38.635    33.5484    26.1726 0.0000e+00
 195.933119     39.175  34.643551     7.7368     2.3836     38.844    33.5526    26.1760 0.0000e+00
 195.933125     39.374  34.644265     7.7325     2.3279     39.042    33.5574    26.1804 0.0000e+00
 195.933131     39.571  34.640405     7.7270     2.2898     39.237    33.5585    26.1820 0.0000e+00
 195.933137     39.778  34.635710     7.7228     2.2408     39.442    33.5574    26.1818 0.0000e+00
 195.933142     40.003  34.633363     7.7137     2.2202     39.665    33.5635    26.1879 0.0000e+00
 195.933148     40.248  34.633519     7.7008     2.2090     39.908    33.5760    26.1996 0.0000e+00
 195.933154     40.506  34.635183     7.6906     2.2230     40.164    33.5875    26.2101 0.0000e+00
 195.933160     40.766  34.638250     7.6845     2.2227     40.422    33.5966    26.2181 0.0000e+00
 195.933166     41.013  34.642801     7.6825     2.2186     40.667    33.6033    26.2237 0.0000e+00
 195.933171     41.241  34.648098     7.6841     2.2038     40.893    33.6074    26.2266 0.0000e+00
 195.933177     41.448  34.652714     7.6869     2.1938     41.098    33.6095    26.2279 0.0000e+00
 195.933183     41.638  34.654319     7.6883     2.1790     41.286    33.6098    26.2280 0.0000e+00
 195.933189     41.820  34.652730     7.6881     2.1633     41.467    33.6082    26.2267 0.0000e+00
 195.933194     41.992  34.650794     7.6880     2.1493     41.637    33.6061    26.2251 0.0000e+00
 195.933200     42.156  34.649769     7.6887     2.1251     41.800    33.6043    26.2236 0.0000e+00
 195.933206     42.319  34.649331     7.6873     2.1323     41.962    33.6051    26.2244 0.0000e+00
 195.933212     42.482  34.649935     7.6839     2.1216     42.123    33.6089    26.2279 0.0000e+00
 195.933218     42.643  34.651746     7.6821     2.1365     42.283    33.6125    26.2310 0.0000e+00
 195.933223     42.791  34.653736     7.6830     2.1332     42.429    33.6137    26.2318 0.0000e+00
 195.933229     42.918  34.655674     7.6854     2.1378     42.555    33.6135    26.2313 -9.990e-29
 195.933235     43.024  34.658381     7.6886     2.1367     42.660    33.6132    26.2306 -9.990e-29
 195.933241     43.102  34.661463     7.6916     2.1310     42.738    33.6136    26.2305 -9.990e-29
 195.933247     43.148  34.663347     7.6934     2.1385     42.783    33.6139    26.2305 -9.990e-29
 195.933252     43.171  34.663662     7.6941     2.1349     42.806    33.6135    26.2301 -9.990e-29
 195.933258     43.180  34.663872     7.6943     2.1485     42.815    33.6136    26.2301 -9.990e-29
 195.933264     43.184  34.664736     7.6936     2.1460     42.819    33.6152    26.2315 -9.990e-29
 195.933270     43.188  34.665088     7.6917     2.1530     42.823    33.6174    26.2335 -9.990e-29
 195.933275     43.191  34.661953     7.6902     2.1420     42.826    33.6155    26.2322 -9.990e-29
 195.933281     43.191  34.655555     7.6900     2.1444     42.826    33.6088    26.2269 -9.990e-29
 195.933287     43.182  34.651292     7.6907     2.1479     42.817    33.6035    26.2227 -9.990e-29
 195.933293     43.160  34.650684     7.6922     2.1550     42.795    33.6014    26.2208 -9.990e-29
 195.933299     43.115  34.651161     7.6933     2.1755     42.751    33.6009    26.2203 -9.990e-29
 195.933304     43.048  34.653839     7.6928     2.1754     42.684    33.6043    26.2230 -9.990e-29
 195.933310     42.968  34.658287     7.6922     2.1808     42.605    33.6097    26.2273 -9.990e-29
 195.933316     42.878  34.660269     7.6925     2.1688     42.516    33.6116    26.2288 -9.990e-29
 195.933322     42.781  34.660667     7.6930     2.1678     42.420    33.6116    26.2287 -9.990e-29
 195.933328     42.679  34.661615     7.6929     2.1682     42.318    33.6127    26.2296 -9.990e-29
 195.933333     42.579  34.661496     7.6914     2.1667     42.219    33.6141    26.2309 -9.990e-29
 195.933339     42.488  34.658949     7.6889     2.1827     42.129    33.6138    26.2310 -9.990e-29
 195.933345     42.403  34.655544     7.6873     2.1823     42.045    33.6117    26.2296 -9.990e-29
 195.933351     42.320  34.654508     7.6873     2.1822     41.962    33.6107    26.2288 -9.990e-29
 195.933356     42.233  34.656060     7.6882     2.1790     41.876    33.6115    26.2293 -9.990e-29
 195.933362     42.141  34.657705     7.6897     2.1869     41.785    33.6119    26.2294 -9.990e-29
 195.933368     42.051  34.657636     7.6909     2.1903     41.696    33.6107    26.2283 -9.990e-29
 195.933374     41.970  34.656255     7.6902     2.1973     41.615    33.6099    26.2278 -9.990e-29
 195.933380     41.892  34.654487     7.6871     2.2026     41.538    33.6110    26.2291 -9.990e-29
 195.933385     41.809  34.652199     7.6840     2.2049     41.456    33.6116    26.2300 -9.990e-29
 195.933391     41.719  34.649696     7.6829     2.2333     41.367    33.6100    26.2289 -9.990e-29
 195.933397     41.618  34.648694     7.6837     2.2349     41.266    33.6082    26.2274 -9.990e-29
 195.933403     41.493  34.650111     7.6842     2.2513     41.143    33.6093    26.2282 0.0000e+00
 195.933409     41.347  34.651924     7.6834     2.2535     40.998    33.6121    26.2305 0.0000e+00
 195.933414     41.190  34.650961     7.6818     2.2634     40.842    33.6127    26.2312 0.0000e+00
 195.933420     41.039  34.647075     7.6802     2.2917     40.692    33.6101    26.2294 0.0000e+00
 195.933426     40.901  34.643505     7.6799     2.3010     40.556    33.6066    26.2267 0.0000e+00
 195.933432     40.771  34.642229     7.6808     2.3245     40.427    33.6044    26.2248 -9.990e-29
 195.933438     40.647  34.642120     7.6818     2.3219     40.304    33.6034    26.2239 -9.990e-29
 195.933443     40.527  34.640805     7.6824     2.3214     40.185    33.6015    26.2223 -9.990e-29
 195.933449     40.414  34.637667     7.6830     2.3331     40.073    33.5976    26.2191 -9.990e-29
 195.933455     40.308  34.634700     7.6840     2.3307     39.968    33.5935    26.2157 -9.990e-29
 195.933461     40.207  34.634126     7.6852     2.3470     39.868    33.5917    26.2142 -9.990e-29
 195.933466     40.105  34.635753     7.6868     2.3475     39.766    33.5920    26.2142 -9.990e-29
 195.933472     39.995  34.637281     7.6882     2.3589     39.657    33.5923    26.2142 -9.990e-29
 195.933478     39.874  34.637399     7.6889     2.3766     39.537    33.5918    26.2137 -9.990e-29
 195.933484     39.744  34.636838     7.6893     2.3909     39.409    33.5909    26.2130 0.0000e+00
 195.933490     39.605  34.636548     7.6902     2.4157     39.271    33.5898    26.2120 0.0000e+00
 195.933495     39.461  34.636154     7.6912     2.4211     39.128    33.5885    26.2108 0.0000e+00
 195.933501     39.318  34.635146     7.6922     2.4452     38.986    33.5865    26.2091 0.0000e+00
 195.933507     39.183  34.633314     7.6932     2.4794     38.852    33.5836    26.2067 0.0000e+00
 195.933513     39.049  34.630473     7.6947     2.5222     38.719    33.5792    26.2029 0.0000e+00
 195.933519     38.909  34.628452     7.6971     2.5817     38.581    33.5748    26.1991 0.0000e+00
 195.933524     38.758  34.628494     7.7013     2.6055     38.431    33.5708    26.1954 0.0000e+00
 195.933530     38.599  34.628985     7.7079     2.6464     38.273    33.5651    26.1900 0.0000e+00
 195.933536     38.439  34.628914     7.7162     2.6668     38.115    33.5571    26.1825 0.0000e+00
 195.933542     38.285  34.628764     7.7254     2.6818     37.962    33.5481    26.1741 0.0000e+00
 195.933547     38.145  34.628909     7.7348     2.7025     37.823    33.5393    26.1658 -9.990e-29
 195.933553     38.021  34.628997     7.7424     2.6936     37.700    33.5321    26.1591 -9.990e-29
 195.933559     37.908  34.629164     7.7483     2.6971     37.588    33.5267    26.1540 -9.990e-29
 195.933565     37.788  34.630207     7.7551     2.7030     37.469    33.5213    26.1488 -9.990e-29
 195.933571     37.654  34.632409     7.7634     2.7066     37.336    33.5157    26.1432 0.0000e+00
