data/oxygen options/ONMS/Olympic_Coast_National_Marine_Sanctuary_CTD_Data_2005_2023/raw_data/2015/CAST_CA042_150527faed.cnv
* Sea-Bird SBE19 Data File:
* FileName = C:\2015 Mooring Data\Casts\CAST_CA042_150527.hex
* Software Version 1.59
* Temperature SN = 2997
* Conductivity SN = 2997
* System UpLoad Time = May 27 2015 18:20:18
** CAST_CA042_150527
* ds
# nquan = 9                                 
# nvalues = 1037                        
# units = specified
# name 0 = timeJ: Julian Days
# name 1 = prSM: Pressure, Strain Gauge [db]
# name 2 = c0mS/cm: Conductivity [mS/cm]
# name 3 = t090C: Temperature [ITS-90, deg C]
# name 4 = sbeox0ML/L: Oxygen, SBE 43 [ml/l]
# name 5 = depSM: Depth [salt water, m], lat = 47.5
# name 6 = sal00: Salinity, Practical [PSU]
# name 7 = sigma-é00: Density [sigma-theta, kg/m^3]
# name 8 = flag: flag
# span 0 = 147.749016, 147.755012       
# span 1 =     -4.888,     43.172       
# span 2 =   0.030369,  38.293784       
# span 3 =     7.5911,    13.1227       
# span 4 =   -10.2915,    14.1866       
# span 5 =     -4.847,     42.807       
# span 6 =     0.0218,    33.3841       
# span 7 =    -0.6145,    26.0644       
# span 8 = 0.0000e+00, 0.0000e+00       
# interval = seconds: 0.5
# start_time = May 27 2015 17:58:35 [Instrument's time stamp, header]
# bad_flag = -9.990e-29
*END*
[from data line 961]
 147.754578      7.924  35.576773    10.5082     7.1131      7.858    31.9850    24.5137 -9.990e-29
 147.754583      7.801  35.597008    10.5820     7.1706      7.736    31.9406    24.4665 -9.990e-29
 147.754589      7.675  35.633709    10.6470     7.1927      7.611    31.9203    24.4396 0.0000e+00
 147.754595      7.541  35.731946    10.7102     7.1822      7.478    31.9628    24.4618 0.0000e+00
 147.754601      7.409  35.829234    10.7888     7.1798      7.347    31.9907    24.4700 0.0000e+00
 147.754606      7.278  35.905711    10.8830     7.1922      7.217    31.9843    24.4486 0.0000e+00
 147.754612      7.145  35.995371    10.9704     7.2148      7.085    31.9968    24.4431 0.0000e+00
 147.754618      7.010  36.085494    11.0319     7.2384      6.951    32.0322    24.4599 0.0000e+00
 147.754624      6.872  36.113355    11.0624     7.2343      6.815    32.0331    24.4552 0.0000e+00
 147.754630      6.732  36.092581    11.0907     7.2341      6.676    31.9881    24.4152 0.0000e+00
 147.754635      6.588  36.091323    11.1423     7.2207      6.533    31.9420    24.3703 0.0000e+00
 147.754641      6.446  36.107348    11.1957     7.2159      6.392    31.9115    24.3372 0.0000e+00
 147.754647      6.307  36.130637    11.2376     7.2278      6.254    31.8982    24.3193 0.0000e+00
 147.754653      6.173  36.184969    11.2820     7.2316      6.121    31.9131    24.3231 0.0000e+00
 147.754659      6.044  36.253120    11.3237     7.2305      5.993    31.9438    24.3395 0.0000e+00
 147.754664      5.914  36.288644    11.3455     7.2118      5.865    31.9598    24.3480 0.0000e+00
 147.754670      5.781  36.289028    11.3529     7.2098      5.733    31.9538    24.3421 0.0000e+00
 147.754676      5.645  36.281697    11.3584     7.2151      5.598    31.9419    24.3319 0.0000e+00
 147.754682      5.504  36.281544    11.3648     7.2288      5.458    31.9363    24.3263 0.0000e+00
 147.754687      5.360  36.291166    11.3730     7.2587      5.315    31.9387    24.3267 0.0000e+00
 147.754693      5.212  36.307140    11.3833     7.2494      5.168    31.9455    24.3301 0.0000e+00
 147.754699      5.058  36.322741    11.3926     7.2280      5.016    31.9528    24.3341 0.0000e+00
 147.754705      4.897  36.330185    11.4030     7.2158      4.856    31.9511    24.3310 0.0000e+00
 147.754711      4.724  36.330994    11.4191     7.2294      4.685    31.9381    24.3179 0.0000e+00
 147.754716      4.531  36.338579    11.4375     7.2373      4.493    31.9296    24.3081 0.0000e+00
 147.754722      4.319  36.363055    11.4578     7.2339      4.283    31.9361    24.3095 0.0000e+00
 147.754728      4.088  36.404550    11.4807     7.2324      4.054    31.9569    24.3215 0.0000e+00
 147.754734      3.840  36.448332    11.4977     7.2258      3.808    31.9851    24.3403 0.0000e+00
 147.754740      3.584  36.478233    11.5153     7.2276      3.554    31.9991    24.3481 0.0000e+00
 147.754745      3.332  36.489846    11.5529     7.2261      3.304    31.9781    24.3249 0.0000e+00
 147.754751      3.091  36.494173    11.6034     8.4541      3.065    31.9388    24.2853 0.0000e+00
 147.754757      2.868  36.510439    11.6424     7.2241      2.844    31.9211    24.2645 0.0000e+00
 147.754763      2.665  36.534558    11.6632     7.1981      2.643    31.9268    24.2651 0.0000e+00
 147.754769      2.484  36.552176    11.6759     7.1047      2.463    31.9330    24.2676 0.0000e+00
 147.754774      2.316  36.559326    11.6887     6.9851      2.297    31.9290    24.2622 0.0000e+00
 147.754780      2.156  36.553210    11.7021     6.9092      2.138    31.9116    24.2462 0.0000e+00
 147.754786      2.001  36.511102    11.7153     7.8989      1.984    31.8595    24.2033 0.0000e+00
 147.754792      1.850  36.365652    11.7294     8.1302      1.835    31.7064    24.0820 0.0000e+00
 147.754797      1.703  35.924049    11.7448     8.0116      1.689    31.2660    23.7373 0.0000e+00
 147.754803      1.558  34.575629    11.7541     7.7132      1.545    29.9585    22.7211 0.0000e+00
 147.754809      1.424  30.495037    11.7491     7.2437      1.412    26.0758    19.7125 -9.990e-29
 147.754815      1.312  27.373645    11.7320     6.7972      1.301    23.1616    17.4592 -9.990e-29
 147.754821      1.226  30.264719    11.7071     6.3966      1.216    25.8878    19.5740 -9.990e-29
 147.754826      1.158  34.069672    11.6764     6.2502      1.148    29.5347    22.4062 -9.990e-29
 147.754832      1.106  34.808647    11.6411     6.1398      1.097    30.2747    22.9866 -9.990e-29
 147.754838      1.065  33.387348    11.6032     6.0289      1.056    28.9370    21.9554 -9.990e-29
 147.754844      1.034  27.845682    11.5682     5.9665      1.025    23.7056    17.9071 -9.990e-29
 147.754850      1.009  18.643177    11.5412     5.9755      1.001    15.2920    11.4024 -9.990e-29
 147.754855      0.990  11.149654    11.5214     5.9581      0.982     8.7628     6.3566 -9.990e-29
 147.754861      0.975   7.487462    11.5025     5.9679      0.967     5.7116     3.9968 -9.990e-29
 147.754867      0.963   5.899213    11.4776     5.9747      0.955     4.4273     3.0042 -9.990e-29
 147.754873      0.954   5.400210    11.4444     5.9753      0.946     4.0319     2.7013 -9.990e-29
 147.754878      0.947   5.542027    11.4102     5.9754      0.939     4.1489     2.7961 -9.990e-29
 147.754884      0.941   5.659413    11.3823     5.9729      0.933     4.2460     2.8748 -9.990e-29
 147.754890      0.937   5.251941    11.3607     5.9667      0.929     3.9226     2.6262 -9.990e-29
 147.754896      0.933   4.891956    11.3442     5.9654      0.925     3.6380     2.4071 -9.990e-29
 147.754902      0.930   4.977674    11.3322     5.9565      0.922     3.7072     2.4623 -9.990e-29
 147.754907      0.927   4.935563    11.3211    -7.5471      0.919     3.6748     2.4384 -9.990e-29
 147.754913      0.925   4.503749    11.3080   -10.2915      0.917     3.3343     2.1754 -9.990e-29
 147.754919      0.923   3.918853    11.2946   -10.2579      0.915     2.8765     1.8210 -9.990e-29
 147.754925      0.920   3.298871    11.2835    -7.4597      0.912     2.3964     1.4488 -9.990e-29
 147.754931      0.918   2.744237    11.2756    -1.9000      0.910     1.9722     1.1195 -9.990e-29
 147.754936      0.915   2.350136    11.2707    -1.8994      0.907     1.6743     0.8879 -9.990e-29
 147.754942      0.912   2.096154    11.2680    -1.8994      0.904     1.4841     0.7399 -9.990e-29
 147.754948      0.908   1.936428    11.2667    -1.8999      0.900     1.3652     0.6474 -9.990e-29
 147.754954      0.903   1.821866    11.2661    -1.9003      0.895     1.2804     0.5812 -9.990e-29
 147.754959      0.897   1.729704    11.2659 -9.990e-29      0.890     1.2123     0.5281 -9.990e-29
 147.754965      0.893   1.669260    11.2661 -9.990e-29      0.886     1.1678     0.4934 -9.990e-29
 147.754971      0.896   1.637151    11.2671 -9.990e-29      0.889     1.1442     0.4748 -9.990e-29
 147.754977      0.901   1.611116    11.2683 -9.990e-29      0.893     1.1250     0.4598 -9.990e-29
 147.754983      0.906   1.579217    11.2689 -9.990e-29      0.898     1.1016     0.4414 -9.990e-29
 147.754988      0.909   1.545578    11.2682 -9.990e-29      0.901     1.0770     0.4223 -9.990e-29
 147.754994      0.911   1.533109    11.2660 -9.990e-29      0.903     1.0679     0.4155 -9.990e-29
 147.755000      0.913   1.545182    11.2629 -9.990e-29      0.905     1.0769     0.4228 -9.990e-29
 147.755006      0.914   1.552902    11.2612 -9.990e-29      0.906     1.0826     0.4274 -9.990e-29
 147.755012      0.914   1.547678 -9.990e-29 -9.990e-29      0.906 -9.990e-29 -9.990e-29 -9.990e-29
