data/oxygen options/ONMS/Olympic_Coast_National_Marine_Sanctuary_CTD_Data_2005_2023/raw_data/2015/CAST_TH015_150929faed.cnv
* Sea-Bird SBE19 Data File:
* FileName = C:\2015 Mooring Data\Casts\CAST_TH015_150929.hex
* Software Version 1.59
* Temperature SN = 2997
* Conductivity SN = 2997
* System UpLoad Time = Sep 29 2015 18:44:56
** CAST_TH015_150929
* ds
# nquan = 9                                 
# nvalues = 804                         
# units = specified
# name 0 = timeJ: Julian Days
# name 1 = prSM: Pressure, Strain Gauge [db]
# name 2 = c0mS/cm: Conductivity [mS/cm]
# name 3 = t090C: Temperature [ITS-90, deg C]
# name 4 = sbeox0ML/L: Oxygen, SBE 43 [ml/l]
# name 5 = depSM: Depth [salt water, m], lat = 47.5
# name 6 = sal00: Salinity, Practical [PSU]
# name 7 = sigma-é00: Density [sigma-theta, kg/m^3]
# name 8 = flag: flag
# span 0 = 272.762627, 272.767274       
# span 1 =     -4.648,     17.482       
# span 2 =   0.434300,  38.751003       
# span 3 =     9.0888,    17.1252       
# span 4 =    -1.7443,     9.5746       
# span 5 =     -4.609,     17.335       
# span 6 =     0.2579,    33.0693       
# span 7 =    -1.0265,    25.5908       
# span 8 = 0.0000e+00, 0.0000e+00       
# interval = seconds: 0.5
# start_time = Sep 29 2015 18:18:11 [Instrument's time stamp, header]
# bad_flag = -9.990e-29
*END*
[from data line 641]
 272.766337     13.127  35.858342     9.7501     3.3089     13.017    32.9470    25.3908 0.0000e+00
 272.766343     13.377  35.807551     9.6680     3.2812     13.265    32.9702    25.4224 0.0000e+00
 272.766348     13.637  35.761080     9.5707     3.2685     13.523    33.0119    25.4708 0.0000e+00
 272.766354     13.900  35.698338     9.4726     3.2795     13.784    33.0377    25.5068 0.0000e+00
 272.766360     14.162  35.631381     9.4072     3.3026     14.043    33.0290    25.5106 0.0000e+00
 272.766366     14.415  35.579526     9.3768     3.3408     14.294    33.0035    25.4955 0.0000e+00
 272.766372     14.656  35.550291     9.3547     3.3513     14.533    32.9936    25.4914 0.0000e+00
 272.766377     14.894  35.538223     9.3239     3.3534     14.769    33.0095    25.5087 0.0000e+00
 272.766383     15.130  35.526031     9.2825     3.3521     15.003    33.0351    25.5353 0.0000e+00
 272.766389     15.362  35.502424     9.2476     3.3434     15.233    33.0429    25.5470 0.0000e+00
 272.766395     15.587  35.476183     9.2378     3.3367     15.456    33.0247    25.5343 0.0000e+00
 272.766400     15.804  35.463774     9.2428     3.3220     15.672    33.0071    25.5198 0.0000e+00
 272.766406     16.012  35.465374     9.2381     3.3001     15.878    33.0130    25.5252 0.0000e+00
 272.766412     16.217  35.461753     9.2080     3.2803     16.081    33.0371    25.5488 0.0000e+00
 272.766418     16.419  35.439048     9.1593     3.2687     16.281    33.0586    25.5733 0.0000e+00
 272.766424     16.614  35.408366     9.1176     3.2619     16.475    33.0654    25.5852 0.0000e+00
 272.766429     16.796  35.389220     9.0951     3.2653     16.655    33.0663    25.5895 0.0000e+00
 272.766435     16.964  35.384007     9.0888     3.2690     16.822    33.0667    25.5908 0.0000e+00
 272.766441     17.117  35.387373     9.0948     3.2748     16.973    33.0645    25.5882 0.0000e+00
 272.766447     17.243  35.393643     9.1046     3.2792     17.098    33.0619    25.5845 -9.990e-29
 272.766453     17.337  35.397094     9.1105     3.2864     17.192    33.0599    25.5821 -9.990e-29
 272.766458     17.404  35.400014     9.1127     3.2954     17.258    33.0609    25.5825 -9.990e-29
 272.766464     17.450  35.404542     9.1130     3.3059     17.304    33.0653    25.5859 -9.990e-29
 272.766470     17.477  35.408799     9.1138     3.3090     17.330    33.0690    25.5886 -9.990e-29
 272.766476     17.482  35.412222     9.1173     3.3145     17.335    33.0693    25.5883 -9.990e-29
 272.766481     17.462  35.415938     9.1219     3.3129     17.316    33.0689    25.5873 -9.990e-29
 272.766487     17.419  35.419226     9.1287     3.3146     17.273    33.0660    25.5839 -9.990e-29
 272.766493     17.360  35.422474     9.1450     3.3137     17.214    33.0542    25.5722 -9.990e-29
 272.766499     17.284  35.433300     9.1752     3.3115     17.139    33.0375    25.5543 -9.990e-29
 272.766505     17.192  35.454858     9.2103     3.3169     17.048    33.0274    25.5408 -9.990e-29
 272.766510     17.085  35.476042     9.2310     3.3084     16.942    33.0302    25.5397 -9.990e-29
 272.766516     16.967  35.483574     9.2246     3.3060     16.825    33.0439    25.5515 -9.990e-29
 272.766522     16.841  35.468381     9.1961     3.3025     16.700    33.0547    25.5644 -9.990e-29
 272.766528     16.718  35.436466     9.1639     3.3070     16.578    33.0515    25.5671 -9.990e-29
 272.766534     16.602  35.410748     9.1453     3.3105     16.463    33.0422    25.5627 -9.990e-29
 272.766539     16.491  35.400557     9.1432     3.3227     16.353    33.0336    25.5563 -9.990e-29
 272.766545     16.376  35.405667     9.1468     3.3235     16.239    33.0356    25.5573 -9.990e-29
 272.766551     16.255  35.419929     9.1471     3.3204     16.119    33.0502    25.5686 -9.990e-29
 272.766557     16.129  35.426989     9.1466     3.3170     15.994    33.0580    25.5749 0.0000e+00
 272.766563     15.999  35.426663     9.1511     3.3105     15.865    33.0535    25.5707 0.0000e+00
 272.766568     15.864  35.429085     9.1624     3.3029     15.731    33.0456    25.5627 0.0000e+00
 272.766574     15.725  35.436291     9.1769     3.2945     15.593    33.0397    25.5558 0.0000e+00
 272.766580     15.585  35.447170     9.1907     3.2852     15.454    33.0383    25.5524 0.0000e+00
 272.766586     15.454  35.460471     9.2052     3.2772     15.324    33.0387    25.5504 -9.990e-29
 272.766591     15.335  35.470326     9.2188     3.2652     15.206    33.0363    25.5465 -9.990e-29
 272.766597     15.225  35.473555     9.2278     3.2576     15.097    33.0314    25.5412 -9.990e-29
 272.766603     15.118  35.476630     9.2338     3.2652     14.991    33.0291    25.5384 -9.990e-29
 272.766609     15.005  35.483580     9.2404     3.2721     14.879    33.0302    25.5382 -9.990e-29
 272.766615     14.885  35.491273     9.2493     3.2840     14.760    33.0300    25.5366 -9.990e-29
 272.766620     14.759  35.498127     9.2594     3.2862     14.635    33.0278    25.5333 0.0000e+00
 272.766626     14.626  35.505364     9.2709     3.2909     14.503    33.0247    25.5290 0.0000e+00
 272.766632     14.488  35.513595     9.2868     3.2960     14.367    33.0185    25.5217 0.0000e+00
 272.766638     14.343  35.522516     9.3083     3.2997     14.223    33.0080    25.5100 0.0000e+00
 272.766644     14.196  35.531063     9.3344     3.2976     14.077    32.9927    25.4939 0.0000e+00
 272.766649     14.050  35.539353     9.3612     3.3033     13.932    32.9766    25.4770 0.0000e+00
 272.766655     13.904  35.549966     9.3824     3.2998     13.787    32.9681    25.4669 0.0000e+00
 272.766661     13.757  35.564655     9.3985     3.3038     13.642    32.9685    25.4646 0.0000e+00
 272.766667     13.609  35.579406     9.4131     3.3219     13.495    32.9703    25.4637 0.0000e+00
 272.766672     13.464  35.589163     9.4225     3.3317     13.351    32.9717    25.4633 0.0000e+00
 272.766678     13.324  35.595097     9.4268     3.3434     13.212    32.9739    25.4644 0.0000e+00
 272.766684     13.185  35.600006     9.4342     3.3383     13.075    32.9722    25.4618 0.0000e+00
 272.766690     13.047  35.609240     9.4483     3.3334     12.938    32.9688    25.4569 0.0000e+00
 272.766696     12.917  35.629994     9.4709     3.3303     12.809    32.9694    25.4537 -9.990e-29
 272.766701     12.798  35.661854     9.5006     3.3490     12.691    32.9749    25.4532 -9.990e-29
 272.766707     12.680  35.695677     9.5276     3.3556     12.574    32.9848    25.4566 -9.990e-29
 272.766713     12.557  35.719340     9.5462     3.3816     12.452    32.9921    25.4593 -9.990e-29
 272.766719     12.420  35.726225     9.5635     3.4008     12.316    32.9833    25.4496 0.0000e+00
 272.766725     12.265  35.722640     9.5911     3.4186     12.162    32.9543    25.4225 0.0000e+00
 272.766730     12.096  35.725583     9.6367     3.4286     11.995    32.9156    25.3848 0.0000e+00
 272.766736     11.922  35.746187     9.7069     3.4313     11.822    32.8725    25.3396 0.0000e+00
 272.766742     11.758  35.794485     9.7927     3.4322     11.660    32.8435    25.3029 0.0000e+00
 272.766748     11.612  35.858043     9.8618     3.4262     11.515    32.8453    25.2930 0.0000e+00
 272.766753     11.477  35.896593     9.8968     3.4202     11.381    32.8528    25.2930 0.0000e+00
 272.766759     11.346  35.909926     9.9085     3.4117     11.251    32.8557    25.2933 0.0000e+00
 272.766765     11.215  35.920798     9.9115     3.4137     11.121    32.8641    25.2994 0.0000e+00
 272.766771     11.087  35.930187     9.9108     3.4133     10.994    32.8743    25.3075 -9.990e-29
 272.766777     10.968  35.928681     9.9068     3.4355     10.876    32.8765    25.3098 -9.990e-29
 272.766782     10.855  35.917002     9.9041     3.4526     10.764    32.8671    25.3030 -9.990e-29
 272.766788     10.739  35.909759     9.9101     3.4729     10.649    32.8544    25.2920 -9.990e-29
 272.766794     10.619  35.917389     9.9282     3.4937     10.530    32.8457    25.2822 -9.990e-29
 272.766800     10.495  35.943824     9.9619     3.5163     10.407    32.8419    25.2737 -9.990e-29
 272.766806     10.363  35.978849    10.0155     3.5343     10.276    32.8288    25.2545 0.0000e+00
 272.766811     10.219  36.008573    10.0822     3.5570     10.133    32.7985    25.2197 0.0000e+00
 272.766817     10.067  36.035574    10.1490     3.5603      9.983    32.7653    25.1827 0.0000e+00
 272.766823      9.914  36.068164    10.2003     3.5682      9.831    32.7519    25.1636 0.0000e+00
 272.766829      9.769  36.106639    10.2285     3.5786      9.687    32.7654    25.1693 0.0000e+00
 272.766834      9.634  36.147743    10.2498     3.5762      9.553    32.7876    25.1830 0.0000e+00
 272.766840      9.509  36.191342    10.2779     3.5867      9.429    32.8062    25.1928 -9.990e-29
 272.766846      9.391  36.227568    10.3063     3.5857      9.312    32.8171    25.1965 -9.990e-29
 272.766852      9.271  36.241400    10.3285     3.6013      9.193    32.8110    25.1879 -9.990e-29
 272.766858      9.148  36.235597    10.3542     3.6242      9.071    32.7820    25.1610 -9.990e-29
 272.766863      9.022  36.231006    10.3942     3.6459      8.947    32.7414    25.1225 0.0000e+00
 272.766869      8.897  36.247286    10.4433     3.6598      8.823    32.7136    25.0924 -9.990e-29
 272.766875      8.778  36.290458    10.4900     3.6846      8.705    32.7150    25.0855 -9.990e-29
 272.766881      8.658  36.339077    10.5305     3.7169      8.586    32.7274    25.0882 -9.990e-29
 272.766887      8.525  36.367192    10.5855     3.7743      8.454    32.7062    25.0622 0.0000e+00
 272.766892      8.378  36.387641    10.6786     3.8261      8.308    32.6433    24.9972 0.0000e+00
 272.766898      8.227  36.425452    10.7911     3.8866      8.158    32.5807    24.9288 0.0000e+00
 272.766904      8.078  36.479492    10.8863     3.9302      8.010    32.5497    24.8881 0.0000e+00
 272.766910      7.934  36.532166    10.9639     3.9338      7.868    32.5331    24.8616 0.0000e+00
 272.766916      7.795  36.584238    11.0708     3.9367      7.730    32.4900    24.8092 0.0000e+00
 272.766921      7.661  36.652473    11.2251     3.9479      7.597    32.4212    24.7283 0.0000e+00
 272.766927      7.532  36.725859    11.3532     3.9768      7.469    32.3808    24.6739 -9.990e-29
 272.766933      7.408  36.798580    11.4042     4.0687      7.346    32.4074    24.6854 -9.990e-29
 272.766939      7.289  36.872917    11.4162     4.2330      7.228    32.4697    24.7317 -9.990e-29
 272.766944      7.173  36.915184    11.4299     4.4149      7.113    32.4991    24.7521 -9.990e-29
 272.766950      7.052  36.918969    11.4673     4.5766      6.993    32.4700    24.7227 -9.990e-29
 272.766956      6.923  36.911177    11.5593     4.6968      6.865    32.3819    24.6375 0.0000e+00
 272.766962      6.786  36.920088    11.7051     4.7709      6.729    32.2635    24.5190 0.0000e+00
 272.766968      6.646  36.973282    11.8592     4.8373      6.590    32.1815    24.4271 0.0000e+00
 272.766973      6.509  37.091817    12.0250     4.9005      6.455    32.1530    24.3743 0.0000e+00
 272.766979      6.381  37.251613    12.2069     4.9632      6.328    32.1503    24.3382 -9.990e-29
 272.766985      6.258  37.372056    12.3419     5.0080      6.206    32.1499    24.3125 -9.990e-29
 272.766991      6.136  37.407496    12.4250     5.0809      6.085    32.1127    24.2679 -9.990e-29
 272.766997      6.015  37.387284    12.5105     5.1453      5.965    32.0205    24.1802 -9.990e-29
 272.767002      5.894  37.365771    12.6044     5.2282      5.845    31.9203    24.0846 -9.990e-29
 272.767008      5.767  37.360244    12.6821     5.2746      5.719    31.8493    24.0148 0.0000e+00
 272.767014      5.640  37.365589    12.7339     5.2993      5.593    31.8107    23.9750 -9.990e-29
 272.767020      5.518  37.384467    12.7650     5.3032      5.472    31.8024    23.9626 -9.990e-29
 272.767025      5.397  37.413477    12.7951     5.2957      5.352    31.8046    23.9584 -9.990e-29
 272.767031      5.274  37.447027    12.8590     5.2980      5.230    31.7826    23.9290 -9.990e-29
 272.767037      5.149  37.502387    12.9607     5.3007      5.106    31.7494    23.8837 0.0000e+00
 272.767043      5.023  37.585546    13.0533     5.3023      4.981    31.7501    23.8662 0.0000e+00
 272.767049      4.896  37.655487    13.1057     5.3013      4.855    31.7720    23.8729 0.0000e+00
 272.767054      4.770  37.686651    13.1286     5.3018      4.730    31.7821    23.8762 0.0000e+00
 272.767060      4.644  37.697629    13.1529     5.3172      4.605    31.7721    23.8637 -9.990e-29
 272.767066      4.520  37.713717    13.2016     5.3252      4.482    31.7466    23.8344 -9.990e-29
 272.767072      4.397  37.736745    13.2634     5.3239      4.360    31.7166    23.7990 -9.990e-29
 272.767078      4.277  37.757058    13.3157     5.3056      4.241    31.6921    23.7697 -9.990e-29
 272.767083      4.161  37.781009    13.3467     5.2875      4.126    31.6887    23.7610 -9.990e-29
 272.767089      4.045  37.811960    13.3604     5.2836      4.011    31.7062    23.7718 -9.990e-29
 272.767095      3.927  37.844100    13.3716     5.2902      3.894    31.7269    23.7856 -9.990e-29
 272.767101      3.807  37.875441    13.3838     5.3045      3.775    31.7460    23.7980 -9.990e-29
 272.767106      3.686  37.910772    13.3939     5.3337      3.655    31.7706    23.8150 -9.990e-29
 272.767112      3.570  37.943948    13.3995     5.3599      3.540    31.7969    23.8342 -9.990e-29
 272.767118      3.463  37.955860    13.4033     5.3760      3.434    31.8049    23.8396 -9.990e-29
 272.767124      3.360  37.950621    13.4208     5.3940      3.332    31.7855    23.8211 -9.990e-29
 272.767130      3.249  37.944233    13.4608     5.4045      3.222    31.7463    23.7828 -9.990e-29
 272.767135      3.128  37.948918    13.5134     5.4171      3.102    31.7070    23.7420 -9.990e-29
 272.767141      2.997  37.973727    13.5603     5.4228      2.972    31.6912    23.7204 0.0000e+00
 272.767147      2.860  38.016992    13.5943     5.4156      2.836    31.7032    23.7229 0.0000e+00
 272.767153      2.728  38.066338    13.6179     5.3995      2.705    31.7295    23.7384 0.0000e+00
 272.767159      2.602  38.101234    13.6304     5.3869      2.580    31.7515    23.7530 -9.990e-29
 272.767164      2.481  38.109353    13.6408     5.3701      2.460    31.7505    23.7500 -9.990e-29
 272.767170      2.357  38.107690    13.6595     5.3400      2.337    31.7335    23.7332 -9.990e-29
 272.767176      2.224  38.118134    13.6766     5.2821      2.205    31.7290    23.7263 0.0000e+00
 272.767182      2.089  38.132749    13.6840     5.2076      2.072    31.7365    23.7305 0.0000e+00
 272.767187      1.960  38.146359    13.6888     5.1833      1.944    31.7452    23.7363 -9.990e-29
 272.767193      1.841  38.158615    13.6943     5.6573      1.826    31.7520    23.7404 -9.990e-29
 272.767199      1.729  38.161192    13.6949     5.8772      1.715    31.7539    23.7418 -9.990e-29
 272.767205      1.621  38.161453    13.6913     6.0657      1.607    31.7572    23.7451 -9.990e-29
 272.767211      1.519  38.164232    13.6862     5.9870      1.506    31.7640    23.7514 -9.990e-29
 272.767216      1.425  38.154733    13.6776     5.9481      1.413    31.7624    23.7518 -9.990e-29
 272.767222      1.342  38.122535    13.6679 -9.990e-29      1.331    31.7406    23.7370 -9.990e-29
 272.767228      1.272  38.054419    13.6592 -9.990e-29      1.261    31.6848    23.6956 -9.990e-29
 272.767234      1.216  37.880866    13.6490 -9.990e-29      1.206    31.5324    23.5799 -9.990e-29
 272.767240      1.169  37.388409    13.6369 -9.990e-29      1.159    31.0866    23.2380 -9.990e-29
 272.767245      1.130  35.942301    13.6224 -9.990e-29      1.121    29.7648    22.2204 -9.990e-29
 272.767251      1.095  31.630096    13.6063 -9.990e-29      1.086    25.8476    19.2023 -9.990e-29
