data/oxygen options/ONMS/Olympic_Coast_National_Marine_Sanctuary_CTD_Data_2005_2023/raw_data/2015/CAST_TH015_150929faed.cnv
* Sea-Bird SBE19 Data File:
* FileName = C:\2015 Mooring Data\Casts\CAST_TH015_150929.hex
* Software Version 1.59
* Temperature SN = 2997
* Conductivity SN = 2997
* System UpLoad Time = Sep 29 2015 18:44:56
** CAST_TH015_150929
* ds
# nquan = 9                                 
# nvalues = 804                         
# units = specified
# name 0 = timeJ: Julian Days
# name 1 = prSM: Pressure, Strain Gauge [db]
# name 2 = c0mS/cm: Conductivity [mS/cm]
# name 3 = t090C: Temperature [ITS-90, deg C]
# name 4 = sbeox0ML/L: Oxygen, SBE 43 [ml/l]
# name 5 = depSM: Depth [salt water, m], lat = 47.5
# name 6 = sal00: Salinity, Practical [PSU]
# name 7 = sigma-é00: Density [sigma-theta, kg/m^3]
# name 8 = flag: flag
# span 0 = 272.762627, 272.767274       
# span 1 =     -4.648,     17.482       
# span 2 =   0.434300,  38.751003       
# span 3 =     9.0888,    17.1252       
# span 4 =    -1.7443,     9.5746       
# span 5 =     -4.609,     17.335       
# span 6 =     0.2579,    33.0693       
# span 7 =    -1.0265,    25.5908       
# span 8 = 0.0000e+00, 0.0000e+00       
# interval = seconds: 0.5
# start_time = Sep 29 2015 18:18:11 [Instrument's time stamp, header]
# bad_flag = -9.990e-29
*END*
[from data line 161]
 272.763559     -1.213   0.456567    15.6169    -1.7370     -1.203     0.2712    -0.7843 -9.990e-29
 272.763565     -1.206   0.456785    15.6247    -1.7363     -1.196     0.2713    -0.7855 -9.990e-29
 272.763571     -1.198   0.457080    15.6298    -1.7361     -1.188     0.2715    -0.7861 -9.990e-29
 272.763576     -1.188   0.457290    15.6297    -1.7365     -1.178     0.2716    -0.7860 -9.990e-29
 272.763582     -1.175   0.457141    15.6264    -1.7360     -1.165     0.2715    -0.7856 -9.990e-29
 272.763588     -1.159   0.456989    15.6259    -1.7355     -1.149     0.2714    -0.7856 -9.990e-29
 272.763594     -1.138   0.457187    15.6310    -1.7347     -1.129     0.2715    -0.7863 -9.990e-29
 272.763600     -1.111   0.457441    15.6422    -1.7343     -1.102     0.2716    -0.7880 -9.990e-29
 272.763605     -1.081   0.457537    15.6595    -1.7350     -1.072     0.2716    -0.7908 -9.990e-29
 272.763611     -1.054   0.457602    15.6791    -1.7356     -1.045     0.2715    -0.7940 -9.990e-29
 272.763617     -1.033   0.457723    15.6946    -1.7361     -1.024     0.2714    -0.7965 -9.990e-29
 272.763623     -1.017   0.458060    15.7027    -1.7362     -1.009     0.2716    -0.7977 -9.990e-29
 272.763628     -1.004   0.458508    15.7074    -1.7366     -0.996     0.2718    -0.7982 -9.990e-29
 272.763634     -0.994   0.458554    15.7158    -1.7367     -0.986     0.2718    -0.7996 -9.990e-29
 272.763640     -0.986   0.458260    15.7286    -1.7366     -0.978     0.2716    -0.8018 -9.990e-29
 272.763646     -0.979   0.458343    15.7409    -1.7367     -0.971     0.2715    -0.8038 -9.990e-29
 272.763652     -0.974   0.458912    15.7450    -1.7368     -0.966     0.2718    -0.8042 -9.990e-29
 272.763657     -0.970   0.459617    15.7379    -1.7368     -0.962     0.2723    -0.8027 -9.990e-29
 272.763663     -0.966   0.460288    15.7256    -1.7363     -0.958     0.2728    -0.8004 -9.990e-29
 272.763669     -0.963   0.460709    15.7146    -1.7357     -0.955     0.2731    -0.7984 -9.990e-29
 272.763675     -0.959   0.460887    15.7062    -1.7356     -0.951     0.2733    -0.7969 -9.990e-29
 272.763681     -0.956   0.461057    15.6994    -1.7354     -0.948     0.2734    -0.7957 -9.990e-29
 272.763686     -0.952   0.461447    15.6951    -1.7354     -0.944     0.2737    -0.7948 -9.990e-29
 272.763692     -0.948   0.462021    15.6934    -1.7354     -0.940     0.2741    -0.7943 -9.990e-29
 272.763698     -0.943   0.462435    15.6925    -1.7355     -0.935     0.2743    -0.7939 -9.990e-29
 272.763704     -0.936   0.462687    15.6924    -1.7356     -0.928     0.2745    -0.7938 -9.990e-29
 272.763709     -0.929   0.463113    15.6961    -1.7357     -0.921     0.2747    -0.7942 -9.990e-29
 272.763715     -0.919   0.463723    15.7047    -1.7357     -0.911     0.2750    -0.7953 -9.990e-29
 272.763721     -0.906   0.464223    15.7148    -1.7356     -0.898     0.2753    -0.7967 -9.990e-29
 272.763727     -0.890   0.464723    15.7225    -1.7353     -0.883     0.2755    -0.7978 -9.990e-29
 272.763733     -0.874   0.465335    15.7267    -1.7343     -0.867     0.2759    -0.7982 -9.990e-29
 272.763738     -0.864   0.465765    15.7278    -1.7334     -0.857     0.2761    -0.7982 -9.990e-29
 272.763744     -0.862   0.466030    15.7268    -1.7326     -0.855     0.2763    -0.7979 -9.990e-29
 272.763750     -0.858   0.466484    15.7250    -1.7319     -0.851     0.2766    -0.7974 -9.990e-29
 272.763756     -0.847   0.467177    15.7236    -1.7312     -0.840     0.2770    -0.7968 -9.990e-29
 272.763762     -0.828   0.467922    15.7232    -1.7308     -0.821     0.2775    -0.7964 -9.990e-29
 272.763767     -0.806   0.468602    15.7244    -1.7307     -0.799     0.2779    -0.7963 -9.990e-29
 272.763773     -0.786   0.469014    15.7297    -1.7302     -0.779     0.2781    -0.7969 -9.990e-29
 272.763779     -0.773   0.469152    15.7421    -1.7296     -0.767     0.2781    -0.7989 -9.990e-29
 272.763785     -0.764   0.469199    15.7620    -1.7296     -0.758     0.2780    -0.8022 -9.990e-29
 272.763791     -0.756   0.469217    15.7850    -1.7305     -0.750     0.2778    -0.8060 -9.990e-29
 272.763796     -0.744   0.469232    15.8073    -1.7316     -0.738     0.2777    -0.8097 -9.990e-29
 272.763802     -0.731   0.469262    15.8276    -1.7323     -0.725     0.2776    -0.8130 -9.990e-29
 272.763808     -0.720   0.469350    15.8449    -1.7324     -0.714     0.2775    -0.8159 -9.990e-29
 272.763814     -0.711   0.469610    15.8578    -1.7326     -0.705     0.2776    -0.8179 -9.990e-29
 272.763819     -0.703   0.469834    15.8679    -1.7329     -0.697     0.2777    -0.8195 -9.990e-29
 272.763825     -0.695   0.469768    15.8777    -1.7330     -0.689     0.2776    -0.8212 -9.990e-29
 272.763831     -0.688   0.469878    15.8842    -1.7329     -0.682     0.2776    -0.8222 -9.990e-29
 272.763837     -0.680   0.470310    15.8804    -1.7326     -0.674     0.2779    -0.8213 -9.990e-29
 272.763843     -0.672   0.470530    15.8650    -1.7325     -0.666     0.2781    -0.8187 -9.990e-29
 272.763848     -0.663   0.470274    15.8446    -1.7323     -0.657     0.2781    -0.8154 -9.990e-29
 272.763854     -0.651   0.469757    15.8280    -1.7317     -0.646     0.2779    -0.8129 -9.990e-29
 272.763860     -0.638   0.469400    15.8179    -1.7313     -0.633     0.2777    -0.8114 -9.990e-29
 272.763866     -0.620   0.469281    15.8111    -1.7308     -0.615     0.2777    -0.8103 -9.990e-29
 272.763872     -0.603   0.469242    15.8057    -1.7303     -0.598     0.2777    -0.8094 -9.990e-29
 272.763877     -0.588   0.469232    15.8038    -1.7300     -0.583     0.2777    -0.8091 -9.990e-29
 272.763883     -0.575   0.469237    15.8058    -1.7299     -0.570     0.2777    -0.8094 -9.990e-29
 272.763889     -0.564   0.469263    15.8105    -1.7293     -0.559     0.2777    -0.8102 -9.990e-29
 272.763895     -0.548   0.469345    15.8168    -1.7287     -0.543     0.2777    -0.8112 -9.990e-29
 272.763900     -0.528   0.469592    15.8253    -1.7281     -0.524     0.2778    -0.8125 -9.990e-29
 272.763906     -0.510   0.469777    15.8369    -1.7276     -0.506     0.2778    -0.8143 -9.990e-29
 272.763912     -0.494   0.469592    15.8504    -1.7268     -0.490     0.2776    -0.8167 -9.990e-29
 272.763918     -0.473   0.469346    15.8641    -1.7260     -0.469     0.2774    -0.8191 -9.990e-29
 272.763924     -0.451   0.469265    15.8764    -1.7250     -0.447     0.2773    -0.8212 -9.990e-29
 272.763929     -0.435   0.469242    15.8863    -1.7242     -0.431     0.2772    -0.8228 -9.990e-29
 272.763935     -0.429   0.469247    15.8965    -1.7237     -0.425     0.2771    -0.8245 -9.990e-29
 272.763941     -0.428   0.469284    15.9099    -1.7235     -0.424     0.2771    -0.8268 -9.990e-29
 272.763947     -0.426   0.469403    15.9257    -1.7232     -0.422     0.2770    -0.8293 -9.990e-29
 272.763953     -0.425   0.469764    15.9424    -1.7230     -0.421     0.2771    -0.8320 -9.990e-29
 272.763958     -0.424   0.470292    15.9607    -1.7228     -0.420     0.2773    -0.8348 -9.990e-29
 272.763964     -0.423   0.470580    15.9818    -1.7230     -0.419     0.2774    -0.8382 -9.990e-29
 272.763970     -0.422   0.470457    16.0053    -1.7226     -0.418     0.2771    -0.8422 -9.990e-29
 272.763976     -0.422   0.470313    16.0290    -1.7220     -0.418     0.2769    -0.8463 -9.990e-29
 272.763981     -0.421   0.470513    16.0495    -1.7215     -0.417     0.2769    -0.8496 -9.990e-29
 272.763987     -0.420   0.470769    16.0644    -1.7211     -0.416     0.2769    -0.8520 -9.990e-29
 272.763993     -0.418   0.470867    16.0746    -1.7208     -0.415     0.2769    -0.8537 -9.990e-29
 272.763999     -0.417   0.470936    16.0825    -1.7198     -0.414     0.2769    -0.8550 -9.990e-29
 272.764005     -0.415   0.471069    16.0889    -1.7188     -0.412     0.2770    -0.8560 -9.990e-29
 272.764010     -0.412   0.471443    16.0933    -1.7181     -0.409     0.2772    -0.8566 -9.990e-29
 272.764016     -0.408   0.471999    16.0979    -1.7173     -0.405     0.2775    -0.8571 -9.990e-29
 272.764022     -0.404   0.472369    16.1067    -1.7167     -0.401     0.2776    -0.8584 -9.990e-29
 272.764028     -0.399   0.472491    16.1197    -1.7163     -0.396     0.2776    -0.8606 -9.990e-29
 272.764034     -0.392   0.472530    16.1335    -1.7165     -0.389     0.2775    -0.8629 -9.990e-29
 272.764039     -0.383   0.472536    16.1477    -1.7164     -0.380     0.2775    -0.8653 -9.990e-29
 272.764045     -0.372   0.472520    16.1647    -1.7159     -0.369     0.2773    -0.8682 -9.990e-29
 272.764051     -0.362   0.472459    16.1865    -1.7156     -0.359     0.2772    -0.8719 -9.990e-29
 272.764057     -0.356   0.472268    16.2105    -1.7149     -0.353     0.2769    -0.8761 -9.990e-29
 272.764063     -0.350   0.472247    16.2330    -1.7143     -0.347     0.2767    -0.8800 -9.990e-29
 272.764068     -0.344   0.472925    16.2528    -1.7140     -0.341     0.2770    -0.8830 -9.990e-29
 272.764074     -0.342   0.474093    16.2688    -1.7136     -0.339     0.2776    -0.8852 -9.990e-29
 272.764080     -0.338   0.475089    16.2788    -1.7130     -0.335     0.2781    -0.8865 -9.990e-29
 272.764086     -0.329   0.475574    16.2843    -1.7127     -0.326     0.2784    -0.8872 -9.990e-29
 272.764091     -0.315   0.475639    16.2909    -1.7127     -0.312     0.2784    -0.8883 -9.990e-29
 272.764097     -0.293   0.475370    16.3013    -1.7125     -0.291     0.2782    -0.8902 -9.990e-29
 272.764103     -0.268   0.474963    16.3146    -1.7124     -0.266     0.2778    -0.8927 -9.990e-29
 272.764109     -0.245   0.474984    16.3298    -1.7118     -0.243     0.2777    -0.8953 -9.990e-29
 272.764115     -0.228   0.475458    16.3446    -1.7114     -0.226     0.2779    -0.8976 -9.990e-29
 272.764120     -0.216   0.475908    16.3575    -1.7108     -0.214     0.2781    -0.8996 -9.990e-29
 272.764126     -0.209   0.476376    16.3698    -1.7100     -0.207     0.2783    -0.9015 -9.990e-29
 272.764132     -0.204   0.476932    16.3814    -1.7095     -0.202     0.2786    -0.9033 -9.990e-29
 272.764138     -0.203   0.477206    16.3903    -1.7094     -0.201     0.2787    -0.9047 -9.990e-29
 272.764144     -0.201   0.477005    16.3964    -1.7093     -0.199     0.2785    -0.9058 -9.990e-29
 272.764149     -0.194   0.476617    16.4023    -1.7092     -0.192     0.2782    -0.9070 -9.990e-29
 272.764155     -0.184   0.476633    16.4106    -1.7092     -0.182     0.2782    -0.9084 -9.990e-29
 272.764161     -0.177   0.477075    16.4223    -1.7092     -0.176     0.2784    -0.9103 -9.990e-29
 272.764167     -0.171   0.477419    16.4367    -1.7097     -0.170     0.2785    -0.9126 -9.990e-29
 272.764172     -0.166   0.477571    16.4536    -1.7102     -0.165     0.2785    -0.9155 -9.990e-29
 272.764178     -0.162   0.477730    16.4708    -1.7104     -0.161     0.2784    -0.9184 -9.990e-29
 272.764184     -0.159   0.478108    16.4838    -1.7100     -0.158     0.2786    -0.9204 -9.990e-29
 272.764190     -0.157   0.478655    16.4912    -1.7092     -0.156     0.2789    -0.9215 -9.990e-29
 272.764196     -0.154   0.478988    16.4950    -1.7084     -0.153     0.2790    -0.9220 -9.990e-29
 272.764201     -0.151   0.478993    16.4967    -1.7080     -0.150     0.2790    -0.9223 -9.990e-29
 272.764207     -0.149   0.478679    16.4965    -1.7083     -0.148     0.2788    -0.9224 -9.990e-29
 272.764213     -0.146   0.478180    16.4927    -1.7093     -0.145     0.2786    -0.9220 -9.990e-29
 272.764219     -0.143   0.477941    16.4844    -1.7100     -0.142     0.2785    -0.9206 -9.990e-29
 272.764225     -0.139   0.478196    16.4762    -1.7100     -0.138     0.2787    -0.9191 -9.990e-29
 272.764230     -0.134   0.478730    16.4749    -1.7098     -0.133     0.2790    -0.9186 -9.990e-29
 272.764236     -0.128   0.479142    16.4833    -1.7090     -0.127     0.2792    -0.9199 -9.990e-29
 272.764242     -0.120   0.479425    16.4986    -1.7081     -0.119     0.2793    -0.9224 -9.990e-29
 272.764248     -0.110   0.479958    16.5136    -1.7074     -0.109     0.2795    -0.9248 -9.990e-29
 272.764253     -0.098   0.480894    16.5205    -1.7065     -0.097     0.2800    -0.9255 -9.990e-29
 272.764259     -0.081   0.481815    16.5150    -1.7061     -0.080     0.2806    -0.9242 -9.990e-29
 272.764265     -0.069   0.482282    16.5006    -1.7053     -0.068     0.2810    -0.9214 -9.990e-29
 272.764271     -0.069   0.482364    16.4880    -1.7048     -0.068     0.2811    -0.9192 -9.990e-29
 272.764277     -0.072   0.482169    16.4852    -1.7052     -0.071     0.2810    -0.9188 -9.990e-29
 272.764282     -0.069   0.481990    16.4930    -1.7062     -0.068     0.2809    -0.9202 -9.990e-29
 272.764288     -0.066   0.482141    16.5097    -1.7066     -0.065     0.2808    -0.9231 -9.990e-29
 272.764294     -0.066   0.482269    16.5313    -1.7060     -0.065     0.2808    -0.9268 -9.990e-29
 272.764300     -0.064   0.481988    16.5535    -1.7049     -0.063     0.2805    -0.9308 -9.990e-29
 272.764306     -0.061   0.481480    16.5740    -1.7039     -0.060     0.2800    -0.9346 -9.990e-29
 272.764311     -0.061   0.481174    16.5920    -1.7029     -0.060     0.2797    -0.9379 -9.990e-29
 272.764317     -0.059   0.481217    16.6072    -1.7018     -0.059     0.2796    -0.9405 -9.990e-29
 272.764323     -0.051   0.481667    16.6145    -1.7009     -0.051     0.2799    -0.9416 -9.990e-29
 272.764329     -0.041   0.482566    16.6091    -1.7000     -0.041     0.2804    -0.9402 -9.990e-29
 272.764334     -0.032   0.483448    16.5982    -1.6992     -0.032     0.2810    -0.9379 -9.990e-29
 272.764340     -0.019   0.483822    16.5956    -1.6979     -0.019     0.2813    -0.9373 -9.990e-29
 272.764346     -0.003   0.483631    16.6078    -1.6964     -0.003     0.2811    -0.9395 -9.990e-29
 272.764352      0.010   0.483175    16.6308    -1.6954      0.010     0.2806    -0.9438 -9.990e-29
 272.764358      0.017   0.482953    16.6585    -1.6946      0.017     0.2803    -0.9487 -9.990e-29
 272.764363      0.017   0.483226    16.6880    -1.6935      0.017     0.2803    -0.9538 -9.990e-29
 272.764369      0.015   0.483799    16.7181    -1.6923      0.015     0.2804    -0.9588 -9.990e-29
 272.764375      0.019   0.484326    16.7474    -1.6916      0.019     0.2806    -0.9638 -9.990e-29
 272.764381      0.030   0.484955    16.7758    -1.6914      0.030     0.2807    -0.9685 -9.990e-29
 272.764387      0.040   0.485967    16.8060    -1.6911      0.040     0.2812    -0.9734 -9.990e-29
 272.764392      0.045   0.487048    16.8407    -1.6908      0.045     0.2816    -0.9790 -9.990e-29
 272.764398      0.046   0.487972    16.8769    -1.6909      0.046     0.2819    -0.9851 -9.990e-29
 272.764404      0.042   0.488860    16.9098    -1.6908      0.042     0.2822    -0.9905 -9.990e-29
 272.764410      0.038   0.489785    16.9398    -1.6906      0.038     0.2825    -0.9955 -9.990e-29
 272.764416      0.037   0.490871    16.9697    -1.6901      0.037     0.2830    -1.0003 -9.990e-29
 272.764421      0.035   0.491897    16.9977    -1.6897      0.035     0.2834    -1.0049 -9.990e-29
 272.764427      0.033   0.492567    17.0185    -1.6893      0.033     0.2837    -1.0083 -9.990e-29
 272.764433      0.034   0.493216    17.0317    -1.6889      0.034     0.2840    -1.0104 -9.990e-29
 272.764439      0.038   0.494154    17.0413    -1.6891      0.038     0.2844    -1.0117 -9.990e-29
 272.764444      0.046   0.494966    17.0482    -1.6895      0.046     0.2849    -1.0125 -9.990e-29
 272.764450      0.053   0.495071    17.0521    -1.6895      0.053     0.2849    -1.0132 -9.990e-29
 272.764456      0.057   0.494605    17.0564    -1.6891      0.057     0.2846    -1.0142 -9.990e-29
 272.764462      0.061   0.494058    17.0641    -1.6887      0.060     0.2842    -1.0158 -9.990e-29
 272.764468      0.070   0.493808    17.0746    -1.6885      0.069     0.2840    -1.0178 -9.990e-29
 272.764473      0.080   0.494078    17.0856    -1.6884      0.079     0.2841    -1.0197 -9.990e-29
