data/oxygen options/ONMS/Olympic_Coast_National_Marine_Sanctuary_CTD_Data_2005_2023/raw_data/2015/CAST_MB015_150722faed.cnv
* Sea-Bird SBE 19 Data File:
* FileName = C:\2015 Mooring Data\Casts\CAST_MB015_150722.hex
* Software Version SeatermAF 2.1.2
* Temperature SN = 2997
* Conductivity SN = 2997
* System UpLoad Time = Jul 22 2015 21:01:56 (localtime) = Jul 22 2015 21:01:56 (UTC)
** CAST_MB015_150722
* ds
# nquan = 9                                 
# nvalues = 941                         
# units = specified
# name 0 = timeJ: Julian Days
# name 1 = prSM: Pressure, Strain Gauge [db]
# name 2 = c0mS/cm: Conductivity [mS/cm]
# name 3 = t090C: Temperature [ITS-90, deg C]
# name 4 = sbeox0ML/L: Oxygen, SBE 43 [ml/l]
# name 5 = depSM: Depth [salt water, m], lat = 47.5
# name 6 = sal00: Salinity, Practical [PSU]
# name 7 = sigma-é00: Density [sigma-theta, kg/m^3]
# name 8 = flag: flag
# span 0 = 203.837407, 203.842847       
# span 1 =     -4.931,     14.929       
# span 2 =   0.348231,  40.655297       
# span 3 =    11.1771,    18.0227       
# span 4 =    -1.6867,    11.9246       
# span 5 =     -4.890,     14.804       
# span 6 =     0.1950,    33.0364       
# span 7 =    -1.2468,    25.1449       
# span 8 = 0.0000e+00, 0.0000e+00       
# interval = seconds: 0.5
# start_time = Jul 22 2015 20:05:52 [Instrument's time stamp, header]
# bad_flag = -9.990e-29
*END*
[from data line 641]
 203.841117      1.485  40.037233    14.9376     7.2072      1.473    32.4383    24.0112 -9.990e-29
 203.841123      1.479  40.064341    14.9513     7.2426      1.467    32.4514    24.0183 -9.990e-29
 203.841128      1.471  40.079673    14.9488     7.2401      1.459    32.4673    24.0311 -9.990e-29
 203.841134      1.467  40.067739    14.9195     7.1842      1.455    32.4809    24.0479 -9.990e-29
 203.841140      1.472  40.020980    14.8809     7.1298      1.460    32.4708    24.0483 -9.990e-29
 203.841146      1.482  39.980152    14.8699     7.1278      1.470    32.4430    24.0293 -9.990e-29
 203.841152      1.493  39.986060    14.8886     7.1743      1.481    32.4328    24.0174 -9.990e-29
 203.841157      1.502  40.019038    14.9108     7.1965      1.489    32.4441    24.0214 -9.990e-29
 203.841163      1.505  40.052919    14.9278     7.1890      1.492    32.4606    24.0305 -9.990e-29
 203.841169      1.506  40.090775    14.9428     7.1827      1.493    32.4823    24.0440 -9.990e-29
 203.841175      1.510  40.112947    14.9442     7.1672      1.497    32.5012    24.0582 -9.990e-29
 203.841181      1.517  40.083346    14.9241     7.1883      1.504    32.4912    24.0548 -9.990e-29
 203.841186      1.523  40.027485    14.9095     7.2218      1.510    32.4528    24.0284 -9.990e-29
 203.841192      1.525  40.007059    14.9167     7.2336      1.512    32.4284    24.0080 -9.990e-29
 203.841198      1.522  40.030650    14.9280     7.2290      1.509    32.4403    24.0148 -9.990e-29
 203.841204      1.514  40.057888    14.9320     7.2165      1.501    32.4616    24.0303 -9.990e-29
 203.841209      1.506  40.062805    14.9250     7.2122      1.493    32.4718    24.0397 -9.990e-29
 203.841215      1.500  40.053021    14.9028     7.2167      1.487    32.4815    24.0519 -9.990e-29
 203.841221      1.497  40.033376    14.8785     7.2170      1.485    32.4840    24.0590 -9.990e-29
 203.841227      1.495  40.006770    14.8704     7.2226      1.483    32.4666    24.0474 -9.990e-29
 203.841233      1.496  39.999894    14.8781     7.2315      1.484    32.4540    24.0360 -9.990e-29
 203.841238      1.499  40.019213    14.8956     7.2229      1.486    32.4569    24.0345 -9.990e-29
 203.841244      1.501  40.042212    14.9160     7.2050      1.488    32.4607    24.0331 -9.990e-29
 203.841250      1.496  40.054087    14.9274     7.2144      1.484    32.4620    24.0316 -9.990e-29
 203.841256      1.489  40.043706    14.9203     7.2269      1.477    32.4585    24.0305 -9.990e-29
 203.841262      1.483  40.017918    14.8954     7.2399      1.471    32.4559    24.0338 -9.990e-29
 203.841267      1.479  39.997227    14.8707     7.2510      1.467    32.4578    24.0405 -9.990e-29
 203.841273      1.476  39.992108    14.8616     7.2442      1.464    32.4607    24.0447 -9.990e-29
 203.841279      1.474  40.004081    14.8545     7.2383      1.462    32.4775    24.0592 -9.990e-29
 203.841285      1.473  40.004193    14.8325     7.2227      1.461    32.4959    24.0781 -9.990e-29
 203.841291      1.472  39.972354    14.8124     7.2207      1.460    32.4838    24.0731 -9.990e-29
 203.841296      1.472  39.941738    14.8118     7.2315      1.460    32.4566    24.0522 -9.990e-29
 203.841302      1.472  39.939860    14.8243     7.2349      1.460    32.4445    24.0402 -9.990e-29
 203.841308      1.474  39.957422    14.8380     7.2343      1.462    32.4490    24.0407 -9.990e-29
 203.841314      1.476  39.972373    14.8400     7.2361      1.464    32.4608    24.0494 -9.990e-29
 203.841319      1.478  39.972635    14.8258     7.2488      1.466    32.4729    24.0618 -9.990e-29
 203.841325      1.482  39.961865    14.8050     7.2520      1.470    32.4805    24.0721 -9.990e-29
 203.841331      1.488  39.945830    14.7902     7.2480      1.476    32.4783    24.0735 -9.990e-29
 203.841337      1.495  39.937286    14.7857     7.2186      1.483    32.4743    24.0714 -9.990e-29
 203.841343      1.503  39.945522    14.7827     7.2139      1.490    32.4843    24.0797 -9.990e-29
 203.841348      1.511  39.950621    14.7745     7.2073      1.498    32.4957    24.0903 -9.990e-29
 203.841354      1.512  39.940262    14.7718     7.2054      1.499    32.4886    24.0854 -9.990e-29
 203.841360      1.513  39.934213    14.7806     7.2183      1.500    32.4758    24.0736 -9.990e-29
 203.841366      1.517  39.942850    14.7868     7.2373      1.504    32.4784    24.0744 -9.990e-29
 203.841372      1.524  39.953521    14.7772     7.2167      1.511    32.4961    24.0900 -9.990e-29
 203.841377      1.536  39.951246    14.7558     7.2042      1.523    32.5119    24.1068 -9.990e-29
 203.841383      1.552  39.932935    14.7399     7.2003      1.539    32.5086    24.1076 -9.990e-29
 203.841389      1.570  39.915600    14.7428     7.2048      1.557    32.4904    24.0930 -9.990e-29
 203.841395      1.581  39.919795    14.7655     7.2097      1.568    32.4753    24.0765 -9.990e-29
 203.841400      1.583  39.944882    14.8011     7.2186      1.570    32.4683    24.0635 -9.990e-29
 203.841406      1.580  39.980520    14.8323     7.2459      1.567    32.4746    24.0617 -9.990e-29
 203.841412      1.580  40.003531    14.8367     7.2532      1.567    32.4918    24.0740 -9.990e-29
 203.841418      1.588  39.987359    14.8195     7.2224      1.575    32.4914    24.0774 -9.990e-29
 203.841424      1.604  39.954684    14.8141     7.1887      1.591    32.4663    24.0592 -9.990e-29
 203.841429      1.620  39.948223    14.8313     7.1645      1.606    32.4462    24.0400 -9.990e-29
 203.841435      1.624  39.965460    14.8564     7.1617      1.610    32.4409    24.0306 -9.990e-29
 203.841441      1.618  39.983904    14.8755     7.1853      1.604    32.4417    24.0271 -9.990e-29
 203.841447      1.609  39.997817    14.8856     7.1818      1.596    32.4458    24.0282 -9.990e-29
 203.841453      1.605  40.026261    14.8954     7.1652      1.592    32.4634    24.0396 -9.990e-29
 203.841458      1.610  40.074585    14.9060     7.1547      1.597    32.4983    24.0642 -9.990e-29
 203.841464      1.620  40.101197    14.9168     7.1828      1.606    32.5133    24.0735 -9.990e-29
 203.841470      1.627  40.098352    14.9292     7.2333      1.613    32.5004    24.0609 -9.990e-29
 203.841476      1.628  40.094157    14.9353     7.2640      1.614    32.4916    24.0527 -9.990e-29
 203.841481      1.622  40.084646    14.9288     7.2658      1.608    32.4884    24.0517 -9.990e-29
 203.841487      1.614  40.064930    14.9130     7.2515      1.601    32.4837    24.0515 -9.990e-29
 203.841493      1.606  40.047911    14.8886     7.2454      1.593    32.4887    24.0605 -9.990e-29
 203.841499      1.599  40.024856    14.8608     7.2479      1.586    32.4910    24.0682 -9.990e-29
 203.841505      1.597  39.992995    14.8485     7.2560      1.584    32.4724    24.0565 -9.990e-29
 203.841510      1.603  39.981549    14.8511     7.2497      1.590    32.4598    24.0463 -9.990e-29
 203.841516      1.614  39.988088    14.8432     7.2433      1.601    32.4723    24.0576 -9.990e-29
 203.841522      1.627  39.983143    14.8167     7.2531      1.613    32.4899    24.0769 -9.990e-29
 203.841528      1.641  39.965673    14.7933     7.2699      1.627    32.4936    24.0847 -9.990e-29
 203.841534      1.657  39.956617    14.7869     7.2684      1.643    32.4908    24.0839 -9.990e-29
 203.841539      1.678  39.965703    14.7872     7.2577      1.664    32.4987    24.0899 -9.990e-29
 203.841545      1.704  39.977507    14.7823     7.2338      1.690    32.5135    24.1024 -9.990e-29
 203.841551      1.741  39.972950    14.7690     7.2394      1.726    32.5205    24.1106 -9.990e-29
 203.841557      1.795  39.954870    14.7542     7.2566      1.780    32.5164    24.1106 -9.990e-29
 203.841563      1.867  39.938909    14.7484     7.2553      1.851    32.5068    24.1044 -9.990e-29
 203.841568      1.951  39.933999    14.7477     7.2435      1.935    32.5029    24.1015 -9.990e-29
 203.841574      2.050  39.934649    14.7377     7.2071      2.033    32.5118    24.1105 -9.990e-29
 203.841580      2.168  39.924848    14.7112     7.1177      2.150    32.5250    24.1264 -9.990e-29
 203.841586      2.314  39.893714    14.6726     6.9776      2.295    32.5289    24.1376 0.0000e+00
 203.841591      2.489  39.841165    14.6299     6.8179      2.468    32.5168    24.1373 0.0000e+00
 203.841597      2.686  39.782293    14.5861     6.6694      2.664    32.4998    24.1335 0.0000e+00
 203.841603      2.902  39.738716    14.5399     6.5464      2.878    32.4987    24.1424 0.0000e+00
 203.841609      3.127  39.709467    14.4917     6.4463      3.101    32.5124    24.1631 0.0000e+00
 203.841615      3.356  39.679380    14.4463     6.3173      3.328    32.5229    24.1808 0.0000e+00
 203.841620      3.589  39.643541    14.4096     6.1691      3.559    32.5209    24.1869 0.0000e+00
 203.841626      3.829  39.608249    14.3818     6.0380      3.797    32.5119    24.1858 0.0000e+00
 203.841632      4.071  39.580172    14.3510     5.9333      4.037    32.5120    24.1923 0.0000e+00
 203.841638      4.311  39.557099    14.2999     5.8766      4.275    32.5337    24.2198 0.0000e+00
 203.841644      4.556  39.522752    14.2138     5.8334      4.518    32.5747    24.2693 0.0000e+00
 203.841649      4.811  39.447501    14.0988     5.7936      4.771    32.6025    24.3147 0.0000e+00
 203.841655      5.072  39.345284    13.9952     5.7384      5.030    32.5959    24.3310 0.0000e+00
 203.841661      5.341  39.268635    13.9312     5.6930      5.296    32.5792    24.3313 0.0000e+00
 203.841667      5.613  39.223439    13.8945     5.6837      5.566    32.5684    24.3305 0.0000e+00
 203.841672      5.883  39.192493    13.8553     5.6887      5.834    32.5729    24.3420 0.0000e+00
 203.841678      6.156  39.162467    13.7914     5.7239      6.105    32.5993    24.3754 0.0000e+00
 203.841684      6.432  39.116222    13.7106     5.7191      6.378    32.6250    24.4117 0.0000e+00
 203.841690      6.707  39.060399    13.6465     5.6546      6.651    32.6276    24.4267 0.0000e+00
 203.841696      6.982  39.018007    13.6169     5.5246      6.924    32.6133    24.4217 0.0000e+00
 203.841701      7.249  38.999690    13.6079     5.3988      7.188    32.6038    24.4162 0.0000e+00
 203.841707      7.503  38.996060    13.5988     5.3189      7.440    32.6081    24.4213 0.0000e+00
 203.841713      7.756  38.986488    13.5696     5.2924      7.691    32.6240    24.4395 0.0000e+00
 203.841719      8.015  38.949719    13.5077     5.2927      7.948    32.6424    24.4663 0.0000e+00
 203.841725      8.280  38.877002    13.4079     5.3285      8.211    32.6598    24.4997 0.0000e+00
 203.841730      8.551  38.763786    13.2437     5.3815      8.479    32.6945    24.5593 0.0000e+00
 203.841736      8.827  38.572252    12.9959     5.3975      8.753    32.7275    24.6339 0.0000e+00
 203.841742      9.110  38.325502    12.7237     5.3867      9.034    32.7291    24.6883 0.0000e+00
 203.841748      9.395  38.138909    12.5224     5.3480      9.316    32.7261    24.7248 0.0000e+00
 203.841753      9.671  38.046040    12.4206     5.3051      9.590    32.7258    24.7441 0.0000e+00
 203.841759      9.926  38.014282    12.3919     5.2763      9.843    32.7203    24.7453 0.0000e+00
 203.841765     10.158  38.024708    12.4051     5.2509     10.073    32.7187    24.7415 0.0000e+00
 203.841771     10.378  38.053009    12.4240     5.2369     10.291    32.7293    24.7461 0.0000e+00
 203.841777     10.601  38.080789    12.3980     5.2090     10.512    32.7785    24.7892 0.0000e+00
 203.841782     10.835  38.054215    12.3051     5.1948     10.744    32.8342    24.8501 0.0000e+00
 203.841788     11.084  37.949546    12.1935     5.1667     10.991    32.8313    24.8690 0.0000e+00
 203.841794     11.340  37.846842    12.1175     5.1328     11.245    32.7989    24.8582 0.0000e+00
 203.841800     11.596  37.791206    12.0735     5.0891     11.499    32.7837    24.8547 0.0000e+00
 203.841806     11.846  37.759906    12.0249     5.0471     11.747    32.7960    24.8734 0.0000e+00
 203.841811     12.093  37.727366    11.9502     4.9976     11.992    32.8302    24.9138 0.0000e+00
 203.841817     12.344  37.672529    11.8602     4.9556     12.241    32.8563    24.9509 0.0000e+00
 203.841823     12.597  37.600091    11.7825     4.9233     12.491    32.8545    24.9638 0.0000e+00
 203.841829     12.844  37.533860    11.7244     4.8924     12.736    32.8413    24.9643 0.0000e+00
 203.841834     13.079  37.482938    11.6625     4.8762     12.969    32.8463    24.9796 0.0000e+00
 203.841840     13.304  37.433693    11.5813     4.8693     13.193    32.8701    25.0130 0.0000e+00
 203.841846     13.524  37.371931    11.4871     4.8652     13.411    32.8933    25.0482 0.0000e+00
 203.841852     13.741  37.299271    11.3881     4.8793     13.626    32.9101    25.0792 0.0000e+00
 203.841858     13.951  37.224650    11.2937     4.8985     13.834    32.9208    25.1046 0.0000e+00
 203.841863     14.150  37.162231    11.2230     4.9322     14.031    32.9224    25.1185 0.0000e+00
 203.841869     14.335  37.128437    11.1865     4.9633     14.215    32.9216    25.1245 0.0000e+00
 203.841875     14.496  37.121817    11.1771     4.9830     14.375    32.9234    25.1276 0.0000e+00
 203.841881     14.625  37.132326    11.1836     4.9886     14.502    32.9279    25.1299 -9.990e-29
 203.841887     14.727  37.150356    11.1962     4.9771     14.604    32.9344    25.1327 -9.990e-29
 203.841892     14.804  37.165680    11.2135     4.9686     14.680    32.9340    25.1293 -9.990e-29
 203.841898     14.856  37.180721    11.2457     4.9743     14.731    32.9200    25.1126 -9.990e-29
 203.841904     14.887  37.206485    11.2907     4.9817     14.762    32.9052    25.0930 -9.990e-29
 203.841910     14.903  37.241381    11.3234     4.9959     14.778    32.9104    25.0911 -9.990e-29
 203.841916     14.914  37.258449    11.3283     5.0033     14.789    32.9228    25.0999 -9.990e-29
 203.841921     14.923  37.245631    11.3159     5.0152     14.798    32.9212    25.1009 -9.990e-29
 203.841927     14.929  37.230033    11.3049     5.0139     14.804    32.9157    25.0986 -9.990e-29
 203.841933     14.927  37.232806    11.3090     5.0089     14.802    32.9148    25.0972 -9.990e-29
 203.841939     14.920  37.259801    11.3277     5.0092     14.795    32.9246    25.1015 -9.990e-29
 203.841944     14.914  37.304338    11.3467     5.0118     14.789    32.9515    25.1189 -9.990e-29
 203.841950     14.907  37.336616    11.3536     5.0386     14.782    32.9771    25.1375 -9.990e-29
 203.841956     14.899  37.341313    11.3496     5.0524     14.774    32.9853    25.1446 -9.990e-29
 203.841962     14.890  37.336942    11.3455     5.0544     14.765    32.9846    25.1449 -9.990e-29
 203.841968     14.878  37.336088    11.3502     5.0389     14.753    32.9796    25.1401 -9.990e-29
 203.841973     14.859  37.333043    11.3702     5.0223     14.734    32.9587    25.1203 -9.990e-29
 203.841979     14.824  37.330949    11.4109     5.0055     14.700    32.9204    25.0831 -9.990e-29
 203.841985     14.766  37.345425    11.4625     4.9947     14.642    32.8887    25.0491 -9.990e-29
 203.841991     14.680  37.368234    11.4938     4.9843     14.557    32.8832    25.0392 -9.990e-29
 203.841997     14.570  37.379836    11.4823     4.9642     14.448    32.9049    25.0581 -9.990e-29
 203.842002     14.451  37.378820    11.4388     4.9483     14.330    32.9427    25.0953 -9.990e-29
 203.842008     14.336  37.351428    11.3899     4.9377     14.216    32.9594    25.1173 -9.990e-29
 203.842014     14.232  37.308688    11.3575     4.9278     14.113    32.9464    25.1130 -9.990e-29
 203.842020     14.130  37.285990    11.3469     4.9375     14.012    32.9336    25.1049 -9.990e-29
 203.842025     14.021  37.277638    11.3405     4.9495     13.904    32.9311    25.1042 -9.990e-29
 203.842031     13.901  37.269046    11.3264     4.9684     13.785    32.9353    25.1100 -9.990e-29
