data/oxygen options/ONMS/Olympic_Coast_National_Marine_Sanctuary_CTD_Data_2005_2023/raw_data/2015/CAST_KL015_150826faed.cnv
* Sea-Bird SBE19 Data File:
* FileName = C:\2015 Mooring Data\Casts\CAST_KL015_150826.hex
* Software Version 1.59
* Temperature SN = 2997
* Conductivity SN = 2997
* System UpLoad Time = Aug 26 2015 23:25:58
** CAST_KL015_150826
* ds
# nquan = 9                                 
# nvalues = 973                         
# units = specified
# name 0 = timeJ: Julian Days
# name 1 = prSM: Pressure, Strain Gauge [db]
# name 2 = c0mS/cm: Conductivity [mS/cm]
# name 3 = t090C: Temperature [ITS-90, deg C]
# name 4 = sbeox0ML/L: Oxygen, SBE 43 [ml/l]
# name 5 = depSM: Depth [salt water, m], lat = 47.5
# name 6 = sal00: Salinity, Practical [PSU]
# name 7 = sigma-é00: Density [sigma-theta, kg/m^3]
# name 8 = flag: flag
# span 0 = 238.950706, 238.956331       
# span 1 =     -5.441,     15.889       
# span 2 =   0.409978,  39.407285       
# span 3 =     8.5419,    16.2267       
# span 4 =    -1.7616,    15.4332       
# span 5 =     -5.396,     15.756       
# span 6 =     0.2464,    33.4732       
# span 7 =    -0.8694,    25.9338       
# span 8 = 0.0000e+00, 0.0000e+00       
# interval = seconds: 0.5
# start_time = Aug 26 2015 22:49:01 [Instrument's time stamp, header]
# bad_flag = -9.990e-29
*END*
[from data line 801]
 238.955341     15.630  35.201415     8.5427     1.0388     15.499    33.3883    25.9272 -9.990e-29
 238.955347     15.742  35.203604     8.5448     1.0336     15.610    33.3885    25.9271 -9.990e-29
 238.955353     15.824  35.206452     8.5470     1.0297     15.691    33.3894    25.9275 -9.990e-29
 238.955359     15.873  35.208582     8.5496     1.0311     15.740    33.3892    25.9269 -9.990e-29
 238.955365     15.889  35.209337     8.5536     1.0326     15.756    33.3862    25.9240 -9.990e-29
 238.955370     15.881  35.210712     8.5577     1.0441     15.748    33.3838    25.9214 -9.990e-29
 238.955376     15.861  35.214967     8.5597     1.0350     15.728    33.3864    25.9232 -9.990e-29
 238.955382     15.832  35.219797     8.5598     1.0387     15.699    33.3914    25.9271 -9.990e-29
 238.955388     15.797  35.221422     8.5591     1.0320     15.665    33.3938    25.9291 -9.990e-29
 238.955394     15.757  35.220756     8.5580     1.0236     15.625    33.3941    25.9295 -9.990e-29
 238.955399     15.711  35.219581     8.5572     1.0266     15.579    33.3937    25.9293 -9.990e-29
 238.955405     15.659  35.217878     8.5574     1.0253     15.528    33.3917    25.9277 -9.990e-29
 238.955411     15.599  35.217724     8.5581     1.0298     15.468    33.3909    25.9270 -9.990e-29
 238.955417     15.522  35.219902     8.5574     1.0259     15.392    33.3939    25.9294 -9.990e-29
 238.955422     15.431  35.220459     8.5542     1.0245     15.302    33.3976    25.9328 -9.990e-29
 238.955428     15.334  35.217762     8.5519     1.0245     15.205    33.3969    25.9326 -9.990e-29
 238.955434     15.234  35.214809     8.5515     1.0190     15.106    33.3943    25.9306 -9.990e-29
 238.955440     15.136  35.213132     8.5512     1.0206     15.009    33.3928    25.9295 -9.990e-29
 238.955446     15.048  35.212044     8.5511     1.0205     14.922    33.3918    25.9287 -9.990e-29
 238.955451     14.968  35.211644     8.5502     1.0151     14.843    33.3923    25.9292 -9.990e-29
 238.955457     14.890  35.211826     8.5481     1.0235     14.765    33.3945    25.9313 -9.990e-29
 238.955463     14.811  35.211577     8.5467     1.0249     14.687    33.3956    25.9324 -9.990e-29
 238.955469     14.725  35.210993     8.5461     1.0263     14.602    33.3956    25.9324 -9.990e-29
 238.955475     14.630  35.210841     8.5449     1.0210     14.507    33.3966    25.9334 -9.990e-29
 238.955480     14.530  35.210788     8.5445     1.0164     14.408    33.3970    25.9338 -9.990e-29
 238.955486     14.422  35.210628     8.5452     1.0096     14.301    33.3962    25.9330 -9.990e-29
 238.955492     14.303  35.211138     8.5454     1.0028     14.183    33.3966    25.9333 -9.990e-29
 238.955498     14.175  35.212302     8.5460     1.0043     14.056    33.3973    25.9338 0.0000e+00
 238.955503     14.038  35.213298     8.5471     0.9990     13.920    33.3974    25.9337 0.0000e+00
 238.955509     13.896  35.214201     8.5480     1.0020     13.780    33.3975    25.9337 0.0000e+00
 238.955515     13.758  35.214961     8.5493     1.0049     13.643    33.3972    25.9332 0.0000e+00
 238.955521     13.631  35.215338     8.5510     0.9928     13.517    33.3960    25.9320 -9.990e-29
 238.955527     13.520  35.216262     8.5527     0.9927     13.407    33.3954    25.9313 -9.990e-29
 238.955532     13.418  35.217712     8.5543     0.9926     13.306    33.3955    25.9311 -9.990e-29
 238.955538     13.315  35.218688     8.5552     0.9955     13.203    33.3957    25.9311 -9.990e-29
 238.955544     13.209  35.219238     8.5554     0.9946     13.098    33.3962    25.9315 -9.990e-29
 238.955550     13.100  35.219961     8.5554     0.9865     12.990    33.3970    25.9321 -9.990e-29
 238.955556     12.991  35.220569     8.5558     0.9849     12.882    33.3973    25.9323 -9.990e-29
 238.955561     12.879  35.220617     8.5572     0.9795     12.771    33.3961    25.9311 -9.990e-29
 238.955567     12.757  35.220595     8.5589     0.9826     12.650    33.3945    25.9296 -9.990e-29
 238.955573     12.621  35.220901     8.5599     0.9788     12.515    33.3939    25.9290 0.0000e+00
 238.955579     12.476  35.221811     8.5611     0.9787     12.372    33.3938    25.9287 0.0000e+00
 238.955584     12.330  35.223286     8.5634     0.9749     12.227    33.3933    25.9280 0.0000e+00
 238.955590     12.189  35.224919     8.5661     0.9681     12.087    33.3925    25.9269 0.0000e+00
 238.955596     12.059  35.226536     8.5675     0.9695     11.958    33.3929    25.9271 -9.990e-29
 238.955602     11.940  35.228004     8.5678     0.9642     11.840    33.3943    25.9281 -9.990e-29
 238.955608     11.832  35.229067     8.5689     0.9670     11.733    33.3944    25.9280 -9.990e-29
 238.955613     11.733  35.229545     8.5703     0.9632     11.635    33.3936    25.9272 -9.990e-29
 238.955619     11.636  35.229619     8.5708     0.9632     11.539    33.3933    25.9268 -9.990e-29
 238.955625     11.536  35.229494     8.5713     0.9662     11.439    33.3927    25.9263 -9.990e-29
 238.955631     11.426  35.229114     8.5717     0.9609     11.330    33.3920    25.9257 -9.990e-29
 238.955637     11.299  35.228640     8.5715     0.9555     11.204    33.3917    25.9255 0.0000e+00
 238.955642     11.156  35.228669     8.5719     0.9472     11.063    33.3914    25.9252 0.0000e+00
 238.955648     11.005  35.229347     8.5734     0.9472     10.913    33.3908    25.9245 0.0000e+00
 238.955654     10.852  35.230566     8.5753     0.9449     10.761    33.3904    25.9238 0.0000e+00
 238.955660     10.706  35.232378     8.5776     0.9479     10.616    33.3902    25.9233 0.0000e+00
 238.955666     10.571  35.234508     8.5800     0.9440     10.483    33.3902    25.9230 -9.990e-29
 238.955671     10.449  35.236541     8.5813     0.9371     10.362    33.3912    25.9235 -9.990e-29
 238.955677     10.343  35.237933     8.5812     0.9386     10.256    33.3928    25.9248 -9.990e-29
 238.955683     10.240  35.238969     8.5813     0.9333     10.154    33.3938    25.9256 -9.990e-29
 238.955689     10.135  35.240575     8.5825     0.9428     10.050    33.3944    25.9259 -9.990e-29
 238.955694     10.030  35.242199     8.5841     0.9404      9.946    33.3947    25.9259 -9.990e-29
 238.955700      9.921  35.242751     8.5856     0.9403      9.838    33.3939    25.9250 -9.990e-29
 238.955706      9.807  35.242514     8.5867     0.9415      9.725    33.3927    25.9239 -9.990e-29
 238.955712      9.689  35.242402     8.5878     0.9397      9.608    33.3916    25.9228 -9.990e-29
 238.955718      9.564  35.242936     8.5897     0.9424      9.484    33.3904    25.9216 0.0000e+00
 238.955723      9.427  35.243814     8.5919     0.9423      9.348    33.3893    25.9204 0.0000e+00
 238.955729      9.287  35.244634     8.5936     0.9420      9.209    33.3886    25.9196 0.0000e+00
 238.955735      9.157  35.246039     8.5962     0.9418      9.080    33.3877    25.9185 0.0000e+00
 238.955741      9.029  35.248890     8.6001     0.9485      8.953    33.3871    25.9174 0.0000e+00
 238.955747      8.889  35.254294     8.6048     0.9565      8.815    33.3884    25.9177 0.0000e+00
 238.955752      8.747  35.263400     8.6115     0.9711      8.674    33.3917    25.9193 0.0000e+00
 238.955758      8.610  35.273887     8.6217     0.9925      8.538    33.3931    25.9189 0.0000e+00
 238.955764      8.478  35.282474     8.6327     1.0127      8.407    33.3918    25.9162 0.0000e+00
 238.955770      8.352  35.290073     8.6418     1.0313      8.282    33.3913    25.9143 -9.990e-29
 238.955775      8.231  35.300199     8.6516     1.0451      8.162    33.3927    25.9140 -9.990e-29
 238.955781      8.113  35.311891     8.6634     1.0762      8.045    33.3939    25.9131 -9.990e-29
 238.955787      7.994  35.318993     8.6740     1.1181      7.927    33.3914    25.9095 -9.990e-29
 238.955793      7.875  35.322115     8.6835     1.1614      7.809    33.3858    25.9036 -9.990e-29
 238.955799      7.754  35.326092     8.6939     1.2136      7.689    33.3802    25.8976 -9.990e-29
 238.955804      7.626  35.330733     8.7049     1.2455      7.562    33.3748    25.8917 0.0000e+00
 238.955810      7.496  35.336170     8.7140     1.3443      7.433    33.3719    25.8880 0.0000e+00
 238.955816      7.369  35.344718     8.7210     1.4962      7.307    33.3744    25.8889 0.0000e+00
 238.955822      7.241  35.354997     8.7311     1.6402      7.180    33.3757    25.8883 0.0000e+00
 238.955828      7.108  35.363447     8.7470     1.7772      7.049    33.3696    25.8811 0.0000e+00
 238.955833      6.975  35.369115     8.7641     1.8623      6.917    33.3595    25.8706 0.0000e+00
 238.955839      6.846  35.376865     8.7823     1.9477      6.789    33.3505    25.8607 0.0000e+00
 238.955845      6.716  35.398824     8.8066     2.0374      6.660    33.3507    25.8571 0.0000e+00
 238.955851      6.583  35.430195     8.8330     2.1164      6.528    33.3588    25.8593 0.0000e+00
 238.955856      6.454  35.449028     8.8584     2.2445      6.400    33.3546    25.8521 -9.990e-29
 238.955862      6.335  35.458690     8.8869     2.4768      6.282    33.3380    25.8346 -9.990e-29
 238.955868      6.213  35.473299     8.9177     2.8402      6.161    33.3244    25.8191 -9.990e-29
 238.955874      6.085  35.493951     8.9487     3.2910      6.034    33.3169    25.8084 0.0000e+00
 238.955880      5.960  35.520271     8.9751     3.7083      5.910    33.3196    25.8064 -9.990e-29
 238.955885      5.843  35.549357     8.9952     3.9437      5.794    33.3312    25.8123 -9.990e-29
 238.955891      5.731  35.593766     9.0144     4.0060      5.683    33.3595    25.8314 -9.990e-29
 238.955897      5.620  35.669668     9.0432     3.9859      5.573    33.4115    25.8677 -9.990e-29
 238.955903      5.513  35.771333     9.1184     3.9713      5.467    33.4467    25.8833 -9.990e-29
 238.955909      5.411  35.882539     9.2435     4.0138      5.366    33.4448    25.8619 -9.990e-29
 238.955914      5.312  35.962231     9.3467     4.0943      5.268    33.4307    25.8342 -9.990e-29
 238.955920      5.205  35.973862     9.3978     4.2209      5.161    33.3950    25.7981 -9.990e-29
 238.955926      5.084  35.952134     9.4383     4.4810      5.042    33.3349    25.7445 -9.990e-29
 238.955932      4.953  35.955642     9.4907     4.8679      4.912    33.2898    25.7008 0.0000e+00
 238.955938      4.822  35.986373     9.5549     5.2440      4.782    33.2618    25.6685 0.0000e+00
 238.955943      4.695  36.020403     9.6300     5.5954      4.656    33.2273    25.6292 0.0000e+00
 238.955949      4.568  36.060625     9.6975     5.9133      4.530    33.2061    25.6016 0.0000e+00
 238.955955      4.437  36.129403     9.7415     6.2858      4.400    33.2359    25.6177 0.0000e+00
 238.955961      4.308  36.265879     9.7900     6.6984      4.272    33.3307    25.6837 0.0000e+00
 238.955966      4.183  36.435224     9.8882     7.0234      4.148    33.4127    25.7314 -9.990e-29
 238.955972      4.061  36.529273    10.0592     7.1630      4.027    33.3503    25.6541 -9.990e-29
 238.955978      3.937  36.568162    10.2640     7.2367      3.904    33.2016    25.5033 -9.990e-29
 238.955984      3.812  36.627409    10.4217     7.3265      3.780    33.1173    25.4107 0.0000e+00
 238.955990      3.687  36.730660    10.5264     7.5344      3.656    33.1258    25.3993 0.0000e+00
 238.955995      3.562  36.868869    10.6127     7.9402      3.532    33.1859    25.4312 0.0000e+00
 238.956001      3.433  36.960739    10.6708     8.3114      3.404    33.2250    25.4515 0.0000e+00
 238.956007      3.297  36.975291    10.7100     8.4970      3.269    33.2040    25.4283 0.0000e+00
 238.956013      3.159  36.971296    10.7611     8.5289      3.133    33.1537    25.3802 0.0000e+00
 238.956019      3.021  37.001292    10.8327     8.4026      2.996    33.1188    25.3404 0.0000e+00
 238.956024      2.883  37.101466    10.9332     8.3234      2.859    33.1276    25.3296 0.0000e+00
 238.956030      2.747  37.293386    11.0425     8.3656      2.724    33.2193    25.3816 0.0000e+00
 238.956036      2.610  37.458566    11.1378     8.5060      2.588    33.2967    25.4248 0.0000e+00
 238.956042      2.474  37.469780    11.2530     8.7052      2.453    33.2038    25.3318 0.0000e+00
 238.956047      2.338  37.426783    11.3949     8.8661      2.318    33.0341    25.1741 0.0000e+00
 238.956053      2.202  37.418707    11.5100     9.0162      2.184    32.9235    25.0673 0.0000e+00
 238.956059      2.071  37.454536    11.5583     9.1338      2.054    32.9157    25.0523 -9.990e-29
 238.956065      1.948  37.542382    11.5601     9.2347      1.932    33.0001    25.1176 -9.990e-29
 238.956071      1.830  37.625713    11.5755     9.3015      1.815    33.0679    25.1675 -9.990e-29
 238.956076      1.715  37.675034    11.6307     9.2810      1.701    33.0669    25.1566 -9.990e-29
 238.956082      1.602  37.713045    11.6984     9.1337      1.589    33.0438    25.1261 -9.990e-29
 238.956088      1.494  37.755780    11.7484     8.9410      1.482    33.0410    25.1147 -9.990e-29
 238.956094      1.389  37.802599    11.7795     8.8044      1.377    33.0589    25.1229 -9.990e-29
 238.956100      1.283  37.840928    11.8065     9.1087      1.272    33.0723    25.1283 -9.990e-29
 238.956105      1.178  37.884431    11.8507     9.1309      1.168    33.0753    25.1224 -9.990e-29
 238.956111      1.077  37.928435    11.9192     8.8826      1.068    33.0572    25.0956 -9.990e-29
 238.956117      0.981  37.940899    11.9925     7.8723      0.973    33.0043    25.0409 -9.990e-29
 238.956123      0.893  37.929593    12.0553     6.9344      0.886    32.9379    24.9775 -9.990e-29
 238.956128      0.816  37.897514    12.1075     6.4034      0.809    32.8609    24.9080 -9.990e-29
 238.956134      0.749  37.826693    12.1532     6.1203      0.743    32.7525    24.8152 -9.990e-29
 238.956140      0.688  37.681139    12.1925     6.0462      0.682    32.5780    24.6725 -9.990e-29
 238.956146      0.634  37.328577    12.2213     6.0733      0.629    32.2141    24.3849 -9.990e-29
 238.956152      0.591  36.353994    12.2399     6.1069      0.586    31.2647    23.6453 -9.990e-29
 238.956157      0.561  33.501241    12.2546     6.1646      0.556    28.5438    21.5348 -9.990e-29
 238.956163      0.543  27.710317    12.2732     6.2017      0.538    23.1383    17.3509 -9.990e-29
 238.956169      0.530  19.735490    12.2968     6.2450      0.526    15.9459    11.7944 -9.990e-29
 238.956175      0.518  12.155878    12.3202     6.2706      0.514     9.4171     6.7543 -9.990e-29
 238.956181      0.510   7.494532    12.3433     6.2921      0.506     5.5907     3.7965 -9.990e-29
 238.956186      0.505   5.473481    12.3737     6.2764      0.501     3.9904     2.5549 -9.990e-29
 238.956192      0.500   4.613632    12.4145     6.2722      0.496     3.3217     2.0321 -9.990e-29
 238.956198      0.498   4.397282    12.4607     6.2892      0.494     3.1522     1.8949 -9.990e-29
 238.956204      0.503   4.330876    12.5055     6.2985      0.499     3.0979     1.8471 -9.990e-29
 238.956209      0.516   4.111298    12.5451     6.3116      0.512     2.9280     1.7105 -9.990e-29
 238.956215      0.532   3.908850    12.5817     6.3161      0.528     2.7723     1.5852 -9.990e-29
 238.956221      0.545   3.783819    12.6185     6.3128      0.540     2.6755     1.5055 -9.990e-29
 238.956227      0.552   3.642318    12.6538     6.3328      0.547     2.5670     1.4169 -9.990e-29
 238.956233      0.551   3.458528    12.6872     6.3303      0.546     2.4276     1.3046 -9.990e-29
 238.956238      0.545   3.353645    12.7252     6.3416      0.540     2.3472     1.2374 -9.990e-29
 238.956244      0.535   3.472933    12.7704     6.3340      0.531     2.4330     1.2980 -9.990e-29
 238.956250      0.531   3.723680    12.8162     6.3331      0.527     2.6168     1.4344 -9.990e-29
 238.956256      0.532   3.798308    12.8573     6.3422      0.528     2.6696     1.4699 -9.990e-29
