data/oxygen options/ONMS/Olympic_Coast_National_Marine_Sanctuary_CTD_Data_2005_2023/raw_data/2015/CAST_KL027_150930faed.cnv
* Sea-Bird SBE19 Data File:
* FileName = C:\2015 Mooring Data\Casts\CAST_KL027_150930.hex
* Software Version 1.59
* Temperature SN = 2997
* Conductivity SN = 2997
* System UpLoad Time = Sep 30 2015 22:51:12
** CAST_KL027_150930
* ds
# nquan = 9                                 
# nvalues = 1103                        
# units = specified
# name 0 = timeJ: Julian Days
# name 1 = prSM: Pressure, Strain Gauge [db]
# name 2 = c0mS/cm: Conductivity [mS/cm]
# name 3 = t090C: Temperature [ITS-90, deg C]
# name 4 = sbeox0ML/L: Oxygen, SBE 43 [ml/l]
# name 5 = depSM: Depth [salt water, m], lat = 47.5
# name 6 = sal00: Salinity, Practical [PSU]
# name 7 = sigma-é00: Density [sigma-theta, kg/m^3]
# name 8 = flag: flag
# span 0 = 273.933958, 273.940336       
# span 1 =     -5.220,     29.828       
# span 2 =   0.420749,  39.731856       
# span 3 =    10.2229,    16.2151       
# span 4 =    -1.7280,    10.6317       
# span 5 =     -5.177,     29.577       
# span 6 =     0.2459,    32.8799       
# span 7 =    -0.9007,    25.2545       
# span 8 = 0.0000e+00, 0.0000e+00       
# interval = seconds: 0.5
# start_time = Sep 30 2015 22:24:54 [Instrument's time stamp, header]
# bad_flag = -9.990e-29
*END*
[from data line 161]
 273.934890     -1.773   0.448964    16.0546    -1.7261     -1.758     0.2638    -0.8605 -9.990e-29
 273.934896     -1.770   0.449204    16.0472    -1.7260     -1.755     0.2640    -0.8592 -9.990e-29
 273.934902     -1.766   0.448943    16.0357    -1.7257     -1.751     0.2639    -0.8574 -9.990e-29
 273.934907     -1.762   0.448388    16.0254    -1.7254     -1.747     0.2637    -0.8559 -9.990e-29
 273.934913     -1.757   0.447910    16.0169    -1.7254     -1.742     0.2634    -0.8547 -9.990e-29
 273.934919     -1.752   0.447425    16.0088    -1.7253     -1.737     0.2632    -0.8536 -9.990e-29
 273.934925     -1.741   0.446844    16.0020    -1.7256     -1.726     0.2629    -0.8527 -9.990e-29
 273.934931     -1.720   0.446502    15.9977    -1.7262     -1.706     0.2627    -0.8521 -9.990e-29
 273.934936     -1.696   0.446497    15.9968    -1.7261     -1.682     0.2627    -0.8520 -9.990e-29
 273.934942     -1.676   0.446823    15.9989    -1.7259     -1.662     0.2629    -0.8522 -9.990e-29
 273.934948     -1.654   0.447358    16.0031    -1.7257     -1.640     0.2632    -0.8526 -9.990e-29
 273.934954     -1.629   0.447709    16.0086    -1.7254     -1.615     0.2634    -0.8534 -9.990e-29
 273.934959     -1.609   0.447788    16.0137    -1.7249     -1.596     0.2634    -0.8542 -9.990e-29
 273.934965     -1.595   0.447701    16.0163    -1.7245     -1.582     0.2633    -0.8547 -9.990e-29
 273.934971     -1.587   0.447332    16.0149    -1.7241     -1.574     0.2631    -0.8546 -9.990e-29
 273.934977     -1.585   0.446745    16.0090    -1.7238     -1.572     0.2628    -0.8539 -9.990e-29
 273.934983     -1.584   0.446267    16.0032    -1.7235     -1.571     0.2625    -0.8532 -9.990e-29
 273.934988     -1.576   0.445815    16.0026    -1.7232     -1.563     0.2623    -0.8533 -9.990e-29
 273.934994     -1.560   0.445341    16.0066    -1.7231     -1.547     0.2620    -0.8542 -9.990e-29
 273.935000     -1.543   0.445323    16.0129    -1.7227     -1.530     0.2619    -0.8552 -9.990e-29
 273.935006     -1.529   0.445738    16.0217    -1.7229     -1.516     0.2621    -0.8565 -9.990e-29
 273.935012     -1.517   0.446029    16.0327    -1.7232     -1.504     0.2622    -0.8582 -9.990e-29
 273.935017     -1.506   0.446028    16.0443    -1.7237     -1.493     0.2621    -0.8602 -9.990e-29
 273.935023     -1.496   0.445735    16.0549    -1.7242     -1.484     0.2619    -0.8621 -9.990e-29
 273.935029     -1.485   0.445315    16.0644    -1.7246     -1.473     0.2616    -0.8639 -9.990e-29
 273.935035     -1.474   0.445318    16.0730    -1.7250     -1.462     0.2615    -0.8653 -9.990e-29
 273.935041     -1.461   0.445750    16.0804    -1.7250     -1.449     0.2617    -0.8664 -9.990e-29
 273.935046     -1.445   0.446074    16.0864    -1.7251     -1.433     0.2619    -0.8673 -9.990e-29
 273.935052     -1.431   0.446168    16.0893    -1.7250     -1.419     0.2619    -0.8677 -9.990e-29
 273.935058     -1.421   0.446160    16.0869    -1.7248     -1.409     0.2620    -0.8673 -9.990e-29
 273.935064     -1.410   0.446039    16.0794    -1.7248     -1.398     0.2619    -0.8661 -9.990e-29
 273.935069     -1.393   0.445644    16.0687    -1.7246     -1.381     0.2618    -0.8645 -9.990e-29
 273.935075     -1.374   0.445004    16.0569    -1.7246     -1.363     0.2614    -0.8628 -9.990e-29
 273.935081     -1.359   0.444374    16.0460    -1.7246     -1.348     0.2611    -0.8612 -9.990e-29
 273.935087     -1.349   0.444025    16.0377    -1.7246     -1.338     0.2610    -0.8600 -9.990e-29
 273.935093     -1.337   0.444047    16.0332    -1.7245     -1.326     0.2610    -0.8592 -9.990e-29
 273.935098     -1.324   0.443914    16.0324    -1.7240     -1.313     0.2609    -0.8592 -9.990e-29
 273.935104     -1.309   0.443450    16.0342    -1.7236     -1.298     0.2606    -0.8597 -9.990e-29
 273.935110     -1.294   0.443146    16.0368    -1.7231     -1.283     0.2604    -0.8603 -9.990e-29
 273.935116     -1.283   0.443152    16.0392    -1.7230     -1.272     0.2604    -0.8607 -9.990e-29
 273.935122     -1.275   0.443478    16.0413    -1.7235     -1.264     0.2606    -0.8609 -9.990e-29
 273.935127     -1.271   0.444003    16.0429    -1.7240     -1.260     0.2609    -0.8609 -9.990e-29
 273.935133     -1.264   0.444316    16.0446    -1.7244     -1.253     0.2611    -0.8610 -9.990e-29
 273.935139     -1.252   0.444279    16.0474    -1.7249     -1.242     0.2611    -0.8615 -9.990e-29
 273.935145     -1.236   0.443844    16.0529    -1.7258     -1.226     0.2608    -0.8626 -9.990e-29
 273.935150     -1.225   0.442986    16.0616    -1.7268     -1.215     0.2602    -0.8645 -9.990e-29
 273.935156     -1.222   0.442225    16.0716    -1.7274     -1.212     0.2597    -0.8665 -9.990e-29
 273.935162     -1.223   0.442212    16.0793    -1.7274     -1.213     0.2596    -0.8678 -9.990e-29
 273.935168     -1.224   0.442930    16.0804    -1.7275     -1.214     0.2600    -0.8677 -9.990e-29
 273.935174     -1.224   0.443672    16.0731    -1.7277     -1.214     0.2605    -0.8661 -9.990e-29
 273.935179     -1.224   0.443762    16.0609    -1.7279     -1.214     0.2607    -0.8640 -9.990e-29
 273.935185     -1.223   0.443321    16.0467    -1.7277     -1.213     0.2605    -0.8618 -9.990e-29
 273.935191     -1.222   0.442872    16.0293    -1.7272     -1.212     0.2603    -0.8591 -9.990e-29
 273.935197     -1.221   0.442370    16.0083    -1.7268     -1.211     0.2602    -0.8558 -9.990e-29
 273.935203     -1.219   0.441701    15.9877    -1.7268     -1.209     0.2599    -0.8527 -9.990e-29
 273.935208     -1.216   0.441084    15.9729    -1.7268     -1.206     0.2596    -0.8505 -9.990e-29
 273.935214     -1.213   0.440808    15.9648    -1.7268     -1.203     0.2595    -0.8493 -9.990e-29
 273.935220     -1.208   0.441061    15.9601    -1.7264     -1.198     0.2597    -0.8484 -9.990e-29
 273.935226     -1.202   0.441623    15.9564    -1.7258     -1.192     0.2600    -0.8475 -9.990e-29
 273.935231     -1.194   0.442136    15.9553    -1.7258     -1.184     0.2603    -0.8470 -9.990e-29
 273.935237     -1.184   0.442171    15.9595    -1.7265     -1.174     0.2603    -0.8477 -9.990e-29
 273.935243     -1.170   0.441775    15.9675    -1.7269     -1.160     0.2600    -0.8493 -9.990e-29
 273.935249     -1.158   0.441531    15.9745    -1.7271     -1.148     0.2599    -0.8505 -9.990e-29
 273.935255     -1.149   0.441668    15.9785    -1.7272     -1.139     0.2599    -0.8512 -9.990e-29
 273.935260     -1.139   0.441817    15.9815    -1.7271     -1.129     0.2600    -0.8516 -9.990e-29
 273.935266     -1.124   0.441620    15.9863    -1.7269     -1.115     0.2598    -0.8525 -9.990e-29
 273.935272     -1.106   0.441369    15.9938    -1.7270     -1.097     0.2596    -0.8539 -9.990e-29
 273.935278     -1.093   0.441283    16.0006    -1.7269     -1.084     0.2595    -0.8550 -9.990e-29
 273.935284     -1.084   0.441250    16.0004    -1.7266     -1.075     0.2595    -0.8550 -9.990e-29
 273.935289     -1.074   0.441225    15.9922    -1.7262     -1.065     0.2596    -0.8537 -9.990e-29
 273.935295     -1.067   0.441175    15.9823    -1.7261     -1.058     0.2596    -0.8520 -9.990e-29
 273.935301     -1.063   0.441034    15.9760    -1.7259     -1.054     0.2595    -0.8510 -9.990e-29
 273.935307     -1.052   0.440615    15.9740    -1.7258     -1.043     0.2593    -0.8509 -9.990e-29
 273.935313     -1.035   0.439915    15.9750    -1.7256     -1.026     0.2589    -0.8514 -9.990e-29
 273.935318     -1.018   0.439111    15.9773    -1.7254     -1.010     0.2584    -0.8521 -9.990e-29
 273.935324     -1.004   0.438240    15.9795    -1.7253     -0.996     0.2578    -0.8529 -9.990e-29
 273.935330     -0.993   0.437808    15.9828    -1.7251     -0.985     0.2576    -0.8537 -9.990e-29
 273.935336     -0.985   0.438348    15.9886    -1.7250     -0.977     0.2578    -0.8544 -9.990e-29
 273.935341     -0.977   0.439470    15.9955    -1.7253     -0.969     0.2585    -0.8550 -9.990e-29
 273.935347     -0.971   0.440448    16.0016    -1.7256     -0.963     0.2590    -0.8556 -9.990e-29
 273.935353     -0.966   0.440922    16.0069    -1.7260     -0.958     0.2593    -0.8563 -9.990e-29
 273.935359     -0.961   0.440970    16.0120    -1.7264     -0.953     0.2593    -0.8571 -9.990e-29
 273.935365     -0.955   0.440655    16.0168    -1.7268     -0.947     0.2591    -0.8580 -9.990e-29
 273.935370     -0.950   0.440115    16.0215    -1.7271     -0.942     0.2587    -0.8591 -9.990e-29
 273.935376     -0.944   0.439738    16.0258    -1.7271     -0.936     0.2585    -0.8600 -9.990e-29
 273.935382     -0.936   0.439577    16.0291    -1.7268     -0.928     0.2583    -0.8606 -9.990e-29
 273.935388     -0.928   0.439418    16.0289    -1.7265     -0.920     0.2582    -0.8607 -9.990e-29
 273.935394     -0.921   0.439047    16.0235    -1.7264     -0.913     0.2581    -0.8599 -9.990e-29
 273.935399     -0.920   0.438523    16.0147    -1.7265     -0.912     0.2578    -0.8587 -9.990e-29
 273.935405     -0.921   0.438258    16.0046    -1.7266     -0.913     0.2577    -0.8571 -9.990e-29
 273.935411     -0.919   0.438450    15.9942    -1.7264     -0.911     0.2579    -0.8553 -9.990e-29
 273.935417     -0.915   0.438802    15.9852    -1.7263     -0.907     0.2581    -0.8536 -9.990e-29
 273.935422     -0.908   0.438671    15.9797    -1.7262     -0.900     0.2581    -0.8527 -9.990e-29
 273.935428     -0.897   0.437879    15.9793    -1.7259     -0.890     0.2576    -0.8530 -9.990e-29
 273.935434     -0.887   0.437035    15.9832    -1.7259     -0.880     0.2571    -0.8541 -9.990e-29
 273.935440     -0.880   0.436678    15.9882    -1.7258     -0.873     0.2568    -0.8551 -9.990e-29
 273.935446     -0.873   0.436889    15.9914    -1.7257     -0.866     0.2569    -0.8555 -9.990e-29
 273.935451     -0.860   0.437391    15.9925    -1.7256     -0.853     0.2572    -0.8555 -9.990e-29
 273.935457     -0.844   0.437744    15.9931    -1.7255     -0.837     0.2575    -0.8554 -9.990e-29
 273.935463     -0.835   0.437862    15.9950    -1.7258     -0.828     0.2575    -0.8557 -9.990e-29
 273.935469     -0.830   0.437902    15.9986    -1.7257     -0.823     0.2575    -0.8563 -9.990e-29
 273.935475     -0.825   0.437916    16.0027    -1.7258     -0.818     0.2575    -0.8570 -9.990e-29
 273.935480     -0.825   0.437919    16.0066    -1.7259     -0.818     0.2575    -0.8576 -9.990e-29
 273.935486     -0.828   0.437917    16.0096    -1.7259     -0.821     0.2575    -0.8581 -9.990e-29
 273.935492     -0.832   0.437904    16.0119    -1.7257     -0.825     0.2574    -0.8585 -9.990e-29
 273.935498     -0.836   0.437864    16.0142    -1.7254     -0.829     0.2574    -0.8589 -9.990e-29
 273.935503     -0.836   0.437740    16.0163    -1.7250     -0.829     0.2573    -0.8593 -9.990e-29
 273.935509     -0.829   0.437366    16.0170    -1.7250     -0.822     0.2571    -0.8596 -9.990e-29
 273.935515     -0.813   0.436798    16.0161    -1.7250     -0.806     0.2567    -0.8597 -9.990e-29
 273.935521     -0.791   0.436389    16.0152    -1.7249     -0.784     0.2565    -0.8598 -9.990e-29
 273.935527     -0.772   0.436148    16.0141    -1.7248     -0.766     0.2564    -0.8597 -9.990e-29
 273.935532     -0.758   0.435751    16.0131    -1.7247     -0.752     0.2561    -0.8597 -9.990e-29
 273.935538     -0.748   0.435224    16.0144    -1.7245     -0.742     0.2558    -0.8602 -9.990e-29
 273.935544     -0.742   0.434973    16.0190    -1.7242     -0.736     0.2556    -0.8611 -9.990e-29
 273.935550     -0.739   0.435217    16.0255    -1.7238     -0.733     0.2557    -0.8620 -9.990e-29
 273.935556     -0.739   0.435727    16.0314    -1.7238     -0.733     0.2560    -0.8628 -9.990e-29
 273.935561     -0.738   0.436071    16.0352    -1.7242     -0.732     0.2562    -0.8633 -9.990e-29
 273.935567     -0.731   0.436151    16.0377    -1.7249     -0.725     0.2562    -0.8637 -9.990e-29
 273.935573     -0.722   0.436072    16.0405    -1.7251     -0.716     0.2562    -0.8642 -9.990e-29
 273.935579     -0.715   0.435729    16.0437    -1.7249     -0.709     0.2559    -0.8649 -9.990e-29
 273.935584     -0.710   0.435220    16.0478    -1.7250     -0.704     0.2556    -0.8658 -9.990e-29
 273.935590     -0.706   0.434974    16.0533    -1.7251     -0.700     0.2554    -0.8668 -9.990e-29
 273.935596     -0.703   0.435216    16.0597    -1.7251     -0.697     0.2555    -0.8678 -9.990e-29
 273.935602     -0.700   0.435713    16.0644    -1.7250     -0.694     0.2558    -0.8683 -9.990e-29
 273.935608     -0.698   0.436017    16.0636    -1.7246     -0.692     0.2560    -0.8681 -9.990e-29
 273.935613     -0.696   0.435976    16.0562    -1.7246     -0.690     0.2560    -0.8668 -9.990e-29
 273.935619     -0.695   0.435537    16.0466    -1.7248     -0.689     0.2558    -0.8654 -9.990e-29
 273.935625     -0.694   0.434667    16.0405    -1.7249     -0.688     0.2553    -0.8648 -9.990e-29
 273.935631     -0.693   0.433870    16.0383    -1.7251     -0.687     0.2548    -0.8648 -9.990e-29
 273.935637     -0.692   0.433749    16.0371    -1.7253     -0.686     0.2548    -0.8647 -9.990e-29
 273.935642     -0.691   0.434141    16.0363    -1.7253     -0.685     0.2550    -0.8644 -9.990e-29
 273.935648     -0.690   0.434456    16.0371    -1.7250     -0.684     0.2552    -0.8643 -9.990e-29
 273.935654     -0.689   0.434560    16.0402    -1.7252     -0.683     0.2552    -0.8648 -9.990e-29
 273.935660     -0.688   0.434591    16.0441    -1.7254     -0.682     0.2552    -0.8655 -9.990e-29
 273.935666     -0.686   0.434590    16.0453    -1.7256     -0.680     0.2552    -0.8657 -9.990e-29
 273.935671     -0.684   0.434554    16.0430    -1.7259     -0.678     0.2552    -0.8653 -9.990e-29
 273.935677     -0.682   0.434433    16.0392    -1.7264     -0.676     0.2552    -0.8647 -9.990e-29
 273.935683     -0.678   0.434064    16.0351    -1.7273     -0.672     0.2550    -0.8642 -9.990e-29
 273.935689     -0.674   0.433509    16.0321    -1.7275     -0.668     0.2547    -0.8639 -9.990e-29
 273.935694     -0.669   0.433140    16.0314    -1.7275     -0.663     0.2544    -0.8640 -9.990e-29
 273.935700     -0.663   0.433017    16.0313    -1.7274     -0.657     0.2544    -0.8640 -9.990e-29
 273.935706     -0.655   0.432977    16.0288    -1.7273     -0.650     0.2544    -0.8636 -9.990e-29
 273.935712     -0.644   0.432964    16.0238    -1.7269     -0.639     0.2544    -0.8628 -9.990e-29
 273.935718     -0.630   0.432960    16.0170    -1.7264     -0.625     0.2544    -0.8617 -9.990e-29
 273.935723     -0.613   0.432958    16.0072    -1.7259     -0.608     0.2545    -0.8600 -9.990e-29
 273.935729     -0.595   0.432953    15.9938    -1.7258     -0.590     0.2546    -0.8578 -9.990e-29
 273.935735     -0.579   0.432940    15.9805    -1.7256     -0.574     0.2546    -0.8555 -9.990e-29
 273.935741     -0.560   0.432899    15.9726    -1.7258     -0.555     0.2547    -0.8542 -9.990e-29
 273.935747     -0.536   0.432777    15.9708    -1.7260     -0.532     0.2546    -0.8540 -9.990e-29
 273.935752     -0.516   0.432409    15.9726    -1.7259     -0.512     0.2544    -0.8545 -9.990e-29
 273.935758     -0.502   0.431857    15.9773    -1.7258     -0.498     0.2540    -0.8555 -9.990e-29
 273.935764     -0.493   0.431495    15.9857    -1.7261     -0.489     0.2537    -0.8571 -9.990e-29
 273.935770     -0.488   0.431396    15.9969    -1.7265     -0.484     0.2536    -0.8590 -9.990e-29
 273.935775     -0.483   0.431425    16.0074    -1.7272     -0.479     0.2536    -0.8608 -9.990e-29
 273.935781     -0.473   0.431619    16.0142    -1.7275     -0.469     0.2536    -0.8618 -9.990e-29
 273.935787     -0.463   0.431683    16.0165    -1.7276     -0.459     0.2537    -0.8622 -9.990e-29
 273.935793     -0.454   0.431145    16.0154    -1.7277     -0.450     0.2533    -0.8622 -9.990e-29
 273.935799     -0.448   0.430397    16.0133    -1.7280     -0.444     0.2529    -0.8622 -9.990e-29
 273.935804     -0.443   0.430104    16.0120    -1.7279     -0.439     0.2527    -0.8621 -9.990e-29
