data/oxygen options/ONMS/Olympic_Coast_National_Marine_Sanctuary_CTD_Data_2005_2023/raw_data/2015/CAST_CA042_150722faed.cnv
* Sea-Bird SBE 19 Data File:
* FileName = C:\2015 Mooring Data\Casts\CAST_CA042_150722.hex
* Software Version SeatermAF 2.1.2
* Temperature SN = 2997
* Conductivity SN = 2997
* System UpLoad Time = Jul 22 2015 22:22:53 (localtime) = Jul 22 2015 22:22:53 (UTC)
** CAST_CA042_150722
* ds
# nquan = 9                                 
# nvalues = 1720                        
# units = specified
# name 0 = timeJ: Julian Days
# name 1 = prSM: Pressure, Strain Gauge [db]
# name 2 = c0mS/cm: Conductivity [mS/cm]
# name 3 = t090C: Temperature [ITS-90, deg C]
# name 4 = sbeox0ML/L: Oxygen, SBE 43 [ml/l]
# name 5 = depSM: Depth [salt water, m], lat = 47.5
# name 6 = sal00: Salinity, Practical [PSU]
# name 7 = sigma-é00: Density [sigma-theta, kg/m^3]
# name 8 = flag: flag
# span 0 = 203.904005, 203.913953       
# span 1 =     -5.216,     43.895       
# span 2 =   0.468638,  40.478473       
# span 3 =     7.8051,    17.5412       
# span 4 =    -8.5776,    12.0144       
# span 5 =     -5.173,     43.524       
# span 6 =     0.2719,    33.5812       
# span 7 =    -1.0252,    26.1491       
# span 8 = 0.0000e+00, 0.0000e+00       
# interval = seconds: 0.5
# start_time = Jul 22 2015 21:41:46 [Instrument's time stamp, header]
# bad_flag = -9.990e-29
*END*
[from data line 321]
 203.905862     -0.425   0.494016    16.7571    -1.7002     -0.421     0.2863    -0.9610 -9.990e-29
 203.905868     -0.425   0.493404    16.7612    -1.7004     -0.421     0.2859    -0.9620 -9.990e-29
 203.905874     -0.424   0.492873    16.7628    -1.7006     -0.420     0.2855    -0.9626 -9.990e-29
 203.905880     -0.424   0.492270    16.7622    -1.7006     -0.420     0.2852    -0.9627 -9.990e-29
 203.905885     -0.424   0.491899    16.7615    -1.7004     -0.420     0.2850    -0.9628 -9.990e-29
 203.905891     -0.424   0.491823    16.7624    -1.7003     -0.420     0.2849    -0.9630 -9.990e-29
 203.905897     -0.423   0.491939    16.7649    -1.7002     -0.419     0.2850    -0.9634 -9.990e-29
 203.905903     -0.423   0.492404    16.7666    -1.7001     -0.419     0.2852    -0.9635 -9.990e-29
 203.905909     -0.423   0.493281    16.7661    -1.7002     -0.419     0.2858    -0.9630 -9.990e-29
 203.905914     -0.423   0.494076    16.7635    -1.7004     -0.419     0.2863    -0.9621 -9.990e-29
 203.905920     -0.423   0.494181    16.7596    -1.7002     -0.419     0.2863    -0.9614 -9.990e-29
 203.905926     -0.423   0.493737    16.7567    -1.7004     -0.419     0.2861    -0.9611 -9.990e-29
 203.905932     -0.423   0.493262    16.7563    -1.7004     -0.419     0.2858    -0.9612 -9.990e-29
 203.905937     -0.423   0.492677    16.7583    -1.7003     -0.419     0.2855    -0.9619 -9.990e-29
 203.905943     -0.423   0.491758    16.7612    -1.7003     -0.419     0.2849    -0.9628 -9.990e-29
 203.905949     -0.423   0.490946    16.7639    -1.7001     -0.419     0.2844    -0.9636 -9.990e-29
 203.905955     -0.423   0.490824    16.7652    -1.6998     -0.419     0.2843    -0.9639 -9.990e-29
 203.905961     -0.423   0.491227    16.7641    -1.6999     -0.419     0.2846    -0.9635 -9.990e-29
 203.905966     -0.423   0.491584    16.7625    -1.6996     -0.419     0.2848    -0.9631 -9.990e-29
 203.905972     -0.422   0.491815    16.7616    -1.6995     -0.418     0.2849    -0.9628 -9.990e-29
 203.905978     -0.422   0.492228    16.7604    -1.6991     -0.418     0.2852    -0.9624 -9.990e-29
 203.905984     -0.422   0.492821    16.7597    -1.6982     -0.418     0.2855    -0.9620 -9.990e-29
 203.905990     -0.422   0.493272    16.7607    -1.6976     -0.418     0.2858    -0.9620 -9.990e-29
 203.905995     -0.421   0.493629    16.7631    -1.6971     -0.417     0.2860    -0.9623 -9.990e-29
 203.906001     -0.421   0.494369    16.7669    -1.6963     -0.417     0.2864    -0.9626 -9.990e-29
 203.906007     -0.420   0.495921    16.7707    -1.6952     -0.416     0.2873    -0.9626 -9.990e-29
 203.906013     -0.419   0.498690    16.7728    -1.6939     -0.416     0.2889    -0.9617 -9.990e-29
 203.906019     -0.418   0.504146    16.7738    -1.6933     -0.415     0.2922    -0.9593 -9.990e-29
 203.906024     -0.417   0.517344    16.7752    -1.6933     -0.414     0.3000    -0.9535 -9.990e-29
 203.906030     -0.415   0.543112    16.7793    -1.6931     -0.412     0.3154    -0.9424 -9.990e-29
 203.906036     -0.413   0.581943    16.7861    -1.6925     -0.410     0.3386    -0.9257 -9.990e-29
 203.906042     -0.410   0.635093    16.7937    -1.6913     -0.407     0.3705    -0.9024 -9.990e-29
 203.906047     -0.406   0.698480    16.8027    -1.6907     -0.403     0.4088    -0.8745 -9.990e-29
 203.906053     -0.401   0.760572    16.8147    -1.6906     -0.398     0.4463    -0.8477 -9.990e-29
 203.906059     -0.395   0.818658    16.8283    -1.6906     -0.392     0.4816    -0.8229 -9.990e-29
 203.906065     -0.387   0.882451    16.8399    -1.6904     -0.384     0.5205    -0.7949 -9.990e-29
 203.906071     -0.377   0.962055    16.8478    -1.6900     -0.374     0.5693    -0.7587 -9.990e-29
 203.906076     -0.364   1.046451    16.8538    -1.6895     -0.361     0.6214    -0.7197 -9.990e-29
 203.906082     -0.352   1.106025    16.8598    -1.6890     -0.349     0.6582    -0.6924 -9.990e-29
 203.906088     -0.343   1.135252    16.8661    -1.6891     -0.340     0.6763    -0.6797 -9.990e-29
 203.906094     -0.338   1.166438    16.8724    -1.6891     -0.335     0.6956    -0.6659 -9.990e-29
 203.906100     -0.336   1.227281    16.8786    -1.6889     -0.333     0.7334    -0.6379 -9.990e-29
 203.906105     -0.333   1.302841    16.8850    -1.6888     -0.330     0.7806    -0.6028 -9.990e-29
 203.906111     -0.324   1.355036    16.8911    -1.6889     -0.321     0.8132    -0.5788 -9.990e-29
 203.906117     -0.314   1.371286    16.8955    -1.6892     -0.311     0.8233    -0.5717 -9.990e-29
 203.906123     -0.305   1.372177    16.8979    -1.6891     -0.302     0.8239    -0.5718 -9.990e-29
 203.906128     -0.297   1.387775    16.9012    -1.6890     -0.295     0.8336    -0.5649 -9.990e-29
 203.906134     -0.294   1.429965    16.9069    -1.6889     -0.292     0.8600    -0.5455 -9.990e-29
 203.906140     -0.295   1.473353    16.9139    -1.6885     -0.293     0.8872    -0.5259 -9.990e-29
 203.906146     -0.293   1.488046    16.9214    -1.6880     -0.291     0.8964    -0.5202 -9.990e-29
 203.906152     -0.287   1.474200    16.9283    -1.6878     -0.285     0.8875    -0.5282 -9.990e-29
 203.906157     -0.281   1.449454    16.9326    -1.6877     -0.279     0.8718    -0.5410 -9.990e-29
 203.906163     -0.274   1.429129    16.9333    -1.6879     -0.272     0.8590    -0.5510 -9.990e-29
 203.906169     -0.266   1.416670    16.9335    -1.6879     -0.264     0.8511    -0.5570 -9.990e-29
 203.906175     -0.257   1.406019    16.9364    -1.6881     -0.255     0.8444    -0.5627 -9.990e-29
 203.906181     -0.250   1.392972    16.9420    -1.6879     -0.248     0.8360    -0.5701 -9.990e-29
 203.906186     -0.250   1.379013    16.9500    -1.6877     -0.248     0.8271    -0.5784 -9.990e-29
 203.906192     -0.251   1.365524    16.9608    -1.6877     -0.249     0.8184    -0.5869 -9.990e-29
 203.906198     -0.250   1.352848    16.9721    -1.6877     -0.248     0.8103    -0.5952 -9.990e-29
 203.906204     -0.247   1.342964    16.9806    -1.6879     -0.245     0.8039    -0.6016 -9.990e-29
 203.906209     -0.241   1.336023    16.9858    -1.6880     -0.239     0.7995    -0.6059 -9.990e-29
 203.906215     -0.236   1.328326    16.9890    -1.6880     -0.234     0.7946    -0.6102 -9.990e-29
 203.906221     -0.236   1.315164    16.9919    -1.6877     -0.234     0.7863    -0.6171 -9.990e-29
 203.906227     -0.238   1.294539    16.9956    -1.6876     -0.236     0.7733    -0.6277 -9.990e-29
 203.906233     -0.236   1.268937    17.0002    -1.6873     -0.234     0.7572    -0.6408 -9.990e-29
 203.906238     -0.231   1.245871    17.0047    -1.6871     -0.229     0.7428    -0.6527 -9.990e-29
 203.906244     -0.223   1.233458    17.0078    -1.6868     -0.221     0.7350    -0.6593 -9.990e-29
 203.906250     -0.214   1.227368    17.0085    -1.6866     -0.212     0.7312    -0.6623 -9.990e-29
 203.906256     -0.210   1.217816    17.0065    -1.6860     -0.208     0.7253    -0.6665 -9.990e-29
 203.906262     -0.209   1.207614    17.0047    -1.6855     -0.207     0.7190    -0.6710 -9.990e-29
 203.906267     -0.207   1.204262    17.0074    -1.6851     -0.205     0.7168    -0.6732 -9.990e-29
 203.906273     -0.200   1.204404    17.0149    -1.6849     -0.198     0.7168    -0.6745 -9.990e-29
 203.906279     -0.192   1.198233    17.0242    -1.6847     -0.190     0.7128    -0.6792 -9.990e-29
 203.906285     -0.186   1.183076    17.0330    -1.6848     -0.184     0.7032    -0.6881 -9.990e-29
 203.906291     -0.183   1.165933    17.0416    -1.6850     -0.181     0.6924    -0.6979 -9.990e-29
 203.906296     -0.181   1.154490    17.0506    -1.6849     -0.179     0.6852    -0.7050 -9.990e-29
 203.906302     -0.181   1.149037    17.0608    -1.6848     -0.179     0.6817    -0.7096 -9.990e-29
 203.906308     -0.183   1.146748    17.0736    -1.6844     -0.181     0.6800    -0.7131 -9.990e-29
 203.906314     -0.187   1.147905    17.0886    -1.6842     -0.185     0.6805    -0.7153 -9.990e-29
 203.906319     -0.189   1.149608    17.1034    -1.6840     -0.187     0.6813    -0.7173 -9.990e-29
 203.906325     -0.184   1.142469    17.1151    -1.6841     -0.182     0.6767    -0.7229 -9.990e-29
 203.906331     -0.177   1.123634    17.1205    -1.6842     -0.176     0.6650    -0.7329 -9.990e-29
 203.906337     -0.172   1.103528    17.1191    -1.6844     -0.171     0.6526    -0.7422 -9.990e-29
 203.906343     -0.168   1.095879    17.1172    -1.6844     -0.167     0.6479    -0.7454 -9.990e-29
 203.906348     -0.164   1.102148    17.1208    -1.6844     -0.163     0.6517    -0.7431 -9.990e-29
 203.906354     -0.162   1.106820    17.1296    -1.6842     -0.161     0.6545    -0.7426 -9.990e-29
 203.906360     -0.160   1.097248    17.1394    -1.6837     -0.159     0.6484    -0.7490 -9.990e-29
 203.906366     -0.158   1.078438    17.1453    -1.6832     -0.157     0.6367    -0.7590 -9.990e-29
 203.906372     -0.157   1.064179    17.1463    -1.6829     -0.156     0.6279    -0.7659 -9.990e-29
 203.906377     -0.156   1.065445    17.1454    -1.6829     -0.155     0.6287    -0.7652 -9.990e-29
 203.906383     -0.155   1.077815    17.1451    -1.6832     -0.154     0.6363    -0.7593 -9.990e-29
 203.906389     -0.155   1.082804    17.1462    -1.6832     -0.154     0.6394    -0.7571 -9.990e-29
 203.906395     -0.154   1.071519    17.1500    -1.6829     -0.153     0.6324    -0.7632 -9.990e-29
 203.906400     -0.154   1.050013    17.1567    -1.6826     -0.153     0.6191    -0.7746 -9.990e-29
 203.906406     -0.154   1.026260    17.1663    -1.6822     -0.153     0.6043    -0.7876 -9.990e-29
 203.906412     -0.154   1.005236    17.1785    -1.6819     -0.153     0.5913    -0.7998 -9.990e-29
 203.906418     -0.153   0.989447    17.1897    -1.6814     -0.152     0.5814    -0.8093 -9.990e-29
 203.906424     -0.153   0.980609    17.1961    -1.6810     -0.152     0.5759    -0.8147 -9.990e-29
 203.906429     -0.153   0.979710    17.1975    -1.6805     -0.152     0.5754    -0.8154 -9.990e-29
 203.906435     -0.153   0.983886    17.1974    -1.6801     -0.152     0.5779    -0.8134 -9.990e-29
 203.906441     -0.153   0.987046    17.2001    -1.6799     -0.152     0.5798    -0.8124 -9.990e-29
 203.906447     -0.152   0.985629    17.2077    -1.6791     -0.151     0.5789    -0.8145 -9.990e-29
 203.906453     -0.152   0.979415    17.2189    -1.6784     -0.151     0.5749    -0.8195 -9.990e-29
 203.906458     -0.152   0.969003    17.2312    -1.6787     -0.151     0.5684    -0.8267 -9.990e-29
 203.906464     -0.152   0.957169    17.2433    -1.6789     -0.151     0.5610    -0.8346 -9.990e-29
 203.906470     -0.151   0.948679    17.2557    -1.6793     -0.150     0.5556    -0.8409 -9.990e-29
 203.906476     -0.151   0.946095    17.2690    -1.6799     -0.150     0.5539    -0.8446 -9.990e-29
 203.906481     -0.150   0.947638    17.2834    -1.6803     -0.149     0.5546    -0.8466 -9.990e-29
 203.906487     -0.149   0.948705    17.2980    -1.6805     -0.148     0.5551    -0.8488 -9.990e-29
 203.906493     -0.148   0.945165    17.3131    -1.6804     -0.147     0.5527    -0.8533 -9.990e-29
 203.906499     -0.147   0.936744    17.3286    -1.6802     -0.146     0.5474    -0.8602 -9.990e-29
 203.906505     -0.145   0.927759    17.3381    -1.6800     -0.144     0.5418    -0.8662 -9.990e-29
 203.906510     -0.143   0.924554    17.3376    -1.6799     -0.142     0.5399    -0.8676 -9.990e-29
 203.906516     -0.141   0.928965    17.3315    -1.6804     -0.140     0.5427    -0.8644 -9.990e-29
 203.906522     -0.137   0.934105    17.3229    -1.6809     -0.136     0.5459    -0.8603 -9.990e-29
 203.906528     -0.132   0.932391    17.3130    -1.6812     -0.131     0.5450    -0.8593 -9.990e-29
 203.906534     -0.127   0.923760    17.3050    -1.6815     -0.126     0.5398    -0.8618 -9.990e-29
 203.906539     -0.119   0.912250    17.3012    -1.6815     -0.118     0.5329    -0.8665 -9.990e-29
 203.906545     -0.114   0.901393    17.3017    -1.6819     -0.113     0.5263    -0.8716 -9.990e-29
 203.906551     -0.114   0.893928    17.3047    -1.6824     -0.113     0.5217    -0.8757 -9.990e-29
 203.906557     -0.117   0.891006    17.3075    -1.6824     -0.116     0.5199    -0.8776 -9.990e-29
 203.906563     -0.117   0.889843    17.3060    -1.6822     -0.116     0.5192    -0.8778 -9.990e-29
 203.906568     -0.114   0.886668    17.2982    -1.6821     -0.113     0.5174    -0.8778 -9.990e-29
 203.906574     -0.110   0.882802    17.2875    -1.6817     -0.109     0.5152    -0.8776 -9.990e-29
 203.906580     -0.102   0.881417    17.2786    -1.6812     -0.101     0.5144    -0.8766 -9.990e-29
 203.906586     -0.092   0.880669    17.2722    -1.6810     -0.091     0.5141    -0.8758 -9.990e-29
 203.906591     -0.081   0.876229    17.2659    -1.6808     -0.080     0.5115    -0.8766 -9.990e-29
 203.906597     -0.075   0.868285    17.2580    -1.6804     -0.074     0.5067    -0.8789 -9.990e-29
 203.906603     -0.068   0.861238    17.2513    -1.6803     -0.067     0.5025    -0.8809 -9.990e-29
 203.906609     -0.060   0.857352    17.2499    -1.6807     -0.059     0.5002    -0.8824 -9.990e-29
 203.906615     -0.054   0.854777    17.2536    -1.6808     -0.054     0.4986    -0.8843 -9.990e-29
 203.906620     -0.051   0.851194    17.2600    -1.6807     -0.051     0.4964    -0.8872 -9.990e-29
 203.906626     -0.054   0.846820    17.2686    -1.6807     -0.054     0.4936    -0.8908 -9.990e-29
 203.906632     -0.064   0.843599    17.2786    -1.6808     -0.063     0.4915    -0.8942 -9.990e-29
 203.906638     -0.072   0.842232    17.2877    -1.6813     -0.071     0.4906    -0.8966 -9.990e-29
 203.906644     -0.075   0.841453    17.2959    -1.6815     -0.074     0.4900    -0.8984 -9.990e-29
 203.906649     -0.073   0.839671    17.3031    -1.6812     -0.072     0.4889    -0.9006 -9.990e-29
 203.906655     -0.066   0.836732    17.3059    -1.6806     -0.065     0.4871    -0.9025 -9.990e-29
 203.906661     -0.058   0.833713    17.3033    -1.6803     -0.058     0.4853    -0.9034 -9.990e-29
 203.906667     -0.056   0.831587    17.3001    -1.6799     -0.056     0.4840    -0.9038 -9.990e-29
 203.906672     -0.061   0.830852    17.2991    -1.6797     -0.060     0.4836    -0.9040 -9.990e-29
 203.906678     -0.065   0.830529    17.2984    -1.6796     -0.064     0.4834    -0.9040 -9.990e-29
 203.906684     -0.063   0.827967    17.2954    -1.6795     -0.062     0.4819    -0.9046 -9.990e-29
 203.906690     -0.059   0.821973    17.2901    -1.6794     -0.059     0.4783    -0.9064 -9.990e-29
 203.906696     -0.058   0.815106    17.2879    -1.6796     -0.058     0.4742    -0.9092 -9.990e-29
 203.906701     -0.055   0.811534    17.2923    -1.6797     -0.055     0.4720    -0.9117 -9.990e-29
 203.906707     -0.047   0.814267    17.3014    -1.6797     -0.047     0.4735    -0.9121 -9.990e-29
 203.906713     -0.031   0.822510    17.3122    -1.6796     -0.031     0.4784    -0.9103 -9.990e-29
 203.906719     -0.012   0.830598    17.3231    -1.6796     -0.012     0.4832    -0.9086 -9.990e-29
 203.906725      0.004   0.832661    17.3321    -1.6794      0.004     0.4843    -0.9093 -9.990e-29
 203.906730      0.012   0.827565    17.3383    -1.6794      0.012     0.4812    -0.9128 -9.990e-29
 203.906736      0.013   0.818508    17.3419    -1.6796      0.013     0.4756    -0.9177 -9.990e-29
 203.906742      0.013   0.809518    17.3428    -1.6795      0.013     0.4702    -0.9220 -9.990e-29
 203.906748      0.014   0.803042    17.3415    -1.6794      0.014     0.4663    -0.9248 -9.990e-29
 203.906753      0.017   0.799329    17.3406    -1.6792      0.017     0.4641    -0.9264 -9.990e-29
 203.906759      0.023   0.796762    17.3414    -1.6791      0.023     0.4625    -0.9277 -9.990e-29
 203.906765      0.027   0.794138    17.3431    -1.6788      0.027     0.4609    -0.9292 -9.990e-29
 203.906771      0.026   0.791848    17.3451    -1.6788      0.026     0.4595    -0.9307 -9.990e-29
 203.906777      0.018   0.789613    17.3473    -1.6787      0.018     0.4582    -0.9321 -9.990e-29
