data/oxygen options/ONMS/Olympic_Coast_National_Marine_Sanctuary_CTD_Data_2005_2023/raw_data/2015/CAST_CE015_150528faed.cnv
* Sea-Bird SBE19 Data File:
* FileName = C:\2015 Mooring Data\Casts\CAST_CE015_150528.hex
* Software Version 1.59
* Temperature SN = 2997
* Conductivity SN = 2997
* System UpLoad Time = May 28 2015 22:16:27
** CAST_CE015_150528
* ds
# nquan = 9                                 
# nvalues = 912                         
# units = specified
# name 0 = timeJ: Julian Days
# name 1 = prSM: Pressure, Strain Gauge [db]
# name 2 = c0mS/cm: Conductivity [mS/cm]
# name 3 = t090C: Temperature [ITS-90, deg C]
# name 4 = sbeox0ML/L: Oxygen, SBE 43 [ml/l]
# name 5 = depSM: Depth [salt water, m], lat = 47.5
# name 6 = sal00: Salinity, Practical [PSU]
# name 7 = sigma-é00: Density [sigma-theta, kg/m^3]
# name 8 = flag: flag
# span 0 = 148.918854, 148.924126       
# span 1 =     -4.960,     14.816       
# span 2 =   0.244858,  37.836131       
# span 3 =    10.1546,    14.9384       
# span 4 =    -1.7924,    13.9305       
# span 5 =     -4.919,     14.692       
# span 6 =     0.1464,    32.6363       
# span 7 =    -0.7644,    25.0777       
# span 8 = 0.0000e+00, 0.0000e+00       
# interval = seconds: 0.5
# start_time = May 28 2015 22:03:09 [Instrument's time stamp, header]
# bad_flag = -9.990e-29
*END*
[from data line 801]
 148.923490     12.861  36.171228    10.5408     4.7842     12.753    32.5483    24.9470 0.0000e+00
 148.923495     12.734  36.186387    10.5536     4.7964     12.627    32.5521    24.9478 0.0000e+00
 148.923501     12.609  36.199659    10.5636     4.8135     12.503    32.5565    24.9495 -9.990e-29
 148.923507     12.486  36.202269    10.5742     4.8318     12.381    32.5497    24.9423 -9.990e-29
 148.923513     12.367  36.202066    10.5895     4.8390     12.263    32.5359    24.9289 -9.990e-29
 148.923519     12.253  36.207630    10.6061     4.8635     12.150    32.5267    24.9189 -9.990e-29
 148.923524     12.140  36.215045    10.6186     4.8962     12.038    32.5230    24.9139 -9.990e-29
 148.923530     12.026  36.219504    10.6254     4.9373     11.925    32.5214    24.9115 -9.990e-29
 148.923536     11.911  36.221787    10.6325     4.9859     11.811    32.5174    24.9072 -9.990e-29
 148.923542     11.793  36.225378    10.6487     5.0222     11.694    32.5066    24.8960 -9.990e-29
 148.923547     11.669  36.233263    10.6724     5.0408     11.571    32.4935    24.8816 -9.990e-29
 148.923553     11.539  36.244621    10.6952     5.0469     11.442    32.4846    24.8707 0.0000e+00
 148.923559     11.404  36.255973    10.7172     5.0443     11.309    32.4764    24.8605 0.0000e+00
 148.923565     11.267  36.269443    10.7410     5.0510     11.173    32.4687    24.8504 0.0000e+00
 148.923571     11.134  36.288858    10.7638     5.0793     11.041    32.4678    24.8458 0.0000e+00
 148.923576     11.003  36.308027    10.7796     5.1386     10.911    32.4729    24.8470 -9.990e-29
 148.923582     10.881  36.317624    10.7858     5.2285     10.790    32.4770    24.8491 -9.990e-29
 148.923588     10.766  36.319677    10.7884     5.2995     10.676    32.4768    24.8485 -9.990e-29
 148.923594     10.652  36.320170    10.7935     5.3440     10.563    32.4728    24.8445 -9.990e-29
 148.923600     10.537  36.318517    10.8005     5.3769     10.449    32.4650    24.8372 -9.990e-29
 148.923605     10.417  36.314074    10.8074     5.4055     10.330    32.4545    24.8278 -9.990e-29
 148.923611     10.288  36.308086    10.8136     5.4872     10.202    32.4431    24.8179 0.0000e+00
 148.923617     10.151  36.301422    10.8183     5.5947     10.066    32.4324    24.8087 0.0000e+00
 148.923623     10.011  36.296291    10.8213     5.7022      9.927    32.4247    24.8022 0.0000e+00
 148.923628      9.875  36.293580    10.8249     5.7892      9.792    32.4189    24.7970 0.0000e+00
 148.923634      9.743  36.291240    10.8307     5.8513      9.661    32.4115    24.7902 0.0000e+00
 148.923640      9.612  36.288273    10.8375     5.9090      9.532    32.4026    24.7821 0.0000e+00
 148.923646      9.485  36.286207    10.8440     6.0009      9.406    32.3948    24.7750 -9.990e-29
 148.923652      9.368  36.286094    10.8488     6.1345      9.290    32.3905    24.7708 -9.990e-29
 148.923657      9.257  36.285981    10.8513     6.2691      9.180    32.3882    24.7686 -9.990e-29
 148.923663      9.145  36.283914    10.8528     6.3399      9.068    32.3849    24.7657 -9.990e-29
 148.923669      9.030  36.280382    10.8539     6.3917      8.954    32.3805    24.7621 -9.990e-29
 148.923675      8.916  36.275602    10.8545     6.4168      8.841    32.3752    24.7579 -9.990e-29
 148.923681      8.810  36.268687    10.8547     6.4514      8.736    32.3682    24.7524 -9.990e-29
 148.923686      8.705  36.259269    10.8543     6.4881      8.632    32.3593    24.7455 -9.990e-29
 148.923692      8.594  36.250370    10.8532     6.5257      8.522    32.3515    24.7396 -9.990e-29
 148.923698      8.483  36.245703    10.8520     6.5732      8.412    32.3480    24.7371 -9.990e-29
 148.923704      8.373  36.242289    10.8510     6.6042      8.303    32.3455    24.7353 -9.990e-29
 148.923709      8.262  36.237138    10.8498     6.6757      8.193    32.3415    24.7324 -9.990e-29
 148.923715      8.151  36.231673    10.8484     6.7338      8.083    32.3374    24.7294 -9.990e-29
 148.923721      8.038  36.226897    10.8470     6.7855      7.971    32.3339    24.7270 -9.990e-29
 148.923727      7.919  36.223049    10.8456     6.8236      7.853    32.3314    24.7253 -9.990e-29
 148.923733      7.795  36.218241    10.8445     6.8295      7.730    32.3276    24.7225 -9.990e-29
 148.923738      7.667  36.212110    10.8436     6.8342      7.603    32.3224    24.7186 0.0000e+00
 148.923744      7.537  36.207222    10.8427     6.8242      7.474    32.3184    24.7157 0.0000e+00
 148.923750      7.403  36.203728    10.8423     6.8199      7.341    32.3153    24.7134 0.0000e+00
 148.923756      7.270  36.199922    10.8429     6.8292      7.209    32.3111    24.7099 0.0000e+00
 148.923762      7.138  36.197427    10.8438     6.8598      7.078    32.3079    24.7073 0.0000e+00
 148.923767      7.004  36.198701    10.8451     6.9120      6.945    32.3080    24.7072 0.0000e+00
 148.923773      6.871  36.200959    10.8466     7.0088      6.814    32.3090    24.7077 0.0000e+00
 148.923779      6.740  36.201604    10.8474     7.1044      6.684    32.3090    24.7075 0.0000e+00
 148.923785      6.606  36.200937    10.8469     7.1575      6.551    32.3088    24.7075 0.0000e+00
 148.923791      6.469  36.198630    10.8458     7.1742      6.415    32.3076    24.7067 0.0000e+00
 148.923796      6.331  36.195533    10.8456     7.1580      6.278    32.3047    24.7045 0.0000e+00
 148.923802      6.189  36.191441    10.8461     7.1603      6.137    32.3003    24.7010 0.0000e+00
 148.923808      6.044  36.183703    10.8469     7.2115      5.993    32.2920    24.6943 0.0000e+00
 148.923814      5.900  36.176023    10.8492     7.2857      5.851    32.2824    24.6865 0.0000e+00
 148.923819      5.759  36.173300    10.8535     7.3718      5.711    32.2760    24.6807 0.0000e+00
 148.923825      5.618  36.173026    10.8593     7.4420      5.571    32.2706    24.6756 0.0000e+00
 148.923831      5.471  36.174837    10.8696     7.4888      5.425    32.2634    24.6682 0.0000e+00
 148.923837      5.319  36.181146    10.8971     7.5175      5.275    32.2455    24.6494 0.0000e+00
 148.923843      5.159  36.195883    10.9483     7.5452      5.116    32.2152    24.6169 0.0000e+00
 148.923848      4.990  36.222436    11.0055     7.6024      4.948    32.1913    24.5882 0.0000e+00
 148.923854      4.810  36.260885    11.0516     7.6694      4.770    32.1890    24.5783 0.0000e+00
 148.923860      4.621  36.297457    11.0877     7.7404      4.582    32.1935    24.5755 0.0000e+00
 148.923866      4.427  36.314759    11.1294     7.7870      4.390    32.1741    24.5530 0.0000e+00
 148.923872      4.229  36.327455    11.1989     7.8255      4.194    32.1260    24.5033 0.0000e+00
 148.923877      4.024  36.356967    11.2916     7.8651      3.990    32.0743    24.4466 0.0000e+00
 148.923883      3.805  36.403393    11.3903     7.8973      3.773    32.0342    24.3978 0.0000e+00
 148.923889      3.577  36.466404    11.4934     7.9136      3.547    32.0065    24.3578 0.0000e+00
 148.923895      3.360  36.564980    11.6037     7.9209      3.332    32.0073    24.3385 0.0000e+00
 148.923900      3.169  36.699351    11.7203     7.9336      3.143    32.0374    24.3406 0.0000e+00
 148.923906      3.001  36.821570    11.8275     7.9498      2.976    32.0635    24.3412 0.0000e+00
 148.923912      2.846  36.897768    11.9248     7.9808      2.822    32.0535    24.3155 0.0000e+00
 148.923918      2.693  36.951607    12.0287     7.9668      2.671    32.0162    24.2674 0.0000e+00
 148.923924      2.536  37.012267    12.1217     7.9444      2.515    31.9949    24.2336 0.0000e+00
 148.923929      2.380  37.075952    12.1901     7.9587      2.360    31.9977    24.2229 0.0000e+00
 148.923935      2.226  37.134494    12.2544     7.9426      2.207    31.9989    24.2118 0.0000e+00
 148.923941      2.074  37.192496    12.3336     7.9207      2.057    31.9869    24.1876 0.0000e+00
 148.923947      1.926  37.252706    12.4286     7.8207      1.910    31.9635    24.1515 0.0000e+00
 148.923953      1.786  37.302869    12.5214     7.6631      1.771    31.9325    24.1098 0.0000e+00
 148.923958      1.655  37.344260    12.5882     7.5164      1.641    31.9152    24.0837 -9.990e-29
 148.923964      1.535  37.383849    12.6261     8.5913      1.522    31.9208    24.0808 -9.990e-29
 148.923970      1.433  37.422276    12.6732     8.7313      1.421    31.9174    24.0691 -9.990e-29
 148.923976      1.342  37.492842    12.7653     8.4939      1.331    31.9064    24.0429 -9.990e-29
 148.923981      1.252  37.576890    12.8816     8.0308      1.242    31.8877    24.0060 -9.990e-29
 148.923987      1.161  37.603068    12.9708     7.4419      1.151    31.8374    23.9497 -9.990e-29
 148.923993      1.073  37.566475    13.0062     6.8323      1.064    31.7732    23.8931 -9.990e-29
 148.923999      0.994  37.457052    13.0001     6.3584      0.986    31.6754    23.8186 -9.990e-29
 148.924005      0.932  37.183890    12.9746     6.1457      0.924    31.4397    23.6413 -9.990e-29
 148.924010      0.884  36.460185    12.9414     6.0421      0.877    30.7873    23.1429 -9.990e-29
 148.924016      0.842  34.384935    12.9060     5.9751      0.835    28.8757    21.6715 -9.990e-29
 148.924022      0.807  28.254516    12.8712     5.9097      0.800    23.2673    17.3470 -9.990e-29
 148.924028      0.782  18.590916    12.8392     5.9157      0.775    14.7278    10.7706 -9.990e-29
 148.924034      0.766  11.265298    12.8100     5.9026      0.760     8.5625     6.0256 -9.990e-29
 148.924039      0.756   8.071058    12.7825     5.9169      0.750     5.9839     4.0409 -9.990e-29
 148.924045      0.749   6.490229    12.7568     5.9344      0.743     4.7398     3.0838 -9.990e-29
 148.924051      0.739   5.489627    12.7331     5.9546      0.733     3.9652     2.4885 -9.990e-29
 148.924057      0.731   5.083908    12.7101     5.9667      0.725     3.6554     2.2519 -9.990e-29
 148.924062      0.727   4.883489    12.6859     5.9637      0.721     3.5041     2.1381 -9.990e-29
 148.924068      0.728   4.353509    12.6590     5.9338      0.722     3.1026     1.8310 -9.990e-29
 148.924074      0.733   3.771300    12.6297 -9.990e-29      0.727     2.6653     1.4962 -9.990e-29
 148.924080      0.744   3.632569    12.5986 -9.990e-29      0.738     2.5634     1.4212 -9.990e-29
 148.924086      0.756   3.785134    12.5696 -9.990e-29      0.750     2.6799     1.5152 -9.990e-29
 148.924091      0.761   3.816280    12.5466 -9.990e-29      0.755     2.7050     1.5376 -9.990e-29
 148.924097      0.757   3.696403    12.5266 -9.990e-29      0.751     2.6162     1.4713 -9.990e-29
 148.924103      0.746   3.467547    12.5038 -9.990e-29      0.740     2.4460     1.3423 -9.990e-29
 148.924109      0.737   3.127062    12.4793 -9.990e-29      0.731     2.1935     1.1496 -9.990e-29
 148.924115      0.732   2.784774    12.4600 -9.990e-29      0.726     1.9411     0.9562 -9.990e-29
 148.924120      0.733   2.546921    12.4526 -9.990e-29      0.727     1.7665     0.8217 -9.990e-29
 148.924126      0.735   2.484935 -9.990e-29 -9.990e-29      0.729 -9.990e-29 -9.990e-29 -9.990e-29
