data/oxygen options/ONMS/Olympic_Coast_National_Marine_Sanctuary_CTD_Data_2005_2023/raw_data/2015/CAST_CA015_150527faed.cnv
* Sea-Bird SBE19 Data File:
* FileName = C:\2015 Mooring Data\Casts\CAST_CA015_150527.hex
* Software Version 1.59
* Temperature SN = 2997
* Conductivity SN = 2997
* System UpLoad Time = May 27 2015 19:04:01
** CAST_CA015_150527
* ds
# nquan = 9                                 
# nvalues = 984                         
# units = specified
# name 0 = timeJ: Julian Days
# name 1 = prSM: Pressure, Strain Gauge [db]
# name 2 = c0mS/cm: Conductivity [mS/cm]
# name 3 = t090C: Temperature [ITS-90, deg C]
# name 4 = sbeox0ML/L: Oxygen, SBE 43 [ml/l]
# name 5 = depSM: Depth [salt water, m], lat = 47.5
# name 6 = sal00: Salinity, Practical [PSU]
# name 7 = sigma-é00: Density [sigma-theta, kg/m^3]
# name 8 = flag: flag
# span 0 = 147.786817, 147.792506       
# span 1 =     -4.699,     13.337       
# span 2 =   0.143541,  36.579484       
# span 3 =     8.5292,    12.8206       
# span 4 =    -1.8828,    14.0597       
# span 5 =     -4.660,     13.225       
# span 6 =     0.0911,    32.9833       
# span 7 =    -0.4555,    25.6112       
# span 8 = 0.0000e+00, 0.0000e+00       
# interval = seconds: 0.5
# start_time = May 27 2015 18:53:01 [Instrument's time stamp, header]
# bad_flag = -9.990e-29
*END*
[from data line 321]
 147.788675     -0.101   0.315042    12.8165    -1.8495     -0.100     0.1985    -0.4431 -9.990e-29
 147.788681     -0.090   0.313965    12.8195    -1.8504     -0.089     0.1978    -0.4440 -9.990e-29
 147.788686     -0.079   0.312946    12.8206    -1.8523     -0.078     0.1971    -0.4447 -9.990e-29
 147.788692     -0.073   0.311737    12.8201    -1.8541     -0.072     0.1964    -0.4452 -9.990e-29
 147.788698     -0.069   0.310391    12.8138    -1.8561     -0.068     0.1955    -0.4451 -9.990e-29
 147.788704     -0.069   0.309333    12.7981    -1.8580     -0.068     0.1949    -0.4436 -9.990e-29
 147.788709     -0.068   0.308819    12.7765    -1.8596     -0.067     0.1947    -0.4411 -9.990e-29
 147.788715     -0.066   0.308717    12.7549    -1.8614     -0.065     0.1947    -0.4384 -9.990e-29
 147.788721     -0.067   0.308890    12.7334    -1.8633     -0.066     0.1950    -0.4355 -9.990e-29
 147.788727     -0.066   0.309014    12.7095    -1.8649     -0.065     0.1951    -0.4324 -9.990e-29
 147.788733     -0.060   0.308699    12.6794    -1.8668     -0.059     0.1951    -0.4288 -9.990e-29
 147.788738     -0.048   0.308078    12.6412    -1.8687     -0.048     0.1949    -0.4242 -9.990e-29
 147.788744     -0.030   0.307434    12.5980    -1.8697     -0.030     0.1947    -0.4191 -9.990e-29
 147.788750     -0.008   0.307017    12.5533    -1.8702     -0.008     0.1946    -0.4137 -9.990e-29
 147.788756      0.010   0.306825    12.5089    -1.8710      0.010     0.1947    -0.4082 -9.990e-29
 147.788762      0.022   0.306604    12.4656    -1.8717      0.022     0.1948    -0.4029 -9.990e-29
 147.788767      0.028   0.306056    12.4222    -1.8717      0.028     0.1946    -0.3978 -9.990e-29
 147.788773      0.028   0.305005    12.3788    -1.8724      0.028     0.1941    -0.3930 -9.990e-29
 147.788779      0.023   0.303714    12.3360    -1.8731      0.023     0.1935    -0.3884 -9.990e-29
 147.788785      0.015   0.302682    12.2940    -1.8744      0.015     0.1930    -0.3838 -9.990e-29
 147.788791      0.011   0.302200    12.2565    -1.8745      0.011     0.1929    -0.3795 -9.990e-29
 147.788796      0.008   0.302180    12.2286    -1.8745      0.008     0.1930    -0.3761 -9.990e-29
 147.788802      0.011   0.302595    12.2086    -1.8751      0.011     0.1934    -0.3734 -9.990e-29
 147.788808      0.020   0.303442    12.1919    -1.8751      0.020     0.1940    -0.3710 -9.990e-29
 147.788814      0.027   0.304184    12.1783    -1.8748      0.027     0.1946    -0.3690 -9.990e-29
 147.788819      0.028   0.304141    12.1669    -1.8746      0.028     0.1946    -0.3676 -9.990e-29
 147.788825      0.024   0.303256    12.1530    -1.8748      0.024     0.1941    -0.3664 -9.990e-29
 147.788831      0.018   0.302013    12.1355    -1.8751      0.018     0.1934    -0.3649 -9.990e-29
 147.788837      0.019   0.300976    12.1191    -1.8750      0.019     0.1928    -0.3635 -9.990e-29
 147.788843      0.027   0.300429    12.1086    -1.8756      0.027     0.1924    -0.3625 -9.990e-29
 147.788848      0.033   0.300197    12.1022    -1.8764      0.033     0.1923    -0.3619 -9.990e-29
 147.788854      0.038   0.299971    12.0972    -1.8765      0.038     0.1922    -0.3614 -9.990e-29
 147.788860      0.047   0.299447    12.0957    -1.8759      0.047     0.1919    -0.3615 -9.990e-29
 147.788866      0.056   0.298481    12.0975    -1.8753      0.056     0.1912    -0.3622 -9.990e-29
 147.788872      0.061   0.297452    12.0985    -1.8748      0.060     0.1905    -0.3628 -9.990e-29
 147.788877      0.063   0.296652    12.0964    -1.8742      0.062     0.1900    -0.3630 -9.990e-29
 147.788883      0.065   0.296124    12.0930    -1.8738      0.064     0.1897    -0.3628 -9.990e-29
 147.788889      0.073   0.295719    12.0881    -1.8733      0.072     0.1895    -0.3625 -9.990e-29
 147.788895      0.082   0.294898    12.0796    -1.8728      0.081     0.1890    -0.3619 -9.990e-29
 147.788900      0.089   0.293675    12.0712    -1.8725      0.088     0.1882    -0.3615 -9.990e-29
 147.788906      0.095   0.292638    12.0702    -1.8726      0.094     0.1875    -0.3619 -9.990e-29
 147.788912      0.099   0.292071    12.0775    -1.8723      0.098     0.1871    -0.3631 -9.990e-29
 147.788918      0.102   0.291773    12.0890    -1.8721      0.101     0.1869    -0.3646 -9.990e-29
 147.788924      0.104   0.291344    12.1015    -1.8722      0.103     0.1865    -0.3663 -9.990e-29
 147.788929      0.106   0.290582    12.1137    -1.8731      0.105     0.1860    -0.3682 -9.990e-29
 147.788935      0.106   0.289584    12.1252    -1.8740      0.105     0.1853    -0.3700 -9.990e-29
 147.788941      0.106   0.288498    12.1363    -1.8748      0.105     0.1845    -0.3719 -9.990e-29
 147.788947      0.106   0.287543    12.1461    -1.8758      0.105     0.1838    -0.3736 -9.990e-29
 147.788953      0.105   0.286925    12.1524    -1.8764      0.104     0.1834    -0.3747 -9.990e-29
 147.788958      0.103   0.286376    12.1558    -1.8772      0.102     0.1830    -0.3754 -9.990e-29
 147.788964      0.100   0.285720    12.1586    -1.8779      0.099     0.1826    -0.3760 -9.990e-29
 147.788970      0.097   0.285193    12.1593    -1.8780      0.096     0.1823    -0.3764 -9.990e-29
 147.788976      0.096   0.284648    12.1534    -1.8779      0.095     0.1819    -0.3760 -9.990e-29
 147.788981      0.103   0.283912    12.1396    -1.8777      0.102     0.1815    -0.3747 -9.990e-29
 147.788987      0.113   0.283116    12.1211    -1.8778      0.112     0.1811    -0.3729 -9.990e-29
 147.788993      0.123   0.282308    12.1016    -1.8781      0.122     0.1806    -0.3709 -9.990e-29
 147.788999      0.134   0.281521    12.0827    -1.8785      0.133     0.1802    -0.3691 -9.990e-29
 147.789005      0.141   0.280819    12.0649    -1.8784      0.140     0.1798    -0.3673 -9.990e-29
 147.789010      0.142   0.280375    12.0489    -1.8780      0.141     0.1796    -0.3657 -9.990e-29
 147.789016      0.140   0.280152    12.0367    -1.8779      0.139     0.1795    -0.3643 -9.990e-29
 147.789022      0.139   0.279854    12.0304    -1.8777      0.138     0.1793    -0.3637 -9.990e-29
 147.789028      0.140   0.279639    12.0292    -1.8775      0.139     0.1792    -0.3637 -9.990e-29
 147.789034      0.142   0.279773    12.0294    -1.8777      0.141     0.1793    -0.3636 -9.990e-29
 147.789039      0.145   0.279880    12.0276    -1.8783      0.144     0.1794    -0.3634 -9.990e-29
 147.789045      0.151   0.279549    12.0236    -1.8779      0.150     0.1792    -0.3631 -9.990e-29
 147.789051      0.159   0.278893    12.0205    -1.8777      0.158     0.1788    -0.3630 -9.990e-29
 147.789057      0.170   0.278148    12.0212    -1.8775      0.169     0.1783    -0.3635 -9.990e-29
 147.789063      0.180   0.277431    12.0248    -1.8777      0.178     0.1778    -0.3643 -9.990e-29
 147.789068      0.185   0.276897    12.0289    -1.8780      0.183     0.1774    -0.3651 -9.990e-29
 147.789074      0.191   0.276391    12.0327    -1.8781      0.189     0.1771    -0.3658 -9.990e-29
 147.789080      0.196   0.275795    12.0343    -1.8787      0.194     0.1767    -0.3663 -9.990e-29
 147.789086      0.199   0.275423    12.0321    -1.8798      0.197     0.1764    -0.3662 -9.990e-29
 147.789091      0.202   0.275336    12.0293    -1.8806      0.200     0.1764    -0.3659 -9.990e-29
 147.789097      0.207   0.275416    12.0299    -1.8815      0.205     0.1764    -0.3659 -9.990e-29
 147.789103      0.209   0.275772    12.0326    -1.8821      0.207     0.1767    -0.3661 -9.990e-29
 147.789109      0.208   0.276321    12.0335    -1.8817      0.206     0.1770    -0.3659 -9.990e-29
 147.789115      0.204   0.276685    12.0309    -1.8818      0.202     0.1773    -0.3654 -9.990e-29
 147.789120      0.202   0.276794    12.0258    -1.8823      0.200     0.1774    -0.3647 -9.990e-29
 147.789126      0.205   0.276793    12.0178    -1.8823      0.203     0.1774    -0.3638 -9.990e-29
 147.789132      0.210   0.276683    12.0038    -1.8824      0.208     0.1774    -0.3622 -9.990e-29
 147.789138      0.212   0.276316    11.9854    -1.8828      0.210     0.1772    -0.3602 -9.990e-29
 147.789144      0.215   0.275758    11.9668    -1.8818      0.213     0.1769    -0.3583 -9.990e-29
 147.789149      0.221   0.275374    11.9506    -1.8807      0.219     0.1768    -0.3566 -9.990e-29
 147.789155      0.225   0.275210    11.9406    -1.8801      0.223     0.1767    -0.3555 -9.990e-29
 147.789161      0.228   0.275045    11.9368    -1.8795      0.226     0.1766    -0.3552 -9.990e-29
 147.789167      0.224   0.274661    11.9335    -1.8787      0.222     0.1764    -0.3550 -9.990e-29
 147.789172      0.215   0.274101    11.9290    -1.8780      0.213     0.1760    -0.3547 -9.990e-29
 147.789178      0.207   0.273729    11.9258    -1.8772      0.205     0.1758    -0.3545 -9.990e-29
 147.789184      0.206   0.273604    11.9241    -1.8770      0.204     0.1757    -0.3544 -9.990e-29
 147.789190      0.206   0.273558    11.9274    -1.8764      0.204     0.1757    -0.3548 -9.990e-29
 147.789196      0.203   0.273530    11.9402    -1.8760      0.201     0.1756    -0.3563 -9.990e-29
 147.789201      0.201   0.273484    11.9586    -1.8757      0.199     0.1755    -0.3585 -9.990e-29
 147.789207      0.205   0.273359    11.9766    -1.8755      0.203     0.1753    -0.3607 -9.990e-29
 147.789213      0.214   0.272988    11.9937    -1.8749      0.212     0.1750    -0.3629 -9.990e-29
 147.789219      0.226   0.272432    12.0109    -1.8746      0.224     0.1746    -0.3652 -9.990e-29
 147.789225      0.236   0.272060    12.0274    -1.8750      0.234     0.1743    -0.3674 -9.990e-29
 147.789230      0.244   0.271934    12.0418    -1.8755      0.242     0.1741    -0.3691 -9.990e-29
 147.789236      0.253   0.271883    12.0539    -1.8760      0.251     0.1740    -0.3706 -9.990e-29
 147.789242      0.262   0.271841    12.0650    -1.8757      0.260     0.1740    -0.3719 -9.990e-29
 147.789248      0.271   0.271749    12.0749    -1.8758      0.269     0.1739    -0.3731 -9.990e-29
 147.789253      0.282   0.271485    12.0829    -1.8757      0.280     0.1736    -0.3742 -9.990e-29
 147.789259      0.290   0.271253    12.0900    -1.8766      0.288     0.1735    -0.3752 -9.990e-29
 147.789265      0.292   0.271301    12.0968    -1.8784      0.290     0.1735    -0.3760 -9.990e-29
 147.789271      0.293   0.271135    12.1001    -1.8808      0.291     0.1733    -0.3765 -9.990e-29
 147.789277      0.300   0.270537    12.0973    -1.8825      0.297     0.1730    -0.3764 -9.990e-29
 147.789282      0.315   0.269818    12.0904    -1.8828      0.312     0.1725    -0.3760 -9.990e-29
 147.789288      0.330   0.269130    12.0847    -1.8824      0.327     0.1721    -0.3756 -9.990e-29
 147.789294      0.342   0.268667    12.0823    -1.8819      0.339     0.1718    -0.3756 -9.990e-29
 147.789300      0.350   0.268366    12.0794    -1.8822      0.347     0.1716    -0.3754 -9.990e-29
 147.789306      0.357   0.267826    12.0699    -1.8820      0.354     0.1713    -0.3746 -9.990e-29
 147.789311      0.361   0.266884    12.0480    -1.8809      0.358     0.1708    -0.3724 -9.990e-29
 147.789317      0.364   0.265947    12.0132    -1.8807      0.361     0.1703    -0.3688 -9.990e-29
 147.789323      0.366   0.265433    11.9741    -1.8810      0.363     0.1702    -0.3645 -9.990e-29
 147.789329      0.367   0.265213    11.9437    -1.8813      0.364     0.1701    -0.3610 -9.990e-29
 147.789334      0.366   0.264994    11.9299    -1.8813      0.363     0.1701    -0.3595 -9.990e-29
 147.789340      0.365   0.264482    11.9293    -1.8809      0.362     0.1697    -0.3597 -9.990e-29
 147.789346      0.362   0.263550    11.9328    -1.8805      0.359     0.1691    -0.3606 -9.990e-29
 147.789352      0.357   0.262622    11.9361    -1.8799      0.354     0.1685    -0.3614 -9.990e-29
 147.789358      0.351   0.262126    11.9426    -1.8792      0.348     0.1681    -0.3624 -9.990e-29
 147.789363      0.343   0.261956    11.9520    -1.8783      0.340     0.1680    -0.3636 -9.990e-29
 147.789369      0.336   0.261887    11.9575    -1.8772      0.333     0.1679    -0.3643 -9.990e-29
 147.789375      0.334   0.261825    11.9572    -1.8762      0.331     0.1679    -0.3643 -9.990e-29
 147.789381      0.334   0.261691    11.9558    -1.8758      0.331     0.1678    -0.3642 -9.990e-29
 147.789387      0.335   0.261304    11.9578    -1.8756      0.332     0.1675    -0.3646 -9.990e-29
 147.789392      0.341   0.260705    11.9643    -1.8750      0.338     0.1671    -0.3657 -9.990e-29
 147.789398      0.348   0.260207    11.9746    -1.8744      0.345     0.1667    -0.3672 -9.990e-29
 147.789404      0.353   0.259699    11.9883    -1.8742      0.350     0.1664    -0.3691 -9.990e-29
 147.789410      0.356   0.259060    12.0057    -1.8739      0.353     0.1659    -0.3714 -9.990e-29
 147.789416      0.358   0.258548    12.0265    -1.8732      0.355     0.1654    -0.3741 -9.990e-29
 147.789421      0.357   0.258036    12.0482    -1.8728      0.354     0.1650    -0.3770 -9.990e-29
 147.789427      0.355   0.257396    12.0669    -1.8724      0.352     0.1645    -0.3795 -9.990e-29
 147.789433      0.352   0.256887    12.0806    -1.8718      0.349     0.1641    -0.3814 -9.990e-29
 147.789439      0.350   0.256384    12.0916    -1.8715      0.347     0.1638    -0.3830 -9.990e-29
 147.789444      0.354   0.255772    12.1029    -1.8714      0.351     0.1633    -0.3846 -9.990e-29
 147.789450      0.361   0.255347    12.1139    -1.8711      0.358     0.1630    -0.3861 -9.990e-29
 147.789456      0.367   0.255097    12.1235    -1.8706      0.364     0.1628    -0.3874 -9.990e-29
 147.789462      0.371   0.254688    12.1336    -1.8701      0.368     0.1625    -0.3888 -9.990e-29
 147.789468      0.374   0.254130    12.1452    -1.8698      0.371     0.1621    -0.3905 -9.990e-29
 147.789473      0.376   0.253790    12.1566    -1.8687      0.373     0.1618    -0.3920 -9.990e-29
 147.789479      0.378   0.253770    12.1673    -1.8678      0.375     0.1618    -0.3933 -9.990e-29
 147.789485      0.380   0.254044    12.1776    -1.8669      0.377     0.1619    -0.3944 -9.990e-29
 147.789491      0.381   0.254420    12.1862    -1.8661      0.378     0.1621    -0.3953 -9.990e-29
 147.789497      0.382   0.254292    12.1932    -1.8654      0.379     0.1620    -0.3962 -9.990e-29
 147.789502      0.383   0.253487    12.2013    -1.8646      0.380     0.1615    -0.3976 -9.990e-29
 147.789508      0.383   0.252597    12.2117    -1.8638      0.380     0.1608    -0.3993 -9.990e-29
 147.789514      0.384   0.252103    12.2237    -1.8633      0.381     0.1605    -0.4009 -9.990e-29
 147.789520      0.384   0.251902    12.2386    -1.8632      0.381     0.1603    -0.4028 -9.990e-29
 147.789525      0.384   0.251725    12.2576    -1.8629      0.381     0.1601    -0.4052 -9.990e-29
 147.789531      0.384   0.251337    12.2785    -1.8623      0.381     0.1598    -0.4080 -9.990e-29
 147.789537      0.385   0.250775    12.2990    -1.8618      0.382     0.1593    -0.4107 -9.990e-29
 147.789543      0.385   0.250402    12.3187    -1.8611      0.382     0.1590    -0.4133 -9.990e-29
 147.789549      0.385   0.250277    12.3375    -1.8607      0.382     0.1588    -0.4157 -9.990e-29
 147.789554      0.385   0.250231    12.3555    -1.8602      0.382     0.1588    -0.4179 -9.990e-29
 147.789560      0.386   0.250203    12.3714    -1.8596      0.383     0.1587    -0.4198 -9.990e-29
 147.789566      0.386   0.250157    12.3835    -1.8591      0.383     0.1586    -0.4213 -9.990e-29
 147.789572      0.386   0.250030    12.3925    -1.8585      0.383     0.1585    -0.4225 -9.990e-29
 147.789578      0.386   0.249653    12.4020    -1.8582      0.383     0.1582    -0.4239 -9.990e-29
 147.789583      0.387   0.249078    12.4138    -1.8576      0.384     0.1578    -0.4256 -9.990e-29
 147.789589      0.387   0.248651    12.4268    -1.8574      0.384     0.1575    -0.4274 -9.990e-29
