data/oxygen options/ONMS/Olympic_Coast_National_Marine_Sanctuary_CTD_Data_2005_2023/raw_data/2015/CAST_CE042_150826faed.cnv
* Sea-Bird SBE19 Data File:
* FileName = C:\2015 Mooring Data\Casts\CAST_CE042_150826.hex
* Software Version 1.59
* Temperature SN = 2997
* Conductivity SN = 2997
* System UpLoad Time = Aug 26 2015 20:21:29
** CAST_CE042_150826
* ds
# nquan = 9                                 
# nvalues = 1754                        
# units = specified
# name 0 = timeJ: Julian Days
# name 1 = prSM: Pressure, Strain Gauge [db]
# name 2 = c0mS/cm: Conductivity [mS/cm]
# name 3 = t090C: Temperature [ITS-90, deg C]
# name 4 = sbeox0ML/L: Oxygen, SBE 43 [ml/l]
# name 5 = depSM: Depth [salt water, m], lat = 47.5
# name 6 = sal00: Salinity, Practical [PSU]
# name 7 = sigma-é00: Density [sigma-theta, kg/m^3]
# name 8 = flag: flag
# span 0 = 238.764630, 238.774774       
# span 1 =     -4.860,     46.620       
# span 2 =   0.281509,  39.931996       
# span 3 =     7.7944,    17.8696       
# span 4 =    -1.7345,    11.0091       
# span 5 =     -4.819,     46.226       
# span 6 =     0.1602,    33.5335       
# span 7 =    -1.2544,    26.1525       
# span 8 = 0.0000e+00, 0.0000e+00       
# interval = seconds: 0.5
# start_time = Aug 26 2015 18:21:04 [Instrument's time stamp, header]
# bad_flag = -9.990e-29
*END*
[from data line 161]
 238.765561     -1.415   0.288049    16.8663    -1.6990     -1.403     0.1648    -1.0735 -9.990e-29
 238.765567     -1.396   0.288050    16.8661    -1.6992     -1.384     0.1648    -1.0735 -9.990e-29
 238.765573     -1.379   0.288050    16.8624    -1.6996     -1.367     0.1648    -1.0728 -9.990e-29
 238.765579     -1.358   0.288051    16.8549    -1.6998     -1.347     0.1648    -1.0715 -9.990e-29
 238.765584     -1.333   0.288051    16.8449    -1.6998     -1.322     0.1648    -1.0698 -9.990e-29
 238.765590     -1.310   0.288052    16.8358    -1.6997     -1.299     0.1649    -1.0682 -9.990e-29
 238.765596     -1.292   0.288052    16.8314    -1.6994     -1.281     0.1649    -1.0674 -9.990e-29
 238.765602     -1.277   0.288052    16.8312    -1.6996     -1.266     0.1649    -1.0674 -9.990e-29
 238.765608     -1.266   0.288053    16.8316    -1.6999     -1.255     0.1649    -1.0674 -9.990e-29
 238.765613     -1.257   0.288053    16.8293    -1.6996     -1.247     0.1649    -1.0670 -9.990e-29
 238.765619     -1.250   0.288054    16.8240    -1.6992     -1.240     0.1649    -1.0661 -9.990e-29
 238.765625     -1.244   0.288054    16.8177    -1.6991     -1.234     0.1649    -1.0650 -9.990e-29
 238.765631     -1.239   0.288054    16.8132    -1.6991     -1.229     0.1650    -1.0642 -9.990e-29
 238.765637     -1.234   0.288055    16.8121    -1.6994     -1.224     0.1650    -1.0640 -9.990e-29
 238.765642     -1.230   0.288055    16.8136    -1.6996     -1.220     0.1650    -1.0643 -9.990e-29
 238.765648     -1.226   0.288056    16.8149    -1.6999     -1.216     0.1649    -1.0645 -9.990e-29
 238.765654     -1.222   0.288056    16.8139    -1.7000     -1.212     0.1650    -1.0643 -9.990e-29
 238.765660     -1.217   0.288057    16.8133    -1.7001     -1.207     0.1650    -1.0642 -9.990e-29
 238.765666     -1.211   0.288057    16.8167    -1.7002     -1.201     0.1649    -1.0648 -9.990e-29
 238.765671     -1.204   0.288057    16.8221    -1.6999     -1.194     0.1649    -1.0658 -9.990e-29
 238.765677     -1.195   0.288058    16.8253    -1.6995     -1.185     0.1649    -1.0663 -9.990e-29
 238.765683     -1.184   0.288058    16.8247    -1.6992     -1.174     0.1649    -1.0662 -9.990e-29
 238.765689     -1.170   0.288059    16.8204    -1.6989     -1.160     0.1649    -1.0655 -9.990e-29
 238.765694     -1.152   0.288059    16.8145    -1.6983     -1.142     0.1650    -1.0644 -9.990e-29
 238.765700     -1.130   0.288059    16.8091    -1.6977     -1.121     0.1650    -1.0635 -9.990e-29
 238.765706     -1.105   0.288060    16.8050    -1.6973     -1.096     0.1650    -1.0628 -9.990e-29
 238.765712     -1.085   0.288060    16.8027    -1.6969     -1.076     0.1650    -1.0624 -9.990e-29
 238.765718     -1.069   0.288061    16.8041    -1.6965     -1.060     0.1650    -1.0626 -9.990e-29
 238.765723     -1.051   0.288062    16.8101    -1.6965     -1.042     0.1650    -1.0637 -9.990e-29
 238.765729     -1.035   0.288064    16.8191    -1.6970     -1.026     0.1649    -1.0652 -9.990e-29
 238.765735     -1.023   0.288069    16.8294    -1.6973     -1.014     0.1649    -1.0670 -9.990e-29
 238.765741     -1.015   0.288082    16.8416    -1.6975     -1.007     0.1649    -1.0692 -9.990e-29
 238.765747     -1.010   0.288123    16.8559    -1.6975     -1.002     0.1648    -1.0717 -9.990e-29
 238.765752     -1.009   0.288244    16.8706    -1.6979     -1.001     0.1648    -1.0742 -9.990e-29
 238.765758     -1.007   0.288605    16.8840    -1.6986     -0.999     0.1650    -1.0764 -9.990e-29
 238.765764     -0.998   0.289133    16.8951    -1.6993     -0.990     0.1653    -1.0781 -9.990e-29
 238.765770     -0.988   0.289420    16.9019    -1.6998     -0.980     0.1654    -1.0792 -9.990e-29
 238.765775     -0.980   0.289296    16.9019    -1.6999     -0.972     0.1653    -1.0792 -9.990e-29
 238.765781     -0.973   0.289148    16.8958    -1.6999     -0.965     0.1653    -1.0782 -9.990e-29
 238.765787     -0.967   0.289334    16.8879    -1.6997     -0.959     0.1654    -1.0767 -9.990e-29
 238.765793     -0.961   0.289544    16.8810    -1.6995     -0.953     0.1656    -1.0754 -9.990e-29
 238.765799     -0.955   0.289505    16.8737    -1.6996     -0.947     0.1656    -1.0742 -9.990e-29
 238.765804     -0.948   0.289163    16.8625    -1.6995     -0.940     0.1654    -1.0724 -9.990e-29
 238.765810     -0.941   0.288618    16.8469    -1.6995     -0.933     0.1652    -1.0699 -9.990e-29
 238.765816     -0.933   0.288253    16.8308    -1.6993     -0.925     0.1650    -1.0672 -9.990e-29
 238.765822     -0.922   0.288136    16.8186    -1.6992     -0.914     0.1650    -1.0651 -9.990e-29
 238.765828     -0.910   0.288110    16.8125    -1.6992     -0.902     0.1650    -1.0641 -9.990e-29
 238.765833     -0.894   0.288138    16.8118    -1.6997     -0.887     0.1650    -1.0639 -9.990e-29
 238.765839     -0.878   0.288257    16.8143    -1.7001     -0.871     0.1651    -1.0643 -9.990e-29
 238.765845     -0.865   0.288626    16.8170    -1.7007     -0.858     0.1653    -1.0646 -9.990e-29
 238.765851     -0.855   0.289181    16.8181    -1.7013     -0.848     0.1656    -1.0646 -9.990e-29
 238.765856     -0.847   0.289550    16.8193    -1.7013     -0.840     0.1658    -1.0646 -9.990e-29
 238.765862     -0.835   0.289672    16.8219    -1.7011     -0.828     0.1659    -1.0650 -9.990e-29
 238.765868     -0.820   0.289709    16.8243    -1.7010     -0.813     0.1659    -1.0654 -9.990e-29
 238.765874     -0.809   0.289710    16.8247    -1.7008     -0.802     0.1659    -1.0655 -9.990e-29
 238.765880     -0.801   0.289674    16.8212    -1.7005     -0.794     0.1659    -1.0649 -9.990e-29
 238.765885     -0.791   0.289554    16.8127    -1.7003     -0.784     0.1658    -1.0634 -9.990e-29
 238.765891     -0.780   0.289190    16.8007    -1.7001     -0.773     0.1657    -1.0615 -9.990e-29
 238.765897     -0.765   0.288649    16.7875    -1.6999     -0.759     0.1654    -1.0594 -9.990e-29
 238.765903     -0.750   0.288321    16.7769    -1.6998     -0.744     0.1652    -1.0577 -9.990e-29
 238.765909     -0.739   0.288322    16.7728    -1.6999     -0.733     0.1653    -1.0570 -9.990e-29
 238.765914     -0.732   0.288651    16.7744    -1.7000     -0.726     0.1654    -1.0572 -9.990e-29
 238.765920     -0.727   0.289192    16.7787    -1.7000     -0.721     0.1657    -1.0577 -9.990e-29
 238.765926     -0.723   0.289558    16.7844    -1.6999     -0.717     0.1659    -1.0585 -9.990e-29
 238.765932     -0.722   0.289680    16.7908    -1.6999     -0.716     0.1660    -1.0596 -9.990e-29
 238.765938     -0.723   0.289721    16.7967    -1.6997     -0.717     0.1660    -1.0606 -9.990e-29
 238.765943     -0.726   0.289733    16.8018    -1.7001     -0.720     0.1660    -1.0615 -9.990e-29
 238.765949     -0.726   0.289734    16.8063    -1.7008     -0.720     0.1659    -1.0622 -9.990e-29
 238.765955     -0.721   0.289722    16.8090    -1.7018     -0.715     0.1659    -1.0627 -9.990e-29
 238.765961     -0.713   0.289683    16.8091    -1.7019     -0.707     0.1659    -1.0628 -9.990e-29
 238.765966     -0.706   0.289561    16.8082    -1.7017     -0.700     0.1658    -1.0627 -9.990e-29
 238.765972     -0.700   0.289194    16.8081    -1.7014     -0.694     0.1656    -1.0628 -9.990e-29
 238.765978     -0.695   0.288648    16.8086    -1.7010     -0.689     0.1653    -1.0631 -9.990e-29
 238.765984     -0.690   0.288306    16.8085    -1.7006     -0.684     0.1651    -1.0633 -9.990e-29
 238.765990     -0.684   0.288266    16.8052    -1.7002     -0.678     0.1651    -1.0627 -9.990e-29
 238.765995     -0.679   0.288473    16.7954    -1.6998     -0.673     0.1653    -1.0609 -9.990e-29
 238.766001     -0.672   0.288650    16.7797    -1.6994     -0.666     0.1654    -1.0581 -9.990e-29
 238.766007     -0.664   0.288475    16.7647    -1.6993     -0.658     0.1654    -1.0555 -9.990e-29
 238.766013     -0.654   0.288268    16.7577    -1.6991     -0.649     0.1653    -1.0544 -9.990e-29
 238.766019     -0.642   0.288309    16.7598    -1.6989     -0.637     0.1653    -1.0548 -9.990e-29
 238.766024     -0.627   0.288652    16.7674    -1.6986     -0.622     0.1655    -1.0559 -9.990e-29
 238.766030     -0.612   0.289198    16.7773    -1.6985     -0.607     0.1657    -1.0574 -9.990e-29
 238.766036     -0.604   0.289566    16.7881    -1.6984     -0.599     0.1659    -1.0591 -9.990e-29
 238.766042     -0.604   0.289688    16.7992    -1.6983     -0.599     0.1659    -1.0610 -9.990e-29
 238.766047     -0.603   0.289728    16.8101    -1.6981     -0.598     0.1659    -1.0629 -9.990e-29
 238.766053     -0.595   0.289740    16.8197    -1.6979     -0.590     0.1659    -1.0646 -9.990e-29
 238.766059     -0.582   0.289740    16.8273    -1.6977     -0.577     0.1659    -1.0659 -9.990e-29
 238.766065     -0.566   0.289728    16.8337    -1.6978     -0.561     0.1658    -1.0670 -9.990e-29
 238.766071     -0.555   0.289687    16.8404    -1.6980     -0.550     0.1658    -1.0682 -9.990e-29
 238.766076     -0.548   0.289565    16.8469    -1.6981     -0.543     0.1657    -1.0694 -9.990e-29
 238.766082     -0.536   0.289199    16.8520    -1.6980     -0.532     0.1655    -1.0705 -9.990e-29
 238.766088     -0.518   0.288657    16.8561    -1.6978     -0.514     0.1651    -1.0714 -9.990e-29
 238.766094     -0.502   0.288328    16.8606    -1.6977     -0.498     0.1649    -1.0724 -9.990e-29
 238.766100     -0.491   0.288328    16.8655    -1.6977     -0.487     0.1649    -1.0732 -9.990e-29
 238.766105     -0.484   0.288656    16.8700    -1.6976     -0.480     0.1651    -1.0739 -9.990e-29
 238.766111     -0.481   0.289197    16.8727    -1.6973     -0.477     0.1654    -1.0741 -9.990e-29
 238.766117     -0.482   0.289561    16.8724    -1.6971     -0.478     0.1656    -1.0739 -9.990e-29
 238.766123     -0.487   0.289679    16.8701    -1.6971     -0.483     0.1657    -1.0734 -9.990e-29
 238.766128     -0.491   0.289710    16.8686    -1.6970     -0.487     0.1657    -1.0732 -9.990e-29
 238.766134     -0.492   0.289696    16.8695    -1.6968     -0.488     0.1657    -1.0733 -9.990e-29
 238.766140     -0.492   0.289618    16.8724    -1.6966     -0.488     0.1656    -1.0739 -9.990e-29
 238.766146     -0.493   0.289372    16.8756    -1.6966     -0.489     0.1655    -1.0746 -9.990e-29
 238.766152     -0.489   0.289187    16.8784    -1.6968     -0.485     0.1654    -1.0751 -9.990e-29
 238.766157     -0.485   0.289372    16.8825    -1.6968     -0.481     0.1655    -1.0758 -9.990e-29
 238.766163     -0.481   0.289618    16.8879    -1.6968     -0.477     0.1656    -1.0766 -9.990e-29
 238.766169     -0.472   0.289700    16.8927    -1.6967     -0.468     0.1656    -1.0774 -9.990e-29
 238.766175     -0.462   0.289727    16.8963    -1.6967     -0.458     0.1656    -1.0780 -9.990e-29
 238.766181     -0.454   0.289736    16.8997    -1.6965     -0.450     0.1656    -1.0786 -9.990e-29
 238.766186     -0.448   0.289738    16.9037    -1.6966     -0.444     0.1656    -1.0793 -9.990e-29
 238.766192     -0.444   0.289739    16.9071    -1.6964     -0.440     0.1656    -1.0799 -9.990e-29
 238.766198     -0.441   0.289739    16.9080    -1.6967     -0.437     0.1656    -1.0801 -9.990e-29
 238.766204     -0.440   0.289739    16.9068    -1.6970     -0.436     0.1656    -1.0799 -9.990e-29
 238.766209     -0.439   0.289738    16.9057    -1.6972     -0.435     0.1656    -1.0797 -9.990e-29
 238.766215     -0.436   0.289738    16.9061    -1.6974     -0.432     0.1656    -1.0797 -9.990e-29
 238.766221     -0.424   0.289738    16.9076    -1.6973     -0.420     0.1656    -1.0800 -9.990e-29
 238.766227     -0.408   0.289737    16.9097    -1.6972     -0.405     0.1656    -1.0804 -9.990e-29
 238.766233     -0.392   0.289737    16.9118    -1.6970     -0.389     0.1656    -1.0808 -9.990e-29
 238.766238     -0.373   0.289736    16.9127    -1.6969     -0.370     0.1656    -1.0809 -9.990e-29
 238.766244     -0.356   0.289734    16.9114    -1.6969     -0.353     0.1656    -1.0807 -9.990e-29
 238.766250     -0.343   0.289731    16.9071    -1.6969     -0.340     0.1656    -1.0799 -9.990e-29
 238.766256     -0.333   0.289722    16.9006    -1.6968     -0.330     0.1656    -1.0788 -9.990e-29
 238.766262     -0.326   0.289694    16.8947    -1.6966     -0.323     0.1656    -1.0778 -9.990e-29
 238.766267     -0.317   0.289611    16.8918    -1.6963     -0.314     0.1656    -1.0773 -9.990e-29
 238.766273     -0.306   0.289364    16.8923    -1.6965     -0.303     0.1654    -1.0775 -9.990e-29
 238.766279     -0.296   0.289178    16.8949    -1.6968     -0.294     0.1653    -1.0780 -9.990e-29
 238.766285     -0.287   0.289363    16.8980    -1.6969     -0.285     0.1654    -1.0785 -9.990e-29
 238.766291     -0.282   0.289609    16.9005    -1.6969     -0.280     0.1655    -1.0788 -9.990e-29
 238.766296     -0.281   0.289691    16.9022    -1.6967     -0.279     0.1656    -1.0791 -9.990e-29
 238.766302     -0.279   0.289718    16.9041    -1.6968     -0.277     0.1656    -1.0794 -9.990e-29
 238.766308     -0.277   0.289727    16.9072    -1.6969     -0.275     0.1656    -1.0799 -9.990e-29
 238.766314     -0.274   0.289729    16.9112    -1.6968     -0.272     0.1656    -1.0806 -9.990e-29
 238.766319     -0.270   0.289730    16.9138    -1.6968     -0.268     0.1655    -1.0811 -9.990e-29
 238.766325     -0.260   0.289730    16.9124    -1.6969     -0.258     0.1656    -1.0809 -9.990e-29
 238.766331     -0.245   0.289730    16.9083    -1.6969     -0.243     0.1656    -1.0801 -9.990e-29
 238.766337     -0.231   0.289729    16.9054    -1.6968     -0.229     0.1656    -1.0796 -9.990e-29
 238.766343     -0.222   0.289729    16.9049    -1.6965     -0.220     0.1656    -1.0795 -9.990e-29
 238.766348     -0.217   0.289729    16.9052    -1.6964     -0.215     0.1656    -1.0796 -9.990e-29
 238.766354     -0.213   0.289728    16.9050    -1.6963     -0.211     0.1656    -1.0796 -9.990e-29
 238.766360     -0.203   0.289728    16.9048    -1.6962     -0.201     0.1656    -1.0795 -9.990e-29
 238.766366     -0.193   0.289727    16.9051    -1.6961     -0.191     0.1656    -1.0796 -9.990e-29
 238.766372     -0.185   0.289727    16.9053    -1.6959     -0.183     0.1656    -1.0796 -9.990e-29
 238.766377     -0.179   0.289727    16.9052    -1.6958     -0.178     0.1656    -1.0796 -9.990e-29
 238.766383     -0.174   0.289726    16.9062    -1.6957     -0.173     0.1656    -1.0798 -9.990e-29
 238.766389     -0.171   0.289726    16.9093    -1.6956     -0.170     0.1656    -1.0803 -9.990e-29
 238.766395     -0.169   0.289725    16.9139    -1.6956     -0.168     0.1655    -1.0811 -9.990e-29
 238.766400     -0.169   0.289725    16.9183    -1.6955     -0.168     0.1655    -1.0819 -9.990e-29
 238.766406     -0.169   0.289725    16.9219    -1.6953     -0.168     0.1655    -1.0825 -9.990e-29
 238.766412     -0.170   0.289724    16.9250    -1.6951     -0.169     0.1655    -1.0831 -9.990e-29
 238.766418     -0.172   0.289724    16.9285    -1.6947     -0.171     0.1655    -1.0837 -9.990e-29
 238.766424     -0.176   0.289723    16.9324    -1.6946     -0.175     0.1655    -1.0844 -9.990e-29
 238.766429     -0.181   0.289723    16.9361    -1.6944     -0.179     0.1655    -1.0850 -9.990e-29
 238.766435     -0.183   0.289722    16.9394    -1.6944     -0.181     0.1654    -1.0856 -9.990e-29
 238.766441     -0.179   0.289722    16.9419    -1.6944     -0.178     0.1654    -1.0861 -9.990e-29
 238.766447     -0.172   0.289722    16.9440    -1.6946     -0.171     0.1654    -1.0864 -9.990e-29
 238.766453     -0.166   0.289721    16.9474    -1.6944     -0.165     0.1654    -1.0870 -9.990e-29
 238.766458     -0.161   0.289721    16.9527    -1.6941     -0.160     0.1654    -1.0880 -9.990e-29
 238.766464     -0.156   0.289720    16.9595    -1.6938     -0.155     0.1654    -1.0892 -9.990e-29
 238.766470     -0.152   0.289720    16.9664    -1.6936     -0.151     0.1653    -1.0904 -9.990e-29
 238.766476     -0.147   0.289720    16.9720    -1.6933     -0.146     0.1653    -1.0914 -9.990e-29
