data/oxygen options/ONMS/Olympic_Coast_National_Marine_Sanctuary_CTD_Data_2005_2023/raw_data/2015/CAST_CA042_150928faedb.cnv
* Sea-Bird SBE19 Data File:
* FileName = C:\2015 Mooring Data\Casts\CAST_CA042_150928.hex
* Software Version 1.59
* Temperature SN = 2997
* Conductivity SN = 2997
* System UpLoad Time = Sep 28 2015 22:01:37
** CAST_CA042_150928
* ds
# nquan = 9
# nvalues = 43                          
# units = specified
# name 0 = timeJ: Julian Days
# name 1 = prSM: Pressure, Strain Gauge [db]
# name 2 = c0mS/cm: Conductivity [mS/cm]
# name 3 = t090C: Temperature [ITS-90, deg C]
# name 4 = sbeox0ML/L: Oxygen, SBE 43 [ml/l]
# name 5 = depSM: Depth [salt water, m], lat = 47.5
# name 6 = sal00: Salinity, Practical [PSU]
# name 7 = sigma-é00: Density [sigma-theta, kg/m^3]
# name 8 = flag: flag
# span 0 = 271.899223, 271.900241       
# span 1 =      2.000,     44.000       
# span 2 =  34.742620,  39.054402       
# span 3 =     7.9903,    14.2694       
# span 4 =     3.5978,     6.3744       
# span 5 =      1.983,     43.628       
# span 6 =    32.0995,    33.4171       
# span 7 =    23.8912,    26.0326       
# span 8 = 0.0000e+00, 0.0000e+00       
# interval = decibars: 1                
# start_time = Sep 28 2015 21:29:14 [Instrument's time stamp, header]
# bad_flag = -9.990e-29
*END*
 271.899223      2.000  39.054402    14.2694     6.3744      1.983    32.0995    23.8912 0.0000e+00
 271.899253      3.000  38.878506    14.0180     6.1898      2.975    32.1471    23.9797 0.0000e+00
 271.899277      4.000  38.438767    13.5409     6.0788      3.967    32.1393    24.0704 0.0000e+00
 271.899300      5.000  38.193047    13.2727     5.9288      4.958    32.1356    24.1212 0.0000e+00
 271.899324      6.000  37.995087    13.0248     5.7280      5.950    32.1591    24.1882 0.0000e+00
 271.899347      7.000  37.787398    12.7780     5.4726      6.942    32.1724    24.2465 0.0000e+00
 271.899368      8.000  37.588100    12.4811     5.1552      7.933    32.2363    24.3530 0.0000e+00
 271.899391      9.000  37.390054    12.1541     5.0586      8.925    32.3279    24.4858 0.0000e+00
 271.899412     10.000  37.128511    11.7985     5.0631      9.916    32.3834    24.5950 0.0000e+00
 271.899434     11.000  37.077624    11.7187     5.0597     10.908    32.4031    24.6250 0.0000e+00
 271.899456     12.000  37.051277    11.6750     5.0180     11.899    32.4152    24.6424 0.0000e+00
 271.899478     13.000  37.010817    11.6226     4.9927     12.891    32.4211    24.6566 0.0000e+00
 271.899499     14.000  36.985854    11.5695     4.9278     13.883    32.4429    24.6832 0.0000e+00
 271.899524     15.000  36.933085    11.4881     4.8241     14.875    32.4622    24.7130 0.0000e+00
 271.899547     16.000  36.840685    11.3506     4.7640     15.866    32.4922    24.7612 0.0000e+00
 271.899569     17.000  36.752038    11.2014     4.7169     16.857    32.5362    24.8221 0.0000e+00
 271.899591     18.000  36.691077    11.0909     4.6852     17.849    32.5735    24.8707 0.0000e+00
 271.899613     19.000  36.617419    10.9904     4.6630     18.841    32.5893    24.9009 0.0000e+00
 271.899635     20.000  36.544528    10.8829     4.6103     19.832    32.6122    24.9376 0.0000e+00
 271.899658     21.000  36.501363    10.8080     4.6265     20.823    32.6356    24.9689 0.0000e+00
 271.899680     22.000  36.338060    10.5577     4.7388     21.815    32.6961    25.0594 0.0000e+00
 271.899702     23.000  36.100117    10.2586     4.5031     22.807    32.7259    25.1336 0.0000e+00
 271.899725     24.000  35.724352     9.7499     4.4312     23.798    32.8055    25.2805 0.0000e+00
 271.899750     25.000  35.498503     9.3974     4.4652     24.790    32.8963    25.4086 0.0000e+00
 271.899773     26.000  35.294544     9.1352     4.4791     25.781    32.9267    25.4742 0.0000e+00
 271.899795     27.000  35.164121     8.9599     4.3837     26.773    32.9531    25.5222 0.0000e+00
 271.899820     28.000  35.023853     8.7553     4.0747     27.764    32.9966    25.5879 0.0000e+00
 271.899845     29.000  34.827789     8.3477     4.0045     28.756    33.1718    25.7871 0.0000e+00
 271.899872     30.000  34.784974     8.2371     3.8896     29.748    33.2304    25.8497 0.0000e+00
 271.899901     31.000  34.761286     8.1367     3.6899     30.739    33.2999    25.9191 0.0000e+00
 271.899927     32.000  34.751251     8.0465     3.6496     31.730    33.3746    25.9910 0.0000e+00
 271.899957     33.000  34.759683     8.0302     3.6289     32.722    33.3986    26.0123 0.0000e+00
 271.899984     34.000  34.746852     8.0031     3.6196     33.714    33.4104    26.0255 0.0000e+00
 271.900010     35.000  34.749924     8.0015     3.6134     34.705    33.4147    26.0292 0.0000e+00
 271.900041     36.000  34.749789     7.9987     3.6095     35.697    33.4168    26.0313 0.0000e+00
 271.900065     37.000  34.742620     7.9903     3.6098     36.688    33.4167    26.0324 0.0000e+00
 271.900088     38.000  34.744289     7.9921     3.6089     37.679    33.4163    26.0318 0.0000e+00
 271.900116     39.000  34.743139     7.9928     3.5998     38.671    33.4139    26.0298 0.0000e+00
 271.900140     40.000  34.743304     7.9912     3.6088     39.662    33.4151    26.0311 0.0000e+00
 271.900163     41.000  34.746171     7.9918     3.5978     40.654    33.4171    26.0326 0.0000e+00
 271.900187     42.000  34.743928     7.9920     3.6039     41.645    33.4141    26.0302 0.0000e+00
 271.900213     43.000  34.743978     7.9913     3.6100     42.636    33.4144    26.0305 0.0000e+00
 271.900241     44.000  34.744487     7.9928     3.5983     43.628    33.4130    26.0292 0.0000e+00
