data/oxygen options/ONMS/Olympic_Coast_National_Marine_Sanctuary_CTD_Data_2005_2023/raw_data/2015/CAST_CE042_150723faed.cnv
* Sea-Bird SBE 19 Data File:
* FileName = C:\2015 Mooring Data\Casts\CAST_CE042_150723.hex
* Software Version SeatermAF 2.1.2
* Temperature SN = 2997
* Conductivity SN = 2997
* System UpLoad Time = Jul 23 2015 18:05:31 (localtime) = Jul 23 2015 18:05:31 (UTC)
** CAST_CE042_150723
* ds
# nquan = 9                                 
# nvalues = 1448                        
# units = specified
# name 0 = timeJ: Julian Days
# name 1 = prSM: Pressure, Strain Gauge [db]
# name 2 = c0mS/cm: Conductivity [mS/cm]
# name 3 = t090C: Temperature [ITS-90, deg C]
# name 4 = sbeox0ML/L: Oxygen, SBE 43 [ml/l]
# name 5 = depSM: Depth [salt water, m], lat = 47.5
# name 6 = sal00: Salinity, Practical [PSU]
# name 7 = sigma-é00: Density [sigma-theta, kg/m^3]
# name 8 = flag: flag
# span 0 = 204.731262, 204.739635       
# span 1 =     -5.212,     44.459       
# span 2 =   0.010127,  40.893125       
# span 3 =     7.6842,    18.9893       
# span 4 =    -1.7121,    11.0112       
# span 5 =     -5.169,     44.083       
# span 6 =     0.0119,    33.6056       
# span 7 =    -1.5791,    26.2252       
# span 8 = 0.0000e+00, 0.0000e+00       
# interval = seconds: 0.5
# start_time = Jul 23 2015 17:33:01 [Instrument's time stamp, header]
# bad_flag = -9.990e-29
*END*
[from data line 1121]
 204.737749     40.732  34.650429     7.7077     1.3374     40.388    33.5873    26.2075 -9.990e-29
 204.737755     40.628  34.650623     7.7095     1.3515     40.285    33.5858    26.2061 -9.990e-29
 204.737760     40.508  34.650911     7.7116     1.3586     40.166    33.5842    26.2045 -9.990e-29
 204.737766     40.367  34.651678     7.7144     1.3727     40.026    33.5824    26.2027 0.0000e+00
 204.737772     40.200  34.652830     7.7174     1.3695     39.861    33.5808    26.2010 0.0000e+00
 204.737778     40.010  34.653662     7.7202     1.3614     39.672    33.5791    26.1992 0.0000e+00
 204.737784     39.819  34.654168     7.7227     1.3549     39.483    33.5773    26.1975 0.0000e+00
 204.737789     39.650  34.654467     7.7245     1.3553     39.315    33.5760    26.1962 0.0000e+00
 204.737795     39.507  34.654403     7.7253     1.3639     39.174    33.5752    26.1954 -9.990e-29
 204.737801     39.388  34.654456     7.7254     1.3725     39.056    33.5752    26.1954 -9.990e-29
 204.737807     39.279  34.654700     7.7256     1.3794     38.947    33.5754    26.1955 -9.990e-29
 204.737812     39.170  34.654902     7.7261     1.3693     38.839    33.5751    26.1953 -9.990e-29
 204.737818     39.058  34.655332     7.7266     1.3699     38.728    33.5752    26.1952 -9.990e-29
 204.737824     38.940  34.656006     7.7274     1.3737     38.611    33.5752    26.1951 -9.990e-29
 204.737830     38.809  34.656706     7.7292     1.3737     38.481    33.5743    26.1941 0.0000e+00
 204.737836     38.660  34.657248     7.7318     1.3894     38.334    33.5724    26.1923 0.0000e+00
 204.737841     38.496  34.657796     7.7348     1.3947     38.171    33.5702    26.1901 0.0000e+00
 204.737847     38.330  34.658525     7.7377     1.4000     38.007    33.5683    26.1882 0.0000e+00
 204.737853     38.176  34.659288     7.7405     1.4053     37.854    33.5665    26.1863 0.0000e+00
 204.737859     38.041  34.659989     7.7423     1.4059     37.720    33.5655    26.1854 -9.990e-29
 204.737865     37.926  34.660443     7.7424     1.4026     37.606    33.5660    26.1857 -9.990e-29
 204.737870     37.827  34.660701     7.7424     1.3977     37.508    33.5663    26.1860 -9.990e-29
 204.737876     37.733  34.661109     7.7434     1.4000     37.415    33.5658    26.1854 -9.990e-29
 204.737882     37.635  34.661651     7.7448     1.4196     37.317    33.5651    26.1847 -9.990e-29
 204.737888     37.530  34.661933     7.7475     1.4312     37.213    33.5629    26.1825 -9.990e-29
 204.737894     37.420  34.662332     7.7520     1.4450     37.104    33.5590    26.1788 -9.990e-29
 204.737899     37.308  34.663386     7.7569     1.4539     36.993    33.5555    26.1753 -9.990e-29
 204.737905     37.194  34.664822     7.7609     1.4457     36.880    33.5532    26.1730 -9.990e-29
 204.737911     37.080  34.666317     7.7638     1.4463     36.767    33.5521    26.1717 -9.990e-29
 204.737917     36.966  34.667627     7.7662     1.4453     36.654    33.5512    26.1707 -9.990e-29
 204.737922     36.851  34.668819     7.7685     1.4614     36.540    33.5504    26.1696 -9.990e-29
 204.737928     36.727  34.669805     7.7703     1.4857     36.417    33.5497    26.1689 -9.990e-29
 204.737934     36.585  34.670222     7.7727     1.4998     36.276    33.5480    26.1671 0.0000e+00
 204.737940     36.421  34.670629     7.7775     1.5159     36.114    33.5438    26.1632 0.0000e+00
 204.737946     36.238  34.672130     7.7847     1.5275     35.932    33.5386    26.1581 0.0000e+00
 204.737951     36.046  34.674490     7.7927     1.5266     35.742    33.5336    26.1529 0.0000e+00
 204.737957     35.857  34.676939     7.7997     1.5310     35.555    33.5295    26.1488 0.0000e+00
 204.737963     35.681  34.679386     7.8049     1.5338     35.380    33.5272    26.1462 0.0000e+00
 204.737969     35.520  34.681174     7.8091     1.5399     35.221    33.5252    26.1440 0.0000e+00
 204.737975     35.372  34.681890     7.8128     1.5435     35.074    33.5225    26.1413 0.0000e+00
 204.737980     35.240  34.682494     7.8152     1.5493     34.943    33.5209    26.1397 -9.990e-29
 204.737986     35.129  34.683795     7.8171     1.5569     34.833    33.5205    26.1392 -9.990e-29
 204.737992     35.037  34.686411     7.8206     1.5661     34.742    33.5200    26.1382 -9.990e-29
 204.737998     34.957  34.689912     7.8246     1.5698     34.662    33.5200    26.1376 -9.990e-29
 204.738003     34.880  34.691683     7.8277     1.5758     34.586    33.5189    26.1364 -9.990e-29
 204.738009     34.792  34.691286     7.8303     1.5763     34.499    33.5160    26.1337 -9.990e-29
 204.738015     34.688  34.690995     7.8332     1.5838     34.396    33.5130    26.1309 -9.990e-29
 204.738021     34.575  34.691547     7.8372     1.5945     34.284    33.5098    26.1278 -9.990e-29
 204.738027     34.457  34.692561     7.8427     1.5962     34.167    33.5056    26.1238 -9.990e-29
 204.738032     34.336  34.694271     7.8485     1.5910     34.047    33.5020    26.1200 -9.990e-29
 204.738038     34.213  34.696720     7.8531     1.5882     33.925    33.5002    26.1180 -9.990e-29
 204.738044     34.088  34.699253     7.8570     1.6027     33.801    33.4993    26.1167 0.0000e+00
 204.738050     33.962  34.701332     7.8615     1.6328     33.676    33.4972    26.1144 0.0000e+00
 204.738056     33.831  34.702928     7.8664     1.6660     33.546    33.4943    26.1114 0.0000e+00
 204.738061     33.692  34.703933     7.8713     1.7065     33.408    33.4908    26.1079 0.0000e+00
 204.738067     33.543  34.704570     7.8764     1.7351     33.260    33.4866    26.1039 0.0000e+00
 204.738073     33.385  34.706250     7.8834     1.7374     33.104    33.4818    26.0991 0.0000e+00
 204.738079     33.219  34.709539     7.8930     1.7180     32.939    33.4762    26.0933 0.0000e+00
 204.738084     33.058  34.713222     7.9033     1.6906     32.779    33.4703    26.0872 0.0000e+00
 204.738090     32.915  34.717169     7.9119     1.6780     32.638    33.4664    26.0828 -9.990e-29
 204.738096     32.800  34.721048     7.9159     1.6867     32.524    33.4667    26.0825 -9.990e-29
 204.738102     32.708  34.722752     7.9137     1.7251     32.432    33.4707    26.0860 -9.990e-29
 204.738108     32.631  34.721193     7.9097     1.7946     32.356    33.4729    26.0883 -9.990e-29
 204.738113     32.554  34.718218     7.9097     1.8654     32.280    33.4698    26.0858 -9.990e-29
 204.738119     32.468  34.717147     7.9159     1.9285     32.194    33.4627    26.0794 -9.990e-29
 204.738125     32.369  34.718793     7.9274     1.9895     32.096    33.4535    26.0705 -9.990e-29
 204.738131     32.253  34.721431     7.9413     2.0628     31.981    33.4431    26.0602 -9.990e-29
 204.738137     32.122  34.724099     7.9563     2.1192     31.851    33.4317    26.0491 0.0000e+00
 204.738142     31.977  34.726999     7.9709     2.1607     31.708    33.4209    26.0385 0.0000e+00
 204.738148     31.820  34.729520     7.9812     2.1898     31.552    33.4138    26.0314 0.0000e+00
 204.738154     31.664  34.730546     7.9847     2.2353     31.397    33.4116    26.0292 0.0000e+00
 204.738160     31.516  34.728649     7.9833     2.2963     31.251    33.4110    26.0289 0.0000e+00
 204.738166     31.374  34.723546     7.9814     2.3533     31.110    33.4074    26.0264 0.0000e+00
 204.738171     31.242  34.719643     7.9816     2.3687     30.979    33.4031    26.0230 -9.990e-29
 204.738177     31.126  34.717904     7.9839     2.3738     30.864    33.3991    26.0195 -9.990e-29
 204.738183     31.021  34.714891     7.9864     2.3890     30.760    33.3936    26.0147 -9.990e-29
 204.738189     30.918  34.707149     7.9878     2.4244     30.658    33.3840    26.0070 -9.990e-29
 204.738194     30.808  34.695005     7.9884     2.4962     30.549    33.3705    25.9963 -9.990e-29
 204.738200     30.695  34.688045     7.9888     2.5823     30.437    33.3627    25.9902 -9.990e-29
 204.738206     30.575  34.688757     7.9905     2.6671     30.318    33.3619    25.9893 -9.990e-29
 204.738212     30.444  34.689129     7.9945     2.7508     30.188    33.3586    25.9861 0.0000e+00
 204.738218     30.303  34.685177     8.0010     2.8163     30.048    33.3482    25.9770 0.0000e+00
 204.738223     30.152  34.678917     8.0097     2.8389     29.898    33.3333    25.9640 0.0000e+00
 204.738229     29.994  34.673215     8.0189     2.8451     29.742    33.3185    25.9511 0.0000e+00
 204.738235     29.835  34.669624     8.0260     2.8272     29.584    33.3080    25.9418 0.0000e+00
 204.738241     29.683  34.667854     8.0298     2.8082     29.433    33.3026    25.9369 0.0000e+00
 204.738247     29.545  34.666343     8.0311     2.8050     29.296    33.2998    25.9346 -9.990e-29
 204.738252     29.425  34.665399     8.0301     2.8164     29.177    33.2998    25.9347 -9.990e-29
 204.738258     29.316  34.665712     8.0275     2.8339     29.069    33.3027    25.9373 -9.990e-29
 204.738264     29.207  34.666091     8.0261     2.8667     28.961    33.3045    25.9389 -9.990e-29
 204.738270     29.094  34.665432     8.0268     2.8795     28.849    33.3031    25.9378 -9.990e-29
 204.738275     28.975  34.664049     8.0289     2.8998     28.731    33.2997    25.9348 -9.990e-29
 204.738281     28.847  34.662973     8.0322     2.9099     28.604    33.2955    25.9310 0.0000e+00
 204.738287     28.710  34.663083     8.0374     2.9222     28.468    33.2907    25.9265 0.0000e+00
 204.738293     28.564  34.664039     8.0444     2.9360     28.324    33.2852    25.9211 0.0000e+00
 204.738299     28.412  34.664947     8.0524     2.9588     28.173    33.2786    25.9148 0.0000e+00
 204.738304     28.262  34.665970     8.0602     2.9827     28.024    33.2723    25.9087 0.0000e+00
 204.738310     28.117  34.667987     8.0667     2.9963     27.880    33.2684    25.9047 0.0000e+00
 204.738316     27.977  34.670399     8.0740     3.0079     27.742    33.2641    25.9002 0.0000e+00
 204.738322     27.841  34.674256     8.0846     3.0080     27.607    33.2582    25.8940 0.0000e+00
 204.738328     27.710  34.681414     8.0961     3.0038     27.477    33.2550    25.8898 -9.990e-29
 204.738333     27.586  34.690285     8.1062     3.0080     27.354    33.2549    25.8882 -9.990e-29
 204.738339     27.477  34.699884     8.1154     3.0156     27.246    33.2564    25.8881 -9.990e-29
 204.738345     27.378  34.707398     8.1219     3.0282     27.148    33.2583    25.8886 -9.990e-29
 204.738351     27.279  34.708910     8.1250     3.0494     27.050    33.2570    25.8871 -9.990e-29
 204.738356     27.171  34.707632     8.1273     3.0621     26.942    33.2535    25.8840 -9.990e-29
 204.738362     27.053  34.707537     8.1314     3.0877     26.825    33.2496    25.8804 -9.990e-29
 204.738368     26.933  34.708010     8.1379     3.1080     26.706    33.2440    25.8750 -9.990e-29
 204.738374     26.806  34.710315     8.1471     3.1180     26.581    33.2378    25.8688 0.0000e+00
 204.738380     26.669  34.715920     8.1591     3.1264     26.445    33.2324    25.8628 0.0000e+00
 204.738385     26.517  34.722844     8.1714     3.1232     26.294    33.2282    25.8576 0.0000e+00
 204.738391     26.349  34.728630     8.1813     3.1089     26.127    33.2250    25.8537 0.0000e+00
 204.738397     26.180  34.733223     8.1887     3.1152     25.960    33.2230    25.8510 0.0000e+00
 204.738403     26.025  34.737779     8.1943     3.1139     25.806    33.2226    25.8499 0.0000e+00
 204.738409     25.887  34.741166     8.1975     3.1155     25.669    33.2232    25.8499 0.0000e+00
 204.738414     25.762  34.742372     8.1973     3.1121     25.545    33.2248    25.8511 -9.990e-29
 204.738420     25.642  34.741956     8.1954     3.1146     25.426    33.2262    25.8525 -9.990e-29
 204.738426     25.522  34.740559     8.1943     3.1270     25.307    33.2258    25.8524 -9.990e-29
 204.738432     25.400  34.739192     8.1944     3.1410     25.186    33.2243    25.8512 -9.990e-29
 204.738438     25.269  34.738345     8.1958     3.1476     25.057    33.2221    25.8493 0.0000e+00
 204.738443     25.123  34.738083     8.1993     3.1465     24.912    33.2186    25.8460 0.0000e+00
 204.738449     24.963  34.738690     8.2047     3.1458     24.753    33.2142    25.8417 0.0000e+00
 204.738455     24.796  34.739927     8.2111     3.1461     24.588    33.2096    25.8371 0.0000e+00
 204.738461     24.631  34.741276     8.2173     3.1498     24.424    33.2052    25.8328 0.0000e+00
 204.738466     24.476  34.743491     8.2232     3.1466     24.270    33.2020    25.8294 0.0000e+00
 204.738472     24.338  34.746797     8.2282     3.1551     24.133    33.2009    25.8278 -9.990e-29
 204.738478     24.216  34.748956     8.2306     3.1597     24.012    33.2010    25.8275 -9.990e-29
 204.738484     24.104  34.748996     8.2316     3.1647     23.901    33.2001    25.8267 -9.990e-29
 204.738490     23.993  34.748166     8.2334     3.1626     23.791    33.1976    25.8244 -9.990e-29
 204.738495     23.882  34.747673     8.2359     3.1608     23.681    33.1948    25.8218 -9.990e-29
 204.738501     23.771  34.748054     8.2383     3.1637     23.571    33.1929    25.8200 -9.990e-29
 204.738507     23.658  34.748767     8.2411     3.1689     23.459    33.1911    25.8182 -9.990e-29
 204.738513     23.539  34.749716     8.2444     3.1693     23.341    33.1890    25.8161 -9.990e-29
 204.738519     23.417  34.751119     8.2490     3.1782     23.220    33.1862    25.8132 -9.990e-29
 204.738524     23.287  34.752680     8.2559     3.1831     23.091    33.1814    25.8084 0.0000e+00
 204.738530     23.145  34.754313     8.2636     3.1815     22.951    33.1760    25.8029 0.0000e+00
 204.738536     22.996  34.756026     8.2712     3.1921     22.803    33.1707    25.7977 0.0000e+00
 204.738542     22.850  34.758500     8.2804     3.1938     22.658    33.1647    25.7916 0.0000e+00
 204.738547     22.717  34.762306     8.2909     3.1976     22.526    33.1589    25.7854 0.0000e+00
 204.738553     22.587  34.767550     8.2987     3.1961     22.397    33.1571    25.7829 0.0000e+00
 204.738559     22.453  34.774016     8.3014     3.1944     22.264    33.1615    25.7859 0.0000e+00
 204.738565     22.318  34.779752     8.3009     3.1956     22.131    33.1681    25.7912 0.0000e+00
 204.738571     22.187  34.783519     8.3019     3.1983     22.001    33.1712    25.7935 0.0000e+00
 204.738576     22.060  34.786490     8.3055     3.2045     21.875    33.1710    25.7928 -9.990e-29
 204.738582     21.937  34.788778     8.3097     3.2031     21.753    33.1695    25.7910 -9.990e-29
 204.738588     21.815  34.789586     8.3153     3.1917     21.632    33.1652    25.7867 -9.990e-29
 204.738594     21.691  34.789502     8.3248     3.1992     21.509    33.1562    25.7783 -9.990e-29
 204.738600     21.565  34.790171     8.3366     3.2307     21.384    33.1458    25.7684 0.0000e+00
 204.738605     21.438  34.793678     8.3477     3.3037     21.258    33.1391    25.7615 0.0000e+00
 204.738611     21.310  34.800291     8.3634     3.3751     21.131    33.1314    25.7530 0.0000e+00
 204.738617     21.178  34.811622     8.3904     3.4371     21.000    33.1180    25.7385 0.0000e+00
 204.738623     21.037  34.830525     8.4248     3.4524     20.860    33.1057    25.7237 0.0000e+00
 204.738628     20.891  34.852583     8.4675     3.4282     20.716    33.0889    25.7041 0.0000e+00
 204.738634     20.748  34.878713     8.5350     3.3849     20.574    33.0532    25.6659 0.0000e+00
 204.738640     20.611  34.933189     8.6364     3.3544     20.438    33.0157    25.6211 0.0000e+00
 204.738646     20.481  35.054547     8.7692     3.3534     20.309    33.0190    25.6033 -9.990e-29
 204.738652     20.358  35.208573     8.8823     3.4091     20.187    33.0746    25.6294 -9.990e-29
 204.738657     20.242  35.253892     8.9012     3.5001     20.072    33.1044    25.6497 -9.990e-29
 204.738663     20.131  35.156334     8.8628     3.5824     19.962    33.0384    25.6040 -9.990e-29
