data/oxygen options/ONMS/Olympic_Coast_National_Marine_Sanctuary_CTD_Data_2005_2023/raw_data/2015/CAST_CE015_150930faed.cnv
* Sea-Bird SBE19 Data File:
* FileName = C:\2015 Mooring Data\Casts\CAST_CE015_150930.hex
* Software Version 1.59
* Temperature SN = 2997
* Conductivity SN = 2997
* System UpLoad Time = Sep 30 2015 19:53:08
** CAST_CE015_150930
* ds
# nquan = 9                                 
# nvalues = 1061                        
# units = specified
# name 0 = timeJ: Julian Days
# name 1 = prSM: Pressure, Strain Gauge [db]
# name 2 = c0mS/cm: Conductivity [mS/cm]
# name 3 = t090C: Temperature [ITS-90, deg C]
# name 4 = sbeox0ML/L: Oxygen, SBE 43 [ml/l]
# name 5 = depSM: Depth [salt water, m], lat = 47.5
# name 6 = sal00: Salinity, Practical [PSU]
# name 7 = sigma-é00: Density [sigma-theta, kg/m^3]
# name 8 = flag: flag
# span 0 = 273.819595, 273.825729       
# span 1 =     -4.701,     17.848       
# span 2 =   0.414788,  38.913168       
# span 3 =    12.1174,    18.4767       
# span 4 =    -1.6854,    10.9501       
# span 5 =     -4.662,     17.698       
# span 6 =     0.2306,    32.3708       
# span 7 =    -1.3154,    24.5218       
# span 8 = 0.0000e+00, 0.0000e+00       
# interval = seconds: 0.5
# start_time = Sep 30 2015 19:40:13 [Instrument's time stamp, header]
# bad_flag = -9.990e-29
*END*
[from data line 961]
 273.825156     12.665  38.285280    13.7764     5.3837     12.559    31.7970    23.7589 0.0000e+00
 273.825162     12.535  38.302067    13.7994     5.4036     12.430    31.7935    23.7515 -9.990e-29
 273.825168     12.412  38.316515    13.8271     5.4234     12.308    31.7839    23.7386 -9.990e-29
 273.825174     12.296  38.332689    13.8558     5.4436     12.193    31.7751    23.7259 -9.990e-29
 273.825179     12.184  38.347624    13.8781     5.4484     12.082    31.7705    23.7178 -9.990e-29
 273.825185     12.070  38.361587    13.8897     5.4428     11.969    31.7738    23.7180 -9.990e-29
 273.825191     11.945  38.373743    13.8979     5.4354     11.845    31.7783    23.7198 0.0000e+00
 273.825197     11.806  38.386274    13.9111     5.4596     11.707    31.7790    23.7177 0.0000e+00
 273.825203     11.658  38.401491    13.9277     5.4806     11.560    31.7793    23.7146 0.0000e+00
 273.825208     11.507  38.416700    13.9439     5.5342     11.411    31.7800    23.7118 0.0000e+00
 273.825214     11.362  38.432001    13.9580     5.5845     11.267    31.7825    23.7108 0.0000e+00
 273.825220     11.226  38.445376    13.9684     5.6297     11.132    31.7863    23.7116 0.0000e+00
 273.825226     11.090  38.452236    13.9785     5.6455     10.997    31.7843    23.7080 0.0000e+00
 273.825231     10.941  38.458368    13.9953     5.6507     10.849    31.7761    23.6983 0.0000e+00
 273.825237     10.780  38.472510    14.0214     5.6736     10.690    31.7676    23.6864 0.0000e+00
 273.825243     10.615  38.500623    14.0529     5.7057     10.526    31.7676    23.6799 0.0000e+00
 273.825249     10.464  38.537588    14.0804     5.7664     10.376    31.7789    23.6830 0.0000e+00
 273.825255     10.329  38.563743    14.0962     5.8284     10.243    31.7899    23.6882 0.0000e+00
 273.825260     10.197  38.574164    14.1057     5.8869     10.112    31.7917    23.6876 0.0000e+00
 273.825266     10.059  38.582748    14.1185     5.9521      9.975    31.7891    23.6830 0.0000e+00
 273.825272      9.917  38.597019    14.1366     6.0246      9.834    31.7873    23.6779 0.0000e+00
 273.825278      9.773  38.618626    14.1624     6.0749      9.691    31.7859    23.6715 0.0000e+00
 273.825284      9.635  38.645545    14.1995     6.1133      9.554    31.7800    23.6593 0.0000e+00
 273.825289      9.503  38.673309    14.2411     6.1291      9.423    31.7713    23.6440 0.0000e+00
 273.825295      9.373  38.707543    14.2791     6.1424      9.295    31.7714    23.6362 -9.990e-29
 273.825301      9.250  38.752414    14.3141     6.1482      9.173    31.7837    23.6384 -9.990e-29
 273.825307      9.135  38.792067    14.3432     6.1396      9.059    31.7960    23.6419 -9.990e-29
 273.825313      9.015  38.809299    14.3637     6.1448      8.940    31.7949    23.6368 -9.990e-29
 273.825318      8.883  38.814196    14.3795     6.1339      8.809    31.7865    23.6270 0.0000e+00
 273.825324      8.739  38.820582    14.3913     6.1449      8.666    31.7826    23.6216 0.0000e+00
 273.825330      8.588  38.825761    14.4003     6.1520      8.516    31.7800    23.6177 0.0000e+00
 273.825336      8.436  38.830476    14.4090     6.1567      8.365    31.7772    23.6137 0.0000e+00
 273.825341      8.286  38.837652    14.4165     6.1447      8.217    31.7777    23.6125 0.0000e+00
 273.825347      8.143  38.842843    14.4220     6.1355      8.075    31.7780    23.6115 0.0000e+00
 273.825353      8.005  38.844002    14.4267     6.1378      7.938    31.7752    23.6084 0.0000e+00
 273.825359      7.868  38.843798    14.4318     6.1396      7.802    31.7709    23.6040 0.0000e+00
 273.825365      7.736  38.843640    14.4363     6.1525      7.671    31.7671    23.6002 -9.990e-29
 273.825370      7.614  38.844441    14.4395     6.1502      7.550    31.7653    23.5981 -9.990e-29
 273.825376      7.502  38.846152    14.4412     6.1504      7.439    31.7655    23.5979 -9.990e-29
 273.825382      7.393  38.847130    14.4420     6.1398      7.331    31.7657    23.5979 -9.990e-29
 273.825388      7.276  38.846997    14.4430     6.1436      7.215    31.7649    23.5970 -9.990e-29
 273.825394      7.152  38.847257    14.4445     6.1431      7.092    31.7639    23.5960 -9.990e-29
 273.825399      7.027  38.848818    14.4459     6.1515      6.968    31.7642    23.5959 0.0000e+00
 273.825405      6.900  38.851521    14.4478     6.1639      6.842    31.7652    23.5963 -9.990e-29
 273.825411      6.776  38.855044    14.4510     6.1780      6.719    31.7658    23.5961 -9.990e-29
 273.825417      6.661  38.858481    14.4548     6.1843      6.605    31.7659    23.5953 -9.990e-29
 273.825422      6.547  38.859686    14.4587     6.1840      6.492    31.7638    23.5929 -9.990e-29
 273.825428      6.422  38.858587    14.4654     6.1976      6.368    31.7574    23.5866 0.0000e+00
 273.825434      6.283  38.858203    14.4766     6.1991      6.230    31.7479    23.5769 0.0000e+00
 273.825440      6.135  38.860264    14.4895     6.2122      6.084    31.7393    23.5676 0.0000e+00
 273.825446      5.988  38.865280    14.5022     6.2090      5.938    31.7335    23.5605 0.0000e+00
 273.825451      5.855  38.872651    14.5138     6.2050      5.806    31.7308    23.5559 -9.990e-29
 273.825457      5.740  38.878755    14.5224     6.1955      5.692    31.7293    23.5530 -9.990e-29
 273.825463      5.636  38.881080    14.5272     6.1987      5.589    31.7275    23.5506 -9.990e-29
 273.825469      5.528  38.880487    14.5305     6.1985      5.482    31.7243    23.5475 -9.990e-29
 273.825475      5.409  38.879551    14.5357     6.2024      5.364    31.7193    23.5425 -9.990e-29
 273.825480      5.285  38.880947    14.5436     6.2140      5.241    31.7141    23.5368 -9.990e-29
 273.825486      5.163  38.885979    14.5525     6.2121      5.120    31.7115    23.5329 -9.990e-29
 273.825492      5.050  38.893506    14.5607     6.2051      5.008    31.7117    23.5313 -9.990e-29
 273.825498      4.943  38.898992    14.5664     6.1889      4.902    31.7120    23.5304 -9.990e-29
 273.825503      4.834  38.899661    14.5694     6.1983      4.794    31.7102    23.5284 -9.990e-29
 273.825509      4.717  38.898647    14.5716     6.1963      4.678    31.7075    23.5259 -9.990e-29
 273.825515      4.589  38.899087    14.5747     6.2154      4.551    31.7055    23.5236 0.0000e+00
 273.825521      4.451  38.901005    14.5788     6.2142      4.414    31.7039    23.5216 0.0000e+00
 273.825527      4.305  38.904717    14.5827     6.2180      4.269    31.7042    23.5209 0.0000e+00
 273.825532      4.161  38.908446    14.5852     6.2077      4.126    31.7055    23.5215 0.0000e+00
 273.825538      4.021  38.909317    14.5871     6.2119      3.987    31.7048    23.5205 0.0000e+00
 273.825544      3.886  38.908495    14.5897     6.2133      3.854    31.7020    23.5178 0.0000e+00
 273.825550      3.754  38.908248    14.5931     6.2092      3.723    31.6991    23.5148 0.0000e+00
 273.825556      3.628  38.909368    14.5975     6.2067      3.598    31.6965    23.5119 -9.990e-29
 273.825561      3.506  38.911667    14.6025     6.1988      3.477    31.6946    23.5094 -9.990e-29
 273.825567      3.391  38.913168    14.6063     6.1929      3.363    31.6929    23.5073 -9.990e-29
 273.825573      3.278  38.911946    14.6097     6.1721      3.251    31.6891    23.5036 -9.990e-29
 273.825579      3.161  38.909177    14.6144     6.1797      3.135    31.6828    23.4977 -9.990e-29
 273.825584      3.036  38.906779    14.6199     6.1735      3.011    31.6761    23.4915 0.0000e+00
 273.825590      2.904  38.903236    14.6261     6.2274      2.880    31.6679    23.4839 0.0000e+00
 273.825596      2.766  38.893825    14.6357     6.2433      2.743    31.6516    23.4693 0.0000e+00
 273.825602      2.625  38.873851    14.6508     6.2430      2.603    31.6213    23.4427 0.0000e+00
 273.825608      2.486  38.835184    14.6689     6.1993      2.465    31.5716    23.4006 0.0000e+00
 273.825613      2.347  38.784020    14.6832     6.1125      2.327    31.5138    23.3530 0.0000e+00
 273.825619      2.213  38.737364    14.6916     6.0156      2.195    31.4648    23.3136 0.0000e+00
 273.825625      2.088  38.695806    14.6979     5.9317      2.071    31.4222    23.2794 -9.990e-29
 273.825631      1.974  38.653838    14.7085     5.8746      1.958    31.3757    23.2414 -9.990e-29
 273.825637      1.866  38.579612    14.7285     6.0040      1.850    31.2926    23.1731 -9.990e-29
 273.825642      1.758  38.421254    14.7558     6.8307      1.743    31.1279    23.0405 -9.990e-29
 273.825648      1.651  38.094326    14.7874     6.7326      1.637    30.8084    22.7878 -9.990e-29
 273.825654      1.553  37.628201    14.8159     6.5225      1.540    30.3672    22.4422 -9.990e-29
 273.825660      1.464  37.276386    14.8255     6.2632      1.452    30.0444    22.1917 -9.990e-29
 273.825666      1.389  37.201496    14.8166     6.0435      1.377    29.9842    22.1472 -9.990e-29
 273.825671      1.326  37.388314    14.8056     6.0273      1.315    30.1601    22.2849 -9.990e-29
 273.825677      1.275  37.663324    14.8017 -9.990e-29      1.264    30.4099    22.4780 -9.990e-29
 273.825683      1.239  37.648282    14.8048 -9.990e-29      1.229    30.3940    22.4651 -9.990e-29
 273.825689      1.213  36.801822    14.8102 -9.990e-29      1.203    29.6314    21.8770 -9.990e-29
 273.825694      1.198  33.791272    14.8111 -9.990e-29      1.188    26.9551    19.8185 -9.990e-29
 273.825700      1.188  26.134433    14.8038 -9.990e-29      1.178    20.3108    14.7185 -9.990e-29
 273.825706      1.177  15.746636    14.7941 -9.990e-29      1.167    11.6876     8.1115 -9.990e-29
 273.825712      1.169   8.811098    14.7911 -9.990e-29      1.159     6.2426     3.9384 -9.990e-29
 273.825718      1.168   6.377733    14.7929 -9.990e-29      1.158     4.4134     2.5340 -9.990e-29
 273.825723      1.170   6.004412    14.7938 -9.990e-29      1.160     4.1376     2.3220 -9.990e-29
 273.825729      1.171   6.270850 -9.990e-29 -9.990e-29      1.161 -9.990e-29 -9.990e-29 -9.990e-29
