data/oxygen options/ONMS/Olympic_Coast_National_Marine_Sanctuary_CTD_Data_2005_2023/raw_data/2015/CAST_CA042_150722faed.cnv
* Sea-Bird SBE 19 Data File:
* FileName = C:\2015 Mooring Data\Casts\CAST_CA042_150722.hex
* Software Version SeatermAF 2.1.2
* Temperature SN = 2997
* Conductivity SN = 2997
* System UpLoad Time = Jul 22 2015 22:22:53 (localtime) = Jul 22 2015 22:22:53 (UTC)
** CAST_CA042_150722
* ds
# nquan = 9                                 
# nvalues = 1720                        
# units = specified
# name 0 = timeJ: Julian Days
# name 1 = prSM: Pressure, Strain Gauge [db]
# name 2 = c0mS/cm: Conductivity [mS/cm]
# name 3 = t090C: Temperature [ITS-90, deg C]
# name 4 = sbeox0ML/L: Oxygen, SBE 43 [ml/l]
# name 5 = depSM: Depth [salt water, m], lat = 47.5
# name 6 = sal00: Salinity, Practical [PSU]
# name 7 = sigma-é00: Density [sigma-theta, kg/m^3]
# name 8 = flag: flag
# span 0 = 203.904005, 203.913953       
# span 1 =     -5.216,     43.895       
# span 2 =   0.468638,  40.478473       
# span 3 =     7.8051,    17.5412       
# span 4 =    -8.5776,    12.0144       
# span 5 =     -5.173,     43.524       
# span 6 =     0.2719,    33.5812       
# span 7 =    -1.0252,    26.1491       
# span 8 = 0.0000e+00, 0.0000e+00       
# interval = seconds: 0.5
# start_time = Jul 22 2015 21:41:46 [Instrument's time stamp, header]
# bad_flag = -9.990e-29
*END*
 203.904005     -5.216 -9.990e-29    16.6552    -1.7024     -5.173 -9.990e-29 -9.990e-29 -9.990e-29
 203.904010     -5.201   0.509542    16.6560    -1.7024     -5.158     0.2962    -0.9361 -9.990e-29
 203.904016     -5.182   0.510916    16.6575    -1.7022     -5.139     0.2971    -0.9358 -9.990e-29
 203.904022     -5.158   0.511893    16.6592    -1.7020     -5.115     0.2976    -0.9356 -9.990e-29
 203.904028     -5.131   0.512108    16.6608    -1.7018     -5.088     0.2977    -0.9358 -9.990e-29
 203.904034     -5.103   0.512219    16.6617    -1.7021     -5.060     0.2978    -0.9359 -9.990e-29
 203.904039     -5.074   0.512373    16.6622    -1.7027     -5.032     0.2979    -0.9359 -9.990e-29
 203.904045     -5.045   0.512036    16.6640    -1.7030     -5.003     0.2977    -0.9364 -9.990e-29
 203.904051     -5.020   0.510761    16.6664    -1.7033     -4.978     0.2969    -0.9374 -9.990e-29
 203.904057     -4.995   0.508883    16.6678    -1.7034     -4.953     0.2958    -0.9385 -9.990e-29
 203.904063     -4.970   0.507233    16.6692    -1.7034     -4.929     0.2948    -0.9395 -9.990e-29
 203.904068     -4.944   0.506386    16.6722    -1.7034     -4.903     0.2942    -0.9404 -9.990e-29
 203.904074     -4.914   0.506878    16.6759    -1.7034     -4.873     0.2945    -0.9409 -9.990e-29
 203.904080     -4.878   0.508811    16.6765    -1.7030     -4.837     0.2957    -0.9401 -9.990e-29
 203.904086     -4.839   0.510879    16.6708    -1.7027     -4.799     0.2969    -0.9381 -9.990e-29
 203.904091     -4.803   0.511397    16.6609    -1.7025     -4.763     0.2973    -0.9361 -9.990e-29
 203.904097     -4.771   0.510499    16.6513    -1.7026     -4.731     0.2968    -0.9349 -9.990e-29
 203.904103     -4.742   0.509766    16.6444    -1.7025     -4.702     0.2965    -0.9340 -9.990e-29
 203.904109     -4.714   0.509887    16.6407    -1.7023     -4.675     0.2966    -0.9333 -9.990e-29
 203.904115     -4.684   0.509912    16.6395    -1.7019     -4.645     0.2966    -0.9331 -9.990e-29
 203.904120     -4.652   0.509322    16.6400    -1.7017     -4.613     0.2962    -0.9334 -9.990e-29
 203.904126     -4.615   0.509552    16.6432    -1.7017     -4.577     0.2963    -0.9339 -9.990e-29
 203.904132     -4.574   0.511464    16.6497    -1.7013     -4.536     0.2974    -0.9341 -9.990e-29
 203.904138     -4.537   0.513167    16.6569    -1.7013     -4.499     0.2984    -0.9346 -9.990e-29
 203.904144     -4.504   0.513046    16.6620    -1.7015     -4.466     0.2983    -0.9356 -9.990e-29
 203.904149     -4.474   0.512050    16.6653    -1.7014     -4.437     0.2977    -0.9366 -9.990e-29
 203.904155     -4.445   0.511073    16.6693    -1.7012     -4.408     0.2971    -0.9378 -9.990e-29
 203.904161     -4.415   0.509923    16.6757    -1.7014     -4.378     0.2963    -0.9394 -9.990e-29
 203.904167     -4.381   0.508734    16.6833    -1.7014     -4.344     0.2956    -0.9413 -9.990e-29
 203.904172     -4.348   0.508142    16.6895    -1.7014     -4.312     0.2952    -0.9427 -9.990e-29
 203.904178     -4.315   0.508468    16.6948    -1.7016     -4.279     0.2953    -0.9435 -9.990e-29
 203.904184     -4.282   0.509036    16.6998    -1.7020     -4.246     0.2956    -0.9441 -9.990e-29
 203.904190     -4.250   0.508941    16.7022    -1.7020     -4.215     0.2956    -0.9445 -9.990e-29
 203.904196     -4.222   0.508055    16.7026    -1.7022     -4.187     0.2950    -0.9450 -9.990e-29
 203.904201     -4.196   0.506864    16.7035    -1.7025     -4.161     0.2943    -0.9457 -9.990e-29
 203.904207     -4.171   0.505447    16.7042    -1.7026     -4.136     0.2935    -0.9465 -9.990e-29
 203.904213     -4.144   0.503581    16.7034    -1.7023     -4.109     0.2923    -0.9472 -9.990e-29
 203.904219     -4.114   0.502109    16.7022    -1.7022     -4.080     0.2915    -0.9477 -9.990e-29
 203.904225     -4.079   0.501844    16.7003    -1.7023     -4.045     0.2913    -0.9475 -9.990e-29
 203.904230     -4.042   0.501879    16.6960    -1.7020     -4.008     0.2914    -0.9467 -9.990e-29
 203.904236     -4.007   0.501151    16.6905    -1.7020     -3.974     0.2910    -0.9461 -9.990e-29
 203.904242     -3.978   0.500356    16.6856    -1.7020     -3.945     0.2905    -0.9456 -9.990e-29
 203.904248     -3.953   0.500655    16.6806    -1.7021     -3.920     0.2908    -0.9445 -9.990e-29
 203.904253     -3.930   0.501339    16.6758    -1.7020     -3.897     0.2912    -0.9434 -9.990e-29
 203.904259     -3.907   0.501098    16.6744    -1.7019     -3.874     0.2911    -0.9432 -9.990e-29
 203.904265     -3.883   0.500168    16.6766    -1.7014     -3.851     0.2905    -0.9441 -9.990e-29
 203.904271     -3.857   0.499530    16.6796    -1.7007     -3.825     0.2901    -0.9449 -9.990e-29
 203.904277     -3.826   0.499445    16.6823    -1.7007     -3.794     0.2900    -0.9454 -9.990e-29
 203.904282     -3.794   0.499244    16.6849    -1.7010     -3.762     0.2899    -0.9459 -9.990e-29
 203.904288     -3.767   0.498661    16.6867    -1.7009     -3.736     0.2895    -0.9465 -9.990e-29
 203.904294     -3.742   0.498029    16.6878    -1.7006     -3.711     0.2891    -0.9470 -9.990e-29
 203.904300     -3.714   0.497060    16.6892    -1.7003     -3.683     0.2886    -0.9477 -9.990e-29
 203.904306     -3.687   0.495574    16.6921    -1.7005     -3.656     0.2876    -0.9489 -9.990e-29
 203.904311     -3.661   0.494367    16.6985    -1.7008     -3.630     0.2869    -0.9506 -9.990e-29
 203.904317     -3.636   0.494051    16.7089    -1.7007     -3.606     0.2866    -0.9526 -9.990e-29
 203.904323     -3.609   0.494206    16.7191    -1.7005     -3.579     0.2866    -0.9543 -9.990e-29
 203.904329     -3.580   0.493929    16.7242    -1.7002     -3.550     0.2864    -0.9553 -9.990e-29
 203.904334     -3.547   0.492849    16.7254    -1.7001     -3.517     0.2858    -0.9560 -9.990e-29
 203.904340     -3.510   0.491749    16.7275    -1.6999     -3.481     0.2851    -0.9569 -9.990e-29
 203.904346     -3.478   0.491940    16.7319    -1.6996     -3.449     0.2852    -0.9576 -9.990e-29
 203.904352     -3.451   0.493675    16.7352    -1.6999     -3.422     0.2862    -0.9574 -9.990e-29
 203.904358     -3.429   0.495383    16.7346    -1.7001     -3.400     0.2872    -0.9565 -9.990e-29
 203.904363     -3.410   0.495456    16.7327    -1.6997     -3.382     0.2873    -0.9561 -9.990e-29
 203.904369     -3.392   0.494546    16.7338    -1.6993     -3.364     0.2868    -0.9567 -9.990e-29
 203.904375     -3.375   0.494218    16.7382    -1.6989     -3.347     0.2865    -0.9576 -9.990e-29
 203.904381     -3.357   0.494590    16.7436    -1.6989     -3.329     0.2867    -0.9584 -9.990e-29
 203.904387     -3.338   0.495050    16.7488    -1.6994     -3.310     0.2869    -0.9591 -9.990e-29
 203.904392     -3.315   0.495654    16.7542    -1.6999     -3.287     0.2873    -0.9598 -9.990e-29
 203.904398     -3.288   0.496101    16.7578    -1.7002     -3.261     0.2875    -0.9602 -9.990e-29
 203.904404     -3.260   0.495321    16.7578    -1.7006     -3.233     0.2870    -0.9606 -9.990e-29
 203.904410     -3.236   0.493383    16.7586    -1.7007     -3.209     0.2859    -0.9616 -9.990e-29
 203.904416     -3.216   0.491592    16.7639    -1.7007     -3.189     0.2848    -0.9634 -9.990e-29
 203.904421     -3.193   0.491447    16.7712    -1.7003     -3.166     0.2847    -0.9648 -9.990e-29
 203.904427     -3.171   0.494976    16.7762    -1.7001     -3.145     0.2867    -0.9640 -9.990e-29
 203.904433     -3.153   0.501889    16.7751    -1.7002     -3.127     0.2908    -0.9607 -9.990e-29
 203.904439     -3.137   0.507522    16.7670    -1.7005     -3.111     0.2943    -0.9566 -9.990e-29
 203.904444     -3.123   0.508839    16.7560    -1.7007     -3.097     0.2951    -0.9541 -9.990e-29
 203.904450     -3.109   0.507599    16.7461    -1.7008     -3.083     0.2944    -0.9529 -9.990e-29
 203.904456     -3.095   0.506591    16.7386    -1.7005     -3.069     0.2939    -0.9520 -9.990e-29
 203.904462     -3.079   0.506692    16.7348    -1.7001     -3.053     0.2940    -0.9513 -9.990e-29
 203.904468     -3.061   0.506927    16.7357    -1.7001     -3.035     0.2941    -0.9514 -9.990e-29
 203.904473     -3.040   0.506498    16.7400    -1.7000     -3.015     0.2938    -0.9523 -9.990e-29
 203.904479     -3.014   0.505944    16.7430    -1.6999     -2.989     0.2935    -0.9531 -9.990e-29
 203.904485     -2.986   0.506195    16.7414    -1.6998     -2.961     0.2936    -0.9527 -9.990e-29
 203.904491     -2.963   0.507030    16.7370    -1.6998     -2.938     0.2942    -0.9515 -9.990e-29
 203.904497     -2.943   0.507341    16.7337    -1.6999     -2.918     0.2944    -0.9508 -9.990e-29
 203.904502     -2.921   0.506991    16.7344    -1.7000     -2.897     0.2942    -0.9511 -9.990e-29
 203.904508     -2.899   0.506623    16.7394    -1.7002     -2.875     0.2939    -0.9522 -9.990e-29
 203.904514     -2.880   0.506300    16.7456    -1.7008     -2.856     0.2937    -0.9534 -9.990e-29
 203.904520     -2.864   0.505595    16.7499    -1.7013     -2.840     0.2932    -0.9545 -9.990e-29
 203.904525     -2.849   0.504123    16.7531    -1.7015     -2.825     0.2923    -0.9557 -9.990e-29
 203.904531     -2.834   0.502143    16.7561    -1.7016     -2.810     0.2911    -0.9572 -9.990e-29
 203.904537     -2.818   0.500346    16.7583    -1.7016     -2.795     0.2900    -0.9584 -9.990e-29
 203.904543     -2.801   0.499113    16.7588    -1.7020     -2.778     0.2893    -0.9590 -9.990e-29
 203.904549     -2.781   0.498468    16.7569    -1.7022     -2.758     0.2889    -0.9590 -9.990e-29
 203.904554     -2.761   0.498106    16.7522    -1.7023     -2.738     0.2887    -0.9583 -9.990e-29
 203.904560     -2.748   0.497544    16.7438    -1.7021     -2.725     0.2885    -0.9571 -9.990e-29
 203.904566     -2.742   0.496590    16.7322    -1.7023     -2.719     0.2880    -0.9555 -9.990e-29
 203.904572     -2.734   0.495082    16.7208    -1.7023     -2.711     0.2872    -0.9542 -9.990e-29
 203.904578     -2.719   0.493230    16.7131    -1.7024     -2.696     0.2861    -0.9537 -9.990e-29
 203.904583     -2.700   0.492451    16.7084    -1.7025     -2.677     0.2857    -0.9532 -9.990e-29
 203.904589     -2.680   0.493374    16.7042    -1.7029     -2.658     0.2862    -0.9520 -9.990e-29
 203.904595     -2.659   0.494454    16.6987    -1.7031     -2.637     0.2869    -0.9506 -9.990e-29
 203.904601     -2.638   0.494358    16.6937    -1.7033     -2.616     0.2869    -0.9497 -9.990e-29
 203.904606     -2.622   0.493512    16.6914    -1.7031     -2.600     0.2864    -0.9497 -9.990e-29
 203.904612     -2.608   0.492456    16.6908    -1.7028     -2.586     0.2858    -0.9501 -9.990e-29
 203.904618     -2.597   0.490892    16.6896    -1.7027     -2.575     0.2849    -0.9506 -9.990e-29
 203.904624     -2.586   0.488955    16.6876    -1.7026     -2.564     0.2837    -0.9511 -9.990e-29
 203.904630     -2.576   0.487396    16.6847    -1.7023     -2.555     0.2828    -0.9513 -9.990e-29
 203.904635     -2.567   0.486356    16.6796    -1.7023     -2.546     0.2822    -0.9509 -9.990e-29
 203.904641     -2.556   0.485559    16.6730    -1.7025     -2.535     0.2818    -0.9501 -9.990e-29
 203.904647     -2.545   0.485054    16.6676    -1.7027     -2.524     0.2815    -0.9494 -9.990e-29
 203.904653     -2.531   0.484724    16.6657    -1.7026     -2.510     0.2813    -0.9492 -9.990e-29
 203.904659     -2.515   0.484130    16.6683    -1.7025     -2.494     0.2810    -0.9499 -9.990e-29
 203.904664     -2.495   0.483035    16.6737    -1.7024     -2.474     0.2803    -0.9514 -9.990e-29
 203.904670     -2.473   0.481647    16.6786    -1.7022     -2.452     0.2794    -0.9529 -9.990e-29
 203.904676     -2.454   0.480336    16.6829    -1.7022     -2.434     0.2786    -0.9543 -9.990e-29
 203.904682     -2.431   0.479573    16.6870    -1.7020     -2.411     0.2781    -0.9553 -9.990e-29
 203.904687     -2.404   0.479454    16.6882    -1.7018     -2.384     0.2781    -0.9556 -9.990e-29
 203.904693     -2.378   0.479265    16.6860    -1.7014     -2.358     0.2780    -0.9553 -9.990e-29
 203.904699     -2.357   0.478753    16.6839    -1.7012     -2.337     0.2777    -0.9552 -9.990e-29
 203.904705     -2.339   0.478349    16.6844    -1.7012     -2.319     0.2774    -0.9554 -9.990e-29
 203.904711     -2.323   0.478068    16.6869    -1.7011     -2.304     0.2772    -0.9560 -9.990e-29
 203.904716     -2.308   0.477535    16.6904    -1.7010     -2.289     0.2769    -0.9569 -9.990e-29
 203.904722     -2.293   0.476596    16.6945    -1.7009     -2.274     0.2763    -0.9580 -9.990e-29
 203.904728     -2.277   0.475480    16.6988    -1.7003     -2.258     0.2756    -0.9593 -9.990e-29
 203.904734     -2.263   0.474364    16.7039    -1.7004     -2.244     0.2749    -0.9607 -9.990e-29
 203.904740     -2.256   0.473242    16.7108    -1.7009     -2.237     0.2742    -0.9624 -9.990e-29
 203.904745     -2.249   0.472280    16.7187    -1.7013     -2.230     0.2736    -0.9643 -9.990e-29
 203.904751     -2.238   0.471675    16.7247    -1.7016     -2.219     0.2732    -0.9656 -9.990e-29
 203.904757     -2.228   0.471176    16.7281    -1.7014     -2.209     0.2729    -0.9664 -9.990e-29
 203.904763     -2.221   0.470670    16.7306    -1.7013     -2.202     0.2726    -0.9671 -9.990e-29
 203.904769     -2.213   0.470591    16.7341    -1.7015     -2.195     0.2725    -0.9677 -9.990e-29
 203.904774     -2.199   0.471390    16.7396    -1.7013     -2.181     0.2729    -0.9683 -9.990e-29
 203.904780     -2.182   0.473020    16.7448    -1.7018     -2.164     0.2739    -0.9685 -9.990e-29
 203.904786     -2.166   0.474324    16.7440    -1.7021     -2.148     0.2746    -0.9678 -9.990e-29
 203.904792     -2.150   0.474263    16.7366    -1.7021     -2.132     0.2747    -0.9665 -9.990e-29
 203.904797     -2.132   0.473310    16.7281    -1.7026     -2.114     0.2741    -0.9654 -9.990e-29
 203.904803     -2.112   0.472412    16.7233    -1.7030     -2.094     0.2736    -0.9650 -9.990e-29
 203.904809     -2.092   0.472037    16.7224    -1.7033     -2.075     0.2734    -0.9650 -9.990e-29
 203.904815     -2.075   0.472240    16.7219    -1.7037     -2.058     0.2735    -0.9648 -9.990e-29
 203.904821     -2.061   0.472736    16.7201    -1.7039     -2.044     0.2739    -0.9643 -9.990e-29
 203.904826     -2.048   0.473075    16.7169    -1.7038     -2.031     0.2741    -0.9636 -9.990e-29
 203.904832     -2.036   0.473150    16.7108    -1.7038     -2.019     0.2742    -0.9625 -9.990e-29
 203.904838     -2.024   0.473060    16.7037    -1.7039     -2.007     0.2742    -0.9612 -9.990e-29
 203.904844     -2.010   0.472686    16.6965    -1.7038     -1.993     0.2740    -0.9602 -9.990e-29
 203.904850     -1.995   0.472083    16.6871    -1.7041     -1.978     0.2737    -0.9588 -9.990e-29
 203.904855     -1.982   0.471555    16.6765    -1.7044     -1.965     0.2734    -0.9572 -9.990e-29
 203.904861     -1.973   0.470953    16.6667    -1.7043     -1.957     0.2731    -0.9557 -9.990e-29
 203.904867     -1.965   0.470028    16.6583    -1.7043     -1.949     0.2726    -0.9547 -9.990e-29
 203.904873     -1.952   0.469210    16.6529    -1.7040     -1.936     0.2722    -0.9541 -9.990e-29
 203.904878     -1.933   0.469074    16.6509    -1.7039     -1.917     0.2721    -0.9538 -9.990e-29
 203.904884     -1.908   0.469436    16.6501    -1.7040     -1.892     0.2723    -0.9535 -9.990e-29
 203.904890     -1.879   0.469669    16.6491    -1.7043     -1.863     0.2725    -0.9532 -9.990e-29
 203.904896     -1.852   0.469527    16.6473    -1.7043     -1.837     0.2724    -0.9530 -9.990e-29
 203.904902     -1.831   0.469374    16.6436    -1.7048     -1.816     0.2723    -0.9524 -9.990e-29
 203.904907     -1.814   0.469558    16.6400    -1.7055     -1.799     0.2725    -0.9517 -9.990e-29
 203.904913     -1.800   0.469769    16.6391    -1.7059     -1.785     0.2726    -0.9514 -9.990e-29
 203.904919     -1.787   0.469734    16.6407    -1.7058     -1.772     0.2726    -0.9517 -9.990e-29
 203.904925     -1.776   0.469405    16.6436    -1.7055     -1.761     0.2724    -0.9524 -9.990e-29
