data/oxygen options/ONMS/Olympic_Coast_National_Marine_Sanctuary_CTD_Data_2005_2023/raw_data/2015/CAST_CE015_150930faed.cnv
* Sea-Bird SBE19 Data File:
* FileName = C:\2015 Mooring Data\Casts\CAST_CE015_150930.hex
* Software Version 1.59
* Temperature SN = 2997
* Conductivity SN = 2997
* System UpLoad Time = Sep 30 2015 19:53:08
** CAST_CE015_150930
* ds
# nquan = 9                                 
# nvalues = 1061                        
# units = specified
# name 0 = timeJ: Julian Days
# name 1 = prSM: Pressure, Strain Gauge [db]
# name 2 = c0mS/cm: Conductivity [mS/cm]
# name 3 = t090C: Temperature [ITS-90, deg C]
# name 4 = sbeox0ML/L: Oxygen, SBE 43 [ml/l]
# name 5 = depSM: Depth [salt water, m], lat = 47.5
# name 6 = sal00: Salinity, Practical [PSU]
# name 7 = sigma-é00: Density [sigma-theta, kg/m^3]
# name 8 = flag: flag
# span 0 = 273.819595, 273.825729       
# span 1 =     -4.701,     17.848       
# span 2 =   0.414788,  38.913168       
# span 3 =    12.1174,    18.4767       
# span 4 =    -1.6854,    10.9501       
# span 5 =     -4.662,     17.698       
# span 6 =     0.2306,    32.3708       
# span 7 =    -1.3154,    24.5218       
# span 8 = 0.0000e+00, 0.0000e+00       
# interval = seconds: 0.5
# start_time = Sep 30 2015 19:40:13 [Instrument's time stamp, header]
# bad_flag = -9.990e-29
*END*
[from data line 801]
 273.824230      1.821  36.942627    14.9019     6.1661      1.806    29.6873    21.9009 -9.990e-29
 273.824236      1.827  36.895607    14.9088     6.1647      1.812    29.6401    21.8632 -9.990e-29
 273.824242      1.826  36.768140    14.9100     6.1543      1.811    29.5255    21.7747 -9.990e-29
 273.824248      1.828  36.709047    14.9007     6.1850      1.813    29.4798    21.7415 -9.990e-29
 273.824253      1.835  36.771162    14.8867     6.1751      1.820    29.5458    21.7952 -9.990e-29
 273.824259      1.849  36.905579    14.8772     6.1639      1.834    29.6730    21.8951 -9.990e-29
 273.824265      1.866  36.946316    14.8770     6.1599      1.850    29.7095    21.9232 -9.990e-29
 273.824271      1.879  36.902824    14.8855     6.1706      1.863    29.6642    21.8866 -9.990e-29
 273.824277      1.885  36.814003    14.8988     6.1699      1.869    29.5748    21.8150 -9.990e-29
 273.824282      1.883  36.687439    14.9105     6.1404      1.867    29.4531    21.7189 -9.990e-29
 273.824288      1.878  36.621038    14.9140     6.1237      1.862    29.3913    21.6706 -9.990e-29
 273.824294      1.877  36.655652    14.9089     6.1206      1.861    29.4260    21.6984 -9.990e-29
 273.824300      1.887  36.786401    14.9021     6.1263      1.871    29.5477    21.7935 -9.990e-29
 273.824306      1.906  36.874917    14.8986     6.1273      1.890    29.6293    21.8570 -9.990e-29
 273.824311      1.936  36.846423    14.8934     6.1250      1.920    29.6078    21.8416 -9.990e-29
 273.824317      1.979  36.904937    14.8806     6.1320      1.962    29.6698    21.8919 -9.990e-29
 273.824323      2.038  37.097052    14.8657     6.1519      2.021    29.8528    22.0358 -9.990e-29
 273.824329      2.112  37.263667    14.8563     6.1668      2.094    30.0090    22.1581 -9.990e-29
 273.824334      2.198  37.366325    14.8459     6.1954      2.180    30.1089    22.2371 -9.990e-29
 273.824340      2.291  37.538489    14.8214     6.2108      2.272    30.2822    22.3756 -9.990e-29
 273.824346      2.395  37.906539    14.7845     6.2177      2.375    30.6415    22.6599 -9.990e-29
 273.824352      2.515  38.339629    14.7501     6.2285      2.494    31.0586    22.9884 -9.990e-29
 273.824358      2.651  38.633865    14.7239     6.2252      2.629    31.3450    23.2145 0.0000e+00
 273.824363      2.794  38.772885    14.7005     6.2193      2.771    31.4895    23.3307 0.0000e+00
 273.824369      2.940  38.835485    14.6771     6.2118      2.915    31.5651    23.3939 0.0000e+00
 273.824375      3.090  38.875925    14.6565     6.2164      3.064    31.6184    23.4393 0.0000e+00
 273.824381      3.241  38.901543    14.6425     6.2127      3.214    31.6529    23.4688 0.0000e+00
 273.824387      3.390  38.911124    14.6360     6.2188      3.362    31.6668    23.4809 0.0000e+00
 273.824392      3.542  38.912342    14.6329     6.2145      3.512    31.6704    23.4844 0.0000e+00
 273.824398      3.702  38.911252    14.6274     6.2114      3.671    31.6738    23.4882 0.0000e+00
 273.824404      3.867  38.909152    14.6176     6.2124      3.835    31.6799    23.4949 0.0000e+00
 273.824410      4.031  38.904875    14.6065     6.1952      3.997    31.6850    23.5011 0.0000e+00
 273.824416      4.191  38.900514    14.5982     6.1845      4.156    31.6877    23.5050 0.0000e+00
 273.824421      4.350  38.898608    14.5935     6.1724      4.314    31.6898    23.5076 0.0000e+00
 273.824427      4.508  38.897684    14.5870     6.1902      4.470    31.6942    23.5123 0.0000e+00
 273.824433      4.667  38.894216    14.5758     6.1967      4.628    31.7001    23.5193 0.0000e+00
 273.824439      4.829  38.888572    14.5618     6.2071      4.789    31.7064    23.5270 0.0000e+00
 273.824444      4.996  38.882705    14.5478     6.2044      4.954    31.7124    23.5346 0.0000e+00
 273.824450      5.165  38.877710    14.5379     6.2001      5.122    31.7159    23.5394 0.0000e+00
 273.824456      5.329  38.875842    14.5331     6.1920      5.284    31.7181    23.5421 0.0000e+00
 273.824462      5.487  38.876237    14.5295     6.1723      5.441    31.7213    23.5453 0.0000e+00
 273.824468      5.644  38.875443    14.5243     6.1603      5.597    31.7248    23.5491 0.0000e+00
 273.824473      5.806  38.872911    14.5179     6.1435      5.757    31.7277    23.5527 0.0000e+00
 273.824479      5.970  38.870820    14.5116     6.1474      5.920    31.7308    23.5564 0.0000e+00
 273.824485      6.134  38.870636    14.5066     6.1405      6.083    31.7347    23.5605 0.0000e+00
 273.824491      6.300  38.871514    14.5027     6.1569      6.247    31.7386    23.5643 0.0000e+00
 273.824497      6.470  38.871574    14.4969     6.1605      6.416    31.7434    23.5692 0.0000e+00
 273.824502      6.646  38.869687    14.4878     6.1516      6.590    31.7490    23.5755 0.0000e+00
 273.824508      6.826  38.866436    14.4796     6.1482      6.769    31.7527    23.5800 0.0000e+00
 273.824514      7.001  38.863586    14.4759     6.1392      6.942    31.7531    23.5811 0.0000e+00
 273.824520      7.160  38.863433    14.4761     6.1483      7.100    31.7527    23.5808 0.0000e+00
 273.824525      7.305  38.865703    14.4778     6.1340      7.244    31.7534    23.5809 0.0000e+00
 273.824531      7.449  38.866627    14.4773     6.1357      7.387    31.7545    23.5819 0.0000e+00
 273.824537      7.610  38.864569    14.4721     6.1361      7.546    31.7569    23.5848 0.0000e+00
 273.824543      7.798  38.861204    14.4646     6.1378      7.733    31.7599    23.5887 0.0000e+00
 273.824549      8.008  38.858707    14.4590     6.1234      7.941    31.7621    23.5916 0.0000e+00
 273.824554      8.224  38.858165    14.4562     6.0664      8.155    31.7638    23.5935 0.0000e+00
 273.824560      8.433  38.858783    14.4541     5.9900      8.362    31.7660    23.5957 0.0000e+00
 273.824566      8.640  38.859073    14.4507     5.9076      8.568    31.7690    23.5987 0.0000e+00
 273.824572      8.854  38.858236    14.4449     5.8504      8.780    31.7729    23.6029 0.0000e+00
 273.824578      9.076  38.855087    14.4346     5.8010      9.000    31.7784    23.6093 0.0000e+00
 273.824583      9.303  38.845920    14.4161     5.7525      9.225    31.7852    23.6184 0.0000e+00
 273.824589      9.533  38.826292    14.3867     5.6757      9.453    31.7913    23.6292 0.0000e+00
 273.824595      9.761  38.793511    14.3464     5.5893      9.679    31.7944    23.6400 0.0000e+00
 273.824601      9.987  38.751448    14.3045     5.4981      9.903    31.7904    23.6456 0.0000e+00
 273.824606     10.208  38.716822    14.2741     5.4136     10.123    31.7837    23.6467 0.0000e+00
 273.824612     10.423  38.697207    14.2489     5.3476     10.336    31.7864    23.6540 0.0000e+00
 273.824618     10.644  38.671417    14.2083     5.3023     10.555    31.7961    23.6699 0.0000e+00
 273.824624     10.879  38.623495    14.1498     5.2864     10.788    31.8003    23.6852 0.0000e+00
 273.824630     11.127  38.566276    14.0898     5.2666     11.034    31.7972    23.6952 0.0000e+00
 273.824635     11.373  38.515326    14.0385     5.2484     11.278    31.7927    23.7022 0.0000e+00
 273.824641     11.608  38.469342    13.9950     5.2139     11.511    31.7862    23.7061 0.0000e+00
 273.824647     11.832  38.428032    13.9603     5.1839     11.733    31.7768    23.7059 0.0000e+00
 273.824653     12.049  38.402387    13.9377     5.1547     11.948    31.7717    23.7067 0.0000e+00
 273.824659     12.259  38.392332    13.9196     5.1049     12.156    31.7774    23.7147 0.0000e+00
 273.824664     12.470  38.379904    13.8930     5.0053     12.366    31.7878    23.7282 0.0000e+00
 273.824670     12.688  38.354067    13.8588     4.8637     12.582    31.7922    23.7385 0.0000e+00
 273.824676     12.905  38.320665    13.8290     4.7265     12.797    31.7860    23.7398 0.0000e+00
 273.824682     13.114  38.294508    13.8080     4.6137     13.004    31.7791    23.7388 0.0000e+00
 273.824687     13.315  38.284367    13.7788     4.5912     13.203    31.7939    23.7561 0.0000e+00
 273.824693     13.516  38.267682    13.7154     4.5932     13.403    31.8310    23.7975 0.0000e+00
 273.824699     13.726  38.219334    13.6195     4.5719     13.611    31.8658    23.8438 0.0000e+00
 273.824705     13.946  38.152706    13.5226     4.4680     13.829    31.8846    23.8777 0.0000e+00
 273.824711     14.168  38.090432    13.4419     4.2692     14.049    31.8940    23.9011 0.0000e+00
 273.824716     14.381  38.040198    13.3800     4.0650     14.260    31.8988    23.9171 0.0000e+00
 273.824722     14.581  38.018456    13.3475     3.8812     14.459    31.9056    23.9288 0.0000e+00
 273.824728     14.771  38.021360    13.3255     3.7959     14.647    31.9267    23.9495 0.0000e+00
 273.824734     14.957  38.003378    13.2532     3.7486     14.832    31.9705    23.9977 0.0000e+00
 273.824740     15.144  37.942709    13.0984     3.7106     15.017    32.0439    24.0849 0.0000e+00
 273.824745     15.342  37.852564    12.9042     3.6555     15.213    32.1234    24.1843 0.0000e+00
 273.824751     15.544  37.756167    12.7459     3.5807     15.414    32.1667    24.2486 0.0000e+00
 273.824757     15.739  37.682948    12.6598     3.5283     15.607    32.1706    24.2682 0.0000e+00
 273.824763     15.922  37.651753    12.6209     3.4983     15.789    32.1741    24.2783 0.0000e+00
 273.824769     16.100  37.644995    12.5715     3.4900     15.965    32.2098    24.3155 0.0000e+00
 273.824774     16.280  37.620517    12.4814     3.4771     16.143    32.2637    24.3744 0.0000e+00
 273.824780     16.461  37.570842    12.3739     3.4746     16.323    32.3085    24.4296 0.0000e+00
 273.824786     16.637  37.519339    12.2935     3.4648     16.497    32.3284    24.4603 0.0000e+00
 273.824792     16.803  37.490292    12.2613     3.4842     16.662    32.3283    24.4662 0.0000e+00
 273.824797     16.955  37.487480    12.2530     3.4832     16.813    32.3327    24.4712 0.0000e+00
 273.824803     17.100  37.484653    12.2318     3.4886     16.957    32.3482    24.4873 0.0000e+00
 273.824809     17.242  37.466206    12.1924     3.4911     17.097    32.3645    24.5073 0.0000e+00
 273.824815     17.378  37.441110    12.1601     3.4724     17.232    32.3683    24.5163 -9.990e-29
 273.824821     17.498  37.425714    12.1496     3.4737     17.351    32.3625    24.5138 -9.990e-29
 273.824826     17.594  37.424637    12.1522     3.4574     17.446    32.3592    24.5107 -9.990e-29
 273.824832     17.663  37.431326    12.1571     3.4643     17.515    32.3614    24.5115 -9.990e-29
 273.824838     17.714  37.436701    12.1555     3.4709     17.565    32.3679    24.5169 -9.990e-29
 273.824844     17.754  37.426567    12.1409     3.4900     17.605    32.3708    24.5218 -9.990e-29
 273.824850     17.787  37.403044    12.1231     3.5070     17.638    32.3635    24.5196 -9.990e-29
 273.824855     17.813  37.385706    12.1174     3.5170     17.664    32.3518    24.5115 -9.990e-29
 273.824861     17.834  37.383314    12.1242     3.5377     17.684    32.3436    24.5039 -9.990e-29
 273.824867     17.848  37.393730    12.1369     3.5415     17.698    32.3426    24.5007 -9.990e-29
 273.824873     17.847  37.410039    12.1523     3.5630     17.697    32.3450    24.4997 -9.990e-29
 273.824878     17.827  37.425343    12.1692     3.5503     17.677    32.3451    24.4966 -9.990e-29
 273.824884     17.786  37.438127    12.1876     3.5394     17.637    32.3415    24.4903 -9.990e-29
 273.824890     17.721  37.450242    12.2058     3.5082     17.572    32.3374    24.4838 -9.990e-29
 273.824896     17.638  37.462088    12.2197     3.4898     17.490    32.3368    24.4807 -9.990e-29
 273.824902     17.547  37.469784    12.2241     3.4981     17.400    32.3404    24.4827 -9.990e-29
 273.824907     17.457  37.469517    12.2150     3.5022     17.311    32.3481    24.4903 -9.990e-29
 273.824913     17.369  37.459190    12.1984     3.5221     17.223    32.3525    24.4969 -9.990e-29
 273.824919     17.283  37.445709    12.1857     3.5275     17.138    32.3506    24.4978 -9.990e-29
 273.824925     17.198  37.439617    12.1791     3.5554     17.054    32.3505    24.4989 -9.990e-29
 273.824931     17.111  37.438890    12.1755     3.5737     16.967    32.3529    24.5015 -9.990e-29
 273.824936     17.018  37.438566    12.1753     3.6197     16.875    32.3528    24.5015 -9.990e-29
 273.824942     16.922  37.440953    12.1802     3.6662     16.780    32.3509    24.4991 -9.990e-29
 273.824948     16.828  37.448050    12.1915     3.7234     16.687    32.3480    24.4947 -9.990e-29
 273.824954     16.736  37.458046    12.2097     3.7768     16.596    32.3419    24.4865 -9.990e-29
 273.824959     16.640  37.468511    12.2337     3.8150     16.500    32.3313    24.4738 -9.990e-29
 273.824965     16.537  37.481566    12.2650     3.8578     16.398    32.3168    24.4567 -9.990e-29
 273.824971     16.435  37.503909    12.3013     3.8680     16.297    32.3070    24.4422 -9.990e-29
 273.824977     16.338  37.532765    12.3360     3.8887     16.201    32.3048    24.4339 -9.990e-29
 273.824983     16.246  37.554983    12.3751     3.8841     16.110    32.2924    24.4169 -9.990e-29
 273.824988     16.153  37.570427    12.4198     3.9030     16.018    32.2688    24.3901 -9.990e-29
 273.824994     16.056  37.586738    12.4577     3.9255     15.921    32.2518    24.3698 -9.990e-29
 273.825000     15.959  37.601504    12.4826     3.9505     15.825    32.2446    24.3594 -9.990e-29
 273.825006     15.860  37.610256    12.4997     3.9873     15.727    32.2383    24.3513 -9.990e-29
 273.825012     15.756  37.614520    12.5167     4.0458     15.624    32.2279    24.3399 -9.990e-29
 273.825017     15.649  37.619358    12.5343     4.1546     15.518    32.2174    24.3285 -9.990e-29
 273.825023     15.542  37.627796    12.5574     4.2820     15.412    32.2057    24.3150 -9.990e-29
 273.825029     15.435  37.642055    12.5932     4.4651     15.306    32.1887    24.2950 -9.990e-29
 273.825035     15.327  37.661468    12.6415     4.6361     15.199    32.1660    24.2681 -9.990e-29
 273.825041     15.210  37.684393    12.7026     4.7822     15.083    32.1357    24.2329 -9.990e-29
 273.825046     15.082  37.714994    12.7779     4.8602     14.956    32.1006    24.1912 0.0000e+00
 273.825052     14.947  37.755903    12.8718     4.8876     14.822    32.0597    24.1413 0.0000e+00
 273.825058     14.814  37.816210    12.9728     4.8893     14.690    32.0311    24.0996 0.0000e+00
 273.825064     14.686  37.894435    13.0533     4.8915     14.563    32.0368    24.0883 -9.990e-29
 273.825069     14.565  37.961424    13.1293     4.9047     14.443    32.0357    24.0725 -9.990e-29
 273.825075     14.455  38.011157    13.2337     4.9029     14.334    31.9944    24.0200 -9.990e-29
 273.825081     14.359  38.052156    13.3362     4.9062     14.239    31.9467    23.9628 -9.990e-29
 273.825087     14.265  38.072325    13.3977     4.8911     14.145    31.9140    23.9254 -9.990e-29
 273.825093     14.164  38.073286    13.4309     4.9049     14.045    31.8872    23.8980 -9.990e-29
 273.825098     14.049  38.074216    13.4576     4.9379     13.931    31.8658    23.8761 -9.990e-29
 273.825104     13.920  38.084705    13.4855     5.0178     13.803    31.8523    23.8602 0.0000e+00
 273.825110     13.793  38.104664    13.5133     5.1025     13.677    31.8478    23.8511 -9.990e-29
 273.825116     13.675  38.124769    13.5333     5.1644     13.560    31.8498    23.8487 -9.990e-29
 273.825122     13.559  38.133086    13.5500     5.2144     13.445    31.8437    23.8406 -9.990e-29
 273.825127     13.429  38.136160    13.5793     5.2395     13.316    31.8222    23.8181 0.0000e+00
 273.825133     13.276  38.149240    13.6239     5.2868     13.165    31.7973    23.7899 0.0000e+00
 273.825139     13.110  38.175685    13.6722     5.3241     13.000    31.7818    23.7682 0.0000e+00
 273.825145     12.947  38.212015    13.7162     5.3587     12.839    31.7790    23.7572 0.0000e+00
