data/oxygen options/ONMS/Olympic_Coast_National_Marine_Sanctuary_CTD_Data_2005_2023/raw_data/2015/CAST_MB042_150928faed.cnv
* Sea-Bird SBE19 Data File:
* FileName = C:\2015 Mooring Data\Casts\CAST_MB042_150928.hex
* Software Version 1.59
* Temperature SN = 2997
* Conductivity SN = 2997
* System UpLoad Time = Sep 28 2015 19:41:21
** CAST_MB042_150928
* ds
# nquan = 9                                 
# nvalues = 1226                        
# units = specified
# name 0 = timeJ: Julian Days
# name 1 = prSM: Pressure, Strain Gauge [db]
# name 2 = c0mS/cm: Conductivity [mS/cm]
# name 3 = t090C: Temperature [ITS-90, deg C]
# name 4 = sbeox0ML/L: Oxygen, SBE 43 [ml/l]
# name 5 = depSM: Depth [salt water, m], lat = 47.5
# name 6 = sal00: Salinity, Practical [PSU]
# name 7 = sigma-é00: Density [sigma-theta, kg/m^3]
# name 8 = flag: flag
# span 0 = 271.809780, 271.816869       
# span 1 =     -3.515,     45.812       
# span 2 =   0.554653,  39.357530       
# span 3 =     8.2575,    17.3334       
# span 4 =    -1.7025,    11.0412       
# span 5 =     -3.486,     45.425       
# span 6 =     0.3209,    33.3992       
# span 7 =    -0.9993,    25.9792       
# span 8 = 0.0000e+00, 0.0000e+00       
# interval = seconds: 0.5
# start_time = Sep 28 2015 19:26:05 [Instrument's time stamp, header]
# bad_flag = -9.990e-29
*END*
[from data line 801]
 271.814416     33.367  34.969416     8.2890     3.2105     33.086    33.3752    25.9556 0.0000e+00
 271.814421     33.595  34.968160     8.2857     3.2184     33.312    33.3769    25.9574 0.0000e+00
 271.814427     33.816  34.967554     8.2833     3.2208     33.531    33.3785    25.9590 0.0000e+00
 271.814433     34.032  34.967294     8.2820     3.2238     33.745    33.3793    25.9599 0.0000e+00
 271.814439     34.239  34.966976     8.2813     3.2277     33.950    33.3796    25.9602 0.0000e+00
 271.814444     34.442  34.966683     8.2806     3.2307     34.152    33.3798    25.9605 0.0000e+00
 271.814450     34.649  34.966527     8.2799     3.2201     34.357    33.3802    25.9609 0.0000e+00
 271.814456     34.862  34.966247     8.2791     3.2156     34.568    33.3806    25.9613 0.0000e+00
 271.814462     35.079  34.965973     8.2783     3.2195     34.783    33.3810    25.9617 0.0000e+00
 271.814468     35.307  34.965845     8.2775     3.2173     35.009    33.3815    25.9622 0.0000e+00
 271.814473     35.544  34.965639     8.2770     3.2223     35.244    33.3816    25.9624 0.0000e+00
 271.814479     35.778  34.965586     8.2771     3.2207     35.476    33.3814    25.9622 0.0000e+00
 271.814485     36.003  34.966117     8.2775     3.2192     35.699    33.3814    25.9622 0.0000e+00
 271.814491     36.216  34.967326     8.2778     3.2154     35.911    33.3823    25.9629 0.0000e+00
 271.814497     36.417  34.968528     8.2782     3.2140     36.110    33.3831    25.9635 0.0000e+00
 271.814502     36.617  34.969029     8.2785     3.2142     36.308    33.3833    25.9635 0.0000e+00
 271.814508     36.822  34.968884     8.2785     3.2226     36.511    33.3830    25.9633 0.0000e+00
 271.814514     37.033  34.968404     8.2781     3.2137     36.721    33.3828    25.9632 0.0000e+00
 271.814520     37.246  34.968014     8.2771     3.2107     36.932    33.3832    25.9637 0.0000e+00
 271.814525     37.462  34.967700     8.2761     3.2094     37.146    33.3838    25.9643 0.0000e+00
 271.814531     37.686  34.967546     8.2760     3.2027     37.368    33.3836    25.9642 0.0000e+00
 271.814537     37.920  34.967855     8.2767     3.2075     37.600    33.3831    25.9637 0.0000e+00
 271.814543     38.161  34.968421     8.2775     3.2004     37.839    33.3829    25.9634 0.0000e+00
 271.814549     38.408  34.968823     8.2779     3.2074     38.084    33.3828    25.9633 0.0000e+00
 271.814554     38.659  34.968984     8.2783     3.2054     38.333    33.3825    25.9630 0.0000e+00
 271.814560     38.909  34.969062     8.2782     3.1986     38.581    33.3825    25.9630 0.0000e+00
 271.814566     39.152  34.969105     8.2772     3.1987     38.822    33.3834    25.9639 0.0000e+00
 271.814572     39.391  34.969114     8.2760     3.1973     39.059    33.3845    25.9649 0.0000e+00
 271.814578     39.628  34.969046     8.2747     3.1950     39.293    33.3855    25.9659 0.0000e+00
 271.814583     39.861  34.968756     8.2732     3.1966     39.525    33.3865    25.9669 0.0000e+00
 271.814589     40.092  34.968362     8.2726     3.2036     39.754    33.3866    25.9670 0.0000e+00
 271.814595     40.324  34.968403     8.2727     3.1931     39.984    33.3864    25.9669 0.0000e+00
 271.814601     40.552  34.968881     8.2725     3.1933     40.210    33.3870    25.9674 0.0000e+00
 271.814606     40.784  34.969254     8.2721     3.1989     40.440    33.3877    25.9680 0.0000e+00
 271.814612     41.026  34.969406     8.2720     3.2077     40.680    33.3878    25.9681 0.0000e+00
 271.814618     41.272  34.969486     8.2720     3.2086     40.923    33.3878    25.9681 0.0000e+00
 271.814624     41.516  34.969543     8.2719     3.1919     41.165    33.3878    25.9681 0.0000e+00
 271.814630     41.756  34.969596     8.2717     3.1841     41.403    33.3879    25.9683 0.0000e+00
 271.814635     41.994  34.969662     8.2716     3.1826     41.639    33.3880    25.9683 0.0000e+00
 271.814641     42.238  34.969775     8.2715     3.1819     41.881    33.3881    25.9684 0.0000e+00
 271.814647     42.491  34.970031     8.2710     3.1731     42.132    33.3887    25.9690 0.0000e+00
 271.814653     42.745  34.970155     8.2698     3.1772     42.384    33.3899    25.9701 0.0000e+00
 271.814659     42.994  34.969697     8.2679     3.1804     42.631    33.3911    25.9713 0.0000e+00
 271.814664     43.234  34.969108     8.2658     3.1728     42.869    33.3923    25.9726 0.0000e+00
 271.814670     43.468  34.969053     8.2641     3.1743     43.101    33.3938    25.9740 0.0000e+00
 271.814676     43.694  34.969428     8.2631     3.1710     43.325    33.3950    25.9752 0.0000e+00
 271.814682     43.910  34.969956     8.2628     3.1812     43.539    33.3958    25.9758 0.0000e+00
 271.814687     44.116  34.970190     8.2626     3.1821     43.743    33.3961    25.9761 0.0000e+00
 271.814693     44.321  34.969675     8.2616     3.1804     43.946    33.3964    25.9765 0.0000e+00
 271.814699     44.534  34.968828     8.2599     3.1857     44.158    33.3970    25.9772 0.0000e+00
 271.814705     44.756  34.968187     8.2587     3.1787     44.378    33.3974    25.9777 0.0000e+00
 271.814711     44.978  34.968002     8.2587     3.1801     44.598    33.3971    25.9775 0.0000e+00
 271.814716     45.191  34.968569     8.2596     3.1856     44.809    33.3967    25.9771 0.0000e+00
 271.814722     45.381  34.969507     8.2611     3.1857     44.997    33.3962    25.9764 0.0000e+00
 271.814728     45.539  34.970372     8.2625     3.1888     45.154    33.3957    25.9758 -9.990e-29
 271.814734     45.662  34.971178     8.2631     3.1873     45.276    33.3960    25.9759 -9.990e-29
 271.814740     45.751  34.971864     8.2631     3.1841     45.364    33.3967    25.9765 -9.990e-29
 271.814745     45.801  34.972209     8.2633     3.1842     45.414    33.3968    25.9766 -9.990e-29
 271.814751     45.812  34.972100     8.2633     3.1772     45.425    33.3967    25.9765 -9.990e-29
 271.814757     45.789  34.971937     8.2631     3.1755     45.402    33.3967    25.9765 -9.990e-29
 271.814763     45.743  34.972048     8.2630     3.1823     45.356    33.3969    25.9767 -9.990e-29
 271.814769     45.688  34.972006     8.2622     3.1784     45.302    33.3977    25.9774 -9.990e-29
 271.814774     45.638  34.971183     8.2613     3.1729     45.252    33.3977    25.9775 -9.990e-29
 271.814780     45.599  34.970149     8.2613     3.1766     45.213    33.3966    25.9767 -9.990e-29
 271.814786     45.562  34.969752     8.2618     3.1836     45.177    33.3957    25.9759 -9.990e-29
 271.814792     45.519  34.970008     8.2621     3.1759     45.134    33.3957    25.9759 -9.990e-29
 271.814797     45.457  34.970683     8.2619     3.1744     45.073    33.3967    25.9767 -9.990e-29
 271.814803     45.367  34.970981     8.2616     3.1697     44.983    33.3973    25.9772 -9.990e-29
 271.814809     45.250  34.970725     8.2617     3.1697     44.867    33.3970    25.9769 -9.990e-29
 271.814815     45.109  34.970680     8.2620     3.1688     44.728    33.3967    25.9767 0.0000e+00
 271.814821     44.954  34.970772     8.2620     3.1673     44.574    33.3969    25.9768 0.0000e+00
 271.814826     44.791  34.970551     8.2616     3.1676     44.412    33.3971    25.9771 0.0000e+00
 271.814832     44.627  34.970269     8.2609     3.1691     44.250    33.3976    25.9775 0.0000e+00
 271.814838     44.469  34.970095     8.2601     3.1652     44.093    33.3982    25.9781 0.0000e+00
 271.814844     44.324  34.969785     8.2594     3.1705     43.949    33.3986    25.9785 0.0000e+00
 271.814850     44.195  34.969473     8.2588     3.1719     43.821    33.3989    25.9789 -9.990e-29
 271.814855     44.080  34.969291     8.2584     3.1731     43.707    33.3992    25.9791 -9.990e-29
 271.814861     43.973  34.968981     8.2582     3.1744     43.601    33.3991    25.9791 -9.990e-29
 271.814867     43.878  34.968673     8.2580     3.1782     43.507    33.3990    25.9790 -9.990e-29
 271.814873     43.797  34.968505     8.2577     3.1865     43.427    33.3991    25.9792 -9.990e-29
 271.814878     43.733  34.968238     8.2575     3.1811     43.363    33.3991    25.9792 -9.990e-29
 271.814884     43.679  34.968064     8.2579     3.1780     43.310    33.3985    25.9787 -9.990e-29
 271.814890     43.612  34.968295     8.2586     3.1803     43.243    33.3981    25.9783 -9.990e-29
 271.814896     43.521  34.968665     8.2597     3.1804     43.153    33.3975    25.9776 -9.990e-29
 271.814902     43.400  34.969091     8.2612     3.1835     43.033    33.3966    25.9767 -9.990e-29
 271.814907     43.246  34.969565     8.2626     3.1887     42.881    33.3959    25.9759 0.0000e+00
 271.814913     43.065  34.969584     8.2632     3.1870     42.701    33.3954    25.9754 0.0000e+00
 271.814919     42.876  34.969161     8.2629     3.1799     42.514    33.3953    25.9754 0.0000e+00
 271.814925     42.698  34.968839     8.2627     3.1767     42.337    33.3953    25.9754 0.0000e+00
 271.814931     42.543  34.968739     8.2630     3.1807     42.184    33.3949    25.9751 -9.990e-29
 271.814936     42.421  34.968712     8.2634     3.1906     42.063    33.3946    25.9747 -9.990e-29
 271.814942     42.322  34.968712     8.2635     3.1881     41.964    33.3945    25.9747 -9.990e-29
 271.814948     42.237  34.968725     8.2637     3.1919     41.880    33.3944    25.9746 -9.990e-29
 271.814954     42.155  34.968753     8.2641     3.1885     41.799    33.3941    25.9742 -9.990e-29
 271.814959     42.063  34.968818     8.2647     3.1799     41.708    33.3936    25.9738 -9.990e-29
 271.814965     41.956  34.968990     8.2653     3.1798     41.602    33.3933    25.9734 -9.990e-29
 271.814971     41.838  34.969484     8.2661     3.1836     41.485    33.3931    25.9732 -9.990e-29
 271.814977     41.720  34.970386     8.2669     3.1867     41.368    33.3934    25.9733 -9.990e-29
 271.814983     41.607  34.971206     8.2676     3.1830     41.256    33.3936    25.9733 -9.990e-29
 271.814988     41.493  34.971341     8.2682     3.1868     41.143    33.3932    25.9730 -9.990e-29
 271.814994     41.364  34.970957     8.2690     3.1922     41.015    33.3921    25.9720 0.0000e+00
 271.815000     41.222  34.970649     8.2699     3.1951     40.874    33.3910    25.9710 0.0000e+00
 271.815006     41.071  34.970552     8.2707     3.1896     40.724    33.3902    25.9702 0.0000e+00
 271.815012     40.913  34.970523     8.2714     3.1901     40.568    33.3896    25.9696 0.0000e+00
 271.815017     40.761  34.970512     8.2718     3.1886     40.417    33.3893    25.9693 0.0000e+00
 271.815023     40.625  34.970491     8.2719     3.1832     40.282    33.3892    25.9692 -9.990e-29
 271.815029     40.510  34.970417     8.2719     3.1831     40.168    33.3892    25.9692 -9.990e-29
 271.815035     40.413  34.970178     8.2719     3.1870     40.072    33.3890    25.9691 -9.990e-29
 271.815041     40.324  34.970002     8.2720     3.1831     39.984    33.3888    25.9689 -9.990e-29
 271.815046     40.227  34.970199     8.2723     3.1847     39.887    33.3887    25.9688 -9.990e-29
 271.815052     40.114  34.970459     8.2727     3.1831     39.775    33.3887    25.9687 -9.990e-29
 271.815058     39.981  34.970552     8.2730     3.1883     39.643    33.3886    25.9685 0.0000e+00
 271.815064     39.832  34.970587     8.2728     3.1860     39.496    33.3888    25.9688 0.0000e+00
 271.815069     39.679  34.970597     8.2723     3.1843     39.344    33.3894    25.9693 0.0000e+00
 271.815075     39.534  34.970582     8.2721     3.1896     39.200    33.3896    25.9695 0.0000e+00
 271.815081     39.401  34.970510     8.2720     3.1964     39.068    33.3897    25.9696 -9.990e-29
 271.815087     39.284  34.970272     8.2721     3.1942     38.952    33.3894    25.9694 -9.990e-29
 271.815093     39.184  34.970096     8.2723     3.1981     38.853    33.3891    25.9691 -9.990e-29
 271.815098     39.090  34.970293     8.2725     3.2018     38.760    33.3892    25.9691 -9.990e-29
 271.815104     38.992  34.970553     8.2729     3.1949     38.663    33.3891    25.9690 -9.990e-29
 271.815110     38.884  34.970646     8.2731     3.1947     38.556    33.3891    25.9689 -9.990e-29
 271.815116     38.763  34.970685     8.2731     3.1970     38.436    33.3892    25.9690 -9.990e-29
 271.815122     38.635  34.970706     8.2734     3.1970     38.309    33.3890    25.9688 0.0000e+00
 271.815127     38.508  34.970724     8.2736     3.1930     38.183    33.3889    25.9687 -9.990e-29
 271.815133     38.388  34.970747     8.2734     3.1832     38.064    33.3891    25.9689 -9.990e-29
 271.815139     38.275  34.970795     8.2728     3.1854     37.952    33.3898    25.9695 -9.990e-29
 271.815145     38.170  34.970916     8.2725     3.1884     37.848    33.3903    25.9699 -9.990e-29
 271.815150     38.071  34.971258     8.2729     3.1930     37.750    33.3903    25.9699 -9.990e-29
 271.815156     37.972  34.971704     8.2736     3.1942     37.652    33.3901    25.9697 -9.990e-29
 271.815162     37.867  34.971711     8.2740     3.1842     37.548    33.3898    25.9694 -9.990e-29
 271.815168     37.752  34.971275     8.2739     3.1687     37.433    33.3895    25.9691 -9.990e-29
 271.815174     37.635  34.970921     8.2738     3.1796     37.317    33.3893    25.9690 -9.990e-29
 271.815179     37.519  34.970724     8.2739     3.1913     37.202    33.3890    25.9687 -9.990e-29
 271.815185     37.407  34.970408     8.2739     3.1922     37.091    33.3887    25.9685 -9.990e-29
 271.815191     37.295  34.970098     8.2739     3.1936     36.980    33.3885    25.9683 -9.990e-29
 271.815197     37.172  34.969926     8.2736     3.1859     36.858    33.3886    25.9685 -9.990e-29
 271.815203     37.030  34.969647     8.2730     3.1843     36.718    33.3890    25.9688 0.0000e+00
 271.815208     36.874  34.969436     8.2725     3.1803     36.563    33.3893    25.9692 0.0000e+00
 271.815214     36.718  34.969558     8.2724     3.1786     36.408    33.3896    25.9694 0.0000e+00
 271.815220     36.582  34.969602     8.2724     3.1854     36.273    33.3897    25.9695 -9.990e-29
 271.815226     36.476  34.969054     8.2722     3.1885     36.168    33.3894    25.9692 -9.990e-29
 271.815231     36.397  34.968292     8.2719     3.1846     36.090    33.3889    25.9689 -9.990e-29
 271.815237     36.331  34.967967     8.2717     3.1885     36.025    33.3888    25.9688 -9.990e-29
 271.815243     36.257  34.968190     8.2718     3.1871     35.951    33.3889    25.9690 -9.990e-29
 271.815249     36.161  34.968682     8.2718     3.1817     35.856    33.3895    25.9694 -9.990e-29
 271.815255     36.043  34.968964     8.2716     3.1887     35.739    33.3900    25.9699 -9.990e-29
 271.815260     35.902  34.968838     8.2715     3.1939     35.599    33.3901    25.9699 0.0000e+00
 271.815266     35.747  34.968683     8.2715     3.1900     35.446    33.3900    25.9698 0.0000e+00
 271.815272     35.590  34.968838     8.2712     3.1829     35.290    33.3905    25.9703 0.0000e+00
 271.815278     35.437  34.968936     8.2707     3.1767     35.138    33.3911    25.9709 0.0000e+00
 271.815284     35.301  34.968534     8.2704     3.1820     35.003    33.3911    25.9708 -9.990e-29
 271.815289     35.190  34.967643     8.2700     3.1742     34.893    33.3906    25.9705 -9.990e-29
 271.815295     35.101  34.966743     8.2694     3.1742     34.805    33.3902    25.9703 -9.990e-29
 271.815301     35.023  34.966301     8.2688     3.1863     34.728    33.3904    25.9705 -9.990e-29
 271.815307     34.945  34.966272     8.2684     3.1891     34.650    33.3907    25.9709 -9.990e-29
 271.815313     34.856  34.966604     8.2687     3.1950     34.562    33.3908    25.9709 -9.990e-29
 271.815318     34.754  34.967164     8.2696     3.1986     34.461    33.3906    25.9706 -9.990e-29
 271.815324     34.643  34.967562     8.2701     3.2005     34.351    33.3906    25.9705 -9.990e-29
 271.815330     34.524  34.967755     8.2702     3.1952     34.233    33.3908    25.9706 -9.990e-29
