data/oxygen options/ONMS/Olympic_Coast_National_Marine_Sanctuary_CTD_Data_2005_2023/raw_data/2015/CAST_KL015_150826faed.cnv
* Sea-Bird SBE19 Data File:
* FileName = C:\2015 Mooring Data\Casts\CAST_KL015_150826.hex
* Software Version 1.59
* Temperature SN = 2997
* Conductivity SN = 2997
* System UpLoad Time = Aug 26 2015 23:25:58
** CAST_KL015_150826
* ds
# nquan = 9                                 
# nvalues = 973                         
# units = specified
# name 0 = timeJ: Julian Days
# name 1 = prSM: Pressure, Strain Gauge [db]
# name 2 = c0mS/cm: Conductivity [mS/cm]
# name 3 = t090C: Temperature [ITS-90, deg C]
# name 4 = sbeox0ML/L: Oxygen, SBE 43 [ml/l]
# name 5 = depSM: Depth [salt water, m], lat = 47.5
# name 6 = sal00: Salinity, Practical [PSU]
# name 7 = sigma-é00: Density [sigma-theta, kg/m^3]
# name 8 = flag: flag
# span 0 = 238.950706, 238.956331       
# span 1 =     -5.441,     15.889       
# span 2 =   0.409978,  39.407285       
# span 3 =     8.5419,    16.2267       
# span 4 =    -1.7616,    15.4332       
# span 5 =     -5.396,     15.756       
# span 6 =     0.2464,    33.4732       
# span 7 =    -0.8694,    25.9338       
# span 8 = 0.0000e+00, 0.0000e+00       
# interval = seconds: 0.5
# start_time = Aug 26 2015 22:49:01 [Instrument's time stamp, header]
# bad_flag = -9.990e-29
*END*
[from data line 641]
 238.954416      1.014  38.663102    12.7752    10.1632      1.006    33.0087    24.8947 -9.990e-29
 238.954421      1.007  38.673644    12.7847    10.1378      0.999    33.0104    24.8941 -9.990e-29
 238.954427      0.993  38.678244    12.7984    10.0694      0.985    33.0028    24.8856 -9.990e-29
 238.954433      0.979  38.685240    12.8102    10.0165      0.971    32.9992    24.8804 -9.990e-29
 238.954439      0.968  38.692706    12.8152     9.9934      0.960    33.0019    24.8816 -9.990e-29
 238.954444      0.960  38.695423    12.8144     9.9403      0.952    33.0052    24.8843 -9.990e-29
 238.954450      0.955  38.692492    12.8100     9.8534      0.947    33.0062    24.8860 -9.990e-29
 238.954456      0.952  38.683892    12.7982     9.7953      0.944    33.0084    24.8899 -9.990e-29
 238.954462      0.950  38.654752    12.7757     9.7781      0.942    33.0004    24.8881 -9.990e-29
 238.954468      0.951  38.602063    12.7530     9.8058      0.943    32.9701    24.8691 -9.990e-29
 238.954473      0.953  38.558694    12.7422     9.8383      0.945    32.9382    24.8465 -9.990e-29
 238.954479      0.956  38.549193    12.7321     9.8060      0.948    32.9380    24.8483 -9.990e-29
 238.954485      0.962  38.546271    12.6925     9.7251      0.954    32.9698    24.8806 -9.990e-29
 238.954491      0.971  38.482077    12.6220     9.6216      0.963    32.9703    24.8947 -9.990e-29
 238.954497      0.982  38.357882    12.5760     9.5249      0.974    32.8920    24.8429 -9.990e-29
 238.954502      0.993  38.291731    12.5973     9.4721      0.985    32.8102    24.7754 -9.990e-29
 238.954508      0.996  38.334964    12.6385     9.4754      0.988    32.8156    24.7716 -9.990e-29
 238.954514      0.991  38.382587    12.6128     9.5410      0.983    32.8834    24.8291 -9.990e-29
 238.954520      0.985  38.343334    12.5173     9.6324      0.977    32.9295    24.8832 -9.990e-29
 238.954525      0.983  38.233806    12.4343     9.6713      0.975    32.8973    24.8742 -9.990e-29
 238.954531      0.986  38.122085    12.4111     9.6623      0.978    32.8106    24.8114 -9.990e-29
 238.954537      0.992  38.057044    12.4226     9.6404      0.984    32.7382    24.7531 -9.990e-29
 238.954543      0.998  38.042161    12.4309     9.6647      0.990    32.7167    24.7348 -9.990e-29
 238.954549      1.001  38.044657    12.4238     9.6962      0.993    32.7253    24.7428 -9.990e-29
 238.954554      1.000  38.049890    12.4137     9.7561      0.992    32.7391    24.7555 -9.990e-29
 238.954560      0.995  38.088906    12.4078     9.7939      0.987    32.7817    24.7896 -9.990e-29
 238.954566      0.990  38.143607    12.3807     9.8386      0.982    32.8578    24.8538 -9.990e-29
 238.954572      0.990  38.139445    12.3296     9.8946      0.982    32.8986    24.8952 -9.990e-29
 238.954578      0.990  38.097184    12.3244     9.9124      0.982    32.8626    24.8682 -9.990e-29
 238.954583      0.985  38.108436    12.3971     9.9016      0.977    32.8097    24.8134 -9.990e-29
 238.954589      0.980  38.171888    12.4734     9.9081      0.972    32.8038    24.7942 -9.990e-29
 238.954595      0.979  38.247085    12.4903     9.9374      0.971    32.8610    24.8353 -9.990e-29
 238.954601      0.981  38.300278    12.4569     9.9840      0.973    32.9412    24.9039 -9.990e-29
 238.954606      0.986  38.299777    12.4135     9.9575      0.978    32.9788    24.9414 -9.990e-29
 238.954612      0.992  38.293655    12.4026     9.8920      0.984    32.9826    24.9463 -9.990e-29
 238.954618      0.993  38.319671    12.4298     9.8157      0.985    32.9836    24.9419 -9.990e-29
 238.954624      0.995  38.352473    12.4668     9.7850      0.987    32.9825    24.9340 -9.990e-29
 238.954630      0.997  38.370720    12.4908     9.8098      0.989    32.9789    24.9266 -9.990e-29
 238.954635      0.995  38.370115    12.4941     9.8428      0.987    32.9754    24.9233 -9.990e-29
 238.954641      0.993  38.363280    12.4797     9.7935      0.985    32.9815    24.9308 -9.990e-29
 238.954647      0.996  38.348915    12.4572     9.7042      0.988    32.9875    24.9398 -9.990e-29
 238.954653      1.003  38.305587    12.4379     9.6235      0.995    32.9630    24.9244 -9.990e-29
 238.954659      1.011  38.222017    12.4287     9.5647      1.003    32.8909    24.8703 -9.990e-29
 238.954664      1.016  38.169498    12.4361     9.5568      1.008    32.8341    24.8249 -9.990e-29
 238.954670      1.023  38.210826    12.4555     9.5717      1.014    32.8567    24.8387 -9.990e-29
 238.954676      1.032  38.251379    12.4345     9.5823      1.023    32.9140    24.8871 -9.990e-29
 238.954682      1.039  38.193260    12.3257     9.5618      1.030    32.9538    24.9387 -9.990e-29
 238.954688      1.050  38.062666    12.1789     9.5388      1.041    32.9573    24.9693 -9.990e-29
 238.954693      1.064  37.952850    12.0862     9.5376      1.055    32.9330    24.9679 -9.990e-29
 238.954699      1.074  37.935408    12.0873     9.5779      1.065    32.9152    24.9539 -9.990e-29
 238.954705      1.077  37.992614    12.1462     9.6350      1.068    32.9185    24.9454 -9.990e-29
 238.954711      1.076  38.022972    12.1729     9.6599      1.067    32.9243    24.9448 -9.990e-29
 238.954716      1.081  37.982833    12.1237     9.6578      1.072    32.9289    24.9577 -9.990e-29
 238.954722      1.091  37.939752    12.0474     9.6503      1.082    32.9546    24.9920 -9.990e-29
 238.954728      1.100  37.931566    12.0031     9.6754      1.091    32.9859    25.0245 -9.990e-29
 238.954734      1.103  37.955716    12.0164     9.6894      1.094    32.9975    25.0311 -9.990e-29
 238.954740      1.099  38.012949    12.0799     9.6994      1.090    32.9967    25.0185 -9.990e-29
 238.954745      1.090  38.064040    12.1286     9.6775      1.081    33.0030    25.0142 -9.990e-29
 238.954751      1.079  38.050373    12.1043     9.6298      1.070    33.0113    25.0253 -9.990e-29
 238.954757      1.073  37.992950    12.0431     9.6112      1.064    33.0099    25.0357 -9.990e-29
 238.954763      1.077  37.957581    12.0114     9.6114      1.068    33.0037    25.0368 -9.990e-29
 238.954769      1.086  37.967137    12.0296     9.6315      1.077    32.9969    25.0281 -9.990e-29
 238.954774      1.092  38.007954    12.0712     9.6607      1.083    32.9996    25.0224 -9.990e-29
 238.954780      1.093  38.036299    12.0888     9.6721      1.084    33.0114    25.0282 -9.990e-29
 238.954786      1.086  38.014249    12.0640     9.6554      1.077    33.0120    25.0334 -9.990e-29
 238.954792      1.078  37.971803    12.0212     9.6230      1.069    33.0088    25.0390 -9.990e-29
 238.954797      1.071  37.959412    11.9910     9.6337      1.062    33.0236    25.0561 -9.990e-29
 238.954803      1.064  37.964432    11.9812     9.6703      1.055    33.0371    25.0684 -9.990e-29
 238.954809      1.062  37.965477    11.9869     9.6927      1.053    33.0331    25.0642 -9.990e-29
 238.954815      1.065  37.961094    12.0022     9.6982      1.056    33.0153    25.0475 -9.990e-29
 238.954821      1.068  37.946521    12.0053     9.6616      1.059    32.9984    25.0339 -9.990e-29
 238.954826      1.076  37.921908    11.9819     9.6229      1.067    32.9953    25.0358 -9.990e-29
 238.954832      1.090  37.903178    11.9591     9.5973      1.081    32.9973    25.0417 -9.990e-29
 238.954838      1.101  37.914655    11.9737     9.5860      1.092    32.9955    25.0375 -9.990e-29
 238.954844      1.107  37.951414    12.0175     9.6101      1.098    32.9923    25.0269 -9.990e-29
 238.954850      1.107  37.974403    12.0313     9.6565      1.098    33.0024    25.0321 -9.990e-29
 238.954855      1.105  37.949207    11.9860     9.6972      1.096    33.0181    25.0527 -9.990e-29
 238.954861      1.112  37.899953    11.9270     9.7062      1.103    33.0226    25.0673 -9.990e-29
 238.954867      1.125  37.879223    11.9076     9.6800      1.116    33.0197    25.0687 -9.990e-29
 238.954873      1.139  37.899691    11.9333     9.6492      1.129    33.0168    25.0616 -9.990e-29
 238.954878      1.149  37.935895    11.9732     9.6585      1.139    33.0165    25.0539 -9.990e-29
 238.954884      1.157  37.965427    12.0033     9.6797      1.147    33.0185    25.0498 -9.990e-29
 238.954890      1.162  37.989510    12.0260     9.7197      1.152    33.0217    25.0480 -9.990e-29
 238.954896      1.165  38.009392    12.0471     9.7476      1.155    33.0222    25.0445 -9.990e-29
 238.954902      1.167  38.018105    12.0633     9.7528      1.157    33.0163    25.0369 -9.990e-29
 238.954907      1.167  38.017695    12.0745     9.7290      1.157    33.0060    25.0268 -9.990e-29
 238.954913      1.165  38.014984    12.0821     9.6905      1.155    32.9967    25.0181 -9.990e-29
 238.954919      1.161  38.017408    12.0850     9.6575      1.151    32.9965    25.0174 -9.990e-29
 238.954925      1.156  38.029911    12.0894     9.6227      1.146    33.0047    25.0229 -9.990e-29
 238.954931      1.152  38.021927    12.1001     9.6186      1.142    32.9875    25.0076 -9.990e-29
 238.954936      1.154  37.992195    12.1100     9.6283      1.144    32.9500    24.9766 -9.990e-29
 238.954942      1.162  37.994557    12.1099     9.6982      1.152    32.9524    24.9785 -9.990e-29
 238.954948      1.181  38.016323    12.0831     9.7690      1.171    32.9971    25.0182 -9.990e-29
 238.954954      1.217  37.990504    12.0205     9.7905      1.207    33.0275    25.0536 -9.990e-29
 238.954959      1.267  37.925140    11.9577     9.6762      1.256    33.0198    25.0594 -9.990e-29
 238.954965      1.326  37.897197    11.9344     9.3611      1.315    33.0133    25.0587 -9.990e-29
 238.954971      1.393  37.917475    11.9429     8.8178      1.381    33.0254    25.0665 -9.990e-29
 238.954977      1.473  37.942775    11.9539     8.1924      1.461    33.0402    25.0759 -9.990e-29
 238.954983      1.571  37.949498    11.9430     7.6261      1.558    33.0563    25.0905 -9.990e-29
 238.954988      1.693  37.915076    11.8881     7.2662      1.679    33.0716    25.1126 -9.990e-29
 238.954994      1.843  37.832716    11.7766     7.0943      1.828    33.0907    25.1481 0.0000e+00
 238.955000      2.017  37.707395    11.6146     7.0536      2.000    33.1128    25.1952 0.0000e+00
 238.955006      2.208  37.544536    11.4344     7.0766      2.190    33.1145    25.2294 0.0000e+00
 238.955012      2.414  37.386952    11.2814     7.0598      2.394    33.0966    25.2433 0.0000e+00
 238.955017      2.628  37.279986    11.1712     6.9383      2.606    33.0900    25.2579 0.0000e+00
 238.955023      2.847  37.220420    11.0952     6.6375      2.823    33.0994    25.2789 0.0000e+00
 238.955029      3.070  37.185844    11.0451     6.1340      3.044    33.1102    25.2962 0.0000e+00
 238.955035      3.291  37.162508    11.0099     5.5268      3.264    33.1187    25.3091 0.0000e+00
 238.955041      3.514  37.141008    10.9715     4.9199      3.485    33.1320    25.3262 0.0000e+00
 238.955046      3.743  37.103740    10.9106     4.4264      3.712    33.1499    25.3509 0.0000e+00
 238.955052      3.980  37.032259    10.8153     4.0898      3.947    33.1650    25.3795 0.0000e+00
 238.955058      4.223  36.913511    10.6751     3.8384      4.188    33.1735    25.4107 0.0000e+00
 238.955064      4.470  36.739243    10.4862     3.6482      4.433    33.1707    25.4412 0.0000e+00
 238.955069      4.721  36.534782    10.2708     3.5343      4.682    33.1613    25.4708 0.0000e+00
 238.955075      4.973  36.354123    10.0701     3.4254      4.931    33.1621    25.5054 0.0000e+00
 238.955081      5.221  36.225245     9.9145     3.3001      5.177    33.1739    25.5406 0.0000e+00
 238.955087      5.461  36.133624     9.8043     3.0857      5.415    33.1818    25.5651 0.0000e+00
 238.955093      5.689  36.053880     9.7346     2.7821      5.641    33.1645    25.5630 0.0000e+00
 238.955098      5.904  35.995536     9.7007     2.4596      5.855    33.1359    25.5463 0.0000e+00
 238.955104      6.106  35.975359     9.6652     2.1821      6.055    33.1479    25.5615 0.0000e+00
 238.955110      6.304  35.950606     9.5855     2.0148      6.251    33.1961    25.6122 0.0000e+00
 238.955116      6.510  35.880851     9.4560     1.8988      6.456    33.2443    25.6709 0.0000e+00
 238.955122      6.729  35.776628     9.3079     1.7581      6.673    33.2744    25.7183 0.0000e+00
 238.955127      6.953  35.667510     9.1869     1.5584      6.895    33.2741    25.7374 0.0000e+00
 238.955133      7.175  35.591096     9.1206     1.3304      7.115    33.2566    25.7342 0.0000e+00
 238.955139      7.397  35.561339     9.0927     1.1281      7.335    33.2516    25.7347 0.0000e+00
 238.955145      7.624  35.552416     9.0538     0.9924      7.560    33.2786    25.7620 0.0000e+00
 238.955150      7.863  35.526508     8.9797     0.9276      7.797    33.3210    25.8068 0.0000e+00
 238.955156      8.114  35.475834     8.8903     0.9103      8.046    33.3519    25.8450 0.0000e+00
 238.955162      8.373  35.420671     8.8119     0.9218      8.303    33.3678    25.8697 0.0000e+00
 238.955168      8.631  35.372499     8.7525     0.9365      8.559    33.3732    25.8831 0.0000e+00
 238.955174      8.883  35.331937     8.7077     0.9568      8.809    33.3728    25.8897 0.0000e+00
 238.955179      9.127  35.301350     8.6730     0.9750      9.051    33.3733    25.8955 0.0000e+00
 238.955185      9.367  35.282401     8.6478     0.9941      9.289    33.3771    25.9023 0.0000e+00
 238.955191      9.608  35.270977     8.6314     1.0050      9.528    33.3804    25.9075 0.0000e+00
 238.955197      9.854  35.262915     8.6194     1.0184      9.772    33.3832    25.9114 0.0000e+00
 238.955203     10.103  35.257972     8.6099     1.0295     10.018    33.3869    25.9158 0.0000e+00
 238.955208     10.354  35.254465     8.6028     1.0385     10.267    33.3898    25.9191 0.0000e+00
 238.955214     10.605  35.249826     8.5973     1.0481     10.516    33.3900    25.9201 0.0000e+00
 238.955220     10.860  35.245015     8.5934     1.0554     10.769    33.3885    25.9196 0.0000e+00
 238.955226     11.122  35.241328     8.5907     1.0599     11.029    33.3870    25.9189 0.0000e+00
 238.955231     11.387  35.238198     8.5881     1.0666     11.292    33.3861    25.9185 0.0000e+00
 238.955237     11.649  35.234678     8.5847     1.0638     11.551    33.3854    25.9186 0.0000e+00
 238.955243     11.908  35.230424     8.5797     1.0699     11.808    33.3856    25.9194 0.0000e+00
 238.955249     12.164  35.225790     8.5732     1.0639     12.062    33.3867    25.9213 0.0000e+00
 238.955255     12.415  35.221748     8.5679     1.0603     12.311    33.3874    25.9226 0.0000e+00
 238.955260     12.662  35.218936     8.5650     1.0581     12.556    33.3870    25.9228 0.0000e+00
 238.955266     12.901  35.216833     8.5639     1.0528     12.793    33.3857    25.9220 0.0000e+00
 238.955272     13.132  35.216421     8.5651     1.0589     13.022    33.3841    25.9205 0.0000e+00
 238.955278     13.356  35.219820     8.5675     1.0635     13.244    33.3853    25.9211 0.0000e+00
 238.955284     13.579  35.222461     8.5671     1.0613     13.465    33.3883    25.9235 0.0000e+00
 238.955289     13.802  35.218763     8.5622     1.0559     13.686    33.3890    25.9248 0.0000e+00
 238.955295     14.023  35.213191     8.5571     1.0611     13.905    33.3878    25.9247 0.0000e+00
 238.955301     14.242  35.209948     8.5536     1.0505     14.123    33.3876    25.9250 0.0000e+00
 238.955307     14.465  35.207378     8.5502     1.0588     14.344    33.3880    25.9259 0.0000e+00
 238.955312     14.693  35.204721     8.5473     1.0548     14.570    33.3878    25.9262 0.0000e+00
 238.955318     14.919  35.202780     8.5458     1.0463     14.794    33.3871    25.9259 0.0000e+00
 238.955324     15.133  35.201634     8.5447     1.0493     15.006    33.3868    25.9258 0.0000e+00
 238.955330     15.325  35.200743     8.5431     1.0410     15.197    33.3873    25.9264 0.0000e+00
