data/oxygen options/ONMS/Olympic_Coast_National_Marine_Sanctuary_CTD_Data_2005_2023/raw_data/2015/CAST_MB042_150928faed.cnv
* Sea-Bird SBE19 Data File:
* FileName = C:\2015 Mooring Data\Casts\CAST_MB042_150928.hex
* Software Version 1.59
* Temperature SN = 2997
* Conductivity SN = 2997
* System UpLoad Time = Sep 28 2015 19:41:21
** CAST_MB042_150928
* ds
# nquan = 9                                 
# nvalues = 1226                        
# units = specified
# name 0 = timeJ: Julian Days
# name 1 = prSM: Pressure, Strain Gauge [db]
# name 2 = c0mS/cm: Conductivity [mS/cm]
# name 3 = t090C: Temperature [ITS-90, deg C]
# name 4 = sbeox0ML/L: Oxygen, SBE 43 [ml/l]
# name 5 = depSM: Depth [salt water, m], lat = 47.5
# name 6 = sal00: Salinity, Practical [PSU]
# name 7 = sigma-é00: Density [sigma-theta, kg/m^3]
# name 8 = flag: flag
# span 0 = 271.809780, 271.816869       
# span 1 =     -3.515,     45.812       
# span 2 =   0.554653,  39.357530       
# span 3 =     8.2575,    17.3334       
# span 4 =    -1.7025,    11.0412       
# span 5 =     -3.486,     45.425       
# span 6 =     0.3209,    33.3992       
# span 7 =    -0.9993,    25.9792       
# span 8 = 0.0000e+00, 0.0000e+00       
# interval = seconds: 0.5
# start_time = Sep 28 2015 19:26:05 [Instrument's time stamp, header]
# bad_flag = -9.990e-29
*END*
 271.809780     -3.515 -9.990e-29    16.6376    -1.7019     -3.486 -9.990e-29 -9.990e-29 -9.990e-29
 271.809786     -3.479   0.622915    16.6352    -1.7017     -3.450     0.3646    -0.8799 -9.990e-29
 271.809792     -3.446   0.622794    16.6326    -1.7016     -3.417     0.3645    -0.8795 -9.990e-29
 271.809797     -3.416   0.622429    16.6306    -1.7016     -3.388     0.3643    -0.8793 -9.990e-29
 271.809803     -3.389   0.621889    16.6297    -1.7017     -3.361     0.3640    -0.8794 -9.990e-29
 271.809809     -3.362   0.621564    16.6311    -1.7018     -3.334     0.3638    -0.8798 -9.990e-29
 271.809815     -3.333   0.621576    16.6366    -1.7021     -3.305     0.3638    -0.8808 -9.990e-29
 271.809821     -3.301   0.621942    16.6462    -1.7025     -3.273     0.3639    -0.8823 -9.990e-29
 271.809826     -3.268   0.622597    16.6576    -1.7025     -3.241     0.3642    -0.8840 -9.990e-29
 271.809832     -3.236   0.623305    16.6675    -1.7022     -3.209     0.3645    -0.8854 -9.990e-29
 271.809838     -3.204   0.623899    16.6741    -1.7016     -3.177     0.3648    -0.8863 -9.990e-29
 271.809844     -3.173   0.624062    16.6775    -1.7013     -3.147     0.3649    -0.8869 -9.990e-29
 271.809850     -3.145   0.623458    16.6781    -1.7010     -3.119     0.3645    -0.8872 -9.990e-29
 271.809855     -3.119   0.622393    16.6762    -1.7010     -3.093     0.3639    -0.8874 -9.990e-29
 271.809861     -3.094   0.621669    16.6724    -1.7009     -3.068     0.3635    -0.8871 -9.990e-29
 271.809867     -3.068   0.621430    16.6668    -1.7008     -3.042     0.3634    -0.8862 -9.990e-29
 271.809873     -3.038   0.621359    16.6624    -1.7007     -3.013     0.3634    -0.8854 -9.990e-29
 271.809878     -3.004   0.621364    16.6634    -1.7008     -2.979     0.3634    -0.8856 -9.990e-29
 271.809884     -2.967   0.621451    16.6706    -1.7009     -2.942     0.3634    -0.8868 -9.990e-29
 271.809890     -2.933   0.621737    16.6810    -1.7009     -2.909     0.3635    -0.8886 -9.990e-29
 271.809896     -2.905   0.622052    16.6905    -1.7008     -2.881     0.3636    -0.8901 -9.990e-29
 271.809902     -2.880   0.622261    16.6970    -1.7008     -2.856     0.3637    -0.8912 -9.990e-29
 271.809907     -2.858   0.622643    16.7010    -1.7009     -2.834     0.3638    -0.8917 -9.990e-29
 271.809913     -2.836   0.623152    16.7038    -1.7012     -2.812     0.3641    -0.8919 -9.990e-29
 271.809919     -2.814   0.623359    16.7062    -1.7014     -2.791     0.3642    -0.8923 -9.990e-29
 271.809925     -2.791   0.622984    16.7076    -1.7014     -2.768     0.3640    -0.8927 -9.990e-29
 271.809931     -2.763   0.622640    16.7072    -1.7011     -2.740     0.3638    -0.8928 -9.990e-29
 271.809936     -2.735   0.622979    16.7059    -1.7007     -2.712     0.3640    -0.8924 -9.990e-29
 271.809942     -2.708   0.623343    16.7057    -1.7003     -2.685     0.3642    -0.8922 -9.990e-29
 271.809948     -2.682   0.623108    16.7063    -1.6999     -2.660     0.3641    -0.8924 -9.990e-29
 271.809954     -2.657   0.622516    16.7059    -1.6996     -2.635     0.3637    -0.8926 -9.990e-29
 271.809959     -2.638   0.621889    16.7032    -1.6995     -2.616     0.3634    -0.8924 -9.990e-29
 271.809965     -2.623   0.621504    16.6987    -1.6999     -2.601     0.3632    -0.8918 -9.990e-29
 271.809971     -2.610   0.621403    16.6956    -1.7002     -2.588     0.3631    -0.8913 -9.990e-29
 271.809977     -2.600   0.621452    16.6966    -1.7004     -2.578     0.3632    -0.8915 -9.990e-29
 271.809983     -2.591   0.621718    16.7024    -1.7005     -2.569     0.3633    -0.8924 -9.990e-29
 271.809988     -2.584   0.622556    16.7116    -1.7004     -2.562     0.3637    -0.8936 -9.990e-29
 271.809994     -2.576   0.623976    16.7224    -1.7002     -2.555     0.3645    -0.8949 -9.990e-29
 271.810000     -2.565   0.625093    16.7329    -1.7000     -2.544     0.3650    -0.8962 -9.990e-29
 271.810006     -2.544   0.625178    16.7399    -1.7001     -2.523     0.3650    -0.8974 -9.990e-29
 271.810012     -2.517   0.624348    16.7410    -1.7003     -2.496     0.3645    -0.8980 -9.990e-29
 271.810017     -2.486   0.623162    16.7366    -1.7004     -2.465     0.3639    -0.8978 -9.990e-29
 271.810023     -2.454   0.622258    16.7301    -1.7005     -2.434     0.3634    -0.8970 -9.990e-29
 271.810029     -2.427   0.622098    16.7249    -1.7005     -2.407     0.3633    -0.8962 -9.990e-29
 271.810035     -2.407   0.622472    16.7228    -1.7004     -2.387     0.3636    -0.8956 -9.990e-29
 271.810041     -2.394   0.622768    16.7244    -1.7001     -2.374     0.3637    -0.8958 -9.990e-29
 271.810046     -2.382   0.622826    16.7278    -1.6995     -2.362     0.3637    -0.8964 -9.990e-29
 271.810052     -2.366   0.622724    16.7300    -1.6990     -2.346     0.3636    -0.8968 -9.990e-29
 271.810058     -2.350   0.622329    16.7288    -1.6984     -2.330     0.3634    -0.8968 -9.990e-29
 271.810064     -2.337   0.621670    16.7258    -1.6980     -2.318     0.3630    -0.8965 -9.990e-29
 271.810069     -2.325   0.620977    16.7233    -1.6977     -2.306     0.3626    -0.8964 -9.990e-29
 271.810075     -2.315   0.620439    16.7223    -1.6976     -2.296     0.3623    -0.8965 -9.990e-29
 271.810081     -2.305   0.620450    16.7234    -1.6978     -2.286     0.3623    -0.8967 -9.990e-29
 271.810087     -2.295   0.621025    16.7278    -1.6978     -2.276     0.3626    -0.8972 -9.990e-29
 271.810093     -2.284   0.621824    16.7367    -1.6977     -2.265     0.3630    -0.8984 -9.990e-29
 271.810098     -2.271   0.622800    16.7497    -1.6975     -2.252     0.3635    -0.9003 -9.990e-29
 271.810104     -2.257   0.623590    16.7648    -1.6977     -2.238     0.3639    -0.9026 -9.990e-29
 271.810110     -2.239   0.623583    16.7798    -1.6977     -2.220     0.3637    -0.9053 -9.990e-29
 271.810116     -2.217   0.622771    16.7924    -1.6976     -2.199     0.3631    -0.9079 -9.990e-29
 271.810122     -2.193   0.621738    16.8008    -1.6972     -2.175     0.3624    -0.9099 -9.990e-29
 271.810127     -2.175   0.620773    16.8047    -1.6969     -2.157     0.3618    -0.9110 -9.990e-29
 271.810133     -2.162   0.619703    16.8054    -1.6966     -2.144     0.3612    -0.9117 -9.990e-29
 271.810139     -2.147   0.618766    16.8059    -1.6964     -2.129     0.3606    -0.9122 -9.990e-29
 271.810145     -2.136   0.618379    16.8072    -1.6961     -2.118     0.3604    -0.9126 -9.990e-29
 271.810150     -2.130   0.618582    16.8081    -1.6961     -2.112     0.3605    -0.9127 -9.990e-29
 271.810156     -2.122   0.619093    16.8082    -1.6963     -2.104     0.3608    -0.9125 -9.990e-29
 271.810162     -2.102   0.619484    16.8096    -1.6965     -2.084     0.3610    -0.9125 -9.990e-29
 271.810168     -2.078   0.619721    16.8142    -1.6966     -2.061     0.3611    -0.9132 -9.990e-29
 271.810174     -2.056   0.620122    16.8219    -1.6969     -2.039     0.3613    -0.9144 -9.990e-29
 271.810179     -2.035   0.620667    16.8306    -1.6971     -2.018     0.3615    -0.9157 -9.990e-29
 271.810185     -2.015   0.620972    16.8388    -1.6973     -1.998     0.3616    -0.9171 -9.990e-29
 271.810191     -1.992   0.620892    16.8462    -1.6974     -1.975     0.3615    -0.9184 -9.990e-29
 271.810197     -1.967   0.620321    16.8513    -1.6975     -1.951     0.3611    -0.9196 -9.990e-29
 271.810203     -1.942   0.619052    16.8522    -1.6977     -1.926     0.3604    -0.9204 -9.990e-29
 271.810208     -1.919   0.617617    16.8494    -1.6978     -1.903     0.3595    -0.9205 -9.990e-29
 271.810214     -1.897   0.616877    16.8448    -1.6978     -1.881     0.3591    -0.9200 -9.990e-29
 271.810220     -1.879   0.616957    16.8391    -1.6979     -1.863     0.3592    -0.9190 -9.990e-29
 271.810226     -1.863   0.617411    16.8330    -1.6980     -1.847     0.3596    -0.9177 -9.990e-29
 271.810231     -1.845   0.617734    16.8273    -1.6980     -1.830     0.3598    -0.9165 -9.990e-29
 271.810237     -1.828   0.617803    16.8224    -1.6979     -1.813     0.3599    -0.9156 -9.990e-29
 271.810243     -1.814   0.617711    16.8180    -1.6977     -1.799     0.3599    -0.9148 -9.990e-29
 271.810249     -1.804   0.617335    16.8138    -1.6977     -1.789     0.3597    -0.9143 -9.990e-29
 271.810255     -1.795   0.616730    16.8102    -1.6978     -1.780     0.3593    -0.9139 -9.990e-29
 271.810260     -1.788   0.616200    16.8076    -1.6978     -1.773     0.3590    -0.9137 -9.990e-29
 271.810266     -1.782   0.615595    16.8054    -1.6977     -1.767     0.3587    -0.9136 -9.990e-29
 271.810272     -1.778   0.614665    16.8031    -1.6981     -1.763     0.3582    -0.9136 -9.990e-29
 271.810278     -1.773   0.613835    16.8017    -1.6986     -1.758     0.3577    -0.9137 -9.990e-29
 271.810284     -1.769   0.613667    16.8020    -1.6989     -1.754     0.3576    -0.9139 -9.990e-29
 271.810289     -1.765   0.613936    16.8038    -1.6992     -1.750     0.3577    -0.9140 -9.990e-29
 271.810295     -1.761   0.613893    16.8059    -1.6993     -1.746     0.3577    -0.9144 -9.990e-29
 271.810301     -1.756   0.613481    16.8066    -1.6996     -1.741     0.3574    -0.9148 -9.990e-29
 271.810307     -1.750   0.613261    16.8061    -1.6997     -1.735     0.3573    -0.9148 -9.990e-29
 271.810313     -1.743   0.613496    16.8053    -1.6995     -1.728     0.3574    -0.9145 -9.990e-29
 271.810318     -1.734   0.613946    16.8024    -1.6994     -1.720     0.3577    -0.9138 -9.990e-29
 271.810324     -1.723   0.614102    16.7954    -1.6992     -1.709     0.3579    -0.9125 -9.990e-29
 271.810330     -1.709   0.613617    16.7856    -1.6990     -1.695     0.3577    -0.9109 -9.990e-29
 271.810336     -1.696   0.612403    16.7756    -1.6990     -1.682     0.3570    -0.9097 -9.990e-29
 271.810341     -1.686   0.611060    16.7669    -1.6992     -1.672     0.3563    -0.9088 -9.990e-29
 271.810347     -1.676   0.610574    16.7603    -1.6996     -1.662     0.3561    -0.9078 -9.990e-29
 271.810353     -1.655   0.610854    16.7561    -1.6999     -1.641     0.3563    -0.9070 -9.990e-29
 271.810359     -1.623   0.611163    16.7548    -1.7002     -1.609     0.3565    -0.9066 -9.990e-29
 271.810365     -1.590   0.611362    16.7566    -1.7006     -1.577     0.3566    -0.9068 -9.990e-29
 271.810370     -1.563   0.611715    16.7603    -1.7006     -1.550     0.3567    -0.9073 -9.990e-29
 271.810376     -1.540   0.612138    16.7647    -1.7004     -1.527     0.3570    -0.9079 -9.990e-29
 271.810382     -1.520   0.612086    16.7679    -1.7003     -1.507     0.3569    -0.9085 -9.990e-29
 271.810388     -1.502   0.611490    16.7677    -1.7001     -1.489     0.3565    -0.9087 -9.990e-29
 271.810394     -1.483   0.610667    16.7634    -1.6998     -1.471     0.3561    -0.9083 -9.990e-29
 271.810399     -1.464   0.609631    16.7557    -1.6996     -1.452     0.3555    -0.9074 -9.990e-29
 271.810405     -1.446   0.608668    16.7465    -1.6994     -1.434     0.3550    -0.9063 -9.990e-29
 271.810411     -1.433   0.608161    16.7379    -1.6994     -1.421     0.3548    -0.9050 -9.990e-29
 271.810417     -1.421   0.607988    16.7319    -1.6996     -1.409     0.3547    -0.9040 -9.990e-29
 271.810422     -1.408   0.607920    16.7303    -1.6998     -1.396     0.3547    -0.9037 -9.990e-29
 271.810428     -1.402   0.607868    16.7322    -1.7000     -1.390     0.3547    -0.9041 -9.990e-29
 271.810434     -1.403   0.607763    16.7361    -1.7001     -1.391     0.3546    -0.9048 -9.990e-29
 271.810440     -1.402   0.607466    16.7414    -1.7002     -1.390     0.3543    -0.9059 -9.990e-29
 271.810446     -1.395   0.607136    16.7475    -1.7002     -1.383     0.3541    -0.9071 -9.990e-29
 271.810451     -1.381   0.607445    16.7536    -1.7003     -1.369     0.3542    -0.9081 -9.990e-29
 271.810457     -1.360   0.608253    16.7579    -1.7002     -1.349     0.3547    -0.9085 -9.990e-29
 271.810463     -1.334   0.608417    16.7586    -1.7002     -1.323     0.3548    -0.9085 -9.990e-29
 271.810469     -1.311   0.607600    16.7556    -1.7002     -1.300     0.3543    -0.9084 -9.990e-29
 271.810475     -1.293   0.606382    16.7506    -1.7002     -1.282     0.3536    -0.9080 -9.990e-29
 271.810480     -1.278   0.605359    16.7458    -1.7003     -1.267     0.3530    -0.9077 -9.990e-29
 271.810486     -1.267   0.604832    16.7424    -1.7004     -1.256     0.3527    -0.9073 -9.990e-29
 271.810492     -1.258   0.604656    16.7401    -1.7006     -1.248     0.3527    -0.9070 -9.990e-29
 271.810498     -1.251   0.604597    16.7385    -1.7007     -1.241     0.3526    -0.9067 -9.990e-29
 271.810503     -1.245   0.604576    16.7377    -1.7008     -1.235     0.3526    -0.9066 -9.990e-29
 271.810509     -1.240   0.604567    16.7378    -1.7010     -1.230     0.3526    -0.9066 -9.990e-29
 271.810515     -1.235   0.604559    16.7381    -1.7011     -1.225     0.3526    -0.9067 -9.990e-29
 271.810521     -1.231   0.604540    16.7379    -1.7011     -1.221     0.3526    -0.9066 -9.990e-29
 271.810527     -1.227   0.604486    16.7369    -1.7012     -1.217     0.3526    -0.9065 -9.990e-29
 271.810532     -1.223   0.604325    16.7351    -1.7016     -1.213     0.3525    -0.9062 -9.990e-29
 271.810538     -1.219   0.603844    16.7323    -1.7021     -1.209     0.3522    -0.9060 -9.990e-29
 271.810544     -1.214   0.602955    16.7286    -1.7023     -1.204     0.3517    -0.9057 -9.990e-29
 271.810550     -1.208   0.602138    16.7248    -1.7024     -1.198     0.3513    -0.9054 -9.990e-29
 271.810556     -1.200   0.601972    16.7211    -1.7022     -1.190     0.3512    -0.9048 -9.990e-29
 271.810561     -1.190   0.602235    16.7173    -1.7020     -1.180     0.3514    -0.9040 -9.990e-29
 271.810567     -1.182   0.602167    16.7139    -1.7015     -1.172     0.3514    -0.9035 -9.990e-29
 271.810573     -1.180   0.601677    16.7105    -1.7007     -1.170     0.3511    -0.9031 -9.990e-29
 271.810579     -1.179   0.601223    16.7048    -1.7004     -1.169     0.3509    -0.9023 -9.990e-29
 271.810584     -1.174   0.600755    16.6961    -1.7002     -1.164     0.3507    -0.9010 -9.990e-29
 271.810590     -1.166   0.600203    16.6870    -1.7002     -1.156     0.3504    -0.8996 -9.990e-29
 271.810596     -1.154   0.599942    16.6809    -1.7004     -1.144     0.3503    -0.8986 -9.990e-29
 271.810602     -1.138   0.600179    16.6794    -1.7008     -1.129     0.3505    -0.8983 -9.990e-29
 271.810608     -1.119   0.600676    16.6829    -1.7013     -1.110     0.3507    -0.8986 -9.990e-29
 271.810613     -1.102   0.600986    16.6911    -1.7013     -1.093     0.3509    -0.9000 -9.990e-29
 271.810619     -1.086   0.600968    16.7040    -1.7015     -1.077     0.3507    -0.9023 -9.990e-29
 271.810625     -1.069   0.600596    16.7188    -1.7018     -1.060     0.3504    -0.9051 -9.990e-29
 271.810631     -1.050   0.599930    16.7304    -1.7020     -1.041     0.3499    -0.9074 -9.990e-29
 271.810637     -1.032   0.599193    16.7361    -1.7019     -1.023     0.3494    -0.9088 -9.990e-29
 271.810642     -1.019   0.598511    16.7359    -1.7020     -1.010     0.3490    -0.9091 -9.990e-29
 271.810648     -1.010   0.598087    16.7306    -1.7019     -1.002     0.3488    -0.9083 -9.990e-29
 271.810654     -1.000   0.597912    16.7226    -1.7017     -0.992     0.3487    -0.9070 -9.990e-29
 271.810660     -0.983   0.597752    16.7146    -1.7013     -0.975     0.3487    -0.9056 -9.990e-29
 271.810666     -0.968   0.597394    16.7080    -1.7008     -0.960     0.3486    -0.9046 -9.990e-29
 271.810671     -0.962   0.596916    16.7021    -1.7003     -0.954     0.3483    -0.9038 -9.990e-29
 271.810677     -0.961   0.596791    16.6960    -1.7002     -0.953     0.3483    -0.9028 -9.990e-29
 271.810683     -0.959   0.596852    16.6915    -1.7001     -0.951     0.3484    -0.9019 -9.990e-29
 271.810689     -0.957   0.596625    16.6901    -1.7000     -0.949     0.3482    -0.9018 -9.990e-29
 271.810694     -0.955   0.596364    16.6911    -1.6999     -0.947     0.3481    -0.9021 -9.990e-29
 271.810700     -0.953   0.596275    16.6948    -1.6998     -0.945     0.3480    -0.9028 -9.990e-29
