data/oxygen options/ONMS/Olympic_Coast_National_Marine_Sanctuary_CTD_Data_2005_2023/raw_data/2015/CAST_TH042_150929faed.cnv
* Sea-Bird SBE19 Data File:
* FileName = C:\2015 Mooring Data\Casts\CAST_TH042_150929.hex
* Software Version 1.59
* Temperature SN = 2997
* Conductivity SN = 2997
* System UpLoad Time = Sep 29 2015 17:42:44
** CAST_TH042_150929
* ds
# nquan = 9                                 
# nvalues = 1492                        
# units = specified
# name 0 = timeJ: Julian Days
# name 1 = prSM: Pressure, Strain Gauge [db]
# name 2 = c0mS/cm: Conductivity [mS/cm]
# name 3 = t090C: Temperature [ITS-90, deg C]
# name 4 = sbeox0ML/L: Oxygen, SBE 43 [ml/l]
# name 5 = depSM: Depth [salt water, m], lat = 47.5
# name 6 = sal00: Salinity, Practical [PSU]
# name 7 = sigma-é00: Density [sigma-theta, kg/m^3]
# name 8 = flag: flag
# span 0 = 272.691759, 272.700388       
# span 1 =     -4.083,     43.940       
# span 2 =   0.266872,  38.942964       
# span 3 =     8.1964,    15.3744       
# span 4 =    -1.7761,    11.2868       
# span 5 =     -4.049,     43.569       
# span 6 =     0.1593,    33.2706       
# span 7 =    -0.8310,    25.8857       
# span 8 = 0.0000e+00, 0.0000e+00       
# interval = seconds: 0.5
# start_time = Sep 29 2015 16:36:08 [Instrument's time stamp, header]
# bad_flag = -9.990e-29
*END*
[from data line 1441]
 272.700098      7.886  38.623978    13.7636     6.3354      7.820    32.1229    24.0131 0.0000e+00
 272.700104      7.742  38.617028    13.7646     6.3293      7.677    32.1157    24.0073 0.0000e+00
 272.700110      7.600  38.615035    13.7677     6.3262      7.536    32.1113    24.0033 0.0000e+00
 272.700116      7.459  38.618788    13.7724     6.3168      7.397    32.1109    24.0020 0.0000e+00
 272.700122      7.322  38.626820    13.7765     6.3220      7.261    32.1150    24.0043 0.0000e+00
 272.700127      7.194  38.636429    13.7784     6.3292      7.134    32.1223    24.0096 -9.990e-29
 272.700133      7.072  38.641021    13.7785     6.3418      7.013    32.1265    24.0129 -9.990e-29
 272.700139      6.950  38.638892    13.7782     6.3515      6.892    32.1249    24.0116 -9.990e-29
 272.700145      6.832  38.635806    13.7780     6.3515      6.775    32.1222    24.0096 -9.990e-29
 272.700150      6.716  38.633813    13.7780     6.3527      6.660    32.1204    24.0082 -9.990e-29
 272.700156      6.601  38.630258    13.7796     6.3538      6.546    32.1158    24.0044 -9.990e-29
 272.700162      6.479  38.627126    13.7832     6.3643      6.425    32.1100    23.9991 -9.990e-29
 272.700168      6.351  38.629213    13.7880     6.3625      6.298    32.1079    23.9965 0.0000e+00
 272.700174      6.225  38.638743    13.7947     6.3416      6.173    32.1112    23.9977 -9.990e-29
 272.700179      6.107  38.651045    13.8023     6.3260      6.056    32.1163    24.0001 -9.990e-29
 272.700185      5.993  38.658414    13.8077     6.3249      5.943    32.1186    24.0008 -9.990e-29
 272.700191      5.881  38.661708    13.8131     6.3337      5.832    32.1172    23.9986 -9.990e-29
 272.700197      5.772  38.664200    13.8224     6.3587      5.724    32.1117    23.9925 -9.990e-29
 272.700203      5.667  38.669775    13.8326     6.3684      5.620    32.1084    23.9878 -9.990e-29
 272.700208      5.569  38.679140    13.8378     6.3500      5.522    32.1127    23.9901 -9.990e-29
 272.700214      5.470  38.682357    13.8381     6.3298      5.424    32.1155    23.9922 -9.990e-29
 272.700220      5.357  38.678673    13.8403     6.3214      5.312    32.1103    23.9877 -9.990e-29
 272.700226      5.222  38.677192    13.8470     6.3216      5.178    32.1034    23.9810 0.0000e+00
 272.700231      5.070  38.680423    13.8555     6.3353      5.028    32.0993    23.9761 0.0000e+00
 272.700237      4.911  38.689871    13.8642     6.3395      4.870    32.1008    23.9755 0.0000e+00
 272.700243      4.762  38.704121    13.8709     6.3391      4.722    32.1085    23.9800 0.0000e+00
 272.700249      4.630  38.714707    13.8742     6.3380      4.591    32.1155    23.9848 -9.990e-29
 272.700255      4.512  38.718926    13.8748     6.3461      4.474    32.1190    23.9874 -9.990e-29
 272.700260      4.399  38.720162    13.8750     6.3582      4.362    32.1200    23.9881 -9.990e-29
 272.700266      4.284  38.720626    13.8755     6.3592      4.248    32.1200    23.9880 -9.990e-29
 272.700272      4.166  38.720374    13.8757     6.3469      4.131    32.1197    23.9877 -9.990e-29
 272.700278      4.043  38.717951    13.8771     6.3274      4.009    32.1163    23.9848 -9.990e-29
 272.700284      3.918  38.715173    13.8801     6.3094      3.885    32.1113    23.9803 0.0000e+00
 272.700289      3.791  38.715064    13.8836     6.3072      3.759    32.1083    23.9773 0.0000e+00
 272.700295      3.661  38.718038    13.8868     6.3184      3.630    32.1084    23.9768 0.0000e+00
 272.700301      3.531  38.722457    13.8900     6.3248      3.502    32.1099    23.9772 0.0000e+00
 272.700307      3.399  38.725245    13.8942     6.3178      3.371    32.1090    23.9757 0.0000e+00
 272.700313      3.271  38.726196    13.8989     6.2831      3.244    32.1060    23.9724 -9.990e-29
 272.700318      3.151  38.729383    13.9026     6.2175      3.125    32.1059    23.9716 -9.990e-29
 272.700324      3.039  38.735132    13.9040     6.1224      3.014    32.1101    23.9745 -9.990e-29
 272.700330      2.934  38.738214    13.9053     6.0519      2.909    32.1119    23.9756 -9.990e-29
 272.700336      2.829  38.738816    13.9095 -9.990e-29      2.805    32.1090    23.9725 -9.990e-29
 272.700341      2.720  38.741663    13.9152 -9.990e-29      2.697    32.1069    23.9697 -9.990e-29
 272.700347      2.610  38.749433    13.9196 -9.990e-29      2.588    32.1104    23.9716 -9.990e-29
 272.700353      2.505  38.761272    13.9224 -9.990e-29      2.484    32.1191    23.9777 -9.990e-29
 272.700359      2.410  38.771103    13.9205 -9.990e-29      2.390    32.1298    23.9863 -9.990e-29
 272.700365      2.329  38.772975    13.9087 -9.990e-29      2.310    32.1414    23.9977 -9.990e-29
 272.700370      2.264  38.766582    13.8880 -9.990e-29      2.245    32.1528    24.0107 -9.990e-29
 272.700376      2.216  38.755736    13.8671 -9.990e-29      2.197    32.1603    24.0208 -9.990e-29
 272.700382      2.186  38.745594    13.8581 -9.990e-29      2.168    32.1585    24.0212 -9.990e-29
 272.700388      2.176  38.739449 -9.990e-29 -9.990e-29      2.158 -9.990e-29 -9.990e-29 -9.990e-29
