data/oxygen options/ONMS/Olympic_Coast_National_Marine_Sanctuary_CTD_Data_2005_2023/raw_data/2015/CAST_TH042_150714faed.cnv
* Sea-Bird SBE19 Data File:
* FileName = C:\2015 Mooring Data\Casts\CAST_TH042_150714.hex
* Software Version 1.59
* Temperature SN = 2997
* Conductivity SN = 2997
* System UpLoad Time = Jul 15 2015 00:30:09
** CAST_TH042_150714
* ds
# nquan = 9                                 
# nvalues = 1948                        
# units = specified
# name 0 = timeJ: Julian Days
# name 1 = prSM: Pressure, Strain Gauge [db]
# name 2 = c0mS/cm: Conductivity [mS/cm]
# name 3 = t090C: Temperature [ITS-90, deg C]
# name 4 = sbeox0ML/L: Oxygen, SBE 43 [ml/l]
# name 5 = depSM: Depth [salt water, m], lat = 47.5
# name 6 = sal00: Salinity, Practical [PSU]
# name 7 = sigma-é00: Density [sigma-theta, kg/m^3]
# name 8 = flag: flag
# span 0 = 195.924317, 195.935584       
# span 1 =     -6.120,     43.191       
# span 2 =   0.028127,  39.787028       
# span 3 =     7.6799,    18.5354       
# span 4 =    -1.7151,    11.1959       
# span 5 =     -6.069,     42.826       
# span 6 =     0.0206,    33.6174       
# span 7 =    -1.4865,    26.2335       
# span 8 = 0.0000e+00, 0.0000e+00       
# interval = seconds: 0.5
# start_time = Jul 14 2015 22:11:01 [Instrument's time stamp, header]
# bad_flag = -9.990e-29
*END*
 195.924317     -6.120 -9.990e-29    18.1355    -1.6613     -6.069 -9.990e-29 -9.990e-29 -9.990e-29
 195.924323     -6.056   0.028276    18.1256    -1.6612     -6.006     0.0207    -1.4107 -9.990e-29
 195.924329     -5.977   0.028276    18.1180    -1.6613     -5.927     0.0207    -1.4093 -9.990e-29
 195.924334     -5.892   0.028276    18.1112    -1.6617     -5.843     0.0207    -1.4081 -9.990e-29
 195.924340     -5.813   0.028276    18.1033    -1.6620     -5.765     0.0207    -1.4066 -9.990e-29
 195.924346     -5.743   0.028276    18.0914    -1.6624     -5.695     0.0207    -1.4044 -9.990e-29
 195.924352     -5.677   0.028275    18.0731    -1.6624     -5.630     0.0207    -1.4010 -9.990e-29
 195.924358     -5.615   0.028274    18.0516    -1.6624     -5.568     0.0207    -1.3970 -9.990e-29
 195.924363     -5.559   0.028272    18.0346    -1.6626     -5.513     0.0207    -1.3938 -9.990e-29
 195.924369     -5.504   0.028271    18.0258    -1.6632     -5.458     0.0207    -1.3922 -9.990e-29
 195.924375     -5.451   0.028270    18.0217    -1.6632     -5.406     0.0207    -1.3914 -9.990e-29
 195.924381     -5.406   0.028269    18.0167    -1.6634     -5.361     0.0207    -1.3905 -9.990e-29
 195.924387     -5.369   0.028267    18.0088    -1.6639     -5.324     0.0207    -1.3890 -9.990e-29
 195.924392     -5.339   0.028266    17.9997    -1.6644     -5.295     0.0207    -1.3874 -9.990e-29
 195.924398     -5.314   0.028265    17.9919    -1.6648     -5.270     0.0207    -1.3859 -9.990e-29
 195.924404     -5.291   0.028263    17.9869    -1.6656     -5.247     0.0207    -1.3850 -9.990e-29
 195.924410     -5.269   0.028262    17.9824    -1.6659     -5.225     0.0207    -1.3842 -9.990e-29
 195.924416     -5.248   0.028261    17.9750    -1.6661     -5.204     0.0207    -1.3828 -9.990e-29
 195.924421     -5.226   0.028260    17.9660    -1.6663     -5.182     0.0207    -1.3811 -9.990e-29
 195.924427     -5.200   0.028258    17.9581    -1.6661     -5.157     0.0207    -1.3797 -9.990e-29
 195.924433     -5.171   0.028257    17.9496    -1.6663     -5.128     0.0207    -1.3781 -9.990e-29
 195.924439     -5.135   0.028256    17.9378    -1.6661     -5.092     0.0207    -1.3759 -9.990e-29
 195.924444     -5.096   0.028255    17.9238    -1.6661     -5.054     0.0207    -1.3734 -9.990e-29
 195.924450     -5.058   0.028253    17.9084    -1.6666     -5.016     0.0207    -1.3705 -9.990e-29
 195.924456     -5.024   0.028252    17.8930    -1.6674     -4.982     0.0207    -1.3677 -9.990e-29
 195.924462     -4.991   0.028251    17.8814    -1.6679     -4.949     0.0207    -1.3656 -9.990e-29
 195.924468     -4.958   0.028250    17.8740    -1.6682     -4.917     0.0207    -1.3642 -9.990e-29
 195.924473     -4.922   0.028248    17.8700    -1.6683     -4.881     0.0207    -1.3635 -9.990e-29
 195.924479     -4.886   0.028247    17.8685    -1.6690     -4.845     0.0207    -1.3632 -9.990e-29
 195.924485     -4.851   0.028246    17.8682    -1.6699     -4.811     0.0207    -1.3631 -9.990e-29
 195.924491     -4.816   0.028245    17.8674    -1.6705     -4.776     0.0207    -1.3630 -9.990e-29
 195.924497     -4.781   0.028243    17.8622    -1.6707     -4.741     0.0207    -1.3620 -9.990e-29
 195.924502     -4.750   0.028242    17.8500    -1.6710     -4.710     0.0207    -1.3598 -9.990e-29
 195.924508     -4.720   0.028241    17.8340    -1.6710     -4.681     0.0207    -1.3569 -9.990e-29
 195.924514     -4.689   0.028239    17.8196    -1.6708     -4.650     0.0207    -1.3542 -9.990e-29
 195.924520     -4.656   0.028238    17.8078    -1.6708     -4.617     0.0207    -1.3521 -9.990e-29
 195.924525     -4.622   0.028237    17.7952    -1.6708     -4.583     0.0206    -1.3498 -9.990e-29
 195.924531     -4.590   0.028236    17.7782    -1.6708     -4.552     0.0206    -1.3467 -9.990e-29
 195.924537     -4.558   0.028234    17.7586    -1.6710     -4.520     0.0206    -1.3431 -9.990e-29
 195.924543     -4.527   0.028233    17.7424    -1.6717     -4.489     0.0206    -1.3401 -9.990e-29
 195.924549     -4.501   0.028232    17.7320    -1.6722     -4.463     0.0206    -1.3382 -9.990e-29
 195.924554     -4.477   0.028231    17.7260    -1.6720     -4.440     0.0206    -1.3371 -9.990e-29
 195.924560     -4.454   0.028229    17.7240    -1.6717     -4.417     0.0206    -1.3368 -9.990e-29
 195.924566     -4.431   0.028228    17.7248    -1.6718     -4.394     0.0206    -1.3369 -9.990e-29
 195.924572     -4.406   0.028227    17.7256    -1.6721     -4.369     0.0206    -1.3371 -9.990e-29
 195.924578     -4.377   0.028226    17.7247    -1.6722     -4.341     0.0206    -1.3369 -9.990e-29
 195.924583     -4.347   0.028224    17.7210    -1.6725     -4.311     0.0206    -1.3362 -9.990e-29
 195.924589     -4.319   0.028223    17.7132    -1.6725     -4.283     0.0206    -1.3348 -9.990e-29
 195.924595     -4.290   0.028222    17.7022    -1.6724     -4.254     0.0206    -1.3328 -9.990e-29
 195.924601     -4.263   0.028220    17.6940    -1.6719     -4.227     0.0206    -1.3313 -9.990e-29
 195.924606     -4.240   0.028219    17.6925    -1.6714     -4.205     0.0206    -1.3311 -9.990e-29
 195.924612     -4.221   0.028218    17.6935    -1.6716     -4.186     0.0206    -1.3312 -9.990e-29
 195.924618     -4.204   0.028217    17.6919    -1.6722     -4.169     0.0206    -1.3309 -9.990e-29
 195.924624     -4.187   0.028215    17.6879    -1.6724     -4.152     0.0206    -1.3302 -9.990e-29
 195.924630     -4.171   0.028214    17.6833    -1.6728     -4.136     0.0206    -1.3294 -9.990e-29
 195.924635     -4.153   0.028213    17.6796    -1.6730     -4.118     0.0206    -1.3287 -9.990e-29
 195.924641     -4.132   0.028212    17.6793    -1.6727     -4.098     0.0206    -1.3287 -9.990e-29
 195.924647     -4.108   0.028210    17.6839    -1.6727     -4.074     0.0206    -1.3295 -9.990e-29
 195.924653     -4.083   0.028209    17.6917    -1.6731     -4.049     0.0206    -1.3309 -9.990e-29
 195.924659     -4.059   0.028208    17.6974    -1.6739     -4.025     0.0206    -1.3319 -9.990e-29
 195.924664     -4.031   0.028207    17.6959    -1.6740     -3.997     0.0206    -1.3317 -9.990e-29
 195.924670     -3.998   0.028205    17.6884    -1.6736     -3.965     0.0206    -1.3303 -9.990e-29
 195.924676     -3.969   0.028204    17.6793    -1.6736     -3.936     0.0206    -1.3287 -9.990e-29
 195.924682     -3.952   0.028203    17.6711    -1.6733     -3.919     0.0206    -1.3272 -9.990e-29
 195.924688     -3.941   0.028202    17.6662    -1.6728     -3.908     0.0206    -1.3263 -9.990e-29
 195.924693     -3.931   0.028200    17.6645    -1.6722     -3.898     0.0206    -1.3260 -9.990e-29
 195.924699     -3.917   0.028199    17.6614    -1.6716     -3.884     0.0206    -1.3254 -9.990e-29
 195.924705     -3.895   0.028198    17.6531    -1.6710     -3.863     0.0206    -1.3239 -9.990e-29
 195.924711     -3.867   0.028196    17.6428    -1.6705     -3.835     0.0206    -1.3220 -9.990e-29
 195.924716     -3.835   0.028195    17.6383    -1.6697     -3.803     0.0206    -1.3212 -9.990e-29
 195.924722     -3.802   0.028194    17.6408    -1.6693     -3.770     0.0206    -1.3217 -9.990e-29
 195.924728     -3.770   0.028193    17.6471    -1.6686     -3.739     0.0206    -1.3228 -9.990e-29
 195.924734     -3.737   0.028191    17.6572    -1.6680     -3.706     0.0206    -1.3246 -9.990e-29
 195.924740     -3.704   0.028190    17.6714    -1.6676     -3.673     0.0206    -1.3272 -9.990e-29
 195.924745     -3.680   0.028189    17.6878    -1.6672     -3.649     0.0206    -1.3302 -9.990e-29
 195.924751     -3.665   0.028188    17.7055    -1.6667     -3.634     0.0206    -1.3334 -9.990e-29
 195.924757     -3.656   0.028186    17.7240    -1.6660     -3.626     0.0206    -1.3368 -9.990e-29
 195.924763     -3.646   0.028185    17.7432    -1.6649     -3.616     0.0206    -1.3403 -9.990e-29
 195.924769     -3.637   0.028184    17.7626    -1.6644     -3.607     0.0206    -1.3438 -9.990e-29
 195.924774     -3.626   0.028183    17.7808    -1.6641     -3.596     0.0206    -1.3471 -9.990e-29
 195.924780     -3.613   0.028181    17.7986    -1.6639     -3.583     0.0206    -1.3504 -9.990e-29
 195.924786     -3.598   0.028180    17.8160    -1.6633     -3.568     0.0206    -1.3536 -9.990e-29
 195.924792     -3.580   0.028179    17.8317    -1.6628     -3.550     0.0206    -1.3564 -9.990e-29
 195.924797     -3.557   0.028178    17.8471    -1.6623     -3.527     0.0206    -1.3593 -9.990e-29
 195.924803     -3.528   0.028176    17.8653    -1.6617     -3.499     0.0206    -1.3626 -9.990e-29
 195.924809     -3.495   0.028175    17.8877    -1.6617     -3.466     0.0206    -1.3667 -9.990e-29
 195.924815     -3.465   0.028174    17.9107    -1.6616     -3.436     0.0206    -1.3709 -9.990e-29
 195.924821     -3.440   0.028172    17.9291    -1.6618     -3.411     0.0206    -1.3743 -9.990e-29
 195.924826     -3.419   0.028171    17.9426    -1.6620     -3.390     0.0206    -1.3768 -9.990e-29
 195.924832     -3.400   0.028170    17.9553    -1.6616     -3.372     0.0206    -1.3791 -9.990e-29
 195.924838     -3.382   0.028169    17.9699    -1.6610     -3.354     0.0206    -1.3818 -9.990e-29
 195.924844     -3.364   0.028167    17.9853    -1.6605     -3.336     0.0206    -1.3847 -9.990e-29
 195.924850     -3.344   0.028166    18.0001    -1.6599     -3.316     0.0206    -1.3874 -9.990e-29
 195.924855     -3.322   0.028165    18.0121    -1.6600     -3.294     0.0206    -1.3896 -9.990e-29
 195.924861     -3.296   0.028164    18.0185    -1.6605     -3.269     0.0206    -1.3908 -9.990e-29
 195.924867     -3.269   0.028162    18.0202    -1.6608     -3.242     0.0206    -1.3911 -9.990e-29
 195.924873     -3.242   0.028161    18.0200    -1.6612     -3.215     0.0206    -1.3911 -9.990e-29
 195.924878     -3.216   0.028160    18.0223    -1.6612     -3.189     0.0206    -1.3915 -9.990e-29
 195.924884     -3.191   0.028159    18.0310    -1.6612     -3.164     0.0206    -1.3931 -9.990e-29
 195.924890     -3.172   0.028157    18.0444    -1.6608     -3.146     0.0206    -1.3956 -9.990e-29
 195.924896     -3.156   0.028156    18.0578    -1.6604     -3.130     0.0206    -1.3981 -9.990e-29
 195.924902     -3.142   0.028155    18.0671    -1.6602     -3.116     0.0206    -1.3998 -9.990e-29
 195.924907     -3.130   0.028153    18.0676    -1.6596     -3.104     0.0206    -1.3999 -9.990e-29
 195.924913     -3.120   0.028152    18.0603    -1.6591     -3.094     0.0206    -1.3986 -9.990e-29
 195.924919     -3.109   0.028151    18.0511    -1.6585     -3.083     0.0206    -1.3969 -9.990e-29
 195.924925     -3.099   0.028150    18.0441    -1.6579     -3.073     0.0206    -1.3956 -9.990e-29
 195.924931     -3.087   0.028148    18.0418    -1.6576     -3.061     0.0206    -1.3951 -9.990e-29
 195.924936     -3.073   0.028147    18.0451    -1.6574     -3.047     0.0206    -1.3958 -9.990e-29
 195.924942     -3.057   0.028146    18.0536    -1.6583     -3.032     0.0206    -1.3973 -9.990e-29
 195.924948     -3.037   0.028145    18.0644    -1.6592     -3.012     0.0206    -1.3993 -9.990e-29
 195.924954     -3.016   0.028143    18.0762    -1.6599     -2.991     0.0206    -1.4015 -9.990e-29
 195.924959     -3.002   0.028142    18.0903    -1.6612     -2.977     0.0206    -1.4041 -9.990e-29
 195.924965     -2.994   0.028141    18.1063    -1.6629     -2.969     0.0206    -1.4071 -9.990e-29
 195.924971     -2.982   0.028140    18.1227    -1.6654     -2.957     0.0206    -1.4102 -9.990e-29
 195.924977     -2.962   0.028138    18.1370    -1.6671     -2.937     0.0206    -1.4128 -9.990e-29
 195.924983     -2.936   0.028137    18.1450    -1.6689     -2.912     0.0206    -1.4143 -9.990e-29
 195.924988     -2.912   0.028136    18.1415    -1.6707     -2.888     0.0206    -1.4137 -9.990e-29
 195.924994     -2.892   0.028134    18.1248    -1.6721     -2.868     0.0206    -1.4106 -9.990e-29
 195.925000     -2.876   0.028133    18.0996    -1.6733     -2.852     0.0206    -1.4059 -9.990e-29
 195.925006     -2.861   0.028132    18.0685    -1.6747     -2.837     0.0206    -1.4001 -9.990e-29
 195.925012     -2.847   0.028131    18.0273    -1.6757     -2.823     0.0206    -1.3925 -9.990e-29
 195.925017     -2.833   0.028129    17.9738    -1.6767     -2.809     0.0206    -1.3826 -9.990e-29
 195.925023     -2.819   0.028128    17.9135    -1.6777     -2.795     0.0206    -1.3714 -9.990e-29
 195.925029     -2.802   0.028127    17.8546    -1.6783     -2.779     0.0206    -1.3606 -9.990e-29
 195.925035     -2.784   0.028127    17.7996    -1.6790     -2.761     0.0206    -1.3506 -9.990e-29
 195.925041     -2.761   0.028127    17.7483    -1.6797     -2.738     0.0206    -1.3412 -9.990e-29
 195.925046     -2.737   0.028129    17.7021    -1.6804     -2.714     0.0206    -1.3328 -9.990e-29
 195.925052     -2.719   0.028132    17.6601    -1.6810     -2.696     0.0206    -1.3252 -9.990e-29
 195.925058     -2.705   0.028136    17.6215    -1.6813     -2.682     0.0206    -1.3182 -9.990e-29
 195.925064     -2.692   0.028140    17.5867    -1.6817     -2.670     0.0206    -1.3119 -9.990e-29
 195.925069     -2.677   0.028144    17.5555    -1.6823     -2.655     0.0206    -1.3063 -9.990e-29
 195.925075     -2.661   0.028148    17.5277    -1.6829     -2.639     0.0206    -1.3013 -9.990e-29
 195.925081     -2.645   0.028152    17.5034    -1.6834     -2.623     0.0206    -1.2969 -9.990e-29
 195.925087     -2.634   0.028156    17.4813    -1.6840     -2.612     0.0206    -1.2929 -9.990e-29
 195.925093     -2.622   0.028160    17.4604    -1.6846     -2.600     0.0206    -1.2892 -9.990e-29
 195.925098     -2.604   0.028164    17.4407    -1.6848     -2.582     0.0206    -1.2857 -9.990e-29
 195.925104     -2.584   0.028168    17.4235    -1.6851     -2.562     0.0206    -1.2826 -9.990e-29
 195.925110     -2.564   0.028172    17.4091    -1.6855     -2.543     0.0206    -1.2800 -9.990e-29
 195.925116     -2.544   0.028176    17.3951    -1.6861     -2.523     0.0206    -1.2775 -9.990e-29
 195.925122     -2.521   0.028180    17.3795    -1.6866     -2.500     0.0206    -1.2747 -9.990e-29
 195.925127     -2.499   0.028183    17.3630    -1.6870     -2.478     0.0206    -1.2718 -9.990e-29
 195.925133     -2.481   0.028187    17.3466    -1.6871     -2.460     0.0206    -1.2689 -9.990e-29
 195.925139     -2.466   0.028191    17.3302    -1.6873     -2.445     0.0206    -1.2660 -9.990e-29
 195.925145     -2.456   0.028195    17.3155    -1.6874     -2.436     0.0206    -1.2634 -9.990e-29
 195.925150     -2.452   0.028199    17.3037    -1.6878     -2.432     0.0206    -1.2613 -9.990e-29
 195.925156     -2.448   0.028203    17.2924    -1.6877     -2.428     0.0206    -1.2593 -9.990e-29
 195.925162     -2.444   0.028207    17.2792    -1.6876     -2.424     0.0206    -1.2569 -9.990e-29
 195.925168     -2.437   0.028211    17.2648    -1.6872     -2.417     0.0206    -1.2544 -9.990e-29
 195.925174     -2.425   0.028215    17.2516    -1.6867     -2.405     0.0206    -1.2520 -9.990e-29
 195.925179     -2.412   0.028219    17.2415    -1.6863     -2.392     0.0206    -1.2503 -9.990e-29
 195.925185     -2.397   0.028223    17.2342    -1.6859     -2.377     0.0206    -1.2490 -9.990e-29
 195.925191     -2.383   0.028227    17.2281    -1.6857     -2.363     0.0206    -1.2479 -9.990e-29
 195.925197     -2.374   0.028231    17.2222    -1.6854     -2.354     0.0206    -1.2468 -9.990e-29
 195.925203     -2.366   0.028235    17.2182    -1.6852     -2.346     0.0206    -1.2461 -9.990e-29
 195.925208     -2.352   0.028240    17.2187    -1.6849     -2.332     0.0206    -1.2462 -9.990e-29
 195.925214     -2.337   0.028245    17.2239    -1.6849     -2.318     0.0206    -1.2471 -9.990e-29
 195.925220     -2.324   0.028253    17.2333    -1.6852     -2.305     0.0206    -1.2488 -9.990e-29
 195.925226     -2.312   0.028270    17.2450    -1.6855     -2.293     0.0207    -1.2508 -9.990e-29
 195.925231     -2.300   0.028313    17.2566    -1.6852     -2.281     0.0207    -1.2529 -9.990e-29
 195.925237     -2.288   0.028436    17.2670    -1.6850     -2.269     0.0207    -1.2547 -9.990e-29
