data/oxygen options/ONMS/Olympic_Coast_National_Marine_Sanctuary_CTD_Data_2005_2023/raw_data/2015/CAST_TH042_150904faedb.cnv
* Sea-Bird SBE19 Data File:
* FileName = C:\2015 Mooring Data\Casts\CAST_TH042_150904.hex
* Software Version 1.59
* Temperature SN = 2997
* Conductivity SN = 2997
* System UpLoad Time = Sep 04 2015 20:15:49
** CAST_TH042_150904
* ds
# nquan = 9
# nvalues = 42                          
# units = specified
# name 0 = timeJ: Julian Days
# name 1 = prSM: Pressure, Strain Gauge [db]
# name 2 = c0mS/cm: Conductivity [mS/cm]
# name 3 = t090C: Temperature [ITS-90, deg C]
# name 4 = sbeox0ML/L: Oxygen, SBE 43 [ml/l]
# name 5 = depSM: Depth [salt water, m], lat = 47.5
# name 6 = sal00: Salinity, Practical [PSU]
# name 7 = sigma-é00: Density [sigma-theta, kg/m^3]
# name 8 = flag: flag
# span 0 = 247.785633, 247.786704       
# span 1 =      2.000,     43.000       
# span 2 =  36.441997,  39.954844       
# span 3 =    10.7523,    15.1153       
# span 4 =     4.5858,     6.0537       
# span 5 =      1.983,     42.636       
# span 6 =    32.2112,    32.7795       
# span 7 =    23.8024,    25.0828       
# span 8 = 0.0000e+00, 0.0000e+00       
# interval = decibars: 1                
# start_time = Sep 04 2015 18:46:10 [Instrument's time stamp, header]
# bad_flag = -9.990e-29
*END*
 247.785633      2.000  39.954844    15.1153     5.8624      1.983    32.2168    23.8024 0.0000e+00
 247.785666      3.000  39.947989    15.1069     5.8742      2.975    32.2172    23.8045 0.0000e+00
 247.785694      4.000  39.931292    15.0919     5.8657      3.966    32.2142    23.8055 0.0000e+00
 247.785717      5.000  39.909621    15.0634     5.8867      4.958    32.2177    23.8144 0.0000e+00
 247.785740      6.000  39.879353    15.0378     5.8821      5.950    32.2112    23.8150 0.0000e+00
 247.785765      7.000  39.871218    15.0253     5.8804      6.942    32.2138    23.8196 0.0000e+00
 247.785790      8.000  39.868069    15.0195     5.8834      7.933    32.2154    23.8221 0.0000e+00
 247.785812      9.000  39.866780    15.0178     5.8700      8.925    32.2153    23.8225 0.0000e+00
 247.785833     10.000  39.865733    15.0166     5.8569      9.916    32.2149    23.8224 0.0000e+00
 247.785858     11.000  39.867287    15.0158     5.8904     10.908    32.2166    23.8239 0.0000e+00
 247.785882     12.000  39.865307    15.0122     5.8862     11.900    32.2174    23.8254 0.0000e+00
 247.785904     13.000  39.864714    15.0114     5.8763     12.891    32.2172    23.8254 0.0000e+00
 247.785927     14.000  39.865079    15.0108     5.8786     13.883    32.2177    23.8259 0.0000e+00
 247.785951     15.000  39.862857    15.0094     5.8712     14.875    32.2164    23.8253 0.0000e+00
 247.785975     16.000  39.860612    15.0077     5.8599     15.866    32.2154    23.8250 0.0000e+00
 247.786001     17.000  39.859143    15.0009     5.8848     16.857    32.2193    23.8295 0.0000e+00
 247.786026     18.000  39.834674    14.9551     5.9414     17.849    32.2347    23.8511 0.0000e+00
 247.786049     19.000  39.722686    14.8278     5.9662     18.840    32.2383    23.8811 0.0000e+00
 247.786075     20.000  39.628253    14.6928     5.9960     19.832    32.2642    23.9298 0.0000e+00
 247.786100     21.000  39.413674    14.4342     6.0537     20.824    32.2836    23.9992 0.0000e+00
 247.786123     22.000  39.134968    14.0897     6.0463     21.815    32.3157    24.0957 0.0000e+00
 247.786147     23.000  38.935800    13.8732     6.0107     22.807    32.3136    24.1385 0.0000e+00
 247.786173     24.000  38.677545    13.5579     5.9971     23.798    32.3395    24.2224 0.0000e+00
 247.786202     25.000  38.499072    13.2811     5.9161     24.790    32.4074    24.3303 0.0000e+00
 247.786229     26.000  38.222324    12.9508     5.8534     25.781    32.4286    24.4117 0.0000e+00
 247.786254     27.000  37.912376    12.6465     5.8153     26.773    32.3955    24.4453 0.0000e+00
 247.786282     28.000  37.763860    12.4046     5.7700     27.764    32.4621    24.5431 0.0000e+00
 247.786312     29.000  37.591779    12.2212     5.7001     28.756    32.4554    24.5727 0.0000e+00
 247.786343     30.000  37.473936    12.0227     5.5423     29.747    32.5141    24.6554 0.0000e+00
 247.786370     31.000  37.164475    11.6776     5.5432     30.739    32.5151    24.7199 0.0000e+00
 247.786400     32.000  37.031656    11.4958     5.4891     31.731    32.5448    24.7761 0.0000e+00
 247.786434     33.000  36.897889    11.3209     5.3841     32.722    32.5673    24.8253 0.0000e+00
 247.786461     34.000  36.673420    11.0690     5.3734     33.713    32.5686    24.8712 0.0000e+00
 247.786488     35.000  36.595353    10.9659     5.3529     34.705    32.5824    24.9001 0.0000e+00
 247.786518     36.000  36.559205    10.9087     5.3173     35.696    32.5970    24.9216 0.0000e+00
 247.786544     37.000  36.482692    10.8236     5.2895     36.688    32.5963    24.9359 0.0000e+00
 247.786571     38.000  36.445526    10.7689     5.2329     37.679    32.6077    24.9543 0.0000e+00
 247.786594     39.000  36.441997    10.7523     5.0519     38.671    32.6186    24.9657 0.0000e+00
 247.786618     40.000  36.485951    10.7664     4.8677     39.662    32.6493    24.9872 0.0000e+00
 247.786643     41.000  36.566386    10.7968     4.7544     40.654    32.7018    25.0228 0.0000e+00
 247.786672     42.000  36.605030    10.8062     4.5858     41.645    32.7314    25.0442 0.0000e+00
 247.786704     43.000  36.648127    10.7999     4.5968     42.636    32.7795    25.0828 0.0000e+00
