data/oxygen options/ONMS/Olympic_Coast_National_Marine_Sanctuary_CTD_Data_2005_2023/raw_data/2015/CAST_KL027_150904faedb.cnv
* Sea-Bird SBE19 Data File:
* FileName = C:\2015 Mooring Data\Casts\CAST_KL027_150904.hex
* Software Version 1.59
* Temperature SN = 2997
* Conductivity SN = 2997
* System UpLoad Time = Sep 04 2015 17:29:47
** CAST_KL027_150904
* ds
# nquan = 9
# nvalues = 26                          
# units = specified
# name 0 = timeJ: Julian Days
# name 1 = prSM: Pressure, Strain Gauge [db]
# name 2 = c0mS/cm: Conductivity [mS/cm]
# name 3 = t090C: Temperature [ITS-90, deg C]
# name 4 = sbeox0ML/L: Oxygen, SBE 43 [ml/l]
# name 5 = depSM: Depth [salt water, m], lat = 47.5
# name 6 = sal00: Salinity, Practical [PSU]
# name 7 = sigma-é00: Density [sigma-theta, kg/m^3]
# name 8 = flag: flag
# span 0 = 247.682563, 247.683204       
# span 1 =      3.000,     28.000       
# span 2 =  37.075725,  38.973863       
# span 3 =    13.2991,    14.9236       
# span 4 =     4.4129,     6.3884       
# span 5 =      2.975,     27.764       
# span 6 =    29.8014,    32.3786       
# span 7 =    21.9842,    24.3045       
# span 8 = 0.0000e+00, 0.0000e+00       
# interval = decibars: 1                
# start_time = Sep 04 2015 16:16:45 [Instrument's time stamp, header]
# bad_flag = -9.990e-29
*END*
 247.682563      3.000  37.089374    14.9236     6.3884      2.975    29.8014    21.9842 0.0000e+00
 247.682589      4.000  37.075725    14.8772     6.1634      3.966    29.8243    22.0116 0.0000e+00
 247.682616      5.000  37.427084    14.8141     6.1279      4.958    30.1870    22.3040 0.0000e+00
 247.682642      6.000  37.966476    14.7308     6.1436      5.950    30.7366    22.7445 0.0000e+00
 247.682668      7.000  38.352488    14.6567     6.0871      6.942    31.1433    23.0733 0.0000e+00
 247.682691      8.000  38.675413    14.5035     6.1111      7.933    31.5594    23.4261 0.0000e+00
 247.682715      9.000  38.865706    14.4131     6.1249      8.925    31.8058    23.6349 0.0000e+00
 247.682740     10.000  38.916109    14.3888     6.1311      9.916    31.8713    23.6906 0.0000e+00
 247.682764     11.000  38.973863    14.3896     6.0652     10.908    31.9230    23.7302 0.0000e+00
 247.682788     12.000  38.972857    14.3281     5.9544     11.900    31.9725    23.7812 0.0000e+00
 247.682812     13.000  38.933232    14.1361     5.9455     12.891    32.0951    23.9156 0.0000e+00
 247.682837     14.000  38.907482    13.9833     5.8051     13.882    32.1986    24.0269 0.0000e+00
 247.682862     15.000  38.846545    13.8288     5.6774     14.874    32.2715    24.1148 0.0000e+00
 247.682889     16.000  38.799043    13.7270     5.4390     15.866    32.3128    24.1675 0.0000e+00
 247.682916     17.000  38.779637    13.6595     5.3886     16.857    32.3513    24.2109 0.0000e+00
 247.682939     18.000  38.780972    13.6509     5.4147     17.849    32.3595    24.2190 0.0000e+00
 247.682968     19.000  38.768434    13.6515     5.3100     18.841    32.3469    24.2092 0.0000e+00
 247.682993     20.000  38.752848    13.6179     5.3020     19.832    32.3605    24.2265 0.0000e+00
 247.683019     21.000  38.734048    13.5984     5.2673     20.824    32.3591    24.2294 0.0000e+00
 247.683043     22.000  38.717450    13.5814     5.2658     21.815    32.3577    24.2317 0.0000e+00
 247.683069     23.000  38.715473    13.5781     5.2541     22.807    32.3581    24.2328 0.0000e+00
 247.683093     24.000  38.710836    13.5714     5.1697     23.798    32.3592    24.2349 0.0000e+00
 247.683117     25.000  38.695066    13.5529     5.0886     24.790    32.3597    24.2391 0.0000e+00
 247.683143     26.000  38.648720    13.5121     5.1076     25.781    32.3507    24.2404 0.0000e+00
 247.683176     27.000  38.627063    13.4805     4.5589     26.773    32.3569    24.2515 0.0000e+00
 247.683204     28.000  38.485990    13.2991     4.4129     27.764    32.3786    24.3045 0.0000e+00
