data/oxygen options/ONMS/Olympic_Coast_National_Marine_Sanctuary_CTD_Data_2005_2023/raw_data/2015/CAST_KL050_150529faed.cnv
* Sea-Bird SBE19 Data File:
* FileName = C:\2015 Mooring Data\Casts\CAST_KL050_150529.hex
* Software Version 1.59
* Temperature SN = 2997
* Conductivity SN = 2997
* System UpLoad Time = May 29 2015 00:27:32
** CAST_KL050_150529
* ds
# nquan = 9                                 
# nvalues = 1455                        
# units = specified
# name 0 = timeJ: Julian Days
# name 1 = prSM: Pressure, Strain Gauge [db]
# name 2 = c0mS/cm: Conductivity [mS/cm]
# name 3 = t090C: Temperature [ITS-90, deg C]
# name 4 = sbeox0ML/L: Oxygen, SBE 43 [ml/l]
# name 5 = depSM: Depth [salt water, m], lat = 47.5
# name 6 = sal00: Salinity, Practical [PSU]
# name 7 = sigma-é00: Density [sigma-theta, kg/m^3]
# name 8 = flag: flag
# span 0 = 149.009583, 149.017998       
# span 1 =     -4.927,     50.843       
# span 2 =   0.175426,  36.936483       
# span 3 =     7.7233,    12.3341       
# span 4 =    -1.8795,    15.3298       
# span 5 =     -4.886,     50.412       
# span 6 =     0.1111,    33.5650       
# span 7 =    -0.4511,    26.1877       
# span 8 = 0.0000e+00, 0.0000e+00       
# interval = seconds: 0.5
# start_time = May 29 2015 00:13:48 [Instrument's time stamp, header]
# bad_flag = -9.990e-29
*END*
[from data line 161]
 149.010515     -1.506   0.182044    12.1507    -1.8738     -1.493     0.1156    -0.4275 -9.990e-29
 149.010521     -1.498   0.182032    12.1533    -1.8740     -1.486     0.1156    -0.4278 -9.990e-29
 149.010527     -1.490   0.181996    12.1536    -1.8739     -1.478     0.1156    -0.4279 -9.990e-29
 149.010532     -1.482   0.181887    12.1500    -1.8744     -1.470     0.1155    -0.4275 -9.990e-29
 149.010538     -1.473   0.181559    12.1442    -1.8747     -1.461     0.1153    -0.4270 -9.990e-29
 149.010544     -1.462   0.181127    12.1383    -1.8750     -1.450     0.1151    -0.4265 -9.990e-29
 149.010550     -1.449   0.181126    12.1341    -1.8753     -1.437     0.1151    -0.4260 -9.990e-29
 149.010556     -1.433   0.181554    12.1331    -1.8759     -1.421     0.1154    -0.4257 -9.990e-29
 149.010561     -1.416   0.181870    12.1337    -1.8759     -1.404     0.1156    -0.4256 -9.990e-29
 149.010567     -1.403   0.181939    12.1334    -1.8758     -1.391     0.1156    -0.4255 -9.990e-29
 149.010573     -1.388   0.181853    12.1317    -1.8759     -1.376     0.1156    -0.4253 -9.990e-29
 149.010579     -1.371   0.181495    12.1280    -1.8760     -1.360     0.1154    -0.4251 -9.990e-29
 149.010584     -1.354   0.180944    12.1222    -1.8759     -1.343     0.1150    -0.4247 -9.990e-29
 149.010590     -1.336   0.180576    12.1153    -1.8759     -1.325     0.1148    -0.4240 -9.990e-29
 149.010596     -1.320   0.180454    12.1077    -1.8761     -1.309     0.1147    -0.4232 -9.990e-29
 149.010602     -1.311   0.180413    12.0995    -1.8767     -1.300     0.1147    -0.4223 -9.990e-29
 149.010608     -1.302   0.180400    12.0926    -1.8770     -1.291     0.1147    -0.4215 -9.990e-29
 149.010613     -1.289   0.180396    12.0890    -1.8771     -1.278     0.1148    -0.4210 -9.990e-29
 149.010619     -1.276   0.180395    12.0876    -1.8772     -1.265     0.1148    -0.4209 -9.990e-29
 149.010625     -1.265   0.180395    12.0865    -1.8772     -1.254     0.1148    -0.4207 -9.990e-29
 149.010631     -1.257   0.180396    12.0858    -1.8773     -1.247     0.1148    -0.4207 -9.990e-29
 149.010637     -1.250   0.180396    12.0852    -1.8776     -1.240     0.1148    -0.4206 -9.990e-29
 149.010642     -1.245   0.180397    12.0828    -1.8777     -1.235     0.1148    -0.4203 -9.990e-29
 149.010648     -1.241   0.180397    12.0773    -1.8777     -1.231     0.1148    -0.4197 -9.990e-29
 149.010654     -1.237   0.180398    12.0697    -1.8776     -1.227     0.1148    -0.4188 -9.990e-29
 149.010660     -1.234   0.180398    12.0632    -1.8777     -1.224     0.1148    -0.4180 -9.990e-29
 149.010666     -1.231   0.180399    12.0592    -1.8779     -1.221     0.1148    -0.4175 -9.990e-29
 149.010671     -1.229   0.180400    12.0564    -1.8783     -1.219     0.1148    -0.4172 -9.990e-29
 149.010677     -1.226   0.180400    12.0541    -1.8790     -1.216     0.1148    -0.4169 -9.990e-29
 149.010683     -1.223   0.180399    12.0511    -1.8793     -1.213     0.1149    -0.4166 -9.990e-29
 149.010689     -1.219   0.180395    12.0476    -1.8793     -1.209     0.1149    -0.4162 -9.990e-29
 149.010694     -1.215   0.180382    12.0452    -1.8795     -1.205     0.1149    -0.4159 -9.990e-29
 149.010700     -1.209   0.180342    12.0442    -1.8794     -1.199     0.1148    -0.4158 -9.990e-29
 149.010706     -1.203   0.180223    12.0434    -1.8792     -1.193     0.1148    -0.4158 -9.990e-29
 149.010712     -1.194   0.179863    12.0409    -1.8792     -1.184     0.1145    -0.4156 -9.990e-29
 149.010718     -1.184   0.179337    12.0354    -1.8790     -1.174     0.1142    -0.4153 -9.990e-29
 149.010723     -1.170   0.179054    12.0267    -1.8789     -1.160     0.1141    -0.4144 -9.990e-29
 149.010729     -1.153   0.179192    12.0172    -1.8788     -1.143     0.1142    -0.4132 -9.990e-29
 149.010735     -1.135   0.179378    12.0100    -1.8787     -1.126     0.1143    -0.4123 -9.990e-29
 149.010741     -1.120   0.179303    12.0062    -1.8784     -1.111     0.1143    -0.4119 -9.990e-29
 149.010747     -1.102   0.179422    12.0049    -1.8782     -1.093     0.1144    -0.4117 -9.990e-29
 149.010752     -1.080   0.179894    12.0057    -1.8782     -1.071     0.1147    -0.4115 -9.990e-29
 149.010758     -1.061   0.180237    12.0077    -1.8782     -1.052     0.1149    -0.4116 -9.990e-29
 149.010764     -1.049   0.180352    12.0100    -1.8785     -1.040     0.1149    -0.4118 -9.990e-29
 149.010770     -1.042   0.180391    12.0125    -1.8788     -1.033     0.1150    -0.4121 -9.990e-29
 149.010775     -1.036   0.180404    12.0154    -1.8786     -1.027     0.1150    -0.4124 -9.990e-29
 149.010781     -1.026   0.180408    12.0185    -1.8785     -1.017     0.1149    -0.4128 -9.990e-29
 149.010787     -1.016   0.180410    12.0221    -1.8784     -1.008     0.1149    -0.4132 -9.990e-29
 149.010793     -1.010   0.180411    12.0262    -1.8783     -1.002     0.1149    -0.4137 -9.990e-29
 149.010799     -1.007   0.180412    12.0292    -1.8783     -0.999     0.1149    -0.4140 -9.990e-29
 149.010804     -1.006   0.180413    12.0304    -1.8782     -0.998     0.1149    -0.4141 -9.990e-29
 149.010810     -1.005   0.180414    12.0293    -1.8781     -0.997     0.1149    -0.4140 -9.990e-29
 149.010816     -0.997   0.180416    12.0261    -1.8780     -0.989     0.1149    -0.4136 -9.990e-29
 149.010822     -0.988   0.180421    12.0236    -1.8780     -0.980     0.1149    -0.4133 -9.990e-29
 149.010828     -0.980   0.180435    12.0240    -1.8780     -0.972     0.1150    -0.4134 -9.990e-29
 149.010833     -0.973   0.180477    12.0261    -1.8783     -0.965     0.1150    -0.4136 -9.990e-29
 149.010839     -0.968   0.180600    12.0283    -1.8785     -0.960     0.1150    -0.4138 -9.990e-29
 149.010845     -0.962   0.180970    12.0301    -1.8788     -0.954     0.1153    -0.4138 -9.990e-29
 149.010851     -0.957   0.181523    12.0315    -1.8787     -0.949     0.1156    -0.4137 -9.990e-29
 149.010856     -0.952   0.181885    12.0330    -1.8786     -0.944     0.1159    -0.4137 -9.990e-29
 149.010862     -0.946   0.181981    12.0348    -1.8786     -0.938     0.1159    -0.4139 -9.990e-29
 149.010868     -0.939   0.181941    12.0361    -1.8786     -0.931     0.1159    -0.4140 -9.990e-29
 149.010874     -0.930   0.181708    12.0363    -1.8783     -0.922     0.1157    -0.4142 -9.990e-29
 149.010880     -0.920   0.181528    12.0343    -1.8780     -0.912     0.1156    -0.4140 -9.990e-29
 149.010885     -0.907   0.181715    12.0302    -1.8777     -0.899     0.1158    -0.4135 -9.990e-29
 149.010891     -0.890   0.181963    12.0261    -1.8773     -0.883     0.1159    -0.4129 -9.990e-29
 149.010897     -0.869   0.182046    12.0237    -1.8770     -0.862     0.1160    -0.4125 -9.990e-29
 149.010903     -0.846   0.182074    12.0232    -1.8768     -0.839     0.1160    -0.4125 -9.990e-29
 149.010909     -0.825   0.182084    12.0240    -1.8765     -0.818     0.1160    -0.4126 -9.990e-29
 149.010914     -0.804   0.182088    12.0255    -1.8761     -0.797     0.1160    -0.4127 -9.990e-29
 149.010920     -0.785   0.182089    12.0283    -1.8759     -0.778     0.1160    -0.4131 -9.990e-29
 149.010926     -0.773   0.182090    12.0333    -1.8757     -0.767     0.1160    -0.4136 -9.990e-29
 149.010932     -0.765   0.182091    12.0400    -1.8754     -0.759     0.1160    -0.4144 -9.990e-29
 149.010938     -0.762   0.182091    12.0473    -1.8749     -0.756     0.1159    -0.4153 -9.990e-29
 149.010943     -0.763   0.182092    12.0547    -1.8747     -0.757     0.1159    -0.4161 -9.990e-29
 149.010949     -0.765   0.182093    12.0617    -1.8742     -0.759     0.1159    -0.4170 -9.990e-29
 149.010955     -0.763   0.182093    12.0682    -1.8741     -0.757     0.1159    -0.4177 -9.990e-29
 149.010961     -0.761   0.182094    12.0752    -1.8738     -0.755     0.1159    -0.4186 -9.990e-29
 149.010966     -0.759   0.182094    12.0827    -1.8735     -0.753     0.1159    -0.4194 -9.990e-29
 149.010972     -0.753   0.182095    12.0895    -1.8729     -0.747     0.1158    -0.4202 -9.990e-29
 149.010978     -0.747   0.182095    12.0960    -1.8727     -0.741     0.1158    -0.4210 -9.990e-29
 149.010984     -0.744   0.182096    12.1032    -1.8725     -0.738     0.1158    -0.4218 -9.990e-29
 149.010990     -0.744   0.182097    12.1110    -1.8726     -0.738     0.1158    -0.4228 -9.990e-29
 149.010995     -0.744   0.182097    12.1189    -1.8729     -0.738     0.1158    -0.4237 -9.990e-29
 149.011001     -0.738   0.182097    12.1264    -1.8732     -0.732     0.1157    -0.4246 -9.990e-29
 149.011007     -0.726   0.182097    12.1335    -1.8733     -0.720     0.1157    -0.4254 -9.990e-29
 149.011013     -0.709   0.182098    12.1410    -1.8733     -0.703     0.1157    -0.4263 -9.990e-29
 149.011019     -0.687   0.182098    12.1497    -1.8731     -0.681     0.1157    -0.4273 -9.990e-29
 149.011024     -0.670   0.182098    12.1584    -1.8737     -0.664     0.1157    -0.4284 -9.990e-29
 149.011030     -0.660   0.182097    12.1647    -1.8738     -0.654     0.1156    -0.4291 -9.990e-29
 149.011036     -0.657   0.182096    12.1672    -1.8737     -0.652     0.1156    -0.4294 -9.990e-29
 149.011042     -0.659   0.182095    12.1658    -1.8740     -0.654     0.1156    -0.4293 -9.990e-29
 149.011047     -0.664   0.182090    12.1615    -1.8743     -0.658     0.1156    -0.4287 -9.990e-29
 149.011053     -0.668   0.182076    12.1568    -1.8746     -0.662     0.1156    -0.4282 -9.990e-29
 149.011059     -0.670   0.182035    12.1538    -1.8748     -0.664     0.1156    -0.4279 -9.990e-29
 149.011065     -0.670   0.181912    12.1525    -1.8749     -0.664     0.1156    -0.4278 -9.990e-29
 149.011071     -0.669   0.181543    12.1503    -1.8749     -0.663     0.1153    -0.4277 -9.990e-29
 149.011076     -0.666   0.180991    12.1458    -1.8747     -0.660     0.1150    -0.4274 -9.990e-29
 149.011082     -0.662   0.180630    12.1417    -1.8745     -0.656     0.1148    -0.4271 -9.990e-29
 149.011088     -0.656   0.180534    12.1384    -1.8748     -0.651     0.1147    -0.4268 -9.990e-29
 149.011094     -0.648   0.180575    12.1336    -1.8750     -0.643     0.1147    -0.4262 -9.990e-29
 149.011100     -0.637   0.180808    12.1277    -1.8752     -0.632     0.1149    -0.4254 -9.990e-29
 149.011105     -0.623   0.180989    12.1224    -1.8752     -0.618     0.1150    -0.4247 -9.990e-29
 149.011111     -0.604   0.180802    12.1185    -1.8756     -0.599     0.1149    -0.4243 -9.990e-29
 149.011117     -0.584   0.180554    12.1164    -1.8760     -0.579     0.1148    -0.4242 -9.990e-29
 149.011123     -0.565   0.180472    12.1166    -1.8764     -0.560     0.1147    -0.4242 -9.990e-29
 149.011128     -0.547   0.180444    12.1183    -1.8764     -0.542     0.1147    -0.4245 -9.990e-29
 149.011134     -0.533   0.180435    12.1188    -1.8760     -0.529     0.1147    -0.4245 -9.990e-29
 149.011140     -0.525   0.180432    12.1166    -1.8759     -0.521     0.1147    -0.4243 -9.990e-29
 149.011146     -0.520   0.180431    12.1130    -1.8756     -0.516     0.1147    -0.4238 -9.990e-29
 149.011152     -0.513   0.180431    12.1091    -1.8753     -0.509     0.1147    -0.4234 -9.990e-29
 149.011157     -0.506   0.180431    12.1043    -1.8752     -0.502     0.1147    -0.4228 -9.990e-29
 149.011163     -0.506   0.180431    12.0975    -1.8747     -0.502     0.1148    -0.4220 -9.990e-29
 149.011169     -0.506   0.180431    12.0901    -1.8745     -0.502     0.1148    -0.4211 -9.990e-29
 149.011175     -0.502   0.180431    12.0848    -1.8742     -0.498     0.1148    -0.4205 -9.990e-29
 149.011181     -0.500   0.180431    12.0839    -1.8739     -0.496     0.1148    -0.4204 -9.990e-29
 149.011186     -0.502   0.180431    12.0873    -1.8737     -0.498     0.1148    -0.4208 -9.990e-29
 149.011192     -0.505   0.180431    12.0925    -1.8732     -0.501     0.1148    -0.4214 -9.990e-29
 149.011198     -0.505   0.180430    12.0980    -1.8729     -0.501     0.1147    -0.4221 -9.990e-29
 149.011204     -0.506   0.180429    12.1038    -1.8727     -0.502     0.1147    -0.4227 -9.990e-29
 149.011209     -0.508   0.180426    12.1102    -1.8723     -0.504     0.1147    -0.4235 -9.990e-29
 149.011215     -0.507   0.180417    12.1172    -1.8722     -0.503     0.1147    -0.4243 -9.990e-29
 149.011221     -0.503   0.180390    12.1244    -1.8720     -0.499     0.1147    -0.4252 -9.990e-29
 149.011227     -0.495   0.180307    12.1314    -1.8718     -0.491     0.1146    -0.4261 -9.990e-29
 149.011233     -0.487   0.180060    12.1384    -1.8717     -0.483     0.1144    -0.4270 -9.990e-29
 149.011238     -0.483   0.179875    12.1459    -1.8715     -0.479     0.1143    -0.4280 -9.990e-29
 149.011244     -0.484   0.180059    12.1542    -1.8715     -0.480     0.1144    -0.4289 -9.990e-29
 149.011250     -0.484   0.180305    12.1622    -1.8716     -0.480     0.1145    -0.4297 -9.990e-29
 149.011256     -0.479   0.180383    12.1689    -1.8717     -0.475     0.1145    -0.4305 -9.990e-29
 149.011262     -0.473   0.180398    12.1747    -1.8717     -0.469     0.1145    -0.4312 -9.990e-29
 149.011267     -0.467   0.180370    12.1800    -1.8720     -0.463     0.1145    -0.4318 -9.990e-29
 149.011273     -0.454   0.180263    12.1848    -1.8725     -0.450     0.1144    -0.4324 -9.990e-29
 149.011279     -0.439   0.179934    12.1890    -1.8728     -0.435     0.1142    -0.4331 -9.990e-29
 149.011285     -0.426   0.179500    12.1926    -1.8731     -0.422     0.1139    -0.4337 -9.990e-29
 149.011291     -0.412   0.179491    12.1949    -1.8731     -0.409     0.1139    -0.4340 -9.990e-29
 149.011296     -0.402   0.179895    12.1949    -1.8734     -0.399     0.1141    -0.4338 -9.990e-29
 149.011302     -0.400   0.180142    12.1933    -1.8736     -0.397     0.1143    -0.4335 -9.990e-29
 149.011308     -0.400   0.180005    12.1911    -1.8739     -0.397     0.1142    -0.4333 -9.990e-29
 149.011314     -0.399   0.179856    12.1878    -1.8739     -0.396     0.1141    -0.4330 -9.990e-29
 149.011319     -0.396   0.180053    12.1820    -1.8742     -0.393     0.1143    -0.4322 -9.990e-29
 149.011325     -0.391   0.180304    12.1743    -1.8744     -0.388     0.1145    -0.4312 -9.990e-29
 149.011331     -0.385   0.180386    12.1670    -1.8746     -0.382     0.1145    -0.4302 -9.990e-29
 149.011337     -0.376   0.180410    12.1614    -1.8747     -0.373     0.1146    -0.4296 -9.990e-29
 149.011343     -0.369   0.180406    12.1568    -1.8745     -0.366     0.1146    -0.4290 -9.990e-29
 149.011348     -0.366   0.180371    12.1519    -1.8745     -0.363     0.1146    -0.4285 -9.990e-29
 149.011354     -0.364   0.180258    12.1467    -1.8742     -0.361     0.1145    -0.4279 -9.990e-29
 149.011360     -0.359   0.179916    12.1419    -1.8741     -0.356     0.1143    -0.4275 -9.990e-29
 149.011366     -0.354   0.179443    12.1374    -1.8738     -0.351     0.1140    -0.4272 -9.990e-29
 149.011372     -0.352   0.179319    12.1328    -1.8738     -0.349     0.1139    -0.4267 -9.990e-29
 149.011377     -0.351   0.179381    12.1287    -1.8735     -0.348     0.1140    -0.4262 -9.990e-29
 149.011383     -0.345   0.179155    12.1259    -1.8736     -0.342     0.1139    -0.4260 -9.990e-29
 149.011389     -0.334   0.178895    12.1250    -1.8738     -0.331     0.1137    -0.4260 -9.990e-29
 149.011395     -0.322   0.178808    12.1261    -1.8741     -0.319     0.1136    -0.4262 -9.990e-29
 149.011400     -0.312   0.178779    12.1289    -1.8744     -0.309     0.1136    -0.4265 -9.990e-29
 149.011406     -0.304   0.178769    12.1328    -1.8743     -0.301     0.1136    -0.4270 -9.990e-29
 149.011412     -0.296   0.178765    12.1369    -1.8743     -0.294     0.1136    -0.4275 -9.990e-29
 149.011418     -0.289   0.178764    12.1407    -1.8744     -0.287     0.1136    -0.4279 -9.990e-29
 149.011424     -0.282   0.178764    12.1439    -1.8742     -0.280     0.1136    -0.4283 -9.990e-29
 149.011429     -0.275   0.178764    12.1459    -1.8736     -0.273     0.1136    -0.4286 -9.990e-29
