data/oxygen options/ONMS/Olympic_Coast_National_Marine_Sanctuary_CTD_Data_2005_2023/raw_data/2015/CAST_TH015_150529faed.cnv
* Sea-Bird SBE19 Data File:
* FileName = C:\2015 Mooring Data\Casts\CAST_TH015_150529.hex
* Software Version 1.59
* Temperature SN = 2997
* Conductivity SN = 2997
* System UpLoad Time = May 29 2015 16:48:23
** CAST_TH015_150529
* ds
# nquan = 9                                 
# nvalues = 878                         
# units = specified
# name 0 = timeJ: Julian Days
# name 1 = prSM: Pressure, Strain Gauge [db]
# name 2 = c0mS/cm: Conductivity [mS/cm]
# name 3 = t090C: Temperature [ITS-90, deg C]
# name 4 = sbeox0ML/L: Oxygen, SBE 43 [ml/l]
# name 5 = depSM: Depth [salt water, m], lat = 47.5
# name 6 = sal00: Salinity, Practical [PSU]
# name 7 = sigma-é00: Density [sigma-theta, kg/m^3]
# name 8 = flag: flag
# span 0 = 149.693785, 149.698860       
# span 1 =     -4.885,     16.974       
# span 2 =   0.027311,  37.375423       
# span 3 =    10.9326,    12.0175       
# span 4 =    -1.9103,    14.9896       
# span 5 =     -4.844,     16.832       
# span 6 =     0.0201,    32.6657       
# span 7 =    -0.4360,    24.9565       
# span 8 = 0.0000e+00, 0.0000e+00       
# interval = seconds: 0.5
# start_time = May 29 2015 16:39:03 [Instrument's time stamp, header]
# bad_flag = -9.990e-29
*END*
[from data line 481]
 149.696568      1.265  36.704616    11.8089     8.4949      1.254    31.9670    24.2697 -9.990e-29
 149.696574      1.274  36.692113    11.8117     8.5115      1.263    31.9524    24.2579 -9.990e-29
 149.696580      1.284  36.682443    11.8134     8.5146      1.273    31.9416    24.2492 -9.990e-29
 149.696586      1.288  36.677492    11.8142     8.5141      1.277    31.9361    24.2448 -9.990e-29
 149.696591      1.284  36.675689    11.8167     8.5153      1.273    31.9322    24.2413 -9.990e-29
 149.696597      1.282  36.676420    11.8212     8.5086      1.271    31.9291    24.2380 -9.990e-29
 149.696603      1.285  36.677771    11.8252     8.5302      1.274    31.9270    24.2356 -9.990e-29
 149.696609      1.295  36.677717    11.8277     8.5547      1.284    31.9248    24.2334 -9.990e-29
 149.696615      1.306  36.676060    11.8289     8.5977      1.295    31.9221    24.2312 -9.990e-29
 149.696620      1.312  36.675116    11.8289     8.6174      1.301    31.9212    24.2305 -9.990e-29
 149.696626      1.308  36.675909    11.8284     8.6326      1.297    31.9224    24.2315 -9.990e-29
 149.696632      1.299  36.680660    11.8278     8.6473      1.288    31.9275    24.2356 -9.990e-29
 149.696638      1.292  36.696306    11.8269     8.6414      1.281    31.9434    24.2481 -9.990e-29
 149.696644      1.292  36.717406    11.8261     8.6354      1.281    31.9646    24.2646 -9.990e-29
 149.696649      1.297  36.723936    11.8262     8.6277      1.286    31.9708    24.2694 -9.990e-29
 149.696655      1.310  36.717917    11.8256     8.6124      1.299    31.9655    24.2654 -9.990e-29
 149.696661      1.330  36.717707    11.8226     8.5766      1.319    31.9678    24.2678 -9.990e-29
 149.696667      1.350  36.725871    11.8181     8.5379      1.339    31.9796    24.2778 -9.990e-29
 149.696672      1.363  36.729234    11.8153     8.5240      1.352    31.9853    24.2827 -9.990e-29
 149.696678      1.373  36.723353    11.8153     8.5128      1.362    31.9796    24.2783 -9.990e-29
 149.696684      1.383  36.716121    11.8169     8.4957      1.371    31.9712    24.2715 -9.990e-29
 149.696690      1.388  36.705784    11.8188     8.4864      1.376    31.9595    24.2621 -9.990e-29
 149.696696      1.387  36.690368    11.8205     8.4783      1.375    31.9432    24.2490 -9.990e-29
 149.696701      1.382  36.677945    11.8222     8.5026      1.370    31.9297    24.2383 -9.990e-29
 149.696707      1.377  36.673851    11.8236     8.5394      1.366    31.9245    24.2340 -9.990e-29
 149.696713      1.374  36.673229    11.8238     8.5639      1.363    31.9237    24.2334 -9.990e-29
 149.696719      1.374  36.673610    11.8231     8.5741      1.363    31.9247    24.2342 -9.990e-29
 149.696725      1.377  36.677225    11.8226     8.5765      1.366    31.9286    24.2374 -9.990e-29
 149.696730      1.380  36.682770    11.8211     8.5769      1.368    31.9353    24.2428 -9.990e-29
 149.696736      1.377  36.690395    11.8159     8.5784      1.366    31.9471    24.2530 -9.990e-29
 149.696742      1.373  36.703580    11.8057     8.5808      1.362    31.9687    24.2716 -9.990e-29
 149.696748      1.372  36.720893    11.7940     8.5934      1.361    31.9955    24.2945 -9.990e-29
 149.696753      1.373  36.736875    11.7873     8.6012      1.362    32.0168    24.3123 -9.990e-29
 149.696759      1.378  36.747093    11.7867     8.6043      1.366    32.0272    24.3205 -9.990e-29
 149.696765      1.381  36.746714    11.7893     8.5938      1.369    32.0246    24.3180 -9.990e-29
 149.696771      1.379  36.740878    11.7919     8.5718      1.367    32.0167    24.3114 -9.990e-29
 149.696777      1.372  36.738657    11.7915     8.5405      1.361    32.0149    24.3100 -9.990e-29
 149.696782      1.363  36.743857    11.7892     8.5406      1.352    32.0219    24.3159 -9.990e-29
 149.696788      1.357  36.753927    11.7882     8.5412      1.346    32.0325    24.3243 -9.990e-29
 149.696794      1.353  36.757674    11.7884     8.5432      1.342    32.0360    24.3270 -9.990e-29
 149.696800      1.354  36.753411    11.7876     8.5679      1.343    32.0325    24.3245 -9.990e-29
 149.696806      1.361  36.750068    11.7849     8.5940      1.350    32.0316    24.3242 -9.990e-29
 149.696811      1.367  36.748833    11.7823     8.6086      1.356    32.0327    24.3255 -9.990e-29
 149.696817      1.370  36.748101    11.7818     8.6216      1.359    32.0324    24.3254 -9.990e-29
 149.696823      1.376  36.749736    11.7833     8.6179      1.365    32.0327    24.3254 -9.990e-29
 149.696829      1.381  36.752037    11.7849     8.6028      1.369    32.0335    24.3257 -9.990e-29
 149.696834      1.381  36.754751    11.7854     8.6090      1.369    32.0357    24.3273 -9.990e-29
 149.696840      1.380  36.758177    11.7858     8.6005      1.368    32.0387    24.3296 -9.990e-29
 149.696846      1.383  36.759638    11.7872     8.5921      1.371    32.0389    24.3295 -9.990e-29
 149.696852      1.384  36.760001    11.7891     8.5858      1.372    32.0376    24.3281 -9.990e-29
 149.696858      1.381  36.760914    11.7904     8.5636      1.369    32.0374    24.3277 -9.990e-29
 149.696863      1.377  36.760833    11.7908     8.5565      1.366    32.0370    24.3273 -9.990e-29
 149.696869      1.376  36.758570    11.7907     8.5483      1.365    32.0349    24.3257 -9.990e-29
 149.696875      1.378  36.753394    11.7904     8.5573      1.366    32.0301    24.3221 -9.990e-29
 149.696881      1.383  36.746289    11.7898     8.5615      1.371    32.0237    24.3172 -9.990e-29
 149.696887      1.387  36.740155    11.7883     8.5465      1.375    32.0191    24.3139 -9.990e-29
 149.696892      1.387  36.734139    11.7861     8.5339      1.375    32.0151    24.3112 -9.990e-29
 149.696898      1.386  36.727547    11.7853     8.5065      1.374    32.0094    24.3070 -9.990e-29
 149.696904      1.389  36.721719    11.7870     8.5016      1.377    32.0023    24.3011 -9.990e-29
 149.696910      1.396  36.713969    11.7905     8.5037      1.384    31.9918    24.2923 -9.990e-29
 149.696916      1.407  36.700732    11.7925     8.5182      1.395    31.9773    24.2806 -9.990e-29
 149.696921      1.420  36.687378    11.7915     8.5305      1.408    31.9652    24.2714 -9.990e-29
 149.696927      1.429  36.681364    11.7906     8.5280      1.417    31.9601    24.2677 -9.990e-29
 149.696933      1.436  36.681437    11.7913     8.5223      1.424    31.9596    24.2671 -9.990e-29
 149.696939      1.442  36.682690    11.7933     8.5063      1.430    31.9591    24.2664 -9.990e-29
 149.696944      1.446  36.682914    11.7953     8.5169      1.434    31.9576    24.2649 -9.990e-29
 149.696950      1.450  36.683007    11.7963     8.5282      1.438    31.9568    24.2641 -9.990e-29
 149.696956      1.453  36.683698    11.7972     8.5346      1.441    31.9567    24.2638 -9.990e-29
 149.696962      1.455  36.684267    11.7982     8.5371      1.443    31.9564    24.2634 -9.990e-29
 149.696968      1.456  36.684395    11.7984     8.5613      1.444    31.9563    24.2633 -9.990e-29
 149.696973      1.458  36.684854    11.7982     8.5702      1.446    31.9569    24.2638 -9.990e-29
 149.696979      1.459  36.685737    11.7983     8.5835      1.447    31.9577    24.2644 -9.990e-29
 149.696985      1.459  36.686020    11.7989     8.5619      1.447    31.9575    24.2641 -9.990e-29
 149.696991      1.460  36.685562    11.8002     8.5456      1.448    31.9559    24.2627 -9.990e-29
 149.696997      1.460  36.684914    11.8023     8.5224      1.448    31.9535    24.2604 -9.990e-29
 149.697002      1.461  36.684375    11.8045     8.5238      1.449    31.9511    24.2581 -9.990e-29
 149.697008      1.461  36.683829    11.8057     8.5385      1.449    31.9495    24.2567 -9.990e-29
 149.697014      1.462  36.682589    11.8058     8.5488      1.450    31.9482    24.2557 -9.990e-29
 149.697020      1.462  36.680725    11.8060     8.5413      1.450    31.9462    24.2541 -9.990e-29
 149.697025      1.462  36.679155    11.8066     8.5389      1.450    31.9442    24.2524 -9.990e-29
 149.697031      1.462  36.678629    11.8070     8.5273      1.450    31.9434    24.2517 -9.990e-29
 149.697037      1.463  36.679048    11.8072     8.5300      1.451    31.9436    24.2518 -9.990e-29
 149.697043      1.463  36.678769    11.8073     8.5259      1.451    31.9432    24.2515 -9.990e-29
 149.697049      1.463  36.676342    11.8071     8.5313      1.451    31.9411    24.2499 -9.990e-29
 149.697054      1.464  36.673614    11.8061     8.5415      1.452    31.9393    24.2487 -9.990e-29
 149.697060      1.464  36.672596    11.8035     8.5369      1.452    31.9405    24.2501 -9.990e-29
 149.697066      1.465  36.671969    11.7969     8.5452      1.453    31.9456    24.2553 -9.990e-29
 149.697072      1.466  36.672061    11.7851     8.5355      1.454    31.9558    24.2654 -9.990e-29
 149.697078      1.467  36.671355    11.7748     8.5263      1.455    31.9640    24.2736 -9.990e-29
 149.697083      1.468  36.666149    11.7750     8.5079      1.456    31.9588    24.2695 -9.990e-29
 149.697089      1.470  36.661307    11.7825     8.4965      1.458    31.9476    24.2595 -9.990e-29
 149.697095      1.472  36.662742    11.7884     8.4942      1.460    31.9439    24.2555 -9.990e-29
 149.697101      1.474  36.665684    11.7886     8.4933      1.462    31.9466    24.2576 -9.990e-29
 149.697106      1.478  36.663452    11.7855     8.5069      1.466    31.9471    24.2585 -9.990e-29
 149.697112      1.483  36.658716    11.7851     8.4939      1.471    31.9429    24.2553 -9.990e-29
 149.697118      1.488  36.655290    11.7886     8.4927      1.476    31.9365    24.2498 -9.990e-29
 149.697124      1.492  36.650889    11.7931     8.4818      1.480    31.9284    24.2426 -9.990e-29
 149.697130      1.488  36.646969    11.7968     8.4925      1.476    31.9214    24.2365 -9.990e-29
 149.697135      1.483  36.646754    11.7981     8.5140      1.471    31.9201    24.2353 -9.990e-29
 149.697141      1.478  36.648877    11.7955     8.5305      1.466    31.9244    24.2391 -9.990e-29
 149.697147      1.474  36.653971    11.7904     8.5531      1.462    31.9337    24.2472 -9.990e-29
 149.697153      1.472  36.662145    11.7869     8.5494      1.460    31.9447    24.2564 -9.990e-29
 149.697159      1.470  36.669206    11.7869     8.5360      1.458    31.9515    24.2617 -9.990e-29
 149.697164      1.468  36.671158    11.7894     8.5141      1.456    31.9512    24.2610 -9.990e-29
 149.697170      1.467  36.667843    11.7931     8.5011      1.455    31.9448    24.2554 -9.990e-29
 149.697176      1.466  36.663847    11.7964     8.5008      1.454    31.9381    24.2496 -9.990e-29
 149.697182      1.465  36.661730    11.7987     8.5159      1.453    31.9341    24.2460 -9.990e-29
 149.697188      1.464  36.659832    11.8003     8.5175      1.452    31.9309    24.2432 -9.990e-29
 149.697193      1.464  36.657908    11.8015     8.5147      1.452    31.9280    24.2408 -9.990e-29
 149.697199      1.463  36.657356    11.8028     8.5116      1.451    31.9264    24.2393 -9.990e-29
 149.697205      1.463  36.658042    11.8039     8.5027      1.451    31.9261    24.2388 -9.990e-29
 149.697211      1.463  36.658120    11.8038     8.5045      1.451    31.9262    24.2390 -9.990e-29
 149.697216      1.463  36.657175    11.8006     8.4876      1.451    31.9281    24.2410 -9.990e-29
 149.697222      1.462  36.656793    11.7959     8.4674      1.450    31.9317    24.2447 -9.990e-29
 149.697228      1.462  36.657064    11.7952     8.4603      1.450    31.9326    24.2455 -9.990e-29
 149.697234      1.462  36.656709    11.7975     8.4568      1.450    31.9303    24.2433 -9.990e-29
 149.697240      1.462  36.656977    11.7977     8.4778      1.450    31.9304    24.2433 -9.990e-29
 149.697245      1.462  36.660508    11.7953     8.5126      1.450    31.9359    24.2480 -9.990e-29
 149.697251      1.462  36.663085    11.7921     8.5258      1.450    31.9411    24.2527 -9.990e-29
 149.697257      1.462  36.659779    11.7901     8.5264      1.450    31.9396    24.2519 -9.990e-29
 149.697263      1.462  36.656310    11.7918     8.5172      1.450    31.9348    24.2478 -9.990e-29
 149.697269      1.462  36.656500    11.7952     8.4997      1.450    31.9321    24.2451 -9.990e-29
 149.697274      1.462  36.657281    11.7966     8.5030      1.450    31.9316    24.2445 -9.990e-29
 149.697280      1.462  36.658055    11.7963     8.5040      1.450    31.9326    24.2453 -9.990e-29
 149.697286      1.463  36.659890    11.7967     8.4809      1.451    31.9341    24.2463 -9.990e-29
 149.697292      1.463  36.662417    11.7991     8.4415      1.451    31.9344    24.2462 -9.990e-29
 149.697297      1.463  36.664403    11.8033     8.4420      1.451    31.9328    24.2441 -9.990e-29
 149.697303      1.463  36.664369    11.8083     8.4546      1.451    31.9284    24.2399 -9.990e-29
 149.697309      1.463  36.662619    11.8123     8.4661      1.451    31.9233    24.2351 -9.990e-29
 149.697315      1.464  36.661106    11.8144     8.4676      1.452    31.9200    24.2322 -9.990e-29
 149.697321      1.464  36.659298    11.8150     8.4394      1.452    31.9178    24.2303 -9.990e-29
 149.697326      1.465  36.656827    11.8142     8.4039      1.453    31.9161    24.2292 -9.990e-29
 149.697332      1.466  36.655246    11.8134     8.3834      1.454    31.9152    24.2287 -9.990e-29
 149.697338      1.467  36.654492    11.8121     8.3896      1.455    31.9156    24.2292 -9.990e-29
 149.697344      1.468  36.653919    11.8063     8.4000      1.456    31.9200    24.2337 -9.990e-29
 149.697350      1.470  36.652566    11.7958     8.4266      1.458    31.9277    24.2416 -9.990e-29
 149.697355      1.473  36.648992    11.7873     8.4383      1.461    31.9316    24.2461 -9.990e-29
 149.697361      1.476  36.645518    11.7822     8.4455      1.464    31.9326    24.2479 -9.990e-29
 149.697367      1.479  36.645158    11.7759     8.4493      1.467    31.9376    24.2529 -9.990e-29
 149.697373      1.484  36.645550    11.7685     8.4272      1.472    31.9444    24.2595 -9.990e-29
 149.697378      1.491  36.644776    11.7648     8.4067      1.479    31.9468    24.2621 -9.990e-29
 149.697384      1.499  36.644970    11.7657     8.4004      1.486    31.9462    24.2615 -9.990e-29
 149.697390      1.510  36.646189    11.7669     8.3971      1.497    31.9464    24.2614 -9.990e-29
 149.697396      1.519  36.645937    11.7653     8.4125      1.506    31.9475    24.2625 -9.990e-29
 149.697402      1.519  36.643680    11.7599     8.4305      1.506    31.9499    24.2654 -9.990e-29
 149.697407      1.510  36.641255    11.7521     8.4359      1.497    31.9543    24.2702 -9.990e-29
 149.697413      1.500  36.640836    11.7447     8.4311      1.487    31.9603    24.2762 -9.990e-29
 149.697419      1.492  36.641666    11.7391     8.4136      1.480    31.9659    24.2816 -9.990e-29
 149.697425      1.486  36.640728    11.7407     8.3878      1.474    31.9636    24.2795 -9.990e-29
 149.697431      1.482  36.637693    11.7506     8.3672      1.470    31.9522    24.2688 -9.990e-29
 149.697436      1.479  36.635042    11.7606     8.3638      1.467    31.9410    24.2583 -9.990e-29
 149.697442      1.477  36.634085    11.7649     8.3778      1.465    31.9364    24.2540 -9.990e-29
 149.697448      1.475  36.634474    11.7645     8.3738      1.463    31.9371    24.2546 -9.990e-29
 149.697454      1.475  36.635411    11.7615     8.3594      1.463    31.9406    24.2578 -9.990e-29
 149.697459      1.476  36.635706    11.7572     8.3573      1.464    31.9446    24.2617 -9.990e-29
 149.697465      1.477  36.634432    11.7534     8.3621      1.465    31.9466    24.2640 -9.990e-29
 149.697471      1.479  36.633054    11.7513     8.3625      1.467    31.9471    24.2647 -9.990e-29
 149.697477      1.483  36.633460    11.7507     8.3514      1.471    31.9480    24.2656 -9.990e-29
 149.697483      1.487  36.634311    11.7495     8.3261      1.475    31.9498    24.2672 -9.990e-29
