data/oxygen options/ONMS/Olympic_Coast_National_Marine_Sanctuary_CTD_Data_2005_2023/raw_data/2015/CAST_CE015_150826faed.cnv
* Sea-Bird SBE19 Data File:
* FileName = C:\2015 Mooring Data\Casts\CAST_CE015_150826.hex
* Software Version 1.59
* Temperature SN = 2997
* Conductivity SN = 2997
* System UpLoad Time = Aug 26 2015 21:55:23
** CAST_CE015_150826
* ds
# nquan = 9                                 
# nvalues = 765                         
# units = specified
# name 0 = timeJ: Julian Days
# name 1 = prSM: Pressure, Strain Gauge [db]
# name 2 = c0mS/cm: Conductivity [mS/cm]
# name 3 = t090C: Temperature [ITS-90, deg C]
# name 4 = sbeox0ML/L: Oxygen, SBE 43 [ml/l]
# name 5 = depSM: Depth [salt water, m], lat = 47.5
# name 6 = sal00: Salinity, Practical [PSU]
# name 7 = sigma-é00: Density [sigma-theta, kg/m^3]
# name 8 = flag: flag
# span 0 = 238.907755, 238.912176       
# span 1 =     -1.482,     16.440       
# span 2 =   0.690780,  40.566649       
# span 3 =     8.8628,    20.4905       
# span 4 =    -1.6915,    13.5640       
# span 5 =     -1.470,     16.302       
# span 6 =     0.3748,    33.6985       
# span 7 =    -1.5991,    25.8730       
# span 8 = 0.0000e+00, 0.0000e+00       
# interval = seconds: 0.5
# start_time = Aug 26 2015 21:47:10 [Instrument's time stamp, header]
# bad_flag = -9.990e-29
*END*
[from data line 641]
 238.911464     15.584  35.591806     9.0105     1.7265     15.453    33.3566    25.8300 -9.990e-29
 238.911470     15.471  35.597191     9.0177     1.7270     15.341    33.3555    25.8280 -9.990e-29
 238.911476     15.346  35.603881     9.0217     1.7329     15.217    33.3588    25.8299 0.0000e+00
 238.911481     15.213  35.607883     9.0232     1.7337     15.085    33.3616    25.8319 0.0000e+00
 238.911487     15.082  35.609464     9.0235     1.7412     14.956    33.3630    25.8329 0.0000e+00
 238.911493     14.957  35.610145     9.0240     1.7448     14.832    33.3633    25.8331 -9.990e-29
 238.911499     14.839  35.611928     9.0261     1.7388     14.715    33.3632    25.8327 -9.990e-29
 238.911505     14.728  35.615480     9.0291     1.7328     14.605    33.3642    25.8330 -9.990e-29
 238.911510     14.621  35.619346     9.0312     1.7252     14.498    33.3663    25.8343 -9.990e-29
 238.911516     14.513  35.621369     9.0336     1.7284     14.391    33.3662    25.8338 -9.990e-29
 238.911522     14.395  35.621979     9.0372     1.7365     14.274    33.3635    25.8311 -9.990e-29
 238.911528     14.266  35.623081     9.0404     1.7375     14.146    33.3617    25.8292 0.0000e+00
 238.911534     14.129  35.623874     9.0418     1.7489     14.011    33.3613    25.8287 0.0000e+00
 238.911539     13.993  35.623149     9.0422     1.7602     13.876    33.3602    25.8278 0.0000e+00
 238.911545     13.867  35.623273     9.0440     1.7658     13.751    33.3587    25.8263 -9.990e-29
 238.911551     13.750  35.627187     9.0481     1.7765     13.635    33.3590    25.8259 -9.990e-29
 238.911557     13.636  35.632799     9.0542     1.7900     13.522    33.3592    25.8251 -9.990e-29
 238.911563     13.521  35.637476     9.0623     1.7995     13.408    33.3565    25.8217 -9.990e-29
 238.911568     13.403  35.642382     9.0707     1.8218     13.291    33.3538    25.8182 -9.990e-29
 238.911574     13.279  35.647870     9.0785     1.8562     13.168    33.3522    25.8158 -9.990e-29
 238.911580     13.148  35.652825     9.0873     1.8915     13.038    33.3492    25.8120 0.0000e+00
 238.911586     13.011  35.657663     9.0988     1.9401     12.902    33.3435    25.8058 0.0000e+00
 238.911591     12.869  35.665447     9.1149     1.9963     12.761    33.3366    25.7978 0.0000e+00
 238.911597     12.720  35.676442     9.1356     2.0565     12.613    33.3287    25.7883 0.0000e+00
 238.911603     12.567  35.687912     9.1565     2.1151     12.462    33.3211    25.7791 0.0000e+00
 238.911609     12.419  35.701675     9.1745     2.1649     12.315    33.3186    25.7743 0.0000e+00
 238.911615     12.279  35.719809     9.1930     2.2076     12.176    33.3202    25.7726 0.0000e+00
 238.911620     12.147  35.742935     9.2159     2.2325     12.045    33.3229    25.7710 0.0000e+00
 238.911626     12.021  35.771041     9.2428     2.2480     11.920    33.3269    25.7699 -9.990e-29
 238.911632     11.900  35.797307     9.2716     2.2699     11.800    33.3273    25.7655 -9.990e-29
 238.911638     11.779  35.815825     9.2994     2.2880     11.680    33.3205    25.7558 -9.990e-29
 238.911644     11.659  35.829968     9.3236     2.3441     11.561    33.3127    25.7458 -9.990e-29
 238.911649     11.538  35.844001     9.3452     2.4489     11.441    33.3071    25.7379 -9.990e-29
 238.911655     11.406  35.856436     9.3669     2.5797     11.310    33.2998    25.7287 0.0000e+00
 238.911661     11.265  35.863655     9.3896     2.7099     11.171    33.2861    25.7144 0.0000e+00
 238.911667     11.122  35.869655     9.4152     2.8309     11.029    33.2686    25.6965 0.0000e+00
 238.911672     10.982  35.885214     9.4482     2.9227     10.890    33.2540    25.6798 0.0000e+00
 238.911678     10.848  35.920407     9.4875     2.9966     10.757    33.2538    25.6733 -9.990e-29
 238.911684     10.724  35.972820     9.5314     3.0499     10.634    33.2671    25.6765 -9.990e-29
 238.911690     10.608  36.023771     9.5810     3.1032     10.519    33.2735    25.6734 -9.990e-29
 238.911696     10.491  36.062159     9.6298     3.1480     10.403    33.2677    25.6609 -9.990e-29
 238.911701     10.370  36.093194     9.6710     3.2067     10.283    33.2614    25.6493 -9.990e-29
 238.911707     10.247  36.120688     9.7051     3.2589     10.161    33.2580    25.6411 -9.990e-29
 238.911713     10.122  36.143173     9.7346     3.3426     10.037    33.2538    25.6329 0.0000e+00
 238.911719      9.995  36.167069     9.7617     3.4521      9.911    33.2533    25.6280 0.0000e+00
 238.911725      9.867  36.195074     9.7854     3.6216      9.784    33.2601    25.6294 0.0000e+00
 238.911730      9.739  36.211825     9.8135     3.8575      9.657    33.2513    25.6179 0.0000e+00
 238.911736      9.607  36.223941     9.8627     4.1149      9.527    33.2183    25.5840 0.0000e+00
 238.911742      9.466  36.253154     9.9369     4.3519      9.387    33.1798    25.5416 0.0000e+00
 238.911748      9.321  36.295237    10.0287     4.5486      9.243    33.1384    25.4939 0.0000e+00
 238.911753      9.179  36.355280    10.1298     4.7274      9.102    33.1067    25.4522 0.0000e+00
 238.911759      9.044  36.451677    10.2219     4.9107      8.968    33.1201    25.4471 0.0000e+00
 238.911765      8.911  36.562182    10.2801     5.0838      8.836    33.1786    25.4828 0.0000e+00
 238.911771      8.778  36.637964    10.3281     5.1946      8.705    33.2112    25.5000 0.0000e+00
 238.911777      8.643  36.678052    10.4056     5.2622      8.571    33.1808    25.4631 0.0000e+00
 238.911782      8.506  36.714575    10.4894     5.2789      8.435    33.1412    25.4178 0.0000e+00
 238.911788      8.373  36.761454    10.5458     5.2771      8.303    33.1370    25.4048 -9.990e-29
 238.911794      8.251  36.816164    10.5819     5.2739      8.182    33.1591    25.4157 -9.990e-29
 238.911800      8.142  36.867005    10.6106     5.2765      8.074    33.1839    25.4301 -9.990e-29
 238.911806      8.033  36.900473    10.6297     5.2818      7.966    33.2001    25.4394 -9.990e-29
 238.911811      7.919  36.908477    10.6430     5.2917      7.853    33.1961    25.4339 -9.990e-29
 238.911817      7.805  36.903907    10.6587     5.2993      7.740    33.1773    25.4165 -9.990e-29
 238.911823      7.696  36.905307    10.6758     5.3229      7.632    33.1632    25.4026 -9.990e-29
 238.911829      7.589  36.914518    10.6885     5.3434      7.526    33.1609    25.3986 -9.990e-29
 238.911834      7.479  36.923055    10.6959     5.3750      7.416    33.1628    25.3987 -9.990e-29
 238.911840      7.357  36.926020    10.7034     5.4246      7.295    33.1590    25.3945 -9.990e-29
 238.911846      7.225  36.928459    10.7128     5.5170      7.165    33.1529    25.3881 0.0000e+00
 238.911852      7.092  36.934719    10.7217     5.6283      7.033    33.1512    25.3852 0.0000e+00
 238.911858      6.961  36.943589    10.7308     5.7537      6.903    33.1518    25.3841 0.0000e+00
 238.911863      6.833  36.950614    10.7436     5.8778      6.776    33.1473    25.3783 -9.990e-29
 238.911869      6.709  36.956728    10.7640     5.9979      6.653    33.1349    25.3651 -9.990e-29
 238.911875      6.589  36.970053    10.7913     6.1387      6.534    33.1236    25.3515 -9.990e-29
 238.911881      6.474  36.994875    10.8206     6.2961      6.420    33.1218    25.3450 -9.990e-29
 238.911887      6.360  37.022228    10.8511     6.4807      6.307    33.1215    25.3394 -9.990e-29
 238.911892      6.242  37.045956    10.8864     6.6587      6.190    33.1132    25.3267 -9.990e-29
 238.911898      6.115  37.072449    10.9265     6.8687      6.064    33.1034    25.3120 0.0000e+00
 238.911904      5.985  37.099450    10.9645     7.1195      5.935    33.0960    25.2995 0.0000e+00
 238.911910      5.859  37.129866    11.0011     7.4030      5.810    33.0932    25.2908 -9.990e-29
 238.911916      5.744  37.175082    11.0418     7.6286      5.696    33.1014    25.2900 -9.990e-29
 238.911921      5.636  37.224734    11.0872     7.7686      5.589    33.1097    25.2883 -9.990e-29
 238.911927      5.523  37.262039    11.1610     7.8204      5.477    33.0802    25.2522 -9.990e-29
 238.911933      5.395  37.303642    11.2792     7.7549      5.350    33.0152    25.1804 0.0000e+00
 238.911939      5.252  37.373595    11.4116     7.5865      5.208    32.9657    25.1180 0.0000e+00
 238.911944      5.106  37.464247    11.5343     7.3960      5.063    32.9453    25.0798 0.0000e+00
 238.911950      4.968  37.564973    11.6392     7.1764      4.926    32.9505    25.0646 -9.990e-29
 238.911956      4.844  37.668923    11.7129     6.9388      4.804    32.9865    25.0790 -9.990e-29
 238.911962      4.726  37.758485    11.7668     6.7933      4.687    33.0259    25.0997 -9.990e-29
 238.911968      4.601  37.820112    11.8401     6.7779      4.563    33.0207    25.0821 0.0000e+00
 238.911973      4.471  37.865473    11.9424     6.9379      4.434    32.9741    25.0269 0.0000e+00
 238.911979      4.339  37.913008    12.0465     7.2085      4.303    32.9282    24.9717 0.0000e+00
 238.911985      4.205  37.970043    12.1375     7.4679      4.170    32.9031    24.9351 0.0000e+00
 238.911991      4.076  38.043126    12.2145     7.7078      4.042    32.9059    24.9227 0.0000e+00
 238.911997      3.949  38.113663    12.2855     7.8876      3.916    32.9114    24.9135 0.0000e+00
 238.912002      3.819  38.150129    12.3983     8.0493      3.787    32.8475    24.8425 0.0000e+00
 238.912008      3.684  38.192749    12.5741     8.1531      3.653    32.7349    24.7215 0.0000e+00
 238.912014      3.549  38.287139    12.7365     8.1992      3.519    32.6838    24.6506 0.0000e+00
 238.912020      3.415  38.384798    12.8349     8.2313      3.386    32.6914    24.6373 0.0000e+00
 238.912025      3.280  38.464590    12.9007     8.3110      3.253    32.7102    24.6390 0.0000e+00
 238.912031      3.146  38.542105    12.9675     8.3904      3.120    32.7258    24.6380 0.0000e+00
 238.912037      3.011  38.609686    13.0368     8.4045      2.986    32.7298    24.6275 0.0000e+00
 238.912043      2.877  38.665490    13.0827     8.4048      2.853    32.7429    24.6286 0.0000e+00
 238.912049      2.747  38.708235    13.1035     8.3709      2.724    32.7653    24.6418 -9.990e-29
 238.912054      2.625  38.750632    13.1348     8.3096      2.603    32.7783    24.6457 -9.990e-29
 238.912060      2.510  38.806601    13.1900     8.1839      2.489    32.7834    24.6387 -9.990e-29
 238.912066      2.396  38.878431    13.2564     8.0041      2.376    32.7937    24.6334 -9.990e-29
 238.912072      2.287  38.980590    13.3217     7.8857      2.268    32.8334    24.6511 -9.990e-29
 238.912078      2.178  39.094525    13.3700     8.8444      2.160    32.8987    24.6919 -9.990e-29
 238.912083      2.068  39.139996    13.4110     9.1385      2.051    32.9059    24.6893 -9.990e-29
 238.912089      1.959  39.117081    13.4586     8.4393      1.943    32.8435    24.6314 -9.990e-29
 238.912095      1.850  39.100106    13.4929     7.5145      1.835    32.7981    24.5894 -9.990e-29
 238.912101      1.745  39.097286    13.5036     6.7270      1.730    32.7863    24.5782 -9.990e-29
 238.912106      1.646  39.072347    13.5008     6.2110      1.632    32.7655    24.5626 -9.990e-29
 238.912112      1.558  38.976903    13.4936     5.9987      1.545    32.6825    24.4999 -9.990e-29
 238.912118      1.488  38.727438    13.4856     5.9523      1.476    32.4563    24.3267 -9.990e-29
 238.912124      1.438  38.064795    13.4770 -9.990e-29      1.426    31.8458    23.8564 -9.990e-29
 238.912130      1.399  36.151992    13.4679 -9.990e-29      1.387    30.0788    22.4932 -9.990e-29
 238.912135      1.364  30.468347    13.4589 -9.990e-29      1.353    24.8971    18.4973 -9.990e-29
 238.912141      1.336  20.694011    13.4502 -9.990e-29      1.325    16.2905    11.8737 -9.990e-29
 238.912147      1.317  12.173190    13.4411 -9.990e-29      1.306     9.1577     6.3901 -9.990e-29
 238.912153      1.306   8.289829    13.4309 -9.990e-29      1.295     6.0547     4.0034 -9.990e-29
 238.912159      1.298   6.883643    13.4197 -9.990e-29      1.287     4.9614     3.1626 -9.990e-29
 238.912164      1.288   5.774295    13.4094 -9.990e-29      1.277     4.1119     2.5091 -9.990e-29
 238.912170      1.280   4.785709    13.4049 -9.990e-29      1.269     3.3655     1.9337 -9.990e-29
 238.912176      1.277   4.167900 -9.990e-29 -9.990e-29      1.266 -9.990e-29 -9.990e-29 -9.990e-29
