data/oxygen options/ONMS/Olympic_Coast_National_Marine_Sanctuary_CTD_Data_2005_2023/raw_data/2015/CAST_MB042_150827faed.cnv
* Sea-Bird SBE19 Data File:
* FileName = C:\2015 Mooring Data\Casts\CAST_MB042_150827.hex
* Software Version 1.59
* Temperature SN = 2997
* Conductivity SN = 2997
* System UpLoad Time = Aug 27 2015 19:42:42
** CAST_MB042_150827
* ds
# nquan = 9                                 
# nvalues = 1352                        
# units = specified
# name 0 = timeJ: Julian Days
# name 1 = prSM: Pressure, Strain Gauge [db]
# name 2 = c0mS/cm: Conductivity [mS/cm]
# name 3 = t090C: Temperature [ITS-90, deg C]
# name 4 = sbeox0ML/L: Oxygen, SBE 43 [ml/l]
# name 5 = depSM: Depth [salt water, m], lat = 47.5
# name 6 = sal00: Salinity, Practical [PSU]
# name 7 = sigma-é00: Density [sigma-theta, kg/m^3]
# name 8 = flag: flag
# span 0 = 239.742060, 239.749878       
# span 1 =     -4.684,     43.993       
# span 2 =   0.034710,  39.871198       
# span 3 =     8.1188,    18.6332       
# span 4 =    -1.6878,    10.1062       
# span 5 =     -4.645,     43.621       
# span 6 =     0.0238,    33.3289       
# span 7 =    -1.5036,    25.9445       
# span 8 = 0.0000e+00, 0.0000e+00       
# interval = seconds: 0.5
# start_time = Aug 27 2015 17:48:34 [Instrument's time stamp, header]
# bad_flag = -9.990e-29
*END*
[from data line 321]
 239.743918      0.056   0.038062    18.5772    -1.6454      0.056     0.0254    -1.4922 -9.990e-29
 239.743924      0.063   0.038035    18.5724    -1.6451      0.062     0.0254    -1.4913 -9.990e-29
 239.743929      0.067   0.037953    18.5584    -1.6451      0.066     0.0253    -1.4887 -9.990e-29
 239.743935      0.067   0.037706    18.5449    -1.6452      0.066     0.0252    -1.4862 -9.990e-29
 239.743941      0.069   0.037521    18.5408    -1.6453      0.068     0.0251    -1.4855 -9.990e-29
 239.743947      0.076   0.037705    18.5453    -1.6453      0.075     0.0252    -1.4863 -9.990e-29
 239.743953      0.085   0.037948    18.5533    -1.6452      0.084     0.0253    -1.4877 -9.990e-29
 239.743958      0.092   0.038017    18.5600    -1.6462      0.091     0.0254    -1.4889 -9.990e-29
 239.743964      0.098   0.038003    18.5641    -1.6469      0.097     0.0254    -1.4897 -9.990e-29
 239.743970      0.102   0.037889    18.5683    -1.6477      0.101     0.0253    -1.4906 -9.990e-29
 239.743976      0.106   0.037522    18.5724    -1.6483      0.105     0.0251    -1.4915 -9.990e-29
 239.743981      0.109   0.036969    18.5739    -1.6486      0.108     0.0249    -1.4920 -9.990e-29
 239.743987      0.111   0.036600    18.5727    -1.6489      0.110     0.0247    -1.4919 -9.990e-29
 239.743993      0.114   0.036478    18.5702    -1.6486      0.113     0.0246    -1.4915 -9.990e-29
 239.743999      0.116   0.036440    18.5667    -1.6485      0.115     0.0246    -1.4908 -9.990e-29
 239.744005      0.118   0.036436    18.5577    -1.6483      0.117     0.0246    -1.4891 -9.990e-29
 239.744010      0.120   0.036459    18.5399    -1.6480      0.119     0.0246    -1.4857 -9.990e-29
 239.744016      0.122   0.036540    18.5180    -1.6483      0.121     0.0247    -1.4815 -9.990e-29
 239.744022      0.125   0.036786    18.4972    -1.6486      0.124     0.0248    -1.4774 -9.990e-29
 239.744028      0.128   0.036971    18.4802    -1.6488      0.127     0.0249    -1.4741 -9.990e-29
 239.744034      0.132   0.036786    18.4688    -1.6488      0.131     0.0248    -1.4720 -9.990e-29
 239.744039      0.137   0.036540    18.4634    -1.6486      0.136     0.0247    -1.4711 -9.990e-29
 239.744045      0.139   0.036459    18.4635    -1.6482      0.138     0.0246    -1.4711 -9.990e-29
 239.744051      0.135   0.036432    18.4668    -1.6479      0.134     0.0246    -1.4718 -9.990e-29
 239.744057      0.127   0.036423    18.4709    -1.6474      0.126     0.0246    -1.4726 -9.990e-29
 239.744063      0.119   0.036420    18.4728    -1.6468      0.118     0.0246    -1.4729 -9.990e-29
 239.744068      0.116   0.036419    18.4700    -1.6462      0.115     0.0246    -1.4724 -9.990e-29
 239.744074      0.122   0.036419    18.4649    -1.6461      0.121     0.0246    -1.4714 -9.990e-29
 239.744080      0.132   0.036419    18.4618    -1.6462      0.131     0.0246    -1.4708 -9.990e-29
 239.744086      0.143   0.036420    18.4630    -1.6458      0.142     0.0246    -1.4711 -9.990e-29
 239.744091      0.156   0.036420    18.4688    -1.6457      0.155     0.0246    -1.4722 -9.990e-29
 239.744097      0.168   0.036420    18.4777    -1.6453      0.167     0.0246    -1.4738 -9.990e-29
 239.744103      0.174   0.036420    18.4891    -1.6448      0.173     0.0246    -1.4760 -9.990e-29
 239.744109      0.180   0.036421    18.5033    -1.6443      0.178     0.0246    -1.4787 -9.990e-29
 239.744115      0.185   0.036421    18.5192    -1.6437      0.183     0.0246    -1.4818 -9.990e-29
 239.744120      0.186   0.036421    18.5330    -1.6431      0.184     0.0246    -1.4844 -9.990e-29
 239.744126      0.187   0.036422    18.5413    -1.6430      0.185     0.0246    -1.4860 -9.990e-29
 239.744132      0.189   0.036422    18.5462    -1.6435      0.187     0.0246    -1.4869 -9.990e-29
 239.744138      0.186   0.036422    18.5526    -1.6437      0.184     0.0246    -1.4881 -9.990e-29
 239.744144      0.184   0.036422    18.5617    -1.6442      0.182     0.0246    -1.4899 -9.990e-29
 239.744149      0.187   0.036423    18.5736    -1.6451      0.185     0.0246    -1.4921 -9.990e-29
 239.744155      0.193   0.036423    18.5882    -1.6460      0.191     0.0246    -1.4949 -9.990e-29
 239.744161      0.205   0.036423    18.6042    -1.6463      0.203     0.0246    -1.4980 -9.990e-29
 239.744167      0.218   0.036424    18.6196    -1.6464      0.216     0.0246    -1.5010 -9.990e-29
 239.744172      0.225   0.036424    18.6307    -1.6463      0.223     0.0246    -1.5031 -9.990e-29
 239.744178      0.225   0.036424    18.6332    -1.6468      0.223     0.0246    -1.5036 -9.990e-29
 239.744184      0.229   0.036423    18.6274    -1.6470      0.227     0.0246    -1.5024 -9.990e-29
 239.744190      0.239   0.036423    18.6165    -1.6470      0.237     0.0246    -1.5004 -9.990e-29
 239.744196      0.254   0.036422    18.6000    -1.6471      0.252     0.0246    -1.4972 -9.990e-29
 239.744201      0.264   0.036422    18.5785    -1.6474      0.262     0.0246    -1.4931 -9.990e-29
 239.744207      0.271   0.036422    18.5583    -1.6471      0.269     0.0246    -1.4892 -9.990e-29
 239.744213      0.278   0.036421    18.5449    -1.6473      0.276     0.0246    -1.4867 -9.990e-29
 239.744219      0.284   0.036421    18.5378    -1.6474      0.282     0.0246    -1.4853 -9.990e-29
 239.744225      0.283   0.036420    18.5320    -1.6471      0.281     0.0246    -1.4842 -9.990e-29
 239.744230      0.280   0.036420    18.5248    -1.6467      0.278     0.0246    -1.4828 -9.990e-29
 239.744236      0.279   0.036419    18.5185    -1.6463      0.277     0.0246    -1.4816 -9.990e-29
 239.744242      0.275   0.036419    18.5143    -1.6460      0.273     0.0246    -1.4808 -9.990e-29
 239.744248      0.268   0.036419    18.5107    -1.6458      0.266     0.0246    -1.4801 -9.990e-29
 239.744253      0.267   0.036418    18.5082    -1.6455      0.265     0.0246    -1.4797 -9.990e-29
 239.744259      0.271   0.036418    18.5074    -1.6454      0.269     0.0246    -1.4795 -9.990e-29
 239.744265      0.277   0.036417    18.5072    -1.6456      0.275     0.0246    -1.4795 -9.990e-29
 239.744271      0.288   0.036417    18.5091    -1.6457      0.286     0.0246    -1.4798 -9.990e-29
 239.744277      0.307   0.036417    18.5157    -1.6455      0.304     0.0246    -1.4811 -9.990e-29
 239.744282      0.324   0.036416    18.5257    -1.6455      0.321     0.0246    -1.4830 -9.990e-29
 239.744288      0.337   0.036416    18.5366    -1.6456      0.334     0.0246    -1.4851 -9.990e-29
 239.744294      0.348   0.036415    18.5467    -1.6455      0.345     0.0246    -1.4870 -9.990e-29
 239.744300      0.356   0.036415    18.5548    -1.6453      0.353     0.0246    -1.4885 -9.990e-29
 239.744306      0.363   0.036415    18.5607    -1.6453      0.360     0.0246    -1.4897 -9.990e-29
 239.744311      0.368   0.036414    18.5634    -1.6451      0.365     0.0246    -1.4902 -9.990e-29
 239.744317      0.371   0.036414    18.5629    -1.6451      0.368     0.0246    -1.4901 -9.990e-29
 239.744323      0.374   0.036413    18.5624    -1.6453      0.371     0.0246    -1.4900 -9.990e-29
 239.744329      0.377   0.036413    18.5636    -1.6459      0.374     0.0246    -1.4902 -9.990e-29
 239.744334      0.378   0.036412    18.5645    -1.6458      0.375     0.0246    -1.4904 -9.990e-29
 239.744340      0.380   0.036412    18.5651    -1.6455      0.377     0.0246    -1.4905 -9.990e-29
 239.744346      0.381   0.036412    18.5669    -1.6453      0.378     0.0246    -1.4909 -9.990e-29
 239.744352      0.382   0.036411    18.5694    -1.6451      0.379     0.0246    -1.4913 -9.990e-29
 239.744358      0.383   0.036411    18.5719    -1.6451      0.380     0.0246    -1.4918 -9.990e-29
 239.744363      0.383   0.036410    18.5739    -1.6453      0.380     0.0246    -1.4922 -9.990e-29
 239.744369      0.384   0.036410    18.5730    -1.6461      0.381     0.0246    -1.4920 -9.990e-29
 239.744375      0.384   0.036410    18.5677    -1.6465      0.381     0.0246    -1.4910 -9.990e-29
 239.744381      0.384   0.036409    18.5615    -1.6469      0.381     0.0246    -1.4898 -9.990e-29
 239.744387      0.384   0.036409    18.5605    -1.6472      0.381     0.0246    -1.4896 -9.990e-29
 239.744392      0.385   0.036408    18.5649    -1.6470      0.382     0.0246    -1.4905 -9.990e-29
 239.744398      0.385   0.036408    18.5703    -1.6470      0.382     0.0246    -1.4915 -9.990e-29
 239.744404      0.385   0.036408    18.5735    -1.6469      0.382     0.0246    -1.4921 -9.990e-29
 239.744410      0.385   0.036407    18.5717    -1.6469      0.382     0.0246    -1.4918 -9.990e-29
 239.744416      0.385   0.036407    18.5629    -1.6468      0.382     0.0246    -1.4901 -9.990e-29
 239.744421      0.385   0.036406    18.5492    -1.6463      0.382     0.0246    -1.4875 -9.990e-29
 239.744427      0.385   0.036406    18.5355    -1.6462      0.382     0.0246    -1.4849 -9.990e-29
 239.744433      0.385   0.036406    18.5247    -1.6462      0.382     0.0246    -1.4828 -9.990e-29
 239.744439      0.385   0.036405    18.5185    -1.6463      0.382     0.0246    -1.4816 -9.990e-29
 239.744444      0.385   0.036405    18.5169    -1.6459      0.382     0.0246    -1.4813 -9.990e-29
 239.744450      0.385   0.036404    18.5176    -1.6459      0.382     0.0246    -1.4814 -9.990e-29
 239.744456      0.385   0.036404    18.5194    -1.6459      0.382     0.0246    -1.4818 -9.990e-29
 239.744462      0.386   0.036403    18.5223    -1.6458      0.383     0.0246    -1.4823 -9.990e-29
 239.744468      0.386   0.036403    18.5273    -1.6464      0.383     0.0246    -1.4833 -9.990e-29
 239.744473      0.386   0.036403    18.5339    -1.6468      0.383     0.0246    -1.4846 -9.990e-29
 239.744479      0.386   0.036402    18.5390    -1.6472      0.383     0.0246    -1.4855 -9.990e-29
 239.744485      0.387   0.036402    18.5415    -1.6475      0.384     0.0246    -1.4860 -9.990e-29
 239.744491      0.387   0.036401    18.5438    -1.6477      0.384     0.0246    -1.4864 -9.990e-29
 239.744497      0.388   0.036401    18.5473    -1.6477      0.385     0.0246    -1.4871 -9.990e-29
 239.744502      0.389   0.036401    18.5499    -1.6476      0.386     0.0246    -1.4876 -9.990e-29
 239.744508      0.390   0.036400    18.5499    -1.6483      0.387     0.0246    -1.4876 -9.990e-29
 239.744514      0.391   0.036400    18.5455    -1.6489      0.388     0.0246    -1.4868 -9.990e-29
 239.744520      0.393   0.036399    18.5355    -1.6493      0.390     0.0246    -1.4849 -9.990e-29
 239.744525      0.395   0.036399    18.5229    -1.6497      0.392     0.0246    -1.4825 -9.990e-29
 239.744531      0.398   0.036399    18.5113    -1.6499      0.395     0.0246    -1.4802 -9.990e-29
 239.744537      0.401   0.036398    18.5023    -1.6503      0.398     0.0246    -1.4785 -9.990e-29
 239.744543      0.406   0.036398    18.4961    -1.6507      0.403     0.0246    -1.4774 -9.990e-29
 239.744549      0.412   0.036397    18.4918    -1.6510      0.409     0.0246    -1.4765 -9.990e-29
 239.744554      0.420   0.036397    18.4855    -1.6510      0.416     0.0246    -1.4753 -9.990e-29
 239.744560      0.429   0.036396    18.4734    -1.6511      0.425     0.0246    -1.4730 -9.990e-29
 239.744566      0.438   0.036396    18.4581    -1.6513      0.434     0.0246    -1.4701 -9.990e-29
 239.744572      0.441   0.036396    18.4439    -1.6517      0.437     0.0246    -1.4674 -9.990e-29
 239.744578      0.439   0.036395    18.4316    -1.6517      0.435     0.0246    -1.4651 -9.990e-29
 239.744583      0.433   0.036395    18.4207    -1.6516      0.429     0.0246    -1.4630 -9.990e-29
 239.744589      0.425   0.036394    18.4097    -1.6511      0.421     0.0246    -1.4609 -9.990e-29
 239.744595      0.419   0.036394    18.3992    -1.6506      0.416     0.0246    -1.4590 -9.990e-29
 239.744601      0.416   0.036394    18.3915    -1.6501      0.413     0.0246    -1.4575 -9.990e-29
 239.744606      0.414   0.036393    18.3863    -1.6496      0.411     0.0246    -1.4565 -9.990e-29
 239.744612      0.415   0.036391    18.3812    -1.6492      0.412     0.0246    -1.4555 -9.990e-29
 239.744618      0.417   0.036386    18.3751    -1.6489      0.414     0.0246    -1.4544 -9.990e-29
 239.744624      0.422   0.036373    18.3702    -1.6483      0.418     0.0246    -1.4535 -9.990e-29
 239.744630      0.429   0.036335    18.3702    -1.6480      0.425     0.0246    -1.4535 -9.990e-29
 239.744635      0.438   0.036220    18.3762    -1.6480      0.434     0.0245    -1.4547 -9.990e-29
 239.744641      0.447   0.035877    18.3871    -1.6482      0.443     0.0244    -1.4569 -9.990e-29
 239.744647      0.451   0.035404    18.4011    -1.6483      0.447     0.0241    -1.4597 -9.990e-29
 239.744653      0.455   0.035281    18.4165    -1.6482      0.451     0.0241    -1.4626 -9.990e-29
 239.744659      0.463   0.035342    18.4317    -1.6476      0.459     0.0241    -1.4655 -9.990e-29
 239.744664      0.472   0.035115    18.4456    -1.6478      0.468     0.0240    -1.4682 -9.990e-29
 239.744670      0.474   0.034854    18.4583    -1.6484      0.470     0.0238    -1.4707 -9.990e-29
 239.744676      0.464   0.034767    18.4696    -1.6486      0.460     0.0238    -1.4729 -9.990e-29
 239.744682      0.443   0.034738    18.4771    -1.6490      0.439     0.0238    -1.4744 -9.990e-29
 239.744688      0.420   0.034728    18.4797    -1.6494      0.416     0.0238    -1.4749 -9.990e-29
 239.744693      0.413   0.034724    18.4790    -1.6493      0.410     0.0238    -1.4747 -9.990e-29
 239.744699      0.416   0.034722    18.4788    -1.6492      0.413     0.0238    -1.4747 -9.990e-29
 239.744705      0.417   0.034721    18.4816    -1.6486      0.414     0.0238    -1.4752 -9.990e-29
 239.744711      0.407   0.034721    18.4847    -1.6480      0.404     0.0238    -1.4758 -9.990e-29
 239.744716      0.394   0.034721    18.4821    -1.6479      0.391     0.0238    -1.4753 -9.990e-29
 239.744722      0.395   0.034720    18.4739    -1.6487      0.392     0.0238    -1.4738 -9.990e-29
 239.744728      0.405   0.034720    18.4642    -1.6491      0.402     0.0238    -1.4719 -9.990e-29
 239.744734      0.415   0.034719    18.4549    -1.6494      0.412     0.0238    -1.4701 -9.990e-29
 239.744740      0.424   0.034719    18.4483    -1.6491      0.420     0.0238    -1.4689 -9.990e-29
 239.744745      0.427   0.034719    18.4474    -1.6490      0.423     0.0238    -1.4687 -9.990e-29
 239.744751      0.427   0.034718    18.4529    -1.6489      0.423     0.0238    -1.4698 -9.990e-29
 239.744757      0.431   0.034718    18.4635    -1.6488      0.427     0.0238    -1.4718 -9.990e-29
 239.744763      0.438   0.034717    18.4731    -1.6490      0.434     0.0238    -1.4736 -9.990e-29
 239.744769      0.447   0.034717    18.4735    -1.6493      0.443     0.0238    -1.4737 -9.990e-29
 239.744774      0.461   0.034716    18.4644    -1.6498      0.457     0.0238    -1.4720 -9.990e-29
 239.744780      0.476   0.034716    18.4539    -1.6504      0.472     0.0238    -1.4700 -9.990e-29
 239.744786      0.487   0.034716    18.4488    -1.6509      0.483     0.0238    -1.4690 -9.990e-29
 239.744792      0.497   0.034715    18.4491    -1.6508      0.493     0.0238    -1.4690 -9.990e-29
 239.744797      0.505   0.034715    18.4516    -1.6505      0.501     0.0238    -1.4695 -9.990e-29
 239.744803      0.517   0.034714    18.4537    -1.6503      0.513     0.0238    -1.4699 -9.990e-29
 239.744809      0.532   0.034714    18.4528    -1.6501      0.528     0.0238    -1.4697 -9.990e-29
 239.744815      0.545   0.034714    18.4474    -1.6498      0.540     0.0238    -1.4687 -9.990e-29
 239.744821      0.554   0.034713    18.4380    -1.6498      0.549     0.0238    -1.4669 -9.990e-29
 239.744826      0.566   0.034713    18.4252    -1.6500      0.561     0.0238    -1.4645 -9.990e-29
 239.744832      0.576   0.034712    18.4118    -1.6504      0.571     0.0238    -1.4620 -9.990e-29
