data/oxygen options/ONMS/Olympic_Coast_National_Marine_Sanctuary_CTD_Data_2005_2023/raw_data/2015/CAST_KL015_150721faed.cnv
* Sea-Bird SBE 19 Data File:
* FileName = C:\2015 Mooring Data\Casts\CAST_KL015_150721.hex
* Software Version SeatermAF 2.1.2
* Temperature SN = 2997
* Conductivity SN = 2997
* System UpLoad Time = Jul 22 2015 00:37:42 (localtime) = Jul 22 2015 00:37:42 (UTC)
** CAST_KL015_150721.hex
* ds
# nquan = 9                                 
# nvalues = 1127                        
# units = specified
# name 0 = timeJ: Julian Days
# name 1 = prSM: Pressure, Strain Gauge [db]
# name 2 = c0mS/cm: Conductivity [mS/cm]
# name 3 = t090C: Temperature [ITS-90, deg C]
# name 4 = sbeox0ML/L: Oxygen, SBE 43 [ml/l]
# name 5 = depSM: Depth [salt water, m], lat = 47.5
# name 6 = sal00: Salinity, Practical [PSU]
# name 7 = sigma-é00: Density [sigma-theta, kg/m^3]
# name 8 = flag: flag
# span 0 = 202.981921, 202.988438       
# span 1 =     -3.074,     18.173       
# span 2 =   0.445709,  41.069237       
# span 3 =    11.3078,    19.4975       
# span 4 =    -1.6412,    13.1417       
# span 5 =     -3.048,     18.021       
# span 6 =     0.2446,    32.8733       
# span 7 =    -1.4962,    25.0591       
# span 8 = 0.0000e+00, 0.0000e+00       
# interval = seconds: 0.5
# start_time = Jul 21 2015 23:33:58 [Instrument's time stamp, header]
# bad_flag = -9.990e-29
*END*
 202.981921     -3.074 -9.990e-29    18.8326    -1.6376     -3.048 -9.990e-29 -9.990e-29 -9.990e-29
 202.981927     -3.063   0.533449    18.8322    -1.6373     -3.037     0.2952    -1.3344 -9.990e-29
 202.981933     -3.048   0.532147    18.8258    -1.6371     -3.023     0.2945    -1.3337 -9.990e-29
 202.981939     -3.028   0.530646    18.8130    -1.6374     -3.003     0.2938    -1.3318 -9.990e-29
 202.981944     -3.004   0.530273    18.7968    -1.6375     -2.979     0.2937    -1.3287 -9.990e-29
 202.981950     -2.972   0.531642    18.7794    -1.6371     -2.947     0.2946    -1.3246 -9.990e-29
 202.981956     -2.935   0.533804    18.7615    -1.6367     -2.911     0.2959    -1.3201 -9.990e-29
 202.981962     -2.900   0.535204    18.7444    -1.6364     -2.876     0.2968    -1.3161 -9.990e-29
 202.981968     -2.869   0.535488    18.7309    -1.6365     -2.845     0.2971    -1.3133 -9.990e-29
 202.981973     -2.838   0.536146    18.7244    -1.6364     -2.814     0.2975    -1.3117 -9.990e-29
 202.981979     -2.808   0.538056    18.7248    -1.6370     -2.785     0.2986    -1.3110 -9.990e-29
 202.981985     -2.775   0.539882    18.7263    -1.6369     -2.752     0.2996    -1.3105 -9.990e-29
 202.981991     -2.742   0.540173    18.7257    -1.6365     -2.719     0.2998    -1.3102 -9.990e-29
 202.981997     -2.711   0.539317    18.7275    -1.6364     -2.688     0.2993    -1.3109 -9.990e-29
 202.982002     -2.680   0.538396    18.7344    -1.6360     -2.658     0.2987    -1.3127 -9.990e-29
 202.982008     -2.651   0.537847    18.7431    -1.6355     -2.629     0.2983    -1.3147 -9.990e-29
 202.982014     -2.627   0.537496    18.7494    -1.6348     -2.605     0.2981    -1.3161 -9.990e-29
 202.982020     -2.606   0.536876    18.7517    -1.6339     -2.584     0.2977    -1.3168 -9.990e-29
 202.982025     -2.587   0.535715    18.7502    -1.6333     -2.565     0.2971    -1.3170 -9.990e-29
 202.982031     -2.569   0.534133    18.7470    -1.6327     -2.548     0.2962    -1.3171 -9.990e-29
 202.982037     -2.551   0.532241    18.7482    -1.6319     -2.530     0.2951    -1.3181 -9.990e-29
 202.982043     -2.530   0.530291    18.7544    -1.6313     -2.509     0.2940    -1.3202 -9.990e-29
 202.982049     -2.511   0.529016    18.7631    -1.6306     -2.490     0.2932    -1.3225 -9.990e-29
 202.982054     -2.497   0.528938    18.7754    -1.6297     -2.476     0.2930    -1.3250 -9.990e-29
 202.982060     -2.482   0.529954    18.7926    -1.6291     -2.461     0.2935    -1.3280 -9.990e-29
 202.982066     -2.461   0.531199    18.8145    -1.6283     -2.440     0.2941    -1.3318 -9.990e-29
 202.982072     -2.432   0.531559    18.8383    -1.6280     -2.412     0.2941    -1.3364 -9.990e-29
 202.982078     -2.399   0.530960    18.8611    -1.6274     -2.379     0.2936    -1.3412 -9.990e-29
 202.982083     -2.367   0.530270    18.8836    -1.6272     -2.347     0.2931    -1.3460 -9.990e-29
 202.982089     -2.339   0.530235    18.9066    -1.6276     -2.319     0.2929    -1.3506 -9.990e-29
 202.982095     -2.314   0.530810    18.9297    -1.6277     -2.295     0.2931    -1.3550 -9.990e-29
 202.982101     -2.288   0.531098    18.9536    -1.6273     -2.269     0.2931    -1.3597 -9.990e-29
 202.982106     -2.262   0.530375    18.9780    -1.6278     -2.243     0.2925    -1.3649 -9.990e-29
 202.982112     -2.232   0.528788    19.0012    -1.6287     -2.213     0.2915    -1.3703 -9.990e-29
 202.982118     -2.198   0.526996    19.0219    -1.6287     -2.180     0.2903    -1.3752 -9.990e-29
 202.982124     -2.161   0.525940    19.0387    -1.6286     -2.143     0.2896    -1.3791 -9.990e-29
 202.982130     -2.128   0.525880    19.0511    -1.6284     -2.110     0.2895    -1.3816 -9.990e-29
 202.982135     -2.100   0.526181    19.0566    -1.6289     -2.082     0.2896    -1.3826 -9.990e-29
 202.982141     -2.076   0.526690    19.0554    -1.6304     -2.059     0.2899    -1.3821 -9.990e-29
 202.982147     -2.055   0.527532    19.0535    -1.6315     -2.038     0.2904    -1.3814 -9.990e-29
 202.982153     -2.035   0.528167    19.0509    -1.6324     -2.018     0.2908    -1.3806 -9.990e-29
 202.982159     -2.014   0.527778    19.0420    -1.6327     -1.997     0.2906    -1.3789 -9.990e-29
 202.982164     -1.992   0.526403    19.0296    -1.6324     -1.975     0.2899    -1.3770 -9.990e-29
 202.982170     -1.972   0.524985    19.0216    -1.6321     -1.956     0.2892    -1.3760 -9.990e-29
 202.982176     -1.955   0.524410    19.0184    -1.6326     -1.939     0.2889    -1.3756 -9.990e-29
 202.982182     -1.938   0.525020    19.0119    -1.6335     -1.922     0.2893    -1.3741 -9.990e-29
 202.982188     -1.918   0.525967    18.9931    -1.6343     -1.902     0.2899    -1.3699 -9.990e-29
 202.982193     -1.900   0.525737    18.9629    -1.6352     -1.884     0.2900    -1.3639 -9.990e-29
 202.982199     -1.877   0.524582    18.9316    -1.6359     -1.861     0.2895    -1.3581 -9.990e-29
 202.982205     -1.848   0.524293    18.9082    -1.6370     -1.833     0.2895    -1.3535 -9.990e-29
 202.982211     -1.820   0.525595    18.8967    -1.6372     -1.805     0.2903    -1.3507 -9.990e-29
 202.982216     -1.795   0.527450    18.8944    -1.6379     -1.780     0.2914    -1.3494 -9.990e-29
 202.982222     -1.772   0.528447    18.8916    -1.6381     -1.757     0.2920    -1.3484 -9.990e-29
 202.982228     -1.749   0.528254    18.8794    -1.6379     -1.734     0.2920    -1.3460 -9.990e-29
 202.982234     -1.724   0.527167    18.8581    -1.6372     -1.710     0.2915    -1.3422 -9.990e-29
 202.982240     -1.697   0.525403    18.8327    -1.6368     -1.683     0.2906    -1.3379 -9.990e-29
 202.982245     -1.670   0.523388    18.8066    -1.6366     -1.656     0.2897    -1.3336 -9.990e-29
 202.982251     -1.645   0.521764    18.7811    -1.6372     -1.631     0.2889    -1.3292 -9.990e-29
 202.982257     -1.621   0.520589    18.7578    -1.6377     -1.607     0.2884    -1.3251 -9.990e-29
 202.982263     -1.600   0.519405    18.7391    -1.6376     -1.587     0.2879    -1.3219 -9.990e-29
 202.982269     -1.581   0.518302    18.7259    -1.6376     -1.568     0.2873    -1.3198 -9.990e-29
 202.982274     -1.559   0.518030    18.7204    -1.6376     -1.546     0.2872    -1.3188 -9.990e-29
 202.982280     -1.536   0.519338    18.7245    -1.6377     -1.523     0.2879    -1.3191 -9.990e-29
 202.982286     -1.515   0.521751    18.7353    -1.6376     -1.502     0.2892    -1.3201 -9.990e-29
 202.982292     -1.496   0.523492    18.7455    -1.6370     -1.484     0.2901    -1.3214 -9.990e-29
 202.982297     -1.476   0.523555    18.7477    -1.6363     -1.464     0.2902    -1.3218 -9.990e-29
 202.982303     -1.459   0.522578    18.7408    -1.6358     -1.447     0.2897    -1.3209 -9.990e-29
 202.982309     -1.448   0.521478    18.7325    -1.6355     -1.436     0.2891    -1.3197 -9.990e-29
 202.982315     -1.438   0.520456    18.7288    -1.6349     -1.426     0.2885    -1.3194 -9.990e-29
 202.982321     -1.425   0.519260    18.7282    -1.6344     -1.413     0.2878    -1.3198 -9.990e-29
 202.982326     -1.406   0.517962    18.7284    -1.6342     -1.394     0.2871    -1.3204 -9.990e-29
 202.982332     -1.382   0.517053    18.7304    -1.6337     -1.370     0.2866    -1.3212 -9.990e-29
 202.982338     -1.355   0.516986    18.7375    -1.6335     -1.344     0.2865    -1.3227 -9.990e-29
 202.982344     -1.331   0.517673    18.7515    -1.6334     -1.320     0.2868    -1.3251 -9.990e-29
 202.982350     -1.314   0.518366    18.7691    -1.6332     -1.303     0.2871    -1.3283 -9.990e-29
 202.982355     -1.302   0.518325    18.7852    -1.6326     -1.291     0.2869    -1.3315 -9.990e-29
 202.982361     -1.295   0.517498    18.8001    -1.6320     -1.284     0.2864    -1.3349 -9.990e-29
 202.982367     -1.287   0.516449    18.8160    -1.6311     -1.276     0.2857    -1.3385 -9.990e-29
 202.982373     -1.275   0.515445    18.8311    -1.6303     -1.264     0.2850    -1.3419 -9.990e-29
 202.982378     -1.261   0.514257    18.8439    -1.6299     -1.250     0.2842    -1.3450 -9.990e-29
 202.982384     -1.249   0.512970    18.8548    -1.6298     -1.239     0.2834    -1.3478 -9.990e-29
 202.982390     -1.238   0.512086    18.8633    -1.6298     -1.228     0.2829    -1.3498 -9.990e-29
 202.982396     -1.228   0.512094    18.8713    -1.6298     -1.218     0.2828    -1.3514 -9.990e-29
 202.982402     -1.217   0.513007    18.8827    -1.6297     -1.207     0.2833    -1.3533 -9.990e-29
 202.982407     -1.206   0.513823    18.8989    -1.6294     -1.196     0.2836    -1.3562 -9.990e-29
 202.982413     -1.194   0.513411    18.9192    -1.6297     -1.184     0.2833    -1.3604 -9.990e-29
 202.982419     -1.179   0.512332    18.9421    -1.6298     -1.169     0.2825    -1.3655 -9.990e-29
 202.982425     -1.160   0.511925    18.9634    -1.6297     -1.150     0.2822    -1.3700 -9.990e-29
 202.982431     -1.138   0.512203    18.9781    -1.6292     -1.129     0.2822    -1.3728 -9.990e-29
 202.982436     -1.114   0.512427    18.9854    -1.6291     -1.105     0.2823    -1.3742 -9.990e-29
 202.982442     -1.095   0.512343    18.9886    -1.6294     -1.086     0.2822    -1.3748 -9.990e-29
 202.982448     -1.080   0.511840    18.9912    -1.6292     -1.071     0.2819    -1.3756 -9.990e-29
 202.982454     -1.064   0.510802    18.9945    -1.6290     -1.055     0.2813    -1.3767 -9.990e-29
 202.982459     -1.051   0.509513    18.9965    -1.6284     -1.042     0.2806    -1.3776 -9.990e-29
 202.982465     -1.039   0.508476    18.9956    -1.6276     -1.030     0.2800    -1.3779 -9.990e-29
 202.982471     -1.024   0.507972    18.9949    -1.6269     -1.015     0.2797    -1.3780 -9.990e-29
 202.982477     -1.008   0.507886    18.9984    -1.6268     -1.000     0.2797    -1.3787 -9.990e-29
 202.982483     -0.995   0.508105    19.0047    -1.6267     -0.987     0.2797    -1.3799 -9.990e-29
 202.982488     -0.985   0.508366    19.0089    -1.6265     -0.977     0.2799    -1.3806 -9.990e-29
 202.982494     -0.976   0.507907    19.0109    -1.6266     -0.968     0.2796    -1.3812 -9.990e-29
 202.982500     -0.967   0.506673    19.0154    -1.6265     -0.959     0.2789    -1.3827 -9.990e-29
 202.982506     -0.960   0.505796    19.0251    -1.6266     -0.952     0.2783    -1.3850 -9.990e-29
 202.982512     -0.952   0.506326    19.0412    -1.6263     -0.944     0.2785    -1.3880 -9.990e-29
 202.982517     -0.944   0.507863    19.0611    -1.6261     -0.936     0.2792    -1.3914 -9.990e-29
 202.982523     -0.934   0.508572    19.0779    -1.6259     -0.926     0.2795    -1.3945 -9.990e-29
 202.982529     -0.923   0.507736    19.0879    -1.6257     -0.915     0.2790    -1.3968 -9.990e-29
 202.982535     -0.909   0.506458    19.0940    -1.6256     -0.901     0.2782    -1.3986 -9.990e-29
 202.982541     -0.892   0.505812    19.0982    -1.6257     -0.885     0.2779    -1.3997 -9.990e-29
 202.982546     -0.871   0.506048    19.1004    -1.6255     -0.864     0.2780    -1.4001 -9.990e-29
 202.982552     -0.848   0.506372    19.1018    -1.6262     -0.841     0.2781    -1.4002 -9.990e-29
 202.982558     -0.827   0.506107    19.1047    -1.6270     -0.820     0.2780    -1.4009 -9.990e-29
 202.982564     -0.806   0.505455    19.1103    -1.6270     -0.799     0.2776    -1.4023 -9.990e-29
 202.982569     -0.787   0.504660    19.1168    -1.6269     -0.780     0.2771    -1.4040 -9.990e-29
 202.982575     -0.775   0.503772    19.1228    -1.6264     -0.769     0.2766    -1.4056 -9.990e-29
 202.982581     -0.763   0.502716    19.1275    -1.6261     -0.757     0.2759    -1.4070 -9.990e-29
 202.982587     -0.748   0.501751    19.1292    -1.6258     -0.742     0.2754    -1.4078 -9.990e-29
 202.982593     -0.732   0.501812    19.1278    -1.6254     -0.726     0.2754    -1.4075 -9.990e-29
 202.982598     -0.719   0.504091    19.1223    -1.6255     -0.713     0.2767    -1.4054 -9.990e-29
 202.982604     -0.707   0.508299    19.1107    -1.6258     -0.701     0.2792    -1.4012 -9.990e-29
 202.982610     -0.696   0.511724    19.0985    -1.6257     -0.690     0.2812    -1.3973 -9.990e-29
 202.982616     -0.686   0.512274    19.0937    -1.6254     -0.680     0.2815    -1.3960 -9.990e-29
 202.982622     -0.675   0.510683    19.0971    -1.6253     -0.669     0.2806    -1.3974 -9.990e-29
 202.982627     -0.663   0.508716    19.1057    -1.6252     -0.657     0.2794    -1.4000 -9.990e-29
 202.982633     -0.649   0.507635    19.1161    -1.6248     -0.644     0.2788    -1.4026 -9.990e-29
 202.982639     -0.632   0.507667    19.1257    -1.6247     -0.627     0.2787    -1.4045 -9.990e-29
 202.982645     -0.616   0.508114    19.1321    -1.6250     -0.611     0.2789    -1.4056 -9.990e-29
 202.982650     -0.603   0.508462    19.1331    -1.6252     -0.598     0.2791    -1.4057 -9.990e-29
 202.982656     -0.589   0.508437    19.1319    -1.6257     -0.584     0.2791    -1.4054 -9.990e-29
 202.982662     -0.569   0.508005    19.1342    -1.6258     -0.564     0.2789    -1.4061 -9.990e-29
 202.982668     -0.545   0.507516    19.1399    -1.6261     -0.540     0.2785    -1.4074 -9.990e-29
 202.982674     -0.524   0.506871    19.1456    -1.6258     -0.520     0.2782    -1.4089 -9.990e-29
 202.982679     -0.510   0.505766    19.1511    -1.6260     -0.506     0.2775    -1.4105 -9.990e-29
 202.982685     -0.502   0.504394    19.1562    -1.6256     -0.498     0.2767    -1.4121 -9.990e-29
 202.982691     -0.498   0.503142    19.1574    -1.6251     -0.494     0.2760    -1.4129 -9.990e-29
 202.982697     -0.495   0.502563    19.1532    -1.6248     -0.491     0.2757    -1.4123 -9.990e-29
 202.982703     -0.488   0.502994    19.1451    -1.6246     -0.484     0.2760    -1.4104 -9.990e-29
 202.982708     -0.481   0.503898    19.1359    -1.6245     -0.477     0.2765    -1.4082 -9.990e-29
 202.982714     -0.477   0.504262    19.1291    -1.6246     -0.473     0.2768    -1.4067 -9.990e-29
 202.982720     -0.473   0.503462    19.1265    -1.6244     -0.469     0.2764    -1.4065 -9.990e-29
 202.982726     -0.463   0.502096    19.1274    -1.6244     -0.459     0.2756    -1.4072 -9.990e-29
 202.982731     -0.452   0.501118    19.1311    -1.6241     -0.448     0.2750    -1.4084 -9.990e-29
 202.982737     -0.442   0.500333    19.1392    -1.6235     -0.438     0.2745    -1.4104 -9.990e-29
 202.982743     -0.434   0.499248    19.1503    -1.6229     -0.430     0.2738    -1.4131 -9.990e-29
 202.982749     -0.426   0.498082    19.1600    -1.6221     -0.422     0.2731    -1.4156 -9.990e-29
 202.982755     -0.419   0.497500    19.1664    -1.6216     -0.416     0.2728    -1.4171 -9.990e-29
 202.982760     -0.411   0.497836    19.1703    -1.6211     -0.408     0.2729    -1.4178 -9.990e-29
 202.982766     -0.402   0.498428    19.1732    -1.6207     -0.399     0.2732    -1.4181 -9.990e-29
 202.982772     -0.392   0.498400    19.1769    -1.6211     -0.389     0.2732    -1.4189 -9.990e-29
 202.982778     -0.381   0.497716    19.1830    -1.6223     -0.378     0.2728    -1.4204 -9.990e-29
 202.982784     -0.366   0.497128    19.1932    -1.6234     -0.363     0.2724    -1.4227 -9.990e-29
 202.982789     -0.353   0.497517    19.2083    -1.6236     -0.350     0.2725    -1.4256 -9.990e-29
 202.982795     -0.343   0.499402    19.2275    -1.6228     -0.340     0.2734    -1.4287 -9.990e-29
 202.982801     -0.332   0.501966    19.2480    -1.6224     -0.329     0.2748    -1.4318 -9.990e-29
 202.982807     -0.316   0.503079    19.2664    -1.6228     -0.313     0.2753    -1.4351 -9.990e-29
 202.982812     -0.293   0.502005    19.2802    -1.6240     -0.291     0.2746    -1.4383 -9.990e-29
 202.982818     -0.267   0.500086    19.2844    -1.6254     -0.265     0.2735    -1.4400 -9.990e-29
 202.982824     -0.243   0.498649    19.2736    -1.6266     -0.241     0.2727    -1.4384 -9.990e-29
 202.982830     -0.224   0.497995    19.2511    -1.6271     -0.222     0.2725    -1.4341 -9.990e-29
 202.982836     -0.211   0.497810    19.2301    -1.6277     -0.209     0.2725    -1.4299 -9.990e-29
 202.982841     -0.200   0.497845    19.2224    -1.6282     -0.198     0.2726    -1.4283 -9.990e-29
