data/oxygen options/OCNMS/OCNMS1/raw_data/2016/CAST_KL027_160804faed.cnv
* Sea-Bird SBE19 Data File:
* FileName = C:\2016 Mooring Data\Casts\Data\CAST_KL027_160804.hex
* Software Version 1.59
* Temperature SN = 2997
* Conductivity SN = 2997
* System UpLoad Time = Aug 04 2016 16:26:54
** CAST_KL027_160804
* ds
# nquan = 9                                 
# nvalues = 1000                        
# units = specified
# name 0 = timeJ: Julian Days
# name 1 = prSM: Pressure, Strain Gauge [db]
# name 2 = c0mS/cm: Conductivity [mS/cm]
# name 3 = t090C: Temperature [ITS-90, deg C]
# name 4 = sbeox0ML/L: Oxygen, SBE 43 [ml/l]
# name 5 = depSM: Depth [salt water, m], lat = 47.5
# name 6 = sal00: Salinity, Practical [PSU]
# name 7 = sigma-é00: Density [sigma-theta, kg/m^3]
# name 8 = flag: flag
# span 0 = 217.660937, 217.666719       
# span 1 =     -5.243,     26.375       
# span 2 =   0.034338,  38.032341       
# span 3 =     7.7707,    12.3477       
# span 4 =    -2.0474,    17.7370       
# span 5 =     -5.199,     26.153       
# span 6 =     0.0242,    33.6847       
# span 7 =    -0.4142,    26.2747       
# span 8 = 0.0000e+00, 0.0000e+00       
# interval = seconds: 0.5
# start_time = Aug 04 2016 15:51:45 [Instrument's time stamp, header]
# bad_flag = -9.990e-29
*END*
[from data line 321]
 217.662795     -0.637   0.037431    11.3540    -2.0318     -0.632     0.0261    -0.4091 -9.990e-29
 217.662801     -0.621   0.037048    11.3506    -2.0316     -0.616     0.0259    -0.4089 -9.990e-29
 217.662807     -0.608   0.036490    11.3487    -2.0315     -0.603     0.0255    -0.4090 -9.990e-29
 217.662813     -0.600   0.036119    11.3477    -2.0313     -0.595     0.0253    -0.4090 -9.990e-29
 217.662818     -0.598   0.035996    11.3469    -2.0312     -0.593     0.0252    -0.4090 -9.990e-29
 217.662824     -0.601   0.035956    11.3458    -2.0313     -0.596     0.0252    -0.4089 -9.990e-29
 217.662830     -0.604   0.035943    11.3448    -2.0315     -0.599     0.0252    -0.4088 -9.990e-29
 217.662836     -0.601   0.035940    11.3451    -2.0313     -0.596     0.0252    -0.4088 -9.990e-29
 217.662841     -0.589   0.035940    11.3467    -2.0313     -0.584     0.0252    -0.4090 -9.990e-29
 217.662847     -0.578   0.035943    11.3490    -2.0315     -0.573     0.0252    -0.4093 -9.990e-29
 217.662853     -0.571   0.035951    11.3517    -2.0327     -0.566     0.0252    -0.4095 -9.990e-29
 217.662859     -0.567   0.035973    11.3543    -2.0341     -0.562     0.0252    -0.4098 -9.990e-29
 217.662865     -0.566   0.036037    11.3563    -2.0350     -0.561     0.0252    -0.4100 -9.990e-29
 217.662870     -0.569   0.036226    11.3569    -2.0354     -0.564     0.0254    -0.4100 -9.990e-29
 217.662876     -0.574   0.036790    11.3558    -2.0359     -0.569     0.0257    -0.4096 -9.990e-29
 217.662882     -0.579   0.037927    11.3545    -2.0368     -0.574     0.0264    -0.4089 -9.990e-29
 217.662888     -0.579   0.039483    11.3534    -2.0377     -0.574     0.0273    -0.4080 -9.990e-29
 217.662894     -0.575   0.041312    11.3502    -2.0387     -0.570     0.0284    -0.4068 -9.990e-29
 217.662899     -0.566   0.043074    11.3407    -2.0397     -0.561     0.0295    -0.4050 -9.990e-29
 217.662905     -0.555   0.044341    11.3229    -2.0400     -0.550     0.0303    -0.4025 -9.990e-29
 217.662911     -0.547   0.045690    11.3012    -2.0399     -0.542     0.0311    -0.3996 -9.990e-29
 217.662917     -0.540   0.048363    11.2823    -2.0404     -0.535     0.0327    -0.3963 -9.990e-29
 217.662922     -0.535   0.052593    11.2674    -2.0414     -0.531     0.0353    -0.3927 -9.990e-29
 217.662928     -0.531   0.056798    11.2531    -2.0425     -0.527     0.0379    -0.3891 -9.990e-29
 217.662934     -0.528   0.059367    11.2366    -2.0430     -0.524     0.0395    -0.3862 -9.990e-29
 217.662940     -0.526   0.060391    11.2183    -2.0432     -0.522     0.0402    -0.3837 -9.990e-29
 217.662946     -0.524   0.060679    11.2001    -2.0430     -0.520     0.0404    -0.3817 -9.990e-29
 217.662951     -0.523   0.060615    11.1852    -2.0432     -0.519     0.0403    -0.3802 -9.990e-29
 217.662957     -0.522   0.060112    11.1755    -2.0433     -0.518     0.0400    -0.3794 -9.990e-29
 217.662963     -0.521   0.059053    11.1681    -2.0437     -0.517     0.0394    -0.3791 -9.990e-29
 217.662969     -0.520   0.057689    11.1574    -2.0437     -0.516     0.0385    -0.3787 -9.990e-29
 217.662975     -0.519   0.056422    11.1421    -2.0435     -0.515     0.0378    -0.3777 -9.990e-29
 217.662980     -0.519   0.055227    11.1268    -2.0438     -0.515     0.0370    -0.3767 -9.990e-29
 217.662986     -0.518   0.053618    11.1160    -2.0441     -0.514     0.0360    -0.3764 -9.990e-29
 217.662992     -0.518   0.051670    11.1106    -2.0447     -0.514     0.0348    -0.3768 -9.990e-29
 217.662998     -0.517   0.050114    11.1083    -2.0452     -0.513     0.0339    -0.3773 -9.990e-29
 217.663003     -0.517   0.049096    11.1059    -2.0455     -0.513     0.0333    -0.3775 -9.990e-29
 217.663009     -0.517   0.048367    11.1023    -2.0455     -0.513     0.0328    -0.3775 -9.990e-29
 217.663015     -0.516   0.048067    11.0988    -2.0452     -0.512     0.0326    -0.3773 -9.990e-29
 217.663021     -0.515   0.048348    11.0969    -2.0453     -0.511     0.0328    -0.3770 -9.990e-29
 217.663027     -0.514   0.049027    11.0950    -2.0452     -0.510     0.0332    -0.3765 -9.990e-29
 217.663032     -0.517   0.049899    11.0900    -2.0455     -0.513     0.0338    -0.3755 -9.990e-29
 217.663038     -0.529   0.051014    11.0819    -2.0463     -0.525     0.0344    -0.3741 -9.990e-29
 217.663044     -0.537   0.052745    11.0727    -2.0470     -0.533     0.0355    -0.3724 -9.990e-29
 217.663050     -0.529   0.055551    11.0644    -2.0469     -0.525     0.0373    -0.3701 -9.990e-29
 217.663056     -0.514   0.059285    11.0589    -2.0467     -0.510     0.0396    -0.3677 -9.990e-29
 217.663061     -0.498   0.063743    11.0572    -2.0466     -0.494     0.0424    -0.3654 -9.990e-29
 217.663067     -0.485   0.068206    11.0575    -2.0469     -0.481     0.0452    -0.3632 -9.990e-29
 217.663073     -0.478   0.071221    11.0575    -2.0470     -0.474     0.0471    -0.3617 -9.990e-29
 217.663079     -0.473   0.072368    11.0558    -2.0473     -0.469     0.0478    -0.3610 -9.990e-29
 217.663084     -0.465   0.072065    11.0503    -2.0473     -0.461     0.0476    -0.3606 -9.990e-29
 217.663090     -0.459   0.071019    11.0408    -2.0470     -0.455     0.0469    -0.3601 -9.990e-29
 217.663096     -0.457   0.069500    11.0325    -2.0468     -0.453     0.0460    -0.3600 -9.990e-29
 217.663102     -0.455   0.067706    11.0294    -2.0469     -0.451     0.0449    -0.3606 -9.990e-29
 217.663108     -0.450   0.066575    11.0296    -1.8769     -0.446     0.0442    -0.3612 -9.990e-29
 217.663113     -0.440   0.066265    11.0293    -1.6547     -0.436     0.0440    -0.3613 -9.990e-29
 217.663119     -0.425   0.066363    11.0274    -1.6279     -0.421     0.0440    -0.3610 -9.990e-29
 217.663125     -0.404   0.067555    11.0253    -1.6233     -0.401     0.0448    -0.3602 -9.990e-29
 217.663131     -0.377   0.073098    11.0248    -1.6286     -0.374     0.0483    -0.3574 -9.990e-29
 217.663137     -0.344   0.092602    11.0280    -1.6292     -0.341     0.0606    -0.3480 -9.990e-29
 217.663142     -0.313   0.154293    11.0391    -1.6257     -0.310     0.1005    -0.3179 -9.990e-29
 217.663148     -0.282   0.342091    11.0696    -1.6232     -0.280     0.2257    -0.2227 -9.990e-29
 217.663154     -0.240   0.906950    11.1558    -1.6219     -0.238     0.6183     0.0758 -9.990e-29
 217.663160     -0.185   2.602013    11.3881    -1.6209     -0.183     1.8587     1.0186 -9.990e-29
 217.663166     -0.122   7.687365    11.7519    -1.6208     -0.121     5.8364     4.0626 -9.990e-29
 217.663171     -0.046  17.485376    12.0559    -1.6208     -0.046    14.0660    10.3801 -9.990e-29
 217.663177      0.051  27.854886    12.2084    -1.6209      0.051    23.3115    17.4957 -9.990e-29
 217.663183      0.163  33.935040    12.2624    -1.6211      0.162    28.9476    21.8461 -9.990e-29
 217.663189      0.271  36.153660    12.2715    -1.6209      0.269    31.0473    23.4709 -9.990e-29
 217.663194      0.361  36.819520    12.2706    -1.6207      0.358    31.6842    23.9648 -9.990e-29
 217.663200      0.430  37.080848    12.2726    -1.6208      0.426    31.9327    24.1570 -9.990e-29
 217.663206      0.482  37.325174    12.2774    -1.6222      0.478    32.1627    24.3344 -9.990e-29
 217.663212      0.521  37.539709    12.2822    -1.6217      0.517    32.3643    24.4898 -9.990e-29
 217.663218      0.553  37.683145    12.2850    -1.6210      0.548    32.4995    24.5942 -9.990e-29
 217.663223      0.585  37.764495    12.2857    -1.6209      0.580    32.5770    24.6541 -9.990e-29
 217.663229      0.614  37.802445    12.2847    -1.6215      0.609    32.6143    24.6832 -9.990e-29
 217.663235      0.634  37.816094    12.2826    -1.6233      0.629    32.6293    24.6952 -9.990e-29
 217.663241      0.642  37.819035    12.2800    -1.6233      0.637    32.6344    24.6997 -9.990e-29
 217.663247      0.643  37.821229    12.2775    -1.6214      0.638    32.6386    24.7035 -9.990e-29
 217.663252      0.644  37.829401    12.2749    -1.6202      0.639    32.6488    24.7118 -9.990e-29
 217.663258      0.651  37.833593    12.2711    -1.6201      0.646    32.6561    24.7182 -9.990e-29
 217.663264      0.664  37.815739    12.2669    -1.6219      0.658    32.6426    24.7085 -9.990e-29
 217.663270      0.679  37.793373    12.2648    -1.6221      0.673    32.6229    24.6937 -9.990e-29
 217.663275      0.690  37.803228    12.2634    -1.6222      0.684    32.6336    24.7022 -9.990e-29
 217.663281      0.695  37.827504    12.2603    -1.6217      0.689    32.6597    24.7230 -9.990e-29
 217.663287      0.701  37.826725    12.2574    -1.6208      0.695    32.6614    24.7249 -9.990e-29
 217.663293      0.704  37.789087    12.2576    -1.6202      0.698    32.6251    24.6967 -9.990e-29
 217.663299      0.698  37.742162    12.2624    -1.6214      0.692    32.5758    24.6576 -9.990e-29
 217.663304      0.689  37.746524    12.2696    -1.6219      0.683    32.5737    24.6546 -9.990e-29
 217.663310      0.683  37.804506    12.2737    -1.6219      0.677    32.6259    24.6943 -9.990e-29
 217.663316      0.686  37.851543    12.2732    -1.6210      0.680    32.6715    24.7298 -9.990e-29
 217.663322      0.696  37.843214    12.2713    -1.6212      0.690    32.6652    24.7252 -9.990e-29
 217.663328      0.711  37.797428    12.2700    -1.6216      0.705    32.6223    24.6922 -9.990e-29
 217.663333      0.723  37.765630    12.2706    -1.6217      0.717    32.5912    24.6680 -9.990e-29
 217.663339      0.729  37.768048    12.2738    -1.6220      0.723    32.5907    24.6670 -9.990e-29
 217.663345      0.732  37.796020    12.2784    -1.6223      0.726    32.6136    24.6839 -9.990e-29
 217.663351      0.742  37.829571    12.2823    -1.6214      0.736    32.6424    24.7055 -9.990e-29
 217.663356      0.760  37.832076    12.2847    -1.6193      0.754    32.6427    24.7053 -9.990e-29
 217.663362      0.777  37.794428    12.2862    -1.6190      0.771    32.6053    24.6759 -9.990e-29
 217.663368      0.792  37.757629    12.2884    -1.6206      0.785    32.5680    24.6466 -9.990e-29
 217.663374      0.804  37.753165    12.2916    -1.6211      0.797    32.5609    24.6405 -9.990e-29
 217.663380      0.815  37.762636    12.2942    -1.6212      0.808    32.5678    24.6453 -9.990e-29
 217.663385      0.825  37.754851    12.2951    -1.6191      0.818    32.5595    24.6388 -9.990e-29
 217.663391      0.835  37.732750    12.2959    -1.6186      0.828    32.5376    24.6216 -9.990e-29
 217.663397      0.846  37.713803    12.2986    -1.6191      0.839    32.5170    24.6052 -9.990e-29
 217.663403      0.853  37.702312    12.3025    -1.6204      0.846    32.5026    24.5933 -9.990e-29
 217.663409      0.854  37.713644    12.3050    -1.6197      0.847    32.5113    24.5995 -9.990e-29
 217.663414      0.852  37.770628    12.3048    -1.6185      0.845    32.5662    24.6421 -9.990e-29
 217.663420      0.851  37.846045    12.3029    -1.6181      0.844    32.6403    24.6999 -9.990e-29
 217.663426      0.852  37.871708    12.3016    -1.6187      0.845    32.6660    24.7201 -9.990e-29
 217.663432      0.851  37.840815    12.3025    -1.6195      0.844    32.6356    24.6964 -9.990e-29
 217.663437      0.842  37.813451    12.3050    -1.6193      0.835    32.6071    24.6738 -9.990e-29
 217.663443      0.830  37.836475    12.3081    -1.6188      0.823    32.6265    24.6883 -9.990e-29
 217.663449      0.818  37.896769    12.3096    -1.6187      0.811    32.6831    24.7319 -9.990e-29
 217.663455      0.805  37.931758    12.3097    -1.6194      0.798    32.7167    24.7579 -9.990e-29
 217.663461      0.792  37.916270    12.3111    -1.6202      0.785    32.7006    24.7451 -9.990e-29
 217.663466      0.776  37.894513    12.3143    -1.6199      0.770    32.6769    24.7261 -9.990e-29
 217.663472      0.761  37.911301    12.3160    -1.6192      0.755    32.6915    24.7372 -9.990e-29
 217.663478      0.755  37.950806    12.3125    -1.6192      0.749    32.7325    24.7696 -9.990e-29
 217.663484      0.757  37.969791    12.3060    -1.6202      0.751    32.7564    24.7894 -9.990e-29
 217.663490      0.758  37.962641    12.3027    -1.6207      0.752    32.7525    24.7869 -9.990e-29
 217.663495      0.756  37.953310    12.3032    -1.6206      0.750    32.7431    24.7796 -9.990e-29
 217.663501      0.753  37.956682    12.3031    -1.6201      0.747    32.7464    24.7822 -9.990e-29
 217.663507      0.758  37.964808    12.2994    -1.6199      0.752    32.7574    24.7914 -9.990e-29
 217.663513      0.771  37.959275    12.2947    -1.6203      0.765    32.7562    24.7914 -9.990e-29
 217.663519      0.785  37.938746    12.2944    -1.6205      0.778    32.7367    24.7763 -9.990e-29
 217.663524      0.797  37.922780    12.2946    -1.6201      0.790    32.7212    24.7643 -9.990e-29
 217.663530      0.807  37.924694    12.2894    -1.6190      0.800    32.7276    24.7702 -9.990e-29
 217.663536      0.815  37.937958    12.2810    -1.6186      0.808    32.7477    24.7874 -9.990e-29
 217.663542      0.823  37.940366    12.2741    -1.6193      0.816    32.7560    24.7951 -9.990e-29
 217.663547      0.830  37.923806    12.2711    -1.6200      0.823    32.7427    24.7854 -9.990e-29
 217.663553      0.838  37.909762    12.2714    -1.6198      0.831    32.7290    24.7747 -9.990e-29
 217.663559      0.846  37.914674    12.2740    -1.6196      0.839    32.7314    24.7761 -9.990e-29
 217.663565      0.851  37.928727    12.2792    -1.6192      0.844    32.7404    24.7820 -9.990e-29
 217.663571      0.850  37.929650    12.2870    -1.6188      0.843    32.7344    24.7760 -9.990e-29
 217.663576      0.845  37.911271    12.2962    -1.6190      0.838    32.7087    24.7543 -9.990e-29
 217.663582      0.842  37.896011    12.3046    -1.6191      0.835    32.6868    24.7356 -9.990e-29
 217.663588      0.839  37.905972    12.3090    13.3337      0.832    32.6925    24.7392 -9.990e-29
 217.663594      0.837  37.931351    12.3089    17.4449      0.830    32.7169    24.7582 -9.990e-29
 217.663600      0.836  37.940341    12.3086    17.7370      0.829    32.7258    24.7652 -9.990e-29
 217.663605      0.836  37.921284    12.3119    14.9083      0.829    32.7047    24.7481 -9.990e-29
 217.663611      0.836  37.894575    12.3171     8.8739      0.829    32.6745    24.7237 -9.990e-29
 217.663617      0.837  37.880484    12.3209     9.1022      0.830    32.6576    24.7100 -9.990e-29
 217.663623      0.838  37.883625    12.3223     9.5023      0.831    32.6594    24.7111 -9.990e-29
 217.663628      0.840  37.899664    12.3216     9.6297      0.833    32.6754    24.7236 -9.990e-29
 217.663634      0.842  37.916264    12.3192     9.5780      0.835    32.6935    24.7381 -9.990e-29
 217.663640      0.846  37.926876    12.3161     9.5116      0.839    32.7064    24.7487 -9.990e-29
 217.663646      0.851  37.944408    12.3152     9.4232      0.844    32.7240    24.7625 -9.990e-29
 217.663652      0.858  37.972512    12.3179     9.3639      0.851    32.7486    24.7811 -9.990e-29
 217.663657      0.866  37.993657    12.3218     9.3366      0.859    32.7655    24.7934 -9.990e-29
 217.663663      0.873  38.001196    12.3251     9.3102      0.866    32.7698    24.7962 -9.990e-29
 217.663669      0.874  38.001698    12.3274     9.3010      0.867    32.7683    24.7946 -9.990e-29
 217.663675      0.873  38.000195    12.3295     9.2994      0.866    32.7650    24.7916 -9.990e-29
 217.663681      0.876  37.998483    12.3314     9.2847      0.869    32.7617    24.7887 -9.990e-29
 217.663686      0.881  37.996400    12.3323     9.2592      0.874    32.7589    24.7864 -9.990e-29
 217.663692      0.890  37.993850    12.3324     9.2475      0.883    32.7564    24.7844 -9.990e-29
 217.663698      0.903  37.991231    12.3332     9.2394      0.895    32.7532    24.7817 -9.990e-29
 217.663704      0.921  37.988851    12.3340     9.2371      0.913    32.7502    24.7793 -9.990e-29
 217.663709      0.941  37.986216    12.3341     9.2382      0.933    32.7476    24.7772 -9.990e-29
