data/oxygen options/OCNMS/OCNMS1/raw_data/2016/CAST_KL027_161006faed.cnv
* Sea-Bird SBE19 Data File:
* FileName = C:\2016 Mooring Data\Casts\Data\CAST_KL027_161006.hex
* Software Version 1.59
* Temperature SN = 2997
* Conductivity SN = 2997
* System UpLoad Time = Oct 06 2016 16:22:04
** CAST_KL027_161006
* ds
# nquan = 9                                 
# nvalues = 1392                        
# units = specified
# name 0 = timeJ: Julian Days
# name 1 = prSM: Pressure, Strain Gauge [db]
# name 2 = c0mS/cm: Conductivity [mS/cm]
# name 3 = t090C: Temperature [ITS-90, deg C]
# name 4 = sbeox0ML/L: Oxygen, SBE 43 [ml/l]
# name 5 = depSM: Depth [salt water, m], lat = 47.5
# name 6 = sal00: Salinity, Practical [PSU]
# name 7 = sigma-é00: Density [sigma-theta, kg/m^3]
# name 8 = flag: flag
# span 0 = 280.656829, 280.664878       
# span 1 =     -5.021,     28.024       
# span 2 =   0.017255,  36.861813       
# span 3 =    12.5385,    13.5901       
# span 4 =    -1.9760,    11.8658       
# span 5 =     -4.979,     27.788       
# span 6 =     0.0145,    30.8281       
# span 7 =    -0.5836,    23.0976       
# span 8 = 0.0000e+00, 0.0000e+00       
# interval = seconds: 0.5
# start_time = Oct 06 2016 15:45:50 [Instrument's time stamp, header]
# bad_flag = -9.990e-29
*END*
[from data line 961]
 280.662390      2.035  35.926060    13.4297     5.8049      2.018    29.8998    22.3624 -9.990e-29
 280.662396      2.047  35.925506    13.4283     5.7971      2.030    29.9004    22.3632 -9.990e-29
 280.662402      2.064  35.925073    13.4256     5.8022      2.047    29.9021    22.3650 -9.990e-29
 280.662407      2.074  35.924702    13.4229     5.8021      2.057    29.9039    22.3669 -9.990e-29
 280.662413      2.069  35.924424    13.4233     5.8008      2.052    29.9033    22.3664 -9.990e-29
 280.662419      2.058  35.924395    13.4268     5.8023      2.041    29.9005    22.3636 -9.990e-29
 280.662425      2.052  35.924530    13.4295     5.8058      2.035    29.8986    22.3615 -9.990e-29
 280.662431      2.051  35.924946    13.4300     5.8011      2.034    29.8985    22.3614 -9.990e-29
 280.662436      2.047  35.925579    13.4300     5.7871      2.030    29.8991    22.3619 -9.990e-29
 280.662442      2.034  35.926105    13.4302     5.7830      2.017    29.8995    22.3621 -9.990e-29
 280.662448      2.018  35.926612    13.4307     5.7818      2.001    29.8996    22.3620 -9.990e-29
 280.662454      2.004  35.927168    13.4310     5.7875      1.987    29.8998    22.3622 -9.990e-29
 280.662459      1.996  35.927344    13.4309     5.7928      1.979    29.9001    22.3624 -9.990e-29
 280.662465      1.995  35.927323    13.4305     5.7799      1.978    29.9004    22.3627 -9.990e-29
 280.662471      1.999  35.927588    13.4302     5.7902      1.982    29.9009    22.3631 -9.990e-29
 280.662477      2.009  35.927883    13.4300     5.7928      1.992    29.9013    22.3635 -9.990e-29
 280.662483      2.026  35.927991    13.4297     5.7954      2.009    29.9016    22.3638 -9.990e-29
 280.662488      2.046  35.928003    13.4293     5.8043      2.029    29.9019    22.3641 -9.990e-29
 280.662494      2.062  35.927885    13.4286     5.7938      2.045    29.9024    22.3646 -9.990e-29
 280.662500      2.076  35.927428    13.4279     5.7924      2.059    29.9025    22.3648 -9.990e-29
 280.662506      2.097  35.926533    13.4273     5.8040      2.079    29.9021    22.3647 -9.990e-29
 280.662512      2.125  35.925637    13.4270     5.8117      2.107    29.9015    22.3643 -9.990e-29
 280.662517      2.154  35.925173    13.4267     5.8031      2.136    29.9013    22.3642 -9.990e-29
 280.662523      2.187  35.925031    13.4265     5.7786      2.169    29.9013    22.3642 -9.990e-29
 280.662529      2.229  35.924973    13.4263     5.7679      2.210    29.9014    22.3643 -9.990e-29
 280.662535      2.279  35.924870    13.4261     5.7675      2.260    29.9014    22.3644 -9.990e-29
 280.662541      2.340  35.925095    13.4263     5.7836      2.320    29.9015    22.3644 -9.990e-29
 280.662546      2.425  35.926457    13.4273     5.7997      2.405    29.9019    22.3645 -9.990e-29
 280.662552      2.538  35.929600    13.4285     5.7950      2.517    29.9038    22.3658 -9.990e-29
 280.662558      2.674  35.933068    13.4289     5.7795      2.652    29.9067    22.3679 0.0000e+00
 280.662564      2.826  35.934714    13.4288     5.7586      2.802    29.9082    22.3691 0.0000e+00
 280.662569      2.988  35.935561    13.4288     5.7359      2.963    29.9090    22.3697 0.0000e+00
 280.662575      3.164  35.937249    13.4289     5.7315      3.138    29.9104    22.3708 0.0000e+00
 280.662581      3.356  35.940295    13.4287     5.7324      3.328    29.9133    22.3731 0.0000e+00
 280.662587      3.568  35.945353    13.4278     5.7282      3.538    29.9186    22.3773 0.0000e+00
 280.662593      3.796  35.954077    13.4264     5.7143      3.764    29.9276    22.3846 0.0000e+00
 280.662598      4.028  35.964608    13.4256     5.6879      3.994    29.9379    22.3927 0.0000e+00
 280.662604      4.259  35.970779    13.4254     5.6809      4.223    29.9437    22.3972 0.0000e+00
 280.662610      4.485  35.972368    13.4251     5.6888      4.448    29.9453    22.3985 0.0000e+00
 280.662616      4.709  35.975360    13.4239     5.7022      4.670    29.9489    22.4016 0.0000e+00
 280.662622      4.941  35.986494    13.4212     5.7078      4.900    29.9613    22.4116 0.0000e+00
 280.662627      5.185  36.004888    13.4184     5.7016      5.142    29.9804    22.4269 0.0000e+00
 280.662633      5.437  36.019745    13.4171     5.6742      5.392    29.9950    22.4385 0.0000e+00
 280.662639      5.692  36.025626    13.4179     5.6563      5.644    29.9998    22.4420 0.0000e+00
 280.662645      5.948  36.026958    13.4203     5.6573      5.898    29.9990    22.4410 0.0000e+00
 280.662650      6.208  36.033864    13.4240     5.6715      6.156    30.0024    22.4429 0.0000e+00
 280.662656      6.482  36.051582    13.4282     5.6928      6.428    30.0154    22.4521 0.0000e+00
 280.662662      6.768  36.072332    13.4319     5.7062      6.711    30.0315    22.4639 0.0000e+00
 280.662668      7.056  36.087895    13.4344     5.6966      6.997    30.0438    22.4729 0.0000e+00
 280.662674      7.333  36.097133    13.4368     5.6886      7.272    30.0504    22.4775 0.0000e+00
 280.662679      7.597  36.104475    13.4404     5.6897      7.533    30.0543    22.4798 0.0000e+00
 280.662685      7.850  36.115737    13.4454     5.6970      7.784    30.0606    22.4837 0.0000e+00
 280.662691      8.101  36.131885    13.4513     5.7138      8.033    30.0708    22.4904 0.0000e+00
 280.662697      8.348  36.149766    13.4567     5.7090      8.278    30.0830    22.4988 0.0000e+00
 280.662703      8.582  36.164055    13.4606     5.6991      8.510    30.0930    22.5058 0.0000e+00
 280.662708      8.799  36.169676    13.4622     5.6739      8.725    30.0969    22.5085 0.0000e+00
 280.662714      9.010  36.169032    13.4635     5.6531      8.935    30.0952    22.5069 0.0000e+00
 280.662720      9.229  36.172972    13.4695     5.6425      9.152    30.0940    22.5048 0.0000e+00
 280.662726      9.463  36.196218    13.4812     5.6343      9.384    30.1062    22.5119 0.0000e+00
 280.662731      9.712  36.236119    13.4914     5.6365      9.631    30.1349    22.5321 0.0000e+00
 280.662737      9.962  36.266877    13.4947     5.6437      9.879    30.1606    22.5513 0.0000e+00
 280.662743     10.198  36.277937    13.4939     5.6384     10.113    30.1714    22.5598 0.0000e+00
 280.662749     10.414  36.279516    13.4903     5.6231     10.327    30.1756    22.5638 0.0000e+00
 280.662755     10.610  36.278147    13.4843     5.6155     10.521    30.1790    22.5676 0.0000e+00
 280.662760     10.792  36.275311    13.4791     5.6108     10.702    30.1804    22.5697 0.0000e+00
 280.662766     10.961  36.271654    13.4739     5.6056     10.869    30.1811    22.5713 0.0000e+00
 280.662772     11.124  36.268966    13.4666     5.6113     11.031    30.1843    22.5752 0.0000e+00
 280.662778     11.297  36.270891    13.4593     5.6147     11.202    30.1918    22.5824 0.0000e+00
 280.662784     11.493  36.277704    13.4539     5.6202     11.397    30.2023    22.5916 0.0000e+00
 280.662789     11.717  36.286119    13.4509     5.6265     11.619    30.2124    22.5999 0.0000e+00
 280.662795     11.963  36.294425    13.4505     5.6322     11.863    30.2203    22.6061 0.0000e+00
 280.662801     12.218  36.304681    13.4518     5.6257     12.116    30.2287    22.6123 0.0000e+00
 280.662807     12.476  36.317073    13.4528     5.6272     12.372    30.2392    22.6203 0.0000e+00
 280.662812     12.725  36.326791    13.4529     5.6304     12.618    30.2480    22.6271 0.0000e+00
 280.662818     12.966  36.332744    13.4528     5.6415     12.857    30.2535    22.6314 0.0000e+00
 280.662824     13.204  36.341135    13.4534     5.6645     13.093    30.2607    22.6368 0.0000e+00
 280.662830     13.442  36.358061    13.4555     5.6975     13.329    30.2746    22.6472 0.0000e+00
 280.662836     13.673  36.379161    13.4581     5.7159     13.558    30.2920    22.6601 0.0000e+00
 280.662841     13.892  36.391078    13.4595     5.7198     13.776    30.3018    22.6674 0.0000e+00
 280.662847     14.103  36.389493    13.4613     5.7298     13.985    30.2989    22.6648 0.0000e+00
 280.662853     14.320  36.389599    13.4677     5.7362     14.200    30.2938    22.6596 0.0000e+00
 280.662859     14.556  36.407725    13.4820     5.7618     14.434    30.2991    22.6609 0.0000e+00
 280.662865     14.819  36.444468    13.5018     5.7961     14.695    30.3173    22.6710 0.0000e+00
 280.662870     15.098  36.484932    13.5183     5.8272     14.971    30.3415    22.6865 0.0000e+00
 280.662876     15.378  36.510224    13.5260     5.8523     15.249    30.3586    22.6982 0.0000e+00
 280.662882     15.651  36.518736    13.5282     5.8503     15.520    30.3646    22.7024 0.0000e+00
 280.662888     15.921  36.521209    13.5340     5.8478     15.788    30.3622    22.6994 0.0000e+00
 280.662894     16.197  36.534329    13.5504     5.8416     16.061    30.3612    22.6954 0.0000e+00
 280.662899     16.483  36.566018    13.5705     5.8278     16.345    30.3744    22.7017 0.0000e+00
 280.662905     16.773  36.596876    13.5826     5.8312     16.632    30.3932    22.7138 0.0000e+00
 280.662911     17.054  36.612558    13.5858     5.8237     16.911    30.4050    22.7223 0.0000e+00
 280.662917     17.319  36.618245    13.5855     5.8132     17.174    30.4104    22.7265 0.0000e+00
 280.662922     17.563  36.619788    13.5851     5.8115     17.416    30.4120    22.7278 0.0000e+00
 280.662928     17.794  36.619752    13.5846     5.8102     17.645    30.4123    22.7282 0.0000e+00
 280.662934     18.022  36.620276    13.5842     5.8042     17.871    30.4130    22.7288 0.0000e+00
 280.662940     18.251  36.623688    13.5848     5.7992     18.098    30.4156    22.7307 0.0000e+00
 280.662946     18.490  36.630004    13.5868     5.7841     18.335    30.4198    22.7335 0.0000e+00
 280.662951     18.739  36.637512    13.5893     5.7578     18.582    30.4246    22.7368 0.0000e+00
 280.662957     18.998  36.644411    13.5901     5.7288     18.839    30.4302    22.7410 0.0000e+00
 280.662963     19.266  36.648087    13.5871     5.6976     19.104    30.4359    22.7459 0.0000e+00
 280.662969     19.543  36.647229    13.5787     5.6839     19.379    30.4417    22.7521 0.0000e+00
 280.662975     19.829  36.641762    13.5634     5.6911     19.663    30.4487    22.7605 0.0000e+00
 280.662980     20.122  36.630503    13.5397     5.7045     19.953    30.4571    22.7717 0.0000e+00
 280.662986     20.409  36.611827    13.5129     5.7085     20.238    30.4611    22.7801 0.0000e+00
 280.662992     20.676  36.591016    13.4952     5.6967     20.502    30.4558    22.7795 0.0000e+00
 280.662998     20.908  36.580025    13.4899     5.6907     20.732    30.4498    22.7759 0.0000e+00
 280.663003     21.109  36.580938    13.4883     5.6896     20.932    30.4519    22.7778 0.0000e+00
 280.663009     21.295  36.585398    13.4825     5.6863     21.116    30.4605    22.7856 0.0000e+00
 280.663015     21.477  36.585861    13.4724     5.6810     21.297    30.4689    22.7941 0.0000e+00
 280.663021     21.659  36.580653    13.4630     5.6705     21.477    30.4716    22.7980 0.0000e+00
 280.663027     21.849  36.573976    13.4565     5.6669     21.666    30.4705    22.7985 0.0000e+00
 280.663032     22.057  36.568634    13.4512     5.6608     21.872    30.4697    22.7989 0.0000e+00
 280.663038     22.290  36.564731    13.4462     5.6469     22.103    30.4700    22.8001 0.0000e+00
 280.663044     22.540  36.562611    13.4419     5.6439     22.351    30.4714    22.8020 0.0000e+00
 280.663050     22.801  36.561633    13.4369     5.6486     22.609    30.4743    22.8053 0.0000e+00
 280.663056     23.074  36.560439    13.4294     5.6587     22.880    30.4791    22.8105 0.0000e+00
 280.663061     23.359  36.559064    13.4208     5.6612     23.163    30.4846    22.8164 0.0000e+00
 280.663067     23.652  36.558981    13.4136     5.6623     23.453    30.4902    22.8221 0.0000e+00
 280.663073     23.941  36.561146    13.4089     5.6529     23.740    30.4958    22.8274 0.0000e+00
 280.663079     24.212  36.564469    13.4070     5.6436     24.009    30.5003    22.8313 0.0000e+00
 280.663084     24.456  36.566606    13.4067     5.6526     24.250    30.5025    22.8330 0.0000e+00
 280.663090     24.680  36.566995    13.4054     5.6502     24.473    30.5038    22.8343 0.0000e+00
 280.663096     24.897  36.567220    13.4017     5.6473     24.688    30.5069    22.8374 0.0000e+00
 280.663102     25.117  36.568649    13.3971     5.6152     24.906    30.5118    22.8421 0.0000e+00
 280.663108     25.343  36.571467    13.3945     5.5686     25.130    30.5164    22.8462 0.0000e+00
 280.663113     25.570  36.575477    13.3949     5.5145     25.355    30.5197    22.8487 0.0000e+00
 280.663119     25.796  36.581508    13.3947     5.4820     25.579    30.5254    22.8531 0.0000e+00
 280.663125     26.024  36.594194    13.3900     5.4776     25.805    30.5408    22.8659 0.0000e+00
 280.663131     26.257  36.628735    13.3791     5.4814     26.036    30.5815    22.8995 0.0000e+00
 280.663137     26.500  36.695316    13.3647     5.4930     26.277    30.6547    22.9590 0.0000e+00
 280.663142     26.745  36.770678    13.3532     5.4951     26.520    30.7339    23.0224 0.0000e+00
 280.663148     26.982  36.821424    13.3474     5.4975     26.755    30.7856    23.0635 0.0000e+00
 280.663154     27.202  36.842937    13.3456     5.4944     26.973    30.8070    23.0804 0.0000e+00
 280.663160     27.401  36.849867    13.3446     5.4992     27.171    30.8142    23.0861 0.0000e+00
 280.663166     27.586  36.854224    13.3428     5.4999     27.354    30.8196    23.0907 0.0000e+00
 280.663171     27.758  36.858988    13.3411     5.5104     27.524    30.8254    23.0954 0.0000e+00
 280.663177     27.897  36.861522    13.3406     5.5167     27.662    30.8281    23.0976 -9.990e-29
 280.663183     27.987  36.861813    13.3410     5.5180     27.752    30.8280    23.0975 -9.990e-29
 280.663189     28.024  36.861340    13.3420     5.5132     27.788    30.8267    23.0963 -9.990e-29
 280.663194     28.012  36.859442    13.3435     5.4954     27.776    30.8237    23.0937 -9.990e-29
 280.663200     27.952  36.855240    13.3449     5.4931     27.717    30.8187    23.0896 -9.990e-29
 280.663206     27.864  36.849263    13.3453     5.4947     27.630    30.8129    23.0850 -9.990e-29
 280.663212     27.775  36.844157    13.3447     5.5132     27.541    30.8086    23.0818 -9.990e-29
 280.663218     27.694  36.844848    13.3433     5.5211     27.461    30.8105    23.0835 -9.990e-29
 280.663223     27.601  36.851110    13.3420     5.5210     27.369    30.8174    23.0891 -9.990e-29
 280.663229     27.482  36.856143    13.3416     5.5121     27.251    30.8224    23.0931 -9.990e-29
 280.663235     27.338  36.857665    13.3417     5.5067     27.108    30.8238    23.0941 0.0000e+00
 280.663241     27.187  36.856000    13.3423     5.5142     26.958    30.8218    23.0925 0.0000e+00
 280.663247     27.051  36.851140    13.3428     5.5302     26.823    30.8169    23.0886 -9.990e-29
 280.663252     26.945  36.848900    13.3426     5.5356     26.718    30.8151    23.0872 -9.990e-29
 280.663258     26.861  36.852427    13.3421     5.5530     26.635    30.8188    23.0902 -9.990e-29
 280.663264     26.782  36.855753    13.3425     5.5634     26.557    30.8216    23.0922 -9.990e-29
 280.663270     26.685  36.854884    13.3440     5.5932     26.461    30.8196    23.0904 -9.990e-29
 280.663275     26.559  36.849192    13.3459     5.6275     26.336    30.8128    23.0848 0.0000e+00
 280.663281     26.410  36.838898    13.3488     5.6490     26.188    30.8010    23.0751 0.0000e+00
 280.663287     26.250  36.823691    13.3554     5.6612     26.029    30.7816    23.0588 0.0000e+00
 280.663293     26.089  36.796710    13.3668     5.6711     25.870    30.7474    23.0301 0.0000e+00
 280.663299     25.935  36.749396    13.3787     5.6766     25.717    30.6939    22.9865 0.0000e+00
 280.663304     25.790  36.689203    13.3871     5.6722     25.573    30.6313    22.9365 0.0000e+00
