data/oxygen options/OCNMS/OCNMS1/raw_data/2016/CAST_KL027_160525faed.cnv
* Sea-Bird SBE19 Data File:
* FileName = C:\2016 Mooring Data\CAST_KL027_160525.hex
* Software Version 1.59
* Temperature SN = 2997
* Conductivity SN = 2997
* System UpLoad Time = May 25 2016 18:21:23
** CAST_KL027_160525
* ds
# nquan = 9                                 
# nvalues = 1112                        
# units = specified
# name 0 = timeJ: Julian Days
# name 1 = prSM: Pressure, Strain Gauge [db]
# name 2 = c0mS/cm: Conductivity [mS/cm]
# name 3 = t090C: Temperature [ITS-90, deg C]
# name 4 = sbeox0ML/L: Oxygen, SBE 43 [ml/l]
# name 5 = depSM: Depth [salt water, m], lat = 47.5
# name 6 = sal00: Salinity, Practical [PSU]
# name 7 = sigma-é00: Density [sigma-theta, kg/m^3]
# name 8 = flag: flag
# span 0 = 146.752350, 146.758779       
# span 1 =     -5.305,     27.140       
# span 2 =   0.000915,  37.471873       
# span 3 =     9.1843,    13.7799       
# span 4 =    -1.9432,    17.1925       
# span 5 =     -5.261,     26.912       
# span 6 =     0.0070,    33.0753       
# span 7 =    -0.7182,    25.5825       
# span 8 = 0.0000e+00, 0.0000e+00       
# interval = seconds: 0.5
# start_time = May 25 2016 18:03:23 [Instrument's time stamp, header]
# bad_flag = -9.990e-29
*END*
[from data line 961]
 146.757911     17.770  35.532327     9.3770     4.4006     17.621    32.9531    25.4562 0.0000e+00
 146.757917     17.623  35.527456     9.4109     4.4810     17.475    32.9170    25.4225 0.0000e+00
 146.757922     17.484  35.519433     9.4469     4.5326     17.337    32.8757    25.3844 0.0000e+00
 146.757928     17.346  35.510493     9.4807     4.5691     17.201    32.8356    25.3476 0.0000e+00
 146.757934     17.216  35.501828     9.5070     4.5926     17.072    32.8026    25.3176 -9.990e-29
 146.757940     17.097  35.493708     9.5231     4.6037     16.954    32.7796    25.2971 -9.990e-29
 146.757946     16.986  35.487395     9.5331     4.6023     16.844    32.7641    25.2833 -9.990e-29
 146.757951     16.875  35.483635     9.5413     4.6015     16.733    32.7528    25.2731 -9.990e-29
 146.757957     16.759  35.481157     9.5492     4.6124     16.618    32.7431    25.2643 -9.990e-29
 146.757963     16.633  35.479069     9.5559     4.6228     16.494    32.7348    25.2568 0.0000e+00
 146.757969     16.503  35.478122     9.5605     4.6215     16.365    32.7297    25.2520 0.0000e+00
 146.757975     16.373  35.478349     9.5642     4.6239     16.236    32.7267    25.2490 0.0000e+00
 146.757980     16.238  35.477984     9.5672     4.6168     16.102    32.7236    25.2461 0.0000e+00
 146.757986     16.092  35.475590     9.5700     4.6311     15.957    32.7187    25.2418 0.0000e+00
 146.757992     15.928  35.472072     9.5730     4.6547     15.794    32.7124    25.2364 0.0000e+00
 146.757998     15.749  35.468515     9.5745     4.6706     15.617    32.7075    25.2323 0.0000e+00
 146.758003     15.565  35.464272     9.5738     4.6736     15.435    32.7038    25.2296 0.0000e+00
 146.758009     15.386  35.459463     9.5725     4.6662     15.257    32.7002    25.2270 0.0000e+00
 146.758015     15.212  35.454575     9.5713     4.6675     15.084    32.6963    25.2241 0.0000e+00
 146.758021     15.047  35.447744     9.5705     4.6775     14.921    32.6901    25.2194 0.0000e+00
 146.758027     14.891  35.439561     9.5701     4.6723     14.766    32.6822    25.2133 0.0000e+00
 146.758032     14.740  35.433857     9.5695     4.6754     14.616    32.6769    25.2093 0.0000e+00
 146.758038     14.593  35.430483     9.5686     4.6488     14.471    32.6744    25.2074 0.0000e+00
 146.758044     14.461  35.427356     9.5675     4.6497     14.340    32.6722    25.2059 -9.990e-29
 146.758050     14.353  35.423280     9.5664     4.6640     14.233    32.6691    25.2037 -9.990e-29
 146.758056     14.263  35.418595     9.5655     4.6717     14.143    32.6652    25.2007 -9.990e-29
 146.758061     14.172  35.415631     9.5647     4.6765     14.053    32.6629    25.1991 -9.990e-29
 146.758067     14.061  35.413969     9.5640     4.6734     13.943    32.6619    25.1984 -9.990e-29
 146.758073     13.923  35.412122     9.5632     4.6741     13.806    32.6608    25.1977 0.0000e+00
 146.758079     13.766  35.410041     9.5620     4.6872     13.651    32.6598    25.1971 0.0000e+00
 146.758084     13.607  35.407365     9.5607     4.6964     13.493    32.6583    25.1961 0.0000e+00
 146.758090     13.452  35.404061     9.5597     4.7003     13.339    32.6559    25.1944 0.0000e+00
 146.758096     13.296  35.400939     9.5591     4.6877     13.185    32.6533    25.1925 0.0000e+00
 146.758102     13.133  35.398491     9.5587     4.6776     13.023    32.6512    25.1909 0.0000e+00
 146.758108     12.969  35.396986     9.5584     4.6801     12.860    32.6501    25.1900 0.0000e+00
 146.758113     12.816  35.396271     9.5585     4.6800     12.709    32.6493    25.1894 0.0000e+00
 146.758119     12.672  35.396124     9.5587     4.6911     12.566    32.6490    25.1892 0.0000e+00
 146.758125     12.533  35.396520     9.5584     4.6909     12.428    32.6498    25.1898 0.0000e+00
 146.758131     12.399  35.395918     9.5576     4.6876     12.295    32.6499    25.1901 0.0000e+00
 146.758137     12.264  35.393686     9.5565     4.7006     12.161    32.6487    25.1893 0.0000e+00
 146.758142     12.126  35.390943     9.5556     4.7082     12.024    32.6468    25.1879 0.0000e+00
 146.758148     11.982  35.388684     9.5547     4.7173     11.882    32.6453    25.1869 0.0000e+00
 146.758154     11.834  35.386872     9.5532     4.7082     11.735    32.6449    25.1869 0.0000e+00
 146.758160     11.684  35.384381     9.5515     4.6903     11.586    32.6440    25.1864 0.0000e+00
 146.758166     11.540  35.380864     9.5500     4.6832     11.443    32.6418    25.1849 0.0000e+00
 146.758171     11.405  35.377967     9.5491     4.6885     11.310    32.6397    25.1834 0.0000e+00
 146.758177     11.276  35.376484     9.5485     4.6955     11.182    32.6388    25.1828 0.0000e+00
 146.758183     11.144  35.375168     9.5474     4.6988     11.051    32.6385    25.1828 0.0000e+00
 146.758189     11.005  35.373554     9.5458     4.6972     10.913    32.6384    25.1829 0.0000e+00
 146.758194     10.863  35.371904     9.5444     4.7009     10.772    32.6380    25.1829 0.0000e+00
 146.758200     10.722  35.370430     9.5439     4.7094     10.632    32.6370    25.1822 0.0000e+00
 146.758206     10.581  35.368460     9.5442     4.7244     10.492    32.6348    25.1804 0.0000e+00
 146.758212     10.441  35.365779     9.5450     4.7174     10.354    32.6314    25.1776 0.0000e+00
 146.758218     10.299  35.364026     9.5463     4.7018     10.213    32.6285    25.1751 0.0000e+00
 146.758223     10.157  35.363837     9.5474     4.7117     10.072    32.6273    25.1740 0.0000e+00
 146.758229     10.019  35.364013     9.5482     4.7408      9.935    32.6268    25.1735 0.0000e+00
 146.758235      9.887  35.363837     9.5493     4.8281      9.804    32.6257    25.1724 0.0000e+00
 146.758241      9.758  35.363249     9.5518     4.9349      9.676    32.6229    25.1698 0.0000e+00
 146.758247      9.627  35.362196     9.5582     5.0741      9.546    32.6161    25.1635 0.0000e+00
 146.758252      9.492  35.361686     9.5740     5.2248      9.413    32.6012    25.1493 0.0000e+00
 146.758258      9.348  35.363449     9.6111     5.3350      9.270    32.5694    25.1185 0.0000e+00
 146.758264      9.193  35.370008     9.6791     5.4069      9.116    32.5146    25.0646 0.0000e+00
 146.758270      9.032  35.387480     9.7657     5.4202      8.956    32.4543    25.0034 0.0000e+00
 146.758275      8.874  35.416925     9.8428     5.4626      8.800    32.4149    24.9600 0.0000e+00
 146.758281      8.732  35.456886     9.8883     5.5554      8.659    32.4146    24.9524 0.0000e+00
 146.758287      8.605  35.485754     9.9030     5.6896      8.533    32.4308    24.9625 0.0000e+00
 146.758293      8.480  35.488415     9.9188     5.8883      8.409    32.4194    24.9510 0.0000e+00
 146.758299      8.346  35.499413     9.9611     6.1158      8.276    32.3926    24.9231 0.0000e+00
 146.758304      8.198  35.529660    10.0228     6.3433      8.129    32.3680    24.8937 0.0000e+00
 146.758310      8.036  35.566430    10.0962     6.5636      7.969    32.3396    24.8594 0.0000e+00
 146.758316      7.861  35.607381    10.1934     6.7478      7.795    32.2942    24.8078 0.0000e+00
 146.758322      7.684  35.654069    10.3056     6.8885      7.620    32.2415    24.7478 0.0000e+00
 146.758328      7.516  35.715139    10.3965     6.9777      7.453    32.2222    24.7174 0.0000e+00
 146.758333      7.367  35.793762    10.4641     7.0627      7.305    32.2411    24.7207 -9.990e-29
 146.758339      7.244  35.878978    10.5289     7.1328      7.183    32.2690    24.7314 -9.990e-29
 146.758345      7.136  35.938351    10.5898     7.1998      7.076    32.2745    24.7252 -9.990e-29
 146.758351      7.022  35.962693    10.6500     7.2712      6.963    32.2456    24.6923 -9.990e-29
 146.758356      6.896  35.979599    10.7213     7.3090      6.838    32.1996    24.6442 0.0000e+00
 146.758362      6.763  36.013476    10.7913     7.3176      6.706    32.1717    24.6104 0.0000e+00
 146.758368      6.626  36.055324    10.8438     7.3277      6.571    32.1671    24.5977 0.0000e+00
 146.758374      6.481  36.079317    10.8859     7.3517      6.427    32.1540    24.5802 0.0000e+00
 146.758380      6.324  36.087374    10.9221     7.4209      6.271    32.1303    24.5554 0.0000e+00
 146.758385      6.157  36.092661    10.9454     7.5146      6.106    32.1152    24.5396 0.0000e+00
 146.758391      5.992  36.096243    10.9542     7.6008      5.942    32.1111    24.5349 0.0000e+00
 146.758397      5.838  36.102518    10.9566     7.7138      5.789    32.1153    24.5377 0.0000e+00
 146.758403      5.694  36.120595    10.9666     7.8315      5.646    32.1245    24.5431 0.0000e+00
 146.758409      5.552  36.143373    10.9924     7.9514      5.506    32.1244    24.5385 0.0000e+00
 146.758414      5.407  36.157688    11.0352     8.0424      5.362    32.1012    24.5129 0.0000e+00
 146.758420      5.258  36.171035    11.0940     8.1450      5.214    32.0631    24.4729 0.0000e+00
 146.758426      5.108  36.197465    11.1561     8.3487      5.065    32.0351    24.4402 0.0000e+00
 146.758432      4.965  36.240462    11.2056     8.5548      4.924    32.0343    24.4309 0.0000e+00
 146.758438      4.825  36.284697    11.2489     8.7491      4.785    32.0402    24.4277 0.0000e+00
 146.758443      4.673  36.310888    11.3193     8.9192      4.634    32.0048    24.3877 0.0000e+00
 146.758449      4.509  36.337329    11.4362     9.0207      4.471    31.9296    24.3083 0.0000e+00
 146.758455      4.340  36.390487    11.5775     9.0706      4.304    31.8597    24.2285 0.0000e+00
 146.758461      4.172  36.476423    11.7344     9.1083      4.137    31.8086    24.1604 0.0000e+00
 146.758466      4.011  36.629787    11.9275     9.1002      3.977    31.7919    24.1121 0.0000e+00
 146.758472      3.861  36.856885    12.1232     9.0868      3.829    31.8438    24.1161 0.0000e+00
 146.758478      3.715  37.056104    12.2612     9.0558      3.684    31.9174    24.1473 0.0000e+00
 146.758484      3.568  37.156466    12.3579     9.0173      3.538    31.9311    24.1398 0.0000e+00
 146.758490      3.421  37.202898    12.4437     9.0030      3.392    31.9025    24.1014 0.0000e+00
 146.758495      3.271  37.241256    12.5074     8.9988      3.244    31.8851    24.0758 0.0000e+00
 146.758501      3.123  37.272433    12.5429     8.9953      3.097    31.8847    24.0688 0.0000e+00
 146.758507      2.980  37.300645    12.5565     8.9783      2.955    31.9001    24.0781 0.0000e+00
 146.758513      2.837  37.325587    12.5624     8.9623      2.813    31.9189    24.0915 0.0000e+00
 146.758519      2.688  37.336987    12.5717     8.9728      2.666    31.9219    24.0921 0.0000e+00
 146.758524      2.539  37.333410    12.5806     8.9846      2.518    31.9110    24.0819 0.0000e+00
 146.758530      2.391  37.323159    12.5860     8.9910      2.371    31.8968    24.0699 0.0000e+00
 146.758536      2.245  37.323577    12.5901     8.9918      2.226    31.8937    24.0667 0.0000e+00
 146.758542      2.098  37.329239    12.5927     8.9811      2.080    31.8970    24.0687 0.0000e+00
 146.758547      1.952  37.332743    12.5940     8.9758      1.936    31.8993    24.0703 0.0000e+00
 146.758553      1.808  37.345107    12.5951     8.9701      1.793    31.9101    24.0785 0.0000e+00
 146.758559      1.671  37.362820    12.5966     8.9174      1.657    31.9258    24.0903 0.0000e+00
 146.758565      1.540  37.377178    12.5979     8.7858      1.527    31.9384    24.0998 -9.990e-29
 146.758571      1.417  37.386207    12.5988     8.6088      1.405    31.9462    24.1057 -9.990e-29
 146.758576      1.296  37.389236    12.6014     8.4872      1.285    31.9470    24.1058 -9.990e-29
 146.758582      1.176  37.391048    12.6077     8.4941      1.166    31.9434    24.1018 -9.990e-29
 146.758588      1.060  37.396479    12.6157    10.0889      1.051    31.9418    24.0990 -9.990e-29
 146.758594      0.956  37.402304    12.6179     9.6525      0.948    31.9455    24.1015 -9.990e-29
 146.758600      0.863  37.401340    12.6080     8.8021      0.856    31.9530    24.1092 -9.990e-29
 146.758605      0.786  37.388563    12.5868     7.8184      0.779    31.9589    24.1178 -9.990e-29
 146.758611      0.723  37.364496    12.5579     7.1447      0.717    31.9606    24.1246 -9.990e-29
 146.758617      0.671  37.321886    12.5252     6.8530      0.665    31.9478    24.1210 -9.990e-29
 146.758623      0.626  37.219227    12.4908     6.8135      0.621    31.8793    24.0744 -9.990e-29
 146.758628      0.585  36.937724    12.4534     6.8601      0.580    31.6427    23.8982 -9.990e-29
 146.758634      0.550  36.128465    12.4114     6.8994      0.545    30.9077    23.3366 -9.990e-29
 146.758640      0.523  33.739396    12.3672     6.9205      0.519    28.6825    21.6218 -9.990e-29
 146.758646      0.503  26.609226    12.3252     6.9321      0.499    22.0989    16.5391 -9.990e-29
 146.758652      0.487  15.767608    12.2858     6.9471      0.483    12.4941     9.1332 -9.990e-29
 146.758657      0.472   8.233879    12.2475     6.9793      0.468     6.2007     4.2806 -9.990e-29
 146.758663      0.455   5.602994    12.2110     6.9919      0.451     4.1090     2.6675 -9.990e-29
 146.758669      0.444   4.897989    12.1777     7.0076      0.440     3.5627     2.2486 -9.990e-29
 146.758675      0.444   4.686931    12.1480     7.0116      0.440     3.4019     2.1278 -9.990e-29
 146.758681      0.449   4.404394    12.1194     7.0049      0.445     3.1863     1.9642 -9.990e-29
 146.758686      0.451   3.971043    12.0895     6.9900      0.447     2.8560     1.7118 -9.990e-29
 146.758692      0.446   3.597769    12.0576     6.9796      0.442     2.5738     1.4967 -9.990e-29
 146.758698      0.439   3.513278    12.0252     6.9643      0.435     2.5118     1.4525 -9.990e-29
 146.758704      0.437   3.614370    11.9937     6.9622      0.433     2.5908     1.5176 -9.990e-29
 146.758709      0.444   3.658494    11.9654     6.9447      0.440     2.6264     1.5486 -9.990e-29
 146.758715      0.457   3.504411    11.9432     6.9537      0.453     2.5106     1.4614 -9.990e-29
 146.758721      0.467   3.198425    11.9279     6.9625      0.463     2.2796     1.2838 -9.990e-29
 146.758727      0.472   2.885486    11.9170 -9.990e-29      0.468     2.0446     1.1025 -9.990e-29
 146.758733      0.476   2.666777    11.9073 -9.990e-29      0.472     1.8814     0.9769 -9.990e-29
 146.758738      0.483   2.582389    11.8970 -9.990e-29      0.479     1.8190     0.9296 -9.990e-29
 146.758744      0.489   2.633146    11.8846 -9.990e-29      0.485     1.8575     0.9609 -9.990e-29
 146.758750      0.492   2.775604    11.8696 -9.990e-29      0.488     1.9647     1.0461 -9.990e-29
 146.758756      0.494   2.947463    11.8535 -9.990e-29      0.490     2.0946     1.1489 -9.990e-29
 146.758762      0.501   3.126169    11.8383 -9.990e-29      0.497     2.2303     1.2562 -9.990e-29
 146.758767      0.508   3.267159    11.8260 -9.990e-29      0.504     2.3379     1.3412 -9.990e-29
 146.758773      0.513   3.259461    11.8207 -9.990e-29      0.509     2.3324     1.3375 -9.990e-29
 146.758779      0.514   3.101700 -9.990e-29 -9.990e-29      0.510 -9.990e-29 -9.990e-29 -9.990e-29
