data/oxygen options/OCNMS/OCNMS1/raw_data/2016/CAST_TH042_161009faed.cnv
* Sea-Bird SBE19 Data File:
* FileName = C:\2016 Mooring Data\Casts\Data\CAST_TH042_161009.hex
* Software Version 1.59
* Temperature SN = 2997
* Conductivity SN = 2997
* System UpLoad Time = Oct 09 2016 21:46:02
** CAST_TH042_161009
* ds
# nquan = 9                                 
# nvalues = 1314                        
# units = specified
# name 0 = timeJ: Julian Days
# name 1 = prSM: Pressure, Strain Gauge [db]
# name 2 = c0mS/cm: Conductivity [mS/cm]
# name 3 = t090C: Temperature [ITS-90, deg C]
# name 4 = sbeox0ML/L: Oxygen, SBE 43 [ml/l]
# name 5 = depSM: Depth [salt water, m], lat = 47.5
# name 6 = sal00: Salinity, Practical [PSU]
# name 7 = sigma-é00: Density [sigma-theta, kg/m^3]
# name 8 = flag: flag
# span 0 = 283.855926, 283.863524       
# span 1 =     -5.294,     42.408       
# span 2 =   0.493619,  37.014605       
# span 3 =    10.5185,    14.0533       
# span 4 =    -1.9515,    12.3014       
# span 5 =     -5.250,     42.050       
# span 6 =     0.3067,    32.7312       
# span 7 =    -0.5217,    25.0939       
# span 8 = 0.0000e+00, 0.0000e+00       
# interval = seconds: 0.5
# start_time = Oct 09 2016 20:32:32 [Instrument's time stamp, header]
# bad_flag = -9.990e-29
*END*
[from data line 161]
 283.856858     -1.920   0.515099    13.3690    -1.9374     -1.904     0.3245    -0.4159 -9.990e-29
 283.856863     -1.907   0.515118    13.3811    -1.9375     -1.891     0.3245    -0.4176 -9.990e-29
 283.856869     -1.897   0.515162    13.3880    -1.9378     -1.881     0.3244    -0.4185 -9.990e-29
 283.856875     -1.889   0.515292    13.3907    -1.9382     -1.873     0.3245    -0.4188 -9.990e-29
 283.856881     -1.883   0.515681    13.3891    -1.9380     -1.867     0.3248    -0.4184 -9.990e-29
 283.856887     -1.878   0.516291    13.3834    -1.9379     -1.862     0.3252    -0.4173 -9.990e-29
 283.856892     -1.874   0.516827    13.3753    -1.9380     -1.858     0.3256    -0.4159 -9.990e-29
 283.856898     -1.870   0.517445    13.3669    -1.9382     -1.854     0.3261    -0.4145 -9.990e-29
 283.856904     -1.867   0.518417    13.3598    -1.9385     -1.851     0.3268    -0.4130 -9.990e-29
 283.856910     -1.864   0.519372    13.3546    -1.9380     -1.848     0.3274    -0.4118 -9.990e-29
 283.856916     -1.862   0.519917    13.3498    -1.9376     -1.846     0.3278    -0.4108 -9.990e-29
 283.856921     -1.859   0.520225    13.3443    -1.9367     -1.843     0.3281    -0.4099 -9.990e-29
 283.856927     -1.855   0.520706    13.3400    -1.9364     -1.840     0.3284    -0.4091 -9.990e-29
 283.856933     -1.851   0.521445    13.3388    -1.9367     -1.836     0.3289    -0.4085 -9.990e-29
 283.856939     -1.847   0.522320    13.3384    -1.9370     -1.832     0.3295    -0.4080 -9.990e-29
 283.856944     -1.841   0.523386    13.3368    -1.9376     -1.826     0.3302    -0.4073 -9.990e-29
 283.856950     -1.834   0.524399    13.3347    -1.9381     -1.819     0.3309    -0.4065 -9.990e-29
 283.856956     -1.824   0.525044    13.3350    -1.9382     -1.809     0.3313    -0.4062 -9.990e-29
 283.856962     -1.813   0.525625    13.3404    -1.9383     -1.798     0.3316    -0.4067 -9.990e-29
 283.856968     -1.798   0.526362    13.3503    -1.9384     -1.783     0.3320    -0.4076 -9.990e-29
 283.856973     -1.778   0.527127    13.3611    -1.9382     -1.763     0.3324    -0.4088 -9.990e-29
 283.856979     -1.754   0.527830    13.3673    -1.9381     -1.739     0.3328    -0.4093 -9.990e-29
 283.856985     -1.726   0.528299    13.3659    -1.9383     -1.712     0.3332    -0.4088 -9.990e-29
 283.856991     -1.703   0.528603    13.3588    -1.9389     -1.689     0.3334    -0.4077 -9.990e-29
 283.856997     -1.686   0.529149    13.3490    -1.9391     -1.672     0.3339    -0.4061 -9.990e-29
 283.857002     -1.676   0.530110    13.3402    -1.9393     -1.662     0.3346    -0.4043 -9.990e-29
 283.857008     -1.666   0.531102    13.3350    -1.9395     -1.652     0.3352    -0.4031 -9.990e-29
 283.857014     -1.652   0.531780    13.3322    -1.9395     -1.638     0.3357    -0.4024 -9.990e-29
 283.857020     -1.637   0.532494    13.3308    -1.9398     -1.623     0.3362    -0.4018 -9.990e-29
 283.857025     -1.626   0.533640    13.3309    -1.9398     -1.612     0.3369    -0.4013 -9.990e-29
 283.857031     -1.616   0.535083    13.3302    -1.9397     -1.603     0.3379    -0.4004 -9.990e-29
 283.857037     -1.607   0.536523    13.3260    -1.9396     -1.594     0.3389    -0.3991 -9.990e-29
 283.857043     -1.600   0.537661    13.3190    -1.9396     -1.587     0.3397    -0.3976 -9.990e-29
 283.857049     -1.592   0.538349    13.3121    -1.9395     -1.579     0.3402    -0.3963 -9.990e-29
 283.857054     -1.584   0.538948    13.3070    -1.9391     -1.571     0.3406    -0.3953 -9.990e-29
 283.857060     -1.576   0.539704    13.3033    -1.9390     -1.563     0.3411    -0.3944 -9.990e-29
 283.857066     -1.566   0.540512    13.3004    -1.9392     -1.553     0.3417    -0.3936 -9.990e-29
 283.857072     -1.555   0.541341    13.2978    -1.9395     -1.542     0.3422    -0.3928 -9.990e-29
 283.857078     -1.545   0.542186    13.2963    -1.9397     -1.532     0.3428    -0.3921 -9.990e-29
 283.857083     -1.541   0.543064    13.2966    -1.9400     -1.528     0.3434    -0.3917 -9.990e-29
 283.857089     -1.537   0.544033    13.2979    -1.9403     -1.524     0.3440    -0.3914 -9.990e-29
 283.857095     -1.530   0.545275    13.2997    -1.9411     -1.517     0.3448    -0.3910 -9.990e-29
 283.857101     -1.519   0.546782    13.3029    -1.9415     -1.506     0.3458    -0.3907 -9.990e-29
 283.857106     -1.503   0.548340    13.3068    -1.9423     -1.490     0.3467    -0.3905 -9.990e-29
 283.857112     -1.485   0.549808    13.3080    -1.9421     -1.473     0.3477    -0.3899 -9.990e-29
 283.857118     -1.473   0.550920    13.3050    -1.9415     -1.461     0.3484    -0.3889 -9.990e-29
 283.857124     -1.466   0.551496    13.2999    -1.9415     -1.454     0.3489    -0.3879 -9.990e-29
 283.857130     -1.456   0.551748    13.2942    -1.9414     -1.444     0.3491    -0.3870 -9.990e-29
 283.857135     -1.440   0.552010    13.2869    -1.9412     -1.428     0.3493    -0.3859 -9.990e-29
 283.857141     -1.428   0.552634    13.2771    -1.9410     -1.416     0.3498    -0.3842 -9.990e-29
 283.857147     -1.418   0.553895    13.2655    -1.9410     -1.406     0.3507    -0.3819 -9.990e-29
 283.857153     -1.406   0.555810    13.2540    -1.9413     -1.394     0.3521    -0.3794 -9.990e-29
 283.857159     -1.394   0.558157    13.2457    -1.9416     -1.382     0.3537    -0.3770 -9.990e-29
 283.857164     -1.386   0.560179    13.2445    -1.9418     -1.374     0.3550    -0.3758 -9.990e-29
 283.857170     -1.383   0.561239    13.2486    -1.9418     -1.371     0.3557    -0.3759 -9.990e-29
 283.857176     -1.379   0.561641    13.2528    -1.9418     -1.367     0.3559    -0.3762 -9.990e-29
 283.857182     -1.370   0.561921    13.2559    -1.9417     -1.359     0.3561    -0.3765 -9.990e-29
 283.857188     -1.359   0.562454    13.2587    -1.9417     -1.348     0.3564    -0.3766 -9.990e-29
 283.857193     -1.351   0.563394    13.2606    -1.9421     -1.340     0.3570    -0.3764 -9.990e-29
 283.857199     -1.344   0.564330    13.2601    -1.9422     -1.333     0.3576    -0.3759 -9.990e-29
 283.857205     -1.338   0.564843    13.2565    -1.9423     -1.327     0.3580    -0.3751 -9.990e-29
 283.857211     -1.334   0.565064    13.2517    -1.9422     -1.323     0.3582    -0.3743 -9.990e-29
 283.857216     -1.330   0.565285    13.2481    -1.9420     -1.319     0.3584    -0.3737 -9.990e-29
 283.857222     -1.326   0.565802    13.2462    -1.9421     -1.315     0.3587    -0.3732 -9.990e-29
 283.857228     -1.322   0.566748    13.2455    -1.9422     -1.311     0.3593    -0.3726 -9.990e-29
 283.857234     -1.318   0.567721    13.2448    -1.9423     -1.307     0.3600    -0.3720 -9.990e-29
 283.857240     -1.314   0.568351    13.2429    -1.9427     -1.303     0.3604    -0.3715 -9.990e-29
 283.857245     -1.309   0.568923    13.2396    -1.9428     -1.298     0.3608    -0.3707 -9.990e-29
 283.857251     -1.302   0.569645    13.2366    -1.9428     -1.291     0.3613    -0.3699 -9.990e-29
 283.857257     -1.295   0.570369    13.2354    -1.9427     -1.284     0.3618    -0.3694 -9.990e-29
 283.857263     -1.285   0.570950    13.2359    -1.9423     -1.274     0.3622    -0.3692 -9.990e-29
 283.857269     -1.277   0.571052    13.2365    -1.9421     -1.266     0.3622    -0.3692 -9.990e-29
 283.857274     -1.275   0.570811    13.2356    -1.9419     -1.264     0.3621    -0.3692 -9.990e-29
 283.857280     -1.273   0.571019    13.2333    -1.9417     -1.262     0.3623    -0.3688 -9.990e-29
 283.857286     -1.269   0.571953    13.2297    -1.9415     -1.258     0.3629    -0.3678 -9.990e-29
 283.857292     -1.261   0.573191    13.2257    -1.9413     -1.250     0.3637    -0.3666 -9.990e-29
 283.857297     -1.249   0.574163    13.2234    -1.9412     -1.239     0.3644    -0.3658 -9.990e-29
 283.857303     -1.232   0.574499    13.2236    -1.9411     -1.222     0.3646    -0.3657 -9.990e-29
 283.857309     -1.213   0.574650    13.2264    -1.9411     -1.203     0.3647    -0.3660 -9.990e-29
 283.857315     -1.200   0.575372    13.2312    -1.9410     -1.190     0.3651    -0.3663 -9.990e-29
 283.857321     -1.192   0.576517    13.2364    -1.9417     -1.182     0.3658    -0.3664 -9.990e-29
 283.857326     -1.183   0.577390    13.2412    -1.9423     -1.173     0.3664    -0.3666 -9.990e-29
 283.857332     -1.175   0.577489    13.2458    -1.9427     -1.165     0.3664    -0.3672 -9.990e-29
 283.857338     -1.161   0.576948    13.2503    -1.9426     -1.151     0.3660    -0.3681 -9.990e-29
 283.857344     -1.141   0.576342    13.2543    -1.9428     -1.131     0.3656    -0.3689 -9.990e-29
 283.857350     -1.122   0.575972    13.2572    -1.9430     -1.113     0.3653    -0.3695 -9.990e-29
 283.857355     -1.107   0.576084    13.2586    -1.9428     -1.098     0.3653    -0.3697 -9.990e-29
 283.857361     -1.096   0.576830    13.2581    -1.9426     -1.087     0.3658    -0.3692 -9.990e-29
 283.857367     -1.087   0.577722    13.2539    -1.9425     -1.078     0.3665    -0.3682 -9.990e-29
 283.857373     -1.080   0.578286    13.2452    -1.9425     -1.071     0.3669    -0.3667 -9.990e-29
 283.857378     -1.075   0.578717    13.2350    -1.9423     -1.066     0.3673    -0.3651 -9.990e-29
 283.857384     -1.070   0.579590    13.2277    -1.9421     -1.061     0.3679    -0.3636 -9.990e-29
 283.857390     -1.067   0.580960    13.2240    -1.9419     -1.058     0.3689    -0.3624 -9.990e-29
 283.857396     -1.065   0.581877    13.2217    -1.9421     -1.056     0.3695    -0.3616 -9.990e-29
 283.857402     -1.062   0.581900    13.2205    -1.9424     -1.053     0.3695    -0.3614 -9.990e-29
 283.857407     -1.061   0.581613    13.2218    -1.9424     -1.052     0.3693    -0.3618 -9.990e-29
 283.857413     -1.059   0.581190    13.2245    -1.9421     -1.050     0.3690    -0.3624 -9.990e-29
 283.857419     -1.058   0.580621    13.2272    -1.9420     -1.049     0.3686    -0.3630 -9.990e-29
 283.857425     -1.057   0.580259    13.2296    -1.9420     -1.048     0.3684    -0.3635 -9.990e-29
 283.857431     -1.056   0.580178    13.2325    -1.9421     -1.047     0.3683    -0.3640 -9.990e-29
 283.857436     -1.055   0.580270    13.2355    -1.9422     -1.046     0.3683    -0.3643 -9.990e-29
 283.857442     -1.055   0.580658    13.2367    -1.9423     -1.046     0.3685    -0.3643 -9.990e-29
 283.857448     -1.054   0.581304    13.2350    -1.9425     -1.045     0.3690    -0.3638 -9.990e-29
 283.857454     -1.052   0.581959    13.2329    -1.9429     -1.043     0.3694    -0.3631 -9.990e-29
 283.857459     -1.051   0.582387    13.2332    -1.9431     -1.042     0.3697    -0.3629 -9.990e-29
 283.857465     -1.050   0.582603    13.2356    -1.9431     -1.041     0.3698    -0.3632 -9.990e-29
 283.857471     -1.047   0.582895    13.2374    -1.9432     -1.038     0.3700    -0.3633 -9.990e-29
 283.857477     -1.045   0.583097    13.2373    -1.9433     -1.036     0.3701    -0.3632 -9.990e-29
 283.857483     -1.041   0.582925    13.2355    -1.9434     -1.032     0.3700    -0.3630 -9.990e-29
 283.857488     -1.037   0.582703    13.2327    -1.9434     -1.028     0.3699    -0.3627 -9.990e-29
 283.857494     -1.032   0.583249    13.2292    -1.9430     -1.023     0.3703    -0.3620 -9.990e-29
 283.857500     -1.025   0.584733    13.2244    -1.9426     -1.016     0.3713    -0.3605 -9.990e-29
 283.857506     -1.016   0.586358    13.2192    -1.9421     -1.008     0.3725    -0.3590 -9.990e-29
 283.857512     -1.004   0.587515    13.2152    -1.9421     -0.996     0.3733    -0.3578 -9.990e-29
 283.857517     -0.994   0.588081    13.2128    -1.9426     -0.986     0.3737    -0.3572 -9.990e-29
 283.857523     -0.988   0.588257    13.2111    -1.9433     -0.980     0.3738    -0.3569 -9.990e-29
 283.857529     -0.981   0.588277    13.2096    -1.9437     -0.973     0.3738    -0.3567 -9.990e-29
 283.857535     -0.975   0.588168    13.2091    -1.9440     -0.967     0.3737    -0.3567 -9.990e-29
 283.857541     -0.972   0.587785    13.2113    -1.9441     -0.964     0.3735    -0.3572 -9.990e-29
 283.857546     -0.968   0.587173    13.2169    -1.9443     -0.960     0.3730    -0.3583 -9.990e-29
 283.857552     -0.958   0.586627    13.2239    -1.9443     -0.950     0.3726    -0.3595 -9.990e-29
 283.857558     -0.946   0.586529    13.2284    -1.9444     -0.938     0.3725    -0.3602 -9.990e-29
 283.857564     -0.936   0.587305    13.2274    -1.9446     -0.928     0.3730    -0.3596 -9.990e-29
 283.857569     -0.922   0.588879    13.2202    -1.9443     -0.914     0.3741    -0.3578 -9.990e-29
 283.857575     -0.904   0.590574    13.2097    -1.9442     -0.896     0.3753    -0.3555 -9.990e-29
 283.857581     -0.890   0.591875    13.2002    -1.9440     -0.883     0.3763    -0.3535 -9.990e-29
 283.857587     -0.877   0.592852    13.1936    -1.9438     -0.870     0.3770    -0.3521 -9.990e-29
 283.857593     -0.862   0.593695    13.1892    -1.9446     -0.855     0.3776    -0.3511 -9.990e-29
 283.857598     -0.847   0.594420    13.1860    -1.9456     -0.840     0.3781    -0.3503 -9.990e-29
 283.857604     -0.836   0.594883    13.1837    -1.9466     -0.829     0.3784    -0.3497 -9.990e-29
 283.857610     -0.828   0.595146    13.1820    -1.9470     -0.821     0.3786    -0.3494 -9.990e-29
 283.857616     -0.823   0.595561    13.1817    -1.9472     -0.816     0.3789    -0.3491 -9.990e-29
 283.857622     -0.820   0.596125    13.1835    -1.9475     -0.813     0.3792    -0.3491 -9.990e-29
 283.857627     -0.819   0.596481    13.1859    -1.9480     -0.812     0.3794    -0.3492 -9.990e-29
 283.857633     -0.820   0.596548    13.1871    -1.9487     -0.813     0.3795    -0.3494 -9.990e-29
 283.857639     -0.823   0.596416    13.1834    -1.9490     -0.816     0.3794    -0.3489 -9.990e-29
 283.857645     -0.824   0.596462    13.1716    -1.9490     -0.817     0.3796    -0.3473 -9.990e-29
 283.857650     -0.819   0.597304    13.1540    -1.9492     -0.812     0.3803    -0.3444 -9.990e-29
 283.857656     -0.812   0.598956    13.1371    -1.9495     -0.805     0.3815    -0.3413 -9.990e-29
 283.857662     -0.806   0.600844    13.1246    -1.9499     -0.799     0.3829    -0.3386 -9.990e-29
 283.857668     -0.802   0.602155    13.1156    -1.9498     -0.795     0.3839    -0.3367 -9.990e-29
 283.857674     -0.798   0.602416    13.1070    -1.9497     -0.791     0.3841    -0.3354 -9.990e-29
 283.857679     -0.796   0.601974    13.0967    -1.9498     -0.789     0.3839    -0.3342 -9.990e-29
 283.857685     -0.794   0.601351    13.0861    -1.9499     -0.787     0.3836    -0.3331 -9.990e-29
 283.857691     -0.792   0.600825    13.0785    -1.9504     -0.785     0.3833    -0.3323 -9.990e-29
 283.857697     -0.790   0.600807    13.0737    -1.9510     -0.783     0.3834    -0.3317 -9.990e-29
 283.857703     -0.789   0.601273    13.0687    -1.9515     -0.782     0.3837    -0.3307 -9.990e-29
 283.857708     -0.788   0.601734    13.0627    -1.9515     -0.781     0.3841    -0.3297 -9.990e-29
 283.857714     -0.787   0.602249    13.0581    -1.9513     -0.780     0.3845    -0.3288 -9.990e-29
 283.857720     -0.786   0.602952    13.0563    -1.9512     -0.779     0.3850    -0.3282 -9.990e-29
 283.857726     -0.785   0.603670    13.0554    -1.9510     -0.778     0.3854    -0.3277 -9.990e-29
 283.857731     -0.784   0.604247    13.0531    -1.9506     -0.777     0.3859    -0.3271 -9.990e-29
 283.857737     -0.783   0.604344    13.0478    -1.9503     -0.776     0.3860    -0.3263 -9.990e-29
 283.857743     -0.781   0.604091    13.0392    -1.9500     -0.774     0.3859    -0.3253 -9.990e-29
 283.857749     -0.779   0.604261    13.0295    -1.9496     -0.773     0.3861    -0.3239 -9.990e-29
 283.857755     -0.777   0.605083    13.0223    -1.9493     -0.771     0.3867    -0.3225 -9.990e-29
 283.857760     -0.773   0.605985    13.0199    -1.9490     -0.767     0.3873    -0.3217 -9.990e-29
 283.857766     -0.769   0.606506    13.0214    -1.9489     -0.763     0.3877    -0.3216 -9.990e-29
 283.857772     -0.764   0.606784    13.0247    -1.9490     -0.758     0.3878    -0.3219 -9.990e-29
