data/oxygen options/OCNMS/OCNMS1/raw_data/2016/CAST_CA015_161009faed.cnv
* Sea-Bird SBE19 Data File:
* FileName = C:\2016 Mooring Data\Casts\Data\CAST_CA015_161009.hex
* Software Version 1.59
* Temperature SN = 2997
* Conductivity SN = 2997
* System UpLoad Time = Oct 09 2016 18:34:18
** CAST_CA015_161009
* ds
# nquan = 9                                 
# nvalues = 754                         
# units = specified
# name 0 = timeJ: Julian Days
# name 1 = prSM: Pressure, Strain Gauge [db]
# name 2 = c0mS/cm: Conductivity [mS/cm]
# name 3 = t090C: Temperature [ITS-90, deg C]
# name 4 = sbeox0ML/L: Oxygen, SBE 43 [ml/l]
# name 5 = depSM: Depth [salt water, m], lat = 47.5
# name 6 = sal00: Salinity, Practical [PSU]
# name 7 = sigma-é00: Density [sigma-theta, kg/m^3]
# name 8 = flag: flag
# span 0 = 283.767859, 283.772216       
# span 1 =     -2.623,     13.934       
# span 2 =   0.551616,  36.285435       
# span 3 =    11.2011,    13.3480       
# span 4 =    -2.0348,    12.1424       
# span 5 =     -2.601,     13.817       
# span 6 =     0.3657,    30.3042       
# span 7 =    -0.1567,    22.7045       
# span 8 = 0.0000e+00, 0.0000e+00       
# interval = seconds: 0.5
# start_time = Oct 09 2016 18:25:43 [Instrument's time stamp, header]
# bad_flag = -9.990e-29
*END*
[from data line 321]
 283.769716      0.317   0.558952    11.4219    -2.0205      0.314     0.3712    -0.1458 -9.990e-29
 283.769722      0.320   0.558577    11.4332    -2.0210      0.317     0.3708    -0.1473 -9.990e-29
 283.769728      0.325   0.558452    11.4486    -2.0209      0.322     0.3706    -0.1492 -9.990e-29
 283.769734      0.332   0.558410    11.4620    -2.0200      0.329     0.3704    -0.1508 -9.990e-29
 283.769740      0.342   0.558395    11.4696    -2.0193      0.339     0.3703    -0.1516 -9.990e-29
 283.769745      0.355   0.558388    11.4733    -2.0203      0.352     0.3703    -0.1521 -9.990e-29
 283.769751      0.369   0.558382    11.4775    -2.0218      0.366     0.3703    -0.1526 -9.990e-29
 283.769757      0.374   0.558368    11.4835    -2.0224      0.371     0.3702    -0.1533 -9.990e-29
 283.769763      0.372   0.558327    11.4896    -2.0223      0.369     0.3701    -0.1540 -9.990e-29
 283.769769      0.371   0.558205    11.4928    -2.0222      0.368     0.3700    -0.1544 -9.990e-29
 283.769774      0.375   0.557840    11.4933    -2.0221      0.372     0.3697    -0.1547 -9.990e-29
 283.769780      0.385   0.557301    11.4967    -2.0218      0.382     0.3693    -0.1554 -9.990e-29
 283.769786      0.401   0.556980    11.5041    -2.0218      0.398     0.3690    -0.1564 -9.990e-29
 283.769792      0.423   0.557004    11.5067    -2.0224      0.419     0.3690    -0.1567 -9.990e-29
 283.769797      0.455   0.556851    11.4974    -2.0233      0.451     0.3690    -0.1557 -9.990e-29
 283.769803      0.492   0.555764    11.4820    -2.0233      0.488     0.3684    -0.1545 -9.990e-29
 283.769809      0.525   0.553960    11.4707    -2.0229      0.521     0.3673    -0.1542 -9.990e-29
 283.769815      0.544   0.552362    11.4664    -2.0229      0.539     0.3662    -0.1545 -9.990e-29
 283.769821      0.548   0.551616    11.4665    -1.8422      0.543     0.3657    -0.1549 -9.990e-29
 283.769826      0.548   0.551839    11.4681    -1.6293      0.543     0.3659    -0.1550 -9.990e-29
 283.769832      0.543   0.552774    11.4688    -1.6147      0.538     0.3665    -0.1546 -9.990e-29
 283.769838      0.533   0.555114    11.4659    -1.6107      0.529     0.3681    -0.1530 -9.990e-29
 283.769844      0.529   0.562536    11.4590    -1.6097      0.525     0.3733    -0.1482 -9.990e-29
 283.769850      0.537   0.585490    11.4538    -1.6097      0.533     0.3891    -0.1352 -9.990e-29
 283.769855      0.547   0.653471    11.4612    -1.6100      0.542     0.4360    -0.0993 -9.990e-29
 283.769861      0.562   0.852680    11.4952    -1.6097      0.557     0.5746     0.0053 -9.990e-29
 283.769867      0.584   1.442621    11.5950    -1.6094      0.579     0.9931     0.3210 -9.990e-29
 283.769873      0.613   3.208218    11.8896    -1.6094      0.608     2.2893     1.2959 -9.990e-29
 283.769878      0.650   8.506374    12.3986    -1.6095      0.645     6.3958     4.4112 -9.990e-29
 283.769884      0.701  18.425342    12.8705    -1.6094      0.695    14.5730    10.6465 -9.990e-29
 283.769890      0.765  28.327658    13.1395    -1.6094      0.759    23.1696    17.2240 -9.990e-29
 283.769896      0.843  33.608653    13.2599    -1.6095      0.836    27.8933    20.8458 -9.990e-29
 283.769902      0.934  35.371927    13.3078    -1.6094      0.926    29.4829    22.0641 -9.990e-29
 283.769907      1.033  35.953418    13.3251    -1.6096      1.024    30.0076    22.4661 -9.990e-29
 283.769913      1.127  36.137410    13.3312    -1.6098      1.118    30.1734    22.5929 -9.990e-29
 283.769919      1.210  36.197233    13.3346    -1.6099      1.200    30.2261    22.6330 -9.990e-29
 283.769925      1.284  36.228888    13.3374    -1.6099      1.273    30.2532    22.6534 -9.990e-29
 283.769931      1.348  36.248808    13.3388    -1.6097      1.337    30.2706    22.6665 -9.990e-29
 283.769936      1.403  36.253854    13.3391    -1.6095      1.391    30.2750    22.6699 -9.990e-29
 283.769942      1.451  36.253547    13.3392    -1.6095      1.439    30.2746    22.6696 -9.990e-29
 283.769948      1.492  36.255875    13.3392    -1.6098      1.480    30.2767    22.6712 -9.990e-29
 283.769954      1.524  36.256652    13.3383    -1.6100      1.511    30.2782    22.6725 -9.990e-29
 283.769959      1.549  36.254665    13.3363    -1.6098      1.536    30.2779    22.6727 -9.990e-29
 283.769965      1.569  36.252301    13.3339    -1.6094      1.556    30.2776    22.6729 -9.990e-29
 283.769971      1.584  36.248084    13.3321    -1.6094      1.571    30.2751    22.6714 -9.990e-29
 283.769977      1.596  36.242573    13.3319    -1.6098      1.583    30.2702    22.6676 -9.990e-29
 283.769983      1.606  36.239711    13.3333    -1.6099      1.593    30.2664    22.6644 -9.990e-29
 283.769988      1.614  36.241987    13.3353    -1.6097      1.601    30.2669    22.6644 -9.990e-29
 283.769994      1.621  36.247536    13.3365    -1.6095      1.607    30.2711    22.6674 -9.990e-29
 283.770000      1.627  36.251009    13.3366    -1.6093      1.613    30.2742    22.6698 -9.990e-29
 283.770006      1.633  36.246526    13.3362    -1.6094      1.619    30.2704    22.6669 -9.990e-29
 283.770012      1.638  36.234969    13.3365    -1.6094      1.624    30.2594    22.6584 -9.990e-29
 283.770017      1.644  36.228512    13.3376    -1.6095      1.630    30.2526    22.6529 -9.990e-29
 283.770023      1.651  36.236046    13.3386    -1.6097      1.637    30.2588    22.6575 -9.990e-29
 283.770029      1.658  36.247582    13.3389    -1.6098      1.644    30.2692    22.6655 -9.990e-29
 283.770035      1.667  36.246706    13.3390    -1.6098      1.653    30.2683    22.6648 -9.990e-29
 283.770041      1.679  36.235745    13.3391    -1.6097      1.665    30.2581    22.6568 -9.990e-29
 283.770046      1.689  36.232151    13.3395    -1.6093      1.675    30.2544    22.6539 -9.990e-29
 283.770052      1.689  36.241349    13.3402    -1.6092      1.675    30.2624    22.6600 -9.990e-29
 283.770058      1.680  36.252768    13.3407    -1.6095      1.666    30.2726    22.6677 -9.990e-29
 283.770064      1.670  36.257679    13.3410    -1.6097      1.656    30.2769    22.6710 -9.990e-29
 283.770069      1.662  36.256044    13.3410    -1.6096      1.648    30.2754    22.6699 -9.990e-29
 283.770075      1.656  36.250860    13.3406    -1.6094      1.642    30.2709    22.6665 -9.990e-29
 283.770081      1.651  36.242630    13.3403    -1.6093      1.637    30.2635    22.6608 -9.990e-29
 283.770087      1.647  36.232280    13.3404    -1.6096      1.633    30.2538    22.6533 -9.990e-29
 283.770093      1.644  36.224628    13.3411    -1.6096      1.630    30.2462    22.6473 -9.990e-29
 283.770098      1.642  36.224172    13.3418    -1.6093      1.628    30.2452    22.6464 -9.990e-29
 283.770104      1.641  36.233239    13.3417    -1.6092      1.627    30.2537    22.6530 -9.990e-29
 283.770110      1.639  36.247249    13.3408    -1.6094      1.625    30.2674    22.6637 -9.990e-29
 283.770116      1.639  36.253084    13.3400    -1.6096      1.625    30.2735    22.6685 -9.990e-29
 283.770122      1.638  36.247457    13.3404    -1.6097      1.624    30.2679    22.6642 -9.990e-29
 283.770127      1.638  36.242042    13.3416    -1.6097      1.624    30.2620    22.6593 -9.990e-29
 283.770133      1.637  36.244319    13.3423    -1.6096      1.623    30.2635    22.6604 -9.990e-29
 283.770139      1.637  36.250176    13.3424    -1.6095      1.623    30.2689    22.6645 -9.990e-29
 283.770145      1.638  36.250754    13.3425    -1.6095      1.624    30.2693    22.6649 -9.990e-29
 283.770150      1.638  36.245838    13.3423    -1.6097      1.624    30.2649    22.6615 -9.990e-29
 283.770156      1.639  36.246372    13.3415    -1.6099      1.625    30.2660    22.6625 -9.990e-29
 283.770162      1.640  36.254881    13.3403    -1.6096      1.626    30.2749    22.6696 -9.990e-29
 283.770168      1.642  36.260441    13.3393    -1.6095      1.628    30.2808    22.6744 -9.990e-29
 283.770174      1.644  36.256033    13.3386    -1.6096      1.630    30.2773    22.6718 -9.990e-29
 283.770179      1.646  36.246558    13.3375    -1.6096      1.632    30.2694    22.6659 -9.990e-29
 283.770185      1.650  36.240803    13.3360    -1.6096      1.636    30.2652    22.6630 -9.990e-29
 283.770191      1.654  36.242432    13.3351    -1.6093      1.640    30.2675    22.6649 -9.990e-29
 283.770197      1.660  36.248709    13.3349    -1.6094      1.646    30.2734    22.6695 -9.990e-29
 283.770203      1.667  36.253574    13.3346    -1.6096      1.653    30.2782    22.6733 -9.990e-29
 283.770208      1.677  36.251884    13.3344    -1.6097      1.663    30.2768    22.6722 -9.990e-29
 283.770214      1.685  36.246002    13.3348    -1.6094      1.671    30.2710    22.6677 -9.990e-29
 283.770220      1.688  36.244464    13.3359    -1.6092      1.674    30.2687    22.6657 -9.990e-29
 283.770226      1.689  36.248714    13.3374    -1.6093      1.675    30.2715    22.6675 -9.990e-29
 283.770231      1.695  36.251108    13.3384    -1.6092      1.681    30.2729    22.6684 -9.990e-29
 283.770237      1.704  36.248812    13.3388    -1.6094      1.690    30.2704    22.6664 -9.990e-29
 283.770243      1.713  36.248421    13.3393    -1.6095      1.699    30.2697    22.6658 -9.990e-29
 283.770249      1.718  36.254031    13.3397    -1.6094      1.704    30.2746    22.6694 -9.990e-29
 283.770255      1.721  36.258691    13.3397    -1.6093      1.707    30.2789    22.6728 -9.990e-29
 283.770260      1.720  36.255305    13.3397    -1.6092      1.706    30.2757    22.6704 -9.990e-29
 283.770266      1.721  36.248455    13.3400    -1.6092      1.707    30.2691    22.6652 -9.990e-29
 283.770272      1.727  36.248189    13.3402    -1.6094      1.713    30.2687    22.6649 -9.990e-29
 283.770278      1.738  36.257647    13.3400    -1.6094      1.723    30.2777    22.6718 -9.990e-29
 283.770284      1.753  36.269409    13.3395    -1.6094      1.738    30.2890    22.6806 -9.990e-29
 283.770289      1.766  36.275204    13.3389    -1.6093      1.751    30.2948    22.6853 -9.990e-29
 283.770295      1.779  36.274492    13.3388    -1.6092      1.764    30.2942    22.6848 -9.990e-29
 283.770301      1.788  36.270938    13.3393    -1.6092      1.773    30.2905    22.6819 -9.990e-29
 283.770307      1.790  36.269461    13.3398    -1.6092      1.775    30.2888    22.6804 -9.990e-29
 283.770312      1.785  36.272705    13.3400     9.1197      1.770    30.2916    22.6826 -9.990e-29
 283.770318      1.777  36.277290    13.3400    11.9112      1.762    30.2959    22.6859 -9.990e-29
 283.770324      1.773  36.279383    13.3396    12.1424      1.758    30.2981    22.6877 -9.990e-29
 283.770330      1.774  36.277988    13.3390    10.0414      1.759    30.2973    22.6872 -9.990e-29
 283.770336      1.771  36.274740    13.3387     5.6023      1.756    30.2945    22.6851 -9.990e-29
 283.770341      1.759  36.272724    13.3389     5.5428      1.744    30.2925    22.6835 -9.990e-29
 283.770347      1.742  36.273307    13.3395     5.6025      1.727    30.2926    22.6834 -9.990e-29
 283.770353      1.728  36.276279    13.3397     5.6189      1.714    30.2952    22.6854 -9.990e-29
 283.770359      1.720  36.279576    13.3394     5.5964      1.706    30.2985    22.6880 -9.990e-29
 283.770365      1.718  36.281008    13.3393     5.5738      1.704    30.2999    22.6891 -9.990e-29
 283.770370      1.720  36.281498    13.3397     5.5517      1.706    30.3000    22.6891 -9.990e-29
 283.770376      1.724  36.282396    13.3405     5.5332      1.710    30.3002    22.6891 -9.990e-29
 283.770382      1.726  36.282790    13.3414     5.5199      1.712    30.2999    22.6887 -9.990e-29
 283.770388      1.728  36.282780    13.3420     5.5022      1.714    30.2994    22.6882 -9.990e-29
 283.770394      1.737  36.283609    13.3428     5.4973      1.722    30.2995    22.6881 -9.990e-29
 283.770399      1.752  36.284837    13.3439     5.4917      1.737    30.2998    22.6881 -9.990e-29
 283.770405      1.771  36.285435    13.3449     5.4967      1.756    30.2995    22.6877 -9.990e-29
 283.770411      1.785  36.285216    13.3456     5.5007      1.770    30.2988    22.6870 -9.990e-29
 283.770417      1.796  36.284581    13.3462     5.4953      1.781    30.2977    22.6861 -9.990e-29
 283.770422      1.808  36.283938    13.3465     5.4962      1.793    30.2969    22.6854 -9.990e-29
 283.770428      1.819  36.283685    13.3464     5.4843      1.804    30.2967    22.6853 -9.990e-29
 283.770434      1.825  36.283619    13.3465     5.4864      1.810    30.2966    22.6851 -9.990e-29
 283.770440      1.825  36.283227    13.3466     5.4865      1.810    30.2961    22.6848 -9.990e-29
 283.770446      1.821  36.282679    13.3465     5.4916      1.806    30.2957    22.6844 -9.990e-29
 283.770451      1.815  36.281939    13.3459     5.4942      1.800    30.2955    22.6844 -9.990e-29
 283.770457      1.817  36.280716    13.3447     5.4853      1.802    30.2953    22.6845 -9.990e-29
 283.770463      1.826  36.279194    13.3435     5.4951      1.811    30.2948    22.6844 -9.990e-29
 283.770469      1.834  36.277718    13.3431     5.5019      1.819    30.2938    22.6836 -9.990e-29
 283.770475      1.838  36.276695    13.3435     5.4986      1.823    30.2925    22.6826 -9.990e-29
 283.770480      1.838  36.276575    13.3444     5.5035      1.823    30.2917    22.6818 -9.990e-29
 283.770486      1.834  36.277333    13.3454     5.4980      1.819    30.2916    22.6815 -9.990e-29
 283.770492      1.829  36.277873    13.3461     5.4837      1.814    30.2915    22.6813 -9.990e-29
 283.770498      1.828  36.277368    13.3463     5.4824      1.813    30.2909    22.6808 -9.990e-29
 283.770503      1.827  36.276401    13.3463     5.4795      1.812    30.2900    22.6801 -9.990e-29
 283.770509      1.825  36.275498    13.3463     5.4825      1.810    30.2892    22.6795 -9.990e-29
 283.770515      1.826  36.274708    13.3461     5.4878      1.811    30.2886    22.6791 -9.990e-29
 283.770521      1.831  36.273673    13.3451     5.4940      1.816    30.2884    22.6791 -9.990e-29
 283.770527      1.840  36.271709    13.3436     5.4954      1.825    30.2878    22.6789 -9.990e-29
 283.770532      1.849  36.269692    13.3430     5.4827      1.834    30.2864    22.6780 -9.990e-29
 283.770538      1.855  36.269546    13.3438     5.4786      1.840    30.2856    22.6772 -9.990e-29
 283.770544      1.858  36.270651    13.3451     5.4889      1.842    30.2856    22.6770 -9.990e-29
 283.770550      1.858  36.271252    13.3458     5.4941      1.842    30.2856    22.6768 -9.990e-29
 283.770556      1.855  36.271166    13.3457     5.4932      1.840    30.2856    22.6768 -9.990e-29
 283.770561      1.853  36.270972    13.3455     5.4894      1.838    30.2856    22.6769 -9.990e-29
 283.770567      1.856  36.271107    13.3456     5.4838      1.841    30.2857    22.6769 -9.990e-29
 283.770573      1.860  36.271327    13.3461     5.4912      1.844    30.2855    22.6766 -9.990e-29
 283.770579      1.862  36.271498    13.3466     5.4826      1.846    30.2852    22.6763 -9.990e-29
 283.770584      1.862  36.271423    13.3468     5.4798      1.846    30.2850    22.6761 -9.990e-29
 283.770590      1.858  36.270575    13.3469     5.4915      1.842    30.2841    22.6754 -9.990e-29
 283.770596      1.856  36.269079    13.3470     5.4947      1.841    30.2827    22.6743 -9.990e-29
 283.770602      1.859  36.267316    13.3472     5.5001      1.843    30.2809    22.6729 -9.990e-29
 283.770608      1.864  36.265869    13.3473     5.4911      1.848    30.2794    22.6717 -9.990e-29
 283.770613      1.866  36.265184    13.3473     5.4844      1.850    30.2788    22.6713 -9.990e-29
 283.770619      1.865  36.264480    13.3475     5.4840      1.849    30.2780    22.6706 -9.990e-29
 283.770625      1.863  36.264633    13.3480     5.4855      1.847    30.2777    22.6703 -9.990e-29
 283.770631      1.857  36.266542    13.3480     5.4945      1.841    30.2795    22.6717 -9.990e-29
