data/oxygen options/OCNMS/OCNMS1/raw_data/2016/CAST_TH015_161009faed.cnv
* Sea-Bird SBE19 Data File:
* FileName = C:\2016 Mooring Data\Casts\Data\CAST_TH015_161009.hex
* Software Version 1.59
* Temperature SN = 2997
* Conductivity SN = 2997
* System UpLoad Time = Oct 09 2016 22:37:46
** CAST_TH015_161009
* ds
# nquan = 9                                 
# nvalues = 1074                        
# units = specified
# name 0 = timeJ: Julian Days
# name 1 = prSM: Pressure, Strain Gauge [db]
# name 2 = c0mS/cm: Conductivity [mS/cm]
# name 3 = t090C: Temperature [ITS-90, deg C]
# name 4 = sbeox0ML/L: Oxygen, SBE 43 [ml/l]
# name 5 = depSM: Depth [salt water, m], lat = 47.5
# name 6 = sal00: Salinity, Practical [PSU]
# name 7 = sigma-é00: Density [sigma-theta, kg/m^3]
# name 8 = flag: flag
# span 0 = 283.926227, 283.932436       
# span 1 =     -5.281,     17.881       
# span 2 =   0.408552,  35.872782       
# span 3 =    12.6373,    14.0093       
# span 4 =    -1.9679,    12.9235       
# span 5 =     -5.237,     17.731       
# span 6 =     0.2521,    29.9491       
# span 7 =    -0.5590,    22.4267       
# span 8 = 0.0000e+00, 0.0000e+00       
# interval = seconds: 0.5
# start_time = Oct 09 2016 22:13:46 [Instrument's time stamp, header]
# bad_flag = -9.990e-29
*END*
[from data line 161]
 283.927159     -1.895   0.408565    13.0978    -1.9476     -1.879     0.2574    -0.4329 -9.990e-29
 283.927164     -1.887   0.408592    13.0889    -1.9480     -1.871     0.2574    -0.4317 -9.990e-29
 283.927170     -1.879   0.408675    13.0882    -1.9486     -1.863     0.2575    -0.4316 -9.990e-29
 283.927176     -1.873   0.408922    13.0933    -1.9491     -1.857     0.2576    -0.4321 -9.990e-29
 283.927182     -1.867   0.409108    13.1002    -1.9490     -1.851     0.2577    -0.4330 -9.990e-29
 283.927188     -1.862   0.408927    13.1080    -1.9488     -1.846     0.2575    -0.4341 -9.990e-29
 283.927193     -1.856   0.408693    13.1165    -1.9484     -1.841     0.2573    -0.4353 -9.990e-29
 283.927199     -1.850   0.408647    13.1244    -1.9485     -1.835     0.2572    -0.4364 -9.990e-29
 283.927205     -1.842   0.408730    13.1295    -1.9487     -1.827     0.2573    -0.4371 -9.990e-29
 283.927211     -1.834   0.409051    13.1296    -1.9488     -1.819     0.2575    -0.4369 -9.990e-29
 283.927216     -1.823   0.409485    13.1240    -1.9489     -1.808     0.2578    -0.4359 -9.990e-29
 283.927222     -1.810   0.409498    13.1157    -1.9489     -1.795     0.2578    -0.4348 -9.990e-29
 283.927228     -1.794   0.409106    13.1096    -1.9487     -1.779     0.2576    -0.4342 -9.990e-29
 283.927234     -1.778   0.408898    13.1082    -1.9484     -1.763     0.2575    -0.4341 -9.990e-29
 283.927240     -1.764   0.409154    13.1107    -1.9488     -1.749     0.2576    -0.4343 -9.990e-29
 283.927245     -1.753   0.409659    13.1134    -1.9498     -1.738     0.2580    -0.4344 -9.990e-29
 283.927251     -1.747   0.409976    13.1133    -1.9504     -1.732     0.2582    -0.4343 -9.990e-29
 283.927257     -1.747   0.409972    13.1113    -1.9505     -1.732     0.2582    -0.4340 -9.990e-29
 283.927263     -1.744   0.409642    13.1092    -1.9501     -1.729     0.2580    -0.4339 -9.990e-29
 283.927269     -1.737   0.409101    13.1079    -1.9495     -1.723     0.2576    -0.4340 -9.990e-29
 283.927274     -1.731   0.408737    13.1084    -1.9490     -1.717     0.2574    -0.4342 -9.990e-29
 283.927280     -1.721   0.408621    13.1103    -1.9485     -1.707     0.2573    -0.4345 -9.990e-29
 283.927286     -1.706   0.408599    13.1099    -1.9479     -1.692     0.2573    -0.4345 -9.990e-29
 283.927292     -1.689   0.408640    13.1030    -1.9471     -1.675     0.2574    -0.4336 -9.990e-29
 283.927297     -1.670   0.408798    13.0910    -1.9464     -1.656     0.2575    -0.4319 -9.990e-29
 283.927303     -1.651   0.409286    13.0810    -1.9461     -1.637     0.2579    -0.4303 -9.990e-29
 283.927309     -1.636   0.410197    13.0787    -1.9466     -1.622     0.2585    -0.4295 -9.990e-29
 283.927315     -1.623   0.411081    13.0843    -1.9470     -1.609     0.2591    -0.4298 -9.990e-29
 283.927321     -1.612   0.411451    13.0943    -1.9475     -1.599     0.2592    -0.4310 -9.990e-29
 283.927326     -1.602   0.411246    13.1058    -1.9482     -1.589     0.2590    -0.4326 -9.990e-29
 283.927332     -1.593   0.410746    13.1183    -1.9485     -1.580     0.2586    -0.4345 -9.990e-29
 283.927338     -1.583   0.410394    13.1321    -1.9486     -1.570     0.2583    -0.4366 -9.990e-29
 283.927344     -1.573   0.410277    13.1461    -1.9486     -1.560     0.2581    -0.4385 -9.990e-29
 283.927350     -1.562   0.410239    13.1573    -1.9485     -1.549     0.2581    -0.4400 -9.990e-29
 283.927355     -1.548   0.410230    13.1618    -1.9484     -1.535     0.2580    -0.4406 -9.990e-29
 283.927361     -1.531   0.410238    13.1583    -1.9480     -1.518     0.2580    -0.4402 -9.990e-29
 283.927367     -1.515   0.410273    13.1496    -1.9478     -1.502     0.2581    -0.4390 -9.990e-29
 283.927373     -1.506   0.410383    13.1384    -1.9480     -1.493     0.2583    -0.4374 -9.990e-29
 283.927378     -1.505   0.410712    13.1276    -1.9481     -1.492     0.2585    -0.4358 -9.990e-29
 283.927384     -1.502   0.411145    13.1202    -1.9477     -1.489     0.2589    -0.4346 -9.990e-29
 283.927390     -1.493   0.411148    13.1169    -1.9471     -1.481     0.2589    -0.4342 -9.990e-29
 283.927396     -1.477   0.410726    13.1166    -1.9470     -1.465     0.2586    -0.4343 -9.990e-29
 283.927402     -1.459   0.410425    13.1183    -1.9470     -1.447     0.2584    -0.4347 -9.990e-29
 283.927407     -1.440   0.410399    13.1218    -1.9471     -1.428     0.2584    -0.4352 -9.990e-29
 283.927413     -1.420   0.410614    13.1264    -1.9471     -1.408     0.2585    -0.4357 -9.990e-29
 283.927419     -1.402   0.410800    13.1295    -1.9474     -1.390     0.2586    -0.4360 -9.990e-29
 283.927425     -1.389   0.410650    13.1307    -1.9484     -1.377     0.2585    -0.4362 -9.990e-29
 283.927431     -1.379   0.410521    13.1330    -1.9496     -1.367     0.2584    -0.4366 -9.990e-29
 283.927436     -1.373   0.410795    13.1386    -1.9504     -1.362     0.2585    -0.4372 -9.990e-29
 283.927442     -1.371   0.411282    13.1453    -1.9507     -1.360     0.2588    -0.4379 -9.990e-29
 283.927448     -1.371   0.411521    13.1495    -1.9509     -1.360     0.2589    -0.4383 -9.990e-29
 283.927454     -1.374   0.411276    13.1504    -1.9506     -1.363     0.2588    -0.4386 -9.990e-29
 283.927459     -1.375   0.410775    13.1490    -1.9500     -1.364     0.2585    -0.4386 -9.990e-29
 283.927465     -1.372   0.410459    13.1447    -1.9498     -1.361     0.2583    -0.4382 -9.990e-29
 283.927471     -1.367   0.410464    13.1343    -1.9501     -1.356     0.2583    -0.4368 -9.990e-29
 283.927477     -1.365   0.410794    13.1167    -1.9503     -1.354     0.2587    -0.4343 -9.990e-29
 283.927483     -1.365   0.411336    13.0967    -1.9499     -1.354     0.2592    -0.4314 -9.990e-29
 283.927488     -1.363   0.411702    13.0811    -1.9498     -1.352     0.2595    -0.4291 -9.990e-29
 283.927494     -1.356   0.411824    13.0721    -1.9495     -1.345     0.2596    -0.4278 -9.990e-29
 283.927500     -1.346   0.411864    13.0695    -1.9493     -1.335     0.2597    -0.4275 -9.990e-29
 283.927506     -1.337   0.411876    13.0729    -1.9492     -1.326     0.2597    -0.4279 -9.990e-29
 283.927512     -1.330   0.411877    13.0788    -1.9489     -1.319     0.2596    -0.4287 -9.990e-29
 283.927517     -1.322   0.411868    13.0819    -1.9488     -1.311     0.2596    -0.4291 -9.990e-29
 283.927523     -1.314   0.411837    13.0816    -1.9485     -1.303     0.2596    -0.4291 -9.990e-29
 283.927529     -1.306   0.411743    13.0820    -1.9484     -1.295     0.2595    -0.4292 -9.990e-29
 283.927535     -1.296   0.411460    13.0851    -1.9479     -1.285     0.2593    -0.4297 -9.990e-29
 283.927541     -1.285   0.411164    13.0898    -1.9478     -1.274     0.2591    -0.4305 -9.990e-29
 283.927546     -1.271   0.411016    13.0949    -1.9477     -1.260     0.2590    -0.4313 -9.990e-29
 283.927552     -1.253   0.410819    13.0998    -1.9476     -1.243     0.2588    -0.4320 -9.990e-29
 283.927558     -1.235   0.410866    13.1041    -1.9473     -1.225     0.2588    -0.4326 -9.990e-29
 283.927564     -1.225   0.411220    13.1084    -1.9462     -1.215     0.2590    -0.4330 -9.990e-29
 283.927569     -1.220   0.411243    13.1129    -1.9456     -1.210     0.2590    -0.4336 -9.990e-29
 283.927575     -1.214   0.410965    13.1178    -1.9454     -1.204     0.2588    -0.4344 -9.990e-29
 283.927581     -1.200   0.411125    13.1235    -1.9451     -1.190     0.2588    -0.4350 -9.990e-29
 283.927587     -1.183   0.411938    13.1295    -1.9448     -1.173     0.2593    -0.4354 -9.990e-29
 283.927593     -1.169   0.412822    13.1341    -1.9445     -1.159     0.2599    -0.4356 -9.990e-29
 283.927598     -1.162   0.413290    13.1378    -1.9440     -1.152     0.2601    -0.4359 -9.990e-29
 283.927604     -1.158   0.413410    13.1434    -1.9437     -1.148     0.2602    -0.4366 -9.990e-29
 283.927610     -1.148   0.413340    13.1538    -1.9435     -1.138     0.2601    -0.4380 -9.990e-29
 283.927616     -1.131   0.412990    13.1683    -1.9437     -1.122     0.2598    -0.4401 -9.990e-29
 283.927622     -1.114   0.412447    13.1814    -1.9446     -1.105     0.2593    -0.4422 -9.990e-29
 283.927627     -1.101   0.412098    13.1906    -1.9457     -1.092     0.2590    -0.4436 -9.990e-29
 283.927633     -1.091   0.412030    13.1980    -1.9463     -1.082     0.2589    -0.4446 -9.990e-29
 283.927639     -1.083   0.412154    13.2052    -1.9464     -1.074     0.2590    -0.4455 -9.990e-29
 283.927645     -1.077   0.412451    13.2130    -1.9460     -1.068     0.2591    -0.4464 -9.990e-29
 283.927650     -1.072   0.412761    13.2209    -1.9455     -1.063     0.2593    -0.4473 -9.990e-29
 283.927656     -1.068   0.412757    13.2266    -1.9453     -1.059     0.2592    -0.4481 -9.990e-29
 283.927662     -1.065   0.412435    13.2274    -1.9451     -1.056     0.2590    -0.4484 -9.990e-29
 283.927668     -1.062   0.412287    13.2205    -1.9450     -1.053     0.2590    -0.4475 -9.990e-29
 283.927674     -1.059   0.412673    13.2062    -1.9448     -1.050     0.2593    -0.4454 -9.990e-29
 283.927679     -1.057   0.413551    13.1902    -1.9447     -1.048     0.2600    -0.4428 -9.990e-29
 283.927685     -1.056   0.414424    13.1792    -1.9448     -1.047     0.2606    -0.4409 -9.990e-29
 283.927691     -1.054   0.414790    13.1762    -1.9445     -1.045     0.2609    -0.4403 -9.990e-29
 283.927697     -1.052   0.414584    13.1799    -1.9442     -1.043     0.2607    -0.4409 -9.990e-29
 283.927703     -1.049   0.414083    13.1863    -1.9441     -1.040     0.2603    -0.4420 -9.990e-29
 283.927708     -1.047   0.413732    13.1920    -1.9439     -1.038     0.2601    -0.4429 -9.990e-29
 283.927714     -1.043   0.413615    13.1962    -1.9438     -1.034     0.2600    -0.4436 -9.990e-29
 283.927720     -1.039   0.413576    13.1999    -1.9438     -1.030     0.2599    -0.4441 -9.990e-29
 283.927726     -1.034   0.413563    13.2034    -1.9441     -1.025     0.2599    -0.4446 -9.990e-29
 283.927731     -1.027   0.413559    13.2061    -1.9440     -1.018     0.2599    -0.4449 -9.990e-29
 283.927737     -1.018   0.413557    13.2086    -1.9440     -1.010     0.2599    -0.4453 -9.990e-29
 283.927743     -1.007   0.413554    13.2127    -1.9444     -0.999     0.2598    -0.4458 -9.990e-29
 283.927749     -0.993   0.413545    13.2177    -1.9454     -0.985     0.2598    -0.4465 -9.990e-29
 283.927755     -0.975   0.413518    13.2219    -1.9463     -0.967     0.2598    -0.4471 -9.990e-29
 283.927760     -0.956   0.413436    13.2249    -1.9466     -0.948     0.2597    -0.4475 -9.990e-29
 283.927766     -0.944   0.413191    13.2263    -1.9469     -0.936     0.2595    -0.4478 -9.990e-29
 283.927772     -0.937   0.413010    13.2258    -1.9476     -0.929     0.2594    -0.4479 -9.990e-29
 283.927778     -0.927   0.413208    13.2241    -1.9497     -0.919     0.2595    -0.4475 -9.990e-29
 283.927784     -0.913   0.413492    13.2217    -1.9519     -0.905     0.2597    -0.4471 -9.990e-29
 283.927789     -0.903   0.413685    13.2170    -1.9538     -0.895     0.2599    -0.4463 -9.990e-29
 283.927795     -0.895   0.414045    13.2068    -1.9541     -0.888     0.2602    -0.4448 -9.990e-29
 283.927801     -0.887   0.414495    13.1914    -1.9546     -0.880     0.2606    -0.4425 -9.990e-29
 283.927807     -0.875   0.414525    13.1756    -1.9550     -0.868     0.2607    -0.4403 -9.990e-29
 283.927813     -0.861   0.414173    13.1624    -1.9550     -0.854     0.2606    -0.4387 -9.990e-29
 283.927818     -0.848   0.414079    13.1479    -1.9548     -0.841     0.2606    -0.4368 -9.990e-29
 283.927824     -0.838   0.414119    13.1246    -1.9544     -0.831     0.2608    -0.4337 -9.990e-29
 283.927830     -0.832   0.413789    13.0895    -1.9540     -0.825     0.2608    -0.4291 -9.990e-29
 283.927836     -0.828   0.413206    13.0497    -1.9535     -0.821     0.2607    -0.4241 -9.990e-29
 283.927841     -0.827   0.412701    13.0167    -1.9532     -0.820     0.2606    -0.4200 -9.990e-29
 283.927847     -0.829   0.412709    12.9959    -1.9532     -0.822     0.2607    -0.4172 -9.990e-29
 283.927853     -0.829   0.413241    12.9839    -1.9531     -0.822     0.2611    -0.4154 -9.990e-29
 283.927859     -0.823   0.413896    12.9772    -1.9530     -0.816     0.2616    -0.4142 -9.990e-29
 283.927865     -0.815   0.414437    12.9757    -1.9528     -0.808     0.2619    -0.4137 -9.990e-29
 283.927870     -0.808   0.414473    12.9789    -1.9527     -0.801     0.2620    -0.4141 -9.990e-29
 283.927876     -0.804   0.414054    12.9856    -1.9529     -0.797     0.2616    -0.4152 -9.990e-29
 283.927882     -0.800   0.413729    12.9940    -1.9533     -0.793     0.2614    -0.4165 -9.990e-29
 283.927888     -0.797   0.413621    13.0022    -1.9536     -0.790     0.2612    -0.4176 -9.990e-29
 283.927894     -0.795   0.413586    13.0083    -1.9535     -0.788     0.2612    -0.4184 -9.990e-29
 283.927899     -0.793   0.413574    13.0119    -1.9534     -0.786     0.2612    -0.4189 -9.990e-29
 283.927905     -0.791   0.413571    13.0146    -1.9533     -0.784     0.2611    -0.4193 -9.990e-29
 283.927911     -0.790   0.413571    13.0172    -1.9532     -0.783     0.2611    -0.4196 -9.990e-29
 283.927917     -0.789   0.413575    13.0193    -1.9531     -0.782     0.2611    -0.4199 -9.990e-29
 283.927922     -0.788   0.413588    13.0194    -1.9532     -0.781     0.2611    -0.4199 -9.990e-29
 283.927928     -0.787   0.413625    13.0163    -1.9535     -0.780     0.2612    -0.4195 -9.990e-29
 283.927934     -0.786   0.413735    13.0113    -1.9534     -0.779     0.2613    -0.4188 -9.990e-29
 283.927940     -0.785   0.414064    13.0075    -1.9539     -0.778     0.2615    -0.4181 -9.990e-29
 283.927946     -0.784   0.414497    13.0068    -1.9549     -0.777     0.2618    -0.4178 -9.990e-29
 283.927951     -0.782   0.414497    13.0080    -1.9558     -0.775     0.2618    -0.4179 -9.990e-29
 283.927957     -0.781   0.414066    13.0096    -1.9563     -0.774     0.2615    -0.4184 -9.990e-29
 283.927963     -0.779   0.413737    13.0109    -1.9564     -0.773     0.2613    -0.4187 -9.990e-29
 283.927969     -0.776   0.413627    13.0113    -1.9565     -0.770     0.2612    -0.4188 -9.990e-29
 283.927975     -0.773   0.413591    13.0098    -1.9565     -0.767     0.2612    -0.4186 -9.990e-29
 283.927980     -0.768   0.413580    13.0063    -1.9561     -0.762     0.2612    -0.4182 -9.990e-29
 283.927986     -0.763   0.413577    13.0008    -1.9558     -0.757     0.2612    -0.4175 -9.990e-29
 283.927992     -0.756   0.413579    12.9902    -1.9557     -0.750     0.2613    -0.4161 -9.990e-29
 283.927998     -0.752   0.413588    12.9741    -1.9552     -0.746     0.2614    -0.4139 -9.990e-29
 283.928003     -0.754   0.413616    12.9578    -1.9547     -0.748     0.2615    -0.4118 -9.990e-29
 283.928009     -0.758   0.413699    12.9465    -1.9546     -0.752     0.2617    -0.4102 -9.990e-29
 283.928015     -0.760   0.413946    12.9409    -1.9545     -0.754     0.2619    -0.4094 -9.990e-29
 283.928021     -0.760   0.414131    12.9391    -1.9543     -0.754     0.2620    -0.4090 -9.990e-29
 283.928027     -0.759   0.413946    12.9408    -1.9542     -0.753     0.2619    -0.4093 -9.990e-29
 283.928032     -0.755   0.413698    12.9456    -1.9542     -0.749     0.2617    -0.4101 -9.990e-29
 283.928038     -0.750   0.413612    12.9518    -1.9539     -0.744     0.2616    -0.4110 -9.990e-29
 283.928044     -0.743   0.413573    12.9585    -1.9535     -0.737     0.2615    -0.4119 -9.990e-29
 283.928050     -0.737   0.413528    12.9661    -1.9530     -0.731     0.2614    -0.4129 -9.990e-29
 283.928056     -0.736   0.413415    12.9736    -1.9525     -0.730     0.2613    -0.4139 -9.990e-29
 283.928061     -0.737   0.413086    12.9790    -1.9518     -0.731     0.2610    -0.4148 -9.990e-29
 283.928067     -0.734   0.412654    12.9828    -1.9512     -0.728     0.2607    -0.4155 -9.990e-29
 283.928073     -0.728   0.412654    12.9864    -1.9507     -0.722     0.2607    -0.4160 -9.990e-29
