data/oxygen options/OCNMS/OCNMS1/raw_data/2016/CAST_TH042_160628faed.cnv
* Sea-Bird SBE19 Data File:
* FileName = C:\2016 Mooring Data\Casts\Data\CAST_TH042_160628.hex
* Software Version 1.59
* Temperature SN = 2997
* Conductivity SN = 2997
* System UpLoad Time = Jun 28 2016 20:03:33
** CAST_TH042_160628
* ds
# nquan = 9                                 
# nvalues = 1338                        
# units = specified
# name 0 = timeJ: Julian Days
# name 1 = prSM: Pressure, Strain Gauge [db]
# name 2 = c0mS/cm: Conductivity [mS/cm]
# name 3 = t090C: Temperature [ITS-90, deg C]
# name 4 = sbeox0ML/L: Oxygen, SBE 43 [ml/l]
# name 5 = depSM: Depth [salt water, m], lat = 47.5
# name 6 = sal00: Salinity, Practical [PSU]
# name 7 = sigma-é00: Density [sigma-theta, kg/m^3]
# name 8 = flag: flag
# span 0 = 180.826019, 180.833756       
# span 1 =     -5.331,     41.873       
# span 2 =   0.278034,  38.353001       
# span 3 =     7.8733,    14.3268       
# span 4 =    -1.9149,    16.8950       
# span 5 =     -5.287,     41.519       
# span 6 =     0.1695,    33.5871       
# span 7 =    -0.6483,    26.1830       
# span 8 = 0.0000e+00, 0.0000e+00       
# interval = seconds: 0.5
# start_time = Jun 28 2016 19:49:28 [Instrument's time stamp, header]
# bad_flag = -9.990e-29
*END*
[from data line 801]
 180.830654      1.153  38.133251    13.0460     7.9805      1.143    32.2733    24.2723 -9.990e-29
 180.830660      1.154  38.145593    13.0694     7.9728      1.144    32.2650    24.2613 -9.990e-29
 180.830666      1.155  38.162888    13.0900     7.9588      1.145    32.2637    24.2563 -9.990e-29
 180.830671      1.159  38.180106    13.1031     7.9317      1.149    32.2688    24.2576 -9.990e-29
 180.830677      1.167  38.196606    13.1119     7.9358      1.157    32.2768    24.2621 -9.990e-29
 180.830683      1.175  38.203501    13.1173     7.9718      1.165    32.2787    24.2625 -9.990e-29
 180.830689      1.180  38.200392    13.1215     7.9973      1.170    32.2722    24.2567 -9.990e-29
 180.830694      1.186  38.197644    13.1277     7.9523      1.176    32.2644    24.2494 -9.990e-29
 180.830700      1.198  38.197692    13.1339     7.8812      1.188    32.2591    24.2441 -9.990e-29
 180.830706      1.216  38.189887    13.1347     7.8341      1.206    32.2511    24.2377 -9.990e-29
 180.830712      1.238  38.160955    13.1289     7.8398      1.228    32.2288    24.2216 -9.990e-29
 180.830718      1.260  38.129987    13.1168     7.9017      1.249    32.2100    24.2094 -9.990e-29
 180.830723      1.284  38.122328    13.0968     7.9887      1.273    32.2197    24.2209 -9.990e-29
 180.830729      1.307  38.123216    13.0579     7.9759      1.296    32.2536    24.2548 -9.990e-29
 180.830735      1.331  38.093972    12.9806     7.9235      1.320    32.2919    24.2995 -9.990e-29
 180.830741      1.361  38.007305    12.8774     7.8744      1.350    32.2981    24.3244 -9.990e-29
 180.830747      1.396  37.907328    12.8132     7.8004      1.384    32.2582    24.3061 -9.990e-29
 180.830752      1.432  37.875322    12.8280     7.7356      1.420    32.2153    24.2700 -9.990e-29
 180.830758      1.476  37.912240    12.8722     7.6655      1.464    32.2125    24.2592 -9.990e-29
 180.830764      1.545  37.955693    12.8783     7.6100      1.532    32.2484    24.2858 -9.990e-29
 180.830770      1.651  37.971085    12.8130     7.5773      1.637    32.3187    24.3530 -9.990e-29
 180.830775      1.797  37.924525    12.6756     7.5407      1.782    32.3923    24.4365 0.0000e+00
 180.830781      1.983  37.801510    12.5231     7.5026      1.966    32.4063    24.4767 0.0000e+00
 180.830787      2.199  37.675583    12.4134     7.4503      2.181    32.3805    24.4776 0.0000e+00
 180.830793      2.426  37.600687    12.3491     7.3817      2.406    32.3642    24.4772 0.0000e+00
 180.830799      2.651  37.559806    12.3073     7.3190      2.629    32.3610    24.4826 0.0000e+00
 180.830804      2.877  37.527492    12.2624     7.2683      2.853    32.3687    24.4971 0.0000e+00
 180.830810      3.110  37.491969    12.2082     7.2172      3.084    32.3814    24.5171 0.0000e+00
 180.830816      3.350  37.458483    12.1602     7.1843      3.322    32.3907    24.5333 0.0000e+00
 180.830822      3.597  37.431072    12.1235     7.1393      3.567    32.3960    24.5443 0.0000e+00
 180.830828      3.849  37.406739    12.0918     7.0974      3.817    32.3999    24.5533 0.0000e+00
 180.830833      4.105  37.387151    12.0643     7.0432      4.071    32.4048    24.5623 0.0000e+00
 180.830839      4.364  37.372458    12.0379     6.9924      4.328    32.4135    24.5739 0.0000e+00
 180.830845      4.626  37.355329    12.0077     6.9826      4.587    32.4231    24.5870 0.0000e+00
 180.830851      4.889  37.333592    11.9760     6.9827      4.848    32.4295    24.5979 0.0000e+00
 180.830856      5.154  37.311819    11.9453     6.9839      5.111    32.4351    24.6079 0.0000e+00
 180.830862      5.421  37.291172    11.9132     6.9546      5.376    32.4429    24.6200 0.0000e+00
 180.830868      5.684  37.267029    11.8846     6.9075      5.636    32.4444    24.6264 0.0000e+00
 180.830874      5.936  37.242993    11.8719     6.8506      5.886    32.4321    24.6192 0.0000e+00
 180.830880      6.174  37.236821    11.8718     6.7972      6.122    32.4261    24.6146 0.0000e+00
 180.830885      6.410  37.246939    11.8630     6.7261      6.356    32.4434    24.6297 0.0000e+00
 180.830891      6.659  37.245863    11.8298     6.6314      6.603    32.4713    24.6574 0.0000e+00
 180.830897      6.933  37.222008    11.7775     6.4604      6.875    32.4937    24.6845 0.0000e+00
 180.830903      7.226  37.190580    11.7216     6.2014      7.166    32.5119    24.7089 0.0000e+00
 180.830909      7.525  37.164160    11.6790     5.9177      7.462    32.5234    24.7257 0.0000e+00
 180.830914      7.817  37.138844    11.6521     5.6699      7.752    32.5222    24.7297 0.0000e+00
 180.830920      8.101  37.101698    11.6035     5.4875      8.033    32.5285    24.7434 0.0000e+00
 180.830926      8.380  37.024917    11.4913     5.3888      8.310    32.5520    24.7821 0.0000e+00
 180.830932      8.661  36.881853    11.3161     5.3621      8.589    32.5661    24.8246 0.0000e+00
 180.830938      8.939  36.681705    11.1125     5.3579      8.864    32.5489    24.8476 0.0000e+00
 180.830943      9.208  36.480809    10.9321     5.3203      9.131    32.5099    24.8491 0.0000e+00
 180.830949      9.461  36.338963    10.8149     5.2592      9.382    32.4730    24.8409 0.0000e+00
 180.830955      9.699  36.267490    10.7563     5.1788      9.618    32.4538    24.8362 0.0000e+00
 180.830961      9.923  36.253883    10.7233     5.1260      9.840    32.4695    24.8541 0.0000e+00
 180.830966     10.144  36.250752    10.6790     5.0788     10.059    32.5057    24.8899 0.0000e+00
 180.830972     10.376  36.200034    10.5986     5.0279     10.289    32.5266    24.9201 0.0000e+00
 180.830978     10.629  36.113009    10.4958     5.0012     10.540    32.5312    24.9413 0.0000e+00
 180.830984     10.902  36.037143    10.4089     4.9548     10.811    32.5327    24.9573 0.0000e+00
 180.830990     11.183  35.991630    10.3498     4.8991     11.089    32.5398    24.9729 0.0000e+00
 180.830995     11.460  35.959367    10.3049     4.8407     11.364    32.5475    24.9865 0.0000e+00
 180.831001     11.728  35.927478    10.2649     4.8014     11.630    32.5511    24.9961 0.0000e+00
 180.831007     11.992  35.898721    10.2210     4.7890     11.892    32.5614    25.0116 0.0000e+00
 180.831013     12.260  35.864345    10.1628     4.7795     12.157    32.5789    25.0350 0.0000e+00
 180.831019     12.536  35.819315    10.0951     4.7661     12.431    32.5943    25.0583 0.0000e+00
 180.831024     12.817  35.781922    10.0371     4.7442     12.710    32.6086    25.0791 0.0000e+00
 180.831030     13.090  35.766632    10.0032     4.7332     12.980    32.6235    25.0965 0.0000e+00
 180.831036     13.347  35.765833     9.9890     4.7265     13.235    32.6355    25.1081 0.0000e+00
 180.831042     13.592  35.767152     9.9767     4.7156     13.478    32.6478    25.1198 0.0000e+00
 180.831047     13.832  35.767205     9.9529     4.7180     13.716    32.6693    25.1405 0.0000e+00
 180.831053     14.073  35.764285     9.9207     4.7323     13.955    32.6954    25.1662 0.0000e+00
 180.831059     14.314  35.756646     9.8956     4.7353     14.194    32.7102    25.1820 0.0000e+00
 180.831065     14.544  35.751933     9.8870     4.7228     14.422    32.7132    25.1857 0.0000e+00
 180.831071     14.756  35.756645     9.8928     4.7024     14.632    32.7126    25.1843 0.0000e+00
 180.831076     14.952  35.765760     9.9039     4.7158     14.827    32.7117    25.1818 0.0000e+00
 180.831082     15.143  35.771166     9.9076     4.7235     15.016    32.7138    25.1827 0.0000e+00
 180.831088     15.346  35.768776     9.8964     4.7284     15.217    32.7214    25.1906 0.0000e+00
 180.831094     15.566  35.760353     9.8773     4.7301     15.436    32.7301    25.2005 0.0000e+00
 180.831100     15.799  35.752502     9.8625     4.7294     15.667    32.7354    25.2071 0.0000e+00
 180.831105     16.042  35.748665     9.8552     4.7182     15.907    32.7380    25.2104 0.0000e+00
 180.831111     16.295  35.748106     9.8521     4.7067     16.158    32.7402    25.2125 0.0000e+00
 180.831117     16.552  35.749985     9.8508     4.6989     16.413    32.7432    25.2151 0.0000e+00
 180.831123     16.804  35.753347     9.8524     4.7019     16.663    32.7450    25.2163 0.0000e+00
 180.831128     17.045  35.756977     9.8577     4.7218     16.902    32.7438    25.2145 0.0000e+00
 180.831134     17.274  35.760580     9.8654     4.7109     17.129    32.7404    25.2105 0.0000e+00
 180.831140     17.491  35.765502     9.8715     4.7172     17.344    32.7397    25.2090 0.0000e+00
 180.831146     17.708  35.769251     9.8715     4.7173     17.559    32.7434    25.2119 0.0000e+00
 180.831152     17.933  35.768329     9.8670     4.7263     17.783    32.7465    25.2151 0.0000e+00
 180.831157     18.168  35.767577     9.8642     4.7288     18.016    32.7482    25.2168 0.0000e+00
 180.831163     18.406  35.770938     9.8657     4.7236     18.252    32.7501    25.2181 0.0000e+00
 180.831169     18.636  35.775514     9.8694     4.7149     18.480    32.7513    25.2184 0.0000e+00
 180.831175     18.853  35.780027     9.8733     4.7193     18.695    32.7523    25.2185 0.0000e+00
 180.831181     19.057  35.784236     9.8758     4.7170     18.897    32.7542    25.2196 0.0000e+00
 180.831186     19.256  35.787496     9.8754     4.7090     19.094    32.7578    25.2225 0.0000e+00
 180.831192     19.460  35.788460     9.8730     4.7019     19.297    32.7609    25.2253 0.0000e+00
 180.831198     19.668  35.786079     9.8711     4.7068     19.503    32.7601    25.2250 0.0000e+00
 180.831204     19.880  35.783806     9.8702     4.7141     19.713    32.7585    25.2239 0.0000e+00
 180.831209     20.102  35.785237     9.8706     4.7116     19.933    32.7595    25.2246 0.0000e+00
 180.831215     20.334  35.791066     9.8725     4.7120     20.163    32.7636    25.2275 0.0000e+00
 180.831221     20.575  35.797764     9.8739     4.7086     20.402    32.7690    25.2315 0.0000e+00
 180.831227     20.819  35.800160     9.8742     4.7100     20.644    32.7711    25.2331 0.0000e+00
 180.831233     21.054  35.799676     9.8758     4.7062     20.877    32.7690    25.2312 0.0000e+00
 180.831238     21.280  35.799492     9.8783     4.7133     21.101    32.7665    25.2288 0.0000e+00
 180.831244     21.506  35.799265     9.8778     4.7228     21.325    32.7666    25.2290 0.0000e+00
 180.831250     21.742  35.798599     9.8737     4.7197     21.559    32.7695    25.2320 0.0000e+00
 180.831256     21.991  35.798755     9.8705     4.7057     21.806    32.7725    25.2348 0.0000e+00
 180.831262     22.246  35.800968     9.8699     4.6916     22.059    32.7752    25.2370 0.0000e+00
 180.831267     22.503  35.803048     9.8698     4.6891     22.314    32.7773    25.2387 0.0000e+00
 180.831273     22.761  35.804314     9.8705     4.6996     22.570    32.7778    25.2390 0.0000e+00
 180.831279     23.014  35.806918     9.8718     4.6945     22.821    32.7792    25.2399 0.0000e+00
 180.831285     23.259  35.808634     9.8696     4.6687     23.064    32.7828    25.2431 0.0000e+00
 180.831291     23.496  35.806612     9.8630     4.6441     23.299    32.7866    25.2472 0.0000e+00
 180.831296     23.734  35.803103     9.8563     4.6034     23.535    32.7891    25.2502 0.0000e+00
 180.831302     23.974  35.800620     9.8510     4.5523     23.773    32.7913    25.2527 0.0000e+00
 180.831308     24.214  35.796316     9.8434     4.4885     24.011    32.7937    25.2559 0.0000e+00
 180.831314     24.457  35.787157     9.8309     4.4230     24.251    32.7956    25.2595 0.0000e+00
 180.831319     24.710  35.775964     9.8125     4.3884     24.502    32.8009    25.2666 0.0000e+00
 180.831325     24.975  35.763965     9.7789     4.3804     24.765    32.8191    25.2864 0.0000e+00
 180.831331     25.253  35.740109     9.7269     4.3795     25.041    32.8421    25.3129 0.0000e+00
 180.831337     25.540  35.703307     9.6738     4.3940     25.325    32.8528    25.3299 0.0000e+00
 180.831343     25.829  35.670501     9.6321     4.4111     25.612    32.8573    25.3402 0.0000e+00
 180.831348     26.112  35.646028     9.6033     4.4036     25.892    32.8584    25.3458 0.0000e+00
 180.831354     26.381  35.626848     9.5925     4.3637     26.159    32.8486    25.3398 0.0000e+00
 180.831360     26.633  35.619781     9.6049     4.2924     26.409    32.8299    25.3232 0.0000e+00
 180.831366     26.871  35.630434     9.6296     4.2329     26.645    32.8181    25.3100 0.0000e+00
 180.831372     27.105  35.646580     9.6384     4.2157     26.877    32.8265    25.3151 0.0000e+00
 180.831377     27.346  35.649317     9.6105     4.2304     27.116    32.8547    25.3417 0.0000e+00
 180.831383     27.596  35.625961     9.5476     4.2835     27.364    32.8882    25.3781 0.0000e+00
 180.831389     27.850  35.579456     9.4743     4.2955     27.616    32.9076    25.4051 0.0000e+00
 180.831395     28.094  35.531176     9.4330     4.2270     27.858    32.8958    25.4026 0.0000e+00
 180.831400     28.314  35.506844     9.4484     4.1376     28.076    32.8565    25.3694 0.0000e+00
 180.831406     28.511  35.518727     9.4914     4.0039     28.271    32.8292    25.3411 0.0000e+00
 180.831412     28.702  35.546150     9.5148     3.8674     28.460    32.8359    25.3426 0.0000e+00
 180.831418     28.907  35.565081     9.4986     3.8046     28.664    32.8701    25.3719 0.0000e+00
 180.831424     29.139  35.557537     9.4397     3.8013     28.894    32.9163    25.4175 0.0000e+00
 180.831429     29.392  35.506089     9.3524     3.8400     29.145    32.9435    25.4528 0.0000e+00
 180.831435     29.648  35.419923     9.2707     3.8289     29.398    32.9298    25.4551 0.0000e+00
 180.831441     29.888  35.304502     9.2314     3.7337     29.636    32.8466    25.3963 0.0000e+00
 180.831447     30.107  35.217588     9.2454     3.5651     29.854    32.7438    25.3137 0.0000e+00
 180.831453     30.314  35.247111     9.2655     3.4028     30.059    32.7558    25.3199 0.0000e+00
 180.831458     30.519  35.323092     9.2266     3.2615     30.262    32.8700    25.4153 0.0000e+00
 180.831464     30.729  35.323778     9.0851     3.1645     30.470    33.0013    25.5405 0.0000e+00
 180.831470     30.954  35.224230     8.8674     3.1212     30.693    33.1000    25.6517 0.0000e+00
 180.831476     31.191  35.080986     8.6649     3.1079     30.928    33.1393    25.7137 0.0000e+00
 180.831481     31.430  34.967365     8.5068     3.1178     31.165    33.1681    25.7604 0.0000e+00
 180.831487     31.664  34.888599     8.3805     3.1217     31.397    33.2038    25.8074 0.0000e+00
 180.831493     31.892  34.839814     8.2964     3.1300     31.623    33.2315    25.8418 0.0000e+00
 180.831499     32.110  34.820273     8.2518     3.1369     31.840    33.2529    25.8652 0.0000e+00
 180.831505     32.315  34.813331     8.2280     3.1363     32.043    33.2680    25.8806 0.0000e+00
 180.831510     32.507  34.810745     8.2077     3.1429     32.233    33.2844    25.8964 0.0000e+00
 180.831516     32.691  34.807851     8.1850     3.1459     32.416    33.3028    25.9142 0.0000e+00
 180.831522     32.865  34.804620     8.1653     3.1536     32.588    33.3180    25.9291 0.0000e+00
 180.831528     33.031  34.804492     8.1552     3.1520     32.753    33.3273    25.9379 0.0000e+00
 180.831534     33.201  34.808880     8.1497     3.1329     32.921    33.3372    25.9465 0.0000e+00
 180.831539     33.380  34.812338     8.1396     3.1222     33.099    33.3504    25.9583 0.0000e+00
 180.831545     33.576  34.808739     8.1238     3.1135     33.293    33.3615    25.9694 0.0000e+00
 180.831551     33.797  34.801036     8.1041     3.1264     33.512    33.3719    25.9805 0.0000e+00
 180.831557     34.039  34.796234     8.0807     3.1187     33.752    33.3890    25.9973 0.0000e+00
 180.831562     34.288  34.796237     8.0592     3.1135     33.999    33.4094    26.0165 0.0000e+00
 180.831568     34.531  34.799273     8.0504     3.1074     34.240    33.4209    26.0269 0.0000e+00
