data/oxygen options/OCNMS/OCNMS1/raw_data/2016/CAST_CA015_160823faed.cnv
* Sea-Bird SBE19 Data File:
* FileName = C:\2016 Mooring Data\Casts\Data\CAST_CA015_160823.hex
* Software Version 1.59
* Temperature SN = 2997
* Conductivity SN = 2997
* System UpLoad Time = Aug 23 2016 20:50:33
** CAST_CA015_160823
* ds
# nquan = 9                                 
# nvalues = 887                         
# units = specified
# name 0 = timeJ: Julian Days
# name 1 = prSM: Pressure, Strain Gauge [db]
# name 2 = c0mS/cm: Conductivity [mS/cm]
# name 3 = t090C: Temperature [ITS-90, deg C]
# name 4 = sbeox0ML/L: Oxygen, SBE 43 [ml/l]
# name 5 = depSM: Depth [salt water, m], lat = 47.5
# name 6 = sal00: Salinity, Practical [PSU]
# name 7 = sigma-é00: Density [sigma-theta, kg/m^3]
# name 8 = flag: flag
# span 0 = 236.850752, 236.855880       
# span 1 =     -5.092,     13.974       
# span 2 =   0.564250,  39.106926       
# span 3 =     8.9961,    17.6511       
# span 4 =    -1.7883,    12.7668       
# span 5 =     -5.050,     13.857       
# span 6 =     0.3227,    34.2766       
# span 7 =    -1.0902,    26.1081       
# span 8 = 0.0000e+00, 0.0000e+00       
# interval = seconds: 0.5
# start_time = Aug 23 2016 20:25:05 [Instrument's time stamp, header]
# bad_flag = -9.990e-29
*END*
 236.850752     -5.092 -9.990e-29    17.3624    -1.7807     -5.050 -9.990e-29 -9.990e-29 -9.990e-29
 236.850758     -5.092   0.605069    17.3545    -1.7802     -5.050     0.3478    -1.0183 -9.990e-29
 236.850764     -5.087   0.605689    17.3502    -1.7803     -5.045     0.3482    -1.0173 -9.990e-29
 236.850770     -5.073   0.606254    17.3478    -1.7806     -5.031     0.3486    -1.0166 -9.990e-29
 236.850775     -5.054   0.606407    17.3455    -1.7802     -5.012     0.3487    -1.0161 -9.990e-29
 236.850781     -5.033   0.605796    17.3400    -1.7794     -4.991     0.3484    -1.0153 -9.990e-29
 236.850787     -5.008   0.604717    17.3307    -1.7789     -4.966     0.3478    -1.0141 -9.990e-29
 236.850793     -4.981   0.603955    17.3241    -1.7785     -4.939     0.3474    -1.0132 -9.990e-29
 236.850799     -4.956   0.604161    17.3263    -1.7788     -4.915     0.3475    -1.0135 -9.990e-29
 236.850804     -4.931   0.605055    17.3349    -1.7785     -4.890     0.3480    -1.0147 -9.990e-29
 236.850810     -4.904   0.605611    17.3429    -1.7781     -4.863     0.3482    -1.0160 -9.990e-29
 236.850816     -4.873   0.605461    17.3465    -1.7775     -4.832     0.3481    -1.0167 -9.990e-29
 236.850822     -4.841   0.604963    17.3493    -1.7771     -4.801     0.3478    -1.0174 -9.990e-29
 236.850828     -4.811   0.604564    17.3577    -1.7772     -4.771     0.3475    -1.0192 -9.990e-29
 236.850833     -4.779   0.604290    17.3714    -1.7776     -4.739     0.3472    -1.0218 -9.990e-29
 236.850839     -4.745   0.603777    17.3847    -1.7780     -4.705     0.3468    -1.0245 -9.990e-29
 236.850845     -4.710   0.602897    17.3930    -1.7789     -4.671     0.3462    -1.0264 -9.990e-29
 236.850851     -4.676   0.602143    17.3976    -1.7795     -4.637     0.3457    -1.0276 -9.990e-29
 236.850856     -4.642   0.602178    17.4040    -1.7798     -4.603     0.3457    -1.0288 -9.990e-29
 236.850862     -4.609   0.603050    17.4143    -1.7797     -4.571     0.3461    -1.0303 -9.990e-29
 236.850868     -4.579   0.604257    17.4252    -1.7787     -4.541     0.3468    -1.0318 -9.990e-29
 236.850874     -4.551   0.605190    17.4318    -1.7785     -4.513     0.3473    -1.0326 -9.990e-29
 236.850880     -4.522   0.605431    17.4308    -1.7784     -4.484     0.3474    -1.0323 -9.990e-29
 236.850885     -4.492   0.604747    17.4231    -1.7782     -4.455     0.3471    -1.0312 -9.990e-29
 236.850891     -4.458   0.603338    17.4107    -1.7779     -4.421     0.3463    -1.0295 -9.990e-29
 236.850897     -4.422   0.602103    17.3952    -1.7770     -4.385     0.3457    -1.0272 -9.990e-29
 236.850903     -4.390   0.601618    17.3818    -1.7764     -4.353     0.3456    -1.0250 -9.990e-29
 236.850909     -4.360   0.601793    17.3759    -1.7763     -4.324     0.3457    -1.0238 -9.990e-29
 236.850914     -4.327   0.602306    17.3799    -1.7760     -4.291     0.3460    -1.0243 -9.990e-29
 236.850920     -4.293   0.602734    17.3907    -1.7757     -4.257     0.3461    -1.0261 -9.990e-29
 236.850926     -4.259   0.603093    17.4008    -1.7756     -4.223     0.3463    -1.0278 -9.990e-29
 236.850932     -4.223   0.603311    17.4078    -1.7754     -4.188     0.3464    -1.0290 -9.990e-29
 236.850937     -4.187   0.603123    17.4157    -1.7752     -4.152     0.3462    -1.0305 -9.990e-29
 236.850943     -4.154   0.602835    17.4280    -1.7750     -4.119     0.3459    -1.0330 -9.990e-29
 236.850949     -4.121   0.602621    17.4436    -1.7751     -4.087     0.3457    -1.0359 -9.990e-29
 236.850955     -4.091   0.602195    17.4571    -1.7754     -4.057     0.3453    -1.0387 -9.990e-29
 236.850961     -4.065   0.601548    17.4666    -1.7759     -4.031     0.3448    -1.0407 -9.990e-29
 236.850966     -4.042   0.600927    17.4744    -1.7766     -4.008     0.3444    -1.0424 -9.990e-29
 236.850972     -4.021   0.600619    17.4813    -1.7766     -3.987     0.3442    -1.0439 -9.990e-29
 236.850978     -4.001   0.600770    17.4869    -1.7763     -3.968     0.3442    -1.0448 -9.990e-29
 236.850984     -3.979   0.601027    17.4917    -1.7764     -3.946     0.3443    -1.0456 -9.990e-29
 236.850990     -3.955   0.601180    17.4961    -1.7764     -3.922     0.3444    -1.0464 -9.990e-29
 236.850995     -3.928   0.601433    17.4987    -1.7764     -3.895     0.3445    -1.0467 -9.990e-29
 236.851001     -3.894   0.601571    17.4972    -1.7761     -3.862     0.3446    -1.0464 -9.990e-29
 236.851007     -3.858   0.601225    17.4907    -1.7764     -3.826     0.3444    -1.0453 -9.990e-29
 236.851013     -3.824   0.600489    17.4803    -1.7767     -3.792     0.3441    -1.0437 -9.990e-29
 236.851019     -3.794   0.599494    17.4705    -1.7768     -3.762     0.3436    -1.0424 -9.990e-29
 236.851024     -3.768   0.598581    17.4662    -1.7769     -3.737     0.3431    -1.0420 -9.990e-29
 236.851030     -3.743   0.598200    17.4661    -1.7769     -3.712     0.3429    -1.0421 -9.990e-29
 236.851036     -3.718   0.598400    17.4666    -1.7768     -3.687     0.3430    -1.0421 -9.990e-29
 236.851042     -3.691   0.598893    17.4672    -1.7761     -3.660     0.3433    -1.0420 -9.990e-29
 236.851047     -3.661   0.599230    17.4685    -1.7763     -3.630     0.3434    -1.0421 -9.990e-29
 236.851053     -3.629   0.599304    17.4690    -1.7765     -3.599     0.3435    -1.0422 -9.990e-29
 236.851059     -3.599   0.599218    17.4664    -1.7761     -3.569     0.3435    -1.0417 -9.990e-29
 236.851065     -3.567   0.598858    17.4620    -1.7753     -3.537     0.3433    -1.0411 -9.990e-29
 236.851071     -3.537   0.598302    17.4584    -1.7749     -3.508     0.3430    -1.0407 -9.990e-29
 236.851076     -3.510   0.597919    17.4568    -1.7751     -3.481     0.3428    -1.0405 -9.990e-29
 236.851082     -3.486   0.597755    17.4581    -1.7757     -3.457     0.3427    -1.0408 -9.990e-29
 236.851088     -3.462   0.597593    17.4630    -1.7765     -3.433     0.3425    -1.0418 -9.990e-29
 236.851094     -3.438   0.597220    17.4692    -1.7768     -3.409     0.3422    -1.0431 -9.990e-29
 236.851100     -3.410   0.596696    17.4723    -1.7766     -3.382     0.3419    -1.0440 -9.990e-29
 236.851105     -3.387   0.596434    17.4745    -1.7766     -3.359     0.3417    -1.0445 -9.990e-29
 236.851111     -3.376   0.596642    17.4820    -1.7760     -3.348     0.3418    -1.0458 -9.990e-29
 236.851117     -3.366   0.597044    17.4934    -1.7752     -3.338     0.3419    -1.0477 -9.990e-29
 236.851123     -3.349   0.597065    17.5005    -1.7747     -3.321     0.3419    -1.0490 -9.990e-29
 236.851128     -3.328   0.596736    17.4976    -1.7746     -3.300     0.3417    -1.0487 -9.990e-29
 236.851134     -3.311   0.596729    17.4864    -1.7746     -3.283     0.3418    -1.0466 -9.990e-29
 236.851140     -3.296   0.597039    17.4739    -1.7743     -3.269     0.3421    -1.0441 -9.990e-29
 236.851146     -3.277   0.596969    17.4669    -1.7735     -3.250     0.3421    -1.0428 -9.990e-29
 236.851152     -3.259   0.596428    17.4670    -1.7726     -3.232     0.3418    -1.0431 -9.990e-29
 236.851157     -3.244   0.595805    17.4731    -1.7727     -3.217     0.3414    -1.0445 -9.990e-29
 236.851163     -3.231   0.595383    17.4848    -1.7725     -3.204     0.3410    -1.0469 -9.990e-29
 236.851169     -3.220   0.595155    17.4993    -1.7722     -3.193     0.3408    -1.0497 -9.990e-29
 236.851175     -3.209   0.594821    17.5113    -1.7729     -3.182     0.3405    -1.0521 -9.990e-29
 236.851181     -3.198   0.594493    17.5193    -1.7737     -3.171     0.3402    -1.0537 -9.990e-29
 236.851186     -3.186   0.594289    17.5263    -1.7744     -3.159     0.3401    -1.0551 -9.990e-29
 236.851192     -3.173   0.593940    17.5370    -1.7757     -3.147     0.3398    -1.0573 -9.990e-29
 236.851198     -3.158   0.593535    17.5522    -1.7757     -3.132     0.3394    -1.0603 -9.990e-29
 236.851204     -3.140   0.593648    17.5660    -1.7750     -3.114     0.3394    -1.0628 -9.990e-29
 236.851209     -3.117   0.594428    17.5737    -1.7747     -3.091     0.3398    -1.0639 -9.990e-29
 236.851215     -3.089   0.595252    17.5775    -1.7748     -3.063     0.3402    -1.0642 -9.990e-29
 236.851221     -3.057   0.595557    17.5759    -1.7750     -3.032     0.3404    -1.0638 -9.990e-29
 236.851227     -3.028   0.595196    17.5649    -1.7753     -3.003     0.3403    -1.0619 -9.990e-29
 236.851233     -3.005   0.594243    17.5468    -1.7753     -2.980     0.3399    -1.0590 -9.990e-29
 236.851238     -2.986   0.593097    17.5261    -1.7760     -2.961     0.3394    -1.0556 -9.990e-29
 236.851244     -2.970   0.592450    17.5090    -1.7770     -2.945     0.3391    -1.0527 -9.990e-29
 236.851250     -2.955   0.592554    17.5037    -1.7777     -2.930     0.3392    -1.0517 -9.990e-29
 236.851256     -2.942   0.592993    17.5086    -1.7782     -2.917     0.3394    -1.0524 -9.990e-29
 236.851262     -2.929   0.593244    17.5137    -1.7783     -2.905     0.3395    -1.0532 -9.990e-29
 236.851267     -2.915   0.593088    17.5134    -1.7780     -2.891     0.3395    -1.0532 -9.990e-29
 236.851273     -2.899   0.592873    17.5090    -1.7779     -2.875     0.3394    -1.0525 -9.990e-29
 236.851279     -2.881   0.592870    17.5031    -1.7779     -2.857     0.3394    -1.0514 -9.990e-29
 236.851285     -2.859   0.593077    17.4946    -1.7780     -2.835     0.3396    -1.0497 -9.990e-29
 236.851291     -2.832   0.593215    17.4799    -1.7788     -2.808     0.3398    -1.0469 -9.990e-29
 236.851296     -2.802   0.592916    17.4607    -1.7791     -2.779     0.3398    -1.0435 -9.990e-29
 236.851302     -2.777   0.592336    17.4429    -1.7793     -2.754     0.3396    -1.0405 -9.990e-29
 236.851308     -2.758   0.591816    17.4307    -1.7789     -2.735     0.3394    -1.0384 -9.990e-29
 236.851314     -2.740   0.591772    17.4266    -1.7777     -2.717     0.3394    -1.0377 -9.990e-29
 236.851319     -2.718   0.592148    17.4282    -1.7768     -2.695     0.3396    -1.0378 -9.990e-29
 236.851325     -2.695   0.592337    17.4298    -1.7763     -2.673     0.3397    -1.0380 -9.990e-29
 236.851331     -2.674   0.592038    17.4283    -1.7755     -2.652     0.3395    -1.0379 -9.990e-29
 236.851337     -2.653   0.591408    17.4219    -1.7748     -2.631     0.3392    -1.0370 -9.990e-29
 236.851343     -2.630   0.590719    17.4122    -1.7750     -2.608     0.3389    -1.0355 -9.990e-29
 236.851348     -2.605   0.590167    17.4053    -1.7750     -2.583     0.3386    -1.0345 -9.990e-29
 236.851354     -2.580   0.590125    17.4061    -1.7752     -2.558     0.3386    -1.0346 -9.990e-29
 236.851360     -2.562   0.590541    17.4175    -1.7754     -2.541     0.3387    -1.0366 -9.990e-29
 236.851366     -2.550   0.590860    17.4379    -1.7759     -2.529     0.3387    -1.0402 -9.990e-29
 236.851372     -2.535   0.590953    17.4597    -1.7760     -2.514     0.3386    -1.0442 -9.990e-29
 236.851377     -2.515   0.590947    17.4786    -1.7761     -2.494     0.3385    -1.0477 -9.990e-29
 236.851383     -2.498   0.590834    17.4956    -1.7760     -2.477     0.3383    -1.0509 -9.990e-29
 236.851389     -2.482   0.590468    17.5082    -1.7758     -2.461     0.3379    -1.0535 -9.990e-29
 236.851395     -2.464   0.589916    17.5131    -1.7756     -2.443     0.3376    -1.0546 -9.990e-29
 236.851400     -2.445   0.589554    17.5123    -1.7749     -2.425     0.3374    -1.0546 -9.990e-29
 236.851406     -2.429   0.589455    17.5080    -1.7743     -2.409     0.3373    -1.0539 -9.990e-29
 236.851412     -2.414   0.589491    17.5015    -1.7742     -2.394     0.3374    -1.0526 -9.990e-29
 236.851418     -2.401   0.589709    17.4950    -1.7740     -2.381     0.3376    -1.0513 -9.990e-29
 236.851424     -2.387   0.589847    17.4909    -1.7740     -2.367     0.3377    -1.0505 -9.990e-29
 236.851429     -2.372   0.589536    17.4899    -1.7740     -2.352     0.3375    -1.0505 -9.990e-29
 236.851435     -2.355   0.588917    17.4922    -1.7737     -2.335     0.3372    -1.0512 -9.990e-29
 236.851441     -2.336   0.588279    17.4973    -1.7733     -2.317     0.3367    -1.0524 -9.990e-29
 236.851447     -2.316   0.587882    17.5055    -1.7735     -2.297     0.3364    -1.0541 -9.990e-29
 236.851453     -2.299   0.587755    17.5177    -1.7741     -2.280     0.3363    -1.0565 -9.990e-29
 236.851458     -2.281   0.587729    17.5300    -1.7746     -2.262     0.3362    -1.0588 -9.990e-29
 236.851464     -2.258   0.587772    17.5380    -1.7754     -2.239     0.3361    -1.0602 -9.990e-29
 236.851470     -2.240   0.587942    17.5426    -1.7760     -2.221     0.3362    -1.0610 -9.990e-29
 236.851476     -2.224   0.588283    17.5457    -1.7773     -2.205     0.3364    -1.0614 -9.990e-29
 236.851481     -2.205   0.588696    17.5490    -1.7780     -2.187     0.3366    -1.0619 -9.990e-29
 236.851487     -2.187   0.588991    17.5535    -1.7779     -2.169     0.3367    -1.0626 -9.990e-29
 236.851493     -2.172   0.589005    17.5559    -1.7778     -2.154     0.3367    -1.0630 -9.990e-29
 236.851499     -2.159   0.588571    17.5515    -1.7783     -2.141     0.3365    -1.0624 -9.990e-29
 236.851505     -2.148   0.587666    17.5402    -1.7789     -2.130     0.3360    -1.0607 -9.990e-29
 236.851510     -2.138   0.586749    17.5243    -1.7796     -2.120     0.3356    -1.0581 -9.990e-29
 236.851516     -2.128   0.586262    17.5054    -1.7804     -2.110     0.3355    -1.0548 -9.990e-29
 236.851522     -2.119   0.586111    17.4838    -1.7818     -2.101     0.3356    -1.0509 -9.990e-29
 236.851528     -2.108   0.586095    17.4615    -1.7835     -2.090     0.3357    -1.0467 -9.990e-29
 236.851534     -2.095   0.586191    17.4454    -1.7847     -2.078     0.3359    -1.0437 -9.990e-29
 236.851539     -2.081   0.586527    17.4380    -1.7850     -2.064     0.3362    -1.0422 -9.990e-29
 236.851545     -2.062   0.586996    17.4323    -1.7841     -2.045     0.3365    -1.0409 -9.990e-29
 236.851551     -2.040   0.587113    17.4216    -1.7834     -2.023     0.3366    -1.0389 -9.990e-29
 236.851557     -2.015   0.587034    17.4054    -1.7832     -1.998     0.3367    -1.0359 -9.990e-29
 236.851563     -1.996   0.587208    17.3846    -1.7835     -1.979     0.3370    -1.0320 -9.990e-29
 236.851568     -1.986   0.587310    17.3576    -1.7845     -1.969     0.3373    -1.0270 -9.990e-29
 236.851574     -1.978   0.586922    17.3243    -1.7859     -1.962     0.3373    -1.0210 -9.990e-29
 236.851580     -1.966   0.586080    17.2903    -1.7859     -1.950     0.3371    -1.0151 -9.990e-29
 236.851586     -1.947   0.585327    17.2654    -1.7853     -1.931     0.3368    -1.0109 -9.990e-29
 236.851591     -1.928   0.585326    17.2573    -1.7857     -1.912     0.3369    -1.0094 -9.990e-29
 236.851597     -1.914   0.586074    17.2643    -1.7863     -1.898     0.3373    -1.0103 -9.990e-29
 236.851603     -1.904   0.586904    17.2745    -1.7870     -1.888     0.3377    -1.0118 -9.990e-29
 236.851609     -1.895   0.587256    17.2770    -1.7883     -1.879     0.3379    -1.0121 -9.990e-29
 236.851615     -1.889   0.587044    17.2679    -1.7882     -1.873     0.3378    -1.0106 -9.990e-29
 236.851620     -1.884   0.586540    17.2491    -1.7868     -1.868     0.3377    -1.0073 -9.990e-29
 236.851626     -1.881   0.586184    17.2304    -1.7857     -1.865     0.3376    -1.0041 -9.990e-29
 236.851632     -1.879   0.586053    17.2221    -1.7849     -1.863     0.3376    -1.0026 -9.990e-29
 236.851638     -1.877   0.585973    17.2198    -1.7848     -1.861     0.3376    -1.0022 -9.990e-29
 236.851644     -1.877   0.585838    17.2127    -1.7850     -1.861     0.3375    -1.0010 -9.990e-29
 236.851649     -1.877   0.585468    17.1988    -1.7855     -1.861     0.3374    -0.9986 -9.990e-29
 236.851655     -1.874   0.584924    17.1815    -1.7854     -1.858     0.3373    -0.9957 -9.990e-29
 236.851661     -1.863   0.584590    17.1681    -1.7851     -1.847     0.3372    -0.9934 -9.990e-29
 236.851667     -1.848   0.584576    17.1704    -1.7848     -1.833     0.3371    -0.9938 -9.990e-29
 236.851672     -1.831   0.584864    17.1892    -1.7845     -1.816     0.3372    -0.9971 -9.990e-29
