data/oxygen options/OCNMS/OCNMS1/raw_data/2016/CAST_TH042_160628faed.cnv
* Sea-Bird SBE19 Data File:
* FileName = C:\2016 Mooring Data\Casts\Data\CAST_TH042_160628.hex
* Software Version 1.59
* Temperature SN = 2997
* Conductivity SN = 2997
* System UpLoad Time = Jun 28 2016 20:03:33
** CAST_TH042_160628
* ds
# nquan = 9                                 
# nvalues = 1338                        
# units = specified
# name 0 = timeJ: Julian Days
# name 1 = prSM: Pressure, Strain Gauge [db]
# name 2 = c0mS/cm: Conductivity [mS/cm]
# name 3 = t090C: Temperature [ITS-90, deg C]
# name 4 = sbeox0ML/L: Oxygen, SBE 43 [ml/l]
# name 5 = depSM: Depth [salt water, m], lat = 47.5
# name 6 = sal00: Salinity, Practical [PSU]
# name 7 = sigma-é00: Density [sigma-theta, kg/m^3]
# name 8 = flag: flag
# span 0 = 180.826019, 180.833756       
# span 1 =     -5.331,     41.873       
# span 2 =   0.278034,  38.353001       
# span 3 =     7.8733,    14.3268       
# span 4 =    -1.9149,    16.8950       
# span 5 =     -5.287,     41.519       
# span 6 =     0.1695,    33.5871       
# span 7 =    -0.6483,    26.1830       
# span 8 = 0.0000e+00, 0.0000e+00       
# interval = seconds: 0.5
# start_time = Jun 28 2016 19:49:28 [Instrument's time stamp, header]
# bad_flag = -9.990e-29
*END*
[from data line 321]
 180.827876     -0.787   0.297933    13.9840    -1.9134     -0.780     0.1823    -0.6100 -9.990e-29
 180.827882     -0.786   0.298325    13.9841    -1.9134     -0.779     0.1825    -0.6098 -9.990e-29
 180.827888     -0.786   0.298534    13.9810    -1.9134     -0.779     0.1827    -0.6092 -9.990e-29
 180.827894     -0.785   0.298285    13.9714    -1.9130     -0.778     0.1826    -0.6080 -9.990e-29
 180.827899     -0.784   0.297803    13.9595    -1.9129     -0.777     0.1823    -0.6065 -9.990e-29
 180.827905     -0.783   0.297555    13.9524    -1.9130     -0.776     0.1822    -0.6056 -9.990e-29
 180.827911     -0.782   0.297766    13.9524    -1.9130     -0.775     0.1823    -0.6055 -9.990e-29
 180.827917     -0.781   0.298163    13.9568    -1.9132     -0.774     0.1825    -0.6060 -9.990e-29
 180.827922     -0.779   0.298163    13.9621    -1.9131     -0.773     0.1825    -0.6067 -9.990e-29
 180.827928     -0.777   0.297767    13.9663    -1.9133     -0.771     0.1823    -0.6075 -9.990e-29
 180.827934     -0.774   0.297559    13.9691    -1.9140     -0.768     0.1821    -0.6080 -9.990e-29
 180.827940     -0.771   0.297819    13.9722    -1.9142     -0.765     0.1823    -0.6083 -9.990e-29
 180.827946     -0.766   0.298337    13.9760    -1.9146     -0.760     0.1826    -0.6086 -9.990e-29
 180.827951     -0.760   0.298694    13.9781    -1.9148     -0.754     0.1828    -0.6088 -9.990e-29
 180.827957     -0.752   0.298810    13.9782    -1.9149     -0.746     0.1829    -0.6087 -9.990e-29
 180.827963     -0.742   0.298840    13.9774    -1.9145     -0.736     0.1829    -0.6086 -9.990e-29
 180.827969     -0.729   0.298826    13.9761    -1.9140     -0.723     0.1829    -0.6084 -9.990e-29
 180.827975     -0.717   0.298748    13.9733    -1.9137     -0.711     0.1828    -0.6080 -9.990e-29
 180.827980     -0.713   0.298502    13.9670    -1.9137     -0.707     0.1827    -0.6073 -9.990e-29
 180.827986     -0.717   0.298317    13.9580    -1.9132     -0.711     0.1826    -0.6061 -9.990e-29
 180.827992     -0.721   0.298502    13.9494    -1.9127     -0.715     0.1828    -0.6048 -9.990e-29
 180.827998     -0.721   0.298748    13.9429    -1.9120     -0.715     0.1830    -0.6037 -9.990e-29
 180.828003     -0.717   0.298830    13.9394    -1.9109     -0.711     0.1830    -0.6032 -9.990e-29
 180.828009     -0.708   0.298857    13.9400    -1.9100     -0.702     0.1831    -0.6033 -9.990e-29
 180.828015     -0.699   0.298866    13.9450    -1.9095     -0.693     0.1830    -0.6040 -9.990e-29
 180.828021     -0.692   0.298869    13.9525    -1.9094     -0.686     0.1830    -0.6050 -9.990e-29
 180.828027     -0.684   0.298868    13.9600    -1.9096     -0.678     0.1830    -0.6061 -9.990e-29
 180.828032     -0.670   0.298863    13.9677    -1.9097     -0.664     0.1829    -0.6072 -9.990e-29
 180.828038     -0.652   0.298850    13.9775    -1.9095     -0.647     0.1829    -0.6086 -9.990e-29
 180.828044     -0.638   0.298810    13.9908    -1.9094     -0.633     0.1828    -0.6105 -9.990e-29
 180.828050     -0.628   0.298691    14.0080    -1.9091     -0.623     0.1827    -0.6130 -9.990e-29
 180.828056     -0.616   0.298335    14.0275    -1.9088     -0.611     0.1823    -0.6160 -9.990e-29
 180.828061     -0.602   0.297821    14.0451    -1.9083     -0.597     0.1820    -0.6187 -9.990e-29
 180.828067     -0.585   0.297577    14.0572    -1.9080     -0.580     0.1817    -0.6206 -9.990e-29
 180.828073     -0.568   0.297833    14.0623    -1.9077     -0.563     0.1819    -0.6212 -9.990e-29
 180.828079     -0.558   0.298375    14.0626    -1.9074     -0.553     0.1822    -0.6210 -9.990e-29
 180.828084     -0.555   0.298813    14.0626    -1.9067     -0.550     0.1825    -0.6208 -9.990e-29
 180.828090     -0.550   0.299178    14.0648    -1.9059     -0.545     0.1827    -0.6209 -9.990e-29
 180.828096     -0.543   0.299402    14.0688    -1.9050     -0.538     0.1828    -0.6214 -9.990e-29
 180.828102     -0.537   0.299230    14.0746    -1.9045     -0.533     0.1827    -0.6223 -9.990e-29
 180.828108     -0.533   0.298987    14.0825    -1.9047     -0.529     0.1825    -0.6236 -9.990e-29
 180.828113     -0.529   0.298906    14.0916    -1.9051     -0.525     0.1824    -0.6249 -9.990e-29
 180.828119     -0.526   0.298877    14.1003    -1.9061     -0.522     0.1824    -0.6262 -9.990e-29
 180.828125     -0.524   0.298864    14.1090    -1.9065     -0.520     0.1823    -0.6274 -9.990e-29
 180.828131     -0.522   0.298849    14.1199    -1.9067     -0.518     0.1823    -0.6290 -9.990e-29
 180.828137     -0.520   0.298812    14.1346    -1.9071     -0.516     0.1822    -0.6311 -9.990e-29
 180.828142     -0.519   0.298704    14.1514    -1.9075     -0.515     0.1820    -0.6336 -9.990e-29
 180.828148     -0.517   0.298379    14.1661    -1.9077     -0.513     0.1818    -0.6359 -9.990e-29
 180.828154     -0.515   0.297961    14.1740    -1.9078     -0.511     0.1815    -0.6372 -9.990e-29
 180.828160     -0.514   0.298001    14.1728    -1.9079     -0.510     0.1815    -0.6371 -9.990e-29
 180.828166     -0.512   0.298555    14.1637    -1.9079     -0.508     0.1819    -0.6355 -9.990e-29
 180.828171     -0.509   0.299250    14.1508    -1.9080     -0.505     0.1824    -0.6333 -9.990e-29
 180.828177     -0.506   0.299902    14.1398    -1.9077     -0.502     0.1828    -0.6314 -9.990e-29
 180.828183     -0.503   0.300269    14.1314    -1.9074     -0.499     0.1831    -0.6300 -9.990e-29
 180.828189     -0.498   0.300286    14.1234    -1.9073     -0.494     0.1831    -0.6288 -9.990e-29
 180.828194     -0.492   0.299975    14.1159    -1.9074     -0.488     0.1830    -0.6279 -9.990e-29
 180.828200     -0.489   0.299476    14.1101    -1.9075     -0.485     0.1827    -0.6273 -9.990e-29
 180.828206     -0.492   0.299235    14.1062    -1.9074     -0.488     0.1826    -0.6268 -9.990e-29
 180.828212     -0.498   0.299483    14.1039    -1.9072     -0.494     0.1827    -0.6264 -9.990e-29
 180.828218     -0.503   0.299998    14.1030    -1.9066     -0.499     0.1831    -0.6260 -9.990e-29
 180.828223     -0.507   0.300355    14.1042    -1.9062     -0.503     0.1833    -0.6260 -9.990e-29
 180.828229     -0.510   0.300474    14.1079    -1.9060     -0.506     0.1833    -0.6265 -9.990e-29
 180.828235     -0.512   0.300514    14.1121    -1.9056     -0.508     0.1833    -0.6271 -9.990e-29
 180.828241     -0.514   0.300528    14.1145    -1.9054     -0.510     0.1833    -0.6274 -9.990e-29
 180.828247     -0.516   0.300532    14.1147    -1.9065     -0.512     0.1833    -0.6274 -9.990e-29
 180.828252     -0.518   0.300533    14.1151    -1.9067     -0.514     0.1833    -0.6275 -9.990e-29
 180.828258     -0.520   0.300533    14.1176    -1.9068     -0.516     0.1833    -0.6279 -9.990e-29
 180.828264     -0.521   0.300530    14.1233    -1.9069     -0.517     0.1833    -0.6287 -9.990e-29
 180.828270     -0.519   0.300523    14.1322    -1.9080     -0.515     0.1832    -0.6300 -9.990e-29
 180.828275     -0.508   0.300500    14.1414    -1.9086     -0.504     0.1832    -0.6313 -9.990e-29
 180.828281     -0.492   0.300432    14.1486    -1.9089     -0.488     0.1831    -0.6324 -9.990e-29
 180.828287     -0.479   0.300225    14.1528    -1.9089     -0.475     0.1830    -0.6331 -9.990e-29
 180.828293     -0.472   0.300159    14.1508    -1.9089     -0.468     0.1829    -0.6328 -9.990e-29
 180.828299     -0.471   0.300701    14.1421    -1.9090     -0.467     0.1833    -0.6313 -9.990e-29
 180.828304     -0.475   0.301463    14.1336    -1.9091     -0.471     0.1838    -0.6297 -9.990e-29
 180.828310     -0.481   0.301797    14.1273    -1.9093     -0.477     0.1841    -0.6286 -9.990e-29
 180.828316     -0.484   0.301592    14.1180    -1.9096     -0.480     0.1840    -0.6274 -9.990e-29
 180.828322     -0.485   0.301129    14.1043    -1.9094     -0.481     0.1837    -0.6257 -9.990e-29
 180.828328     -0.484   0.300902    14.0916    -1.9088     -0.480     0.1837    -0.6239 -9.990e-29
 180.828333     -0.481   0.301164    14.0835    -1.9083     -0.477     0.1839    -0.6226 -9.990e-29
 180.828339     -0.476   0.301708    14.0793    -1.9078     -0.472     0.1842    -0.6218 -9.990e-29
 180.828345     -0.468   0.302147    14.0773    -1.9078     -0.464     0.1845    -0.6213 -9.990e-29
 180.828351     -0.456   0.302513    14.0756    -1.9078     -0.452     0.1847    -0.6209 -9.990e-29
 180.828356     -0.441   0.302738    14.0732    -1.9079     -0.437     0.1849    -0.6204 -9.990e-29
 180.828362     -0.425   0.302566    14.0702    -1.9077     -0.421     0.1848    -0.6201 -9.990e-29
 180.828368     -0.412   0.302324    14.0693    -1.9079     -0.409     0.1846    -0.6200 -9.990e-29
 180.828374     -0.401   0.302244    14.0732    -1.9083     -0.398     0.1846    -0.6206 -9.990e-29
 180.828380     -0.395   0.302219    14.0814    -1.9087     -0.392     0.1845    -0.6218 -9.990e-29
 180.828385     -0.394   0.302214    14.0912    -1.9087     -0.391     0.1845    -0.6232 -9.990e-29
 180.828391     -0.390   0.302224    14.0991    -1.9083     -0.387     0.1845    -0.6244 -9.990e-29
 180.828397     -0.382   0.302263    14.1031    -1.9079     -0.379     0.1845    -0.6249 -9.990e-29
 180.828403     -0.377   0.302381    14.1042    -1.9072     -0.374     0.1845    -0.6250 -9.990e-29
 180.828409     -0.377   0.302738    14.1044    -1.9068     -0.374     0.1847    -0.6249 -9.990e-29
 180.828414     -0.376   0.303254    14.1038    -1.9071     -0.373     0.1851    -0.6246 -9.990e-29
 180.828420     -0.375   0.303506    14.1007    -1.9071     -0.372     0.1852    -0.6240 -9.990e-29
 180.828426     -0.369   0.303273    14.0952    -1.9064     -0.366     0.1851    -0.6233 -9.990e-29
 180.828432     -0.358   0.302800    14.0905    -1.9055     -0.355     0.1848    -0.6229 -9.990e-29
 180.828438     -0.349   0.302567    14.0904    -1.9053     -0.346     0.1847    -0.6230 -9.990e-29
 180.828443     -0.347   0.302819    14.0961    -1.9058     -0.344     0.1848    -0.6237 -9.990e-29
 180.828449     -0.347   0.303335    14.1055    -1.9066     -0.344     0.1851    -0.6248 -9.990e-29
 180.828455     -0.345   0.303692    14.1154    -1.9071     -0.342     0.1853    -0.6260 -9.990e-29
 180.828461     -0.344   0.303811    14.1220    -1.9073     -0.341     0.1853    -0.6269 -9.990e-29
 180.828466     -0.345   0.303851    14.1252    -1.9074     -0.342     0.1853    -0.6274 -9.990e-29
 180.828472     -0.343   0.303865    14.1303    -1.9075     -0.340     0.1853    -0.6281 -9.990e-29
 180.828478     -0.339   0.303871    14.1408    -1.9073     -0.336     0.1853    -0.6296 -9.990e-29
 180.828484     -0.333   0.303877    14.1518    -1.9069     -0.330     0.1852    -0.6312 -9.990e-29
 180.828490     -0.327   0.303892    14.1552    -1.9063     -0.324     0.1852    -0.6317 -9.990e-29
 180.828495     -0.326   0.303934    14.1489    -1.9061     -0.323     0.1853    -0.6307 -9.990e-29
 180.828501     -0.325   0.304061    14.1377    -1.9061     -0.322     0.1854    -0.6291 -9.990e-29
 180.828507     -0.321   0.304440    14.1274    -1.9061     -0.318     0.1857    -0.6274 -9.990e-29
 180.828513     -0.317   0.305022    14.1205    -1.9059     -0.314     0.1861    -0.6261 -9.990e-29
 180.828519     -0.318   0.305472    14.1171    -1.9059     -0.315     0.1864    -0.6254 -9.990e-29
 180.828524     -0.319   0.305835    14.1167    -1.9058     -0.316     0.1866    -0.6252 -9.990e-29
 180.828530     -0.315   0.306594    14.1200    -1.9055     -0.312     0.1871    -0.6253 -9.990e-29
 180.828536     -0.312   0.308207    14.1273    -1.9051     -0.309     0.1880    -0.6255 -9.990e-29
 180.828542     -0.308   0.310602    14.1358    -1.9047     -0.305     0.1895    -0.6256 -9.990e-29
 180.828547     -0.300   0.313087    14.1417    -1.9043     -0.297     0.1910    -0.6253 -9.990e-29
 180.828553     -0.290   0.315087    14.1446    -1.9042     -0.288     0.1922    -0.6247 -9.990e-29
 180.828559     -0.283   0.316493    14.1465    -1.9040     -0.281     0.1931    -0.6243 -9.990e-29
 180.828565     -0.278   0.317516    14.1486    -1.9037     -0.276     0.1937    -0.6241 -9.990e-29
 180.828571     -0.275   0.318406    14.1513    -1.9038     -0.273     0.1943    -0.6241 -9.990e-29
 180.828576     -0.274   0.319242    14.1553    -1.9041     -0.272     0.1948    -0.6243 -9.990e-29
 180.828582     -0.275   0.320027    14.1613    -1.9042     -0.273     0.1952    -0.6248 -9.990e-29
 180.828588     -0.277   0.320697    14.1690    -1.9044     -0.275     0.1956    -0.6256 -9.990e-29
 180.828594     -0.280   0.321035    14.1772    -1.9044     -0.278     0.1958    -0.6266 -9.990e-29
 180.828600     -0.286   0.320936    14.1844    -1.9041     -0.284     0.1957    -0.6277 -9.990e-29
 180.828605     -0.294   0.320824    14.1900    -1.9039     -0.292     0.1956    -0.6285 -9.990e-29
 180.828611     -0.305   0.321104    14.1943    -1.9039     -0.302     0.1958    -0.6290 -9.990e-29
 180.828617     -0.319   0.321594    14.1970    -1.9036     -0.316     0.1960    -0.6292 -9.990e-29
 180.828623     -0.329   0.321836    14.1969    -1.9031     -0.326     0.1962    -0.6291 -9.990e-29
 180.828628     -0.328   0.321598    14.1943    -1.9027     -0.325     0.1961    -0.6288 -9.990e-29
 180.828634     -0.323   0.321119    14.1908    -1.9022     -0.320     0.1958    -0.6285 -9.990e-29
 180.828640     -0.322   0.320868    14.1883    -1.9018     -0.319     0.1956    -0.6283 -9.990e-29
 180.828646     -0.322   0.321066    14.1889    -1.9016     -0.319     0.1958    -0.6283 -9.990e-29
 180.828652     -0.318   0.321422    14.1921    -1.9015     -0.315     0.1960    -0.6286 -9.990e-29
 180.828657     -0.314   0.321299    14.1960    -1.9015     -0.311     0.1959    -0.6292 -9.990e-29
 180.828663     -0.310   0.320534    14.2008    -1.9018     -0.307     0.1954    -0.6302 -9.990e-29
 180.828669     -0.301   0.319771    14.2079    -1.9023     -0.298     0.1949    -0.6317 -9.990e-29
 180.828675     -0.292   0.319661    14.2175    -1.9026     -0.290     0.1947    -0.6331 -9.990e-29
 180.828681     -0.285   0.320056    14.2279    -1.9023     -0.283     0.1949    -0.6344 -9.990e-29
 180.828686     -0.280   0.320373    14.2377    -1.9020     -0.278     0.1951    -0.6357 -9.990e-29
 180.828692     -0.277   0.320479    14.2456    -1.9021     -0.275     0.1951    -0.6368 -9.990e-29
 180.828698     -0.276   0.320515    14.2508    -1.9027     -0.274     0.1951    -0.6375 -9.990e-29
 180.828704     -0.277   0.320526    14.2531    -1.9029     -0.275     0.1951    -0.6379 -9.990e-29
 180.828709     -0.279   0.320527    14.2517    -1.9032     -0.277     0.1951    -0.6377 -9.990e-29
 180.828715     -0.284   0.320519    14.2463    -1.9034     -0.282     0.1951    -0.6369 -9.990e-29
 180.828721     -0.290   0.320492    14.2395    -1.9034     -0.288     0.1952    -0.6359 -9.990e-29
 180.828727     -0.295   0.320410    14.2358    -1.9031     -0.293     0.1951    -0.6354 -9.990e-29
 180.828733     -0.295   0.320163    14.2367    -1.9028     -0.293     0.1950    -0.6357 -9.990e-29
 180.828738     -0.293   0.319978    14.2378    -1.9024     -0.291     0.1948    -0.6359 -9.990e-29
 180.828744     -0.294   0.320163    14.2347    -1.9026     -0.292     0.1950    -0.6354 -9.990e-29
 180.828750     -0.293   0.320410    14.2284    -1.9034     -0.291     0.1952    -0.6343 -9.990e-29
 180.828756     -0.286   0.320492    14.2223    -1.9038     -0.284     0.1952    -0.6334 -9.990e-29
 180.828762     -0.278   0.320518    14.2174    -1.9040     -0.276     0.1953    -0.6327 -9.990e-29
 180.828767     -0.272   0.320523    14.2144    -1.9041     -0.270     0.1953    -0.6322 -9.990e-29
 180.828773     -0.267   0.320513    14.2145    -1.9042     -0.265     0.1953    -0.6323 -9.990e-29
 180.828779     -0.263   0.320474    14.2180    -1.9042     -0.261     0.1953    -0.6328 -9.990e-29
 180.828785     -0.260   0.320356    14.2230    -1.9042     -0.258     0.1952    -0.6336 -9.990e-29
 180.828791     -0.257   0.319999    14.2258    -1.9040     -0.255     0.1949    -0.6341 -9.990e-29
