data/oxygen options/OCNMS/OCNMS1/raw_data/2016/CAST_CA042_161009faed.cnv
* Sea-Bird SBE19 Data File:
* FileName = C:\2016 Mooring Data\Casts\Data\CAST_CA042_161009.hex
* Software Version 1.59
* Temperature SN = 2997
* Conductivity SN = 2997
* System UpLoad Time = Oct 09 2016 19:18:43
** CAST_CA042_161009
* ds
# nquan = 9                                 
# nvalues = 1157                        
# units = specified
# name 0 = timeJ: Julian Days
# name 1 = prSM: Pressure, Strain Gauge [db]
# name 2 = c0mS/cm: Conductivity [mS/cm]
# name 3 = t090C: Temperature [ITS-90, deg C]
# name 4 = sbeox0ML/L: Oxygen, SBE 43 [ml/l]
# name 5 = depSM: Depth [salt water, m], lat = 47.5
# name 6 = sal00: Salinity, Practical [PSU]
# name 7 = sigma-é00: Density [sigma-theta, kg/m^3]
# name 8 = flag: flag
# span 0 = 283.781366, 283.788056       
# span 1 =     -4.464,     44.145       
# span 2 =   0.469374,  38.536718       
# span 3 =    12.2522,    13.6956       
# span 4 =    -1.9838,    11.9007       
# span 5 =     -4.427,     43.772       
# span 6 =     0.3026,    32.2180       
# span 7 =    -0.3125,    24.2328       
# span 8 = 0.0000e+00, 0.0000e+00       
# interval = seconds: 0.5
# start_time = Oct 09 2016 18:45:10 [Instrument's time stamp, header]
# bad_flag = -9.990e-29
*END*
[from data line 641]
 283.785075      9.453  36.150743    13.3909     5.5494      9.374    30.1354    22.5522 0.0000e+00
 283.785081      9.686  36.160238    13.3897     5.5761      9.605    30.1450    22.5599 0.0000e+00
 283.785087      9.908  36.167799    13.3893     5.5807      9.825    30.1523    22.5655 0.0000e+00
 283.785093     10.123  36.171723    13.3896     5.5680     10.038    30.1556    22.5680 0.0000e+00
 283.785098     10.333  36.172742    13.3899     5.5559     10.247    30.1562    22.5685 0.0000e+00
 283.785104     10.549  36.172753    13.3901     5.5453     10.461    30.1560    22.5683 0.0000e+00
 283.785110     10.781  36.172872    13.3897     5.5443     10.691    30.1563    22.5686 0.0000e+00
 283.785116     11.029  36.174918    13.3889     5.5628     10.937    30.1588    22.5706 0.0000e+00
 283.785122     11.293  36.179359    13.3882     5.5623     11.198    30.1633    22.5743 0.0000e+00
 283.785127     11.568  36.184254    13.3878     5.5622     11.471    30.1681    22.5781 0.0000e+00
 283.785133     11.841  36.187707    13.3880     5.5749     11.742    30.1710    22.5803 0.0000e+00
 283.785139     12.100  36.189820    13.3882     5.5610     11.999    30.1727    22.5816 0.0000e+00
 283.785145     12.341  36.191146    13.3884     5.5671     12.238    30.1737    22.5823 0.0000e+00
 283.785150     12.564  36.192314    13.3885     5.5597     12.459    30.1746    22.5830 0.0000e+00
 283.785156     12.782  36.194862    13.3879     5.5557     12.675    30.1774    22.5853 0.0000e+00
 283.785162     13.002  36.199365    13.3865     5.5652     12.893    30.1826    22.5895 0.0000e+00
 283.785168     13.227  36.205088    13.3854     5.5657     13.116    30.1887    22.5945 0.0000e+00
 283.785174     13.453  36.210118    13.3849     5.5620     13.340    30.1936    22.5984 0.0000e+00
 283.785179     13.673  36.212178    13.3847     5.5653     13.558    30.1956    22.6000 0.0000e+00
 283.785185     13.881  36.212313    13.3845     5.5643     13.765    30.1958    22.6002 0.0000e+00
 283.785191     14.080  36.212926    13.3843     5.5527     13.962    30.1965    22.6007 0.0000e+00
 283.785197     14.284  36.214251    13.3840     5.5513     14.164    30.1979    22.6019 0.0000e+00
 283.785203     14.500  36.216917    13.3835     5.5420     14.378    30.2006    22.6041 0.0000e+00
 283.785208     14.731  36.221658    13.3829     5.5440     14.608    30.2054    22.6079 0.0000e+00
 283.785214     14.973  36.228053    13.3823     5.5497     14.847    30.2117    22.6129 0.0000e+00
 283.785220     15.224  36.238446    13.3815     5.5452     15.096    30.2219    22.6210 0.0000e+00
 283.785226     15.480  36.252111    13.3806     5.5419     15.350    30.2352    22.6314 0.0000e+00
 283.785231     15.731  36.263724    13.3794     5.5351     15.599    30.2468    22.6406 0.0000e+00
 283.785237     15.971  36.274182    13.3778     5.5171     15.837    30.2577    22.6493 0.0000e+00
 283.785243     16.199  36.285085    13.3757     5.5237     16.063    30.2693    22.6588 0.0000e+00
 283.785249     16.417  36.294705    13.3725     5.5150     16.279    30.2807    22.6682 0.0000e+00
 283.785255     16.629  36.305205    13.3677     5.5002     16.490    30.2942    22.6795 0.0000e+00
 283.785260     16.841  36.318802    13.3615     5.4955     16.700    30.3116    22.6942 0.0000e+00
 283.785266     17.057  36.332318    13.3537     5.4828     16.914    30.3303    22.7102 0.0000e+00
 283.785272     17.283  36.343030    13.3436     5.4908     17.138    30.3482    22.7260 0.0000e+00
 283.785278     17.519  36.353436    13.3316     5.5071     17.372    30.3673    22.7431 0.0000e+00
 283.785284     17.757  36.364505    13.3207     5.5078     17.608    30.3862    22.7598 0.0000e+00
 283.785289     17.980  36.373608    13.3144     5.5112     17.829    30.3996    22.7714 0.0000e+00
 283.785295     18.182  36.378855    13.3148     5.5042     18.029    30.4040    22.7748 0.0000e+00
 283.785301     18.362  36.378816    13.3199     5.4992     18.208    30.3999    22.7706 0.0000e+00
 283.785307     18.532  36.374538    13.3237     5.5060     18.377    30.3928    22.7644 0.0000e+00
 283.785312     18.712  36.368701    13.3216     5.4839     18.555    30.3890    22.7618 0.0000e+00
 283.785318     18.912  36.367510    13.3140     5.4664     18.753    30.3939    22.7671 0.0000e+00
 283.785324     19.133  36.375520    13.3055     5.4636     18.972    30.4080    22.7797 0.0000e+00
 283.785330     19.367  36.385465    13.2995     5.4492     19.204    30.4219    22.7916 0.0000e+00
 283.785336     19.604  36.392657    13.2951     5.4504     19.439    30.4320    22.8003 0.0000e+00
 283.785341     19.838  36.402182    13.2897     5.4524     19.671    30.4451    22.8115 0.0000e+00
 283.785347     20.065  36.424475    13.2793     5.4598     19.897    30.4741    22.8359 0.0000e+00
 283.785353     20.284  36.476918    13.2631     5.4646     20.114    30.5357    22.8867 0.0000e+00
 283.785359     20.490  36.543146    13.2493     5.4415     20.318    30.6084    22.9455 0.0000e+00
 283.785365     20.686  36.571953    13.2436     5.4378     20.512    30.6397    22.9708 0.0000e+00
 283.785370     20.878  36.570916    13.2365     5.4354     20.703    30.6444    22.9758 0.0000e+00
 283.785376     21.078  36.584565    13.2201     5.4236     20.901    30.6702    22.9990 0.0000e+00
 283.785382     21.292  36.609794    13.2015     5.4237     21.113    30.7086    23.0323 0.0000e+00
 283.785388     21.511  36.634844    13.1849     5.4052     21.330    30.7453    23.0639 0.0000e+00
 283.785394     21.728  36.683009    13.1669     5.3997     21.546    30.8048    23.1134 0.0000e+00
 283.785399     21.939  36.754060    13.1502     5.4053     21.755    30.8846    23.1783 0.0000e+00
 283.785405     22.141  36.805455    13.1393     5.3960     21.955    30.9414    23.2244 0.0000e+00
 283.785411     22.329  36.822785    13.1295     5.4101     22.141    30.9655    23.2449 0.0000e+00
 283.785417     22.507  36.839217    13.1116     5.4071     22.318    30.9954    23.2715 0.0000e+00
 283.785422     22.686  36.890085    13.0853     5.4076     22.495    31.0644    23.3300 0.0000e+00
 283.785428     22.869  36.958596    13.0602     5.4241     22.677    31.1491    23.4004 0.0000e+00
 283.785434     23.051  37.008340    13.0449     5.4393     22.857    31.2082    23.4491 0.0000e+00
 283.785440     23.226  37.031103    13.0419     5.4780     23.031    31.2319    23.4680 0.0000e+00
 283.785446     23.392  37.032560    13.0449     5.5003     23.195    31.2308    23.4666 0.0000e+00
 283.785451     23.559  37.027515    13.0401     5.5109     23.361    31.2299    23.4668 0.0000e+00
 283.785457     23.748  37.035554    13.0220     5.5253     23.548    31.2523    23.4877 0.0000e+00
 283.785463     23.970  37.060095    13.0004     5.5194     23.769    31.2931    23.5234 0.0000e+00
 283.785469     24.218  37.090701    12.9878     5.5309     24.014    31.3321    23.5561 0.0000e+00
 283.785475     24.473  37.131177    12.9881     5.5349     24.267    31.3698    23.5852 0.0000e+00
 283.785480     24.721  37.182797    12.9953     5.5095     24.513    31.4123    23.6166 0.0000e+00
 283.785486     24.953  37.232004    13.0017     5.5100     24.743    31.4531    23.6470 0.0000e+00
 283.785492     25.163  37.261462    13.0052     5.4935     24.951    31.4778    23.6654 0.0000e+00
 283.785498     25.350  37.264487    13.0089     5.5151     25.137    31.4775    23.6644 0.0000e+00
 283.785503     25.522  37.267503    13.0177     5.5332     25.307    31.4729    23.6592 0.0000e+00
 283.785509     25.690  37.300286    13.0314     5.5392     25.474    31.4923    23.6715 0.0000e+00
 283.785515     25.857  37.349938    13.0413     5.5527     25.640    31.5306    23.6993 0.0000e+00
 283.785521     26.015  37.375063    13.0410     5.5394     25.796    31.5544    23.7177 0.0000e+00
 283.785527     26.171  37.363759    13.0382     5.5361     25.951    31.5461    23.7118 0.0000e+00
 283.785532     26.342  37.353605    13.0479     5.5224     26.120    31.5284    23.6963 0.0000e+00
 283.785538     26.533  37.387634    13.0771     5.5076     26.310    31.5360    23.6965 0.0000e+00
 283.785544     26.727  37.474215    13.1139     5.4923     26.502    31.5865    23.7284 0.0000e+00
 283.785550     26.922  37.584204    13.1401     5.4634     26.696    31.6678    23.7861 0.0000e+00
 283.785556     27.117  37.673168    13.1563     5.4366     26.889    31.7376    23.8369 0.0000e+00
 283.785561     27.310  37.724862    13.1727     5.4113     27.080    31.7722    23.8605 0.0000e+00
 283.785567     27.511  37.755532    13.1936     5.3888     27.280    31.7834    23.8651 0.0000e+00
 283.785573     27.728  37.779911    13.2146     5.3857     27.495    31.7886    23.8649 0.0000e+00
 283.785579     27.961  37.804153    13.2279     5.3825     27.726    31.8001    23.8712 0.0000e+00
 283.785584     28.204  37.828257    13.2316     5.4070     27.967    31.8195    23.8855 0.0000e+00
 283.785590     28.442  37.845129    13.2302     5.4230     28.203    31.8363    23.8988 0.0000e+00
 283.785596     28.661  37.851479    13.2286     5.4534     28.420    31.8435    23.9047 0.0000e+00
 283.785602     28.858  37.852403    13.2281     5.4618     28.615    31.8447    23.9057 0.0000e+00
 283.785608     29.041  37.851922    13.2283     5.4744     28.797    31.8441    23.9052 0.0000e+00
 283.785613     29.217  37.856112    13.2307     5.4881     28.971    31.8459    23.9061 0.0000e+00
 283.785619     29.389  37.879516    13.2423     5.4795     29.142    31.8580    23.9132 0.0000e+00
 283.785625     29.563  37.951649    13.2763     5.5050     29.314    31.8970    23.9366 0.0000e+00
 283.785631     29.746  38.066128    13.3359     5.5199     29.496    31.9540    23.9689 0.0000e+00
 283.785637     29.942  38.166557    13.4026     5.5332     29.690    31.9917    23.9849 0.0000e+00
 283.785642     30.154  38.233847    13.4570     5.5399     29.900    32.0088    23.9872 0.0000e+00
 283.785648     30.379  38.277018    13.4941     5.5207     30.123    32.0178    23.9868 0.0000e+00
 283.785654     30.609  38.300397    13.5170     5.5163     30.351    32.0203    23.9841 0.0000e+00
 283.785660     30.846  38.315540    13.5329     5.5017     30.586    32.0209    23.9815 0.0000e+00
 283.785666     31.093  38.331425    13.5574     5.4960     30.831    32.0151    23.9720 0.0000e+00
 283.785671     31.344  38.375388    13.5929     5.4850     31.080    32.0261    23.9734 0.0000e+00
 283.785677     31.585  38.449432    13.6158     5.4585     31.319    32.0756    24.0071 0.0000e+00
 283.785683     31.801  38.495349    13.6151     5.4648     31.533    32.1188    24.0406 0.0000e+00
 283.785689     31.993  38.493657    13.6076     5.4509     31.724    32.1235    24.0457 0.0000e+00
 283.785694     32.178  38.478523    13.6057     5.4581     31.907    32.1109    24.0364 0.0000e+00
 283.785700     32.367  38.462826    13.6010     5.4551     32.094    32.1002    24.0291 0.0000e+00
 283.785706     32.560  38.440198    13.5907     5.4392     32.286    32.0877    24.0215 0.0000e+00
 283.785712     32.752  38.419690    13.5830     5.4420     32.476    32.0751    24.0133 0.0000e+00
 283.785718     32.937  38.408697    13.5794     5.4427     32.660    32.0678    24.0084 0.0000e+00
 283.785723     33.116  38.402637    13.5741     5.4576     32.837    32.0665    24.0085 0.0000e+00
 283.785729     33.294  38.396222    13.5624     5.4524     33.013    32.0703    24.0138 0.0000e+00
 283.785735     33.483  38.383693    13.5465     5.4575     33.201    32.0719    24.0182 0.0000e+00
 283.785741     33.688  38.368510    13.5332     5.4471     33.404    32.0689    24.0185 0.0000e+00
 283.785747     33.898  38.361803    13.5262     5.4407     33.612    32.0684    24.0196 0.0000e+00
 283.785752     34.107  38.365265    13.5247     5.4446     33.820    32.0728    24.0233 0.0000e+00
 283.785758     34.315  38.372290    13.5287     5.4261     34.026    32.0759    24.0249 0.0000e+00
 283.785764     34.526  38.389432    13.5398     5.4221     34.235    32.0825    24.0277 0.0000e+00
 283.785770     34.741  38.421044    13.5538     5.4118     34.448    32.1000    24.0385 0.0000e+00
 283.785775     34.956  38.447054    13.5619     5.4065     34.661    32.1174    24.0503 0.0000e+00
 283.785781     35.169  38.449453    13.5603     5.4069     34.873    32.1208    24.0533 0.0000e+00
 283.785787     35.375  38.435915    13.5506     5.3975     35.077    32.1163    24.0517 0.0000e+00
 283.785793     35.575  38.421450    13.5349     5.3733     35.275    32.1160    24.0546 0.0000e+00
 283.785799     35.773  38.408620    13.5171     5.3120     35.471    32.1189    24.0605 0.0000e+00
 283.785804     35.969  38.398241    13.5032     5.2545     35.666    32.1209    24.0648 0.0000e+00
 283.785810     36.158  38.393274    13.4949     5.1769     35.853    32.1231    24.0682 0.0000e+00
 283.785816     36.340  38.390447    13.4872     5.1365     36.034    32.1269    24.0727 0.0000e+00
 283.785822     36.521  38.384856    13.4708     5.1156     36.213    32.1354    24.0825 0.0000e+00
 283.785828     36.713  38.367355    13.4263     5.1156     36.403    32.1565    24.1077 0.0000e+00
 283.785833     36.923  38.317964    13.3401     5.1363     36.612    32.1830    24.1454 0.0000e+00
 283.785839     37.150  38.240875    13.2404     5.1329     36.837    32.1951    24.1745 0.0000e+00
 283.785845     37.380  38.177879    13.1722     5.1417     37.065    32.1936    24.1868 0.0000e+00
 283.785851     37.603  38.149754    13.1429     5.1310     37.286    32.1920    24.1913 0.0000e+00
 283.785856     37.812  38.143625    13.1344     5.1281     37.493    32.1933    24.1941 0.0000e+00
 283.785862     38.011  38.144574    13.1311     5.1418     37.690    32.1969    24.1975 0.0000e+00
 283.785868     38.214  38.142645    13.1250     5.1338     37.892    32.2002    24.2012 0.0000e+00
 283.785874     38.429  38.136380    13.1164     5.1309     38.105    32.2015    24.2040 0.0000e+00
 283.785880     38.652  38.130308    13.1093     5.1340     38.326    32.2018    24.2055 0.0000e+00
 283.785885     38.871  38.127528    13.1060     5.1392     38.543    32.2019    24.2063 0.0000e+00
 283.785891     39.081  38.127685    13.1059     5.1434     38.751    32.2020    24.2064 0.0000e+00
 283.785897     39.276  38.128735    13.1074     5.1413     38.944    32.2017    24.2058 0.0000e+00
 283.785903     39.456  38.129264    13.1086     5.1336     39.123    32.2011    24.2051 0.0000e+00
 283.785909     39.628  38.128849    13.1084     5.1279     39.293    32.2008    24.2050 0.0000e+00
 283.785914     39.800  38.127489    13.1072     5.1183     39.464    32.2004    24.2050 0.0000e+00
 283.785920     39.977  38.125604    13.1057     5.1137     39.640    32.1999    24.2048 0.0000e+00
 283.785926     40.171  38.124034    13.1042     5.1228     39.832    32.1996    24.2049 0.0000e+00
 283.785932     40.385  38.122918    13.1021     5.1103     40.044    32.2002    24.2058 0.0000e+00
 283.785937     40.613  38.121880    13.0998     5.1137     40.270    32.2011    24.2070 0.0000e+00
 283.785943     40.838  38.120646    13.0989     5.1031     40.493    32.2006    24.2068 0.0000e+00
 283.785949     41.050  38.119801    13.0987     5.0962     40.703    32.1999    24.2063 0.0000e+00
 283.785955     41.248  38.119330    13.0972     5.0973     40.900    32.2007    24.2071 0.0000e+00
 283.785961     41.437  38.118034    13.0943     5.0925     41.087    32.2018    24.2086 0.0000e+00
 283.785966     41.621  38.116418    13.0916     5.0983     41.269    32.2025    24.2097 0.0000e+00
 283.785972     41.797  38.114560    13.0899     5.0959     41.444    32.2022    24.2097 0.0000e+00
 283.785978     41.966  38.111652    13.0893     5.0987     41.612    32.1999    24.2081 0.0000e+00
 283.785984     42.128  38.108850    13.0880     5.0948     41.772    32.1983    24.2071 0.0000e+00
 283.785990     42.285  38.106892    13.0838     5.0948     41.928    32.1999    24.2092 0.0000e+00
