data/oxygen options/OCNMS/OCNMS1/raw_data/2016/CAST_MB042_160815faed.cnv
* Sea-Bird SBE19 Data File:
* FileName = C:\2016 Mooring Data\Casts\Data\CAST_MB042_160815.hex
* Software Version 1.59
* Temperature SN = 2997
* Conductivity SN = 2997
* System UpLoad Time = Aug 15 2016 20:41:10
** CAST_MB042_160815
* ds
# nquan = 9                                 
# nvalues = 1304                        
# units = specified
# name 0 = timeJ: Julian Days
# name 1 = prSM: Pressure, Strain Gauge [db]
# name 2 = c0mS/cm: Conductivity [mS/cm]
# name 3 = t090C: Temperature [ITS-90, deg C]
# name 4 = sbeox0ML/L: Oxygen, SBE 43 [ml/l]
# name 5 = depSM: Depth [salt water, m], lat = 47.5
# name 6 = sal00: Salinity, Practical [PSU]
# name 7 = sigma-é00: Density [sigma-theta, kg/m^3]
# name 8 = flag: flag
# span 0 = 228.786331, 228.793872       
# span 1 =     -4.519,     42.596       
# span 2 =   0.016026,  37.594083       
# span 3 =     7.4673,    14.4838       
# span 4 =    -1.9167,    14.8750       
# span 5 =     -4.481,     42.236       
# span 6 =     0.0142,    33.7364       
# span 7 =    -0.8102,    26.3581       
# span 8 = 0.0000e+00, 0.0000e+00       
# interval = seconds: 0.5
# start_time = Aug 15 2016 18:52:19 [Instrument's time stamp, header]
# bad_flag = -9.990e-29
*END*
[from data line 961]
 228.791892     37.117  34.631773     7.5838     3.1167     36.804    33.6888    26.3049 -9.990e-29
 228.791898     37.007  34.646126     7.6231     3.1406     36.695    33.6662    26.2816 -9.990e-29
 228.791904     36.905  34.666666     7.6672     3.1484     36.594    33.6458    26.2592 -9.990e-29
 228.791910     36.803  34.695518     7.7114     3.1608     36.493    33.6342    26.2437 -9.990e-29
 228.791916     36.697  34.719399     7.7474     3.1795     36.387    33.6252    26.2315 -9.990e-29
 228.791921     36.579  34.734849     7.7722     3.1962     36.270    33.6179    26.2222 -9.990e-29
 228.791927     36.445  34.746020     7.7932     3.2066     36.138    33.6097    26.2127 0.0000e+00
 228.791933     36.301  34.754343     7.8157     3.2072     35.995    33.5971    26.1995 0.0000e+00
 228.791939     36.154  34.763435     7.8388     3.2157     35.849    33.5846    26.1864 0.0000e+00
 228.791944     36.012  34.773094     7.8589     3.2243     35.708    33.5757    26.1765 0.0000e+00
 228.791950     35.882  34.780512     7.8749     3.2366     35.579    33.5684    26.1684 -9.990e-29
 228.791956     35.770  34.789977     7.8892     3.2428     35.468    33.5648    26.1635 -9.990e-29
 228.791962     35.673  34.801782     7.9002     3.2370     35.372    33.5669    26.1635 -9.990e-29
 228.791968     35.580  34.808701     7.9057     3.2414     35.280    33.5691    26.1644 -9.990e-29
 228.791973     35.481  34.809874     7.9082     3.2418     35.182    33.5680    26.1632 -9.990e-29
 228.791979     35.374  34.809653     7.9103     3.2382     35.076    33.5658    26.1612 -9.990e-29
 228.791985     35.261  34.810535     7.9128     3.2425     34.964    33.5644    26.1597 -9.990e-29
 228.791991     35.144  34.813124     7.9155     3.2308     34.848    33.5646    26.1595 -9.990e-29
 228.791997     35.018  34.815823     7.9173     3.2290     34.723    33.5659    26.1602 0.0000e+00
 228.792002     34.876  34.816060     7.9178     3.2231     34.582    33.5657    26.1600 0.0000e+00
 228.792008     34.713  34.814699     7.9183     3.2153     34.420    33.5638    26.1585 0.0000e+00
 228.792014     34.537  34.814396     7.9193     3.2133     34.246    33.5626    26.1574 0.0000e+00
 228.792020     34.365  34.815296     7.9204     3.2095     34.075    33.5626    26.1572 0.0000e+00
 228.792025     34.212  34.816910     7.9216     3.2096     33.924    33.5633    26.1575 0.0000e+00
 228.792031     34.078  34.818583     7.9223     3.2095     33.791    33.5645    26.1583 0.0000e+00
 228.792037     33.949  34.819173     7.9222     3.2092     33.663    33.5652    26.1590 0.0000e+00
 228.792043     33.813  34.818898     7.9219     3.2170     33.528    33.5653    26.1591 0.0000e+00
 228.792049     33.670  34.818499     7.9220     3.2108     33.386    33.5648    26.1587 0.0000e+00
 228.792054     33.528  34.818551     7.9226     3.2168     33.245    33.5644    26.1582 0.0000e+00
 228.792060     33.395  34.819114     7.9237     3.2245     33.114    33.5640    26.1578 -9.990e-29
 228.792066     33.276  34.819809     7.9247     3.2245     32.996    33.5638    26.1575 -9.990e-29
 228.792072     33.166  34.820433     7.9254     3.2263     32.887    33.5639    26.1574 -9.990e-29
 228.792078     33.056  34.820687     7.9258     3.2205     32.777    33.5638    26.1573 -9.990e-29
 228.792083     32.928  34.820339     7.9259     3.2088     32.651    33.5634    26.1570 0.0000e+00
 228.792089     32.776  34.819472     7.9261     3.2146     32.500    33.5624    26.1561 0.0000e+00
 228.792095     32.607  34.818599     7.9264     3.2085     32.332    33.5612    26.1552 0.0000e+00
 228.792101     32.435  34.818226     7.9269     3.2085     32.162    33.5604    26.1545 0.0000e+00
 228.792106     32.270  34.818406     7.9278     3.2182     31.998    33.5598    26.1539 0.0000e+00
 228.792112     32.117  34.818809     7.9289     3.2025     31.846    33.5593    26.1533 0.0000e+00
 228.792118     31.972  34.818840     7.9296     3.2102     31.703    33.5587    26.1527 0.0000e+00
 228.792124     31.835  34.818532     7.9298     3.2098     31.567    33.5583    26.1524 0.0000e+00
 228.792130     31.707  34.818584     7.9300     3.2096     31.440    33.5582    26.1523 -9.990e-29
 228.792135     31.588  34.819054     7.9303     3.2151     31.322    33.5585    26.1524 -9.990e-29
 228.792141     31.474  34.819437     7.9307     3.2112     31.209    33.5585    26.1524 -9.990e-29
 228.792147     31.362  34.819673     7.9312     3.2191     31.098    33.5584    26.1522 -9.990e-29
 228.792153     31.255  34.820067     7.9319     3.2288     30.992    33.5582    26.1520 -9.990e-29
 228.792159     31.148  34.820573     7.9328     3.2303     30.886    33.5579    26.1516 -9.990e-29
 228.792164     31.036  34.820736     7.9335     3.2277     30.775    33.5574    26.1512 -9.990e-29
 228.792170     30.912  34.820761     7.9344     3.2218     30.652    33.5567    26.1504 -9.990e-29
 228.792176     30.771  34.821230     7.9358     3.2252     30.512    33.5559    26.1496 0.0000e+00
 228.792182     30.623  34.822199     7.9378     3.2267     30.365    33.5551    26.1487 0.0000e+00
 228.792188     30.482  34.823828     7.9404     3.2424     30.225    33.5544    26.1477 -9.990e-29
 228.792193     30.358  34.825483     7.9427     3.2442     30.102    33.5540    26.1471 -9.990e-29
 228.792199     30.242  34.826560     7.9445     3.2482     29.987    33.5535    26.1464 -9.990e-29
 228.792205     30.119  34.827364     7.9467     3.2538     29.865    33.5523    26.1452 -9.990e-29
 228.792211     29.976  34.827836     7.9500     3.2545     29.724    33.5497    26.1427 0.0000e+00
 228.792216     29.813  34.828592     7.9541     3.2537     29.562    33.5467    26.1397 0.0000e+00
 228.792222     29.645  34.830072     7.9581     3.2556     29.395    33.5445    26.1374 0.0000e+00
 228.792228     29.492  34.831998     7.9630     3.2590     29.244    33.5419    26.1346 0.0000e+00
 228.792234     29.365  34.835252     7.9688     3.2632     29.118    33.5399    26.1322 -9.990e-29
 228.792240     29.264  34.839122     7.9732     3.2701     29.018    33.5399    26.1315 -9.990e-29
 228.792245     29.175  34.840920     7.9761     3.2818     28.929    33.5390    26.1304 -9.990e-29
 228.792251     29.080  34.841354     7.9797     3.2954     28.835    33.5361    26.1276 -9.990e-29
 228.792257     28.967  34.842670     7.9867     3.3160     28.723    33.5308    26.1224 -9.990e-29
 228.792263     28.834  34.844930     7.9969     3.3369     28.591    33.5235    26.1152 0.0000e+00
 228.792269     28.685  34.847779     8.0059     3.3544     28.444    33.5180    26.1096 0.0000e+00
 228.792274     28.533  34.851087     8.0123     3.3623     28.293    33.5155    26.1066 0.0000e+00
 228.792280     28.393  34.855895     8.0219     3.3726     28.154    33.5115    26.1021 -9.990e-29
 228.792286     28.277  34.864687     8.0379     3.3767     28.039    33.5056    26.0951 -9.990e-29
 228.792292     28.188  34.875180     8.0536     3.3881     27.951    33.5018    26.0898 -9.990e-29
 228.792297     28.110  34.880635     8.0633     3.4039     27.873    33.4984    26.0857 -9.990e-29
 228.792303     28.025  34.881038     8.0702     3.4177     27.789    33.4923    26.0799 -9.990e-29
 228.792309     27.925  34.881958     8.0777     3.4251     27.690    33.4861    26.0740 -9.990e-29
 228.792315     27.812  34.885171     8.0845     3.4274     27.578    33.4831    26.0706 -9.990e-29
 228.792321     27.694  34.889911     8.0890     3.4298     27.461    33.4839    26.0705 -9.990e-29
 228.792326     27.579  34.895209     8.0922     3.4257     27.347    33.4866    26.0721 -9.990e-29
 228.792332     27.466  34.898604     8.0946     3.4239     27.235    33.4880    26.0729 -9.990e-29
 228.792338     27.353  34.899011     8.0974     3.4219     27.123    33.4858    26.0707 -9.990e-29
 228.792344     27.237  34.898644     8.1011     3.4222     27.008    33.4819    26.0671 -9.990e-29
 228.792350     27.123  34.899800     8.1047     3.4261     26.895    33.4797    26.0649 -9.990e-29
 228.792355     27.018  34.902331     8.1089     3.4223     26.791    33.4785    26.0633 -9.990e-29
 228.792361     26.918  34.905123     8.1136     3.4161     26.692    33.4770    26.0615 -9.990e-29
 228.792367     26.818  34.907410     8.1170     3.4177     26.592    33.4762    26.0604 -9.990e-29
 228.792373     26.714  34.908310     8.1191     3.4231     26.489    33.4752    26.0593 -9.990e-29
 228.792378     26.611  34.908454     8.1216     3.4246     26.387    33.4731    26.0572 -9.990e-29
 228.792384     26.512  34.909701     8.1250     3.4298     26.289    33.4712    26.0552 -9.990e-29
 228.792390     26.426  34.912586     8.1291     3.4339     26.204    33.4704    26.0540 -9.990e-29
 228.792396     26.346  34.915345     8.1324     3.4395     26.124    33.4702    26.0533 -9.990e-29
 228.792402     26.259  34.916047     8.1345     3.4474     26.038    33.4690    26.0521 -9.990e-29
 228.792407     26.151  34.915616     8.1363     3.4440     25.931    33.4669    26.0501 -9.990e-29
 228.792413     26.010  34.915704     8.1391     3.4381     25.791    33.4643    26.0477 0.0000e+00
 228.792419     25.842  34.916419     8.1428     3.4479     25.625    33.4617    26.0451 0.0000e+00
 228.792425     25.664  34.918144     8.1469     3.4478     25.448    33.4597    26.0429 0.0000e+00
 228.792431     25.495  34.921491     8.1520     3.4554     25.281    33.4584    26.0412 0.0000e+00
 228.792436     25.346  34.925315     8.1568     3.4534     25.133    33.4580    26.0401 0.0000e+00
 228.792442     25.221  34.927985     8.1600     3.4460     25.009    33.4578    26.0395 -9.990e-29
 228.792448     25.120  34.929693     8.1621     3.4517     24.909    33.4577    26.0391 -9.990e-29
 228.792454     25.041  34.931027     8.1630     3.4419     24.831    33.4583    26.0394 -9.990e-29
 228.792459     24.974  34.931515     8.1629     3.4476     24.764    33.4590    26.0400 -9.990e-29
 228.792465     24.903  34.931236     8.1634     3.4475     24.694    33.4582    26.0393 -9.990e-29
 228.792471     24.815  34.930924     8.1644     3.4535     24.606    33.4570    26.0382 -9.990e-29
 228.792477     24.711  34.930712     8.1653     3.4571     24.503    33.4559    26.0372 -9.990e-29
 228.792483     24.600  34.930865     8.1660     3.4532     24.393    33.4555    26.0368 -9.990e-29
 228.792488     24.481  34.931579     8.1664     3.4590     24.275    33.4559    26.0370 -9.990e-29
 228.792494     24.361  34.932114     8.1668     3.4572     24.156    33.4562    26.0372 -9.990e-29
 228.792500     24.240  34.932053     8.1674     3.4648     24.036    33.4556    26.0366 -9.990e-29
 228.792506     24.111  34.931865     8.1679     3.4646     23.908    33.4550    26.0361 0.0000e+00
 228.792512     23.973  34.931847     8.1682     3.4608     23.772    33.4547    26.0358 0.0000e+00
 228.792517     23.836  34.931967     8.1683     3.4589     23.636    33.4548    26.0359 0.0000e+00
 228.792523     23.707  34.932374     8.1686     3.4624     23.508    33.4550    26.0360 -9.990e-29
 228.792529     23.592  34.933038     8.1695     3.4717     23.394    33.4549    26.0358 -9.990e-29
 228.792535     23.487  34.933714     8.1706     3.4732     23.290    33.4546    26.0354 -9.990e-29
 228.792541     23.386  34.934173     8.1712     3.4790     23.190    33.4546    26.0353 -9.990e-29
 228.792546     23.286  34.934458     8.1718     3.4753     23.090    33.4544    26.0350 -9.990e-29
 228.792552     23.190  34.934937     8.1734     3.4716     22.995    33.4534    26.0340 -9.990e-29
 228.792558     23.096  34.935678     8.1756     3.4696     22.902    33.4522    26.0327 -9.990e-29
 228.792564     22.997  34.935977     8.1774     3.4731     22.804    33.4508    26.0314 -9.990e-29
 228.792569     22.889  34.935661     8.1789     3.4747     22.697    33.4491    26.0298 -9.990e-29
 228.792575     22.763  34.935979     8.1810     3.4827     22.572    33.4475    26.0282 0.0000e+00
 228.792581     22.620  34.937345     8.1834     3.4823     22.430    33.4467    26.0273 0.0000e+00
 228.792587     22.473  34.939328     8.1858     3.4786     22.284    33.4466    26.0268 0.0000e+00
 228.792593     22.333  34.941765     8.1875     3.4842     22.145    33.4476    26.0274 0.0000e+00
 228.792598     22.205  34.943414     8.1882     3.4902     22.018    33.4488    26.0282 -9.990e-29
 228.792604     22.084  34.943665     8.1884     3.4844     21.899    33.4489    26.0283 -9.990e-29
 228.792610     21.963  34.943778     8.1894     3.4882     21.779    33.4481    26.0275 -9.990e-29
 228.792616     21.839  34.944458     8.1915     3.4765     21.656    33.4469    26.0262 -9.990e-29
 228.792622     21.716  34.945866     8.1935     3.4803     21.534    33.4466    26.0256 -9.990e-29
 228.792627     21.604  34.947645     8.1947     3.4839     21.423    33.4474    26.0261 -9.990e-29
 228.792633     21.505  34.948628     8.1957     3.4899     21.324    33.4475    26.0260 -9.990e-29
 228.792639     21.415  34.949011     8.1971     3.4932     21.235    33.4466    26.0251 -9.990e-29
 228.792645     21.338  34.949868     8.1987     3.4894     21.159    33.4460    26.0245 -9.990e-29
 228.792650     21.270  34.951229     8.2001     3.4867     21.091    33.4462    26.0244 -9.990e-29
 228.792656     21.201  34.952115     8.2009     3.4826     21.023    33.4464    26.0244 -9.990e-29
 228.792662     21.118  34.952033     8.2014     3.4901     20.941    33.4459    26.0239 -9.990e-29
 228.792668     21.008  34.952001     8.2020     3.4989     20.832    33.4453    26.0234 -9.990e-29
 228.792674     20.877  34.952540     8.2027     3.5078     20.702    33.4453    26.0233 0.0000e+00
 228.792679     20.738  34.953255     8.2031     3.5150     20.564    33.4457    26.0235 0.0000e+00
 228.792685     20.598  34.953988     8.2036     3.5191     20.425    33.4461    26.0238 0.0000e+00
 228.792691     20.462  34.955164     8.2048     3.5308     20.290    33.4463    26.0237 0.0000e+00
 228.792697     20.330  34.957796     8.2078     3.5361     20.159    33.4463    26.0233 0.0000e+00
 228.792703     20.202  34.962040     8.2138     3.5395     20.032    33.4451    26.0215 0.0000e+00
 228.792708     20.074  34.966282     8.2208     3.5415     19.905    33.4430    26.0188 0.0000e+00
 228.792714     19.942  34.967785     8.2272     3.5493     19.775    33.4386    26.0143 0.0000e+00
 228.792720     19.807  34.967441     8.2344     3.5629     19.641    33.4314    26.0076 0.0000e+00
 228.792726     19.672  34.968718     8.2422     3.5760     19.507    33.4254    26.0018 0.0000e+00
 228.792731     19.546  34.971647     8.2487     3.5874     19.382    33.4224    25.9984 -9.990e-29
 228.792737     19.430  34.974541     8.2530     3.5947     19.267    33.4214    25.9970 -9.990e-29
 228.792743     19.317  34.975666     8.2569     3.6020     19.155    33.4190    25.9945 -9.990e-29
 228.792749     19.198  34.974849     8.2621     3.6092     19.037    33.4132    25.9892 -9.990e-29
 228.792755     19.071  34.973806     8.2674     3.6160     18.911    33.4071    25.9836 0.0000e+00
 228.792760     18.941  34.973393     8.2717     3.6244     18.782    33.4027    25.9795 0.0000e+00
 228.792766     18.812  34.973628     8.2747     3.6330     18.654    33.4001    25.9770 0.0000e+00
 228.792772     18.680  34.974271     8.2776     3.6404     18.523    33.3981    25.9750 0.0000e+00
 228.792778     18.541  34.975065     8.2819     3.6474     18.385    33.3949    25.9719 0.0000e+00
 228.792784     18.399  34.975957     8.2878     3.6463     18.245    33.3903    25.9674 0.0000e+00
 228.792789     18.258  34.977023     8.2950     3.6437     18.105    33.3847    25.9619 0.0000e+00
 228.792795     18.122  34.978570     8.3035     3.6496     17.970    33.3783    25.9556 -9.990e-29
 228.792801     17.999  34.981549     8.3140     3.6514     17.848    33.3716    25.9487 -9.990e-29
 228.792807     17.894  34.986022     8.3239     3.6630     17.744    33.3669    25.9436 -9.990e-29
