data/oxygen options/OCNMS/OCNMS1/raw_data/2016/CAST_CA042_160823faedb.cnv
* Sea-Bird SBE19 Data File:
* FileName = C:\2016 Mooring Data\Casts\Data\CAST_CA042_160823.hex
* Software Version 1.59
* Temperature SN = 2997
* Conductivity SN = 2997
* System UpLoad Time = Aug 23 2016 20:04:22
** CAST_CA042_160823
* ds
# nquan = 9
# nvalues = 41                          
# units = specified
# name 0 = timeJ: Julian Days
# name 1 = prSM: Pressure, Strain Gauge [db]
# name 2 = c0mS/cm: Conductivity [mS/cm]
# name 3 = t090C: Temperature [ITS-90, deg C]
# name 4 = sbeox0ML/L: Oxygen, SBE 43 [ml/l]
# name 5 = depSM: Depth [salt water, m], lat = 47.5
# name 6 = sal00: Salinity, Practical [PSU]
# name 7 = sigma-é00: Density [sigma-theta, kg/m^3]
# name 8 = flag: flag
# span 0 = 236.782675, 236.783766       
# span 1 =      2.000,     42.000       
# span 2 =  34.768014,  37.147038       
# span 3 =     7.7748,    11.4558       
# span 4 =     3.0243,     6.9535       
# span 5 =      1.983,     41.645       
# span 6 =    32.7057,    33.6493       
# span 7 =    24.9076,    26.2466       
# span 8 = 0.0000e+00, 0.0000e+00       
# interval = decibars: 1                
# start_time = Aug 23 2016 18:40:59 [Instrument's time stamp, header]
# bad_flag = -9.990e-29
*END*
 236.782675      2.000  37.147038    11.4558     6.9535      1.983    32.7057    24.9076 0.0000e+00
 236.782707      3.000  36.605356    10.6168     5.8421      2.975    32.9189    25.2220 0.0000e+00
 236.782734      4.000  36.213958     9.9957     5.7157      3.967    33.0884    25.4602 0.0000e+00
 236.782761      5.000  36.117589     9.8254     5.5034      4.958    33.1462    25.5337 0.0000e+00
 236.782788      6.000  36.010440     9.6247     5.3004      5.950    33.2214    25.6255 0.0000e+00
 236.782817      7.000  35.909596     9.4703     5.2910      6.941    33.2604    25.6812 0.0000e+00
 236.782845      8.000  35.897518     9.4475     5.2707      7.933    33.2687    25.6914 0.0000e+00
 236.782872      9.000  35.899009     9.4387     5.2518      8.925    33.2780    25.7001 0.0000e+00
 236.782902     10.000  35.920152     9.4602     5.2349      9.916    33.2793    25.6976 0.0000e+00
 236.782928     11.000  35.904192     9.4310     5.0945     10.908    33.2896    25.7104 0.0000e+00
 236.782954     12.000  35.867361     9.4017     5.0467     11.899    33.2784    25.7064 0.0000e+00
 236.782985     13.000  35.857819     9.3726     4.9476     12.891    33.2951    25.7242 0.0000e+00
 236.783010     14.000  35.812867     9.2875     4.9429     13.883    33.3276    25.7632 0.0000e+00
 236.783034     15.000  35.789110     9.2532     4.9289     14.874    33.3345    25.7742 0.0000e+00
 236.783061     16.000  35.776873     9.2355     4.8996     15.866    33.3380    25.7797 0.0000e+00
 236.783087     17.000  35.757768     9.2015     4.8507     16.857    33.3495    25.7942 0.0000e+00
 236.783112     18.000  35.732303     9.1697     4.8498     17.849    33.3523    25.8015 0.0000e+00
 236.783141     19.000  35.732785     9.1681     4.8613     18.840    33.3539    25.8030 0.0000e+00
 236.783167     20.000  35.738400     9.1728     4.8735     19.832    33.3549    25.8030 0.0000e+00
 236.783196     21.000  35.747367     9.1787     4.8575     20.824    33.3582    25.8047 0.0000e+00
 236.783225     22.000  35.746865     9.1767     4.8592     21.815    33.3591    25.8058 0.0000e+00
 236.783254     23.000  35.749071     9.1746     4.8491     22.807    33.3629    25.8091 0.0000e+00
 236.783285     24.000  35.750738     9.1738     4.8487     23.798    33.3649    25.8108 0.0000e+00
 236.783316     25.000  35.747580     9.1678     4.8314     24.790    33.3668    25.8132 0.0000e+00
 236.783347     26.000  35.745653     9.1586     4.8044     25.781    33.3730    25.8196 0.0000e+00
 236.783378     27.000  35.734215     9.1462     4.7776     26.773    33.3722    25.8209 0.0000e+00
 236.783407     28.000  35.718512     9.1300     4.7069     27.765    33.3706    25.8223 0.0000e+00
 236.783436     29.000  35.689576     9.0857     4.6051     28.756    33.3816    25.8379 0.0000e+00
 236.783463     30.000  35.635367     9.0235     4.5392     29.747    33.3832    25.8489 0.0000e+00
 236.783492     31.000  35.606827     8.9814     4.3655     30.739    33.3925    25.8629 0.0000e+00
 236.783516     32.000  35.533790     8.8872     4.3687     31.731    33.4043    25.8870 0.0000e+00
 236.783542     33.000  35.515196     8.8604     3.9100     32.722    33.4098    25.8954 0.0000e+00
 236.783566     34.000  35.396374     8.6335     3.3979     33.713    33.4991    26.0004 0.0000e+00
 236.783588     35.000  35.088666     8.3347     3.3577     34.705    33.4574    26.0132 0.0000e+00
 236.783614     36.000  35.044360     8.1901     3.0725     35.696    33.5479    26.1059 0.0000e+00
 236.783638     37.000  34.843748     7.9216     3.0321     36.688    33.5907    26.1791 0.0000e+00
 236.783664     38.000  34.794631     7.8381     3.0328     37.680    33.6179    26.2126 0.0000e+00
 236.783689     39.000  34.772293     7.7923     3.0471     38.671    33.6376    26.2348 0.0000e+00
 236.783714     40.000  34.771865     7.7867     3.0319     39.663    33.6421    26.2391 0.0000e+00
 236.783738     41.000  34.768014     7.7748     3.0280     40.654    33.6490    26.2462 0.0000e+00
 236.783766     42.000  34.768784     7.7748     3.0243     41.645    33.6493    26.2466 0.0000e+00
