data/oxygen options/OCNMS/OCNMS1/raw_data/2016/CAST_CA015_160628faed.cnv
* Sea-Bird SBE19 Data File:
* FileName = C:\2016 Mooring Data\Casts\Data\CAST_CA015_160628.hex
* Software Version 1.59
* Temperature SN = 2997
* Conductivity SN = 2997
* System UpLoad Time = Jun 28 2016 18:01:18
** CAST_CA015_160628
* ds
# nquan = 9                                 
# nvalues = 812                         
# units = specified
# name 0 = timeJ: Julian Days
# name 1 = prSM: Pressure, Strain Gauge [db]
# name 2 = c0mS/cm: Conductivity [mS/cm]
# name 3 = t090C: Temperature [ITS-90, deg C]
# name 4 = sbeox0ML/L: Oxygen, SBE 43 [ml/l]
# name 5 = depSM: Depth [salt water, m], lat = 47.5
# name 6 = sal00: Salinity, Practical [PSU]
# name 7 = sigma-é00: Density [sigma-theta, kg/m^3]
# name 8 = flag: flag
# span 0 = 180.740891, 180.745584       
# span 1 =     -5.269,     16.359       
# span 2 =   0.369661,  37.982164       
# span 3 =     8.0798,    13.1884       
# span 4 =    -1.9666,    15.5029       
# span 5 =     -5.225,     16.222       
# span 6 =     0.2343,    33.5207       
# span 7 =    -0.4592,    26.1004       
# span 8 = 0.0000e+00, 0.0000e+00       
# interval = seconds: 0.5
# start_time = Jun 28 2016 17:46:53 [Instrument's time stamp, header]
# bad_flag = -9.990e-29
*END*
[from data line 161]
 180.741823     -1.843   0.378102    13.1027    -1.9493     -1.828     0.2376    -0.4489 -9.990e-29
 180.741829     -1.837   0.378139    13.1003    -1.9499     -1.822     0.2377    -0.4486 -9.990e-29
 180.741834     -1.828   0.379011    13.1030    -1.9504     -1.813     0.2382    -0.4485 -9.990e-29
 180.741840     -1.817   0.380212    13.1086    -1.9507     -1.802     0.2390    -0.4486 -9.990e-29
 180.741846     -1.803   0.381124    13.1139    -1.9508     -1.788     0.2395    -0.4489 -9.990e-29
 180.741852     -1.785   0.381295    13.1161    -1.9509     -1.770     0.2396    -0.4491 -9.990e-29
 180.741858     -1.766   0.380953    13.1145    -1.9509     -1.751     0.2394    -0.4490 -9.990e-29
 180.741863     -1.750   0.380752    13.1107    -1.9510     -1.735     0.2393    -0.4486 -9.990e-29
 180.741869     -1.735   0.380980    13.1062    -1.9515     -1.721     0.2395    -0.4479 -9.990e-29
 180.741875     -1.720   0.381384    13.0996    -1.9521     -1.706     0.2398    -0.4468 -9.990e-29
 180.741881     -1.705   0.381391    13.0903    -1.9533     -1.691     0.2398    -0.4456 -9.990e-29
 180.741887     -1.693   0.381010    13.0809    -1.9543     -1.679     0.2396    -0.4445 -9.990e-29
 180.741892     -1.686   0.380845    13.0737    -1.9546     -1.672     0.2396    -0.4437 -9.990e-29
 180.741898     -1.681   0.381228    13.0691    -1.9542     -1.667     0.2398    -0.4429 -9.990e-29
 180.741904     -1.673   0.382116    13.0660    -1.9539     -1.659     0.2404    -0.4420 -9.990e-29
 180.741910     -1.666   0.383025    13.0627    -1.9535     -1.652     0.2410    -0.4411 -9.990e-29
 180.741916     -1.659   0.383501    13.0570    -1.9530     -1.645     0.2414    -0.4401 -9.990e-29
 180.741921     -1.648   0.383624    13.0470    -1.9525     -1.634     0.2415    -0.4387 -9.990e-29
 180.741927     -1.636   0.383557    13.0320    -1.9529     -1.622     0.2416    -0.4368 -9.990e-29
 180.741933     -1.626   0.383211    13.0140    -1.9536     -1.612     0.2415    -0.4346 -9.990e-29
 180.741939     -1.619   0.382679    12.9986    -1.9546     -1.605     0.2412    -0.4328 -9.990e-29
 180.741944     -1.612   0.382362    12.9915    -1.9547     -1.599     0.2410    -0.4320 -9.990e-29
 180.741950     -1.607   0.382390    12.9928    -1.9544     -1.594     0.2411    -0.4322 -9.990e-29
 180.741956     -1.603   0.382801    12.9988    -1.9540     -1.590     0.2413    -0.4328 -9.990e-29
 180.741962     -1.599   0.383588    13.0069    -1.9537     -1.586     0.2417    -0.4334 -9.990e-29
 180.741968     -1.595   0.384133    13.0148    -1.9537     -1.582     0.2421    -0.4342 -9.990e-29
 180.741973     -1.592   0.384053    13.0182    -1.9538     -1.579     0.2420    -0.4347 -9.990e-29
 180.741979     -1.588   0.383794    13.0135    -1.9543     -1.575     0.2418    -0.4342 -9.990e-29
 180.741985     -1.584   0.383567    13.0023    -1.9543     -1.571     0.2418    -0.4328 -9.990e-29
 180.741991     -1.579   0.383069    12.9910    -1.9542     -1.566     0.2415    -0.4316 -9.990e-29
 180.741997     -1.574   0.382190    12.9859    -1.9538     -1.561     0.2410    -0.4314 -9.990e-29
 180.742002     -1.567   0.381422    12.9877    -1.9536     -1.554     0.2405    -0.4320 -9.990e-29
 180.742008     -1.558   0.381408    12.9929    -1.9532     -1.545     0.2404    -0.4327 -9.990e-29
 180.742014     -1.542   0.382129    12.9978    -1.9533     -1.529     0.2409    -0.4330 -9.990e-29
 180.742020     -1.515   0.382878    12.9995    -1.9542     -1.502     0.2413    -0.4328 -9.990e-29
 180.742025     -1.482   0.382988    12.9974    -1.9546     -1.470     0.2414    -0.4325 -9.990e-29
 180.742031     -1.455   0.382607    12.9938    -1.9549     -1.443     0.2412    -0.4322 -9.990e-29
 180.742037     -1.437   0.382334    12.9924    -1.9549     -1.425     0.2410    -0.4321 -9.990e-29
 180.742043     -1.421   0.382360    12.9947    -1.9553     -1.409     0.2410    -0.4324 -9.990e-29
 180.742049     -1.402   0.382721    12.9993    -1.9560     -1.390     0.2412    -0.4329 -9.990e-29
 180.742054     -1.385   0.383342    13.0041    -1.9559     -1.373     0.2416    -0.4332 -9.990e-29
 180.742060     -1.371   0.383942    13.0066    -1.9556     -1.360     0.2420    -0.4332 -9.990e-29
 180.742066     -1.359   0.384207    13.0032    -1.9551     -1.348     0.2422    -0.4326 -9.990e-29
 180.742072     -1.351   0.383935    12.9941    -1.9543     -1.340     0.2420    -0.4316 -9.990e-29
 180.742078     -1.343   0.383319    12.9847    -1.9537     -1.332     0.2417    -0.4306 -9.990e-29
 180.742083     -1.337   0.382647    12.9779    -1.9532     -1.326     0.2413    -0.4301 -9.990e-29
 180.742089     -1.332   0.382133    12.9723    -1.9535     -1.321     0.2410    -0.4296 -9.990e-29
 180.742095     -1.327   0.381646    12.9654    -1.9538     -1.316     0.2407    -0.4289 -9.990e-29
 180.742101     -1.322   0.381094    12.9593    -1.9537     -1.311     0.2404    -0.4284 -9.990e-29
 180.742106     -1.317   0.380850    12.9586    -1.9538     -1.306     0.2403    -0.4284 -9.990e-29
 180.742112     -1.311   0.381142    12.9642    -1.9548     -1.300     0.2404    -0.4290 -9.990e-29
 180.742118     -1.305   0.381804    12.9746    -1.9560     -1.294     0.2408    -0.4301 -9.990e-29
 180.742124     -1.297   0.382608    12.9874    -1.9571     -1.286     0.2412    -0.4313 -9.990e-29
 180.742130     -1.287   0.383516    12.9992    -1.9575     -1.276     0.2417    -0.4324 -9.990e-29
 180.742135     -1.279   0.384070    13.0058    -1.9577     -1.268     0.2421    -0.4330 -9.990e-29
 180.742141     -1.277   0.383898    13.0059    -1.9576     -1.266     0.2420    -0.4331 -9.990e-29
 180.742147     -1.276   0.383325    13.0029    -1.9573     -1.265     0.2416    -0.4330 -9.990e-29
 180.742153     -1.272   0.382699    12.9989    -1.9574     -1.261     0.2412    -0.4328 -9.990e-29
 180.742159     -1.264   0.382294    12.9901    -1.9582     -1.253     0.2410    -0.4319 -9.990e-29
 180.742164     -1.253   0.382124    12.9737    -1.9587     -1.243     0.2410    -0.4298 -9.990e-29
 180.742170     -1.237   0.381962    12.9532    -1.9589     -1.227     0.2410    -0.4272 -9.990e-29
 180.742176     -1.216   0.381592    12.9353    -1.9591     -1.206     0.2409    -0.4250 -9.990e-29
 180.742182     -1.192   0.381077    12.9237    -1.9591     -1.182     0.2406    -0.4237 -9.990e-29
 180.742188     -1.172   0.380837    12.9181    -1.9588     -1.162     0.2405    -0.4231 -9.990e-29
 180.742193     -1.155   0.381110    12.9168    -1.9587     -1.145     0.2407    -0.4228 -9.990e-29
 180.742199     -1.136   0.381702    12.9165    -1.9588     -1.127     0.2411    -0.4225 -9.990e-29
 180.742205     -1.118   0.382292    12.9120    -1.9593     -1.109     0.2415    -0.4216 -9.990e-29
 180.742211     -1.104   0.382557    12.9030    -1.9600     -1.095     0.2417    -0.4203 -9.990e-29
 180.742216     -1.093   0.382294    12.8941    -1.9602     -1.084     0.2416    -0.4193 -9.990e-29
 180.742222     -1.084   0.381708    12.8880    -1.9606     -1.075     0.2412    -0.4188 -9.990e-29
 180.742228     -1.077   0.381125    12.8847    -1.9607     -1.068     0.2409    -0.4186 -9.990e-29
 180.742234     -1.071   0.380878    12.8842    -1.9608     -1.062     0.2407    -0.4187 -9.990e-29
 180.742240     -1.066   0.381194    12.8855    -1.9603     -1.057     0.2409    -0.4187 -9.990e-29
 180.742245     -1.062   0.381939    12.8860    -1.9598     -1.053     0.2414    -0.4184 -9.990e-29
 180.742251     -1.058   0.382439    12.8827    -1.9593     -1.049     0.2417    -0.4177 -9.990e-29
 180.742257     -1.054   0.382249    12.8747    -1.9588     -1.045     0.2417    -0.4167 -9.990e-29
 180.742263     -1.051   0.381671    12.8648    -1.9589     -1.042     0.2414    -0.4157 -9.990e-29
 180.742269     -1.046   0.381044    12.8567    -1.9595     -1.037     0.2410    -0.4150 -9.990e-29
 180.742274     -1.042   0.380643    12.8510    -1.9603     -1.033     0.2408    -0.4145 -9.990e-29
 180.742280     -1.036   0.380487    12.8483    -1.9602     -1.027     0.2407    -0.4142 -9.990e-29
 180.742286     -1.029   0.380368    12.8499    -1.9602     -1.020     0.2406    -0.4145 -9.990e-29
 180.742292     -1.025   0.380125    12.8560    -1.9604     -1.016     0.2404    -0.4154 -9.990e-29
 180.742297     -1.027   0.379989    12.8648    -1.9609     -1.018     0.2403    -0.4166 -9.990e-29
 180.742303     -1.032   0.380336    12.8738    -1.9611     -1.023     0.2404    -0.4176 -9.990e-29
 180.742309     -1.035   0.380887    12.8796    -1.9616     -1.026     0.2408    -0.4181 -9.990e-29
 180.742315     -1.036   0.381266    12.8786    -1.9614     -1.027     0.2410    -0.4177 -9.990e-29
 180.742321     -1.037   0.381236    12.8709    -1.9608     -1.028     0.2410    -0.4168 -9.990e-29
 180.742326     -1.036   0.380759    12.8620    -1.9601     -1.027     0.2408    -0.4158 -9.990e-29
 180.742332     -1.034   0.380122    12.8568    -1.9595     -1.025     0.2404    -0.4155 -9.990e-29
 180.742338     -1.031   0.379587    12.8534    -1.9591     -1.022     0.2401    -0.4153 -9.990e-29
 180.742344     -1.026   0.379549    12.8485    -1.9587     -1.017     0.2401    -0.4147 -9.990e-29
 180.742350     -1.019   0.379958    12.8420    -1.9593     -1.010     0.2404    -0.4136 -9.990e-29
 180.742355     -1.010   0.380247    12.8362    -1.9600     -1.002     0.2406    -0.4127 -9.990e-29
 180.742361     -0.997   0.380246    12.8335    -1.9606     -0.989     0.2406    -0.4124 -9.990e-29
 180.742367     -0.986   0.379953    12.8367    -1.9607     -0.978     0.2404    -0.4130 -9.990e-29
 180.742373     -0.982   0.379533    12.8457    -1.9607     -0.974     0.2401    -0.4143 -9.990e-29
 180.742378     -0.987   0.379535    12.8575    -1.9610     -0.979     0.2400    -0.4159 -9.990e-29
 180.742384     -0.992   0.379963    12.8687    -1.9617     -0.984     0.2402    -0.4171 -9.990e-29
 180.742390     -0.992   0.380275    12.8769    -1.9625     -0.984     0.2404    -0.4180 -9.990e-29
 180.742396     -0.989   0.380332    12.8790    -1.9628     -0.981     0.2404    -0.4183 -9.990e-29
 180.742402     -0.981   0.380209    12.8734    -1.9627     -0.973     0.2404    -0.4176 -9.990e-29
 180.742407     -0.968   0.379741    12.8632    -1.9623     -0.960     0.2401    -0.4165 -9.990e-29
 180.742413     -0.955   0.378861    12.8536    -1.9618     -0.947     0.2396    -0.4157 -9.990e-29
 180.742419     -0.943   0.378059    12.8472    -1.9619     -0.935     0.2391    -0.4153 -9.990e-29
 180.742425     -0.928   0.377932    12.8418    -1.9629     -0.920     0.2391    -0.4146 -9.990e-29
 180.742431     -0.910   0.378310    12.8338    -1.9636     -0.902     0.2394    -0.4134 -9.990e-29
 180.742436     -0.891   0.378586    12.8227    -1.9636     -0.884     0.2396    -0.4118 -9.990e-29
 180.742442     -0.869   0.378573    12.8118    -1.9631     -0.862     0.2397    -0.4104 -9.990e-29
 180.742448     -0.849   0.378251    12.8057    -1.9624     -0.842     0.2395    -0.4098 -9.990e-29
 180.742454     -0.833   0.377747    12.8061    -1.9618     -0.826     0.2392    -0.4101 -9.990e-29
 180.742459     -0.820   0.377500    12.8103    -1.9611     -0.813     0.2390    -0.4108 -9.990e-29
 180.742465     -0.809   0.377733    12.8133    -1.9605     -0.802     0.2391    -0.4110 -9.990e-29
 180.742471     -0.799   0.378202    12.8097    -1.9598     -0.792     0.2394    -0.4103 -9.990e-29
 180.742477     -0.790   0.378422    12.7997    -1.9593     -0.783     0.2396    -0.4089 -9.990e-29
 180.742483     -0.781   0.378130    12.7912    -1.9590     -0.774     0.2395    -0.4080 -9.990e-29
 180.742488     -0.772   0.377493    12.7908    -1.9598     -0.766     0.2391    -0.4082 -9.990e-29
 180.742494     -0.766   0.376771    12.7981    -1.9608     -0.760     0.2386    -0.4096 -9.990e-29
 180.742500     -0.767   0.376111    12.8097    -1.9616     -0.761     0.2381    -0.4114 -9.990e-29
 180.742506     -0.771   0.375743    12.8234    -1.9622     -0.765     0.2378    -0.4134 -9.990e-29
 180.742512     -0.774   0.375730    12.8374    -1.9623     -0.768     0.2377    -0.4152 -9.990e-29
 180.742517     -0.776   0.376054    12.8509    -1.9622     -0.770     0.2378    -0.4168 -9.990e-29
 180.742523     -0.778   0.376593    12.8632    -1.9617     -0.772     0.2381    -0.4181 -9.990e-29
 180.742529     -0.779   0.376953    12.8715    -1.9611     -0.773     0.2383    -0.4190 -9.990e-29
 180.742535     -0.779   0.377061    12.8716    -1.9607     -0.773     0.2383    -0.4190 -9.990e-29
 180.742541     -0.779   0.377059    12.8615    -1.9603     -0.773     0.2384    -0.4176 -9.990e-29
 180.742546     -0.778   0.376945    12.8458    -1.9597     -0.772     0.2384    -0.4157 -9.990e-29
 180.742552     -0.777   0.376567    12.8308    -1.9590     -0.771     0.2382    -0.4139 -9.990e-29
 180.742558     -0.775   0.375974    12.8204    -1.9586     -0.769     0.2379    -0.4129 -9.990e-29
 180.742564     -0.773   0.375486    12.8166    -1.9590     -0.767     0.2376    -0.4126 -9.990e-29
 180.742569     -0.769   0.375007    12.8193    -1.9598     -0.763     0.2373    -0.4132 -9.990e-29
 180.742575     -0.765   0.374452    12.8270    -1.9600     -0.759     0.2369    -0.4145 -9.990e-29
 180.742581     -0.759   0.374192    12.8372    -1.9604     -0.753     0.2367    -0.4159 -9.990e-29
 180.742587     -0.751   0.374434    12.8477    -1.9605     -0.745     0.2368    -0.4172 -9.990e-29
 180.742593     -0.745   0.374947    12.8583    -1.9605     -0.739     0.2370    -0.4183 -9.990e-29
 180.742598     -0.745   0.375303    12.8696    -1.9600     -0.739     0.2372    -0.4196 -9.990e-29
 180.742604     -0.747   0.375421    12.8797    -1.9594     -0.741     0.2372    -0.4208 -9.990e-29
 180.742610     -0.746   0.375459    12.8842    -1.9588     -0.740     0.2372    -0.4214 -9.990e-29
 180.742616     -0.743   0.375467    12.8804    -1.9585     -0.737     0.2372    -0.4209 -9.990e-29
 180.742622     -0.736   0.375453    12.8720    -1.9582     -0.730     0.2373    -0.4198 -9.990e-29
 180.742627     -0.731   0.375401    12.8642    -1.9585     -0.725     0.2373    -0.4188 -9.990e-29
 180.742633     -0.731   0.375239    12.8588    -1.9593     -0.725     0.2372    -0.4182 -9.990e-29
 180.742639     -0.732   0.374751    12.8566    -1.9600     -0.726     0.2369    -0.4182 -9.990e-29
 180.742645     -0.729   0.373839    12.8592    -1.9601     -0.723     0.2363    -0.4190 -9.990e-29
 180.742650     -0.722   0.372955    12.8668    -1.9597     -0.716     0.2357    -0.4204 -9.990e-29
 180.742656     -0.711   0.372585    12.8775    -1.9600     -0.705     0.2354    -0.4220 -9.990e-29
 180.742662     -0.700   0.372791    12.8875    -1.9604     -0.694     0.2355    -0.4232 -9.990e-29
 180.742668     -0.692   0.373290    12.8944    -1.9606     -0.686     0.2357    -0.4238 -9.990e-29
 180.742674     -0.682   0.373637    12.8966    -1.9605     -0.676     0.2360    -0.4240 -9.990e-29
 180.742679     -0.665   0.373741    12.8921    -1.9598     -0.659     0.2360    -0.4233 -9.990e-29
 180.742685     -0.645   0.373739    12.8820    -1.9592     -0.640     0.2361    -0.4220 -9.990e-29
 180.742691     -0.629   0.373628    12.8724    -1.9589     -0.624     0.2361    -0.4208 -9.990e-29
 180.742697     -0.616   0.373260    12.8681    -1.9590     -0.611     0.2359    -0.4204 -9.990e-29
 180.742703     -0.600   0.372698    12.8666    -1.9594     -0.595     0.2355    -0.4205 -9.990e-29
 180.742708     -0.586   0.372303    12.8634    -1.9605     -0.581     0.2353    -0.4203 -9.990e-29
 180.742714     -0.575   0.372102    12.8589    -1.9613     -0.570     0.2352    -0.4198 -9.990e-29
 180.742720     -0.568   0.371828    12.8571    -1.9621     -0.563     0.2350    -0.4197 -9.990e-29
 180.742726     -0.565   0.371669    12.8607    -1.9625     -0.560     0.2349    -0.4203 -9.990e-29
 180.742731     -0.564   0.371969    12.8690    -1.9633     -0.559     0.2350    -0.4212 -9.990e-29
 180.742737     -0.566   0.372571    12.8774    -1.9641     -0.561     0.2354    -0.4220 -9.990e-29
