data/oxygen options/OCNMS/OCNMS1/raw_data/2016/CAST_CA042_161009faed.cnv
* Sea-Bird SBE19 Data File:
* FileName = C:\2016 Mooring Data\Casts\Data\CAST_CA042_161009.hex
* Software Version 1.59
* Temperature SN = 2997
* Conductivity SN = 2997
* System UpLoad Time = Oct 09 2016 19:18:43
** CAST_CA042_161009
* ds
# nquan = 9                                 
# nvalues = 1157                        
# units = specified
# name 0 = timeJ: Julian Days
# name 1 = prSM: Pressure, Strain Gauge [db]
# name 2 = c0mS/cm: Conductivity [mS/cm]
# name 3 = t090C: Temperature [ITS-90, deg C]
# name 4 = sbeox0ML/L: Oxygen, SBE 43 [ml/l]
# name 5 = depSM: Depth [salt water, m], lat = 47.5
# name 6 = sal00: Salinity, Practical [PSU]
# name 7 = sigma-é00: Density [sigma-theta, kg/m^3]
# name 8 = flag: flag
# span 0 = 283.781366, 283.788056       
# span 1 =     -4.464,     44.145       
# span 2 =   0.469374,  38.536718       
# span 3 =    12.2522,    13.6956       
# span 4 =    -1.9838,    11.9007       
# span 5 =     -4.427,     43.772       
# span 6 =     0.3026,    32.2180       
# span 7 =    -0.3125,    24.2328       
# span 8 = 0.0000e+00, 0.0000e+00       
# interval = seconds: 0.5
# start_time = Oct 09 2016 18:45:10 [Instrument's time stamp, header]
# bad_flag = -9.990e-29
*END*
[from data line 1121]
 283.787853      5.732  36.076707    13.4212     5.6412      5.684    30.0444    22.4758 0.0000e+00
 283.787859      5.591  36.067458    13.4252     5.6256      5.544    30.0327    22.4661 0.0000e+00
 283.787865      5.440  36.058870    13.4287     5.6313      5.395    30.0221    22.4572 0.0000e+00
 283.787870      5.283  36.052376    13.4308     5.6345      5.239    30.0145    22.4509 0.0000e+00
 283.787876      5.131  36.046601    13.4320     5.6444      5.088    30.0083    22.4458 0.0000e+00
 283.787882      4.992  36.043370    13.4326     5.6489      4.950    30.0049    22.4431 0.0000e+00
 283.787888      4.862  36.045098    13.4326     5.6626      4.821    30.0065    22.4443 0.0000e+00
 283.787894      4.731  36.047928    13.4324     5.6705      4.691    30.0093    22.4466 0.0000e+00
 283.787899      4.592  36.048354    13.4326     5.6854      4.554    30.0096    22.4467 0.0000e+00
 283.787905      4.440  36.044700    13.4338     5.6851      4.403    30.0054    22.4432 0.0000e+00
 283.787911      4.278  36.037138    13.4359     5.6949      4.242    29.9968    22.4362 0.0000e+00
 283.787917      4.114  36.029028    13.4384     5.6793      4.080    29.9874    22.4284 0.0000e+00
 283.787922      3.953  36.021320    13.4412     5.6807      3.920    29.9781    22.4207 0.0000e+00
 283.787928      3.802  36.011021    13.4447     5.6857      3.770    29.9659    22.4106 0.0000e+00
 283.787934      3.665  35.998965    13.4477     5.6881      3.634    29.9525    22.3996 0.0000e+00
 283.787940      3.538  35.991483    13.4487     5.6982      3.508    29.9448    22.3935 0.0000e+00
 283.787946      3.412  35.990362    13.4485     5.6925      3.383    29.9440    22.3929 0.0000e+00
 283.787951      3.279  35.990748    13.4482     5.7007      3.252    29.9446    22.3935 0.0000e+00
 283.787957      3.135  35.989795    13.4484     5.6994      3.109    29.9436    22.3927 0.0000e+00
 283.787963      2.984  35.988475    13.4495     5.7094      2.959    29.9416    22.3909 0.0000e+00
 283.787969      2.834  35.986146    13.4514     5.7025      2.810    29.9380    22.3877 0.0000e+00
 283.787975      2.687  35.982507    13.4533     6.6462      2.665    29.9332    22.3836 0.0000e+00
 283.787980      2.543  35.979988    13.4543     6.7323      2.522    29.9302    22.3811 0.0000e+00
 283.787986      2.400  35.978593    13.4548     6.5565      2.380    29.9286    22.3797 0.0000e+00
 283.787992      2.260  35.974782    13.4560     6.3335      2.241    29.9241    22.3761 0.0000e+00
 283.787998      2.124  35.964035    13.4580     5.6781      2.106    29.9127    22.3669 0.0000e+00
 283.788003      1.999  35.936502    13.4598 -9.990e-29      1.982    29.8859    22.3458 -9.990e-29
 283.788009      1.884  35.857716    13.4606 -9.990e-29      1.868    29.8126    22.2890 -9.990e-29
 283.788015      1.780  35.621510    13.4605 -9.990e-29      1.765    29.5948    22.1209 -9.990e-29
 283.788021      1.686  34.912942    13.4580 -9.990e-29      1.672    28.9444    21.6192 -9.990e-29
 283.788027      1.595  32.787818    13.4447 -9.990e-29      1.582    27.0090    20.1284 -9.990e-29
 283.788032      1.510  26.410957    13.4065 -9.990e-29      1.497    21.3021    15.7376 -9.990e-29
 283.788038      1.443  16.855634    13.3393 -9.990e-29      1.431    13.0658     9.4119 -9.990e-29
 283.788044      1.398  11.501983    13.2642 -9.990e-29      1.386     8.6532     6.0287 -9.990e-29
 283.788050      1.372  12.890930    13.2292 -9.990e-29      1.361     9.7970     6.9143 -9.990e-29
 283.788056      1.363  18.055303 -9.990e-29 -9.990e-29      1.352 -9.990e-29 -9.990e-29 -9.990e-29
