data/oxygen options/OCNMS/OCNMS1/raw_data/2016/CAST_KL027_160906faed.cnv
* Sea-Bird SBE19 Data File:
* FileName = C:\2016 Mooring Data\Casts\Data\CAST_KL027_160906.hex
* Software Version 1.59
* Temperature SN = 2997
* Conductivity SN = 2997
* System UpLoad Time = Sep 06 2016 19:10:18
** CAST_KL027_160906
* ds
# nquan = 9                                 
# nvalues = 1153                        
# units = specified
# name 0 = timeJ: Julian Days
# name 1 = prSM: Pressure, Strain Gauge [db]
# name 2 = c0mS/cm: Conductivity [mS/cm]
# name 3 = t090C: Temperature [ITS-90, deg C]
# name 4 = sbeox0ML/L: Oxygen, SBE 43 [ml/l]
# name 5 = depSM: Depth [salt water, m], lat = 47.5
# name 6 = sal00: Salinity, Practical [PSU]
# name 7 = sigma-é00: Density [sigma-theta, kg/m^3]
# name 8 = flag: flag
# span 0 = 250.742234, 250.748900       
# span 1 =     -5.331,     27.577       
# span 2 =   0.011838,  38.624721       
# span 3 =     9.6069,    14.9976       
# span 4 =    -1.9075,    12.7266       
# span 5 =     -5.287,     27.345       
# span 6 =     0.0121,    33.4701       
# span 7 =    -0.8429,    25.8176       
# span 8 = 0.0000e+00, 0.0000e+00       
# interval = seconds: 0.5
# start_time = Sep 06 2016 17:48:49 [Instrument's time stamp, header]
# bad_flag = -9.990e-29
*END*
[from data line 641]
 250.745943      0.947  36.639759    14.9805     6.5404      0.939    29.3583    21.6314 -9.990e-29
 250.745949      0.943  36.641198    14.9811     6.5439      0.935    29.3591    21.6319 -9.990e-29
 250.745955      0.943  36.643045    14.9820     6.5453      0.935    29.3601    21.6324 -9.990e-29
 250.745961      0.941  36.642551    14.9830     6.5463      0.933    29.3589    21.6313 -9.990e-29
 250.745966      0.942  36.641687    14.9837     6.5489      0.934    29.3576    21.6302 -9.990e-29
 250.745972      0.950  36.640807    14.9843     6.5442      0.942    29.3564    21.6291 -9.990e-29
 250.745978      0.962  36.639688    14.9853     6.5464      0.954    29.3546    21.6275 -9.990e-29
 250.745984      0.970  36.638346    14.9863     6.5560      0.962    29.3527    21.6258 -9.990e-29
 250.745990      0.970  36.636497    14.9870     6.5678      0.962    29.3505    21.6240 -9.990e-29
 250.745995      0.962  36.633743    14.9874     6.5750      0.954    29.3478    21.6218 -9.990e-29
 250.746001      0.949  36.630721    14.9875     6.5655      0.941    29.3450    21.6197 -9.990e-29
 250.746007      0.940  36.628828    14.9877     6.5570      0.932    29.3432    21.6182 -9.990e-29
 250.746013      0.938  36.627609    14.9881     6.5514      0.930    29.3418    21.6171 -9.990e-29
 250.746019      0.944  36.625825    14.9879     6.5565      0.936    29.3403    21.6160 -9.990e-29
 250.746024      0.952  36.624286    14.9874     6.5600      0.944    29.3393    21.6153 -9.990e-29
 250.746030      0.956  36.624125    14.9875     6.5654      0.948    29.3391    21.6152 -9.990e-29
 250.746036      0.954  36.624397    14.9883     6.5596      0.946    29.3388    21.6147 -9.990e-29
 250.746042      0.953  36.623611    14.9891     6.5560      0.945    29.3375    21.6135 -9.990e-29
 250.746047      0.951  36.621669    14.9897     6.5554      0.943    29.3353    21.6117 -9.990e-29
 250.746053      0.952  36.619728    14.9899     6.5603      0.944    29.3334    21.6103 -9.990e-29
 250.746059      0.957  36.618387    14.9895     6.5580      0.949    29.3325    21.6097 -9.990e-29
 250.746065      0.962  36.616804    14.9884     6.5567      0.954    29.3319    21.6094 -9.990e-29
 250.746071      0.967  36.614938    14.9875     6.5437      0.959    29.3310    21.6089 -9.990e-29
 250.746076      0.968  36.613485    14.9878     6.5398      0.960    29.3294    21.6076 -9.990e-29
 250.746082      0.961  36.612576    14.9886     6.5481      0.953    29.3280    21.6064 -9.990e-29
 250.746088      0.950  36.611944    14.9884     6.5399      0.942    29.3276    21.6061 -9.990e-29
 250.746094      0.942  36.611136    14.9875     6.5361      0.934    29.3276    21.6063 -9.990e-29
 250.746100      0.946  36.610021    14.9866     6.5398      0.938    29.3273    21.6062 -9.990e-29
 250.746105      0.961  36.608621    14.9860     6.5590      0.953    29.3265    21.6057 -9.990e-29
 250.746111      0.977  36.607137    14.9858     6.5628      0.969    29.3253    21.6049 -9.990e-29
 250.746117      0.984  36.606217    14.9861     6.5566      0.976    29.3242    21.6040 -9.990e-29
 250.746123      0.985  36.605578    14.9864     6.5498      0.977    29.3234    21.6033 -9.990e-29
 250.746128      0.979  36.604198    14.9865     6.5378      0.971    29.3221    21.6023 -9.990e-29
 250.746134      0.970  36.602861    14.9866     6.5456      0.962    29.3209    21.6013 -9.990e-29
 250.746140      0.965  36.602974    14.9869     6.5612      0.957    29.3208    21.6012 -9.990e-29
 250.746146      0.965  36.603955    14.9877     6.5650      0.957    29.3210    21.6012 -9.990e-29
 250.746152      0.965  36.604142    14.9887     6.5716      0.957    29.3205    21.6005 -9.990e-29
 250.746157      0.970  36.601931    14.9892     6.5738      0.962    29.3181    21.5986 -9.990e-29
 250.746163      0.979  36.598680    14.9894     6.5699      0.971    29.3151    21.5962 -9.990e-29
 250.746169      0.985  36.597161    14.9895     6.5573      0.977    29.3136    21.5951 -9.990e-29
 250.746175      0.989  36.596294    14.9892     6.5517      0.981    29.3131    21.5948 -9.990e-29
 250.746181      0.994  36.594750    14.9888     6.5499      0.986    29.3120    21.5940 -9.990e-29
 250.746186      0.997  36.594217    14.9890     6.5465      0.989    29.3114    21.5935 -9.990e-29
 250.746192      0.998  36.596050    14.9901     6.5495      0.990    29.3122    21.5939 -9.990e-29
 250.746198      1.005  36.598603    14.9927     6.5613      0.997    29.3125    21.5936 -9.990e-29
 250.746204      1.020  36.598951    14.9956     6.5603      1.011    29.3106    21.5916 -9.990e-29
 250.746209      1.034  36.596825    14.9972     6.5793      1.025    29.3075    21.5888 -9.990e-29
 250.746215      1.044  36.595374    14.9976     6.5744      1.035    29.3060    21.5875 -9.990e-29
 250.746221      1.050  36.595851    14.9968     6.5632      1.041    29.3070    21.5885 -9.990e-29
 250.746227      1.054  36.594801    14.9943     6.5607      1.045    29.3079    21.5897 -9.990e-29
 250.746233      1.055  36.590654    14.9910     6.5487      1.046    29.3067    21.5895 -9.990e-29
 250.746238      1.054  36.587223    14.9895     6.5627      1.045    29.3048    21.5883 -9.990e-29
 250.746244      1.049  36.587035    14.9900     6.5679      1.040    29.3042    21.5878 -9.990e-29
 250.746250      1.042  36.587427    14.9891     6.5632      1.033    29.3053    21.5888 -9.990e-29
 250.746256      1.036  36.586512    14.9865     6.5742      1.027    29.3064    21.5902 -9.990e-29
 250.746262      1.034  36.585137    14.9851     6.5653      1.025    29.3062    21.5903 -9.990e-29
 250.746267      1.033  36.584095    14.9857     6.5713      1.024    29.3048    21.5892 -9.990e-29
 250.746273      1.028  36.584060    14.9870     6.5725      1.019    29.3038    21.5881 -9.990e-29
 250.746279      1.018  36.584814    14.9877     6.5569      1.010    29.3040    21.5881 -9.990e-29
 250.746285      1.004  36.585511    14.9877     6.5619      0.996    29.3046    21.5886 -9.990e-29
 250.746291      0.988  36.585787    14.9878     6.5549      0.980    29.3048    21.5887 -9.990e-29
 250.746296      0.982  36.585839    14.9881     6.5620      0.974    29.3046    21.5885 -9.990e-29
 250.746302      0.995  36.585566    14.9884     6.5610      0.987    29.3041    21.5881 -9.990e-29
 250.746308      1.018  36.584989    14.9888     6.5705      1.010    29.3033    21.5873 -9.990e-29
 250.746314      1.037  36.584847    14.9893     6.5685      1.028    29.3028    21.5868 -9.990e-29
 250.746319      1.043  36.585334    14.9897     6.5661      1.034    29.3029    21.5869 -9.990e-29
 250.746325      1.041  36.585809    14.9896     6.5847      1.032    29.3034    21.5873 -9.990e-29
 250.746331      1.036  36.585614    14.9891     6.5726      1.027    29.3036    21.5875 -9.990e-29
 250.746337      1.031  36.584876    14.9885     6.5783      1.022    29.3034    21.5875 -9.990e-29
 250.746343      1.031  36.584118    14.9878     6.5636      1.022    29.3033    21.5875 -9.990e-29
 250.746348      1.031  36.583276    14.9873     6.5567      1.022    29.3029    21.5873 -9.990e-29
 250.746354      1.031  36.582175    14.9870     6.5548      1.022    29.3022    21.5868 -9.990e-29
 250.746360      1.036  36.581411    14.9866     6.5598      1.027    29.3018    21.5866 -9.990e-29
 250.746366      1.041  36.580913    14.9856     6.5787      1.032    29.3021    21.5871 -9.990e-29
 250.746372      1.042  36.579284    14.9837     6.5772      1.033    29.3021    21.5874 -9.990e-29
 250.746377      1.044  36.576978    14.9820     6.5840      1.035    29.3013    21.5872 -9.990e-29
 250.746383      1.052  36.575786    14.9821     6.5775      1.043    29.3001    21.5863 -9.990e-29
 250.746389      1.061  36.575622    14.9836     6.5738      1.052    29.2989    21.5850 -9.990e-29
 250.746395      1.068  36.575537    14.9842     6.5626      1.059    29.2983    21.5845 -9.990e-29
 250.746400      1.073  36.575243    14.9825     6.5698      1.064    29.2994    21.5856 -9.990e-29
 250.746406      1.076  36.574736    14.9791     6.5665      1.067    29.3014    21.5879 -9.990e-29
 250.746412      1.078  36.574287    14.9746     6.5677      1.069    29.3044    21.5912 -9.990e-29
 250.746418      1.079  36.574244    14.9689     6.5641      1.070    29.3087    21.5956 -9.990e-29
 250.746424      1.080  36.574375    14.9639     6.5650      1.071    29.3125    21.5996 -9.990e-29
 250.746429      1.079  36.574804    14.9646     6.5626      1.070    29.3124    21.5994 -9.990e-29
 250.746435      1.077  36.575710    14.9715     6.5627      1.068    29.3080    21.5946 -9.990e-29
 250.746441      1.073  36.576821    14.9776     6.5701      1.064    29.3044    21.5905 -9.990e-29
 250.746447      1.069  36.577855    14.9802     6.5763      1.060    29.3034    21.5892 -9.990e-29
 250.746453      1.066  36.578550    14.9811     6.5624      1.057    29.3033    21.5890 -9.990e-29
 250.746458      1.071  36.579106    14.9809     6.5635      1.062    29.3040    21.5895 -9.990e-29
 250.746464      1.078  36.579537    14.9808     6.5671      1.069    29.3044    21.5899 -9.990e-29
 250.746470      1.084  36.579692    14.9813     6.5695      1.075    29.3042    21.5896 -9.990e-29
 250.746476      1.089  36.579607    14.9821     6.5817      1.080    29.3035    21.5889 -9.990e-29
 250.746481      1.094  36.579562    14.9825     6.5793      1.085    29.3032    21.5886 -9.990e-29
 250.746487      1.098  36.579886    14.9824     6.5830      1.089    29.3035    21.5889 -9.990e-29
 250.746493      1.103  36.579724    14.9816     6.5711      1.094    29.3040    21.5894 -9.990e-29
 250.746499      1.108  36.578135    14.9800     6.5721      1.099    29.3038    21.5895 -9.990e-29
 250.746505      1.114  36.576187    14.9781     6.5664      1.105    29.3035    21.5897 -9.990e-29
 250.746510      1.117  36.575590    14.9765     6.5766      1.108    29.3041    21.5905 -9.990e-29
 250.746516      1.112  36.575941    14.9755     6.5825      1.103    29.3052    21.5916 -9.990e-29
 250.746522      1.105  36.576420    14.9748     6.5874      1.096    29.3062    21.5925 -9.990e-29
 250.746528      1.098  36.576937    14.9741     6.5834      1.089    29.3071    21.5934 -9.990e-29
 250.746534      1.091  36.576894    14.9732     6.5766      1.082    29.3078    21.5940 -9.990e-29
 250.746539      1.083  36.576624    14.9723     6.5689      1.074    29.3082    21.5946 -9.990e-29
 250.746545      1.075  36.576720    14.9715     6.5546      1.066    29.3089    21.5953 -9.990e-29
 250.746551      1.065  36.577141    14.9713     6.5610      1.056    29.3094    21.5957 -9.990e-29
 250.746557      1.058  36.577721    14.9718     6.5576      1.049    29.3096    21.5957 -9.990e-29
 250.746563      1.057  36.577946    14.9728     6.5732      1.048    29.3090    21.5951 -9.990e-29
 250.746568      1.058  36.578506    14.9735     6.5730      1.049    29.3090    21.5949 -9.990e-29
 250.746574      1.061  36.579420    14.9733     6.5706      1.052    29.3100    21.5957 -9.990e-29
 250.746580      1.069  36.579499    14.9729     6.5767      1.060    29.3103    21.5961 -9.990e-29
 250.746586      1.077  36.579800    14.9740     6.5743      1.068    29.3098    21.5954 -9.990e-29
 250.746591      1.074  36.581115    14.9758     6.5886      1.065    29.3096    21.5949 -9.990e-29
 250.746597      1.066  36.582232    14.9759     6.5777      1.057    29.3105    21.5956 -9.990e-29
 250.746603      1.056  36.582232    14.9744     6.5723      1.047    29.3116    21.5968 -9.990e-29
 250.746609      1.047  36.581509    14.9730     6.5636      1.038    29.3121    21.5974 -9.990e-29
 250.746615      1.044  36.581168    14.9725     6.5663      1.035    29.3121    21.5975 -9.990e-29
 250.746620      1.042  36.581708    14.9728     6.5851      1.033    29.3124    21.5977 -9.990e-29
 250.746626      1.040  36.582560    14.9734     6.5830      1.031    29.3127    21.5978 -9.990e-29
 250.746632      1.044  36.583012    14.9735     6.5889      1.035    29.3130    21.5980 -9.990e-29
 250.746638      1.049  36.582937    14.9731     6.5732      1.040    29.3132    21.5983 -9.990e-29
 250.746644      1.051  36.583189    14.9731     6.5729      1.042    29.3135    21.5984 -9.990e-29
 250.746649      1.049  36.585052    14.9743     6.5751      1.040    29.3142    21.5988 -9.990e-29
 250.746655      1.045  36.587486    14.9758     6.5633      1.036    29.3153    21.5993 -9.990e-29
 250.746661      1.038  36.589090    14.9763     6.5587      1.029    29.3163    21.6000 -9.990e-29
 250.746667      1.031  36.590155    14.9752     6.5492      1.022    29.3181    21.6016 -9.990e-29
 250.746672      1.033  36.589695    14.9729     6.5565      1.024    29.3194    21.6030 -9.990e-29
 250.746678      1.043  36.587489    14.9709     6.5754      1.034    29.3190    21.6031 -9.990e-29
 250.746684      1.055  36.586023    14.9700     6.5752      1.046    29.3183    21.6028 -9.990e-29
 250.746690      1.064  36.586531    14.9705     6.5812      1.055    29.3184    21.6028 -9.990e-29
 250.746696      1.070  36.587843    14.9716     6.5776      1.061    29.3187    21.6028 -9.990e-29
 250.746701      1.076  36.588740    14.9725     6.5737      1.067    29.3189    21.6027 -9.990e-29
 250.746707      1.079  36.589131    14.9727     6.5927      1.070    29.3190    21.6028 -9.990e-29
 250.746713      1.082  36.588811    14.9720     6.5759      1.073    29.3193    21.6031 -9.990e-29
 250.746719      1.084  36.587744    14.9710     6.5786      1.075    29.3191    21.6032 -9.990e-29
 250.746725      1.085  36.587138    14.9705     6.5759      1.076    29.3189    21.6032 -9.990e-29
 250.746730      1.086  36.587697    14.9711     6.5664      1.077    29.3190    21.6031 -9.990e-29
 250.746736      1.086  36.589436    14.9720     6.5713      1.077    29.3198    21.6036 -9.990e-29
 250.746742      1.085  36.591706    14.9723     6.5687      1.076    29.3216    21.6049 -9.990e-29
 250.746748      1.084  36.593449    14.9726     6.5637      1.075    29.3230    21.6058 -9.990e-29
 250.746753      1.082  36.594583    14.9732     6.5770      1.073    29.3235    21.6061 -9.990e-29
 250.746759      1.079  36.595331    14.9735     6.5733      1.070    29.3240    21.6064 -9.990e-29
 250.746765      1.079  36.595964    14.9733     6.5730      1.070    29.3247    21.6070 -9.990e-29
 250.746771      1.086  36.597156    14.9731     6.5788      1.077    29.3259    21.6080 -9.990e-29
 250.746777      1.097  36.598651    14.9731     6.5641      1.088    29.3272    21.6090 -9.990e-29
 250.746782      1.108  36.599473    14.9730     6.5702      1.099    29.3280    21.6096 -9.990e-29
 250.746788      1.120  36.599991    14.9731     6.5703      1.111    29.3284    21.6099 -9.990e-29
 250.746794      1.134  36.600727    14.9739     6.5702      1.125    29.3284    21.6098 -9.990e-29
 250.746800      1.150  36.601374    14.9746     6.5797      1.140    29.3285    21.6097 -9.990e-29
 250.746806      1.169  36.602067    14.9749     6.5739      1.159    29.3289    21.6099 -9.990e-29
 250.746811      1.193  36.603003    14.9755     6.5701      1.183    29.3293    21.6101 -9.990e-29
 250.746817      1.223  36.604141    14.9769     6.5776      1.213    29.3292    21.6097 -9.990e-29
 250.746823      1.261  36.605711    14.9788     6.5750      1.250    29.3292    21.6093 -9.990e-29
 250.746829      1.309  36.607399    14.9805     6.5782      1.298    29.3294    21.6091 -9.990e-29
 250.746834      1.371  36.608488    14.9812     6.5850      1.360    29.3298    21.6093 -9.990e-29
 250.746840      1.446  36.609144    14.9810     6.5907      1.434    29.3305    21.6099 -9.990e-29
 250.746846      1.531  36.609512    14.9800     6.6142      1.518    29.3316    21.6109 -9.990e-29
 250.746852      1.626  36.608794    14.9758     6.6492      1.612    29.3340    21.6137 -9.990e-29
 250.746858      1.742  36.605864    14.9635     6.6593      1.727    29.3406    21.6213 -9.990e-29
