data/oxygen options/OCNMS/OCNMS1/raw_data/2016/CAST_CA015_160524faed.cnv
* Sea-Bird SBE19 Data File:
* FileName = C:\2016 Mooring Data\CAST_CA015_160524.hex
* Software Version 1.59
* Temperature SN = 2997
* Conductivity SN = 2997
* System UpLoad Time = May 24 2016 00:41:34
** CAST_CA015_160524
* ds
# nquan = 9                                 
# nvalues = 890                         
# units = specified
# name 0 = timeJ: Julian Days
# name 1 = prSM: Pressure, Strain Gauge [db]
# name 2 = c0mS/cm: Conductivity [mS/cm]
# name 3 = t090C: Temperature [ITS-90, deg C]
# name 4 = sbeox0ML/L: Oxygen, SBE 43 [ml/l]
# name 5 = depSM: Depth [salt water, m], lat = 47.5
# name 6 = sal00: Salinity, Practical [PSU]
# name 7 = sigma-é00: Density [sigma-theta, kg/m^3]
# name 8 = flag: flag
# span 0 = 145.014259, 145.019404       
# span 1 =     -5.785,     14.650       
# span 2 =   0.377691,  37.439854       
# span 3 =    10.0662,    14.9723       
# span 4 =    -1.8894,    16.9140       
# span 5 =     -5.737,     14.527       
# span 6 =     0.2285,    32.7276       
# span 7 =    -0.6784,    25.1593       
# span 8 = 0.0000e+00, 0.0000e+00       
# interval = seconds: 0.5
# start_time = May 24 2016 00:20:32 [Instrument's time stamp, header]
# bad_flag = -9.990e-29
*END*
[from data line 321]
 145.016117     -1.094   0.453067    14.6055    -1.8866     -1.085     0.2758    -0.6263 -9.990e-29
 145.016123     -1.085   0.450056    14.6052    -1.8865     -1.076     0.2739    -0.6277 -9.990e-29
 145.016128     -1.079   0.448145    14.6051    -1.8864     -1.070     0.2727    -0.6286 -9.990e-29
 145.016134     -1.074   0.448115    14.6049    -1.8860     -1.065     0.2727    -0.6286 -9.990e-29
 145.016140     -1.070   0.449374    14.6042    -1.8856     -1.061     0.2735    -0.6279 -9.990e-29
 145.016146     -1.066   0.450822    14.6026    -1.8853     -1.057     0.2744    -0.6269 -9.990e-29
 145.016152     -1.064   0.451614    14.6000    -1.8852     -1.055     0.2749    -0.6261 -9.990e-29
 145.016157     -1.062   0.452251    14.5973    -1.8851     -1.053     0.2753    -0.6254 -9.990e-29
 145.016163     -1.060   0.453584    14.5958    -1.8852     -1.051     0.2762    -0.6245 -9.990e-29
 145.016169     -1.058   0.454612    14.5962    -1.8852     -1.049     0.2768    -0.6241 -9.990e-29
 145.016175     -1.057   0.453931    14.5986    -1.8852     -1.048     0.2764    -0.6248 -9.990e-29
 145.016181     -1.056   0.451743    14.6035    -1.8854     -1.047     0.2750    -0.6266 -9.990e-29
 145.016186     -1.054   0.449017    14.6108    -1.8853     -1.045     0.2732    -0.6290 -9.990e-29
 145.016192     -1.053   0.446560    14.6183    -1.8852     -1.044     0.2716    -0.6314 -9.990e-29
 145.016198     -1.051   0.444983    14.6242    -1.8852     -1.042     0.2706    -0.6330 -9.990e-29
 145.016204     -1.049   0.444407    14.6280    -1.8852     -1.040     0.2702    -0.6339 -9.990e-29
 145.016209     -1.047   0.444617    14.6297    -1.8852     -1.038     0.2703    -0.6340 -9.990e-29
 145.016215     -1.044   0.445893    14.6297    -1.8850     -1.035     0.2711    -0.6334 -9.990e-29
 145.016221     -1.040   0.448272    14.6291    -1.8849     -1.031     0.2726    -0.6322 -9.990e-29
 145.016227     -1.035   0.450484    14.6287    -1.8850     -1.026     0.2740    -0.6311 -9.990e-29
 145.016233     -1.029   0.451036    14.6284    -1.8850     -1.020     0.2743    -0.6307 -9.990e-29
 145.016238     -1.026   0.449553    14.6286    -1.8849     -1.017     0.2734    -0.6315 -9.990e-29
 145.016244     -1.030   0.447389    14.6292    -1.8848     -1.021     0.2721    -0.6326 -9.990e-29
 145.016250     -1.035   0.446100    14.6300    -1.8846     -1.026     0.2712    -0.6334 -9.990e-29
 145.016256     -1.040   0.445633    14.6310    -1.8846     -1.031     0.2709    -0.6338 -9.990e-29
 145.016262     -1.044   0.445367    14.6326    -1.8845     -1.035     0.2708    -0.6341 -9.990e-29
 145.016267     -1.046   0.444947    14.6345    -1.8843     -1.037     0.2705    -0.6346 -9.990e-29
 145.016273     -1.048   0.444368    14.6358    -1.8842     -1.039     0.2701    -0.6351 -9.990e-29
 145.016279     -1.050   0.443970    14.6363    -1.8841     -1.041     0.2699    -0.6354 -9.990e-29
 145.016285     -1.051   0.443776    14.6371    -1.8842     -1.042     0.2697    -0.6356 -9.990e-29
 145.016291     -1.052   0.443528    14.6388    -1.8840     -1.043     0.2696    -0.6360 -9.990e-29
 145.016296     -1.053   0.442897    14.6416    -1.8840     -1.044     0.2692    -0.6367 -9.990e-29
 145.016302     -1.053   0.441595    14.6448    -1.8841     -1.044     0.2683    -0.6378 -9.990e-29
 145.016308     -1.054   0.440106    14.6475    -1.8841     -1.045     0.2674    -0.6389 -9.990e-29
 145.016314     -1.054   0.439224    14.6501    -1.8842     -1.045     0.2668    -0.6398 -9.990e-29
 145.016319     -1.054   0.438883    14.6534    -1.8842     -1.045     0.2666    -0.6404 -9.990e-29
 145.016325     -1.054   0.438627    14.6561    -1.8842     -1.045     0.2664    -0.6410 -9.990e-29
 145.016331     -1.054   0.438115    14.6574    -1.8842     -1.045     0.2661    -0.6414 -9.990e-29
 145.016337     -1.053   0.437221    14.6581    -1.8841     -1.044     0.2655    -0.6420 -9.990e-29
 145.016343     -1.053   0.436419    14.6587    -1.8841     -1.044     0.2650    -0.6424 -9.990e-29
 145.016348     -1.052   0.436860    14.6585    -1.8841     -1.043     0.2653    -0.6422 -9.990e-29
 145.016354     -1.051   0.439685    14.6576    -1.8842     -1.042     0.2671    -0.6407 -9.990e-29
 145.016360     -1.050   0.443665    14.6569    -1.8841     -1.041     0.2695    -0.6387 -9.990e-29
 145.016366     -1.048   0.445780    14.6563    -1.8843     -1.039     0.2709    -0.6375 -9.990e-29
 145.016372     -1.046   0.445333    14.6559    -1.8843     -1.037     0.2706    -0.6377 -9.990e-29
 145.016377     -1.043   0.443949    14.6559    -1.8845     -1.034     0.2697    -0.6384 -9.990e-29
 145.016383     -1.039   0.443486    14.6563    -1.8846     -1.030     0.2694    -0.6386 -9.990e-29
 145.016389     -1.035   0.444434    14.6571    -1.8848     -1.026     0.2700    -0.6383 -9.990e-29
 145.016395     -1.029   0.445097    14.6579    -1.8852     -1.020     0.2704    -0.6381 -9.990e-29
 145.016400     -1.021   0.444138    14.6579    -1.8854     -1.012     0.2698    -0.6386 -9.990e-29
 145.016406     -1.011   0.441945    14.6573    -1.8853     -1.003     0.2685    -0.6395 -9.990e-29
 145.016412     -0.998   0.439479    14.6566    -1.8853     -0.990     0.2669    -0.6406 -9.990e-29
 145.016418     -0.981   0.437895    14.6550    -1.8851     -0.973     0.2660    -0.6412 -9.990e-29
 145.016424     -0.964   0.437857    14.6524    -1.8850     -0.956     0.2660    -0.6408 -9.990e-29
 145.016429     -0.950   0.438758    14.6493    -1.8848     -0.942     0.2665    -0.6399 -9.990e-29
 145.016435     -0.933   0.439579    14.6457    -1.8847     -0.925     0.2671    -0.6389 -9.990e-29
 145.016441     -0.913   0.439750    14.6409    -1.8845     -0.905     0.2672    -0.6381 -9.990e-29
 145.016447     -0.896   0.439496    14.6359    -1.8845     -0.889     0.2671    -0.6375 -9.990e-29
 145.016453     -0.886   0.439036    14.6327    -1.8843     -0.879     0.2668    -0.6372 -9.990e-29
 145.016458     -0.883   0.437755    14.6322    -1.8841     -0.876     0.2660    -0.6378 -9.990e-29
 145.016464     -0.885   0.435610    14.6335    -1.8839     -0.878     0.2647    -0.6390 -9.990e-29
 145.016470     -0.894   0.433630    14.6355    -1.8837     -0.887     0.2634    -0.6403 -9.990e-29
 145.016476     -0.905   0.433060    14.6383    -1.8834     -0.897     0.2630    -0.6410 -9.990e-29
 145.016481     -0.911   0.434251    14.6420    -1.8831     -0.903     0.2638    -0.6409 -9.990e-29
 145.016487     -0.908   0.436015    14.6459    -1.8828     -0.900     0.2648    -0.6407 -9.990e-29
 145.016493     -0.900   0.436819    14.6494    -1.8827     -0.892     0.2653    -0.6408 -9.990e-29
 145.016499     -0.891   0.436069    14.6528    -1.8826     -0.884     0.2648    -0.6417 -9.990e-29
 145.016505     -0.879   0.434430    14.6567    -1.8825     -0.872     0.2638    -0.6431 -9.990e-29
 145.016510     -0.869   0.433046    14.6614    -1.8824     -0.862     0.2629    -0.6445 -9.990e-29
 145.016516     -0.860   0.432296    14.6669    -1.8822     -0.853     0.2624    -0.6457 -9.990e-29
 145.016522     -0.847   0.431734    14.6729    -1.8820     -0.840     0.2620    -0.6469 -9.990e-29
 145.016528     -0.834   0.431165    14.6792    -1.8818     -0.827     0.2616    -0.6481 -9.990e-29
 145.016534     -0.824   0.430943    14.6855    -1.8815     -0.817     0.2614    -0.6492 -9.990e-29
 145.016539     -0.815   0.431326    14.6910    -1.8816     -0.808     0.2616    -0.6498 -9.990e-29
 145.016545     -0.809   0.432267    14.6951    -1.8816     -0.802     0.2622    -0.6500 -9.990e-29
 145.016551     -0.804   0.433358    14.6986    -1.8816     -0.797     0.2628    -0.6500 -9.990e-29
 145.016557     -0.800   0.433832    14.7022    -1.8813     -0.793     0.2631    -0.6503 -9.990e-29
 145.016562     -0.797   0.433212    14.7060    -1.8813     -0.790     0.2627    -0.6512 -9.990e-29
 145.016568     -0.795   0.431781    14.7103    -1.8820     -0.788     0.2618    -0.6526 -9.990e-29
 145.016574     -0.793   0.429852    14.7150    -1.8823     -0.786     0.2606    -0.6542 -9.990e-29
 145.016580     -0.792   0.427629    14.7196    -1.8825     -0.785     0.2591    -0.6560 -9.990e-29
 145.016586     -0.790   0.426034    14.7227    -1.8826     -0.783     0.2581    -0.6572 -9.990e-29
 145.016591     -0.789   0.426271    14.7239    -1.8828     -0.782     0.2583    -0.6573 -9.990e-29
 145.016597     -0.788   0.428100    14.7247    -1.8831     -0.781     0.2594    -0.6565 -9.990e-29
 145.016603     -0.788   0.429519    14.7264    -1.8836     -0.781     0.2603    -0.6561 -9.990e-29
 145.016609     -0.787   0.429088    14.7276    -1.8843     -0.780     0.2600    -0.6565 -9.990e-29
 145.016615     -0.786   0.427345    14.7246    -1.8851     -0.779     0.2589    -0.6569 -9.990e-29
 145.016620     -0.785   0.425297    14.7171    -1.8856     -0.778     0.2577    -0.6567 -9.990e-29
 145.016626     -0.784   0.423545    14.7094    -1.8871     -0.777     0.2567    -0.6564 -9.990e-29
 145.016632     -0.783   0.422529    14.7040    -1.8881     -0.776     0.2561    -0.6561 -9.990e-29
 145.016638     -0.782   0.422003    14.6995    -1.8886     -0.775     0.2558    -0.6556 -9.990e-29
 145.016644     -0.780   0.421266    14.6936    -1.8890     -0.773     0.2554    -0.6551 -9.990e-29
 145.016649     -0.778   0.419890    14.6850    -1.8888     -0.772     0.2545    -0.6544 -9.990e-29
 145.016655     -0.775   0.418262    14.6732    -1.8886     -0.769     0.2536    -0.6534 -9.990e-29
 145.016661     -0.772   0.416988    14.6578    -1.8888     -0.766     0.2529    -0.6517 -9.990e-29
 145.016667     -0.767   0.416034    14.6397    -1.8894     -0.761     0.2524    -0.6494 -9.990e-29
 145.016672     -0.762   0.415795    14.6187    -1.5722     -0.756     0.2524    -0.6463 -9.990e-29
 145.016678     -0.754   0.416505    14.5948    -1.5923     -0.748     0.2530    -0.6424 -9.990e-29
 145.016684     -0.745   0.417446    14.5734    -1.5984     -0.739     0.2537    -0.6387 -9.990e-29
 145.016690     -0.733   0.419873    14.5585    -1.6001     -0.727     0.2553    -0.6352 -9.990e-29
 145.016696     -0.718   0.429800    14.5495    -1.6012     -0.712     0.2616    -0.6291 -9.990e-29
 145.016701     -0.698   0.463236    14.5437    -1.5996     -0.692     0.2826    -0.6119 -9.990e-29
 145.016707     -0.673   0.565319    14.5322    -1.5995     -0.667     0.3471    -0.5602 -9.990e-29
 145.016713     -0.640   0.870494    14.4959    -1.5993     -0.635     0.5436    -0.4027 -9.990e-29
 145.016719     -0.598   1.784550    14.3922    -1.6012     -0.593     1.1549     0.0854 -9.990e-29
 145.016725     -0.544   4.526785    14.1437    -1.6026     -0.539     3.1121     1.6321 -9.990e-29
 145.016730     -0.475  12.755732    13.7862    -1.6028     -0.471     9.5467     6.6356 -9.990e-29
 145.016736     -0.390  25.088522    13.4981    -1.6042     -0.387    20.0867    14.7857 -9.990e-29
 145.016742     -0.297  33.290684    13.3433    -1.6038     -0.295    27.5414    20.5584 -9.990e-29
 145.016748     -0.207  36.020386    13.2731    -1.6038     -0.205    30.1113    22.5562 -9.990e-29
 145.016753     -0.131  36.956437    13.2581    -1.6038     -0.130    30.9941    23.2414 -9.990e-29
 145.016759     -0.074  37.300413    13.2644    -1.6037     -0.073    31.3098    23.4842 -9.990e-29
 145.016765     -0.027  37.420756    13.2571    -1.6038     -0.027    31.4282    23.5772 -9.990e-29
 145.016771      0.018  37.439854    13.2230    -1.6038      0.018    31.4742    23.6195 -9.990e-29
 145.016777      0.057  37.428046    13.1805    -1.6032      0.057    31.4984    23.6465 -9.990e-29
 145.016782      0.087  37.425102    13.1536    -1.6019      0.086    31.5179    23.6668 -9.990e-29
 145.016788      0.103  37.432167    13.1454    -1.6025      0.102    31.5313    23.6788 -9.990e-29
 145.016794      0.113  37.417783    13.1487    -1.6021      0.112    31.5151    23.6656 -9.990e-29
 145.016800      0.128  37.376252    13.1472    -1.6017      0.127    31.4774    23.6368 -9.990e-29
 145.016806      0.158  37.341333    13.1325    -1.6013      0.157    31.4569    23.6238 -9.990e-29
 145.016811      0.193  37.345519    13.1219    -1.6017      0.191    31.4696    23.6357 -9.990e-29
 145.016817      0.217  37.388823    13.1303    -1.6013      0.215    31.5032    23.6600 -9.990e-29
 145.016823      0.233  37.420305    13.1500    -1.6012      0.231    31.5163    23.6663 -9.990e-29
 145.016829      0.245  37.405205    13.1666    -1.6012      0.243    31.4884    23.6415 -9.990e-29
 145.016834      0.255  37.376103    13.1728    -1.6008      0.253    31.4560    23.6153 -9.990e-29
 145.016840      0.262  37.380534    13.1768    -1.6006      0.260    31.4569    23.6151 -9.990e-29
 145.016846      0.267  37.414361    13.1913    -1.6009      0.265    31.4765    23.6275 -9.990e-29
 145.016852      0.271  37.430822    13.2078    -1.6015      0.269    31.4783    23.6256 -9.990e-29
 145.016858      0.274  37.415479    13.2109    -1.6008      0.272    31.4613    23.6119 -9.990e-29
 145.016863      0.275  37.402832    13.2089    -1.6021      0.273    31.4512    23.6044 -9.990e-29
 145.016869      0.272  37.416404    13.2187    -1.6029      0.270    31.4558    23.6060 -9.990e-29
 145.016875      0.259  37.431741    13.2354    -1.6057      0.257    31.4563    23.6032 -9.990e-29
 145.016881      0.244  37.417771    13.2456    -1.6056      0.242    31.4348    23.5846 -9.990e-29
 145.016887      0.235  37.387289    13.2474    -1.6056      0.233    31.4048    23.5610 -9.990e-29
 145.016892      0.231  37.374783    13.2455    -1.6058      0.229    31.3947    23.5536 -9.990e-29
 145.016898      0.236  37.386591    13.2431    -1.6046      0.234    31.4077    23.5641 -9.990e-29
 145.016904      0.251  37.397587    13.2381    -1.6035      0.249    31.4221    23.5762 -9.990e-29
 145.016910      0.268  37.388847    13.2221    -1.6026      0.266    31.4272    23.5833 -9.990e-29
 145.016916      0.283  37.379575    13.1923    -1.6022      0.281    31.4431    23.6015 -9.990e-29
 145.016921      0.293  37.388263    13.1557    -1.6026      0.291    31.4816    23.6383 -9.990e-29
 145.016927      0.295  37.391228    13.1250    -1.6024      0.293    31.5098    23.6662 -9.990e-29
 145.016933      0.294  37.364435    13.1105    -1.6028      0.292    31.4967    23.6589 -9.990e-29
 145.016939      0.292  37.319821    13.1066    -1.6026      0.290    31.4581    23.6298 -9.990e-29
 145.016944      0.291  37.289828    13.1102    -1.6032      0.289    31.4270    23.6051 -9.990e-29
 145.016950      0.290  37.287174    13.1279    -1.6032      0.288    31.4099    23.5884 -9.990e-29
 145.016956      0.289  37.302194    13.1555    -1.6037      0.287    31.4011    23.5762 -9.990e-29
 145.016962      0.288  37.323009    13.1826    -1.6044      0.286    31.3982    23.5686 -9.990e-29
 145.016968      0.288  37.337629    13.2011    -1.6042      0.286    31.3966    23.5638 -9.990e-29
 145.016973      0.287  37.338133    13.2056    -1.6043      0.285    31.3934    23.5604 -9.990e-29
 145.016979      0.286  37.326918    13.1995    -1.6047      0.284    31.3879    23.5574 -9.990e-29
 145.016985      0.284  37.323250    13.1932    -1.6044      0.282    31.3897    23.5600 -9.990e-29
 145.016991      0.283  37.334043    13.1911    -1.6040      0.281    31.4015    23.5695 -9.990e-29
 145.016997      0.281  37.338981    13.1886    -1.6034      0.279    31.4082    23.5752 -9.990e-29
 145.017002      0.278  37.327312    13.1808    -1.6036      0.276    31.4038    23.5733 -9.990e-29
 145.017008      0.279  37.308729    13.1656    -1.6038      0.277    31.3989    23.5725 -9.990e-29
 145.017014      0.288  37.298279    13.1506    -1.6041      0.286    31.4015    23.5774 -9.990e-29
 145.017020      0.301  37.302234    13.1464    -1.6064      0.298    31.4087    23.5838 -9.990e-29
 145.017025      0.314  37.308530    13.1475    -1.6067      0.311    31.4137    23.5874 -9.990e-29
 145.017031      0.330  37.302060    13.1452    -1.6073      0.327    31.4095    23.5847 -9.990e-29
