data/oxygen options/OCNMS/OCNMS1/raw_data/2016/CAST_CA015_161009faed.cnv
* Sea-Bird SBE19 Data File:
* FileName = C:\2016 Mooring Data\Casts\Data\CAST_CA015_161009.hex
* Software Version 1.59
* Temperature SN = 2997
* Conductivity SN = 2997
* System UpLoad Time = Oct 09 2016 18:34:18
** CAST_CA015_161009
* ds
# nquan = 9                                 
# nvalues = 754                         
# units = specified
# name 0 = timeJ: Julian Days
# name 1 = prSM: Pressure, Strain Gauge [db]
# name 2 = c0mS/cm: Conductivity [mS/cm]
# name 3 = t090C: Temperature [ITS-90, deg C]
# name 4 = sbeox0ML/L: Oxygen, SBE 43 [ml/l]
# name 5 = depSM: Depth [salt water, m], lat = 47.5
# name 6 = sal00: Salinity, Practical [PSU]
# name 7 = sigma-é00: Density [sigma-theta, kg/m^3]
# name 8 = flag: flag
# span 0 = 283.767859, 283.772216       
# span 1 =     -2.623,     13.934       
# span 2 =   0.551616,  36.285435       
# span 3 =    11.2011,    13.3480       
# span 4 =    -2.0348,    12.1424       
# span 5 =     -2.601,     13.817       
# span 6 =     0.3657,    30.3042       
# span 7 =    -0.1567,    22.7045       
# span 8 = 0.0000e+00, 0.0000e+00       
# interval = seconds: 0.5
# start_time = Oct 09 2016 18:25:43 [Instrument's time stamp, header]
# bad_flag = -9.990e-29
*END*
[from data line 641]
 283.771568     13.451  36.261661    13.3087     5.4040     13.338    30.3019    22.6969 0.0000e+00
 283.771574     13.601  36.262842    13.3090     5.4101     13.487    30.3027    22.6975 -9.990e-29
 283.771580     13.725  36.263291    13.3090     5.4002     13.610    30.3030    22.6978 -9.990e-29
 283.771586     13.818  36.263580    13.3090     5.4000     13.702    30.3033    22.6979 -9.990e-29
 283.771591     13.881  36.264062    13.3090     5.4050     13.765    30.3037    22.6983 -9.990e-29
 283.771597     13.919  36.264233    13.3086     5.3997     13.802    30.3042    22.6987 -9.990e-29
 283.771603     13.934  36.263730    13.3085     5.4099     13.817    30.3038    22.6984 -9.990e-29
 283.771609     13.927  36.262415    13.3087     5.4098     13.810    30.3024    22.6973 -9.990e-29
 283.771615     13.897  36.259628    13.3087     5.4084     13.781    30.2998    22.6953 -9.990e-29
 283.771620     13.847  36.257226    13.3088     5.4098     13.731    30.2975    22.6935 -9.990e-29
 283.771626     13.782  36.258140    13.3092     5.4199     13.667    30.2981    22.6939 -9.990e-29
 283.771632     13.703  36.260200    13.3092     5.4163     13.588    30.3000    22.6954 -9.990e-29
 283.771638     13.605  36.261083    13.3087     5.4209     13.491    30.3013    22.6964 -9.990e-29
 283.771644     13.485  36.261380    13.3084     5.4258     13.372    30.3018    22.6969 -9.990e-29
 283.771649     13.348  36.261460    13.3085     5.4231     13.236    30.3019    22.6969 0.0000e+00
 283.771655     13.203  36.261400    13.3086     5.4305     13.092    30.3018    22.6969 0.0000e+00
 283.771661     13.058  36.261095    13.3086     5.4279     12.949    30.3016    22.6967 0.0000e+00
 283.771667     12.921  36.260669    13.3084     5.4187     12.813    30.3014    22.6966 0.0000e+00
 283.771672     12.796  36.260649    13.3081     5.4222     12.689    30.3017    22.6968 -9.990e-29
 283.771678     12.679  36.260982    13.3078     5.4273     12.573    30.3022    22.6974 -9.990e-29
 283.771684     12.563  36.260962    13.3080     5.4235     12.458    30.3021    22.6972 -9.990e-29
 283.771690     12.440  36.260537    13.3085     5.4234     12.336    30.3014    22.6965 -9.990e-29
 283.771696     12.307  36.260231    13.3088     5.4194     12.204    30.3009    22.6961 0.0000e+00
 283.771701     12.168  36.260167    13.3089     5.4115     12.066    30.3008    22.6960 0.0000e+00
 283.771707     12.027  36.260233    13.3090     5.4191     11.926    30.3008    22.6960 0.0000e+00
 283.771713     11.884  36.260490    13.3088     5.4266     11.784    30.3013    22.6964 0.0000e+00
 283.771719     11.738  36.260693    13.3085     5.4352     11.640    30.3018    22.6968 0.0000e+00
 283.771725     11.589  36.260525    13.3081     5.4253     11.492    30.3020    22.6971 0.0000e+00
 283.771730     11.439  36.260296    13.3076     5.4311     11.343    30.3022    22.6973 0.0000e+00
 283.771736     11.293  36.260233    13.3074     5.4237     11.198    30.3024    22.6975 0.0000e+00
 283.771742     11.149  36.260225    13.3076     5.4221     11.056    30.3023    22.6974 0.0000e+00
 283.771748     11.008  36.260233    13.3080     5.4311     10.916    30.3020    22.6971 0.0000e+00
 283.771753     10.863  36.260240    13.3082     5.4218     10.772    30.3019    22.6970 0.0000e+00
 283.771759     10.707  36.260227    13.3081     5.4232     10.617    30.3020    22.6971 0.0000e+00
 283.771765     10.537  36.260150    13.3083     5.4285     10.449    30.3019    22.6969 0.0000e+00
 283.771771     10.364  36.259878    13.3087     5.4219     10.277    30.3014    22.6964 0.0000e+00
 283.771777     10.198  36.259583    13.3087     5.4296     10.113    30.3012    22.6963 0.0000e+00
 283.771782     10.043  36.259404    13.3084     5.4359      9.959    30.3013    22.6964 0.0000e+00
 283.771788      9.896  36.259077    13.3081     5.4294      9.813    30.3013    22.6965 0.0000e+00
 283.771794      9.752  36.258698    13.3080     5.4485      9.670    30.3011    22.6963 0.0000e+00
 283.771800      9.603  36.258291    13.3081     5.4549      9.523    30.3007    22.6960 0.0000e+00
 283.771806      9.448  36.257287    13.3082     5.4608      9.369    30.2997    22.6952 0.0000e+00
 283.771811      9.292  36.255438    13.3080     5.4544      9.214    30.2982    22.6941 0.0000e+00
 283.771817      9.145  36.253055    13.3074     5.4499      9.068    30.2965    22.6929 0.0000e+00
 283.771823      9.005  36.250853    13.3068     5.4409      8.930    30.2950    22.6919 0.0000e+00
 283.771829      8.863  36.249790    13.3063     5.4509      8.789    30.2945    22.6915 0.0000e+00
 283.771834      8.718  36.249541    13.3061     5.4610      8.645    30.2945    22.6916 0.0000e+00
 283.771840      8.575  36.249184    13.3061     5.4610      8.503    30.2942    22.6913 0.0000e+00
 283.771846      8.433  36.248777    13.3061     5.4797      8.362    30.2939    22.6911 0.0000e+00
 283.771852      8.290  36.248312    13.3062     5.4772      8.221    30.2934    22.6907 0.0000e+00
 283.771858      8.143  36.247698    13.3064     5.4744      8.075    30.2927    22.6902 0.0000e+00
 283.771863      7.991  36.247211    13.3066     5.4766      7.924    30.2922    22.6897 0.0000e+00
 283.771869      7.845  36.246733    13.3069     5.4569      7.779    30.2915    22.6891 0.0000e+00
 283.771875      7.714  36.246160    13.3072     5.4476      7.649    30.2908    22.6885 0.0000e+00
 283.771881      7.588  36.245821    13.3073     5.4512      7.525    30.2905    22.6882 0.0000e+00
 283.771887      7.456  36.245796    13.3074     5.4524      7.394    30.2904    22.6882 0.0000e+00
 283.771892      7.317  36.246022    13.3077     5.4654      7.256    30.2905    22.6881 0.0000e+00
 283.771898      7.176  36.246215    13.3080     5.4744      7.116    30.2904    22.6880 0.0000e+00
 283.771904      7.037  36.246045    13.3084     5.4665      6.978    30.2900    22.6876 0.0000e+00
 283.771910      6.904  36.245818    13.3088     5.4766      6.846    30.2895    22.6872 0.0000e+00
 283.771916      6.768  36.245765    13.3090     5.4751      6.711    30.2894    22.6870 0.0000e+00
 283.771921      6.621  36.245787    13.3091     5.4739      6.566    30.2894    22.6870 0.0000e+00
 283.771927      6.465  36.245884    13.3092     5.4862      6.411    30.2894    22.6870 0.0000e+00
 283.771933      6.309  36.246160    13.3093     5.4772      6.256    30.2897    22.6872 0.0000e+00
 283.771939      6.158  36.246394    13.3096     5.4756      6.107    30.2897    22.6872 0.0000e+00
 283.771944      6.018  36.246311    13.3099     5.4856      5.968    30.2895    22.6869 0.0000e+00
 283.771950      5.883  36.246334    13.3098     5.4778      5.834    30.2896    22.6870 0.0000e+00
 283.771956      5.748  36.246468    13.3095     5.4856      5.700    30.2900    22.6874 0.0000e+00
 283.771962      5.618  36.246302    13.3094     5.4837      5.571    30.2900    22.6874 -9.990e-29
 283.771968      5.497  36.246148    13.3095     5.4668      5.451    30.2898    22.6872 -9.990e-29
 283.771973      5.382  36.246332    13.3099     5.4780      5.337    30.2897    22.6871 -9.990e-29
 283.771979      5.267  36.246511    13.3105     5.4776      5.223    30.2894    22.6867 -9.990e-29
 283.771985      5.146  36.246338    13.3109     5.4803      5.103    30.2890    22.6863 -9.990e-29
 283.771991      5.023  36.246114    13.3111     5.4830      4.981    30.2887    22.6860 -9.990e-29
 283.771997      4.896  36.246071    13.3112     5.4777      4.855    30.2886    22.6860 0.0000e+00
 283.772002      4.768  36.246125    13.3110     5.4776      4.728    30.2889    22.6862 0.0000e+00
 283.772008      4.638  36.246321    13.3114     5.4770      4.599    30.2888    22.6860 0.0000e+00
 283.772014      4.506  36.246893    13.3125     5.4704      4.468    30.2885    22.6856 0.0000e+00
 283.772020      4.373  36.248015    13.3134     5.4753      4.336    30.2889    22.6857 0.0000e+00
 283.772025      4.238  36.249476    13.3137     5.4767      4.203    30.2900    22.6866 0.0000e+00
 283.772031      4.102  36.250956    13.3137     5.4649      4.068    30.2915    22.6876 0.0000e+00
 283.772037      3.970  36.252720    13.3136     5.4827      3.937    30.2932    22.6890 0.0000e+00
 283.772043      3.844  36.254854    13.3136     5.4837      3.812    30.2953    22.6906 -9.990e-29
 283.772049      3.723  36.256255    13.3140     5.4928      3.692    30.2963    22.6913 -9.990e-29
 283.772054      3.597  36.256341    13.3151     5.5076      3.567    30.2955    22.6905 0.0000e+00
 283.772060      3.463  36.255774    13.3169     5.4958      3.434    30.2936    22.6887 0.0000e+00
 283.772066      3.326  36.255280    13.3184     5.4993      3.298    30.2920    22.6872 0.0000e+00
 283.772072      3.189  36.255315    13.3191     5.5013      3.162    30.2916    22.6866 0.0000e+00
 283.772078      3.053  36.255740    13.3197     5.4923      3.027    30.2915    22.6865 0.0000e+00
 283.772083      2.918  36.256001    13.3205     5.4789      2.894    30.2912    22.6861 0.0000e+00
 283.772089      2.782  36.255887    13.3210     5.4655      2.759    30.2907    22.6856 0.0000e+00
 283.772095      2.647  36.255807    13.3214     5.4627      2.625    30.2904    22.6853 0.0000e+00
 283.772101      2.512  36.256214    13.3220     5.4623      2.491    30.2903    22.6851 0.0000e+00
 283.772106      2.378  36.257093    13.3232     5.4398      2.358    30.2903    22.6848 0.0000e+00
 283.772112      2.243  36.258495    13.3244     5.3506      2.224    30.2907    22.6849 0.0000e+00
 283.772118      2.109  36.260050    13.3252     5.2791      2.091    30.2915    22.6854 0.0000e+00
 283.772124      1.975  36.261033    13.3257     5.2502      1.959    30.2921    22.6857 0.0000e+00
 283.772130      1.845  36.261635    13.3266     6.1931      1.830    30.2920    22.6855 -9.990e-29
 283.772135      1.724  36.262659    13.3283     6.2238      1.710    30.2916    22.6849 -9.990e-29
 283.772141      1.614  36.263792    13.3287     6.3110      1.601    30.2924    22.6854 -9.990e-29
 283.772147      1.514  36.262625    13.3234     6.3417      1.501    30.2956    22.6889 -9.990e-29
 283.772153      1.425  36.254242    13.3057     6.3587      1.413    30.3019    22.6972 -9.990e-29
 283.772159      1.343  36.226346    13.2720     6.4087      1.332    30.3028    22.7045 -9.990e-29
 283.772164      1.273  36.142864    13.2267 -9.990e-29      1.262    30.2613    22.6812 -9.990e-29
 283.772170      1.214  35.894725    13.1716 -9.990e-29      1.204    30.0742    22.5473 -9.990e-29
 283.772176      1.163  35.152192    13.1037 -9.990e-29      1.153    29.4371    22.0679 -9.990e-29
 283.772182      1.120  32.924091    13.0321 -9.990e-29      1.111    27.4288    20.5300 -9.990e-29
 283.772187      1.087  26.238495    12.9727 -9.990e-29      1.078    21.3913    15.8825 -9.990e-29
 283.772193      1.063  16.190179    12.9231 -9.990e-29      1.054    12.6434     9.1522 -9.990e-29
 283.772199      1.049   9.227413    12.8670 -9.990e-29      1.040     6.8950     4.7319 -9.990e-29
 283.772205      1.045   6.373303    12.8025 -9.990e-29      1.036     4.6428     3.0028 -9.990e-29
 283.772211      1.041   5.062452    12.7696 -9.990e-29      1.032     3.6332     2.2270 -9.990e-29
 283.772216      1.039   4.454166 -9.990e-29 -9.990e-29      1.030 -9.990e-29 -9.990e-29 -9.990e-29
