data/oxygen options/OCNMS/OCNMS1/raw_data/2016/CAST_CE042_160630faed.cnv
* Sea-Bird SBE19 Data File:
* FileName = C:\2016 Mooring Data\Casts\Data\CAST_CE042_160630.hex
* Software Version 1.59
* Temperature SN = 2997
* Conductivity SN = 2997
* System UpLoad Time = Jun 30 2016 17:17:11
** CAST_CE042_160630
* ds
# nquan = 9                                 
# nvalues = 1636                        
# units = specified
# name 0 = timeJ: Julian Days
# name 1 = prSM: Pressure, Strain Gauge [db]
# name 2 = c0mS/cm: Conductivity [mS/cm]
# name 3 = t090C: Temperature [ITS-90, deg C]
# name 4 = sbeox0ML/L: Oxygen, SBE 43 [ml/l]
# name 5 = depSM: Depth [salt water, m], lat = 47.5
# name 6 = sal00: Salinity, Practical [PSU]
# name 7 = sigma-é00: Density [sigma-theta, kg/m^3]
# name 8 = flag: flag
# span 0 = 182.707928, 182.717390       
# span 1 =     -5.231,     47.199       
# span 2 =   0.016962,  37.617848       
# span 3 =     7.9331,    13.8132       
# span 4 =    -1.9387,    16.0855       
# span 5 =     -5.187,     46.800       
# span 6 =     0.0145,    33.5416       
# span 7 =    -0.7154,    26.1388       
# span 8 = 0.0000e+00, 0.0000e+00       
# interval = seconds: 0.5
# start_time = Jun 30 2016 16:59:25 [Instrument's time stamp, header]
# bad_flag = -9.990e-29
*END*
[from data line 1281]
 182.715341     42.886  34.722205     7.9590     3.0321     42.524    33.4220    26.0412 -9.990e-29
 182.715347     42.816  34.722711     7.9592     3.0261     42.454    33.4223    26.0415 -9.990e-29
 182.715353     42.743  34.722703     7.9592     3.0303     42.382    33.4224    26.0415 -9.990e-29
 182.715359     42.671  34.722475     7.9587     3.0380     42.310    33.4226    26.0418 -9.990e-29
 182.715365     42.602  34.722587     7.9581     3.0297     42.242    33.4234    26.0424 -9.990e-29
 182.715370     42.533  34.722934     7.9579     3.0435     42.174    33.4240    26.0429 -9.990e-29
 182.715376     42.452  34.723159     7.9577     3.0417     42.093    33.4244    26.0433 -9.990e-29
 182.715382     42.352  34.723308     7.9573     3.0417     41.994    33.4250    26.0439 -9.990e-29
 182.715388     42.245  34.723323     7.9570     3.0455     41.888    33.4254    26.0442 -9.990e-29
 182.715394     42.144  34.722966     7.9565     3.0457     41.788    33.4255    26.0444 -9.990e-29
 182.715399     42.054  34.722627     7.9559     3.0477     41.699    33.4258    26.0446 -9.990e-29
 182.715405     41.967  34.722718     7.9557     3.0397     41.613    33.4261    26.0449 -9.990e-29
 182.715411     41.873  34.723103     7.9558     3.0517     41.519    33.4265    26.0452 -9.990e-29
 182.715417     41.764  34.723479     7.9558     3.0438     41.411    33.4269    26.0456 -9.990e-29
 182.715422     41.643  34.723533     7.9556     3.0357     41.291    33.4272    26.0458 -9.990e-29
 182.715428     41.530  34.723080     7.9552     3.0418     41.179    33.4272    26.0458 -9.990e-29
 182.715434     41.435  34.722381     7.9549     3.0378     41.085    33.4268    26.0456 -9.990e-29
 182.715440     41.355  34.721927     7.9549     3.0357     41.006    33.4263    26.0452 -9.990e-29
 182.715446     41.285  34.721975     7.9551     3.0514     40.936    33.4262    26.0451 -9.990e-29
 182.715451     41.222  34.722333     7.9553     3.0511     40.874    33.4264    26.0452 -9.990e-29
 182.715457     41.160  34.722662     7.9555     3.0371     40.812    33.4266    26.0454 -9.990e-29
 182.715463     41.097  34.722586     7.9557     3.0491     40.750    33.4264    26.0451 -9.990e-29
 182.715469     41.027  34.722306     7.9560     3.0532     40.681    33.4258    26.0447 -9.990e-29
 182.715475     40.947  34.722310     7.9563     3.0433     40.601    33.4256    26.0444 -9.990e-29
 182.715480     40.856  34.722349     7.9563     3.0432     40.511    33.4257    26.0445 -9.990e-29
 182.715486     40.757  34.722220     7.9564     3.0415     40.413    33.4255    26.0443 -9.990e-29
 182.715492     40.652  34.722053     7.9568     3.0433     40.309    33.4250    26.0439 -9.990e-29
 182.715498     40.542  34.721930     7.9575     3.0432     40.200    33.4242    26.0432 -9.990e-29
 182.715503     40.425  34.721992     7.9580     3.0473     40.084    33.4239    26.0428 -9.990e-29
 182.715509     40.303  34.722065     7.9579     3.0373     39.963    33.4241    26.0430 -9.990e-29
 182.715515     40.188  34.721990     7.9577     3.0371     39.849    33.4243    26.0432 -9.990e-29
 182.715521     40.095  34.721973     7.9577     3.0466     39.757    33.4243    26.0432 -9.990e-29
 182.715527     40.027  34.721735     7.9577     3.0387     39.689    33.4241    26.0430 -9.990e-29
 182.715532     39.970  34.721263     7.9575     3.0409     39.633    33.4238    26.0428 -9.990e-29
 182.715538     39.912  34.721349     7.9578     3.0471     39.575    33.4236    26.0426 -9.990e-29
 182.715544     39.855  34.721851     7.9586     3.0474     39.519    33.4234    26.0424 -9.990e-29
 182.715550     39.798  34.722062     7.9595     3.0421     39.462    33.4228    26.0417 -9.990e-29
 182.715556     39.733  34.722009     7.9603     3.0465     39.398    33.4220    26.0410 -9.990e-29
 182.715561     39.645  34.721923     7.9609     3.0449     39.310    33.4214    26.0404 -9.990e-29
 182.715567     39.518  34.721992     7.9613     3.0469     39.184    33.4211    26.0402 0.0000e+00
 182.715573     39.358  34.722052     7.9609     3.0484     39.026    33.4217    26.0406 0.0000e+00
 182.715579     39.183  34.721926     7.9588     3.0523     38.852    33.4236    26.0425 0.0000e+00
 182.715584     39.014  34.721751     7.9553     3.0465     38.685    33.4268    26.0455 0.0000e+00
 182.715590     38.861  34.721601     7.9521     3.0444     38.533    33.4298    26.0483 0.0000e+00
 182.715596     38.730  34.721530     7.9529     3.0503     38.403    33.4290    26.0476 -9.990e-29
 182.715602     38.627  34.721583     7.9572     3.0346     38.301    33.4250    26.0438 -9.990e-29
 182.715608     38.549  34.721875     7.9591     3.0421     38.224    33.4236    26.0424 -9.990e-29
 182.715613     38.487  34.722222     7.9583     3.0495     38.162    33.4247    26.0434 -9.990e-29
 182.715619     38.424  34.722463     7.9584     3.0434     38.100    33.4249    26.0436 -9.990e-29
 182.715625     38.344  34.722838     7.9596     3.0472     38.020    33.4242    26.0428 -9.990e-29
 182.715631     38.241  34.723203     7.9601     3.0571     37.918    33.4242    26.0427 -9.990e-29
 182.715637     38.122  34.723402     7.9592     3.0589     37.800    33.4253    26.0437 -9.990e-29
 182.715642     37.992  34.723620     7.9582     3.0549     37.671    33.4266    26.0449 0.0000e+00
 182.715648     37.855  34.724065     7.9580     3.0570     37.536    33.4273    26.0455 0.0000e+00
 182.715654     37.724  34.724690     7.9593     3.0432     37.406    33.4268    26.0449 -9.990e-29
 182.715660     37.609  34.725127     7.9635     3.0510     37.292    33.4233    26.0415 -9.990e-29
 182.715666     37.509  34.725318     7.9691     3.0628     37.193    33.4182    26.0367 -9.990e-29
 182.715671     37.423  34.725435     7.9730     3.0624     37.107    33.4146    26.0333 -9.990e-29
 182.715677     37.341  34.725551     7.9748     3.0642     37.026    33.4131    26.0318 -9.990e-29
 182.715683     37.254  34.725742     7.9757     3.0664     36.940    33.4124    26.0312 -9.990e-29
 182.715689     37.161  34.726179     7.9762     3.0563     36.848    33.4125    26.0312 -9.990e-29
 182.715694     37.064  34.726802     7.9761     3.0538     36.751    33.4133    26.0318 -9.990e-29
 182.715700     36.962  34.727242     7.9757     3.0593     36.650    33.4142    26.0326 -9.990e-29
 182.715706     36.851  34.727442     7.9755     3.0514     36.540    33.4146    26.0330 -9.990e-29
 182.715712     36.738  34.727588     7.9757     3.0530     36.428    33.4147    26.0330 -9.990e-29
 182.715718     36.633  34.727792     7.9771     3.0669     36.324    33.4136    26.0319 -9.990e-29
 182.715723     36.542  34.728246     7.9801     3.0605     36.234    33.4113    26.0296 -9.990e-29
 182.715729     36.463  34.728915     7.9833     3.0620     36.155    33.4089    26.0273 -9.990e-29
 182.715735     36.388  34.729489     7.9861     3.0735     36.081    33.4069    26.0253 -9.990e-29
 182.715741     36.297  34.730091     7.9897     3.0719     35.991    33.4042    26.0227 -9.990e-29
 182.715747     36.183  34.730880     7.9945     3.0682     35.878    33.4005    26.0191 -9.990e-29
 182.715752     36.053  34.731707     7.9988     3.0778     35.749    33.3973    26.0159 0.0000e+00
 182.715758     35.923  34.732475     8.0018     3.0814     35.620    33.3953    26.0139 -9.990e-29
 182.715764     35.799  34.733007     8.0045     3.0931     35.497    33.3934    26.0120 -9.990e-29
 182.715770     35.688  34.733373     8.0073     3.1030     35.387    33.3912    26.0099 -9.990e-29
 182.715775     35.586  34.733978     8.0112     3.0874     35.286    33.3881    26.0069 -9.990e-29
 182.715781     35.492  34.734987     8.0163     3.0792     35.193    33.3844    26.0032 -9.990e-29
 182.715787     35.411  34.736545     8.0205     3.0963     35.112    33.3821    26.0008 -9.990e-29
 182.715793     35.344  34.737852     8.0211     3.0916     35.046    33.3829    26.0014 -9.990e-29
 182.715799     35.273  34.737768     8.0202     3.1008     34.976    33.3837    26.0021 -9.990e-29
 182.715804     35.184  34.737780     8.0217     3.1115     34.887    33.3824    26.0008 -9.990e-29
 182.715810     35.074  34.738939     8.0238     3.0971     34.778    33.3816    26.0000 -9.990e-29
 182.715816     34.942  34.739908     8.0239     3.1049     34.647    33.3826    26.0007 0.0000e+00
 182.715822     34.803  34.740220     8.0234     3.1148     34.510    33.3835    26.0015 0.0000e+00
 182.715828     34.668  34.740768     8.0254     3.1124     34.376    33.3823    26.0002 0.0000e+00
 182.715833     34.542  34.742203     8.0317     3.1297     34.251    33.3778    25.9958 -9.990e-29
 182.715839     34.425  34.744116     8.0410     3.1411     34.135    33.3711    25.9891 -9.990e-29
 182.715845     34.318  34.746180     8.0512     3.1441     34.029    33.3636    25.9818 -9.990e-29
 182.715851     34.224  34.748826     8.0635     3.1474     33.936    33.3547    25.9730 -9.990e-29
 182.715856     34.144  34.752704     8.0781     3.1504     33.856    33.3450    25.9632 -9.990e-29
 182.715862     34.074  34.756746     8.0903     3.1458     33.787    33.3377    25.9557 -9.990e-29
 182.715868     34.001  34.758425     8.0973     3.1627     33.714    33.3329    25.9509 -9.990e-29
 182.715874     33.915  34.758221     8.1019     3.1976     33.629    33.3284    25.9466 -9.990e-29
 182.715880     33.812  34.758581     8.1067     3.2149     33.527    33.3242    25.9427 -9.990e-29
 182.715885     33.688  34.759904     8.1123     3.2801     33.404    33.3204    25.9388 -9.990e-29
 182.715891     33.550  34.762190     8.1200     3.3286     33.267    33.3155    25.9339 0.0000e+00
 182.715897     33.409  34.767287     8.1341     3.3564     33.127    33.3076    25.9256 0.0000e+00
 182.715903     33.282  34.780232     8.1619     3.3797     33.002    33.2951    25.9116 -9.990e-29
 182.715909     33.179  34.808692     8.2119     3.3652     32.899    33.2779    25.8908 -9.990e-29
 182.715914     33.096  34.847996     8.2765     3.3496     32.817    33.2585    25.8659 -9.990e-29
 182.715920     33.030  34.879393     8.3328     3.3548     32.752    33.2385    25.8418 -9.990e-29
 182.715926     32.975  34.892620     8.3653     3.3518     32.697    33.2218    25.8239 -9.990e-29
 182.715932     32.923  34.887893     8.3726     3.3633     32.646    33.2100    25.8135 -9.990e-29
 182.715938     32.860  34.874506     8.3726     3.3844     32.583    33.1958    25.8024 -9.990e-29
 182.715943     32.771  34.869792     8.3824     3.3878     32.495    33.1817    25.7898 -9.990e-29
 182.715949     32.657  34.877455     8.3971     3.4018     32.382    33.1760    25.7831 -9.990e-29
 182.715955     32.521  34.886361     8.4081     3.4196     32.247    33.1751    25.7807 0.0000e+00
 182.715961     32.378  34.891513     8.4173     3.4311     32.105    33.1719    25.7769 0.0000e+00
 182.715966     32.239  34.897464     8.4298     3.4378     31.967    33.1665    25.7707 0.0000e+00
 182.715972     32.112  34.908151     8.4473     3.4499     31.842    33.1613    25.7641 -9.990e-29
 182.715978     32.003  34.922070     8.4660     3.4341     31.733    33.1585    25.7590 -9.990e-29
 182.715984     31.909  34.933071     8.4801     3.4308     31.640    33.1569    25.7556 -9.990e-29
 182.715990     31.823  34.937834     8.4901     3.4579     31.555    33.1525    25.7507 -9.990e-29
 182.715995     31.741  34.940949     8.4986     3.4605     31.474    33.1479    25.7457 -9.990e-29
 182.716001     31.656  34.945369     8.5048     3.4887     31.389    33.1467    25.7439 -9.990e-29
 182.716007     31.560  34.947952     8.5102     3.5170     31.294    33.1444    25.7413 -9.990e-29
 182.716013     31.438  34.949260     8.5187     3.5439     31.173    33.1379    25.7349 -9.990e-29
 182.716019     31.286  34.953194     8.5361     3.5722     31.023    33.1257    25.7227 0.0000e+00
 182.716024     31.124  34.963796     8.5659     3.5855     30.862    33.1090    25.7051 0.0000e+00
 182.716030     30.982  34.985046     8.6047     3.5854     30.721    33.0951    25.6882 -9.990e-29
 182.716036     30.870  35.012176     8.6412     3.6011     30.610    33.0894    25.6783 -9.990e-29
 182.716042     30.781  35.032029     8.6620     3.6033     30.522    33.0908    25.6762 -9.990e-29
 182.716047     30.699  35.039093     8.6697     3.6104     30.441    33.0911    25.6752 -9.990e-29
 182.716053     30.603  35.040472     8.6757     3.6317     30.345    33.0870    25.6710 -9.990e-29
 182.716059     30.489  35.042401     8.6826     3.6401     30.232    33.0826    25.6666 -9.990e-29
 182.716065     30.362  35.045130     8.6885     3.6619     30.106    33.0800    25.6636 0.0000e+00
 182.716071     30.231  35.048857     8.6950     3.6779     29.976    33.0779    25.6610 0.0000e+00
 182.716076     30.104  35.055670     8.7090     3.6759     29.851    33.0720    25.6542 -9.990e-29
 182.716082     29.987  35.067855     8.7337     3.6922     29.735    33.0617    25.6424 -9.990e-29
 182.716088     29.881  35.081988     8.7592     3.7079     29.629    33.0528    25.6314 -9.990e-29
 182.716094     29.782  35.089962     8.7747     3.7037     29.531    33.0467    25.6243 -9.990e-29
 182.716100     29.682  35.090577     8.7857     3.7123     29.432    33.0371    25.6151 -9.990e-29
 182.716105     29.572  35.089613     8.8021     3.7110     29.323    33.0209    25.5998 -9.990e-29
 182.716111     29.459  35.091860     8.8214     3.7130     29.211    33.0053    25.5847 -9.990e-29
 182.716117     29.353  35.097993     8.8396     3.7369     29.106    32.9948    25.5736 -9.990e-29
 182.716123     29.260  35.107713     8.8567     3.7409     29.014    32.9891    25.5665 -9.990e-29
 182.716128     29.175  35.118788     8.8685     3.7439     28.929    32.9897    25.5652 -9.990e-29
 182.716134     29.087  35.125192     8.8741     3.7593     28.842    32.9913    25.5655 -9.990e-29
 182.716140     28.995  35.126988     8.8792     3.7590     28.751    32.9884    25.5625 -9.990e-29
 182.716146     28.897  35.129288     8.8872     3.7869     28.654    32.9834    25.5573 -9.990e-29
 182.716152     28.792  35.134515     8.8974     3.8272     28.550    32.9795    25.5526 -9.990e-29
 182.716157     28.681  35.143398     8.9080     3.8651     28.440    32.9789    25.5506 -9.990e-29
 182.716163     28.562  35.152027     8.9202     3.9116     28.322    32.9766    25.5469 -9.990e-29
 182.716169     28.428  35.157833     8.9411     3.9554     28.189    32.9633    25.5332 0.0000e+00
 182.716175     28.273  35.166793     8.9766     3.9672     28.035    32.9398    25.5093 0.0000e+00
 182.716181     28.105  35.183497     9.0207     3.9854     27.869    32.9164    25.4841 0.0000e+00
 182.716186     27.944  35.208305     9.0669     3.9941     27.709    32.8995    25.4636 0.0000e+00
 182.716192     27.809  35.241751     9.1124     3.9895     27.575    32.8923    25.4508 -9.990e-29
 182.716198     27.708  35.274616     9.1459     3.9925     27.475    32.8955    25.4480 -9.990e-29
 182.716204     27.635  35.291310     9.1607     3.9886     27.403    32.8991    25.4485 -9.990e-29
 182.716209     27.573  35.293302     9.1662     3.9809     27.341    32.8961    25.4453 -9.990e-29
 182.716215     27.504  35.292686     9.1703     3.9940     27.273    32.8917    25.4412 -9.990e-29
 182.716221     27.426  35.294154     9.1741     4.0041     27.195    32.8898    25.4391 -9.990e-29
 182.716227     27.340  35.297341     9.1779     4.0278     27.110    32.8896    25.4384 -9.990e-29
 182.716233     27.247  35.301377     9.1819     4.0844     27.018    32.8902    25.4382 -9.990e-29
 182.716238     27.135  35.305403     9.1856     4.1204     26.907    32.8910    25.4382 -9.990e-29
 182.716244     27.002  35.308545     9.1890     4.1991     26.775    32.8911    25.4378 0.0000e+00
 182.716250     26.865  35.312670     9.1946     4.2586     26.639    32.8903    25.4363 0.0000e+00
 182.716256     26.733  35.323756     9.2111     4.3108     26.508    32.8866    25.4308 0.0000e+00
