data/oxygen options/OCNMS/OCNMS1/raw_data/2016/CAST_KL027_160701faed.cnv
* Sea-Bird SBE19 Data File:
* FileName = C:\2016 Mooring Data\Casts\Data\CAST_KL027_160701.hex
* Software Version 1.59
* Temperature SN = 2997
* Conductivity SN = 2997
* System UpLoad Time = Jul 01 2016 17:21:39
** CAST_KL027_160701
* ds
# nquan = 9                                 
# nvalues = 1129                        
# units = specified
# name 0 = timeJ: Julian Days
# name 1 = prSM: Pressure, Strain Gauge [db]
# name 2 = c0mS/cm: Conductivity [mS/cm]
# name 3 = t090C: Temperature [ITS-90, deg C]
# name 4 = sbeox0ML/L: Oxygen, SBE 43 [ml/l]
# name 5 = depSM: Depth [salt water, m], lat = 47.5
# name 6 = sal00: Salinity, Practical [PSU]
# name 7 = sigma-é00: Density [sigma-theta, kg/m^3]
# name 8 = flag: flag
# span 0 = 183.678461, 183.684988       
# span 1 =     -5.231,     28.687       
# span 2 =   0.146837,  36.992664       
# span 3 =     7.8854,    15.8181       
# span 4 =    -1.9861,    13.4611       
# span 5 =     -5.187,     28.446       
# span 6 =     0.0926,    33.5903       
# span 7 =    -0.5873,    26.1834       
# span 8 = 0.0000e+00, 0.0000e+00       
# interval = seconds: 0.5
# start_time = Jul 01 2016 16:16:59 [Instrument's time stamp, header]
# bad_flag = -9.990e-29
*END*
[from data line 481]
 183.681244      0.248  32.062273    11.0649    -1.6704      0.246    28.0749    21.3785 -9.990e-29
 183.681250      0.320  34.966555    10.9802    -1.6696      0.317    30.9772    23.6482 -9.990e-29
 183.681256      0.382  35.945322    10.9472    -1.6673      0.379    31.9704    24.4265 -9.990e-29
 183.681262      0.432  36.333651    10.9372    -1.6675      0.428    32.3633    24.7340 -9.990e-29
 183.681267      0.475  36.551057    10.9193    -1.6679      0.471    32.5946    24.9171 -9.990e-29
 183.681273      0.512  36.698923    10.8843    -1.6694      0.508    32.7726    25.0618 -9.990e-29
 183.681279      0.542  36.799842    10.8492    -1.6705      0.537    32.9044    25.1706 -9.990e-29
 183.681285      0.563  36.850747    10.8241    -1.6698      0.558    32.9777    25.2320 -9.990e-29
 183.681291      0.580  36.862600    10.8033    -1.6689      0.575    33.0082    25.2594 -9.990e-29
 183.681296      0.598  36.859332    10.7938    -1.6672      0.593    33.0135    25.2652 -9.990e-29
 183.681302      0.618  36.860412    10.8079    -1.6679      0.613    33.0019    25.2537 -9.990e-29
 183.681308      0.638  36.866439    10.8314    -1.6694      0.633    32.9867    25.2377 -9.990e-29
 183.681314      0.655  36.874522    10.8385    -1.6702      0.650    32.9883    25.2378 -9.990e-29
 183.681319      0.669  36.884516    10.8228    -1.6696      0.663    33.0124    25.2593 -9.990e-29
 183.681325      0.681  36.890981    10.7953    -1.6690      0.675    33.0437    25.2885 -9.990e-29
 183.681331      0.693  36.895539    10.7780    -1.6675      0.687    33.0639    25.3072 -9.990e-29
 183.681337      0.701  36.900065    10.7862    -1.6670      0.695    33.0609    25.3035 -9.990e-29
 183.681343      0.701  36.900222    10.8097    -1.6672      0.695    33.0399    25.2830 -9.990e-29
 183.681348      0.697  36.893700    10.8235    -1.6676      0.691    33.0209    25.2658 -9.990e-29
 183.681354      0.698  36.891147    10.8142    -1.6676      0.692    33.0268    25.2720 -9.990e-29
 183.681360      0.703  36.902345    10.7923    -1.6675      0.697    33.0577    25.2999 -9.990e-29
 183.681366      0.708  36.912246    10.7797    -1.6670      0.702    33.0790    25.3187 -9.990e-29
 183.681372      0.715  36.912476    10.7875    -1.6664      0.709    33.0721    25.3120 -9.990e-29
 183.681377      0.719  36.910347    10.8097    -1.6660      0.713    33.0499    25.2908 -9.990e-29
 183.681383      0.720  36.905547    10.8343    -1.6661      0.714    33.0230    25.2655 -9.990e-29
 183.681389      0.728  36.903172    10.8484    -1.6663      0.722    33.0079    25.2513 -9.990e-29
 183.681395      0.742  36.909876    10.8482    -1.6660      0.736    33.0147    25.2566 -9.990e-29
 183.681400      0.754  36.921435    10.8418    -1.6657      0.748    33.0320    25.2712 -9.990e-29
 183.681406      0.763  36.932253    10.8388    -1.6655      0.757    33.0455    25.2822 -9.990e-29
 183.681412      0.767  36.941345    10.8444    -1.6655      0.761    33.0495    25.2843 -9.990e-29
 183.681418      0.767  36.948228    10.8564    -1.6665      0.761    33.0455    25.2791 -9.990e-29
 183.681424      0.764  36.950595    10.8691    -1.6681      0.758    33.0364    25.2698 -9.990e-29
 183.681429      0.760  36.951331    10.8772    -1.6687      0.754    33.0298    25.2633 -9.990e-29
 183.681435      0.761  36.954508    10.8784    -1.6680      0.755    33.0319    25.2647 -9.990e-29
 183.681441      0.767  36.959607    10.8766    -1.6678      0.761    33.0386    25.2702 -9.990e-29
 183.681447      0.777  36.966428    10.8780    -1.6679      0.771    33.0441    25.2743 -9.990e-29
 183.681453      0.788  36.976505    10.8835    -1.6680      0.781    33.0491    25.2772 -9.990e-29
 183.681458      0.797  36.987306    10.8878    -1.6679      0.790    33.0560    25.2818 -9.990e-29
 183.681464      0.803  36.990542    10.8806    -1.6680      0.796    33.0657    25.2906 -9.990e-29
 183.681470      0.809  36.983527    10.8544    -1.6684      0.802    33.0824    25.3082 -9.990e-29
 183.681476      0.813  36.975131    10.8204    -1.6687      0.806    33.1048    25.3316 -9.990e-29
 183.681481      0.816  36.975183    10.8008    -1.6693      0.809    33.1226    25.3489 -9.990e-29
 183.681487      0.818  36.982912    10.8008    -1.6691      0.811    33.1303    25.3549 -9.990e-29
 183.681493      0.820  36.989848    10.8074    -1.6688      0.813    33.1312    25.3545 -9.990e-29
 183.681499      0.821  36.989267    10.8101    -1.6699      0.814    33.1282    25.3517 -9.990e-29
 183.681505      0.822  36.981806    10.8087    -1.6706      0.815    33.1220    25.3471 -9.990e-29
 183.681510      0.823  36.975178    10.8049    -1.6710      0.816    33.1189    25.3453 -9.990e-29
 183.681516      0.823  36.975402    10.7974    -1.6720      0.816    33.1259    25.3521 -9.990e-29
 183.681522      0.824  36.980823    10.7862    -1.6710      0.817    33.1414    25.3662 -9.990e-29
 183.681528      0.824  36.987186    10.7743    -1.6696      0.817    33.1586    25.3816 -9.990e-29
 183.681534      0.824  36.992051    10.7671    -1.6689      0.817    33.1699    25.3917 -9.990e-29
 183.681539      0.823  36.992664    10.7678    -1.6686      0.816    33.1699    25.3916 -9.990e-29
 183.681545      0.822  36.986202    10.7698    -1.6689      0.815    33.1617    25.3848 -9.990e-29
 183.681551      0.821  36.971059    10.7640    -1.6710      0.814    33.1518    25.3782 -9.990e-29
 183.681557      0.820  36.943582    10.7491    -1.6710      0.813    33.1379    25.3699 -9.990e-29
 183.681563      0.818  36.910574    10.7316    -1.6699      0.811    33.1208    25.3597 -9.990e-29
 183.681568      0.816  36.893875    10.7262    -1.6701      0.809    33.1090    25.3515 -9.990e-29
 183.681574      0.813  36.893916    10.7449    -1.6709      0.806    33.0921    25.3350 -9.990e-29
 183.681580      0.809  36.891983    10.7762    -1.6715      0.802    33.0619    25.3060 -9.990e-29
 183.681586      0.804  36.883539    10.7988    -1.6708      0.797    33.0330    25.2796 -9.990e-29
 183.681591      0.802  36.874428    10.8045    -1.6706      0.795    33.0188    25.2675 -9.990e-29
 183.681597      0.807  36.871287    10.7923    -1.6702      0.800    33.0267    25.2758 -9.990e-29
 183.681603      0.814  36.872459    10.7718    -1.6700      0.807    33.0464    25.2947 -9.990e-29
 183.681609      0.821  36.869147    10.7636    -1.6704      0.814    33.0505    25.2993 -9.990e-29
 183.681615      0.827  36.861698    10.7671    -1.6703      0.820    33.0399    25.2905 -9.990e-29
 183.681620      0.834  36.857830    10.7638    -1.6705      0.827    33.0390    25.2904 -9.990e-29
 183.681626      0.840  36.858274    10.7513    -1.6711      0.833    33.0508    25.3017 -9.990e-29
 183.681632      0.848  36.859990    10.7439    -1.6712      0.841    33.0592    25.3095 -9.990e-29
 183.681638      0.853  36.862747    10.7488    -1.6714      0.846    33.0575    25.3074 -9.990e-29
 183.681644      0.851  36.864340    10.7584    -1.6708      0.844    33.0504    25.3002 -9.990e-29
 183.681649      0.846  36.862696    10.7656    -1.6704      0.839    33.0422    25.2925 -9.990e-29
 183.681655      0.842  36.860952    10.7680    -1.6702      0.835    33.0383    25.2891 -9.990e-29
 183.681661      0.839  36.862674    10.7661    -1.6704      0.832    33.0418    25.2921 -9.990e-29
 183.681667      0.837  36.864843    10.7622    10.2605      0.830    33.0475    25.2972 -9.990e-29
 183.681672      0.836  36.863912    10.7548    13.3346      0.829    33.0532    25.3030 -9.990e-29
 183.681678      0.835  36.862288    10.7448    13.4611      0.828    33.0606    25.3105 -9.990e-29
 183.681684      0.835  36.862013    10.7374    10.9690      0.828    33.0671    25.3168 -9.990e-29
 183.681690      0.835  36.863004    10.7376     5.8192      0.828    33.0679    25.3174 -9.990e-29
 183.681696      0.836  36.865184    10.7464     5.9776      0.829    33.0621    25.3114 -9.990e-29
 183.681701      0.837  36.866703    10.7572     6.2355      0.830    33.0538    25.3030 -9.990e-29
 183.681707      0.839  36.865948    10.7637     6.3579      0.832    33.0472    25.2967 -9.990e-29
 183.681713      0.842  36.862200    10.7649     6.3730      0.835    33.0424    25.2928 -9.990e-29
 183.681719      0.846  36.854111    10.7615     6.3500      0.839    33.0374    25.2895 -9.990e-29
 183.681725      0.851  36.839589    10.7549     6.3084      0.844    33.0289    25.2840 -9.990e-29
 183.681730      0.858  36.824206    10.7485     6.2354      0.851    33.0193    25.2777 -9.990e-29
 183.681736      0.866  36.817991    10.7473     6.1734      0.859    33.0142    25.2739 -9.990e-29
 183.681742      0.873  36.820787    10.7531     6.1040      0.866    33.0117    25.2710 -9.990e-29
 183.681748      0.873  36.827640    10.7596     6.0551      0.866    33.0127    25.2706 -9.990e-29
 183.681753      0.873  36.831724    10.7598     6.0457      0.866    33.0166    25.2736 -9.990e-29
 183.681759      0.875  36.827006    10.7491     6.0597      0.868    33.0215    25.2793 -9.990e-29
 183.681765      0.881  36.810846    10.7276     6.0898      0.874    33.0248    25.2856 -9.990e-29
 183.681771      0.890  36.783271    10.7060     6.1212      0.883    33.0168    25.2832 -9.990e-29
 183.681777      0.899  36.759901    10.7002     6.1526      0.891    32.9987    25.2701 -9.990e-29
 183.681782      0.900  36.759156    10.7125     6.1497      0.892    32.9869    25.2587 -9.990e-29
 183.681788      0.892  36.773601    10.7285     6.1231      0.885    32.9868    25.2559 -9.990e-29
 183.681794      0.884  36.786364    10.7392     6.0936      0.877    32.9899    25.2564 -9.990e-29
 183.681800      0.880  36.796823    10.7469     6.0752      0.873    32.9934    25.2578 -9.990e-29
 183.681806      0.879  36.808569    10.7523     6.0801      0.872    33.0003    25.2622 -9.990e-29
 183.681811      0.881  36.813460    10.7530     6.0910      0.874    33.0045    25.2654 -9.990e-29
 183.681817      0.887  36.799815    10.7461     6.1178      0.880    32.9971    25.2608 -9.990e-29
 183.681823      0.892  36.778859    10.7328     6.1413      0.885    32.9882    25.2562 -9.990e-29
 183.681829      0.892  36.769993    10.7232     6.1459      0.885    32.9880    25.2577 -9.990e-29
 183.681834      0.889  36.771763    10.7250     6.1498      0.882    32.9882    25.2575 -9.990e-29
 183.681840      0.881  36.780651    10.7337     6.1604      0.874    32.9892    25.2568 -9.990e-29
 183.681846      0.872  36.791981    10.7401     6.1711      0.865    32.9947    25.2600 -9.990e-29
 183.681852      0.865  36.798180    10.7429     6.1962      0.858    32.9984    25.2624 -9.990e-29
 183.681858      0.862  36.801638    10.7479     6.2325      0.855    32.9973    25.2607 -9.990e-29
 183.681863      0.860  36.805569    10.7541     6.2607      0.853    32.9956    25.2583 -9.990e-29
 183.681869      0.861  36.809339    10.7571     6.2818      0.854    32.9967    25.2586 -9.990e-29
 183.681875      0.863  36.812659    10.7610     6.2948      0.856    32.9965    25.2577 -9.990e-29
 183.681881      0.868  36.818002    10.7704     6.3067      0.861    32.9933    25.2536 -9.990e-29
 183.681887      0.876  36.829975    10.7848     6.3086      0.869    32.9923    25.2503 -9.990e-29
 183.681892      0.887  36.849702    10.8039     6.2940      0.880    32.9947    25.2488 -9.990e-29
 183.681898      0.901  36.862319    10.8228     6.2590      0.893    32.9902    25.2420 -9.990e-29
 183.681904      0.916  36.858049    10.8347     6.2035      0.908    32.9752    25.2283 -9.990e-29
 183.681910      0.923  36.855575    10.8423     6.1454      0.915    32.9659    25.2197 -9.990e-29
 183.681916      0.920  36.862530    10.8487     6.0971      0.912    32.9671    25.2194 -9.990e-29
 183.681921      0.910  36.865509    10.8488     6.0735      0.902    32.9699    25.2217 -9.990e-29
 183.681927      0.901  36.857004    10.8410     6.0933      0.893    32.9685    25.2219 -9.990e-29
 183.681933      0.896  36.841650    10.8289     6.1453      0.889    32.9641    25.2206 -9.990e-29
 183.681939      0.896  36.819424    10.8148     6.1839      0.889    32.9547    25.2158 -9.990e-29
 183.681944      0.897  36.787865    10.8051     6.2041      0.890    32.9320    25.1998 -9.990e-29
 183.681950      0.893  36.768472    10.8059     6.2057      0.886    32.9120    25.1841 -9.990e-29
 183.681956      0.888  36.774880    10.8139     6.1902      0.881    32.9112    25.1820 -9.990e-29
 183.681962      0.884  36.794399    10.8236     6.1859      0.877    32.9219    25.1887 -9.990e-29
 183.681968      0.875  36.815113    10.8316     6.1830      0.868    32.9353    25.1977 -9.990e-29
 183.681973      0.864  36.828137    10.8346     6.1863      0.857    32.9456    25.2052 -9.990e-29
 183.681979      0.856  36.829613    10.8300     6.1959      0.849    32.9512    25.2104 -9.990e-29
 183.681985      0.849  36.823022    10.8177     6.1966      0.842    32.9557    25.2160 -9.990e-29
 183.681991      0.844  36.810772    10.8047     6.1963      0.837    32.9552    25.2179 -9.990e-29
 183.681997      0.840  36.802290    10.8004     6.2058      0.833    32.9506    25.2151 -9.990e-29
 183.682002      0.837  36.806422    10.8027     6.2220      0.830    32.9527    25.2163 -9.990e-29
 183.682008      0.839  36.814667    10.8013     6.2334      0.832    32.9622    25.2239 -9.990e-29
 183.682014      0.850  36.816726    10.7933     6.2398      0.843    32.9714    25.2325 -9.990e-29
 183.682020      0.863  36.814220    10.7871     6.2173      0.856    32.9745    25.2360 -9.990e-29
 183.682025      0.869  36.814445    10.7907     6.1911      0.862    32.9715    25.2330 -9.990e-29
 183.682031      0.874  36.819372    10.7992     6.1531      0.867    32.9687    25.2294 -9.990e-29
 183.682037      0.881  36.824921    10.8040     6.1325      0.874    32.9699    25.2295 -9.990e-29
 183.682043      0.893  36.828961    10.8044     6.1400      0.886    32.9736    25.2323 -9.990e-29
 183.682049      0.904  36.829595    10.8021     6.1607      0.896    32.9763    25.2348 -9.990e-29
 183.682054      0.911  36.821501    10.7953     6.1778      0.903    32.9743    25.2345 -9.990e-29
 183.682060      0.919  36.804526    10.7847     6.1843      0.911    32.9670    25.2306 -9.990e-29
 183.682066      0.929  36.790757    10.7769     6.1967      0.921    32.9603    25.2267 -9.990e-29
 183.682072      0.933  36.790959    10.7775     6.2110      0.925    32.9599    25.2264 -9.990e-29
 183.682078      0.926  36.799228    10.7854     6.2131      0.918    32.9611    25.2259 -9.990e-29
 183.682083      0.913  36.805857    10.7942     6.2081      0.905    32.9597    25.2233 -9.990e-29
 183.682089      0.901  36.810718    10.7973     6.2033      0.893    32.9618    25.2244 -9.990e-29
 183.682095      0.894  36.815806    10.7936     6.2136      0.887    32.9702    25.2315 -9.990e-29
 183.682101      0.891  36.818381    10.7877     6.2324      0.884    32.9781    25.2387 -9.990e-29
 183.682106      0.892  36.817951    10.7843     6.2434      0.885    32.9807    25.2414 -9.990e-29
 183.682112      0.898  36.818415    10.7833     6.2392      0.891    32.9821    25.2426 -9.990e-29
 183.682118      0.903  36.819267    10.7831     6.2274      0.895    32.9831    25.2434 -9.990e-29
 183.682124      0.905  36.818274    10.7844     6.2107      0.897    32.9810    25.2415 -9.990e-29
 183.682130      0.907  36.816904    10.7897     6.1925      0.899    32.9748    25.2358 -9.990e-29
 183.682135      0.910  36.819487    10.7986     6.1840      0.902    32.9694    25.2300 -9.990e-29
 183.682141      0.906  36.826663    10.8054     6.1982      0.898    32.9704    25.2296 -9.990e-29
 183.682147      0.894  36.833991    10.8060     6.2078      0.887    32.9771    25.2348 -9.990e-29
 183.682153      0.881  36.835553    10.8002     6.2210      0.874    32.9839    25.2411 -9.990e-29
 183.682159      0.872  36.825585    10.7906     6.2273      0.865    32.9827    25.2418 -9.990e-29
