data/oxygen options/OCNMS/OCNMS1/raw_data/2016/CAST_CA042_160823faed.cnv
* Sea-Bird SBE19 Data File:
* FileName = C:\2016 Mooring Data\Casts\Data\CAST_CA042_160823.hex
* Software Version 1.59
* Temperature SN = 2997
* Conductivity SN = 2997
* System UpLoad Time = Aug 23 2016 20:04:22
** CAST_CA042_160823
* ds
# nquan = 9                                 
# nvalues = 1266                        
# units = specified
# name 0 = timeJ: Julian Days
# name 1 = prSM: Pressure, Strain Gauge [db]
# name 2 = c0mS/cm: Conductivity [mS/cm]
# name 3 = t090C: Temperature [ITS-90, deg C]
# name 4 = sbeox0ML/L: Oxygen, SBE 43 [ml/l]
# name 5 = depSM: Depth [salt water, m], lat = 47.5
# name 6 = sal00: Salinity, Practical [PSU]
# name 7 = sigma-é00: Density [sigma-theta, kg/m^3]
# name 8 = flag: flag
# span 0 = 236.778461, 236.785781       
# span 1 =     -5.298,     42.529       
# span 2 =   0.011930,  38.026197       
# span 3 =     7.7737,    14.8732       
# span 4 =    -1.8971,    17.7448       
# span 5 =     -5.254,     42.170       
# span 6 =     0.0121,    33.6634       
# span 7 =    -0.8704,    26.2565       
# span 8 = 0.0000e+00, 0.0000e+00       
# interval = seconds: 0.5
# start_time = Aug 23 2016 18:40:59 [Instrument's time stamp, header]
# bad_flag = -9.990e-29
*END*
[from data line 961]
 236.784022     38.232  34.779473     7.7809     3.0255     37.909    33.6567    26.2514 -9.990e-29
 236.784028     38.106  34.778149     7.7815     3.0312     37.784    33.6548    26.2498 0.0000e+00
 236.784034     37.963  34.778252     7.7832     3.0470     37.643    33.6533    26.2484 0.0000e+00
 236.784039     37.798  34.779793     7.7864     3.0763     37.479    33.6520    26.2469 0.0000e+00
 236.784045     37.615  34.781927     7.7923     3.1022     37.298    33.6486    26.2434 0.0000e+00
 236.784051     37.427  34.784642     7.8024     3.1227     37.111    33.6419    26.2367 0.0000e+00
 236.784057     37.252  34.789291     7.8193     3.1271     36.938    33.6307    26.2254 0.0000e+00
 236.784063     37.101  34.799268     7.8458     3.1315     36.788    33.6159    26.2100 0.0000e+00
 236.784068     36.976  34.816132     7.8743     3.1262     36.664    33.6066    26.1985 -9.990e-29
 236.784074     36.874  34.830475     7.8936     3.1247     36.563    33.6035    26.1932 -9.990e-29
 236.784080     36.788  34.837370     7.9043     3.1436     36.478    33.6006    26.1894 -9.990e-29
 236.784086     36.709  34.843796     7.9115     3.1485     36.399    33.6006    26.1883 -9.990e-29
 236.784091     36.618  34.848827     7.9172     3.1825     36.309    33.6005    26.1875 -9.990e-29
 236.784097     36.498  34.849669     7.9236     3.2165     36.190    33.5954    26.1825 -9.990e-29
 236.784103     36.340  34.850265     7.9357     3.2767     36.034    33.5844    26.1721 0.0000e+00
 236.784109     36.148  34.855351     7.9549     3.3421     35.843    33.5715    26.1592 0.0000e+00
 236.784115     35.935  34.866130     7.9801     3.4071     35.632    33.5590    26.1456 0.0000e+00
 236.784120     35.721  34.880762     8.0110     3.4237     35.420    33.5451    26.1301 0.0000e+00
 236.784126     35.519  34.897504     8.0469     3.4562     35.220    33.5286    26.1120 0.0000e+00
 236.784132     35.337  34.921346     8.0922     3.4750     35.039    33.5108    26.0913 0.0000e+00
 236.784138     35.185  34.958908     8.1394     3.5084     34.888    33.5058    26.0803 -9.990e-29
 236.784144     35.061  34.990307     8.1677     3.5509     34.765    33.5122    26.0812 -9.990e-29
 236.784149     34.954  35.007042     8.1830     3.6122     34.659    33.5154    26.0814 -9.990e-29
 236.784155     34.849  35.024735     8.2062     3.6654     34.555    33.5121    26.0754 -9.990e-29
 236.784161     34.733  35.038443     8.2408     3.7260     34.440    33.4937    26.0558 -9.990e-29
 236.784167     34.605  35.049666     8.2783     3.7728     34.313    33.4700    26.0315 0.0000e+00
 236.784172     34.474  35.068351     8.3190     3.8323     34.183    33.4511    26.0106 0.0000e+00
 236.784178     34.347  35.102081     8.3631     3.8958     34.058    33.4450    25.9992 0.0000e+00
 236.784184     34.217  35.145461     8.4052     3.9702     33.929    33.4509    25.9975 0.0000e+00
 236.784190     34.072  35.175163     8.4520     4.0753     33.785    33.4379    25.9803 0.0000e+00
 236.784196     33.906  35.193862     8.5108     4.1865     33.620    33.4020    25.9432 0.0000e+00
 236.784201     33.726  35.219236     8.5738     4.2752     33.442    33.3692    25.9079 0.0000e+00
 236.784207     33.546  35.250984     8.6322     4.3268     33.263    33.3476    25.8819 0.0000e+00
 236.784213     33.376  35.289473     8.6853     4.3624     33.095    33.3380    25.8663 0.0000e+00
 236.784219     33.218  35.346854     8.7299     4.3759     32.938    33.3563    25.8737 0.0000e+00
 236.784225     33.071  35.411189     8.7627     4.3922     32.792    33.3929    25.8973 0.0000e+00
 236.784230     32.934  35.451808     8.7888     4.3989     32.657    33.4109    25.9074 0.0000e+00
 236.784236     32.803  35.468579     8.8147     4.4160     32.527    33.4041    25.8981 0.0000e+00
 236.784242     32.673  35.482210     8.8369     4.4228     32.398    33.3975    25.8894 0.0000e+00
 236.784248     32.548  35.499700     8.8507     4.4172     32.274    33.4029    25.8915 -9.990e-29
 236.784253     32.435  35.515835     8.8600     4.4107     32.162    33.4110    25.8964 -9.990e-29
 236.784259     32.329  35.527512     8.8693     4.4069     32.057    33.4145    25.8977 -9.990e-29
 236.784265     32.225  35.534084     8.8794     4.3957     31.954    33.4119    25.8941 -9.990e-29
 236.784271     32.115  35.536494     8.8892     4.4023     31.844    33.4053    25.8874 -9.990e-29
 236.784277     31.998  35.538539     8.8962     4.4052     31.728    33.4009    25.8828 -9.990e-29
 236.784282     31.873  35.541288     8.8995     4.4267     31.605    33.4007    25.8822 0.0000e+00
 236.784288     31.742  35.542827     8.9022     4.4509     31.475    33.3998    25.8811 0.0000e+00
 236.784294     31.605  35.542991     8.9079     4.4748     31.339    33.3947    25.8762 0.0000e+00
 236.784300     31.461  35.543702     8.9185     4.4864     31.196    33.3855    25.8673 0.0000e+00
 236.784306     31.315  35.547049     8.9339     4.5131     31.051    33.3746    25.8564 0.0000e+00
 236.784311     31.178  35.554155     8.9485     4.5156     30.915    33.3684    25.8492 -9.990e-29
 236.784317     31.063  35.566681     8.9582     4.5255     30.801    33.3724    25.8508 -9.990e-29
 236.784323     30.972  35.584553     8.9643     4.5236     30.711    33.3853    25.8600 -9.990e-29
 236.784329     30.894  35.600823     8.9686     4.5227     30.634    33.3983    25.8695 -9.990e-29
 236.784334     30.815  35.609204     8.9729     4.5201     30.556    33.4030    25.8725 -9.990e-29
 236.784340     30.727  35.610812     8.9781     4.5342     30.468    33.3999    25.8692 -9.990e-29
 236.784346     30.628  35.610612     8.9831     4.5435     30.370    33.3950    25.8646 -9.990e-29
 236.784352     30.525  35.612839     8.9852     4.5652     30.268    33.3954    25.8646 -9.990e-29
 236.784358     30.424  35.616566     8.9846     4.5815     30.168    33.3999    25.8682 -9.990e-29
 236.784363     30.318  35.618383     8.9853     4.6053     30.063    33.4012    25.8691 -9.990e-29
 236.784369     30.192  35.619055     8.9914     4.6121     29.938    33.3962    25.8642 0.0000e+00
 236.784375     30.043  35.622857     9.0031     4.6236     29.790    33.3892    25.8569 0.0000e+00
 236.784381     29.883  35.632638     9.0156     4.6391     29.631    33.3878    25.8538 0.0000e+00
 236.784387     29.726  35.647465     9.0256     4.6607     29.476    33.3939    25.8570 0.0000e+00
 236.784392     29.589  35.662489     9.0323     4.6845     29.340    33.4033    25.8633 -9.990e-29
 236.784398     29.476  35.670326     9.0352     4.7223     29.228    33.4088    25.8672 -9.990e-29
 236.784404     29.375  35.673049     9.0397     4.7433     29.128    33.4075    25.8654 -9.990e-29
 236.784410     29.276  35.679911     9.0523     4.7709     29.030    33.4028    25.8598 -9.990e-29
 236.784416     29.172  35.692799     9.0718     4.7926     28.926    33.3980    25.8529 -9.990e-29
 236.784421     29.057  35.705398     9.0941     4.8062     28.812    33.3902    25.8433 -9.990e-29
 236.784427     28.927  35.714369     9.1161     4.8051     28.684    33.3790    25.8310 0.0000e+00
 236.784433     28.788  35.724419     9.1344     4.7927     28.546    33.3723    25.8229 0.0000e+00
 236.784439     28.647  35.734971     9.1466     4.7850     28.406    33.3719    25.8207 0.0000e+00
 236.784444     28.512  35.745001     9.1535     4.7894     28.272    33.3759    25.8227 -9.990e-29
 236.784450     28.393  35.756145     9.1559     4.7839     28.154    33.3853    25.8297 -9.990e-29
 236.784456     28.290  35.763685     9.1534     4.7871     28.052    33.3955    25.8380 -9.990e-29
 236.784462     28.192  35.762018     9.1492     4.7784     27.955    33.3978    25.8405 -9.990e-29
 236.784468     28.089  35.756220     9.1479     4.7902     27.853    33.3930    25.8370 -9.990e-29
 236.784473     27.974  35.754823     9.1493     4.8001     27.739    33.3903    25.8346 -9.990e-29
 236.784479     27.844  35.755981     9.1516     4.8098     27.610    33.3894    25.8335 0.0000e+00
 236.784485     27.704  35.757901     9.1540     4.8159     27.471    33.3892    25.8330 0.0000e+00
 236.784491     27.558  35.761484     9.1555     4.8119     27.326    33.3916    25.8346 0.0000e+00
 236.784497     27.405  35.764251     9.1565     4.8062     27.174    33.3936    25.8360 0.0000e+00
 236.784502     27.247  35.764873     9.1583     4.7971     27.018    33.3926    25.8350 0.0000e+00
 236.784508     27.098  35.765321     9.1609     4.7984     26.870    33.3907    25.8331 0.0000e+00
 236.784514     26.971  35.767896     9.1630     4.8036     26.744    33.3915    25.8333 -9.990e-29
 236.784520     26.873  35.771572     9.1633     4.8047     26.647    33.3951    25.8361 -9.990e-29
 236.784525     26.793  35.772875     9.1620     4.8103     26.568    33.3977    25.8383 -9.990e-29
 236.784531     26.717  35.771881     9.1606     4.8142     26.492    33.3980    25.8388 -9.990e-29
 236.784537     26.633  35.770645     9.1608     4.8270     26.409    33.3966    25.8377 -9.990e-29
 236.784543     26.529  35.769780     9.1633     4.8291     26.306    33.3934    25.8348 -9.990e-29
 236.784549     26.404  35.769832     9.1663     4.8389     26.182    33.3907    25.8322 0.0000e+00
 236.784554     26.263  35.770891     9.1692     4.8354     26.042    33.3891    25.8305 0.0000e+00
 236.784560     26.114  35.772711     9.1724     4.8435     25.894    33.3881    25.8292 0.0000e+00
 236.784566     25.969  35.775503     9.1759     4.8433     25.751    33.3878    25.8284 0.0000e+00
 236.784572     25.840  35.780212     9.1798     4.8364     25.623    33.3891    25.8287 -9.990e-29
 236.784578     25.727  35.785859     9.1828     4.8398     25.511    33.3922    25.8307 -9.990e-29
 236.784583     25.619  35.789355     9.1839     4.8350     25.404    33.3948    25.8326 -9.990e-29
 236.784589     25.505  35.789782     9.1833     4.8347     25.291    33.3959    25.8335 -9.990e-29
 236.784595     25.390  35.788850     9.1821     4.8404     25.177    33.3961    25.8339 -9.990e-29
 236.784601     25.288  35.788140     9.1809     4.8384     25.075    33.3965    25.8344 -9.990e-29
 236.784606     25.198  35.787847     9.1797     4.8379     24.986    33.3974    25.8353 -9.990e-29
 236.784612     25.109  35.787600     9.1791     4.8353     24.898    33.3977    25.8356 -9.990e-29
 236.784618     25.019  35.787091     9.1794     4.8318     24.809    33.3969    25.8350 -9.990e-29
 236.784624     24.928  35.786221     9.1798     4.8237     24.718    33.3957    25.8339 -9.990e-29
 236.784630     24.830  35.785533     9.1798     4.8296     24.621    33.3950    25.8334 -9.990e-29
 236.784635     24.722  35.785250     9.1793     4.8245     24.514    33.3953    25.8337 -9.990e-29
 236.784641     24.606  35.785017     9.1792     4.8318     24.399    33.3952    25.8336 -9.990e-29
 236.784647     24.484  35.785105     9.1799     4.8424     24.278    33.3947    25.8331 -9.990e-29
 236.784653     24.356  35.785653     9.1813     4.8493     24.151    33.3940    25.8323 0.0000e+00
 236.784659     24.223  35.786292     9.1840     4.8450     24.019    33.3922    25.8305 0.0000e+00
 236.784664     24.089  35.787336     9.1873     4.8375     23.887    33.3902    25.8284 0.0000e+00
 236.784670     23.963  35.789079     9.1901     4.8468     23.762    33.3895    25.8274 -9.990e-29
 236.784676     23.849  35.791068     9.1917     4.8486     23.649    33.3901    25.8276 -9.990e-29
 236.784682     23.744  35.793177     9.1914     4.8669     23.544    33.3926    25.8296 -9.990e-29
 236.784687     23.642  35.794879     9.1897     4.8743     23.443    33.3960    25.8326 -9.990e-29
 236.784693     23.537  35.795102     9.1892     4.8684     23.339    33.3967    25.8332 -9.990e-29
 236.784699     23.426  35.794726     9.1913     4.8880     23.229    33.3944    25.8311 -9.990e-29
 236.784705     23.310  35.795510     9.1947     4.8764     23.114    33.3921    25.8287 -9.990e-29
 236.784711     23.186  35.797400     9.1980     4.8791     22.991    33.3910    25.8274 -9.990e-29
 236.784716     23.052  35.799018     9.2006     4.8750     22.858    33.3904    25.8264 0.0000e+00
 236.784722     22.910  35.799744     9.2021     4.8728     22.718    33.3898    25.8257 0.0000e+00
 236.784728     22.770  35.800008     9.2022     4.8761     22.579    33.3900    25.8259 0.0000e+00
 236.784734     22.635  35.800185     9.2017     4.8794     22.445    33.3907    25.8265 0.0000e+00
 236.784740     22.505  35.800718     9.2021     4.8715     22.316    33.3910    25.8266 -9.990e-29
 236.784745     22.384  35.801766     9.2030     4.8815     22.196    33.3913    25.8267 -9.990e-29
 236.784751     22.274  35.803236     9.2032     4.8756     22.087    33.3926    25.8278 -9.990e-29
 236.784757     22.162  35.804285     9.2032     4.8792     21.976    33.3938    25.8287 -9.990e-29
 236.784763     22.043  35.804251     9.2036     4.8811     21.858    33.3934    25.8283 -9.990e-29
 236.784769     21.917  35.804201     9.2056     4.8902     21.733    33.3916    25.8265 0.0000e+00
 236.784774     21.785  35.805181     9.2091     4.8953     21.602    33.3894    25.8243 0.0000e+00
 236.784780     21.651  35.807370     9.2127     4.8990     21.469    33.3883    25.8229 0.0000e+00
 236.784786     21.519  35.810320     9.2160     4.8897     21.338    33.3884    25.8224 0.0000e+00
 236.784792     21.385  35.812917     9.2176     4.8952     21.205    33.3896    25.8231 0.0000e+00
 236.784797     21.250  35.814137     9.2174     4.8971     21.072    33.3911    25.8243 0.0000e+00
 236.784803     21.121  35.814479     9.2173     4.9103     20.944    33.3916    25.8247 -9.990e-29
 236.784809     21.004  35.814953     9.2178     4.9065     20.828    33.3917    25.8247 -9.990e-29
 236.784815     20.899  35.816745     9.2190     4.9052     20.724    33.3925    25.8251 -9.990e-29
 236.784821     20.800  35.819997     9.2211     4.8961     20.625    33.3939    25.8259 -9.990e-29
 236.784826     20.697  35.822318     9.2235     4.9044     20.523    33.3941    25.8257 -9.990e-29
 236.784832     20.586  35.822873     9.2253     4.9023     20.413    33.3931    25.8246 -9.990e-29
 236.784838     20.466  35.822956     9.2268     4.9065     20.294    33.3918    25.8233 -9.990e-29
 236.784844     20.333  35.823229     9.2277     4.9008     20.162    33.3913    25.8228 0.0000e+00
 236.784850     20.191  35.823490     9.2270     4.8936     20.022    33.3923    25.8237 0.0000e+00
 236.784855     20.048  35.823520     9.2254     4.8875     19.880    33.3939    25.8252 0.0000e+00
 236.784861     19.913  35.823352     9.2242     4.8913     19.746    33.3949    25.8262 -9.990e-29
 236.784867     19.790  35.822755     9.2232     4.8886     19.624    33.3953    25.8266 -9.990e-29
 236.784873     19.674  35.821488     9.2216     4.8888     19.509    33.3955    25.8270 -9.990e-29
 236.784878     19.564  35.819534     9.2195     4.8825     19.400    33.3955    25.8274 -9.990e-29
 236.784884     19.460  35.817078     9.2175     4.8792     19.297    33.3949    25.8272 -9.990e-29
 236.784890     19.360  35.815318     9.2162     4.8824     19.198    33.3943    25.8270 -9.990e-29
 236.784896     19.254  35.815260     9.2160     4.8909     19.092    33.3945    25.8271 -9.990e-29
 236.784902     19.126  35.815699     9.2166     4.8888     18.965    33.3945    25.8270 0.0000e+00
 236.784907     18.969  35.815532     9.2169     4.8867     18.810    33.3941    25.8266 0.0000e+00
 236.784913     18.784  35.815088     9.2168     4.8842     18.626    33.3938    25.8264 0.0000e+00
 236.784919     18.586  35.814887     9.2167     4.9048     18.430    33.3938    25.8264 0.0000e+00
 236.784925     18.397  35.815215     9.2166     4.8983     18.243    33.3943    25.8269 0.0000e+00
 236.784931     18.229  35.815946     9.2173     4.9011     18.076    33.3945    25.8269 0.0000e+00
 236.784936     18.090  35.816926     9.2186     4.9041     17.938    33.3943    25.8266 -9.990e-29
