data/oxygen options/OCNMS/OCNMS1/raw_data/2016/CAST_KL027_160804faed.cnv
* Sea-Bird SBE19 Data File:
* FileName = C:\2016 Mooring Data\Casts\Data\CAST_KL027_160804.hex
* Software Version 1.59
* Temperature SN = 2997
* Conductivity SN = 2997
* System UpLoad Time = Aug 04 2016 16:26:54
** CAST_KL027_160804
* ds
# nquan = 9                                 
# nvalues = 1000                        
# units = specified
# name 0 = timeJ: Julian Days
# name 1 = prSM: Pressure, Strain Gauge [db]
# name 2 = c0mS/cm: Conductivity [mS/cm]
# name 3 = t090C: Temperature [ITS-90, deg C]
# name 4 = sbeox0ML/L: Oxygen, SBE 43 [ml/l]
# name 5 = depSM: Depth [salt water, m], lat = 47.5
# name 6 = sal00: Salinity, Practical [PSU]
# name 7 = sigma-é00: Density [sigma-theta, kg/m^3]
# name 8 = flag: flag
# span 0 = 217.660937, 217.666719       
# span 1 =     -5.243,     26.375       
# span 2 =   0.034338,  38.032341       
# span 3 =     7.7707,    12.3477       
# span 4 =    -2.0474,    17.7370       
# span 5 =     -5.199,     26.153       
# span 6 =     0.0242,    33.6847       
# span 7 =    -0.4142,    26.2747       
# span 8 = 0.0000e+00, 0.0000e+00       
# interval = seconds: 0.5
# start_time = Aug 04 2016 15:51:45 [Instrument's time stamp, header]
# bad_flag = -9.990e-29
*END*
 217.660937     -5.243 -9.990e-29    11.0140    -2.0462     -5.199 -9.990e-29 -9.990e-29 -9.990e-29
 217.660943     -5.213   0.072624    11.0103    -2.0461     -5.170     0.0480    -0.3562 -9.990e-29
 217.660949     -5.187   0.070360    11.0080    -2.0461     -5.144     0.0466    -0.3571 -9.990e-29
 217.660955     -5.162   0.067272    11.0074    -2.0461     -5.119     0.0446    -0.3586 -9.990e-29
 217.660961     -5.134   0.064239    11.0081    -2.0462     -5.091     0.0427    -0.3601 -9.990e-29
 217.660966     -5.103   0.062028    11.0102    -2.0461     -5.060     0.0413    -0.3614 -9.990e-29
 217.660972     -5.073   0.060471    11.0133    -2.0459     -5.031     0.0404    -0.3625 -9.990e-29
 217.660978     -5.046   0.058971    11.0156    -2.0455     -5.004     0.0394    -0.3635 -9.990e-29
 217.660984     -5.025   0.057196    11.0167    -2.0450     -4.983     0.0383    -0.3645 -9.990e-29
 217.660990     -5.004   0.055373    11.0181    -2.0447     -4.962     0.0372    -0.3655 -9.990e-29
 217.660995     -4.977   0.054405    11.0198    -2.0440     -4.936     0.0366    -0.3662 -9.990e-29
 217.661001     -4.942   0.054669    11.0209    -2.0435     -4.901     0.0367    -0.3661 -9.990e-29
 217.661007     -4.902   0.055409    11.0214    -2.0432     -4.861     0.0372    -0.3658 -9.990e-29
 217.661013     -4.863   0.055392    11.0221    -2.0434     -4.822     0.0372    -0.3659 -9.990e-29
 217.661019     -4.827   0.054041    11.0246    -2.0437     -4.787     0.0363    -0.3668 -9.990e-29
 217.661024     -4.790   0.052333    11.0295    -2.0442     -4.750     0.0353    -0.3682 -9.990e-29
 217.661030     -4.756   0.051327    11.0361    -2.0445     -4.716     0.0347    -0.3693 -9.990e-29
 217.661036     -4.730   0.051349    11.0443    -2.0448     -4.691     0.0347    -0.3702 -9.990e-29
 217.661042     -4.707   0.052430    11.0541    -2.0450     -4.668     0.0353    -0.3706 -9.990e-29
 217.661047     -4.676   0.053790    11.0645    -2.0449     -4.637     0.0362    -0.3710 -9.990e-29
 217.661053     -4.645   0.054468    11.0725    -2.0445     -4.606     0.0366    -0.3715 -9.990e-29
 217.661059     -4.619   0.054260    11.0762    -2.0442     -4.581     0.0365    -0.3720 -9.990e-29
 217.661065     -4.594   0.054000    11.0751    -2.0437     -4.556     0.0363    -0.3720 -9.990e-29
 217.661071     -4.562   0.054456    11.0701    -2.0436     -4.524     0.0366    -0.3713 -9.990e-29
 217.661076     -4.526   0.055126    11.0633    -2.0441     -4.488     0.0370    -0.3703 -9.990e-29
 217.661082     -4.489   0.055239    11.0572    -2.0447     -4.452     0.0371    -0.3696 -9.990e-29
 217.661088     -4.448   0.054947    11.0529    -2.0454     -4.411     0.0369    -0.3693 -9.990e-29
 217.661094     -4.404   0.054975    11.0513    -2.0462     -4.367     0.0369    -0.3691 -9.990e-29
 217.661100     -4.363   0.055360    11.0534    -2.0467     -4.327     0.0372    -0.3691 -9.990e-29
 217.661105     -4.327   0.055509    11.0584    -2.0468     -4.291     0.0372    -0.3696 -9.990e-29
 217.661111     -4.294   0.055066    11.0644    -2.0471     -4.258     0.0370    -0.3704 -9.990e-29
 217.661117     -4.262   0.053996    11.0692    -2.0472     -4.226     0.0363    -0.3714 -9.990e-29
 217.661123     -4.228   0.052542    11.0697    -2.0474     -4.193     0.0354    -0.3722 -9.990e-29
 217.661128     -4.190   0.050989    11.0641    -2.0472     -4.155     0.0344    -0.3724 -9.990e-29
 217.661134     -4.151   0.049488    11.0537    -2.0469     -4.116     0.0335    -0.3720 -9.990e-29
 217.661140     -4.115   0.048259    11.0411    -2.0466     -4.081     0.0328    -0.3713 -9.990e-29
 217.661146     -4.087   0.047332    11.0288    -2.0459     -4.053     0.0322    -0.3705 -9.990e-29
 217.661152     -4.062   0.046584    11.0191    -2.0456     -4.028     0.0317    -0.3699 -9.990e-29
 217.661157     -4.041   0.046131    11.0130    -2.0451     -4.007     0.0315    -0.3695 -9.990e-29
 217.661163     -4.021   0.045925    11.0090    -2.0449     -3.987     0.0313    -0.3692 -9.990e-29
 217.661169     -4.002   0.045693    11.0064    -2.0447     -3.969     0.0312    -0.3690 -9.990e-29
 217.661175     -3.982   0.045127    11.0059    -2.0448     -3.949     0.0308    -0.3692 -9.990e-29
 217.661181     -3.959   0.044030    11.0086    -2.0450     -3.926     0.0302    -0.3700 -9.990e-29
 217.661186     -3.933   0.042608    11.0144    -2.0453     -3.900     0.0293    -0.3713 -9.990e-29
 217.661192     -3.906   0.041187    11.0221    -2.0451     -3.873     0.0284    -0.3728 -9.990e-29
 217.661198     -3.885   0.040096    11.0308    -2.0448     -3.853     0.0278    -0.3742 -9.990e-29
 217.661204     -3.869   0.039547    11.0393    -2.0446     -3.837     0.0274    -0.3753 -9.990e-29
 217.661209     -3.851   0.039363    11.0467    -2.0443     -3.819     0.0273    -0.3762 -9.990e-29
 217.661215     -3.832   0.039304    11.0524    -2.0441     -3.800     0.0273    -0.3768 -9.990e-29
 217.661221     -3.809   0.039293    11.0552    -2.0438     -3.777     0.0273    -0.3771 -9.990e-29
 217.661227     -3.787   0.039317    11.0547    -2.0436     -3.755     0.0273    -0.3770 -9.990e-29
 217.661233     -3.766   0.039408    11.0524    -2.0434     -3.735     0.0273    -0.3767 -9.990e-29
 217.661238     -3.747   0.039690    11.0508    -2.0430     -3.716     0.0275    -0.3764 -9.990e-29
 217.661244     -3.728   0.040543    11.0519    -2.0429     -3.697     0.0280    -0.3761 -9.990e-29
 217.661250     -3.708   0.042548    11.0554    -2.0428     -3.677     0.0293    -0.3755 -9.990e-29
 217.661256     -3.685   0.045605    11.0599    -2.0427     -3.654     0.0311    -0.3745 -9.990e-29
 217.661262     -3.659   0.048795    11.0649    -2.0426     -3.628     0.0331    -0.3735 -9.990e-29
 217.661267     -3.630   0.051374    11.0700    -2.0426     -3.600     0.0347    -0.3728 -9.990e-29
 217.661273     -3.608   0.052897    11.0749    -2.0427     -3.578     0.0356    -0.3725 -9.990e-29
 217.661279     -3.589   0.053729    11.0797    -2.0428     -3.559     0.0361    -0.3726 -9.990e-29
 217.661285     -3.569   0.054980    11.0846    -2.0428     -3.539     0.0369    -0.3725 -9.990e-29
 217.661291     -3.550   0.056656    11.0898    -2.0430     -3.520     0.0379    -0.3722 -9.990e-29
 217.661296     -3.532   0.057107    11.0945    -2.0436     -3.503     0.0382    -0.3725 -9.990e-29
 217.661302     -3.508   0.055268    11.0978    -2.0440     -3.479     0.0371    -0.3737 -9.990e-29
 217.661308     -3.482   0.052577    11.1000    -2.0445     -3.453     0.0354    -0.3753 -9.990e-29
 217.661314     -3.456   0.051000    11.1013    -2.0447     -3.427     0.0344    -0.3762 -9.990e-29
 217.661319     -3.434   0.050659    11.1011    -2.0448     -3.405     0.0342    -0.3763 -9.990e-29
 217.661325     -3.417   0.050544    11.0999    -2.0448     -3.389     0.0341    -0.3762 -9.990e-29
 217.661331     -3.400   0.049951    11.0984    -2.0446     -3.372     0.0338    -0.3764 -9.990e-29
 217.661337     -3.378   0.048645    11.0960    -2.0446     -3.350     0.0330    -0.3768 -9.990e-29
 217.661343     -3.351   0.047107    11.0915    -2.0445     -3.323     0.0320    -0.3770 -9.990e-29
 217.661348     -3.319   0.046066    11.0843    -2.0442     -3.291     0.0314    -0.3768 -9.990e-29
 217.661354     -3.290   0.045244    11.0760    -2.0441     -3.263     0.0309    -0.3763 -9.990e-29
 217.661360     -3.266   0.044102    11.0686    -2.0442     -3.239     0.0302    -0.3761 -9.990e-29
 217.661366     -3.246   0.042786    11.0637    -2.0442     -3.219     0.0294    -0.3763 -9.990e-29
 217.661372     -3.228   0.041764    11.0614    -2.0439     -3.201     0.0288    -0.3765 -9.990e-29
 217.661377     -3.211   0.041341    11.0616    -2.0437     -3.184     0.0285    -0.3767 -9.990e-29
 217.661383     -3.194   0.041512    11.0632    -2.0437     -3.167     0.0286    -0.3768 -9.990e-29
 217.661389     -3.177   0.041950    11.0652    -2.0438     -3.151     0.0289    -0.3768 -9.990e-29
 217.661395     -3.157   0.042130    11.0680    -2.0439     -3.131     0.0290    -0.3770 -9.990e-29
 217.661400     -3.134   0.041738    11.0713    -2.0438     -3.108     0.0288    -0.3776 -9.990e-29
 217.661406     -3.110   0.040809    11.0733    -2.0435     -3.084     0.0282    -0.3782 -9.990e-29
 217.661412     -3.094   0.039772    11.0741    -2.0433     -3.068     0.0276    -0.3788 -9.990e-29
 217.661418     -3.082   0.038911    11.0755    -2.0430     -3.056     0.0270    -0.3793 -9.990e-29
 217.661424     -3.071   0.038192    11.0784    -2.0429     -3.045     0.0266    -0.3800 -9.990e-29
 217.661429     -3.060   0.037768    11.0812    -2.0434     -3.034     0.0263    -0.3805 -9.990e-29
 217.661435     -3.044   0.037630    11.0824    -2.0438     -3.019     0.0263    -0.3807 -9.990e-29
 217.661441     -3.021   0.037597    11.0823    -2.0441     -2.996     0.0262    -0.3807 -9.990e-29
 217.661447     -2.999   0.037625    11.0825    -2.0444     -2.974     0.0262    -0.3807 -9.990e-29
 217.661453     -2.981   0.037756    11.0845    -2.0447     -2.956     0.0263    -0.3808 -9.990e-29
 217.661458     -2.966   0.038164    11.0879    -2.0448     -2.941     0.0266    -0.3810 -9.990e-29
 217.661464     -2.952   0.038842    11.0919    -2.0449     -2.927     0.0270    -0.3811 -9.990e-29
 217.661470     -2.939   0.039582    11.0948    -2.0450     -2.914     0.0274    -0.3810 -9.990e-29
 217.661476     -2.927   0.040264    11.0941    -2.0451     -2.903     0.0279    -0.3806 -9.990e-29
 217.661481     -2.913   0.040687    11.0894    -2.0451     -2.889     0.0281    -0.3799 -9.990e-29
 217.661487     -2.898   0.040863    11.0828    -2.0454     -2.874     0.0282    -0.3791 -9.990e-29
 217.661493     -2.879   0.041026    11.0762    -2.0456     -2.855     0.0283    -0.3784 -9.990e-29
 217.661499     -2.857   0.041396    11.0705    -2.0456     -2.833     0.0285    -0.3776 -9.990e-29
 217.661505     -2.830   0.041914    11.0662    -2.0455     -2.806     0.0289    -0.3769 -9.990e-29
 217.661510     -2.800   0.042161    11.0631    -2.0453     -2.777     0.0290    -0.3765 -9.990e-29
 217.661516     -2.774   0.041913    11.0605    -2.0450     -2.751     0.0289    -0.3764 -9.990e-29
 217.661522     -2.755   0.041396    11.0580    -2.0450     -2.732     0.0285    -0.3763 -9.990e-29
 217.661528     -2.741   0.041034    11.0558    -2.0449     -2.718     0.0283    -0.3763 -9.990e-29
 217.661534     -2.727   0.040902    11.0537    -2.0445     -2.704     0.0282    -0.3761 -9.990e-29
 217.661539     -2.708   0.040824    11.0511    -2.0447     -2.685     0.0282    -0.3759 -9.990e-29
 217.661545     -2.687   0.040699    11.0489    -2.0446     -2.665     0.0281    -0.3758 -9.990e-29
 217.661551     -2.667   0.040362    11.0485    -2.0445     -2.645     0.0279    -0.3759 -9.990e-29
 217.661557     -2.646   0.039921    11.0500    -2.0441     -2.624     0.0277    -0.3762 -9.990e-29
 217.661563     -2.625   0.039900    11.0530    -2.0439     -2.603     0.0276    -0.3766 -9.990e-29
 217.661568     -2.604   0.040274    11.0564    -2.0435     -2.582     0.0279    -0.3767 -9.990e-29
 217.661574     -2.588   0.040432    11.0595    -2.0433     -2.566     0.0280    -0.3770 -9.990e-29
 217.661580     -2.571   0.040032    11.0628    -2.0429     -2.550     0.0277    -0.3775 -9.990e-29
 217.661586     -2.552   0.039096    11.0659    -2.0425     -2.531     0.0271    -0.3783 -9.990e-29
 217.661591     -2.534   0.038045    11.0680    -2.0422     -2.513     0.0265    -0.3790 -9.990e-29
 217.661597     -2.515   0.037144    11.0700    -2.0422     -2.494     0.0260    -0.3796 -9.990e-29
 217.661603     -2.500   0.036305    11.0736    -2.0422     -2.479     0.0255    -0.3804 -9.990e-29
 217.661609     -2.487   0.035521    11.0790    -2.0423     -2.466     0.0250    -0.3813 -9.990e-29
 217.661615     -2.470   0.034860    11.0850    -2.0420     -2.449     0.0246    -0.3822 -9.990e-29
 217.661620     -2.454   0.034551    11.0911    -2.0422     -2.434     0.0244    -0.3830 -9.990e-29
 217.661626     -2.440   0.034741    11.0977    -2.0425     -2.420     0.0245    -0.3836 -9.990e-29
 217.661632     -2.429   0.035129    11.1047    -2.0427     -2.409     0.0247    -0.3841 -9.990e-29
 217.661638     -2.420   0.035126    11.1113    -2.0428     -2.400     0.0247    -0.3848 -9.990e-29
 217.661644     -2.412   0.034729    11.1157    -2.0426     -2.392     0.0245    -0.3855 -9.990e-29
 217.661649     -2.405   0.034521    11.1175    -2.0425     -2.385     0.0244    -0.3857 -9.990e-29
 217.661655     -2.398   0.034780    11.1180    -2.0423     -2.378     0.0245    -0.3857 -9.990e-29
 217.661661     -2.391   0.035483    11.1186    -2.0421     -2.371     0.0249    -0.3854 -9.990e-29
 217.661667     -2.383   0.036457    11.1188    -2.0418     -2.363     0.0255    -0.3850 -9.990e-29
 217.661672     -2.374   0.037522    11.1168    -2.0416     -2.354     0.0262    -0.3842 -9.990e-29
 217.661678     -2.363   0.038433    11.1129    -2.0413     -2.343     0.0267    -0.3834 -9.990e-29
 217.661684     -2.349   0.038924    11.1099    -2.0408     -2.329     0.0270    -0.3829 -9.990e-29
 217.661690     -2.333   0.039095    11.1094    -2.0403     -2.314     0.0271    -0.3827 -9.990e-29
 217.661696     -2.316   0.039171    11.1109    -2.0401     -2.297     0.0272    -0.3828 -9.990e-29
 217.661701     -2.302   0.039256    11.1138    -2.0401     -2.283     0.0272    -0.3831 -9.990e-29
 217.661707     -2.286   0.039460    11.1177    -2.0399     -2.267     0.0274    -0.3834 -9.990e-29
 217.661713     -2.267   0.040055    11.1219    -2.0397     -2.248     0.0277    -0.3836 -9.990e-29
 217.661719     -2.252   0.041281    11.1263    -2.0396     -2.233     0.0285    -0.3834 -9.990e-29
 217.661725     -2.241   0.043106    11.1317    -2.0396     -2.222     0.0296    -0.3831 -9.990e-29
 217.661730     -2.223   0.045188    11.1385    -2.0393     -2.204     0.0308    -0.3828 -9.990e-29
 217.661736     -2.199   0.046971    11.1461    -2.0393     -2.181     0.0319    -0.3827 -9.990e-29
 217.661742     -2.174   0.048610    11.1526    -2.0389     -2.156     0.0329    -0.3826 -9.990e-29
 217.661748     -2.152   0.052291    11.1567    -2.0387     -2.134     0.0352    -0.3813 -9.990e-29
 217.661753     -2.131   0.059591    11.1593    -2.0388     -2.113     0.0397    -0.3780 -9.990e-29
 217.661759     -2.110   0.067472    11.1622    -2.0389     -2.092     0.0446    -0.3744 -9.990e-29
 217.661765     -2.088   0.072562    11.1659    -2.0392     -2.071     0.0478    -0.3723 -9.990e-29
 217.661771     -2.062   0.074428    11.1693    -2.0393     -2.045     0.0490    -0.3717 -9.990e-29
 217.661777     -2.037   0.073337    11.1723    -2.0394     -2.020     0.0483    -0.3726 -9.990e-29
 217.661782     -2.018   0.070612    11.1755    -2.0394     -2.001     0.0466    -0.3743 -9.990e-29
 217.661788     -2.004   0.067614    11.1794    -2.0397     -1.987     0.0447    -0.3761 -9.990e-29
 217.661794     -1.991   0.064790    11.1838    -2.0402     -1.974     0.0429    -0.3780 -9.990e-29
 217.661800     -1.978   0.062260    11.1869    -2.0404     -1.962     0.0414    -0.3796 -9.990e-29
 217.661806     -1.963   0.059984    11.1872    -2.0405     -1.947     0.0399    -0.3807 -9.990e-29
 217.661811     -1.950   0.058256    11.1853    -2.0404     -1.934     0.0389    -0.3813 -9.990e-29
 217.661817     -1.938   0.056996    11.1827    -2.0403     -1.922     0.0381    -0.3817 -9.990e-29
 217.661823     -1.923   0.055633    11.1804    -2.0401     -1.907     0.0373    -0.3821 -9.990e-29
 217.661829     -1.907   0.054013    11.1782    -2.0401     -1.891     0.0363    -0.3827 -9.990e-29
 217.661834     -1.894   0.052199    11.1750    -2.0400     -1.878     0.0351    -0.3832 -9.990e-29
 217.661840     -1.882   0.050548    11.1701    -2.0399     -1.866     0.0341    -0.3835 -9.990e-29
 217.661846     -1.872   0.049634    11.1643    -2.0398     -1.856     0.0336    -0.3833 -9.990e-29
 217.661852     -1.863   0.049351    11.1599    -2.0395     -1.847     0.0334    -0.3830 -9.990e-29
 217.661858     -1.853   0.049320    11.1582    -2.0393     -1.838     0.0334    -0.3829 -9.990e-29
