data/oxygen options/OCNMS/OCNMS1/raw_data/2016/CAST_KL027_160906faed.cnv
* Sea-Bird SBE19 Data File:
* FileName = C:\2016 Mooring Data\Casts\Data\CAST_KL027_160906.hex
* Software Version 1.59
* Temperature SN = 2997
* Conductivity SN = 2997
* System UpLoad Time = Sep 06 2016 19:10:18
** CAST_KL027_160906
* ds
# nquan = 9                                 
# nvalues = 1153                        
# units = specified
# name 0 = timeJ: Julian Days
# name 1 = prSM: Pressure, Strain Gauge [db]
# name 2 = c0mS/cm: Conductivity [mS/cm]
# name 3 = t090C: Temperature [ITS-90, deg C]
# name 4 = sbeox0ML/L: Oxygen, SBE 43 [ml/l]
# name 5 = depSM: Depth [salt water, m], lat = 47.5
# name 6 = sal00: Salinity, Practical [PSU]
# name 7 = sigma-é00: Density [sigma-theta, kg/m^3]
# name 8 = flag: flag
# span 0 = 250.742234, 250.748900       
# span 1 =     -5.331,     27.577       
# span 2 =   0.011838,  38.624721       
# span 3 =     9.6069,    14.9976       
# span 4 =    -1.9075,    12.7266       
# span 5 =     -5.287,     27.345       
# span 6 =     0.0121,    33.4701       
# span 7 =    -0.8429,    25.8176       
# span 8 = 0.0000e+00, 0.0000e+00       
# interval = seconds: 0.5
# start_time = Sep 06 2016 17:48:49 [Instrument's time stamp, header]
# bad_flag = -9.990e-29
*END*
[from data line 1121]
 250.748721      3.918  36.688188    14.7699     6.6591      3.885    29.5594    21.8300 0.0000e+00
 250.748727      3.778  36.683166    14.7713     6.6576      3.746    29.5538    21.8255 0.0000e+00
 250.748733      3.628  36.680693    14.7749     6.6476      3.598    29.5490    21.8210 0.0000e+00
 250.748738      3.469  36.676909    14.7821     6.6550      3.440    29.5402    21.8127 0.0000e+00
 250.748744      3.307  36.669572    14.7927     6.6498      3.279    29.5256    21.7993 0.0000e+00
 250.748750      3.148  36.661780    14.8032     6.6309      3.122    29.5108    21.7857 0.0000e+00
 250.748756      2.996  36.655467    14.8106     6.6099      2.971    29.4996    21.7756 0.0000e+00
 250.748762      2.849  36.651179    14.8174     6.5967      2.825    29.4907    21.7673 0.0000e+00
 250.748767      2.706  36.649360    14.8267     6.6081      2.683    29.4821    21.7587 0.0000e+00
 250.748773      2.567  36.647586    14.8388     6.6000      2.546    29.4714    21.7480 0.0000e+00
 250.748779      2.428  36.644613    14.8547     6.5908      2.408    29.4568    21.7334 0.0000e+00
 250.748785      2.284  36.642081    14.8697     6.5764      2.265    29.4433    21.7199 0.0000e+00
 250.748791      2.138  36.640536    14.8778     6.5458      2.120    29.4358    21.7125 0.0000e+00
 250.748796      1.990  36.639601    14.8818     6.4821      1.973    29.4320    21.7087 0.0000e+00
 250.748802      1.839  36.639713    14.8866     6.3605      1.824    29.4286    21.7050 0.0000e+00
 250.748808      1.692  36.642703    14.8944     6.2673      1.678    29.4254    21.7010 0.0000e+00
 250.748814      1.549  36.647519    14.9032     6.2461      1.536    29.4231    21.6974 0.0000e+00
 250.748819      1.405  36.650502    14.9112     7.2518      1.393    29.4198    21.6932 0.0000e+00
 250.748825      1.263  36.651711    14.9217     7.1663      1.252    29.4130    21.6858 0.0000e+00
 250.748831      1.132  36.653321    14.9334     6.8765      1.123    29.4057    21.6777 -9.990e-29
 250.748837      1.016  36.653563    14.9378     6.3051      1.008    29.4026    21.6744 -9.990e-29
 250.748843      0.912  36.644359    14.9253     6.0715      0.904    29.4039    21.6780 -9.990e-29
 250.748848      0.817  36.612881    14.8921 -9.990e-29      0.810    29.4008    21.6825 -9.990e-29
 250.748854      0.735  36.526123    14.8452 -9.990e-29      0.729    29.3588    21.6599 -9.990e-29
 250.748860      0.669  36.279046    14.7948 -9.990e-29      0.663    29.1760    21.5298 -9.990e-29
 250.748866      0.622  35.552289    14.7448 -9.990e-29      0.617    28.5648    21.0698 -9.990e-29
 250.748872      0.596  33.381874    14.6957 -9.990e-29      0.591    26.6729    19.6248 -9.990e-29
 250.748877      0.586  26.881187    14.6493 -9.990e-29      0.581    21.0322    15.3014 -9.990e-29
 250.748883      0.581  16.919747    14.6089 -9.990e-29      0.576    12.6965     8.9167 -9.990e-29
 250.748889      0.578   9.840087    14.5793 -9.990e-29      0.573     7.0686     4.6064 -9.990e-29
 250.748895      0.577   7.520044    14.5677 -9.990e-29      0.572     5.2959     3.2473 -9.990e-29
 250.748900      0.576   7.134850 -9.990e-29 -9.990e-29      0.571 -9.990e-29 -9.990e-29 -9.990e-29
