data/oxygen options/OCNMS/OCNMS1/raw_data/2016/CAST_TH042_160531faedb.cnv
* Sea-Bird SBE 19 Data File:
* FileName = C:\2016 Mooring Data\Casts\Data\CAST_TH042_160531.hex
* Software Version SeatermAF 2.1.2
* Temperature SN = 2997
* Conductivity SN = 2997
* System UpLoad Time = May 31 2016 20:38:43 (localtime) = May 31 2016 20:38:43 (UTC)
** CAST_TH042_160531
* ds
# nquan = 9
# nvalues = 41                          
# units = specified
# name 0 = timeJ: Julian Days
# name 1 = prSM: Pressure, Strain Gauge [db]
# name 2 = c0mS/cm: Conductivity [mS/cm]
# name 3 = t090C: Temperature [ITS-90, deg C]
# name 4 = sbeox0ML/L: Oxygen, SBE 43 [ml/l]
# name 5 = depSM: Depth [salt water, m], lat = 47.5
# name 6 = sal00: Salinity, Practical [PSU]
# name 7 = sigma-é00: Density [sigma-theta, kg/m^3]
# name 8 = flag: flag
# span 0 = 152.854449, 152.855360       
# span 1 =      1.000,     41.000       
# span 2 =  34.830842,  37.887036       
# span 3 =     8.1575,    13.8530       
# span 4 =     3.3968,     9.7419       
# span 5 =      0.991,     40.654       
# span 6 =    31.3711,    33.6011       
# span 7 =    23.4150,    26.1526       
# span 8 = 0.0000e+00, 0.0000e+00       
# interval = decibars: 1                
# start_time = May 31 2016 20:23:06 [Instrument's time stamp, header]
# bad_flag = -9.990e-29
*END*
 152.854449      1.000  37.887036    13.8530     9.7004      0.991    31.3711    23.4150 0.0000e+00
 152.854477      2.000  37.410654    13.2497     9.7419      1.983    31.4239    23.5752 0.0000e+00
 152.854502      3.000  36.729489    12.4851     9.3909      2.975    31.4172    23.7176 0.0000e+00
 152.854523      4.000  36.316807    12.0091     8.7090      3.967    31.4212    23.8095 0.0000e+00
 152.854543      5.000  36.163153    11.8198     8.6486      4.958    31.4324    23.8529 0.0000e+00
 152.854564      6.000  36.069948    11.7301     8.7637      5.950    31.4178    23.8579 0.0000e+00
 152.854585      7.000  36.115523    11.7261     8.7564      6.941    31.4649    23.8951 0.0000e+00
 152.854605      8.000  36.178918    11.7388     8.5603      7.933    31.5151    23.9318 0.0000e+00
 152.854627      9.000  36.176891    11.7068     7.8402      8.925    31.5398    23.9569 0.0000e+00
 152.854648     10.000  36.038372    11.5281     7.1123      9.916    31.5570    24.0024 0.0000e+00
 152.854670     11.000  35.843989    11.2836     5.8000     10.908    31.5758    24.0606 0.0000e+00
 152.854691     12.000  35.535293    10.8190     5.3353     11.899    31.6712    24.2160 0.0000e+00
 152.854712     13.000  35.189211    10.3323     5.1931     12.891    31.7493    24.3599 0.0000e+00
 152.854732     14.000  35.142287    10.1347     4.8714     13.883    31.8750    24.4907 0.0000e+00
 152.854753     15.000  35.000941     9.9023     4.7987     14.874    31.9369    24.5773 0.0000e+00
 152.854773     16.000  34.931144     9.7488     4.8206     15.866    32.0018    24.6530 0.0000e+00
 152.854795     17.000  34.907756     9.7054     4.7865     16.857    32.0161    24.6712 0.0000e+00
 152.854817     18.000  34.892039     9.6766     4.6526     17.849    32.0253    24.6831 0.0000e+00
 152.854840     19.000  34.867028     9.6021     4.5144     18.840    32.0659    24.7268 0.0000e+00
 152.854862     20.000  34.843252     9.4973     4.4495     19.832    32.1349    24.7975 0.0000e+00
 152.854885     21.000  34.831875     9.4301     4.3157     20.824    32.1831    24.8459 0.0000e+00
 152.854908     22.000  34.830842     9.3457     4.1873     21.815    32.2576    24.9175 0.0000e+00
 152.854929     23.000  34.847196     9.2001     4.1637     22.807    32.4057    25.0563 0.0000e+00
 152.854951     24.000  34.862042     9.1575     4.1252     23.798    32.4594    25.1050 0.0000e+00
 152.854972     25.000  34.863675     9.1056     4.0654     24.790    32.5080    25.1512 0.0000e+00
 152.854992     26.000  34.868436     9.0582     4.0135     25.781    32.5558    25.1960 0.0000e+00
 152.855014     27.000  34.880725     9.0007     3.9652     26.773    32.6207    25.2558 0.0000e+00
 152.855036     28.000  34.893938     8.9371     3.9007     27.765    32.6925    25.3219 0.0000e+00
 152.855060     29.000  34.906824     8.8636     3.8393     28.756    32.7732    25.3964 0.0000e+00
 152.855083     30.000  34.929683     8.7821     3.8115     29.747    32.8721    25.4864 0.0000e+00
 152.855107     31.000  34.959184     8.7201     3.8033     30.739    32.9601    25.5648 0.0000e+00
 152.855132     32.000  34.981595     8.6797     3.7792     31.730    33.0208    25.6187 0.0000e+00
 152.855156     33.000  35.001148     8.6328     3.7196     32.722    33.0848    25.6759 0.0000e+00
 152.855180     34.000  35.035568     8.5453     3.6291     33.714    33.2026    25.7816 0.0000e+00
 152.855203     35.000  35.063496     8.4357     3.5552     34.705    33.3351    25.9021 0.0000e+00
 152.855227     36.000  35.076722     8.3345     3.5176     35.697    33.4445    26.0032 0.0000e+00
 152.855251     37.000  35.078133     8.2689     3.5084     36.688    33.5080    26.0628 0.0000e+00
 152.855276     38.000  35.076584     8.2444     3.4981     37.680    33.5293    26.0832 0.0000e+00
 152.855301     39.000  35.076859     8.2380     3.4993     38.671    33.5353    26.0888 0.0000e+00
 152.855330     40.000  35.078228     8.2324     3.4276     39.662    33.5415    26.0946 0.0000e+00
 152.855360     41.000  35.067314     8.1575     3.3968     40.654    33.6011    26.1526 0.0000e+00
