data/oxygen options/OCNMS/OCNMS1/raw_data/2016/CAST_CA042_161009faedb.cnv
* Sea-Bird SBE19 Data File:
* FileName = C:\2016 Mooring Data\Casts\Data\CAST_CA042_161009.hex
* Software Version 1.59
* Temperature SN = 2997
* Conductivity SN = 2997
* System UpLoad Time = Oct 09 2016 19:18:43
** CAST_CA042_161009
* ds
# nquan = 9
# nvalues = 42                          
# units = specified
# name 0 = timeJ: Julian Days
# name 1 = prSM: Pressure, Strain Gauge [db]
# name 2 = c0mS/cm: Conductivity [mS/cm]
# name 3 = t090C: Temperature [ITS-90, deg C]
# name 4 = sbeox0ML/L: Oxygen, SBE 43 [ml/l]
# name 5 = depSM: Depth [salt water, m], lat = 47.5
# name 6 = sal00: Salinity, Practical [PSU]
# name 7 = sigma-é00: Density [sigma-theta, kg/m^3]
# name 8 = flag: flag
# span 0 = 283.784910, 283.786049       
# span 1 =      3.000,     44.000       
# span 2 =  35.971384,  38.478140       
# span 3 =    13.0030,    13.6099       
# span 4 =     5.0868,     5.6352       
# span 5 =      2.975,     43.628       
# span 6 =    29.9247,    32.2094       
# span 7 =    22.3775,    24.2204       
# span 8 = 0.0000e+00, 0.0000e+00       
# interval = decibars: 1                
# start_time = Oct 09 2016 18:45:10 [Instrument's time stamp, header]
# bad_flag = -9.990e-29
*END*
 283.784910      3.000  35.971384    13.4510     5.6352      2.975    29.9247    22.3775 0.0000e+00
 283.784938      4.000  36.001932    13.4416     5.6057      3.966    29.9599    22.4065 0.0000e+00
 283.784964      5.000  36.053173    13.4296     5.5870      4.958    30.0163    22.4524 0.0000e+00
 283.784990      6.000  36.096321    13.4151     5.5823      5.950    30.0673    22.4947 0.0000e+00
 283.785018      7.000  36.105347    13.4074     5.5615      6.942    30.0813    22.5071 0.0000e+00
 283.785041      8.000  36.117249    13.3982     5.5722      7.933    30.0991    22.5227 0.0000e+00
 283.785064      9.000  36.137751    13.3934     5.5584      8.925    30.1216    22.5410 0.0000e+00
 283.785089     10.000  36.167752    13.3897     5.5700      9.916    30.1519    22.5652 0.0000e+00
 283.785115     11.000  36.175637    13.3892     5.5521     10.908    30.1592    22.5709 0.0000e+00
 283.785137     12.000  36.188705    13.3881     5.5668     11.900    30.1718    22.5809 0.0000e+00
 283.785162     13.000  36.200284    13.3866     5.5617     12.891    30.1833    22.5901 0.0000e+00
 283.785189     14.000  36.212680    13.3844     5.5556     13.883    30.1962    22.6005 0.0000e+00
 283.785214     15.000  36.232929    13.3821     5.5462     14.874    30.2164    22.6166 0.0000e+00
 283.785238     16.000  36.275816    13.3768     5.5246     15.866    30.2600    22.6513 0.0000e+00
 283.785265     17.000  36.327310    13.3556     5.4907     16.858    30.3242    22.7051 0.0000e+00
 283.785290     18.000  36.371631    13.3188     5.5064     17.849    30.3942    22.7664 0.0000e+00
 283.785320     19.000  36.374666    13.3123     5.4715     18.840    30.4018    22.7736 0.0000e+00
 283.785346     20.000  36.444202    13.2772     5.4547     19.832    30.4942    22.8518 0.0000e+00
 283.785374     21.000  36.586735    13.2245     5.4297     20.824    30.6687    22.9969 0.0000e+00
 283.785401     22.000  36.751618    13.1489     5.4013     21.815    30.8834    23.1777 0.0000e+00
 283.785433     23.000  36.969599    13.0609     5.4445     22.807    31.1588    23.4078 0.0000e+00
 283.785463     24.000  37.069680    13.0073     5.5248     23.798    31.2964    23.5246 0.0000e+00
 283.785488     25.000  37.227811    13.0030     5.5078     24.790    31.4481    23.6428 0.0000e+00
 283.785520     26.000  37.342594    13.0388     5.5395     25.781    31.5258    23.6960 0.0000e+00
 283.785552     27.000  37.587303    13.1396     5.4563     26.773    31.6710    23.7887 0.0000e+00
 283.785579     28.000  37.809471    13.2222     5.3955     27.765    31.8099    23.8799 0.0000e+00
 283.785607     29.000  37.856549    13.2312     5.4691     28.756    31.8459    23.9060 0.0000e+00
 283.785638     30.000  38.152172    13.4007     5.5262     29.747    31.9798    23.9760 0.0000e+00
 283.785663     31.000  38.335779    13.5542     5.4991     30.739    32.0218    23.9779 0.0000e+00
 283.785689     32.000  38.478140    13.6099     5.4568     31.730    32.1071    24.0326 0.0000e+00
 283.785720     33.000  38.410059    13.5735     5.4488     32.722    32.0740    24.0144 0.0000e+00
 283.785749     34.000  38.367052    13.5283     5.4396     33.714    32.0715    24.0216 0.0000e+00
 283.785777     35.000  38.431597    13.5545     5.4075     34.705    32.1092    24.0454 0.0000e+00
 283.785805     36.000  38.401447    13.5058     5.2448     35.696    32.1217    24.0649 0.0000e+00
 283.785835     37.000  38.291064    13.3186     5.1206     36.688    32.1760    24.1442 0.0000e+00
 283.785862     38.000  38.145375    13.1325     5.1331     37.680    32.1965    24.1969 0.0000e+00
 283.785889     39.000  38.129641    13.1089     5.1380     38.671    32.2014    24.2053 0.0000e+00
 283.785920     40.000  38.125754    13.1055     5.1184     39.662    32.2002    24.2051 0.0000e+00
 283.785948     41.000  38.120146    13.0981     5.1012     40.654    32.2008    24.2071 0.0000e+00
 283.785980     42.000  38.110912    13.0871     5.0958     41.645    32.2010    24.2094 0.0000e+00
 283.786014     43.000  38.100268    13.0662     5.0898     42.637    32.2084    24.2192 0.0000e+00
 283.786049     44.000  38.100566    13.0648     5.0868     43.628    32.2094    24.2204 0.0000e+00
