data/oxygen options/OCNMS/OCNMS1/raw_data/2016/CAST_CA042_160823faed.cnv
* Sea-Bird SBE19 Data File:
* FileName = C:\2016 Mooring Data\Casts\Data\CAST_CA042_160823.hex
* Software Version 1.59
* Temperature SN = 2997
* Conductivity SN = 2997
* System UpLoad Time = Aug 23 2016 20:04:22
** CAST_CA042_160823
* ds
# nquan = 9                                 
# nvalues = 1266                        
# units = specified
# name 0 = timeJ: Julian Days
# name 1 = prSM: Pressure, Strain Gauge [db]
# name 2 = c0mS/cm: Conductivity [mS/cm]
# name 3 = t090C: Temperature [ITS-90, deg C]
# name 4 = sbeox0ML/L: Oxygen, SBE 43 [ml/l]
# name 5 = depSM: Depth [salt water, m], lat = 47.5
# name 6 = sal00: Salinity, Practical [PSU]
# name 7 = sigma-é00: Density [sigma-theta, kg/m^3]
# name 8 = flag: flag
# span 0 = 236.778461, 236.785781       
# span 1 =     -5.298,     42.529       
# span 2 =   0.011930,  38.026197       
# span 3 =     7.7737,    14.8732       
# span 4 =    -1.8971,    17.7448       
# span 5 =     -5.254,     42.170       
# span 6 =     0.0121,    33.6634       
# span 7 =    -0.8704,    26.2565       
# span 8 = 0.0000e+00, 0.0000e+00       
# interval = seconds: 0.5
# start_time = Aug 23 2016 18:40:59 [Instrument's time stamp, header]
# bad_flag = -9.990e-29
*END*
[from data line 641]
 236.782170      0.954  37.368560    12.0645     8.8116      0.946    32.3880    24.5491 -9.990e-29
 236.782176      0.949  37.427314    12.0935     8.8093      0.941    32.4195    24.5681 -9.990e-29
 236.782182      0.948  37.464942    12.0402     8.7491      0.940    32.5021    24.6422 -9.990e-29
 236.782187      0.954  37.427494    11.9362     8.6653      0.946    32.5567    24.7039 -9.990e-29
 236.782193      0.964  37.344476    11.8828     8.5836      0.956    32.5229    24.6876 -9.990e-29
 236.782199      0.971  37.308282    11.9425     8.5287      0.963    32.4358    24.6089 -9.990e-29
 236.782205      0.969  37.327100    12.0886     8.5270      0.961    32.3271    24.4974 -9.990e-29
 236.782211      0.963  37.298925    12.2334     8.5704      0.955    32.1751    24.3523 -9.990e-29
 236.782216      0.962  37.320453    12.3079     8.6167      0.954    32.1318    24.3047 -9.990e-29
 236.782222      0.969  37.496461    12.3165     8.5680      0.961    32.2931    24.4281 -9.990e-29
 236.782228      0.981  37.629582    12.3021     8.4882      0.973    32.4331    24.5395 -9.990e-29
 236.782234      0.990  37.661132    12.2834     8.4795      0.982    32.4796    24.5790 -9.990e-29
 236.782240      0.993  37.665029    12.2631     8.5805      0.985    32.5010    24.5994 -9.990e-29
 236.782245      0.989  37.653134    12.2593     8.6823      0.981    32.4928    24.5938 -9.990e-29
 236.782251      0.977  37.654312    12.2764     8.7123      0.969    32.4791    24.5800 -9.990e-29
 236.782257      0.963  37.661687    12.2804     8.7003      0.955    32.4828    24.5820 -9.990e-29
 236.782263      0.953  37.645307    12.2368     8.6997      0.945    32.5049    24.6074 -9.990e-29
 236.782269      0.951  37.575459    12.1527     8.7374      0.943    32.5108    24.6278 -9.990e-29
 236.782274      0.953  37.467542    12.0896     8.7902      0.945    32.4617    24.6016 -9.990e-29
 236.782280      0.950  37.403153    12.0738     8.8131      0.942    32.4133    24.5670 -9.990e-29
 236.782286      0.942  37.408301    12.0393     8.8027      0.934    32.4483    24.6005 -9.990e-29
 236.782292      0.937  37.413121    11.9625     8.7835      0.929    32.5198    24.6704 -9.990e-29
 236.782297      0.939  37.372513    11.9025     8.7742      0.931    32.5329    24.6917 -9.990e-29
 236.782303      0.943  37.313994    11.8810     8.8208      0.935    32.4950    24.6662 -9.990e-29
 236.782309      0.947  37.288747    11.8615     8.8370      0.939    32.4875    24.6641 -9.990e-29
 236.782315      0.954  37.305023    11.8262     8.8038      0.946    32.5342    24.7068 -9.990e-29
 236.782321      0.964  37.328514    11.7920     8.7357      0.956    32.5869    24.7541 -9.990e-29
 236.782326      0.971  37.332293    11.7727     8.6641      0.963    32.6075    24.7736 -9.990e-29
 236.782332      0.969  37.321906    11.7744     8.6209      0.961    32.5960    24.7643 -9.990e-29
 236.782338      0.964  37.326540    11.8068     8.6431      0.956    32.5721    24.7398 -9.990e-29
 236.782344      0.963  37.365198    11.8750     8.7257      0.955    32.5499    24.7099 -9.990e-29
 236.782350      0.971  37.437891    11.9592     8.7746      0.963    32.5467    24.6918 -9.990e-29
 236.782355      0.984  37.507186    12.0206     8.7390      0.976    32.5600    24.6908 -9.990e-29
 236.782361      0.993  37.523852    12.0364     8.7045      0.985    32.5623    24.6896 -9.990e-29
 236.782367      0.997  37.481540    12.0082     8.7003      0.989    32.5461    24.6822 -9.990e-29
 236.782373      0.994  37.409987    11.9450     8.7601      0.986    32.5320    24.6831 -9.990e-29
 236.782378      0.984  37.361492    11.8757     8.8115      0.976    32.5456    24.7065 -9.990e-29
 236.782384      0.972  37.365923    11.8367     8.8201      0.964    32.5841    24.7436 -9.990e-29
 236.782390      0.965  37.422974    11.8180     8.7836      0.957    32.6559    24.8028 -9.990e-29
 236.782396      0.966  37.446350    11.7894     8.7580      0.958    32.7037    24.8452 -9.990e-29
 236.782402      0.972  37.362508    11.7630     8.7569      0.964    32.6454    24.8048 -9.990e-29
 236.782407      0.975  37.280677    11.7736     8.8082      0.967    32.5566    24.7339 -9.990e-29
 236.782413      0.969  37.282539    11.8129     8.8447      0.961    32.5240    24.7013 -9.990e-29
 236.782419      0.960  37.314557    11.8339     8.8216      0.952    32.5367    24.7073 -9.990e-29
 236.782425      0.955  37.322562    11.8121     8.7507      0.947    32.5635    24.7322 -9.990e-29
 236.782431      0.958  37.298727    11.7630     8.7109      0.950    32.5834    24.7567 -9.990e-29
 236.782436      0.966  37.262161    11.7249     8.7194      0.958    32.5813    24.7620 -9.990e-29
 236.782442      0.969  37.249122    11.7272     8.7368      0.961    32.5666    24.7502 -9.990e-29
 236.782448      0.965  37.290292    11.7689     8.7350      0.957    32.5701    24.7452 -9.990e-29
 236.782454      0.956  37.365519    11.8143     8.7411      0.948    32.6033    24.7627 -9.990e-29
 236.782459      0.951  37.418358    11.8234     8.7625      0.943    32.6467    24.7946 -9.990e-29
 236.782465      0.954  37.417932    11.8161     8.7714      0.946    32.6527    24.8006 -9.990e-29
 236.782471      0.961  37.384347    11.8360     8.7338      0.953    32.6026    24.7581 -9.990e-29
 236.782477      0.964  37.369593    11.8787     8.7132      0.956    32.5509    24.7100 -9.990e-29
 236.782483      0.962  37.391443    11.9079     8.6632      0.954    32.5465    24.7012 -9.990e-29
 236.782488      0.965  37.415190    11.9147     8.6004      0.957    32.5636    24.7132 -9.990e-29
 236.782494      0.977  37.431045    11.9332     8.5974      0.969    32.5627    24.7092 -9.990e-29
 236.782500      0.994  37.462909    11.9816     8.6394      0.986    32.5513    24.6913 -9.990e-29
 236.782506      1.008  37.525794    12.0313     8.6875      1.000    32.5687    24.6955 -9.990e-29
 236.782512      1.017  37.597723    12.0600     8.7267      1.009    32.6130    24.7245 -9.990e-29
 236.782517      1.021  37.626810    12.0643     8.7581      1.012    32.6374    24.7426 -9.990e-29
 236.782523      1.025  37.603670    12.0206     8.7523      1.016    32.6533    24.7631 -9.990e-29
 236.782529      1.032  37.547780    11.9358     8.8028      1.023    32.6735    24.7946 -9.990e-29
 236.782535      1.040  37.473009    11.8795     8.8129      1.031    32.6504    24.7872 -9.990e-29
 236.782541      1.045  37.413370    11.8872     8.7444      1.036    32.5858    24.7356 -9.990e-29
 236.782546      1.046  37.397850    11.9180     8.6382      1.037    32.5439    24.6973 -9.990e-29
 236.782552      1.043  37.414090    11.9389     8.5986      1.034    32.5413    24.6915 -9.990e-29
 236.782558      1.042  37.438930    11.9645     8.6279      1.033    32.5430    24.6880 -9.990e-29
 236.782564      1.046  37.478032    12.0116     8.6919      1.037    32.5397    24.6767 -9.990e-29
 236.782569      1.051  37.535915    12.0774     8.6736      1.042    32.5382    24.6632 -9.990e-29
 236.782575      1.053  37.595687    12.1284     8.6403      1.044    32.5514    24.6639 -9.990e-29
 236.782581      1.056  37.627306    12.1183     8.6090      1.047    32.5907    24.6963 -9.990e-29
 236.782587      1.066  37.592864    12.0598     8.5990      1.057    32.6085    24.7211 -9.990e-29
 236.782593      1.078  37.518604    12.0237     8.6368      1.069    32.5683    24.6966 -9.990e-29
 236.782598      1.089  37.500793    12.0538     8.6362      1.080    32.5248    24.6573 -9.990e-29
 236.782604      1.100  37.561514    12.1406     8.6089      1.091    32.5078    24.6278 -9.990e-29
 236.782610      1.110  37.637832    12.2415     8.5715      1.101    32.4935    24.5978 -9.990e-29
 236.782616      1.122  37.668035    12.3056     8.5740      1.113    32.4669    24.5650 -9.990e-29
 236.782622      1.135  37.674455    12.3246     8.5831      1.126    32.4566    24.5534 -9.990e-29
 236.782627      1.151  37.712084    12.3197     8.6140      1.141    32.4970    24.5856 -9.990e-29
 236.782633      1.175  37.749901    12.3026     8.6065      1.165    32.5481    24.6285 -9.990e-29
 236.782639      1.216  37.762726    12.2687     8.5644      1.206    32.5899    24.6673 -9.990e-29
 236.782645      1.282  37.748578    12.2083     8.4505      1.271    32.6289    24.7090 -9.990e-29
 236.782650      1.373  37.681271    12.1236     8.2751      1.362    32.6379    24.7319 -9.990e-29
 236.782656      1.485  37.557893    12.0093     8.0102      1.473    32.6187    24.7384 -9.990e-29
 236.782662      1.618  37.407192    11.8477     7.7063      1.604    32.6142    24.7650 0.0000e+00
 236.782668      1.771  37.260827    11.6468     7.3787      1.756    32.6483    24.8284 0.0000e+00
 236.782674      1.942  37.139623    11.4531     7.0567      1.926    32.7007    24.9044 0.0000e+00
 236.782679      2.119  37.052180    11.3131     6.7076      2.101    32.7389    24.9594 0.0000e+00
 236.782685      2.293  36.991806    11.2154     6.4455      2.274    32.7662    24.9982 0.0000e+00
 236.782691      2.466  36.917391    11.0835     6.1939      2.445    32.8103    25.0560 0.0000e+00
 236.782697      2.649  36.792620    10.8856     5.9701      2.627    32.8636    25.1325 0.0000e+00
 236.782703      2.845  36.657317    10.6944     5.8119      2.821    32.9007    25.1948 0.0000e+00
 236.782708      3.050  36.554039    10.5614     5.7178      3.025    32.9173    25.2307 0.0000e+00
 236.782714      3.259  36.472881    10.4390     5.6900      3.232    32.9465    25.2746 0.0000e+00
 236.782720      3.473  36.400419    10.2721     5.7141      3.444    33.0250    25.3643 0.0000e+00
 236.782726      3.692  36.308546    10.0950     5.7220      3.661    33.0936    25.4477 0.0000e+00
 236.782731      3.910  36.207624     9.9833     5.7386      3.877    33.0934    25.4662 0.0000e+00
 236.782737      4.119  36.160839     9.9450     5.7106      4.085    33.0808    25.4628 0.0000e+00
 236.782743      4.323  36.161987     9.9327     5.6887      4.287    33.0932    25.4745 0.0000e+00
 236.782749      4.535  36.159680     9.9063     5.6504      4.497    33.1150    25.4959 0.0000e+00
 236.782755      4.761  36.142144     9.8572     5.5920      4.721    33.1421    25.5253 0.0000e+00
 236.782760      4.993  36.118154     9.8097     5.5077      4.951    33.1613    25.5481 0.0000e+00
 236.782766      5.221  36.092909     9.7863     5.4224      5.177    33.1569    25.5486 0.0000e+00
 236.782772      5.437  36.079996     9.7765     5.3558      5.392    33.1527    25.5469 0.0000e+00
 236.782778      5.642  36.078671     9.7435     5.3110      5.595    33.1816    25.5750 0.0000e+00
 236.782784      5.841  36.056088     9.6741     5.2883      5.792    33.2225    25.6183 0.0000e+00
 236.782789      6.039  36.005338     9.6007     5.2867      5.989    33.2383    25.6427 0.0000e+00
 236.782795      6.238  35.958613     9.5493     5.2861      6.186    33.2379    25.6507 0.0000e+00
 236.782801      6.439  35.932196     9.5161     5.2896      6.385    33.2414    25.6589 0.0000e+00
 236.782807      6.638  35.918527     9.4916     5.2898      6.582    33.2500    25.6696 0.0000e+00
 236.782813      6.834  35.910260     9.4728     5.2932      6.777    33.2588    25.6795 0.0000e+00
 236.782818      7.031  35.904464     9.4600     5.2959      6.972    33.2647    25.6862 0.0000e+00
 236.782824      7.229  35.900380     9.4524     5.2905      7.169    33.2674    25.6896 0.0000e+00
 236.782830      7.432  35.897855     9.4495     5.2855      7.370    33.2674    25.6900 0.0000e+00
 236.782836      7.645  35.896579     9.4500     5.2879      7.581    33.2656    25.6885 0.0000e+00
 236.782841      7.859  35.896227     9.4499     5.2863      7.793    33.2652    25.6882 0.0000e+00
 236.782847      8.070  35.896585     9.4470     5.2747      8.002    33.2682    25.6910 0.0000e+00
 236.782853      8.281  35.897272     9.4434     5.2559      8.212    33.2721    25.6947 0.0000e+00
 236.782859      8.491  35.897784     9.4407     5.2413      8.420    33.2751    25.6974 0.0000e+00
 236.782865      8.704  35.897943     9.4385     5.2411      8.631    33.2772    25.6995 0.0000e+00
 236.782870      8.923  35.898218     9.4374     5.2444      8.848    33.2784    25.7006 0.0000e+00
 236.782876      9.142  35.899234     9.4375     5.2600      9.066    33.2792    25.7012 0.0000e+00
 236.782882      9.356  35.900925     9.4402     5.2592      9.278    33.2784    25.7001 0.0000e+00
 236.782888      9.556  35.903565     9.4475     5.2617      9.476    33.2742    25.6957 0.0000e+00
 236.782894      9.742  35.909814     9.4572     5.2451      9.660    33.2716    25.6921 0.0000e+00
 236.782899      9.918  35.920989     9.4650     5.2392      9.835    33.2757    25.6941 0.0000e+00
 236.782905     10.094  35.929864     9.4656     5.2245     10.010    33.2842    25.7006 0.0000e+00
 236.782911     10.290  35.927829     9.4568     5.2109     10.204    33.2902    25.7067 0.0000e+00
 236.782917     10.515  35.917467     9.4441     5.1732     10.427    33.2913    25.7096 0.0000e+00
 236.782922     10.757  35.907608     9.4349     5.1274     10.667    33.2896    25.7097 0.0000e+00
 236.782928     11.001  35.902151     9.4301     5.0740     10.909    33.2883    25.7095 0.0000e+00
 236.782934     11.242  35.899113     9.4261     5.0508     11.148    33.2888    25.7106 0.0000e+00
 236.782940     11.479  35.894700     9.4199     5.0479     11.383    33.2899    25.7124 0.0000e+00
 236.782946     11.708  35.881607     9.4088     5.0632     11.610    33.2866    25.7117 0.0000e+00
 236.782951     11.928  35.862781     9.3954     5.0679     11.828    33.2795    25.7083 0.0000e+00
 236.782957     12.134  35.853114     9.3892     5.0549     12.032    33.2752    25.7060 0.0000e+00
 236.782963     12.325  35.854525     9.3943     5.0289     12.222    33.2719    25.7025 0.0000e+00
 236.782969     12.497  35.862992     9.4034     4.9902     12.392    33.2721    25.7012 0.0000e+00
 236.782975     12.663  35.873275     9.4057     4.9719     12.557    33.2805    25.7074 0.0000e+00
 236.782980     12.837  35.873600     9.3953     4.9438     12.729    33.2904    25.7168 0.0000e+00
 236.782986     13.027  35.861868     9.3754     4.9401     12.918    33.2967    25.7250 0.0000e+00
 236.782992     13.235  35.846202     9.3521     4.9322     13.124    33.3021    25.7330 0.0000e+00
 236.782998     13.462  35.832835     9.3281     4.9261     13.349    33.3106    25.7435 0.0000e+00
 236.783003     13.705  35.822109     9.3039     4.9407     13.590    33.3220    25.7562 0.0000e+00
 236.783009     13.959  35.811731     9.2832     4.9508     13.842    33.3304    25.7662 0.0000e+00
 236.783015     14.214  35.803230     9.2702     4.9408     14.095    33.3337    25.7708 0.0000e+00
 236.783021     14.464  35.798398     9.2629     4.9393     14.343    33.3354    25.7733 0.0000e+00
 236.783027     14.709  35.794966     9.2571     4.9283     14.586    33.3371    25.7756 0.0000e+00
 236.783032     14.946  35.790295     9.2515     4.9267     14.821    33.3374    25.7767 0.0000e+00
 236.783038     15.175  35.785133     9.2484     4.9353     15.048    33.3348    25.7752 0.0000e+00
 236.783044     15.392  35.781251     9.2494     4.9219     15.263    33.3298    25.7711 0.0000e+00
 236.783050     15.599  35.779887     9.2515     4.9189     15.468    33.3263    25.7681 0.0000e+00
 236.783056     15.803  35.782279     9.2484     4.9077     15.671    33.3316    25.7727 0.0000e+00
 236.783061     16.015  35.781805     9.2375     4.9051     15.881    33.3412    25.7819 0.0000e+00
 236.783067     16.234  35.773615     9.2238     4.8853     16.098    33.3454    25.7874 0.0000e+00
 236.783073     16.457  35.765519     9.2144     4.8777     16.319    33.3457    25.7892 0.0000e+00
 236.783079     16.682  35.762092     9.2111     4.8552     16.542    33.3451    25.7893 0.0000e+00
 236.783084     16.906  35.760702     9.2094     4.8516     16.764    33.3452    25.7896 0.0000e+00
