data/oxygen options/OCNMS/OCNMS1/raw_data/2016/CAST_CE015_160524faed.cnv
* Sea-Bird SBE19 Data File:
* FileName = C:\2016 Mooring Data\CAST_CE015_160524.hex
* Software Version 1.59
* Temperature SN = 2997
* Conductivity SN = 2997
* System UpLoad Time = May 24 2016 23:49:44
** CAST_CE015_160524
* ds
# nquan = 9                                 
# nvalues = 865                         
# units = specified
# name 0 = timeJ: Julian Days
# name 1 = prSM: Pressure, Strain Gauge [db]
# name 2 = c0mS/cm: Conductivity [mS/cm]
# name 3 = t090C: Temperature [ITS-90, deg C]
# name 4 = sbeox0ML/L: Oxygen, SBE 43 [ml/l]
# name 5 = depSM: Depth [salt water, m], lat = 47.5
# name 6 = sal00: Salinity, Practical [PSU]
# name 7 = sigma-é00: Density [sigma-theta, kg/m^3]
# name 8 = flag: flag
# span 0 = 145.986516, 145.991516       
# span 1 =     -5.584,     11.545       
# span 2 =   0.355122,  38.470620       
# span 3 =    11.9284,    15.9403       
# span 4 =    -1.8551,    13.3934       
# span 5 =     -5.537,     11.448       
# span 6 =     0.2093,    32.5086       
# span 7 =    -0.8652,    24.5204       
# span 8 = 0.0000e+00, 0.0000e+00       
# interval = seconds: 0.5
# start_time = May 24 2016 23:40:35 [Instrument's time stamp, header]
# bad_flag = -9.990e-29
*END*
[from data line 641]
 145.990226      0.815  38.053931    13.1510     6.4393      0.808    32.1097    24.1251 -9.990e-29
 145.990231      0.814  38.052182    13.1508     6.4397      0.807    32.1082    24.1240 -9.990e-29
 145.990237      0.811  38.052620    13.1535     6.4404      0.804    32.1063    24.1220 -9.990e-29
 145.990243      0.812  38.054123    13.1572     6.4513      0.805    32.1046    24.1200 -9.990e-29
 145.990249      0.820  38.056427    13.1606     6.4625      0.813    32.1039    24.1187 -9.990e-29
 145.990255      0.833  38.059216    13.1633     6.4652      0.826    32.1042    24.1185 -9.990e-29
 145.990260      0.845  38.061137    13.1646     6.4701      0.838    32.1049    24.1187 -9.990e-29
 145.990266      0.859  38.061361    13.1629     6.4731      0.852    32.1066    24.1204 -9.990e-29
 145.990272      0.875  38.057920    13.1575     6.4602      0.868    32.1079    24.1224 -9.990e-29
 145.990278      0.894  38.051804    13.1521     6.4699      0.887    32.1067    24.1226 -9.990e-29
 145.990284      0.912  38.046604    13.1525     6.4692      0.904    32.1015    24.1185 -9.990e-29
 145.990289      0.924  38.046009    13.1594     6.4628      0.916    32.0951    24.1122 -9.990e-29
 145.990295      0.928  38.052557    13.1669     6.4577      0.920    32.0949    24.1105 -9.990e-29
 145.990301      0.935  38.060941    13.1692     6.4450      0.927    32.1008    24.1147 -9.990e-29
 145.990307      0.949  38.063259    13.1667     6.4330      0.941    32.1051    24.1185 -9.990e-29
 145.990312      0.966  38.058656    13.1638     6.4477      0.958    32.1032    24.1176 -9.990e-29
 145.990318      0.983  38.054980    13.1615     6.4624      0.975    32.1017    24.1169 -9.990e-29
 145.990324      1.006  38.055709    13.1571     6.4699      0.998    32.1061    24.1211 -9.990e-29
 145.990330      1.041  38.055623    13.1511     6.4848      1.032    32.1111    24.1262 -9.990e-29
 145.990336      1.089  38.052900    13.1464     6.4887      1.080    32.1125    24.1282 -9.990e-29
 145.990341      1.154  38.050048    13.1440     6.4901      1.144    32.1118    24.1281 -9.990e-29
 145.990347      1.235  38.049400    13.1426     6.4959      1.225    32.1124    24.1288 -9.990e-29
 145.990353      1.334  38.050067    13.1404     6.5124      1.323    32.1148    24.1312 -9.990e-29
 145.990359      1.456  38.049549    13.1371     6.5615      1.444    32.1171    24.1336 -9.990e-29
 145.990365      1.605  38.047128    13.1323     6.6480      1.592    32.1188    24.1358 0.0000e+00
 145.990370      1.782  38.040668    13.1228     6.7485      1.767    32.1207    24.1392 0.0000e+00
 145.990376      1.986  38.027134    13.1037     6.8466      1.969    32.1241    24.1455 0.0000e+00
 145.990382      2.212  38.006390    13.0638     6.9010      2.194    32.1382    24.1644 0.0000e+00
 145.990388      2.458  37.965320    12.9914     6.8846      2.437    32.1609    24.1961 0.0000e+00
 145.990394      2.717  37.883326    12.8988     6.8596      2.694    32.1621    24.2150 0.0000e+00
 145.990399      2.977  37.780516    12.8194     6.8697      2.952    32.1322    24.2074 0.0000e+00
 145.990405      3.229  37.704721    12.7754     6.8972      3.202    32.0978    24.1892 0.0000e+00
 145.990411      3.474  37.673090    12.7689     6.9630      3.445    32.0732    24.1715 0.0000e+00
 145.990417      3.717  37.677592    12.7855     7.0018      3.686    32.0633    24.1606 0.0000e+00
 145.990422      3.960  37.697293    12.7899     7.0318      3.927    32.0781    24.1712 0.0000e+00
 145.990428      4.213  37.692302    12.7521     7.0401      4.178    32.1054    24.1996 0.0000e+00
 145.990434      4.490  37.650341    12.6835     7.0344      4.452    32.1239    24.2272 0.0000e+00
 145.990440      4.790  37.598385    12.6122     7.0188      4.750    32.1352    24.2496 0.0000e+00
 145.990446      5.102  37.552872    12.5542     7.0100      5.059    32.1413    24.2655 0.0000e+00
 145.990451      5.412  37.517525    12.5191     7.0137      5.367    32.1375    24.2692 0.0000e+00
 145.990457      5.710  37.497852    12.5041     6.9935      5.662    32.1315    24.2674 0.0000e+00
 145.990463      5.993  37.491681    12.4927     6.9848      5.943    32.1352    24.2725 0.0000e+00
 145.990469      6.267  37.482905    12.4687     6.9826      6.215    32.1473    24.2864 0.0000e+00
 145.990475      6.532  37.457553    12.4322     6.9739      6.477    32.1542    24.2987 0.0000e+00
 145.990480      6.783  37.423268    12.4004     6.9454      6.726    32.1486    24.3004 0.0000e+00
 145.990486      7.028  37.397071    12.3857     6.9173      6.969    32.1360    24.2934 0.0000e+00
 145.990492      7.274  37.386028    12.3798     6.8848      7.213    32.1304    24.2902 0.0000e+00
 145.990498      7.523  37.382106    12.3672     6.8754      7.460    32.1373    24.2980 0.0000e+00
 145.990503      7.783  37.374446    12.3465     6.8911      7.718    32.1476    24.3099 0.0000e+00
 145.990509      8.058  37.366257    12.3295     6.8789      7.991    32.1543    24.3182 0.0000e+00
 145.990515      8.339  37.365086    12.3225     6.8608      8.269    32.1590    24.3233 0.0000e+00
 145.990521      8.605  37.369900    12.3223     6.8483      8.533    32.1637    24.3269 0.0000e+00
 145.990527      8.849  37.375315    12.3243     6.8345      8.775    32.1671    24.3292 0.0000e+00
 145.990532      9.081  37.378435    12.3255     6.8490      9.005    32.1690    24.3304 0.0000e+00
 145.990538      9.307  37.382274    12.3261     6.8498      9.229    32.1720    24.3327 0.0000e+00
 145.990544      9.525  37.389124    12.3275     6.7846      9.445    32.1773    24.3365 0.0000e+00
 145.990550      9.731  37.398004    12.3297     6.6662      9.650    32.1838    24.3412 0.0000e+00
 145.990556      9.926  37.406715    12.3316     6.5235      9.843    32.1905    24.3459 0.0000e+00
 145.990561     10.114  37.411714    12.3319     6.3674     10.029    32.1949    24.3493 0.0000e+00
 145.990567     10.298  37.412916    12.3282     6.2451     10.212    32.1992    24.3533 0.0000e+00
 145.990573     10.485  37.412457    12.3157     6.1983     10.397    32.2094    24.3636 0.0000e+00
 145.990579     10.678  37.408018    12.2825     6.1891     10.589    32.2336    24.3887 0.0000e+00
 145.990584     10.870  37.385810    12.2089     6.1954     10.779    32.2756    24.4351 0.0000e+00
 145.990590     11.049  37.324041    12.1024     6.2224     10.956    32.3081    24.4803 0.0000e+00
 145.990596     11.208  37.241191    12.0121     6.2447     11.114    32.3063    24.4957 0.0000e+00
 145.990602     11.333  37.189829    11.9633     6.2868     11.238    32.2989    24.4991 -9.990e-29
 145.990608     11.425  37.175957    11.9395     6.3459     11.329    32.3061    24.5091 -9.990e-29
 145.990613     11.489  37.174870    11.9284     6.4117     11.393    32.3147    24.5178 -9.990e-29
 145.990619     11.530  37.178361    11.9284     6.4547     11.433    32.3180    24.5204 -9.990e-29
 145.990625     11.545  37.185454    11.9379     6.5127     11.448    32.3167    24.5175 -9.990e-29
 145.990631     11.532  37.193811    11.9586     6.5702     11.435    32.3068    24.5060 -9.990e-29
 145.990637     11.494  37.206142    11.9962     6.6025     11.398    32.2861    24.4830 -9.990e-29
 145.990642     11.437  37.231579    12.0511     6.6389     11.341    32.2632    24.4550 -9.990e-29
 145.990648     11.370  37.267591    12.1079     6.6487     11.275    32.2489    24.4333 -9.990e-29
 145.990654     11.302  37.301092    12.1543     6.6443     11.207    32.2411    24.4186 -9.990e-29
 145.990660     11.233  37.332464    12.1957     6.6439     11.139    32.2356    24.4066 -9.990e-29
 145.990666     11.159  37.365413    12.2311     6.6634     11.066    32.2368    24.4008 -9.990e-29
 145.990671     11.078  37.387813    12.2542     6.6825     10.985    32.2384    24.3978 -9.990e-29
 145.990677     10.995  37.396447    12.2667     6.7050     10.903    32.2360    24.3935 -9.990e-29
 145.990683     10.908  37.400004    12.2742     6.7365     10.817    32.2330    24.3898 -9.990e-29
 145.990689     10.811  37.403207    12.2834     6.7459     10.720    32.2282    24.3843 -9.990e-29
 145.990694     10.704  37.408619    12.2942     6.7562     10.614    32.2241    24.3791 -9.990e-29
 145.990700     10.588  37.414465    12.3032     6.7770     10.499    32.2220    24.3758 -9.990e-29
 145.990706     10.463  37.418430    12.3105     6.7922     10.375    32.2196    24.3725 0.0000e+00
 145.990712     10.331  37.420551    12.3170     6.8149     10.245    32.2161    24.3686 0.0000e+00
 145.990718     10.191  37.421402    12.3226     6.8413     10.106    32.2121    24.3645 0.0000e+00
 145.990723     10.049  37.421357    12.3272     6.8520      9.965    32.2082    24.3605 0.0000e+00
 145.990729      9.910  37.420346    12.3303     6.8234      9.827    32.2046    24.3572 0.0000e+00
 145.990735      9.785  37.418508    12.3319     6.8171      9.703    32.2015    24.3545 -9.990e-29
 145.990741      9.673  37.416750    12.3326     6.8184      9.592    32.1993    24.3526 -9.990e-29
 145.990747      9.563  37.416086    12.3331     6.8341      9.483    32.1983    24.3517 -9.990e-29
 145.990752      9.445  37.416187    12.3337     6.8663      9.366    32.1979    24.3513 -9.990e-29
 145.990758      9.309  37.416057    12.3342     6.8722      9.231    32.1974    24.3508 0.0000e+00
 145.990764      9.157  37.414958    12.3346     6.8623      9.080    32.1961    24.3497 0.0000e+00
 145.990770      9.000  37.412537    12.3347     6.8541      8.925    32.1937    24.3479 0.0000e+00
 145.990775      8.849  37.408924    12.3343     6.8474      8.775    32.1907    24.3456 0.0000e+00
 145.990781      8.712  37.404901    12.3338     6.8628      8.639    32.1873    24.3431 -9.990e-29
 145.990787      8.589  37.402385    12.3333     6.8854      8.517    32.1854    24.3417 -9.990e-29
 145.990793      8.472  37.402499    12.3326     6.9053      8.401    32.1861    24.3424 -9.990e-29
 145.990799      8.357  37.403146    12.3321     6.9085      8.287    32.1872    24.3433 -9.990e-29
 145.990804      8.242  37.401820    12.3322     6.8969      8.173    32.1859    24.3423 -9.990e-29
 145.990810      8.119  37.397869    12.3327     6.9033      8.051    32.1818    24.3390 -9.990e-29
 145.990816      7.985  37.392183    12.3333     6.9166      7.918    32.1759    24.3343 0.0000e+00
 145.990822      7.840  37.387260    12.3339     6.9233      7.774    32.1707    24.3301 0.0000e+00
 145.990828      7.688  37.384938    12.3345     6.9324      7.624    32.1680    24.3279 0.0000e+00
 145.990833      7.540  37.384916    12.3350     6.9349      7.477    32.1676    24.3275 0.0000e+00
 145.990839      7.399  37.385482    12.3350     6.9324      7.337    32.1682    24.3280 0.0000e+00
 145.990845      7.258  37.384020    12.3347     6.9445      7.197    32.1671    24.3272 0.0000e+00
 145.990851      7.114  37.380256    12.3353     6.9573      7.055    32.1631    24.3240 0.0000e+00
 145.990856      6.977  37.377574    12.3376     6.9648      6.919    32.1586    24.3200 0.0000e+00
 145.990862      6.850  37.377435    12.3412     6.9666      6.793    32.1554    24.3169 -9.990e-29
 145.990868      6.730  37.378526    12.3462     6.9867      6.674    32.1522    24.3135 -9.990e-29
 145.990874      6.608  37.380616    12.3529     6.9775      6.553    32.1485    24.3093 -9.990e-29
 145.990880      6.482  37.383681    12.3606     6.9863      6.428    32.1449    24.3051 0.0000e+00
 145.990885      6.352  37.387320    12.3699     6.9901      6.299    32.1405    24.2999 0.0000e+00
 145.990891      6.214  37.391897    12.3829     6.9802      6.162    32.1338    24.2922 0.0000e+00
 145.990897      6.060  37.398467    12.3995     6.9828      6.009    32.1259    24.2830 0.0000e+00
 145.990903      5.887  37.406818    12.4161     6.9979      5.838    32.1198    24.2750 0.0000e+00
 145.990909      5.706  37.414632    12.4287     7.0237      5.658    32.1165    24.2701 0.0000e+00
 145.990914      5.528  37.422236    12.4366     7.0300      5.482    32.1171    24.2691 0.0000e+00
 145.990920      5.354  37.430800    12.4410     7.0382      5.309    32.1216    24.2717 0.0000e+00
 145.990926      5.189  37.436608    12.4449     7.0285      5.146    32.1239    24.2727 0.0000e+00
 145.990932      5.037  37.440115    12.4551     7.0097      4.995    32.1185    24.2667 0.0000e+00
 145.990938      4.882  37.448231    12.4747     7.0131      4.841    32.1096    24.2560 0.0000e+00
 145.990943      4.729  37.463366    12.5002     7.0043      4.689    32.1023    24.2455 0.0000e+00
 145.990949      4.593  37.487762    12.5252     6.9803      4.555    32.1043    24.2423 -9.990e-29
 145.990955      4.474  37.515277    12.5416     6.9455      4.437    32.1165    24.2486 -9.990e-29
 145.990961      4.360  37.528233    12.5494     6.9231      4.324    32.1223    24.2516 -9.990e-29
 145.990966      4.236  37.528211    12.5598     6.9042      4.201    32.1134    24.2427 -9.990e-29
 145.990972      4.098  37.531429    12.5778     6.8944      4.064    32.1012    24.2298 0.0000e+00
 145.990978      3.953  37.541613    12.5963     6.8938      3.920    32.0951    24.2216 0.0000e+00
 145.990984      3.807  37.554402    12.6107     6.8676      3.775    32.0951    24.2188 0.0000e+00
 145.990990      3.661  37.566110    12.6234     6.8063      3.630    32.0955    24.2166 0.0000e+00
 145.990995      3.517  37.575533    12.6392     6.7565      3.488    32.0910    24.2102 0.0000e+00
 145.991001      3.363  37.585703    12.6614     6.7267      3.335    32.0818    24.1988 0.0000e+00
 145.991007      3.200  37.597845    12.6899     6.7088      3.173    32.0692    24.1835 0.0000e+00
 145.991013      3.038  37.614134    12.7239     6.7001      3.013    32.0558    24.1666 0.0000e+00
 145.991019      2.892  37.637791    12.7588     6.6740      2.868    32.0486    24.1543 0.0000e+00
 145.991024      2.766  37.668414    12.7806     6.6460      2.743    32.0592    24.1583 -9.990e-29
 145.991030      2.649  37.692471    12.7884     6.6056      2.627    32.0754    24.1693 -9.990e-29
 145.991036      2.523  37.701125    12.8056     6.5785      2.502    32.0690    24.1611 0.0000e+00
 145.991042      2.380  37.714877    12.8422     6.5570      2.360    32.0510    24.1400 0.0000e+00
 145.991047      2.230  37.743648    12.8819     6.5498      2.211    32.0446    24.1274 0.0000e+00
 145.991053      2.083  37.782080    12.9104     6.5405      2.066    32.0568    24.1313 0.0000e+00
 145.991059      1.943  37.818646    12.9299     6.5309      1.927    32.0749    24.1415 0.0000e+00
 145.991065      1.806  37.841572    12.9499     6.5216      1.791    32.0796    24.1412 0.0000e+00
 145.991071      1.667  37.861248    12.9726     6.5196      1.653    32.0790    24.1363 0.0000e+00
 145.991076      1.529  37.880364    12.9915     6.5430      1.516    32.0811    24.1342 0.0000e+00
 145.991082      1.402  37.890776    13.0013     6.5473      1.390    32.0826    24.1335 -9.990e-29
 145.991088      1.291  37.896836    13.0043     6.5375      1.280    32.0858    24.1354 -9.990e-29
 145.991094      1.192  37.905501    13.0061     6.5359      1.182    32.0925    24.1402 -9.990e-29
 145.991100      1.099  37.913186    13.0103     6.5230      1.090    32.0962    24.1423 -9.990e-29
 145.991105      1.010  37.917241    13.0169     6.5173      1.002    32.0945    24.1397 -9.990e-29
 145.991111      0.933  37.923626    13.0241     6.5232      0.925    32.0945    24.1382 -9.990e-29
 145.991117      0.875  37.935246    13.0312     6.5180      0.868    32.0994    24.1407 -9.990e-29
 145.991123      0.834  37.946850    13.0371     6.5124      0.827    32.1054    24.1441 -9.990e-29
 145.991128      0.801  37.952047    13.0403     6.4965      0.794    32.1076    24.1452 -9.990e-29
 145.991134      0.776  37.952716    13.0432     6.4934      0.770    32.1057    24.1432 -9.990e-29
 145.991140      0.755  37.954787    13.0494     6.4843      0.749    32.1024    24.1394 -9.990e-29
