data/oxygen options/OCNMS/OCNMS1/raw_data/2016/CAST_CA015_160628faed.cnv
* Sea-Bird SBE19 Data File:
* FileName = C:\2016 Mooring Data\Casts\Data\CAST_CA015_160628.hex
* Software Version 1.59
* Temperature SN = 2997
* Conductivity SN = 2997
* System UpLoad Time = Jun 28 2016 18:01:18
** CAST_CA015_160628
* ds
# nquan = 9                                 
# nvalues = 812                         
# units = specified
# name 0 = timeJ: Julian Days
# name 1 = prSM: Pressure, Strain Gauge [db]
# name 2 = c0mS/cm: Conductivity [mS/cm]
# name 3 = t090C: Temperature [ITS-90, deg C]
# name 4 = sbeox0ML/L: Oxygen, SBE 43 [ml/l]
# name 5 = depSM: Depth [salt water, m], lat = 47.5
# name 6 = sal00: Salinity, Practical [PSU]
# name 7 = sigma-é00: Density [sigma-theta, kg/m^3]
# name 8 = flag: flag
# span 0 = 180.740891, 180.745584       
# span 1 =     -5.269,     16.359       
# span 2 =   0.369661,  37.982164       
# span 3 =     8.0798,    13.1884       
# span 4 =    -1.9666,    15.5029       
# span 5 =     -5.225,     16.222       
# span 6 =     0.2343,    33.5207       
# span 7 =    -0.4592,    26.1004       
# span 8 = 0.0000e+00, 0.0000e+00       
# interval = seconds: 0.5
# start_time = Jun 28 2016 17:46:53 [Instrument's time stamp, header]
# bad_flag = -9.990e-29
*END*
[from data line 321]
 180.742749     -0.576   0.373441    12.8795    -1.9653     -0.571     0.2359    -0.4218 -9.990e-29
 180.742755     -0.576   0.373203    12.8696    -1.9656     -0.571     0.2358    -0.4206 -9.990e-29
 180.742760     -0.575   0.372691    12.8536    -1.9659     -0.570     0.2356    -0.4188 -9.990e-29
 180.742766     -0.577   0.372331    12.8363    -1.9661     -0.572     0.2355    -0.4168 -9.990e-29
 180.742772     -0.579   0.372199    12.8204    -1.9660     -0.574     0.2355    -0.4148 -9.990e-29
 180.742778     -0.577   0.372119    12.8052    -1.9654     -0.572     0.2355    -0.4128 -9.990e-29
 180.742784     -0.574   0.371982    12.7894    -1.9646     -0.569     0.2355    -0.4109 -9.990e-29
 180.742789     -0.570   0.371606    12.7739    -1.9638     -0.565     0.2354    -0.4090 -9.990e-29
 180.742795     -0.561   0.371046    12.7601    -1.9631     -0.556     0.2351    -0.4076 -9.990e-29
 180.742801     -0.550   0.370664    12.7488    -1.9629     -0.545     0.2349    -0.4063 -9.990e-29
 180.742807     -0.542   0.370507    12.7404    -1.9635     -0.537     0.2348    -0.4053 -9.990e-29
 180.742813     -0.535   0.370363    12.7348    -1.9638     -0.531     0.2348    -0.4046 -9.990e-29
 180.742818     -0.529   0.370040    12.7328    -1.9640     -0.525     0.2346    -0.4045 -9.990e-29
 180.742824     -0.524   0.369661    12.7366    -1.9640     -0.520     0.2343    -0.4052 -9.990e-29
 180.742830     -0.519   0.369831    12.7466    -1.9635     -0.515     0.2344    -0.4064 -9.990e-29
 180.742836     -0.514   0.370778    12.7605    -1.9628     -0.510     0.2349    -0.4077 -9.990e-29
 180.742841     -0.509   0.372096    12.7748    -1.9622     -0.505     0.2357    -0.4089 -9.990e-29
 180.742847     -0.504   0.373324    12.7859    -1.9621     -0.500     0.2364    -0.4097 -9.990e-29
 180.742853     -0.497   0.373876    12.7900    -1.9629     -0.493     0.2367    -0.4100 -9.990e-29
 180.742859     -0.490   0.373376    12.7868    -1.9635     -0.486     0.2364    -0.4098 -9.990e-29
 180.742865     -0.484   0.372269    12.7814    -1.9641     -0.480     0.2357    -0.4097 -9.990e-29
 180.742870     -0.485   0.371299    12.7785    -1.9645     -0.481     0.2351    -0.4098 -9.990e-29
 180.742876     -0.488   0.370838    12.7806    -1.9648     -0.484     0.2348    -0.4103 -9.990e-29
 180.742882     -0.490   0.370827    12.7879    -1.9649     -0.486     0.2348    -0.4112 -9.990e-29
 180.742888     -0.489   0.371251    12.7980    -1.9651     -0.485     0.2350    -0.4123 -9.990e-29
 180.742894     -0.487   0.372119    12.8058    -1.9652     -0.483     0.2355    -0.4129 -9.990e-29
 180.742899     -0.483   0.372921    12.8058    -1.9655     -0.479     0.2360    -0.4125 -9.990e-29
 180.742905     -0.476   0.373063    12.7973    -1.9662     -0.472     0.2362    -0.4113 -9.990e-29
 180.742911     -0.467   0.372733    12.7852    -1.9666     -0.463     0.2360    -0.4099 -9.990e-29
 180.742917     -0.455   0.372600    12.7737    -1.6073     -0.451     0.2360    -0.4085 -9.990e-29
 180.742922     -0.439   0.373041    12.7646    -1.6082     -0.435     0.2363    -0.4071 -9.990e-29
 180.742928     -0.418   0.374645    12.7583    -1.6102     -0.415     0.2374    -0.4055 -9.990e-29
 180.742934     -0.390   0.378995    12.7536    -1.6103     -0.387     0.2403    -0.4027 -9.990e-29
 180.742940     -0.354   0.390778    12.7492    -1.6128     -0.351     0.2480    -0.3961 -9.990e-29
 180.742946     -0.308   0.425149    12.7439    -1.6154     -0.305     0.2705    -0.3779 -9.990e-29
 180.742951     -0.252   0.528494    12.7354    -1.6180     -0.250     0.3386    -0.3237 -9.990e-29
 180.742957     -0.193   0.839716    12.7220    -1.6222     -0.191     0.5477    -0.1592 -9.990e-29
 180.742963     -0.130   1.774330    12.7037    -1.6233     -0.129     1.1989     0.3494 -9.990e-29
 180.742969     -0.059   4.578490    12.6797    -1.6229     -0.059     3.2719     1.9593 -9.990e-29
 180.742975      0.023  12.978858    12.6436    -1.6215      0.023    10.0224     7.1749 -9.990e-29
 180.742980      0.119  25.564444    12.5960    -1.6212      0.118    20.9967    15.6426 -9.990e-29
 180.742986      0.221  33.947647    12.5447    -1.6204      0.219    28.7428    21.6360 -9.990e-29
 180.742992      0.323  36.743121    12.4852    -1.6192      0.320    31.4309    23.7281 -9.990e-29
 180.742998      0.428  37.663589    12.4131    -1.6197      0.424    32.3700    24.4695 -9.990e-29
 180.743003      0.536  37.933003    12.3251    -1.6186      0.532    32.7045    24.7455 -9.990e-29
 180.743009      0.644  37.980701    12.2434    -1.6219      0.639    32.8218    24.8520 -9.990e-29
 180.743015      0.739  37.975697    12.2099    -1.6217      0.733    32.8463    24.8773 -9.990e-29
 180.743021      0.817  37.953381    12.2135    -1.6256      0.810    32.8217    24.8575 -9.990e-29
 180.743027      0.876  37.904216    12.2281    -1.6265      0.869    32.7615    24.8081 -9.990e-29
 180.743032      0.922  37.880426    12.2527    -1.6275      0.914    32.7171    24.7690 -9.990e-29
 180.743038      0.957  37.893532    12.2786    -1.6270      0.949    32.7070    24.7563 -9.990e-29
 180.743044      0.983  37.894395    12.2952    -1.6287      0.975    32.6934    24.7425 -9.990e-29
 180.743050      1.005  37.893221    12.2955    -1.6282      0.997    32.6920    24.7414 -9.990e-29
 180.743056      1.031  37.901423    12.2681    -1.6270      1.022    32.7238    24.7713 -9.990e-29
 180.743061      1.057  37.916568    12.2194    -1.6266      1.048    32.7809    24.8248 -9.990e-29
 180.743067      1.076  37.943239    12.1731    -1.6255      1.067    32.8473    24.8850 -9.990e-29
 180.743073      1.081  37.954861    12.1340    -1.6269      1.072    32.8929    24.9278 -9.990e-29
 180.743079      1.072  37.916556    12.0930    -1.6265      1.063    32.8920    24.9348 -9.990e-29
 180.743084      1.058  37.838413    12.0477    -1.6263      1.049    32.8564    24.9157 -9.990e-29
 180.743090      1.036  37.797344    12.0161    -1.6233      1.027    32.8445    24.9124 -9.990e-29
 180.743096      0.999  37.830580    12.0164    -1.6201      0.991    32.8764    24.9371 -9.990e-29
 180.743102      0.942  37.857527    12.0408    -1.6200      0.934    32.8810    24.9361 -9.990e-29
 180.743108      0.880  37.815546    12.0669    -1.6188      0.873    32.8175    24.8819 -9.990e-29
 180.743113      0.829  37.758035    12.0818    -1.6186      0.822    32.7488    24.8258 -9.990e-29
 180.743119      0.796  37.741225    12.0817    -1.6198      0.789    32.7327    24.8133 -9.990e-29
 180.743125      0.778  37.759044    12.0714    -1.6194      0.772    32.7590    24.8356 -9.990e-29
 180.743131      0.769  37.791059    12.0755    -1.6186      0.763    32.7863    24.8561 -9.990e-29
 180.743137      0.761  37.823993    12.1195    -1.6182      0.755    32.7794    24.8425 -9.990e-29
 180.743142      0.749  37.841306    12.1983    -1.6177      0.743    32.7271    24.7870 -9.990e-29
 180.743148      0.736  37.828050    12.2719    -1.6165      0.730    32.6500    24.7134 -9.990e-29
 180.743154      0.730  37.806429    12.3129    -1.6164      0.724    32.5936    24.6618 -9.990e-29
 180.743160      0.736  37.806001    12.3289    -1.6173      0.730    32.5792    24.6477 -9.990e-29
 180.743166      0.748  37.827410    12.3277    -1.6176      0.742    32.6008    24.6646 -9.990e-29
 180.743171      0.759  37.860619    12.3209    -1.6175      0.753    32.6386    24.6952 -9.990e-29
 180.743177      0.766  37.888901    12.3267    -1.6171      0.760    32.6607    24.7112 -9.990e-29
 180.743183      0.769  37.900163    12.3444    -1.6175      0.763    32.6561    24.7043 -9.990e-29
 180.743189      0.769  37.901092    12.3648    -1.6173      0.763    32.6392    24.6873 -9.990e-29
 180.743194      0.765  37.900854    12.3855    -1.6155      0.759    32.6210    24.6692 -9.990e-29
 180.743200      0.757  37.899778    12.4002    -1.6139      0.751    32.6072    24.6557 -9.990e-29
 180.743206      0.748  37.902116    12.3999    -1.6143      0.742    32.6097    24.6577 -9.990e-29
 180.743212      0.748  37.914434    12.3895    -1.6169      0.742    32.6305    24.6759 -9.990e-29
 180.743218      0.755  37.930263    12.3835    -1.6203      0.749    32.6509    24.6928 -9.990e-29
 180.743223      0.762  37.937724    12.3849    -1.6238      0.756    32.6568    24.6972 -9.990e-29
 180.743229      0.765  37.933951    12.3861    -1.6218      0.759    32.6522    24.6933 -9.990e-29
 180.743235      0.764  37.929123    12.3893    -1.6175      0.758    32.6447    24.6870 -9.990e-29
 180.743241      0.759  37.934260    12.4097    -1.6151      0.753    32.6319    24.6731 -9.990e-29
 180.743247      0.750  37.941160    12.4476    -1.6157      0.744    32.6056    24.6455 -9.990e-29
 180.743252      0.740  37.937243    12.4739    -1.6147      0.734    32.5790    24.6199 -9.990e-29
 180.743258      0.738  37.925780    12.4584    -1.6140      0.732    32.5815    24.6248 -9.990e-29
 180.743264      0.747  37.915115    12.3970    -1.6168      0.741    32.6246    24.6699 -9.990e-29
 180.743270      0.763  37.901766    12.3115    -1.6216      0.757    32.6863    24.7340 -9.990e-29
 180.743275      0.776  37.885386    12.2565    -1.6229      0.770    32.7186    24.7694 -9.990e-29
 180.743281      0.772  37.883431    12.2835    -1.6237      0.766    32.6931    24.7446 -9.990e-29
 180.743287      0.748  37.893916    12.3649    -1.6238      0.742    32.6322    24.6819 -9.990e-29
 180.743293      0.711  37.893896    12.4294    -1.6222      0.705    32.5762    24.6262 -9.990e-29
 180.743299      0.679  37.887356    12.4573    -1.6209      0.673    32.5457    24.5972 -9.990e-29
 180.743304      0.667  37.892021    12.4684    -1.6184      0.661    32.5406    24.5911 -9.990e-29
 180.743310      0.675  37.902997    12.4561    -1.6172      0.669    32.5617    24.6099 -9.990e-29
 180.743316      0.695  37.907541    12.3963    -1.6156      0.689    32.6180    24.6649 -9.990e-29
 180.743322      0.719  37.890500    12.3069    -1.6168      0.713    32.6795    24.7296 -9.990e-29
 180.743328      0.741  37.856133    12.2403    -1.6191      0.735    32.7046    24.7617 -9.990e-29
 180.743333      0.757  37.835462    12.2152    -1.6180      0.751    32.7067    24.7680 -9.990e-29
 180.743339      0.765  37.823402    12.2207    -1.6158      0.759    32.6903    24.7542 -9.990e-29
 180.743345      0.760  37.805062    12.2515    -1.6143      0.754    32.6457    24.7139 -9.990e-29
 180.743351      0.746  37.798655    12.2999    -1.6163      0.740    32.5974    24.6672 -9.990e-29
 180.743356      0.731  37.808052    12.3511    -1.6203      0.725    32.5619    24.6300 -9.990e-29
 180.743362      0.728  37.824572    12.3912    -1.6231      0.722    32.5429    24.6077 -9.990e-29
 180.743368      0.743  37.852400    12.4099    -1.6220      0.737    32.5534    24.6122 -9.990e-29
 180.743374      0.771  37.885580    12.3991    -1.6220      0.765    32.5945    24.6461 -9.990e-29
 180.743380      0.795  37.905675    12.3828    -1.6221      0.788    32.6279    24.6752 -9.990e-29
 180.743385      0.808  37.908740    12.3989    -1.6220      0.801    32.6168    24.6635 -9.990e-29
 180.743391      0.816  37.903979    12.4370    -1.6215      0.809    32.5792    24.6271 -9.990e-29
 180.743397      0.824  37.895204    12.4533    -1.6212      0.817    32.5567    24.6065 -9.990e-29
 180.743403      0.835  37.884811    12.4156    -1.6215      0.828    32.5794    24.6313 -9.990e-29
 180.743409      0.855  37.865200    12.3332    11.8290      0.848    32.6322    24.6879 -9.990e-29
 180.743414      0.878  37.837772    12.2628    15.3470      0.871    32.6673    24.7284 -9.990e-29
 180.743420      0.890  37.831033    12.2408    15.5029      0.883    32.6800    24.7425 -9.990e-29
 180.743426      0.890  37.842223    12.2463    12.7983      0.883    32.6859    24.7460 -9.990e-29
 180.743432      0.881  37.839252    12.2541     7.1617      0.874    32.6763    24.7371 -9.990e-29
 180.743438      0.870  37.815997    12.2606     7.2126      0.863    32.6483    24.7141 -9.990e-29
 180.743443      0.863  37.793655    12.2675     7.4253      0.856    32.6208    24.6915 -9.990e-29
 180.743449      0.858  37.786228    12.2706     7.4926      0.851    32.6109    24.6833 -9.990e-29
 180.743455      0.854  37.785579    12.2614     7.4569      0.847    32.6183    24.6908 -9.990e-29
 180.743461      0.853  37.777474    12.2453     7.3488      0.846    32.6246    24.6986 -9.990e-29
 180.743466      0.853  37.755111    12.2438     7.2130      0.846    32.6044    24.6833 -9.990e-29
 180.743472      0.855  37.735262    12.2624     7.1054      0.848    32.5691    24.6524 -9.990e-29
 180.743478      0.859  37.739168    12.2833     7.1122      0.852    32.5547    24.6373 -9.990e-29
 180.743484      0.864  37.754186    12.2850     7.2176      0.857    32.5676    24.6470 -9.990e-29
 180.743490      0.872  37.752233    12.2559     7.3358      0.865    32.5911    24.6707 -9.990e-29
 180.743495      0.883  37.720144    12.2107     7.4170      0.876    32.5996    24.6858 -9.990e-29
 180.743501      0.894  37.679658    12.1911     7.4679      0.887    32.5777    24.6725 -9.990e-29
 180.743507      0.895  37.676053    12.2223     7.5163      0.888    32.5471    24.6429 -9.990e-29
 180.743513      0.884  37.719161    12.2819     7.5584      0.877    32.5367    24.6236 -9.990e-29
 180.743519      0.864  37.770708    12.3379     7.5600      0.857    32.5375    24.6136 -9.990e-29
 180.743524      0.846  37.805369    12.3768     7.5483      0.839    32.5370    24.6058 -9.990e-29
 180.743530      0.838  37.834711    12.3902     7.4911      0.831    32.5535    24.6160 -9.990e-29
 180.743536      0.835  37.862083    12.3883     7.3797      0.828    32.5814    24.6380 -9.990e-29
 180.743542      0.833  37.873636    12.4005     7.2874      0.826    32.5818    24.6361 -9.990e-29
 180.743547      0.830  37.874766    12.4344     7.2223      0.823    32.5535    24.6076 -9.990e-29
 180.743553      0.833  37.887231    12.4691     7.2518      0.826    32.5353    24.5869 -9.990e-29
 180.743559      0.844  37.900275    12.4762     7.3823      0.837    32.5416    24.5905 -9.990e-29
 180.743565      0.860  37.869175    12.4588     7.5062      0.853    32.5270    24.5824 -9.990e-29
 180.743571      0.874  37.802429    12.4497     7.5589      0.867    32.4710    24.5408 -9.990e-29
 180.743576      0.883  37.762982    12.4529     7.5326      0.876    32.4305    24.5088 -9.990e-29
 180.743582      0.887  37.762197    12.4560     7.4104      0.880    32.4271    24.5056 -9.990e-29
 180.743588      0.887  37.780052    12.4638     7.2706      0.880    32.4374    24.5121 -9.990e-29
 180.743594      0.885  37.815222    12.4810     7.2453      0.878    32.4562    24.5233 -9.990e-29
 180.743600      0.888  37.858643    12.4983     7.3229      0.881    32.4827    24.5406 -9.990e-29
 180.743605      0.894  37.896563    12.4910     7.4279      0.887    32.5253    24.5749 -9.990e-29
 180.743611      0.904  37.895009    12.4386     7.4832      0.896    32.5692    24.6190 -9.990e-29
 180.743617      0.916  37.826778    12.3752     7.4219      0.908    32.5589    24.6231 -9.990e-29
 180.743623      0.920  37.759562    12.3656     7.2548      0.912    32.5028    24.5814 -9.990e-29
 180.743628      0.912  37.769674    12.4125     7.0835      0.904    32.4719    24.5485 -9.990e-29
 180.743634      0.898  37.827513    12.4602     6.9761      0.891    32.4859    24.5503 -9.990e-29
 180.743640      0.887  37.880834    12.4687     6.9861      0.880    32.5295    24.5825 -9.990e-29
 180.743646      0.894  37.903884    12.4251     7.1113      0.887    32.5894    24.6372 -9.990e-29
 180.743652      0.913  37.859122    12.3447     7.2345      0.905    32.6164    24.6735 -9.990e-29
 180.743657      0.930  37.762598    12.2847     7.3141      0.922    32.5759    24.6535 -9.990e-29
 180.743663      0.935  37.707589    12.2846     7.3698      0.927    32.5232    24.6126 -9.990e-29
