data/oxygen options/OCNMS/OCNMS1/raw_data/2016/CAST_KL027_161006faed.cnv
* Sea-Bird SBE19 Data File:
* FileName = C:\2016 Mooring Data\Casts\Data\CAST_KL027_161006.hex
* Software Version 1.59
* Temperature SN = 2997
* Conductivity SN = 2997
* System UpLoad Time = Oct 06 2016 16:22:04
** CAST_KL027_161006
* ds
# nquan = 9                                 
# nvalues = 1392                        
# units = specified
# name 0 = timeJ: Julian Days
# name 1 = prSM: Pressure, Strain Gauge [db]
# name 2 = c0mS/cm: Conductivity [mS/cm]
# name 3 = t090C: Temperature [ITS-90, deg C]
# name 4 = sbeox0ML/L: Oxygen, SBE 43 [ml/l]
# name 5 = depSM: Depth [salt water, m], lat = 47.5
# name 6 = sal00: Salinity, Practical [PSU]
# name 7 = sigma-é00: Density [sigma-theta, kg/m^3]
# name 8 = flag: flag
# span 0 = 280.656829, 280.664878       
# span 1 =     -5.021,     28.024       
# span 2 =   0.017255,  36.861813       
# span 3 =    12.5385,    13.5901       
# span 4 =    -1.9760,    11.8658       
# span 5 =     -4.979,     27.788       
# span 6 =     0.0145,    30.8281       
# span 7 =    -0.5836,    23.0976       
# span 8 = 0.0000e+00, 0.0000e+00       
# interval = seconds: 0.5
# start_time = Oct 06 2016 15:45:50 [Instrument's time stamp, header]
# bad_flag = -9.990e-29
*END*
[from data line 801]
 280.661464      1.896  35.935262    13.4268     5.7922      1.880    29.9106    22.3714 -9.990e-29
 280.661470      1.885  35.934629    13.4270     5.7820      1.869    29.9099    22.3708 -9.990e-29
 280.661476      1.877  35.934342    13.4265     5.7781      1.861    29.9100    22.3710 -9.990e-29
 280.661481      1.876  35.934367    13.4261     5.7796      1.860    29.9104    22.3713 -9.990e-29
 280.661487      1.877  35.934528    13.4264     5.7860      1.861    29.9103    22.3712 -9.990e-29
 280.661493      1.877  35.934270    13.4270     5.7990      1.861    29.9096    22.3705 -9.990e-29
 280.661499      1.875  35.933601    13.4278     5.7941      1.859    29.9083    22.3694 -9.990e-29
 280.661505      1.871  35.933098    13.4285     5.7916      1.855    29.9073    22.3685 -9.990e-29
 280.661510      1.870  35.933002    13.4289     5.7875      1.854    29.9069    22.3681 -9.990e-29
 280.661516      1.875  35.932977    13.4292     5.7863      1.859    29.9067    22.3678 -9.990e-29
 280.661522      1.882  35.932779    13.4294     5.7826      1.866    29.9063    22.3675 -9.990e-29
 280.661528      1.888  35.932497    13.4292     5.7877      1.872    29.9062    22.3675 -9.990e-29
 280.661534      1.892  35.932105    13.4288     5.7826      1.876    29.9062    22.3675 -9.990e-29
 280.661539      1.896  35.931429    13.4285     5.7891      1.880    29.9058    22.3673 -9.990e-29
 280.661545      1.900  35.930481    13.4282     5.7920      1.884    29.9051    22.3668 -9.990e-29
 280.661551      1.904  35.929467    13.4278     5.7845      1.888    29.9045    22.3664 -9.990e-29
 280.661557      1.907  35.928505    13.4272     5.7906      1.891    29.9041    22.3662 -9.990e-29
 280.661563      1.911  35.927782    13.4269     5.7701      1.895    29.9036    22.3659 -9.990e-29
 280.661568      1.915  35.927246    13.4268     5.7675      1.899    29.9032    22.3656 -9.990e-29
 280.661574      1.919  35.926531    13.4267     5.7753      1.903    29.9026    22.3652 -9.990e-29
 280.661580      1.925  35.925594    13.4266     5.7716      1.909    29.9019    22.3646 -9.990e-29
 280.661586      1.932  35.924658    13.4264     5.7846      1.916    29.9011    22.3641 -9.990e-29
 280.661591      1.941  35.923945    13.4260     5.7844      1.925    29.9008    22.3639 -9.990e-29
 280.661597      1.952  35.923415    13.4254     5.7768      1.936    29.9008    22.3640 -9.990e-29
 280.661603      1.962  35.922711    13.4250     5.7833      1.946    29.9004    22.3638 -9.990e-29
 280.661609      1.963  35.921807    13.4252     5.7819      1.947    29.8994    22.3630 -9.990e-29
 280.661615      1.954  35.920966    13.4255     5.7832      1.938    29.8984    22.3622 -9.990e-29
 280.661620      1.945  35.920536    13.4256     5.7975      1.929    29.8980    22.3618 -9.990e-29
 280.661626      1.938  35.920296    13.4255     5.7977      1.922    29.8978    22.3617 -9.990e-29
 280.661632      1.933  35.919717    13.4257     5.8033      1.917    29.8971    22.3611 -9.990e-29
 280.661638      1.931  35.918937    13.4262     5.8026      1.915    29.8960    22.3602 -9.990e-29
 280.661644      1.930  35.918385    13.4266     5.7911      1.914    29.8952    22.3595 -9.990e-29
 280.661649      1.930  35.918238    13.4267     5.7755      1.914    29.8950    22.3593 -9.990e-29
 280.661655      1.932  35.918088    13.4266     5.7769      1.916    29.8949    22.3593 -9.990e-29
 280.661661      1.936  35.917528    13.4267     5.7737      1.920    29.8943    22.3588 -9.990e-29
 280.661667      1.942  35.916721    13.4267     5.7780      1.926    29.8936    22.3582 -9.990e-29
 280.661672      1.950  35.916061    13.4264     5.7931      1.934    29.8932    22.3580 -9.990e-29
 280.661678      1.957  35.915578    13.4261     5.7949      1.941    29.8930    22.3579 -9.990e-29
 280.661684      1.955  35.914980    13.4260     5.8041      1.939    29.8925    22.3575 -9.990e-29
 280.661690      1.952  35.914377    13.4257     5.8154      1.936    29.8922    22.3573 -9.990e-29
 280.661696      1.960  35.913877    13.4251     5.8193      1.944    29.8922    22.3574 -9.990e-29
 280.661701      1.967  35.913164    13.4235     5.8001      1.951    29.8928    22.3582 -9.990e-29
 280.661707      1.962  35.912758    13.4206     5.7970      1.946    29.8947    22.3602 -9.990e-29
 280.661713      1.947  35.913027    13.4176     5.7917      1.931    29.8973    22.3628 -9.990e-29
 280.661719      1.931  35.913130    13.4179     5.7867      1.915    29.8972    22.3627 -9.990e-29
 280.661725      1.920  35.912811    13.4213     5.7984      1.904    29.8942    22.3597 -9.990e-29
 280.661730      1.924  35.912483    13.4238     5.8034      1.908    29.8919    22.3575 -9.990e-29
 280.661736      1.942  35.912310    13.4244     5.8060      1.926    29.8913    22.3569 -9.990e-29
 280.661742      1.962  35.912234    13.4244     5.7944      1.946    29.8912    22.3568 -9.990e-29
 280.661748      1.973  35.912112    13.4239     5.7875      1.957    29.8915    22.3571 -9.990e-29
 280.661753      1.971  35.911740    13.4236     5.7850      1.955    29.8914    22.3571 -9.990e-29
 280.661759      1.961  35.911140    13.4239     5.7939      1.945    29.8906    22.3564 -9.990e-29
 280.661765      1.950  35.910590    13.4242     5.8007      1.934    29.8899    22.3558 -9.990e-29
 280.661771      1.942  35.909874    13.4243     5.8006      1.926    29.8891    22.3552 -9.990e-29
 280.661777      1.936  35.909119    13.4245     5.7993      1.920    29.8883    22.3545 -9.990e-29
 280.661782      1.933  35.908956    13.4249     5.7904      1.917    29.8878    22.3541 -9.990e-29
 280.661788      1.931  35.909125    13.4257     5.7823      1.915    29.8873    22.3536 -9.990e-29
 280.661794      1.931  35.909251    13.4268     5.7808      1.915    29.8866    22.3528 -9.990e-29
 280.661800      1.933  35.909460    13.4275     5.7824      1.917    29.8862    22.3524 -9.990e-29
 280.661806      1.937  35.909992    13.4277     5.7931      1.921    29.8866    22.3526 -9.990e-29
 280.661811      1.943  35.910954    13.4278     5.7970      1.927    29.8874    22.3532 -9.990e-29
 280.661817      1.951  35.911909    13.4282     5.7969      1.935    29.8879    22.3536 -9.990e-29
 280.661823      1.962  35.912411    13.4289     5.8017      1.946    29.8879    22.3534 -9.990e-29
 280.661829      1.973  35.912525    13.4291     5.8004      1.957    29.8878    22.3533 -9.990e-29
 280.661834      1.975  35.912362    13.4289     5.8005      1.959    29.8878    22.3533 -9.990e-29
 280.661840      1.965  35.912225    13.4292     5.7992      1.949    29.8875    22.3530 -9.990e-29
 280.661846      1.950  35.912449    13.4296     5.7961      1.934    29.8874    22.3528 -9.990e-29
 280.661852      1.946  35.912730    13.4295     5.8026      1.930    29.8877    22.3531 -9.990e-29
 280.661858      1.959  35.912844    13.4291     5.8038      1.943    29.8881    22.3535 -9.990e-29
 280.661863      1.974  35.912903    13.4292     5.7977      1.958    29.8881    22.3535 -9.990e-29
 280.661869      1.981  35.912944    13.4297     5.7949      1.964    29.8877    22.3531 -9.990e-29
 280.661875      1.977  35.912979    13.4300     5.7857      1.960    29.8875    22.3529 -9.990e-29
 280.661881      1.964  35.913014    13.4297     5.7919      1.948    29.8878    22.3531 -9.990e-29
 280.661887      1.950  35.913056    13.4293     5.7961      1.934    29.8881    22.3535 -9.990e-29
 280.661892      1.939  35.913120    13.4293     5.7975      1.923    29.8882    22.3535 -9.990e-29
 280.661898      1.931  35.913249    13.4299     5.7925      1.915    29.8879    22.3532 -9.990e-29
 280.661904      1.928  35.913573    13.4308     5.7883      1.912    29.8875    22.3527 -9.990e-29
 280.661910      1.936  35.913925    13.4315     5.7883      1.920    29.8872    22.3524 -9.990e-29
 280.661916      1.950  35.914175    13.4317     5.7895      1.934    29.8873    22.3524 -9.990e-29
 280.661921      1.963  35.914614    13.4318     5.7985      1.947    29.8876    22.3526 -9.990e-29
 280.661927      1.971  35.915225    13.4325     5.8000      1.955    29.8876    22.3525 -9.990e-29
 280.661933      1.979  35.915660    13.4333     5.8064      1.962    29.8874    22.3522 -9.990e-29
 280.661939      1.991  35.915901    13.4337     5.7998      1.974    29.8873    22.3520 -9.990e-29
 280.661944      2.005  35.916228    13.4337     5.8021      1.988    29.8876    22.3522 -9.990e-29
 280.661950      2.012  35.916474    13.4334     5.8087      1.995    29.8881    22.3526 -9.990e-29
 280.661956      2.010  35.916368    13.4333     5.8021      1.993    29.8881    22.3526 -9.990e-29
 280.661962      2.001  35.916286    13.4335     5.8023      1.984    29.8878    22.3524 -9.990e-29
 280.661968      1.994  35.916635    13.4339     5.8045      1.977    29.8878    22.3524 -9.990e-29
 280.661973      1.993  35.917282    13.4342     5.7984      1.976    29.8882    22.3526 -9.990e-29
 280.661979      1.997  35.917928    13.4344     5.7936      1.980    29.8886    22.3529 -9.990e-29
 280.661985      2.003  35.918274    13.4344     5.7843      1.986    29.8890    22.3531 -9.990e-29
 280.661991      2.003  35.918180    13.4344     5.7880      1.986    29.8889    22.3531 -9.990e-29
 280.661997      1.995  35.918041    13.4341     5.7869      1.978    29.8890    22.3532 -9.990e-29
 280.662002      1.990  35.918189    13.4339     5.7960      1.973    29.8893    22.3535 -9.990e-29
 280.662008      1.990  35.918220    13.4340     5.7924      1.973    29.8892    22.3534 -9.990e-29
 280.662014      1.995  35.918136    13.4340     5.7897      1.978    29.8891    22.3534 -9.990e-29
 280.662020      2.002  35.918342    13.4337     5.7845      1.985    29.8896    22.3537 -9.990e-29
 280.662025      2.006  35.918512    13.4332     5.7944      1.989    29.8901    22.3543 -9.990e-29
 280.662031      2.009  35.918274    13.4327     5.7937      1.992    29.8903    22.3545 -9.990e-29
 280.662037      2.005  35.917826    13.4324     5.7937      1.988    29.8901    22.3544 -9.990e-29
 280.662043      1.995  35.917649    13.4323     5.7874      1.978    29.8900    22.3544 -9.990e-29
 280.662049      1.987  35.918026    13.4323     5.7818      1.970    29.8904    22.3546 -9.990e-29
 280.662054      1.983  35.918861    13.4323     5.7783      1.966    29.8912    22.3552 -9.990e-29
 280.662060      1.985  35.919546    13.4323     5.7653      1.968    29.8918    22.3557 -9.990e-29
 280.662066      1.988  35.919834    13.4323     5.7656      1.971    29.8920    22.3559 -9.990e-29
 280.662072      1.987  35.920065    13.4323     5.7732      1.970    29.8923    22.3561 -9.990e-29
 280.662078      1.987  35.920507    13.4321     5.7799      1.970    29.8928    22.3566 -9.990e-29
 280.662083      1.993  35.921709    13.4317     5.7914      1.976    29.8942    22.3577 -9.990e-29
 280.662089      2.000  35.923552    13.4315     5.8039      1.983    29.8961    22.3592 -9.990e-29
 280.662095      2.000  35.925093    13.4316     5.8043      1.983    29.8975    22.3602 -9.990e-29
 280.662101      1.989  35.925546    13.4317     5.8029      1.972    29.8978    22.3605 -9.990e-29
 280.662106      1.971  35.924916    13.4318     5.8041      1.955    29.8971    22.3600 -9.990e-29
 280.662112      1.953  35.923999    13.4320     5.7936      1.937    29.8961    22.3591 -9.990e-29
 280.662118      1.943  35.923213    13.4321     5.7791      1.927    29.8953    22.3585 -9.990e-29
 280.662124      1.943  35.922588    13.4320     5.7754      1.927    29.8948    22.3581 -9.990e-29
 280.662130      1.950  35.922368    13.4321     5.7680      1.934    29.8946    22.3579 -9.990e-29
 280.662135      1.960  35.922781    13.4323     5.7654      1.944    29.8948    22.3580 -9.990e-29
 280.662141      1.974  35.923774    13.4322     5.7756      1.958    29.8958    22.3588 -9.990e-29
 280.662147      1.992  35.925511    13.4318     5.7846      1.975    29.8977    22.3604 -9.990e-29
 280.662153      2.011  35.927469    13.4317     5.7897      1.994    29.8996    22.3618 -9.990e-29
 280.662159      2.024  35.928296    13.4317     5.7851      2.007    29.9003    22.3624 -9.990e-29
 280.662164      2.028  35.927935    13.4319     5.7798      2.011    29.8998    22.3620 -9.990e-29
 280.662170      2.023  35.927541    13.4321     5.7770      2.006    29.8993    22.3616 -9.990e-29
 280.662176      2.012  35.928229    13.4320     5.7784      1.995    29.9000    22.3622 -9.990e-29
 280.662182      2.004  35.929194    13.4319     5.7810      1.987    29.9010    22.3629 -9.990e-29
 280.662188      1.998  35.928884    13.4324     5.7813      1.981    29.9003    22.3623 -9.990e-29
 280.662193      1.990  35.927964    13.4330     5.7749      1.973    29.8990    22.3612 -9.990e-29
 280.662199      1.983  35.927404    13.4332     5.7798      1.966    29.8983    22.3606 -9.990e-29
 280.662205      1.980  35.927538    13.4327     5.7876      1.963    29.8989    22.3611 -9.990e-29
 280.662211      1.983  35.929062    13.4321     5.7903      1.966    29.9007    22.3627 -9.990e-29
 280.662216      1.986  35.931168    13.4320     5.7852      1.969    29.9028    22.3643 -9.990e-29
 280.662222      1.982  35.931586    13.4322     5.7925      1.965    29.9030    22.3644 -9.990e-29
 280.662228      1.970  35.930271    13.4324     5.8052      1.954    29.9016    22.3633 -9.990e-29
 280.662234      1.957  35.928227    13.4322     5.8152      1.941    29.8999    22.3620 -9.990e-29
 280.662240      1.948  35.926046    13.4318     5.8168      1.932    29.8982    22.3608 -9.990e-29
 280.662245      1.942  35.924699    13.4317     5.7962      1.926    29.8970    22.3599 -9.990e-29
 280.662251      1.939  35.924029    13.4318     5.7804      1.923    29.8963    22.3593 -9.990e-29
 280.662257      1.937  35.923660    13.4316     5.7637      1.921    29.8961    22.3592 -9.990e-29
 280.662263      1.938  35.923618    13.4313     5.7766      1.922    29.8963    22.3594 -9.990e-29
 280.662269      1.941  35.923808    13.4311     5.7733      1.925    29.8967    22.3597 -9.990e-29
 280.662274      1.946  35.924440    13.4310     5.7757      1.930    29.8973    22.3603 -9.990e-29
 280.662280      1.954  35.925755    13.4313     5.7784      1.938    29.8983    22.3610 -9.990e-29
 280.662286      1.965  35.927228    13.4317     5.7757      1.949    29.8994    22.3617 -9.990e-29
 280.662292      1.980  35.928541    13.4318     5.7877      1.963    29.9005    22.3625 -9.990e-29
 280.662297      1.996  35.929726    13.4317     5.7887      1.979    29.9017    22.3635 -9.990e-29
 280.662303      2.004  35.930081    13.4316     5.7890      1.987    29.9021    22.3638 -9.990e-29
 280.662309      2.006  35.929477    13.4315     5.8004      1.989    29.9016    22.3634 -9.990e-29
 280.662315      2.011  35.928747    13.4314     5.7941      1.994    29.9010    22.3630 -9.990e-29
 280.662321      2.018  35.928557    13.4315     5.7926      2.001    29.9007    22.3628 -9.990e-29
 280.662326      2.019  35.928615    13.4316     5.7898      2.002    29.9007    22.3627 -9.990e-29
 280.662332      2.015  35.928396    13.4316     5.7860      1.998    29.9005    22.3626 -9.990e-29
 280.662338      2.014  35.928126    13.4316     5.7759      1.997    29.9002    22.3624 -9.990e-29
 280.662344      2.019  35.927962    13.4316     5.7735      2.002    29.9001    22.3623 -9.990e-29
 280.662350      2.028  35.927645    13.4315     5.7805      2.011    29.8999    22.3621 -9.990e-29
 280.662355      2.036  35.927271    13.4313     5.7910      2.019    29.8997    22.3620 -9.990e-29
 280.662361      2.043  35.926862    13.4310     5.7853      2.026    29.8995    22.3620 -9.990e-29
 280.662367      2.047  35.926390    13.4307     5.7989      2.030    29.8993    22.3619 -9.990e-29
 280.662373      2.043  35.926303    13.4306     5.8054      2.026    29.8993    22.3619 -9.990e-29
 280.662378      2.035  35.926443    13.4306     5.8068      2.018    29.8995    22.3620 -9.990e-29
