data/oxygen options/OCNMS/OCNMS1/raw_data/2016/CAST_TH015_161009faed.cnv
* Sea-Bird SBE19 Data File:
* FileName = C:\2016 Mooring Data\Casts\Data\CAST_TH015_161009.hex
* Software Version 1.59
* Temperature SN = 2997
* Conductivity SN = 2997
* System UpLoad Time = Oct 09 2016 22:37:46
** CAST_TH015_161009
* ds
# nquan = 9                                 
# nvalues = 1074                        
# units = specified
# name 0 = timeJ: Julian Days
# name 1 = prSM: Pressure, Strain Gauge [db]
# name 2 = c0mS/cm: Conductivity [mS/cm]
# name 3 = t090C: Temperature [ITS-90, deg C]
# name 4 = sbeox0ML/L: Oxygen, SBE 43 [ml/l]
# name 5 = depSM: Depth [salt water, m], lat = 47.5
# name 6 = sal00: Salinity, Practical [PSU]
# name 7 = sigma-é00: Density [sigma-theta, kg/m^3]
# name 8 = flag: flag
# span 0 = 283.926227, 283.932436       
# span 1 =     -5.281,     17.881       
# span 2 =   0.408552,  35.872782       
# span 3 =    12.6373,    14.0093       
# span 4 =    -1.9679,    12.9235       
# span 5 =     -5.237,     17.731       
# span 6 =     0.2521,    29.9491       
# span 7 =    -0.5590,    22.4267       
# span 8 = 0.0000e+00, 0.0000e+00       
# interval = seconds: 0.5
# start_time = Oct 09 2016 22:13:46 [Instrument's time stamp, header]
# bad_flag = -9.990e-29
*END*
[from data line 801]
 283.930862      1.345  32.059706    13.2009     6.2148      1.334    26.5155    19.7935 -9.990e-29
 283.930868      1.349  32.047412    13.1971     6.2308      1.338    26.5069    19.7875 -9.990e-29
 283.930874      1.353  32.034724    13.1936     6.2321      1.342    26.4977    19.7811 -9.990e-29
 283.930880      1.356  32.018150    13.1911     6.2181      1.345    26.4843    19.7712 -9.990e-29
 283.930885      1.358  32.003003    13.1895     6.2127      1.347    26.4716    19.7617 -9.990e-29
 283.930891      1.359  31.991463    13.1885     6.2017      1.348    26.4617    19.7543 -9.990e-29
 283.930897      1.361  31.989401    13.1901     6.2095      1.350    26.4587    19.7517 -9.990e-29
 283.930903      1.362  32.011968    13.1965     6.2223      1.351    26.4749    19.7630 -9.990e-29
 283.930909      1.362  32.061268    13.2065     6.2177      1.351    26.5130    19.7905 -9.990e-29
 283.930914      1.363  32.114054    13.2138     6.2120      1.352    26.5562    19.8225 -9.990e-29
 283.930920      1.363  32.141657    13.2135     6.2102      1.352    26.5816    19.8422 -9.990e-29
 283.930926      1.364  32.140585    13.2082     6.2105      1.353    26.5843    19.8452 -9.990e-29
 283.930932      1.364  32.123956    13.2030     6.2141      1.353    26.5728    19.8373 -9.990e-29
 283.930938      1.364  32.106524    13.1999     6.2305      1.353    26.5590    19.8272 -9.990e-29
 283.930943      1.364  32.085184    13.1977     6.2188      1.353    26.5410    19.8138 -9.990e-29
 283.930949      1.365  32.054419    13.1956     6.2097      1.354    26.5143    19.7936 -9.990e-29
 283.930955      1.365  32.033078    13.1949     6.2187      1.354    26.4953    19.7790 -9.990e-29
 283.930961      1.365  32.032432    13.1957     6.2062      1.354    26.4942    19.7780 -9.990e-29
 283.930966      1.365  32.042099    13.1968     6.2162      1.354    26.5022    19.7840 -9.990e-29
 283.930972      1.365  32.050902    13.1985     6.2179      1.354    26.5091    19.7890 -9.990e-29
 283.930978      1.365  32.063298    13.2019     6.2017      1.354    26.5181    19.7953 -9.990e-29
 283.930984      1.365  32.079581    13.2058     6.2093      1.354    26.5302    19.8039 -9.990e-29
 283.930990      1.365  32.081725    13.2054     6.2089      1.354    26.5325    19.8057 -9.990e-29
 283.930995      1.366  32.063629    13.2001     6.2117      1.355    26.5196    19.7968 -9.990e-29
 283.931001      1.366  32.041451    13.1951     6.2223      1.355    26.5028    19.7848 -9.990e-29
 283.931007      1.366  32.031502    13.1929     6.2141      1.355    26.4953    19.7793 -9.990e-29
 283.931013      1.366  32.030580    13.1918     6.2116      1.355    26.4952    19.7795 -9.990e-29
 283.931019      1.366  32.028496    13.1913     6.2170      1.355    26.4936    19.7784 -9.990e-29
 283.931024      1.367  32.028062    13.1917     6.2169      1.356    26.4930    19.7778 -9.990e-29
 283.931030      1.367  32.030932    13.1927     6.2264      1.356    26.4949    19.7791 -9.990e-29
 283.931036      1.368  32.031972    13.1937     6.2201      1.357    26.4951    19.7791 -9.990e-29
 283.931042      1.369  32.031441    13.1939     6.2160      1.358    26.4945    19.7786 -9.990e-29
 283.931047      1.370  32.028069    13.1943     6.2220      1.359    26.4912    19.7759 -9.990e-29
 283.931053      1.372  32.021269    13.1961     6.2157      1.361    26.4837    19.7698 -9.990e-29
 283.931059      1.374  32.015960    13.1980     6.2173      1.363    26.4775    19.7647 -9.990e-29
 283.931065      1.376  32.013449    13.1990     6.2096      1.365    26.4745    19.7622 -9.990e-29
 283.931071      1.379  32.017099    13.1999     6.2063      1.367    26.4772    19.7641 -9.990e-29
 283.931076      1.383  32.025056    13.2001     6.2148      1.371    26.4844    19.7696 -9.990e-29
 283.931082      1.388  32.027779    13.1992     6.2237      1.376    26.4875    19.7722 -9.990e-29
 283.931088      1.395  32.026655    13.1980     6.2259      1.383    26.4873    19.7722 -9.990e-29
 283.931094      1.404  32.025775    13.1968     6.2135      1.392    26.4873    19.7725 -9.990e-29
 283.931100      1.415  32.023399    13.1952     6.1922      1.403    26.4862    19.7720 -9.990e-29
 283.931105      1.429  32.018592    13.1935     6.2039      1.417    26.4830    19.7698 -9.990e-29
 283.931111      1.447  32.012773    13.1920     6.2145      1.435    26.4787    19.7668 -9.990e-29
 283.931117      1.471  32.009184    13.1913     6.2112      1.459    26.4759    19.7647 -9.990e-29
 283.931123      1.501  32.009188    13.1919     6.2023      1.488    26.4755    19.7643 -9.990e-29
 283.931128      1.540  32.014268    13.1942     6.1741      1.527    26.4786    19.7662 -9.990e-29
 283.931134      1.590  32.027823    13.1986     6.1866      1.577    26.4879    19.7726 -9.990e-29
 283.931140      1.654  32.053732    13.2081     6.1766      1.640    26.5049    19.7840 -9.990e-29
 283.931146      1.737  32.109737    13.2298     6.1579      1.722    26.5410    19.8077 -9.990e-29
 283.931152      1.838  32.244754    13.2627     6.1367      1.823    26.6413    19.8790 -9.990e-29
 283.931157      1.958  32.447400    13.2923     6.0702      1.942    26.8057    20.0003 -9.990e-29
 283.931163      2.093  32.609549    13.3111     6.0406      2.076    26.9405    20.1008 0.0000e+00
 283.931169      2.240  32.686038    13.3257     6.0341      2.221    27.0000    20.1440 0.0000e+00
 283.931175      2.392  32.738544    13.3427     6.0214      2.372    27.0359    20.1685 0.0000e+00
 283.931181      2.545  32.842098    13.3539     6.0033      2.524    27.1225    20.2332 0.0000e+00
 283.931186      2.705  32.984756    13.3463     5.9730      2.682    27.2583    20.3394 0.0000e+00
 283.931192      2.876  33.080780    13.3226     5.9805      2.852    27.3630    20.4247 0.0000e+00
 283.931198      3.059  33.119381    13.2944     5.9874      3.033    27.4186    20.4729 0.0000e+00
 283.931204      3.246  33.152009    13.2737     5.9666      3.219    27.4633    20.5113 0.0000e+00
 283.931209      3.434  33.200316    13.2686     5.9328      3.405    27.5112    20.5493 0.0000e+00
 283.931215      3.620  33.256479    13.2749     5.8745      3.590    27.5581    20.5843 0.0000e+00
 283.931221      3.808  33.299645    13.2852     5.8579      3.776    27.5902    20.6071 0.0000e+00
 283.931227      3.998  33.337533    13.3037     5.8565      3.965    27.6115    20.6200 0.0000e+00
 283.931233      4.188  33.422324    13.3405     5.8577      4.153    27.6625    20.6524 0.0000e+00
 283.931238      4.383  33.625074    13.3853     5.8837      4.346    27.8156    20.7621 0.0000e+00
 283.931244      4.581  33.932842    13.4139     5.8811      4.543    28.0766    20.9580 0.0000e+00
 283.931250      4.778  34.218540    13.4254     5.8861      4.738    28.3300    21.1514 0.0000e+00
 283.931256      4.969  34.406250    13.4334     5.8816      4.927    28.4962    21.2782 0.0000e+00
 283.931262      5.151  34.507161    13.4415     5.8478      5.108    28.5828    21.3434 0.0000e+00
 283.931267      5.320  34.544937    13.4445     5.8112      5.276    28.6151    21.3678 0.0000e+00
 283.931273      5.485  34.544173    13.4410     5.7551      5.439    28.6170    21.3699 0.0000e+00
 283.931279      5.655  34.521755    13.4370     5.7253      5.608    28.5993    21.3571 0.0000e+00
 283.931285      5.832  34.500966    13.4383     5.7108      5.783    28.5792    21.3413 0.0000e+00
 283.931291      6.015  34.524619    13.4449     5.6951      5.965    28.5959    21.3529 0.0000e+00
 283.931296      6.211  34.597915    13.4533     5.6597      6.159    28.6569    21.3983 0.0000e+00
 283.931302      6.425  34.681384    13.4636     5.5958      6.371    28.7257    21.4495 0.0000e+00
 283.931308      6.648  34.756955    13.4745     5.5431      6.592    28.7868    21.4945 0.0000e+00
 283.931314      6.869  34.818418    13.4820     5.4982      6.812    28.8375    21.5322 0.0000e+00
 283.931319      7.085  34.863715    13.4874     5.4973      7.026    28.8750    21.5601 0.0000e+00
 283.931325      7.301  34.917385    13.4923     5.4826      7.240    28.9205    21.5943 0.0000e+00
 283.931331      7.518  35.003374    13.4932     5.4885      7.455    28.9987    21.6545 0.0000e+00
 283.931337      7.733  35.108639    13.4895     5.5014      7.668    29.0982    21.7320 0.0000e+00
 283.931343      7.946  35.189835    13.4853     5.5076      7.880    29.1760    21.7929 0.0000e+00
 283.931348      8.159  35.229762    13.4817     5.5311      8.091    29.2154    21.8240 0.0000e+00
 283.931354      8.367  35.258677    13.4775     5.5353      8.297    29.2451    21.8478 0.0000e+00
 283.931360      8.576  35.296632    13.4727     5.5493      8.504    29.2836    21.8784 0.0000e+00
 283.931366      8.794  35.335412    13.4675     5.5562      8.720    29.3232    21.9100 0.0000e+00
 283.931372      9.022  35.366781    13.4625     5.5643      8.947    29.3559    21.9362 0.0000e+00
 283.931377      9.258  35.388303    13.4579     5.5732      9.181    29.3792    21.9551 0.0000e+00
 283.931383      9.500  35.404012    13.4521     5.5784      9.420    29.3980    21.9708 0.0000e+00
 283.931389      9.745  35.421951    13.4444     5.5784      9.663    29.4204    21.9896 0.0000e+00
 283.931395      9.993  35.445298    13.4356     5.5679      9.909    29.4486    22.0131 0.0000e+00
 283.931400     10.242  35.470440    13.4269     5.5743     10.156    29.4784    22.0378 0.0000e+00
 283.931406     10.487  35.493915    13.4189     5.5682     10.399    29.5061    22.0607 0.0000e+00
 283.931412     10.722  35.514521    13.4122     5.5690     10.632    29.5302    22.0807 0.0000e+00
 283.931418     10.948  35.530585    13.4078     5.5701     10.856    29.5484    22.0955 0.0000e+00
 283.931424     11.168  35.540546    13.4058     5.5471     11.074    29.5590    22.1042 0.0000e+00
 283.931429     11.382  35.545342    13.4049     5.5321     11.287    29.5641    22.1082 0.0000e+00
 283.931435     11.595  35.547428    13.4037     5.5100     11.498    29.5669    22.1106 0.0000e+00
 283.931441     11.814  35.550129    13.4019     5.5104     11.715    29.5707    22.1139 0.0000e+00
 283.931447     12.042  35.555906    13.3992     5.5026     11.941    29.5780    22.1201 0.0000e+00
 283.931453     12.282  35.566844    13.3942     5.5025     12.179    29.5919    22.1318 0.0000e+00
 283.931458     12.527  35.586867    13.3866     5.5032     12.422    29.6162    22.1521 0.0000e+00
 283.931464     12.768  35.614089    13.3792     5.4996     12.661    29.6470    22.1773 0.0000e+00
 283.931470     12.998  35.637737    13.3748     5.4886     12.889    29.6722    22.1976 0.0000e+00
 283.931476     13.215  35.648995    13.3730     5.4630     13.104    29.6839    22.2070 0.0000e+00
 283.931481     13.419  35.649974    13.3714     5.4487     13.307    29.6860    22.2089 0.0000e+00
 283.931487     13.620  35.652601    13.3678     5.4400     13.506    29.6912    22.2136 0.0000e+00
 283.931493     13.831  35.663719    13.3618     5.4512     13.715    29.7060    22.2263 0.0000e+00
 283.931499     14.059  35.679093    13.3552     5.4521     13.941    29.7253    22.2425 0.0000e+00
 283.931505     14.304  35.693997    13.3501     5.4450     14.184    29.7430    22.2571 0.0000e+00
 283.931510     14.550  35.705322    13.3474     5.4160     14.428    29.7555    22.2673 0.0000e+00
 283.931516     14.788  35.710223    13.3467     5.3980     14.664    29.7604    22.2713 0.0000e+00
 283.931522     15.023  35.710172    13.3466     5.3842     14.897    29.7604    22.2713 0.0000e+00
 283.931528     15.263  35.710684    13.3462     5.3786     15.135    29.7611    22.2719 0.0000e+00
 283.931534     15.501  35.715225    13.3447     5.3937     15.371    29.7664    22.2763 0.0000e+00
 283.931539     15.731  35.723669    13.3421     5.3850     15.599    29.7761    22.2843 0.0000e+00
 283.931545     15.951  35.734371    13.3392     5.3797     15.817    29.7882    22.2942 0.0000e+00
 283.931551     16.157  35.744221    13.3374     5.3564     16.022    29.7987    22.3026 0.0000e+00
 283.931557     16.350  35.750647    13.3368     5.3356     16.213    29.8050    22.3077 0.0000e+00
 283.931562     16.533  35.753237    13.3361     5.3161     16.394    29.8079    22.3100 0.0000e+00
 283.931568     16.710  35.754308    13.3330     5.3152     16.570    29.8112    22.3132 0.0000e+00
 283.931574     16.883  35.763108    13.3256     5.3161     16.741    29.8251    22.3254 0.0000e+00
 283.931580     17.054  35.786311    13.3146     5.3343     16.911    29.8551    22.3507 0.0000e+00
 283.931586     17.222  35.820671    13.3034     5.3544     17.078    29.8957    22.3842 0.0000e+00
 283.931591     17.377  35.854849    13.2965     5.3552     17.231    29.9327    22.4142 0.0000e+00
 283.931597     17.510  35.872782    13.2968     5.3640     17.363    29.9491    22.4267 -9.990e-29
 283.931603     17.621  35.871473    13.3026     5.3610     17.473    29.9432    22.4211 -9.990e-29
 283.931609     17.709  35.859799    13.3102     5.3781     17.560    29.9264    22.4067 -9.990e-29
 283.931615     17.776  35.845140    13.3163     5.3838     17.627    29.9080    22.3913 -9.990e-29
 283.931620     17.826  35.833139    13.3193     5.3935     17.676    29.8945    22.3803 -9.990e-29
 283.931626     17.862  35.825703    13.3191     5.3992     17.712    29.8878    22.3751 -9.990e-29
 283.931632     17.881  35.820183    13.3172     5.4112     17.731    29.8842    22.3727 -9.990e-29
 283.931638     17.877  35.813682    13.3160     5.4164     17.727    29.8791    22.3690 -9.990e-29
 283.931644     17.849  35.804795    13.3171     5.4128     17.699    29.8700    22.3617 -9.990e-29
 283.931649     17.805  35.794539    13.3210     5.4133     17.656    29.8575    22.3513 -9.990e-29
 283.931655     17.744  35.784902    13.3265     5.4115     17.595    29.8443    22.3400 -9.990e-29
 283.931661     17.669  35.775342    13.3306     5.3972     17.521    29.8322    22.3299 -9.990e-29
 283.931667     17.582  35.766535    13.3315     5.3733     17.435    29.8234    22.3229 -9.990e-29
 283.931672     17.487  35.761288    13.3299     5.3587     17.340    29.8198    22.3205 -9.990e-29
 283.931678     17.387  35.760990    13.3278     5.3512     17.241    29.8212    22.3220 -9.990e-29
 283.931684     17.283  35.764105    13.3257     5.3656     17.138    29.8258    22.3259 -9.990e-29
 283.931690     17.177  35.769728    13.3221     5.3639     17.033    29.8339    22.3328 -9.990e-29
 283.931696     17.072  35.785900    13.3167     5.3716     16.929    29.8531    22.3487 -9.990e-29
 283.931701     16.968  35.806718    13.3123     5.3742     16.826    29.8759    22.3672 -9.990e-29
 283.931707     16.865  35.813435    13.3110     5.3859     16.724    29.8832    22.3730 -9.990e-29
 283.931713     16.754  35.810507    13.3128     5.3863     16.613    29.8791    22.3695 -9.990e-29
 283.931719     16.634  35.807452    13.3161     5.3892     16.495    29.8737    22.3648 -9.990e-29
 283.931725     16.510  35.803541    13.3187     5.3878     16.372    29.8681    22.3599 -9.990e-29
 283.931730     16.386  35.799144    13.3200     5.3964     16.249    29.8630    22.3558 -9.990e-29
 283.931736     16.259  35.793985    13.3208     5.4195     16.123    29.8577    22.3515 0.0000e+00
 283.931742     16.125  35.787888    13.3223     5.4401     15.990    29.8509    22.3459 0.0000e+00
 283.931748     15.985  35.781109    13.3258     5.4543     15.851    29.8419    22.3383 0.0000e+00
 283.931753     15.837  35.772434    13.3314     5.4540     15.704    29.8296    22.3277 0.0000e+00
 283.931759     15.686  35.760361    13.3368     5.4621     15.554    29.8142    22.3148 0.0000e+00
 283.931765     15.538  35.747820    13.3400     5.4548     15.408    29.8002    22.3033 0.0000e+00
 283.931771     15.402  35.738239    13.3415     5.4609     15.273    29.7902    22.2953 -9.990e-29
 283.931777     15.285  35.728910    13.3428     5.4563     15.157    29.7806    22.2876 -9.990e-29
