data/oxygen options/OCNMS/OCNMS1/raw_data/2016/CAST_CE015_160524faed.cnv
* Sea-Bird SBE19 Data File:
* FileName = C:\2016 Mooring Data\CAST_CE015_160524.hex
* Software Version 1.59
* Temperature SN = 2997
* Conductivity SN = 2997
* System UpLoad Time = May 24 2016 23:49:44
** CAST_CE015_160524
* ds
# nquan = 9                                 
# nvalues = 865                         
# units = specified
# name 0 = timeJ: Julian Days
# name 1 = prSM: Pressure, Strain Gauge [db]
# name 2 = c0mS/cm: Conductivity [mS/cm]
# name 3 = t090C: Temperature [ITS-90, deg C]
# name 4 = sbeox0ML/L: Oxygen, SBE 43 [ml/l]
# name 5 = depSM: Depth [salt water, m], lat = 47.5
# name 6 = sal00: Salinity, Practical [PSU]
# name 7 = sigma-é00: Density [sigma-theta, kg/m^3]
# name 8 = flag: flag
# span 0 = 145.986516, 145.991516       
# span 1 =     -5.584,     11.545       
# span 2 =   0.355122,  38.470620       
# span 3 =    11.9284,    15.9403       
# span 4 =    -1.8551,    13.3934       
# span 5 =     -5.537,     11.448       
# span 6 =     0.2093,    32.5086       
# span 7 =    -0.8652,    24.5204       
# span 8 = 0.0000e+00, 0.0000e+00       
# interval = seconds: 0.5
# start_time = May 24 2016 23:40:35 [Instrument's time stamp, header]
# bad_flag = -9.990e-29
*END*
 145.986516     -5.584 -9.990e-29    15.3442    -1.8530     -5.537 -9.990e-29 -9.990e-29 -9.990e-29
 145.986522     -5.570   0.382197    15.3534    -1.8535     -5.524     0.2275    -0.7768 -9.990e-29
 145.986528     -5.553   0.384414    15.3632    -1.8538     -5.507     0.2288    -0.7773 -9.990e-29
 145.986534     -5.535   0.386621    15.3732    -1.8542     -5.489     0.2301    -0.7779 -9.990e-29
 145.986539     -5.519   0.388432    15.3834    -1.8546     -5.473     0.2311    -0.7787 -9.990e-29
 145.986545     -5.501   0.390040    15.3944    -1.8551     -5.455     0.2320    -0.7797 -9.990e-29
 145.986551     -5.474   0.391367    15.4063    -1.8550     -5.428     0.2328    -0.7810 -9.990e-29
 145.986557     -5.442   0.391961    15.4166    -1.8548     -5.397     0.2331    -0.7823 -9.990e-29
 145.986562     -5.410   0.391507    15.4223    -1.8544     -5.365     0.2328    -0.7835 -9.990e-29
 145.986568     -5.381   0.390510    15.4216    -1.8542     -5.336     0.2322    -0.7838 -9.990e-29
 145.986574     -5.354   0.389861    15.4155    -1.8533     -5.309     0.2318    -0.7831 -9.990e-29
 145.986580     -5.326   0.389807    15.4076    -1.8529     -5.282     0.2318    -0.7819 -9.990e-29
 145.986586     -5.296   0.389719    15.3993    -1.8536     -5.252     0.2318    -0.7806 -9.990e-29
 145.986591     -5.265   0.388925    15.3906    -1.8547     -5.221     0.2314    -0.7796 -9.990e-29
 145.986597     -5.237   0.387478    15.3846    -1.8549     -5.193     0.2305    -0.7793 -9.990e-29
 145.986603     -5.206   0.386224    15.3845    -1.8547     -5.163     0.2298    -0.7799 -9.990e-29
 145.986609     -5.169   0.385715    15.3890    -1.8546     -5.126     0.2294    -0.7808 -9.990e-29
 145.986615     -5.133   0.385827    15.3961    -1.8541     -5.090     0.2295    -0.7819 -9.990e-29
 145.986620     -5.099   0.386155    15.4056    -1.8531     -5.057     0.2296    -0.7833 -9.990e-29
 145.986626     -5.065   0.386024    15.4159    -1.8525     -5.023     0.2295    -0.7850 -9.990e-29
 145.986632     -5.029   0.385262    15.4194    -1.8526     -4.987     0.2290    -0.7859 -9.990e-29
 145.986638     -4.994   0.384519    15.4114    -1.8523     -4.952     0.2286    -0.7850 -9.990e-29
 145.986644     -4.961   0.384471    15.3992    -1.8516     -4.920     0.2286    -0.7831 -9.990e-29
 145.986649     -4.929   0.385053    15.3925    -1.8510     -4.888     0.2290    -0.7817 -9.990e-29
 145.986655     -4.898   0.385376    15.3932    -1.8506     -4.857     0.2292    -0.7817 -9.990e-29
 145.986661     -4.872   0.384761    15.3995    -1.8499     -4.831     0.2288    -0.7830 -9.990e-29
 145.986667     -4.850   0.383498    15.4115    -1.8492     -4.810     0.2280    -0.7855 -9.990e-29
 145.986672     -4.829   0.382125    15.4267    -1.8484     -4.789     0.2271    -0.7886 -9.990e-29
 145.986678     -4.808   0.381032    15.4393    -1.8482     -4.768     0.2263    -0.7911 -9.990e-29
 145.986684     -4.786   0.380428    15.4482    -1.8480     -4.746     0.2259    -0.7928 -9.990e-29
 145.986690     -4.761   0.380064    15.4584    -1.8476     -4.721     0.2256    -0.7946 -9.990e-29
 145.986696     -4.733   0.379455    15.4722    -1.8471     -4.694     0.2252    -0.7971 -9.990e-29
 145.986701     -4.699   0.378344    15.4871    -1.8465     -4.660     0.2244    -0.8001 -9.990e-29
 145.986707     -4.661   0.376916    15.5017    -1.8462     -4.622     0.2235    -0.8031 -9.990e-29
 145.986713     -4.626   0.375490    15.5176    -1.8457     -4.587     0.2225    -0.8063 -9.990e-29
 145.986719     -4.596   0.374385    15.5345    -1.8456     -4.558     0.2218    -0.8096 -9.990e-29
 145.986725     -4.568   0.373795    15.5493    -1.8461     -4.530     0.2213    -0.8122 -9.990e-29
 145.986730     -4.540   0.373486    15.5601    -1.8461     -4.502     0.2211    -0.8141 -9.990e-29
 145.986736     -4.512   0.373050    15.5689    -1.8451     -4.474     0.2208    -0.8158 -9.990e-29
 145.986742     -4.486   0.372460    15.5789    -1.8448     -4.449     0.2204    -0.8176 -9.990e-29
 145.986748     -4.464   0.372039    15.5906    -1.8445     -4.427     0.2201    -0.8197 -9.990e-29
 145.986753     -4.441   0.371783    15.6029    -1.8439     -4.404     0.2199    -0.8219 -9.990e-29
 145.986759     -4.410   0.371350    15.6140    -1.8431     -4.373     0.2195    -0.8239 -9.990e-29
 145.986765     -4.374   0.370720    15.6222    -1.8425     -4.338     0.2191    -0.8255 -9.990e-29
 145.986771     -4.340   0.370163    15.6250    -1.8415     -4.304     0.2188    -0.8262 -9.990e-29
 145.986777     -4.310   0.369491    15.6250    -1.8408     -4.274     0.2184    -0.8265 -9.990e-29
 145.986782     -4.281   0.368365    15.6297    -1.8403     -4.245     0.2176    -0.8278 -9.990e-29
 145.986788     -4.251   0.366949    15.6411    -1.8400     -4.216     0.2167    -0.8303 -9.990e-29
 145.986794     -4.220   0.365578    15.6534    -1.8397     -4.185     0.2158    -0.8330 -9.990e-29
 145.986800     -4.188   0.364645    15.6653    -1.8391     -4.153     0.2152    -0.8353 -9.990e-29
 145.986806     -4.159   0.364571    15.6799    -1.8386     -4.124     0.2151    -0.8378 -9.990e-29
 145.986811     -4.127   0.365258    15.6976    -1.8383     -4.093     0.2154    -0.8403 -9.990e-29
 145.986817     -4.088   0.365957    15.7168    -1.8379     -4.054     0.2158    -0.8431 -9.990e-29
 145.986823     -4.055   0.365936    15.7362    -1.8377     -4.021     0.2156    -0.8463 -9.990e-29
 145.986829     -4.032   0.365167    15.7535    -1.8387     -3.998     0.2151    -0.8495 -9.990e-29
 145.986834     -4.014   0.364289    15.7675    -1.8400     -3.981     0.2145    -0.8522 -9.990e-29
 145.986840     -3.996   0.363798    15.7789    -1.8405     -3.963     0.2141    -0.8543 -9.990e-29
 145.986846     -3.977   0.363596    15.7899    -1.8412     -3.944     0.2140    -0.8562 -9.990e-29
 145.986852     -3.956   0.363411    15.8017    -1.8418     -3.923     0.2138    -0.8583 -9.990e-29
 145.986858     -3.935   0.363000    15.8127    -1.8426     -3.902     0.2135    -0.8603 -9.990e-29
 145.986863     -3.917   0.362370    15.8217    -1.8430     -3.884     0.2131    -0.8620 -9.990e-29
 145.986869     -3.897   0.361790    15.8270    -1.8434     -3.865     0.2127    -0.8632 -9.990e-29
 145.986875     -3.874   0.361599    15.8235    -1.8437     -3.842     0.2126    -0.8627 -9.990e-29
 145.986881     -3.850   0.362097    15.8082    -1.8441     -3.818     0.2130    -0.8599 -9.990e-29
 145.986887     -3.825   0.362840    15.7873    -1.8440     -3.793     0.2135    -0.8561 -9.990e-29
 145.986892     -3.800   0.363152    15.7681    -1.8439     -3.768     0.2138    -0.8528 -9.990e-29
 145.986898     -3.779   0.362894    15.7506    -1.8440     -3.747     0.2137    -0.8501 -9.990e-29
 145.986904     -3.759   0.362277    15.7335    -1.8440     -3.728     0.2135    -0.8476 -9.990e-29
 145.986910     -3.741   0.361589    15.7178    -1.8438     -3.710     0.2131    -0.8453 -9.990e-29
 145.986916     -3.722   0.361023    15.7048    -1.8436     -3.691     0.2128    -0.8435 -9.990e-29
 145.986921     -3.701   0.360938    15.6945    -1.8429     -3.670     0.2128    -0.8418 -9.990e-29
 145.986927     -3.677   0.361219    15.6866    -1.8423     -3.646     0.2131    -0.8404 -9.990e-29
 145.986933     -3.649   0.361132    15.6816    -1.8412     -3.619     0.2130    -0.8396 -9.990e-29
 145.986939     -3.620   0.360561    15.6798    -1.8401     -3.590     0.2127    -0.8396 -9.990e-29
 145.986944     -3.594   0.359855    15.6796    -1.8392     -3.564     0.2123    -0.8399 -9.990e-29
 145.986950     -3.577   0.359183    15.6798    -1.8381     -3.547     0.2119    -0.8402 -9.990e-29
 145.986956     -3.561   0.358763    15.6821    -1.8373     -3.531     0.2116    -0.8408 -9.990e-29
 145.986962     -3.542   0.358587    15.6872    -1.8385     -3.512     0.2115    -0.8417 -9.990e-29
 145.986968     -3.523   0.358423    15.6961    -1.8400     -3.494     0.2113    -0.8433 -9.990e-29
 145.986973     -3.506   0.358051    15.7101    -1.8409     -3.477     0.2110    -0.8457 -9.990e-29
 145.986979     -3.492   0.357531    15.7290    -1.8415     -3.463     0.2106    -0.8490 -9.990e-29
 145.986985     -3.478   0.357281    15.7524    -1.8422     -3.449     0.2104    -0.8530 -9.990e-29
 145.986991     -3.464   0.357522    15.7777    -1.8432     -3.435     0.2104    -0.8570 -9.990e-29
 145.986997     -3.450   0.358021    15.8019    -1.8437     -3.421     0.2106    -0.8608 -9.990e-29
 145.987002     -3.433   0.358334    15.8211    -1.8445     -3.404     0.2106    -0.8638 -9.990e-29
 145.987008     -3.414   0.358324    15.8265    -1.8460     -3.386     0.2106    -0.8647 -9.990e-29
 145.987014     -3.391   0.357977    15.8129    -1.8472     -3.363     0.2105    -0.8626 -9.990e-29
 145.987020     -3.362   0.357387    15.7891    -1.8485     -3.334     0.2102    -0.8590 -9.990e-29
 145.987025     -3.331   0.356876    15.7663    -1.8501     -3.303     0.2100    -0.8555 -9.990e-29
 145.987031     -3.302   0.356319    15.7461    -1.8513     -3.274     0.2098    -0.8524 -9.990e-29
 145.987037     -3.280   0.355530    15.7258    -1.8524     -3.253     0.2094    -0.8494 -9.990e-29
 145.987043     -3.262   0.355122    15.7048    -1.8530     -3.235     0.2093    -0.8462 -9.990e-29
 145.987049     -3.248   0.355663    15.6835    -1.8532     -3.221     0.2097    -0.8425 -9.990e-29
 145.987054     -3.235   0.356763    15.6585    -1.8533     -3.208     0.2105    -0.8379 -9.990e-29
 145.987060     -3.225   0.357669    15.6282    -1.8535     -3.198     0.2112    -0.8325 -9.990e-29
 145.987066     -3.216   0.357926    15.5956    -1.8533     -3.189     0.2115    -0.8271 -9.990e-29
 145.987072     -3.207   0.357876    15.5617    -1.8527     -3.180     0.2117    -0.8217 -9.990e-29
 145.987078     -3.197   0.358007    15.5275    -1.8523     -3.170     0.2119    -0.8161 -9.990e-29
 145.987083     -3.187   0.357938    15.4966    -1.8525     -3.160     0.2120    -0.8111 -9.990e-29
 145.987089     -3.176   0.357579    15.4720    -1.8522     -3.150     0.2119    -0.8073 -9.990e-29
 145.987095     -3.163   0.357560    15.4552    -1.8522     -3.137     0.2120    -0.8046 -9.990e-29
 145.987101     -3.147   0.358414    15.4457    -1.8517     -3.121     0.2126    -0.8027 -9.990e-29
 145.987106     -3.127   0.360167    15.4413    -1.8511     -3.101     0.2136    -0.8012 -9.990e-29
 145.987112     -3.101   0.361827    15.4412    -1.8506     -3.075     0.2147    -0.8004 -9.990e-29
 145.987118     -3.073   0.362275    15.4461    -1.8496     -3.047     0.2149    -0.8010 -9.990e-29
 145.987124     -3.049   0.361554    15.4544    -1.8486     -3.024     0.2144    -0.8026 -9.990e-29
 145.987130     -3.032   0.360368    15.4612    -1.8478     -3.007     0.2137    -0.8043 -9.990e-29
 145.987135     -3.017   0.359359    15.4653    -1.8471     -2.992     0.2130    -0.8054 -9.990e-29
 145.987141     -2.998   0.358847    15.4693    -1.8461     -2.973     0.2127    -0.8063 -9.990e-29
 145.987147     -2.979   0.358703    15.4757    -1.8457     -2.954     0.2126    -0.8074 -9.990e-29
 145.987153     -2.962   0.358737    15.4858    -1.8452     -2.937     0.2126    -0.8090 -9.990e-29
 145.987159     -2.946   0.358995    15.4992    -1.8446     -2.921     0.2126    -0.8110 -9.990e-29
 145.987164     -2.931   0.359821    15.5162    -1.8443     -2.907     0.2131    -0.8134 -9.990e-29
 145.987170     -2.915   0.361208    15.5379    -1.8441     -2.891     0.2138    -0.8163 -9.990e-29
 145.987176     -2.898   0.362227    15.5613    -1.8437     -2.874     0.2143    -0.8196 -9.990e-29
 145.987182     -2.882   0.362019    15.5829    -1.8434     -2.858     0.2141    -0.8232 -9.990e-29
 145.987188     -2.871   0.360861    15.6030    -1.8430     -2.847     0.2133    -0.8270 -9.990e-29
 145.987193     -2.860   0.359985    15.6217    -1.8427     -2.836     0.2126    -0.8304 -9.990e-29
 145.987199     -2.844   0.360445    15.6374    -1.8423     -2.820     0.2128    -0.8327 -9.990e-29
 145.987205     -2.822   0.361745    15.6512    -1.8418     -2.798     0.2135    -0.8344 -9.990e-29
 145.987211     -2.797   0.362287    15.6638    -1.8418     -2.774     0.2138    -0.8362 -9.990e-29
 145.987216     -2.775   0.361681    15.6737    -1.8414     -2.752     0.2134    -0.8381 -9.990e-29
 145.987222     -2.760   0.360788    15.6820    -1.8412     -2.737     0.2128    -0.8398 -9.990e-29
 145.987228     -2.746   0.360082    15.6907    -1.8413     -2.723     0.2123    -0.8416 -9.990e-29
 145.987234     -2.729   0.359732    15.7001    -1.8415     -2.706     0.2121    -0.8433 -9.990e-29
 145.987240     -2.711   0.360012    15.7095    -1.8411     -2.688     0.2122    -0.8447 -9.990e-29
 145.987245     -2.695   0.360742    15.7188    -1.8406     -2.673     0.2126    -0.8459 -9.990e-29
 145.987251     -2.681   0.361413    15.7283    -1.8405     -2.659     0.2130    -0.8471 -9.990e-29
 145.987257     -2.668   0.361809    15.7366    -1.8400     -2.646     0.2132    -0.8483 -9.990e-29
 145.987263     -2.654   0.362087    15.7427    -1.8399     -2.632     0.2133    -0.8492 -9.990e-29
 145.987269     -2.640   0.362617    15.7480    -1.8396     -2.618     0.2136    -0.8498 -9.990e-29
 145.987274     -2.623   0.363546    15.7519    -1.8393     -2.601     0.2141    -0.8500 -9.990e-29
 145.987280     -2.604   0.364448    15.7532    -1.8389     -2.582     0.2147    -0.8498 -9.990e-29
 145.987286     -2.580   0.364859    15.7554    -1.8383     -2.558     0.2149    -0.8499 -9.990e-29
 145.987292     -2.555   0.364769    15.7612    -1.8380     -2.534     0.2148    -0.8509 -9.990e-29
 145.987297     -2.535   0.364613    15.7687    -1.8380     -2.514     0.2147    -0.8522 -9.990e-29
 145.987303     -2.524   0.365293    15.7759    -1.8382     -2.503     0.2150    -0.8531 -9.990e-29
 145.987309     -2.516   0.367157    15.7835    -1.8379     -2.495     0.2161    -0.8535 -9.990e-29
 145.987315     -2.502   0.369361    15.7913    -1.8371     -2.481     0.2174    -0.8538 -9.990e-29
 145.987321     -2.482   0.370955    15.7990    -1.8366     -2.461     0.2183    -0.8543 -9.990e-29
 145.987326     -2.463   0.371842    15.8075    -1.8364     -2.442     0.2188    -0.8553 -9.990e-29
 145.987332     -2.448   0.372648    15.8173    -1.8360     -2.428     0.2193    -0.8565 -9.990e-29
 145.987338     -2.436   0.373891    15.8270    -1.8358     -2.416     0.2200    -0.8575 -9.990e-29
 145.987344     -2.425   0.375006    15.8338    -1.8359     -2.405     0.2206    -0.8581 -9.990e-29
 145.987350     -2.417   0.375258    15.8372    -1.8361     -2.397     0.2207    -0.8586 -9.990e-29
 145.987355     -2.409   0.374981    15.8406    -1.8368     -2.389     0.2205    -0.8593 -9.990e-29
 145.987361     -2.401   0.374915    15.8483    -1.8375     -2.381     0.2205    -0.8606 -9.990e-29
 145.987367     -2.394   0.375526    15.8598    -1.8379     -2.374     0.2208    -0.8622 -9.990e-29
 145.987373     -2.386   0.376519    15.8709    -1.8383     -2.366     0.2213    -0.8636 -9.990e-29
 145.987378     -2.377   0.377550    15.8797    -1.8385     -2.357     0.2219    -0.8645 -9.990e-29
 145.987384     -2.366   0.378882    15.8867    -1.8388     -2.346     0.2226    -0.8651 -9.990e-29
 145.987390     -2.354   0.380069    15.8905    -1.8389     -2.334     0.2233    -0.8652 -9.990e-29
 145.987396     -2.338   0.380472    15.8891    -1.8391     -2.319     0.2236    -0.8647 -9.990e-29
 145.987402     -2.322   0.380625    15.8816    -1.8392     -2.303     0.2237    -0.8634 -9.990e-29
 145.987407     -2.310   0.381286    15.8691    -1.8398     -2.291     0.2242    -0.8610 -9.990e-29
 145.987413     -2.300   0.382225    15.8552    -1.8400     -2.281     0.2248    -0.8583 -9.990e-29
 145.987419     -2.293   0.382474    15.8432    -1.8404     -2.274     0.2250    -0.8562 -9.990e-29
 145.987425     -2.287   0.381807    15.8335    -1.8403     -2.268     0.2247    -0.8549 -9.990e-29
 145.987431     -2.282   0.381001    15.8259    -1.8401     -2.263     0.2242    -0.8540 -9.990e-29
 145.987436     -2.274   0.380645    15.8198    -1.8401     -2.255     0.2241    -0.8532 -9.990e-29
