data/oxygen options/OCNMS/OCNMS1/raw_data/2016/CAST_KL027_160525faed.cnv
* Sea-Bird SBE19 Data File:
* FileName = C:\2016 Mooring Data\CAST_KL027_160525.hex
* Software Version 1.59
* Temperature SN = 2997
* Conductivity SN = 2997
* System UpLoad Time = May 25 2016 18:21:23
** CAST_KL027_160525
* ds
# nquan = 9                                 
# nvalues = 1112                        
# units = specified
# name 0 = timeJ: Julian Days
# name 1 = prSM: Pressure, Strain Gauge [db]
# name 2 = c0mS/cm: Conductivity [mS/cm]
# name 3 = t090C: Temperature [ITS-90, deg C]
# name 4 = sbeox0ML/L: Oxygen, SBE 43 [ml/l]
# name 5 = depSM: Depth [salt water, m], lat = 47.5
# name 6 = sal00: Salinity, Practical [PSU]
# name 7 = sigma-é00: Density [sigma-theta, kg/m^3]
# name 8 = flag: flag
# span 0 = 146.752350, 146.758779       
# span 1 =     -5.305,     27.140       
# span 2 =   0.000915,  37.471873       
# span 3 =     9.1843,    13.7799       
# span 4 =    -1.9432,    17.1925       
# span 5 =     -5.261,     26.912       
# span 6 =     0.0070,    33.0753       
# span 7 =    -0.7182,    25.5825       
# span 8 = 0.0000e+00, 0.0000e+00       
# interval = seconds: 0.5
# start_time = May 25 2016 18:03:23 [Instrument's time stamp, header]
# bad_flag = -9.990e-29
*END*
[from data line 481]
 146.755133      0.808  37.416234    12.6243     8.9210      0.801    31.9534    24.1064 -9.990e-29
 146.755139      0.813  37.416684    12.6237     8.9429      0.806    31.9543    24.1072 -9.990e-29
 146.755145      0.816  37.416578    12.6223     8.9562      0.809    31.9554    24.1083 -9.990e-29
 146.755150      0.819  37.415757    12.6210     8.9629      0.812    31.9557    24.1088 -9.990e-29
 146.755156      0.822  37.415537    12.6207     8.9444      0.815    31.9558    24.1089 -9.990e-29
 146.755162      0.824  37.416158    12.6213     8.9317      0.817    31.9558    24.1088 -9.990e-29
 146.755168      0.830  37.416876    12.6211     8.9402      0.823    31.9567    24.1095 -9.990e-29
 146.755174      0.844  37.416846    12.6197     8.9558      0.837    31.9579    24.1107 -9.990e-29
 146.755179      0.860  37.416097    12.6185     8.9964      0.853    31.9582    24.1112 -9.990e-29
 146.755185      0.866  37.415763    12.6184     9.0004      0.859    31.9579    24.1110 -9.990e-29
 146.755191      0.860  37.415849    12.6188     8.9856      0.853    31.9577    24.1107 -9.990e-29
 146.755197      0.853  37.415802    12.6188     8.9586      0.846    31.9576    24.1107 -9.990e-29
 146.755203      0.847  37.416012    12.6183     8.9229      0.840    31.9582    24.1113 -9.990e-29
 146.755208      0.843  37.416652    12.6181     8.8942      0.836    31.9590    24.1119 -9.990e-29
 146.755214      0.840  37.417344    12.6184     8.8876      0.833    31.9594    24.1122 -9.990e-29
 146.755220      0.838  37.418344    12.6190     8.8960      0.831    31.9599    24.1124 -9.990e-29
 146.755226      0.836  37.419756    12.6195     8.9226      0.829    31.9608    24.1130 -9.990e-29
 146.755231      0.834  37.421112    12.6198     8.9379      0.827    31.9618    24.1138 -9.990e-29
 146.755237      0.834  37.422429    12.6202     8.9215      0.827    31.9627    24.1144 -9.990e-29
 146.755243      0.833  37.423676    12.6207     8.8957      0.826    31.9635    24.1149 -9.990e-29
 146.755249      0.833  37.424165    12.6209     8.8732      0.826    31.9638    24.1151 -9.990e-29
 146.755255      0.834  37.423879    12.6206     8.8806      0.827    31.9638    24.1151 -9.990e-29
 146.755260      0.835  37.423449    12.6204     8.9070      0.828    31.9635    24.1150 -9.990e-29
 146.755266      0.837  37.423315    12.6205     8.9404      0.830    31.9633    24.1148 -9.990e-29
 146.755272      0.839  37.423749    12.6208     8.9360      0.832    31.9635    24.1148 -9.990e-29
 146.755278      0.841  37.424101    12.6209     8.9279      0.834    31.9637    24.1150 -9.990e-29
 146.755284      0.845  37.424171    12.6209     8.9123      0.838    31.9638    24.1151 -9.990e-29
 146.755289      0.850  37.424507    12.6203     8.9115      0.843    31.9646    24.1158 -9.990e-29
 146.755295      0.856  37.424327    12.6189     8.9247      0.849    31.9656    24.1169 -9.990e-29
 146.755301      0.860  37.423844    12.6180     8.9404      0.853    31.9659    24.1173 -9.990e-29
 146.755307      0.857  37.423986    12.6185     8.9381      0.850    31.9656    24.1170 -9.990e-29
 146.755313      0.852  37.424272    12.6194     8.9386      0.845    31.9652    24.1164 -9.990e-29
 146.755318      0.849  37.424974    12.6196     8.9211      0.842    31.9657    24.1168 -9.990e-29
 146.755324      0.847  37.425801    12.6189     8.9145      0.840    31.9670    24.1180 -9.990e-29
 146.755330      0.846  37.425505    12.6174     8.9225      0.839    31.9680    24.1190 -9.990e-29
 146.755336      0.846  37.424704    12.6159     8.9299      0.839    31.9685    24.1197 -9.990e-29
 146.755341      0.848  37.424464    12.6156     8.9501      0.841    31.9686    24.1198 -9.990e-29
 146.755347      0.851  37.424916    12.6159     8.9582      0.844    31.9687    24.1199 -9.990e-29
 146.755353      0.855  37.425993    12.6160     8.9624      0.848    31.9697    24.1206 -9.990e-29
 146.755359      0.862  37.427344    12.6163     8.9390      0.855    31.9707    24.1213 -9.990e-29
 146.755365      0.870  37.428979    12.6174     8.9345      0.863    31.9713    24.1216 -9.990e-29
 146.755370      0.881  37.430729    12.6186     8.9376      0.874    31.9720    24.1218 -9.990e-29
 146.755376      0.896  37.432015    12.6191     8.9596      0.889    31.9728    24.1224 -9.990e-29
 146.755382      0.911  37.432762    12.6192     8.9708      0.903    31.9734    24.1228 -9.990e-29
 146.755388      0.918  37.432737    12.6188     8.9794      0.910    31.9737    24.1231 -9.990e-29
 146.755394      0.918  37.432358    12.6180     8.9690      0.910    31.9740    24.1235 -9.990e-29
 146.755399      0.920  37.432133    12.6171     8.9533      0.912    31.9746    24.1241 -9.990e-29
 146.755405      0.928  37.431094    12.6159     8.9430      0.920    31.9746    24.1244 -9.990e-29
 146.755411      0.938  37.429431    12.6147     8.9372      0.930    31.9740    24.1242 -9.990e-29
 146.755417      0.942  37.428740    12.6142     8.9734      0.934    31.9738    24.1241 -9.990e-29
 146.755422      0.936  37.429111    12.6145     8.9975      0.928    31.9739    24.1241 -9.990e-29
 146.755428      0.925  37.429807    12.6150     9.0288      0.917    31.9741    24.1242 -9.990e-29
 146.755434      0.915  37.430528    12.6152     9.0147      0.907    31.9746    24.1246 -9.990e-29
 146.755440      0.911  37.431006    12.6149     8.9952      0.903    31.9754    24.1252 -9.990e-29
 146.755446      0.912  37.431211    12.6142     8.9841      0.904    31.9761    24.1259 -9.990e-29
 146.755451      0.919  37.431307    12.6132     8.9823      0.911    31.9771    24.1268 -9.990e-29
 146.755457      0.928  37.431315    12.6125     9.0020      0.920    31.9777    24.1274 -9.990e-29
 146.755463      0.929  37.431135    12.6123     8.9918      0.921    31.9777    24.1275 -9.990e-29
 146.755469      0.921  37.430979    12.6125     8.9815      0.913    31.9774    24.1272 -9.990e-29
 146.755475      0.905  37.431091    12.6125     8.9808      0.897    31.9775    24.1273 -9.990e-29
 146.755480      0.890  37.430952    12.6120     8.9859      0.883    31.9778    24.1276 -9.990e-29
 146.755486      0.879  37.430830    12.6114     9.0004      0.872    31.9782    24.1280 -9.990e-29
 146.755492      0.872  37.431576    12.6110     8.9776      0.865    31.9792    24.1289 -9.990e-29
 146.755498      0.867  37.432393    12.6107     8.9608      0.860    31.9803    24.1298 -9.990e-29
 146.755503      0.865  37.432583    12.6104     8.9424      0.858    31.9807    24.1302 -9.990e-29
 146.755509      0.865  37.432850    12.6105     8.9487      0.858    31.9809    24.1303 -9.990e-29
 146.755515      0.868  37.433442    12.6104     8.9627      0.861    31.9815    24.1308 -9.990e-29
 146.755521      0.873  37.433917    12.6101     8.9550      0.866    31.9822    24.1314 -9.990e-29
 146.755527      0.881  37.434242    12.6103     8.9631      0.874    31.9823    24.1315 -9.990e-29
 146.755532      0.893  37.434740    12.6111     8.9493      0.886    31.9821    24.1312 -9.990e-29
 146.755538      0.905  37.435408    12.6117     8.9622      0.897    31.9823    24.1311 -9.990e-29
 146.755544      0.913  37.435908    12.6123     8.9756      0.905    31.9822    24.1310 -9.990e-29
 146.755550      0.918  37.436237    12.6131     9.0022      0.910    31.9819    24.1306 -9.990e-29
 146.755556      0.920  37.436723    12.6137     9.0236      0.912    31.9818    24.1304 -9.990e-29
 146.755561      0.919  37.437347    12.6138     9.0195      0.911    31.9823    24.1308 -9.990e-29
 146.755567      0.916  37.437712    12.6140     8.9918      0.908    31.9825    24.1309 -9.990e-29
 146.755573      0.914  37.437635    12.6142     8.9677      0.906    31.9822    24.1306 -9.990e-29
 146.755579      0.918  37.437467    12.6139     8.9413      0.910    31.9823    24.1308 -9.990e-29
 146.755584      0.927  37.437434    12.6131     8.9541      0.919    31.9830    24.1314 -9.990e-29
 146.755590      0.939  37.437386    12.6127     8.9858      0.931    31.9833    24.1317 -9.990e-29
 146.755596      0.945  37.437709    12.6130     9.0030      0.937    31.9833    24.1317 -9.990e-29
 146.755602      0.941  37.438165    12.6136     9.0226      0.933    31.9833    24.1315 -9.990e-29
 146.755608      0.932  37.438132    12.6138     9.0033      0.924    31.9831    24.1313 -9.990e-29
 146.755613      0.925  37.438020    12.6134     8.9786      0.917    31.9833    24.1316 -9.990e-29
 146.755619      0.924  37.438132    12.6128     8.9635      0.916    31.9839    24.1322 -9.990e-29
 146.755625      0.930  37.438509    12.6123     8.9524      0.922    31.9847    24.1329 -9.990e-29
 146.755631      0.937  37.438987    12.6122     8.9535      0.929    31.9852    24.1333 -9.990e-29
 146.755637      0.939  37.439532    12.6124     8.9779      0.931    31.9856    24.1336 -9.990e-29
 146.755642      0.931  37.440200    12.6128     8.9927      0.923    31.9859    24.1337 -9.990e-29
 146.755648      0.917  37.440652    12.6134     9.0048      0.909    31.9858    24.1335 -9.990e-29
 146.755654      0.905  37.440824    12.6134     9.0114      0.897    31.9860    24.1337 -9.990e-29
 146.755660      0.901  37.440836    12.6125     8.9966      0.893    31.9867    24.1345 -9.990e-29
 146.755666      0.911  37.440596    12.6115     8.9783      0.903    31.9874    24.1351 -9.990e-29
 146.755671      0.926  37.440237    12.6113     8.9774      0.918    31.9872    24.1350 -9.990e-29
 146.755677      0.934  37.440293    12.6114     8.9709      0.926    31.9871    24.1350 -9.990e-29
 146.755683      0.937  37.440729    12.6114     9.0009      0.929    31.9876    24.1353 -9.990e-29
 146.755689      0.938  37.440897    12.6115     9.0297      0.930    31.9876    24.1353 -9.990e-29
 146.755694      0.937  37.440913    12.6115     9.0331      0.929    31.9876    24.1353 -9.990e-29
 146.755700      0.939  37.441252    12.6114     9.0304      0.931    31.9881    24.1357 -9.990e-29
 146.755706      0.948  37.441697    12.6112     9.0148      0.940    31.9886    24.1362 -9.990e-29
 146.755712      0.961  37.442170    12.6110     9.0066      0.953    31.9893    24.1367 -9.990e-29
 146.755718      0.974  37.442633    12.6112     9.0130      0.966    31.9895    24.1369 -9.990e-29
 146.755723      0.987  37.443035    12.6120     9.0213      0.979    31.9892    24.1365 -9.990e-29
 146.755729      0.998  37.443803    12.6125     9.0224      0.990    31.9895    24.1366 -9.990e-29
 146.755735      1.003  37.444733    12.6126     9.0144      0.995    31.9903    24.1372 -9.990e-29
 146.755741      1.002  37.445275    12.6123     9.0148      0.994    31.9911    24.1379 -9.990e-29
 146.755747      0.999  37.445481    12.6117     8.9947      0.991    31.9918    24.1385 -9.990e-29
 146.755752      0.998  37.445518    12.6112     8.9855      0.990    31.9923    24.1390 -9.990e-29
 146.755758      0.995  37.445327    12.6110     8.9790      0.987    31.9922    24.1390 -9.990e-29
 146.755764      0.991  37.445106    12.6110     8.9788      0.983    31.9920    24.1388 -9.990e-29
 146.755770      0.988  37.445013    12.6106     9.0008      0.980    31.9923    24.1391 -9.990e-29
 146.755775      0.987  37.444816    12.6102     9.0146      0.979    31.9924    24.1393 -9.990e-29
 146.755781      0.987  37.444703    12.6104     9.0247      0.979    31.9922    24.1391 -9.990e-29
 146.755787      0.985  37.444975    12.6109     9.0105      0.977    31.9920    24.1388 -9.990e-29
 146.755793      0.980  37.445326    12.6113     8.9943      0.972    31.9920    24.1388 -9.990e-29
 146.755799      0.980  37.445557    12.6110     8.9756      0.972    31.9925    24.1392 -9.990e-29
 146.755804      0.986  37.445866    12.6107     8.9612      0.978    31.9930    24.1397 -9.990e-29
 146.755810      0.989  37.445999    12.6109     8.9589      0.981    31.9930    24.1396 -9.990e-29
 146.755816      0.985  37.446021    12.6116     8.9567      0.977    31.9924    24.1390 -9.990e-29
 146.755822      0.975  37.446414    12.6125     8.9509      0.967    31.9920    24.1385 -9.990e-29
 146.755828      0.961  37.447032    12.6132     8.9618      0.953    31.9920    24.1384 -9.990e-29
 146.755833      0.946  37.447470    12.6136     8.9743      0.938    31.9921    24.1384 -9.990e-29
 146.755839      0.931  37.447646    12.6137     8.9746      0.923    31.9922    24.1384 -9.990e-29
 146.755845      0.919  37.447684    12.6133     8.9703      0.911    31.9926    24.1388 -9.990e-29
 146.755851      0.912  37.447358    12.6117     8.9716      0.904    31.9936    24.1399 -9.990e-29
 146.755856      0.914  37.446735    12.6095     8.9722      0.906    31.9949    24.1413 -9.990e-29
 146.755862      0.931  37.446422    12.6084     8.9903      0.923    31.9955    24.1420 -9.990e-29
 146.755868      0.955  37.446502    12.6080     9.0016      0.947    31.9959    24.1424 -9.990e-29
 146.755874      0.974  37.446289    12.6070     8.9947      0.966    31.9966    24.1431 -9.990e-29
 146.755880      0.985  37.445468    12.6053     8.9846      0.977    31.9972    24.1440 -9.990e-29
 146.755885      0.988  37.444591    12.6038     8.9695      0.980    31.9977    24.1446 -9.990e-29
 146.755891      0.990  37.444139    12.6037     8.9795      0.982    31.9973    24.1443 -9.990e-29
 146.755897      0.993  37.444600    12.6045     8.9926      0.985    31.9971    24.1440 -9.990e-29
 146.755903      0.994  37.445435    12.6038     8.9984      0.986    31.9985    24.1452 -9.990e-29
 146.755909      0.988  37.444362    12.6006     8.9989      0.980    32.0002    24.1471 -9.990e-29
 146.755914      0.980  37.441039    12.5966     8.9727      0.972    32.0004    24.1481 -9.990e-29
 146.755920      0.977  37.437730    12.5933     8.9465      0.969    32.0001    24.1485 -9.990e-29
 146.755926      0.983  37.434477    12.5906     8.9479      0.975    31.9993    24.1483 -9.990e-29
 146.755932      0.995  37.430274    12.5884     8.9529      0.987    31.9971    24.1471 -9.990e-29
 146.755937      1.006  37.426772    12.5873     8.9655      0.998    31.9947    24.1455 -9.990e-29
 146.755943      1.010  37.425994    12.5871     8.9531      1.002    31.9942    24.1451 -9.990e-29
 146.755949      1.009  37.427430    12.5870     8.9720      1.001    31.9956    24.1462 -9.990e-29
 146.755955      1.007  37.428479    12.5865     8.9773      0.999    31.9970    24.1474 -9.990e-29
 146.755961      1.012  37.428267    12.5856     8.9759      1.004    31.9976    24.1480 -9.990e-29
 146.755966      1.024  37.427601    12.5849     8.9776      1.015    31.9976    24.1481 -9.990e-29
 146.755972      1.036  37.427242    12.5852     8.9794      1.027    31.9970    24.1476 -9.990e-29
 146.755978      1.045  37.427800    12.5870     8.9765      1.036    31.9960    24.1465 -9.990e-29
 146.755984      1.050  37.429425    12.5892     8.9845      1.041    31.9956    24.1458 -9.990e-29
 146.755990      1.052  37.431450    12.5905     8.9827      1.043    31.9965    24.1462 -9.990e-29
 146.755995      1.051  37.432057    12.5907     8.9649      1.042    31.9969    24.1465 -9.990e-29
 146.756001      1.048  37.431465    12.5906     8.9628      1.039    31.9964    24.1461 -9.990e-29
 146.756007      1.041  37.431096    12.5900     8.9404      1.032    31.9965    24.1464 -9.990e-29
 146.756013      1.035  37.430425    12.5885     8.9452      1.026    31.9972    24.1471 -9.990e-29
 146.756019      1.034  37.429087    12.5870     8.9521      1.025    31.9972    24.1474 -9.990e-29
 146.756024      1.033  37.428068    12.5865     8.9623      1.024    31.9966    24.1471 -9.990e-29
 146.756030      1.028  37.428219    12.5869     8.9899      1.019    31.9964    24.1469 -9.990e-29
 146.756036      1.023  37.429148    12.5878     9.0104      1.014    31.9966    24.1468 -9.990e-29
 146.756042      1.027  37.430383    12.5899     9.0070      1.018    31.9960    24.1459 -9.990e-29
 146.756047      1.038  37.432418    12.5930     9.0047      1.029    31.9953    24.1448 -9.990e-29
