data/oxygen options/OCNMS/OCNMS1/raw_data/2016/CAST_CA042_160628faed.cnv
* Sea-Bird SBE19 Data File:
* FileName = C:\2016 Mooring Data\Casts\Data\CAST_CA042_160628.hex
* Software Version 1.59
* Temperature SN = 2997
* Conductivity SN = 2997
* System UpLoad Time = Jun 28 2016 16:45:00
** CAST_CA042_160628
* ds
# nquan = 9                                 
# nvalues = 1676                        
# units = specified
# name 0 = timeJ: Julian Days
# name 1 = prSM: Pressure, Strain Gauge [db]
# name 2 = c0mS/cm: Conductivity [mS/cm]
# name 3 = t090C: Temperature [ITS-90, deg C]
# name 4 = sbeox0ML/L: Oxygen, SBE 43 [ml/l]
# name 5 = depSM: Depth [salt water, m], lat = 47.5
# name 6 = sal00: Salinity, Practical [PSU]
# name 7 = sigma-é00: Density [sigma-theta, kg/m^3]
# name 8 = flag: flag
# span 0 = 180.685428, 180.695122       
# span 1 =     -5.313,     43.976       
# span 2 =   0.091281,  37.412737       
# span 3 =     7.4715,    13.2269       
# span 4 =    -1.9550,    13.8542       
# span 5 =     -5.269,     43.604       
# span 6 =     0.0575,    33.8079       
# span 7 =    -0.5996,    26.4142       
# span 8 = 0.0000e+00, 0.0000e+00       
# interval = seconds: 0.5
# start_time = Jun 28 2016 16:27:01 [Instrument's time stamp, header]
# bad_flag = -9.990e-29
*END*
[from data line 1121]
 180.691916      1.605  37.353297    12.0963     5.8612      1.592    32.3455    24.5102 -9.990e-29
 180.691921      1.663  37.338582    12.0731     5.7371      1.649    32.3514    24.5191 -9.990e-29
 180.691927      1.735  37.302566    11.9962     5.6055      1.721    32.3833    24.5582 -9.990e-29
 180.691933      1.831  37.213350    11.8369     5.4866      1.816    32.4355    24.6282 -9.990e-29
 180.691939      1.957  37.059985    11.6433     5.3519      1.941    32.4555    24.6793 0.0000e+00
 180.691944      2.112  36.900621    11.4888     5.1934      2.094    32.4353    24.6917 0.0000e+00
 180.691950      2.284  36.784817    11.3790     5.0521      2.265    32.4182    24.6982 0.0000e+00
 180.691956      2.467  36.705906    11.2714     4.9113      2.446    32.4352    24.7308 0.0000e+00
 180.691962      2.665  36.631909    11.1242     4.8445      2.643    32.4921    24.8012 0.0000e+00
 180.691968      2.877  36.520046    10.9378     4.8136      2.853    32.5464    24.8764 0.0000e+00
 180.691973      3.100  36.370043    10.7654     4.7963      3.074    32.5506    24.9098 0.0000e+00
 180.691979      3.330  36.236636    10.6387     4.8154      3.302    32.5304    24.9160 0.0000e+00
 180.691985      3.565  36.146257    10.5277     4.8190      3.535    32.5390    24.9418 0.0000e+00
 180.691991      3.808  36.080752    10.4071     4.8334      3.776    32.5812    24.9953 0.0000e+00
 180.691997      4.060  36.026580    10.3031     4.8418      4.026    32.6199    25.0432 0.0000e+00
 180.692002      4.317  35.988113    10.2484     4.8366      4.281    32.6303    25.0605 0.0000e+00
 180.692008      4.569  35.971610    10.2443     4.8153      4.531    32.6172    25.0510 0.0000e+00
 180.692014      4.812  35.975086    10.2679     4.7672      4.772    32.5994    25.0331 0.0000e+00
 180.692020      5.042  35.985674    10.2783     4.7058      5.000    32.6006    25.0323 0.0000e+00
 180.692025      5.266  35.983761    10.2425     4.6239      5.222    32.6308    25.0619 0.0000e+00
 180.692031      5.504  35.959955    10.1738     4.5826      5.458    32.6685    25.1029 0.0000e+00
 180.692037      5.765  35.924407    10.1034     4.5414      5.717    32.6960    25.1362 0.0000e+00
 180.692043      6.040  35.887283    10.0363     4.5054      5.990    32.7190    25.1653 0.0000e+00
 180.692049      6.313  35.844878     9.9633     4.4913      6.260    32.7420    25.1954 0.0000e+00
 180.692054      6.576  35.795967     9.8871     4.4473      6.521    32.7614    25.2231 0.0000e+00
 180.692060      6.828  35.750257     9.8216     4.4232      6.771    32.7743    25.2440 0.0000e+00
 180.692066      7.068  35.716682     9.7806     4.3795      7.009    32.7773    25.2531 0.0000e+00
 180.692072      7.294  35.692907     9.7651     4.3254      7.233    32.7670    25.2476 0.0000e+00
 180.692078      7.508  35.677343     9.7519     4.2750      7.445    32.7631    25.2467 0.0000e+00
 180.692083      7.715  35.665351     9.7117     4.2172      7.650    32.7874    25.2723 0.0000e+00
 180.692089      7.920  35.643055     9.6395     4.1786      7.854    32.8304    25.3177 0.0000e+00
 180.692095      8.130  35.607490     9.5607     4.1498      8.062    32.8660    25.3583 0.0000e+00
 180.692101      8.352  35.571601     9.4993     4.1241      8.282    32.8853    25.3833 0.0000e+00
 180.692106      8.581  35.543971     9.4514     4.1323      8.509    32.9008    25.4032 0.0000e+00
 180.692112      8.820  35.515625     9.4039     4.1341      8.746    32.9152    25.4221 0.0000e+00
 180.692118      9.071  35.481122     9.3574     4.1526      8.995    32.9223    25.4351 0.0000e+00
 180.692124      9.329  35.447538     9.3243     4.1789      9.251    32.9180    25.4370 0.0000e+00
 180.692130      9.579  35.424295     9.3167     4.1736      9.499    32.9009    25.4249 0.0000e+00
 180.692135      9.805  35.419475     9.3379     4.1671      9.723    32.8764    25.4023 0.0000e+00
 180.692141      9.998  35.434363     9.3701     4.1385      9.914    32.8620    25.3859 0.0000e+00
 180.692147     10.176  35.457315     9.3827     4.0999     10.091    32.8740    25.3933 0.0000e+00
 180.692153     10.362  35.467287     9.3688     4.0598     10.275    32.8970    25.4135 0.0000e+00
 180.692159     10.568  35.456738     9.3441     4.0011     10.480    32.9087    25.4266 0.0000e+00
 180.692164     10.791  35.432766     9.3210     3.9716     10.701    32.9052    25.4275 0.0000e+00
 180.692170     11.018  35.404169     9.3017     3.9535     10.926    32.8933    25.4213 0.0000e+00
 180.692176     11.247  35.383100     9.2704     3.9509     11.153    32.9003    25.4318 0.0000e+00
 180.692182     11.485  35.360941     9.2163     3.9629     11.389    32.9272    25.4614 0.0000e+00
 180.692187     11.733  35.327067     9.1616     3.9407     11.635    32.9425    25.4821 0.0000e+00
 180.692193     11.986  35.301158     9.1308     3.9189     11.886    32.9440    25.4881 0.0000e+00
 180.692199     12.234  35.292781     9.1249     3.9037     12.132    32.9407    25.4864 0.0000e+00
 180.692205     12.471  35.294552     9.1338     3.8747     12.367    32.9342    25.4799 0.0000e+00
 180.692211     12.705  35.300863     9.1381     3.8732     12.599    32.9366    25.4812 0.0000e+00
 180.692216     12.949  35.301523     9.1185     3.8795     12.841    32.9553    25.4989 0.0000e+00
 180.692222     13.208  35.292812     9.0790     3.8903     13.097    32.9828    25.5266 0.0000e+00
 180.692228     13.466  35.283157     9.0409     3.9109     13.353    33.0079    25.5523 0.0000e+00
 180.692234     13.707  35.278041     9.0274     3.9114     13.592    33.0150    25.5600 0.0000e+00
 180.692240     13.919  35.280593     9.0443     3.8806     13.802    33.0019    25.5471 0.0000e+00
 180.692245     14.109  35.291281     9.0684     3.8566     13.991    32.9906    25.5344 0.0000e+00
 180.692251     14.288  35.300707     9.0748     3.7986     14.168    32.9944    25.5364 0.0000e+00
 180.692257     14.472  35.300037     9.0625     3.7511     14.351    33.0050    25.5466 0.0000e+00
 180.692263     14.680  35.292181     9.0415     3.7176     14.557    33.0162    25.5587 0.0000e+00
 180.692269     14.922  35.283910     9.0112     3.6855     14.797    33.0356    25.5787 0.0000e+00
 180.692274     15.188  35.274151     8.9682     3.6838     15.061    33.0654    25.6086 0.0000e+00
 180.692280     15.461  35.260406     8.9215     3.6717     15.331    33.0944    25.6387 0.0000e+00
 180.692286     15.722  35.245504     8.8872     3.6644     15.590    33.1107    25.6568 0.0000e+00
 180.692292     15.965  35.234089     8.8732     3.6583     15.831    33.1118    25.6598 0.0000e+00
 180.692297     16.190  35.229853     8.8704     3.6798     16.054    33.1099    25.6587 0.0000e+00
 180.692303     16.404  35.229259     8.8597     3.6880     16.266    33.1191    25.6676 0.0000e+00
 180.692309     16.612  35.224109     8.8387     3.7188     16.473    33.1333    25.6820 0.0000e+00
 180.692315     16.814  35.216378     8.8245     3.7184     16.673    33.1384    25.6882 0.0000e+00
 180.692321     17.006  35.212999     8.8274     3.6732     16.863    33.1320    25.6828 0.0000e+00
 180.692326     17.187  35.217737     8.8456     3.6233     17.043    33.1199    25.6704 0.0000e+00
 180.692332     17.365  35.229503     8.8664     3.5528     17.219    33.1127    25.6616 0.0000e+00
 180.692338     17.550  35.238657     8.8689     3.4872     17.403    33.1198    25.6668 0.0000e+00
 180.692344     17.751  35.237682     8.8409     3.4364     17.602    33.1449    25.6907 0.0000e+00
 180.692350     17.968  35.225722     8.7884     3.3987     17.817    33.1814    25.7275 0.0000e+00
 180.692355     18.196  35.203511     8.7238     3.3817     18.043    33.2186    25.7666 0.0000e+00
 180.692361     18.433  35.168192     8.6543     3.3766     18.278    33.2467    25.7993 0.0000e+00
 180.692367     18.674  35.122954     8.5948     3.3431     18.517    33.2551    25.8149 0.0000e+00
 180.692373     18.907  35.086324     8.5633     3.3147     18.748    33.2461    25.8127 0.0000e+00
 180.692378     19.127  35.072057     8.5572     3.2891     18.966    33.2367    25.8063 0.0000e+00
 180.692384     19.333  35.073320     8.5498     3.2602     19.171    33.2449    25.8138 0.0000e+00
 180.692390     19.536  35.065345     8.5197     3.2412     19.372    33.2648    25.8340 0.0000e+00
 180.692396     19.744  35.037940     8.4729     3.2292     19.578    33.2799    25.8530 0.0000e+00
 180.692402     19.957  35.006931     8.4222     3.1982     19.789    33.2950    25.8725 0.0000e+00
 180.692407     20.171  34.981318     8.3784     3.1710     20.002    33.3092    25.8902 0.0000e+00
 180.692413     20.387  34.961974     8.3533     3.1314     20.216    33.3124    25.8965 0.0000e+00
 180.692419     20.612  34.954944     8.3463     3.0732     20.439    33.3115    25.8969 0.0000e+00
 180.692425     20.849  34.957326     8.3342     3.0669     20.674    33.3254    25.9096 0.0000e+00
 180.692431     21.106  34.947608     8.2899     3.0617     20.929    33.3570    25.9410 0.0000e+00
 180.692436     21.383  34.914475     8.2215     3.0540     21.203    33.3867    25.9745 0.0000e+00
 180.692442     21.670  34.875884     8.1654     3.0725     21.488    33.3989    25.9924 0.0000e+00
 180.692448     21.956  34.852027     8.1391     3.0627     21.772    33.3985    25.9960 0.0000e+00
 180.692454     22.226  34.843525     8.1348     3.0699     22.039    33.3934    25.9926 0.0000e+00
 180.692459     22.475  34.841789     8.1373     3.0772     22.286    33.3890    25.9888 0.0000e+00
 180.692465     22.710  34.841101     8.1342     3.0736     22.519    33.3911    25.9910 0.0000e+00
 180.692471     22.938  34.839386     8.1254     3.0737     22.745    33.3976    25.9973 0.0000e+00
 180.692477     23.164  34.838239     8.1190     3.0900     22.969    33.4024    26.0020 0.0000e+00
 180.692483     23.391  34.838894     8.1186     3.0884     23.194    33.4033    26.0028 0.0000e+00
 180.692488     23.619  34.839939     8.1205     3.0812     23.421    33.4025    26.0019 0.0000e+00
 180.692494     23.855  34.840487     8.1196     3.0917     23.655    33.4039    26.0031 0.0000e+00
 180.692500     24.101  34.840670     8.1156     3.0701     23.898    33.4077    26.0068 0.0000e+00
 180.692506     24.356  34.840694     8.1117     3.0598     24.151    33.4114    26.0102 0.0000e+00
 180.692512     24.618  34.840550     8.1078     3.0610     24.411    33.4148    26.0135 0.0000e+00
 180.692517     24.887  34.839444     8.1016     3.0391     24.678    33.4194    26.0180 0.0000e+00
 180.692523     25.159  34.835861     8.0929     3.0338     24.948    33.4238    26.0227 0.0000e+00
 180.692529     25.429  34.830585     8.0832     3.0468     25.215    33.4273    26.0269 0.0000e+00
 180.692535     25.698  34.825503     8.0731     3.0320     25.482    33.4314    26.0316 0.0000e+00
 180.692541     25.962  34.819957     8.0631     3.0348     25.744    33.4349    26.0358 0.0000e+00
 180.692546     26.216  34.814352     8.0564     3.0396     25.996    33.4352    26.0371 0.0000e+00
 180.692552     26.458  34.810695     8.0552     3.0266     26.236    33.4323    26.0350 0.0000e+00
 180.692558     26.688  34.808550     8.0578     3.0290     26.464    33.4274    26.0308 0.0000e+00
 180.692564     26.903  34.807817     8.0610     3.0242     26.677    33.4235    26.0272 0.0000e+00
 180.692569     27.107  34.810279     8.0613     3.0198     26.879    33.4257    26.0289 0.0000e+00
 180.692575     27.314  34.813578     8.0545     3.0130     27.084    33.4357    26.0377 0.0000e+00
 180.692581     27.529  34.810871     8.0404     3.0084     27.297    33.4461    26.0480 0.0000e+00
 180.692587     27.752  34.801871     8.0242     2.9978     27.519    33.4519    26.0550 0.0000e+00
 180.692593     27.989  34.793024     8.0091     2.9935     27.754    33.4568    26.0610 0.0000e+00
 180.692598     28.237  34.785374     7.9948     3.0001     27.999    33.4622    26.0673 0.0000e+00
 180.692604     28.492  34.777078     7.9810     3.0063     28.252    33.4664    26.0727 0.0000e+00
 180.692610     28.752  34.769916     7.9666     3.0314     28.510    33.4724    26.0795 0.0000e+00
 180.692616     29.021  34.764378     7.9500     3.0549     28.777    33.4822    26.0897 0.0000e+00
 180.692622     29.307  34.758079     7.9310     3.0671     29.060    33.4936    26.1013 0.0000e+00
 180.692627     29.608  34.750980     7.9113     3.0664     29.359    33.5047    26.1130 0.0000e+00
 180.692633     29.908  34.744776     7.8931     3.0643     29.656    33.5154    26.1240 0.0000e+00
 180.692639     30.193  34.740112     7.8803     3.0419     29.939    33.5226    26.1315 0.0000e+00
 180.692645     30.445  34.738007     7.8784     3.0348     30.189    33.5220    26.1314 0.0000e+00
 180.692650     30.656  34.740091     7.8875     3.0440     30.398    33.5154    26.1249 0.0000e+00
 180.692656     30.830  34.746299     7.9006     3.0412     30.570    33.5094    26.1182 0.0000e+00
 180.692662     30.983  34.752547     7.9090     3.0654     30.722    33.5080    26.1159 0.0000e+00
 180.692668     31.133  34.754807     7.9101     3.1007     30.871    33.5093    26.1167 0.0000e+00
 180.692674     31.298  34.753257     7.9040     3.1220     31.034    33.5134    26.1209 0.0000e+00
 180.692679     31.492  34.749153     7.8898     3.1562     31.227    33.5225    26.1301 0.0000e+00
 180.692685     31.720  34.743706     7.8699     3.1538     31.453    33.5357    26.1434 0.0000e+00
 180.692691     31.979  34.739697     7.8491     3.1359     31.710    33.5513    26.1586 0.0000e+00
 180.692697     32.268  34.738457     7.8248     3.0963     31.996    33.5732    26.1794 0.0000e+00
 180.692703     32.584  34.737171     7.7912     3.0726     32.310    33.6040    26.2085 0.0000e+00
 180.692708     32.914  34.731280     7.7531     3.0687     32.637    33.6343    26.2377 0.0000e+00
 180.692714     33.234  34.720168     7.7214     3.0836     32.954    33.6528    26.2569 0.0000e+00
 180.692720     33.528  34.709694     7.7041     3.1237     33.245    33.6581    26.2635 0.0000e+00
 180.692726     33.780  34.704888     7.7043     3.1312     33.495    33.6526    26.2592 0.0000e+00
 180.692731     33.984  34.706577     7.7197     3.1464     33.698    33.6394    26.2466 0.0000e+00
 180.692737     34.149  34.713610     7.7398     3.1505     33.861    33.6275    26.2344 0.0000e+00
 180.692743     34.285  34.721883     7.7531     3.1342     33.996    33.6235    26.2293 -9.990e-29
 180.692749     34.406  34.727270     7.7587     3.1114     34.116    33.6238    26.2288 -9.990e-29
 180.692755     34.528  34.730198     7.7608     3.0965     34.237    33.6249    26.2293 -9.990e-29
 180.692760     34.666  34.732294     7.7575     3.0556     34.374    33.6303    26.2340 0.0000e+00
 180.692766     34.835  34.731274     7.7438     3.0246     34.541    33.6423    26.2454 0.0000e+00
 180.692772     35.044  34.724060     7.7208     3.0111     34.749    33.6567    26.2600 0.0000e+00
 180.692778     35.299  34.712759     7.6975     2.9864     35.001    33.6669    26.2715 0.0000e+00
 180.692784     35.590  34.704103     7.6777     2.9815     35.290    33.6766    26.2819 0.0000e+00
 180.692789     35.896  34.698830     7.6586     2.9692     35.593    33.6893    26.2946 0.0000e+00
 180.692795     36.196  34.692663     7.6452     2.9294     35.891    33.6955    26.3014 0.0000e+00
 180.692801     36.473  34.688537     7.6432     2.8911     36.165    33.6928    26.2996 0.0000e+00
 180.692807     36.728  34.689310     7.6439     2.8656     36.418    33.6928    26.2995 0.0000e+00
 180.692813     36.977  34.689808     7.6316     2.8423     36.665    33.7052    26.3110 0.0000e+00
 180.692818     37.237  34.683938     7.6032     2.8695     36.923    33.7263    26.3316 0.0000e+00
 180.692824     37.502  34.672795     7.5717     2.8943     37.186    33.7447    26.3506 0.0000e+00
 180.692830     37.755  34.663326     7.5521     2.9179     37.436    33.7534    26.3603 0.0000e+00
