data/oxygen options/OCNMS/OCNMS1/raw_data/2016/CAST_KL027_160701faedb.cnv
* Sea-Bird SBE19 Data File:
* FileName = C:\2016 Mooring Data\Casts\Data\CAST_KL027_160701.hex
* Software Version 1.59
* Temperature SN = 2997
* Conductivity SN = 2997
* System UpLoad Time = Jul 01 2016 17:21:39
** CAST_KL027_160701
* ds
# nquan = 9
# nvalues = 27                          
# units = specified
# name 0 = timeJ: Julian Days
# name 1 = prSM: Pressure, Strain Gauge [db]
# name 2 = c0mS/cm: Conductivity [mS/cm]
# name 3 = t090C: Temperature [ITS-90, deg C]
# name 4 = sbeox0ML/L: Oxygen, SBE 43 [ml/l]
# name 5 = depSM: Depth [salt water, m], lat = 47.5
# name 6 = sal00: Salinity, Practical [PSU]
# name 7 = sigma-é00: Density [sigma-theta, kg/m^3]
# name 8 = flag: flag
# span 0 = 183.682705, 183.683573       
# span 1 =      2.000,     28.000       
# span 2 =  34.803022,  36.503061       
# span 3 =     7.8849,    10.3766       
# span 4 =     2.8039,     5.5178       
# span 5 =      1.983,     27.765       
# span 6 =    33.0340,    33.5874       
# span 7 =    25.3534,    26.1817       
# span 8 = 0.0000e+00, 0.0000e+00       
# interval = decibars: 1                
# start_time = Jul 01 2016 16:16:59 [Instrument's time stamp, header]
# bad_flag = -9.990e-29
*END*
 183.682705      2.000  36.503061    10.3766     5.5178      1.983    33.0340    25.3534 0.0000e+00
 183.682749      3.000  36.429579    10.2636     5.2445      2.975    33.0624    25.3949 0.0000e+00
 183.682791      4.000  36.297504    10.0935     4.9153      3.966    33.0837    25.4402 0.0000e+00
 183.682830      5.000  36.115589     9.8768     4.5877      4.958    33.0969    25.4868 0.0000e+00
 183.682865      6.000  35.952551     9.6311     4.3313      5.950    33.1560    25.5734 0.0000e+00
 183.682899      7.000  35.812294     9.4453     4.1052      6.942    33.1834    25.6250 0.0000e+00
 183.682931      8.000  35.640849     9.2185     3.8203      7.933    33.2166    25.6873 0.0000e+00
 183.682962      9.000  35.434200     8.9418     3.6560      8.925    33.2597    25.7647 0.0000e+00
 183.682993     10.000  35.306762     8.7692     3.3289      9.916    33.2880    25.8138 0.0000e+00
 183.683024     11.000  35.062707     8.3650     3.1982     10.908    33.4124    25.9729 0.0000e+00
 183.683056     12.000  34.984867     8.2494     3.0192     11.899    33.4393    26.0115 0.0000e+00
 183.683088     13.000  34.873529     8.0464     2.9506     12.891    33.5142    26.1004 0.0000e+00
 183.683121     14.000  34.854018     7.9985     2.9542     13.883    33.5387    26.1267 0.0000e+00
 183.683153     15.000  34.842912     7.9866     2.9400     14.874    33.5378    26.1277 0.0000e+00
 183.683187     16.000  34.835148     7.9745     2.9336     15.866    33.5407    26.1318 0.0000e+00
 183.683221     17.000  34.821120     7.9542     2.9107     16.857    33.5446    26.1379 0.0000e+00
 183.683253     18.000  34.818797     7.9507     2.9080     17.849    33.5450    26.1387 0.0000e+00
 183.683287     19.000  34.819437     7.9474     2.8992     18.840    33.5485    26.1419 0.0000e+00
 183.683323     20.000  34.815109     7.9409     2.8904     19.832    33.5496    26.1437 0.0000e+00
 183.683357     21.000  34.812875     7.9360     2.8820     20.824    33.5514    26.1459 0.0000e+00
 183.683389     22.000  34.807926     7.9265     2.8654     21.815    33.5547    26.1499 0.0000e+00
 183.683420     23.000  34.807893     7.9232     2.8460     22.807    33.5574    26.1525 0.0000e+00
 183.683449     24.000  34.803022     7.9077     2.8356     23.798    33.5665    26.1620 0.0000e+00
 183.683481     25.000  34.804657     7.9045     2.8251     24.790    33.5710    26.1659 0.0000e+00
 183.683511     26.000  34.804218     7.8963     2.8114     25.781    33.5779    26.1726 0.0000e+00
 183.683541     27.000  34.803624     7.8893     2.8039     26.773    33.5835    26.1780 0.0000e+00
 183.683573     28.000  34.803698     7.8849     2.8085     27.765    33.5874    26.1817 0.0000e+00
