data/oxygen options/OCNMS/OCNMS1/raw_data/2016/CAST_CE042_160630faed.cnv
* Sea-Bird SBE19 Data File:
* FileName = C:\2016 Mooring Data\Casts\Data\CAST_CE042_160630.hex
* Software Version 1.59
* Temperature SN = 2997
* Conductivity SN = 2997
* System UpLoad Time = Jun 30 2016 17:17:11
** CAST_CE042_160630
* ds
# nquan = 9                                 
# nvalues = 1636                        
# units = specified
# name 0 = timeJ: Julian Days
# name 1 = prSM: Pressure, Strain Gauge [db]
# name 2 = c0mS/cm: Conductivity [mS/cm]
# name 3 = t090C: Temperature [ITS-90, deg C]
# name 4 = sbeox0ML/L: Oxygen, SBE 43 [ml/l]
# name 5 = depSM: Depth [salt water, m], lat = 47.5
# name 6 = sal00: Salinity, Practical [PSU]
# name 7 = sigma-é00: Density [sigma-theta, kg/m^3]
# name 8 = flag: flag
# span 0 = 182.707928, 182.717390       
# span 1 =     -5.231,     47.199       
# span 2 =   0.016962,  37.617848       
# span 3 =     7.9331,    13.8132       
# span 4 =    -1.9387,    16.0855       
# span 5 =     -5.187,     46.800       
# span 6 =     0.0145,    33.5416       
# span 7 =    -0.7154,    26.1388       
# span 8 = 0.0000e+00, 0.0000e+00       
# interval = seconds: 0.5
# start_time = Jun 30 2016 16:59:25 [Instrument's time stamp, header]
# bad_flag = -9.990e-29
*END*
[from data line 1121]
 182.714416     27.760  35.707681     9.6339     4.1559     27.526    32.8928    25.3677 0.0000e+00
 182.714421     27.988  35.618382     9.5308     4.1081     27.753    32.8957    25.3867 0.0000e+00
 182.714427     28.202  35.537956     9.4754     4.0407     27.965    32.8638    25.3707 0.0000e+00
 182.714433     28.394  35.507393     9.4836     3.9813     28.155    32.8248    25.3389 0.0000e+00
 182.714439     28.568  35.518802     9.4950     3.9372     28.328    32.8260    25.3380 0.0000e+00
 182.714444     28.740  35.522262     9.4361     3.9165     28.498    32.8835    25.3925 0.0000e+00
 182.714450     28.920  35.478553     9.3175     3.9146     28.677    32.9475    25.4615 0.0000e+00
 182.714456     29.107  35.406530     9.2081     3.9310     28.862    32.9740    25.4996 0.0000e+00
 182.714462     29.291  35.350551     9.1477     3.9341     29.044    32.9718    25.5074 0.0000e+00
 182.714468     29.463  35.328189     9.1314     3.9216     29.215    32.9636    25.5036 0.0000e+00
 182.714473     29.625  35.325686     9.1361     3.9121     29.376    32.9566    25.4974 0.0000e+00
 182.714479     29.783  35.324419     9.1364     3.8750     29.532    32.9549    25.4960 0.0000e+00
 182.714485     29.939  35.321977     9.1184     3.8323     29.687    32.9690    25.5099 0.0000e+00
 182.714491     30.098  35.316629     9.0898     3.7946     29.845    32.9898    25.5307 0.0000e+00
 182.714497     30.270  35.304449     9.0606     3.7711     30.015    33.0042    25.5465 0.0000e+00
 182.714502     30.463  35.289191     9.0276     3.7631     30.207    33.0188    25.5632 0.0000e+00
 182.714508     30.674  35.269387     8.9802     3.7657     30.416    33.0422    25.5889 0.0000e+00
 182.714514     30.897  35.240309     8.9236     3.7773     30.637    33.0644    25.6151 0.0000e+00
 182.714520     31.116  35.211743     8.8828     3.7688     30.854    33.0726    25.6278 0.0000e+00
 182.714525     31.315  35.199191     8.8741     3.7526     31.051    33.0675    25.6252 0.0000e+00
 182.714531     31.484  35.203664     8.8911     3.7109     31.219    33.0562    25.6138 0.0000e+00
 182.714537     31.627  35.215838     8.9097     3.6806     31.361    33.0515    25.6072 0.0000e+00
 182.714543     31.761  35.223785     8.9049     3.6494     31.494    33.0642    25.6179 0.0000e+00
 182.714549     31.906  35.216669     8.8740     3.6255     31.637    33.0855    25.6394 0.0000e+00
 182.714554     32.074  35.196611     8.8303     3.6156     31.804    33.1053    25.6616 0.0000e+00
 182.714560     32.260  35.173110     8.7826     3.6035     31.988    33.1252    25.6846 0.0000e+00
 182.714566     32.456  35.149945     8.7385     3.5870     32.183    33.1421    25.7046 0.0000e+00
 182.714572     32.648  35.130782     8.7088     3.5572     32.373    33.1498    25.7152 0.0000e+00
 182.714578     32.827  35.120701     8.7016     3.5383     32.550    33.1458    25.7132 0.0000e+00
 182.714583     32.993  35.118414     8.7061     3.4933     32.715    33.1392    25.7073 0.0000e+00
 182.714589     33.150  35.113987     8.6959     3.4500     32.871    33.1440    25.7127 0.0000e+00
 182.714595     33.310  35.102481     8.6619     3.3843     33.029    33.1637    25.7333 0.0000e+00
 182.714601     33.478  35.084077     8.6120     3.3487     33.196    33.1912    25.7625 0.0000e+00
 182.714606     33.651  35.058159     8.5545     3.3044     33.367    33.2179    25.7922 0.0000e+00
 182.714612     33.828  35.030887     8.4999     3.2432     33.543    33.2405    25.8182 0.0000e+00
 182.714618     34.012  35.007171     8.4536     3.2059     33.725    33.2590    25.8397 0.0000e+00
 182.714624     34.202  34.984902     8.4061     3.1724     33.914    33.2803    25.8636 0.0000e+00
 182.714630     34.392  34.954938     8.3518     3.1494     34.102    33.2999    25.8871 0.0000e+00
 182.714635     34.581  34.916925     8.3052     3.1408     34.290    33.3037    25.8971 0.0000e+00
 182.714641     34.774  34.885532     8.2779     3.1323     34.481    33.2962    25.8953 0.0000e+00
 182.714647     34.970  34.866335     8.2519     3.1306     34.675    33.3003    25.9024 0.0000e+00
 182.714653     35.164  34.853169     8.2013     3.1230     34.868    33.3343    25.9366 0.0000e+00
 182.714659     35.355  34.839520     8.1351     3.1267     35.057    33.3827    25.9844 0.0000e+00
 182.714664     35.543  34.827749     8.0821     3.1146     35.243    33.4205    26.0219 0.0000e+00
 182.714670     35.718  34.823275     8.0559     3.1123     35.417    33.4407    26.0416 0.0000e+00
 182.714676     35.875  34.826123     8.0554     3.1035     35.572    33.4441    26.0444 0.0000e+00
 182.714682     36.020  34.832641     8.0637     3.1011     35.716    33.4431    26.0423 0.0000e+00
 182.714688     36.160  34.834562     8.0577     3.1063     35.855    33.4508    26.0493 0.0000e+00
 182.714693     36.310  34.827571     8.0351     3.0985     36.004    33.4649    26.0637 0.0000e+00
 182.714699     36.480  34.817875     8.0091     3.0961     36.172    33.4793    26.0788 0.0000e+00
 182.714705     36.661  34.811988     7.9877     3.0876     36.352    33.4934    26.0930 0.0000e+00
 182.714711     36.846  34.809738     7.9732     3.0889     36.535    33.5048    26.1041 0.0000e+00
 182.714716     37.033  34.809081     7.9647     3.0866     36.721    33.5122    26.1111 0.0000e+00
 182.714722     37.220  34.808980     7.9604     3.0869     36.906    33.5161    26.1149 0.0000e+00
 182.714728     37.403  34.809143     7.9598     3.0945     37.087    33.5168    26.1155 0.0000e+00
 182.714734     37.585  34.810185     7.9617     3.0945     37.268    33.5160    26.1146 0.0000e+00
 182.714740     37.768  34.811660     7.9625     3.0946     37.449    33.5167    26.1150 0.0000e+00
 182.714745     37.948  34.811455     7.9612     3.0967     37.628    33.5177    26.1160 0.0000e+00
 182.714751     38.122  34.810261     7.9613     3.0986     37.800    33.5162    26.1148 0.0000e+00
 182.714757     38.290  34.811369     7.9647     3.0965     37.967    33.5140    26.1126 0.0000e+00
 182.714763     38.445  34.814419     7.9685     3.0901     38.121    33.5136    26.1117 0.0000e+00
 182.714769     38.587  34.815478     7.9693     3.0962     38.261    33.5139    26.1118 0.0000e+00
 182.714774     38.731  34.813561     7.9675     3.1003     38.404    33.5135    26.1118 0.0000e+00
 182.714780     38.885  34.810999     7.9659     3.0909     38.557    33.5122    26.1110 0.0000e+00
 182.714786     39.051  34.809818     7.9649     3.0892     38.721    33.5118    26.1109 0.0000e+00
 182.714792     39.231  34.809407     7.9637     3.0855     38.900    33.5125    26.1115 0.0000e+00
 182.714797     39.423  34.808499     7.9630     3.0813     39.090    33.5121    26.1113 0.0000e+00
 182.714803     39.618  34.807968     7.9632     3.0868     39.284    33.5112    26.1106 0.0000e+00
 182.714809     39.807  34.808626     7.9645     3.0872     39.471    33.5106    26.1100 0.0000e+00
 182.714815     39.990  34.810072     7.9664     3.0896     39.652    33.5102    26.1094 0.0000e+00
 182.714821     40.169  34.811276     7.9667     3.0937     39.830    33.5111    26.1101 0.0000e+00
 182.714826     40.347  34.811446     7.9640     3.0703     40.006    33.5138    26.1126 0.0000e+00
 182.714832     40.527  34.810652     7.9596     3.0885     40.185    33.5171    26.1158 0.0000e+00
 182.714838     40.708  34.809918     7.9558     3.0705     40.364    33.5199    26.1185 0.0000e+00
 182.714844     40.884  34.810349     7.9541     3.0547     40.539    33.5219    26.1204 0.0000e+00
 182.714850     41.054  34.811800     7.9546     3.0644     40.707    33.5229    26.1211 0.0000e+00
 182.714855     41.219  34.813249     7.9551     3.0603     40.871    33.5239    26.1218 0.0000e+00
 182.714861     41.385  34.813668     7.9530     3.0761     41.035    33.5263    26.1240 0.0000e+00
 182.714867     41.560  34.812898     7.9489     3.0662     41.209    33.5293    26.1269 0.0000e+00
 182.714873     41.741  34.811998     7.9448     3.0507     41.388    33.5322    26.1298 0.0000e+00
 182.714878     41.924  34.811850     7.9413     3.0648     41.570    33.5353    26.1328 0.0000e+00
 182.714884     42.101  34.812097     7.9389     3.0570     41.745    33.5378    26.1351 0.0000e+00
 182.714890     42.272  34.812351     7.9384     3.0551     41.915    33.5384    26.1357 0.0000e+00
 182.714896     42.440  34.812791     7.9393     3.0610     42.081    33.5380    26.1352 0.0000e+00
 182.714902     42.601  34.813500     7.9404     3.0590     42.241    33.5376    26.1347 0.0000e+00
 182.714907     42.754  34.814273     7.9410     3.0529     42.393    33.5378    26.1348 0.0000e+00
 182.714913     42.907  34.814798     7.9406     3.0509     42.544    33.5386    26.1355 0.0000e+00
 182.714919     43.076  34.814386     7.9397     3.0550     42.712    33.5390    26.1359 0.0000e+00
 182.714925     43.262  34.812992     7.9386     3.0453     42.896    33.5385    26.1357 0.0000e+00
 182.714931     43.459  34.811859     7.9369     3.0492     43.092    33.5388    26.1362 0.0000e+00
 182.714936     43.664  34.811461     7.9352     3.0551     43.295    33.5399    26.1373 0.0000e+00
 182.714942     43.869  34.811569     7.9341     3.0648     43.498    33.5410    26.1383 0.0000e+00
 182.714948     44.059  34.812070     7.9340     3.0667     43.687    33.5415    26.1388 0.0000e+00
 182.714954     44.231  34.812813     7.9347     3.0631     43.857    33.5416    26.1387 0.0000e+00
 182.714959     44.392  34.813413     7.9356     3.0576     44.017    33.5413    26.1383 0.0000e+00
 182.714965     44.546  34.813292     7.9360     3.0557     44.169    33.5407    26.1378 0.0000e+00
 182.714971     44.695  34.812593     7.9353     3.0517     44.317    33.5405    26.1378 0.0000e+00
 182.714977     44.845  34.811808     7.9340     3.0497     44.466    33.5409    26.1383 0.0000e+00
 182.714983     45.001  34.811315     7.9336     3.0499     44.621    33.5406    26.1381 0.0000e+00
 182.714988     45.159  34.811320     7.9343     3.0439     44.777    33.5399    26.1375 0.0000e+00
 182.714994     45.318  34.811572     7.9351     3.0459     44.935    33.5393    26.1369 0.0000e+00
 182.715000     45.482  34.811592     7.9349     3.0538     45.097    33.5395    26.1370 0.0000e+00
 182.715006     45.658  34.811151     7.9340     3.0499     45.272    33.5398    26.1374 0.0000e+00
 182.715012     45.844  34.810526     7.9333     3.0504     45.456    33.5397    26.1375 0.0000e+00
 182.715017     46.031  34.810305     7.9331     3.0537     45.642    33.5395    26.1374 0.0000e+00
 182.715023     46.205  34.810496     7.9333     3.0521     45.814    33.5395    26.1373 0.0000e+00
 182.715029     46.360  34.810535     7.9336     3.0278     45.968    33.5392    26.1370 0.0000e+00
 182.715035     46.502  34.810217     7.9335     2.9160     46.109    33.5388    26.1368 0.0000e+00
 182.715041     46.635  34.809422     7.9332     2.6475     46.241    33.5382    26.1363 -9.990e-29
 182.715046     46.759  34.807955     7.9332     2.3735     46.363    33.5366    26.1351 -9.990e-29
 182.715052     46.874  34.804722     7.9335     2.2170     46.478    33.5328    26.1320 -9.990e-29
 182.715058     46.978  34.795158     7.9340     2.1927     46.581    33.5220    26.1235 -9.990e-29
 182.715064     47.069  34.766253     7.9352     2.1770     46.671    33.4899    26.0981 -9.990e-29
 182.715069     47.141  34.680330     7.9383     2.1380     46.742    33.3950    26.0231 -9.990e-29
 182.715075     47.185  34.523357     7.9432     2.2095     46.786    33.2224    25.8869 -9.990e-29
 182.715081     47.199  34.399894     7.9484     2.4089     46.800    33.0856    25.7787 -9.990e-29
 182.715087     47.184  34.361749     7.9533     2.6785     46.785    33.0402    25.7424 -9.990e-29
 182.715093     47.141  34.249187     7.9588     2.9134     46.742    32.9149    25.6432 -9.990e-29
 182.715098     47.069  34.119557     7.9640     3.0737     46.671    32.7718    25.5301 -9.990e-29
 182.715104     46.978  34.231400     7.9664     3.1126     46.581    32.8888    25.6216 -9.990e-29
 182.715110     46.878  34.472144     7.9664     3.1065     46.481    33.1458    25.8234 -9.990e-29
 182.715116     46.776  34.615544     7.9663     3.1071     46.380    33.2992    25.9438 -9.990e-29
 182.715122     46.670  34.670582     7.9662     3.0934     46.275    33.3581    25.9901 -9.990e-29
 182.715127     46.558  34.694707     7.9659     3.0968     46.164    33.3842    26.0106 -9.990e-29
 182.715133     46.441  34.707511     7.9654     3.0920     46.048    33.3985    26.0219 -9.990e-29
 182.715139     46.319  34.714051     7.9648     3.0836     45.927    33.4061    26.0279 -9.990e-29
 182.715145     46.194  34.716634     7.9643     3.0825     45.803    33.4094    26.0306 0.0000e+00
 182.715150     46.062  34.717887     7.9639     3.0653     45.672    33.4112    26.0321 0.0000e+00
 182.715156     45.915  34.718664     7.9636     3.0541     45.527    33.4124    26.0330 0.0000e+00
 182.715162     45.752  34.719185     7.9631     3.0548     45.365    33.4135    26.0340 0.0000e+00
 182.715168     45.588  34.719329     7.9623     3.0432     45.203    33.4145    26.0349 0.0000e+00
 182.715174     45.443  34.719032     7.9616     3.0432     45.059    33.4149    26.0353 -9.990e-29
 182.715179     45.324  34.718765     7.9610     3.0476     44.941    33.4152    26.0357 -9.990e-29
 182.715185     45.225  34.719036     7.9606     3.0398     44.843    33.4159    26.0363 -9.990e-29
 182.715191     45.133  34.719388     7.9603     3.0379     44.751    33.4166    26.0369 -9.990e-29
 182.715197     45.049  34.719474     7.9603     3.0381     44.668    33.4168    26.0370 -9.990e-29
 182.715203     44.971  34.719712     7.9607     3.0481     44.591    33.4167    26.0369 -9.990e-29
 182.715208     44.893  34.720164     7.9613     3.0440     44.513    33.4166    26.0367 -9.990e-29
 182.715214     44.811  34.720615     7.9614     3.0480     44.432    33.4171    26.0370 -9.990e-29
 182.715220     44.720  34.720851     7.9610     3.0502     44.342    33.4177    26.0376 -9.990e-29
 182.715226     44.619  34.720929     7.9608     3.0463     44.242    33.4181    26.0379 -9.990e-29
 182.715231     44.512  34.721258     7.9607     3.0323     44.136    33.4186    26.0383 -9.990e-29
 182.715237     44.408  34.721460     7.9606     3.0465     44.033    33.4189    26.0386 -9.990e-29
 182.715243     44.307  34.720990     7.9605     3.0484     43.932    33.4186    26.0383 -9.990e-29
 182.715249     44.212  34.720644     7.9603     3.0364     43.838    33.4184    26.0383 -9.990e-29
 182.715255     44.120  34.720825     7.9602     3.0423     43.747    33.4188    26.0385 -9.990e-29
 182.715260     44.031  34.720958     7.9602     3.0405     43.659    33.4189    26.0387 -9.990e-29
 182.715266     43.948  34.720964     7.9601     3.0464     43.577    33.4191    26.0388 -9.990e-29
 182.715272     43.868  34.721156     7.9599     3.0441     43.497    33.4195    26.0392 -9.990e-29
 182.715278     43.788  34.721533     7.9597     3.0443     43.418    33.4202    26.0397 -9.990e-29
 182.715284     43.706  34.721779     7.9595     3.0424     43.337    33.4206    26.0401 -9.990e-29
 182.715289     43.626  34.721968     7.9593     3.0363     43.257    33.4211    26.0405 -9.990e-29
 182.715295     43.546  34.722097     7.9590     3.0443     43.178    33.4215    26.0409 -9.990e-29
 182.715301     43.463  34.722079     7.9587     3.0422     43.096    33.4218    26.0412 -9.990e-29
 182.715307     43.374  34.722196     7.9585     3.0362     43.007    33.4222    26.0415 -9.990e-29
 182.715313     43.283  34.722345     7.9582     3.0364     42.917    33.4227    26.0419 -9.990e-29
 182.715318     43.192  34.722471     7.9580     3.0325     42.827    33.4231    26.0422 -9.990e-29
 182.715324     43.105  34.722485     7.9581     3.0264     42.741    33.4230    26.0422 -9.990e-29
 182.715330     43.024  34.722151     7.9584     3.0282     42.660    33.4224    26.0417 -9.990e-29
