data/oxygen options/OCNMS/OCNMS1/raw_data/2016/CAST_MB042_160815faed.cnv
* Sea-Bird SBE19 Data File:
* FileName = C:\2016 Mooring Data\Casts\Data\CAST_MB042_160815.hex
* Software Version 1.59
* Temperature SN = 2997
* Conductivity SN = 2997
* System UpLoad Time = Aug 15 2016 20:41:10
** CAST_MB042_160815
* ds
# nquan = 9                                 
# nvalues = 1304                        
# units = specified
# name 0 = timeJ: Julian Days
# name 1 = prSM: Pressure, Strain Gauge [db]
# name 2 = c0mS/cm: Conductivity [mS/cm]
# name 3 = t090C: Temperature [ITS-90, deg C]
# name 4 = sbeox0ML/L: Oxygen, SBE 43 [ml/l]
# name 5 = depSM: Depth [salt water, m], lat = 47.5
# name 6 = sal00: Salinity, Practical [PSU]
# name 7 = sigma-é00: Density [sigma-theta, kg/m^3]
# name 8 = flag: flag
# span 0 = 228.786331, 228.793872       
# span 1 =     -4.519,     42.596       
# span 2 =   0.016026,  37.594083       
# span 3 =     7.4673,    14.4838       
# span 4 =    -1.9167,    14.8750       
# span 5 =     -4.481,     42.236       
# span 6 =     0.0142,    33.7364       
# span 7 =    -0.8102,    26.3581       
# span 8 = 0.0000e+00, 0.0000e+00       
# interval = seconds: 0.5
# start_time = Aug 15 2016 18:52:19 [Instrument's time stamp, header]
# bad_flag = -9.990e-29
*END*
[from data line 161]
 228.787263     -1.484   0.016756    14.2493    -1.9043     -1.472     0.0145    -0.7778 -9.990e-29
 228.787269     -1.468   0.016757    14.2576    -1.9040     -1.456     0.0145    -0.7789 -9.990e-29
 228.787274     -1.453   0.016757    14.2626    -1.9038     -1.441     0.0145    -0.7796 -9.990e-29
 228.787280     -1.437   0.016758    14.2599    -1.9032     -1.425     0.0145    -0.7793 -9.990e-29
 228.787286     -1.424   0.016758    14.2505    -1.9025     -1.412     0.0145    -0.7779 -9.990e-29
 228.787292     -1.418   0.016758    14.2406    -1.9020     -1.406     0.0145    -0.7765 -9.990e-29
 228.787297     -1.413   0.016759    14.2341    -1.9016     -1.401     0.0145    -0.7756 -9.990e-29
 228.787303     -1.405   0.016759    14.2316    -1.9017     -1.393     0.0145    -0.7753 -9.990e-29
 228.787309     -1.397   0.016760    14.2322    -1.9023     -1.385     0.0145    -0.7753 -9.990e-29
 228.787315     -1.390   0.016760    14.2357    -1.9029     -1.378     0.0145    -0.7758 -9.990e-29
 228.787321     -1.379   0.016760    14.2416    -1.9032     -1.367     0.0145    -0.7767 -9.990e-29
 228.787326     -1.367   0.016761    14.2500    -1.9038     -1.356     0.0145    -0.7779 -9.990e-29
 228.787332     -1.357   0.016761    14.2614    -1.9040     -1.346     0.0145    -0.7795 -9.990e-29
 228.787338     -1.350   0.016762    14.2741    -1.9036     -1.339     0.0145    -0.7813 -9.990e-29
 228.787344     -1.344   0.016762    14.2847    -1.9033     -1.333     0.0145    -0.7828 -9.990e-29
 228.787350     -1.339   0.016762    14.2901    -1.9027     -1.328     0.0145    -0.7836 -9.990e-29
 228.787355     -1.335   0.016762    14.2882    -1.9024     -1.324     0.0145    -0.7833 -9.990e-29
 228.787361     -1.332   0.016762    14.2798    -1.9024     -1.321     0.0145    -0.7821 -9.990e-29
 228.787367     -1.329   0.016759    14.2689    -1.9018     -1.318     0.0145    -0.7805 -9.990e-29
 228.787373     -1.326   0.016749    14.2590    -1.9013     -1.315     0.0145    -0.7791 -9.990e-29
 228.787378     -1.319   0.016719    14.2517    -1.9005     -1.308     0.0145    -0.7781 -9.990e-29
 228.787384     -1.303   0.016628    14.2497    -1.8999     -1.292     0.0145    -0.7779 -9.990e-29
 228.787390     -1.282   0.016354    14.2539    -1.8997     -1.271     0.0143    -0.7786 -9.990e-29
 228.787396     -1.257   0.016087    14.2619    -1.8998     -1.247     0.0142    -0.7798 -9.990e-29
 228.787402     -1.233   0.016026    14.2707    -1.9012     -1.223     0.0142    -0.7811 -9.990e-29
 228.787407     -1.212   0.016088    14.2785    -1.9023     -1.202     0.0142    -0.7822 -9.990e-29
 228.787413     -1.192   0.016355    14.2862    -1.9032     -1.182     0.0143    -0.7832 -9.990e-29
 228.787419     -1.176   0.016629    14.2965    -1.9037     -1.166     0.0145    -0.7845 -9.990e-29
 228.787425     -1.163   0.016717    14.3097    -1.9034     -1.153     0.0145    -0.7864 -9.990e-29
 228.787431     -1.149   0.016739    14.3234    -1.9029     -1.139     0.0145    -0.7883 -9.990e-29
 228.787436     -1.136   0.016722    14.3336    -1.9023     -1.127     0.0145    -0.7898 -9.990e-29
 228.787442     -1.129   0.016644    14.3364    -1.9020     -1.120     0.0145    -0.7902 -9.990e-29
 228.787448     -1.122   0.016399    14.3285    -1.9016     -1.113     0.0144    -0.7892 -9.990e-29
 228.787454     -1.111   0.016214    14.3101    -1.9017     -1.102     0.0143    -0.7866 -9.990e-29
 228.787459     -1.098   0.016400    14.2884    -1.9014     -1.089     0.0144    -0.7835 -9.990e-29
 228.787465     -1.089   0.016647    14.2711    -1.9013     -1.080     0.0145    -0.7809 -9.990e-29
 228.787471     -1.082   0.016729    14.2623    -1.9014     -1.073     0.0145    -0.7796 -9.990e-29
 228.787477     -1.076   0.016757    14.2634    -1.9015     -1.067     0.0145    -0.7798 -9.990e-29
 228.787483     -1.071   0.016767    14.2711    -1.9014     -1.062     0.0145    -0.7808 -9.990e-29
 228.787488     -1.068   0.016771    14.2808    -1.9011     -1.059     0.0145    -0.7822 -9.990e-29
 228.787494     -1.065   0.016772    14.2895    -1.9009     -1.056     0.0145    -0.7835 -9.990e-29
 228.787500     -1.063   0.016773    14.2957    -1.9010     -1.054     0.0145    -0.7843 -9.990e-29
 228.787506     -1.061   0.016773    14.2998    -1.9011     -1.052     0.0145    -0.7849 -9.990e-29
 228.787512     -1.059   0.016774    14.3033    -1.9017     -1.050     0.0146    -0.7854 -9.990e-29
 228.787517     -1.058   0.016774    14.3056    -1.9024     -1.049     0.0146    -0.7858 -9.990e-29
 228.787523     -1.057   0.016775    14.3058    -1.9032     -1.048     0.0146    -0.7858 -9.990e-29
 228.787529     -1.056   0.016775    14.3056    -1.9032     -1.047     0.0146    -0.7858 -9.990e-29
 228.787535     -1.055   0.016776    14.3073    -1.9032     -1.046     0.0146    -0.7860 -9.990e-29
 228.787541     -1.054   0.016778    14.3106    -1.9029     -1.045     0.0146    -0.7865 -9.990e-29
 228.787546     -1.053   0.016783    14.3127    -1.9028     -1.044     0.0146    -0.7868 -9.990e-29
 228.787552     -1.051   0.016797    14.3115    -1.9027     -1.042     0.0146    -0.7866 -9.990e-29
 228.787558     -1.049   0.016839    14.3056    -1.9028     -1.040     0.0146    -0.7857 -9.990e-29
 228.787564     -1.047   0.016962    14.2944    -1.9030     -1.038     0.0146    -0.7841 -9.990e-29
 228.787569     -1.044   0.017333    14.2808    -1.9028     -1.035     0.0148    -0.7820 -9.990e-29
 228.787575     -1.032   0.017888    14.2703    -1.9028     -1.023     0.0151    -0.7803 -9.990e-29
 228.787581     -1.006   0.018258    14.2659    -1.9033     -0.998     0.0153    -0.7795 -9.990e-29
 228.787587     -0.976   0.018382    14.2664    -1.9040     -0.968     0.0154    -0.7795 -9.990e-29
 228.787593     -0.950   0.018424    14.2690    -1.9050     -0.942     0.0154    -0.7799 -9.990e-29
 228.787598     -0.930   0.018438    14.2712    -1.9060     -0.922     0.0154    -0.7802 -9.990e-29
 228.787604     -0.919   0.018443    14.2719    -1.9067     -0.911     0.0154    -0.7803 -9.990e-29
 228.787610     -0.913   0.018445    14.2710    -1.9066     -0.905     0.0154    -0.7802 -9.990e-29
 228.787616     -0.901   0.018447    14.2699    -1.9063     -0.893     0.0154    -0.7800 -9.990e-29
 228.787622     -0.884   0.018449    14.2691    -1.9060     -0.877     0.0154    -0.7799 -9.990e-29
 228.787627     -0.869   0.018455    14.2651    -1.9057     -0.862     0.0154    -0.7793 -9.990e-29
 228.787633     -0.859   0.018470    14.2549    -1.9050     -0.852     0.0154    -0.7779 -9.990e-29
 228.787639     -0.853   0.018517    14.2385    -1.9047     -0.846     0.0154    -0.7755 -9.990e-29
 228.787645     -0.852   0.018656    14.2187    -1.9045     -0.845     0.0155    -0.7727 -9.990e-29
 228.787650     -0.850   0.019073    14.2005    -1.9038     -0.843     0.0157    -0.7699 -9.990e-29
 228.787656     -0.844   0.019767    14.1888    -1.9032     -0.837     0.0161    -0.7680 -9.990e-29
 228.787662     -0.838   0.020553    14.1857    -1.9030     -0.831     0.0165    -0.7672 -9.990e-29
 228.787668     -0.834   0.021370    14.1889    -1.9035     -0.827     0.0169    -0.7673 -9.990e-29
 228.787674     -0.834   0.022194    14.1955    -1.9051     -0.827     0.0174    -0.7679 -9.990e-29
 228.787679     -0.832   0.023013    14.2049    -1.9063     -0.825     0.0178    -0.7689 -9.990e-29
 228.787685     -0.825   0.023808    14.2155    -1.9067     -0.818     0.0182    -0.7701 -9.990e-29
 228.787691     -0.816   0.024530    14.2248    -1.9071     -0.809     0.0186    -0.7711 -9.990e-29
 228.787697     -0.808   0.025028    14.2340    -1.9074     -0.801     0.0189    -0.7722 -9.990e-29
 228.787703     -0.802   0.025414    14.2446    -1.9077     -0.795     0.0191    -0.7735 -9.990e-29
 228.787708     -0.797   0.025646    14.2529    -1.9071     -0.790     0.0192    -0.7746 -9.990e-29
 228.787714     -0.793   0.025478    14.2530    -1.9065     -0.786     0.0191    -0.7747 -9.990e-29
 228.787720     -0.789   0.025239    14.2407    -1.9058     -0.782     0.0190    -0.7731 -9.990e-29
 228.787726     -0.785   0.025166    14.2185    -1.9053     -0.778     0.0189    -0.7699 -9.990e-29
 228.787731     -0.781   0.025161    14.1966    -1.9051     -0.774     0.0189    -0.7669 -9.990e-29
 228.787737     -0.776   0.025216    14.1813    -1.9058     -0.770     0.0190    -0.7647 -9.990e-29
 228.787743     -0.771   0.025405    14.1711    -1.9064     -0.765     0.0191    -0.7632 -9.990e-29
 228.787749     -0.765   0.025795    14.1646    -1.9067     -0.759     0.0193    -0.7621 -9.990e-29
 228.787755     -0.757   0.026350    14.1641    -1.9068     -0.751     0.0196    -0.7618 -9.990e-29
 228.787760     -0.752   0.027070    14.1709    -1.9065     -0.746     0.0200    -0.7624 -9.990e-29
 228.787766     -0.753   0.027804    14.1826    -1.9064     -0.747     0.0204    -0.7638 -9.990e-29
 228.787772     -0.757   0.028235    14.1947    -1.9064     -0.751     0.0206    -0.7653 -9.990e-29
 228.787778     -0.758   0.028383    14.2032    -1.9066     -0.752     0.0207    -0.7664 -9.990e-29
 228.787784     -0.758   0.028443    14.2041    -1.9070     -0.752     0.0207    -0.7665 -9.990e-29
 228.787789     -0.756   0.028496    14.1968    -1.9073     -0.750     0.0207    -0.7655 -9.990e-29
 228.787795     -0.751   0.028612    14.1872    -1.9077     -0.745     0.0208    -0.7641 -9.990e-29
 228.787801     -0.745   0.028944    14.1809    -1.9074     -0.739     0.0210    -0.7630 -9.990e-29
 228.787807     -0.735   0.029381    14.1791    -1.9066     -0.729     0.0212    -0.7626 -9.990e-29
 228.787813     -0.727   0.029394    14.1803    -1.9063     -0.721     0.0212    -0.7628 -9.990e-29
 228.787818     -0.724   0.028999    14.1816    -1.9065     -0.718     0.0210    -0.7631 -9.990e-29
 228.787824     -0.720   0.028780    14.1806    -1.9067     -0.714     0.0209    -0.7631 -9.990e-29
 228.787830     -0.713   0.028999    14.1764    -1.9073     -0.707     0.0210    -0.7624 -9.990e-29
 228.787836     -0.705   0.029394    14.1699    -1.9072     -0.699     0.0212    -0.7613 -9.990e-29
 228.787841     -0.700   0.029381    14.1638    -1.9065     -0.694     0.0212    -0.7605 -9.990e-29
 228.787847     -0.694   0.028941    14.1616    -1.9059     -0.688     0.0210    -0.7603 -9.990e-29
 228.787853     -0.682   0.028597    14.1659    -1.9059     -0.676     0.0208    -0.7611 -9.990e-29
 228.787859     -0.668   0.028446    14.1741    -1.9058     -0.662     0.0207    -0.7623 -9.990e-29
 228.787865     -0.654   0.028286    14.1796    -1.9062     -0.649     0.0206    -0.7631 -9.990e-29
 228.787870     -0.641   0.027904    14.1793    -1.9068     -0.636     0.0204    -0.7633 -9.990e-29
 228.787876     -0.631   0.027346    14.1753    -1.9070     -0.626     0.0201    -0.7629 -9.990e-29
 228.787882     -0.624   0.026975    14.1719    -1.9067     -0.619     0.0199    -0.7626 -9.990e-29
 228.787888     -0.616   0.026851    14.1742    -1.9062     -0.611     0.0198    -0.7630 -9.990e-29
 228.787894     -0.609   0.026810    14.1825    -1.9060     -0.604     0.0198    -0.7642 -9.990e-29
 228.787899     -0.609   0.026796    14.1908    -1.9056     -0.604     0.0198    -0.7653 -9.990e-29
 228.787905     -0.609   0.026792    14.1948    -1.9056     -0.604     0.0198    -0.7659 -9.990e-29
 228.787911     -0.607   0.026790    14.1935    -1.9054     -0.602     0.0198    -0.7657 -9.990e-29
 228.787917     -0.607   0.026789    14.1873    -1.9053     -0.602     0.0198    -0.7649 -9.990e-29
 228.787922     -0.607   0.026784    14.1802    -1.9062     -0.602     0.0198    -0.7639 -9.990e-29
 228.787928     -0.605   0.026771    14.1775    -1.9071     -0.600     0.0198    -0.7635 -9.990e-29
 228.787934     -0.600   0.026730    14.1813    -1.9078     -0.595     0.0198    -0.7640 -9.990e-29
 228.787940     -0.591   0.026607    14.1884    -1.9078     -0.586     0.0197    -0.7651 -9.990e-29
 228.787946     -0.583   0.026237    14.1953    -1.9076     -0.578     0.0195    -0.7662 -9.990e-29
 228.787951     -0.579   0.025682    14.2008    -1.9076     -0.574     0.0192    -0.7672 -9.990e-29
 228.787957     -0.574   0.025313    14.2044    -1.9080     -0.569     0.0190    -0.7679 -9.990e-29
 228.787963     -0.565   0.025190    14.2055    -1.9087     -0.560     0.0190    -0.7681 -9.990e-29
 228.787969     -0.554   0.025149    14.2008    -1.9089     -0.549     0.0189    -0.7674 -9.990e-29
 228.787975     -0.546   0.025135    14.1883    -1.9091     -0.541     0.0189    -0.7657 -9.990e-29
 228.787980     -0.539   0.025130    14.1727    -1.9089     -0.535     0.0189    -0.7635 -9.990e-29
 228.787986     -0.534   0.025127    14.1608    -1.9087     -0.530     0.0189    -0.7618 -9.990e-29
 228.787992     -0.529   0.025123    14.1557    -1.9084     -0.525     0.0189    -0.7611 -9.990e-29
 228.787998     -0.526   0.025110    14.1545    -1.9078     -0.522     0.0189    -0.7609 -9.990e-29
 228.788003     -0.523   0.025070    14.1518    -1.9074     -0.519     0.0189    -0.7606 -9.990e-29
 228.788009     -0.520   0.024951    14.1448    -1.9070     -0.516     0.0188    -0.7596 -9.990e-29
 228.788015     -0.517   0.024593    14.1358    -1.9066     -0.513     0.0186    -0.7585 -9.990e-29
 228.788021     -0.515   0.024075    14.1291    -1.9066     -0.511     0.0184    -0.7578 -9.990e-29
 228.788027     -0.512   0.023815    14.1265    -1.9071     -0.508     0.0182    -0.7575 -9.990e-29
 228.788032     -0.508   0.024021    14.1280    -1.9076     -0.504     0.0183    -0.7577 -9.990e-29
 228.788038     -0.504   0.024412    14.1332    -1.9077     -0.500     0.0185    -0.7582 -9.990e-29
 228.788044     -0.499   0.024398    14.1415    -1.9073     -0.495     0.0185    -0.7594 -9.990e-29
 228.788050     -0.493   0.023962    14.1518    -1.9068     -0.489     0.0183    -0.7610 -9.990e-29
 228.788056     -0.485   0.023632    14.1616    -1.9061     -0.481     0.0181    -0.7625 -9.990e-29
 228.788061     -0.479   0.023522    14.1695    -1.9061     -0.475     0.0181    -0.7637 -9.990e-29
 228.788067     -0.480   0.023486    14.1745    -1.9067     -0.476     0.0180    -0.7644 -9.990e-29
 228.788073     -0.482   0.023474    14.1743    -1.9075     -0.478     0.0180    -0.7644 -9.990e-29
 228.788079     -0.483   0.023470    14.1690    -1.9078     -0.479     0.0180    -0.7637 -9.990e-29
 228.788084     -0.481   0.023469    14.1634    -1.9084     -0.477     0.0180    -0.7629 -9.990e-29
 228.788090     -0.476   0.023469    14.1628    -1.9090     -0.472     0.0180    -0.7628 -9.990e-29
 228.788096     -0.469   0.023469    14.1683    -1.9092     -0.465     0.0180    -0.7636 -9.990e-29
 228.788102     -0.459   0.023469    14.1772    -1.9091     -0.455     0.0180    -0.7648 -9.990e-29
 228.788108     -0.450   0.023469    14.1839    -1.9092     -0.446     0.0180    -0.7658 -9.990e-29
 228.788113     -0.445   0.023468    14.1834    -1.9094     -0.441     0.0180    -0.7657 -9.990e-29
 228.788119     -0.439   0.023464    14.1753    -1.9093     -0.435     0.0180    -0.7645 -9.990e-29
 228.788125     -0.428   0.023450    14.1636    -1.9094     -0.424     0.0180    -0.7629 -9.990e-29
 228.788131     -0.416   0.023409    14.1517    -1.9092     -0.413     0.0180    -0.7612 -9.990e-29
 228.788137     -0.406   0.023286    14.1400    -1.9091     -0.403     0.0179    -0.7596 -9.990e-29
 228.788142     -0.397   0.022917    14.1297    -1.9094     -0.394     0.0177    -0.7584 -9.990e-29
 228.788148     -0.389   0.022362    14.1235    -1.9101     -0.386     0.0174    -0.7577 -9.990e-29
 228.788154     -0.382   0.021992    14.1207    -1.9106     -0.379     0.0172    -0.7575 -9.990e-29
 228.788160     -0.375   0.021869    14.1188    -1.9108     -0.372     0.0172    -0.7573 -9.990e-29
 228.788166     -0.367   0.021828    14.1170    -1.9110     -0.364     0.0172    -0.7570 -9.990e-29
 228.788171     -0.362   0.021814    14.1163    -1.9115     -0.359     0.0172    -0.7569 -9.990e-29
 228.788177     -0.360   0.021810    14.1169    -1.9118     -0.357     0.0171    -0.7570 -9.990e-29
