data/oxygen options/OCNMS/OCNMS1/raw_data/2016/CAST_CA015_160524faed.cnv
* Sea-Bird SBE19 Data File:
* FileName = C:\2016 Mooring Data\CAST_CA015_160524.hex
* Software Version 1.59
* Temperature SN = 2997
* Conductivity SN = 2997
* System UpLoad Time = May 24 2016 00:41:34
** CAST_CA015_160524
* ds
# nquan = 9                                 
# nvalues = 890                         
# units = specified
# name 0 = timeJ: Julian Days
# name 1 = prSM: Pressure, Strain Gauge [db]
# name 2 = c0mS/cm: Conductivity [mS/cm]
# name 3 = t090C: Temperature [ITS-90, deg C]
# name 4 = sbeox0ML/L: Oxygen, SBE 43 [ml/l]
# name 5 = depSM: Depth [salt water, m], lat = 47.5
# name 6 = sal00: Salinity, Practical [PSU]
# name 7 = sigma-é00: Density [sigma-theta, kg/m^3]
# name 8 = flag: flag
# span 0 = 145.014259, 145.019404       
# span 1 =     -5.785,     14.650       
# span 2 =   0.377691,  37.439854       
# span 3 =    10.0662,    14.9723       
# span 4 =    -1.8894,    16.9140       
# span 5 =     -5.737,     14.527       
# span 6 =     0.2285,    32.7276       
# span 7 =    -0.6784,    25.1593       
# span 8 = 0.0000e+00, 0.0000e+00       
# interval = seconds: 0.5
# start_time = May 24 2016 00:20:32 [Instrument's time stamp, header]
# bad_flag = -9.990e-29
*END*
 145.014259     -5.785 -9.990e-29    14.6820    -1.8847     -5.737 -9.990e-29 -9.990e-29 -9.990e-29
 145.014265     -5.757   0.385038    14.6772    -1.8847     -5.709     0.2330    -0.6701 -9.990e-29
 145.014271     -5.732   0.384606    14.6685    -1.8847     -5.684     0.2327    -0.6690 -9.990e-29
 145.014277     -5.709   0.384606    14.6587    -1.8854     -5.661     0.2328    -0.6675 -9.990e-29
 145.014282     -5.683   0.385038    14.6498    -1.8865     -5.636     0.2331    -0.6659 -9.990e-29
 145.014288     -5.656   0.385365    14.6441    -1.8872     -5.609     0.2334    -0.6649 -9.990e-29
 145.014294     -5.630   0.385470    14.6418    -1.8876     -5.583     0.2334    -0.6645 -9.990e-29
 145.014300     -5.604   0.385494    14.6389    -1.8881     -5.557     0.2335    -0.6641 -9.990e-29
 145.014306     -5.577   0.385469    14.6342    -1.8881     -5.531     0.2335    -0.6634 -9.990e-29
 145.014311     -5.546   0.385361    14.6297    -1.8881     -5.500     0.2334    -0.6627 -9.990e-29
 145.014317     -5.513   0.385026    14.6257    -1.8879     -5.467     0.2332    -0.6623 -9.990e-29
 145.014323     -5.482   0.384576    14.6189    -1.8874     -5.436     0.2330    -0.6615 -9.990e-29
 145.014329     -5.451   0.384521    14.6055    -1.8867     -5.406     0.2330    -0.6595 -9.990e-29
 145.014334     -5.420   0.384786    14.5876    -1.8864     -5.375     0.2333    -0.6566 -9.990e-29
 145.014340     -5.393   0.384617    14.5715    -1.8860     -5.348     0.2333    -0.6543 -9.990e-29
 145.014346     -5.368   0.383788    14.5595    -1.8857     -5.323     0.2329    -0.6529 -9.990e-29
 145.014352     -5.344   0.382859    14.5516    -1.8856     -5.299     0.2323    -0.6521 -9.990e-29
 145.014358     -5.319   0.382259    14.5484    -1.8856     -5.275     0.2320    -0.6519 -9.990e-29
 145.014363     -5.290   0.381741    14.5498    -1.8854     -5.246     0.2316    -0.6524 -9.990e-29
 145.014369     -5.257   0.381171    14.5558    -1.8855     -5.213     0.2312    -0.6536 -9.990e-29
 145.014375     -5.222   0.380902    14.5660    -1.8851     -5.178     0.2310    -0.6552 -9.990e-29
 145.014381     -5.190   0.381130    14.5776    -1.8850     -5.147     0.2311    -0.6569 -9.990e-29
 145.014387     -5.165   0.381602    14.5878    -1.8844     -5.122     0.2313    -0.6582 -9.990e-29
 145.014392     -5.145   0.381838    14.5961    -1.8840     -5.102     0.2314    -0.6593 -9.990e-29
 145.014398     -5.128   0.381598    14.6024    -1.8838     -5.085     0.2313    -0.6604 -9.990e-29
 145.014404     -5.108   0.381118    14.6066    -1.8834     -5.065     0.2309    -0.6613 -9.990e-29
 145.014410     -5.081   0.380871    14.6096    -1.8826     -5.039     0.2308    -0.6618 -9.990e-29
 145.014416     -5.049   0.381082    14.6125    -1.8822     -5.007     0.2309    -0.6622 -9.990e-29
 145.014421     -5.015   0.381479    14.6161    -1.8824     -4.973     0.2311    -0.6625 -9.990e-29
 145.014427     -4.979   0.381479    14.6212    -1.8831     -4.938     0.2311    -0.6633 -9.990e-29
 145.014433     -4.945   0.381083    14.6286    -1.8840     -4.904     0.2308    -0.6646 -9.990e-29
 145.014439     -4.910   0.380874    14.6379    -1.8839     -4.869     0.2306    -0.6661 -9.990e-29
 145.014444     -4.876   0.381128    14.6472    -1.8840     -4.835     0.2307    -0.6674 -9.990e-29
 145.014450     -4.846   0.381630    14.6564    -1.8842     -4.806     0.2310    -0.6686 -9.990e-29
 145.014456     -4.816   0.381941    14.6671    -1.8838     -4.776     0.2311    -0.6700 -9.990e-29
 145.014462     -4.787   0.381918    14.6782    -1.8832     -4.747     0.2310    -0.6717 -9.990e-29
 145.014468     -4.755   0.381533    14.6845    -1.8825     -4.715     0.2308    -0.6729 -9.990e-29
 145.014473     -4.719   0.380828    14.6820    -1.8818     -4.680     0.2303    -0.6728 -9.990e-29
 145.014479     -4.680   0.379975    14.6721    -1.8811     -4.641     0.2299    -0.6717 -9.990e-29
 145.014485     -4.645   0.378946    14.6614    -1.8807     -4.606     0.2293    -0.6706 -9.990e-29
 145.014491     -4.616   0.378034    14.6554    -1.8817     -4.578     0.2287    -0.6701 -9.990e-29
 145.014497     -4.590   0.377691    14.6530    -1.8827     -4.552     0.2285    -0.6699 -9.990e-29
 145.014502     -4.567   0.378015    14.6541    -1.8831     -4.529     0.2287    -0.6699 -9.990e-29
 145.014508     -4.545   0.378884    14.6614    -1.8831     -4.507     0.2292    -0.6706 -9.990e-29
 145.014514     -4.522   0.379790    14.6740    -1.8830     -4.484     0.2297    -0.6721 -9.990e-29
 145.014520     -4.497   0.380275    14.6888    -1.8825     -4.460     0.2299    -0.6741 -9.990e-29
 145.014525     -4.469   0.380433    14.7037    -1.8825     -4.432     0.2300    -0.6763 -9.990e-29
 145.014531     -4.435   0.380475    14.7153    -1.8824     -4.398     0.2299    -0.6781 -9.990e-29
 145.014537     -4.398   0.380458    14.7172    -1.8825     -4.361     0.2299    -0.6784 -9.990e-29
 145.014543     -4.364   0.380359    14.7071    -1.8825     -4.328     0.2299    -0.6769 -9.990e-29
 145.014549     -4.335   0.380045    14.6926    -1.8823     -4.299     0.2298    -0.6748 -9.990e-29
 145.014554     -4.309   0.379655    14.6824    -1.8820     -4.273     0.2296    -0.6734 -9.990e-29
 145.014560     -4.285   0.379779    14.6789    -1.8818     -4.249     0.2297    -0.6729 -9.990e-29
 145.014566     -4.261   0.381139    14.6808    -1.8819     -4.225     0.2305    -0.6725 -9.990e-29
 145.014572     -4.235   0.383882    14.6847    -1.8824     -4.200     0.2322    -0.6718 -9.990e-29
 145.014578     -4.206   0.387224    14.6873    -1.8825     -4.171     0.2343    -0.6705 -9.990e-29
 145.014583     -4.176   0.390624    14.6879    -1.8826     -4.141     0.2364    -0.6690 -9.990e-29
 145.014589     -4.148   0.395285    14.6879    -1.8826     -4.113     0.2393    -0.6668 -9.990e-29
 145.014595     -4.120   0.401313    14.6892    -1.8825     -4.086     0.2430    -0.6641 -9.990e-29
 145.014601     -4.094   0.406197    14.6925    -1.8823     -4.060     0.2460    -0.6622 -9.990e-29
 145.014606     -4.073   0.409230    14.6966    -1.8820     -4.039     0.2479    -0.6614 -9.990e-29
 145.014612     -4.056   0.411123    14.6984    -1.8815     -4.022     0.2490    -0.6607 -9.990e-29
 145.014618     -4.041   0.412736    14.6958    -1.8809     -4.007     0.2500    -0.6596 -9.990e-29
 145.014624     -4.028   0.415110    14.6902    -1.8806     -3.994     0.2516    -0.6576 -9.990e-29
 145.014630     -4.015   0.418079    14.6856    -1.8803     -3.982     0.2534    -0.6554 -9.990e-29
 145.014635     -4.003   0.421160    14.6835    -1.8801     -3.970     0.2554    -0.6536 -9.990e-29
 145.014641     -3.990   0.423465    14.6839    -1.8796     -3.957     0.2568    -0.6526 -9.990e-29
 145.014647     -3.975   0.424181    14.6867    -1.8795     -3.942     0.2572    -0.6527 -9.990e-29
 145.014653     -3.957   0.423705    14.6920    -1.8802     -3.924     0.2569    -0.6537 -9.990e-29
 145.014659     -3.936   0.423072    14.7000    -1.8808     -3.903     0.2564    -0.6552 -9.990e-29
 145.014664     -3.913   0.423103    14.7104    -1.8811     -3.880     0.2564    -0.6568 -9.990e-29
 145.014670     -3.893   0.423840    14.7215    -1.8811     -3.861     0.2568    -0.6581 -9.990e-29
 145.014676     -3.870   0.424601    14.7312    -1.8808     -3.838     0.2572    -0.6593 -9.990e-29
 145.014682     -3.841   0.424736    14.7390    -1.8803     -3.809     0.2572    -0.6604 -9.990e-29
 145.014688     -3.814   0.424425    14.7460    -1.8798     -3.782     0.2570    -0.6616 -9.990e-29
 145.014693     -3.791   0.424365    14.7512    -1.8791     -3.759     0.2569    -0.6624 -9.990e-29
 145.014699     -3.771   0.424476    14.7503    -1.8783     -3.740     0.2570    -0.6622 -9.990e-29
 145.014705     -3.753   0.424350    14.7422    -1.8777     -3.722     0.2570    -0.6611 -9.990e-29
 145.014711     -3.735   0.424375    14.7324    -1.8772     -3.704     0.2571    -0.6595 -9.990e-29
 145.014716     -3.716   0.425141    14.7263    -1.8767     -3.685     0.2576    -0.6582 -9.990e-29
 145.014722     -3.699   0.426558    14.7259    -1.8766     -3.668     0.2585    -0.6575 -9.990e-29
 145.014728     -3.688   0.427742    14.7315    -1.8767     -3.657     0.2592    -0.6578 -9.990e-29
 145.014734     -3.677   0.428048    14.7417    -1.8766     -3.646     0.2593    -0.6592 -9.990e-29
 145.014740     -3.662   0.427886    14.7552    -1.8758     -3.631     0.2591    -0.6613 -9.990e-29
 145.014745     -3.642   0.428151    14.7709    -1.8750     -3.612     0.2592    -0.6636 -9.990e-29
 145.014751     -3.615   0.429198    14.7871    -1.8746     -3.585     0.2597    -0.6656 -9.990e-29
 145.014757     -3.584   0.430756    14.8019    -1.8746     -3.554     0.2606    -0.6671 -9.990e-29
 145.014763     -3.555   0.432681    14.8143    -1.8743     -3.525     0.2617    -0.6681 -9.990e-29
 145.014769     -3.532   0.434764    14.8234    -1.8741     -3.503     0.2629    -0.6685 -9.990e-29
 145.014774     -3.511   0.436453    14.8288    -1.8739     -3.482     0.2640    -0.6685 -9.990e-29
 145.014780     -3.493   0.437779    14.8328    -1.8738     -3.464     0.2647    -0.6685 -9.990e-29
 145.014786     -3.476   0.439399    14.8399    -1.8738     -3.447     0.2657    -0.6688 -9.990e-29
 145.014792     -3.459   0.441255    14.8524    -1.8737     -3.430     0.2668    -0.6699 -9.990e-29
 145.014797     -3.440   0.442490    14.8662    -1.8741     -3.411     0.2675    -0.6714 -9.990e-29
 145.014803     -3.424   0.443086    14.8763    -1.8751     -3.395     0.2678    -0.6727 -9.990e-29
 145.014809     -3.412   0.443837    14.8825    -1.8756     -3.384     0.2682    -0.6733 -9.990e-29
 145.014815     -3.400   0.444633    14.8877    -1.8756     -3.372     0.2687    -0.6737 -9.990e-29
 145.014821     -3.384   0.444870    14.8928    -1.8757     -3.356     0.2688    -0.6744 -9.990e-29
 145.014826     -3.362   0.444867    14.8970    -1.8760     -3.334     0.2687    -0.6751 -9.990e-29
 145.014832     -3.337   0.445731    14.8991    -1.8765     -3.309     0.2693    -0.6750 -9.990e-29
 145.014838     -3.315   0.448614    14.8985    -1.8766     -3.287     0.2711    -0.6735 -9.990e-29
 145.014844     -3.300   0.453473    14.8947    -1.8761     -3.272     0.2741    -0.6706 -9.990e-29
 145.014850     -3.287   0.457904    14.8856    -1.8757     -3.260     0.2769    -0.6670 -9.990e-29
 145.014855     -3.270   0.459487    14.8725    -1.8751     -3.243     0.2780    -0.6642 -9.990e-29
 145.014861     -3.252   0.458666    14.8614    -1.8749     -3.225     0.2775    -0.6629 -9.990e-29
 145.014867     -3.238   0.457678    14.8544    -1.8744     -3.211     0.2770    -0.6623 -9.990e-29
 145.014873     -3.225   0.458539    14.8488    -1.8752     -3.198     0.2776    -0.6610 -9.990e-29
 145.014878     -3.209   0.461288    14.8427    -1.8762     -3.182     0.2793    -0.6587 -9.990e-29
 145.014884     -3.184   0.464038    14.8375    -1.8764     -3.157     0.2811    -0.6566 -9.990e-29
 145.014890     -3.153   0.466014    14.8371    -1.8761     -3.127     0.2823    -0.6556 -9.990e-29
 145.014896     -3.124   0.468184    14.8428    -1.8759     -3.098     0.2836    -0.6554 -9.990e-29
 145.014902     -3.101   0.470667    14.8517    -1.8760     -3.075     0.2851    -0.6556 -9.990e-29
 145.014907     -3.089   0.472330    14.8603    -1.8760     -3.063     0.2861    -0.6561 -9.990e-29
 145.014913     -3.082   0.473172    14.8665    -1.8758     -3.056     0.2865    -0.6567 -9.990e-29
 145.014919     -3.071   0.474870    14.8669    -1.8756     -3.045     0.2876    -0.6559 -9.990e-29
 145.014925     -3.056   0.478025    14.8582    -1.8753     -3.031     0.2896    -0.6530 -9.990e-29
 145.014931     -3.044   0.480736    14.8456    -1.8751     -3.019     0.2914    -0.6498 -9.990e-29
 145.014936     -3.038   0.481619    14.8383    -1.8746     -3.013     0.2920    -0.6482 -9.990e-29
 145.014942     -3.035   0.482408    14.8379    -1.8747     -3.010     0.2925    -0.6478 -9.990e-29
 145.014948     -3.025   0.485266    14.8395    -1.8752     -3.000     0.2943    -0.6466 -9.990e-29
 145.014954     -3.007   0.489561    14.8403    -1.8750     -2.982     0.2970    -0.6447 -9.990e-29
 145.014959     -2.989   0.493250    14.8419    -1.8746     -2.964     0.2992    -0.6431 -9.990e-29
 145.014965     -2.975   0.495144    14.8455    -1.8745     -2.950     0.3004    -0.6428 -9.990e-29
 145.014971     -2.962   0.495548    14.8501    -1.8743     -2.937     0.3006    -0.6433 -9.990e-29
 145.014977     -2.951   0.496666    14.8550    -1.8742     -2.926     0.3013    -0.6435 -9.990e-29
 145.014983     -2.941   0.500360    14.8605    -1.8739     -2.916     0.3036    -0.6426 -9.990e-29
 145.014988     -2.931   0.505452    14.8652    -1.8739     -2.907     0.3067    -0.6409 -9.990e-29
 145.014994     -2.920   0.509109    14.8662    -1.8737     -2.896     0.3090    -0.6392 -9.990e-29
 145.015000     -2.908   0.509538    14.8647    -1.8734     -2.884     0.3093    -0.6388 -9.990e-29
 145.015006     -2.894   0.508234    14.8656    -1.8731     -2.870     0.3084    -0.6396 -9.990e-29
 145.015012     -2.877   0.508454    14.8694    -1.8729     -2.853     0.3085    -0.6401 -9.990e-29
 145.015017     -2.856   0.511049    14.8737    -1.8731     -2.832     0.3101    -0.6395 -9.990e-29
 145.015023     -2.829   0.514481    14.8778    -1.8733     -2.805     0.3123    -0.6385 -9.990e-29
 145.015029     -2.800   0.517773    14.8821    -1.8735     -2.777     0.3143    -0.6375 -9.990e-29
 145.015035     -2.775   0.521425    14.8864    -1.8737     -2.752     0.3165    -0.6364 -9.990e-29
 145.015041     -2.756   0.525312    14.8905    -1.8736     -2.733     0.3189    -0.6352 -9.990e-29
 145.015046     -2.743   0.527952    14.8949    -1.8733     -2.720     0.3206    -0.6346 -9.990e-29
 145.015052     -2.734   0.528977    14.8995    -1.8732     -2.711     0.3212    -0.6348 -9.990e-29
 145.015058     -2.729   0.530866    14.9028    -1.8727     -2.706     0.3223    -0.6344 -9.990e-29
 145.015064     -2.724   0.536691    14.9036    -1.8722     -2.701     0.3260    -0.6317 -9.990e-29
 145.015069     -2.713   0.545891    14.9014    -1.8723     -2.690     0.3317    -0.6269 -9.990e-29
 145.015075     -2.701   0.554073    14.8977    -1.8718     -2.678     0.3369    -0.6223 -9.990e-29
 145.015081     -2.691   0.557710    14.8942    -1.8713     -2.669     0.3392    -0.6200 -9.990e-29
 145.015087     -2.682   0.557763    14.8921    -1.8710     -2.660     0.3393    -0.6197 -9.990e-29
 145.015093     -2.674   0.557636    14.8928    -1.8707     -2.652     0.3392    -0.6198 -9.990e-29
 145.015098     -2.666   0.559379    14.8965    -1.8703     -2.644     0.3403    -0.6196 -9.990e-29
 145.015104     -2.658   0.562540    14.9029    -1.8700     -2.636     0.3422    -0.6190 -9.990e-29
 145.015110     -2.649   0.564668    14.9118    -1.8701     -2.627     0.3434    -0.6194 -9.990e-29
 145.015116     -2.638   0.564159    14.9201    -1.8702     -2.616     0.3431    -0.6210 -9.990e-29
 145.015122     -2.625   0.562557    14.9266    -1.8704     -2.603     0.3420    -0.6228 -9.990e-29
 145.015127     -2.610   0.562722    14.9340    -1.8707     -2.588     0.3420    -0.6238 -9.990e-29
 145.015133     -2.590   0.566538    14.9430    -1.8709     -2.568     0.3444    -0.6234 -9.990e-29
 145.015139     -2.566   0.572984    14.9519    -1.8711     -2.545     0.3483    -0.6217 -9.990e-29
 145.015145     -2.539   0.578440    14.9601    -1.8714     -2.518     0.3517    -0.6203 -9.990e-29
 145.015150     -2.516   0.581295    14.9669    -1.8718     -2.495     0.3534    -0.6200 -9.990e-29
 145.015156     -2.501   0.583135    14.9712    -1.8722     -2.480     0.3545    -0.6198 -9.990e-29
 145.015162     -2.488   0.585303    14.9723    -1.8721     -2.467     0.3559    -0.6189 -9.990e-29
 145.015168     -2.471   0.587357    14.9703    -1.8722     -2.450     0.3572    -0.6176 -9.990e-29
 145.015174     -2.455   0.588704    14.9657    -1.8721     -2.435     0.3581    -0.6162 -9.990e-29
 145.015179     -2.442   0.590028    14.9596    -1.8721     -2.422     0.3590    -0.6146 -9.990e-29
