data/oxygen options/ONMS/Olympic_Coast_National_Marine_Sanctuary_CTD_Data_2005_2023/raw_data/2018/CAST_TH042_180710faed.cnv
* Sea-Bird SBE19 Data File:
* FileName = C:\2018 Mooring Data\Casts\CAST_TH042_180710.hex
* Software Version 1.59
* Temperature SN = 2997
* Conductivity SN = 2997
* System UpLoad Time = Jul 10 2018 22:54:10
** CAST_TH042_180710
* ds
# nquan = 9                                 
# nvalues = 950                         
# units = specified
# name 0 = timeJ: Julian Days
# name 1 = prSM: Pressure, Strain Gauge [db]
# name 2 = c0mS/cm: Conductivity [mS/cm]
# name 3 = t090C: Temperature [ITS-90, deg C]
# name 4 = sbeox0ML/L: Oxygen, SBE 43 [ml/l]
# name 5 = depSM: Depth [salt water, m], lat = 47.5
# name 6 = sal00: Salinity, Practical [PSU]
# name 7 = sigma-é00: Density [sigma-theta, kg/m^3]
# name 8 = flag: flag
# span 0 = 191.902593, 191.908084       
# span 1 =     -5.218,     42.630       
# span 2 =   0.420907,  40.038604       
# span 3 =     8.2897,    17.8858       
# span 4 =    -1.7823,    17.4724       
# span 5 =     -5.175,     42.270       
# span 6 =     0.2368,    33.6168       
# span 7 =    -1.1946,    26.1431       
# span 8 = 0.0000e+00, 0.0000e+00       
# interval = seconds: 0.5
# start_time = Jul 10 2018 21:39:44 [Instrument's time stamp, header]
# bad_flag = -9.990e-29
*END*
[from data line 321]
 191.904450     -0.622   0.833624    17.1948    -1.7701     -0.617     0.4865    -0.8832 -9.990e-29
 191.904456     -0.619   0.832413    17.1929    -1.7700     -0.614     0.4858    -0.8835 -9.990e-29
 191.904462     -0.616   0.830370    17.1874    -1.7699     -0.611     0.4846    -0.8834 -9.990e-29
 191.904468     -0.611   0.826432    17.1790    -1.7699     -0.606     0.4823    -0.8837 -9.990e-29
 191.904473     -0.606   0.821443    17.1697    -1.7698     -0.601     0.4794    -0.8843 -9.990e-29
 191.904479     -0.600   0.817616    17.1629    -1.7697     -0.595     0.4771    -0.8848 -9.990e-29
 191.904485     -0.596   0.816496    17.1609    -1.7697     -0.591     0.4765    -0.8849 -9.990e-29
 191.904491     -0.598   0.817700    17.1619    -1.7695     -0.593     0.4772    -0.8846 -9.990e-29
 191.904497     -0.603   0.818951    17.1632    -1.7691     -0.598     0.4779    -0.8842 -9.990e-29
 191.904502     -0.607   0.818040    17.1644    -1.7690     -0.602     0.4774    -0.8849 -9.990e-29
 191.904508     -0.609   0.814859    17.1663    -1.7691     -0.604     0.4754    -0.8867 -9.990e-29
 191.904514     -0.611   0.811260    17.1688    -1.7691     -0.606     0.4732    -0.8888 -9.990e-29
 191.904520     -0.611   0.808538    17.1715    -1.7693     -0.606     0.4715    -0.8906 -9.990e-29
 191.904525     -0.610   0.806389    17.1745    -1.7697     -0.605     0.4702    -0.8922 -9.990e-29
 191.904531     -0.608   0.804165    17.1773    -1.7701     -0.603     0.4688    -0.8937 -9.990e-29
 191.904537     -0.605   0.801671    17.1804    -1.7703     -0.600     0.4673    -0.8954 -9.990e-29
 191.904543     -0.601   0.799459    17.1849    -1.7702     -0.596     0.4659    -0.8973 -9.990e-29
 191.904549     -0.594   0.798456    17.1903    -1.7704     -0.589     0.4652    -0.8988 -9.990e-29
 191.904554     -0.586   0.798432    17.1939    -1.7705     -0.581     0.4652    -0.8995 -9.990e-29
 191.904560     -0.575   0.797691    17.1945    -1.7705     -0.570     0.4647    -0.8999 -9.990e-29
 191.904566     -0.565   0.795246    17.1925    -1.7705     -0.560     0.4633    -0.9007 -9.990e-29
 191.904572     -0.560   0.791715    17.1874    -1.7705     -0.555     0.4612    -0.9014 -9.990e-29
 191.904578     -0.555   0.788484    17.1796    -1.7705     -0.550     0.4593    -0.9014 -9.990e-29
 191.904583     -0.545   0.786784    17.1720    -1.7705     -0.540     0.4584    -0.9008 -9.990e-29
 191.904589     -0.530   0.786567    17.1672    -1.7707     -0.526     0.4583    -0.9000 -9.990e-29
 191.904595     -0.514   0.786433    17.1649    -1.7711     -0.510     0.4582    -0.8997 -9.990e-29
 191.904601     -0.498   0.785095    17.1630    -1.7713     -0.494     0.4575    -0.8999 -9.990e-29
 191.904606     -0.483   0.782431    17.1611    -1.7714     -0.479     0.4559    -0.9008 -9.990e-29
 191.904612     -0.472   0.779322    17.1598    -1.7713     -0.468     0.4540    -0.9020 -9.990e-29
 191.904618     -0.468   0.777160    17.1596    -1.7712     -0.464     0.4527    -0.9030 -9.990e-29
 191.904624     -0.467   0.776388    17.1597    -1.7713     -0.463     0.4522    -0.9034 -9.990e-29
 191.904630     -0.464   0.775976    17.1590    -1.7715     -0.460     0.4520    -0.9034 -9.990e-29
 191.904635     -0.463   0.774819    17.1571    -1.7717     -0.459     0.4513    -0.9036 -9.990e-29
 191.904641     -0.465   0.772482    17.1531    -1.7717     -0.461     0.4499    -0.9040 -9.990e-29
 191.904647     -0.465   0.769172    17.1472    -1.7718     -0.461     0.4480    -0.9044 -9.990e-29
 191.904653     -0.468   0.765462    17.1421    -1.7718     -0.464     0.4458    -0.9052 -9.990e-29
 191.904659     -0.474   0.762502    17.1394    -1.7719     -0.470     0.4441    -0.9061 -9.990e-29
 191.904664     -0.478   0.761328    17.1388    -1.7718     -0.474     0.4434    -0.9065 -9.990e-29
 191.904670     -0.481   0.761483    17.1388    -1.7717     -0.477     0.4435    -0.9064 -9.990e-29
 191.904676     -0.479   0.761513    17.1377    -1.7718     -0.475     0.4435    -0.9062 -9.990e-29
 191.904682     -0.473   0.760348    17.1350    -1.7720     -0.469     0.4428    -0.9063 -9.990e-29
 191.904687     -0.464   0.758094    17.1320    -1.7725     -0.460     0.4415    -0.9068 -9.990e-29
 191.904693     -0.455   0.755624    17.1301    -1.7730     -0.451     0.4400    -0.9075 -9.990e-29
 191.904699     -0.442   0.753524    17.1289    -1.7732     -0.438     0.4388    -0.9083 -9.990e-29
 191.904705     -0.427   0.751765    17.1280    -1.7735     -0.423     0.4377    -0.9090 -9.990e-29
 191.904711     -0.411   0.750215    17.1276    -1.7736     -0.408     0.4368    -0.9096 -9.990e-29
 191.904716     -0.400   0.749026    17.1278    -1.7737     -0.397     0.4361    -0.9102 -9.990e-29
 191.904722     -0.390   0.748274    17.1274    -1.7741     -0.387     0.4356    -0.9105 -9.990e-29
 191.904728     -0.383   0.747508    17.1247    -1.7746     -0.380     0.4352    -0.9103 -9.990e-29
 191.904734     -0.377   0.746260    17.1185    -1.7750     -0.374     0.4345    -0.9098 -9.990e-29
 191.904740     -0.373   0.744528    17.1090    -1.7755     -0.370     0.4335    -0.9088 -9.990e-29
 191.904745     -0.370   0.742773    17.0989    -1.7759     -0.367     0.4326    -0.9078 -9.990e-29
 191.904751     -0.367   0.741426    17.0904    -1.7760     -0.364     0.4319    -0.9068 -9.990e-29
 191.904757     -0.365   0.740350    17.0839    -1.7759     -0.362     0.4313    -0.9061 -9.990e-29
 191.904763     -0.363   0.739220    17.0786    -1.7758     -0.360     0.4306    -0.9057 -9.990e-29
 191.904769     -0.362   0.737635    17.0723    -1.7757     -0.359     0.4297    -0.9053 -9.990e-29
 191.904774     -0.360   0.735698    17.0627    -1.7758     -0.357     0.4287    -0.9044 -9.990e-29
 191.904780     -0.359   0.734149    17.0508    -1.7759     -0.356     0.4279    -0.9030 -9.990e-29
 191.904786     -0.359   0.733139    17.0386    -1.7759     -0.356     0.4274    -0.9012 -9.990e-29
 191.904792     -0.358   0.731874    17.0273    -1.7763     -0.355     0.4267    -0.8997 -9.990e-29
 191.904797     -0.357   0.729774    17.0189    -1.7765     -0.354     0.4255    -0.8992 -9.990e-29
 191.904803     -0.356   0.727366    17.0148    -1.7767     -0.353     0.4241    -0.8995 -9.990e-29
 191.904809     -0.355   0.725870    17.0147    -1.7767     -0.352     0.4232    -0.9002 -9.990e-29
 191.904815     -0.354   0.726062    17.0163    -1.7768     -0.351     0.4233    -0.9004 -9.990e-29
 191.904821     -0.353   0.727087    17.0171    -1.7770     -0.350     0.4239    -0.9001 -9.990e-29
 191.904826     -0.351   0.727543    17.0157    -1.7770     -0.348     0.4242    -0.8996 -9.990e-29
 191.904832     -0.348   0.727483    17.0117    -1.7769     -0.345     0.4242    -0.8989 -9.990e-29
 191.904838     -0.345   0.729041    17.0050    -1.7771     -0.342     0.4252    -0.8970 -9.990e-29
 191.904844     -0.342   0.737620    16.9970    -1.7776     -0.339     0.4305    -0.8915 -9.990e-29
 191.904850     -0.337   0.752466    16.9897    -1.7783     -0.334     0.4396    -0.8833 -9.990e-29
 191.904855     -0.331   0.764010    16.9845    -1.7786     -0.328     0.4466    -0.8769 -9.990e-29
 191.904861     -0.328   0.769915    16.9809    -1.7790     -0.325     0.4502    -0.8735 -9.990e-29
 191.904867     -0.331   0.773620    16.9778    -1.7795     -0.328     0.4525    -0.8712 -9.990e-29
 191.904873     -0.337   0.776185    16.9749    -1.7798     -0.334     0.4541    -0.8695 -9.990e-29
 191.904878     -0.341   0.778261    16.9727    -1.7804     -0.338     0.4554    -0.8681 -9.990e-29
 191.904884     -0.345   0.780398    16.9698    -1.7809     -0.342     0.4567    -0.8666 -9.990e-29
 191.904890     -0.347   0.782673    16.9628    -1.7813     -0.344     0.4582    -0.8642 -9.990e-29
 191.904896     -0.349   0.784797    16.9504    -1.7812     -0.346     0.4596    -0.8610 -9.990e-29
 191.904902     -0.350   0.787383    16.9355    -1.7810     -0.347     0.4613    -0.8571 -9.990e-29
 191.904907     -0.351   0.791664    16.9217    -1.7808     -0.348     0.4641    -0.8525 -9.990e-29
 191.904913     -0.351   0.797252    16.9091    -1.7806     -0.348     0.4676    -0.8476 -9.990e-29
 191.904919     -0.350   0.802179    16.8966    -1.7802     -0.347     0.4708    -0.8430 -9.990e-29
 191.904925     -0.350   0.805255    16.8839    -1.7800     -0.347     0.4728    -0.8393 -9.990e-29
 191.904931     -0.348   0.807256    16.8703    -1.7798     -0.345     0.4742    -0.8359 -9.990e-29
 191.904936     -0.347   0.809740    16.8574    -1.7797     -0.344     0.4758    -0.8323 -9.990e-29
 191.904942     -0.344   0.813803    16.8490    -1.7797     -0.341     0.4784    -0.8289 -9.990e-29
 191.904948     -0.341   0.818769    16.8471    -1.7800     -0.338     0.4815    -0.8262 -9.990e-29
 191.904954     -0.336   0.822947    16.8499    -1.7801     -0.333     0.4840    -0.8248 -9.990e-29
 191.904959     -0.330   0.825812    16.8551    -1.7802     -0.327     0.4857    -0.8244 -9.990e-29
 191.904965     -0.322   0.827303    16.8620    -1.7803     -0.319     0.4865    -0.8249 -9.990e-29
 191.904971     -0.312   0.827747    16.8698    -1.7803     -0.309     0.4867    -0.8261 -9.990e-29
 191.904977     -0.300   0.827735    16.8768    -1.7804     -0.297     0.4866    -0.8274 -9.990e-29
 191.904983     -0.287   0.827250    16.8814    -1.7807     -0.285     0.4862    -0.8285 -9.990e-29
 191.904988     -0.279   0.826200    16.8838    -1.7806     -0.277     0.4856    -0.8294 -9.990e-29
 191.904994     -0.270   0.824845    16.8836    -1.7806     -0.268     0.4847    -0.8300 -9.990e-29
 191.905000     -0.255   0.823595    16.8811    -1.7806     -0.253     0.4840    -0.8302 -9.990e-29
 191.905006     -0.238   0.823001    16.8779    -1.7810     -0.236     0.4837    -0.8298 -9.990e-29
 191.905012     -0.227   0.823375    16.8750    -1.7817     -0.225     0.4840    -0.8291 -9.990e-29
 191.905017     -0.224   0.823556    16.8723    -1.7823     -0.222     0.4841    -0.8286 -9.990e-29
 191.905023     -0.226   0.822122    16.8697    -1.6252     -0.224     0.4832    -0.8288 -9.990e-29
 191.905029     -0.223   0.819929    16.8666    -1.5002     -0.221     0.4819    -0.8292 -9.990e-29
 191.905035     -0.212   0.819593    16.8633    -1.5176     -0.210     0.4818    -0.8288 -9.990e-29
 191.905041     -0.196   0.823437    16.8605    -1.5254     -0.194     0.4842    -0.8265 -9.990e-29
 191.905046     -0.178   0.834368    16.8568    -1.5314     -0.177     0.4909    -0.8207 -9.990e-29
 191.905052     -0.153   0.862529    16.8486    -1.5365     -0.152     0.5082    -0.8059 -9.990e-29
 191.905058     -0.119   0.939927    16.8280    -1.5368     -0.118     0.5560    -0.7656 -9.990e-29
 191.905064     -0.083   1.165325    16.7804    -1.5344     -0.082     0.6965    -0.6493 -9.990e-29
 191.905069     -0.047   1.838146    16.6652    -1.5341     -0.047     1.1259    -0.2994 -9.990e-29
 191.905075     -0.008   3.853821    16.3491    -1.5337     -0.008     2.4809     0.7946 -9.990e-29
 191.905081      0.036   9.894930    15.8061    -1.5342      0.036     6.8938     4.2665 -9.990e-29
 191.905087      0.088  21.046017    15.2852    -1.5348      0.087    15.8293    11.1943 -9.990e-29
 191.905093      0.151  31.883158    14.9440    -1.5344      0.150    25.1916    18.4367 -9.990e-29
 191.905098      0.225  37.365928    14.7029    -1.5307      0.223    30.2200    22.3524 -9.990e-29
 191.905104      0.302  38.971504    14.5078    -1.5306      0.299    31.8277    23.6317 -9.990e-29
 191.905110      0.373  39.434494    14.4134    -1.5317      0.370    32.3279    24.0372 -9.990e-29
 191.905116      0.435  39.660706    14.4315    -1.5317      0.431    32.5194    24.1811 -9.990e-29
 191.905122      0.484  39.793717    14.4729    -1.5328      0.480    32.6061    24.2393 -9.990e-29
 191.905127      0.518  39.791234    14.4778    -1.5329      0.514    32.5997    24.2333 -9.990e-29
 191.905133      0.538  39.747997    14.4731    -1.5342      0.534    32.5642    24.2069 -9.990e-29
 191.905139      0.547  39.760431    14.4895    -1.5322      0.542    32.5617    24.2015 -9.990e-29
 191.905145      0.545  39.768913    14.5151    -1.5308      0.540    32.5480    24.1855 -9.990e-29
 191.905150      0.532  39.737118    14.5303    -1.5286      0.528    32.5062    24.1501 -9.990e-29
 191.905156      0.511  39.759911    14.5216    -1.5294      0.507    32.5343    24.1736 -9.990e-29
 191.905162      0.495  39.858158    14.4918    -1.5316      0.491    32.6491    24.2684 -9.990e-29
 191.905168      0.489  39.948276    14.4596    -1.5320      0.485    32.7586    24.3597 -9.990e-29
 191.905174      0.490  40.005307    14.4446    -1.5317      0.486    32.8235    24.4129 -9.990e-29
 191.905179      0.494  40.038604    14.4665    -1.5305      0.490    32.8354    24.4174 -9.990e-29
 191.905185      0.496  40.021951    14.5230    -1.5289      0.492    32.7723    24.3569 -9.990e-29
 191.905191      0.492  39.921926    14.5850    -1.5286      0.488    32.6288    24.2331 -9.990e-29
 191.905197      0.487  39.783881    14.6224    -1.5280      0.483    32.4717    24.1041 -9.990e-29
 191.905203      0.484  39.717899    14.6249    -1.5272      0.480    32.4096    24.0557 -9.990e-29
 191.905208      0.483  39.760949    14.6062    -1.5267      0.479    32.4644    24.1019 -9.990e-29
 191.905214      0.479  39.849979    14.5933    -1.5267      0.475    32.5563    24.1754 -9.990e-29
 191.905220      0.470  39.882385    14.6011    -1.5285      0.466    32.5793    24.1915 -9.990e-29
 191.905226      0.457  39.830768    14.6256    -1.5290      0.453    32.5117    24.1343 -9.990e-29
 191.905231      0.444  39.763558    14.6576    -1.5276      0.440    32.4239    24.0597 -9.990e-29
 191.905237      0.431  39.731201    14.6859    -1.5267      0.427    32.3709    24.0129 -9.990e-29
 191.905243      0.417  39.740412    14.7023    -1.5274      0.414    32.3656    24.0053 -9.990e-29
 191.905249      0.404  39.775461    14.7066    -1.5281      0.401    32.3938    24.0262 -9.990e-29
 191.905255      0.402  39.819771    14.7036    -1.5292      0.399    32.4366    24.0598 -9.990e-29
 191.905260      0.409  39.880312    14.7028    -1.5291      0.406    32.4922    24.1028 -9.990e-29
 191.905266      0.418  39.950396    14.7097    -1.5285      0.415    32.5501    24.1460 -9.990e-29
 191.905272      0.425  39.985635    14.7182    -1.5299      0.421    32.5750    24.1634 -9.990e-29
 191.905278      0.430  39.945603    14.7208    -1.5302      0.426    32.5365    24.1331 -9.990e-29
 191.905284      0.434  39.863760    14.7169    -1.5300      0.430    32.4654    24.0792 -9.990e-29
 191.905289      0.436  39.834353    14.7056    -1.5280      0.432    32.4481    24.0683 -9.990e-29
 191.905295      0.438  39.884275    14.6882    -1.5307      0.434    32.5080    24.1181 -9.990e-29
 191.905301      0.439  39.947860    14.6680    -1.5307      0.435    32.5827    24.1800 -9.990e-29
 191.905307      0.439  39.971492    14.6469    -1.5310      0.435    32.6219    24.2147 -9.990e-29
 191.905313      0.438  39.962577    14.6362    -1.5311      0.434    32.6228    24.2176 -9.990e-29
 191.905318      0.436  39.956281    14.6474    -1.5307      0.432    32.6077    24.2036 -9.990e-29
 191.905324      0.434  39.953722    14.6701    -1.5287      0.430    32.5863    24.1823 -9.990e-29
 191.905330      0.430  39.902173    14.6841    -1.5292      0.426    32.5277    24.1342 -9.990e-29
 191.905336      0.430  39.800128    14.6788    -1.5295      0.426    32.4394    24.0672 -9.990e-29
 191.905341      0.436  39.735070    14.6506    -1.5299      0.432    32.4038    24.0458 -9.990e-29
 191.905347      0.446  39.765359    14.6124    -1.5303      0.442    32.4633    24.0997 -9.990e-29
 191.905353      0.456  39.843410    14.5982    -1.5313      0.452    32.5462    24.1666 -9.990e-29
 191.905359      0.462  39.886151    14.6178    -1.5321      0.458    32.5687    24.1798 -9.990e-29
 191.905365      0.460  39.863713    14.6472    -1.5305      0.456    32.5236    24.1388 -9.990e-29
