data/oxygen options/ONMS/Olympic_Coast_National_Marine_Sanctuary_CTD_Data_2005_2023/raw_data/2018/CAST_MB015_180825faed.cnv
* Sea-Bird SBE19 Data File:
* FileName = C:\2018 Mooring Data\Casts\CAST_MB015_180825.hex
* Software Version 1.59
* Temperature SN = 2997
* Conductivity SN = 2997
* System UpLoad Time = Aug 25 2018 19:19:19
** CAST_MB015_180825
* ds
# nquan = 9                                 
# nvalues = 988                         
# units = specified
# name 0 = timeJ: Julian Days
# name 1 = prSM: Pressure, Strain Gauge [db]
# name 2 = c0mS/cm: Conductivity [mS/cm]
# name 3 = t090C: Temperature [ITS-90, deg C]
# name 4 = sbeox0ML/L: Oxygen, SBE 43 [ml/l]
# name 5 = depSM: Depth [salt water, m], lat = 47.5
# name 6 = sal00: Salinity, Practical [PSU]
# name 7 = sigma-é00: Density [sigma-theta, kg/m^3]
# name 8 = flag: flag
# span 0 = 237.768322, 237.774034       
# span 1 =     -4.635,     14.709       
# span 2 =   0.793324,  38.095889       
# span 3 =     9.8933,    13.1569       
# span 4 =    -1.9442,    14.1328       
# span 5 =     -4.596,     14.586       
# span 6 =     0.5118,    33.2123       
# span 7 =    -0.2302,    25.5720       
# span 8 = 0.0000e+00, 0.0000e+00       
# interval = seconds: 0.5
# start_time = Aug 25 2018 18:26:23 [Instrument's time stamp, header]
# bad_flag = -9.990e-29
*END*
[from data line 961]
 237.773883      2.310  37.884918    12.3490     7.0680      2.291    32.6368    24.6885 0.0000e+00
 237.773889      2.140  37.884834    12.3567     6.9132      2.122    32.6301    24.6818 0.0000e+00
 237.773895      1.979  37.883660    12.3680     6.6826      1.962    32.6192    24.6712 0.0000e+00
 237.773900      1.825  37.862995    12.3757     6.5032      1.810    32.5928    24.6493 0.0000e+00
 237.773906      1.677  37.788730    12.3698     6.3597      1.663    32.5268    24.5992 0.0000e+00
 237.773912      1.539  37.569682    12.3475     6.2778      1.526    32.3363    24.4558 0.0000e+00
 237.773918      1.414  36.930219    12.3235     6.2189      1.402    31.7449    24.0019 -9.990e-29
 237.773924      1.304  35.042370    12.3070     6.2032      1.293    29.9607    22.6226 -9.990e-29
 237.773929      1.209  29.424479    12.2950     6.2533      1.199    24.7048    18.5578 -9.990e-29
 237.773935      1.128  20.055340    12.2849     6.2624      1.119    16.2330    12.0177 -9.990e-29
 237.773941      1.055  12.145197    12.2762     6.3023      1.046     9.4191     6.7620 -9.990e-29
 237.773947      0.992   8.265241    12.2681     6.3260      0.984     6.2226     4.2948 -9.990e-29
 237.773953      0.941   6.527208    12.2604     6.2557      0.933     4.8315     3.2203 -9.990e-29
 237.773958      0.899   5.479162    12.2538     6.3282      0.891     4.0074     2.5835 -9.990e-29
 237.773964      0.861   4.642249    12.2480     6.3702      0.854     3.3584     2.0816 -9.990e-29
 237.773970      0.827   4.024311    12.2419     6.3716      0.820     2.8851     1.7155 -9.990e-29
 237.773976      0.800   3.842148    12.2357     6.3846      0.793     2.7469     1.6092 -9.990e-29
 237.773981      0.778   4.029424    12.2300 -9.990e-29      0.772     2.8899     1.7207 -9.990e-29
 237.773987      0.760   4.171763    12.2251 -9.990e-29      0.754     2.9990     1.8059 -9.990e-29
 237.773993      0.744   4.153020    12.2205 -9.990e-29      0.738     2.9851     1.7957 -9.990e-29
 237.773999      0.730   4.124233    12.2159 -9.990e-29      0.724     2.9634     1.7795 -9.990e-29
 237.774005      0.717   4.093669    12.2112 -9.990e-29      0.711     2.9404     1.7622 -9.990e-29
 237.774010      0.707   4.312103    12.2070 -9.990e-29      0.701     3.1080     1.8927 -9.990e-29
 237.774016      0.706   4.561272    12.2042 -9.990e-29      0.700     3.2999     2.0417 -9.990e-29
 237.774022      0.708   4.231335    12.2026 -9.990e-29      0.702     3.0464     1.8455 -9.990e-29
 237.774028      0.709   3.674497    12.2020 -9.990e-29      0.703     2.6221     1.5165 -9.990e-29
 237.774034      0.709   3.393477 -9.990e-29 -9.990e-29      0.703 -9.990e-29 -9.990e-29 -9.990e-29
