data/oxygen options/ONMS/Olympic_Coast_National_Marine_Sanctuary_CTD_Data_2005_2023/raw_data/2018/CAST_CA042_180928faed.cnv
* Sea-Bird SBE 19 Data File:
* FileName = C:\2018 Mooring Data\Casts\CAST_CA042_180928.hex
* Software Version SeatermAF 2.1.2
* Temperature SN = 2997
* Conductivity SN = 2997
* System UpLoad Time = Sep 28 2018 17:49:03 (localtime) = Sep 28 2018 17:49:03 (UTC)
** CAST_CA042_180928
* ds
# nquan = 9                                 
# nvalues = 1089                        
# units = specified
# name 0 = timeJ: Julian Days
# name 1 = prSM: Pressure, Strain Gauge [db]
# name 2 = c0mS/cm: Conductivity [mS/cm]
# name 3 = t090C: Temperature [ITS-90, deg C]
# name 4 = sbeox0ML/L: Oxygen, SBE 43 [ml/l]
# name 5 = depSM: Depth [salt water, m], lat = 47.5
# name 6 = sal00: Salinity, Practical [PSU]
# name 7 = sigma-é00: Density [sigma-theta, kg/m^3]
# name 8 = flag: flag
# span 0 = 271.718669, 271.724965       
# span 1 =     -4.628,     44.144       
# span 2 =   0.539283,  38.832532       
# span 3 =     8.0535,    20.4779       
# span 4 =    -1.6952,    14.9822       
# span 5 =     -4.589,     43.771       
# span 6 =     0.2880,    33.7863       
# span 7 =    -1.6657,    26.3124       
# span 8 = 0.0000e+00, 0.0000e+00       
# interval = seconds: 0.5
# start_time = Sep 28 2018 17:14:53 [Instrument's time stamp, header]
# bad_flag = -9.990e-29
*END*
[from data line 961]
 271.724230     25.012  35.246053     8.7230     3.2762     24.802    33.2608    25.7999 0.0000e+00
 271.724236     24.770  35.249364     8.7298     3.2970     24.562    33.2580    25.7966 0.0000e+00
 271.724242     24.503  35.246637     8.7335     3.3251     24.297    33.2518    25.7912 0.0000e+00
 271.724248     24.211  35.243196     8.7370     3.3611     24.008    33.2450    25.7854 0.0000e+00
 271.724253     23.905  35.241546     8.7417     3.3757     23.704    33.2390    25.7799 0.0000e+00
 271.724259     23.599  35.240621     8.7472     3.3919     23.401    33.2330    25.7744 0.0000e+00
 271.724265     23.305  35.238486     8.7510     3.4166     23.109    33.2274    25.7693 0.0000e+00
 271.724271     23.021  35.233485     8.7523     3.4668     22.828    33.2210    25.7642 0.0000e+00
 271.724277     22.742  35.227235     8.7522     3.5152     22.551    33.2147    25.7592 0.0000e+00
 271.724282     22.466  35.222663     8.7514     3.5625     22.277    33.2108    25.7563 0.0000e+00
 271.724288     22.190  35.218220     8.7504     3.6126     22.004    33.2072    25.7536 0.0000e+00
 271.724294     21.912  35.210845     8.7491     3.6330     21.728    33.2008    25.7488 0.0000e+00
 271.724300     21.642  35.198047     8.7476     3.6549     21.460    33.1890    25.7398 0.0000e+00
 271.724306     21.379  35.180183     8.7466     3.6849     21.199    33.1713    25.7261 0.0000e+00
 271.724311     21.110  35.164294     8.7460     3.7326     20.933    33.1553    25.7137 0.0000e+00
 271.724317     20.818  35.155569     8.7444     3.7709     20.643    33.1478    25.7080 0.0000e+00
 271.724323     20.494  35.150837     8.7428     3.8117     20.322    33.1445    25.7057 0.0000e+00
 271.724329     20.147  35.143295     8.7448     3.8323     19.978    33.1349    25.6978 0.0000e+00
 271.724334     19.801  35.130790     8.7536     3.8362     19.635    33.1137    25.6799 0.0000e+00
 271.724340     19.478  35.117990     8.7690     3.8589     19.315    33.0861    25.6558 0.0000e+00
 271.724346     19.183  35.110287     8.7864     3.8659     19.022    33.0619    25.6342 0.0000e+00
 271.724352     18.909  35.106997     8.7996     3.8873     18.750    33.0463    25.6199 0.0000e+00
 271.724358     18.640  35.104360     8.8107     3.8936     18.484    33.0333    25.6080 0.0000e+00
 271.724363     18.354  35.105086     8.8288     3.8971     18.200    33.0173    25.5927 0.0000e+00
 271.724369     18.046  35.114125     8.8623     3.8990     17.895    32.9957    25.5706 0.0000e+00
 271.724375     17.730  35.135197     8.9178     3.9130     17.581    32.9663    25.5390 0.0000e+00
 271.724381     17.429  35.173513     8.9893     3.9442     17.283    32.9400    25.5072 0.0000e+00
 271.724387     17.154  35.223688     9.0498     3.9179     17.010    32.9362    25.4948 0.0000e+00
 271.724392     16.892  35.260319     9.0850     3.8395     16.750    32.9418    25.4937 0.0000e+00
 271.724398     16.617  35.274661     9.1143     3.7645     16.478    32.9297    25.4796 0.0000e+00
 271.724404     16.317  35.291510     9.1597     3.7712     16.180    32.9054    25.4534 0.0000e+00
 271.724410     15.997  35.330040     9.2393     3.8502     15.863    32.8720    25.4147 0.0000e+00
 271.724416     15.673  35.414258     9.3818     3.9651     15.542    32.8280    25.3576 0.0000e+00
 271.724421     15.353  35.565828     9.5847     4.0987     15.224    32.7981    25.3015 0.0000e+00
 271.724427     15.038  35.746168     9.7737     4.2063     14.912    32.8101    25.2800 0.0000e+00
 271.724433     14.725  35.873876     9.8976     4.3011     14.602    32.8275    25.2732 0.0000e+00
 271.724439     14.417  35.919448    10.0310     4.3504     14.296    32.7527    25.1927 0.0000e+00
 271.724444     14.118  35.965588    10.2696     4.4045     14.000    32.5842    25.0212 0.0000e+00
 271.724450     13.832  36.130443    10.5970     4.4523     13.716    32.4570    24.8663 0.0000e+00
 271.724456     13.557  36.380803    10.9011     4.4817     13.443    32.4364    24.7974 0.0000e+00
 271.724462     13.289  36.556708    11.0890     4.5022     13.178    32.4445    24.7706 0.0000e+00
 271.724468     13.016  36.616210    11.1905     4.5332     12.907    32.4138    24.7287 0.0000e+00
 271.724473     12.723  36.629810    11.2800     4.5658     12.616    32.3486    24.6621 0.0000e+00
 271.724479     12.409  36.645974    11.3738     4.6010     12.305    32.2824    24.5939 0.0000e+00
 271.724485     12.089  36.682971    11.4576     4.6564     11.988    32.2456    24.5502 0.0000e+00
 271.724491     11.781  36.740931    11.5250     4.7057     11.682    32.2436    24.5364 0.0000e+00
 271.724497     11.487  36.803701    11.5718     4.7485     11.391    32.2642    24.5439 0.0000e+00
 271.724502     11.193  36.846417    11.5991     4.7891     11.099    32.2822    24.5529 0.0000e+00
 271.724508     10.883  36.858914    11.6292     4.8161     10.792    32.2683    24.5367 0.0000e+00
 271.724514     10.556  36.862409    11.6776     4.8329     10.468    32.2297    24.4979 0.0000e+00
 271.724520     10.220  36.884030    11.7329     4.8736     10.134    32.2029    24.4669 0.0000e+00
 271.724525      9.889  36.925800    11.7838     4.9493      9.806    32.1995    24.4549 0.0000e+00
 271.724531      9.571  36.971248    11.8233     5.0141      9.491    32.2094    24.4554 0.0000e+00
 271.724537      9.263  36.998171    11.8486     5.1122      9.185    32.2137    24.4541 0.0000e+00
 271.724543      8.954  37.001661    11.8762     5.2200      8.879    32.1934    24.4332 0.0000e+00
 271.724549      8.638  37.004367    11.9279     5.3516      8.566    32.1514    24.3911 0.0000e+00
 271.724554      8.316  37.031249    12.0082     5.5194      8.246    32.1083    24.3428 0.0000e+00
 271.724560      7.998  37.095258    12.1131     5.7073      7.931    32.0799    24.3012 0.0000e+00
 271.724566      7.692  37.188294    12.2252     5.8794      7.628    32.0733    24.2751 0.0000e+00
 271.724572      7.401  37.279362    12.3276     5.9953      7.339    32.0730    24.2556 0.0000e+00
 271.724578      7.124  37.340445    12.4474     6.0609      7.064    32.0291    24.1989 0.0000e+00
 271.724583      6.860  37.379710    12.6107     6.1082      6.803    31.9278    24.0893 0.0000e+00
 271.724589      6.609  37.433913    12.8141     6.1432      6.554    31.8074    23.9570 0.0000e+00
 271.724595      6.378  37.518846    13.0336     6.1701      6.325    31.7034    23.8339 0.0000e+00
 271.724601      6.172  37.610075    13.2116     6.1891      6.120    31.6405    23.7505 0.0000e+00
 271.724606      5.987  37.670290    13.3134     6.1941      5.937    31.6123    23.7086 0.0000e+00
 271.724612      5.812  37.687478    13.3692     6.1754      5.763    31.5821    23.6742 0.0000e+00
 271.724618      5.634  37.681298    13.4329     6.1548      5.587    31.5237    23.6164 0.0000e+00
 271.724624      5.453  37.680553    13.5238     6.1577      5.407    31.4481    23.5399 0.0000e+00
 271.724630      5.277  37.700564    13.6222     6.1718      5.233    31.3859    23.4722 0.0000e+00
 271.724635      5.116  37.732249    13.6957     6.2039      5.073    31.3550    23.4337 0.0000e+00
 271.724641      4.973  37.754092    13.7261     6.2291      4.931    31.3504    23.4240 0.0000e+00
 271.724647      4.840  37.755544    13.7303     6.2397      4.800    31.3484    23.4216 0.0000e+00
 271.724653      4.703  37.744783    13.7305     6.2389      4.664    31.3383    23.4138 0.0000e+00
 271.724659      4.563  37.737215    13.7381     6.2544      4.525    31.3252    23.4021 0.0000e+00
 271.724664      4.423  37.740179    13.7693     6.2677      4.386    31.3025    23.3783 0.0000e+00
 271.724670      4.282  37.756015    13.8302     6.2489      4.246    31.2675    23.3390 0.0000e+00
 271.724676      4.141  37.781263    13.8948     6.2555      4.106    31.2382    23.3033 0.0000e+00
 271.724682      3.999  37.798695    13.9349     6.2588      3.966    31.2217    23.2825 0.0000e+00
 271.724688      3.856  37.798033    13.9579     6.2740      3.824    31.2025    23.2630 0.0000e+00
 271.724693      3.707  37.790238    13.9841     6.3215      3.676    31.1741    23.2358 0.0000e+00
 271.724699      3.550  37.792994    14.0194     6.3855      3.520    31.1482    23.2085 0.0000e+00
 271.724705      3.398  37.808368    14.0530     6.4527      3.370    31.1351    23.1917 0.0000e+00
 271.724711      3.258  37.821647    14.0731     6.5191      3.231    31.1311    23.1845 0.0000e+00
 271.724716      3.125  37.824850    14.0940     6.5705      3.099    31.1172    23.1695 0.0000e+00
 271.724722      2.995  37.825685    14.1352     6.5721      2.970    31.0848    23.1360 0.0000e+00
 271.724728      2.868  37.836536    14.1992     6.5464      2.844    31.0432    23.0909 0.0000e+00
 271.724734      2.741  37.870824    14.2923     6.5191      2.718    30.9998    23.0383 0.0000e+00
 271.724740      2.613  37.924496    14.4064     6.5167      2.591    30.9573    22.9820 -9.990e-29
 271.724745      2.495  37.971180    14.5012     6.5214      2.474    30.9241    22.9367 -9.990e-29
 271.724751      2.391  37.997037    14.5588     6.5231      2.371    30.9016    22.9075 -9.990e-29
 271.724757      2.303  38.013676    14.5964     6.5194      2.284    30.8868    22.8882 -9.990e-29
 271.724763      2.230  38.028807    14.6174     6.5163      2.211    30.8838    22.8815 -9.990e-29
 271.724769      2.168  38.031875    14.6209     6.5083      2.150    30.8838    22.8808 -9.990e-29
 271.724774      2.112  38.022566    14.6203     6.5048      2.094    30.8759    22.8748 -9.990e-29
 271.724780      2.063  38.015985    14.6256     6.5154      2.046    30.8658    22.8659 -9.990e-29
 271.724786      2.022  38.020788    14.6365     6.5133      2.005    30.8615    22.8603 -9.990e-29
 271.724792      1.988  38.031684    14.6463     6.5263      1.971    30.8636    22.8599 -9.990e-29
 271.724797      1.960  38.038628    14.6525     6.5428      1.944    30.8649    22.8596 -9.990e-29
 271.724803      1.939  38.040870    14.6594     6.5449      1.923    30.8615    22.8555 -9.990e-29
 271.724809      1.919  38.044272    14.6673     6.5295      1.903    30.8583    22.8514 -9.990e-29
 271.724815      1.902  38.045036    14.6718     6.5219      1.886    30.8554    22.8483 -9.990e-29
 271.724821      1.891  38.039211    14.6735     6.5190      1.875    30.8488    22.8428 -9.990e-29
 271.724826      1.882  38.035904    14.6776     6.5195      1.866    30.8426    22.8372 -9.990e-29
 271.724832      1.870  38.040298    14.6839     6.5240      1.854    30.8415    22.8351 -9.990e-29
 271.724838      1.858  38.048237    14.6873     6.5157      1.842    30.8460    22.8378 -9.990e-29
 271.724844      1.850  38.054136    14.6856     6.5126      1.835    30.8527    22.8433 -9.990e-29
 271.724850      1.842  38.054169    14.6821     6.4476      1.827    30.8555    22.8462 -9.990e-29
 271.724855      1.823  38.049010    14.6800     6.3609      1.808    30.8525    22.8443 -9.990e-29
 271.724861      1.792  38.044169    14.6810     6.2946      1.777    30.8474    22.8401 -9.990e-29
 271.724867      1.757  38.047260    14.6865     6.2470      1.742    30.8458    22.8378 -9.990e-29
 271.724873      1.720  38.056315    14.6937     6.3383      1.706    30.8483    22.8382 -9.990e-29
 271.724878      1.677  38.059394    14.6955     6.9260      1.663    30.8496    22.8389 -9.990e-29
 271.724884      1.627  38.054510    14.6839     6.5825      1.613    30.8545    22.8450 -9.990e-29
 271.724890      1.571  38.048106    14.6504     6.3271      1.558    30.8753    22.8680 -9.990e-29
 271.724896      1.513  38.037312    14.5917     6.2379      1.500    30.9122    22.9087 -9.990e-29
 271.724902      1.458  38.012287    14.5187     6.2657      1.446    30.9477    22.9513 -9.990e-29
 271.724907      1.411  37.957090    14.4445     6.3454      1.399    30.9569    22.9738 -9.990e-29
 271.724913      1.374  37.820028    14.3730 -9.990e-29      1.363    30.8896    22.9366 -9.990e-29
 271.724919      1.345  37.438008    14.3027 -9.990e-29      1.334    30.5983    22.7266 -9.990e-29
 271.724925      1.320  36.319649    14.2348 -9.990e-29      1.309    29.6364    21.9990 -9.990e-29
 271.724931      1.300  32.990105    14.1772 -9.990e-29      1.289    26.6804    19.7338 -9.990e-29
 271.724936      1.282  25.070447    14.1348 -9.990e-29      1.271    19.7415    14.4062 -9.990e-29
 271.724942      1.266  14.789326    14.1038 -9.990e-29      1.255    11.1137     7.7879 -9.990e-29
 271.724948      1.255   8.093960    14.0836 -9.990e-29      1.245     5.8024     3.7117 -9.990e-29
 271.724954      1.251   5.432988    14.0762 -9.990e-29      1.241     3.7871     2.1621 -9.990e-29
 271.724959      1.252   4.153435    14.0756 -9.990e-29      1.242     2.8446     1.4359 -9.990e-29
 271.724965      1.252   3.438683 -9.990e-29 -9.990e-29      1.242 -9.990e-29 -9.990e-29 -9.990e-29
