data/oxygen options/ONMS/Olympic_Coast_National_Marine_Sanctuary_CTD_Data_2005_2023/raw_data/2018/CAST_CE015_180709faed.cnv
* Sea-Bird SBE19 Data File:
* FileName = C:\2018 Mooring Data\Casts\CAST_CE015_180709.hex
* Software Version 1.59
* Temperature SN = 2997
* Conductivity SN = 2997
* System UpLoad Time = Jul 09 2018 19:00:12
** CAST_CE015_180709
* ds
# nquan = 9                                 
# nvalues = 875                         
# units = specified
# name 0 = timeJ: Julian Days
# name 1 = prSM: Pressure, Strain Gauge [db]
# name 2 = c0mS/cm: Conductivity [mS/cm]
# name 3 = t090C: Temperature [ITS-90, deg C]
# name 4 = sbeox0ML/L: Oxygen, SBE 43 [ml/l]
# name 5 = depSM: Depth [salt water, m], lat = 47.5
# name 6 = sal00: Salinity, Practical [PSU]
# name 7 = sigma-é00: Density [sigma-theta, kg/m^3]
# name 8 = flag: flag
# span 0 = 190.765810, 190.770868       
# span 1 =     -5.139,     16.111       
# span 2 =   0.242834,  39.452104       
# span 3 =    11.4064,    18.8435       
# span 4 =    -1.7297,    15.6633       
# span 5 =     -5.096,     15.976       
# span 6 =     0.1338,    32.9240       
# span 7 =    -1.4026,    25.0601       
# span 8 = 0.0000e+00, 0.0000e+00       
# interval = seconds: 0.5
# start_time = Jul 09 2018 18:22:46 [Instrument's time stamp, header]
# bad_flag = -9.990e-29
*END*
 190.765810     -5.139 -9.990e-29    18.4610    -1.7276     -5.096 -9.990e-29 -9.990e-29 -9.990e-29
 190.765816     -5.120   0.242858    18.4716    -1.7277     -5.077     0.1340    -1.3887 -9.990e-29
 190.765822     -5.095   0.242858    18.4780    -1.7277     -5.053     0.1340    -1.3900 -9.990e-29
 190.765828     -5.067   0.242858    18.4791    -1.7273     -5.025     0.1340    -1.3902 -9.990e-29
 190.765833     -5.043   0.242858    18.4772    -1.7271     -5.001     0.1340    -1.3898 -9.990e-29
 190.765839     -5.021   0.242858    18.4759    -1.7270     -4.979     0.1340    -1.3895 -9.990e-29
 190.765845     -4.996   0.242858    18.4780    -1.7271     -4.954     0.1340    -1.3900 -9.990e-29
 190.765851     -4.970   0.242857    18.4839    -1.7275     -4.929     0.1340    -1.3911 -9.990e-29
 190.765856     -4.947   0.242857    18.4905    -1.7282     -4.906     0.1340    -1.3924 -9.990e-29
 190.765862     -4.924   0.242856    18.4945    -1.7287     -4.883     0.1340    -1.3931 -9.990e-29
 190.765868     -4.900   0.242855    18.4965    -1.7288     -4.859     0.1339    -1.3935 -9.990e-29
 190.765874     -4.874   0.242855    18.4997    -1.7289     -4.833     0.1339    -1.3941 -9.990e-29
 190.765880     -4.844   0.242854    18.5052    -1.7287     -4.804     0.1339    -1.3952 -9.990e-29
 190.765885     -4.808   0.242854    18.5105    -1.7282     -4.768     0.1339    -1.3962 -9.990e-29
 190.765891     -4.768   0.242853    18.5122    -1.7280     -4.728     0.1339    -1.3965 -9.990e-29
 190.765897     -4.729   0.242853    18.5080    -1.7281     -4.690     0.1339    -1.3957 -9.990e-29
 190.765903     -4.695   0.242852    18.4979    -1.7285     -4.656     0.1339    -1.3938 -9.990e-29
 190.765909     -4.663   0.242852    18.4849    -1.7289     -4.624     0.1340    -1.3913 -9.990e-29
 190.765914     -4.630   0.242851    18.4741    -1.7290     -4.591     0.1340    -1.3892 -9.990e-29
 190.765920     -4.594   0.242851    18.4685    -1.7286     -4.556     0.1340    -1.3881 -9.990e-29
 190.765926     -4.554   0.242850    18.4682    -1.7283     -4.516     0.1340    -1.3881 -9.990e-29
 190.765932     -4.511   0.242850    18.4727    -1.7280     -4.473     0.1340    -1.3889 -9.990e-29
 190.765938     -4.471   0.242849    18.4795    -1.7278     -4.434     0.1340    -1.3902 -9.990e-29
 190.765943     -4.436   0.242849    18.4836    -1.7275     -4.399     0.1340    -1.3910 -9.990e-29
 190.765949     -4.402   0.242848    18.4818    -1.7270     -4.365     0.1340    -1.3907 -9.990e-29
 190.765955     -4.369   0.242848    18.4758    -1.7265     -4.333     0.1340    -1.3895 -9.990e-29
 190.765961     -4.335   0.242847    18.4701    -1.7262     -4.299     0.1340    -1.3884 -9.990e-29
 190.765966     -4.300   0.242847    18.4692    -1.7264     -4.264     0.1340    -1.3882 -9.990e-29
 190.765972     -4.272   0.242846    18.4739    -1.7265     -4.236     0.1340    -1.3891 -9.990e-29
 190.765978     -4.252   0.242846    18.4817    -1.7265     -4.217     0.1340    -1.3907 -9.990e-29
 190.765984     -4.237   0.242845    18.4901    -1.7263     -4.202     0.1340    -1.3923 -9.990e-29
 190.765990     -4.215   0.242845    18.4988    -1.7262     -4.180     0.1339    -1.3939 -9.990e-29
 190.765995     -4.186   0.242844    18.5087    -1.7263     -4.151     0.1339    -1.3959 -9.990e-29
 190.766001     -4.156   0.242843    18.5201    -1.7263     -4.121     0.1339    -1.3981 -9.990e-29
 190.766007     -4.127   0.242843    18.5310    -1.7264     -4.093     0.1338    -1.4002 -9.990e-29
 190.766013     -4.099   0.242842    18.5378    -1.7263     -4.065     0.1338    -1.4015 -9.990e-29
 190.766019     -4.069   0.242842    18.5397    -1.7262     -4.035     0.1338    -1.4018 -9.990e-29
 190.766024     -4.039   0.242841    18.5395    -1.7264     -4.005     0.1338    -1.4018 -9.990e-29
 190.766030     -4.016   0.242841    18.5402    -1.7267     -3.983     0.1338    -1.4019 -9.990e-29
 190.766036     -3.998   0.242840    18.5422    -1.7269     -3.965     0.1338    -1.4023 -9.990e-29
 190.766042     -3.977   0.242840    18.5436    -1.7272     -3.944     0.1338    -1.4026 -9.990e-29
 190.766047     -3.950   0.242839    18.5434    -1.7272     -3.917     0.1338    -1.4026 -9.990e-29
 190.766053     -3.925   0.242839    18.5427    -1.7274     -3.892     0.1338    -1.4024 -9.990e-29
 190.766059     -3.899   0.242838    18.5427    -1.7276     -3.866     0.1338    -1.4024 -9.990e-29
 190.766065     -3.868   0.242838    18.5433    -1.7276     -3.836     0.1338    -1.4025 -9.990e-29
 190.766071     -3.833   0.242837    18.5427    -1.7276     -3.801     0.1338    -1.4024 -9.990e-29
 190.766076     -3.795   0.242837    18.5391    -1.7272     -3.763     0.1338    -1.4017 -9.990e-29
 190.766082     -3.754   0.242836    18.5333    -1.7271     -3.723     0.1338    -1.4006 -9.990e-29
 190.766088     -3.710   0.242836    18.5272    -1.7273     -3.679     0.1338    -1.3994 -9.990e-29
 190.766094     -3.670   0.242835    18.5218    -1.7277     -3.639     0.1339    -1.3984 -9.990e-29
 190.766100     -3.639   0.242835    18.5174    -1.7277     -3.609     0.1339    -1.3975 -9.990e-29
 190.766105     -3.620   0.242834    18.5134    -1.7274     -3.590     0.1339    -1.3968 -9.990e-29
 190.766111     -3.606   0.242834    18.5102    -1.7271     -3.576     0.1339    -1.3961 -9.990e-29
 190.766117     -3.594   0.242834    18.5092    -1.7270     -3.564     0.1339    -1.3959 -9.990e-29
 190.766123     -3.582   0.242835    18.5109    -1.7275     -3.552     0.1339    -1.3963 -9.990e-29
 190.766128     -3.569   0.242838    18.5144    -1.7274     -3.539     0.1339    -1.3969 -9.990e-29
 190.766134     -3.555   0.242850    18.5159    -1.7270     -3.525     0.1339    -1.3972 -9.990e-29
 190.766140     -3.539   0.242887    18.5132    -1.7268     -3.509     0.1339    -1.3967 -9.990e-29
 190.766146     -3.519   0.242997    18.5096    -1.7267     -3.490     0.1340    -1.3959 -9.990e-29
 190.766152     -3.494   0.243329    18.5099    -1.7269     -3.465     0.1342    -1.3959 -9.990e-29
 190.766157     -3.468   0.243773    18.5144    -1.7273     -3.439     0.1344    -1.3965 -9.990e-29
 190.766163     -3.443   0.243813    18.5190    -1.7274     -3.414     0.1344    -1.3974 -9.990e-29
 190.766169     -3.416   0.243504    18.5195    -1.7273     -3.388     0.1342    -1.3976 -9.990e-29
 190.766175     -3.391   0.243540    18.5177    -1.7268     -3.363     0.1343    -1.3973 -9.990e-29
 190.766181     -3.371   0.243971    18.5190    -1.7267     -3.343     0.1345    -1.3973 -9.990e-29
 190.766186     -3.354   0.244267    18.5240    -1.7272     -3.326     0.1346    -1.3982 -9.990e-29
 190.766192     -3.340   0.244268    18.5286    -1.7277     -3.312     0.1346    -1.3991 -9.990e-29
 190.766198     -3.326   0.243976    18.5295    -1.7280     -3.298     0.1345    -1.3994 -9.990e-29
 190.766204     -3.312   0.243557    18.5261    -1.7283     -3.284     0.1342    -1.3989 -9.990e-29
 190.766209     -3.294   0.243561    18.5214    -1.7284     -3.267     0.1343    -1.3980 -9.990e-29
 190.766215     -3.270   0.243993    18.5195    -1.7289     -3.243     0.1345    -1.3974 -9.990e-29
 190.766221     -3.247   0.244321    18.5221    -1.7291     -3.220     0.1347    -1.3978 -9.990e-29
 190.766227     -3.227   0.244430    18.5263    -1.7289     -3.200     0.1347    -1.3986 -9.990e-29
 190.766233     -3.211   0.244466    18.5260    -1.7287     -3.184     0.1347    -1.3985 -9.990e-29
 190.766238     -3.191   0.244478    18.5187    -1.7286     -3.164     0.1348    -1.3971 -9.990e-29
 190.766244     -3.168   0.244481    18.5081    -1.7285     -3.142     0.1348    -1.3950 -9.990e-29
 190.766250     -3.147   0.244482    18.4984    -1.7284     -3.121     0.1348    -1.3932 -9.990e-29
 190.766256     -3.128   0.244482    18.4902    -1.7281     -3.102     0.1349    -1.3916 -9.990e-29
 190.766262     -3.106   0.244482    18.4825    -1.7278     -3.080     0.1349    -1.3901 -9.990e-29
 190.766267     -3.083   0.244481    18.4754    -1.7275     -3.057     0.1349    -1.3887 -9.990e-29
 190.766273     -3.062   0.244481    18.4718    -1.7274     -3.036     0.1349    -1.3880 -9.990e-29
 190.766279     -3.041   0.244480    18.4731    -1.7276     -3.016     0.1349    -1.3883 -9.990e-29
 190.766285     -3.020   0.244480    18.4766    -1.7280     -2.995     0.1349    -1.3889 -9.990e-29
 190.766291     -2.997   0.244479    18.4803    -1.7285     -2.972     0.1349    -1.3897 -9.990e-29
 190.766296     -2.970   0.244479    18.4843    -1.7291     -2.945     0.1349    -1.3904 -9.990e-29
 190.766302     -2.942   0.244478    18.4892    -1.7294     -2.917     0.1349    -1.3914 -9.990e-29
 190.766308     -2.921   0.244478    18.4959    -1.7294     -2.897     0.1348    -1.3927 -9.990e-29
 190.766314     -2.908   0.244477    18.5033    -1.7296     -2.884     0.1348    -1.3941 -9.990e-29
 190.766319     -2.898   0.244476    18.5089    -1.7297     -2.874     0.1348    -1.3952 -9.990e-29
 190.766325     -2.883   0.244476    18.5102    -1.7296     -2.859     0.1348    -1.3954 -9.990e-29
 190.766331     -2.862   0.244475    18.5058    -1.7293     -2.838     0.1348    -1.3946 -9.990e-29
 190.766337     -2.842   0.244475    18.4962    -1.7291     -2.818     0.1348    -1.3927 -9.990e-29
 190.766343     -2.825   0.244475    18.4836    -1.7289     -2.801     0.1349    -1.3903 -9.990e-29
 190.766348     -2.811   0.244476    18.4713    -1.7290     -2.788     0.1349    -1.3879 -9.990e-29
 190.766354     -2.799   0.244479    18.4624    -1.7289     -2.776     0.1349    -1.3862 -9.990e-29
 190.766360     -2.788   0.244491    18.4569    -1.7289     -2.765     0.1350    -1.3851 -9.990e-29
 190.766366     -2.778   0.244528    18.4533    -1.7289     -2.755     0.1350    -1.3844 -9.990e-29
 190.766372     -2.767   0.244638    18.4522    -1.7293     -2.744     0.1351    -1.3842 -9.990e-29
 190.766377     -2.755   0.244970    18.4544    -1.7294     -2.732     0.1352    -1.3845 -9.990e-29
 190.766383     -2.741   0.245414    18.4591    -1.7292     -2.718     0.1355    -1.3852 -9.990e-29
 190.766389     -2.725   0.245455    18.4643    -1.7290     -2.702     0.1355    -1.3862 -9.990e-29
 190.766395     -2.706   0.245146    18.4681    -1.7288     -2.683     0.1353    -1.3870 -9.990e-29
 190.766400     -2.681   0.245185    18.4702    -1.7283     -2.659     0.1353    -1.3874 -9.990e-29
 190.766406     -2.654   0.245626    18.4710    -1.7278     -2.632     0.1355    -1.3874 -9.990e-29
 190.766412     -2.628   0.245950    18.4708    -1.7278     -2.606     0.1357    -1.3872 -9.990e-29
 190.766418     -2.600   0.246033    18.4688    -1.7281     -2.578     0.1358    -1.3868 -9.990e-29
 190.766424     -2.574   0.245987    18.4653    -1.7284     -2.553     0.1358    -1.3861 -9.990e-29
 190.766429     -2.552   0.245753    18.4640    -1.7284     -2.531     0.1356    -1.3860 -9.990e-29
 190.766435     -2.532   0.245572    18.4667    -1.7280     -2.511     0.1355    -1.3866 -9.990e-29
 190.766441     -2.513   0.245758    18.4721    -1.7278     -2.492     0.1356    -1.3875 -9.990e-29
 190.766447     -2.494   0.246004    18.4802    -1.7278     -2.473     0.1357    -1.3890 -9.990e-29
 190.766453     -2.474   0.246085    18.4904    -1.7277     -2.453     0.1357    -1.3909 -9.990e-29
 190.766458     -2.456   0.246112    18.4987    -1.7279     -2.436     0.1357    -1.3925 -9.990e-29
 190.766464     -2.442   0.246121    18.5009    -1.7276     -2.422     0.1357    -1.3929 -9.990e-29
 190.766470     -2.433   0.246123    18.4974    -1.7273     -2.413     0.1357    -1.3922 -9.990e-29
 190.766476     -2.427   0.246124    18.4937    -1.7269     -2.407     0.1357    -1.3915 -9.990e-29
 190.766481     -2.420   0.246125    18.4948    -1.7266     -2.400     0.1357    -1.3917 -9.990e-29
 190.766487     -2.407   0.246130    18.5000    -1.7266     -2.387     0.1357    -1.3927 -9.990e-29
 190.766493     -2.391   0.246143    18.5047    -1.7266     -2.371     0.1357    -1.3936 -9.990e-29
 190.766499     -2.376   0.246183    18.5072    -1.7265     -2.356     0.1357    -1.3941 -9.990e-29
 190.766505     -2.357   0.246306    18.5086    -1.7265     -2.337     0.1358    -1.3943 -9.990e-29
 190.766510     -2.332   0.246675    18.5108    -1.7265     -2.313     0.1360    -1.3946 -9.990e-29
 190.766516     -2.309   0.247228    18.5162    -1.7267     -2.290     0.1363    -1.3954 -9.990e-29
 190.766522     -2.290   0.247597    18.5246    -1.7269     -2.271     0.1365    -1.3969 -9.990e-29
 190.766528     -2.273   0.247721    18.5336    -1.7272     -2.254     0.1365    -1.3986 -9.990e-29
 190.766534     -2.259   0.247765    18.5407    -1.7274     -2.240     0.1365    -1.3999 -9.990e-29
 190.766539     -2.245   0.247788    18.5444    -1.7274     -2.226     0.1365    -1.4006 -9.990e-29
 190.766545     -2.232   0.247821    18.5459    -1.7274     -2.213     0.1365    -1.4009 -9.990e-29
 190.766551     -2.217   0.247907    18.5468    -1.7277     -2.199     0.1366    -1.4010 -9.990e-29
 190.766557     -2.201   0.248159    18.5466    -1.7278     -2.183     0.1367    -1.4009 -9.990e-29
 190.766562     -2.187   0.248912    18.5445    -1.7278     -2.169     0.1371    -1.4002 -9.990e-29
 190.766568     -2.178   0.250061    18.5404    -1.7278     -2.160     0.1378    -1.3989 -9.990e-29
 190.766574     -2.168   0.250923    18.5345    -1.7278     -2.150     0.1383    -1.3974 -9.990e-29
 190.766580     -2.154   0.251539    18.5280    -1.7277     -2.136     0.1386    -1.3959 -9.990e-29
 190.766586     -2.134   0.252176    18.5230    -1.7279     -2.116     0.1390    -1.3946 -9.990e-29
 190.766591     -2.111   0.252573    18.5199    -1.7278     -2.093     0.1392    -1.3939 -9.990e-29
 190.766597     -2.093   0.252706    18.5170    -1.7277     -2.076     0.1393    -1.3932 -9.990e-29
 190.766603     -2.078   0.252751    18.5135    -1.7275     -2.061     0.1393    -1.3925 -9.990e-29
 190.766609     -2.061   0.252766    18.5110    -1.7274     -2.044     0.1394    -1.3921 -9.990e-29
 190.766615     -2.046   0.252772    18.5100    -1.7272     -2.029     0.1394    -1.3919 -9.990e-29
 190.766620     -2.034   0.252776    18.5096    -1.7269     -2.017     0.1394    -1.3918 -9.990e-29
 190.766626     -2.027   0.252783    18.5094    -1.7269     -2.010     0.1394    -1.3917 -9.990e-29
 190.766632     -2.023   0.252801    18.5094    -1.7267     -2.006     0.1394    -1.3917 -9.990e-29
 190.766638     -2.018   0.252853    18.5094    -1.7262     -2.001     0.1394    -1.3917 -9.990e-29
 190.766644     -2.008   0.253008    18.5106    -1.7261     -1.991     0.1395    -1.3919 -9.990e-29
 190.766649     -1.995   0.253471    18.5135    -1.7259     -1.978     0.1397    -1.3922 -9.990e-29
 190.766655     -1.983   0.254305    18.5174    -1.7264     -1.966     0.1402    -1.3926 -9.990e-29
 190.766661     -1.972   0.255511    18.5217    -1.7264     -1.956     0.1408    -1.3930 -9.990e-29
 190.766667     -1.961   0.257591    18.5263    -1.7260     -1.945     0.1420    -1.3930 -9.990e-29
 190.766672     -1.949   0.261102    18.5305    -1.7257     -1.933     0.1439    -1.3923 -9.990e-29
 190.766678     -1.936   0.266293    18.5343    -1.7253     -1.920     0.1467    -1.3908 -9.990e-29
 190.766684     -1.920   0.272885    18.5397    -1.7248     -1.904     0.1504    -1.3891 -9.990e-29
 190.766690     -1.900   0.280249    18.5459    -1.7243     -1.884     0.1544    -1.3871 -9.990e-29
 190.766696     -1.876   0.288236    18.5499    -1.7237     -1.860     0.1588    -1.3845 -9.990e-29
 190.766701     -1.850   0.296970    18.5496    -1.7231     -1.835     0.1637    -1.3807 -9.990e-29
 190.766707     -1.829   0.306464    18.5461    -1.7226     -1.814     0.1690    -1.3760 -9.990e-29
 190.766713     -1.816   0.316637    18.5445    -1.7223     -1.801     0.1746    -1.3714 -9.990e-29
 190.766719     -1.810   0.327762    18.5478    -1.7222     -1.795     0.1808    -1.3672 -9.990e-29
 190.766725     -1.806   0.340823    18.5547    -1.7222     -1.791     0.1881    -1.3630 -9.990e-29
 190.766730     -1.796   0.356618    18.5636    -1.7221     -1.781     0.1969    -1.3579 -9.990e-29
