data/oxygen options/ONMS/Olympic_Coast_National_Marine_Sanctuary_CTD_Data_2005_2023/raw_data/2018/CAST_CE015_180924faed.cnv
* Sea-Bird SBE 19 Data File:
* FileName = C:\2018 Mooring Data\Casts\CAST_CE015_180924.hex
* Software Version SeatermAF 2.1.2
* Temperature SN = 2997
* Conductivity SN = 2997
* System UpLoad Time = Sep 24 2018 18:21:54 (localtime) = Sep 24 2018 18:21:54 (UTC)
** CAST_CE015_180924
* ds
# nquan = 9                                 
# nvalues = 853                         
# units = specified
# name 0 = timeJ: Julian Days
# name 1 = prSM: Pressure, Strain Gauge [db]
# name 2 = c0mS/cm: Conductivity [mS/cm]
# name 3 = t090C: Temperature [ITS-90, deg C]
# name 4 = sbeox0ML/L: Oxygen, SBE 43 [ml/l]
# name 5 = depSM: Depth [salt water, m], lat = 47.5
# name 6 = sal00: Salinity, Practical [PSU]
# name 7 = sigma-é00: Density [sigma-theta, kg/m^3]
# name 8 = flag: flag
# span 0 = 267.741343, 267.746273       
# span 1 =     -4.639,     16.878       
# span 2 =   0.399661,  38.092908       
# span 3 =    13.6298,    16.1929       
# span 4 =    -1.8760,    15.0809       
# span 5 =     -4.600,     16.736       
# span 6 =     0.2344,    31.7270       
# span 7 =    -0.9060,    23.7345       
# span 8 = 0.0000e+00, 0.0000e+00       
# interval = seconds: 0.5
# start_time = Sep 24 2018 17:47:32 [Instrument's time stamp, header]
# bad_flag = -9.990e-29
*END*
[from data line 481]
 267.744126      1.022  34.486911    14.7594     4.7740      1.013    27.6069    20.3301 -9.990e-29
 267.744132      1.019  34.481001    14.7634     4.7329      1.010    27.5989    20.3231 -9.990e-29
 267.744138      1.019  34.484629    14.7683     4.6901      1.010    27.5986    20.3219 -9.990e-29
 267.744144      1.021  34.491408    14.7732     4.6497      1.012    27.6012    20.3229 -9.990e-29
 267.744149      1.024  34.497101    14.7758     4.6004      1.015    27.6044    20.3248 -9.990e-29
 267.744155      1.030  34.500891    14.7731     4.5937      1.021    27.6096    20.3294 -9.990e-29
 267.744161      1.038  34.501851    14.7610     4.6417      1.029    27.6190    20.3391 -9.990e-29
 267.744167      1.049  34.496784    14.7400     4.7334      1.040    27.6294    20.3514 -9.990e-29
 267.744172      1.064  34.492557    14.7223     4.8241      1.055    27.6382    20.3617 -9.990e-29
 267.744178      1.084  34.497534    14.7201     4.8703      1.075    27.6442    20.3668 -9.990e-29
 267.744184      1.105  34.503797    14.7298     4.8932      1.096    27.6429    20.3638 -9.990e-29
 267.744190      1.121  34.507941    14.7371     4.8760      1.112    27.6414    20.3611 -9.990e-29
 267.744196      1.132  34.519975    14.7337     4.8408      1.123    27.6544    20.3719 -9.990e-29
 267.744201      1.144  34.537480    14.7215     4.7709      1.134    27.6786    20.3930 -9.990e-29
 267.744207      1.153  34.550775    14.7076     4.6841      1.143    27.7003    20.4125 -9.990e-29
 267.744213      1.155  34.577589    14.6982     4.5910      1.145    27.7308    20.4379 -9.990e-29
 267.744219      1.150  34.612810    14.6933     4.5221      1.140    27.7656    20.4656 -9.990e-29
 267.744225      1.139  34.619988    14.6904     4.4830      1.129    27.7741    20.4727 -9.990e-29
 267.744230      1.124  34.613175    14.6898     4.4605      1.115    27.7684    20.4685 -9.990e-29
 267.744236      1.109  34.623040    14.6917     4.4791      1.100    27.7759    20.4738 -9.990e-29
 267.744242      1.094  34.644266    14.6933     4.5619      1.085    27.7936    20.4871 -9.990e-29
 267.744248      1.080  34.669333    14.6931     4.6871      1.071    27.8160    20.5044 -9.990e-29
 267.744253      1.072  34.681842    14.6924     4.8092      1.063    27.8277    20.5135 -9.990e-29
 267.744259      1.070  34.664890    14.6931     4.8632      1.061    27.8121    20.5014 -9.990e-29
 267.744265      1.072  34.660260    14.6946     4.8506      1.063    27.8069    20.4971 -9.990e-29
 267.744271      1.080  34.715527    14.6932     4.7963      1.071    27.8570    20.5360 -9.990e-29
 267.744277      1.093  34.778981    14.6886     4.7495      1.084    27.9168    20.5828 -9.990e-29
 267.744282      1.109  34.777918    14.6856     4.6868      1.100    27.9180    20.5844 -9.990e-29
 267.744288      1.123  34.757952    14.6861     4.6301      1.114    27.8998    20.5703 -9.990e-29
 267.744294      1.138  34.788201    14.6870     4.6582      1.128    27.9261    20.5903 -9.990e-29
 267.744300      1.149  34.853576    14.6854     4.7498      1.139    27.9854    20.6363 -9.990e-29
 267.744306      1.157  34.899608    14.6825     4.8292      1.147    28.0285    20.6700 -9.990e-29
 267.744311      1.168  34.893623    14.6819     4.8673      1.158    28.0236    20.6664 -9.990e-29
 267.744317      1.177  34.872995    14.6847     4.8190      1.167    28.0032    20.6501 -9.990e-29
 267.744323      1.181  34.889164    14.6888     4.7453      1.171    28.0146    20.6581 -9.990e-29
 267.744329      1.180  34.945779    14.6904     4.6619      1.170    28.0639    20.6956 -9.990e-29
 267.744334      1.173  34.983404    14.6893     4.5847      1.163    28.0982    20.7222 -9.990e-29
 267.744340      1.166  34.963751    14.6919     4.5240      1.156    28.0788    20.7068 -9.990e-29
 267.744346      1.165  34.982115    14.7003     4.4814      1.155    28.0891    20.7130 -9.990e-29
 267.744352      1.172  35.061866    14.7084     4.4449      1.162    28.1542    20.7615 -9.990e-29
 267.744358      1.177  35.092114    14.7105     4.4246      1.167    28.1796    20.7806 -9.990e-29
 267.744363      1.181  35.062251    14.7080     4.4003      1.171    28.1549    20.7620 -9.990e-29
 267.744369      1.189  35.038284    14.7076     4.3820      1.179    28.1338    20.7459 -9.990e-29
 267.744375      1.196  35.042570    14.7117     4.3741      1.186    28.1347    20.7458 -9.990e-29
 267.744381      1.200  35.051154    14.7189     4.3805      1.190    28.1371    20.7462 -9.990e-29
 267.744387      1.200  35.040772    14.7283     4.3784      1.190    28.1211    20.7319 -9.990e-29
 267.744392      1.200  35.032860    14.7370     4.3656      1.190    28.1078    20.7199 -9.990e-29
 267.744398      1.205  35.047111    14.7418     4.3435      1.195    28.1170    20.7260 -9.990e-29
 267.744404      1.211  35.054383    14.7447     4.3052      1.201    28.1214    20.7288 -9.990e-29
 267.744410      1.214  35.034145    14.7499     4.2769      1.204    28.0996    20.7110 -9.990e-29
 267.744416      1.215  35.016528    14.7582     4.2505      1.205    28.0780    20.6926 -9.990e-29
 267.744421      1.212  35.012759    14.7672     4.2339      1.202    28.0681    20.6832 -9.990e-29
 267.744427      1.207  35.005502    14.7710     4.2227      1.197    28.0590    20.6754 -9.990e-29
 267.744433      1.198  34.995167    14.7656     4.2156      1.188    28.0537    20.6724 -9.990e-29
 267.744439      1.189  34.988136    14.7581     4.2026      1.179    28.0528    20.6733 -9.990e-29
 267.744444      1.185  34.983999    14.7574     4.1908      1.175    28.0496    20.6710 -9.990e-29
 267.744450      1.180  34.980604    14.7624     4.1848      1.170    28.0430    20.6649 -9.990e-29
 267.744456      1.170  34.978464    14.7682     4.1855      1.160    28.0370    20.6590 -9.990e-29
 267.744462      1.159  34.978651    14.7717     4.1768      1.149    28.0346    20.6565 -9.990e-29
 267.744468      1.154  34.979744    14.7720     4.1612      1.144    28.0354    20.6570 -9.990e-29
 267.744473      1.159  34.980407    14.7712     4.1402      1.149    28.0365    20.6581 -9.990e-29
 267.744479      1.171  34.980971    14.7705     4.1124      1.161    28.0375    20.6590 -9.990e-29
 267.744485      1.182  34.980511    14.7678     4.0965      1.172    28.0391    20.6607 -9.990e-29
 267.744491      1.188  34.977858    14.7639     4.0819      1.178    28.0395    20.6619 -9.990e-29
 267.744497      1.190  34.973402    14.7645     4.0617      1.180    28.0351    20.6584 -9.990e-29
 267.744502      1.191  34.969044    14.7711     4.0496      1.181    28.0265    20.6504 -9.990e-29
 267.744508      1.196  34.966254    14.7780     4.0323      1.186    28.0191    20.6433 -9.990e-29
 267.744514      1.202  34.964680    14.7803     4.0269      1.192    28.0160    20.6405 -9.990e-29
 267.744520      1.204  34.963348    14.7807     4.0528      1.194    28.0145    20.6392 -9.990e-29
 267.744525      1.207  34.961048    14.7837     4.1139      1.197    28.0104    20.6354 -9.990e-29
 267.744531      1.215  34.957520    14.7872     4.2285      1.205    28.0047    20.6303 -9.990e-29
 267.744537      1.225  34.954222    14.7882     4.3780      1.215    28.0011    20.6273 -9.990e-29
 267.744543      1.233  34.951244    14.7879     4.5069      1.223    27.9986    20.6255 -9.990e-29
 267.744549      1.238  34.947418    14.7876     4.5759      1.228    27.9954    20.6231 -9.990e-29
 267.744554      1.243  34.941570    14.7872     4.5870      1.233    27.9905    20.6194 -9.990e-29
 267.744560      1.247  34.924226    14.7865     4.5570      1.237    27.9756    20.6081 -9.990e-29
 267.744566      1.249  34.880106    14.7836     4.5083      1.239    27.9385    20.5802 -9.990e-29
 267.744572      1.251  34.842202    14.7783     4.4688      1.241    27.9087    20.5583 -9.990e-29
 267.744578      1.253  34.845079    14.7759     4.4451      1.243    27.9129    20.5621 -9.990e-29
 267.744583      1.254  34.849471    14.7814     4.4199      1.244    27.9129    20.5609 -9.990e-29
 267.744589      1.255  34.824847    14.7920     4.3888      1.245    27.8835    20.5361 -9.990e-29
 267.744595      1.256  34.782048    14.8006     4.3613      1.246    27.8394    20.5004 -9.990e-29
 267.744601      1.256  34.747992    14.8019     4.3359      1.246    27.8082    20.4762 -9.990e-29
 267.744606      1.256  34.754539    14.7969     4.3144      1.246    27.8176    20.4845 -9.990e-29
 267.744612      1.257  34.780751    14.7953     4.2909      1.247    27.8420    20.5036 -9.990e-29
 267.744618      1.257  34.784885    14.7994     4.2712      1.247    27.8427    20.5033 -9.990e-29
 267.744624      1.257  34.777498    14.8016     4.2729      1.247    27.8346    20.4966 -9.990e-29
 267.744630      1.256  34.768338    14.8000     4.2865      1.246    27.8276    20.4915 -9.990e-29
 267.744635      1.256  34.753039    14.7977     4.3351      1.246    27.8157    20.4828 -9.990e-29
 267.744641      1.255  34.743117    14.7966     4.4186      1.245    27.8077    20.4769 -9.990e-29
 267.744647      1.254  34.749982    14.7981     4.5359      1.244    27.8127    20.4805 -9.990e-29
 267.744653      1.253  34.761517    14.8037     4.6547      1.243    27.8189    20.4841 -9.990e-29
 267.744659      1.251  34.747199    14.8117     4.7163      1.241    27.8005    20.4683 -9.990e-29
 267.744664      1.249  34.698023    14.8158     4.7139      1.239    27.7540    20.4317 -9.990e-29
 267.744670      1.247  34.632960    14.8137     4.6757      1.237    27.6979    20.3890 -9.990e-29
 267.744676      1.243  34.608583    14.8094     4.6341      1.233    27.6793    20.3756 -9.990e-29
 267.744682      1.238  34.627664    14.8071     4.6198      1.228    27.6979    20.3903 -9.990e-29
 267.744688      1.233  34.634475    14.8071     4.6084      1.223    27.7039    20.3949 -9.990e-29
 267.744693      1.229  34.624667    14.8066     4.5721      1.219    27.6956    20.3886 -9.990e-29
 267.744699      1.233  34.610361    14.8046     4.5376      1.223    27.6843    20.3804 -9.990e-29
 267.744705      1.238  34.617274    14.8024     4.5075      1.228    27.6920    20.3867 -9.990e-29
 267.744711      1.243  34.635593    14.8010     4.4704      1.233    27.7092    20.4003 -9.990e-29
 267.744716      1.247  34.627609    14.8008     4.4395      1.237    27.7023    20.3950 -9.990e-29
 267.744722      1.249  34.605075    14.7995     4.3905      1.239    27.6832    20.3806 -9.990e-29
 267.744728      1.251  34.578817    14.7943     4.3500      1.241    27.6636    20.3666 -9.990e-29
 267.744734      1.253  34.559735    14.7862     4.3088      1.243    27.6525    20.3597 -9.990e-29
 267.744740      1.254  34.562701    14.7830     4.2799      1.244    27.6574    20.3641 -9.990e-29
 267.744745      1.255  34.570401    14.7878     4.2637      1.245    27.6608    20.3657 -9.990e-29
 267.744751      1.256  34.574631    14.7930     4.2420      1.246    27.6608    20.3647 -9.990e-29
 267.744757      1.257  34.584393    14.7941     4.2160      1.247    27.6687    20.3706 -9.990e-29
 267.744763      1.257  34.578001    14.7929     4.1993      1.247    27.6639    20.3671 -9.990e-29
 267.744769      1.258  34.567093    14.7917     4.1844      1.247    27.6551    20.3606 -9.990e-29
 267.744774      1.258  34.569599    14.7925     4.1675      1.247    27.6567    20.3617 -9.990e-29
 267.744780      1.258  34.556397    14.7937     4.1546      1.247    27.6442    20.3518 -9.990e-29
 267.744786      1.259  34.528362    14.7914     4.1454      1.248    27.6210    20.3344 -9.990e-29
 267.744792      1.259  34.511381    14.7860     4.1296      1.248    27.6097    20.3269 -9.990e-29
 267.744797      1.259  34.519764    14.7815     4.1270      1.248    27.6203    20.3359 -9.990e-29
 267.744803      1.259  34.540065    14.7812     4.1195      1.248    27.6386    20.3500 -9.990e-29
 267.744809      1.260  34.548971    14.7839     4.1063      1.249    27.6445    20.3540 -9.990e-29
 267.744815      1.260  34.551644    14.7864     4.1045      1.249    27.6451    20.3540 -9.990e-29
 267.744821      1.260  34.543816    14.7892     4.1095      1.249    27.6362    20.3466 -9.990e-29
 267.744826      1.260  34.516734    14.7933     4.1261      1.249    27.6093    20.3250 -9.990e-29
 267.744832      1.261  34.500354    14.7987     4.1391      1.250    27.5910    20.3098 -9.990e-29
 267.744838      1.261  34.501950    14.8047     4.1296      1.250    27.5882    20.3064 -9.990e-29
 267.744844      1.262  34.501823    14.8107     4.1239      1.251    27.5838    20.3019 -9.990e-29
 267.744850      1.263  34.497009    14.8151     4.1642      1.252    27.5764    20.2953 -9.990e-29
 267.744855      1.264  34.485575    14.8149     4.1888      1.253    27.5664    20.2877 -9.990e-29
 267.744861      1.265  34.457883    14.8085     4.2222      1.254    27.5464    20.2736 -9.990e-29
 267.744867      1.267  34.426282    14.8022     4.2433      1.256    27.5229    20.2568 -9.990e-29
 267.744873      1.269  34.432055    14.8047     4.2449      1.258    27.5262    20.2588 -9.990e-29
 267.744878      1.272  34.462188    14.8133     4.2789      1.261    27.5469    20.2729 -9.990e-29
 267.744884      1.276  34.457218    14.8223     4.3621      1.265    27.5361    20.2628 -9.990e-29
 267.744890      1.281  34.398208    14.8295     4.5627      1.270    27.4788    20.2173 -9.990e-29
 267.744896      1.287  34.333561    14.8282     4.8505      1.276    27.4225    20.1743 -9.990e-29
 267.744902      1.295  34.335511    14.8186     5.1128      1.284    27.4310    20.1828 -9.990e-29
 267.744907      1.305  34.376438    14.8170     5.2539      1.294    27.4683    20.2118 -9.990e-29
 267.744913      1.319  34.387202    14.8288     5.2567      1.308    27.4695    20.2103 -9.990e-29
 267.744919      1.331  34.353608    14.8426     5.1400      1.320    27.4301    20.1772 -9.990e-29
 267.744925      1.340  34.300284    14.8481     4.9968      1.329    27.3791    20.1369 -9.990e-29
 267.744931      1.346  34.299447    14.8415     4.8683      1.335    27.3830    20.1412 -9.990e-29
 267.744936      1.348  34.329838    14.8313     4.7539      1.337    27.4170    20.1694 -9.990e-29
 267.744942      1.352  34.334579    14.8301     4.6596      1.341    27.4221    20.1736 -9.990e-29
 267.744948      1.358  34.337912    14.8378     4.5635      1.347    27.4196    20.1701 -9.990e-29
 267.744954      1.361  34.343163    14.8448     4.4893      1.350    27.4193    20.1685 -9.990e-29
 267.744959      1.362  34.351742    14.8466     4.4448      1.351    27.4257    20.1729 -9.990e-29
 267.744965      1.362  34.362781    14.8471     4.4257      1.351    27.4351    20.1801 -9.990e-29
 267.744971      1.359  34.361899    14.8504     4.3986      1.348    27.4320    20.1770 -9.990e-29
 267.744977      1.354  34.356879    14.8561     4.3818      1.343    27.4235    20.1694 -9.990e-29
 267.744983      1.346  34.355588    14.8602     4.3503      1.335    27.4195    20.1654 -9.990e-29
 267.744988      1.336  34.348475    14.8598     4.3210      1.325    27.4135    20.1609 -9.990e-29
 267.744994      1.326  34.338939    14.8574     4.2882      1.315    27.4068    20.1562 -9.990e-29
 267.745000      1.320  34.326589    14.8559     4.2547      1.309    27.3969    20.1489 -9.990e-29
 267.745006      1.318  34.310075    14.8529     4.2522      1.307    27.3844    20.1399 -9.990e-29
 267.745012      1.320  34.304331    14.8451     4.2712      1.309    27.3848    20.1418 -9.990e-29
 267.745017      1.326  34.302825    14.8367     4.3551      1.315    27.3893    20.1471 -9.990e-29
 267.745023      1.331  34.295158    14.8343     4.4629      1.320    27.3842    20.1436 -9.990e-29
 267.745029      1.329  34.294623    14.8373     4.5513      1.318    27.3817    20.1410 -9.990e-29
 267.745035      1.318  34.308347    14.8370     4.5976      1.307    27.3940    20.1506 -9.990e-29
 267.745041      1.306  34.318248    14.8275     4.5828      1.295    27.4094    20.1644 -9.990e-29
