data/oxygen options/ONMS/Olympic_Coast_National_Marine_Sanctuary_CTD_Data_2005_2023/raw_data/2018/CAST_CE042_180709faed.cnv
* Sea-Bird SBE19 Data File:
* FileName = C:\2018 Mooring Data\Casts\CAST_CE042_180709.hex
* Software Version 1.59
* Temperature SN = 2997
* Conductivity SN = 2997
* System UpLoad Time = Jul 09 2018 18:00:52
** CAST_CE042_180709
* ds
# nquan = 9                                 
# nvalues = 1061                        
# units = specified
# name 0 = timeJ: Julian Days
# name 1 = prSM: Pressure, Strain Gauge [db]
# name 2 = c0mS/cm: Conductivity [mS/cm]
# name 3 = t090C: Temperature [ITS-90, deg C]
# name 4 = sbeox0ML/L: Oxygen, SBE 43 [ml/l]
# name 5 = depSM: Depth [salt water, m], lat = 47.5
# name 6 = sal00: Salinity, Practical [PSU]
# name 7 = sigma-é00: Density [sigma-theta, kg/m^3]
# name 8 = flag: flag
# span 0 = 190.690799, 190.696933       
# span 1 =     -4.914,     45.421       
# span 2 =  -0.000812,  40.247371       
# span 3 =     7.9159,    17.8095       
# span 4 =    -1.7812,    19.4894       
# span 5 =     -4.873,     45.037       
# span 6 =     0.0000,    33.8472       
# span 7 =    -1.3682,    26.3814       
# span 8 = 0.0000e+00, 0.0000e+00       
# interval = seconds: 0.5
# start_time = Jul 09 2018 16:34:45 [Instrument's time stamp, header]
# bad_flag = -9.990e-29
*END*
[from data line 481]
 190.693582      0.676  40.213547    15.5722    -1.5064      0.670    32.0746    23.5935 -9.990e-29
 190.693588      0.686  40.183494    15.5785    -1.5066      0.680    32.0428    23.5676 -9.990e-29
 190.693594      0.694  40.165428    15.5784    -1.5064      0.688    32.0268    23.5553 -9.990e-29
 190.693600      0.700  40.165054    15.5764    -1.5067      0.694    32.0281    23.5568 -9.990e-29
 190.693605      0.706  40.171314    15.5787    -1.5070      0.700    32.0318    23.5591 -9.990e-29
 190.693611      0.710  40.178027    15.5882    -1.5075      0.704    32.0300    23.5557 -9.990e-29
 190.693617      0.714  40.182923    15.5976    -1.5070      0.708    32.0268    23.5511 -9.990e-29
 190.693623      0.717  40.186314    15.6007    -1.5068      0.711    32.0272    23.5508 -9.990e-29
 190.693628      0.720  40.193774    15.6002    -1.5064      0.714    32.0343    23.5563 -9.990e-29
 190.693634      0.723  40.205097    15.5987    -1.5065      0.717    32.0456    23.5653 -9.990e-29
 190.693640      0.726  40.210099    15.5958    -1.5071      0.720    32.0524    23.5711 -9.990e-29
 190.693646      0.730  40.204733    15.5862    -1.5071      0.724    32.0554    23.5756 -9.990e-29
 190.693652      0.734  40.200260    15.5683    -1.5066      0.728    32.0660    23.5877 -9.990e-29
 190.693657      0.739  40.214735    15.5555    -1.5070      0.733    32.0893    23.6084 -9.990e-29
 190.693663      0.741  40.242173    15.5600    -1.5069      0.735    32.1100    23.6234 -9.990e-29
 190.693669      0.736  40.247371    15.5750    -1.5068      0.730    32.1024    23.6142 -9.990e-29
 190.693675      0.728  40.220375    15.5839    -1.5073      0.722    32.0712    23.5882 -9.990e-29
 190.693681      0.720  40.194590    15.5827    -1.5072      0.714    32.0492    23.5716 -9.990e-29
 190.693686      0.712  40.197759    15.5781    -1.5072      0.706    32.0558    23.5777 -9.990e-29
 190.693692      0.708  40.216668    15.5747    -1.5069      0.702    32.0754    23.5935 -9.990e-29
 190.693698      0.712  40.219873    15.5726    -1.5070      0.706    32.0799    23.5974 -9.990e-29
 190.693704      0.720  40.207654    15.5721    -1.5073      0.714    32.0695    23.5895 -9.990e-29
 190.693709      0.727  40.206784    15.5758    -1.5071      0.721    32.0657    23.5858 -9.990e-29
 190.693715      0.735  40.212671    15.5818    -1.5071      0.729    32.0660    23.5847 -9.990e-29
 190.693721      0.744  40.201716    15.5813    -1.5066      0.738    32.0567    23.5777 -9.990e-29
 190.693727      0.750  40.184454    15.5707    -1.5065      0.744    32.0500    23.5748 -9.990e-29
 190.693733      0.749  40.180379    15.5594    -1.5074      0.743    32.0555    23.5816 -9.990e-29
 190.693738      0.746  40.193509    15.5597    -1.5084      0.740    32.0670    23.5903 -9.990e-29
 190.693744      0.745  40.213266    15.5688    -1.5087      0.739    32.0771    23.5961 -9.990e-29
 190.693750      0.745  40.215494    15.5715    -1.5086      0.739    32.0769    23.5954 -9.990e-29
 190.693756      0.747  40.199731    15.5636    -1.5080      0.741    32.0693    23.5913 -9.990e-29
 190.693762      0.751  40.192512    15.5553    -1.5084      0.745    32.0697    23.5934 -9.990e-29
 190.693767      0.757  40.207671    15.5560    -1.5091      0.751    32.0826    23.6031 -9.990e-29
 190.693773      0.764  40.231732    15.5650    -1.5092      0.758    32.0966    23.6120 -9.990e-29
 190.693779      0.771  40.244036    15.5690    -1.5090      0.765    32.1043    23.6170 -9.990e-29
 190.693785      0.772  40.235145    15.5526    -1.5090      0.766    32.1098    23.6248 -9.990e-29
 190.693791      0.772  40.208263    15.5212    -1.5088      0.766    32.1114    23.6330 -9.990e-29
 190.693796      0.776  40.191350    15.4990    -1.5087      0.770    32.1145    23.6402 -9.990e-29
 190.693802      0.778  40.204358    15.5000    -1.5092      0.772    32.1253    23.6483 -9.990e-29
 190.693808      0.776  40.220851    15.5147    -1.5090      0.770    32.1280    23.6471 -9.990e-29
 190.693814      0.773  40.211196    15.5205    -1.5091      0.767    32.1146    23.6356 -9.990e-29
 190.693819      0.774  40.176459    15.5088    -1.5091      0.768    32.0932    23.6217 -9.990e-29
 190.693825      0.778  40.141971    15.4932    -1.5086      0.772    32.0752    23.6113 -9.990e-29
 190.693831      0.781  40.136753    15.4870    -1.5082      0.774    32.0756    23.6129 -9.990e-29
 190.693837      0.779  40.158254    15.4922    -1.5081      0.772    32.0906    23.6233 -9.990e-29
 190.693843      0.777  40.175679    15.5040    -1.5082      0.771    32.0965    23.6252 -9.990e-29
 190.693848      0.775  40.170168    15.5106    -1.5092      0.769    32.0862    23.6159 -9.990e-29
 190.693854      0.767  40.146629    15.5047    -1.5102      0.761    32.0700    23.6047 -9.990e-29
 190.693860      0.758  40.125712    15.4943    -1.5103      0.752    32.0599    23.5992 -9.990e-29
 190.693866      0.752  40.129324    15.4906    -1.5102      0.746    32.0661    23.6048 -9.990e-29
 190.693872      0.747  40.151000    15.4956    -1.5100      0.741    32.0813    23.6154 -9.990e-29
 190.693877      0.745  40.164102    15.5055    -1.5099      0.739    32.0849    23.6160 -9.990e-29
 190.693883      0.744  40.166417    15.5161    -1.5101      0.738    32.0784    23.6086 -9.990e-29
 190.693889      0.744  40.170487    15.5236    -1.5099      0.738    32.0759    23.6051 -9.990e-29
 190.693895      0.746  40.169903    15.5216    -1.5096      0.740    32.0770    23.6064 -9.990e-29
 190.693900      0.749  40.154853    15.5054    -1.5096      0.743    32.0768    23.6098 -9.990e-29
 190.693906      0.755  40.128731    15.4807    -1.5096      0.749    32.0736    23.6128 -9.990e-29
 190.693912      0.762  40.103699    15.4601    -1.5097      0.756    32.0681    23.6130 -9.990e-29
 190.693918      0.772  40.098970    15.4528    -1.5100      0.766    32.0698    23.6160 -9.990e-29
 190.693924      0.782  40.117126    15.4583    -1.5097      0.775    32.0815    23.6238 -9.990e-29
 190.693929      0.786  40.131315    15.4687    -1.5096      0.779    32.0857    23.6247 -9.990e-29
 190.693935      0.791  40.122845    15.4761    -1.5095      0.784    32.0721    23.6126 -9.990e-29
 190.693941      0.800  40.101083    15.4792    -1.5093      0.793    32.0502    23.5951 -9.990e-29
 190.693947      0.810  40.088491    15.4814    -1.5093      0.803    32.0372    23.5846 -9.990e-29
 190.693953      0.817  40.095100    15.4854    14.9308      0.810    32.0398    23.5857 -9.990e-29
 190.693958      0.821  40.106121    15.4901    19.2629      0.814    32.0458    23.5893 -9.990e-29
 190.693964      0.824  40.104241    15.4907    19.4894      0.817    32.0436    23.5875 -9.990e-29
 190.693970      0.829  40.090803    15.4871    16.3590      0.822    32.0346    23.5813 -9.990e-29
 190.693976      0.836  40.080877    15.4840     9.6731      0.829    32.0283    23.5772 -9.990e-29
 190.693981      0.842  40.085809    15.4839     9.9370      0.835    32.0327    23.5806 -9.990e-29
 190.693987      0.847  40.101457    15.4866    10.2810      0.840    32.0445    23.5891 -9.990e-29
 190.693993      0.852  40.113876    15.4917    10.3042      0.845    32.0514    23.5933 -9.990e-29
 190.693999      0.857  40.118263    15.4978    10.1842      0.850    32.0503    23.5911 -9.990e-29
 190.694005      0.858  40.115353    15.5032    10.0664      0.851    32.0433    23.5846 -9.990e-29
 190.694010      0.854  40.099514    15.5067     9.9731      0.847    32.0264    23.5707 -9.990e-29
 190.694016      0.855  40.079252    15.5087     9.9194      0.848    32.0067    23.5552 -9.990e-29
 190.694022      0.860  40.067260    15.5092     9.8975      0.853    31.9957    23.5466 -9.990e-29
 190.694028      0.861  40.058684    15.5097     9.8819      0.854    31.9876    23.5403 -9.990e-29
 190.694034      0.853  40.053785    15.5133     9.8786      0.846    31.9803    23.5339 -9.990e-29
 190.694039      0.842  40.054923    15.5197     9.8604      0.835    31.9761    23.5293 -9.990e-29
 190.694045      0.834  40.057940    15.5257     9.8521      0.827    31.9740    23.5263 -9.990e-29
 190.694051      0.833  40.061747    15.5314     9.8325      0.826    31.9727    23.5241 -9.990e-29
 190.694057      0.839  40.064627    15.5382     9.7919      0.832    31.9698    23.5203 -9.990e-29
 190.694063      0.848  40.066989    15.5429     9.7538      0.841    31.9680    23.5179 -9.990e-29
 190.694068      0.853  40.074152    15.5425     9.7171      0.846    31.9747    23.5232 -9.990e-29
 190.694074      0.853  40.084950    15.5388     9.7063      0.846    31.9874    23.5337 -9.990e-29
 190.694080      0.853  40.089058    15.5362     9.7277      0.846    31.9931    23.5387 -9.990e-29
 190.694086      0.853  40.083476    15.5368     9.7787      0.846    31.9877    23.5344 -9.990e-29
 190.694091      0.858  40.075257    15.5376     9.8398      0.851    31.9797    23.5281 -9.990e-29
 190.694097      0.866  40.069058    15.5362     9.8883      0.859    31.9753    23.5250 -9.990e-29
 190.694103      0.872  40.065510    15.5342     9.9093      0.865    31.9738    23.5243 -9.990e-29
 190.694109      0.873  40.064851    15.5347     9.9010      0.866    31.9728    23.5234 -9.990e-29
 190.694115      0.881  40.067251    15.5391     9.9077      0.874    31.9714    23.5213 -9.990e-29
 190.694120      0.894  40.072479    15.5453     9.9183      0.887    31.9710    23.5197 -9.990e-29
 190.694126      0.905  40.080150    15.5524     9.9287      0.897    31.9720    23.5189 -9.990e-29
 190.694132      0.911  40.090895    15.5617     9.8955      0.903    31.9740    23.5184 -9.990e-29
 190.694138      0.917  40.102721    15.5711     9.8327      0.909    31.9769    23.5186 -9.990e-29
 190.694144      0.926  40.108914    15.5750     9.8156      0.918    31.9792    23.5195 -9.990e-29
 190.694149      0.935  40.108697    15.5728     9.8396      0.927    31.9808    23.5212 -9.990e-29
 190.694155      0.941  40.107314    15.5688     9.8768      0.933    31.9829    23.5236 -9.990e-29
 190.694161      0.944  40.106214    15.5662     9.9077      0.936    31.9840    23.5251 -9.990e-29
 190.694167      0.943  40.106097    15.5647     9.9013      0.935    31.9851    23.5263 -9.990e-29
 190.694172      0.940  40.107858    15.5639     9.8812      0.932    31.9873    23.5281 -9.990e-29
 190.694178      0.934  40.109290    15.5643     9.8649      0.926    31.9883    23.5288 -9.990e-29
 190.694184      0.924  40.108868    15.5655     9.8584      0.916    31.9869    23.5275 -9.990e-29
 190.694190      0.910  40.107078    15.5666     9.8617      0.902    31.9844    23.5253 -9.990e-29
 190.694196      0.895  40.104826    15.5675     9.8435      0.888    31.9817    23.5230 -9.990e-29
 190.694201      0.887  40.103519    15.5691     9.8136      0.880    31.9793    23.5208 -9.990e-29
 190.694207      0.890  40.101905    15.5710     9.8015      0.883    31.9763    23.5181 -9.990e-29
 190.694213      0.899  40.097759    15.5718     9.8061      0.891    31.9719    23.5146 -9.990e-29
 190.694219      0.906  40.092768    15.5716     9.8042      0.898    31.9677    23.5113 -9.990e-29
 190.694225      0.908  40.091969    15.5712     9.7957      0.900    31.9673    23.5111 -9.990e-29
 190.694230      0.905  40.096468    15.5705     9.8062      0.897    31.9718    23.5148 -9.990e-29
 190.694236      0.901  40.100426    15.5688     9.8188      0.893    31.9767    23.5189 -9.990e-29
 190.694242      0.904  40.100083    15.5654     9.8320      0.896    31.9792    23.5216 -9.990e-29
 190.694248      0.915  40.093792    15.5611     9.7989      0.907    31.9771    23.5209 -9.990e-29
 190.694253      0.925  40.082618    15.5584     9.7344      0.917    31.9693    23.5155 -9.990e-29
 190.694259      0.931  40.077921    15.5572     9.7207      0.923    31.9661    23.5133 -9.990e-29
 190.694265      0.933  40.084013    15.5551     9.7478      0.925    31.9733    23.5193 -9.990e-29
 190.694271      0.931  40.089334    15.5528     9.8038      0.923    31.9799    23.5248 -9.990e-29
 190.694277      0.930  40.088581    15.5512     9.8437      0.922    31.9805    23.5257 -9.990e-29
 190.694282      0.933  40.081800    15.5499     9.8477      0.925    31.9755    23.5221 -9.990e-29
 190.694288      0.938  40.074444    15.5496     9.8169      0.930    31.9692    23.5174 -9.990e-29
 190.694294      0.939  40.076246    15.5504     9.7924      0.931    31.9702    23.5179 -9.990e-29
 190.694300      0.936  40.083011    15.5515     9.8031      0.928    31.9753    23.5216 -9.990e-29
 190.694306      0.935  40.088022    15.5520     9.8155      0.927    31.9793    23.5246 -9.990e-29
 190.694311      0.939  40.089674    15.5515     9.8220      0.931    31.9812    23.5262 -9.990e-29
 190.694317      0.943  40.088954    15.5513     9.8063      0.935    31.9807    23.5259 -9.990e-29
 190.694323      0.945  40.090049    15.5520     9.7935      0.937    31.9811    23.5260 -9.990e-29
 190.694329      0.944  40.092666    15.5528     9.8048      0.936    31.9828    23.5271 -9.990e-29
 190.694334      0.940  40.095182    15.5537     9.8184      0.932    31.9843    23.5281 -9.990e-29
 190.694340      0.937  40.098078    15.5543     9.8201      0.929    31.9864    23.5296 -9.990e-29
 190.694346      0.939  40.100664    15.5542     9.7902      0.931    31.9888    23.5314 -9.990e-29
 190.694352      0.942  40.102956    15.5533     9.7964      0.934    31.9916    23.5337 -9.990e-29
 190.694358      0.942  40.104578    15.5506     9.7989      0.934    31.9952    23.5371 -9.990e-29
 190.694363      0.944  40.102578    15.5472     9.7967      0.936    31.9962    23.5386 -9.990e-29
 190.694369      0.951  40.098142    15.5461     9.7942      0.943    31.9931    23.5365 -9.990e-29
 190.694375      0.959  40.095932    15.5465     9.7915      0.951    31.9908    23.5347 -9.990e-29
 190.694381      0.966  40.096289    15.5469     9.8025      0.958    31.9908    23.5346 -9.990e-29
 190.694387      0.972  40.097938    15.5473     9.8039      0.964    31.9920    23.5354 -9.990e-29
 190.694392      0.976  40.100206    15.5476     9.7966      0.968    31.9937    23.5367 -9.990e-29
 190.694398      0.979  40.101002    15.5492     9.8094      0.971    31.9931    23.5359 -9.990e-29
 190.694404      0.981  40.100198    15.5517     9.8123      0.973    31.9904    23.5332 -9.990e-29
 190.694410      0.983  40.097770    15.5510     9.8162      0.975    31.9888    23.5321 -9.990e-29
 190.694416      0.985  40.093214    15.5471     9.8085      0.977    31.9879    23.5323 -9.990e-29
 190.694421      0.986  40.089349    15.5432     9.7994      0.978    31.9876    23.5329 -9.990e-29
 190.694427      0.987  40.087676    15.5396     9.8121      0.979    31.9891    23.5348 -9.990e-29
 190.694433      0.988  40.088135    15.5369     9.7719      0.980    31.9917    23.5374 -9.990e-29
 190.694439      0.988  40.090707    15.5375     9.7519      0.980    31.9935    23.5387 -9.990e-29
 190.694444      0.989  40.094826    15.5413     9.7514      0.981    31.9941    23.5383 -9.990e-29
 190.694450      0.989  40.098069    15.5449     9.7555      0.981    31.9940    23.5375 -9.990e-29
 190.694456      0.989  40.097965    15.5463     9.7891      0.981    31.9928    23.5362 -9.990e-29
 190.694462      0.989  40.096546    15.5464     9.8139      0.981    31.9914    23.5352 -9.990e-29
 190.694468      0.989  40.096334    15.5458     9.8359      0.981    31.9917    23.5355 -9.990e-29
 190.694473      0.990  40.097537    15.5447     9.8519      0.982    31.9937    23.5373 -9.990e-29
 190.694479      0.990  40.098886    15.5441     9.8500      0.982    31.9954    23.5387 -9.990e-29
 190.694485      0.990  40.099868    15.5452     9.8391      0.982    31.9954    23.5384 -9.990e-29
 190.694491      0.990  40.101722    15.5486     9.7947      0.982    31.9943    23.5368 -9.990e-29
 190.694497      0.990  40.104608    15.5535     9.7794      0.982    31.9928    23.5347 -9.990e-29
