data/oxygen options/ONMS/Olympic_Coast_National_Marine_Sanctuary_CTD_Data_2005_2023/raw_data/2018/CAST_CE015_180924faed.cnv
* Sea-Bird SBE 19 Data File:
* FileName = C:\2018 Mooring Data\Casts\CAST_CE015_180924.hex
* Software Version SeatermAF 2.1.2
* Temperature SN = 2997
* Conductivity SN = 2997
* System UpLoad Time = Sep 24 2018 18:21:54 (localtime) = Sep 24 2018 18:21:54 (UTC)
** CAST_CE015_180924
* ds
# nquan = 9                                 
# nvalues = 853                         
# units = specified
# name 0 = timeJ: Julian Days
# name 1 = prSM: Pressure, Strain Gauge [db]
# name 2 = c0mS/cm: Conductivity [mS/cm]
# name 3 = t090C: Temperature [ITS-90, deg C]
# name 4 = sbeox0ML/L: Oxygen, SBE 43 [ml/l]
# name 5 = depSM: Depth [salt water, m], lat = 47.5
# name 6 = sal00: Salinity, Practical [PSU]
# name 7 = sigma-é00: Density [sigma-theta, kg/m^3]
# name 8 = flag: flag
# span 0 = 267.741343, 267.746273       
# span 1 =     -4.639,     16.878       
# span 2 =   0.399661,  38.092908       
# span 3 =    13.6298,    16.1929       
# span 4 =    -1.8760,    15.0809       
# span 5 =     -4.600,     16.736       
# span 6 =     0.2344,    31.7270       
# span 7 =    -0.9060,    23.7345       
# span 8 = 0.0000e+00, 0.0000e+00       
# interval = seconds: 0.5
# start_time = Sep 24 2018 17:47:32 [Instrument's time stamp, header]
# bad_flag = -9.990e-29
*END*
 267.741343     -4.639 -9.990e-29    15.9395    -1.8162     -4.600 -9.990e-29 -9.990e-29 -9.990e-29
 267.741348     -4.631   0.399662    15.9246    -1.8164     -4.592     0.2349    -0.8618 -9.990e-29
 267.741354     -4.620   0.399662    15.9155    -1.8162     -4.581     0.2350    -0.8602 -9.990e-29
 267.741360     -4.606   0.399662    15.9147    -1.8159     -4.568     0.2350    -0.8601 -9.990e-29
 267.741366     -4.589   0.399662    15.9190    -1.8153     -4.551     0.2350    -0.8608 -9.990e-29
 267.741372     -4.566   0.399662    15.9255    -1.8146     -4.528     0.2349    -0.8619 -9.990e-29
 267.741377     -4.537   0.399662    15.9313    -1.8143     -4.499     0.2349    -0.8629 -9.990e-29
 267.741383     -4.504   0.399661    15.9324    -1.8142     -4.466     0.2349    -0.8631 -9.990e-29
 267.741389     -4.473   0.399661    15.9290    -1.8142     -4.436     0.2349    -0.8625 -9.990e-29
 267.741395     -4.447   0.399661    15.9247    -1.8140     -4.410     0.2349    -0.8618 -9.990e-29
 267.741400     -4.424   0.399661    15.9231    -1.8138     -4.387     0.2349    -0.8615 -9.990e-29
 267.741406     -4.402   0.399661    15.9264    -1.8137     -4.365     0.2349    -0.8621 -9.990e-29
 267.741412     -4.381   0.399662    15.9349    -1.8131     -4.344     0.2349    -0.8635 -9.990e-29
 267.741418     -4.358   0.399666    15.9472    -1.8128     -4.322     0.2348    -0.8655 -9.990e-29
 267.741424     -4.333   0.399678    15.9600    -1.8129     -4.297     0.2347    -0.8676 -9.990e-29
 267.741429     -4.304   0.399715    15.9696    -1.8125     -4.268     0.2347    -0.8692 -9.990e-29
 267.741435     -4.269   0.399824    15.9757    -1.8122     -4.233     0.2347    -0.8702 -9.990e-29
 267.741441     -4.229   0.400152    15.9798    -1.8118     -4.194     0.2349    -0.8707 -9.990e-29
 267.741447     -4.192   0.400583    15.9840    -1.8120     -4.157     0.2352    -0.8712 -9.990e-29
 267.741453     -4.159   0.400584    15.9891    -1.8123     -4.124     0.2351    -0.8721 -9.990e-29
 267.741458     -4.128   0.400157    15.9960    -1.8118     -4.094     0.2348    -0.8734 -9.990e-29
 267.741464     -4.096   0.399841    16.0051    -1.8109     -4.062     0.2346    -0.8751 -9.990e-29
 267.741470     -4.062   0.399769    16.0132    -1.8098     -4.028     0.2345    -0.8765 -9.990e-29
 267.741476     -4.024   0.399843    16.0194    -1.8091     -3.990     0.2345    -0.8775 -9.990e-29
 267.741481     -3.984   0.400163    16.0263    -1.8090     -3.951     0.2347    -0.8785 -9.990e-29
 267.741487     -3.947   0.400604    16.0339    -1.8090     -3.914     0.2349    -0.8796 -9.990e-29
 267.741493     -3.916   0.400643    16.0391    -1.8086     -3.883     0.2349    -0.8804 -9.990e-29
 267.741499     -3.888   0.400335    16.0405    -1.8080     -3.856     0.2347    -0.8808 -9.990e-29
 267.741505     -3.862   0.400376    16.0431    -1.8076     -3.830     0.2347    -0.8812 -9.990e-29
 267.741510     -3.836   0.400820    16.0541    -1.8073     -3.804     0.2349    -0.8829 -9.990e-29
 267.741516     -3.808   0.401152    16.0734    -1.8072     -3.776     0.2350    -0.8859 -9.990e-29
 267.741522     -3.777   0.401263    16.0947    -1.8070     -3.746     0.2349    -0.8895 -9.990e-29
 267.741528     -3.746   0.401300    16.1111    -1.8067     -3.715     0.2349    -0.8922 -9.990e-29
 267.741534     -3.715   0.401312    16.1209    -1.8068     -3.684     0.2348    -0.8939 -9.990e-29
 267.741539     -3.684   0.401316    16.1283    -1.8068     -3.653     0.2348    -0.8951 -9.990e-29
 267.741545     -3.655   0.401318    16.1381    -1.8068     -3.625     0.2347    -0.8968 -9.990e-29
 267.741551     -3.629   0.401318    16.1499    -1.8065     -3.599     0.2347    -0.8988 -9.990e-29
 267.741557     -3.606   0.401318    16.1604    -1.8064     -3.576     0.2346    -0.9005 -9.990e-29
 267.741562     -3.584   0.401317    16.1683    -1.8063     -3.554     0.2346    -0.9019 -9.990e-29
 267.741568     -3.561   0.401317    16.1739    -1.8069     -3.531     0.2345    -0.9028 -9.990e-29
 267.741574     -3.537   0.401317    16.1788    -1.8083     -3.508     0.2345    -0.9036 -9.990e-29
 267.741580     -3.509   0.401317    16.1831    -1.8094     -3.480     0.2345    -0.9044 -9.990e-29
 267.741586     -3.475   0.401317    16.1857    -1.8098     -3.446     0.2345    -0.9048 -9.990e-29
 267.741591     -3.439   0.401317    16.1873    -1.8103     -3.410     0.2345    -0.9051 -9.990e-29
 267.741597     -3.406   0.401316    16.1893    -1.8106     -3.378     0.2345    -0.9054 -9.990e-29
 267.741603     -3.378   0.401316    16.1920    -1.8112     -3.350     0.2344    -0.9059 -9.990e-29
 267.741609     -3.354   0.401316    16.1929    -1.8113     -3.326     0.2344    -0.9060 -9.990e-29
 267.741615     -3.332   0.401316    16.1875    -1.8114     -3.304     0.2345    -0.9051 -9.990e-29
 267.741620     -3.311   0.401316    16.1715    -1.8117     -3.283     0.2346    -0.9024 -9.990e-29
 267.741626     -3.289   0.401315    16.1472    -1.8122     -3.262     0.2347    -0.8983 -9.990e-29
 267.741632     -3.265   0.401315    16.1238    -1.8125     -3.238     0.2348    -0.8943 -9.990e-29
 267.741638     -3.237   0.401315    16.1063    -1.8128     -3.210     0.2349    -0.8914 -9.990e-29
 267.741644     -3.209   0.401315    16.0929    -1.8129     -3.182     0.2350    -0.8891 -9.990e-29
 267.741649     -3.182   0.401315    16.0817    -1.8131     -3.155     0.2350    -0.8873 -9.990e-29
 267.741655     -3.154   0.401315    16.0723    -1.8131     -3.128     0.2351    -0.8857 -9.990e-29
 267.741661     -3.129   0.401314    16.0653    -1.8133     -3.103     0.2351    -0.8845 -9.990e-29
 267.741667     -3.109   0.401314    16.0590    -1.8138     -3.083     0.2352    -0.8834 -9.990e-29
 267.741672     -3.092   0.401314    16.0511    -1.8141     -3.066     0.2352    -0.8821 -9.990e-29
 267.741678     -3.078   0.401314    16.0418    -1.8142     -3.052     0.2353    -0.8806 -9.990e-29
 267.741684     -3.065   0.401315    16.0328    -1.8144     -3.039     0.2353    -0.8790 -9.990e-29
 267.741690     -3.054   0.401316    16.0254    -1.8154     -3.029     0.2354    -0.8778 -9.990e-29
 267.741696     -3.042   0.401320    16.0200    -1.8160     -3.017     0.2354    -0.8769 -9.990e-29
 267.741701     -3.030   0.401333    16.0159    -1.8163     -3.005     0.2354    -0.8762 -9.990e-29
 267.741707     -3.016   0.401373    16.0118    -1.8163     -2.991     0.2355    -0.8755 -9.990e-29
 267.741713     -3.001   0.401493    16.0057    -1.8165     -2.976     0.2356    -0.8744 -9.990e-29
 267.741719     -2.982   0.401852    15.9973    -1.8168     -2.957     0.2358    -0.8728 -9.990e-29
 267.741725     -2.958   0.402377    15.9893    -1.8167     -2.933     0.2362    -0.8713 -9.990e-29
 267.741730     -2.928   0.402660    15.9820    -1.8167     -2.904     0.2364    -0.8699 -9.990e-29
 267.741736     -2.895   0.402523    15.9715    -1.8167     -2.871     0.2364    -0.8682 -9.990e-29
 267.741742     -2.865   0.402340    15.9568    -1.8169     -2.841     0.2364    -0.8659 -9.990e-29
 267.741748     -2.840   0.402420    15.9431    -1.8171     -2.816     0.2365    -0.8635 -9.990e-29
 267.741753     -2.819   0.402315    15.9340    -1.8172     -2.795     0.2365    -0.8621 -9.990e-29
 267.741759     -2.800   0.401885    15.9281    -1.8174     -2.777     0.2362    -0.8613 -9.990e-29
 267.741765     -2.782   0.401667    15.9231    -1.8172     -2.759     0.2361    -0.8606 -9.990e-29
 267.741771     -2.764   0.401922    15.9192    -1.8171     -2.741     0.2363    -0.8598 -9.990e-29
 267.741777     -2.745   0.402438    15.9176    -1.8171     -2.722     0.2366    -0.8593 -9.990e-29
 267.741782     -2.723   0.402794    15.9172    -1.8171     -2.700     0.2368    -0.8590 -9.990e-29
 267.741788     -2.698   0.402913    15.9159    -1.8176     -2.676     0.2369    -0.8588 -9.990e-29
 267.741794     -2.672   0.402953    15.9125    -1.8178     -2.650     0.2370    -0.8582 -9.990e-29
 267.741800     -2.647   0.402966    15.9086    -1.8175     -2.625     0.2370    -0.8575 -9.990e-29
 267.741806     -2.622   0.402970    15.9056    -1.8174     -2.600     0.2370    -0.8570 -9.990e-29
 267.741811     -2.600   0.402972    15.9039    -1.8173     -2.578     0.2370    -0.8567 -9.990e-29
 267.741817     -2.584   0.402972    15.9045    -1.8168     -2.562     0.2370    -0.8568 -9.990e-29
 267.741823     -2.568   0.402971    15.9060    -1.8167     -2.547     0.2370    -0.8571 -9.990e-29
 267.741829     -2.546   0.402971    15.9061    -1.8165     -2.525     0.2370    -0.8571 -9.990e-29
 267.741834     -2.523   0.402971    15.9035    -1.8166     -2.502     0.2370    -0.8567 -9.990e-29
 267.741840     -2.500   0.402971    15.8987    -1.8168     -2.479     0.2371    -0.8559 -9.990e-29
 267.741846     -2.480   0.402971    15.8959    -1.8172     -2.459     0.2371    -0.8554 -9.990e-29
 267.741852     -2.467   0.402971    15.8975    -1.8173     -2.446     0.2371    -0.8557 -9.990e-29
 267.741858     -2.456   0.402970    15.9016    -1.8170     -2.436     0.2370    -0.8564 -9.990e-29
 267.741863     -2.440   0.402970    15.9071    -1.8167     -2.420     0.2370    -0.8573 -9.990e-29
 267.741869     -2.425   0.402970    15.9134    -1.8166     -2.405     0.2370    -0.8583 -9.990e-29
 267.741875     -2.412   0.402970    15.9185    -1.8168     -2.392     0.2369    -0.8592 -9.990e-29
 267.741881     -2.397   0.402970    15.9210    -1.8171     -2.377     0.2369    -0.8596 -9.990e-29
 267.741887     -2.375   0.402969    15.9202    -1.8179     -2.355     0.2369    -0.8595 -9.990e-29
 267.741892     -2.348   0.402969    15.9163    -1.8181     -2.328     0.2370    -0.8588 -9.990e-29
 267.741898     -2.323   0.402969    15.9120    -1.8189     -2.304     0.2370    -0.8581 -9.990e-29
 267.741904     -2.304   0.402969    15.9110    -1.8197     -2.285     0.2370    -0.8579 -9.990e-29
 267.741910     -2.288   0.402969    15.9140    -1.8203     -2.269     0.2370    -0.8584 -9.990e-29
 267.741916     -2.275   0.402968    15.9175    -1.8203     -2.256     0.2369    -0.8590 -9.990e-29
 267.741921     -2.265   0.402968    15.9181    -1.8204     -2.246     0.2369    -0.8591 -9.990e-29
 267.741927     -2.255   0.402969    15.9138    -1.8206     -2.236     0.2370    -0.8584 -9.990e-29
 267.741933     -2.246   0.402971    15.9043    -1.8213     -2.227     0.2370    -0.8568 -9.990e-29
 267.741939     -2.237   0.402976    15.8916    -1.8209     -2.218     0.2371    -0.8547 -9.990e-29
 267.741944     -2.228   0.402993    15.8774    -1.8194     -2.209     0.2372    -0.8523 -9.990e-29
 267.741950     -2.218   0.403043    15.8607    -1.8196     -2.200     0.2373    -0.8495 -9.990e-29
 267.741956     -2.206   0.403195    15.8436    -1.8217     -2.188     0.2375    -0.8466 -9.990e-29
 267.741962     -2.192   0.403651    15.8309    -1.8230     -2.174     0.2378    -0.8443 -9.990e-29
 267.741968     -2.175   0.404466    15.8234    -1.8234     -2.157     0.2384    -0.8427 -9.990e-29
 267.741973     -2.153   0.405617    15.8173    -1.8231     -2.135     0.2391    -0.8412 -9.990e-29
 267.741979     -2.125   0.408639    15.8086    -1.8229     -2.107     0.2410    -0.8383 -9.990e-29
 267.741985     -2.094   0.416454    15.7967    -1.8225     -2.077     0.2458    -0.8327 -9.990e-29
 267.741991     -2.066   0.435050    15.7828    -1.8223     -2.049     0.2571    -0.8217 -9.990e-29
 267.741997     -2.045   0.484791    15.7631    -1.8224     -2.028     0.2875    -0.7951 -9.990e-29
 267.742002     -2.027   0.593217    15.7316    -1.8227     -2.010     0.3542    -0.7384 -9.990e-29
 267.742008     -2.014   0.743109    15.6920    -1.8230     -1.997     0.4477    -0.6599 -9.990e-29
 267.742014     -2.002   0.868355    15.6565    -1.8234     -1.985     0.5268    -0.5932 -9.990e-29
 267.742020     -1.993   0.943665    15.6344    -1.8237     -1.976     0.5748    -0.5526 -9.990e-29
 267.742025     -1.985   0.997411    15.6244    -1.8235     -1.968     0.6091    -0.5246 -9.990e-29
 267.742031     -1.977   1.045280    15.6200    -1.8245     -1.961     0.6396    -0.5003 -9.990e-29
 267.742037     -1.969   1.089579    15.6168    -1.8254     -1.953     0.6680    -0.4779 -9.990e-29
 267.742043     -1.962   1.133398    15.6115    -1.8261     -1.946     0.6962    -0.4553 -9.990e-29
 267.742049     -1.953   1.176413    15.6025    -1.8263     -1.937     0.7239    -0.4324 -9.990e-29
 267.742054     -1.943   1.218888    15.5918    -1.8264     -1.927     0.7515    -0.4095 -9.990e-29
 267.742060     -1.927   1.257042    15.5814    -1.8269     -1.911     0.7763    -0.3887 -9.990e-29
 267.742066     -1.899   1.284296    15.5722    -1.8279     -1.883     0.7941    -0.3735 -9.990e-29
 267.742072     -1.867   1.301527    15.5648    -1.8288     -1.851     0.8054    -0.3636 -9.990e-29
 267.742078     -1.840   1.310277    15.5567    -1.8293     -1.825     0.8112    -0.3578 -9.990e-29
 267.742083     -1.818   1.310556    15.5442    -1.8297     -1.803     0.8117    -0.3555 -9.990e-29
 267.742089     -1.795   1.302913    15.5292    -1.8303     -1.780     0.8070    -0.3567 -9.990e-29
 267.742095     -1.773   1.286581    15.5169    -1.8304     -1.758     0.7967    -0.3627 -9.990e-29
 267.742101     -1.755   1.266943    15.5092    -1.8303     -1.740     0.7841    -0.3712 -9.990e-29
 267.742106     -1.740   1.249409    15.5028    -1.8301     -1.725     0.7729    -0.3788 -9.990e-29
 267.742112     -1.728   1.232772    15.4926    -1.8309     -1.714     0.7623    -0.3854 -9.990e-29
 267.742118     -1.717   1.213694    15.4770    -1.8325     -1.703     0.7503    -0.3922 -9.990e-29
 267.742124     -1.707   1.191681    15.4598    -1.8337     -1.693     0.7364    -0.4002 -9.990e-29
 267.742130     -1.697   1.171745    15.4451    -1.8346     -1.683     0.7238    -0.4076 -9.990e-29
 267.742135     -1.687   1.159452    15.4337    -1.8350     -1.673     0.7160    -0.4118 -9.990e-29
 267.742141     -1.675   1.154484    15.4261    -1.8352     -1.661     0.7130    -0.4130 -9.990e-29
 267.742147     -1.662   1.149107    15.4234    -1.8352     -1.648     0.7095    -0.4152 -9.990e-29
 267.742153     -1.645   1.136153    15.4230    -1.8355     -1.631     0.7012    -0.4216 -9.990e-29
 267.742159     -1.625   1.118300    15.4174    -1.8354     -1.611     0.6898    -0.4295 -9.990e-29
 267.742164     -1.600   1.104446    15.4004    -1.8353     -1.587     0.6811    -0.4335 -9.990e-29
 267.742170     -1.573   1.098288    15.3748    -1.8354     -1.560     0.6776    -0.4322 -9.990e-29
 267.742176     -1.549   1.093833    15.3495    -1.8359     -1.536     0.6752    -0.4301 -9.990e-29
 267.742182     -1.534   1.084030    15.3303    -1.8368     -1.521     0.6692    -0.4317 -9.990e-29
 267.742188     -1.520   1.069663    15.3187    -1.8376     -1.507     0.6601    -0.4369 -9.990e-29
 267.742193     -1.502   1.055962    15.3135    -1.8389     -1.489     0.6514    -0.4429 -9.990e-29
 267.742199     -1.485   1.045166    15.3117    -1.8396     -1.473     0.6444    -0.4479 -9.990e-29
 267.742205     -1.472   1.034518    15.3110    -1.8403     -1.460     0.6376    -0.4531 -9.990e-29
 267.742211     -1.460   1.021458    15.3105    -1.8406     -1.448     0.6292    -0.4595 -9.990e-29
 267.742216     -1.450   1.009079    15.3083    -1.8409     -1.438     0.6213    -0.4653 -9.990e-29
 267.742222     -1.441   1.003043    15.3019    -1.8409     -1.429     0.6175    -0.4672 -9.990e-29
 267.742228     -1.433   1.004170    15.2896    -1.8414     -1.421     0.6184    -0.4646 -9.990e-29
 267.742234     -1.424   1.006200    15.2722    -1.8418     -1.412     0.6200    -0.4606 -9.990e-29
 267.742240     -1.414   1.002418    15.2514    -1.8426     -1.402     0.6179    -0.4590 -9.990e-29
 267.742245     -1.404   0.992769    15.2294    -1.8433     -1.392     0.6120    -0.4602 -9.990e-29
 267.742251     -1.391   0.982122    15.2100    -1.8439     -1.379     0.6055    -0.4622 -9.990e-29
 267.742257     -1.375   0.974014    15.1949    -1.8445     -1.364     0.6005    -0.4637 -9.990e-29
 267.742263     -1.360   0.968164    15.1841    -1.8452     -1.349     0.5969    -0.4649 -9.990e-29
