data/oxygen options/ONMS/Olympic_Coast_National_Marine_Sanctuary_CTD_Data_2005_2023/raw_data/2018/CAST_TH042_180925faed.cnv
* Sea-Bird SBE 19 Data File:
* FileName = C:\2018 Mooring Data\Casts\CAST_TH042_180925.hex
* Software Version SeatermAF 2.1.2
* Temperature SN = 2997
* Conductivity SN = 2997
* System UpLoad Time = Sep 25 2018 16:35:04 (localtime) = Sep 25 2018 16:35:04 (UTC)
** CAST_TH042_180925
* ds
# nquan = 9                                 
# nvalues = 1290                        
# units = specified
# name 0 = timeJ: Julian Days
# name 1 = prSM: Pressure, Strain Gauge [db]
# name 2 = c0mS/cm: Conductivity [mS/cm]
# name 3 = t090C: Temperature [ITS-90, deg C]
# name 4 = sbeox0ML/L: Oxygen, SBE 43 [ml/l]
# name 5 = depSM: Depth [salt water, m], lat = 47.5
# name 6 = sal00: Salinity, Practical [PSU]
# name 7 = sigma-é00: Density [sigma-theta, kg/m^3]
# name 8 = flag: flag
# span 0 = 268.637894, 268.645353       
# span 1 =     -4.590,     43.720       
# span 2 =   0.061658,  44.505695       
# span 3 =     7.9279,    14.9924       
# span 4 =   -10.6122,    14.6582       
# span 5 =     -4.552,     43.351       
# span 6 =     0.0402,    36.6633       
# span 7 =    -0.5321,    27.3056       
# span 8 = 0.0000e+00, 0.0000e+00       
# interval = seconds: 0.5
# start_time = Sep 25 2018 15:18:34 [Instrument's time stamp, header]
# bad_flag = -9.990e-29
*END*
[from data line 641]
 268.641603      1.526  35.791448    14.5432     6.5746      1.513    28.9272    21.3900 -9.990e-29
 268.641609      1.526  35.789609    14.5437     6.5567      1.513    28.9252    21.3884 -9.990e-29
 268.641615      1.525  35.789921    14.5437     6.5644      1.512    28.9254    21.3886 -9.990e-29
 268.641620      1.525  35.791150    14.5435     6.5744      1.512    28.9267    21.3896 -9.990e-29
 268.641626      1.524  35.791047    14.5433     6.5690      1.511    28.9267    21.3897 -9.990e-29
 268.641632      1.522  35.790063    14.5434     6.5630      1.509    28.9258    21.3889 -9.990e-29
 268.641638      1.521  35.789158    14.5438     6.5886      1.508    28.9247    21.3880 -9.990e-29
 268.641644      1.519  35.787716    14.5442     6.5856      1.506    28.9231    21.3867 -9.990e-29
 268.641649      1.516  35.786084    14.5441     6.5765      1.503    28.9217    21.3856 -9.990e-29
 268.641655      1.513  35.785479    14.5436     6.5705      1.500    28.9215    21.3856 -9.990e-29
 268.641661      1.508  35.785683    14.5436     6.5642      1.495    28.9217    21.3858 -9.990e-29
 268.641667      1.502  35.786999    14.5448     6.5790      1.489    28.9220    21.3857 -9.990e-29
 268.641672      1.499  35.790654    14.5477     6.5932      1.486    28.9231    21.3860 -9.990e-29
 268.641678      1.503  35.798191    14.5529     6.5931      1.490    28.9260    21.3872 -9.990e-29
 268.641684      1.509  35.812410    14.5601     6.5827      1.496    28.9334    21.3914 -9.990e-29
 268.641690      1.515  35.832141    14.5663     6.5908      1.502    28.9465    21.4002 -9.990e-29
 268.641696      1.519  35.844523    14.5668     6.5848      1.506    28.9572    21.4083 -9.990e-29
 268.641701      1.522  35.840339    14.5626     6.5778      1.509    28.9566    21.4087 -9.990e-29
 268.641707      1.526  35.829161    14.5581     6.5693      1.513    28.9499    21.4045 -9.990e-29
 268.641713      1.529  35.817396    14.5544     6.5562      1.516    28.9421    21.3993 -9.990e-29
 268.641719      1.532  35.803948    14.5509     6.5524      1.519    28.9326    21.3927 -9.990e-29
 268.641725      1.536  35.793874    14.5484     6.5689      1.523    28.9255    21.3877 -9.990e-29
 268.641730      1.540  35.789453    14.5467     6.5829      1.527    28.9228    21.3859 -9.990e-29
 268.641736      1.545  35.787620    14.5442     6.5956      1.532    28.9230    21.3866 -9.990e-29
 268.641742      1.550  35.784282    14.5403     6.5640      1.537    28.9229    21.3873 -9.990e-29
 268.641748      1.558  35.778940    14.5369     6.5490      1.545    28.9206    21.3863 -9.990e-29
 268.641753      1.563  35.776260    14.5360     6.5509      1.550    28.9189    21.3851 -9.990e-29
 268.641759      1.561  35.777178    14.5373     6.5568      1.548    28.9188    21.3848 -9.990e-29
 268.641765      1.557  35.779028    14.5390     6.5712      1.544    28.9191    21.3847 -9.990e-29
 268.641771      1.556  35.780946    14.5400     6.5433      1.543    28.9201    21.3853 -9.990e-29
 268.641777      1.556  35.782721    14.5402     6.5545      1.543    28.9216    21.3863 -9.990e-29
 268.641782      1.557  35.783391    14.5400     6.5455      1.544    28.9223    21.3870 -9.990e-29
 268.641788      1.561  35.783321    14.5396     6.5418      1.548    28.9226    21.3872 -9.990e-29
 268.641794      1.567  35.784128    14.5394     6.5412      1.554    28.9234    21.3879 -9.990e-29
 268.641800      1.571  35.785238    14.5397     6.5402      1.558    28.9242    21.3885 -9.990e-29
 268.641806      1.569  35.785363    14.5405     6.5613      1.556    28.9237    21.3879 -9.990e-29
 268.641811      1.565  35.785259    14.5416     6.5557      1.552    28.9228    21.3870 -9.990e-29
 268.641817      1.564  35.785937    14.5427     6.5735      1.551    28.9226    21.3866 -9.990e-29
 268.641823      1.565  35.787772    14.5434     6.5724      1.552    28.9237    21.3873 -9.990e-29
 268.641829      1.568  35.789322    14.5436     6.5699      1.555    28.9250    21.3883 -9.990e-29
 268.641834      1.570  35.788767    14.5436     6.5782      1.557    28.9245    21.3879 -9.990e-29
 268.641840      1.566  35.787636    14.5437     6.5910      1.553    28.9234    21.3870 -9.990e-29
 268.641846      1.559  35.787250    14.5439     6.5759      1.546    28.9229    21.3866 -9.990e-29
 268.641852      1.555  35.787685    14.5444     6.5902      1.542    28.9229    21.3865 -9.990e-29
 268.641858      1.553  35.790113    14.5458     6.5869      1.540    28.9240    21.3871 -9.990e-29
 268.641863      1.552  35.796682    14.5485     6.5696      1.539    28.9279    21.3895 -9.990e-29
 268.641869      1.553  35.803861    14.5515     6.5845      1.540    28.9321    21.3922 -9.990e-29
 268.641875      1.555  35.805016    14.5530     6.5798      1.542    28.9320    21.3918 -9.990e-29
 268.641881      1.559  35.801155    14.5524     6.5762      1.546    28.9290    21.3896 -9.990e-29
 268.641887      1.561  35.795562    14.5502     6.5838      1.548    28.9256    21.3874 -9.990e-29
 268.641892      1.557  35.790889    14.5476     6.5792      1.544    28.9234    21.3862 -9.990e-29
 268.641898      1.549  35.788776    14.5455     6.5807      1.536    28.9231    21.3864 -9.990e-29
 268.641904      1.544  35.787557    14.5442     6.5694      1.531    28.9229    21.3866 -9.990e-29
 268.641910      1.539  35.785636    14.5435     6.5697      1.526    28.9217    21.3858 -9.990e-29
 268.641916      1.535  35.783842    14.5425     6.5511      1.522    28.9209    21.3853 -9.990e-29
 268.641921      1.531  35.781493    14.5401     6.5699      1.518    28.9206    21.3856 -9.990e-29
 268.641927      1.532  35.776608    14.5364     6.5522      1.519    28.9189    21.3851 -9.990e-29
 268.641933      1.542  35.771665    14.5341     6.5408      1.529    28.9162    21.3835 -9.990e-29
 268.641939      1.553  35.770743    14.5344     6.5636      1.540    28.9151    21.3826 -9.990e-29
 268.641944      1.557  35.773202    14.5354     6.5577      1.544    28.9166    21.3835 -9.990e-29
 268.641950      1.558  35.774511    14.5353     6.5492      1.545    28.9179    21.3845 -9.990e-29
 268.641956      1.561  35.773647    14.5339     6.5499      1.548    28.9181    21.3850 -9.990e-29
 268.641962      1.566  35.772850    14.5327     6.5575      1.553    28.9183    21.3854 -9.990e-29
 268.641968      1.574  35.774446    14.5324     6.5680      1.561    28.9199    21.3867 -9.990e-29
 268.641973      1.584  35.778352    14.5325     6.5757      1.571    28.9234    21.3893 -9.990e-29
 268.641979      1.594  35.780847    14.5327     6.5567      1.581    28.9255    21.3909 -9.990e-29
 268.641985      1.596  35.781371    14.5335     6.5618      1.583    28.9253    21.3906 -9.990e-29
 268.641991      1.588  35.781771    14.5351     6.5790      1.575    28.9245    21.3896 -9.990e-29
 268.641997      1.580  35.782611    14.5376     6.5851      1.567    28.9234    21.3883 -9.990e-29
 268.642002      1.576  35.785603    14.5402     6.5815      1.563    28.9241    21.3883 -9.990e-29
 268.642008      1.574  35.789727    14.5415     6.5843      1.561    28.9269    21.3902 -9.990e-29
 268.642014      1.576  35.791555    14.5415     6.5680      1.563    28.9285    21.3914 -9.990e-29
 268.642020      1.576  35.791313    14.5408     6.5663      1.563    28.9288    21.3918 -9.990e-29
 268.642025      1.571  35.789830    14.5398     6.5396      1.558    28.9282    21.3916 -9.990e-29
 268.642031      1.564  35.786838    14.5383     6.5376      1.551    28.9267    21.3907 -9.990e-29
 268.642037      1.560  35.781738    14.5352     6.5650      1.547    28.9244    21.3896 -9.990e-29
 268.642043      1.558  35.774481    14.5310     6.5680      1.545    28.9210    21.3878 -9.990e-29
 268.642049      1.558  35.767741    14.5274     6.5899      1.545    28.9177    21.3859 -9.990e-29
 268.642054      1.559  35.764882    14.5256     6.5715      1.546    28.9164    21.3854 -9.990e-29
 268.642060      1.563  35.766040    14.5252     6.5816      1.550    28.9178    21.3865 -9.990e-29
 268.642066      1.568  35.767749    14.5257     6.5661      1.555    28.9189    21.3873 -9.990e-29
 268.642072      1.577  35.768398    14.5266     6.5716      1.564    28.9188    21.3870 -9.990e-29
 268.642078      1.584  35.768885    14.5269     6.5893      1.571    28.9190    21.3871 -9.990e-29
 268.642083      1.586  35.769329    14.5266     6.5813      1.573    28.9197    21.3877 -9.990e-29
 268.642089      1.583  35.769787    14.5269     6.5923      1.570    28.9199    21.3877 -9.990e-29
 268.642095      1.575  35.770880    14.5282     6.5779      1.562    28.9199    21.3875 -9.990e-29
 268.642101      1.566  35.774046    14.5301     6.5852      1.553    28.9213    21.3882 -9.990e-29
 268.642106      1.559  35.779546    14.5317     6.5963      1.546    28.9250    21.3908 -9.990e-29
 268.642112      1.554  35.784589    14.5322     6.6033      1.541    28.9292    21.3939 -9.990e-29
 268.642118      1.551  35.786336    14.5324     6.5913      1.538    28.9306    21.3949 -9.990e-29
 268.642124      1.549  35.785954    14.5334     6.5677      1.536    28.9295    21.3939 -9.990e-29
 268.642130      1.548  35.786247    14.5345     6.5469      1.535    28.9290    21.3932 -9.990e-29
 268.642135      1.549  35.786444    14.5349     6.5575      1.536    28.9289    21.3930 -9.990e-29
 268.642141      1.551  35.785645    14.5352     6.5761      1.538    28.9279    21.3923 -9.990e-29
 268.642147      1.555  35.785538    14.5359     6.5733      1.542    28.9273    21.3916 -9.990e-29
 268.642153      1.560  35.787059    14.5368     6.5935      1.547    28.9280    21.3920 -9.990e-29
 268.642159      1.567  35.788830    14.5371     6.5843      1.554    28.9294    21.3930 -9.990e-29
 268.642164      1.577  35.789250    14.5369     6.5627      1.564    28.9299    21.3934 -9.990e-29
 268.642170      1.586  35.788835    14.5366     6.5597      1.573    28.9297    21.3934 -9.990e-29
 268.642176      1.590  35.788107    14.5364     6.5452      1.577    28.9292    21.3930 -9.990e-29
 268.642182      1.593  35.786612    14.5362     6.5516      1.580    28.9280    21.3921 -9.990e-29
 268.642187      1.601  35.785113    14.5360     6.5606      1.588    28.9268    21.3913 -9.990e-29
 268.642193      1.609  35.784367    14.5356     6.5619      1.596    28.9265    21.3910 -9.990e-29
 268.642199      1.609  35.783337    14.5346     6.5582      1.596    28.9263    21.3911 -9.990e-29
 268.642205      1.602  35.781165    14.5328     6.5432      1.589    28.9257    21.3910 -9.990e-29
 268.642211      1.595  35.778830    14.5310     6.5535      1.582    28.9249    21.3908 -9.990e-29
 268.642216      1.592  35.777655    14.5302     6.5652      1.579    28.9245    21.3906 -9.990e-29
 268.642222      1.593  35.777709    14.5305     6.5733      1.580    28.9243    21.3904 -9.990e-29
 268.642228      1.598  35.778461    14.5315     6.5833      1.585    28.9242    21.3902 -9.990e-29
 268.642234      1.608  35.779188    14.5322     6.5705      1.595    28.9243    21.3901 -9.990e-29
 268.642240      1.622  35.778017    14.5326     6.5523      1.608    28.9230    21.3890 -9.990e-29
 268.642245      1.639  35.775582    14.5329     6.5673      1.625    28.9206    21.3871 -9.990e-29
 268.642251      1.650  35.775313    14.5331     6.5696      1.636    28.9202    21.3867 -9.990e-29
 268.642257      1.651  35.776247    14.5328     6.5756      1.637    28.9212    21.3876 -9.990e-29
 268.642263      1.647  35.776225    14.5321     6.5773      1.633    28.9217    21.3881 -9.990e-29
 268.642269      1.647  35.775734    14.5303     6.5485      1.633    28.9226    21.3892 -9.990e-29
 268.642274      1.654  35.773516    14.5273     6.5439      1.640    28.9229    21.3900 -9.990e-29
 268.642280      1.664  35.770491    14.5249     6.5638      1.650    28.9220    21.3898 -9.990e-29
 268.642286      1.671  35.770420    14.5244     6.5662      1.657    28.9223    21.3901 -9.990e-29
 268.642292      1.669  35.772604    14.5254     6.5802      1.655    28.9235    21.3908 -9.990e-29
 268.642297      1.660  35.775431    14.5271     6.5573      1.646    28.9247    21.3915 -9.990e-29
 268.642303      1.645  35.779264    14.5292     6.5587      1.631    28.9266    21.3925 -9.990e-29
 268.642309      1.634  35.783573    14.5307     6.5631      1.620    28.9294    21.3943 -9.990e-29
 268.642315      1.630  35.786219    14.5313     6.5644      1.616    28.9313    21.3957 -9.990e-29
 268.642321      1.632  35.785649    14.5316     6.5907      1.618    28.9306    21.3950 -9.990e-29
 268.642326      1.637  35.783858    14.5319     6.5690      1.623    28.9287    21.3936 -9.990e-29
 268.642332      1.639  35.782894    14.5321     6.5848      1.625    28.9277    21.3927 -9.990e-29
 268.642338      1.645  35.782548    14.5321     6.5719      1.631    28.9274    21.3925 -9.990e-29
 268.642344      1.654  35.782875    14.5322     6.5707      1.640    28.9276    21.3926 -9.990e-29
 268.642350      1.662  35.783707    14.5326     6.5832      1.648    28.9281    21.3929 -9.990e-29
 268.642355      1.670  35.783869    14.5330     6.5647      1.656    28.9279    21.3927 -9.990e-29
 268.642361      1.675  35.783534    14.5332     6.5931      1.661    28.9275    21.3923 -9.990e-29
 268.642367      1.671  35.783331    14.5330     6.5881      1.657    28.9274    21.3923 -9.990e-29
 268.642373      1.664  35.782944    14.5324     6.5788      1.650    28.9275    21.3925 -9.990e-29
 268.642378      1.661  35.781816    14.5317     6.5847      1.647    28.9270    21.3923 -9.990e-29
 268.642384      1.667  35.781197    14.5310     6.5757      1.653    28.9270    21.3924 -9.990e-29
 268.642390      1.677  35.782460    14.5307     6.5871      1.663    28.9284    21.3935 -9.990e-29
 268.642396      1.684  35.783323    14.5316     6.5903      1.670    28.9285    21.3934 -9.990e-29
 268.642402      1.683  35.783212    14.5331     6.5738      1.669    28.9273    21.3922 -9.990e-29
 268.642407      1.676  35.783617    14.5344     6.5625      1.662    28.9266    21.3914 -9.990e-29
 268.642413      1.664  35.784473    14.5346     6.5647      1.650    28.9273    21.3919 -9.990e-29
 268.642419      1.658  35.785199    14.5339     6.5826      1.644    28.9284    21.3929 -9.990e-29
 268.642425      1.659  35.786718    14.5338     6.5931      1.645    28.9299    21.3941 -9.990e-29
 268.642431      1.669  35.792694    14.5345     6.5884      1.655    28.9347    21.3976 -9.990e-29
 268.642436      1.684  35.799289    14.5353     6.5743      1.670    28.9400    21.4016 -9.990e-29
 268.642442      1.695  35.799014    14.5354     6.5668      1.681    28.9397    21.4013 -9.990e-29
 268.642448      1.700  35.794818    14.5350     6.5681      1.686    28.9362    21.3987 -9.990e-29
 268.642454      1.698  35.791141    14.5349     6.5590      1.684    28.9330    21.3962 -9.990e-29
 268.642459      1.695  35.788637    14.5353     6.5592      1.681    28.9305    21.3942 -9.990e-29
 268.642465      1.698  35.787845    14.5356     6.5717      1.684    28.9295    21.3934 -9.990e-29
 268.642471      1.708  35.787665    14.5352     6.5807      1.694    28.9297    21.3936 -9.990e-29
 268.642477      1.720  35.786693    14.5342     6.5967      1.706    28.9295    21.3937 -9.990e-29
 268.642483      1.740  35.785270    14.5332     6.5765      1.725    28.9290    21.3935 -9.990e-29
 268.642488      1.770  35.784256    14.5328     6.5743      1.755    28.9284    21.3931 -9.990e-29
 268.642494      1.802  35.783934    14.5331     6.5556      1.787    28.9279    21.3926 -9.990e-29
 268.642500      1.834  35.784388    14.5340     6.5472      1.819    28.9276    21.3922 -9.990e-29
 268.642506      1.869  35.785621    14.5350     6.5830      1.853    28.9279    21.3923 -9.990e-29
 268.642512      1.908  35.787552    14.5358     6.6302      1.892    28.9291    21.3930 -9.990e-29
 268.642517      1.954  35.791033    14.5376     6.6677      1.938    28.9308    21.3940 -9.990e-29
