data/oxygen options/ONMS/Olympic_Coast_National_Marine_Sanctuary_CTD_Data_2005_2023/raw_data/2018/CAST_KL015_180924_2faed.cnv
* Sea-Bird SBE 19 Data File:
* FileName = C:\2018 Mooring Data\Casts\CAST_KL015_180924_2.hex
* Software Version SeatermAF 2.1.2
* Temperature SN = 2997
* Conductivity SN = 2997
* System UpLoad Time = Sep 24 2018 21:26:45 (localtime) = Sep 24 2018 21:26:45 (UTC)
** CAST_KL015_180924_2
* ds
# nquan = 9                                 
# nvalues = 1135                        
# units = specified
# name 0 = timeJ: Julian Days
# name 1 = prSM: Pressure, Strain Gauge [db]
# name 2 = c0mS/cm: Conductivity [mS/cm]
# name 3 = t090C: Temperature [ITS-90, deg C]
# name 4 = sbeox0ML/L: Oxygen, SBE 43 [ml/l]
# name 5 = depSM: Depth [salt water, m], lat = 47.5
# name 6 = sal00: Salinity, Practical [PSU]
# name 7 = sigma-é00: Density [sigma-theta, kg/m^3]
# name 8 = flag: flag
# span 0 = 267.885139, 267.891701       
# span 1 =     -4.907,     17.237       
# span 2 =   0.660700,  37.949929       
# span 3 =    13.6878,    15.6296       
# span 4 =    -1.8601,    13.9661       
# span 5 =     -4.866,     17.092       
# span 6 =     0.3971,    30.8427       
# span 7 =    -0.6881,    22.8597       
# span 8 = 0.0000e+00, 0.0000e+00       
# interval = seconds: 0.5
# start_time = Sep 24 2018 21:14:36 [Instrument's time stamp, header]
# bad_flag = -9.990e-29
*END*
[from data line 481]
 267.887922      0.139   0.753712    15.0035    -1.8481      0.138     0.4621    -0.5414 -9.990e-29
 267.887928      0.131   0.755362    15.0079    -1.8486      0.130     0.4631    -0.5413 -9.990e-29
 267.887934      0.125   0.755519    15.0094    -1.8484      0.124     0.4632    -0.5415 -9.990e-29
 267.887940      0.124   0.753839    15.0088    -1.8481      0.123     0.4621    -0.5422 -9.990e-29
 267.887946      0.127   0.751589    15.0085    -1.8480      0.126     0.4607    -0.5433 -9.990e-29
 267.887951      0.136   0.749650    15.0109    -1.8480      0.135     0.4594    -0.5446 -9.990e-29
 267.887957      0.146   0.748392    15.0167    -1.8476      0.145     0.4586    -0.5461 -9.990e-29
 267.887963      0.154   0.747797    15.0230    -1.8470      0.153     0.4581    -0.5474 -9.990e-29
 267.887969      0.160   0.747255    15.0276    -1.8463      0.159     0.4577    -0.5485 -9.990e-29
 267.887975      0.164   0.746600    15.0287    -1.8456      0.163     0.4573    -0.5490 -9.990e-29
 267.887980      0.168   0.745511    15.0278    -1.8455      0.167     0.4566    -0.5493 -9.990e-29
 267.887986      0.171   0.743645    15.0293    -1.8454      0.170     0.4554    -0.5505 -9.990e-29
 267.887992      0.173   0.741836    15.0331    -1.8450      0.172     0.4542    -0.5520 -9.990e-29
 267.887998      0.175   0.740997    15.0373    -1.8442      0.174     0.4536    -0.5531 -9.990e-29
 267.888003      0.176   0.740565    15.0431    -1.8438      0.175     0.4533    -0.5542 -9.990e-29
 267.888009      0.177   0.739407    15.0527    -1.8430      0.176     0.4524    -0.5564 -9.990e-29
 267.888015      0.178   0.737641    15.0662    -1.8424      0.177     0.4512    -0.5594 -9.990e-29
 267.888021      0.179   0.736238    15.0814    -1.8419      0.178     0.4501    -0.5625 -9.990e-29
 267.888027      0.179   0.735542    15.0946    -1.8417      0.178     0.4495    -0.5650 -9.990e-29
 267.888032      0.180   0.735178    15.1035    -1.8412      0.178     0.4492    -0.5666 -9.990e-29
 267.888038      0.180   0.734661    15.1113    -1.8406      0.178     0.4488    -0.5681 -9.990e-29
 267.888044      0.180   0.733301    15.1227    -1.8404      0.178     0.4478    -0.5707 -9.990e-29
 267.888050      0.180   0.730946    15.1374    -1.8406      0.178     0.4461    -0.5742 -9.990e-29
 267.888056      0.181   0.728890    15.1530    -1.8406      0.179     0.4447    -0.5777 -9.990e-29
 267.888061      0.181   0.728269    15.1691    -1.8411      0.179     0.4441    -0.5806 -9.990e-29
 267.888067      0.181   0.728256    15.1844    -1.8420      0.179     0.4439    -0.5831 -9.990e-29
 267.888073      0.181   0.727171    15.1970    -1.8417      0.179     0.4431    -0.5857 -9.990e-29
 267.888079      0.181   0.725229    15.2076    -1.8410      0.179     0.4418    -0.5884 -9.990e-29
 267.888084      0.181   0.724272    15.2183    -1.8406      0.179     0.4410    -0.5906 -9.990e-29
 267.888090      0.181   0.724685    15.2284    -1.8402      0.179     0.4412    -0.5920 -9.990e-29
 267.888096      0.181   0.724805    15.2342    -1.8401      0.179     0.4412    -0.5929 -9.990e-29
 267.888102      0.181   0.723681    15.2343    -1.8403      0.179     0.4405    -0.5935 -9.990e-29
 267.888108      0.181   0.722032    15.2299    -1.8404      0.179     0.4395    -0.5936 -9.990e-29
 267.888113      0.181   0.720428    15.2213    -1.8400      0.179     0.4386    -0.5930 -9.990e-29
 267.888119      0.181   0.718947    15.2139    -1.8396      0.179     0.4377    -0.5925 -9.990e-29
 267.888125      0.181   0.717831    15.2155    -1.8394      0.179     0.4370    -0.5933 -9.990e-29
 267.888131      0.181   0.717252    15.2245    -1.8391      0.179     0.4365    -0.5950 -9.990e-29
 267.888137      0.181   0.716992    15.2344    -1.8388      0.179     0.4363    -0.5968 -9.990e-29
 267.888142      0.181   0.716704    15.2419    -1.8389      0.179     0.4360    -0.5981 -9.990e-29
 267.888148      0.181   0.716006    15.2460    -1.8388      0.179     0.4355    -0.5991 -9.990e-29
 267.888154      0.181   0.714520    15.2474    -1.8382      0.179     0.4346    -0.6001 -9.990e-29
 267.888160      0.181   0.712478    15.2495    -1.8379      0.179     0.4333    -0.6014 -9.990e-29
 267.888166      0.181   0.711038    15.2548    -1.8374      0.179     0.4323    -0.6030 -9.990e-29
 267.888171      0.181   0.711602    15.2620    -1.8365      0.179     0.4326    -0.6039 -9.990e-29
 267.888177      0.181   0.713816    15.2693    -1.8358      0.179     0.4339    -0.6040 -9.990e-29
 267.888183      0.180   0.715091    15.2764    -1.8355      0.178     0.4346    -0.6045 -9.990e-29
 267.888189      0.180   0.713800    15.2821    -1.8348      0.178     0.4337    -0.6061 -9.990e-29
 267.888194      0.180   0.710993    15.2861    -1.8343      0.178     0.4319    -0.6081 -9.990e-29
 267.888200      0.180   0.708467    15.2918    -1.8340      0.178     0.4303    -0.6103 -9.990e-29
 267.888206      0.180   0.707287    15.3011    -1.8340      0.178     0.4294    -0.6124 -9.990e-29
 267.888212      0.179   0.707541    15.3126    -1.8339      0.178     0.4295    -0.6141 -9.990e-29
 267.888218      0.179   0.708458    15.3274    -1.8339      0.178     0.4299    -0.6161 -9.990e-29
 267.888223      0.178   0.709046    15.3451    -1.8338      0.177     0.4301    -0.6187 -9.990e-29
 267.888229      0.177   0.708427    15.3617    -1.8338      0.176     0.4295    -0.6217 -9.990e-29
 267.888235      0.176   0.706328    15.3764    -1.8331      0.175     0.4280    -0.6252 -9.990e-29
 267.888241      0.174   0.703829    15.3905    -1.8328      0.173     0.4263    -0.6287 -9.990e-29
 267.888247      0.172   0.702583    15.4022    -1.8328      0.171     0.4254    -0.6312 -9.990e-29
 267.888252      0.170   0.703147    15.4094    -1.8335      0.169     0.4257    -0.6322 -9.990e-29
 267.888258      0.167   0.704608    15.4129    -1.8335      0.166     0.4266    -0.6320 -9.990e-29
 267.888264      0.167   0.705591    15.4154    -1.8336      0.166     0.4272    -0.6320 -9.990e-29
 267.888270      0.175   0.705190    15.4183    -1.8334      0.174     0.4269    -0.6326 -9.990e-29
 267.888275      0.186   0.703423    15.4220    -1.8330      0.184     0.4257    -0.6341 -9.990e-29
 267.888281      0.198   0.701259    15.4279    -1.8328      0.196     0.4243    -0.6361 -9.990e-29
 267.888287      0.207   0.699689    15.4360    -1.8328      0.205     0.4233    -0.6382 -9.990e-29
 267.888293      0.209   0.698836    15.4416    -1.8327      0.207     0.4227    -0.6395 -9.990e-29
 267.888299      0.204   0.698116    15.4402    -1.8324      0.202     0.4222    -0.6397 -9.990e-29
 267.888304      0.192   0.697123    15.4344    -1.8322      0.190     0.4217    -0.6392 -9.990e-29
 267.888310      0.180   0.696194    15.4307    -1.8321      0.178     0.4211    -0.6390 -9.990e-29
 267.888316      0.177   0.695755    15.4310    -1.8319      0.176     0.4208    -0.6393 -9.990e-29
 267.888322      0.179   0.695773    15.4350    -1.8315      0.178     0.4208    -0.6399 -9.990e-29
 267.888328      0.180   0.695719    15.4413    -1.8313      0.178     0.4207    -0.6410 -9.990e-29
 267.888333      0.180   0.694964    15.4467    -1.8317      0.178     0.4202    -0.6423 -9.990e-29
 267.888339      0.181   0.693610    15.4504    -1.8319      0.179     0.4193    -0.6435 -9.990e-29
 267.888345      0.182   0.692069    15.4543    -1.8322      0.180     0.4183    -0.6449 -9.990e-29
 267.888351      0.183   0.690502    15.4594    -1.8324      0.181     0.4173    -0.6465 -9.990e-29
 267.888356      0.188   0.689035    15.4649    -1.8326      0.186     0.4163    -0.6481 -9.990e-29
 267.888362      0.202   0.687927    15.4700    -1.8321      0.200     0.4155    -0.6495 -9.990e-29
 267.888368      0.218   0.687363    15.4756    -1.8315      0.216     0.4151    -0.6507 -9.990e-29
 267.888374      0.223   0.687143    15.4807    -1.8308      0.221     0.4149    -0.6517 -9.990e-29
 267.888380      0.217   0.686974    15.4822    -1.8303      0.215     0.4148    -0.6520 -9.990e-29
 267.888385      0.210   0.686632    15.4790    -1.8303      0.208     0.4146    -0.6516 -9.990e-29
 267.888391      0.205   0.685659    15.4735    -1.8302      0.203     0.4141    -0.6512 -9.990e-29
 267.888397      0.201   0.683865    15.4680    -1.8299      0.199     0.4130    -0.6512 -9.990e-29
 267.888403      0.198   0.682184    15.4642    -1.8298      0.196     0.4120    -0.6513 -9.990e-29
 267.888409      0.196   0.681698    15.4653    -1.8300      0.194     0.4117    -0.6518 -9.990e-29
 267.888414      0.196   0.682313    15.4735    -1.8302      0.194     0.4120    -0.6528 -9.990e-29
 267.888420      0.196   0.683185    15.4869    -1.8301      0.194     0.4124    -0.6546 -9.990e-29
 267.888426      0.197   0.683262    15.5009    -1.8304      0.195     0.4123    -0.6569 -9.990e-29
 267.888432      0.200   0.682090    15.5114    -1.8310      0.198     0.4115    -0.6592 -9.990e-29
 267.888438      0.203   0.680322    15.5172    -1.8311      0.201     0.4103    -0.6610 -9.990e-29
 267.888443      0.208   0.678926    15.5213    -1.8312      0.206     0.4094    -0.6623 -9.990e-29
 267.888449      0.215   0.678810    15.5251    -1.8312      0.213     0.4093    -0.6630 -9.990e-29
 267.888455      0.224   0.679819    15.5268    -1.8309      0.222     0.4099    -0.6628 -9.990e-29
 267.888461      0.236   0.680529    15.5253    -1.8308      0.234     0.4104    -0.6622 -9.990e-29
 267.888466      0.246   0.680225    15.5224    -1.8308      0.244     0.4102    -0.6619 -9.990e-29
 267.888472      0.253   0.679609    15.5186    -1.8308      0.251     0.4098    -0.6616 -9.990e-29
 267.888478      0.259   0.679520    15.5122    -1.8298      0.257     0.4099    -0.6606 -9.990e-29
 267.888484      0.271   0.679840    15.5047    -1.8291      0.269     0.4101    -0.6592 -9.990e-29
 267.888490      0.284   0.679885    15.4997    -1.8284      0.282     0.4102    -0.6583 -9.990e-29
 267.888495      0.295   0.679163    15.4980    -1.8280      0.293     0.4098    -0.6584 -9.990e-29
 267.888501      0.304   0.677818    15.4992    -1.8272      0.301     0.4089    -0.6592 -9.990e-29
 267.888507      0.309   0.676827    15.5024    -1.8271      0.306     0.4083    -0.6602 -9.990e-29
 267.888513      0.304   0.676531    15.5056    -1.8270      0.301     0.4081    -0.6609 -9.990e-29
 267.888519      0.295   0.675981    15.5096    -1.8265      0.293     0.4077    -0.6618 -9.990e-29
 267.888524      0.288   0.674443    15.5187    -1.8258      0.286     0.4066    -0.6641 -9.990e-29
 267.888530      0.284   0.672082    15.5340    -1.8261      0.282     0.4050    -0.6678 -9.990e-29
 267.888536      0.278   0.669626    15.5517    -1.8267      0.276     0.4033    -0.6719 -9.990e-29
 267.888542      0.273   0.667679    15.5684    -1.8277      0.271     0.4019    -0.6756 -9.990e-29
 267.888547      0.275   0.666416    15.5838    -1.8274      0.273     0.4010    -0.6787 -9.990e-29
 267.888553      0.278   0.665814    15.5969    -1.8271      0.276     0.4005    -0.6812 -9.990e-29
 267.888559      0.279   0.665623    15.6062    -1.8267      0.277     0.4003    -0.6828 -9.990e-29
 267.888565      0.277   0.665590    15.6142    -1.8268      0.275     0.4002    -0.6842 -9.990e-29
 267.888571      0.273   0.665116    15.6235    -1.8271      0.271     0.3998    -0.6860 -9.990e-29
 267.888576      0.266   0.663569    15.6296    -1.8282      0.264     0.3988    -0.6877 -9.990e-29
 267.888582      0.257   0.661655    15.6265    -1.8292      0.255     0.3976    -0.6881 -9.990e-29
 267.888588      0.247   0.660700    15.6157    -1.8303      0.245     0.3971    -0.6868 -9.990e-29
 267.888594      0.242   0.661093    15.6056    -1.8318      0.240     0.3974    -0.6849 -9.990e-29
 267.888600      0.241   0.662251    15.6034    -1.8324      0.239     0.3982    -0.6840 -9.990e-29
 267.888605      0.243   0.662947    15.6070    -1.8324      0.241     0.3986    -0.6843 -9.990e-29
 267.888611      0.249   0.662446    15.6099    -1.8327      0.247     0.3982    -0.6850 -9.990e-29
 267.888617      0.260   0.661742    15.6069    -1.8326      0.258     0.3978    -0.6848 -9.990e-29
 267.888623      0.272   0.662112    15.5947    -1.8328      0.270     0.3982    -0.6826 -9.990e-29
 267.888628      0.280   0.663496    15.5737    -1.8343      0.278     0.3993    -0.6785 -9.990e-29
 267.888634      0.287   0.664966    15.5476    -1.8346      0.285     0.4004    -0.6734 -9.990e-29
 267.888640      0.291   0.666081    15.5190    -1.8352      0.289     0.4014    -0.6682 -9.990e-29
 267.888646      0.294   0.667220    15.4918    -1.8353      0.292     0.4024    -0.6631 -9.990e-29
 267.888652      0.292   0.669163    15.4728    -1.8343      0.290     0.4038    -0.6590 -9.990e-29
 267.888657      0.283   0.672283    15.4628    -1.8343      0.281     0.4058    -0.6559 -9.990e-29
 267.888663      0.277   0.675570    15.4570    -1.8351      0.275     0.4079    -0.6533 -9.990e-29
 267.888669      0.276   0.677311    15.4513    -1.8343      0.274     0.4091    -0.6516 -9.990e-29
 267.888675      0.282   0.677057    15.4397    -1.8328      0.280     0.4090    -0.6498 -9.990e-29
 267.888681      0.290   0.676129    15.4221    -1.8317      0.288     0.4086    -0.6473 -9.990e-29
 267.888686      0.292   0.676062    15.4063    -1.8313      0.290     0.4088    -0.6448 -9.990e-29
 267.888692      0.288   0.677320    15.3971    -1.8310      0.286     0.4096    -0.6426 -9.990e-29
 267.888698      0.287   0.678810    15.3970    -1.8326      0.285     0.4106    -0.6419 -9.990e-29
 267.888704      0.292   0.679194    15.4029    -1.8344      0.290     0.4107    -0.6427 -9.990e-29
 267.888709      0.304   0.678983    15.4052    -1.8356      0.301     0.4106    -0.6432 -9.990e-29
 267.888715      0.320   0.680665    15.4056    -1.8366      0.317     0.4116    -0.6424 -9.990e-29
 267.888721      0.332   0.688146    15.4155    -1.8370      0.329     0.4162    -0.6404 -9.990e-29
 267.888727      0.337   0.704197    15.4346    -1.8373      0.334     0.4261    -0.6358 -9.990e-29
 267.888733      0.334   0.725839    15.4521    -1.8375      0.331     0.4395    -0.6282 -9.990e-29
 267.888738      0.327   0.746466    15.4594    -1.5673      0.324     0.4524    -0.6194 -9.990e-29
 267.888744      0.326   0.763662    15.4503    -1.5463      0.323     0.4633    -0.6095 -9.990e-29
 267.888750      0.335   0.780961    15.4223    -1.5456      0.332     0.4745    -0.5964 -9.990e-29
 267.888756      0.348   0.803696    15.3840    -1.5445      0.345     0.4893    -0.5790 -9.990e-29
 267.888762      0.360   0.837246    15.3482    -1.5428      0.357     0.5110    -0.5566 -9.990e-29
 267.888767      0.370   0.893096    15.3210    -1.5431      0.367     0.5469    -0.5247 -9.990e-29
 267.888773      0.383   1.009696    15.3032    -1.5430      0.380     0.6218    -0.4641 -9.990e-29
 267.888779      0.396   1.307600    15.2949    -1.5430      0.393     0.8147    -0.3138 -9.990e-29
 267.888785      0.411   2.152430    15.3010    -1.5438      0.408     1.3750     0.1172 -9.990e-29
 267.888791      0.431   4.646242    15.3312    -1.5436      0.427     3.1046     1.4427 -9.990e-29
 267.888796      0.454  12.093059    15.3814    -1.5438      0.450     8.6514     5.6850 -9.990e-29
 267.888802      0.477  23.499647    15.4301    -1.5446      0.473    17.7920    12.6690 -9.990e-29
 267.888808      0.502  31.513339    15.4699    -1.5448      0.498    24.5387    17.8289 -9.990e-29
 267.888814      0.531  34.437783    15.5014    -1.5449      0.527    27.0472    19.7466 -9.990e-29
 267.888819      0.564  35.431098    15.5109    -1.5444      0.559    27.9064    20.4041 -9.990e-29
 267.888825      0.605  35.774037    15.4999    -1.5443      0.600    28.2140    20.6425 -9.990e-29
 267.888831      0.651  35.905384    15.4934    -1.5440      0.646    28.3335    20.7357 -9.990e-29
 267.888837      0.697  35.981789    15.5021    -1.5433      0.691    28.3942    20.7804 -9.990e-29
