data/oxygen options/ONMS/Olympic_Coast_National_Marine_Sanctuary_CTD_Data_2005_2023/raw_data/2018/CAST_CA015_180825faed.cnv
* Sea-Bird SBE19 Data File:
* FileName = C:\2018 Mooring Data\Casts\CAST_CA015_180825.hex
* Software Version 1.59
* Temperature SN = 2997
* Conductivity SN = 2997
* System UpLoad Time = Aug 25 2018 22:30:44
** CAST_CA015_180825
* ds
# nquan = 9                                 
# nvalues = 824                         
# units = specified
# name 0 = timeJ: Julian Days
# name 1 = prSM: Pressure, Strain Gauge [db]
# name 2 = c0mS/cm: Conductivity [mS/cm]
# name 3 = t090C: Temperature [ITS-90, deg C]
# name 4 = sbeox0ML/L: Oxygen, SBE 43 [ml/l]
# name 5 = depSM: Depth [salt water, m], lat = 47.5
# name 6 = sal00: Salinity, Practical [PSU]
# name 7 = sigma-é00: Density [sigma-theta, kg/m^3]
# name 8 = flag: flag
# span 0 = 237.908530, 237.913293       
# span 1 =     -4.863,     14.218       
# span 2 =   0.516920,  37.591424       
# span 3 =    10.0154,    12.4024       
# span 4 =    -1.9636,    15.2729       
# span 5 =     -4.822,     14.099       
# span 6 =     0.3343,    33.3471       
# span 7 =    -0.2794,    25.6041       
# span 8 = 0.0000e+00, 0.0000e+00       
# interval = seconds: 0.5
# start_time = Aug 25 2018 21:48:17 [Instrument's time stamp, header]
# bad_flag = -9.990e-29
*END*
[from data line 641]
 237.912240      1.193  37.330062    11.6897     6.7302      1.183    32.6783    24.8438 -9.990e-29
 237.912245      1.202  37.330978    11.6873     6.7038      1.192    32.6813    24.8466 -9.990e-29
 237.912251      1.208  37.332700    11.6852     6.6998      1.198    32.6848    24.8497 -9.990e-29
 237.912257      1.211  37.333592    11.6852     6.7030      1.201    32.6857    24.8504 -9.990e-29
 237.912263      1.210  37.333152    11.6870     6.7010      1.200    32.6836    24.8485 -9.990e-29
 237.912269      1.210  37.332463    11.6888     6.7175      1.200    32.6814    24.8464 -9.990e-29
 237.912274      1.216  37.330597    11.6874     6.7261      1.206    32.6808    24.8462 -9.990e-29
 237.912280      1.224  37.328417    11.6837     6.7231      1.214    32.6819    24.8478 -9.990e-29
 237.912286      1.229  37.330289    11.6820     6.7319      1.219    32.6852    24.8506 -9.990e-29
 237.912292      1.233  37.334776    11.6834     6.7238      1.223    32.6884    24.8528 -9.990e-29
 237.912297      1.234  37.337206    11.6867     6.7214      1.224    32.6878    24.8518 -9.990e-29
 237.912303      1.234  37.338005    11.6905     6.7309      1.224    32.6853    24.8491 -9.990e-29
 237.912309      1.233  37.338789    11.6930     6.7229      1.223    32.6838    24.8475 -9.990e-29
 237.912315      1.229  37.338913    11.6939     6.7298      1.219    32.6832    24.8468 -9.990e-29
 237.912321      1.224  37.337973    11.6939     6.7511      1.214    32.6823    24.8461 -9.990e-29
 237.912326      1.217  37.335827    11.6925     6.7547      1.207    32.6814    24.8457 -9.990e-29
 237.912332      1.207  37.332964    11.6879     6.7500      1.197    32.6827    24.8476 -9.990e-29
 237.912338      1.198  37.328918    11.6779     6.7471      1.188    32.6875    24.8532 -9.990e-29
 237.912344      1.193  37.321645    11.6642     6.7457      1.183    32.6925    24.8596 -9.990e-29
 237.912350      1.193  37.314321    11.6535     6.7474      1.183    32.6948    24.8633 -9.990e-29
 237.912355      1.198  37.311734    11.6496     6.7569      1.188    32.6957    24.8647 -9.990e-29
 237.912361      1.202  37.313220    11.6527     6.7555      1.192    32.6944    24.8632 -9.990e-29
 237.912367      1.203  37.316829    11.6607     6.7326      1.193    32.6909    24.8590 -9.990e-29
 237.912373      1.201  37.321197    11.6670     6.7254      1.191    32.6896    24.8568 -9.990e-29
 237.912378      1.195  37.323178    11.6671     6.7280      1.185    32.6915    24.8582 -9.990e-29
 237.912384      1.189  37.322043    11.6632     6.7406      1.179    32.6938    24.8607 -9.990e-29
 237.912390      1.187  37.322992    11.6607     6.7678      1.177    32.6969    24.8636 -9.990e-29
 237.912396      1.189  37.326719    11.6625     6.7842      1.179    32.6990    24.8649 -9.990e-29
 237.912402      1.195  37.328660    11.6663     6.7831      1.185    32.6975    24.8631 -9.990e-29
 237.912407      1.201  37.328588    11.6645     6.7684      1.191    32.6990    24.8646 -9.990e-29
 237.912413      1.204  37.325840    11.6537     6.7700      1.194    32.7059    24.8719 -9.990e-29
 237.912419      1.203  37.321223    11.6419     6.7725      1.193    32.7118    24.8786 -9.990e-29
 237.912425      1.199  37.319214    11.6382     6.7619      1.189    32.7131    24.8803 -9.990e-29
 237.912431      1.196  37.319363    11.6423     6.7582      1.186    32.7096    24.8769 -9.990e-29
 237.912436      1.196  37.320173    11.6481     6.7429      1.186    32.7053    24.8724 -9.990e-29
 237.912442      1.202  37.323276    11.6516     6.7262      1.192    32.7052    24.8717 -9.990e-29
 237.912448      1.212  37.327197    11.6522     6.7214      1.202    32.7085    24.8742 -9.990e-29
 237.912454      1.223  37.328750    11.6519     6.7209      1.213    32.7103    24.8756 -9.990e-29
 237.912459      1.233  37.328876    11.6537     6.7285      1.223    32.7088    24.8741 -9.990e-29
 237.912465      1.240  37.329413    11.6584     6.7301      1.230    32.7052    24.8705 -9.990e-29
 237.912471      1.246  37.330506    11.6640     6.7393      1.236    32.7013    24.8664 -9.990e-29
 237.912477      1.252  37.331363    11.6672     6.7412      1.242    32.6993    24.8643 -9.990e-29
 237.912483      1.257  37.329194    11.6665     6.7509      1.247    32.6978    24.8633 -9.990e-29
 237.912488      1.262  37.325021    11.6643     6.7558      1.251    32.6957    24.8620 -9.990e-29
 237.912494      1.267  37.324472    11.6651     6.7602      1.256    32.6945    24.8609 -9.990e-29
 237.912500      1.273  37.326805    11.6685     6.7743      1.262    32.6937    24.8597 -9.990e-29
 237.912506      1.279  37.328396    11.6713     6.7670      1.268    32.6928    24.8585 -9.990e-29
 237.912512      1.287  37.329676    11.6723     6.7652      1.276    32.6932    24.8586 -9.990e-29
 237.912517      1.297  37.328983    11.6718     6.7666      1.286    32.6929    24.8585 -9.990e-29
 237.912523      1.309  37.325382    11.6708     6.7823      1.298    32.6903    24.8566 -9.990e-29
 237.912529      1.324  37.322463    11.6686     6.8112      1.313    32.6894    24.8563 -9.990e-29
 237.912535      1.343  37.320245    11.6627     6.8320      1.332    32.6924    24.8598 -9.990e-29
 237.912541      1.367  37.318003    11.6545     6.8498      1.356    32.6975    24.8652 -9.990e-29
 237.912546      1.399  37.318897    11.6480     6.8471      1.387    32.7040    24.8715 -9.990e-29
 237.912552      1.439  37.322989    11.6436     6.8644      1.427    32.7119    24.8784 -9.990e-29
 237.912558      1.491  37.328438    11.6382     6.9034      1.479    32.7220    24.8872 -9.990e-29
 237.912564      1.557  37.335216    11.6322     6.9531      1.544    32.7338    24.8975 -9.990e-29
 237.912569      1.638  37.341148    11.6308     6.9992      1.624    32.7408    24.9032 -9.990e-29
 237.912575      1.731  37.344047    11.6357     7.0140      1.717    32.7393    24.9011 -9.990e-29
 237.912581      1.836  37.347763    11.6388     7.0163      1.821    32.7401    24.9012 -9.990e-29
 237.912587      1.957  37.355561    11.6346     7.0167      1.941    32.7514    24.9107 -9.990e-29
 237.912593      2.092  37.361585    11.6276     7.0084      2.075    32.7634    24.9214 0.0000e+00
 237.912598      2.241  37.362090    11.6220     7.0058      2.222    32.7688    24.9266 0.0000e+00
 237.912604      2.405  37.362220    11.6188     7.0077      2.385    32.7717    24.9294 0.0000e+00
 237.912610      2.587  37.364938    11.6180     7.0221      2.565    32.7750    24.9321 0.0000e+00
 237.912616      2.785  37.368253    11.6184     7.0358      2.762    32.7778    24.9342 0.0000e+00
 237.912622      2.994  37.370412    11.6190     7.0478      2.969    32.7793    24.9353 0.0000e+00
 237.912627      3.211  37.372598    11.6202     7.0851      3.184    32.7802    24.9358 0.0000e+00
 237.912633      3.432  37.378276    11.6235     7.1288      3.403    32.7828    24.9372 0.0000e+00
 237.912639      3.653  37.388282    11.6285     7.1979      3.622    32.7880    24.9403 0.0000e+00
 237.912645      3.873  37.398580    11.6340     7.2658      3.841    32.7931    24.9433 0.0000e+00
 237.912650      4.093  37.409444    11.6407     7.3056      4.059    32.7977    24.9456 0.0000e+00
 237.912656      4.316  37.422466    11.6507     7.3427      4.280    32.8015    24.9467 0.0000e+00
 237.912662      4.546  37.438192    11.6650     7.3503      4.508    32.8041    24.9461 0.0000e+00
 237.912668      4.779  37.461893    11.6821     7.3489      4.739    32.8119    24.9491 0.0000e+00
 237.912674      5.018  37.494346    11.6985     7.3361      4.976    32.8290    24.9593 0.0000e+00
 237.912679      5.260  37.529515    11.7108     7.3245      5.216    32.8523    24.9752 0.0000e+00
 237.912685      5.495  37.557144    11.7183     7.3319      5.449    32.8724    24.9895 0.0000e+00
 237.912691      5.721  37.572604    11.7224     7.3183      5.673    32.8838    24.9975 0.0000e+00
 237.912697      5.939  37.581372    11.7243     7.2831      5.889    32.8905    25.0024 0.0000e+00
 237.912703      6.152  37.586728    11.7248     7.2299      6.101    32.8952    25.0060 0.0000e+00
 237.912708      6.358  37.589078    11.7244     7.1883      6.305    32.8978    25.0081 0.0000e+00
 237.912714      6.559  37.590423    11.7224     7.1509      6.504    32.9008    25.0108 0.0000e+00
 237.912720      6.762  37.591424    11.7181     7.1142      6.705    32.9055    25.0152 0.0000e+00
 237.912726      6.973  37.591165    11.7090     7.0496      6.915    32.9132    25.0229 0.0000e+00
 237.912731      7.192  37.589855    11.6937     6.9624      7.132    32.9254    25.0352 0.0000e+00
 237.912737      7.420  37.587984    11.6760     6.8898      7.358    32.9392    25.0492 0.0000e+00
 237.912743      7.653  37.584173    11.6580     6.8268      7.589    32.9514    25.0619 0.0000e+00
 237.912749      7.891  37.576696    11.6378     6.7798      7.825    32.9619    25.0739 0.0000e+00
 237.912755      8.127  37.564545    11.6124     6.7301      8.059    32.9726    25.0868 0.0000e+00
 237.912760      8.354  37.539915    11.5771     6.6746      8.284    32.9798    25.0989 0.0000e+00
 237.912766      8.569  37.505816    11.5331     6.6491      8.497    32.9856    25.1114 0.0000e+00
 237.912772      8.778  37.480643    11.4891     6.6425      8.705    33.0000    25.1307 0.0000e+00
 237.912778      8.990  37.461639    11.4453     6.6351      8.915    33.0204    25.1545 0.0000e+00
 237.912784      9.201  37.434100    11.3976     6.6487      9.124    33.0360    25.1752 0.0000e+00
 237.912789      9.407  37.401633    11.3544     6.6467      9.328    33.0426    25.1882 0.0000e+00
 237.912795      9.617  37.378644    11.3260     6.6422      9.537    33.0453    25.1955 0.0000e+00
 237.912801      9.832  37.368643    11.3114     6.6262      9.750    33.0485    25.2006 0.0000e+00
 237.912807     10.040  37.365010    11.3057     6.5798      9.956    33.0499    25.2027 0.0000e+00
 237.912813     10.236  37.364575    11.3047     6.5275     10.150    33.0503    25.2032 0.0000e+00
 237.912818     10.425  37.363393    11.3014     6.4296     10.338    33.0520    25.2052 0.0000e+00
 237.912824     10.614  37.355966    11.2894     6.3232     10.525    33.0554    25.2099 0.0000e+00
 237.912830     10.811  37.341915    11.2694     6.1764     10.720    33.0594    25.2167 0.0000e+00
 237.912836     11.016  37.322672    11.2432     6.0019     10.924    33.0639    25.2249 0.0000e+00
 237.912841     11.224  37.297227    11.2093     5.7890     11.130    33.0691    25.2350 0.0000e+00
 237.912847     11.432  37.266378    11.1670     5.5416     11.336    33.0766    25.2484 0.0000e+00
 237.912853     11.640  37.231566    11.1143     5.2931     11.543    33.0895    25.2679 0.0000e+00
 237.912859     11.849  37.188942    11.0419     5.0815     11.750    33.1124    25.2986 0.0000e+00
 237.912865     12.055  37.122559    10.9437     4.9036     11.954    33.1351    25.3337 0.0000e+00
 237.912870     12.258  37.026244    10.8351     4.7777     12.155    33.1374    25.3547 0.0000e+00
 237.912876     12.457  36.926175    10.7315     4.7076     12.353    33.1314    25.3682 0.0000e+00
 237.912882     12.654  36.836232    10.6182     4.6956     12.548    33.1442    25.3979 0.0000e+00
 237.912888     12.851  36.745701    10.4799     4.7116     12.743    33.1792    25.4491 0.0000e+00
 237.912894     13.048  36.648128    10.3418     4.7060     12.939    33.2070    25.4945 0.0000e+00
 237.912899     13.237  36.559595    10.2505     4.6830     13.126    33.2012    25.5055 0.0000e+00
 237.912905     13.408  36.517185    10.2179     4.6461     13.296    33.1881    25.5008 0.0000e+00
 237.912911     13.560  36.523697    10.2107     4.6344     13.446    33.2012    25.5123 0.0000e+00
 237.912917     13.697  36.535145    10.1896     4.6502     13.582    33.2320    25.5399 0.0000e+00
 237.912922     13.828  36.514701    10.1372     4.6826     13.712    33.2594    25.5701 0.0000e+00
 237.912928     13.953  36.467596    10.0732     4.7180     13.836    33.2704    25.5895 -9.990e-29
 237.912934     14.063  36.425681    10.0300     4.7494     13.945    33.2676    25.5946 -9.990e-29
 237.912940     14.147  36.406992    10.0154     4.7696     14.028    33.2620    25.5927 -9.990e-29
 237.912946     14.199  36.405639    10.0207     4.8173     14.080    33.2557    25.5869 -9.990e-29
 237.912951     14.218  36.414207    10.0353     4.8477     14.099    33.2510    25.5807 -9.990e-29
 237.912957     14.204  36.426757    10.0488     4.8907     14.085    33.2513    25.5787 -9.990e-29
 237.912963     14.156  36.435939    10.0559     4.9765     14.037    33.2541    25.5797 -9.990e-29
 237.912969     14.076  36.441118    10.0606     5.0630     13.958    33.2551    25.5797 -9.990e-29
 237.912975     13.968  36.446961    10.0737     5.1918     13.851    33.2490    25.5727 -9.990e-29
 237.912980     13.828  36.461819    10.1042     5.3569     13.712    33.2361    25.5575 0.0000e+00
 237.912986     13.652  36.488139    10.1443     5.5213     13.538    33.2260    25.5429 0.0000e+00
 237.912992     13.446  36.517328    10.1737     5.6557     13.333    33.2287    25.5400 0.0000e+00
 237.912998     13.223  36.542381    10.1873     5.7454     13.112    33.2417    25.5478 0.0000e+00
 237.913003     12.994  36.570949    10.2058     5.8246     12.885    33.2537    25.5541 0.0000e+00
 237.913009     12.766  36.631606    10.2401     5.9155     12.659    33.2837    25.5716 0.0000e+00
 237.913015     12.538  36.721209    10.2837     6.0707     12.433    33.3343    25.6036 0.0000e+00
 237.913021     12.302  36.784469    10.3394     6.2753     12.199    33.3471    25.6041 0.0000e+00
 237.913027     12.054  36.808277    10.4093     6.4654     11.953    33.3071    25.5609 0.0000e+00
 237.913032     11.790  36.822142    10.4935     6.6053     11.691    33.2441    25.4973 0.0000e+00
 237.913038     11.514  36.851842    10.5944     6.6832     11.418    33.1820    25.4315 0.0000e+00
 237.913044     11.235  36.921306    10.7061     6.7420     11.141    33.1501    25.3872 0.0000e+00
 237.913050     10.952  37.020657    10.8144     6.7924     10.860    33.1512    25.3690 0.0000e+00
 237.913056     10.661  37.112094    10.9099     6.8269     10.572    33.1559    25.3558 0.0000e+00
 237.913061     10.367  37.161823    10.9997     6.8592     10.280    33.1242    25.3153 0.0000e+00
 237.913067     10.084  37.182953    11.0869     6.8551     10.000    33.0667    25.2550 0.0000e+00
 237.913073      9.813  37.221601    11.1613     6.8536      9.731    33.0381    25.2195 0.0000e+00
 237.913079      9.550  37.275534    11.2135     6.8717      9.470    33.0446    25.2152 0.0000e+00
 237.913084      9.288  37.311925    11.2413     6.9022      9.210    33.0557    25.2188 0.0000e+00
 237.913090      9.023  37.324970    11.2552     6.9687      8.947    33.0562    25.2167 0.0000e+00
 237.913096      8.754  37.331511    11.2691     7.0305      8.681    33.0503    25.2096 0.0000e+00
 237.913102      8.482  37.346997    11.2887     7.0906      8.411    33.0481    25.2044 0.0000e+00
 237.913108      8.207  37.371349    11.3150     7.1577      8.138    33.0486    25.2000 0.0000e+00
 237.913113      7.928  37.396145    11.3519     7.2022      7.862    33.0401    25.1867 0.0000e+00
 237.913119      7.645  37.417477    11.3985     7.2253      7.581    33.0195    25.1622 0.0000e+00
 237.913125      7.362  37.442505    11.4453     7.2391      7.300    33.0024    25.1404 0.0000e+00
 237.913131      7.085  37.479957    11.4912     7.2465      7.026    32.9982    25.1288 0.0000e+00
 237.913137      6.819  37.520400    11.5360     7.2687      6.762    32.9980    25.1205 0.0000e+00
 237.913142      6.559  37.547179    11.5717     7.2812      6.504    32.9925    25.1097 0.0000e+00
 237.913148      6.298  37.556791    11.5978     7.2741      6.245    32.9788    25.0942 0.0000e+00
 237.913154      6.032  37.559260    11.6193     7.2671      5.982    32.9621    25.0774 0.0000e+00
