data/oxygen options/ONMS/Olympic_Coast_National_Marine_Sanctuary_CTD_Data_2005_2023/raw_data/2018/CAST_CE042_180709faed.cnv
* Sea-Bird SBE19 Data File:
* FileName = C:\2018 Mooring Data\Casts\CAST_CE042_180709.hex
* Software Version 1.59
* Temperature SN = 2997
* Conductivity SN = 2997
* System UpLoad Time = Jul 09 2018 18:00:52
** CAST_CE042_180709
* ds
# nquan = 9                                 
# nvalues = 1061                        
# units = specified
# name 0 = timeJ: Julian Days
# name 1 = prSM: Pressure, Strain Gauge [db]
# name 2 = c0mS/cm: Conductivity [mS/cm]
# name 3 = t090C: Temperature [ITS-90, deg C]
# name 4 = sbeox0ML/L: Oxygen, SBE 43 [ml/l]
# name 5 = depSM: Depth [salt water, m], lat = 47.5
# name 6 = sal00: Salinity, Practical [PSU]
# name 7 = sigma-é00: Density [sigma-theta, kg/m^3]
# name 8 = flag: flag
# span 0 = 190.690799, 190.696933       
# span 1 =     -4.914,     45.421       
# span 2 =  -0.000812,  40.247371       
# span 3 =     7.9159,    17.8095       
# span 4 =    -1.7812,    19.4894       
# span 5 =     -4.873,     45.037       
# span 6 =     0.0000,    33.8472       
# span 7 =    -1.3682,    26.3814       
# span 8 = 0.0000e+00, 0.0000e+00       
# interval = seconds: 0.5
# start_time = Jul 09 2018 16:34:45 [Instrument's time stamp, header]
# bad_flag = -9.990e-29
*END*
 190.690799     -4.914 -9.990e-29    16.9215    -1.7812     -4.873 -9.990e-29 -9.990e-29 -9.990e-29
 190.690804     -4.908  -0.000715    16.9229    -1.7807     -4.867     0.0000    -1.2106 -9.990e-29
 190.690810     -4.899  -0.000715    16.9267    -1.7801     -4.858     0.0000    -1.2112 -9.990e-29
 190.690816     -4.888  -0.000715    16.9320    -1.7796     -4.847     0.0000    -1.2121 -9.990e-29
 190.690822     -4.873  -0.000715    16.9378    -1.7793     -4.832     0.0000    -1.2131 -9.990e-29
 190.690828     -4.855  -0.000715    16.9434    -1.7791     -4.815     0.0000    -1.2141 -9.990e-29
 190.690833     -4.831  -0.000716    16.9485    -1.7791     -4.791     0.0000    -1.2150 -9.990e-29
 190.690839     -4.805  -0.000717    16.9537    -1.7791     -4.765     0.0000    -1.2159 -9.990e-29
 190.690845     -4.779  -0.000717    16.9601    -1.7791     -4.739     0.0000    -1.2170 -9.990e-29
 190.690851     -4.751  -0.000718    16.9686    -1.7791     -4.711     0.0000    -1.2185 -9.990e-29
 190.690856     -4.724  -0.000719    16.9800    -1.7791     -4.685     0.0000    -1.2204 -9.990e-29
 190.690862     -4.697  -0.000720    16.9937    -1.7791     -4.658     0.0000    -1.2228 -9.990e-29
 190.690868     -4.663  -0.000721    17.0066    -1.7787     -4.624     0.0000    -1.2251 -9.990e-29
 190.690874     -4.624  -0.000721    17.0163    -1.7786     -4.585     0.0000    -1.2268 -9.990e-29
 190.690880     -4.582  -0.000722    17.0222    -1.7785     -4.544     0.0000    -1.2278 -9.990e-29
 190.690885     -4.539  -0.000723    17.0251    -1.7784     -4.501     0.0000    -1.2283 -9.990e-29
 190.690891     -4.501  -0.000724    17.0260    -1.7782     -4.463     0.0000    -1.2284 -9.990e-29
 190.690897     -4.469  -0.000725    17.0261    -1.7781     -4.432     0.0000    -1.2285 -9.990e-29
 190.690903     -4.442  -0.000725    17.0264    -1.7780     -4.405     0.0000    -1.2285 -9.990e-29
 190.690909     -4.418  -0.000726    17.0276    -1.7779     -4.381     0.0000    -1.2287 -9.990e-29
 190.690914     -4.394  -0.000727    17.0310    -1.7779     -4.357     0.0000    -1.2293 -9.990e-29
 190.690920     -4.371  -0.000728    17.0360    -1.7780     -4.335     0.0000    -1.2302 -9.990e-29
 190.690926     -4.345  -0.000729    17.0405    -1.7781     -4.309     0.0000    -1.2310 -9.990e-29
 190.690932     -4.316  -0.000729    17.0441    -1.7781     -4.280     0.0000    -1.2316 -9.990e-29
 190.690937     -4.282  -0.000730    17.0480    -1.7781     -4.246     0.0000    -1.2323 -9.990e-29
 190.690943     -4.245  -0.000731    17.0522    -1.7780     -4.210     0.0000    -1.2330 -9.990e-29
 190.690949     -4.211  -0.000732    17.0559    -1.7779     -4.176     0.0000    -1.2336 -9.990e-29
 190.690955     -4.182  -0.000733    17.0588    -1.7779     -4.147     0.0000    -1.2342 -9.990e-29
 190.690961     -4.156  -0.000734    17.0605    -1.7775     -4.121     0.0000    -1.2344 -9.990e-29
 190.690966     -4.132  -0.000734    17.0606    -1.7773     -4.098     0.0000    -1.2345 -9.990e-29
 190.690972     -4.109  -0.000735    17.0595    -1.7770     -4.075     0.0000    -1.2343 -9.990e-29
 190.690978     -4.083  -0.000736    17.0584    -1.7769     -4.049     0.0000    -1.2341 -9.990e-29
 190.690984     -4.055  -0.000737    17.0584    -1.7766     -4.021     0.0000    -1.2341 -9.990e-29
 190.690990     -4.023  -0.000738    17.0598    -1.7764     -3.989     0.0000    -1.2343 -9.990e-29
 190.690995     -3.987  -0.000738    17.0621    -1.7760     -3.954     0.0000    -1.2347 -9.990e-29
 190.691001     -3.956  -0.000739    17.0649    -1.7754     -3.923     0.0000    -1.2352 -9.990e-29
 190.691007     -3.930  -0.000740    17.0692    -1.7752     -3.897     0.0000    -1.2360 -9.990e-29
 190.691013     -3.909  -0.000741    17.0755    -1.7752     -3.876     0.0000    -1.2371 -9.990e-29
 190.691019     -3.891  -0.000742    17.0826    -1.7751     -3.859     0.0000    -1.2383 -9.990e-29
 190.691024     -3.875  -0.000742    17.0890    -1.7751     -3.843     0.0000    -1.2394 -9.990e-29
 190.691030     -3.860  -0.000743    17.0946    -1.7749     -3.828     0.0000    -1.2404 -9.990e-29
 190.691036     -3.845  -0.000744    17.1008    -1.7747     -3.813     0.0000    -1.2415 -9.990e-29
 190.691042     -3.824  -0.000745    17.1093    -1.7748     -3.792     0.0000    -1.2430 -9.990e-29
 190.691047     -3.793  -0.000746    17.1200    -1.7748     -3.761     0.0000    -1.2448 -9.990e-29
 190.691053     -3.758  -0.000746    17.1307    -1.7745     -3.727     0.0000    -1.2467 -9.990e-29
 190.691059     -3.725  -0.000747    17.1384    -1.7744     -3.694     0.0000    -1.2481 -9.990e-29
 190.691065     -3.691  -0.000748    17.1428    -1.7742     -3.660     0.0000    -1.2488 -9.990e-29
 190.691071     -3.660  -0.000749    17.1456    -1.7742     -3.629     0.0000    -1.2493 -9.990e-29
 190.691076     -3.633  -0.000750    17.1484    -1.7740     -3.603     0.0000    -1.2498 -9.990e-29
 190.691082     -3.609  -0.000750    17.1519    -1.7740     -3.579     0.0000    -1.2504 -9.990e-29
 190.691088     -3.586  -0.000751    17.1547    -1.7738     -3.556     0.0000    -1.2509 -9.990e-29
 190.691094     -3.566  -0.000752    17.1561    -1.7737     -3.536     0.0000    -1.2512 -9.990e-29
 190.691100     -3.550  -0.000753    17.1582    -1.7740     -3.520     0.0000    -1.2515 -9.990e-29
 190.691105     -3.531  -0.000754    17.1621    -1.7742     -3.502     0.0000    -1.2522 -9.990e-29
 190.691111     -3.508  -0.000754    17.1667    -1.7743     -3.479     0.0000    -1.2530 -9.990e-29
 190.691117     -3.480  -0.000755    17.1710    -1.7743     -3.451     0.0000    -1.2538 -9.990e-29
 190.691123     -3.450  -0.000756    17.1745    -1.7744     -3.421     0.0000    -1.2544 -9.990e-29
 190.691128     -3.419  -0.000757    17.1776    -1.7745     -3.390     0.0000    -1.2549 -9.990e-29
 190.691134     -3.390  -0.000758    17.1804    -1.7749     -3.362     0.0000    -1.2554 -9.990e-29
 190.691140     -3.365  -0.000758    17.1827    -1.7752     -3.337     0.0000    -1.2558 -9.990e-29
 190.691146     -3.343  -0.000759    17.1827    -1.7752     -3.315     0.0000    -1.2558 -9.990e-29
 190.691152     -3.322  -0.000760    17.1792    -1.7754     -3.294     0.0000    -1.2552 -9.990e-29
 190.691157     -3.301  -0.000761    17.1750    -1.7755     -3.273     0.0000    -1.2545 -9.990e-29
 190.691163     -3.280  -0.000762    17.1723    -1.7757     -3.253     0.0000    -1.2540 -9.990e-29
 190.691169     -3.255  -0.000763    17.1703    -1.7758     -3.228     0.0000    -1.2537 -9.990e-29
 190.691175     -3.231  -0.000763    17.1674    -1.7757     -3.204     0.0000    -1.2531 -9.990e-29
 190.691181     -3.213  -0.000764    17.1622    -1.7757     -3.186     0.0000    -1.2522 -9.990e-29
 190.691186     -3.202  -0.000765    17.1551    -1.7757     -3.175     0.0000    -1.2510 -9.990e-29
 190.691192     -3.187  -0.000766    17.1485    -1.7759     -3.160     0.0000    -1.2498 -9.990e-29
 190.691198     -3.169  -0.000767    17.1438    -1.7759     -3.143     0.0000    -1.2490 -9.990e-29
 190.691204     -3.149  -0.000767    17.1402    -1.7761     -3.123     0.0000    -1.2484 -9.990e-29
 190.691209     -3.126  -0.000768    17.1369    -1.7761     -3.100     0.0000    -1.2478 -9.990e-29
 190.691215     -3.104  -0.000769    17.1341    -1.7762     -3.078     0.0000    -1.2473 -9.990e-29
 190.691221     -3.086  -0.000770    17.1326    -1.7765     -3.060     0.0000    -1.2470 -9.990e-29
 190.691227     -3.069  -0.000771    17.1322    -1.7765     -3.043     0.0000    -1.2470 -9.990e-29
 190.691233     -3.054  -0.000771    17.1316    -1.7763     -3.029     0.0000    -1.2469 -9.990e-29
 190.691238     -3.039  -0.000772    17.1299    -1.7762     -3.014     0.0000    -1.2466 -9.990e-29
 190.691244     -3.023  -0.000773    17.1276    -1.7763     -2.998     0.0000    -1.2462 -9.990e-29
 190.691250     -3.005  -0.000774    17.1254    -1.7763     -2.980     0.0000    -1.2458 -9.990e-29
 190.691256     -2.984  -0.000775    17.1230    -1.7763     -2.959     0.0000    -1.2454 -9.990e-29
 190.691262     -2.963  -0.000775    17.1202    -1.7763     -2.938     0.0000    -1.2449 -9.990e-29
 190.691267     -2.945  -0.000776    17.1173    -1.7761     -2.920     0.0000    -1.2444 -9.990e-29
 190.691273     -2.924  -0.000777    17.1149    -1.7761     -2.900     0.0000    -1.2439 -9.990e-29
 190.691279     -2.900  -0.000778    17.1142    -1.7761     -2.876     0.0000    -1.2438 -9.990e-29
 190.691285     -2.878  -0.000779    17.1150    -1.7760     -2.854     0.0000    -1.2439 -9.990e-29
 190.691291     -2.863  -0.000779    17.1158    -1.7760     -2.839     0.0000    -1.2441 -9.990e-29
 190.691296     -2.849  -0.000780    17.1160    -1.7758     -2.825     0.0000    -1.2441 -9.990e-29
 190.691302     -2.830  -0.000781    17.1162    -1.7756     -2.806     0.0000    -1.2442 -9.990e-29
 190.691308     -2.810  -0.000782    17.1169    -1.7755     -2.787     0.0000    -1.2443 -9.990e-29
 190.691314     -2.792  -0.000783    17.1183    -1.7754     -2.769     0.0000    -1.2445 -9.990e-29
 190.691319     -2.775  -0.000783    17.1204    -1.7753     -2.752     0.0000    -1.2449 -9.990e-29
 190.691325     -2.757  -0.000784    17.1223    -1.7751     -2.734     0.0000    -1.2452 -9.990e-29
 190.691331     -2.738  -0.000785    17.1239    -1.7750     -2.715     0.0000    -1.2455 -9.990e-29
 190.691337     -2.716  -0.000786    17.1259    -1.7750     -2.693     0.0000    -1.2459 -9.990e-29
 190.691343     -2.689  -0.000787    17.1288    -1.7748     -2.667     0.0000    -1.2464 -9.990e-29
 190.691348     -2.661  -0.000787    17.1326    -1.7747     -2.639     0.0000    -1.2470 -9.990e-29
 190.691354     -2.634  -0.000788    17.1369    -1.7745     -2.612     0.0000    -1.2478 -9.990e-29
 190.691360     -2.606  -0.000789    17.1408    -1.7745     -2.584     0.0000    -1.2485 -9.990e-29
 190.691366     -2.580  -0.000790    17.1443    -1.7745     -2.558     0.0000    -1.2491 -9.990e-29
 190.691372     -2.558  -0.000791    17.1479    -1.7743     -2.537     0.0000    -1.2497 -9.990e-29
 190.691377     -2.539  -0.000792    17.1516    -1.7740     -2.518     0.0000    -1.2504 -9.990e-29
 190.691383     -2.521  -0.000792    17.1549    -1.7733     -2.500     0.0000    -1.2509 -9.990e-29
 190.691389     -2.504  -0.000793    17.1581    -1.7729     -2.483     0.0000    -1.2515 -9.990e-29
 190.691395     -2.486  -0.000794    17.1616    -1.7728     -2.465     0.0000    -1.2521 -9.990e-29
 190.691400     -2.467  -0.000795    17.1651    -1.7726     -2.446     0.0000    -1.2527 -9.990e-29
 190.691406     -2.445  -0.000796    17.1688    -1.7725     -2.425     0.0000    -1.2534 -9.990e-29
 190.691412     -2.418  -0.000796    17.1722    -1.7724     -2.398     0.0000    -1.2540 -9.990e-29
 190.691418     -2.390  -0.000797    17.1755    -1.7723     -2.370     0.0000    -1.2546 -9.990e-29
 190.691424     -2.367  -0.000798    17.1809    -1.7723     -2.347     0.0000    -1.2555 -9.990e-29
 190.691429     -2.351  -0.000799    17.1900    -1.7723     -2.331     0.0000    -1.2571 -9.990e-29
 190.691435     -2.342  -0.000800    17.2015    -1.7721     -2.322     0.0000    -1.2591 -9.990e-29
 190.691441     -2.336  -0.000800    17.2118    -1.7720     -2.317     0.0000    -1.2609 -9.990e-29
 190.691447     -2.326  -0.000801    17.2189    -1.7719     -2.307     0.0000    -1.2622 -9.990e-29
 190.691453     -2.318  -0.000802    17.2239    -1.7719     -2.299     0.0000    -1.2631 -9.990e-29
 190.691458     -2.310  -0.000803    17.2281    -1.7719     -2.291     0.0000    -1.2638 -9.990e-29
 190.691464     -2.297  -0.000804    17.2314    -1.7718     -2.278     0.0000    -1.2644 -9.990e-29
 190.691470     -2.284  -0.000804    17.2335    -1.7717     -2.265     0.0000    -1.2648 -9.990e-29
 190.691476     -2.273  -0.000805    17.2351    -1.7716     -2.254     0.0000    -1.2650 -9.990e-29
 190.691481     -2.264  -0.000806    17.2371    -1.7715     -2.245     0.0000    -1.2654 -9.990e-29
 190.691487     -2.257  -0.000807    17.2399    -1.7714     -2.238     0.0000    -1.2659 -9.990e-29
 190.691493     -2.250  -0.000808    17.2427    -1.7713     -2.231     0.0000    -1.2664 -9.990e-29
 190.691499     -2.244  -0.000808    17.2447    -1.7712     -2.225     0.0000    -1.2667 -9.990e-29
 190.691505     -2.237  -0.000809    17.2462    -1.7711     -2.218     0.0000    -1.2670 -9.990e-29
 190.691510     -2.231  -0.000810    17.2479    -1.7708     -2.212     0.0000    -1.2673 -9.990e-29
 190.691516     -2.223  -0.000811    17.2498    -1.7707     -2.204     0.0000    -1.2676 -9.990e-29
 190.691522     -2.214  -0.000811    17.2523    -1.7706     -2.196     0.0000    -1.2681 -9.990e-29
 190.691528     -2.203  -0.000811    17.2553    -1.7707     -2.185     0.0000    -1.2686 -9.990e-29
 190.691534     -2.189  -0.000812    17.2584    -1.7707     -2.171     0.0000    -1.2692 -9.990e-29
 190.691539     -2.172  -0.000812    17.2615    -1.7707     -2.154     0.0000    -1.2697 -9.990e-29
 190.691545     -2.151  -0.000812    17.2650    -1.7708     -2.133     0.0000    -1.2703 -9.990e-29
 190.691551     -2.124  -0.000812    17.2688    -1.7708     -2.106     0.0000    -1.2710 -9.990e-29
 190.691557     -2.093  -0.000812    17.2731    -1.7709     -2.076     0.0000    -1.2718 -9.990e-29
 190.691563     -2.065  -0.000812    17.2776    -1.7710     -2.048     0.0000    -1.2726 -9.990e-29
 190.691568     -2.044  -0.000812    17.2813    -1.7714     -2.027     0.0000    -1.2732 -9.990e-29
 190.691574     -2.026  -0.000812    17.2833    -1.7717     -2.009     0.0000    -1.2736 -9.990e-29
 190.691580     -2.012  -0.000812    17.2834    -1.7717     -1.995     0.0000    -1.2736 -9.990e-29
 190.691586     -2.000  -0.000812    17.2825    -1.7717     -1.983     0.0000    -1.2734 -9.990e-29
 190.691591     -1.990  -0.000812    17.2813    -1.7720     -1.973     0.0000    -1.2732 -9.990e-29
 190.691597     -1.981  -0.000812    17.2798    -1.7721     -1.964     0.0000    -1.2729 -9.990e-29
 190.691603     -1.973  -0.000812    17.2780    -1.7720     -1.957     0.0000    -1.2726 -9.990e-29
 190.691609     -1.965  -0.000812    17.2752    -1.7719     -1.949     0.0000    -1.2721 -9.990e-29
 190.691615     -1.955  -0.000812    17.2705    -1.7716     -1.939     0.0000    -1.2713 -9.990e-29
 190.691620     -1.945  -0.000812    17.2639    -1.7713     -1.929     0.0000    -1.2701 -9.990e-29
 190.691626     -1.933  -0.000812    17.2580    -1.7711     -1.917     0.0000    -1.2691 -9.990e-29
 190.691632     -1.918  -0.000812    17.2545    -1.7711     -1.902     0.0000    -1.2685 -9.990e-29
 190.691638     -1.900  -0.000812    17.2515    -1.7710     -1.884     0.0000    -1.2679 -9.990e-29
 190.691644     -1.877  -0.000812    17.2480    -1.7708     -1.861     0.0000    -1.2673 -9.990e-29
 190.691649     -1.853  -0.000812    17.2462    -1.7706     -1.838     0.0000    -1.2670 -9.990e-29
 190.691655     -1.829  -0.000812    17.2477    -1.7705     -1.814     0.0000    -1.2673 -9.990e-29
 190.691661     -1.804  -0.000812    17.2521    -1.7705     -1.789     0.0000    -1.2680 -9.990e-29
 190.691667     -1.782  -0.000812    17.2584    -1.7703     -1.767     0.0000    -1.2692 -9.990e-29
 190.691672     -1.764  -0.000812    17.2649    -1.7702     -1.749     0.0000    -1.2703 -9.990e-29
 190.691678     -1.750  -0.000812    17.2700    -1.7700     -1.735     0.0000    -1.2712 -9.990e-29
 190.691684     -1.739  -0.000812    17.2737    -1.7699     -1.724     0.0000    -1.2719 -9.990e-29
 190.691690     -1.730  -0.000812    17.2774    -1.7699     -1.716     0.0000    -1.2725 -9.990e-29
 190.691696     -1.723  -0.000812    17.2816    -1.7699     -1.709     0.0000    -1.2733 -9.990e-29
 190.691701     -1.717  -0.000812    17.2855    -1.7695     -1.703     0.0000    -1.2739 -9.990e-29
 190.691707     -1.711  -0.000812    17.2888    -1.7690     -1.697     0.0000    -1.2745 -9.990e-29
 190.691713     -1.706  -0.000812    17.2921    -1.7688     -1.692     0.0000    -1.2751 -9.990e-29
 190.691719     -1.701  -0.000812    17.2957    -1.7689     -1.687     0.0000    -1.2758 -9.990e-29
