data/oxygen options/ONMS/Olympic_Coast_National_Marine_Sanctuary_CTD_Data_2005_2023/raw_data/2018/CAST_CE042_180924faed.cnv
* Sea-Bird SBE 19 Data File:
* FileName = C:\2018 Mooring Data\Casts\CAST_CE042_180924.hex
* Software Version SeatermAF 2.1.2
* Temperature SN = 2997
* Conductivity SN = 2997
* System UpLoad Time = Sep 24 2018 17:15:16 (localtime) = Sep 24 2018 17:15:16 (UTC)
** CAST_CE042_180924
* ds
# nquan = 9                                 
# nvalues = 1139                        
# units = specified
# name 0 = timeJ: Julian Days
# name 1 = prSM: Pressure, Strain Gauge [db]
# name 2 = c0mS/cm: Conductivity [mS/cm]
# name 3 = t090C: Temperature [ITS-90, deg C]
# name 4 = sbeox0ML/L: Oxygen, SBE 43 [ml/l]
# name 5 = depSM: Depth [salt water, m], lat = 47.5
# name 6 = sal00: Salinity, Practical [PSU]
# name 7 = sigma-é00: Density [sigma-theta, kg/m^3]
# name 8 = flag: flag
# span 0 = 267.685984, 267.692569       
# span 1 =     -4.587,     46.843       
# span 2 =   0.091123,  38.902367       
# span 3 =     8.1894,    14.8905       
# span 4 =    -1.9339,    14.6967       
# span 5 =     -4.549,     46.447       
# span 6 =     0.0573,    33.7592       
# span 7 =    -0.6203,    26.2710       
# span 8 = 0.0000e+00, 0.0000e+00       
# interval = seconds: 0.5
# start_time = Sep 24 2018 16:27:49 [Instrument's time stamp, header]
# bad_flag = -9.990e-29
*END*
[from data line 321]
 267.687841     -0.090   0.093327    13.2031    -1.9229     -0.089     0.0586    -0.6014 -9.990e-29
 267.687847     -0.089   0.092958    13.2124    -1.9227     -0.088     0.0584    -0.6028 -9.990e-29
 267.687853     -0.089   0.092835    13.2241    -1.9224     -0.088     0.0583    -0.6044 -9.990e-29
 267.687859     -0.088   0.092794    13.2355    -1.9221     -0.087     0.0582    -0.6059 -9.990e-29
 267.687865     -0.088   0.092780    13.2443    -1.9219     -0.087     0.0582    -0.6071 -9.990e-29
 267.687870     -0.087   0.092776    13.2505    -1.9217     -0.086     0.0582    -0.6079 -9.990e-29
 267.687876     -0.087   0.092774    13.2559    -1.9217     -0.086     0.0582    -0.6086 -9.990e-29
 267.687882     -0.086   0.092773    13.2613    -1.9216     -0.085     0.0582    -0.6093 -9.990e-29
 267.687888     -0.085   0.092773    13.2673    -1.9219     -0.084     0.0582    -0.6101 -9.990e-29
 267.687894     -0.084   0.092773    13.2737    -1.9222     -0.083     0.0582    -0.6109 -9.990e-29
 267.687899     -0.083   0.092773    13.2801    -1.9226     -0.082     0.0582    -0.6117 -9.990e-29
 267.687905     -0.081   0.092774    13.2865    -1.9226     -0.080     0.0582    -0.6126 -9.990e-29
 267.687911     -0.079   0.092774    13.2928    -1.9227     -0.078     0.0582    -0.6134 -9.990e-29
 267.687917     -0.077   0.092774    13.2978    -1.9231     -0.076     0.0582    -0.6141 -9.990e-29
 267.687922     -0.074   0.092774    13.3010    -1.9233     -0.073     0.0582    -0.6145 -9.990e-29
 267.687928     -0.070   0.092774    13.3024    -1.9233     -0.069     0.0582    -0.6147 -9.990e-29
 267.687934     -0.064   0.092774    13.3015    -1.9232     -0.063     0.0582    -0.6146 -9.990e-29
 267.687940     -0.058   0.092774    13.2975    -1.9230     -0.058     0.0582    -0.6140 -9.990e-29
 267.687946     -0.049   0.092774    13.2917    -1.9229     -0.049     0.0582    -0.6133 -9.990e-29
 267.687951     -0.038   0.092774    13.2864    -1.9227     -0.038     0.0582    -0.6126 -9.990e-29
 267.687957     -0.028   0.092774    13.2822    -1.9226     -0.028     0.0582    -0.6120 -9.990e-29
 267.687963     -0.022   0.092774    13.2778    -1.9223     -0.022     0.0582    -0.6114 -9.990e-29
 267.687969     -0.017   0.092775    13.2729    -1.9223     -0.017     0.0582    -0.6108 -9.990e-29
 267.687975     -0.012   0.092775    13.2694    -1.9226     -0.012     0.0582    -0.6103 -9.990e-29
 267.687980     -0.010   0.092775    13.2685    -1.9230     -0.010     0.0582    -0.6102 -9.990e-29
 267.687986     -0.012   0.092775    13.2698    -1.9227     -0.012     0.0582    -0.6104 -9.990e-29
 267.687992     -0.017   0.092775    13.2722    -1.9227     -0.017     0.0582    -0.6107 -9.990e-29
 267.687998     -0.022   0.092775    13.2755    -1.9228     -0.022     0.0582    -0.6111 -9.990e-29
 267.688003     -0.023   0.092775    13.2795    -1.9229     -0.023     0.0582    -0.6117 -9.990e-29
 267.688009     -0.020   0.092775    13.2833    -1.9231     -0.020     0.0582    -0.6122 -9.990e-29
 267.688015     -0.017   0.092775    13.2857    -1.9232     -0.017     0.0582    -0.6125 -9.990e-29
 267.688021     -0.018   0.092775    13.2854    -1.9230     -0.018     0.0582    -0.6124 -9.990e-29
 267.688027     -0.019   0.092774    13.2824    -1.9230     -0.019     0.0582    -0.6120 -9.990e-29
 267.688032     -0.015   0.092771    13.2795    -1.9230     -0.015     0.0582    -0.6117 -9.990e-29
 267.688038     -0.011   0.092762    13.2786    -1.9229     -0.011     0.0582    -0.6116 -9.990e-29
 267.688044     -0.011   0.092733    13.2781    -1.9229     -0.011     0.0582    -0.6115 -9.990e-29
 267.688050     -0.010   0.092646    13.2766    -1.9231     -0.010     0.0581    -0.6113 -9.990e-29
 267.688056     -0.004   0.092386    13.2744    -1.9231     -0.004     0.0579    -0.6112 -9.990e-29
 267.688061      0.008   0.092161    13.2726    -1.9231      0.008     0.0578    -0.6110 -9.990e-29
 267.688067      0.021   0.092225    13.2721    -1.9232      0.021     0.0579    -0.6110 -9.990e-29
 267.688073      0.028   0.092109    13.2725    -1.9231      0.028     0.0578    -0.6111 -9.990e-29
 267.688079      0.026   0.091657    13.2729    -1.9230      0.026     0.0575    -0.6113 -9.990e-29
 267.688084      0.018   0.091374    13.2733    -1.9229      0.018     0.0573    -0.6115 -9.990e-29
 267.688090      0.012   0.091438    13.2736    -1.9227      0.012     0.0574    -0.6115 -9.990e-29
 267.688096      0.013   0.091749    13.2731    -1.9225      0.013     0.0576    -0.6113 -9.990e-29
 267.688102      0.020   0.092167    13.2720    -1.9223      0.020     0.0578    -0.6110 -9.990e-29
 267.688108      0.034   0.092510    13.2713    -1.9222      0.034     0.0580    -0.6107 -9.990e-29
 267.688113      0.052   0.092682    13.2711    -1.9219      0.052     0.0581    -0.6106 -9.990e-29
 267.688119      0.070   0.092728    13.2715    -1.9219      0.069     0.0582    -0.6106 -9.990e-29
 267.688125      0.089   0.092709    13.2729    -1.9219      0.088     0.0581    -0.6108 -9.990e-29
 267.688131      0.107   0.092597    13.2750    -1.9217      0.106     0.0581    -0.6112 -9.990e-29
 267.688137      0.120   0.092243    13.2779    -1.9213      0.119     0.0579    -0.6117 -9.990e-29
 267.688142      0.129   0.091731    13.2816    -1.9212      0.128     0.0575    -0.6124 -9.990e-29
 267.688148      0.135   0.091484    13.2859    -1.9213      0.134     0.0574    -0.6131 -9.990e-29
 267.688154      0.138   0.091728    13.2901    -1.9215      0.137     0.0575    -0.6135 -9.990e-29
 267.688160      0.138   0.092232    13.2939    -1.9216      0.137     0.0578    -0.6138 -9.990e-29
 267.688166      0.136   0.092560    13.2970    -1.9225      0.135     0.0580    -0.6141 -9.990e-29
 267.688171      0.135   0.092597    13.2995    -1.9231      0.134     0.0580    -0.6144 -9.990e-29
 267.688177      0.140   0.092391    13.3024    -1.9235      0.139     0.0579    -0.6148 -9.990e-29
 267.688183      0.146   0.092219    13.3067    -1.9237      0.145     0.0578    -0.6155 -9.990e-29
 267.688189      0.150   0.092408    13.3113    -1.9243      0.149     0.0579    -0.6160 -9.990e-29
 267.688194      0.152   0.092656    13.3134    -1.9250      0.151     0.0581    -0.6162 -9.990e-29
 267.688200      0.152   0.092739    13.3120    -1.9254      0.151     0.0581    -0.6159 -9.990e-29
 267.688206      0.150   0.092765    13.3075    -1.9259      0.149     0.0581    -0.6153 -9.990e-29
 267.688212      0.147   0.092770    13.2993    -1.9263      0.146     0.0582    -0.6143 -9.990e-29
 267.688218      0.145   0.092759    13.2871    -1.9265      0.144     0.0582    -0.6127 -9.990e-29
 267.688223      0.150   0.092719    13.2745    -1.9265      0.149     0.0581    -0.6110 -9.990e-29
 267.688229      0.157   0.092597    13.2639    -1.9264      0.156     0.0581    -0.6097 -9.990e-29
 267.688235      0.162   0.092228    13.2536    -1.9263      0.161     0.0579    -0.6085 -9.990e-29
 267.688241      0.166   0.091674    13.2416    -1.9266      0.165     0.0576    -0.6072 -9.990e-29
 267.688247      0.170   0.091305    13.2288    -1.9272      0.169     0.0573    -0.6057 -9.990e-29
 267.688252      0.172   0.091182    13.2170    -1.9278      0.171     0.0573    -0.6042 -9.990e-29
 267.688258      0.175   0.091142    13.2069    -1.9278      0.174     0.0573    -0.6029 -9.990e-29
 267.688264      0.176   0.091128    13.1992    -1.9278      0.175     0.0573    -0.6019 -9.990e-29
 267.688270      0.178   0.091124    13.1946    -1.9276      0.177     0.0573    -0.6013 -9.990e-29
 267.688275      0.179   0.091123    13.1928    -1.9275      0.178     0.0573    -0.6011 -9.990e-29
 267.688281      0.180   0.091123    13.1921    -1.9275      0.178     0.0573    -0.6010 -9.990e-29
 267.688287      0.181   0.091124    13.1900    -1.9273      0.179     0.0573    -0.6007 -9.990e-29
 267.688293      0.182   0.091129    13.1840    -1.9273      0.180     0.0573    -0.6000 -9.990e-29
 267.688299      0.183   0.091143    13.1748    -1.9272      0.181     0.0573    -0.5988 -9.990e-29
 267.688304      0.184   0.091184    13.1667    -1.9272      0.182     0.0573    -0.5977 -9.990e-29
 267.688310      0.185   0.091308    13.1627    -1.9272      0.183     0.0574    -0.5971 -9.990e-29
 267.688316      0.186   0.091677    13.1621    -1.9271      0.184     0.0576    -0.5969 -9.990e-29
 267.688322      0.188   0.092231    13.1635    -1.9271      0.186     0.0580    -0.5968 -9.990e-29
 267.688328      0.190   0.092601    13.1655    -1.9270      0.188     0.0582    -0.5969 -9.990e-29
 267.688333      0.193   0.092726    13.1677    -1.9268      0.191     0.0583    -0.5971 -9.990e-29
 267.688339      0.197   0.092771    13.1700    -1.9267      0.195     0.0583    -0.5974 -9.990e-29
 267.688345      0.202   0.092797    13.1717    -1.5940      0.200     0.0583    -0.5976 -9.990e-29
 267.688351      0.207   0.092839    13.1727    -1.5640      0.205     0.0583    -0.5977 -9.990e-29
 267.688356      0.215   0.093504    13.1736    -1.5598      0.213     0.0587    -0.5975 -9.990e-29
 267.688362      0.225   0.096788    13.1750    -1.5665      0.223     0.0607    -0.5961 -9.990e-29
 267.688368      0.237   0.107621    13.1780    -1.5715      0.235     0.0672    -0.5914 -9.990e-29
 267.688374      0.253   0.140448    13.1844    -1.5656      0.251     0.0872    -0.5767 -9.990e-29
 267.688380      0.274   0.239038    13.2005    -1.5574      0.272     0.1485    -0.5310 -9.990e-29
 267.688385      0.300   0.534844    13.2451    -1.5570      0.297     0.3384    -0.3888 -9.990e-29
 267.688391      0.334   1.422276    13.3728    -1.5611      0.331     0.9341     0.0571 -9.990e-29
 267.688397      0.374   4.084022    13.6746    -1.5654      0.371     2.8230     1.4770 -9.990e-29
 267.688403      0.417  12.067966    14.0886    -1.5651      0.414     8.9214     6.1073 -9.990e-29
 267.688409      0.471  24.124587    14.3942    -1.5611      0.467    18.8008    13.6364 -9.990e-29
 267.688414      0.539  32.251997    14.5295    -1.5614      0.535    25.7861    18.9762 -9.990e-29
 267.688420      0.617  34.845479    14.5779    -1.5673      0.612    28.0558    20.7123 -9.990e-29
 267.688426      0.701  35.426387    14.5938    -1.5720      0.695    28.5631    21.0995 -9.990e-29
 267.688432      0.784  35.572369    14.6023    -1.5637      0.777    28.6874    21.1934 -9.990e-29
 267.688438      0.858  35.913788    14.6110    -1.5587      0.851    28.9866    21.4219 -9.990e-29
 267.688443      0.924  36.309506    14.6175    -1.5622      0.916    29.3364    21.6898 -9.990e-29
 267.688449      0.985  36.419721    14.6192    -1.5670      0.977    29.4340    21.7646 -9.990e-29
 267.688455      1.042  36.241346    14.6189    -1.5706      1.033    29.2741    21.6416 -9.990e-29
 267.688461      1.089  36.035034    14.6194    -1.5638      1.080    29.0888    21.4989 -9.990e-29
 267.688466      1.126  35.997848    14.6192    -1.5587      1.117    29.0556    21.4734 -9.990e-29
 267.688472      1.154  36.051686    14.6171    -1.5578      1.144    29.1054    21.5121 -9.990e-29
 267.688478      1.176  35.965409    14.6145    -1.5603      1.166    29.0301    21.4547 -9.990e-29
 267.688484      1.193  35.725940    14.6127    -1.5670      1.183    28.8170    21.2910 -9.990e-29
 267.688490      1.205  35.649047    14.6129    -1.5685      1.195    28.7480    21.2379 -9.990e-29
 267.688495      1.209  35.888710    14.6151    -1.5624      1.199    28.9609    21.4013 -9.990e-29
 267.688501      1.202  36.104295    14.6170    -1.5582      1.192    29.1526    21.5485 -9.990e-29
 267.688507      1.195  36.011542    14.6161    -1.5627      1.185    29.0702    21.4852 -9.990e-29
 267.688513      1.202  35.769070    14.6132    -1.5672      1.192    28.8552    21.3203 -9.990e-29
 267.688519      1.213  35.717779    14.6115    -1.5663      1.203    28.8106    21.2863 -9.990e-29
 267.688524      1.217  35.979707    14.6129    -1.5600      1.207    29.0441    21.4658 -9.990e-29
 267.688530      1.219  36.293743    14.6162    -1.5576      1.209    29.3231    21.6799 -9.990e-29
 267.688536      1.230  36.376957    14.6185    -1.5590      1.220    29.3960    21.7355 -9.990e-29
 267.688542      1.249  36.186895    14.6184    -1.5625      1.239    29.2256    21.6044 -9.990e-29
 267.688547      1.267  35.906440    14.6170    -1.5662      1.256    28.9754    21.4120 -9.990e-29
 267.688553      1.281  35.842099    14.6161    -1.5630      1.270    28.9184    21.3684 -9.990e-29
 267.688559      1.288  36.041405    14.6163    -1.5587      1.277    29.0968    21.5056 -9.990e-29
 267.688565      1.292  36.182701    14.6169    -1.5577      1.281    29.2230    21.6027 -9.990e-29
 267.688571      1.299  36.068024    14.6169    -1.5618      1.288    29.1202    21.5235 -9.990e-29
 267.688576      1.308  35.908521    14.6165    -1.5653      1.297    28.9776    21.4138 -9.990e-29
 267.688582      1.316  35.981566    14.6167    -1.5679      1.305    29.0429    21.4640 -9.990e-29
 267.688588      1.319  36.241791    14.6175    -1.5605      1.308    29.2755    21.6430 -9.990e-29
 267.688594      1.322  36.415714    14.6179    -1.5578      1.311    29.4312    21.7628 -9.990e-29
 267.688600      1.329  36.363421    14.6169    -1.5573      1.318    29.3851    21.7274 -9.990e-29
 267.688605      1.336  36.173162    14.6154    -1.5603      1.325    29.2155    21.5972 -9.990e-29
 267.688611      1.335  36.062278    14.6152    -1.5650      1.324    29.1163    21.5209 -9.990e-29
 267.688617      1.325  36.169688    14.6164    -1.5646      1.314    29.2117    21.5941 -9.990e-29
 267.688623      1.316  36.356402    14.6184    -1.5609      1.305    29.3776    21.7214 -9.990e-29
 267.688628      1.311  36.379159    14.6198    -1.5580      1.300    29.3970    21.7360 -9.990e-29
 267.688634      1.308  36.192179    14.6201    -1.5573      1.297    29.2291    21.6067 -9.990e-29
 267.688640      1.309  35.972935    14.6199    -1.5607      1.298    29.0327    21.4556 -9.990e-29
 267.688646      1.313  35.966746    14.6201    -1.5640      1.302    29.0270    21.4512 -9.990e-29
 267.688652      1.321  36.210190    14.6206    -1.5649      1.310    29.2448    21.6187 -9.990e-29
 267.688657      1.332  36.444942    14.6207    -1.5592      1.321    29.4553    21.7807 -9.990e-29
 267.688663      1.348  36.471077    14.6200    -1.5580      1.337    29.4793    21.7993 -9.990e-29
 267.688669      1.365  36.303881    14.6192    -1.5614      1.354    29.3299    21.6845 -9.990e-29
 267.688675      1.376  36.116407    14.6191    -1.5624      1.365    29.1619    21.5552 -9.990e-29
 267.688681      1.378  36.112341    14.6197    -1.5653      1.366    29.1578    21.5519 -9.990e-29
 267.688686      1.370  36.286866    14.6208    -1.5598      1.359    29.3134    21.6715 -9.990e-29
 267.688692      1.357  36.459998    14.6218    -1.5576      1.346    29.4680    21.7903 -9.990e-29
 267.688698      1.345  36.472284    14.6221    -1.5575      1.334    29.4788    21.7985 -9.990e-29
 267.688704      1.339  36.313266    14.6220    -1.5614      1.328    29.3362    21.6888 -9.990e-29
 267.688709      1.338  36.140020    14.6218    -1.5621      1.327    29.1810    21.5693 -9.990e-29
 267.688715      1.342  36.143280    14.6217    -1.5626      1.331    29.1840    21.5717 -9.990e-29
 267.688721      1.347  36.303911    14.6220    -1.5605      1.336    29.3278    21.6823 -9.990e-29
 267.688727      1.349  36.379722    14.6221    -1.5595      1.338    29.3957    21.7346 -9.990e-29
 267.688733      1.348  36.286474    14.6214    -1.5585      1.337    29.3126    21.6707 -9.990e-29
 267.688738      1.344  36.160851    14.6205    -1.5575      1.333    29.2007    21.5847 -9.990e-29
 267.688744      1.341  36.160761    14.6204    -1.5614      1.330    29.2007    21.5848 -9.990e-29
 267.688750      1.340  36.332040    14.6211    -1.5621      1.329    29.3537    21.7024 -9.990e-29
 267.688756      1.335  36.497097    14.6218    -1.5610      1.324    29.5013    21.8159 -9.990e-29
