data/oxygen options/ONMS/Olympic_Coast_National_Marine_Sanctuary_CTD_Data_2005_2023/raw_data/2018/CAST_TH042_180710faed.cnv
* Sea-Bird SBE19 Data File:
* FileName = C:\2018 Mooring Data\Casts\CAST_TH042_180710.hex
* Software Version 1.59
* Temperature SN = 2997
* Conductivity SN = 2997
* System UpLoad Time = Jul 10 2018 22:54:10
** CAST_TH042_180710
* ds
# nquan = 9                                 
# nvalues = 950                         
# units = specified
# name 0 = timeJ: Julian Days
# name 1 = prSM: Pressure, Strain Gauge [db]
# name 2 = c0mS/cm: Conductivity [mS/cm]
# name 3 = t090C: Temperature [ITS-90, deg C]
# name 4 = sbeox0ML/L: Oxygen, SBE 43 [ml/l]
# name 5 = depSM: Depth [salt water, m], lat = 47.5
# name 6 = sal00: Salinity, Practical [PSU]
# name 7 = sigma-é00: Density [sigma-theta, kg/m^3]
# name 8 = flag: flag
# span 0 = 191.902593, 191.908084       
# span 1 =     -5.218,     42.630       
# span 2 =   0.420907,  40.038604       
# span 3 =     8.2897,    17.8858       
# span 4 =    -1.7823,    17.4724       
# span 5 =     -5.175,     42.270       
# span 6 =     0.2368,    33.6168       
# span 7 =    -1.1946,    26.1431       
# span 8 = 0.0000e+00, 0.0000e+00       
# interval = seconds: 0.5
# start_time = Jul 10 2018 21:39:44 [Instrument's time stamp, header]
# bad_flag = -9.990e-29
*END*
[from data line 801]
 191.907228     42.630  35.208514     8.3017     2.2162     42.270    33.6124    26.1399 -9.990e-29
 191.907234     42.626  35.210820     8.3035     2.2077     42.266    33.6132    26.1402 -9.990e-29
 191.907240     42.575  35.212246     8.3041     2.2119     42.215    33.6141    26.1409 -9.990e-29
 191.907245     42.475  35.213553     8.3038     2.2073     42.116    33.6158    26.1423 -9.990e-29
 191.907251     42.331  35.213666     8.3030     2.2007     41.973    33.6168    26.1431 0.0000e+00
 191.907257     42.157  35.211039     8.3018     2.2113     41.801    33.6152    26.1421 0.0000e+00
 191.907263     41.962  35.207191     8.3012     2.2135     41.608    33.6118    26.1395 0.0000e+00
 191.907269     41.746  35.205371     8.3014     2.2072     41.393    33.6098    26.1379 0.0000e+00
 191.907274     41.506  35.205936     8.3012     2.2068     41.155    33.6107    26.1386 0.0000e+00
 191.907280     41.242  35.206259     8.3005     2.2108     40.894    33.6118    26.1396 0.0000e+00
 191.907286     40.968  35.205073     8.3002     2.2065     40.622    33.6110    26.1390 0.0000e+00
 191.907292     40.695  35.203580     8.3015     2.2170     40.351    33.6083    26.1367 0.0000e+00
 191.907297     40.430  35.203694     8.3043     2.2254     40.089    33.6059    26.1343 0.0000e+00
 191.907303     40.166  35.204989     8.3072     2.2078     39.827    33.6046    26.1329 0.0000e+00
 191.907309     39.897  35.205815     8.3089     2.2136     39.560    33.6040    26.1321 0.0000e+00
 191.907315     39.617  35.206696     8.3096     2.2173     39.283    33.6044    26.1323 0.0000e+00
 191.907321     39.327  35.207667     8.3104     2.2107     38.995    33.6048    26.1325 0.0000e+00
 191.907326     39.025  35.207766     8.3122     2.2235     38.696    33.6033    26.1311 0.0000e+00
 191.907332     38.712  35.207669     8.3144     2.2272     38.385    33.6012    26.1292 0.0000e+00
 191.907338     38.396  35.208348     8.3169     2.2177     38.072    33.5997    26.1276 0.0000e+00
 191.907344     38.081  35.209573     8.3200     2.2257     37.760    33.5982    26.1259 0.0000e+00
 191.907350     37.773  35.211278     8.3246     2.2378     37.454    33.5958    26.1233 0.0000e+00
 191.907355     37.470  35.214043     8.3318     2.2392     37.154    33.5920    26.1192 0.0000e+00
 191.907361     37.166  35.217058     8.3398     2.2575     36.852    33.5877    26.1147 0.0000e+00
 191.907367     36.861  35.219285     8.3468     2.2607     36.550    33.5835    26.1103 0.0000e+00
 191.907373     36.559  35.221439     8.3524     2.2446     36.251    33.5805    26.1072 0.0000e+00
 191.907378     36.257  35.224136     8.3578     2.2618     35.951    33.5784    26.1047 0.0000e+00
 191.907384     35.954  35.227035     8.3663     2.2733     35.651    33.5735    26.0995 0.0000e+00
 191.907390     35.647  35.230626     8.3782     2.2922     35.346    33.5661    26.0919 0.0000e+00
 191.907396     35.333  35.235201     8.3901     2.3266     35.035    33.5597    26.0851 0.0000e+00
 191.907402     35.014  35.239562     8.4014     2.3409     34.719    33.5537    26.0787 0.0000e+00
 191.907407     34.696  35.244471     8.4139     2.3443     34.404    33.5472    26.0717 0.0000e+00
 191.907413     34.384  35.252538     8.4291     2.3675     34.094    33.5414    26.0648 0.0000e+00
 191.907419     34.084  35.264424     8.4466     2.3925     33.797    33.5374    26.0591 0.0000e+00
 191.907425     33.798  35.277484     8.4674     2.4403     33.513    33.5315    26.0513 0.0000e+00
 191.907431     33.522  35.291760     8.4922     2.5395     33.240    33.5232    26.0409 0.0000e+00
 191.907436     33.245  35.307233     8.5157     2.6566     32.965    33.5173    26.0328 0.0000e+00
 191.907442     32.963  35.318202     8.5377     2.8294     32.685    33.5081    26.0222 0.0000e+00
 191.907448     32.672  35.326400     8.5679     3.0027     32.397    33.4882    26.0020 0.0000e+00
 191.907454     32.369  35.342742     8.6183     3.1346     32.096    33.4578    25.9704 0.0000e+00
 191.907459     32.066  35.378365     8.6958     3.2064     31.796    33.4220    25.9305 0.0000e+00
 191.907465     31.772  35.443795     8.7891     3.2569     31.504    33.4027    25.9010 0.0000e+00
 191.907471     31.492  35.523791     8.8807     3.2955     31.227    33.4003    25.8848 0.0000e+00
 191.907477     31.215  35.579984     8.9651     3.3553     30.952    33.3797    25.8555 0.0000e+00
 191.907483     30.928  35.604613     9.0388     3.4289     30.668    33.3363    25.8099 0.0000e+00
 191.907488     30.627  35.616522     9.1007     3.4821     30.369    33.2909    25.7646 0.0000e+00
 191.907494     30.308  35.630104     9.1585     3.5199     30.053    33.2512    25.7243 0.0000e+00
 191.907500     29.973  35.651159     9.2122     3.5426     29.721    33.2231    25.6938 0.0000e+00
 191.907506     29.631  35.674916     9.2547     3.5476     29.382    33.2083    25.6755 0.0000e+00
 191.907512     29.290  35.693304     9.2848     3.5547     29.043    33.1995    25.6638 0.0000e+00
 191.907517     28.954  35.702291     9.3035     3.5824     28.710    33.1915    25.6546 0.0000e+00
 191.907523     28.623  35.702669     9.3128     3.6065     28.382    33.1834    25.6467 0.0000e+00
 191.907529     28.293  35.697750     9.3177     3.6508     28.055    33.1740    25.6385 0.0000e+00
 191.907535     27.964  35.692736     9.3238     3.7312     27.729    33.1633    25.6292 0.0000e+00
 191.907541     27.637  35.691586     9.3345     3.7996     27.405    33.1523    25.6189 0.0000e+00
 191.907546     27.309  35.692767     9.3502     3.8861     27.079    33.1391    25.6061 0.0000e+00
 191.907552     26.979  35.693937     9.3743     3.9760     26.752    33.1181    25.5858 0.0000e+00
 191.907558     26.653  35.699457     9.4194     4.0151     26.429    33.0822    25.5505 0.0000e+00
 191.907564     26.332  35.721173     9.4879     4.0541     26.111    33.0415    25.5076 0.0000e+00
 191.907569     26.011  35.770125     9.5630     4.0747     25.792    33.0227    25.4807 0.0000e+00
 191.907575     25.697  35.837670     9.6330     4.0969     25.481    33.0277    25.4732 0.0000e+00
 191.907581     25.403  35.899086     9.6938     4.1621     25.189    33.0349    25.4688 0.0000e+00
 191.907587     25.125  35.939960     9.7369     4.2352     24.914    33.0372    25.4636 0.0000e+00
 191.907593     24.838  35.961601     9.7669     4.3186     24.629    33.0319    25.4545 0.0000e+00
 191.907598     24.540  35.973836     9.8034     4.4159     24.334    33.0110    25.4322 0.0000e+00
 191.907604     24.231  35.990745     9.8587     4.4714     24.027    32.9778    25.3971 0.0000e+00
 191.907610     23.914  36.029836     9.9384     4.5082     23.713    32.9448    25.3582 0.0000e+00
 191.907616     23.594  36.110198    10.0503     4.5454     23.396    32.9246    25.3237 0.0000e+00
 191.907622     23.272  36.234826    10.1760     4.5467     23.076    32.9365    25.3119 0.0000e+00
 191.907627     22.949  36.357656    10.2761     4.5701     22.756    32.9697    25.3208 0.0000e+00
 191.907633     22.635  36.422390    10.3486     4.5808     22.445    32.9692    25.3081 0.0000e+00
 191.907639     22.331  36.447040    10.4088     4.5829     22.143    32.9396    25.2747 0.0000e+00
 191.907645     22.026  36.485775    10.4614     4.5828     21.841    32.9310    25.2590 0.0000e+00
 191.907650     21.719  36.544327    10.5090     4.5729     21.537    32.9468    25.2631 0.0000e+00
 191.907656     21.410  36.590442    10.5464     4.5704     21.230    32.9593    25.2665 0.0000e+00
 191.907662     21.102  36.612809    10.5747     4.5813     20.925    32.9563    25.2592 0.0000e+00
 191.907668     20.797  36.632302    10.6024     4.5946     20.622    32.9509    25.2502 0.0000e+00
 191.907674     20.492  36.662595    10.6336     4.5954     20.320    32.9531    25.2465 0.0000e+00
 191.907679     20.189  36.695359    10.6642     4.6062     20.020    32.9584    25.2453 0.0000e+00
 191.907685     19.891  36.715477    10.6852     4.6022     19.724    32.9597    25.2426 0.0000e+00
 191.907691     19.591  36.715614    10.6962     4.6090     19.427    32.9500    25.2332 0.0000e+00
 191.907697     19.279  36.707721    10.7081     4.6365     19.117    32.9315    25.2167 0.0000e+00
 191.907703     18.952  36.714323    10.7287     4.6482     18.793    32.9197    25.2039 0.0000e+00
 191.907708     18.619  36.740305    10.7543     4.6913     18.463    32.9227    25.2018 0.0000e+00
 191.907714     18.290  36.774386    10.7800     4.7326     18.137    32.9337    25.2058 0.0000e+00
 191.907720     17.964  36.803764    10.8014     4.7709     17.813    32.9438    25.2100 0.0000e+00
 191.907726     17.643  36.821131    10.8174     4.8327     17.495    32.9468    25.2095 0.0000e+00
 191.907731     17.326  36.830604    10.8373     4.8782     17.181    32.9385    25.1995 0.0000e+00
 191.907737     17.012  36.847620    10.8686     4.9357     16.869    32.9274    25.1854 0.0000e+00
 191.907743     16.702  36.881989    10.9070     4.9807     16.562    32.9272    25.1785 0.0000e+00
 191.907749     16.397  36.924650    10.9484     5.0510     16.260    32.9325    25.1753 0.0000e+00
 191.907755     16.095  36.971444    10.9898     5.1375     15.960    32.9418    25.1752 0.0000e+00
 191.907760     15.790  37.015318    11.0287     5.2276     15.658    32.9505    25.1751 0.0000e+00
 191.907766     15.475  37.036365    11.0760     5.3203     15.345    32.9291    25.1500 0.0000e+00
 191.907772     15.152  37.048092    11.1378     5.3857     15.025    32.8855    25.1051 0.0000e+00
 191.907778     14.826  37.079022    11.2071     5.4584     14.702    32.8543    25.0684 0.0000e+00
 191.907784     14.502  37.126718    11.2760     5.5114     14.380    32.8400    25.0449 0.0000e+00
 191.907789     14.176  37.185331    11.3428     5.5854     14.057    32.8383    25.0316 0.0000e+00
 191.907795     13.841  37.251809    11.4073     5.6440     13.725    32.8463    25.0262 0.0000e+00
 191.907801     13.500  37.310621    11.4607     5.6880     13.387    32.8567    25.0245 0.0000e+00
 191.907807     13.163  37.344973    11.5047     5.7321     13.053    32.8514    25.0124 0.0000e+00
 191.907813     12.828  37.359789    11.5532     5.7558     12.721    32.8230    24.9815 0.0000e+00
 191.907818     12.497  37.386597    11.6121     5.7844     12.392    32.7972    24.9507 0.0000e+00
 191.907824     12.174  37.435383    11.6795     5.8175     12.072    32.7853    24.9291 0.0000e+00
 191.907830     11.859  37.483261    11.7431     5.8491     11.760    32.7759    24.9101 0.0000e+00
 191.907836     11.546  37.513979    11.7870     5.8875     11.449    32.7672    24.8952 0.0000e+00
 191.907841     11.224  37.522017    11.8166     5.9330     11.130    32.7490    24.8756 0.0000e+00
 191.907847     10.884  37.520343    11.8513     5.9597     10.793    32.7170    24.8443 0.0000e+00
 191.907853     10.526  37.531940    11.8908     5.9912     10.438    32.6937    24.8189 0.0000e+00
 191.907859     10.159  37.556593    11.9229     6.0173     10.074    32.6896    24.8097 0.0000e+00
 191.907865      9.791  37.582926    11.9453     6.0429      9.709    32.6955    24.8102 0.0000e+00
 191.907870      9.431  37.599570    11.9621     6.0935      9.352    32.6971    24.8082 0.0000e+00
 191.907876      9.076  37.605755    11.9789     6.1476      9.000    32.6885    24.7984 0.0000e+00
 191.907882      8.722  37.614214    11.9962     6.2441      8.649    32.6816    24.7899 0.0000e+00
 191.907888      8.367  37.627829    12.0126     6.3754      8.297    32.6806    24.7860 0.0000e+00
 191.907894      8.018  37.644590    12.0335     6.5107      7.951    32.6786    24.7805 0.0000e+00
 191.907899      7.676  37.665563    12.0687     6.6977      7.612    32.6682    24.7659 0.0000e+00
 191.907905      7.330  37.689028    12.1263     6.8905      7.269    32.6406    24.7336 0.0000e+00
 191.907911      6.980  37.723307    12.2046     7.0581      6.922    32.6054    24.6916 0.0000e+00
 191.907917      6.626  37.771540    12.2907     7.2249      6.571    32.5770    24.6533 0.0000e+00
 191.907922      6.271  37.817384    12.3728     7.3831      6.219    32.5498    24.6166 0.0000e+00
 191.907928      5.921  37.874366    12.4573     7.6089      5.871    32.5312    24.5861 0.0000e+00
 191.907934      5.577  37.962460    12.5551     7.8839      5.530    32.5308    24.5671 0.0000e+00
 191.907940      5.233  38.049008    12.6658     8.1383      5.189    32.5178    24.5357 0.0000e+00
 191.907946      4.889  38.107132    12.7884     8.3800      4.848    32.4675    24.4730 0.0000e+00
 191.907951      4.549  38.152726    12.9197     8.5616      4.511    32.3981    24.3938 0.0000e+00
 191.907957      4.212  38.203465    13.0756    10.3268      4.177    32.3130    24.2973 0.0000e+00
 191.907963      3.880  38.287808    13.2714     9.8286      3.848    32.2260    24.1914 0.0000e+00
 191.907969      3.555  38.405069    13.4641     8.7111      3.525    32.1729    24.1119 0.0000e+00
 191.907975      3.239  38.505457    13.5912     8.5703      3.212    32.1595    24.0760 0.0000e+00
 191.907980      2.929  38.583923    13.6462     8.3729      2.905    32.1863    24.0857 0.0000e+00
 191.907986      2.627  38.651568    13.6817     8.1970      2.605    32.2193    24.1040 0.0000e+00
 191.907992      2.339  38.655183    13.7292     8.0681      2.319    32.1829    24.0662 0.0000e+00
 191.907998      2.069  38.465128    13.7730     9.2640      2.052    31.9703    23.8931 0.0000e+00
 191.908003      1.816  37.802788    13.8019     9.1705      1.801    31.3346    23.3964 0.0000e+00
 191.908009      1.585  35.832118    13.8167     8.3693      1.572    29.5134    21.9880 0.0000e+00
 191.908015      1.387  29.933410    13.8243     7.5518      1.375    24.1841    17.8799 0.0000e+00
 191.908021      1.228  23.086093    13.8338     6.6938      1.218    18.1773    13.2583 0.0000e+00
 191.908027      1.101  24.219672    13.8449     6.2079      1.092    19.1515    14.0051 -9.990e-29
 191.908032      0.998  31.300159    13.8554 -9.990e-29      0.990    25.3849    18.7986 -9.990e-29
 191.908038      0.913  35.852931    13.8662 -9.990e-29      0.905    29.4947    21.9637 -9.990e-29
 191.908044      0.844  36.726174    13.8781 -9.990e-29      0.837    30.2842    22.5704 -9.990e-29
 191.908050      0.792  35.047798    13.8903 -9.990e-29      0.785    28.7428    21.3791 -9.990e-29
 191.908056      0.753  28.611906    13.9016 -9.990e-29      0.747    22.9645    16.9269 -9.990e-29
 191.908061      0.729  18.182529    13.9122 -9.990e-29      0.723    13.9789    10.0196 -9.990e-29
 191.908067      0.719  10.430045    13.9216 -9.990e-29      0.713     7.6546     5.1604 -9.990e-29
 191.908073      0.712   7.407603    13.9284 -9.990e-29      0.706     5.2971     3.3466 -9.990e-29
 191.908079      0.705   6.231742    13.9310 -9.990e-29      0.699     4.4015     2.6567 -9.990e-29
 191.908084      0.701   5.692576 -9.990e-29 -9.990e-29      0.695 -9.990e-29 -9.990e-29 -9.990e-29
