data/oxygen options/ONMS/Olympic_Coast_National_Marine_Sanctuary_CTD_Data_2005_2023/raw_data/2018/CAST_KL027_180611faedb.cnv
* Sea-Bird SBE19 Data File:
* FileName = C:\2018 Mooring Data\Casts\CAST_KL027_180611.hex
* Software Version 1.59
* Temperature SN = 2997
* Conductivity SN = 2997
* System UpLoad Time = Jun 11 2018 20:35:19
** CAST_KL027_180611
* ds
# nquan = 9
# nvalues = 26                          
# units = specified
# name 0 = timeJ: Julian Days
# name 1 = prSM: Pressure, Strain Gauge [db]
# name 2 = c0mS/cm: Conductivity [mS/cm]
# name 3 = t090C: Temperature [ITS-90, deg C]
# name 4 = sbeox0ML/L: Oxygen, SBE 43 [ml/l]
# name 5 = depSM: Depth [salt water, m], lat = 47.5
# name 6 = sal00: Salinity, Practical [PSU]
# name 7 = sigma-é00: Density [sigma-theta, kg/m^3]
# name 8 = flag: flag
# span 0 = 162.853869, 162.854325       
# span 1 =      2.000,     27.000       
# span 2 =  29.873036,  37.199909       
# span 3 =     9.6426,    14.8310       
# span 4 =     2.6443,     7.8496       
# span 5 =      1.983,     26.773       
# span 6 =    23.5123,    33.0262       
# span 7 =    17.1698,    25.4705       
# span 8 = 0.0000e+00, 0.0000e+00       
# interval = decibars: 1                
# start_time = Jun 11 2018 20:23:54 [Instrument's time stamp, header]
# bad_flag = -9.990e-29
*END*
 162.853869      2.000  29.873036    14.8310     7.3184      1.983    23.5123    17.1698 0.0000e+00
 162.853894      3.000  30.157803    14.4074     7.5329      2.975    24.0193    17.6421 0.0000e+00
 162.853912      4.000  31.833286    14.1622     7.7104      3.966    25.6578    18.9497 0.0000e+00
 162.853930      5.000  33.181612    13.9897     7.7246      4.958    26.9813    20.0023 0.0000e+00
 162.853948      6.000  34.134568    13.9286     7.8157      5.950    27.8842    20.7099 0.0000e+00
 162.853964      7.000  34.408071    13.7976     7.8496      6.942    28.2277    21.0004 0.0000e+00
 162.853981      8.000  34.550761    13.6225     7.7888      7.933    28.4868    21.2343 0.0000e+00
 162.853999      9.000  34.653048    13.5235     7.7561      8.925    28.6539    21.3825 0.0000e+00
 162.854016     10.000  34.781135    13.4666     7.7133      9.916    28.8138    21.5170 0.0000e+00
 162.854032     11.000  34.911845    13.4259     7.7021     10.908    28.9643    21.6411 0.0000e+00
 162.854049     12.000  35.036697    13.4042     7.7106     11.899    29.0954    21.7466 0.0000e+00
 162.854066     13.000  35.216415    13.3668     7.6766     12.891    29.2894    21.9036 0.0000e+00
 162.854084     14.000  35.478855    13.3235     7.6406     13.883    29.5648    22.1247 0.0000e+00
 162.854101     15.000  35.690262    13.2441     7.4631     14.874    29.8223    22.3389 0.0000e+00
 162.854118     16.000  36.285249    13.0820     7.2649     15.866    30.5050    22.8980 0.0000e+00
 162.854135     17.000  36.820679    12.8630     7.2385     16.858    31.1842    23.4655 0.0000e+00
 162.854153     18.000  37.109810    12.6637     7.1775     17.849    31.6226    23.8430 0.0000e+00
 162.854173     19.000  37.199909    12.5130     6.7953     18.841    31.8347    24.0361 0.0000e+00
 162.854193     20.000  37.164832    12.1405     5.7920     19.832    32.1183    24.3261 0.0000e+00
 162.854209     21.000  37.015102    11.6652     3.9854     20.824    32.3845    24.6207 0.0000e+00
 162.854226     22.000  36.760883    11.0744     2.7384     21.816    32.6555    24.9374 0.0000e+00
 162.854241     23.000  36.229271    10.3573     2.6443     22.806    32.7668    25.1486 0.0000e+00
 162.854258     24.000  35.945362     9.8974     2.8389     23.798    32.8964    25.3271 0.0000e+00
 162.854279     25.000  35.893170     9.7346     2.9803     24.790    32.9916    25.4284 0.0000e+00
 162.854301     26.000  35.868447     9.6735     3.0064     25.782    33.0219    25.4620 0.0000e+00
 162.854325     27.000  35.845340     9.6426     3.0533     26.773    33.0262    25.4705 0.0000e+00
