data/oxygen options/ONMS/Olympic_Coast_National_Marine_Sanctuary_CTD_Data_2005_2023/raw_data/2018/CAST_KL015_180914faed.cnv
* Sea-Bird SBE 19 Data File:
* FileName = C:\2018 Mooring Data\Casts\CAST_KL015_180914.hex
* Software Version SeatermAF 2.1.2
* Temperature SN = 2997
* Conductivity SN = 2997
* System UpLoad Time = Sep 14 2018 19:09:57 (localtime) = Sep 14 2018 19:09:57 (UTC)
** CAST_KL015_180914
* ds
# nquan = 9                                 
# nvalues = 1135                        
# units = specified
# name 0 = timeJ: Julian Days
# name 1 = prSM: Pressure, Strain Gauge [db]
# name 2 = c0mS/cm: Conductivity [mS/cm]
# name 3 = t090C: Temperature [ITS-90, deg C]
# name 4 = sbeox0ML/L: Oxygen, SBE 43 [ml/l]
# name 5 = depSM: Depth [salt water, m], lat = 47.5
# name 6 = sal00: Salinity, Practical [PSU]
# name 7 = sigma-é00: Density [sigma-theta, kg/m^3]
# name 8 = flag: flag
# span 0 = 257.776100, 257.782662       
# span 1 =     -4.368,     16.312       
# span 2 =   0.875984,  38.510451       
# span 3 =    13.4338,    14.0983       
# span 4 =   -12.5577,    14.3760       
# span 5 =     -4.332,     16.175       
# span 6 =     0.5592,    32.0421       
# span 7 =    -0.2695,    23.9576       
# span 8 = 0.0000e+00, 0.0000e+00       
# interval = seconds: 0.5
# start_time = Sep 14 2018 18:37:35 [Instrument's time stamp, header]
# bad_flag = -9.990e-29
*END*
[from data line 321]
 257.777957     -0.271   0.897597    13.6582    -1.9000     -0.269     0.5732    -0.2615 -9.990e-29
 257.777963     -0.259   0.895580    13.6599    -1.8998     -0.257     0.5718    -0.2628 -9.990e-29
 257.777969     -0.249   0.894802    13.6626    -1.9000     -0.247     0.5712    -0.2636 -9.990e-29
 257.777975     -0.242   0.894781    13.6667    -1.9000     -0.240     0.5712    -0.2642 -9.990e-29
 257.777980     -0.235   0.894378    13.6716    -1.9001     -0.233     0.5708    -0.2651 -9.990e-29
 257.777986     -0.229   0.893058    13.6766    -1.9002     -0.227     0.5699    -0.2666 -9.990e-29
 257.777992     -0.228   0.891275    13.6811    -1.9003     -0.226     0.5686    -0.2681 -9.990e-29
 257.777998     -0.231   0.889978    13.6839    -1.9007     -0.229     0.5677    -0.2692 -9.990e-29
 257.778003     -0.230   0.889654    13.6846    -1.9014     -0.228     0.5675    -0.2695 -9.990e-29
 257.778009     -0.226   0.889872    13.6845    -1.9019     -0.224     0.5676    -0.2694 -9.990e-29
 257.778015     -0.226   0.889811    13.6843    -1.9021     -0.224     0.5676    -0.2694 -9.990e-29
 257.778021     -0.231   0.889390    13.6832    -1.9025     -0.229     0.5673    -0.2694 -9.990e-29
 257.778027     -0.232   0.889157    13.6815    -1.9027     -0.230     0.5672    -0.2693 -9.990e-29
 257.778032     -0.225   0.889354    13.6798    -1.9027     -0.223     0.5674    -0.2689 -9.990e-29
 257.778038     -0.209   0.889690    13.6776    -1.9025     -0.207     0.5676    -0.2684 -9.990e-29
 257.778044     -0.188   0.889505    13.6728    -1.9022     -0.186     0.5676    -0.2678 -9.990e-29
 257.778050     -0.170   0.888552    13.6639    -1.9017     -0.169     0.5671    -0.2670 -9.990e-29
 257.778056     -0.156   0.887221    13.6527    -1.9014     -0.155     0.5663    -0.2660 -9.990e-29
 257.778061     -0.147   0.885955    13.6424    -1.9011     -0.146     0.5656    -0.2652 -9.990e-29
 257.778067     -0.142   0.884729    13.6342    -1.9012     -0.141     0.5650    -0.2646 -9.990e-29
 257.778073     -0.140   0.883015    13.6278    -1.9012     -0.139     0.5639    -0.2646 -9.990e-29
 257.778079     -0.141   0.880747    13.6237    -1.9013     -0.140     0.5625    -0.2651 -9.990e-29
 257.778084     -0.145   0.878778    13.6232    -1.9016     -0.144     0.5611    -0.2661 -9.990e-29
 257.778090     -0.149   0.878362    13.6266    -1.9018     -0.148     0.5608    -0.2668 -9.990e-29
 257.778096     -0.149   0.880054    13.6329    -1.9021     -0.148     0.5619    -0.2668 -9.990e-29
 257.778102     -0.148   0.882783    13.6407    -1.9021     -0.147     0.5636    -0.2666 -9.990e-29
 257.778108     -0.146   0.884645    13.6484    -1.9020     -0.145     0.5647    -0.2667 -9.990e-29
 257.778113     -0.139   0.884796    13.6536    -1.9022     -0.138     0.5647    -0.2674 -9.990e-29
 257.778119     -0.132   0.883992    13.6553    -1.9026     -0.131     0.5642    -0.2681 -9.990e-29
 257.778125     -0.127   0.883378    13.6545    -1.9015     -0.126     0.5638    -0.2683 -9.990e-29
 257.778131     -0.124   0.883245    13.6517    -1.9001     -0.123     0.5637    -0.2679 -9.990e-29
 257.778137     -0.124   0.882860    13.6471    -1.8979     -0.123     0.5635    -0.2675 -9.990e-29
 257.778142     -0.127   0.881710    13.6421    -1.8968     -0.126     0.5628    -0.2673 -9.990e-29
 257.778148     -0.127   0.879923    13.6386    -1.8963     -0.126     0.5617    -0.2677 -9.990e-29
 257.778154     -0.122   0.877886    13.6368    -1.8958     -0.121     0.5604    -0.2685 -9.990e-29
 257.778160     -0.114   0.876210    13.6351    -1.8953     -0.113     0.5593    -0.2691 -9.990e-29
 257.778166     -0.108   0.875984    13.6313    -1.8949     -0.107     0.5592    -0.2687 -9.990e-29
 257.778171     -0.103   0.880233    13.6261    -1.8946     -0.102     0.5621    -0.2657 -9.990e-29
 257.778177     -0.100   0.897945    13.6217    -1.8945     -0.099     0.5739    -0.2559 -9.990e-29
 257.778183     -0.097   0.955508    13.6190    -1.8946     -0.096     0.6124    -0.2257 -9.990e-29
 257.778189     -0.094   1.075910    13.6170    -1.8948     -0.093     0.6931    -0.1628 -9.990e-29
 257.778194     -0.092   1.249525    13.6153    -1.8950     -0.091     0.8105    -0.0715 -9.990e-29
 257.778200     -0.091   1.436219    13.6142    -1.8950     -0.090     0.9378     0.0274 -9.990e-29
 257.778206     -0.089   1.585550    13.6136    -1.8948     -0.088     1.0404     0.1070 -9.990e-29
 257.778212     -0.088   1.685503    13.6130    -1.8941     -0.087     1.1095     0.1606 -9.990e-29
 257.778218     -0.086   1.759232    13.6129    -1.8939     -0.085     1.1605     0.2001 -9.990e-29
 257.778223     -0.085   1.820758    13.6138    -1.8935     -0.084     1.2032     0.2331 -9.990e-29
 257.778229     -0.083   1.868709    13.6149    -1.8930     -0.082     1.2365     0.2588 -9.990e-29
 257.778235     -0.081   1.897034    13.6147    -1.8929     -0.080     1.2563     0.2741 -9.990e-29
 257.778241     -0.078   1.906342    13.6136    -1.8934     -0.077     1.2628     0.2793 -9.990e-29
 257.778247     -0.075   1.905165    13.6137    -1.8941     -0.074     1.2620     0.2786 -9.990e-29
 257.778252     -0.071   1.899142    13.6165    -1.8946     -0.070     1.2577     0.2749 -9.990e-29
 257.778258     -0.065   1.888560    13.6213    -1.8951     -0.064     1.2502     0.2684 -9.990e-29
 257.778264     -0.058   1.879273    13.6270    -1.8957     -0.058     1.2435     0.2625 -9.990e-29
 257.778270     -0.054   1.883853    13.6325    -1.8965     -0.054     1.2465     0.2641 -9.990e-29
 257.778275     -0.056   1.901199    13.6369    -1.8971     -0.056     1.2585     0.2727 -9.990e-29
 257.778281     -0.060   1.917838    13.6381    -1.8978     -0.059     1.2700     0.2815 -9.990e-29
 257.778287     -0.063   1.936547    13.6356    -1.8982     -0.062     1.2831     0.2920 -9.990e-29
 257.778293     -0.064   1.960641    13.6305    -1.8986     -0.063     1.3001     0.3059 -9.990e-29
 257.778299     -0.063   1.972333    13.6230    -1.8990     -0.062     1.3085     0.3134 -9.990e-29
 257.778304     -0.061   1.959482    13.6135    -1.8989     -0.060     1.2999     0.3080 -9.990e-29
 257.778310     -0.057   1.934902    13.6031    -1.8989     -0.057     1.2831     0.2964 -9.990e-29
 257.778316     -0.051   1.915730    13.5935    -1.8995     -0.051     1.2700     0.2876 -9.990e-29
 257.778322     -0.042   1.900250    13.5858    -1.8998     -0.042     1.2595     0.2805 -9.990e-29
 257.778328     -0.031   1.874477    13.5800    -1.8998     -0.031     1.2417     0.2675 -9.990e-29
 257.778333     -0.016   1.833439    13.5760    -1.8998     -0.016     1.2132     0.2460 -9.990e-29
 257.778339     -0.001   1.785638    13.5740    -1.8998     -0.001     1.1800     0.2206 -9.990e-29
 257.778345      0.007   1.737211    13.5738    -1.8997      0.007     1.1464     0.1945 -9.990e-29
 257.778351      0.008   1.687911    13.5745    -1.8998      0.008     1.1122     0.1680 -9.990e-29
 257.778356      0.011   1.639653    13.5750    -1.8999      0.011     1.0788     0.1420 -9.990e-29
 257.778362      0.016   1.602951    13.5748    -1.8999      0.016     1.0535     0.1224 -9.990e-29
 257.778368      0.019   1.580988    13.5743    -1.8997      0.019     1.0383     0.1107 -9.990e-29
 257.778374      0.024   1.557234    13.5746    -1.8993      0.024     1.0220     0.0980 -9.990e-29
 257.778380      0.037   1.525519    13.5761    -1.8990      0.037     1.0001     0.0808 -9.990e-29
 257.778385      0.053   1.498450    13.5786    -1.8987      0.053     0.9814     0.0660 -9.990e-29
 257.778391      0.066   1.480962    13.5823    -1.8985      0.065     0.9693     0.0561 -9.990e-29
 257.778397      0.071   1.465263    13.5865    -1.8982      0.070     0.9584     0.0471 -9.990e-29
 257.778403      0.073   1.445390    13.5900    -1.8976      0.072     0.9447     0.0360 -9.990e-29
 257.778409      0.078   1.422566    13.5923    -1.8972      0.077     0.9290     0.0235 -9.990e-29
 257.778414      0.084   1.401842    13.5950    -1.8968      0.083     0.9148     0.0121 -9.990e-29
 257.778420      0.093   1.388294    13.5997    -1.5662      0.092     0.9054     0.0042 -9.990e-29
 257.778426      0.100   1.382709    13.6065    -1.5624      0.099     0.9014     0.0002 -9.990e-29
 257.778432      0.102   1.383185    13.6144    -1.5613      0.101     0.9016    -0.0008 -9.990e-29
 257.778438      0.103   1.387029    13.6231    -1.5608      0.102     0.9040    -0.0001 -9.990e-29
 257.778443      0.113   1.394378    13.6332    -1.5606      0.112     0.9088     0.0023 -9.990e-29
 257.778449      0.130   1.419465    13.6459    -1.5606      0.129     0.9256     0.0136 -9.990e-29
 257.778455      0.149   1.507936    13.6618    -1.5608      0.148     0.9858     0.0581 -9.990e-29
 257.778461      0.166   1.794939    13.6816    -1.5608      0.165     1.1832     0.2083 -9.990e-29
 257.778466      0.181   2.684766    13.7106    -1.5607      0.179     1.8077     0.6875 -9.990e-29
 257.778472      0.197   5.389354    13.7660    -1.5607      0.195     3.7848     2.2058 -9.990e-29
 257.778478      0.214  13.546420    13.8437    -1.5606      0.212    10.1735     7.1081 -9.990e-29
 257.778484      0.233  25.793159    13.9052    -1.5606      0.231    20.4884    15.0219 -9.990e-29
 257.778490      0.255  33.953764    13.9370    -1.5605      0.253    27.7167    20.5790 -9.990e-29
 257.778495      0.282  36.673220    13.9519    -1.5605      0.280    30.1779    22.4736 -9.990e-29
 257.778501      0.316  37.583639    13.9553    -1.5607      0.313    31.0091    23.1142 -9.990e-29
 257.778507      0.358  37.888829    13.9521    -1.5605      0.355    31.2919    23.3331 -9.990e-29
 257.778513      0.407  37.994024    13.9494    -1.5606      0.404    31.3908    23.4099 -9.990e-29
 257.778519      0.462  38.035560    13.9501    -1.5606      0.458    31.4284    23.4388 -9.990e-29
 257.778524      0.522  38.054806    13.9522    -1.5606      0.518    31.4444    23.4507 -9.990e-29
 257.778530      0.577  38.063972    13.9544    -1.5606      0.572    31.4510    23.4554 -9.990e-29
 257.778536      0.624  38.067990    13.9568    -1.5606      0.619    31.4527    23.4562 -9.990e-29
 257.778542      0.665  38.068853    13.9592    -1.5607      0.659    31.4515    23.4548 -9.990e-29
 257.778547      0.702  38.067144    13.9601    -1.5606      0.696    31.4492    23.4528 -9.990e-29
 257.778553      0.738  38.063942    13.9590    -1.5607      0.732    31.4471    23.4514 -9.990e-29
 257.778559      0.775  38.061697    13.9578    -1.5608      0.769    31.4460    23.4508 -9.990e-29
 257.778565      0.811  38.064133    13.9582    -1.5607      0.804    31.4479    23.4522 -9.990e-29
 257.778571      0.841  38.068891    13.9598    -1.5609      0.834    31.4510    23.4543 -9.990e-29
 257.778576      0.865  38.067742    13.9607    -1.5608      0.858    31.4492    23.4527 -9.990e-29
 257.778582      0.889  38.061391    13.9597    -1.5608      0.882    31.4441    23.4490 -9.990e-29
 257.778588      0.912  38.058172    13.9584    -1.5608      0.904    31.4422    23.4478 -9.990e-29
 257.778594      0.929  38.060511    13.9591    -1.5608      0.921    31.4438    23.4489 -9.990e-29
 257.778600      0.943  38.062555    13.9605    -1.5609      0.935    31.4445    23.4492 -9.990e-29
 257.778605      0.954  38.059743    13.9583    -1.5608      0.946    31.4437    23.4490 -9.990e-29
 257.778611      0.962  38.055605    13.9531    -1.5607      0.954    31.4442    23.4504 -9.990e-29
 257.778617      0.969  38.056383    13.9500    -1.5605      0.961    31.4474    23.4535 -9.990e-29
 257.778623      0.974  38.063670    13.9512    -1.5604      0.966    31.4532    23.4577 -9.990e-29
 257.778628      0.978  38.067567    13.9535    -1.5607      0.970    31.4549    23.4585 -9.990e-29
 257.778634      0.982  38.060938    13.9533    -1.5609      0.974    31.4489    23.4540 -9.990e-29
 257.778640      0.985  38.055110    13.9510    -1.5609      0.977    31.4454    23.4518 -9.990e-29
 257.778646      0.987  38.057434    13.9491    -1.5608      0.979    31.4491    23.4550 -9.990e-29
 257.778652      0.990  38.062599    13.9498    -1.5606      0.982    31.4533    23.4581 -9.990e-29
 257.778657      0.992  38.065722    13.9536    -1.5606      0.984    31.4531    23.4572 -9.990e-29
 257.778663      0.995  38.064240    13.9586    -1.5607      0.987    31.4476    23.4519 -9.990e-29
 257.778669      0.998  38.059532    13.9613    -1.5607      0.990    31.4411    23.4463 -9.990e-29
 257.778675      1.002  38.057644    13.9595    -1.5606      0.994    31.4408    23.4465 -9.990e-29
 257.778681      1.006  38.061656    13.9546    -1.5607      0.998    31.4485    23.4534 -9.990e-29
 257.778686      1.011  38.067389    13.9513    -1.5607      1.003    31.4565    23.4602 -9.990e-29
 257.778692      1.018  38.069596    13.9516    -1.5606      1.010    31.4583    23.4616 -9.990e-29
 257.778698      1.026  38.066173    13.9529    -1.5607      1.017    31.4540    23.4580 -9.990e-29
 257.778704      1.033  38.061512    13.9534    -1.5608      1.024    31.4493    23.4543 -9.990e-29
 257.778709      1.033  38.062839    13.9537    -1.5608      1.024    31.4503    23.4550 -9.990e-29
 257.778715      1.032  38.067997    13.9550    -1.5607      1.023    31.4540    23.4576 -9.990e-29
 257.778721      1.034  38.069295    13.9569    -1.5608      1.025    31.4536    23.4569 -9.990e-29
 257.778727      1.034  38.065656    13.9583    -1.5609      1.025    31.4492    23.4532 -9.990e-29
 257.778733      1.028  38.061747    13.9581    -1.5609      1.019    31.4457    23.4506 -9.990e-29
 257.778738      1.021  38.060194    13.9569    -1.5610      1.012    31.4453    23.4505 -9.990e-29
 257.778744      1.016  38.061165    13.9557    -1.5610      1.008    31.4472    23.4522 -9.990e-29
 257.778750      1.012  38.064268    13.9550    -1.5609      1.004    31.4506    23.4549 -9.990e-29
 257.778756      1.009  38.066352    13.9549    -1.5609      1.001    31.4526    23.4565 -9.990e-29
 257.778762      1.008  38.064029    13.9546    -1.5608      1.000    31.4507    23.4551 -9.990e-29
 257.778767      1.008  38.058677    13.9527    -1.5608      1.000    31.4473    23.4529 -9.990e-29
 257.778773      1.009  38.056600    13.9493    -1.5610      1.001    31.4482    23.4543 -9.990e-29
 257.778779      1.012  38.060627    13.9458    -1.5610      1.004    31.4548    23.4600 -9.990e-29
 257.778785      1.015  38.066038    13.9439    -1.5611      1.007    31.4613    23.4655 -9.990e-29
 257.778791      1.020  38.068839    13.9444    -1.5611      1.011    31.4635    23.4670 -9.990e-29
 257.778796      1.027  38.068277    13.9466    -1.5610      1.018    31.4611    23.4648 -9.990e-29
 257.778802      1.033  38.064157    13.9490    -1.5611      1.024    31.4554    23.4599 -9.990e-29
 257.778808      1.032  38.058263    13.9502    -1.5609      1.023    31.4490    23.4547 -9.990e-29
 257.778814      1.030  38.054496    13.9498    -1.5611      1.021    31.4458    23.4523 -9.990e-29
 257.778819      1.031  38.055671    13.9477    -1.5611      1.022    31.4486    23.4549 -9.990e-29
 257.778825      1.034  38.059990    13.9451    -1.5611      1.025    31.4547    23.4602 -9.990e-29
 257.778831      1.035  38.063684    13.9443    -1.5610      1.026    31.4588    23.4635 -9.990e-29
 257.778837      1.031  38.063829    13.9457    -1.5609      1.022    31.4578    23.4624 -9.990e-29
 257.778843      1.025  38.057812    13.9468    -1.5609      1.016    31.4513    23.4572 -9.990e-29
 257.778848      1.022  38.049369    13.9458    -1.5610      1.013    31.4444    23.4520 -9.990e-29
 257.778854      1.020  38.046847    13.9437    -1.5610      1.011    31.4438    23.4520 -9.990e-29
 257.778860      1.021  38.051359    13.9421    -1.5610      1.012    31.4493    23.4565 -9.990e-29
 257.778866      1.023  38.058834    13.9420    -1.5610      1.014    31.4562    23.4619 -9.990e-29
 257.778872      1.028  38.064107    13.9435    -1.5609      1.019    31.4598    23.4644 -9.990e-29
