data/oxygen options/ONMS/Olympic_Coast_National_Marine_Sanctuary_CTD_Data_2005_2023/raw_data/2018/CAST_KL027_180924_2faed.cnv
* Sea-Bird SBE 19 Data File:
* FileName = C:\2018 Mooring Data\Casts\CAST_KL027_180924_2.hex
* Software Version SeatermAF 2.1.2
* Temperature SN = 2997
* Conductivity SN = 2997
* System UpLoad Time = Sep 24 2018 21:53:39 (localtime) = Sep 24 2018 21:53:39 (UTC)
** CAST_KL027_180924_2
* ds
# nquan = 9                                 
# nvalues = 1212                        
# units = specified
# name 0 = timeJ: Julian Days
# name 1 = prSM: Pressure, Strain Gauge [db]
# name 2 = c0mS/cm: Conductivity [mS/cm]
# name 3 = t090C: Temperature [ITS-90, deg C]
# name 4 = sbeox0ML/L: Oxygen, SBE 43 [ml/l]
# name 5 = depSM: Depth [salt water, m], lat = 47.5
# name 6 = sal00: Salinity, Practical [PSU]
# name 7 = sigma-é00: Density [sigma-theta, kg/m^3]
# name 8 = flag: flag
# span 0 = 267.903993, 267.911001       
# span 1 =     -4.914,     29.203       
# span 2 =   0.416399,  38.719640       
# span 3 =    10.8976,    16.1043       
# span 4 =   -12.5712,    17.1987       
# span 5 =     -4.873,     28.957       
# span 6 =     0.2464,    33.1532       
# span 7 =    -0.8254,    25.3542       
# span 8 = 0.0000e+00, 0.0000e+00       
# interval = seconds: 0.5
# start_time = Sep 24 2018 21:41:45 [Instrument's time stamp, header]
# bad_flag = -9.990e-29
*END*
[from data line 481]
 267.906777      0.917  36.820237    15.8704     6.9578      0.909    28.8594    21.0585 -9.990e-29
 267.906782      0.922  36.811467    15.8697     6.9609      0.914    28.8523    21.0532 -9.990e-29
 267.906788      0.923  36.804804    15.8694     6.9725      0.915    28.8467    21.0490 -9.990e-29
 267.906794      0.919  36.809840    15.8696     6.9573      0.911    28.8510    21.0522 -9.990e-29
 267.906800      0.915  36.815738    15.8686     6.9536      0.907    28.8568    21.0569 -9.990e-29
 267.906806      0.914  36.814119    15.8634     6.9472      0.906    28.8592    21.0599 -9.990e-29
 267.906811      0.918  36.804317    15.8543     6.9579      0.910    28.8573    21.0604 -9.990e-29
 267.906817      0.925  36.788938    15.8486     6.9488      0.917    28.8480    21.0545 -9.990e-29
 267.906823      0.933  36.784246    15.8516     6.9489      0.925    28.8418    21.0491 -9.990e-29
 267.906829      0.937  36.794617    15.8584     6.9563      0.929    28.8459    21.0507 -9.990e-29
 267.906834      0.938  36.805315    15.8625     6.9502      0.930    28.8522    21.0547 -9.990e-29
 267.906840      0.935  36.811564    15.8641     6.9674      0.927    28.8565    21.0576 -9.990e-29
 267.906846      0.929  36.814413    15.8651     6.9708      0.921    28.8582    21.0588 -9.990e-29
 267.906852      0.919  36.814298    15.8658     6.9892      0.911    28.8576    21.0581 -9.990e-29
 267.906858      0.908  36.814983    15.8665     7.0014      0.900    28.8577    21.0581 -9.990e-29
 267.906863      0.906  36.815138    15.8665     6.9970      0.898    28.8578    21.0582 -9.990e-29
 267.906869      0.911  36.814408    15.8659     6.9851      0.903    28.8576    21.0581 -9.990e-29
 267.906875      0.919  36.814058    15.8651     6.9739      0.911    28.8579    21.0585 -9.990e-29
 267.906881      0.931  36.808016    15.8620     6.9828      0.923    28.8549    21.0569 -9.990e-29
 267.906887      0.944  36.791025    15.8570     6.9861      0.936    28.8437    21.0494 -9.990e-29
 267.906892      0.954  36.776265    15.8556     6.9764      0.946    28.8319    21.0406 -9.990e-29
 267.906898      0.962  36.781016    15.8587     6.9673      0.954    28.8338    21.0414 -9.990e-29
 267.906904      0.968  36.795366    15.8602     6.9486      0.960    28.8452    21.0498 -9.990e-29
 267.906910      0.973  36.802605    15.8564     6.9728      0.965    28.8543    21.0576 -9.990e-29
 267.906916      0.977  36.800623    15.8493     6.9839      0.969    28.8577    21.0618 -9.990e-29
 267.906921      0.980  36.793494    15.8430     6.9764      0.972    28.8561    21.0619 -9.990e-29
 267.906927      0.982  36.788510    15.8414     6.9561      0.974    28.8529    21.0598 -9.990e-29
 267.906933      0.983  36.789102    15.8449     6.9382      0.975    28.8509    21.0575 -9.990e-29
 267.906939      0.984  36.792132    15.8484     6.9292      0.976    28.8510    21.0568 -9.990e-29
 267.906944      0.985  36.792679    15.8455     6.9355      0.977    28.8535    21.0594 -9.990e-29
 267.906950      0.986  36.789231    15.8362     6.9614      0.978    28.8573    21.0643 -9.990e-29
 267.906956      0.986  36.785029    15.8291     6.9747      0.978    28.8588    21.0670 -9.990e-29
 267.906962      0.985  36.784545    15.8298     7.0009      0.977    28.8579    21.0661 -9.990e-29
 267.906968      0.985  36.789370    15.8346     7.0100      0.977    28.8586    21.0657 -9.990e-29
 267.906973      0.984  36.793612    15.8357     7.0023      0.976    28.8615    21.0676 -9.990e-29
 267.906979      0.983  36.791163    15.8289     6.9762      0.975    28.8643    21.0713 -9.990e-29
 267.906985      0.982  36.782677    15.8150     6.9727      0.974    28.8670    21.0764 -9.990e-29
 267.906991      0.980  36.768598    15.8010     6.9713      0.972    28.8650    21.0778 -9.990e-29
 267.906997      0.977  36.757028    15.7982     6.9765      0.969    28.8569    21.0722 -9.990e-29
 267.907002      0.974  36.760535    15.8081     6.9856      0.966    28.8528    21.0669 -9.990e-29
 267.907008      0.969  36.772028    15.8188     6.9728      0.961    28.8550    21.0663 -9.990e-29
 267.907014      0.963  36.778829    15.8211     6.9581      0.955    28.8592    21.0691 -9.990e-29
 267.907020      0.960  36.779925    15.8160     6.9544      0.952    28.8639    21.0738 -9.990e-29
 267.907025      0.963  36.773979    15.8099     6.9800      0.955    28.8632    21.0745 -9.990e-29
 267.907031      0.969  36.768178    15.8109     6.9916      0.961    28.8574    21.0699 -9.990e-29
 267.907037      0.974  36.772703    15.8188     7.0039      0.966    28.8556    21.0668 -9.990e-29
 267.907043      0.978  36.780143    15.8256     7.0008      0.970    28.8571    21.0665 -9.990e-29
 267.907049      0.981  36.783615    15.8265     6.9900      0.973    28.8595    21.0681 -9.990e-29
 267.907054      0.983  36.779347    15.8220     6.9942      0.975    28.8590    21.0687 -9.990e-29
 267.907060      0.985  36.761646    15.8166     6.9928      0.977    28.8475    21.0611 -9.990e-29
 267.907066      0.986  36.747229    15.8152     6.9915      0.978    28.8360    21.0525 -9.990e-29
 267.907072      0.987  36.754388    15.8180     6.9901      0.979    28.8402    21.0551 -9.990e-29
 267.907078      0.988  36.769705    15.8215     6.9866      0.980    28.8510    21.0627 -9.990e-29
 267.907083      0.989  36.778879    15.8218     6.9854      0.981    28.8588    21.0686 -9.990e-29
 267.907089      0.990  36.780701    15.8179     6.9917      0.982    28.8632    21.0728 -9.990e-29
 267.907095      0.991  36.778157    15.8126     6.9868      0.983    28.8648    21.0752 -9.990e-29
 267.907101      0.992  36.777934    15.8095     6.9790      0.984    28.8669    21.0775 -9.990e-29
 267.907106      0.994  36.780848    15.8101     6.9761      0.986    28.8690    21.0789 -9.990e-29
 267.907112      0.995  36.786303    15.8135     6.9805      0.987    28.8713    21.0800 -9.990e-29
 267.907118      0.997  36.791488    15.8174     6.9789      0.989    28.8730    21.0804 -9.990e-29
 267.907124      0.999  36.794351    15.8211     6.9735      0.991    28.8728    21.0794 -9.990e-29
 267.907130      1.002  36.799269    15.8264     6.9652      0.994    28.8732    21.0786 -9.990e-29
 267.907135      1.005  36.804956    15.8322     6.9511      0.997    28.8739    21.0779 -9.990e-29
 267.907141      1.010  36.807790    15.8355     6.9463      1.002    28.8740    21.0773 -9.990e-29
 267.907147      1.015  36.808191    15.8371     6.9479      1.007    28.8732    21.0763 -9.990e-29
 267.907153      1.022  36.808371    15.8393     6.9453      1.013    28.8717    21.0747 -9.990e-29
 267.907159      1.032  36.808565    15.8421     6.9570      1.023    28.8698    21.0727 -9.990e-29
 267.907164      1.039  36.807910    15.8452     6.9676      1.030    28.8670    21.0698 -9.990e-29
 267.907170      1.041  36.808332    15.8487     6.9652      1.032    28.8648    21.0674 -9.990e-29
 267.907176      1.043  36.810390    15.8520     6.9727      1.034    28.8642    21.0662 -9.990e-29
 267.907182      1.043  36.811786    15.8528     6.9717      1.034    28.8648    21.0665 -9.990e-29
 267.907188      1.038  36.805978    15.8492     6.9825      1.029    28.8624    21.0654 -9.990e-29
 267.907193      1.032  36.793620    15.8460     6.9862      1.023    28.8540    21.0596 -9.990e-29
 267.907199      1.029  36.790152    15.8491     6.9758      1.020    28.8487    21.0549 -9.990e-29
 267.907205      1.028  36.798786    15.8556     6.9577      1.019    28.8515    21.0557 -9.990e-29
 267.907211      1.029  36.806950    15.8600     6.9683      1.020    28.8554    21.0577 -9.990e-29
 267.907216      1.033  36.809286    15.8597     6.9791      1.024    28.8576    21.0595 -9.990e-29
 267.907222      1.040  36.806107    15.8528     6.9665      1.031    28.8599    21.0627 -9.990e-29
 267.907228      1.050  36.800452    15.8409     6.9580      1.041    28.8636    21.0682 -9.990e-29
 267.907234      1.059  36.800459    15.8312     6.9368      1.050    28.8707    21.0757 -9.990e-29
 267.907240      1.060  36.807813    15.8286     6.9466      1.051    28.8790    21.0826 -9.990e-29
 267.907245      1.053  36.813832    15.8319     6.9575      1.044    28.8818    21.0841 -9.990e-29
 267.907251      1.046  36.816456    15.8391     6.9745      1.037    28.8789    21.0803 -9.990e-29
 267.907257      1.042  36.819742    15.8476     6.9929      1.033    28.8756    21.0759 -9.990e-29
 267.907263      1.041  36.823028    15.8546     6.9922      1.032    28.8733    21.0726 -9.990e-29
 267.907269      1.039  36.824535    15.8596     6.9898      1.030    28.8710    21.0698 -9.990e-29
 267.907274      1.032  36.824590    15.8619     6.9936      1.023    28.8694    21.0680 -9.990e-29
 267.907280      1.023  36.823263    15.8581     6.9908      1.014    28.8710    21.0701 -9.990e-29
 267.907286      1.016  36.816544    15.8439     6.9846      1.008    28.8755    21.0766 -9.990e-29
 267.907292      1.011  36.802752    15.8252     6.9865      1.003    28.8771    21.0819 -9.990e-29
 267.907297      1.008  36.789816    15.8159     6.9880      1.000    28.8726    21.0804 -9.990e-29
 267.907303      1.005  36.785122    15.8177     6.9847      0.997    28.8672    21.0759 -9.990e-29
 267.907309      1.004  36.786325    15.8226     6.9779      0.996    28.8647    21.0729 -9.990e-29
 267.907315      1.003  36.788863    15.8258     6.9772      0.995    28.8646    21.0721 -9.990e-29
 267.907321      1.003  36.792760    15.8279     6.9698      0.995    28.8664    21.0731 -9.990e-29
 267.907326      1.004  36.797048    15.8300     6.9657      0.996    28.8686    21.0743 -9.990e-29
 267.907332      1.006  36.799042    15.8313     6.9410      0.998    28.8694    21.0747 -9.990e-29
 267.907338      1.009  36.800277    15.8320     6.9404      1.001    28.8700    21.0750 -9.990e-29
 267.907344      1.013  36.801839    15.8332     6.9457      1.005    28.8705    21.0751 -9.990e-29
 267.907350      1.019  36.803567    15.8351     6.9728      1.010    28.8706    21.0747 -9.990e-29
 267.907355      1.026  36.807201    15.8376     6.9677      1.017    28.8719    21.0752 -9.990e-29
 267.907361      1.032  36.811425    15.8417     6.9615      1.023    28.8726    21.0749 -9.990e-29
 267.907367      1.031  36.814587    15.8493     6.9380      1.022    28.8698    21.0711 -9.990e-29
 267.907373      1.029  36.819219    15.8584     6.9552      1.020    28.8672    21.0671 -9.990e-29
 267.907378      1.029  36.821976    15.8632     6.9687      1.020    28.8662    21.0653 -9.990e-29
 267.907384      1.032  36.818691    15.8633     6.9853      1.023    28.8632    21.0630 -9.990e-29
 267.907390      1.038  36.816743    15.8634     6.9972      1.029    28.8614    21.0616 -9.990e-29
 267.907396      1.042  36.819133    15.8639     6.9934      1.033    28.8632    21.0628 -9.990e-29
 267.907402      1.041  36.820084    15.8638     6.9609      1.032    28.8641    21.0635 -9.990e-29
 267.907407      1.039  36.819183    15.8633     6.9540      1.030    28.8636    21.0633 -9.990e-29
 267.907413      1.041  36.818024    15.8627     6.9512      1.032    28.8631    21.0630 -9.990e-29
 267.907419      1.045  36.815059    15.8620     6.9615      1.036    28.8610    21.0616 -9.990e-29
 267.907425      1.053  36.812491    15.8611     6.9883      1.044    28.8594    21.0605 -9.990e-29
 267.907431      1.065  36.814173    15.8606     6.9757      1.056    28.8612    21.0621 -9.990e-29
 267.907436      1.077  36.818984    15.8614     6.9840      1.068    28.8648    21.0646 -9.990e-29
 267.907442      1.087  36.823256    15.8632     6.9807      1.078    28.8672    21.0661 -9.990e-29
 267.907448      1.094  36.823720    15.8642     6.9648      1.085    28.8669    21.0656 -9.990e-29
 267.907454      1.099  36.821553    15.8633     6.9648      1.090    28.8657    21.0649 -9.990e-29
 267.907459      1.103  36.820023    15.8614     6.9653      1.094    28.8657    21.0653 -9.990e-29
 267.907465      1.101  36.819328    15.8597     6.9756      1.092    28.8664    21.0662 -9.990e-29
 267.907471      1.093  36.819097    15.8582     6.9762      1.084    28.8673    21.0672 -9.990e-29
 267.907477      1.087  36.819580    15.8570     6.9801      1.078    28.8686    21.0685 -9.990e-29
 267.907483      1.088  36.820296    15.8570     6.9460      1.079    28.8692    21.0689 -9.990e-29
 267.907488      1.091  36.821078    15.8583     6.9384      1.082    28.8689    21.0684 -9.990e-29
 267.907494      1.087  36.822593    15.8606     6.9268      1.078    28.8686    21.0677 -9.990e-29
 267.907500      1.076  36.824615    15.8639     6.9280      1.067    28.8679    21.0665 -9.990e-29
 267.907506      1.067  36.826094    15.8670     6.9616      1.058    28.8670    21.0651 -9.990e-29
 267.907512      1.062  36.825060    15.8685     6.9693      1.053    28.8650    21.0632 -9.990e-29
 267.907517      1.063  36.823100    15.8692     6.9934      1.054    28.8628    21.0613 -9.990e-29
 267.907523      1.067  36.823743    15.8689     6.9742      1.058    28.8635    21.0620 -9.990e-29
 267.907529      1.073  36.825026    15.8673     6.9800      1.064    28.8658    21.0641 -9.990e-29
 267.907535      1.075  36.824719    15.8651     6.9798      1.066    28.8671    21.0656 -9.990e-29
 267.907541      1.078  36.823513    15.8633     6.9817      1.069    28.8674    21.0662 -9.990e-29
 267.907546      1.082  36.822580    15.8627     6.9878      1.073    28.8670    21.0660 -9.990e-29
 267.907552      1.084  36.821777    15.8625     6.9668      1.075    28.8665    21.0657 -9.990e-29
 267.907558      1.087  36.820013    15.8609     6.9696      1.078    28.8661    21.0657 -9.990e-29
 267.907564      1.093  36.815476    15.8579     6.9556      1.084    28.8643    21.0650 -9.990e-29
 267.907569      1.096  36.808819    15.8559     6.9485      1.087    28.8600    21.0621 -9.990e-29
 267.907575      1.098  36.807387    15.8566     6.9512      1.089    28.8582    21.0606 -9.990e-29
 267.907581      1.093  36.813168    15.8588     6.9700      1.084    28.8617    21.0628 -9.990e-29
 267.907587      1.083  36.818730    15.8608     6.9809      1.074    28.8651    21.0649 -9.990e-29
 267.907593      1.074  36.821392    15.8620     6.9832      1.065    28.8665    21.0658 -9.990e-29
 267.907598      1.070  36.822445    15.8619     6.9594      1.061    28.8675    21.0666 -9.990e-29
 267.907604      1.071  36.820472    15.8602     6.9469      1.062    28.8670    21.0666 -9.990e-29
 267.907610      1.078  36.817866    15.8585     6.9726      1.069    28.8660    21.0661 -9.990e-29
 267.907616      1.090  36.818410    15.8586     6.9762      1.081    28.8664    21.0664 -9.990e-29
 267.907622      1.104  36.820571    15.8604     6.9827      1.095    28.8669    21.0665 -9.990e-29
 267.907627      1.116  36.822728    15.8625     6.9710      1.107    28.8673    21.0663 -9.990e-29
 267.907633      1.128  36.824937    15.8642     6.9597      1.119    28.8680    21.0664 -9.990e-29
 267.907639      1.137  36.826767    15.8660     6.9683      1.128    28.8682    21.0663 -9.990e-29
 267.907645      1.137  36.827836    15.8681     6.9583      1.128    28.8676    21.0653 -9.990e-29
 267.907650      1.129  36.828990    15.8701     6.9649      1.120    28.8672    21.0646 -9.990e-29
 267.907656      1.118  36.831188    15.8710     6.9596      1.109    28.8685    21.0653 -9.990e-29
 267.907662      1.110  36.833422    15.8705     6.9719      1.101    28.8708    21.0672 -9.990e-29
 267.907668      1.111  36.834173    15.8699     6.9851      1.102    28.8719    21.0682 -9.990e-29
 267.907674      1.114  36.833863    15.8706     6.9843      1.105    28.8711    21.0674 -9.990e-29
 267.907679      1.117  36.833740    15.8722     6.9591      1.108    28.8698    21.0661 -9.990e-29
 267.907685      1.119  36.833618    15.8738     6.9304      1.110    28.8685    21.0648 -9.990e-29
 267.907691      1.117  36.833876    15.8749     6.9423      1.108    28.8680    21.0641 -9.990e-29
