data/oxygen options/ONMS/Olympic_Coast_National_Marine_Sanctuary_CTD_Data_2005_2023/raw_data/2018/CAST_KL027_180611faed.cnv
* Sea-Bird SBE19 Data File:
* FileName = C:\2018 Mooring Data\Casts\CAST_KL027_180611.hex
* Software Version 1.59
* Temperature SN = 2997
* Conductivity SN = 2997
* System UpLoad Time = Jun 11 2018 20:35:19
** CAST_KL027_180611
* ds
# nquan = 9                                 
# nvalues = 874                         
# units = specified
# name 0 = timeJ: Julian Days
# name 1 = prSM: Pressure, Strain Gauge [db]
# name 2 = c0mS/cm: Conductivity [mS/cm]
# name 3 = t090C: Temperature [ITS-90, deg C]
# name 4 = sbeox0ML/L: Oxygen, SBE 43 [ml/l]
# name 5 = depSM: Depth [salt water, m], lat = 47.5
# name 6 = sal00: Salinity, Practical [PSU]
# name 7 = sigma-é00: Density [sigma-theta, kg/m^3]
# name 8 = flag: flag
# span 0 = 162.849931, 162.854983       
# span 1 =     -5.227,     27.175       
# span 2 =   0.270691,  37.209124       
# span 3 =     9.6469,    16.1757       
# span 4 =    -1.8328,    14.4845       
# span 5 =     -5.183,     26.946       
# span 6 =     0.1595,    33.0332       
# span 7 =    -0.9484,    25.4731       
# span 8 = 0.0000e+00, 0.0000e+00       
# interval = seconds: 0.5
# start_time = Jun 11 2018 20:23:54 [Instrument's time stamp, header]
# bad_flag = -9.990e-29
*END*
[from data line 161]
 162.850862     -1.937   0.281640    15.8290    -1.8201     -1.921     0.1649    -0.9004 -9.990e-29
 162.850868     -1.925   0.282188    15.8161    -1.8195     -1.909     0.1653    -0.8981 -9.990e-29
 162.850874     -1.913   0.282838    15.8052    -1.8200     -1.897     0.1657    -0.8960 -9.990e-29
 162.850880     -1.906   0.283349    15.8002    -1.8208     -1.890     0.1660    -0.8949 -9.990e-29
 162.850885     -1.899   0.283849    15.8025    -1.8219     -1.883     0.1663    -0.8951 -9.990e-29
 162.850891     -1.887   0.284448    15.8095    -1.8230     -1.871     0.1666    -0.8959 -9.990e-29
 162.850897     -1.870   0.284838    15.8181    -1.8237     -1.854     0.1668    -0.8972 -9.990e-29
 162.850903     -1.850   0.284986    15.8276    -1.8239     -1.835     0.1669    -0.8986 -9.990e-29
 162.850909     -1.835   0.285089    15.8385    -1.8239     -1.820     0.1669    -0.9004 -9.990e-29
 162.850914     -1.825   0.285281    15.8489    -1.8241     -1.810     0.1670    -0.9020 -9.990e-29
 162.850920     -1.813   0.285819    15.8526    -1.8238     -1.798     0.1673    -0.9024 -9.990e-29
 162.850926     -1.804   0.286867    15.8445    -1.8232     -1.789     0.1679    -0.9006 -9.990e-29
 162.850932     -1.797   0.288162    15.8261    -1.8224     -1.782     0.1688    -0.8969 -9.990e-29
 162.850937     -1.787   0.289213    15.8024    -1.8216     -1.772     0.1695    -0.8926 -9.990e-29
 162.850943     -1.779   0.289761    15.7794    -1.8210     -1.764     0.1699    -0.8886 -9.990e-29
 162.850949     -1.770   0.289980    15.7627    -1.8204     -1.755     0.1701    -0.8857 -9.990e-29
 162.850955     -1.757   0.290163    15.7539    -1.8201     -1.742     0.1702    -0.8842 -9.990e-29
 162.850961     -1.744   0.290552    15.7507    -1.8203     -1.729     0.1705    -0.8835 -9.990e-29
 162.850966     -1.732   0.291112    15.7520    -1.8211     -1.718     0.1708    -0.8835 -9.990e-29
 162.850972     -1.723   0.291484    15.7595    -1.8209     -1.709     0.1710    -0.8845 -9.990e-29
 162.850978     -1.715   0.291608    15.7733    -1.8206     -1.701     0.1710    -0.8867 -9.990e-29
 162.850984     -1.707   0.291648    15.7908    -1.8206     -1.693     0.1710    -0.8896 -9.990e-29
 162.850990     -1.700   0.291658    15.8088    -1.8212     -1.686     0.1709    -0.8925 -9.990e-29
 162.850995     -1.692   0.291650    15.8251    -1.8220     -1.678     0.1708    -0.8952 -9.990e-29
 162.851001     -1.683   0.291615    15.8375    -1.8227     -1.669     0.1708    -0.8972 -9.990e-29
 162.851007     -1.673   0.291506    15.8432    -1.8230     -1.659     0.1707    -0.8982 -9.990e-29
 162.851013     -1.661   0.291176    15.8409    -1.8230     -1.647     0.1705    -0.8980 -9.990e-29
 162.851019     -1.646   0.290740    15.8351    -1.8222     -1.632     0.1703    -0.8972 -9.990e-29
 162.851024     -1.632   0.290725    15.8324    -1.8212     -1.618     0.1703    -0.8968 -9.990e-29
 162.851030     -1.621   0.291663    15.8322    -1.8205     -1.607     0.1708    -0.8963 -9.990e-29
 162.851036     -1.610   0.293697    15.8283    -1.8202     -1.597     0.1720    -0.8948 -9.990e-29
 162.851042     -1.592   0.296214    15.8174    -1.8203     -1.579     0.1736    -0.8918 -9.990e-29
 162.851047     -1.572   0.298138    15.8023    -1.8200     -1.559     0.1748    -0.8885 -9.990e-29
 162.851053     -1.556   0.298711    15.7889    -1.8200     -1.543     0.1752    -0.8860 -9.990e-29
 162.851059     -1.547   0.298143    15.7827    -1.8203     -1.534     0.1749    -0.8853 -9.990e-29
 162.851065     -1.542   0.297338    15.7868    -1.8210     -1.529     0.1744    -0.8863 -9.990e-29
 162.851071     -1.534   0.296886    15.8007    -1.8215     -1.521     0.1740    -0.8888 -9.990e-29
 162.851076     -1.525   0.296735    15.8191    -1.8219     -1.512     0.1739    -0.8919 -9.990e-29
 162.851082     -1.512   0.296687    15.8346    -1.8222     -1.499     0.1738    -0.8944 -9.990e-29
 162.851088     -1.500   0.296675    15.8437    -1.8223     -1.487     0.1737    -0.8959 -9.990e-29
 162.851094     -1.492   0.296685    15.8482    -1.8226     -1.480     0.1737    -0.8967 -9.990e-29
 162.851100     -1.488   0.296729    15.8504    -1.8229     -1.476     0.1738    -0.8970 -9.990e-29
 162.851105     -1.487   0.296866    15.8486    -1.8228     -1.475     0.1738    -0.8966 -9.990e-29
 162.851111     -1.490   0.297278    15.8405    -1.8223     -1.478     0.1741    -0.8951 -9.990e-29
 162.851117     -1.496   0.297959    15.8281    -1.8217     -1.484     0.1746    -0.8928 -9.990e-29
 162.851123     -1.501   0.298710    15.8155    -1.8211     -1.488     0.1751    -0.8904 -9.990e-29
 162.851128     -1.498   0.299423    15.8050    -1.8207     -1.486     0.1755    -0.8883 -9.990e-29
 162.851134     -1.486   0.299942    15.7971    -1.8204     -1.474     0.1759    -0.8868 -9.990e-29
 162.851140     -1.473   0.300404    15.7911    -1.8199     -1.461     0.1762    -0.8856 -9.990e-29
 162.851146     -1.462   0.300872    15.7861    -1.8190     -1.450     0.1765    -0.8846 -9.990e-29
 162.851152     -1.453   0.300860    15.7837    -1.8183     -1.441     0.1765    -0.8842 -9.990e-29
 162.851157     -1.446   0.300354    15.7870    -1.8182     -1.434     0.1762    -0.8849 -9.990e-29
 162.851163     -1.439   0.299786    15.7962    -1.8179     -1.427     0.1758    -0.8867 -9.990e-29
 162.851169     -1.432   0.299506    15.8091    -1.8175     -1.420     0.1756    -0.8889 -9.990e-29
 162.851175     -1.425   0.299696    15.8226    -1.8165     -1.413     0.1756    -0.8911 -9.990e-29
 162.851181     -1.417   0.300053    15.8347    -1.8152     -1.405     0.1758    -0.8929 -9.990e-29
 162.851186     -1.408   0.300500    15.8468    -1.8142     -1.396     0.1760    -0.8947 -9.990e-29
 162.851192     -1.397   0.301079    15.8619    -1.8138     -1.385     0.1763    -0.8969 -9.990e-29
 162.851198     -1.384   0.301452    15.8791    -1.8142     -1.372     0.1764    -0.8995 -9.990e-29
 162.851204     -1.368   0.301565    15.8941    -1.8142     -1.357     0.1764    -0.9020 -9.990e-29
 162.851209     -1.348   0.301568    15.9055    -1.8136     -1.337     0.1764    -0.9038 -9.990e-29
 162.851215     -1.326   0.301464    15.9168    -1.8129     -1.315     0.1763    -0.9058 -9.990e-29
 162.851221     -1.306   0.301115    15.9328    -1.8121     -1.295     0.1760    -0.9086 -9.990e-29
 162.851227     -1.286   0.300609    15.9554    -1.8119     -1.275     0.1756    -0.9125 -9.990e-29
 162.851233     -1.270   0.300379    15.9809    -1.8119     -1.259     0.1754    -0.9169 -9.990e-29
 162.851238     -1.256   0.300670    16.0020    -1.8114     -1.246     0.1755    -0.9202 -9.990e-29
 162.851244     -1.239   0.301318    16.0133    -1.8105     -1.229     0.1758    -0.9218 -9.990e-29
 162.851250     -1.223   0.302079    16.0170    -1.8097     -1.213     0.1763    -0.9221 -9.990e-29
 162.851256     -1.210   0.302859    16.0219    -1.8095     -1.200     0.1767    -0.9225 -9.990e-29
 162.851262     -1.200   0.303592    16.0332    -1.8099     -1.190     0.1771    -0.9241 -9.990e-29
 162.851267     -1.192   0.304146    16.0487    -1.8105     -1.182     0.1773    -0.9264 -9.990e-29
 162.851273     -1.185   0.304151    16.0636    -1.8106     -1.175     0.1773    -0.9289 -9.990e-29
 162.851279     -1.180   0.303612    16.0745    -1.8106     -1.170     0.1769    -0.9309 -9.990e-29
 162.851285     -1.176   0.302920    16.0837    -1.8107     -1.166     0.1765    -0.9328 -9.990e-29
 162.851291     -1.173   0.302259    16.0966    -1.8107     -1.163     0.1760    -0.9352 -9.990e-29
 162.851296     -1.169   0.301855    16.1129    -1.8108     -1.159     0.1757    -0.9382 -9.990e-29
 162.851302     -1.167   0.301722    16.1264    -1.8112     -1.157     0.1756    -0.9405 -9.990e-29
 162.851308     -1.164   0.301683    16.1312    -1.8112     -1.154     0.1756    -0.9413 -9.990e-29
 162.851314     -1.161   0.301686    16.1272    -1.8111     -1.151     0.1756    -0.9406 -9.990e-29
 162.851319     -1.158   0.301736    16.1200    -1.8107     -1.148     0.1756    -0.9394 -9.990e-29
 162.851325     -1.154   0.301898    16.1151    -1.8106     -1.144     0.1757    -0.9385 -9.990e-29
 162.851331     -1.149   0.302388    16.1126    -1.8107     -1.139     0.1760    -0.9379 -9.990e-29
 162.851337     -1.144   0.303306    16.1105    -1.8109     -1.134     0.1766    -0.9371 -9.990e-29
 162.851343     -1.136   0.304213    16.1080    -1.8108     -1.127     0.1771    -0.9363 -9.990e-29
 162.851348     -1.127   0.304655    16.1046    -1.8106     -1.118     0.1774    -0.9355 -9.990e-29
 162.851354     -1.116   0.304669    16.1011    -1.8104     -1.107     0.1774    -0.9349 -9.990e-29
 162.851360     -1.101   0.304273    16.1002    -1.8106     -1.092     0.1772    -0.9349 -9.990e-29
 162.851366     -1.083   0.303492    16.1029    -1.8104     -1.074     0.1767    -0.9357 -9.990e-29
 162.851372     -1.059   0.302945    16.1073    -1.8097     -1.050     0.1764    -0.9367 -9.990e-29
 162.851377     -1.032   0.303010    16.1100    -1.8090     -1.023     0.1764    -0.9371 -9.990e-29
 162.851383     -1.010   0.303221    16.1095    -1.8082     -1.002     0.1766    -0.9370 -9.990e-29
 162.851389     -0.995   0.303302    16.1085    -1.8078     -0.987     0.1766    -0.9368 -9.990e-29
 162.851395     -0.987   0.303361    16.1099    -1.8082     -0.979     0.1766    -0.9370 -9.990e-29
 162.851400     -0.980   0.303478    16.1134    -1.8092     -0.972     0.1767    -0.9375 -9.990e-29
 162.851406     -0.969   0.303805    16.1166    -1.8100     -0.961     0.1769    -0.9379 -9.990e-29
 162.851412     -0.959   0.304225    16.1198    -1.8103     -0.951     0.1771    -0.9382 -9.990e-29
 162.851418     -0.953   0.304189    16.1274    -1.8102     -0.945     0.1770    -0.9395 -9.990e-29
 162.851424     -0.950   0.303649    16.1407    -1.8106     -0.942     0.1767    -0.9420 -9.990e-29
 162.851429     -0.951   0.302991    16.1565    -1.8112     -0.943     0.1762    -0.9449 -9.990e-29
 162.851435     -0.956   0.302447    16.1702    -1.8118     -0.948     0.1758    -0.9475 -9.990e-29
 162.851441     -0.960   0.302397    16.1757    -1.8122     -0.952     0.1758    -0.9484 -9.990e-29
 162.851447     -0.959   0.302776    16.1689    -1.8121     -0.951     0.1760    -0.9471 -9.990e-29
 162.851453     -0.958   0.302980    16.1533    -1.8118     -0.950     0.1762    -0.9444 -9.990e-29
 162.851458     -0.961   0.302724    16.1376    -1.8114     -0.953     0.1761    -0.9419 -9.990e-29
 162.851464     -0.964   0.302220    16.1271    -1.8115     -0.956     0.1759    -0.9404 -9.990e-29
 162.851470     -0.963   0.301904    16.1196    -1.8118     -0.955     0.1757    -0.9393 -9.990e-29
 162.851476     -0.957   0.301908    16.1100    -1.8121     -0.949     0.1758    -0.9376 -9.990e-29
 162.851481     -0.947   0.302238    16.0976    -1.8126     -0.939     0.1760    -0.9354 -9.990e-29
 162.851487     -0.936   0.302777    16.0857    -1.8132     -0.928     0.1764    -0.9332 -9.990e-29
 162.851493     -0.927   0.303138    16.0786    -1.8136     -0.919     0.1766    -0.9318 -9.990e-29
 162.851499     -0.920   0.303246    16.0782    -1.8141     -0.912     0.1767    -0.9317 -9.990e-29
 162.851505     -0.915   0.303245    16.0823    -1.8146     -0.907     0.1767    -0.9324 -9.990e-29
 162.851510     -0.911   0.303132    16.0860    -1.8151     -0.903     0.1766    -0.9331 -9.990e-29
 162.851516     -0.907   0.302754    16.0853    -1.8154     -0.899     0.1764    -0.9331 -9.990e-29
 162.851522     -0.905   0.302163    16.0797    -1.8161     -0.897     0.1760    -0.9325 -9.990e-29
 162.851528     -0.903   0.301676    16.0705    -1.8170     -0.895     0.1758    -0.9312 -9.990e-29
 162.851534     -0.901   0.301196    16.0588    -1.8176     -0.893     0.1756    -0.9294 -9.990e-29
 162.851539     -0.899   0.300638    16.0457    -1.8180     -0.891     0.1753    -0.9275 -9.990e-29
 162.851545     -0.898   0.300365    16.0325    -1.8181     -0.891     0.1752    -0.9254 -9.990e-29
 162.851551     -0.898   0.300566    16.0190    -1.8183     -0.891     0.1753    -0.9231 -9.990e-29
 162.851557     -0.897   0.300955    16.0053    -1.8185     -0.890     0.1756    -0.9206 -9.990e-29
 162.851563     -0.896   0.300941    15.9921    -1.8191     -0.889     0.1757    -0.9184 -9.990e-29
 162.851568     -0.895   0.300505    15.9783    -1.8198     -0.888     0.1755    -0.9164 -9.990e-29
 162.851574     -0.895   0.300172    15.9617    -1.8201     -0.888     0.1753    -0.9138 -9.990e-29
 162.851580     -0.894   0.300051    15.9436    -1.8201     -0.887     0.1753    -0.9108 -9.990e-29
 162.851586     -0.893   0.299983    15.9281    -1.8203     -0.886     0.1754    -0.9083 -9.990e-29
 162.851591     -0.892   0.299875    15.9173    -1.8206     -0.885     0.1753    -0.9066 -9.990e-29
 162.851597     -0.890   0.299583    15.9099    -1.8209     -0.883     0.1752    -0.9055 -9.990e-29
 162.851603     -0.888   0.299270    15.9031    -1.8211     -0.881     0.1750    -0.9045 -9.990e-29
 162.851609     -0.886   0.299072    15.8941    -1.8209     -0.879     0.1750    -0.9031 -9.990e-29
 162.851615     -0.883   0.298724    15.8819    -1.8202     -0.876     0.1748    -0.9013 -9.990e-29
 162.851620     -0.879   0.298314    15.8692    -1.8200     -0.872     0.1746    -0.8993 -9.990e-29
 162.851626     -0.874   0.297850    15.8601    -1.8197     -0.867     0.1744    -0.8981 -9.990e-29
 162.851632     -0.868   0.297264    15.8545    -1.8196     -0.861     0.1741    -0.8974 -9.990e-29
 162.851638     -0.860   0.296884    15.8495    -1.8196     -0.853     0.1738    -0.8968 -9.990e-29
 162.851644     -0.850   0.296756    15.8435    -1.8198     -0.843     0.1738    -0.8958 -9.990e-29
 162.851649     -0.837   0.296710    15.8382    -1.8201     -0.830     0.1738    -0.8950 -9.990e-29
 162.851655     -0.824   0.296683    15.8366    -1.8207     -0.817     0.1738    -0.8947 -9.990e-29
 162.851661     -0.815   0.296637    15.8415    -1.8211     -0.808     0.1737    -0.8956 -9.990e-29
 162.851667     -0.806   0.296512    15.8508    -1.8210     -0.799     0.1736    -0.8972 -9.990e-29
 162.851672     -0.790   0.296140    15.8594    -1.8209     -0.783     0.1734    -0.8987 -9.990e-29
 162.851678     -0.773   0.295578    15.8652    -1.8206     -0.767     0.1730    -0.8999 -9.990e-29
 162.851684     -0.760   0.295185    15.8681    -1.8205     -0.754     0.1728    -0.9006 -9.990e-29
 162.851690     -0.751   0.294990    15.8677    -1.8209     -0.745     0.1727    -0.9006 -9.990e-29
 162.851696     -0.742   0.294731    15.8630    -1.8207     -0.736     0.1725    -0.9000 -9.990e-29
 162.851701     -0.736   0.294615    15.8544    -1.8199     -0.730     0.1725    -0.8986 -9.990e-29
 162.851707     -0.737   0.295042    15.8447    -1.8192     -0.731     0.1728    -0.8968 -9.990e-29
 162.851713     -0.740   0.295471    15.8381    -1.8189     -0.734     0.1731    -0.8955 -9.990e-29
 162.851719     -0.743   0.295366    15.8363    -1.8191     -0.737     0.1730    -0.8953 -9.990e-29
 162.851725     -0.744   0.295142    15.8381    -1.8196     -0.738     0.1729    -0.8957 -9.990e-29
 162.851730     -0.743   0.295051    15.8412    -1.8197     -0.737     0.1728    -0.8962 -9.990e-29
 162.851736     -0.742   0.294973    15.8428    -1.8195     -0.736     0.1727    -0.8965 -9.990e-29
 162.851742     -0.735   0.294802    15.8441    -1.8187     -0.729     0.1726    -0.8968 -9.990e-29
 162.851748     -0.722   0.294311    15.8505    -1.8181     -0.716     0.1723    -0.8981 -9.990e-29
 162.851753     -0.711   0.293397    15.8628    -1.8185     -0.705     0.1717    -0.9006 -9.990e-29
 162.851759     -0.706   0.292501    15.8752    -1.8191     -0.700     0.1711    -0.9030 -9.990e-29
 162.851765     -0.701   0.292091    15.8818    -1.8191     -0.695     0.1709    -0.9043 -9.990e-29
 162.851771     -0.692   0.292175    15.8812    -1.8181     -0.686     0.1709    -0.9041 -9.990e-29
 162.851777     -0.683   0.292309    15.8776    -1.8169     -0.677     0.1710    -0.9035 -9.990e-29
