data/oxygen options/ONMS/Olympic_Coast_National_Marine_Sanctuary_CTD_Data_2005_2023/raw_data/2018/CAST_KL015_180924faed.cnv
* Sea-Bird SBE 19 Data File:
* FileName = C:\2018 Mooring Data\Casts\CAST_KL015_180924.hex
* Software Version SeatermAF 2.1.2
* Temperature SN = 2997
* Conductivity SN = 2997
* System UpLoad Time = Sep 24 2018 21:05:11 (localtime) = Sep 24 2018 21:05:11 (UTC)
** CAST_KL015_180924
* ds
# nquan = 9                                 
# nvalues = 1071                        
# units = specified
# name 0 = timeJ: Julian Days
# name 1 = prSM: Pressure, Strain Gauge [db]
# name 2 = c0mS/cm: Conductivity [mS/cm]
# name 3 = t090C: Temperature [ITS-90, deg C]
# name 4 = sbeox0ML/L: Oxygen, SBE 43 [ml/l]
# name 5 = depSM: Depth [salt water, m], lat = 47.5
# name 6 = sal00: Salinity, Practical [PSU]
# name 7 = sigma-é00: Density [sigma-theta, kg/m^3]
# name 8 = flag: flag
# span 0 = 267.857222, 267.863414       
# span 1 =     -4.893,     17.419       
# span 2 =   0.756507,  38.045227       
# span 3 =    13.9669,    16.8967       
# span 4 =   -12.3166,    13.9411       
# span 5 =     -4.852,     17.273       
# span 6 =     0.4458,    30.9731       
# span 7 =    -0.8297,    22.9722       
# span 8 = 0.0000e+00, 0.0000e+00       
# interval = seconds: 0.5
# start_time = Sep 24 2018 20:34:24 [Instrument's time stamp, header]
# bad_flag = -9.990e-29
*END*
[from data line 961]
 267.862784     16.189  37.985599    14.5480     6.0537     16.053    30.8948    22.9048 0.0000e+00
 267.862789     16.026  37.953898    14.5672     6.1085     15.892    30.8509    22.8670 0.0000e+00
 267.862795     15.876  37.902066    14.5999     6.1189     15.743    30.7782    22.8042 0.0000e+00
 267.862801     15.735  37.839403    14.6380     6.1093     15.603    30.6915    22.7295 0.0000e+00
 267.862807     15.602  37.764164    14.6669     6.1390     15.471    30.6010    22.6537 0.0000e+00
 267.862813     15.473  37.683086    14.6850     6.2050     15.343    30.5138    22.5828 0.0000e+00
 267.862818     15.340  37.615773    14.7059     6.2919     15.211    30.4369    22.5192 0.0000e+00
 267.862824     15.198  37.569300    14.7338     6.3495     15.071    30.3733    22.4645 0.0000e+00
 267.862830     15.052  37.507994    14.7664     6.3753     14.926    30.2929    22.3958 0.0000e+00
 267.862836     14.905  37.405004    14.7994     6.3891     14.780    30.1750    22.2981 0.0000e+00
 267.862841     14.757  37.302239    14.8232     6.3996     14.633    30.0645    22.2081 0.0000e+00
 267.862847     14.610  37.241347    14.8382     6.4138     14.488    29.9985    22.1541 0.0000e+00
 267.862853     14.468  37.206676    14.8533     6.4278     14.347    29.9559    22.1182 0.0000e+00
 267.862859     14.326  37.166563    14.8693     6.4487     14.206    29.9078    22.0778 0.0000e+00
 267.862865     14.181  37.114010    14.8804     6.4616     14.062    29.8524    22.0328 0.0000e+00
 267.862870     14.030  37.071916    14.8864     6.4720     13.912    29.8103    21.9991 0.0000e+00
 267.862876     13.873  37.058644    14.8915     6.4800     13.757    29.7946    21.9860 0.0000e+00
 267.862882     13.713  37.048660    14.8977     6.4868     13.598    29.7810    21.9742 0.0000e+00
 267.862888     13.557  37.012974    14.9045     6.4950     13.443    29.7440    21.9443 0.0000e+00
 267.862894     13.404  36.961127    14.9109     6.4914     13.292    29.6929    21.9037 0.0000e+00
 267.862899     13.243  36.914719    14.9153     6.4977     13.132    29.6482    21.8684 0.0000e+00
 267.862905     13.069  36.886917    14.9186     6.5098     12.960    29.6209    21.8467 0.0000e+00
 267.862911     12.880  36.877614    14.9236     6.5406     12.772    29.6089    21.8364 0.0000e+00
 267.862917     12.676  36.867127    14.9315     6.5772     12.570    29.5937    21.8230 0.0000e+00
 267.862922     12.465  36.840916    14.9421     6.6141     12.361    29.5623    21.7967 0.0000e+00
 267.862928     12.260  36.797635    14.9556     6.6369     12.157    29.5137    21.7564 0.0000e+00
 267.862934     12.069  36.743420    14.9702     6.6439     11.968    29.4544    21.7078 0.0000e+00
 267.862940     11.893  36.696709    14.9824     6.6419     11.793    29.4037    21.6662 0.0000e+00
 267.862946     11.725  36.666345    14.9905     6.6576     11.627    29.3707    21.6391 0.0000e+00
 267.862951     11.559  36.648245    14.9942     6.6598     11.462    29.3519    21.6239 0.0000e+00
 267.862957     11.392  36.641238    14.9948     6.6726     11.297    29.3452    21.6186 0.0000e+00
 267.862963     11.219  36.642145    14.9952     6.6934     11.125    29.3458    21.6190 0.0000e+00
 267.862969     11.032  36.640975    14.9966     6.7129     10.940    29.3438    21.6171 0.0000e+00
 267.862975     10.833  36.632249    14.9982     6.7216     10.742    29.3349    21.6099 0.0000e+00
 267.862980     10.626  36.619452    14.9992     6.7188     10.537    29.3228    21.6005 0.0000e+00
 267.862986     10.415  36.607365    14.9997     6.7064     10.328    29.3118    21.5919 0.0000e+00
 267.862992     10.204  36.598912    15.0001     6.7032     10.119    29.3040    21.5858 0.0000e+00
 267.862998      9.991  36.594023    15.0003     6.7227      9.907    29.2996    21.5824 0.0000e+00
 267.863003      9.778  36.589539    15.0008     6.7463      9.696    29.2953    21.5789 0.0000e+00
 267.863009      9.570  36.582283    15.0026     6.7787      9.490    29.2876    21.5726 0.0000e+00
 267.863015      9.377  36.572661    15.0054     6.7997      9.299    29.2770    21.5639 0.0000e+00
 267.863021      9.199  36.564645    15.0080     6.8206      9.122    29.2680    21.5564 0.0000e+00
 267.863027      9.029  36.559309    15.0095     6.8539      8.953    29.2622    21.5516 0.0000e+00
 267.863032      8.857  36.555140    15.0100     6.8697      8.783    29.2582    21.5484 0.0000e+00
 267.863038      8.675  36.552180    15.0111     6.8950      8.602    29.2548    21.5456 0.0000e+00
 267.863044      8.481  36.550963    15.0142     6.9115      8.410    29.2515    21.5424 0.0000e+00
 267.863050      8.270  36.550425    15.0190     6.9189      8.201    29.2475    21.5383 0.0000e+00
 267.863056      8.043  36.548731    15.0235     6.9306      7.976    29.2427    21.5337 0.0000e+00
 267.863061      7.806  36.546424    15.0269     6.9441      7.741    29.2382    21.5295 0.0000e+00
 267.863067      7.570  36.544909    15.0295     6.9637      7.507    29.2350    21.5265 0.0000e+00
 267.863073      7.341  36.544406    15.0316     6.9657      7.280    29.2330    21.5245 0.0000e+00
 267.863079      7.122  36.544810    15.0338     6.9685      7.062    29.2318    21.5231 0.0000e+00
 267.863084      6.916  36.546660    15.0366     6.9634      6.858    29.2315    21.5222 0.0000e+00
 267.863090      6.723  36.549623    15.0396     6.9546      6.667    29.2319    21.5220 0.0000e+00
 267.863096      6.538  36.552053    15.0418     6.9717      6.483    29.2325    21.5219 0.0000e+00
 267.863102      6.360  36.553269    15.0423     6.9720      6.307    29.2333    21.5224 0.0000e+00
 267.863108      6.181  36.553216    15.0420     6.9726      6.129    29.2335    21.5227 0.0000e+00
 267.863113      5.993  36.552943    15.0424     6.9855      5.943    29.2330    21.5222 0.0000e+00
 267.863119      5.798  36.553766    15.0443     6.9888      5.750    29.2324    21.5213 0.0000e+00
 267.863125      5.596  36.555103    15.0477     6.9735      5.549    29.2311    21.5196 0.0000e+00
 267.863131      5.382  36.556500    15.0516     6.9595      5.337    29.2295    21.5176 0.0000e+00
 267.863137      5.162  36.558139    15.0553     6.9599      5.119    29.2283    21.5158 0.0000e+00
 267.863142      4.945  36.560529    15.0587     6.9781      4.904    29.2280    21.5149 0.0000e+00
 267.863148      4.739  36.564617    15.0621     7.0101      4.699    29.2291    21.5150 0.0000e+00
 267.863154      4.545  36.569138    15.0656     7.0388      4.507    29.2306    21.5154 0.0000e+00
 267.863160      4.355  36.571160    15.0689     7.0277      4.319    29.2300    21.5143 0.0000e+00
 267.863166      4.160  36.568339    15.0728     7.0273      4.125    29.2246    21.5093 0.0000e+00
 267.863171      3.961  36.559715    15.0793     7.0117      3.928    29.2122    21.4984 0.0000e+00
 267.863177      3.762  36.547791    15.0881     7.0128      3.731    29.1951    21.4834 0.0000e+00
 267.863183      3.569  36.531787    15.0981     7.0022      3.539    29.1736    21.4647 0.0000e+00
 267.863189      3.381  36.502129    15.1122     6.9918      3.353    29.1368    21.4335 0.0000e+00
 267.863194      3.195  36.459034    15.1305     6.9906      3.168    29.0851    21.3899 0.0000e+00
 267.863200      3.009  36.418960    15.1477     6.9640      2.984    29.0370    21.3493 0.0000e+00
 267.863206      2.817  36.399035    15.1662     6.9233      2.793    29.0057    21.3214 0.0000e+00
 267.863212      2.622  36.389496    15.1924     6.8608      2.600    28.9780    21.2945 0.0000e+00
 267.863218      2.429  36.363628    15.2254     6.7929      2.409    28.9309    21.2513 0.0000e+00
 267.863223      2.245  36.311022    15.2711     6.7646      2.226    28.8509    21.1802 0.0000e+00
 267.863229      2.081  36.214179    15.3419     6.7461      2.064    28.7138    21.0599 0.0000e+00
 267.863235      1.935  36.061573    15.4243     6.6990      1.919    28.5198    20.8935 0.0000e+00
 267.863241      1.802  35.899468    15.4839     6.6381      1.787    28.3348    20.7388 -9.990e-29
 267.863247      1.682  35.784984    15.5121     6.5576      1.668    28.2144    20.6403 -9.990e-29
 267.863252      1.577  35.720029    15.5203     6.4963      1.564    28.1518    20.5905 -9.990e-29
 267.863258      1.487  35.694712    15.5176     7.4367      1.475    28.1317    20.5756 -9.990e-29
 267.863264      1.411  35.692078    15.5103     7.4623      1.399    28.1346    20.5794 -9.990e-29
 267.863270      1.346  35.682863    15.4966     7.2423      1.335    28.1363    20.5836 -9.990e-29
 267.863275      1.285  35.673813    15.4775     6.8616      1.274    28.1420    20.5921 -9.990e-29
 267.863281      1.227  35.667419    15.4612     6.3259      1.217    28.1481    20.6002 -9.990e-29
 267.863287      1.171  35.642834    15.4472     6.0867      1.161    28.1366    20.5943 -9.990e-29
 267.863293      1.122  35.571754    15.4259     5.9793      1.113    28.0896    20.5627 -9.990e-29
 267.863299      1.081  35.354366    15.3848     5.9562      1.072    27.9284    20.4476 -9.990e-29
 267.863304      1.046  34.680101    15.3223     5.9680      1.037    27.3821    20.0412 -9.990e-29
 267.863310      1.014  32.621383    15.2548     6.0330      1.006    25.6329    18.7124 -9.990e-29
 267.863316      0.985  26.401896    15.1911     6.0882      0.977    20.3376    14.6645 -9.990e-29
 267.863322      0.954  16.708344    15.1202     6.1510      0.946    12.3620     8.5707 -9.990e-29
 267.863328      0.922   9.539363    15.0318     6.1885      0.914     6.7580     4.2942 -9.990e-29
 267.863333      0.889   6.505719    14.9326     6.2240      0.882     4.4924     2.5724 -9.990e-29
 267.863339      0.863   5.491097    14.8334     6.2526      0.856     3.7570     2.0233 -9.990e-29
 267.863345      0.846   5.153436    14.7380     6.2776      0.839     3.5195     1.8556 -9.990e-29
 267.863351      0.837   4.344152    14.6455    -8.8618      0.830     2.9406     1.4246 -9.990e-29
 267.863356      0.832   3.442427    14.5538   -12.3166      0.825     2.3020     0.9466 -9.990e-29
 267.863362      0.824   3.149222    14.4634 -9.990e-29      0.817     2.0995     0.8041 -9.990e-29
 267.863368      0.815   3.170175    14.3759 -9.990e-29      0.808     2.1190     0.8321 -9.990e-29
 267.863374      0.803   3.022212    14.2926 -9.990e-29      0.796     2.0186     0.7670 -9.990e-29
 267.863380      0.793   2.663428    14.2163 -9.990e-29      0.786     1.7694     0.5858 -9.990e-29
 267.863385      0.787   2.292850    14.1477 -9.990e-29      0.780     1.5131     0.3978 -9.990e-29
 267.863391      0.785   2.000450    14.0846 -9.990e-29      0.778     1.3126     0.2518 -9.990e-29
 267.863397      0.787   1.793988    14.0285 -9.990e-29      0.780     1.1721     0.1511 -9.990e-29
 267.863403      0.789   1.652691    13.9849 -9.990e-29      0.782     1.0765     0.0833 -9.990e-29
 267.863409      0.787   1.549503    13.9669 -9.990e-29      0.780     1.0065     0.0317 -9.990e-29
 267.863414      0.785   1.469361 -9.990e-29 -9.990e-29      0.778 -9.990e-29 -9.990e-29 -9.990e-29
