data/oxygen options/ONMS/Olympic_Coast_National_Marine_Sanctuary_CTD_Data_2005_2023/raw_data/2018/CAST_TH015_180709faed.cnv
* Sea-Bird SBE19 Data File:
* FileName = C:\2018 Mooring Data\Casts\CAST_TH015_180709.hex
* Software Version 1.59
* Temperature SN = 2997
* Conductivity SN = 2997
* System UpLoad Time = Jul 09 2018 23:10:32
** CAST_TH015_180709
* ds
# nquan = 9                                 
# nvalues = 2843                        
# units = specified
# name 0 = timeJ: Julian Days
# name 1 = prSM: Pressure, Strain Gauge [db]
# name 2 = c0mS/cm: Conductivity [mS/cm]
# name 3 = t090C: Temperature [ITS-90, deg C]
# name 4 = sbeox0ML/L: Oxygen, SBE 43 [ml/l]
# name 5 = depSM: Depth [salt water, m], lat = 47.5
# name 6 = sal00: Salinity, Practical [PSU]
# name 7 = sigma-é00: Density [sigma-theta, kg/m^3]
# name 8 = flag: flag
# span 0 = 190.948183, 190.964630       
# span 1 =     -5.377,     14.315       
# span 2 =   0.463046,  39.535276       
# span 3 =    12.6366,    15.2458       
# span 4 =   -11.8272,    16.3312       
# span 5 =     -5.332,     14.195       
# span 6 =     0.2829,    32.7162       
# span 7 =    -0.6927,    24.6902       
# span 8 = 0.0000e+00, 0.0000e+00       
# interval = seconds: 0.5
# start_time = Jul 09 2018 22:45:23 [Instrument's time stamp, header]
# bad_flag = -9.990e-29
*END*
[from data line 1441]
 190.956522      0.513   1.096226    14.2647    -1.8749      0.509     0.6953    -0.2517 -9.990e-29
 190.956528      0.519   1.105692    14.2645    -1.8750      0.515     0.7016    -0.2468 -9.990e-29
 190.956534      0.526   1.114553    14.2659    -1.8751      0.522     0.7074    -0.2425 -9.990e-29
 190.956539      0.528   1.119103    14.2685    -1.8750      0.524     0.7104    -0.2405 -9.990e-29
 190.956545      0.528   1.118205    14.2712    -1.8750      0.524     0.7097    -0.2414 -9.990e-29
 190.956551      0.523   1.115099    14.2731    -1.8749      0.519     0.7076    -0.2433 -9.990e-29
 190.956557      0.519   1.114511    14.2738    -1.8750      0.515     0.7072    -0.2437 -9.990e-29
 190.956562      0.519   1.117870    14.2743    -1.8751      0.515     0.7095    -0.2421 -9.990e-29
 190.956568      0.519   1.119677    14.2753    -1.8752      0.515     0.7106    -0.2413 -9.990e-29
 190.956574      0.515   1.114029    14.2761    -1.8753      0.511     0.7069    -0.2443 -9.990e-29
 190.956580      0.510   1.102818    14.2760    -1.8754      0.506     0.6995    -0.2501 -9.990e-29
 190.956586      0.510   1.093267    14.2759    -1.8756      0.506     0.6931    -0.2550 -9.990e-29
 190.956591      0.509   1.089269    14.2777    -1.8754      0.505     0.6905    -0.2573 -9.990e-29
 190.956597      0.503   1.086601    14.2813    -1.8753      0.499     0.6886    -0.2592 -9.990e-29
 190.956603      0.496   1.078379    14.2844    -1.8752      0.492     0.6831    -0.2639 -9.990e-29
 190.956609      0.491   1.063619    14.2855    -1.8753      0.487     0.6734    -0.2717 -9.990e-29
 190.956615      0.490   1.047581    14.2846    -1.8757      0.486     0.6628    -0.2797 -9.990e-29
 190.956620      0.491   1.036038    14.2827    -1.8760      0.487     0.6552    -0.2853 -9.990e-29
 190.956626      0.494   1.030783    14.2810    -1.8759      0.490     0.6517    -0.2877 -9.990e-29
 190.956632      0.500   1.028689    14.2803    -1.8758      0.496     0.6504    -0.2887 -9.990e-29
 190.956638      0.509   1.024746    14.2809    -1.8758      0.505     0.6478    -0.2908 -9.990e-29
 190.956644      0.518   1.017024    14.2824    -1.8760      0.514     0.6426    -0.2950 -9.990e-29
 190.956649      0.523   1.008527    14.2843    -1.8761      0.519     0.6370    -0.2996 -9.990e-29
 190.956655      0.527   1.003444    14.2858    -1.8762      0.523     0.6336    -0.3025 -9.990e-29
 190.956661      0.533   1.001096    14.2857    -1.8762      0.529     0.6321    -0.3036 -9.990e-29
 190.956667      0.535   0.995579    14.2839    -1.8761      0.531     0.6285    -0.3062 -9.990e-29
 190.956672      0.533   0.982864    14.2819    -1.8762      0.529     0.6202    -0.3123 -9.990e-29
 190.956678      0.529   0.966502    14.2811    -1.8764      0.525     0.6094    -0.3206 -9.990e-29
 190.956684      0.525   0.954605    14.2810    -1.8764      0.521     0.6016    -0.3266 -9.990e-29
 190.956690      0.526   0.950710    14.2801    -1.8763      0.522     0.5990    -0.3284 -9.990e-29
 190.956696      0.527   0.951284    14.2778    -1.8760      0.523     0.5995    -0.3278 -9.990e-29
 190.956701      0.525   0.952106    14.2754    -1.8758      0.521     0.6000    -0.3270 -9.990e-29
 190.956707      0.523   0.952054    14.2742    -1.8755      0.519     0.6000    -0.3268 -9.990e-29
 190.956713      0.525   0.951616    14.2739    -1.8753      0.521     0.5997    -0.3270 -9.990e-29
 190.956719      0.528   0.950761    14.2730    -1.8753      0.524     0.5992    -0.3273 -9.990e-29
 190.956725      0.527   0.949456    14.2711    -1.8751      0.523     0.5984    -0.3277 -9.990e-29
 190.956730      0.527   0.949286    14.2689    -1.8751      0.523     0.5983    -0.3274 -9.990e-29
 190.956736      0.532   0.951687    14.2681    -1.8751      0.528     0.5999    -0.3261 -9.990e-29
 190.956742      0.541   0.955982    14.2696    -1.8750      0.536     0.6027    -0.3241 -9.990e-29
 190.956748      0.553   0.961247    14.2729    -1.8749      0.548     0.6061    -0.3220 -9.990e-29
 190.956753      0.562   0.967853    14.2768    -1.8749      0.557     0.6104    -0.3192 -9.990e-29
 190.956759      0.570   0.976293    14.2806    -1.8751      0.565     0.6159    -0.3155 -9.990e-29
 190.956765      0.576   0.985629    14.2835    -1.8753      0.571     0.6220    -0.3112 -9.990e-29
 190.956771      0.583   0.994454    14.2853    -1.8754      0.578     0.6277    -0.3070 -9.990e-29
 190.956777      0.588   1.002340    14.2868    -1.8756      0.583     0.6329    -0.3032 -9.990e-29
 190.956782      0.594   1.009274    14.2878    -1.8754      0.589     0.6375    -0.2998 -9.990e-29
 190.956788      0.597   1.015078    14.2880    -1.8752      0.592     0.6413    -0.2969 -9.990e-29
 190.956794      0.591   1.019734    14.2878    -1.8748      0.586     0.6443    -0.2945 -9.990e-29
 190.956800      0.582   1.023906    14.2876    -1.8745      0.577     0.6471    -0.2923 -9.990e-29
 190.956806      0.577   1.028169    14.2863    -1.8741      0.572     0.6499    -0.2899 -9.990e-29
 190.956811      0.575   1.032664    14.2831    -1.8738      0.570     0.6530    -0.2871 -9.990e-29
 190.956817      0.573   1.037288    14.2791    -1.8740      0.568     0.6561    -0.2841 -9.990e-29
 190.956823      0.570   1.041003    14.2754    -1.8740      0.565     0.6586    -0.2816 -9.990e-29
 190.956829      0.566   1.043220    14.2733    -1.8737      0.561     0.6601    -0.2802 -9.990e-29
 190.956834      0.565   1.045788    14.2733    -1.8734      0.560     0.6618    -0.2789 -9.990e-29
 190.956840      0.567   1.052129    14.2753    -1.8733      0.562     0.6659    -0.2759 -9.990e-29
 190.956846      0.568   1.064048    14.2789    -1.8735      0.563     0.6737    -0.2704 -9.990e-29
 190.956852      0.572   1.080811    14.2831    -1.8733      0.567     0.6848    -0.2625 -9.990e-29
 190.956858      0.580   1.100936    14.2868    -1.8729      0.575     0.6980    -0.2527 -9.990e-29
 190.956863      0.587   1.121880    14.2882    -1.8727      0.582     0.7119    -0.2422 -9.990e-29
 190.956869      0.598   1.140531    14.2862    -1.8728      0.593     0.7243    -0.2323 -9.990e-29
 190.956875      0.615   1.157924    14.2826    -1.8729      0.610     0.7359    -0.2228 -9.990e-29
 190.956881      0.629   1.180620    14.2802    -1.8732      0.624     0.7510    -0.2107 -9.990e-29
 190.956887      0.637   1.212275    14.2797    -1.8733      0.632     0.7721    -0.1944 -9.990e-29
 190.956892      0.640   1.246321    14.2800    -1.8737      0.635     0.7948    -0.1768 -9.990e-29
 190.956898      0.637   1.271060    14.2803    -1.8740      0.632     0.8113    -0.1641 -9.990e-29
 190.956904      0.630   1.282337    14.2811    -1.8741      0.625     0.8188    -0.1584 -9.990e-29
 190.956910      0.617   1.289093    14.2823    -1.8745      0.612     0.8233    -0.1551 -9.990e-29
 190.956916      0.602   1.301998    14.2827    -1.8748      0.597     0.8319    -0.1485 -9.990e-29
 190.956921      0.592   1.320522    14.2830    -1.8748      0.587     0.8443    -0.1389 -9.990e-29
 190.956927      0.587   1.334993    14.2845    -1.8746      0.582     0.8540    -0.1317 -9.990e-29
 190.956933      0.582   1.333665    14.2870    -1.8745      0.577     0.8530    -0.1328 -9.990e-29
 190.956939      0.576   1.310886    14.2887    -1.8745      0.571     0.8378    -0.1448 -9.990e-29
 190.956944      0.570   1.273425    14.2883    -1.8744      0.565     0.8127    -0.1642 -9.990e-29
 190.956950      0.567   1.232864    14.2853    -1.8743      0.562     0.7857    -0.1846 -9.990e-29
 190.956956      0.567   1.199421    14.2806    -1.8740      0.562     0.7635    -0.2011 -9.990e-29
 190.956962      0.566   1.180053    14.2759    -1.8734      0.561     0.7507    -0.2104 -9.990e-29
 190.956968      0.569   1.171665    14.2735    -1.8730      0.564     0.7452    -0.2143 -9.990e-29
 190.956973      0.574   1.164735    14.2743    -1.8729      0.569     0.7406    -0.2180 -9.990e-29
 190.956979      0.579   1.154455    14.2767    -1.8732      0.574     0.7337    -0.2237 -9.990e-29
 190.956985      0.583   1.144303    14.2787    -1.8730      0.578     0.7269    -0.2292 -9.990e-29
 190.956991      0.583   1.139035    14.2800    -1.8726      0.578     0.7234    -0.2321 -9.990e-29
 190.956997      0.578   1.137722    14.2815    -1.8725      0.573     0.7225    -0.2330 -9.990e-29
 190.957002      0.577   1.139167    14.2832    -1.8725      0.572     0.7234    -0.2325 -9.990e-29
 190.957008      0.580   1.146961    14.2845    -1.8728      0.575     0.7286    -0.2287 -9.990e-29
 190.957014      0.578   1.165952    14.2841    -1.8730      0.573     0.7412    -0.2189 -9.990e-29
 190.957020      0.572   1.199846    14.2804    -1.8734      0.567     0.7638    -0.2009 -9.990e-29
 190.957025      0.569   1.248940    14.2734    -1.8742      0.564     0.7967    -0.1744 -9.990e-29
 190.957031      0.573   1.306081    14.2662    -1.8747      0.568     0.8350    -0.1437 -9.990e-29
 190.957037      0.581   1.359320    14.2621    -1.8748      0.576     0.8708    -0.1154 -9.990e-29
 190.957043      0.584   1.402592    14.2611    -1.8748      0.579     0.8999    -0.0928 -9.990e-29
 190.957049      0.583   1.437050    14.2616    -1.8748      0.578     0.9231    -0.0749 -9.990e-29
 190.957054      0.585   1.461518    14.2623    -1.8749      0.580     0.9395    -0.0623 -9.990e-29
 190.957060      0.592   1.470921    14.2623    -1.8749      0.587     0.9459    -0.0574 -9.990e-29
 190.957066      0.596   1.462831    14.2606    -1.8747      0.591     0.9405    -0.0613 -9.990e-29
 190.957072      0.596   1.440319    14.2558    -1.8745      0.591     0.9254    -0.0723 -9.990e-29
 190.957078      0.600   1.409957    14.2481    -1.8744      0.595     0.9051    -0.0868 -9.990e-29
 190.957083      0.610   1.380048    14.2413    -1.8744      0.605     0.8852    -0.1013 -9.990e-29
 190.957089      0.617   1.357279    14.2387    -1.8745      0.612     0.8699    -0.1127 -9.990e-29
 190.957095      0.618   1.341779    14.2399    -1.8745      0.613     0.8595    -0.1210 -9.990e-29
 190.957101      0.612   1.327292    14.2434    -1.8744      0.607     0.8497    -0.1291 -9.990e-29
 190.957106      0.604   1.307254    14.2480    -1.8744      0.599     0.8362    -0.1402 -9.990e-29
 190.957112      0.601   1.280446    14.2538    -1.8744      0.596     0.8181    -0.1550 -9.990e-29
 190.957118      0.607   1.251589    14.2601    -1.8746      0.602     0.7987    -0.1709 -9.990e-29
 190.957124      0.619   1.228216    14.2653    -1.8750      0.614     0.7830    -0.1838 -9.990e-29
 190.957130      0.630   1.215192    14.2690    -1.8753      0.625     0.7743    -0.1911 -9.990e-29
 190.957135      0.634   1.209563    14.2715    -1.8753      0.629     0.7705    -0.1944 -9.990e-29
 190.957141      0.633   1.203269    14.2739    -1.8756      0.628     0.7662    -0.1981 -9.990e-29
 190.957147      0.630   1.191246    14.2773    -1.8758      0.625     0.7581    -0.2048 -9.990e-29
 190.957153      0.635   1.174644    14.2808    -1.8760      0.630     0.7470    -0.2139 -9.990e-29
 190.957159      0.647   1.157933    14.2830    -1.8758      0.642     0.7359    -0.2229 -9.990e-29
 190.957164      0.659   1.144330    14.2833    -1.8755      0.653     0.7269    -0.2299 -9.990e-29
 190.957170      0.666   1.132878    14.2815    -1.8754      0.660     0.7193    -0.2355 -9.990e-29
 190.957176      0.671   1.120502    14.2776    -1.8753      0.665     0.7111    -0.2412 -9.990e-29
 190.957182      0.672   1.106774    14.2734    -1.8753      0.666     0.7021    -0.2476 -9.990e-29
 190.957188      0.670   1.094453    14.2698    -1.8752      0.664     0.6940    -0.2534 -9.990e-29
 190.957193      0.665   1.085401    14.2661    -1.8750      0.659     0.6881    -0.2574 -9.990e-29
 190.957199      0.657   1.078633    14.2629    -1.8748      0.652     0.6837    -0.2604 -9.990e-29
 190.957205      0.649   1.072331    14.2625    -1.8747      0.644     0.6795    -0.2636 -9.990e-29
 190.957211      0.645   1.065852    14.2657    -1.8748      0.640     0.6752    -0.2674 -9.990e-29
 190.957216      0.640   1.059980    14.2705    -1.8747      0.635     0.6712    -0.2712 -9.990e-29
 190.957222      0.630   1.054643    14.2752    -1.8751      0.625     0.6676    -0.2746 -9.990e-29
 190.957228      0.619   1.048270    14.2797    -1.8752      0.614     0.6633    -0.2786 -9.990e-29
 190.957234      0.614   1.040123    14.2843    -1.8751      0.609     0.6579    -0.2835 -9.990e-29
 190.957240      0.615   1.030610    14.2892    -1.8750      0.610     0.6515    -0.2891 -9.990e-29
 190.957245      0.614   1.020358    14.2943    -1.8749      0.609     0.6447    -0.2952 -9.990e-29
 190.957251      0.607   1.009740    14.2988    -1.8749      0.602     0.6376    -0.3013 -9.990e-29
 190.957257      0.596   0.999555    14.3019    -1.8747      0.591     0.6308    -0.3070 -9.990e-29
 190.957263      0.590   0.991370    14.3035    -1.8746      0.585     0.6254    -0.3114 -9.990e-29
 190.957269      0.589   0.984801    14.3036    -1.8743      0.584     0.6211    -0.3147 -9.990e-29
 190.957274      0.588   0.977186    14.3024    -1.8742      0.583     0.6161    -0.3184 -9.990e-29
 190.957280      0.587   0.967241    14.3017    -1.8742      0.582     0.6096    -0.3234 -9.990e-29
 190.957286      0.586   0.956669    14.3029    -1.8747      0.581     0.6026    -0.3290 -9.990e-29
 190.957292      0.590   0.948556    14.3053    -1.8749      0.585     0.5973    -0.3335 -9.990e-29
 190.957297      0.598   0.944278    14.3079    -1.8752      0.593     0.5944    -0.3360 -9.990e-29
 190.957303      0.603   0.942011    14.3112    -1.8755      0.598     0.5929    -0.3377 -9.990e-29
 190.957309      0.601   0.938735    14.3158    -1.8760      0.596     0.5907    -0.3401 -9.990e-29
 190.957315      0.595   0.932851    14.3210    -1.8763      0.590     0.5867    -0.3439 -9.990e-29
 190.957321      0.589   0.925383    14.3255    -1.8764      0.584     0.5818    -0.3484 -9.990e-29
 190.957326      0.584   0.918567    14.3281    -1.8763      0.579     0.5773    -0.3522 -9.990e-29
 190.957332      0.579   0.912738    14.3273    -1.8763      0.574     0.5735    -0.3551 -9.990e-29
 190.957338      0.573   0.906220    14.3230    -1.8759      0.568     0.5693    -0.3577 -9.990e-29
 190.957344      0.566   0.898082    14.3171    -1.8758      0.561     0.5640    -0.3609 -9.990e-29
 190.957350      0.563   0.889668    14.3108    -1.8756      0.558     0.5586    -0.3642 -9.990e-29
 190.957355      0.571   0.883060    14.3036    -1.8754      0.566     0.5544    -0.3664 -9.990e-29
 190.957361      0.587   0.878314    14.2964    -1.8752      0.582     0.5514    -0.3677 -9.990e-29
 190.957367      0.603   0.873536    14.2917    -1.8750      0.598     0.5483    -0.3694 -9.990e-29
 190.957373      0.620   0.867343    14.2907    -1.8749      0.615     0.5443    -0.3724 -9.990e-29
 190.957378      0.634   0.859792    14.2923    -1.8750      0.629     0.5393    -0.3765 -9.990e-29
 190.957384      0.644   0.851900    14.2954    -1.8748      0.639     0.5341    -0.3809 -9.990e-29
 190.957390      0.648   0.845890    14.2996    -1.8748      0.643     0.5302    -0.3846 -9.990e-29
 190.957396      0.648   0.843725    14.3045    -1.8748      0.643     0.5287    -0.3865 -9.990e-29
 190.957402      0.648   0.844181    14.3101    -1.8749      0.643     0.5289    -0.3871 -9.990e-29
 190.957407      0.652   0.843434    14.3161    -1.8748      0.647     0.5283    -0.3884 -9.990e-29
 190.957413      0.655   0.838826    14.3218    -1.8746      0.650     0.5253    -0.3916 -9.990e-29
 190.957419      0.659   0.831419    14.3267    -1.8745      0.653     0.5204    -0.3961 -9.990e-29
 190.957425      0.668   0.824637    14.3300    -1.8745      0.662     0.5159    -0.4000 -9.990e-29
 190.957431      0.677   0.820521    14.3324    -1.8745      0.671     0.5132    -0.4025 -9.990e-29
 190.957436      0.684   0.818018    14.3349    -1.8748      0.678     0.5116    -0.4041 -9.990e-29
