data/oxygen options/ONMS/Olympic_Coast_National_Marine_Sanctuary_CTD_Data_2005_2023/raw_data/2018/CAST_KL015_180914faed.cnv
* Sea-Bird SBE 19 Data File:
* FileName = C:\2018 Mooring Data\Casts\CAST_KL015_180914.hex
* Software Version SeatermAF 2.1.2
* Temperature SN = 2997
* Conductivity SN = 2997
* System UpLoad Time = Sep 14 2018 19:09:57 (localtime) = Sep 14 2018 19:09:57 (UTC)
** CAST_KL015_180914
* ds
# nquan = 9                                 
# nvalues = 1135                        
# units = specified
# name 0 = timeJ: Julian Days
# name 1 = prSM: Pressure, Strain Gauge [db]
# name 2 = c0mS/cm: Conductivity [mS/cm]
# name 3 = t090C: Temperature [ITS-90, deg C]
# name 4 = sbeox0ML/L: Oxygen, SBE 43 [ml/l]
# name 5 = depSM: Depth [salt water, m], lat = 47.5
# name 6 = sal00: Salinity, Practical [PSU]
# name 7 = sigma-é00: Density [sigma-theta, kg/m^3]
# name 8 = flag: flag
# span 0 = 257.776100, 257.782662       
# span 1 =     -4.368,     16.312       
# span 2 =   0.875984,  38.510451       
# span 3 =    13.4338,    14.0983       
# span 4 =   -12.5577,    14.3760       
# span 5 =     -4.332,     16.175       
# span 6 =     0.5592,    32.0421       
# span 7 =    -0.2695,    23.9576       
# span 8 = 0.0000e+00, 0.0000e+00       
# interval = seconds: 0.5
# start_time = Sep 14 2018 18:37:35 [Instrument's time stamp, header]
# bad_flag = -9.990e-29
*END*
[from data line 161]
 257.777031     -1.373   1.291182    13.8064    -1.8893     -1.362     0.8348    -0.0790 -9.990e-29
 257.777037     -1.353   1.283968    13.8128    -1.8888     -1.342     0.8297    -0.0837 -9.990e-29
 257.777043     -1.328   1.279879    13.8194    -1.8885     -1.317     0.8268    -0.0869 -9.990e-29
 257.777049     -1.300   1.277342    13.8260    -1.8885     -1.289     0.8250    -0.0893 -9.990e-29
 257.777054     -1.276   1.272419    13.8313    -1.8885     -1.265     0.8215    -0.0927 -9.990e-29
 257.777060     -1.260   1.265197    13.8343    -1.8889     -1.249     0.8166    -0.0969 -9.990e-29
 257.777066     -1.250   1.260461    13.8357    -1.8889     -1.240     0.8134    -0.0996 -9.990e-29
 257.777072     -1.240   1.266308    13.8369    -1.8889     -1.230     0.8173    -0.0967 -9.990e-29
 257.777078     -1.227   1.290532    13.8382    -1.8889     -1.217     0.8336    -0.0842 -9.990e-29
 257.777083     -1.214   1.329954    13.8397    -1.8893     -1.204     0.8603    -0.0638 -9.990e-29
 257.777089     -1.203   1.374490    13.8411    -1.8899     -1.193     0.8905    -0.0406 -9.990e-29
 257.777095     -1.195   1.419766    13.8418    -1.8905     -1.185     0.9212    -0.0169 -9.990e-29
 257.777101     -1.188   1.459618    13.8406    -1.8909     -1.178     0.9484     0.0043 -9.990e-29
 257.777106     -1.183   1.485641    13.8364    -1.8913     -1.173     0.9662     0.0187 -9.990e-29
 257.777112     -1.179   1.500929    13.8299    -1.8918     -1.169     0.9768     0.0279 -9.990e-29
 257.777118     -1.176   1.515884    13.8239    -1.8921     -1.166     0.9872     0.0367 -9.990e-29
 257.777124     -1.173   1.533812    13.8196    -1.8924     -1.163     0.9996     0.0469 -9.990e-29
 257.777130     -1.171   1.550339    13.8154    -1.8927     -1.161     1.0110     0.0563 -9.990e-29
 257.777135     -1.170   1.560332    13.8095    -1.8930     -1.160     1.0180     0.0626 -9.990e-29
 257.777141     -1.168   1.561037    13.8014    -1.8932     -1.158     1.0187     0.0642 -9.990e-29
 257.777147     -1.167   1.551730    13.7921    -1.8933     -1.157     1.0125     0.0608 -9.990e-29
 257.777153     -1.165   1.535526    13.7831    -1.8932     -1.155     1.0017     0.0536 -9.990e-29
 257.777159     -1.164   1.519650    13.7752    -1.8931     -1.154     0.9910     0.0464 -9.990e-29
 257.777164     -1.162   1.507327    13.7683    -1.8931     -1.152     0.9827     0.0410 -9.990e-29
 257.777170     -1.160   1.494878    13.7622    -1.8930     -1.150     0.9744     0.0354 -9.990e-29
 257.777176     -1.158   1.480121    13.7568    -1.8932     -1.148     0.9644     0.0284 -9.990e-29
 257.777182     -1.155   1.465554    13.7524    -1.8935     -1.145     0.9546     0.0214 -9.990e-29
 257.777188     -1.152   1.452269    13.7496    -1.8938     -1.142     0.9456     0.0148 -9.990e-29
 257.777193     -1.148   1.437521    13.7489    -1.8943     -1.138     0.9355     0.0071 -9.990e-29
 257.777199     -1.142   1.419387    13.7500    -1.8947     -1.132     0.9231    -0.0027 -9.990e-29
 257.777205     -1.135   1.399747    13.7524    -1.8950     -1.126     0.9097    -0.0134 -9.990e-29
 257.777211     -1.126   1.382350    13.7550    -1.8954     -1.117     0.8978    -0.0230 -9.990e-29
 257.777216     -1.115   1.370058    13.7571    -1.8956     -1.106     0.8894    -0.0298 -9.990e-29
 257.777222     -1.100   1.362559    13.7581    -1.8959     -1.091     0.8842    -0.0339 -9.990e-29
 257.777228     -1.081   1.356506    13.7572    -1.8962     -1.072     0.8802    -0.0370 -9.990e-29
 257.777234     -1.057   1.348260    13.7541    -1.8968     -1.048     0.8746    -0.0408 -9.990e-29
 257.777240     -1.030   1.336251    13.7490    -1.8972     -1.021     0.8666    -0.0464 -9.990e-29
 257.777245     -1.008   1.321655    13.7424    -1.8973     -1.000     0.8568    -0.0530 -9.990e-29
 257.777251     -0.992   1.307184    13.7354    -1.8973     -0.984     0.8471    -0.0596 -9.990e-29
 257.777257     -0.983   1.294053    13.7288    -1.8971     -0.975     0.8384    -0.0654 -9.990e-29
 257.777263     -0.975   1.281385    13.7228    -1.8970     -0.967     0.8299    -0.0712 -9.990e-29
 257.777269     -0.963   1.269475    13.7171    -1.8970     -0.955     0.8219    -0.0766 -9.990e-29
 257.777274     -0.951   1.259627    13.7113    -1.8971     -0.943     0.8154    -0.0808 -9.990e-29
 257.777280     -0.943   1.250906    13.7044    -1.8972     -0.935     0.8096    -0.0844 -9.990e-29
 257.777286     -0.934   1.241106    13.6968    -1.8973     -0.926     0.8031    -0.0884 -9.990e-29
 257.777292     -0.918   1.230466    13.6901    -1.8974     -0.910     0.7961    -0.0929 -9.990e-29
 257.777297     -0.904   1.221982    13.6863    -1.8978     -0.896     0.7904    -0.0968 -9.990e-29
 257.777303     -0.898   1.217648    13.6861    -1.8979     -0.891     0.7875    -0.0990 -9.990e-29
 257.777309     -0.897   1.215564    13.6885    -1.8979     -0.890     0.7860    -0.1005 -9.990e-29
 257.777315     -0.897   1.212395    13.6913    -1.8980     -0.890     0.7838    -0.1026 -9.990e-29
 257.777321     -0.896   1.207242    13.6933    -1.8981     -0.889     0.7803    -0.1056 -9.990e-29
 257.777326     -0.895   1.200439    13.6941    -1.8981     -0.888     0.7757    -0.1093 -9.990e-29
 257.777332     -0.894   1.191230    13.6942    -1.8978     -0.887     0.7695    -0.1141 -9.990e-29
 257.777338     -0.893   1.179530    13.6929    -1.8975     -0.886     0.7616    -0.1200 -9.990e-29
 257.777344     -0.892   1.168033    13.6898    -1.8972     -0.885     0.7539    -0.1256 -9.990e-29
 257.777350     -0.890   1.159701    13.6862    -1.8973     -0.883     0.7483    -0.1294 -9.990e-29
 257.777355     -0.889   1.153957    13.6843    -1.8974     -0.882     0.7445    -0.1321 -9.990e-29
 257.777361     -0.886   1.147574    13.6843    -1.8977     -0.879     0.7402    -0.1355 -9.990e-29
 257.777367     -0.884   1.138694    13.6845    -1.8978     -0.877     0.7342    -0.1401 -9.990e-29
 257.777373     -0.880   1.128781    13.6846    -1.8979     -0.873     0.7275    -0.1453 -9.990e-29
 257.777378     -0.875   1.121245    13.6863    -1.8980     -0.868     0.7224    -0.1495 -9.990e-29
 257.777384     -0.870   1.118234    13.6908    -1.8983     -0.863     0.7203    -0.1518 -9.990e-29
 257.777390     -0.862   1.117949    13.6966    -1.8984     -0.855     0.7200    -0.1528 -9.990e-29
 257.777396     -0.852   1.116682    13.7010    -1.8987     -0.845     0.7191    -0.1541 -9.990e-29
 257.777402     -0.840   1.113298    13.7024    -1.8989     -0.833     0.7168    -0.1561 -9.990e-29
 257.777407     -0.824   1.109382    13.7013    -1.8990     -0.817     0.7142    -0.1580 -9.990e-29
 257.777413     -0.803   1.105253    13.6993    -1.8989     -0.796     0.7114    -0.1598 -9.990e-29
 257.777419     -0.777   1.099287    13.6978    -1.8987     -0.771     0.7074    -0.1627 -9.990e-29
 257.777425     -0.747   1.091289    13.6963    -1.8986     -0.741     0.7021    -0.1667 -9.990e-29
 257.777431     -0.720   1.082788    13.6937    -1.8985     -0.714     0.6964    -0.1707 -9.990e-29
 257.777436     -0.700   1.075200    13.6900    -1.8983     -0.694     0.6914    -0.1741 -9.990e-29
 257.777442     -0.683   1.068937    13.6861    -1.8981     -0.677     0.6872    -0.1768 -9.990e-29
 257.777448     -0.671   1.063407    13.6821    -1.8979     -0.665     0.6836    -0.1791 -9.990e-29
 257.777454     -0.661   1.058444    13.6788    -1.8978     -0.655     0.6803    -0.1811 -9.990e-29
 257.777459     -0.653   1.054635    13.6775    -1.8977     -0.648     0.6778    -0.1829 -9.990e-29
 257.777465     -0.648   1.051888    13.6790    -1.8976     -0.643     0.6759    -0.1846 -9.990e-29
 257.777471     -0.643   1.049310    13.6828    -1.8976     -0.638     0.6741    -0.1865 -9.990e-29
 257.777477     -0.639   1.046236    13.6871    -1.8975     -0.634     0.6720    -0.1887 -9.990e-29
 257.777483     -0.637   1.042445    13.6914    -1.8975     -0.632     0.6694    -0.1914 -9.990e-29
 257.777488     -0.634   1.037870    13.6961    -1.8972     -0.629     0.6662    -0.1944 -9.990e-29
 257.777494     -0.633   1.033062    13.7010    -1.8971     -0.628     0.6629    -0.1977 -9.990e-29
 257.777500     -0.631   1.029371    13.7056    -1.8971     -0.626     0.6604    -0.2003 -9.990e-29
 257.777506     -0.630   1.027417    13.7096    -1.8972     -0.625     0.6590    -0.2019 -9.990e-29
 257.777512     -0.629   1.025702    13.7132    -1.8972     -0.624     0.6578    -0.2033 -9.990e-29
 257.777517     -0.629   1.022495    13.7162    -1.8973     -0.624     0.6556    -0.2055 -9.990e-29
 257.777523     -0.628   1.017953    13.7185    -1.8972     -0.623     0.6525    -0.2082 -9.990e-29
 257.777529     -0.628   1.012673    13.7206    -1.8971     -0.623     0.6490    -0.2112 -9.990e-29
 257.777535     -0.627   1.007370    13.7235    -1.8969     -0.622     0.6454    -0.2144 -9.990e-29
 257.777541     -0.627   1.003289    13.7272    -1.8967     -0.622     0.6426    -0.2171 -9.990e-29
 257.777546     -0.626   1.000528    13.7304    -1.8965     -0.621     0.6407    -0.2190 -9.990e-29
 257.777552     -0.626   0.998179    13.7320    -1.8964     -0.621     0.6391    -0.2204 -9.990e-29
 257.777558     -0.625   0.995326    13.7323    -1.8962     -0.620     0.6372    -0.2220 -9.990e-29
 257.777564     -0.625   0.991491    13.7322    -1.8963     -0.620     0.6346    -0.2239 -9.990e-29
 257.777569     -0.624   0.987103    13.7329    -1.8965     -0.619     0.6317    -0.2263 -9.990e-29
 257.777575     -0.623   0.982962    13.7350    -1.8968     -0.618     0.6289    -0.2288 -9.990e-29
 257.777581     -0.621   0.979644    13.7383    -1.8971     -0.616     0.6266    -0.2310 -9.990e-29
 257.777587     -0.620   0.977157    13.7425    -1.8976     -0.615     0.6249    -0.2329 -9.990e-29
 257.777593     -0.618   0.974958    13.7469    -1.8980     -0.613     0.6233    -0.2347 -9.990e-29
 257.777598     -0.615   0.972887    13.7509    -1.8985     -0.610     0.6219    -0.2364 -9.990e-29
 257.777604     -0.612   0.971505    13.7542    -1.8989     -0.607     0.6209    -0.2376 -9.990e-29
 257.777610     -0.608   0.970633    13.7562    -1.8991     -0.603     0.6203    -0.2383 -9.990e-29
 257.777616     -0.602   0.968554    13.7559    -1.8994     -0.597     0.6189    -0.2393 -9.990e-29
 257.777622     -0.595   0.964159    13.7526    -1.8998     -0.590     0.6161    -0.2411 -9.990e-29
 257.777627     -0.586   0.958792    13.7468    -1.9002     -0.581     0.6126    -0.2430 -9.990e-29
 257.777633     -0.574   0.954722    13.7389    -1.9004     -0.569     0.6100    -0.2440 -9.990e-29
 257.777639     -0.559   0.952618    13.7297    -1.9005     -0.554     0.6087    -0.2437 -9.990e-29
 257.777645     -0.544   0.950780    13.7201    -1.9004     -0.539     0.6076    -0.2432 -9.990e-29
 257.777650     -0.532   0.947314    13.7107    -1.9005     -0.528     0.6055    -0.2436 -9.990e-29
 257.777656     -0.518   0.942585    13.7021    -1.9008     -0.514     0.6025    -0.2448 -9.990e-29
 257.777662     -0.501   0.938601    13.6945    -1.9013     -0.497     0.5999    -0.2457 -9.990e-29
 257.777668     -0.485   0.936700    13.6874    -1.9018     -0.481     0.5988    -0.2456 -9.990e-29
 257.777674     -0.469   0.936012    13.6800    -1.9022     -0.465     0.5984    -0.2449 -9.990e-29
 257.777679     -0.455   0.934511    13.6728    -1.9022     -0.451     0.5975    -0.2446 -9.990e-29
 257.777685     -0.448   0.931302    13.6674    -1.9024     -0.444     0.5955    -0.2454 -9.990e-29
 257.777691     -0.442   0.927650    13.6647    -1.9024     -0.438     0.5931    -0.2469 -9.990e-29
 257.777697     -0.433   0.925336    13.6632    -1.9021     -0.429     0.5916    -0.2479 -9.990e-29
 257.777703     -0.424   0.924599    13.6598    -1.9017     -0.420     0.5911    -0.2478 -9.990e-29
 257.777708     -0.420   0.924457    13.6531    -1.9013     -0.416     0.5911    -0.2469 -9.990e-29
 257.777714     -0.419   0.923610    13.6442    -1.9008     -0.416     0.5907    -0.2460 -9.990e-29
 257.777720     -0.418   0.921482    13.6354    -1.9006     -0.415     0.5894    -0.2458 -9.990e-29
 257.777726     -0.413   0.918562    13.6286    -1.9002     -0.410     0.5876    -0.2463 -9.990e-29
 257.777731     -0.406   0.915393    13.6246    -1.9001     -0.403     0.5855    -0.2473 -9.990e-29
 257.777737     -0.403   0.912737    13.6229    -1.8999     -0.400     0.5838    -0.2485 -9.990e-29
 257.777743     -0.402   0.911485    13.6243    -1.9001     -0.399     0.5829    -0.2493 -9.990e-29
 257.777749     -0.404   0.911076    13.6293    -1.9006     -0.401     0.5826    -0.2503 -9.990e-29
 257.777755     -0.405   0.910409    13.6374    -1.9013     -0.402     0.5820    -0.2518 -9.990e-29
 257.777760     -0.400   0.909703    13.6469    -1.9019     -0.397     0.5814    -0.2536 -9.990e-29
 257.777766     -0.394   0.909679    13.6560    -1.9024     -0.391     0.5812    -0.2549 -9.990e-29
 257.777772     -0.390   0.910304    13.6640    -1.9027     -0.387     0.5815    -0.2558 -9.990e-29
 257.777778     -0.388   0.910749    13.6704    -1.9027     -0.385     0.5817    -0.2565 -9.990e-29
 257.777784     -0.388   0.910498    13.6743    -1.9025     -0.385     0.5815    -0.2572 -9.990e-29
 257.777789     -0.389   0.910325    13.6751    -1.9022     -0.386     0.5814    -0.2574 -9.990e-29
 257.777795     -0.389   0.910554    13.6712    -1.9019     -0.386     0.5816    -0.2567 -9.990e-29
 257.777801     -0.382   0.909826    13.6619    -1.9016     -0.379     0.5812    -0.2557 -9.990e-29
 257.777807     -0.372   0.907171    13.6491    -1.9015     -0.369     0.5797    -0.2552 -9.990e-29
 257.777812     -0.362   0.903483    13.6359    -1.9017     -0.359     0.5774    -0.2552 -9.990e-29
 257.777818     -0.354   0.900495    13.6253    -1.9017     -0.351     0.5756    -0.2552 -9.990e-29
 257.777824     -0.344   0.899213    13.6192    -1.9018     -0.341     0.5748    -0.2549 -9.990e-29
 257.777830     -0.334   0.899587    13.6180    -1.9021     -0.331     0.5751    -0.2545 -9.990e-29
 257.777836     -0.327   0.901009    13.6203    -1.9022     -0.324     0.5760    -0.2542 -9.990e-29
 257.777841     -0.326   0.903155    13.6247    -1.9021     -0.323     0.5774    -0.2537 -9.990e-29
 257.777847     -0.328   0.906117    13.6303    -1.9024     -0.325     0.5792    -0.2530 -9.990e-29
 257.777853     -0.328   0.909407    13.6355    -1.9023     -0.325     0.5814    -0.2520 -9.990e-29
 257.777859     -0.325   0.911870    13.6383    -1.9021     -0.322     0.5830    -0.2512 -9.990e-29
 257.777865     -0.321   0.912356    13.6385    -1.9021     -0.318     0.5833    -0.2510 -9.990e-29
 257.777870     -0.319   0.910406    13.6372    -1.9020     -0.316     0.5820    -0.2518 -9.990e-29
 257.777876     -0.322   0.906743    13.6345    -1.9018     -0.319     0.5796    -0.2533 -9.990e-29
 257.777882     -0.328   0.903136    13.6310    -1.9016     -0.325     0.5772    -0.2546 -9.990e-29
 257.777888     -0.332   0.901427    13.6284    -1.9013     -0.329     0.5761    -0.2551 -9.990e-29
 257.777894     -0.334   0.901552    13.6269    -1.9010     -0.331     0.5763    -0.2548 -9.990e-29
 257.777899     -0.335   0.901459    13.6261    -1.9010     -0.332     0.5762    -0.2548 -9.990e-29
 257.777905     -0.334   0.899918    13.6267    -1.9010     -0.331     0.5752    -0.2557 -9.990e-29
 257.777911     -0.332   0.897643    13.6284    -1.9009     -0.329     0.5736    -0.2571 -9.990e-29
 257.777917     -0.328   0.896037    13.6303    -1.9009     -0.325     0.5725    -0.2582 -9.990e-29
 257.777922     -0.322   0.895729    13.6330    -1.9007     -0.319     0.5723    -0.2587 -9.990e-29
 257.777928     -0.314   0.896308    13.6370    -1.9005     -0.311     0.5726    -0.2590 -9.990e-29
 257.777934     -0.303   0.897435    13.6423    -1.9003     -0.300     0.5733    -0.2592 -9.990e-29
 257.777940     -0.293   0.898950    13.6482    -1.9000     -0.291     0.5742    -0.2593 -9.990e-29
 257.777946     -0.287   0.900104    13.6533    -1.8998     -0.285     0.5749    -0.2595 -9.990e-29
