data/oxygen options/ONMS/Olympic_Coast_National_Marine_Sanctuary_CTD_Data_2005_2023/raw_data/2018/CAST_CA015_180710faed.cnv
* Sea-Bird SBE19 Data File:
* FileName = C:\2018 Mooring Data\Casts\CAST_CA015_180710.hex
* Software Version 1.59
* Temperature SN = 2997
* Conductivity SN = 2997
* System UpLoad Time = Jul 10 2018 20:48:11
** CAST_CA015_180710
* ds
# nquan = 9                                 
# nvalues = 758                         
# units = specified
# name 0 = timeJ: Julian Days
# name 1 = prSM: Pressure, Strain Gauge [db]
# name 2 = c0mS/cm: Conductivity [mS/cm]
# name 3 = t090C: Temperature [ITS-90, deg C]
# name 4 = sbeox0ML/L: Oxygen, SBE 43 [ml/l]
# name 5 = depSM: Depth [salt water, m], lat = 47.5
# name 6 = sal00: Salinity, Practical [PSU]
# name 7 = sigma-é00: Density [sigma-theta, kg/m^3]
# name 8 = flag: flag
# span 0 = 191.840799, 191.845179       
# span 1 =     -4.913,     16.245       
# span 2 =   0.479549,  39.635504       
# span 3 =     8.7233,    17.2410       
# span 4 =    -1.8267,    16.0585       
# span 5 =     -4.872,     16.109       
# span 6 =     0.2756,    33.4495       
# span 7 =    -1.0393,    25.9396       
# span 8 = 0.0000e+00, 0.0000e+00       
# interval = seconds: 0.5
# start_time = Jul 10 2018 20:10:45 [Instrument's time stamp, header]
# bad_flag = -9.990e-29
*END*
[from data line 641]
 191.844508      6.946  38.219378    12.9950     5.8850      6.888    32.3957    24.3772 0.0000e+00
 191.844514      7.158  38.183201    12.9567     5.4646      7.098    32.3942    24.3836 0.0000e+00
 191.844520      7.368  38.156626    12.9012     5.0775      7.306    32.4165    24.4117 0.0000e+00
 191.844525      7.572  38.118138    12.8121     4.7925      7.509    32.4565    24.4600 0.0000e+00
 191.844531      7.772  38.054426    12.6730     4.6328      7.707    32.5157    24.5327 0.0000e+00
 191.844537      7.969  37.935348    12.4541     4.5459      7.902    32.5914    24.6335 0.0000e+00
 191.844543      8.170  37.735909    12.1598     4.5452      8.102    32.6562    24.7394 0.0000e+00
 191.844549      8.373  37.486384    11.8417     4.5917      8.303    32.6935    24.8278 0.0000e+00
 191.844554      8.574  37.248810    11.5629     4.5963      8.502    32.7077    24.8901 0.0000e+00
 191.844560      8.778  37.091046    11.3530     4.5847      8.705    32.7389    24.9523 0.0000e+00
 191.844566      8.993  37.013177    11.2042     4.5020      8.918    32.7944    25.0223 0.0000e+00
 191.844572      9.216  36.963898    11.1047     4.3172      9.139    32.8344    25.0711 0.0000e+00
 191.844578      9.440  36.921077    11.0493     4.0517      9.361    32.8415    25.0865 0.0000e+00
 191.844583      9.661  36.884641    11.0227     3.7739      9.580    32.8291    25.0816 0.0000e+00
 191.844589      9.876  36.856879    10.9815     3.5325      9.793    32.8384    25.0961 0.0000e+00
 191.844595     10.087  36.818613    10.8755     3.3908     10.003    32.8953    25.1591 0.0000e+00
 191.844601     10.303  36.729388    10.6793     3.3373     10.217    32.9830    25.2617 0.0000e+00
 191.844606     10.528  36.572642    10.4175     3.3020     10.440    33.0631    25.3693 0.0000e+00
 191.844612     10.752  36.389045    10.1646     3.2772     10.662    33.1084    25.4476 0.0000e+00
 191.844618     10.967  36.239999     9.9759     3.2518     10.875    33.1299    25.4962 0.0000e+00
 191.844624     11.178  36.151193     9.8522     3.2085     11.084    33.1531    25.5348 0.0000e+00
 191.844630     11.386  36.108808     9.7739     3.1830     11.291    33.1818    25.5702 0.0000e+00
 191.844635     11.592  36.078065     9.7186     3.1816     11.495    33.2013    25.5946 0.0000e+00
 191.844641     11.799  36.035803     9.6602     3.1697     11.700    33.2119    25.6124 0.0000e+00
 191.844647     12.012  35.989420     9.5842     3.1766     11.911    33.2346    25.6425 0.0000e+00
 191.844653     12.237  35.940828     9.4984     3.1806     12.135    33.2641    25.6796 0.0000e+00
 191.844659     12.470  35.890107     9.4265     3.1642     12.366    33.2786    25.7025 0.0000e+00
 191.844664     12.701  35.852412     9.3870     3.1325     12.595    33.2763    25.7072 0.0000e+00
 191.844670     12.923  35.835064     9.3750     3.0677     12.815    33.2695    25.7037 0.0000e+00
 191.844676     13.137  35.836121     9.3689     3.0195     13.027    33.2761    25.7099 0.0000e+00
 191.844682     13.348  35.835639     9.3478     2.9690     13.236    33.2952    25.7282 0.0000e+00
 191.844687     13.557  35.809944     9.3033     2.9386     13.443    33.3100    25.7470 0.0000e+00
 191.844693     13.764  35.757182     9.2362     2.9164     13.649    33.3179    25.7639 0.0000e+00
 191.844699     13.974  35.693154     9.1550     2.8956     13.857    33.3273    25.7842 0.0000e+00
 191.844705     14.187  35.641035     9.0728     2.8875     14.068    33.3500    25.8150 0.0000e+00
 191.844711     14.400  35.597315     8.9928     2.8784     14.279    33.3795    25.8506 0.0000e+00
 191.844716     14.609  35.548406     8.9199     2.8498     14.487    33.3969    25.8757 0.0000e+00
 191.844722     14.810  35.499559     8.8713     2.8450     14.686    33.3915    25.8791 0.0000e+00
 191.844728     15.000  35.468981     8.8427     2.8417     14.874    33.3863    25.8795 0.0000e+00
 191.844734     15.176  35.455009     8.8071     2.8475     15.049    33.4052    25.8998 0.0000e+00
 191.844740     15.347  35.433333     8.7626     2.8717     15.218    33.4244    25.9217 0.0000e+00
 191.844745     15.518  35.409695     8.7311     2.8836     15.388    33.4292    25.9304 0.0000e+00
 191.844751     15.683  35.399529     8.7233     2.9012     15.552    33.4259    25.9290 0.0000e+00
 191.844757     15.828  35.399839     8.7352     2.9035     15.695    33.4149    25.9186 -9.990e-29
 191.844763     15.944  35.407598     8.7539     2.9090     15.810    33.4053    25.9082 -9.990e-29
 191.844769     16.035  35.424681     8.7657     2.9006     15.901    33.4121    25.9116 -9.990e-29
 191.844774     16.105  35.446360     8.7687     2.9038     15.970    33.4319    25.9267 -9.990e-29
 191.844780     16.161  35.461722     8.7704     2.9123     16.025    33.4464    25.9378 -9.990e-29
 191.844786     16.204  35.468224     8.7743     2.9187     16.068    33.4495    25.9396 -9.990e-29
 191.844792     16.235  35.464385     8.7754     2.9536     16.099    33.4444    25.9355 -9.990e-29
 191.844797     16.245  35.450055     8.7715     2.9551     16.109    33.4331    25.9272 -9.990e-29
 191.844803     16.232  35.437969     8.7687     2.9601     16.096    33.4231    25.9198 -9.990e-29
 191.844809     16.194  35.438257     8.7768     2.9657     16.058    33.4157    25.9128 -9.990e-29
 191.844815     16.134  35.451230     8.8004     2.9648     15.999    33.4071    25.9024 -9.990e-29
 191.844821     16.056  35.476196     8.8302     2.9479     15.921    33.4052    25.8962 -9.990e-29
 191.844826     15.956  35.504380     8.8509     2.9435     15.822    33.4152    25.9009 -9.990e-29
 191.844832     15.822  35.519542     8.8546     2.9466     15.689    33.4277    25.9100 0.0000e+00
 191.844838     15.654  35.518876     8.8464     2.9545     15.523    33.4348    25.9169 0.0000e+00
 191.844844     15.460  35.510946     8.8520     2.9793     15.330    33.4213    25.9054 0.0000e+00
 191.844850     15.244  35.505266     8.8851     2.9994     15.116    33.3843    25.8713 0.0000e+00
 191.844855     15.013  35.504826     8.9132     2.9934     14.887    33.3575    25.8459 0.0000e+00
 191.844861     14.774  35.504490     8.9121     3.0117     14.650    33.3583    25.8467 0.0000e+00
 191.844867     14.530  35.509349     8.9014     3.0258     14.408    33.3735    25.8603 0.0000e+00
 191.844873     14.282  35.522457     8.9025     3.0458     14.162    33.3863    25.8701 0.0000e+00
 191.844878     14.026  35.534902     8.9159     3.0919     13.908    33.3868    25.8684 0.0000e+00
 191.844884     13.764  35.545846     8.9327     3.1448     13.649    33.3826    25.8625 0.0000e+00
 191.844890     13.501  35.560851     8.9503     3.1950     13.388    33.3818    25.8591 0.0000e+00
 191.844896     13.232  35.587538     8.9747     3.2505     13.121    33.3868    25.8592 0.0000e+00
 191.844902     12.953  35.621668     9.0199     3.3061     12.844    33.3801    25.8468 0.0000e+00
 191.844907     12.665  35.652688     9.0892     3.3506     12.559    33.3475    25.8104 0.0000e+00
 191.844913     12.369  35.684932     9.1641     3.3990     12.265    33.3110    25.7700 0.0000e+00
 191.844919     12.073  35.726052     9.2364     3.4798     11.972    33.2863    25.7391 0.0000e+00
 191.844925     11.780  35.780423     9.3084     3.6424     11.681    33.2755    25.7192 0.0000e+00
 191.844931     11.487  35.834251     9.3686     3.8432     11.391    33.2752    25.7093 0.0000e+00
 191.844936     11.193  35.866293     9.4163     4.1114     11.099    33.2641    25.6928 0.0000e+00
 191.844942     10.898  35.886178     9.4794     4.3314     10.807    33.2261    25.6529 0.0000e+00
 191.844948     10.598  35.923157     9.5753     4.4842     10.509    33.1754    25.5977 0.0000e+00
 191.844954     10.297  35.993990     9.6953     4.5690     10.211    33.1374    25.5484 0.0000e+00
 191.844959     10.002  36.114103     9.8425     4.6576      9.918    33.1247    25.5142 0.0000e+00
 191.844965      9.713  36.269997    10.0130     4.8421      9.632    33.1270    25.4876 0.0000e+00
 191.844971      9.428  36.404598    10.1613     5.0563      9.349    33.1277    25.4633 0.0000e+00
 191.844977      9.134  36.466040    10.2812     5.2776      9.058    33.0804    25.4061 0.0000e+00
 191.844983      8.832  36.484125    10.4254     5.4766      8.758    32.9677    25.2935 0.0000e+00
 191.844988      8.523  36.555161    10.6020     5.6134      8.452    32.8794    25.1943 0.0000e+00
 191.844994      8.205  36.689554    10.7843     5.8118      8.136    32.8496    25.1394 0.0000e+00
 191.845000      7.883  36.838216    10.9744     6.1180      7.817    32.8271    25.0885 0.0000e+00
 191.845006      7.567  36.973858    11.1770     6.5607      7.504    32.7805    25.0162 0.0000e+00
 191.845012      7.258  37.079971    11.3397     7.0025      7.197    32.7404    24.9559 0.0000e+00
 191.845017      6.953  37.135151    11.4415     7.3592      6.895    32.7045    24.9096 0.0000e+00
 191.845023      6.651  37.162043    11.5620     7.5414      6.595    32.6245    24.8256 0.0000e+00
 191.845029      6.345  37.249182    11.7474     7.5769      6.292    32.5467    24.7311 0.0000e+00
 191.845035      6.032  37.424265    11.9883     7.6519      5.982    32.5060    24.6550 0.0000e+00
 191.845041      5.723  37.647417    12.2566     7.8450      5.675    32.4878    24.5905 0.0000e+00
 191.845046      5.424  37.862206    12.4791     8.1214      5.379    32.5009    24.5584 0.0000e+00
 191.845052      5.128  37.999364    12.6058     8.3374      5.085    32.5224    24.5508 0.0000e+00
 191.845058      4.829  38.023357    12.6876     8.4528      4.789    32.4747    24.4981 0.0000e+00
 191.845064      4.531  38.005431    12.8079     8.5089      4.493    32.3545    24.3817 0.0000e+00
 191.845069      4.240  38.048861    12.9712     8.5074      4.205    32.2562    24.2738 0.0000e+00
 191.845075      3.958  38.182992    13.1462     8.3624      3.925    32.2338    24.2221 0.0000e+00
 191.845081      3.681  38.376053    13.3052     8.2854      3.650    32.2801    24.2265 0.0000e+00
 191.845087      3.404  38.538168    13.4090     8.2382      3.376    32.3438    24.2551 0.0000e+00
 191.845093      3.126  38.597011    13.4498     8.1461      3.100    32.3643    24.2628 0.0000e+00
 191.845098      2.851  38.581770    13.4883     7.9986      2.827    32.3176    24.2189 0.0000e+00
 191.845104      2.587  38.603801    13.6016     7.8118      2.565    32.2424    24.1381 0.0000e+00
 191.845110      2.335  38.701443    13.7525     7.6730      2.315    32.2062    24.0795 0.0000e+00
 191.845116      2.087  38.791993    13.8425     8.8777      2.070    32.2145    24.0677 0.0000e+00
 191.845122      1.845  38.823094    13.9141     8.6706      1.830    32.1833    24.0290 0.0000e+00
 191.845127      1.619  38.839053    14.0379 -9.990e-29      1.605    32.0947    23.9351 0.0000e+00
 191.845133      1.415  38.872366    14.1347 -9.990e-29      1.403    32.0448    23.8767 0.0000e+00
 191.845139      1.239  38.868290    14.1531 -9.990e-29      1.229    32.0258    23.8583 0.0000e+00
 191.845145      1.095  38.797332    14.1448 -9.990e-29      1.086    31.9677    23.8151 -9.990e-29
 191.845150      0.988  38.662389    14.1378 -9.990e-29      0.980    31.8497    23.7255 -9.990e-29
 191.845156      0.911  38.367574    14.1297 -9.990e-29      0.903    31.5861    23.5238 -9.990e-29
 191.845162      0.850  37.595988    14.1198 -9.990e-29      0.843    30.8880    22.9874 -9.990e-29
 191.845168      0.802  35.397844    14.1069 -9.990e-29      0.795    28.8984    21.4561 -9.990e-29
 191.845174      0.772  28.894943    14.0994 -9.990e-29      0.766    23.0961    16.9910 -9.990e-29
 191.845179      0.762  19.398152 -9.990e-29 -9.990e-29      0.756 -9.990e-29 -9.990e-29 -9.990e-29
