data/oxygen options/ONMS/Olympic_Coast_National_Marine_Sanctuary_CTD_Data_2005_2023/raw_data/2018/CAST_MB042_180928faed.cnv
* Sea-Bird SBE 19 Data File:
* FileName = C:\2018 Mooring Data\Casts\CAST_MB042_180928.hex
* Software Version SeatermAF 2.1.2
* Temperature SN = 2997
* Conductivity SN = 2997
* System UpLoad Time = Sep 28 2018 19:21:44 (localtime) = Sep 28 2018 19:21:44 (UTC)
** CAST_MB042_180928
* ds
# nquan = 9                                 
# nvalues = 935                         
# units = specified
# name 0 = timeJ: Julian Days
# name 1 = prSM: Pressure, Strain Gauge [db]
# name 2 = c0mS/cm: Conductivity [mS/cm]
# name 3 = t090C: Temperature [ITS-90, deg C]
# name 4 = sbeox0ML/L: Oxygen, SBE 43 [ml/l]
# name 5 = depSM: Depth [salt water, m], lat = 47.5
# name 6 = sal00: Salinity, Practical [PSU]
# name 7 = sigma-é00: Density [sigma-theta, kg/m^3]
# name 8 = flag: flag
# span 0 = 271.777523, 271.782928       
# span 1 =     -5.150,     43.242       
# span 2 =   0.227714,  38.833405       
# span 3 =     8.2796,    20.6818       
# span 4 =    -1.6687,    13.0463       
# span 5 =     -5.107,     42.877       
# span 6 =     0.1201,    33.6475       
# span 7 =    -1.8450,    26.1704       
# span 8 = 0.0000e+00, 0.0000e+00       
# interval = seconds: 0.5
# start_time = Sep 28 2018 18:39:38 [Instrument's time stamp, header]
# bad_flag = -9.990e-29
*END*
 271.777523     -5.150 -9.990e-29    20.4885    -1.6644     -5.107 -9.990e-29 -9.990e-29 -9.990e-29
 271.777529     -5.134   0.273445    20.4931    -1.6647     -5.091     0.1446    -1.7873 -9.990e-29
 271.777535     -5.113   0.272768    20.4964    -1.6645     -5.070     0.1442    -1.7883 -9.990e-29
 271.777541     -5.086   0.272030    20.5000    -1.6645     -5.044     0.1438    -1.7893 -9.990e-29
 271.777546     -5.056   0.271354    20.5040    -1.6650     -5.014     0.1434    -1.7905 -9.990e-29
 271.777552     -5.024   0.270946    20.5069    -1.6656     -4.982     0.1432    -1.7912 -9.990e-29
 271.777558     -4.990   0.270815    20.5074    -1.6656     -4.948     0.1431    -1.7914 -9.990e-29
 271.777564     -4.955   0.270788    20.5055    -1.6656     -4.914     0.1431    -1.7910 -9.990e-29
 271.777569     -4.920   0.270831    20.5011    -1.6655     -4.879     0.1432    -1.7900 -9.990e-29
 271.777575     -4.885   0.271003    20.4947    -1.6656     -4.844     0.1433    -1.7886 -9.990e-29
 271.777581     -4.846   0.271534    20.4898    -1.6661     -4.806     0.1436    -1.7873 -9.990e-29
 271.777587     -4.805   0.272579    20.4872    -1.6664     -4.765     0.1441    -1.7864 -9.990e-29
 271.777593     -4.770   0.273870    20.4822    -1.6666     -4.730     0.1448    -1.7848 -9.990e-29
 271.777598     -4.736   0.274914    20.4725    -1.6669     -4.697     0.1454    -1.7823 -9.990e-29
 271.777604     -4.698   0.275442    20.4627    -1.6668     -4.659     0.1457    -1.7800 -9.990e-29
 271.777610     -4.657   0.275605    20.4574    -1.6668     -4.618     0.1458    -1.7788 -9.990e-29
 271.777616     -4.616   0.275622    20.4559    -1.6667     -4.578     0.1458    -1.7784 -9.990e-29
 271.777622     -4.576   0.275518    20.4544    -1.6668     -4.538     0.1458    -1.7782 -9.990e-29
 271.777627     -4.543   0.275154    20.4492    -1.6670     -4.505     0.1456    -1.7772 -9.990e-29
 271.777633     -4.514   0.274601    20.4406    -1.6670     -4.476     0.1453    -1.7756 -9.990e-29
 271.777639     -4.485   0.274230    20.4321    -1.6666     -4.448     0.1452    -1.7739 -9.990e-29
 271.777645     -4.456   0.274101    20.4248    -1.6663     -4.419     0.1451    -1.7724 -9.990e-29
 271.777650     -4.432   0.274044    20.4196    -1.6660     -4.395     0.1451    -1.7713 -9.990e-29
 271.777656     -4.409   0.273983    20.4179    -1.6655     -4.372     0.1451    -1.7710 -9.990e-29
 271.777662     -4.387   0.273839    20.4183    -1.6652     -4.350     0.1450    -1.7711 -9.990e-29
 271.777668     -4.364   0.273420    20.4183    -1.6651     -4.328     0.1448    -1.7713 -9.990e-29
 271.777674     -4.339   0.272724    20.4172    -1.6648     -4.303     0.1444    -1.7713 -9.990e-29
 271.777679     -4.310   0.271929    20.4166    -1.6645     -4.274     0.1440    -1.7715 -9.990e-29
 271.777685     -4.276   0.271087    20.4199    -1.6641     -4.240     0.1435    -1.7726 -9.990e-29
 271.777691     -4.238   0.270182    20.4277    -1.6640     -4.203     0.1430    -1.7746 -9.990e-29
 271.777697     -4.202   0.269116    20.4374    -1.6636     -4.167     0.1424    -1.7771 -9.990e-29
 271.777703     -4.172   0.268132    20.4482    -1.6636     -4.137     0.1419    -1.7798 -9.990e-29
 271.777708     -4.143   0.267579    20.4598    -1.6635     -4.108     0.1416    -1.7825 -9.990e-29
 271.777714     -4.116   0.267276    20.4699    -1.6633     -4.082     0.1414    -1.7848 -9.990e-29
 271.777720     -4.088   0.266821    20.4781    -1.6630     -4.054     0.1411    -1.7867 -9.990e-29
 271.777726     -4.057   0.266161    20.4870    -1.6628     -4.023     0.1407    -1.7889 -9.990e-29
 271.777731     -4.022   0.265525    20.4973    -1.6627     -3.988     0.1404    -1.7913 -9.990e-29
 271.777737     -3.983   0.265173    20.5072    -1.6624     -3.950     0.1402    -1.7936 -9.990e-29
 271.777743     -3.949   0.265192    20.5157    -1.6622     -3.916     0.1401    -1.7954 -9.990e-29
 271.777749     -3.920   0.265053    20.5226    -1.6621     -3.887     0.1400    -1.7969 -9.990e-29
 271.777755     -3.895   0.264574    20.5274    -1.6623     -3.863     0.1398    -1.7982 -9.990e-29
 271.777760     -3.872   0.264225    20.5323    -1.6623     -3.840     0.1396    -1.7994 -9.990e-29
 271.777766     -3.850   0.264095    20.5388    -1.6622     -3.818     0.1395    -1.8008 -9.990e-29
 271.777772     -3.827   0.264013    20.5462    -1.6622     -3.795     0.1394    -1.8024 -9.990e-29
 271.777778     -3.802   0.263870    20.5533    -1.6623     -3.770     0.1393    -1.8040 -9.990e-29
 271.777784     -3.773   0.263476    20.5598    -1.6621     -3.742     0.1391    -1.8056 -9.990e-29
 271.777789     -3.743   0.262858    20.5661    -1.6621     -3.712     0.1388    -1.8072 -9.990e-29
 271.777795     -3.715   0.262303    20.5717    -1.6619     -3.684     0.1385    -1.8086 -9.990e-29
 271.777801     -3.685   0.261625    20.5746    -1.6618     -3.654     0.1381    -1.8095 -9.990e-29
 271.777807     -3.658   0.260476    20.5746    -1.6618     -3.628     0.1375    -1.8099 -9.990e-29
 271.777812     -3.635   0.258986    20.5746    -1.6617     -3.605     0.1367    -1.8105 -9.990e-29
 271.777818     -3.614   0.257386    20.5760    -1.6617     -3.584     0.1359    -1.8115 -9.990e-29
 271.777824     -3.595   0.255759    20.5775    -1.6617     -3.565     0.1350    -1.8124 -9.990e-29
 271.777830     -3.576   0.254150    20.5790    -1.6616     -3.546     0.1342    -1.8134 -9.990e-29
 271.777836     -3.556   0.252631    20.5814    -1.6615     -3.526     0.1334    -1.8145 -9.990e-29
 271.777841     -3.534   0.251393    20.5844    -1.6613     -3.505     0.1327    -1.8157 -9.990e-29
 271.777847     -3.512   0.250449    20.5878    -1.6611     -3.483     0.1322    -1.8168 -9.990e-29
 271.777853     -3.494   0.249648    20.5910    -1.6605     -3.465     0.1318    -1.8178 -9.990e-29
 271.777859     -3.475   0.249033    20.5931    -1.6599     -3.446     0.1314    -1.8185 -9.990e-29
 271.777865     -3.452   0.248337    20.5946    -1.6597     -3.423     0.1311    -1.8191 -9.990e-29
 271.777870     -3.429   0.247187    20.5964    -1.6596     -3.400     0.1305    -1.8199 -9.990e-29
 271.777876     -3.404   0.245712    20.5988    -1.6595     -3.376     0.1297    -1.8210 -9.990e-29
 271.777882     -3.380   0.244162    20.6021    -1.6594     -3.352     0.1289    -1.8224 -9.990e-29
 271.777888     -3.360   0.242688    20.6071    -1.6595     -3.332     0.1281    -1.8240 -9.990e-29
 271.777894     -3.343   0.241540    20.6141    -1.6598     -3.315     0.1275    -1.8260 -9.990e-29
 271.777899     -3.327   0.240849    20.6242    -1.6598     -3.299     0.1271    -1.8284 -9.990e-29
 271.777905     -3.311   0.240249    20.6376    -1.6599     -3.283     0.1267    -1.8316 -9.990e-29
 271.777911     -3.295   0.239496    20.6512    -1.6599     -3.268     0.1263    -1.8348 -9.990e-29
 271.777917     -3.277   0.238693    20.6611    -1.6599     -3.250     0.1259    -1.8372 -9.990e-29
 271.777922     -3.256   0.237880    20.6670    -1.6599     -3.229     0.1254    -1.8388 -9.990e-29
 271.777928     -3.231   0.237082    20.6706    -1.6598     -3.204     0.1250    -1.8399 -9.990e-29
 271.777934     -3.200   0.236343    20.6717    -1.6595     -3.173     0.1246    -1.8405 -9.990e-29
 271.777940     -3.166   0.235785    20.6698    -1.6594     -3.140     0.1243    -1.8403 -9.990e-29
 271.777946     -3.135   0.235222    20.6663    -1.6593     -3.109     0.1240    -1.8397 -9.990e-29
 271.777951     -3.110   0.234458    20.6636    -1.6591     -3.084     0.1236    -1.8395 -9.990e-29
 271.777957     -3.088   0.233581    20.6622    -1.6593     -3.062     0.1232    -1.8395 -9.990e-29
 271.777963     -3.068   0.232532    20.6616    -1.6597     -3.042     0.1227    -1.8398 -9.990e-29
 271.777969     -3.049   0.231574    20.6614    -1.6598     -3.024     0.1222    -1.8401 -9.990e-29
 271.777975     -3.030   0.231093    20.6626    -1.6597     -3.005     0.1219    -1.8406 -9.990e-29
 271.777980     -3.010   0.231001    20.6665    -1.6598     -2.985     0.1218    -1.8415 -9.990e-29
 271.777986     -2.986   0.231176    20.6723    -1.6597     -2.961     0.1219    -1.8426 -9.990e-29
 271.777992     -2.959   0.231300    20.6777    -1.6595     -2.934     0.1220    -1.8437 -9.990e-29
 271.777998     -2.930   0.230985    20.6810    -1.6597     -2.906     0.1218    -1.8446 -9.990e-29
 271.778003     -2.907   0.230366    20.6818    -1.6598     -2.883     0.1215    -1.8450 -9.990e-29
 271.778009     -2.887   0.229727    20.6790    -1.6599     -2.863     0.1211    -1.8447 -9.990e-29
 271.778015     -2.865   0.229325    20.6737    -1.6601     -2.841     0.1210    -1.8437 -9.990e-29
 271.778021     -2.844   0.229179    20.6698    -1.6603     -2.820     0.1209    -1.8429 -9.990e-29
 271.778027     -2.827   0.229093    20.6688    -1.6610     -2.803     0.1208    -1.8427 -9.990e-29
 271.778032     -2.813   0.228956    20.6694    -1.6617     -2.790     0.1208    -1.8429 -9.990e-29
 271.778038     -2.801   0.228586    20.6709    -1.6621     -2.778     0.1206    -1.8434 -9.990e-29
 271.778044     -2.790   0.228043    20.6713    -1.6624     -2.767     0.1203    -1.8437 -9.990e-29
 271.778050     -2.779   0.227714    20.6690    -1.6626     -2.756     0.1201    -1.8433 -9.990e-29
 271.778056     -2.769   0.227714    20.6653    -1.6630     -2.746     0.1201    -1.8425 -9.990e-29
 271.778061     -2.757   0.228042    20.6604    -1.6636     -2.734     0.1203    -1.8413 -9.990e-29
 271.778067     -2.744   0.228586    20.6530    -1.6644     -2.721     0.1206    -1.8395 -9.990e-29
 271.778073     -2.729   0.228964    20.6416    -1.6648     -2.706     0.1208    -1.8369 -9.990e-29
 271.778079     -2.710   0.229126    20.6255    -1.6649     -2.687     0.1210    -1.8334 -9.990e-29
 271.778084     -2.686   0.229289    20.6082    -1.6650     -2.664     0.1211    -1.8296 -9.990e-29
 271.778090     -2.657   0.229672    20.5939    -1.6651     -2.635     0.1213    -1.8264 -9.990e-29
 271.778096     -2.624   0.230235    20.5825    -1.6652     -2.602     0.1216    -1.8237 -9.990e-29
 271.778102     -2.593   0.230620    20.5712    -1.6651     -2.571     0.1219    -1.8211 -9.990e-29
 271.778108     -2.568   0.230789    20.5572    -1.6652     -2.547     0.1220    -1.8180 -9.990e-29
 271.778113     -2.546   0.230966    20.5399    -1.6650     -2.525     0.1221    -1.8143 -9.990e-29
 271.778119     -2.526   0.231390    20.5222    -1.6650     -2.505     0.1224    -1.8103 -9.990e-29
 271.778125     -2.507   0.232071    20.5088    -1.6648     -2.486     0.1228    -1.8072 -9.990e-29
 271.778131     -2.488   0.232812    20.5010    -1.6646     -2.467     0.1232    -1.8052 -9.990e-29
 271.778137     -2.467   0.233494    20.4966    -1.6645     -2.446     0.1236    -1.8040 -9.990e-29
 271.778142     -2.443   0.233921    20.4939    -1.6643     -2.423     0.1238    -1.8032 -9.990e-29
 271.778148     -2.418   0.234107    20.4923    -1.6643     -2.398     0.1239    -1.8028 -9.990e-29
 271.778154     -2.401   0.234303    20.4919    -1.6641     -2.381     0.1240    -1.8027 -9.990e-29
 271.778160     -2.389   0.234771    20.4927    -1.6639     -2.369     0.1242    -1.8026 -9.990e-29
 271.778166     -2.378   0.235583    20.4944    -1.6641     -2.358     0.1247    -1.8027 -9.990e-29
 271.778171     -2.367   0.236713    20.4971    -1.6644     -2.347     0.1252    -1.8028 -9.990e-29
 271.778177     -2.355   0.238562    20.5016    -1.6642     -2.335     0.1262    -1.8030 -9.990e-29
 271.778183     -2.341   0.240827    20.5072    -1.6643     -2.321     0.1274    -1.8033 -9.990e-29
 271.778189     -2.326   0.242653    20.5123    -1.6644     -2.307     0.1283    -1.8037 -9.990e-29
 271.778194     -2.311   0.244262    20.5163    -1.6645     -2.292     0.1291    -1.8039 -9.990e-29
 271.778200     -2.300   0.246139    20.5191    -1.6646     -2.281     0.1301    -1.8037 -9.990e-29
 271.778206     -2.293   0.249125    20.5210    -1.6646     -2.274     0.1317    -1.8029 -9.990e-29
 271.778212     -2.289   0.254432    20.5208    -1.6648     -2.270     0.1345    -1.8008 -9.990e-29
 271.778218     -2.283   0.261385    20.5174    -1.6652     -2.264     0.1381    -1.7973 -9.990e-29
 271.778223     -2.272   0.268179    20.5134    -1.6658     -2.253     0.1417    -1.7937 -9.990e-29
 271.778229     -2.258   0.275015    20.5111    -1.6662     -2.239     0.1453    -1.7904 -9.990e-29
 271.778235     -2.245   0.282699    20.5088    -1.6662     -2.226     0.1494    -1.7868 -9.990e-29
 271.778241     -2.232   0.290401    20.5054    -1.6659     -2.213     0.1535    -1.7830 -9.990e-29
 271.778247     -2.218   0.297687    20.5013    -1.6659     -2.200     0.1573    -1.7792 -9.990e-29
 271.778252     -2.203   0.304861    20.4966    -1.6656     -2.185     0.1612    -1.7752 -9.990e-29
 271.778258     -2.189   0.311887    20.4907    -1.6653     -2.171     0.1649    -1.7711 -9.990e-29
 271.778264     -2.181   0.318716    20.4821    -1.6652     -2.163     0.1686    -1.7665 -9.990e-29
 271.778270     -2.172   0.325404    20.4698    -1.6658     -2.154     0.1722    -1.7612 -9.990e-29
 271.778275     -2.159   0.332005    20.4554    -1.6658     -2.141     0.1757    -1.7554 -9.990e-29
 271.778281     -2.145   0.339567    20.4436    -1.6662     -2.127     0.1798    -1.7498 -9.990e-29
 271.778287     -2.133   0.350417    20.4387    -1.6666     -2.115     0.1856    -1.7443 -9.990e-29
 271.778293     -2.119   0.364067    20.4392    -1.6667     -2.101     0.1929    -1.7388 -9.990e-29
 271.778299     -2.096   0.378224    20.4414    -1.6669     -2.079     0.2005    -1.7335 -9.990e-29
 271.778304     -2.069   0.394040    20.4439    -1.6676     -2.052     0.2090    -1.7275 -9.990e-29
 271.778310     -2.043   0.412664    20.4444    -1.6680     -2.026     0.2191    -1.7199 -9.990e-29
 271.778316     -2.022   0.434001    20.4402    -1.6680     -2.005     0.2306    -1.7102 -9.990e-29
 271.778322     -2.004   0.458808    20.4327    -1.6680     -1.987     0.2441    -1.6983 -9.990e-29
 271.778328     -1.987   0.480836    20.4246    -1.6677     -1.970     0.2561    -1.6875 -9.990e-29
 271.778333     -1.972   0.491788    20.4148    -1.6674     -1.956     0.2621    -1.6808 -9.990e-29
 271.778339     -1.956   0.495190    20.4044    -1.6673     -1.940     0.2641    -1.6771 -9.990e-29
 271.778345     -1.939   0.497794    20.3955    -1.6674     -1.923     0.2655    -1.6741 -9.990e-29
 271.778351     -1.920   0.500300    20.3857    -1.6676     -1.904     0.2670    -1.6710 -9.990e-29
 271.778356     -1.898   0.501064    20.3736    -1.6676     -1.882     0.2674    -1.6680 -9.990e-29
 271.778362     -1.874   0.499994    20.3639    -1.6680     -1.858     0.2669    -1.6664 -9.990e-29
 271.778368     -1.858   0.498433    20.3600    -1.6683     -1.843     0.2661    -1.6662 -9.990e-29
 271.778374     -1.847   0.497069    20.3616    -1.6683     -1.832     0.2653    -1.6671 -9.990e-29
 271.778380     -1.832   0.496299    20.3668    -1.6682     -1.817     0.2649    -1.6686 -9.990e-29
 271.778385     -1.812   0.496202    20.3725    -1.6683     -1.797     0.2648    -1.6698 -9.990e-29
 271.778391     -1.795   0.496095    20.3754    -1.6682     -1.780     0.2647    -1.6705 -9.990e-29
 271.778397     -1.783   0.495279    20.3745    -1.6680     -1.768     0.2643    -1.6706 -9.990e-29
 271.778403     -1.773   0.493776    20.3713    -1.6680     -1.758     0.2635    -1.6706 -9.990e-29
 271.778409     -1.758   0.492350    20.3664    -1.6680     -1.743     0.2627    -1.6701 -9.990e-29
 271.778414     -1.742   0.491313    20.3596    -1.6679     -1.727     0.2622    -1.6691 -9.990e-29
 271.778420     -1.728   0.490390    20.3540    -1.6679     -1.714     0.2617    -1.6683 -9.990e-29
 271.778426     -1.716   0.489459    20.3520    -1.6680     -1.702     0.2612    -1.6682 -9.990e-29
 271.778432     -1.704   0.488385    20.3518    -1.6679     -1.690     0.2606    -1.6686 -9.990e-29
 271.778438     -1.693   0.487396    20.3524    -1.6674     -1.679     0.2601    -1.6692 -9.990e-29
 271.778443     -1.680   0.486833    20.3548    -1.6672     -1.666     0.2598    -1.6699 -9.990e-29
