data/oxygen options/ONMS/Olympic_Coast_National_Marine_Sanctuary_CTD_Data_2005_2023/raw_data/2018/CAST_MB042_180710faed.cnv
* Sea-Bird SBE19 Data File:
* FileName = C:\2018 Mooring Data\Casts\CAST_MB042_180710.hex
* Software Version 1.59
* Temperature SN = 2997
* Conductivity SN = 2997
* System UpLoad Time = Jul 10 2018 17:43:17
** CAST_MB042_180710
* ds
# nquan = 9                                 
# nvalues = 1117                        
# units = specified
# name 0 = timeJ: Julian Days
# name 1 = prSM: Pressure, Strain Gauge [db]
# name 2 = c0mS/cm: Conductivity [mS/cm]
# name 3 = t090C: Temperature [ITS-90, deg C]
# name 4 = sbeox0ML/L: Oxygen, SBE 43 [ml/l]
# name 5 = depSM: Depth [salt water, m], lat = 47.5
# name 6 = sal00: Salinity, Practical [PSU]
# name 7 = sigma-é00: Density [sigma-theta, kg/m^3]
# name 8 = flag: flag
# span 0 = 191.680035, 191.686493       
# span 1 =     -4.970,     43.233       
# span 2 =   0.077443,  37.562260       
# span 3 =     7.8306,    16.5516       
# span 4 =    -1.8262,    14.2837       
# span 5 =     -4.929,     42.868       
# span 6 =     0.0471,    33.8280       
# span 7 =    -1.0885,    26.3788       
# span 8 = 0.0000e+00, 0.0000e+00       
# interval = seconds: 0.5
# start_time = Jul 10 2018 16:19:15 [Instrument's time stamp, header]
# bad_flag = -9.990e-29
*END*
[from data line 161]
 191.680966     -1.752   0.221372    16.1011    -1.8095     -1.737     0.1286    -0.9726 -9.990e-29
 191.680972     -1.740   0.221587    16.1073    -1.8093     -1.725     0.1287    -0.9736 -9.990e-29
 191.680978     -1.729   0.221222    16.1138    -1.8095     -1.715     0.1285    -0.9748 -9.990e-29
 191.680984     -1.720   0.220345    16.1195    -1.8102     -1.706     0.1280    -0.9762 -9.990e-29
 191.680990     -1.711   0.219448    16.1240    -1.8111     -1.697     0.1274    -0.9773 -9.990e-29
 191.680995     -1.704   0.218995    16.1292    -1.8117     -1.690     0.1272    -0.9784 -9.990e-29
 191.681001     -1.696   0.218937    16.1361    -1.8118     -1.682     0.1271    -0.9796 -9.990e-29
 191.681007     -1.687   0.219195    16.1426    -1.8117     -1.673     0.1272    -0.9805 -9.990e-29
 191.681013     -1.677   0.219560    16.1473    -1.8116     -1.663     0.1274    -0.9811 -9.990e-29
 191.681019     -1.666   0.219410    16.1511    -1.8116     -1.652     0.1273    -0.9818 -9.990e-29
 191.681024     -1.652   0.218544    16.1520    -1.8120     -1.638     0.1268    -0.9824 -9.990e-29
 191.681030     -1.635   0.217471    16.1463    -1.8124     -1.621     0.1262    -0.9819 -9.990e-29
 191.681036     -1.613   0.216420    16.1335    -1.8123     -1.600     0.1257    -0.9802 -9.990e-29
 191.681042     -1.590   0.215098    16.1175    -1.8120     -1.577     0.1249    -0.9782 -9.990e-29
 191.681047     -1.568   0.213404    16.1049    -1.8118     -1.555     0.1240    -0.9768 -9.990e-29
 191.681053     -1.546   0.211851    16.0992    -1.8115     -1.533     0.1231    -0.9766 -9.990e-29
 191.681059     -1.526   0.211135    16.0981    -1.8112     -1.513     0.1227    -0.9767 -9.990e-29
 191.681065     -1.513   0.210857    16.0980    -1.8108     -1.500     0.1225    -0.9768 -9.990e-29
 191.681071     -1.504   0.210090    16.0956    -1.8108     -1.491     0.1221    -0.9768 -9.990e-29
 191.681076     -1.499   0.208920    16.0901    -1.8110     -1.486     0.1214    -0.9764 -9.990e-29
 191.681082     -1.499   0.208002    16.0851    -1.8112     -1.486     0.1209    -0.9760 -9.990e-29
 191.681088     -1.503   0.207775    16.0846    -1.8114     -1.490     0.1208    -0.9760 -9.990e-29
 191.681094     -1.507   0.207937    16.0889    -1.8110     -1.494     0.1209    -0.9766 -9.990e-29
 191.681100     -1.502   0.207593    16.0956    -1.8107     -1.489     0.1206    -0.9779 -9.990e-29
 191.681105     -1.489   0.206286    16.1034    -1.8105     -1.477     0.1199    -0.9798 -9.990e-29
 191.681111     -1.475   0.204487    16.1112    -1.8103     -1.463     0.1188    -0.9819 -9.990e-29
 191.681117     -1.464   0.203121    16.1169    -1.8103     -1.452     0.1180    -0.9834 -9.990e-29
 191.681123     -1.454   0.202583    16.1187    -1.8103     -1.442     0.1177    -0.9840 -9.990e-29
 191.681128     -1.446   0.202156    16.1170    -1.8101     -1.434     0.1174    -0.9839 -9.990e-29
 191.681134     -1.438   0.200716    16.1147    -1.8100     -1.426     0.1166    -0.9841 -9.990e-29
 191.681140     -1.431   0.198559    16.1150    -1.8104     -1.419     0.1154    -0.9852 -9.990e-29
 191.681146     -1.423   0.197240    16.1193    -1.8108     -1.411     0.1146    -0.9865 -9.990e-29
 191.681152     -1.414   0.197217    16.1253    -1.8107     -1.402     0.1146    -0.9875 -9.990e-29
 191.681157     -1.404   0.197350    16.1310    -1.8109     -1.392     0.1146    -0.9884 -9.990e-29
 191.681163     -1.393   0.196708    16.1356    -1.8109     -1.381     0.1142    -0.9894 -9.990e-29
 191.681169     -1.378   0.195543    16.1384    -1.8106     -1.367     0.1136    -0.9904 -9.990e-29
 191.681175     -1.360   0.194518    16.1403    -1.8104     -1.349     0.1130    -0.9912 -9.990e-29
 191.681181     -1.342   0.193927    16.1420    -1.8104     -1.331     0.1126    -0.9917 -9.990e-29
 191.681186     -1.326   0.193535    16.1413    -1.8103     -1.315     0.1124    -0.9918 -9.990e-29
 191.681192     -1.312   0.192821    16.1367    -1.8099     -1.301     0.1120    -0.9913 -9.990e-29
 191.681198     -1.298   0.191386    16.1314    -1.8097     -1.287     0.1112    -0.9911 -9.990e-29
 191.681204     -1.280   0.189532    16.1285    -1.8101     -1.269     0.1101    -0.9914 -9.990e-29
 191.681209     -1.257   0.188109    16.1274    -1.8100     -1.247     0.1093    -0.9919 -9.990e-29
 191.681215     -1.235   0.187438    16.1286    -1.8099     -1.225     0.1089    -0.9924 -9.990e-29
 191.681221     -1.217   0.187176    16.1322    -1.8095     -1.207     0.1088    -0.9931 -9.990e-29
 191.681227     -1.203   0.186973    16.1364    -1.8095     -1.193     0.1086    -0.9939 -9.990e-29
 191.681233     -1.191   0.186560    16.1402    -1.8095     -1.181     0.1084    -0.9947 -9.990e-29
 191.681238     -1.180   0.185939    16.1447    -1.8094     -1.170     0.1080    -0.9957 -9.990e-29
 191.681244     -1.170   0.185390    16.1497    -1.8095     -1.160     0.1077    -0.9968 -9.990e-29
 191.681250     -1.161   0.184734    16.1524    -1.8103     -1.151     0.1073    -0.9975 -9.990e-29
 191.681256     -1.151   0.183651    16.1523    -1.8105     -1.141     0.1067    -0.9980 -9.990e-29
 191.681262     -1.145   0.182356    16.1530    -1.8103     -1.135     0.1059    -0.9987 -9.990e-29
 191.681267     -1.146   0.181339    16.1561    -1.8100     -1.136     0.1054    -0.9997 -9.990e-29
 191.681273     -1.149   0.180908    16.1600    -1.8098     -1.139     0.1051    -1.0005 -9.990e-29
 191.681279     -1.152   0.181039    16.1627    -1.8093     -1.142     0.1052    -1.0009 -9.990e-29
 191.681285     -1.154   0.181355    16.1638    -1.8089     -1.144     0.1053    -1.0009 -9.990e-29
 191.681291     -1.155   0.181167    16.1628    -1.8087     -1.145     0.1052    -1.0008 -9.990e-29
 191.681296     -1.156   0.180224    16.1576    -1.8086     -1.146     0.1047    -1.0004 -9.990e-29
 191.681302     -1.156   0.178930    16.1497    -1.8086     -1.146     0.1040    -0.9997 -9.990e-29
 191.681308     -1.155   0.177776    16.1451    -1.8091     -1.145     0.1033    -0.9994 -9.990e-29
 191.681314     -1.154   0.176887    16.1464    -1.8095     -1.144     0.1028    -1.0000 -9.990e-29
 191.681319     -1.152   0.176184    16.1520    -1.8096     -1.142     0.1024    -1.0013 -9.990e-29
 191.681325     -1.148   0.175836    16.1602    -1.8094     -1.138     0.1022    -1.0028 -9.990e-29
 191.681331     -1.144   0.175934    16.1697    -1.8090     -1.134     0.1022    -1.0043 -9.990e-29
 191.681337     -1.138   0.176052    16.1781    -1.8087     -1.129     0.1023    -1.0057 -9.990e-29
 191.681343     -1.131   0.175796    16.1836    -1.8085     -1.122     0.1021    -1.0067 -9.990e-29
 191.681348     -1.121   0.175376    16.1857    -1.8084     -1.112     0.1019    -1.0072 -9.990e-29
 191.681354     -1.109   0.174787    16.1838    -1.8081     -1.100     0.1015    -1.0072 -9.990e-29
 191.681360     -1.092   0.173798    16.1781    -1.8078     -1.083     0.1010    -1.0067 -9.990e-29
 191.681366     -1.076   0.172750    16.1721    -1.8075     -1.067     0.1004    -1.0061 -9.990e-29
 191.681372     -1.062   0.171908    16.1704    -1.8071     -1.053     0.0999    -1.0062 -9.990e-29
 191.681377     -1.047   0.171258    16.1739    -1.8068     -1.038     0.0995    -1.0071 -9.990e-29
 191.681383     -1.028   0.171039    16.1803    -1.8065     -1.019     0.0994    -1.0082 -9.990e-29
 191.681389     -1.013   0.170959    16.1871    -1.8062     -1.005     0.0993    -1.0094 -9.990e-29
 191.681395     -1.001   0.170357    16.1936    -1.8060     -0.993     0.0990    -1.0108 -9.990e-29
 191.681400     -0.987   0.169539    16.2001    -1.8057     -0.979     0.0985    -1.0122 -9.990e-29
 191.681406     -0.974   0.169077    16.2073    -1.8053     -0.966     0.0982    -1.0136 -9.990e-29
 191.681412     -0.967   0.168906    16.2153    -1.8052     -0.959     0.0981    -1.0150 -9.990e-29
 191.681418     -0.959   0.168800    16.2242    -1.8052     -0.951     0.0980    -1.0165 -9.990e-29
 191.681424     -0.948   0.168617    16.2338    -1.8049     -0.940     0.0979    -1.0182 -9.990e-29
 191.681429     -0.935   0.168113    16.2429    -1.8047     -0.927     0.0976    -1.0200 -9.990e-29
 191.681435     -0.924   0.167168    16.2511    -1.8047     -0.916     0.0970    -1.0218 -9.990e-29
 191.681441     -0.916   0.166185    16.2588    -1.8047     -0.908     0.0965    -1.0235 -9.990e-29
 191.681447     -0.908   0.165515    16.2663    -1.8046     -0.900     0.0961    -1.0250 -9.990e-29
 191.681453     -0.902   0.165002    16.2739    -1.8044     -0.894     0.0958    -1.0265 -9.990e-29
 191.681458     -0.896   0.164515    16.2808    -1.8041     -0.889     0.0955    -1.0279 -9.990e-29
 191.681464     -0.889   0.164145    16.2857    -1.8039     -0.882     0.0952    -1.0289 -9.990e-29
 191.681470     -0.883   0.163955    16.2897    -1.8036     -0.876     0.0951    -1.0296 -9.990e-29
 191.681476     -0.875   0.163878    16.2943    -1.8033     -0.868     0.0951    -1.0304 -9.990e-29
 191.681481     -0.866   0.163812    16.2988    -1.8032     -0.859     0.0950    -1.0312 -9.990e-29
 191.681487     -0.855   0.163667    16.3017    -1.8031     -0.848     0.0949    -1.0318 -9.990e-29
 191.681493     -0.846   0.163254    16.3038    -1.8033     -0.839     0.0947    -1.0323 -9.990e-29
 191.681499     -0.843   0.162575    16.3071    -1.8039     -0.836     0.0943    -1.0332 -9.990e-29
 191.681505     -0.840   0.161834    16.3123    -1.8040     -0.833     0.0939    -1.0343 -9.990e-29
 191.681510     -0.838   0.161154    16.3186    -1.8036     -0.831     0.0935    -1.0357 -9.990e-29
 191.681516     -0.841   0.160738    16.3249    -1.8037     -0.834     0.0932    -1.0369 -9.990e-29
 191.681522     -0.845   0.160586    16.3311    -1.8039     -0.838     0.0931    -1.0381 -9.990e-29
 191.681528     -0.845   0.160497    16.3367    -1.8041     -0.838     0.0931    -1.0390 -9.990e-29
 191.681534     -0.842   0.160353    16.3403    -1.8042     -0.835     0.0930    -1.0397 -9.990e-29
 191.681539     -0.836   0.159964    16.3409    -1.8042     -0.829     0.0928    -1.0400 -9.990e-29
 191.681545     -0.826   0.159366    16.3372    -1.8043     -0.819     0.0924    -1.0396 -9.990e-29
 191.681551     -0.815   0.158872    16.3310    -1.8045     -0.808     0.0922    -1.0388 -9.990e-29
 191.681557     -0.808   0.158377    16.3280    -1.8043     -0.801     0.0919    -1.0385 -9.990e-29
 191.681563     -0.800   0.157777    16.3287    -1.8042     -0.793     0.0915    -1.0389 -9.990e-29
 191.681568     -0.786   0.157379    16.3283    -1.8040     -0.779     0.0913    -1.0390 -9.990e-29
 191.681574     -0.765   0.157209    16.3257    -1.8036     -0.759     0.0912    -1.0386 -9.990e-29
 191.681580     -0.744   0.157042    16.3222    -1.8033     -0.738     0.0911    -1.0381 -9.990e-29
 191.681586     -0.734   0.156657    16.3190    -1.8032     -0.728     0.0909    -1.0377 -9.990e-29
 191.681591     -0.736   0.156096    16.3167    -1.8032     -0.730     0.0906    -1.0376 -9.990e-29
 191.681597     -0.740   0.155720    16.3151    -1.8034     -0.734     0.0904    -1.0375 -9.990e-29
 191.681603     -0.743   0.155581    16.3141    -1.8033     -0.737     0.0903    -1.0374 -9.990e-29
 191.681609     -0.749   0.155498    16.3152    -1.8029     -0.743     0.0903    -1.0376 -9.990e-29
 191.681615     -0.759   0.155360    16.3187    -1.8027     -0.753     0.0902    -1.0383 -9.990e-29
 191.681620     -0.764   0.154985    16.3249    -1.8024     -0.758     0.0900    -1.0395 -9.990e-29
 191.681626     -0.761   0.154427    16.3328    -1.8021     -0.755     0.0896    -1.0410 -9.990e-29
 191.681632     -0.749   0.154052    16.3397    -1.8020     -0.743     0.0894    -1.0424 -9.990e-29
 191.681638     -0.732   0.153914    16.3435    -1.8020     -0.726     0.0893    -1.0431 -9.990e-29
 191.681644     -0.717   0.153831    16.3443    -1.8020     -0.711     0.0893    -1.0432 -9.990e-29
 191.681649     -0.709   0.153693    16.3446    -1.8021     -0.703     0.0892    -1.0433 -9.990e-29
 191.681655     -0.705   0.153316    16.3474    -1.8019     -0.699     0.0890    -1.0440 -9.990e-29
 191.681661     -0.707   0.152755    16.3530    -1.8016     -0.701     0.0886    -1.0452 -9.990e-29
 191.681667     -0.709   0.152369    16.3599    -1.8013     -0.703     0.0884    -1.0465 -9.990e-29
 191.681672     -0.708   0.152200    16.3671    -1.8008     -0.702     0.0883    -1.0478 -9.990e-29
 191.681678     -0.707   0.152026    16.3730    -1.8004     -0.701     0.0882    -1.0488 -9.990e-29
 191.681684     -0.712   0.151615    16.3764    -1.8003     -0.706     0.0880    -1.0496 -9.990e-29
 191.681690     -0.718   0.150972    16.3780    -1.8002     -0.712     0.0876    -1.0501 -9.990e-29
 191.681696     -0.716   0.150350    16.3790    -1.8003     -0.710     0.0872    -1.0506 -9.990e-29
 191.681701     -0.708   0.150027    16.3805    -1.8004     -0.702     0.0871    -1.0510 -9.990e-29
 191.681707     -0.700   0.150128    16.3845    -1.8007     -0.694     0.0871    -1.0516 -9.990e-29
 191.681713     -0.693   0.150236    16.3919    -1.8008     -0.687     0.0872    -1.0528 -9.990e-29
 191.681719     -0.681   0.149941    16.4014    -1.8006     -0.675     0.0870    -1.0545 -9.990e-29
 191.681725     -0.669   0.149407    16.4115    -1.8003     -0.663     0.0866    -1.0565 -9.990e-29
 191.681730     -0.659   0.149032    16.4199    -1.8002     -0.654     0.0864    -1.0581 -9.990e-29
 191.681736     -0.652   0.148869    16.4251    -1.8002     -0.647     0.0863    -1.0590 -9.990e-29
 191.681742     -0.646   0.148703    16.4273    -1.8000     -0.641     0.0862    -1.0595 -9.990e-29
 191.681748     -0.641   0.148316    16.4264    -1.7999     -0.636     0.0860    -1.0595 -9.990e-29
 191.681753     -0.637   0.147745    16.4232    -1.7996     -0.632     0.0857    -1.0592 -9.990e-29
 191.681759     -0.634   0.147336    16.4199    -1.7994     -0.629     0.0855    -1.0588 -9.990e-29
 191.681765     -0.631   0.147100    16.4189    -1.7993     -0.626     0.0853    -1.0587 -9.990e-29
 191.681771     -0.628   0.146725    16.4214    -1.7990     -0.623     0.0851    -1.0593 -9.990e-29
 191.681777     -0.626   0.146264    16.4256    -1.7989     -0.621     0.0849    -1.0602 -9.990e-29
 191.681782     -0.623   0.146213    16.4293    -1.7990     -0.618     0.0848    -1.0609 -9.990e-29
 191.681788     -0.620   0.146504    16.4329    -1.7991     -0.615     0.0850    -1.0614 -9.990e-29
 191.681794     -0.617   0.146421    16.4370    -1.7991     -0.612     0.0849    -1.0621 -9.990e-29
 191.681800     -0.613   0.145852    16.4416    -1.7988     -0.608     0.0846    -1.0631 -9.990e-29
 191.681806     -0.608   0.145149    16.4468    -1.7986     -0.603     0.0842    -1.0643 -9.990e-29
 191.681811     -0.602   0.144483    16.4522    -1.7983     -0.597     0.0838    -1.0655 -9.990e-29
 191.681817     -0.595   0.144076    16.4573    -1.7983     -0.590     0.0836    -1.0665 -9.990e-29
 191.681823     -0.585   0.143939    16.4619    -1.7988     -0.580     0.0835    -1.0674 -9.990e-29
 191.681829     -0.577   0.143893    16.4641    -1.7997     -0.572     0.0834    -1.0678 -9.990e-29
 191.681834     -0.574   0.143875    16.4637    -1.8004     -0.569     0.0834    -1.0677 -9.990e-29
 191.681840     -0.572   0.143865    16.4632    -1.8006     -0.567     0.0834    -1.0676 -9.990e-29
 191.681846     -0.567   0.143848    16.4650    -1.8005     -0.562     0.0834    -1.0679 -9.990e-29
 191.681852     -0.558   0.143805    16.4698    -1.8009     -0.553     0.0834    -1.0688 -9.990e-29
 191.681858     -0.544   0.143679    16.4756    -1.8019     -0.539     0.0833    -1.0698 -9.990e-29
 191.681863     -0.530   0.143304    16.4786    -1.8021     -0.526     0.0831    -1.0705 -9.990e-29
 191.681869     -0.522   0.142735    16.4751    -1.8023     -0.518     0.0828    -1.0701 -9.990e-29
 191.681875     -0.520   0.142324    16.4638    -1.8022     -0.516     0.0826    -1.0684 -9.990e-29
 191.681881     -0.516   0.142076    16.4480    -1.8022     -0.512     0.0825    -1.0658 -9.990e-29
