data/oxygen options/ONMS/Olympic_Coast_National_Marine_Sanctuary_CTD_Data_2005_2023/raw_data/2018/CAST_KL027_180924_2faedb.cnv
* Sea-Bird SBE 19 Data File:
* FileName = C:\2018 Mooring Data\Casts\CAST_KL027_180924_2.hex
* Software Version SeatermAF 2.1.2
* Temperature SN = 2997
* Conductivity SN = 2997
* System UpLoad Time = Sep 24 2018 21:53:39 (localtime) = Sep 24 2018 21:53:39 (UTC)
** CAST_KL027_180924_2
* ds
# nquan = 9
# nvalues = 28                          
# units = specified
# name 0 = timeJ: Julian Days
# name 1 = prSM: Pressure, Strain Gauge [db]
# name 2 = c0mS/cm: Conductivity [mS/cm]
# name 3 = t090C: Temperature [ITS-90, deg C]
# name 4 = sbeox0ML/L: Oxygen, SBE 43 [ml/l]
# name 5 = depSM: Depth [salt water, m], lat = 47.5
# name 6 = sal00: Salinity, Practical [PSU]
# name 7 = sigma-é00: Density [sigma-theta, kg/m^3]
# name 8 = flag: flag
# span 0 = 267.907896, 267.908739       
# span 1 =      2.000,     29.000       
# span 2 =  36.245070,  38.712170       
# span 3 =    10.8969,    15.3347       
# span 4 =     2.4004,     7.0951       
# span 5 =      1.983,     28.756       
# span 6 =    28.9193,    33.1625       
# span 7 =    21.2194,    25.3637       
# span 8 = 0.0000e+00, 0.0000e+00       
# interval = decibars: 1                
# start_time = Sep 24 2018 21:41:45 [Instrument's time stamp, header]
# bad_flag = -9.990e-29
*END*
 267.907896      2.000  36.441598    15.3347     7.0951      1.983    28.9193    21.2194 0.0000e+00
 267.907927      3.000  36.245070    15.0868     7.0259      2.975    28.9281    21.2783 0.0000e+00
 267.907955      4.000  36.352476    14.9498     6.9572      3.967    29.1247    21.4582 0.0000e+00
 267.907984      5.000  36.518322    14.9032     6.8296      4.958    29.3068    21.6080 0.0000e+00
 267.908013      6.000  36.855828    14.9290     6.6187      5.950    29.5878    21.8188 0.0000e+00
 267.908044      7.000  37.520212    14.9210     6.1725      6.941    30.1872    22.2818 0.0000e+00
 267.908076      8.000  37.957622    14.6831     6.3498      7.933    30.7654    22.7768 0.0000e+00
 267.908105      9.000  38.241167    14.6816     6.3768      8.925    31.0220    22.9747 0.0000e+00
 267.908134     10.000  38.300274    14.6813     6.3997      9.916    31.0752    23.0158 0.0000e+00
 267.908163     11.000  38.336604    14.6639     6.5787     10.908    31.1216    23.0553 0.0000e+00
 267.908187     12.000  38.472193    14.6366     6.5304     11.900    31.2657    23.1720 0.0000e+00
 267.908215     13.000  38.598040    14.5708     6.2155     12.891    31.4325    23.3143 0.0000e+00
 267.908241     14.000  38.680560    14.4409     6.1724     13.883    31.6125    23.4802 0.0000e+00
 267.908265     15.000  38.712170    14.4059     5.8576     14.874    31.6695    23.5315 0.0000e+00
 267.908292     16.000  38.661188    14.2268     5.5968     15.866    31.7695    23.6458 0.0000e+00
 267.908318     17.000  38.584961    14.0218     5.4776     16.857    31.8683    23.7642 0.0000e+00
 267.908347     18.000  38.601021    13.9640     5.2974     17.849    31.9307    23.8242 0.0000e+00
 267.908375     19.000  38.601531    13.8352     5.2519     18.841    32.0380    23.9333 0.0000e+00
 267.908401     20.000  38.570160    13.6164     5.1235     19.832    32.1920    24.0966 0.0000e+00
 267.908429     21.000  38.538830    13.4300     4.9377     20.824    32.3197    24.2327 0.0000e+00
 267.908457     22.000  38.540557    13.3404     4.9231     21.815    32.3970    24.3104 0.0000e+00
 267.908485     23.000  38.562884    13.3525     4.8731     22.807    32.4072    24.3159 0.0000e+00
 267.908512     24.000  38.582744    13.3561     4.0583     23.798    32.4224    24.3269 0.0000e+00
 267.908541     25.000  38.450382    12.9116     2.4004     24.790    32.6796    24.6133 0.0000e+00
 267.908564     26.000  37.512760    11.4734     2.6973     25.781    33.0380    25.1630 0.0000e+00
 267.908594     27.000  37.343531    11.2910     2.6159     26.773    33.0347    25.1939 0.0000e+00
 267.908620     28.000  37.140146    11.0020     2.6458     27.764    33.0931    25.2910 0.0000e+00
 267.908739     29.000  37.114909    10.8969     2.6659     28.756    33.1625    25.3637 0.0000e+00
