data/oxygen options/ONMS/Olympic_Coast_National_Marine_Sanctuary_CTD_Data_2005_2023/raw_data/2018/CAST_KL027_180924faedb.cnv
* Sea-Bird SBE 19 Data File:
* FileName = C:\2018 Mooring Data\Casts\CAST_KL027_180924.hex
* Software Version SeatermAF 2.1.2
* Temperature SN = 2997
* Conductivity SN = 2997
* System UpLoad Time = Sep 24 2018 20:23:39 (localtime) = Sep 24 2018 20:23:39 (UTC)
** CAST_KL027_180924
* ds
# nquan = 9
# nvalues = 28                          
# units = specified
# name 0 = timeJ: Julian Days
# name 1 = prSM: Pressure, Strain Gauge [db]
# name 2 = c0mS/cm: Conductivity [mS/cm]
# name 3 = t090C: Temperature [ITS-90, deg C]
# name 4 = sbeox0ML/L: Oxygen, SBE 43 [ml/l]
# name 5 = depSM: Depth [salt water, m], lat = 47.5
# name 6 = sal00: Salinity, Practical [PSU]
# name 7 = sigma-é00: Density [sigma-theta, kg/m^3]
# name 8 = flag: flag
# span 0 = 267.824376, 267.825199       
# span 1 =      2.000,     29.000       
# span 2 =  36.262932,  38.765451       
# span 3 =    11.8474,    15.1318       
# span 4 =     3.2369,     6.4718       
# span 5 =      1.983,     28.756       
# span 6 =    29.0364,    32.9082       
# span 7 =    21.3521,    24.9671       
# span 8 = 0.0000e+00, 0.0000e+00       
# interval = decibars: 1                
# start_time = Sep 24 2018 19:41:04 [Instrument's time stamp, header]
# bad_flag = -9.990e-29
*END*
 267.824376      2.000  36.404493    15.1318     5.7513      1.983    29.0364    21.3521 0.0000e+00
 267.824404      3.000  36.262932    14.9111     5.6407      2.975    29.0741    21.4273 0.0000e+00
 267.824429      4.000  36.288560    14.8494     5.5533      3.966    29.1426    21.4928 0.0000e+00
 267.824455      5.000  36.415362    14.8564     5.5244      4.958    29.2500    21.5741 0.0000e+00
 267.824481      6.000  36.523838    14.8834     5.4945      5.950    29.3262    21.6271 0.0000e+00
 267.824508      7.000  36.768210    14.9059     6.0841      6.942    29.5268    21.7768 0.0000e+00
 267.824536      8.000  37.364146    14.7855     6.2207      7.933    30.1521    22.2832 0.0000e+00
 267.824564      9.000  37.846318    14.6188     6.1257      8.925    30.7153    22.7517 0.0000e+00
 267.824590     10.000  38.279210    14.6615     6.3029      9.916    31.0720    23.0175 0.0000e+00
 267.824621     11.000  38.322234    14.6663     6.2855     10.908    31.1067    23.0433 0.0000e+00
 267.824645     12.000  38.348445    14.6730     6.2715     11.900    31.1246    23.0557 0.0000e+00
 267.824671     13.000  38.361438    14.6674     6.3709     12.891    31.1405    23.0691 0.0000e+00
 267.824697     14.000  38.419219    14.6564     6.4718     13.883    31.2011    23.1182 0.0000e+00
 267.824722     15.000  38.556401    14.5981     6.4364     14.874    31.3719    23.2619 0.0000e+00
 267.824747     16.000  38.637578    14.5198     6.2791     15.866    31.5084    23.3836 0.0000e+00
 267.824773     17.000  38.701541    14.4428     6.2434     16.857    31.6289    23.4926 0.0000e+00
 267.824801     18.000  38.765451    14.4250     6.0112     17.849    31.7013    23.5521 0.0000e+00
 267.824828     19.000  38.724432    14.3093     5.5177     18.840    31.7584    23.6202 0.0000e+00
 267.824854     20.000  38.619324    14.0720     5.3716     19.832    31.8573    23.7454 0.0000e+00
 267.824883     21.000  38.612706    13.9287     5.1434     20.824    31.9696    23.8615 0.0000e+00
 267.824910     22.000  38.616304    13.7535     4.9559     21.815    32.1188    24.0123 0.0000e+00
 267.824940     23.000  38.606245    13.5594     4.9164     22.807    32.2724    24.1702 0.0000e+00
 267.824971     24.000  38.609398    13.4798     4.8300     23.798    32.3422    24.2402 0.0000e+00
 267.825000     25.000  38.622221    13.4499     4.4514     24.790    32.3791    24.2747 0.0000e+00
 267.825024     26.000  38.601586    13.2903     4.1877     25.782    32.4953    24.3964 0.0000e+00
 267.825051     27.000  38.456811    12.9581     3.4185     26.773    32.6439    24.5769 0.0000e+00
 267.825079     28.000  37.954942    12.1043     3.2369     27.764    32.9082    24.9455 0.0000e+00
 267.825199     29.000  37.685626    11.8474     3.3831     28.756    32.8735    24.9671 0.0000e+00
