data/oxygen options/ONMS/Olympic_Coast_National_Marine_Sanctuary_CTD_Data_2005_2023/raw_data/2018/CAST_CA015_180928faed.cnv
* Sea-Bird SBE 19 Data File:
* FileName = C:\2018 Mooring Data\Casts\CAST_CA015_180928.hex
* Software Version SeatermAF 2.1.2
* Temperature SN = 2997
* Conductivity SN = 2997
* System UpLoad Time = Sep 28 2018 16:52:40 (localtime) = Sep 28 2018 16:52:40 (UTC)
** CAST_CA015_180928
* ds
# nquan = 9                                 
# nvalues = 1022                        
# units = specified
# name 0 = timeJ: Julian Days
# name 1 = prSM: Pressure, Strain Gauge [db]
# name 2 = c0mS/cm: Conductivity [mS/cm]
# name 3 = t090C: Temperature [ITS-90, deg C]
# name 4 = sbeox0ML/L: Oxygen, SBE 43 [ml/l]
# name 5 = depSM: Depth [salt water, m], lat = 47.5
# name 6 = sal00: Salinity, Practical [PSU]
# name 7 = sigma-é00: Density [sigma-theta, kg/m^3]
# name 8 = flag: flag
# span 0 = 271.686157, 271.692066       
# span 1 =     -4.907,     19.059       
# span 2 =   0.016067,  38.083322       
# span 3 =     9.9117,    15.0175       
# span 4 =   -12.2121,    12.0472       
# span 5 =     -4.866,     18.899       
# span 6 =     0.0143,    33.0969       
# span 7 =    -0.8898,    25.4786       
# span 8 = 0.0000e+00, 0.0000e+00       
# interval = seconds: 0.5
# start_time = Sep 28 2018 16:28:04 [Instrument's time stamp, header]
# bad_flag = -9.990e-29
*END*
[from data line 161]
 271.687089     -1.696   0.017705    14.8056    -1.8616     -1.682     0.0151    -0.8581 -9.990e-29
 271.687095     -1.688   0.017705    14.8014    -1.8614     -1.674     0.0151    -0.8575 -9.990e-29
 271.687101     -1.678   0.017706    14.7970    -1.8618     -1.664     0.0151    -0.8569 -9.990e-29
 271.687106     -1.668   0.017706    14.7944    -1.8617     -1.654     0.0151    -0.8565 -9.990e-29
 271.687112     -1.654   0.017706    14.7934    -1.8613     -1.640     0.0151    -0.8563 -9.990e-29
 271.687118     -1.638   0.017706    14.7929    -1.8613     -1.624     0.0151    -0.8562 -9.990e-29
 271.687124     -1.617   0.017706    14.7933    -1.8609     -1.604     0.0151    -0.8563 -9.990e-29
 271.687130     -1.595   0.017707    14.7950    -1.8606     -1.582     0.0151    -0.8566 -9.990e-29
 271.687135     -1.575   0.017707    14.7976    -1.8604     -1.562     0.0151    -0.8569 -9.990e-29
 271.687141     -1.555   0.017707    14.8005    -1.8603     -1.542     0.0151    -0.8574 -9.990e-29
 271.687147     -1.538   0.017707    14.8019    -1.8604     -1.525     0.0151    -0.8576 -9.990e-29
 271.687153     -1.523   0.017707    14.8020    -1.8606     -1.510     0.0151    -0.8576 -9.990e-29
 271.687159     -1.506   0.017708    14.8042    -1.8608     -1.493     0.0151    -0.8579 -9.990e-29
 271.687164     -1.489   0.017708    14.8089    -1.8609     -1.477     0.0151    -0.8586 -9.990e-29
 271.687170     -1.475   0.017708    14.8144    -1.8611     -1.463     0.0151    -0.8594 -9.990e-29
 271.687176     -1.463   0.017708    14.8208    -1.8608     -1.451     0.0151    -0.8604 -9.990e-29
 271.687182     -1.454   0.017708    14.8270    -1.8608     -1.442     0.0151    -0.8613 -9.990e-29
 271.687187     -1.445   0.017709    14.8312    -1.8608     -1.433     0.0151    -0.8619 -9.990e-29
 271.687193     -1.437   0.017709    14.8329    -1.8606     -1.425     0.0151    -0.8622 -9.990e-29
 271.687199     -1.430   0.017709    14.8319    -1.8602     -1.418     0.0151    -0.8620 -9.990e-29
 271.687205     -1.422   0.017709    14.8287    -1.8600     -1.410     0.0151    -0.8616 -9.990e-29
 271.687211     -1.413   0.017709    14.8248    -1.8598     -1.401     0.0151    -0.8610 -9.990e-29
 271.687216     -1.403   0.017710    14.8217    -1.8599     -1.391     0.0151    -0.8605 -9.990e-29
 271.687222     -1.391   0.017710    14.8207    -1.8603     -1.379     0.0151    -0.8604 -9.990e-29
 271.687228     -1.380   0.017710    14.8220    -1.8605     -1.368     0.0151    -0.8606 -9.990e-29
 271.687234     -1.375   0.017710    14.8241    -1.8603     -1.364     0.0151    -0.8609 -9.990e-29
 271.687240     -1.370   0.017710    14.8270    -1.8599     -1.359     0.0151    -0.8613 -9.990e-29
 271.687245     -1.361   0.017711    14.8316    -1.8592     -1.350     0.0151    -0.8620 -9.990e-29
 271.687251     -1.347   0.017711    14.8375    -1.8587     -1.336     0.0151    -0.8629 -9.990e-29
 271.687257     -1.327   0.017711    14.8426    -1.8587     -1.316     0.0151    -0.8636 -9.990e-29
 271.687263     -1.305   0.017711    14.8451    -1.8594     -1.294     0.0151    -0.8640 -9.990e-29
 271.687269     -1.283   0.017711    14.8442    -1.8594     -1.272     0.0151    -0.8639 -9.990e-29
 271.687274     -1.260   0.017712    14.8412    -1.8595     -1.249     0.0151    -0.8634 -9.990e-29
 271.687280     -1.239   0.017712    14.8400    -1.8591     -1.229     0.0151    -0.8632 -9.990e-29
 271.687286     -1.223   0.017712    14.8437    -1.8588     -1.213     0.0151    -0.8638 -9.990e-29
 271.687292     -1.210   0.017712    14.8522    -1.8591     -1.200     0.0151    -0.8651 -9.990e-29
 271.687297     -1.200   0.017712    14.8631    -1.8595     -1.190     0.0151    -0.8667 -9.990e-29
 271.687303     -1.192   0.017713    14.8709    -1.8599     -1.182     0.0151    -0.8678 -9.990e-29
 271.687309     -1.185   0.017713    14.8715    -1.8601     -1.175     0.0151    -0.8679 -9.990e-29
 271.687315     -1.180   0.017713    14.8671    -1.8598     -1.170     0.0151    -0.8673 -9.990e-29
 271.687321     -1.176   0.017713    14.8638    -1.8595     -1.166     0.0151    -0.8668 -9.990e-29
 271.687326     -1.172   0.017713    14.8642    -1.8596     -1.162     0.0151    -0.8668 -9.990e-29
 271.687332     -1.169   0.017714    14.8674    -1.8598     -1.159     0.0151    -0.8673 -9.990e-29
 271.687338     -1.166   0.017714    14.8692    -1.8599     -1.156     0.0151    -0.8676 -9.990e-29
 271.687344     -1.163   0.017714    14.8659    -1.8599     -1.153     0.0151    -0.8671 -9.990e-29
 271.687350     -1.159   0.017714    14.8589    -1.8598     -1.149     0.0151    -0.8661 -9.990e-29
 271.687355     -1.156   0.017714    14.8524    -1.8597     -1.146     0.0151    -0.8651 -9.990e-29
 271.687361     -1.151   0.017715    14.8499    -1.8598     -1.141     0.0151    -0.8647 -9.990e-29
 271.687367     -1.146   0.017715    14.8518    -1.8600     -1.136     0.0151    -0.8650 -9.990e-29
 271.687373     -1.140   0.017715    14.8542    -1.8601     -1.130     0.0151    -0.8653 -9.990e-29
 271.687378     -1.132   0.017715    14.8540    -1.8600     -1.123     0.0151    -0.8653 -9.990e-29
 271.687384     -1.121   0.017715    14.8521    -1.8596     -1.112     0.0151    -0.8650 -9.990e-29
 271.687390     -1.108   0.017716    14.8508    -1.8599     -1.099     0.0151    -0.8648 -9.990e-29
 271.687396     -1.091   0.017716    14.8510    -1.8601     -1.082     0.0151    -0.8649 -9.990e-29
 271.687402     -1.074   0.017716    14.8521    -1.8603     -1.065     0.0151    -0.8650 -9.990e-29
 271.687407     -1.063   0.017716    14.8520    -1.8604     -1.054     0.0151    -0.8650 -9.990e-29
 271.687413     -1.059   0.017716    14.8502    -1.8605     -1.050     0.0151    -0.8648 -9.990e-29
 271.687419     -1.053   0.017717    14.8481    -1.8606     -1.044     0.0151    -0.8644 -9.990e-29
 271.687425     -1.039   0.017717    14.8473    -1.8608     -1.030     0.0151    -0.8643 -9.990e-29
 271.687431     -1.021   0.017717    14.8486    -1.8609     -1.012     0.0151    -0.8645 -9.990e-29
 271.687436     -1.007   0.017717    14.8501    -1.8610     -0.999     0.0151    -0.8647 -9.990e-29
 271.687442     -0.996   0.017717    14.8488    -1.8610     -0.988     0.0151    -0.8645 -9.990e-29
 271.687448     -0.983   0.017718    14.8449    -1.8608     -0.975     0.0151    -0.8640 -9.990e-29
 271.687454     -0.970   0.017718    14.8405    -1.8610     -0.962     0.0151    -0.8633 -9.990e-29
 271.687459     -0.963   0.017718    14.8370    -1.8610     -0.955     0.0151    -0.8628 -9.990e-29
 271.687465     -0.956   0.017718    14.8342    -1.8610     -0.948     0.0151    -0.8624 -9.990e-29
 271.687471     -0.943   0.017718    14.8310    -1.8609     -0.935     0.0151    -0.8619 -9.990e-29
 271.687477     -0.930   0.017719    14.8276    -1.8611     -0.922     0.0151    -0.8614 -9.990e-29
 271.687483     -0.918   0.017719    14.8247    -1.8609     -0.910     0.0151    -0.8610 -9.990e-29
 271.687488     -0.908   0.017719    14.8229    -1.8603     -0.900     0.0151    -0.8607 -9.990e-29
 271.687494     -0.899   0.017719    14.8230    -1.8597     -0.891     0.0151    -0.8607 -9.990e-29
 271.687500     -0.890   0.017719    14.8241    -1.8595     -0.883     0.0151    -0.8609 -9.990e-29
 271.687506     -0.876   0.017720    14.8242    -1.8593     -0.869     0.0151    -0.8609 -9.990e-29
 271.687512     -0.861   0.017720    14.8231    -1.8593     -0.854     0.0151    -0.8607 -9.990e-29
 271.687517     -0.857   0.017720    14.8227    -1.8592     -0.850     0.0151    -0.8607 -9.990e-29
 271.687523     -0.859   0.017720    14.8232    -1.8592     -0.852     0.0151    -0.8607 -9.990e-29
 271.687529     -0.858   0.017720    14.8249    -1.8591     -0.851     0.0151    -0.8610 -9.990e-29
 271.687535     -0.855   0.017721    14.8304    -1.8592     -0.848     0.0151    -0.8618 -9.990e-29
 271.687541     -0.850   0.017721    14.8407    -1.8593     -0.843     0.0151    -0.8633 -9.990e-29
 271.687546     -0.841   0.017721    14.8515    -1.8596     -0.834     0.0151    -0.8649 -9.990e-29
 271.687552     -0.833   0.017721    14.8590    -1.8597     -0.826     0.0151    -0.8661 -9.990e-29
 271.687558     -0.830   0.017721    14.8636    -1.8598     -0.823     0.0151    -0.8667 -9.990e-29
 271.687564     -0.827   0.017721    14.8662    -1.8598     -0.820     0.0151    -0.8671 -9.990e-29
 271.687569     -0.823   0.017722    14.8676    -1.8601     -0.816     0.0151    -0.8673 -9.990e-29
 271.687575     -0.824   0.017722    14.8685    -1.8601     -0.817     0.0151    -0.8675 -9.990e-29
 271.687581     -0.824   0.017722    14.8687    -1.8601     -0.817     0.0151    -0.8675 -9.990e-29
 271.687587     -0.820   0.017722    14.8677    -1.8600     -0.813     0.0151    -0.8674 -9.990e-29
 271.687593     -0.811   0.017722    14.8648    -1.8597     -0.804     0.0151    -0.8669 -9.990e-29
 271.687598     -0.801   0.017721    14.8604    -1.8596     -0.794     0.0151    -0.8663 -9.990e-29
 271.687604     -0.798   0.017721    14.8564    -1.8590     -0.791     0.0151    -0.8657 -9.990e-29
 271.687610     -0.801   0.017721    14.8537    -1.8588     -0.794     0.0151    -0.8653 -9.990e-29
 271.687616     -0.802   0.017721    14.8510    -1.8589     -0.795     0.0151    -0.8649 -9.990e-29
 271.687622     -0.798   0.017721    14.8481    -1.8588     -0.791     0.0151    -0.8644 -9.990e-29
 271.687627     -0.787   0.017721    14.8467    -1.8590     -0.780     0.0151    -0.8642 -9.990e-29
 271.687633     -0.773   0.017721    14.8475    -1.8592     -0.767     0.0151    -0.8643 -9.990e-29
 271.687639     -0.760   0.017721    14.8508    -1.8593     -0.754     0.0151    -0.8648 -9.990e-29
 271.687645     -0.748   0.017721    14.8561    -1.8592     -0.742     0.0151    -0.8656 -9.990e-29
 271.687650     -0.734   0.017721    14.8632    -1.8588     -0.728     0.0151    -0.8667 -9.990e-29
 271.687656     -0.718   0.017720    14.8709    -1.8583     -0.712     0.0151    -0.8678 -9.990e-29
 271.687662     -0.704   0.017720    14.8757    -1.8582     -0.698     0.0151    -0.8685 -9.990e-29
 271.687668     -0.695   0.017720    14.8767    -1.8581     -0.689     0.0151    -0.8687 -9.990e-29
 271.687674     -0.691   0.017720    14.8758    -1.8581     -0.685     0.0151    -0.8686 -9.990e-29
 271.687679     -0.686   0.017720    14.8738    -1.8580     -0.680     0.0151    -0.8683 -9.990e-29
 271.687685     -0.676   0.017720    14.8716    -1.8581     -0.670     0.0151    -0.8679 -9.990e-29
 271.687691     -0.665   0.017720    14.8711    -1.8586     -0.659     0.0151    -0.8679 -9.990e-29
 271.687697     -0.657   0.017720    14.8740    -1.8586     -0.652     0.0151    -0.8683 -9.990e-29
 271.687703     -0.651   0.017720    14.8807    -1.8584     -0.646     0.0151    -0.8693 -9.990e-29
 271.687708     -0.646   0.017719    14.8881    -1.8585     -0.641     0.0151    -0.8704 -9.990e-29
 271.687714     -0.642   0.017719    14.8931    -1.8587     -0.637     0.0151    -0.8711 -9.990e-29
 271.687720     -0.639   0.017719    14.8959    -1.8589     -0.634     0.0151    -0.8716 -9.990e-29
 271.687726     -0.637   0.017719    14.8975    -1.8590     -0.632     0.0151    -0.8718 -9.990e-29
 271.687731     -0.635   0.017719    14.8975    -1.8585     -0.630     0.0151    -0.8718 -9.990e-29
 271.687737     -0.635   0.017719    14.8945    -1.8580     -0.630     0.0151    -0.8714 -9.990e-29
 271.687743     -0.634   0.017719    14.8902    -1.8578     -0.629     0.0151    -0.8707 -9.990e-29
 271.687749     -0.634   0.017719    14.8880    -1.8576     -0.629     0.0151    -0.8704 -9.990e-29
 271.687755     -0.635   0.017719    14.8875    -1.8579     -0.630     0.0151    -0.8703 -9.990e-29
 271.687760     -0.636   0.017719    14.8860    -1.8582     -0.631     0.0151    -0.8701 -9.990e-29
 271.687766     -0.637   0.017718    14.8831    -1.8586     -0.632     0.0151    -0.8697 -9.990e-29
 271.687772     -0.639   0.017718    14.8809    -1.8588     -0.634     0.0151    -0.8693 -9.990e-29
 271.687778     -0.642   0.017718    14.8824    -1.8589     -0.637     0.0151    -0.8695 -9.990e-29
 271.687784     -0.646   0.017718    14.8885    -1.8590     -0.641     0.0151    -0.8705 -9.990e-29
 271.687789     -0.651   0.017718    14.8963    -1.8588     -0.646     0.0151    -0.8716 -9.990e-29
 271.687795     -0.653   0.017718    14.9024    -1.8588     -0.648     0.0151    -0.8725 -9.990e-29
 271.687801     -0.649   0.017718    14.9041    -1.8584     -0.644     0.0151    -0.8728 -9.990e-29
 271.687807     -0.641   0.017718    14.9009    -1.8574     -0.636     0.0151    -0.8723 -9.990e-29
 271.687813     -0.634   0.017718    14.8947    -1.8570     -0.629     0.0151    -0.8714 -9.990e-29
 271.687818     -0.628   0.017718    14.8880    -1.8570     -0.623     0.0151    -0.8704 -9.990e-29
 271.687824     -0.622   0.017717    14.8827    -1.8574     -0.617     0.0151    -0.8696 -9.990e-29
 271.687830     -0.615   0.017717    14.8798    -1.8575     -0.610     0.0151    -0.8692 -9.990e-29
 271.687836     -0.608   0.017717    14.8794    -1.8579     -0.603     0.0151    -0.8691 -9.990e-29
 271.687841     -0.600   0.017717    14.8815    -1.8584     -0.595     0.0151    -0.8694 -9.990e-29
 271.687847     -0.590   0.017717    14.8867    -1.8585     -0.585     0.0151    -0.8702 -9.990e-29
 271.687853     -0.577   0.017717    14.8968    -1.8587     -0.572     0.0151    -0.8717 -9.990e-29
 271.687859     -0.566   0.017717    14.9098    -1.8589     -0.561     0.0151    -0.8736 -9.990e-29
 271.687865     -0.560   0.017717    14.9188    -1.8588     -0.555     0.0151    -0.8750 -9.990e-29
 271.687870     -0.557   0.017717    14.9205    -1.8588     -0.552     0.0151    -0.8752 -9.990e-29
 271.687876     -0.559   0.017716    14.9168    -1.8587     -0.554     0.0151    -0.8747 -9.990e-29
 271.687882     -0.561   0.017716    14.9105    -1.8587     -0.556     0.0151    -0.8737 -9.990e-29
 271.687888     -0.559   0.017716    14.9027    -1.8584     -0.554     0.0151    -0.8726 -9.990e-29
 271.687894     -0.552   0.017716    14.8950    -1.8584     -0.547     0.0151    -0.8714 -9.990e-29
 271.687899     -0.544   0.017716    14.8887    -1.8586     -0.539     0.0151    -0.8705 -9.990e-29
 271.687905     -0.540   0.017716    14.8842    -1.8587     -0.535     0.0151    -0.8698 -9.990e-29
 271.687911     -0.535   0.017716    14.8819    -1.8583     -0.531     0.0151    -0.8695 -9.990e-29
 271.687917     -0.524   0.017716    14.8817    -1.8582     -0.520     0.0151    -0.8694 -9.990e-29
 271.687922     -0.511   0.017716    14.8823    -1.8582     -0.507     0.0151    -0.8695 -9.990e-29
 271.687928     -0.503   0.017716    14.8834    -1.8582     -0.499     0.0151    -0.8697 -9.990e-29
 271.687934     -0.500   0.017715    14.8856    -1.8582     -0.496     0.0151    -0.8700 -9.990e-29
 271.687940     -0.497   0.017715    14.8880    -1.8584     -0.493     0.0151    -0.8704 -9.990e-29
 271.687946     -0.495   0.017715    14.8886    -1.8585     -0.491     0.0151    -0.8705 -9.990e-29
 271.687951     -0.489   0.017715    14.8880    -1.8585     -0.485     0.0151    -0.8704 -9.990e-29
 271.687957     -0.478   0.017715    14.8887    -1.8585     -0.474     0.0151    -0.8705 -9.990e-29
 271.687963     -0.471   0.017715    14.8916    -1.8580     -0.467     0.0151    -0.8709 -9.990e-29
 271.687969     -0.466   0.017715    14.8944    -1.8577     -0.462     0.0151    -0.8713 -9.990e-29
 271.687975     -0.456   0.017715    14.8957    -1.8573     -0.452     0.0151    -0.8715 -9.990e-29
 271.687980     -0.439   0.017715    14.8957    -1.8572     -0.435     0.0151    -0.8715 -9.990e-29
 271.687986     -0.423   0.017714    14.8947    -1.8572     -0.419     0.0151    -0.8714 -9.990e-29
 271.687992     -0.411   0.017714    14.8929    -1.8572     -0.408     0.0151    -0.8711 -9.990e-29
 271.687998     -0.402   0.017714    14.8915    -1.8573     -0.399     0.0151    -0.8709 -9.990e-29
 271.688003     -0.396   0.017714    14.8919    -1.8572     -0.393     0.0151    -0.8710 -9.990e-29
