data/oxygen options/ONMS/Olympic_Coast_National_Marine_Sanctuary_CTD_Data_2005_2023/raw_data/2018/CAST_CE042_180913faedb.cnv
* Sea-Bird SBE 19 Data File:
* FileName = C:\2018 Mooring Data\Casts\CAST_CE042_180913.hex
* Software Version SeatermAF 2.1.2
* Temperature SN = 2997
* Conductivity SN = 2997
* System UpLoad Time = Sep 13 2018 19:34:19 (localtime) = Sep 13 2018 19:34:19 (UTC)
** CAST_CE042_180913
* ds
# nquan = 9
# nvalues = 42                          
# units = specified
# name 0 = timeJ: Julian Days
# name 1 = prSM: Pressure, Strain Gauge [db]
# name 2 = c0mS/cm: Conductivity [mS/cm]
# name 3 = t090C: Temperature [ITS-90, deg C]
# name 4 = sbeox0ML/L: Oxygen, SBE 43 [ml/l]
# name 5 = depSM: Depth [salt water, m], lat = 47.5
# name 6 = sal00: Salinity, Practical [PSU]
# name 7 = sigma-é00: Density [sigma-theta, kg/m^3]
# name 8 = flag: flag
# span 0 = 256.761321, 256.762108       
# span 1 =      2.000,     43.000       
# span 2 =  35.156733,  38.993071       
# span 3 =     8.0728,    13.5329       
# span 4 =     0.4549,     7.2177       
# span 5 =      1.983,     42.637       
# span 6 =    32.6638,    33.7770       
# span 7 =    24.4776,    26.3032       
# span 8 = 0.0000e+00, 0.0000e+00       
# interval = decibars: 1                
# start_time = Sep 13 2018 18:05:56 [Instrument's time stamp, header]
# bad_flag = -9.990e-29
*END*
 256.761321      2.000  38.993071    13.5329     7.0215      1.983    32.6638    24.4776 0.0000e+00
 256.761360      3.000  38.898206    13.3928     7.1585      2.975    32.6947    24.5296 0.0000e+00
 256.761392      4.000  38.857444    13.3166     7.1832      3.967    32.7215    24.5656 0.0000e+00
 256.761421      5.000  38.809772    13.2520     7.2155      4.958    32.7320    24.5866 0.0000e+00
 256.761448      6.000  38.734731    13.1504     7.2105      5.950    32.7485    24.6196 0.0000e+00
 256.761473      7.000  38.704099    13.1194     7.2177      6.942    32.7460    24.6238 0.0000e+00
 256.761499      8.000  38.683720    13.0879     7.1770      7.933    32.7536    24.6359 0.0000e+00
 256.761522      9.000  38.664798    13.0783     7.1008      8.925    32.7436    24.6302 0.0000e+00
 256.761544     10.000  38.614691    13.0214     7.0746      9.916    32.7451    24.6425 0.0000e+00
 256.761565     11.000  38.582483    12.9877     7.0655     10.908    32.7434    24.6479 0.0000e+00
 256.761588     12.000  38.569676    12.9747     7.0240     11.899    32.7421    24.6495 0.0000e+00
 256.761611     13.000  38.555065    12.9612     6.9610     12.891    32.7395    24.6501 0.0000e+00
 256.761632     14.000  38.537237    12.9412     6.9526     13.882    32.7396    24.6541 0.0000e+00
 256.761652     15.000  38.525950    12.9303     6.7669     14.874    32.7379    24.6550 0.0000e+00
 256.761672     16.000  38.506260    12.9059     6.5399     15.866    32.7400    24.6614 0.0000e+00
 256.761691     17.000  38.462910    12.8515     6.2426     16.858    32.7455    24.6763 0.0000e+00
 256.761708     18.000  38.423578    12.7949     5.9609     17.849    32.7570    24.6963 0.0000e+00
 256.761724     19.000  38.361407    12.7011     5.8866     18.840    32.7789    24.7315 0.0000e+00
 256.761741     20.000  38.300731    12.6323     5.7659     19.832    32.7805    24.7461 0.0000e+00
 256.761757     21.000  38.258806    12.5685     5.5252     20.824    32.7957    24.7702 0.0000e+00
 256.761774     22.000  38.215269    12.4907     5.0614     21.815    32.8216    24.8052 0.0000e+00
 256.761789     23.000  38.163676    12.3807     4.6801     22.807    32.8680    24.8622 0.0000e+00
 256.761805     24.000  38.047651    12.1337     4.3546     23.798    32.9732    24.9906 0.0000e+00
 256.761820     25.000  37.802926    11.8200     4.0311     24.790    33.0133    25.0805 0.0000e+00
 256.761835     26.000  37.617035    11.5920     3.8685     25.782    33.0345    25.1391 0.0000e+00
 256.761851     27.000  37.446209    11.3137     3.6535     26.773    33.1155    25.2526 0.0000e+00
 256.761865     28.000  37.201075    10.9755     3.3580     27.764    33.1775    25.3614 0.0000e+00
 256.761880     29.000  37.052722    10.7793     3.0814     28.756    33.2072    25.4192 0.0000e+00
 256.761893     30.000  36.984261    10.6280     2.8945     29.748    33.2759    25.4992 0.0000e+00
 256.761908     31.000  36.872179    10.4520     2.8199     30.739    33.3239    25.5670 0.0000e+00
 256.761922     32.000  36.765098    10.2975     2.7283     31.730    33.3573    25.6196 0.0000e+00
 256.761937     33.000  36.674383    10.1918     2.5837     32.722    33.3624    25.6416 0.0000e+00
 256.761953     34.000  36.583281    10.0059     2.4973     33.714    33.4411    25.7345 0.0000e+00
 256.761968     35.000  36.348377     9.7577     2.3534     34.705    33.4312    25.7681 0.0000e+00
 256.761982     36.000  36.145754     9.5374     1.9607     35.697    33.4280    25.8017 0.0000e+00
 256.761996     37.000  35.869436     9.1643     1.6133     36.688    33.4911    25.9112 0.0000e+00
 256.762010     38.000  35.618860     8.8237     1.3767     37.679    33.5506    26.0114 0.0000e+00
 256.762024     39.000  35.443767     8.6081     1.2497     38.671    33.5707    26.0605 0.0000e+00
 256.762040     40.000  35.325252     8.4559     1.0518     39.663    33.5901    26.0990 0.0000e+00
 256.762057     41.000  35.295351     8.3715     0.6327     40.654    33.6386    26.1498 0.0000e+00
 256.762074     42.000  35.204962     8.1621     0.4549     41.645    33.7428    26.2631 0.0000e+00
 256.762108     43.000  35.156733     8.0728     0.5799     42.637    33.7770    26.3032 0.0000e+00
