data/oxygen options/ONMS/Olympic_Coast_National_Marine_Sanctuary_CTD_Data_2005_2023/raw_data/2018/CAST_KL015_180924faed.cnv
* Sea-Bird SBE 19 Data File:
* FileName = C:\2018 Mooring Data\Casts\CAST_KL015_180924.hex
* Software Version SeatermAF 2.1.2
* Temperature SN = 2997
* Conductivity SN = 2997
* System UpLoad Time = Sep 24 2018 21:05:11 (localtime) = Sep 24 2018 21:05:11 (UTC)
** CAST_KL015_180924
* ds
# nquan = 9                                 
# nvalues = 1071                        
# units = specified
# name 0 = timeJ: Julian Days
# name 1 = prSM: Pressure, Strain Gauge [db]
# name 2 = c0mS/cm: Conductivity [mS/cm]
# name 3 = t090C: Temperature [ITS-90, deg C]
# name 4 = sbeox0ML/L: Oxygen, SBE 43 [ml/l]
# name 5 = depSM: Depth [salt water, m], lat = 47.5
# name 6 = sal00: Salinity, Practical [PSU]
# name 7 = sigma-é00: Density [sigma-theta, kg/m^3]
# name 8 = flag: flag
# span 0 = 267.857222, 267.863414       
# span 1 =     -4.893,     17.419       
# span 2 =   0.756507,  38.045227       
# span 3 =    13.9669,    16.8967       
# span 4 =   -12.3166,    13.9411       
# span 5 =     -4.852,     17.273       
# span 6 =     0.4458,    30.9731       
# span 7 =    -0.8297,    22.9722       
# span 8 = 0.0000e+00, 0.0000e+00       
# interval = seconds: 0.5
# start_time = Sep 24 2018 20:34:24 [Instrument's time stamp, header]
# bad_flag = -9.990e-29
*END*
[from data line 321]
 267.859080     -0.361   0.988584    15.9333    -1.8086     -0.358     0.5989    -0.5822 -9.990e-29
 267.859086     -0.356   0.987592    15.9458    -1.8084     -0.353     0.5981    -0.5849 -9.990e-29
 267.859091     -0.352   0.985169    15.9599    -1.8079     -0.349     0.5963    -0.5885 -9.990e-29
 267.859097     -0.347   0.981966    15.9759    -1.8076     -0.344     0.5941    -0.5929 -9.990e-29
 267.859103     -0.342   0.979806    15.9916    -1.8073     -0.339     0.5925    -0.5967 -9.990e-29
 267.859109     -0.336   0.980243    16.0057    -1.8071     -0.333     0.5926    -0.5989 -9.990e-29
 267.859115     -0.328   0.983303    16.0197    -1.8067     -0.325     0.5943    -0.5999 -9.990e-29
 267.859120     -0.318   0.988634    16.0317    -1.8070     -0.315     0.5975    -0.5994 -9.990e-29
 267.859126     -0.310   0.995586    16.0390    -1.8080     -0.307     0.6017    -0.5973 -9.990e-29
 267.859132     -0.308   1.001791    16.0445    -1.8090     -0.305     0.6056    -0.5952 -9.990e-29
 267.859138     -0.306   1.004439    16.0523    -1.8102     -0.303     0.6071    -0.5953 -9.990e-29
 267.859144     -0.301   1.002625    16.0625    -1.8113     -0.298     0.6058    -0.5980 -9.990e-29
 267.859149     -0.293   0.997812    16.0725    -1.8119     -0.291     0.6026    -0.6021 -9.990e-29
 267.859155     -0.285   0.992447    16.0804    -1.8121     -0.283     0.5991    -0.6061 -9.990e-29
 267.859161     -0.285   0.988242    16.0860    -1.8118     -0.283     0.5964    -0.6091 -9.990e-29
 267.859167     -0.293   0.985688    16.0871    -1.8113     -0.291     0.5948    -0.6105 -9.990e-29
 267.859172     -0.302   0.984151    16.0785    -1.8108     -0.299     0.5940    -0.6098 -9.990e-29
 267.859178     -0.307   0.982690    16.0594    -1.8104     -0.304     0.5933    -0.6071 -9.990e-29
 267.859184     -0.309   0.981020    16.0344    -1.8100     -0.306     0.5926    -0.6036 -9.990e-29
 267.859190     -0.307   0.979129    16.0080    -1.8097     -0.304     0.5918    -0.5998 -9.990e-29
 267.859196     -0.303   0.976711    15.9848    -1.8095     -0.300     0.5906    -0.5970 -9.990e-29
 267.859201     -0.294   0.973313    15.9700    -1.8092     -0.292     0.5887    -0.5960 -9.990e-29
 267.859207     -0.282   0.968840    15.9660    -1.8091     -0.280     0.5859    -0.5975 -9.990e-29
 267.859213     -0.265   0.963421    15.9710    -1.8092     -0.263     0.5825    -0.6010 -9.990e-29
 267.859219     -0.247   0.957037    15.9812    -1.8096     -0.245     0.5783    -0.6059 -9.990e-29
 267.859225     -0.229   0.950593    15.9932    -1.8101     -0.227     0.5741    -0.6111 -9.990e-29
 267.859230     -0.213   0.946026    16.0044    -1.8100     -0.211     0.5710    -0.6153 -9.990e-29
 267.859236     -0.200   0.943897    16.0146    -1.8101     -0.198     0.5696    -0.6181 -9.990e-29
 267.859242     -0.189   0.942477    16.0236    -1.8103     -0.187     0.5685    -0.6203 -9.990e-29
 267.859248     -0.177   0.940427    16.0310    -1.8100     -0.176     0.5672    -0.6226 -9.990e-29
 267.859253     -0.166   0.938336    16.0363    -1.8106     -0.165     0.5658    -0.6246 -9.990e-29
 267.859259     -0.159   0.936741    16.0387    -1.8118     -0.158     0.5647    -0.6258 -9.990e-29
 267.859265     -0.153   0.935179    16.0373    -1.8132     -0.152     0.5638    -0.6263 -9.990e-29
 267.859271     -0.143   0.932673    16.0319    -1.8143     -0.142     0.5623    -0.6265 -9.990e-29
 267.859277     -0.132   0.928653    16.0258    -1.8153     -0.131     0.5598    -0.6274 -9.990e-29
 267.859282     -0.124   0.923856    16.0220    -1.8164     -0.123     0.5569    -0.6291 -9.990e-29
 267.859288     -0.118   0.919644    16.0193    -1.8174     -0.117     0.5543    -0.6306 -9.990e-29
 267.859294     -0.113   0.916496    16.0166    -1.8182     -0.112     0.5523    -0.6317 -9.990e-29
 267.859300     -0.111   0.913538    16.0113    -1.8186     -0.110     0.5505    -0.6322 -9.990e-29
 267.859306     -0.109   0.910152    15.9964    -1.8192     -0.108     0.5486    -0.6312 -9.990e-29
 267.859311     -0.110   0.906811    15.9707    -1.8197     -0.109     0.5469    -0.6284 -9.990e-29
 267.859317     -0.111   0.904046    15.9399    -1.8205     -0.110     0.5455    -0.6244 -9.990e-29
 267.859323     -0.114   0.902049    15.9098    -1.8219     -0.113     0.5447    -0.6202 -9.990e-29
 267.859329     -0.119   0.900374    15.8814    -1.8226     -0.118     0.5440    -0.6161 -9.990e-29
 267.859334     -0.122   0.898264    15.8543    -1.8232     -0.121     0.5430    -0.6124 -9.990e-29
 267.859340     -0.117   0.895678    15.8297    -1.8238     -0.116     0.5417    -0.6094 -9.990e-29
 267.859346     -0.111   0.892860    15.8095    -1.8247     -0.110     0.5402    -0.6073 -9.990e-29
 267.859352     -0.106   0.889931    15.7932    -1.8255     -0.105     0.5386    -0.6060 -9.990e-29
 267.859358     -0.102   0.886681    15.7776    -1.8262     -0.101     0.5368    -0.6049 -9.990e-29
 267.859363     -0.099   0.882655    15.7599    -1.8262     -0.098     0.5345    -0.6038 -9.990e-29
 267.859369     -0.096   0.878579    15.7375    -1.8260     -0.095     0.5322    -0.6020 -9.990e-29
 267.859375     -0.095   0.875667    15.7126    -1.8257     -0.094     0.5307    -0.5991 -9.990e-29
 267.859381     -0.093   0.873915    15.6902    -1.8260     -0.092     0.5299    -0.5962 -9.990e-29
 267.859387     -0.092   0.872649    15.6709    -1.8261     -0.091     0.5293    -0.5935 -9.990e-29
 267.859392     -0.091   0.871287    15.6521    -1.8265     -0.090     0.5287    -0.5910 -9.990e-29
 267.859398     -0.090   0.869677    15.6328    -1.8269     -0.089     0.5279    -0.5885 -9.990e-29
 267.859404     -0.090   0.867886    15.6150    -1.8273     -0.089     0.5270    -0.5863 -9.990e-29
 267.859410     -0.089   0.865744    15.6029    -1.8274     -0.088     0.5258    -0.5853 -9.990e-29
 267.859416     -0.089   0.863165    15.5984    -1.8279     -0.088     0.5243    -0.5858 -9.990e-29
 267.859421     -0.089   0.860587    15.5992    -1.8283     -0.088     0.5226    -0.5872 -9.990e-29
 267.859427     -0.088   0.858453    15.6003    -1.8287     -0.087     0.5213    -0.5885 -9.990e-29
 267.859433     -0.088   0.856686    15.5980    -1.8290     -0.087     0.5202    -0.5889 -9.990e-29
 267.859439     -0.088   0.855147    15.5925    -1.8290     -0.087     0.5193    -0.5888 -9.990e-29
 267.859444     -0.088   0.853999    15.5846    -1.8289     -0.087     0.5187    -0.5880 -9.990e-29
 267.859450     -0.088   0.853376    15.5754    -1.8288     -0.087     0.5184    -0.5867 -9.990e-29
 267.859456     -0.088   0.852999    15.5669    -1.8284     -0.087     0.5182    -0.5855 -9.990e-29
 267.859462     -0.087   0.852364    15.5586    -1.8279     -0.086     0.5180    -0.5844 -9.990e-29
 267.859468     -0.087   0.851178    15.5489    -1.8276     -0.086     0.5173    -0.5833 -9.990e-29
 267.859473     -0.087   0.849524    15.5387    -1.8281     -0.086     0.5164    -0.5824 -9.990e-29
 267.859479     -0.087   0.847966    15.5300    -1.8291     -0.086     0.5155    -0.5817 -9.990e-29
 267.859485     -0.086   0.847196    15.5245    -1.8303     -0.085     0.5151    -0.5812 -9.990e-29
 267.859491     -0.086   0.846739    15.5233    -1.8313     -0.085     0.5148    -0.5812 -9.990e-29
 267.859497     -0.085   0.845434    15.5251    -1.8323     -0.084     0.5140    -0.5821 -9.990e-29
 267.859502     -0.084   0.843200    15.5295    -1.8329     -0.083     0.5125    -0.5840 -9.990e-29
 267.859508     -0.083   0.840939    15.5367    -1.8333     -0.082     0.5110    -0.5863 -9.990e-29
 267.859514     -0.082   0.839514    15.5436    -1.8335     -0.081     0.5100    -0.5881 -9.990e-29
 267.859520     -0.080   0.839241    15.5440    -1.8337     -0.079     0.5098    -0.5883 -9.990e-29
 267.859525     -0.078   0.839756    15.5334    -1.8338     -0.077     0.5103    -0.5863 -9.990e-29
 267.859531     -0.075   0.840081    15.5126    -1.8337     -0.074     0.5108    -0.5827 -9.990e-29
 267.859537     -0.072   0.839541    15.4870    -1.8341     -0.071     0.5108    -0.5786 -9.990e-29
 267.859543     -0.067   0.838526    15.4613    -1.8351     -0.066     0.5104    -0.5748 -9.990e-29
 267.859549     -0.061   0.837898    15.4390    -1.8363     -0.060     0.5103    -0.5714 -9.990e-29
 267.859554     -0.053   0.837926    15.4224    -1.8377     -0.053     0.5105    -0.5686 -9.990e-29
 267.859560     -0.043   0.837539    15.4115    -1.8385     -0.043     0.5104    -0.5670 -9.990e-29
 267.859566     -0.031   0.835666    15.4043    -1.8391     -0.031     0.5093    -0.5667 -9.990e-29
 267.859572     -0.018   0.832582    15.3992    -1.8395     -0.018     0.5074    -0.5674 -9.990e-29
 267.859578     -0.010   0.829159    15.3955    -1.8390     -0.010     0.5053    -0.5685 -9.990e-29
 267.859583     -0.002   0.826377    15.3899    -1.8382     -0.002     0.5036    -0.5689 -9.990e-29
 267.859589      0.008   0.824956    15.3772    -1.8374      0.008     0.5029    -0.5675 -9.990e-29
 267.859595      0.016   0.824663    15.3554    -1.8372      0.016     0.5030    -0.5640 -9.990e-29
 267.859601      0.021   0.824555    15.3276    -1.8374      0.021     0.5032    -0.5595 -9.990e-29
 267.859606      0.025   0.824485    15.3000    -1.8376      0.025     0.5035    -0.5549 -9.990e-29
 267.859612      0.028   0.824914    15.2782    -1.8374      0.028     0.5041    -0.5511 -9.990e-29
 267.859618      0.025   0.825305    15.2642    -1.8371      0.025     0.5045    -0.5486 -9.990e-29
 267.859624      0.016   0.824517    15.2600    -1.8367      0.016     0.5041    -0.5483 -9.990e-29
 267.859630      0.006   0.822052    15.2667    -1.8369      0.006     0.5024    -0.5506 -9.990e-29
 267.859635     -0.007   0.818503    15.2803    -1.8370     -0.007     0.5000    -0.5546 -9.990e-29
 267.859641     -0.019   0.815233    15.2934    -1.8380     -0.019     0.4978    -0.5584 -9.990e-29
 267.859647     -0.027   0.813422    15.3000    -1.8387     -0.027     0.4965    -0.5604 -9.990e-29
 267.859653     -0.031   0.812871    15.3008    -1.8394     -0.031     0.4962    -0.5608 -9.990e-29
 267.859659     -0.031   0.812293    15.3012    -1.8398     -0.031     0.4958    -0.5611 -9.990e-29
 267.859664     -0.028   0.810915    15.3047    -1.8400     -0.028     0.4949    -0.5624 -9.990e-29
 267.859670     -0.021   0.809116    15.3101    -1.8396     -0.021     0.4937    -0.5641 -9.990e-29
 267.859676     -0.010   0.807822    15.3135    -1.8391     -0.010     0.4928    -0.5653 -9.990e-29
 267.859682      0.002   0.807522    15.3112    -1.8390      0.002     0.4926    -0.5651 -9.990e-29
 267.859688      0.008   0.808370    15.3021    -1.8392      0.008     0.4933    -0.5632 -9.990e-29
 267.859693      0.006   0.809834    15.2874    -1.8394      0.006     0.4944    -0.5600 -9.990e-29
 267.859699      0.006   0.809989    15.2711    -1.8399      0.006     0.4947    -0.5573 -9.990e-29
 267.859705      0.012   0.807931    15.2572    -1.8413      0.012     0.4936    -0.5560 -9.990e-29
 267.859711      0.020   0.804796    15.2479    -1.8426      0.020     0.4917    -0.5560 -9.990e-29
 267.859716      0.026   0.801390    15.2457    -1.8430      0.026     0.4895    -0.5573 -9.990e-29
 267.859722      0.031   0.798157    15.2499    -1.8431      0.031     0.4874    -0.5596 -9.990e-29
 267.859728      0.030   0.795775    15.2553    -1.8431      0.030     0.4859    -0.5616 -9.990e-29
 267.859734      0.020   0.794945    15.2567    -1.8438      0.020     0.4853    -0.5623 -9.990e-29
 267.859740      0.004   0.795668    15.2526    -1.8452      0.004     0.4858    -0.5613 -9.990e-29
 267.859745     -0.010   0.796692    15.2430    -1.8464     -0.010     0.4866    -0.5592 -9.990e-29
 267.859751     -0.015   0.797718    15.2259    -1.8468     -0.015     0.4875    -0.5559 -9.990e-29
 267.859757     -0.007   0.799562    15.2011    -1.8467     -0.007     0.4889    -0.5509 -9.990e-29
 267.859763      0.006   0.802463    15.1757    -1.8470      0.006     0.4911    -0.5453 -9.990e-29
 267.859769      0.017   0.806964    15.1576    -1.8484      0.017     0.4942    -0.5402 -9.990e-29
 267.859774      0.030   0.814633    15.1464    -1.8501      0.030     0.4992    -0.5346 -9.990e-29
 267.859780      0.047   0.825166    15.1348    -1.8516      0.047     0.5060    -0.5275 -9.990e-29
 267.859786      0.063   0.835429    15.1161    -1.8533      0.062     0.5128    -0.5194 -9.990e-29
 267.859792      0.080   0.843590    15.0907    -1.8547      0.079     0.5184    -0.5112 -9.990e-29
 267.859797      0.096   0.850555    15.0662    -1.8562      0.095     0.5231    -0.5038 -9.990e-29
 267.859803      0.106   0.857853    15.0488    -1.8573      0.105     0.5280    -0.4973 -9.990e-29
 267.859809      0.111   0.866347    15.0360    -1.8574      0.110     0.5336    -0.4910 -9.990e-29
 267.859815      0.116   0.875726    15.0182    -1.8571      0.115     0.5399    -0.4835 -9.990e-29
 267.859821      0.125   0.884642    14.9889    -1.8571      0.124     0.5460    -0.4743 -9.990e-29
 267.859826      0.135   0.891681    14.9507    -1.8564      0.134     0.5510    -0.4646 -9.990e-29
 267.859832      0.142   0.896807    14.9089    -1.8561      0.141     0.5549    -0.4553 -9.990e-29
 267.859838      0.147   0.902422    14.8662    -1.8558      0.146     0.5591    -0.4456 -9.990e-29
 267.859844      0.150   0.912133    14.8246    -1.8554      0.149     0.5660    -0.4340 -9.990e-29
 267.859850      0.150   0.928913    14.7876    -1.8555      0.149     0.5774    -0.4197 -9.990e-29
 267.859855      0.149   0.952413    14.7612    -1.8559      0.148     0.5930    -0.4036 -9.990e-29
 267.859861      0.146   0.976837    14.7492    -1.8557      0.145     0.6090    -0.3894 -9.990e-29
 267.859867      0.145   0.995957    14.7469    -1.8555      0.144     0.6215    -0.3794 -9.990e-29
 267.859873      0.150   1.009219    14.7486    -1.8557      0.149     0.6301    -0.3730 -9.990e-29
 267.859878      0.157   1.023221    14.7532    -1.8556      0.156     0.6391    -0.3667 -9.990e-29
 267.859884      0.163   1.043330    14.7590    -1.8566      0.162     0.6522    -0.3575 -9.990e-29
 267.859890      0.167   1.064770    14.7641    -1.8575      0.166     0.6661    -0.3475 -9.990e-29
 267.859896      0.171   1.081765    14.7664    -1.8579      0.170     0.6771    -0.3393 -9.990e-29
 267.859902      0.174   1.094806    14.7639    -1.8580      0.173     0.6857    -0.3323 -9.990e-29
 267.859907      0.176   1.107980    14.7594    -1.8580      0.175     0.6944    -0.3249 -9.990e-29
 267.859913      0.178   1.124441    14.7571    -1.8574      0.177     0.7052    -0.3162 -9.990e-29
 267.859919      0.181   1.141195    14.7558    -1.7000      0.179     0.7162    -0.3075 -9.990e-29
 267.859925      0.183   1.153978    14.7520    -1.6583      0.181     0.7247    -0.3004 -9.990e-29
 267.859931      0.185   1.162097    14.7437    -1.5408      0.183     0.7302    -0.2949 -9.990e-29
 267.859936      0.188   1.170834    14.7311    -1.5436      0.186     0.7361    -0.2884 -9.990e-29
 267.859942      0.190   1.182416    14.7192    -1.5455      0.188     0.7440    -0.2806 -9.990e-29
 267.859948      0.194   1.195103    14.7135    -1.5455      0.192     0.7524    -0.2732 -9.990e-29
 267.859954      0.198   1.236897    14.7190    -1.5438      0.196     0.7798    -0.2528 -9.990e-29
 267.859959      0.203   1.396223    14.7481    -1.5410      0.201     0.8847    -0.1761 -9.990e-29
 267.859965      0.210   1.904358    14.8378    -1.5421      0.208     1.2228     0.0714 -9.990e-29
 267.859971      0.218   3.438815    15.0351    -1.5431      0.216     2.2716     0.8493 -9.990e-29
 267.859977      0.229   8.031125    15.2890    -1.5441      0.227     5.5800     3.3487 -9.990e-29
 267.859983      0.248  15.755953    15.4676    -1.5424      0.246    11.4972     7.8468 -9.990e-29
 267.859988      0.279  23.820874    15.5298    -1.5408      0.277    18.0131    12.8190 -9.990e-29
 267.859994      0.320  30.332782    15.5273    -1.5391      0.317    23.4923    17.0150 -9.990e-29
