data/oxygen options/ONMS/Olympic_Coast_National_Marine_Sanctuary_CTD_Data_2005_2023/raw_data/2018/CAST_CA015_180928faed.cnv
* Sea-Bird SBE 19 Data File:
* FileName = C:\2018 Mooring Data\Casts\CAST_CA015_180928.hex
* Software Version SeatermAF 2.1.2
* Temperature SN = 2997
* Conductivity SN = 2997
* System UpLoad Time = Sep 28 2018 16:52:40 (localtime) = Sep 28 2018 16:52:40 (UTC)
** CAST_CA015_180928
* ds
# nquan = 9                                 
# nvalues = 1022                        
# units = specified
# name 0 = timeJ: Julian Days
# name 1 = prSM: Pressure, Strain Gauge [db]
# name 2 = c0mS/cm: Conductivity [mS/cm]
# name 3 = t090C: Temperature [ITS-90, deg C]
# name 4 = sbeox0ML/L: Oxygen, SBE 43 [ml/l]
# name 5 = depSM: Depth [salt water, m], lat = 47.5
# name 6 = sal00: Salinity, Practical [PSU]
# name 7 = sigma-é00: Density [sigma-theta, kg/m^3]
# name 8 = flag: flag
# span 0 = 271.686157, 271.692066       
# span 1 =     -4.907,     19.059       
# span 2 =   0.016067,  38.083322       
# span 3 =     9.9117,    15.0175       
# span 4 =   -12.2121,    12.0472       
# span 5 =     -4.866,     18.899       
# span 6 =     0.0143,    33.0969       
# span 7 =    -0.8898,    25.4786       
# span 8 = 0.0000e+00, 0.0000e+00       
# interval = seconds: 0.5
# start_time = Sep 28 2018 16:28:04 [Instrument's time stamp, header]
# bad_flag = -9.990e-29
*END*
 271.686157     -4.907 -9.990e-29    14.6994    -1.8643     -4.866 -9.990e-29 -9.990e-29 -9.990e-29
 271.686163     -4.899   0.017785    14.7039    -1.8641     -4.858     0.0151    -0.8431 -9.990e-29
 271.686169     -4.887   0.017785    14.7061    -1.8642     -4.846     0.0151    -0.8434 -9.990e-29
 271.686175     -4.873   0.017785    14.7072    -1.8641     -4.832     0.0151    -0.8436 -9.990e-29
 271.686181     -4.854   0.017785    14.7080    -1.8641     -4.814     0.0151    -0.8437 -9.990e-29
 271.686186     -4.831   0.017785    14.7084    -1.8641     -4.791     0.0151    -0.8438 -9.990e-29
 271.686192     -4.800   0.017784    14.7086    -1.8642     -4.760     0.0151    -0.8438 -9.990e-29
 271.686198     -4.765   0.017783    14.7091    -1.8644     -4.725     0.0151    -0.8439 -9.990e-29
 271.686204     -4.731   0.017783    14.7108    -1.8642     -4.692     0.0151    -0.8441 -9.990e-29
 271.686209     -4.702   0.017782    14.7139    -1.8639     -4.663     0.0151    -0.8446 -9.990e-29
 271.686215     -4.675   0.017781    14.7165    -1.8640     -4.636     0.0151    -0.8450 -9.990e-29
 271.686221     -4.648   0.017780    14.7178    -1.8639     -4.609     0.0151    -0.8452 -9.990e-29
 271.686227     -4.620   0.017780    14.7190    -1.8639     -4.581     0.0151    -0.8453 -9.990e-29
 271.686233     -4.589   0.017779    14.7200    -1.8640     -4.551     0.0151    -0.8455 -9.990e-29
 271.686238     -4.553   0.017778    14.7200    -1.8641     -4.515     0.0151    -0.8455 -9.990e-29
 271.686244     -4.513   0.017778    14.7188    -1.8641     -4.475     0.0151    -0.8453 -9.990e-29
 271.686250     -4.477   0.017777    14.7179    -1.8639     -4.440     0.0151    -0.8452 -9.990e-29
 271.686256     -4.446   0.017776    14.7195    -1.8639     -4.409     0.0151    -0.8454 -9.990e-29
 271.686262     -4.418   0.017775    14.7224    -1.8642     -4.381     0.0151    -0.8458 -9.990e-29
 271.686267     -4.391   0.017775    14.7244    -1.8640     -4.354     0.0151    -0.8461 -9.990e-29
 271.686273     -4.363   0.017774    14.7255    -1.8639     -4.327     0.0151    -0.8463 -9.990e-29
 271.686279     -4.333   0.017773    14.7258    -1.8640     -4.297     0.0151    -0.8463 -9.990e-29
 271.686285     -4.299   0.017773    14.7250    -1.8639     -4.263     0.0151    -0.8462 -9.990e-29
 271.686291     -4.263   0.017772    14.7240    -1.8637     -4.227     0.0151    -0.8461 -9.990e-29
 271.686296     -4.232   0.017771    14.7240    -1.8635     -4.197     0.0151    -0.8461 -9.990e-29
 271.686302     -4.206   0.017770    14.7247    -1.8634     -4.171     0.0151    -0.8462 -9.990e-29
 271.686308     -4.186   0.017770    14.7245    -1.8636     -4.151     0.0151    -0.8461 -9.990e-29
 271.686314     -4.164   0.017769    14.7240    -1.8639     -4.129     0.0151    -0.8461 -9.990e-29
 271.686319     -4.136   0.017768    14.7249    -1.8641     -4.102     0.0151    -0.8462 -9.990e-29
 271.686325     -4.105   0.017767    14.7263    -1.8643     -4.071     0.0151    -0.8464 -9.990e-29
 271.686331     -4.072   0.017767    14.7277    -1.8641     -4.038     0.0151    -0.8466 -9.990e-29
 271.686337     -4.035   0.017766    14.7304    -1.8641     -4.001     0.0151    -0.8470 -9.990e-29
 271.686343     -3.996   0.017765    14.7342    -1.8643     -3.963     0.0151    -0.8476 -9.990e-29
 271.686348     -3.962   0.017765    14.7372    -1.8644     -3.929     0.0151    -0.8480 -9.990e-29
 271.686354     -3.934   0.017764    14.7376    -1.8646     -3.901     0.0151    -0.8481 -9.990e-29
 271.686360     -3.911   0.017763    14.7349    -1.8644     -3.878     0.0151    -0.8477 -9.990e-29
 271.686366     -3.891   0.017762    14.7304    -1.8646     -3.859     0.0151    -0.8470 -9.990e-29
 271.686372     -3.873   0.017762    14.7261    -1.8647     -3.841     0.0151    -0.8464 -9.990e-29
 271.686377     -3.856   0.017761    14.7237    -1.8647     -3.824     0.0151    -0.8460 -9.990e-29
 271.686383     -3.839   0.017760    14.7230    -1.8644     -3.807     0.0151    -0.8459 -9.990e-29
 271.686389     -3.820   0.017760    14.7220    -1.8645     -3.788     0.0151    -0.8458 -9.990e-29
 271.686395     -3.799   0.017759    14.7200    -1.8645     -3.767     0.0151    -0.8455 -9.990e-29
 271.686400     -3.773   0.017758    14.7177    -1.8643     -3.742     0.0151    -0.8451 -9.990e-29
 271.686406     -3.743   0.017757    14.7162    -1.8641     -3.712     0.0151    -0.8449 -9.990e-29
 271.686412     -3.709   0.017757    14.7155    -1.8638     -3.678     0.0151    -0.8448 -9.990e-29
 271.686418     -3.678   0.017756    14.7142    -1.8637     -3.647     0.0151    -0.8446 -9.990e-29
 271.686424     -3.653   0.017755    14.7131    -1.8634     -3.623     0.0151    -0.8445 -9.990e-29
 271.686429     -3.632   0.017754    14.7139    -1.8630     -3.602     0.0151    -0.8446 -9.990e-29
 271.686435     -3.614   0.017754    14.7159    -1.8628     -3.584     0.0151    -0.8449 -9.990e-29
 271.686441     -3.597   0.017753    14.7174    -1.8628     -3.567     0.0151    -0.8451 -9.990e-29
 271.686447     -3.580   0.017752    14.7191    -1.8627     -3.550     0.0151    -0.8453 -9.990e-29
 271.686453     -3.563   0.017752    14.7224    -1.8627     -3.533     0.0151    -0.8458 -9.990e-29
 271.686458     -3.544   0.017751    14.7272    -1.8626     -3.514     0.0151    -0.8465 -9.990e-29
 271.686464     -3.522   0.017750    14.7328    -1.8626     -3.493     0.0151    -0.8474 -9.990e-29
 271.686470     -3.495   0.017749    14.7389    -1.8626     -3.466     0.0151    -0.8483 -9.990e-29
 271.686476     -3.467   0.017749    14.7457    -1.8629     -3.438     0.0151    -0.8493 -9.990e-29
 271.686481     -3.439   0.017748    14.7528    -1.8630     -3.410     0.0151    -0.8503 -9.990e-29
 271.686487     -3.410   0.017747    14.7581    -1.8630     -3.382     0.0151    -0.8511 -9.990e-29
 271.686493     -3.383   0.017747    14.7610    -1.8628     -3.355     0.0151    -0.8515 -9.990e-29
 271.686499     -3.360   0.017746    14.7628    -1.8625     -3.332     0.0151    -0.8518 -9.990e-29
 271.686505     -3.339   0.017745    14.7644    -1.8628     -3.311     0.0151    -0.8520 -9.990e-29
 271.686510     -3.319   0.017744    14.7655    -1.8631     -3.291     0.0151    -0.8522 -9.990e-29
 271.686516     -3.299   0.017744    14.7655    -1.8633     -3.271     0.0151    -0.8522 -9.990e-29
 271.686522     -3.278   0.017743    14.7640    -1.8633     -3.251     0.0151    -0.8520 -9.990e-29
 271.686528     -3.254   0.017742    14.7615    -1.8636     -3.227     0.0151    -0.8516 -9.990e-29
 271.686534     -3.230   0.017741    14.7594    -1.8639     -3.203     0.0151    -0.8513 -9.990e-29
 271.686539     -3.209   0.017741    14.7595    -1.8641     -3.182     0.0151    -0.8513 -9.990e-29
 271.686545     -3.184   0.017740    14.7617    -1.8639     -3.157     0.0151    -0.8516 -9.990e-29
 271.686551     -3.156   0.017739    14.7629    -1.8639     -3.130     0.0151    -0.8518 -9.990e-29
 271.686557     -3.130   0.017739    14.7604    -1.8641     -3.104     0.0151    -0.8514 -9.990e-29
 271.686562     -3.109   0.017738    14.7555    -1.8638     -3.083     0.0151    -0.8507 -9.990e-29
 271.686568     -3.091   0.017737    14.7510    -1.8635     -3.065     0.0151    -0.8501 -9.990e-29
 271.686574     -3.075   0.017736    14.7467    -1.8632     -3.049     0.0151    -0.8494 -9.990e-29
 271.686580     -3.062   0.017736    14.7416    -1.8630     -3.036     0.0151    -0.8487 -9.990e-29
 271.686586     -3.044   0.017735    14.7367    -1.8632     -3.019     0.0151    -0.8479 -9.990e-29
 271.686591     -3.018   0.017734    14.7341    -1.8634     -2.993     0.0151    -0.8476 -9.990e-29
 271.686597     -2.985   0.017734    14.7341    -1.8635     -2.960     0.0151    -0.8476 -9.990e-29
 271.686603     -2.952   0.017733    14.7343    -1.8636     -2.927     0.0151    -0.8476 -9.990e-29
 271.686609     -2.925   0.017732    14.7352    -1.8637     -2.901     0.0151    -0.8477 -9.990e-29
 271.686615     -2.908   0.017731    14.7391    -1.8640     -2.884     0.0151    -0.8483 -9.990e-29
 271.686620     -2.894   0.017731    14.7452    -1.8641     -2.870     0.0151    -0.8492 -9.990e-29
 271.686626     -2.879   0.017730    14.7505    -1.8642     -2.855     0.0151    -0.8500 -9.990e-29
 271.686632     -2.866   0.017729    14.7526    -1.8643     -2.842     0.0151    -0.8503 -9.990e-29
 271.686638     -2.854   0.017728    14.7513    -1.8644     -2.830     0.0151    -0.8501 -9.990e-29
 271.686644     -2.838   0.017728    14.7483    -1.8644     -2.814     0.0151    -0.8497 -9.990e-29
 271.686649     -2.821   0.017727    14.7454    -1.8647     -2.797     0.0151    -0.8492 -9.990e-29
 271.686655     -2.807   0.017726    14.7426    -1.8648     -2.784     0.0151    -0.8488 -9.990e-29
 271.686661     -2.794   0.017726    14.7390    -1.8647     -2.771     0.0151    -0.8483 -9.990e-29
 271.686667     -2.782   0.017725    14.7346    -1.8647     -2.759     0.0151    -0.8476 -9.990e-29
 271.686672     -2.770   0.017724    14.7309    -1.8646     -2.747     0.0151    -0.8471 -9.990e-29
 271.686678     -2.757   0.017723    14.7282    -1.8647     -2.734     0.0151    -0.8467 -9.990e-29
 271.686684     -2.743   0.017723    14.7259    -1.8645     -2.720     0.0151    -0.8463 -9.990e-29
 271.686690     -2.727   0.017722    14.7237    -1.8645     -2.704     0.0151    -0.8460 -9.990e-29
 271.686696     -2.706   0.017721    14.7213    -1.8645     -2.683     0.0151    -0.8457 -9.990e-29
 271.686701     -2.681   0.017721    14.7186    -1.8646     -2.659     0.0151    -0.8453 -9.990e-29
 271.686707     -2.654   0.017720    14.7167    -1.8647     -2.632     0.0151    -0.8450 -9.990e-29
 271.686713     -2.632   0.017719    14.7165    -1.8648     -2.610     0.0151    -0.8450 -9.990e-29
 271.686719     -2.617   0.017718    14.7168    -1.8649     -2.595     0.0151    -0.8450 -9.990e-29
 271.686725     -2.609   0.017718    14.7170    -1.8650     -2.587     0.0151    -0.8450 -9.990e-29
 271.686730     -2.599   0.017717    14.7181    -1.8649     -2.577     0.0151    -0.8452 -9.990e-29
 271.686736     -2.576   0.017716    14.7202    -1.8651     -2.555     0.0151    -0.8455 -9.990e-29
 271.686742     -2.550   0.017715    14.7216    -1.8650     -2.529     0.0151    -0.8457 -9.990e-29
 271.686748     -2.525   0.017715    14.7212    -1.8649     -2.504     0.0151    -0.8457 -9.990e-29
 271.686753     -2.501   0.017714    14.7195    -1.8645     -2.480     0.0151    -0.8454 -9.990e-29
 271.686759     -2.477   0.017713    14.7175    -1.8642     -2.456     0.0151    -0.8451 -9.990e-29
 271.686765     -2.450   0.017713    14.7153    -1.8641     -2.430     0.0151    -0.8448 -9.990e-29
 271.686771     -2.424   0.017712    14.7133    -1.8637     -2.404     0.0151    -0.8445 -9.990e-29
 271.686777     -2.400   0.017711    14.7123    -1.8637     -2.380     0.0151    -0.8443 -9.990e-29
 271.686782     -2.378   0.017710    14.7117    -1.8638     -2.358     0.0151    -0.8443 -9.990e-29
 271.686788     -2.356   0.017710    14.7114    -1.8638     -2.336     0.0151    -0.8442 -9.990e-29
 271.686794     -2.333   0.017709    14.7128    -1.8642     -2.314     0.0151    -0.8444 -9.990e-29
 271.686800     -2.311   0.017708    14.7169    -1.8644     -2.292     0.0151    -0.8450 -9.990e-29
 271.686806     -2.293   0.017708    14.7230    -1.8647     -2.274     0.0151    -0.8459 -9.990e-29
 271.686811     -2.278   0.017707    14.7293    -1.8644     -2.259     0.0151    -0.8468 -9.990e-29
 271.686817     -2.265   0.017706    14.7350    -1.8640     -2.246     0.0151    -0.8477 -9.990e-29
 271.686823     -2.254   0.017705    14.7396    -1.8637     -2.235     0.0151    -0.8484 -9.990e-29
 271.686829     -2.244   0.017705    14.7414    -1.8633     -2.225     0.0151    -0.8486 -9.990e-29
 271.686834     -2.233   0.017704    14.7404    -1.8629     -2.214     0.0151    -0.8485 -9.990e-29
 271.686840     -2.222   0.017703    14.7375    -1.8628     -2.203     0.0151    -0.8481 -9.990e-29
 271.686846     -2.209   0.017702    14.7328    -1.8629     -2.191     0.0151    -0.8474 -9.990e-29
 271.686852     -2.194   0.017702    14.7281    -1.8630     -2.176     0.0151    -0.8467 -9.990e-29
 271.686858     -2.176   0.017701    14.7264    -1.8628     -2.158     0.0151    -0.8464 -9.990e-29
 271.686863     -2.158   0.017700    14.7296    -1.8625     -2.140     0.0151    -0.8469 -9.990e-29
 271.686869     -2.143   0.017700    14.7368    -1.8629     -2.125     0.0151    -0.8480 -9.990e-29
 271.686875     -2.126   0.017699    14.7455    -1.8632     -2.108     0.0151    -0.8492 -9.990e-29
 271.686881     -2.105   0.017699    14.7543    -1.8629     -2.087     0.0151    -0.8505 -9.990e-29
 271.686887     -2.085   0.017699    14.7616    -1.8626     -2.068     0.0151    -0.8516 -9.990e-29
 271.686892     -2.062   0.017699    14.7657    -1.8623     -2.045     0.0151    -0.8522 -9.990e-29
 271.686898     -2.041   0.017699    14.7665    -1.8624     -2.024     0.0151    -0.8523 -9.990e-29
 271.686904     -2.025   0.017699    14.7667    -1.8624     -2.008     0.0151    -0.8524 -9.990e-29
 271.686910     -2.011   0.017699    14.7684    -1.8625     -1.994     0.0151    -0.8526 -9.990e-29
 271.686916     -2.001   0.017699    14.7692    -1.8622     -1.984     0.0151    -0.8527 -9.990e-29
 271.686921     -1.991   0.017700    14.7670    -1.8619     -1.974     0.0151    -0.8524 -9.990e-29
 271.686927     -1.983   0.017700    14.7654    -1.8619     -1.966     0.0151    -0.8522 -9.990e-29
 271.686933     -1.975   0.017700    14.7680    -1.8621     -1.959     0.0151    -0.8526 -9.990e-29
 271.686939     -1.968   0.017700    14.7732    -1.8623     -1.952     0.0151    -0.8533 -9.990e-29
 271.686944     -1.960   0.017700    14.7775    -1.8622     -1.944     0.0151    -0.8540 -9.990e-29
 271.686950     -1.951   0.017701    14.7794    -1.8618     -1.935     0.0151    -0.8543 -9.990e-29
 271.686956     -1.941   0.017701    14.7798    -1.8616     -1.925     0.0151    -0.8543 -9.990e-29
 271.686962     -1.929   0.017701    14.7810    -1.8615     -1.913     0.0151    -0.8545 -9.990e-29
 271.686968     -1.914   0.017701    14.7846    -1.8617     -1.898     0.0151    -0.8550 -9.990e-29
 271.686973     -1.895   0.017701    14.7886    -1.8617     -1.879     0.0151    -0.8556 -9.990e-29
 271.686979     -1.871   0.017702    14.7900    -1.8615     -1.855     0.0151    -0.8558 -9.990e-29
 271.686985     -1.841   0.017702    14.7893    -1.8615     -1.826     0.0151    -0.8557 -9.990e-29
 271.686991     -1.806   0.017702    14.7888    -1.8616     -1.791     0.0151    -0.8556 -9.990e-29
 271.686997     -1.778   0.017702    14.7906    -1.8618     -1.763     0.0151    -0.8559 -9.990e-29
 271.687002     -1.763   0.017702    14.7949    -1.8617     -1.748     0.0151    -0.8565 -9.990e-29
 271.687008     -1.756   0.017703    14.7992    -1.8618     -1.741     0.0151    -0.8572 -9.990e-29
 271.687014     -1.752   0.017703    14.8010    -1.8620     -1.737     0.0151    -0.8575 -9.990e-29
 271.687020     -1.752   0.017703    14.8009    -1.8617     -1.737     0.0151    -0.8574 -9.990e-29
 271.687025     -1.754   0.017703    14.8010    -1.8613     -1.739     0.0151    -0.8575 -9.990e-29
 271.687031     -1.759   0.017703    14.8019    -1.8613     -1.744     0.0151    -0.8576 -9.990e-29
 271.687037     -1.764   0.017703    14.8017    -1.8613     -1.749     0.0151    -0.8576 -9.990e-29
 271.687043     -1.764   0.017704    14.8000    -1.8616     -1.749     0.0151    -0.8573 -9.990e-29
 271.687049     -1.758   0.017704    14.7985    -1.8619     -1.743     0.0151    -0.8571 -9.990e-29
 271.687054     -1.748   0.017704    14.7977    -1.8620     -1.733     0.0151    -0.8570 -9.990e-29
 271.687060     -1.736   0.017704    14.7967    -1.8619     -1.722     0.0151    -0.8568 -9.990e-29
 271.687066     -1.726   0.017704    14.7970    -1.8620     -1.712     0.0151    -0.8569 -9.990e-29
 271.687072     -1.718   0.017705    14.8004    -1.8621     -1.704     0.0151    -0.8574 -9.990e-29
 271.687078     -1.710   0.017705    14.8048    -1.8618     -1.696     0.0151    -0.8580 -9.990e-29
