data/oxygen options/ONMS/Olympic_Coast_National_Marine_Sanctuary_CTD_Data_2005_2023/raw_data/2018/CAST_TH015_180709faed.cnv
* Sea-Bird SBE19 Data File:
* FileName = C:\2018 Mooring Data\Casts\CAST_TH015_180709.hex
* Software Version 1.59
* Temperature SN = 2997
* Conductivity SN = 2997
* System UpLoad Time = Jul 09 2018 23:10:32
** CAST_TH015_180709
* ds
# nquan = 9                                 
# nvalues = 2843                        
# units = specified
# name 0 = timeJ: Julian Days
# name 1 = prSM: Pressure, Strain Gauge [db]
# name 2 = c0mS/cm: Conductivity [mS/cm]
# name 3 = t090C: Temperature [ITS-90, deg C]
# name 4 = sbeox0ML/L: Oxygen, SBE 43 [ml/l]
# name 5 = depSM: Depth [salt water, m], lat = 47.5
# name 6 = sal00: Salinity, Practical [PSU]
# name 7 = sigma-é00: Density [sigma-theta, kg/m^3]
# name 8 = flag: flag
# span 0 = 190.948183, 190.964630       
# span 1 =     -5.377,     14.315       
# span 2 =   0.463046,  39.535276       
# span 3 =    12.6366,    15.2458       
# span 4 =   -11.8272,    16.3312       
# span 5 =     -5.332,     14.195       
# span 6 =     0.2829,    32.7162       
# span 7 =    -0.6927,    24.6902       
# span 8 = 0.0000e+00, 0.0000e+00       
# interval = seconds: 0.5
# start_time = Jul 09 2018 22:45:23 [Instrument's time stamp, header]
# bad_flag = -9.990e-29
*END*
[from data line 1921]
 190.959300      0.731   0.717040    14.3388    -1.8780      0.725     0.4461    -0.4554 -9.990e-29
 190.959306      0.723   0.712914    14.3340    -1.8782      0.717     0.4435    -0.4568 -9.990e-29
 190.959311      0.716   0.707752    14.3281    -1.8782      0.710     0.4402    -0.4584 -9.990e-29
 190.959317      0.708   0.704093    14.3219    -1.8779      0.702     0.4379    -0.4593 -9.990e-29
 190.959323      0.700   0.702784    14.3148    -1.8777      0.694     0.4371    -0.4589 -9.990e-29
 190.959329      0.695   0.702633    14.3067    -1.8773      0.689     0.4371    -0.4577 -9.990e-29
 190.959334      0.697   0.701962    14.2996    -1.8769      0.691     0.4368    -0.4570 -9.990e-29
 190.959340      0.701   0.699876    14.2942    -1.8765      0.695     0.4355    -0.4572 -9.990e-29
 190.959346      0.704   0.696545    14.2881    -1.8762      0.698     0.4334    -0.4580 -9.990e-29
 190.959352      0.707   0.692516    14.2818    -1.8757      0.701     0.4309    -0.4590 -9.990e-29
 190.959358      0.708   0.688511    14.2782    -1.8753      0.702     0.4283    -0.4605 -9.990e-29
 190.959363      0.709   0.685284    14.2787    -1.8752      0.703     0.4262    -0.4622 -9.990e-29
 190.959369      0.709   0.682963    14.2831    -1.8755      0.703     0.4247    -0.4640 -9.990e-29
 190.959375      0.708   0.681223    14.2901    -1.8759      0.702     0.4235    -0.4659 -9.990e-29
 190.959381      0.707   0.679961    14.2988    -1.8761      0.701     0.4226    -0.4679 -9.990e-29
 190.959387      0.705   0.679154    14.3083    -1.8761      0.699     0.4220    -0.4697 -9.990e-29
 190.959392      0.702   0.678280    14.3181    -1.8761      0.696     0.4213    -0.4716 -9.990e-29
 190.959398      0.698   0.676727    14.3276    -1.8759      0.692     0.4202    -0.4739 -9.990e-29
 190.959404      0.692   0.674641    14.3366    -1.8758      0.686     0.4188    -0.4763 -9.990e-29
 190.959410      0.689   0.672563    14.3439    -1.8758      0.683     0.4174    -0.4784 -9.990e-29
 190.959416      0.693   0.670492    14.3466    -1.8760      0.687     0.4160    -0.4799 -9.990e-29
 190.959421      0.699   0.667881    14.3438    -1.8762      0.693     0.4143    -0.4807 -9.990e-29
 190.959427      0.703   0.664574    14.3386    -1.8765      0.697     0.4123    -0.4816 -9.990e-29
 190.959433      0.707   0.661702    14.3348    -1.8764      0.701     0.4105    -0.4825 -9.990e-29
 190.959439      0.710   0.660420    14.3337    -1.8765      0.704     0.4097    -0.4829 -9.990e-29
 190.959444      0.712   0.660125    14.3347    -1.8764      0.706     0.4095    -0.4832 -9.990e-29
 190.959450      0.714   0.659317    14.3366    -1.8764      0.708     0.4089    -0.4839 -9.990e-29
 190.959456      0.715   0.657471    14.3377    -1.8765      0.709     0.4077    -0.4850 -9.990e-29
 190.959462      0.716   0.655448    14.3370    -1.8765      0.710     0.4064    -0.4859 -9.990e-29
 190.959468      0.716   0.653876    14.3345    -1.8763      0.710     0.4054    -0.4863 -9.990e-29
 190.959473      0.716   0.652318    14.3308    -1.8761      0.710     0.4045    -0.4865 -9.990e-29
 190.959479      0.716   0.650361    14.3279    -1.8759      0.710     0.4033    -0.4871 -9.990e-29
 190.959485      0.716   0.648165    14.3268    -1.8759      0.710     0.4019    -0.4880 -9.990e-29
 190.959491      0.716   0.646124    14.3266    -1.8761      0.710     0.4005    -0.4890 -9.990e-29
 190.959497      0.715   0.644285    14.3267    -1.8764      0.709     0.3994    -0.4899 -9.990e-29
 190.959502      0.714   0.642413    14.3266    -1.8765      0.708     0.3982    -0.4908 -9.990e-29
 190.959508      0.713   0.640781    14.3265    -1.8764      0.707     0.3971    -0.4916 -9.990e-29
 190.959514      0.711   0.639984    14.3279    -1.8764      0.705     0.3966    -0.4922 -9.990e-29
 190.959520      0.709   0.639511    14.3314    -1.8763      0.703     0.3963    -0.4930 -9.990e-29
 190.959525      0.706   0.638178    14.3357    -1.8763      0.700     0.3954    -0.4943 -9.990e-29
 190.959531      0.702   0.635867    14.3383    -1.8763      0.696     0.3938    -0.4958 -9.990e-29
 190.959537      0.697   0.633374    14.3381    -1.8764      0.691     0.3922    -0.4971 -9.990e-29
 190.959543      0.694   0.631253    14.3356    -1.8763      0.688     0.3909    -0.4977 -9.990e-29
 190.959549      0.699   0.629446    14.3325    -1.8764      0.693     0.3898    -0.4982 -9.990e-29
 190.959554      0.706   0.627761    14.3306    -1.8766      0.700     0.3887    -0.4987 -9.990e-29
 190.959560      0.712   0.626164    14.3304    -1.8768      0.706     0.3877    -0.4995 -9.990e-29
 190.959566      0.718   0.624743    14.3311    -1.8766      0.712     0.3868    -0.5003 -9.990e-29
 190.959572      0.724   0.623818    14.3320    -1.8764      0.718     0.3862    -0.5009 -9.990e-29
 190.959578      0.730   0.623263    14.3327    -1.8761      0.724     0.3858    -0.5013 -9.990e-29
 190.959583      0.737   0.622337    14.3330    -1.8757      0.731     0.3852    -0.5018 -9.990e-29
 190.959589      0.745   0.620911    14.3331    -1.8752      0.739     0.3843    -0.5025 -9.990e-29
 190.959595      0.750   0.619299    14.3328    -1.8747      0.744     0.3833    -0.5032 -9.990e-29
 190.959601      0.749   0.617567    14.3314    -1.8743      0.743     0.3822    -0.5039 -9.990e-29
 190.959606      0.745   0.615622    14.3293    -1.8746      0.739     0.3810    -0.5045 -9.990e-29
 190.959612      0.743   0.613641    14.3287    -1.8755      0.737     0.3797    -0.5054 -9.990e-29
 190.959618      0.742   0.611752    14.3313    -1.8763      0.736     0.3785    -0.5068 -9.990e-29
 190.959624      0.743   0.609650    14.3367    -1.8769      0.737     0.3771    -0.5086 -9.990e-29
 190.959630      0.745   0.607858    14.3442    -1.8773      0.739     0.3758    -0.5107 -9.990e-29
 190.959635      0.749   0.607308    14.3534    -1.8776      0.743     0.3754    -0.5123 -9.990e-29
 190.959641      0.754   0.607820    14.3635    -1.8775      0.748     0.3756    -0.5136 -9.990e-29
 190.959647      0.758   0.608416    14.3724    -1.8773      0.752     0.3759    -0.5146 -9.990e-29
 190.959653      0.755   0.608226    14.3760    -1.8772      0.749     0.3758    -0.5153 -9.990e-29
 190.959659      0.751   0.606995    14.3705    -1.8774      0.745     0.3750    -0.5151 -9.990e-29
 190.959664      0.748   0.604744    14.3568    -1.8772      0.742     0.3737    -0.5141 -9.990e-29
 190.959670      0.747   0.601796    14.3407    -1.8770      0.741     0.3720    -0.5131 -9.990e-29
 190.959676      0.748   0.599205    14.3269    -1.8771      0.742     0.3705    -0.5123 -9.990e-29
 190.959682      0.750   0.597948    14.3170    -1.8773      0.744     0.3698    -0.5115 -9.990e-29
 190.959688      0.751   0.598011    14.3115    -1.8778      0.745     0.3698    -0.5106 -9.990e-29
 190.959693      0.744   0.598368    14.3104    -1.8781      0.738     0.3701    -0.5103 -9.990e-29
 190.959699      0.735   0.597830    14.3119    -1.8784      0.729     0.3697    -0.5108 -9.990e-29
 190.959705      0.727   0.596235    14.3131    -1.8783      0.721     0.3687    -0.5117 -9.990e-29
 190.959711      0.719   0.594224    14.3137    -1.8782      0.713     0.3674    -0.5128 -9.990e-29
 190.959716      0.712   0.592441    14.3153    -1.8786      0.706     0.3663    -0.5139 -9.990e-29
 190.959722      0.703   0.591279    14.3169    -1.8789      0.697     0.3655    -0.5148 -9.990e-29
 190.959728      0.698   0.590294    14.3159    -1.8788      0.692     0.3649    -0.5151 -9.990e-29
 190.959734      0.700   0.588727    14.3110    -1.8787      0.694     0.3639    -0.5151 -9.990e-29
 190.959740      0.705   0.586703    14.3036    -1.8789      0.699     0.3627    -0.5150 -9.990e-29
 190.959745      0.710   0.584848    14.2968    -1.8792      0.704     0.3616    -0.5149 -9.990e-29
 190.959751      0.713   0.583455    14.2923    -1.8793      0.707     0.3607    -0.5149 -9.990e-29
 190.959757      0.716   0.582330    14.2904    -1.8795      0.710     0.3600    -0.5152 -9.990e-29
 190.959763      0.719   0.581080    14.2885    -1.8793      0.713     0.3592    -0.5155 -9.990e-29
 190.959769      0.722   0.579698    14.2844    -1.8791      0.716     0.3584    -0.5156 -9.990e-29
 190.959774      0.725   0.578558    14.2807    -1.8790      0.719     0.3577    -0.5156 -9.990e-29
 190.959780      0.728   0.577800    14.2795    -1.8790      0.722     0.3572    -0.5158 -9.990e-29
 190.959786      0.731   0.576967    14.2786    -1.8792      0.725     0.3567    -0.5161 -9.990e-29
 190.959792      0.736   0.575504    14.2756    -1.8792      0.730     0.3558    -0.5164 -9.990e-29
 190.959797      0.741   0.573674    14.2714    -1.8792      0.735     0.3546    -0.5166 -9.990e-29
 190.959803      0.743   0.572359    14.2677    -1.8790      0.737     0.3538    -0.5167 -9.990e-29
 190.959809      0.739   0.572022    14.2661    -1.8788      0.733     0.3536    -0.5167 -9.990e-29
 190.959815      0.731   0.572214    14.2674    -1.8786      0.725     0.3537    -0.5168 -9.990e-29
 190.959821      0.724   0.572082    14.2702    -1.8787      0.718     0.3536    -0.5173 -9.990e-29
 190.959826      0.717   0.571447    14.2720    -1.8791      0.711     0.3532    -0.5178 -9.990e-29
 190.959832      0.710   0.570572    14.2719    -1.8795      0.704     0.3527    -0.5183 -9.990e-29
 190.959838      0.706   0.569397    14.2710    -1.8795      0.700     0.3519    -0.5187 -9.990e-29
 190.959844      0.710   0.568016    14.2709    -1.8794      0.704     0.3510    -0.5194 -9.990e-29
 190.959850      0.718   0.566804    14.2723    -1.8793      0.712     0.3502    -0.5202 -9.990e-29
 190.959855      0.726   0.566357    14.2755    -1.8793      0.720     0.3499    -0.5209 -9.990e-29
 190.959861      0.734   0.567187    14.2793    -1.8793      0.728     0.3504    -0.5210 -9.990e-29
 190.959867      0.743   0.568739    14.2814    -1.8791      0.737     0.3514    -0.5206 -9.990e-29
 190.959873      0.749   0.569755    14.2794    -1.8790      0.743     0.3521    -0.5198 -9.990e-29
 190.959878      0.748   0.569374    14.2740    -1.8789      0.742     0.3519    -0.5192 -9.990e-29
 190.959884      0.745   0.567642    14.2688    -1.8791      0.739     0.3508    -0.5192 -9.990e-29
 190.959890      0.743   0.565572    14.2666    -1.8796      0.737     0.3495    -0.5199 -9.990e-29
 190.959896      0.743   0.564281    14.2668    -1.8796      0.737     0.3487    -0.5206 -9.990e-29
 190.959902      0.744   0.564265    14.2679    -1.8795      0.738     0.3487    -0.5208 -9.990e-29
 190.959907      0.747   0.564946    14.2692    -1.8793      0.741     0.3491    -0.5206 -9.990e-29
 190.959913      0.752   0.565014    14.2711    -1.8793      0.746     0.3491    -0.5209 -9.990e-29
 190.959919      0.758   0.564005    14.2734    -1.8789      0.752     0.3485    -0.5217 -9.990e-29
 190.959925      0.763   0.562789    14.2750    -1.8784      0.757     0.3477    -0.5226 -9.990e-29
 190.959931      0.761   0.562515    14.2745    -1.8779      0.755     0.3475    -0.5226 -9.990e-29
 190.959936      0.759   0.563372    14.2710    -1.8776      0.753     0.3481    -0.5217 -9.990e-29
 190.959942      0.758   0.564284    14.2664    -1.8775      0.752     0.3487    -0.5206 -9.990e-29
 190.959948      0.760   0.564249    14.2639    -1.8774      0.754     0.3487    -0.5202 -9.990e-29
 190.959954      0.761   0.564329    14.2638    -1.8771      0.755     0.3487    -0.5201 -9.990e-29
 190.959959      0.755   0.566846    14.2650    -1.8767      0.749     0.3503    -0.5191 -9.990e-29
 190.959965      0.747   0.572937    14.2676    -1.8764      0.741     0.3542    -0.5164 -9.990e-29
 190.959971      0.741   0.582412    14.2727    -1.8763      0.735     0.3602    -0.5125 -9.990e-29
 190.959977      0.736   0.594606    14.2797    -1.8763      0.730     0.3680    -0.5075 -9.990e-29
 190.959983      0.733   0.608600    14.2861    -1.8759      0.727     0.3769    -0.5015 -9.990e-29
 190.959988      0.730   0.624216    14.2900    -1.8758      0.724     0.3868    -0.4943 -9.990e-29
 190.959994      0.728   0.642326    14.2912    -1.8755      0.722     0.3985    -0.4855 -9.990e-29
 190.960000      0.726   0.663250    14.2921    -1.8752      0.720     0.4119    -0.4752 -9.990e-29
 190.960006      0.725   0.686073    14.2943    -1.8752      0.719     0.4266    -0.4641 -9.990e-29
 190.960012      0.724   0.709085    14.2973    -1.8751      0.718     0.4414    -0.4531 -9.990e-29
 190.960017      0.723   0.731032    14.2997    -1.8751      0.717     0.4556    -0.4424 -9.990e-29
 190.960023      0.722   0.751838    14.3010    -1.8751      0.716     0.4690    -0.4322 -9.990e-29
 190.960029      0.722   0.771168    14.3031    -1.8754      0.716     0.4815    -0.4228 -9.990e-29
 190.960035      0.721   0.787614    14.3071    -1.8752      0.715     0.4921    -0.4152 -9.990e-29
 190.960041      0.721   0.799447    14.3120    -1.8750      0.715     0.4998    -0.4099 -9.990e-29
 190.960046      0.721   0.806377    14.3167    -1.8747      0.715     0.5042    -0.4072 -9.990e-29
 190.960052      0.721   0.810994    14.3198    -1.8744      0.715     0.5072    -0.4053 -9.990e-29
 190.960058      0.720   0.816687    14.3210    -1.8743      0.714     0.5109    -0.4026 -9.990e-29
 190.960064      0.720   0.824398    14.3216    -1.8745      0.714     0.5159    -0.3988 -9.990e-29
 190.960069      0.720   0.832217    14.3215    -1.8748      0.714     0.5210    -0.3949 -9.990e-29
 190.960075      0.720   0.837825    14.3196    -1.8748      0.714     0.5246    -0.3918 -9.990e-29
 190.960081      0.720   0.841497    14.3169    -1.8749      0.714     0.5271    -0.3895 -9.990e-29
 190.960087      0.720   0.846469    14.3160    -1.8749      0.714     0.5303    -0.3868 -9.990e-29
 190.960093      0.720   0.856045    14.3180    -1.8750      0.714     0.5365    -0.3823 -9.990e-29
 190.960098      0.719   0.869692    14.3225    -1.8747      0.713     0.5454    -0.3761 -9.990e-29
 190.960104      0.719   0.882334    14.3276    -1.8744      0.713     0.5536    -0.3705 -9.990e-29
 190.960110      0.719   0.888661    14.3297    -1.8743      0.713     0.5577    -0.3676 -9.990e-29
 190.960116      0.719   0.888245    14.3272    -1.8743      0.713     0.5574    -0.3674 -9.990e-29
 190.960122      0.719   0.886072    14.3226    -1.8742      0.713     0.5561    -0.3678 -9.990e-29
 190.960127      0.718   0.887559    14.3192    -1.8740      0.712     0.5571    -0.3666 -9.990e-29
 190.960133      0.718   0.893029    14.3176    -1.8740      0.712     0.5607    -0.3635 -9.990e-29
 190.960139      0.717   0.898137    14.3177    -1.8741      0.711     0.5640    -0.3610 -9.990e-29
 190.960145      0.716   0.899165    14.3195    -1.8742      0.710     0.5647    -0.3607 -9.990e-29
 190.960150      0.715   0.896379    14.3233    -1.8745      0.709     0.5628    -0.3627 -9.990e-29
 190.960156      0.714   0.892715    14.3278    -1.8749      0.708     0.5604    -0.3653 -9.990e-29
 190.960162      0.712   0.890492    14.3312    -1.8752      0.706     0.5589    -0.3669 -9.990e-29
 190.960168      0.710   0.889520    14.3337    -1.8752      0.704     0.5582    -0.3678 -9.990e-29
 190.960174      0.707   0.888503    14.3364    -1.8755      0.701     0.5575    -0.3687 -9.990e-29
 190.960179      0.703   0.887195    14.3389    -1.8756      0.697     0.5566    -0.3698 -9.990e-29
 190.960185      0.698   0.886068    14.3396    -1.8755      0.692     0.5558    -0.3705 -9.990e-29
 190.960191      0.692   0.885284    14.3381    -1.8752      0.686     0.5554    -0.3706 -9.990e-29
 190.960197      0.684   0.884355    14.3351    -1.8749      0.678     0.5548    -0.3706 -9.990e-29
 190.960203      0.678   0.882043    14.3306    -1.8745      0.672     0.5533    -0.3711 -9.990e-29
 190.960208      0.678   0.876927    14.3248    -1.8746      0.672     0.5501    -0.3728 -9.990e-29
 190.960214      0.679   0.869392    14.3193    -1.8745      0.673     0.5452    -0.3758 -9.990e-29
