data/oxygen options/ONMS/Olympic_Coast_National_Marine_Sanctuary_CTD_Data_2005_2023/raw_data/2018/CAST_CE015_180709faed.cnv
* Sea-Bird SBE19 Data File:
* FileName = C:\2018 Mooring Data\Casts\CAST_CE015_180709.hex
* Software Version 1.59
* Temperature SN = 2997
* Conductivity SN = 2997
* System UpLoad Time = Jul 09 2018 19:00:12
** CAST_CE015_180709
* ds
# nquan = 9                                 
# nvalues = 875                         
# units = specified
# name 0 = timeJ: Julian Days
# name 1 = prSM: Pressure, Strain Gauge [db]
# name 2 = c0mS/cm: Conductivity [mS/cm]
# name 3 = t090C: Temperature [ITS-90, deg C]
# name 4 = sbeox0ML/L: Oxygen, SBE 43 [ml/l]
# name 5 = depSM: Depth [salt water, m], lat = 47.5
# name 6 = sal00: Salinity, Practical [PSU]
# name 7 = sigma-é00: Density [sigma-theta, kg/m^3]
# name 8 = flag: flag
# span 0 = 190.765810, 190.770868       
# span 1 =     -5.139,     16.111       
# span 2 =   0.242834,  39.452104       
# span 3 =    11.4064,    18.8435       
# span 4 =    -1.7297,    15.6633       
# span 5 =     -5.096,     15.976       
# span 6 =     0.1338,    32.9240       
# span 7 =    -1.4026,    25.0601       
# span 8 = 0.0000e+00, 0.0000e+00       
# interval = seconds: 0.5
# start_time = Jul 09 2018 18:22:46 [Instrument's time stamp, header]
# bad_flag = -9.990e-29
*END*
[from data line 801]
 190.770446      5.272  39.386665    14.5195     6.8674      5.228    32.1940    23.9118 0.0000e+00
 190.770451      5.144  39.381612    14.5266     6.8605      5.101    32.1836    23.9023 0.0000e+00
 190.770457      5.018  39.380651    14.5358     6.8430      4.976    32.1751    23.8938 -9.990e-29
 190.770463      4.896  39.381991    14.5476     6.8400      4.855    32.1666    23.8848 -9.990e-29
 190.770469      4.778  39.380747    14.5593     6.8369      4.738    32.1558    23.8740 -9.990e-29
 190.770475      4.661  39.376428    14.5662     6.8797      4.622    32.1462    23.8651 -9.990e-29
 190.770480      4.538  39.375091    14.5671     6.9464      4.500    32.1443    23.8635 -9.990e-29
 190.770486      4.405  39.375565    14.5673     7.0318      4.368    32.1446    23.8637 0.0000e+00
 190.770492      4.266  39.373490    14.5714     7.1072      4.230    32.1394    23.8588 0.0000e+00
 190.770498      4.126  39.370067    14.5783     7.1168      4.092    32.1306    23.8505 0.0000e+00
 190.770503      3.983  39.366945    14.5866     7.1256      3.950    32.1209    23.8413 0.0000e+00
 190.770509      3.843  39.362808    14.5971     7.0905      3.811    32.1085    23.8296 0.0000e+00
 190.770515      3.709  39.354433    14.6113     7.0805      3.678    32.0893    23.8117 0.0000e+00
 190.770521      3.580  39.343587    14.6288     7.0816      3.550    32.0650    23.7893 -9.990e-29
 190.770527      3.458  39.336027    14.6437     7.0941      3.429    32.0459    23.7714 -9.990e-29
 190.770532      3.339  39.332926    14.6507     7.1534      3.311    32.0373    23.7634 -9.990e-29
 190.770538      3.219  39.332443    14.6514     7.2273      3.192    32.0364    23.7625 -9.990e-29
 190.770544      3.099  39.331184    14.6491     7.3655      3.073    32.0372    23.7636 -9.990e-29
 190.770550      2.977  39.326958    14.6474     7.5172      2.952    32.0348    23.7621 -9.990e-29
 190.770556      2.848  39.320901    14.6555     7.6341      2.824    32.0227    23.7510 0.0000e+00
 190.770561      2.717  39.314509    14.6769     7.7485      2.694    31.9993    23.7285 0.0000e+00
 190.770567      2.589  39.307708    14.6988     7.8512      2.567    31.9752    23.7053 0.0000e+00
 190.770573      2.464  39.297640    14.7091     7.9560      2.443    31.9576    23.6896 -9.990e-29
 190.770579      2.343  39.283260    14.7105     8.0853      2.323    31.9435    23.6784 -9.990e-29
 190.770584      2.222  39.267296    14.7111     8.1626      2.203    31.9286    23.6668 -9.990e-29
 190.770590      2.098  39.252600    14.7145     8.2482      2.080    31.9125    23.6537 -9.990e-29
 190.770596      1.972  39.238670    14.7217     8.2210      1.956    31.8941    23.6379 0.0000e+00
 190.770602      1.844  39.222666    14.7403     8.1951      1.829    31.8644    23.6111 0.0000e+00
 190.770608      1.715  39.205145    14.7758     8.2326      1.701    31.8195    23.5690 0.0000e+00
 190.770613      1.585  39.186883    14.8187     8.1586      1.572    31.7681    23.5203 0.0000e+00
 190.770619      1.458  39.168788    14.8535     7.9646      1.446    31.7234    23.4785 -9.990e-29
 190.770625      1.340  39.150875    14.8782     7.6948      1.329    31.6872    23.4454 -9.990e-29
 190.770631      1.227  39.123324    14.9242     7.4861      1.217    31.6252    23.3878 -9.990e-29
 190.770637      1.116  39.055054    15.0191     8.0336      1.107    31.4871    23.2613 -9.990e-29
 190.770642      1.013  38.894299    15.1611     8.5338      1.005    31.2294    23.0325 -9.990e-29
 190.770648      0.925  38.566251    15.3133     8.6112      0.917    30.8166    22.6823 -9.990e-29
 190.770654      0.849  38.135430    15.3987     7.8877      0.842    30.3678    22.3189 -9.990e-29
 190.770660      0.782  37.873768    15.3966     7.0429      0.775    30.1378    22.1425 -9.990e-29
 190.770666      0.723  37.813874    15.3594     6.3567      0.717    30.1133    22.1317 -9.990e-29
 190.770671      0.677  37.748267    15.3208     5.9214      0.671    30.0847    22.1180 -9.990e-29
 190.770677      0.641  37.638796    15.2859     5.8322      0.636    30.0144    22.0714 -9.990e-29
 190.770683      0.608  37.359135    15.2567     5.8635      0.603    29.7888    21.9041 -9.990e-29
 190.770689      0.582  36.210495    15.2346     5.9015      0.577    28.7895    21.1407 -9.990e-29
 190.770694      0.563  32.209423    15.2166     5.9773      0.558    25.3001    18.4648 -9.990e-29
 190.770700      0.547  24.448707    15.1982     6.0439      0.542    18.6899    13.4009 -9.990e-29
 190.770706      0.529  15.733682    15.1759     6.0369      0.525    11.5645     7.9504 -9.990e-29
 190.770712      0.512   9.548461    15.1496     6.0988      0.508     6.7448     4.2645 -9.990e-29
 190.770718      0.499   6.660229    15.1238     6.1557      0.495     4.5845     2.6123 -9.990e-29
 190.770723      0.488   5.375686    15.1026     6.1978      0.484     3.6478     1.8967 -9.990e-29
 190.770729      0.480   4.491731    15.0843     6.2036      0.476     3.0134     1.4122 -9.990e-29
 190.770735      0.473   3.964594    15.0645     6.1993      0.469     2.6400     1.1282 -9.990e-29
 190.770741      0.468   3.557198    15.0419     6.2328      0.464     2.3542     0.9119 -9.990e-29
 190.770747      0.465   3.347815    15.0195     6.2485      0.461     2.2087     0.8034 -9.990e-29
 190.770752      0.462   3.420165    15.0003     6.2357      0.458     2.2605     0.8462 -9.990e-29
 190.770758      0.459   3.498989    14.9849     6.2672      0.455     2.3167     0.8919 -9.990e-29
 190.770764      0.458   3.684987    14.9714     6.2791      0.454     2.4484     0.9954 -9.990e-29
 190.770770      0.456   3.975771    14.9574     6.2838      0.452     2.6551     1.1566 -9.990e-29
 190.770775      0.455   3.934347    14.9428     6.2995      0.451     2.6267     1.1370 -9.990e-29
 190.770781      0.454   3.584375    14.9286     6.2382      0.450     2.3801     0.9494 -9.990e-29
 190.770787      0.453   3.363254    14.9142     6.2697      0.449     2.2254     0.8326 -9.990e-29
 190.770793      0.453   3.422282    14.8993     6.2852      0.449     2.2677     0.8675 -9.990e-29
 190.770799      0.452   3.480626    14.8855     6.2990      0.448     2.3096     0.9018 -9.990e-29
 190.770804      0.452   3.375831    14.8739     6.3061      0.448     2.2365     0.8474 -9.990e-29
 190.770810      0.452   3.329940    14.8641     6.2980      0.448     2.2049     0.8245 -9.990e-29
 190.770816      0.452   3.301185    14.8550 -9.990e-29      0.448     2.1852     0.8107 -9.990e-29
 190.770822      0.451   3.058672    14.8452 -9.990e-29      0.447     2.0160     0.6819 -9.990e-29
 190.770828      0.451   2.750627    14.8332 -9.990e-29      0.447     1.8023     0.5191 -9.990e-29
 190.770833      0.451   2.622029    14.8186 -9.990e-29      0.447     1.7140     0.4533 -9.990e-29
 190.770839      0.451   2.868564    14.8037 -9.990e-29      0.447     1.8856     0.5878 -9.990e-29
 190.770845      0.451   3.288467    14.7924 -9.990e-29      0.447     2.1797     0.8161 -9.990e-29
 190.770851      0.451   3.319313    14.7861 -9.990e-29      0.447     2.2017     0.8341 -9.990e-29
 190.770856      0.451   2.999634    14.7833 -9.990e-29      0.447     1.9779     0.6620 -9.990e-29
 190.770862      0.451   2.678863    14.7824 -9.990e-29      0.447     1.7549     0.4903 -9.990e-29
 190.770868      0.451   2.498977 -9.990e-29 -9.990e-29      0.447 -9.990e-29 -9.990e-29 -9.990e-29
