data/oxygen options/ONMS/Olympic_Coast_National_Marine_Sanctuary_CTD_Data_2005_2023/raw_data/2018/CAST_MB042_180825faed.cnv
* Sea-Bird SBE19 Data File:
* FileName = C:\2018 Mooring Data\Casts\CAST_MB042_180825.hex
* Software Version 1.59
* Temperature SN = 2997
* Conductivity SN = 2997
* System UpLoad Time = Aug 25 2018 18:18:32
** CAST_MB042_180825
* ds
# nquan = 9                                 
# nvalues = 1372                        
# units = specified
# name 0 = timeJ: Julian Days
# name 1 = prSM: Pressure, Strain Gauge [db]
# name 2 = c0mS/cm: Conductivity [mS/cm]
# name 3 = t090C: Temperature [ITS-90, deg C]
# name 4 = sbeox0ML/L: Oxygen, SBE 43 [ml/l]
# name 5 = depSM: Depth [salt water, m], lat = 47.5
# name 6 = sal00: Salinity, Practical [PSU]
# name 7 = sigma-é00: Density [sigma-theta, kg/m^3]
# name 8 = flag: flag
# span 0 = 237.693542, 237.701476       
# span 1 =     -5.067,     42.965       
# span 2 =   0.001589,  37.488411       
# span 3 =     8.3128,    12.6699       
# span 4 =    -1.9658,    15.5980       
# span 5 =     -5.025,     42.602       
# span 6 =     0.0067,    33.4374       
# span 7 =    -0.5747,    25.9994       
# span 8 = 0.0000e+00, 0.0000e+00       
# interval = seconds: 0.5
# start_time = Aug 25 2018 16:38:42 [Instrument's time stamp, header]
# bad_flag = -9.990e-29
*END*
[from data line 321]
 237.695399     -0.437   0.003218    12.5017    -1.9567     -0.433     0.0074    -0.5538 -9.990e-29
 237.695405     -0.430   0.003218    12.5009    -1.9566     -0.426     0.0073    -0.5537 -9.990e-29
 237.695411     -0.428   0.003218    12.4959    -1.9567     -0.424     0.0073    -0.5531 -9.990e-29
 237.695417     -0.425   0.003218    12.4885    -1.9569     -0.421     0.0073    -0.5522 -9.990e-29
 237.695422     -0.419   0.003218    12.4820    -1.9570     -0.416     0.0073    -0.5515 -9.990e-29
 237.695428     -0.412   0.003219    12.4783    -1.9573     -0.409     0.0073    -0.5510 -9.990e-29
 237.695434     -0.409   0.003219    12.4785    -1.9576     -0.406     0.0073    -0.5510 -9.990e-29
 237.695440     -0.409   0.003219    12.4821    -1.9577     -0.406     0.0073    -0.5515 -9.990e-29
 237.695446     -0.412   0.003219    12.4868    -1.9576     -0.409     0.0073    -0.5520 -9.990e-29
 237.695451     -0.414   0.003219    12.4907    -1.9574     -0.411     0.0073    -0.5525 -9.990e-29
 237.695457     -0.412   0.003220    12.4924    -1.9575     -0.409     0.0073    -0.5527 -9.990e-29
 237.695463     -0.408   0.003220    12.4913    -1.9579     -0.405     0.0073    -0.5526 -9.990e-29
 237.695469     -0.408   0.003220    12.4883    -1.9581     -0.405     0.0073    -0.5522 -9.990e-29
 237.695475     -0.411   0.003220    12.4844    -1.9581     -0.408     0.0073    -0.5517 -9.990e-29
 237.695480     -0.417   0.003220    12.4797    -1.9582     -0.414     0.0073    -0.5512 -9.990e-29
 237.695486     -0.427   0.003221    12.4752    -1.9583     -0.423     0.0073    -0.5506 -9.990e-29
 237.695492     -0.442   0.003221    12.4725    -1.9584     -0.438     0.0073    -0.5503 -9.990e-29
 237.695498     -0.458   0.003221    12.4722    -1.9584     -0.454     0.0073    -0.5503 -9.990e-29
 237.695503     -0.467   0.003221    12.4726    -1.9584     -0.463     0.0073    -0.5503 -9.990e-29
 237.695509     -0.465   0.003221    12.4711    -1.9584     -0.461     0.0073    -0.5502 -9.990e-29
 237.695515     -0.454   0.003222    12.4675    -1.9583     -0.450     0.0073    -0.5497 -9.990e-29
 237.695521     -0.436   0.003222    12.4640    -1.9584     -0.432     0.0073    -0.5493 -9.990e-29
 237.695527     -0.418   0.003222    12.4614    -1.9586     -0.415     0.0073    -0.5490 -9.990e-29
 237.695532     -0.404   0.003222    12.4590    -1.9588     -0.401     0.0073    -0.5487 -9.990e-29
 237.695538     -0.394   0.003222    12.4568    -1.9591     -0.391     0.0073    -0.5484 -9.990e-29
 237.695544     -0.385   0.003223    12.4553    -1.9592     -0.382     0.0073    -0.5483 -9.990e-29
 237.695550     -0.378   0.003223    12.4546    -1.9593     -0.375     0.0073    -0.5482 -9.990e-29
 237.695556     -0.373   0.003223    12.4544    -1.9594     -0.370     0.0073    -0.5481 -9.990e-29
 237.695561     -0.368   0.003223    12.4547    -1.9593     -0.365     0.0073    -0.5482 -9.990e-29
 237.695567     -0.364   0.003223    12.4546    -1.9591     -0.361     0.0073    -0.5482 -9.990e-29
 237.695573     -0.361   0.003224    12.4529    -1.9590     -0.358     0.0073    -0.5480 -9.990e-29
 237.695579     -0.357   0.003224    12.4495    -1.9588     -0.354     0.0073    -0.5476 -9.990e-29
 237.695584     -0.354   0.003224    12.4451    -1.9586     -0.351     0.0073    -0.5470 -9.990e-29
 237.695590     -0.350   0.003224    12.4407    -1.9587     -0.347     0.0073    -0.5465 -9.990e-29
 237.695596     -0.346   0.003223    12.4373    -1.9588     -0.343     0.0073    -0.5461 -9.990e-29
 237.695602     -0.341   0.003220    12.4352    -1.9589     -0.338     0.0073    -0.5459 -9.990e-29
 237.695608     -0.335   0.003210    12.4344    -1.9590     -0.332     0.0073    -0.5458 -9.990e-29
 237.695613     -0.327   0.003179    12.4355    -1.9590     -0.324     0.0073    -0.5459 -9.990e-29
 237.695619     -0.317   0.003088    12.4384    -1.9590     -0.314     0.0073    -0.5463 -9.990e-29
 237.695625     -0.305   0.002815    12.4422    -1.9588     -0.302     0.0072    -0.5468 -9.990e-29
 237.695631     -0.294   0.002548    12.4455    -1.9590     -0.292     0.0071    -0.5473 -9.990e-29
 237.695637     -0.291   0.002487    12.4470    -1.9592     -0.289     0.0070    -0.5475 -9.990e-29
 237.695642     -0.297   0.002547    12.4467    -1.9593     -0.295     0.0071    -0.5474 -9.990e-29
 237.695648     -0.304   0.002810    12.4453    -1.9594     -0.301     0.0072    -0.5472 -9.990e-29
 237.695654     -0.307   0.003074    12.4435    -1.9594     -0.304     0.0073    -0.5469 -9.990e-29
 237.695660     -0.307   0.003135    12.4418    -1.9593     -0.304     0.0073    -0.5467 -9.990e-29
 237.695666     -0.303   0.003075    12.4413    -1.9593     -0.300     0.0073    -0.5466 -9.990e-29
 237.695671     -0.296   0.002813    12.4419    -1.9591     -0.294     0.0072    -0.5468 -9.990e-29
 237.695677     -0.290   0.002550    12.4422    -1.9590     -0.288     0.0071    -0.5469 -9.990e-29
 237.695683     -0.288   0.002489    12.4406    -1.9589     -0.286     0.0070    -0.5467 -9.990e-29
 237.695689     -0.290   0.002550    12.4375    -1.9589     -0.288     0.0070    -0.5463 -9.990e-29
 237.695694     -0.296   0.002813    12.4346    -1.9589     -0.294     0.0072    -0.5459 -9.990e-29
 237.695700     -0.302   0.003075    12.4330    -1.9592     -0.299     0.0073    -0.5456 -9.990e-29
 237.695706     -0.305   0.003130    12.4330    -1.9595     -0.302     0.0073    -0.5456 -9.990e-29
 237.695712     -0.305   0.003050    12.4341    -1.9597     -0.302     0.0072    -0.5458 -9.990e-29
 237.695718     -0.301   0.002730    12.4359    -1.9598     -0.298     0.0071    -0.5461 -9.990e-29
 237.695723     -0.298   0.002293    12.4379    -1.9601     -0.296     0.0070    -0.5465 -9.990e-29
 237.695729     -0.299   0.002266    12.4398    -1.9601     -0.297     0.0069    -0.5467 -9.990e-29
 237.695735     -0.301   0.002612    12.4412    -1.9602     -0.298     0.0071    -0.5468 -9.990e-29
 237.695741     -0.300   0.002682    12.4415    -1.9603     -0.297     0.0071    -0.5468 -9.990e-29
 237.695747     -0.295   0.002571    12.4396    -1.9604     -0.293     0.0071    -0.5466 -9.990e-29
 237.695752     -0.286   0.002682    12.4355    -1.9602     -0.284     0.0071    -0.5461 -9.990e-29
 237.695758     -0.272   0.002608    12.4307    -1.9602     -0.270     0.0071    -0.5455 -9.990e-29
 237.695764     -0.257   0.002250    12.4263    -1.9603     -0.255     0.0069    -0.5451 -9.990e-29
 237.695770     -0.248   0.002238    12.4223    -1.9603     -0.246     0.0069    -0.5446 -9.990e-29
 237.695775     -0.246   0.002556    12.4188    -1.9603     -0.244     0.0070    -0.5441 -9.990e-29
 237.695781     -0.245   0.002519    12.4160    -1.9603     -0.243     0.0070    -0.5438 -9.990e-29
 237.695787     -0.245   0.002077    12.4138    -1.9602     -0.243     0.0069    -0.5437 -9.990e-29
 237.695793     -0.242   0.001749    12.4125    -1.9602     -0.240     0.0067    -0.5436 -9.990e-29
 237.695799     -0.232   0.001651    12.4125    -1.9603     -0.230     0.0067    -0.5436 -9.990e-29
 237.695804     -0.219   0.001651    12.4133    -1.9607     -0.217     0.0067    -0.5437 -9.990e-29
 237.695810     -0.209   0.001748    12.4133    -1.9609     -0.207     0.0067    -0.5437 -9.990e-29
 237.695816     -0.207   0.002073    12.4125    -1.9612     -0.205     0.0069    -0.5435 -9.990e-29
 237.695822     -0.208   0.002504    12.4118    -1.9615     -0.206     0.0070    -0.5433 -9.990e-29
 237.695828     -0.208   0.002505    12.4116    -1.9618     -0.206     0.0070    -0.5433 -9.990e-29
 237.695833     -0.208   0.002078    12.4119    -1.9619     -0.206     0.0069    -0.5434 -9.990e-29
 237.695839     -0.206   0.001759    12.4123    -1.9621     -0.204     0.0067    -0.5436 -9.990e-29
 237.695845     -0.203   0.001677    12.4114    -1.9621     -0.201     0.0067    -0.5435 -9.990e-29
 237.695851     -0.200   0.001724    12.4083    -1.9615     -0.198     0.0067    -0.5431 -9.990e-29
 237.695856     -0.194   0.001959    12.4037    -1.9611     -0.192     0.0068    -0.5425 -9.990e-29
 237.695862     -0.187   0.002143    12.3981    -1.9607     -0.185     0.0069    -0.5418 -9.990e-29
 237.695868     -0.182   0.001967    12.3917    -1.9601     -0.180     0.0068    -0.5411 -9.990e-29
 237.695874     -0.178   0.001748    12.3853    -1.9600     -0.177     0.0067    -0.5404 -9.990e-29
 237.695880     -0.172   0.001749    12.3800    -1.9599     -0.171     0.0067    -0.5397 -9.990e-29
 237.695885     -0.166   0.001968    12.3765    -1.9599     -0.165     0.0068    -0.5393 -9.990e-29
 237.695891     -0.161   0.002144    12.3754    -1.9599     -0.160     0.0069    -0.5391 -9.990e-29
 237.695897     -0.153   0.001957    12.3781    -1.9602     -0.152     0.0068    -0.5394 -9.990e-29
 237.695903     -0.144   0.001710    12.3850    -1.9604     -0.143     0.0067    -0.5403 -9.990e-29
 237.695909     -0.138   0.001628    12.3940    -1.9606     -0.137     0.0067    -0.5414 -9.990e-29
 237.695914     -0.136   0.001601    12.4031    -1.9607     -0.135     0.0067    -0.5425 -9.990e-29
 237.695920     -0.137   0.001592    12.4112    -1.9608     -0.136     0.0067    -0.5435 -9.990e-29
 237.695926     -0.137   0.001590    12.4170    -1.9609     -0.136     0.0067    -0.5442 -9.990e-29
 237.695932     -0.131   0.001589    12.4200    -1.9610     -0.130     0.0067    -0.5445 -9.990e-29
 237.695938     -0.124   0.001589    12.4203    -1.9611     -0.123     0.0067    -0.5446 -9.990e-29
 237.695943     -0.119   0.001590    12.4184    -1.9611     -0.118     0.0067    -0.5443 -9.990e-29
 237.695949     -0.111   0.001590    12.4149    -1.9611     -0.110     0.0067    -0.5439 -9.990e-29
 237.695955     -0.101   0.001591    12.4105    -1.9611     -0.100     0.0067    -0.5434 -9.990e-29
 237.695961     -0.096   0.001593    12.4064    -1.9609     -0.095     0.0067    -0.5429 -9.990e-29
 237.695966     -0.096   0.001596    12.4032    -1.9610     -0.095     0.0067    -0.5425 -9.990e-29
 237.695972     -0.096   0.001606    12.4008    -1.9609     -0.095     0.0067    -0.5422 -9.990e-29
 237.695978     -0.097   0.001634    12.3986    -1.9607     -0.096     0.0067    -0.5420 -9.990e-29
 237.695984     -0.098   0.001716    12.3964    -1.9603     -0.097     0.0067    -0.5417 -9.990e-29
 237.695990     -0.100   0.001963    12.3947    -1.9601     -0.099     0.0068    -0.5414 -9.990e-29
 237.695995     -0.102   0.002148    12.3942    -1.9598     -0.101     0.0069    -0.5413 -9.990e-29
 237.696001     -0.106   0.001964    12.3946    -1.9596     -0.105     0.0068    -0.5414 -9.990e-29
 237.696007     -0.111   0.001718    12.3956    -1.9593     -0.110     0.0067    -0.5416 -9.990e-29
 237.696013     -0.117   0.001637    12.3969    -1.9591     -0.116     0.0067    -0.5418 -9.990e-29
 237.696019     -0.120   0.001610    12.3983    -1.9589     -0.119     0.0067    -0.5419 -9.990e-29
 237.696024     -0.118   0.001601    12.4008    -1.9590     -0.117     0.0067    -0.5422 -9.990e-29
 237.696030     -0.112   0.001599    12.4054    -1.9591     -0.111     0.0067    -0.5428 -9.990e-29
 237.696036     -0.108   0.001598    12.4112    -1.9593     -0.107     0.0067    -0.5435 -9.990e-29
 237.696042     -0.106   0.001598    12.4172    -1.9593     -0.105     0.0067    -0.5442 -9.990e-29
 237.696047     -0.105   0.001599    12.4233    -1.9595     -0.104     0.0067    -0.5449 -9.990e-29
 237.696053     -0.104   0.001599    12.4290    -1.9598     -0.103     0.0067    -0.5456 -9.990e-29
 237.696059     -0.105   0.001600    12.4341    -1.9602     -0.104     0.0067    -0.5462 -9.990e-29
 237.696065     -0.107   0.001600    12.4384    -1.9605     -0.106     0.0067    -0.5467 -9.990e-29
 237.696071     -0.110   0.001601    12.4409    -1.9604     -0.109     0.0067    -0.5470 -9.990e-29
 237.696076     -0.115   0.001601    12.4408    -1.9605     -0.114     0.0067    -0.5470 -9.990e-29
 237.696082     -0.121   0.001602    12.4387    -1.9605     -0.120     0.0067    -0.5468 -9.990e-29
 237.696088     -0.126   0.001602    12.4360    -1.9604     -0.125     0.0067    -0.5464 -9.990e-29
 237.696094     -0.124   0.001603    12.4332    -1.9604     -0.123     0.0067    -0.5461 -9.990e-29
 237.696100     -0.119   0.001603    12.4289    -1.9604     -0.118     0.0067    -0.5456 -9.990e-29
 237.696105     -0.117   0.001604    12.4229    -1.9604     -0.116     0.0067    -0.5449 -9.990e-29
 237.696111     -0.117   0.001604    12.4165    -1.9605     -0.116     0.0067    -0.5441 -9.990e-29
 237.696117     -0.119   0.001605    12.4118    -1.9605     -0.118     0.0067    -0.5435 -9.990e-29
 237.696123     -0.123   0.001607    12.4094    -1.9604     -0.122     0.0067    -0.5433 -9.990e-29
 237.696128     -0.124   0.001610    12.4087    -1.9602     -0.123     0.0067    -0.5432 -9.990e-29
 237.696134     -0.119   0.001620    12.4088    -1.9600     -0.118     0.0067    -0.5432 -9.990e-29
 237.696140     -0.112   0.001648    12.4095    -1.9599     -0.111     0.0067    -0.5433 -9.990e-29
 237.696146     -0.107   0.001730    12.4099    -1.9599     -0.106     0.0067    -0.5433 -9.990e-29
 237.696152     -0.103   0.001977    12.4097    -1.9598     -0.102     0.0068    -0.5432 -9.990e-29
 237.696157     -0.099   0.002163    12.4092    -1.9599     -0.098     0.0069    -0.5431 -9.990e-29
 237.696163     -0.097   0.001979    12.4088    -1.9599     -0.096     0.0068    -0.5431 -9.990e-29
 237.696169     -0.094   0.001734    12.4095    -1.9598     -0.093     0.0067    -0.5432 -9.990e-29
 237.696175     -0.093   0.001655    12.4117    -1.9594     -0.092     0.0067    -0.5435 -9.990e-29
 237.696181     -0.091   0.001637    12.4148    -1.9592     -0.090     0.0067    -0.5439 -9.990e-29
 237.696186     -0.090   0.001656    12.4179    -1.9590     -0.089     0.0067    -0.5443 -9.990e-29
 237.696192     -0.089   0.001736    12.4203    -1.9591     -0.088     0.0067    -0.5445 -9.990e-29
 237.696198     -0.088   0.001981    12.4219    -1.9593     -0.087     0.0068    -0.5446 -9.990e-29
 237.696204     -0.087   0.002166    12.4226    -1.9596     -0.086     0.0069    -0.5447 -9.990e-29
 237.696209     -0.086   0.001982    12.4228    -1.9596     -0.085     0.0068    -0.5448 -9.990e-29
 237.696215     -0.085   0.001736    12.4237    -1.9596     -0.084     0.0067    -0.5449 -9.990e-29
 237.696221     -0.084   0.001655    12.4266    -1.9596     -0.083     0.0067    -0.5453 -9.990e-29
 237.696227     -0.082   0.001628    12.4312    -1.9591     -0.081     0.0067    -0.5459 -9.990e-29
 237.696233     -0.080   0.001619    12.4356    -1.9589     -0.079     0.0067    -0.5464 -9.990e-29
 237.696238     -0.077   0.001617    12.4380    -1.9587     -0.076     0.0067    -0.5467 -9.990e-29
 237.696244     -0.074   0.001616    12.4376    -1.9586     -0.073     0.0067    -0.5466 -9.990e-29
 237.696250     -0.070   0.001616    12.4347    -1.9587     -0.069     0.0067    -0.5463 -9.990e-29
 237.696256     -0.065   0.001617    12.4313    -1.9589     -0.064     0.0067    -0.5459 -9.990e-29
 237.696262     -0.058   0.001617    12.4297    -1.9590     -0.058     0.0067    -0.5457 -9.990e-29
 237.696267     -0.050   0.001618    12.4304    -1.9590     -0.050     0.0067    -0.5458 -9.990e-29
 237.696273     -0.039   0.001618    12.4337    -1.9591     -0.039     0.0067    -0.5462 -9.990e-29
 237.696279     -0.029   0.001619    12.4389    -1.9592     -0.029     0.0067    -0.5468 -9.990e-29
 237.696285     -0.024   0.001619    12.4438    -1.9591     -0.024     0.0067    -0.5474 -9.990e-29
 237.696291     -0.023   0.001620    12.4471    -1.9590     -0.023     0.0067    -0.5478 -9.990e-29
 237.696296     -0.027   0.001620    12.4485    -1.9589     -0.027     0.0067    -0.5479 -9.990e-29
 237.696302     -0.031   0.001621    12.4477    -1.9588     -0.031     0.0067    -0.5478 -9.990e-29
 237.696308     -0.031   0.001622    12.4458    -1.9582     -0.031     0.0067    -0.5476 -9.990e-29
 237.696314     -0.028   0.001622    12.4442    -1.9576     -0.028     0.0067    -0.5474 -9.990e-29
