data/oxygen options/ONMS/Olympic_Coast_National_Marine_Sanctuary_CTD_Data_2005_2023/raw_data/2018/CAST_MB015_180825faed.cnv
* Sea-Bird SBE19 Data File:
* FileName = C:\2018 Mooring Data\Casts\CAST_MB015_180825.hex
* Software Version 1.59
* Temperature SN = 2997
* Conductivity SN = 2997
* System UpLoad Time = Aug 25 2018 19:19:19
** CAST_MB015_180825
* ds
# nquan = 9                                 
# nvalues = 988                         
# units = specified
# name 0 = timeJ: Julian Days
# name 1 = prSM: Pressure, Strain Gauge [db]
# name 2 = c0mS/cm: Conductivity [mS/cm]
# name 3 = t090C: Temperature [ITS-90, deg C]
# name 4 = sbeox0ML/L: Oxygen, SBE 43 [ml/l]
# name 5 = depSM: Depth [salt water, m], lat = 47.5
# name 6 = sal00: Salinity, Practical [PSU]
# name 7 = sigma-é00: Density [sigma-theta, kg/m^3]
# name 8 = flag: flag
# span 0 = 237.768322, 237.774034       
# span 1 =     -4.635,     14.709       
# span 2 =   0.793324,  38.095889       
# span 3 =     9.8933,    13.1569       
# span 4 =    -1.9442,    14.1328       
# span 5 =     -4.596,     14.586       
# span 6 =     0.5118,    33.2123       
# span 7 =    -0.2302,    25.5720       
# span 8 = 0.0000e+00, 0.0000e+00       
# interval = seconds: 0.5
# start_time = Aug 25 2018 18:26:23 [Instrument's time stamp, header]
# bad_flag = -9.990e-29
*END*
[from data line 321]
 237.770179     -0.344   0.979673    12.7217    -1.9398     -0.341     0.6432    -0.0848 -9.990e-29
 237.770185     -0.343   0.974155    12.7215    -1.9398     -0.340     0.6394    -0.0878 -9.990e-29
 237.770191     -0.340   0.967924    12.7202    -1.9398     -0.337     0.6351    -0.0909 -9.990e-29
 237.770197     -0.336   0.963759    12.7185    -1.9399     -0.333     0.6323    -0.0929 -9.990e-29
 237.770203     -0.331   0.963312    12.7172    -1.9401     -0.328     0.6320    -0.0929 -9.990e-29
 237.770208     -0.325   0.964881    12.7163    -1.9402     -0.322     0.6331    -0.0920 -9.990e-29
 237.770214     -0.316   0.965013    12.7162    -1.9402     -0.313     0.6332    -0.0919 -9.990e-29
 237.770220     -0.304   0.961667    12.7169    -1.9403     -0.301     0.6309    -0.0938 -9.990e-29
 237.770226     -0.294   0.955370    12.7169    -1.9403     -0.292     0.6266    -0.0971 -9.990e-29
 237.770231     -0.287   0.948813    12.7158    -1.9402     -0.285     0.6221    -0.1005 -9.990e-29
 237.770237     -0.281   0.944338    12.7148    -1.9401     -0.279     0.6191    -0.1027 -9.990e-29
 237.770243     -0.270   0.941520    12.7142    -1.9403     -0.268     0.6172    -0.1041 -9.990e-29
 237.770249     -0.253   0.938263    12.7136    -1.9406     -0.251     0.6150    -0.1058 -9.990e-29
 237.770255     -0.229   0.933552    12.7126    -1.9409     -0.227     0.6118    -0.1082 -9.990e-29
 237.770260     -0.206   0.928309    12.7113    -1.9409     -0.204     0.6082    -0.1108 -9.990e-29
 237.770266     -0.195   0.923859    12.7101    -1.9409     -0.193     0.6052    -0.1130 -9.990e-29
 237.770272     -0.190   0.920365    12.7097    -1.9411     -0.188     0.6028    -0.1148 -9.990e-29
 237.770278     -0.183   0.917047    12.7102    -1.9414     -0.181     0.6005    -0.1166 -9.990e-29
 237.770284     -0.178   0.913364    12.7112    -1.9413     -0.177     0.5980    -0.1187 -9.990e-29
 237.770289     -0.178   0.909390    12.7109    -1.9414     -0.177     0.5953    -0.1208 -9.990e-29
 237.770295     -0.180   0.905925    12.7079    -1.9414     -0.178     0.5930    -0.1222 -9.990e-29
 237.770301     -0.179   0.904444    12.7027    -1.9419     -0.178     0.5920    -0.1223 -9.990e-29
 237.770307     -0.180   0.905746    12.6977    -1.9424     -0.178     0.5930    -0.1209 -9.990e-29
 237.770312     -0.182   0.908240    12.6952    -1.9428     -0.180     0.5947    -0.1192 -9.990e-29
 237.770318     -0.177   0.909155    12.6939    -1.9433     -0.176     0.5954    -0.1186 -9.990e-29
 237.770324     -0.165   0.907492    12.6912    -1.9439     -0.164     0.5943    -0.1191 -9.990e-29
 237.770330     -0.154   0.904915    12.6884    -1.9442     -0.153     0.5926    -0.1201 -9.990e-29
 237.770336     -0.147   0.903530    12.6867    -1.9442     -0.146     0.5917    -0.1206 -9.990e-29
 237.770341     -0.144   0.903152    12.6847    -1.9441     -0.143     0.5914    -0.1205 -9.990e-29
 237.770347     -0.144   0.902167    12.6799    -1.9439     -0.143     0.5908    -0.1204 -9.990e-29
 237.770353     -0.144   0.900373    12.6713    -1.9437     -0.143     0.5897    -0.1202 -9.990e-29
 237.770359     -0.139   0.900366    12.6605    -1.9434     -0.138     0.5899    -0.1187 -9.990e-29
 237.770365     -0.132   0.904351    12.6491    -1.9431     -0.131     0.5928    -0.1150 -9.990e-29
 237.770370     -0.129   0.910438    12.6378    -1.9429     -0.128     0.5971    -0.1103 -9.990e-29
 237.770376     -0.128   0.915101    12.6275    -1.9426     -0.127     0.6005    -0.1064 -9.990e-29
 237.770382     -0.129   0.917352    12.6203    -1.9423     -0.128     0.6021    -0.1042 -9.990e-29
 237.770388     -0.133   0.919084    12.6172    -1.9421     -0.132     0.6034    -0.1029 -9.990e-29
 237.770394     -0.140   0.922605    12.6174    -1.9419     -0.139     0.6058    -0.1010 -9.990e-29
 237.770399     -0.151   0.928732    12.6201    -1.9419     -0.150     0.6099    -0.0981 -9.990e-29
 237.770405     -0.161   0.935654    12.6245    -1.9418     -0.160     0.6146    -0.0950 -9.990e-29
 237.770411     -0.167   0.940409    12.6295    -1.9416     -0.166     0.6178    -0.0932 -9.990e-29
 237.770417     -0.169   0.942684    12.6350    -1.9414     -0.168     0.6192    -0.0927 -9.990e-29
 237.770422     -0.164   0.944958    12.6403    -1.9413     -0.163     0.6207    -0.0922 -9.990e-29
 237.770428     -0.151   0.949708    12.6453    -1.9412     -0.150     0.6239    -0.0903 -9.990e-29
 237.770434     -0.138   0.957359    12.6500    -1.9411     -0.137     0.6291    -0.0869 -9.990e-29
 237.770440     -0.127   0.965927    12.6545    -1.9409     -0.126     0.6349    -0.0830 -9.990e-29
 237.770446     -0.120   0.972055    12.6585    -1.9407     -0.119     0.6390    -0.0802 -9.990e-29
 237.770451     -0.114   0.973373    12.6616    -1.9406     -0.113     0.6398    -0.0799 -9.990e-29
 237.770457     -0.110   0.971267    12.6643    -1.9405     -0.109     0.6384    -0.0814 -9.990e-29
 237.770463     -0.108   0.969026    12.6673    -1.9404     -0.107     0.6368    -0.0830 -9.990e-29
 237.770469     -0.106   0.968649    12.6701    -1.9404     -0.105     0.6365    -0.0836 -9.990e-29
 237.770475     -0.106   0.970745    12.6728    -1.9405     -0.105     0.6379    -0.0829 -9.990e-29
 237.770480     -0.107   0.974226    12.6755    -1.9404     -0.106     0.6402    -0.0814 -9.990e-29
 237.770486     -0.109   0.977083    12.6782    -1.9403     -0.108     0.6421    -0.0802 -9.990e-29
 237.770492     -0.112   0.978690    12.6804    -1.9403     -0.111     0.6432    -0.0797 -9.990e-29
 237.770498     -0.117   0.980636    12.6816    -1.9404     -0.116     0.6445    -0.0788 -9.990e-29
 237.770503     -0.120   0.986071    12.6816    -1.9405     -0.119     0.6482    -0.0759 -9.990e-29
 237.770509     -0.116   0.997254    12.6809    -1.9405     -0.115     0.6559    -0.0698 -9.990e-29
 237.770515     -0.110   1.013019    12.6795    -1.9406     -0.109     0.6668    -0.0612 -9.990e-29
 237.770521     -0.105   1.030000    12.6775    -1.9406     -0.104     0.6785    -0.0519 -9.990e-29
 237.770527     -0.101   1.045339    12.6748    -1.9405     -0.100     0.6891    -0.0433 -9.990e-29
 237.770532     -0.098   1.058979    12.6713    -1.9405     -0.097     0.6985    -0.0355 -9.990e-29
 237.770538     -0.095   1.074695    12.6671    -1.9404     -0.094     0.7094    -0.0265 -9.990e-29
 237.770544     -0.093   1.096259    12.6626    -1.9403     -0.092     0.7244    -0.0143 -9.990e-29
 237.770550     -0.091   1.121378    12.6589    -1.9402     -0.090     0.7418    -0.0002 -9.990e-29
 237.770556     -0.089   1.142526    12.6558    -1.9400     -0.088     0.7565     0.0116 -9.990e-29
 237.770561     -0.088   1.155747    12.6525    -1.9399     -0.087     0.7658     0.0192 -9.990e-29
 237.770567     -0.086   1.164811    12.6488    -1.9399     -0.085     0.7721     0.0246 -9.990e-29
 237.770573     -0.084   1.175707    12.6455    -1.9401     -0.083     0.7797     0.0309 -9.990e-29
 237.770579     -0.082   1.190764    12.6430    -1.9401     -0.081     0.7902     0.0394 -9.990e-29
 237.770584     -0.080   1.208439    12.6411    -1.9403     -0.079     0.8026     0.0492 -9.990e-29
 237.770590     -0.077   1.226246    12.6398    -1.9405     -0.076     0.8150     0.0590 -9.990e-29
 237.770596     -0.073   1.241869    12.6387    -1.9407     -0.072     0.8259     0.0676 -9.990e-29
 237.770602     -0.069   1.255630    12.6374    -1.9410     -0.068     0.8355     0.0753 -9.990e-29
 237.770608     -0.063   1.272015    12.6361    -1.9410     -0.062     0.8469     0.0843 -9.990e-29
 237.770613     -0.056   1.292914    12.6350    -1.9412     -0.056     0.8615     0.0958 -9.990e-29
 237.770619     -0.046   1.312930    12.6338    -1.9415     -0.046     0.8755     0.1069 -9.990e-29
 237.770625     -0.034   1.325487    12.6317    -1.9418     -0.034     0.8844     0.1140 -9.990e-29
 237.770631     -0.023   1.330693    12.6289    -1.9420     -0.023     0.8881     0.1172 -9.990e-29
 237.770637     -0.017   1.333272    12.6259    -1.9420     -0.017     0.8899     0.1191 -9.990e-29
 237.770642     -0.010   1.335000    12.6221    -1.9421     -0.010     0.8912     0.1205 -9.990e-29
 237.770648     -0.002   1.334855    12.6174    -1.9419     -0.002     0.8912     0.1211 -9.990e-29
 237.770654      0.003   1.333755    12.6124    -1.9421      0.003     0.8906     0.1212 -9.990e-29
 237.770660      0.005   1.334666    12.6078    -1.9424      0.005     0.8913     0.1224 -9.990e-29
 237.770666      0.004   1.338803    12.6039    -1.9426      0.004     0.8943     0.1252 -9.990e-29
 237.770671      0.004   1.342258    12.6015    -1.9428      0.004     0.8968     0.1274 -9.990e-29
 237.770677      0.011   1.337995    12.6010    -1.9430      0.011     0.8938     0.1252 -9.990e-29
 237.770683      0.020   1.321993    12.6017    -1.9433      0.020     0.8826     0.1164 -9.990e-29
 237.770689      0.022   1.297311    12.6024    -1.9436      0.022     0.8653     0.1028 -9.990e-29
 237.770694      0.019   1.273173    12.6023    -1.9439      0.019     0.8485     0.0897 -9.990e-29
 237.770700      0.014   1.258423    12.6010    -1.9436      0.014     0.8382     0.0819 -9.990e-29
 237.770706      0.007   1.254461    12.5987    -1.9430      0.007     0.8355     0.0801 -9.990e-29
 237.770712      0.001   1.254340    12.5966    -1.9423      0.001     0.8355     0.0803 -9.990e-29
 237.770718      0.002   1.249582    12.5945    -1.9418      0.002     0.8322     0.0780 -9.990e-29
 237.770723      0.008   1.237725    12.5914    -1.9415      0.008     0.8240     0.0720 -9.990e-29
 237.770729      0.020   1.223472    12.5871    -1.9413      0.020     0.8142     0.0649 -9.990e-29
 237.770735      0.038   1.213875    12.5823    -1.9410      0.038     0.8076     0.0604 -9.990e-29
 237.770741      0.061   1.210550    12.5783    -1.9406      0.060     0.8053     0.0592 -9.990e-29
 237.770747      0.080   1.209065    12.5780    -1.9402      0.079     0.8043     0.0584 -9.990e-29
 237.770752      0.093   1.205779    12.5846    -1.9399      0.092     0.8019     0.0557 -9.990e-29
 237.770758      0.101   1.199635    12.5965    -1.9398      0.100     0.7974     0.0507 -9.990e-29
 237.770764      0.103   1.191313    12.6096    -1.9396      0.102     0.7913     0.0444 -9.990e-29
 237.770770      0.105   1.183574    12.6213    -1.9396      0.104     0.7857     0.0385 -9.990e-29
 237.770775      0.110   1.178298    12.6313    -1.9395      0.109     0.7818     0.0343 -9.990e-29
 237.770781      0.115   1.173992    12.6402    -1.9395      0.114     0.7787     0.0307 -9.990e-29
 237.770787      0.116   1.167688    12.6489    -1.9396      0.115     0.7741     0.0261 -9.990e-29
 237.770793      0.117   1.158742    12.6574    -1.9400      0.116     0.7677     0.0201 -9.990e-29
 237.770799      0.123   1.150748    12.6650    -1.9405      0.122     0.7620     0.0147 -9.990e-29
 237.770804      0.129   1.148014    12.6711    -1.9410      0.128     0.7600     0.0124 -9.990e-29
 237.770810      0.132   1.149666    12.6761    -1.9412      0.131     0.7611     0.0126 -9.990e-29
 237.770816      0.132   1.150147    12.6806    -1.9412      0.131     0.7613     0.0122 -9.990e-29
 237.770822      0.132   1.146220    12.6845    -1.9414      0.131     0.7585     0.0096 -9.990e-29
 237.770828      0.139   1.139299    12.6873    -1.9416      0.138     0.7537     0.0054 -9.990e-29
 237.770833      0.147   1.131245    12.6876    -1.9418      0.146     0.7481     0.0011 -9.990e-29
 237.770839      0.153   1.122960    12.6845    -1.9419      0.152     0.7424    -0.0030 -9.990e-29
 237.770845      0.157   1.115592    12.6783    -1.9420      0.156     0.7375    -0.0061 -9.990e-29
 237.770851      0.159   1.109852    12.6707    -1.9418      0.158     0.7336    -0.0081 -9.990e-29
 237.770856      0.160   1.104738    12.6637    -1.9415      0.159     0.7302    -0.0099 -9.990e-29
 237.770862      0.160   1.098422    12.6586    -1.9415      0.159     0.7260    -0.0125 -9.990e-29
 237.770868      0.158   1.091350    12.6547    -1.9415      0.157     0.7212    -0.0158 -9.990e-29
 237.770874      0.155   1.086287    12.6512    -1.9416      0.154     0.7177    -0.0180 -9.990e-29
 237.770880      0.150   1.083691    12.6485    -1.9419      0.149     0.7160    -0.0191 -9.990e-29
 237.770885      0.148   1.080099    12.6470    -1.9422      0.147     0.7135    -0.0208 -9.990e-29
 237.770891      0.152   1.072941    12.6464    -1.9425      0.151     0.7086    -0.0245 -9.990e-29
 237.770897      0.158   1.064312    12.6471    -1.9427      0.157     0.7026    -0.0293 -9.990e-29
 237.770903      0.163   1.058229    12.6500    -1.9429      0.162     0.6984    -0.0329 -9.990e-29
 237.770909      0.167   1.054897    12.6538    -1.9430      0.166     0.6960    -0.0352 -9.990e-29
 237.770914      0.170   1.050982    12.6563    -1.9430      0.169     0.6933    -0.0377 -9.990e-29
 237.770920      0.173   1.045142    12.6567    -1.9431      0.172     0.6893    -0.0409 -9.990e-29
 237.770926      0.175   1.039015    12.6548    -1.9429      0.174     0.6851    -0.0439 -9.990e-29
 237.770932      0.176   1.033857    12.6506    -1.9428      0.175     0.6816    -0.0461 -9.990e-29
 237.770938      0.177   1.028887    12.6457    -1.9429      0.176     0.6783    -0.0481 -9.990e-29
 237.770943      0.178   1.023020    12.6412    -1.9428      0.177     0.6743    -0.0506 -9.990e-29
 237.770949      0.179   1.016197    12.6372    -1.9428      0.178     0.6697    -0.0537 -9.990e-29
 237.770955      0.179   1.009297    12.6338    -1.9428      0.178     0.6650    -0.0569 -9.990e-29
 237.770961      0.180   1.004204    12.6313    -1.9428      0.178     0.6615    -0.0593 -9.990e-29
 237.770966      0.180   1.002444    12.6303    -1.9430      0.178     0.6603    -0.0601 -9.990e-29
 237.770972      0.181   1.002778    12.6312    -1.9432      0.179     0.6605    -0.0601 -9.990e-29
 237.770978      0.181   1.001772    12.6336    -1.9433      0.179     0.6598    -0.0609 -9.990e-29
 237.770984      0.181   0.998085    12.6360    -1.9433      0.179     0.6572    -0.0632 -9.990e-29
 237.770990      0.182   0.992897    12.6377    -1.9432      0.180     0.6536    -0.0662 -9.990e-29
 237.770995      0.182   0.987053    12.6391    -1.9431      0.180     0.6496    -0.0696 -9.990e-29
 237.771001      0.183   0.981076    12.6401    -1.9430      0.181     0.6455    -0.0729 -9.990e-29
 237.771007      0.183   0.975864    12.6405    -1.9428      0.181     0.6419    -0.0757 -9.990e-29
 237.771013      0.184   0.971675    12.6401    -1.9428      0.182     0.6390    -0.0779 -9.990e-29
 237.771019      0.185   0.967357    12.6390    -1.9426      0.183     0.6361    -0.0801 -9.990e-29
 237.771024      0.186   0.961587    12.6377    -1.9425      0.184     0.6322    -0.0830 -9.990e-29
 237.771030      0.187   0.954433    12.6369    -1.9424      0.185     0.6273    -0.0867 -9.990e-29
 237.771036      0.189   0.947442    12.6372    -1.9424      0.187     0.6225    -0.0905 -9.990e-29
 237.771042      0.191   0.942379    12.6386    -1.9422      0.189     0.6190    -0.0933 -9.990e-29
 237.771047      0.193   0.940252    12.6407    -1.9423      0.191     0.6175    -0.0948 -9.990e-29
 237.771053      0.197   0.940443    12.6433    -1.9424      0.195     0.6176    -0.0950 -9.990e-29
 237.771059      0.202   0.940988    12.6461    -1.9424      0.200     0.6179    -0.0951 -9.990e-29
 237.771065      0.208   0.940951    12.6490    -1.9424      0.206     0.6178    -0.0955 -9.990e-29
 237.771071      0.211   0.940839    12.6519    -1.9423      0.209     0.6177    -0.0960 -9.990e-29
 237.771076      0.208   0.940501    12.6546    -1.9423      0.206     0.6174    -0.0965 -9.990e-29
 237.771082      0.202   0.938935    12.6565    -1.9421      0.200     0.6163    -0.0976 -9.990e-29
 237.771088      0.197   0.936270    12.6581    -1.9421      0.195     0.6145    -0.0993 -9.990e-29
 237.771094      0.194   0.933942    12.6595    -1.9421      0.192     0.6129    -0.1007 -9.990e-29
