data/oxygen options/ONMS/Olympic_Coast_National_Marine_Sanctuary_CTD_Data_2005_2023/raw_data/2018/CAST_MB042_180825faed.cnv
* Sea-Bird SBE19 Data File:
* FileName = C:\2018 Mooring Data\Casts\CAST_MB042_180825.hex
* Software Version 1.59
* Temperature SN = 2997
* Conductivity SN = 2997
* System UpLoad Time = Aug 25 2018 18:18:32
** CAST_MB042_180825
* ds
# nquan = 9                                 
# nvalues = 1372                        
# units = specified
# name 0 = timeJ: Julian Days
# name 1 = prSM: Pressure, Strain Gauge [db]
# name 2 = c0mS/cm: Conductivity [mS/cm]
# name 3 = t090C: Temperature [ITS-90, deg C]
# name 4 = sbeox0ML/L: Oxygen, SBE 43 [ml/l]
# name 5 = depSM: Depth [salt water, m], lat = 47.5
# name 6 = sal00: Salinity, Practical [PSU]
# name 7 = sigma-é00: Density [sigma-theta, kg/m^3]
# name 8 = flag: flag
# span 0 = 237.693542, 237.701476       
# span 1 =     -5.067,     42.965       
# span 2 =   0.001589,  37.488411       
# span 3 =     8.3128,    12.6699       
# span 4 =    -1.9658,    15.5980       
# span 5 =     -5.025,     42.602       
# span 6 =     0.0067,    33.4374       
# span 7 =    -0.5747,    25.9994       
# span 8 = 0.0000e+00, 0.0000e+00       
# interval = seconds: 0.5
# start_time = Aug 25 2018 16:38:42 [Instrument's time stamp, header]
# bad_flag = -9.990e-29
*END*
 237.693542     -5.067 -9.990e-29    12.3832    -1.9597     -5.025 -9.990e-29 -9.990e-29 -9.990e-29
 237.693547     -5.032   0.003130    12.3879    -1.9595     -4.990     0.0073    -0.5403 -9.990e-29
 237.693553     -4.998   0.003130    12.3923    -1.9596     -4.956     0.0073    -0.5408 -9.990e-29
 237.693559     -4.968   0.003130    12.3952    -1.9596     -4.927     0.0073    -0.5412 -9.990e-29
 237.693565     -4.935   0.003130    12.3969    -1.9596     -4.894     0.0073    -0.5414 -9.990e-29
 237.693571     -4.898   0.003130    12.3979    -1.9596     -4.857     0.0073    -0.5415 -9.990e-29
 237.693576     -4.868   0.003130    12.3985    -1.9597     -4.827     0.0073    -0.5416 -9.990e-29
 237.693582     -4.845   0.003130    12.3993    -1.9597     -4.805     0.0073    -0.5417 -9.990e-29
 237.693588     -4.821   0.003130    12.3999    -1.9599     -4.781     0.0073    -0.5417 -9.990e-29
 237.693594     -4.790   0.003130    12.4007    -1.9602     -4.750     0.0073    -0.5418 -9.990e-29
 237.693600     -4.753   0.003130    12.4018    -1.9605     -4.713     0.0073    -0.5420 -9.990e-29
 237.693605     -4.718   0.003130    12.4025    -1.9609     -4.679     0.0073    -0.5420 -9.990e-29
 237.693611     -4.686   0.003131    12.4026    -1.9610     -4.647     0.0073    -0.5420 -9.990e-29
 237.693617     -4.655   0.003131    12.4025    -1.9611     -4.616     0.0073    -0.5420 -9.990e-29
 237.693623     -4.623   0.003131    12.4020    -1.9612     -4.584     0.0073    -0.5420 -9.990e-29
 237.693628     -4.588   0.003131    12.4010    -1.9611     -4.550     0.0073    -0.5419 -9.990e-29
 237.693634     -4.553   0.003131    12.3990    -1.9610     -4.515     0.0073    -0.5416 -9.990e-29
 237.693640     -4.519   0.003131    12.3952    -1.9609     -4.481     0.0073    -0.5412 -9.990e-29
 237.693646     -4.484   0.003131    12.3894    -1.9605     -4.447     0.0073    -0.5405 -9.990e-29
 237.693652     -4.450   0.003131    12.3828    -1.9605     -4.413     0.0073    -0.5397 -9.990e-29
 237.693657     -4.419   0.003131    12.3770    -1.9606     -4.382     0.0073    -0.5390 -9.990e-29
 237.693663     -4.389   0.003131    12.3730    -1.9608     -4.352     0.0073    -0.5385 -9.990e-29
 237.693669     -4.359   0.003132    12.3706    -1.9609     -4.323     0.0073    -0.5382 -9.990e-29
 237.693675     -4.327   0.003132    12.3699    -1.9608     -4.291     0.0073    -0.5382 -9.990e-29
 237.693681     -4.294   0.003132    12.3710    -1.9608     -4.258     0.0073    -0.5383 -9.990e-29
 237.693686     -4.263   0.003132    12.3733    -1.9605     -4.227     0.0073    -0.5386 -9.990e-29
 237.693692     -4.232   0.003132    12.3768    -1.9606     -4.197     0.0073    -0.5390 -9.990e-29
 237.693698     -4.203   0.003132    12.3806    -1.9605     -4.168     0.0073    -0.5394 -9.990e-29
 237.693704     -4.178   0.003132    12.3824    -1.9606     -4.143     0.0073    -0.5396 -9.990e-29
 237.693709     -4.157   0.003132    12.3816    -1.9605     -4.122     0.0073    -0.5395 -9.990e-29
 237.693715     -4.137   0.003132    12.3794    -1.9602     -4.103     0.0073    -0.5393 -9.990e-29
 237.693721     -4.118   0.003132    12.3780    -1.9602     -4.084     0.0073    -0.5391 -9.990e-29
 237.693727     -4.098   0.003133    12.3783    -1.9602     -4.064     0.0073    -0.5392 -9.990e-29
 237.693733     -4.076   0.003133    12.3801    -1.9603     -4.042     0.0073    -0.5394 -9.990e-29
 237.693738     -4.051   0.003133    12.3823    -1.9602     -4.017     0.0073    -0.5396 -9.990e-29
 237.693744     -4.020   0.003133    12.3838    -1.9598     -3.986     0.0073    -0.5398 -9.990e-29
 237.693750     -3.987   0.003133    12.3846    -1.9598     -3.954     0.0073    -0.5399 -9.990e-29
 237.693756     -3.954   0.003133    12.3859    -1.9598     -3.921     0.0073    -0.5401 -9.990e-29
 237.693762     -3.917   0.003133    12.3886    -1.9598     -3.884     0.0073    -0.5404 -9.990e-29
 237.693767     -3.881   0.003133    12.3920    -1.9597     -3.849     0.0073    -0.5408 -9.990e-29
 237.693773     -3.845   0.003133    12.3939    -1.9597     -3.813     0.0073    -0.5410 -9.990e-29
 237.693779     -3.817   0.003133    12.3936    -1.9596     -3.785     0.0073    -0.5410 -9.990e-29
 237.693785     -3.804   0.003134    12.3935    -1.9599     -3.772     0.0073    -0.5410 -9.990e-29
 237.693791     -3.795   0.003134    12.3956    -1.9603     -3.763     0.0073    -0.5412 -9.990e-29
 237.693796     -3.782   0.003134    12.3989    -1.9607     -3.750     0.0073    -0.5416 -9.990e-29
 237.693802     -3.765   0.003134    12.4015    -1.9608     -3.734     0.0073    -0.5419 -9.990e-29
 237.693808     -3.741   0.003134    12.4030    -1.9607     -3.710     0.0073    -0.5421 -9.990e-29
 237.693814     -3.714   0.003134    12.4040    -1.9607     -3.683     0.0073    -0.5422 -9.990e-29
 237.693819     -3.690   0.003134    12.4048    -1.9607     -3.659     0.0073    -0.5423 -9.990e-29
 237.693825     -3.669   0.003134    12.4052    -1.9606     -3.638     0.0073    -0.5423 -9.990e-29
 237.693831     -3.644   0.003134    12.4040    -1.9606     -3.614     0.0073    -0.5422 -9.990e-29
 237.693837     -3.618   0.003134    12.3999    -1.9605     -3.588     0.0073    -0.5417 -9.990e-29
 237.693843     -3.594   0.003134    12.3936    -1.9605     -3.564     0.0073    -0.5410 -9.990e-29
 237.693848     -3.570   0.003135    12.3877    -1.9606     -3.540     0.0073    -0.5403 -9.990e-29
 237.693854     -3.545   0.003135    12.3846    -1.9609     -3.515     0.0073    -0.5399 -9.990e-29
 237.693860     -3.517   0.003135    12.3841    -1.9612     -3.488     0.0073    -0.5398 -9.990e-29
 237.693866     -3.484   0.003135    12.3846    -1.9612     -3.455     0.0073    -0.5399 -9.990e-29
 237.693872     -3.448   0.003135    12.3854    -1.9610     -3.419     0.0073    -0.5400 -9.990e-29
 237.693877     -3.417   0.003135    12.3863    -1.9608     -3.389     0.0073    -0.5401 -9.990e-29
 237.693883     -3.391   0.003135    12.3873    -1.9607     -3.363     0.0073    -0.5402 -9.990e-29
 237.693889     -3.370   0.003135    12.3881    -1.9609     -3.342     0.0073    -0.5403 -9.990e-29
 237.693895     -3.352   0.003135    12.3876    -1.9611     -3.324     0.0073    -0.5402 -9.990e-29
 237.693900     -3.336   0.003135    12.3849    -1.9614     -3.308     0.0073    -0.5399 -9.990e-29
 237.693906     -3.322   0.003136    12.3806    -1.9619     -3.294     0.0073    -0.5394 -9.990e-29
 237.693912     -3.307   0.003136    12.3770    -1.9620     -3.279     0.0073    -0.5390 -9.990e-29
 237.693918     -3.291   0.003136    12.3764    -1.9620     -3.264     0.0073    -0.5389 -9.990e-29
 237.693924     -3.273   0.003136    12.3785    -1.9623     -3.246     0.0073    -0.5392 -9.990e-29
 237.693929     -3.252   0.003136    12.3808    -1.9622     -3.225     0.0073    -0.5394 -9.990e-29
 237.693935     -3.232   0.003136    12.3812    -1.9620     -3.205     0.0073    -0.5395 -9.990e-29
 237.693941     -3.214   0.003136    12.3792    -1.9617     -3.187     0.0073    -0.5392 -9.990e-29
 237.693947     -3.193   0.003136    12.3747    -1.9614     -3.166     0.0073    -0.5387 -9.990e-29
 237.693953     -3.169   0.003136    12.3684    -1.9611     -3.143     0.0073    -0.5380 -9.990e-29
 237.693958     -3.143   0.003136    12.3622    -1.9611     -3.117     0.0073    -0.5372 -9.990e-29
 237.693964     -3.115   0.003137    12.3581    -1.9608     -3.089     0.0073    -0.5367 -9.990e-29
 237.693970     -3.087   0.003137    12.3556    -1.9606     -3.061     0.0072    -0.5364 -9.990e-29
 237.693976     -3.060   0.003137    12.3543    -1.9600     -3.034     0.0072    -0.5363 -9.990e-29
 237.693981     -3.039   0.003137    12.3551    -1.9594     -3.014     0.0072    -0.5364 -9.990e-29
 237.693987     -3.025   0.003137    12.3587    -1.9595     -3.000     0.0073    -0.5368 -9.990e-29
 237.693993     -3.014   0.003137    12.3639    -1.9601     -2.989     0.0073    -0.5374 -9.990e-29
 237.693999     -3.000   0.003137    12.3696    -1.9605     -2.975     0.0073    -0.5381 -9.990e-29
 237.694005     -2.984   0.003137    12.3751    -1.9607     -2.959     0.0073    -0.5388 -9.990e-29
 237.694010     -2.962   0.003137    12.3801    -1.9608     -2.937     0.0073    -0.5394 -9.990e-29
 237.694016     -2.935   0.003137    12.3860    -1.9610     -2.911     0.0073    -0.5401 -9.990e-29
 237.694022     -2.905   0.003138    12.3934    -1.9612     -2.881     0.0073    -0.5409 -9.990e-29
 237.694028     -2.879   0.003138    12.4021    -1.9614     -2.855     0.0073    -0.5420 -9.990e-29
 237.694034     -2.859   0.003138    12.4085    -1.9615     -2.835     0.0073    -0.5427 -9.990e-29
 237.694039     -2.843   0.003138    12.4081    -1.9617     -2.819     0.0073    -0.5427 -9.990e-29
 237.694045     -2.832   0.003138    12.4019    -1.9618     -2.808     0.0073    -0.5419 -9.990e-29
 237.694051     -2.824   0.003138    12.3945    -1.9620     -2.800     0.0073    -0.5411 -9.990e-29
 237.694057     -2.818   0.003138    12.3886    -1.9619     -2.795     0.0073    -0.5404 -9.990e-29
 237.694063     -2.810   0.003138    12.3845    -1.9619     -2.787     0.0073    -0.5399 -9.990e-29
 237.694068     -2.796   0.003138    12.3807    -1.9617     -2.773     0.0073    -0.5394 -9.990e-29
 237.694074     -2.778   0.003138    12.3765    -1.9614     -2.755     0.0073    -0.5389 -9.990e-29
 237.694080     -2.760   0.003139    12.3725    -1.9614     -2.737     0.0073    -0.5384 -9.990e-29
 237.694086     -2.740   0.003139    12.3691    -1.9618     -2.717     0.0073    -0.5380 -9.990e-29
 237.694091     -2.718   0.003139    12.3659    -1.9623     -2.695     0.0073    -0.5377 -9.990e-29
 237.694097     -2.692   0.003139    12.3632    -1.9626     -2.670     0.0073    -0.5373 -9.990e-29
 237.694103     -2.660   0.003139    12.3620    -1.9627     -2.638     0.0073    -0.5372 -9.990e-29
 237.694109     -2.625   0.003139    12.3624    -1.9629     -2.603     0.0073    -0.5372 -9.990e-29
 237.694115     -2.592   0.003139    12.3641    -1.9630     -2.570     0.0073    -0.5375 -9.990e-29
 237.694120     -2.565   0.003139    12.3669    -1.9626     -2.544     0.0073    -0.5378 -9.990e-29
 237.694126     -2.540   0.003139    12.3694    -1.9621     -2.519     0.0073    -0.5381 -9.990e-29
 237.694132     -2.518   0.003139    12.3686    -1.9618     -2.497     0.0073    -0.5380 -9.990e-29
 237.694138     -2.500   0.003140    12.3630    -1.9619     -2.479     0.0073    -0.5373 -9.990e-29
 237.694144     -2.490   0.003140    12.3554    -1.9623     -2.469     0.0073    -0.5364 -9.990e-29
 237.694149     -2.482   0.003140    12.3491    -1.9622     -2.461     0.0072    -0.5357 -9.990e-29
 237.694155     -2.473   0.003140    12.3450    -1.9624     -2.452     0.0072    -0.5352 -9.990e-29
 237.694161     -2.461   0.003140    12.3428    -1.9622     -2.440     0.0072    -0.5349 -9.990e-29
 237.694167     -2.446   0.003140    12.3436    -1.9625     -2.426     0.0072    -0.5350 -9.990e-29
 237.694172     -2.431   0.003140    12.3484    -1.9625     -2.411     0.0072    -0.5356 -9.990e-29
 237.694178     -2.419   0.003140    12.3548    -1.9627     -2.399     0.0073    -0.5363 -9.990e-29
 237.694184     -2.410   0.003140    12.3588    -1.9629     -2.390     0.0073    -0.5368 -9.990e-29
 237.694190     -2.402   0.003140    12.3587    -1.9631     -2.382     0.0073    -0.5368 -9.990e-29
 237.694196     -2.392   0.003141    12.3565    -1.9633     -2.372     0.0073    -0.5365 -9.990e-29
 237.694201     -2.379   0.003141    12.3546    -1.9635     -2.359     0.0073    -0.5363 -9.990e-29
 237.694207     -2.366   0.003141    12.3534    -1.9636     -2.346     0.0073    -0.5362 -9.990e-29
 237.694213     -2.351   0.003141    12.3523    -1.9638     -2.331     0.0072    -0.5361 -9.990e-29
 237.694219     -2.335   0.003141    12.3504    -1.9639     -2.316     0.0072    -0.5358 -9.990e-29
 237.694225     -2.316   0.003141    12.3475    -1.9637     -2.297     0.0072    -0.5355 -9.990e-29
 237.694230     -2.298   0.003141    12.3439    -1.9636     -2.279     0.0072    -0.5351 -9.990e-29
 237.694236     -2.283   0.003141    12.3398    -1.9635     -2.264     0.0072    -0.5346 -9.990e-29
 237.694242     -2.270   0.003141    12.3356    -1.9637     -2.251     0.0072    -0.5341 -9.990e-29
 237.694248     -2.260   0.003141    12.3316    -1.9639     -2.241     0.0072    -0.5336 -9.990e-29
 237.694253     -2.250   0.003142    12.3280    -1.9641     -2.231     0.0072    -0.5332 -9.990e-29
 237.694259     -2.240   0.003142    12.3248    -1.9645     -2.221     0.0072    -0.5328 -9.990e-29
 237.694265     -2.231   0.003142    12.3221    -1.9648     -2.212     0.0072    -0.5325 -9.990e-29
 237.694271     -2.220   0.003142    12.3209    -1.9651     -2.201     0.0072    -0.5323 -9.990e-29
 237.694277     -2.208   0.003143    12.3217    -1.9653     -2.190     0.0072    -0.5324 -9.990e-29
 237.694282     -2.193   0.003143    12.3231    -1.9655     -2.175     0.0072    -0.5326 -9.990e-29
 237.694288     -2.176   0.003144    12.3231    -1.9655     -2.158     0.0072    -0.5326 -9.990e-29
 237.694294     -2.153   0.003144    12.3210    -1.9651     -2.135     0.0072    -0.5324 -9.990e-29
 237.694300     -2.126   0.003145    12.3173    -1.9650     -2.108     0.0072    -0.5319 -9.990e-29
 237.694306     -2.094   0.003145    12.3123    -1.9647     -2.077     0.0072    -0.5313 -9.990e-29
 237.694311     -2.067   0.003146    12.3060    -1.9643     -2.050     0.0072    -0.5306 -9.990e-29
 237.694317     -2.045   0.003146    12.2995    -1.9639     -2.028     0.0072    -0.5298 -9.990e-29
 237.694323     -2.028   0.003147    12.2938    -1.9635     -2.011     0.0072    -0.5291 -9.990e-29
 237.694329     -2.014   0.003147    12.2893    -1.9635     -1.997     0.0072    -0.5286 -9.990e-29
 237.694334     -2.003   0.003148    12.2868    -1.9637     -1.986     0.0072    -0.5283 -9.990e-29
 237.694340     -1.993   0.003148    12.2875    -1.9640     -1.976     0.0072    -0.5284 -9.990e-29
 237.694346     -1.985   0.003149    12.2912    -1.9644     -1.968     0.0072    -0.5288 -9.990e-29
 237.694352     -1.977   0.003149    12.2962    -1.9646     -1.961     0.0072    -0.5294 -9.990e-29
 237.694358     -1.970   0.003150    12.3025    -1.9647     -1.954     0.0072    -0.5302 -9.990e-29
 237.694363     -1.962   0.003150    12.3100    -1.9648     -1.946     0.0072    -0.5311 -9.990e-29
 237.694369     -1.954   0.003151    12.3172    -1.9642     -1.938     0.0072    -0.5319 -9.990e-29
 237.694375     -1.944   0.003151    12.3223    -1.9638     -1.928     0.0072    -0.5325 -9.990e-29
 237.694381     -1.933   0.003152    12.3236    -1.9638     -1.917     0.0072    -0.5327 -9.990e-29
 237.694387     -1.919   0.003152    12.3211    -1.9639     -1.903     0.0072    -0.5324 -9.990e-29
 237.694392     -1.901   0.003153    12.3165    -1.9639     -1.885     0.0072    -0.5318 -9.990e-29
 237.694398     -1.879   0.003153    12.3113    -1.9638     -1.863     0.0072    -0.5312 -9.990e-29
 237.694404     -1.854   0.003154    12.3070    -1.9638     -1.839     0.0072    -0.5307 -9.990e-29
 237.694410     -1.835   0.003154    12.3048    -1.9636     -1.820     0.0072    -0.5304 -9.990e-29
 237.694416     -1.820   0.003155    12.3067    -1.9637     -1.805     0.0072    -0.5307 -9.990e-29
 237.694421     -1.804   0.003155    12.3124    -1.9640     -1.789     0.0072    -0.5313 -9.990e-29
 237.694427     -1.790   0.003156    12.3178    -1.9642     -1.775     0.0072    -0.5320 -9.990e-29
 237.694433     -1.781   0.003156    12.3202    -1.9645     -1.766     0.0072    -0.5322 -9.990e-29
 237.694439     -1.777   0.003157    12.3207    -1.9647     -1.762     0.0072    -0.5323 -9.990e-29
 237.694444     -1.774   0.003157    12.3212    -1.9649     -1.759     0.0072    -0.5324 -9.990e-29
 237.694450     -1.766   0.003158    12.3222    -1.9651     -1.751     0.0072    -0.5325 -9.990e-29
 237.694456     -1.758   0.003158    12.3231    -1.9650     -1.743     0.0072    -0.5326 -9.990e-29
 237.694462     -1.753   0.003159    12.3234    -1.9646     -1.738     0.0072    -0.5326 -9.990e-29
