data/oxygen options/ONMS/Olympic_Coast_National_Marine_Sanctuary_CTD_Data_2005_2023/raw_data/2018/CAST_CA015_180710faed.cnv
* Sea-Bird SBE19 Data File:
* FileName = C:\2018 Mooring Data\Casts\CAST_CA015_180710.hex
* Software Version 1.59
* Temperature SN = 2997
* Conductivity SN = 2997
* System UpLoad Time = Jul 10 2018 20:48:11
** CAST_CA015_180710
* ds
# nquan = 9                                 
# nvalues = 758                         
# units = specified
# name 0 = timeJ: Julian Days
# name 1 = prSM: Pressure, Strain Gauge [db]
# name 2 = c0mS/cm: Conductivity [mS/cm]
# name 3 = t090C: Temperature [ITS-90, deg C]
# name 4 = sbeox0ML/L: Oxygen, SBE 43 [ml/l]
# name 5 = depSM: Depth [salt water, m], lat = 47.5
# name 6 = sal00: Salinity, Practical [PSU]
# name 7 = sigma-é00: Density [sigma-theta, kg/m^3]
# name 8 = flag: flag
# span 0 = 191.840799, 191.845179       
# span 1 =     -4.913,     16.245       
# span 2 =   0.479549,  39.635504       
# span 3 =     8.7233,    17.2410       
# span 4 =    -1.8267,    16.0585       
# span 5 =     -4.872,     16.109       
# span 6 =     0.2756,    33.4495       
# span 7 =    -1.0393,    25.9396       
# span 8 = 0.0000e+00, 0.0000e+00       
# interval = seconds: 0.5
# start_time = Jul 10 2018 20:10:45 [Instrument's time stamp, header]
# bad_flag = -9.990e-29
*END*
[from data line 321]
 191.842656     -0.389   0.599531    15.8553    -1.8185     -0.386     0.3571    -0.7561 -9.990e-29
 191.842662     -0.381   0.597407    15.8474    -1.8183     -0.378     0.3558    -0.7558 -9.990e-29
 191.842668     -0.375   0.594115    15.8390    -1.8184     -0.372     0.3539    -0.7560 -9.990e-29
 191.842674     -0.370   0.590806    15.8326    -1.8187     -0.367     0.3519    -0.7565 -9.990e-29
 191.842679     -0.365   0.587498    15.8291    -1.8191     -0.362     0.3499    -0.7574 -9.990e-29
 191.842685     -0.361   0.583659    15.8291    -1.8196     -0.358     0.3475    -0.7593 -9.990e-29
 191.842691     -0.357   0.579710    15.8329    -1.8206     -0.354     0.3451    -0.7618 -9.990e-29
 191.842697     -0.353   0.576478    15.8396    -1.8210     -0.350     0.3430    -0.7644 -9.990e-29
 191.842703     -0.349   0.574087    15.8466    -1.8219     -0.346     0.3415    -0.7667 -9.990e-29
 191.842708     -0.344   0.572116    15.8520    -1.8227     -0.341     0.3402    -0.7686 -9.990e-29
 191.842714     -0.338   0.570153    15.8545    -1.8235     -0.335     0.3390    -0.7699 -9.990e-29
 191.842720     -0.331   0.567798    15.8526    -1.8240     -0.328     0.3376    -0.7707 -9.990e-29
 191.842726     -0.323   0.565234    15.8458    -1.8243     -0.320     0.3361    -0.7708 -9.990e-29
 191.842731     -0.312   0.563473    15.8352    -1.8247     -0.309     0.3351    -0.7699 -9.990e-29
 191.842737     -0.298   0.562383    15.8208    -1.8253     -0.296     0.3345    -0.7680 -9.990e-29
 191.842743     -0.284   0.560509    15.8032    -1.8260     -0.282     0.3335    -0.7659 -9.990e-29
 191.842749     -0.279   0.557570    15.7845    -1.8267     -0.277     0.3319    -0.7642 -9.990e-29
 191.842755     -0.282   0.554632    15.7646    -1.5190     -0.280     0.3302    -0.7623 -9.990e-29
 191.842760     -0.284   0.553317    15.7440    -1.5231     -0.282     0.3296    -0.7594 -9.990e-29
 191.842766     -0.281   0.555195    15.7253    -1.5267     -0.279     0.3309    -0.7554 -9.990e-29
 191.842772     -0.273   0.560554    15.7103    -1.5322     -0.271     0.3343    -0.7504 -9.990e-29
 191.842778     -0.260   0.572106    15.6975    -1.5251     -0.258     0.3415    -0.7428 -9.990e-29
 191.842784     -0.241   0.605252    15.6835    -1.5253     -0.239     0.3621    -0.7246 -9.990e-29
 191.842789     -0.214   0.708065    15.6647    -1.5292     -0.212     0.4261    -0.6722 -9.990e-29
 191.842795     -0.178   1.020952    15.6360    -1.5318     -0.177     0.6239    -0.5150 -9.990e-29
 191.842801     -0.131   1.963867    15.5815    -1.5557     -0.130     1.2397    -0.0315 -9.990e-29
 191.842807     -0.074   4.797907    15.4534    -1.5278     -0.073     3.2029     1.4983 -9.990e-29
 191.842813     -0.012  13.305668    15.2482    -1.5279     -0.012     9.6257     6.4538 -9.990e-29
 191.842818      0.056  26.141858    15.0666    -1.5309      0.056    20.1818    14.5692 -9.990e-29
 191.842824      0.128  34.826695    14.9822    -1.5333      0.127    27.7501    20.3945 -9.990e-29
 191.842830      0.196  37.770913    14.9630    -1.5327      0.194    30.3811    22.4219 -9.990e-29
 191.842836      0.253  38.747175    14.9304    -1.5311      0.251    31.2821    23.1223 -9.990e-29
 191.842841      0.297  39.141740    14.8618    -1.5315      0.295    31.6927    23.4531 -9.990e-29
 191.842847      0.332  39.277919    14.8124    -1.5311      0.329    31.8559    23.5893 -9.990e-29
 191.842853      0.358  39.173714    14.8210    -1.5308      0.355    31.7548    23.5095 -9.990e-29
 191.842859      0.379  38.736107    14.8588    -1.5304      0.376    31.3296    23.1741 -9.990e-29
 191.842865      0.396  38.403175    14.8617    -1.5299      0.393    31.0277    22.9410 -9.990e-29
 191.842870      0.409  38.707207    14.8139    -1.5309      0.406    31.3396    23.1913 -9.990e-29
 191.842876      0.419  39.106539    14.7664    -1.5324      0.416    31.7386    23.5086 -9.990e-29
 191.842882      0.427  39.224098    14.7498    -1.5349      0.423    31.8584    23.6045 -9.990e-29
 191.842888      0.434  39.258633    14.7459    -1.5345      0.430    31.8929    23.6318 -9.990e-29
 191.842894      0.439  39.295398    14.7480    -1.5341      0.435    31.9244    23.6557 -9.990e-29
 191.842899      0.444  39.354846    14.7668    -1.5333      0.440    31.9628    23.6813 -9.990e-29
 191.842905      0.448  39.387399    14.7939    -1.5336      0.444    31.9700    23.6811 -9.990e-29
 191.842911      0.453  39.369073    14.8063    -1.5318      0.449    31.9432    23.6578 -9.990e-29
 191.842917      0.457  39.332622    14.7919    -1.5330      0.453    31.9221    23.6446 -9.990e-29
 191.842922      0.462  39.325066    14.7590    -1.5333      0.458    31.9422    23.6671 -9.990e-29
 191.842928      0.467  39.348632    14.7161    -1.5345      0.463    31.9988    23.7198 -9.990e-29
 191.842934      0.473  39.352194    14.6797    -1.5348      0.469    32.0320    23.7531 -9.990e-29
 191.842940      0.481  39.324260    14.6755    -1.5340      0.477    32.0101    23.7371 -9.990e-29
 191.842946      0.491  39.291448    14.6967    -1.5341      0.487    31.9629    23.6962 -9.990e-29
 191.842951      0.503  39.256505    14.7108    -1.5353      0.499    31.9197    23.6599 -9.990e-29
 191.842957      0.519  39.224387    14.7013    -1.5353      0.515    31.8984    23.6455 -9.990e-29
 191.842963      0.539  39.227914    14.6735    -1.5346      0.535    31.9244    23.6714 -9.990e-29
 191.842969      0.560  39.297010    14.6451    -1.5339      0.555    32.0104    23.7437 -9.990e-29
 191.842975      0.575  39.401131    14.6366    -1.5336      0.570    32.1120    23.8238 -9.990e-29
 191.842980      0.581  39.456146    14.6473    -1.5328      0.576    32.1531    23.8532 -9.990e-29
 191.842986      0.579  39.419452    14.6562    -1.5313      0.574    32.1124    23.8200 -9.990e-29
 191.842992      0.571  39.330082    14.6504    -1.5311      0.566    32.0361    23.7624 -9.990e-29
 191.842998      0.567  39.275606    14.6352    -1.5309      0.562    31.9991    23.7371 -9.990e-29
 191.843003      0.570  39.289841    14.6254    -1.5305      0.565    32.0201    23.7554 -9.990e-29
 191.843009      0.581  39.311668    14.6318    -1.5320      0.576    32.0347    23.7652 -9.990e-29
 191.843015      0.596  39.301854    14.6532    -1.5320      0.591    32.0081    23.7403 -9.990e-29
 191.843021      0.607  39.282611    14.6763    -1.5311      0.602    31.9717    23.7073 -9.990e-29
 191.843027      0.611  39.269748    14.6900    -1.5314      0.606    31.9487    23.6867 -9.990e-29
 191.843032      0.613  39.270216    14.6971    -1.5321      0.608    31.9433    23.6810 -9.990e-29
 191.843038      0.620  39.302582    14.7032    -1.5336      0.615    31.9676    23.6985 -9.990e-29
 191.843044      0.634  39.372481    14.7098    -1.5326      0.629    32.0256    23.7417 -9.990e-29
 191.843050      0.647  39.449878    14.7193    -1.5332      0.642    32.0879    23.7877 -9.990e-29
 191.843056      0.655  39.495128    14.7301    -1.5324      0.650    32.1200    23.8102 -9.990e-29
 191.843061      0.659  39.498550    14.7350    -1.5326      0.653    32.1190    23.8084 -9.990e-29
 191.843067      0.660  39.462478    14.7312    -1.5341      0.654    32.0895    23.7864 -9.990e-29
 191.843073      0.656  39.412775    14.7214    -1.5331      0.651    32.0525    23.7600 -9.990e-29
 191.843079      0.648  39.405868    14.7128    -1.5328      0.643    32.0533    23.7625 -9.990e-29
 191.843084      0.640  39.435357    14.7052    -1.5345      0.635    32.0863    23.7895 -9.990e-29
 191.843090      0.640  39.434131    14.6879    -1.5355      0.635    32.0995    23.8033 -9.990e-29
 191.843096      0.647  39.392721    14.6649    -1.5344      0.642    32.0809    23.7939 -9.990e-29
 191.843102      0.655  39.384210    14.6608    -1.5339      0.650    32.0766    23.7914 -9.990e-29
 191.843108      0.657  39.428625    14.6828    -1.5339      0.652    32.0987    23.8038 -9.990e-29
 191.843113      0.656  39.443460    14.7015    -1.5324      0.651    32.0967    23.7983 -9.990e-29
 191.843119      0.651  39.391363    14.6971    -1.5331      0.646    32.0531    23.7657 -9.990e-29
 191.843125      0.646  39.320533    14.6860    -1.5330      0.641    31.9981    23.7256 -9.990e-29
 191.843131      0.645  39.295078    14.6816    -1.5338      0.640    31.9786    23.7115 -9.990e-29
 191.843137      0.643  39.314119    14.6776    -1.5347      0.638    31.9992    23.7282 -9.990e-29
 191.843142      0.641  39.301096    14.6670    -1.5358      0.636    31.9961    23.7280 -9.990e-29
 191.843148      0.642  39.242577    14.6503    -1.5356      0.637    31.9567    23.7012 -9.990e-29
 191.843154      0.643  39.225240    14.6391    -1.5357      0.638    31.9502    23.6986 -9.990e-29
 191.843160      0.642  39.287037    14.6473    -1.5351      0.637    31.9995    23.7349 -9.990e-29
 191.843166      0.646  39.359682    14.6724    -1.5339      0.641    32.0448    23.7644 -9.990e-29
 191.843171      0.653  39.387670    14.6978    -1.5345      0.648    32.0492    23.7625 -9.990e-29
 191.843177      0.665  39.366316    14.7119    -1.5341      0.659    32.0182    23.7356 -9.990e-29
 191.843183      0.677  39.307500    14.7097    -1.5330      0.671    31.9667    23.6964 -9.990e-29
 191.843189      0.686  39.240932    14.6912    -1.5332      0.680    31.9216    23.6656 -9.990e-29
 191.843194      0.694  39.185984    14.6597    -1.5351      0.688    31.8976    23.6537 -9.990e-29
 191.843200      0.700  39.152307    14.6227    -1.5375      0.694    31.8975    23.6614 -9.990e-29
 191.843206      0.704  39.166709    14.5975    -1.5356      0.698    31.9312    23.6927 -9.990e-29
 191.843212      0.708  39.236071    14.5982    -1.5349      0.702    31.9937    23.7407 -9.990e-29
 191.843218      0.711  39.313953    14.6145    -1.5344      0.705    32.0510    23.7814 -9.990e-29
 191.843223      0.713  39.358557    14.6259    -1.5363      0.707    32.0821    23.8030 -9.990e-29
 191.843229      0.714  39.367743    14.6285    -1.5370      0.708    32.0883    23.8072 -9.990e-29
 191.843235      0.716  39.368902    14.6287    -1.5355      0.710    32.0892    23.8079 -9.990e-29
 191.843241      0.717  39.394402    14.6292    -1.5365      0.711    32.1119    23.8253 -9.990e-29
 191.843247      0.718  39.418311    14.6247    12.1002      0.712    32.1373    23.8459 -9.990e-29
 191.843252      0.719  39.376723    14.6107    15.7971      0.713    32.1111    23.8286 -9.990e-29
 191.843258      0.719  39.277502    14.5965    16.0585      0.713    32.0327    23.7712 -9.990e-29
 191.843264      0.720  39.228682    14.5928    13.5371      0.714    31.9914    23.7401 -9.990e-29
 191.843270      0.720  39.276652    14.5978     7.9771      0.714    32.0309    23.7695 -9.990e-29
 191.843275      0.721  39.330208    14.6024     8.2517      0.715    32.0757    23.8031 -9.990e-29
 191.843281      0.722  39.310080    14.5986     8.5758      0.716    32.0606    23.7922 -9.990e-29
 191.843287      0.722  39.236497    14.5883     8.5884      0.716    32.0022    23.7494 -9.990e-29
 191.843293      0.723  39.199582    14.5827     8.5094      0.717    31.9733    23.7282 -9.990e-29
 191.843299      0.725  39.203340    14.5860     8.4255      0.719    31.9740    23.7281 -9.990e-29
 191.843304      0.726  39.139073    14.5913     8.3444      0.720    31.9112    23.6786 -9.990e-29
 191.843310      0.728  39.019690    14.5948     8.2965      0.722    31.8000    23.5921 -9.990e-29
 191.843316      0.730  38.948744    14.5978     8.2537      0.724    31.7331    23.5400 -9.990e-29
 191.843322      0.733  38.925201    14.5994     8.2164      0.727    31.7105    23.5222 -9.990e-29
 191.843328      0.737  38.908717    14.6003     8.1713      0.731    31.6948    23.5099 -9.990e-29
 191.843333      0.741  38.900289    14.6039     8.1336      0.735    31.6842    23.5010 -9.990e-29
 191.843339      0.747  38.898214    14.6101     8.1285      0.741    31.6772    23.4943 -9.990e-29
 191.843345      0.751  38.893572    14.6167     8.1105      0.745    31.6676    23.4855 -9.990e-29
 191.843351      0.748  38.893628    14.6243     8.1175      0.742    31.6615    23.4792 -9.990e-29
 191.843356      0.742  38.899589    14.6327     8.1126      0.736    31.6601    23.4763 -9.990e-29
 191.843362      0.738  38.903168    14.6369     8.1108      0.732    31.6599    23.4753 -9.990e-29
 191.843368      0.735  38.897947    14.6326     8.1221      0.729    31.6587    23.4753 -9.990e-29
 191.843374      0.733  38.880338    14.6242     8.1128      0.727    31.6495    23.4700 -9.990e-29
 191.843380      0.732  38.869445    14.6244     8.1127      0.726    31.6395    23.4622 -9.990e-29
 191.843385      0.732  38.879322    14.6362     8.0915      0.726    31.6388    23.4593 -9.990e-29
 191.843391      0.732  38.893457    14.6489     8.0868      0.726    31.6413    23.4585 -9.990e-29
 191.843397      0.734  38.900459    14.6537     8.0810      0.728    31.6437    23.4594 -9.990e-29
 191.843403      0.736  38.905755    14.6529     8.0881      0.730    31.6492    23.4637 -9.990e-29
 191.843409      0.739  38.914180    14.6534     8.0851      0.733    31.6564    23.4692 -9.990e-29
 191.843414      0.743  38.923533    14.6578     8.0757      0.737    31.6613    23.4720 -9.990e-29
 191.843420      0.749  38.931730    14.6653     8.0742      0.743    31.6626    23.4715 -9.990e-29
 191.843426      0.756  38.937948    14.6742     8.0910      0.750    31.6610    23.4683 -9.990e-29
 191.843432      0.766  38.940966    14.6823     8.1048      0.760    31.6571    23.4637 -9.990e-29
 191.843437      0.775  38.944258    14.6892     8.1184      0.769    31.6545    23.4602 -9.990e-29
 191.843443      0.778  38.949425    14.6966     8.1062      0.772    31.6532    23.4576 -9.990e-29
 191.843449      0.781  38.956088    14.7039     8.0791      0.774    31.6532    23.4561 -9.990e-29
 191.843455      0.788  38.956898    14.7083     8.0838      0.781    31.6504    23.4530 -9.990e-29
 191.843461      0.795  38.942864    14.7094     8.1020      0.788    31.6368    23.4423 -9.990e-29
 191.843466      0.794  38.931692    14.7114     8.1176      0.787    31.6251    23.4328 -9.990e-29
 191.843472      0.784  38.938184    14.7162     8.1146      0.777    31.6270    23.4333 -9.990e-29
 191.843478      0.774  38.945241    14.7178     8.0999      0.768    31.6321    23.4369 -9.990e-29
 191.843484      0.768  38.940439    14.7075     8.0926      0.762    31.6362    23.4422 -9.990e-29
 191.843490      0.765  38.920187    14.6841     8.1053      0.759    31.6369    23.4476 -9.990e-29
 191.843495      0.765  38.893342    14.6641     8.1250      0.759    31.6288    23.4457 -9.990e-29
 191.843501      0.767  38.887975    14.6637     8.1420      0.761    31.6243    23.4423 -9.990e-29
 191.843507      0.768  38.901415    14.6719     8.1507      0.762    31.6298    23.4448 -9.990e-29
 191.843513      0.764  38.906776    14.6698     8.1327      0.758    31.6364    23.4503 -9.990e-29
 191.843519      0.759  38.898894    14.6588     8.1284      0.753    31.6382    23.4540 -9.990e-29
 191.843524      0.755  38.885758    14.6471     8.1195      0.749    31.6358    23.4546 -9.990e-29
 191.843530      0.754  38.874511    14.6370     8.1281      0.748    31.6338    23.4552 -9.990e-29
 191.843536      0.755  38.870328    14.6319     8.1356      0.749    31.6342    23.4566 -9.990e-29
 191.843542      0.759  38.874921    14.6344     8.1467      0.753    31.6363    23.4577 -9.990e-29
 191.843547      0.765  38.885461    14.6423     8.1281      0.759    31.6394    23.4584 -9.990e-29
 191.843553      0.773  38.892484    14.6473     8.1123      0.767    31.6417    23.4591 -9.990e-29
 191.843559      0.786  38.888559    14.6407     8.0935      0.779    31.6435    23.4619 -9.990e-29
 191.843565      0.797  38.881910    14.6284     8.1095      0.790    31.6475    23.4676 -9.990e-29
 191.843571      0.806  38.884969    14.6245     8.1270      0.799    31.6535    23.4730 -9.990e-29
