data/oxygen options/ONMS/Olympic_Coast_National_Marine_Sanctuary_CTD_Data_2005_2023/raw_data/2018/CAST_CE042_180924faed.cnv
* Sea-Bird SBE 19 Data File:
* FileName = C:\2018 Mooring Data\Casts\CAST_CE042_180924.hex
* Software Version SeatermAF 2.1.2
* Temperature SN = 2997
* Conductivity SN = 2997
* System UpLoad Time = Sep 24 2018 17:15:16 (localtime) = Sep 24 2018 17:15:16 (UTC)
** CAST_CE042_180924
* ds
# nquan = 9                                 
# nvalues = 1139                        
# units = specified
# name 0 = timeJ: Julian Days
# name 1 = prSM: Pressure, Strain Gauge [db]
# name 2 = c0mS/cm: Conductivity [mS/cm]
# name 3 = t090C: Temperature [ITS-90, deg C]
# name 4 = sbeox0ML/L: Oxygen, SBE 43 [ml/l]
# name 5 = depSM: Depth [salt water, m], lat = 47.5
# name 6 = sal00: Salinity, Practical [PSU]
# name 7 = sigma-é00: Density [sigma-theta, kg/m^3]
# name 8 = flag: flag
# span 0 = 267.685984, 267.692569       
# span 1 =     -4.587,     46.843       
# span 2 =   0.091123,  38.902367       
# span 3 =     8.1894,    14.8905       
# span 4 =    -1.9339,    14.6967       
# span 5 =     -4.549,     46.447       
# span 6 =     0.0573,    33.7592       
# span 7 =    -0.6203,    26.2710       
# span 8 = 0.0000e+00, 0.0000e+00       
# interval = seconds: 0.5
# start_time = Sep 24 2018 16:27:49 [Instrument's time stamp, header]
# bad_flag = -9.990e-29
*END*
[from data line 161]
 267.686916     -1.280   0.101040    13.2082    -1.9253     -1.269     0.0632    -0.5985 -9.990e-29
 267.686921     -1.261   0.100960    13.2152    -1.9254     -1.250     0.0632    -0.5994 -9.990e-29
 267.686927     -1.243   0.100713    13.2212    -1.9252     -1.233     0.0630    -0.6003 -9.990e-29
 267.686933     -1.231   0.100524    13.2260    -1.9252     -1.221     0.0629    -0.6010 -9.990e-29
 267.686939     -1.223   0.100695    13.2294    -1.9251     -1.213     0.0630    -0.6014 -9.990e-29
 267.686944     -1.218   0.100900    13.2316    -1.9250     -1.208     0.0631    -0.6016 -9.990e-29
 267.686950     -1.217   0.100859    13.2312    -1.9250     -1.207     0.0631    -0.6016 -9.990e-29
 267.686956     -1.214   0.100517    13.2272    -1.9249     -1.204     0.0629    -0.6012 -9.990e-29
 267.686962     -1.206   0.099972    13.2209    -1.9246     -1.196     0.0626    -0.6006 -9.990e-29
 267.686968     -1.196   0.099606    13.2149    -1.9243     -1.186     0.0624    -0.6000 -9.990e-29
 267.686973     -1.188   0.099484    13.2119    -1.9239     -1.178     0.0623    -0.5997 -9.990e-29
 267.686979     -1.182   0.099443    13.2120    -1.9235     -1.172     0.0623    -0.5997 -9.990e-29
 267.686985     -1.177   0.099429    13.2133    -1.9230     -1.167     0.0622    -0.5999 -9.990e-29
 267.686991     -1.172   0.099425    13.2150    -1.9225     -1.162     0.0622    -0.6001 -9.990e-29
 267.686997     -1.168   0.099423    13.2169    -1.9219     -1.158     0.0622    -0.6004 -9.990e-29
 267.687002     -1.164   0.099422    13.2193    -1.9218     -1.154     0.0622    -0.6007 -9.990e-29
 267.687008     -1.160   0.099422    13.2229    -1.9218     -1.150     0.0622    -0.6012 -9.990e-29
 267.687014     -1.156   0.099422    13.2284    -1.9215     -1.146     0.0622    -0.6019 -9.990e-29
 267.687020     -1.150   0.099422    13.2356    -1.9212     -1.140     0.0622    -0.6028 -9.990e-29
 267.687025     -1.144   0.099421    13.2443    -1.9210     -1.134     0.0622    -0.6040 -9.990e-29
 267.687031     -1.137   0.099421    13.2543    -1.9206     -1.128     0.0622    -0.6053 -9.990e-29
 267.687037     -1.128   0.099421    13.2652    -1.9202     -1.119     0.0622    -0.6067 -9.990e-29
 267.687043     -1.116   0.099421    13.2766    -1.9197     -1.107     0.0622    -0.6082 -9.990e-29
 267.687049     -1.101   0.099421    13.2865    -1.9196     -1.092     0.0622    -0.6095 -9.990e-29
 267.687054     -1.082   0.099421    13.2932    -1.9193     -1.073     0.0621    -0.6104 -9.990e-29
 267.687060     -1.062   0.099421    13.2978    -1.9189     -1.053     0.0621    -0.6110 -9.990e-29
 267.687066     -1.048   0.099421    13.3028    -1.9193     -1.039     0.0621    -0.6116 -9.990e-29
 267.687072     -1.039   0.099420    13.3089    -1.9194     -1.030     0.0621    -0.6124 -9.990e-29
 267.687078     -1.027   0.099420    13.3161    -1.9192     -1.018     0.0621    -0.6134 -9.990e-29
 267.687083     -1.010   0.099419    13.3245    -1.9189     -1.002     0.0621    -0.6145 -9.990e-29
 267.687089     -0.996   0.099418    13.3336    -1.9187     -0.988     0.0621    -0.6157 -9.990e-29
 267.687095     -0.989   0.099413    13.3419    -1.9188     -0.981     0.0621    -0.6168 -9.990e-29
 267.687101     -0.983   0.099400    13.3486    -1.9190     -0.975     0.0621    -0.6177 -9.990e-29
 267.687106     -0.974   0.099360    13.3543    -1.9192     -0.966     0.0620    -0.6184 -9.990e-29
 267.687112     -0.966   0.099241    13.3576    -1.9197     -0.958     0.0620    -0.6189 -9.990e-29
 267.687118     -0.958   0.098884    13.3576    -1.9200     -0.950     0.0617    -0.6191 -9.990e-29
 267.687124     -0.945   0.098366    13.3575    -1.9202     -0.937     0.0614    -0.6193 -9.990e-29
 267.687130     -0.931   0.098106    13.3597    -1.9203     -0.923     0.0613    -0.6197 -9.990e-29
 267.687135     -0.919   0.098312    13.3633    -1.9207     -0.911     0.0614    -0.6201 -9.990e-29
 267.687141     -0.909   0.098703    13.3657    -1.9209     -0.901     0.0616    -0.6203 -9.990e-29
 267.687147     -0.899   0.098693    13.3651    -1.9209     -0.891     0.0616    -0.6202 -9.990e-29
 267.687153     -0.890   0.098271    13.3615    -1.9209     -0.883     0.0614    -0.6199 -9.990e-29
 267.687159     -0.881   0.097981    13.3555    -1.9208     -0.874     0.0612    -0.6192 -9.990e-29
 267.687164     -0.870   0.097989    13.3480    -1.9210     -0.863     0.0612    -0.6183 -9.990e-29
 267.687170     -0.858   0.098308    13.3409    -1.9220     -0.851     0.0614    -0.6172 -9.990e-29
 267.687176     -0.843   0.098809    13.3352    -1.9229     -0.836     0.0617    -0.6162 -9.990e-29
 267.687182     -0.825   0.099051    13.3302    -1.9236     -0.818     0.0619    -0.6154 -9.990e-29
 267.687187     -0.803   0.098803    13.3253    -1.9240     -0.796     0.0617    -0.6149 -9.990e-29
 267.687193     -0.779   0.098290    13.3213    -1.9242     -0.773     0.0614    -0.6146 -9.990e-29
 267.687199     -0.760   0.097934    13.3188    -1.9245     -0.754     0.0612    -0.6144 -9.990e-29
 267.687205     -0.750   0.097816    13.3171    -1.9246     -0.744     0.0612    -0.6143 -9.990e-29
 267.687211     -0.748   0.097776    13.3138    -1.9246     -0.742     0.0611    -0.6138 -9.990e-29
 267.687216     -0.749   0.097762    13.3052    -1.9246     -0.743     0.0611    -0.6127 -9.990e-29
 267.687222     -0.745   0.097758    13.2904    -1.9246     -0.739     0.0612    -0.6108 -9.990e-29
 267.687228     -0.735   0.097756    13.2736    -1.9245     -0.729     0.0612    -0.6086 -9.990e-29
 267.687234     -0.724   0.097756    13.2592    -1.9247     -0.718     0.0612    -0.6067 -9.990e-29
 267.687240     -0.711   0.097757    13.2484    -1.9249     -0.705     0.0612    -0.6053 -9.990e-29
 267.687245     -0.699   0.097761    13.2406    -1.9249     -0.693     0.0612    -0.6042 -9.990e-29
 267.687251     -0.691   0.097773    13.2350    -1.9247     -0.685     0.0612    -0.6035 -9.990e-29
 267.687257     -0.687   0.097810    13.2316    -1.9246     -0.681     0.0613    -0.6030 -9.990e-29
 267.687263     -0.683   0.097919    13.2304    -1.9246     -0.677     0.0613    -0.6028 -9.990e-29
 267.687269     -0.674   0.098247    13.2302    -1.9246     -0.668     0.0615    -0.6027 -9.990e-29
 267.687274     -0.664   0.098677    13.2302    -1.9245     -0.658     0.0618    -0.6025 -9.990e-29
 267.687280     -0.656   0.098677    13.2296    -1.9242     -0.651     0.0618    -0.6024 -9.990e-29
 267.687286     -0.650   0.098246    13.2276    -1.9241     -0.645     0.0615    -0.6023 -9.990e-29
 267.687292     -0.645   0.097918    13.2256    -1.9241     -0.640     0.0613    -0.6022 -9.990e-29
 267.687297     -0.642   0.097809    13.2257    -1.9240     -0.637     0.0613    -0.6023 -9.990e-29
 267.687303     -0.639   0.097774    13.2275    -1.9241     -0.634     0.0612    -0.6025 -9.990e-29
 267.687309     -0.637   0.097766    13.2293    -1.9239     -0.632     0.0612    -0.6028 -9.990e-29
 267.687315     -0.636   0.097775    13.2304    -1.9236     -0.631     0.0612    -0.6029 -9.990e-29
 267.687321     -0.635   0.097813    13.2318    -1.9235     -0.630     0.0613    -0.6031 -9.990e-29
 267.687326     -0.635   0.097931    13.2344    -1.9238     -0.630     0.0613    -0.6034 -9.990e-29
 267.687332     -0.635   0.098287    13.2378    -1.9244     -0.630     0.0615    -0.6036 -9.990e-29
 267.687338     -0.636   0.098800    13.2407    -1.9249     -0.631     0.0618    -0.6038 -9.990e-29
 267.687344     -0.638   0.099046    13.2423    -1.9252     -0.633     0.0620    -0.6039 -9.990e-29
 267.687350     -0.640   0.098800    13.2431    -1.9256     -0.635     0.0618    -0.6041 -9.990e-29
 267.687355     -0.638   0.098287    13.2443    -1.9254     -0.633     0.0615    -0.6045 -9.990e-29
 267.687361     -0.629   0.097931    13.2471    -1.9254     -0.624     0.0613    -0.6050 -9.990e-29
 267.687367     -0.616   0.097812    13.2502    -1.9255     -0.611     0.0612    -0.6055 -9.990e-29
 267.687373     -0.601   0.097772    13.2501    -1.9255     -0.596     0.0612    -0.6055 -9.990e-29
 267.687378     -0.590   0.097758    13.2446    -1.9255     -0.585     0.0612    -0.6048 -9.990e-29
 267.687384     -0.585   0.097754    13.2354    -1.9254     -0.580     0.0612    -0.6036 -9.990e-29
 267.687390     -0.581   0.097752    13.2259    -1.9254     -0.576     0.0612    -0.6023 -9.990e-29
 267.687396     -0.579   0.097752    13.2177    -1.9254     -0.574     0.0612    -0.6013 -9.990e-29
 267.687402     -0.582   0.097752    13.2123    -1.9254     -0.577     0.0612    -0.6006 -9.990e-29
 267.687407     -0.586   0.097752    13.2105    -1.9253     -0.581     0.0612    -0.6003 -9.990e-29
 267.687413     -0.588   0.097752    13.2101    -1.9252     -0.583     0.0612    -0.6003 -9.990e-29
 267.687419     -0.588   0.097751    13.2094    -1.9252     -0.583     0.0612    -0.6002 -9.990e-29
 267.687425     -0.585   0.097750    13.2092    -1.9251     -0.580     0.0612    -0.6001 -9.990e-29
 267.687431     -0.579   0.097747    13.2098    -1.9250     -0.574     0.0612    -0.6002 -9.990e-29
 267.687436     -0.571   0.097736    13.2107    -1.9248     -0.566     0.0612    -0.6004 -9.990e-29
 267.687442     -0.559   0.097704    13.2117    -1.9245     -0.554     0.0612    -0.6005 -9.990e-29
 267.687448     -0.542   0.097609    13.2127    -1.9242     -0.537     0.0612    -0.6007 -9.990e-29
 267.687454     -0.520   0.097324    13.2140    -1.9240     -0.516     0.0610    -0.6010 -9.990e-29
 267.687459     -0.496   0.097020    13.2154    -1.9241     -0.492     0.0608    -0.6013 -9.990e-29
 267.687465     -0.476   0.096848    13.2168    -1.9242     -0.472     0.0607    -0.6016 -9.990e-29
 267.687471     -0.459   0.096577    13.2183    -1.9242     -0.455     0.0605    -0.6019 -9.990e-29
 267.687477     -0.440   0.096399    13.2205    -1.9240     -0.436     0.0604    -0.6023 -9.990e-29
 267.687483     -0.422   0.096631    13.2240    -1.9239     -0.418     0.0606    -0.6026 -9.990e-29
 267.687488     -0.408   0.097030    13.2289    -1.9239     -0.405     0.0608    -0.6031 -9.990e-29
 267.687494     -0.397   0.097019    13.2346    -1.9245     -0.394     0.0608    -0.6038 -9.990e-29
 267.687500     -0.388   0.096585    13.2400    -1.9246     -0.385     0.0605    -0.6047 -9.990e-29
 267.687506     -0.382   0.096256    13.2432    -1.9248     -0.379     0.0603    -0.6053 -9.990e-29
 267.687512     -0.377   0.096146    13.2437    -1.9249     -0.374     0.0602    -0.6054 -9.990e-29
 267.687517     -0.373   0.096110    13.2433    -1.9248     -0.370     0.0602    -0.6054 -9.990e-29
 267.687523     -0.371   0.096098    13.2438    -1.9245     -0.368     0.0602    -0.6054 -9.990e-29
 267.687529     -0.369   0.096094    13.2452    -1.9242     -0.366     0.0602    -0.6056 -9.990e-29
 267.687535     -0.367   0.096092    13.2456    -1.9246     -0.364     0.0602    -0.6057 -9.990e-29
 267.687541     -0.367   0.096092    13.2428    -1.9250     -0.364     0.0602    -0.6053 -9.990e-29
 267.687546     -0.366   0.096092    13.2374    -1.9254     -0.363     0.0602    -0.6046 -9.990e-29
 267.687552     -0.367   0.096092    13.2322    -1.9256     -0.364     0.0602    -0.6039 -9.990e-29
 267.687558     -0.368   0.096092    13.2288    -1.9257     -0.365     0.0602    -0.6035 -9.990e-29
 267.687564     -0.369   0.096092    13.2277    -1.9257     -0.366     0.0602    -0.6033 -9.990e-29
 267.687569     -0.372   0.096092    13.2294    -1.9256     -0.369     0.0602    -0.6036 -9.990e-29
 267.687575     -0.375   0.096092    13.2324    -1.9259     -0.372     0.0602    -0.6040 -9.990e-29
 267.687581     -0.379   0.096092    13.2334    -1.9263     -0.376     0.0602    -0.6041 -9.990e-29
 267.687587     -0.380   0.096093    13.2297    -1.9264     -0.377     0.0602    -0.6036 -9.990e-29
 267.687593     -0.375   0.096093    13.2228    -1.9263     -0.372     0.0602    -0.6027 -9.990e-29
 267.687598     -0.366   0.096092    13.2159    -1.9263     -0.363     0.0602    -0.6018 -9.990e-29
 267.687604     -0.357   0.096091    13.2107    -1.9260     -0.354     0.0602    -0.6011 -9.990e-29
 267.687610     -0.349   0.096086    13.2076    -1.9262     -0.346     0.0602    -0.6007 -9.990e-29
 267.687616     -0.339   0.096073    13.2061    -1.9265     -0.336     0.0602    -0.6005 -9.990e-29
 267.687622     -0.329   0.096034    13.2043    -1.9269     -0.326     0.0602    -0.6003 -9.990e-29
 267.687627     -0.317   0.095915    13.2004    -1.9274     -0.314     0.0601    -0.5999 -9.990e-29
 267.687633     -0.302   0.095559    13.1956    -1.9279     -0.299     0.0599    -0.5994 -9.990e-29
 267.687639     -0.288   0.095044    13.1925    -1.9279     -0.286     0.0596    -0.5992 -9.990e-29
 267.687645     -0.279   0.094794    13.1922    -1.9278     -0.277     0.0595    -0.5993 -9.990e-29
 267.687650     -0.268   0.095027    13.1937    -1.9278     -0.266     0.0596    -0.5994 -9.990e-29
 267.687656     -0.256   0.095499    13.1945    -1.9278     -0.254     0.0599    -0.5993 -9.990e-29
 267.687662     -0.247   0.095731    13.1921    -1.9275     -0.245     0.0600    -0.5989 -9.990e-29
 267.687668     -0.238   0.095480    13.1860    -1.9273     -0.236     0.0599    -0.5982 -9.990e-29
 267.687674     -0.235   0.094966    13.1773    -1.9268     -0.233     0.0596    -0.5973 -9.990e-29
 267.687679     -0.237   0.094610    13.1681    -1.9270     -0.235     0.0594    -0.5963 -9.990e-29
 267.687685     -0.236   0.094492    13.1609    -1.9274     -0.234     0.0593    -0.5954 -9.990e-29
 267.687691     -0.231   0.094452    13.1575    -1.9280     -0.229     0.0593    -0.5950 -9.990e-29
 267.687697     -0.226   0.094438    13.1572    -1.9282     -0.224     0.0593    -0.5949 -9.990e-29
 267.687703     -0.218   0.094434    13.1583    -1.9281     -0.216     0.0593    -0.5951 -9.990e-29
 267.687708     -0.205   0.094433    13.1607    -1.9280     -0.203     0.0593    -0.5954 -9.990e-29
 267.687714     -0.194   0.094433    13.1646    -1.9278     -0.192     0.0593    -0.5959 -9.990e-29
 267.687720     -0.187   0.094433    13.1695    -1.9277     -0.185     0.0593    -0.5965 -9.990e-29
 267.687726     -0.177   0.094433    13.1730    -1.9276     -0.176     0.0593    -0.5970 -9.990e-29
 267.687731     -0.168   0.094433    13.1714    -1.9274     -0.167     0.0593    -0.5968 -9.990e-29
 267.687737     -0.165   0.094433    13.1648    -1.9272     -0.164     0.0593    -0.5959 -9.990e-29
 267.687743     -0.162   0.094433    13.1571    -1.9271     -0.161     0.0593    -0.5949 -9.990e-29
 267.687749     -0.155   0.094433    13.1523    -1.9269     -0.154     0.0593    -0.5943 -9.990e-29
 267.687755     -0.149   0.094433    13.1517    -1.9267     -0.148     0.0593    -0.5942 -9.990e-29
 267.687760     -0.146   0.094433    13.1537    -1.9266     -0.145     0.0593    -0.5945 -9.990e-29
 267.687766     -0.142   0.094433    13.1569    -1.9264     -0.141     0.0593    -0.5949 -9.990e-29
 267.687772     -0.133   0.094433    13.1603    -1.9264     -0.132     0.0593    -0.5953 -9.990e-29
 267.687778     -0.123   0.094434    13.1637    -1.9263     -0.122     0.0593    -0.5958 -9.990e-29
 267.687784     -0.115   0.094434    13.1673    -1.9262     -0.114     0.0593    -0.5962 -9.990e-29
 267.687789     -0.109   0.094434    13.1711    -1.9261     -0.108     0.0593    -0.5967 -9.990e-29
 267.687795     -0.105   0.094434    13.1751    -1.9256     -0.104     0.0593    -0.5973 -9.990e-29
 267.687801     -0.101   0.094433    13.1792    -1.9251     -0.100     0.0593    -0.5978 -9.990e-29
 267.687807     -0.098   0.094432    13.1831    -1.9244     -0.097     0.0593    -0.5983 -9.990e-29
 267.687813     -0.096   0.094427    13.1866    -1.9241     -0.095     0.0593    -0.5988 -9.990e-29
 267.687818     -0.094   0.094413    13.1895    -1.9239     -0.093     0.0593    -0.5991 -9.990e-29
 267.687824     -0.092   0.094372    13.1918    -1.9237     -0.091     0.0592    -0.5995 -9.990e-29
 267.687830     -0.091   0.094249    13.1941    -1.9235     -0.090     0.0592    -0.5998 -9.990e-29
