data/oxygen options/ONMS/Olympic_Coast_National_Marine_Sanctuary_CTD_Data_2005_2023/raw_data/2018/CAST_CE042_180709faedb.cnv
* Sea-Bird SBE19 Data File:
* FileName = C:\2018 Mooring Data\Casts\CAST_CE042_180709.hex
* Software Version 1.59
* Temperature SN = 2997
* Conductivity SN = 2997
* System UpLoad Time = Jul 09 2018 18:00:52
** CAST_CE042_180709
* ds
# nquan = 9
# nvalues = 44                          
# units = specified
# name 0 = timeJ: Julian Days
# name 1 = prSM: Pressure, Strain Gauge [db]
# name 2 = c0mS/cm: Conductivity [mS/cm]
# name 3 = t090C: Temperature [ITS-90, deg C]
# name 4 = sbeox0ML/L: Oxygen, SBE 43 [ml/l]
# name 5 = depSM: Depth [salt water, m], lat = 47.5
# name 6 = sal00: Salinity, Practical [PSU]
# name 7 = sigma-é00: Density [sigma-theta, kg/m^3]
# name 8 = flag: flag
# span 0 = 190.695045, 190.695973       
# span 1 =      2.000,     45.000       
# span 2 =  35.085483,  39.902957       
# span 3 =     7.9228,    15.2630       
# span 4 =     0.5887,     8.8076       
# span 5 =      1.983,     44.620       
# span 6 =    32.0049,    33.8448       
# span 7 =    23.6414,    26.3786       
# span 8 = 0.0000e+00, 0.0000e+00       
# interval = decibars: 1                
# start_time = Jul 09 2018 16:34:45 [Instrument's time stamp, header]
# bad_flag = -9.990e-29
*END*
 190.695045      2.000  39.902957    15.2630     8.5585      1.983    32.0492    23.6414 0.0000e+00
 190.695073      3.000  39.560441    14.8404     8.8076      2.975    32.0873    23.7616 0.0000e+00
 190.695096      4.000  39.495959    14.7529     8.3973      3.967    32.1007    23.7906 0.0000e+00
 190.695116      5.000  39.374002    14.6154     7.2512      4.958    32.1032    23.8216 0.0000e+00
 190.695135      6.000  38.884952    13.9911     6.9101      5.950    32.1741    24.0060 0.0000e+00
 190.695154      7.000  38.035617    13.2520     6.9059      6.941    32.0049    24.0242 0.0000e+00
 190.695173      8.000  37.813744    12.8573     6.8754      7.933    32.1295    24.1980 0.0000e+00
 190.695192      9.000  37.829856    12.7171     6.5807      8.925    32.2638    24.3292 0.0000e+00
 190.695210     10.000  37.848570    12.6144     5.9100      9.916    32.3693    24.4306 0.0000e+00
 190.695229     11.000  37.635153    12.1583     5.6652     10.908    32.5594    24.6646 0.0000e+00
 190.695248     12.000  37.288299    11.6488     5.6698     11.900    32.6692    24.8444 0.0000e+00
 190.695268     13.000  37.172173    11.4726     5.3266     12.891    32.7108    24.9089 0.0000e+00
 190.695288     14.000  37.075355    11.3198     4.8573     13.883    32.7507    24.9676 0.0000e+00
 190.695309     15.000  36.828503    10.9551     4.4029     14.874    32.8317    25.0955 0.0000e+00
 190.695330     16.000  36.577765    10.5215     4.1101     15.866    32.9715    25.2801 0.0000e+00
 190.695348     17.000  36.324042    10.1297     3.9298     16.858    33.0717    25.4251 0.0000e+00
 190.695370     18.000  36.116458     9.8830     3.6118     17.849    33.0863    25.4777 0.0000e+00
 190.695392     19.000  35.773133     9.3850     3.4870     18.841    33.1935    25.6428 0.0000e+00
 190.695413     20.000  35.581538     9.1147     3.4005     19.832    33.2464    25.7273 0.0000e+00
 190.695433     21.000  35.476254     8.9501     3.3319     20.824    33.2903    25.7877 0.0000e+00
 190.695454     22.000  35.323192     8.7265     3.2907     21.815    33.3398    25.8612 0.0000e+00
 190.695475     23.000  35.231293     8.5921     3.1836     22.807    33.3696    25.9052 0.0000e+00
 190.695495     24.000  35.181037     8.4960     2.9489     23.798    33.4071    25.9493 0.0000e+00
 190.695517     25.000  35.133249     8.3853     2.4960     24.790    33.4612    26.0084 0.0000e+00
 190.695538     26.000  35.136541     8.3531     1.0583     25.781    33.4949    26.0397 0.0000e+00
 190.695560     27.000  35.211270     8.3713     0.5887     26.773    33.5563    26.0851 0.0000e+00
 190.695580     28.000  35.287114     8.3896     0.8063     27.764    33.6187    26.1313 0.0000e+00
 190.695600     29.000  35.287007     8.3857     0.9708     28.756    33.6218    26.1343 0.0000e+00
 190.695620     30.000  35.279889     8.3778     1.0575     29.747    33.6213    26.1352 0.0000e+00
 190.695640     31.000  35.272872     8.3525     1.1562     30.739    33.6376    26.1518 0.0000e+00
 190.695660     32.000  35.264773     8.3390     1.5560     31.730    33.6415    26.1569 0.0000e+00
 190.695682     33.000  35.240072     8.2869     2.1389     32.722    33.6646    26.1829 0.0000e+00
 190.695702     34.000  35.168469     8.1667     1.9700     33.713    33.7034    26.2313 0.0000e+00
 190.695722     35.000  35.151725     8.1116     1.7194     34.705    33.7381    26.2668 0.0000e+00
 190.695743     36.000  35.130051     8.0261     1.6192     35.697    33.7969    26.3257 0.0000e+00
 190.695765     37.000  35.110945     7.9790     1.5984     36.688    33.8215    26.3519 0.0000e+00
 190.695787     38.000  35.103843     7.9628     1.5894     37.679    33.8291    26.3603 0.0000e+00
 190.695808     39.000  35.099949     7.9551     1.5774     38.671    33.8319    26.3637 0.0000e+00
 190.695829     40.000  35.096702     7.9477     1.5651     39.662    33.8350    26.3672 0.0000e+00
 190.695850     41.000  35.092834     7.9426     1.5591     40.654    33.8354    26.3683 0.0000e+00
 190.695873     42.000  35.091228     7.9398     1.5577     41.645    33.8358    26.3691 0.0000e+00
 190.695897     43.000  35.090327     7.9354     1.5407     42.637    33.8387    26.3720 0.0000e+00
 190.695921     44.000  35.087189     7.9313     1.5193     43.628    33.8388    26.3727 0.0000e+00
 190.695973     45.000  35.085483     7.9228     1.5068     44.620    33.8448    26.3786 0.0000e+00
