data/oxygen options/ONMS/Olympic_Coast_National_Marine_Sanctuary_CTD_Data_2005_2023/raw_data/2018/CAST_KL027_180611faed.cnv
* Sea-Bird SBE19 Data File:
* FileName = C:\2018 Mooring Data\Casts\CAST_KL027_180611.hex
* Software Version 1.59
* Temperature SN = 2997
* Conductivity SN = 2997
* System UpLoad Time = Jun 11 2018 20:35:19
** CAST_KL027_180611
* ds
# nquan = 9                                 
# nvalues = 874                         
# units = specified
# name 0 = timeJ: Julian Days
# name 1 = prSM: Pressure, Strain Gauge [db]
# name 2 = c0mS/cm: Conductivity [mS/cm]
# name 3 = t090C: Temperature [ITS-90, deg C]
# name 4 = sbeox0ML/L: Oxygen, SBE 43 [ml/l]
# name 5 = depSM: Depth [salt water, m], lat = 47.5
# name 6 = sal00: Salinity, Practical [PSU]
# name 7 = sigma-é00: Density [sigma-theta, kg/m^3]
# name 8 = flag: flag
# span 0 = 162.849931, 162.854983       
# span 1 =     -5.227,     27.175       
# span 2 =   0.270691,  37.209124       
# span 3 =     9.6469,    16.1757       
# span 4 =    -1.8328,    14.4845       
# span 5 =     -5.183,     26.946       
# span 6 =     0.1595,    33.0332       
# span 7 =    -0.9484,    25.4731       
# span 8 = 0.0000e+00, 0.0000e+00       
# interval = seconds: 0.5
# start_time = Jun 11 2018 20:23:54 [Instrument's time stamp, header]
# bad_flag = -9.990e-29
*END*
[from data line 801]
 162.854566     15.758  36.644487    12.8511     7.7469     15.626    31.0285    23.3472 0.0000e+00
 162.854572     15.439  36.499748    12.9064     7.7393     15.310    30.8473    23.1964 0.0000e+00
 162.854578     15.122  36.350300    12.9640     7.7432     14.995    30.6604    23.0408 0.0000e+00
 162.854583     14.809  36.177205    13.0262     7.7485     14.685    30.4484    22.8649 0.0000e+00
 162.854589     14.501  36.021261    13.0829     7.7545     14.379    30.2575    22.7064 0.0000e+00
 162.854595     14.196  35.881182    13.1305     7.7684     14.077    30.0893    22.5672 0.0000e+00
 162.854601     13.891  35.762267    13.1673     7.7541     13.775    29.9497    22.4522 0.0000e+00
 162.854606     13.583  35.676193    13.1952     7.7340     13.469    29.8479    22.3681 0.0000e+00
 162.854612     13.272  35.611238    13.2166     7.7240     13.161    29.7710    22.3045 0.0000e+00
 162.854618     12.953  35.559198    13.2309     7.7179     12.844    29.7116    22.2559 0.0000e+00
 162.854624     12.628  35.507815    13.2389     7.7280     12.522    29.6579    22.2128 0.0000e+00
 162.854630     12.302  35.451300    13.2475     7.7373     12.199    29.5989    22.1656 0.0000e+00
 162.854635     11.976  35.378705    13.2626     7.7546     11.876    29.5201    22.1018 0.0000e+00
 162.854641     11.646  35.287306    13.2784     7.7636     11.548    29.4234    22.0241 0.0000e+00
 162.854647     11.309  35.204730    13.2925     7.7751     11.214    29.3363    21.9541 0.0000e+00
 162.854653     10.964  35.140701    13.3120     7.7741     10.872    29.2622    21.8931 0.0000e+00
 162.854659     10.615  35.077602    13.3364     7.7751     10.526    29.1854    21.8291 0.0000e+00
 162.854664     10.265  35.010253    13.3599     7.7782     10.179    29.1054    21.7628 0.0000e+00
 162.854670      9.923  34.944044    13.3800     7.7891      9.840    29.0292    21.7000 0.0000e+00
 162.854676      9.596  34.880285    13.3966     7.8117      9.516    28.9580    21.6418 0.0000e+00
 162.854682      9.281  34.822434    13.4099     7.8276      9.203    28.8948    21.5905 0.0000e+00
 162.854688      8.962  34.780140    13.4220     7.8418      8.887    28.8469    21.5511 0.0000e+00
 162.854693      8.632  34.749090    13.4349     7.8568      8.560    28.8087    21.5192 0.0000e+00
 162.854699      8.295  34.718689    13.4478     7.8394      8.226    28.7712    21.4877 0.0000e+00
 162.854705      7.952  34.680326    13.4650     7.8059      7.885    28.7231    21.4473 0.0000e+00
 162.854711      7.602  34.629891    13.4927     7.7697      7.538    28.6562    21.3902 0.0000e+00
 162.854716      7.244  34.580201    13.5309     7.7794      7.183    28.5822    21.3257 0.0000e+00
 162.854722      6.876  34.537231    13.5755     7.7685      6.818    28.5097    21.2611 0.0000e+00
 162.854728      6.506  34.495767    13.6244     7.7363      6.452    28.4356    21.1944 0.0000e+00
 162.854734      6.145  34.448123    13.6776     7.7132      6.094    28.3528    21.1202 0.0000e+00
 162.854740      5.798  34.377259    13.7277     7.6424      5.750    28.2514    21.0322 0.0000e+00
 162.854745      5.466  34.277710    13.7732     7.5354      5.420    28.1275    20.9278 0.0000e+00
 162.854751      5.144  34.137111    13.8240     7.4301      5.101    27.9628    20.7910 0.0000e+00
 162.854757      4.834  33.925299    13.8817     7.3854      4.794    27.7292    20.5996 0.0000e+00
 162.854763      4.541  33.645885    13.9418     7.3833      4.503    27.4337    20.3601 0.0000e+00
 162.854769      4.273  33.295165    14.0102     7.3960      4.237    27.0693    20.0660 0.0000e+00
 162.854774      4.038  32.781614    14.0936     7.4004      4.004    26.5504    19.6501 0.0000e+00
 162.854780      3.838  32.112152    14.1687     7.4162      3.806    25.9013    19.1358 0.0000e+00
 162.854786      3.665  31.573076    14.2069     7.4083      3.634    25.3963    18.7398 0.0000e+00
 162.854792      3.508  31.341923    14.2194     7.3926      3.479    25.1830    18.5732 0.0000e+00
 162.854797      3.357  31.254293    14.2285     7.3810      3.329    25.0994    18.5072 0.0000e+00
 162.854803      3.206  31.149734    14.2412     7.3909      3.179    24.9986    18.4271 0.0000e+00
 162.854809      3.055  31.013029    14.2599     7.4195      3.029    24.8655    18.3212 0.0000e+00
 162.854815      2.903  30.836446    14.2831     7.4518      2.879    24.6946    18.1852 0.0000e+00
 162.854821      2.752  30.597819    14.3080     7.4199      2.729    24.4682    18.0063 0.0000e+00
 162.854826      2.606  30.334098    14.3324     7.3640      2.584    24.2204    17.8111 0.0000e+00
 162.854832      2.465  30.135141    14.3610     7.3186      2.444    24.0276    17.6573 0.0000e+00
 162.854838      2.327  30.030485    14.4050     7.2809      2.308    23.9086    17.5573 0.0000e+00
 162.854844      2.193  29.970295    14.4641     7.2831      2.175    23.8196    17.4775 0.0000e+00
 162.854850      2.063  29.930807    14.5393     7.2971      2.046    23.7391    17.4010 0.0000e+00
 162.854855      1.933  29.909149    14.6281     7.2905      1.917    23.6662    17.3277 0.0000e+00
 162.854861      1.798  29.901616    14.7014     7.2914      1.783    23.6152    17.2743 0.0000e+00
 162.854867      1.663  29.907124    14.7540     7.2400      1.649    23.5883    17.2433 0.0000e+00
 162.854873      1.533  29.915137    14.8085     7.1328      1.520    23.5624    17.2127 0.0000e+00
 162.854878      1.402  29.921249    14.8595     7.0388      1.390    23.5371    17.1832 0.0000e+00
 162.854884      1.273  29.926903    14.9013     6.9941      1.262    23.5169    17.1595 -9.990e-29
 162.854890      1.153  29.937409    14.9405     7.8676      1.143    23.5025    17.1407 -9.990e-29
 162.854896      1.043  29.951126    14.9671     7.7797      1.034    23.4984    17.1323 -9.990e-29
 162.854902      0.941  29.958946    14.9740     7.3610      0.933    23.5011    17.1329 -9.990e-29
 162.854907      0.848  29.958997    14.9565     6.8562      0.841    23.5116    17.1445 -9.990e-29
 162.854913      0.764  29.948556    14.8891     6.4261      0.758    23.5431    17.1820 -9.990e-29
 162.854919      0.687  29.917057    14.7640     6.1949      0.681    23.5912    17.2435 -9.990e-29
 162.854925      0.620  29.842075    14.6124     6.1370      0.615    23.6176    17.2934 -9.990e-29
 162.854931      0.565  29.643202    14.4610 -9.990e-29      0.560    23.5355    17.2598 -9.990e-29
 162.854936      0.520  29.059169    14.3195 -9.990e-29      0.516    23.1092    16.9593 -9.990e-29
 162.854942      0.489  27.298938    14.1919 -9.990e-29      0.485    21.6448    15.8580 -9.990e-29
 162.854948      0.469  22.003771    14.0802 -9.990e-29      0.465    17.1378    12.4163 -9.990e-29
 162.854954      0.458  13.811138    13.9844 -9.990e-29      0.454    10.3512     7.2220 -9.990e-29
 162.854959      0.452   7.907835    13.8995 -9.990e-29      0.448     5.6862     3.6503 -9.990e-29
 162.854965      0.446   5.539752    13.8230 -9.990e-29      0.442     3.8919     2.2801 -9.990e-29
 162.854971      0.440   4.419254    13.7614 -9.990e-29      0.436     3.0634     1.6501 -9.990e-29
 162.854977      0.434   3.650189    13.7356 -9.990e-29      0.430     2.5015     1.2201 -9.990e-29
 162.854983      0.430   3.101791 -9.990e-29 -9.990e-29      0.426 -9.990e-29 -9.990e-29 -9.990e-29
