data/oxygen options/ONMS/Olympic_Coast_National_Marine_Sanctuary_CTD_Data_2005_2023/raw_data/2018/CAST_TH015_180813faed.cnv
* Sea-Bird SBE19 Data File:
* FileName = C:\2018 Mooring Data\Casts\CAST_TH015_180813.hex
* Software Version 1.59
* Temperature SN = 2997
* Conductivity SN = 2997
* System UpLoad Time = Aug 13 2018 17:11:44
** CAST_TH015_180813
* ds
# nquan = 9                                 
# nvalues = 796                         
# units = specified
# name 0 = timeJ: Julian Days
# name 1 = prSM: Pressure, Strain Gauge [db]
# name 2 = c0mS/cm: Conductivity [mS/cm]
# name 3 = t090C: Temperature [ITS-90, deg C]
# name 4 = sbeox0ML/L: Oxygen, SBE 43 [ml/l]
# name 5 = depSM: Depth [salt water, m], lat = 47.5
# name 6 = sal00: Salinity, Practical [PSU]
# name 7 = sigma-é00: Density [sigma-theta, kg/m^3]
# name 8 = flag: flag
# span 0 = 225.681424, 225.686024       
# span 1 =     -4.589,     14.392       
# span 2 =   0.010711,  38.553134       
# span 3 =     9.1213,    17.4284       
# span 4 =    -1.7929,    13.7728       
# span 5 =     -4.551,     14.271       
# span 6 =     0.0122,    33.5021       
# span 7 =    -1.2897,    25.8958       
# span 8 = 0.0000e+00, 0.0000e+00       
# interval = seconds: 0.5
# start_time = Aug 13 2018 16:21:15 [Instrument's time stamp, header]
# bad_flag = -9.990e-29
*END*
[from data line 161]
 225.682355     -1.285   0.010745    17.0250    -1.7777     -1.274     0.0123    -1.2187 -9.990e-29
 225.682361     -1.268   0.010744    17.0163    -1.7770     -1.257     0.0123    -1.2172 -9.990e-29
 225.682367     -1.253   0.010744    17.0094    -1.7771     -1.243     0.0123    -1.2160 -9.990e-29
 225.682373     -1.243   0.010743    17.0089    -1.7771     -1.233     0.0123    -1.2159 -9.990e-29
 225.682378     -1.234   0.010743    17.0165    -1.7771     -1.224     0.0123    -1.2172 -9.990e-29
 225.682384     -1.221   0.010743    17.0279    -1.7769     -1.211     0.0123    -1.2192 -9.990e-29
 225.682390     -1.207   0.010742    17.0389    -1.7766     -1.197     0.0123    -1.2211 -9.990e-29
 225.682396     -1.196   0.010742    17.0499    -1.7764     -1.186     0.0123    -1.2230 -9.990e-29
 225.682402     -1.186   0.010741    17.0636    -1.7763     -1.176     0.0123    -1.2254 -9.990e-29
 225.682407     -1.178   0.010741    17.0794    -1.7769     -1.168     0.0123    -1.2282 -9.990e-29
 225.682413     -1.171   0.010741    17.0921    -1.7778     -1.161     0.0123    -1.2304 -9.990e-29
 225.682419     -1.164   0.010740    17.0983    -1.7780     -1.154     0.0123    -1.2315 -9.990e-29
 225.682425     -1.156   0.010740    17.1008    -1.7781     -1.146     0.0123    -1.2319 -9.990e-29
 225.682431     -1.148   0.010739    17.1033    -1.7782     -1.138     0.0123    -1.2323 -9.990e-29
 225.682436     -1.139   0.010739    17.1075    -1.7781     -1.129     0.0123    -1.2331 -9.990e-29
 225.682442     -1.129   0.010739    17.1130    -1.7777     -1.120     0.0123    -1.2340 -9.990e-29
 225.682448     -1.116   0.010738    17.1164    -1.7776     -1.107     0.0123    -1.2346 -9.990e-29
 225.682454     -1.104   0.010738    17.1133    -1.7774     -1.095     0.0123    -1.2341 -9.990e-29
 225.682459     -1.097   0.010737    17.1023    -1.7774     -1.088     0.0123    -1.2322 -9.990e-29
 225.682465     -1.090   0.010737    17.0885    -1.7777     -1.081     0.0123    -1.2297 -9.990e-29
 225.682471     -1.077   0.010737    17.0790    -1.7779     -1.068     0.0123    -1.2281 -9.990e-29
 225.682477     -1.060   0.010736    17.0747    -1.7779     -1.051     0.0123    -1.2273 -9.990e-29
 225.682483     -1.040   0.010736    17.0740    -1.7776     -1.031     0.0123    -1.2272 -9.990e-29
 225.682488     -1.020   0.010735    17.0770    -1.7771     -1.011     0.0123    -1.2277 -9.990e-29
 225.682494     -0.999   0.010735    17.0823    -1.7768     -0.991     0.0123    -1.2287 -9.990e-29
 225.682500     -0.981   0.010735    17.0871    -1.7770     -0.973     0.0123    -1.2295 -9.990e-29
 225.682506     -0.968   0.010734    17.0896    -1.7775     -0.960     0.0123    -1.2299 -9.990e-29
 225.682512     -0.960   0.010734    17.0885    -1.7776     -0.952     0.0123    -1.2297 -9.990e-29
 225.682517     -0.956   0.010733    17.0850    -1.7771     -0.948     0.0123    -1.2291 -9.990e-29
 225.682523     -0.952   0.010733    17.0829    -1.7768     -0.944     0.0123    -1.2288 -9.990e-29
 225.682529     -0.942   0.010732    17.0845    -1.7767     -0.934     0.0123    -1.2290 -9.990e-29
 225.682535     -0.931   0.010732    17.0904    -1.7765     -0.923     0.0123    -1.2301 -9.990e-29
 225.682541     -0.923   0.010732    17.0982    -1.7766     -0.915     0.0123    -1.2314 -9.990e-29
 225.682546     -0.916   0.010731    17.1030    -1.7764     -0.908     0.0123    -1.2323 -9.990e-29
 225.682552     -0.910   0.010731    17.1015    -1.7764     -0.902     0.0123    -1.2320 -9.990e-29
 225.682558     -0.905   0.010730    17.0970    -1.7764     -0.897     0.0123    -1.2312 -9.990e-29
 225.682564     -0.901   0.010730    17.0963    -1.7764     -0.893     0.0123    -1.2311 -9.990e-29
 225.682569     -0.897   0.010730    17.1014    -1.7765     -0.890     0.0123    -1.2320 -9.990e-29
 225.682575     -0.893   0.010729    17.1081    -1.7762     -0.886     0.0123    -1.2332 -9.990e-29
 225.682581     -0.889   0.010729    17.1130    -1.7759     -0.882     0.0123    -1.2340 -9.990e-29
 225.682587     -0.885   0.010728    17.1160    -1.7753     -0.878     0.0123    -1.2346 -9.990e-29
 225.682593     -0.879   0.010728    17.1179    -1.7748     -0.872     0.0123    -1.2349 -9.990e-29
 225.682598     -0.873   0.010728    17.1197    -1.7746     -0.866     0.0123    -1.2352 -9.990e-29
 225.682604     -0.865   0.010727    17.1209    -1.7745     -0.858     0.0123    -1.2354 -9.990e-29
 225.682610     -0.855   0.010727    17.1213    -1.7743     -0.848     0.0123    -1.2355 -9.990e-29
 225.682616     -0.843   0.010726    17.1221    -1.7749     -0.836     0.0123    -1.2356 -9.990e-29
 225.682622     -0.827   0.010726    17.1248    -1.7753     -0.820     0.0123    -1.2361 -9.990e-29
 225.682627     -0.811   0.010726    17.1310    -1.7754     -0.804     0.0123    -1.2372 -9.990e-29
 225.682633     -0.799   0.010725    17.1409    -1.7752     -0.792     0.0123    -1.2389 -9.990e-29
 225.682639     -0.788   0.010725    17.1528    -1.7749     -0.781     0.0123    -1.2410 -9.990e-29
 225.682645     -0.780   0.010724    17.1636    -1.7742     -0.773     0.0123    -1.2429 -9.990e-29
 225.682650     -0.772   0.010724    17.1709    -1.7738     -0.766     0.0123    -1.2442 -9.990e-29
 225.682656     -0.766   0.010724    17.1743    -1.7732     -0.760     0.0123    -1.2448 -9.990e-29
 225.682662     -0.759   0.010723    17.1725    -1.7726     -0.753     0.0123    -1.2445 -9.990e-29
 225.682668     -0.752   0.010723    17.1659    -1.7729     -0.746     0.0123    -1.2433 -9.990e-29
 225.682674     -0.741   0.010722    17.1599    -1.7732     -0.735     0.0123    -1.2422 -9.990e-29
 225.682679     -0.724   0.010722    17.1588    -1.7734     -0.718     0.0123    -1.2420 -9.990e-29
 225.682685     -0.709   0.010722    17.1630    -1.7739     -0.703     0.0123    -1.2428 -9.990e-29
 225.682691     -0.699   0.010721    17.1722    -1.7736     -0.693     0.0123    -1.2444 -9.990e-29
 225.682697     -0.693   0.010721    17.1848    -1.7735     -0.687     0.0123    -1.2466 -9.990e-29
 225.682703     -0.688   0.010720    17.1986    -1.7737     -0.682     0.0124    -1.2490 -9.990e-29
 225.682708     -0.677   0.010720    17.2118    -1.7734     -0.671     0.0124    -1.2514 -9.990e-29
 225.682714     -0.666   0.010719    17.2202    -1.7731     -0.660     0.0124    -1.2528 -9.990e-29
 225.682720     -0.657   0.010719    17.2202    -1.7726     -0.652     0.0124    -1.2528 -9.990e-29
 225.682726     -0.650   0.010719    17.2148    -1.7721     -0.645     0.0124    -1.2519 -9.990e-29
 225.682731     -0.645   0.010718    17.2083    -1.7720     -0.640     0.0124    -1.2507 -9.990e-29
 225.682737     -0.640   0.010718    17.2039    -1.7717     -0.635     0.0124    -1.2500 -9.990e-29
 225.682743     -0.637   0.010717    17.2034    -1.7712     -0.632     0.0124    -1.2499 -9.990e-29
 225.682749     -0.634   0.010717    17.2047    -1.7713     -0.629     0.0124    -1.2501 -9.990e-29
 225.682755     -0.632   0.010717    17.2070    -1.7712     -0.627     0.0124    -1.2505 -9.990e-29
 225.682760     -0.629   0.010716    17.2126    -1.7709     -0.624     0.0124    -1.2515 -9.990e-29
 225.682766     -0.627   0.010716    17.2219    -1.7704     -0.622     0.0124    -1.2531 -9.990e-29
 225.682772     -0.625   0.010715    17.2330    -1.7704     -0.620     0.0124    -1.2551 -9.990e-29
 225.682778     -0.623   0.010715    17.2434    -1.7705     -0.618     0.0124    -1.2569 -9.990e-29
 225.682784     -0.621   0.010715    17.2519    -1.7704     -0.616     0.0124    -1.2584 -9.990e-29
 225.682789     -0.618   0.010714    17.2599    -1.7704     -0.613     0.0124    -1.2598 -9.990e-29
 225.682795     -0.615   0.010714    17.2667    -1.7706     -0.610     0.0124    -1.2610 -9.990e-29
 225.682801     -0.611   0.010713    17.2711    -1.7710     -0.606     0.0124    -1.2618 -9.990e-29
 225.682807     -0.607   0.010713    17.2758    -1.7711     -0.602     0.0124    -1.2626 -9.990e-29
 225.682813     -0.600   0.010713    17.2827    -1.7706     -0.595     0.0124    -1.2639 -9.990e-29
 225.682818     -0.593   0.010712    17.2894    -1.7701     -0.588     0.0124    -1.2651 -9.990e-29
 225.682824     -0.582   0.010712    17.2932    -1.7696     -0.577     0.0124    -1.2657 -9.990e-29
 225.682830     -0.569   0.010711    17.2945    -1.7695     -0.564     0.0124    -1.2660 -9.990e-29
 225.682836     -0.557   0.010711    17.2945    -1.7694     -0.552     0.0124    -1.2660 -9.990e-29
 225.682841     -0.549   0.010711    17.2926    -1.7693     -0.544     0.0124    -1.2656 -9.990e-29
 225.682847     -0.544   0.010711    17.2882    -1.7691     -0.539     0.0124    -1.2648 -9.990e-29
 225.682853     -0.542   0.010712    17.2840    -1.7687     -0.537     0.0124    -1.2641 -9.990e-29
 225.682859     -0.540   0.010712    17.2850    -1.7684     -0.535     0.0124    -1.2643 -9.990e-29
 225.682865     -0.532   0.010713    17.2930    -1.7682     -0.528     0.0124    -1.2657 -9.990e-29
 225.682870     -0.517   0.010714    17.3047    -1.7683     -0.513     0.0124    -1.2678 -9.990e-29
 225.682876     -0.500   0.010714    17.3150    -1.7683     -0.496     0.0124    -1.2696 -9.990e-29
 225.682882     -0.488   0.010715    17.3216    -1.7686     -0.484     0.0124    -1.2708 -9.990e-29
 225.682888     -0.480   0.010715    17.3261    -1.7684     -0.476     0.0124    -1.2715 -9.990e-29
 225.682894     -0.467   0.010716    17.3309    -1.7683     -0.463     0.0124    -1.2724 -9.990e-29
 225.682899     -0.447   0.010717    17.3373    -1.7683     -0.443     0.0124    -1.2735 -9.990e-29
 225.682905     -0.429   0.010717    17.3451    -1.7682     -0.425     0.0124    -1.2749 -9.990e-29
 225.682911     -0.416   0.010718    17.3520    -1.7683     -0.413     0.0124    -1.2761 -9.990e-29
 225.682917     -0.406   0.010718    17.3563    -1.7682     -0.403     0.0124    -1.2769 -9.990e-29
 225.682922     -0.400   0.010719    17.3573    -1.7678     -0.397     0.0124    -1.2771 -9.990e-29
 225.682928     -0.396   0.010720    17.3558    -1.7674     -0.393     0.0124    -1.2768 -9.990e-29
 225.682934     -0.395   0.010720    17.3540    -1.7680     -0.392     0.0124    -1.2765 -9.990e-29
 225.682940     -0.395   0.010721    17.3545    -1.7682     -0.392     0.0124    -1.2766 -9.990e-29
 225.682946     -0.394   0.010721    17.3568    -1.7682     -0.391     0.0124    -1.2770 -9.990e-29
 225.682951     -0.387   0.010722    17.3589    -1.7678     -0.384     0.0124    -1.2774 -9.990e-29
 225.682957     -0.378   0.010723    17.3602    -1.7675     -0.375     0.0124    -1.2776 -9.990e-29
 225.682963     -0.369   0.010723    17.3617    -1.7672     -0.366     0.0124    -1.2779 -9.990e-29
 225.682969     -0.361   0.010724    17.3651    -1.7672     -0.358     0.0124    -1.2785 -9.990e-29
 225.682975     -0.354   0.010724    17.3703    -1.7672     -0.351     0.0124    -1.2794 -9.990e-29
 225.682980     -0.346   0.010725    17.3729    -1.7671     -0.343     0.0124    -1.2799 -9.990e-29
 225.682986     -0.338   0.010726    17.3702    -1.7673     -0.335     0.0124    -1.2794 -9.990e-29
 225.682992     -0.332   0.010726    17.3668    -1.7678     -0.329     0.0124    -1.2788 -9.990e-29
 225.682998     -0.334   0.010727    17.3679    -1.7682     -0.331     0.0124    -1.2790 -9.990e-29
 225.683003     -0.338   0.010727    17.3734    -1.7680     -0.335     0.0124    -1.2799 -9.990e-29
 225.683009     -0.341   0.010728    17.3804    -1.7677     -0.338     0.0124    -1.2812 -9.990e-29
 225.683015     -0.343   0.010729    17.3860    -1.7672     -0.340     0.0124    -1.2822 -9.990e-29
 225.683021     -0.344   0.010729    17.3890    -1.7673     -0.341     0.0124    -1.2827 -9.990e-29
 225.683027     -0.345   0.010730    17.3900    -1.7686     -0.342     0.0124    -1.2829 -9.990e-29
 225.683032     -0.344   0.010730    17.3887    -1.7698     -0.341     0.0124    -1.2827 -9.990e-29
 225.683038     -0.342   0.010731    17.3835    -1.7702     -0.339     0.0124    -1.2817 -9.990e-29
 225.683044     -0.340   0.010732    17.3757    -1.7703     -0.337     0.0124    -1.2803 -9.990e-29
 225.683050     -0.336   0.010732    17.3704    -1.7712     -0.333     0.0124    -1.2794 -9.990e-29
 225.683056     -0.331   0.010733    17.3711    -1.7714     -0.328     0.0124    -1.2795 -9.990e-29
 225.683061     -0.325   0.010733    17.3760    -1.7718     -0.322     0.0124    -1.2804 -9.990e-29
 225.683067     -0.316   0.010734    17.3786    -1.7717     -0.313     0.0124    -1.2809 -9.990e-29
 225.683073     -0.304   0.010735    17.3703    -1.7712     -0.301     0.0124    -1.2794 -9.990e-29
 225.683079     -0.294   0.010735    17.3494    -1.7709     -0.292     0.0124    -1.2757 -9.990e-29
 225.683084     -0.288   0.010736    17.3264    -1.7710     -0.286     0.0124    -1.2716 -9.990e-29
 225.683090     -0.281   0.010737    17.3097    -1.7712     -0.279     0.0124    -1.2686 -9.990e-29
 225.683096     -0.274   0.010737    17.2962    -1.7710     -0.272     0.0124    -1.2662 -9.990e-29
 225.683102     -0.271   0.010738    17.2827    -1.7706     -0.269     0.0124    -1.2639 -9.990e-29
 225.683108     -0.266   0.010738    17.2720    -1.7702     -0.264     0.0124    -1.2620 -9.990e-29
 225.683113     -0.255   0.010739    17.2666    -1.7699     -0.253     0.0124    -1.2610 -9.990e-29
 225.683119     -0.238   0.010740    17.2678    -1.7700     -0.236     0.0124    -1.2612 -9.990e-29
 225.683125     -0.217   0.010740    17.2736    -1.7703     -0.215     0.0124    -1.2622 -9.990e-29
 225.683131     -0.200   0.010741    17.2786    -1.7706     -0.198     0.0124    -1.2631 -9.990e-29
 225.683137     -0.190   0.010741    17.2800    -1.7705     -0.188     0.0124    -1.2634 -9.990e-29
 225.683142     -0.187   0.010742    17.2807    -1.7701     -0.185     0.0124    -1.2635 -9.990e-29
 225.683148     -0.190   0.010743    17.2849    -1.7695     -0.188     0.0124    -1.2642 -9.990e-29
 225.683154     -0.196   0.010743    17.2926    -1.7691     -0.194     0.0124    -1.2656 -9.990e-29
 225.683160     -0.195   0.010744    17.3008    -1.7688     -0.193     0.0124    -1.2671 -9.990e-29
 225.683166     -0.188   0.010744    17.3058    -1.7685     -0.186     0.0124    -1.2679 -9.990e-29
 225.683171     -0.184   0.010745    17.3053    -1.7684     -0.182     0.0124    -1.2678 -9.990e-29
 225.683177     -0.185   0.010746    17.3012    -1.7684     -0.183     0.0124    -1.2671 -9.990e-29
 225.683183     -0.188   0.010746    17.2986    -1.7681     -0.186     0.0124    -1.2667 -9.990e-29
 225.683189     -0.185   0.010747    17.3019    -1.7680     -0.183     0.0124    -1.2672 -9.990e-29
 225.683194     -0.176   0.010747    17.3110    -1.7679     -0.175     0.0124    -1.2689 -9.990e-29
 225.683200     -0.167   0.010748    17.3230    -1.7674     -0.166     0.0124    -1.2710 -9.990e-29
 225.683206     -0.159   0.010749    17.3346    -1.7670     -0.158     0.0124    -1.2730 -9.990e-29
 225.683212     -0.147   0.010749    17.3440    -1.7668     -0.146     0.0124    -1.2747 -9.990e-29
 225.683218     -0.135   0.010750    17.3508    -1.7666     -0.134     0.0124    -1.2759 -9.990e-29
 225.683223     -0.125   0.010750    17.3553    -1.7663     -0.124     0.0124    -1.2767 -9.990e-29
 225.683229     -0.118   0.010751    17.3593    -1.7662     -0.117     0.0124    -1.2774 -9.990e-29
 225.683235     -0.113   0.010752    17.3642    -1.7661     -0.112     0.0124    -1.2783 -9.990e-29
 225.683241     -0.109   0.010752    17.3697    -1.7658     -0.108     0.0124    -1.2793 -9.990e-29
 225.683247     -0.106   0.010753    17.3767    -1.7659     -0.105     0.0124    -1.2805 -9.990e-29
 225.683252     -0.105   0.010753    17.3860    -1.7660     -0.104     0.0124    -1.2822 -9.990e-29
 225.683258     -0.105   0.010754    17.3956    -1.7659     -0.104     0.0124    -1.2839 -9.990e-29
 225.683264     -0.106   0.010755    17.4035    -1.7664     -0.105     0.0124    -1.2853 -9.990e-29
 225.683270     -0.108   0.010755    17.4100    -1.7671     -0.107     0.0124    -1.2864 -9.990e-29
