data/oxygen options/ONMS/Olympic_Coast_National_Marine_Sanctuary_CTD_Data_2005_2023/raw_data/2018/CAST_KL015_180924_2faed.cnv
* Sea-Bird SBE 19 Data File:
* FileName = C:\2018 Mooring Data\Casts\CAST_KL015_180924_2.hex
* Software Version SeatermAF 2.1.2
* Temperature SN = 2997
* Conductivity SN = 2997
* System UpLoad Time = Sep 24 2018 21:26:45 (localtime) = Sep 24 2018 21:26:45 (UTC)
** CAST_KL015_180924_2
* ds
# nquan = 9                                 
# nvalues = 1135                        
# units = specified
# name 0 = timeJ: Julian Days
# name 1 = prSM: Pressure, Strain Gauge [db]
# name 2 = c0mS/cm: Conductivity [mS/cm]
# name 3 = t090C: Temperature [ITS-90, deg C]
# name 4 = sbeox0ML/L: Oxygen, SBE 43 [ml/l]
# name 5 = depSM: Depth [salt water, m], lat = 47.5
# name 6 = sal00: Salinity, Practical [PSU]
# name 7 = sigma-é00: Density [sigma-theta, kg/m^3]
# name 8 = flag: flag
# span 0 = 267.885139, 267.891701       
# span 1 =     -4.907,     17.237       
# span 2 =   0.660700,  37.949929       
# span 3 =    13.6878,    15.6296       
# span 4 =    -1.8601,    13.9661       
# span 5 =     -4.866,     17.092       
# span 6 =     0.3971,    30.8427       
# span 7 =    -0.6881,    22.8597       
# span 8 = 0.0000e+00, 0.0000e+00       
# interval = seconds: 0.5
# start_time = Sep 24 2018 21:14:36 [Instrument's time stamp, header]
# bad_flag = -9.990e-29
*END*
[from data line 801]
 267.889774      1.148  36.003544    15.2819     6.9732      1.138    28.5724    20.9639 -9.990e-29
 267.889780      1.154  36.003449    15.2848     6.9897      1.144    28.5702    20.9616 -9.990e-29
 267.889786      1.162  36.003381    15.2846     7.0184      1.152    28.5703    20.9617 -9.990e-29
 267.889792      1.173  36.003239    15.2839     7.0350      1.163    28.5707    20.9622 -9.990e-29
 267.889797      1.182  36.003386    15.2849     7.0339      1.172    28.5701    20.9615 -9.990e-29
 267.889803      1.186  36.002886    15.2860     7.0238      1.176    28.5688    20.9603 -9.990e-29
 267.889809      1.186  36.001063    15.2852     7.0202      1.176    28.5678    20.9597 -9.990e-29
 267.889815      1.182  35.997719    15.2835     7.0188      1.172    28.5661    20.9588 -9.990e-29
 267.889821      1.176  35.995104    15.2832     7.0193      1.166    28.5640    20.9572 -9.990e-29
 267.889826      1.174  35.995322    15.2848     7.0181      1.164    28.5630    20.9561 -9.990e-29
 267.889832      1.175  35.997534    15.2858     7.0018      1.165    28.5643    20.9569 -9.990e-29
 267.889838      1.179  36.001320    15.2843     6.9858      1.169    28.5687    20.9606 -9.990e-29
 267.889844      1.187  36.004442    15.2817     6.9830      1.177    28.5733    20.9647 -9.990e-29
 267.889850      1.198  36.006575    15.2803     6.9855      1.188    28.5762    20.9672 -9.990e-29
 267.889855      1.211  36.009431    15.2803     7.0072      1.201    28.5787    20.9691 -9.990e-29
 267.889861      1.220  36.010651    15.2805     7.0287      1.210    28.5797    20.9698 -9.990e-29
 267.889867      1.226  36.010171    15.2798     7.0375      1.216    28.5797    20.9700 -9.990e-29
 267.889873      1.230  36.009580    15.2780     7.0225      1.220    28.5805    20.9710 -9.990e-29
 267.889878      1.233  36.009202    15.2769     7.0041      1.223    28.5810    20.9716 -9.990e-29
 267.889884      1.234  36.009645    15.2775     6.9971      1.224    28.5809    20.9714 -9.990e-29
 267.889890      1.233  36.010927    15.2787     6.9838      1.223    28.5812    20.9714 -9.990e-29
 267.889896      1.231  36.012509    15.2790     6.9811      1.221    28.5824    20.9722 -9.990e-29
 267.889902      1.226  36.013692    15.2786     6.9761      1.216    28.5837    20.9733 -9.990e-29
 267.889907      1.224  36.015486    15.2786     6.9712      1.214    28.5853    20.9745 -9.990e-29
 267.889913      1.229  36.018593    15.2794     6.9845      1.219    28.5874    20.9760 -9.990e-29
 267.889919      1.235  36.020988    15.2804     7.0096      1.225    28.5888    20.9769 -9.990e-29
 267.889925      1.240  36.023056    15.2801     7.0298      1.230    28.5909    20.9785 -9.990e-29
 267.889931      1.244  36.028664    15.2783     7.0334      1.234    28.5971    20.9837 -9.990e-29
 267.889936      1.247  36.038559    15.2761     7.0467      1.237    28.6074    20.9921 -9.990e-29
 267.889942      1.250  36.045211    15.2739     7.0472      1.240    28.6149    20.9983 -9.990e-29
 267.889948      1.251  36.045159    15.2703     7.0426      1.241    28.6175    21.0010 -9.990e-29
 267.889954      1.252  36.048964    15.2649     7.0449      1.242    28.6247    21.0077 -9.990e-29
 267.889959      1.253  36.061129    15.2599     7.0424      1.243    28.6391    21.0198 -9.990e-29
 267.889965      1.253  36.075467    15.2588     7.0408      1.243    28.6525    21.0304 -9.990e-29
 267.889971      1.253  36.082529    15.2610     7.0455      1.243    28.6572    21.0335 -9.990e-29
 267.889977      1.253  36.077724    15.2617     7.0427      1.243    28.6524    21.0297 -9.990e-29
 267.889983      1.252  36.073111    15.2573     7.0595      1.242    28.6516    21.0299 -9.990e-29
 267.889988      1.251  36.081570    15.2499     7.0430      1.241    28.6644    21.0414 -9.990e-29
 267.889994      1.249  36.098694    15.2447     7.0359      1.239    28.6833    21.0570 -9.990e-29
 267.890000      1.246  36.110907    15.2440     7.0250      1.236    28.6946    21.0658 -9.990e-29
 267.890006      1.243  36.113766    15.2457     7.0128      1.233    28.6959    21.0664 -9.990e-29
 267.890012      1.239  36.111632    15.2476     7.0128      1.229    28.6926    21.0635 -9.990e-29
 267.890017      1.233  36.108931    15.2491     7.0132      1.223    28.6891    21.0605 -9.990e-29
 267.890023      1.226  36.108213    15.2503     7.0174      1.216    28.6876    21.0591 -9.990e-29
 267.890029      1.222  36.108699    15.2511     7.0278      1.212    28.6875    21.0588 -9.990e-29
 267.890035      1.223  36.108791    15.2517     7.0396      1.213    28.6871    21.0584 -9.990e-29
 267.890041      1.230  36.107113    15.2526     7.0353      1.220    28.6850    21.0566 -9.990e-29
 267.890046      1.244  36.103662    15.2539     7.0314      1.234    28.6810    21.0533 -9.990e-29
 267.890052      1.261  36.100736    15.2551     7.0203      1.250    28.6775    21.0504 -9.990e-29
 267.890058      1.275  36.099470    15.2562     7.0162      1.264    28.6756    21.0486 -9.990e-29
 267.890064      1.280  36.099292    15.2570     7.0211      1.269    28.6748    21.0479 -9.990e-29
 267.890069      1.283  36.099960    15.2571     7.0230      1.272    28.6754    21.0483 -9.990e-29
 267.890075      1.288  36.100680    15.2561     7.0386      1.277    28.6767    21.0495 -9.990e-29
 267.890081      1.294  36.100730    15.2534     7.0610      1.283    28.6787    21.0517 -9.990e-29
 267.890087      1.302  36.102971    15.2498     7.0720      1.291    28.6833    21.0559 -9.990e-29
 267.890093      1.313  36.107588    15.2484     7.0914      1.302    28.6884    21.0601 -9.990e-29
 267.890098      1.319  36.110092    15.2494     7.0999      1.308    28.6899    21.0611 -9.990e-29
 267.890104      1.312  36.110458    15.2494     7.0862      1.301    28.6902    21.0613 -9.990e-29
 267.890110      1.299  36.112526    15.2459     7.0835      1.288    28.6946    21.0654 -9.990e-29
 267.890116      1.289  36.120731    15.2402     7.0598      1.278    28.7060    21.0754 -9.990e-29
 267.890122      1.281  36.130892    15.2363     7.0650      1.270    28.7178    21.0853 -9.990e-29
 267.890127      1.274  36.133594    15.2351     7.0628      1.263    28.7211    21.0881 -9.990e-29
 267.890133      1.268  36.131316    15.2340     7.0492      1.257    28.7199    21.0874 -9.990e-29
 267.890139      1.263  36.128855    15.2310     7.0235      1.252    28.7199    21.0880 -9.990e-29
 267.890145      1.257  36.125724    15.2258     7.0126      1.247    28.7210    21.0899 -9.990e-29
 267.890150      1.252  36.121103    15.2209     7.0109      1.242    28.7205    21.0906 -9.990e-29
 267.890156      1.246  36.115546    15.2194     7.0215      1.236    28.7167    21.0879 -9.990e-29
 267.890162      1.240  36.112275    15.2210     7.0596      1.230    28.7126    21.0845 -9.990e-29
 267.890168      1.232  36.112525    15.2221     7.0658      1.222    28.7120    21.0838 -9.990e-29
 267.890174      1.227  36.115506    15.2206     7.0877      1.217    28.7158    21.0870 -9.990e-29
 267.890179      1.228  36.124067    15.2183     7.0796      1.218    28.7250    21.0946 -9.990e-29
 267.890185      1.232  36.137863    15.2182     7.0470      1.222    28.7372    21.1040 -9.990e-29
 267.890191      1.234  36.145605    15.2210     7.0395      1.224    28.7420    21.1071 -9.990e-29
 267.890197      1.235  36.141374    15.2254     7.0596      1.225    28.7351    21.1008 -9.990e-29
 267.890203      1.234  36.134083    15.2289     7.0462      1.224    28.7261    21.0932 -9.990e-29
 267.890208      1.231  36.131363    15.2305     7.0483      1.221    28.7225    21.0901 -9.990e-29
 267.890214      1.226  36.130144    15.2320     7.0612      1.216    28.7203    21.0881 -9.990e-29
 267.890220      1.224  36.124317    15.2341     7.0688      1.214    28.7137    21.0825 -9.990e-29
 267.890226      1.228  36.117868    15.2360     7.0734      1.218    28.7066    21.0767 -9.990e-29
 267.890231      1.234  36.118434    15.2376     7.0712      1.224    28.7059    21.0759 -9.990e-29
 267.890237      1.239  36.122286    15.2387     7.0704      1.229    28.7085    21.0776 -9.990e-29
 267.890243      1.242  36.122795    15.2384     7.0700      1.232    28.7092    21.0782 -9.990e-29
 267.890249      1.245  36.116718    15.2367     7.0463      1.235    28.7051    21.0754 -9.990e-29
 267.890255      1.246  36.104348    15.2354     7.0419      1.236    28.6951    21.0680 -9.990e-29
 267.890260      1.247  36.095502    15.2373     7.0397      1.237    28.6859    21.0605 -9.990e-29
 267.890266      1.246  36.096861    15.2425     7.0523      1.236    28.6833    21.0574 -9.990e-29
 267.890272      1.245  36.098471    15.2508     7.0501      1.235    28.6787    21.0521 -9.990e-29
 267.890278      1.248  36.085678    15.2625     7.0317      1.238    28.6588    21.0344 -9.990e-29
 267.890284      1.254  36.062700    15.2725     7.0199      1.244    28.6313    21.0112 -9.990e-29
 267.890289      1.255  36.049850    15.2764     7.0132      1.245    28.6171    20.9995 -9.990e-29
 267.890295      1.252  36.047910    15.2768     7.0213      1.242    28.6151    20.9979 -9.990e-29
 267.890301      1.248  36.046450    15.2787     7.0278      1.238    28.6125    20.9954 -9.990e-29
 267.890307      1.244  36.045200    15.2829     7.0304      1.234    28.6083    20.9913 -9.990e-29
 267.890312      1.239  36.041371    15.2858     7.0434      1.229    28.6028    20.9865 -9.990e-29
 267.890318      1.237  36.037131    15.2865     7.0476      1.227    28.5986    20.9831 -9.990e-29
 267.890324      1.242  36.038022    15.2865     7.0572      1.232    28.5994    20.9837 -9.990e-29
 267.890330      1.250  36.042429    15.2855     7.0303      1.240    28.6040    20.9874 -9.990e-29
 267.890336      1.257  36.047824    15.2830     7.0301      1.247    28.6106    20.9930 -9.990e-29
 267.890341      1.264  36.055798    15.2801     7.0294      1.253    28.6197    21.0007 -9.990e-29
 267.890347      1.272  36.064101    15.2783     7.0399      1.261    28.6283    21.0077 -9.990e-29
 267.890353      1.281  36.064762    15.2780     7.0351      1.270    28.6291    21.0083 -9.990e-29
 267.890359      1.291  36.064255    15.2776     7.0727      1.280    28.6290    21.0083 -9.990e-29
 267.890365      1.303  36.076459    15.2732     7.0595      1.292    28.6429    21.0199 -9.990e-29
 267.890370      1.317  36.104763    15.2644     7.0678      1.306    28.6743    21.0459 -9.990e-29
 267.890376      1.336  36.137067    15.2575     7.0807      1.325    28.7078    21.0731 -9.990e-29
 267.890382      1.359  36.150925    15.2579     7.0940      1.348    28.7197    21.0822 -9.990e-29
 267.890388      1.388  36.142973    15.2611     7.1377      1.376    28.7103    21.0743 -9.990e-29
 267.890394      1.426  36.133399    15.2581     7.1557      1.414    28.7041    21.0701 -9.990e-29
 267.890399      1.475  36.143029    15.2483     7.1649      1.463    28.7197    21.0842 -9.990e-29
 267.890405      1.537  36.174622    15.2371     7.1644      1.524    28.7557    21.1143 -9.990e-29
 267.890411      1.617  36.217103    15.2275     7.1576      1.603    28.8002    21.1505 -9.990e-29
 267.890417      1.715  36.262713    15.2189     7.1629      1.701    28.8468    21.1881 -9.990e-29
 267.890422      1.830  36.307867    15.2095     7.1675      1.815    28.8935    21.2260 -9.990e-29
 267.890428      1.959  36.352849    15.2008     7.1707      1.943    28.9396    21.2632 0.0000e+00
 267.890434      2.103  36.390433    15.1958     7.1709      2.085    28.9765    21.2926 0.0000e+00
 267.890440      2.262  36.412488    15.1938     7.1723      2.243    28.9974    21.3091 0.0000e+00
 267.890446      2.434  36.426018    15.1922     7.1672      2.414    29.0105    21.3195 0.0000e+00
 267.890451      2.611  36.439536    15.1874     7.1430      2.589    29.0259    21.3324 0.0000e+00
 267.890457      2.793  36.462102    15.1763     7.1164      2.770    29.0541    21.3564 0.0000e+00
 267.890463      2.983  36.494681    15.1598     7.0917      2.958    29.0950    21.3914 0.0000e+00
 267.890469      3.179  36.519669    15.1434     7.0745      3.152    29.1293    21.4211 0.0000e+00
 267.890475      3.377  36.527820    15.1306     7.0643      3.349    29.1459    21.4366 0.0000e+00
 267.890480      3.574  36.526071    15.1164     7.0528      3.544    29.1549    21.4465 0.0000e+00
 267.890486      3.767  36.522163    15.0983     7.0485      3.736    29.1648    21.4580 0.0000e+00
 267.890492      3.962  36.514797    15.0821     7.0385      3.929    29.1703    21.4656 0.0000e+00
 267.890498      4.157  36.501424    15.0739     7.0087      4.122    29.1644    21.4628 0.0000e+00
 267.890503      4.348  36.492205    15.0741     6.9924      4.312    29.1561    21.4563 0.0000e+00
 267.890509      4.534  36.494438    15.0753     6.9858      4.496    29.1571    21.4569 0.0000e+00
 267.890515      4.718  36.501014    15.0681     6.9870      4.679    29.1682    21.4669 0.0000e+00
 267.890521      4.904  36.501658    15.0537     6.9930      4.863    29.1794    21.4786 0.0000e+00
 267.890527      5.095  36.501704    15.0430     6.9892      5.052    29.1874    21.4870 0.0000e+00
 267.890532      5.290  36.512407    15.0401     6.9824      5.246    29.1990    21.4965 0.0000e+00
 267.890538      5.484  36.526750    15.0403     6.9750      5.438    29.2115    21.5061 0.0000e+00
 267.890544      5.673  36.535293    15.0403     6.9681      5.626    29.2190    21.5119 0.0000e+00
 267.890550      5.855  36.539899    15.0389     6.9605      5.806    29.2241    21.5161 0.0000e+00
 267.890556      6.034  36.542785    15.0368     6.9469      5.984    29.2282    21.5196 0.0000e+00
 267.890561      6.213  36.543314    15.0353     6.9315      6.161    29.2297    21.5211 0.0000e+00
 267.890567      6.390  36.542748    15.0343     6.9359      6.337    29.2299    21.5215 0.0000e+00
 267.890573      6.558  36.542565    15.0318     6.9393      6.503    29.2315    21.5233 0.0000e+00
 267.890579      6.717  36.542515    15.0272     6.9504      6.661    29.2349    21.5268 0.0000e+00
 267.890584      6.872  36.543647    15.0237     6.9590      6.815    29.2384    21.5303 0.0000e+00
 267.890590      7.032  36.546904    15.0227     6.9538      6.973    29.2420    21.5333 0.0000e+00
 267.890596      7.200  36.551026    15.0231     6.9486      7.140    29.2453    21.5357 0.0000e+00
 267.890602      7.364  36.554222    15.0237     6.9406      7.302    29.2477    21.5374 0.0000e+00
 267.890608      7.518  36.555709    15.0241     6.9339      7.455    29.2486    21.5381 0.0000e+00
 267.890613      7.672  36.555783    15.0244     6.9303      7.608    29.2484    21.5379 0.0000e+00
 267.890619      7.835  36.556779    15.0251     6.9338      7.769    29.2487    21.5380 0.0000e+00
 267.890625      8.005  36.560581    15.0266     6.9327      7.938    29.2509    21.5393 0.0000e+00
 267.890631      8.176  36.565532    15.0285     6.9291      8.108    29.2538    21.5412 0.0000e+00
 267.890637      8.345  36.570388    15.0304     6.9181      8.275    29.2567    21.5430 0.0000e+00
 267.890642      8.516  36.574901    15.0321     6.9103      8.445    29.2593    21.5447 0.0000e+00
 267.890648      8.685  36.578363    15.0334     6.8941      8.612    29.2614    21.5460 0.0000e+00
 267.890654      8.851  36.580903    15.0345     6.8701      8.777    29.2628    21.5468 0.0000e+00
 267.890660      9.016  36.583104    15.0352     6.8456      8.941    29.2641    21.5477 0.0000e+00
 267.890666      9.181  36.585096    15.0347     6.8275      9.104    29.2662    21.5494 0.0000e+00
 267.890671      9.349  36.586172    15.0320     6.7986      9.271    29.2691    21.5523 0.0000e+00
 267.890677      9.522  36.586080    15.0284     6.7751      9.442    29.2717    21.5550 0.0000e+00
 267.890683      9.698  36.585256    15.0252     6.7645      9.617    29.2733    21.5569 0.0000e+00
 267.890689      9.875  36.584273    15.0223     6.7513      9.792    29.2745    21.5585 0.0000e+00
