data/oxygen options/ONMS/Olympic_Coast_National_Marine_Sanctuary_CTD_Data_2005_2023/raw_data/2018/CAST_CA015_180825faed.cnv
* Sea-Bird SBE19 Data File:
* FileName = C:\2018 Mooring Data\Casts\CAST_CA015_180825.hex
* Software Version 1.59
* Temperature SN = 2997
* Conductivity SN = 2997
* System UpLoad Time = Aug 25 2018 22:30:44
** CAST_CA015_180825
* ds
# nquan = 9                                 
# nvalues = 824                         
# units = specified
# name 0 = timeJ: Julian Days
# name 1 = prSM: Pressure, Strain Gauge [db]
# name 2 = c0mS/cm: Conductivity [mS/cm]
# name 3 = t090C: Temperature [ITS-90, deg C]
# name 4 = sbeox0ML/L: Oxygen, SBE 43 [ml/l]
# name 5 = depSM: Depth [salt water, m], lat = 47.5
# name 6 = sal00: Salinity, Practical [PSU]
# name 7 = sigma-é00: Density [sigma-theta, kg/m^3]
# name 8 = flag: flag
# span 0 = 237.908530, 237.913293       
# span 1 =     -4.863,     14.218       
# span 2 =   0.516920,  37.591424       
# span 3 =    10.0154,    12.4024       
# span 4 =    -1.9636,    15.2729       
# span 5 =     -4.822,     14.099       
# span 6 =     0.3343,    33.3471       
# span 7 =    -0.2794,    25.6041       
# span 8 = 0.0000e+00, 0.0000e+00       
# interval = seconds: 0.5
# start_time = Aug 25 2018 21:48:17 [Instrument's time stamp, header]
# bad_flag = -9.990e-29
*END*
[from data line 801]
 237.913166      5.485  37.577725    11.6526     7.2438      5.439    32.9508    25.0624 0.0000e+00
 237.913171      5.208  37.583617    11.6642     7.2309      5.164    32.9464    25.0568 0.0000e+00
 237.913177      4.933  37.579502    11.6721     7.1895      4.892    32.9354    25.0469 0.0000e+00
 237.913183      4.657  37.567740    11.6758     7.1611      4.618    32.9208    25.0348 0.0000e+00
 237.913189      4.374  37.553378    11.6759     7.1282      4.337    32.9068    25.0240 0.0000e+00
 237.913194      4.088  37.541920    11.6754     7.0960      4.054    32.8962    25.0158 0.0000e+00
 237.913200      3.806  37.529855    11.6773     7.0722      3.774    32.8829    25.0051 0.0000e+00
 237.913206      3.532  37.511181    11.6797     7.0359      3.502    32.8627    24.9889 0.0000e+00
 237.913212      3.265  37.488453    11.6795     7.0007      3.238    32.8408    24.9720 0.0000e+00
 237.913218      3.006  37.470023    11.6766     6.9314      2.981    32.8255    24.9606 0.0000e+00
 237.913223      2.756  37.461011    11.6719     6.8160      2.733    32.8210    24.9580 0.0000e+00
 237.913229      2.514  37.455563    11.6664     6.6970      2.493    32.8206    24.9587 0.0000e+00
 237.913235      2.284  37.444735    11.6607     6.6057      2.265    32.8152    24.9555 0.0000e+00
 237.913241      2.068  37.429215    11.6550 -9.990e-29      2.051    32.8052    24.9488 0.0000e+00
 237.913247      1.869  37.410159    11.6518 -9.990e-29      1.853    32.7895    24.9372 0.0000e+00
 237.913252      1.691  37.387931    11.6533 -9.990e-29      1.677    32.7666    24.9191 0.0000e+00
 237.913258      1.537  37.369865    11.6572 -9.990e-29      1.524    32.7456    24.9021 0.0000e+00
 237.913264      1.405  37.358763    11.6585 -9.990e-29      1.393    32.7337    24.8926 -9.990e-29
 237.913270      1.295  37.352711    11.6579 -9.990e-29      1.284    32.7283    24.8885 -9.990e-29
 237.913275      1.204  37.352604    11.6609 -9.990e-29      1.194    32.7256    24.8859 -9.990e-29
 237.913281      1.130  37.358860    11.6672 -9.990e-29      1.121    32.7262    24.8852 -9.990e-29
 237.913287      1.083  37.367495    11.6705 -9.990e-29      1.074    32.7317    24.8888 -9.990e-29
 237.913293      1.068  37.373778 -9.990e-29 -9.990e-29      1.059 -9.990e-29 -9.990e-29 -9.990e-29
