data/oxygen options/ONMS/Olympic_Coast_National_Marine_Sanctuary_CTD_Data_2005_2023/raw_data/2018/CAST_TH042_180925faed.cnv
* Sea-Bird SBE 19 Data File:
* FileName = C:\2018 Mooring Data\Casts\CAST_TH042_180925.hex
* Software Version SeatermAF 2.1.2
* Temperature SN = 2997
* Conductivity SN = 2997
* System UpLoad Time = Sep 25 2018 16:35:04 (localtime) = Sep 25 2018 16:35:04 (UTC)
** CAST_TH042_180925
* ds
# nquan = 9                                 
# nvalues = 1290                        
# units = specified
# name 0 = timeJ: Julian Days
# name 1 = prSM: Pressure, Strain Gauge [db]
# name 2 = c0mS/cm: Conductivity [mS/cm]
# name 3 = t090C: Temperature [ITS-90, deg C]
# name 4 = sbeox0ML/L: Oxygen, SBE 43 [ml/l]
# name 5 = depSM: Depth [salt water, m], lat = 47.5
# name 6 = sal00: Salinity, Practical [PSU]
# name 7 = sigma-é00: Density [sigma-theta, kg/m^3]
# name 8 = flag: flag
# span 0 = 268.637894, 268.645353       
# span 1 =     -4.590,     43.720       
# span 2 =   0.061658,  44.505695       
# span 3 =     7.9279,    14.9924       
# span 4 =   -10.6122,    14.6582       
# span 5 =     -4.552,     43.351       
# span 6 =     0.0402,    36.6633       
# span 7 =    -0.5321,    27.3056       
# span 8 = 0.0000e+00, 0.0000e+00       
# interval = seconds: 0.5
# start_time = Sep 25 2018 15:18:34 [Instrument's time stamp, header]
# bad_flag = -9.990e-29
*END*
[from data line 481]
 268.640677      0.418   0.061691    12.5173    -1.9560      0.415     0.0402    -0.5300 -9.990e-29
 268.640683      0.425   0.061691    12.5115    -1.9563      0.421     0.0402    -0.5293 -9.990e-29
 268.640689      0.431   0.061691    12.5068    -1.9563      0.427     0.0402    -0.5287 -9.990e-29
 268.640694      0.435   0.061692    12.5034    -1.9563      0.431     0.0402    -0.5283 -9.990e-29
 268.640700      0.438   0.061692    12.5012    -1.9563      0.434     0.0402    -0.5280 -9.990e-29
 268.640706      0.441   0.061692    12.5004    -1.9563      0.437     0.0402    -0.5279 -9.990e-29
 268.640712      0.443   0.061692    12.5006    -1.9561      0.439     0.0402    -0.5280 -9.990e-29
 268.640718      0.444   0.061692    12.5015    -1.9561      0.440     0.0402    -0.5281 -9.990e-29
 268.640723      0.445   0.061692    12.5025    -1.9562      0.441     0.0402    -0.5282 -9.990e-29
 268.640729      0.445   0.061692    12.5023    -1.9563      0.441     0.0402    -0.5282 -9.990e-29
 268.640735      0.446   0.061692    12.5008    -1.9562      0.442     0.0402    -0.5280 -9.990e-29
 268.640741      0.445   0.061691    12.4996    -1.9561      0.441     0.0402    -0.5278 -9.990e-29
 268.640747      0.445   0.061691    12.4993    -1.9565      0.441     0.0402    -0.5278 -9.990e-29
 268.640752      0.444   0.061691    12.4994    -1.9565      0.440     0.0402    -0.5278 -9.990e-29
 268.640758      0.442   0.061691    12.5001    -1.9567      0.438     0.0402    -0.5279 -9.990e-29
 268.640764      0.440   0.061691    12.5011    -1.9570      0.436     0.0402    -0.5280 -9.990e-29
 268.640770      0.438   0.061691    12.5012    -1.9576      0.434     0.0402    -0.5280 -9.990e-29
 268.640775      0.434   0.061691    12.5003    -1.9581      0.430     0.0402    -0.5279 -9.990e-29
 268.640781      0.430   0.061691    12.4995    -1.9587      0.426     0.0402    -0.5278 -9.990e-29
 268.640787      0.424   0.061691    12.4991    -1.9589      0.420     0.0402    -0.5278 -9.990e-29
 268.640793      0.421   0.061691    12.4978    -1.9588      0.417     0.0402    -0.5276 -9.990e-29
 268.640799      0.424   0.061691    12.4948    -1.9586      0.420     0.0402    -0.5273 -9.990e-29
 268.640804      0.430   0.061691    12.4913    -1.9588      0.426     0.0402    -0.5268 -9.990e-29
 268.640810      0.435   0.061691    12.4865    -1.9591      0.431     0.0402    -0.5263 -9.990e-29
 268.640816      0.439   0.061690    12.4786    -1.9593      0.435     0.0402    -0.5253 -9.990e-29
 268.640822      0.441   0.061690    12.4682    -1.9592      0.437     0.0402    -0.5240 -9.990e-29
 268.640828      0.444   0.061690    12.4574    -1.9590      0.440     0.0402    -0.5227 -9.990e-29
 268.640833      0.446   0.061690    12.4485    -1.9589      0.442     0.0402    -0.5217 -9.990e-29
 268.640839      0.447   0.061690    12.4434    -1.9589      0.443     0.0402    -0.5211 -9.990e-29
 268.640845      0.448   0.061690    12.4419    -1.9589      0.444     0.0402    -0.5209 -9.990e-29
 268.640851      0.449   0.061690    12.4411    -1.9590      0.445     0.0402    -0.5208 -9.990e-29
 268.640856      0.450   0.061690    12.4384    -1.9591      0.446     0.0402    -0.5205 -9.990e-29
 268.640862      0.451   0.061690    12.4347    -1.9593      0.447     0.0402    -0.5200 -9.990e-29
 268.640868      0.451   0.061690    12.4326    -1.9596      0.447     0.0402    -0.5198 -9.990e-29
 268.640874      0.452   0.061690    12.4331    -1.9598      0.448     0.0402    -0.5198 -9.990e-29
 268.640880      0.453   0.061691    12.4350    -1.9598      0.449     0.0402    -0.5200 -9.990e-29
 268.640885      0.454   0.061693    12.4366    -1.9598      0.450     0.0402    -0.5202 -9.990e-29
 268.640891      0.456   0.061699    12.4372    -1.9598      0.452     0.0402    -0.5203 -9.990e-29
 268.640897      0.457   0.061717    12.4365    -1.9601      0.453     0.0403    -0.5202 -9.990e-29
 268.640903      0.459   0.061771    12.4348    -1.7821      0.455     0.0403    -0.5200 -9.990e-29
 268.640909      0.462   0.061936    12.4320    -1.6036      0.458     0.0404    -0.5196 -9.990e-29
 268.640914      0.465   0.062431    12.4280    -1.5826      0.461     0.0407    -0.5189 -9.990e-29
 268.640920      0.469   0.064468    12.4237    -1.6004      0.465     0.0419    -0.5174 -9.990e-29
 268.640926      0.474   0.071873    12.4214    -1.5740      0.470     0.0464    -0.5136 -9.990e-29
 268.640932      0.480   0.094519    12.4227    -1.6120      0.476     0.0602    -0.5030 -9.990e-29
 268.640938      0.489   0.161492    12.4309    -1.5722      0.485     0.1019    -0.4713 -9.990e-29
 268.640943      0.499   0.361534    12.4570    -1.5719      0.495     0.2306    -0.3739 -9.990e-29
 268.640949      0.513   0.961370    12.5376    -1.5727      0.509     0.6336    -0.0695 -9.990e-29
 268.640955      0.531   2.760779    12.7874    -1.5707      0.527     1.9070     0.8883 -9.990e-29
 268.640961      0.554   8.158976    13.2830    -1.5708      0.549     5.9751     3.9635 -9.990e-29
 268.640966      0.583  18.030635    13.8320    -1.5704      0.578    13.8806     9.9575 -9.990e-29
 268.640972      0.621  27.462260    14.1836    -1.5704      0.616    21.7918    15.9725 -9.990e-29
 268.640978      0.665  31.955948    14.3403    -1.5711      0.659    25.6493    18.9083 -9.990e-29
 268.640984      0.710  33.139546    14.4096    -1.5713      0.704    26.6540    19.6675 -9.990e-29
 268.640990      0.755  33.424342    14.4447    -1.5713      0.749    26.8832    19.8369 -9.990e-29
 268.640995      0.802  33.582346    14.4695    -1.5715      0.795    27.0066    19.9269 -9.990e-29
 268.641001      0.849  34.307220    14.4878    -1.5711      0.842    27.6398    20.4104 -9.990e-29
 268.641007      0.892  35.027222    14.4940    -1.5716      0.885    28.2789    20.9010 -9.990e-29
 268.641013      0.929  35.266039    14.4891    -1.5716      0.921    28.4964    21.0694 -9.990e-29
 268.641019      0.962  35.394235    14.4797    -1.5702      0.954    28.6182    21.1651 -9.990e-29
 268.641024      0.993  35.484793    14.4737    -1.5695      0.985    28.7038    21.2322 -9.990e-29
 268.641030      1.024  35.540348    14.4709    -1.5696      1.015    28.7558    21.2728 -9.990e-29
 268.641036      1.058  35.555507    14.4635    -1.5700      1.049    28.7748    21.2890 -9.990e-29
 268.641042      1.096  35.538775    14.4547    -1.5716      1.087    28.7663    21.2842 -9.990e-29
 268.641047      1.136  35.535667    14.4547    -1.5699      1.127    28.7635    21.2821 -9.990e-29
 268.641053      1.173  35.547695    14.4649    -1.5691      1.163    28.7667    21.2825 -9.990e-29
 268.641059      1.204  35.545587    14.4787    -1.5693      1.194    28.7546    21.2703 -9.990e-29
 268.641065      1.232  35.519868    14.4879    -1.5703      1.222    28.7247    21.2454 -9.990e-29
 268.641071      1.254  35.486148    14.4911    -1.5708      1.244    28.6921    21.2197 -9.990e-29
 268.641076      1.267  35.492492    14.4930    -1.5706      1.256    28.6964    21.2226 -9.990e-29
 268.641082      1.276  35.547416    14.4983    -1.5705      1.265    28.7417    21.2564 -9.990e-29
 268.641088      1.286  35.593164    14.5073    -1.5706      1.275    28.7761    21.2810 -9.990e-29
 268.641094      1.298  35.586627    14.5131    -1.5696      1.287    28.7659    21.2720 -9.990e-29
 268.641100      1.313  35.531467    14.5119    -1.5692      1.302    28.7173    21.2349 -9.990e-29
 268.641105      1.326  35.495884    14.5079    -1.5691      1.315    28.6884    21.2134 -9.990e-29
 268.641111      1.336  35.535533    14.5059    -1.5705      1.325    28.7254    21.2423 -9.990e-29
 268.641117      1.346  35.590772    14.5064    -1.5704      1.335    28.7746    21.2801 -9.990e-29
 268.641123      1.361  35.589706    14.5064    -1.5698      1.350    28.7736    21.2793 -9.990e-29
 268.641128      1.379  35.545532    14.5042    -1.5701      1.367    28.7356    21.2505 -9.990e-29
 268.641134      1.392  35.511971    14.5006    -1.5702      1.380    28.7082    21.2301 -9.990e-29
 268.641140      1.396  35.510977    14.4975    -1.5704      1.384    28.7096    21.2319 -9.990e-29
 268.641146      1.391  35.528961    14.4976    -1.5705      1.379    28.7256    21.2442 -9.990e-29
 268.641152      1.382  35.561396    14.5010    -1.5707      1.370    28.7522    21.2640 -9.990e-29
 268.641157      1.377  35.601746    14.5054    -1.5705      1.366    28.7852    21.2884 -9.990e-29
 268.641163      1.379  35.622665    14.5078    -1.5695      1.367    28.8021    21.3010 -9.990e-29
 268.641169      1.389  35.600023    14.5062    -1.5689      1.377    28.7830    21.2866 -9.990e-29
 268.641175      1.403  35.556329    14.5020    -1.5689      1.391    28.7469    21.2597 -9.990e-29
 268.641181      1.417  35.544825    14.4980    -1.5703      1.405    28.7396    21.2548 -9.990e-29
 268.641186      1.433  35.562551    14.4975    -1.5708      1.421    28.7558    21.2675 -9.990e-29
 268.641192      1.447  35.570478    14.5026    -1.5705      1.435    28.7592    21.2690 -9.990e-29
 268.641198      1.456  35.559071    14.5097    -1.5694      1.444    28.7437    21.2556 -9.990e-29
 268.641204      1.461  35.532216    14.5117    -1.5685      1.449    28.7181    21.2355 -9.990e-29
 268.641209      1.461  35.502888    14.5101    -1.5683      1.449    28.6930    21.2165 -9.990e-29
 268.641215      1.452  35.499241    14.5099    -1.5694      1.440    28.6899    21.2142 -9.990e-29
 268.641221      1.435  35.534391    14.5114    -1.5696      1.423    28.7203    21.2373 -9.990e-29
 268.641227      1.420  35.587499    14.5137    -1.5693      1.408    28.7662    21.2722 -9.990e-29
 268.641233      1.415  35.619672    14.5152    -1.5686      1.403    28.7940    21.2932 -9.990e-29
 268.641238      1.420  35.598266    14.5148    -1.5682      1.408    28.7751    21.2787 -9.990e-29
 268.641244      1.431  35.540719    14.5137    -1.5683      1.419    28.7243    21.2399 -9.990e-29
 268.641250      1.440  35.509238    14.5136    -1.5681      1.428    28.6961    21.2182 -9.990e-29
 268.641256      1.444  35.536387    14.5154    -1.5681      1.432    28.7191    21.2356 -9.990e-29
 268.641262      1.447  35.600741    14.5179    -1.5681      1.435    28.7750    21.2780 -9.990e-29
 268.641267      1.452  35.655443    14.5188    -1.5682      1.440    28.8234    21.3151 -9.990e-29
 268.641273      1.458  35.662605    14.5176    -1.5680      1.446    28.8307    21.3210 -9.990e-29
 268.641279      1.459  35.634634    14.5163    -1.5682      1.447    28.8065    21.3027 -9.990e-29
 268.641285      1.455  35.621654    14.5165    -1.5683      1.443    28.7948    21.2936 -9.990e-29
 268.641291      1.447  35.644497    14.5184    -1.5685      1.435    28.8138    21.3079 -9.990e-29
 268.641296      1.438  35.682155    14.5208    -1.5679      1.426    28.8458    21.3320 -9.990e-29
 268.641302      1.432  35.708735    14.5227    -1.5676      1.420    28.8683    21.3489 -9.990e-29
 268.641308      1.429  35.719975    14.5242    -1.5676      1.417    28.8772    21.3555 -9.990e-29
 268.641314      1.427  35.724761    14.5256    -1.5676      1.415    28.8805    21.3577 -9.990e-29
 268.641319      1.428  35.725052    14.5281    -1.5678      1.416    28.8789    21.3560 -9.990e-29
 268.641325      1.435  35.720733    14.5334    -1.5682      1.423    28.8711    21.3489 -9.990e-29
 268.641331      1.450  35.715064    14.5401    -1.5681      1.438    28.8610    21.3397 -9.990e-29
 268.641337      1.463  35.703344    14.5433    -1.5680      1.451    28.8481    21.3292 -9.990e-29
 268.641343      1.472  35.681205    14.5406    -1.5678      1.460    28.8303    21.3160 -9.990e-29
 268.641348      1.478  35.665108    14.5354    -1.5678      1.466    28.8197    21.3089 -9.990e-29
 268.641354      1.481  35.677328    14.5320    -1.5683      1.469    28.8332    21.3200 -9.990e-29
 268.641360      1.480  35.714615    14.5310    -1.5685      1.468    28.8674    21.3465 -9.990e-29
 268.641366      1.481  35.747782    14.5307    -1.5686      1.469    28.8973    21.3696 -9.990e-29
 268.641372      1.487  35.760627    14.5301    -1.5687      1.475    28.9093    21.3790 -9.990e-29
 268.641377      1.495  35.757456    14.5294    -1.5680      1.483    28.9070    21.3773 -9.990e-29
 268.641383      1.501  35.743617    14.5291    -1.5677      1.488    28.8948    21.3680 -9.990e-29
 268.641389      1.505  35.730398    14.5289    -1.5677      1.492    28.8831    21.3590 -9.990e-29
 268.641395      1.508  35.728967    14.5285    10.5733      1.495    28.8821    21.3583 -9.990e-29
 268.641400      1.509  35.735773    14.5272    13.8696      1.496    28.8891    21.3640 -9.990e-29
 268.641406      1.509  35.740517    14.5258    14.2665      1.496    28.8944    21.3684 -9.990e-29
 268.641412      1.508  35.733888    14.5252    11.9508      1.495    28.8889    21.3643 -9.990e-29
 268.641418      1.506  35.714552    14.5248     6.7888      1.493    28.8719    21.3512 -9.990e-29
 268.641424      1.502  35.694839    14.5249     6.8157      1.489    28.8541    21.3376 -9.990e-29
 268.641429      1.496  35.687135    14.5262     6.9013      1.484    28.8463    21.3312 -9.990e-29
 268.641435      1.489  35.698559    14.5275     6.8655      1.477    28.8556    21.3381 -9.990e-29
 268.641441      1.479  35.725331    14.5278     6.7957      1.467    28.8793    21.3564 -9.990e-29
 268.641447      1.470  35.750539    14.5281     6.7344      1.458    28.9017    21.3735 -9.990e-29
 268.641453      1.471  35.768066    14.5287     6.6837      1.459    28.9170    21.3852 -9.990e-29
 268.641458      1.480  35.780033    14.5286     6.6643      1.468    28.9278    21.3935 -9.990e-29
 268.641464      1.491  35.783945    14.5279     6.6358      1.479    28.9318    21.3968 -9.990e-29
 268.641470      1.499  35.782809    14.5279     6.6096      1.486    28.9308    21.3960 -9.990e-29
 268.641476      1.505  35.781858    14.5289     6.5753      1.492    28.9292    21.3945 -9.990e-29
 268.641481      1.510  35.782097    14.5301     6.5653      1.497    28.9285    21.3938 -9.990e-29
 268.641487      1.514  35.781634    14.5311     6.5729      1.501    28.9274    21.3927 -9.990e-29
 268.641493      1.517  35.779883    14.5322     6.5756      1.504    28.9250    21.3906 -9.990e-29
 268.641499      1.520  35.779580    14.5332     6.5860      1.507    28.9240    21.3896 -9.990e-29
 268.641505      1.521  35.782031    14.5340     6.5756      1.508    28.9256    21.3907 -9.990e-29
 268.641510      1.523  35.785497    14.5344     6.5584      1.510    28.9284    21.3928 -9.990e-29
 268.641516      1.524  35.786789    14.5346     6.5437      1.511    28.9294    21.3935 -9.990e-29
 268.641522      1.525  35.785420    14.5348     6.5353      1.512    28.9280    21.3924 -9.990e-29
 268.641528      1.526  35.784075    14.5352     6.5497      1.513    28.9265    21.3912 -9.990e-29
 268.641534      1.526  35.783793    14.5358     6.5576      1.513    28.9258    21.3905 -9.990e-29
 268.641539      1.527  35.784230    14.5362     6.5810      1.514    28.9259    21.3905 -9.990e-29
 268.641545      1.527  35.785997    14.5364     6.5562      1.514    28.9273    21.3916 -9.990e-29
 268.641551      1.527  35.787002    14.5366     6.5575      1.514    28.9281    21.3921 -9.990e-29
 268.641557      1.527  35.784696    14.5370     6.5488      1.514    28.9257    21.3902 -9.990e-29
 268.641563      1.527  35.782195    14.5379     6.5713      1.514    28.9228    21.3878 -9.990e-29
 268.641568      1.527  35.782353    14.5394     6.5596      1.514    28.9218    21.3867 -9.990e-29
 268.641574      1.527  35.785972    14.5421     6.5758      1.514    28.9231    21.3871 -9.990e-29
 268.641580      1.527  35.793988    14.5452     6.5589      1.514    28.9280    21.3902 -9.990e-29
 268.641586      1.527  35.800319    14.5458     6.5685      1.514    28.9332    21.3941 -9.990e-29
 268.641591      1.527  35.798879    14.5443     6.5655      1.514    28.9330    21.3943 -9.990e-29
