data/oxygen options/ONMS/Olympic_Coast_National_Marine_Sanctuary_CTD_Data_2005_2023/raw_data/2018/CAST_CA042_180928faed.cnv
* Sea-Bird SBE 19 Data File:
* FileName = C:\2018 Mooring Data\Casts\CAST_CA042_180928.hex
* Software Version SeatermAF 2.1.2
* Temperature SN = 2997
* Conductivity SN = 2997
* System UpLoad Time = Sep 28 2018 17:49:03 (localtime) = Sep 28 2018 17:49:03 (UTC)
** CAST_CA042_180928
* ds
# nquan = 9                                 
# nvalues = 1089                        
# units = specified
# name 0 = timeJ: Julian Days
# name 1 = prSM: Pressure, Strain Gauge [db]
# name 2 = c0mS/cm: Conductivity [mS/cm]
# name 3 = t090C: Temperature [ITS-90, deg C]
# name 4 = sbeox0ML/L: Oxygen, SBE 43 [ml/l]
# name 5 = depSM: Depth [salt water, m], lat = 47.5
# name 6 = sal00: Salinity, Practical [PSU]
# name 7 = sigma-é00: Density [sigma-theta, kg/m^3]
# name 8 = flag: flag
# span 0 = 271.718669, 271.724965       
# span 1 =     -4.628,     44.144       
# span 2 =   0.539283,  38.832532       
# span 3 =     8.0535,    20.4779       
# span 4 =    -1.6952,    14.9822       
# span 5 =     -4.589,     43.771       
# span 6 =     0.2880,    33.7863       
# span 7 =    -1.6657,    26.3124       
# span 8 = 0.0000e+00, 0.0000e+00       
# interval = seconds: 0.5
# start_time = Sep 28 2018 17:14:53 [Instrument's time stamp, header]
# bad_flag = -9.990e-29
*END*
[from data line 801]
 271.723304     29.465  35.142012     8.4335     3.1710     29.217    33.4226    25.9710 0.0000e+00
 271.723310     29.715  35.139511     8.4126     3.1376     29.465    33.4397    25.9875 0.0000e+00
 271.723316     29.972  35.139367     8.3881     3.1302     29.720    33.4627    26.0093 0.0000e+00
 271.723322     30.234  35.139084     8.3659     3.1287     29.979    33.4834    26.0288 0.0000e+00
 271.723328     30.488  35.140461     8.3520     3.1295     30.231    33.4980    26.0424 0.0000e+00
 271.723333     30.724  35.144706     8.3479     3.0863     30.465    33.5063    26.0495 0.0000e+00
 271.723339     30.946  35.150694     8.3503     3.0525     30.685    33.5102    26.0522 0.0000e+00
 271.723345     31.158  35.156826     8.3529     3.0182     30.896    33.5141    26.0549 0.0000e+00
 271.723351     31.369  35.158899     8.3491     2.9844     31.105    33.5199    26.0600 0.0000e+00
 271.723356     31.593  35.156258     8.3377     2.9512     31.327    33.5278    26.0680 0.0000e+00
 271.723362     31.836  35.154840     8.3241     2.8785     31.568    33.5392    26.0789 0.0000e+00
 271.723368     32.087  35.157732     8.3135     2.8072     31.817    33.5522    26.0908 0.0000e+00
 271.723374     32.332  35.162567     8.3067     2.7335     32.060    33.5637    26.1008 0.0000e+00
 271.723380     32.571  35.166207     8.2972     2.6852     32.297    33.5766    26.1123 0.0000e+00
 271.723385     32.812  35.168403     8.2753     2.6467     32.536    33.5997    26.1337 0.0000e+00
 271.723391     33.065  35.171461     8.2434     2.6171     32.786    33.6334    26.1649 0.0000e+00
 271.723397     33.318  35.176599     8.2164     2.6154     33.037    33.6646    26.1935 0.0000e+00
 271.723403     33.558  35.182203     8.2031     2.5966     33.275    33.6832    26.2101 0.0000e+00
 271.723409     33.784  35.186718     8.1988     2.5840     33.499    33.6920    26.2177 0.0000e+00
 271.723414     34.000  35.189378     8.1933     2.5795     33.713    33.7001    26.2248 0.0000e+00
 271.723420     34.212  35.188630     8.1817     2.5793     33.924    33.7103    26.2345 0.0000e+00
 271.723426     34.425  35.185654     8.1694     2.5792     34.135    33.7189    26.2431 0.0000e+00
 271.723432     34.640  35.183697     8.1612     2.5674     34.348    33.7246    26.2488 0.0000e+00
 271.723437     34.862  35.183445     8.1536     2.5532     34.568    33.7315    26.2554 0.0000e+00
 271.723443     35.104  35.182818     8.1444     2.5307     34.808    33.7396    26.2631 0.0000e+00
 271.723449     35.370  35.180917     8.1354     2.5369     35.072    33.7461    26.2695 0.0000e+00
 271.723455     35.651  35.179065     8.1278     2.5298     35.350    33.7513    26.2748 0.0000e+00
 271.723461     35.938  35.177527     8.1213     2.5159     35.635    33.7558    26.2792 0.0000e+00
 271.723466     36.221  35.175869     8.1157     2.5172     35.916    33.7593    26.2828 0.0000e+00
 271.723472     36.491  35.174054     8.1113     2.5053     36.183    33.7614    26.2852 0.0000e+00
 271.723478     36.748  35.172401     8.1093     2.5082     36.438    33.7615    26.2855 0.0000e+00
 271.723484     36.988  35.172000     8.1094     2.5002     36.676    33.7608    26.2850 0.0000e+00
 271.723490     37.208  35.173375     8.1086     2.4745     36.894    33.7630    26.2868 0.0000e+00
 271.723495     37.423  35.173817     8.1040     2.4579     37.107    33.7678    26.2913 0.0000e+00
 271.723501     37.650  35.170495     8.0963     2.4500     37.332    33.7715    26.2954 0.0000e+00
 271.723507     37.891  35.165638     8.0889     2.4427     37.571    33.7734    26.2979 0.0000e+00
 271.723513     38.135  35.162226     8.0828     2.4440     37.813    33.7755    26.3005 0.0000e+00
 271.723519     38.378  35.159564     8.0775     2.4491     38.054    33.7777    26.3030 0.0000e+00
 271.723524     38.616  35.156276     8.0740     2.4455     38.290    33.7774    26.3033 0.0000e+00
 271.723530     38.844  35.153517     8.0733     2.4416     38.516    33.7750    26.3015 0.0000e+00
 271.723536     39.055  35.153703     8.0742     2.4309     38.725    33.7743    26.3008 0.0000e+00
 271.723542     39.254  35.156457     8.0744     2.4183     38.923    33.7769    26.3029 0.0000e+00
 271.723547     39.453  35.158672     8.0721     2.4189     39.120    33.7814    26.3067 0.0000e+00
 271.723553     39.666  35.158204     8.0679     2.4130     39.331    33.7849    26.3101 0.0000e+00
 271.723559     39.900  35.155124     8.0629     2.4137     39.563    33.7863    26.3119 0.0000e+00
 271.723565     40.155  35.150894     8.0584     2.4142     39.816    33.7860    26.3124 0.0000e+00
 271.723571     40.415  35.147315     8.0559     2.4125     40.074    33.7844    26.3115 0.0000e+00
 271.723576     40.669  35.145754     8.0559     2.4130     40.326    33.7827    26.3101 0.0000e+00
 271.723582     40.905  35.146547     8.0573     2.4177     40.560    33.7820    26.3094 0.0000e+00
 271.723588     41.119  35.148510     8.0586     2.4073     40.772    33.7828    26.3098 0.0000e+00
 271.723594     41.319  35.149780     8.0586     2.4095     40.970    33.7840    26.3108 0.0000e+00
 271.723600     41.521  35.149251     8.0575     2.4138     41.170    33.7844    26.3113 0.0000e+00
 271.723605     41.736  35.147340     8.0560     2.4097     41.383    33.7838    26.3110 0.0000e+00
 271.723611     41.968  35.145417     8.0546     2.4080     41.614    33.7829    26.3106 0.0000e+00
 271.723617     42.213  35.144276     8.0538     2.4059     41.856    33.7824    26.3102 0.0000e+00
 271.723623     42.464  35.144073     8.0536     2.4256     42.105    33.7822    26.3102 0.0000e+00
 271.723628     42.713  35.144535     8.0535     2.4196     42.352    33.7827    26.3106 0.0000e+00
 271.723634     42.955  35.145156     8.0537     2.4108     42.592    33.7831    26.3108 0.0000e+00
 271.723640     43.180  35.145643     8.0542     2.3954     42.815    33.7830    26.3107 0.0000e+00
 271.723646     43.377  35.146084     8.0555     2.3972     43.010    33.7821    26.3098 0.0000e+00
 271.723652     43.537  35.147063     8.0571     2.4108     43.169    33.7815    26.3091 0.0000e+00
 271.723657     43.665  35.148205     8.0580     2.4089     43.296    33.7818    26.3092 -9.990e-29
 271.723663     43.779  35.148234     8.0573     2.4004     43.409    33.7825    26.3098 -9.990e-29
 271.723669     43.886  35.147188     8.0558     2.4019     43.515    33.7828    26.3103 -9.990e-29
 271.723675     43.983  35.146474     8.0550     2.4150     43.611    33.7827    26.3104 -9.990e-29
 271.723681     44.064  35.146818     8.0553     2.4153     43.692    33.7828    26.3104 -9.990e-29
 271.723686     44.117  35.147555     8.0561     2.4067     43.744    33.7828    26.3102 -9.990e-29
 271.723692     44.142  35.147987     8.0566     2.4061     43.769    33.7827    26.3101 -9.990e-29
 271.723698     44.144  35.148131     8.0566     2.4060     43.771    33.7829    26.3102 -9.990e-29
 271.723704     44.118  35.148178     8.0566     2.4127     43.745    33.7829    26.3103 -9.990e-29
 271.723709     44.064  35.148192     8.0571     2.3977     43.692    33.7825    26.3099 -9.990e-29
 271.723715     43.986  35.148190     8.0578     2.4062     43.614    33.7819    26.3093 -9.990e-29
 271.723721     43.880  35.148171     8.0587     2.4109     43.509    33.7810    26.3085 -9.990e-29
 271.723727     43.739  35.148670     8.0596     2.4154     43.369    33.7807    26.3081 0.0000e+00
 271.723733     43.571  35.149790     8.0598     2.4023     43.203    33.7818    26.3089 0.0000e+00
 271.723738     43.386  35.150228     8.0596     2.3973     43.019    33.7826    26.3096 0.0000e+00
 271.723744     43.190  35.149450     8.0594     2.3994     42.825    33.7820    26.3092 0.0000e+00
 271.723750     42.988  35.148657     8.0591     2.4038     42.625    33.7816    26.3088 0.0000e+00
 271.723756     42.788  35.148474     8.0587     2.4018     42.426    33.7819    26.3091 0.0000e+00
 271.723762     42.607  35.147537     8.0578     2.4123     42.247    33.7818    26.3092 0.0000e+00
 271.723767     42.456  35.145719     8.0565     2.4168     42.097    33.7812    26.3089 0.0000e+00
 271.723773     42.320  35.144516     8.0558     2.4190     41.962    33.7806    26.3086 0.0000e+00
 271.723779     42.174  35.144005     8.0559     2.4104     41.818    33.7801    26.3081 0.0000e+00
 271.723785     41.996  35.144063     8.0564     2.3991     41.641    33.7797    26.3078 0.0000e+00
 271.723791     41.778  35.144765     8.0568     2.4075     41.425    33.7802    26.3081 0.0000e+00
 271.723796     41.528  35.145368     8.0569     2.4120     41.177    33.7809    26.3086 0.0000e+00
 271.723802     41.252  35.145558     8.0563     2.4075     40.904    33.7818    26.3094 0.0000e+00
 271.723808     40.958  35.145587     8.0556     2.4116     40.612    33.7826    26.3102 0.0000e+00
 271.723814     40.670  35.144939     8.0552     2.4092     40.327    33.7825    26.3101 0.0000e+00
 271.723819     40.412  35.143311     8.0551     2.4199     40.071    33.7809    26.3089 0.0000e+00
 271.723825     40.190  35.141895     8.0551     2.4242     39.851    33.7795    26.3078 0.0000e+00
 271.723831     39.993  35.141603     8.0550     2.4193     39.655    33.7794    26.3077 0.0000e+00
 271.723837     39.810  35.142044     8.0554     2.4428     39.474    33.7796    26.3078 0.0000e+00
 271.723843     39.628  35.142688     8.0567     2.4448     39.293    33.7791    26.3072 0.0000e+00
 271.723848     39.440  35.143273     8.0585     2.4446     39.107    33.7781    26.3061 0.0000e+00
 271.723854     39.242  35.144018     8.0606     2.4462     38.911    33.7769    26.3049 0.0000e+00
 271.723860     39.036  35.145358     8.0630     2.4607     38.707    33.7762    26.3040 0.0000e+00
 271.723866     38.824  35.146843     8.0653     2.4762     38.496    33.7756    26.3032 0.0000e+00
 271.723872     38.603  35.147652     8.0672     2.4761     38.277    33.7748    26.3022 0.0000e+00
 271.723877     38.362  35.148307     8.0694     2.4815     38.038    33.7735    26.3009 0.0000e+00
 271.723883     38.104  35.149683     8.0721     2.4954     37.782    33.7724    26.2997 0.0000e+00
 271.723889     37.841  35.151375     8.0748     2.5061     37.522    33.7718    26.2987 0.0000e+00
 271.723895     37.588  35.152841     8.0777     2.5123     37.271    33.7707    26.2974 0.0000e+00
 271.723900     37.348  35.154360     8.0806     2.5156     37.033    33.7696    26.2962 0.0000e+00
 271.723906     37.121  35.156276     8.0832     2.5300     36.808    33.7692    26.2955 0.0000e+00
 271.723912     36.899  35.158347     8.0853     2.5386     36.588    33.7695    26.2954 0.0000e+00
 271.723918     36.678  35.159977     8.0871     2.5404     36.369    33.7697    26.2952 0.0000e+00
 271.723924     36.448  35.160541     8.0898     2.5527     36.141    33.7678    26.2933 0.0000e+00
 271.723929     36.198  35.160793     8.0948     2.5694     35.893    33.7633    26.2891 0.0000e+00
 271.723935     35.930  35.162186     8.1008     2.5776     35.627    33.7592    26.2850 0.0000e+00
 271.723941     35.656  35.164340     8.1056     2.5855     35.355    33.7570    26.2825 0.0000e+00
 271.723947     35.390  35.166212     8.1096     2.5773     35.092    33.7552    26.2806 0.0000e+00
 271.723953     35.135  35.167500     8.1133     2.5890     34.839    33.7532    26.2784 0.0000e+00
 271.723958     34.892  35.168243     8.1155     2.5864     34.598    33.7519    26.2771 0.0000e+00
 271.723964     34.664  35.168874     8.1167     2.5991     34.372    33.7516    26.2766 0.0000e+00
 271.723970     34.449  35.169677     8.1178     2.6516     34.159    33.7515    26.2764 0.0000e+00
 271.723976     34.236  35.170043     8.1194     2.7037     33.947    33.7504    26.2753 0.0000e+00
 271.723981     34.018  35.169902     8.1226     2.7610     33.731    33.7473    26.2724 0.0000e+00
 271.723987     33.788  35.170186     8.1284     2.8225     33.503    33.7421    26.2675 0.0000e+00
 271.723993     33.546  35.170714     8.1384     2.8921     33.263    33.7332    26.2589 0.0000e+00
 271.723999     33.296  35.170509     8.1529     2.9796     33.015    33.7191    26.2457 0.0000e+00
 271.724005     33.040  35.169302     8.1692     3.0548     32.762    33.7023    26.2301 0.0000e+00
 271.724010     32.770  35.167164     8.1901     3.1087     32.494    33.6801    26.2095 0.0000e+00
 271.724016     32.483  35.164047     8.2223     3.1423     32.209    33.6460    26.1780 0.0000e+00
 271.724022     32.186  35.159160     8.2598     3.1290     31.915    33.6050    26.1402 0.0000e+00
 271.724028     31.901  35.152149     8.2887     3.1004     31.632    33.5701    26.1085 0.0000e+00
 271.724034     31.664  35.144872     8.3045     3.0806     31.397    33.5474    26.0883 0.0000e+00
 271.724039     31.497  35.139953     8.3106     3.0701     31.232    33.5364    26.0788 -9.990e-29
 271.724045     31.398  35.138678     8.3106     3.0731     31.134    33.5351    26.0778 -9.990e-29
 271.724051     31.343  35.140469     8.3063     3.0850     31.079    33.5411    26.0831 -9.990e-29
 271.724057     31.304  35.143794     8.3015     3.1054     31.040    33.5493    26.0902 -9.990e-29
 271.724063     31.252  35.145808     8.3012     3.1342     30.989    33.5517    26.0922 -9.990e-29
 271.724068     31.172  35.144154     8.3058     3.1569     30.910    33.5456    26.0867 -9.990e-29
 271.724074     31.071  35.139984     8.3119     3.1622     30.809    33.5354    26.0778 -9.990e-29
 271.724080     30.959  35.135577     8.3169     3.1785     30.698    33.5260    26.0697 -9.990e-29
 271.724086     30.835  35.132335     8.3205     3.1909     30.575    33.5192    26.0638 -9.990e-29
 271.724091     30.693  35.130416     8.3236     3.2068     30.435    33.5143    26.0595 0.0000e+00
 271.724097     30.539  35.128944     8.3266     3.2248     30.282    33.5099    26.0556 0.0000e+00
 271.724103     30.379  35.127634     8.3296     3.2437     30.123    33.5058    26.0519 0.0000e+00
 271.724109     30.220  35.125862     8.3341     3.2619     29.966    33.4997    26.0464 0.0000e+00
 271.724115     30.066  35.122945     8.3406     3.2526     29.813    33.4905    26.0382 0.0000e+00
 271.724120     29.910  35.119474     8.3472     3.2515     29.658    33.4806    26.0294 0.0000e+00
 271.724126     29.743  35.116423     8.3529     3.2526     29.493    33.4720    26.0219 0.0000e+00
 271.724132     29.554  35.114763     8.3616     3.2554     29.305    33.4621    26.0127 0.0000e+00
 271.724138     29.335  35.114520     8.3793     3.2554     29.088    33.4451    25.9968 0.0000e+00
 271.724144     29.091  35.115372     8.4018     3.2453     28.846    33.4247    25.9774 0.0000e+00
 271.724149     28.834  35.117894     8.4209     3.2447     28.591    33.4094    25.9625 0.0000e+00
 271.724155     28.574  35.120976     8.4350     3.2335     28.334    33.3994    25.9525 0.0000e+00
 271.724161     28.312  35.122575     8.4435     3.2490     28.074    33.3931    25.9463 0.0000e+00
 271.724167     28.053  35.123147     8.4474     3.2680     27.817    33.3902    25.9434 0.0000e+00
 271.724172     27.797  35.124579     8.4506     3.2814     27.563    33.3888    25.9418 0.0000e+00
 271.724178     27.537  35.127101     8.4574     3.2788     27.305    33.3851    25.9379 0.0000e+00
 271.724184     27.270  35.129039     8.4708     3.2678     27.041    33.3746    25.9276 0.0000e+00
 271.724190     26.990  35.130737     8.4898     3.2523     26.763    33.3585    25.9121 0.0000e+00
 271.724196     26.692  35.134462     8.5131     3.2265     26.468    33.3405    25.8945 0.0000e+00
 271.724201     26.380  35.141262     8.5455     3.2112     26.158    33.3172    25.8713 0.0000e+00
 271.724207     26.064  35.152932     8.5878     3.2041     25.845    33.2898    25.8433 0.0000e+00
 271.724213     25.762  35.173281     8.6339     3.2169     25.545    33.2679    25.8191 0.0000e+00
 271.724219     25.488  35.202574     8.6768     3.2297     25.274    33.2584    25.8051 0.0000e+00
