data/oxygen options/ONMS/Olympic_Coast_National_Marine_Sanctuary_CTD_Data_2005_2023/raw_data/2018/CAST_CA015_180612faed.cnv
* Sea-Bird SBE19 Data File:
* FileName = C:\2018 Mooring Data\Casts\CAST_CA015_180612.hex
* Software Version 1.59
* Temperature SN = 2997
* Conductivity SN = 2997
* System UpLoad Time = Jun 12 2018 18:25:37
** CAST_CA015_180612
* ds
# nquan = 9                                 
# nvalues = 772                         
# units = specified
# name 0 = timeJ: Julian Days
# name 1 = prSM: Pressure, Strain Gauge [db]
# name 2 = c0mS/cm: Conductivity [mS/cm]
# name 3 = t090C: Temperature [ITS-90, deg C]
# name 4 = sbeox0ML/L: Oxygen, SBE 43 [ml/l]
# name 5 = depSM: Depth [salt water, m], lat = 47.5
# name 6 = sal00: Salinity, Practical [PSU]
# name 7 = sigma-é00: Density [sigma-theta, kg/m^3]
# name 8 = flag: flag
# span 0 = 163.760914, 163.765376       
# span 1 =     -4.890,     19.995       
# span 2 =   0.303332,  36.515442       
# span 3 =    10.5073,    14.7439       
# span 4 =    -1.9225,    13.7770       
# span 5 =     -4.849,     19.827       
# span 6 =     0.1879,    32.6183       
# span 7 =    -0.5414,    25.0062       
# span 8 = 0.0000e+00, 0.0000e+00       
# interval = seconds: 0.5
# start_time = Jun 12 2018 18:15:43 [Instrument's time stamp, header]
# bad_flag = -9.990e-29
*END*
[from data line 321]
 163.762772     -0.209   3.725626    13.8541    -1.5840     -0.207     2.5487     1.2397 -9.990e-29
 163.762778     -0.154  10.564800    14.2399    -1.5840     -0.153     7.6980     5.1438 -9.990e-29
 163.762784     -0.086  21.181759    14.5343    -1.5848     -0.085    16.2487    11.6532 -9.990e-29
 163.762789     -0.006  28.852836    14.6674    -1.5849     -0.006    22.7247    16.5970 -9.990e-29
 163.762795      0.080  31.759968    14.7164    -1.5843      0.079    25.2306    18.5122 -9.990e-29
 163.762801      0.160  32.715712    14.7314    -1.5839      0.159    26.0610    19.1473 -9.990e-29
 163.762807      0.230  33.016236    14.7342    -1.5840      0.228    26.3240    19.3488 -9.990e-29
 163.762813      0.294  33.105340    14.7337    -1.5845      0.292    26.4029    19.4096 -9.990e-29
 163.762818      0.353  33.138777    14.7337    -1.5852      0.350    26.4323    19.4322 -9.990e-29
 163.762824      0.401  33.172889    14.7342    -1.5847      0.398    26.4621    19.4550 -9.990e-29
 163.762830      0.437  33.218461    14.7327    -1.5839      0.433    26.5033    19.4870 -9.990e-29
 163.762836      0.468  33.250625    14.7294    -1.5838      0.464    26.5340    19.5112 -9.990e-29
 163.762841      0.496  33.253503    14.7271    -1.5840      0.492    26.5380    19.5148 -9.990e-29
 163.762847      0.514  33.242691    14.7275    -1.5844      0.510    26.5282    19.5072 -9.990e-29
 163.762853      0.523  33.246314    14.7296    -1.5848      0.519    26.5300    19.5081 -9.990e-29
 163.762859      0.532  33.267530    14.7294    -1.5849      0.528    26.5489    19.5227 -9.990e-29
 163.762865      0.547  33.280900    14.7239    -1.5839      0.542    26.5644    19.5357 -9.990e-29
 163.762870      0.568  33.275153    14.7177    -1.5838      0.563    26.5635    19.5363 -9.990e-29
 163.762876      0.591  33.262780    14.7188    -1.5839      0.586    26.5519    19.5271 -9.990e-29
 163.762882      0.611  33.261432    14.7260    -1.5837      0.606    26.5458    19.5210 -9.990e-29
 163.762888      0.625  33.276589    14.7312    -1.5844      0.620    26.5556    19.5275 -9.990e-29
 163.762894      0.636  33.292086    14.7306    -1.5844      0.631    26.5697    19.5385 -9.990e-29
 163.762899      0.650  33.293891    14.7254    -1.5836      0.645    26.5748    19.5434 -9.990e-29
 163.762905      0.665  33.286096    14.7198    -1.5836      0.659    26.5717    19.5422 -9.990e-29
 163.762911      0.676  33.277343    14.7187    -1.5838      0.670    26.5648    19.5371 -9.990e-29
 163.762917      0.684  33.274995    14.7223    -1.5841      0.678    26.5602    19.5329 -9.990e-29
 163.762922      0.689  33.287120    14.7274    -1.5839      0.683    26.5675    19.5374 -9.990e-29
 163.762928      0.693  33.309181    14.7319    -1.5838      0.687    26.5839    19.5491 -9.990e-29
 163.762934      0.695  33.319106    14.7333    -1.5841      0.689    26.5917    19.5548 -9.990e-29
 163.762940      0.695  33.311662    14.7312    -1.5843      0.689    26.5865    19.5513 -9.990e-29
 163.762946      0.694  33.299318    14.7308    -1.5843      0.688    26.5759    19.5432 -9.990e-29
 163.762951      0.691  33.290810    14.7339    -1.5840      0.685    26.5663    19.5352 -9.990e-29
 163.762957      0.686  33.296067    14.7366    -1.5837      0.680    26.5691    19.5368 -9.990e-29
 163.762963      0.684  33.308669    14.7366    -1.5838      0.678    26.5802    19.5453 -9.990e-29
 163.762969      0.688  33.310723    14.7352    -1.5838      0.682    26.5830    19.5478 -9.990e-29
 163.762975      0.693  33.304414    14.7334    -1.5840      0.687    26.5786    19.5448 -9.990e-29
 163.762980      0.698  33.301486    14.7317    -1.5838      0.692    26.5772    19.5440 -9.990e-29
 163.762986      0.700  33.305875    14.7308    -1.5838      0.694    26.5817    19.5477 -9.990e-29
 163.762992      0.702  33.307209    14.7305    -1.5839      0.696    26.5831    19.5488 -9.990e-29
 163.762998      0.702  33.297196    14.7306    -1.5840      0.696    26.5742    19.5419 -9.990e-29
 163.763003      0.701  33.287676    14.7315    -1.5838      0.695    26.5652    19.5348 -9.990e-29
 163.763009      0.699  33.290031    14.7334    -1.5837      0.693    26.5659    19.5350 -9.990e-29
 163.763015      0.696  33.302926    14.7358    -1.5840      0.690    26.5757    19.5420 -9.990e-29
 163.763021      0.691  33.313898    14.7383    -1.5844      0.685    26.5837    19.5477 -9.990e-29
 163.763027      0.689  33.311835    14.7407    -1.5846      0.683    26.5802    19.5445 -9.990e-29
 163.763032      0.693  33.301272    14.7428    -1.5849      0.687    26.5695    19.5358 -9.990e-29
 163.763038      0.700  33.292766    14.7439    -1.5849      0.694    26.5612    19.5293 -9.990e-29
 163.763044      0.706  33.289548    14.7438    -1.5845      0.700    26.5584    19.5271 -9.990e-29
 163.763050      0.710  33.287344    14.7432    -1.5841      0.704    26.5569    19.5261 -9.990e-29
 163.763056      0.714  33.284356    14.7428    -1.5841      0.708    26.5545    19.5243 -9.990e-29
 163.763061      0.718  33.283892    14.7417    -1.5843      0.712    26.5549    19.5248 -9.990e-29
 163.763067      0.721  33.285912    14.7371    -1.5845      0.715    26.5598    19.5295 -9.990e-29
 163.763073      0.725  33.284732    14.7288    -1.5847      0.719    26.5644    19.5347 -9.990e-29
 163.763079      0.729  33.279359    14.7202    -1.5843      0.723    26.5655    19.5373 -9.990e-29
 163.763084      0.734  33.274959    14.7145    -1.5846      0.728    26.5655    19.5385 -9.990e-29
 163.763090      0.739  33.272959    14.7140    -1.5848      0.733    26.5641    19.5375 -9.990e-29
 163.763096      0.746  33.272389    14.7186    -1.5845      0.740    26.5604    19.5338 -9.990e-29
 163.763102      0.754  33.275303    14.7240    -1.5840      0.748    26.5593    19.5318 -9.990e-29
 163.763108      0.760  33.283365    14.7259    -1.5838      0.754    26.5651    19.5359 -9.990e-29
 163.763113      0.760  33.291114    14.7241    -1.5845      0.754    26.5732    19.5425 -9.990e-29
 163.763119      0.758  33.290991    14.7199    -1.5849      0.752    26.5760    19.5454 -9.990e-29
 163.763125      0.759  33.285649    14.7162    -1.5842      0.753    26.5738    19.5445 -9.990e-29
 163.763131      0.763  33.283654    14.7148    -1.5836      0.757    26.5730    19.5442 -9.990e-29
 163.763137      0.764  33.289641    14.7138    -1.5844      0.758    26.5789    19.5489 -9.990e-29
 163.763142      0.760  33.295938    14.7122    -1.5847      0.754    26.5856    19.5544 -9.990e-29
 163.763148      0.755  33.294167    14.7116    -1.5841      0.749    26.5844    19.5536 -9.990e-29
 163.763154      0.751  33.296538    14.7122    -1.5836      0.745    26.5861    19.5548 -9.990e-29
 163.763160      0.749  33.314069    14.7116    -1.5834      0.743    26.6020    19.5671 -9.990e-29
 163.763166      0.750  33.334890    14.7077    -1.5838      0.744    26.6231    19.5841 -9.990e-29
 163.763171      0.752  33.339206    14.7029    -1.5840      0.746    26.6302    19.5905 -9.990e-29
 163.763177      0.756  33.329431    14.6997    -1.5837      0.750    26.6237    19.5862 -9.990e-29
 163.763183      0.763  33.334530    14.6980    -1.5835      0.757    26.6294    19.5909 -9.990e-29
 163.763189      0.772  33.363557    14.6968    -1.5841      0.766    26.6559    19.6115 -9.990e-29
 163.763194      0.784  33.382470    14.6968    -1.5844      0.777    26.6726    19.6244 -9.990e-29
 163.763200      0.796  33.373966    14.6993    -1.5839      0.789    26.6633    19.6168 -9.990e-29
 163.763206      0.805  33.370384    14.7035    -1.5835      0.798    26.6573    19.6113 -9.990e-29
 163.763212      0.810  33.389352    14.7068    10.1741      0.803    26.6718    19.6218 -9.990e-29
 163.763218      0.812  33.409164    14.7085    13.4363      0.805    26.6882    19.6340 -9.990e-29
 163.763223      0.816  33.410920    14.7096    13.7770      0.809    26.6890    19.6344 -9.990e-29
 163.763229      0.826  33.398100    14.7098    11.5344      0.819    26.6775    19.6255 -9.990e-29
 163.763235      0.839  33.390012    14.7082     6.6314      0.832    26.6714    19.6212 -9.990e-29
 163.763241      0.850  33.394920    14.7050     6.7202      0.843    26.6779    19.6268 -9.990e-29
 163.763247      0.862  33.396436    14.7016     6.8774      0.855    26.6816    19.6303 -9.990e-29
 163.763252      0.869  33.388207    14.7000     6.8649      0.862    26.6754    19.6259 -9.990e-29
 163.763258      0.873  33.390060    14.6995     6.7743      0.866    26.6774    19.6275 -9.990e-29
 163.763264      0.878  33.412879    14.6984     6.6940      0.871    26.6983    19.6439 -9.990e-29
 163.763270      0.880  33.445129    14.6972     6.6256      0.873    26.7277    19.6667 -9.990e-29
 163.763275      0.880  33.473857    14.6964     6.5886      0.873    26.7536    19.6868 -9.990e-29
 163.763281      0.881  33.497086    14.6940     6.5790      0.874    26.7758    19.7043 -9.990e-29
 163.763287      0.884  33.538532    14.6860     6.5817      0.877    26.8180    19.7384 -9.990e-29
 163.763293      0.889  33.599740    14.6731     6.5933      0.882    26.8811    19.7894 -9.990e-29
 163.763299      0.892  33.622966    14.6656     6.5948      0.885    26.9068    19.8108 -9.990e-29
 163.763304      0.892  33.596097    14.6707     6.5829      0.885    26.8795    19.7887 -9.990e-29
 163.763310      0.895  33.556648    14.6825     6.5554      0.888    26.8364    19.7532 -9.990e-29
 163.763316      0.901  33.515287    14.6927     6.5349      0.893    26.7928    19.7176 -9.990e-29
 163.763322      0.909  33.487973    14.6994     6.5132      0.901    26.7640    19.6942 -9.990e-29
 163.763328      0.917  33.481964    14.7029     6.5222      0.909    26.7563    19.6875 -9.990e-29
 163.763333      0.920  33.477516    14.7038     6.5325      0.912    26.7518    19.6839 -9.990e-29
 163.763339      0.923  33.472635    14.7023     6.5393      0.915    26.7485    19.6816 -9.990e-29
 163.763345      0.930  33.477624    14.6988     6.5462      0.922    26.7553    19.6876 -9.990e-29
 163.763351      0.938  33.490199    14.6955     6.5537      0.930    26.7687    19.6985 -9.990e-29
 163.763356      0.942  33.494679    14.6956     6.5628      0.934    26.7726    19.7015 -9.990e-29
 163.763362      0.944  33.475227    14.6997     6.5612      0.936    26.7526    19.6853 -9.990e-29
 163.763368      0.942  33.438948    14.7075     6.5481      0.934    26.7151    19.6549 -9.990e-29
 163.763374      0.942  33.401295    14.7168     6.5409      0.934    26.6755    19.6226 -9.990e-29
 163.763380      0.947  33.381488    14.7229     6.5406      0.939    26.6538    19.6047 -9.990e-29
 163.763385      0.953  33.386722    14.7247     6.5390      0.945    26.6572    19.6069 -9.990e-29
 163.763391      0.958  33.389853    14.7239     6.5365      0.950    26.6605    19.6096 -9.990e-29
 163.763397      0.960  33.390597    14.7213     6.5340      0.952    26.6629    19.6120 -9.990e-29
 163.763403      0.960  33.403956    14.7173     6.5355      0.952    26.6775    19.6240 -9.990e-29
 163.763409      0.959  33.438245    14.7131     6.5456      0.951    26.7107    19.6504 -9.990e-29
 163.763414      0.955  33.484909    14.7105     6.5549      0.947    26.7537    19.6840 -9.990e-29
 163.763420      0.954  33.502079    14.7107     6.5659      0.946    26.7688    19.6955 -9.990e-29
 163.763426      0.959  33.489719    14.7123     6.5753      0.951    26.7567    19.6859 -9.990e-29
 163.763432      0.966  33.478383    14.7119     6.5661      0.958    26.7470    19.6785 -9.990e-29
 163.763438      0.971  33.470325    14.7093     6.5428      0.963    26.7416    19.6749 -9.990e-29
 163.763443      0.975  33.452583    14.7080     6.5239      0.967    26.7268    19.6638 -9.990e-29
 163.763449      0.979  33.436780    14.7086     6.5085      0.971    26.7124    19.6526 -9.990e-29
 163.763455      0.981  33.437686    14.7088     6.4942      0.973    26.7131    19.6531 -9.990e-29
 163.763461      0.983  33.441415    14.7075     6.4997      0.975    26.7173    19.6566 -9.990e-29
 163.763466      0.985  33.447359    14.7039     6.5158      0.977    26.7250    19.6633 -9.990e-29
 163.763472      0.986  33.476898    14.6972     6.5399      0.978    26.7557    19.6882 -9.990e-29
 163.763478      0.987  33.521858    14.6902     6.5627      0.979    26.8003    19.7239 -9.990e-29
 163.763484      0.988  33.541454    14.6869     6.5700      0.980    26.8199    19.7397 -9.990e-29
 163.763490      0.989  33.527132    14.6878     6.5719      0.981    26.8066    19.7293 -9.990e-29
 163.763495      0.990  33.502909    14.6911     6.5739      0.982    26.7829    19.7104 -9.990e-29
 163.763501      0.991  33.476247    14.6970     6.5604      0.983    26.7553    19.6879 -9.990e-29
 163.763507      0.991  33.440720    14.7047     6.5387      0.983    26.7186    19.6582 -9.990e-29
 163.763513      0.992  33.413344    14.7106     6.5373      0.984    26.6904    19.6353 -9.990e-29
 163.763519      0.993  33.410249    14.7140     6.5467      0.985    26.6853    19.6307 -9.990e-29
 163.763524      0.994  33.412216    14.7165     6.5617      0.986    26.6853    19.6302 -9.990e-29
 163.763530      0.996  33.405655    14.7174     6.5655      0.988    26.6789    19.6251 -9.990e-29
 163.763536      0.997  33.395832    14.7149     6.5468      0.989    26.6719    19.6202 -9.990e-29
 163.763542      1.000  33.393175    14.7107     6.5303      0.992    26.6725    19.6215 -9.990e-29
 163.763547      1.002  33.403116    14.7081     6.5050      0.994    26.6830    19.6301 -9.990e-29
 163.763553      1.006  33.408702    14.7080     6.5124      0.998    26.6880    19.6340 -9.990e-29
 163.763559      1.010  33.404525    14.7086     6.5179      1.002    26.6839    19.6307 -9.990e-29
 163.763565      1.016  33.413580    14.7069     6.5359      1.008    26.6931    19.6381 -9.990e-29
 163.763571      1.024  33.441802    14.7025     6.5598      1.015    26.7211    19.6605 -9.990e-29
 163.763576      1.033  33.480384    14.6991     6.5484      1.024    26.7575    19.6892 -9.990e-29
 163.763582      1.042  33.503548    14.6998     6.5255      1.033    26.7775    19.7044 -9.990e-29
 163.763588      1.044  33.489021    14.7030     6.5171      1.035    26.7625    19.6922 -9.990e-29
 163.763594      1.047  33.463910    14.7059     6.5159      1.038    26.7383    19.6730 -9.990e-29
 163.763600      1.052  33.453521    14.7059     6.5235      1.043    26.7291    19.6660 -9.990e-29
 163.763605      1.058  33.464173    14.7026     6.5303      1.049    26.7408    19.6756 -9.990e-29
 163.763611      1.059  33.483222    14.7008     6.5191      1.050    26.7588    19.6899 -9.990e-29
 163.763617      1.056  33.478993    14.7038     6.5127      1.047    26.7530    19.6848 -9.990e-29
 163.763623      1.048  33.457061    14.7089     6.5192      1.039    26.7302    19.6662 -9.990e-29
 163.763628      1.041  33.440811    14.7114     6.5318      1.032    26.7141    19.6533 -9.990e-29
 163.763634      1.036  33.434344    14.7086     6.5246      1.027    26.7103    19.6510 -9.990e-29
 163.763640      1.034  33.454802    14.7020     6.5012      1.025    26.7329    19.6697 -9.990e-29
 163.763646      1.035  33.495900    14.6987     6.4711      1.026    26.7715    19.7000 -9.990e-29
 163.763652      1.038  33.513386    14.7017     6.4543      1.029    26.7849    19.7097 -9.990e-29
 163.763657      1.045  33.507642    14.7057     6.4486      1.036    26.7771    19.7029 -9.990e-29
 163.763663      1.051  33.504051    14.7041     6.4660      1.042    26.7750    19.7016 -9.990e-29
 163.763669      1.053  33.521914    14.6914     6.4866      1.044    26.7995    19.7231 -9.990e-29
 163.763675      1.054  33.577790    14.6694     6.4959      1.045    26.8641    19.7772 -9.990e-29
 163.763681      1.059  33.635375    14.6514     6.5153      1.050    26.9276    19.8296 -9.990e-29
 163.763686      1.069  33.646090    14.6469     6.5115      1.060    26.9402    19.8402 -9.990e-29
