data/oxygen options/ONMS/Olympic_Coast_National_Marine_Sanctuary_CTD_Data_2005_2023/raw_data/2018/CAST_MB042_180710faed.cnv
* Sea-Bird SBE19 Data File:
* FileName = C:\2018 Mooring Data\Casts\CAST_MB042_180710.hex
* Software Version 1.59
* Temperature SN = 2997
* Conductivity SN = 2997
* System UpLoad Time = Jul 10 2018 17:43:17
** CAST_MB042_180710
* ds
# nquan = 9                                 
# nvalues = 1117                        
# units = specified
# name 0 = timeJ: Julian Days
# name 1 = prSM: Pressure, Strain Gauge [db]
# name 2 = c0mS/cm: Conductivity [mS/cm]
# name 3 = t090C: Temperature [ITS-90, deg C]
# name 4 = sbeox0ML/L: Oxygen, SBE 43 [ml/l]
# name 5 = depSM: Depth [salt water, m], lat = 47.5
# name 6 = sal00: Salinity, Practical [PSU]
# name 7 = sigma-é00: Density [sigma-theta, kg/m^3]
# name 8 = flag: flag
# span 0 = 191.680035, 191.686493       
# span 1 =     -4.970,     43.233       
# span 2 =   0.077443,  37.562260       
# span 3 =     7.8306,    16.5516       
# span 4 =    -1.8262,    14.2837       
# span 5 =     -4.929,     42.868       
# span 6 =     0.0471,    33.8280       
# span 7 =    -1.0885,    26.3788       
# span 8 = 0.0000e+00, 0.0000e+00       
# interval = seconds: 0.5
# start_time = Jul 10 2018 16:19:15 [Instrument's time stamp, header]
# bad_flag = -9.990e-29
*END*
[from data line 961]
 191.685596     43.056  34.992300     7.8381     2.7199     42.692    33.8278    26.3776 -9.990e-29
 191.685602     42.938  34.992199     7.8387     2.7261     42.575    33.8272    26.3770 -9.990e-29
 191.685608     42.789  34.990217     7.8401     2.7197     42.427    33.8238    26.3741 0.0000e+00
 191.685613     42.603  34.987047     7.8415     2.7194     42.243    33.8191    26.3703 0.0000e+00
 191.685619     42.391  34.985912     7.8414     2.7303     42.033    33.8181    26.3695 0.0000e+00
 191.685625     42.169  34.986971     7.8396     2.7215     41.813    33.8211    26.3721 0.0000e+00
 191.685631     41.945  34.987913     7.8378     2.7238     41.591    33.8239    26.3746 0.0000e+00
 191.685637     41.720  34.987772     7.8366     2.7217     41.368    33.8250    26.3756 0.0000e+00
 191.685642     41.498  34.987129     7.8358     2.7105     41.148    33.8252    26.3759 0.0000e+00
 191.685648     41.274  34.986830     7.8359     2.7215     40.925    33.8249    26.3756 0.0000e+00
 191.685654     41.033  34.987056     7.8364     2.7237     40.686    33.8248    26.3755 0.0000e+00
 191.685660     40.773  34.987570     7.8370     2.7258     40.429    33.8249    26.3754 0.0000e+00
 191.685666     40.498  34.987960     7.8375     2.7282     40.156    33.8249    26.3754 0.0000e+00
 191.685671     40.209  34.988212     7.8375     2.7147     39.870    33.8254    26.3757 0.0000e+00
 191.685677     39.912  34.988122     7.8366     2.7210     39.575    33.8263    26.3766 0.0000e+00
 191.685683     39.619  34.987036     7.8350     2.7143     39.285    33.8268    26.3772 0.0000e+00
 191.685689     39.337  34.985207     7.8336     2.7230     39.005    33.8263    26.3771 0.0000e+00
 191.685694     39.069  34.983580     7.8330     2.7270     38.739    33.8253    26.3763 0.0000e+00
 191.685700     38.811  34.982811     7.8330     2.7158     38.483    33.8246    26.3758 0.0000e+00
 191.685706     38.555  34.983015     7.8332     2.7245     38.230    33.8247    26.3759 0.0000e+00
 191.685712     38.293  34.983366     7.8333     2.7130     37.970    33.8251    26.3762 0.0000e+00
 191.685718     38.027  34.983235     7.8333     2.7206     37.706    33.8251    26.3761 0.0000e+00
 191.685723     37.760  34.983032     7.8336     2.7250     37.441    33.8247    26.3758 0.0000e+00
 191.685729     37.488  34.983067     7.8343     2.7307     37.172    33.8242    26.3753 0.0000e+00
 191.685735     37.207  34.983410     7.8355     2.7431     36.893    33.8236    26.3746 0.0000e+00
 191.685741     36.920  34.983983     7.8380     2.7488     36.609    33.8219    26.3729 0.0000e+00
 191.685747     36.631  34.984451     7.8416     2.7749     36.322    33.8191    26.3701 0.0000e+00
 191.685752     36.339  34.984903     7.8449     2.7837     36.033    33.8165    26.3676 0.0000e+00
 191.685758     36.045  34.985403     7.8482     2.7962     35.741    33.8140    26.3652 0.0000e+00
 191.685764     35.754  34.986083     7.8540     2.8150     35.453    33.8092    26.3606 0.0000e+00
 191.685770     35.467  34.987874     7.8627     2.8139     35.168    33.8028    26.3543 0.0000e+00
 191.685775     35.192  34.992067     7.8723     2.8241     34.895    33.7982    26.3492 0.0000e+00
 191.685781     34.929  34.997557     7.8828     2.8123     34.635    33.7940    26.3444 0.0000e+00
 191.685787     34.670  35.001608     7.8939     2.8136     34.378    33.7878    26.3379 0.0000e+00
 191.685793     34.411  35.004603     7.9026     2.8261     34.121    33.7827    26.3326 0.0000e+00
 191.685799     34.153  35.007201     7.9070     2.8213     33.865    33.7813    26.3309 0.0000e+00
 191.685804     33.897  35.008411     7.9092     2.8427     33.611    33.7806    26.3300 0.0000e+00
 191.685810     33.638  35.008752     7.9125     2.8183     33.355    33.7779    26.3274 0.0000e+00
 191.685816     33.370  35.009820     7.9178     2.8216     33.089    33.7741    26.3236 0.0000e+00
 191.685822     33.087  35.011941     7.9237     2.8191     32.808    33.7708    26.3202 0.0000e+00
 191.685828     32.794  35.014049     7.9284     2.8185     32.518    33.7686    26.3178 0.0000e+00
 191.685833     32.498  35.015618     7.9316     2.8427     32.224    33.7673    26.3163 0.0000e+00
 191.685839     32.205  35.017083     7.9342     2.8292     31.934    33.7665    26.3153 0.0000e+00
 191.685845     31.918  35.018742     7.9369     2.8420     31.649    33.7659    26.3143 0.0000e+00
 191.685851     31.632  35.020031     7.9390     2.8287     31.366    33.7653    26.3136 0.0000e+00
 191.685856     31.341  35.020451     7.9406     2.8453     31.077    33.7644    26.3126 0.0000e+00
 191.685862     31.048  35.020586     7.9428     2.8433     30.787    33.7625    26.3109 0.0000e+00
 191.685868     30.756  35.021200     7.9454     2.8425     30.497    33.7608    26.3091 0.0000e+00
 191.685874     30.460  35.022015     7.9473     2.8510     30.204    33.7600    26.3082 0.0000e+00
 191.685880     30.157  35.022459     7.9483     2.8330     29.903    33.7597    26.3078 0.0000e+00
 191.685885     29.855  35.022590     7.9489     2.8496     29.604    33.7594    26.3075 0.0000e+00
 191.685891     29.555  35.022603     7.9493     2.8472     29.306    33.7591    26.3072 0.0000e+00
 191.685897     29.256  35.022540     7.9495     2.8529     29.010    33.7590    26.3071 0.0000e+00
 191.685903     28.954  35.022340     7.9501     2.8547     28.710    33.7584    26.3065 0.0000e+00
 191.685909     28.645  35.021759     7.9511     2.8541     28.404    33.7569    26.3052 0.0000e+00
 191.685914     28.326  35.021167     7.9526     2.8621     28.088    33.7550    26.3035 0.0000e+00
 191.685920     28.006  35.021477     7.9550     2.8684     27.770    33.7532    26.3017 0.0000e+00
 191.685926     27.691  35.022565     7.9581     2.8761     27.458    33.7515    26.2999 0.0000e+00
 191.685932     27.377  35.023666     7.9624     2.8698     27.147    33.7487    26.2970 0.0000e+00
 191.685937     27.062  35.024591     7.9676     2.8787     26.834    33.7448    26.2932 0.0000e+00
 191.685943     26.748  35.025477     7.9732     2.8838     26.523    33.7405    26.2890 0.0000e+00
 191.685949     26.439  35.026408     7.9799     2.8979     26.217    33.7351    26.2838 0.0000e+00
 191.685955     26.139  35.027531     7.9868     2.9139     25.919    33.7298    26.2786 0.0000e+00
 191.685961     25.844  35.028689     7.9936     2.9150     25.627    33.7247    26.2736 0.0000e+00
 191.685966     25.554  35.029769     8.0010     2.9417     25.339    33.7188    26.2679 0.0000e+00
 191.685972     25.262  35.031115     8.0101     2.9538     25.050    33.7116    26.2609 0.0000e+00
 191.685978     24.959  35.032865     8.0247     2.9979     24.749    33.6996    26.2493 0.0000e+00
 191.685984     24.643  35.035135     8.0460     3.0136     24.436    33.6816    26.2320 0.0000e+00
 191.685990     24.323  35.038176     8.0691     3.0287     24.119    33.6628    26.2138 0.0000e+00
 191.685995     24.005  35.042149     8.0888     3.0394     23.803    33.6483    26.1995 0.0000e+00
 191.686001     23.686  35.047340     8.1051     3.0392     23.487    33.6383    26.1893 0.0000e+00
 191.686007     23.366  35.053977     8.1202     3.0614     23.170    33.6310    26.1813 0.0000e+00
 191.686013     23.051  35.061416     8.1347     3.0536     22.857    33.6252    26.1746 0.0000e+00
 191.686019     22.743  35.067841     8.1475     3.0777     22.552    33.6199    26.1685 0.0000e+00
 191.686024     22.435  35.072325     8.1591     3.0830     22.247    33.6137    26.1619 0.0000e+00
 191.686030     22.124  35.075830     8.1723     3.1098     21.938    33.6049    26.1531 0.0000e+00
 191.686036     21.817  35.079694     8.1891     3.1308     21.634    33.5931    26.1413 0.0000e+00
 191.686042     21.514  35.085175     8.2084     3.1532     21.333    33.5806    26.1286 0.0000e+00
 191.686047     21.215  35.092327     8.2281     3.1612     21.037    33.5695    26.1169 0.0000e+00
 191.686053     20.917  35.100070     8.2454     3.1620     20.741    33.5613    26.1079 0.0000e+00
 191.686059     20.618  35.107554     8.2589     3.1686     20.445    33.5565    26.1021 0.0000e+00
 191.686065     20.317  35.114706     8.2702     3.1646     20.146    33.5535    26.0980 0.0000e+00
 191.686071     20.011  35.121006     8.2798     3.1784     19.843    33.5511    26.0948 0.0000e+00
 191.686076     19.703  35.124801     8.2866     3.1643     19.538    33.5488    26.0919 0.0000e+00
 191.686082     19.398  35.127254     8.2904     3.1789     19.235    33.5479    26.0906 0.0000e+00
 191.686088     19.099  35.130543     8.2929     3.1699     18.939    33.5492    26.0912 0.0000e+00
 191.686094     18.804  35.134038     8.2954     3.1885     18.646    33.5506    26.0920 0.0000e+00
 191.686100     18.510  35.136821     8.2991     3.2126     18.355    33.5502    26.0911 0.0000e+00
 191.686105     18.217  35.139267     8.3062     3.2259     18.064    33.5461    26.0869 0.0000e+00
 191.686111     17.918  35.141860     8.3170     3.2478     17.768    33.5387    26.0794 0.0000e+00
 191.686117     17.608  35.144720     8.3284     3.2631     17.460    33.5310    26.0717 0.0000e+00
 191.686123     17.293  35.148882     8.3397     3.3028     17.148    33.5248    26.0651 0.0000e+00
 191.686128     16.982  35.155443     8.3547     3.3213     16.840    33.5176    26.0572 0.0000e+00
 191.686134     16.678  35.163658     8.3768     3.3480     16.538    33.5054    26.0442 0.0000e+00
 191.686140     16.377  35.172744     8.4043     3.3531     16.240    33.4890    26.0272 0.0000e+00
 191.686146     16.078  35.183080     8.4309     3.3675     15.943    33.4748    26.0120 0.0000e+00
 191.686152     15.779  35.193915     8.4529     3.3597     15.647    33.4654    26.0014 0.0000e+00
 191.686157     15.478  35.203483     8.4708     3.3567     15.348    33.4587    25.9934 0.0000e+00
 191.686163     15.174  35.210008     8.4851     3.3699     15.047    33.4521    25.9861 0.0000e+00
 191.686169     14.867  35.214378     8.4948     3.3768     14.742    33.4477    25.9811 0.0000e+00
 191.686175     14.565  35.219084     8.4999     3.3939     14.443    33.4480    25.9805 0.0000e+00
 191.686181     14.270  35.223709     8.5039     3.4081     14.150    33.4492    25.9809 0.0000e+00
 191.686186     13.980  35.227163     8.5101     3.4369     13.863    33.4471    25.9783 0.0000e+00
 191.686192     13.689  35.229595     8.5218     3.4780     13.574    33.4387    25.9699 0.0000e+00
 191.686198     13.392  35.232031     8.5430     3.5331     13.280    33.4213    25.9531 0.0000e+00
 191.686204     13.091  35.236623     8.5724     3.5874     12.981    33.3985    25.9307 0.0000e+00
 191.686209     12.788  35.246717     8.6065     3.6655     12.681    33.3770    25.9086 0.0000e+00
 191.686215     12.482  35.262918     8.6463     3.7668     12.377    33.3566    25.8865 0.0000e+00
 191.686221     12.171  35.281657     8.6938     3.8895     12.069    33.3316    25.8596 0.0000e+00
 191.686227     11.855  35.298268     8.7492     4.0219     11.756    33.2970    25.8240 0.0000e+00
 191.686233     11.540  35.313648     8.8165     4.1549     11.443    33.2500    25.7768 0.0000e+00
 191.686238     11.228  35.335454     8.9077     4.2611     11.134    33.1875    25.7137 0.0000e+00
 191.686244     10.916  35.372071     9.0323     4.3679     10.825    33.1096    25.6331 0.0000e+00
 191.686250     10.601  35.421394     9.1715     4.4599     10.512    33.0316    25.5502 0.0000e+00
 191.686256     10.285  35.465781     9.2955     4.5419     10.199    32.9630    25.4768 0.0000e+00
 191.686262      9.973  35.499497     9.3981     4.5960      9.890    32.9034    25.4138 0.0000e+00
 191.686267      9.667  35.532826     9.4869     4.6360      9.586    32.8563    25.3627 0.0000e+00
 191.686273      9.364  35.571048     9.5632     4.6565      9.286    32.8257    25.3265 0.0000e+00
 191.686279      9.063  35.616442     9.6287     4.6808      8.987    32.8125    25.3055 0.0000e+00
 191.686285      8.757  35.660685     9.6860     4.7131      8.684    32.8056    25.2907 0.0000e+00
 191.686291      8.444  35.692799     9.7318     4.7225      8.373    32.7967    25.2763 0.0000e+00
 191.686296      8.134  35.720355     9.7659     4.7287      8.066    32.7939    25.2685 0.0000e+00
 191.686302      7.829  35.749884     9.7955     4.7255      7.764    32.7972    25.2662 0.0000e+00
 191.686308      7.521  35.775427     9.8243     4.7393      7.458    32.7972    25.2615 0.0000e+00
 191.686314      7.213  35.793355     9.8512     4.7630      7.153    32.7911    25.2523 0.0000e+00
 191.686319      6.907  35.807427     9.8751     4.8053      6.849    32.7838    25.2426 0.0000e+00
 191.686325      6.601  35.824471     9.8948     4.8439      6.546    32.7834    25.2390 0.0000e+00
 191.686331      6.291  35.845381     9.9101     4.8939      6.238    32.7909    25.2423 0.0000e+00
 191.686337      5.980  35.865935     9.9294     4.9498      5.930    32.7943    25.2419 0.0000e+00
 191.686343      5.670  35.887221     9.9624     4.9951      5.623    32.7861    25.2300 0.0000e+00
 191.686348      5.357  35.910180    10.0079     5.0425      5.312    32.7683    25.2085 0.0000e+00
 191.686354      5.044  35.933502    10.0579     5.1063      5.002    32.7467    25.1833 0.0000e+00
 191.686360      4.732  35.963651    10.1055     5.1725      4.692    32.7343    25.1656 0.0000e+00
 191.686366      4.422  36.003868    10.1505     5.2812      4.385    32.7344    25.1582 0.0000e+00
 191.686372      4.120  36.044498    10.1982     5.3826      4.086    32.7325    25.1486 0.0000e+00
 191.686377      3.829  36.079236    10.2513     5.5163      3.797    32.7197    25.1297 0.0000e+00
 191.686383      3.547  36.113525    10.3071     5.6623      3.517    32.7041    25.1081 0.0000e+00
 191.686389      3.274  36.152765    10.3698     5.7980      3.247    32.6872    25.0843 0.0000e+00
 191.686395      3.008  36.197199    10.4519     5.8756      2.983    32.6582    25.0477 0.0000e+00
 191.686400      2.751  36.248393    10.5550     5.8677      2.728    32.6172    24.9980 0.0000e+00
 191.686406      2.504  36.313006    10.6602     5.7931      2.483    32.5878    24.9570 0.0000e+00
 191.686412      2.267  36.389268    10.7417     5.6761      2.248    32.5912    24.9455 0.0000e+00
 191.686418      2.042  36.463498    10.8010     6.5453      2.025    32.6123    24.9516 0.0000e+00
 191.686424      1.833  36.528271    10.8551     6.5424      1.818    32.6286    24.9548 0.0000e+00
 191.686429      1.643  36.575304    10.8961     6.5298      1.629    32.6389    24.9556 0.0000e+00
 191.686435      1.478  36.594502    10.9126     6.4975      1.466    32.6433    24.9562 0.0000e+00
 191.686441      1.336  36.579547    10.9192 -9.990e-29      1.325    32.6226    24.9389 0.0000e+00
 191.686447      1.211  36.528431    10.9385 -9.990e-29      1.201    32.5548    24.8828 -9.990e-29
 191.686453      1.108  36.424531    10.9731 -9.990e-29      1.099    32.4213    24.7728 -9.990e-29
 191.686458      1.031  36.167401    11.0119 -9.990e-29      1.022    32.1330    24.5417 -9.990e-29
 191.686464      0.973  35.447812    11.0463 -9.990e-29      0.965    31.3941    23.9609 -9.990e-29
 191.686470      0.931  33.348888    11.0741 -9.990e-29      0.923    29.3169    22.3417 -9.990e-29
 191.686476      0.902  27.115760    11.0955 -9.990e-29      0.894    23.3189    17.6833 -9.990e-29
 191.686481      0.885  17.498791    11.1089 -9.990e-29      0.878    14.4404    10.8046 -9.990e-29
 191.686487      0.879  10.488177    11.1132 -9.990e-29      0.872     8.2940     6.0452 -9.990e-29
 191.686493      0.878   7.626507 -9.990e-29 -9.990e-29      0.871 -9.990e-29 -9.990e-29 -9.990e-29
