data/oxygen options/ONMS/Olympic_Coast_National_Marine_Sanctuary_CTD_Data_2005_2023/raw_data/2011/CAST_CE042_082411faedb.cnv
* Sea-Bird SBE19 Data File:
* FileName = C:\Documents and Settings\OCNMS\Desktop\2011 mooring data\3rd service\CAST_CE042_082411.hex
* Software Version 1.24
* Temperature SN = 2997
* Conductivity SN = 2997
* System UpLoad Time = Aug 24 2011 13:00:18
** CO_CE042_072811_001
* SEACAT PROFILER V3.1c SN 2997   08/24/11  12:58:51.932
# nquan = 9
# nvalues = 43                          
# units = specified
# name 0 = timeJ: Julian Days
# name 1 = prSM: Pressure, Strain Gauge [db]
# name 2 = c0mS/cm: Conductivity [mS/cm]
# name 3 = t090C: Temperature [ITS-90, deg C]
# name 4 = sbeox0ML/L: Oxygen, SBE 43 [ml/l]
# name 5 = depSM: Depth [salt water, m], lat = 47.5
# name 6 = sal00: Salinity, Practical [PSU]
# name 7 = sigma-é00: Density [sigma-theta, kg/m^3]
# name 8 = flag: flag
# span 0 = 236.474699, 236.475580       
# span 1 =      1.000,     43.000       
# span 2 =  34.405158,  37.756859       
# span 3 =     7.4837,    11.9918       
# span 4 =     1.1336,    10.4498       
# span 5 =      0.992,     42.637       
# span 6 =    32.8268,    33.6974       
# span 7 =    24.9034,    26.3260       
# span 8 = 0.0000e+00, 0.0000e+00       
# interval = decibars: 1                
# start_time = Aug 24 2011 11:19:34 [Instrument's time stamp, header]
# bad_flag = -9.990e-29
*END*
 236.474699      1.000  37.756859    11.9918    10.4498      0.992    32.8268    24.9034 0.0000e+00
 236.474724      2.000  37.269821    11.4167     8.4390      1.983    32.8607    25.0351 0.0000e+00
 236.474745      3.000  36.641643    10.6109     6.5995      2.975    32.9601    25.2552 0.0000e+00
 236.474764      4.000  35.993701     9.8907     6.0285      3.967    32.9605    25.3780 0.0000e+00
 236.474784      5.000  35.723426     9.5967     6.0535      4.958    32.9532    25.4206 0.0000e+00
 236.474807      6.000  35.644073     9.4918     5.9524      5.950    32.9677    25.4489 0.0000e+00
 236.474830      7.000  35.555176     9.3784     5.7278      6.941    32.9803    25.4770 0.0000e+00
 236.474851      8.000  35.475461     9.2810     5.5818      7.933    32.9875    25.4982 0.0000e+00
 236.474872      9.000  35.412887     9.2046     5.4636      8.925    32.9929    25.5147 0.0000e+00
 236.474895     10.000  35.369879     9.1378     5.2202      9.916    33.0097    25.5384 0.0000e+00
 236.474915     11.000  35.298264     9.0423     4.9030     10.908    33.0235    25.5642 0.0000e+00
 236.474934     12.000  35.245709     8.9729     4.8279     11.900    33.0329    25.5824 0.0000e+00
 236.474956     13.000  35.203567     8.9246     4.6892     12.891    33.0334    25.5904 0.0000e+00
 236.474978     14.000  35.162824     8.8384     4.4575     13.883    33.0707    25.6330 0.0000e+00
 236.474998     15.000  35.074595     8.7159     4.0458     14.874    33.0923    25.6688 0.0000e+00
 236.475017     16.000  34.959200     8.5208     3.7404     15.866    33.1535    25.7465 0.0000e+00
 236.475037     17.000  34.759645     8.2722     3.5774     16.857    33.1764    25.8019 0.0000e+00
 236.475058     18.000  34.661854     8.1351     3.5243     17.849    33.2017    25.8422 0.0000e+00
 236.475078     19.000  34.560879     7.9685     3.6929     18.841    33.2518    25.9059 0.0000e+00
 236.475096     20.000  34.486472     7.8128     3.8533     19.832    33.3201    25.9821 0.0000e+00
 236.475114     21.000  34.421237     7.6741     3.8533     20.824    33.3823    26.0509 0.0000e+00
 236.475131     22.000  34.405158     7.6317     3.8643     21.815    33.4052    26.0750 0.0000e+00
 236.475149     23.000  34.409258     7.6227     3.7495     22.807    33.4178    26.0862 0.0000e+00
 236.475170     24.000  34.440667     7.6171     3.5823     23.798    33.4565    26.1175 0.0000e+00
 236.475189     25.000  34.474897     7.6036     3.5489     24.790    33.5060    26.1583 0.0000e+00
 236.475210     26.000  34.478482     7.6019     3.3228     25.781    33.5110    26.1624 0.0000e+00
 236.475230     27.000  34.481364     7.5824     2.5654     26.773    33.5325    26.1821 0.0000e+00
 236.475249     28.000  34.490929     7.5407     2.0546     27.764    33.5827    26.2275 0.0000e+00
 236.475272     29.000  34.512314     7.5228     1.8162     28.756    33.6226    26.2615 0.0000e+00
 236.475296     30.000  34.521065     7.5117     1.6098     29.748    33.6424    26.2786 0.0000e+00
 236.475319     31.000  34.531298     7.5051     1.4155     30.739    33.6594    26.2929 0.0000e+00
 236.475340     32.000  34.536887     7.4943     1.2655     31.730    33.6754    26.3071 0.0000e+00
 236.475360     33.000  34.543849     7.4881     1.2406     32.722    33.6885    26.3183 0.0000e+00
 236.475381     34.000  34.546829     7.4871     1.2008     33.714    33.6922    26.3214 0.0000e+00
 236.475403     35.000  34.547406     7.4878     1.1996     34.705    33.6916    26.3208 0.0000e+00
 236.475426     36.000  34.549790     7.4893     1.2011     35.697    33.6923    26.3212 0.0000e+00
 236.475449     37.000  34.549611     7.4874     1.1917     36.688    33.6935    26.3223 0.0000e+00
 236.475470     38.000  34.549189     7.4863     1.1991     37.679    33.6936    26.3227 0.0000e+00
 236.475489     39.000  34.549470     7.4852     1.1697     38.671    33.6945    26.3235 0.0000e+00
 236.475510     40.000  34.551284     7.4864     1.1719     39.662    33.6949    26.3236 0.0000e+00
 236.475534     41.000  34.551612     7.4861     1.1687     40.654    33.6950    26.3238 0.0000e+00
 236.475556     42.000  34.551335     7.4841     1.1336     41.645    33.6962    26.3250 0.0000e+00
 236.475580     43.000  34.552507     7.4837     1.1421     42.637    33.6974    26.3260 0.0000e+00
