data/oxygen options/ONMS/Olympic_Coast_National_Marine_Sanctuary_CTD_Data_2005_2023/raw_data/2011/CAST_CE015_060911faed.cnv
* Sea-Bird SBE19 Data File:
* FileName = C:\Documents and Settings\OCNMS\Desktop\2011 mooring data\first service\CAST_CE015_060911.hex
* Software Version 1.24
* Temperature SN = 2997
* Conductivity SN = 2997
* System UpLoad Time = Jun 09 2011 18:35:43
** CAST_CE015_060911
* SEACAT PROFILER V3.1c SN 2997   06/09/11  18:35:04.411
# nquan = 9                                 
# nvalues = 558                         
# units = specified
# name 0 = timeJ: Julian Days
# name 1 = prSM: Pressure, Strain Gauge [db]
# name 2 = c0mS/cm: Conductivity [mS/cm]
# name 3 = t090C: Temperature [ITS-90, deg C]
# name 4 = sbeox0ML/L: Oxygen, SBE 43 [ml/l]
# name 5 = depSM: Depth [salt water, m], lat = 47.5
# name 6 = sal00: Salinity, Practical [PSU]
# name 7 = sigma-é00: Density [sigma-theta, kg/m^3]
# name 8 = flag: flag
# span 0 = 160.447500, 160.450723       
# span 1 =     -5.660,     14.107       
# span 2 =   0.190063,  35.078455       
# span 3 =    10.8014,    14.2782       
# span 4 =    -2.0300,    16.9480       
# span 5 =     -5.613,     13.989       
# span 6 =     0.1150,    31.2335       
# span 7 =    -0.7038,    23.8786       
# span 8 = 0.0000e+00, 0.0000e+00       
# interval = seconds: 0.5
# start_time = Jun 09 2011 10:44:24 [Instrument's time stamp, header]
# bad_flag = -9.990e-29
*END*
[from data line 481]
 160.450284      5.366  33.347965    12.6198     6.4717      5.321    28.1231    21.1429 -9.990e-29
 160.450289      5.262  33.315036    12.6407     6.5002      5.218    28.0768    21.1033 -9.990e-29
 160.450295      5.159  33.272264    12.6615     6.5095      5.116    28.0215    21.0567 -9.990e-29
 160.450301      5.053  33.238768    12.6809     6.4980      5.011    27.9759    21.0179 -9.990e-29
 160.450307      4.949  33.214872    12.6991     6.4821      4.908    27.9402    20.9869 -9.990e-29
 160.450313      4.853  33.190005    12.7187     6.4830      4.812    27.9026    20.9542 -9.990e-29
 160.450318      4.764  33.172071    12.7396     6.4857      4.724    27.8706    20.9256 -9.990e-29
 160.450324      4.675  33.164586    12.7568     6.4996      4.636    27.8510    20.9073 -9.990e-29
 160.450330      4.582  33.164476    12.7706     6.5157      4.544    27.8407    20.8968 -9.990e-29
 160.450336      4.482  33.172715    12.7792     6.5284      4.445    27.8421    20.8963 -9.990e-29
 160.450341      4.378  33.191336    12.7815     6.5329      4.341    27.8577    20.9079 -9.990e-29
 160.450347      4.271  33.203184    12.7871     6.5374      4.235    27.8646    20.9123 -9.990e-29
 160.450353      4.164  33.189348    12.8014     6.5357      4.129    27.8413    20.8916 -9.990e-29
 160.450359      4.059  33.168887    12.8201     6.5535      4.025    27.8086    20.8628 -9.990e-29
 160.450365      3.956  33.167705    12.8370     6.5860      3.923    27.7951    20.8493 -9.990e-29
 160.450370      3.855  33.170232    12.8529     6.6191      3.823    27.7858    20.8392 -9.990e-29
 160.450376      3.748  33.159688    12.8714     6.6516      3.717    27.7625    20.8177 -9.990e-29
 160.450382      3.632  33.147207    12.8893     6.6594      3.602    27.7379    20.7954 -9.990e-29
 160.450388      3.515  33.138545    12.9073     6.6722      3.486    27.7168    20.7757 -9.990e-29
 160.450394      3.400  33.122716    12.9418     6.7044      3.372    27.6769    20.7385 -9.990e-29
 160.450399      3.285  33.082535    13.0031     6.6938      3.258    27.5952    20.6640 -9.990e-29
 160.450405      3.171  33.023207    13.0723     6.6959      3.145    27.4904    20.5701 -9.990e-29
 160.450411      3.067  32.973116    13.1294     6.6781      3.041    27.4031    20.4920 -9.990e-29
 160.450417      2.977  32.940497    13.1796     6.6631      2.952    27.3370    20.4316 -9.990e-29
 160.450422      2.894  32.886909    13.2466     6.6481      2.870    27.2399    20.3440 -9.990e-29
 160.450428      2.813  32.762742    13.3616     6.6299      2.790    27.0445    20.1715 -9.990e-29
 160.450434      2.729  32.539030    13.5188     6.6196      2.706    26.7302    19.8993 -9.990e-29
 160.450440      2.641  32.266784    13.6594     6.6328      2.619    26.3861    19.6073 -9.990e-29
 160.450446      2.555  32.073359    13.7452     6.6426      2.534    26.1528    19.4112 -9.990e-29
 160.450451      2.484  31.957238    13.7880     6.6447      2.463    26.0193    19.3001 -9.990e-29
 160.450457      2.432  31.843094    13.8096     6.6435      2.412    25.9021    19.2057 -9.990e-29
 160.450463      2.386  31.765123    13.8278     6.6270      2.366    25.8198    19.1388 -9.990e-29
 160.450469      2.332  31.737461    13.8520     6.6136      2.313    25.7788    19.1026 -9.990e-29
 160.450475      2.265  31.714831    13.8770     6.6104      2.246    25.7417    19.0693 -9.990e-29
 160.450480      2.194  31.686648    13.8966     6.6140      2.176    25.7034    19.0360 -9.990e-29
 160.450486      2.132  31.650602    13.9124     6.6133      2.114    25.6606    19.0000 -9.990e-29
 160.450492      2.088  31.615722    13.9259     6.6330      2.071    25.6204    18.9665 -9.990e-29
 160.450498      2.059  31.596508    13.9341     6.6346      2.042    25.5978    18.9475 -9.990e-29
 160.450503      2.035  31.580774    13.9347     6.6284      2.018    25.5833    18.9362 -9.990e-29
 160.450509      2.009  31.568809    13.9308     6.6257      1.992    25.5752    18.9307 -9.990e-29
 160.450515      1.980  31.559214    13.9269     6.6185      1.963    25.5692    18.9268 -9.990e-29
 160.450521      1.946  31.542553    13.9246     6.6141      1.930    25.5558    18.9170 -9.990e-29
 160.450527      1.906  31.528511    13.9240     6.6159      1.890    25.5437    18.9077 -9.990e-29
 160.450532      1.856  31.524109    13.9230     6.6395      1.841    25.5404    18.9054 -9.990e-29
 160.450538      1.793  31.517881    13.9198     6.6361      1.778    25.5370    18.9034 -9.990e-29
 160.450544      1.717  31.499283    13.9180     6.6567      1.703    25.5216    18.8919 -9.990e-29
 160.450550      1.634  31.477657    13.9218     6.6513      1.620    25.4997    18.8743 -9.990e-29
 160.450556      1.544  31.464462    13.9280     6.6543      1.531    25.4838    18.8609 -9.990e-29
 160.450561      1.453  31.456658    13.9315     6.6586      1.441    25.4746    18.8531 -9.990e-29
 160.450567      1.357  31.445518    13.9292     6.6663      1.346    25.4662    18.8471 -9.990e-29
 160.450573      1.251  31.423468    13.9177     6.6820      1.241    25.4541    18.8399 -9.990e-29
 160.450579      1.132  31.371182    13.8888     6.6754      1.123    25.4264    18.8242 -9.990e-29
 160.450584      1.007  31.238533    13.8361     6.6749      0.999    25.3424    18.7695 -9.990e-29
 160.450590      0.883  30.937638    13.7687     6.6494      0.876    25.1171    18.6088 -9.990e-29
 160.450596      0.770  30.514978    13.7021     6.6335      0.764    24.7816    18.3630 -9.990e-29
 160.450602      0.670  30.143410    13.6465     6.6417      0.664    24.4844    18.1445 -9.990e-29
 160.450608      0.572  29.911106    13.6022     6.6387      0.567    24.3045    18.0141 -9.990e-29
 160.450613      0.466  29.807095    13.5656     6.6040      0.462    24.2345    17.9670 -9.990e-29
 160.450619      0.352  29.741365    13.5407     6.5152      0.349    24.1913    17.9383 -9.990e-29
 160.450625      0.246  29.662637    13.5268     6.3974      0.244    24.1295    17.8933 -9.990e-29
 160.450631      0.158  29.555455    13.5182     6.3053      0.157    24.0388    17.8250 -9.990e-29
 160.450637      0.087  29.457055    13.5151     7.0539      0.086    23.9526    17.7592 -9.990e-29
 160.450642      0.027  29.458337    13.5216     7.1542      0.027    23.9497    17.7557 -9.990e-29
 160.450648     -0.029  29.528004    13.5365     7.2568     -0.029    24.0028    17.7939 -9.990e-29
 160.450654     -0.089  29.599501    13.5473     7.3265     -0.088    24.0601    17.8361 -9.990e-29
 160.450660     -0.148  29.641720    13.5447     7.3525     -0.147    24.0996    17.8670 -9.990e-29
 160.450666     -0.197  29.619762    13.5332     7.3433     -0.195    24.0872    17.8595 -9.990e-29
 160.450671     -0.235  29.520579    13.5211 -9.990e-29     -0.233    24.0059    17.7991 -9.990e-29
 160.450677     -0.264  29.298083    13.5105 -9.990e-29     -0.262    23.8132    17.6526 -9.990e-29
 160.450683     -0.287  28.715475    13.4987 -9.990e-29     -0.285    23.2993    17.2589 -9.990e-29
 160.450689     -0.305  26.998740    13.4857 -9.990e-29     -0.302    21.7790    16.0905 -9.990e-29
 160.450694     -0.318  21.827007    13.4746 -9.990e-29     -0.315    17.2566    12.6126 -9.990e-29
 160.450700     -0.328  13.743581    13.4650 -9.990e-29     -0.325    10.4361     7.3697 -9.990e-29
 160.450706     -0.335   7.583962    13.4548 -9.990e-29     -0.332     5.4996     3.5723 -9.990e-29
 160.450712     -0.339   4.641533    13.4446 -9.990e-29     -0.336     3.2543     1.8423 -9.990e-29
 160.450718     -0.342   3.203580    13.4397 -9.990e-29     -0.339     2.1948     1.0243 -9.990e-29
 160.450723     -0.343   2.566967 -9.990e-29 -9.990e-29     -0.340 -9.990e-29 -9.990e-29 -9.990e-29
