data/oxygen options/ONMS/Olympic_Coast_National_Marine_Sanctuary_CTD_Data_2005_2023/raw_data/2011/CAST_CA015_061011faed.cnv
* Sea-Bird SBE19 Data File:
* FileName = C:\Documents and Settings\OCNMS\Desktop\2011 mooring data\first service\CAST_CA015_061011.hex
* Software Version 1.24
* Temperature SN = 2997
* Conductivity SN = 2997
* System UpLoad Time = Jun 10 2011 14:04:23
** CAST_CA015_061011
* SEACAT PROFILER V3.1c SN 2997   06/10/11  14:03:38.968
# nquan = 9                                 
# nvalues = 495                         
# units = specified
# name 0 = timeJ: Julian Days
# name 1 = prSM: Pressure, Strain Gauge [db]
# name 2 = c0mS/cm: Conductivity [mS/cm]
# name 3 = t090C: Temperature [ITS-90, deg C]
# name 4 = sbeox0ML/L: Oxygen, SBE 43 [ml/l]
# name 5 = depSM: Depth [salt water, m], lat = 47.5
# name 6 = sal00: Salinity, Practical [PSU]
# name 7 = sigma-é00: Density [sigma-theta, kg/m^3]
# name 8 = flag: flag
# span 0 = 161.511076, 161.513935       
# span 1 =     -5.713,     14.425       
# span 2 =   0.182549,  35.592867       
# span 3 =     8.5709,    14.4861       
# span 4 =    -2.0291,    16.4717       
# span 5 =     -5.665,     14.304       
# span 6 =     0.1104,    32.5338       
# span 7 =    -0.7288,    25.2534       
# span 8 = 0.0000e+00, 0.0000e+00       
# interval = seconds: 0.5
# start_time = Jun 10 2011 12:15:57 [Instrument's time stamp, header]
# bad_flag = -9.990e-29
*END*
 161.511076     -5.713 -9.990e-29    14.4817    -2.0213     -5.665 -9.990e-29 -9.990e-29 -9.990e-29
 161.511082     -5.699   0.200121    14.4825    -2.0211     -5.652     0.1206    -0.7288 -9.990e-29
 161.511088     -5.681   0.200592    14.4830    -2.0209     -5.634     0.1208    -0.7287 -9.990e-29
 161.511094     -5.657   0.201451    14.4844    -2.0207     -5.610     0.1213    -0.7285 -9.990e-29
 161.511100     -5.627   0.202184    14.4861    -2.0205     -5.580     0.1218    -0.7284 -9.990e-29
 161.511105     -5.593   0.202291    14.4859    -2.0207     -5.546     0.1219    -0.7283 -9.990e-29
 161.511111     -5.561   0.201916    14.4823    -2.0211     -5.515     0.1216    -0.7280 -9.990e-29
 161.511117     -5.533   0.201297    14.4762    -2.0213     -5.487     0.1213    -0.7274 -9.990e-29
 161.511123     -5.504   0.200717    14.4706    -2.0215     -5.458     0.1209    -0.7268 -9.990e-29
 161.511128     -5.466   0.200694    14.4684    -2.0215     -5.420     0.1209    -0.7265 -9.990e-29
 161.511134     -5.423   0.201198    14.4701    -2.0215     -5.378     0.1212    -0.7265 -9.990e-29
 161.511140     -5.375   0.201796    14.4741    -2.0219     -5.330     0.1216    -0.7268 -9.990e-29
 161.511146     -5.324   0.202179    14.4782    -2.0220     -5.280     0.1218    -0.7272 -9.990e-29
 161.511152     -5.276   0.201751    14.4801    -2.0221     -5.232     0.1215    -0.7277 -9.990e-29
 161.511157     -5.235   0.200494    14.4774    -2.0222     -5.191     0.1208    -0.7279 -9.990e-29
 161.511163     -5.203   0.199500    14.4715    -2.0227     -5.160     0.1202    -0.7275 -9.990e-29
 161.511169     -5.174   0.199661    14.4661    -2.0230     -5.131     0.1203    -0.7266 -9.990e-29
 161.511175     -5.142   0.201192    14.4627    -2.0235     -5.099     0.1212    -0.7254 -9.990e-29
 161.511181     -5.105   0.203366    14.4608    -2.0238     -5.062     0.1226    -0.7241 -9.990e-29
 161.511186     -5.064   0.204654    14.4580    -2.0240     -5.022     0.1234    -0.7231 -9.990e-29
 161.511192     -5.027   0.204560    14.4537    -2.0243     -4.985     0.1233    -0.7225 -9.990e-29
 161.511198     -4.993   0.204065    14.4494    -2.0243     -4.951     0.1230    -0.7221 -9.990e-29
 161.511204     -4.963   0.204171    14.4453    -2.0247     -4.922     0.1231    -0.7215 -9.990e-29
 161.511209     -4.933   0.205020    14.4403    -2.0250     -4.892     0.1236    -0.7203 -9.990e-29
 161.511215     -4.897   0.206086    14.4337    -2.0254     -4.856     0.1243    -0.7189 -9.990e-29
 161.511221     -4.854   0.206575    14.4256    -2.0254     -4.814     0.1246    -0.7174 -9.990e-29
 161.511227     -4.813   0.206032    14.4174    -2.0252     -4.773     0.1243    -0.7165 -9.990e-29
 161.511233     -4.780   0.204841    14.4102    -2.0253     -4.740     0.1236    -0.7160 -9.990e-29
 161.511238     -4.753   0.203629    14.4043    -2.0252     -4.713     0.1229    -0.7157 -9.990e-29
 161.511244     -4.730   0.202440    14.3995    -2.0251     -4.691     0.1222    -0.7156 -9.990e-29
 161.511250     -4.711   0.200797    14.3948    -2.0250     -4.672     0.1212    -0.7157 -9.990e-29
 161.511256     -4.693   0.198725    14.3889    -2.0251     -4.654     0.1200    -0.7158 -9.990e-29
 161.511262     -4.675   0.196783    14.3822    -2.0253     -4.636     0.1188    -0.7157 -9.990e-29
 161.511267     -4.657   0.195151    14.3769    -2.0255     -4.618     0.1178    -0.7157 -9.990e-29
 161.511273     -4.637   0.193869    14.3750    -2.0258     -4.598     0.1171    -0.7160 -9.990e-29
 161.511279     -4.615   0.192888    14.3757    -2.0260     -4.577     0.1165    -0.7166 -9.990e-29
 161.511285     -4.588   0.192008    14.3770    -2.0263     -4.550     0.1159    -0.7172 -9.990e-29
 161.511291     -4.559   0.191164    14.3788    -2.0267     -4.521     0.1154    -0.7178 -9.990e-29
 161.511296     -4.531   0.190338    14.3809    -2.0272     -4.493     0.1149    -0.7185 -9.990e-29
 161.511302     -4.501   0.189538    14.3818    -2.0275     -4.463     0.1144    -0.7190 -9.990e-29
 161.511308     -4.473   0.188804    14.3802    -2.0275     -4.436     0.1140    -0.7191 -9.990e-29
 161.511314     -4.449   0.188265    14.3764    -2.0272     -4.412     0.1137    -0.7188 -9.990e-29
 161.511319     -4.426   0.187757    14.3715    -2.0271     -4.389     0.1134    -0.7184 -9.990e-29
 161.511325     -4.405   0.187157    14.3659    -2.0272     -4.368     0.1130    -0.7178 -9.990e-29
 161.511331     -4.383   0.186771    14.3595    -2.0275     -4.346     0.1128    -0.7171 -9.990e-29
 161.511337     -4.359   0.186641    14.3521    -2.0278     -4.323     0.1128    -0.7161 -9.990e-29
 161.511343     -4.332   0.186593    14.3440    -2.0279     -4.296     0.1128    -0.7149 -9.990e-29
 161.511348     -4.300   0.186565    14.3366    -2.0278     -4.264     0.1128    -0.7138 -9.990e-29
 161.511354     -4.264   0.186518    14.3317    -2.0279     -4.228     0.1127    -0.7132 -9.990e-29
 161.511360     -4.232   0.186393    14.3307    -2.0280     -4.197     0.1127    -0.7131 -9.990e-29
 161.511366     -4.205   0.186023    14.3322    -2.0279     -4.170     0.1124    -0.7135 -9.990e-29
 161.511372     -4.182   0.185469    14.3331    -2.0284     -4.147     0.1121    -0.7139 -9.990e-29
 161.511377     -4.161   0.185099    14.3313    -2.0291     -4.126     0.1119    -0.7138 -9.990e-29
 161.511383     -4.142   0.184976    14.3273    -2.0289     -4.107     0.1118    -0.7132 -9.990e-29
 161.511389     -4.122   0.184935    14.3231    -2.0287     -4.088     0.1118    -0.7127 -9.990e-29
 161.511395     -4.101   0.184920    14.3205    -2.0286     -4.067     0.1118    -0.7123 -9.990e-29
 161.511400     -4.077   0.184915    14.3195    -2.0285     -4.043     0.1118    -0.7121 -9.990e-29
 161.511406     -4.049   0.184911    14.3186    -2.0283     -4.015     0.1118    -0.7120 -9.990e-29
 161.511412     -4.019   0.184905    14.3169    -2.0279     -3.985     0.1118    -0.7118 -9.990e-29
 161.511418     -3.994   0.184889    14.3130    -2.0272     -3.961     0.1118    -0.7112 -9.990e-29
 161.511424     -3.972   0.184844    14.3060    -2.0265     -3.939     0.1118    -0.7102 -9.990e-29
 161.511429     -3.947   0.184710    14.2997    -2.0264     -3.914     0.1117    -0.7094 -9.990e-29
 161.511435     -3.923   0.184308    14.2986    -2.0258     -3.890     0.1115    -0.7094 -9.990e-29
 161.511441     -3.902   0.183657    14.3011    -2.0261     -3.869     0.1111    -0.7101 -9.990e-29
 161.511447     -3.883   0.182995    14.3042    -2.0271     -3.851     0.1107    -0.7108 -9.990e-29
 161.511453     -3.864   0.182549    14.3071    -2.0277     -3.832     0.1104    -0.7114 -9.990e-29
 161.511458     -3.844   0.183385    14.3108    -2.0276     -3.812     0.1109    -0.7116 -9.990e-29
 161.511464     -3.823   0.188280    14.3162    -2.0278     -3.791     0.1138    -0.7101 -9.990e-29
 161.511470     -3.798   0.200991    14.3218    -2.0273     -3.766     0.1215    -0.7049 -9.990e-29
 161.511476     -3.769   0.224629    14.3239    -2.0270     -3.738     0.1359    -0.6941 -9.990e-29
 161.511481     -3.732   0.261922    14.3208    -1.7313     -3.701     0.1587    -0.6759 -9.990e-29
 161.511487     -3.691   0.312771    14.3133    -1.7142     -3.660     0.1900    -0.6505 -9.990e-29
 161.511493     -3.651   0.374108    14.3021    -1.7241     -3.621     0.2283    -0.6192 -9.990e-29
 161.511499     -3.614   0.435808    14.2897    -1.7253     -3.584     0.2670    -0.5873 -9.990e-29
 161.511505     -3.578   0.481025    14.2808    -1.7244     -3.548     0.2956    -0.5638 -9.990e-29
 161.511510     -3.540   0.518000    14.2757    -1.7235     -3.510     0.3191    -0.5449 -9.990e-29
 161.511516     -3.497   0.602679    14.2700    -1.7246     -3.468     0.3732    -0.5021 -9.990e-29
 161.511522     -3.448   0.867903    14.2550    -1.7262     -3.419     0.5452    -0.3666 -9.990e-29
 161.511528     -3.389   1.679485    14.2054    -1.7276     -3.361     1.0887     0.0613 -9.990e-29
 161.511534     -3.315   4.116766    14.0488    -1.7319     -3.287     2.8200     1.4208 -9.990e-29
 161.511539     -3.224  11.411736    13.7677    -1.7340     -3.197     8.4688     5.8101 -9.990e-29
 161.511545     -3.112  22.719762    13.4988    -1.7349     -3.086    18.0192    13.1949 -9.990e-29
 161.511551     -2.990  30.880373    13.3497    -1.7327     -2.965    25.3425    18.8609 -9.990e-29
 161.511557     -2.877  33.987653    13.2950    -1.7303     -2.853    28.2172    21.0891 -9.990e-29
 161.511563     -2.781  35.057646    13.2774    -1.7302     -2.758    29.2170    21.8645 -9.990e-29
 161.511568     -2.701  35.442527    13.2609    -1.7309     -2.678    29.5859    22.1526 -9.990e-29
 161.511574     -2.629  35.561970    13.2315    -1.7302     -2.607    29.7195    22.2615 -9.990e-29
 161.511580     -2.549  35.556773    13.1742    -1.7308     -2.528    29.7594    22.3034 -9.990e-29
 161.511586     -2.459  35.503466    13.0822    -1.7315     -2.438    29.7819    22.3384 -9.990e-29
 161.511591     -2.368  35.459787    12.9963    -1.7316     -2.348    29.8086    22.3755 -9.990e-29
 161.511597     -2.293  35.469988    12.9761    -1.7309     -2.274    29.8340    22.3990 -9.990e-29
 161.511603     -2.242  35.518549    13.0204    -1.7303     -2.223    29.8444    22.3986 -9.990e-29
 161.511609     -2.211  35.525179    13.0711    -1.7278     -2.193    29.8107    22.3629 -9.990e-29
 161.511615     -2.181  35.485296    13.0903    -1.7271     -2.163    29.7585    22.3188 -9.990e-29
 161.511620     -2.133  35.461114    13.0838    -1.7262     -2.115    29.7411    22.3066 -9.990e-29
 161.511626     -2.069  35.468025    13.0641    -1.7275     -2.052    29.7629    22.3273 -9.990e-29
 161.511632     -2.010  35.500705    13.0469    -1.7290     -1.993    29.8069    22.3645 -9.990e-29
 161.511638     -1.978  35.554026    13.0524    -1.7286     -1.962    29.8522    22.3985 -9.990e-29
 161.511644     -1.971  35.577576    13.0746    -1.7296     -1.955    29.8567    22.3977 -9.990e-29
 161.511649     -1.967  35.534450    13.0994    -1.7291     -1.951    29.7971    22.3469 -9.990e-29
 161.511655     -1.950  35.479729    13.1289    -1.7300     -1.934    29.7230    22.2840 -9.990e-29
 161.511661     -1.916  35.464797    13.1575    -1.7305     -1.900    29.6868    22.2505 -9.990e-29
 161.511667     -1.879  35.484888    13.1737    -1.7296     -1.863    29.6928    22.2520 -9.990e-29
 161.511672     -1.851  35.532093    13.1802    -1.7293     -1.836    29.7315    22.2807 -9.990e-29
 161.511678     -1.841  35.582579    13.1785    -1.7305     -1.826    29.7798    22.3183 -9.990e-29
 161.511684     -1.838  35.590564    13.1663    -1.7311     -1.823    29.7967    22.3338 -9.990e-29
 161.511690     -1.830  35.548797    13.1419    -1.7301     -1.815    29.7770    22.3232 -9.990e-29
 161.511696     -1.812  35.513048    13.1118    -1.7289     -1.797    29.7674    22.3215 -9.990e-29
 161.511701     -1.787  35.529748    13.0945    -1.7279     -1.772    29.7965    22.3474 -9.990e-29
 161.511707     -1.761  35.575820    13.0958    -1.7288     -1.746    29.8383    22.3795 -9.990e-29
 161.511713     -1.739  35.592867    13.1050    -1.7289     -1.724    29.8470    22.3844 -9.990e-29
 161.511719     -1.718  35.558837    13.1086    -1.7288     -1.704    29.8124    22.3570 -9.990e-29
 161.511725     -1.697  35.519655    13.0991    -1.7299     -1.683    29.7834    22.3364 -9.990e-29
 161.511730     -1.674  35.520541    13.0874    -1.7307     -1.660    29.7934    22.3464 -9.990e-29
 161.511736     -1.653  35.543097    13.0924    -1.7304     -1.639    29.8105    22.3586 -9.990e-29
 161.511742     -1.636  35.544618    13.1130    -1.7302     -1.622    29.7957    22.3432 -9.990e-29
 161.511748     -1.618  35.521548    13.1328    -1.7299     -1.605    29.7588    22.3109 -9.990e-29
 161.511753     -1.598  35.512025    13.1450    -1.7299     -1.585    29.7403    22.2943 -9.990e-29
 161.511759     -1.578  35.531377    13.1516    -1.7303     -1.565    29.7532    22.3029 -9.990e-29
 161.511765     -1.559  35.543831    13.1542    -1.7317     -1.546    29.7627    22.3098 -9.990e-29
 161.511771     -1.542  35.526255    13.1492    -1.7317     -1.529    29.7503    22.3011 -9.990e-29
 161.511777     -1.526  35.499474    13.1331    -1.7320     -1.513    29.7380    22.2947 -9.990e-29
 161.511782     -1.507  35.480440    13.1148    -1.7317     -1.494    29.7346    22.2956 -9.990e-29
 161.511788     -1.488  35.472351    13.1060    -1.7319     -1.476    29.7339    22.2968 -9.990e-29
 161.511794     -1.470  35.477880    13.1059    -1.7318     -1.458    29.7391    22.3009 -9.990e-29
 161.511800     -1.459  35.490973    13.1102    -1.7324     -1.447    29.7480    22.3069 -9.990e-29
 161.511806     -1.457  35.501657    13.1140    -1.7326     -1.445    29.7549    22.3115 -9.990e-29
 161.511811     -1.459  35.497302    13.1058    -1.7328     -1.447    29.7573    22.3149 -9.990e-29
 161.511817     -1.458  35.473781    13.0811    -1.7322     -1.446    29.7548    22.3177 -9.990e-29
 161.511823     -1.449  35.451806    13.0545    -1.7314     -1.437    29.7551    22.3231 -9.990e-29
 161.511829     -1.435  35.460309    13.0445    -1.7313     -1.423    29.7709    22.3372 -9.990e-29
 161.511834     -1.421  35.492138    13.0530    -1.7319     -1.409    29.7939    22.3533 -9.990e-29
 161.511840     -1.405  35.502363    13.0650    -1.7297     -1.393    29.7940    22.3511 -9.990e-29
 161.511846     -1.386  35.474930    13.0656    -1.7283     -1.374    29.7679    22.3309 -9.990e-29
 161.511852     -1.363  35.438778    13.0522    -1.7284     -1.352    29.7448    22.3155 -9.990e-29
 161.511858     -1.339  35.423540    13.0356    -1.7285     -1.328    29.7436    22.3178 -9.990e-29
 161.511863     -1.321  35.436894    13.0303    -1.7287     -1.310    29.7602    22.3316 -9.990e-29
 161.511869     -1.311  35.464157    13.0395    -1.7291     -1.300    29.7784    22.3439 -9.990e-29
 161.511875     -1.310  35.483432    13.0552    -1.7296     -1.299    29.7840    22.3453 -9.990e-29
 161.511881     -1.313  35.490175    13.0709    -1.7306     -1.302    29.7780    22.3376 -9.990e-29
 161.511887     -1.312  35.488332    13.0929    -1.7308     -1.301    29.7590    22.3187 -9.990e-29
 161.511892     -1.302  35.477127    13.1244    -1.7309     -1.291    29.7239    22.2856 -9.990e-29
 161.511898     -1.287  35.469053    13.1496    -1.7309     -1.276    29.6967    22.2597 -9.990e-29
 161.511904     -1.274  35.481342    13.1577    -1.7311     -1.263    29.7018    22.2621 -9.990e-29
 161.511910     -1.268  35.504622    13.1533    -1.7309     -1.257    29.7268    22.2823 -9.990e-29
 161.511916     -1.263  35.520654    13.1460    -1.7309     -1.252    29.7475    22.2996 -9.990e-29
 161.511921     -1.254  35.530651    13.1416    -1.7305     -1.244    29.7602    22.3103 -9.990e-29
 161.511927     -1.242  35.528897    13.1335    -1.7306     -1.232    29.7649    22.3155 -9.990e-29
 161.511933     -1.220  35.504086    13.1142    -1.7301     -1.210    29.7569    22.3130 -9.990e-29
 161.511939     -1.189  35.475210    13.0922    -1.7300     -1.179    29.7473    22.3098 -9.990e-29
 161.511944     -1.158  35.474879    13.0834    -1.7300     -1.148    29.7539    22.3166 -9.990e-29
 161.511950     -1.138  35.498722    13.0878    -1.7298     -1.129    29.7726    22.3302 -9.990e-29
 161.511956     -1.128  35.505161    13.0915    -1.7297     -1.119    29.7757    22.3319 -9.990e-29
 161.511962     -1.120  35.484295    13.0894    -1.7302     -1.111    29.7579    22.3185 -9.990e-29
 161.511968     -1.107  35.471019    13.0855    -1.7312     -1.098    29.7486    22.3121 -9.990e-29
 161.511973     -1.095  35.482349    13.0835    12.2279     -1.086    29.7607    22.3218 -9.990e-29
 161.511979     -1.085  35.504824    13.0864    16.2803     -1.076    29.7794    22.3357 -9.990e-29
 161.511985     -1.074  35.524727    13.0951    16.4717     -1.065    29.7911    22.3431 -9.990e-29
 161.511991     -1.061  35.535550    13.1035    13.1164     -1.052    29.7945    22.3442 -9.990e-29
 161.511997     -1.048  35.534360    13.1048     6.2306     -1.039    29.7924    22.3423 -9.990e-29
