data/oxygen options/ONMS/Olympic_Coast_National_Marine_Sanctuary_CTD_Data_2005_2023/raw_data/2011/CAST_KL015_071911faed.cnv
* Sea-Bird SBE19 Data File:
* FileName = F:\Cast_KL015_071911.hex
* Software Version 1.59
* Temperature SN = 2997
* Conductivity SN = 2997
* System UpLoad Time = Jul 20 2011 01:24:12
* ds
* SEACAT PROFILER V3.1c SN 2997   07/19/11  18:20:10.760
# nquan = 9                                 
# nvalues = 701                         
# units = specified
# name 0 = timeJ: Julian Days
# name 1 = prSM: Pressure, Strain Gauge [db]
# name 2 = c0mS/cm: Conductivity [mS/cm]
# name 3 = t090C: Temperature [ITS-90, deg C]
# name 4 = sbeox0ML/L: Oxygen, SBE 43 [ml/l]
# name 5 = depSM: Depth [salt water, m], lat = 47.5
# name 6 = sal00: Salinity, Practical [PSU]
# name 7 = sigma-é00: Density [sigma-theta, kg/m^3]
# name 8 = flag: flag
# span 0 = 200.649329, 200.653380       
# span 1 =     -6.106,     15.317       
# span 2 =   0.583674,  36.788414       
# span 3 =     8.4047,    16.6947       
# span 4 =   -14.6152,    19.2671       
# span 5 =     -6.055,     15.189       
# span 6 =     0.3410,    33.1569       
# span 7 =    -0.9020,    25.7628       
# span 8 = 0.0000e+00, 0.0000e+00       
# interval = seconds: 0.5
# start_time = Jul 19 2011 15:35:02 [Instrument's time stamp, header]
# bad_flag = -9.990e-29
*END*
[from data line 321]
 200.651186     14.892  34.836974     8.4111     3.2682     14.767    33.1282    25.7433 -9.990e-29
 200.651192     14.890  34.836006     8.4117     3.2641     14.765    33.1267    25.7420 -9.990e-29
 200.651198     14.894  34.835548     8.4131     3.2793     14.769    33.1249    25.7404 -9.990e-29
 200.651204     14.909  34.836105     8.4138     3.2749     14.784    33.1248    25.7402 -9.990e-29
 200.651209     14.936  34.836178     8.4140     3.2694     14.811    33.1247    25.7401 -9.990e-29
 200.651215     14.971  34.835302     8.4146     3.2721     14.846    33.1231    25.7388 -9.990e-29
 200.651221     15.005  34.835106     8.4158     3.2693     14.879    33.1218    25.7376 -9.990e-29
 200.651227     15.028  34.835883     8.4165     3.2750     14.902    33.1219    25.7376 -9.990e-29
 200.651233     15.035  34.836427     8.4157     3.2749     14.909    33.1233    25.7387 -9.990e-29
 200.651238     15.032  34.836340     8.4139     3.2751     14.906    33.1249    25.7403 -9.990e-29
 200.651244     15.027  34.835507     8.4120     3.2747     14.901    33.1258    25.7412 -9.990e-29
 200.651250     15.024  34.833932     8.4109     3.2651     14.898    33.1252    25.7409 -9.990e-29
 200.651256     15.019  34.832872     8.4105     3.2720     14.893    33.1244    25.7404 -9.990e-29
 200.651262     15.002  34.833151     8.4102     3.2651     14.876    33.1250    25.7409 -9.990e-29
 200.651267     14.973  34.834016     8.4097     3.2748     14.847    33.1264    25.7421 -9.990e-29
 200.651273     14.943  34.834378     8.4090     3.2612     14.818    33.1275    25.7430 -9.990e-29
 200.651279     14.926  34.833600     8.4086     3.2721     14.801    33.1270    25.7427 -9.990e-29
 200.651285     14.931  34.832321     8.4089     3.2608     14.806    33.1254    25.7414 -9.990e-29
 200.651291     14.949  34.831634     8.4098     3.2647     14.824    33.1238    25.7400 -9.990e-29
 200.651296     14.964  34.831738     8.4109     3.2633     14.839    33.1229    25.7391 -9.990e-29
 200.651302     14.969  34.832207     8.4114     3.2745     14.844    33.1229    25.7391 -9.990e-29
 200.651308     14.972  34.832544     8.4118     3.2688     14.847    33.1229    25.7390 -9.990e-29
 200.651314     14.986  34.832639     8.4123     3.2705     14.860    33.1225    25.7386 -9.990e-29
 200.651319     15.013  34.832615     8.4125     3.2635     14.887    33.1223    25.7384 -9.990e-29
 200.651325     15.040  34.832438     8.4125     3.2651     14.914    33.1221    25.7383 -9.990e-29
 200.651331     15.054  34.832428     8.4130     3.2663     14.928    33.1216    25.7378 -9.990e-29
 200.651337     15.046  34.833126     8.4138     3.2704     14.920    33.1216    25.7377 -9.990e-29
 200.651343     15.020  34.834339     8.4142     3.2663     14.894    33.1225    25.7383 -9.990e-29
 200.651348     14.987  34.835444     8.4140     3.2606     14.861    33.1239    25.7394 -9.990e-29
 200.651354     14.962  34.835672     8.4134     3.2438     14.837    33.1247    25.7402 -9.990e-29
 200.651360     14.951  34.834766     8.4126     3.2455     14.826    33.1245    25.7401 -9.990e-29
 200.651366     14.956  34.833756     8.4121     3.2440     14.831    33.1239    25.7397 -9.990e-29
 200.651372     14.970  34.833529     8.4120     3.2566     14.845    33.1237    25.7396 -9.990e-29
 200.651377     14.988  34.833780     8.4124     3.2676     14.862    33.1236    25.7395 -9.990e-29
 200.651383     15.005  34.833723     8.4134     3.2745     14.879    33.1226    25.7385 -9.990e-29
 200.651389     15.018  34.833278     8.4147     3.2796     14.892    33.1209    25.7370 -9.990e-29
 200.651395     15.021  34.832967     8.4155     3.2647     14.895    33.1198    25.7360 -9.990e-29
 200.651400     15.003  34.832932     8.4157     3.2690     14.877    33.1196    25.7358 -9.990e-29
 200.651406     14.964  34.833122     8.4152     3.2565     14.839    33.1203    25.7365 -9.990e-29
 200.651412     14.924  34.833230     8.4142     3.2567     14.799    33.1214    25.7374 -9.990e-29
 200.651418     14.909  34.832280     8.4131     3.2787     14.784    33.1214    25.7376 -9.990e-29
 200.651424     14.932  34.830681     8.4123     3.2620     14.807    33.1204    25.7370 -9.990e-29
 200.651429     14.984  34.830219     8.4127     3.2524     14.858    33.1196    25.7363 -9.990e-29
 200.651435     15.045  34.830836     8.4139     3.2447     14.919    33.1191    25.7357 -9.990e-29
 200.651441     15.083  34.831483     8.4145     3.2491     14.957    33.1192    25.7357 -9.990e-29
 200.651447     15.084  34.831910     8.4136     3.2555     14.958    33.1205    25.7368 -9.990e-29
 200.651453     15.056  34.831969     8.4119     3.2677     14.930    33.1221    25.7384 -9.990e-29
 200.651458     15.016  34.831796     8.4107     3.2390     14.890    33.1231    25.7393 -9.990e-29
 200.651464     14.976  34.831590     8.4096     3.2475     14.850    33.1239    25.7402 -9.990e-29
 200.651470     14.949  34.831128     8.4088     3.2459     14.824    33.1242    25.7405 -9.990e-29
 200.651476     14.935  34.830407     8.4088     3.2650     14.810    33.1234    25.7399 -9.990e-29
 200.651481     14.939  34.829635     8.4088     3.2713     14.814    33.1226    25.7393 -9.990e-29
 200.651487     14.966  34.828956     8.4079     3.2703     14.841    33.1227    25.7395 -9.990e-29
 200.651493     15.007  34.828078     8.4070     3.2438     14.881    33.1226    25.7395 -9.990e-29
 200.651499     15.050  34.827559     8.4072     3.2568     14.924    33.1219    25.7389 -9.990e-29
 200.651505     15.083  34.827878     8.4075     3.2385     14.957    33.1219    25.7389 -9.990e-29
 200.651510     15.105  34.827830     8.4074     3.2525     14.978    33.1220    25.7389 -9.990e-29
 200.651516     15.117  34.827402     8.4074     3.2658     14.990    33.1215    25.7386 -9.990e-29
 200.651522     15.119  34.827196     8.4080     3.2674     14.992    33.1207    25.7379 -9.990e-29
 200.651528     15.112  34.827548     8.4091     3.2616     14.985    33.1201    25.7372 -9.990e-29
 200.651534     15.096  34.828420     8.4099     3.2454     14.969    33.1202    25.7372 -9.990e-29
 200.651539     15.073  34.828786     8.4102     3.2328     14.947    33.1204    25.7373 -9.990e-29
 200.651545     15.051  34.828626     8.4106     3.2497     14.925    33.1198    25.7368 -9.990e-29
 200.651551     15.036  34.828898     8.4114     3.2466     14.910    33.1194    25.7363 -9.990e-29
 200.651557     15.033  34.829457     8.4124     3.2538     14.907    33.1190    25.7359 -9.990e-29
 200.651563     15.032  34.829419     8.4135     3.2470     14.906    33.1179    25.7349 -9.990e-29
 200.651568     15.021  34.829346     8.4143     3.2485     14.895    33.1171    25.7341 -9.990e-29
 200.651574     14.990  34.829751     8.4141     3.2590     14.864    33.1177    25.7346 -9.990e-29
 200.651580     14.933  34.830104     8.4134     3.2659     14.808    33.1188    25.7356 -9.990e-29
 200.651586     14.851  34.830368     8.4130     3.2516     14.727    33.1195    25.7362 -9.990e-29
 200.651591     14.748  34.830386     8.4123     3.2504     14.624    33.1202    25.7368 -9.990e-29
 200.651597     14.632  34.829673     8.4111     3.2498     14.509    33.1206    25.7374 -9.990e-29
 200.651603     14.520  34.827893     8.4095     3.2592     14.398    33.1203    25.7373 -9.990e-29
 200.651609     14.407  34.825524     8.4076     3.2599     14.286    33.1197    25.7371 -9.990e-29
 200.651615     14.278  34.823940     8.4059     3.2515     14.158    33.1196    25.7373 0.0000e+00
 200.651620     14.121  34.823317     8.4053     3.2484     14.003    33.1196    25.7374 0.0000e+00
 200.651626     13.930  34.822878     8.4051     3.2546     13.813    33.1194    25.7373 0.0000e+00
 200.651632     13.706  34.822648     8.4053     3.2618     13.591    33.1191    25.7370 0.0000e+00
 200.651638     13.455  34.822932     8.4063     3.2612     13.342    33.1186    25.7364 0.0000e+00
 200.651644     13.188  34.823602     8.4081     3.2389     13.078    33.1177    25.7355 0.0000e+00
 200.651649     12.913  34.824484     8.4107     3.2560     12.805    33.1163    25.7340 0.0000e+00
 200.651655     12.643  34.825688     8.4137     3.2536     12.537    33.1149    25.7324 0.0000e+00
 200.651661     12.386  34.828313     8.4175     3.2653     12.282    33.1142    25.7313 0.0000e+00
 200.651667     12.139  34.832555     8.4225     3.2596     12.037    33.1141    25.7305 0.0000e+00
 200.651672     11.895  34.836284     8.4287     3.2492     11.795    33.1123    25.7282 0.0000e+00
 200.651678     11.646  34.839484     8.4368     3.2374     11.548    33.1082    25.7237 0.0000e+00
 200.651684     11.391  34.843677     8.4456     3.1951     11.296    33.1045    25.7194 0.0000e+00
 200.651690     11.128  34.848347     8.4539     3.2234     11.035    33.1017    25.7160 0.0000e+00
 200.651696     10.865  34.853056     8.4630     3.2030     10.774    33.0983    25.7120 0.0000e+00
 200.651701     10.604  34.858537     8.4746     3.3119     10.515    33.0933    25.7063 0.0000e+00
 200.651707     10.339  34.865995     8.4894     3.5979     10.252    33.0874    25.6994 0.0000e+00
 200.651713     10.056  34.876468     8.5143     4.0337      9.972    33.0752    25.6861 0.0000e+00
 200.651719      9.754  34.891658     8.5705     4.5999      9.672    33.0387    25.6489 0.0000e+00
 200.651725      9.446  34.921236     8.7087     5.2606      9.367    32.9408    25.5512 0.0000e+00
 200.651730      9.140  34.994615     8.9946     5.9039      9.064    32.7527    25.3598 0.0000e+00
 200.651736      8.843  35.168260     9.3906     6.3997      8.769    32.5698    25.1542 0.0000e+00
 200.651742      8.557  35.425728     9.8849     6.7099      8.485    32.3861    24.9306 0.0000e+00
 200.651748      8.278  35.746477    10.5348     6.8416      8.209    32.1310    24.6228 0.0000e+00
 200.651753      8.001  36.157377    11.1700     6.8225      7.934    31.9824    24.3968 0.0000e+00
 200.651759      7.720  36.516539    11.6522     6.7510      7.655    31.9166    24.2593 0.0000e+00
 200.651765      7.427  36.690406    12.0815     6.6370      7.365    31.7178    24.0262 0.0000e+00
 200.651771      7.115  36.698726    12.4855     6.5224      7.055    31.3857    23.6932 0.0000e+00
 200.651777      6.787  36.589115    12.7922     6.3871      6.730    31.0281    23.3580 0.0000e+00
 200.651782      6.450  36.453549    12.9823     6.2464      6.396    30.7457    23.1030 0.0000e+00
 200.651788      6.115  36.339885    13.0926     6.1263      6.064    30.5503    22.9307 0.0000e+00
 200.651794      5.785  36.217076    13.1654     6.0526      5.737    30.3775    22.7830 0.0000e+00
 200.651800      5.461  36.074329    13.2370     6.0157      5.415    30.1878    22.6225 0.0000e+00
 200.651806      5.139  35.921290    13.3249     6.0142      5.096    29.9765    22.4422 0.0000e+00
 200.651811      4.821  35.761150    13.4142     6.0369      4.781    29.7585    22.2564 0.0000e+00
 200.651817      4.507  35.590432    13.4825     6.0613      4.469    29.5481    22.0806 0.0000e+00
 200.651823      4.194  35.431304    13.5320     6.0936      4.159    29.3636    21.9285 0.0000e+00
 200.651829      3.880  35.323063    13.5718     6.1395      3.848    29.2338    21.8206 0.0000e+00
 200.651834      3.563  35.255270    13.6028     6.1643      3.533    29.1481    21.7483 0.0000e+00
 200.651840      3.242  35.213176    13.6363     6.2148      3.215    29.0841    21.6924 0.0000e+00
 200.651846      2.929  35.194465    13.6773     6.2896      2.905    29.0360    21.6473 0.0000e+00
 200.651852      2.628  35.175365    13.7148     6.3699      2.606    28.9903    21.6046 0.0000e+00
 200.651858      2.334  35.150064    13.7458     6.4546      2.315    28.9439    21.5627 0.0000e+00
 200.651863      2.044  35.122959    13.7789     6.5299      2.027    28.8943    21.5180 0.0000e+00
 200.651869      1.763  35.067487    13.8293     6.6150      1.748    28.8060    21.4399 0.0000e+00
 200.651875      1.484  34.963491    13.9201     6.6768      1.472    28.6437    21.2969 0.0000e+00
 200.651881      1.208  34.830245    14.0675     6.6873      1.198    28.4139    21.0905 0.0000e+00
 200.651887      0.942  34.682733    14.2488     6.6103      0.934    28.1482    20.8497 0.0000e+00
 200.651892      0.691  34.526437    14.3964     6.4605      0.685    27.9013    20.6300 0.0000e+00
 200.651898      0.456  34.371930    14.4792     6.2555      0.452    27.7039    20.4614 0.0000e+00
 200.651904      0.239  34.213700    14.5456     6.0842      0.237    27.5157    20.3032 0.0000e+00
 200.651910      0.043  34.078202    14.6400     6.8840      0.043    27.3287    20.1403 0.0000e+00
 200.651916     -0.130  34.008741    14.7398     6.9872     -0.129    27.1973    20.0191 0.0000e+00
 200.651921     -0.283  33.980490    14.8045     6.9300     -0.281    27.1273    19.9522 0.0000e+00
 200.651927     -0.419  33.958086    14.8429     6.7404     -0.416    27.0809    19.9087 -9.990e-29
 200.651933     -0.531  33.925163    14.8738     6.4841     -0.527    27.0305    19.8636 -9.990e-29
 200.651939     -0.615  33.858594    14.8832     6.2636     -0.610    26.9654    19.8116 -9.990e-29
 200.651944     -0.676  33.731807    14.8658     6.1466     -0.670    26.8656    19.7385 -9.990e-29
 200.651950     -0.723  33.463689    14.8341     6.1273     -0.717    26.6510    19.5800 -9.990e-29
 200.651956     -0.757  32.767328    14.7978     6.1303     -0.751    26.0624    19.1350 -9.990e-29
 200.651962     -0.781  30.728284    14.7590     6.1407     -0.774    24.3011    17.7897 -9.990e-29
 200.651968     -0.798  24.616120    14.7182     6.1599     -0.791    19.0623    13.7770 -9.990e-29
 200.651973     -0.812  15.094785    14.6809     6.2088     -0.805    11.1961     7.7544 -9.990e-29
 200.651979     -0.828   8.092033    14.6508     6.2224     -0.821     5.7174     3.5578 -9.990e-29
 200.651985     -0.843   5.265485    14.6255     6.2477     -0.836     3.6116     1.9438 -9.990e-29
 200.651991     -0.853   4.255305    14.6021     6.2754     -0.846     2.8799     1.3844 -9.990e-29
 200.651997     -0.860   3.947112    14.5810     6.3064     -0.853     2.6601     1.2184 -9.990e-29
 200.652002     -0.864   3.893919    14.5663     6.2783     -0.857     2.6230     1.1920 -9.990e-29
 200.652008     -0.866   3.848897    14.5597     6.3041     -0.859     2.5912     1.1685 -9.990e-29
 200.652014     -0.864   3.724808    14.5547     6.3006     -0.857     2.5029     1.1012 -9.990e-29
 200.652020     -0.864   3.689684    14.5440     6.3178     -0.857     2.4785     1.0841 -9.990e-29
 200.652025     -0.869   3.817115    14.5252     6.3290     -0.862     2.5707     1.1580 -9.990e-29
 200.652031     -0.875   3.908571    14.5014     6.3360     -0.868     2.6378     1.2133 -9.990e-29
 200.652037     -0.880   3.863479    14.4788     6.3329     -0.873     2.6070     1.1929 -9.990e-29
 200.652043     -0.883   3.787650    14.4604     6.3337     -0.876     2.5539     1.1547 -9.990e-29
 200.652049     -0.884   3.689865    14.4442     6.3479     -0.877     2.4849     1.1040 -9.990e-29
 200.652054     -0.883   3.530741    14.4289     6.3664     -0.876     2.3722     1.0195 -9.990e-29
 200.652060     -0.881   3.508083    14.4150     6.3750     -0.874     2.3569     1.0098 -9.990e-29
 200.652066     -0.876   3.659846    14.4023     6.3991     -0.869     2.4661     1.0958 -9.990e-29
 200.652072     -0.870   3.714032    14.3898     6.4106     -0.863     2.5057     1.1282 -9.990e-29
 200.652078     -0.861   3.632565    14.3738     6.4200     -0.854     2.4484     1.0864 -9.990e-29
 200.652083     -0.854   3.503257    14.3526     6.4266     -0.847     2.3572     1.0193 -9.990e-29
 200.652089     -0.851   3.403909    14.3287     6.4002     -0.844     2.2878     0.9693 -9.990e-29
 200.652095     -0.849   3.418980    14.3036     6.3722     -0.842     2.3000     0.9824 -9.990e-29
 200.652101     -0.847   3.464827    14.2760     6.4137     -0.840     2.3344     1.0130 -9.990e-29
