data/oxygen options/ONMS/Olympic_Coast_National_Marine_Sanctuary_CTD_Data_2005_2023/raw_data/2011/CAST_TH015_082511faed.cnv
* Sea-Bird SBE19 Data File:
* FileName = C:\Documents and Settings\OCNMS\Desktop\2011 mooring data\3rd service\CAST_TH015_082511.hex
* Software Version 1.24
* Temperature SN = 2997
* Conductivity SN = 2997
* System UpLoad Time = Aug 25 2011 17:55:54
** CAST_TH015_082511
* SEACAT PROFILER V3.1c SN 2997   08/25/11  17:55:21.156
# nquan = 9                                 
# nvalues = 1388                        
# units = specified
# name 0 = timeJ: Julian Days
# name 1 = prSM: Pressure, Strain Gauge [db]
# name 2 = c0mS/cm: Conductivity [mS/cm]
# name 3 = t090C: Temperature [ITS-90, deg C]
# name 4 = sbeox0ML/L: Oxygen, SBE 43 [ml/l]
# name 5 = depSM: Depth [salt water, m], lat = 47.5
# name 6 = sal00: Salinity, Practical [PSU]
# name 7 = sigma-é00: Density [sigma-theta, kg/m^3]
# name 8 = flag: flag
# span 0 = 237.689919, 237.697946       
# span 1 =     -6.004,     16.075       
# span 2 =   0.139400,  37.675693       
# span 3 =     9.5283,    17.3858       
# span 4 =    -1.9342,    19.1886       
# span 5 =     -5.954,     15.940       
# span 6 =     0.0797,    33.1607       
# span 7 =    -1.2027,    25.5883       
# span 8 = 0.0000e+00, 0.0000e+00       
# interval = seconds: 0.5
# start_time = Aug 25 2011 16:33:29 [Instrument's time stamp, header]
# bad_flag = -9.990e-29
*END*
[from data line 321]
 237.691777     -1.188   0.139405    16.8407    -1.9280     -1.178     0.0803    -1.1342 -9.990e-29
 237.691782     -1.180   0.139405    16.8310    -1.9274     -1.170     0.0803    -1.1326 -9.990e-29
 237.691788     -1.172   0.139405    16.8253    -1.9268     -1.162     0.0804    -1.1316 -9.990e-29
 237.691794     -1.164   0.139405    16.8226    -1.9263     -1.154     0.0804    -1.1311 -9.990e-29
 237.691800     -1.155   0.139404    16.8213    -1.9257     -1.145     0.0804    -1.1309 -9.990e-29
 237.691806     -1.148   0.139404    16.8215    -1.9252     -1.138     0.0804    -1.1309 -9.990e-29
 237.691811     -1.147   0.139404    16.8232    -1.9246     -1.137     0.0804    -1.1312 -9.990e-29
 237.691817     -1.149   0.139404    16.8276    -1.9245     -1.139     0.0803    -1.1320 -9.990e-29
 237.691823     -1.149   0.139403    16.8362    -1.9249     -1.139     0.0803    -1.1335 -9.990e-29
 237.691829     -1.147   0.139403    16.8483    -1.9255     -1.137     0.0803    -1.1356 -9.990e-29
 237.691834     -1.143   0.139403    16.8622    -1.9257     -1.133     0.0803    -1.1380 -9.990e-29
 237.691840     -1.141   0.139403    16.8765    -1.9257     -1.131     0.0803    -1.1405 -9.990e-29
 237.691846     -1.145   0.139403    16.8907    -1.9261     -1.135     0.0802    -1.1429 -9.990e-29
 237.691852     -1.151   0.139402    16.9046    -1.9266     -1.141     0.0802    -1.1453 -9.990e-29
 237.691858     -1.155   0.139402    16.9173    -1.9271     -1.145     0.0802    -1.1476 -9.990e-29
 237.691863     -1.157   0.139402    16.9264    -1.9269     -1.147     0.0802    -1.1491 -9.990e-29
 237.691869     -1.158   0.139402    16.9286    -1.9264     -1.148     0.0802    -1.1495 -9.990e-29
 237.691875     -1.158   0.139402    16.9237    -1.9261     -1.148     0.0802    -1.1487 -9.990e-29
 237.691881     -1.156   0.139401    16.9155    -1.9255     -1.146     0.0802    -1.1472 -9.990e-29
 237.691887     -1.152   0.139401    16.9084    -1.9249     -1.142     0.0802    -1.1460 -9.990e-29
 237.691892     -1.147   0.139401    16.9022    -1.9242     -1.137     0.0802    -1.1449 -9.990e-29
 237.691898     -1.140   0.139401    16.8943    -1.9235     -1.130     0.0802    -1.1436 -9.990e-29
 237.691904     -1.130   0.139400    16.8852    -1.9232     -1.121     0.0803    -1.1420 -9.990e-29
 237.691910     -1.117   0.139400    16.8796    -1.9230     -1.108     0.0803    -1.1410 -9.990e-29
 237.691916     -1.100   0.139401    16.8814    -1.9232     -1.091     0.0803    -1.1413 -9.990e-29
 237.691921     -1.083   0.139402    16.8893    -1.9233     -1.074     0.0802    -1.1427 -9.990e-29
 237.691927     -1.067   0.139407    16.9007    -1.9236     -1.058     0.0802    -1.1447 -9.990e-29
 237.691933     -1.053   0.139420    16.9144    -1.9241     -1.044     0.0802    -1.1470 -9.990e-29
 237.691939     -1.044   0.139460    16.9294    -1.9242     -1.035     0.0802    -1.1496 -9.990e-29
 237.691944     -1.043   0.139583    16.9447    -1.9242     -1.034     0.0803    -1.1523 -9.990e-29
 237.691950     -1.047   0.139952    16.9586    -1.9239     -1.038     0.0804    -1.1545 -9.990e-29
 237.691956     -1.046   0.140505    16.9684    -1.9234     -1.037     0.0807    -1.1560 -9.990e-29
 237.691962     -1.042   0.140874    16.9725    -1.9228     -1.033     0.0809    -1.1566 -9.990e-29
 237.691968     -1.037   0.140997    16.9719    -1.9224     -1.028     0.0810    -1.1564 -9.990e-29
 237.691973     -1.031   0.141037    16.9679    -1.9220     -1.022     0.0810    -1.1557 -9.990e-29
 237.691979     -1.029   0.141051    16.9610    -1.9216     -1.020     0.0811    -1.1545 -9.990e-29
 237.691985     -1.031   0.141055    16.9542    -1.9218     -1.022     0.0811    -1.1533 -9.990e-29
 237.691991     -1.031   0.141057    16.9509    -1.9213     -1.022     0.0811    -1.1527 -9.990e-29
 237.691997     -1.031   0.141058    16.9525    -1.9209     -1.022     0.0811    -1.1530 -9.990e-29
 237.692002     -1.025   0.141060    16.9591    -1.9209     -1.016     0.0811    -1.1541 -9.990e-29
 237.692008     -1.014   0.141067    16.9695    -1.9211     -1.006     0.0810    -1.1560 -9.990e-29
 237.692014     -1.005   0.141086    16.9814    -1.9216     -0.997     0.0810    -1.1580 -9.990e-29
 237.692020     -0.998   0.141145    16.9927    -1.9216     -0.990     0.0811    -1.1600 -9.990e-29
 237.692025     -0.988   0.141322    17.0028    -1.9212     -0.980     0.0811    -1.1617 -9.990e-29
 237.692031     -0.979   0.141671    17.0105    -1.9209     -0.971     0.0813    -1.1629 -9.990e-29
 237.692037     -0.974   0.142103    17.0164    -1.9205     -0.966     0.0815    -1.1637 -9.990e-29
 237.692043     -0.972   0.142453    17.0229    -1.9202     -0.964     0.0817    -1.1647 -9.990e-29
 237.692049     -0.975   0.142635    17.0283    -1.9199     -0.967     0.0818    -1.1656 -9.990e-29
 237.692054     -0.982   0.142709    17.0291    -1.9199     -0.974     0.0819    -1.1657 -9.990e-29
 237.692060     -0.994   0.142770    17.0255    -1.9200     -0.986     0.0819    -1.1650 -9.990e-29
 237.692066     -1.002   0.142900    17.0217    -1.9205     -0.994     0.0820    -1.1643 -9.990e-29
 237.692072     -0.999   0.143272    17.0221    -1.9208     -0.991     0.0822    -1.1642 -9.990e-29
 237.692078     -0.993   0.143826    17.0273    -1.9211     -0.985     0.0825    -1.1649 -9.990e-29
 237.692083     -0.988   0.144196    17.0353    -1.9213     -0.980     0.0827    -1.1662 -9.990e-29
 237.692089     -0.980   0.144321    17.0440    -1.9212     -0.972     0.0827    -1.1676 -9.990e-29
 237.692095     -0.972   0.144367    17.0514    -1.9212     -0.964     0.0827    -1.1689 -9.990e-29
 237.692101     -0.967   0.144395    17.0559    -1.9214     -0.959     0.0828    -1.1697 -9.990e-29
 237.692106     -0.967   0.144441    17.0563    -1.9221     -0.959     0.0828    -1.1697 -9.990e-29
 237.692112     -0.970   0.144566    17.0523    -1.9232     -0.962     0.0829    -1.1690 -9.990e-29
 237.692118     -0.972   0.144937    17.0454    -1.9241     -0.964     0.0831    -1.1676 -9.990e-29
 237.692124     -0.970   0.145496    17.0377    -1.9246     -0.962     0.0834    -1.1660 -9.990e-29
 237.692130     -0.967   0.145879    17.0308    -1.9247     -0.959     0.0836    -1.1646 -9.990e-29
 237.692135     -0.963   0.146044    17.0263    -1.9247     -0.955     0.0837    -1.1638 -9.990e-29
 237.692141     -0.955   0.146208    17.0239    -1.9249     -0.947     0.0838    -1.1633 -9.990e-29
 237.692147     -0.945   0.146591    17.0204    -1.9257     -0.937     0.0840    -1.1625 -9.990e-29
 237.692153     -0.937   0.147150    17.0118    -1.9262     -0.929     0.0844    -1.1608 -9.990e-29
 237.692159     -0.931   0.147522    16.9959    -1.9270     -0.923     0.0846    -1.1578 -9.990e-29
 237.692164     -0.926   0.147651    16.9755    -1.9276     -0.918     0.0847    -1.1542 -9.990e-29
 237.692170     -0.923   0.147706    16.9563    -1.9281     -0.915     0.0848    -1.1508 -9.990e-29
 237.692176     -0.920   0.147761    16.9426    -1.9280     -0.912     0.0848    -1.1484 -9.990e-29
 237.692182     -0.917   0.147889    16.9349    -1.9278     -0.909     0.0849    -1.1470 -9.990e-29
 237.692187     -0.916   0.148261    16.9294    -1.9275     -0.908     0.0851    -1.1459 -9.990e-29
 237.692193     -0.914   0.148817    16.9205    -1.9273     -0.906     0.0854    -1.1441 -9.990e-29
 237.692199     -0.913   0.149191    16.9068    -1.9273     -0.905     0.0857    -1.1415 -9.990e-29
 237.692205     -0.912   0.149328    16.8909    -1.9272     -0.904     0.0858    -1.1387 -9.990e-29
 237.692211     -0.912   0.149411    16.8747    -1.9275     -0.904     0.0858    -1.1358 -9.990e-29
 237.692216     -0.911   0.149548    16.8603    -1.9278     -0.903     0.0859    -1.1333 -9.990e-29
 237.692222     -0.911   0.149923    16.8512    -1.9286     -0.903     0.0862    -1.1315 -9.990e-29
 237.692228     -0.910   0.150483    16.8492    -1.9288     -0.902     0.0865    -1.1309 -9.990e-29
 237.692234     -0.910   0.150867    16.8523    -1.9287     -0.902     0.0867    -1.1313 -9.990e-29
 237.692240     -0.909   0.151031    16.8570    -1.9289     -0.901     0.0868    -1.1321 -9.990e-29
 237.692245     -0.908   0.151196    16.8606    -1.9289     -0.900     0.0869    -1.1326 -9.990e-29
 237.692251     -0.908   0.151579    16.8618    -1.9288     -0.900     0.0871    -1.1327 -9.990e-29
 237.692257     -0.907   0.152138    16.8600    -1.9287     -0.899     0.0874    -1.1321 -9.990e-29
 237.692263     -0.906   0.152510    16.8546    -1.9292     -0.898     0.0876    -1.1310 -9.990e-29
 237.692269     -0.904   0.152639    16.8454    -1.9295     -0.896     0.0877    -1.1294 -9.990e-29
 237.692274     -0.903   0.152694    16.8349    -1.9300     -0.895     0.0878    -1.1275 -9.990e-29
 237.692280     -0.901   0.152749    16.8278    -1.9300     -0.893     0.0878    -1.1263 -9.990e-29
 237.692286     -0.898   0.152878    16.8246    -1.9300     -0.891     0.0879    -1.1256 -9.990e-29
 237.692292     -0.895   0.153250    16.8228    -1.9303     -0.888     0.0881    -1.1252 -9.990e-29
 237.692297     -0.890   0.153809    16.8219    -1.9312     -0.883     0.0884    -1.1248 -9.990e-29
 237.692303     -0.885   0.154192    16.8218    -1.9318     -0.878     0.0886    -1.1246 -9.990e-29
 237.692309     -0.878   0.154357    16.8197    -1.9319     -0.871     0.0887    -1.1242 -9.990e-29
 237.692315     -0.868   0.154521    16.8136    -1.9315     -0.861     0.0888    -1.1230 -9.990e-29
 237.692321     -0.861   0.154904    16.8051    -1.9310     -0.854     0.0890    -1.1214 -9.990e-29
 237.692326     -0.858   0.155463    16.7974    -1.9304     -0.851     0.0894    -1.1198 -9.990e-29
 237.692332     -0.857   0.155835    16.7921    -1.9300     -0.850     0.0896    -1.1187 -9.990e-29
 237.692338     -0.852   0.155964    16.7870    -1.9296     -0.845     0.0897    -1.1178 -9.990e-29
 237.692344     -0.844   0.156020    16.7777    -1.9297     -0.837     0.0897    -1.1162 -9.990e-29
 237.692350     -0.836   0.156076    16.7644    -1.9295     -0.829     0.0898    -1.1138 -9.990e-29
 237.692355     -0.831   0.156209    16.7536    -1.9291     -0.824     0.0899    -1.1119 -9.990e-29
 237.692361     -0.826   0.156593    16.7511    -1.9285     -0.819     0.0901    -1.1113 -9.990e-29
 237.692367     -0.819   0.157189    16.7564    -1.9277     -0.812     0.0904    -1.1120 -9.990e-29
 237.692373     -0.820   0.157681    16.7663    -1.9268     -0.813     0.0907    -1.1135 -9.990e-29
 237.692378     -0.828   0.158174    16.7780    -1.9260     -0.821     0.0909    -1.1153 -9.990e-29
 237.692384     -0.835   0.158769    16.7888    -1.9251     -0.828     0.0912    -1.1169 -9.990e-29
 237.692390     -0.837   0.159152    16.7966    -1.9245     -0.830     0.0914    -1.1181 -9.990e-29
 237.692396     -0.834   0.159281    16.8022    -1.9246     -0.827     0.0915    -1.1190 -9.990e-29
 237.692402     -0.827   0.159329    16.8094    -1.9254     -0.820     0.0915    -1.1202 -9.990e-29
 237.692407     -0.814   0.159357    16.8207    -1.9258     -0.807     0.0915    -1.1222 -9.990e-29
 237.692413     -0.799   0.159403    16.8359    -1.9266     -0.792     0.0915    -1.1248 -9.990e-29
 237.692419     -0.791   0.159528    16.8543    -1.9268     -0.784     0.0915    -1.1279 -9.990e-29
 237.692425     -0.791   0.159898    16.8748    -1.9267     -0.784     0.0917    -1.1313 -9.990e-29
 237.692431     -0.797   0.160452    16.8952    -1.9265     -0.790     0.0920    -1.1346 -9.990e-29
 237.692436     -0.800   0.160822    16.9129    -1.9264     -0.793     0.0922    -1.1376 -9.990e-29
 237.692442     -0.797   0.160945    16.9237    -1.9270     -0.790     0.0922    -1.1394 -9.990e-29
 237.692448     -0.790   0.160986    16.9231    -1.9277     -0.783     0.0922    -1.1393 -9.990e-29
 237.692454     -0.788   0.161000    16.9132    -1.9283     -0.781     0.0923    -1.1375 -9.990e-29
 237.692459     -0.791   0.161005    16.9001    -1.9287     -0.784     0.0923    -1.1353 -9.990e-29
 237.692465     -0.792   0.161007    16.8884    -1.9288     -0.785     0.0923    -1.1332 -9.990e-29
 237.692471     -0.788   0.161009    16.8814    -1.9286     -0.781     0.0923    -1.1320 -9.990e-29
 237.692477     -0.786   0.161011    16.8798    -1.9281     -0.779     0.0923    -1.1317 -9.990e-29
 237.692483     -0.780   0.161016    16.8799    -1.9275     -0.773     0.0923    -1.1317 -9.990e-29
 237.692488     -0.770   0.161030    16.8767    -1.9267     -0.764     0.0923    -1.1312 -9.990e-29
 237.692494     -0.760   0.161071    16.8675    -1.9261     -0.754     0.0924    -1.1295 -9.990e-29
 237.692500     -0.749   0.161195    16.8542    -1.9267     -0.743     0.0925    -1.1272 -9.990e-29
 237.692506     -0.740   0.161566    16.8414    -1.9272     -0.734     0.0927    -1.1248 -9.990e-29
 237.692512     -0.738   0.162125    16.8326    -1.9277     -0.732     0.0930    -1.1230 -9.990e-29
 237.692517     -0.741   0.162508    16.8299    -1.9284     -0.735     0.0933    -1.1224 -9.990e-29
 237.692523     -0.747   0.162672    16.8341    -1.9290     -0.741     0.0933    -1.1231 -9.990e-29
 237.692529     -0.751   0.162837    16.8441    -1.9295     -0.745     0.0934    -1.1247 -9.990e-29
 237.692535     -0.754   0.163220    16.8577    -1.9298     -0.748     0.0936    -1.1269 -9.990e-29
 237.692541     -0.755   0.163778    16.8711    -1.9295     -0.749     0.0939    -1.1290 -9.990e-29
 237.692546     -0.755   0.164148    16.8775    -1.9291     -0.749     0.0941    -1.1300 -9.990e-29
 237.692552     -0.749   0.164272    16.8735    -1.9290     -0.743     0.0942    -1.1292 -9.990e-29
 237.692558     -0.737   0.164314    16.8630    -1.9292     -0.731     0.0942    -1.1274 -9.990e-29
 237.692564     -0.727   0.164329    16.8497    -1.9294     -0.721     0.0942    -1.1250 -9.990e-29
 237.692569     -0.723   0.164336    16.8349    -1.9292     -0.717     0.0943    -1.1225 -9.990e-29
 237.692575     -0.723   0.164344    16.8206    -1.9288     -0.717     0.0943    -1.1200 -9.990e-29
 237.692581     -0.729   0.164363    16.8098    -1.9283     -0.723     0.0943    -1.1181 -9.990e-29
 237.692587     -0.736   0.164419    16.8049    -1.9278     -0.730     0.0944    -1.1172 -9.990e-29
 237.692593     -0.741   0.164584    16.8059    -1.9273     -0.735     0.0945    -1.1173 -9.990e-29
 237.692598     -0.743   0.165079    16.8100    -1.9270     -0.737     0.0947    -1.1178 -9.990e-29
 237.692604     -0.740   0.166009    16.8126    -1.9265     -0.734     0.0953    -1.1179 -9.990e-29
 237.692610     -0.729   0.166953    16.8120    -1.9262     -0.723     0.0958    -1.1174 -9.990e-29
 237.692616     -0.720   0.167508    16.8117    -1.9259     -0.714     0.0961    -1.1171 -9.990e-29
 237.692622     -0.712   0.167862    16.8159    -1.9258     -0.706     0.0963    -1.1176 -9.990e-29
 237.692627     -0.700   0.168486    16.8248    -1.9254     -0.694     0.0966    -1.1189 -9.990e-29
 237.692633     -0.687   0.169657    16.8362    -1.9249     -0.681     0.0973    -1.1204 -9.990e-29
 237.692639     -0.676   0.171276    16.8479    -1.9242     -0.670     0.0982    -1.1217 -9.990e-29
 237.692645     -0.668   0.173289    16.8583    -1.9238     -0.662     0.0993    -1.1227 -9.990e-29
 237.692650     -0.662   0.176719    16.8668    -1.9235     -0.656     0.1012    -1.1226 -9.990e-29
 237.692656     -0.658   0.183372    16.8740    -1.9229     -0.653     0.1049    -1.1210 -9.990e-29
 237.692662     -0.654   0.194369    16.8795    -1.9220     -0.649     0.1111    -1.1172 -9.990e-29
 237.692668     -0.651   0.209983    16.8830    -1.9212     -0.646     0.1200    -1.1109 -9.990e-29
 237.692674     -0.649   0.229449    16.8854    -1.9203     -0.644     0.1310    -1.1028 -9.990e-29
 237.692679     -0.647   0.252158    16.8880    -1.9201     -0.642     0.1440    -1.0932 -9.990e-29
 237.692685     -0.646   0.280715    16.8920    -1.9202     -0.641     0.1604    -1.0813 -9.990e-29
 237.692691     -0.645   0.319434    16.8975    -1.9205     -0.640     0.1828    -1.0650 -9.990e-29
