data/oxygen options/ONMS/Olympic_Coast_National_Marine_Sanctuary_CTD_Data_2005_2023/raw_data/2011/CAST_CA065_100511faed.cnv
* Sea-Bird SBE19 Data File:
* FileName = C:\Documents and Settings\OCNMS\Desktop\2011 mooring data\4th service\CAST_CA065_100511.hex
* Software Version 1.24
* Temperature SN = 2997
* Conductivity SN = 2997
* System UpLoad Time = Oct 05 2011 14:54:03
** CAST_CA065_100511
* SEACAT PROFILER V3.1c SN 2997   10/05/11  14:53:10.199
# nquan = 9                                 
# nvalues = 2356                        
# units = specified
# name 0 = timeJ: Julian Days
# name 1 = prSM: Pressure, Strain Gauge [db]
# name 2 = c0mS/cm: Conductivity [mS/cm]
# name 3 = t090C: Temperature [ITS-90, deg C]
# name 4 = sbeox0ML/L: Oxygen, SBE 43 [ml/l]
# name 5 = depSM: Depth [salt water, m], lat = 47.5
# name 6 = sal00: Salinity, Practical [PSU]
# name 7 = sigma-é00: Density [sigma-theta, kg/m^3]
# name 8 = flag: flag
# span 0 = 278.377604, 278.391233       
# span 1 =     -5.156,     69.366       
# span 2 =   0.007384,  38.303823       
# span 3 =     9.4296,    13.8423       
# span 4 =    -2.1302,    15.0563       
# span 5 =     -5.113,     68.776       
# span 6 =     0.0091,    32.9570       
# span 7 =    -0.5680,    25.4476       
# span 8 = 0.0000e+00, 0.0000e+00       
# interval = seconds: 0.5
# start_time = Oct 05 2011 09:03:45 [Instrument's time stamp, header]
# bad_flag = -9.990e-29
*END*
[from data line 2241]
 278.390573     32.294  38.273904    13.6649     5.6871     32.022    31.8715    23.8395 0.0000e+00
 278.390579     31.986  38.275518    13.6675     5.6677     31.717    31.8709    23.8385 0.0000e+00
 278.390584     31.648  38.277568    13.6702     5.6675     31.381    31.8707    23.8378 0.0000e+00
 278.390590     31.277  38.279422    13.6728     5.6768     31.014    31.8704    23.8370 0.0000e+00
 278.390596     30.878  38.280752    13.6747     5.6731     30.618    31.8702    23.8365 0.0000e+00
 278.390602     30.466  38.281647    13.6758     5.6770     30.210    31.8703    23.8363 0.0000e+00
 278.390608     30.056  38.282181    13.6764     5.6804     29.803    31.8704    23.8363 0.0000e+00
 278.390613     29.660  38.282506    13.6769     5.6842     29.410    31.8705    23.8362 0.0000e+00
 278.390619     29.281  38.282493    13.6772     5.6800     29.035    31.8703    23.8361 0.0000e+00
 278.390625     28.905  38.282124    13.6773     5.6754     28.662    31.8701    23.8358 0.0000e+00
 278.390631     28.527  38.282024    13.6770     5.6943     28.287    31.8704    23.8361 0.0000e+00
 278.390637     28.148  38.282058    13.6761     5.7013     27.911    31.8713    23.8370 0.0000e+00
 278.390642     27.770  38.281709    13.6749     5.7048     27.536    31.8721    23.8379 0.0000e+00
 278.390648     27.399  38.281069    13.6738     5.7061     27.169    31.8726    23.8384 0.0000e+00
 278.390654     27.036  38.280404    13.6731     5.6956     26.809    31.8727    23.8386 0.0000e+00
 278.390660     26.668  38.279945    13.6728     5.6796     26.444    31.8727    23.8387 0.0000e+00
 278.390666     26.279  38.279638    13.6724     5.6662     26.058    31.8729    23.8389 0.0000e+00
 278.390671     25.867  38.279068    13.6723     5.6678     25.650    31.8726    23.8387 0.0000e+00
 278.390677     25.430  38.278596    13.6731     5.6655     25.216    31.8716    23.8378 0.0000e+00
 278.390683     24.975  38.278710    13.6744     5.6724     24.765    31.8708    23.8369 0.0000e+00
 278.390689     24.513  38.279000    13.6753     5.6811     24.307    31.8705    23.8365 0.0000e+00
 278.390694     24.043  38.279294    13.6759     5.6808     23.841    31.8705    23.8363 0.0000e+00
 278.390700     23.565  38.279979    13.6775     5.6683     23.367    31.8700    23.8356 0.0000e+00
 278.390706     23.089  38.281408    13.6805     5.6697     22.895    31.8690    23.8342 0.0000e+00
 278.390712     22.625  38.283804    13.6837     5.6747     22.435    31.8687    23.8333 0.0000e+00
 278.390718     22.180  38.286443    13.6857     5.6722     21.994    31.8697    23.8337 0.0000e+00
 278.390723     21.741  38.287801    13.6865     5.6751     21.558    31.8705    23.8341 0.0000e+00
 278.390729     21.295  38.288005    13.6877     5.6764     21.116    31.8698    23.8333 0.0000e+00
 278.390735     20.837  38.288446    13.6901     5.6756     20.662    31.8684    23.8317 0.0000e+00
 278.390741     20.370  38.289708    13.6929     5.6709     20.199    31.8674    23.8304 0.0000e+00
 278.390747     19.893  38.291235    13.6956     5.6745     19.726    31.8668    23.8293 0.0000e+00
 278.390752     19.411  38.292258    13.6986     5.6872     19.248    31.8654    23.8277 0.0000e+00
 278.390758     18.927  38.293022    13.7019     5.6928     18.768    31.8636    23.8256 0.0000e+00
 278.390764     18.448  38.293983    13.7055     5.6940     18.293    31.8616    23.8233 0.0000e+00
 278.390770     17.979  38.295302    13.7097     5.7086     17.828    31.8596    23.8209 0.0000e+00
 278.390775     17.516  38.297058    13.7149     5.7514     17.369    31.8570    23.8179 0.0000e+00
 278.390781     17.054  38.298788    13.7203     5.7465     16.911    31.8543    23.8147 0.0000e+00
 278.390787     16.586  38.299999    13.7247     5.7289     16.447    31.8520    23.8120 0.0000e+00
 278.390793     16.104  38.300623    13.7277     5.7114     15.969    31.8502    23.8100 0.0000e+00
 278.390799     15.610  38.300932    13.7299     5.6941     15.479    31.8489    23.8085 0.0000e+00
 278.390804     15.114  38.301336    13.7318     5.6952     14.987    31.8479    23.8073 0.0000e+00
 278.390810     14.612  38.301814    13.7337     5.6870     14.490    31.8469    23.8062 0.0000e+00
 278.390816     14.098  38.301882    13.7362     5.6803     13.980    31.8451    23.8043 0.0000e+00
 278.390822     13.566  38.301629    13.7392     5.6819     13.452    31.8426    23.8017 0.0000e+00
 278.390828     13.012  38.301650    13.7423     5.6943     12.903    31.8403    23.7993 0.0000e+00
 278.390833     12.444  38.301974    13.7453     5.7075     12.340    31.8383    23.7971 0.0000e+00
 278.390839     11.880  38.302288    13.7480     5.7237     11.781    31.8366    23.7952 0.0000e+00
 278.390845     11.337  38.302454    13.7507     5.7173     11.242    31.8347    23.7932 0.0000e+00
 278.390851     10.818  38.302512    13.7539     5.7095     10.727    31.8323    23.7907 0.0000e+00
 278.390856     10.320  38.302541    13.7577     5.7095     10.234    31.8293    23.7876 0.0000e+00
 278.390862      9.834  38.302582    13.7614     5.6982      9.752    31.8265    23.7847 0.0000e+00
 278.390868      9.350  38.302693    13.7647     5.7079      9.272    31.8240    23.7821 0.0000e+00
 278.390874      8.871  38.303025    13.7676     5.7381      8.797    31.8221    23.7800 0.0000e+00
 278.390880      8.406  38.303463    13.7703     5.7280      8.336    31.8205    23.7782 0.0000e+00
 278.390885      7.959  38.303474    13.7728     5.7025      7.892    31.8186    23.7762 0.0000e+00
 278.390891      7.531  38.303076    13.7751     5.6850      7.468    31.8165    23.7741 0.0000e+00
 278.390897      7.122  38.302862    13.7772     5.6883      7.062    31.8147    23.7723 0.0000e+00
 278.390903      6.739  38.303109    13.7786     5.7049      6.683    31.8139    23.7714 0.0000e+00
 278.390909      6.392  38.303588    13.7793     5.7083      6.339    31.8139    23.7712 0.0000e+00
 278.390914      6.077  38.303823    13.7791     5.7177      6.026    31.8144    23.7717 0.0000e+00
 278.390920      5.778  38.303566    13.7787     5.7361      5.730    31.8146    23.7719 0.0000e+00
 278.390926      5.475  38.303037    13.7791     5.7507      5.429    31.8139    23.7713 0.0000e+00
 278.390932      5.154  38.302648    13.7810     5.7672      5.111    31.8121    23.7695 0.0000e+00
 278.390938      4.812  38.302443    13.7838     5.7640      4.772    31.8097    23.7670 0.0000e+00
 278.390943      4.457  38.302149    13.7865     5.7453      4.420    31.8073    23.7647 0.0000e+00
 278.390949      4.100  38.301937    13.7888     5.7162      4.066    31.8054    23.7627 0.0000e+00
 278.390955      3.753  38.302088    13.7906     5.6830      3.722    31.8042    23.7613 0.0000e+00
 278.390961      3.424  38.302246    13.7920     5.6274      3.395    31.8033    23.7604 0.0000e+00
 278.390966      3.114  38.302065    13.7937     5.5516      3.088    31.8018    23.7589 0.0000e+00
 278.390972      2.819  38.301304    13.7958     5.9325      2.795    31.7995    23.7567 0.0000e+00
 278.390978      2.539  38.299510    13.7966     6.5509      2.518    31.7973    23.7548 0.0000e+00
 278.390984      2.272  38.295414    13.7931     6.6031      2.253    31.7965    23.7549 0.0000e+00
 278.390990      2.023  38.284116    13.7790     6.6127      2.006    31.7978    23.7588 0.0000e+00
 278.390995      1.802  38.249435    13.7379     6.5807      1.787    31.7999    23.7687 0.0000e+00
 278.391001      1.616  38.208428    13.6564     6.4890      1.603    31.8297    23.8081 0.0000e+00
 278.391007      1.467  38.173074    13.5515     6.4235      1.455    31.8843    23.8714 -9.990e-29
 278.391013      1.349  38.036857    13.4469     6.3499      1.338    31.8449    23.8618 -9.990e-29
 278.391019      1.254  37.557644    13.3347     6.3892      1.244    31.4913    23.6107 -9.990e-29
 278.391024      1.182  36.097026    13.1972     6.4002      1.172    30.2421    22.6721 -9.990e-29
 278.391030      1.130  31.707494    13.0355     6.3946      1.121    26.3079    19.6639 -9.990e-29
 278.391036      1.093  22.936599    12.8655     6.4337      1.084    18.5110    13.6808 -9.990e-29
 278.391042      1.063  13.325795    12.7015     6.4669      1.054    10.2968     7.3780 -9.990e-29
 278.391047      1.039   7.665621    12.5552     6.5082      1.030     5.6957     3.8494 -9.990e-29
 278.391053      1.019   5.588233    12.4352     6.5564      1.010     4.0731     2.6110 -9.990e-29
 278.391059      1.001   4.928456    12.3430     6.6035      0.993     3.5706     2.2339 -9.990e-29
 278.391065      0.985   4.875958    12.2747     6.6296      0.977     3.5364     2.2161 -9.990e-29
 278.391071      0.973   5.089827    12.2228     6.5798      0.965     3.7072     2.3549 -9.990e-29
 278.391076      0.970   5.276537    12.1791     6.5991      0.962     3.8570     2.4764 -9.990e-29
 278.391082      0.971   5.191272    12.1365     6.6103      0.963     3.7948     2.4336 -9.990e-29
 278.391088      0.971   5.081966    12.0956     6.6387      0.963     3.7136     2.3758 -9.990e-29
 278.391094      0.971   4.946233    12.0650     6.6534      0.963     3.6108     2.3000 -9.990e-29
 278.391100      0.970   4.516400    12.0494     6.6305      0.962     3.2787     2.0445 -9.990e-29
 278.391105      0.970   3.984990    12.0469     6.6534      0.962     2.8699     1.7278 -9.990e-29
 278.391111      0.968   3.535533    12.0507     6.6417      0.960     2.5270     1.4612 -9.990e-29
 278.391117      0.966   3.206304    12.0519     6.6499      0.958     2.2780     1.2678 -9.990e-29
 278.391123      0.964   3.117513    12.0434     6.6684      0.956     2.2117     1.2173 -9.990e-29
 278.391128      0.960   3.402037    12.0216     6.6674      0.952     2.4277     1.3877 -9.990e-29
 278.391134      0.956   3.832784    11.9887     6.6690      0.948     2.7578     1.6478 -9.990e-29
 278.391140      0.950   3.948736    11.9510     6.6640      0.942     2.8494     1.7235 -9.990e-29
 278.391146      0.942   3.737574    11.9119     6.6468      0.934     2.6905     1.6049 -9.990e-29
 278.391152      0.937   3.515974    11.8726     6.6606      0.929     2.5241     1.4803 -9.990e-29
 278.391157      0.937   3.493950    11.8372     6.6780      0.929     2.5097     1.4733 -9.990e-29
 278.391163      0.940   3.561689    11.8074     6.6745      0.932     2.5634     1.5185 -9.990e-29
 278.391169      0.940   3.519894    11.7816     6.6582      0.932     2.5332     1.4981 -9.990e-29
 278.391175      0.937   3.395523    11.7609     6.6473      0.929     2.4396     1.4279 -9.990e-29
 278.391181      0.937   3.251336    11.7506 -9.990e-29      0.929     2.3305     1.3443 -9.990e-29
 278.391186      0.942   3.113103    11.7580 -9.990e-29      0.934     2.2252     1.2616 -9.990e-29
 278.391192      0.950   3.007860    11.7822 -9.990e-29      0.942     2.1442     1.1958 -9.990e-29
 278.391198      0.955   2.938387    11.8059 -9.990e-29      0.947     2.0904     1.1513 -9.990e-29
 278.391204      0.960   2.909113    11.8141 -9.990e-29      0.952     2.0679     1.1328 -9.990e-29
 278.391209      0.963   2.892651    11.8105 -9.990e-29      0.955     2.0557     1.1238 -9.990e-29
 278.391215      0.965   2.837100    11.8046 -9.990e-29      0.957     2.0143     1.0922 -9.990e-29
 278.391221      0.967   2.809814    11.8003 -9.990e-29      0.959     1.9940     1.0770 -9.990e-29
 278.391227      0.968   2.892538    11.7987 -9.990e-29      0.960     2.0563     1.1256 -9.990e-29
 278.391233      0.968   3.023092 -9.990e-29 -9.990e-29      0.960 -9.990e-29 -9.990e-29 -9.990e-29
