data/oxygen options/ONMS/Olympic_Coast_National_Marine_Sanctuary_CTD_Data_2005_2023/raw_data/2011/CAST_MB042_072011faedb.cnv
* Sea-Bird SBE19 Data File:
* FileName = F:\Cast_MB042_072011.hex
* Software Version 1.59
* Temperature SN = 2997
* Conductivity SN = 2997
* System UpLoad Time = Jul 21 2011 00:28:27
* ds
* SEACAT PROFILER V3.1c SN 2997   07/20/11  17:27:13.967
# nquan = 9
# nvalues = 40                          
# units = specified
# name 0 = timeJ: Julian Days
# name 1 = prSM: Pressure, Strain Gauge [db]
# name 2 = c0mS/cm: Conductivity [mS/cm]
# name 3 = t090C: Temperature [ITS-90, deg C]
# name 4 = sbeox0ML/L: Oxygen, SBE 43 [ml/l]
# name 5 = depSM: Depth [salt water, m], lat = 47.5
# name 6 = sal00: Salinity, Practical [PSU]
# name 7 = sigma-é00: Density [sigma-theta, kg/m^3]
# name 8 = flag: flag
# span 0 = 201.528083, 201.528960       
# span 1 =      1.000,     40.000       
# span 2 =  34.448322,  36.838137       
# span 3 =     7.2975,    12.4569       
# span 4 =     2.4782,     6.0567       
# span 5 =      0.992,     39.662       
# span 6 =    31.5447,    33.7772       
# span 7 =    23.8214,    26.4129       
# span 8 = 0.0000e+00, 0.0000e+00       
# interval = decibars: 1                
# start_time = Jul 20 2011 12:38:43 [Instrument's time stamp, header]
# bad_flag = -9.990e-29
*END*
 201.528083      1.000  36.838137    12.4569     6.0264      0.992    31.5447    23.8214 0.0000e+00
 201.528104      2.000  36.531899    12.0737     6.0567      1.983    31.5743    23.9162 0.0000e+00
 201.528129      3.000  36.482185    12.0002     5.9682      2.975    31.5883    23.9407 0.0000e+00
 201.528153      4.000  36.390598    11.8461     5.4991      3.966    31.6303    24.0015 0.0000e+00
 201.528175      5.000  36.153609    11.4928     5.2942      4.958    31.7014    24.1208 0.0000e+00
 201.528198      6.000  35.815324    11.0004     5.3700      5.950    31.7935    24.2797 0.0000e+00
 201.528221      7.000  35.772061    10.8726     5.3570      6.941    31.8611    24.3546 0.0000e+00
 201.528242      8.000  35.772585    10.8107     5.2413      7.933    31.9152    24.4074 0.0000e+00
 201.528264      9.000  35.720415    10.7193     5.1839      8.925    31.9428    24.4446 0.0000e+00
 201.528286     10.000  35.656880    10.6248     5.1360      9.916    31.9618    24.4758 0.0000e+00
 201.528309     11.000  35.631325    10.5637     5.0200     10.908    31.9895    24.5078 0.0000e+00
 201.528332     12.000  35.586932    10.4678     4.9100     11.900    32.0290    24.5548 0.0000e+00
 201.528353     13.000  35.506267    10.3287     4.8767     12.891    32.0704    24.6106 0.0000e+00
 201.528377     14.000  35.463965    10.2653     4.8265     13.883    32.0834    24.6315 0.0000e+00
 201.528400     15.000  35.442213    10.1931     4.7427     14.874    32.1250    24.6760 0.0000e+00
 201.528422     16.000  35.396576    10.1005     4.6635     15.866    32.1608    24.7193 0.0000e+00
 201.528445     17.000  35.313843     9.9743     4.6178     16.857    32.1890    24.7622 0.0000e+00
 201.528469     18.000  35.292150     9.9065     4.5754     17.849    32.2271    24.8032 0.0000e+00
 201.528492     19.000  35.263671     9.8213     4.5738     18.841    32.2739    24.8537 0.0000e+00
 201.528513     20.000  35.271864     9.8116     4.4695     19.832    32.2905    24.8683 0.0000e+00
 201.528535     21.000  35.263502     9.7362     4.3514     20.824    32.3493    24.9265 0.0000e+00
 201.528557     22.000  35.177383     9.5193     4.3089     21.815    32.4564    25.0453 0.0000e+00
 201.528579     23.000  35.142504     9.4129     4.2700     22.807    32.5167    25.1094 0.0000e+00
 201.528600     24.000  35.104829     9.3097     4.2602     23.798    32.5714    25.1685 0.0000e+00
 201.528622     25.000  35.091690     9.2640     4.1751     24.790    32.5991    25.1975 0.0000e+00
 201.528646     26.000  35.042799     9.1513     3.9887     25.781    32.6512    25.2560 0.0000e+00
 201.528665     27.000  34.979604     8.9954     3.6760     26.773    32.7284    25.3408 0.0000e+00
 201.528686     28.000  34.844523     8.6581     3.4189     27.764    32.8992    25.5266 0.0000e+00
 201.528706     29.000  34.683581     8.2180     3.3905     28.756    33.1414    25.7826 0.0000e+00
 201.528727     30.000  34.618296     8.0564     3.3928     29.747    33.2243    25.8716 0.0000e+00
 201.528747     31.000  34.594561     7.9948     3.3977     30.739    33.2570    25.9063 0.0000e+00
 201.528769     32.000  34.576545     7.9611     3.3829     31.730    33.2694    25.9210 0.0000e+00
 201.528790     33.000  34.555612     7.9127     3.3468     32.722    33.2926    25.9463 0.0000e+00
 201.528809     34.000  34.525992     7.8446     3.3081     33.714    33.3254    25.9819 0.0000e+00
 201.528831     35.000  34.527296     7.8171     3.2490     34.705    33.3526    26.0072 0.0000e+00
 201.528857     36.000  34.555590     7.8030     2.9107     35.696    33.3961    26.0434 0.0000e+00
 201.528882     37.000  34.511654     7.5683     2.4782     36.688    33.5742    26.2171 0.0000e+00
 201.528904     38.000  34.465231     7.3241     2.4982     37.680    33.7603    26.3980 0.0000e+00
 201.528931     39.000  34.470263     7.3120     2.5284     38.671    33.7772    26.4129 0.0000e+00
 201.528960     40.000  34.448322     7.2975     2.5443     39.662    33.7670    26.4069 0.0000e+00
