data/oxygen options/ONMS/Olympic_Coast_National_Marine_Sanctuary_CTD_Data_2005_2023/raw_data/2011/CAST_KL015_071911faed.cnv
* Sea-Bird SBE19 Data File:
* FileName = F:\Cast_KL015_071911.hex
* Software Version 1.59
* Temperature SN = 2997
* Conductivity SN = 2997
* System UpLoad Time = Jul 20 2011 01:24:12
* ds
* SEACAT PROFILER V3.1c SN 2997   07/19/11  18:20:10.760
# nquan = 9                                 
# nvalues = 701                         
# units = specified
# name 0 = timeJ: Julian Days
# name 1 = prSM: Pressure, Strain Gauge [db]
# name 2 = c0mS/cm: Conductivity [mS/cm]
# name 3 = t090C: Temperature [ITS-90, deg C]
# name 4 = sbeox0ML/L: Oxygen, SBE 43 [ml/l]
# name 5 = depSM: Depth [salt water, m], lat = 47.5
# name 6 = sal00: Salinity, Practical [PSU]
# name 7 = sigma-é00: Density [sigma-theta, kg/m^3]
# name 8 = flag: flag
# span 0 = 200.649329, 200.653380       
# span 1 =     -6.106,     15.317       
# span 2 =   0.583674,  36.788414       
# span 3 =     8.4047,    16.6947       
# span 4 =   -14.6152,    19.2671       
# span 5 =     -6.055,     15.189       
# span 6 =     0.3410,    33.1569       
# span 7 =    -0.9020,    25.7628       
# span 8 = 0.0000e+00, 0.0000e+00       
# interval = seconds: 0.5
# start_time = Jul 19 2011 15:35:02 [Instrument's time stamp, header]
# bad_flag = -9.990e-29
*END*
[from data line 161]
 200.650260     -1.839  33.678807    15.8922     6.7218     -1.824    26.1297    18.9603 -9.990e-29
 200.650266     -1.811  33.662898    15.8909     6.7029     -1.796    26.1168    18.9508 -9.990e-29
 200.650272     -1.784  33.647513    15.8883     6.7102     -1.769    26.1053    18.9425 -9.990e-29
 200.650278     -1.761  33.657974    15.8873     6.7218     -1.746    26.1150    18.9501 -9.990e-29
 200.650284     -1.741  33.679617    15.8876     6.7286     -1.726    26.1333    18.9641 -9.990e-29
 200.650289     -1.718  33.689183    15.8873     6.7302     -1.704    26.1418    18.9707 -9.990e-29
 200.650295     -1.686  33.680334    15.8805     6.7163     -1.672    26.1386    18.9697 -9.990e-29
 200.650301     -1.648  33.654079    15.8647     6.7200     -1.634    26.1265    18.9637 -9.990e-29
 200.650307     -1.610  33.625165    15.8530     6.7255     -1.597    26.1093    18.9531 -9.990e-29
 200.650313     -1.578  33.612625    15.8560     6.7289     -1.565    26.0965    18.9426 -9.990e-29
 200.650318     -1.554  33.619261    15.8631     6.7382     -1.541    26.0976    18.9419 -9.990e-29
 200.650324     -1.533  33.634824    15.8636     6.7088     -1.520    26.1106    18.9518 -9.990e-29
 200.650330     -1.503  33.645301    15.8605     6.6180     -1.490    26.1216    18.9609 -9.990e-29
 200.650336     -1.461  33.645012    15.8590     6.5501     -1.449    26.1224    18.9618 -9.990e-29
 200.650341     -1.401  33.641905    15.8586     6.5303     -1.389    26.1199    18.9600 -9.990e-29
 200.650347     -1.326  33.640726    15.8517     6.5080     -1.315    26.1234    18.9642 -9.990e-29
 200.650353     -1.235  33.641518    15.8227     6.4903     -1.225    26.1432    18.9854 -9.990e-29
 200.650359     -1.121  33.647515    15.7379     6.4661     -1.112    26.2043    19.0502 -9.990e-29
 200.650365     -0.982  33.668328    15.5528     6.4517     -0.974    26.3451    19.1971 -9.990e-29
 200.650370     -0.818  33.765785    15.2820     6.4417     -0.811    26.6116    19.4580 -9.990e-29
 200.650376     -0.631  33.975159    15.0315     6.4204     -0.626    26.9658    19.7816 -9.990e-29
 200.650382     -0.427  34.181457    14.8672     6.3656     -0.423    27.2613    20.0424 -9.990e-29
 200.650388     -0.204  34.280103    14.7282     6.3138     -0.202    27.4460    20.2126 -9.990e-29
 200.650394      0.042  34.337023    14.5605     6.2655      0.042    27.6150    20.3767 -9.990e-29
 200.650399      0.314  34.443701    14.3846     6.2148      0.311    27.8358    20.5820 0.0000e+00
 200.650405      0.608  34.615218    14.2259     6.1749      0.603    28.1042    20.8204 0.0000e+00
 200.650411      0.918  34.826572    14.0981     6.1449      0.910    28.3881    21.0646 0.0000e+00
 200.650417      1.236  35.014612    13.9999     6.1144      1.226    28.6308    21.2711 0.0000e+00
 200.650422      1.558  35.148362    13.9203     6.0804      1.545    28.8115    21.4262 0.0000e+00
 200.650428      1.879  35.237546    13.8643     6.0634      1.863    28.9346    21.5322 0.0000e+00
 200.650434      2.192  35.288461    13.8341     6.0963      2.174    29.0036    21.5914 0.0000e+00
 200.650440      2.498  35.314044    13.8096     6.1230      2.477    29.0453    21.6284 0.0000e+00
 200.650446      2.801  35.328173    13.7735     6.1482      2.778    29.0855    21.6665 0.0000e+00
 200.650451      3.113  35.345135    13.7257     6.1993      3.087    29.1371    21.7157 0.0000e+00
 200.650457      3.437  35.388599    13.6739     6.2520      3.408    29.2162    21.7869 0.0000e+00
 200.650463      3.763  35.508044    13.6341     6.3552      3.732    29.3560    21.9026 0.0000e+00
 200.650469      4.082  35.669481    13.6156     6.4776      4.048    29.5183    22.0315 0.0000e+00
 200.650475      4.397  35.758289    13.5948     6.6549      4.360    29.6158    22.1109 0.0000e+00
 200.650480      4.719  35.781381    13.5472     6.7658      4.680    29.6738    22.1650 0.0000e+00
 200.650486      5.053  35.857388    13.4820     6.8332      5.011    29.7944    22.2709 0.0000e+00
 200.650492      5.392  36.034948    13.4223     6.6648      5.347    30.0050    22.4452 0.0000e+00
 200.650498      5.734  36.243877    13.3792     6.4144      5.686    30.2323    22.6292 0.0000e+00
 200.650503      6.070  36.437325    13.3503     6.0487      6.019    30.4345    22.7911 0.0000e+00
 200.650509      6.391  36.561223    13.3189     5.4789      6.338    30.5746    22.9055 0.0000e+00
 200.650515      6.701  36.576291    13.2314     4.7638      6.645    30.6589    22.9877 0.0000e+00
 200.650521      7.014  36.577029    12.9920     4.1249      6.955    30.8533    23.1844 0.0000e+00
 200.650527      7.343  36.670197    12.5406     3.6270      7.282    31.3126    23.6261 0.0000e+00
 200.650532      7.687  36.788414    11.8919     3.3523      7.623    31.9741    24.2601 0.0000e+00
 200.650538      8.038  36.679822    11.1579     3.2096      7.971    32.5073    24.8072 0.0000e+00
 200.650544      8.384  36.295249    10.4971     3.1232      8.314    32.7136    25.0832 0.0000e+00
 200.650550      8.720  35.887273     9.9295     3.1205      8.647    32.8147    25.2578 0.0000e+00
 200.650556      9.052  35.589304     9.4111     3.1517      8.976    32.9843    25.4750 0.0000e+00
 200.650561      9.383  35.334809     8.9904     3.2141      9.304    33.1105    25.6404 0.0000e+00
 200.650567      9.713  35.124740     8.7430     3.2820      9.632    33.1219    25.6878 0.0000e+00
 200.650573     10.032  35.018717     8.6587     3.3208      9.948    33.0895    25.6753 0.0000e+00
 200.650579     10.332  35.007371     8.6597     3.3593     10.246    33.0765    25.6650 0.0000e+00
 200.650584     10.619  35.033477     8.6715     3.3841     10.530    33.0927    25.6759 0.0000e+00
 200.650590     10.910  35.028752     8.6351     3.4022     10.819    33.1217    25.7042 0.0000e+00
 200.650596     11.219  34.980680     8.5547     3.4410     11.125    33.1465    25.7358 0.0000e+00
 200.650602     11.550  34.928129     8.4851     3.4480     11.453    33.1564    25.7542 0.0000e+00
 200.650608     11.889  34.894459     8.4466     3.4636     11.789    33.1569    25.7604 0.0000e+00
 200.650613     12.224  34.876682     8.4272     3.4562     12.122    33.1563    25.7628 0.0000e+00
 200.650619     12.549  34.866131     8.4186     3.4659     12.444    33.1531    25.7616 0.0000e+00
 200.650625     12.861  34.859304     8.4169     3.4758     12.753    33.1473    25.7574 0.0000e+00
 200.650631     13.157  34.854866     8.4215     3.4780     13.047    33.1382    25.7495 0.0000e+00
 200.650637     13.438  34.852991     8.4291     3.4779     13.325    33.1289    25.7411 0.0000e+00
 200.650642     13.707  34.853913     8.4307     3.4695     13.592    33.1282    25.7403 0.0000e+00
 200.650648     13.962  34.854874     8.4247     3.4566     13.845    33.1348    25.7464 0.0000e+00
 200.650654     14.203  34.854852     8.4217     3.4638     14.084    33.1375    25.7489 0.0000e+00
 200.650660     14.424  34.858790     8.4286     3.4482     14.303    33.1350    25.7460 0.0000e+00
 200.650666     14.617  34.870189     8.4426     3.4593     14.494    33.1338    25.7429 0.0000e+00
 200.650671     14.782  34.885702     8.4576     3.4503     14.658    33.1360    25.7424 0.0000e+00
 200.650677     14.920  34.896833     8.4703     3.4453     14.795    33.1357    25.7403 -9.990e-29
 200.650683     15.037  34.894284     8.4787     3.4305     14.911    33.1251    25.7307 -9.990e-29
 200.650689     15.135  34.880754     8.4809     3.4259     15.008    33.1087    25.7175 -9.990e-29
 200.650694     15.212  34.871730     8.4794     3.4206     15.084    33.1006    25.7113 -9.990e-29
 200.650700     15.269  34.869673     8.4780     3.4159     15.141    33.0997    25.7109 -9.990e-29
 200.650706     15.304  34.865617     8.4778     3.4160     15.176    33.0956    25.7077 -9.990e-29
 200.650712     15.317  34.860804     8.4791     3.4151     15.189    33.0893    25.7025 -9.990e-29
 200.650718     15.311  34.857709     8.4805     3.4152     15.183    33.0847    25.6987 -9.990e-29
 200.650723     15.291  34.856060     8.4792     3.4074     15.163    33.0842    25.6985 -9.990e-29
 200.650729     15.256  34.857512     8.4759     3.3969     15.128    33.0888    25.7027 -9.990e-29
 200.650735     15.203  34.858897     8.4740     3.3934     15.076    33.0921    25.7055 -9.990e-29
 200.650741     15.134  34.859754     8.4732     3.4068     15.007    33.0938    25.7070 -9.990e-29
 200.650747     15.052  34.863972     8.4699     3.3935     14.926    33.1014    25.7134 -9.990e-29
 200.650752     14.961  34.869864     8.4624     3.3987     14.836    33.1147    25.7250 -9.990e-29
 200.650758     14.864  34.871824     8.4526     3.3848     14.739    33.1260    25.7353 -9.990e-29
 200.650764     14.762  34.866848     8.4419     3.3776     14.638    33.1309    25.7407 -9.990e-29
 200.650770     14.663  34.858367     8.4312     3.3820     14.540    33.1320    25.7433 -9.990e-29
 200.650775     14.573  34.851310     8.4223     3.3752     14.451    33.1330    25.7453 -9.990e-29
 200.650781     14.499  34.844660     8.4148     3.3663     14.377    33.1331    25.7465 -9.990e-29
 200.650787     14.450  34.834588     8.4087     3.3687     14.329    33.1282    25.7436 -9.990e-29
 200.650793     14.421  34.824457     8.4063     3.3580     14.300    33.1198    25.7374 -9.990e-29
 200.650799     14.402  34.820912     8.4075     3.3631     14.281    33.1149    25.7334 -9.990e-29
 200.650804     14.385  34.823140     8.4088     3.3546     14.264    33.1160    25.7341 -9.990e-29
 200.650810     14.363  34.826830     8.4092     3.3548     14.243    33.1196    25.7368 -9.990e-29
 200.650816     14.340  34.829623     8.4091     3.3562     14.220    33.1226    25.7392 -9.990e-29
 200.650822     14.323  34.830201     8.4082     3.3495     14.203    33.1241    25.7405 -9.990e-29
 200.650828     14.314  34.827651     8.4071     3.3571     14.194    33.1224    25.7393 -9.990e-29
 200.650833     14.313  34.823610     8.4071     3.3595     14.193    33.1182    25.7360 -9.990e-29
 200.650839     14.316  34.823325     8.4074     3.3576     14.196    33.1176    25.7355 -9.990e-29
 200.650845     14.319  34.826973     8.4072     3.3512     14.199    33.1216    25.7387 -9.990e-29
 200.650851     14.321  34.828776     8.4066     3.3391     14.201    33.1241    25.7407 -9.990e-29
 200.650856     14.324  34.827777     8.4062     3.3392     14.204    33.1234    25.7402 -9.990e-29
 200.650862     14.331  34.827120     8.4058     3.3279     14.211    33.1231    25.7401 -9.990e-29
 200.650868     14.347  34.825365     8.4049     3.3399     14.227    33.1221    25.7394 -9.990e-29
 200.650874     14.373  34.820732     8.4047     3.3381     14.253    33.1173    25.7357 -9.990e-29
 200.650880     14.403  34.817676     8.4063     3.3310     14.282    33.1126    25.7318 -9.990e-29
 200.650885     14.421  34.819398     8.4086     3.3177     14.300    33.1122    25.7311 -9.990e-29
 200.650891     14.424  34.822591     8.4096     3.3096     14.303    33.1147    25.7329 -9.990e-29
 200.650897     14.425  34.823672     8.4088     3.3181     14.304    33.1166    25.7345 -9.990e-29
 200.650903     14.437  34.821842     8.4077     3.3190     14.316    33.1157    25.7340 -9.990e-29
 200.650909     14.461  34.818017     8.4075     3.3175     14.340    33.1118    25.7310 -9.990e-29
 200.650914     14.489  34.814934     8.4083     3.3148     14.368    33.1078    25.7277 -9.990e-29
 200.650920     14.515  34.814636     8.4098     3.3172     14.393    33.1060    25.7261 -9.990e-29
 200.650926     14.532  34.817283     8.4109     3.3248     14.410    33.1078    25.7273 -9.990e-29
 200.650932     14.537  34.820802     8.4103     3.3205     14.415    33.1121    25.7308 -9.990e-29
 200.650938     14.538  34.822603     8.4089     3.3178     14.416    33.1153    25.7335 -9.990e-29
 200.650943     14.549  34.821166     8.4073     3.3085     14.427    33.1153    25.7337 -9.990e-29
 200.650949     14.570  34.817373     8.4057     3.3088     14.448    33.1128    25.7320 -9.990e-29
 200.650955     14.594  34.814562     8.4049     3.3142     14.472    33.1105    25.7304 -9.990e-29
 200.650961     14.614  34.814019     8.4051     3.3168     14.492    33.1098    25.7297 -9.990e-29
 200.650966     14.627  34.815018     8.4061     3.3122     14.504    33.1099    25.7297 -9.990e-29
 200.650972     14.630  34.816647     8.4078     3.3098     14.507    33.1100    25.7295 -9.990e-29
 200.650978     14.618  34.818275     8.4094     3.3000     14.495    33.1102    25.7294 -9.990e-29
 200.650984     14.599  34.820389     8.4104     3.2904     14.477    33.1115    25.7303 -9.990e-29
 200.650990     14.589  34.822449     8.4107     3.3025     14.467    33.1134    25.7317 -9.990e-29
 200.650995     14.601  34.822161     8.4099     3.2980     14.479    33.1139    25.7322 -9.990e-29
 200.651001     14.635  34.819697     8.4086     3.2939     14.512    33.1125    25.7313 -9.990e-29
 200.651007     14.676  34.817930     8.4079     3.2938     14.553    33.1112    25.7305 -9.990e-29
 200.651013     14.705  34.818417     8.4083     3.2817     14.582    33.1114    25.7305 -9.990e-29
 200.651019     14.715  34.820126     8.4088     3.2868     14.592    33.1127    25.7315 -9.990e-29
 200.651024     14.713  34.821412     8.4093     3.2826     14.590    33.1136    25.7321 -9.990e-29
 200.651030     14.710  34.821188     8.4103     3.2923     14.587    33.1124    25.7310 -9.990e-29
 200.651036     14.714  34.819711     8.4112     3.2906     14.591    33.1100    25.7290 -9.990e-29
 200.651042     14.717  34.819491     8.4120     3.2908     14.594    33.1090    25.7281 -9.990e-29
 200.651047     14.712  34.821349     8.4128     3.2931     14.589    33.1102    25.7289 -9.990e-29
 200.651053     14.701  34.823282     8.4133     3.2906     14.578    33.1118    25.7301 -9.990e-29
 200.651059     14.693  34.823386     8.4133     3.2960     14.570    33.1119    25.7302 -9.990e-29
 200.651065     14.696  34.821796     8.4127     3.2862     14.573    33.1108    25.7294 -9.990e-29
 200.651071     14.710  34.820869     8.4117     3.2930     14.587    33.1107    25.7295 -9.990e-29
 200.651076     14.732  34.823288     8.4114     3.2859     14.609    33.1136    25.7318 -9.990e-29
 200.651082     14.763  34.828355     8.4117     3.2857     14.639    33.1186    25.7357 -9.990e-29
 200.651088     14.796  34.832185     8.4119     3.2886     14.672    33.1225    25.7387 -9.990e-29
 200.651094     14.821  34.833722     8.4121     3.2862     14.697    33.1239    25.7398 -9.990e-29
 200.651100     14.834  34.834452     8.4124     3.2821     14.710    33.1244    25.7401 -9.990e-29
 200.651105     14.842  34.835344     8.4125     3.2893     14.718    33.1252    25.7407 -9.990e-29
 200.651111     14.849  34.836466     8.4131     3.2821     14.725    33.1258    25.7411 -9.990e-29
 200.651117     14.851  34.837070     8.4143     3.2820     14.727    33.1254    25.7406 -9.990e-29
 200.651123     14.844  34.837401     8.4153     3.2848     14.720    33.1248    25.7400 -9.990e-29
 200.651128     14.827  34.838454     8.4160     3.2820     14.703    33.1252    25.7402 -9.990e-29
 200.651134     14.804  34.839951     8.4165     3.2780     14.680    33.1263    25.7410 -9.990e-29
 200.651140     14.786  34.840529     8.4162     3.2751     14.662    33.1272    25.7418 -9.990e-29
 200.651146     14.784  34.838715     8.4146     3.2652     14.660    33.1268    25.7417 -9.990e-29
 200.651152     14.800  34.835449     8.4124     3.2750     14.676    33.1254    25.7409 -9.990e-29
 200.651157     14.824  34.833651     8.4113     3.2735     14.700    33.1246    25.7404 -9.990e-29
 200.651163     14.850  34.833720     8.4117     3.2833     14.726    33.1243    25.7401 -9.990e-29
 200.651169     14.871  34.834624     8.4122     3.2884     14.746    33.1247    25.7404 -9.990e-29
 200.651175     14.885  34.835886     8.4123     3.2760     14.760    33.1260    25.7413 -9.990e-29
