data/oxygen options/ONMS/Olympic_Coast_National_Marine_Sanctuary_CTD_Data_2005_2023/raw_data/2011/CAST_CA042_060811faed.cnv
* Sea-Bird SBE19 Data File:
* FileName = C:\Documents and Settings\OCNMS\Desktop\2011 mooring data\first service\CAST_CA042_060811.hex
* Software Version 1.24
* Temperature SN = 2997
* Conductivity SN = 2997
* System UpLoad Time = Jun 08 2011 17:28:34
** CAST_CA042_060811
* SEACAT PROFILER V3.1c SN 2997   06/08/11  17:27:53.475
# nquan = 9                                 
# nvalues = 992                         
# units = specified
# name 0 = timeJ: Julian Days
# name 1 = prSM: Pressure, Strain Gauge [db]
# name 2 = c0mS/cm: Conductivity [mS/cm]
# name 3 = t090C: Temperature [ITS-90, deg C]
# name 4 = sbeox0ML/L: Oxygen, SBE 43 [ml/l]
# name 5 = depSM: Depth [salt water, m], lat = 47.5
# name 6 = sal00: Salinity, Practical [PSU]
# name 7 = sigma-é00: Density [sigma-theta, kg/m^3]
# name 8 = flag: flag
# span 0 = 159.623704, 159.629439       
# span 1 =     -6.001,     42.848       
# span 2 =   0.203131,  35.847563       
# span 3 =     7.7972,    14.4339       
# span 4 =    -2.0266,    18.4263       
# span 5 =     -5.951,     42.486       
# span 6 =     0.1226,    33.0505       
# span 7 =    -0.7180,    25.7728       
# span 8 = 0.0000e+00, 0.0000e+00       
# interval = seconds: 0.5
# start_time = Jun 08 2011 14:58:08 [Instrument's time stamp, header]
# bad_flag = -9.990e-29
*END*
[from data line 961]
 159.629265      0.827  35.433900    12.1243     6.9484      0.820    30.4810    23.0592 -9.990e-29
 159.629271      0.713  35.424954    12.1293     6.8869      0.707    30.4684    23.0486 -9.990e-29
 159.629277      0.608  35.400991    12.1353     6.8569      0.603    30.4407    23.0260 -9.990e-29
 159.629282      0.513  35.305488    12.1407     6.8247      0.509    30.3452    22.9510 -9.990e-29
 159.629288      0.428  35.077807    12.1457     6.7629      0.424    30.1241    22.7787 -9.990e-29
 159.629294      0.350  34.634855    12.1498     6.8403      0.347    29.6992    22.4487 -9.990e-29
 159.629300      0.271  33.676458    12.1516     7.7858      0.269    28.7883    21.7428 -9.990e-29
 159.629306      0.190  30.974757    12.1517     7.5903      0.188    26.2451    19.7740 -9.990e-29
 159.629311      0.124  28.847721    12.1536     7.5340      0.123    24.2633    18.2408 -9.990e-29
 159.629317      0.080  30.808233    12.1567     7.3705      0.079    26.0859    19.6500 -9.990e-29
 159.629323      0.048  33.567034    12.1572     7.2525      0.048    28.6805    21.6583 -9.990e-29
 159.629329      0.012  34.507896    12.1540     7.1664      0.012    29.5753    22.3520 -9.990e-29
 159.629334     -0.029  34.862354    12.1469     7.1310     -0.029    29.9181    22.6189 -9.990e-29
 159.629340     -0.070  34.815794    12.1377     7.1008     -0.069    29.8812    22.5919 -9.990e-29
 159.629346     -0.109  33.972997    12.1300     7.1095     -0.108    29.0862    21.9774 -9.990e-29
 159.629352     -0.145  31.213594    12.1258     7.1518     -0.144    26.4871    19.9658 -9.990e-29
 159.629358     -0.174  24.225300    12.1244     7.1613     -0.173    20.0430    14.9842 -9.990e-29
 159.629363     -0.200  14.988554    12.1234     7.1692     -0.198    11.8768     8.6805 -9.990e-29
 159.629369     -0.219   9.013347    12.1210     7.2025     -0.217     6.8570     4.8046 -9.990e-29
 159.629375     -0.228   6.409194    12.1180     7.2173     -0.226     4.7561     3.1802 -9.990e-29
 159.629381     -0.229   4.862886    12.1161     7.2510     -0.227     3.5412     2.2397 -9.990e-29
 159.629387     -0.224   3.815138    12.1149 -9.990e-29     -0.222     2.7352     1.6149 -9.990e-29
 159.629392     -0.219   3.115988    12.1132 -9.990e-29     -0.217     2.2065     1.2048 -9.990e-29
 159.629398     -0.213   2.825298    12.1110 -9.990e-29     -0.211     1.9892     1.0364 -9.990e-29
 159.629404     -0.210   2.812286    12.1089 -9.990e-29     -0.208     1.9796     1.0292 -9.990e-29
 159.629410     -0.209   2.844420    12.1079 -9.990e-29     -0.207     2.0036     1.0479 -9.990e-29
 159.629416     -0.207   2.853065    12.1077 -9.990e-29     -0.205     2.0101     1.0530 -9.990e-29
 159.629421     -0.207   2.966769    12.1074 -9.990e-29     -0.205     2.0950     1.1190 -9.990e-29
 159.629427     -0.214   3.044257    12.1075 -9.990e-29     -0.212     2.1530     1.1640 -9.990e-29
 159.629433     -0.223   2.884870    12.1078 -9.990e-29     -0.221     2.0338     1.0714 -9.990e-29
 159.629439     -0.228   2.630542 -9.990e-29 -9.990e-29     -0.226 -9.990e-29 -9.990e-29 -9.990e-29
