data/oxygen options/ONMS/Olympic_Coast_National_Marine_Sanctuary_CTD_Data_2005_2023/raw_data/2011/CAST_TH015_072811faed.cnv
* Sea-Bird SBE19 Data File:
* FileName = C:\Documents and Settings\OCNMS\Desktop\2011 mooring data\2nd service\CAST_TH015_072811.hex
* Software Version 1.24
* Temperature SN = 2997
* Conductivity SN = 2997
* System UpLoad Time = Jul 28 2011 19:03:26
** CAST_TH015_072811
* SEACAT PROFILER V3.1c SN 2997   07/28/11  19:02:10.387
# nquan = 9                                 
# nvalues = 885                         
# units = specified
# name 0 = timeJ: Julian Days
# name 1 = prSM: Pressure, Strain Gauge [db]
# name 2 = c0mS/cm: Conductivity [mS/cm]
# name 3 = t090C: Temperature [ITS-90, deg C]
# name 4 = sbeox0ML/L: Oxygen, SBE 43 [ml/l]
# name 5 = depSM: Depth [salt water, m], lat = 47.5
# name 6 = sal00: Salinity, Practical [PSU]
# name 7 = sigma-é00: Density [sigma-theta, kg/m^3]
# name 8 = flag: flag
# span 0 = 209.732153, 209.737269       
# span 1 =     -6.189,     12.949       
# span 2 =   0.133359,  36.439986       
# span 3 =     7.7406,    14.7615       
# span 4 =    -2.0250,    15.7725       
# span 5 =     -6.137,     12.841       
# span 6 =     0.0803,    33.4609       
# span 7 =    -0.7942,    26.1030       
# span 8 = 0.0000e+00, 0.0000e+00       
# interval = seconds: 0.5
# start_time = Jul 28 2011 17:34:18 [Instrument's time stamp, header]
# bad_flag = -9.990e-29
*END*
 209.732153     -6.189 -9.990e-29    14.7107    -2.0109     -6.137 -9.990e-29 -9.990e-29 -9.990e-29
 209.732159     -6.162   0.133359    14.7140    -2.0109     -6.111     0.0803    -0.7940 -9.990e-29
 209.732164     -6.134   0.133699    14.7161    -2.0106     -6.083     0.0805    -0.7942 -9.990e-29
 209.732170     -6.104   0.134718    14.7158    -2.0097     -6.053     0.0811    -0.7936 -9.990e-29
 209.732176     -6.074   0.137221    14.7140    -2.0088     -6.023     0.0826    -0.7922 -9.990e-29
 209.732182     -6.046   0.141594    14.7127    -2.0081     -5.996     0.0851    -0.7900 -9.990e-29
 209.732188     -6.020   0.147583    14.7128    -2.0074     -5.970     0.0887    -0.7873 -9.990e-29
 209.732193     -5.993   0.155791    14.7130    -2.0075     -5.943     0.0935    -0.7836 -9.990e-29
 209.732199     -5.964   0.167199    14.7115    -2.0075     -5.914     0.1003    -0.7781 -9.990e-29
 209.732205     -5.930   0.181887    14.7080    -2.0076     -5.881     0.1090    -0.7708 -9.990e-29
 209.732211     -5.890   0.201724    14.7040    -2.0077     -5.841     0.1209    -0.7610 -9.990e-29
 209.732216     -5.845   0.231571    14.7014    -2.0078     -5.796     0.1389    -0.7466 -9.990e-29
 209.732222     -5.801   0.277455    14.7013    -2.0079     -5.753     0.1667    -0.7250 -9.990e-29
 209.732228     -5.764   0.344644    14.7029    -2.0082     -5.716     0.2079    -0.6933 -9.990e-29
 209.732234     -5.735   0.428052    14.7039    -2.0087     -5.687     0.2595    -0.6534 -9.990e-29
 209.732240     -5.713   0.513209    14.7037    -2.0089     -5.665     0.3128    -0.6121 -9.990e-29
 209.732245     -5.697   0.592397    14.7037    -2.0093     -5.650     0.3628    -0.5734 -9.990e-29
 209.732251     -5.681   0.652146    14.7047    -2.0095     -5.634     0.4007    -0.5442 -9.990e-29
 209.732257     -5.659   0.676321    14.7057    -2.0094     -5.612     0.4161    -0.5324 -9.990e-29
 209.732263     -5.631   0.674451    14.7061    -2.0099     -5.584     0.4149    -0.5334 -9.990e-29
 209.732269     -5.595   0.663429    14.7059    -2.0102     -5.548     0.4078    -0.5388 -9.990e-29
 209.732274     -5.552   0.649602    14.7041    -2.0104     -5.506     0.3991    -0.5453 -9.990e-29
 209.732280     -5.509   0.636687    14.6997    -2.0104     -5.463     0.3909    -0.5510 -9.990e-29
 209.732286     -5.467   0.626293    14.6941    -2.0101     -5.421     0.3843    -0.5553 -9.990e-29
 209.732292     -5.423   0.617300    14.6892    -2.0101     -5.378     0.3787    -0.5589 -9.990e-29
 209.732297     -5.375   0.608240    14.6846    -2.0101     -5.330     0.3730    -0.5627 -9.990e-29
 209.732303     -5.328   0.599218    14.6803    -2.0102     -5.284     0.3673    -0.5664 -9.990e-29
 209.732309     -5.292   0.591494    14.6759    -2.0101     -5.248     0.3624    -0.5695 -9.990e-29
 209.732315     -5.260   0.586401    14.6705    -2.0098     -5.216     0.3592    -0.5712 -9.990e-29
 209.732321     -5.222   0.583239    14.6658    -2.0098     -5.178     0.3573    -0.5720 -9.990e-29
 209.732326     -5.180   0.579454    14.6640    -2.0104     -5.137     0.3549    -0.5736 -9.990e-29
 209.732332     -5.135   0.573876    14.6649    -2.0110     -5.092     0.3514    -0.5765 -9.990e-29
 209.732338     -5.092   0.567931    14.6672    -2.0114     -5.050     0.3476    -0.5797 -9.990e-29
 209.732344     -5.059   0.563658    14.6692    -2.0116     -5.017     0.3449    -0.5821 -9.990e-29
 209.732350     -5.028   0.560899    14.6702    -2.0116     -4.986     0.3431    -0.5837 -9.990e-29
 209.732355     -4.998   0.557639    14.6712    -2.0114     -4.956     0.3410    -0.5854 -9.990e-29
 209.732361     -4.970   0.553408    14.6732    -2.0114     -4.929     0.3384    -0.5878 -9.990e-29
 209.732367     -4.944   0.549764    14.6748    -2.0115     -4.903     0.3360    -0.5898 -9.990e-29
 209.732373     -4.916   0.547386    14.6724    -2.0114     -4.875     0.3346    -0.5906 -9.990e-29
 209.732378     -4.887   0.545873    14.6643    -2.0114     -4.846     0.3337    -0.5901 -9.990e-29
 209.732384     -4.853   0.545423    14.6539    -2.0113     -4.813     0.3335    -0.5887 -9.990e-29
 209.732390     -4.817   0.546546    14.6451    -2.0110     -4.777     0.3343    -0.5868 -9.990e-29
 209.732396     -4.785   0.549078    14.6397    -2.0109     -4.745     0.3359    -0.5847 -9.990e-29
 209.732402     -4.759   0.552520    14.6378    -2.0108     -4.719     0.3381    -0.5828 -9.990e-29
 209.732407     -4.739   0.556479    14.6377    -2.0105     -4.700     0.3406    -0.5808 -9.990e-29
 209.732413     -4.721   0.560699    14.6375    -2.0105     -4.682     0.3433    -0.5787 -9.990e-29
 209.732419     -4.706   0.565268    14.6369    -2.0102     -4.667     0.3462    -0.5764 -9.990e-29
 209.732425     -4.693   0.570191    14.6366    -2.0100     -4.654     0.3493    -0.5739 -9.990e-29
 209.732431     -4.680   0.575388    14.6368    -2.0099     -4.641     0.3526    -0.5714 -9.990e-29
 209.732436     -4.667   0.581145    14.6378    -2.0096     -4.628     0.3562    -0.5687 -9.990e-29
 209.732442     -4.652   0.587939    14.6396    -2.0094     -4.613     0.3605    -0.5657 -9.990e-29
 209.732448     -4.636   0.595969    14.6417    -2.0090     -4.597     0.3656    -0.5620 -9.990e-29
 209.732454     -4.617   0.604868    14.6447    -2.0090     -4.579     0.3712    -0.5581 -9.990e-29
 209.732459     -4.593   0.613212    14.6488    -2.0090     -4.555     0.3764    -0.5547 -9.990e-29
 209.732465     -4.564   0.618839    14.6535    -2.0093     -4.526     0.3800    -0.5526 -9.990e-29
 209.732471     -4.532   0.620946    14.6587    -2.0095     -4.494     0.3813    -0.5524 -9.990e-29
 209.732477     -4.503   0.620683    14.6640    -2.0095     -4.465     0.3811    -0.5533 -9.990e-29
 209.732483     -4.479   0.619361    14.6689    -2.0095     -4.442     0.3802    -0.5548 -9.990e-29
 209.732488     -4.459   0.617988    14.6736    -2.0097     -4.422     0.3792    -0.5562 -9.990e-29
 209.732494     -4.442   0.618056    14.6778    -2.0098     -4.405     0.3793    -0.5568 -9.990e-29
 209.732500     -4.427   0.621318    14.6805    -2.0099     -4.390     0.3813    -0.5556 -9.990e-29
 209.732506     -4.413   0.629355    14.6813    -2.0100     -4.376     0.3864    -0.5518 -9.990e-29
 209.732512     -4.399   0.640148    14.6800    -2.0100     -4.362     0.3933    -0.5462 -9.990e-29
 209.732517     -4.384   0.647047    14.6770    -2.0098     -4.347     0.3977    -0.5424 -9.990e-29
 209.732523     -4.367   0.647068    14.6741    -2.0097     -4.331     0.3977    -0.5419 -9.990e-29
 209.732529     -4.347   0.644117    14.6726    -2.0097     -4.311     0.3959    -0.5431 -9.990e-29
 209.732535     -4.322   0.642566    14.6716    -2.0096     -4.286     0.3949    -0.5437 -9.990e-29
 209.732541     -4.292   0.642564    14.6704    -2.0097     -4.256     0.3949    -0.5436 -9.990e-29
 209.732546     -4.259   0.641341    14.6689    -2.0096     -4.223     0.3941    -0.5439 -9.990e-29
 209.732552     -4.228   0.637819    14.6673    -2.0100     -4.193     0.3919    -0.5454 -9.990e-29
 209.732558     -4.203   0.633949    14.6662    -2.0102     -4.168     0.3895    -0.5471 -9.990e-29
 209.732564     -4.181   0.631771    14.6665    -2.0101     -4.146     0.3881    -0.5483 -9.990e-29
 209.732569     -4.161   0.631152    14.6683    -2.0100     -4.126     0.3877    -0.5488 -9.990e-29
 209.732575     -4.143   0.630713    14.6702    -2.0099     -4.108     0.3874    -0.5494 -9.990e-29
 209.732581     -4.124   0.629870    14.6718    -2.0096     -4.090     0.3868    -0.5500 -9.990e-29
 209.732587     -4.104   0.628609    14.6732    -2.0095     -4.070     0.3860    -0.5509 -9.990e-29
 209.732593     -4.082   0.626355    14.6739    -2.0095     -4.048     0.3846    -0.5521 -9.990e-29
 209.732598     -4.060   0.622874    14.6725    -2.0094     -4.026     0.3824    -0.5536 -9.990e-29
 209.732604     -4.040   0.619061    14.6692    -2.0095     -4.006     0.3800    -0.5549 -9.990e-29
 209.732610     -4.019   0.615926    14.6671    -2.0098     -3.985     0.3780    -0.5562 -9.990e-29
 209.732616     -3.994   0.613719    14.6679    -2.0099     -3.961     0.3766    -0.5574 -9.990e-29
 209.732622     -3.972   0.611714    14.6706    -2.0096     -3.939     0.3753    -0.5588 -9.990e-29
 209.732627     -3.956   0.608902    14.6742    -2.0095     -3.923     0.3735    -0.5607 -9.990e-29
 209.732633     -3.946   0.605408    14.6784    -2.0096     -3.913     0.3712    -0.5631 -9.990e-29
 209.732639     -3.935   0.602115    14.6819    -2.0095     -3.902     0.3691    -0.5652 -9.990e-29
 209.732645     -3.920   0.599616    14.6838    -2.0095     -3.887     0.3675    -0.5668 -9.990e-29
 209.732650     -3.904   0.597902    14.6842    -2.0098     -3.871     0.3664    -0.5677 -9.990e-29
 209.732656     -3.889   0.596349    14.6829    -2.0099     -3.857     0.3654    -0.5682 -9.990e-29
 209.732662     -3.875   0.594550    14.6810    -2.0099     -3.843     0.3643    -0.5688 -9.990e-29
 209.732668     -3.862   0.592320    14.6808    -2.0098     -3.830     0.3629    -0.5699 -9.990e-29
 209.732674     -3.847   0.589457    14.6826    -2.0098     -3.815     0.3611    -0.5716 -9.990e-29
 209.732679     -3.831   0.586574    14.6845    -2.0096     -3.799     0.3592    -0.5733 -9.990e-29
 209.732685     -3.811   0.584812    14.6859    -2.0093     -3.779     0.3581    -0.5743 -9.990e-29
 209.732691     -3.788   0.584039    14.6870    -2.0091     -3.756     0.3576    -0.5749 -9.990e-29
 209.732697     -3.759   0.582669    14.6867    -2.0090     -3.728     0.3567    -0.5755 -9.990e-29
 209.732703     -3.727   0.579987    14.6846    -2.0090     -3.696     0.3551    -0.5765 -9.990e-29
 209.732708     -3.698   0.576846    14.6829    -2.0089     -3.667     0.3531    -0.5778 -9.990e-29
 209.732714     -3.676   0.574041    14.6830    -2.0088     -3.645     0.3513    -0.5792 -9.990e-29
 209.732720     -3.658   0.571710    14.6845    -2.0089     -3.628     0.3498    -0.5806 -9.990e-29
 209.732726     -3.643   0.569515    14.6872    -2.0090     -3.613     0.3484    -0.5820 -9.990e-29
 209.732731     -3.630   0.567298    14.6913    -2.0093     -3.600     0.3470    -0.5838 -9.990e-29
 209.732737     -3.619   0.565427    14.6961    -2.0093     -3.589     0.3458    -0.5854 -9.990e-29
 209.732743     -3.609   0.564177    14.7006    -2.0095     -3.579     0.3449    -0.5867 -9.990e-29
 209.732749     -3.599   0.563543    14.7035    -2.0097     -3.569     0.3445    -0.5875 -9.990e-29
 209.732755     -3.588   0.563237    14.7054    -2.0097     -3.558     0.3443    -0.5879 -9.990e-29
 209.732760     -3.577   0.562850    14.7072    -2.0094     -3.547     0.3440    -0.5884 -9.990e-29
 209.732766     -3.563   0.561870    14.7084    -2.0092     -3.533     0.3434    -0.5891 -9.990e-29
 209.732772     -3.547   0.559543    14.7085    -2.0090     -3.517     0.3419    -0.5902 -9.990e-29
 209.732778     -3.527   0.555535    14.7069    -2.0090     -3.498     0.3394    -0.5919 -9.990e-29
 209.732784     -3.506   0.550596    14.7037    -2.0089     -3.477     0.3363    -0.5938 -9.990e-29
 209.732789     -3.492   0.546445    14.6999    -2.0089     -3.463     0.3337    -0.5953 -9.990e-29
 209.732795     -3.484   0.544747    14.6963    -2.0090     -3.455     0.3327    -0.5956 -9.990e-29
 209.732801     -3.472   0.545453    14.6942    -2.0093     -3.443     0.3332    -0.5949 -9.990e-29
 209.732807     -3.451   0.546739    14.6953    -2.0092     -3.422     0.3340    -0.5944 -9.990e-29
 209.732812     -3.425   0.546997    14.6995    -2.0093     -3.396     0.3341    -0.5950 -9.990e-29
 209.732818     -3.401   0.546018    14.7043    -2.0092     -3.373     0.3334    -0.5962 -9.990e-29
 209.732824     -3.380   0.544161    14.7081    -2.0092     -3.352     0.3322    -0.5977 -9.990e-29
 209.732830     -3.363   0.541718    14.7106    -2.0091     -3.335     0.3307    -0.5992 -9.990e-29
 209.732836     -3.347   0.539307    14.7120    -2.0088     -3.319     0.3291    -0.6006 -9.990e-29
 209.732841     -3.331   0.537591    14.7122    -2.0087     -3.303     0.3281    -0.6015 -9.990e-29
 209.732847     -3.316   0.536499    14.7108    -2.0086     -3.288     0.3274    -0.6018 -9.990e-29
 209.732853     -3.299   0.535130    14.7089    -2.0085     -3.271     0.3265    -0.6022 -9.990e-29
 209.732859     -3.280   0.532767    14.7080    -2.0083     -3.253     0.3251    -0.6032 -9.990e-29
 209.732865     -3.257   0.530136    14.7081    -2.0082     -3.230     0.3234    -0.6045 -9.990e-29
 209.732870     -3.233   0.528712    14.7086    -2.0091     -3.206     0.3225    -0.6053 -9.990e-29
 209.732876     -3.211   0.528813    14.7102    -2.0094     -3.184     0.3226    -0.6055 -9.990e-29
 209.732882     -3.191   0.529466    14.7134    -2.0096     -3.164     0.3229    -0.6057 -9.990e-29
 209.732888     -3.173   0.529326    14.7175    -2.0096     -3.147     0.3228    -0.6064 -9.990e-29
 209.732894     -3.163   0.527652    14.7213    -2.0097     -3.137     0.3217    -0.6078 -9.990e-29
 209.732899     -3.154   0.524981    14.7248    -2.0097     -3.128     0.3200    -0.6096 -9.990e-29
 209.732905     -3.142   0.522178    14.7277    -2.0098     -3.116     0.3182    -0.6114 -9.990e-29
 209.732911     -3.130   0.519934    14.7289    -2.0100     -3.104     0.3168    -0.6127 -9.990e-29
 209.732917     -3.123   0.518579    14.7257    -2.0101     -3.097     0.3160    -0.6129 -9.990e-29
 209.732922     -3.115   0.517412    14.7182    -2.0102     -3.089     0.3153    -0.6123 -9.990e-29
 209.732928     -3.101   0.515428    14.7109    -2.0103     -3.075     0.3141    -0.6121 -9.990e-29
 209.732934     -3.085   0.512748    14.7062    -2.0101     -3.059     0.3125    -0.6127 -9.990e-29
 209.732940     -3.071   0.510782    14.7030    -2.0103     -3.045     0.3113    -0.6132 -9.990e-29
 209.732946     -3.056   0.510783    14.7006    -2.0106     -3.031     0.3113    -0.6128 -9.990e-29
 209.732951     -3.041   0.512199    14.6990    -2.0109     -3.016     0.3122    -0.6119 -9.990e-29
 209.732957     -3.024   0.513039    14.6974    -2.0109     -2.999     0.3127    -0.6112 -9.990e-29
 209.732963     -3.005   0.512207    14.6952    -2.0110     -2.980     0.3122    -0.6113 -9.990e-29
 209.732969     -2.982   0.510255    14.6932    -2.0112     -2.957     0.3110    -0.6119 -9.990e-29
 209.732975     -2.953   0.507900    14.6918    -2.0111     -2.928     0.3095    -0.6128 -9.990e-29
 209.732980     -2.921   0.505324    14.6911    -2.0112     -2.897     0.3079    -0.6140 -9.990e-29
 209.732986     -2.893   0.502966    14.6904    -2.0113     -2.869     0.3065    -0.6150 -9.990e-29
 209.732992     -2.871   0.501554    14.6876    -2.0112     -2.847     0.3056    -0.6153 -9.990e-29
 209.732998     -2.854   0.501419    14.6829    -2.0109     -2.830     0.3055    -0.6146 -9.990e-29
 209.733003     -2.840   0.501826    14.6787    -2.0107     -2.816     0.3058    -0.6138 -9.990e-29
 209.733009     -2.829   0.501104    14.6759    -2.0106     -2.805     0.3054    -0.6137 -9.990e-29
 209.733015     -2.820   0.498841    14.6733    -2.0107     -2.796     0.3040    -0.6144 -9.990e-29
 209.733021     -2.813   0.496448    14.6708    -2.0108     -2.790     0.3025    -0.6152 -9.990e-29
 209.733027     -2.806   0.495164    14.6695    -2.0106     -2.783     0.3017    -0.6156 -9.990e-29
 209.733032     -2.800   0.494935    14.6688    -2.0105     -2.777     0.3016    -0.6156 -9.990e-29
 209.733038     -2.795   0.494900    14.6690    -2.0105     -2.772     0.3015    -0.6157 -9.990e-29
 209.733044     -2.789   0.494458    14.6715    -2.0106     -2.766     0.3013    -0.6163 -9.990e-29
 209.733050     -2.782   0.493572    14.6757    -2.0105     -2.759     0.3007    -0.6173 -9.990e-29
 209.733056     -2.775   0.492168    14.6799    -2.0106     -2.752     0.2998    -0.6187 -9.990e-29
 209.733061     -2.766   0.490033    14.6825    -2.0105     -2.743     0.2984    -0.6201 -9.990e-29
 209.733067     -2.756   0.487641    14.6832    -2.0104     -2.733     0.2969    -0.6214 -9.990e-29
 209.733073     -2.743   0.485677    14.6837    -2.0104     -2.720     0.2957    -0.6224 -9.990e-29
