data/oxygen options/ONMS/Olympic_Coast_National_Marine_Sanctuary_CTD_Data_2005_2023/raw_data/2011/CAST_CA042_100511faed.cnv
* Sea-Bird SBE19 Data File:
* FileName = C:\Documents and Settings\OCNMS\Desktop\2011 mooring data\3rd service\CAST_CA042_100511.hex
* Software Version 1.24
* Temperature SN = 2997
* Conductivity SN = 2997
* System UpLoad Time = Oct 05 2011 14:56:33
** CAST_CA042_100511
* SEACAT PROFILER V3.1c SN 2997   10/05/11  14:56:06.542
# nquan = 9                                 
# nvalues = 1336                        
# units = specified
# name 0 = timeJ: Julian Days
# name 1 = prSM: Pressure, Strain Gauge [db]
# name 2 = c0mS/cm: Conductivity [mS/cm]
# name 3 = t090C: Temperature [ITS-90, deg C]
# name 4 = sbeox0ML/L: Oxygen, SBE 43 [ml/l]
# name 5 = depSM: Depth [salt water, m], lat = 47.5
# name 6 = sal00: Salinity, Practical [PSU]
# name 7 = sigma-é00: Density [sigma-theta, kg/m^3]
# name 8 = flag: flag
# span 0 = 278.424757, 278.432483       
# span 1 =     -5.469,     44.840       
# span 2 =   0.196651,  38.229329       
# span 3 =    12.0046,    13.8686       
# span 4 =    -2.1303,    15.2330       
# span 5 =     -5.423,     44.461       
# span 6 =     0.1238,    31.6590       
# span 7 =    -0.4803,    23.6350       
# span 8 = 0.0000e+00, 0.0000e+00       
# interval = seconds: 0.5
# start_time = Oct 05 2011 10:11:39 [Instrument's time stamp, header]
# bad_flag = -9.990e-29
*END*
[from data line 641]
 278.428466      0.941  36.741714    13.6433    -1.7052      0.933    30.4844    22.7718 -9.990e-29
 278.428472      0.931  36.739245    13.6437    -1.7052      0.923    30.4818    22.7697 -9.990e-29
 278.428478      0.922  36.741506    13.6439    11.3842      0.914    30.4837    22.7711 -9.990e-29
 278.428484      0.922  36.739181    13.6438    15.0117      0.914    30.4817    22.7696 -9.990e-29
 278.428490      0.932  36.728045    13.6435    15.2330      0.924    30.4716    22.7619 -9.990e-29
 278.428495      0.943  36.715641    13.6431    12.2105      0.935    30.4605    22.7534 -9.990e-29
 278.428501      0.952  36.706705    13.6426     5.8952      0.944    30.4527    22.7474 -9.990e-29
 278.428507      0.960  36.701076    13.6424     5.9369      0.952    30.4476    22.7436 -9.990e-29
 278.428513      0.966  36.698520    13.6425     6.0414      0.958    30.4452    22.7417 -9.990e-29
 278.428519      0.972  36.698422    13.6426     6.0613      0.964    30.4450    22.7415 -9.990e-29
 278.428524      0.978  36.702323    13.6426     6.0316      0.970    30.4486    22.7443 -9.990e-29
 278.428530      0.979  36.717096    13.6426     5.9821      0.971    30.4623    22.7548 -9.990e-29
 278.428536      0.972  36.758509    13.6426     5.9404      0.964    30.5004    22.7843 -9.990e-29
 278.428542      0.964  36.817367    13.6421     5.9027      0.956    30.5551    22.8266 -9.990e-29
 278.428547      0.965  36.856206    13.6417     5.8764      0.957    30.5913    22.8546 -9.990e-29
 278.428553      0.968  36.869679    13.6415     5.8672      0.960    30.6038    22.8643 -9.990e-29
 278.428559      0.971  36.874061    13.6413     5.8618      0.963    30.6081    22.8676 -9.990e-29
 278.428565      0.974  36.875187    13.6412     5.8332      0.966    30.6092    22.8685 -9.990e-29
 278.428571      0.977  36.875669    13.6414     5.8156      0.969    30.6095    22.8687 -9.990e-29
 278.428576      0.980  36.876704    13.6422     5.7886      0.972    30.6098    22.8688 -9.990e-29
 278.428582      0.983  36.878542    13.6437     5.7927      0.975    30.6103    22.8689 -9.990e-29
 278.428588      0.986  36.880265    13.6450     5.8058      0.978    30.6108    22.8690 -9.990e-29
 278.428594      0.990  36.880801    13.6451     5.8136      0.982    30.6112    22.8693 -9.990e-29
 278.428600      0.994  36.880299    13.6443     5.8157      0.986    30.6114    22.8696 -9.990e-29
 278.428605      1.000  36.879761    13.6435     5.8062      0.992    30.6115    22.8699 -9.990e-29
 278.428611      1.007  36.879584    13.6430     5.8007      0.999    30.6118    22.8702 -9.990e-29
 278.428617      1.016  36.879521    13.6432     5.8123      1.008    30.6116    22.8699 -9.990e-29
 278.428623      1.023  36.880042    13.6443     5.8238      1.014    30.6112    22.8694 -9.990e-29
 278.428628      1.025  36.881833    13.6459     5.8412      1.016    30.6115    22.8694 -9.990e-29
 278.428634      1.026  36.883911    13.6473     5.8489      1.017    30.6123    22.8697 -9.990e-29
 278.428640      1.025  36.884561    13.6480     5.8335      1.016    30.6124    22.8696 -9.990e-29
 278.428646      1.019  36.884080    13.6479     5.8240      1.010    30.6120    22.8694 -9.990e-29
 278.428652      1.011  36.883499    13.6474     5.8144      1.003    30.6119    22.8694 -9.990e-29
 278.428657      1.005  36.882597    13.6466     5.8203      0.997    30.6117    22.8694 -9.990e-29
 278.428663      1.001  36.881281    13.6457     5.8415      0.993    30.6112    22.8692 -9.990e-29
 278.428669      0.999  36.880031    13.6447     5.8454      0.991    30.6108    22.8691 -9.990e-29
 278.428675      0.998  36.879410    13.6440     5.8432      0.990    30.6108    22.8692 -9.990e-29
 278.428681      0.998  36.879705    13.6434     5.8351      0.990    30.6116    22.8699 -9.990e-29
 278.428686      1.000  36.880181    13.6431     5.8199      0.992    30.6122    22.8705 -9.990e-29
 278.428692      1.003  36.880342    13.6431     5.8182      0.995    30.6124    22.8706 -9.990e-29
 278.428698      1.008  36.880396    13.6434     5.8184      1.000    30.6122    22.8704 -9.990e-29
 278.428704      1.015  36.880405    13.6435     5.8282      1.007    30.6121    22.8703 -9.990e-29
 278.428709      1.024  36.880374    13.6434     5.8338      1.015    30.6122    22.8704 -9.990e-29
 278.428715      1.036  36.880254    13.6432     5.8181      1.027    30.6122    22.8705 -9.990e-29
 278.428721      1.047  36.880437    13.6435     5.8045      1.038    30.6121    22.8703 -9.990e-29
 278.428727      1.051  36.881158    13.6445     5.7988      1.042    30.6120    22.8700 -9.990e-29
 278.428733      1.046  36.881690    13.6458     5.8107      1.037    30.6115    22.8694 -9.990e-29
 278.428738      1.041  36.882175    13.6463     5.8221      1.032    30.6115    22.8693 -9.990e-29
 278.428744      1.040  36.882691    13.6455     5.8186      1.031    30.6126    22.8703 -9.990e-29
 278.428750      1.044  36.882240    13.6444     5.8224      1.035    30.6131    22.8709 -9.990e-29
 278.428756      1.051  36.881331    13.6440     5.8202      1.042    30.6126    22.8706 -9.990e-29
 278.428762      1.060  36.880985    13.6444     5.8295      1.051    30.6119    22.8700 -9.990e-29
 278.428767      1.060  36.881292    13.6452     5.8177      1.051    30.6116    22.8696 -9.990e-29
 278.428773      1.053  36.882092    13.6459     5.8105      1.044    30.6118    22.8696 -9.990e-29
 278.428779      1.047  36.882765    13.6457     5.8083      1.038    30.6125    22.8702 -9.990e-29
 278.428785      1.045  36.882520    13.6444     5.8084      1.036    30.6133    22.8711 -9.990e-29
 278.428791      1.048  36.881582    13.6432     5.8160      1.039    30.6134    22.8714 -9.990e-29
 278.428796      1.054  36.880934    13.6427     5.8085      1.045    30.6132    22.8714 -9.990e-29
 278.428802      1.062  36.880824    13.6430     5.7989      1.053    30.6129    22.8710 -9.990e-29
 278.428808      1.062  36.881096    13.6443     5.8047      1.053    30.6121    22.8702 -9.990e-29
 278.428814      1.055  36.881543    13.6460     5.8162      1.046    30.6112    22.8691 -9.990e-29
 278.428819      1.048  36.881632    13.6471     5.8238      1.039    30.6104    22.8683 -9.990e-29
 278.428825      1.046  36.881476    13.6474     5.8334      1.037    30.6100    22.8679 -9.990e-29
 278.428831      1.044  36.881421    13.6473     5.8373      1.035    30.6100    22.8679 -9.990e-29
 278.428837      1.038  36.881383    13.6471     5.8433      1.029    30.6101    22.8681 -9.990e-29
 278.428843      1.031  36.881303    13.6466     5.8509      1.022    30.6105    22.8684 -9.990e-29
 278.428848      1.028  36.881068    13.6457     5.8317      1.019    30.6110    22.8690 -9.990e-29
 278.428854      1.028  36.880917    13.6448     5.8220      1.019    30.6116    22.8696 -9.990e-29
 278.428860      1.031  36.881201    13.6444     5.7932      1.022    30.6121    22.8702 -9.990e-29
 278.428866      1.037  36.881728    13.6444     5.7796      1.028    30.6126    22.8705 -9.990e-29
 278.428872      1.048  36.882074    13.6443     5.7702      1.039    30.6130    22.8709 -9.990e-29
 278.428877      1.062  36.882132    13.6440     5.7874      1.053    30.6133    22.8711 -9.990e-29
 278.428883      1.083  36.882530    13.6439     5.8204      1.074    30.6137    22.8715 -9.990e-29
 278.428889      1.110  36.883233    13.6439     5.8321      1.101    30.6144    22.8720 -9.990e-29
 278.428895      1.141  36.883489    13.6441     5.8438      1.131    30.6144    22.8720 -9.990e-29
 278.428900      1.169  36.883631    13.6443     5.8574      1.159    30.6144    22.8719 -9.990e-29
 278.428906      1.193  36.883839    13.6446     5.8557      1.183    30.6143    22.8718 -9.990e-29
 278.428912      1.218  36.883822    13.6451     5.8461      1.208    30.6139    22.8714 -9.990e-29
 278.428918      1.254  36.883549    13.6455     5.8505      1.244    30.6133    22.8709 -9.990e-29
 278.428924      1.307  36.883211    13.6455     5.8507      1.296    30.6130    22.8706 -9.990e-29
 278.428929      1.377  36.882909    13.6450     5.8471      1.366    30.6131    22.8708 -9.990e-29
 278.428935      1.464  36.882230    13.6439     5.8532      1.452    30.6133    22.8712 -9.990e-29
 278.428941      1.574  36.881382    13.6429     5.8457      1.561    30.6133    22.8714 -9.990e-29
 278.428947      1.704  36.880907    13.6423     5.8362      1.690    30.6133    22.8715 0.0000e+00
 278.428953      1.846  36.880722    13.6419     5.8440      1.831    30.6134    22.8716 0.0000e+00
 278.428958      1.996  36.880576    13.6417     5.8422      1.979    30.6134    22.8717 0.0000e+00
 278.428964      2.156  36.880271    13.6412     5.8289      2.138    30.6134    22.8718 0.0000e+00
 278.428970      2.326  36.879958    13.6405     5.8351      2.307    30.6136    22.8721 0.0000e+00
 278.428976      2.508  36.879776    13.6398     5.8409      2.487    30.6139    22.8725 0.0000e+00
 278.428981      2.703  36.879482    13.6389     5.8465      2.680    30.6143    22.8730 0.0000e+00
 278.428987      2.904  36.879243    13.6381     5.8446      2.880    30.6147    22.8734 0.0000e+00
 278.428993      3.108  36.879300    13.6373     5.8218      3.082    30.6153    22.8741 0.0000e+00
 278.428999      3.311  36.879728    13.6366     5.8065      3.283    30.6162    22.8749 0.0000e+00
 278.429005      3.511  36.880535    13.6362     5.8145      3.482    30.6171    22.8757 0.0000e+00
 278.429010      3.715  36.881676    13.6360     5.8086      3.684    30.6183    22.8766 0.0000e+00
 278.429016      3.925  36.882990    13.6358     5.8145      3.892    30.6196    22.8777 0.0000e+00
 278.429022      4.143  36.884551    13.6358     5.8165      4.108    30.6209    22.8787 0.0000e+00
 278.429028      4.357  36.886758    13.6360     5.8013      4.321    30.6227    22.8801 0.0000e+00
 278.429034      4.554  36.888630    13.6361     5.8212      4.516    30.6243    22.8813 0.0000e+00
 278.429039      4.738  36.889300    13.6357     5.8096      4.698    30.6252    22.8821 0.0000e+00
 278.429045      4.922  36.889661    13.6353     5.8251      4.881    30.6258    22.8826 0.0000e+00
 278.429051      5.112  36.890755    13.6352     5.8329      5.069    30.6268    22.8834 0.0000e+00
 278.429057      5.308  36.892362    13.6352     5.8057      5.264    30.6282    22.8845 0.0000e+00
 278.429062      5.505  36.893260    13.6353     5.8118      5.459    30.6289    22.8850 0.0000e+00
 278.429068      5.703  36.892967    13.6355     5.7909      5.655    30.6284    22.8846 0.0000e+00
 278.429074      5.910  36.891651    13.6356     5.8005      5.861    30.6270    22.8835 0.0000e+00
 278.429080      6.136  36.890357    13.6355     5.7967      6.085    30.6258    22.8826 0.0000e+00
 278.429086      6.376  36.890719    13.6353     5.7926      6.323    30.6262    22.8830 0.0000e+00
 278.429091      6.617  36.892098    13.6352     5.7981      6.562    30.6275    22.8840 0.0000e+00
 278.429097      6.843  36.892972    13.6349     5.7906      6.786    30.6284    22.8848 0.0000e+00
 278.429103      7.053  36.893381    13.6346     5.8116      6.994    30.6290    22.8853 0.0000e+00
 278.429109      7.255  36.893869    13.6347     5.8152      7.194    30.6292    22.8855 0.0000e+00
 278.429115      7.457  36.895647    13.6349     5.8325      7.395    30.6307    22.8865 0.0000e+00
 278.429120      7.660  36.898287    13.6349     5.8284      7.596    30.6330    22.8883 0.0000e+00
 278.429126      7.860  36.899706    13.6350     5.8190      7.794    30.6342    22.8892 0.0000e+00
 278.429132      8.056  36.900113    13.6352     5.7989      7.989    30.6343    22.8893 0.0000e+00
 278.429138      8.252  36.900613    13.6352     5.7864      8.183    30.6347    22.8896 0.0000e+00
 278.429144      8.456  36.902430    13.6353     5.7896      8.385    30.6362    22.8908 0.0000e+00
 278.429149      8.682  36.907427    13.6354     5.8018      8.609    30.6407    22.8942 0.0000e+00
 278.429155      8.931  36.915544    13.6358     5.8184      8.856    30.6477    22.8996 0.0000e+00
 278.429161      9.188  36.925282    13.6367     5.8196      9.111    30.6559    22.9057 0.0000e+00
 278.429167      9.440  36.935621    13.6377     5.8042      9.361    30.6646    22.9122 0.0000e+00
 278.429172      9.682  36.944661    13.6384     5.8003      9.601    30.6722    22.9180 0.0000e+00
 278.429178      9.917  36.952131    13.6393     5.7957      9.834    30.6783    22.9225 0.0000e+00
 278.429184     10.145  36.961271    13.6409     5.8113     10.060    30.6854    22.9277 0.0000e+00
 278.429190     10.365  36.976986    13.6436     5.8094     10.278    30.6976    22.9366 0.0000e+00
 278.429196     10.578  37.006226    13.6467     5.7964     10.489    30.7221    22.9548 0.0000e+00
 278.429201     10.788  37.042051    13.6491     5.7949     10.698    30.7531    22.9783 0.0000e+00
 278.429207     10.997  37.065577    13.6516     5.7808     10.905    30.7727    22.9930 0.0000e+00
 278.429213     11.205  37.079607    13.6561     5.7914     11.111    30.7820    22.9993 0.0000e+00
 278.429219     11.420  37.103406    13.6644     5.8025     11.324    30.7972    23.0094 0.0000e+00
 278.429225     11.648  37.156946    13.6759     5.8017     11.550    30.8373    23.0380 0.0000e+00
 278.429230     11.885  37.239360    13.6872     5.7933     11.785    30.9041    23.0874 0.0000e+00
 278.429236     12.131  37.318267    13.6959     5.7832     12.029    30.9698    23.1364 0.0000e+00
 278.429242     12.379  37.375097    13.7020     5.7783     12.275    31.0172    23.1718 0.0000e+00
 278.429248     12.619  37.410568    13.7062     5.7805     12.513    31.0465    23.1935 0.0000e+00
 278.429253     12.850  37.429406    13.7101     5.7994     12.742    31.0606    23.2037 0.0000e+00
 278.429259     13.077  37.456168    13.7161     5.7949     12.967    31.0804    23.2177 0.0000e+00
 278.429265     13.302  37.505812    13.7232     5.7908     13.191    31.1203    23.2472 0.0000e+00
 278.429271     13.523  37.553791    13.7289     5.7784     13.410    31.1599    23.2766 0.0000e+00
 278.429277     13.740  37.581178    13.7336     5.7695     13.625    31.1813    23.2921 0.0000e+00
 278.429282     13.958  37.601525    13.7395     5.7641     13.841    31.1952    23.3017 0.0000e+00
 278.429288     14.179  37.633557    13.7470     5.7639     14.060    31.2185    23.3182 0.0000e+00
 278.429294     14.400  37.677974    13.7540     5.7677     14.279    31.2537    23.3440 0.0000e+00
 278.429300     14.617  37.717820    13.7582     5.7624     14.494    31.2870    23.3689 0.0000e+00
 278.429306     14.823  37.740687    13.7600     5.7637     14.699    31.3066    23.3836 0.0000e+00
 278.429311     15.014  37.751859    13.7619     5.7530     14.888    31.3153    23.3899 0.0000e+00
 278.429317     15.197  37.765112    13.7657     5.7501     15.070    31.3243    23.3962 0.0000e+00
 278.429323     15.381  37.789152    13.7710     5.7453     15.252    31.3421    23.4088 0.0000e+00
 278.429329     15.572  37.819624    13.7769     5.7752     15.441    31.3653    23.4256 0.0000e+00
 278.429334     15.778  37.847863    13.7823     5.7798     15.646    31.3869    23.4411 0.0000e+00
 278.429340     16.000  37.873994    13.7865     5.7797     15.866    31.4075    23.4562 0.0000e+00
 278.429346     16.230  37.897007    13.7895     5.7759     16.094    31.4262    23.4700 0.0000e+00
 278.429352     16.457  37.911175    13.7913     5.7621     16.319    31.4377    23.4786 0.0000e+00
 278.429358     16.674  37.918024    13.7935     5.7729     16.534    31.4421    23.4816 0.0000e+00
 278.429363     16.887  37.928365    13.7985     5.7674     16.745    31.4475    23.4847 0.0000e+00
 278.429369     17.108  37.957103    13.8067     5.7881     16.965    31.4672    23.4983 0.0000e+00
 278.429375     17.340  38.005588    13.8153     5.7842     17.195    31.5048    23.5255 0.0000e+00
 278.429381     17.567  38.051081    13.8210     5.7805     17.420    31.5420    23.5531 0.0000e+00
