data/oxygen options/ONMS/Olympic_Coast_National_Marine_Sanctuary_CTD_Data_2005_2023/raw_data/2011/CAST_CA042_100511faed.cnv
* Sea-Bird SBE19 Data File:
* FileName = C:\Documents and Settings\OCNMS\Desktop\2011 mooring data\3rd service\CAST_CA042_100511.hex
* Software Version 1.24
* Temperature SN = 2997
* Conductivity SN = 2997
* System UpLoad Time = Oct 05 2011 14:56:33
** CAST_CA042_100511
* SEACAT PROFILER V3.1c SN 2997   10/05/11  14:56:06.542
# nquan = 9                                 
# nvalues = 1336                        
# units = specified
# name 0 = timeJ: Julian Days
# name 1 = prSM: Pressure, Strain Gauge [db]
# name 2 = c0mS/cm: Conductivity [mS/cm]
# name 3 = t090C: Temperature [ITS-90, deg C]
# name 4 = sbeox0ML/L: Oxygen, SBE 43 [ml/l]
# name 5 = depSM: Depth [salt water, m], lat = 47.5
# name 6 = sal00: Salinity, Practical [PSU]
# name 7 = sigma-é00: Density [sigma-theta, kg/m^3]
# name 8 = flag: flag
# span 0 = 278.424757, 278.432483       
# span 1 =     -5.469,     44.840       
# span 2 =   0.196651,  38.229329       
# span 3 =    12.0046,    13.8686       
# span 4 =    -2.1303,    15.2330       
# span 5 =     -5.423,     44.461       
# span 6 =     0.1238,    31.6590       
# span 7 =    -0.4803,    23.6350       
# span 8 = 0.0000e+00, 0.0000e+00       
# interval = seconds: 0.5
# start_time = Oct 05 2011 10:11:39 [Instrument's time stamp, header]
# bad_flag = -9.990e-29
*END*
[from data line 1281]
 278.432170      8.900  36.919151    13.6369     5.8603      8.826    30.6502    22.9012 0.0000e+00
 278.432176      8.509  36.913480    13.6359     5.8488      8.438    30.6459    22.8981 0.0000e+00
 278.432182      8.113  36.908515    13.6355     5.8388      8.045    30.6418    22.8950 0.0000e+00
 278.432188      7.712  36.903822    13.6358     5.8343      7.647    30.6374    22.8915 0.0000e+00
 278.432193      7.311  36.900451    13.6364     5.8343      7.250    30.6339    22.8888 0.0000e+00
 278.432199      6.914  36.897850    13.6369     5.8339      6.856    30.6313    22.8866 0.0000e+00
 278.432205      6.521  36.895377    13.6372     5.8415      6.466    30.6289    22.8847 0.0000e+00
 278.432211      6.138  36.893122    13.6372     5.8663      6.087    30.6270    22.8832 0.0000e+00
 278.432216      5.771  36.890902    13.6368     5.8717      5.723    30.6254    22.8820 0.0000e+00
 278.432222      5.417  36.888582    13.6366     5.8619      5.372    30.6235    22.8806 0.0000e+00
 278.432228      5.071  36.887016    13.6369     5.8501      5.029    30.6220    22.8794 0.0000e+00
 278.432234      4.724  36.886379    13.6373     5.8460      4.685    30.6212    22.8787 0.0000e+00
 278.432240      4.367  36.885845    13.6375     5.8574      4.331    30.6207    22.8782 0.0000e+00
 278.432245      4.007  36.885286    13.6375     6.8884      3.974    30.6203    22.8779 0.0000e+00
 278.432251      3.660  36.884543    13.6376     6.9848      3.629    30.6197    22.8774 0.0000e+00
 278.432257      3.329  36.883211    13.6378     6.5324      3.301    30.6184    22.8764 0.0000e+00
 278.432263      3.010  36.880099    13.6381     6.2566      2.985    30.6154    22.8740 0.0000e+00
 278.432269      2.701  36.870521    13.6382     6.7127      2.678    30.6066    22.8672 0.0000e+00
 278.432274      2.403  36.842291    13.6383     6.9264      2.383    30.5806    22.8471 0.0000e+00
 278.432280      2.123  36.760035    13.6384     6.9539      2.105    30.5048    22.7885 0.0000e+00
 278.432286      1.864  36.515224    13.6375     6.9977      1.848    30.2799    22.6151 0.0000e+00
 278.432292      1.627  35.781467    13.6331     7.1343      1.613    29.6085    22.0977 0.0000e+00
 278.432297      1.410  33.579886    13.6176     7.4686      1.398    27.6071    20.5566 0.0000e+00
 278.432303      1.212  26.973384    13.5745     7.6115      1.202    21.7057    16.0182 0.0000e+00
 278.432309      1.042  17.286585    13.4909     7.5537      1.033    13.3765     9.6263 0.0000e+00
 278.432315      0.907  12.778842    13.3769     7.4978      0.899     9.6676     6.7922 -9.990e-29
 278.432321      0.800  14.940613    13.2522     7.4348      0.793    11.4883     8.2121 -9.990e-29
 278.432326      0.717  16.067868    13.1299     7.4369      0.711    12.4719     8.9880 -9.990e-29
 278.432332      0.652  12.461966    13.0185     7.4204      0.647     9.4972     6.7151 -9.990e-29
 278.432338      0.600   7.941064    12.9178     7.4339      0.595     5.8596     3.9262 -9.990e-29
 278.432344      0.558   5.769362    12.8199     7.4373      0.553     4.1719     2.6367 -9.990e-29
 278.432350      0.524   5.288942    12.7229     7.4667      0.520     3.8116     2.3711 -9.990e-29
 278.432355      0.496   5.115784    12.6302     7.4756      0.492     3.6876     2.2874 -9.990e-29
 278.432361      0.471   4.775865    12.5421     7.4929      0.467     3.4348     2.1032 -9.990e-29
 278.432367      0.452   4.563848    12.4594     7.5054      0.448     3.2797     1.9938 -9.990e-29
 278.432373      0.443   4.660067    12.3894     7.4565      0.439     3.3596     2.0646 -9.990e-29
 278.432378      0.439   4.797567    12.3400     7.4033      0.435     3.4699     2.1563 -9.990e-29
 278.432384      0.435   4.784422    12.3122     7.3864      0.431     3.4623     2.1539 -9.990e-29
 278.432390      0.430   4.767428    12.2988     7.4001      0.426     3.4504     2.1464 -9.990e-29
 278.432396      0.425   4.808837    12.2920     7.4286      0.421     3.4830     2.1725 -9.990e-29
 278.432402      0.419   4.661818    12.2885     7.4627      0.416     3.3699     2.0854 -9.990e-29
 278.432407      0.412   4.321365    12.2871     7.4780      0.409     3.1085     1.8831 -9.990e-29
 278.432413      0.404   4.009744    12.2873     7.5094      0.401     2.8706     1.6986 -9.990e-29
 278.432419      0.393   3.786035    12.2873     7.5115      0.390     2.7006     1.5669 -9.990e-29
 278.432425      0.380   3.642194    12.2833     7.4900      0.377     2.5921     1.4832 -9.990e-29
 278.432431      0.367   3.563248    12.2731 -9.990e-29      0.364     2.5331     1.4387 -9.990e-29
 278.432436      0.362   3.565262    12.2587 -9.990e-29      0.359     2.5356     1.4424 -9.990e-29
 278.432442      0.365   3.631138    12.2408 -9.990e-29      0.362     2.5866     1.4842 -9.990e-29
 278.432448      0.369   3.639165    12.2166 -9.990e-29      0.366     2.5943     1.4932 -9.990e-29
 278.432454      0.367   3.516818    12.1864 -9.990e-29      0.364     2.5038     1.4267 -9.990e-29
 278.432459      0.366   3.300717    12.1537 -9.990e-29      0.363     2.3429     1.3058 -9.990e-29
 278.432465      0.368   3.053357    12.1217 -9.990e-29      0.365     2.1590     1.1670 -9.990e-29
 278.432471      0.371   2.817699    12.0962 -9.990e-29      0.368     1.9843     1.0344 -9.990e-29
 278.432477      0.369   2.648908    12.0862 -9.990e-29      0.366     1.8593     0.9384 -9.990e-29
 278.432483      0.367   2.647447 -9.990e-29 -9.990e-29      0.364 -9.990e-29 -9.990e-29 -9.990e-29
