data/oxygen options/ONMS/Olympic_Coast_National_Marine_Sanctuary_CTD_Data_2005_2023/raw_data/2011/CAST_CA065_100511faed.cnv
* Sea-Bird SBE19 Data File:
* FileName = C:\Documents and Settings\OCNMS\Desktop\2011 mooring data\4th service\CAST_CA065_100511.hex
* Software Version 1.24
* Temperature SN = 2997
* Conductivity SN = 2997
* System UpLoad Time = Oct 05 2011 14:54:03
** CAST_CA065_100511
* SEACAT PROFILER V3.1c SN 2997   10/05/11  14:53:10.199
# nquan = 9                                 
# nvalues = 2356                        
# units = specified
# name 0 = timeJ: Julian Days
# name 1 = prSM: Pressure, Strain Gauge [db]
# name 2 = c0mS/cm: Conductivity [mS/cm]
# name 3 = t090C: Temperature [ITS-90, deg C]
# name 4 = sbeox0ML/L: Oxygen, SBE 43 [ml/l]
# name 5 = depSM: Depth [salt water, m], lat = 47.5
# name 6 = sal00: Salinity, Practical [PSU]
# name 7 = sigma-é00: Density [sigma-theta, kg/m^3]
# name 8 = flag: flag
# span 0 = 278.377604, 278.391233       
# span 1 =     -5.156,     69.366       
# span 2 =   0.007384,  38.303823       
# span 3 =     9.4296,    13.8423       
# span 4 =    -2.1302,    15.0563       
# span 5 =     -5.113,     68.776       
# span 6 =     0.0091,    32.9570       
# span 7 =    -0.5680,    25.4476       
# span 8 = 0.0000e+00, 0.0000e+00       
# interval = seconds: 0.5
# start_time = Oct 05 2011 09:03:45 [Instrument's time stamp, header]
# bad_flag = -9.990e-29
*END*
[from data line 1281]
 278.385017      0.575   0.015701    12.5621    -2.1076      0.570     0.0136    -0.5562 -9.990e-29
 278.385023      0.570   0.015701    12.5640    -2.1077      0.565     0.0136    -0.5564 -9.990e-29
 278.385029      0.564   0.015700    12.5653    -2.1079      0.559     0.0136    -0.5566 -9.990e-29
 278.385035      0.566   0.015700    12.5641    -2.1080      0.561     0.0136    -0.5564 -9.990e-29
 278.385041      0.572   0.015700    12.5613    -2.1081      0.567     0.0136    -0.5561 -9.990e-29
 278.385046      0.578   0.015699    12.5586    -2.1081      0.573     0.0136    -0.5558 -9.990e-29
 278.385052      0.584   0.015699    12.5573    -2.1080      0.579     0.0136    -0.5556 -9.990e-29
 278.385058      0.591   0.015699    12.5575    -2.1079      0.586     0.0136    -0.5556 -9.990e-29
 278.385064      0.595   0.015699    12.5581    -2.1079      0.590     0.0136    -0.5557 -9.990e-29
 278.385069      0.592   0.015698    12.5576    -2.1079      0.587     0.0136    -0.5557 -9.990e-29
 278.385075      0.586   0.015698    12.5557    -2.1079      0.581     0.0136    -0.5554 -9.990e-29
 278.385081      0.585   0.015698    12.5535    -2.1080      0.580     0.0136    -0.5552 -9.990e-29
 278.385087      0.593   0.015697    12.5516    -2.1080      0.588     0.0136    -0.5549 -9.990e-29
 278.385093      0.607   0.015697    12.5504    -2.1078      0.602     0.0136    -0.5548 -9.990e-29
 278.385098      0.619   0.015697    12.5502    -2.1078      0.614     0.0136    -0.5548 -9.990e-29
 278.385104      0.625   0.015696    12.5510    -2.1077      0.620     0.0136    -0.5549 -9.990e-29
 278.385110      0.630   0.015696    12.5521    -2.1074      0.625     0.0136    -0.5550 -9.990e-29
 278.385116      0.639   0.015696    12.5531    -2.1071      0.634     0.0136    -0.5551 -9.990e-29
 278.385122      0.648   0.015696    12.5537    -2.1068      0.643     0.0136    -0.5552 -9.990e-29
 278.385127      0.653   0.015695    12.5537    -2.1069      0.648     0.0136    -0.5552 -9.990e-29
 278.385133      0.655   0.015695    12.5532    -2.1072      0.650     0.0136    -0.5551 -9.990e-29
 278.385139      0.653   0.015695    12.5536    -2.1071      0.648     0.0136    -0.5552 -9.990e-29
 278.385145      0.649   0.015694    12.5552    -2.1068      0.644     0.0136    -0.5554 -9.990e-29
 278.385150      0.644   0.015694    12.5576    -2.1070      0.639     0.0136    -0.5557 -9.990e-29
 278.385156      0.644   0.015694    12.5611    -2.1072      0.639     0.0136    -0.5561 -9.990e-29
 278.385162      0.645   0.015693    12.5658    -2.1072      0.640     0.0136    -0.5567 -9.990e-29
 278.385168      0.641   0.015693    12.5706    -2.1072      0.636     0.0136    -0.5572 -9.990e-29
 278.385174      0.634   0.015693    12.5734    -2.1072      0.629     0.0136    -0.5576 -9.990e-29
 278.385179      0.622   0.015693    12.5730    -2.1072      0.617     0.0136    -0.5575 -9.990e-29
 278.385185      0.608   0.015692    12.5716    -2.1074      0.603     0.0136    -0.5574 -9.990e-29
 278.385191      0.597   0.015692    12.5719    -2.1074      0.592     0.0136    -0.5574 -9.990e-29
 278.385197      0.587   0.015692    12.5729    -2.1075      0.582     0.0136    -0.5575 -9.990e-29
 278.385203      0.583   0.015691    12.5723    -2.1076      0.578     0.0136    -0.5574 -9.990e-29
 278.385208      0.583   0.015691    12.5704    -2.1078      0.578     0.0136    -0.5572 -9.990e-29
 278.385214      0.580   0.015691    12.5690    -2.1080      0.575     0.0136    -0.5570 -9.990e-29
 278.385220      0.573   0.015690    12.5685    -2.1082      0.568     0.0136    -0.5570 -9.990e-29
 278.385226      0.571   0.015690    12.5683    -2.1086      0.566     0.0136    -0.5570 -9.990e-29
 278.385231      0.576   0.015690    12.5675    -2.1090      0.571     0.0136    -0.5569 -9.990e-29
 278.385237      0.587   0.015690    12.5657    -2.1092      0.582     0.0136    -0.5566 -9.990e-29
 278.385243      0.594   0.015689    12.5636    -2.1093      0.589     0.0136    -0.5564 -9.990e-29
 278.385249      0.598   0.015689    12.5615    -2.1095      0.593     0.0136    -0.5561 -9.990e-29
 278.385255      0.608   0.015689    12.5588    -2.1095      0.603     0.0136    -0.5558 -9.990e-29
 278.385260      0.625   0.015688    12.5550    -2.1098      0.620     0.0136    -0.5553 -9.990e-29
 278.385266      0.640   0.015688    12.5504    -2.1100      0.635     0.0136    -0.5548 -9.990e-29
 278.385272      0.652   0.015688    12.5451    -2.1102      0.647     0.0136    -0.5541 -9.990e-29
 278.385278      0.660   0.015688    12.5389    -2.1102      0.654     0.0136    -0.5534 -9.990e-29
 278.385284      0.664   0.015688    12.5327    -2.1101      0.658     0.0136    -0.5527 -9.990e-29
 278.385289      0.666   0.015688    12.5277    -2.1100      0.660     0.0136    -0.5520 -9.990e-29
 278.385295      0.666   0.015688    12.5237    -2.1096      0.660     0.0136    -0.5516 -9.990e-29
 278.385301      0.663   0.015687    12.5201    -2.1095      0.657     0.0136    -0.5511 -9.990e-29
 278.385307      0.657   0.015686    12.5164    -2.1096      0.652     0.0136    -0.5507 -9.990e-29
 278.385313      0.652   0.015683    12.5124    -2.1097      0.647     0.0136    -0.5502 -9.990e-29
 278.385318      0.653   0.015673    12.5087    -2.1097      0.648     0.0136    -0.5498 -9.990e-29
 278.385324      0.654   0.015642    12.5061    -2.1091      0.649     0.0136    -0.5495 -9.990e-29
 278.385330      0.652   0.015548    12.5051    -2.1092      0.647     0.0135    -0.5494 -9.990e-29
 278.385336      0.647   0.015265    12.5063    -2.1098      0.642     0.0134    -0.5496 -9.990e-29
 278.385341      0.641   0.014971    12.5097    -2.1101      0.636     0.0132    -0.5502 -9.990e-29
 278.385347      0.641   0.014827    12.5137    -2.1103      0.636     0.0131    -0.5507 -9.990e-29
 278.385353      0.640   0.014639    12.5157    -2.1103      0.635     0.0130    -0.5510 -9.990e-29
 278.385359      0.635   0.014712    12.5154    -2.1104      0.630     0.0131    -0.5510 -9.990e-29
 278.385365      0.630   0.015143    12.5154    -2.1106      0.625     0.0133    -0.5508 -9.990e-29
 278.385370      0.632   0.015398    12.5178    -2.1108      0.627     0.0135    -0.5510 -9.990e-29
 278.385376      0.643   0.015264    12.5205    -2.1109      0.638     0.0134    -0.5514 -9.990e-29
 278.385382      0.654   0.015117    12.5192    -2.1112      0.649     0.0133    -0.5513 -9.990e-29
 278.385388      0.661   0.015314    12.5136    -2.1113      0.655     0.0134    -0.5505 -9.990e-29
 278.385394      0.666   0.015564    12.5075    -2.1112      0.660     0.0135    -0.5497 -9.990e-29
 278.385399      0.668   0.015646    12.5031    -2.1111      0.662     0.0136    -0.5491 -9.990e-29
 278.385405      0.667   0.015669    12.5001    -2.1112      0.661     0.0136    -0.5487 -9.990e-29
 278.385411      0.664   0.015665    12.4974    -2.1113      0.658     0.0136    -0.5484 -9.990e-29
 278.385417      0.663   0.015627    12.4946    -2.1118      0.657     0.0136    -0.5481 -9.990e-29
 278.385422      0.667   0.015506    12.4913    -2.1122      0.661     0.0135    -0.5477 -9.990e-29
 278.385428      0.673   0.015138    12.4877    -2.1126      0.667     0.0133    -0.5475 -9.990e-29
 278.385434      0.677   0.014586    12.4843    -2.1126      0.671     0.0130    -0.5473 -9.990e-29
 278.385440      0.679   0.014222    12.4823    -2.1130      0.673     0.0128    -0.5472 -9.990e-29
 278.385446      0.679   0.014113    12.4819    -2.1133      0.673     0.0128    -0.5472 -9.990e-29
 278.385451      0.678   0.014113    12.4816    -2.1138      0.672     0.0128    -0.5472 -9.990e-29
 278.385457      0.674   0.014223    12.4796    -2.1141      0.668     0.0128    -0.5469 -9.990e-29
 278.385463      0.669   0.014587    12.4751    -2.1143      0.663     0.0130    -0.5462 -9.990e-29
 278.385469      0.661   0.015139    12.4680    -2.1146      0.655     0.0133    -0.5451 -9.990e-29
 278.385475      0.650   0.015507    12.4600    -2.1148      0.645     0.0135    -0.5440 -9.990e-29
 278.385480      0.640   0.015628    12.4534    -2.1150      0.635     0.0136    -0.5431 -9.990e-29
 278.385486      0.634   0.015664    12.4481    -2.1151      0.629     0.0136    -0.5425 -9.990e-29
 278.385492      0.632   0.015664    12.4422    -2.1154      0.627     0.0136    -0.5418 -9.990e-29
 278.385498      0.634   0.015628    12.4349    -2.1157      0.629     0.0136    -0.5409 -9.990e-29
 278.385503      0.636   0.015506    12.4271    -2.1157      0.631     0.0135    -0.5400 -9.990e-29
 278.385509      0.637   0.015138    12.4200    -2.1157      0.632     0.0133    -0.5394 -9.990e-29
 278.385515      0.642   0.014585    12.4140    -2.1158      0.637     0.0130    -0.5389 -9.990e-29
 278.385521      0.652   0.014217    12.4092    -2.1161      0.647     0.0128    -0.5385 -9.990e-29
 278.385527      0.667   0.014094    12.4049    -2.1165      0.661     0.0127    -0.5380 -9.990e-29
 278.385532      0.679   0.014053    12.4006    -2.1170      0.673     0.0127    -0.5375 -9.990e-29
 278.385538      0.681   0.014039    12.3962    -2.1171      0.675     0.0127    -0.5370 -9.990e-29
 278.385544      0.677   0.014035    12.3914    -2.1173      0.671     0.0127    -0.5364 -9.990e-29
 278.385550      0.671   0.014033    12.3872    -2.1173      0.665     0.0127    -0.5359 -9.990e-29
 278.385556      0.663   0.014033    12.3842    -2.1172      0.657     0.0127    -0.5356 -9.990e-29
 278.385561      0.652   0.014033    12.3817    -2.1167      0.647     0.0127    -0.5353 -9.990e-29
 278.385567      0.641   0.014033    12.3783    -2.1164      0.636     0.0127    -0.5349 -9.990e-29
 278.385573      0.640   0.014033    12.3733    -2.1163      0.635     0.0127    -0.5343 -9.990e-29
 278.385579      0.647   0.014033    12.3667    -2.1164      0.642     0.0127    -0.5335 -9.990e-29
 278.385584      0.654   0.014033    12.3602    -2.1166      0.649     0.0127    -0.5327 -9.990e-29
 278.385590      0.658   0.014033    12.3554    -2.1166      0.653     0.0127    -0.5321 -9.990e-29
 278.385596      0.659   0.014033    12.3526    -2.1167      0.653     0.0127    -0.5318 -9.990e-29
 278.385602      0.657   0.014033    12.3522    -2.1169      0.652     0.0127    -0.5318 -9.990e-29
 278.385608      0.656   0.014034    12.3555    -2.1171      0.651     0.0127    -0.5321 -9.990e-29
 278.385613      0.660   0.014034    12.3614    -2.1171      0.654     0.0127    -0.5328 -9.990e-29
 278.385619      0.666   0.014034    12.3663    -2.1171      0.660     0.0127    -0.5334 -9.990e-29
 278.385625      0.669   0.014034    12.3683    -2.1170      0.663     0.0127    -0.5337 -9.990e-29
 278.385631      0.670   0.014034    12.3677    -2.1168      0.664     0.0127    -0.5336 -9.990e-29
 278.385637      0.668   0.014034    12.3656    -2.1167      0.662     0.0127    -0.5333 -9.990e-29
 278.385642      0.664   0.014034    12.3636    -2.1165      0.658     0.0127    -0.5331 -9.990e-29
 278.385648      0.661   0.014034    12.3615    -2.1163      0.655     0.0127    -0.5329 -9.990e-29
 278.385654      0.663   0.014034    12.3586    -2.1160      0.657     0.0127    -0.5325 -9.990e-29
 278.385660      0.668   0.014034    12.3561    -2.1160      0.662     0.0127    -0.5322 -9.990e-29
 278.385666      0.669   0.014035    12.3552    -2.1160      0.663     0.0127    -0.5321 -9.990e-29
 278.385671      0.669   0.014035    12.3558    -2.1161      0.663     0.0127    -0.5322 -9.990e-29
 278.385677      0.666   0.014035    12.3575    -2.1162      0.660     0.0127    -0.5324 -9.990e-29
 278.385683      0.660   0.014035    12.3600    -2.1162      0.654     0.0127    -0.5327 -9.990e-29
 278.385689      0.652   0.014035    12.3631    -2.1162      0.647     0.0127    -0.5330 -9.990e-29
 278.385694      0.640   0.014035    12.3665    -2.1159      0.635     0.0127    -0.5334 -9.990e-29
 278.385700      0.627   0.014035    12.3704    -2.1160      0.622     0.0127    -0.5339 -9.990e-29
 278.385706      0.623   0.014035    12.3738    -2.1162      0.618     0.0127    -0.5343 -9.990e-29
 278.385712      0.626   0.014035    12.3755    -2.1164      0.621     0.0127    -0.5345 -9.990e-29
 278.385718      0.633   0.014036    12.3761    -2.1163      0.628     0.0127    -0.5346 -9.990e-29
 278.385723      0.644   0.014036    12.3759    -2.1162      0.639     0.0127    -0.5346 -9.990e-29
 278.385729      0.654   0.014036    12.3753    -2.1162      0.649     0.0127    -0.5345 -9.990e-29
 278.385735      0.662   0.014035    12.3752    -2.1162      0.656     0.0127    -0.5345 -9.990e-29
 278.385741      0.666   0.014034    12.3758    -2.1160      0.660     0.0127    -0.5346 -9.990e-29
 278.385747      0.668   0.014030    12.3764    -2.1163      0.662     0.0127    -0.5346 -9.990e-29
 278.385752      0.668   0.014018    12.3755    -2.1163      0.662     0.0127    -0.5345 -9.990e-29
 278.385758      0.665   0.013981    12.3732    -2.1164      0.659     0.0127    -0.5343 -9.990e-29
 278.385764      0.663   0.013872    12.3718    -2.1163      0.657     0.0126    -0.5341 -9.990e-29
 278.385770      0.667   0.013543    12.3724    -2.1163      0.661     0.0124    -0.5344 -9.990e-29
 278.385775      0.673   0.013110    12.3736    -2.1163      0.667     0.0122    -0.5347 -9.990e-29
 278.385781      0.677   0.013101    12.3744    -2.1163      0.671     0.0122    -0.5348 -9.990e-29
 278.385787      0.679   0.013504    12.3749    -2.1162      0.673     0.0124    -0.5347 -9.990e-29
 278.385793      0.679   0.013750    12.3746    -2.1160      0.673     0.0125    -0.5345 -9.990e-29
 278.385799      0.677   0.013613    12.3728    -2.1158      0.671     0.0125    -0.5344 -9.990e-29
 278.385804      0.673   0.013464    12.3709    -2.1160      0.667     0.0124    -0.5342 -9.990e-29
 278.385810      0.671   0.013657    12.3705    -2.1161      0.665     0.0125    -0.5341 -9.990e-29
 278.385816      0.676   0.013897    12.3712    -2.1161      0.670     0.0126    -0.5341 -9.990e-29
 278.385822      0.683   0.013949    12.3719    -2.1160      0.677     0.0126    -0.5341 -9.990e-29
 278.385828      0.688   0.013883    12.3723    -2.1157      0.682     0.0126    -0.5342 -9.990e-29
 278.385833      0.692   0.013610    12.3730    -2.1155      0.686     0.0125    -0.5344 -9.990e-29
 278.385839      0.695   0.013321    12.3750    -2.1154      0.689     0.0123    -0.5348 -9.990e-29
 278.385845      0.698   0.013184    12.3777    -2.1157      0.692     0.0122    -0.5351 -9.990e-29
 278.385851      0.700   0.013014    12.3792    -1.7293      0.694     0.0121    -0.5354 -9.990e-29
 278.385856      0.702   0.013138    12.3786    -1.7467      0.696     0.0122    -0.5353 -9.990e-29
 278.385862      0.703   0.014274    12.3777    -1.6906      0.697     0.0128    -0.5347 -9.990e-29
 278.385868      0.708   0.017937    12.3786    -1.6874      0.702     0.0148    -0.5332 -9.990e-29
 278.385874      0.721   0.029012    12.3824    -1.6863      0.715     0.0210    -0.5288 -9.990e-29
 278.385880      0.740   0.062266    12.3896    -1.6870      0.734     0.0406    -0.5143 -9.990e-29
 278.385885      0.761   0.162038    12.4034    -1.6904      0.755     0.1023    -0.4677 -9.990e-29
 278.385891      0.785   0.461356    12.4370    -1.6893      0.778     0.2965    -0.3200 -9.990e-29
 278.385897      0.815   1.359312    12.5352    -1.6864      0.808     0.9103     0.1461 -9.990e-29
 278.385903      0.851   4.053180    12.8035    -1.6870      0.844     2.8645     1.6278 -9.990e-29
 278.385909      0.896  12.134784    13.2137    -1.6875      0.889     9.1808     6.4424 -9.990e-29
 278.385914      0.953  23.970783    13.5413    -1.6880      0.945    19.0860    14.0083 -9.990e-29
 278.385920      1.022  31.952714    13.7035    -1.6876      1.013    26.0729    19.3575 -9.990e-29
 278.385926      1.098  35.480625    13.7752    -1.6879      1.089    29.2241    21.7730 -9.990e-29
 278.385932      1.182  37.254827    13.8041    -1.6875      1.172    30.8283    23.0052 -9.990e-29
