data/oxygen options/ONMS/Olympic_Coast_National_Marine_Sanctuary_CTD_Data_2005_2023/raw_data/2011/CAST_CA065_072211faed.cnv
* Sea-Bird SBE19 Data File:
* FileName = C:\Documents and Settings\OCNMS\Desktop\2011 mooring data\2nd service\CAST_CA065_072211.hex
* Software Version 1.24
* Temperature SN = 2997
* Conductivity SN = 2997
* System UpLoad Time = Jul 22 2011 15:50:12
** CAST_CA065_072211
* SEACAT PROFILER V3.1c SN 2997   07/22/11  15:49:05.098
# nquan = 9                                 
# nvalues = 830                         
# units = specified
# name 0 = timeJ: Julian Days
# name 1 = prSM: Pressure, Strain Gauge [db]
# name 2 = c0mS/cm: Conductivity [mS/cm]
# name 3 = t090C: Temperature [ITS-90, deg C]
# name 4 = sbeox0ML/L: Oxygen, SBE 43 [ml/l]
# name 5 = depSM: Depth [salt water, m], lat = 47.5
# name 6 = sal00: Salinity, Practical [PSU]
# name 7 = sigma-é00: Density [sigma-theta, kg/m^3]
# name 8 = flag: flag
# span 0 = 203.450822, 203.455619       
# span 1 =     -4.796,     63.978       
# span 2 =   3.758603,  37.305570       
# span 3 =     7.3357,    12.5728       
# span 4 =    -1.7326,    17.9905       
# span 5 =     -4.756,     63.434       
# span 6 =     2.7791,    33.7679       
# span 7 =     1.6831,    26.4020       
# span 8 = 0.0000e+00, 0.0000e+00       
# interval = seconds: 0.5
# start_time = Jul 22 2011 10:49:11 [Instrument's time stamp, header]
# bad_flag = -9.990e-29
*END*
[from data line 801]
 203.455457      5.742  35.493696    10.5301     5.5902      5.694    31.8838    24.4311 0.0000e+00
 203.455463      5.274  35.514184    10.5406     5.5850      5.230    31.8953    24.4382 0.0000e+00
 203.455469      4.836  35.533960    10.5570     5.6191      4.796    31.9008    24.4397 0.0000e+00
 203.455475      4.424  35.555314    10.5833     5.6671      4.387    31.8993    24.4340 0.0000e+00
 203.455480      4.039  35.578160    10.6116     5.7461      4.005    31.8975    24.4278 0.0000e+00
 203.455486      3.677  35.602163    10.6413     5.8903      3.646    31.8956    24.4212 0.0000e+00
 203.455492      3.333  35.628534    10.6784     6.0343      3.305    31.8895    24.4101 0.0000e+00
 203.455498      3.001  35.656040    10.7221     7.3917      2.976    31.8789    24.3943 0.0000e+00
 203.455503      2.678  35.681042    10.7861     7.2436      2.656    31.8481    24.3593 0.0000e+00
 203.455509      2.360  35.718963    10.9130     6.9843      2.340    31.7755    24.2809 0.0000e+00
 203.455515      2.049  35.797410    11.1106     6.4545      2.032    31.6823    24.1738 0.0000e+00
 203.455521      1.754  35.914580    11.3159     7.5013      1.739    31.6209    24.0899 0.0000e+00
 203.455527      1.488  36.039117    11.4809     7.3639      1.476    31.6015    24.0453 0.0000e+00
 203.455532      1.249  36.127657    11.6023     7.1738      1.239    31.5842    24.0100 0.0000e+00
 203.455538      1.032  36.046830    11.6785     6.9010      1.023    31.4411    23.8852 0.0000e+00
 203.455544      0.836  35.447510    11.7290     6.6393      0.829    30.8191    23.3933 0.0000e+00
 203.455550      0.665  33.432052    11.7770     6.3592      0.659    28.8449    21.8534 0.0000e+00
 203.455556      0.525  27.298067    11.8106     6.2402      0.521    23.0429    17.3544 -9.990e-29
 203.455561      0.417  19.361899    11.8251     6.1800      0.414    15.8147    11.7647 -9.990e-29
 203.455567      0.333  17.286005    11.8320 -9.990e-29      0.330    13.9749    10.3425 -9.990e-29
 203.455573      0.268  20.535867    11.8360 -9.990e-29      0.266    16.8587    12.5696 -9.990e-29
 203.455579      0.214  20.496919    11.8376 -9.990e-29      0.212    16.8231    12.5419 -9.990e-29
 203.455584      0.167  14.387183    11.8357 -9.990e-29      0.166    11.4485     8.3905 -9.990e-29
 203.455590      0.133   8.547027    11.8319 -9.990e-29      0.132     6.5263     4.5864 -9.990e-29
 203.455596      0.109   5.813762    11.8296 -9.990e-29      0.108     4.3180     2.8769 -9.990e-29
 203.455602      0.090   4.350568    11.8301 -9.990e-29      0.089     3.1691     1.9861 -9.990e-29
 203.455608      0.079   3.845412    11.8317 -9.990e-29      0.078     2.7791     1.6831 -9.990e-29
 203.455613      0.075   3.881058    11.8324 -9.990e-29      0.074     2.8064     1.7043 -9.990e-29
 203.455619      0.074   3.758603 -9.990e-29 -9.990e-29      0.073 -9.990e-29 -9.990e-29 -9.990e-29
