data/oxygen options/ONMS/Olympic_Coast_National_Marine_Sanctuary_CTD_Data_2005_2023/raw_data/2011/CAST_CE042_082411faed.cnv
* Sea-Bird SBE19 Data File:
* FileName = C:\Documents and Settings\OCNMS\Desktop\2011 mooring data\3rd service\CAST_CE042_082411.hex
* Software Version 1.24
* Temperature SN = 2997
* Conductivity SN = 2997
* System UpLoad Time = Aug 24 2011 13:00:18
** CO_CE042_072811_001
* SEACAT PROFILER V3.1c SN 2997   08/24/11  12:58:51.932
# nquan = 9                                 
# nvalues = 902                         
# units = specified
# name 0 = timeJ: Julian Days
# name 1 = prSM: Pressure, Strain Gauge [db]
# name 2 = c0mS/cm: Conductivity [mS/cm]
# name 3 = t090C: Temperature [ITS-90, deg C]
# name 4 = sbeox0ML/L: Oxygen, SBE 43 [ml/l]
# name 5 = depSM: Depth [salt water, m], lat = 47.5
# name 6 = sal00: Salinity, Practical [PSU]
# name 7 = sigma-é00: Density [sigma-theta, kg/m^3]
# name 8 = flag: flag
# span 0 = 236.471921, 236.477135       
# span 1 =     -6.067,     43.535       
# span 2 =   0.001535,  38.767796       
# span 3 =     7.4825,    17.4840       
# span 4 =    -1.9443,    23.1445       
# span 5 =     -6.016,     43.167       
# span 6 =     0.0086,    33.7012       
# span 7 =    -1.3024,    26.3291       
# span 8 = 0.0000e+00, 0.0000e+00       
# interval = seconds: 0.5
# start_time = Aug 24 2011 11:19:34 [Instrument's time stamp, header]
# bad_flag = -9.990e-29
*END*
[from data line 641]
 236.475631     43.489  34.558316     7.4890     1.1261     43.121    33.6982    26.3260 -9.990e-29
 236.475637     43.425  34.558683     7.4902     1.1376     43.058    33.6975    26.3252 -9.990e-29
 236.475642     43.335  34.559498     7.4916     1.1462     42.969    33.6971    26.3247 -9.990e-29
 236.475648     43.221  34.560697     7.4918     1.1288     42.856    33.6982    26.3255 -9.990e-29
 236.475654     43.094  34.561608     7.4913     1.1072     42.730    33.6998    26.3268 0.0000e+00
 236.475660     42.958  34.561179     7.4908     1.1043     42.595    33.6999    26.3270 0.0000e+00
 236.475666     42.818  34.559368     7.4905     1.1102     42.456    33.6983    26.3257 0.0000e+00
 236.475671     42.682  34.558209     7.4902     1.1346     42.321    33.6974    26.3251 0.0000e+00
 236.475677     42.557  34.558366     7.4899     1.1433     42.197    33.6979    26.3255 -9.990e-29
 236.475683     42.450  34.558339     7.4891     1.1333     42.091    33.6987    26.3263 -9.990e-29
 236.475689     42.358  34.557502     7.4882     1.1175     42.000    33.6987    26.3264 -9.990e-29
 236.475694     42.274  34.556947     7.4880     1.1088     41.917    33.6983    26.3261 -9.990e-29
 236.475700     42.198  34.557022     7.4882     1.1117     41.842    33.6982    26.3260 -9.990e-29
 236.475706     42.134  34.556678     7.4879     1.1202     41.778    33.6982    26.3260 -9.990e-29
 236.475712     42.085  34.555984     7.4870     1.1259     41.730    33.6983    26.3263 -9.990e-29
 236.475718     42.058  34.555665     7.4861     1.1158     41.703    33.6989    26.3268 -9.990e-29
 236.475723     42.050  34.555266     7.4853     1.1027     41.695    33.6992    26.3272 -9.990e-29
 236.475729     42.058  34.554223     7.4845     1.0999     41.703    33.6989    26.3271 -9.990e-29
 236.475735     42.080  34.553355     7.4838     1.1028     41.725    33.6986    26.3270 -9.990e-29
 236.475741     42.111  34.553151     7.4835     1.1216     41.755    33.6987    26.3270 -9.990e-29
 236.475747     42.135  34.553308     7.4837     1.1302     41.779    33.6986    26.3270 -9.990e-29
 236.475752     42.141  34.554005     7.4845     1.1302     41.785    33.6986    26.3268 -9.990e-29
 236.475758     42.124  34.555018     7.4858     1.1172     41.768    33.6984    26.3265 -9.990e-29
 236.475764     42.089  34.555988     7.4870     1.0985     41.733    33.6983    26.3263 -9.990e-29
 236.475770     42.041  34.557057     7.4877     1.0956     41.686    33.6988    26.3266 -9.990e-29
 236.475775     41.986  34.557942     7.4881     1.0986     41.631    33.6994    26.3270 -9.990e-29
 236.475781     41.933  34.558110     7.4880     1.1072     41.579    33.6997    26.3273 -9.990e-29
 236.475787     41.892  34.557198     7.4872     1.1130     41.538    33.6996    26.3272 -9.990e-29
 236.475793     41.864  34.555638     7.4860     1.1029     41.510    33.6990    26.3270 -9.990e-29
 236.475799     41.848  34.554680     7.4853     1.0899     41.495    33.6987    26.3268 -9.990e-29
 236.475804     41.842  34.554695     7.4852     1.0870     41.489    33.6988    26.3269 -9.990e-29
 236.475810     41.847  34.555111     7.4855     1.0898     41.494    33.6990    26.3270 -9.990e-29
 236.475816     41.862  34.555332     7.4854     1.0984     41.508    33.6993    26.3273 -9.990e-29
 236.475822     41.888  34.555062     7.4849     1.1142     41.534    33.6995    26.3275 -9.990e-29
 236.475828     41.928  34.554468     7.4842     1.0969     41.574    33.6995    26.3276 -9.990e-29
 236.475833     41.979  34.553850     7.4837     1.0912     41.624    33.6993    26.3275 -9.990e-29
 236.475839     42.032  34.553472     7.4834     1.0883     41.677    33.6991    26.3274 -9.990e-29
 236.475845     42.077  34.553357     7.4832     1.0882     41.722    33.6992    26.3275 -9.990e-29
 236.475851     42.109  34.553320     7.4834     1.0896     41.753    33.6989    26.3273 -9.990e-29
 236.475856     42.125  34.553839     7.4840     1.0968     41.769    33.6989    26.3272 -9.990e-29
 236.475862     42.127  34.555015     7.4848     1.0896     41.771    33.6994    26.3274 -9.990e-29
 236.475868     42.114  34.556145     7.4860     1.0998     41.758    33.6995    26.3273 -9.990e-29
 236.475874     42.090  34.557025     7.4869     1.0955     41.734    33.6996    26.3273 -9.990e-29
 236.475880     42.062  34.557678     7.4873     1.0897     41.707    33.6999    26.3275 -9.990e-29
 236.475885     42.032  34.557827     7.4873     1.0825     41.677    33.7001    26.3276 -9.990e-29
 236.475891     41.995  34.557640     7.4871     1.0767     41.640    33.7001    26.3276 -9.990e-29
 236.475897     41.948  34.557956     7.4873     1.0825     41.594    33.7003    26.3278 -9.990e-29
 236.475903     41.901  34.558605     7.4877     1.0955     41.547    33.7006    26.3280 -9.990e-29
 236.475909     41.863  34.558741     7.4877     1.0941     41.509    33.7008    26.3281 -9.990e-29
 236.475914     41.841  34.557958     7.4869     1.0912     41.488    33.7007    26.3282 -9.990e-29
 236.475920     41.842  34.556299     7.4859     1.0783     41.489    33.6999    26.3276 -9.990e-29
 236.475926     41.866  34.554882     7.4855     1.0726     41.512    33.6987    26.3268 -9.990e-29
 236.475932     41.902  34.554586     7.4857     1.0783     41.548    33.6982    26.3263 -9.990e-29
 236.475937     41.939  34.554985     7.4858     1.0811     41.585    33.6985    26.3266 -9.990e-29
 236.475943     41.975  34.555458     7.4854     1.0867     41.620    33.6994    26.3273 -9.990e-29
 236.475949     42.013  34.555486     7.4847     1.0867     41.658    33.7001    26.3280 -9.990e-29
 236.475955     42.055  34.555074     7.4840     1.0766     41.700    33.7003    26.3282 -9.990e-29
 236.475961     42.104  34.554762     7.4835     1.0737     41.748    33.7004    26.3284 -9.990e-29
 236.475966     42.158  34.554663     7.4830     1.0737     41.802    33.7008    26.3288 -9.990e-29
 236.475972     42.212  34.554613     7.4826     1.0766     41.855    33.7011    26.3291 -9.990e-29
 236.475978     42.258  34.554513     7.4825     1.0924     41.901    33.7010    26.3291 -9.990e-29
 236.475984     42.280  34.554760     7.4834     1.0954     41.923    33.7004    26.3284 -9.990e-29
 236.475990     42.267  34.555648     7.4850     1.0954     41.910    33.6998    26.3278 -9.990e-29
 236.475995     42.219  34.556652     7.4865     1.0824     41.862    33.6995    26.3273 -9.990e-29
 236.476001     42.150  34.557399     7.4873     1.0637     41.794    33.6996    26.3272 -9.990e-29
 236.476007     42.072  34.557736     7.4873     1.0609     41.717    33.7000    26.3275 -9.990e-29
 236.476013     41.993  34.557524     7.4870     1.0537     41.638    33.7001    26.3276 -9.990e-29
 236.476019     41.925  34.557010     7.4865     1.0696     41.571    33.7000    26.3277 -9.990e-29
 236.476024     41.877  34.556598     7.4861     1.0883     41.523    33.7000    26.3277 -9.990e-29
 236.476030     41.854  34.556267     7.4854     1.0839     41.500    33.7003    26.3281 -9.990e-29
 236.476036     41.859  34.555545     7.4845     1.0838     41.505    33.7004    26.3283 -9.990e-29
 236.476042     41.892  34.554560     7.4840     1.0752     41.538    33.6998    26.3279 -9.990e-29
 236.476047     41.952  34.554208     7.4839     1.0621     41.598    33.6995    26.3276 -9.990e-29
 236.476053     42.029  34.554547     7.4837     1.0650     41.674    33.7000    26.3281 -9.990e-29
 236.476059     42.111  34.554876     7.4835     1.0650     41.755    33.7005    26.3285 -9.990e-29
 236.476065     42.186  34.555042     7.4835     1.0678     41.830    33.7007    26.3286 -9.990e-29
 236.476071     42.241  34.555236     7.4836     1.0838     41.884    33.7008    26.3287 -9.990e-29
 236.476076     42.268  34.555684     7.4841     1.0765     41.911    33.7007    26.3286 -9.990e-29
 236.476082     42.264  34.556390     7.4850     1.0737     41.907    33.7006    26.3284 -9.990e-29
 236.476088     42.233  34.557147     7.4862     1.0607     41.876    33.7003    26.3280 -9.990e-29
 236.476094     42.186  34.557813     7.4873     1.0550     41.830    33.7000    26.3275 -9.990e-29
 236.476100     42.132  34.558124     7.4882     1.0608     41.776    33.6995    26.3270 -9.990e-29
 236.476105     42.077  34.557908     7.4888     1.0637     41.722    33.6987    26.3263 -9.990e-29
 236.476111     42.025  34.557406     7.4891     1.0694     41.670    33.6979    26.3256 -9.990e-29
 236.476117     41.978  34.557043     7.4884     1.0694     41.623    33.6982    26.3260 -9.990e-29
 236.476123     41.938  34.556882     7.4869     1.0694     41.584    33.6995    26.3272 -9.990e-29
 236.476128     41.909  34.556706     7.4856     1.0694     41.555    33.7006    26.3282 -9.990e-29
 236.476134     41.899  34.556286     7.4849     1.0593     41.545    33.7008    26.3285 -9.990e-29
 236.476140     41.911  34.555631     7.4843     1.0564     41.557    33.7007    26.3285 -9.990e-29
 236.476146     41.942  34.554999     7.4837     1.0665     41.588    33.7005    26.3285 -9.990e-29
 236.476152     41.986  34.554679     7.4833     1.0723     41.631    33.7006    26.3286 -9.990e-29
 236.476157     42.031  34.554817     7.4831     1.0679     41.676    33.7009    26.3288 -9.990e-29
 236.476163     42.069  34.555048     7.4830     1.0722     41.714    33.7012    26.3291 -9.990e-29
 236.476169     42.098  34.555129     7.4831     1.0593     41.742    33.7012    26.3291 -9.990e-29
 236.476175     42.118  34.555180     7.4835     1.0491     41.762    33.7009    26.3288 -9.990e-29
 236.476181     42.132  34.555282     7.4840     1.0492     41.776    33.7005    26.3284 -9.990e-29
 236.476186     42.141  34.555581     7.4844     1.0462     41.785    33.7004    26.3283 -9.990e-29
 236.476192     42.144  34.555927     7.4845     1.0549     41.788    33.7007    26.3285 -9.990e-29
 236.476198     42.143  34.555675     7.4845     1.0708     41.787    33.7004    26.3283 -9.990e-29
 236.476204     42.137  34.555061     7.4843     1.0737     41.781    33.6999    26.3279 -9.990e-29
 236.476209     42.125  34.554956     7.4844     1.0636     41.769    33.6997    26.3278 -9.990e-29
 236.476215     42.108  34.555234     7.4848     1.0578     41.752    33.6997    26.3276 -9.990e-29
 236.476221     42.087  34.555155     7.4848     1.0521     41.731    33.6996    26.3276 -9.990e-29
 236.476227     42.067  34.554627     7.4845     1.0550     41.712    33.6993    26.3274 -9.990e-29
 236.476233     42.045  34.554637     7.4844     1.0507     41.690    33.6994    26.3275 -9.990e-29
 236.476238     42.026  34.555212     7.4845     1.0579     41.671    33.7000    26.3279 -9.990e-29
 236.476244     42.015  34.555449     7.4843     1.0608     41.660    33.7004    26.3283 -9.990e-29
 236.476250     42.017  34.555117     7.4837     1.0637     41.662    33.7006    26.3286 -9.990e-29
 236.476256     42.027  34.554345     7.4831     1.0665     41.672    33.7004    26.3284 -9.990e-29
 236.476262     42.043  34.553797     7.4827     1.0506     41.688    33.7002    26.3283 -9.990e-29
 236.476267     42.064  34.553870     7.4826     1.0477     41.709    33.7003    26.3285 -9.990e-29
 236.476273     42.092  34.554115     7.4827     1.0376     41.736    33.7005    26.3286 -9.990e-29
 236.476279     42.129  34.553752     7.4826     1.0476     41.773    33.7002    26.3284 -9.990e-29
 236.476285     42.173  34.552866     7.4825     1.0461     41.817    33.6993    26.3277 -9.990e-29
 236.476291     42.214  34.552529     7.4827     1.0562     41.857    33.6987    26.3272 -9.990e-29
 236.476296     42.242  34.552860     7.4829     1.0621     41.885    33.6989    26.3273 -9.990e-29
 236.476302     42.255  34.553192     7.4832     1.0491     41.898    33.6989    26.3273 -9.990e-29
 236.476308     42.252  34.553419     7.4838     1.0592     41.895    33.6986    26.3269 -9.990e-29
 236.476314     42.234  34.553857     7.4847     1.0564     41.877    33.6982    26.3265 -9.990e-29
 236.476319     42.205  34.554542     7.4858     1.0490     41.848    33.6979    26.3261 -9.990e-29
 236.476325     42.170  34.555278     7.4865     1.0491     41.814    33.6980    26.3261 -9.990e-29
 236.476331     42.132  34.555939     7.4869     1.0433     41.776    33.6984    26.3263 -9.990e-29
 236.476337     42.092  34.556299     7.4869     1.0463     41.736    33.6988    26.3266 -9.990e-29
 236.476343     42.058  34.556291     7.4863     1.0520     41.703    33.6994    26.3272 -9.990e-29
 236.476348     42.034  34.555918     7.4854     1.0622     41.679    33.6998    26.3277 -9.990e-29
 236.476354     42.024  34.555255     7.4849     1.0650     41.669    33.6996    26.3276 -9.990e-29
 236.476360     42.023  34.554549     7.4847     1.0650     41.668    33.6991    26.3272 -9.990e-29
 236.476366     42.027  34.553988     7.4847     1.0622     41.672    33.6984    26.3267 -9.990e-29
 236.476372     42.031  34.553957     7.4850     1.0463     41.676    33.6981    26.3264 -9.990e-29
 236.476377     42.036  34.554427     7.4851     1.0434     41.681    33.6985    26.3267 -9.990e-29
 236.476383     42.050  34.554356     7.4846     1.0333     41.695    33.6989    26.3271 -9.990e-29
 236.476389     42.080  34.553661     7.4840     1.0433     41.725    33.6987    26.3270 -9.990e-29
 236.476395     42.122  34.553107     7.4838     1.0519     41.766    33.6983    26.3267 -9.990e-29
 236.476400     42.166  34.552529     7.4839     1.0548     41.810    33.6976    26.3261 -9.990e-29
 236.476406     42.203  34.552286     7.4840     1.0577     41.846    33.6972    26.3258 -9.990e-29
 236.476412     42.226  34.552622     7.4842     1.0620     41.869    33.6974    26.3259 -9.990e-29
 236.476418     42.232  34.552879     7.4844     1.0447     41.875    33.6974    26.3259 -9.990e-29
 236.476424     42.221  34.552851     7.4845     1.0490     41.864    33.6973    26.3258 -9.990e-29
 236.476429     42.193  34.553072     7.4851     1.0390     41.837    33.6970    26.3255 -9.990e-29
 236.476435     42.147  34.553848     7.4863     1.0461     41.791    33.6967    26.3251 -9.990e-29
 236.476441     42.079  34.554546     7.4871     1.0475     41.724    33.6967    26.3250 -9.990e-29
 236.476447     41.989  34.554990     7.4874     1.0416     41.634    33.6969    26.3251 -9.990e-29
 236.476453     41.884  34.555223     7.4872     1.0549     41.530    33.6974    26.3255 -9.990e-29
 236.476458     41.770  34.555008     7.4866     1.0545     41.417    33.6978    26.3259 -9.990e-29
 236.476464     41.646  34.554633     7.4861     1.0501     41.294    33.6980    26.3261 -9.990e-29
 236.476470     41.506  34.554168     7.4858     1.0545     41.155    33.6978    26.3260 0.0000e+00
 236.476476     41.351  34.553565     7.4855     1.0515     41.002    33.6975    26.3259 0.0000e+00
 236.476481     41.175  34.553153     7.4856     1.0442     40.827    33.6971    26.3255 0.0000e+00
 236.476487     40.966  34.552954     7.4860     1.0441     40.620    33.6966    26.3250 0.0000e+00
 236.476493     40.712  34.552713     7.4864     1.0383     40.368    33.6960    26.3246 0.0000e+00
 236.476499     40.406  34.552123     7.4864     1.0310     40.065    33.6956    26.3242 0.0000e+00
 236.476505     40.056  34.549848     7.4862     1.0439     39.718    33.6934    26.3225 0.0000e+00
 236.476510     39.685  34.541749     7.4858     1.0466     39.350    33.6852    26.3161 0.0000e+00
 236.476516     39.303  34.534957     7.4853     1.0495     38.971    33.6786    26.3109 0.0000e+00
 236.476522     38.907  34.540026     7.4850     1.0522     38.579    33.6845    26.3157 0.0000e+00
 236.476528     38.488  34.547494     7.4853     1.0464     38.163    33.6925    26.3219 0.0000e+00
 236.476534     38.042  34.549973     7.4860     1.0463     37.721    33.6948    26.3236 0.0000e+00
 236.476539     37.571  34.550783     7.4864     1.0463     37.254    33.6955    26.3241 0.0000e+00
 236.476545     37.078  34.551017     7.4865     1.0361     36.765    33.6959    26.3243 0.0000e+00
