data/oxygen options/ONMS/Olympic_Coast_National_Marine_Sanctuary_CTD_Data_2005_2023/raw_data/2011/CAST_TH015_060911faed.cnv
* Sea-Bird SBE19 Data File:
* FileName = C:\Documents and Settings\OCNMS\Desktop\2011 mooring data\first service\CAST_TH015_060911.hex
* Software Version 1.24
* Temperature SN = 2997
* Conductivity SN = 2997
* System UpLoad Time = Jun 09 2011 18:39:15
** CAST_TH015_060911
* SEACAT PROFILER V3.1c SN 2997   06/09/11  18:38:47.385
# nquan = 9                                 
# nvalues = 377                         
# units = specified
# name 0 = timeJ: Julian Days
# name 1 = prSM: Pressure, Strain Gauge [db]
# name 2 = c0mS/cm: Conductivity [mS/cm]
# name 3 = t090C: Temperature [ITS-90, deg C]
# name 4 = sbeox0ML/L: Oxygen, SBE 43 [ml/l]
# name 5 = depSM: Depth [salt water, m], lat = 47.5
# name 6 = sal00: Salinity, Practical [PSU]
# name 7 = sigma-é00: Density [sigma-theta, kg/m^3]
# name 8 = flag: flag
# span 0 = 160.722882, 160.725058       
# span 1 =     -5.728,     14.390       
# span 2 =   0.167001,  36.790391       
# span 3 =    10.2839,    13.1489       
# span 4 =    -2.0799,    17.5864       
# span 5 =     -5.680,     14.269       
# span 6 =     0.1037,    31.5314       
# span 7 =    -0.5584,    24.1933       
# span 8 = 0.0000e+00, 0.0000e+00       
# interval = seconds: 0.5
# start_time = Jun 09 2011 17:20:57 [Instrument's time stamp, header]
# bad_flag = -9.990e-29
*END*
[from data line 161]
 160.723814      2.386  34.886756    11.9213     6.1940      2.366    30.1218    22.8178 0.0000e+00
 160.723819      2.811  34.876595    11.8333     6.1532      2.788    30.1832    22.8812 0.0000e+00
 160.723825      3.238  34.876138    11.7555     6.1441      3.211    30.2457    22.9437 0.0000e+00
 160.723831      3.671  34.878573    11.6538     6.1671      3.640    30.3308    23.0279 0.0000e+00
 160.723837      4.116  34.855755    11.5365     6.2177      4.082    30.4046    23.1061 0.0000e+00
 160.723843      4.573  34.835466    11.4154     6.2641      4.535    30.4844    23.1894 0.0000e+00
 160.723848      5.036  34.840452    11.3050     6.2908      4.994    30.5803    23.2833 0.0000e+00
 160.723854      5.500  34.864438    11.2291     6.3023      5.454    30.6665    23.3636 0.0000e+00
 160.723860      5.959  34.901844    11.1927     6.2912      5.909    30.7332    23.4217 0.0000e+00
 160.723866      6.410  34.947625    11.1807     6.2463      6.356    30.7878    23.4663 0.0000e+00
 160.723872      6.851  34.988871    11.1719     6.1504      6.794    30.8353    23.5047 0.0000e+00
 160.723877      7.288  35.018951    11.1480     6.0266      7.227    30.8846    23.5472 0.0000e+00
 160.723883      7.732  35.056112    11.0943     5.9487      7.667    30.9659    23.6198 0.0000e+00
 160.723889      8.190  35.109559    11.0066     5.8890      8.121    31.0922    23.7333 0.0000e+00
 160.723895      8.662  35.140773    10.9063     5.8410      8.590    31.2079    23.8406 0.0000e+00
 160.723900      9.137  35.125823    10.8239     5.7808      9.061    31.2632    23.8978 0.0000e+00
 160.723906      9.604  35.094576    10.7695     5.7195      9.524    31.2786    23.9191 0.0000e+00
 160.723912     10.055  35.070844    10.7317     5.6477      9.971    31.2872    23.9323 0.0000e+00
 160.723918     10.486  35.056547    10.6943     5.5634     10.398    31.3049    23.9524 0.0000e+00
 160.723924     10.910  35.047152    10.6525     5.5047     10.819    31.3312    23.9800 0.0000e+00
 160.723929     11.340  35.037945    10.6036     5.4309     11.245    31.3639    24.0138 0.0000e+00
 160.723935     11.777  35.027263    10.5407     5.3779     11.678    31.4072    24.0582 0.0000e+00
 160.723941     12.212  35.012593    10.4712     5.3613     12.110    31.4523    24.1051 0.0000e+00
 160.723947     12.627  34.995624    10.4101     5.3544     12.521    31.4881    24.1432 0.0000e+00
 160.723953     13.013  34.979456    10.3633     5.3748     12.904    31.5123    24.1699 0.0000e+00
 160.723958     13.358  34.965454    10.3306     5.4229     13.246    31.5265    24.1865 0.0000e+00
 160.723964     13.655  34.955076    10.3128     5.4585     13.541    31.5314    24.1933 0.0000e+00
 160.723970     13.901  34.950132    10.3103     5.4917     13.785    31.5285    24.1915 0.0000e+00
 160.723976     14.095  34.952964    10.3189     5.5068     13.977    31.5238    24.1864 0.0000e+00
 160.723981     14.235  34.960042    10.3347     5.4945     14.116    31.5171    24.1785 -9.990e-29
 160.723987     14.328  34.967902    10.3539     5.4868     14.208    31.5083    24.1684 -9.990e-29
 160.723993     14.379  34.978044    10.3693     5.4956     14.258    31.5051    24.1633 -9.990e-29
 160.723999     14.390  34.987172    10.3777     5.4946     14.269    31.5069    24.1634 -9.990e-29
 160.724005     14.363  34.992878    10.3797     5.5262     14.243    31.5109    24.1661 -9.990e-29
 160.724010     14.300  34.996034    10.3775     5.5579     14.180    31.5160    24.1705 -9.990e-29
 160.724016     14.206  34.995789    10.3775     5.5768     14.087    31.5158    24.1703 -9.990e-29
 160.724022     14.084  34.992915    10.3859     5.6016     13.966    31.5057    24.1610 -9.990e-29
 160.724028     13.942  34.991398    10.4025     5.5904     13.825    31.4899    24.1459 0.0000e+00
 160.724034     13.797  34.993673    10.4213     5.5812     13.681    31.4759    24.1319 0.0000e+00
 160.724039     13.662  34.997718    10.4369     5.5660     13.548    31.4665    24.1219 -9.990e-29
 160.724045     13.545  35.001069    10.4474     5.5449     13.432    31.4609    24.1157 -9.990e-29
 160.724051     13.452  35.002017    10.4534     5.5411     13.339    31.4567    24.1115 -9.990e-29
 160.724057     13.381  34.999010    10.4563     5.5172     13.269    31.4512    24.1067 -9.990e-29
 160.724063     13.326  34.993617    10.4564     5.5168     13.214    31.4457    24.1025 -9.990e-29
 160.724068     13.286  34.990386    10.4552     5.5122     13.175    31.4436    24.1010 -9.990e-29
 160.724074     13.257  34.990028    10.4557     5.4991     13.146    31.4428    24.1003 -9.990e-29
 160.724080     13.238  34.989805    10.4541     5.5171     13.127    31.4440    24.1015 -9.990e-29
 160.724086     13.227  34.988277    10.4425     5.5050     13.116    31.4525    24.1100 -9.990e-29
 160.724091     13.224  34.985626    10.4279     5.5296     13.113    31.4624    24.1202 -9.990e-29
 160.724097     13.224  34.984458    10.4226     5.5324     13.113    31.4658    24.1238 -9.990e-29
 160.724103     13.218  34.986551    10.4253     5.5384     13.107    31.4656    24.1232 -9.990e-29
 160.724109     13.206  34.989631    10.4287     5.5537     13.095    31.4657    24.1227 -9.990e-29
 160.724115     13.193  34.990503    10.4308     5.5303     13.082    31.4648    24.1216 -9.990e-29
 160.724120     13.176  34.989748    10.4320     5.5191     13.066    31.4630    24.1200 -9.990e-29
 160.724126     13.159  34.990820    10.4330     5.5008     13.049    31.4632    24.1200 -9.990e-29
 160.724132     13.150  34.993446    10.4332     5.5072     13.040    31.4657    24.1219 -9.990e-29
 160.724138     13.157  34.993267    10.4294     5.5138     13.047    31.4688    24.1249 -9.990e-29
 160.724144     13.179  34.988344    10.4223     5.5301     13.069    31.4700    24.1271 -9.990e-29
 160.724149     13.206  34.981614    10.4178     5.5368     13.095    31.4672    24.1256 -9.990e-29
 160.724155     13.226  34.979198    10.4184     5.5341     13.115    31.4642    24.1232 -9.990e-29
 160.724161     13.237  34.982892    10.4220     5.5340     13.126    31.4648    24.1231 -9.990e-29
 160.724167     13.239  34.988081    10.4261     5.5010     13.128    31.4664    24.1237 -9.990e-29
 160.724172     13.237  34.991581    10.4286     5.4678     13.126    31.4678    24.1243 -9.990e-29
 160.724178     13.238  34.993000    10.4292     5.4356     13.127    31.4687    24.1249 -9.990e-29
 160.724184     13.248  34.992528    10.4275     5.4378     13.137    31.4697    24.1259 -9.990e-29
 160.724190     13.266  34.989516    10.4202     5.4500     13.155    31.4730    24.1297 -9.990e-29
 160.724196     13.291  34.981606    10.4059     5.4758     13.180    31.4774    24.1356 -9.990e-29
 160.724201     13.314  34.969431    10.3924     5.4731     13.202    31.4769    24.1375 -9.990e-29
 160.724207     13.334  34.962493    10.3906     5.4535     13.222    31.4715    24.1336 -9.990e-29
 160.724213     13.346  34.966638    10.3994     5.4524     13.234    31.4681    24.1294 -9.990e-29
 160.724219     13.348  34.973928    10.4084     5.4438     13.236    31.4676    24.1275 -9.990e-29
 160.724225     13.348  34.977820    10.4104     5.4721     13.236    31.4697    24.1289 -9.990e-29
 160.724230     13.359  34.976207    10.4033     5.4844     13.247    31.4742    24.1336 -9.990e-29
 160.724236     13.382  34.969160    10.3932     5.4867     13.270    31.4759    24.1366 -9.990e-29
 160.724242     13.405  34.965183    10.3913     5.4867     13.293    31.4736    24.1351 -9.990e-29
 160.724248     13.416  34.969027    10.3987     5.5039     13.304    31.4710    24.1318 -9.990e-29
 160.724253     13.418  34.974595    10.4067     5.5120     13.306    31.4697    24.1294 -9.990e-29
 160.724259     13.418  34.978086    10.4089     5.5292     13.306    31.4712    24.1303 -9.990e-29
 160.724265     13.420  34.978537    10.4061     5.5355     13.308    31.4741    24.1330 -9.990e-29
 160.724271     13.421  34.975971    10.4049     5.5410     13.309    31.4726    24.1320 -9.990e-29
 160.724277     13.412  34.975906    10.4099     5.5426     13.300    31.4682    24.1278 -9.990e-29
 160.724282     13.392  34.980473    10.4179     5.5521     13.280    31.4659    24.1246 -9.990e-29
 160.724288     13.373  34.985099    10.4231     5.5400     13.261    31.4660    24.1238 -9.990e-29
 160.724294     13.366  34.986970    10.4249     5.5275     13.254    31.4663    24.1238 -9.990e-29
 160.724300     13.377  34.987073    10.4245     5.5032     13.265    31.4667    24.1242 -9.990e-29
 160.724306     13.400  34.986661    10.4228     5.4720     13.288    31.4678    24.1253 -9.990e-29
 160.724311     13.424  34.985944    10.4222     5.4354     13.312    31.4676    24.1252 -9.990e-29
 160.724317     13.443  34.985665    10.4226     5.4114     13.330    31.4670    24.1247 -9.990e-29
 160.724323     13.462  34.985663    10.4208     5.4024     13.349    31.4685    24.1262 -9.990e-29
 160.724329     13.486  34.983162    10.4115     5.4258     13.373    31.4740    24.1321 -9.990e-29
 160.724334     13.513  34.974853    10.3949     5.4442     13.400    31.4801    24.1396 -9.990e-29
 160.724340     13.536  34.962562    10.3816     5.4838     13.423    31.4793    24.1412 -9.990e-29
 160.724346     13.551  34.956246    10.3812     5.4885     13.437    31.4733    24.1366 -9.990e-29
 160.724352     13.561  34.959823    10.3912     5.5111     13.447    31.4683    24.1310 -9.990e-29
 160.724358     13.565  34.965768    10.4043     5.5164     13.451    31.4629    24.1246 -9.990e-29
 160.724363     13.564  34.970832    10.4175     5.5131     13.450    31.4565    24.1174 -9.990e-29
 160.724369     13.558  34.976195    10.4289     5.5227     13.444    31.4520    24.1120 -9.990e-29
 160.724375     13.545  34.980075    10.4349     5.5199     13.432    31.4507    24.1099 -9.990e-29
 160.724381     13.531  34.981514    10.4336     5.5025     13.418    31.4533    24.1122 -9.990e-29
 160.724387     13.522  34.980778    10.4271     5.5022     13.409    31.4582    24.1171 -9.990e-29
 160.724392     13.523  34.978034    10.4209     5.4932     13.410    31.4608    24.1201 -9.990e-29
 160.724398     13.532  34.975247    10.4177     5.4794     13.419    31.4608    24.1207 -9.990e-29
 160.724404     13.548  34.973766    10.4142     5.4739     13.434    31.4623    24.1225 -9.990e-29
 160.724410     13.561  34.972758    10.4101     5.4032     13.447    31.4648    24.1251 -9.990e-29
 160.724416     13.568  34.972025    10.4069     5.3560     13.454    31.4669    24.1272 -9.990e-29
 160.724421     13.575  34.971736    10.4034     5.2844     13.461    31.4696    24.1300 -9.990e-29
 160.724427     13.586  34.970970    10.3983     5.2507     13.472    31.4732    24.1336 -9.990e-29
 160.724433     13.597  34.968729    10.3886     5.2399     13.483    31.4794    24.1401 -9.990e-29
 160.724439     13.610  34.963170    10.3684     5.2752     13.496    31.4913    24.1527 -9.990e-29
 160.724444     13.629  34.950266    10.3345     5.3072     13.515    31.5078    24.1712 -9.990e-29
 160.724450     13.651  34.930758    10.2987     5.3503     13.537    31.5193    24.1862 -9.990e-29
 160.724456     13.669  34.915616    10.2839     5.3846     13.554    31.5170    24.1868 -9.990e-29
 160.724462     13.675  34.914348    10.2980     5.4041     13.560    31.5035    24.1740 -9.990e-29
 160.724468     13.671  34.923601    10.3261     5.4403     13.556    31.4884    24.1575 -9.990e-29
 160.724473     13.664  34.934454    10.3499     5.4177     13.550    31.4786    24.1459 -9.990e-29
 160.724479     13.662  34.944051    10.3630     5.4384     13.548    31.4769    24.1424 -9.990e-29
 160.724485     13.669  34.952340    10.3679     5.4490     13.554    31.4809    24.1447 -9.990e-29
 160.724491     13.683  34.955843    10.3689     5.4435     13.568    31.4835    24.1466 -9.990e-29
 160.724497     13.694  34.955337    10.3701     5.4509     13.579    31.4820    24.1452 -9.990e-29
 160.724502     13.696  34.956334    10.3734     5.4469     13.581    31.4801    24.1432 -9.990e-29
 160.724508     13.688  34.959068    10.3781     5.4522     13.573    31.4788    24.1414 -9.990e-29
 160.724514     13.678  34.961608    10.3823     5.4641     13.563    31.4777    24.1398 -9.990e-29
 160.724520     13.670  34.964008    10.3854     5.4795     13.555    31.4774    24.1391 -9.990e-29
 160.724525     13.663  34.965574    10.3882     5.4860     13.549    31.4766    24.1379 -9.990e-29
 160.724531     13.654  34.966181    10.3910     5.4890     13.540    31.4747    24.1360 -9.990e-29
 160.724537     13.636  34.966664    10.3937     5.4433     13.522    31.4729    24.1342 -9.990e-29
 160.724543     13.613  34.967694    10.3977     5.3997     13.499    31.4705    24.1316 -9.990e-29
 160.724549     13.593  34.970110    10.4030     5.3335     13.479    31.4683    24.1290 -9.990e-29
 160.724554     13.586  34.973799    10.4046     5.2931     13.472    31.4706    24.1305 -9.990e-29
 160.724560     13.601  34.974747    10.3961     5.2917     13.487    31.4789    24.1384 -9.990e-29
 160.724566     13.634  34.968646    10.3756     5.3107     13.520    31.4905    24.1509 -9.990e-29
 160.724572     13.679  34.955226    10.3468     5.3451     13.564    31.5021    24.1647 -9.990e-29
 160.724578     13.727  34.937338    10.3220     5.3487     13.612    31.5056    24.1717 -9.990e-29
 160.724583     13.762  34.922513    10.3158     5.3448     13.647    31.4962    24.1653 -9.990e-29
 160.724589     13.779  34.921241    10.3305     5.3257     13.664    31.4821    24.1519 -9.990e-29
 160.724595     13.783  34.932965    10.3519     5.3353     13.668    31.4753    24.1430 -9.990e-29
 160.724601     13.783  34.943661    10.3593     5.3505     13.668    31.4796    24.1452 -9.990e-29
 160.724606     13.788  34.945221    10.3470     5.3769     13.672    31.4918    24.1567 -9.990e-29
 160.724612     13.797  34.938080    10.3315     5.4055     13.681    31.4981    24.1642 -9.990e-29
 160.724618     13.798  34.931220    10.3303     5.3957     13.682    31.4923    24.1599 -9.990e-29
 160.724624     13.779  34.933997    10.3433     5.4153     13.664    31.4838    24.1511 -9.990e-29
 160.724630     13.743  34.941732    10.3569     5.3998     13.628    31.4798    24.1457 -9.990e-29
 160.724635     13.709  34.948526    10.3615     5.3990     13.594    31.4826    24.1471 -9.990e-29
 160.724641     13.691  34.952269    10.3591     5.4169     13.576    31.4884    24.1521 -9.990e-29
 160.724647     13.689  34.952380    10.3546     5.4100     13.574    31.4924    24.1559 -9.990e-29
 160.724653     13.690  34.950714    10.3519     5.4125     13.575    31.4931    24.1569 -9.990e-29
 160.724659     13.681  34.949552    10.3543     5.4109     13.566    31.4899    24.1540 -9.990e-29
 160.724664     13.656  34.950728    10.3610     5.4265     13.542    31.4853    24.1493 -9.990e-29
 160.724670     13.620  34.953035    10.3668     5.4269     13.506    31.4826    24.1462 -9.990e-29
 160.724676     13.573  34.953977    10.3680     5.4348     13.459    31.4825    24.1459 -9.990e-29
 160.724682     13.513  34.953715    10.3664     5.4573     13.400    31.4836    24.1471 -9.990e-29
 160.724687     13.440  34.954168    10.3655     5.4847     13.327    31.4849    24.1482 -9.990e-29
 160.724693     13.354  34.955405    10.3652     5.5562     13.242    31.4864    24.1495 -9.990e-29
 160.724699     13.249  34.955742    10.3656     5.6339     13.138    31.4865    24.1494 -9.990e-29
 160.724705     13.120  34.955653    10.3699     5.7204     13.010    31.4827    24.1458 0.0000e+00
 160.724711     12.956  34.957844    10.3855     5.7925     12.847    31.4715    24.1344 0.0000e+00
 160.724716     12.753  34.964141    10.4202     5.8319     12.646    31.4478    24.1102 0.0000e+00
 160.724722     12.511  34.975126    10.4735     5.8582     12.406    31.4129    24.0740 0.0000e+00
 160.724728     12.235  34.988675    10.5329     5.8680     12.133    31.3753    24.0347 0.0000e+00
