data/oxygen options/ONMS/Olympic_Coast_National_Marine_Sanctuary_CTD_Data_2005_2023/raw_data/2011/CAST_MB015_072011faed.cnv
* Sea-Bird SBE19 Data File:
* FileName = F:\Cast_MB015_072011.hex
* Software Version 1.59
* Temperature SN = 2997
* Conductivity SN = 2997
* System UpLoad Time = Jul 21 2011 00:33:47
* ds
* SEACAT PROFILER V3.1c SN 2997   07/20/11  17:32:55.677
# nquan = 9                                 
# nvalues = 468                         
# units = specified
# name 0 = timeJ: Julian Days
# name 1 = prSM: Pressure, Strain Gauge [db]
# name 2 = c0mS/cm: Conductivity [mS/cm]
# name 3 = t090C: Temperature [ITS-90, deg C]
# name 4 = sbeox0ML/L: Oxygen, SBE 43 [ml/l]
# name 5 = depSM: Depth [salt water, m], lat = 47.5
# name 6 = sal00: Salinity, Practical [PSU]
# name 7 = sigma-é00: Density [sigma-theta, kg/m^3]
# name 8 = flag: flag
# span 0 = 201.526887, 201.529589       
# span 1 =     -6.242,     16.535       
# span 2 =   0.282882,  38.225769       
# span 3 =    10.5594,    17.4161       
# span 4 =    -1.9060,    16.2668       
# span 5 =     -6.190,     16.396       
# span 6 =     0.1599,    32.3331       
# span 7 =    -1.1729,    24.7762       
# span 8 = 0.0000e+00, 0.0000e+00       
# interval = seconds: 0.5
# start_time = Jul 20 2011 12:38:43 [Instrument's time stamp, header]
# bad_flag = -9.990e-29
*END*
[from data line 321]
 201.528744     15.452  36.279316    11.0789     5.2376     15.322    32.1788    24.5658 -9.990e-29
 201.528750     15.453  36.286492    11.0846     5.2439     15.323    32.1808    24.5664 -9.990e-29
 201.528756     15.471  36.285190    11.0798     5.2632     15.341    32.1837    24.5695 -9.990e-29
 201.528762     15.489  36.272551    11.0683     5.2807     15.359    32.1813    24.5697 -9.990e-29
 201.528767     15.491  36.260840    11.0654     5.2993     15.361    32.1723    24.5632 -9.990e-29
 201.528773     15.477  36.265794    11.0787     5.2895     15.347    32.1656    24.5556 -9.990e-29
 201.528779     15.461  36.281133    11.1018     5.2639     15.331    32.1605    24.5475 -9.990e-29
 201.528785     15.452  36.295949    11.1145     5.2249     15.322    32.1640    24.5480 -9.990e-29
 201.528791     15.455  36.298076    11.1095     5.1824     15.325    32.1705    24.5539 -9.990e-29
 201.528796     15.466  36.288676    11.1078     5.1450     15.336    32.1627    24.5482 -9.990e-29
 201.528802     15.478  36.287134    11.1146     5.1175     15.348    32.1552    24.5412 -9.990e-29
 201.528808     15.490  36.290826    11.1046     5.0949     15.360    32.1676    24.5526 -9.990e-29
 201.528814     15.512  36.277792    11.0604     5.1093     15.382    32.1934    24.5805 -9.990e-29
 201.528819     15.545  36.241295    10.9948     5.1320     15.415    32.2149    24.6087 -9.990e-29
 201.528825     15.579  36.196508    10.9407     5.1909     15.448    32.2181    24.6207 -9.990e-29
 201.528831     15.604  36.165461    10.9158     5.2272     15.473    32.2092    24.6181 -9.990e-29
 201.528837     15.611  36.162736    10.9115     5.2478     15.480    32.2103    24.6197 -9.990e-29
 201.528843     15.593  36.177407    10.9196     5.2340     15.462    32.2177    24.6241 -9.990e-29
 201.528848     15.553  36.191510    10.9394     5.2057     15.423    32.2143    24.6179 -9.990e-29
 201.528854     15.511  36.205928    10.9700     5.1681     15.381    32.2017    24.6028 -9.990e-29
 201.528860     15.484  36.222524    11.0081     5.1474     15.354    32.1847    24.5829 -9.990e-29
 201.528866     15.483  36.240471    11.0335     5.1372     15.353    32.1802    24.5749 -9.990e-29
 201.528872     15.510  36.250102    11.0219     5.1419     15.380    32.1998    24.5922 -9.990e-29
 201.528877     15.548  36.235145    10.9827     5.1525     15.418    32.2194    24.6143 -9.990e-29
 201.528883     15.578  36.205337    10.9491     5.1726     15.447    32.2194    24.6202 -9.990e-29
 201.528889     15.594  36.186445    10.9332     5.1760     15.463    32.2147    24.6193 -9.990e-29
 201.528895     15.597  36.184627    10.9241     5.1840     15.466    32.2209    24.6257 -9.990e-29
 201.528900     15.587  36.187370    10.9173     5.1723     15.456    32.2296    24.6337 -9.990e-29
 201.528906     15.567  36.188246    10.9154     5.1554     15.436    32.2321    24.6360 -9.990e-29
 201.528912     15.545  36.190662    10.9191     5.1179     15.415    32.2313    24.6347 -9.990e-29
 201.528918     15.528  36.197834    10.9299     5.1055     15.398    32.2289    24.6310 -9.990e-29
 201.528924     15.524  36.209242    10.9400     5.1058     15.394    32.2313    24.6311 -9.990e-29
 201.528929     15.537  36.212096    10.9319     5.1276     15.407    32.2413    24.6402 -9.990e-29
 201.528935     15.562  36.193403    10.9092     5.1527     15.432    32.2427    24.6453 -9.990e-29
 201.528941     15.589  36.169115    10.8926     5.1683     15.458    32.2332    24.6408 -9.990e-29
 201.528947     15.607  36.160041    10.8862     5.1686     15.476    32.2299    24.6393 -9.990e-29
 201.528953     15.613  36.161913    10.8853     5.1674     15.482    32.2325    24.6416 -9.990e-29
 201.528958     15.610  36.166021    10.8938     5.1333     15.479    32.2291    24.6374 -9.990e-29
 201.528964     15.608  36.174480    10.9145     5.1135     15.477    32.2193    24.6262 -9.990e-29
 201.528970     15.611  36.189607    10.9411     5.0964     15.480    32.2109    24.6150 -9.990e-29
 201.528976     15.619  36.203571    10.9604     5.1101     15.488    32.2078    24.6092 -9.990e-29
 201.528981     15.633  36.205314    10.9570     5.1679     15.502    32.2125    24.6134 -9.990e-29
 201.528987     15.652  36.188203    10.9284     5.2205     15.521    32.2206    24.6248 -9.990e-29
 201.528993     15.675  36.161901    10.8907     5.2678     15.544    32.2277    24.6369 -9.990e-29
 201.528999     15.690  36.145842    10.8683     5.2864     15.558    32.2315    24.6437 -9.990e-29
 201.529005     15.690  36.144366    10.8814     5.2699     15.558    32.2185    24.6314 -9.990e-29
 201.529010     15.677  36.158479    10.9317     5.2491     15.546    32.1883    24.5991 -9.990e-29
 201.529016     15.662  36.192994    10.9940     5.2242     15.531    32.1678    24.5722 -9.990e-29
 201.529022     15.654  36.236442    11.0412     5.2076     15.523    32.1694    24.5651 -9.990e-29
 201.529028     15.667  36.265568    11.0616     5.2096     15.536    32.1802    24.5700 -9.990e-29
 201.529034     15.696  36.261542    11.0479     5.2175     15.564    32.1883    24.5786 -9.990e-29
 201.529039     15.724  36.227403    11.0177     5.2461     15.592    32.1810    24.5783 -9.990e-29
 201.529045     15.733  36.201633    10.9994     5.2607     15.601    32.1716    24.5742 -9.990e-29
 201.529051     15.725  36.204185    10.9995     5.3122     15.593    32.1740    24.5761 -9.990e-29
 201.529057     15.708  36.214372    11.0187     5.2975     15.576    32.1673    24.5674 -9.990e-29
 201.529063     15.689  36.226736    11.0478     5.2862     15.557    32.1540    24.5520 -9.990e-29
 201.529068     15.676  36.243765    11.0706     5.2597     15.545    32.1509    24.5456 -9.990e-29
 201.529074     15.671  36.258490    11.0819     5.2140     15.540    32.1555    24.5472 -9.990e-29
 201.529080     15.671  36.268709    11.0831     5.1684     15.540    32.1645    24.5540 -9.990e-29
 201.529086     15.672  36.272374    11.0769     5.1193     15.541    32.1736    24.5621 -9.990e-29
 201.529091     15.673  36.267650    11.0637     5.0705     15.542    32.1805    24.5698 -9.990e-29
 201.529097     15.669  36.257199    11.0402     5.0480     15.538    32.1907    24.5819 -9.990e-29
 201.529103     15.657  36.245565    11.0053     5.0395     15.526    32.2098    24.6029 -9.990e-29
 201.529109     15.645  36.226196    10.9639     5.0610     15.514    32.2270    24.6236 -9.990e-29
 201.529115     15.640  36.185023    10.9195     5.0774     15.509    32.2253    24.6300 -9.990e-29
 201.529120     15.628  36.136578    10.8829     5.1048     15.497    32.2095    24.6241 -9.990e-29
 201.529126     15.593  36.114818    10.8686     5.1552     15.462    32.2005    24.6196 -9.990e-29
 201.529132     15.527  36.122077    10.8693     5.2291     15.397    32.2071    24.6246 -9.990e-29
 201.529138     15.430  36.140588    10.8782     5.3063     15.301    32.2177    24.6313 -9.990e-29
 201.529144     15.306  36.161994    10.9002     5.4249     15.178    32.2196    24.6289 -9.990e-29
 201.529149     15.158  36.182919    10.9387     5.5180     15.031    32.2066    24.6120 0.0000e+00
 201.529155     14.995  36.212784    11.0039     5.6177     14.869    32.1790    24.5791 0.0000e+00
 201.529161     14.816  36.256696    11.1023     5.7150     14.692    32.1363    24.5286 0.0000e+00
 201.529167     14.612  36.297053    11.2278     5.7885     14.490    32.0666    24.4522 0.0000e+00
 201.529172     14.383  36.336713    11.3688     5.8461     14.262    31.9832    24.3622 0.0000e+00
 201.529178     14.138  36.396095    11.5008     5.8877     14.020    31.9272    24.2950 0.0000e+00
 201.529184     13.884  36.465359    11.6023     5.9054     13.768    31.9073    24.2612 0.0000e+00
 201.529190     13.629  36.525443    11.6668     5.9286     13.515    31.9103    24.2519 0.0000e+00
 201.529196     13.373  36.571924    11.7063     5.9465     13.261    31.9216    24.2534 0.0000e+00
 201.529201     13.117  36.609115    11.7455     5.9482     13.007    31.9241    24.2482 0.0000e+00
 201.529207     12.856  36.641252    11.7847     5.9407     12.748    31.9216    24.2392 0.0000e+00
 201.529213     12.589  36.661908    11.8118     5.9293     12.484    31.9185    24.2318 0.0000e+00
 201.529219     12.314  36.673430    11.8292     5.9399     12.211    31.9148    24.2257 0.0000e+00
 201.529225     12.027  36.685031    11.8426     5.9489     11.926    31.9147    24.2231 0.0000e+00
 201.529230     11.732  36.694824    11.8522     5.9621     11.634    31.9160    24.2224 0.0000e+00
 201.529236     11.444  36.701869    11.8590     5.9563     11.348    31.9171    24.2220 0.0000e+00
 201.529242     11.170  36.709402    11.8658     5.9632     11.076    31.9187    24.2220 0.0000e+00
 201.529248     10.905  36.716831    11.8743     5.9580     10.814    31.9187    24.2204 0.0000e+00
 201.529253     10.642  36.723423    11.8854     5.9573     10.553    31.9157    24.2160 0.0000e+00
 201.529259     10.376  36.730128    11.8962     5.9423     10.289    31.9130    24.2119 0.0000e+00
 201.529265     10.112  36.735808    11.9034     5.9347     10.027    31.9124    24.2102 0.0000e+00
 201.529271      9.855  36.740759    11.9070     5.9273      9.773    31.9142    24.2109 0.0000e+00
 201.529277      9.600  36.745986    11.9091     5.9480      9.520    31.9176    24.2131 0.0000e+00
 201.529282      9.346  36.750060    11.9114     5.9802      9.268    31.9196    24.2143 0.0000e+00
 201.529288      9.088  36.752814    11.9144     6.0230      9.012    31.9198    24.2139 0.0000e+00
 201.529294      8.823  36.755120    11.9185     6.0471      8.749    31.9187    24.2122 0.0000e+00
 201.529300      8.552  36.757814    11.9278     6.0611      8.480    31.9134    24.2064 0.0000e+00
 201.529306      8.269  36.763372    11.9509     6.0756      8.200    31.8991    24.1910 0.0000e+00
 201.529311      7.975  36.774165    11.9939     6.0856      7.908    31.8729    24.1627 0.0000e+00
 201.529317      7.680  36.792823    12.0503     6.0886      7.616    31.8428    24.1289 0.0000e+00
 201.529323      7.395  36.821829    12.1075     6.1086      7.333    31.8220    24.1022 0.0000e+00
 201.529329      7.124  36.858985    12.1545     6.1446      7.064    31.8178    24.0902 0.0000e+00
 201.529334      6.858  36.895602    12.1832     6.2011      6.801    31.8287    24.0932 0.0000e+00
 201.529340      6.585  36.918908    12.2056     6.2489      6.530    31.8321    24.0917 0.0000e+00
 201.529346      6.300  36.931427    12.2405     6.2854      6.247    31.8145    24.0715 0.0000e+00
 201.529352      6.003  36.948736    12.2870     6.3053      5.953    31.7917    24.0451 0.0000e+00
 201.529358      5.694  36.973194    12.3362     6.3146      5.646    31.7735    24.0218 0.0000e+00
 201.529363      5.386  37.002136    12.3827     6.3444      5.341    31.7619    24.0040 0.0000e+00
 201.529369      5.093  37.040559    12.4258     6.3508      5.050    31.7622    23.9961 0.0000e+00
 201.529375      4.817  37.082580    12.4623     6.3564      4.777    31.7715    23.9964 0.0000e+00
 201.529381      4.545  37.106391    12.4901     6.3676      4.507    31.7708    23.9906 0.0000e+00
 201.529387      4.269  37.112385    12.5141     6.3717      4.233    31.7563    23.9748 0.0000e+00
 201.529392      3.992  37.118080    12.5368     6.3920      3.959    31.7427    23.9599 0.0000e+00
 201.529398      3.723  37.126595    12.5608     6.4101      3.692    31.7307    23.9460 0.0000e+00
 201.529404      3.469  37.139768    12.5878     6.4152      3.440    31.7205    23.9330 0.0000e+00
 201.529410      3.233  37.160606    12.6122     6.4271      3.206    31.7198    23.9278 0.0000e+00
 201.529416      3.003  37.180493    12.6338     6.4394      2.978    31.7206    23.9243 0.0000e+00
 201.529421      2.773  37.192910    12.6603     6.4920      2.750    31.7102    23.9112 0.0000e+00
 201.529427      2.546  37.203775    12.6960     6.5808      2.525    31.6906    23.8891 0.0000e+00
 201.529433      2.320  37.215817    12.7399     6.6780      2.301    31.6652    23.8611 0.0000e+00
 201.529439      2.098  37.228856    12.7871     6.7851      2.080    31.6380    23.8310 0.0000e+00
 201.529444      1.888  37.245161    12.8308     6.9131      1.872    31.6169    23.8062 0.0000e+00
 201.529450      1.683  37.269681    12.8765     7.0059      1.669    31.6019    23.7858 0.0000e+00
 201.529456      1.477  37.305434    12.9433     7.1179      1.465    31.5799    23.7558 0.0000e+00
 201.529462      1.268  37.351373    13.0276     7.1785      1.257    31.5530    23.7186 0.0000e+00
 201.529468      1.061  37.403787    13.1071     7.2477      1.052    31.5362    23.6901 0.0000e+00
 201.529473      0.859  37.466487    13.1804     7.2071      0.852    31.5341    23.6742 0.0000e+00
 201.529479      0.662  37.538517    13.2472     7.0930      0.656    31.5462    23.6704 0.0000e+00
 201.529485      0.467  37.585434    13.3036     6.9456      0.463    31.5433    23.6570 0.0000e+00
 201.529491      0.274  37.605396    13.3595     7.8414      0.272    31.5158    23.6247 0.0000e+00
 201.529497      0.087  37.629512    13.4127     7.9639      0.086    31.4943    23.5976 0.0000e+00
 201.529502     -0.088  37.660820    13.4554     7.7852     -0.087    31.4883    23.5844 0.0000e+00
 201.529508     -0.245  37.697389    13.4838     7.3920     -0.243    31.4989    23.5870 0.0000e+00
 201.529514     -0.381  37.722457    13.4937     6.9887     -0.378    31.5141    23.5968 -9.990e-29
 201.529520     -0.496  37.702805    13.4933     6.6078     -0.492    31.4962    23.5830 -9.990e-29
 201.529525     -0.589  37.605514    13.4937     6.4004     -0.584    31.4055    23.5129 -9.990e-29
 201.529531     -0.662  37.342310    13.4974     6.3180     -0.656    31.1581    23.3210 -9.990e-29
 201.529537     -0.719  36.615463    13.5027 -9.990e-29     -0.713    30.4805    22.7965 -9.990e-29
 201.529543     -0.764  34.506813    13.5080 -9.990e-29     -0.758    28.5348    21.2934 -9.990e-29
 201.529549     -0.800  28.251314    13.5124 -9.990e-29     -0.793    22.8770    16.9312 -9.990e-29
 201.529554     -0.829  18.192376    13.5155 -9.990e-29     -0.822    14.1322    10.2033 -9.990e-29
 201.529560     -0.852  10.238684    13.5178 -9.990e-29     -0.845     7.5824     5.1665 -9.990e-29
 201.529566     -0.872   6.756428    13.5203 -9.990e-29     -0.865     4.8507     3.0628 -9.990e-29
 201.529572     -0.889   5.512538    13.5233 -9.990e-29     -0.882     3.9017     2.3307 -9.990e-29
 201.529578     -0.905   5.000099    13.5257 -9.990e-29     -0.897     3.5156     2.0325 -9.990e-29
 201.529583     -0.921   4.733538    13.5266 -9.990e-29     -0.913     3.3161     1.8784 -9.990e-29
 201.529589     -0.929   4.601183 -9.990e-29 -9.990e-29     -0.921 -9.990e-29 -9.990e-29 -9.990e-29
