data/oxygen options/ONMS/Olympic_Coast_National_Marine_Sanctuary_CTD_Data_2005_2023/raw_data/2011/CAST_KL027_061111faed.cnv
* Sea-Bird SBE19 Data File:
* FileName = C:\Documents and Settings\OCNMS\Desktop\2011 mooring data\first service\CAST_KL027_061111.hex
* Software Version 1.24
* Temperature SN = 2997
* Conductivity SN = 2997
* System UpLoad Time = Jun 11 2011 14:56:54
** CAST_KL027_061111
* SEACAT PROFILER V3.1c SN 2997   06/11/11  14:55:57.775
# nquan = 9                                 
# nvalues = 568                         
# units = specified
# name 0 = timeJ: Julian Days
# name 1 = prSM: Pressure, Strain Gauge [db]
# name 2 = c0mS/cm: Conductivity [mS/cm]
# name 3 = t090C: Temperature [ITS-90, deg C]
# name 4 = sbeox0ML/L: Oxygen, SBE 43 [ml/l]
# name 5 = depSM: Depth [salt water, m], lat = 47.5
# name 6 = sal00: Salinity, Practical [PSU]
# name 7 = sigma-é00: Density [sigma-theta, kg/m^3]
# name 8 = flag: flag
# span 0 = 162.388935, 162.392216       
# span 1 =     -5.438,     27.077       
# span 2 =   0.069905,  35.357553       
# span 3 =     8.1311,    13.7499       
# span 4 =   -17.1803,    15.9867       
# span 5 =     -5.393,     26.849       
# span 6 =     0.0449,    32.7958       
# span 7 =    -0.5676,    25.5242       
# span 8 = 0.0000e+00, 0.0000e+00       
# interval = seconds: 0.5
# start_time = Jun 11 2011 09:20:04 [Instrument's time stamp, header]
# bad_flag = -9.990e-29
*END*
[from data line 321]
 162.390793     26.727  34.278981     8.1327     3.5128     26.502    32.7929    25.5218 -9.990e-29
 162.390799     26.751  34.278763     8.1321     3.5099     26.526    32.7932    25.5222 -9.990e-29
 162.390804     26.772  34.279037     8.1320     3.4929     26.547    32.7936    25.5225 -9.990e-29
 162.390810     26.788  34.279585     8.1321     3.5001     26.563    32.7941    25.5228 -9.990e-29
 162.390816     26.800  34.279997     8.1321     3.4974     26.575    32.7945    25.5232 -9.990e-29
 162.390822     26.808  34.280240     8.1321     3.5027     26.583    32.7948    25.5234 -9.990e-29
 162.390828     26.814  34.280616     8.1320     3.5110     26.588    32.7953    25.5238 -9.990e-29
 162.390833     26.820  34.281044     8.1319     3.5057     26.594    32.7958    25.5242 -9.990e-29
 162.390839     26.834  34.280953     8.1318     3.4959     26.608    32.7958    25.5242 -9.990e-29
 162.390845     26.850  34.280199     8.1320     3.4931     26.624    32.7948    25.5234 -9.990e-29
 162.390851     26.862  34.279436     8.1324     3.5027     26.636    32.7936    25.5224 -9.990e-29
 162.390856     26.865  34.279301     8.1325     3.4886     26.639    32.7934    25.5222 -9.990e-29
 162.390862     26.865  34.279593     8.1321     3.4887     26.639    32.7941    25.5228 -9.990e-29
 162.390868     26.865  34.279561     8.1319     3.4958     26.639    32.7942    25.5230 -9.990e-29
 162.390874     26.866  34.279138     8.1322     3.4791     26.640    32.7935    25.5223 -9.990e-29
 162.390880     26.872  34.278858     8.1324     3.4846     26.646    32.7930    25.5219 -9.990e-29
 162.390885     26.888  34.278886     8.1322     3.4915     26.662    32.7932    25.5221 -9.990e-29
 162.390891     26.906  34.279238     8.1320     3.4843     26.680    32.7938    25.5226 -9.990e-29
 162.390897     26.914  34.279799     8.1321     3.5024     26.688    32.7943    25.5230 -9.990e-29
 162.390903     26.909  34.280175     8.1323     3.5124     26.683    32.7945    25.5231 -9.990e-29
 162.390909     26.899  34.280286     8.1324     3.5026     26.673    32.7945    25.5231 -9.990e-29
 162.390914     26.895  34.280257     8.1320     3.5026     26.669    32.7948    25.5234 -9.990e-29
 162.390920     26.899  34.280029     8.1314     3.4941     26.673    32.7952    25.5238 -9.990e-29
 162.390926     26.905  34.279836     8.1311     3.4914     26.679    32.7952    25.5239 -9.990e-29
 162.390932     26.910  34.279957     8.1311     3.4871     26.684    32.7954    25.5240 -9.990e-29
 162.390938     26.906  34.279971     8.1313     3.5040     26.680    32.7952    25.5238 -9.990e-29
 162.390943     26.892  34.279875     8.1313     3.4999     26.666    32.7951    25.5237 -9.990e-29
 162.390949     26.881  34.280078     8.1314     3.4900     26.655    32.7952    25.5238 -9.990e-29
 162.390955     26.884  34.280268     8.1313     3.5067     26.658    32.7955    25.5241 -9.990e-29
 162.390961     26.897  34.280118     8.1311     3.4943     26.671    32.7955    25.5241 -9.990e-29
 162.390966     26.909  34.279967     8.1316     3.4900     26.683    32.7949    25.5236 -9.990e-29
 162.390972     26.916  34.280150     8.1324     3.4971     26.690    32.7944    25.5230 -9.990e-29
 162.390978     26.918  34.280326     8.1327     3.5013     26.692    32.7943    25.5229 -9.990e-29
 162.390984     26.919  34.280149     8.1324     3.4926     26.693    32.7943    25.5230 -9.990e-29
 162.390990     26.925  34.279922     8.1319     3.4899     26.699    32.7946    25.5232 -9.990e-29
 162.390995     26.935  34.279882     8.1313     3.5012     26.708    32.7951    25.5237 -9.990e-29
 162.391001     26.946  34.279952     8.1313     3.4971     26.719    32.7952    25.5238 -9.990e-29
 162.391007     26.954  34.280203     8.1318     3.5054     26.727    32.7950    25.5236 -9.990e-29
 162.391013     26.964  34.280386     8.1321     3.5095     26.737    32.7949    25.5234 -9.990e-29
 162.391019     26.976  34.280163     8.1320     3.4944     26.749    32.7947    25.5233 -9.990e-29
 162.391024     26.984  34.279774     8.1318     3.4872     26.757    32.7945    25.5232 -9.990e-29
 162.391030     26.982  34.279799     8.1317     3.4915     26.755    32.7946    25.5233 -9.990e-29
 162.391036     26.976  34.280247     8.1318     3.4916     26.749    32.7950    25.5236 -9.990e-29
 162.391042     26.973  34.280575     8.1320     3.4998     26.746    32.7952    25.5237 -9.990e-29
 162.391047     26.978  34.280643     8.1320     3.5024     26.751    32.7952    25.5237 -9.990e-29
 162.391053     26.990  34.280539     8.1318     3.5068     26.763    32.7953    25.5238 -9.990e-29
 162.391059     27.007  34.280163     8.1317     3.4998     26.780    32.7950    25.5236 -9.990e-29
 162.391065     27.021  34.279643     8.1317     3.4774     26.794    32.7944    25.5232 -9.990e-29
 162.391071     27.032  34.279473     8.1321     3.4888     26.805    32.7939    25.5227 -9.990e-29
 162.391076     27.046  34.279496     8.1326     3.4913     26.819    32.7934    25.5222 -9.990e-29
 162.391082     27.060  34.279249     8.1327     3.4926     26.832    32.7930    25.5219 -9.990e-29
 162.391088     27.069  34.279029     8.1326     3.5052     26.841    32.7929    25.5218 -9.990e-29
 162.391094     27.074  34.279171     8.1329     3.4971     26.846    32.7928    25.5217 -9.990e-29
 162.391100     27.077  34.279371     8.1335     3.4901     26.849    32.7924    25.5213 -9.990e-29
 162.391105     27.076  34.279404     8.1336     3.4900     26.848    32.7924    25.5213 -9.990e-29
 162.391111     27.072  34.279381     8.1333     3.4845     26.844    32.7926    25.5215 -9.990e-29
 162.391117     27.065  34.279336     8.1332     3.4873     26.837    32.7927    25.5216 -9.990e-29
 162.391123     27.054  34.279279     8.1335     3.4928     26.826    32.7923    25.5213 -9.990e-29
 162.391128     27.038  34.279199     8.1338     3.4929     26.811    32.7920    25.5209 -9.990e-29
 162.391134     27.022  34.279059     8.1336     3.4929     26.795    32.7920    25.5210 -9.990e-29
 162.391140     27.011  34.278737     8.1330     3.4830     26.784    32.7922    25.5213 -9.990e-29
 162.391146     27.010  34.278435     8.1324     3.4901     26.783    32.7925    25.5215 -9.990e-29
 162.391152     27.015  34.278376     8.1319     3.5027     26.788    32.7929    25.5219 -9.990e-29
 162.391157     27.018  34.278547     8.1316     3.4984     26.791    32.7933    25.5223 -9.990e-29
 162.391163     27.017  34.278684     8.1317     3.4886     26.790    32.7934    25.5224 -9.990e-29
 162.391169     27.023  34.278476     8.1318     3.4873     26.796    32.7931    25.5221 -9.990e-29
 162.391175     27.035  34.278272     8.1316     3.4873     26.808    32.7930    25.5221 -9.990e-29
 162.391181     27.046  34.278428     8.1314     3.4955     26.819    32.7934    25.5224 -9.990e-29
 162.391186     27.052  34.278660     8.1314     3.5080     26.824    32.7936    25.5226 -9.990e-29
 162.391192     27.053  34.278784     8.1315     3.4954     26.825    32.7937    25.5226 -9.990e-29
 162.391198     27.050  34.279032     8.1313     3.4925     26.822    32.7941    25.5230 -9.990e-29
 162.391204     27.041  34.279243     8.1311     3.4898     26.814    32.7945    25.5233 -9.990e-29
 162.391209     27.028  34.279206     8.1311     3.4968     26.801    32.7945    25.5233 -9.990e-29
 162.391215     27.008  34.278939     8.1312     3.4952     26.781    32.7941    25.5230 -9.990e-29
 162.391221     26.981  34.278712     8.1315     3.4826     26.754    32.7936    25.5226 -9.990e-29
 162.391227     26.945  34.278851     8.1319     3.4870     26.718    32.7934    25.5223 -9.990e-29
 162.391233     26.897  34.279046     8.1321     3.4868     26.671    32.7935    25.5223 -9.990e-29
 162.391238     26.835  34.279066     8.1323     3.4852     26.609    32.7933    25.5222 -9.990e-29
 162.391244     26.759  34.279006     8.1327     3.4950     26.534    32.7929    25.5218 -9.990e-29
 162.391250     26.673  34.278853     8.1327     3.5018     26.449    32.7928    25.5217 -9.990e-29
 162.391256     26.579  34.278468     8.1323     3.4878     26.355    32.7928    25.5218 -9.990e-29
 162.391262     26.480  34.277967     8.1319     3.4947     26.257    32.7927    25.5218 -9.990e-29
 162.391267     26.379  34.277871     8.1317     3.4991     26.157    32.7928    25.5219 -9.990e-29
 162.391273     26.278  34.278118     8.1319     3.5019     26.057    32.7930    25.5220 -9.990e-29
 162.391279     26.178  34.277985     8.1324     3.5001     25.958    32.7924    25.5215 -9.990e-29
 162.391285     26.079  34.277364     8.1330     3.4988     25.860    32.7912    25.5204 -9.990e-29
 162.391291     25.973  34.276613     8.1333     3.5059     25.755    32.7902    25.5196 -9.990e-29
 162.391296     25.862  34.275919     8.1336     3.5015     25.645    32.7892    25.5188 -9.990e-29
 162.391302     25.752  34.275543     8.1339     3.5014     25.535    32.7886    25.5182 -9.990e-29
 162.391308     25.645  34.275612     8.1342     3.4927     25.429    32.7884    25.5181 -9.990e-29
 162.391314     25.543  34.275727     8.1345     3.4901     25.328    32.7883    25.5179 -9.990e-29
 162.391319     25.443  34.275548     8.1347     3.4940     25.229    32.7880    25.5177 -9.990e-29
 162.391325     25.338  34.275463     8.1349     3.5139     25.125    32.7878    25.5174 -9.990e-29
 162.391331     25.223  34.275428     8.1354     3.5393     25.011    32.7873    25.5170 -9.990e-29
 162.391337     25.095  34.274901     8.1360     3.5432     24.884    32.7863    25.5161 0.0000e+00
 162.391343     24.957  34.273808     8.1368     3.5642     24.747    32.7844    25.5145 0.0000e+00
 162.391348     24.814  34.272440     8.1384     3.5852     24.605    32.7815    25.5120 0.0000e+00
 162.391354     24.661  34.271279     8.1410     3.6093     24.454    32.7779    25.5088 0.0000e+00
 162.391360     24.493  34.269965     8.1455     3.6459     24.287    32.7724    25.5038 0.0000e+00
 162.391366     24.316  34.267375     8.1527     3.7002     24.112    32.7630    25.4954 0.0000e+00
 162.391372     24.141  34.262361     8.1612     3.7888     23.938    32.7498    25.4838 0.0000e+00
 162.391377     23.964  34.258387     8.1690     3.8648     23.763    32.7384    25.4737 0.0000e+00
 162.391383     23.775  34.256941     8.1816     3.9415     23.575    32.7252    25.4615 0.0000e+00
 162.391389     23.574  34.250005     8.2046     3.9984     23.376    32.6965    25.4356 0.0000e+00
 162.391395     23.371  34.236798     8.2323     4.0355     23.175    32.6568    25.4004 0.0000e+00
 162.391400     23.160  34.226095     8.2599     4.0674     22.965    32.6200    25.3674 0.0000e+00
 162.391406     22.937  34.218254     8.2893     4.1159     22.744    32.5845    25.3352 0.0000e+00
 162.391412     22.700  34.208492     8.3164     4.1676     22.509    32.5492    25.3035 0.0000e+00
 162.391418     22.444  34.200660     8.3407     4.2063     22.255    32.5186    25.2759 0.0000e+00
 162.391424     22.164  34.198386     8.3694     4.2258     21.978    32.4898    25.2491 0.0000e+00
 162.391429     21.868  34.198709     8.4061     4.2265     21.684    32.4564    25.2175 0.0000e+00
 162.391435     21.569  34.199891     8.4650     4.2463     21.388    32.4036    25.1673 0.0000e+00
 162.391441     21.263  34.203582     8.5616     4.3285     21.084    32.3190    25.0865 0.0000e+00
 162.391447     20.944  34.218133     8.6757     4.4674     20.768    32.2302    24.9998 0.0000e+00
 162.391453     20.614  34.246227     8.7650     4.6517     20.441    32.1784    24.9457 0.0000e+00
 162.391458     20.277  34.285095     8.8268     4.8747     20.107    32.1630    24.9242 0.0000e+00
 162.391464     19.933  34.331786     8.9035     5.1020     19.766    32.1422    24.8962 0.0000e+00
 162.391470     19.581  34.376414     9.0164     5.3498     19.417    32.0866    24.8353 0.0000e+00
 162.391476     19.226  34.414728     9.1410     5.5485     19.065    32.0142    24.7594 0.0000e+00
 162.391481     18.870  34.451423     9.2483     5.7487     18.712    31.9560    24.6971 0.0000e+00
 162.391487     18.520  34.499122     9.3393     5.9461     18.365    31.9239    24.6577 0.0000e+00
 162.391493     18.185  34.559929     9.4308     6.0766     18.032    31.9048    24.6283 0.0000e+00
 162.391499     17.859  34.623744     9.5359     6.1643     17.709    31.8767    24.5896 0.0000e+00
 162.391505     17.536  34.690630     9.6606     6.1998     17.389    31.8345    24.5367 0.0000e+00
 162.391510     17.216  34.774823     9.8083     6.2254     17.072    31.7897    24.4778 0.0000e+00
 162.391516     16.899  34.876685     9.9828     6.2570     16.757    31.7393    24.4101 0.0000e+00
 162.391522     16.584  34.965270    10.1815     6.2786     16.445    31.6547    24.3113 0.0000e+00
 162.391528     16.268  35.029442    10.3817     6.2838     16.132    31.5449    24.1923 0.0000e+00
 162.391534     15.950  35.085431    10.5356     6.2944     15.816    31.4678    24.1063 0.0000e+00
 162.391539     15.638  35.141919    10.6310     6.2889     15.507    31.4418    24.0699 0.0000e+00
 162.391545     15.337  35.200421    10.6985     6.2902     15.208    31.4419    24.0585 0.0000e+00
 162.391551     15.049  35.250565    10.7497     6.2876     14.923    31.4477    24.0542 0.0000e+00
 162.391557     14.769  35.272501    10.7922     6.2836     14.645    31.4330    24.0355 0.0000e+00
 162.391562     14.491  35.263079    10.8333     6.2813     14.370    31.3886    23.9938 0.0000e+00
 162.391568     14.212  35.234451    10.8622     6.2752     14.093    31.3357    23.9477 0.0000e+00
 162.391574     13.926  35.194997    10.8724     6.2809     13.809    31.2881    23.9089 0.0000e+00
 162.391580     13.636  35.158261    10.8727     6.2926     13.522    31.2517    23.8806 0.0000e+00
 162.391586     13.345  35.134689    10.8764     6.3293     13.233    31.2254    23.8595 0.0000e+00
 162.391591     13.053  35.108603    10.8894     6.4093     12.944    31.1888    23.8287 0.0000e+00
 162.391597     12.761  35.070485    10.9110     6.5031     12.654    31.1329    23.7815 0.0000e+00
 162.391603     12.477  35.034529    10.9476     6.5492     12.372    31.0666    23.7236 0.0000e+00
 162.391609     12.201  35.004940    11.0113     6.6307     12.099    30.9838    23.6482 0.0000e+00
 162.391615     11.922  34.970334    11.1045     6.7299     11.822    30.8716    23.5448 0.0000e+00
 162.391620     11.637  34.925517    11.2155     6.8408     11.540    30.7350    23.4193 0.0000e+00
 162.391626     11.348  34.881359    11.3220     6.9015     11.253    30.6035    23.2985 0.0000e+00
 162.391632     11.063  34.847375    11.4045     6.9478     10.970    30.5024    23.2054 0.0000e+00
 162.391638     10.785  34.803539    11.4672     7.0001     10.695    30.4083    23.1213 0.0000e+00
 162.391644     10.514  34.748037    11.5417     7.0470     10.426    30.2936    23.0191 0.0000e+00
 162.391649     10.245  34.712764    11.6672     7.0672     10.159    30.1574    22.8911 0.0000e+00
 162.391655      9.974  34.685479    11.8388     7.0753      9.891    29.9925    22.7325 0.0000e+00
 162.391661      9.701  34.644994    11.9974     7.0734      9.620    29.8267    22.5753 0.0000e+00
 162.391667      9.421  34.604042    12.1218     7.0363      9.342    29.6887    22.4459 0.0000e+00
 162.391672      9.129  34.556830    12.2614     6.9837      9.053    29.5336    22.3003 0.0000e+00
 162.391678      8.829  34.489771    12.4551     6.9428      8.755    29.3185    22.0982 0.0000e+00
 162.391684      8.527  34.420466    12.6695     6.9321      8.456    29.0873    21.8796 0.0000e+00
 162.391690      8.225  34.369684    12.8473     6.9270      8.156    28.9036    21.7043 0.0000e+00
 162.391696      7.926  34.331960    12.9734     6.9030      7.860    28.7726    21.5793 0.0000e+00
 162.391701      7.635  34.295172    13.0665     6.8838      7.571    28.6681    21.4810 0.0000e+00
 162.391707      7.348  34.259631    13.1444     6.8814      7.287    28.5767    21.3956 0.0000e+00
