data/oxygen options/ONMS/Olympic_Coast_National_Marine_Sanctuary_CTD_Data_2005_2023/raw_data/2011/CAST_CA042_060811faed.cnv
* Sea-Bird SBE19 Data File:
* FileName = C:\Documents and Settings\OCNMS\Desktop\2011 mooring data\first service\CAST_CA042_060811.hex
* Software Version 1.24
* Temperature SN = 2997
* Conductivity SN = 2997
* System UpLoad Time = Jun 08 2011 17:28:34
** CAST_CA042_060811
* SEACAT PROFILER V3.1c SN 2997   06/08/11  17:27:53.475
# nquan = 9                                 
# nvalues = 992                         
# units = specified
# name 0 = timeJ: Julian Days
# name 1 = prSM: Pressure, Strain Gauge [db]
# name 2 = c0mS/cm: Conductivity [mS/cm]
# name 3 = t090C: Temperature [ITS-90, deg C]
# name 4 = sbeox0ML/L: Oxygen, SBE 43 [ml/l]
# name 5 = depSM: Depth [salt water, m], lat = 47.5
# name 6 = sal00: Salinity, Practical [PSU]
# name 7 = sigma-é00: Density [sigma-theta, kg/m^3]
# name 8 = flag: flag
# span 0 = 159.623704, 159.629439       
# span 1 =     -6.001,     42.848       
# span 2 =   0.203131,  35.847563       
# span 3 =     7.7972,    14.4339       
# span 4 =    -2.0266,    18.4263       
# span 5 =     -5.951,     42.486       
# span 6 =     0.1226,    33.0505       
# span 7 =    -0.7180,    25.7728       
# span 8 = 0.0000e+00, 0.0000e+00       
# interval = seconds: 0.5
# start_time = Jun 08 2011 14:58:08 [Instrument's time stamp, header]
# bad_flag = -9.990e-29
*END*
[from data line 161]
 159.624635     -1.721  35.574501    12.2615     6.9775     -1.707    30.5043    23.0520 -9.990e-29
 159.624641     -1.702  35.575420    12.2620     6.9978     -1.688    30.5048    23.0522 -9.990e-29
 159.624647     -1.677  35.575510    12.2622     6.9936     -1.663    30.5047    23.0521 -9.990e-29
 159.624653     -1.653  35.575470    12.2628     6.9920     -1.639    30.5041    23.0516 -9.990e-29
 159.624659     -1.638  35.575827    12.2633     7.0056     -1.624    30.5041    23.0515 -9.990e-29
 159.624664     -1.631  35.576515    12.2631     7.0044     -1.617    30.5049    23.0521 -9.990e-29
 159.624670     -1.623  35.576791    12.2619     7.0086     -1.609    30.5061    23.0533 -9.990e-29
 159.624676     -1.609  35.575926    12.2607     7.0036     -1.596    30.5063    23.0536 -9.990e-29
 159.624682     -1.592  35.574465    12.2608     6.9951     -1.579    30.5048    23.0525 -9.990e-29
 159.624687     -1.579  35.573842    12.2618     6.9955     -1.566    30.5034    23.0512 -9.990e-29
 159.624693     -1.575  35.574366    12.2627     7.0038     -1.562    30.5031    23.0508 -9.990e-29
 159.624699     -1.575  35.574514    12.2628     6.9974     -1.562    30.5032    23.0509 -9.990e-29
 159.624705     -1.570  35.573383    12.2610     6.9871     -1.557    30.5036    23.0515 -9.990e-29
 159.624711     -1.555  35.570047    12.2564     6.9832     -1.542    30.5041    23.0528 -9.990e-29
 159.624716     -1.534  35.564000    12.2511     6.9891     -1.521    30.5027    23.0526 -9.990e-29
 159.624722     -1.514  35.559518    12.2491     6.9974     -1.501    30.5001    23.0510 -9.990e-29
 159.624728     -1.499  35.560165    12.2502     6.9937     -1.486    30.4998    23.0505 -9.990e-29
 159.624734     -1.486  35.562901    12.2513     6.9981     -1.474    30.5015    23.0517 -9.990e-29
 159.624740     -1.476  35.564115    12.2511     6.9965     -1.464    30.5028    23.0527 -9.990e-29
 159.624745     -1.468  35.563206    12.2508     6.9982     -1.456    30.5022    23.0523 -9.990e-29
 159.624751     -1.461  35.561783    12.2511     6.9924     -1.449    30.5006    23.0510 -9.990e-29
 159.624757     -1.455  35.561888    12.2512     7.0034     -1.443    30.5006    23.0510 -9.990e-29
 159.624763     -1.449  35.562562    12.2507     6.9994     -1.437    30.5016    23.0519 -9.990e-29
 159.624769     -1.443  35.562481    12.2502     6.9987     -1.431    30.5019    23.0522 -9.990e-29
 159.624774     -1.436  35.562678    12.2500     6.9981     -1.424    30.5023    23.0525 -9.990e-29
 159.624780     -1.429  35.563437    12.2493     7.0004     -1.417    30.5036    23.0537 -9.990e-29
 159.624786     -1.421  35.562428    12.2475     7.0160     -1.409    30.5041    23.0544 -9.990e-29
 159.624792     -1.411  35.559448    12.2458     7.0184     -1.399    30.5026    23.0536 -9.990e-29
 159.624797     -1.398  35.557264    12.2451     7.0246     -1.386    30.5011    23.0525 -9.990e-29
 159.624803     -1.382  35.556342    12.2438     7.0201     -1.370    30.5013    23.0529 -9.990e-29
 159.624809     -1.362  35.555475    12.2416     7.0077     -1.351    30.5022    23.0541 -9.990e-29
 159.624815     -1.341  35.554646    12.2410     7.0122     -1.330    30.5019    23.0539 -9.990e-29
 159.624821     -1.325  35.555011    12.2426     7.0184     -1.314    30.5010    23.0529 -9.990e-29
 159.624826     -1.319  35.556515    12.2441     7.0140     -1.308    30.5012    23.0528 -9.990e-29
 159.624832     -1.317  35.557262    12.2430     7.0137     -1.306    30.5028    23.0542 -9.990e-29
 159.624838     -1.312  35.556029    12.2396     7.0072     -1.301    30.5044    23.0561 -9.990e-29
 159.624844     -1.301  35.553434    12.2364     6.9968     -1.290    30.5045    23.0568 -9.990e-29
 159.624850     -1.295  35.551636    12.2351     7.0080     -1.284    30.5039    23.0565 -9.990e-29
 159.624855     -1.295  35.551616    12.2351     7.0182     -1.284    30.5038    23.0565 -9.990e-29
 159.624861     -1.299  35.551129    12.2343     7.0139     -1.288    30.5040    23.0568 -9.990e-29
 159.624867     -1.297  35.549545    12.2328     7.0058     -1.286    30.5037    23.0568 -9.990e-29
 159.624873     -1.290  35.549813    12.2324     6.9967     -1.279    30.5043    23.0574 -9.990e-29
 159.624878     -1.285  35.551749    12.2333     7.0032     -1.274    30.5054    23.0581 -9.990e-29
 159.624884     -1.287  35.552913    12.2345     7.0113     -1.276    30.5056    23.0579 -9.990e-29
 159.624890     -1.292  35.553760    12.2356     7.0152     -1.281    30.5055    23.0577 -9.990e-29
 159.624896     -1.291  35.554318    12.2356     7.0213     -1.280    30.5060    23.0581 -9.990e-29
 159.624902     -1.280  35.553671    12.2344     7.0025     -1.269    30.5064    23.0586 -9.990e-29
 159.624907     -1.262  35.552659    12.2341     7.0068     -1.251    30.5056    23.0581 -9.990e-29
 159.624913     -1.246  35.552191    12.2348     7.0064     -1.236    30.5046    23.0571 -9.990e-29
 159.624919     -1.233  35.552223    12.2353     6.9980     -1.223    30.5042    23.0568 -9.990e-29
 159.624925     -1.224  35.552818    12.2354     7.0020     -1.214    30.5047    23.0571 -9.990e-29
 159.624931     -1.214  35.554788    12.2358     7.0059     -1.204    30.5063    23.0582 -9.990e-29
 159.624936     -1.197  35.557982    12.2374     7.0025     -1.187    30.5080    23.0593 -9.990e-29
 159.624942     -1.177  35.559958    12.2396     7.0038     -1.167    30.5081    23.0589 -9.990e-29
 159.624948     -1.157  35.559451    12.2413     6.9935     -1.147    30.5062    23.0572 -9.990e-29
 159.624954     -1.136  35.558044    12.2424     6.9818     -1.127    30.5040    23.0552 -9.990e-29
 159.624959     -1.111  35.557802    12.2435     6.9935     -1.102    30.5028    23.0542 -9.990e-29
 159.624965     -1.087  35.558982    12.2449     6.9978     -1.078    30.5028    23.0539 -9.990e-29
 159.624971     -1.069  35.560376    12.2460     7.0111     -1.060    30.5032    23.0540 -9.990e-29
 159.624977     -1.062  35.561624    12.2462     7.0230     -1.053    30.5042    23.0548 -9.990e-29
 159.624983     -1.059  35.562730    12.2459     7.0131     -1.050    30.5055    23.0558 -9.990e-29
 159.624988     -1.054  35.563510    12.2460     7.0174     -1.045    30.5062    23.0563 -9.990e-29
 159.624994     -1.045  35.563904    12.2468     7.0381     -1.036    30.5059    23.0559 -9.990e-29
 159.625000     -1.036  35.563898    12.2473     7.0418     -1.027    30.5055    23.0555 -9.990e-29
 159.625006     -1.021  35.563504    12.2455     7.0518     -1.012    30.5066    23.0567 -9.990e-29
 159.625012     -1.002  35.561097    12.2420     7.0433     -0.994    30.5071    23.0578 -9.990e-29
 159.625017     -0.988  35.557408    12.2402     7.0306     -0.980    30.5051    23.0565 -9.990e-29
 159.625023     -0.991  35.555937    12.2411     7.0364     -0.983    30.5030    23.0547 -9.990e-29
 159.625029     -1.009  35.556421    12.2420     7.0353     -1.001    30.5027    23.0543 -9.990e-29
 159.625035     -1.020  35.557286    12.2422     7.0367     -1.011    30.5034    23.0548 -9.990e-29
 159.625041     -1.012  35.558027    12.2421     7.0347     -1.004    30.5041    23.0554 -9.990e-29
 159.625046     -0.993  35.557974    12.2422     7.0132     -0.985    30.5040    23.0553 -9.990e-29
 159.625052     -0.975  35.557075    12.2430     6.9997     -0.967    30.5025    23.0540 -9.990e-29
 159.625058     -0.962  35.556950    12.2442     6.9979     -0.954    30.5014    23.0529 -9.990e-29
 159.625064     -0.951  35.558573    12.2452     7.0027     -0.943    30.5021    23.0533 -9.990e-29
 159.625069     -0.943  35.560208    12.2459     7.0299     -0.935    30.5031    23.0539 -9.990e-29
 159.625075     -0.938  35.560696    12.2456     7.0304     -0.930    30.5038    23.0545 -9.990e-29
 159.625081     -0.930  35.559587    12.2430     7.0285     -0.922    30.5049    23.0558 -9.990e-29
 159.625087     -0.915  35.555983    12.2389     7.0238     -0.907    30.5048    23.0565 -9.990e-29
 159.625093     -0.900  35.551820    12.2371     7.0169     -0.892    30.5023    23.0549 -9.990e-29
 159.625098     -0.897  35.550527    12.2391     7.0295     -0.890    30.4994    23.0523 -9.990e-29
 159.625104     -0.906  35.551516    12.2416     7.0395     -0.898    30.4983    23.0510 -9.990e-29
 159.625110     -0.915  35.552767    12.2418     7.0500     -0.907    30.4993    23.0518 -9.990e-29
 159.625116     -0.911  35.553731    12.2403     7.0581     -0.903    30.5015    23.0537 -9.990e-29
 159.625122     -0.894  35.553843    12.2385     7.0453     -0.887    30.5030    23.0553 -9.990e-29
 159.625127     -0.873  35.553263    12.2372     7.0452     -0.866    30.5035    23.0559 -9.990e-29
 159.625133     -0.853  35.552710    12.2368     7.0406     -0.846    30.5033    23.0558 -9.990e-29
 159.625139     -0.842  35.552560    12.2376     7.0390     -0.835    30.5025    23.0550 -9.990e-29
 159.625145     -0.840  35.552976    12.2393     7.0414     -0.833    30.5015    23.0539 -9.990e-29
 159.625150     -0.833  35.553944    12.2408     7.0373     -0.826    30.5012    23.0534 -9.990e-29
 159.625156     -0.817  35.555066    12.2417     7.0369     -0.810    30.5016    23.0535 -9.990e-29
 159.625162     -0.800  35.556150    12.2424     7.0202     -0.793    30.5020    23.0537 -9.990e-29
 159.625168     -0.784  35.556952    12.2433     7.0075     -0.777    30.5020    23.0536 -9.990e-29
 159.625174     -0.773  35.556850    12.2440     7.0137     -0.767    30.5014    23.0530 -9.990e-29
 159.625179     -0.765  35.556260    12.2442     7.0202     -0.759    30.5006    23.0524 -9.990e-29
 159.625185     -0.753  35.556064    12.2442     7.0391     -0.747    30.5005    23.0522 -9.990e-29
 159.625191     -0.727  35.556555    12.2440     7.0515     -0.721    30.5011    23.0527 -9.990e-29
 159.625197     -0.681  35.556697    12.2435     7.0492     -0.675    30.5016    23.0532 -9.990e-29
 159.625203     -0.620  35.556109    12.2436     7.0475     -0.615    30.5009    23.0527 -9.990e-29
 159.625208     -0.554  35.556239    12.2447     7.0510     -0.549    30.5001    23.0519 -9.990e-29
 159.625214     -0.482  35.557250    12.2462     7.0664     -0.478    30.4999    23.0514 -9.990e-29
 159.625220     -0.400  35.558800    12.2478     7.0789     -0.397    30.5000    23.0512 -9.990e-29
 159.625226     -0.298  35.560705    12.2493     7.0636     -0.296    30.5005    23.0513 -9.990e-29
 159.625231     -0.170  35.562138    12.2502     7.0368     -0.169    30.5011    23.0516 -9.990e-29
 159.625237     -0.026  35.562760    12.2505     7.0497     -0.026    30.5014    23.0518 -9.990e-29
 159.625243      0.124  35.562830    12.2507     7.0695      0.123    30.5013    23.0517 -9.990e-29
 159.625249      0.275  35.562430    12.2505     7.0639      0.273    30.5010    23.0515 -9.990e-29
 159.625255      0.432  35.561576    12.2490     7.0766      0.428    30.5013    23.0520 0.0000e+00
 159.625260      0.603  35.559680    12.2449     7.0399      0.598    30.5028    23.0539 0.0000e+00
 159.625266      0.783  35.554204    12.2391     7.0436      0.776    30.5022    23.0546 0.0000e+00
 159.625272      0.969  35.547357    12.2335     7.0260      0.961    30.5002    23.0540 0.0000e+00
 159.625278      1.158  35.543438    12.2261     7.0249      1.148    30.5024    23.0571 0.0000e+00
 159.625284      1.359  35.537771    12.2138     7.0401      1.348    30.5070    23.0629 0.0000e+00
 159.625289      1.576  35.527829    12.1958     7.0224      1.563    30.5121    23.0702 0.0000e+00
 159.625295      1.801  35.513786    12.1714     7.0205      1.786    30.5185    23.0796 0.0000e+00
 159.625301      2.022  35.494267    12.1479     6.9886      2.005    30.5189    23.0843 0.0000e+00
 159.625307      2.228  35.478513    12.1353     7.0060      2.209    30.5141    23.0829 0.0000e+00
 159.625313      2.415  35.473505    12.1309     7.0335      2.395    30.5128    23.0827 0.0000e+00
 159.625318      2.596  35.471990    12.1215     7.0482      2.574    30.5190    23.0892 0.0000e+00
 159.625324      2.793  35.465216    12.0951     7.0475      2.770    30.5340    23.1057 0.0000e+00
 159.625330      3.020  35.446943    12.0463     7.0373      2.995    30.5563    23.1319 0.0000e+00
 159.625336      3.257  35.412399    11.9872     7.0564      3.230    30.5715    23.1545 0.0000e+00
 159.625341      3.477  35.373751    11.9493     7.0836      3.448    30.5655    23.1567 0.0000e+00
 159.625347      3.666  35.354487    11.9473     7.1166      3.635    30.5485    23.1440 0.0000e+00
 159.625353      3.830  35.356897    11.9562     7.1101      3.798    30.5435    23.1384 0.0000e+00
 159.625359      3.982  35.363456    11.9404     7.0924      3.949    30.5627    23.1562 0.0000e+00
 159.625365      4.128  35.358264    11.9022     7.0751      4.094    30.5890    23.1835 0.0000e+00
 159.625370      4.256  35.343913    11.8747     7.0889      4.220    30.5977    23.1953 -9.990e-29
 159.625376      4.357  35.335416    11.8721     7.1193      4.321    30.5916    23.1911 -9.990e-29
 159.625382      4.442  35.334865    11.8765     7.1336      4.405    30.5875    23.1870 -9.990e-29
 159.625388      4.532  35.334229    11.8665     7.1391      4.494    30.5950    23.1947 -9.990e-29
 159.625394      4.638  35.330414    11.8389     7.1305      4.599    30.6140    23.2144 -9.990e-29
 159.625399      4.755  35.325608    11.8071     7.1656      4.715    30.6355    23.2368 -9.990e-29
 159.625405      4.867  35.322350    11.7900     7.1553      4.826    30.6464    23.2484 -9.990e-29
 159.625411      4.961  35.321880    11.7924     7.1198      4.920    30.6439    23.2460 -9.990e-29
 159.625417      5.039  35.322994    11.7972     7.1028      4.997    30.6410    23.2429 -9.990e-29
 159.625422      5.117  35.322684    11.7864     7.1007      5.074    30.6496    23.2515 -9.990e-29
 159.625428      5.210  35.319412    11.7652     7.1455      5.166    30.6639    23.2664 -9.990e-29
 159.625434      5.316  35.315527    11.7492     7.1731      5.272    30.6733    23.2766 -9.990e-29
 159.625440      5.427  35.313678    11.7388     7.1848      5.382    30.6801    23.2837 -9.990e-29
 159.625446      5.547  35.311946    11.7244     7.1772      5.501    30.6902    23.2942 -9.990e-29
 159.625451      5.679  35.308008    11.7051     7.1625      5.632    30.7023    23.3071 0.0000e+00
 159.625457      5.819  35.303883    11.6903     7.1555      5.770    30.7105    23.3161 0.0000e+00
 159.625463      5.963  35.302459    11.6812     7.1932      5.913    30.7166    23.3225 0.0000e+00
 159.625469      6.115  35.302384    11.6622     7.2256      6.064    30.7322    23.3380 0.0000e+00
 159.625475      6.285  35.298506    11.6204     7.2460      6.232    30.7630    23.3694 0.0000e+00
 159.625480      6.480  35.288444    11.5618     7.2306      6.426    30.8019    23.4100 0.0000e+00
 159.625486      6.690  35.272770    11.5037     7.2091      6.634    30.8349    23.4460 0.0000e+00
 159.625492      6.891  35.255770    11.4666     7.2005      6.833    30.8492    23.4637 0.0000e+00
 159.625498      7.061  35.247794    11.4618     7.2084      7.002    30.8454    23.4616 0.0000e+00
 159.625503      7.193  35.250503    11.4804     7.2166      7.133    30.8325    23.4483 -9.990e-29
 159.625509      7.297  35.256291    11.5009     7.2229      7.236    30.8210    23.4357 -9.990e-29
 159.625515      7.391  35.259987    11.5043     7.2394      7.329    30.8217    23.4357 -9.990e-29
 159.625521      7.495  35.256436    11.4842     7.2303      7.432    30.8350    23.4495 -9.990e-29
 159.625527      7.615  35.245942    11.4536     7.2257      7.551    30.8502    23.4668 -9.990e-29
 159.625532      7.745  35.237464    11.4328     7.2020      7.680    30.8593    23.4775 0.0000e+00
 159.625538      7.881  35.235363    11.4254     7.2019      7.815    30.8634    23.4820 0.0000e+00
 159.625544      8.028  35.236258    11.4209     7.1994      7.961    30.8679    23.4864 0.0000e+00
 159.625550      8.195  35.235170    11.4114     7.2059      8.126    30.8747    23.4933 0.0000e+00
