data/oxygen options/ONMS/Olympic_Coast_National_Marine_Sanctuary_CTD_Data_2005_2023/raw_data/2011/CAST_CE065_100611faed.cnv
* Sea-Bird SBE19 Data File:
* FileName = C:\Documents and Settings\OCNMS\Desktop\2011 mooring data\4th service\CAST_CE065_100611.hex
* Software Version 1.24
* Temperature SN = 2997
* Conductivity SN = 2997
* System UpLoad Time = Oct 06 2011 18:05:42
** CAST_CE065_100611
* SEACAT PROFILER V3.1c SN 2997   10/06/11  18:05:11.066
# nquan = 9                                 
# nvalues = 1590                        
# units = specified
# name 0 = timeJ: Julian Days
# name 1 = prSM: Pressure, Strain Gauge [db]
# name 2 = c0mS/cm: Conductivity [mS/cm]
# name 3 = t090C: Temperature [ITS-90, deg C]
# name 4 = sbeox0ML/L: Oxygen, SBE 43 [ml/l]
# name 5 = depSM: Depth [salt water, m], lat = 47.5
# name 6 = sal00: Salinity, Practical [PSU]
# name 7 = sigma-é00: Density [sigma-theta, kg/m^3]
# name 8 = flag: flag
# span 0 = 279.406134, 279.415330       
# span 1 =     -5.185,     66.860       
# span 2 =   0.008696,  38.591609       
# span 3 =     8.5930,    14.5858       
# span 4 =    -2.0418,    15.7838       
# span 5 =     -5.142,     66.291       
# span 6 =     0.0105,    33.0653       
# span 7 =    -0.8291,    25.6666       
# span 8 = 0.0000e+00, 0.0000e+00       
# interval = seconds: 0.5
# start_time = Oct 06 2011 09:44:50 [Instrument's time stamp, header]
# bad_flag = -9.990e-29
*END*
[from data line 1121]
 279.412622     23.001  38.588696    13.9268     5.8165     22.808    31.9483    23.8455 0.0000e+00
 279.412627     23.327  38.590214    13.9224     5.8184     23.131    31.9532    23.8502 0.0000e+00
 279.412633     23.660  38.591609    13.9144     5.8140     23.461    31.9610    23.8579 0.0000e+00
 279.412639     23.987  38.591309    13.9026     5.8256     23.785    31.9704    23.8675 0.0000e+00
 279.412645     24.303  38.587158    13.8893     5.8263     24.099    31.9775    23.8757 0.0000e+00
 279.412650     24.603  38.578591    13.8785     5.7900     24.396    31.9785    23.8787 0.0000e+00
 279.412656     24.871  38.569795    13.8736     5.8049     24.662    31.9743    23.8765 0.0000e+00
 279.412662     25.103  38.566890    13.8739     5.8203     24.892    31.9713    23.8741 0.0000e+00
 279.412668     25.309  38.569850    13.8761     5.8334     25.096    31.9721    23.8743 0.0000e+00
 279.412674     25.503  38.573030    13.8775     5.8408     25.289    31.9738    23.8753 0.0000e+00
 279.412679     25.696  38.572756    13.8771     5.8111     25.480    31.9738    23.8754 0.0000e+00
 279.412685     25.901  38.569715    13.8746     5.8038     25.683    31.9730    23.8753 0.0000e+00
 279.412691     26.123  38.564264    13.8696     5.7900     25.903    31.9721    23.8756 0.0000e+00
 279.412697     26.358  38.556906    13.8613     5.7783     26.136    31.9721    23.8773 0.0000e+00
 279.412703     26.613  38.551202    13.8499     5.7673     26.389    31.9762    23.8828 0.0000e+00
 279.412708     26.896  38.547318    13.8363     5.7614     26.670    31.9839    23.8915 0.0000e+00
 279.412714     27.202  38.542805    13.8215     5.7793     26.973    31.9919    23.9007 0.0000e+00
 279.412720     27.526  38.537733    13.8073     5.7998     27.294    31.9989    23.9090 0.0000e+00
 279.412726     27.859  38.533107    13.7957     5.7952     27.625    32.0042    23.9155 0.0000e+00
 279.412731     28.182  38.529964    13.7883     5.7773     27.945    32.0073    23.9194 0.0000e+00
 279.412737     28.478  38.529080    13.7853     5.7601     28.238    32.0089    23.9212 0.0000e+00
 279.412743     28.741  38.529763    13.7851     5.7668     28.499    32.0096    23.9218 0.0000e+00
 279.412749     28.978  38.530608    13.7847     5.7820     28.734    32.0106    23.9227 0.0000e+00
 279.412755     29.208  38.530992    13.7817     5.8005     28.962    32.0134    23.9255 0.0000e+00
 279.412760     29.443  38.530797    13.7762     5.7914     29.195    32.0177    23.9299 0.0000e+00
 279.412766     29.670  38.529131    13.7716     5.7685     29.420    32.0199    23.9326 0.0000e+00
 279.412772     29.871  38.527064    13.7708     5.7629     29.620    32.0186    23.9317 0.0000e+00
 279.412778     30.037  38.527928    13.7733     5.7552     29.784    32.0173    23.9302 0.0000e+00
 279.412784     30.182  38.530560    13.7763     5.7646     29.928    32.0171    23.9295 0.0000e+00
 279.412789     30.333  38.531679    13.7767     5.7646     30.078    32.0178    23.9299 0.0000e+00
 279.412795     30.512  38.530467    13.7724     5.7644     30.255    32.0202    23.9326 0.0000e+00
 279.412801     30.726  38.526361    13.7637     5.7604     30.467    32.0236    23.9370 0.0000e+00
 279.412807     30.964  38.519418    13.7519     5.7606     30.703    32.0269    23.9420 0.0000e+00
 279.412812     31.211  38.510392    13.7386     5.7566     30.948    32.0295    23.9467 0.0000e+00
 279.412818     31.455  38.503419    13.7291     5.7608     31.190    32.0309    23.9497 0.0000e+00
 279.412824     31.692  38.505370    13.7259     5.7667     31.425    32.0353    23.9538 0.0000e+00
 279.412830     31.924  38.513731    13.7263     5.7721     31.655    32.0426    23.9593 0.0000e+00
 279.412836     32.149  38.520533    13.7276     5.7677     31.878    32.0478    23.9630 0.0000e+00
 279.412841     32.354  38.524689    13.7289     5.7267     32.081    32.0505    23.9649 0.0000e+00
 279.412847     32.536  38.527190    13.7298     5.6814     32.262    32.0520    23.9658 0.0000e+00
 279.412853     32.702  38.527378    13.7297     5.6361     32.427    32.0521    23.9660 0.0000e+00
 279.412859     32.868  38.525432    13.7271     5.6228     32.591    32.0525    23.9668 0.0000e+00
 279.412865     33.047  38.520929    13.7169     5.6342     32.769    32.0567    23.9722 0.0000e+00
 279.412870     33.242  38.510598    13.6868     5.6696     32.962    32.0723    23.9902 0.0000e+00
 279.412876     33.450  38.481712    13.6283     5.7070     33.168    32.0944    24.0191 0.0000e+00
 279.412882     33.661  38.427057    13.5608     5.7270     33.377    32.1002    24.0372 0.0000e+00
 279.412888     33.860  38.366668    13.5188     5.7419     33.575    32.0792    24.0294 0.0000e+00
 279.412894     34.028  38.334776    13.5116     5.7576     33.741    32.0555    24.0125 0.0000e+00
 279.412899     34.163  38.340867    13.5236     5.7180     33.875    32.0510    24.0066 -9.990e-29
 279.412905     34.284  38.360493    13.5390     5.5948     33.995    32.0563    24.0077 -9.990e-29
 279.412911     34.410  38.377182    13.5467     5.4255     34.120    32.0653    24.0131 0.0000e+00
 279.412917     34.557  38.386794    13.5360     5.2328     34.266    32.0832    24.0290 0.0000e+00
 279.412922     34.741  38.376312    13.4926     5.0991     34.448    32.1098    24.0583 0.0000e+00
 279.412928     34.966  38.336737    13.4007     5.0215     34.671    32.1502    24.1079 0.0000e+00
 279.412934     35.237  38.260606    13.2539     5.0110     34.940    32.2029    24.1778 0.0000e+00
 279.412940     35.543  38.137081    13.0310     5.0585     35.243    32.2759    24.2782 0.0000e+00
 279.412946     35.866  37.943095    12.7180     5.1451     35.564    32.3598    24.4040 0.0000e+00
 279.412951     36.183  37.683170    12.4021     5.1748     35.878    32.3837    24.4830 0.0000e+00
 279.412957     36.477  37.451445    12.2056     5.1718     36.169    32.3311    24.4794 0.0000e+00
 279.412963     36.735  37.332578    12.1474     5.1504     36.425    32.2670    24.4405 0.0000e+00
 279.412969     36.953  37.320289    12.1698     5.0948     36.641    32.2357    24.4121 0.0000e+00
 279.412975     37.136  37.366164    12.2251     5.0666     36.823    32.2321    24.3989 0.0000e+00
 279.412980     37.305  37.424882    12.2780     5.0284     36.990    32.2428    24.3973 0.0000e+00
 279.412986     37.482  37.463776    12.2844     4.9866     37.166    32.2745    24.4207 0.0000e+00
 279.412992     37.679  37.455679    12.2025     4.9822     37.361    32.3373    24.4848 0.0000e+00
 279.412998     37.892  37.363975    12.0458     4.9841     37.572    32.3846    24.5508 0.0000e+00
 279.413003     38.108  37.212514    11.9051     4.9929     37.786    32.3604    24.5581 0.0000e+00
 279.413009     38.320  37.108432    11.8271     4.9903     37.997    32.3273    24.5468 0.0000e+00
 279.413015     38.528  37.069672    11.7715     4.9616     38.203    32.3379    24.5653 0.0000e+00
 279.413021     38.737  37.033816    11.7138     4.9207     38.410    32.3532    24.5878 0.0000e+00
 279.413027     38.947  36.992744    11.6719     4.8537     38.618    32.3497    24.5928 0.0000e+00
 279.413032     39.159  36.971152    11.6568     4.7976     38.828    32.3418    24.5894 0.0000e+00
 279.413038     39.382  36.971534    11.6432     4.7370     39.050    32.3539    24.6013 0.0000e+00
 279.413044     39.626  36.960159    11.5837     4.7028     39.292    32.3947    24.6438 0.0000e+00
 279.413050     39.898  36.901632    11.4597     4.6887     39.561    32.4460    24.7061 0.0000e+00
 279.413056     40.202  36.800742    11.3125     4.6547     39.863    32.4763    24.7562 0.0000e+00
 279.413061     40.527  36.700995    11.1971     4.6109     40.185    32.4798    24.7795 0.0000e+00
 279.413067     40.856  36.635636    11.1242     4.5313     40.511    32.4796    24.7923 0.0000e+00
 279.413073     41.180  36.596947    11.0724     4.4333     40.832    32.4870    24.8073 0.0000e+00
 279.413079     41.498  36.565178    11.0240     4.3283     41.148    32.4983    24.8246 0.0000e+00
 279.413084     41.813  36.530376    10.9685     4.2189     41.460    32.5129    24.8457 0.0000e+00
 279.413090     42.128  36.487507    10.8850     4.1020     41.772    32.5443    24.8849 0.0000e+00
 279.413096     42.449  36.430302    10.7593     4.0249     42.090    32.5992    24.9495 0.0000e+00
 279.413102     42.781  36.340660    10.6021     4.0000     42.420    32.6500    25.0163 0.0000e+00
 279.413108     43.114  36.205911    10.4191     4.0307     42.750    32.6790    25.0703 0.0000e+00
 279.413113     43.431  36.047102    10.2310     4.1325     43.064    32.6884    25.1095 0.0000e+00
 279.413119     43.718  35.900315    10.0758     4.2433     43.349    32.6800    25.1290 0.0000e+00
 279.413125     43.976  35.790108     9.9590     4.3090     43.604    32.6738    25.1436 0.0000e+00
 279.413131     44.209  35.726494     9.8964     4.3047     43.835    32.6657    25.1476 0.0000e+00
 279.413137     44.414  35.722596     9.9327     4.2280     44.039    32.6289    25.1129 0.0000e+00
 279.413142     44.591  35.782685    10.0805     4.1178     44.214    32.5564    25.0318 0.0000e+00
 279.413148     44.752  35.890520    10.2583     3.9939     44.374    32.5055    24.9623 0.0000e+00
 279.413154     44.919  36.003939    10.3395     3.8761     44.539    32.5468    24.9808 0.0000e+00
 279.413160     45.117  36.061929    10.2594     3.7776     44.736    32.6770    25.0958 0.0000e+00
 279.413166     45.358  36.010226    10.0224     3.7041     44.975    32.8390    25.2620 0.0000e+00
 279.413171     45.635  35.824683     9.7170     3.6485     45.249    32.9285    25.3823 0.0000e+00
 279.413177     45.927  35.590500     9.4685     3.6156     45.539    32.9162    25.4131 0.0000e+00
 279.413183     46.224  35.428223     9.3004     3.5929     45.833    32.9035    25.4301 0.0000e+00
 279.413189     46.532  35.343139     9.1616     3.5987     46.138    32.9435    25.4834 0.0000e+00
 279.413194     46.856  35.280525     9.0325     3.6182     46.460    32.9979    25.5463 0.0000e+00
 279.413200     47.193  35.216203     8.9226     3.6388     46.794    33.0328    25.5908 0.0000e+00
 279.413206     47.524  35.156751     8.8510     3.6672     47.122    33.0373    25.6054 0.0000e+00
 279.413212     47.836  35.121395     8.8251     3.6596     47.431    33.0243    25.5993 0.0000e+00
 279.413218     48.129  35.110540     8.8213     3.6487     47.722    33.0164    25.5937 0.0000e+00
 279.413223     48.404  35.105752     8.8191     3.6508     47.994    33.0133    25.5916 0.0000e+00
 279.413229     48.660  35.101175     8.8216     3.6531     48.248    33.0061    25.5856 0.0000e+00
 279.413235     48.901  35.101879     8.8320     3.6525     48.487    32.9970    25.5769 0.0000e+00
 279.413241     49.135  35.111569     8.8375     3.6469     48.719    33.0019    25.5799 0.0000e+00
 279.413247     49.366  35.115139     8.8223     3.6524     48.948    33.0197    25.5961 0.0000e+00
 279.413252     49.607  35.096048     8.7887     3.6475     49.187    33.0310    25.6101 0.0000e+00
 279.413258     49.863  35.067450     8.7572     3.6503     49.441    33.0303    25.6144 0.0000e+00
 279.413264     50.129  35.047176     8.7424     3.6457     49.705    33.0227    25.6108 0.0000e+00
 279.413270     50.396  35.040631     8.7362     3.6353     49.969    33.0215    25.6108 0.0000e+00
 279.413275     50.661  35.040173     8.7246     3.6515     50.232    33.0318    25.6206 0.0000e+00
 279.413281     50.927  35.033402     8.7100     3.6673     50.496    33.0382    25.6279 0.0000e+00
 279.413287     51.194  35.025257     8.7019     3.6734     50.760    33.0371    25.6283 0.0000e+00
 279.413293     51.453  35.023885     8.7028     3.6632     51.017    33.0347    25.6263 0.0000e+00
 279.413299     51.699  35.029663     8.7081     3.6392     51.261    33.0357    25.6262 0.0000e+00
 279.413304     51.935  35.038507     8.7118     3.6280     51.495    33.0414    25.6301 0.0000e+00
 279.413310     52.172  35.041461     8.7096     3.6461     51.730    33.0464    25.6344 0.0000e+00
 279.413316     52.420  35.035157     8.7021     3.6556     51.976    33.0467    25.6358 0.0000e+00
 279.413322     52.683  35.025159     8.6950     3.6658     52.237    33.0427    25.6338 0.0000e+00
 279.413328     52.955  35.018266     8.6922     3.6487     52.506    33.0380    25.6305 0.0000e+00
 279.413333     53.228  35.015335     8.6923     3.6315     52.777    33.0347    25.6279 0.0000e+00
 279.413339     53.503  35.014104     8.6916     3.6159     53.050    33.0340    25.6274 0.0000e+00
 279.413345     53.792  35.013462     8.6877     3.6162     53.336    33.0368    25.6303 0.0000e+00
 279.413351     54.101  35.012524     8.6813     3.6292     53.642    33.0416    25.6350 0.0000e+00
 279.413356     54.421  35.010572     8.6745     3.6386     53.960    33.0458    25.6394 0.0000e+00
 279.413362     54.740  35.007772     8.6697     3.6495     54.276    33.0472    25.6412 0.0000e+00
 279.413368     55.050  35.005397     8.6680     3.6407     54.583    33.0462    25.6406 0.0000e+00
 279.413374     55.336  35.004728     8.6694     3.6297     54.867    33.0440    25.6387 0.0000e+00
 279.413380     55.591  35.007082     8.6720     3.6179     55.120    33.0439    25.6383 0.0000e+00
 279.413385     55.821  35.010528     8.6716     3.6078     55.348    33.0478    25.6414 0.0000e+00
 279.413391     56.042  35.009552     8.6677     3.6135     55.567    33.0503    25.6440 0.0000e+00
 279.413397     56.259  35.004506     8.6645     3.6320     55.782    33.0479    25.6426 0.0000e+00
 279.413403     56.465  35.002632     8.6665     3.6238     55.986    33.0440    25.6392 0.0000e+00
 279.413409     56.656  35.007000     8.6724     3.6150     56.175    33.0430    25.6375 0.0000e+00
 279.413414     56.843  35.012203     8.6749     3.6102     56.361    33.0460    25.6395 0.0000e+00
 279.413420     57.042  35.011712     8.6701     3.6107     56.558    33.0499    25.6433 0.0000e+00
 279.413426     57.263  35.004847     8.6620     3.6242     56.777    33.0502    25.6447 0.0000e+00
 279.413432     57.510  34.996984     8.6570     3.6205     57.022    33.0465    25.6426 0.0000e+00
 279.413437     57.783  34.992727     8.6557     3.6083     57.293    33.0431    25.6402 0.0000e+00
 279.413443     58.077  34.991968     8.6533     3.6060     57.584    33.0444    25.6416 0.0000e+00
 279.413449     58.393  34.991986     8.6486     3.6085     57.897    33.0487    25.6456 0.0000e+00
 279.413455     58.735  34.990535     8.6437     3.5977     58.237    33.0516    25.6487 0.0000e+00
 279.413461     59.103  34.988451     8.6388     3.5986     58.601    33.0538    25.6512 0.0000e+00
 279.413466     59.486  34.986282     8.6344     3.5896     58.981    33.0555    25.6531 0.0000e+00
 279.413472     59.870  34.983904     8.6312     3.6018     59.362    33.0558    25.6539 0.0000e+00
 279.413478     60.245  34.982035     8.6288     3.6060     59.733    33.0559    25.6543 0.0000e+00
 279.413484     60.604  34.980391     8.6263     3.6061     60.089    33.0563    25.6551 0.0000e+00
 279.413490     60.950  34.978428     8.6241     3.6094     60.432    33.0562    25.6553 0.0000e+00
 279.413495     61.288  34.976300     8.6228     3.5972     60.767    33.0550    25.6546 0.0000e+00
 279.413501     61.620  34.974498     8.6217     3.5907     61.097    33.0540    25.6539 0.0000e+00
 279.413507     61.952  34.972828     8.6181     3.5784     61.426    33.0555    25.6556 0.0000e+00
 279.413513     62.292  34.970714     8.6126     3.5787     61.763    33.0582    25.6587 0.0000e+00
 279.413519     62.649  34.968668     8.6087     3.5870     62.117    33.0596    25.6603 0.0000e+00
 279.413524     63.018  34.967292     8.6073     3.5951     62.483    33.0592    25.6603 0.0000e+00
 279.413530     63.395  34.966402     8.6065     3.6002     62.856    33.0589    25.6601 0.0000e+00
 279.413536     63.777  34.965897     8.6052     3.6097     63.235    33.0594    25.6607 0.0000e+00
