data/oxygen options/ONMS/Olympic_Coast_National_Marine_Sanctuary_CTD_Data_2005_2023/raw_data/2011/CAST_CA042_072211faed.cnv
* Sea-Bird SBE19 Data File:
* FileName = C:\Documents and Settings\OCNMS\Desktop\2011 mooring data\2nd service\CAST_CA042_072211.hex
* Software Version 1.24
* Temperature SN = 2997
* Conductivity SN = 2997
* System UpLoad Time = Jul 22 2011 15:51:37
** CAST_CA042_072211
* SEACAT PROFILER V3.1c SN 2997   07/22/11  15:51:09.237
# nquan = 9                                 
# nvalues = 1231                        
# units = specified
# name 0 = timeJ: Julian Days
# name 1 = prSM: Pressure, Strain Gauge [db]
# name 2 = c0mS/cm: Conductivity [mS/cm]
# name 3 = t090C: Temperature [ITS-90, deg C]
# name 4 = sbeox0ML/L: Oxygen, SBE 43 [ml/l]
# name 5 = depSM: Depth [salt water, m], lat = 47.5
# name 6 = sal00: Salinity, Practical [PSU]
# name 7 = sigma-é00: Density [sigma-theta, kg/m^3]
# name 8 = flag: flag
# span 0 = 203.519456, 203.526574       
# span 1 =     -5.704,     42.572       
# span 2 =   0.303103,  37.981683       
# span 3 =     7.4664,    13.8125       
# span 4 =    -2.0903,    18.7075       
# span 5 =     -5.656,     42.212       
# span 6 =     0.1895,    33.5192       
# span 7 =    -0.4885,    26.1870       
# span 8 = 0.0000e+00, 0.0000e+00       
# interval = seconds: 0.5
# start_time = Jul 22 2011 12:28:01 [Instrument's time stamp, header]
# bad_flag = -9.990e-29
*END*
[from data line 321]
 203.521314     -1.096   0.412927    13.0580    -2.0815     -1.087     0.2604    -0.4254 -9.990e-29
 203.521319     -1.081   0.412791    13.0509    -2.0813     -1.072     0.2604    -0.4245 -9.990e-29
 203.521325     -1.059   0.414019    13.0474    -2.0812     -1.050     0.2612    -0.4234 -9.990e-29
 203.521331     -1.034   0.416035    13.0480    -2.0811     -1.025     0.2625    -0.4225 -9.990e-29
 203.521337     -1.013   0.417097    13.0510    -2.0813     -1.005     0.2632    -0.4223 -9.990e-29
 203.521343     -0.997   0.416406    13.0544    -2.0814     -0.989     0.2627    -0.4231 -9.990e-29
 203.521348     -0.988   0.414702    13.0563    -2.0813     -0.980     0.2616    -0.4243 -9.990e-29
 203.521354     -0.983   0.413035    13.0563    -2.0812     -0.975     0.2605    -0.4251 -9.990e-29
 203.521360     -0.983   0.411949    13.0562    -2.0811     -0.975     0.2598    -0.4256 -9.990e-29
 203.521366     -0.988   0.411657    13.0578    -2.0810     -0.980     0.2596    -0.4260 -9.990e-29
 203.521372     -0.993   0.411770    13.0608    -2.0808     -0.985     0.2597    -0.4263 -9.990e-29
 203.521377     -0.991   0.411332    13.0636    -2.0808     -0.983     0.2594    -0.4269 -9.990e-29
 203.521383     -0.981   0.409757    13.0648    -2.0807     -0.973     0.2583    -0.4279 -9.990e-29
 203.521389     -0.971   0.407160    13.0643    -2.0805     -0.963     0.2567    -0.4291 -9.990e-29
 203.521395     -0.966   0.404508    13.0633    -2.0801     -0.958     0.2549    -0.4303 -9.990e-29
 203.521400     -0.964   0.403249    13.0633    -2.0799     -0.956     0.2541    -0.4310 -9.990e-29
 203.521406     -0.960   0.403919    13.0647    -2.0797     -0.952     0.2545    -0.4308 -9.990e-29
 203.521412     -0.952   0.405748    13.0672    -2.0796     -0.944     0.2557    -0.4302 -9.990e-29
 203.521418     -0.942   0.407300    13.0704    -2.0797     -0.934     0.2567    -0.4299 -9.990e-29
 203.521424     -0.933   0.407320    13.0735    -2.0798     -0.925     0.2567    -0.4303 -9.990e-29
 203.521429     -0.927   0.405836    13.0761    -2.0795     -0.919     0.2557    -0.4314 -9.990e-29
 203.521435     -0.921   0.404192    13.0792    -2.0794     -0.913     0.2546    -0.4326 -9.990e-29
 203.521441     -0.916   0.403520    13.0837    -2.0795     -0.908     0.2542    -0.4336 -9.990e-29
 203.521447     -0.912   0.403475    13.0894    -2.0800     -0.904     0.2541    -0.4343 -9.990e-29
 203.521453     -0.907   0.402890    13.0946    -2.0802     -0.899     0.2537    -0.4353 -9.990e-29
 203.521458     -0.903   0.401540    13.0985    -2.0804     -0.895     0.2528    -0.4365 -9.990e-29
 203.521464     -0.898   0.400391    13.1007    -2.0806     -0.891     0.2520    -0.4374 -9.990e-29
 203.521470     -0.892   0.400127    13.1013    -2.0806     -0.885     0.2519    -0.4376 -9.990e-29
 203.521476     -0.885   0.400394    13.1020    -2.0805     -0.878     0.2520    -0.4376 -9.990e-29
 203.521481     -0.881   0.400442    13.1032    -2.0803     -0.874     0.2521    -0.4377 -9.990e-29
 203.521487     -0.883   0.400335    13.1034    -2.0800     -0.876     0.2520    -0.4378 -9.990e-29
 203.521493     -0.888   0.400483    13.1006    -2.0798     -0.881     0.2521    -0.4373 -9.990e-29
 203.521499     -0.892   0.400530    13.0954    -2.0796     -0.885     0.2522    -0.4366 -9.990e-29
 203.521505     -0.894   0.399986    13.0902    -2.0793     -0.887     0.2518    -0.4362 -9.990e-29
 203.521510     -0.895   0.398677    13.0863    -2.0791     -0.888     0.2510    -0.4363 -9.990e-29
 203.521516     -0.896   0.397074    13.0838    -2.0789     -0.889     0.2500    -0.4368 -9.990e-29
 203.521522     -0.895   0.395808    13.0835    -2.0790     -0.888     0.2492    -0.4374 -9.990e-29
 203.521528     -0.894   0.394850    13.0857    -2.0794     -0.887     0.2485    -0.4382 -9.990e-29
 203.521534     -0.892   0.394031    13.0897    -2.0795     -0.885     0.2480    -0.4391 -9.990e-29
 203.521539     -0.888   0.393367    13.0945    -2.0794     -0.881     0.2475    -0.4401 -9.990e-29
 203.521545     -0.883   0.393078    13.0995    -2.0794     -0.876     0.2473    -0.4409 -9.990e-29
 203.521551     -0.876   0.393334    13.1044    -2.0791     -0.869     0.2475    -0.4415 -9.990e-29
 203.521557     -0.872   0.393921    13.1093    -2.0793     -0.865     0.2478    -0.4418 -9.990e-29
 203.521562     -0.873   0.393963    13.1137    -2.0790     -0.866     0.2478    -0.4424 -9.990e-29
 203.521568     -0.877   0.392777    13.1162    -2.0787     -0.870     0.2470    -0.4433 -9.990e-29
 203.521574     -0.878   0.390996    13.1150    -2.0786     -0.871     0.2459    -0.4440 -9.990e-29
 203.521580     -0.878   0.389937    13.1113    -2.0784     -0.871     0.2452    -0.4441 -9.990e-29
 203.521586     -0.875   0.390403    13.1089    -2.0784     -0.868     0.2455    -0.4435 -9.990e-29
 203.521591     -0.870   0.391722    13.1092    -2.0782     -0.863     0.2464    -0.4429 -9.990e-29
 203.521597     -0.863   0.392330    13.1114    -2.0782     -0.856     0.2468    -0.4429 -9.990e-29
 203.521603     -0.856   0.391378    13.1136    -2.0781     -0.849     0.2461    -0.4437 -9.990e-29
 203.521609     -0.855   0.389257    13.1157    -2.0780     -0.848     0.2447    -0.4450 -9.990e-29
 203.521615     -0.855   0.387015    13.1194    -2.0782     -0.848     0.2433    -0.4466 -9.990e-29
 203.521620     -0.851   0.385538    13.1240    -2.0783     -0.844     0.2423    -0.4480 -9.990e-29
 203.521626     -0.844   0.385072    13.1279    -2.0783     -0.837     0.2420    -0.4487 -9.990e-29
 203.521632     -0.836   0.384996    13.1308    -2.0788     -0.829     0.2419    -0.4492 -9.990e-29
 203.521638     -0.833   0.384655    13.1333    -2.0791     -0.826     0.2417    -0.4497 -9.990e-29
 203.521644     -0.829   0.384148    13.1360    -2.0793     -0.822     0.2413    -0.4503 -9.990e-29
 203.521649     -0.819   0.383352    13.1387    -2.0795     -0.812     0.2408    -0.4511 -9.990e-29
 203.521655     -0.804   0.381757    13.1409    -2.0796     -0.797     0.2398    -0.4521 -9.990e-29
 203.521661     -0.787   0.379454    13.1415    -2.0797     -0.780     0.2383    -0.4534 -9.990e-29
 203.521667     -0.774   0.377247    13.1399    -2.0798     -0.768     0.2369    -0.4543 -9.990e-29
 203.521672     -0.770   0.376068    13.1369    -2.0806     -0.764     0.2361    -0.4545 -9.990e-29
 203.521678     -0.774   0.376008    13.1323    -2.0811     -0.768     0.2361    -0.4539 -9.990e-29
 203.521684     -0.783   0.376434    13.1262    -2.0817     -0.776     0.2364    -0.4529 -9.990e-29
 203.521690     -0.787   0.376806    13.1203    -2.0821     -0.780     0.2367    -0.4519 -9.990e-29
 203.521696     -0.784   0.376514    13.1155    -2.0828     -0.777     0.2365    -0.4514 -9.990e-29
 203.521701     -0.777   0.375167    13.1114    -2.0834     -0.771     0.2357    -0.4515 -9.990e-29
 203.521707     -0.775   0.373186    13.1079    -2.0840     -0.769     0.2344    -0.4520 -9.990e-29
 203.521713     -0.776   0.371251    13.1041    -2.0845     -0.770     0.2332    -0.4525 -9.990e-29
 203.521719     -0.774   0.369548    13.0980    -2.0849     -0.768     0.2321    -0.4526 -9.990e-29
 203.521725     -0.762   0.368022    13.0882    -2.0850     -0.756     0.2312    -0.4520 -9.990e-29
 203.521730     -0.750   0.366853    13.0762    -2.0851     -0.744     0.2305    -0.4510 -9.990e-29
 203.521736     -0.745   0.366145    13.0642    -2.0855     -0.739     0.2301    -0.4498 -9.990e-29
 203.521742     -0.743   0.365507    13.0520    -2.0862     -0.737     0.2298    -0.4485 -9.990e-29
 203.521748     -0.742   0.364642    13.0387    -2.0875     -0.736     0.2293    -0.4472 -9.990e-29
 203.521753     -0.748   0.363502    13.0252    -2.0885     -0.742     0.2287    -0.4459 -9.990e-29
 203.521759     -0.757   0.362229    13.0130    -2.0887     -0.751     0.2279    -0.4450 -9.990e-29
 203.521765     -0.760   0.361339    13.0032    -2.0887     -0.754     0.2274    -0.4441 -9.990e-29
 203.521771     -0.753   0.360754    12.9960    -2.0887     -0.747     0.2270    -0.4435 -9.990e-29
 203.521777     -0.741   0.359695    12.9906    -2.0887     -0.735     0.2264    -0.4433 -9.990e-29
 203.521782     -0.731   0.357857    12.9843    -2.0887     -0.725     0.2252    -0.4434 -9.990e-29
 203.521788     -0.727   0.356110    12.9737    -2.0885     -0.721     0.2242    -0.4429 -9.990e-29
 203.521794     -0.728   0.355448    12.9575    -2.0885     -0.722     0.2238    -0.4411 -9.990e-29
 203.521800     -0.730   0.355540    12.9385    -2.0886     -0.724     0.2240    -0.4386 -9.990e-29
 203.521806     -0.725   0.355404    12.9229    -2.0889     -0.719     0.2240    -0.4366 -9.990e-29
 203.521811     -0.712   0.354858    12.9141    -2.0888     -0.706     0.2237    -0.4357 -9.990e-29
 203.521817     -0.700   0.354282    12.9106    -2.0884     -0.694     0.2233    -0.4355 -9.990e-29
 203.521823     -0.692   0.354013    12.9094    -2.0882     -0.686     0.2232    -0.4355 -9.990e-29
 203.521829     -0.687   0.354246    12.9091    -2.0878     -0.681     0.2233    -0.4354 -9.990e-29
 203.521834     -0.684   0.354739    12.9099    -2.0875     -0.678     0.2236    -0.4352 -9.990e-29
 203.521840     -0.685   0.355043    12.9113    -2.0873     -0.679     0.2238    -0.4353 -9.990e-29
 203.521846     -0.688   0.355009    12.9111    -2.0871     -0.682     0.2238    -0.4352 -9.990e-29
 203.521852     -0.695   0.355147    12.9090    -2.0873     -0.689     0.2239    -0.4349 -9.990e-29
 203.521858     -0.700   0.355639    12.9075    -2.0870     -0.694     0.2242    -0.4345 -9.990e-29
 203.521863     -0.701   0.356033    12.9092    -2.0867     -0.695     0.2245    -0.4345 -9.990e-29
 203.521869     -0.701   0.356302    12.9141    -2.0863     -0.695     0.2246    -0.4350 -9.990e-29
 203.521875     -0.701   0.356805    12.9205    -2.0859     -0.695     0.2249    -0.4356 -9.990e-29
 203.521881     -0.696   0.357658    12.9272    -2.0854     -0.690     0.2254    -0.4360 -9.990e-29
 203.521887     -0.690   0.358338    12.9332    -2.0850     -0.684     0.2258    -0.4365 -9.990e-29
 203.521892     -0.687   0.358091    12.9377    -2.0849     -0.681     0.2257    -0.4372 -9.990e-29
 203.521898     -0.687   0.357142    12.9408    -2.0849     -0.681     0.2250    -0.4381 -9.990e-29
 203.521904     -0.686   0.356440    12.9438    -2.0849     -0.680     0.2246    -0.4388 -9.990e-29
 203.521910     -0.679   0.356157    12.9484    -2.0850     -0.673     0.2243    -0.4395 -9.990e-29
 203.521916     -0.671   0.355915    12.9548    -2.0850     -0.665     0.2242    -0.4405 -9.990e-29
 203.521921     -0.664   0.355391    12.9629    -2.0855     -0.658     0.2238    -0.4418 -9.990e-29
 203.521927     -0.659   0.354440    12.9720    -2.0858     -0.654     0.2231    -0.4435 -9.990e-29
 203.521933     -0.655   0.353455    12.9810    -2.0857     -0.650     0.2224    -0.4452 -9.990e-29
 203.521939     -0.651   0.352784    12.9883    -2.0858     -0.646     0.2220    -0.4465 -9.990e-29
 203.521944     -0.649   0.352086    12.9926    -2.0856     -0.644     0.2215    -0.4474 -9.990e-29
 203.521950     -0.647   0.350986    12.9942    -2.0852     -0.642     0.2208    -0.4482 -9.990e-29
 203.521956     -0.645   0.349677    12.9940    -2.0849     -0.640     0.2199    -0.4488 -9.990e-29
 203.521962     -0.644   0.348626    12.9924    -2.0847     -0.639     0.2192    -0.4491 -9.990e-29
 203.521968     -0.642   0.348095    12.9891    -2.0844     -0.637     0.2189    -0.4489 -9.990e-29
 203.521973     -0.641   0.347929    12.9837    -2.0843     -0.636     0.2188    -0.4483 -9.990e-29
 203.521979     -0.640   0.347909    12.9791    -2.0841     -0.635     0.2189    -0.4477 -9.990e-29
 203.521985     -0.639   0.348005    12.9776    -2.0838     -0.634     0.2189    -0.4475 -9.990e-29
 203.521991     -0.637   0.348345    12.9786    -2.0837     -0.632     0.2191    -0.4474 -9.990e-29
 203.521997     -0.635   0.348830    12.9821    -2.0835     -0.630     0.2194    -0.4476 -9.990e-29
 203.522002     -0.633   0.348999    12.9880    -2.0835     -0.628     0.2195    -0.4483 -9.990e-29
 203.522008     -0.631   0.348524    12.9945    -2.0835     -0.626     0.2192    -0.4494 -9.990e-29
 203.522014     -0.628   0.347326    13.0001    -2.0833     -0.623     0.2184    -0.4508 -9.990e-29
 203.522020     -0.624   0.346023    13.0049    -2.0832     -0.619     0.2175    -0.4521 -9.990e-29
 203.522025     -0.618   0.345643    13.0093    -2.0829     -0.613     0.2172    -0.4528 -9.990e-29
 203.522031     -0.612   0.346236    13.0138    -2.0828     -0.607     0.2176    -0.4531 -9.990e-29
 203.522037     -0.604   0.346932    13.0185    -2.0825     -0.599     0.2180    -0.4534 -9.990e-29
 203.522043     -0.593   0.346996    13.0227    -2.0827     -0.588     0.2180    -0.4539 -9.990e-29
 203.522049     -0.583   0.346516    13.0255    -2.0826     -0.578     0.2177    -0.4545 -9.990e-29
 203.522054     -0.583   0.345959    13.0271    -2.0829     -0.578     0.2173    -0.4550 -9.990e-29
 203.522060     -0.592   0.345690    13.0287    -2.0831     -0.587     0.2172    -0.4554 -9.990e-29
 203.522066     -0.602   0.345902    13.0313    -2.0835     -0.597     0.2173    -0.4556 -9.990e-29
 203.522072     -0.610   0.346325    13.0348    -2.0837     -0.605     0.2175    -0.4558 -9.990e-29
 203.522078     -0.615   0.346416    13.0389    -2.0839     -0.610     0.2176    -0.4563 -9.990e-29
 203.522083     -0.620   0.345743    13.0428    -2.0835     -0.615     0.2171    -0.4572 -9.990e-29
 203.522089     -0.622   0.344514    13.0453    -2.0830     -0.617     0.2163    -0.4581 -9.990e-29
 203.522095     -0.624   0.343307    13.0456    -2.0827     -0.619     0.2155    -0.4588 -9.990e-29
 203.522101     -0.624   0.342725    13.0439    -2.0825     -0.619     0.2152    -0.4588 -9.990e-29
 203.522106     -0.623   0.343102    13.0400    -2.0828     -0.618     0.2154    -0.4581 -9.990e-29
 203.522112     -0.622   0.343833    13.0346    -2.0831     -0.617     0.2159    -0.4571 -9.990e-29
 203.522118     -0.619   0.344232    13.0292    -2.0831     -0.614     0.2162    -0.4562 -9.990e-29
 203.522124     -0.614   0.344276    13.0254    -2.0832     -0.609     0.2163    -0.4556 -9.990e-29
 203.522130     -0.608   0.344023    13.0255    -2.0832     -0.603     0.2161    -0.4558 -9.990e-29
 203.522135     -0.600   0.343136    13.0306    -2.0834     -0.595     0.2155    -0.4569 -9.990e-29
 203.522141     -0.594   0.341542    13.0378    -2.0834     -0.589     0.2144    -0.4586 -9.990e-29
 203.522147     -0.593   0.339881    13.0435    -2.0834     -0.588     0.2133    -0.4602 -9.990e-29
 203.522153     -0.594   0.338709    13.0455    -2.0842     -0.589     0.2126    -0.4611 -9.990e-29
 203.522159     -0.591   0.338123    13.0437    -2.0849     -0.586     0.2122    -0.4611 -9.990e-29
 203.522164     -0.585   0.337896    13.0405    -2.0854     -0.580     0.2121    -0.4608 -9.990e-29
 203.522170     -0.580   0.337725    13.0377    -2.0857     -0.575     0.2120    -0.4605 -9.990e-29
 203.522176     -0.580   0.337381    13.0355    -2.0858     -0.575     0.2118    -0.4604 -9.990e-29
 203.522182     -0.580   0.336961    13.0335    -2.0862     -0.575     0.2115    -0.4604 -9.990e-29
 203.522188     -0.576   0.337012    13.0314    -2.0860     -0.571     0.2116    -0.4601 -9.990e-29
 203.522193     -0.573   0.337603    13.0283    -2.0858     -0.568     0.2120    -0.4594 -9.990e-29
 203.522199     -0.574   0.338412    13.0223    -2.0855     -0.569     0.2125    -0.4582 -9.990e-29
 203.522205     -0.574   0.339411    13.0119    -2.0854     -0.569     0.2132    -0.4563 -9.990e-29
 203.522211     -0.571   0.340274    13.0001    -2.0851     -0.566     0.2138    -0.4543 -9.990e-29
 203.522216     -0.563   0.340489    12.9905    -2.0848     -0.558     0.2140    -0.4529 -9.990e-29
 203.522222     -0.555   0.339790    12.9833    -2.0847     -0.550     0.2136    -0.4523 -9.990e-29
 203.522228     -0.553   0.338350    12.9778    -2.0847     -0.548     0.2127    -0.4523 -9.990e-29
