data/oxygen options/ONMS/Olympic_Coast_National_Marine_Sanctuary_CTD_Data_2005_2023/raw_data/2011/CAST_CE042_072111faed.cnv
* Sea-Bird SBE19 Data File:
* FileName = C:\velocity\CATFILES\202_111642_CE042000.hex
* Software Version 1.59
* Temperature SN = 2997
* Conductivity SN = 2997
* System UpLoad Time = Jul 21 2011 19:19:02
* ds
* SEACAT PROFILER V3.1c SN 2997   07/21/11  12:18:37.244
# nquan = 9                                 
# nvalues = 743                         
# units = specified
# name 0 = timeJ: Julian Days
# name 1 = prSM: Pressure, Strain Gauge [db]
# name 2 = c0mS/cm: Conductivity [mS/cm]
# name 3 = t090C: Temperature [ITS-90, deg C]
# name 4 = sbeox0ML/L: Oxygen, SBE 43 [ml/l]
# name 5 = depSM: Depth [salt water, m], lat = 47.5
# name 6 = sal00: Salinity, Practical [PSU]
# name 7 = sigma-é00: Density [sigma-theta, kg/m^3]
# name 8 = flag: flag
# span 0 = 202.469931, 202.474225       
# span 1 =     -4.597,     45.595       
# span 2 =   0.389619,  37.780065       
# span 3 =     7.5633,    15.9681       
# span 4 =    -1.9662,    17.2464       
# span 5 =     -4.559,     45.209       
# span 6 =     0.2288,    33.6462       
# span 7 =    -0.8694,    26.2734       
# span 8 = 0.0000e+00, 0.0000e+00       
# interval = seconds: 0.5
# start_time = Jul 21 2011 11:16:42 [Instrument's time stamp, header]
# bad_flag = -9.990e-29
*END*
[from data line 481]
 202.472714     43.326  34.573593     7.5654     1.7279     42.960    33.6407    26.2699 -9.990e-29
 202.472720     43.317  34.573700     7.5668     1.7424     42.951    33.6395    26.2687 -9.990e-29
 202.472726     43.295  34.574168     7.5681     1.7539     42.929    33.6388    26.2679 -9.990e-29
 202.472731     43.257  34.574490     7.5690     1.7280     42.891    33.6383    26.2674 -9.990e-29
 202.472737     43.207  34.574523     7.5687     1.7480     42.842    33.6386    26.2677 -9.990e-29
 202.472743     43.164  34.574309     7.5669     1.7322     42.799    33.6401    26.2692 -9.990e-29
 202.472749     43.143  34.573568     7.5652     1.7350     42.778    33.6410    26.2701 -9.990e-29
 202.472755     43.146  34.572445     7.5641     1.7408     42.781    33.6409    26.2702 -9.990e-29
 202.472760     43.169  34.571697     7.5636     1.7323     42.804    33.6405    26.2700 -9.990e-29
 202.472766     43.205  34.571457     7.5635     1.7380     42.840    33.6403    26.2698 -9.990e-29
 202.472772     43.248  34.571419     7.5634     1.7278     42.883    33.6404    26.2699 -9.990e-29
 202.472778     43.288  34.571544     7.5633     1.7351     42.922    33.6406    26.2701 -9.990e-29
 202.472784     43.315  34.572008     7.5638     1.7279     42.949    33.6406    26.2700 -9.990e-29
 202.472789     43.321  34.572883     7.5647     1.7380     42.955    33.6407    26.2699 -9.990e-29
 202.472795     43.308  34.573669     7.5651     1.7337     42.942    33.6411    26.2702 -9.990e-29
 202.472801     43.290  34.573745     7.5649     1.7180     42.924    33.6414    26.2705 -9.990e-29
 202.472807     43.285  34.573228     7.5646     1.7282     42.919    33.6411    26.2703 -9.990e-29
 202.472813     43.297  34.572564     7.5644     1.7181     42.931    33.6406    26.2699 -9.990e-29
 202.472818     43.320  34.571999     7.5648     1.7338     42.954    33.6396    26.2691 -9.990e-29
 202.472824     43.350  34.571913     7.5654     1.7193     42.984    33.6389    26.2685 -9.990e-29
 202.472830     43.383  34.572203     7.5655     1.7306     43.016    33.6391    26.2686 -9.990e-29
 202.472836     43.421  34.572148     7.5651     1.7191     43.054    33.6394    26.2689 -9.990e-29
 202.472841     43.467  34.571690     7.5649     1.7235     43.100    33.6391    26.2687 -9.990e-29
 202.472847     43.519  34.571348     7.5646     1.7322     43.151    33.6390    26.2686 -9.990e-29
 202.472853     43.572  34.571240     7.5639     1.7064     43.204    33.6395    26.2692 -9.990e-29
 202.472859     43.622  34.571234     7.5638     1.7294     43.253    33.6396    26.2692 -9.990e-29
 202.472865     43.658  34.571335     7.5642     1.7092     43.289    33.6393    26.2689 -9.990e-29
 202.472870     43.665  34.571689     7.5649     1.7293     43.296    33.6390    26.2686 -9.990e-29
 202.472876     43.635  34.572220     7.5656     1.7308     43.266    33.6389    26.2684 -9.990e-29
 202.472882     43.576  34.572529     7.5658     1.7222     43.208    33.6391    26.2685 -9.990e-29
 202.472888     43.508  34.572481     7.5653     1.7279     43.140    33.6396    26.2690 -9.990e-29
 202.472894     43.463  34.572027     7.5646     1.7093     43.096    33.6398    26.2692 -9.990e-29
 202.472899     43.453  34.571138     7.5639     1.7123     43.086    33.6395    26.2691 -9.990e-29
 202.472905     43.470  34.570321     7.5635     1.7022     43.103    33.6390    26.2688 -9.990e-29
 202.472911     43.499  34.570180     7.5638     1.7223     43.131    33.6385    26.2684 -9.990e-29
 202.472917     43.527  34.570537     7.5644     1.7135     43.159    33.6383    26.2681 -9.990e-29
 202.472922     43.552  34.570761     7.5645     1.7306     43.184    33.6384    26.2682 -9.990e-29
 202.472928     43.581  34.570604     7.5645     1.7163     43.213    33.6383    26.2681 -9.990e-29
 202.472934     43.619  34.570430     7.5647     1.7149     43.250    33.6379    26.2677 -9.990e-29
 202.472940     43.661  34.570579     7.5649     1.7236     43.292    33.6378    26.2677 -9.990e-29
 202.472946     43.700  34.570702     7.5648     1.7078     43.331    33.6380    26.2678 -9.990e-29
 202.472951     43.738  34.570416     7.5645     1.7236     43.368    33.6380    26.2679 -9.990e-29
 202.472957     43.770  34.569912     7.5645     1.7106     43.400    33.6374    26.2674 -9.990e-29
 202.472963     43.781  34.569651     7.5647     1.7208     43.411    33.6369    26.2670 -9.990e-29
 202.472969     43.763  34.569856     7.5649     1.7063     43.393    33.6370    26.2670 -9.990e-29
 202.472975     43.727  34.570251     7.5651     1.7179     43.357    33.6372    26.2672 -9.990e-29
 202.472980     43.701  34.570259     7.5652     1.7163     43.332    33.6372    26.2671 -9.990e-29
 202.472986     43.705  34.569904     7.5651     1.7135     43.336    33.6369    26.2669 -9.990e-29
 202.472992     43.735  34.569850     7.5651     1.7091     43.365    33.6368    26.2668 -9.990e-29
 202.472998     43.775  34.570037     7.5652     1.6978     43.405    33.6369    26.2669 -9.990e-29
 202.473003     43.811  34.570164     7.5652     1.7136     43.441    33.6370    26.2670 -9.990e-29
 202.473009     43.833  34.570412     7.5650     1.7093     43.463    33.6375    26.2674 -9.990e-29
 202.473015     43.842  34.570564     7.5648     1.7223     43.471    33.6378    26.2677 -9.990e-29
 202.473021     43.843  34.570276     7.5649     1.7020     43.472    33.6374    26.2673 -9.990e-29
 202.473027     43.835  34.569738     7.5652     1.7136     43.465    33.6365    26.2666 -9.990e-29
 202.473032     43.823  34.569364     7.5653     1.7120     43.453    33.6360    26.2662 -9.990e-29
 202.473038     43.814  34.569231     7.5651     1.7192     43.444    33.6361    26.2663 -9.990e-29
 202.473044     43.816  34.569172     7.5647     1.7177     43.446    33.6364    26.2666 -9.990e-29
 202.473050     43.834  34.569122     7.5644     1.7063     43.464    33.6366    26.2668 -9.990e-29
 202.473056     43.865  34.569028     7.5642     1.7092     43.494    33.6367    26.2669 -9.990e-29
 202.473061     43.897  34.568779     7.5640     1.7064     43.526    33.6366    26.2669 -9.990e-29
 202.473067     43.920  34.568612     7.5640     1.7221     43.549    33.6364    26.2667 -9.990e-29
 202.473073     43.927  34.568880     7.5643     1.7048     43.556    33.6364    26.2667 -9.990e-29
 202.473079     43.914  34.569391     7.5646     1.7091     43.543    33.6367    26.2668 -9.990e-29
 202.473084     43.885  34.569720     7.5650     1.6990     43.514    33.6367    26.2668 -9.990e-29
 202.473090     43.846  34.569759     7.5654     1.7063     43.475    33.6364    26.2664 -9.990e-29
 202.473096     43.807  34.569573     7.5653     1.7179     43.437    33.6363    26.2664 -9.990e-29
 202.473102     43.779  34.568927     7.5647     1.7151     43.409    33.6362    26.2664 -9.990e-29
 202.473108     43.765  34.568094     7.5643     1.7079     43.395    33.6357    26.2661 -9.990e-29
 202.473113     43.759  34.567656     7.5642     1.7093     43.389    33.6353    26.2658 -9.990e-29
 202.473119     43.752  34.567603     7.5643     1.7120     43.382    33.6351    26.2656 -9.990e-29
 202.473125     43.740  34.567875     7.5645     1.7148     43.370    33.6352    26.2657 -9.990e-29
 202.473131     43.725  34.568287     7.5645     1.7177     43.355    33.6357    26.2660 -9.990e-29
 202.473137     43.721  34.568282     7.5645     1.7019     43.352    33.6357    26.2660 -9.990e-29
 202.473142     43.739  34.567867     7.5645     1.6990     43.369    33.6352    26.2657 -9.990e-29
 202.473148     43.781  34.567622     7.5641     1.6888     43.411    33.6353    26.2658 -9.990e-29
 202.473154     43.831  34.567795     7.5636     1.6990     43.461    33.6360    26.2664 -9.990e-29
 202.473160     43.869  34.568068     7.5636     1.6976     43.498    33.6363    26.2666 -9.990e-29
 202.473166     43.879  34.568257     7.5643     1.7179     43.508    33.6358    26.2661 -9.990e-29
 202.473171     43.857  34.568624     7.5649     1.7064     43.486    33.6356    26.2659 -9.990e-29
 202.473177     43.811  34.569111     7.5651     1.7179     43.441    33.6360    26.2662 -9.990e-29
 202.473183     43.759  34.569262     7.5651     1.7035     43.389    33.6361    26.2663 -9.990e-29
 202.473189     43.714  34.568733     7.5651     1.7120     43.345    33.6356    26.2659 -9.990e-29
 202.473194     43.679  34.567953     7.5651     1.7133     43.310    33.6348    26.2652 -9.990e-29
 202.473200     43.655  34.567573     7.5653     1.7047     43.286    33.6342    26.2647 -9.990e-29
 202.473206     43.654  34.567662     7.5654     1.7106     43.285    33.6342    26.2647 -9.990e-29
 202.473212     43.684  34.567792     7.5653     1.7020     43.315    33.6344    26.2649 -9.990e-29
 202.473218     43.738  34.567588     7.5653     1.7077     43.368    33.6342    26.2647 -9.990e-29
 202.473223     43.799  34.567353     7.5654     1.7076     43.429    33.6338    26.2644 -9.990e-29
 202.473229     43.841  34.567342     7.5656     1.7077     43.470    33.6335    26.2642 -9.990e-29
 202.473235     43.844  34.567552     7.5658     1.6976     43.473    33.6336    26.2642 -9.990e-29
 202.473241     43.808  34.567715     7.5658     1.6948     43.438    33.6338    26.2644 -9.990e-29
 202.473247     43.750  34.567503     7.5655     1.6950     43.380    33.6339    26.2645 -9.990e-29
 202.473252     43.694  34.567206     7.5650     1.7080     43.325    33.6341    26.2647 -9.990e-29
 202.473258     43.660  34.567001     7.5644     1.7064     43.291    33.6344    26.2651 -9.990e-29
 202.473264     43.644  34.566632     7.5640     1.7236     43.275    33.6344    26.2651 -9.990e-29
 202.473270     43.637  34.566178     7.5641     1.7062     43.268    33.6338    26.2647 -9.990e-29
 202.473275     43.639  34.566165     7.5645     1.6975     43.270    33.6334    26.2643 -9.990e-29
 202.473281     43.658  34.566590     7.5646     1.6773     43.289    33.6338    26.2645 -9.990e-29
 202.473287     43.696  34.566912     7.5644     1.6860     43.327    33.6343    26.2650 -9.990e-29
 202.473293     43.746  34.567013     7.5643     1.6931     43.376    33.6345    26.2651 -9.990e-29
 202.473299     43.799  34.567040     7.5640     1.7062     43.429    33.6348    26.2654 -9.990e-29
 202.473304     43.837  34.567043     7.5639     1.7047     43.467    33.6349    26.2655 -9.990e-29
 202.473310     43.840  34.567037     7.5642     1.7034     43.469    33.6346    26.2652 -9.990e-29
 202.473316     43.801  34.567024     7.5647     1.6991     43.431    33.6341    26.2648 -9.990e-29
 202.473322     43.729  34.567001     7.5653     1.7034     43.359    33.6335    26.2642 -9.990e-29
 202.473328     43.646  34.566949     7.5657     1.6991     43.277    33.6331    26.2639 -9.990e-29
 202.473333     43.568  34.566813     7.5657     1.7035     43.200    33.6330    26.2638 -9.990e-29
 202.473339     43.508  34.566429     7.5655     1.6993     43.140    33.6328    26.2636 -9.990e-29
 202.473345     43.477  34.565859     7.5650     1.6934     43.110    33.6327    26.2636 -9.990e-29
 202.473351     43.488  34.565476     7.5646     1.6962     43.121    33.6327    26.2637 -9.990e-29
 202.473356     43.537  34.565342     7.5644     1.7032     43.169    33.6327    26.2637 -9.990e-29
 202.473362     43.605  34.565292     7.5644     1.7017     43.237    33.6326    26.2636 -9.990e-29
 202.473368     43.676  34.565271     7.5645     1.6988     43.307    33.6325    26.2635 -9.990e-29
 202.473374     43.740  34.565262     7.5646     1.6859     43.370    33.6323    26.2634 -9.990e-29
 202.473380     43.798  34.565263     7.5647     1.7004     43.428    33.6322    26.2633 -9.990e-29
 202.473385     43.849  34.565291     7.5646     1.7020     43.478    33.6323    26.2634 -9.990e-29
 202.473391     43.884  34.565395     7.5646     1.7020     43.513    33.6324    26.2634 -9.990e-29
 202.473397     43.888  34.565727     7.5650     1.7019     43.517    33.6324    26.2634 -9.990e-29
 202.473403     43.852  34.566181     7.5656     1.6932     43.481    33.6323    26.2632 -9.990e-29
 202.473409     43.782  34.566254     7.5659     1.6890     43.412    33.6321    26.2630 -9.990e-29
 202.473414     43.701  34.566056     7.5661     1.6962     43.332    33.6317    26.2627 -9.990e-29
 202.473420     43.637  34.565898     7.5665     1.6991     43.268    33.6312    26.2622 -9.990e-29
 202.473426     43.606  34.565585     7.5669     1.7121     43.237    33.6305    26.2616 -9.990e-29
 202.473432     43.609  34.565274     7.5664     1.7077     43.240    33.6307    26.2618 -9.990e-29
 202.473437     43.631  34.565131     7.5651     1.6991     43.262    33.6317    26.2629 -9.990e-29
 202.473443     43.657  34.565030     7.5644     1.6862     43.288    33.6323    26.2634 -9.990e-29
 202.473449     43.675  34.564938     7.5644     1.6905     43.306    33.6322    26.2633 -9.990e-29
 202.473455     43.688  34.564829     7.5647     1.6890     43.319    33.6318    26.2629 -9.990e-29
 202.473461     43.708  34.564650     7.5650     1.6990     43.339    33.6313    26.2625 -9.990e-29
 202.473466     43.742  34.564258     7.5650     1.6946     43.372    33.6308    26.2622 -9.990e-29
 202.473472     43.778  34.563780     7.5646     1.6991     43.408    33.6307    26.2621 -9.990e-29
 202.473478     43.806  34.563790     7.5643     1.6947     43.436    33.6310    26.2624 -9.990e-29
 202.473484     43.818  34.564392     7.5645     1.6991     43.448    33.6314    26.2627 -9.990e-29
 202.473490     43.813  34.564801     7.5648     1.6948     43.443    33.6316    26.2628 -9.990e-29
 202.473495     43.793  34.564535     7.5648     1.6992     43.423    33.6313    26.2626 -9.990e-29
 202.473501     43.766  34.563889     7.5649     1.6948     43.396    33.6305    26.2619 -9.990e-29
 202.473507     43.739  34.563217     7.5652     1.6991     43.369    33.6295    26.2611 -9.990e-29
 202.473513     43.718  34.562834     7.5653     1.6848     43.349    33.6290    26.2607 -9.990e-29
 202.473519     43.707  34.562881     7.5651     1.6963     43.338    33.6293    26.2609 -9.990e-29
 202.473524     43.709  34.562956     7.5646     1.6848     43.340    33.6298    26.2614 -9.990e-29
 202.473530     43.728  34.562690     7.5642     1.6890     43.358    33.6299    26.2616 -9.990e-29
 202.473536     43.762  34.562381     7.5642     1.6875     43.392    33.6296    26.2613 -9.990e-29
 202.473542     43.804  34.562268     7.5644     1.6991     43.434    33.6292    26.2610 -9.990e-29
 202.473547     43.844  34.562291     7.5644     1.6934     43.473    33.6293    26.2610 -9.990e-29
 202.473553     43.871  34.562573     7.5646     1.6948     43.500    33.6293    26.2610 -9.990e-29
 202.473559     43.884  34.563020     7.5648     1.6977     43.513    33.6296    26.2612 -9.990e-29
 202.473565     43.882  34.563200     7.5645     1.6919     43.511    33.6301    26.2617 -9.990e-29
 202.473571     43.866  34.562885     7.5642     1.6904     43.495    33.6301    26.2617 -9.990e-29
 202.473576     43.839  34.562307     7.5644     1.6919     43.469    33.6293    26.2610 -9.990e-29
 202.473582     43.803  34.561906     7.5649     1.6846     43.433    33.6284    26.2602 -9.990e-29
 202.473588     43.757  34.561801     7.5650     1.6945     43.387    33.6282    26.2601 -9.990e-29
 202.473594     43.705  34.561944     7.5648     1.6799     43.336    33.6286    26.2604 -9.990e-29
 202.473600     43.654  34.562057     7.5646     1.6914     43.285    33.6289    26.2607 -9.990e-29
 202.473605     43.590  34.561824     7.5644     1.6998     43.222    33.6289    26.2607 -9.990e-29
 202.473611     43.499  34.561587     7.5643     1.6998     43.131    33.6288    26.2606 -9.990e-29
 202.473617     43.368  34.561680     7.5644     1.6955     43.002    33.6288    26.2607 0.0000e+00
 202.473623     43.195  34.561759     7.5646     1.6911     42.830    33.6288    26.2606 0.0000e+00
 202.473628     42.977  34.561461     7.5647     1.6938     42.614    33.6285    26.2603 0.0000e+00
