data/oxygen options/ONMS/Olympic_Coast_National_Marine_Sanctuary_CTD_Data_2005_2023/raw_data/2011/CAST_CE042_060911faedb.cnv
* Sea-Bird SBE19 Data File:
* FileName = C:\Documents and Settings\OCNMS\Desktop\2011 mooring data\first service\CAST_CE042_060911.hex
* Software Version 1.24
* Temperature SN = 2997
* Conductivity SN = 2997
* System UpLoad Time = Jun 09 2011 18:37:19
** CAST_CE042_060911
* SEACAT PROFILER V3.1c SN 2997   06/09/11  18:36:43.501
# nquan = 9
# nvalues = 40                          
# units = specified
# name 0 = timeJ: Julian Days
# name 1 = prSM: Pressure, Strain Gauge [db]
# name 2 = c0mS/cm: Conductivity [mS/cm]
# name 3 = t090C: Temperature [ITS-90, deg C]
# name 4 = sbeox0ML/L: Oxygen, SBE 43 [ml/l]
# name 5 = depSM: Depth [salt water, m], lat = 47.5
# name 6 = sal00: Salinity, Practical [PSU]
# name 7 = sigma-é00: Density [sigma-theta, kg/m^3]
# name 8 = flag: flag
# span 0 = 160.526503, 160.527361       
# span 1 =      1.000,     40.000       
# span 2 =  32.560885,  35.848275       
# span 3 =     8.0673,    13.8631       
# span 4 =     2.5180,     8.4903       
# span 5 =      0.992,     39.662       
# span 6 =    26.5119,    33.2294       
# span 7 =    19.6651,    25.8741       
# span 8 = 0.0000e+00, 0.0000e+00       
# interval = decibars: 1                
# start_time = Jun 09 2011 12:37:00 [Instrument's time stamp, header]
# bad_flag = -9.990e-29
*END*
 160.526503      1.000  32.560885    13.8631     7.0190      0.992    26.5119    19.6651 0.0000e+00
 160.526522      2.000  32.679075    13.6735     8.0089      1.983    26.7496    19.8848 0.0000e+00
 160.526541      3.000  34.306326    13.5154     8.4903      2.975    28.3460    21.1464 0.0000e+00
 160.526560      4.000  35.475318    12.9100     8.4422      3.967    29.8898    22.4548 0.0000e+00
 160.526577      5.000  35.596173    12.3581     8.2371      4.958    30.4452    22.9884 0.0000e+00
 160.526595      6.000  35.848275    11.9796     8.1752      5.950    30.9958    23.4849 0.0000e+00
 160.526612      7.000  35.682471    11.4082     8.0252      6.941    31.3139    23.8347 0.0000e+00
 160.526632      8.000  35.538889    11.1804     7.7893      7.933    31.3662    23.9159 0.0000e+00
 160.526652      9.000  35.387453    10.7699     7.6686      8.925    31.5688    24.1447 0.0000e+00
 160.526670     10.000  35.193241    10.3259     7.6544      9.916    31.7604    24.3693 0.0000e+00
 160.526688     11.000  35.047415    10.0761     7.4992     10.908    31.8323    24.4670 0.0000e+00
 160.526705     12.000  34.942708     9.8465     6.9517     11.899    31.9286    24.5799 0.0000e+00
 160.526724     13.000  34.745716     9.5994     6.1634     12.891    31.9470    24.6343 0.0000e+00
 160.526742     14.000  34.571670     9.2562     5.4086     13.883    32.0749    24.7887 0.0000e+00
 160.526758     15.000  34.443108     9.0255     4.9750     14.875    32.1495    24.8830 0.0000e+00
 160.526774     16.000  34.364864     8.8709     4.9093     15.866    32.2079    24.9525 0.0000e+00
 160.526792     17.000  34.312328     8.7734     4.9021     16.857    32.2413    24.9936 0.0000e+00
 160.526813     18.000  34.305805     8.7409     4.8140     17.849    32.2637    25.0161 0.0000e+00
 160.526832     19.000  34.277508     8.6498     4.7461     18.840    32.3168    25.0715 0.0000e+00
 160.526851     20.000  34.249233     8.5632     4.7779     19.832    32.3659    25.1230 0.0000e+00
 160.526870     21.000  34.253040     8.5270     4.7988     20.824    32.4027    25.1573 0.0000e+00
 160.526889     22.000  34.246035     8.4734     4.7324     21.815    32.4442    25.1979 0.0000e+00
 160.526908     23.000  34.220111     8.4140     4.6701     22.807    32.4712    25.2278 0.0000e+00
 160.526927     24.000  34.212026     8.3581     4.5953     23.798    32.5138    25.2696 0.0000e+00
 160.526948     25.000  34.236031     8.3143     4.4108     24.790    32.5792    25.3274 0.0000e+00
 160.526965     26.000  34.270546     8.2994     4.0804     25.781    32.6290    25.3686 0.0000e+00
 160.526982     27.000  34.308726     8.2854     3.8042     26.773    32.6819    25.4123 0.0000e+00
 160.527000     28.000  34.385230     8.2572     3.5768     27.764    32.7887    25.5002 0.0000e+00
 160.527020     29.000  34.425417     8.2281     3.3894     28.756    32.8580    25.5589 0.0000e+00
 160.527039     30.000  34.449155     8.1796     3.3457     29.748    32.9281    25.6211 0.0000e+00
 160.527057     31.000  34.462296     8.1363     3.2205     30.739    32.9824    25.6700 0.0000e+00
 160.527076     32.000  34.492524     8.0907     2.9556     31.730    33.0570    25.7353 0.0000e+00
 160.527096     33.000  34.534727     8.0681     2.6614     32.722    33.1228    25.7902 0.0000e+00
 160.527115     34.000  34.595567     8.0773     2.5669     33.713    33.1785    25.8326 0.0000e+00
 160.527135     35.000  34.618667     8.0779     2.5704     34.705    33.2019    25.8509 0.0000e+00
 160.527154     36.000  34.625154     8.0729     2.5576     35.696    33.2132    25.8606 0.0000e+00
 160.527174     37.000  34.631239     8.0704     2.5709     36.688    33.2216    25.8675 0.0000e+00
 160.527197     38.000  34.635762     8.0686     2.5565     37.680    33.2276    25.8725 0.0000e+00
 160.527221     39.000  34.636700     8.0673     2.5502     38.671    33.2294    25.8741 0.0000e+00
 160.527361     40.000  34.639967     8.0755     2.5180     39.662    33.2246    25.8692 0.0000e+00
