data/oxygen options/ONMS/Olympic_Coast_National_Marine_Sanctuary_CTD_Data_2005_2023/raw_data/2011/CAST_TH015_072811faed.cnv
* Sea-Bird SBE19 Data File:
* FileName = C:\Documents and Settings\OCNMS\Desktop\2011 mooring data\2nd service\CAST_TH015_072811.hex
* Software Version 1.24
* Temperature SN = 2997
* Conductivity SN = 2997
* System UpLoad Time = Jul 28 2011 19:03:26
** CAST_TH015_072811
* SEACAT PROFILER V3.1c SN 2997   07/28/11  19:02:10.387
# nquan = 9                                 
# nvalues = 885                         
# units = specified
# name 0 = timeJ: Julian Days
# name 1 = prSM: Pressure, Strain Gauge [db]
# name 2 = c0mS/cm: Conductivity [mS/cm]
# name 3 = t090C: Temperature [ITS-90, deg C]
# name 4 = sbeox0ML/L: Oxygen, SBE 43 [ml/l]
# name 5 = depSM: Depth [salt water, m], lat = 47.5
# name 6 = sal00: Salinity, Practical [PSU]
# name 7 = sigma-é00: Density [sigma-theta, kg/m^3]
# name 8 = flag: flag
# span 0 = 209.732153, 209.737269       
# span 1 =     -6.189,     12.949       
# span 2 =   0.133359,  36.439986       
# span 3 =     7.7406,    14.7615       
# span 4 =    -2.0250,    15.7725       
# span 5 =     -6.137,     12.841       
# span 6 =     0.0803,    33.4609       
# span 7 =    -0.7942,    26.1030       
# span 8 = 0.0000e+00, 0.0000e+00       
# interval = seconds: 0.5
# start_time = Jul 28 2011 17:34:18 [Instrument's time stamp, header]
# bad_flag = -9.990e-29
*END*
[from data line 161]
 209.733084     -2.723   0.483283    14.6868    -2.0102     -2.700     0.2941    -0.6240 -9.990e-29
 209.733090     -2.714   0.482428    14.6876    -2.0101     -2.691     0.2936    -0.6246 -9.990e-29
 209.733096     -2.701   0.481690    14.6881    -2.0102     -2.678     0.2931    -0.6250 -9.990e-29
 209.733102     -2.681   0.480636    14.6890    -2.0101     -2.659     0.2925    -0.6257 -9.990e-29
 209.733108     -2.658   0.478966    14.6899    -2.0100     -2.636     0.2914    -0.6266 -9.990e-29
 209.733113     -2.640   0.477221    14.6911    -2.0098     -2.618     0.2903    -0.6276 -9.990e-29
 209.733119     -2.628   0.475841    14.6929    -2.0095     -2.606     0.2894    -0.6286 -9.990e-29
 209.733125     -2.619   0.474646    14.6948    -2.0094     -2.597     0.2887    -0.6295 -9.990e-29
 209.733131     -2.607   0.473148    14.6966    -2.0093     -2.585     0.2877    -0.6305 -9.990e-29
 209.733137     -2.595   0.471565    14.6984    -2.0094     -2.573     0.2867    -0.6315 -9.990e-29
 209.733142     -2.588   0.470550    14.6998    -2.0097     -2.566     0.2861    -0.6322 -9.990e-29
 209.733148     -2.581   0.469857    14.7011    -2.0098     -2.559     0.2856    -0.6327 -9.990e-29
 209.733154     -2.569   0.469115    14.7029    -2.0102     -2.548     0.2851    -0.6334 -9.990e-29
 209.733160     -2.554   0.468441    14.7056    -2.0107     -2.533     0.2847    -0.6341 -9.990e-29
 209.733166     -2.542   0.468043    14.7096    -2.0109     -2.521     0.2844    -0.6349 -9.990e-29
 209.733171     -2.530   0.467943    14.7141    -2.0109     -2.509     0.2843    -0.6357 -9.990e-29
 209.733177     -2.519   0.467451    14.7175    -2.0108     -2.498     0.2840    -0.6364 -9.990e-29
 209.733183     -2.507   0.465911    14.7189    -2.0107     -2.486     0.2830    -0.6374 -9.990e-29
 209.733189     -2.494   0.463481    14.7176    -2.0112     -2.473     0.2815    -0.6384 -9.990e-29
 209.733194     -2.479   0.460796    14.7141    -2.0122     -2.458     0.2799    -0.6391 -9.990e-29
 209.733200     -2.461   0.458706    14.7090    -2.0125     -2.440     0.2786    -0.6394 -9.990e-29
 209.733206     -2.438   0.457744    14.7019    -2.0129     -2.418     0.2780    -0.6387 -9.990e-29
 209.733212     -2.414   0.457732    14.6945    -2.0129     -2.394     0.2781    -0.6376 -9.990e-29
 209.733218     -2.396   0.458099    14.6895    -2.0130     -2.376     0.2784    -0.6367 -9.990e-29
 209.733223     -2.387   0.458225    14.6877    -2.0136     -2.367     0.2784    -0.6363 -9.990e-29
 209.733229     -2.382   0.457725    14.6870    -2.0141     -2.362     0.2781    -0.6365 -9.990e-29
 209.733235     -2.375   0.456483    14.6833    -2.0144     -2.355     0.2774    -0.6365 -9.990e-29
 209.733241     -2.372   0.455057    14.6735    -2.0146     -2.352     0.2766    -0.6357 -9.990e-29
 209.733247     -2.372   0.454312    14.6602    -2.0149     -2.352     0.2762    -0.6340 -9.990e-29
 209.733252     -2.371   0.454361    14.6487    -2.0149     -2.351     0.2763    -0.6322 -9.990e-29
 209.733258     -2.364   0.454714    14.6415    -2.0148     -2.344     0.2766    -0.6310 -9.990e-29
 209.733264     -2.346   0.454733    14.6372    -2.0146     -2.326     0.2766    -0.6303 -9.990e-29
 209.733270     -2.326   0.453890    14.6318    -2.0143     -2.307     0.2761    -0.6299 -9.990e-29
 209.733275     -2.310   0.452165    14.6232    -2.0145     -2.291     0.2751    -0.6294 -9.990e-29
 209.733281     -2.297   0.450024    14.6138    -2.0145     -2.278     0.2738    -0.6290 -9.990e-29
 209.733287     -2.287   0.447933    14.6063    -2.0145     -2.268     0.2726    -0.6289 -9.990e-29
 209.733293     -2.278   0.446426    14.6004    -2.0149     -2.259     0.2716    -0.6287 -9.990e-29
 209.733299     -2.271   0.445706    14.5963    -2.0154     -2.252     0.2712    -0.6285 -9.990e-29
 209.733304     -2.265   0.445365    14.5953    -2.0159     -2.246     0.2710    -0.6285 -9.990e-29
 209.733310     -2.259   0.444949    14.5970    -2.0162     -2.240     0.2707    -0.6289 -9.990e-29
 209.733316     -2.253   0.444453    14.5998    -2.0161     -2.234     0.2704    -0.6296 -9.990e-29
 209.733322     -2.247   0.444324    14.6018    -2.0161     -2.228     0.2703    -0.6300 -9.990e-29
 209.733328     -2.240   0.444941    14.6017    -2.0161     -2.221     0.2707    -0.6297 -9.990e-29
 209.733333     -2.232   0.446018    14.6003    -2.0162     -2.213     0.2714    -0.6289 -9.990e-29
 209.733339     -2.222   0.446223    14.5973    -2.0162     -2.203     0.2715    -0.6284 -9.990e-29
 209.733345     -2.210   0.444719    14.5911    -2.0162     -2.192     0.2706    -0.6281 -9.990e-29
 209.733351     -2.195   0.442269    14.5823    -2.0162     -2.177     0.2692    -0.6280 -9.990e-29
 209.733356     -2.176   0.440033    14.5737    -2.0162     -2.158     0.2678    -0.6278 -9.990e-29
 209.733362     -2.156   0.438904    14.5681    -2.0162     -2.138     0.2672    -0.6275 -9.990e-29
 209.733368     -2.142   0.439037    14.5660    -2.0164     -2.124     0.2673    -0.6271 -9.990e-29
 209.733374     -2.134   0.439500    14.5656    -2.0166     -2.116     0.2675    -0.6268 -9.990e-29
 209.733380     -2.127   0.439248    14.5653    -2.0166     -2.109     0.2674    -0.6269 -9.990e-29
 209.733385     -2.120   0.437945    14.5647    -2.0170     -2.102     0.2666    -0.6274 -9.990e-29
 209.733391     -2.113   0.436065    14.5639    -2.0177     -2.095     0.2654    -0.6282 -9.990e-29
 209.733397     -2.105   0.434424    14.5637    -2.0184     -2.087     0.2644    -0.6290 -9.990e-29
 209.733403     -2.091   0.433045    14.5641    -2.0190     -2.074     0.2635    -0.6297 -9.990e-29
 209.733409     -2.071   0.431749    14.5641    -2.0196     -2.054     0.2627    -0.6303 -9.990e-29
 209.733414     -2.053   0.431020    14.5627    -2.0202     -2.036     0.2623    -0.6305 -9.990e-29
 209.733420     -2.038   0.430995    14.5596    -2.0207     -2.021     0.2623    -0.6300 -9.990e-29
 209.733426     -2.027   0.431083    14.5557    -2.0212     -2.010     0.2623    -0.6294 -9.990e-29
 209.733432     -2.018   0.430848    14.5505    -2.0219     -2.001     0.2622    -0.6287 -9.990e-29
 209.733438     -2.011   0.430528    14.5415    -2.0220     -1.994     0.2621    -0.6275 -9.990e-29
 209.733443     -2.005   0.430250    14.5284    -2.0220     -1.988     0.2620    -0.6257 -9.990e-29
 209.733449     -2.000   0.429642    14.5137    -2.0222     -1.983     0.2617    -0.6238 -9.990e-29
 209.733455     -1.996   0.428444    14.4991    -2.0226     -1.979     0.2611    -0.6221 -9.990e-29
 209.733461     -1.993   0.427274    14.4850    -2.0226     -1.976     0.2604    -0.6206 -9.990e-29
 209.733466     -1.990   0.426784    14.4717    -2.0229     -1.973     0.2602    -0.6188 -9.990e-29
 209.733472     -1.987   0.426319    14.4591    -2.0230     -1.970     0.2600    -0.6172 -9.990e-29
 209.733478     -1.985   0.425258    14.4471    -2.0230     -1.968     0.2594    -0.6159 -9.990e-29
 209.733484     -1.982   0.423847    14.4372    -2.0230     -1.965     0.2586    -0.6151 -9.990e-29
 209.733490     -1.978   0.422416    14.4310    -2.0231     -1.962     0.2577    -0.6149 -9.990e-29
 209.733495     -1.974   0.421270    14.4269    -2.0232     -1.958     0.2570    -0.6148 -9.990e-29
 209.733501     -1.969   0.420543    14.4223    -2.0233     -1.953     0.2566    -0.6145 -9.990e-29
 209.733507     -1.963   0.419815    14.4177    -2.0235     -1.947     0.2562    -0.6141 -9.990e-29
 209.733513     -1.955   0.418668    14.4138    -2.0236     -1.939     0.2555    -0.6141 -9.990e-29
 209.733519     -1.946   0.417232    14.4103    -2.0239     -1.930     0.2546    -0.6143 -9.990e-29
 209.733524     -1.938   0.415808    14.4077    -2.0240     -1.922     0.2537    -0.6146 -9.990e-29
 209.733530     -1.935   0.414710    14.4063    -2.0242     -1.919     0.2530    -0.6149 -9.990e-29
 209.733536     -1.933   0.414131    14.4049    -2.0240     -1.917     0.2527    -0.6150 -9.990e-29
 209.733542     -1.927   0.413854    14.4029    -2.0242     -1.911     0.2525    -0.6148 -9.990e-29
 209.733547     -1.918   0.413506    14.4007    -2.0246     -1.902     0.2523    -0.6147 -9.990e-29
 209.733553     -1.904   0.412625    14.3981    -2.0247     -1.888     0.2518    -0.6147 -9.990e-29
 209.733559     -1.885   0.411139    14.3949    -2.0248     -1.869     0.2509    -0.6149 -9.990e-29
 209.733565     -1.864   0.409833    14.3916    -2.0248     -1.848     0.2501    -0.6151 -9.990e-29
 209.733571     -1.844   0.409180    14.3881    -2.0250     -1.829     0.2497    -0.6149 -9.990e-29
 209.733576     -1.827   0.408863    14.3842    -2.0248     -1.812     0.2495    -0.6145 -9.990e-29
 209.733582     -1.821   0.408460    14.3811    -2.0246     -1.806     0.2493    -0.6142 -9.990e-29
 209.733588     -1.821   0.407989    14.3791    -2.0243     -1.806     0.2490    -0.6141 -9.990e-29
 209.733594     -1.816   0.407928    14.3760    -2.0244     -1.801     0.2490    -0.6137 -9.990e-29
 209.733600     -1.803   0.408198    14.3716    -2.0243     -1.788     0.2492    -0.6129 -9.990e-29
 209.733605     -1.792   0.408053    14.3680    -2.0244     -1.777     0.2491    -0.6124 -9.990e-29
 209.733611     -1.785   0.407301    14.3660    -2.0246     -1.770     0.2486    -0.6125 -9.990e-29
 209.733617     -1.779   0.406600    14.3648    -2.0248     -1.764     0.2482    -0.6127 -9.990e-29
 209.733623     -1.767   0.406126    14.3648    -2.0248     -1.752     0.2479    -0.6129 -9.990e-29
 209.733628     -1.755   0.405245    14.3673    -2.0243     -1.740     0.2473    -0.6137 -9.990e-29
 209.733634     -1.744   0.403893    14.3716    -2.0238     -1.729     0.2465    -0.6150 -9.990e-29
 209.733640     -1.736   0.402480    14.3750    -2.0232     -1.722     0.2456    -0.6162 -9.990e-29
 209.733646     -1.728   0.401340    14.3764    -2.0224     -1.714     0.2448    -0.6169 -9.990e-29
 209.733652     -1.721   0.400614    14.3763    -2.0218     -1.707     0.2444    -0.6173 -9.990e-29
 209.733657     -1.714   0.400444    14.3745    -2.0211     -1.700     0.2443    -0.6171 -9.990e-29
 209.733663     -1.706   0.401158    14.3718    -2.0207     -1.692     0.2448    -0.6164 -9.990e-29
 209.733669     -1.698   0.402602    14.3706    -2.0203     -1.684     0.2457    -0.6155 -9.990e-29
 209.733675     -1.693   0.403932    14.3734    -2.0199     -1.679     0.2465    -0.6152 -9.990e-29
 209.733681     -1.694   0.404155    14.3813    -2.0194     -1.680     0.2466    -0.6163 -9.990e-29
 209.733686     -1.699   0.403017    14.3930    -2.0189     -1.685     0.2458    -0.6186 -9.990e-29
 209.733692     -1.702   0.401217    14.4073    -2.0185     -1.688     0.2446    -0.6216 -9.990e-29
 209.733698     -1.703   0.399676    14.4229    -2.0179     -1.689     0.2435    -0.6247 -9.990e-29
 209.733704     -1.704   0.398556    14.4381    -2.0175     -1.690     0.2427    -0.6275 -9.990e-29
 209.733709     -1.704   0.397472    14.4520    -2.0171     -1.690     0.2420    -0.6301 -9.990e-29
 209.733715     -1.703   0.396639    14.4641    -2.0167     -1.689     0.2414    -0.6323 -9.990e-29
 209.733721     -1.701   0.396610    14.4748    -2.0162     -1.687     0.2413    -0.6339 -9.990e-29
 209.733727     -1.698   0.397346    14.4854    -2.0157     -1.684     0.2417    -0.6352 -9.990e-29
 209.733733     -1.694   0.398169    14.4966    -2.0156     -1.680     0.2422    -0.6364 -9.990e-29
 209.733738     -1.688   0.398519    14.5081    -2.0152     -1.674     0.2423    -0.6380 -9.990e-29
 209.733744     -1.680   0.398307    14.5196    -2.0146     -1.666     0.2421    -0.6398 -9.990e-29
 209.733750     -1.674   0.397806    14.5306    -2.0144     -1.660     0.2417    -0.6417 -9.990e-29
 209.733756     -1.673   0.397455    14.5409    -2.0140     -1.659     0.2415    -0.6434 -9.990e-29
 209.733762     -1.674   0.397344    14.5509    -2.0137     -1.660     0.2413    -0.6450 -9.990e-29
 209.733767     -1.672   0.397326    14.5613    -2.0135     -1.658     0.2413    -0.6466 -9.990e-29
 209.733773     -1.667   0.397376    14.5719    -2.0134     -1.653     0.2412    -0.6481 -9.990e-29
 209.733779     -1.659   0.397561    14.5819    -2.0130     -1.645     0.2413    -0.6496 -9.990e-29
 209.733785     -1.647   0.397578    14.5908    -2.0129     -1.633     0.2412    -0.6509 -9.990e-29
 209.733791     -1.635   0.396896    14.5999    -2.0126     -1.621     0.2408    -0.6526 -9.990e-29
 209.733796     -1.626   0.395712    14.6094    -2.0124     -1.612     0.2400    -0.6546 -9.990e-29
 209.733802     -1.615   0.394665    14.6184    -2.0123     -1.602     0.2393    -0.6565 -9.990e-29
 209.733808     -1.602   0.394021    14.6265    -2.0123     -1.589     0.2388    -0.6580 -9.990e-29
 209.733814     -1.590   0.393477    14.6333    -2.0124     -1.577     0.2384    -0.6593 -9.990e-29
 209.733819     -1.578   0.392860    14.6389    -2.0122     -1.565     0.2380    -0.6605 -9.990e-29
 209.733825     -1.571   0.392457    14.6441    -2.0120     -1.558     0.2377    -0.6614 -9.990e-29
 209.733831     -1.571   0.392286    14.6498    -2.0118     -1.558     0.2376    -0.6624 -9.990e-29
 209.733837     -1.574   0.392118    14.6553    -2.0116     -1.561     0.2375    -0.6633 -9.990e-29
 209.733843     -1.577   0.391732    14.6602    -2.0116     -1.564     0.2372    -0.6642 -9.990e-29
 209.733848     -1.580   0.391168    14.6642    -2.0115     -1.567     0.2368    -0.6651 -9.990e-29
 209.733854     -1.578   0.390782    14.6672    -2.0114     -1.565     0.2366    -0.6657 -9.990e-29
 209.733860     -1.567   0.390615    14.6690    -2.0113     -1.554     0.2365    -0.6661 -9.990e-29
 209.733866     -1.550   0.390444    14.6705    -2.0111     -1.537     0.2363    -0.6664 -9.990e-29
 209.733872     -1.536   0.390042    14.6730    -2.0109     -1.523     0.2361    -0.6670 -9.990e-29
 209.733877     -1.527   0.389428    14.6771    -2.0107     -1.514     0.2357    -0.6679 -9.990e-29
 209.733883     -1.519   0.388892    14.6819    -2.0105     -1.506     0.2353    -0.6689 -9.990e-29
 209.733889     -1.507   0.388275    14.6859    -2.0103     -1.494     0.2349    -0.6698 -9.990e-29
 209.733895     -1.494   0.387308    14.6884    -2.0102     -1.482     0.2343    -0.6706 -9.990e-29
 209.733900     -1.484   0.386365    14.6903    -2.0103     -1.472     0.2337    -0.6714 -9.990e-29
 209.733906     -1.476   0.385849    14.6926    -2.0104     -1.464     0.2334    -0.6720 -9.990e-29
 209.733912     -1.470   0.385628    14.6957    -2.0104     -1.458     0.2332    -0.6726 -9.990e-29
 209.733918     -1.465   0.385408    14.7000    -2.0105     -1.453     0.2331    -0.6733 -9.990e-29
 209.733924     -1.461   0.384896    14.7049    -2.0102     -1.449     0.2327    -0.6743 -9.990e-29
 209.733929     -1.458   0.383965    14.7100    -2.0100     -1.446     0.2321    -0.6755 -9.990e-29
 209.733935     -1.455   0.383033    14.7146    -2.0098     -1.443     0.2315    -0.6767 -9.990e-29
 209.733941     -1.453   0.382520    14.7180    -2.0098     -1.441     0.2312    -0.6774 -9.990e-29
 209.733947     -1.452   0.382298    14.7197    -2.0097     -1.440     0.2310    -0.6778 -9.990e-29
 209.733953     -1.450   0.382073    14.7197    -2.0096     -1.438     0.2309    -0.6779 -9.990e-29
 209.733958     -1.449   0.381544    14.7189    -2.0097     -1.437     0.2306    -0.6781 -9.990e-29
 209.733964     -1.447   0.380561    14.7185    -2.0096     -1.435     0.2300    -0.6785 -9.990e-29
 209.733970     -1.446   0.379476    14.7199    -2.0098     -1.434     0.2293    -0.6792 -9.990e-29
 209.733976     -1.444   0.378503    14.7235    -2.0097     -1.432     0.2287    -0.6802 -9.990e-29
 209.733981     -1.442   0.377454    14.7276    -2.0095     -1.430     0.2280    -0.6813 -9.990e-29
 209.733987     -1.439   0.376593    14.7308    -2.0095     -1.427     0.2274    -0.6822 -9.990e-29
 209.733993     -1.436   0.376433    14.7330    -2.0093     -1.424     0.2273    -0.6827 -9.990e-29
 209.733999     -1.432   0.376761    14.7349    -2.0095     -1.420     0.2275    -0.6828 -9.990e-29
