data/oxygen options/ONMS/Olympic_Coast_National_Marine_Sanctuary_CTD_Data_2005_2023/raw_data/2011/CAST_KL027_082511faed.cnv
* Sea-Bird SBE19 Data File:
* FileName = C:\Documents and Settings\OCNMS\Desktop\2011 mooring data\3rd service\CAST_KL027_082511.hex
* Software Version 1.24
* Temperature SN = 2997
* Conductivity SN = 2997
* System UpLoad Time = Aug 25 2011 15:20:51
** CAST_KL027_082511
* SEACAT PROFILER V3.1c SN 2997   08/25/11  15:20:23.187
# nquan = 9                                 
# nvalues = 1360                        
# units = specified
# name 0 = timeJ: Julian Days
# name 1 = prSM: Pressure, Strain Gauge [db]
# name 2 = c0mS/cm: Conductivity [mS/cm]
# name 3 = t090C: Temperature [ITS-90, deg C]
# name 4 = sbeox0ML/L: Oxygen, SBE 43 [ml/l]
# name 5 = depSM: Depth [salt water, m], lat = 47.5
# name 6 = sal00: Salinity, Practical [PSU]
# name 7 = sigma-é00: Density [sigma-theta, kg/m^3]
# name 8 = flag: flag
# span 0 = 237.470463, 237.478328       
# span 1 =     -5.772,     29.028       
# span 2 =   0.017339,  38.477057       
# span 3 =     7.6582,    15.2762       
# span 4 =   -15.3520,    21.9229       
# span 5 =     -5.724,     28.784       
# span 6 =     0.0150,    33.5784       
# span 7 =    -0.9267,    26.2059       
# span 8 = 0.0000e+00, 0.0000e+00       
# interval = seconds: 0.5
# start_time = Aug 25 2011 11:17:28 [Instrument's time stamp, header]
# bad_flag = -9.990e-29
*END*
[from data line 1121]
 237.476950     26.917  34.582096     7.6609     1.7000     26.691    33.5655    26.1968 -9.990e-29
 237.476956     26.903  34.581577     7.6607     1.6985     26.677    33.5651    26.1966 -9.990e-29
 237.476962     26.906  34.581079     7.6605     1.7001     26.680    33.5648    26.1964 -9.990e-29
 237.476968     26.916  34.581073     7.6605     1.7014     26.690    33.5647    26.1963 -9.990e-29
 237.476973     26.930  34.581003     7.6607     1.7058     26.704    33.5645    26.1961 -9.990e-29
 237.476979     26.948  34.580789     7.6605     1.7015     26.721    33.5644    26.1961 -9.990e-29
 237.476985     26.969  34.580719     7.6603     1.7058     26.742    33.5645    26.1962 -9.990e-29
 237.476991     26.983  34.580712     7.6602     1.7113     26.756    33.5646    26.1963 -9.990e-29
 237.476997     26.989  34.580772     7.6603     1.7084     26.762    33.5646    26.1962 -9.990e-29
 237.477002     26.990  34.580994     7.6605     1.7013     26.763    33.5646    26.1963 -9.990e-29
 237.477008     26.996  34.581125     7.6603     1.6928     26.769    33.5650    26.1965 -9.990e-29
 237.477014     27.011  34.580796     7.6596     1.6929     26.784    33.5653    26.1969 -9.990e-29
 237.477020     27.031  34.580142     7.6589     1.6856     26.804    33.5652    26.1970 -9.990e-29
 237.477025     27.050  34.579423     7.6584     1.7085     26.822    33.5649    26.1968 -9.990e-29
 237.477031     27.063  34.578814     7.6582     1.6943     26.835    33.5645    26.1965 -9.990e-29
 237.477037     27.069  34.578636     7.6588     1.7013     26.841    33.5637    26.1958 -9.990e-29
 237.477043     27.058  34.579223     7.6600     1.6942     26.830    33.5632    26.1952 -9.990e-29
 237.477049     27.030  34.580254     7.6610     1.6856     26.803    33.5633    26.1952 -9.990e-29
 237.477054     26.996  34.580875     7.6613     1.6842     26.769    33.5637    26.1954 -9.990e-29
 237.477060     26.966  34.580811     7.6609     1.6986     26.739    33.5641    26.1957 -9.990e-29
 237.477066     26.944  34.580552     7.6604     1.7100     26.717    33.5643    26.1960 -9.990e-29
 237.477072     26.927  34.580324     7.6604     1.7028     26.701    33.5640    26.1958 -9.990e-29
 237.477078     26.920  34.579837     7.6602     1.6900     26.694    33.5637    26.1956 -9.990e-29
 237.477083     26.925  34.579015     7.6600     1.6858     26.699    33.5630    26.1950 -9.990e-29
 237.477089     26.934  34.578456     7.6601     1.6913     26.707    33.5623    26.1945 -9.990e-29
 237.477095     26.940  34.578549     7.6603     1.6899     26.713    33.5622    26.1944 -9.990e-29
 237.477101     26.947  34.578872     7.6603     1.6899     26.720    33.5625    26.1946 -9.990e-29
 237.477106     26.964  34.578749     7.6598     1.6744     26.737    33.5629    26.1950 -9.990e-29
 237.477112     26.996  34.578030     7.6590     1.6843     26.769    33.5629    26.1951 -9.990e-29
 237.477118     27.037  34.577448     7.6586     1.6828     26.810    33.5626    26.1949 -9.990e-29
 237.477124     27.073  34.577361     7.6587     1.6926     26.845    33.5624    26.1948 -9.990e-29
 237.477130     27.093  34.577665     7.6590     1.6882     26.865    33.5624    26.1947 -9.990e-29
 237.477135     27.093  34.578219     7.6594     1.7026     26.865    33.5626    26.1949 -9.990e-29
 237.477141     27.079  34.578654     7.6596     1.7012     26.851    33.5629    26.1950 -9.990e-29
 237.477147     27.061  34.579004     7.6595     1.6856     26.833    33.5634    26.1954 -9.990e-29
 237.477153     27.053  34.579193     7.6593     1.6928     26.825    33.5638    26.1958 -9.990e-29
 237.477159     27.052  34.578925     7.6593     1.6871     26.824    33.5635    26.1956 -9.990e-29
 237.477164     27.047  34.578418     7.6594     1.6955     26.820    33.5629    26.1950 -9.990e-29
 237.477170     27.025  34.578126     7.6596     1.6884     26.798    33.5624    26.1946 -9.990e-29
 237.477176     26.983  34.578234     7.6599     1.6799     26.756    33.5622    26.1945 -9.990e-29
 237.477182     26.936  34.578340     7.6599     1.6800     26.709    33.5624    26.1946 -9.990e-29
 237.477188     26.907  34.578039     7.6597     1.6828     26.681    33.5622    26.1945 -9.990e-29
 237.477193     26.912  34.577505     7.6596     1.6784     26.686    33.5618    26.1941 -9.990e-29
 237.477199     26.946  34.577160     7.6597     1.6856     26.719    33.5613    26.1937 -9.990e-29
 237.477205     26.986  34.577118     7.6596     1.6787     26.759    33.5613    26.1938 -9.990e-29
 237.477211     27.008  34.577335     7.6594     1.6884     26.781    33.5617    26.1941 -9.990e-29
 237.477216     27.010  34.577554     7.6594     1.6940     26.783    33.5620    26.1943 -9.990e-29
 237.477222     27.005  34.577518     7.6594     1.6812     26.778    33.5619    26.1943 -9.990e-29
 237.477228     27.006  34.577194     7.6593     1.6812     26.779    33.5617    26.1941 -9.990e-29
 237.477234     27.015  34.576724     7.6594     1.6756     26.788    33.5611    26.1936 -9.990e-29
 237.477240     27.031  34.576616     7.6598     1.6784     26.804    33.5606    26.1932 -9.990e-29
 237.477245     27.045  34.576740     7.6601     1.6740     26.818    33.5604    26.1930 -9.990e-29
 237.477251     27.054  34.576712     7.6599     1.6812     26.826    33.5606    26.1931 -9.990e-29
 237.477257     27.058  34.576510     7.6596     1.6740     26.830    33.5606    26.1932 -9.990e-29
 237.477263     27.054  34.575320     7.6599     1.6840     26.826    33.5591    26.1920 -9.990e-29
 237.477269     27.037  34.574366     7.6604     1.6896     26.810    33.5576    26.1907 -9.990e-29
 237.477274     27.014  34.575751     7.6605     1.6868     26.787    33.5590    26.1918 -9.990e-29
 237.477280     26.997  34.577413     7.6604     1.6897     26.770    33.5609    26.1933 -9.990e-29
 237.477286     26.989  34.577665     7.6603     1.6841     26.762    33.5612    26.1936 -9.990e-29
 237.477292     26.985  34.577416     7.6603     1.6941     26.758    33.5610    26.1934 -9.990e-29
 237.477297     26.976  34.577467     7.6605     1.6771     26.749    33.5608    26.1933 -9.990e-29
 237.477303     26.958  34.577900     7.6606     1.6914     26.731    33.5612    26.1935 -9.990e-29
 237.477309     26.934  34.578186     7.6605     1.6742     26.707    33.5616    26.1939 -9.990e-29
 237.477315     26.910  34.578160     7.6606     1.6885     26.684    33.5615    26.1938 -9.990e-29
 237.477321     26.894  34.577802     7.6605     1.6797     26.668    33.5612    26.1936 -9.990e-29
 237.477326     26.894  34.577207     7.6600     1.6683     26.668    33.5611    26.1935 -9.990e-29
 237.477332     26.913  34.576717     7.6595     1.6740     26.687    33.5610    26.1936 -9.990e-29
 237.477338     26.953  34.576252     7.6593     1.6685     26.726    33.5607    26.1933 -9.990e-29
 237.477344     27.011  34.575765     7.6594     1.6898     26.784    33.5600    26.1928 -9.990e-29
 237.477350     27.080  34.575742     7.6598     1.6827     26.852    33.5596    26.1924 -9.990e-29
 237.477355     27.141  34.576164     7.6602     1.6897     26.913    33.5596    26.1924 -9.990e-29
 237.477361     27.174  34.576484     7.6604     1.6696     26.945    33.5598    26.1925 -9.990e-29
 237.477367     27.167  34.576583     7.6606     1.6811     26.938    33.5597    26.1924 -9.990e-29
 237.477373     27.128  34.576606     7.6608     1.6696     26.900    33.5595    26.1922 -9.990e-29
 237.477378     27.077  34.576597     7.6610     1.6740     26.849    33.5594    26.1920 -9.990e-29
 237.477384     27.036  34.576559     7.6609     1.6725     26.809    33.5594    26.1921 -9.990e-29
 237.477390     27.019  34.576457     7.6605     1.6642     26.792    33.5597    26.1924 -9.990e-29
 237.477396     27.020  34.576170     7.6603     1.6828     26.793    33.5596    26.1923 -9.990e-29
 237.477402     27.020  34.575886     7.6603     1.6728     26.793    33.5593    26.1921 -9.990e-29
 237.477407     27.000  34.575800     7.6607     1.6854     26.773    33.5588    26.1917 -9.990e-29
 237.477413     26.963  34.575811     7.6611     1.6754     26.736    33.5585    26.1913 -9.990e-29
 237.477419     26.929  34.575945     7.6614     1.6797     26.703    33.5583    26.1912 -9.990e-29
 237.477425     26.917  34.575836     7.6619     1.6754     26.691    33.5577    26.1906 -9.990e-29
 237.477431     26.934  34.575354     7.6625     1.6798     26.707    33.5566    26.1897 -9.990e-29
 237.477436     26.974  34.574989     7.6620     1.6754     26.747    33.5567    26.1898 -9.990e-29
 237.477442     27.021  34.574844     7.6605     1.6699     26.794    33.5580    26.1910 -9.990e-29
 237.477448     27.066  34.574811     7.6597     1.6926     26.838    33.5587    26.1917 -9.990e-29
 237.477454     27.098  34.574987     7.6599     1.6755     26.870    33.5587    26.1917 -9.990e-29
 237.477459     27.103  34.575185     7.6605     1.6953     26.875    33.5583    26.1913 -9.990e-29
 237.477465     27.081  34.575234     7.6610     1.6654     26.853    33.5579    26.1909 -9.990e-29
 237.477471     27.052  34.575328     7.6611     1.6612     26.824    33.5579    26.1909 -9.990e-29
 237.477477     27.031  34.575160     7.6607     1.6698     26.804    33.5581    26.1911 -9.990e-29
 237.477483     27.022  34.574633     7.6603     1.6670     26.795    33.5579    26.1910 -9.990e-29
 237.477488     27.023  34.574292     7.6603     1.6810     26.796    33.5576    26.1907 -9.990e-29
 237.477494     27.030  34.574372     7.6603     1.6653     26.803    33.5577    26.1908 -9.990e-29
 237.477500     27.031  34.574546     7.6601     1.6825     26.804    33.5580    26.1911 -9.990e-29
 237.477506     27.018  34.574612     7.6602     1.6683     26.791    33.5580    26.1911 -9.990e-29
 237.477512     26.994  34.574783     7.6606     1.6854     26.767    33.5578    26.1909 -9.990e-29
 237.477517     26.965  34.574855     7.6608     1.6711     26.738    33.5577    26.1908 -9.990e-29
 237.477523     26.940  34.574493     7.6608     1.6697     26.713    33.5573    26.1905 -9.990e-29
 237.477529     26.919  34.573900     7.6606     1.6783     26.693    33.5569    26.1902 -9.990e-29
 237.477535     26.899  34.573535     7.6604     1.6627     26.673    33.5567    26.1901 -9.990e-29
 237.477541     26.868  34.573596     7.6606     1.6783     26.642    33.5566    26.1899 -9.990e-29
 237.477546     26.826  34.573731     7.6606     1.6654     26.600    33.5568    26.1901 -9.990e-29
 237.477552     26.781  34.573687     7.6605     1.6752     26.556    33.5568    26.1901 -9.990e-29
 237.477558     26.745  34.573533     7.6605     1.6807     26.520    33.5567    26.1900 -9.990e-29
 237.477564     26.715  34.573194     7.6605     1.6778     26.490    33.5563    26.1897 -9.990e-29
 237.477569     26.680  34.572902     7.6606     1.6806     26.456    33.5560    26.1894 -9.990e-29
 237.477575     26.634  34.572955     7.6605     1.6649     26.410    33.5561    26.1896 -9.990e-29
 237.477581     26.573  34.572991     7.6601     1.6722     26.350    33.5566    26.1900 -9.990e-29
 237.477587     26.491  34.572627     7.6598     1.6649     26.268    33.5565    26.1900 -9.990e-29
 237.477593     26.372  34.572061     7.6600     1.6748     26.150    33.5558    26.1894 -9.990e-29
 237.477598     26.206  34.571785     7.6605     1.6804     25.986    33.5551    26.1887 0.0000e+00
 237.477604     25.986  34.572120     7.6611     1.6774     25.767    33.5550    26.1886 0.0000e+00
 237.477610     25.719  34.572519     7.6614     1.6902     25.503    33.5552    26.1887 0.0000e+00
 237.477616     25.427  34.572522     7.6615     1.6673     25.213    33.5553    26.1887 0.0000e+00
 237.477622     25.130  34.572265     7.6615     1.6716     24.919    33.5551    26.1886 0.0000e+00
 237.477627     24.843  34.571534     7.6613     1.6615     24.634    33.5547    26.1883 0.0000e+00
 237.477633     24.574  34.570604     7.6608     1.6685     24.367    33.5543    26.1881 0.0000e+00
 237.477639     24.310  34.570044     7.6607     1.6798     24.106    33.5539    26.1878 0.0000e+00
 237.477645     24.030  34.569792     7.6609     1.6670     23.828    33.5536    26.1875 0.0000e+00
 237.477650     23.724  34.569641     7.6611     1.6869     23.525    33.5534    26.1873 0.0000e+00
 237.477656     23.395  34.569518     7.6615     1.6767     23.198    33.5530    26.1869 0.0000e+00
 237.477662     23.057  34.569386     7.6619     1.6767     22.863    33.5526    26.1866 0.0000e+00
 237.477668     22.720  34.569200     7.6619     1.6865     22.529    33.5526    26.1865 0.0000e+00
 237.477674     22.383  34.568840     7.6619     1.6707     22.195    33.5524    26.1864 0.0000e+00
 237.477679     22.039  34.568515     7.6623     1.6834     21.854    33.5518    26.1858 0.0000e+00
 237.477685     21.694  34.568481     7.6627     1.6734     21.512    33.5515    26.1856 0.0000e+00
 237.477691     21.350  34.568260     7.6624     1.6877     21.171    33.5518    26.1858 0.0000e+00
 237.477697     21.007  34.567687     7.6618     1.6860     20.831    33.5519    26.1860 0.0000e+00
 237.477703     20.657  34.567246     7.6618     1.6900     20.484    33.5516    26.1857 0.0000e+00
 237.477708     20.290  34.567036     7.6622     1.7025     20.120    33.5511    26.1853 0.0000e+00
 237.477714     19.908  34.566905     7.6625     1.6866     19.741    33.5509    26.1851 0.0000e+00
 237.477720     19.522  34.566807     7.6631     1.7063     19.358    33.5504    26.1846 0.0000e+00
 237.477726     19.136  34.566740     7.6640     1.7029     18.975    33.5496    26.1839 0.0000e+00
 237.477731     18.757  34.566747     7.6650     1.7193     18.600    33.5489    26.1831 0.0000e+00
 237.477737     18.389  34.566965     7.6662     1.7342     18.235    33.5481    26.1823 0.0000e+00
 237.477743     18.032  34.567253     7.6679     1.7353     17.881    33.5470    26.1812 0.0000e+00
 237.477749     17.676  34.567564     7.6708     1.7717     17.528    33.5447    26.1790 0.0000e+00
 237.477755     17.309  34.568441     7.6757     1.7785     17.164    33.5411    26.1754 0.0000e+00
 237.477760     16.932  34.570063     7.6818     1.8123     16.790    33.5371    26.1714 0.0000e+00
 237.477766     16.540  34.572480     7.6881     1.8362     16.401    33.5338    26.1679 0.0000e+00
 237.477772     16.131  34.575687     7.6958     1.8584     15.996    33.5301    26.1639 0.0000e+00
 237.477778     15.705  34.579050     7.7068     1.8913     15.573    33.5233    26.1570 0.0000e+00
 237.477784     15.259  34.582704     7.7198     1.8870     15.131    33.5149    26.1485 0.0000e+00
 237.477789     14.796  34.587173     7.7316     1.8998     14.672    33.5086    26.1418 0.0000e+00
 237.477795     14.325  34.591827     7.7412     1.8933     14.205    33.5046    26.1373 0.0000e+00
 237.477801     13.858  34.596285     7.7491     1.9016     13.742    33.5020    26.1341 0.0000e+00
 237.477807     13.405  34.601585     7.7563     1.9224     13.293    33.5010    26.1323 0.0000e+00
 237.477813     12.966  34.608207     7.7645     1.9795     12.857    33.5004    26.1307 0.0000e+00
 237.477818     12.536  34.614474     7.7758     2.1067     12.431    33.4965    26.1259 0.0000e+00
 237.477824     12.099  34.618793     7.7959     2.3187     11.998    33.4820    26.1117 0.0000e+00
 237.477830     11.649  34.625932     7.8380     2.6310     11.551    33.4495    26.0800 0.0000e+00
 237.477836     11.196  34.644422     7.9083     3.0182     11.102    33.4022    26.0326 0.0000e+00
 237.477841     10.742  34.684492     8.0072     3.4481     10.652    33.3508    25.9778 0.0000e+00
 237.477847     10.279  34.754916     8.1494     3.8923     10.193    33.2908    25.9098 0.0000e+00
 237.477853      9.808  34.838325     8.3627     4.3426      9.726    33.1776    25.7892 0.0000e+00
 237.477859      9.333  34.932425     8.6447     4.8486      9.255    33.0123    25.6170 0.0000e+00
 237.477865      8.857  35.068216     8.9363     5.4449      8.783    32.8833    25.4710 0.0000e+00
