data/oxygen options/ONMS/Olympic_Coast_National_Marine_Sanctuary_CTD_Data_2005_2023/raw_data/2011/CAST_MB015_060811faed.cnv
* Sea-Bird SBE19 Data File:
* FileName = C:\Documents and Settings\OCNMS\Desktop\2011 mooring data\first service\CAST_MB015_060811.hex
* Software Version 1.24
* Temperature SN = 2997
* Conductivity SN = 2997
* System UpLoad Time = Jun 08 2011 17:26:07
** CAST_MB015_060811
* SEACAT PROFILER V3.1c SN 2997   06/08/11  17:25:17.190
# nquan = 9                                 
# nvalues = 584                         
# units = specified
# name 0 = timeJ: Julian Days
# name 1 = prSM: Pressure, Strain Gauge [db]
# name 2 = c0mS/cm: Conductivity [mS/cm]
# name 3 = t090C: Temperature [ITS-90, deg C]
# name 4 = sbeox0ML/L: Oxygen, SBE 43 [ml/l]
# name 5 = depSM: Depth [salt water, m], lat = 47.5
# name 6 = sal00: Salinity, Practical [PSU]
# name 7 = sigma-é00: Density [sigma-theta, kg/m^3]
# name 8 = flag: flag
# span 0 = 159.450069, 159.453443       
# span 1 =     -5.729,     16.900       
# span 2 =   0.000863,  35.047521       
# span 3 =     9.0620,    13.6726       
# span 4 =    -2.0574,    15.6684       
# span 5 =     -5.681,     16.758       
# span 6 =     0.0071,    32.1101       
# span 7 =    -0.7037,    24.8445       
# span 8 = 0.0000e+00, 0.0000e+00       
# interval = seconds: 0.5
# start_time = Jun 08 2011 10:48:06 [Instrument's time stamp, header]
# bad_flag = -9.990e-29
*END*
[from data line 321]
 159.451927      7.115  34.890243    12.5046     6.1227      7.055    29.6579    22.3517 0.0000e+00
 159.451933      7.347  34.880337    12.4386     5.9572      7.286    29.7005    22.3969 0.0000e+00
 159.451939      7.577  34.879545    12.3739     5.7375      7.514    29.7509    22.4479 0.0000e+00
 159.451944      7.810  34.870516    12.3004     5.5919      7.745    29.8006    22.4999 0.0000e+00
 159.451950      8.050  34.857970    12.2298     5.4912      7.983    29.8447    22.5470 0.0000e+00
 159.451956      8.293  34.859296    12.1647     5.4602      8.224    29.8978    22.6001 0.0000e+00
 159.451962      8.539  34.872848    12.0781     5.4362      8.468    29.9799    22.6795 0.0000e+00
 159.451968      8.786  34.879117    11.9396     5.3502      8.712    30.0973    22.7956 0.0000e+00
 159.451973      9.032  34.869054    11.7522     5.3059      8.956    30.2393    22.9395 0.0000e+00
 159.451979      9.277  34.851593    11.5676     5.2784      9.199    30.3731    23.0762 0.0000e+00
 159.451985      9.517  34.835879    11.4506     5.2597      9.437    30.4538    23.1596 0.0000e+00
 159.451991      9.753  34.832251    11.3871     5.2436      9.671    30.5026    23.2086 0.0000e+00
 159.451997      9.985  34.838035    11.2950     5.2277      9.901    30.5843    23.2882 0.0000e+00
 159.452002     10.224  34.828403    11.1092     5.1994     10.138    30.7293    23.4334 0.0000e+00
 159.452008     10.481  34.792152    10.8304     5.1631     10.393    30.9277    23.6357 0.0000e+00
 159.452014     10.751  34.741394    10.5509     5.1326     10.661    31.1145    23.8285 0.0000e+00
 159.452020     11.017  34.692957    10.3571     5.0869     10.925    31.2321    23.9526 0.0000e+00
 159.452025     11.270  34.656658    10.2074     5.0502     11.176    31.3246    24.0496 0.0000e+00
 159.452031     11.513  34.627695    10.0366     4.9948     11.417    31.4434    24.1703 0.0000e+00
 159.452037     11.754  34.600991     9.8732     4.9457     11.656    31.5588    24.2870 0.0000e+00
 159.452043     11.994  34.580091     9.7538     4.9083     11.894    31.6422    24.3715 0.0000e+00
 159.452049     12.232  34.566187     9.6766     4.8436     12.130    31.6959    24.4258 0.0000e+00
 159.452054     12.465  34.558593     9.6375     4.8121     12.361    31.7226    24.4529 0.0000e+00
 159.452060     12.692  34.561690     9.6229     4.7640     12.586    31.7386    24.4677 0.0000e+00
 159.452066     12.914  34.572274     9.6004     4.7331     12.806    31.7691    24.4952 0.0000e+00
 159.452072     13.141  34.566888     9.5459     4.7334     13.031    31.8118    24.5373 0.0000e+00
 159.452078     13.383  34.538873     9.4647     4.6928     13.271    31.8552    24.5841 0.0000e+00
 159.452083     13.643  34.510205     9.3744     4.6684     13.529    31.9061    24.6381 0.0000e+00
 159.452089     13.915  34.487979     9.2914     4.6437     13.798    31.9573    24.6912 0.0000e+00
 159.452095     14.186  34.468270     9.2370     4.6088     14.067    31.9856    24.7219 0.0000e+00
 159.452101     14.446  34.454429     9.2138     4.6008     14.325    31.9920    24.7305 0.0000e+00
 159.452106     14.687  34.446429     9.2018     4.5858     14.564    31.9944    24.7343 0.0000e+00
 159.452112     14.909  34.442514     9.1883     4.5680     14.784    32.0024    24.7426 0.0000e+00
 159.452118     15.112  34.444147     9.1703     4.5568     14.985    32.0201    24.7593 0.0000e+00
 159.452124     15.306  34.448423     9.1507     4.5378     15.178    32.0420    24.7795 0.0000e+00
 159.452130     15.499  34.446442     9.1345     4.4999     15.369    32.0545    24.7918 0.0000e+00
 159.452135     15.689  34.437199     9.1210     4.4929     15.557    32.0570    24.7959 0.0000e+00
 159.452141     15.876  34.429053     9.1088     4.4639     15.743    32.0595    24.7997 0.0000e+00
 159.452147     16.064  34.424542     9.0977     4.4510     15.929    32.0647    24.8055 0.0000e+00
 159.452153     16.247  34.420411     9.0845     4.4514     16.111    32.0722    24.8135 0.0000e+00
 159.452159     16.415  34.416152     9.0701     4.4427     16.277    32.0807    24.8224 0.0000e+00
 159.452164     16.566  34.413326     9.0620     4.4538     16.427    32.0850    24.8270 0.0000e+00
 159.452170     16.697  34.412603     9.0647     4.4631     16.557    32.0818    24.8240 -9.990e-29
 159.452176     16.800  34.415776     9.0739     4.4612     16.659    32.0768    24.8187 -9.990e-29
 159.452182     16.867  34.424617     9.0827     4.4625     16.726    32.0779    24.8182 -9.990e-29
 159.452188     16.900  34.436335     9.0871     4.4395     16.758    32.0861    24.8239 -9.990e-29
 159.452193     16.899  34.445632     9.0871     4.4466     16.757    32.0957    24.8314 -9.990e-29
 159.452199     16.869  34.448651     9.0850     4.4572     16.728    32.1007    24.8357 -9.990e-29
 159.452205     16.813  34.446424     9.0821     4.4649     16.672    32.1011    24.8364 -9.990e-29
 159.452211     16.727  34.446062     9.0786     4.4812     16.587    32.1039    24.8391 -9.990e-29
 159.452216     16.610  34.449320     9.0760     4.4744     16.471    32.1096    24.8441 -9.990e-29
 159.452222     16.467  34.448779     9.0750     4.4783     16.329    32.1101    24.8445 0.0000e+00
 159.452228     16.306  34.443714     9.0749     4.4834     16.169    32.1050    24.8406 0.0000e+00
 159.452234     16.130  34.439135     9.0779     4.4946     15.995    32.0976    24.8343 0.0000e+00
 159.452240     15.945  34.437337     9.0851     4.5302     15.811    32.0893    24.8268 0.0000e+00
 159.452245     15.760  34.437601     9.0932     4.5652     15.628    32.0824    24.8201 0.0000e+00
 159.452251     15.577  34.437480     9.1012     4.6057     15.446    32.0752    24.8131 0.0000e+00
 159.452257     15.396  34.437932     9.1114     4.6289     15.267    32.0665    24.8048 0.0000e+00
 159.452263     15.224  34.440121     9.1240     4.6313     15.096    32.0575    24.7958 0.0000e+00
 159.452269     15.071  34.441924     9.1367     4.6478     14.945    32.0480    24.7864 -9.990e-29
 159.452274     14.949  34.439027     9.1474     4.6587     14.824    32.0355    24.7749 -9.990e-29
 159.452280     14.857  34.432049     9.1551     4.6756     14.732    32.0214    24.7627 -9.990e-29
 159.452286     14.788  34.427931     9.1611     4.6928     14.664    32.0118    24.7542 -9.990e-29
 159.452292     14.726  34.429022     9.1679     4.6832     14.603    32.0068    24.7493 -9.990e-29
 159.452297     14.669  34.432295     9.1794     4.6825     14.546    31.9999    24.7421 -9.990e-29
 159.452303     14.621  34.435393     9.1972     4.6842     14.498    31.9872    24.7294 -9.990e-29
 159.452309     14.583  34.437964     9.2156     4.6614     14.461    31.9733    24.7157 -9.990e-29
 159.452315     14.558  34.439517     9.2275     4.6574     14.436    31.9643    24.7067 -9.990e-29
 159.452321     14.548  34.439882     9.2305     4.6264     14.426    31.9620    24.7045 -9.990e-29
 159.452326     14.553  34.440108     9.2253     4.6134     14.431    31.9669    24.7091 -9.990e-29
 159.452332     14.572  34.438817     9.2128     4.6062     14.450    31.9767    24.7188 -9.990e-29
 159.452338     14.603  34.433726     9.1961     4.5837     14.481    31.9864    24.7290 -9.990e-29
 159.452344     14.638  34.427567     9.1799     4.5868     14.515    31.9946    24.7379 -9.990e-29
 159.452350     14.673  34.423884     9.1673     4.5779     14.550    32.0021    24.7457 -9.990e-29
 159.452355     14.705  34.422242     9.1602     4.5854     14.582    32.0067    24.7505 -9.990e-29
 159.452361     14.730  34.422129     9.1590     4.5869     14.607    32.0077    24.7514 -9.990e-29
 159.452367     14.744  34.423950     9.1599     4.5865     14.620    32.0088    24.7521 -9.990e-29
 159.452373     14.741  34.426208     9.1599     4.6016     14.617    32.0111    24.7539 -9.990e-29
 159.452378     14.723  34.427431     9.1607     4.6071     14.600    32.0116    24.7542 -9.990e-29
 159.452384     14.687  34.428690     9.1658     4.6123     14.564    32.0084    24.7509 -9.990e-29
 159.452390     14.640  34.431102     9.1785     4.6095     14.517    31.9995    24.7419 -9.990e-29
 159.452396     14.601  34.433958     9.1979     4.6032     14.479    31.9851    24.7276 -9.990e-29
 159.452402     14.584  34.436029     9.2160     4.6122     14.462    31.9710    24.7138 -9.990e-29
 159.452407     14.587  34.436717     9.2249     4.6061     14.465    31.9637    24.7067 -9.990e-29
 159.452413     14.604  34.435820     9.2263     4.6048     14.482    31.9615    24.7048 -9.990e-29
 159.452419     14.626  34.435504     9.2256     4.6130     14.503    31.9618    24.7051 -9.990e-29
 159.452425     14.645  34.437028     9.2232     4.5940     14.522    31.9655    24.7084 -9.990e-29
 159.452431     14.660  34.437378     9.2201     4.6040     14.537    31.9687    24.7113 -9.990e-29
 159.452436     14.670  34.436459     9.2194     4.5861     14.547    31.9683    24.7112 -9.990e-29
 159.452442     14.677  34.436967     9.2224     4.5619     14.554    31.9662    24.7090 -9.990e-29
 159.452448     14.676  34.438454     9.2272     4.5644     14.553    31.9634    24.7061 -9.990e-29
 159.452454     14.668  34.439541     9.2295     4.5552     14.545    31.9625    24.7050 -9.990e-29
 159.452459     14.666  34.439434     9.2257     4.5586     14.543    31.9658    24.7082 -9.990e-29
 159.452465     14.672  34.436872     9.2157     4.5574     14.549    31.9721    24.7147 -9.990e-29
 159.452471     14.679  34.432919     9.2050     4.5392     14.556    31.9776    24.7207 -9.990e-29
 159.452477     14.684  34.431262     9.1981     4.5418     14.561    31.9821    24.7252 -9.990e-29
 159.452483     14.685  34.431930     9.1928     4.5206     14.562    31.9875    24.7303 -9.990e-29
 159.452488     14.688  34.431329     9.1890     4.5230     14.565    31.9903    24.7331 -9.990e-29
 159.452494     14.698  34.429216     9.1881     4.5148     14.575    31.9889    24.7322 -9.990e-29
 159.452500     14.710  34.427252     9.1876     4.4993     14.587    31.9873    24.7310 -9.990e-29
 159.452506     14.721  34.426176     9.1863     4.5104     14.598    31.9874    24.7312 -9.990e-29
 159.452512     14.732  34.426791     9.1845     4.4872     14.609    31.9896    24.7333 -9.990e-29
 159.452517     14.744  34.428236     9.1821     4.5040     14.620    31.9933    24.7365 -9.990e-29
 159.452523     14.757  34.428514     9.1800     4.4785     14.633    31.9954    24.7385 -9.990e-29
 159.452529     14.767  34.427436     9.1798     4.4944     14.643    31.9945    24.7378 -9.990e-29
 159.452535     14.767  34.426920     9.1813     4.5026     14.643    31.9926    24.7361 -9.990e-29
 159.452541     14.757  34.427958     9.1819     4.4960     14.633    31.9931    24.7364 -9.990e-29
 159.452546     14.749  34.429131     9.1803     4.5075     14.625    31.9958    24.7388 -9.990e-29
 159.452552     14.756  34.428640     9.1771     4.4904     14.632    31.9982    24.7411 -9.990e-29
 159.452558     14.777  34.426392     9.1740     4.4855     14.653    31.9986    24.7419 -9.990e-29
 159.452564     14.797  34.424427     9.1732     4.4969     14.673    31.9973    24.7410 -9.990e-29
 159.452569     14.801  34.424602     9.1758     4.4829     14.677    31.9951    24.7389 -9.990e-29
 159.452575     14.788  34.426589     9.1807     4.5068     14.664    31.9928    24.7364 -9.990e-29
 159.452581     14.766  34.428555     9.1856     4.5072     14.642    31.9904    24.7337 -9.990e-29
 159.452587     14.742  34.429200     9.1895     4.4945     14.618    31.9876    24.7309 -9.990e-29
 159.452593     14.724  34.428822     9.1942     4.5058     14.601    31.9830    24.7266 -9.990e-29
 159.452598     14.714  34.428597     9.2003     4.4798     14.591    31.9773    24.7212 -9.990e-29
 159.452604     14.713  34.429346     9.2064     4.4820     14.590    31.9726    24.7166 -9.990e-29
 159.452610     14.723  34.430946     9.2124     4.4747     14.600    31.9689    24.7127 -9.990e-29
 159.452616     14.750  34.432731     9.2178     4.4717     14.626    31.9659    24.7095 -9.990e-29
 159.452622     14.792  34.433158     9.2161     4.4815     14.668    31.9678    24.7113 -9.990e-29
 159.452627     14.839  34.430555     9.2034     4.4833     14.715    31.9765    24.7201 -9.990e-29
 159.452633     14.875  34.425931     9.1902     4.4977     14.750    31.9836    24.7276 -9.990e-29
 159.452639     14.891  34.423199     9.1875     4.4925     14.766    31.9832    24.7278 -9.990e-29
 159.452645     14.883  34.424311     9.1946     4.5009     14.758    31.9779    24.7226 -9.990e-29
 159.452650     14.855  34.427387     9.2063     4.5026     14.730    31.9706    24.7150 -9.990e-29
 159.452656     14.818  34.430365     9.2166     4.5002     14.694    31.9645    24.7086 -9.990e-29
 159.452662     14.783  34.432175     9.2238     4.5018     14.659    31.9599    24.7039 -9.990e-29
 159.452668     14.752  34.432993     9.2294     4.4860     14.628    31.9558    24.6998 -9.990e-29
 159.452674     14.723  34.433907     9.2340     4.4737     14.600    31.9526    24.6966 -9.990e-29
 159.452679     14.697  34.435017     9.2370     4.4622     14.574    31.9511    24.6949 -9.990e-29
 159.452685     14.687  34.435563     9.2345     4.4537     14.564    31.9539    24.6975 -9.990e-29
 159.452691     14.704  34.434591     9.2250     4.4685     14.581    31.9614    24.7049 -9.990e-29
 159.452697     14.750  34.431926     9.2117     4.4691     14.626    31.9705    24.7141 -9.990e-29
 159.452703     14.807  34.428492     9.1999     4.4838     14.683    31.9775    24.7214 -9.990e-29
 159.452708     14.847  34.425866     9.1955     4.4874     14.723    31.9788    24.7231 -9.990e-29
 159.452714     14.861  34.425582     9.1996     4.4840     14.736    31.9748    24.7193 -9.990e-29
 159.452720     14.853  34.427258     9.2068     4.4856     14.729    31.9701    24.7145 -9.990e-29
 159.452726     14.836  34.429204     9.2110     4.4704     14.712    31.9683    24.7125 -9.990e-29
 159.452731     14.822  34.430096     9.2098     4.4856     14.698    31.9703    24.7142 -9.990e-29
 159.452737     14.814  34.429443     9.2058     4.4719     14.690    31.9732    24.7171 -9.990e-29
 159.452743     14.812  34.428056     9.2033     4.4800     14.688    31.9740    24.7182 -9.990e-29
 159.452749     14.811  34.427441     9.2036     4.4840     14.687    31.9731    24.7174 -9.990e-29
 159.452755     14.803  34.427898     9.2071     4.4894     14.679    31.9705    24.7148 -9.990e-29
 159.452760     14.782  34.428913     9.2151     4.5200     14.658    31.9644    24.7087 -9.990e-29
 159.452766     14.753  34.430716     9.2253     4.5025     14.629    31.9571    24.7015 -9.990e-29
 159.452772     14.725  34.432911     9.2353     4.5051     14.602    31.9504    24.6947 -9.990e-29
 159.452778     14.710  34.435064     9.2447     4.4790     14.587    31.9442    24.6884 -9.990e-29
 159.452784     14.711  34.437806     9.2522     4.4599     14.588    31.9403    24.6842 -9.990e-29
 159.452789     14.729  34.439752     9.2533     4.4755     14.606    31.9414    24.6848 -9.990e-29
 159.452795     14.759  34.438455     9.2453     4.4571     14.635    31.9472    24.6906 -9.990e-29
 159.452801     14.796  34.434427     9.2316     4.4622     14.672    31.9553    24.6990 -9.990e-29
 159.452807     14.837  34.429576     9.2158     4.4435     14.713    31.9644    24.7087 -9.990e-29
 159.452812     14.882  34.425274     9.1999     4.4375     14.757    31.9742    24.7188 -9.990e-29
 159.452818     14.923  34.422499     9.1860     4.4374     14.798    31.9838    24.7285 -9.990e-29
 159.452824     14.956  34.420348     9.1752     4.4297     14.831    31.9912    24.7360 -9.990e-29
 159.452830     14.973  34.418189     9.1670     4.4471     14.847    31.9963    24.7413 -9.990e-29
 159.452836     14.972  34.417619     9.1608     4.4529     14.847    32.0013    24.7461 -9.990e-29
 159.452841     14.952  34.418435     9.1615     4.4821     14.827    32.0015    24.7462 -9.990e-29
