data/oxygen options/ONMS/Olympic_Coast_National_Marine_Sanctuary_CTD_Data_2005_2023/raw_data/2011/CAST_CA015_072211faed.cnv
* Sea-Bird SBE19 Data File:
* FileName = C:\Documents and Settings\OCNMS\Desktop\2011 mooring data\2nd service\CAST_CA015_072211.hex
* Software Version 1.24
* Temperature SN = 2997
* Conductivity SN = 2997
* System UpLoad Time = Jul 22 2011 15:53:08
** CAST_CA015_072211
* SEACAT PROFILER V3.1c SN 2997   07/22/11  15:52:42.037
# nquan = 9                                 
# nvalues = 566                         
# units = specified
# name 0 = timeJ: Julian Days
# name 1 = prSM: Pressure, Strain Gauge [db]
# name 2 = c0mS/cm: Conductivity [mS/cm]
# name 3 = t090C: Temperature [ITS-90, deg C]
# name 4 = sbeox0ML/L: Oxygen, SBE 43 [ml/l]
# name 5 = depSM: Depth [salt water, m], lat = 47.5
# name 6 = sal00: Salinity, Practical [PSU]
# name 7 = sigma-é00: Density [sigma-theta, kg/m^3]
# name 8 = flag: flag
# span 0 = 203.600833, 203.604103       
# span 1 =     -5.724,     15.023       
# span 2 =   0.697640,  39.039808       
# span 3 =     8.8042,    14.9693       
# span 4 =    -2.0070,    15.2559       
# span 5 =     -5.676,     14.897       
# span 6 =     0.4287,    33.0371       
# span 7 =    -0.5362,    25.5971       
# span 8 = 0.0000e+00, 0.0000e+00       
# interval = seconds: 0.5
# start_time = Jul 22 2011 14:25:12 [Instrument's time stamp, header]
# bad_flag = -9.990e-29
*END*
[from data line 481]
 203.603617     13.630  35.310596     9.2688     3.7019     13.516    32.8258    25.3738 -9.990e-29
 203.603623     13.643  35.318107     9.2638     3.7597     13.529    32.8381    25.3843 -9.990e-29
 203.603628     13.656  35.314606     9.2460     3.8364     13.542    32.8509    25.3971 -9.990e-29
 203.603634     13.666  35.303279     9.2275     3.8993     13.551    32.8562    25.4042 -9.990e-29
 203.603640     13.664  35.304870     9.2407     3.9333     13.550    32.8457    25.3939 -9.990e-29
 203.603646     13.646  35.320946     9.3086     3.9353     13.532    32.7999    25.3472 -9.990e-29
 203.603652     13.615  35.350541     9.4025     3.8926     13.501    32.7443    25.2888 -9.990e-29
 203.603657     13.582  35.391677     9.4761     3.8339     13.468    32.7194    25.2575 -9.990e-29
 203.603663     13.558  35.438182     9.5213     3.7840     13.444    32.7259    25.2553 -9.990e-29
 203.603669     13.545  35.479287     9.5378     3.7602     13.432    32.7530    25.2738 -9.990e-29
 203.603675     13.543  35.486378     9.5066     3.7578     13.430    32.7888    25.3068 -9.990e-29
 203.603681     13.547  35.446518     9.4294     3.7477     13.433    32.8185    25.3425 -9.990e-29
 203.603686     13.545  35.387760     9.3574     3.7284     13.432    32.8241    25.3583 -9.990e-29
 203.603692     13.523  35.353264     9.3393     3.7127     13.410    32.8051    25.3464 -9.990e-29
 203.603698     13.481  35.357493     9.3634     3.7110     13.368    32.7874    25.3287 -9.990e-29
 203.603704     13.428  35.375831     9.3865     3.7148     13.315    32.7851    25.3232 -9.990e-29
 203.603709     13.375  35.392412     9.3745     3.7663     13.263    32.8132    25.3471 -9.990e-29
 203.603715     13.317  35.386235     9.3266     3.8452     13.205    32.8509    25.3842 -9.990e-29
 203.603721     13.238  35.346274     9.2924     3.9459     13.127    32.8411    25.3820 -9.990e-29
 203.603727     13.120  35.326194     9.3192     4.0946     13.010    32.7958    25.3424 -9.990e-29
 203.603733     12.956  35.352405     9.4030     4.2591     12.847    32.7461    25.2901 0.0000e+00
 203.603738     12.748  35.398249     9.5155     4.4769     12.641    32.6905    25.2286 0.0000e+00
 203.603744     12.500  35.452622     9.6421     4.6895     12.395    32.6311    25.1617 0.0000e+00
 203.603750     12.218  35.512446     9.7817     4.8810     12.116    32.5658    25.0879 0.0000e+00
 203.603756     11.914  35.574631     9.9372     5.0536     11.814    32.4888    25.0022 0.0000e+00
 203.603762     11.603  35.647076    10.1092     5.1765     11.506    32.4079    24.9105 0.0000e+00
 203.603767     11.294  35.749119    10.2947     5.3477     11.199    32.3452    24.8305 0.0000e+00
 203.603773     10.990  35.903167    10.4859     5.4892     10.898    32.3298    24.7861 0.0000e+00
 203.603779     10.684  36.076087    10.6582     5.6298     10.595    32.3498    24.7721 0.0000e+00
 203.603785     10.361  36.181502    10.8123     5.7661     10.274    32.3185    24.7211 0.0000e+00
 203.603791     10.010  36.230636    11.0058     5.8864      9.926    32.1970    24.5928 0.0000e+00
 203.603796      9.637  36.302469    11.2643     5.9644      9.556    32.0422    24.4267 0.0000e+00
 203.603802      9.258  36.412714    11.5275     6.0062      9.181    31.9224    24.2864 0.0000e+00
 203.603808      8.878  36.571746    11.7577     5.9902      8.804    31.8791    24.2110 0.0000e+00
 203.603814      8.499  36.778276    11.9583     5.8744      8.428    31.9071    24.1958 0.0000e+00
 203.603819      8.119  36.953206    12.1135     5.7787      8.051    31.9429    24.1949 0.0000e+00
 203.603825      7.734  37.032971    12.2532     5.7326      7.669    31.9004    24.1358 0.0000e+00
 203.603831      7.347  37.068512    12.4160     5.7280      7.286    31.7963    24.0244 0.0000e+00
 203.603837      6.957  37.135246    12.5682     5.7700      6.899    31.7314    23.9452 0.0000e+00
 203.603843      6.570  37.237594    12.6835     5.8646      6.515    31.7315    23.9233 0.0000e+00
 203.603848      6.192  37.351866    12.7769     6.0055      6.140    31.7613    23.9284 0.0000e+00
 203.603854      5.816  37.440576    12.8604     6.1684      5.767    31.7751    23.9230 0.0000e+00
 203.603860      5.425  37.484233    12.9808     6.3193      5.380    31.7154    23.8535 0.0000e+00
 203.603866      5.014  37.536579    13.1740     6.4406      4.972    31.6035    23.7291 0.0000e+00
 203.603872      4.589  37.639972    13.3712     6.5359      4.551    31.5366    23.6386 0.0000e+00
 203.603877      4.167  37.767606    13.5115     6.5612      4.132    31.5396    23.6131 0.0000e+00
 203.603883      3.755  37.891412    13.6184     6.5274      3.724    31.5664    23.6124 0.0000e+00
 203.603889      3.352  37.995577    13.7064     6.4649      3.324    31.5905    23.6133 0.0000e+00
 203.603895      2.963  38.049838    13.7712     6.3970      2.938    31.5874    23.5979 0.0000e+00
 203.603900      2.594  38.063265    13.8351     6.2432      2.572    31.5473    23.5540 0.0000e+00
 203.603906      2.246  38.092989    13.9137     6.0383      2.227    31.5104    23.5095 0.0000e+00
 203.603912      1.918  38.176973    14.0066     5.7673      1.902    31.5116    23.4916 0.0000e+00
 203.603918      1.607  38.297241    14.1167     5.5520      1.594    31.5320    23.4847 0.0000e+00
 203.603924      1.315  38.383370    14.2437     5.4433      1.304    31.5072    23.4395 0.0000e+00
 203.603929      1.045  38.439298    14.3797     6.3758      1.036    31.4476    23.3654 0.0000e+00
 203.603935      0.800  38.517768    14.4963     6.5602      0.793    31.4244    23.3233 0.0000e+00
 203.603941      0.587  38.611390    14.5580     6.5631      0.582    31.4595    23.3374 0.0000e+00
 203.603947      0.404  38.678078    14.5486     6.4975      0.401    31.5277    23.3920 0.0000e+00
 203.603953      0.254  38.668398    14.4857     6.4057      0.252    31.5701    23.4378 -9.990e-29
 203.603958      0.134  38.588507    14.4016     6.3425      0.133    31.5660    23.4521 -9.990e-29
 203.603964      0.039  38.433279    14.3139     6.2898      0.039    31.4960    23.4163 -9.990e-29
 203.603970     -0.040  38.104971    14.2319     6.3069     -0.040    31.2630    23.2536 -9.990e-29
 203.603976     -0.105  37.284027    14.1622     6.3407     -0.104    30.5699    22.7334 -9.990e-29
 203.603981     -0.158  34.950344    14.1054     6.3675     -0.157    28.4950    21.1455 -9.990e-29
 203.603987     -0.198  28.053955    14.0589     6.3938     -0.196    22.3810    16.4487 -9.990e-29
 203.603993     -0.227  17.330128    14.0201     6.4056     -0.225    13.2305     9.4268 -9.990e-29
 203.603999     -0.246   9.555641    13.9865     6.4232     -0.244     6.9539     4.6119 -9.990e-29
 203.604005     -0.258   6.655169    13.9565     6.3870     -0.256     4.7193     2.8976 -9.990e-29
 203.604010     -0.262   5.576015    13.9287     6.3880     -0.260     3.9085     2.2774 -9.990e-29
 203.604016     -0.260   4.764881    13.9021     6.4301     -0.258     3.3072     1.8179 -9.990e-29
 203.604022     -0.255   4.035850    13.8765     6.4211     -0.253     2.7732     1.4097 -9.990e-29
 203.604028     -0.255   3.504458    13.8498     6.3888     -0.253     2.3886     1.1167 -9.990e-29
 203.604034     -0.260   3.067099    13.8206     6.3449     -0.258     2.0754     0.8789 -9.990e-29
 203.604039     -0.263   2.729772    13.7925     6.3010     -0.261     1.8359     0.6978 -9.990e-29
 203.604045     -0.260   2.582961    13.7689     6.2583     -0.258     1.7327     0.6214 -9.990e-29
 203.604051     -0.249   2.676580    13.7494 -9.990e-29     -0.247     1.8001     0.6762 -9.990e-29
 203.604057     -0.234   2.990707    13.7335 -9.990e-29     -0.232     2.0252     0.8524 -9.990e-29
 203.604063     -0.224   3.572065    13.7209 -9.990e-29     -0.222     2.4457     1.1790 -9.990e-29
 203.604068     -0.222   4.327878    13.7103 -9.990e-29     -0.220     3.0000     1.6085 -9.990e-29
 203.604074     -0.227   4.683438    13.7016 -9.990e-29     -0.225     3.2638     1.8133 -9.990e-29
 203.604080     -0.240   4.440683    13.6951 -9.990e-29     -0.238     3.0845     1.6759 -9.990e-29
 203.604086     -0.258   3.981116    13.6890 -9.990e-29     -0.256     2.7465     1.4158 -9.990e-29
 203.604091     -0.273   3.513622    13.6830 -9.990e-29     -0.271     2.4056     1.1534 -9.990e-29
 203.604097     -0.281   3.090226    13.6803 -9.990e-29     -0.279     2.0995     0.9173 -9.990e-29
 203.604103     -0.284   2.790511 -9.990e-29 -9.990e-29     -0.282 -9.990e-29 -9.990e-29 -9.990e-29
