data/oxygen options/ONMS/Olympic_Coast_National_Marine_Sanctuary_CTD_Data_2005_2023/raw_data/2011/CAST_MB015_072011faed.cnv
* Sea-Bird SBE19 Data File:
* FileName = F:\Cast_MB015_072011.hex
* Software Version 1.59
* Temperature SN = 2997
* Conductivity SN = 2997
* System UpLoad Time = Jul 21 2011 00:33:47
* ds
* SEACAT PROFILER V3.1c SN 2997   07/20/11  17:32:55.677
# nquan = 9                                 
# nvalues = 468                         
# units = specified
# name 0 = timeJ: Julian Days
# name 1 = prSM: Pressure, Strain Gauge [db]
# name 2 = c0mS/cm: Conductivity [mS/cm]
# name 3 = t090C: Temperature [ITS-90, deg C]
# name 4 = sbeox0ML/L: Oxygen, SBE 43 [ml/l]
# name 5 = depSM: Depth [salt water, m], lat = 47.5
# name 6 = sal00: Salinity, Practical [PSU]
# name 7 = sigma-é00: Density [sigma-theta, kg/m^3]
# name 8 = flag: flag
# span 0 = 201.526887, 201.529589       
# span 1 =     -6.242,     16.535       
# span 2 =   0.282882,  38.225769       
# span 3 =    10.5594,    17.4161       
# span 4 =    -1.9060,    16.2668       
# span 5 =     -6.190,     16.396       
# span 6 =     0.1599,    32.3331       
# span 7 =    -1.1729,    24.7762       
# span 8 = 0.0000e+00, 0.0000e+00       
# interval = seconds: 0.5
# start_time = Jul 20 2011 12:38:43 [Instrument's time stamp, header]
# bad_flag = -9.990e-29
*END*
 201.526887     -6.242 -9.990e-29    17.4161    -1.9057     -6.190 -9.990e-29 -9.990e-29 -9.990e-29
 201.526892     -6.225   0.283634    17.4117    -1.9058     -6.173     0.1602    -1.1729 -9.990e-29
 201.526898     -6.203   0.283370    17.4055    -1.9059     -6.151     0.1601    -1.1719 -9.990e-29
 201.526904     -6.184   0.283131    17.3990    -1.9056     -6.132     0.1600    -1.1709 -9.990e-29
 201.526910     -6.174   0.283153    17.3925    -1.9057     -6.123     0.1600    -1.1697 -9.990e-29
 201.526916     -6.165   0.283096    17.3845    -1.9060     -6.114     0.1600    -1.1682 -9.990e-29
 201.526921     -6.147   0.282882    17.3760    -1.6264     -6.096     0.1599    -1.1668 -9.990e-29
 201.526927     -6.119   0.282966    17.3722    -1.6669     -6.068     0.1600    -1.1661 -9.990e-29
 201.526933     -6.080   0.284013    17.3748    -1.6977     -6.029     0.1606    -1.1661 -9.990e-29
 201.526939     -6.031   0.287602    17.3784    -1.7041     -5.981     0.1626    -1.1652 -9.990e-29
 201.526944     -5.977   0.298518    17.3775    -1.7024     -5.927     0.1689    -1.1602 -9.990e-29
 201.526950     -5.920   0.331316    17.3700    -1.7046     -5.871     0.1877    -1.1444 -9.990e-29
 201.526956     -5.856   0.429727    17.3448    -1.7060     -5.807     0.2448    -1.0959 -9.990e-29
 201.526962     -5.781   0.725518    17.2635    -1.7036     -5.733     0.4205    -0.9462 -9.990e-29
 201.526968     -5.691   1.614185    17.0190    -1.7047     -5.644     0.9740    -0.4778 -9.990e-29
 201.526973     -5.582   4.281168    16.3231    -1.7067     -5.535     2.7763     1.0254 -9.990e-29
 201.526979     -5.458  12.282447    15.1534    -1.7053     -5.413     8.8495     5.8758 -9.990e-29
 201.526985     -5.319  24.524508    14.0816    -1.7022     -5.275    19.2988    14.0756 -9.990e-29
 201.526991     -5.174  33.097874    13.4862    -1.7016     -5.131    27.2644    20.3174 -9.990e-29
 201.526997     -5.037  36.254292    13.2466    -1.7033     -4.995    30.3514    22.7468 -9.990e-29
 201.527002     -4.920  37.399665    13.1588    -1.7026     -4.879    31.4917    23.6454 -9.990e-29
 201.527008     -4.817  37.809064    13.1053    -1.7009     -4.777    31.9204    23.9875 -9.990e-29
 201.527014     -4.726  37.912987    13.0690    -1.6988     -4.687    32.0487    24.0939 -9.990e-29
 201.527020     -4.652  37.984443    13.0638    -1.7001     -4.613    32.1203    24.1503 -9.990e-29
 201.527025     -4.592  38.071115    13.0885    -1.7006     -4.554    32.1809    24.1924 -9.990e-29
 201.527031     -4.544  38.058388    13.1200    -1.7017     -4.506    32.1422    24.1562 -9.990e-29
 201.527037     -4.504  37.973562    13.1373    -1.7027     -4.466    32.0479    24.0798 -9.990e-29
 201.527043     -4.469  37.964010    13.1496    -1.7002     -4.432    32.0285    24.0624 -9.990e-29
 201.527049     -4.438  38.043912    13.1762    -1.6987     -4.401    32.0811    24.0979 -9.990e-29
 201.527054     -4.409  38.081233    13.2168    -1.6993     -4.372    32.0818    24.0904 -9.990e-29
 201.527060     -4.379  38.029985    13.2430    -1.7013     -4.342    32.0116    24.0310 -9.990e-29
 201.527066     -4.343  37.978131    13.2360    -1.7001     -4.307    31.9689    23.9993 -9.990e-29
 201.527072     -4.298  38.013394    13.2223    -1.6972     -4.262    32.0135    24.0365 -9.990e-29
 201.527078     -4.255  38.107208    13.2276    -1.6980     -4.220    32.0970    24.1000 -9.990e-29
 201.527083     -4.218  38.138799    13.2373    -1.6974     -4.183    32.1184    24.1147 -9.990e-29
 201.527089     -4.186  38.075257    13.2352    -1.6987     -4.151    32.0606    24.0704 -9.990e-29
 201.527095     -4.156  38.000475    13.2316    -1.6985     -4.121    31.9935    24.0192 -9.990e-29
 201.527101     -4.127  38.009121    13.2400    -1.6974     -4.093    31.9945    24.0183 -9.990e-29
 201.527106     -4.097  38.097063    13.2624    -1.6956     -4.063    32.0580    24.0630 -9.990e-29
 201.527112     -4.064  38.149145    13.2932    -1.6966     -4.030    32.0808    24.0746 -9.990e-29
 201.527118     -4.026  38.092573    13.3178    -1.6960     -3.992    32.0072    24.0127 -9.990e-29
 201.527124     -3.985  37.999249    13.3235    -1.6963     -3.952    31.9151    23.9404 -9.990e-29
 201.527130     -3.950  37.996813    13.3216    -1.6970     -3.917    31.9144    23.9403 -9.990e-29
 201.527135     -3.929  38.078125    13.3351    -1.6972     -3.896    31.9791    23.9876 -9.990e-29
 201.527141     -3.916  38.129831    13.3666    -1.6968     -3.883    32.0009    23.9982 -9.990e-29
 201.527147     -3.905  38.096556    13.4022    -1.6944     -3.872    31.9400    23.9440 -9.990e-29
 201.527153     -3.892  38.003972    13.4269    -1.6937     -3.860    31.8330    23.8564 -9.990e-29
 201.527159     -3.867  37.931977    13.4322    -1.6925     -3.835    31.7614    23.8001 -9.990e-29
 201.527164     -3.828  37.939192    13.4256    -1.6921     -3.796    31.7736    23.8108 -9.990e-29
 201.527170     -3.787  37.994944    13.4216    -1.6921     -3.755    31.8289    23.8543 -9.990e-29
 201.527176     -3.753  38.039731    13.4203    -1.6916     -3.722    31.8718    23.8877 -9.990e-29
 201.527182     -3.728  38.054320    13.4174    -1.6935     -3.697    31.8878    23.9007 -9.990e-29
 201.527188     -3.711  38.045304    13.4206    -1.6954     -3.680    31.8767    23.8915 -9.990e-29
 201.527193     -3.696  38.030373    13.4358    -1.6964     -3.665    31.8501    23.8679 -9.990e-29
 201.527199     -3.678  38.027168    13.4577    -1.6977     -3.647    31.8288    23.8470 -9.990e-29
 201.527205     -3.657  38.054405    13.4798    -1.6992     -3.627    31.8357    23.8480 -9.990e-29
 201.527211     -3.630  38.112583    13.4988    -1.6973     -3.600    31.8740    23.8738 -9.990e-29
 201.527216     -3.600  38.168403    13.5115    -1.6983     -3.570    31.9154    23.9032 -9.990e-29
 201.527222     -3.574  38.206149    13.5190    -1.6988     -3.544    31.9442    23.9240 -9.990e-29
 201.527228     -3.555  38.225769    13.5239    -1.6981     -3.525    31.9584    23.9340 -9.990e-29
 201.527234     -3.537  38.221522    13.5227    -1.6959     -3.508    31.9554    23.9319 -9.990e-29
 201.527240     -3.514  38.172649    13.5088    -1.6954     -3.485    31.9215    23.9085 -9.990e-29
 201.527245     -3.486  38.070023    13.4757    -1.6956     -3.457    31.8536    23.8627 -9.990e-29
 201.527251     -3.450  37.967263    13.4256    -1.6971     -3.421    31.7997    23.8309 -9.990e-29
 201.527257     -3.408  37.925085    13.3858    -1.6975     -3.380    31.7935    23.8341 -9.990e-29
 201.527263     -3.371  37.944399    13.3771    -1.6951     -3.343    31.8188    23.8553 -9.990e-29
 201.527269     -3.349  37.986002    13.3882    -1.6940     -3.321    31.8483    23.8760 -9.990e-29
 201.527274     -3.336  38.000646    13.4048    -1.6944     -3.308    31.8481    23.8725 -9.990e-29
 201.527280     -3.319  37.964196    13.4197    -1.6941     -3.291    31.8017    23.8337 -9.990e-29
 201.527286     -3.296  37.924413    13.4335    -1.6926     -3.269    31.7531    23.7934 -9.990e-29
 201.527292     -3.276  37.948136    13.4515    -1.6924     -3.249    31.7602    23.7953 -9.990e-29
 201.527297     -3.260  38.007097    13.4691    -1.6958     -3.233    31.8004    23.8229 -9.990e-29
 201.527303     -3.243  38.017514    13.4796    -1.6959     -3.216    31.8014    23.8215 -9.990e-29
 201.527309     -3.221  37.965301    13.4913    -1.6939     -3.194    31.7430    23.7741 -9.990e-29
 201.527315     -3.191  37.905767    13.5122    -1.6923     -3.164    31.6703    23.7137 -9.990e-29
 201.527321     -3.156  37.895096    13.5301    -1.6920     -3.130    31.6455    23.6910 -9.990e-29
 201.527326     -3.123  37.931406    13.5379    -1.6924     -3.097    31.6728    23.7105 -9.990e-29
 201.527332     -3.098  37.970731    13.5449    -1.6932     -3.072    31.7035    23.7328 -9.990e-29
 201.527338     -3.083  37.995522    13.5481    -1.6935     -3.057    31.7239    23.7479 -9.990e-29
 201.527344     -3.073  38.019257    13.5367    -1.6932     -3.047    31.7554    23.7746 -9.990e-29
 201.527350     -3.064  38.049526    13.5240    -1.6929     -3.038    31.7941    23.8070 -9.990e-29
 201.527355     -3.055  38.049424    13.5337    -1.6924     -3.030    31.7860    23.7988 -9.990e-29
 201.527361     -3.045  37.998675    13.5608    -1.6923     -3.020    31.7163    23.7395 -9.990e-29
 201.527367     -3.033  37.957888    13.5839    -1.6954     -3.008    31.6592    23.6908 -9.990e-29
 201.527373     -3.019  37.969602    13.5933    -1.6999     -2.994    31.6623    23.6913 -9.990e-29
 201.527378     -3.002  38.004100    13.5922    -1.7011     -2.977    31.6952    23.7170 -9.990e-29
 201.527384     -2.982  38.023400    13.5842    -1.7012     -2.957    31.7198    23.7376 -9.990e-29
 201.527390     -2.955  38.016857    13.5709    -1.6974     -2.930    31.7247    23.7440 -9.990e-29
 201.527396     -2.926  38.006573    13.5592    -1.6971     -2.902    31.7249    23.7465 -9.990e-29
 201.527402     -2.901  38.022548    13.5571    12.1930     -2.877    31.7415    23.7597 -9.990e-29
 201.527407     -2.882  38.056417    13.5591    16.1065     -2.858    31.7713    23.7824 -9.990e-29
 201.527413     -2.869  38.073830    13.5365    16.2668     -2.845    31.8062    23.8139 -9.990e-29
 201.527419     -2.856  38.059947    13.4659    13.1411     -2.832    31.8522    23.8635 -9.990e-29
 201.527425     -2.838  38.027090    13.3788     6.6966     -2.814    31.8943    23.9134 -9.990e-29
 201.527431     -2.814  37.995882    13.3308     7.0406     -2.791    31.9054    23.9315 -9.990e-29
 201.527436     -2.783  37.973447    13.3388     7.4609     -2.760    31.8777    23.9085 -9.990e-29
 201.527442     -2.747  37.954520    13.3797     7.6070     -2.724    31.8258    23.8603 -9.990e-29
 201.527448     -2.712  37.949162    13.4205     7.5875     -2.689    31.7868    23.8220 -9.990e-29
 201.527454     -2.684  37.950258    13.4468     7.5013     -2.662    31.7659    23.8006 -9.990e-29
 201.527459     -2.666  37.907777    13.4605     7.3994     -2.644    31.7149    23.7585 -9.990e-29
 201.527465     -2.657  37.828397    13.4707     7.3134     -2.635    31.6325    23.6928 -9.990e-29
 201.527471     -2.652  37.778244    13.4856     7.2510     -2.630    31.5735    23.6442 -9.990e-29
 201.527477     -2.646  37.771122    13.4983     7.2303     -2.624    31.5564    23.6285 -9.990e-29
 201.527483     -2.639  37.772358    13.4970     7.2045     -2.617    31.5586    23.6305 -9.990e-29
 201.527488     -2.626  37.748346    13.4805     7.1668     -2.604    31.5499    23.6270 -9.990e-29
 201.527494     -2.607  37.699581    13.4594     7.1392     -2.585    31.5220    23.6096 -9.990e-29
 201.527500     -2.589  37.664677    13.4483     7.1215     -2.567    31.4987    23.5938 -9.990e-29
 201.527506     -2.575  37.662080    13.4489     7.1265     -2.554    31.4958    23.5915 -9.990e-29
 201.527512     -2.563  37.674903    13.4454     7.1440     -2.542    31.5106    23.6036 -9.990e-29
 201.527517     -2.554  37.686666    13.4319     7.1438     -2.533    31.5327    23.6234 -9.990e-29
 201.527523     -2.547  37.684517    13.4156     7.1240     -2.526    31.5442    23.6355 -9.990e-29
 201.527529     -2.546  37.672895    13.4014     7.1119     -2.525    31.5451    23.6390 -9.990e-29
 201.527535     -2.554  37.677208    13.3943     7.0784     -2.533    31.5550    23.6480 -9.990e-29
 201.527541     -2.568  37.696509    13.3962     7.0640     -2.547    31.5714    23.6604 -9.990e-29
 201.527546     -2.584  37.708390    13.4018     7.0689     -2.562    31.5778    23.6642 -9.990e-29
 201.527552     -2.600  37.708556    13.4042     7.0855     -2.578    31.5760    23.6623 -9.990e-29
 201.527558     -2.608  37.704536    13.3931     7.1190     -2.586    31.5815    23.6688 -9.990e-29
 201.527564     -2.608  37.692115    13.3687     7.1449     -2.586    31.5901    23.6803 -9.990e-29
 201.527569     -2.609  37.669881    13.3512     7.1803     -2.587    31.5839    23.6789 -9.990e-29
 201.527575     -2.615  37.657493    13.3528     7.2134     -2.593    31.5710    23.6686 -9.990e-29
 201.527581     -2.627  37.664212    13.3687     7.2199     -2.605    31.5641    23.6602 -9.990e-29
 201.527587     -2.645  37.678856    13.3903     7.2316     -2.623    31.5599    23.6526 -9.990e-29
 201.527593     -2.666  37.692974    13.4087     7.2179     -2.644    31.5578    23.6474 -9.990e-29
 201.527598     -2.683  37.706378    13.4209     7.1897     -2.661    31.5602    23.6468 -9.990e-29
 201.527604     -2.693  37.719050    13.4295     7.1980     -2.671    31.5649    23.6487 -9.990e-29
 201.527610     -2.701  37.728310    13.4361     7.2020     -2.678    31.5680    23.6498 -9.990e-29
 201.527616     -2.711  37.735307    13.4423     7.2037     -2.688    31.5694    23.6497 -9.990e-29
 201.527622     -2.720  37.744870    13.4513     7.2042     -2.697    31.5709    23.6490 -9.990e-29
 201.527627     -2.724  37.756261    13.4629     7.1961     -2.701    31.5719    23.6475 -9.990e-29
 201.527633     -2.724  37.763340    13.4746     7.1756     -2.701    31.5688    23.6428 -9.990e-29
 201.527639     -2.719  37.765416    13.4841     7.1800     -2.696    31.5629    23.6363 -9.990e-29
 201.527645     -2.708  37.766334    13.4886     7.1781     -2.685    31.5600    23.6332 -9.990e-29
 201.527650     -2.697  37.767270    13.4881     7.1839     -2.675    31.5613    23.6343 -9.990e-29
 201.527656     -2.688  37.764944    13.4861     7.1963     -2.666    31.5608    23.6343 -9.990e-29
 201.527662     -2.676  37.753409    13.4833     7.1964     -2.654    31.5524    23.6283 -9.990e-29
 201.527668     -2.656  37.735717    13.4770     7.1890     -2.634    31.5411    23.6209 -9.990e-29
 201.527674     -2.627  37.725754    13.4675     7.1855     -2.605    31.5397    23.6217 -9.990e-29
 201.527679     -2.592  37.727552    13.4594     7.1923     -2.570    31.5480    23.6297 -9.990e-29
 201.527685     -2.557  37.735615    13.4552     7.1927     -2.536    31.5590    23.6391 -9.990e-29
 201.527691     -2.524  37.745523    13.4559     7.2088     -2.503    31.5676    23.6456 -9.990e-29
 201.527697     -2.490  37.751956    13.4631     7.2378     -2.469    31.5676    23.6442 -9.990e-29
 201.527703     -2.450  37.757282    13.4768     7.2368     -2.430    31.5612    23.6365 -9.990e-29
 201.527708     -2.397  37.767995    13.4959     7.2113     -2.377    31.5554    23.6282 -9.990e-29
 201.527714     -2.330  37.783770    13.5172     7.2015     -2.311    31.5524    23.6217 -9.990e-29
 201.527720     -2.256  37.803193    13.5296     7.1752     -2.237    31.5602    23.6252 -9.990e-29
 201.527726     -2.182  37.811790    13.5308     7.1596     -2.164    31.5672    23.6303 -9.990e-29
 201.527731     -2.115  37.801380    13.5335     7.1495     -2.097    31.5552    23.6206 -9.990e-29
 201.527737     -2.057  37.791638    13.5332     7.1113     -2.040    31.5464    23.6138 -9.990e-29
 201.527743     -2.003  37.785766    13.5167     7.0730     -1.986    31.5546    23.6234 -9.990e-29
 201.527749     -1.954  37.771408    13.4916     7.0373     -1.938    31.5620    23.6341 -9.990e-29
 201.527755     -1.916  37.748974    13.4810     7.0375     -1.900    31.5498    23.6269 -9.990e-29
 201.527760     -1.891  37.734985    13.4870     7.0918     -1.875    31.5319    23.6118 -9.990e-29
 201.527766     -1.872  37.735937    13.4814     7.1560     -1.856    31.5374    23.6172 -9.990e-29
 201.527772     -1.849  37.725607    13.4490     7.2161     -1.834    31.5545    23.6369 -9.990e-29
 201.527778     -1.823  37.691297    13.4131     7.2586     -1.808    31.5523    23.6422 -9.990e-29
 201.527784     -1.799  37.665063    13.4133     7.2770     -1.784    31.5277    23.6232 -9.990e-29
 201.527789     -1.779  37.681314    13.4534     7.3015     -1.764    31.5097    23.6013 -9.990e-29
 201.527795     -1.760  37.727494    13.5003     7.2962     -1.745    31.5139    23.5952 -9.990e-29
 201.527801     -1.734  37.774962    13.5347     7.2561     -1.720    31.5296    23.6005 -9.990e-29
 201.527807     -1.705  37.808562    13.5564     7.2294     -1.691    31.5428    23.6064 -9.990e-29
