data/oxygen options/ONMS/Olympic_Coast_National_Marine_Sanctuary_CTD_Data_2005_2023/raw_data/2011/CAST_CE042_072811faed.cnv
* Sea-Bird SBE19 Data File:
* FileName = C:\Documents and Settings\OCNMS\Desktop\2011 mooring data\2nd service\CAST_CE042_072811.hex
* Software Version 1.24
* Temperature SN = 2997
* Conductivity SN = 2997
* System UpLoad Time = Jul 28 2011 19:01:16
** CAST_CE042_072811
* SEACAT PROFILER V3.1c SN 2997   07/28/11  19:00:20.973
# nquan = 9                                 
# nvalues = 1240                        
# units = specified
# name 0 = timeJ: Julian Days
# name 1 = prSM: Pressure, Strain Gauge [db]
# name 2 = c0mS/cm: Conductivity [mS/cm]
# name 3 = t090C: Temperature [ITS-90, deg C]
# name 4 = sbeox0ML/L: Oxygen, SBE 43 [ml/l]
# name 5 = depSM: Depth [salt water, m], lat = 47.5
# name 6 = sal00: Salinity, Practical [PSU]
# name 7 = sigma-é00: Density [sigma-theta, kg/m^3]
# name 8 = flag: flag
# span 0 = 209.521898, 209.529068       
# span 1 =     -5.624,     45.861       
# span 2 =   0.185077,  38.258947       
# span 3 =     7.3519,    16.2829       
# span 4 =    -1.9824,    18.0801       
# span 5 =     -5.577,     45.473       
# span 6 =     0.1072,    33.7662       
# span 7 =    -1.0187,    26.3985       
# span 8 = 0.0000e+00, 0.0000e+00       
# interval = seconds: 0.5
# start_time = Jul 28 2011 12:31:32 [Instrument's time stamp, header]
# bad_flag = -9.990e-29
*END*
[from data line 481]
 209.524682      1.080  38.041834    12.8878    -1.7113      1.071    32.3220    24.3409 -9.990e-29
 209.524688      1.093  38.031479    12.8870    -1.7090      1.084    32.3128    24.3340 -9.990e-29
 209.524693      1.096  38.123482    12.8915    -1.7084      1.087    32.3960    24.3975 -9.990e-29
 209.524699      1.081  38.202457    12.8969    -1.7096      1.072    32.4661    24.4508 -9.990e-29
 209.524705      1.060  38.172917    12.8986    -1.7091      1.051    32.4367    24.4277 -9.990e-29
 209.524711      1.052  38.074110    12.8944    -1.7083      1.043    32.3469    24.3589 -9.990e-29
 209.524716      1.062  38.001316    12.8888    -1.7088      1.053    32.2828    24.3104 -9.990e-29
 209.524722      1.082  38.002311    12.8877    -1.7110      1.073    32.2847    24.3120 -9.990e-29
 209.524728      1.104  38.050489    12.8925    -1.7120      1.095    32.3261    24.3432 -9.990e-29
 209.524734      1.122  38.081271    12.9013    -1.7106      1.113    32.3477    24.3582 -9.990e-29
 209.524740      1.132  38.066254    12.9102    -1.7083      1.123    32.3259    24.3396 -9.990e-29
 209.524745      1.134  38.059908    12.9171    -1.7100      1.125    32.3140    24.3290 -9.990e-29
 209.524751      1.129  38.098583    12.9212    -1.7114      1.120    32.3470    24.3538 -9.990e-29
 209.524757      1.117  38.122955    12.9211    -1.7116      1.108    32.3702    24.3717 -9.990e-29
 209.524763      1.101  38.114556    12.9183    -1.7097      1.092    32.3646    24.3680 -9.990e-29
 209.524769      1.089  38.120442    12.9151    -1.7101      1.080    32.3729    24.3751 -9.990e-29
 209.524774      1.084  38.128862    12.9112    -1.7108      1.075    32.3842    24.3846 -9.990e-29
 209.524780      1.085  38.087755    12.9060    -1.7115      1.076    32.3498    24.3589 -9.990e-29
 209.524786      1.094  38.012326    12.9005    -1.7104      1.085    32.2832    24.3084 -9.990e-29
 209.524792      1.105  37.985711    12.8981    -1.7096      1.096    32.2601    24.2910 -9.990e-29
 209.524797      1.108  38.043556    12.9008    -1.7108      1.099    32.3125    24.3310 -9.990e-29
 209.524803      1.093  38.097205    12.9058    -1.7114      1.084    32.3589    24.3660 -9.990e-29
 209.524809      1.068  38.060809    12.9085    -1.7116      1.059    32.3222    24.3371 -9.990e-29
 209.524815      1.050  37.988339    12.9068    -1.7094      1.041    32.2552    24.2855 -9.990e-29
 209.524821      1.044  37.974162    12.9025    -1.7086      1.035    32.2454    24.2788 -9.990e-29
 209.524826      1.047  38.011703    12.8980    -1.7091      1.038    32.2848    24.3101 -9.990e-29
 209.524832      1.055  38.029483    12.8938    -1.7106      1.046    32.3052    24.3267 -9.990e-29
 209.524838      1.068  38.014804    12.8904    -1.7124      1.059    32.2942    24.3189 -9.990e-29
 209.524844      1.082  38.015308    12.8892    -1.7126      1.073    32.2957    24.3203 -9.990e-29
 209.524850      1.090  38.048470    12.8912    -1.7128      1.081    32.3253    24.3428 -9.990e-29
 209.524855      1.088  38.066095    12.8947    -1.7115      1.079    32.3390    24.3528 -9.990e-29
 209.524861      1.080  38.035680    12.8969    -1.7112      1.071    32.3084    24.3286 -9.990e-29
 209.524867      1.070  38.000125    12.8968    -1.7111      1.061    32.2748    24.3027 -9.990e-29
 209.524873      1.057  38.019004    12.8954    -1.7117      1.048    32.2939    24.3177 -9.990e-29
 209.524878      1.046  38.088931    12.8938    -1.7125      1.037    32.3614    24.3703 -9.990e-29
 209.524884      1.038  38.135679    12.8916    -1.7128      1.029    32.4075    24.4064 -9.990e-29
 209.524890      1.039  38.107885    12.8880    -1.7128      1.030    32.3843    24.3891 -9.990e-29
 209.524896      1.052  38.022823    12.8831    -1.7128      1.043    32.3080    24.3310 -9.990e-29
 209.524902      1.075  37.937904    12.8788    -1.7122      1.066    32.2313    24.2725 -9.990e-29
 209.524907      1.104  37.900646    12.8770    -1.7119      1.095    32.1976    24.2468 -9.990e-29
 209.524913      1.132  37.916262    12.8775    -1.7113      1.123    32.2120    24.2578 -9.990e-29
 209.524919      1.144  37.959650    12.8792    -1.7119      1.134    32.2515    24.2881 -9.990e-29
 209.524925      1.137  37.988969    12.8809    -1.7124      1.128    32.2778    24.3081 -9.990e-29
 209.524931      1.123  37.980028    12.8819    -1.7125      1.114    32.2685    24.3007 -9.990e-29
 209.524936      1.114  37.939951    12.8821    -1.7112      1.105    32.2304    24.2712 -9.990e-29
 209.524942      1.114  37.893157    12.8814    -1.7118      1.105    32.1868    24.2375 -9.990e-29
 209.524948      1.122  37.864069    12.8801    13.7877      1.113    32.1604    24.2173 -9.990e-29
 209.524954      1.136  37.859273    12.8794    18.0185      1.127    32.1565    24.2144 -9.990e-29
 209.524959      1.147  37.876298    12.8798    18.0801      1.137    32.1722    24.2265 -9.990e-29
 209.524965      1.151  37.907601    12.8811    14.3669      1.141    32.2007    24.2483 -9.990e-29
 209.524971      1.149  37.937797    12.8820     6.8203      1.139    32.2285    24.2697 -9.990e-29
 209.524977      1.141  37.948904    12.8824     7.0713      1.131    32.2386    24.2775 -9.990e-29
 209.524983      1.131  37.932771    12.8828     7.3905      1.122    32.2231    24.2653 -9.990e-29
 209.524988      1.126  37.909896    12.8832     7.5155      1.117    32.2011    24.2482 -9.990e-29
 209.524994      1.127  37.911389    12.8833     7.5174      1.118    32.2024    24.2492 -9.990e-29
 209.525000      1.128  37.923004    12.8837     7.4691      1.119    32.2131    24.2574 -9.990e-29
 209.525006      1.131  37.898062    12.8840     7.4005      1.122    32.1892    24.2389 -9.990e-29
 209.525012      1.135  37.846998    12.8835     7.3461      1.126    32.1414    24.2019 -9.990e-29
 209.525017      1.144  37.814862    12.8832     7.2946      1.134    32.1112    24.1787 -9.990e-29
 209.525023      1.160  37.804736    12.8836     7.2675      1.150    32.1013    24.1709 -9.990e-29
 209.525029      1.174  37.801443    12.8842     7.2596      1.164    32.0977    24.1680 -9.990e-29
 209.525035      1.184  37.800032    12.8848     7.2529      1.174    32.0958    24.1665 -9.990e-29
 209.525041      1.190  37.800305    12.8851     7.2441      1.180    32.0959    24.1664 -9.990e-29
 209.525046      1.193  37.801509    12.8846     7.2416      1.183    32.0974    24.1677 -9.990e-29
 209.525052      1.192  37.802454    12.8831     7.2320      1.182    32.0996    24.1697 -9.990e-29
 209.525058      1.188  37.803281    12.8818     7.2192      1.178    32.1015    24.1714 -9.990e-29
 209.525064      1.184  37.804538    12.8826     7.2095      1.174    32.1020    24.1716 -9.990e-29
 209.525069      1.185  37.807344    12.8860     7.1998      1.175    32.1017    24.1708 -9.990e-29
 209.525075      1.191  37.811522    12.8901     7.1992      1.181    32.1022    24.1703 -9.990e-29
 209.525081      1.202  37.815368    12.8927     7.1945      1.192    32.1036    24.1709 -9.990e-29
 209.525087      1.210  37.816731    12.8942     7.1886      1.200    32.1036    24.1707 -9.990e-29
 209.525093      1.207  37.816312    12.8955     7.1825      1.197    32.1021    24.1692 -9.990e-29
 209.525098      1.197  37.816918    12.8958     7.1704      1.187    32.1025    24.1694 -9.990e-29
 209.525104      1.188  37.817679    12.8944     7.1840      1.178    32.1044    24.1712 -9.990e-29
 209.525110      1.189  37.815693    12.8914     7.1798      1.179    32.1050    24.1723 -9.990e-29
 209.525116      1.198  37.811118    12.8884     7.1878      1.188    32.1033    24.1715 -9.990e-29
 209.525122      1.209  37.807937    12.8874     7.1744      1.199    32.1011    24.1700 -9.990e-29
 209.525127      1.214  37.808073    12.8882     7.1643      1.204    32.1005    24.1694 -9.990e-29
 209.525133      1.207  37.809469    12.8897     7.1582      1.197    32.1006    24.1692 -9.990e-29
 209.525139      1.199  37.811187    12.8911     7.1562      1.189    32.1010    24.1692 -9.990e-29
 209.525145      1.195  37.813283    12.8924     7.1637      1.185    32.1019    24.1697 -9.990e-29
 209.525150      1.193  37.815194    12.8938     7.1659      1.183    32.1025    24.1699 -9.990e-29
 209.525156      1.187  37.816673    12.8950     7.1940      1.177    32.1029    24.1699 -9.990e-29
 209.525162      1.178  37.817455    12.8957     7.2001      1.168    32.1031    24.1699 -9.990e-29
 209.525168      1.169  37.817466    12.8957     7.2003      1.159    32.1031    24.1699 -9.990e-29
 209.525174      1.168  37.817285    12.8957     7.1860      1.158    32.1029    24.1698 -9.990e-29
 209.525179      1.174  37.817233    12.8962     7.1721      1.164    32.1024    24.1693 -9.990e-29
 209.525185      1.180  37.817247    12.8970     7.1882      1.170    32.1018    24.1687 -9.990e-29
 209.525191      1.182  37.817345    12.8976     7.1952      1.172    32.1013    24.1682 -9.990e-29
 209.525197      1.180  37.817663    12.8978     7.1987      1.170    32.1015    24.1683 -9.990e-29
 209.525203      1.178  37.818068    12.8972     7.1868      1.168    32.1024    24.1691 -9.990e-29
 209.525208      1.184  37.817984    12.8960     7.1847      1.174    32.1033    24.1701 -9.990e-29
 209.525214      1.200  37.817302    12.8952     7.1951      1.190    32.1033    24.1702 -9.990e-29
 209.525220      1.217  37.816795    12.8951     7.2082      1.207    32.1029    24.1699 -9.990e-29
 209.525226      1.227  37.816910    12.8953     7.2204      1.217    32.1029    24.1698 -9.990e-29
 209.525231      1.228  37.817244    12.8954     7.2241      1.218    32.1031    24.1700 -9.990e-29
 209.525237      1.223  37.817126    12.8945     7.2355      1.213    32.1038    24.1707 -9.990e-29
 209.525243      1.217  37.814720    12.8925     7.2410      1.207    32.1032    24.1706 -9.990e-29
 209.525249      1.210  37.809623    12.8911     7.2363      1.200    32.0996    24.1681 -9.990e-29
 209.525255      1.204  37.806245    12.8910     7.2354      1.194    32.0964    24.1657 -9.990e-29
 209.525260      1.204  37.806246    12.8902     7.2432      1.194    32.0971    24.1664 -9.990e-29
 209.525266      1.205  37.805710    12.8870     7.2435      1.195    32.0993    24.1687 -9.990e-29
 209.525272      1.209  37.803365    12.8821     7.2331      1.199    32.1013    24.1712 -9.990e-29
 209.525278      1.218  37.800569    12.8781     7.2151      1.208    32.1020    24.1725 -9.990e-29
 209.525284      1.230  37.799757    12.8767     7.1975      1.220    32.1024    24.1731 -9.990e-29
 209.525289      1.240  37.802647    12.8776     7.1811      1.230    32.1044    24.1745 -9.990e-29
 209.525295      1.251  37.806937    12.8799     7.1672      1.241    32.1065    24.1757 -9.990e-29
 209.525301      1.262  37.811067    12.8836     7.1690      1.251    32.1073    24.1755 -9.990e-29
 209.525307      1.273  37.815507    12.8877     7.1770      1.262    32.1080    24.1753 -9.990e-29
 209.525313      1.287  37.818901    12.8901     7.1892      1.276    32.1091    24.1757 -9.990e-29
 209.525318      1.303  37.819617    12.8916     7.1978      1.292    32.1085    24.1750 -9.990e-29
 209.525324      1.323  37.818613    12.8934     7.1823      1.312    32.1061    24.1727 -9.990e-29
 209.525330      1.347  37.817916    12.8950     7.1708      1.336    32.1040    24.1708 -9.990e-29
 209.525336      1.378  37.818279    12.8963     7.1617      1.366    32.1033    24.1700 -9.990e-29
 209.525341      1.414  37.819069    12.8978     7.1648      1.402    32.1027    24.1692 -9.990e-29
 209.525347      1.451  37.820224    12.8994     7.1756      1.439    32.1024    24.1687 -9.990e-29
 209.525353      1.497  37.821608    12.9003     7.2050      1.485    32.1030    24.1690 -9.990e-29
 209.525359      1.559  37.822270    12.9003     7.2220      1.546    32.1036    24.1694 -9.990e-29
 209.525365      1.641  37.821976    12.8993     7.2241      1.627    32.1041    24.1700 -9.990e-29
 209.525370      1.748  37.820336    12.8974     7.2181      1.733    32.1041    24.1704 -9.990e-29
 209.525376      1.882  37.817968    12.8954     7.2204      1.866    32.1035    24.1704 0.0000e+00
 209.525382      2.044  37.816197    12.8927     7.2323      2.027    32.1041    24.1713 0.0000e+00
 209.525388      2.236  37.814904    12.8884     7.2476      2.217    32.1064    24.1740 0.0000e+00
 209.525394      2.456  37.814608    12.8836     7.2641      2.435    32.1101    24.1778 0.0000e+00
 209.525399      2.697  37.816037    12.8814     7.2646      2.674    32.1133    24.1806 0.0000e+00
 209.525405      2.948  37.818281    12.8834     7.2580      2.923    32.1136    24.1805 0.0000e+00
 209.525411      3.201  37.819800    12.8872     7.2770      3.174    32.1117    24.1783 0.0000e+00
 209.525417      3.450  37.819735    12.8895     7.2268      3.421    32.1096    24.1762 0.0000e+00
 209.525422      3.698  37.817914    12.8888     7.1092      3.667    32.1083    24.1754 0.0000e+00
 209.525428      3.951  37.813512    12.8823     6.9777      3.918    32.1096    24.1777 0.0000e+00
 209.525434      4.218  37.803385    12.8632     6.7638      4.183    32.1161    24.1864 0.0000e+00
 209.525440      4.502  37.778435    12.8243     6.5658      4.464    32.1255    24.2012 0.0000e+00
 209.525446      4.804  37.733320    12.7583     6.3771      4.764    32.1388    24.2243 0.0000e+00
 209.525451      5.123  37.663252    12.6542     6.1770      5.080    32.1609    24.2615 0.0000e+00
 209.525457      5.449  37.552012    12.4956     6.0023      5.403    32.1905    24.3147 0.0000e+00
 209.525463      5.771  37.379447    12.2654     5.8180      5.723    32.2229    24.3835 0.0000e+00
 209.525469      6.090  37.129870    11.9829     5.6258      6.039    32.2262    24.4389 0.0000e+00
 209.525475      6.409  36.863547    11.6762     5.4677      6.355    32.2338    24.5012 0.0000e+00
 209.525480      6.730  36.630710    11.3505     5.3799      6.674    32.2902    24.6040 0.0000e+00
 209.525486      7.052  36.393500    11.0406     5.3284      6.993    32.3286    24.6889 0.0000e+00
 209.525492      7.371  36.172052    10.7772     5.3026      7.309    32.3414    24.7450 0.0000e+00
 209.525498      7.686  35.988463    10.5657     5.2330      7.622    32.3456    24.7848 0.0000e+00
 209.525503      7.994  35.836915    10.4232     5.1148      7.927    32.3204    24.7894 0.0000e+00
 209.525509      8.293  35.745353    10.3424     4.9988      8.224    32.3002    24.7874 0.0000e+00
 209.525515      8.591  35.701330    10.2817     4.8508      8.519    32.3099    24.8051 0.0000e+00
 209.525521      8.894  35.664534    10.2143     4.6856      8.820    32.3327    24.8343 0.0000e+00
 209.525527      9.198  35.625575    10.1413     4.5405      9.121    32.3585    24.8666 0.0000e+00
 209.525532      9.502  35.582817    10.0578     4.4358      9.422    32.3899    24.9050 0.0000e+00
 209.525538      9.813  35.515000     9.9376     4.4047      9.731    32.4289    24.9553 0.0000e+00
 209.525544     10.137  35.397126     9.7607     4.4190     10.052    32.4681    25.0150 0.0000e+00
 209.525550     10.474  35.237115     9.5672     4.4306     10.386    32.4794    25.0552 0.0000e+00
 209.525556     10.815  35.103149     9.4301     4.4538     10.724    32.4661    25.0668 0.0000e+00
 209.525561     11.147  35.052765     9.3651     4.4615     11.054    32.4731    25.0827 0.0000e+00
 209.525567     11.457  35.060103     9.3453     4.4527     11.361    32.4985    25.1057 0.0000e+00
 209.525573     11.735  35.077746     9.3501     4.3997     11.637    32.5122    25.1157 0.0000e+00
 209.525579     11.982  35.092746     9.3619     4.3127     11.882    32.5168    25.1174 0.0000e+00
 209.525584     12.212  35.103755     9.3629     4.2227     12.110    32.5271    25.1253 0.0000e+00
 209.525590     12.451  35.102991     9.3389     4.1515     12.347    32.5480    25.1455 0.0000e+00
 209.525596     12.711  35.089926     9.2828     4.1117     12.605    32.5856    25.1838 0.0000e+00
