data/oxygen options/ONMS/Olympic_Coast_National_Marine_Sanctuary_CTD_Data_2005_2023/raw_data/2011/CAST_MB042_060811faed.cnv
* Sea-Bird SBE19 Data File:
* FileName = C:\Documents and Settings\OCNMS\Desktop\2011 mooring data\first service\CAST_MB042_060811.hex
* Software Version 1.24
* Temperature SN = 2997
* Conductivity SN = 2997
* System UpLoad Time = Jun 08 2011 17:27:07
** CAST_MB042_060811
* SEACAT PROFILER V3.1c SN 2997   06/08/11  17:26:36.259
# nquan = 9                                 
# nvalues = 834                         
# units = specified
# name 0 = timeJ: Julian Days
# name 1 = prSM: Pressure, Strain Gauge [db]
# name 2 = c0mS/cm: Conductivity [mS/cm]
# name 3 = t090C: Temperature [ITS-90, deg C]
# name 4 = sbeox0ML/L: Oxygen, SBE 43 [ml/l]
# name 5 = depSM: Depth [salt water, m], lat = 47.5
# name 6 = sal00: Salinity, Practical [PSU]
# name 7 = sigma-é00: Density [sigma-theta, kg/m^3]
# name 8 = flag: flag
# span 0 = 159.507431, 159.512251       
# span 1 =     -5.668,     41.120       
# span 2 =   0.206088,  35.740858       
# span 3 =     7.5299,    14.5577       
# span 4 =    -2.0200,    20.0615       
# span 5 =     -5.621,     40.773       
# span 6 =     0.1241,    33.5984       
# span 7 =    -0.7356,    26.2409       
# span 8 = 0.0000e+00, 0.0000e+00       
# interval = seconds: 0.5
# start_time = Jun 08 2011 12:10:42 [Instrument's time stamp, header]
# bad_flag = -9.990e-29
*END*
[from data line 481]
 159.510214     40.800  34.495567     7.5743     3.3895     40.455    33.5490    26.1965 -9.990e-29
 159.510220     40.874  34.481436     7.5838     3.3963     40.529    33.5246    26.1759 -9.990e-29
 159.510226     40.932  34.474594     7.5874     3.3752     40.586    33.5137    26.1668 -9.990e-29
 159.510231     40.976  34.473775     7.5880     3.3827     40.630    33.5122    26.1656 -9.990e-29
 159.510237     41.005  34.474724     7.5864     3.3842     40.659    33.5147    26.1678 -9.990e-29
 159.510243     41.017  34.477036     7.5825     3.3742     40.671    33.5210    26.1733 -9.990e-29
 159.510249     41.016  34.480071     7.5771     3.3657     40.670    33.5295    26.1807 -9.990e-29
 159.510255     41.012  34.483417     7.5717     3.3571     40.666    33.5383    26.1884 -9.990e-29
 159.510260     41.013  34.486138     7.5683     3.3658     40.667    33.5445    26.1938 -9.990e-29
 159.510266     41.019  34.487394     7.5669     3.3671     40.673    33.5472    26.1961 -9.990e-29
 159.510272     41.020  34.487755     7.5653     3.3653     40.674    33.5492    26.1979 -9.990e-29
 159.510278     41.019  34.488834     7.5617     3.3626     40.673    33.5538    26.2020 -9.990e-29
 159.510284     41.018  34.490406     7.5571     3.3553     40.672    33.5600    26.2075 -9.990e-29
 159.510289     41.018  34.491219     7.5536     3.3607     40.672    33.5642    26.2114 -9.990e-29
 159.510295     41.022  34.491812     7.5514     3.3660     40.676    33.5670    26.2139 -9.990e-29
 159.510301     41.032  34.492988     7.5500     3.3583     40.686    33.5696    26.2161 -9.990e-29
 159.510307     41.040  34.494091     7.5490     3.3612     40.693    33.5718    26.2180 -9.990e-29
 159.510313     41.040  34.494366     7.5486     3.3513     40.693    33.5725    26.2186 -9.990e-29
 159.510318     41.035  34.494193     7.5492     3.3618     40.688    33.5717    26.2179 -9.990e-29
 159.510324     41.023  34.493914     7.5504     3.3509     40.677    33.5702    26.2166 -9.990e-29
 159.510330     41.007  34.493733     7.5519     3.3489     40.661    33.5686    26.2151 -9.990e-29
 159.510336     40.991  34.493984     7.5544     3.3414     40.645    33.5665    26.2130 -9.990e-29
 159.510341     40.970  34.494454     7.5581     3.3484     40.624    33.5634    26.2101 -9.990e-29
 159.510347     40.938  34.495224     7.5618     3.3425     40.592    33.5607    26.2074 -9.990e-29
 159.510353     40.898  34.496775     7.5638     3.3398     40.553    33.5604    26.2069 -9.990e-29
 159.510359     40.855  34.499513     7.5626     3.3327     40.510    33.5646    26.2104 -9.990e-29
 159.510365     40.811  34.503182     7.5581     3.3198     40.466    33.5729    26.2176 -9.990e-29
 159.510370     40.767  34.505971     7.5517     3.3381     40.423    33.5821    26.2257 -9.990e-29
 159.510376     40.734  34.506010     7.5447     3.3339     40.390    33.5890    26.2321 -9.990e-29
 159.510382     40.717  34.503369     7.5394     3.3396     40.373    33.5912    26.2346 -9.990e-29
 159.510388     40.712  34.499580     7.5376     3.3225     40.368    33.5889    26.2330 -9.990e-29
 159.510394     40.710  34.497442     7.5378     3.3240     40.366    33.5864    26.2310 -9.990e-29
 159.510399     40.701  34.498598     7.5375     3.3223     40.357    33.5879    26.2323 -9.990e-29
 159.510405     40.686  34.500685     7.5366     3.3352     40.342    33.5911    26.2349 -9.990e-29
 159.510411     40.672  34.501459     7.5358     3.3367     40.329    33.5927    26.2363 -9.990e-29
 159.510417     40.658  34.501406     7.5358     3.3412     40.315    33.5926    26.2362 -9.990e-29
 159.510422     40.635  34.501590     7.5360     3.3268     40.292    33.5927    26.2362 -9.990e-29
 159.510428     40.601  34.502271     7.5356     3.3284     40.258    33.5938    26.2372 -9.990e-29
 159.510434     40.562  34.502692     7.5347     3.3238     40.220    33.5951    26.2384 -9.990e-29
 159.510440     40.526  34.502309     7.5336     3.3208     40.184    33.5958    26.2390 -9.990e-29
 159.510446     40.492  34.501744     7.5329     3.3295     40.150    33.5959    26.2392 -9.990e-29
 159.510451     40.456  34.501940     7.5331     3.3166     40.114    33.5959    26.2392 -9.990e-29
 159.510457     40.416  34.502613     7.5333     3.3296     40.075    33.5965    26.2396 -9.990e-29
 159.510463     40.380  34.502433     7.5329     3.3123     40.039    33.5967    26.2398 -9.990e-29
 159.510469     40.360  34.501175     7.5322     3.3297     40.019    33.5960    26.2394 -9.990e-29
 159.510475     40.355  34.499979     7.5318     3.3280     40.014    33.5951    26.2387 -9.990e-29
 159.510480     40.355  34.499505     7.5320     3.3352     40.014    33.5944    26.2382 -9.990e-29
 159.510486     40.353  34.499692     7.5327     3.3234     40.012    33.5939    26.2377 -9.990e-29
 159.510492     40.343  34.500246     7.5334     3.3291     40.002    33.5939    26.2375 -9.990e-29
 159.510498     40.329  34.500798     7.5336     3.3177     39.989    33.5943    26.2378 -9.990e-29
 159.510503     40.316  34.500980     7.5333     3.3221     39.976    33.5948    26.2383 -9.990e-29
 159.510509     40.301  34.500489     7.5327     3.3309     39.961    33.5948    26.2384 -9.990e-29
 159.510515     40.284  34.499803     7.5319     3.3254     39.944    33.5949    26.2385 -9.990e-29
 159.510521     40.264  34.499702     7.5318     3.3340     39.924    33.5949    26.2385 -9.990e-29
 159.510527     40.240  34.500067     7.5330     3.3281     39.900    33.5941    26.2378 -9.990e-29
 159.510532     40.209  34.500278     7.5342     3.3280     39.870    33.5932    26.2369 -9.990e-29
 159.510538     40.171  34.500072     7.5346     3.3181     39.832    33.5926    26.2364 -9.990e-29
 159.510544     40.127  34.499749     7.5342     3.3253     39.788    33.5926    26.2365 -9.990e-29
 159.510550     40.091  34.499452     7.5337     3.3180     39.753    33.5928    26.2367 -9.990e-29
 159.510556     40.082  34.498803     7.5331     3.3180     39.744    33.5927    26.2367 -9.990e-29
 159.510561     40.105  34.498070     7.5323     3.3210     39.766    33.5927    26.2368 -9.990e-29
 159.510567     40.147  34.497973     7.5316     3.3181     39.808    33.5932    26.2373 -9.990e-29
 159.510573     40.195  34.498395     7.5314     3.3237     39.856    33.5939    26.2378 -9.990e-29
 159.510579     40.234  34.498789     7.5316     3.3240     39.894    33.5941    26.2380 -9.990e-29
 159.510584     40.258  34.499134     7.5318     3.3240     39.918    33.5942    26.2381 -9.990e-29
 159.510590     40.277  34.499344     7.5318     3.3140     39.937    33.5945    26.2382 -9.990e-29
 159.510596     40.301  34.499155     7.5319     3.3212     39.961    33.5941    26.2380 -9.990e-29
 159.510602     40.328  34.498890     7.5321     3.3138     39.988    33.5937    26.2376 -9.990e-29
 159.510608     40.354  34.498769     7.5321     3.3239     40.013    33.5935    26.2374 -9.990e-29
 159.510613     40.381  34.498645     7.5319     3.3195     40.040    33.5936    26.2375 -9.990e-29
 159.510619     40.412  34.498367     7.5320     3.3139     40.071    33.5931    26.2372 -9.990e-29
 159.510625     40.447  34.498139     7.5322     3.3170     40.106    33.5927    26.2368 -9.990e-29
 159.510631     40.490  34.498234     7.5319     3.3142     40.148    33.5931    26.2371 -9.990e-29
 159.510637     40.539  34.498233     7.5315     3.3300     40.197    33.5934    26.2375 -9.990e-29
 159.510642     40.587  34.498146     7.5313     3.3330     40.244    33.5935    26.2375 -9.990e-29
 159.510648     40.631  34.498432     7.5316     3.3328     40.288    33.5935    26.2375 -9.990e-29
 159.510654     40.663  34.498925     7.5321     3.3299     40.320    33.5935    26.2375 -9.990e-29
 159.510660     40.686  34.499177     7.5324     3.3239     40.342    33.5935    26.2374 -9.990e-29
 159.510666     40.711  34.498977     7.5324     3.3138     40.367    33.5933    26.2372 -9.990e-29
 159.510671     40.742  34.498635     7.5317     3.3211     40.398    33.5936    26.2375 -9.990e-29
 159.510677     40.782  34.498268     7.5306     3.3241     40.438    33.5942    26.2382 -9.990e-29
 159.510683     40.829  34.497961     7.5300     3.3268     40.484    33.5944    26.2385 -9.990e-29
 159.510689     40.874  34.497880     7.5300     3.3197     40.529    33.5943    26.2384 -9.990e-29
 159.510694     40.906  34.497930     7.5304     3.3214     40.561    33.5940    26.2381 -9.990e-29
 159.510700     40.918  34.498192     7.5309     3.3142     40.572    33.5938    26.2378 -9.990e-29
 159.510706     40.908  34.498468     7.5315     3.3143     40.563    33.5935    26.2375 -9.990e-29
 159.510712     40.878  34.498581     7.5322     3.3170     40.533    33.5930    26.2370 -9.990e-29
 159.510718     40.840  34.498697     7.5325     3.3041     40.495    33.5928    26.2368 -9.990e-29
 159.510723     40.809  34.498427     7.5321     3.3169     40.464    33.5929    26.2370 -9.990e-29
 159.510729     40.791  34.497425     7.5313     3.3098     40.447    33.5926    26.2369 -9.990e-29
 159.510735     40.785  34.496609     7.5308     3.3098     40.441    33.5922    26.2366 -9.990e-29
 159.510741     40.794  34.496588     7.5304     3.3125     40.450    33.5926    26.2370 -9.990e-29
 159.510747     40.824  34.496786     7.5302     3.3198     40.479    33.5930    26.2373 -9.990e-29
 159.510752     40.869  34.496923     7.5302     3.3184     40.524    33.5931    26.2374 -9.990e-29
 159.510758     40.913  34.497194     7.5303     3.3255     40.568    33.5933    26.2375 -9.990e-29
 159.510764     40.947  34.497416     7.5305     3.3253     40.601    33.5933    26.2375 -9.990e-29
 159.510770     40.968  34.497336     7.5307     3.3224     40.622    33.5930    26.2373 -9.990e-29
 159.510775     40.979  34.497423     7.5310     3.3253     40.633    33.5928    26.2371 -9.990e-29
 159.510781     40.983  34.497806     7.5312     3.3198     40.637    33.5930    26.2372 -9.990e-29
 159.510787     40.986  34.497891     7.5312     3.3199     40.640    33.5931    26.2373 -9.990e-29
 159.510793     40.983  34.497808     7.5313     3.3099     40.637    33.5929    26.2371 -9.990e-29
 159.510799     40.974  34.498021     7.5315     3.3173     40.628    33.5930    26.2371 -9.990e-29
 159.510804     40.964  34.498266     7.5316     3.3100     40.618    33.5932    26.2372 -9.990e-29
 159.510810     40.946  34.498326     7.5318     3.3098     40.600    33.5930    26.2371 -9.990e-29
 159.510816     40.920  34.498293     7.5320     3.3026     40.574    33.5928    26.2369 -9.990e-29
 159.510822     40.898  34.498139     7.5321     3.3170     40.553    33.5926    26.2367 -9.990e-29
 159.510828     40.894  34.497675     7.5320     3.3183     40.549    33.5922    26.2364 -9.990e-29
 159.510833     40.917  34.496856     7.5314     3.3183     40.571    33.5918    26.2362 -9.990e-29
 159.510839     40.959  34.496286     7.5308     3.3182     40.613    33.5918    26.2363 -9.990e-29
 159.510845     41.008  34.496338     7.5304     3.2995     40.662    33.5922    26.2367 -9.990e-29
 159.510851     41.052  34.496535     7.5302     3.3125     40.705    33.5926    26.2370 -9.990e-29
 159.510856     41.086  34.496594     7.5306     3.3054     40.739    33.5923    26.2367 -9.990e-29
 159.510862     41.104  34.496607     7.5313     3.3156     40.757    33.5916    26.2361 -9.990e-29
 159.510868     41.107  34.496605     7.5318     3.3111     40.760    33.5911    26.2356 -9.990e-29
 159.510874     41.103  34.496600     7.5323     3.3154     40.756    33.5906    26.2351 -9.990e-29
 159.510880     41.097  34.496599     7.5329     3.3110     40.750    33.5900    26.2346 -9.990e-29
 159.510885     41.088  34.496616     7.5331     3.3155     40.741    33.5899    26.2344 -9.990e-29
 159.510891     41.075  34.496688     7.5329     3.3112     40.728    33.5901    26.2347 -9.990e-29
 159.510897     41.062  34.496926     7.5327     3.3056     40.715    33.5906    26.2351 -9.990e-29
 159.510903     41.057  34.497104     7.5324     3.3084     40.710    33.5911    26.2355 -9.990e-29
 159.510909     41.064  34.496913     7.5320     3.3053     40.717    33.5913    26.2357 -9.990e-29
 159.510914     41.079  34.496672     7.5319     3.3211     40.732    33.5911    26.2356 -9.990e-29
 159.510920     41.094  34.496633     7.5326     3.3139     40.747    33.5904    26.2349 -9.990e-29
 159.510926     41.106  34.496760     7.5334     3.3213     40.759    33.5897    26.2343 -9.990e-29
 159.510932     41.116  34.497045     7.5335     3.3115     40.769    33.5899    26.2344 -9.990e-29
 159.510938     41.120  34.497317     7.5325     3.3157     40.773    33.5912    26.2356 -9.990e-29
 159.510943     41.114  34.497203     7.5314     3.3215     40.767    33.5921    26.2365 -9.990e-29
 159.510949     41.102  34.496567     7.5307     3.3186     40.755    33.5921    26.2366 -9.990e-29
 159.510955     41.087  34.496064     7.5310     3.3114     40.740    33.5913    26.2359 -9.990e-29
 159.510961     41.069  34.496153     7.5316     3.3025     40.722    33.5908    26.2354 -9.990e-29
 159.510966     41.050  34.496403     7.5316     3.3025     40.703    33.5911    26.2356 -9.990e-29
 159.510972     41.039  34.496596     7.5311     3.3053     40.692    33.5918    26.2362 -9.990e-29
 159.510978     41.042  34.496439     7.5303     3.3214     40.695    33.5924    26.2368 -9.990e-29
 159.510984     41.065  34.495735     7.5299     3.3142     40.718    33.5920    26.2366 -9.990e-29
 159.510990     41.096  34.495234     7.5300     3.3213     40.749    33.5914    26.2361 -9.990e-29
 159.510995     41.115  34.495394     7.5302     3.3212     40.768    33.5913    26.2360 -9.990e-29
 159.511001     41.115  34.495877     7.5302     3.3183     40.768    33.5919    26.2364 -9.990e-29
 159.511007     41.097  34.496216     7.5304     3.3112     40.750    33.5920    26.2365 -9.990e-29
 159.511013     41.062  34.496312     7.5310     3.3027     40.715    33.5916    26.2361 -9.990e-29
 159.511019     41.023  34.496302     7.5314     3.3026     40.677    33.5912    26.2357 -9.990e-29
 159.511024     40.989  34.496184     7.5314     3.3055     40.643    33.5911    26.2356 -9.990e-29
 159.511030     40.967  34.495808     7.5312     3.3212     40.621    33.5909    26.2355 -9.990e-29
 159.511036     40.955  34.495246     7.5312     3.3138     40.609    33.5903    26.2350 -9.990e-29
 159.511042     40.939  34.494876     7.5315     3.3107     40.593    33.5896    26.2345 -9.990e-29
 159.511047     40.911  34.494774     7.5316     3.2976     40.566    33.5894    26.2343 -9.990e-29
 159.511053     40.872  34.494813     7.5314     3.3017     40.527    33.5897    26.2345 -9.990e-29
 159.511059     40.829  34.495053     7.5311     3.3013     40.484    33.5902    26.2350 -9.990e-29
 159.511065     40.784  34.495264     7.5310     3.2997     40.440    33.5906    26.2353 -9.990e-29
 159.511071     40.728  34.495178     7.5310     3.3124     40.384    33.5905    26.2352 -9.990e-29
 159.511076     40.651  34.495249     7.5312     3.3126     40.308    33.5904    26.2352 -9.990e-29
 159.511082     40.542  34.495579     7.5316     3.3186     40.200    33.5905    26.2351 -9.990e-29
 159.511088     40.400  34.495498     7.5320     3.3153     40.059    33.5900    26.2347 0.0000e+00
 159.511094     40.232  34.494908     7.5324     3.3195     39.892    33.5891    26.2339 0.0000e+00
 159.511100     40.053  34.494155     7.5328     3.3121     39.715    33.5880    26.2330 0.0000e+00
 159.511105     39.878  34.492803     7.5342     3.3194     39.541    33.5853    26.2306 0.0000e+00
 159.511111     39.725  34.489621     7.5383     3.3293     39.390    33.5779    26.2243 -9.990e-29
 159.511117     39.611  34.481499     7.5447     3.3287     39.277    33.5630    26.2117 -9.990e-29
 159.511123     39.536  34.473298     7.5494     3.3315     39.202    33.5496    26.2005 -9.990e-29
 159.511128     39.492  34.474252     7.5508     3.3239     39.159    33.5493    26.2000 -9.990e-29
