data/oxygen options/ONMS/Olympic_Coast_National_Marine_Sanctuary_CTD_Data_2005_2023/raw_data/2011/CAST_CE065_100611faed.cnv
* Sea-Bird SBE19 Data File:
* FileName = C:\Documents and Settings\OCNMS\Desktop\2011 mooring data\4th service\CAST_CE065_100611.hex
* Software Version 1.24
* Temperature SN = 2997
* Conductivity SN = 2997
* System UpLoad Time = Oct 06 2011 18:05:42
** CAST_CE065_100611
* SEACAT PROFILER V3.1c SN 2997   10/06/11  18:05:11.066
# nquan = 9                                 
# nvalues = 1590                        
# units = specified
# name 0 = timeJ: Julian Days
# name 1 = prSM: Pressure, Strain Gauge [db]
# name 2 = c0mS/cm: Conductivity [mS/cm]
# name 3 = t090C: Temperature [ITS-90, deg C]
# name 4 = sbeox0ML/L: Oxygen, SBE 43 [ml/l]
# name 5 = depSM: Depth [salt water, m], lat = 47.5
# name 6 = sal00: Salinity, Practical [PSU]
# name 7 = sigma-é00: Density [sigma-theta, kg/m^3]
# name 8 = flag: flag
# span 0 = 279.406134, 279.415330       
# span 1 =     -5.185,     66.860       
# span 2 =   0.008696,  38.591609       
# span 3 =     8.5930,    14.5858       
# span 4 =    -2.0418,    15.7838       
# span 5 =     -5.142,     66.291       
# span 6 =     0.0105,    33.0653       
# span 7 =    -0.8291,    25.6666       
# span 8 = 0.0000e+00, 0.0000e+00       
# interval = seconds: 0.5
# start_time = Oct 06 2011 09:44:50 [Instrument's time stamp, header]
# bad_flag = -9.990e-29
*END*
[from data line 1441]
 279.414473     64.880  34.957807     8.5987     3.5372     64.328    33.0565    25.6594 -9.990e-29
 279.414479     64.929  34.958206     8.6007     3.5272     64.377    33.0550    25.6580 -9.990e-29
 279.414485     64.999  34.959020     8.6025     3.5288     64.446    33.0541    25.6570 -9.990e-29
 279.414491     65.073  34.960214     8.6035     3.5340     64.520    33.0544    25.6571 -9.990e-29
 279.414497     65.135  34.961698     8.6043     3.5512     64.581    33.0552    25.6576 -9.990e-29
 279.414502     65.171  34.963219     8.6048     3.5563     64.617    33.0563    25.6584 -9.990e-29
 279.414508     65.163  34.964599     8.6047     3.5602     64.609    33.0579    25.6596 -9.990e-29
 279.414514     65.088  34.965490     8.6047     3.5590     64.535    33.0588    25.6604 -9.990e-29
 279.414520     64.934  34.965453     8.6044     3.5529     64.382    33.0592    25.6607 0.0000e+00
 279.414525     64.698  34.964488     8.6033     3.5493     64.148    33.0593    25.6609 0.0000e+00
 279.414531     64.387  34.963042     8.6021     3.5436     63.840    33.0590    25.6609 0.0000e+00
 279.414537     64.012  34.961478     8.6007     3.5526     63.468    33.0589    25.6610 0.0000e+00
 279.414543     63.583  34.960001     8.5998     3.5543     63.043    33.0583    25.6607 0.0000e+00
 279.414549     63.112  34.958935     8.6003     3.5533     62.576    33.0570    25.6596 0.0000e+00
 279.414554     62.610  34.958591     8.6016     3.5409     62.078    33.0556    25.6583 0.0000e+00
 279.414560     62.089  34.959123     8.6049     3.5420     61.562    33.0533    25.6560 0.0000e+00
 279.414566     61.563  34.960734     8.6111     3.5445     61.040    33.0495    25.6520 0.0000e+00
 279.414572     61.046  34.963945     8.6187     3.5659     60.528    33.0460    25.6481 0.0000e+00
 279.414578     60.543  34.969172     8.6267     3.5830     60.029    33.0442    25.6455 0.0000e+00
 279.414583     60.053  34.974480     8.6336     3.5798     59.543    33.0436    25.6439 0.0000e+00
 279.414589     59.565  34.977480     8.6398     3.5839     59.059    33.0411    25.6411 0.0000e+00
 279.414595     59.071  34.979427     8.6466     3.5728     58.570    33.0371    25.6368 0.0000e+00
 279.414601     58.572  34.982409     8.6528     3.5575     58.075    33.0346    25.6340 0.0000e+00
 279.414606     58.080  34.986536     8.6572     3.5800     57.587    33.0351    25.6336 0.0000e+00
 279.414612     57.599  34.990647     8.6605     3.6106     57.110    33.0365    25.6343 0.0000e+00
 279.414618     57.118  34.993557     8.6631     3.6300     56.633    33.0374    25.6345 0.0000e+00
 279.414624     56.624  34.995280     8.6656     3.6280     56.144    33.0371    25.6339 0.0000e+00
 279.414630     56.113  34.996485     8.6687     3.5936     55.637    33.0357    25.6323 0.0000e+00
 279.414635     55.589  34.997710     8.6717     3.5719     55.118    33.0344    25.6309 0.0000e+00
 279.414641     55.058  34.998962     8.6745     3.5722     54.591    33.0333    25.6296 0.0000e+00
 279.414647     54.517  35.000286     8.6774     3.5820     54.055    33.0323    25.6283 0.0000e+00
 279.414653     53.952  35.001819     8.6812     3.6031     53.495    33.0306    25.6264 0.0000e+00
 279.414659     53.348  35.003417     8.6863     3.6107     52.896    33.0278    25.6234 0.0000e+00
 279.414664     52.703  35.005585     8.6926     3.6135     52.256    33.0245    25.6198 0.0000e+00
 279.414670     52.026  35.009027     8.7013     3.6269     51.585    33.0203    25.6152 0.0000e+00
 279.414676     51.338  35.013908     8.7123     3.6482     50.903    33.0154    25.6097 0.0000e+00
 279.414682     50.660  35.021191     8.7240     3.6847     50.231    33.0124    25.6056 0.0000e+00
 279.414688     50.004  35.032244     8.7432     3.7164     49.581    33.0064    25.5979 0.0000e+00
 279.414693     49.376  35.046742     8.7790     3.7461     48.958    32.9885    25.5784 0.0000e+00
 279.414699     48.779  35.068393     8.8305     3.7749     48.366    32.9635    25.5508 0.0000e+00
 279.414705     48.217  35.104281     8.8916     3.8133     47.809    32.9445    25.5265 0.0000e+00
 279.414711     47.694  35.151364     8.9546     3.8789     47.290    32.9353    25.5095 0.0000e+00
 279.414716     47.202  35.193526     9.0197     4.0048     46.803    32.9191    25.4867 0.0000e+00
 279.414722     46.722  35.222093     9.1059     4.1324     46.327    32.8694    25.4342 0.0000e+00
 279.414728     46.233  35.261217     9.2261     4.2901     45.842    32.7994    25.3605 0.0000e+00
 279.414734     45.721  35.334564     9.3718     4.4314     45.334    32.7417    25.2922 0.0000e+00
 279.414740     45.191  35.433602     9.5390     4.5356     44.809    32.6910    25.2257 0.0000e+00
 279.414745     44.653  35.553825     9.7321     4.6272     44.276    32.6386    25.1535 0.0000e+00
 279.414751     44.103  35.678655     9.9665     4.6892     43.730    32.5539    25.0488 0.0000e+00
 279.414757     43.535  35.807176    10.2473     4.7788     43.167    32.4320    24.9068 0.0000e+00
 279.414763     42.953  35.971393    10.5156     4.8364     42.590    32.3580    24.8036 0.0000e+00
 279.414769     42.365  36.138911    10.7062     4.8915     42.007    32.3564    24.7696 0.0000e+00
 279.414774     41.787  36.264387    10.8223     4.9440     41.434    32.3786    24.7668 0.0000e+00
 279.414780     41.224  36.358422    10.9035     4.9831     40.876    32.4004    24.7695 0.0000e+00
 279.414786     40.671  36.436153    10.9794     5.0325     40.328    32.4105    24.7641 0.0000e+00
 279.414792     40.121  36.498242    11.0812     5.0831     39.782    32.3823    24.7242 0.0000e+00
 279.414797     39.576  36.558094    11.2251     5.1329     39.242    32.3150    24.6464 0.0000e+00
 279.414803     39.038  36.637330    11.3754     5.1778     38.709    32.2615    24.5779 0.0000e+00
 279.414809     38.516  36.749819    11.5085     5.2407     38.191    32.2556    24.5493 0.0000e+00
 279.414815     38.012  36.880409    11.6298     5.3436     37.691    32.2775    24.5443 0.0000e+00
 279.414821     37.514  36.985995    11.7356     5.4600     37.198    32.2883    24.5334 0.0000e+00
 279.414826     37.012  37.064056    11.8394     5.5851     36.700    32.2741    24.5033 0.0000e+00
 279.414832     36.501  37.153779    11.9857     5.6793     36.193    32.2344    24.4454 0.0000e+00
 279.414838     35.973  37.279649    12.2017     5.7555     35.670    32.1696    24.3549 0.0000e+00
 279.414844     35.424  37.434808    12.4671     5.7938     35.125    32.0910    24.2438 0.0000e+00
 279.414850     34.855  37.602725    12.7567     5.8091     34.561    32.0044    24.1213 0.0000e+00
 279.414855     34.264  37.768212    13.0505     5.8034     33.975    31.9127    23.9933 0.0000e+00
 279.414861     33.651  37.930771    13.3049     5.7794     33.367    31.8519    23.8962 0.0000e+00
 279.414867     33.028  38.089354    13.4799     5.7602     32.750    31.8539    23.8630 0.0000e+00
 279.414873     32.421  38.223615    13.5768     5.7412     32.148    31.8981    23.8778 0.0000e+00
 279.414878     31.851  38.325577    13.6280     5.7361     31.583    31.9503    23.9078 0.0000e+00
 279.414884     31.320  38.395717    13.6607     5.7233     31.056    31.9883    23.9306 0.0000e+00
 279.414890     30.815  38.431833    13.6814     5.7226     30.556    32.0047    23.9391 0.0000e+00
 279.414896     30.322  38.443491    13.6869     5.7346     30.067    32.0111    23.9429 0.0000e+00
 279.414902     29.827  38.437331    13.6824     5.7359     29.576    32.0093    23.9424 0.0000e+00
 279.414907     29.316  38.420327    13.6820     5.7551     29.069    31.9941    23.9307 0.0000e+00
 279.414913     28.776  38.411316    13.6900     5.7546     28.534    31.9793    23.9176 0.0000e+00
 279.414919     28.205  38.416265    13.7019     5.7507     27.968    31.9742    23.9113 0.0000e+00
 279.414925     27.599  38.426143    13.7182     5.7590     27.367    31.9699    23.9047 0.0000e+00
 279.414931     26.959  38.433455    13.7390     5.7684     26.732    31.9596    23.8925 0.0000e+00
 279.414936     26.292  38.441287    13.7606     5.7717     26.071    31.9491    23.8800 0.0000e+00
 279.414942     25.610  38.454544    13.7787     5.7717     25.395    31.9466    23.8743 0.0000e+00
 279.414948     24.931  38.470797    13.7904     5.7638     24.721    31.9521    23.8762 0.0000e+00
 279.414954     24.266  38.489934    13.7968     5.7627     24.062    31.9647    23.8847 0.0000e+00
 279.414959     23.621  38.504483    13.8042     5.7692     23.423    31.9723    23.8890 0.0000e+00
 279.414965     22.993  38.505336    13.8191     5.7856     22.800    31.9609    23.8772 0.0000e+00
 279.414971     22.377  38.504894    13.8374     5.7905     22.189    31.9455    23.8615 0.0000e+00
 279.414977     21.762  38.511587    13.8521     5.7883     21.579    31.9397    23.8540 0.0000e+00
 279.414983     21.141  38.515914    13.8656     5.7756     20.963    31.9327    23.8459 0.0000e+00
 279.414988     20.513  38.515305    13.8792     5.7604     20.341    31.9211    23.8341 0.0000e+00
 279.414994     19.880  38.517411    13.8892     5.7462     19.713    31.9150    23.8273 0.0000e+00
 279.415000     19.248  38.523979    13.8942     5.7400     19.086    31.9171    23.8280 0.0000e+00
 279.415006     18.626  38.528702    13.8960     5.7404     18.470    31.9202    23.8300 0.0000e+00
 279.415012     18.012  38.527297    13.8989     5.7648     17.861    31.9167    23.8267 0.0000e+00
 279.415017     17.405  38.523552    13.9044     5.7734     17.259    31.9090    23.8195 0.0000e+00
 279.415023     16.811  38.520373    13.9102     5.7512     16.670    31.9014    23.8125 0.0000e+00
 279.415029     16.229  38.515821    13.9168     5.7389     16.093    31.8920    23.8039 0.0000e+00
 279.415035     15.661  38.510609    13.9264     5.7281     15.530    31.8794    23.7922 0.0000e+00
 279.415041     15.114  38.507370    13.9375     5.7352     14.987    31.8675    23.7807 0.0000e+00
 279.415046     14.592  38.508009    13.9474     5.7479     14.470    31.8600    23.7729 0.0000e+00
 279.415052     14.095  38.510636    13.9548     5.7572     13.977    31.8565    23.7687 0.0000e+00
 279.415058     13.618  38.509292    13.9585     5.7440     13.504    31.8524    23.7647 0.0000e+00
 279.415064     13.140  38.501684    13.9596     5.7459     13.030    31.8447    23.7585 0.0000e+00
 279.415069     12.646  38.491168    13.9603     5.7530     12.540    31.8346    23.7506 0.0000e+00
 279.415075     12.154  38.481147    13.9610     5.7694     12.052    31.8250    23.7430 0.0000e+00
 279.415081     11.673  38.472883    13.9622     5.7931     11.575    31.8166    23.7363 0.0000e+00
 279.415087     11.200  38.465498    13.9634     5.8308     11.106    31.8089    23.7301 0.0000e+00
 279.415093     10.734  38.452564    13.9656     5.8475     10.644    31.7954    23.7192 0.0000e+00
 279.415098     10.275  38.421937    13.9732     5.8575     10.189    31.7611    23.6912 0.0000e+00
 279.415104      9.821  38.360844    13.9898     5.8695      9.739    31.6914    23.6340 0.0000e+00
 279.415110      9.372  38.245583    14.0136     5.8834      9.294    31.5661    23.5324 0.0000e+00
 279.415116      8.939  38.093936    14.0438     5.8986      8.864    31.4023    23.3998 0.0000e+00
 279.415122      8.531  37.928947    14.0816     5.9208      8.460    31.2205    23.2518 0.0000e+00
 279.415127      8.150  37.725616    14.1189     5.9283      8.082    31.0045    23.0776 0.0000e+00
 279.415133      7.784  37.510878    14.1444     5.9324      7.719    30.7881    22.9054 0.0000e+00
 279.415139      7.417  37.349097    14.1589     5.9271      7.355    30.6291    22.7799 0.0000e+00
 279.415145      7.040  37.239697    14.1701     5.9346      6.981    30.5206    22.6940 0.0000e+00
 279.415150      6.650  37.130404    14.1802     5.9516      6.594    30.4133    22.6091 0.0000e+00
 279.415156      6.252  37.023963    14.1889     5.9497      6.200    30.3097    22.5275 0.0000e+00
 279.415162      5.860  36.940926    14.1981     5.9510      5.811    30.2271    22.4619 0.0000e+00
 279.415168      5.482  36.873121    14.2090     5.9495      5.436    30.1571    22.4057 0.0000e+00
 279.415174      5.117  36.827644    14.2193     5.9510      5.074    30.1079    22.3657 0.0000e+00
 279.415179      4.758  36.797678    14.2256     6.9284      4.718    30.0759    22.3397 0.0000e+00
 279.415185      4.403  36.757325    14.2261     6.9986      4.366    30.0390    22.3112 0.0000e+00
 279.415191      4.057  36.694670    14.2152     6.6657      4.023    29.9907    22.2761 0.0000e+00
 279.415197      3.717  36.613051    14.1853     6.1759      3.686    29.9399    22.2430 0.0000e+00
 279.415203      3.385  36.505958    14.1451     6.0955      3.357    29.8738    22.2002 0.0000e+00
 279.415208      3.064  36.371127    14.1155     6.8440      3.038    29.7742    22.1294 0.0000e+00
 279.415214      2.761  36.204973    14.1021     6.8369      2.738    29.6336    22.0237 0.0000e+00
 279.415220      2.481  35.912508    14.0972     6.7364      2.460    29.3718    21.8229 0.0000e+00
 279.415226      2.224  35.173213    14.0949     6.5386      2.205    28.7035    21.3083 0.0000e+00
 279.415231      1.986  33.045598    14.0925     6.3640      1.969    26.7885    19.8336 0.0000e+00
 279.415237      1.773  26.707962    14.0877     6.2327      1.758    21.1870    15.5255 0.0000e+00
 279.415243      1.590  17.505280    14.0780     6.1598      1.577    13.3557     9.5132 0.0000e+00
 279.415249      1.432  13.388139    14.0622     6.1197      1.420     9.9882     6.9307 0.0000e+00
 279.415255      1.304  16.658602    14.0425     6.5913      1.293    12.6665     8.9901 -9.990e-29
 279.415260      1.204  21.192920    14.0231     6.4073      1.194    16.4731    11.9159 -9.990e-29
 279.415266      1.128  19.914571    14.0061     6.2307      1.119    15.3984    11.0936 -9.990e-29
 279.415272      1.071  13.048503    13.9901     6.0850      1.062     9.7324     6.7459 -9.990e-29
 279.415278      1.023   7.257385    13.9711 -9.990e-29      1.014     5.1763     3.2472 -9.990e-29
 279.415284      0.982   4.669007    13.9467 -9.990e-29      0.974     3.2326     1.7539 -9.990e-29
 279.415289      0.955   3.619285    13.9206 -9.990e-29      0.947     2.4672     1.1673 -9.990e-29
 279.415295      0.939   3.312330    13.8970 -9.990e-29      0.931     2.2472     1.0008 -9.990e-29
 279.415301      0.925   3.329438    13.8738 -9.990e-29      0.917     2.2608     1.0146 -9.990e-29
 279.415307      0.908   3.497607    13.8486 -9.990e-29      0.900     2.3837     1.1131 -9.990e-29
 279.415313      0.890   3.588317    13.8220 -9.990e-29      0.883     2.4510     1.1689 -9.990e-29
 279.415318      0.880   3.480017    13.7972 -9.990e-29      0.873     2.3741     1.1130 -9.990e-29
 279.415324      0.877   3.446660    13.7859 -9.990e-29      0.870     2.3507     1.0965 -9.990e-29
 279.415330      0.876   3.658522 -9.990e-29 -9.990e-29      0.869 -9.990e-29 -9.990e-29 -9.990e-29
