data/oxygen options/ONMS/Olympic_Coast_National_Marine_Sanctuary_CTD_Data_2005_2023/raw_data/2011/CAST_CA042_072211faedb.cnv
* Sea-Bird SBE19 Data File:
* FileName = C:\Documents and Settings\OCNMS\Desktop\2011 mooring data\2nd service\CAST_CA042_072211.hex
* Software Version 1.24
* Temperature SN = 2997
* Conductivity SN = 2997
* System UpLoad Time = Jul 22 2011 15:51:37
** CAST_CA042_072211
* SEACAT PROFILER V3.1c SN 2997   07/22/11  15:51:09.237
# nquan = 9
# nvalues = 41                          
# units = specified
# name 0 = timeJ: Julian Days
# name 1 = prSM: Pressure, Strain Gauge [db]
# name 2 = c0mS/cm: Conductivity [mS/cm]
# name 3 = t090C: Temperature [ITS-90, deg C]
# name 4 = sbeox0ML/L: Oxygen, SBE 43 [ml/l]
# name 5 = depSM: Depth [salt water, m], lat = 47.5
# name 6 = sal00: Salinity, Practical [PSU]
# name 7 = sigma-é00: Density [sigma-theta, kg/m^3]
# name 8 = flag: flag
# span 0 = 203.524247, 203.524875       
# span 1 =      2.000,     42.000       
# span 2 =  34.297714,  37.963924       
# span 3 =     7.4695,    13.8030       
# span 4 =     3.0913,     7.6591       
# span 5 =      1.983,     41.645       
# span 6 =    31.4823,    33.5174       
# span 7 =    23.5103,    26.1864       
# span 8 = 0.0000e+00, 0.0000e+00       
# interval = decibars: 1                
# start_time = Jul 22 2011 12:28:01 [Instrument's time stamp, header]
# bad_flag = -9.990e-29
*END*
 203.524247      2.000  37.963924    13.8030     7.6591      1.983    31.4823    23.5103 0.0000e+00
 203.524269      3.000  37.959456    13.7507     7.6051      2.975    31.5207    23.5505 0.0000e+00
 203.524283      4.000  37.839800    13.5412     7.5853      3.967    31.5822    23.6400 0.0000e+00
 203.524297      5.000  37.718141    13.4137     7.5304      4.958    31.5741    23.6592 0.0000e+00
 203.524311      6.000  37.685089    13.3743     7.4132      5.950    31.5756    23.6682 0.0000e+00
 203.524326      7.000  37.670164    13.3448     7.2834      6.941    31.5857    23.6818 0.0000e+00
 203.524339      8.000  37.652769    13.3043     7.1808      7.933    31.6027    23.7030 0.0000e+00
 203.524352      9.000  37.635579    13.2635     7.0045      8.924    31.6201    23.7245 0.0000e+00
 203.524363     10.000  37.618176    13.2253     6.7295      9.916    31.6352    23.7437 0.0000e+00
 203.524375     11.000  37.585178    13.1591     6.5402     10.908    31.6590    23.7752 0.0000e+00
 203.524387     12.000  37.519899    13.0178     6.3342     11.900    31.7154    23.8465 0.0000e+00
 203.524399     13.000  37.407921    12.8170     6.1994     12.891    31.7779    23.9337 0.0000e+00
 203.524412     14.000  37.272531    12.6030     6.1715     13.883    31.8296    24.0149 0.0000e+00
 203.524424     15.000  37.063856    12.2085     6.0853     14.874    31.9653    24.1946 0.0000e+00
 203.524437     16.000  36.612457    11.6462     5.8464     15.865    32.0116    24.3344 0.0000e+00
 203.524449     17.000  36.345896    11.3074     5.5579     16.858    32.0444    24.4209 0.0000e+00
 203.524461     18.000  36.237835    11.0705     5.4224     17.849    32.1441    24.5404 0.0000e+00
 203.524472     19.000  36.074622    10.7644     5.3722     18.840    32.2509    24.6770 0.0000e+00
 203.524483     20.000  35.888618    10.5799     5.0704     19.832    32.2281    24.6910 0.0000e+00
 203.524496     21.000  35.813788    10.4662     4.5515     20.823    32.2534    24.7302 0.0000e+00
 203.524508     22.000  35.709101    10.2115     4.1209     21.815    32.3745    24.8676 0.0000e+00
 203.524519     23.000  35.518599     9.8049     3.9119     22.807    32.5462    25.0691 0.0000e+00
 203.524531     24.000  35.140018     9.2722     3.8620     23.798    32.6418    25.2295 0.0000e+00
 203.524544     25.000  34.857277     8.9167     3.7922     24.790    32.6744    25.3107 0.0000e+00
 203.524556     26.000  34.708435     8.6751     3.6688     25.781    32.7415    25.4005 0.0000e+00
 203.524567     27.000  34.611033     8.5127     3.4876     26.773    32.7895    25.4626 0.0000e+00
 203.524578     28.000  34.517753     8.3469     3.3143     27.765    32.8452    25.5312 0.0000e+00
 203.524590     29.000  34.415105     8.1264     3.2404     28.756    32.9425    25.6401 0.0000e+00
 203.524603     30.000  34.328055     7.9548     3.2473     29.747    33.0109    25.7189 0.0000e+00
 203.524622     31.000  34.334795     7.9449     3.2272     30.739    33.0270    25.7329 0.0000e+00
 203.524642     32.000  34.297714     7.8484     3.2004     31.730    33.0781    25.7871 0.0000e+00
 203.524659     33.000  34.306225     7.8049     3.1703     32.722    33.1281    25.8327 0.0000e+00
 203.524678     34.000  34.317671     7.7685     3.1406     33.714    33.1745    25.8744 0.0000e+00
 203.524702     35.000  34.339953     7.7285     3.0913     34.705    33.2360    25.9284 0.0000e+00
 203.524724     36.000  34.326611     7.6653     3.1589     35.696    33.2816    25.9733 0.0000e+00
 203.524744     37.000  34.325380     7.6074     3.3940     36.688    33.3353    26.0237 0.0000e+00
 203.524764     38.000  34.354281     7.5121     3.4791     37.679    33.4577    26.1335 0.0000e+00
 203.524786     39.000  34.375413     7.4815     3.4665     38.671    33.5096    26.1786 0.0000e+00
 203.524805     40.000  34.372369     7.4695     3.4645     39.662    33.5174    26.1864 0.0000e+00
 203.524825     41.000  34.372324     7.4722     3.4417     40.654    33.5143    26.1836 0.0000e+00
 203.524875     42.000  34.377539     7.4761     3.4109     41.645    33.5156    26.1842 0.0000e+00
