data/oxygen options/ONMS/Olympic_Coast_National_Marine_Sanctuary_CTD_Data_2005_2023/raw_data/2011/CAST_MB015_082611faed.cnv
* Sea-Bird SBE19 Data File:
* FileName = C:\Documents and Settings\OCNMS\Desktop\2011 mooring data\3rd service\CAST_MB015_082611.hex
* Software Version 1.24
* Temperature SN = 2997
* Conductivity SN = 2997
* System UpLoad Time = Aug 26 2011 14:30:01
** CAST_MB015_082611
* SEACAT PROFILER V3.1c SN 2997   08/26/11  14:29:33.613
# nquan = 9                                 
# nvalues = 812                         
# units = specified
# name 0 = timeJ: Julian Days
# name 1 = prSM: Pressure, Strain Gauge [db]
# name 2 = c0mS/cm: Conductivity [mS/cm]
# name 3 = t090C: Temperature [ITS-90, deg C]
# name 4 = sbeox0ML/L: Oxygen, SBE 43 [ml/l]
# name 5 = depSM: Depth [salt water, m], lat = 47.5
# name 6 = sal00: Salinity, Practical [PSU]
# name 7 = sigma-é00: Density [sigma-theta, kg/m^3]
# name 8 = flag: flag
# span 0 = 238.548681, 238.553374       
# span 1 =     -5.801,     16.988       
# span 2 =   0.341830,  38.041085       
# span 3 =     9.4906,    15.2344       
# span 4 =    -2.0007,    18.0102       
# span 5 =     -5.753,     16.846       
# span 6 =     0.2041,    32.9102       
# span 7 =    -0.7734,    25.4042       
# span 8 = 0.0000e+00, 0.0000e+00       
# interval = seconds: 0.5
# start_time = Aug 26 2011 13:10:06 [Instrument's time stamp, header]
# bad_flag = -9.990e-29
*END*
 238.548681     -5.796 -9.990e-29    15.0317    -1.9943     -5.748 -9.990e-29 -9.990e-29 -9.990e-29
 238.548686     -5.801   0.498456    15.0407    -1.9941     -5.753     0.3011    -0.6718 -9.990e-29
 238.548692     -5.796   0.496652    15.0500    -1.9940     -5.748     0.2999    -0.6741 -9.990e-29
 238.548698     -5.780   0.494376    15.0579    -1.9940     -5.732     0.2984    -0.6765 -9.990e-29
 238.548704     -5.762   0.491915    15.0642    -1.9937     -5.714     0.2968    -0.6786 -9.990e-29
 238.548709     -5.743   0.489497    15.0681    -1.9936     -5.695     0.2953    -0.6804 -9.990e-29
 238.548715     -5.723   0.487219    15.0692    -1.9933     -5.675     0.2939    -0.6817 -9.990e-29
 238.548721     -5.700   0.484997    15.0689    -1.9935     -5.653     0.2925    -0.6827 -9.990e-29
 238.548727     -5.673   0.482638    15.0684    -1.9935     -5.626     0.2910    -0.6838 -9.990e-29
 238.548733     -5.645   0.479949    15.0692    -1.9940     -5.598     0.2893    -0.6852 -9.990e-29
 238.548738     -5.619   0.477220    15.0720    -1.9952     -5.572     0.2876    -0.6869 -9.990e-29
 238.548744     -5.587   0.474691    15.0754    -1.9956     -5.540     0.2860    -0.6887 -9.990e-29
 238.548750     -5.549   0.472310    15.0788    -1.9958     -5.503     0.2845    -0.6904 -9.990e-29
 238.548756     -5.510   0.470225    15.0828    -1.9961     -5.464     0.2832    -0.6920 -9.990e-29
 238.548762     -5.471   0.468424    15.0870    -1.9962     -5.425     0.2821    -0.6935 -9.990e-29
 238.548767     -5.432   0.466722    15.0900    -1.9958     -5.387     0.2810    -0.6948 -9.990e-29
 238.548773     -5.389   0.465065    15.0898    -1.9954     -5.344     0.2800    -0.6956 -9.990e-29
 238.548779     -5.343   0.463460    15.0846    -1.9952     -5.298     0.2790    -0.6955 -9.990e-29
 238.548785     -5.300   0.461980    15.0729    -1.9953     -5.256     0.2782    -0.6944 -9.990e-29
 238.548791     -5.263   0.460869    15.0577    -1.9959     -5.219     0.2776    -0.6925 -9.990e-29
 238.548796     -5.228   0.460305    15.0455    -1.9963     -5.184     0.2773    -0.6909 -9.990e-29
 238.548802     -5.193   0.460092    15.0382    -1.9972     -5.150     0.2772    -0.6898 -9.990e-29
 238.548808     -5.157   0.459946    15.0340    -1.9980     -5.114     0.2772    -0.6892 -9.990e-29
 238.548814     -5.120   0.459673    15.0335    -1.9984     -5.077     0.2770    -0.6893 -9.990e-29
 238.548819     -5.086   0.459463    15.0375    -1.9984     -5.044     0.2769    -0.6900 -9.990e-29
 238.548825     -5.051   0.459590    15.0431    -1.9986     -5.009     0.2769    -0.6908 -9.990e-29
 238.548831     -5.014   0.459671    15.0459    -1.9985     -4.972     0.2769    -0.6912 -9.990e-29
 238.548837     -4.973   0.459259    15.0431    -1.9984     -4.932     0.2767    -0.6910 -9.990e-29
 238.548843     -4.928   0.458360    15.0347    -1.9983     -4.887     0.2762    -0.6901 -9.990e-29
 238.548848     -4.886   0.457439    15.0218    -1.9983     -4.845     0.2757    -0.6885 -9.990e-29
 238.548854     -4.848   0.456928    15.0062    -1.9982     -4.808     0.2755    -0.6863 -9.990e-29
 238.548860     -4.812   0.456699    14.9917    -1.9983     -4.772     0.2755    -0.6842 -9.990e-29
 238.548866     -4.780   0.456447    14.9820    -1.9984     -4.740     0.2754    -0.6828 -9.990e-29
 238.548872     -4.754   0.455839    14.9775    -1.9994     -4.714     0.2750    -0.6823 -9.990e-29
 238.548877     -4.733   0.454616    14.9761    -2.0000     -4.694     0.2743    -0.6827 -9.990e-29
 238.548883     -4.714   0.452811    14.9766    -1.9999     -4.675     0.2731    -0.6837 -9.990e-29
 238.548889     -4.698   0.450783    14.9780    -1.9997     -4.659     0.2719    -0.6849 -9.990e-29
 238.548895     -4.682   0.449151    14.9793    -1.9999     -4.643     0.2709    -0.6858 -9.990e-29
 238.548900     -4.666   0.447955    14.9801    -2.0004     -4.627     0.2701    -0.6865 -9.990e-29
 238.548906     -4.649   0.446708    14.9798    -2.0007     -4.610     0.2693    -0.6871 -9.990e-29
 238.548912     -4.630   0.445409    14.9772    -2.0004     -4.591     0.2686    -0.6873 -9.990e-29
 238.548918     -4.607   0.443986    14.9706    -2.0000     -4.569     0.2677    -0.6870 -9.990e-29
 238.548924     -4.579   0.442206    14.9598    -1.9995     -4.541     0.2667    -0.6861 -9.990e-29
 238.548929     -4.550   0.440462    14.9503    -1.9992     -4.512     0.2657    -0.6855 -9.990e-29
 238.548935     -4.524   0.439198    14.9461    -1.9991     -4.486     0.2649    -0.6854 -9.990e-29
 238.548941     -4.506   0.438389    14.9447    -1.9991     -4.468     0.2644    -0.6856 -9.990e-29
 238.548947     -4.489   0.437511    14.9417    -1.9989     -4.452     0.2639    -0.6856 -9.990e-29
 238.548953     -4.468   0.435949    14.9368    -1.9986     -4.431     0.2630    -0.6855 -9.990e-29
 238.548958     -4.446   0.433835    14.9347    -1.9985     -4.409     0.2617    -0.6862 -9.990e-29
 238.548964     -4.426   0.431673    14.9381    -1.9981     -4.389     0.2603    -0.6878 -9.990e-29
 238.548970     -4.407   0.429901    14.9453    -1.9979     -4.370     0.2592    -0.6898 -9.990e-29
 238.548976     -4.388   0.428926    14.9536    -1.9978     -4.351     0.2585    -0.6915 -9.990e-29
 238.548981     -4.367   0.428554    14.9606    -1.9977     -4.331     0.2582    -0.6928 -9.990e-29
 238.548987     -4.343   0.428292    14.9653    -1.9974     -4.307     0.2580    -0.6937 -9.990e-29
 238.548993     -4.314   0.427789    14.9689    -1.9978     -4.278     0.2577    -0.6945 -9.990e-29
 238.548999     -4.284   0.426932    14.9735    -1.9977     -4.248     0.2571    -0.6956 -9.990e-29
 238.549005     -4.258   0.425684    14.9792    -1.9974     -4.223     0.2563    -0.6971 -9.990e-29
 238.549010     -4.235   0.424042    14.9855    -1.9969     -4.200     0.2553    -0.6988 -9.990e-29
 238.549016     -4.209   0.422584    14.9919    -1.9966     -4.174     0.2543    -0.7005 -9.990e-29
 238.549022     -4.182   0.421584    14.9969    -1.9962     -4.147     0.2537    -0.7018 -9.990e-29
 238.549028     -4.159   0.420814    15.0004    -1.9960     -4.124     0.2532    -0.7027 -9.990e-29
 238.549034     -4.136   0.420357    15.0036    -1.9959     -4.102     0.2529    -0.7034 -9.990e-29
 238.549039     -4.112   0.420155    15.0054    -1.9958     -4.078     0.2528    -0.7038 -9.990e-29
 238.549045     -4.086   0.419942    15.0059    -1.9957     -4.052     0.2526    -0.7040 -9.990e-29
 238.549051     -4.057   0.419432    15.0088    -1.9956     -4.023     0.2523    -0.7047 -9.990e-29
 238.549057     -4.026   0.418502    15.0154    -1.9955     -3.992     0.2517    -0.7062 -9.990e-29
 238.549062     -4.001   0.417572    15.0236    -1.9953     -3.968     0.2511    -0.7079 -9.990e-29
 238.549068     -3.979   0.417063    15.0321    -1.9950     -3.946     0.2507    -0.7094 -9.990e-29
 238.549074     -3.955   0.416853    15.0397    -1.9946     -3.922     0.2505    -0.7107 -9.990e-29
 238.549080     -3.932   0.416661    15.0453    -1.9943     -3.899     0.2504    -0.7117 -9.990e-29
 238.549086     -3.913   0.416232    15.0491    -1.9944     -3.880     0.2501    -0.7125 -9.990e-29
 238.549091     -3.896   0.415549    15.0521    -1.9941     -3.864     0.2496    -0.7133 -9.990e-29
 238.549097     -3.881   0.414806    15.0547    -1.9940     -3.849     0.2492    -0.7141 -9.990e-29
 238.549103     -3.866   0.414123    15.0575    -1.9941     -3.834     0.2487    -0.7148 -9.990e-29
 238.549109     -3.850   0.413695    15.0613    -1.9943     -3.818     0.2484    -0.7156 -9.990e-29
 238.549115     -3.833   0.413506    15.0667    -1.9942     -3.801     0.2483    -0.7166 -9.990e-29
 238.549120     -3.813   0.413305    15.0739    -1.9939     -3.781     0.2481    -0.7178 -9.990e-29
 238.549126     -3.789   0.412824    15.0818    -1.9938     -3.757     0.2478    -0.7193 -9.990e-29
 238.549132     -3.764   0.411976    15.0878    -1.9940     -3.733     0.2472    -0.7206 -9.990e-29
 238.549138     -3.741   0.410739    15.0918    -1.9939     -3.710     0.2464    -0.7218 -9.990e-29
 238.549144     -3.717   0.409123    15.0950    -1.9938     -3.686     0.2454    -0.7231 -9.990e-29
 238.549149     -3.696   0.407744    15.0967    -1.9937     -3.665     0.2446    -0.7240 -9.990e-29
 238.549155     -3.681   0.406976    15.0964    -1.9933     -3.650     0.2441    -0.7243 -9.990e-29
 238.549161     -3.667   0.406351    15.0961    -1.9931     -3.636     0.2437    -0.7246 -9.990e-29
 238.549167     -3.648   0.405590    15.0979    -1.9928     -3.618     0.2432    -0.7252 -9.990e-29
 238.549172     -3.627   0.404786    15.1010    -1.9930     -3.597     0.2427    -0.7261 -9.990e-29
 238.549178     -3.608   0.403974    15.1030    -1.9929     -3.578     0.2422    -0.7268 -9.990e-29
 238.549184     -3.588   0.403178    15.1036    -1.9923     -3.558     0.2417    -0.7273 -9.990e-29
 238.549190     -3.568   0.402445    15.1050    -1.9916     -3.538     0.2413    -0.7278 -9.990e-29
 238.549196     -3.545   0.401904    15.1082    -1.9914     -3.515     0.2409    -0.7286 -9.990e-29
 238.549201     -3.518   0.401390    15.1129    -1.9910     -3.489     0.2406    -0.7296 -9.990e-29
 238.549207     -3.490   0.400770    15.1187    -1.9911     -3.461     0.2402    -0.7308 -9.990e-29
 238.549213     -3.464   0.400325    15.1243    -1.9910     -3.435     0.2398    -0.7319 -9.990e-29
 238.549219     -3.436   0.400018    15.1284    -1.9912     -3.407     0.2396    -0.7327 -9.990e-29
 238.549225     -3.411   0.399441    15.1316    -1.9916     -3.383     0.2393    -0.7335 -9.990e-29
 238.549230     -3.391   0.398376    15.1373    -1.9918     -3.363     0.2386    -0.7349 -9.990e-29
 238.549236     -3.374   0.397065    15.1470    -1.9915     -3.346     0.2377    -0.7370 -9.990e-29
 238.549242     -3.359   0.395976    15.1579    -1.9913     -3.331     0.2370    -0.7392 -9.990e-29
 238.549248     -3.346   0.395318    15.1668    -1.9914     -3.318     0.2365    -0.7410 -9.990e-29
 238.549253     -3.334   0.394765    15.1723    -1.9912     -3.306     0.2362    -0.7421 -9.990e-29
 238.549259     -3.321   0.394136    15.1742    -1.9911     -3.293     0.2358    -0.7427 -9.990e-29
 238.549265     -3.308   0.393699    15.1735    -1.9909     -3.280     0.2355    -0.7428 -9.990e-29
 238.549271     -3.292   0.393428    15.1707    -1.9908     -3.265     0.2354    -0.7425 -9.990e-29
 238.549277     -3.274   0.392961    15.1670    -1.9912     -3.247     0.2351    -0.7421 -9.990e-29
 238.549282     -3.252   0.392229    15.1654    -1.9915     -3.225     0.2346    -0.7422 -9.990e-29
 238.549288     -3.230   0.391362    15.1671    -1.9916     -3.203     0.2341    -0.7429 -9.990e-29
 238.549294     -3.208   0.390313    15.1699    -1.9919     -3.181     0.2335    -0.7438 -9.990e-29
 238.549300     -3.188   0.389347    15.1720    -1.9926     -3.161     0.2328    -0.7446 -9.990e-29
 238.549306     -3.170   0.388836    15.1742    -1.9932     -3.144     0.2325    -0.7452 -9.990e-29
 238.549311     -3.155   0.388651    15.1770    -1.9935     -3.129     0.2324    -0.7457 -9.990e-29
 238.549317     -3.137   0.388549    15.1793    -1.9935     -3.111     0.2323    -0.7461 -9.990e-29
 238.549323     -3.119   0.388392    15.1787    -1.9935     -3.093     0.2322    -0.7461 -9.990e-29
 238.549329     -3.105   0.387970    15.1744    -1.9939     -3.079     0.2320    -0.7456 -9.990e-29
 238.549334     -3.093   0.387276    15.1688    -1.9943     -3.067     0.2316    -0.7451 -9.990e-29
 238.549340     -3.082   0.386492    15.1628    -1.9945     -3.056     0.2312    -0.7445 -9.990e-29
 238.549346     -3.073   0.385679    15.1544    -1.9947     -3.047     0.2307    -0.7436 -9.990e-29
 238.549352     -3.064   0.384862    15.1430    -1.9950     -3.038     0.2303    -0.7422 -9.990e-29
 238.549358     -3.055   0.384060    15.1318    -1.9949     -3.030     0.2298    -0.7408 -9.990e-29
 238.549363     -3.044   0.383311    15.1240    -1.9946     -3.019     0.2294    -0.7399 -9.990e-29
 238.549369     -3.033   0.382724    15.1196    -1.9942     -3.008     0.2291    -0.7395 -9.990e-29
 238.549375     -3.019   0.382623    15.1156    -1.9939     -2.994     0.2290    -0.7389 -9.990e-29
 238.549381     -3.002   0.382874    15.1098    -1.9936     -2.977     0.2292    -0.7379 -9.990e-29
 238.549387     -2.986   0.382704    15.1030    -1.9935     -2.961     0.2292    -0.7369 -9.990e-29
 238.549392     -2.973   0.381888    15.0970    -1.9933     -2.948     0.2287    -0.7363 -9.990e-29
 238.549398     -2.958   0.380999    15.0924    -1.9934     -2.933     0.2282    -0.7360 -9.990e-29
 238.549404     -2.937   0.380513    15.0902    -1.9934     -2.913     0.2279    -0.7359 -9.990e-29
 238.549410     -2.911   0.380338    15.0918    -1.9932     -2.887     0.2278    -0.7363 -9.990e-29
 238.549416     -2.888   0.380238    15.0970    -1.9930     -2.864     0.2277    -0.7371 -9.990e-29
 238.549421     -2.871   0.380079    15.1041    -1.9930     -2.847     0.2275    -0.7383 -9.990e-29
 238.549427     -2.859   0.379648    15.1113    -1.9927     -2.835     0.2272    -0.7397 -9.990e-29
 238.549433     -2.850   0.378922    15.1174    -1.9925     -2.826     0.2268    -0.7410 -9.990e-29
 238.549439     -2.841   0.378040    15.1220    -1.9925     -2.817     0.2262    -0.7421 -9.990e-29
 238.549444     -2.826   0.376930    15.1248    -1.9924     -2.802     0.2255    -0.7431 -9.990e-29
 238.549450     -2.808   0.375773    15.1261    -1.9926     -2.785     0.2248    -0.7438 -9.990e-29
 238.549456     -2.792   0.375241    15.1276    -1.9925     -2.769     0.2245    -0.7443 -9.990e-29
 238.549462     -2.775   0.375731    15.1305    -1.9922     -2.752     0.2247    -0.7445 -9.990e-29
 238.549468     -2.756   0.376788    15.1343    -1.9918     -2.733     0.2254    -0.7446 -9.990e-29
 238.549473     -2.735   0.377606    15.1383    -1.9918     -2.712     0.2258    -0.7449 -9.990e-29
 238.549479     -2.714   0.377612    15.1422    -1.9916     -2.691     0.2258    -0.7455 -9.990e-29
 238.549485     -2.697   0.376816    15.1457    -1.9916     -2.675     0.2253    -0.7464 -9.990e-29
 238.549491     -2.677   0.375814    15.1483    -1.9917     -2.655     0.2247    -0.7473 -9.990e-29
 238.549497     -2.655   0.374932    15.1495    -1.9918     -2.633     0.2241    -0.7479 -9.990e-29
 238.549502     -2.636   0.374100    15.1500    -1.9917     -2.614     0.2236    -0.7484 -9.990e-29
 238.549508     -2.619   0.373315    15.1524    -1.9917     -2.597     0.2231    -0.7491 -9.990e-29
 238.549514     -2.600   0.372635    15.1574    -1.9919     -2.578     0.2227    -0.7502 -9.990e-29
 238.549520     -2.582   0.372259    15.1629    -1.9918     -2.560     0.2224    -0.7513 -9.990e-29
 238.549525     -2.567   0.372239    15.1669    -1.9918     -2.546     0.2224    -0.7519 -9.990e-29
 238.549531     -2.554   0.372548    15.1693    -1.9920     -2.533     0.2226    -0.7521 -9.990e-29
 238.549537     -2.543   0.373044    15.1700    -1.9921     -2.522     0.2229    -0.7520 -9.990e-29
 238.549543     -2.533   0.373280    15.1694    -1.9920     -2.512     0.2230    -0.7518 -9.990e-29
 238.549549     -2.524   0.373015    15.1689    -1.9918     -2.503     0.2229    -0.7518 -9.990e-29
 238.549554     -2.514   0.372448    15.1690    -1.9921     -2.493     0.2225    -0.7521 -9.990e-29
 238.549560     -2.503   0.371931    15.1687    -1.9923     -2.482     0.2222    -0.7523 -9.990e-29
 238.549566     -2.491   0.371325    15.1680    -1.9932     -2.470     0.2218    -0.7525 -9.990e-29
 238.549572     -2.477   0.370377    15.1674    -1.9936     -2.456     0.2213    -0.7529 -9.990e-29
 238.549578     -2.464   0.369481    15.1661    -1.9937     -2.443     0.2207    -0.7531 -9.990e-29
 238.549583     -2.455   0.369102    15.1642    -1.9937     -2.435     0.2205    -0.7530 -9.990e-29
 238.549589     -2.446   0.369288    15.1630    -1.9941     -2.426     0.2206    -0.7527 -9.990e-29
 238.549595     -2.431   0.369732    15.1632    -1.9943     -2.411     0.2209    -0.7525 -9.990e-29
 238.549601     -2.415   0.369918    15.1627    -1.9945     -2.395     0.2210    -0.7523 -9.990e-29
