data/oxygen options/ONMS/Olympic_Coast_National_Marine_Sanctuary_CTD_Data_2005_2023/raw_data/2011/CAST_MB015_060811faed.cnv
* Sea-Bird SBE19 Data File:
* FileName = C:\Documents and Settings\OCNMS\Desktop\2011 mooring data\first service\CAST_MB015_060811.hex
* Software Version 1.24
* Temperature SN = 2997
* Conductivity SN = 2997
* System UpLoad Time = Jun 08 2011 17:26:07
** CAST_MB015_060811
* SEACAT PROFILER V3.1c SN 2997   06/08/11  17:25:17.190
# nquan = 9                                 
# nvalues = 584                         
# units = specified
# name 0 = timeJ: Julian Days
# name 1 = prSM: Pressure, Strain Gauge [db]
# name 2 = c0mS/cm: Conductivity [mS/cm]
# name 3 = t090C: Temperature [ITS-90, deg C]
# name 4 = sbeox0ML/L: Oxygen, SBE 43 [ml/l]
# name 5 = depSM: Depth [salt water, m], lat = 47.5
# name 6 = sal00: Salinity, Practical [PSU]
# name 7 = sigma-é00: Density [sigma-theta, kg/m^3]
# name 8 = flag: flag
# span 0 = 159.450069, 159.453443       
# span 1 =     -5.729,     16.900       
# span 2 =   0.000863,  35.047521       
# span 3 =     9.0620,    13.6726       
# span 4 =    -2.0574,    15.6684       
# span 5 =     -5.681,     16.758       
# span 6 =     0.0071,    32.1101       
# span 7 =    -0.7037,    24.8445       
# span 8 = 0.0000e+00, 0.0000e+00       
# interval = seconds: 0.5
# start_time = Jun 08 2011 10:48:06 [Instrument's time stamp, header]
# bad_flag = -9.990e-29
*END*
[from data line 161]
 159.451001     -1.447  34.877169    13.5185     6.2615     -1.435    28.8669    21.5476 -9.990e-29
 159.451007     -1.438  34.877300    13.5194     6.2769     -1.426    28.8663    21.5470 -9.990e-29
 159.451013     -1.442  34.878241    13.5211     6.2845     -1.430    28.8659    21.5463 -9.990e-29
 159.451019     -1.449  34.879695    13.5235     6.2867     -1.437    28.8654    21.5455 -9.990e-29
 159.451024     -1.452  34.880932    13.5253     6.2810     -1.440    28.8652    21.5450 -9.990e-29
 159.451030     -1.447  34.880370    13.5249     6.2846     -1.435    28.8650    21.5449 -9.990e-29
 159.451036     -1.433  34.877390    13.5227     6.2947     -1.421    28.8639    21.5445 -9.990e-29
 159.451042     -1.414  34.874311    13.5211     6.2966     -1.402    28.8623    21.5436 -9.990e-29
 159.451047     -1.397  34.873318    13.5213     6.2944     -1.385    28.8612    21.5427 -9.990e-29
 159.451053     -1.385  34.873778    13.5226     6.2803     -1.373    28.8607    21.5420 -9.990e-29
 159.451059     -1.377  34.874192    13.5240     6.2665     -1.366    28.8600    21.5412 -9.990e-29
 159.451065     -1.370  34.874124    13.5245     6.2728     -1.359    28.8595    21.5408 -9.990e-29
 159.451071     -1.357  34.874172    13.5243     6.2769     -1.346    28.8597    21.5410 -9.990e-29
 159.451076     -1.338  34.874530    13.5245     6.2909     -1.327    28.8599    21.5411 -9.990e-29
 159.451082     -1.316  34.874685    13.5250     6.2794     -1.305    28.8597    21.5408 -9.990e-29
 159.451088     -1.295  34.874415    13.5252     6.2568     -1.284    28.8592    21.5404 -9.990e-29
 159.451094     -1.272  34.874049    13.5257     6.2509     -1.261    28.8585    21.5398 -9.990e-29
 159.451100     -1.251  34.874349    13.5273     6.2503     -1.241    28.8576    21.5387 -9.990e-29
 159.451105     -1.235  34.875285    13.5294     6.2690     -1.225    28.8569    21.5378 -9.990e-29
 159.451111     -1.222  34.875993    13.5305     6.2864     -1.212    28.8567    21.5374 -9.990e-29
 159.451117     -1.207  34.875306    13.5298     6.2972     -1.197    28.8566    21.5375 -9.990e-29
 159.451123     -1.186  34.873001    13.5279     6.2979     -1.176    28.8559    21.5373 -9.990e-29
 159.451128     -1.160  34.871176    13.5257     6.2920     -1.150    28.8558    21.5377 -9.990e-29
 159.451134     -1.134  34.870327    13.5234     6.2939     -1.125    28.8568    21.5389 -9.990e-29
 159.451140     -1.104  34.868891    13.5212     6.2996     -1.095    28.8571    21.5396 -9.990e-29
 159.451146     -1.079  34.867325    13.5206     6.3007     -1.070    28.8561    21.5389 -9.990e-29
 159.451152     -1.068  34.867591    13.5227     6.2907     -1.059    28.8548    21.5375 -9.990e-29
 159.451157     -1.071  34.869612    13.5256     6.2753     -1.062    28.8545    21.5367 -9.990e-29
 159.451163     -1.081  34.870611    13.5260     6.2619     -1.072    28.8551    21.5370 -9.990e-29
 159.451169     -1.084  34.868691    13.5233     6.2619     -1.075    28.8554    21.5378 -9.990e-29
 159.451175     -1.072  34.865344    13.5202     6.2597     -1.063    28.8546    21.5378 -9.990e-29
 159.451181     -1.054  34.863518    13.5189     6.2636     -1.045    28.8539    21.5375 -9.990e-29
 159.451186     -1.041  34.863708    13.5192     6.2678     -1.032    28.8539    21.5374 -9.990e-29
 159.451192     -1.036  34.864618    13.5205     6.2775     -1.027    28.8537    21.5371 -9.990e-29
 159.451198     -1.039  34.865910    13.5229     6.2835     -1.030    28.8531    21.5361 -9.990e-29
 159.451204     -1.045  34.868316    13.5253     6.2833     -1.036    28.8535    21.5360 -9.990e-29
 159.451209     -1.048  34.870131    13.5261     6.2889     -1.039    28.8545    21.5366 -9.990e-29
 159.451215     -1.042  34.868868    13.5259     6.2868     -1.033    28.8535    21.5359 -9.990e-29
 159.451221     -1.027  34.866892    13.5263     6.2869     -1.018    28.8514    21.5342 -9.990e-29
 159.451227     -1.007  34.866741    13.5270     6.2932     -0.999    28.8507    21.5335 -9.990e-29
 159.451233     -0.989  34.867222    13.5271     6.2988     -0.981    28.8511    21.5338 -9.990e-29
 159.451238     -0.976  34.866868    13.5264     6.2925     -0.968    28.8513    21.5341 -9.990e-29
 159.451244     -0.967  34.865895    13.5255     6.2965     -0.959    28.8511    21.5341 -9.990e-29
 159.451250     -0.962  34.865376    13.5248     6.2927     -0.954    28.8511    21.5342 -9.990e-29
 159.451256     -0.960  34.865868    13.5248     6.2914     -0.952    28.8516    21.5346 -9.990e-29
 159.451262     -0.961  34.867039    13.5252     6.2861     -0.953    28.8524    21.5351 -9.990e-29
 159.451267     -0.961  34.868339    13.5260     6.2803     -0.953    28.8529    21.5354 -9.990e-29
 159.451273     -0.951  34.869949    13.5269     6.2726     -0.943    28.8537    21.5358 -9.990e-29
 159.451279     -0.931  34.870788    13.5275     6.2803     -0.923    28.8541    21.5360 -9.990e-29
 159.451285     -0.912  34.869862    13.5281     6.2937     -0.904    28.8527    21.5348 -9.990e-29
 159.451291     -0.906  34.869428    13.5288     6.2975     -0.898    28.8518    21.5340 -9.990e-29
 159.451296     -0.913  34.870155    13.5289     6.2995     -0.905    28.8524    21.5344 -9.990e-29
 159.451302     -0.925  34.870344    13.5276     6.2857     -0.917    28.8536    21.5356 -9.990e-29
 159.451308     -0.937  34.868696    13.5245     6.2876     -0.929    28.8544    21.5368 -9.990e-29
 159.451314     -0.947  34.865385    13.5213     6.2971     -0.939    28.8538    21.5370 -9.990e-29
 159.451319     -0.950  34.862846    13.5195     6.3087     -0.942    28.8528    21.5366 -9.990e-29
 159.451325     -0.952  34.862306    13.5191     6.3123     -0.944    28.8526    21.5365 -9.990e-29
 159.451331     -0.956  34.862615    13.5197     6.2909     -0.948    28.8524    21.5362 -9.990e-29
 159.451337     -0.963  34.862631    13.5207     6.2729     -0.955    28.8517    21.5355 -9.990e-29
 159.451343     -0.974  34.862508    13.5214     6.2749     -0.966    28.8511    21.5349 -9.990e-29
 159.451348     -0.989  34.862771    13.5219     6.2565     -0.981    28.8509    21.5347 -9.990e-29
 159.451354     -1.009  34.863342    13.5226     6.2058     -1.001    28.8509    21.5345 -9.990e-29
 159.451360     -1.035  34.863991    13.5235     6.0850     -1.026    28.8509    21.5343 -9.990e-29
 159.451366     -1.068  34.864592    13.5244     5.9583     -1.059    28.8508    21.5340 -9.990e-29
 159.451372     -1.108  34.864958    13.5254     5.8802     -1.099    28.8504    21.5335 -9.990e-29
 159.451377     -1.148  34.865147    13.5265     5.8760     -1.138    28.8497    21.5328 -9.990e-29
 159.451383     -1.185  34.865540    13.5274     5.9537     -1.175    28.8494    21.5324 -9.990e-29
 159.451389     -1.223  34.866233    13.5287     6.0097     -1.213    28.8491    21.5319 -9.990e-29
 159.451395     -1.259  34.867161    13.5307     6.0147     -1.248    28.8484    21.5310 -9.990e-29
 159.451400     -1.287  34.868010    13.5328     5.9674     -1.276    28.8476    21.5300 -9.990e-29
 159.451406     -1.305  34.868923    13.5337     5.9291     -1.294    28.8478    21.5299 -9.990e-29
 159.451412     -1.314  34.870129    13.5334     5.9473     -1.303    28.8491    21.5310 -9.990e-29
 159.451418     -1.315  34.870565    13.5329     6.0162     -1.304    28.8499    21.5317 -9.990e-29
 159.451424     -1.307  34.870380    13.5329     6.0814     -1.296    28.8497    21.5316 -9.990e-29
 159.451429     -1.290  34.870579    13.5333     6.1216     -1.279    28.8496    21.5314 -9.990e-29
 159.451435     -1.262  34.870997    13.5345     6.1403     -1.251    28.8491    21.5308 -9.990e-29
 159.451441     -1.223  34.871760    13.5372     6.1566     -1.213    28.8477    21.5292 -9.990e-29
 159.451447     -1.174  34.873456    13.5414     6.1624     -1.164    28.8461    21.5271 -9.990e-29
 159.451453     -1.121  34.876235    13.5470     6.1643     -1.112    28.8444    21.5247 -9.990e-29
 159.451458     -1.063  34.879453    13.5538     6.1567     -1.054    28.8422    21.5217 -9.990e-29
 159.451464     -0.998  34.883049    13.5571     6.1704     -0.990    28.8430    21.5217 -9.990e-29
 159.451470     -0.922  34.884669    13.5523     6.1821     -0.914    28.8481    21.5265 -9.990e-29
 159.451476     -0.833  34.879323    13.5431     6.1919     -0.826    28.8501    21.5299 -9.990e-29
 159.451481     -0.740  34.870094    13.5338     6.1843     -0.734    28.8486    21.5305 -9.990e-29
 159.451487     -0.653  34.864386    13.5255     6.1650     -0.648    28.8496    21.5329 -9.990e-29
 159.451493     -0.583  34.862486    13.5197     6.1611     -0.578    28.8522    21.5361 -9.990e-29
 159.451499     -0.536  34.861874    13.5171     6.1786     -0.532    28.8536    21.5376 -9.990e-29
 159.451505     -0.504  34.861723    13.5164     6.2077     -0.500    28.8540    21.5381 -9.990e-29
 159.451510     -0.475  34.861802    13.5162     6.2036     -0.471    28.8542    21.5383 -9.990e-29
 159.451516     -0.445  34.862176    13.5163     6.1761     -0.441    28.8544    21.5384 -9.990e-29
 159.451522     -0.415  34.862745    13.5165     6.1705     -0.412    28.8548    21.5387 -9.990e-29
 159.451528     -0.388  34.863107    13.5165     6.1731     -0.385    28.8551    21.5389 -9.990e-29
 159.451534     -0.362  34.863146    13.5164     6.1905     -0.359    28.8552    21.5390 -9.990e-29
 159.451539     -0.335  34.862875    13.5165     6.2121     -0.332    28.8549    21.5388 -9.990e-29
 159.451545     -0.310  34.862456    13.5169     6.2138     -0.307    28.8542    21.5381 -9.990e-29
 159.451551     -0.295  34.862411    13.5173     6.2099     -0.293    28.8538    21.5378 -9.990e-29
 159.451557     -0.291  34.862638    13.5176     6.2099     -0.289    28.8538    21.5377 -9.990e-29
 159.451562     -0.296  34.862841    13.5181     6.2257     -0.294    28.8536    21.5375 -9.990e-29
 159.451568     -0.300  34.863255    13.5183     6.2353     -0.297    28.8539    21.5376 -9.990e-29
 159.451574     -0.295  34.863832    13.5178     6.2352     -0.293    28.8548    21.5384 -9.990e-29
 159.451580     -0.277  34.864185    13.5167     6.2336     -0.275    28.8559    21.5395 -9.990e-29
 159.451586     -0.253  34.864184    13.5160     6.2222     -0.251    28.8564    21.5401 -9.990e-29
 159.451591     -0.234  34.864350    13.5158     6.2103     -0.232    28.8567    21.5403 -9.990e-29
 159.451597     -0.224  34.864864    13.5162     6.2063     -0.222    28.8569    21.5404 -9.990e-29
 159.451603     -0.217  34.865250    13.5171     6.2101     -0.215    28.8566    21.5399 -9.990e-29
 159.451609     -0.209  34.865427    13.5176     6.2298     -0.207    28.8563    21.5397 -9.990e-29
 159.451615     -0.203  34.865590    13.5174     6.2300     -0.201    28.8566    21.5400 -9.990e-29
 159.451620     -0.204  34.865920    13.5170     6.2340     -0.202    28.8572    21.5405 -9.990e-29
 159.451626     -0.208  34.866255    13.5166     6.2280     -0.206    28.8579    21.5410 -9.990e-29
 159.451632     -0.205  34.866443    13.5159     6.2140     -0.203    28.8586    21.5417 -9.990e-29
 159.451638     -0.196  34.866696    13.5153     6.2144     -0.194    28.8592    21.5424 -9.990e-29
 159.451644     -0.188  34.866753    13.5150     6.2105     -0.186    28.8595    21.5426 -9.990e-29
 159.451649     -0.187  34.866651    13.5151     6.2201     -0.185    28.8593    21.5425 -9.990e-29
 159.451655     -0.186  34.866776    13.5154     6.2103     -0.184    28.8592    21.5423 -9.990e-29
 159.451661     -0.178  34.866695    13.5153     6.1984     -0.177    28.8592    21.5424 -9.990e-29
 159.451667     -0.162  34.866262    13.5147     6.2025     -0.161    28.8593    21.5425 -9.990e-29
 159.451672     -0.145  34.865981    13.5143     6.1966     -0.144    28.8593    21.5426 -9.990e-29
 159.451678     -0.131  34.865998    13.5144     6.2121     -0.130    28.8593    21.5426 -9.990e-29
 159.451684     -0.120  34.866297    13.5148     6.2238     -0.119    28.8592    21.5424 -9.990e-29
 159.451690     -0.105  34.866676    13.5150     6.2240     -0.104    28.8594    21.5426 -9.990e-29
 159.451696     -0.081  34.866484    13.5151     6.2336     -0.080    28.8592    21.5423 -9.990e-29
 159.451701     -0.053  34.865986    13.5155     6.2464     -0.053    28.8584    21.5417 -9.990e-29
 159.451707     -0.021  34.866157    13.5160     6.2536     -0.021    28.8582    21.5414 -9.990e-29
 159.451713      0.016  34.866626    13.5163     6.2530      0.016    28.8583    21.5415 -9.990e-29
 159.451719      0.061  34.866859    13.5164     6.2471      0.060    28.8585    21.5416 -9.990e-29
 159.451725      0.115  34.867130    13.5167     6.2500      0.114    28.8585    21.5415 -9.990e-29
 159.451730      0.184  34.867199    13.5170     6.2419      0.182    28.8583    21.5413 -9.990e-29
 159.451736      0.270  34.867120    13.5168     6.2401      0.268    28.8583    21.5414 -9.990e-29
 159.451742      0.380  34.867310    13.5157     6.2377      0.377    28.8593    21.5423 -9.990e-29
 159.451748      0.516  34.868545    13.5133     6.2277      0.512    28.8622    21.5450 0.0000e+00
 159.451753      0.675  34.872992    13.5097     6.2374      0.669    28.8689    21.5510 0.0000e+00
 159.451759      0.848  34.879258    13.5029     6.2391      0.841    28.8798    21.5606 0.0000e+00
 159.451765      1.034  34.886697    13.4881     6.2411      1.025    28.8977    21.5774 0.0000e+00
 159.451771      1.238  34.904067    13.4637     6.2509      1.228    28.9321    21.6086 0.0000e+00
 159.451777      1.457  34.932644    13.4376     6.2726      1.445    28.9780    21.6492 0.0000e+00
 159.451782      1.686  34.957280    13.4199     6.3016      1.672    29.0141    21.6804 0.0000e+00
 159.451788      1.913  34.968772    13.4119     6.3290      1.897    29.0306    21.6948 0.0000e+00
 159.451794      2.131  34.973437    13.4088     6.3488      2.113    29.0372    21.7004 0.0000e+00
 159.451800      2.340  34.979692    13.4079     6.3612      2.320    29.0436    21.7055 0.0000e+00
 159.451806      2.546  34.989674    13.4087     6.3497      2.525    29.0521    21.7119 0.0000e+00
 159.451811      2.750  34.999850    13.4105     6.3720      2.727    29.0600    21.7177 0.0000e+00
 159.451817      2.946  35.006387    13.4122     6.4051      2.921    29.0647    21.7210 0.0000e+00
 159.451823      3.134  35.008998    13.4133     6.4672      3.108    29.0662    21.7219 0.0000e+00
 159.451829      3.319  35.009446    13.4139     6.5278      3.291    29.0661    21.7217 0.0000e+00
 159.451834      3.502  35.009968    13.4143     6.5695      3.473    29.0662    21.7218 0.0000e+00
 159.451840      3.691  35.012342    13.4144     6.5858      3.660    29.0682    21.7233 0.0000e+00
 159.451846      3.890  35.017452    13.4138     6.5418      3.857    29.0733    21.7274 0.0000e+00
 159.451852      4.091  35.022551    13.4119     6.4267      4.057    29.0794    21.7324 0.0000e+00
 159.451858      4.292  35.023194    13.4082     6.2834      4.256    29.0827    21.7357 0.0000e+00
 159.451863      4.502  35.021320    13.4012     6.1734      4.464    29.0862    21.7398 0.0000e+00
 159.451869      4.722  35.020551    13.3884     6.1068      4.683    29.0952    21.7492 0.0000e+00
 159.451875      4.954  35.020943    13.3722     6.0964      4.913    29.1078    21.7621 0.0000e+00
 159.451881      5.198  35.028577    13.3506     6.1283      5.155    29.1313    21.7844 0.0000e+00
 159.451887      5.449  35.041830    13.3032     6.1733      5.403    29.1797    21.8309 0.0000e+00
 159.451892      5.698  35.047521    13.2216     6.2260      5.650    29.2474    21.8989 0.0000e+00
 159.451898      5.938  35.043115    13.1247     6.2641      5.888    29.3179    21.9719 0.0000e+00
 159.451904      6.172  35.026612    13.0152     6.2628      6.120    29.3871    22.0463 0.0000e+00
 159.451910      6.406  34.991636    12.8768     6.2513      6.352    29.4618    22.1303 0.0000e+00
 159.451916      6.643  34.948630    12.7250     6.2419      6.587    29.5399    22.2193 0.0000e+00
