data/oxygen options/ONMS/Olympic_Coast_National_Marine_Sanctuary_CTD_Data_2005_2023/raw_data/2011/CAST_MB042_082611faed.cnv
* Sea-Bird SBE19 Data File:
* FileName = C:\Documents and Settings\OCNMS\Desktop\2011 mooring data\3rd service\CAST_MB042_082611.hex
* Software Version 1.24
* Temperature SN = 2997
* Conductivity SN = 2997
* System UpLoad Time = Aug 26 2011 14:28:26
** CAST_MB042_082611
* SEACAT PROFILER V3.1c SN 2997   08/26/11  14:28:03.040
# nquan = 9                                 
# nvalues = 1755                        
# units = specified
# name 0 = timeJ: Julian Days
# name 1 = prSM: Pressure, Strain Gauge [db]
# name 2 = c0mS/cm: Conductivity [mS/cm]
# name 3 = t090C: Temperature [ITS-90, deg C]
# name 4 = sbeox0ML/L: Oxygen, SBE 43 [ml/l]
# name 5 = depSM: Depth [salt water, m], lat = 47.5
# name 6 = sal00: Salinity, Practical [PSU]
# name 7 = sigma-é00: Density [sigma-theta, kg/m^3]
# name 8 = flag: flag
# span 0 = 238.447801, 238.457951       
# span 1 =     -5.752,     43.698       
# span 2 =   0.003888,  37.702429       
# span 3 =     7.5248,    14.2094       
# span 4 =    -2.0632,    19.0437       
# span 5 =     -5.704,     43.329       
# span 6 =     0.0083,    33.6958       
# span 7 =    -0.7748,    26.3188       
# span 8 = 0.0000e+00, 0.0000e+00       
# interval = seconds: 0.5
# start_time = Aug 26 2011 10:44:50 [Instrument's time stamp, header]
# bad_flag = -9.990e-29
*END*
[from data line 641]
 238.451510     -0.321   0.004633    13.9447    -2.0475     -0.318     0.0086    -0.7397 -9.990e-29
 238.451516     -0.307   0.004457    13.9379    -2.0473     -0.304     0.0085    -0.7388 -9.990e-29
 238.451522     -0.290   0.004460    13.9351    -2.0474     -0.288     0.0085    -0.7384 -9.990e-29
 238.451528     -0.271   0.004644    13.9325    -2.0473     -0.269     0.0086    -0.7380 -9.990e-29
 238.451534     -0.259   0.004702    13.9265    -2.0473     -0.257     0.0086    -0.7372 -9.990e-29
 238.451539     -0.252   0.004712    13.9177    -2.0473     -0.250     0.0086    -0.7360 -9.990e-29
 238.451545     -0.247   0.004688    13.9104    -2.0472     -0.245     0.0086    -0.7350 -9.990e-29
 238.451551     -0.242   0.004598    13.9076    -2.0471     -0.240     0.0085    -0.7346 -9.990e-29
 238.451557     -0.238   0.004323    13.9085    -2.0470     -0.236     0.0084    -0.7348 -9.990e-29
 238.451562     -0.233   0.004051    13.9112    -2.0467     -0.231     0.0083    -0.7353 -9.990e-29
 238.451568     -0.225   0.003971    13.9138    -2.0467     -0.223     0.0083    -0.7357 -9.990e-29
 238.451574     -0.211   0.003978    13.9152    -2.0465     -0.209     0.0083    -0.7358 -9.990e-29
 238.451580     -0.200   0.004081    13.9160    -2.0465     -0.198     0.0083    -0.7359 -9.990e-29
 238.451586     -0.195   0.004419    13.9166    -2.0467     -0.193     0.0085    -0.7359 -9.990e-29
 238.451591     -0.196   0.004889    13.9175    -2.0468     -0.194     0.0087    -0.7359 -9.990e-29
 238.451597     -0.199   0.005010    13.9194    -2.0472     -0.197     0.0087    -0.7361 -9.990e-29
 238.451603     -0.200   0.004945    13.9219    -2.0473     -0.198     0.0087    -0.7365 -9.990e-29
 238.451609     -0.202   0.005159    13.9246    -2.0475     -0.200     0.0088    -0.7368 -9.990e-29
 238.451615     -0.211   0.005387    13.9274    -2.0475     -0.209     0.0089    -0.7371 -9.990e-29
 238.451620     -0.223   0.005377    13.9300    -2.0476     -0.221     0.0089    -0.7374 -9.990e-29
 238.451626     -0.234   0.005118    13.9318    -2.0476     -0.232     0.0088    -0.7378 -9.990e-29
 238.451632     -0.245   0.004820    13.9317    -2.0476     -0.243     0.0086    -0.7378 -9.990e-29
 238.451638     -0.252   0.004639    13.9294    -2.0472     -0.250     0.0086    -0.7376 -9.990e-29
 238.451644     -0.256   0.004334    13.9251    -2.0471     -0.254     0.0084    -0.7371 -9.990e-29
 238.451649     -0.262   0.004051    13.9199    -2.0474     -0.260     0.0083    -0.7365 -9.990e-29
 238.451655     -0.264   0.003968    13.9156    -2.0476     -0.262     0.0083    -0.7359 -9.990e-29
 238.451661     -0.260   0.003973    13.9130    -2.0477     -0.258     0.0083    -0.7355 -9.990e-29
 238.451667     -0.253   0.004075    13.9114    -2.0477     -0.251     0.0083    -0.7353 -9.990e-29
 238.451672     -0.252   0.004409    13.9103    -2.0475     -0.250     0.0085    -0.7350 -9.990e-29
 238.451678     -0.260   0.004865    13.9099    -2.0475     -0.258     0.0087    -0.7348 -9.990e-29
 238.451684     -0.274   0.004946    13.9114    -2.0473     -0.272     0.0087    -0.7350 -9.990e-29
 238.451690     -0.286   0.004763    13.9140    -2.0472     -0.284     0.0086    -0.7354 -9.990e-29
 238.451696     -0.293   0.004624    13.9148    -2.0470     -0.291     0.0086    -0.7356 -9.990e-29
 238.451701     -0.295   0.004343    13.9129    -2.0469     -0.293     0.0084    -0.7354 -9.990e-29
 238.451707     -0.291   0.004101    13.9102    -2.0469     -0.289     0.0083    -0.7351 -9.990e-29
 238.451713     -0.283   0.004129    13.9087    -2.0469     -0.281     0.0083    -0.7349 -9.990e-29
 238.451719     -0.270   0.004465    13.9091    -2.0469     -0.268     0.0085    -0.7349 -9.990e-29
 238.451725     -0.254   0.005003    13.9109    -2.0469     -0.252     0.0087    -0.7349 -9.990e-29
 238.451730     -0.239   0.005355    13.9134    -2.0469     -0.237     0.0089    -0.7351 -9.990e-29
 238.451736     -0.225   0.005437    13.9164    -2.0466     -0.223     0.0089    -0.7355 -9.990e-29
 238.451742     -0.214   0.005357    13.9193    -2.0463     -0.212     0.0089    -0.7360 -9.990e-29
 238.451748     -0.210   0.005011    13.9217    -2.0460     -0.208     0.0087    -0.7364 -9.990e-29
 238.451753     -0.208   0.004489    13.9237    -2.0459     -0.206     0.0085    -0.7369 -9.990e-29
 238.451759     -0.201   0.004204    13.9250    -2.0457     -0.199     0.0084    -0.7371 -9.990e-29
 238.451765     -0.187   0.004328    13.9258    -2.0455     -0.185     0.0084    -0.7372 -9.990e-29
 238.451771     -0.175   0.004475    13.9264    -2.0454     -0.174     0.0085    -0.7372 -9.990e-29
 238.451777     -0.167   0.004289    13.9275    -2.0453     -0.166     0.0084    -0.7374 -9.990e-29
 238.451782     -0.163   0.004075    13.9297    -2.0453     -0.162     0.0083    -0.7378 -9.990e-29
 238.451788     -0.163   0.004101    13.9339    -2.0453     -0.162     0.0083    -0.7384 -9.990e-29
 238.451794     -0.163   0.004404    13.9396    -2.0453     -0.162     0.0085    -0.7391 -9.990e-29
 238.451800     -0.158   0.004834    13.9450    -2.0453     -0.157     0.0087    -0.7397 -9.990e-29
 238.451806     -0.153   0.004858    13.9495    -2.0451     -0.152     0.0087    -0.7403 -9.990e-29
 238.451811     -0.150   0.004509    13.9537    -2.0449     -0.149     0.0085    -0.7410 -9.990e-29
 238.451817     -0.151   0.004427    13.9575    -2.0448     -0.150     0.0085    -0.7415 -9.990e-29
 238.451823     -0.156   0.004503    13.9602    -2.0447     -0.155     0.0085    -0.7419 -9.990e-29
 238.451829     -0.163   0.004285    13.9618    -2.0445     -0.162     0.0084    -0.7422 -9.990e-29
 238.451834     -0.171   0.004039    13.9626    -2.0445     -0.170     0.0083    -0.7424 -9.990e-29
 238.451840     -0.170   0.003989    13.9630    -2.0447     -0.169     0.0083    -0.7424 -9.990e-29
 238.451846     -0.160   0.004070    13.9636    -2.0445     -0.159     0.0083    -0.7425 -9.990e-29
 238.451852     -0.150   0.004388    13.9654    -2.0445     -0.149     0.0085    -0.7426 -9.990e-29
 238.451858     -0.143   0.004815    13.9686    -2.0445     -0.142     0.0087    -0.7429 -9.990e-29
 238.451863     -0.139   0.004814    13.9719    -2.0445     -0.138     0.0087    -0.7434 -9.990e-29
 238.451869     -0.137   0.004384    13.9747    -2.0446     -0.136     0.0085    -0.7439 -9.990e-29
 238.451875     -0.137   0.004058    13.9772    -2.0444     -0.136     0.0083    -0.7444 -9.990e-29
 238.451881     -0.139   0.003958    13.9789    -2.0441     -0.138     0.0083    -0.7446 -9.990e-29
 238.451887     -0.144   0.003948    13.9794    -2.0439     -0.143     0.0083    -0.7447 -9.990e-29
 238.451892     -0.148   0.004018    13.9797    -2.0437     -0.147     0.0083    -0.7447 -9.990e-29
 238.451898     -0.146   0.004260    13.9805    -2.0433     -0.145     0.0084    -0.7448 -9.990e-29
 238.451904     -0.142   0.004444    13.9810    -2.0431     -0.141     0.0085    -0.7448 -9.990e-29
 238.451910     -0.141   0.004262    13.9809    -2.0430     -0.140     0.0084    -0.7448 -9.990e-29
 238.451916     -0.143   0.004025    13.9811    -2.0430     -0.142     0.0083    -0.7449 -9.990e-29
 238.451921     -0.143   0.003970    13.9825    -2.0431     -0.142     0.0083    -0.7451 -9.990e-29
 238.451927     -0.137   0.004024    13.9858    -2.0430     -0.136     0.0083    -0.7456 -9.990e-29
 238.451933     -0.129   0.004261    13.9907    -2.0430     -0.128     0.0084    -0.7462 -9.990e-29
 238.451939     -0.123   0.004443    13.9962    -2.0429     -0.122     0.0085    -0.7469 -9.990e-29
 238.451944     -0.118   0.004260    14.0021    -2.0428     -0.117     0.0084    -0.7478 -9.990e-29
 238.451950     -0.114   0.004023    14.0079    -2.0428     -0.113     0.0083    -0.7486 -9.990e-29
 238.451956     -0.111   0.003968    14.0124    -2.0430     -0.110     0.0083    -0.7493 -9.990e-29
 238.451962     -0.109   0.004022    14.0147    -2.0429     -0.108     0.0083    -0.7496 -9.990e-29
 238.451968     -0.108   0.004258    14.0152    -2.0426     -0.107     0.0084    -0.7496 -9.990e-29
 238.451973     -0.106   0.004440    14.0154    -2.0424     -0.105     0.0085    -0.7495 -9.990e-29
 238.451979     -0.106   0.004255    14.0163    -2.0422     -0.105     0.0084    -0.7497 -9.990e-29
 238.451985     -0.105   0.004012    14.0179    -2.0422     -0.104     0.0083    -0.7500 -9.990e-29
 238.451991     -0.105   0.003939    14.0195    -2.0421     -0.104     0.0083    -0.7503 -9.990e-29
 238.451997     -0.104   0.003940    14.0206    -2.0421     -0.103     0.0083    -0.7504 -9.990e-29
 238.452002     -0.104   0.004016    14.0206    -2.0420     -0.103     0.0083    -0.7504 -9.990e-29
 238.452008     -0.104   0.004268    14.0206    -2.0418     -0.103     0.0085    -0.7503 -9.990e-29
 238.452014     -0.105   0.004479    14.0225    -2.0414     -0.104     0.0085    -0.7505 -9.990e-29
 238.452020     -0.106   0.004376    14.0261    -2.0415     -0.105     0.0085    -0.7511 -9.990e-29
 238.452025     -0.107   0.004376    14.0300    -2.0415     -0.106     0.0085    -0.7516 -9.990e-29
 238.452031     -0.108   0.004478    14.0334    -2.0415     -0.107     0.0085    -0.7520 -9.990e-29
 238.452037     -0.109   0.004267    14.0359    -2.0414     -0.108     0.0085    -0.7525 -9.990e-29
 238.452043     -0.112   0.004013    14.0377    -2.0413     -0.111     0.0084    -0.7528 -9.990e-29
 238.452049     -0.115   0.003932    14.0392    -2.0412     -0.114     0.0083    -0.7530 -9.990e-29
 238.452054     -0.119   0.003916    14.0416    -2.0412     -0.118     0.0083    -0.7534 -9.990e-29
 238.452060     -0.124   0.003943    14.0454    -2.0413     -0.123     0.0083    -0.7539 -9.990e-29
 238.452066     -0.130   0.004050    14.0491    -2.0413     -0.129     0.0084    -0.7544 -9.990e-29
 238.452072     -0.134   0.004377    14.0513    -2.0412     -0.133     0.0085    -0.7546 -9.990e-29
 238.452078     -0.132   0.004807    14.0524    -2.0411     -0.131     0.0087    -0.7546 -9.990e-29
 238.452083     -0.127   0.004807    14.0534    -2.0410     -0.126     0.0087    -0.7547 -9.990e-29
 238.452089     -0.124   0.004378    14.0548    -2.0408     -0.123     0.0085    -0.7550 -9.990e-29
 238.452095     -0.123   0.004053    14.0563    -2.0407     -0.122     0.0084    -0.7554 -9.990e-29
 238.452101     -0.123   0.003953    14.0572    -2.0404     -0.122     0.0083    -0.7555 -9.990e-29
 238.452106     -0.124   0.003945    14.0574    -2.0403     -0.123     0.0083    -0.7555 -9.990e-29
 238.452112     -0.126   0.004018    14.0572    -2.0399     -0.125     0.0084    -0.7555 -9.990e-29
 238.452118     -0.131   0.004269    14.0576    -2.0395     -0.130     0.0085    -0.7555 -9.990e-29
 238.452124     -0.137   0.004479    14.0592    -2.0390     -0.136     0.0086    -0.7556 -9.990e-29
 238.452130     -0.141   0.004376    14.0616    -2.0391     -0.140     0.0085    -0.7560 -9.990e-29
 238.452135     -0.139   0.004377    14.0645    -2.0392     -0.138     0.0085    -0.7564 -9.990e-29
 238.452141     -0.135   0.004483    14.0681    -2.0390     -0.134     0.0086    -0.7569 -9.990e-29
 238.452147     -0.134   0.004280    14.0723    -2.0389     -0.133     0.0085    -0.7575 -9.990e-29
 238.452153     -0.134   0.004052    14.0769    -2.0387     -0.133     0.0084    -0.7582 -9.990e-29
 238.452159     -0.137   0.004049    14.0824    -2.0385     -0.136     0.0084    -0.7590 -9.990e-29
 238.452164     -0.142   0.004267    14.0896    -2.0381     -0.141     0.0085    -0.7599 -9.990e-29
 238.452170     -0.149   0.004442    14.0974    -2.0380     -0.148     0.0086    -0.7610 -9.990e-29
 238.452176     -0.159   0.004254    14.1035    -2.0380     -0.158     0.0085    -0.7619 -9.990e-29
 238.452182     -0.165   0.004007    14.1066    -2.0379     -0.164     0.0084    -0.7624 -9.990e-29
 238.452188     -0.157   0.003925    14.1083    -2.0374     -0.156     0.0083    -0.7627 -9.990e-29
 238.452193     -0.145   0.003898    14.1106    -2.0371     -0.144     0.0083    -0.7630 -9.990e-29
 238.452199     -0.135   0.003889    14.1138    -2.0368     -0.134     0.0083    -0.7634 -9.990e-29
 238.452205     -0.127   0.003888    14.1180    -2.0366     -0.126     0.0083    -0.7640 -9.990e-29
 238.452211     -0.122   0.003891    14.1232    -2.0365     -0.121     0.0083    -0.7648 -9.990e-29
 238.452216     -0.117   0.003904    14.1285    -2.0363     -0.116     0.0083    -0.7655 -9.990e-29
 238.452222     -0.113   0.003945    14.1325    -2.0363     -0.112     0.0084    -0.7660 -9.990e-29
 238.452228     -0.111   0.004066    14.1358    -2.0362     -0.110     0.0084    -0.7665 -9.990e-29
 238.452234     -0.109   0.004430    14.1404    -2.0362     -0.108     0.0086    -0.7670 -9.990e-29
 238.452240     -0.107   0.004970    14.1469    -2.0361     -0.106     0.0088    -0.7677 -9.990e-29
 238.452245     -0.106   0.005298    14.1540    -2.0362     -0.105     0.0089    -0.7686 -9.990e-29
 238.452251     -0.105   0.005299    14.1603    -2.0361     -0.104     0.0089    -0.7695 -9.990e-29
 238.452257     -0.104   0.004972    14.1654    -2.0359     -0.103     0.0088    -0.7703 -9.990e-29
 238.452263     -0.103   0.004437    14.1692    -2.0357     -0.102     0.0086    -0.7710 -9.990e-29
 238.452269     -0.103   0.004086    14.1717    -2.0356     -0.102     0.0084    -0.7715 -9.990e-29
 238.452274     -0.102   0.004006    14.1735    -2.0354     -0.101     0.0084    -0.7718 -9.990e-29
 238.452280     -0.102   0.004089    14.1750    -2.0352     -0.101     0.0084    -0.7720 -9.990e-29
 238.452286     -0.102   0.004445    14.1763    -2.0351     -0.101     0.0086    -0.7720 -9.990e-29
 238.452292     -0.102   0.004996    14.1770    -2.0349     -0.101     0.0088    -0.7720 -9.990e-29
 238.452297     -0.101   0.005368    14.1779    -2.0348     -0.100     0.0090    -0.7720 -9.990e-29
 238.452303     -0.101   0.005504    14.1800    -2.0347     -0.100     0.0090    -0.7722 -9.990e-29
 238.452309     -0.101   0.005586    14.1834    -2.0348     -0.100     0.0091    -0.7727 -9.990e-29
 238.452315     -0.101   0.005725    14.1873    -2.0347     -0.100     0.0091    -0.7732 -9.990e-29
 238.452321     -0.101   0.006105    14.1911    -2.0346     -0.100     0.0093    -0.7736 -9.990e-29
 238.452326     -0.101   0.006680    14.1948    -2.0346     -0.100     0.0096    -0.7739 -9.990e-29
 238.452332     -0.101   0.007109    14.1984    -2.0347     -0.100     0.0098    -0.7742 -9.990e-29
 238.452338     -0.101   0.007410    14.2018    -2.0349     -0.100     0.0099    -0.7746 -9.990e-29
 238.452344     -0.101   0.007986    14.2048    -2.0349     -0.100     0.0102    -0.7748 -9.990e-29
 238.452350     -0.101   0.009051    14.2072    -2.0350     -0.100     0.0107    -0.7748 -9.990e-29
 238.452355     -0.101   0.010365    14.2082    -2.0351     -0.100     0.0113    -0.7744 -9.990e-29
 238.452361     -0.101   0.012020    14.2084    -2.0354     -0.100     0.0121    -0.7738 -9.990e-29
 238.452367     -0.101   0.014562    14.2088    -2.0356     -0.100     0.0134    -0.7729 -9.990e-29
 238.452373     -0.101   0.018060    14.2094    -2.0358     -0.100     0.0152    -0.7716 -9.990e-29
 238.452378     -0.101   0.021645    14.2093    -2.0357     -0.100     0.0171    -0.7701 -9.990e-29
 238.452384     -0.101   0.024009    14.2077    -2.0356     -0.100     0.0183    -0.7689 -9.990e-29
 238.452390     -0.101   0.024981    14.2052    -2.0355     -0.100     0.0188    -0.7681 -9.990e-29
 238.452396     -0.101   0.025305    14.2028    -2.0356     -0.100     0.0190    -0.7677 -9.990e-29
 238.452402     -0.101   0.025413    14.2003    -2.0356     -0.100     0.0191    -0.7673 -9.990e-29
 238.452407     -0.101   0.025450    14.1968    -2.0359     -0.100     0.0191    -0.7668 -9.990e-29
 238.452413     -0.101   0.025463    14.1923    -2.0361     -0.100     0.0191    -0.7661 -9.990e-29
 238.452419     -0.101   0.025471    14.1882    -2.0359     -0.100     0.0191    -0.7655 -9.990e-29
 238.452425     -0.101   0.025485    14.1857    -2.0359     -0.100     0.0191    -0.7652 -9.990e-29
