data/oxygen options/ONMS/Olympic_Coast_National_Marine_Sanctuary_CTD_Data_2005_2023/raw_data/2011/CAST_CE042_072811faed.cnv
* Sea-Bird SBE19 Data File:
* FileName = C:\Documents and Settings\OCNMS\Desktop\2011 mooring data\2nd service\CAST_CE042_072811.hex
* Software Version 1.24
* Temperature SN = 2997
* Conductivity SN = 2997
* System UpLoad Time = Jul 28 2011 19:01:16
** CAST_CE042_072811
* SEACAT PROFILER V3.1c SN 2997   07/28/11  19:00:20.973
# nquan = 9                                 
# nvalues = 1240                        
# units = specified
# name 0 = timeJ: Julian Days
# name 1 = prSM: Pressure, Strain Gauge [db]
# name 2 = c0mS/cm: Conductivity [mS/cm]
# name 3 = t090C: Temperature [ITS-90, deg C]
# name 4 = sbeox0ML/L: Oxygen, SBE 43 [ml/l]
# name 5 = depSM: Depth [salt water, m], lat = 47.5
# name 6 = sal00: Salinity, Practical [PSU]
# name 7 = sigma-é00: Density [sigma-theta, kg/m^3]
# name 8 = flag: flag
# span 0 = 209.521898, 209.529068       
# span 1 =     -5.624,     45.861       
# span 2 =   0.185077,  38.258947       
# span 3 =     7.3519,    16.2829       
# span 4 =    -1.9824,    18.0801       
# span 5 =     -5.577,     45.473       
# span 6 =     0.1072,    33.7662       
# span 7 =    -1.0187,    26.3985       
# span 8 = 0.0000e+00, 0.0000e+00       
# interval = seconds: 0.5
# start_time = Jul 28 2011 12:31:32 [Instrument's time stamp, header]
# bad_flag = -9.990e-29
*END*
[from data line 1121]
 209.528385     24.856  34.400271     7.7746     3.3520     24.647    33.2617    25.9418 0.0000e+00
 209.528391     24.608  34.455033     7.8220     3.3362     24.401    33.2753    25.9457 0.0000e+00
 209.528397     24.384  34.488474     7.8494     3.3250     24.179    33.2851    25.9494 0.0000e+00
 209.528403     24.170  34.501033     7.8644     3.3161     23.967    33.2844    25.9467 0.0000e+00
 209.528409     23.948  34.509534     7.8757     3.2852     23.747    33.2828    25.9438 0.0000e+00
 209.528414     23.713  34.518106     7.8873     3.2754     23.514    33.2811    25.9407 0.0000e+00
 209.528420     23.463  34.527612     7.8997     3.2543     23.266    33.2795    25.9377 0.0000e+00
 209.528426     23.189  34.536243     7.9119     3.2691     22.994    33.2773    25.9342 0.0000e+00
 209.528432     22.892  34.545501     7.9237     3.2929     22.700    33.2761    25.9315 0.0000e+00
 209.528438     22.579  34.557725     7.9382     3.3006     22.389    33.2755    25.9290 0.0000e+00
 209.528443     22.256  34.572492     7.9595     3.3466     22.069    33.2712    25.9224 0.0000e+00
 209.528449     21.928  34.589969     7.9855     3.3776     21.744    33.2652    25.9140 0.0000e+00
 209.528455     21.603  34.611137     8.0115     3.4004     21.422    33.2633    25.9086 0.0000e+00
 209.528461     21.299  34.637423     8.0435     3.4255     21.120    33.2610    25.9022 0.0000e+00
 209.528466     21.032  34.676520     8.0899     3.4226     20.855    33.2588    25.8936 0.0000e+00
 209.528472     20.802  34.725765     8.1378     3.4355     20.627    33.2658    25.8921 0.0000e+00
 209.528478     20.598  34.761316     8.1664     3.4333     20.425    33.2766    25.8963 0.0000e+00
 209.528484     20.404  34.772988     8.1765     3.4128     20.233    33.2795    25.8971 0.0000e+00
 209.528490     20.198  34.774183     8.1829     3.3911     20.028    33.2748    25.8924 0.0000e+00
 209.528495     19.963  34.777767     8.1930     3.3591     19.795    33.2692    25.8865 0.0000e+00
 209.528501     19.693  34.782988     8.2034     3.3496     19.528    33.2650    25.8817 0.0000e+00
 209.528507     19.400  34.779523     8.2081     3.3589     19.237    33.2570    25.8747 0.0000e+00
 209.528513     19.108  34.761706     8.2091     3.3692     18.948    33.2372    25.8591 0.0000e+00
 209.528519     18.830  34.736087     8.2119     3.3856     18.672    33.2075    25.8353 0.0000e+00
 209.528524     18.556  34.716170     8.2192     3.4142     18.400    33.1796    25.8123 0.0000e+00
 209.528530     18.272  34.706820     8.2340     3.4321     18.119    33.1558    25.7915 0.0000e+00
 209.528536     17.978  34.702357     8.2588     3.4565     17.827    33.1278    25.7658 0.0000e+00
 209.528542     17.677  34.700824     8.2935     3.4748     17.529    33.0936    25.7338 0.0000e+00
 209.528547     17.371  34.702488     8.3321     3.4800     17.225    33.0592    25.7011 0.0000e+00
 209.528553     17.075  34.704603     8.3677     3.4910     16.932    33.0281    25.6714 0.0000e+00
 209.528559     16.803  34.703910     8.4065     3.5178     16.662    32.9911    25.6365 0.0000e+00
 209.528565     16.557  34.697324     8.4494     3.5600     16.418    32.9442    25.5933 0.0000e+00
 209.528571     16.324  34.686777     8.4810     3.6333     16.187    32.9036    25.5567 0.0000e+00
 209.528576     16.090  34.680115     8.5003     3.7117     15.955    32.8787    25.5343 0.0000e+00
 209.528582     15.844  34.681409     8.5220     3.7949     15.711    32.8600    25.5163 0.0000e+00
 209.528588     15.584  34.690220     8.5596     3.8768     15.453    32.8343    25.4906 0.0000e+00
 209.528594     15.310  34.708292     8.6258     3.9359     15.182    32.7919    25.4473 0.0000e+00
 209.528600     15.022  34.739080     8.7166     3.9987     14.896    32.7402    25.3929 0.0000e+00
 209.528605     14.722  34.783403     8.8043     4.0453     14.599    32.7056    25.3524 0.0000e+00
 209.528611     14.423  34.830459     8.8717     4.0930     14.302    32.6927    25.3319 0.0000e+00
 209.528617     14.134  34.874215     8.9259     4.1587     14.016    32.6885    25.3202 0.0000e+00
 209.528623     13.854  34.917117     8.9700     4.2135     13.738    32.6927    25.3167 0.0000e+00
 209.528628     13.575  34.946467     9.0035     4.2658     13.461    32.6925    25.3113 0.0000e+00
 209.528634     13.292  34.958928     9.0385     4.2914     13.181    32.6734    25.2909 0.0000e+00
 209.528640     13.003  34.966713     9.0836     4.3019     12.894    32.6402    25.2579 0.0000e+00
 209.528646     12.712  34.973562     9.1302     4.3295     12.606    32.6048    25.2228 0.0000e+00
 209.528652     12.425  34.978603     9.1663     4.3694     12.321    32.5771    25.1955 0.0000e+00
 209.528657     12.147  34.980800     9.1927     4.4354     12.045    32.5554    25.1744 0.0000e+00
 209.528663     11.876  34.974767     9.2134     4.5516     11.777    32.5304    25.1515 0.0000e+00
 209.528669     11.609  34.959253     9.2303     4.6973     11.512    32.4991    25.1244 0.0000e+00
 209.528675     11.340  34.946118     9.2575     4.8490     11.245    32.4609    25.0902 0.0000e+00
 209.528681     11.070  34.943676     9.3152     4.9994     10.977    32.4061    25.0383 0.0000e+00
 209.528686     10.791  34.958821     9.4263     5.1119     10.701    32.3213    24.9543 0.0000e+00
 209.528692     10.493  35.015179     9.5883     5.2166     10.405    32.2333    24.8596 0.0000e+00
 209.528698     10.183  35.111270     9.7486     5.3090     10.098    32.1878    24.7981 0.0000e+00
 209.528704      9.876  35.211829     9.8697     5.3872      9.793    32.1819    24.7738 0.0000e+00
 209.528709      9.581  35.317232     9.9609     5.4745      9.501    32.2076    24.7788 0.0000e+00
 209.528715      9.303  35.422553    10.0291     5.6015      9.225    32.2535    24.8034 0.0000e+00
 209.528721      9.035  35.486350    10.0773     5.7698      8.959    32.2751    24.8122 0.0000e+00
 209.528727      8.766  35.512589    10.1320     5.9836      8.693    32.2530    24.7858 0.0000e+00
 209.528733      8.486  35.544175    10.2222     6.1588      8.415    32.2047    24.7331 0.0000e+00
 209.528738      8.204  35.602024    10.3466     6.2895      8.135    32.1526    24.6716 0.0000e+00
 209.528744      7.931  35.681604    10.4823     6.4075      7.865    32.1126    24.6174 0.0000e+00
 209.528750      7.672  35.781609    10.6202     6.5440      7.608    32.0911    24.5772 0.0000e+00
 209.528756      7.427  35.901097    10.7636     6.6426      7.365    32.0841    24.5470 0.0000e+00
 209.528762      7.203  36.037668    10.9137     6.6995      7.143    32.0881    24.5241 0.0000e+00
 209.528767      7.002  36.216177    11.0697     6.7314      6.943    32.1281    24.5278 0.0000e+00
 209.528773      6.815  36.409880    11.2098     6.7450      6.758    32.1964    24.5562 0.0000e+00
 209.528779      6.639  36.550698    11.3262     6.7880      6.583    32.2331    24.5639 0.0000e+00
 209.528785      6.480  36.659065    11.4742     6.8244      6.426    32.2101    24.5195 0.0000e+00
 209.528791      6.338  36.795574    11.6838     6.8559      6.285    32.1611    24.4434 0.0000e+00
 209.528796      6.197  36.953607    11.8780     6.8824      6.145    32.1464    24.3964 0.0000e+00
 209.528802      6.046  37.053896    11.9934     6.9106      5.995    32.1438    24.3730 0.0000e+00
 209.528808      5.874  37.086920    12.0749     6.9554      5.825    32.1056    24.3282 0.0000e+00
 209.528814      5.679  37.130423    12.1728     7.0001      5.632    32.0634    24.2772 0.0000e+00
 209.528819      5.475  37.204419    12.2818     7.0388      5.429    32.0412    24.2395 0.0000e+00
 209.528825      5.279  37.302931    12.3837     7.0733      5.235    32.0484    24.2259 0.0000e+00
 209.528831      5.094  37.401159    12.4601     7.0955      5.051    32.0771    24.2336 0.0000e+00
 209.528837      4.910  37.446482    12.5102     7.1119      4.869    32.0776    24.2245 0.0000e+00
 209.528843      4.715  37.460787    12.5592     7.1084      4.676    32.0495    24.1934 0.0000e+00
 209.528848      4.514  37.491235    12.6177     7.1058      4.476    32.0288    24.1661 0.0000e+00
 209.528854      4.318  37.538184    12.6718     7.0896      4.282    32.0275    24.1547 0.0000e+00
 209.528860      4.142  37.595991    12.7144     7.0764      4.107    32.0462    24.1610 0.0000e+00
 209.528866      3.988  37.651659    12.7488     7.0838      3.955    32.0698    24.1727 0.0000e+00
 209.528872      3.840  37.680732    12.7728     7.0760      3.808    32.0770    24.1736 0.0000e+00
 209.528877      3.686  37.686178    12.7842     7.0848      3.655    32.0726    24.1680 0.0000e+00
 209.528883      3.521  37.687981    12.7895     7.0852      3.492    32.0698    24.1648 0.0000e+00
 209.528889      3.345  37.692489    12.7943     7.0845      3.317    32.0701    24.1641 0.0000e+00
 209.528895      3.162  37.697132    12.8004     7.0847      3.136    32.0694    24.1624 0.0000e+00
 209.528900      2.967  37.700823    12.8085     7.0799      2.942    32.0661    24.1582 0.0000e+00
 209.528906      2.767  37.705126    12.8173     7.0738      2.744    32.0628    24.1540 0.0000e+00
 209.528912      2.573  37.712420    12.8272     7.0745      2.552    32.0613    24.1509 0.0000e+00
 209.528918      2.395  37.727391    12.8395     7.0830      2.375    32.0651    24.1515 0.0000e+00
 209.528924      2.234  37.745363    12.8494     7.0853      2.215    32.0738    24.1563 0.0000e+00
 209.528929      2.084  37.752777    12.8519     7.0941      2.067    32.0787    24.1596 0.0000e+00
 209.528935      1.937  37.748883    12.8508     7.1162      1.921    32.0761    24.1577 0.0000e+00
 209.528941      1.786  37.744169    12.8528     7.1221      1.771    32.0700    24.1526 0.0000e+00
 209.528947      1.635  37.743551    12.8583     7.0794      1.621    32.0648    24.1475 0.0000e+00
 209.528953      1.491  37.746767    12.8646     7.0732      1.479    32.0625    24.1446 0.0000e+00
 209.528958      1.363  37.756426    12.8709     7.0043      1.352    32.0664    24.1463 -9.990e-29
 209.528964      1.251  37.769166    12.8756     6.9591      1.241    32.0745    24.1517 -9.990e-29
 209.528970      1.148  37.773976    12.8767     6.8162      1.138    32.0781    24.1543 -9.990e-29
 209.528976      1.052  37.771670    12.8769     6.6516      1.043    32.0758    24.1525 -9.990e-29
 209.528981      0.965  37.769253    12.8794     6.6686      0.957    32.0714    24.1486 -9.990e-29
 209.528987      0.890  37.769666    12.8827     7.8615      0.883    32.0691    24.1461 -9.990e-29
 209.528993      0.822  37.773459    12.8816     7.8617      0.815    32.0736    24.1498 -9.990e-29
 209.528999      0.753  37.772249    12.8712     7.7177      0.747    32.0813    24.1578 -9.990e-29
 209.529005      0.687  37.756584    12.8548     7.3477      0.681    32.0804    24.1603 -9.990e-29
 209.529010      0.632  37.727978    12.8401     6.9254      0.627    32.0659    24.1519 -9.990e-29
 209.529016      0.589  37.684694    12.8288 -9.990e-29      0.584    32.0345    24.1298 -9.990e-29
 209.529022      0.557  37.583016    12.8186 -9.990e-29      0.552    31.9470    24.0640 -9.990e-29
 209.529028      0.531  37.288491    12.8090 -9.990e-29      0.527    31.6767    23.8566 -9.990e-29
 209.529034      0.512  36.425220    12.8006 -9.990e-29      0.508    30.8693    23.2333 -9.990e-29
 209.529039      0.497  33.862894    12.7934 -9.990e-29      0.493    28.4750    21.3828 -9.990e-29
 209.529045      0.486  26.706416    12.7865 -9.990e-29      0.482    21.9182    16.3210 -9.990e-29
 209.529051      0.478  16.364314    12.7798 -9.990e-29      0.474    12.8396     9.3254 -9.990e-29
 209.529057      0.473   9.332100    12.7744 -9.990e-29      0.469     6.9963     4.8231 -9.990e-29
 209.529063      0.470   6.457513    12.7722 -9.990e-29      0.466     4.7123     3.0605 -9.990e-29
 209.529068      0.469   5.081285 -9.990e-29 -9.990e-29      0.465 -9.990e-29 -9.990e-29 -9.990e-29
