data/oxygen options/ONMS/Olympic_Coast_National_Marine_Sanctuary_CTD_Data_2005_2023/raw_data/2011/CAST_CA065_061011faed.cnv
* Sea-Bird SBE19 Data File:
* FileName = C:\Documents and Settings\OCNMS\Desktop\2011 mooring data\first service\CAST_CA065_061011.hex
* Software Version 1.24
* Temperature SN = 2997
* Conductivity SN = 2997
* System UpLoad Time = Jun 10 2011 14:03:05
** CAST_CA065_061011
* SEACAT PROFILER V3.1c SN 2997   06/10/11  14:02:03.761
# nquan = 9                                 
# nvalues = 788                         
# units = specified
# name 0 = timeJ: Julian Days
# name 1 = prSM: Pressure, Strain Gauge [db]
# name 2 = c0mS/cm: Conductivity [mS/cm]
# name 3 = t090C: Temperature [ITS-90, deg C]
# name 4 = sbeox0ML/L: Oxygen, SBE 43 [ml/l]
# name 5 = depSM: Depth [salt water, m], lat = 47.5
# name 6 = sal00: Salinity, Practical [PSU]
# name 7 = sigma-é00: Density [sigma-theta, kg/m^3]
# name 8 = flag: flag
# span 0 = 161.443819, 161.448374       
# span 1 =     -5.711,     65.654       
# span 2 =   0.005799,  35.616760       
# span 3 =     7.5418,    13.5136       
# span 4 =   -17.1609,    21.0320       
# span 5 =     -5.663,     65.096       
# span 6 =     0.0089,    33.6923       
# span 7 =    -0.6810,    26.3140       
# span 8 = 0.0000e+00, 0.0000e+00       
# interval = seconds: 0.5
# start_time = Jun 10 2011 10:39:06 [Instrument's time stamp, header]
# bad_flag = -9.990e-29
*END*
[from data line 481]
 161.446603     63.983  34.608011     7.5441     3.2578     63.439    33.6887    26.3109 -9.990e-29
 161.446609     64.020  34.607843     7.5435     3.2680     63.476    33.6891    26.3113 -9.990e-29
 161.446615     64.060  34.607710     7.5433     3.2478     63.515    33.6891    26.3113 -9.990e-29
 161.446620     64.096  34.607936     7.5434     3.2447     63.551    33.6892    26.3114 -9.990e-29
 161.446626     64.121  34.608214     7.5437     3.2461     63.576    33.6892    26.3114 -9.990e-29
 161.446632     64.134  34.608320     7.5439     3.2389     63.589    33.6891    26.3113 -9.990e-29
 161.446638     64.134  34.608363     7.5439     3.2577     63.589    33.6892    26.3113 -9.990e-29
 161.446644     64.127  34.608364     7.5441     3.2579     63.582    33.6890    26.3111 -9.990e-29
 161.446649     64.120  34.608300     7.5443     3.2449     63.575    33.6887    26.3109 -9.990e-29
 161.446655     64.122  34.608066     7.5440     3.2449     63.577    33.6888    26.3110 -9.990e-29
 161.446661     64.132  34.607893     7.5434     3.2492     63.587    33.6892    26.3114 -9.990e-29
 161.446667     64.138  34.608091     7.5432     3.2448     63.593    33.6896    26.3117 -9.990e-29
 161.446672     64.132  34.608341     7.5434     3.2477     63.587    33.6896    26.3118 -9.990e-29
 161.446678     64.119  34.608398     7.5436     3.2550     63.574    33.6895    26.3116 -9.990e-29
 161.446684     64.110  34.608318     7.5438     3.2552     63.565    33.6892    26.3114 -9.990e-29
 161.446690     64.116  34.607979     7.5437     3.2506     63.571    33.6890    26.3112 -9.990e-29
 161.446696     64.140  34.607469     7.5434     3.2548     63.595    33.6887    26.3110 -9.990e-29
 161.446701     64.169  34.607208     7.5433     3.2416     63.624    33.6885    26.3109 -9.990e-29
 161.446707     64.193  34.607390     7.5436     3.2416     63.647    33.6884    26.3107 -9.990e-29
 161.446713     64.208  34.607675     7.5439     3.2547     63.662    33.6884    26.3107 -9.990e-29
 161.446719     64.216  34.607863     7.5440     3.2448     63.670    33.6885    26.3108 -9.990e-29
 161.446725     64.217  34.608185     7.5438     3.2376     63.671    33.6891    26.3112 -9.990e-29
 161.446730     64.212  34.608492     7.5434     3.2520     63.666    33.6898    26.3119 -9.990e-29
 161.446736     64.199  34.608615     7.5431     3.2448     63.653    33.6902    26.3122 -9.990e-29
 161.446742     64.174  34.608699     7.5433     3.2503     63.629    33.6901    26.3121 -9.990e-29
 161.446748     64.131  34.608835     7.5436     3.2504     63.586    33.6900    26.3120 -9.990e-29
 161.446753     64.075  34.609184     7.5437     3.2420     63.530    33.6903    26.3122 -9.990e-29
 161.446759     64.025  34.609635     7.5437     3.2376     63.481    33.6908    26.3126 -9.990e-29
 161.446765     63.999  34.609649     7.5434     3.2449     63.455    33.6911    26.3129 -9.990e-29
 161.446771     63.999  34.609228     7.5430     3.2375     63.455    33.6911    26.3129 -9.990e-29
 161.446777     64.013  34.608911     7.5429     3.2374     63.469    33.6908    26.3127 -9.990e-29
 161.446782     64.029  34.608815     7.5432     3.2607     63.485    33.6904    26.3124 -9.990e-29
 161.446788     64.043  34.608793     7.5436     3.2435     63.499    33.6900    26.3120 -9.990e-29
 161.446794     64.056  34.608796     7.5439     3.2435     63.512    33.6897    26.3117 -9.990e-29
 161.446800     64.073  34.608806     7.5438     3.2479     63.528    33.6898    26.3118 -9.990e-29
 161.446806     64.100  34.608819     7.5434     3.2449     63.555    33.6902    26.3122 -9.990e-29
 161.446811     64.131  34.608834     7.5433     3.2564     63.586    33.6903    26.3123 -9.990e-29
 161.446817     64.153  34.608849     7.5435     3.2534     63.608    33.6901    26.3121 -9.990e-29
 161.446823     64.164  34.608863     7.5438     3.2373     63.619    33.6898    26.3118 -9.990e-29
 161.446829     64.169  34.608877     7.5440     3.2345     63.624    33.6896    26.3117 -9.990e-29
 161.446834     64.177  34.608891     7.5435     3.2448     63.631    33.6901    26.3121 -9.990e-29
 161.446840     64.189  34.608906     7.5427     3.2403     63.643    33.6909    26.3128 -9.990e-29
 161.446846     64.197  34.608921     7.5422     3.2432     63.651    33.6914    26.3133 -9.990e-29
 161.446852     64.196  34.608936     7.5420     3.2503     63.650    33.6916    26.3135 -9.990e-29
 161.446858     64.183  34.608951     7.5420     3.2402     63.637    33.6916    26.3135 -9.990e-29
 161.446863     64.153  34.608965     7.5422     3.2432     63.608    33.6915    26.3134 -9.990e-29
 161.446869     64.111  34.608979     7.5428     3.2506     63.566    33.6909    26.3128 -9.990e-29
 161.446875     64.074  34.608994     7.5436     3.2405     63.529    33.6902    26.3121 -9.990e-29
 161.446881     64.050  34.609009     7.5440     3.2331     63.506    33.6898    26.3118 -9.990e-29
 161.446887     64.043  34.609026     7.5442     3.2374     63.499    33.6897    26.3116 -9.990e-29
 161.446892     64.044  34.609050     7.5445     3.2374     63.500    33.6894    26.3114 -9.990e-29
 161.446898     64.040  34.609092     7.5447     3.2360     63.496    33.6892    26.3112 -9.990e-29
 161.446904     64.031  34.609190     7.5446     3.2463     63.487    33.6895    26.3114 -9.990e-29
 161.446910     64.024  34.609453     7.5443     3.2434     63.480    33.6900    26.3119 -9.990e-29
 161.446916     64.028  34.609654     7.5441     3.2363     63.484    33.6904    26.3123 -9.990e-29
 161.446921     64.044  34.609482     7.5440     3.2463     63.500    33.6903    26.3122 -9.990e-29
 161.446927     64.058  34.609248     7.5440     3.2331     63.514    33.6901    26.3120 -9.990e-29
 161.446933     64.061  34.609180     7.5439     3.2332     63.516    33.6901    26.3120 -9.990e-29
 161.446939     64.050  34.609167     7.5436     3.2462     63.506    33.6904    26.3123 -9.990e-29
 161.446944     64.040  34.609172     7.5431     3.2261     63.496    33.6909    26.3128 -9.990e-29
 161.446950     64.041  34.609183     7.5427     3.2363     63.497    33.6913    26.3131 -9.990e-29
 161.446956     64.059  34.609196     7.5427     3.2361     63.515    33.6913    26.3131 -9.990e-29
 161.446962     64.085  34.609211     7.5425     3.2360     63.540    33.6915    26.3133 -9.990e-29
 161.446968     64.105  34.609226     7.5422     3.2446     63.560    33.6918    26.3136 -9.990e-29
 161.446973     64.112  34.609241     7.5422     3.2489     63.567    33.6918    26.3136 -9.990e-29
 161.446979     64.104  34.609256     7.5422     3.2318     63.559    33.6918    26.3136 -9.990e-29
 161.446985     64.091  34.609270     7.5421     3.2260     63.546    33.6919    26.3137 -9.990e-29
 161.446991     64.085  34.609284     7.5420     3.2332     63.540    33.6920    26.3138 -9.990e-29
 161.446997     64.085  34.609298     7.5419     3.2361     63.540    33.6922    26.3139 -9.990e-29
 161.447002     64.083  34.609313     7.5418     3.2474     63.538    33.6923    26.3140 -9.990e-29
 161.447008     64.070  34.609328     7.5420     3.2549     63.525    33.6921    26.3139 -9.990e-29
 161.447014     64.045  34.609342     7.5422     3.2318     63.501    33.6919    26.3137 -9.990e-29
 161.447020     64.019  34.609356     7.5425     3.2362     63.475    33.6917    26.3135 -9.990e-29
 161.447025     64.004  34.609371     7.5426     3.2463     63.460    33.6916    26.3134 -9.990e-29
 161.447031     64.003  34.609386     7.5423     3.2288     63.459    33.6919    26.3137 -9.990e-29
 161.447037     64.011  34.609404     7.5421     3.2417     63.467    33.6921    26.3139 -9.990e-29
 161.447043     64.020  34.609428     7.5422     3.2359     63.476    33.6920    26.3138 -9.990e-29
 161.447049     64.028  34.609472     7.5423     3.2158     63.484    33.6920    26.3137 -9.990e-29
 161.447054     64.034  34.609573     7.5425     3.2289     63.490    33.6919    26.3136 -9.990e-29
 161.447060     64.042  34.609846     7.5426     3.2361     63.498    33.6921    26.3138 -9.990e-29
 161.447066     64.059  34.610079     7.5426     3.2343     63.515    33.6923    26.3140 -9.990e-29
 161.447072     64.075  34.610003     7.5427     3.2501     63.530    33.6922    26.3138 -9.990e-29
 161.447078     64.080  34.610055     7.5429     3.2545     63.535    33.6920    26.3137 -9.990e-29
 161.447083     64.070  34.610284     7.5434     3.2444     63.525    33.6918    26.3134 -9.990e-29
 161.447089     64.048  34.610417     7.5441     3.2445     63.504    33.6913    26.3129 -9.990e-29
 161.447095     64.021  34.610612     7.5445     3.2459     63.477    33.6911    26.3127 -9.990e-29
 161.447101     63.991  34.610550     7.5444     3.2457     63.447    33.6911    26.3128 -9.990e-29
 161.447106     63.954  34.610127     7.5444     3.2514     63.410    33.6907    26.3124 -9.990e-29
 161.447112     63.897  34.609880     7.5447     3.2482     63.354    33.6902    26.3120 -9.990e-29
 161.447118     63.813  34.610021     7.5451     3.2424     63.271    33.6900    26.3118 -9.990e-29
 161.447124     63.706  34.610157     7.5451     3.2526     63.165    33.6902    26.3119 -9.990e-29
 161.447130     63.589  34.609892     7.5449     3.2450     63.049    33.6901    26.3119 -9.990e-29
 161.447135     63.477  34.609416     7.5450     3.2421     62.938    33.6896    26.3115 -9.990e-29
 161.447141     63.370  34.609196     7.5452     3.2388     62.831    33.6892    26.3111 -9.990e-29
 161.447147     63.255  34.609478     7.5452     3.2359     62.717    33.6896    26.3114 -9.990e-29
 161.447153     63.110  34.610059     7.5453     3.2315     62.574    33.6902    26.3119 0.0000e+00
 161.447159     62.931  34.610575     7.5456     3.2487     62.396    33.6905    26.3121 0.0000e+00
 161.447164     62.728  34.610574     7.5461     3.2544     62.195    33.6901    26.3117 0.0000e+00
 161.447170     62.513  34.610035     7.5468     3.2572     61.982    33.6890    26.3107 0.0000e+00
 161.447176     62.298  34.609344     7.5479     3.2774     61.769    33.6872    26.3092 0.0000e+00
 161.447182     62.084  34.608682     7.5491     3.2713     61.557    33.6855    26.3076 0.0000e+00
 161.447188     61.855  34.608268     7.5501     3.2712     61.330    33.6842    26.3065 0.0000e+00
 161.447193     61.607  34.608090     7.5509     3.2653     61.084    33.6833    26.3057 0.0000e+00
 161.447199     61.344  34.607892     7.5513     3.2537     60.823    33.6828    26.3052 0.0000e+00
 161.447205     61.076  34.607390     7.5516     3.2639     60.557    33.6821    26.3046 0.0000e+00
 161.447211     60.807  34.606459     7.5520     3.2772     60.291    33.6809    26.3036 0.0000e+00
 161.447216     60.538  34.605521     7.5524     3.2799     60.024    33.6796    26.3025 0.0000e+00
 161.447222     60.263  34.604987     7.5527     3.2750     59.751    33.6789    26.3019 0.0000e+00
 161.447228     59.975  34.604686     7.5531     3.2856     59.466    33.6783    26.3014 0.0000e+00
 161.447234     59.667  34.604196     7.5537     3.2947     59.160    33.6773    26.3005 0.0000e+00
 161.447240     59.341  34.603407     7.5544     3.3174     58.837    33.6759    26.2993 0.0000e+00
 161.447245     59.003  34.602370     7.5549     3.3676     58.502    33.6745    26.2981 0.0000e+00
 161.447251     58.652  34.600802     7.5553     3.4180     58.154    33.6726    26.2966 0.0000e+00
 161.447257     58.283  34.598277     7.5565     3.4908     57.788    33.6689    26.2935 0.0000e+00
 161.447263     57.890  34.593649     7.5614     3.5651     57.399    33.6593    26.2853 0.0000e+00
 161.447269     57.470  34.584089     7.5742     3.6151     56.982    33.6368    26.2657 0.0000e+00
 161.447274     57.029  34.568030     7.5936     3.6869     56.545    33.6009    26.2347 0.0000e+00
 161.447280     56.583  34.550360     7.6124     3.7329     56.103    33.5639    26.2029 0.0000e+00
 161.447286     56.138  34.537181     7.6264     3.7687     55.662    33.5363    26.1793 0.0000e+00
 161.447292     55.690  34.528266     7.6363     3.8318     55.218    33.5174    26.1630 0.0000e+00
 161.447297     55.238  34.520671     7.6441     3.8721     54.770    33.5019    26.1497 0.0000e+00
 161.447303     54.777  34.510975     7.6522     3.9184     54.313    33.4839    26.1344 0.0000e+00
 161.447309     54.306  34.496311     7.6614     3.9755     53.846    33.4594    26.1138 0.0000e+00
 161.447315     53.823  34.477828     7.6714     4.0473     53.367    33.4302    26.0894 0.0000e+00
 161.447321     53.336  34.458492     7.6814     4.1149     52.884    33.4000    26.0642 0.0000e+00
 161.447326     52.853  34.439412     7.6918     4.2015     52.405    33.3697    26.0389 0.0000e+00
 161.447332     52.374  34.420584     7.7060     4.2587     51.930    33.3360    26.0105 0.0000e+00
 161.447338     51.893  34.401627     7.7264     4.3245     51.453    33.2964    25.9764 0.0000e+00
 161.447344     51.410  34.382180     7.7494     4.4079     50.975    33.2537    25.9396 0.0000e+00
 161.447350     50.929  34.363280     7.7709     4.4548     50.498    33.2132    25.9046 0.0000e+00
 161.447355     50.454  34.347811     7.7922     4.5284     50.027    33.1765    25.8727 0.0000e+00
 161.447361     49.987  34.337077     7.8152     4.5965     49.564    33.1434    25.8434 0.0000e+00
 161.447367     49.526  34.329173     7.8409     4.6389     49.107    33.1107    25.8140 0.0000e+00
 161.447373     49.058  34.322048     7.8711     4.6713     48.643    33.0747    25.7814 0.0000e+00
 161.447378     48.579  34.312449     7.9050     4.6746     48.168    33.0325    25.7434 0.0000e+00
 161.447384     48.093  34.297187     7.9413     4.6540     47.686    32.9822    25.6986 0.0000e+00
 161.447390     47.608  34.277839     7.9785     4.6540     47.205    32.9267    25.6496 0.0000e+00
 161.447396     47.135  34.258933     8.0129     4.6361     46.736    32.8744    25.6036 0.0000e+00
 161.447402     46.688  34.244470     8.0420     4.6143     46.293    32.8319    25.5660 0.0000e+00
 161.447407     46.268  34.237094     8.0661     4.6126     45.877    32.8017    25.5387 0.0000e+00
 161.447413     45.856  34.235461     8.0854     4.6067     45.468    32.7821    25.5205 0.0000e+00
 161.447419     45.440  34.235803     8.0997     4.5977     45.056    32.7693    25.5084 0.0000e+00
 161.447425     45.019  34.235867     8.1104     4.5963     44.638    32.7595    25.4991 0.0000e+00
 161.447431     44.591  34.235267     8.1190     4.5952     44.214    32.7510    25.4912 0.0000e+00
 161.447436     44.161  34.234971     8.1266     4.6053     43.788    32.7438    25.4844 0.0000e+00
 161.447442     43.733  34.235791     8.1344     4.6231     43.363    32.7376    25.4784 0.0000e+00
 161.447448     43.320  34.237790     8.1426     4.6551     42.954    32.7323    25.4730 0.0000e+00
 161.447454     42.922  34.240361     8.1508     4.6920     42.559    32.7275    25.4681 0.0000e+00
 161.447459     42.512  34.241981     8.1598     4.7483     42.153    32.7210    25.4617 0.0000e+00
 161.447465     42.074  34.240975     8.1689     4.8440     41.719    32.7117    25.4530 0.0000e+00
 161.447471     41.609  34.237769     8.1771     4.9300     41.258    32.7009    25.4433 0.0000e+00
 161.447477     41.127  34.233775     8.1837     5.0178     40.780    32.6907    25.4344 0.0000e+00
 161.447483     40.639  34.228234     8.1888     5.0756     40.296    32.6803    25.4254 0.0000e+00
 161.447488     40.154  34.220005     8.1932     5.1012     39.815    32.6677    25.4149 0.0000e+00
 161.447494     39.670  34.210521     8.1981     5.1364     39.335    32.6533    25.4029 0.0000e+00
 161.447500     39.183  34.202903     8.2046     5.1521     38.852    32.6394    25.3910 0.0000e+00
 161.447506     38.692  34.198276     8.2129     5.1823     38.365    32.6270    25.3801 0.0000e+00
 161.447512     38.198  34.195596     8.2224     5.2064     37.876    32.6156    25.3697 0.0000e+00
 161.447517     37.710  34.194735     8.2319     5.2185     37.392    32.6061    25.3609 0.0000e+00
