data/oxygen options/ONMS/Olympic_Coast_National_Marine_Sanctuary_CTD_Data_2005_2023/raw_data/2011/CAST_KL050_082411faed.cnv
* Sea-Bird SBE19 Data File:
* FileName = C:\Documents and Settings\OCNMS\Desktop\2011 mooring data\3rd service\CAST_KL050_082411.hex
* Software Version 1.24
* Temperature SN = 2997
* Conductivity SN = 2997
* System UpLoad Time = Aug 24 2011 16:59:34
** CAST_KL050_082411
* SEACAT PROFILER V3.1c SN 2997   08/24/11  16:58:36.937
# nquan = 9                                 
# nvalues = 1110                        
# units = specified
# name 0 = timeJ: Julian Days
# name 1 = prSM: Pressure, Strain Gauge [db]
# name 2 = c0mS/cm: Conductivity [mS/cm]
# name 3 = t090C: Temperature [ITS-90, deg C]
# name 4 = sbeox0ML/L: Oxygen, SBE 43 [ml/l]
# name 5 = depSM: Depth [salt water, m], lat = 47.5
# name 6 = sal00: Salinity, Practical [PSU]
# name 7 = sigma-é00: Density [sigma-theta, kg/m^3]
# name 8 = flag: flag
# span 0 = 236.699282, 236.705700       
# span 1 =     -5.666,     51.284       
# span 2 =   0.327062,  37.945546       
# span 3 =     7.4234,    14.9353       
# span 4 =    -2.0108,    19.9510       
# span 5 =     -5.619,     50.850       
# span 6 =     0.1961,    33.7256       
# span 7 =    -0.7359,    26.3566       
# span 8 = 0.0000e+00, 0.0000e+00       
# interval = seconds: 0.5
# start_time = Aug 24 2011 16:46:58 [Instrument's time stamp, header]
# bad_flag = -9.990e-29
*END*
 236.699282     -5.666 -9.990e-29    14.7725    -2.0068     -5.619 -9.990e-29 -9.990e-29 -9.990e-29
 236.699288     -5.638   0.531174    14.7696    -2.0070     -5.591     0.3236    -0.6135 -9.990e-29
 236.699294     -5.607   0.530397    14.7670    -2.0072     -5.560     0.3231    -0.6135 -9.990e-29
 236.699300     -5.579   0.529359    14.7648    -2.0074     -5.533     0.3225    -0.6137 -9.990e-29
 236.699306     -5.557   0.527784    14.7629    -2.0075     -5.511     0.3215    -0.6142 -9.990e-29
 236.699311     -5.538   0.525601    14.7615    -2.0076     -5.492     0.3201    -0.6150 -9.990e-29
 236.699317     -5.522   0.523223    14.7606    -2.0079     -5.476     0.3187    -0.6160 -9.990e-29
 236.699323     -5.499   0.521172    14.7595    -2.0081     -5.453     0.3174    -0.6169 -9.990e-29
 236.699329     -5.460   0.519482    14.7578    -2.0082     -5.415     0.3163    -0.6174 -9.990e-29
 236.699334     -5.411   0.517378    14.7556    -2.0082     -5.366     0.3150    -0.6181 -9.990e-29
 236.699340     -5.360   0.514272    14.7526    -2.0082     -5.315     0.3131    -0.6191 -9.990e-29
 236.699346     -5.314   0.510455    14.7490    -2.0083     -5.270     0.3107    -0.6204 -9.990e-29
 236.699352     -5.273   0.506929    14.7453    -2.0083     -5.229     0.3085    -0.6216 -9.990e-29
 236.699358     -5.235   0.504531    14.7418    -2.0084     -5.191     0.3071    -0.6222 -9.990e-29
 236.699363     -5.199   0.503388    14.7381    -2.0085     -5.156     0.3064    -0.6222 -9.990e-29
 236.699369     -5.161   0.503083    14.7342    -2.0086     -5.118     0.3062    -0.6217 -9.990e-29
 236.699375     -5.118   0.502659    14.7308    -2.0087     -5.075     0.3060    -0.6214 -9.990e-29
 236.699381     -5.074   0.501553    14.7287    -2.0086     -5.032     0.3053    -0.6216 -9.990e-29
 236.699387     -5.033   0.499953    14.7278    -2.0085     -4.991     0.3043    -0.6223 -9.990e-29
 236.699392     -4.997   0.497941    14.7274    -2.0085     -4.955     0.3030    -0.6232 -9.990e-29
 236.699398     -4.963   0.495605    14.7270    -2.0087     -4.922     0.3016    -0.6243 -9.990e-29
 236.699404     -4.930   0.493154    14.7265    -2.0088     -4.889     0.3000    -0.6254 -9.990e-29
 236.699410     -4.896   0.490642    14.7259    -2.0090     -4.855     0.2985    -0.6265 -9.990e-29
 236.699416     -4.857   0.488045    14.7249    -2.0092     -4.817     0.2968    -0.6276 -9.990e-29
 236.699421     -4.817   0.485225    14.7236    -2.0092     -4.777     0.2951    -0.6288 -9.990e-29
 236.699427     -4.781   0.482298    14.7231    -2.0092     -4.741     0.2933    -0.6301 -9.990e-29
 236.699433     -4.752   0.479793    14.7235    -2.0093     -4.712     0.2917    -0.6314 -9.990e-29
 236.699439     -4.727   0.478249    14.7237    -2.0094     -4.688     0.2907    -0.6322 -9.990e-29
 236.699444     -4.704   0.477823    14.7228    -2.0095     -4.665     0.2905    -0.6322 -9.990e-29
 236.699450     -4.682   0.477948    14.7208    -2.0095     -4.643     0.2906    -0.6319 -9.990e-29
 236.699456     -4.661   0.477684    14.7181    -2.0095     -4.622     0.2904    -0.6316 -9.990e-29
 236.699462     -4.638   0.476680    14.7153    -2.0094     -4.599     0.2898    -0.6316 -9.990e-29
 236.699468     -4.612   0.475260    14.7129    -2.0094     -4.574     0.2889    -0.6320 -9.990e-29
 236.699473     -4.586   0.473749    14.7112    -2.0094     -4.548     0.2880    -0.6324 -9.990e-29
 236.699479     -4.563   0.472348    14.7100    -2.0094     -4.525     0.2871    -0.6329 -9.990e-29
 236.699485     -4.536   0.471403    14.7089    -2.0094     -4.498     0.2865    -0.6332 -9.990e-29
 236.699491     -4.504   0.470765    14.7078    -2.0095     -4.466     0.2862    -0.6334 -9.990e-29
 236.699497     -4.473   0.469584    14.7071    -2.0094     -4.436     0.2854    -0.6338 -9.990e-29
 236.699502     -4.446   0.467395    14.7070    -2.0094     -4.409     0.2841    -0.6349 -9.990e-29
 236.699508     -4.421   0.464603    14.7076    -2.0095     -4.384     0.2823    -0.6363 -9.990e-29
 236.699514     -4.396   0.461914    14.7088    -2.0096     -4.359     0.2806    -0.6378 -9.990e-29
 236.699520     -4.371   0.459623    14.7096    -2.0097     -4.335     0.2792    -0.6390 -9.990e-29
 236.699525     -4.346   0.457996    14.7100    -2.0098     -4.310     0.2782    -0.6399 -9.990e-29
 236.699531     -4.327   0.457083    14.7103    -2.0098     -4.291     0.2776    -0.6404 -9.990e-29
 236.699537     -4.305   0.456221    14.7106    -2.0099     -4.269     0.2770    -0.6408 -9.990e-29
 236.699543     -4.277   0.454817    14.7107    -2.0098     -4.241     0.2762    -0.6415 -9.990e-29
 236.699549     -4.245   0.453214    14.7105    -2.0098     -4.210     0.2752    -0.6423 -9.990e-29
 236.699554     -4.214   0.452596    14.7097    -2.0097     -4.179     0.2748    -0.6424 -9.990e-29
 236.699560     -4.188   0.453802    14.7080    -2.0095     -4.153     0.2755    -0.6416 -9.990e-29
 236.699566     -4.165   0.456228    14.7059    -2.0096     -4.130     0.2771    -0.6401 -9.990e-29
 236.699572     -4.143   0.458125    14.7044    -2.0098     -4.108     0.2783    -0.6390 -9.990e-29
 236.699578     -4.121   0.458149    14.7036    -2.0099     -4.087     0.2783    -0.6388 -9.990e-29
 236.699583     -4.098   0.456333    14.7034    -2.0101     -4.064     0.2772    -0.6397 -9.990e-29
 236.699589     -4.071   0.453581    14.7036    -2.0101     -4.037     0.2754    -0.6410 -9.990e-29
 236.699595     -4.044   0.450655    14.7043    -2.0103     -4.010     0.2736    -0.6426 -9.990e-29
 236.699601     -4.019   0.448084    14.7056    -2.0103     -3.985     0.2720    -0.6440 -9.990e-29
 236.699606     -3.995   0.446316    14.7075    -2.0103     -3.962     0.2709    -0.6451 -9.990e-29
 236.699612     -3.975   0.445211    14.7088    -2.0104     -3.942     0.2702    -0.6459 -9.990e-29
 236.699618     -3.956   0.444405    14.7081    -2.0106     -3.923     0.2697    -0.6462 -9.990e-29
 236.699624     -3.934   0.443932    14.7055    -2.0107     -3.901     0.2694    -0.6460 -9.990e-29
 236.699630     -3.911   0.443716    14.7024    -2.0106     -3.878     0.2693    -0.6456 -9.990e-29
 236.699635     -3.890   0.443470    14.6999    -2.0105     -3.858     0.2692    -0.6454 -9.990e-29
 236.699641     -3.871   0.442868    14.6981    -2.0104     -3.839     0.2688    -0.6454 -9.990e-29
 236.699647     -3.851   0.441663    14.6967    -2.0105     -3.819     0.2680    -0.6457 -9.990e-29
 236.699653     -3.830   0.439910    14.6956    -2.0104     -3.798     0.2670    -0.6464 -9.990e-29
 236.699659     -3.806   0.438041    14.6943    -2.0104     -3.774     0.2658    -0.6471 -9.990e-29
 236.699664     -3.781   0.436887    14.6922    -2.0103     -3.749     0.2651    -0.6474 -9.990e-29
 236.699670     -3.760   0.436571    14.6903    -2.0101     -3.729     0.2649    -0.6472 -9.990e-29
 236.699676     -3.735   0.436121    14.6898    -2.0101     -3.704     0.2646    -0.6474 -9.990e-29
 236.699682     -3.705   0.434939    14.6909    -2.0105     -3.674     0.2639    -0.6481 -9.990e-29
 236.699688     -3.678   0.433109    14.6926    -2.0105     -3.647     0.2627    -0.6492 -9.990e-29
 236.699693     -3.655   0.430963    14.6941    -2.0106     -3.625     0.2614    -0.6505 -9.990e-29
 236.699699     -3.635   0.428963    14.6951    -2.0106     -3.605     0.2601    -0.6516 -9.990e-29
 236.699705     -3.617   0.427210    14.6963    -2.0106     -3.587     0.2590    -0.6527 -9.990e-29
 236.699711     -3.600   0.425586    14.6979    -2.0105     -3.570     0.2580    -0.6537 -9.990e-29
 236.699716     -3.582   0.424140    14.6998    -2.0106     -3.552     0.2571    -0.6547 -9.990e-29
 236.699722     -3.563   0.423160    14.7012    -2.0108     -3.533     0.2565    -0.6554 -9.990e-29
 236.699728     -3.541   0.423003    14.7004    -2.0108     -3.511     0.2564    -0.6553 -9.990e-29
 236.699734     -3.515   0.423460    14.6978    -2.0108     -3.486     0.2567    -0.6547 -9.990e-29
 236.699740     -3.488   0.424035    14.6953    -2.0106     -3.459     0.2571    -0.6540 -9.990e-29
 236.699745     -3.462   0.424387    14.6941    -2.0105     -3.433     0.2573    -0.6537 -9.990e-29
 236.699751     -3.435   0.423880    14.6939    -2.0105     -3.406     0.2570    -0.6539 -9.990e-29
 236.699757     -3.410   0.422394    14.6942    -2.0104     -3.382     0.2561    -0.6547 -9.990e-29
 236.699763     -3.389   0.420717    14.6944    -2.0105     -3.361     0.2550    -0.6555 -9.990e-29
 236.699769     -3.372   0.419382    14.6936    -2.0105     -3.344     0.2542    -0.6560 -9.990e-29
 236.699774     -3.358   0.418272    14.6920    -2.0105     -3.330     0.2535    -0.6563 -9.990e-29
 236.699780     -3.345   0.417016    14.6912    -2.0107     -3.317     0.2527    -0.6568 -9.990e-29
 236.699786     -3.332   0.415601    14.6923    -2.0108     -3.304     0.2518    -0.6576 -9.990e-29
 236.699792     -3.319   0.414355    14.6948    -2.0108     -3.291     0.2511    -0.6586 -9.990e-29
 236.699797     -3.305   0.413281    14.6972    -2.0108     -3.277     0.2504    -0.6595 -9.990e-29
 236.699803     -3.289   0.412057    14.6989    -2.0105     -3.262     0.2496    -0.6604 -9.990e-29
 236.699809     -3.274   0.410711    14.6999    -2.0101     -3.247     0.2488    -0.6612 -9.990e-29
 236.699815     -3.264   0.409665    14.6997    -2.0100     -3.237     0.2481    -0.6616 -9.990e-29
 236.699821     -3.258   0.409187    14.6985    -2.0101     -3.231     0.2478    -0.6617 -9.990e-29
 236.699826     -3.256   0.409193    14.6969    -2.0101     -3.229     0.2478    -0.6614 -9.990e-29
 236.699832     -3.248   0.409139    14.6953    -2.0101     -3.221     0.2478    -0.6612 -9.990e-29
 236.699838     -3.231   0.408401    14.6941    -2.0102     -3.204     0.2474    -0.6614 -9.990e-29
 236.699844     -3.211   0.407106    14.6941    -2.0101     -3.184     0.2466    -0.6620 -9.990e-29
 236.699850     -3.187   0.405742    14.6965    -2.0100     -3.160     0.2457    -0.6630 -9.990e-29
 236.699855     -3.158   0.404706    14.7014    -2.0101     -3.132     0.2450    -0.6643 -9.990e-29
 236.699861     -3.131   0.404279    14.7068    -2.0098     -3.105     0.2447    -0.6653 -9.990e-29
 236.699867     -3.108   0.404445    14.7101    -2.0098     -3.082     0.2448    -0.6657 -9.990e-29
 236.699873     -3.087   0.404876    14.7111    -2.0098     -3.061     0.2451    -0.6657 -9.990e-29
 236.699878     -3.068   0.405040    14.7111    -2.0100     -3.042     0.2452    -0.6656 -9.990e-29
 236.699884     -3.049   0.404603    14.7109    -2.0100     -3.024     0.2449    -0.6658 -9.990e-29
 236.699890     -3.028   0.403537    14.7111    -2.0100     -3.003     0.2442    -0.6663 -9.990e-29
 236.699896     -3.005   0.402085    14.7122    -2.0100     -2.980     0.2433    -0.6672 -9.990e-29
 236.699902     -2.982   0.400525    14.7138    -2.0100     -2.957     0.2424    -0.6682 -9.990e-29
 236.699907     -2.963   0.398995    14.7159    -2.0100     -2.938     0.2414    -0.6692 -9.990e-29
 236.699913     -2.946   0.397671    14.7182    -2.0098     -2.921     0.2406    -0.6702 -9.990e-29
 236.699919     -2.929   0.397002    14.7193    -2.0097     -2.905     0.2401    -0.6707 -9.990e-29
 236.699925     -2.912   0.397206    14.7187    -2.0096     -2.888     0.2403    -0.6705 -9.990e-29
 236.699931     -2.894   0.397448    14.7174    -2.0096     -2.870     0.2404    -0.6702 -9.990e-29
 236.699936     -2.873   0.396946    14.7165    -2.0096     -2.849     0.2401    -0.6703 -9.990e-29
 236.699942     -2.853   0.396137    14.7161    -2.0096     -2.829     0.2396    -0.6706 -9.990e-29
 236.699948     -2.837   0.395607    14.7161    -2.0095     -2.813     0.2393    -0.6709 -9.990e-29
 236.699954     -2.823   0.395202    14.7167    -2.0095     -2.799     0.2390    -0.6712 -9.990e-29
 236.699959     -2.811   0.394386    14.7183    -2.0096     -2.788     0.2385    -0.6718 -9.990e-29
 236.699965     -2.800   0.393179    14.7209    -2.0096     -2.777     0.2378    -0.6728 -9.990e-29
 236.699971     -2.789   0.392186    14.7237    -2.0095     -2.766     0.2371    -0.6737 -9.990e-29
 236.699977     -2.777   0.391746    14.7254    -2.0093     -2.754     0.2368    -0.6742 -9.990e-29
 236.699983     -2.764   0.391827    14.7261    -2.0092     -2.741     0.2369    -0.6742 -9.990e-29
 236.699988     -2.749   0.391986    14.7268    -2.0091     -2.726     0.2370    -0.6743 -9.990e-29
 236.699994     -2.732   0.391881    14.7279    -2.0091     -2.709     0.2369    -0.6745 -9.990e-29
 236.700000     -2.710   0.391376    14.7290    -2.0091     -2.687     0.2366    -0.6749 -9.990e-29
 236.700006     -2.682   0.390349    14.7296    -2.0091     -2.660     0.2360    -0.6755 -9.990e-29
 236.700012     -2.652   0.389094    14.7298    -2.0090     -2.630     0.2352    -0.6761 -9.990e-29
 236.700017     -2.625   0.388151    14.7308    -2.0090     -2.603     0.2346    -0.6767 -9.990e-29
 236.700023     -2.604   0.387924    14.7330    -2.0091     -2.582     0.2344    -0.6772 -9.990e-29
 236.700029     -2.588   0.388108    14.7359    -2.0094     -2.566     0.2345    -0.6775 -9.990e-29
 236.700035     -2.576   0.387842    14.7389    -2.0095     -2.555     0.2343    -0.6781 -9.990e-29
 236.700041     -2.567   0.386769    14.7410    -2.0098     -2.546     0.2337    -0.6789 -9.990e-29
 236.700046     -2.560   0.385119    14.7422    -2.0100     -2.539     0.2326    -0.6799 -9.990e-29
 236.700052     -2.556   0.383459    14.7429    -2.0101     -2.535     0.2316    -0.6808 -9.990e-29
 236.700058     -2.553   0.382342    14.7433    -2.0103     -2.532     0.2309    -0.6814 -9.990e-29
 236.700064     -2.552   0.381938    14.7431    -2.0103     -2.531     0.2307    -0.6816 -9.990e-29
 236.700069     -2.553   0.382263    14.7417    -2.0101     -2.532     0.2309    -0.6812 -9.990e-29
 236.700075     -2.551   0.383194    14.7390    -2.0099     -2.530     0.2315    -0.6803 -9.990e-29
 236.700081     -2.542   0.384311    14.7353    -2.0099     -2.521     0.2322    -0.6792 -9.990e-29
 236.700087     -2.530   0.384890    14.7309    -2.0100     -2.509     0.2326    -0.6783 -9.990e-29
 236.700093     -2.518   0.384594    14.7263    -2.0100     -2.497     0.2324    -0.6777 -9.990e-29
 236.700098     -2.505   0.383579    14.7222    -2.0099     -2.484     0.2318    -0.6776 -9.990e-29
 236.700104     -2.491   0.382153    14.7191    -2.0100     -2.470     0.2309    -0.6778 -9.990e-29
 236.700110     -2.474   0.380629    14.7171    -2.0100     -2.453     0.2300    -0.6782 -9.990e-29
 236.700116     -2.454   0.379189    14.7171    -2.0101     -2.434     0.2291    -0.6789 -9.990e-29
 236.700122     -2.434   0.378125    14.7190    -2.0101     -2.414     0.2284    -0.6797 -9.990e-29
 236.700127     -2.417   0.377678    14.7215    -2.0099     -2.397     0.2282    -0.6803 -9.990e-29
 236.700133     -2.397   0.377805    14.7231    -2.0098     -2.377     0.2282    -0.6805 -9.990e-29
 236.700139     -2.373   0.378118    14.7237    -2.0097     -2.353     0.2284    -0.6804 -9.990e-29
 236.700145     -2.352   0.377928    14.7240    -2.0096     -2.332     0.2283    -0.6806 -9.990e-29
 236.700150     -2.337   0.376981    14.7242    -2.0096     -2.318     0.2277    -0.6811 -9.990e-29
 236.700156     -2.322   0.375673    14.7238    -2.0095     -2.303     0.2269    -0.6816 -9.990e-29
 236.700162     -2.304   0.374475    14.7231    -2.0093     -2.285     0.2262    -0.6821 -9.990e-29
 236.700168     -2.283   0.373451    14.7230    -2.0092     -2.264     0.2255    -0.6826 -9.990e-29
 236.700174     -2.265   0.372341    14.7242    -2.0091     -2.246     0.2248    -0.6833 -9.990e-29
 236.700179     -2.247   0.371323    14.7265    -2.0090     -2.228     0.2242    -0.6841 -9.990e-29
 236.700185     -2.228   0.370701    14.7293    -2.0089     -2.209     0.2238    -0.6848 -9.990e-29
 236.700191     -2.207   0.370198    14.7320    -2.0087     -2.189     0.2235    -0.6855 -9.990e-29
 236.700197     -2.183   0.369698    14.7344    -2.0086     -2.165     0.2232    -0.6861 -9.990e-29
 236.700203     -2.154   0.369638    14.7367    -2.0087     -2.136     0.2231    -0.6865 -9.990e-29
