data/oxygen options/ONMS/Olympic_Coast_National_Marine_Sanctuary_CTD_Data_2005_2023/raw_data/2011/CAST_CA015_061011faed.cnv
* Sea-Bird SBE19 Data File:
* FileName = C:\Documents and Settings\OCNMS\Desktop\2011 mooring data\first service\CAST_CA015_061011.hex
* Software Version 1.24
* Temperature SN = 2997
* Conductivity SN = 2997
* System UpLoad Time = Jun 10 2011 14:04:23
** CAST_CA015_061011
* SEACAT PROFILER V3.1c SN 2997   06/10/11  14:03:38.968
# nquan = 9                                 
# nvalues = 495                         
# units = specified
# name 0 = timeJ: Julian Days
# name 1 = prSM: Pressure, Strain Gauge [db]
# name 2 = c0mS/cm: Conductivity [mS/cm]
# name 3 = t090C: Temperature [ITS-90, deg C]
# name 4 = sbeox0ML/L: Oxygen, SBE 43 [ml/l]
# name 5 = depSM: Depth [salt water, m], lat = 47.5
# name 6 = sal00: Salinity, Practical [PSU]
# name 7 = sigma-é00: Density [sigma-theta, kg/m^3]
# name 8 = flag: flag
# span 0 = 161.511076, 161.513935       
# span 1 =     -5.713,     14.425       
# span 2 =   0.182549,  35.592867       
# span 3 =     8.5709,    14.4861       
# span 4 =    -2.0291,    16.4717       
# span 5 =     -5.665,     14.304       
# span 6 =     0.1104,    32.5338       
# span 7 =    -0.7288,    25.2534       
# span 8 = 0.0000e+00, 0.0000e+00       
# interval = seconds: 0.5
# start_time = Jun 10 2011 12:15:57 [Instrument's time stamp, header]
# bad_flag = -9.990e-29
*END*
[from data line 161]
 161.512008     -1.010  35.532296    13.0931     6.3690     -1.002    29.7996    22.3501 -9.990e-29
 161.512014     -0.990  35.552183    13.0908     6.4650     -0.982    29.8200    22.3662 -9.990e-29
 161.512020     -0.975  35.558136    13.0906     6.4909     -0.967    29.8257    22.3707 -9.990e-29
 161.512025     -0.965  35.523366    13.0886     6.5026     -0.957    29.7948    22.3473 -9.990e-29
 161.512031     -0.958  35.460867    13.0877     6.5171     -0.950    29.7374    22.3030 -9.990e-29
 161.512037     -0.950  35.411060    13.0947     6.5104     -0.942    29.6856    22.2616 -9.990e-29
 161.512043     -0.935  35.396004    13.1099     6.4949     -0.927    29.6597    22.2387 -9.990e-29
 161.512049     -0.919  35.407379    13.1329     6.4875     -0.911    29.6523    22.2286 -9.990e-29
 161.512054     -0.902  35.428989    13.1614     6.4920     -0.894    29.6501    22.2214 -9.990e-29
 161.512060     -0.885  35.450445    13.1855     6.4948     -0.878    29.6513    22.2177 -9.990e-29
 161.512066     -0.867  35.463955    13.2031     6.4889     -0.860    29.6501    22.2134 -9.990e-29
 161.512072     -0.850  35.468496    13.2231     6.4838     -0.843    29.6387    22.2007 -9.990e-29
 161.512078     -0.842  35.476280    13.2460     6.4798     -0.835    29.6281    22.1881 -9.990e-29
 161.512083     -0.842  35.483682    13.2580     6.4750     -0.835    29.6256    22.1839 -9.990e-29
 161.512089     -0.843  35.481530    13.2610     6.4818     -0.836    29.6213    22.1800 -9.990e-29
 161.512095     -0.839  35.480395    13.2692     6.4622     -0.832    29.6138    22.1726 -9.990e-29
 161.512101     -0.831  35.481000    13.2720     6.4638     -0.824    29.6122    22.1708 -9.990e-29
 161.512106     -0.818  35.466226    13.2600     6.4619     -0.811    29.6079    22.1698 -9.990e-29
 161.512112     -0.803  35.446051    13.2533     6.4650     -0.796    29.5944    22.1607 -9.990e-29
 161.512118     -0.794  35.446767    13.2613     6.4719     -0.787    29.5888    22.1548 -9.990e-29
 161.512124     -0.790  35.455882    13.2643     6.4717     -0.783    29.5949    22.1590 -9.990e-29
 161.512130     -0.784  35.455303    13.2450     6.4883     -0.777    29.6094    22.1739 -9.990e-29
 161.512135     -0.769  35.443137    13.2137     6.4967     -0.763    29.6225    22.1900 -9.990e-29
 161.512141     -0.749  35.425558    13.1944     6.5038     -0.743    29.6212    22.1927 -9.990e-29
 161.512147     -0.733  35.418876    13.1892     6.5078     -0.727    29.6190    22.1921 -9.990e-29
 161.512153     -0.722  35.419209    13.1830     6.5098     -0.716    29.6241    22.1972 -9.990e-29
 161.512159     -0.712  35.412434    13.1720     6.5126     -0.706    29.6264    22.2011 -9.990e-29
 161.512164     -0.697  35.402953    13.1630     6.5160     -0.691    29.6246    22.2014 -9.990e-29
 161.512170     -0.682  35.401079    13.1598     6.5271     -0.676    29.6254    22.2026 -9.990e-29
 161.512176     -0.670  35.407664    13.1628     6.5474     -0.664    29.6291    22.2050 -9.990e-29
 161.512182     -0.660  35.418041    13.1727     6.5485     -0.654    29.6311    22.2045 -9.990e-29
 161.512188     -0.650  35.425323    13.1831     6.5379     -0.645    29.6297    22.2015 -9.990e-29
 161.512193     -0.637  35.425774    13.1818     6.5310     -0.632    29.6311    22.2029 -9.990e-29
 161.512199     -0.615  35.420551    13.1700     6.5318     -0.610    29.6355    22.2085 -9.990e-29
 161.512205     -0.588  35.412771    13.1597     6.5342     -0.583    29.6363    22.2111 -9.990e-29
 161.512211     -0.557  35.407732    13.1542     6.5434     -0.552    29.6359    22.2118 -9.990e-29
 161.512216     -0.525  35.406547    13.1509     6.5503     -0.521    29.6373    22.2136 -9.990e-29
 161.512222     -0.494  35.405389    13.1469     6.5382     -0.490    29.6394    22.2159 -9.990e-29
 161.512228     -0.458  35.398228    13.1410     6.5283     -0.454    29.6373    22.2155 -9.990e-29
 161.512234     -0.415  35.382791    13.1379     6.5178     -0.412    29.6254    22.2068 -9.990e-29
 161.512240     -0.366  35.368169    13.1399     6.5199     -0.363    29.6102    22.1947 -9.990e-29
 161.512245     -0.304  35.364538    13.1361     6.5482     -0.301    29.6098    22.1951 -9.990e-29
 161.512251     -0.220  35.370409    13.1248     6.5566     -0.218    29.6240    22.2083 -9.990e-29
 161.512257     -0.110  35.385209    13.1248     6.5579     -0.109    29.6377    22.2189 -9.990e-29
 161.512263      0.030  35.405147    13.1353     6.5456      0.030    29.6480    22.2248 -9.990e-29
 161.512269      0.195  35.411439    13.1308     6.5201      0.193    29.6573    22.2329 -9.990e-29
 161.512274      0.379  35.399028    13.1000     6.4797      0.376    29.6697    22.2484 0.0000e+00
 161.512280      0.576  35.376564    13.0467     6.4366      0.571    29.6904    22.2746 0.0000e+00
 161.512286      0.787  35.346567    12.9684     6.4217      0.780    29.7237    22.3153 0.0000e+00
 161.512292      1.015  35.308230    12.8576     6.3975      1.007    29.7748    22.3758 0.0000e+00
 161.512297      1.263  35.267540    12.7302     6.3323      1.252    29.8371    22.4480 0.0000e+00
 161.512303      1.529  35.239100    12.6217     6.2278      1.516    29.8961    22.5141 0.0000e+00
 161.512309      1.808  35.228083    12.5431     6.1260      1.793    29.9480    22.5690 0.0000e+00
 161.512315      2.094  35.230970    12.4743     6.0337      2.077    30.0055    22.6263 0.0000e+00
 161.512321      2.381  35.240946    12.3845     5.9811      2.361    30.0866    22.7057 0.0000e+00
 161.512326      2.673  35.240499    12.2680     5.9458      2.651    30.1796    22.7993 0.0000e+00
 161.512332      2.969  35.222300    12.1577     5.9056      2.944    30.2512    22.8750 0.0000e+00
 161.512338      3.268  35.202379    12.0711     5.9008      3.241    30.3022    22.9304 0.0000e+00
 161.512344      3.562  35.188866    11.9965     5.8878      3.532    30.3497    22.9809 0.0000e+00
 161.512350      3.849  35.176036    11.9255     5.8426      3.817    30.3951    23.0290 0.0000e+00
 161.512355      4.131  35.161325    11.8491     5.7836      4.096    30.4433    23.0801 0.0000e+00
 161.512361      4.411  35.144699    11.7532     5.6972      4.374    30.5057    23.1459 0.0000e+00
 161.512367      4.700  35.126933    11.6435     5.5885      4.661    30.5787    23.2221 0.0000e+00
 161.512373      5.003  35.110079    11.5456     5.4802      4.961    30.6431    23.2896 0.0000e+00
 161.512378      5.313  35.096281    11.4687     5.3820      5.269    30.6932    23.3422 0.0000e+00
 161.512384      5.621  35.083915    11.3910     5.2817      5.574    30.7456    23.3966 0.0000e+00
 161.512390      5.923  35.065429    11.2726     5.1961      5.873    30.8262    23.4801 0.0000e+00
 161.512396      6.223  35.030719    11.0877     5.1004      6.171    30.9472    23.6064 0.0000e+00
 161.512402      6.523  34.983324    10.8545     5.0499      6.468    31.0975    23.7636 0.0000e+00
 161.512407      6.819  34.935625    10.6192     5.0108      6.762    31.2507    23.9230 0.0000e+00
 161.512413      7.115  34.889500    10.4194     4.9773      7.055    31.3764    24.0545 0.0000e+00
 161.512419      7.415  34.846675    10.2636     4.9657      7.353    31.4681    24.1520 0.0000e+00
 161.512425      7.717  34.812155    10.1366     4.9404      7.652    31.5437    24.2320 0.0000e+00
 161.512431      8.019  34.783553    10.0167     4.9222      7.952    31.6194    24.3108 0.0000e+00
 161.512436      8.319  34.751260     9.9046     4.8939      8.249    31.6849    24.3802 0.0000e+00
 161.512442      8.610  34.716430     9.8266     4.8598      8.538    31.7180    24.4188 0.0000e+00
 161.512448      8.890  34.692510     9.7868     4.8262      8.816    31.7287    24.4335 0.0000e+00
 161.512454      9.162  34.681734     9.7593     4.8072      9.085    31.7418    24.4483 0.0000e+00
 161.512459      9.437  34.675875     9.7258     4.7719      9.358    31.7653    24.4720 0.0000e+00
 161.512465      9.718  34.668231     9.6858     4.7266      9.637    31.7928    24.4999 0.0000e+00
 161.512471     10.007  34.658123     9.6461     4.6707      9.923    31.8175    24.5256 0.0000e+00
 161.512477     10.300  34.647179     9.6145     4.5911     10.214    31.8342    24.5437 0.0000e+00
 161.512483     10.586  34.635353     9.5966     4.4999     10.497    31.8379    24.5495 0.0000e+00
 161.512488     10.853  34.628138     9.5867     4.4193     10.762    31.8392    24.5521 0.0000e+00
 161.512494     11.100  34.629903     9.5717     4.3351     11.007    31.8542    24.5662 0.0000e+00
 161.512500     11.341  34.633473     9.5238     4.2756     11.246    31.9003    24.6099 0.0000e+00
 161.512506     11.588  34.623428     9.4012     4.1979     11.491    31.9992    24.7066 0.0000e+00
 161.512512     11.855  34.587456     9.2137     4.1460     11.756    32.1303    24.8387 0.0000e+00
 161.512517     12.137  34.537468     9.0373     4.1252     12.035    32.2379    24.9503 0.0000e+00
 161.512523     12.413  34.498583     8.9313     4.1242     12.309    32.2936    25.0103 0.0000e+00
 161.512529     12.665  34.483832     8.8965     4.1062     12.559    32.3098    25.0284 0.0000e+00
 161.512535     12.895  34.490837     8.8971     4.0765     12.787    32.3165    25.0335 0.0000e+00
 161.512541     13.110  34.500892     8.8882     4.0265     13.000    32.3350    25.0493 0.0000e+00
 161.512546     13.322  34.494336     8.8370     3.9979     13.210    32.3747    25.0883 0.0000e+00
 161.512552     13.530  34.468560     8.7559     3.9978     13.417    32.4219    25.1376 0.0000e+00
 161.512558     13.726  34.438995     8.6878     4.0045     13.611    32.4533    25.1726 0.0000e+00
 161.512564     13.901  34.421050     8.6393     4.0405     13.785    32.4790    25.2001 0.0000e+00
 161.512569     14.055  34.414264     8.5963     4.0652     13.937    32.5113    25.2319 0.0000e+00
 161.512575     14.183  34.413465     8.5709     4.0977     14.064    32.5338    25.2534 -9.990e-29
 161.512581     14.280  34.420349     8.5837     4.1250     14.160    32.5292    25.2478 -9.990e-29
 161.512587     14.350  34.437332     8.6434     4.1475     14.230    32.4921    25.2097 -9.990e-29
 161.512593     14.395  34.457347     8.7380     4.1454     14.274    32.4262    25.1437 -9.990e-29
 161.512598     14.420  34.472894     8.8274     4.1475     14.299    32.3607    25.0788 -9.990e-29
 161.512604     14.425  34.485644     8.8768     4.1523     14.304    32.3289    25.0463 -9.990e-29
 161.512610     14.412  34.494663     8.8874     4.1589     14.291    32.3286    25.0445 -9.990e-29
 161.512616     14.378  34.496845     8.8793     4.1640     14.258    32.3383    25.0533 -9.990e-29
 161.512622     14.322  34.495634     8.8743     4.1435     14.202    32.3416    25.0567 -9.990e-29
 161.512627     14.245  34.497221     8.8809     4.1374     14.126    32.3373    25.0523 -9.990e-29
 161.512633     14.155  34.500327     8.8859     4.1231     14.036    32.3360    25.0505 -9.990e-29
 161.512639     14.059  34.495622     8.8839     4.1210     13.941    32.3330    25.0484 -9.990e-29
 161.512645     13.959  34.486323     8.8845     4.0839     13.842    32.3228    25.0404 -9.990e-29
 161.512650     13.857  34.485197     8.8888     4.0663     13.741    32.3177    25.0357 -9.990e-29
 161.512656     13.756  34.489589     8.8889     4.0466     13.641    32.3223    25.0393 -9.990e-29
 161.512662     13.657  34.486846     8.8738     4.0280     13.543    32.3332    25.0502 -9.990e-29
 161.512668     13.559  34.473841     8.8458     4.0282     13.445    32.3452    25.0639 -9.990e-29
 161.512674     13.460  34.461758     8.8234     4.0189     13.347    32.3531    25.0735 -9.990e-29
 161.512679     13.362  34.459089     8.8101     4.0208     13.250    32.3625    25.0829 -9.990e-29
 161.512685     13.266  34.459999     8.7938     4.0082     13.155    32.3784    25.0978 -9.990e-29
 161.512691     13.177  34.455026     8.7688     4.0140     13.067    32.3961    25.1155 -9.990e-29
 161.512697     13.092  34.444226     8.7446     4.0091     12.982    32.4070    25.1277 -9.990e-29
 161.512703     13.007  34.441161     8.7361     4.0213     12.898    32.4116    25.1326 -9.990e-29
 161.512708     12.919  34.448984     8.7429     4.0168     12.811    32.4136    25.1331 -9.990e-29
 161.512714     12.836  34.455695     8.7550     4.0069     12.728    32.4096    25.1281 -9.990e-29
 161.512720     12.770  34.456211     8.7618     4.0239     12.663    32.4039    25.1227 -9.990e-29
 161.512726     12.730  34.451749     8.7539     4.0127     12.623    32.4065    25.1259 -9.990e-29
 161.512731     12.713  34.445850     8.7392     4.0415     12.607    32.4138    25.1338 -9.990e-29
 161.512737     12.706  34.442936     8.7357     4.0237     12.600    32.4140    25.1345 -9.990e-29
 161.512743     12.694  34.445246     8.7485     4.0350     12.588    32.4047    25.1253 -9.990e-29
 161.512749     12.677  34.450784     8.7683     4.0339     12.571    32.3924    25.1126 -9.990e-29
 161.512755     12.663  34.454024     8.7863     4.0081     12.557    32.3793    25.0996 -9.990e-29
 161.512760     12.655  34.453095     8.7999     4.0031     12.549    32.3659    25.0871 -9.990e-29
 161.512766     12.652  34.451771     8.8089     3.9931     12.546    32.3563    25.0782 -9.990e-29
 161.512772     12.655  34.452177     8.8133     4.0077     12.549    32.3527    25.0747 -9.990e-29
 161.512778     12.664  34.451464     8.8098     4.0134     12.558    32.3552    25.0771 -9.990e-29
 161.512784     12.678  34.446970     8.7943     3.9956     12.572    32.3646    25.0869 -9.990e-29
 161.512789     12.695  34.439952     8.7754     3.9864     12.589    32.3746    25.0976 -9.990e-29
 161.512795     12.712  34.435579     8.7698     3.9670     12.606    32.3751    25.0989 -9.990e-29
 161.512801     12.729  34.437500     8.7796     3.9802     12.622    32.3682    25.0919 -9.990e-29
 161.512807     12.744  34.443203     8.7934     3.9830     12.637    32.3615    25.0846 -9.990e-29
 161.512813     12.757  34.447940     8.8002     3.9763     12.650    32.3602    25.0826 -9.990e-29
 161.512818     12.774  34.448477     8.7909     3.9939     12.667    32.3693    25.0911 -9.990e-29
 161.512824     12.790  34.443824     8.7673     3.9858     12.683    32.3860    25.1077 -9.990e-29
 161.512830     12.800  34.437264     8.7509     4.0096     12.693    32.3941    25.1166 -9.990e-29
 161.512836     12.794  34.435692     8.7603     4.0162     12.687    32.3839    25.1072 -9.990e-29
 161.512841     12.772  34.440893     8.7908     4.0134     12.665    32.3614    25.0850 -9.990e-29
 161.512847     12.743  34.448006     8.8233     4.0216     12.636    32.3392    25.0626 -9.990e-29
 161.512853     12.711  34.453609     8.8455     4.0024     12.605    32.3248    25.0479 -9.990e-29
 161.512859     12.693  34.457306     8.8568     3.9997     12.587    32.3184    25.0411 -9.990e-29
 161.512865     12.704  34.459523     8.8553     3.9976     12.598    32.3221    25.0442 -9.990e-29
 161.512870     12.736  34.458150     8.8415     3.9964     12.629    32.3332    25.0551 -9.990e-29
 161.512876     12.771  34.451884     8.8281     4.0128     12.664    32.3389    25.0616 -9.990e-29
 161.512882     12.797  34.447456     8.8260     3.9958     12.690    32.3361    25.0598 -9.990e-29
 161.512888     12.808  34.449562     8.8322     4.0088     12.701    32.3327    25.0561 -9.990e-29
 161.512894     12.803  34.453137     8.8413     4.0099     12.696    32.3281    25.0511 -9.990e-29
 161.512899     12.793  34.455635     8.8541     3.9907     12.686    32.3191    25.0421 -9.990e-29
 161.512905     12.784  34.458676     8.8674     4.0094     12.677    32.3101    25.0330 -9.990e-29
 161.512911     12.784  34.461247     8.8737     3.9852     12.677    32.3070    25.0297 -9.990e-29
 161.512917     12.798  34.461145     8.8708     3.9852     12.691    32.3096    25.0321 -9.990e-29
 161.512922     12.822  34.458206     8.8605     4.0007     12.715    32.3159    25.0386 -9.990e-29
