data/oxygen options/ONMS/Olympic_Coast_National_Marine_Sanctuary_CTD_Data_2005_2023/raw_data/2011/CAST_CA015_072211faed.cnv
* Sea-Bird SBE19 Data File:
* FileName = C:\Documents and Settings\OCNMS\Desktop\2011 mooring data\2nd service\CAST_CA015_072211.hex
* Software Version 1.24
* Temperature SN = 2997
* Conductivity SN = 2997
* System UpLoad Time = Jul 22 2011 15:53:08
** CAST_CA015_072211
* SEACAT PROFILER V3.1c SN 2997   07/22/11  15:52:42.037
# nquan = 9                                 
# nvalues = 566                         
# units = specified
# name 0 = timeJ: Julian Days
# name 1 = prSM: Pressure, Strain Gauge [db]
# name 2 = c0mS/cm: Conductivity [mS/cm]
# name 3 = t090C: Temperature [ITS-90, deg C]
# name 4 = sbeox0ML/L: Oxygen, SBE 43 [ml/l]
# name 5 = depSM: Depth [salt water, m], lat = 47.5
# name 6 = sal00: Salinity, Practical [PSU]
# name 7 = sigma-é00: Density [sigma-theta, kg/m^3]
# name 8 = flag: flag
# span 0 = 203.600833, 203.604103       
# span 1 =     -5.724,     15.023       
# span 2 =   0.697640,  39.039808       
# span 3 =     8.8042,    14.9693       
# span 4 =    -2.0070,    15.2559       
# span 5 =     -5.676,     14.897       
# span 6 =     0.4287,    33.0371       
# span 7 =    -0.5362,    25.5971       
# span 8 = 0.0000e+00, 0.0000e+00       
# interval = seconds: 0.5
# start_time = Jul 22 2011 14:25:12 [Instrument's time stamp, header]
# bad_flag = -9.990e-29
*END*
 203.600833     -5.724 -9.990e-29    14.7702    -2.0039     -5.676 -9.990e-29 -9.990e-29 -9.990e-29
 203.600839     -5.713   0.776426    14.7743    -2.0039     -5.665     0.4793    -0.4937 -9.990e-29
 203.600845     -5.699   0.769017    14.7785    -2.0039     -5.652     0.4745    -0.4980 -9.990e-29
 203.600851     -5.681   0.761743    14.7807    -2.0038     -5.634     0.4698    -0.5019 -9.990e-29
 203.600856     -5.658   0.757089    14.7815    -2.0038     -5.611     0.4668    -0.5044 -9.990e-29
 203.600862     -5.629   0.754021    14.7829    -2.0037     -5.582     0.4649    -0.5061 -9.990e-29
 203.600868     -5.591   0.751216    14.7858    -2.0041     -5.544     0.4630    -0.5080 -9.990e-29
 203.600874     -5.546   0.747890    14.7889    -2.0046     -5.500     0.4609    -0.5101 -9.990e-29
 203.600880     -5.500   0.743484    14.7902    -2.0058     -5.454     0.4580    -0.5125 -9.990e-29
 203.600885     -5.459   0.737293    14.7903    -2.0070     -5.414     0.4541    -0.5156 -9.990e-29
 203.600891     -5.425   0.728264    14.7911    -1.6941     -5.380     0.4483    -0.5202 -9.990e-29
 203.600897     -5.390   0.717096    14.7930    -1.6714     -5.345     0.4411    -0.5260 -9.990e-29
 203.600903     -5.349   0.706067    14.7952    -1.6750     -5.304     0.4341    -0.5318 -9.990e-29
 203.600909     -5.299   0.697640    14.7967    -1.6741     -5.255     0.4287    -0.5362 -9.990e-29
 203.600914     -5.236   0.697748    14.7957    -1.6752     -5.192     0.4288    -0.5360 -9.990e-29
 203.600920     -5.162   0.722044    14.7890    -1.6744     -5.119     0.4443    -0.5229 -9.990e-29
 203.600926     -5.083   0.811229    14.7726    -1.6742     -5.041     0.5017    -0.4761 -9.990e-29
 203.600932     -5.004   1.091972    14.7413    -1.6741     -4.962     0.6843    -0.3301 -9.990e-29
 203.600937     -4.920   1.955763    14.6828    -1.6737     -4.879     1.2625     0.1254 -9.990e-29
 203.600943     -4.830   4.575368    14.5629    -1.6734     -4.790     3.1143     1.5708 -9.990e-29
 203.600949     -4.731  12.460761    14.3889    -1.6737     -4.692     9.1653     6.2459 -9.990e-29
 203.600955     -4.623  24.676677    14.2477    -1.6730     -4.584    19.3468    14.0823 -9.990e-29
 203.600961     -4.515  33.461454    14.1859    -1.6732     -4.477    27.0984    20.0537 -9.990e-29
 203.600966     -4.421  36.789585    14.1723    -1.6741     -4.384    30.1134    22.3792 -9.990e-29
 203.600972     -4.346  37.902845    14.1747    -1.6748     -4.310    31.1262    23.1597 -9.990e-29
 203.600978     -4.283  38.254791    14.1810    -1.6710     -4.247    31.4429    23.4026 -9.990e-29
 203.600984     -4.225  38.368498    14.1862    -1.6672     -4.190    31.5426    23.4785 -9.990e-29
 203.600990     -4.163  38.412975    14.1908    -1.6669     -4.128    31.5795    23.5061 -9.990e-29
 203.600995     -4.102  38.436914    14.1983    -1.6689     -4.068    31.5953    23.5167 -9.990e-29
 203.601001     -4.052  38.457138    14.2079    -1.6660     -4.018    31.6059    23.5229 -9.990e-29
 203.601007     -4.008  38.459750    14.2152    -1.6660     -3.975    31.6023    23.5186 -9.990e-29
 203.601013     -3.965  38.449382    14.2144    -1.6654     -3.932    31.5935    23.5119 -9.990e-29
 203.601019     -3.922  38.443617    14.2094    -1.6651     -3.889    31.5923    23.5120 -9.990e-29
 203.601024     -3.883  38.441522    14.2313    -1.6621     -3.851    31.5724    23.4922 -9.990e-29
 203.601030     -3.849  38.447056    14.3028    -1.6581     -3.817    31.5191    23.4363 -9.990e-29
 203.601036     -3.821  38.466502    14.3863    -1.6560     -3.789    31.4688    23.3803 -9.990e-29
 203.601042     -3.790  38.486047    14.4281    -1.6554     -3.758    31.4527    23.3591 -9.990e-29
 203.601047     -3.745  38.490905    14.4424    -1.6547     -3.714    31.4455    23.3506 -9.990e-29
 203.601053     -3.692  38.492086    14.4658    -1.6543     -3.661    31.4275    23.3319 -9.990e-29
 203.601059     -3.644  38.506325    14.4840    -1.6542     -3.614    31.4257    23.3267 -9.990e-29
 203.601065     -3.607  38.531347    14.4954    -1.6540     -3.577    31.4392    23.3347 -9.990e-29
 203.601071     -3.574  38.574783    14.5387    -1.6539     -3.544    31.4435    23.3290 -9.990e-29
 203.601076     -3.539  38.631278    14.6313    -1.6535     -3.509    31.4197    23.2913 -9.990e-29
 203.601082     -3.501  38.663586    14.7381    -1.6530     -3.472    31.3627    23.2250 -9.990e-29
 203.601088     -3.459  38.667761    14.8093    -1.6531     -3.430    31.3092    23.1687 -9.990e-29
 203.601094     -3.422  38.677993    14.8403    -1.6528     -3.393    31.2935    23.1501 -9.990e-29
 203.601100     -3.389  38.718064    14.8610    -1.6526     -3.361    31.3130    23.1607 -9.990e-29
 203.601105     -3.360  38.773659    14.8821    -1.6524     -3.332    31.3461    23.1817 -9.990e-29
 203.601111     -3.333  38.802972    14.8896    -1.6525     -3.305    31.3664    23.1958 -9.990e-29
 203.601117     -3.310  38.801424    14.8822    -1.6528     -3.282    31.3709    23.2008 -9.990e-29
 203.601123     -3.294  38.814047    14.8786    -1.6529     -3.267    31.3852    23.2126 -9.990e-29
 203.601128     -3.275  38.853780    14.8891    -1.6530     -3.248    31.4125    23.2314 -9.990e-29
 203.601134     -3.243  38.885675    14.9066    -1.6525     -3.216    31.4271    23.2389 -9.990e-29
 203.601140     -3.205  38.892346    14.9195    -1.6523     -3.178    31.4227    23.2328 -9.990e-29
 203.601146     -3.177  38.882159    14.9225    -1.6524     -3.151    31.4111    23.2232 -9.990e-29
 203.601152     -3.164  38.874059    14.9194    -1.6528     -3.138    31.4063    23.2202 -9.990e-29
 203.601157     -3.157  38.886411    14.9166    -1.6527     -3.131    31.4197    23.2311 -9.990e-29
 203.601163     -3.142  38.912187    14.9164    -1.6526     -3.116    31.4430    23.2491 -9.990e-29
 203.601169     -3.120  38.929202    14.9169    -1.6529     -3.094    31.4579    23.2605 -9.990e-29
 203.601175     -3.097  38.926003    14.9172    -1.6531     -3.071    31.4548    23.2580 -9.990e-29
 203.601181     -3.076  38.911240    14.9183    -1.6528     -3.050    31.4406    23.2468 -9.990e-29
 203.601186     -3.056  38.901672    14.9198    -1.6531     -3.031    31.4308    23.2390 -9.990e-29
 203.601192     -3.035  38.905301    14.9199    -1.6532     -3.010    31.4340    23.2414 -9.990e-29
 203.601198     -3.011  38.919716    14.9190    -1.6533     -2.986    31.4477    23.2521 -9.990e-29
 203.601204     -2.984  38.932794    14.9190    -1.6529     -2.959    31.4594    23.2612 -9.990e-29
 203.601209     -2.952  38.931754    14.9194    -1.6527     -2.927    31.4582    23.2601 -9.990e-29
 203.601215     -2.917  38.920280    14.9185    -1.6528     -2.893    31.4486    23.2529 -9.990e-29
 203.601221     -2.886  38.912798    14.9156    -1.6533     -2.862    31.4441    23.2501 -9.990e-29
 203.601227     -2.860  38.910006    14.9120    -1.6532     -2.836    31.4445    23.2512 -9.990e-29
 203.601233     -2.838  38.906532    14.9094    -1.6533     -2.814    31.4435    23.2509 -9.990e-29
 203.601238     -2.819  38.907296    14.9081    -1.6530     -2.795    31.4452    23.2525 -9.990e-29
 203.601244     -2.801  38.909985    14.9075    -1.6530     -2.778    31.4481    23.2549 -9.990e-29
 203.601250     -2.783  38.905892    14.9072    -1.6528     -2.760    31.4447    23.2523 -9.990e-29
 203.601256     -2.764  38.899115    14.9069    -1.6530     -2.741    31.4388    23.2478 -9.990e-29
 203.601262     -2.744  38.901375    14.9061    -1.6530     -2.721    31.4415    23.2501 -9.990e-29
 203.601267     -2.720  38.915718    14.9046    -1.6529     -2.697    31.4556    23.2613 -9.990e-29
 203.601273     -2.691  38.928247    14.9025    -1.6528     -2.669    31.4685    23.2717 -9.990e-29
 203.601279     -2.659  38.926566    14.9006    -1.6527     -2.637    31.4685    23.2721 -9.990e-29
 203.601285     -2.632  38.918548    14.8992    -1.6527     -2.610    31.4624    23.2677 -9.990e-29
 203.601291     -2.612  38.915380    14.8983    -1.6527     -2.590    31.4603    23.2662 -9.990e-29
 203.601296     -2.592  38.920153    14.8987    -1.6527     -2.570    31.4643    23.2692 -9.990e-29
 203.601302     -2.568  38.931980    14.9004    -1.6527     -2.547    31.4735    23.2760 -9.990e-29
 203.601308     -2.542  38.942570    14.9023    -1.6527     -2.521    31.4815    23.2817 -9.990e-29
 203.601314     -2.518  38.944228    14.9038    -1.6526     -2.497    31.4818    23.2816 -9.990e-29
 203.601319     -2.493  38.939753    14.9051    -1.6524     -2.472    31.4767    23.2774 -9.990e-29
 203.601325     -2.469  38.937776    14.9059    -1.6525     -2.448    31.4743    23.2754 -9.990e-29
 203.601331     -2.451  38.940176    14.9063    -1.6528     -2.431    31.4761    23.2767 -9.990e-29
 203.601337     -2.432  38.944021    14.9070    -1.6528     -2.412    31.4790    23.2788 -9.990e-29
 203.601343     -2.408  38.948867    14.9084    -1.6527     -2.388    31.4822    23.2810 -9.990e-29
 203.601348     -2.375  38.952244    14.9100    -1.6527     -2.355    31.4840    23.2820 -9.990e-29
 203.601354     -2.337  38.953083    14.9113    -1.6528     -2.318    31.4837    23.2815 -9.990e-29
 203.601360     -2.305  38.952534    14.9122    -1.6527     -2.286    31.4824    23.2803 -9.990e-29
 203.601366     -2.288  38.951577    14.9124    -1.6527     -2.269    31.4814    23.2795 -9.990e-29
 203.601372     -2.285  38.951765    14.9111    11.6071     -2.266    31.4826    23.2807 -9.990e-29
 203.601377     -2.285  38.955062    14.9087    15.1413     -2.266    31.4875    23.2850 -9.990e-29
 203.601383     -2.273  38.960294    14.9073    15.2559     -2.254    31.4934    23.2898 -9.990e-29
 203.601389     -2.250  38.962142    14.9085    12.1919     -2.231    31.4940    23.2901 -9.990e-29
 203.601395     -2.222  38.958622    14.9104     5.9016     -2.203    31.4893    23.2860 -9.990e-29
 203.601400     -2.196  38.954033    14.9111     5.8649     -2.178    31.4846    23.2823 -9.990e-29
 203.601406     -2.178  38.952371    14.9108     5.9275     -2.160    31.4834    23.2814 -9.990e-29
 203.601412     -2.169  38.950331    14.9101     5.9082     -2.151    31.4821    23.2805 -9.990e-29
 203.601418     -2.158  38.949145    14.9101     5.8868     -2.140    31.4810    23.2797 -9.990e-29
 203.601424     -2.141  38.955668    14.9131     5.8663     -2.123    31.4845    23.2817 -9.990e-29
 203.601429     -2.121  38.970223    14.9186     5.8393     -2.103    31.4931    23.2872 -9.990e-29
 203.601435     -2.105  38.985358    14.9220     5.8044     -2.087    31.5040    23.2949 -9.990e-29
 203.601441     -2.096  38.989913    14.9210     5.7751     -2.079    31.5089    23.2988 -9.990e-29
 203.601447     -2.089  38.984952    14.9173     5.7697     -2.072    31.5074    23.2985 -9.990e-29
 203.601453     -2.077  38.979016    14.9154     5.7797     -2.060    31.5036    23.2960 -9.990e-29
 203.601458     -2.057  38.980469    14.9174     5.7885     -2.040    31.5033    23.2953 -9.990e-29
 203.601464     -2.037  38.992958    14.9201     5.7616     -2.020    31.5123    23.3017 -9.990e-29
 203.601470     -2.021  39.004035    14.9203     5.7381     -2.004    31.5221    23.3092 -9.990e-29
 203.601476     -2.006  39.002732    14.9178     5.7340     -1.989    31.5230    23.3104 -9.990e-29
 203.601481     -1.993  38.993505    14.9144     5.7370     -1.976    31.5174    23.3068 -9.990e-29
 203.601487     -1.980  38.986492    14.9118     5.7636     -1.963    31.5132    23.3041 -9.990e-29
 203.601493     -1.967  38.986378    14.9122     5.7618     -1.951    31.5128    23.3037 -9.990e-29
 203.601499     -1.952  38.991359    14.9176     5.7564     -1.936    31.5129    23.3026 -9.990e-29
 203.601505     -1.935  38.996344    14.9249     5.7383     -1.919    31.5115    23.3000 -9.990e-29
 203.601510     -1.918  38.997926    14.9299     5.7299     -1.902    31.5088    23.2969 -9.990e-29
 203.601516     -1.906  38.997126    14.9327     5.7192     -1.890    31.5059    23.2940 -9.990e-29
 203.601522     -1.894  38.996272    14.9356     5.7120     -1.878    31.5028    23.2910 -9.990e-29
 203.601528     -1.875  38.998739    14.9395     5.7174     -1.859    31.5018    23.2895 -9.990e-29
 203.601534     -1.849  39.006168    14.9437     5.7283     -1.834    31.5051    23.2911 -9.990e-29
 203.601539     -1.818  39.015051    14.9470     5.7389     -1.803    31.5104    23.2945 -9.990e-29
 203.601545     -1.789  39.019335    14.9486     5.7572     -1.774    31.5130    23.2961 -9.990e-29
 203.601551     -1.770  39.018044    14.9488     5.7446     -1.755    31.5116    23.2951 -9.990e-29
 203.601557     -1.761  39.015831    14.9481     5.7448     -1.746    31.5102    23.2941 -9.990e-29
 203.601563     -1.756  39.014800    14.9464     5.7573     -1.741    31.5107    23.2948 -9.990e-29
 203.601568     -1.740  39.014335    14.9445     5.7503     -1.725    31.5118    23.2961 -9.990e-29
 203.601574     -1.713  39.014388    14.9435     5.7684     -1.699    31.5126    23.2969 -9.990e-29
 203.601580     -1.681  39.015217    14.9436     5.7573     -1.667    31.5133    23.2974 -9.990e-29
 203.601586     -1.651  39.015128    14.9431     5.7431     -1.637    31.5136    23.2978 -9.990e-29
 203.601591     -1.629  39.012319    14.9414     5.7479     -1.615    31.5124    23.2972 -9.990e-29
 203.601597     -1.619  39.009209    14.9393     5.7365     -1.605    31.5113    23.2968 -9.990e-29
 203.601603     -1.615  39.006692    14.9371     5.7477     -1.602    31.5108    23.2969 -9.990e-29
 203.601609     -1.609  39.004215    14.9354     5.7511     -1.596    31.5100    23.2966 -9.990e-29
 203.601615     -1.596  39.005199    14.9352     5.7421     -1.583    31.5110    23.2975 -9.990e-29
 203.601620     -1.580  39.010394    14.9357     5.7340     -1.567    31.5153    23.3006 -9.990e-29
 203.601626     -1.567  39.013843    14.9359     5.7146     -1.554    31.5182    23.3029 -9.990e-29
 203.601632     -1.562  39.012864    14.9364     5.7199     -1.549    31.5169    23.3018 -9.990e-29
 203.601638     -1.560  39.011751    14.9376     5.7193     -1.547    31.5149    23.3000 -9.990e-29
 203.601644     -1.552  39.012944    14.9404     5.7099     -1.539    31.5137    23.2985 -9.990e-29
 203.601649     -1.534  39.017473    14.9441     5.6977     -1.521    31.5148    23.2985 -9.990e-29
 203.601655     -1.508  39.024097    14.9465     5.6856     -1.495    31.5188    23.3011 -9.990e-29
 203.601661     -1.486  39.027083    14.9472     5.6911     -1.474    31.5210    23.3026 -9.990e-29
 203.601667     -1.474  39.025931    14.9483     5.6946     -1.462    31.5190    23.3009 -9.990e-29
 203.601672     -1.469  39.025268    14.9507     5.7159     -1.457    31.5165    23.2984 -9.990e-29
 203.601678     -1.465  39.027572    14.9543     5.7151     -1.453    31.5157    23.2970 -9.990e-29
 203.601684     -1.461  39.029195    14.9572     5.7148     -1.449    31.5148    23.2957 -9.990e-29
 203.601690     -1.459  39.025577    14.9580     5.7155     -1.447    31.5109    23.2925 -9.990e-29
 203.601696     -1.457  39.021980    14.9569     5.7111     -1.445    31.5085    23.2909 -9.990e-29
 203.601701     -1.452  39.022573    14.9542     5.7141     -1.440    31.5112    23.2936 -9.990e-29
 203.601707     -1.434  39.023104    14.9511     5.7137     -1.422    31.5142    23.2966 -9.990e-29
 203.601713     -1.401  39.023164    14.9493     5.7135     -1.389    31.5157    23.2981 -9.990e-29
 203.601719     -1.366  39.024513    14.9488     5.7067     -1.355    31.5173    23.2994 -9.990e-29
 203.601725     -1.343  39.025028    14.9490     5.7057     -1.332    31.5176    23.2996 -9.990e-29
 203.601730     -1.339  39.024272    14.9501     5.7069     -1.328    31.5160    23.2982 -9.990e-29
 203.601736     -1.345  39.024039    14.9508     5.7107     -1.334    31.5153    23.2974 -9.990e-29
 203.601742     -1.348  39.024018    14.9495     5.7200     -1.337    31.5163    23.2985 -9.990e-29
 203.601748     -1.345  39.021384    14.9471     5.7204     -1.334    31.5159    23.2987 -9.990e-29
 203.601753     -1.340  39.016547    14.9464     5.7195     -1.329    31.5121    23.2959 -9.990e-29
