data/oxygen options/ONMS/Olympic_Coast_National_Marine_Sanctuary_CTD_Data_2005_2023/raw_data/2011/CAST_KL050_082411faed.cnv
* Sea-Bird SBE19 Data File:
* FileName = C:\Documents and Settings\OCNMS\Desktop\2011 mooring data\3rd service\CAST_KL050_082411.hex
* Software Version 1.24
* Temperature SN = 2997
* Conductivity SN = 2997
* System UpLoad Time = Aug 24 2011 16:59:34
** CAST_KL050_082411
* SEACAT PROFILER V3.1c SN 2997   08/24/11  16:58:36.937
# nquan = 9                                 
# nvalues = 1110                        
# units = specified
# name 0 = timeJ: Julian Days
# name 1 = prSM: Pressure, Strain Gauge [db]
# name 2 = c0mS/cm: Conductivity [mS/cm]
# name 3 = t090C: Temperature [ITS-90, deg C]
# name 4 = sbeox0ML/L: Oxygen, SBE 43 [ml/l]
# name 5 = depSM: Depth [salt water, m], lat = 47.5
# name 6 = sal00: Salinity, Practical [PSU]
# name 7 = sigma-é00: Density [sigma-theta, kg/m^3]
# name 8 = flag: flag
# span 0 = 236.699282, 236.705700       
# span 1 =     -5.666,     51.284       
# span 2 =   0.327062,  37.945546       
# span 3 =     7.4234,    14.9353       
# span 4 =    -2.0108,    19.9510       
# span 5 =     -5.619,     50.850       
# span 6 =     0.1961,    33.7256       
# span 7 =    -0.7359,    26.3566       
# span 8 = 0.0000e+00, 0.0000e+00       
# interval = seconds: 0.5
# start_time = Aug 24 2011 16:46:58 [Instrument's time stamp, header]
# bad_flag = -9.990e-29
*END*
[from data line 321]
 236.701140      0.074  37.594623    12.8236    -1.7182      0.073    31.9539    24.0684 -9.990e-29
 236.701146      0.076  37.615841    12.8280    -1.7165      0.075    31.9703    24.0802 -9.990e-29
 236.701152      0.080  37.606846    12.8285    -1.7164      0.079    31.9614    24.0732 -9.990e-29
 236.701157      0.091  37.571307    12.8199    -1.7173      0.090    31.9350    24.0545 -9.990e-29
 236.701163      0.115  37.559838    12.8075    -1.7180      0.114    31.9346    24.0566 -9.990e-29
 236.701169      0.143  37.591293    12.8000    -1.7173      0.142    31.9707    24.0860 -9.990e-29
 236.701175      0.162  37.633660    12.7996    -1.7164      0.161    32.0112    24.1174 -9.990e-29
 236.701181      0.167  37.659950    12.8023    -1.7164      0.166    32.0338    24.1344 -9.990e-29
 236.701186      0.168  37.664308    12.8038    -1.7161      0.167    32.0366    24.1363 -9.990e-29
 236.701192      0.170  37.635162    12.8025    -1.7152      0.169    32.0101    24.1160 -9.990e-29
 236.701198      0.171  37.587963    12.8001    -1.7146      0.170    31.9675    24.0835 -9.990e-29
 236.701204      0.172  37.576258    12.8004    -1.7140      0.171    31.9562    24.0746 -9.990e-29
 236.701209      0.174  37.607384    12.8042    -1.7135      0.173    31.9824    24.0942 -9.990e-29
 236.701215      0.176  37.616966    12.8085    -1.7133      0.175    31.9878    24.0976 -9.990e-29
 236.701221      0.178  37.583034    12.8116    -1.7132      0.177    31.9531    24.0701 -9.990e-29
 236.701227      0.182  37.558344    12.8139    -1.7133      0.180    31.9278    24.0501 -9.990e-29
 236.701233      0.186  37.576608    12.8152    -1.7128      0.184    31.9440    24.0623 -9.990e-29
 236.701238      0.191  37.614551    12.8161    -1.7126      0.189    31.9791    24.0894 -9.990e-29
 236.701244      0.197  37.647693    12.8167    -1.7152      0.195    32.0099    24.1131 -9.990e-29
 236.701250      0.205  37.686598    12.8165    -1.7178      0.203    32.0469    24.1418 -9.990e-29
 236.701256      0.216  37.741671    12.8166    -1.7180      0.214    32.0990    24.1821 -9.990e-29
 236.701262      0.225  37.803429    12.8179    -1.7163      0.223    32.1563    24.2262 -9.990e-29
 236.701267      0.230  37.858417    12.8191    -1.7146      0.228    32.2074    24.2655 -9.990e-29
 236.701273      0.234  37.896475    12.8187    -1.7166      0.232    32.2437    24.2938 -9.990e-29
 236.701279      0.242  37.919039    12.8179    -1.7162      0.240    32.2658    24.3110 -9.990e-29
 236.701285      0.251  37.934892    12.8182    -1.7147      0.249    32.2805    24.3223 -9.990e-29
 236.701291      0.252  37.945546    12.8190    -1.7138      0.250    32.2900    24.3295 -9.990e-29
 236.701296      0.246  37.939420    12.8192    -1.7151      0.244    32.2840    24.3248 -9.990e-29
 236.701302      0.240  37.877520    12.8179    -1.7168      0.238    32.2265    24.2805 -9.990e-29
 236.701308      0.239  37.745068    12.8151    -1.7158      0.237    32.1034    24.1858 -9.990e-29
 236.701314      0.242  37.620292    12.8126    -1.7143      0.240    31.9875    24.0965 -9.990e-29
 236.701319      0.246  37.593332    12.8118    -1.7146      0.244    31.9626    24.0775 -9.990e-29
 236.701325      0.246  37.651744    12.8117    -1.7176      0.244    32.0180    24.1203 -9.990e-29
 236.701331      0.247  37.698639    12.8102    -1.7174      0.245    32.0637    24.1560 -9.990e-29
 236.701337      0.253  37.698507    12.8081    -1.7173      0.251    32.0653    24.1577 -9.990e-29
 236.701343      0.260  37.721169    12.8083    -1.7171      0.258    32.0866    24.1741 -9.990e-29
 236.701348      0.264  37.781697    12.8110    -1.7159      0.262    32.1416    24.2162 -9.990e-29
 236.701354      0.270  37.805064    12.8136    -1.7165      0.268    32.1615    24.2311 -9.990e-29
 236.701360      0.282  37.758553    12.8152    -1.7182      0.280    32.1161    24.1956 -9.990e-29
 236.701366      0.298  37.709518    12.8159    -1.7191      0.296    32.0691    24.1591 -9.990e-29
 236.701372      0.308  37.721943    12.8147    -1.7196      0.305    32.0819    24.1692 -9.990e-29
 236.701377      0.311  37.750204    12.8087    -1.7177      0.308    32.1137    24.1950 -9.990e-29
 236.701383      0.309  37.713781    12.7964    -1.7175      0.306    32.0897    24.1788 -9.990e-29
 236.701389      0.313  37.640823    12.7814    15.0073      0.310    32.0333    24.1381 -9.990e-29
 236.701395      0.321  37.620196    12.7704    19.7695      0.318    32.0231    24.1323 -9.990e-29
 236.701400      0.326  37.655226    12.7679    19.9510      0.323    32.0584    24.1601 -9.990e-29
 236.701406      0.324  37.703747    12.7712    16.0044      0.321    32.1016    24.1929 -9.990e-29
 236.701412      0.315  37.725120    12.7744     7.8343      0.312    32.1191    24.2058 -9.990e-29
 236.701418      0.302  37.680243    12.7759     7.9963      0.299    32.0753    24.1716 -9.990e-29
 236.701424      0.294  37.592185    12.7762     8.2954      0.292    31.9917    24.1068 -9.990e-29
 236.701429      0.294  37.521095    12.7758     8.4134      0.292    31.9247    24.0550 -9.990e-29
 236.701435      0.301  37.506617    12.7761     8.4326      0.298    31.9107    24.0442 -9.990e-29
 236.701441      0.313  37.532255    12.7791     8.3981      0.310    31.9325    24.0604 -9.990e-29
 236.701447      0.321  37.514580    12.7834     8.3388      0.318    31.9121    24.0438 -9.990e-29
 236.701453      0.322  37.438431    12.7860     8.2650      0.319    31.8379    23.9858 -9.990e-29
 236.701458      0.319  37.382073    12.7878     8.2135      0.316    31.7830    23.9430 -9.990e-29
 236.701464      0.322  37.366146    12.7903     8.1839      0.319    31.7659    23.9293 -9.990e-29
 236.701470      0.335  37.362700    12.7925     8.1650      0.332    31.7607    23.9249 -9.990e-29
 236.701476      0.354  37.362109    12.7946     8.1442      0.351    31.7584    23.9227 -9.990e-29
 236.701481      0.368  37.364153    12.7976     8.1276      0.365    31.7578    23.9216 -9.990e-29
 236.701487      0.368  37.366523    12.8002     8.1067      0.365    31.7579    23.9212 -9.990e-29
 236.701493      0.360  37.365664    12.8013     8.1027      0.357    31.7561    23.9196 -9.990e-29
 236.701499      0.352  37.363237    12.8006     8.0924      0.349    31.7544    23.9184 -9.990e-29
 236.701505      0.350  37.360496    12.7972     8.0821      0.347    31.7547    23.9193 -9.990e-29
 236.701510      0.361  37.355475    12.7917     8.0855      0.358    31.7546    23.9202 -9.990e-29
 236.701516      0.379  37.349887    12.7872     8.0915      0.376    31.7531    23.9199 -9.990e-29
 236.701522      0.393  37.347488    12.7855     8.0896      0.390    31.7522    23.9196 -9.990e-29
 236.701528      0.396  37.347327    12.7859     8.0902      0.393    31.7517    23.9192 -9.990e-29
 236.701534      0.392  37.347512    12.7873     8.0885      0.389    31.7507    23.9181 -9.990e-29
 236.701539      0.390  37.347739    12.7885     8.0826      0.387    31.7499    23.9173 -9.990e-29
 236.701545      0.393  37.348878    12.7890     8.1032      0.390    31.7506    23.9177 -9.990e-29
 236.701551      0.397  37.351336    12.7894     8.1104      0.394    31.7526    23.9191 -9.990e-29
 236.701557      0.399  37.353356    12.7901     8.1153      0.396    31.7539    23.9200 -9.990e-29
 236.701562      0.398  37.354837    12.7910     8.1126      0.395    31.7545    23.9204 -9.990e-29
 236.701568      0.399  37.356082    12.7919     8.1007      0.396    31.7550    23.9205 -9.990e-29
 236.701574      0.406  37.355958    12.7919     8.1114      0.403    31.7548    23.9204 -9.990e-29
 236.701580      0.415  37.353747    12.7907     8.1192      0.412    31.7538    23.9198 -9.990e-29
 236.701586      0.423  37.350428    12.7895     8.1290      0.419    31.7516    23.9184 -9.990e-29
 236.701591      0.430  37.347746    12.7899     8.1264      0.426    31.7487    23.9161 -9.990e-29
 236.701597      0.432  37.347170    12.7924     8.1158      0.428    31.7461    23.9136 -9.990e-29
 236.701603      0.425  37.349619    12.7961     8.1093      0.421    31.7453    23.9122 -9.990e-29
 236.701609      0.413  37.352766    12.7982     8.1050      0.410    31.7465    23.9128 -9.990e-29
 236.701615      0.404  37.352972    12.7954     8.1127      0.401    31.7491    23.9153 -9.990e-29
 236.701620      0.406  37.348281    12.7883     8.1064      0.403    31.7506    23.9178 -9.990e-29
 236.701626      0.418  37.341409    12.7822     8.0964      0.415    31.7492    23.9179 -9.990e-29
 236.701632      0.434  37.338319    12.7800     8.0925      0.430    31.7482    23.9175 -9.990e-29
 236.701638      0.449  37.339379    12.7806     8.0980      0.445    31.7486    23.9178 -9.990e-29
 236.701644      0.461  37.341525    12.7824     8.1139      0.457    31.7492    23.9179 -9.990e-29
 236.701649      0.465  37.343705    12.7850     8.1194      0.461    31.7490    23.9173 -9.990e-29
 236.701655      0.467  37.346033    12.7877     8.1174      0.463    31.7490    23.9167 -9.990e-29
 236.701661      0.471  37.348261    12.7897     8.1119      0.467    31.7494    23.9166 -9.990e-29
 236.701667      0.476  37.350007    12.7914     8.1167      0.472    31.7496    23.9165 -9.990e-29
 236.701672      0.484  37.351926    12.7932     8.1193      0.480    31.7499    23.9164 -9.990e-29
 236.701678      0.496  37.353783    12.7948     8.1280      0.492    31.7503    23.9164 -9.990e-29
 236.701684      0.511  37.354701    12.7961     8.1299      0.507    31.7501    23.9159 -9.990e-29
 236.701690      0.526  37.355352    12.7974     8.1271      0.522    31.7496    23.9153 -9.990e-29
 236.701696      0.534  37.356610    12.7985     8.1261      0.530    31.7499    23.9153 -9.990e-29
 236.701701      0.531  37.357921    12.7994     8.1210      0.527    31.7503    23.9155 -9.990e-29
 236.701707      0.521  37.358237    12.7998     8.1205      0.517    31.7503    23.9154 -9.990e-29
 236.701713      0.512  37.356870    12.7985     8.1193      0.508    31.7501    23.9155 -9.990e-29
 236.701719      0.508  37.353125    12.7951     8.1263      0.504    31.7494    23.9156 -9.990e-29
 236.701725      0.508  37.347614    12.7902     8.1200      0.504    31.7483    23.9157 -9.990e-29
 236.701730      0.512  37.342519    12.7838     8.1184      0.508    31.7489    23.9174 -9.990e-29
 236.701736      0.521  37.338332    12.7762     8.1091      0.517    31.7513    23.9207 -9.990e-29
 236.701742      0.536  37.333960    12.7692     8.0886      0.532    31.7531    23.9234 -9.990e-29
 236.701748      0.553  37.329740    12.7651     8.0805      0.548    31.7525    23.9238 -9.990e-29
 236.701753      0.564  37.327891    12.7653     8.0883      0.559    31.7506    23.9223 -9.990e-29
 236.701759      0.566  37.329872    12.7685     8.1132      0.561    31.7498    23.9210 -9.990e-29
 236.701765      0.558  37.333850    12.7726     8.1340      0.553    31.7501    23.9205 -9.990e-29
 236.701771      0.546  37.337857    12.7774     8.1366      0.541    31.7499    23.9194 -9.990e-29
 236.701777      0.536  37.341644    12.7812     8.1275      0.532    31.7502    23.9189 -9.990e-29
 236.701782      0.533  37.342425    12.7822     8.1097      0.529    31.7501    23.9187 -9.990e-29
 236.701788      0.536  37.339571    12.7816     8.0955      0.532    31.7480    23.9171 -9.990e-29
 236.701794      0.540  37.337684    12.7813     8.0936      0.535    31.7464    23.9159 -9.990e-29
 236.701800      0.538  37.339298    12.7815     8.1036      0.534    31.7478    23.9170 -9.990e-29
 236.701806      0.530  37.343211    12.7832     8.1036      0.526    31.7501    23.9184 -9.990e-29
 236.701811      0.524  37.347367    12.7873     8.1065      0.520    31.7505    23.9180 -9.990e-29
 236.701817      0.523  37.351713    12.7936     8.1049      0.519    31.7494    23.9158 -9.990e-29
 236.701823      0.527  37.357010    12.8009     8.1027      0.523    31.7482    23.9136 -9.990e-29
 236.701829      0.536  37.362489    12.8070     8.1063      0.532    31.7483    23.9124 -9.990e-29
 236.701834      0.548  37.367061    12.8104     8.1221      0.543    31.7497    23.9129 -9.990e-29
 236.701840      0.554  37.369552    12.8117     8.1414      0.549    31.7510    23.9136 -9.990e-29
 236.701846      0.550  37.369928    12.8118     8.1363      0.545    31.7513    23.9138 -9.990e-29
 236.701852      0.541  37.369260    12.8115     8.1326      0.536    31.7509    23.9136 -9.990e-29
 236.701858      0.533  37.367783    12.8111     8.1263      0.529    31.7498    23.9128 -9.990e-29
 236.701863      0.532  37.365776    12.8099     8.1295      0.528    31.7489    23.9124 -9.990e-29
 236.701869      0.537  37.362251    12.8075     8.1440      0.533    31.7476    23.9118 -9.990e-29
 236.701875      0.548  37.358115    12.8051     8.1455      0.543    31.7457    23.9108 -9.990e-29
 236.701881      0.562  37.360182    12.8051     8.1428      0.557    31.7477    23.9123 -9.990e-29
 236.701887      0.570  37.368412    12.8073     8.1292      0.565    31.7536    23.9165 -9.990e-29
 236.701892      0.570  37.373623    12.8110     8.1222      0.565    31.7554    23.9172 -9.990e-29
 236.701898      0.566  37.373249    12.8157     8.1140      0.561    31.7511    23.9130 -9.990e-29
 236.701904      0.566  37.370158    12.8198     8.1121      0.561    31.7447    23.9072 -9.990e-29
 236.701910      0.569  37.361920    12.8220     8.0993      0.564    31.7351    23.8994 -9.990e-29
 236.701916      0.568  37.353798    12.8219     8.0962      0.563    31.7275    23.8935 -9.990e-29
 236.701921      0.562  37.356254    12.8187     8.1069      0.557    31.7325    23.8980 -9.990e-29
 236.701927      0.560  37.360811    12.8113     8.1120      0.555    31.7431    23.9076 -9.990e-29
 236.701933      0.566  37.357868    12.8023     8.1198      0.561    31.7478    23.9130 -9.990e-29
 236.701939      0.576  37.350792    12.7966     8.1098      0.571    31.7459    23.9126 -9.990e-29
 236.701944      0.581  37.345275    12.7955     8.1120      0.576    31.7416    23.9095 -9.990e-29
 236.701950      0.579  37.346287    12.7977     8.1136      0.574    31.7408    23.9084 -9.990e-29
 236.701956      0.573  37.352380    12.8025     8.1155      0.568    31.7425    23.9088 -9.990e-29
 236.701962      0.571  37.360485    12.8089     8.1094      0.566    31.7448    23.9093 -9.990e-29
 236.701968      0.577  37.370215    12.8158     8.1188      0.572    31.7482    23.9106 -9.990e-29
 236.701973      0.588  37.378872    12.8233     8.1305      0.583    31.7500    23.9107 -9.990e-29
 236.701979      0.600  37.385124    12.8306     8.1268      0.595    31.7498    23.9091 -9.990e-29
 236.701985      0.614  37.387794    12.8354     8.1248      0.609    31.7483    23.9070 -9.990e-29
 236.701991      0.626  37.385971    12.8371     8.1148      0.621    31.7451    23.9042 -9.990e-29
 236.701997      0.633  37.383392    12.8374     8.1208      0.628    31.7424    23.9021 -9.990e-29
 236.702002      0.636  37.382785    12.8375     8.1042      0.631    31.7418    23.9015 -9.990e-29
 236.702008      0.634  37.383909    12.8379     8.0904      0.629    31.7425    23.9020 -9.990e-29
 236.702014      0.631  37.386032    12.8392     8.0957      0.626    31.7434    23.9025 -9.990e-29
 236.702020      0.632  37.388069    12.8407     8.0995      0.627    31.7441    23.9027 -9.990e-29
 236.702025      0.633  37.389384    12.8414     8.1061      0.628    31.7447    23.9031 -9.990e-29
 236.702031      0.634  37.390058    12.8417     8.0987      0.629    31.7451    23.9033 -9.990e-29
 236.702037      0.638  37.390436    12.8419     8.1091      0.633    31.7453    23.9034 -9.990e-29
 236.702043      0.642  37.390469    12.8417     8.1087      0.637    31.7455    23.9036 -9.990e-29
 236.702049      0.642  37.389648    12.8402     8.1208      0.637    31.7460    23.9043 -9.990e-29
 236.702054      0.637  37.387445    12.8372     8.1301      0.632    31.7464    23.9052 -9.990e-29
