data/oxygen options/ONMS/Olympic_Coast_National_Marine_Sanctuary_CTD_Data_2005_2023/raw_data/2011/CAST_CA065_090211faed.cnv
* Sea-Bird SBE19 Data File:
* FileName = C:\Documents and Settings\OCNMS\Desktop\2011 mooring data\3rd service\CAST_CA065_090211.hex
* Software Version 1.24
* Temperature SN = 2997
* Conductivity SN = 2997
* System UpLoad Time = Sep 02 2011 15:35:10
** CAST_CA065_090211
* SEACAT PROFILER V3.1c SN 2997   09/02/11  15:34:28.658
# nquan = 9                                 
# nvalues = 1331                        
# units = specified
# name 0 = timeJ: Julian Days
# name 1 = prSM: Pressure, Strain Gauge [db]
# name 2 = c0mS/cm: Conductivity [mS/cm]
# name 3 = t090C: Temperature [ITS-90, deg C]
# name 4 = sbeox0ML/L: Oxygen, SBE 43 [ml/l]
# name 5 = depSM: Depth [salt water, m], lat = 47.5
# name 6 = sal00: Salinity, Practical [PSU]
# name 7 = sigma-é00: Density [sigma-theta, kg/m^3]
# name 8 = flag: flag
# span 0 = 245.411771, 245.419468       
# span 1 =     -5.628,     66.510       
# span 2 =   0.005508,  35.850272       
# span 3 =     7.3557,    12.7501       
# span 4 =    -2.1075,    16.7158       
# span 5 =     -5.581,     65.944       
# span 6 =     0.0084,    33.8166       
# span 7 =    -0.5806,    26.4381       
# span 8 = 0.0000e+00, 0.0000e+00       
# interval = seconds: 0.5
# start_time = Sep 02 2011 09:52:57 [Instrument's time stamp, header]
# bad_flag = -9.990e-29
*END*
[from data line 1121]
 245.418258     37.639  34.126531     7.7267     4.3745     37.321    33.0073    25.7490 0.0000e+00
 245.418264     36.998  34.123935     7.7337     4.1960     36.686    32.9982    25.7408 0.0000e+00
 245.418270     36.342  34.122213     7.7442     4.0173     36.036    32.9867    25.7303 0.0000e+00
 245.418275     35.668  34.121890     7.7599     3.8513     35.367    32.9718    25.7163 0.0000e+00
 245.418281     34.985  34.124236     7.7790     3.6876     34.690    32.9566    25.7016 0.0000e+00
 245.418287     34.305  34.131280     7.7982     3.4981     34.016    32.9463    25.6908 0.0000e+00
 245.418293     33.631  34.142921     7.8200     3.2953     33.348    32.9385    25.6815 0.0000e+00
 245.418299     32.959  34.156230     7.8494     3.1038     32.681    32.9253    25.6669 0.0000e+00
 245.418304     32.286  34.170500     7.8868     2.9744     32.014    32.9056    25.6461 0.0000e+00
 245.418310     31.611  34.188543     7.9315     2.8974     31.345    32.8831    25.6220 0.0000e+00
 245.418316     30.934  34.212048     7.9796     2.8632     30.674    32.8633    25.5994 0.0000e+00
 245.418322     30.259  34.238787     8.0232     2.8345     30.004    32.8511    25.5835 0.0000e+00
 245.418328     29.595  34.265811     8.0538     2.7835     29.346    32.8515    25.5794 0.0000e+00
 245.418333     28.942  34.289989     8.0675     2.7517     28.698    32.8647    25.5877 0.0000e+00
 245.418339     28.290  34.306633     8.0855     2.7632     28.052    32.8658    25.5859 0.0000e+00
 245.418345     27.621  34.322284     8.1319     2.7887     27.389    32.8392    25.5583 0.0000e+00
 245.418351     26.924  34.344953     8.1860     2.8712     26.698    32.8130    25.5298 0.0000e+00
 245.418356     26.201  34.364012     8.2181     2.9780     25.981    32.8035    25.5176 0.0000e+00
 245.418362     25.471  34.369631     8.2310     3.0952     25.257    32.7978    25.5112 0.0000e+00
 245.418368     24.747  34.365418     8.2383     3.2103     24.539    32.7868    25.5015 0.0000e+00
 245.418374     24.035  34.358099     8.2478     3.2900     23.833    32.7705    25.4873 0.0000e+00
 245.418380     23.340  34.351376     8.2646     3.3507     23.144    32.7481    25.4672 0.0000e+00
 245.418385     22.666  34.348065     8.2883     3.3768     22.476    32.7228    25.4438 0.0000e+00
 245.418391     22.017  34.350490     8.3101     3.3879     21.832    32.7054    25.4269 0.0000e+00
 245.418397     21.399  34.357430     8.3241     3.3992     21.219    32.7000    25.4206 0.0000e+00
 245.418403     20.811  34.366407     8.3304     3.4520     20.636    32.7039    25.4227 0.0000e+00
 245.418409     20.250  34.373738     8.3343     3.5388     20.080    32.7082    25.4256 0.0000e+00
 245.418414     19.710  34.376343     8.3461     3.6155     19.545    32.7003    25.4176 0.0000e+00
 245.418420     19.183  34.378277     8.3670     3.6597     19.022    32.6831    25.4010 0.0000e+00
 245.418426     18.665  34.384938     8.3919     3.6810     18.508    32.6673    25.3849 0.0000e+00
 245.418432     18.154  34.394029     8.4192     3.6743     18.002    32.6518    25.3686 0.0000e+00
 245.418438     17.646  34.402579     8.4479     3.6506     17.498    32.6344    25.3507 0.0000e+00
 245.418443     17.153  34.414174     8.4833     3.6060     17.009    32.6141    25.3295 0.0000e+00
 245.418449     16.694  34.435902     8.5284     3.5753     16.554    32.5955    25.3081 0.0000e+00
 245.418455     16.283  34.467085     8.5742     3.5536     16.146    32.5861    25.2939 0.0000e+00
 245.418461     15.915  34.496136     8.6122     3.5345     15.782    32.5817    25.2847 0.0000e+00
 245.418466     15.571  34.510864     8.6479     3.5447     15.440    32.5644    25.2657 0.0000e+00
 245.418472     15.230  34.514138     8.6870     3.5406     15.102    32.5320    25.2344 0.0000e+00
 245.418478     14.874  34.522663     8.7197     3.5404     14.749    32.5110    25.2130 0.0000e+00
 245.418484     14.498  34.535512     8.7508     3.5574     14.376    32.4961    25.1965 0.0000e+00
 245.418490     14.107  34.549125     8.8108     3.5803     13.989    32.4554    25.1555 0.0000e+00
 245.418495     13.711  34.583359     8.9045     3.6370     13.596    32.4056    25.1021 0.0000e+00
 245.418501     13.319  34.640209     8.9954     3.6775     13.207    32.3820    25.0696 0.0000e+00
 245.418507     12.936  34.698639     9.0619     3.7167     12.828    32.3822    25.0594 0.0000e+00
 245.418513     12.564  34.753729     9.1178     3.7593     12.459    32.3886    25.0557 0.0000e+00
 245.418519     12.204  34.805057     9.1692     3.7804     12.102    32.3951    25.0527 0.0000e+00
 245.418524     11.856  34.838221     9.2131     3.7848     11.757    32.3896    25.0415 0.0000e+00
 245.418530     11.513  34.856594     9.2508     3.7807     11.417    32.3745    25.0238 0.0000e+00
 245.418536     11.172  34.881901     9.2857     3.7965     11.078    32.3692    25.0141 0.0000e+00
 245.418542     10.832  34.909836     9.3206     3.8061     10.741    32.3665    25.0064 0.0000e+00
 245.418547     10.494  34.924479     9.3463     3.8154     10.406    32.3584    24.9961 0.0000e+00
 245.418553     10.152  34.924100     9.3612     3.8214     10.067    32.3447    24.9830 0.0000e+00
 245.418559      9.806  34.913820     9.3789     3.8258      9.724    32.3183    24.9595 0.0000e+00
 245.418565      9.456  34.900673     9.4031     3.8205      9.377    32.2831    24.9281 0.0000e+00
 245.418571      9.101  34.886746     9.4279     3.8288      9.025    32.2466    24.8957 0.0000e+00
 245.418576      8.748  34.873653     9.4491     3.8603      8.675    32.2142    24.8670 0.0000e+00
 245.418582      8.406  34.861318     9.4687     3.9027      8.336    32.1841    24.8403 0.0000e+00
 245.418588      8.073  34.847878     9.4898     3.9573      8.005    32.1515    24.8115 0.0000e+00
 245.418594      7.745  34.835592     9.5136     4.0220      7.680    32.1177    24.7813 0.0000e+00
 245.418600      7.419  34.822661     9.5470     4.1209      7.357    32.0748    24.7424 0.0000e+00
 245.418605      7.092  34.806423     9.6008     4.2237      7.033    32.0103    24.6834 0.0000e+00
 245.418611      6.759  34.791566     9.6831     4.3166      6.702    31.9220    24.6012 0.0000e+00
 245.418617      6.421  34.784060     9.7842     4.4156      6.367    31.8250    24.5091 0.0000e+00
 245.418623      6.086  34.787361     9.8719     4.5171      6.035    31.7511    24.4372 0.0000e+00
 245.418628      5.764  34.807585     9.9338     4.6194      5.716    31.7173    24.4007 0.0000e+00
 245.418634      5.454  34.843182     9.9888     4.7043      5.408    31.7051    24.3822 0.0000e+00
 245.418640      5.155  34.872220    10.0555     4.8023      5.112    31.6761    24.3486 0.0000e+00
 245.418646      4.865  34.884730    10.1484     4.8898      4.824    31.6076    24.2798 0.0000e+00
 245.418652      4.586  34.909734    10.2664     4.9725      4.548    31.5301    24.1998 0.0000e+00
 245.418657      4.326  34.966602    10.3778     5.0751      4.290    31.4905    24.1504 0.0000e+00
 245.418663      4.087  35.032644    10.4586     5.1853      4.053    31.4866    24.1338 0.0000e+00
 245.418669      3.856  35.086213    10.5142     5.2687      3.824    31.4921    24.1286 0.0000e+00
 245.418675      3.625  35.117020    10.5696     5.3529      3.595    31.4750    24.1059 0.0000e+00
 245.418681      3.390  35.134257    10.6487     5.3790      3.362    31.4241    24.0528 0.0000e+00
 245.418686      3.159  35.170451    10.7401     5.3719      3.133    31.3815    24.0041 0.0000e+00
 245.418692      2.947  35.244769    10.8125     5.3435      2.922    31.3931    24.0007 0.0000e+00
 245.418698      2.769  35.328107    10.8492     5.2486      2.746    31.4441    24.0340 0.0000e+00
 245.418704      2.633  35.366434    10.8547     5.1600      2.611    31.4773    24.0589 -9.990e-29
 245.418709      2.529  35.369449    10.8540     5.0608      2.508    31.4809    24.0619 -9.990e-29
 245.418715      2.447  35.373113    10.8722     5.0533      2.427    31.4689    24.0494 -9.990e-29
 245.418721      2.385  35.390727    10.9009     5.0959      2.365    31.4617    24.0388 -9.990e-29
 245.418727      2.340  35.410517    10.9095     5.1462      2.320    31.4739    24.0468 -9.990e-29
 245.418733      2.305  35.377135    10.8938     5.1648      2.286    31.4544    24.0344 -9.990e-29
 245.418738      2.277  35.317772    10.8723     5.1371      2.258    31.4143    24.0068 -9.990e-29
 245.418744      2.250  35.327889    10.8644     5.1304      2.231    31.4310    24.0213 -9.990e-29
 245.418750      2.222  35.393134    10.8672     5.1152      2.203    31.4931    24.0691 -9.990e-29
 245.418756      2.201  35.422813    10.8570     5.1132      2.183    31.5312    24.1005 -9.990e-29
 245.418762      2.185  35.396441    10.8379     5.1242      2.167    31.5216    24.0963 -9.990e-29
 245.418767      2.169  35.363718    10.8215     5.1661      2.151    31.5033    24.0849 -9.990e-29
 245.418773      2.156  35.339812    10.8014     5.2020      2.138    31.4970    24.0834 -9.990e-29
 245.418779      2.149  35.318608    10.7818     5.2236      2.131    31.4929    24.0836 -9.990e-29
 245.418785      2.148  35.305995    10.7803     5.2506      2.130    31.4817    24.0751 -9.990e-29
 245.418791      2.153  35.312592    10.7962     5.2656      2.135    31.4745    24.0668 -9.990e-29
 245.418796      2.159  35.339356    10.8106     5.2779      2.141    31.4886    24.0753 -9.990e-29
 245.418802      2.160  35.360382    10.8248     5.2828      2.142    31.4972    24.0796 -9.990e-29
 245.418808      2.150  35.365076    10.8549     5.2835      2.132    31.4760    24.0579 -9.990e-29
 245.418814      2.133  35.369782    10.8914     5.2799      2.115    31.4493    24.0308 -9.990e-29
 245.418819      2.117  35.380221    10.9089     5.2900      2.099    31.4446    24.0241 -9.990e-29
 245.418825      2.109  35.385685    10.9068     5.3278      2.091    31.4518    24.0301 -9.990e-29
 245.418831      2.113  35.387313    10.9001     5.3491      2.095    31.4592    24.0370 -9.990e-29
 245.418837      2.121  35.395684    10.8985     5.3597      2.103    31.4688    24.0447 -9.990e-29
 245.418843      2.120  35.403482    10.9052     5.3652      2.102    31.4707    24.0451 -9.990e-29
 245.418848      2.111  35.401507    10.9168     5.3931      2.093    31.4588    24.0338 -9.990e-29
 245.418854      2.101  35.403370    10.9293     5.4203      2.083    31.4500    24.0248 -9.990e-29
 245.418860      2.093  35.419400    10.9434     5.4646      2.076    31.4537    24.0252 -9.990e-29
 245.418866      2.089  35.437939    10.9575     5.5224      2.072    31.4599    24.0276 -9.990e-29
 245.418872      2.086  35.445075    10.9655     5.5499      2.069    31.4601    24.0263 -9.990e-29
 245.418877      2.085  35.445290    10.9672     5.5676      2.068    31.4588    24.0251 -9.990e-29
 245.418883      2.086  35.450079    10.9702     5.5926      2.069    31.4610    24.0262 -9.990e-29
 245.418889      2.089  35.466955    10.9802     5.6204      2.072    31.4690    24.0307 -9.990e-29
 245.418895      2.094  35.501623    10.9909     5.6475      2.077    31.4940    24.0483 -9.990e-29
 245.418900      2.098  35.533115    10.9965     5.6913      2.080    31.5202    24.0677 -9.990e-29
 245.418906      2.095  35.530070    11.0072     5.7156      2.078    31.5080    24.0564 -9.990e-29
 245.418912      2.091  35.513075    11.0358     5.7335      2.074    31.4668    24.0193 -9.990e-29
 245.418918      2.093  35.521072    11.0810     5.7618      2.076    31.4360    23.9875 -9.990e-29
 245.418924      2.107  35.554089    11.1223     5.7943      2.089    31.4331    23.9780 -9.990e-29
 245.418929      2.124  35.589520    11.1447     5.8102      2.106    31.4488    23.9863 -9.990e-29
 245.418935      2.132  35.604626    11.1630     5.8132      2.114    31.4479    23.9824 -9.990e-29
 245.418941      2.128  35.602198    11.1914     5.8067      2.110    31.4213    23.9567 -9.990e-29
 245.418947      2.116  35.604205    11.2218     5.7770      2.098    31.3974    23.9328 -9.990e-29
 245.418953      2.103  35.618929    11.2423     5.7750      2.085    31.3943    23.9268 -9.990e-29
 245.418958      2.093  35.638015    11.2508     5.7888      2.076    31.4058    23.9342 -9.990e-29
 245.418964      2.086  35.647723    11.2525     5.8178      2.069    31.4138    23.9401 -9.990e-29
 245.418970      2.080  35.648128    11.2525     5.7729      2.063    31.4142    23.9405 -9.990e-29
 245.418976      2.076  35.648172    11.2523     5.7723      2.059    31.4144    23.9407 -9.990e-29
 245.418981      2.074  35.648480    11.2519     5.7825      2.057    31.4151    23.9412 -9.990e-29
 245.418987      2.073  35.647785    11.2522     5.8107      2.056    31.4142    23.9404 -9.990e-29
 245.418993      2.073  35.646847    11.2537     5.8670      2.056    31.4120    23.9385 -9.990e-29
 245.418999      2.074  35.645540    11.2546     5.9032      2.057    31.4099    23.9367 -9.990e-29
 245.419005      2.076  35.641005    11.2545     5.9119      2.059    31.4056    23.9334 -9.990e-29
 245.419010      2.075  35.627762    11.2593     5.8974      2.058    31.3885    23.9193 -9.990e-29
 245.419016      2.063  35.593195    11.2740     5.8606      2.046    31.3422    23.8807 -9.990e-29
 245.419022      2.039  35.493461    11.2932     5.8510      2.022    31.2284    23.7889 -9.990e-29
 245.419028      2.013  35.423485    11.3059     5.8562      1.996    31.1493    23.7252 -9.990e-29
 245.419034      1.998  35.511714    11.3076     5.9110      1.981    31.2341    23.7907 -9.990e-29
 245.419039      1.992  35.622139    11.3008     5.9293      1.975    31.3478    23.8803 -9.990e-29
 245.419045      1.986  35.652820    11.2931     5.9435      1.969    31.3843    23.9100 -9.990e-29
 245.419051      1.976  35.654751    11.2928     5.9556      1.959    31.3864    23.9117 -9.990e-29
 245.419057      1.960  35.648427    11.3052     5.9192      1.944    31.3697    23.8965 -9.990e-29
 245.419063      1.943  35.624859    11.3257     5.8960      1.927    31.3293    23.8615 -9.990e-29
 245.419068      1.932  35.562148    11.3376     5.8859      1.916    31.2580    23.8040 -9.990e-29
 245.419074      1.930  35.520599    11.3320     5.8745      1.914    31.2221    23.7771 -9.990e-29
 245.419080      1.932  35.559615    11.3197     5.8775      1.916    31.2707    23.8170 -9.990e-29
 245.419086      1.932  35.605792    11.3150     5.8775      1.916    31.3197    23.8560 -9.990e-29
 245.419091      1.927  35.628867    11.3190     5.8804      1.911    31.3389    23.8702 -9.990e-29
 245.419097      1.928  35.659049    11.3214     5.8924      1.912    31.3663    23.8911 -9.990e-29
 245.419103      1.937  35.682269    11.3172     5.9300      1.921    31.3926    23.9122 -9.990e-29
 245.419109      1.952  35.688613    11.3107     5.9598      1.936    31.4043    23.9225 -9.990e-29
 245.419115      1.964  35.686544    11.3073     5.9703      1.948    31.4052    23.9237 -9.990e-29
 245.419120      1.966  35.686186    11.3112     5.9803      1.950    31.4015    23.9202 -9.990e-29
 245.419126      1.954  35.692106    11.3248     5.9794      1.938    31.3957    23.9133 -9.990e-29
 245.419132      1.936  35.704921    11.3451     6.0037      1.920    31.3910    23.9060 -9.990e-29
 245.419138      1.922  35.721564    11.3634     6.0557      1.906    31.3917    23.9033 -9.990e-29
 245.419144      1.918  35.734552    11.3726     6.1112      1.902    31.3966    23.9055 -9.990e-29
 245.419149      1.918  35.741615    11.3734     6.1584      1.902    31.4028    23.9101 -9.990e-29
 245.419155      1.917  35.744899    11.3747     6.1891      1.901    31.4049    23.9115 -9.990e-29
 245.419161      1.916  35.746548    11.3889     6.1981      1.900    31.3944    23.9009 -9.990e-29
 245.419167      1.911  35.756604    11.4193     6.1959      1.895    31.3784    23.8830 -9.990e-29
 245.419172      1.901  35.780638    11.4509     6.2086      1.885    31.3750    23.8748 -9.990e-29
