data/oxygen options/ONMS/Olympic_Coast_National_Marine_Sanctuary_CTD_Data_2005_2023/raw_data/2011/CAST_KL027_071911faedb.cnv
* Sea-Bird SBE19 Data File:
* FileName = F:\\CAST_KL027_071911000.hex
* Software Version 1.59
* Temperature SN = 2997
* Conductivity SN = 2997
* System UpLoad Time = Jul 19 2011 19:41:33
* ds
* SEACAT PROFILER V3.1c SN 2997   07/19/11  12:40:59.989
# nquan = 9
# nvalues = 27                          
# units = specified
# name 0 = timeJ: Julian Days
# name 1 = prSM: Pressure, Strain Gauge [db]
# name 2 = c0mS/cm: Conductivity [mS/cm]
# name 3 = t090C: Temperature [ITS-90, deg C]
# name 4 = sbeox0ML/L: Oxygen, SBE 43 [ml/l]
# name 5 = depSM: Depth [salt water, m], lat = 47.5
# name 6 = sal00: Salinity, Practical [PSU]
# name 7 = sigma-é00: Density [sigma-theta, kg/m^3]
# name 8 = flag: flag
# span 0 = 200.522993, 200.523566       
# span 1 =      1.000,     27.000       
# span 2 =  33.924910,  36.999177       
# span 3 =     7.7617,    14.6524       
# span 4 =     3.2270,     7.7294       
# span 5 =      0.992,     26.773       
# span 6 =    27.1834,    33.3161       
# span 7 =    20.0262,    25.9851       
# span 8 = 0.0000e+00, 0.0000e+00       
# interval = decibars: 1                
# start_time = Jul 19 2011 12:30:32 [Instrument's time stamp, header]
# bad_flag = -9.990e-29
*END*
 200.522993      1.000  33.924910    14.6524     6.6997      0.992    27.1834    20.0262 0.0000e+00
 200.523021      2.000  34.120486    14.4594     7.6703      1.983    27.4943    20.3042 0.0000e+00
 200.523044      3.000  36.099934    13.9289     7.7294      2.975    29.6722    22.0882 0.0000e+00
 200.523067      4.000  36.727150    13.8024     7.6308      3.967    30.3437    22.6315 0.0000e+00
 200.523089      5.000  36.811194    13.6557     7.5193      4.958    30.5373    22.8103 0.0000e+00
 200.523110      6.000  36.999177    13.5104     7.4984      5.950    30.8270    23.0628 0.0000e+00
 200.523138      7.000  36.986083    13.5174     7.3923      6.942    30.8088    23.0474 0.0000e+00
 200.523171      8.000  36.918949    13.3144     6.8825      7.933    30.9110    23.1661 0.0000e+00
 200.523197      9.000  36.667866    12.6050     6.7135      8.925    31.2562    23.5703 0.0000e+00
 200.523223     10.000  36.537752    12.2695     6.3168      9.916    31.4118    23.7540 0.0000e+00
 200.523244     11.000  36.168179    11.6248     6.6041     10.908    31.6005    24.0187 0.0000e+00
 200.523262     12.000  36.101639    11.3174     6.5481     11.899    31.7986    24.2278 0.0000e+00
 200.523283     13.000  36.162490    11.1760     6.3541     12.891    31.9802    24.3941 0.0000e+00
 200.523303     14.000  36.090286    10.8821     6.3292     13.883    32.1652    24.5897 0.0000e+00
 200.523324     15.000  36.087212    10.7945     6.3334     14.874    32.2386    24.6621 0.0000e+00
 200.523342     16.000  36.081891    10.6517     6.3476     15.866    32.3591    24.7806 0.0000e+00
 200.523361     17.000  36.078409    10.5274     6.2796     16.857    32.4657    24.8850 0.0000e+00
 200.523382     18.000  36.057636    10.4491     4.6480     17.849    32.5143    24.9363 0.0000e+00
 200.523404     19.000  35.758206     9.6568     3.2398     18.840    32.9289    25.3912 0.0000e+00
 200.523422     20.000  34.736699     8.1656     3.2270     19.832    33.2514    25.8760 0.0000e+00
 200.523441     21.000  34.492793     7.8399     3.3506     20.824    33.3004    25.9627 0.0000e+00
 200.523460     22.000  34.462089     7.8184     3.4320     21.815    33.2876    25.9559 0.0000e+00
 200.523480     23.000  34.450370     7.7851     3.4708     22.807    33.3063    25.9754 0.0000e+00
 200.523499     24.000  34.439476     7.7677     3.4685     23.798    33.3108    25.9814 0.0000e+00
 200.523518     25.000  34.447635     7.7708     3.4543     24.790    33.3161    25.9851 0.0000e+00
 200.523540     26.000  34.438280     7.7617     3.4481     25.782    33.3143    25.9850 0.0000e+00
 200.523566     27.000  34.433087     7.7627     3.4185     26.773    33.3073    25.9794 0.0000e+00
