data/oxygen options/ONMS/Olympic_Coast_National_Marine_Sanctuary_CTD_Data_2005_2023/raw_data/2011/CAST_CE015_060911faed.cnv
* Sea-Bird SBE19 Data File:
* FileName = C:\Documents and Settings\OCNMS\Desktop\2011 mooring data\first service\CAST_CE015_060911.hex
* Software Version 1.24
* Temperature SN = 2997
* Conductivity SN = 2997
* System UpLoad Time = Jun 09 2011 18:35:43
** CAST_CE015_060911
* SEACAT PROFILER V3.1c SN 2997   06/09/11  18:35:04.411
# nquan = 9                                 
# nvalues = 558                         
# units = specified
# name 0 = timeJ: Julian Days
# name 1 = prSM: Pressure, Strain Gauge [db]
# name 2 = c0mS/cm: Conductivity [mS/cm]
# name 3 = t090C: Temperature [ITS-90, deg C]
# name 4 = sbeox0ML/L: Oxygen, SBE 43 [ml/l]
# name 5 = depSM: Depth [salt water, m], lat = 47.5
# name 6 = sal00: Salinity, Practical [PSU]
# name 7 = sigma-é00: Density [sigma-theta, kg/m^3]
# name 8 = flag: flag
# span 0 = 160.447500, 160.450723       
# span 1 =     -5.660,     14.107       
# span 2 =   0.190063,  35.078455       
# span 3 =    10.8014,    14.2782       
# span 4 =    -2.0300,    16.9480       
# span 5 =     -5.613,     13.989       
# span 6 =     0.1150,    31.2335       
# span 7 =    -0.7038,    23.8786       
# span 8 = 0.0000e+00, 0.0000e+00       
# interval = seconds: 0.5
# start_time = Jun 09 2011 10:44:24 [Instrument's time stamp, header]
# bad_flag = -9.990e-29
*END*
[from data line 321]
 160.449358     13.220  35.062690    10.8900     5.5767     13.109    31.1429    23.7929 -9.990e-29
 160.449363     13.212  35.061624    10.8944     5.5804     13.101    31.1381    23.7884 -9.990e-29
 160.449369     13.212  35.059863    10.8992     5.5575     13.101    31.1323    23.7831 -9.990e-29
 160.449375     13.217  35.058421    10.9037     5.5645     13.106    31.1271    23.7782 -9.990e-29
 160.449381     13.230  35.057617    10.9037     5.5799     13.119    31.1263    23.7776 -9.990e-29
 160.449387     13.251  35.057504    10.8952     5.5777     13.140    31.1334    23.7846 -9.990e-29
 160.449392     13.276  35.059053    10.8809     5.5820     13.165    31.1470    23.7977 -9.990e-29
 160.449398     13.299  35.062091    10.8709     5.5928     13.188    31.1585    23.8083 -9.990e-29
 160.449404     13.314  35.063951    10.8713     5.5939     13.202    31.1600    23.8094 -9.990e-29
 160.449410     13.315  35.063749    10.8787     5.5890     13.203    31.1535    23.8031 -9.990e-29
 160.449416     13.308  35.062894    10.8875     5.5887     13.197    31.1452    23.7951 -9.990e-29
 160.449421     13.297  35.061929    10.8940     5.5870     13.186    31.1387    23.7890 -9.990e-29
 160.449427     13.285  35.060133    10.8969     5.6039     13.174    31.1345    23.7852 -9.990e-29
 160.449433     13.276  35.057356    10.8985     5.6107     13.165    31.1304    23.7817 -9.990e-29
 160.449439     13.265  35.055497    10.9006     5.5967     13.154    31.1268    23.7786 -9.990e-29
 160.449444     13.246  35.055441    10.9030     5.5795     13.135    31.1247    23.7765 -9.990e-29
 160.449450     13.224  35.055434    10.9065     5.5440     13.113    31.1217    23.7736 -9.990e-29
 160.449456     13.205  35.053790    10.9118     5.5133     13.094    31.1156    23.7679 -9.990e-29
 160.449462     13.196  35.051678    10.9159     5.5216     13.085    31.1101    23.7629 -9.990e-29
 160.449468     13.210  35.050764    10.9076     5.5179     13.099    31.1162    23.7691 -9.990e-29
 160.449473     13.257  35.052636    10.8787     5.5512     13.146    31.1426    23.7946 -9.990e-29
 160.449479     13.325  35.058112    10.8431     5.5675     13.213    31.1782    23.8284 -9.990e-29
 160.449485     13.391  35.063295    10.8228     5.5689     13.279    31.2006    23.8493 -9.990e-29
 160.449491     13.431  35.065571    10.8260     5.5838     13.318    31.2001    23.8484 -9.990e-29
 160.449497     13.441  35.065728    10.8455     5.5770     13.328    31.1836    23.8323 -9.990e-29
 160.449502     13.429  35.063411    10.8655     5.5762     13.316    31.1644    23.8138 -9.990e-29
 160.449508     13.412  35.058893    10.8763     5.5723     13.300    31.1507    23.8014 -9.990e-29
 160.449514     13.397  35.055119    10.8806     5.5584     13.285    31.1434    23.7949 -9.990e-29
 160.449520     13.384  35.054346    10.8819     5.5471     13.272    31.1415    23.7932 -9.990e-29
 160.449525     13.375  35.054986    10.8809     5.5544     13.263    31.1430    23.7945 -9.990e-29
 160.449531     13.379  35.055653    10.8760     5.5622     13.267    31.1478    23.7991 -9.990e-29
 160.449537     13.396  35.057241    10.8668     5.5700     13.284    31.1572    23.8080 -9.990e-29
 160.449543     13.414  35.059627    10.8579     5.5795     13.302    31.1671    23.8172 -9.990e-29
 160.449549     13.422  35.061516    10.8554     5.5678     13.310    31.1711    23.8208 -9.990e-29
 160.449554     13.415  35.062065    10.8600     5.5563     13.303    31.1677    23.8174 -9.990e-29
 160.449560     13.398  35.061443    10.8676     5.5598     13.286    31.1606    23.8106 -9.990e-29
 160.449566     13.382  35.060505    10.8734     5.5506     13.270    31.1548    23.8050 -9.990e-29
 160.449572     13.384  35.059682    10.8733     5.5550     13.272    31.1541    23.8045 -9.990e-29
 160.449578     13.408  35.059564    10.8643     5.5652     13.296    31.1616    23.8119 -9.990e-29
 160.449583     13.442  35.060557    10.8508     5.5648     13.329    31.1740    23.8239 -9.990e-29
 160.449589     13.472  35.061746    10.8437     5.5695     13.359    31.1812    23.8307 -9.990e-29
 160.449595     13.482  35.062475    10.8462     5.5691     13.369    31.1798    23.8292 -9.990e-29
 160.449601     13.468  35.062594    10.8527     5.5664     13.355    31.1744    23.8238 -9.990e-29
 160.449606     13.444  35.061700    10.8595     5.5858     13.331    31.1678    23.8175 -9.990e-29
 160.449612     13.419  35.059727    10.8658     5.5806     13.307    31.1605    23.8107 -9.990e-29
 160.449618     13.397  35.057407    10.8707     5.5687     13.285    31.1540    23.8049 -9.990e-29
 160.449624     13.376  35.056137    10.8749     5.5613     13.264    31.1492    23.8004 -9.990e-29
 160.449630     13.360  35.055916    10.8786     5.5446     13.248    31.1459    23.7972 -9.990e-29
 160.449635     13.355  35.055344    10.8794     5.5399     13.243    31.1446    23.7961 -9.990e-29
 160.449641     13.370  35.054788    10.8739     5.5423     13.258    31.1487    23.8002 -9.990e-29
 160.449647     13.411  35.055762    10.8618     5.5440     13.299    31.1600    23.8110 -9.990e-29
 160.449653     13.471  35.058455    10.8478     5.5513     13.358    31.1745    23.8248 -9.990e-29
 160.449659     13.533  35.061428    10.8390     5.5722     13.420    31.1849    23.8344 -9.990e-29
 160.449664     13.574  35.063049    10.8392     5.5681     13.460    31.1863    23.8354 -9.990e-29
 160.449670     13.586  35.063247    10.8448     5.5754     13.472    31.1817    23.8309 -9.990e-29
 160.449676     13.572  35.062853    10.8516     5.5819     13.458    31.1756    23.8249 -9.990e-29
 160.449682     13.540  35.061914    10.8584     5.5697     13.427    31.1689    23.8185 -9.990e-29
 160.449688     13.501  35.060312    10.8638     5.5696     13.388    31.1627    23.8128 -9.990e-29
 160.449693     13.471  35.058722    10.8679     5.5805     13.358    31.1577    23.8082 -9.990e-29
 160.449699     13.459  35.057279    10.8720     5.5741     13.346    31.1528    23.8037 -9.990e-29
 160.449705     13.470  35.055749    10.8764     5.5761     13.357    31.1475    23.7988 -9.990e-29
 160.449711     13.495  35.054346    10.8802     5.5710     13.382    31.1429    23.7946 -9.990e-29
 160.449716     13.519  35.053447    10.8801     5.5551     13.406    31.1421    23.7940 -9.990e-29
 160.449722     13.535  35.053545    10.8759     5.5578     13.422    31.1457    23.7975 -9.990e-29
 160.449728     13.544  35.054223    10.8701     5.5585     13.431    31.1513    23.8029 -9.990e-29
 160.449734     13.546  35.055275    10.8646     5.5523     13.433    31.1570    23.8083 -9.990e-29
 160.449740     13.542  35.056434    10.8606     5.5637     13.429    31.1616    23.8125 -9.990e-29
 160.449745     13.531  35.057015    10.8578     5.5564     13.418    31.1645    23.8153 -9.990e-29
 160.449751     13.513  35.057803    10.8564     5.5554     13.400    31.1665    23.8171 -9.990e-29
 160.449757     13.491  35.058737    10.8577     5.5577     13.378    31.1663    23.8167 -9.990e-29
 160.449763     13.476  35.058833    10.8608     5.5555     13.363    31.1638    23.8142 -9.990e-29
 160.449769     13.481  35.058231    10.8628     5.5596     13.368    31.1615    23.8121 -9.990e-29
 160.449774     13.504  35.057820    10.8616     5.5682     13.391    31.1621    23.8127 -9.990e-29
 160.449780     13.536  35.058184    10.8587     5.5794     13.423    31.1649    23.8154 -9.990e-29
 160.449786     13.565  35.058698    10.8567     5.5814     13.451    31.1671    23.8175 -9.990e-29
 160.449792     13.585  35.058939    10.8570     5.5797     13.471    31.1671    23.8174 -9.990e-29
 160.449797     13.588  35.059236    10.8604     5.5733     13.474    31.1645    23.8148 -9.990e-29
 160.449803     13.574  35.059434    10.8652     5.5687     13.460    31.1606    23.8110 -9.990e-29
 160.449809     13.560  35.059248    10.8692     5.5686     13.446    31.1570    23.8075 -9.990e-29
 160.449815     13.562  35.058441    10.8725     5.5679     13.448    31.1534    23.8041 -9.990e-29
 160.449821     13.576  35.057072    10.8753     5.5586     13.462    31.1497    23.8007 -9.990e-29
 160.449826     13.589  35.056125    10.8766     5.5644     13.475    31.1477    23.7989 -9.990e-29
 160.449832     13.595  35.056030    10.8758     5.5590     13.481    31.1482    23.7995 -9.990e-29
 160.449838     13.589  35.056110    10.8739     5.5677     13.475    31.1499    23.8012 -9.990e-29
 160.449844     13.579  35.056481    10.8716     5.5810     13.465    31.1523    23.8034 -9.990e-29
 160.449850     13.573  35.057089    10.8694     5.5809     13.459    31.1547    23.8057 -9.990e-29
 160.449855     13.567  35.056516    10.8686     5.5830     13.453    31.1549    23.8059 -9.990e-29
 160.449861     13.555  35.055689    10.8701     5.5931     13.441    31.1528    23.8040 -9.990e-29
 160.449867     13.538  35.056314    10.8739     5.5929     13.425    31.1502    23.8013 -9.990e-29
 160.449873     13.519  35.056995    10.8784     5.6022     13.406    31.1470    23.7981 -9.990e-29
 160.449878     13.508  35.056414    10.8810     5.6004     13.395    31.1442    23.7955 -9.990e-29
 160.449884     13.514  35.055488    10.8806     5.5909     13.401    31.1437    23.7951 -9.990e-29
 160.449890     13.529  35.055233    10.8796     5.5802     13.416    31.1443    23.7958 -9.990e-29
 160.449896     13.537  35.055320    10.8791     5.5820     13.424    31.1448    23.7962 -9.990e-29
 160.449902     13.529  35.055314    10.8794     5.5755     13.416    31.1445    23.7960 -9.990e-29
 160.449907     13.514  35.055216    10.8811     5.5740     13.401    31.1430    23.7945 -9.990e-29
 160.449913     13.503  35.054908    10.8832     5.5838     13.390    31.1409    23.7925 -9.990e-29
 160.449919     13.500  35.054549    10.8836     5.5749     13.387    31.1402    23.7919 -9.990e-29
 160.449925     13.500  35.054793    10.8817     5.5772     13.387    31.1421    23.7937 -9.990e-29
 160.449931     13.495  35.055416    10.8795     5.5847     13.382    31.1445    23.7960 -9.990e-29
 160.449936     13.477  35.055578    10.8784     5.5846     13.364    31.1456    23.7970 -9.990e-29
 160.449942     13.439  35.055506    10.8779     5.5967     13.326    31.1460    23.7974 -9.990e-29
 160.449948     13.384  35.055674    10.8789     5.6050     13.272    31.1453    23.7967 -9.990e-29
 160.449954     13.312  35.055756    10.8831     5.5939     13.200    31.1419    23.7933 -9.990e-29
 160.449959     13.219  35.055312    10.8904     5.5891     13.108    31.1353    23.7869 -9.990e-29
 160.449965     13.107  35.054322    10.8976     5.5901     12.997    31.1282    23.7802 -9.990e-29
 160.449971     12.990  35.053157    10.9012     5.5898     12.881    31.1241    23.7763 -9.990e-29
 160.449977     12.880  35.052517    10.9006     5.5855     12.772    31.1240    23.7764 -9.990e-29
 160.449983     12.771  35.052684    10.8984     5.5962     12.664    31.1261    23.7784 -9.990e-29
 160.449988     12.655  35.052770    10.8988     5.6046     12.549    31.1259    23.7781 -9.990e-29
 160.449994     12.518  35.051782    10.9026     5.6089     12.413    31.1217    23.7743 0.0000e+00
 160.450000     12.365  35.050091    10.9069     5.6185     12.261    31.1165    23.7694 0.0000e+00
 160.450006     12.207  35.048253    10.9108     5.6174     12.105    31.1114    23.7648 0.0000e+00
 160.450012     12.049  35.045512    10.9150     5.6155     11.948    31.1052    23.7593 0.0000e+00
 160.450017     11.891  35.041025    10.9201     5.6221     11.791    31.0966    23.7516 0.0000e+00
 160.450023     11.742  35.036662    10.9271     5.6181     11.644    31.0864    23.7425 0.0000e+00
 160.450029     11.604  35.033897    10.9368     5.6137     11.507    31.0755    23.7324 0.0000e+00
 160.450035     11.474  35.029058    10.9466     5.6260     11.378    31.0625    23.7206 0.0000e+00
 160.450041     11.342  35.022984    10.9527     5.6244     11.247    31.0514    23.7109 0.0000e+00
 160.450046     11.206  35.020466    10.9542     5.6418     11.112    31.0477    23.7078 0.0000e+00
 160.450052     11.064  35.019281    10.9526     5.6890     10.971    31.0480    23.7082 0.0000e+00
 160.450058     10.917  35.016740    10.9507     5.7032     10.826    31.0471    23.7079 0.0000e+00
 160.450064     10.768  35.015628    10.9522     5.7256     10.678    31.0448    23.7059 0.0000e+00
 160.450069     10.620  35.015595    10.9614     5.7266     10.531    31.0371    23.6982 0.0000e+00
 160.450075     10.468  35.008206    10.9844     5.7299     10.380    31.0104    23.6735 0.0000e+00
 160.450081     10.311  34.983622    11.0325     5.7327     10.225    30.9458    23.6149 0.0000e+00
 160.450087     10.156  34.941554    11.1051     5.7567     10.071    30.8436    23.5229 0.0000e+00
 160.450093     10.006  34.895361    11.1752     5.7720      9.922    30.7398    23.4300 0.0000e+00
 160.450098      9.865  34.852910    11.2190     5.7924      9.782    30.6619    23.3619 0.0000e+00
 160.450104      9.732  34.825382    11.2374     5.8156      9.651    30.6198    23.3259 0.0000e+00
 160.450110      9.594  34.817533    11.2528     5.8195      9.514    30.5994    23.3074 0.0000e+00
 160.450116      9.443  34.809395    11.2852     5.8370      9.364    30.5647    23.2747 0.0000e+00
 160.450122      9.281  34.791809    11.3344     5.8607      9.203    30.5069    23.2213 0.0000e+00
 160.450127      9.116  34.766538    11.3872     5.8956      9.040    30.4389    23.1591 0.0000e+00
 160.450133      8.955  34.731819    11.4338     5.9079      8.880    30.3669    23.0951 0.0000e+00
 160.450139      8.800  34.697379    11.4722     5.9169      8.726    30.3021    23.0380 0.0000e+00
 160.450145      8.645  34.675553    11.5032     5.9205      8.573    30.2557    22.9964 0.0000e+00
 160.450150      8.489  34.656857    11.5314     5.9299      8.418    30.2147    22.9596 0.0000e+00
 160.450156      8.339  34.633179    11.5599     5.9728      8.269    30.1686    22.9188 0.0000e+00
 160.450162      8.199  34.601520    11.5913     5.9844      8.130    30.1126    22.8698 0.0000e+00
 160.450168      8.068  34.560561    11.6284     5.9806      8.001    30.0430    22.8092 0.0000e+00
 160.450174      7.938  34.520657    11.6625     5.9838      7.872    29.9771    22.7520 0.0000e+00
 160.450179      7.797  34.495810    11.6878     5.9694      7.732    29.9328    22.7131 0.0000e+00
 160.450185      7.644  34.483705    11.7197     5.9684      7.580    29.8955    22.6785 0.0000e+00
 160.450191      7.486  34.457020    11.7686     5.9773      7.423    29.8307    22.6195 0.0000e+00
 160.450197      7.330  34.398665    11.8281     5.9572      7.269    29.7271    22.5286 0.0000e+00
 160.450203      7.180  34.316520    11.8807     5.9393      7.120    29.6067    22.4257 0.0000e+00
 160.450208      7.030  34.251693    11.9119     5.9400      6.971    29.5200    22.3530 0.0000e+00
 160.450214      6.875  34.219117    11.9290     5.9476      6.818    29.4754    22.3153 0.0000e+00
 160.450220      6.723  34.179856    11.9434     5.9668      6.667    29.4266    22.2749 0.0000e+00
 160.450226      6.584  34.120772    11.9626     6.0278      6.529    29.3552    22.2161 0.0000e+00
 160.450231      6.459  34.036446    11.9905     6.1115      6.405    29.2530    22.1319 -9.990e-29
 160.450237      6.339  33.942113    12.0185     6.1975      6.286    29.1413    22.0403 -9.990e-29
 160.450243      6.223  33.885570    12.0438     6.3045      6.171    29.0679    21.9789 -9.990e-29
 160.450249      6.109  33.851913    12.0828     6.3621      6.058    29.0057    21.9237 -9.990e-29
 160.450255      5.997  33.796279    12.1511     6.3953      5.947    28.9001    21.8296 -9.990e-29
 160.450260      5.878  33.713927    12.2591     6.4117      5.829    28.7392    21.6854 -9.990e-29
 160.450266      5.749  33.612081    12.3981     6.4125      5.701    28.5372    21.5038 0.0000e+00
 160.450272      5.615  33.497729    12.5209     6.4258      5.568    28.3371    21.3266 0.0000e+00
