data/oxygen options/ONMS/Olympic_Coast_National_Marine_Sanctuary_CTD_Data_2005_2023/raw_data/2011/CAST_CE065_060911faed.cnv
* Sea-Bird SBE19 Data File:
* FileName = C:\Documents and Settings\OCNMS\Desktop\2011 mooring data\first service\CAST_CE065_060911.hex
* Software Version 1.24
* Temperature SN = 2997
* Conductivity SN = 2997
* System UpLoad Time = Jun 09 2011 18:38:16
** CAST_CE065_060911
* SEACAT PROFILER V3.1c SN 2997   06/09/11  18:37:46.639
# nquan = 9                                 
# nvalues = 618                         
# units = specified
# name 0 = timeJ: Julian Days
# name 1 = prSM: Pressure, Strain Gauge [db]
# name 2 = c0mS/cm: Conductivity [mS/cm]
# name 3 = t090C: Temperature [ITS-90, deg C]
# name 4 = sbeox0ML/L: Oxygen, SBE 43 [ml/l]
# name 5 = depSM: Depth [salt water, m], lat = 47.5
# name 6 = sal00: Salinity, Practical [PSU]
# name 7 = sigma-é00: Density [sigma-theta, kg/m^3]
# name 8 = flag: flag
# span 0 = 160.594005, 160.597575       
# span 1 =     -6.086,     64.013       
# span 2 =   1.056484,  35.360093       
# span 3 =     7.6659,    14.9868       
# span 4 =    -1.7228,    15.5576       
# span 5 =     -6.035,     63.469       
# span 6 =     0.6658,    33.6614       
# span 7 =    -0.3022,    26.2717       
# span 8 = 0.0000e+00, 0.0000e+00       
# interval = seconds: 0.5
# start_time = Jun 09 2011 14:15:22 [Instrument's time stamp, header]
# bad_flag = -9.990e-29
*END*
[from data line 161]
 160.594936     -0.039  32.327095    14.7347     6.9971     -0.039    25.7169    18.8821 -9.990e-29
 160.594942      0.301  32.304825    14.6706     7.2582      0.298    25.7394    18.9123 0.0000e+00
 160.594948      0.666  32.295046    14.5896     7.5685      0.660    25.7843    18.9629 0.0000e+00
 160.594954      1.058  32.340627    14.4847     7.8764      1.049    25.8941    19.0681 0.0000e+00
 160.594959      1.473  32.520191    14.3379     8.1689      1.461    26.1516    19.2952 0.0000e+00
 160.594965      1.902  32.860401    14.1402     8.3890      1.886    26.5896    19.6711 0.0000e+00
 160.594971      2.339  33.300402    13.8739     8.4992      2.319    27.1706    20.1706 0.0000e+00
 160.594977      2.781  33.804882    13.5054     8.5936      2.758    27.8931    20.7989 0.0000e+00
 160.594983      3.234  34.368456    13.0739     8.6555      3.207    28.7320    21.5289 0.0000e+00
 160.594988      3.703  34.856736    12.6923     8.7469      3.672    29.4804    22.1793 0.0000e+00
 160.594994      4.181  35.139010    12.4096     8.8301      4.146    29.9693    22.6103 0.0000e+00
 160.595000      4.667  35.266179    12.1941     8.7832      4.628    30.2629    22.8775 0.0000e+00
 160.595006      5.152  35.330402    12.0003     8.6278      5.109    30.4815    23.0824 0.0000e+00
 160.595012      5.632  35.360093    11.7824     8.4145      5.585    30.6887    23.2826 0.0000e+00
 160.595017      6.112  35.346035    11.5255     8.1948      6.061    30.8881    23.4834 0.0000e+00
 160.595023      6.593  35.285640    11.2584     8.0511      6.538    31.0529    23.6587 0.0000e+00
 160.595029      7.071  35.210287    11.0279     7.9436      7.012    31.1737    23.7929 0.0000e+00
 160.595035      7.542  35.166120    10.8747     7.8295      7.479    31.2603    23.8868 0.0000e+00
 160.595041      7.999  35.168063    10.7981     7.6758      7.932    31.3275    23.9522 0.0000e+00
 160.595046      8.430  35.184448    10.7689     7.4590      8.359    31.3685    23.9892 0.0000e+00
 160.595052      8.838  35.192800    10.7605     7.1839      8.764    31.3838    24.0025 0.0000e+00
 160.595058      9.236  35.195789    10.7448     6.8905      9.159    31.4001    24.0179 0.0000e+00
 160.595064      9.641  35.196784    10.7052     6.6037      9.560    31.4349    24.0518 0.0000e+00
 160.595069     10.061  35.196495    10.6428     6.3206      9.977    31.4882    24.1039 0.0000e+00
 160.595075     10.497  35.188319    10.5580     6.0502     10.409    31.5531    24.1689 0.0000e+00
 160.595081     10.947  35.160732    10.4518     5.8029     10.855    31.6175    24.2370 0.0000e+00
 160.595087     11.402  35.108242    10.3334     5.5875     11.307    31.6678    24.2961 0.0000e+00
 160.595093     11.851  35.031906    10.2098     5.4031     11.752    31.6990    24.3410 0.0000e+00
 160.595098     12.288  34.934581    10.0810     5.2644     12.185    31.7136    24.3737 0.0000e+00
 160.595104     12.712  34.828656     9.9580     5.1182     12.606    31.7144    24.3946 0.0000e+00
 160.595110     13.128  34.740810     9.8551     5.0090     13.018    31.7157    24.4124 0.0000e+00
 160.595116     13.540  34.680387     9.7633     4.9108     13.427    31.7351    24.4424 0.0000e+00
 160.595122     13.951  34.632258     9.6670     4.8239     13.834    31.7709    24.4860 0.0000e+00
 160.595127     14.363  34.586495     9.5643     4.7607     14.243    31.8150    24.5368 0.0000e+00
 160.595133     14.783  34.541927     9.4650     4.7218     14.659    31.8574    24.5858 0.0000e+00
 160.595139     15.206  34.507928     9.3835     4.6745     15.079    31.8949    24.6280 0.0000e+00
 160.595145     15.630  34.495647     9.3152     4.6294     15.499    31.9431    24.6764 0.0000e+00
 160.595150     16.056  34.484717     9.2408     4.5785     15.921    31.9983    24.7312 0.0000e+00
 160.595156     16.481  34.448175     9.1607     4.5459     16.343    32.0323    24.7704 0.0000e+00
 160.595162     16.901  34.399387     9.0912     4.5512     16.759    32.0442    24.7905 0.0000e+00
 160.595168     17.323  34.362263     9.0367     4.5642     17.178    32.0547    24.8071 0.0000e+00
 160.595174     17.756  34.340428     8.9884     4.6118     17.607    32.0754    24.8308 0.0000e+00
 160.595179     18.206  34.328217     8.9299     4.6618     18.053    32.1153    24.8711 0.0000e+00
 160.595185     18.676  34.305926     8.8510     4.7436     18.519    32.1634    24.9208 0.0000e+00
 160.595191     19.165  34.261128     8.7641     4.8149     19.004    32.1954    24.9591 0.0000e+00
 160.595197     19.667  34.211859     8.6819     4.8831     19.502    32.2185    24.9897 0.0000e+00
 160.595203     20.175  34.172983     8.6004     4.9053     20.006    32.2519    25.0282 0.0000e+00
 160.595208     20.687  34.146907     8.5151     4.9035     20.513    32.3023    25.0805 0.0000e+00
 160.595214     21.204  34.129588     8.4322     4.8882     21.026    32.3599    25.1380 0.0000e+00
 160.595220     21.727  34.115784     8.3666     4.8320     21.545    32.4055    25.1834 0.0000e+00
 160.595226     22.241  34.109413     8.3288     4.7901     22.054    32.4333    25.2109 0.0000e+00
 160.595231     22.736  34.113668     8.3131     4.7672     22.545    32.4521    25.2279 0.0000e+00
 160.595237     23.213  34.125194     8.3084     4.8515     23.018    32.4684    25.2414 0.0000e+00
 160.595243     23.681  34.138581     8.3073     5.0039     23.482    32.4833    25.2533 0.0000e+00
 160.595249     24.153  34.150345     8.3055     5.2028     23.950    32.4972    25.2644 0.0000e+00
 160.595255     24.638  34.159318     8.3003     5.3794     24.431    32.5113    25.2762 0.0000e+00
 160.595260     25.135  34.167331     8.2881     5.4589     24.924    32.5308    25.2933 0.0000e+00
 160.595266     25.644  34.172692     8.2682     5.4773     25.428    32.5546    25.3150 0.0000e+00
 160.595272     26.161  34.171853     8.2471     5.4131     25.941    32.5731    25.3326 0.0000e+00
 160.595278     26.685  34.168678     8.2307     5.3169     26.461    32.5847    25.3441 0.0000e+00
 160.595284     27.216  34.167271     8.2191     5.2212     26.987    32.5937    25.3529 0.0000e+00
 160.595289     27.748  34.167373     8.2096     5.0958     27.515    32.6024    25.3611 0.0000e+00
 160.595295     28.273  34.167943     8.1998     4.9428     28.035    32.6119    25.3700 0.0000e+00
 160.595301     28.785  34.168560     8.1902     4.7784     28.543    32.6212    25.3787 0.0000e+00
 160.595307     29.287  34.169990     8.1823     4.6133     29.041    32.6298    25.3867 0.0000e+00
 160.595313     29.785  34.172960     8.1763     4.4937     29.534    32.6383    25.3942 0.0000e+00
 160.595318     30.280  34.178572     8.1717     4.4299     30.025    32.6483    25.4027 0.0000e+00
 160.595324     30.771  34.187533     8.1679     4.4176     30.512    32.6612    25.4133 0.0000e+00
 160.595330     31.258  34.198855     8.1631     4.4515     30.995    32.6774    25.4268 0.0000e+00
 160.595336     31.746  34.210219     8.1545     4.5315     31.479    32.6972    25.4436 0.0000e+00
 160.595341     32.236  34.220482     8.1428     4.5870     31.964    32.7188    25.4623 0.0000e+00
 160.595347     32.726  34.231510     8.1305     4.6515     32.450    32.7418    25.4821 0.0000e+00
 160.595353     33.208  34.244513     8.1191     4.6770     32.928    32.7660    25.5028 0.0000e+00
 160.595359     33.674  34.257169     8.1098     4.6746     33.390    32.7880    25.5214 0.0000e+00
 160.595365     34.128  34.266134     8.1025     4.6724     33.840    32.8041    25.5351 0.0000e+00
 160.595370     34.582  34.270985     8.0965     4.6238     34.291    32.8147    25.5443 0.0000e+00
 160.595376     35.043  34.273655     8.0919     4.5790     34.748    32.8216    25.5504 0.0000e+00
 160.595382     35.510  34.275406     8.0882     4.4944     35.211    32.8267    25.5550 0.0000e+00
 160.595388     35.979  34.276833     8.0838     4.4257     35.676    32.8321    25.5599 0.0000e+00
 160.595394     36.450  34.278664     8.0777     4.3597     36.143    32.8396    25.5666 0.0000e+00
 160.595399     36.931  34.281042     8.0709     4.2898     36.619    32.8483    25.5744 0.0000e+00
 160.595405     37.427  34.283720     8.0647     4.2547     37.111    32.8567    25.5820 0.0000e+00
 160.595411     37.931  34.286294     8.0595     4.1999     37.611    32.8641    25.5885 0.0000e+00
 160.595417     38.436  34.287095     8.0542     4.1923     38.112    32.8697    25.5937 0.0000e+00
 160.595422     38.937  34.284904     8.0461     4.1946     38.608    32.8747    25.5988 0.0000e+00
 160.595428     39.421  34.280688     8.0340     4.2277     39.088    32.8814    25.6058 0.0000e+00
 160.595434     39.882  34.275513     8.0210     4.2919     39.545    32.8878    25.6128 0.0000e+00
 160.595440     40.314  34.269730     8.0100     4.3313     39.974    32.8918    25.6175 0.0000e+00
 160.595446     40.720  34.264006     7.9999     4.3688     40.376    32.8950    25.6215 0.0000e+00
 160.595451     41.112  34.257414     7.9871     4.3019     40.765    32.8999    25.6272 0.0000e+00
 160.595457     41.501  34.246749     7.9687     4.1238     41.150    32.9056    25.6344 0.0000e+00
 160.595463     41.892  34.230096     7.9458     3.9356     41.538    32.9092    25.6405 0.0000e+00
 160.595469     42.284  34.212114     7.9243     3.7470     41.927    32.9101    25.6443 0.0000e+00
 160.595475     42.679  34.204086     7.9115     3.6797     42.318    32.9134    25.6488 0.0000e+00
 160.595480     43.083  34.217131     7.9135     3.6518     42.719    32.9252    25.6578 0.0000e+00
 160.595486     43.498  34.256865     7.9271     3.6482     43.130    32.9547    25.6789 0.0000e+00
 160.595492     43.930  34.309619     7.9375     3.6780     43.559    33.0010    25.7138 0.0000e+00
 160.595498     44.373  34.348288     7.9361     3.6681     43.998    33.0434    25.7473 0.0000e+00
 160.595503     44.815  34.365624     7.9284     3.6747     44.436    33.0690    25.7686 0.0000e+00
 160.595509     45.250  34.372973     7.9214     3.6609     44.867    33.0833    25.7808 0.0000e+00
 160.595515     45.673  34.377879     7.9169     3.6353     45.287    33.0926    25.7888 0.0000e+00
 160.595521     46.080  34.381827     7.9140     3.6461     45.690    33.0994    25.7945 0.0000e+00
 160.595527     46.475  34.385028     7.9106     3.6541     46.082    33.1058    25.8001 0.0000e+00
 160.595532     46.866  34.387814     7.9056     3.6917     46.470    33.1134    25.8067 0.0000e+00
 160.595538     47.261  34.389967     7.8978     3.7093     46.861    33.1229    25.8153 0.0000e+00
 160.595544     47.664  34.390427     7.8854     3.6744     47.261    33.1349    25.8266 0.0000e+00
 160.595550     48.070  34.389234     7.8698     3.6229     47.663    33.1483    25.8393 0.0000e+00
 160.595556     48.476  34.390941     7.8567     3.5205     48.066    33.1623    25.8523 0.0000e+00
 160.595561     48.880  34.402289     7.8497     3.4168     48.466    33.1810    25.8679 0.0000e+00
 160.595567     49.280  34.423832     7.8470     3.3071     48.863    33.2064    25.8883 0.0000e+00
 160.595573     49.670  34.450123     7.8454     3.1930     49.250    33.2359    25.9117 0.0000e+00
 160.595579     50.054  34.474764     7.8448     3.0915     49.630    33.2627    25.9329 0.0000e+00
 160.595584     50.438  34.493639     7.8454     2.9786     50.011    33.2822    25.9481 0.0000e+00
 160.595590     50.827  34.508942     7.8465     2.9037     50.397    33.2974    25.9598 0.0000e+00
 160.595596     51.219  34.524825     7.8469     2.8552     50.785    33.3138    25.9727 0.0000e+00
 160.595602     51.617  34.541172     7.8455     2.8411     51.180    33.3325    25.9876 0.0000e+00
 160.595608     52.026  34.556808     7.8422     2.8459     51.585    33.3522    26.0035 0.0000e+00
 160.595613     52.442  34.570728     7.8374     2.8036     51.998    33.3715    26.0194 0.0000e+00
 160.595619     52.856  34.580762     7.8312     2.7017     52.408    33.3880    26.0333 0.0000e+00
 160.595625     53.265  34.586832     7.8232     2.5243     52.814    33.4020    26.0454 0.0000e+00
 160.595631     53.669  34.592540     7.8142     2.3357     53.214    33.4165    26.0582 0.0000e+00
 160.595637     54.068  34.600442     7.8064     2.2053     53.610    33.4323    26.0717 0.0000e+00
 160.595642     54.462  34.609299     7.8023     2.1403     54.000    33.4456    26.0827 0.0000e+00
 160.595648     54.847  34.619146     7.8033     2.1192     54.382    33.4550    26.0900 0.0000e+00
 160.595654     55.211  34.633018     7.8073     2.1125     54.743    33.4659    26.0979 0.0000e+00
 160.595660     55.549  34.648115     7.8104     2.0890     55.078    33.4789    26.1078 0.0000e+00
 160.595666     55.865  34.656555     7.8115     2.0811     55.391    33.4868    26.1138 0.0000e+00
 160.595671     56.174  34.658382     7.8109     2.0602     55.698    33.4892    26.1157 0.0000e+00
 160.595677     56.496  34.658260     7.8082     2.0453     56.017    33.4915    26.1179 0.0000e+00
 160.595683     56.843  34.658255     7.8031     2.0679     56.361    33.4962    26.1224 0.0000e+00
 160.595689     57.211  34.658906     7.7953     2.0879     56.726    33.5042    26.1298 0.0000e+00
 160.595694     57.590  34.658827     7.7853     2.1178     57.101    33.5136    26.1386 0.0000e+00
 160.595700     57.970  34.657898     7.7740     2.1478     57.478    33.5233    26.1479 0.0000e+00
 160.595706     58.339  34.657668     7.7609     2.1807     57.844    33.5355    26.1593 0.0000e+00
 160.595712     58.692  34.658373     7.7474     2.2568     58.194    33.5490    26.1720 0.0000e+00
 160.595718     59.026  34.659819     7.7383     2.3331     58.525    33.5592    26.1813 0.0000e+00
 160.595723     59.340  34.661678     7.7332     2.4223     58.836    33.5660    26.1873 0.0000e+00
 160.595729     59.645  34.663051     7.7261     2.5075     59.139    33.5741    26.1948 0.0000e+00
 160.595735     59.957  34.664076     7.7146     2.5421     59.448    33.5862    26.2059 0.0000e+00
 160.595741     60.282  34.666108     7.7021     2.5694     59.770    33.6003    26.2188 0.0000e+00
 160.595747     60.621  34.669603     7.6920     2.5698     60.106    33.6136    26.2307 0.0000e+00
 160.595752     60.969  34.673608     7.6851     2.5396     60.451    33.6244    26.2402 0.0000e+00
 160.595758     61.321  34.677287     7.6803     2.5355     60.800    33.6329    26.2475 0.0000e+00
 160.595764     61.676  34.680488     7.6760     2.4940     61.152    33.6403    26.2540 0.0000e+00
 160.595770     62.029  34.683546     7.6720     2.4855     61.502    33.6473    26.2601 0.0000e+00
 160.595775     62.373  34.686607     7.6689     2.4870     61.843    33.6534    26.2653 0.0000e+00
 160.595781     62.696  34.689255     7.6671     2.4654     62.163    33.6579    26.2691 0.0000e+00
 160.595787     62.984  34.691088     7.6671     2.4827     62.449    33.6597    26.2705 0.0000e+00
 160.595793     63.226  34.692295     7.6688     2.4642     62.689    33.6593    26.2699 0.0000e+00
 160.595799     63.419  34.692791     7.6709     2.4583     62.880    33.6577    26.2684 0.0000e+00
 160.595804     63.572  34.690984     7.6727     2.4582     63.032    33.6539    26.2652 -9.990e-29
 160.595810     63.695  34.687815     7.6739     2.4496     63.154    33.6493    26.2614 -9.990e-29
 160.595816     63.794  34.686327     7.6743     2.4653     63.252    33.6472    26.2597 -9.990e-29
 160.595822     63.873  34.686204     7.6740     2.4682     63.330    33.6474    26.2598 -9.990e-29
 160.595828     63.927  34.686712     7.6736     2.4483     63.384    33.6483    26.2606 -9.990e-29
 160.595833     63.960  34.687955     7.6735     2.4599     63.416    33.6497    26.2617 -9.990e-29
 160.595839     63.983  34.689338     7.6735     2.4599     63.439    33.6512    26.2629 -9.990e-29
 160.595845     64.002  34.690456     7.6739     2.4555     63.458    33.6520    26.2635 -9.990e-29
 160.595851     64.013  34.691107     7.6749     2.4683     63.469    33.6517    26.2631 -9.990e-29
