data/oxygen options/ONMS/Olympic_Coast_National_Marine_Sanctuary_CTD_Data_2005_2023/raw_data/2011/CAST_TH015_060911faed.cnv
* Sea-Bird SBE19 Data File:
* FileName = C:\Documents and Settings\OCNMS\Desktop\2011 mooring data\first service\CAST_TH015_060911.hex
* Software Version 1.24
* Temperature SN = 2997
* Conductivity SN = 2997
* System UpLoad Time = Jun 09 2011 18:39:15
** CAST_TH015_060911
* SEACAT PROFILER V3.1c SN 2997   06/09/11  18:38:47.385
# nquan = 9                                 
# nvalues = 377                         
# units = specified
# name 0 = timeJ: Julian Days
# name 1 = prSM: Pressure, Strain Gauge [db]
# name 2 = c0mS/cm: Conductivity [mS/cm]
# name 3 = t090C: Temperature [ITS-90, deg C]
# name 4 = sbeox0ML/L: Oxygen, SBE 43 [ml/l]
# name 5 = depSM: Depth [salt water, m], lat = 47.5
# name 6 = sal00: Salinity, Practical [PSU]
# name 7 = sigma-é00: Density [sigma-theta, kg/m^3]
# name 8 = flag: flag
# span 0 = 160.722882, 160.725058       
# span 1 =     -5.728,     14.390       
# span 2 =   0.167001,  36.790391       
# span 3 =    10.2839,    13.1489       
# span 4 =    -2.0799,    17.5864       
# span 5 =     -5.680,     14.269       
# span 6 =     0.1037,    31.5314       
# span 7 =    -0.5584,    24.1933       
# span 8 = 0.0000e+00, 0.0000e+00       
# interval = seconds: 0.5
# start_time = Jun 09 2011 17:20:57 [Instrument's time stamp, header]
# bad_flag = -9.990e-29
*END*
[from data line 321]
 160.724740     11.634  35.010675    10.6234     5.9746     11.537    31.3197    23.9760 0.0000e+00
 160.724745     11.332  35.021095    10.6528     6.0585     11.237    31.3049    23.9595 0.0000e+00
 160.724751     11.024  35.029439    10.6756     6.1674     10.932    31.2938    23.9470 0.0000e+00
 160.724757     10.703  35.035666    10.6981     6.2482     10.613    31.2808    23.9331 0.0000e+00
 160.724763     10.370  35.043067    10.7231     6.3134     10.283    31.2669    23.9180 0.0000e+00
 160.724769     10.035  35.054823    10.7507     6.3273      9.951    31.2551    23.9040 0.0000e+00
 160.724774      9.706  35.078239    10.7856     6.3028      9.625    31.2486    23.8930 0.0000e+00
 160.724780      9.388  35.115446    10.8236     6.2791      9.309    31.2531    23.8900 0.0000e+00
 160.724786      9.082  35.148329    10.8496     6.2585      9.006    31.2635    23.8936 0.0000e+00
 160.724792      8.786  35.160845    10.8679     6.2762      8.712    31.2604    23.8880 0.0000e+00
 160.724797      8.498  35.155160    10.8937     6.3329      8.427    31.2329    23.8622 0.0000e+00
 160.724803      8.212  35.133242    10.9329     6.3636      8.143    31.1781    23.8128 0.0000e+00
 160.724809      7.924  35.101734    10.9859     6.3791      7.858    31.1022    23.7446 0.0000e+00
 160.724815      7.636  35.076332    11.0398     6.3603      7.572    31.0318    23.6805 0.0000e+00
 160.724821      7.355  35.065198    11.0825     6.3303      7.293    30.9849    23.6366 0.0000e+00
 160.724826      7.082  35.063603    11.1225     6.2754      7.023    30.9498    23.6024 0.0000e+00
 160.724832      6.807  35.062179    11.1689     6.2072      6.750    30.9095    23.5630 0.0000e+00
 160.724838      6.525  35.055138    11.2054     6.1883      6.470    30.8722    23.5275 0.0000e+00
 160.724844      6.241  35.032004    11.2202     6.1786      6.189    30.8373    23.4978 0.0000e+00
 160.724850      5.962  34.987165    11.2341     6.2073      5.912    30.7820    23.4524 0.0000e+00
 160.724855      5.691  34.926946    11.2667     6.2695      5.643    30.6961    23.3800 0.0000e+00
 160.724861      5.428  34.864037    11.3128     6.3240      5.383    30.5967    23.2947 0.0000e+00
 160.724867      5.169  34.822657    11.3580     6.4002      5.126    30.5191    23.2265 0.0000e+00
 160.724873      4.903  34.810939    11.4077     6.4544      4.862    30.4668    23.1771 0.0000e+00
 160.724878      4.621  34.814972    11.4841     6.4831      4.582    30.4080    23.1179 0.0000e+00
 160.724884      4.327  34.826727    11.5855     6.5243      4.291    30.3363    23.0444 0.0000e+00
 160.724890      4.027  34.840632    11.6771     6.5364      3.993    30.2751    22.9805 0.0000e+00
 160.724896      3.732  34.848949    11.7411     6.5760      3.701    30.2311    22.9349 0.0000e+00
 160.724902      3.454  34.855534    11.7959     6.6002      3.425    30.1930    22.8956 0.0000e+00
 160.724907      3.192  34.866411    11.8507     6.6393      3.165    30.1591    22.8594 0.0000e+00
 160.724913      2.938  34.870358    11.8988     6.7166      2.913    30.1241    22.8236 0.0000e+00
 160.724919      2.689  34.859234    11.9435     6.7646      2.667    30.0774    22.7794 0.0000e+00
 160.724925      2.446  34.842318    11.9881     6.8154      2.426    30.0254    22.7310 0.0000e+00
 160.724931      2.210  34.823969    12.0316     6.8775      2.192    29.9730    22.6825 0.0000e+00
 160.724936      1.985  34.800471    12.0739     6.9249      1.968    29.9168    22.6312 0.0000e+00
 160.724942      1.772  34.772445    12.1232     6.9723      1.757    29.8508    22.5710 0.0000e+00
 160.724948      1.571  34.743432    12.1898     6.9779      1.558    29.7702    22.4965 0.0000e+00
 160.724954      1.378  34.710613    12.2550     6.9472      1.366    29.6874    22.4204 0.0000e+00
 160.724959      1.189  34.673937    12.2849     6.9281      1.179    29.6290    22.3697 0.0000e+00
 160.724965      0.996  34.636054    12.2877     6.8896      0.988    29.5910    22.3397 0.0000e+00
 160.724971      0.797  34.574491    12.3057     6.7903      0.790    29.5186    22.2803 0.0000e+00
 160.724977      0.598  34.477742    12.3473     6.6508      0.593    29.3945    22.1766 0.0000e+00
 160.724983      0.410  34.361290    12.3889     6.5122      0.407    29.2521    22.0587 0.0000e+00
 160.724988      0.232  34.203153    12.4270     6.4206      0.230    29.0734    21.9135 0.0000e+00
 160.724994      0.063  33.981222    12.4803     7.4429      0.062    28.8236    21.7103 0.0000e+00
 160.725000     -0.095  33.736897    12.5448     7.4330     -0.094    28.5453    21.4831 0.0000e+00
 160.725006     -0.236  33.548264    12.5833 -9.990e-29     -0.234    28.3396    21.3169 -9.990e-29
 160.725012     -0.355  33.517402    12.5774 -9.990e-29     -0.352    28.3152    21.2992 -9.990e-29
 160.725017     -0.452  33.602399    12.5415 -9.990e-29     -0.448    28.4218    21.3882 -9.990e-29
 160.725023     -0.529  33.585173    12.4928 -9.990e-29     -0.525    28.4425    21.4131 -9.990e-29
 160.725029     -0.590  33.415887    12.4460 -9.990e-29     -0.585    28.3190    21.3261 -9.990e-29
 160.725035     -0.639  33.142576    12.4116 -9.990e-29     -0.634    28.0884    21.1539 -9.990e-29
 160.725041     -0.679  32.505508    12.3901 -9.990e-29     -0.673    27.5073    20.7082 -9.990e-29
 160.725046     -0.709  30.562880    12.3770 -9.990e-29     -0.703    25.7056    19.3172 -9.990e-29
 160.725052     -0.726  24.622627    12.3721 -9.990e-29     -0.720    20.2698    15.1189 -9.990e-29
 160.725058     -0.732  16.083114 -9.990e-29 -9.990e-29     -0.726 -9.990e-29 -9.990e-29 -9.990e-29
