data/oxygen options/ONMS/Olympic_Coast_National_Marine_Sanctuary_CTD_Data_2005_2023/raw_data/2011/CAST_MB015_082611faed.cnv
* Sea-Bird SBE19 Data File:
* FileName = C:\Documents and Settings\OCNMS\Desktop\2011 mooring data\3rd service\CAST_MB015_082611.hex
* Software Version 1.24
* Temperature SN = 2997
* Conductivity SN = 2997
* System UpLoad Time = Aug 26 2011 14:30:01
** CAST_MB015_082611
* SEACAT PROFILER V3.1c SN 2997   08/26/11  14:29:33.613
# nquan = 9                                 
# nvalues = 812                         
# units = specified
# name 0 = timeJ: Julian Days
# name 1 = prSM: Pressure, Strain Gauge [db]
# name 2 = c0mS/cm: Conductivity [mS/cm]
# name 3 = t090C: Temperature [ITS-90, deg C]
# name 4 = sbeox0ML/L: Oxygen, SBE 43 [ml/l]
# name 5 = depSM: Depth [salt water, m], lat = 47.5
# name 6 = sal00: Salinity, Practical [PSU]
# name 7 = sigma-é00: Density [sigma-theta, kg/m^3]
# name 8 = flag: flag
# span 0 = 238.548681, 238.553374       
# span 1 =     -5.801,     16.988       
# span 2 =   0.341830,  38.041085       
# span 3 =     9.4906,    15.2344       
# span 4 =    -2.0007,    18.0102       
# span 5 =     -5.753,     16.846       
# span 6 =     0.2041,    32.9102       
# span 7 =    -0.7734,    25.4042       
# span 8 = 0.0000e+00, 0.0000e+00       
# interval = seconds: 0.5
# start_time = Aug 26 2011 13:10:06 [Instrument's time stamp, header]
# bad_flag = -9.990e-29
*END*
[from data line 161]
 238.549612     -2.386   0.368648    15.1500    -1.9946     -2.366     0.2203    -0.7509 -9.990e-29
 238.549618     -2.372   0.367711    15.1389    -1.9948     -2.352     0.2198    -0.7496 -9.990e-29
 238.549624     -2.356   0.367141    15.1297    -1.9949     -2.336     0.2195    -0.7485 -9.990e-29
 238.549630     -2.342   0.366728    15.1237    -1.9950     -2.322     0.2193    -0.7477 -9.990e-29
 238.549635     -2.333   0.366475    15.1190    -1.9951     -2.314     0.2191    -0.7471 -9.990e-29
 238.549641     -2.325   0.366596    15.1141    -1.9951     -2.306     0.2192    -0.7463 -9.990e-29
 238.549647     -2.313   0.366700    15.1093    -1.9950     -2.294     0.2193    -0.7455 -9.990e-29
 238.549653     -2.300   0.366370    15.1056    -1.9948     -2.281     0.2191    -0.7450 -9.990e-29
 238.549659     -2.290   0.365719    15.1030    -1.9944     -2.271     0.2188    -0.7449 -9.990e-29
 238.549664     -2.281   0.364986    15.1003    -1.9942     -2.262     0.2183    -0.7449 -9.990e-29
 238.549670     -2.274   0.364298    15.0972    -1.9942     -2.255     0.2179    -0.7447 -9.990e-29
 238.549676     -2.269   0.363844    15.0943    -1.9942     -2.250     0.2177    -0.7445 -9.990e-29
 238.549682     -2.263   0.363571    15.0922    -1.9941     -2.244     0.2175    -0.7443 -9.990e-29
 238.549688     -2.259   0.363115    15.0913    -1.9939     -2.240     0.2172    -0.7443 -9.990e-29
 238.549693     -2.254   0.362419    15.0920    -1.9937     -2.235     0.2168    -0.7448 -9.990e-29
 238.549699     -2.249   0.361663    15.0946    -1.9933     -2.230     0.2163    -0.7455 -9.990e-29
 238.549705     -2.243   0.360944    15.0991    -1.9931     -2.224     0.2159    -0.7466 -9.990e-29
 238.549711     -2.236   0.360409    15.1044    -1.9930     -2.217     0.2155    -0.7477 -9.990e-29
 238.549716     -2.228   0.359899    15.1087    -1.9930     -2.209     0.2152    -0.7486 -9.990e-29
 238.549722     -2.218   0.359287    15.1114    -1.9927     -2.200     0.2148    -0.7493 -9.990e-29
 238.549728     -2.206   0.358862    15.1138    -1.9923     -2.188     0.2145    -0.7499 -9.990e-29
 238.549734     -2.190   0.358611    15.1172    -1.9918     -2.172     0.2143    -0.7505 -9.990e-29
 238.549740     -2.170   0.358198    15.1219    -1.9916     -2.152     0.2141    -0.7515 -9.990e-29
 238.549745     -2.148   0.357626    15.1276    -1.9916     -2.130     0.2137    -0.7526 -9.990e-29
 238.549751     -2.133   0.357238    15.1334    -1.9915     -2.115     0.2134    -0.7537 -9.990e-29
 238.549757     -2.127   0.357067    15.1381    -1.9912     -2.109     0.2133    -0.7545 -9.990e-29
 238.549763     -2.125   0.356884    15.1418    -1.9909     -2.107     0.2132    -0.7552 -9.990e-29
 238.549769     -2.119   0.356446    15.1461    -1.9909     -2.101     0.2129    -0.7561 -9.990e-29
 238.549774     -2.108   0.355720    15.1528    -1.9906     -2.090     0.2124    -0.7575 -9.990e-29
 238.549780     -2.096   0.354846    15.1616    -1.9904     -2.079     0.2118    -0.7593 -9.990e-29
 238.549786     -2.083   0.353764    15.1703    -1.9903     -2.066     0.2111    -0.7612 -9.990e-29
 238.549792     -2.068   0.352690    15.1765    -1.9902     -2.051     0.2104    -0.7626 -9.990e-29
 238.549797     -2.048   0.351852    15.1803    -1.9903     -2.031     0.2099    -0.7636 -9.990e-29
 238.549803     -2.029   0.351240    15.1839    -1.9903     -2.012     0.2095    -0.7645 -9.990e-29
 238.549809     -2.012   0.351143    15.1889    -1.9901     -1.995     0.2094    -0.7653 -9.990e-29
 238.549815     -1.996   0.351432    15.1942    -1.9899     -1.979     0.2096    -0.7660 -9.990e-29
 238.549821     -1.981   0.351385    15.1990    -1.9897     -1.964     0.2095    -0.7668 -9.990e-29
 238.549826     -1.970   0.350938    15.2035    -1.9894     -1.954     0.2092    -0.7677 -9.990e-29
 238.549832     -1.966   0.350601    15.2075    -1.9891     -1.950     0.2090    -0.7685 -9.990e-29
 238.549838     -1.965   0.350476    15.2105    -1.9893     -1.949     0.2089    -0.7690 -9.990e-29
 238.549844     -1.963   0.350396    15.2118    -1.9898     -1.947     0.2089    -0.7693 -9.990e-29
 238.549850     -1.959   0.350253    15.2122    -1.9906     -1.943     0.2088    -0.7694 -9.990e-29
 238.549855     -1.954   0.349856    15.2136    -1.9918     -1.938     0.2085    -0.7698 -9.990e-29
 238.549861     -1.946   0.349229    15.2171    -1.9922     -1.930     0.2081    -0.7707 -9.990e-29
 238.549867     -1.935   0.348641    15.2220    -1.9922     -1.919     0.2077    -0.7717 -9.990e-29
 238.549873     -1.921   0.348414    15.2274    -1.9919     -1.905     0.2076    -0.7727 -9.990e-29
 238.549878     -1.903   0.348799    15.2324    -1.9919     -1.887     0.2078    -0.7733 -9.990e-29
 238.549884     -1.884   0.349201    15.2344    -1.9915     -1.868     0.2080    -0.7734 -9.990e-29
 238.549890     -1.867   0.349048    15.2303    -1.9913     -1.851     0.2080    -0.7728 -9.990e-29
 238.549896     -1.851   0.348687    15.2191    -1.9910     -1.836     0.2078    -0.7712 -9.990e-29
 238.549902     -1.834   0.348191    15.2027    -1.9919     -1.819     0.2076    -0.7689 -9.990e-29
 238.549907     -1.817   0.347452    15.1859    -1.9931     -1.802     0.2072    -0.7666 -9.990e-29
 238.549913     -1.801   0.346589    15.1752    -1.9937     -1.786     0.2067    -0.7653 -9.990e-29
 238.549919     -1.790   0.345560    15.1725    -1.9940     -1.775     0.2061    -0.7654 -9.990e-29
 238.549925     -1.784   0.344650    15.1740    -1.9943     -1.769     0.2056    -0.7660 -9.990e-29
 238.549931     -1.782   0.344308    15.1769    -1.9946     -1.767     0.2053    -0.7666 -9.990e-29
 238.549936     -1.784   0.344627    15.1807    -1.9944     -1.769     0.2055    -0.7671 -9.990e-29
 238.549942     -1.786   0.345478    15.1837    -1.9944     -1.771     0.2060    -0.7672 -9.990e-29
 238.549948     -1.784   0.346336    15.1806    -1.9944     -1.769     0.2065    -0.7663 -9.990e-29
 238.549954     -1.777   0.346684    15.1682    -1.9942     -1.762     0.2068    -0.7642 -9.990e-29
 238.549959     -1.765   0.346432    15.1509    -1.9939     -1.750     0.2067    -0.7616 -9.990e-29
 238.549965     -1.752   0.345796    15.1360    -1.9936     -1.737     0.2064    -0.7595 -9.990e-29
 238.549971     -1.741   0.345033    15.1257    -1.9933     -1.726     0.2060    -0.7583 -9.990e-29
 238.549977     -1.732   0.344233    15.1186    -1.9929     -1.718     0.2056    -0.7575 -9.990e-29
 238.549983     -1.727   0.343433    15.1144    -1.9919     -1.713     0.2051    -0.7573 -9.990e-29
 238.549988     -1.732   0.342673    15.1134    -1.9896     -1.718     0.2046    -0.7575 -9.990e-29
 238.549994     -1.737   0.342048    15.1143    -1.9835     -1.723     0.2043    -0.7579 -9.990e-29
 238.550000     -1.735   0.341830    15.1162    -1.9838     -1.721     0.2041    -0.7583 -9.990e-29
 238.550006     -1.730   0.342279    15.1198    -1.9824     -1.716     0.2044    -0.7586 -9.990e-29
 238.550012     -1.726   0.343440    15.1250    -1.9798     -1.712     0.2051    -0.7589 -9.990e-29
 238.550017     -1.722   0.345755    15.1308    -1.9792     -1.708     0.2064    -0.7587 -9.990e-29
 238.550023     -1.718   0.351753    15.1365    -1.9772     -1.704     0.2101    -0.7568 -9.990e-29
 238.550029     -1.714   0.366111    15.1410    -1.9759     -1.700     0.2188    -0.7507 -9.990e-29
 238.550035     -1.710   0.398561    15.1443    -1.9769     -1.696     0.2386    -0.7358 -9.990e-29
 238.550041     -1.705   0.477424    15.1493    -1.9780     -1.691     0.2872    -0.6990 -9.990e-29
 238.550046     -1.699   0.645847    15.1592    -1.9791     -1.685     0.3922    -0.6193 -9.990e-29
 238.550052     -1.692   0.932403    15.1740    -1.9810     -1.678     0.5741    -0.4809 -9.990e-29
 238.550058     -1.683   1.232933    15.1888    -1.9810     -1.669     0.7682    -0.3333 -9.990e-29
 238.550064     -1.672   1.409787    15.2001    -1.9814     -1.658     0.8837    -0.2459 -9.990e-29
 238.550069     -1.658   1.533722    15.2087    -1.9821     -1.644     0.9651    -0.1844 -9.990e-29
 238.550075     -1.644   1.681330    15.2152    -1.9824     -1.630     1.0626    -0.1102 -9.990e-29
 238.550081     -1.634   1.818923    15.2172    -1.9828     -1.620     1.1541    -0.0399 -9.990e-29
 238.550087     -1.627   1.937670    15.2127    -1.9832     -1.613     1.2336     0.0221 -9.990e-29
 238.550093     -1.623   2.008580    15.2044    -1.9837     -1.609     1.2815     0.0603 -9.990e-29
 238.550098     -1.617   2.002015    15.1971    -1.9838     -1.604     1.2773     0.0582 -9.990e-29
 238.550104     -1.609   1.941667    15.1924    -1.9839     -1.596     1.2369     0.0278 -9.990e-29
 238.550110     -1.603   1.846097    15.1891    -1.9860     -1.590     1.1731    -0.0209 -9.990e-29
 238.550116     -1.598   1.744413    15.1862    -1.9857     -1.585     1.1053    -0.0727 -9.990e-29
 238.550122     -1.594   1.676372    15.1833    -1.9855     -1.581     1.0602    -0.1071 -9.990e-29
 238.550127     -1.586   1.627728    15.1801    -1.9846     -1.573     1.0280    -0.1314 -9.990e-29
 238.550133     -1.574   1.581273    15.1767    -1.9854     -1.561     0.9973    -0.1546 -9.990e-29
 238.550139     -1.561   1.543219    15.1739    -1.9860     -1.548     0.9722    -0.1735 -9.990e-29
 238.550145     -1.546   1.510478    15.1708    -1.9861     -1.533     0.9506    -0.1897 -9.990e-29
 238.550150     -1.534   1.475964    15.1643    -1.9858     -1.521     0.9280    -0.2061 -9.990e-29
 238.550156     -1.527   1.444629    15.1526    -1.9859     -1.514     0.9076    -0.2200 -9.990e-29
 238.550162     -1.521   1.430097    15.1384    -1.9864     -1.508     0.8984    -0.2250 -9.990e-29
 238.550168     -1.510   1.420194    15.1273    -1.9868     -1.497     0.8921    -0.2281 -9.990e-29
 238.550174     -1.500   1.412243    15.1212    -1.9870     -1.487     0.8870    -0.2311 -9.990e-29
 238.550179     -1.492   1.432760    15.1168    -1.9872     -1.480     0.9006    -0.2199 -9.990e-29
 238.550185     -1.488   1.476967    15.1114    -1.9877     -1.476     0.9299    -0.1965 -9.990e-29
 238.550191     -1.485   1.510178    15.1064    -1.9880     -1.473     0.9519    -0.1787 -9.990e-29
 238.550197     -1.485   1.510743    15.1034    -1.9885     -1.473     0.9524    -0.1779 -9.990e-29
 238.550203     -1.487   1.494929    15.1010    -1.9887     -1.475     0.9420    -0.1855 -9.990e-29
 238.550208     -1.488   1.488745    15.0974    -1.9888     -1.476     0.9380    -0.1881 -9.990e-29
 238.550214     -1.482   1.494474    15.0932    -1.9890     -1.470     0.9419    -0.1844 -9.990e-29
 238.550220     -1.474   1.497590    15.0890    -1.9893     -1.462     0.9440    -0.1821 -9.990e-29
 238.550226     -1.468   1.485073    15.0848    -1.9891     -1.456     0.9359    -0.1878 -9.990e-29
 238.550231     -1.463   1.465720    15.0820    -1.9891     -1.451     0.9231    -0.1972 -9.990e-29
 238.550237     -1.459   1.449186    15.0814    -1.9893     -1.447     0.9122    -0.2055 -9.990e-29
 238.550243     -1.455   1.423400    15.0809    -1.9892     -1.443     0.8953    -0.2185 -9.990e-29
 238.550249     -1.452   1.381679    15.0781    -1.9892     -1.440     0.8678    -0.2393 -9.990e-29
 238.550255     -1.449   1.338755    15.0736    -1.9891     -1.437     0.8397    -0.2603 -9.990e-29
 238.550260     -1.446   1.311630    15.0699    -1.9889     -1.434     0.8220    -0.2734 -9.990e-29
 238.550266     -1.443   1.302362    15.0682    -1.9891     -1.431     0.8159    -0.2778 -9.990e-29
 238.550272     -1.440   1.297487    15.0688    -1.9893     -1.428     0.8127    -0.2804 -9.990e-29
 238.550278     -1.436   1.285518    15.0720    -1.9893     -1.424     0.8048    -0.2870 -9.990e-29
 238.550284     -1.431   1.267669    15.0762    -1.9896     -1.419     0.7931    -0.2967 -9.990e-29
 238.550289     -1.425   1.246732    15.0798    -1.9902     -1.413     0.7793    -0.3079 -9.990e-29
 238.550295     -1.417   1.222488    15.0828    -1.9908     -1.405     0.7634    -0.3206 -9.990e-29
 238.550301     -1.408   1.200280    15.0857    -1.9920     -1.396     0.7488    -0.3323 -9.990e-29
 238.550307     -1.396   1.185948    15.0897    -1.9931     -1.384     0.7394    -0.3402 -9.990e-29
 238.550312     -1.384   1.176447    15.0945    -1.9935     -1.372     0.7331    -0.3458 -9.990e-29
 238.550318     -1.382   1.164095    15.0984    -1.9933     -1.370     0.7250    -0.3527 -9.990e-29
 238.550324     -1.388   1.142392    15.1001    -1.9926     -1.376     0.7109    -0.3639 -9.990e-29
 238.550330     -1.394   1.112311    15.0974    -1.9922     -1.382     0.6914    -0.3785 -9.990e-29
 238.550336     -1.397   1.085810    15.0884    -1.9919     -1.385     0.6743    -0.3903 -9.990e-29
 238.550341     -1.396   1.075186    15.0749    -1.9922     -1.384     0.6677    -0.3934 -9.990e-29
 238.550347     -1.393   1.079014    15.0594    -1.9924     -1.381     0.6704    -0.3889 -9.990e-29
 238.550353     -1.385   1.081350    15.0436    -1.9924     -1.373     0.6722    -0.3851 -9.990e-29
 238.550359     -1.374   1.068141    15.0310    -1.9927     -1.363     0.6638    -0.3896 -9.990e-29
 238.550365     -1.358   1.041159    15.0266    -1.9927     -1.347     0.6464    -0.4024 -9.990e-29
 238.550370     -1.336   1.012062    15.0314    -1.9927     -1.325     0.6275    -0.4178 -9.990e-29
 238.550376     -1.311   0.989682    15.0418    -1.9927     -1.300     0.6129    -0.4306 -9.990e-29
 238.550382     -1.290   0.974640    15.0525    -1.9926     -1.279     0.6030    -0.4399 -9.990e-29
 238.550388     -1.276   0.961834    15.0590    -1.9925     -1.265     0.5947    -0.4474 -9.990e-29
 238.550394     -1.264   0.946929    15.0596    -1.9923     -1.253     0.5851    -0.4549 -9.990e-29
 238.550399     -1.249   0.931649    15.0563    -1.9920     -1.239     0.5753    -0.4619 -9.990e-29
 238.550405     -1.233   0.923313    15.0523    -1.9913     -1.223     0.5700    -0.4654 -9.990e-29
 238.550411     -1.221   0.925757    15.0502    -1.9908     -1.211     0.5716    -0.4639 -9.990e-29
 238.550417     -1.212   0.931719    15.0516    -1.9906     -1.202     0.5754    -0.4611 -9.990e-29
 238.550422     -1.205   0.929211    15.0557    -1.9910     -1.195     0.5737    -0.4630 -9.990e-29
 238.550428     -1.200   0.914333    15.0610    -1.9913     -1.190     0.5641    -0.4713 -9.990e-29
 238.550434     -1.195   0.892724    15.0666    -1.9911     -1.185     0.5501    -0.4829 -9.990e-29
 238.550440     -1.192   0.871015    15.0721    -1.9908     -1.182     0.5362    -0.4946 -9.990e-29
 238.550446     -1.189   0.852935    15.0783    -1.9906     -1.179     0.5245    -0.5046 -9.990e-29
 238.550451     -1.187   0.840957    15.0862    -1.9903     -1.177     0.5167    -0.5118 -9.990e-29
 238.550457     -1.186   0.836833    15.0958    -1.9901     -1.176     0.5140    -0.5154 -9.990e-29
 238.550463     -1.185   0.840048    15.1043    -1.9900     -1.175     0.5159    -0.5152 -9.990e-29
 238.550469     -1.184   0.846581    15.1089    -1.9901     -1.174     0.5200    -0.5127 -9.990e-29
 238.550475     -1.183   0.849639    15.1097    -1.9901     -1.173     0.5220    -0.5113 -9.990e-29
 238.550480     -1.183   0.843885    15.1108    -1.9899     -1.173     0.5183    -0.5143 -9.990e-29
 238.550486     -1.183   0.829951    15.1155    -1.9897     -1.173     0.5093    -0.5220 -9.990e-29
 238.550492     -1.183   0.813071    15.1221    -1.9895     -1.173     0.4985    -0.5314 -9.990e-29
 238.550498     -1.183   0.798428    15.1287    -1.9894     -1.173     0.4891    -0.5397 -9.990e-29
 238.550503     -1.184   0.788647    15.1345    -1.9903     -1.174     0.4828    -0.5454 -9.990e-29
 238.550509     -1.185   0.783423    15.1391    -1.9906     -1.175     0.4794    -0.5487 -9.990e-29
 238.550515     -1.186   0.780773    15.1424    -1.9915     -1.176     0.4777    -0.5506 -9.990e-29
 238.550521     -1.187   0.777719    15.1449    -1.9920     -1.177     0.4757    -0.5525 -9.990e-29
 238.550527     -1.189   0.771849    15.1475    -1.9921     -1.179     0.4720    -0.5558 -9.990e-29
