data/oxygen options/ONMS/Olympic_Coast_National_Marine_Sanctuary_CTD_Data_2005_2023/raw_data/2011/CAST_TH015_100511faed.cnv
* Sea-Bird SBE19 Data File:
* FileName = C:\Documents and Settings\OCNMS\Desktop\2011 mooring data\3rd service\CAST_TH015_100511.hex
* Software Version 1.24
* Temperature SN = 2997
* Conductivity SN = 2997
* System UpLoad Time = Oct 05 2011 14:58:33
** CAST_TH015_100511
* SEACAT PROFILER V3.1c SN 2997   10/05/11  14:57:57.303
# nquan = 9                                 
# nvalues = 1098                        
# units = specified
# name 0 = timeJ: Julian Days
# name 1 = prSM: Pressure, Strain Gauge [db]
# name 2 = c0mS/cm: Conductivity [mS/cm]
# name 3 = t090C: Temperature [ITS-90, deg C]
# name 4 = sbeox0ML/L: Oxygen, SBE 43 [ml/l]
# name 5 = depSM: Depth [salt water, m], lat = 47.5
# name 6 = sal00: Salinity, Practical [PSU]
# name 7 = sigma-é00: Density [sigma-theta, kg/m^3]
# name 8 = flag: flag
# span 0 = 278.564387, 278.570735       
# span 1 =     -5.679,     16.678       
# span 2 =   0.171261,  36.750177       
# span 3 =    12.3274,    14.9149       
# span 4 =    -2.0266,    15.6252       
# span 5 =     -5.632,     16.538       
# span 6 =     0.1030,    30.5408       
# span 7 =    -0.7553,    22.8274       
# span 8 = 0.0000e+00, 0.0000e+00       
# interval = seconds: 0.5
# start_time = Oct 05 2011 13:32:43 [Instrument's time stamp, header]
# bad_flag = -9.990e-29
*END*
[from data line 961]
 278.569948     13.609  36.454077    13.5776     6.0308     13.495    30.2666    22.6169 -9.990e-29
 278.569954     13.597  36.452518    13.5774     6.0300     13.483    30.2653    22.6160 -9.990e-29
 278.569959     13.582  36.451535    13.5774     6.0099     13.468    30.2644    22.6153 -9.990e-29
 278.569965     13.576  36.450373    13.5772     6.0079     13.462    30.2635    22.6146 -9.990e-29
 278.569971     13.582  36.447293    13.5763     6.0256     13.468    30.2614    22.6131 -9.990e-29
 278.569977     13.602  36.442669    13.5745     6.0389     13.488    30.2585    22.6113 -9.990e-29
 278.569983     13.631  36.438551    13.5726     6.0502     13.517    30.2562    22.6099 -9.990e-29
 278.569988     13.664  36.435050    13.5709     6.0522     13.550    30.2543    22.6088 -9.990e-29
 278.569994     13.693  36.431234    13.5696     6.0289     13.578    30.2518    22.6071 -9.990e-29
 278.570000     13.708  36.428738    13.5694     6.0194     13.593    30.2496    22.6055 -9.990e-29
 278.570006     13.698  36.429279    13.5704     5.9983     13.583    30.2494    22.6050 -9.990e-29
 278.570012     13.664  36.431900    13.5719     5.9862     13.550    30.2506    22.6057 -9.990e-29
 278.570017     13.628  36.436180    13.5732     5.9922     13.514    30.2535    22.6077 -9.990e-29
 278.570023     13.608  36.439993    13.5735     6.0039     13.494    30.2568    22.6102 -9.990e-29
 278.570029     13.610  36.441152    13.5734     6.0151     13.496    30.2580    22.6111 -9.990e-29
 278.570035     13.628  36.444566    13.5742     6.0191     13.514    30.2605    22.6129 -9.990e-29
 278.570041     13.649  36.451431    13.5756     6.0095     13.535    30.2657    22.6166 -9.990e-29
 278.570046     13.670  36.455226    13.5766     5.9960     13.555    30.2684    22.6185 -9.990e-29
 278.570052     13.692  36.454294    13.5768     5.9947     13.577    30.2674    22.6177 -9.990e-29
 278.570058     13.717  36.451878    13.5765     6.0122     13.602    30.2654    22.6162 -9.990e-29
 278.570064     13.746  36.450361    13.5765     6.0224     13.631    30.2640    22.6151 -9.990e-29
 278.570069     13.782  36.451646    13.5770     6.0183     13.667    30.2647    22.6156 -9.990e-29
 278.570075     13.822  36.455208    13.5779     6.0204     13.706    30.2673    22.6174 -9.990e-29
 278.570081     13.856  36.457964    13.5790     6.0146     13.740    30.2690    22.6185 -9.990e-29
 278.570087     13.874  36.459671    13.5799     6.0243     13.758    30.2698    22.6190 -9.990e-29
 278.570093     13.872  36.459250    13.5795     6.0281     13.756    30.2697    22.6190 -9.990e-29
 278.570098     13.854  36.455023    13.5780     6.0159     13.738    30.2670    22.6172 -9.990e-29
 278.570104     13.832  36.449760    13.5760     6.0112     13.716    30.2638    22.6151 -9.990e-29
 278.570110     13.817  36.444849    13.5739     5.9990     13.701    30.2609    22.6133 -9.990e-29
 278.570116     13.818  36.439907    13.5724     6.0071     13.702    30.2575    22.6110 -9.990e-29
 278.570122     13.838  36.436749    13.5721     6.0052     13.722    30.2549    22.6090 -9.990e-29
 278.570127     13.870  36.436207    13.5721     5.9900     13.754    30.2543    22.6086 -9.990e-29
 278.570133     13.904  36.437004    13.5722     5.9801     13.787    30.2550    22.6090 -9.990e-29
 278.570139     13.933  36.438524    13.5725     5.9762     13.816    30.2561    22.6099 -9.990e-29
 278.570145     13.954  36.440001    13.5730     5.9918     13.837    30.2571    22.6105 -9.990e-29
 278.570150     13.973  36.441168    13.5738     6.0037     13.856    30.2575    22.6107 -9.990e-29
 278.570156     13.996  36.445825    13.5757     5.9999     13.879    30.2603    22.6125 -9.990e-29
 278.570162     14.023  36.456267    13.5784     6.0037     13.905    30.2678    22.6177 -9.990e-29
 278.570168     14.054  36.467381    13.5800     6.0099     13.936    30.2768    22.6243 -9.990e-29
 278.570174     14.080  36.472153    13.5802     6.0292     13.962    30.2810    22.6276 -9.990e-29
 278.570179     14.100  36.470789    13.5801     6.0432     13.982    30.2798    22.6267 -9.990e-29
 278.570185     14.114  36.468196    13.5805     6.0309     13.996    30.2771    22.6245 -9.990e-29
 278.570191     14.124  36.466519    13.5813     6.0216     14.006    30.2749    22.6226 -9.990e-29
 278.570197     14.129  36.465209    13.5813     6.0122     14.011    30.2737    22.6217 -9.990e-29
 278.570203     14.131  36.462521    13.5802     6.0025     14.013    30.2721    22.6207 -9.990e-29
 278.570208     14.130  36.458797    13.5790     6.0112     14.012    30.2696    22.6190 -9.990e-29
 278.570214     14.129  36.455798    13.5783     5.9971     14.011    30.2674    22.6174 -9.990e-29
 278.570220     14.138  36.454007    13.5780     5.9955     14.020    30.2660    22.6164 -9.990e-29
 278.570226     14.156  36.452722    13.5774     5.9976     14.037    30.2653    22.6160 -9.990e-29
 278.570231     14.177  36.451356    13.5763     6.0052     14.058    30.2649    22.6159 -9.990e-29
 278.570237     14.197  36.450330    13.5750     6.0154     14.078    30.2650    22.6162 -9.990e-29
 278.570243     14.217  36.452760    13.5743     6.0073     14.098    30.2677    22.6185 -9.990e-29
 278.570249     14.236  36.459089    13.5745     5.9958     14.117    30.2734    22.6228 -9.990e-29
 278.570255     14.245  36.462642    13.5755     6.0057     14.126    30.2759    22.6245 -9.990e-29
 278.570260     14.240  36.462559    13.5776     6.0270     14.121    30.2742    22.6228 -9.990e-29
 278.570266     14.226  36.464895    13.5801     6.0288     14.107    30.2743    22.6224 -9.990e-29
 278.570272     14.206  36.470531    13.5816     6.0191     14.087    30.2784    22.6252 -9.990e-29
 278.570278     14.170  36.474106    13.5817     5.9981     14.051    30.2816    22.6277 -9.990e-29
 278.570284     14.108  36.472553    13.5810     5.9983     13.990    30.2807    22.6272 -9.990e-29
 278.570289     14.023  36.468285    13.5799     6.0140     13.905    30.2777    22.6251 -9.990e-29
 278.570295     13.929  36.463454    13.5789     6.0294     13.812    30.2741    22.6225 -9.990e-29
 278.570301     13.826  36.461147    13.5787     6.0250     13.710    30.2721    22.6210 -9.990e-29
 278.570307     13.705  36.462212    13.5785     6.0172     13.590    30.2733    22.6220 -9.990e-29
 278.570313     13.553  36.461351    13.5780     6.0118     13.439    30.2730    22.6218 0.0000e+00
 278.570318     13.370  36.456863    13.5773     6.0255     13.258    30.2695    22.6192 0.0000e+00
 278.570324     13.164  36.451167    13.5761     6.0257     13.054    30.2652    22.6162 0.0000e+00
 278.570330     12.950  36.445075    13.5743     6.0160     12.842    30.2611    22.6133 0.0000e+00
 278.570336     12.738  36.438868    13.5721     6.0103     12.631    30.2572    22.6108 0.0000e+00
 278.570341     12.533  36.434359    13.5702     5.9970     12.428    30.2546    22.6091 0.0000e+00
 278.570347     12.326  36.432260    13.5692     6.0165     12.223    30.2536    22.6085 0.0000e+00
 278.570353     12.108  36.430897    13.5688     6.0247     12.007    30.2527    22.6079 0.0000e+00
 278.570359     11.881  36.429578    13.5683     6.0271     11.782    30.2520    22.6074 0.0000e+00
 278.570365     11.658  36.427670    13.5672     6.0276     11.560    30.2512    22.6070 0.0000e+00
 278.570370     11.446  36.423756    13.5660     6.0357     11.350    30.2486    22.6053 0.0000e+00
 278.570376     11.244  36.418783    13.5649     6.0560     11.150    30.2449    22.6027 0.0000e+00
 278.570382     11.043  36.414524    13.5635     6.0598     10.951    30.2422    22.6008 0.0000e+00
 278.570388     10.836  36.410905    13.5618     6.0483     10.745    30.2403    22.5996 0.0000e+00
 278.570394     10.621  36.407586    13.5598     6.0189     10.532    30.2389    22.5990 0.0000e+00
 278.570399     10.398  36.404064    13.5574     6.0071     10.311    30.2376    22.5984 0.0000e+00
 278.570405     10.162  36.399569    13.5545     6.0168     10.077    30.2358    22.5976 0.0000e+00
 278.570411      9.910  36.392593    13.5515     6.0419      9.827    30.2319    22.5952 0.0000e+00
 278.570417      9.647  36.381681    13.5487     6.0534      9.566    30.2241    22.5897 0.0000e+00
 278.570422      9.387  36.367407    13.5459     6.0435      9.308    30.2132    22.5819 0.0000e+00
 278.570428      9.143  36.353143    13.5434     6.0336      9.066    30.2021    22.5738 0.0000e+00
 278.570434      8.918  36.341716    13.5419     6.0409      8.843    30.1929    22.5669 0.0000e+00
 278.570440      8.700  36.333573    13.5413     6.0385      8.627    30.1859    22.5617 0.0000e+00
 278.570446      8.476  36.329061    13.5411     6.0404      8.405    30.1820    22.5587 0.0000e+00
 278.570451      8.240  36.326649    13.5411     6.0365      8.171    30.1798    22.5570 0.0000e+00
 278.570457      8.003  36.324244    13.5411     6.0303      7.936    30.1777    22.5553 0.0000e+00
 278.570463      7.777  36.322008    13.5414     6.0414      7.712    30.1755    22.5536 0.0000e+00
 278.570469      7.554  36.320884    13.5420     6.0508      7.491    30.1741    22.5523 0.0000e+00
 278.570475      7.320  36.320500    13.5428     6.0526      7.259    30.1732    22.5515 0.0000e+00
 278.570480      7.066  36.319788    13.5436     6.0584      7.007    30.1720    22.5504 0.0000e+00
 278.570486      6.788  36.318925    13.5440     6.0544      6.731    30.1710    22.5495 0.0000e+00
 278.570492      6.489  36.318445    13.5438     6.0500      6.435    30.1708    22.5494 0.0000e+00
 278.570498      6.181  36.318273    13.5432     6.0475      6.129    30.1712    22.5499 0.0000e+00
 278.570503      5.874  36.318188    13.5431     6.0276      5.825    30.1713    22.5500 0.0000e+00
 278.570509      5.565  36.318081    13.5436     6.0152      5.518    30.1710    22.5496 0.0000e+00
 278.570515      5.248  36.317818    13.5443     6.0203      5.204    30.1703    22.5489 0.0000e+00
 278.570521      4.929  36.317051    13.5449     6.0331      4.888    30.1692    22.5480 0.0000e+00
 278.570527      4.616  36.315886    13.5452     6.0368      4.577    30.1680    22.5470 0.0000e+00
 278.570532      4.312  36.315016    13.5455     6.0363      4.276    30.1671    22.5462 0.0000e+00
 278.570538      4.010  36.314408    13.5460     6.0697      3.976    30.1663    22.5454 0.0000e+00
 278.570544      3.700  36.313817    13.5469     7.0861      3.669    30.1651    22.5444 0.0000e+00
 278.570550      3.378  36.313579    13.5483     7.0418      3.350    30.1639    22.5431 0.0000e+00
 278.570556      3.055  36.313382    13.5504     6.5261      3.029    30.1622    22.5414 0.0000e+00
 278.570561      2.740  36.311850    13.5531     6.1859      2.717    30.1588    22.5382 0.0000e+00
 278.570567      2.438  36.305269    13.5566     7.0589      2.418    30.1500    22.5308 0.0000e+00
 278.570573      2.156  36.280390    13.5601     7.2352      2.138    30.1244    22.5103 0.0000e+00
 278.570579      1.898  36.197330    13.5626     7.3208      1.882    30.0460    22.4493 0.0000e+00
 278.570584      1.660  35.940867    13.5643     7.4203      1.646    29.8085    22.2655 0.0000e+00
 278.570590      1.435  35.167379    13.5632     7.4731      1.423    29.0983    21.7176 0.0000e+00
 278.570596      1.222  32.843872    13.5517     7.4469      1.212    26.9847    20.0892 0.0000e+00
 278.570602      1.029  26.330340    13.5197     7.4506      1.020    21.1682    15.6143 0.0000e+00
 278.570608      0.865  17.705647    13.4637     7.4473      0.858    13.7394     9.9098 0.0000e+00
 278.570613      0.728  15.092732    13.3897     7.4532      0.722    11.5736     8.2562 -9.990e-29
 278.570619      0.613  18.657856    13.3038     7.4015      0.608    14.6066    10.6027 -9.990e-29
 278.570625      0.523  19.056221    13.2090     7.4065      0.519    14.9838    10.9084 -9.990e-29
 278.570631      0.455  13.223545    13.1103     7.5421      0.451    10.1023     7.1673 -9.990e-29
 278.570637      0.406   7.465306    13.0139     7.5366      0.403     5.4699     3.6121 -9.990e-29
 278.570642      0.371   4.796032    12.9257     7.5851      0.368     3.4157     2.0380 -9.990e-29
 278.570648      0.350   3.595820    12.8496     7.5246      0.347     2.5193     1.3545 -9.990e-29
 278.570654      0.335   3.134828    12.7824     7.4292      0.332     2.1819     1.1020 -9.990e-29
 278.570660      0.323   3.083467    12.7208     7.4196      0.320     2.1475     1.0832 -9.990e-29
 278.570666      0.312   3.069000    12.6672     7.4196      0.309     2.1398     1.0842 -9.990e-29
 278.570671      0.297   3.018810    12.6236     7.5044      0.295     2.1052     1.0629 -9.990e-29
 278.570677      0.278   3.183214    12.5807     7.4657      0.276     2.2293     1.1646 -9.990e-29
 278.570683      0.261   3.499643    12.5286 -9.990e-29      0.259     2.4685     1.3566 -9.990e-29
 278.570689      0.250   3.583747    12.4705 -9.990e-29      0.248     2.5354     1.4158 -9.990e-29
 278.570694      0.244   3.402982    12.4139 -9.990e-29      0.242     2.4034     1.3206 -9.990e-29
 278.570700      0.244   3.131346    12.3662 -9.990e-29      0.242     2.2033     1.1713 -9.990e-29
 278.570706      0.248   2.878153    12.3367 -9.990e-29      0.246     2.0166     1.0301 -9.990e-29
 278.570712      0.252   2.796090    12.3274 -9.990e-29      0.250     1.9563     0.9844 -9.990e-29
 278.570718      0.254   2.874449    12.3296 -9.990e-29      0.252     2.0142     1.0291 -9.990e-29
 278.570723      0.257   2.904936    12.3346 -9.990e-29      0.255     2.0366     1.0459 -9.990e-29
 278.570729      0.261   2.803984    12.3372 -9.990e-29      0.259     1.9616     0.9873 -9.990e-29
 278.570735      0.262   2.739222 -9.990e-29 -9.990e-29      0.260 -9.990e-29 -9.990e-29 -9.990e-29
