data/oxygen options/ONMS/Olympic_Coast_National_Marine_Sanctuary_CTD_Data_2005_2023/raw_data/2011/CAST_CA042_060811faedb.cnv
* Sea-Bird SBE19 Data File:
* FileName = C:\Documents and Settings\OCNMS\Desktop\2011 mooring data\first service\CAST_CA042_060811.hex
* Software Version 1.24
* Temperature SN = 2997
* Conductivity SN = 2997
* System UpLoad Time = Jun 08 2011 17:28:34
** CAST_CA042_060811
* SEACAT PROFILER V3.1c SN 2997   06/08/11  17:27:53.475
# nquan = 9
# nvalues = 33                          
# units = specified
# name 0 = timeJ: Julian Days
# name 1 = prSM: Pressure, Strain Gauge [db]
# name 2 = c0mS/cm: Conductivity [mS/cm]
# name 3 = t090C: Temperature [ITS-90, deg C]
# name 4 = sbeox0ML/L: Oxygen, SBE 43 [ml/l]
# name 5 = depSM: Depth [salt water, m], lat = 47.5
# name 6 = sal00: Salinity, Practical [PSU]
# name 7 = sigma-é00: Density [sigma-theta, kg/m^3]
# name 8 = flag: flag
# span 0 = 157.433205, 162.094384       
# span 1 =      1.000,     42.000       
# span 2 =  33.659240,  35.547230       
# span 3 =     7.8020,    12.2296       
# span 4 =     3.8062,     7.2065       
# span 5 =      0.992,     41.645       
# span 6 =    30.4493,    33.0529       
# span 7 =    23.0571,    25.7741       
# span 8 = 0.0000e+00, 0.0000e+00       
# interval = decibars: 1                
# start_time = Jun 08 2011 14:58:08 [Instrument's time stamp, header]
# bad_flag = -9.990e-29
*END*
 159.625273      1.000  35.547230    12.2296     7.0344      0.992    30.5032    23.0571 0.0000e+00
 159.625301      2.000  35.497994    12.1569     7.0144      1.983    30.5152    23.0797 0.0000e+00
 159.625329      3.000  35.435841    12.0431     7.0535      2.975    30.5483    23.1263 0.0000e+00
 159.625359      4.000  35.349724    11.9249     7.1035      3.967    30.5622    23.1587 0.0000e+00
 158.127646      6.000  34.969376    11.5442     7.1347      5.950    30.4493    23.1248 0.0000e+00
 159.625496      7.000  35.252718    11.4519     7.2065      6.941    30.8584    23.4735 0.0000e+00
 159.625542      8.000  35.235926    11.4201     7.2053      7.933    30.8683    23.4868 0.0000e+00
 159.625576      9.000  35.218454    11.3742     7.0696      8.925    30.8892    23.5112 0.0000e+00
 159.625611     10.000  35.144821    11.1333     6.7965      9.916    31.0193    23.6544 0.0000e+00
 159.625639     11.000  34.837783    10.6684     6.8130     10.908    31.1097    23.8054 0.0000e+00
 159.625686     12.000  34.822161    10.5838     6.6711     11.900    31.1662    23.8633 0.0000e+00
 159.625721     13.000  34.683291    10.3975     6.6746     12.892    31.1870    23.9109 0.0000e+00
 159.625776     14.000  34.569961    10.1263     6.0867     13.883    31.3064    24.0488 0.0000e+00
 159.625819     15.000  34.447772     9.8748     5.8456     14.874    31.4011    24.1637 0.0000e+00
 159.625863     16.000  34.334146     9.6595     5.6309     15.866    31.4733    24.2547 0.0000e+00
 159.625904     17.000  34.258049     9.4652     5.4927     16.857    31.5659    24.3580 0.0000e+00
 159.625941     18.000  34.227390     9.3952     5.4286     17.849    31.5958    24.3924 0.0000e+00
 159.625998     19.000  34.218235     9.3002     5.2140     18.840    31.6700    24.4654 0.0000e+00
 159.626038     20.000  34.202045     9.1464     5.0599     19.832    31.7897    24.5829 0.0000e+00
 162.094384     22.000  34.700095     9.1026     4.9562     21.815    32.4143    25.0957 0.0000e+00
 157.433205     30.000  33.659240     8.1109     3.9327     29.748    32.0992    24.9672 0.0000e+00
 159.626792     31.000  34.131485     8.1467     3.9372     30.739    32.6214    25.3852 0.0000e+00
 159.626827     32.000  34.136211     8.0736     3.8730     31.731    32.6940    25.4529 0.0000e+00
 159.626855     33.000  34.132809     8.0265     3.8440     32.722    32.7339    25.4911 0.0000e+00
 159.626877     34.000  34.135337     7.9919     3.8502     33.713    32.7686    25.5233 0.0000e+00
 159.626903     35.000  34.142276     7.9816     3.8387     34.705    32.7851    25.5378 0.0000e+00
 159.626926     36.000  34.150655     7.9436     3.8407     35.696    32.8292    25.5780 0.0000e+00
 159.626949     37.000  34.163015     7.9230     3.8332     36.688    32.8613    25.6062 0.0000e+00
 159.626977     38.000  34.180082     7.8864     3.8422     37.679    32.9136    25.6525 0.0000e+00
 159.627013     39.000  34.188629     7.8686     3.8263     38.671    32.9391    25.6751 0.0000e+00
 159.627037     40.000  34.222635     7.8149     3.8122     39.662    33.0257    25.7509 0.0000e+00
 159.627060     41.000  34.237044     7.8020     3.8148     40.654    33.0529    25.7741 0.0000e+00
 159.627110     42.000  34.228928     7.8148     3.8062     41.645    33.0316    25.7556 0.0000e+00
