data/oxygen options/ONMS/Olympic_Coast_National_Marine_Sanctuary_CTD_Data_2005_2023/raw_data/2011/CAST_KL027_061111faed.cnv
* Sea-Bird SBE19 Data File:
* FileName = C:\Documents and Settings\OCNMS\Desktop\2011 mooring data\first service\CAST_KL027_061111.hex
* Software Version 1.24
* Temperature SN = 2997
* Conductivity SN = 2997
* System UpLoad Time = Jun 11 2011 14:56:54
** CAST_KL027_061111
* SEACAT PROFILER V3.1c SN 2997   06/11/11  14:55:57.775
# nquan = 9                                 
# nvalues = 568                         
# units = specified
# name 0 = timeJ: Julian Days
# name 1 = prSM: Pressure, Strain Gauge [db]
# name 2 = c0mS/cm: Conductivity [mS/cm]
# name 3 = t090C: Temperature [ITS-90, deg C]
# name 4 = sbeox0ML/L: Oxygen, SBE 43 [ml/l]
# name 5 = depSM: Depth [salt water, m], lat = 47.5
# name 6 = sal00: Salinity, Practical [PSU]
# name 7 = sigma-é00: Density [sigma-theta, kg/m^3]
# name 8 = flag: flag
# span 0 = 162.388935, 162.392216       
# span 1 =     -5.438,     27.077       
# span 2 =   0.069905,  35.357553       
# span 3 =     8.1311,    13.7499       
# span 4 =   -17.1803,    15.9867       
# span 5 =     -5.393,     26.849       
# span 6 =     0.0449,    32.7958       
# span 7 =    -0.5676,    25.5242       
# span 8 = 0.0000e+00, 0.0000e+00       
# interval = seconds: 0.5
# start_time = Jun 11 2011 09:20:04 [Instrument's time stamp, header]
# bad_flag = -9.990e-29
*END*
[from data line 161]
 162.389867     10.842  35.332047    10.7769     5.5748     10.751    31.5068    24.0954 0.0000e+00
 162.389873     11.397  35.288114    10.6177     5.3721     11.302    31.6004    24.1956 0.0000e+00
 162.389878     11.951  35.195607    10.3908     5.1902     11.851    31.7050    24.3155 0.0000e+00
 162.389884     12.499  35.042473    10.1575     4.9894     12.394    31.7551    24.3935 0.0000e+00
 162.389890     13.043  34.903773     9.9689     4.6669     12.934    31.7806    24.4445 0.0000e+00
 162.389896     13.583  34.811650     9.8216     4.2958     13.469    31.8169    24.4968 0.0000e+00
 162.389902     14.124  34.746695     9.6938     3.9824     14.006    31.8637    24.5540 0.0000e+00
 162.389907     14.673  34.693824     9.5646     3.8675     14.550    31.9242    24.6221 0.0000e+00
 162.389913     15.232  34.639519     9.4321     3.9235     15.104    31.9865    24.6919 0.0000e+00
 162.389919     15.793  34.586824     9.3115     4.0109     15.661    32.0401    24.7528 0.0000e+00
 162.389925     16.354  34.547087     9.2114     4.0909     16.217    32.0888    24.8066 0.0000e+00
 162.389931     16.915  34.514222     9.1216     4.0626     16.773    32.1355    24.8572 0.0000e+00
 162.389936     17.478  34.470595     9.0147     4.0031     17.331    32.1867    24.9138 0.0000e+00
 162.389942     18.045  34.397661     8.8735     3.9046     17.894    32.2387    24.9763 0.0000e+00
 162.389948     18.614  34.310022     8.7245     3.7741     18.458    32.2827    25.0335 0.0000e+00
 162.389954     19.176  34.254171     8.6023     3.6671     19.015    32.3357    25.0935 0.0000e+00
 162.389959     19.731  34.233320     8.5079     3.5573     19.565    32.4001    25.1581 0.0000e+00
 162.389965     20.278  34.225694     8.4233     3.5102     20.108    32.4697    25.2253 0.0000e+00
 162.389971     20.818  34.228837     8.3363     3.4893     20.643    32.5531    25.3036 0.0000e+00
 162.389977     21.355  34.243462     8.2552     3.5043     21.176    32.6435    25.3866 0.0000e+00
 162.389983     21.899  34.262081     8.1985     3.5266     21.715    32.7158    25.4516 0.0000e+00
 162.389988     22.444  34.274689     8.1686     3.5311     22.255    32.7568    25.4882 0.0000e+00
 162.389994     22.979  34.280061     8.1542     3.5512     22.786    32.7757    25.5051 0.0000e+00
 162.390000     23.499  34.281885     8.1469     3.5555     23.302    32.7842    25.5129 0.0000e+00
 162.390006     23.998  34.282483     8.1425     3.5709     23.796    32.7887    25.5171 0.0000e+00
 162.390012     24.470  34.283104     8.1402     3.5680     24.264    32.7913    25.5194 0.0000e+00
 162.390017     24.911  34.283906     8.1400     3.5848     24.702    32.7922    25.5201 0.0000e+00
 162.390023     25.313  34.284733     8.1414     3.5977     25.100    32.7915    25.5195 0.0000e+00
 162.390029     25.669  34.286581     8.1442     3.6195     25.453    32.7907    25.5184 0.0000e+00
 162.390035     25.971  34.292365     8.1496     3.6305     25.753    32.7917    25.5184 0.0000e+00
 162.390041     26.217  34.301293     8.1569     3.6397     25.997    32.7942    25.5193 0.0000e+00
 162.390046     26.410  34.306688     8.1631     3.6349     26.188    32.7940    25.5182 0.0000e+00
 162.390052     26.557  34.306684     8.1676     3.6548     26.334    32.7898    25.5142 -9.990e-29
 162.390058     26.669  34.303409     8.1713     3.6475     26.445    32.7828    25.5082 -9.990e-29
 162.390064     26.751  34.296870     8.1745     3.6525     26.526    32.7728    25.4999 -9.990e-29
 162.390069     26.809  34.291681     8.1773     3.6463     26.584    32.7647    25.4931 -9.990e-29
 162.390075     26.848  34.292577     8.1803     3.6438     26.622    32.7628    25.4912 -9.990e-29
 162.390081     26.869  34.296170     8.1841     3.6416     26.643    32.7631    25.4909 -9.990e-29
 162.390087     26.869  34.297068     8.1888     3.6422     26.643    32.7596    25.4875 -9.990e-29
 162.390093     26.848  34.295804     8.1931     3.6246     26.622    32.7543    25.4826 -9.990e-29
 162.390098     26.815  34.296189     8.1965     3.6219     26.589    32.7515    25.4800 -9.990e-29
 162.390104     26.766  34.298632     8.1987     3.6032     26.541    32.7521    25.4801 -9.990e-29
 162.390110     26.698  34.303487     8.1998     3.6033     26.473    32.7562    25.4832 -9.990e-29
 162.390116     26.612  34.310963     8.2005     3.5902     26.388    32.7636    25.4888 -9.990e-29
 162.390122     26.502  34.318048     8.2005     3.5908     26.279    32.7711    25.4948 -9.990e-29
 162.390127     26.370  34.322886     8.1978     3.5782     26.148    32.7788    25.5012 -9.990e-29
 162.390133     26.223  34.322866     8.1912     3.5881     26.002    32.7850    25.5070 -9.990e-29
 162.390139     26.071  34.315620     8.1816     3.5781     25.852    32.7864    25.5095 -9.990e-29
 162.390145     25.921  34.305939     8.1728     3.5875     25.703    32.7844    25.5093 -9.990e-29
 162.390150     25.780  34.300404     8.1688     3.5844     25.563    32.7823    25.5082 -9.990e-29
 162.390156     25.651  34.298809     8.1682     3.5719     25.435    32.7813    25.5075 -9.990e-29
 162.390162     25.532  34.297803     8.1672     3.5638     25.317    32.7812    25.5075 -9.990e-29
 162.390168     25.419  34.296498     8.1646     3.5591     25.205    32.7823    25.5088 -9.990e-29
 162.390174     25.318  34.295290     8.1610     3.5627     25.105    32.7844    25.5110 -9.990e-29
 162.390179     25.234  34.293584     8.1572     3.5609     25.022    32.7862    25.5129 -9.990e-29
 162.390185     25.167  34.290120     8.1540     3.5693     24.955    32.7855    25.5129 -9.990e-29
 162.390191     25.118  34.286893     8.1526     3.5526     24.907    32.7835    25.5115 -9.990e-29
 162.390197     25.086  34.286774     8.1532     3.5651     24.875    32.7828    25.5108 -9.990e-29
 162.390203     25.070  34.288379     8.1534     3.5532     24.859    32.7843    25.5120 -9.990e-29
 162.390208     25.069  34.289263     8.1514     3.5535     24.858    32.7871    25.5145 -9.990e-29
 162.390214     25.084  34.288824     8.1474     3.5523     24.873    32.7904    25.5177 -9.990e-29
 162.390220     25.114  34.287489     8.1439     3.5496     24.903    32.7922    25.5196 -9.990e-29
 162.390226     25.149  34.286173     8.1433     3.5511     24.938    32.7914    25.5190 -9.990e-29
 162.390231     25.174  34.285814     8.1442     3.5606     24.962    32.7901    25.5179 -9.990e-29
 162.390237     25.191  34.286387     8.1443     3.5591     24.979    32.7906    25.5183 -9.990e-29
 162.390243     25.205  34.286312     8.1436     3.5495     24.993    32.7912    25.5189 -9.990e-29
 162.390249     25.216  34.285385     8.1438     3.5689     25.004    32.7900    25.5179 -9.990e-29
 162.390255     25.227  34.285065     8.1449     3.5524     25.015    32.7887    25.5167 -9.990e-29
 162.390260     25.241  34.285380     8.1451     3.5647     25.029    32.7888    25.5168 -9.990e-29
 162.390266     25.268  34.284407     8.1439     3.5674     25.056    32.7889    25.5170 -9.990e-29
 162.390272     25.310  34.281304     8.1423     3.5617     25.097    32.7871    25.5158 -9.990e-29
 162.390278     25.360  34.279107     8.1415     3.5796     25.147    32.7855    25.5147 -9.990e-29
 162.390284     25.414  34.279259     8.1418     3.5575     25.200    32.7853    25.5145 -9.990e-29
 162.390289     25.467  34.280178     8.1422     3.5620     25.253    32.7859    25.5149 -9.990e-29
 162.390295     25.517  34.280746     8.1422     3.5426     25.302    32.7865    25.5154 -9.990e-29
 162.390301     25.563  34.279935     8.1418     3.5569     25.348    32.7860    25.5150 -9.990e-29
 162.390307     25.604  34.278797     8.1416     3.5604     25.389    32.7849    25.5142 -9.990e-29
 162.390312     25.643  34.279071     8.1426     3.5579     25.427    32.7843    25.5136 -9.990e-29
 162.390318     25.677  34.279898     8.1439     3.5633     25.461    32.7839    25.5131 -9.990e-29
 162.390324     25.706  34.280594     8.1449     3.5358     25.490    32.7837    25.5128 -9.990e-29
 162.390330     25.729  34.281424     8.1448     3.5552     25.513    32.7847    25.5136 -9.990e-29
 162.390336     25.750  34.282271     8.1434     3.5409     25.533    32.7869    25.5155 -9.990e-29
 162.390341     25.773  34.282478     8.1417     3.5410     25.556    32.7887    25.5171 -9.990e-29
 162.390347     25.805  34.281659     8.1404     3.5564     25.588    32.7890    25.5176 -9.990e-29
 162.390353     25.838  34.280871     8.1399     3.5438     25.621    32.7886    25.5174 -9.990e-29
 162.390359     25.863  34.280688     8.1401     3.5616     25.646    32.7882    25.5170 -9.990e-29
 162.390365     25.880  34.280816     8.1403     3.5423     25.662    32.7881    25.5170 -9.990e-29
 162.390370     25.900  34.280255     8.1401     3.5439     25.682    32.7877    25.5167 -9.990e-29
 162.390376     25.927  34.278784     8.1398     3.5397     25.709    32.7864    25.5157 -9.990e-29
 162.390382     25.955  34.278338     8.1403     3.5271     25.737    32.7855    25.5149 -9.990e-29
 162.390388     25.974  34.279420     8.1412     3.5425     25.756    32.7858    25.5150 -9.990e-29
 162.390394     25.983  34.280652     8.1413     3.5429     25.765    32.7870    25.5159 -9.990e-29
 162.390399     25.988  34.280854     8.1409     3.5413     25.769    32.7876    25.5164 -9.990e-29
 162.390405     25.990  34.280272     8.1410     3.5415     25.771    32.7869    25.5159 -9.990e-29
 162.390411     25.988  34.279788     8.1410     3.5355     25.769    32.7864    25.5154 -9.990e-29
 162.390417     25.987  34.279296     8.1399     3.5481     25.768    32.7869    25.5160 -9.990e-29
 162.390422     25.995  34.278677     8.1386     3.5369     25.776    32.7874    25.5166 -9.990e-29
 162.390428     26.016  34.278205     8.1377     3.5314     25.797    32.7877    25.5170 -9.990e-29
 162.390434     26.049  34.278347     8.1370     3.5287     25.830    32.7885    25.5177 -9.990e-29
 162.390440     26.086  34.279272     8.1359     3.5189     25.867    32.7905    25.5195 -9.990e-29
 162.390446     26.125  34.279949     8.1344     3.5270     25.905    32.7926    25.5213 -9.990e-29
 162.390451     26.165  34.279578     8.1333     3.5269     25.945    32.7932    25.5220 -9.990e-29
 162.390457     26.200  34.279321     8.1334     3.5198     25.980    32.7929    25.5217 -9.990e-29
 162.390463     26.223  34.279932     8.1345     3.5324     26.002    32.7925    25.5212 -9.990e-29
 162.390469     26.236  34.280522     8.1353     3.5158     26.015    32.7923    25.5210 -9.990e-29
 162.390475     26.248  34.280738     8.1354     3.5231     26.027    32.7925    25.5211 -9.990e-29
 162.390480     26.261  34.280285     8.1350     3.5286     26.040    32.7924    25.5210 -9.990e-29
 162.390486     26.270  34.279099     8.1344     3.5286     26.049    32.7917    25.5206 -9.990e-29
 162.390492     26.275  34.278374     8.1340     3.5268     26.054    32.7913    25.5203 -9.990e-29
 162.390498     26.278  34.278803     8.1342     3.5185     26.057    32.7915    25.5205 -9.990e-29
 162.390503     26.279  34.279813     8.1346     3.5088     26.058    32.7922    25.5210 -9.990e-29
 162.390509     26.282  34.280489     8.1348     3.5088     26.061    32.7928    25.5214 -9.990e-29
 162.390515     26.295  34.280591     8.1345     3.5043     26.074    32.7931    25.5217 -9.990e-29
 162.390521     26.324  34.280235     8.1335     3.5142     26.103    32.7937    25.5223 -9.990e-29
 162.390527     26.366  34.279485     8.1324     3.5323     26.144    32.7939    25.5226 -9.990e-29
 162.390532     26.412  34.278996     8.1320     3.5180     26.190    32.7937    25.5226 -9.990e-29
 162.390538     26.451  34.279215     8.1325     3.5251     26.229    32.7935    25.5223 -9.990e-29
 162.390544     26.477  34.279848     8.1333     3.5198     26.254    32.7934    25.5221 -9.990e-29
 162.390550     26.487  34.280599     8.1336     3.5099     26.264    32.7939    25.5225 -9.990e-29
 162.390556     26.487  34.281326     8.1336     3.5254     26.264    32.7947    25.5231 -9.990e-29
 162.390561     26.481  34.281856     8.1338     3.5127     26.258    32.7951    25.5233 -9.990e-29
 162.390567     26.468  34.281756     8.1342     3.5027     26.245    32.7946    25.5229 -9.990e-29
 162.390573     26.452  34.280868     8.1344     3.5127     26.230    32.7935    25.5220 -9.990e-29
 162.390579     26.440  34.279668     8.1347     3.5028     26.218    32.7919    25.5207 -9.990e-29
 162.390584     26.436  34.278771     8.1352     3.5084     26.214    32.7905    25.5196 -9.990e-29
 162.390590     26.439  34.278642     8.1350     3.5308     26.217    32.7905    25.5196 -9.990e-29
 162.390596     26.450  34.279084     8.1344     3.5141     26.228    32.7916    25.5205 -9.990e-29
 162.390602     26.466  34.279545     8.1338     3.5045     26.243    32.7926    25.5214 -9.990e-29
 162.390608     26.478  34.280059     8.1332     3.5061     26.255    32.7937    25.5224 -9.990e-29
 162.390613     26.483  34.280728     8.1332     3.5031     26.260    32.7944    25.5229 -9.990e-29
 162.390619     26.482  34.281301     8.1335     3.5167     26.259    32.7947    25.5231 -9.990e-29
 162.390625     26.479  34.281399     8.1336     3.5292     26.256    32.7948    25.5231 -9.990e-29
 162.390631     26.481  34.280572     8.1334     3.5069     26.258    32.7941    25.5226 -9.990e-29
 162.390637     26.494  34.279374     8.1330     3.5112     26.271    32.7932    25.5220 -9.990e-29
 162.390642     26.519  34.278988     8.1326     3.5112     26.296    32.7931    25.5220 -9.990e-29
 162.390648     26.552  34.279437     8.1320     3.5015     26.329    32.7941    25.5229 -9.990e-29
 162.390654     26.587  34.279617     8.1313     3.5168     26.363    32.7950    25.5236 -9.990e-29
 162.390660     26.617  34.279184     8.1312     3.5142     26.393    32.7946    25.5234 -9.990e-29
 162.390666     26.633  34.279219     8.1320     3.5070     26.409    32.7939    25.5227 -9.990e-29
 162.390671     26.630  34.279743     8.1330     3.5070     26.406    32.7935    25.5222 -9.990e-29
 162.390677     26.622  34.279755     8.1336     3.5112     26.398    32.7929    25.5217 -9.990e-29
 162.390683     26.620  34.279249     8.1340     3.5068     26.396    32.7920    25.5209 -9.990e-29
 162.390689     26.629  34.278648     8.1344     3.5097     26.405    32.7910    25.5201 -9.990e-29
 162.390694     26.644  34.278248     8.1344     3.5168     26.420    32.7906    25.5197 -9.990e-29
 162.390700     26.664  34.278055     8.1343     3.5169     26.440    32.7905    25.5197 -9.990e-29
 162.390706     26.688  34.277789     8.1343     3.5224     26.464    32.7902    25.5194 -9.990e-29
 162.390712     26.715  34.277634     8.1344     3.5194     26.490    32.7899    25.5192 -9.990e-29
 162.390718     26.733  34.277920     8.1344     3.5042     26.508    32.7902    25.5194 -9.990e-29
 162.390723     26.734  34.278443     8.1344     3.5112     26.509    32.7908    25.5199 -9.990e-29
 162.390729     26.724  34.278759     8.1345     3.5043     26.499    32.7910    25.5201 -9.990e-29
 162.390735     26.709  34.278709     8.1343     3.5042     26.484    32.7911    25.5202 -9.990e-29
 162.390741     26.698  34.278763     8.1338     3.5169     26.473    32.7917    25.5207 -9.990e-29
 162.390747     26.693  34.278974     8.1333     3.5170     26.469    32.7924    25.5213 -9.990e-29
 162.390752     26.696  34.279039     8.1333     3.5224     26.471    32.7924    25.5214 -9.990e-29
 162.390758     26.702  34.279025     8.1334     3.5099     26.477    32.7923    25.5213 -9.990e-29
 162.390764     26.702  34.278890     8.1334     3.5016     26.477    32.7922    25.5211 -9.990e-29
 162.390770     26.696  34.278989     8.1334     3.4918     26.471    32.7923    25.5212 -9.990e-29
 162.390775     26.693  34.279433     8.1333     3.5014     26.469    32.7929    25.5217 -9.990e-29
 162.390781     26.697  34.279672     8.1331     3.5099     26.472    32.7933    25.5221 -9.990e-29
