data/oxygen options/ONMS/Olympic_Coast_National_Marine_Sanctuary_CTD_Data_2005_2023/raw_data/2011/CAST_CE065_072811faedb.cnv
* Sea-Bird SBE19 Data File:
* FileName = C:\Documents and Settings\OCNMS\Desktop\2011 mooring data\2nd service\CAST_CE065_072811.hex
* Software Version 1.24
* Temperature SN = 2997
* Conductivity SN = 2997
* System UpLoad Time = Jul 28 2011 18:59:22
** CAST_CE065_072811
* SEACAT PROFILER V3.1c SN 2997   07/28/11  18:58:14.513
# nquan = 9
# nvalues = 66                          
# units = specified
# name 0 = timeJ: Julian Days
# name 1 = prSM: Pressure, Strain Gauge [db]
# name 2 = c0mS/cm: Conductivity [mS/cm]
# name 3 = t090C: Temperature [ITS-90, deg C]
# name 4 = sbeox0ML/L: Oxygen, SBE 43 [ml/l]
# name 5 = depSM: Depth [salt water, m], lat = 47.5
# name 6 = sal00: Salinity, Practical [PSU]
# name 7 = sigma-é00: Density [sigma-theta, kg/m^3]
# name 8 = flag: flag
# span 0 = 209.450444, 209.451495       
# span 1 =      1.000,     66.000       
# span 2 =  34.301549,  38.395546       
# span 3 =     7.1989,    13.9984       
# span 4 =     1.5788,     7.6273       
# span 5 =      0.992,     65.439       
# span 6 =    31.7195,    33.8580       
# span 7 =    23.6538,    26.4925       
# span 8 = 0.0000e+00, 0.0000e+00       
# interval = decibars: 1                
# start_time = Jul 28 2011 10:42:59 [Instrument's time stamp, header]
# bad_flag = -9.990e-29
*END*
 209.450444      1.000  38.395546    13.9984     7.6273      0.992    31.7195    23.6538 0.0000e+00
 209.450474      2.000  38.392560    13.9884     7.4048      1.983    31.7247    23.6597 0.0000e+00
 209.450492      3.000  38.375687    13.9129     7.4575      2.975    31.7712    23.7110 0.0000e+00
 209.450506      4.000  38.208282    13.4187     7.5242      3.967    32.0275    24.0085 0.0000e+00
 209.450520      5.000  37.646829    12.6022     6.9469      4.958    32.1895    24.2938 0.0000e+00
 209.450533      6.000  37.241843    12.1647     5.8066      5.950    32.1775    24.3670 0.0000e+00
 209.450546      7.000  36.878022    11.6425     5.1495      6.942    32.2770    24.5407 0.0000e+00
 209.450558      8.000  36.317394    10.9428     4.8904      7.933    32.3389    24.7139 0.0000e+00
 209.450569      9.000  35.832366    10.4543     4.6442      8.925    32.2876    24.7584 0.0000e+00
 209.450580     10.000  35.619483    10.2180     4.3534      9.916    32.2836    24.7954 0.0000e+00
 209.450591     11.000  35.476370     9.9872     4.1220     10.908    32.3447    24.8816 0.0000e+00
 209.450601     12.000  35.257360     9.6786     3.9850     11.900    32.3987    24.9743 0.0000e+00
 209.450611     13.000  35.052050     9.4617     3.9168     12.891    32.3840    24.9977 0.0000e+00
 209.450620     14.000  34.900729     9.2569     3.9622     13.883    32.4134    25.0532 0.0000e+00
 209.450631     15.000  34.713820     9.0027     4.0461     14.874    32.4510    25.1225 0.0000e+00
 209.450641     16.000  34.505139     8.7261     4.1396     15.866    32.4863    25.1927 0.0000e+00
 209.450651     17.000  34.373071     8.5333     4.2084     16.858    32.5248    25.2519 0.0000e+00
 209.450661     18.000  34.326859     8.4351     4.2331     17.849    32.5664    25.2993 0.0000e+00
 209.450672     19.000  34.309792     8.3757     4.1728     18.840    32.6029    25.3369 0.0000e+00
 209.450685     20.000  34.301549     8.3336     3.9820     19.832    32.6328    25.3665 0.0000e+00
 209.450698     21.000  34.313166     8.2811     3.7106     20.824    32.6933    25.4218 0.0000e+00
 209.450712     22.000  34.386449     8.2050     3.5888     21.815    32.8416    25.5492 0.0000e+00
 209.450725     23.000  34.469254     8.1797     3.5346     22.807    32.9527    25.6402 0.0000e+00
 209.450739     24.000  34.535525     8.1774     3.4673     23.798    33.0247    25.6970 0.0000e+00
 209.450754     25.000  34.574112     8.1515     3.3359     24.790    33.0896    25.7518 0.0000e+00
 209.450768     26.000  34.566828     8.0820     3.1989     25.782    33.1471    25.8072 0.0000e+00
 209.450780     27.000  34.519477     7.9657     3.1978     26.773    33.2064    25.8708 0.0000e+00
 209.450794     28.000  34.506488     7.9126     3.2169     27.764    33.2425    25.9068 0.0000e+00
 209.450807     29.000  34.510345     7.8925     3.3719     28.756    33.2654    25.9277 0.0000e+00
 209.450821     30.000  34.492546     7.8056     3.6187     29.748    33.3287    25.9900 0.0000e+00
 209.450834     31.000  34.417777     7.6559     3.6289     30.739    33.3912    26.0607 0.0000e+00
 209.450849     32.000  34.403404     7.6101     3.6405     31.730    33.4192    26.0892 0.0000e+00
 209.450863     33.000  34.406446     7.6050     3.5656     32.722    33.4270    26.0961 0.0000e+00
 209.450878     34.000  34.407400     7.5982     3.3457     33.713    33.4341    26.1027 0.0000e+00
 209.450890     35.000  34.408218     7.5749     3.1387     34.704    33.4569    26.1239 0.0000e+00
 209.450903     36.000  34.420064     7.5431     3.0928     35.696    33.4998    26.1622 0.0000e+00
 209.450915     37.000  34.454753     7.5349     3.0893     36.688    33.5448    26.1987 0.0000e+00
 209.450930     38.000  34.490179     7.5365     3.0603     37.679    33.5811    26.2271 0.0000e+00
 209.450945     39.000  34.496539     7.5274     3.0833     38.671    33.5963    26.2402 0.0000e+00
 209.450959     40.000  34.502062     7.5154     3.0545     39.662    33.6134    26.2555 0.0000e+00
 209.450973     41.000  34.504462     7.5123     3.0057     40.654    33.6186    26.2600 0.0000e+00
 209.450988     42.000  34.509963     7.5055     2.9019     41.645    33.6305    26.2703 0.0000e+00
 209.451002     43.000  34.524603     7.4920     2.8940     42.637    33.6591    26.2947 0.0000e+00
 209.451016     44.000  34.521422     7.4747     2.8744     43.628    33.6720    26.3073 0.0000e+00
 209.451029     45.000  34.518824     7.4604     2.8713     44.620    33.6826    26.3177 0.0000e+00
 209.451042     46.000  34.540161     7.4688     2.8656     45.611    33.6970    26.3279 0.0000e+00
 209.451055     47.000  34.567275     7.4740     2.9011     46.602    33.7208    26.3459 0.0000e+00
 209.451070     48.000  34.589005     7.4839     2.9079     47.594    33.7343    26.3551 0.0000e+00
 209.451086     49.000  34.621494     7.5028     2.9281     48.585    33.7506    26.3652 0.0000e+00
 209.451105     50.000  34.636748     7.5103     3.0018     49.577    33.7593    26.3710 0.0000e+00
 209.451125     51.000  34.645236     7.5135     2.7556     50.568    33.7649    26.3750 0.0000e+00
 209.451142     52.000  34.647655     7.4978     1.8589     51.560    33.7823    26.3910 0.0000e+00
 209.451157     53.000  34.587694     7.4143     1.5899     52.551    33.7982    26.4153 0.0000e+00
 209.451174     54.000  34.533257     7.3651     1.5788     53.542    33.7866    26.4131 0.0000e+00
 209.451193     55.000  34.522412     7.3508     1.6159     54.534    33.7883    26.4164 0.0000e+00
 209.451222     56.000  34.525430     7.3527     1.6632     55.525    33.7893    26.4170 0.0000e+00
 209.451254     57.000  34.523061     7.3450     1.5981     56.516    33.7937    26.4215 0.0000e+00
 209.451274     58.000  34.517361     7.3309     1.6222     57.508    33.8007    26.4290 0.0000e+00
 209.451294     59.000  34.511726     7.3149     1.6592     58.499    33.8098    26.4384 0.0000e+00
 209.451321     60.000  34.509842     7.3095     1.6881     59.490    33.8126    26.4414 0.0000e+00
 209.451351     61.000  34.491905     7.2652     1.6899     60.482    33.8359    26.4659 0.0000e+00
 209.451379     62.000  34.460753     7.2149     1.6579     61.473    33.8507    26.4845 0.0000e+00
 209.451405     63.000  34.455409     7.2042     1.6473     62.464    33.8549    26.4894 0.0000e+00
 209.451434     64.000  34.454412     7.1994     1.6415     63.456    33.8580    26.4925 0.0000e+00
 209.451464     65.000  34.453424     7.1989     1.6372     64.447    33.8568    26.4917 0.0000e+00
 209.451495     66.000  34.454116     7.1989     1.6338     65.439    33.8572    26.4920 0.0000e+00
