data/oxygen options/ONMS/Olympic_Coast_National_Marine_Sanctuary_CTD_Data_2005_2023/raw_data/2011/CAST_CA015_100511faed.cnv
* Sea-Bird SBE19 Data File:
* FileName = C:\Documents and Settings\OCNMS\Desktop\2011 mooring data\3rd service\CAST_CA015_100511.hex
* Software Version 1.24
* Temperature SN = 2997
* Conductivity SN = 2997
* System UpLoad Time = Oct 05 2011 14:57:35
** CAST_CA015_100511
* SEACAT PROFILER V3.1c SN 2997   10/05/11  14:56:59.808
# nquan = 9                                 
# nvalues = 991                         
# units = specified
# name 0 = timeJ: Julian Days
# name 1 = prSM: Pressure, Strain Gauge [db]
# name 2 = c0mS/cm: Conductivity [mS/cm]
# name 3 = t090C: Temperature [ITS-90, deg C]
# name 4 = sbeox0ML/L: Oxygen, SBE 43 [ml/l]
# name 5 = depSM: Depth [salt water, m], lat = 47.5
# name 6 = sal00: Salinity, Practical [PSU]
# name 7 = sigma-é00: Density [sigma-theta, kg/m^3]
# name 8 = flag: flag
# span 0 = 278.466296, 278.472025       
# span 1 =     -5.706,     15.648       
# span 2 =   0.323131,  37.038348       
# span 3 =    11.9510,    13.6595       
# span 4 =    -2.1330,    15.5827       
# span 5 =     -5.658,     15.517       
# span 6 =     0.2070,    30.7419       
# span 7 =    -0.3591,    22.9837       
# span 8 = 0.0000e+00, 0.0000e+00       
# interval = seconds: 0.5
# start_time = Oct 05 2011 11:11:28 [Instrument's time stamp, header]
# bad_flag = -9.990e-29
*END*
[from data line 641]
 278.470006      0.885  36.822418    13.6526    -1.7027      0.878    30.5514    22.8217 -9.990e-29
 278.470012      0.885  36.837282    13.6530    -1.7028      0.878    30.5648    22.8319 -9.990e-29
 278.470017      0.880  36.850116    13.6532    -1.7028      0.873    30.5765    22.8409 -9.990e-29
 278.470023      0.873  36.848338    13.6531    -1.7029      0.866    30.5749    22.8397 -9.990e-29
 278.470029      0.868  36.830683    13.6530    -1.7031      0.861    30.5587    22.8272 -9.990e-29
 278.470035      0.861  36.835199    13.6531    -1.7030      0.854    30.5628    22.8304 -9.990e-29
 278.470041      0.855  36.865095    13.6533    -1.7025      0.848    30.5902    22.8515 -9.990e-29
 278.470046      0.858  36.889653    13.6535    -1.7023      0.851    30.6127    22.8688 -9.990e-29
 278.470052      0.866  36.910240    13.6538    -1.7025      0.859    30.6315    22.8832 -9.990e-29
 278.470058      0.880  36.927410    13.6538    -1.7029      0.873    30.6473    22.8954 -9.990e-29
 278.470064      0.901  36.930440    13.6533    -1.7030      0.893    30.6505    22.8980 -9.990e-29
 278.470069      0.921  36.925035    13.6529    -1.7027      0.913    30.6458    22.8945 -9.990e-29
 278.470075      0.933  36.920214    13.6525    -1.7022      0.925    30.6417    22.8914 -9.990e-29
 278.470081      0.934  36.916815    13.6522    -1.7021      0.926    30.6388    22.8892 -9.990e-29
 278.470087      0.928  36.910853    13.6523    -1.7023      0.920    30.6332    22.8849 -9.990e-29
 278.470093      0.923  36.906124    13.6529    -1.7024      0.915    30.6284    22.8810 -9.990e-29
 278.470098      0.928  36.913111    13.6533    -1.7024      0.920    30.6345    22.8857 -9.990e-29
 278.470104      0.942  36.929916    13.6531    -1.7024      0.934    30.6501    22.8978 -9.990e-29
 278.470110      0.959  36.939728    13.6528    -1.7025      0.951    30.6594    22.9050 -9.990e-29
 278.470116      0.970  36.934332    13.6527    -1.7022      0.962    30.6545    22.9012 -9.990e-29
 278.470122      0.968  36.923883    13.6528    -1.7024      0.960    30.6448    22.8937 -9.990e-29
 278.470127      0.952  36.922434    13.6530    -1.7025      0.944    30.6433    22.8925 -9.990e-29
 278.470133      0.935  36.935880    13.6531    -1.7023      0.927    30.6557    22.9020 -9.990e-29
 278.470139      0.928  36.954694    13.6530    -1.7022      0.920    30.6731    22.9155 -9.990e-29
 278.470145      0.931  36.963624    13.6530    -1.7021      0.923    30.6813    22.9219 -9.990e-29
 278.470150      0.935  36.961681    13.6532    -1.7023      0.927    30.6794    22.9203 -9.990e-29
 278.470156      0.936  36.957461    13.6536    -1.7025      0.928    30.6752    22.9170 -9.990e-29
 278.470162      0.935  36.954844    13.6541    -1.7022      0.927    30.6723    22.9147 -9.990e-29
 278.470168      0.931  36.952566    13.6545    -1.7021      0.923    30.6699    22.9128 -9.990e-29
 278.470174      0.929  36.951496    13.6549    -1.7022      0.921    30.6686    22.9117 -9.990e-29
 278.470179      0.931  36.951873    13.6553    -1.7023      0.923    30.6686    22.9116 -9.990e-29
 278.470185      0.936  36.950266    13.6555    -1.7024      0.928    30.6670    22.9103 -9.990e-29
 278.470191      0.937  36.950118    13.6554    -1.7022      0.929    30.6669    22.9103 -9.990e-29
 278.470197      0.936  36.956258    13.6552    -1.7021      0.928    30.6728    22.9148 -9.990e-29
 278.470203      0.937  36.963419    13.6548    -1.7021      0.929    30.6797    22.9203 -9.990e-29
 278.470208      0.944  36.964891    13.6544    -1.7023      0.936    30.6814    22.9216 -9.990e-29
 278.470214      0.953  36.961503    13.6541    -1.7022      0.945    30.6785    22.9195 -9.990e-29
 278.470220      0.961  36.961044    13.6541    -1.7022      0.953    30.6781    22.9191 -9.990e-29
 278.470226      0.967  36.967371    13.6541    11.8320      0.959    30.6839    22.9236 -9.990e-29
 278.470231      0.973  36.973221    13.6537    15.4737      0.965    30.6896    22.9281 -9.990e-29
 278.470237      0.975  36.973500    13.6536    15.5827      0.967    30.6899    22.9284 -9.990e-29
 278.470243      0.963  36.971367    13.6539    12.3369      0.955    30.6877    22.9266 -9.990e-29
 278.470249      0.943  36.970682    13.6542     5.7325      0.935    30.6869    22.9259 -9.990e-29
 278.470255      0.928  36.972757    13.6546     5.7732      0.920    30.6885    22.9271 -9.990e-29
 278.470260      0.928  36.975307    13.6550     5.8903      0.920    30.6905    22.9286 -9.990e-29
 278.470266      0.937  36.974436    13.6552     5.9263      0.929    30.6895    22.9278 -9.990e-29
 278.470272      0.948  36.971768    13.6551     5.9122      0.940    30.6872    22.9260 -9.990e-29
 278.470278      0.958  36.972134    13.6544     5.8862      0.950    30.6881    22.9268 -9.990e-29
 278.470284      0.966  36.975447    13.6533     5.8636      0.958    30.6920    22.9300 -9.990e-29
 278.470289      0.973  36.979389    13.6530     5.8560      0.965    30.6959    22.9331 -9.990e-29
 278.470295      0.981  36.982481    13.6540     5.8366      0.973    30.6979    22.9345 -9.990e-29
 278.470301      0.984  36.984910    13.6566     5.8231      0.976    30.6981    22.9341 -9.990e-29
 278.470307      0.979  36.987661    13.6593     5.8024      0.971    30.6984    22.9338 -9.990e-29
 278.470312      0.970  36.989346    13.6595     5.7916      0.962    30.6998    22.9349 -9.990e-29
 278.470318      0.964  36.988277    13.6570     5.7938      0.956    30.7009    22.9362 -9.990e-29
 278.470324      0.967  36.985817    13.6543     5.7997      0.959    30.7008    22.9366 -9.990e-29
 278.470330      0.973  36.984274    13.6534     5.8036      0.965    30.7000    22.9362 -9.990e-29
 278.470336      0.975  36.983816    13.6539     5.7939      0.967    30.6992    22.9355 -9.990e-29
 278.470341      0.964  36.983816    13.6554     5.7901      0.956    30.6980    22.9343 -9.990e-29
 278.470347      0.944  36.984259    13.6575     5.7754      0.936    30.6968    22.9329 -9.990e-29
 278.470353      0.925  36.985160    13.6587     5.7620      0.917    30.6966    22.9326 -9.990e-29
 278.470359      0.912  36.986587    13.6583     5.7582      0.904    30.6983    22.9339 -9.990e-29
 278.470365      0.908  36.987630    13.6572     5.7565      0.900    30.7001    22.9355 -9.990e-29
 278.470370      0.912  36.986867    13.6559     5.7697      0.904    30.7005    22.9361 -9.990e-29
 278.470376      0.916  36.985506    13.6549     5.7679      0.908    30.7000    22.9359 -9.990e-29
 278.470382      0.917  36.985079    13.6544     5.7658      0.909    30.7000    22.9360 -9.990e-29
 278.470388      0.913  36.984999    13.6543     5.7563      0.905    30.7000    22.9360 -9.990e-29
 278.470394      0.910  36.984587    13.6538     5.7524      0.902    30.7000    22.9362 -9.990e-29
 278.470399      0.916  36.983838    13.6526     5.7640      0.908    30.7003    22.9366 -9.990e-29
 278.470405      0.930  36.982861    13.6514     5.7678      0.922    30.7004    22.9369 -9.990e-29
 278.470411      0.946  36.982021    13.6507     5.7717      0.938    30.7001    22.9369 -9.990e-29
 278.470417      0.960  36.981861    13.6505     5.7697      0.952    30.7002    22.9369 -9.990e-29
 278.470422      0.973  36.981594    13.6507     5.7661      0.965    30.6997    22.9365 -9.990e-29
 278.470428      0.985  36.980850    13.6507     5.7735      0.977    30.6990    22.9360 -9.990e-29
 278.470434      0.994  36.980863    13.6507     5.7828      0.986    30.6991    22.9360 -9.990e-29
 278.470440      0.995  36.981635    13.6508     5.7848      0.987    30.6997    22.9365 -9.990e-29
 278.470446      0.993  36.981939    13.6508     5.7830      0.985    30.7000    22.9367 -9.990e-29
 278.470451      0.992  36.981608    13.6508     5.7696      0.984    30.6997    22.9365 -9.990e-29
 278.470457      0.992  36.981307    13.6510     5.7641      0.984    30.6992    22.9361 -9.990e-29
 278.470463      0.992  36.980619    13.6513     5.7791      0.984    30.6984    22.9354 -9.990e-29
 278.470469      0.994  36.979175    13.6513     5.7771      0.986    30.6970    22.9343 -9.990e-29
 278.470475      0.997  36.978393    13.6513     5.7865      0.989    30.6963    22.9338 -9.990e-29
 278.470480      0.997  36.978897    13.6516     5.7773      0.989    30.6965    22.9339 -9.990e-29
 278.470486      0.990  36.979665    13.6520     5.7775      0.982    30.6969    22.9341 -9.990e-29
 278.470492      0.983  36.980588    13.6521     5.7890      0.975    30.6977    22.9347 -9.990e-29
 278.470498      0.986  36.981771    13.6519     5.7811      0.978    30.6989    22.9357 -9.990e-29
 278.470503      0.993  36.982548    13.6518     5.7886      0.985    30.6997    22.9363 -9.990e-29
 278.470509      1.002  36.982831    13.6521     5.7925      0.994    30.6997    22.9363 -9.990e-29
 278.470515      1.008  36.983000    13.6528     5.7926      1.000    30.6993    22.9358 -9.990e-29
 278.470521      1.007  36.983281    13.6532     5.7945      0.999    30.6993    22.9357 -9.990e-29
 278.470527      1.003  36.983488    13.6528     5.7964      0.995    30.6998    22.9362 -9.990e-29
 278.470532      1.006  36.983340    13.6521     5.7948      0.998    30.7002    22.9366 -9.990e-29
 278.470538      1.019  36.983202    13.6518     5.7946      1.010    30.7003    22.9368 -9.990e-29
 278.470544      1.035  36.983452    13.6520     5.7927      1.026    30.7004    22.9368 -9.990e-29
 278.470550      1.042  36.983863    13.6526     5.7966      1.033    30.7003    22.9366 -9.990e-29
 278.470556      1.040  36.983864    13.6533     5.7985      1.031    30.6997    22.9360 -9.990e-29
 278.470561      1.038  36.983457    13.6534     5.7986      1.029    30.6993    22.9356 -9.990e-29
 278.470567      1.040  36.983222    13.6531     5.7966      1.031    30.6993    22.9357 -9.990e-29
 278.470573      1.045  36.983408    13.6528     5.7853      1.036    30.6997    22.9361 -9.990e-29
 278.470579      1.055  36.983706    13.6524     5.7757      1.046    30.7003    22.9366 -9.990e-29
 278.470584      1.070  36.983953    13.6520     5.7740      1.061    30.7008    22.9371 -9.990e-29
 278.470590      1.091  36.983919    13.6520     5.7686      1.082    30.7008    22.9371 -9.990e-29
 278.470596      1.119  36.983561    13.6522     5.7726      1.110    30.7003    22.9367 -9.990e-29
 278.470602      1.156  36.983524    13.6521     5.7765      1.146    30.7003    22.9367 -9.990e-29
 278.470608      1.205  36.983759    13.6519     5.7707      1.195    30.7007    22.9370 -9.990e-29
 278.470613      1.268  36.984021    13.6517     5.7805      1.257    30.7011    22.9374 -9.990e-29
 278.470619      1.350  36.984101    13.6516     5.7904      1.339    30.7012    22.9375 -9.990e-29
 278.470625      1.455  36.984107    13.6517     5.7717      1.443    30.7011    22.9374 -9.990e-29
 278.470631      1.586  36.984607    13.6519     5.7757      1.573    30.7013    22.9375 0.0000e+00
 278.470637      1.743  36.985151    13.6519     5.7566      1.728    30.7018    22.9379 0.0000e+00
 278.470642      1.927  36.985344    13.6519     5.7622      1.911    30.7019    22.9380 0.0000e+00
 278.470648      2.134  36.985443    13.6519     5.7817      2.116    30.7019    22.9380 0.0000e+00
 278.470654      2.349  36.985581    13.6519     5.7920      2.329    30.7019    22.9380 0.0000e+00
 278.470660      2.566  36.985943    13.6518     5.8003      2.545    30.7023    22.9383 0.0000e+00
 278.470666      2.786  36.986451    13.6517     5.7875      2.763    30.7027    22.9387 0.0000e+00
 278.470671      3.013  36.986661    13.6512     5.7954      2.988    30.7032    22.9392 0.0000e+00
 278.470677      3.250  36.986294    13.6505     5.7726      3.223    30.7034    22.9395 0.0000e+00
 278.470683      3.491  36.985420    13.6499     5.7532      3.462    30.7030    22.9393 0.0000e+00
 278.470689      3.728  36.984554    13.6498     5.7497      3.697    30.7022    22.9387 0.0000e+00
 278.470694      3.964  36.984221    13.6496     5.7324      3.931    30.7019    22.9385 0.0000e+00
 278.470700      4.210  36.983978    13.6488     5.7520      4.175    30.7022    22.9389 0.0000e+00
 278.470706      4.482  36.982943    13.6473     5.7543      4.445    30.7024    22.9394 0.0000e+00
 278.470712      4.784  36.981418    13.6458     5.7721      4.744    30.7021    22.9394 0.0000e+00
 278.470718      5.101  36.980171    13.6442     5.7898      5.058    30.7021    22.9398 0.0000e+00
 278.470723      5.410  36.979216    13.6428     5.7898      5.365    30.7022    22.9401 0.0000e+00
 278.470729      5.701  36.978400    13.6421     5.7739      5.653    30.7019    22.9401 0.0000e+00
 278.470735      5.980  36.977753    13.6419     5.7376      5.930    30.7014    22.9397 0.0000e+00
 278.470741      6.256  36.977532    13.6418     5.7358      6.204    30.7011    22.9395 0.0000e+00
 278.470747      6.537  36.978005    13.6419     5.7266      6.482    30.7014    22.9397 0.0000e+00
 278.470752      6.828  36.978681    13.6414     5.7515      6.771    30.7023    22.9405 0.0000e+00
 278.470758      7.132  36.978784    13.6404     5.7573      7.072    30.7031    22.9413 0.0000e+00
 278.470764      7.442  36.979009    13.6391     5.7630      7.380    30.7042    22.9425 0.0000e+00
 278.470770      7.738  36.980217    13.6382     5.7533      7.673    30.7059    22.9440 0.0000e+00
 278.470775      8.011  36.981217    13.6387     5.7512      7.944    30.7064    22.9442 0.0000e+00
 278.470781      8.263  36.981099    13.6396     5.7241      8.194    30.7054    22.9434 0.0000e+00
 278.470787      8.508  36.980828    13.6400     5.7239      8.437    30.7048    22.9428 0.0000e+00
 278.470793      8.764  36.981163    13.6401     5.7084      8.691    30.7049    22.9429 0.0000e+00
 278.470799      9.044  36.982554    13.6401     5.7068      8.968    30.7061    22.9438 0.0000e+00
 278.470804      9.340  36.985176    13.6401     5.7050      9.262    30.7084    22.9456 0.0000e+00
 278.470810      9.640  36.988604    13.6407     5.6953      9.559    30.7110    22.9474 0.0000e+00
 278.470816      9.943  36.992926    13.6420     5.6898      9.860    30.7138    22.9494 0.0000e+00
 278.470822     10.251  36.997746    13.6435     5.6898     10.165    30.7169    22.9515 0.0000e+00
 278.470828     10.561  37.002768    13.6453     5.6763     10.473    30.7200    22.9535 0.0000e+00
 278.470833     10.867  37.009090    13.6477     5.6785     10.776    30.7238    22.9560 0.0000e+00
 278.470839     11.169  37.015618    13.6500     5.6707     11.075    30.7279    22.9587 0.0000e+00
 278.470845     11.467  37.020415    13.6515     5.6578     11.371    30.7310    22.9608 0.0000e+00
 278.470851     11.768  37.023718    13.6524     5.7117     11.669    30.7332    22.9623 0.0000e+00
 278.470856     12.078  37.025453    13.6531     5.7040     11.977    30.7341    22.9629 0.0000e+00
 278.470862     12.391  37.026811    13.6540     5.7098     12.287    30.7345    22.9631 0.0000e+00
 278.470868     12.697  37.029604    13.6549     5.6829     12.591    30.7363    22.9642 0.0000e+00
 278.470874     12.990  37.032514    13.6555     5.6601     12.881    30.7384    22.9657 0.0000e+00
 278.470880     13.267  37.033819    13.6560     5.6255     13.156    30.7391    22.9662 0.0000e+00
 278.470885     13.533  37.034142    13.6563     5.5893     13.420    30.7390    22.9661 0.0000e+00
 278.470891     13.791  37.034473    13.6564     5.5696     13.675    30.7391    22.9662 0.0000e+00
 278.470897     14.042  37.035254    13.6564     5.5830     13.924    30.7398    22.9667 0.0000e+00
 278.470903     14.279  37.035845    13.6563     5.6158     14.159    30.7403    22.9671 0.0000e+00
 278.470909     14.496  37.035356    13.6562     5.6600     14.375    30.7398    22.9668 0.0000e+00
 278.470914     14.695  37.034813    13.6561     5.6830     14.572    30.7394    22.9664 0.0000e+00
 278.470920     14.879  37.035174    13.6563     5.6887     14.754    30.7395    22.9665 0.0000e+00
