data/oxygen options/ONMS/Olympic_Coast_National_Marine_Sanctuary_CTD_Data_2005_2023/raw_data/2011/CAST_CA065_090211faedb.cnv
* Sea-Bird SBE19 Data File:
* FileName = C:\Documents and Settings\OCNMS\Desktop\2011 mooring data\3rd service\CAST_CA065_090211.hex
* Software Version 1.24
* Temperature SN = 2997
* Conductivity SN = 2997
* System UpLoad Time = Sep 02 2011 15:35:10
** CAST_CA065_090211
* SEACAT PROFILER V3.1c SN 2997   09/02/11  15:34:28.658
# nquan = 9
# nvalues = 65                          
# units = specified
# name 0 = timeJ: Julian Days
# name 1 = prSM: Pressure, Strain Gauge [db]
# name 2 = c0mS/cm: Conductivity [mS/cm]
# name 3 = t090C: Temperature [ITS-90, deg C]
# name 4 = sbeox0ML/L: Oxygen, SBE 43 [ml/l]
# name 5 = depSM: Depth [salt water, m], lat = 47.5
# name 6 = sal00: Salinity, Practical [PSU]
# name 7 = sigma-é00: Density [sigma-theta, kg/m^3]
# name 8 = flag: flag
# span 0 = 245.415765, 245.417027       
# span 1 =      2.000,     66.000       
# span 2 =  34.122661,  35.727752       
# span 3 =     7.3569,    11.3811       
# span 4 =     2.7599,     5.7278       
# span 5 =      1.983,     65.439       
# span 6 =    31.3827,    33.8103       
# span 7 =    23.8932,    26.4330       
# span 8 = 0.0000e+00, 0.0000e+00       
# interval = decibars: 1                
# start_time = Sep 02 2011 09:52:57 [Instrument's time stamp, header]
# bad_flag = -9.990e-29
*END*
 245.415765      2.000  35.727752    11.3811     5.7278      1.983    31.3827    23.8932 0.0000e+00
 245.415794      3.000  35.630730    11.2344     4.9612      2.975    31.4123    23.9421 0.0000e+00
 245.415815      4.000  35.394266    10.9130     4.6359      3.967    31.4541    24.0308 0.0000e+00
 245.415837      5.000  35.199478    10.6525     4.2119      4.958    31.4850    24.0996 0.0000e+00
 245.415857      6.000  34.985474    10.2576     3.9527      5.950    31.6132    24.2660 0.0000e+00
 245.415878      7.000  34.827167     9.9363     3.9708      6.941    31.7343    24.4136 0.0000e+00
 245.415903      8.000  34.802204     9.8479     3.9228      7.933    31.7866    24.4688 0.0000e+00
 245.415927      9.000  34.820449     9.6089     3.8994      8.925    32.0165    24.6870 0.0000e+00
 245.415948     10.000  34.890589     9.5164     3.9039      9.916    32.1706    24.8222 0.0000e+00
 245.415966     11.000  34.950998     9.4596     3.8769     10.908    32.2831    24.9192 0.0000e+00
 245.415986     12.000  34.977951     9.4309     3.7626     11.899    32.3362    24.9653 0.0000e+00
 245.416005     13.000  34.955938     9.3599     3.5382     12.891    32.3773    25.0087 0.0000e+00
 245.416025     14.000  34.879561     9.2025     3.5580     13.882    32.4411    25.0834 0.0000e+00
 245.416044     15.000  34.702212     8.8973     3.6793     14.874    32.5352    25.2047 0.0000e+00
 245.416063     16.000  34.572332     8.7577     3.7110     15.866    32.5275    25.2201 0.0000e+00
 245.416084     17.000  34.508456     8.5921     3.6251     16.858    32.6127    25.3119 0.0000e+00
 245.416102     18.000  34.441232     8.4857     3.5347     17.849    32.6399    25.3494 0.0000e+00
 245.416118     19.000  34.434506     8.4678     3.5438     18.841    32.6490    25.3592 0.0000e+00
 245.416134     20.000  34.436793     8.4643     3.4936     19.832    32.6542    25.3637 0.0000e+00
 245.416151     21.000  34.414174     8.4214     3.3349     20.823    32.6697    25.3824 0.0000e+00
 245.416167     22.000  34.386898     8.3692     3.1599     21.815    32.6889    25.4053 0.0000e+00
 245.416184     23.000  34.364065     8.3251     3.0078     22.807    32.7053    25.4247 0.0000e+00
 245.416201     24.000  34.363214     8.2997     2.8606     23.798    32.7276    25.4460 0.0000e+00
 245.416216     25.000  34.358575     8.2665     2.8696     24.790    32.7532    25.4709 0.0000e+00
 245.416230     26.000  34.378149     8.2629     2.8920     25.782    32.7768    25.4899 0.0000e+00
 245.416244     27.000  34.441659     8.2944     2.9006     26.773    32.8141    25.5146 0.0000e+00
 245.416261     28.000  34.464198     8.2748     2.8926     27.765    32.8559    25.5503 0.0000e+00
 245.416282     29.000  34.460477     8.2650     2.9407     28.756    32.8606    25.5554 0.0000e+00
 245.416301     30.000  34.414610     8.1669     3.2970     29.748    32.9034    25.6035 0.0000e+00
 245.416319     31.000  34.325471     8.0577     3.6768     30.739    32.9107    25.6253 0.0000e+00
 245.416342     32.000  34.257186     7.9817     3.4487     31.730    32.9089    25.6350 0.0000e+00
 245.416380     33.000  34.278150     7.9954     3.8388     32.722    32.9179    25.6401 0.0000e+00
 245.416406     34.000  34.207216     7.9020     4.0021     33.713    32.9297    25.6628 0.0000e+00
 245.416430     35.000  34.184928     7.8651     4.4114     34.705    32.9403    25.6765 0.0000e+00
 245.416454     36.000  34.143562     7.7972     4.5407     35.697    32.9596    25.7014 0.0000e+00
 245.416483     37.000  34.136946     7.7922     4.5398     36.688    32.9567    25.6999 0.0000e+00
 245.416509     38.000  34.132680     7.7742     4.8211     37.680    32.9688    25.7120 0.0000e+00
 245.416526     39.000  34.122661     7.7471     4.7875     38.671    32.9832    25.7272 0.0000e+00
 245.416550     40.000  34.125927     7.7487     4.7741     39.662    32.9847    25.7281 0.0000e+00
 245.416578     41.000  34.124292     7.7423     4.8501     40.654    32.9885    25.7321 0.0000e+00
 245.416599     42.000  34.129336     7.7321     4.8468     41.645    33.0031    25.7451 0.0000e+00
 245.416618     43.000  34.137850     7.7288     4.7872     42.637    33.0149    25.7547 0.0000e+00
 245.416640     44.000  34.146742     7.7245     4.7371     43.628    33.0281    25.7657 0.0000e+00
 245.416662     45.000  34.156927     7.7175     4.6215     44.619    33.0452    25.7801 0.0000e+00
 245.416680     46.000  34.165975     7.7070     4.3121     45.611    33.0643    25.7967 0.0000e+00
 245.416696     47.000  34.173794     7.6783     4.2043     46.602    33.0996    25.8286 0.0000e+00
 245.416712     48.000  34.179180     7.6590     4.2434     47.594    33.1233    25.8499 0.0000e+00
 245.416730     49.000  34.183310     7.6625     4.0090     48.585    33.1239    25.8499 0.0000e+00
 245.416748     50.000  34.188232     7.6433     3.7580     49.577    33.1471    25.8709 0.0000e+00
 245.416763     51.000  34.203171     7.6225     3.6307     50.568    33.1825    25.9016 0.0000e+00
 245.416777     52.000  34.221964     7.6044     3.5813     51.560    33.2196    25.9334 0.0000e+00
 245.416793     53.000  34.237208     7.5926     3.5665     52.551    33.2468    25.9565 0.0000e+00
 245.416811     54.000  34.247685     7.5868     3.4180     53.543    33.2632    25.9702 0.0000e+00
 245.416831     55.000  34.262226     7.5660     3.2252     54.534    33.2983    26.0007 0.0000e+00
 245.416850     56.000  34.300749     7.5310     3.1302     55.525    33.3730    26.0644 0.0000e+00
 245.416867     57.000  34.341091     7.4872     3.1618     56.516    33.4583    26.1377 0.0000e+00
 245.416883     58.000  34.388340     7.4507     3.2439     57.508    33.5443    26.2105 0.0000e+00
 245.416899     59.000  34.438734     7.4415     3.2052     58.499    33.6073    26.2613 0.0000e+00
 245.416919     60.000  34.463476     7.4359     2.9674     59.491    33.6391    26.2871 0.0000e+00
 245.416937     61.000  34.517424     7.4126     2.8023     60.482    33.7198    26.3539 0.0000e+00
 245.416954     62.000  34.545417     7.3827     2.7599     61.473    33.7788    26.4045 0.0000e+00
 245.416969     63.000  34.552958     7.3639     2.7769     62.465    33.8048    26.4276 0.0000e+00
 245.416985     64.000  34.553495     7.3598     2.7946     63.456    33.8090    26.4316 0.0000e+00
 245.417003     65.000  34.552749     7.3573     2.7858     64.447    33.8101    26.4328 0.0000e+00
 245.417027     66.000  34.553055     7.3569     2.7977     65.439    33.8103    26.4330 0.0000e+00
