data/oxygen options/ONMS/Olympic_Coast_National_Marine_Sanctuary_CTD_Data_2005_2023/raw_data/2011/CAST_CE042_082411faed.cnv
* Sea-Bird SBE19 Data File:
* FileName = C:\Documents and Settings\OCNMS\Desktop\2011 mooring data\3rd service\CAST_CE042_082411.hex
* Software Version 1.24
* Temperature SN = 2997
* Conductivity SN = 2997
* System UpLoad Time = Aug 24 2011 13:00:18
** CO_CE042_072811_001
* SEACAT PROFILER V3.1c SN 2997   08/24/11  12:58:51.932
# nquan = 9                                 
# nvalues = 902                         
# units = specified
# name 0 = timeJ: Julian Days
# name 1 = prSM: Pressure, Strain Gauge [db]
# name 2 = c0mS/cm: Conductivity [mS/cm]
# name 3 = t090C: Temperature [ITS-90, deg C]
# name 4 = sbeox0ML/L: Oxygen, SBE 43 [ml/l]
# name 5 = depSM: Depth [salt water, m], lat = 47.5
# name 6 = sal00: Salinity, Practical [PSU]
# name 7 = sigma-é00: Density [sigma-theta, kg/m^3]
# name 8 = flag: flag
# span 0 = 236.471921, 236.477135       
# span 1 =     -6.067,     43.535       
# span 2 =   0.001535,  38.767796       
# span 3 =     7.4825,    17.4840       
# span 4 =    -1.9443,    23.1445       
# span 5 =     -6.016,     43.167       
# span 6 =     0.0086,    33.7012       
# span 7 =    -1.3024,    26.3291       
# span 8 = 0.0000e+00, 0.0000e+00       
# interval = seconds: 0.5
# start_time = Aug 24 2011 11:19:34 [Instrument's time stamp, header]
# bad_flag = -9.990e-29
*END*
[from data line 481]
 236.474705      1.180  37.713217    11.9301    10.1695      1.170    32.8388    24.9240 0.0000e+00
 236.474711      1.392  37.618959    11.8123     9.7815      1.380    32.8512    24.9555 0.0000e+00
 236.474716      1.631  37.464234    11.6580     9.3052      1.617    32.8369    24.9728 0.0000e+00
 236.474722      1.891  37.310005    11.4922     8.7077      1.875    32.8330    25.0001 0.0000e+00
 236.474728      2.161  37.185767    11.3223     8.0571      2.143    32.8621    25.0535 0.0000e+00
 236.474734      2.438  37.060347    11.1247     7.4425      2.418    32.9148    25.1299 0.0000e+00
 236.474740      2.722  36.875483    10.8699     6.9260      2.699    32.9601    25.2103 0.0000e+00
 236.474745      3.014  36.626437    10.5902     6.5208      2.989    32.9638    25.2620 0.0000e+00
 236.474751      3.316  36.390116    10.3304     6.2564      3.288    32.9617    25.3050 0.0000e+00
 236.474757      3.625  36.190590    10.1031     6.1103      3.595    32.9667    25.3473 0.0000e+00
 236.474763      3.936  36.019789     9.9210     6.0421      3.903    32.9594    25.3720 0.0000e+00
 236.474769      4.242  35.898423     9.7897     6.0413      4.207    32.9556    25.3908 0.0000e+00
 236.474774      4.536  35.815705     9.6977     6.0558      4.498    32.9553    25.4057 0.0000e+00
 236.474780      4.818  35.752479     9.6312     6.0614      4.778    32.9514    25.4135 0.0000e+00
 236.474786      5.086  35.708871     9.5819     6.0562      5.043    32.9519    25.4219 0.0000e+00
 236.474792      5.341  35.680940     9.5463     6.0429      5.296    32.9558    25.4308 0.0000e+00
 236.474797      5.587  35.662137     9.5230     6.0157      5.540    32.9578    25.4361 0.0000e+00
 236.474803      5.830  35.655289     9.5088     5.9855      5.781    32.9637    25.4430 0.0000e+00
 236.474809      6.074  35.650052     9.4925     5.9419      6.023    32.9732    25.4531 0.0000e+00
 236.474815      6.320  35.625915     9.4649     5.8847      6.267    32.9737    25.4579 0.0000e+00
 236.474821      6.575  35.594275     9.4294     5.8308      6.520    32.9737    25.4637 0.0000e+00
 236.474826      6.844  35.568280     9.3938     5.7623      6.787    32.9796    25.4740 0.0000e+00
 236.474832      7.122  35.543408     9.3621     5.6971      7.062    32.9831    25.4818 0.0000e+00
 236.474838      7.400  35.519989     9.3349     5.6341      7.338    32.9839    25.4868 0.0000e+00
 236.474844      7.676  35.498613     9.3093     5.5915      7.612    32.9854    25.4920 0.0000e+00
 236.474850      7.949  35.477558     9.2834     5.5741      7.883    32.9874    25.4978 0.0000e+00
 236.474855      8.220  35.457768     9.2596     5.5626      8.151    32.9888    25.5027 0.0000e+00
 236.474861      8.488  35.441315     9.2390     5.5499      8.417    32.9907    25.5074 0.0000e+00
 236.474867      8.754  35.426324     9.2200     5.5186      8.681    32.9927    25.5120 0.0000e+00
 236.474873      9.018  35.411190     9.2024     5.4650      8.943    32.9932    25.5152 0.0000e+00
 236.474878      9.279  35.398036     9.1875     5.4014      9.201    32.9932    25.5176 0.0000e+00
 236.474884      9.536  35.391064     9.1743     5.3431      9.456    32.9981    25.5235 0.0000e+00
 236.474890      9.793  35.385368     9.1578     5.2797      9.711    33.0073    25.5333 0.0000e+00
 236.474896     10.058  35.369344     9.1338     5.2068      9.974    33.0128    25.5414 0.0000e+00
 236.474902     10.335  35.345611     9.1038     5.1196     10.248    33.0159    25.5486 0.0000e+00
 236.474907     10.623  35.322741     9.0740     5.0085     10.534    33.0197    25.5562 0.0000e+00
 236.474913     10.921  35.302618     9.0481     4.9200     10.830    33.0227    25.5626 0.0000e+00
 236.474919     11.222  35.285752     9.0267     4.8537     11.128    33.0248    25.5677 0.0000e+00
 236.474925     11.522  35.271393     9.0082     4.8311     11.426    33.0270    25.5723 0.0000e+00
 236.474931     11.821  35.257098     8.9877     4.8418     11.722    33.0310    25.5786 0.0000e+00
 236.474936     12.110  35.240513     8.9637     4.8347     12.009    33.0359    25.5862 0.0000e+00
 236.474942     12.388  35.222385     8.9432     4.8187     12.284    33.0360    25.5895 0.0000e+00
 236.474948     12.653  35.208124     8.9326     4.7752     12.547    33.0308    25.5871 0.0000e+00
 236.474954     12.908  35.202135     8.9280     4.7118     12.800    33.0288    25.5862 0.0000e+00
 236.474959     13.153  35.200820     8.9217     4.6520     13.043    33.0331    25.5906 0.0000e+00
 236.474965     13.398  35.198418     8.9105     4.6025     13.286    33.0409    25.5985 0.0000e+00
 236.474971     13.648  35.192201     8.8912     4.5561     13.534    33.0523    25.6104 0.0000e+00
 236.474977     13.911  35.177708     8.8584     4.4970     13.794    33.0676    25.6275 0.0000e+00
 236.474983     14.190  35.152324     8.8138     4.4179     14.071    33.0826    25.6461 0.0000e+00
 236.474988     14.483  35.119621     8.7698     4.3048     14.362    33.0893    25.6582 0.0000e+00
 236.474994     14.782  35.089086     8.7361     4.1535     14.658    33.0887    25.6629 0.0000e+00
 236.475000     15.084  35.066372     8.7078     3.9992     14.958    33.0912    25.6692 0.0000e+00
 236.475006     15.388  35.045172     8.6722     3.8774     15.259    33.1022    25.6832 0.0000e+00
 236.475012     15.692  35.016162     8.6160     3.7881     15.560    33.1242    25.7091 0.0000e+00
 236.475017     15.997  34.968003     8.5274     3.7416     15.863    33.1566    25.7480 0.0000e+00
 236.475023     16.301  34.894611     8.4211     3.6944     16.164    33.1791    25.7817 0.0000e+00
 236.475029     16.598  34.818398     8.3361     3.6254     16.459    33.1785    25.7940 0.0000e+00
 236.475035     16.882  34.765280     8.2836     3.5877     16.740    33.1716    25.7965 0.0000e+00
 236.475041     17.153  34.732621     8.2452     3.5505     17.009    33.1731    25.8034 0.0000e+00
 236.475046     17.424  34.710922     8.2096     3.5366     17.278    33.1836    25.8169 0.0000e+00
 236.475052     17.703  34.691874     8.1754     3.5336     17.554    33.1956    25.8314 0.0000e+00
 236.475058     17.988  34.665663     8.1397     3.5198     17.837    33.2014    25.8412 0.0000e+00
 236.475064     18.274  34.631396     8.0948     3.5214     18.121    33.2073    25.8525 0.0000e+00
 236.475069     18.564  34.597034     8.0400     3.5540     18.408    33.2226    25.8725 0.0000e+00
 236.475075     18.857  34.569290     7.9867     3.6291     18.699    33.2435    25.8967 0.0000e+00
 236.475081     19.156  34.546906     7.9413     3.7544     18.995    33.2626    25.9183 0.0000e+00
 236.475087     19.463  34.526251     7.8992     3.8408     19.300    33.2805    25.9385 0.0000e+00
 236.475093     19.780  34.504883     7.8533     3.8852     19.614    33.3012    25.9614 0.0000e+00
 236.475098     20.109  34.479409     7.7974     3.8826     19.940    33.3271    25.9899 0.0000e+00
 236.475104     20.451  34.449918     7.7348     3.8467     20.279    33.3552    26.0209 0.0000e+00
 236.475110     20.797  34.424020     7.6816     3.8448     20.622    33.3781    26.0466 0.0000e+00
 236.475116     21.139  34.409073     7.6493     3.8417     20.962    33.3929    26.0628 0.0000e+00
 236.475122     21.478  34.404081     7.6347     3.8650     21.298    33.4014    26.0715 0.0000e+00
 236.475127     21.813  34.403413     7.6294     3.8840     21.630    33.4056    26.0756 0.0000e+00
 236.475133     22.141  34.403851     7.6278     3.8718     21.955    33.4074    26.0773 0.0000e+00
 236.475139     22.456  34.404769     7.6266     3.8436     22.267    33.4094    26.0790 0.0000e+00
 236.475145     22.757  34.406186     7.6244     3.7939     22.566    33.4129    26.0821 0.0000e+00
 236.475150     23.050  34.408784     7.6221     3.7426     22.856    33.4178    26.0863 0.0000e+00
 236.475156     23.341  34.413705     7.6206     3.6918     23.145    33.4244    26.0917 0.0000e+00
 236.475162     23.631  34.422945     7.6198     3.6375     23.432    33.4350    26.1001 0.0000e+00
 236.475168     23.922  34.437542     7.6180     3.5890     23.721    33.4523    26.1140 0.0000e+00
 236.475174     24.215  34.453922     7.6147     3.5595     24.011    33.4730    26.1308 0.0000e+00
 236.475179     24.512  34.466407     7.6103     3.5411     24.306    33.4906    26.1452 0.0000e+00
 236.475185     24.810  34.473085     7.6054     3.5489     24.601    33.5024    26.1552 0.0000e+00
 236.475191     25.102  34.476058     7.6014     3.5596     24.891    33.5093    26.1612 0.0000e+00
 236.475197     25.385  34.477520     7.5996     3.5542     25.172    33.5125    26.1640 0.0000e+00
 236.475203     25.661  34.478215     7.6008     3.5003     25.445    33.5120    26.1634 0.0000e+00
 236.475208     25.929  34.478424     7.6035     3.4230     25.711    33.5095    26.1610 0.0000e+00
 236.475214     26.194  34.478899     7.6036     3.2677     25.974    33.5098    26.1612 0.0000e+00
 236.475220     26.464  34.479626     7.5993     3.0462     26.241    33.5146    26.1656 0.0000e+00
 236.475226     26.747  34.480371     7.5920     2.7902     26.522    33.5223    26.1727 0.0000e+00
 236.475231     27.050  34.481484     7.5824     2.5054     26.822    33.5326    26.1822 0.0000e+00
 236.475237     27.365  34.482682     7.5695     2.2722     27.135    33.5462    26.1948 0.0000e+00
 236.475243     27.678  34.484915     7.5548     2.1248     27.445    33.5627    26.2098 0.0000e+00
 236.475249     27.979  34.489954     7.5410     2.0535     27.744    33.5813    26.2264 0.0000e+00
 236.475255     28.266  34.497151     7.5296     2.0235     28.028    33.6000    26.2427 0.0000e+00
 236.475260     28.536  34.504257     7.5225     1.9850     28.296    33.6144    26.2551 0.0000e+00
 236.475266     28.784  34.510020     7.5206     1.9152     28.542    33.6224    26.2616 0.0000e+00
 236.475272     29.018  34.514198     7.5224     1.8152     28.774    33.6250    26.2635 0.0000e+00
 236.475278     29.243  34.516678     7.5244     1.7066     28.997    33.6257    26.2637 0.0000e+00
 236.475284     29.462  34.517324     7.5232     1.6483     29.214    33.6274    26.2652 0.0000e+00
 236.475289     29.688  34.517470     7.5181     1.6274     29.438    33.6324    26.2699 0.0000e+00
 236.475295     29.931  34.519465     7.5117     1.6181     29.679    33.6407    26.2773 0.0000e+00
 236.475301     30.185  34.523086     7.5076     1.6044     29.931    33.6485    26.2840 0.0000e+00
 236.475307     30.441  34.526356     7.5067     1.5390     30.185    33.6527    26.2875 0.0000e+00
 236.475313     30.694  34.529067     7.5070     1.4767     30.436    33.6553    26.2894 0.0000e+00
 236.475318     30.946  34.531948     7.5065     1.4172     30.685    33.6587    26.2922 0.0000e+00
 236.475324     31.206  34.533715     7.5042     1.3677     30.943    33.6628    26.2957 0.0000e+00
 236.475330     31.481  34.533841     7.5005     1.3370     31.216    33.6664    26.2991 0.0000e+00
 236.475336     31.772  34.534647     7.4963     1.2876     31.504    33.6712    26.3035 0.0000e+00
 236.475341     32.071  34.537123     7.4931     1.2526     31.801    33.6768    26.3084 0.0000e+00
 236.475347     32.372  34.540003     7.4912     1.2248     32.099    33.6816    26.3124 0.0000e+00
 236.475353     32.667  34.542002     7.4897     1.2273     32.392    33.6851    26.3154 0.0000e+00
 236.475359     32.956  34.543457     7.4882     1.2485     32.678    33.6880    26.3179 0.0000e+00
 236.475365     33.238  34.545102     7.4873     1.2481     32.958    33.6905    26.3200 0.0000e+00
 236.475370     33.514  34.546246     7.4871     1.2305     33.232    33.6918    26.3210 0.0000e+00
 236.475376     33.786  34.546647     7.4872     1.2030     33.501    33.6920    26.3212 0.0000e+00
 236.475382     34.052  34.546754     7.4872     1.1855     33.765    33.6920    26.3212 0.0000e+00
 236.475388     34.318  34.546624     7.4872     1.1968     34.029    33.6918    26.3210 0.0000e+00
 236.475394     34.586  34.546559     7.4873     1.2009     34.294    33.6915    26.3207 0.0000e+00
 236.475399     34.854  34.546945     7.4875     1.2037     34.560    33.6915    26.3208 0.0000e+00
 236.475405     35.116  34.547651     7.4879     1.2078     34.820    33.6918    26.3209 0.0000e+00
 236.475411     35.372  34.548413     7.4886     1.1861     35.074    33.6918    26.3208 0.0000e+00
 236.475417     35.621  34.549042     7.4895     1.1918     35.321    33.6915    26.3205 0.0000e+00
 236.475422     35.861  34.549556     7.4897     1.1975     35.559    33.6918    26.3206 0.0000e+00
 236.475428     36.096  34.550033     7.4892     1.2033     35.792    33.6926    26.3214 0.0000e+00
 236.475434     36.331  34.550314     7.4886     1.2118     36.025    33.6934    26.3221 0.0000e+00
 236.475440     36.574  34.550157     7.4879     1.2032     36.266    33.6938    26.3225 0.0000e+00
 236.475446     36.830  34.549685     7.4875     1.1844     36.519    33.6936    26.3224 0.0000e+00
 236.475451     37.098  34.549356     7.4873     1.1829     36.785    33.6933    26.3222 0.0000e+00
 236.475457     37.372  34.549261     7.4872     1.1973     37.057    33.6931    26.3221 0.0000e+00
 236.475463     37.649  34.549238     7.4869     1.2073     37.331    33.6933    26.3223 0.0000e+00
 236.475469     37.936  34.549226     7.4864     1.2044     37.616    33.6936    26.3226 0.0000e+00
 236.475475     38.233  34.549177     7.4858     1.1842     37.910    33.6940    26.3230 0.0000e+00
 236.475480     38.543  34.548993     7.4855     1.1612     38.218    33.6939    26.3230 0.0000e+00
 236.475486     38.858  34.548956     7.4853     1.1569     38.530    33.6939    26.3230 0.0000e+00
 236.475492     39.166  34.549545     7.4851     1.1713     38.835    33.6946    26.3236 0.0000e+00
 236.475498     39.455  34.550390     7.4850     1.1886     39.122    33.6955    26.3243 0.0000e+00
 236.475503     39.722  34.550908     7.4856     1.1930     39.387    33.6953    26.3241 0.0000e+00
 236.475509     39.972  34.551195     7.4865     1.1757     39.635    33.6947    26.3234 0.0000e+00
 236.475515     40.212  34.551601     7.4869     1.1599     39.873    33.6946    26.3233 0.0000e+00
 236.475521     40.449  34.552077     7.4869     1.1599     40.107    33.6950    26.3237 0.0000e+00
 236.475527     40.688  34.552106     7.4868     1.1715     40.344    33.6950    26.3237 0.0000e+00
 236.475532     40.934  34.551696     7.4864     1.1757     40.588    33.6948    26.3236 0.0000e+00
 236.475538     41.187  34.551389     7.4858     1.1785     40.839    33.6950    26.3238 0.0000e+00
 236.475544     41.452  34.551305     7.4854     1.1482     41.102    33.6951    26.3240 0.0000e+00
 236.475550     41.723  34.551297     7.4847     1.1323     41.371    33.6957    26.3245 0.0000e+00
 236.475556     41.997  34.551324     7.4839     1.1352     41.642    33.6963    26.3252 0.0000e+00
 236.475561     42.270  34.551388     7.4836     1.1338     41.913    33.6966    26.3254 0.0000e+00
 236.475567     42.529  34.551543     7.4836     1.1510     42.170    33.6966    26.3254 0.0000e+00
 236.475573     42.760  34.551960     7.4835     1.1466     42.399    33.6971    26.3258 0.0000e+00
 236.475579     42.957  34.552604     7.4836     1.1365     42.594    33.6976    26.3262 0.0000e+00
 236.475584     43.120  34.553180     7.4843     1.1292     42.756    33.6974    26.3260 0.0000e+00
 236.475590     43.249  34.553864     7.4853     1.1291     42.884    33.6971    26.3256 -9.990e-29
 236.475596     43.350  34.554977     7.4859     1.1377     42.984    33.6977    26.3260 -9.990e-29
 236.475602     43.429  34.556293     7.4862     1.1464     43.062    33.6988    26.3268 -9.990e-29
 236.475608     43.486  34.557297     7.4864     1.1521     43.119    33.6997    26.3274 -9.990e-29
 236.475613     43.520  34.557615     7.4865     1.1419     43.152    33.6999    26.3276 -9.990e-29
 236.475619     43.535  34.557641     7.4872     1.1289     43.167    33.6992    26.3270 -9.990e-29
