data/oxygen options/ONMS/Olympic_Coast_National_Marine_Sanctuary_CTD_Data_2005_2023/raw_data/2011/CAST_CE065_060911faed.cnv
* Sea-Bird SBE19 Data File:
* FileName = C:\Documents and Settings\OCNMS\Desktop\2011 mooring data\first service\CAST_CE065_060911.hex
* Software Version 1.24
* Temperature SN = 2997
* Conductivity SN = 2997
* System UpLoad Time = Jun 09 2011 18:38:16
** CAST_CE065_060911
* SEACAT PROFILER V3.1c SN 2997   06/09/11  18:37:46.639
# nquan = 9                                 
# nvalues = 618                         
# units = specified
# name 0 = timeJ: Julian Days
# name 1 = prSM: Pressure, Strain Gauge [db]
# name 2 = c0mS/cm: Conductivity [mS/cm]
# name 3 = t090C: Temperature [ITS-90, deg C]
# name 4 = sbeox0ML/L: Oxygen, SBE 43 [ml/l]
# name 5 = depSM: Depth [salt water, m], lat = 47.5
# name 6 = sal00: Salinity, Practical [PSU]
# name 7 = sigma-é00: Density [sigma-theta, kg/m^3]
# name 8 = flag: flag
# span 0 = 160.594005, 160.597575       
# span 1 =     -6.086,     64.013       
# span 2 =   1.056484,  35.360093       
# span 3 =     7.6659,    14.9868       
# span 4 =    -1.7228,    15.5576       
# span 5 =     -6.035,     63.469       
# span 6 =     0.6658,    33.6614       
# span 7 =    -0.3022,    26.2717       
# span 8 = 0.0000e+00, 0.0000e+00       
# interval = seconds: 0.5
# start_time = Jun 09 2011 14:15:22 [Instrument's time stamp, header]
# bad_flag = -9.990e-29
*END*
[from data line 321]
 160.595862     63.983  34.693832     7.6762     2.4467     63.439    33.6534    26.2643 -9.990e-29
 160.595868     63.937  34.695037     7.6758     2.4422     63.394    33.6551    26.2657 -9.990e-29
 160.595874     63.870  34.695677     7.6746     2.4393     63.327    33.6570    26.2673 -9.990e-29
 160.595880     63.787  34.696033     7.6726     2.4576     63.245    33.6593    26.2695 -9.990e-29
 160.595885     63.687  34.695451     7.6704     2.4475     63.146    33.6609    26.2710 -9.990e-29
 160.595891     63.569  34.694262     7.6690     2.4605     63.029    33.6610    26.2713 -9.990e-29
 160.595897     63.432  34.693670     7.6685     2.4505     62.893    33.6609    26.2713 0.0000e+00
 160.595903     63.277  34.693432     7.6683     2.4448     62.739    33.6609    26.2713 0.0000e+00
 160.595909     63.107  34.693222     7.6679     2.4579     62.571    33.6612    26.2716 0.0000e+00
 160.595914     62.928  34.693307     7.6679     2.4579     62.393    33.6614    26.2717 0.0000e+00
 160.595920     62.746  34.693233     7.6685     2.4737     62.213    33.6608    26.2712 0.0000e+00
 160.595926     62.570  34.692328     7.6698     2.4840     62.038    33.6586    26.2693 0.0000e+00
 160.595932     62.416  34.690496     7.6718     2.4811     61.886    33.6548    26.2660 -9.990e-29
 160.595937     62.295  34.688647     7.6736     2.4884     61.766    33.6511    26.2628 -9.990e-29
 160.595943     62.212  34.687105     7.6744     2.4826     61.683    33.6487    26.2608 -9.990e-29
 160.595949     62.165  34.684922     7.6746     2.4667     61.637    33.6462    26.2588 -9.990e-29
 160.595955     62.153  34.682537     7.6746     2.4709     61.625    33.6436    26.2568 -9.990e-29
 160.595961     62.170  34.681238     7.6742     2.4580     61.642    33.6426    26.2561 -9.990e-29
 160.595966     62.200  34.680963     7.6732     2.4581     61.672    33.6433    26.2567 -9.990e-29
 160.595972     62.228  34.681333     7.6717     2.4610     61.699    33.6451    26.2584 -9.990e-29
 160.595978     62.255  34.682266     7.6701     2.4380     61.726    33.6477    26.2606 -9.990e-29
 160.595984     62.283  34.683317     7.6691     2.4480     61.754    33.6497    26.2624 -9.990e-29
 160.595990     62.306  34.684194     7.6689     2.4508     61.777    33.6509    26.2633 -9.990e-29
 160.595995     62.316  34.684934     7.6694     2.4566     61.787    33.6512    26.2635 -9.990e-29
 160.596001     62.310  34.685390     7.6704     2.4652     61.781    33.6507    26.2630 -9.990e-29
 160.596007     62.292  34.685600     7.6710     2.4495     61.763    33.6504    26.2626 -9.990e-29
 160.596013     62.268  34.685834     7.6711     2.4467     61.739    33.6505    26.2627 -9.990e-29
 160.596019     62.247  34.685833     7.6710     2.4566     61.718    33.6506    26.2628 -9.990e-29
 160.596024     62.231  34.685023     7.6709     2.4623     61.702    33.6499    26.2622 -9.990e-29
 160.596030     62.219  34.683994     7.6710     2.4781     61.690    33.6487    26.2613 -9.990e-29
 160.596036     62.210  34.683601     7.6715     2.4681     61.681    33.6478    26.2605 -9.990e-29
 160.596042     62.208  34.683310     7.6721     2.4494     61.680    33.6469    26.2597 -9.990e-29
 160.596047     62.221  34.682721     7.6724     2.4536     61.692    33.6459    26.2589 -9.990e-29
 160.596053     62.251  34.682159     7.6722     2.4435     61.722    33.6455    26.2586 -9.990e-29
 160.596059     62.286  34.681981     7.6717     2.4592     61.757    33.6458    26.2589 -9.990e-29
 160.596065     62.315  34.682500     7.6717     2.4648     61.786    33.6463    26.2593 -9.990e-29
 160.596071     62.333  34.683273     7.6720     2.4521     61.803    33.6469    26.2597 -9.990e-29
 160.596076     62.335  34.683639     7.6722     2.4724     61.805    33.6471    26.2599 -9.990e-29
 160.596082     62.331  34.683516     7.6722     2.4622     61.801    33.6469    26.2598 -9.990e-29
 160.596088     62.329  34.683286     7.6726     2.4524     61.799    33.6463    26.2592 -9.990e-29
 160.596094     62.324  34.683194     7.6735     2.4596     61.795    33.6453    26.2583 -9.990e-29
 160.596100     62.312  34.683104     7.6747     2.4540     61.783    33.6441    26.2572 -9.990e-29
 160.596105     62.296  34.683444     7.6760     2.4624     61.767    33.6432    26.2563 -9.990e-29
 160.596111     62.284  34.684097     7.6770     2.4753     61.755    33.6429    26.2559 -9.990e-29
 160.596117     62.279  34.684059     7.6771     2.4624     61.750    33.6428    26.2558 -9.990e-29
 160.596123     62.286  34.683274     7.6760     2.4597     61.757    33.6430    26.2561 -9.990e-29
 160.596128     62.309  34.682192     7.6748     2.4570     61.780    33.6430    26.2563 -9.990e-29
 160.596134     62.345  34.681056     7.6741     2.4442     61.815    33.6424    26.2559 -9.990e-29
 160.596140     62.393  34.680413     7.6733     2.4468     61.863    33.6425    26.2561 -9.990e-29
 160.596146     62.446  34.680531     7.6726     2.4366     61.915    33.6433    26.2568 -9.990e-29
 160.596152     62.491  34.681017     7.6722     2.4365     61.960    33.6442    26.2576 -9.990e-29
 160.596157     62.522  34.681405     7.6722     2.4422     61.991    33.6446    26.2579 -9.990e-29
 160.596163     62.546  34.681660     7.6720     2.4352     62.015    33.6450    26.2583 -9.990e-29
 160.596169     62.572  34.682130     7.6710     2.4380     62.040    33.6465    26.2596 -9.990e-29
 160.596175     62.603  34.682889     7.6694     2.4181     62.071    33.6488    26.2617 -9.990e-29
 160.596181     62.631  34.683838     7.6679     2.4152     62.099    33.6513    26.2638 -9.990e-29
 160.596186     62.650  34.684571     7.6671     2.4209     62.118    33.6529    26.2651 -9.990e-29
 160.596192     62.649  34.684952     7.6673     2.4265     62.117    33.6531    26.2653 -9.990e-29
 160.596198     62.623  34.685495     7.6683     2.4482     62.091    33.6527    26.2648 -9.990e-29
 160.596204     62.587  34.685810     7.6693     2.4308     62.055    33.6521    26.2642 -9.990e-29
 160.596209     62.560  34.685206     7.6698     2.4253     62.028    33.6510    26.2633 -9.990e-29
 160.596215     62.554  34.684009     7.6696     2.4324     62.023    33.6499    26.2624 -9.990e-29
 160.596221     62.568  34.682872     7.6688     2.4251     62.036    33.6494    26.2622 -9.990e-29
 160.596227     62.595  34.682527     7.6681     2.4336     62.063    33.6497    26.2625 -9.990e-29
 160.596233     62.628  34.683082     7.6680     2.4206     62.096    33.6504    26.2631 -9.990e-29
 160.596238     62.656  34.683603     7.6682     2.4048     62.124    33.6507    26.2633 -9.990e-29
 160.596244     62.671  34.683671     7.6682     2.4178     62.139    33.6508    26.2634 -9.990e-29
 160.596250     62.681  34.683385     7.6679     2.4235     62.148    33.6508    26.2634 -9.990e-29
 160.596256     62.688  34.682933     7.6677     2.4322     62.155    33.6505    26.2632 -9.990e-29
 160.596262     62.695  34.682841     7.6675     2.4350     62.162    33.6506    26.2633 -9.990e-29
 160.596267     62.696  34.682994     7.6676     2.4191     62.163    33.6506    26.2633 -9.990e-29
 160.596273     62.684  34.683043     7.6682     2.4364     62.151    33.6501    26.2628 -9.990e-29
 160.596279     62.657  34.683059     7.6688     2.4420     62.125    33.6496    26.2623 -9.990e-29
 160.596285     62.628  34.683072     7.6695     2.4448     62.096    33.6489    26.2617 -9.990e-29
 160.596291     62.606  34.683108     7.6702     2.4450     62.074    33.6483    26.2611 -9.990e-29
 160.596296     62.594  34.682664     7.6705     2.4236     62.062    33.6475    26.2605 -9.990e-29
 160.596302     62.593  34.681717     7.6702     2.4308     62.061    33.6468    26.2599 -9.990e-29
 160.596308     62.598  34.681253     7.6700     2.4540     62.066    33.6465    26.2597 -9.990e-29
 160.596314     62.599  34.681219     7.6701     2.4426     62.067    33.6464    26.2596 -9.990e-29
 160.596319     62.594  34.681018     7.6705     2.4496     62.062    33.6458    26.2591 -9.990e-29
 160.596325     62.586  34.680950     7.6711     2.4309     62.054    33.6451    26.2585 -9.990e-29
 160.596331     62.584  34.680934     7.6718     2.4123     62.052    33.6444    26.2578 -9.990e-29
 160.596337     62.594  34.680397     7.6721     2.4281     62.062    33.6435    26.2571 -9.990e-29
 160.596343     62.628  34.679750     7.6715     2.4079     62.096    33.6434    26.2571 -9.990e-29
 160.596348     62.683  34.679821     7.6704     2.4106     62.150    33.6445    26.2581 -9.990e-29
 160.596354     62.744  34.680711     7.6692     2.4235     62.211    33.6466    26.2599 -9.990e-29
 160.596360     62.803  34.681933     7.6681     2.4162     62.269    33.6490    26.2619 -9.990e-29
 160.596366     62.852  34.682885     7.6675     2.4250     62.318    33.6505    26.2633 -9.990e-29
 160.596372     62.879  34.683164     7.6676     2.4223     62.345    33.6507    26.2634 -9.990e-29
 160.596377     62.884  34.683147     7.6674     2.4095     62.350    33.6509    26.2636 -9.990e-29
 160.596383     62.869  34.683380     7.6669     2.4225     62.335    33.6517    26.2642 -9.990e-29
 160.596389     62.844  34.683621     7.6666     2.4252     62.310    33.6522    26.2647 -9.990e-29
 160.596395     62.810  34.683641     7.6669     2.4280     62.276    33.6520    26.2645 -9.990e-29
 160.596400     62.769  34.683473     7.6679     2.4308     62.236    33.6508    26.2634 -9.990e-29
 160.596406     62.737  34.682904     7.6692     2.4049     62.204    33.6490    26.2618 -9.990e-29
 160.596412     62.733  34.681743     7.6699     2.4092     62.200    33.6471    26.2602 -9.990e-29
 160.596418     62.764  34.680691     7.6694     2.4121     62.231    33.6464    26.2597 -9.990e-29
 160.596424     62.825  34.680596     7.6683     2.4178     62.291    33.6473    26.2606 -9.990e-29
 160.596429     62.893  34.681336     7.6672     2.4265     62.359    33.6492    26.2622 -9.990e-29
 160.596435     62.947  34.682225     7.6668     2.4107     62.412    33.6505    26.2633 -9.990e-29
 160.596441     62.978  34.682773     7.6673     2.4177     62.443    33.6506    26.2633 -9.990e-29
 160.596447     62.984  34.683160     7.6683     2.4205     62.449    33.6500    26.2627 -9.990e-29
 160.596453     62.968  34.683348     7.6692     2.4233     62.433    33.6493    26.2621 -9.990e-29
 160.596458     62.939  34.683038     7.6699     2.4363     62.404    33.6484    26.2612 -9.990e-29
 160.596464     62.904  34.682384     7.6700     2.4134     62.369    33.6476    26.2606 -9.990e-29
 160.596470     62.868  34.681642     7.6696     2.4278     62.334    33.6472    26.2603 -9.990e-29
 160.596476     62.838  34.680954     7.6694     2.4307     62.304    33.6466    26.2599 -9.990e-29
 160.596481     62.817  34.680530     7.6693     2.4308     62.283    33.6463    26.2597 -9.990e-29
 160.596487     62.798  34.680372     7.6695     2.4367     62.264    33.6459    26.2594 -9.990e-29
 160.596493     62.772  34.680279     7.6702     2.4253     62.239    33.6452    26.2587 -9.990e-29
 160.596499     62.741  34.680134     7.6712     2.4252     62.208    33.6441    26.2576 -9.990e-29
 160.596505     62.721  34.679751     7.6718     2.4353     62.188    33.6431    26.2568 -9.990e-29
 160.596510     62.719  34.679189     7.6716     2.4179     62.186    33.6427    26.2565 -9.990e-29
 160.596516     62.735  34.678827     7.6711     2.4123     62.202    33.6428    26.2566 -9.990e-29
 160.596522     62.766  34.678751     7.6705     2.4094     62.233    33.6432    26.2571 -9.990e-29
 160.596528     62.805  34.678867     7.6697     2.3993     62.271    33.6441    26.2579 -9.990e-29
 160.596534     62.850  34.679336     7.6688     2.4181     62.316    33.6455    26.2591 -9.990e-29
 160.596539     62.900  34.680232     7.6678     2.4008     62.366    33.6474    26.2607 -9.990e-29
 160.596545     62.945  34.681075     7.6671     2.3978     62.410    33.6489    26.2621 -9.990e-29
 160.596551     62.975  34.681318     7.6669     2.4107     62.440    33.6494    26.2624 -9.990e-29
 160.596557     62.992  34.681291     7.6670     2.3934     62.457    33.6492    26.2623 -9.990e-29
 160.596563     63.001  34.681527     7.6669     2.4091     62.466    33.6496    26.2626 -9.990e-29
 160.596568     63.004  34.681790     7.6666     2.3990     62.469    33.6502    26.2631 -9.990e-29
 160.596574     63.004  34.681877     7.6665     2.3862     62.469    33.6504    26.2633 -9.990e-29
 160.596580     63.006  34.681914     7.6666     2.4020     62.471    33.6503    26.2632 -9.990e-29
 160.596586     63.009  34.681958     7.6662     2.3920     62.474    33.6507    26.2636 -9.990e-29
 160.596591     63.011  34.682075     7.6659     2.4079     62.476    33.6511    26.2640 -9.990e-29
 160.596597     63.002  34.682429     7.6662     2.4137     62.467    33.6512    26.2640 -9.990e-29
 160.596603     62.981  34.682939     7.6669     2.4007     62.446    33.6511    26.2638 -9.990e-29
 160.596609     62.956  34.683174     7.6675     2.4107     62.421    33.6508    26.2635 -9.990e-29
 160.596615     62.935  34.682896     7.6679     2.4079     62.400    33.6501    26.2629 -9.990e-29
 160.596620     62.924  34.682303     7.6681     2.4006     62.389    33.6493    26.2622 -9.990e-29
 160.596626     62.926  34.681731     7.6679     2.4106     62.391    33.6489    26.2619 -9.990e-29
 160.596632     62.942  34.680988     7.6675     2.3974     62.407    33.6485    26.2616 -9.990e-29
 160.596638     62.974  34.680209     7.6670     2.4076     62.439    33.6481    26.2614 -9.990e-29
 160.596644     63.017  34.680044     7.6666     2.4134     62.482    33.6483    26.2616 -9.990e-29
 160.596649     63.064  34.680281     7.6667     2.4005     62.528    33.6484    26.2617 -9.990e-29
 160.596655     63.099  34.680684     7.6672     2.4105     62.563    33.6483    26.2616 -9.990e-29
 160.596661     63.111  34.681237     7.6673     2.4078     62.575    33.6488    26.2620 -9.990e-29
 160.596667     63.103  34.681564     7.6674     2.4106     62.567    33.6491    26.2622 -9.990e-29
 160.596672     63.080  34.681548     7.6680     2.4235     62.544    33.6485    26.2616 -9.990e-29
 160.596678     63.048  34.681177     7.6690     2.4106     62.512    33.6472    26.2604 -9.990e-29
 160.596684     63.007  34.680525     7.6700     2.4178     62.472    33.6455    26.2590 -9.990e-29
 160.596690     62.972  34.679850     7.6704     2.4179     62.437    33.6444    26.2580 -9.990e-29
 160.596696     62.958  34.679382     7.6704     2.4149     62.423    33.6439    26.2576 -9.990e-29
 160.596701     62.961  34.679067     7.6704     2.4177     62.426    33.6436    26.2574 -9.990e-29
 160.596707     62.966  34.678492     7.6702     2.4020     62.431    33.6431    26.2571 -9.990e-29
 160.596713     62.971  34.678018     7.6696     2.4092     62.436    33.6432    26.2572 -9.990e-29
 160.596719     62.971  34.678141     7.6692     2.4122     62.436    33.6437    26.2577 -9.990e-29
 160.596725     62.962  34.678471     7.6690     2.4050     62.427    33.6443    26.2581 -9.990e-29
 160.596730     62.948  34.678896     7.6689     2.4151     62.413    33.6449    26.2586 -9.990e-29
 160.596736     62.932  34.679432     7.6688     2.4022     62.397    33.6455    26.2591 -9.990e-29
 160.596742     62.914  34.679682     7.6688     2.4020     62.379    33.6458    26.2594 -9.990e-29
 160.596748     62.891  34.679425     7.6691     2.4149     62.357    33.6453    26.2589 -9.990e-29
 160.596753     62.868  34.678888     7.6696     2.4048     62.334    33.6442    26.2580 -9.990e-29
 160.596759     62.850  34.678482     7.6698     2.4075     62.316    33.6436    26.2575 -9.990e-29
 160.596765     62.841  34.678235     7.6696     2.3946     62.307    33.6435    26.2574 -9.990e-29
 160.596771     62.836  34.678386     7.6688     2.3885     62.302    33.6445    26.2583 -9.990e-29
 160.596777     62.823  34.679144     7.6680     2.4042     62.289    33.6460    26.2597 -9.990e-29
