data/oxygen options/ONMS/Olympic_Coast_National_Marine_Sanctuary_CTD_Data_2005_2023/raw_data/2011/CAST_TH015_100511faed.cnv
* Sea-Bird SBE19 Data File:
* FileName = C:\Documents and Settings\OCNMS\Desktop\2011 mooring data\3rd service\CAST_TH015_100511.hex
* Software Version 1.24
* Temperature SN = 2997
* Conductivity SN = 2997
* System UpLoad Time = Oct 05 2011 14:58:33
** CAST_TH015_100511
* SEACAT PROFILER V3.1c SN 2997   10/05/11  14:57:57.303
# nquan = 9                                 
# nvalues = 1098                        
# units = specified
# name 0 = timeJ: Julian Days
# name 1 = prSM: Pressure, Strain Gauge [db]
# name 2 = c0mS/cm: Conductivity [mS/cm]
# name 3 = t090C: Temperature [ITS-90, deg C]
# name 4 = sbeox0ML/L: Oxygen, SBE 43 [ml/l]
# name 5 = depSM: Depth [salt water, m], lat = 47.5
# name 6 = sal00: Salinity, Practical [PSU]
# name 7 = sigma-é00: Density [sigma-theta, kg/m^3]
# name 8 = flag: flag
# span 0 = 278.564387, 278.570735       
# span 1 =     -5.679,     16.678       
# span 2 =   0.171261,  36.750177       
# span 3 =    12.3274,    14.9149       
# span 4 =    -2.0266,    15.6252       
# span 5 =     -5.632,     16.538       
# span 6 =     0.1030,    30.5408       
# span 7 =    -0.7553,    22.8274       
# span 8 = 0.0000e+00, 0.0000e+00       
# interval = seconds: 0.5
# start_time = Oct 05 2011 13:32:43 [Instrument's time stamp, header]
# bad_flag = -9.990e-29
*END*
[from data line 321]
 278.566244     -0.966   0.646875    14.7146    -2.0092     -0.958     0.3972    -0.5483 -9.990e-29
 278.566250     -0.957   0.643147    14.7173    -2.0090     -0.949     0.3948    -0.5505 -9.990e-29
 278.566256     -0.946   0.639591    14.7173    -2.0086     -0.938     0.3925    -0.5523 -9.990e-29
 278.566262     -0.937   0.638109    14.7162    -2.0081     -0.929     0.3916    -0.5528 -9.990e-29
 278.566267     -0.931   0.637831    14.7156    -2.0079     -0.923     0.3914    -0.5529 -9.990e-29
 278.566273     -0.925   0.635616    14.7150    -2.0074     -0.917     0.3900    -0.5539 -9.990e-29
 278.566279     -0.921   0.630171    14.7136    -2.0071     -0.913     0.3866    -0.5563 -9.990e-29
 278.566285     -0.917   0.624200    14.7119    -2.0068     -0.909     0.3828    -0.5590 -9.990e-29
 278.566291     -0.914   0.619708    14.7109    -2.0059     -0.906     0.3800    -0.5611 -9.990e-29
 278.566296     -0.911   0.615687    14.7121    -2.0047     -0.903     0.3774    -0.5632 -9.990e-29
 278.566302     -0.907   0.611204    14.7172    -2.0039     -0.899     0.3745    -0.5662 -9.990e-29
 278.566308     -0.904   0.606371    14.7254    -2.0034     -0.896     0.3714    -0.5699 -9.990e-29
 278.566314     -0.900   0.601386    14.7345    -2.0031     -0.892     0.3681    -0.5737 -9.990e-29
 278.566319     -0.896   0.596797    14.7435    -2.0028     -0.889     0.3652    -0.5774 -9.990e-29
 278.566325     -0.891   0.593682    14.7532    -2.0026     -0.884     0.3631    -0.5804 -9.990e-29
 278.566331     -0.885   0.592317    14.7641    -2.0025     -0.878     0.3621    -0.5828 -9.990e-29
 278.566337     -0.877   0.590880    14.7780    -2.0025     -0.870     0.3611    -0.5857 -9.990e-29
 278.566343     -0.871   0.587454    14.7966    -2.0028     -0.864     0.3588    -0.5902 -9.990e-29
 278.566348     -0.871   0.583560    14.8175    -2.0029     -0.864     0.3561    -0.5954 -9.990e-29
 278.566354     -0.873   0.581757    14.8360    -2.0025     -0.866     0.3548    -0.5992 -9.990e-29
 278.566360     -0.872   0.580746    14.8504    -2.0022     -0.865     0.3541    -0.6019 -9.990e-29
 278.566366     -0.869   0.577516    14.8609    -2.0025     -0.862     0.3520    -0.6051 -9.990e-29
 278.566372     -0.864   0.572743    14.8681    -2.0022     -0.857     0.3489    -0.6086 -9.990e-29
 278.566377     -0.856   0.570028    14.8725    -2.0019     -0.849     0.3471    -0.6106 -9.990e-29
 278.566383     -0.848   0.571286    14.8748    -2.0014     -0.841     0.3479    -0.6104 -9.990e-29
 278.566389     -0.845   0.574315    14.8755    -2.0010     -0.838     0.3498    -0.6090 -9.990e-29
 278.566395     -0.842   0.574295    14.8755    -2.0010     -0.835     0.3498    -0.6090 -9.990e-29
 278.566400     -0.835   0.568982    14.8772    -2.0009     -0.828     0.3464    -0.6119 -9.990e-29
 278.566406     -0.824   0.560704    14.8816    -2.0010     -0.817     0.3412    -0.6166 -9.990e-29
 278.566412     -0.811   0.553371    14.8855    -2.0012     -0.804     0.3366    -0.6208 -9.990e-29
 278.566418     -0.804   0.549386    14.8881    -2.0014     -0.797     0.3340    -0.6231 -9.990e-29
 278.566424     -0.804   0.547862    14.8924    -2.0015     -0.797     0.3330    -0.6245 -9.990e-29
 278.566429     -0.801   0.546764    14.8991    -2.0015     -0.794     0.3323    -0.6261 -9.990e-29
 278.566435     -0.791   0.546291    14.9066    -2.0015     -0.784     0.3319    -0.6275 -9.990e-29
 278.566441     -0.778   0.548577    14.9124    -2.0014     -0.772     0.3333    -0.6273 -9.990e-29
 278.566447     -0.769   0.553899    14.9149    -2.0014     -0.763     0.3366    -0.6251 -9.990e-29
 278.566453     -0.769   0.559387    14.9144    -2.0008     -0.763     0.3401    -0.6224 -9.990e-29
 278.566458     -0.772   0.564052    14.9111    -2.0013     -0.766     0.3431    -0.6196 -9.990e-29
 278.566464     -0.775   0.570790    14.9053    -2.0014     -0.769     0.3473    -0.6154 -9.990e-29
 278.566470     -0.778   0.581939    14.8992    -2.0015     -0.772     0.3544    -0.6090 -9.990e-29
 278.566476     -0.777   0.596308    14.8952    -2.0014     -0.771     0.3635    -0.6014 -9.990e-29
 278.566481     -0.767   0.609799    14.8933    -2.0015     -0.761     0.3720    -0.5945 -9.990e-29
 278.566487     -0.753   0.619911    14.8924    -2.0021     -0.747     0.3784    -0.5894 -9.990e-29
 278.566493     -0.742   0.628496    14.8921    -2.0027     -0.736     0.3838    -0.5851 -9.990e-29
 278.566499     -0.737   0.637220    14.8933    -2.0028     -0.731     0.3893    -0.5811 -9.990e-29
 278.566505     -0.737   0.645540    14.8942    -2.0030     -0.731     0.3946    -0.5771 -9.990e-29
 278.566510     -0.744   0.651999    14.8923    -2.0034     -0.738     0.3987    -0.5737 -9.990e-29
 278.566516     -0.754   0.654683    14.8897    -2.0044     -0.748     0.4004    -0.5719 -9.990e-29
 278.566522     -0.757   0.653476    14.8883    -2.0044     -0.751     0.3997    -0.5723 -9.990e-29
 278.566528     -0.755   0.651201    14.8866    -2.0044     -0.749     0.3982    -0.5732 -9.990e-29
 278.566534     -0.752   0.650361    14.8822    -2.0046     -0.746     0.3978    -0.5729 -9.990e-29
 278.566539     -0.748   0.649286    14.8741    -2.0048     -0.742     0.3972    -0.5721 -9.990e-29
 278.566545     -0.742   0.645434    14.8653    -2.0053     -0.736     0.3948    -0.5726 -9.990e-29
 278.566551     -0.733   0.640867    14.8578    -2.0058     -0.727     0.3920    -0.5737 -9.990e-29
 278.566557     -0.722   0.638910    14.8500    -2.0058     -0.716     0.3908    -0.5734 -9.990e-29
 278.566562     -0.708   0.639724    14.8395    -2.0052     -0.702     0.3914    -0.5714 -9.990e-29
 278.566568     -0.693   0.641627    14.8284    -2.0044     -0.687     0.3928    -0.5687 -9.990e-29
 278.566574     -0.682   0.642726    14.8217    -2.0042     -0.676     0.3935    -0.5671 -9.990e-29
 278.566580     -0.674   0.642273    14.8183    -2.0044     -0.668     0.3933    -0.5668 -9.990e-29
 278.566586     -0.668   0.640771    14.8143    -2.0046     -0.662     0.3923    -0.5669 -9.990e-29
 278.566591     -0.663   0.638435    14.8081    -2.0045     -0.657     0.3909    -0.5670 -9.990e-29
 278.566597     -0.659   0.635473    14.8001    -2.0043     -0.654     0.3891    -0.5672 -9.990e-29
 278.566603     -0.657   0.633474    14.7942    -2.0042     -0.652     0.3879    -0.5673 -9.990e-29
 278.566609     -0.656   0.633650    14.7956    -2.0046     -0.651     0.3880    -0.5674 -9.990e-29
 278.566615     -0.656   0.634019    14.8046    -2.0050     -0.651     0.3882    -0.5687 -9.990e-29
 278.566620     -0.656   0.632307    14.8150    -2.0054     -0.651     0.3870    -0.5711 -9.990e-29
 278.566626     -0.658   0.629553    14.8205    -2.0054     -0.653     0.3852    -0.5734 -9.990e-29
 278.566632     -0.661   0.628178    14.8208    -2.0053     -0.655     0.3843    -0.5741 -9.990e-29
 278.566638     -0.665   0.628563    14.8198    -2.0054     -0.659     0.3846    -0.5737 -9.990e-29
 278.566644     -0.671   0.628456    14.8204    -2.0054     -0.665     0.3845    -0.5739 -9.990e-29
 278.566649     -0.674   0.626608    14.8221    -2.0058     -0.668     0.3833    -0.5750 -9.990e-29
 278.566655     -0.671   0.624430    14.8214    -2.0058     -0.665     0.3819    -0.5760 -9.990e-29
 278.566661     -0.665   0.623450    14.8162    -2.0056     -0.659     0.3814    -0.5757 -9.990e-29
 278.566667     -0.661   0.623470    14.8091    -2.0057     -0.655     0.3814    -0.5745 -9.990e-29
 278.566672     -0.658   0.622855    14.8038    -2.0055     -0.653     0.3811    -0.5740 -9.990e-29
 278.566678     -0.657   0.620786    14.8019    -2.0056     -0.652     0.3798    -0.5747 -9.990e-29
 278.566684     -0.656   0.617827    14.8016    -2.0058     -0.651     0.3779    -0.5761 -9.990e-29
 278.566690     -0.657   0.614463    14.8011    -2.0058     -0.652     0.3758    -0.5777 -9.990e-29
 278.566696     -0.658   0.610639    14.7992    -2.0056     -0.653     0.3734    -0.5793 -9.990e-29
 278.566701     -0.660   0.606794    14.7962    -2.0056     -0.654     0.3710    -0.5807 -9.990e-29
 278.566707     -0.664   0.604447    14.7949    -2.0055     -0.658     0.3695    -0.5816 -9.990e-29
 278.566713     -0.669   0.603792    14.7961    -2.0056     -0.663     0.3691    -0.5822 -9.990e-29
 278.566719     -0.672   0.601741    14.7982    -2.0056     -0.666     0.3678    -0.5835 -9.990e-29
 278.566725     -0.668   0.596115    14.8000    -2.0058     -0.662     0.3642    -0.5865 -9.990e-29
 278.566730     -0.662   0.589380    14.8001    -2.0060     -0.656     0.3600    -0.5898 -9.990e-29
 278.566736     -0.657   0.584737    14.7991    -2.0064     -0.652     0.3570    -0.5919 -9.990e-29
 278.566742     -0.652   0.582640    14.7995    -2.0070     -0.647     0.3557    -0.5930 -9.990e-29
 278.566748     -0.649   0.581401    14.8012    -2.0073     -0.644     0.3549    -0.5939 -9.990e-29
 278.566753     -0.646   0.579371    14.8027    -2.0069     -0.641     0.3536    -0.5951 -9.990e-29
 278.566759     -0.644   0.577164    14.8029    -2.0066     -0.639     0.3522    -0.5962 -9.990e-29
 278.566765     -0.641   0.576823    14.8014    -2.0064     -0.636     0.3520    -0.5962 -9.990e-29
 278.566771     -0.639   0.579002    14.7989    -2.0064     -0.634     0.3534    -0.5947 -9.990e-29
 278.566777     -0.637   0.581622    14.7956    -2.0067     -0.632     0.3551    -0.5929 -9.990e-29
 278.566782     -0.634   0.581534    14.7907    -2.0069     -0.629     0.3551    -0.5922 -9.990e-29
 278.566788     -0.631   0.577514    14.7835    -2.0071     -0.626     0.3526    -0.5930 -9.990e-29
 278.566794     -0.627   0.571399    14.7759    -2.0075     -0.622     0.3488    -0.5948 -9.990e-29
 278.566800     -0.622   0.566112    14.7728    -2.0077     -0.617     0.3455    -0.5969 -9.990e-29
 278.566806     -0.616   0.562909    14.7755    -2.0081     -0.611     0.3435    -0.5989 -9.990e-29
 278.566811     -0.609   0.560843    14.7806    -2.0080     -0.604     0.3421    -0.6007 -9.990e-29
 278.566817     -0.599   0.558266    14.7844    -2.0081     -0.594     0.3405    -0.6026 -9.990e-29
 278.566823     -0.591   0.554511    14.7843    -2.0080     -0.586     0.3381    -0.6044 -9.990e-29
 278.566829     -0.588   0.550110    14.7805    -2.0081     -0.583     0.3354    -0.6060 -9.990e-29
 278.566834     -0.587   0.546394    14.7753    -2.0089     -0.582     0.3331    -0.6070 -9.990e-29
 278.566840     -0.582   0.545053    14.7698    -2.0098     -0.577     0.3323    -0.6068 -9.990e-29
 278.566846     -0.573   0.545959    14.7641    -2.0102     -0.568     0.3329    -0.6054 -9.990e-29
 278.566852     -0.564   0.546448    14.7584    -2.0103     -0.559     0.3333    -0.6043 -9.990e-29
 278.566858     -0.559   0.544402    14.7537    -2.0108     -0.554     0.3320    -0.6046 -9.990e-29
 278.566863     -0.557   0.540971    14.7506    -2.0117     -0.552     0.3299    -0.6058 -9.990e-29
 278.566869     -0.559   0.539330    14.7484    -2.0128     -0.554     0.3289    -0.6062 -9.990e-29
 278.566875     -0.559   0.541169    14.7457    -2.0138     -0.554     0.3300    -0.6049 -9.990e-29
 278.566881     -0.555   0.544511    14.7394    -2.0143     -0.550     0.3322    -0.6023 -9.990e-29
 278.566887     -0.545   0.545510    14.7275    -2.0147     -0.540     0.3329    -0.6000 -9.990e-29
 278.566892     -0.533   0.543281    14.7139    -2.0147     -0.529     0.3316    -0.5990 -9.990e-29
 278.566898     -0.523   0.539838    14.7030    -2.0147     -0.519     0.3295    -0.5990 -9.990e-29
 278.566904     -0.513   0.536128    14.6932    -2.0147     -0.509     0.3273    -0.5993 -9.990e-29
 278.566910     -0.505   0.532188    14.6802    -2.0149     -0.501     0.3249    -0.5992 -9.990e-29
 278.566916     -0.496   0.528854    14.6621    -2.0152     -0.492     0.3229    -0.5980 -9.990e-29
 278.566921     -0.491   0.526664    14.6414    -2.0153     -0.487     0.3217    -0.5959 -9.990e-29
 278.566927     -0.489   0.524361    14.6233    -2.0148     -0.485     0.3204    -0.5943 -9.990e-29
 278.566933     -0.486   0.520536    14.6099    -2.0145     -0.482     0.3181    -0.5941 -9.990e-29
 278.566939     -0.486   0.516180    14.6007    -2.0143     -0.482     0.3154    -0.5948 -9.990e-29
 278.566944     -0.494   0.513790    14.5956    -2.0142     -0.490     0.3140    -0.5952 -9.990e-29
 278.566950     -0.504   0.514611    14.5936    -2.0138     -0.500     0.3145    -0.5945 -9.990e-29
 278.566956     -0.511   0.516969    14.5923    -2.0134     -0.507     0.3160    -0.5931 -9.990e-29
 278.566962     -0.513   0.517366    14.5897    -2.0133     -0.509     0.3163    -0.5925 -9.990e-29
 278.566968     -0.516   0.514670    14.5873    -2.0133     -0.512     0.3146    -0.5935 -9.990e-29
 278.566973     -0.516   0.510825    14.5888    -2.0137     -0.512     0.3122    -0.5956 -9.990e-29
 278.566979     -0.507   0.507347    14.5947    -2.0139     -0.503     0.3099    -0.5982 -9.990e-29
 278.566985     -0.494   0.504584    14.6013    -2.0142     -0.490     0.3081    -0.6006 -9.990e-29
 278.566991     -0.485   0.503281    14.6065    -2.0143     -0.481     0.3073    -0.6020 -9.990e-29
 278.566997     -0.483   0.503916    14.6119    -2.0143     -0.479     0.3076    -0.6025 -9.990e-29
 278.567002     -0.484   0.504568    14.6186    -2.0145     -0.480     0.3080    -0.6032 -9.990e-29
 278.567008     -0.483   0.503338    14.6243    -2.0148     -0.479     0.3072    -0.6047 -9.990e-29
 278.567014     -0.485   0.501356    14.6266    -2.0150     -0.481     0.3059    -0.6060 -9.990e-29
 278.567020     -0.491   0.500409    14.6256    -2.0150     -0.487     0.3053    -0.6063 -9.990e-29
 278.567025     -0.491   0.500344    14.6224    -2.0149     -0.487     0.3053    -0.6058 -9.990e-29
 278.567031     -0.481   0.499411    14.6183    -2.0154     -0.477     0.3048    -0.6057 -9.990e-29
 278.567037     -0.465   0.496924    14.6142    -2.0161     -0.461     0.3032    -0.6063 -9.990e-29
 278.567043     -0.451   0.493997    14.6108    -2.0167     -0.447     0.3014    -0.6072 -9.990e-29
 278.567049     -0.442   0.491709    14.6079    -2.0172     -0.438     0.3000    -0.6078 -9.990e-29
 278.567054     -0.438   0.490333    14.6037    -2.0171     -0.434     0.2992    -0.6079 -9.990e-29
 278.567060     -0.438   0.489694    14.5981    -2.0169     -0.434     0.2988    -0.6073 -9.990e-29
 278.567066     -0.442   0.490049    14.5930    -2.0168     -0.438     0.2991    -0.6064 -9.990e-29
 278.567072     -0.446   0.491872    14.5900    -2.0169     -0.442     0.3002    -0.6050 -9.990e-29
 278.567078     -0.443   0.494274    14.5866    -2.0170     -0.439     0.3018    -0.6033 -9.990e-29
 278.567083     -0.431   0.494922    14.5787    -2.0172     -0.427     0.3022    -0.6018 -9.990e-29
 278.567089     -0.418   0.493019    14.5671    -2.0172     -0.415     0.3011    -0.6010 -9.990e-29
 278.567095     -0.409   0.490457    14.5559    -2.0171     -0.406     0.2996    -0.6005 -9.990e-29
 278.567101     -0.402   0.488805    14.5488    -2.0170     -0.399     0.2986    -0.6003 -9.990e-29
 278.567106     -0.397   0.487522    14.5469    -2.0171     -0.394     0.2978    -0.6006 -9.990e-29
 278.567112     -0.394   0.486005    14.5480    -2.0170     -0.391     0.2968    -0.6015 -9.990e-29
 278.567118     -0.392   0.484445    14.5490    -2.0168     -0.389     0.2958    -0.6024 -9.990e-29
 278.567124     -0.391   0.482425    14.5488    -2.0167     -0.388     0.2946    -0.6034 -9.990e-29
 278.567130     -0.392   0.479466    14.5474    -2.0161     -0.389     0.2927    -0.6046 -9.990e-29
 278.567135     -0.394   0.476054    14.5458    -2.0156     -0.391     0.2906    -0.6060 -9.990e-29
 278.567141     -0.397   0.473176    14.5452    -2.0150     -0.394     0.2888    -0.6073 -9.990e-29
 278.567147     -0.403   0.471424    14.5455    -2.0145     -0.400     0.2877    -0.6082 -9.990e-29
 278.567153     -0.410   0.470679    14.5464    -2.0138     -0.407     0.2872    -0.6087 -9.990e-29
 278.567159     -0.415   0.470502    14.5482    -2.0131     -0.412     0.2871    -0.6091 -9.990e-29
