data/oxygen options/ONMS/Olympic_Coast_National_Marine_Sanctuary_CTD_Data_2005_2023/raw_data/2011/CAST_CA065_061011faed.cnv
* Sea-Bird SBE19 Data File:
* FileName = C:\Documents and Settings\OCNMS\Desktop\2011 mooring data\first service\CAST_CA065_061011.hex
* Software Version 1.24
* Temperature SN = 2997
* Conductivity SN = 2997
* System UpLoad Time = Jun 10 2011 14:03:05
** CAST_CA065_061011
* SEACAT PROFILER V3.1c SN 2997   06/10/11  14:02:03.761
# nquan = 9                                 
# nvalues = 788                         
# units = specified
# name 0 = timeJ: Julian Days
# name 1 = prSM: Pressure, Strain Gauge [db]
# name 2 = c0mS/cm: Conductivity [mS/cm]
# name 3 = t090C: Temperature [ITS-90, deg C]
# name 4 = sbeox0ML/L: Oxygen, SBE 43 [ml/l]
# name 5 = depSM: Depth [salt water, m], lat = 47.5
# name 6 = sal00: Salinity, Practical [PSU]
# name 7 = sigma-é00: Density [sigma-theta, kg/m^3]
# name 8 = flag: flag
# span 0 = 161.443819, 161.448374       
# span 1 =     -5.711,     65.654       
# span 2 =   0.005799,  35.616760       
# span 3 =     7.5418,    13.5136       
# span 4 =   -17.1609,    21.0320       
# span 5 =     -5.663,     65.096       
# span 6 =     0.0089,    33.6923       
# span 7 =    -0.6810,    26.3140       
# span 8 = 0.0000e+00, 0.0000e+00       
# interval = seconds: 0.5
# start_time = Jun 10 2011 10:39:06 [Instrument's time stamp, header]
# bad_flag = -9.990e-29
*END*
 161.443819     -5.711 -9.990e-29    13.5016    -2.0637     -5.663 -9.990e-29 -9.990e-29 -9.990e-29
 161.443825     -5.696   0.005799    13.5070    -2.0641     -5.649     0.0089    -0.6801 -9.990e-29
 161.443831     -5.678   0.005800    13.5117    -2.0641     -5.631     0.0089    -0.6808 -9.990e-29
 161.443837     -5.654   0.005801    13.5136    -2.0641     -5.607     0.0089    -0.6810 -9.990e-29
 161.443843     -5.623   0.005804    13.5133    -2.0645     -5.576     0.0089    -0.6810 -9.990e-29
 161.443848     -5.587   0.005813    13.5121    -2.0644     -5.540     0.0089    -0.6808 -9.990e-29
 161.443854     -5.553   0.005841    13.5103    -2.0641     -5.507     0.0089    -0.6806 -9.990e-29
 161.443860     -5.523   0.005924    13.5087    -1.9195     -5.477     0.0090    -0.6803 -9.990e-29
 161.443866     -5.491   0.006173    13.5072    -1.7300     -5.445     0.0091    -0.6800 -9.990e-29
 161.443872     -5.450   0.006920    13.5044    -1.7415     -5.405     0.0094    -0.6794 -9.990e-29
 161.443877     -5.402   0.009158    13.5009    -1.7439     -5.357     0.0105    -0.6781 -9.990e-29
 161.443883     -5.348   0.015871    13.4981    -1.7456     -5.303     0.0139    -0.6750 -9.990e-29
 161.443889     -5.289   0.036011    13.4943    -1.7436     -5.245     0.0249    -0.6659 -9.990e-29
 161.443895     -5.226   0.096430    13.4877    -1.7443     -5.182     0.0601    -0.6376 -9.990e-29
 161.443900     -5.155   0.277687    13.4742    -1.7478     -5.112     0.1718    -0.5488 -9.990e-29
 161.443906     -5.075   0.821457    13.4347    -1.7462     -5.033     0.5256    -0.2683 -9.990e-29
 161.443912     -4.985   2.452767    13.3108    -1.7451     -4.943     1.6602     0.6281 -9.990e-29
 161.443918     -4.881   7.346694    13.0666    -1.7471     -4.840     5.3697     3.5274 -9.990e-29
 161.443924     -4.763  16.931235    12.7988    -1.7486     -4.723    13.3180     9.6909 -9.990e-29
 161.443929     -4.651  27.068947    12.6311    -1.7449     -4.612    22.3384    16.6719 -9.990e-29
 161.443935     -4.557  32.706865    12.5609    -1.7453     -4.519    27.5718    20.7271 -9.990e-29
 161.443941     -4.477  34.576696    12.5271    -1.7449     -4.440    29.3492    22.1083 -9.990e-29
 161.443947     -4.401  35.194694    12.5038    -1.7454     -4.364    29.9502    22.5778 -9.990e-29
 161.443953     -4.324  35.427626    12.4919    -1.7445     -4.288    30.1797    22.7578 -9.990e-29
 161.443958     -4.246  35.486035    12.4888    -1.7451     -4.211    30.2374    22.8030 -9.990e-29
 161.443964     -4.175  35.458086    12.4846    -1.7463     -4.140    30.2144    22.7859 -9.990e-29
 161.443970     -4.117  35.460161    12.4776    -1.7464     -4.083    30.2219    22.7931 -9.990e-29
 161.443976     -4.076  35.473959    12.4735    -1.7454     -4.042    30.2383    22.8065 -9.990e-29
 161.443981     -4.043  35.446966    12.4732    -1.7458     -4.009    30.2129    22.7869 -9.990e-29
 161.443987     -4.007  35.449798    12.4738    -1.7456     -3.974    30.2151    22.7885 -9.990e-29
 161.443993     -3.963  35.517801    12.4738    -1.7454     -3.930    30.2795    22.8383 -9.990e-29
 161.443999     -3.911  35.575541    12.4747    -1.7457     -3.878    30.3334    22.8799 -9.990e-29
 161.444005     -3.862  35.598300    12.4781    -1.7460     -3.830    30.3521    22.8938 -9.990e-29
 161.444010     -3.825  35.609354    12.4814    -1.7462     -3.793    30.3599    22.8992 -9.990e-29
 161.444016     -3.802  35.604055    12.4806    -1.7461     -3.770    30.3556    22.8960 -9.990e-29
 161.444022     -3.786  35.568268    12.4768    -1.7462     -3.754    30.3247    22.8728 -9.990e-29
 161.444028     -3.770  35.526728    12.4739    -1.7460     -3.739    30.2878    22.8447 -9.990e-29
 161.444034     -3.743  35.522253    12.4731    -1.7462     -3.712    30.2842    22.8421 -9.990e-29
 161.444039     -3.698  35.542368    12.4732    -1.7459     -3.667    30.3031    22.8568 -9.990e-29
 161.444045     -3.643  35.555310    12.4739    -1.7458     -3.613    30.3148    22.8657 -9.990e-29
 161.444051     -3.589  35.563426    12.4747    -1.7460     -3.559    30.3218    22.8709 -9.990e-29
 161.444057     -3.548  35.565426    12.4742    -1.7458     -3.518    30.3241    22.8728 -9.990e-29
 161.444063     -3.520  35.552990    12.4722    -1.7460     -3.491    30.3139    22.8653 -9.990e-29
 161.444068     -3.499  35.536065    12.4696    -1.7458     -3.470    30.3000    22.8550 -9.990e-29
 161.444074     -3.472  35.526455    12.4674    -1.7459     -3.443    30.2926    22.8497 -9.990e-29
 161.444080     -3.427  35.527234    12.4671    -1.7458     -3.398    30.2936    22.8505 -9.990e-29
 161.444086     -3.375  35.535734    12.4684    -1.7468     -3.347    30.3006    22.8557 -9.990e-29
 161.444091     -3.335  35.543340    12.4697    -1.7455     -3.307    30.3067    22.8602 -9.990e-29
 161.444097     -3.311  35.546963    12.4705    -1.7456     -3.283    30.3095    22.8622 -9.990e-29
 161.444103     -3.299  35.551087    12.4703    -1.7456     -3.271    30.3135    22.8654 -9.990e-29
 161.444109     -3.284  35.551343    12.4687    -1.7458     -3.257    30.3151    22.8669 -9.990e-29
 161.444115     -3.253  35.549402    12.4662    -1.7455     -3.226    30.3152    22.8675 -9.990e-29
 161.444120     -3.204  35.554087    12.4639    -1.7456     -3.177    30.3215    22.8728 -9.990e-29
 161.444126     -3.151  35.564577    12.4628    -1.7456     -3.125    30.3323    22.8813 -9.990e-29
 161.444132     -3.116  35.576030    12.4632    -1.7457     -3.090    30.3428    22.8894 -9.990e-29
 161.444138     -3.110  35.580408    12.4641    -1.7457     -3.084    30.3462    22.8919 -9.990e-29
 161.444144     -3.120  35.568084    12.4641    -1.7459     -3.094    30.3346    22.8828 -9.990e-29
 161.444149     -3.120  35.557552    12.4626    -1.7457     -3.094    30.3258    22.8763 -9.990e-29
 161.444155     -3.097  35.572498    12.4603    -1.7458     -3.071    30.3418    22.8891 -9.990e-29
 161.444161     -3.064  35.594427    12.4588    -1.7457     -3.038    30.3638    22.9064 -9.990e-29
 161.444167     -3.040  35.606874    12.4592    -1.7458     -3.015    30.3752    22.9152 -9.990e-29
 161.444172     -3.026  35.613767    12.4605    -1.7457     -3.001    30.3807    22.9192 -9.990e-29
 161.444178     -3.014  35.615548    12.4611    -1.7458     -2.989    30.3819    22.9200 -9.990e-29
 161.444184     -2.994  35.612006    12.4604    -1.7458     -2.969    30.3791    22.9180 -9.990e-29
 161.444190     -2.962  35.607030    12.4584    -1.7459     -2.937    30.3760    22.9160 -9.990e-29
 161.444196     -2.922  35.606513    12.4567    -1.7459     -2.898    30.3768    22.9170 -9.990e-29
 161.444201     -2.891  35.609977    12.4564    -1.7460     -2.867    30.3804    22.9197 -9.990e-29
 161.444207     -2.874  35.612734    12.4568    -1.7461     -2.850    30.3826    22.9214 -9.990e-29
 161.444213     -2.862  35.611951    12.4575    -1.7461     -2.838    30.3813    22.9203 -9.990e-29
 161.444219     -2.841  35.608475    12.4571    -1.7461     -2.817    30.3783    22.9181 -9.990e-29
 161.444225     -2.810  35.606842    12.4554    -1.7463     -2.787    30.3782    22.9182 -9.990e-29
 161.444230     -2.776  35.610126    12.4543    -1.7463     -2.753    30.3821    22.9215 -9.990e-29
 161.444236     -2.744  35.615080    12.4540    -1.7461     -2.721    30.3871    22.9254 -9.990e-29
 161.444242     -2.722  35.616760    12.4543    -1.7459     -2.699    30.3884    22.9264 -9.990e-29
 161.444248     -2.708  35.614259    12.4547    -1.7459     -2.685    30.3857    22.9242 -9.990e-29
 161.444253     -2.693  35.608371    12.4534    -1.7459     -2.671    30.3812    22.9209 -9.990e-29
 161.444259     -2.671  35.601536    12.4504    -1.7459     -2.649    30.3771    22.9184 -9.990e-29
 161.444265     -2.645  35.598852    12.4478    -1.7458     -2.623    30.3767    22.9185 -9.990e-29
 161.444271     -2.623  35.601429    12.4463    -1.7458     -2.601    30.3803    22.9216 -9.990e-29
 161.444277     -2.607  35.603955    12.4458    -1.7458     -2.585    30.3831    22.9239 -9.990e-29
 161.444282     -2.591  35.602171    12.4471    -1.7458     -2.569    30.3804    22.9215 -9.990e-29
 161.444288     -2.572  35.597829    12.4499    -1.7458     -2.551    30.3740    22.9160 -9.990e-29
 161.444294     -2.550  35.596546    12.4528    -1.7457     -2.529    30.3704    22.9127 -9.990e-29
 161.444300     -2.530  35.600183    12.4550    -1.7459     -2.509    30.3721    22.9136 -9.990e-29
 161.444306     -2.511  35.604284    12.4563    -1.7461     -2.490    30.3749    22.9155 -9.990e-29
 161.444311     -2.490  35.605011    12.4571    -1.7460     -2.469    30.3749    22.9154 -9.990e-29
 161.444317     -2.467  35.603545    12.4580    -1.7461     -2.446    30.3728    22.9136 -9.990e-29
 161.444323     -2.440  35.603742    12.4591    -1.7461     -2.420    30.3721    22.9128 -9.990e-29
 161.444329     -2.408  35.606075    12.4601    -1.7459     -2.388    30.3735    22.9137 -9.990e-29
 161.444334     -2.373  35.607709    12.4606    -1.7460     -2.353    30.3746    22.9145 -9.990e-29
 161.444340     -2.340  35.608234    12.4606    15.7205     -2.320    30.3751    22.9149 -9.990e-29
 161.444346     -2.313  35.609121    12.4595    20.8114     -2.294    30.3768    22.9164 -9.990e-29
 161.444352     -2.289  35.610086    12.4569    21.0320     -2.270    30.3798    22.9192 -9.990e-29
 161.444358     -2.267  35.609826    12.4539    16.7999     -2.248    30.3820    22.9215 -9.990e-29
 161.444363     -2.246  35.608766    12.4521     8.1115     -2.227    30.3824    22.9222 -9.990e-29
 161.444369     -2.224  35.609063    12.4521     8.1694     -2.205    30.3827    22.9224 -9.990e-29
 161.444375     -2.204  35.610206    12.4534     8.4617     -2.186    30.3827    22.9222 -9.990e-29
 161.444381     -2.193  35.610010    12.4548     8.5782     -2.175    30.3814    22.9209 -9.990e-29
 161.444387     -2.191  35.608423    12.4557     8.6012     -2.173    30.3792    22.9190 -9.990e-29
 161.444392     -2.189  35.605223    12.4566     8.5821     -2.171    30.3754    22.9159 -9.990e-29
 161.444398     -2.183  35.599714    12.4573     8.5464     -2.165    30.3696    22.9113 -9.990e-29
 161.444404     -2.172  35.592600    12.4574     8.5161     -2.154    30.3628    22.9060 -9.990e-29
 161.444410     -2.156  35.586361    12.4572     8.4757     -2.138    30.3571    22.9016 -9.990e-29
 161.444416     -2.137  35.582969    12.4568     8.4619     -2.119    30.3542    22.8994 -9.990e-29
 161.444421     -2.124  35.580910    12.4562     8.4464     -2.106    30.3527    22.8984 -9.990e-29
 161.444427     -2.115  35.578209    12.4549     8.4353     -2.097    30.3512    22.8974 -9.990e-29
 161.444433     -2.101  35.574276    12.4526     8.4098     -2.083    30.3493    22.8964 -9.990e-29
 161.444439     -2.081  35.570236    12.4505     8.3931     -2.064    30.3472    22.8952 -9.990e-29
 161.444444     -2.063  35.568191    12.4490     8.3918     -2.046    30.3464    22.8949 -9.990e-29
 161.444450     -2.050  35.566745    12.4476     8.3931     -2.033    30.3462    22.8949 -9.990e-29
 161.444456     -2.036  35.564180    12.4461     8.4027     -2.019    30.3450    22.8943 -9.990e-29
 161.444462     -2.017  35.561765    12.4447     8.4003     -2.000    30.3438    22.8936 -9.990e-29
 161.444468     -1.995  35.559850    12.4439     8.4140     -1.978    30.3426    22.8929 -9.990e-29
 161.444473     -1.974  35.557773    12.4438     8.4117     -1.958    30.3407    22.8914 -9.990e-29
 161.444479     -1.952  35.555774    12.4441     8.4055     -1.936    30.3386    22.8897 -9.990e-29
 161.444485     -1.932  35.554197    12.4444     8.4077     -1.916    30.3368    22.8883 -9.990e-29
 161.444491     -1.917  35.552828    12.4449     8.3936     -1.901    30.3351    22.8869 -9.990e-29
 161.444497     -1.907  35.551735    12.4462     8.3697     -1.891    30.3330    22.8850 -9.990e-29
 161.444502     -1.899  35.551350    12.4482     8.3816     -1.883    30.3311    22.8831 -9.990e-29
 161.444508     -1.890  35.551372    12.4499     8.3798     -1.874    30.3297    22.8818 -9.990e-29
 161.444514     -1.875  35.551479    12.4512     8.3754     -1.859    30.3288    22.8808 -9.990e-29
 161.444520     -1.857  35.552026    12.4522     8.3830     -1.842    30.3285    22.8804 -9.990e-29
 161.444525     -1.844  35.552836    12.4523     8.3810     -1.829    30.3291    22.8809 -9.990e-29
 161.444531     -1.838  35.552959    12.4512     8.3771     -1.823    30.3301    22.8819 -9.990e-29
 161.444537     -1.836  35.552210    12.4500     8.3853     -1.821    30.3304    22.8823 -9.990e-29
 161.444543     -1.828  35.551262    12.4509     8.3893     -1.813    30.3288    22.8808 -9.990e-29
 161.444549     -1.810  35.550639    12.4542     8.4133     -1.795    30.3255    22.8777 -9.990e-29
 161.444554     -1.785  35.551090    12.4571     8.4136     -1.770    30.3236    22.8757 -9.990e-29
 161.444560     -1.760  35.552176    12.4585     8.3967     -1.745    30.3235    22.8753 -9.990e-29
 161.444566     -1.742  35.552403    12.4595     8.3762     -1.727    30.3229    22.8747 -9.990e-29
 161.444572     -1.734  35.552098    12.4602     8.3560     -1.720    30.3220    22.8739 -9.990e-29
 161.444578     -1.727  35.551995    12.4606     8.3683     -1.713    30.3216    22.8735 -9.990e-29
 161.444583     -1.708  35.551984    12.4613     8.3845     -1.694    30.3210    22.8729 -9.990e-29
 161.444589     -1.675  35.552075    12.4621     8.4009     -1.661    30.3205    22.8723 -9.990e-29
 161.444595     -1.639  35.552413    12.4630     8.4050     -1.625    30.3200    22.8718 -9.990e-29
 161.444601     -1.611  35.552912    12.4640     8.3908     -1.598    30.3197    22.8714 -9.990e-29
 161.444606     -1.593  35.553142    12.4647     8.3904     -1.580    30.3193    22.8710 -9.990e-29
 161.444612     -1.584  35.552875    12.4652     8.3884     -1.571    30.3187    22.8704 -9.990e-29
 161.444618     -1.580  35.552339    12.4654     8.3824     -1.567    30.3180    22.8698 -9.990e-29
 161.444624     -1.571  35.551961    12.4654     8.3826     -1.558    30.3176    22.8695 -9.990e-29
 161.444630     -1.553  35.551823    12.4658     8.3869     -1.540    30.3172    22.8691 -9.990e-29
 161.444635     -1.529  35.551765    12.4664     8.3992     -1.516    30.3166    22.8686 -9.990e-29
 161.444641     -1.505  35.551734    12.4667     8.4051     -1.492    30.3164    22.8683 -9.990e-29
 161.444647     -1.485  35.551710    12.4668     8.3862     -1.473    30.3162    22.8682 -9.990e-29
 161.444653     -1.468  35.551687    12.4669     8.3679     -1.456    30.3161    22.8681 -9.990e-29
 161.444659     -1.451  35.551657    12.4673     8.3784     -1.439    30.3158    22.8677 -9.990e-29
 161.444664     -1.435  35.551607    12.4676     8.3955     -1.423    30.3155    22.8674 -9.990e-29
 161.444670     -1.417  35.551492    12.4676     8.4081     -1.405    30.3154    22.8674 -9.990e-29
 161.444676     -1.398  35.551184    12.4672     8.4084     -1.386    30.3154    22.8675 -9.990e-29
 161.444682     -1.380  35.550855    12.4667     8.3983     -1.368    30.3155    22.8676 -9.990e-29
 161.444687     -1.370  35.550652    12.4664     8.3938     -1.359    30.3155    22.8677 -9.990e-29
 161.444693     -1.372  35.550328    12.4668     8.3938     -1.361    30.3149    22.8671 -9.990e-29
 161.444699     -1.382  35.550034    12.4676     8.4103     -1.370    30.3140    22.8663 -9.990e-29
 161.444705     -1.388  35.549963    12.4680     8.4225     -1.376    30.3136    22.8659 -9.990e-29
 161.444711     -1.382  35.549483    12.4667     8.4162     -1.370    30.3142    22.8666 -9.990e-29
 161.444716     -1.367  35.547979    12.4645     8.4094     -1.356    30.3145    22.8673 -9.990e-29
 161.444722     -1.351  35.546271    12.4626     8.4072     -1.340    30.3144    22.8676 -9.990e-29
 161.444728     -1.341  35.544903    12.4611     8.3991     -1.330    30.3143    22.8678 -9.990e-29
 161.444734     -1.338  35.543191    12.4605     8.4092     -1.327    30.3132    22.8670 -9.990e-29
 161.444740     -1.331  35.541116    12.4610     8.4254     -1.320    30.3108    22.8651 -9.990e-29
