data/oxygen options/ONMS/Olympic_Coast_National_Marine_Sanctuary_CTD_Data_2005_2023/raw_data/2011/CAST_MB042_082611faed.cnv
* Sea-Bird SBE19 Data File:
* FileName = C:\Documents and Settings\OCNMS\Desktop\2011 mooring data\3rd service\CAST_MB042_082611.hex
* Software Version 1.24
* Temperature SN = 2997
* Conductivity SN = 2997
* System UpLoad Time = Aug 26 2011 14:28:26
** CAST_MB042_082611
* SEACAT PROFILER V3.1c SN 2997   08/26/11  14:28:03.040
# nquan = 9                                 
# nvalues = 1755                        
# units = specified
# name 0 = timeJ: Julian Days
# name 1 = prSM: Pressure, Strain Gauge [db]
# name 2 = c0mS/cm: Conductivity [mS/cm]
# name 3 = t090C: Temperature [ITS-90, deg C]
# name 4 = sbeox0ML/L: Oxygen, SBE 43 [ml/l]
# name 5 = depSM: Depth [salt water, m], lat = 47.5
# name 6 = sal00: Salinity, Practical [PSU]
# name 7 = sigma-é00: Density [sigma-theta, kg/m^3]
# name 8 = flag: flag
# span 0 = 238.447801, 238.457951       
# span 1 =     -5.752,     43.698       
# span 2 =   0.003888,  37.702429       
# span 3 =     7.5248,    14.2094       
# span 4 =    -2.0632,    19.0437       
# span 5 =     -5.704,     43.329       
# span 6 =     0.0083,    33.6958       
# span 7 =    -0.7748,    26.3188       
# span 8 = 0.0000e+00, 0.0000e+00       
# interval = seconds: 0.5
# start_time = Aug 26 2011 10:44:50 [Instrument's time stamp, header]
# bad_flag = -9.990e-29
*END*
[from data line 1121]
 238.454288      1.536  36.764176    11.6052     6.8683      1.523    32.2008    24.4884 -9.990e-29
 238.454294      1.543  36.748107    11.5785     6.9413      1.530    32.2083    24.4991 -9.990e-29
 238.454300      1.551  36.735745    11.5582     7.0019      1.538    32.2139    24.5071 -9.990e-29
 238.454306      1.558  36.729112    11.5586     7.0357      1.545    32.2071    24.5017 -9.990e-29
 238.454311      1.555  36.736187    11.5843     7.0241      1.542    32.1916    24.4851 -9.990e-29
 238.454317      1.541  36.758586    11.6244     6.9669      1.528    32.1786    24.4677 -9.990e-29
 238.454323      1.524  36.787565    11.6583     6.9261      1.511    32.1774    24.4606 -9.990e-29
 238.454329      1.513  36.810843    11.6716     6.9227      1.500    32.1885    24.4668 -9.990e-29
 238.454334      1.514  36.819181    11.6688     6.9351      1.501    32.1991    24.4755 -9.990e-29
 238.454340      1.527  36.815333    11.6607     6.9706      1.514    32.2024    24.4795 -9.990e-29
 238.454346      1.541  36.801476    11.6508     7.0052      1.528    32.1975    24.4775 -9.990e-29
 238.454352      1.549  36.784920    11.6416     7.0201      1.536    32.1893    24.4729 -9.990e-29
 238.454358      1.550  36.781134    11.6344     7.0265      1.537    32.1919    24.4762 -9.990e-29
 238.454363      1.544  36.788457    11.6310     7.0363      1.531    32.2020    24.4846 -9.990e-29
 238.454369      1.536  36.797082    11.6365     7.0403      1.523    32.2056    24.4864 -9.990e-29
 238.454375      1.529  36.811256    11.6493     7.0334      1.516    32.2083    24.4862 -9.990e-29
 238.454381      1.528  36.827508    11.6606     6.9947      1.515    32.2143    24.4888 -9.990e-29
 238.454387      1.535  36.830581    11.6658     6.9359      1.522    32.2128    24.4867 -9.990e-29
 238.454392      1.548  36.825724    11.6678     6.8934      1.535    32.2063    24.4813 -9.990e-29
 238.454398      1.559  36.825531    11.6684     6.8928      1.546    32.2056    24.4806 -9.990e-29
 238.454404      1.564  36.826417    11.6642     6.9128      1.551    32.2101    24.4849 -9.990e-29
 238.454410      1.568  36.819512    11.6483     6.9367      1.555    32.2172    24.4933 -9.990e-29
 238.454416      1.575  36.798997    11.6225     6.9541      1.562    32.2196    24.4999 -9.990e-29
 238.454421      1.586  36.777865    11.6020     6.9575      1.573    32.2169    24.5015 -9.990e-29
 238.454427      1.597  36.776683    11.5978     6.9586      1.584    32.2194    24.5042 -9.990e-29
 238.454433      1.600  36.788297    11.6064     6.9592      1.587    32.2232    24.5056 -9.990e-29
 238.454439      1.596  36.797418    11.6178     6.9466      1.583    32.2222    24.5027 -9.990e-29
 238.454444      1.592  36.801678    11.6259     6.8744      1.579    32.2193    24.4990 -9.990e-29
 238.454450      1.590  36.802870    11.6317     6.8070      1.577    32.2154    24.4949 -9.990e-29
 238.454456      1.583  36.803735    11.6368     6.7495      1.570    32.2118    24.4912 -9.990e-29
 238.454462      1.576  36.804338    11.6363     6.7456      1.563    32.2128    24.4921 -9.990e-29
 238.454468      1.573  36.798232    11.6253     6.7893      1.560    32.2164    24.4969 -9.990e-29
 238.454473      1.574  36.778427    11.6087     6.8464      1.561    32.2116    24.4961 -9.990e-29
 238.454479      1.578  36.752701    11.5941     6.9221      1.565    32.1992    24.4892 -9.990e-29
 238.454485      1.586  36.736615    11.5814     7.0038      1.573    32.1946    24.4879 -9.990e-29
 238.454491      1.599  36.731704    11.5721     7.0545      1.586    32.1979    24.4921 -9.990e-29
 238.454497      1.612  36.732567    11.5799     7.0508      1.599    32.1919    24.4861 -9.990e-29
 238.454502      1.619  36.743741    11.6142     7.0250      1.605    32.1730    24.4652 -9.990e-29
 238.454508      1.619  36.772310    11.6598     6.9911      1.605    32.1613    24.4478 -9.990e-29
 238.454514      1.622  36.806560    11.6893     6.9660      1.608    32.1690    24.4484 -9.990e-29
 238.454520      1.632  36.822203    11.6881     6.9044      1.618    32.1852    24.4612 -9.990e-29
 238.454525      1.648  36.810459    11.6705     6.8343      1.634    32.1891    24.4674 -9.990e-29
 238.454531      1.674  36.790981    11.6679     6.8284      1.660    32.1724    24.4549 -9.990e-29
 238.454537      1.709  36.792700    11.6762     6.9165      1.695    32.1668    24.4491 -9.990e-29
 238.454543      1.756  36.805610    11.6638     7.0167      1.741    32.1901    24.4694 -9.990e-29
 238.454549      1.819  36.798239    11.6269     7.0123      1.804    32.2150    24.4955 -9.990e-29
 238.454554      1.897  36.770873    11.5896     6.9161      1.881    32.2207    24.5067 -9.990e-29
 238.454560      1.986  36.745844    11.5807     6.6027      1.969    32.2040    24.4953 -9.990e-29
 238.454566      2.083  36.746915    11.6050     6.2086      2.066    32.1839    24.4753 -9.990e-29
 238.454572      2.191  36.776652    11.6362     5.8432      2.173    32.1857    24.4711 -9.990e-29
 238.454578      2.321  36.808096    11.6319     5.5760      2.302    32.2200    24.4985 0.0000e+00
 238.454583      2.479  36.793622    11.5490     5.4346      2.458    32.2780    24.5586 0.0000e+00
 238.454589      2.661  36.684291    11.3898     5.3759      2.639    32.3101    24.6122 0.0000e+00
 238.454595      2.851  36.484983    11.2149     5.3996      2.827    32.2675    24.6104 0.0000e+00
 238.454601      3.045  36.297832    11.0490     5.4472      3.020    32.2284    24.6094 0.0000e+00
 238.454606      3.245  36.189646    10.8888     5.5139      3.218    32.2621    24.6638 0.0000e+00
 238.454612      3.449  36.133751    10.7805     5.5666      3.420    32.3021    24.7137 0.0000e+00
 238.454618      3.647  36.122809    10.7436     5.6236      3.617    32.3237    24.7369 0.0000e+00
 238.454624      3.839  36.128792    10.7437     5.6524      3.807    32.3295    24.7414 0.0000e+00
 238.454630      4.028  36.127211    10.7525     5.6427      3.994    32.3201    24.7326 0.0000e+00
 238.454635      4.223  36.131660    10.7559     5.6286      4.188    32.3214    24.7330 0.0000e+00
 238.454641      4.436  36.145865    10.7490     5.5921      4.399    32.3415    24.7499 0.0000e+00
 238.454647      4.672  36.165841    10.7308     5.5522      4.633    32.3774    24.7810 0.0000e+00
 238.454653      4.920  36.173462    10.7024     5.5279      4.879    32.4101    24.8114 0.0000e+00
 238.454659      5.165  36.158199    10.6706     5.5139      5.122    32.4230    24.8269 0.0000e+00
 238.454664      5.408  36.133319    10.6403     5.4858      5.363    32.4250    24.8337 0.0000e+00
 238.454670      5.649  36.111580    10.6084     5.4813      5.602    32.4316    24.8443 0.0000e+00
 238.454676      5.887  36.092013    10.5753     5.4696      5.838    32.4413    24.8576 0.0000e+00
 238.454682      6.125  36.077664    10.5462     5.4292      6.074    32.4528    24.8715 0.0000e+00
 238.454688      6.364  36.072938    10.5212     5.3856      6.311    32.4703    24.8894 0.0000e+00
 238.454693      6.603  36.069877    10.5022     5.3260      6.548    32.4840    24.9034 0.0000e+00
 238.454699      6.844  36.061620    10.4918     5.2484      6.787    32.4849    24.9059 0.0000e+00
 238.454705      7.094  36.052860    10.4800     5.1707      7.035    32.4866    24.9092 0.0000e+00
 238.454711      7.356  36.045938    10.4508     5.1265      7.294    32.5056    24.9290 0.0000e+00
 238.454716      7.629  36.029971    10.3944     5.1080      7.565    32.5399    24.9654 0.0000e+00
 238.454722      7.909  35.997133    10.3173     5.0997      7.843    32.5759    25.0065 0.0000e+00
 238.454728      8.193  35.956293    10.2447     5.1107      8.124    32.5998    25.0374 0.0000e+00
 238.454734      8.481  35.921877    10.1973     5.0830      8.410    32.6076    25.0515 0.0000e+00
 238.454740      8.767  35.902316    10.1767     5.0592      8.694    32.6063    25.0539 0.0000e+00
 238.454745      9.043  35.895057    10.1712     5.0456      8.967    32.6038    25.0529 0.0000e+00
 238.454751      9.313  35.892678    10.1652     4.9980      9.235    32.6067    25.0562 0.0000e+00
 238.454757      9.581  35.889234    10.1503     4.9374      9.501    32.6165    25.0663 0.0000e+00
 238.454763      9.849  35.881281    10.1289     4.8667      9.767    32.6276    25.0786 0.0000e+00
 238.454769     10.114  35.869439    10.1048     4.7666     10.029    32.6373    25.0902 0.0000e+00
 238.454774     10.378  35.853802    10.0784     4.7091     10.291    32.6451    25.1007 0.0000e+00
 238.454780     10.640  35.834234    10.0446     4.6646     10.551    32.6557    25.1146 0.0000e+00
 238.454786     10.904  35.809974     9.9929     4.6206     10.813    32.6778    25.1404 0.0000e+00
 238.454792     11.173  35.777703     9.9179     4.6200     11.079    32.7128    25.1802 0.0000e+00
 238.454797     11.444  35.730878     9.8290     4.6104     11.348    32.7458    25.2206 0.0000e+00
 238.454803     11.711  35.673600     9.7551     4.6038     11.613    32.7545    25.2396 0.0000e+00
 238.454809     11.975  35.627935     9.7157     4.6208     11.875    32.7436    25.2375 0.0000e+00
 238.454815     12.232  35.605117     9.6918     4.6168     12.130    32.7419    25.2401 0.0000e+00
 238.454821     12.476  35.594784     9.6603     4.6100     12.372    32.7600    25.2594 0.0000e+00
 238.454826     12.714  35.584192     9.6269     4.6099     12.608    32.7795    25.2801 0.0000e+00
 238.454832     12.957  35.572572     9.6022     4.5920     12.848    32.7900    25.2923 0.0000e+00
 238.454838     13.208  35.564501     9.5856     4.5940     13.097    32.7968    25.3003 0.0000e+00
 238.454844     13.469  35.559207     9.5730     4.5757     13.356    32.8028    25.3070 0.0000e+00
 238.454850     13.749  35.554028     9.5595     4.5653     13.634    32.8097    25.3146 0.0000e+00
 238.454855     14.049  35.545895     9.5394     4.5641     13.931    32.8196    25.3256 0.0000e+00
 238.454861     14.361  35.531720     9.5118     4.5373     14.241    32.8302    25.3384 0.0000e+00
 238.454867     14.680  35.514912     9.4825     4.5332     14.557    32.8396    25.3505 0.0000e+00
 238.454873     14.992  35.498730     9.4597     4.5130     14.866    32.8438    25.3574 0.0000e+00
 238.454878     15.278  35.483904     9.4522     4.4744     15.150    32.8353    25.3519 0.0000e+00
 238.454884     15.531  35.480810     9.4597     4.4625     15.401    32.8251    25.3428 0.0000e+00
 238.454890     15.759  35.490276     9.4672     4.4289     15.627    32.8279    25.3437 0.0000e+00
 238.454896     15.983  35.494050     9.4512     4.4076     15.849    32.8463    25.3607 0.0000e+00
 238.454902     16.223  35.469099     9.4061     4.3824     16.087    32.8619    25.3802 0.0000e+00
 238.454907     16.473  35.417347     9.3660     4.3082     16.335    32.8453    25.3737 0.0000e+00
 238.454913     16.718  35.385036     9.3585     4.2705     16.578    32.8188    25.3541 0.0000e+00
 238.454919     16.956  35.391136     9.3595     4.2224     16.814    32.8241    25.3581 0.0000e+00
 238.454925     17.200  35.399463     9.3271     4.1768     17.056    32.8623    25.3932 0.0000e+00
 238.454931     17.460  35.373455     9.2558     4.1452     17.314    32.9010    25.4348 0.0000e+00
 238.454936     17.735  35.309713     9.1741     4.0654     17.586    32.9103    25.4550 0.0000e+00
 238.454942     18.008  35.237928     9.1163     3.9524     17.857    32.8891    25.4475 0.0000e+00
 238.454948     18.263  35.194971     9.0978     3.7992     18.110    32.8615    25.4289 0.0000e+00
 238.454954     18.504  35.190648     9.0961     3.6471     18.349    32.8585    25.4268 0.0000e+00
 238.454959     18.744  35.192236     9.0608     3.5510     18.587    32.8927    25.4590 0.0000e+00
 238.454965     19.001  35.155865     8.9320     3.4805     18.842    32.9740    25.5429 0.0000e+00
 238.454971     19.280  35.032969     8.7124     3.5073     19.118    33.0500    25.6363 0.0000e+00
 238.454977     19.571  34.846587     8.4985     3.5371     19.407    33.0541    25.6721 0.0000e+00
 238.454983     19.852  34.703027     8.3689     3.5820     19.685    33.0241    25.6680 0.0000e+00
 238.454988     20.112  34.632432     8.3230     3.6563     19.943    32.9924    25.6500 0.0000e+00
 238.454994     20.347  34.603809     8.3274     3.6579     20.176    32.9578    25.6223 0.0000e+00
 238.455000     20.562  34.610805     8.3531     3.6348     20.389    32.9411    25.6053 0.0000e+00
 238.455006     20.771  34.648111     8.3826     3.5711     20.597    32.9528    25.6101 0.0000e+00
 238.455012     20.983  34.689264     8.4050     3.4926     20.807    32.9752    25.6243 0.0000e+00
 238.455017     21.208  34.717409     8.4058     3.4599     21.030    33.0040    25.6468 0.0000e+00
 238.455023     21.454  34.730816     8.3680     3.4315     21.274    33.0535    25.6913 0.0000e+00
 238.455029     21.722  34.700824     8.2872     3.4351     21.540    33.0977    25.7380 0.0000e+00
 238.455035     22.006  34.630472     8.1863     3.4219     21.821    33.1181    25.7690 0.0000e+00
 238.455041     22.307  34.577019     8.1042     3.4339     22.120    33.1387    25.7972 0.0000e+00
 238.455046     22.623  34.559788     8.0596     3.4435     22.433    33.1624    25.8224 0.0000e+00
 238.455052     22.945  34.558505     8.0430     3.4421     22.752    33.1766    25.8360 0.0000e+00
 238.455058     23.257  34.560728     8.0413     3.4629     23.062    33.1804    25.8393 0.0000e+00
 238.455064     23.551  34.563739     8.0461     3.4556     23.353    33.1789    25.8374 0.0000e+00
 238.455069     23.828  34.567554     8.0493     3.4610     23.628    33.1799    25.8377 0.0000e+00
 238.455075     24.096  34.568785     8.0472     3.4491     23.894    33.1830    25.8405 0.0000e+00
 238.455081     24.365  34.565637     8.0428     3.4405     24.160    33.1837    25.8416 0.0000e+00
 238.455087     24.643  34.562794     8.0377     3.4189     24.436    33.1854    25.8437 0.0000e+00
 238.455093     24.934  34.562545     8.0325     3.4010     24.724    33.1899    25.8480 0.0000e+00
 238.455098     25.241  34.565597     8.0261     3.3914     25.029    33.1991    25.8562 0.0000e+00
 238.455104     25.560  34.572021     8.0081     3.3757     25.345    33.2229    25.8775 0.0000e+00
 238.455110     25.882  34.567914     7.9793     3.3784     25.664    33.2457    25.8996 0.0000e+00
 238.455116     26.203  34.547160     7.9553     3.3588     25.983    33.2462    25.9035 0.0000e+00
 238.455122     26.529  34.527348     7.9270     3.3633     26.306    33.2518    25.9120 0.0000e+00
 238.455127     26.869  34.515007     7.8834     3.3528     26.643    33.2800    25.9405 0.0000e+00
 238.455133     27.226  34.504799     7.8429     3.3567     26.997    33.3075    25.9680 0.0000e+00
 238.455139     27.603  34.495907     7.8182     3.3600     27.371    33.3214    25.9825 0.0000e+00
 238.455145     27.989  34.488701     7.8046     3.3600     27.754    33.3265    25.9884 0.0000e+00
 238.455150     28.370  34.483005     7.7969     3.3781     28.131    33.3275    25.9904 0.0000e+00
 238.455156     28.740  34.478977     7.7931     3.3604     28.498    33.3267    25.9902 0.0000e+00
 238.455162     29.097  34.477883     7.7910     3.3670     28.852    33.3273    25.9911 0.0000e+00
 238.455168     29.443  34.477627     7.7885     3.3430     29.195    33.3293    25.9930 0.0000e+00
 238.455174     29.781  34.475549     7.7864     3.3437     29.530    33.3289    25.9930 0.0000e+00
 238.455179     30.113  34.473278     7.7866     3.3614     29.859    33.3261    25.9908 0.0000e+00
 238.455185     30.438  34.473306     7.7871     3.3405     30.182    33.3255    25.9902 0.0000e+00
 238.455191     30.768  34.472791     7.7823     3.3592     30.509    33.3294    25.9940 0.0000e+00
 238.455197     31.115  34.466492     7.7711     3.3321     30.853    33.3332    25.9986 0.0000e+00
 238.455203     31.480  34.456010     7.7581     3.3426     31.215    33.3342    26.0012 0.0000e+00
