data/oxygen options/ONMS/Olympic_Coast_National_Marine_Sanctuary_CTD_Data_2005_2023/raw_data/2011/CAST_CA065_072211faed.cnv
* Sea-Bird SBE19 Data File:
* FileName = C:\Documents and Settings\OCNMS\Desktop\2011 mooring data\2nd service\CAST_CA065_072211.hex
* Software Version 1.24
* Temperature SN = 2997
* Conductivity SN = 2997
* System UpLoad Time = Jul 22 2011 15:50:12
** CAST_CA065_072211
* SEACAT PROFILER V3.1c SN 2997   07/22/11  15:49:05.098
# nquan = 9                                 
# nvalues = 830                         
# units = specified
# name 0 = timeJ: Julian Days
# name 1 = prSM: Pressure, Strain Gauge [db]
# name 2 = c0mS/cm: Conductivity [mS/cm]
# name 3 = t090C: Temperature [ITS-90, deg C]
# name 4 = sbeox0ML/L: Oxygen, SBE 43 [ml/l]
# name 5 = depSM: Depth [salt water, m], lat = 47.5
# name 6 = sal00: Salinity, Practical [PSU]
# name 7 = sigma-é00: Density [sigma-theta, kg/m^3]
# name 8 = flag: flag
# span 0 = 203.450822, 203.455619       
# span 1 =     -4.796,     63.978       
# span 2 =   3.758603,  37.305570       
# span 3 =     7.3357,    12.5728       
# span 4 =    -1.7326,    17.9905       
# span 5 =     -4.756,     63.434       
# span 6 =     2.7791,    33.7679       
# span 7 =     1.6831,    26.4020       
# span 8 = 0.0000e+00, 0.0000e+00       
# interval = seconds: 0.5
# start_time = Jul 22 2011 10:49:11 [Instrument's time stamp, header]
# bad_flag = -9.990e-29
*END*
 203.450822     -4.796 -9.990e-29    12.5728    -1.7274     -4.756 -9.990e-29 -9.990e-29 -9.990e-29
 203.450828     -4.750  37.189142    12.5645    -1.7276     -4.710    31.7904    23.9914 -9.990e-29
 203.450833     -4.696  37.203893    12.5605    -1.7271     -4.657    31.8078    24.0056 -9.990e-29
 203.450839     -4.639  37.213780    12.5595    -1.7275     -4.600    31.8180    24.0137 -9.990e-29
 203.450845     -4.579  37.211253    12.5522    -1.7275     -4.541    31.8217    24.0180 -9.990e-29
 203.450851     -4.516  37.212928    12.5225    -1.7272     -4.478    31.8484    24.0444 -9.990e-29
 203.450856     -4.455  37.226676    12.4728    -1.7267     -4.418    31.9037    24.0966 -9.990e-29
 203.450862     -4.402  37.250054    12.4476    -1.7266     -4.365    31.9474    24.1352 -9.990e-29
 203.450868     -4.360  37.283640    12.4629    -1.7273     -4.324    31.9664    24.1470 -9.990e-29
 203.450874     -4.332  37.305570    12.4823    -1.7300     -4.296    31.9708    24.1468 -9.990e-29
 203.450880     -4.312  37.294304    12.4881    -1.7288     -4.276    31.9551    24.1335 -9.990e-29
 203.450885     -4.289  37.272017    12.4900    -1.7286     -4.253    31.9322    24.1154 -9.990e-29
 203.450891     -4.258  37.267479    12.4938    -1.7280     -4.223    31.9246    24.1089 -9.990e-29
 203.450897     -4.226  37.272053    12.5008    -1.7279     -4.191    31.9230    24.1063 -9.990e-29
 203.450903     -4.204  37.265154    12.5095    -1.7294     -4.169    31.9091    24.0938 -9.990e-29
 203.450909     -4.190  37.250682    12.5131    -1.7290     -4.155    31.8922    24.0801 -9.990e-29
 203.450914     -4.174  37.242611    12.5029    -1.7299     -4.139    31.8932    24.0828 -9.990e-29
 203.450920     -4.147  37.246078    12.4787    -1.7312     -4.112    31.9170    24.1058 -9.990e-29
 203.450926     -4.107  37.257518    12.4568    -1.7307     -4.073    31.9465    24.1328 -9.990e-29
 203.450932     -4.065  37.257099    12.4541    -1.7300     -4.031    31.9484    24.1348 -9.990e-29
 203.450938     -4.031  37.243346    12.4649    -1.7300     -3.997    31.9261    24.1155 -9.990e-29
 203.450943     -4.003  37.233983    12.4714    -1.7299     -3.970    31.9116    24.1030 -9.990e-29
 203.450949     -3.970  37.226263    12.4627    -1.7295     -3.937    31.9117    24.1047 -9.990e-29
 203.450955     -3.930  37.226355    12.4436    -1.7294     -3.897    31.9280    24.1210 -9.990e-29
 203.450961     -3.889  37.235157    12.4241    -1.7291     -3.857    31.9529    24.1440 -9.990e-29
 203.450966     -3.849  37.242206    12.4020    -1.7290     -3.817    31.9785    24.1680 -9.990e-29
 203.450972     -3.811  37.247583    12.3806    -1.7285     -3.779    32.0018    24.1901 -9.990e-29
 203.450978     -3.783  37.250265    12.3777    -1.7286     -3.751    32.0069    24.1946 -9.990e-29
 203.450984     -3.761  37.257394    12.3950    -1.7279     -3.730    31.9989    24.1852 -9.990e-29
 203.450990     -3.741  37.261316    12.4144    -1.7279     -3.710    31.9861    24.1716 -9.990e-29
 203.450995     -3.721  37.242822    12.4238    -1.7275     -3.690    31.9604    24.1499 -9.990e-29
 203.451001     -3.695  37.215563    12.4261    -1.7276     -3.664    31.9325    24.1278 -9.990e-29
 203.451007     -3.662  37.212319    12.4294    -1.7280     -3.631    31.9265    24.1226 -9.990e-29
 203.451013     -3.632  37.231219    12.4365    -1.7280     -3.602    31.9385    24.1305 -9.990e-29
 203.451019     -3.613  37.245572    12.4464    -1.7309     -3.583    31.9438    24.1327 -9.990e-29
 203.451024     -3.598  37.248398    12.4556    -1.7287     -3.568    31.9387    24.1270 -9.990e-29
 203.451030     -3.583  37.246480    12.4615    -1.7286     -3.553    31.9318    24.1206 -9.990e-29
 203.451036     -3.567  37.246999    12.4668    -1.7303     -3.537    31.9278    24.1164 -9.990e-29
 203.451042     -3.547  37.257023    12.4744    -1.7316     -3.517    31.9309    24.1174 -9.990e-29
 203.451047     -3.525  37.271641    12.4835    -1.7325     -3.496    31.9371    24.1205 -9.990e-29
 203.451053     -3.497  37.276386    12.4888    -1.7312     -3.468    31.9371    24.1195 -9.990e-29
 203.451059     -3.462  37.266031    12.4828    -1.7303     -3.433    31.9323    24.1169 -9.990e-29
 203.451065     -3.422  37.246591    12.4604    -1.7300     -3.393    31.9328    24.1215 -9.990e-29
 203.451071     -3.384  37.235496    12.4406    -1.7297     -3.356    31.9390    24.1301 -9.990e-29
 203.451076     -3.349  37.236090    12.4451    -1.7297     -3.321    31.9357    24.1267 -9.990e-29
 203.451082     -3.314  37.232006    12.4495    -1.7297     -3.286    31.9281    24.1200 -9.990e-29
 203.451088     -3.278  37.214643    12.4271    -1.7306     -3.251    31.9306    24.1261 -9.990e-29
 203.451094     -3.243  37.186834    12.3923    -1.7300     -3.216    31.9336    24.1351 -9.990e-29
 203.451100     -3.215  37.170534    12.3762    -1.7294     -3.188    31.9317    24.1366 -9.990e-29
 203.451105     -3.196  37.176705    12.3907    -1.7291     -3.169    31.9253    24.1289 -9.990e-29
 203.451111     -3.185  37.184088    12.4176    -1.7290     -3.158    31.9094    24.1115 -9.990e-29
 203.451117     -3.177  37.177529    12.4372    -1.7308     -3.151    31.8865    24.0901 -9.990e-29
 203.451123     -3.164  37.163062    12.4462    -1.7308     -3.138    31.8651    24.0718 -9.990e-29
 203.451128     -3.140  37.155225    12.4473    -1.7298     -3.114    31.8567    24.0650 -9.990e-29
 203.451134     -3.107  37.157790    12.4416    -1.7295     -3.081    31.8639    24.0717 -9.990e-29
 203.451140     -3.073  37.164306    12.4368    -1.7300     -3.047    31.8742    24.0806 -9.990e-29
 203.451146     -3.043  37.170788    12.4433    -1.7304     -3.018    31.8749    24.0799 -9.990e-29
 203.451152     -3.021  37.173205    12.4558    -1.7307     -2.996    31.8665    24.0711 -9.990e-29
 203.451157     -2.999  37.170506    12.4608    -1.7311     -2.974    31.8597    24.0648 -9.990e-29
 203.451163     -2.974  37.167710    12.4504    -1.7307     -2.949    31.8659    24.0716 -9.990e-29
 203.451169     -2.942  37.170825    12.4315    -1.7299     -2.917    31.8849    24.0899 -9.990e-29
 203.451175     -2.907  37.177496    12.4244    -1.7311     -2.883    31.8972    24.1008 -9.990e-29
 203.451181     -2.875  37.182264    12.4313    -1.7315     -2.851    31.8959    24.0985 -9.990e-29
 203.451186     -2.848  37.185530    12.4346    -1.7326     -2.824    31.8962    24.0981 -9.990e-29
 203.451192     -2.824  37.188497    12.4265    -1.7319     -2.800    31.9059    24.1072 -9.990e-29
 203.451198     -2.801  37.191975    12.4135    -1.7314     -2.778    31.9203    24.1207 -9.990e-29
 203.451204     -2.779  37.196894    12.4017    -1.7311     -2.756    31.9350    24.1344 -9.990e-29
 203.451209     -2.756  37.202179    12.3958    -1.7312     -2.733    31.9451    24.1433 -9.990e-29
 203.451215     -2.730  37.207245    12.4003    -1.7315     -2.707    31.9461    24.1432 -9.990e-29
 203.451221     -2.700  37.210654    12.4066    -1.7324     -2.677    31.9440    24.1404 -9.990e-29
 203.451227     -2.668  37.208758    12.4018    -1.7320     -2.646    31.9462    24.1431 -9.990e-29
 203.451233     -2.640  37.195323    12.3859    -1.7321     -2.618    31.9469    24.1466 -9.990e-29
 203.451238     -2.620  37.175052    12.3737    -1.7320     -2.598    31.9379    24.1419 -9.990e-29
 203.451244     -2.606  37.165939    12.3807    -1.7312     -2.584    31.9232    24.1292 -9.990e-29
 203.451250     -2.597  37.165002    12.3988    -1.7307     -2.575    31.9070    24.1132 -9.990e-29
 203.451256     -2.588  37.152717    12.4094    13.5369     -2.566    31.8862    24.0951 -9.990e-29
 203.451262     -2.570  37.131400    12.4077    17.8585     -2.549    31.8673    24.0808 -9.990e-29
 203.451267     -2.541  37.119895    12.3973    17.9905     -2.520    31.8651    24.0811 -9.990e-29
 203.451273     -2.510  37.121559    12.3878    14.2097     -2.489    31.8748    24.0903 -9.990e-29
 203.451279     -2.481  37.125937    12.3869     6.5644     -2.460    31.8797    24.0943 -9.990e-29
 203.451285     -2.463  37.125633    12.3912     6.6510     -2.442    31.8758    24.0905 -9.990e-29
 203.451291     -2.457  37.120450    12.4005     6.8561     -2.437    31.8629    24.0787 -9.990e-29
 203.451296     -2.460  37.113769    12.4140     6.9313     -2.439    31.8451    24.0624 -9.990e-29
 203.451302     -2.459  37.105297    12.4186     6.9252     -2.438    31.8331    24.0522 -9.990e-29
 203.451308     -2.445  37.092913    12.4052     6.8798     -2.425    31.8326    24.0544 -9.990e-29
 203.451314     -2.421  37.071521    12.3839     6.8299     -2.401    31.8303    24.0566 -9.990e-29
 203.451319     -2.399  37.044175    12.3729     6.7887     -2.379    31.8135    24.0456 -9.990e-29
 203.451325     -2.390  37.031749    12.3768     6.7689     -2.370    31.7983    24.0331 -9.990e-29
 203.451331     -2.390  37.039163    12.3860     6.7717     -2.370    31.7976    24.0308 -9.990e-29
 203.451337     -2.385  37.050187    12.3928     6.7682     -2.365    31.8023    24.0333 -9.990e-29
 203.451343     -2.371  37.057890    12.3967     6.7495     -2.351    31.8064    24.0356 -9.990e-29
 203.451348     -2.348  37.063236    12.3986     6.7277     -2.328    31.8099    24.0380 -9.990e-29
 203.451354     -2.317  37.064602    12.3979     6.7218     -2.298    31.8117    24.0396 -9.990e-29
 203.451360     -2.286  37.059541    12.3944     6.7250     -2.267    31.8099    24.0388 -9.990e-29
 203.451366     -2.256  37.051036    12.3938     6.7164     -2.237    31.8022    24.0330 -9.990e-29
 203.451372     -2.231  37.048680    12.4012     6.7085     -2.212    31.7937    24.0250 -9.990e-29
 203.451377     -2.212  37.055702    12.4116     6.7013     -2.194    31.7916    24.0214 -9.990e-29
 203.451383     -2.195  37.062634    12.4181     6.6983     -2.177    31.7927    24.0210 -9.990e-29
 203.451389     -2.174  37.058770    12.4206     6.7158     -2.156    31.7869    24.0160 -9.990e-29
 203.451395     -2.152  37.049810    12.4227     6.7207     -2.134    31.7766    24.0076 -9.990e-29
 203.451400     -2.136  37.049221    12.4262     6.7168     -2.118    31.7730    24.0042 -9.990e-29
 203.451406     -2.124  37.053628    12.4282     6.6936     -2.106    31.7755    24.0058 -9.990e-29
 203.451412     -2.109  37.057357    12.4271     6.6881     -2.091    31.7800    24.0095 -9.990e-29
 203.451418     -2.089  37.062233    12.4275     6.6960     -2.072    31.7843    24.0127 -9.990e-29
 203.451424     -2.071  37.068248    12.4316     6.7283     -2.054    31.7866    24.0137 -9.990e-29
 203.451429     -2.058  37.074111    12.4335     6.7490     -2.041    31.7906    24.0164 -9.990e-29
 203.451435     -2.045  37.074408    12.4274     6.7440     -2.028    31.7960    24.0218 -9.990e-29
 203.451441     -2.027  37.063027    12.4170     6.7313     -2.010    31.7939    24.0222 -9.990e-29
 203.451447     -2.008  37.045169    12.4128     6.7076     -1.991    31.7805    24.0125 -9.990e-29
 203.451453     -1.989  37.039233    12.4188     6.7079     -1.972    31.7697    24.0031 -9.990e-29
 203.451458     -1.971  37.049832    12.4278     6.7192     -1.955    31.7722    24.0033 -9.990e-29
 203.451464     -1.952  37.062188    12.4307     6.7326     -1.936    31.7815    24.0100 -9.990e-29
 203.451470     -1.930  37.065547    12.4249     6.7374     -1.914    31.7896    24.0173 -9.990e-29
 203.451476     -1.905  37.057882    12.4158     6.7301     -1.889    31.7900    24.0194 -9.990e-29
 203.451481     -1.879  37.049342    12.4119     6.7230     -1.863    31.7851    24.0163 -9.990e-29
 203.451487     -1.859  37.048910    12.4160     6.7177     -1.843    31.7813    24.0125 -9.990e-29
 203.451493     -1.847  37.052859    12.4256     6.7243     -1.832    31.7769    24.0073 -9.990e-29
 203.451499     -1.840  37.059383    12.4367     6.7253     -1.825    31.7737    24.0028 -9.990e-29
 203.451505     -1.832  37.066754    12.4439     6.7265     -1.817    31.7746    24.0022 -9.990e-29
 203.451510     -1.822  37.069892    12.4435     6.7278     -1.807    31.7780    24.0048 -9.990e-29
 203.451516     -1.810  37.068155    12.4373     6.7259     -1.795    31.7816    24.0088 -9.990e-29
 203.451522     -1.800  37.065600    12.4319     6.7242     -1.785    31.7837    24.0114 -9.990e-29
 203.451528     -1.795  37.067991    12.4326     6.7228     -1.780    31.7854    24.0126 -9.990e-29
 203.451534     -1.790  37.075923    12.4387     6.7308     -1.775    31.7878    24.0133 -9.990e-29
 203.451539     -1.782  37.084503    12.4468     6.7402     -1.767    31.7891    24.0128 -9.990e-29
 203.451545     -1.773  37.091159    12.4549     6.7340     -1.758    31.7886    24.0109 -9.990e-29
 203.451551     -1.764  37.095909    12.4603     6.7115     -1.749    31.7885    24.0098 -9.990e-29
 203.451557     -1.748  37.097672    12.4597     6.7106     -1.733    31.7907    24.0116 -9.990e-29
 203.451562     -1.730  37.090978    12.4513     6.7154     -1.716    31.7914    24.0138 -9.990e-29
 203.451568     -1.713  37.071743    12.4410     6.7340     -1.699    31.7818    24.0083 -9.990e-29
 203.451574     -1.696  37.053486    12.4382     6.7338     -1.682    31.7668    23.9971 -9.990e-29
 203.451580     -1.677  37.053831    12.4432     6.7161     -1.663    31.7629    23.9932 -9.990e-29
 203.451586     -1.660  37.065365    12.4487     6.7005     -1.646    31.7692    23.9970 -9.990e-29
 203.451591     -1.647  37.070396    12.4517     6.6963     -1.633    31.7714    23.9982 -9.990e-29
 203.451597     -1.635  37.070563    12.4556     6.7176     -1.621    31.7683    23.9950 -9.990e-29
 203.451603     -1.621  37.075580    12.4608     6.7580     -1.607    31.7687    23.9943 -9.990e-29
 203.451609     -1.610  37.080346    12.4583     6.7513     -1.597    31.7753    24.0000 -9.990e-29
 203.451615     -1.596  37.072144    12.4432     6.7140     -1.583    31.7803    24.0067 -9.990e-29
 203.451620     -1.578  37.051770    12.4263     6.6756     -1.565    31.7751    24.0059 -9.990e-29
 203.451626     -1.564  37.038505    12.4221     6.6600     -1.551    31.7660    23.9996 -9.990e-29
 203.451632     -1.558  37.044308    12.4325     6.6930     -1.545    31.7628    23.9951 -9.990e-29
 203.451638     -1.554  37.058961    12.4456     6.7347     -1.541    31.7657    23.9949 -9.990e-29
 203.451644     -1.544  37.068932    12.4500     6.7547     -1.531    31.7714    23.9985 -9.990e-29
 203.451649     -1.523  37.065648    12.4389     6.7326     -1.510    31.7777    24.0055 -9.990e-29
 203.451655     -1.494  37.030145    12.4120     6.7108     -1.482    31.7666    24.0019 -9.990e-29
 203.451661     -1.463  36.972732    12.3949     6.7096     -1.451    31.7263    23.9739 -9.990e-29
 203.451667     -1.442  36.961301    12.4095     6.7179     -1.430    31.7030    23.9531 -9.990e-29
 203.451672     -1.442  37.006892    12.4378     6.7234     -1.430    31.7226    23.9630 -9.990e-29
 203.451678     -1.454  37.048178    12.4562     6.7041     -1.442    31.7464    23.9779 -9.990e-29
 203.451684     -1.458  37.066267    12.4562     6.7107     -1.446    31.7636    23.9913 -9.990e-29
 203.451690     -1.450  37.063413    12.4347     6.7246     -1.438    31.7791    24.0073 -9.990e-29
 203.451696     -1.433  37.035225    12.4060     6.7316     -1.421    31.7765    24.0108 -9.990e-29
 203.451701     -1.411  37.008486    12.3971     6.7185     -1.399    31.7585    23.9985 -9.990e-29
 203.451707     -1.391  37.009107    12.4094     6.7030     -1.379    31.7487    23.9886 -9.990e-29
 203.451713     -1.371  37.026117    12.4232     6.7168     -1.360    31.7532    23.9895 -9.990e-29
 203.451719     -1.347  37.036807    12.4301     6.7190     -1.336    31.7576    23.9915 -9.990e-29
 203.451725     -1.320  37.033563    12.4344     6.7176     -1.309    31.7508    23.9855 -9.990e-29
 203.451730     -1.298  37.032752    12.4401     6.7016     -1.287    31.7452    23.9801 -9.990e-29
 203.451736     -1.283  37.046140    12.4443     6.7067     -1.272    31.7544    23.9864 -9.990e-29
 203.451742     -1.271  37.057389    12.4432     6.7191     -1.260    31.7661    23.9957 -9.990e-29
