data/oxygen options/ONMS/Olympic_Coast_National_Marine_Sanctuary_CTD_Data_2005_2023/raw_data/2011/CAST_CA015_100511faed.cnv
* Sea-Bird SBE19 Data File:
* FileName = C:\Documents and Settings\OCNMS\Desktop\2011 mooring data\3rd service\CAST_CA015_100511.hex
* Software Version 1.24
* Temperature SN = 2997
* Conductivity SN = 2997
* System UpLoad Time = Oct 05 2011 14:57:35
** CAST_CA015_100511
* SEACAT PROFILER V3.1c SN 2997   10/05/11  14:56:59.808
# nquan = 9                                 
# nvalues = 991                         
# units = specified
# name 0 = timeJ: Julian Days
# name 1 = prSM: Pressure, Strain Gauge [db]
# name 2 = c0mS/cm: Conductivity [mS/cm]
# name 3 = t090C: Temperature [ITS-90, deg C]
# name 4 = sbeox0ML/L: Oxygen, SBE 43 [ml/l]
# name 5 = depSM: Depth [salt water, m], lat = 47.5
# name 6 = sal00: Salinity, Practical [PSU]
# name 7 = sigma-é00: Density [sigma-theta, kg/m^3]
# name 8 = flag: flag
# span 0 = 278.466296, 278.472025       
# span 1 =     -5.706,     15.648       
# span 2 =   0.323131,  37.038348       
# span 3 =    11.9510,    13.6595       
# span 4 =    -2.1330,    15.5827       
# span 5 =     -5.658,     15.517       
# span 6 =     0.2070,    30.7419       
# span 7 =    -0.3591,    22.9837       
# span 8 = 0.0000e+00, 0.0000e+00       
# interval = seconds: 0.5
# start_time = Oct 05 2011 11:11:28 [Instrument's time stamp, header]
# bad_flag = -9.990e-29
*END*
[from data line 161]
 278.467228     -2.246   0.443698    12.0852    -2.1287     -2.227     0.2874    -0.2856 -9.990e-29
 278.467234     -2.238   0.440939    12.0675    -2.1290     -2.219     0.2857    -0.2849 -9.990e-29
 278.467240     -2.229   0.439720    12.0504    -2.1291     -2.210     0.2850    -0.2834 -9.990e-29
 278.467245     -2.218   0.438966    12.0364    -2.1291     -2.200     0.2846    -0.2821 -9.990e-29
 278.467251     -2.204   0.437121    12.0258    -2.1290     -2.186     0.2835    -0.2818 -9.990e-29
 278.467257     -2.187   0.434493    12.0188    -2.1290     -2.169     0.2817    -0.2823 -9.990e-29
 278.467263     -2.170   0.433114    12.0149    -2.1290     -2.152     0.2809    -0.2826 -9.990e-29
 278.467269     -2.156   0.433358    12.0129    -2.1290     -2.138     0.2810    -0.2822 -9.990e-29
 278.467274     -2.139   0.433335    12.0113    -2.1293     -2.121     0.2810    -0.2820 -9.990e-29
 278.467280     -2.119   0.431909    12.0096    -2.1293     -2.101     0.2801    -0.2826 -9.990e-29
 278.467286     -2.099   0.429945    12.0075    -2.1297     -2.081     0.2788    -0.2834 -9.990e-29
 278.467292     -2.077   0.428699    12.0056    -2.1300     -2.060     0.2780    -0.2838 -9.990e-29
 278.467297     -2.057   0.428726    12.0049    -2.1304     -2.040     0.2780    -0.2837 -9.990e-29
 278.467303     -2.042   0.430059    12.0053    -2.1306     -2.025     0.2789    -0.2830 -9.990e-29
 278.467309     -2.029   0.431708    12.0059    -2.1306     -2.012     0.2800    -0.2822 -9.990e-29
 278.467315     -2.019   0.431997    12.0059    -2.1304     -2.002     0.2802    -0.2821 -9.990e-29
 278.467321     -2.011   0.430757    12.0045    -2.1304     -1.994     0.2794    -0.2826 -9.990e-29
 278.467326     -2.005   0.429655    12.0017    -2.1306     -1.988     0.2786    -0.2828 -9.990e-29
 278.467332     -2.000   0.429990    11.9980    -2.1306     -1.983     0.2789    -0.2822 -9.990e-29
 278.467338     -1.996   0.430550    11.9930    -2.1308     -1.979     0.2793    -0.2813 -9.990e-29
 278.467344     -1.992   0.429311    11.9866    -2.1305     -1.975     0.2785    -0.2812 -9.990e-29
 278.467350     -1.988   0.426834    11.9805    -2.1304     -1.971     0.2769    -0.2817 -9.990e-29
 278.467355     -1.984   0.425354    11.9764    -2.1301     -1.967     0.2759    -0.2820 -9.990e-29
 278.467361     -1.980   0.426219    11.9751    -2.1295     -1.963     0.2765    -0.2814 -9.990e-29
 278.467367     -1.975   0.428369    11.9758    -2.1291     -1.959     0.2780    -0.2804 -9.990e-29
 278.467373     -1.970   0.429134    11.9761    -2.1286     -1.954     0.2785    -0.2800 -9.990e-29
 278.467378     -1.963   0.427316    11.9752    -2.1282     -1.947     0.2773    -0.2808 -9.990e-29
 278.467384     -1.955   0.424369    11.9740    -2.1276     -1.939     0.2753    -0.2822 -9.990e-29
 278.467390     -1.945   0.422452    11.9742    -2.1276     -1.929     0.2740    -0.2833 -9.990e-29
 278.467396     -1.932   0.421777    11.9771    -2.1276     -1.916     0.2735    -0.2840 -9.990e-29
 278.467402     -1.912   0.420889    11.9827    -2.1276     -1.896     0.2729    -0.2851 -9.990e-29
 278.467407     -1.882   0.419159    11.9900    -2.1276     -1.866     0.2717    -0.2869 -9.990e-29
 278.467413     -1.853   0.417601    11.9985    -2.1278     -1.838     0.2706    -0.2887 -9.990e-29
 278.467419     -1.834   0.417461    12.0075    -2.1280     -1.819     0.2705    -0.2899 -9.990e-29
 278.467425     -1.817   0.419104    12.0170    -2.1283     -1.802     0.2715    -0.2902 -9.990e-29
 278.467431     -1.798   0.421952    12.0265    -2.1285     -1.783     0.2733    -0.2898 -9.990e-29
 278.467436     -1.780   0.424267    12.0340    -2.1286     -1.765     0.2748    -0.2895 -9.990e-29
 278.467442     -1.766   0.424706    12.0380    -2.1284     -1.751     0.2751    -0.2898 -9.990e-29
 278.467448     -1.755   0.423854    12.0394    -2.1280     -1.740     0.2745    -0.2904 -9.990e-29
 278.467454     -1.745   0.422789    12.0396    -2.1277     -1.730     0.2738    -0.2910 -9.990e-29
 278.467459     -1.738   0.421751    12.0384    -2.1274     -1.724     0.2731    -0.2914 -9.990e-29
 278.467465     -1.732   0.420464    12.0355    -2.1271     -1.718     0.2723    -0.2917 -9.990e-29
 278.467471     -1.726   0.418872    12.0319    -2.1271     -1.712     0.2712    -0.2921 -9.990e-29
 278.467477     -1.721   0.417067    12.0282    -2.1268     -1.707     0.2700    -0.2926 -9.990e-29
 278.467483     -1.716   0.414858    12.0256    -2.1271     -1.702     0.2686    -0.2934 -9.990e-29
 278.467488     -1.711   0.412067    12.0257    -2.1270     -1.697     0.2667    -0.2949 -9.990e-29
 278.467494     -1.705   0.409402    12.0289    -2.1270     -1.691     0.2649    -0.2966 -9.990e-29
 278.467500     -1.699   0.408293    12.0345    -2.1267     -1.685     0.2642    -0.2979 -9.990e-29
 278.467506     -1.691   0.408919    12.0412    -2.1266     -1.677     0.2645    -0.2984 -9.990e-29
 278.467512     -1.686   0.409348    12.0472    -2.1266     -1.672     0.2648    -0.2989 -9.990e-29
 278.467517     -1.691   0.407938    12.0512    -2.1263     -1.677     0.2638    -0.3001 -9.990e-29
 278.467523     -1.708   0.405575    12.0535    -2.1261     -1.694     0.2622    -0.3016 -9.990e-29
 278.467529     -1.728   0.404091    12.0548    -2.1260     -1.714     0.2612    -0.3025 -9.990e-29
 278.467535     -1.740   0.403723    12.0559    -2.1258     -1.725     0.2610    -0.3029 -9.990e-29
 278.467541     -1.737   0.402871    12.0574    -2.1258     -1.723     0.2604    -0.3035 -9.990e-29
 278.467546     -1.726   0.400401    12.0598    -2.1259     -1.712     0.2587    -0.3051 -9.990e-29
 278.467552     -1.715   0.397448    12.0629    -2.1258     -1.701     0.2567    -0.3070 -9.990e-29
 278.467558     -1.704   0.395611    12.0661    -2.1259     -1.690     0.2555    -0.3083 -9.990e-29
 278.467564     -1.693   0.394652    12.0694    -2.1261     -1.679     0.2548    -0.3092 -9.990e-29
 278.467569     -1.679   0.393294    12.0734    -2.1260     -1.665     0.2539    -0.3104 -9.990e-29
 278.467575     -1.663   0.391387    12.0772    -2.1260     -1.649     0.2526    -0.3118 -9.990e-29
 278.467581     -1.644   0.389711    12.0806    -2.1257     -1.630     0.2515    -0.3131 -9.990e-29
 278.467587     -1.619   0.388799    12.0835    -2.1257     -1.605     0.2509    -0.3139 -9.990e-29
 278.467593     -1.593   0.388540    12.0849    -2.1259     -1.580     0.2507    -0.3142 -9.990e-29
 278.467598     -1.572   0.388036    12.0851    -2.1263     -1.559     0.2504    -0.3145 -9.990e-29
 278.467604     -1.558   0.386615    12.0851    -2.1265     -1.545     0.2494    -0.3153 -9.990e-29
 278.467610     -1.547   0.384597    12.0848    -2.1265     -1.534     0.2481    -0.3163 -9.990e-29
 278.467616     -1.533   0.382612    12.0840    -2.1266     -1.520     0.2468    -0.3172 -9.990e-29
 278.467622     -1.521   0.380782    12.0837    -2.1268     -1.508     0.2456    -0.3181 -9.990e-29
 278.467627     -1.513   0.379432    12.0844    -2.1270     -1.500     0.2447    -0.3189 -9.990e-29
 278.467633     -1.509   0.379531    12.0857    -2.1271     -1.496     0.2447    -0.3190 -9.990e-29
 278.467639     -1.505   0.381211    12.0859    -2.1274     -1.492     0.2458    -0.3182 -9.990e-29
 278.467645     -1.496   0.382838    12.0834    -2.1277     -1.484     0.2469    -0.3170 -9.990e-29
 278.467650     -1.485   0.382703    12.0791    -2.1277     -1.473     0.2469    -0.3166 -9.990e-29
 278.467656     -1.477   0.381180    12.0753    -2.1278     -1.465     0.2459    -0.3169 -9.990e-29
 278.467662     -1.471   0.379562    12.0727    -2.1278     -1.459     0.2448    -0.3174 -9.990e-29
 278.467668     -1.466   0.378457    12.0702    -2.1276     -1.454     0.2441    -0.3177 -9.990e-29
 278.467674     -1.462   0.378053    12.0667    -2.1274     -1.450     0.2438    -0.3175 -9.990e-29
 278.467679     -1.458   0.378366    12.0624    -2.1270     -1.446     0.2441    -0.3168 -9.990e-29
 278.467685     -1.456   0.379813    12.0577    -2.1268     -1.444     0.2451    -0.3155 -9.990e-29
 278.467691     -1.454   0.382663    12.0529    -2.1272     -1.442     0.2470    -0.3134 -9.990e-29
 278.467697     -1.452   0.385732    12.0490    -2.1278     -1.440     0.2491    -0.3114 -9.990e-29
 278.467703     -1.450   0.387573    12.0467    -2.1285     -1.438     0.2503    -0.3101 -9.990e-29
 278.467708     -1.448   0.387875    12.0459    -2.1289     -1.436     0.2505    -0.3099 -9.990e-29
 278.467714     -1.447   0.387038    12.0469    -2.1291     -1.435     0.2499    -0.3104 -9.990e-29
 278.467720     -1.445   0.385609    12.0500    -2.1292     -1.433     0.2490    -0.3116 -9.990e-29
 278.467726     -1.442   0.383893    12.0543    -2.1293     -1.430     0.2478    -0.3130 -9.990e-29
 278.467731     -1.440   0.382369    12.0582    -2.1294     -1.428     0.2468    -0.3142 -9.990e-29
 278.467737     -1.437   0.381772    12.0587    -2.1296     -1.425     0.2464    -0.3146 -9.990e-29
 278.467743     -1.433   0.381858    12.0535    -2.1294     -1.421     0.2465    -0.3139 -9.990e-29
 278.467749     -1.428   0.381634    12.0438    -2.1292     -1.416     0.2464    -0.3129 -9.990e-29
 278.467755     -1.421   0.380799    12.0332    -2.1287     -1.409     0.2459    -0.3120 -9.990e-29
 278.467760     -1.413   0.379900    12.0248    -2.1287     -1.401     0.2453    -0.3115 -9.990e-29
 278.467766     -1.403   0.379399    12.0195    -2.1284     -1.391     0.2450    -0.3111 -9.990e-29
 278.467772     -1.389   0.379179    12.0166    -2.1283     -1.377     0.2449    -0.3109 -9.990e-29
 278.467778     -1.377   0.378946    12.0145    -2.1282     -1.366     0.2448    -0.3108 -9.990e-29
 278.467784     -1.372   0.378387    12.0125    -2.1282     -1.361     0.2444    -0.3108 -9.990e-29
 278.467789     -1.375   0.377308    12.0118    -2.1280     -1.364     0.2437    -0.3113 -9.990e-29
 278.467795     -1.378   0.375930    12.0137    -2.1280     -1.367     0.2428    -0.3122 -9.990e-29
 278.467801     -1.377   0.374630    12.0179    -2.1278     -1.366     0.2419    -0.3134 -9.990e-29
 278.467807     -1.370   0.373887    12.0229    -2.1275     -1.359     0.2414    -0.3144 -9.990e-29
 278.467812     -1.355   0.374371    12.0276    -2.1272     -1.344     0.2416    -0.3147 -9.990e-29
 278.467818     -1.329   0.376724    12.0313    -2.1271     -1.318     0.2432    -0.3139 -9.990e-29
 278.467824     -1.304   0.380760    12.0341    -2.1268     -1.293     0.2458    -0.3122 -9.990e-29
 278.467830     -1.287   0.384661    12.0363    -2.1266     -1.276     0.2484    -0.3104 -9.990e-29
 278.467836     -1.272   0.386431    12.0382    -2.1265     -1.261     0.2496    -0.3097 -9.990e-29
 278.467841     -1.255   0.386213    12.0402    -2.1269     -1.245     0.2494    -0.3101 -9.990e-29
 278.467847     -1.238   0.385930    12.0425    -2.1272     -1.228     0.2492    -0.3105 -9.990e-29
 278.467853     -1.225   0.386865    12.0462    -2.1276     -1.215     0.2498    -0.3104 -9.990e-29
 278.467859     -1.215   0.388048    12.0515    -2.1276     -1.205     0.2506    -0.3105 -9.990e-29
 278.467865     -1.207   0.387732    12.0569    -2.1276     -1.197     0.2503    -0.3113 -9.990e-29
 278.467870     -1.201   0.386048    12.0615    -2.1279     -1.191     0.2492    -0.3127 -9.990e-29
 278.467876     -1.196   0.384627    12.0651    -2.1282     -1.186     0.2482    -0.3139 -9.990e-29
 278.467882     -1.192   0.384893    12.0674    -2.1287     -1.182     0.2484    -0.3140 -9.990e-29
 278.467888     -1.189   0.387199    12.0671    -2.1293     -1.179     0.2499    -0.3128 -9.990e-29
 278.467894     -1.187   0.390189    12.0634    -2.1297     -1.177     0.2519    -0.3108 -9.990e-29
 278.467899     -1.185   0.391759    12.0579    -2.1303     -1.175     0.2530    -0.3093 -9.990e-29
 278.467905     -1.183   0.391233    12.0531    -2.1305     -1.173     0.2527    -0.3090 -9.990e-29
 278.467911     -1.182   0.389569    12.0501    -2.1306     -1.172     0.2516    -0.3095 -9.990e-29
 278.467917     -1.180   0.387870    12.0471    -2.1306     -1.170     0.2505    -0.3100 -9.990e-29
 278.467922     -1.179   0.386636    12.0419    -2.1308     -1.169     0.2497    -0.3100 -9.990e-29
 278.467928     -1.178   0.385880    12.0345    -2.1310     -1.168     0.2492    -0.3096 -9.990e-29
 278.467934     -1.176   0.385147    12.0255    -2.1309     -1.166     0.2488    -0.3088 -9.990e-29
 278.467940     -1.175   0.384012    12.0158    -2.1307     -1.165     0.2481    -0.3083 -9.990e-29
 278.467946     -1.173   0.382622    12.0062    -2.1305     -1.163     0.2473    -0.3078 -9.990e-29
 278.467951     -1.170   0.381335    11.9980    -2.1302     -1.160     0.2465    -0.3075 -9.990e-29
 278.467957     -1.167   0.380095    11.9925    -2.1296     -1.157     0.2457    -0.3075 -9.990e-29
 278.467963     -1.163   0.378354    11.9894    -2.1292     -1.153     0.2445    -0.3081 -9.990e-29
 278.467969     -1.158   0.376005    11.9871    -2.1287     -1.148     0.2430    -0.3090 -9.990e-29
 278.467975     -1.151   0.373788    11.9846    -2.1282     -1.141     0.2415    -0.3099 -9.990e-29
 278.467980     -1.143   0.372623    11.9825    -2.1280     -1.133     0.2408    -0.3102 -9.990e-29
 278.467986     -1.137   0.373170    11.9825    -2.1279     -1.128     0.2411    -0.3099 -9.990e-29
 278.467992     -1.137   0.375602    11.9855    -2.1280     -1.128     0.2427    -0.3090 -9.990e-29
 278.467998     -1.138   0.378732    11.9912    -2.1279     -1.129     0.2448    -0.3081 -9.990e-29
 278.468003     -1.136   0.380089    11.9990    -2.1277     -1.127     0.2456    -0.3083 -9.990e-29
 278.468009     -1.132   0.378712    12.0085    -2.1275     -1.123     0.2446    -0.3102 -9.990e-29
 278.468015     -1.124   0.376085    12.0186    -2.1278     -1.115     0.2428    -0.3127 -9.990e-29
 278.468021     -1.113   0.373687    12.0285    -2.1278     -1.104     0.2412    -0.3152 -9.990e-29
 278.468027     -1.098   0.372193    12.0368    -2.1278     -1.089     0.2401    -0.3169 -9.990e-29
 278.468032     -1.082   0.371826    12.0418    -2.1277     -1.073     0.2399    -0.3177 -9.990e-29
 278.468038     -1.072   0.372648    12.0438    -2.1274     -1.063     0.2404    -0.3175 -9.990e-29
 278.468044     -1.068   0.374647    12.0450    -2.1272     -1.059     0.2417    -0.3166 -9.990e-29
 278.468050     -1.062   0.376610    12.0473    -2.1275     -1.053     0.2430    -0.3159 -9.990e-29
 278.468056     -1.048   0.376725    12.0503    -2.1275     -1.039     0.2431    -0.3162 -9.990e-29
 278.468061     -1.030   0.375144    12.0515    -2.1275     -1.021     0.2420    -0.3172 -9.990e-29
 278.468067     -1.016   0.373633    12.0504    -2.1275     -1.008     0.2410    -0.3178 -9.990e-29
 278.468073     -1.008   0.372943    12.0496    -2.1270     -1.000     0.2406    -0.3181 -9.990e-29
 278.468079     -1.002   0.372707    12.0505    -2.1267     -0.994     0.2404    -0.3183 -9.990e-29
 278.468084     -0.993   0.372610    12.0527    -2.1264     -0.985     0.2403    -0.3186 -9.990e-29
 278.468090     -0.985   0.372520    12.0557    -2.1260     -0.977     0.2402    -0.3190 -9.990e-29
 278.468096     -0.978   0.372317    12.0578    -2.1257     -0.970     0.2401    -0.3194 -9.990e-29
 278.468102     -0.966   0.371726    12.0579    -2.1253     -0.958     0.2397    -0.3197 -9.990e-29
 278.468108     -0.954   0.370514    12.0573    -2.1250     -0.946     0.2389    -0.3203 -9.990e-29
 278.468113     -0.944   0.369276    12.0578    -2.1248     -0.936     0.2381    -0.3210 -9.990e-29
 278.468119     -0.937   0.369130    12.0605    -2.1245     -0.929     0.2380    -0.3214 -9.990e-29
 278.468125     -0.931   0.370430    12.0659    -2.1245     -0.923     0.2388    -0.3213 -9.990e-29
 278.468131     -0.926   0.372694    12.0728    -2.1244     -0.918     0.2403    -0.3210 -9.990e-29
 278.468137     -0.923   0.374511    12.0803    -2.1244     -0.915     0.2414    -0.3210 -9.990e-29
 278.468142     -0.920   0.374425    12.0879    -2.1245     -0.912     0.2413    -0.3219 -9.990e-29
