data/oxygen options/ONMS/Olympic_Coast_National_Marine_Sanctuary_CTD_Data_2005_2023/raw_data/2011/CAST_CE042_100611faed.cnv
* Sea-Bird SBE19 Data File:
* FileName = C:\Documents and Settings\OCNMS\Desktop\2011 mooring data\4th service\CAST_CE042_100611.hex
* Software Version 1.24
* Temperature SN = 2997
* Conductivity SN = 2997
* System UpLoad Time = Oct 06 2011 18:29:53
** CAST_CE042_100611
* SEACAT PROFILER V3.1c SN 2997   10/06/11  18:29:15.020
# nquan = 9                                 
# nvalues = 1206                        
# units = specified
# name 0 = timeJ: Julian Days
# name 1 = prSM: Pressure, Strain Gauge [db]
# name 2 = c0mS/cm: Conductivity [mS/cm]
# name 3 = t090C: Temperature [ITS-90, deg C]
# name 4 = sbeox0ML/L: Oxygen, SBE 43 [ml/l]
# name 5 = depSM: Depth [salt water, m], lat = 47.5
# name 6 = sal00: Salinity, Practical [PSU]
# name 7 = sigma-é00: Density [sigma-theta, kg/m^3]
# name 8 = flag: flag
# span 0 = 279.440104, 279.447078       
# span 1 =     -5.338,     48.451       
# span 2 =   0.355794,  38.671350       
# span 3 =    13.3326,    14.3846       
# span 4 =    -2.0671,    15.1329       
# span 5 =     -5.294,     48.041       
# span 6 =     0.2200,    31.9757       
# span 7 =    -0.5483,    23.9053       
# span 8 = 0.0000e+00, 0.0000e+00       
# interval = seconds: 0.5
# start_time = Oct 06 2011 10:33:45 [Instrument's time stamp, header]
# bad_flag = -9.990e-29
*END*
[from data line 801]
 279.444740     22.270  38.285368    14.0898     5.7704     22.083    31.5352    23.4934 0.0000e+00
 279.444745     22.577  38.319655    14.0801     5.7635     22.387    31.5745    23.5257 0.0000e+00
 279.444751     22.885  38.350250    14.0753     5.7668     22.693    31.6064    23.5513 0.0000e+00
 279.444757     23.186  38.368630    14.0739     5.7744     22.991    31.6243    23.5654 0.0000e+00
 279.444763     23.480  38.377995    14.0734     5.7656     23.283    31.6332    23.5723 0.0000e+00
 279.444769     23.779  38.389131    14.0744     5.7696     23.579    31.6425    23.5793 0.0000e+00
 279.444774     24.083  38.407902    14.0777     5.7734     23.881    31.6569    23.5897 0.0000e+00
 279.444780     24.382  38.428511    14.0807     5.7735     24.177    31.6732    23.6017 0.0000e+00
 279.444786     24.661  38.442007    14.0821     5.7755     24.454    31.6843    23.6101 0.0000e+00
 279.444792     24.913  38.446760    14.0832     5.7628     24.704    31.6877    23.6124 0.0000e+00
 279.444797     25.143  38.445165    14.0837     5.7573     24.932    31.6857    23.6108 0.0000e+00
 279.444803     25.368  38.439554    14.0831     5.7578     25.155    31.6810    23.6073 0.0000e+00
 279.444809     25.600  38.436430    14.0817     5.7603     25.385    31.6792    23.6062 0.0000e+00
 279.444815     25.847  38.441129    14.0800     5.7644     25.630    31.6848    23.6109 0.0000e+00
 279.444821     26.099  38.448694    14.0787     5.7650     25.880    31.6927    23.6173 0.0000e+00
 279.444826     26.345  38.452947    14.0783     5.7799     26.123    31.6968    23.6205 0.0000e+00
 279.444832     26.593  38.454495    14.0781     5.7833     26.369    31.6983    23.6217 0.0000e+00
 279.444838     26.854  38.455380    14.0771     5.7752     26.628    31.6999    23.6231 0.0000e+00
 279.444844     27.133  38.456762    14.0757     5.7920     26.905    31.7022    23.6252 0.0000e+00
 279.444850     27.429  38.459343    14.0744     5.7832     27.198    31.7055    23.6281 0.0000e+00
 279.444855     27.740  38.463183    14.0728     5.7838     27.507    31.7102    23.6320 0.0000e+00
 279.444861     28.056  38.467780    14.0706     5.7820     27.820    31.7161    23.6371 0.0000e+00
 279.444867     28.358  38.471957    14.0683     5.7799     28.119    31.7217    23.6419 0.0000e+00
 279.444873     28.628  38.475098    14.0670     5.7926     28.387    31.7256    23.6451 0.0000e+00
 279.444878     28.851  38.476889    14.0672     5.8017     28.608    31.7270    23.6462 0.0000e+00
 279.444884     29.026  38.476893    14.0685     5.8016     28.782    31.7259    23.6450 0.0000e+00
 279.444890     29.168  38.475655    14.0697     5.7947     28.923    31.7237    23.6431 0.0000e+00
 279.444896     29.306  38.474306    14.0698     5.7884     29.059    31.7223    23.6420 0.0000e+00
 279.444902     29.476  38.473829    14.0687     5.7919     29.228    31.7227    23.6426 0.0000e+00
 279.444907     29.697  38.474690    14.0678     5.8092     29.447    31.7242    23.6439 0.0000e+00
 279.444913     29.962  38.476899    14.0683     5.8210     29.710    31.7257    23.6449 0.0000e+00
 279.444919     30.253  38.481139    14.0706     5.8290     29.998    31.7276    23.6459 0.0000e+00
 279.444925     30.549  38.489680    14.0745     5.8310     30.292    31.7321    23.6486 0.0000e+00
 279.444931     30.833  38.501004    14.0787     5.8154     30.573    31.7389    23.6530 0.0000e+00
 279.444936     31.094  38.510021    14.0834     5.7999     30.832    31.7432    23.6554 0.0000e+00
 279.444942     31.334  38.516971    14.0898     5.8143     31.070    31.7442    23.6549 0.0000e+00
 279.444948     31.555  38.524939    14.0964     5.8327     31.289    31.7460    23.6549 0.0000e+00
 279.444954     31.762  38.533327    14.1009     5.8340     31.494    31.7499    23.6570 0.0000e+00
 279.444959     31.955  38.538736    14.1020     5.8601     31.686    31.7539    23.6599 0.0000e+00
 279.444965     32.133  38.538276    14.0995     5.8213     31.862    31.7555    23.6616 0.0000e+00
 279.444971     32.305  38.534115    14.0962     5.8068     32.033    31.7543    23.6614 0.0000e+00
 279.444977     32.484  38.531886    14.0958     5.8188     32.210    31.7525    23.6601 0.0000e+00
 279.444983     32.692  38.533638    14.0996     5.8229     32.417    31.7509    23.6581 0.0000e+00
 279.444988     32.936  38.538886    14.1057     5.8314     32.659    31.7506    23.6566 0.0000e+00
 279.444994     33.207  38.547143    14.1123     5.8258     32.927    31.7527    23.6568 0.0000e+00
 279.445000     33.492  38.557081    14.1184     5.8316     33.210    31.7566    23.6587 0.0000e+00
 279.445006     33.779  38.567747    14.1233     5.8354     33.494    31.7623    23.6620 0.0000e+00
 279.445012     34.052  38.578222    14.1279     5.8397     33.765    31.7680    23.6655 0.0000e+00
 279.445017     34.307  38.588268    14.1336     5.8283     34.018    31.7724    23.6677 0.0000e+00
 279.445023     34.552  38.600625    14.1395     5.8280     34.261    31.7788    23.6714 0.0000e+00
 279.445029     34.789  38.616075    14.1429     5.8341     34.496    31.7901    23.6794 0.0000e+00
 279.445035     35.016  38.627201    14.1434     5.8348     34.721    31.7998    23.6868 0.0000e+00
 279.445041     35.235  38.629782    14.1420     5.8360     34.938    31.8032    23.6898 0.0000e+00
 279.445046     35.455  38.632847    14.1383     5.8098     35.156    31.8090    23.6950 0.0000e+00
 279.445052     35.687  38.642714    14.1312     5.7989     35.386    31.8238    23.7079 0.0000e+00
 279.445058     35.927  38.656283    14.1220     5.7809     35.624    31.8437    23.7252 0.0000e+00
 279.445064     36.166  38.667548    14.1145     5.7911     35.861    31.8602    23.7394 0.0000e+00
 279.445069     36.401  38.671350    14.1075     5.8073     36.094    31.8694    23.7480 0.0000e+00
 279.445075     36.639  38.668823    14.0918     5.8317     36.330    31.8799    23.7594 0.0000e+00
 279.445081     36.882  38.660504    14.0613     5.8315     36.571    31.8974    23.7791 0.0000e+00
 279.445087     37.128  38.645933    14.0256     5.8194     36.815    31.9135    23.7989 0.0000e+00
 279.445093     37.372  38.630313    14.0009     5.8000     37.057    31.9195    23.8086 0.0000e+00
 279.445098     37.604  38.620804    13.9886     5.7853     37.287    31.9209    23.8121 0.0000e+00
 279.445104     37.820  38.617032    13.9786     5.7941     37.501    31.9256    23.8179 0.0000e+00
 279.445110     38.027  38.611150    13.9631     5.8030     37.706    31.9330    23.8267 0.0000e+00
 279.445116     38.228  38.598101    13.9437     5.8138     37.905    31.9370    23.8338 0.0000e+00
 279.445122     38.428  38.582880    13.9285     5.8113     38.104    31.9355    23.8357 0.0000e+00
 279.445127     38.632  38.575987    13.9189     5.8028     38.306    31.9371    23.8389 0.0000e+00
 279.445133     38.843  38.574376    13.9060     5.7870     38.515    31.9462    23.8486 0.0000e+00
 279.445139     39.066  38.566923    13.8881     5.7713     38.736    31.9541    23.8584 0.0000e+00
 279.445145     39.308  38.555441    13.8727     5.7669     38.976    31.9563    23.8631 0.0000e+00
 279.445150     39.569  38.548132    13.8630     5.7587     39.235    31.9575    23.8661 0.0000e+00
 279.445156     39.855  38.544199    13.8552     5.7592     39.519    31.9602    23.8698 0.0000e+00
 279.445162     40.171  38.538381    13.8465     5.7743     39.832    31.9620    23.8729 0.0000e+00
 279.445168     40.510  38.530752    13.8370     5.7906     40.168    31.9627    23.8754 0.0000e+00
 279.445174     40.861  38.524567    13.8278     5.7856     40.516    31.9645    23.8787 0.0000e+00
 279.445179     41.211  38.519965    13.8191     5.7612     40.863    31.9674    23.8827 0.0000e+00
 279.445185     41.552  38.514156    13.8096     5.7508     41.201    31.9698    23.8865 0.0000e+00
 279.445191     41.886  38.506103    13.7995     5.7438     41.532    31.9706    23.8892 0.0000e+00
 279.445197     42.215  38.497378    13.7899     5.7559     41.858    31.9704    23.8910 0.0000e+00
 279.445203     42.539  38.489777    13.7822     5.7686     42.180    31.9697    23.8920 0.0000e+00
 279.445208     42.850  38.484352    13.7783     5.7635     42.488    31.9678    23.8913 0.0000e+00
 279.445214     43.132  38.482257    13.7785     5.7509     42.768    31.9656    23.8896 0.0000e+00
 279.445220     43.378  38.483486    13.7819     5.7405     43.011    31.9638    23.8875 0.0000e+00
 279.445226     43.599  38.486862    13.7860     5.7413     43.231    31.9634    23.8864 0.0000e+00
 279.445231     43.817  38.490713    13.7870     5.7496     43.447    31.9661    23.8882 0.0000e+00
 279.445237     44.047  38.491204    13.7838     5.7440     43.675    31.9691    23.8912 0.0000e+00
 279.445243     44.290  38.486737    13.7785     5.7370     43.916    31.9693    23.8925 0.0000e+00
 279.445249     44.545  38.481428    13.7722     5.7429     44.168    31.9695    23.8939 0.0000e+00
 279.445255     44.815  38.477149    13.7653     5.7331     44.436    31.9712    23.8966 0.0000e+00
 279.445260     45.108  38.472662    13.7589     5.7310     44.727    31.9723    23.8988 0.0000e+00
 279.445266     45.427  38.469252    13.7534     5.7310     45.043    31.9736    23.9009 0.0000e+00
 279.445272     45.765  38.466842    13.7484     5.7154     45.378    31.9754    23.9033 0.0000e+00
 279.445278     46.118  38.463884    13.7446     5.7136     45.728    31.9757    23.9043 0.0000e+00
 279.445284     46.475  38.461461    13.7421     5.7153     46.082    31.9754    23.9046 0.0000e+00
 279.445289     46.816  38.460248    13.7405     5.7193     46.420    31.9755    23.9050 0.0000e+00
 279.445295     47.127  38.459175    13.7393     5.7290     46.728    31.9754    23.9052 0.0000e+00
 279.445301     47.403  38.457915    13.7388     5.7405     47.002    31.9745    23.9046 0.0000e+00
 279.445307     47.636  38.457577    13.7391     5.7501     47.233    31.9738    23.9040 0.0000e+00
 279.445313     47.823  38.458818    13.7399     5.7518     47.418    31.9743    23.9042 0.0000e+00
 279.445318     47.973  38.460481    13.7411     5.7421     47.567    31.9747    23.9043 -9.990e-29
 279.445324     48.094  38.461410    13.7425     5.7343     47.687    31.9744    23.9038 -9.990e-29
 279.445330     48.195  38.461714    13.7435     5.7228     47.787    31.9738    23.9031 -9.990e-29
 279.445336     48.277  38.461787    13.7440     5.7305     47.868    31.9734    23.9027 -9.990e-29
 279.445341     48.341  38.461713    13.7439     5.7362     47.932    31.9734    23.9027 -9.990e-29
 279.445347     48.391  38.461383    13.7434     5.7460     47.982    31.9735    23.9029 -9.990e-29
 279.445353     48.427  38.460907    13.7430     5.7573     48.017    31.9734    23.9029 -9.990e-29
 279.445359     48.447  38.460760    13.7433     5.7705     48.037    31.9730    23.9025 -9.990e-29
 279.445365     48.451  38.461295    13.7442     5.7568     48.041    31.9727    23.9022 -9.990e-29
 279.445370     48.439  38.462093    13.7452     5.7621     48.029    31.9726    23.9019 -9.990e-29
 279.445376     48.412  38.462528    13.7458     5.7506     48.002    31.9725    23.9017 -9.990e-29
 279.445382     48.371  38.462608    13.7460     5.7368     47.962    31.9725    23.9016 -9.990e-29
 279.445388     48.324  38.462430    13.7458     5.7385     47.915    31.9725    23.9017 -9.990e-29
 279.445394     48.270  38.462307    13.7457     5.7329     47.862    31.9725    23.9017 -9.990e-29
 279.445399     48.206  38.462623    13.7457     5.7386     47.798    31.9728    23.9019 -9.990e-29
 279.445405     48.125  38.463229    13.7460     5.7423     47.718    31.9731    23.9021 -9.990e-29
 279.445411     48.016  38.463802    13.7467     5.7499     47.610    31.9731    23.9020 -9.990e-29
 279.445417     47.877  38.464533    13.7476     5.7443     47.472    31.9731    23.9018 0.0000e+00
 279.445422     47.708  38.465269    13.7480     5.7498     47.304    31.9735    23.9020 0.0000e+00
 279.445428     47.515  38.465299    13.7478     5.7421     47.113    31.9738    23.9022 0.0000e+00
 279.445434     47.312  38.464653    13.7474     5.7306     46.912    31.9736    23.9022 0.0000e+00
 279.445440     47.111  38.463583    13.7464     5.7384     46.712    31.9735    23.9023 0.0000e+00
 279.445446     46.930  38.462335    13.7451     5.7386     46.533    31.9735    23.9026 0.0000e+00
 279.445451     46.787  38.461474    13.7446     5.7594     46.391    31.9732    23.9024 -9.990e-29
 279.445457     46.690  38.461525    13.7457     5.7653     46.295    31.9724    23.9015 -9.990e-29
 279.445463     46.633  38.462547    13.7472     5.7614     46.239    31.9721    23.9010 -9.990e-29
 279.445469     46.599  38.463649    13.7481     5.7345     46.205    31.9724    23.9011 -9.990e-29
 279.445475     46.574  38.464051    13.7489     5.7130     46.180    31.9721    23.9007 -9.990e-29
 279.445480     46.551  38.464274    13.7497     5.7109     46.157    31.9716    23.9002 -9.990e-29
 279.445486     46.530  38.464605    13.7498     5.7166     46.136    31.9719    23.9003 -9.990e-29
 279.445492     46.508  38.464354    13.7491     5.7380     46.115    31.9722    23.9007 -9.990e-29
 279.445498     46.484  38.463735    13.7483     5.7594     46.091    31.9723    23.9010 -9.990e-29
 279.445503     46.458  38.463593    13.7481     5.7715     46.065    31.9724    23.9010 -9.990e-29
 279.445509     46.431  38.463728    13.7484     5.7564     46.038    31.9723    23.9009 -9.990e-29
 279.445515     46.407  38.463750    13.7489     5.7371     46.015    31.9719    23.9005 -9.990e-29
 279.445521     46.378  38.463676    13.7492     5.7259     45.986    31.9716    23.9002 -9.990e-29
 279.445527     46.340  38.463958    13.7494     5.7110     45.948    31.9717    23.9002 -9.990e-29
 279.445532     46.297  38.464961    13.7498     5.7166     45.905    31.9723    23.9006 -9.990e-29
 279.445538     46.270  38.465770    13.7500     5.7279     45.879    31.9729    23.9010 -9.990e-29
 279.445544     46.273  38.465215    13.7491     5.7334     45.882    31.9731    23.9014 -9.990e-29
 279.445550     46.307  38.463668    13.7473     5.7410     45.915    31.9732    23.9018 -9.990e-29
 279.445556     46.361  38.462415    13.7453     5.7385     45.969    31.9737    23.9026 -9.990e-29
 279.445561     46.421  38.461455    13.7437     5.7424     46.028    31.9741    23.9033 -9.990e-29
 279.445567     46.473  38.460616    13.7428     5.7441     46.080    31.9740    23.9034 -9.990e-29
 279.445573     46.514  38.460446    13.7421     5.7443     46.121    31.9744    23.9039 -9.990e-29
 279.445579     46.544  38.460146    13.7411     5.7500     46.150    31.9750    23.9045 -9.990e-29
 279.445584     46.558  38.459304    13.7404     5.7405     46.164    31.9748    23.9045 -9.990e-29
 279.445590     46.548  38.459027    13.7405     5.7305     46.154    31.9744    23.9042 -9.990e-29
 279.445596     46.518  38.459496    13.7410     5.7344     46.125    31.9745    23.9041 -9.990e-29
 279.445602     46.474  38.460204    13.7417     5.7270     46.081    31.9746    23.9040 -9.990e-29
 279.445608     46.422  38.460963    13.7425     5.7464     46.029    31.9746    23.9039 -9.990e-29
 279.445613     46.371  38.461658    13.7434     5.7525     45.979    31.9745    23.9037 -9.990e-29
 279.445619     46.336  38.462082    13.7442     5.7663     45.944    31.9743    23.9033 -9.990e-29
 279.445625     46.323  38.462231    13.7448     5.7627     45.931    31.9739    23.9029 -9.990e-29
 279.445631     46.326  38.462294    13.7452     5.7531     45.934    31.9736    23.9026 -9.990e-29
 279.445637     46.337  38.462344    13.7455     5.7414     45.945    31.9734    23.9024 -9.990e-29
 279.445642     46.353  38.462436    13.7460     5.7334     45.961    31.9731    23.9020 -9.990e-29
 279.445648     46.379  38.462684    13.7463     5.7297     45.987    31.9731    23.9019 -9.990e-29
 279.445654     46.425  38.462848    13.7461     5.7299     46.032    31.9734    23.9022 -9.990e-29
