data/oxygen options/ONMS/Olympic_Coast_National_Marine_Sanctuary_CTD_Data_2005_2023/raw_data/2011/CAST_KL027_061111faedb.cnv
* Sea-Bird SBE19 Data File:
* FileName = C:\Documents and Settings\OCNMS\Desktop\2011 mooring data\first service\CAST_KL027_061111.hex
* Software Version 1.24
* Temperature SN = 2997
* Conductivity SN = 2997
* System UpLoad Time = Jun 11 2011 14:56:54
** CAST_KL027_061111
* SEACAT PROFILER V3.1c SN 2997   06/11/11  14:55:57.775
# nquan = 9
# nvalues = 26                          
# units = specified
# name 0 = timeJ: Julian Days
# name 1 = prSM: Pressure, Strain Gauge [db]
# name 2 = c0mS/cm: Conductivity [mS/cm]
# name 3 = t090C: Temperature [ITS-90, deg C]
# name 4 = sbeox0ML/L: Oxygen, SBE 43 [ml/l]
# name 5 = depSM: Depth [salt water, m], lat = 47.5
# name 6 = sal00: Salinity, Practical [PSU]
# name 7 = sigma-é00: Density [sigma-theta, kg/m^3]
# name 8 = flag: flag
# span 0 = 162.389746, 162.390037       
# span 1 =      1.000,     26.000       
# span 2 =  34.151584,  35.337590       
# span 3 =     8.1408,    13.7356       
# span 4 =     3.4998,     6.9726       
# span 5 =      0.992,     25.782       
# span 6 =    28.0419,    32.7926       
# span 7 =    20.8690,    25.5196       
# span 8 = 0.0000e+00, 0.0000e+00       
# interval = decibars: 1                
# start_time = Jun 11 2011 09:20:04 [Instrument's time stamp, header]
# bad_flag = -9.990e-29
*END*
 162.389746      1.000  34.151584    13.7356     6.9012      0.992    28.0419    20.8690 0.0000e+00
 162.389761      2.000  34.193559    13.5835     6.9726      1.983    28.1913    21.0138 0.0000e+00
 162.389774      3.000  34.308420    13.2112     6.7077      2.975    28.5728    21.3798 0.0000e+00
 162.389787      4.000  34.507048    12.6937     6.3976      3.967    29.1522    21.9250 0.0000e+00
 162.389799      5.000  34.640812    12.1773     6.2313      4.958    29.6824    22.4307 0.0000e+00
 162.389811      6.000  34.794250    11.6851     6.2153      5.950    30.2239    22.9393 0.0000e+00
 162.389823      7.000  34.964735    11.3094     6.2373      6.942    30.6974    23.3735 0.0000e+00
 162.389835      8.000  35.076911    11.0444     6.1733      7.933    31.0284    23.6771 0.0000e+00
 162.389847      9.000  35.192696    10.9717     6.0064      8.925    31.2033    23.8257 0.0000e+00
 162.389858     10.000  35.337590    10.9193     5.8118      9.916    31.3904    23.9804 0.0000e+00
 162.389869     11.000  35.313662    10.7215     5.5100     10.908    31.5363    24.1279 0.0000e+00
 162.389879     12.000  35.157922    10.3603     5.1679     11.899    31.6941    24.3120 0.0000e+00
 162.389890     13.000  34.915089     9.9849     4.6891     12.891    31.7779    24.4398 0.0000e+00
 162.389901     14.000  34.756651     9.7195     4.0437     13.883    31.8511    24.5400 0.0000e+00
 162.389910     15.000  34.661809     9.4871     3.8850     14.874    31.9603    24.6627 0.0000e+00
 162.389921     16.000  34.573494     9.2770     4.0407     15.866    32.0573    24.7717 0.0000e+00
 162.389931     17.000  34.505453     9.1020     4.0360     16.857    32.1442    24.8670 0.0000e+00
 162.389942     18.000  34.402686     8.8838     3.9114     17.849    32.2346    24.9715 0.0000e+00
 162.389952     19.000  34.267821     8.6374     3.6979     18.841    32.3179    25.0743 0.0000e+00
 162.389962     20.000  34.229720     8.4664     3.5345     19.832    32.4344    25.1912 0.0000e+00
 162.389973     21.000  34.235618     8.3093     3.4998     20.824    32.5852    25.3328 0.0000e+00
 162.389984     22.000  34.263290     8.2013     3.5238     21.815    32.7145    25.4502 0.0000e+00
 162.389994     23.000  34.278155     8.1579     3.5479     22.807    32.7702    25.5002 0.0000e+00
 162.390006     24.000  34.282365     8.1435     3.5657     23.798    32.7876    25.5161 0.0000e+00
 162.390019     25.000  34.284125     8.1408     3.5885     24.790    32.7916    25.5196 0.0000e+00
 162.390037     26.000  34.295864     8.1526     3.6284     25.782    32.7926    25.5187 0.0000e+00
