data/oxygen options/ONMS/Olympic_Coast_National_Marine_Sanctuary_CTD_Data_2005_2023/raw_data/2011/CAST_MB042_060811faed.cnv
* Sea-Bird SBE19 Data File:
* FileName = C:\Documents and Settings\OCNMS\Desktop\2011 mooring data\first service\CAST_MB042_060811.hex
* Software Version 1.24
* Temperature SN = 2997
* Conductivity SN = 2997
* System UpLoad Time = Jun 08 2011 17:27:07
** CAST_MB042_060811
* SEACAT PROFILER V3.1c SN 2997   06/08/11  17:26:36.259
# nquan = 9                                 
# nvalues = 834                         
# units = specified
# name 0 = timeJ: Julian Days
# name 1 = prSM: Pressure, Strain Gauge [db]
# name 2 = c0mS/cm: Conductivity [mS/cm]
# name 3 = t090C: Temperature [ITS-90, deg C]
# name 4 = sbeox0ML/L: Oxygen, SBE 43 [ml/l]
# name 5 = depSM: Depth [salt water, m], lat = 47.5
# name 6 = sal00: Salinity, Practical [PSU]
# name 7 = sigma-é00: Density [sigma-theta, kg/m^3]
# name 8 = flag: flag
# span 0 = 159.507431, 159.512251       
# span 1 =     -5.668,     41.120       
# span 2 =   0.206088,  35.740858       
# span 3 =     7.5299,    14.5577       
# span 4 =    -2.0200,    20.0615       
# span 5 =     -5.621,     40.773       
# span 6 =     0.1241,    33.5984       
# span 7 =    -0.7356,    26.2409       
# span 8 = 0.0000e+00, 0.0000e+00       
# interval = seconds: 0.5
# start_time = Jun 08 2011 12:10:42 [Instrument's time stamp, header]
# bad_flag = -9.990e-29
*END*
[from data line 321]
 159.509288     12.248  34.067870     8.5162     4.5438     12.145    32.2222    25.0174 0.0000e+00
 159.509294     12.446  34.073595     8.5148     4.5211     12.342    32.2294    25.0232 0.0000e+00
 159.509300     12.641  34.076991     8.5071     4.4931     12.535    32.2399    25.0326 0.0000e+00
 159.509306     12.836  34.075805     8.4931     4.4605     12.728    32.2514    25.0437 0.0000e+00
 159.509311     13.030  34.072312     8.4769     4.4360     12.921    32.2624    25.0548 0.0000e+00
 159.509317     13.225  34.070749     8.4660     4.3985     13.114    32.2707    25.0629 0.0000e+00
 159.509323     13.422  34.071764     8.4603     4.3870     13.310    32.2769    25.0686 0.0000e+00
 159.509329     13.623  34.071604     8.4505     4.3556     13.509    32.2856    25.0769 0.0000e+00
 159.509334     13.826  34.067189     8.4310     4.3433     13.710    32.2987    25.0901 0.0000e+00
 159.509340     14.031  34.058168     8.4063     4.3316     13.913    32.3118    25.1040 0.0000e+00
 159.509346     14.227  34.047569     8.3893     4.3105     14.108    32.3161    25.1099 0.0000e+00
 159.509352     14.400  34.043589     8.3883     4.3081     14.279    32.3128    25.1074 0.0000e+00
 159.509358     14.553  34.048128     8.3948     4.2953     14.431    32.3115    25.1055 0.0000e+00
 159.509363     14.694  34.050933     8.3919     4.2975     14.571    32.3171    25.1103 0.0000e+00
 159.509369     14.838  34.045603     8.3729     4.2892     14.714    32.3288    25.1223 0.0000e+00
 159.509375     14.994  34.034490     8.3478     4.2911     14.868    32.3401    25.1349 0.0000e+00
 159.509381     15.153  34.023432     8.3308     4.2765     15.026    32.3440    25.1404 0.0000e+00
 159.509387     15.306  34.018334     8.3266     4.2731     15.178    32.3424    25.1398 0.0000e+00
 159.509392     15.448  34.019048     8.3285     4.2556     15.318    32.3414    25.1387 0.0000e+00
 159.509398     15.589  34.020302     8.3264     4.2367     15.458    32.3446    25.1415 0.0000e+00
 159.509404     15.747  34.017543     8.3165     4.2165     15.615    32.3507    25.1478 0.0000e+00
 159.509410     15.931  34.011511     8.3025     4.1980     15.797    32.3571    25.1549 0.0000e+00
 159.509416     16.141  34.005859     8.2897     4.1905     16.006    32.3628    25.1613 0.0000e+00
 159.509421     16.367  34.001385     8.2819     4.1901     16.230    32.3652    25.1643 0.0000e+00
 159.509427     16.595  33.999895     8.2800     4.1951     16.456    32.3653    25.1646 0.0000e+00
 159.509433     16.814  34.002694     8.2812     4.1854     16.673    32.3670    25.1658 0.0000e+00
 159.509439     17.024  34.006729     8.2824     4.1892     16.881    32.3701    25.1680 0.0000e+00
 159.509444     17.230  34.011155     8.2840     4.1834     17.085    32.3732    25.1702 0.0000e+00
 159.509450     17.433  34.019571     8.2874     4.1972     17.287    32.3788    25.1742 0.0000e+00
 159.509456     17.623  34.031373     8.2914     4.1873     17.475    32.3875    25.1804 0.0000e+00
 159.509462     17.792  34.040395     8.2938     4.1808     17.643    32.3948    25.1857 0.0000e+00
 159.509468     17.942  34.044042     8.2941     4.1598     17.791    32.3983    25.1884 0.0000e+00
 159.509473     18.087  34.044876     8.2929     4.1593     17.935    32.4002    25.1901 0.0000e+00
 159.509479     18.239  34.046185     8.2909     4.1497     18.086    32.4034    25.1929 0.0000e+00
 159.509485     18.405  34.049089     8.2882     4.1557     18.251    32.4088    25.1976 0.0000e+00
 159.509491     18.583  34.052919     8.2858     4.1533     18.427    32.4150    25.2028 0.0000e+00
 159.509497     18.770  34.057115     8.2837     4.1468     18.613    32.4213    25.2080 0.0000e+00
 159.509502     18.969  34.061607     8.2810     4.1507     18.810    32.4284    25.2140 0.0000e+00
 159.509508     19.182  34.066722     8.2778     4.1336     19.021    32.4367    25.2210 0.0000e+00
 159.509514     19.399  34.072493     8.2751     4.1220     19.236    32.4452    25.2281 0.0000e+00
 159.509520     19.609  34.077592     8.2744     4.1056     19.444    32.4511    25.2328 0.0000e+00
 159.509525     19.805  34.080350     8.2737     4.1112     19.639    32.4546    25.2356 0.0000e+00
 159.509531     19.989  34.081021     8.2700     4.0985     19.821    32.4587    25.2394 0.0000e+00
 159.509537     20.173  34.081553     8.2639     4.1162     20.004    32.4648    25.2451 0.0000e+00
 159.509543     20.361  34.082979     8.2575     4.1102     20.190    32.4721    25.2518 0.0000e+00
 159.509549     20.544  34.084927     8.2526     4.1136     20.372    32.4786    25.2576 0.0000e+00
 159.509554     20.710  34.086993     8.2508     4.1183     20.536    32.4824    25.2608 0.0000e+00
 159.509560     20.863  34.088565     8.2509     4.1154     20.688    32.4839    25.2620 0.0000e+00
 159.509566     21.012  34.089878     8.2503     4.1267     20.836    32.4858    25.2635 0.0000e+00
 159.509572     21.167  34.092697     8.2484     4.1096     20.989    32.4904    25.2675 0.0000e+00
 159.509578     21.332  34.096870     8.2467     4.1193     21.153    32.4963    25.2724 0.0000e+00
 159.509583     21.506  34.100695     8.2460     4.0924     21.325    32.5009    25.2761 0.0000e+00
 159.509589     21.683  34.103680     8.2457     4.1001     21.501    32.5043    25.2788 0.0000e+00
 159.509595     21.861  34.105896     8.2443     4.0827     21.677    32.5079    25.2818 0.0000e+00
 159.509601     22.048  34.108069     8.2409     4.0874     21.863    32.5132    25.2865 0.0000e+00
 159.509606     22.245  34.110308     8.2369     4.0936     22.058    32.5192    25.2918 0.0000e+00
 159.509612     22.441  34.112248     8.2338     4.0942     22.252    32.5240    25.2960 0.0000e+00
 159.509618     22.618  34.115367     8.2321     4.0795     22.428    32.5288    25.3000 0.0000e+00
 159.509624     22.770  34.119351     8.2319     4.0695     22.579    32.5332    25.3034 0.0000e+00
 159.509630     22.901  34.121685     8.2322     4.0552     22.709    32.5353    25.3051 0.0000e+00
 159.509635     23.026  34.122129     8.2304     4.0589     22.833    32.5374    25.3070 0.0000e+00
 159.509641     23.160  34.122409     8.2245     4.0563     22.965    32.5431    25.3123 0.0000e+00
 159.509647     23.308  34.124590     8.2170     4.0465     23.112    32.5523    25.3206 0.0000e+00
 159.509653     23.461  34.128234     8.2122     4.0348     23.264    32.5605    25.3278 0.0000e+00
 159.509659     23.618  34.130929     8.2093     4.0252     23.420    32.5660    25.3325 0.0000e+00
 159.509664     23.778  34.132355     8.2040     4.0267     23.578    32.5723    25.3383 0.0000e+00
 159.509670     23.944  34.133304     8.1956     4.0155     23.743    32.5811    25.3464 0.0000e+00
 159.509676     24.113  34.133933     8.1871     4.0239     23.910    32.5895    25.3543 0.0000e+00
 159.509682     24.280  34.134532     8.1800     4.0123     24.076    32.5967    25.3609 0.0000e+00
 159.509688     24.441  34.135908     8.1729     4.0177     24.236    32.6047    25.3682 0.0000e+00
 159.509693     24.599  34.138227     8.1674     4.0088     24.392    32.6122    25.3749 0.0000e+00
 159.509699     24.755  34.140671     8.1659     4.0084     24.547    32.6161    25.3782 0.0000e+00
 159.509705     24.910  34.142586     8.1666     4.0185     24.701    32.6174    25.3791 0.0000e+00
 159.509711     25.066  34.143736     8.1666     4.0140     24.855    32.6185    25.3800 0.0000e+00
 159.509716     25.223  34.143986     8.1650     4.0315     25.011    32.6202    25.3816 0.0000e+00
 159.509722     25.380  34.143683     8.1630     4.0352     25.167    32.6217    25.3830 0.0000e+00
 159.509728     25.532  34.144113     8.1625     4.0386     25.317    32.6225    25.3838 0.0000e+00
 159.509734     25.683  34.145860     8.1639     4.0311     25.467    32.6230    25.3840 0.0000e+00
 159.509740     25.831  34.147903     8.1662     4.0227     25.614    32.6230    25.3836 0.0000e+00
 159.509745     25.983  34.149618     8.1690     4.0128     25.765    32.6221    25.3825 0.0000e+00
 159.509751     26.144  34.152745     8.1728     4.0234     25.924    32.6218    25.3817 0.0000e+00
 159.509757     26.310  34.159224     8.1771     4.0131     26.089    32.6246    25.3833 0.0000e+00
 159.509763     26.481  34.168744     8.1807     4.0205     26.258    32.6313    25.3880 0.0000e+00
 159.509769     26.654  34.179452     8.1816     4.0066     26.430    32.6417    25.3960 0.0000e+00
 159.509774     26.818  34.188276     8.1782     4.0113     26.592    32.6542    25.4063 0.0000e+00
 159.509780     26.963  34.192991     8.1746     4.0018     26.736    32.6625    25.4133 0.0000e+00
 159.509786     27.089  34.194296     8.1746     3.9973     26.861    32.6638    25.4144 -9.990e-29
 159.509792     27.204  34.194503     8.1753     3.9875     26.975    32.6633    25.4139 -9.990e-29
 159.509797     27.311  34.194456     8.1728     3.9840     27.081    32.6655    25.4160 -9.990e-29
 159.509803     27.418  34.194106     8.1667     3.9855     27.187    32.6708    25.4210 -9.990e-29
 159.509809     27.534  34.193558     8.1594     3.9782     27.302    32.6769    25.4269 -9.990e-29
 159.509815     27.660  34.192094     8.1532     3.9663     27.427    32.6811    25.4311 0.0000e+00
 159.509821     27.785  34.190572     8.1483     3.9440     27.551    32.6840    25.4341 -9.990e-29
 159.509826     27.909  34.190892     8.1453     3.9390     27.674    32.6871    25.4370 -9.990e-29
 159.509832     28.040  34.192931     8.1424     3.9196     27.804    32.6919    25.4412 0.0000e+00
 159.509838     28.183  34.195497     8.1336     3.9383     27.946    32.7028    25.4510 0.0000e+00
 159.509844     28.333  34.197543     8.1181     3.9251     28.095    32.7193    25.4662 0.0000e+00
 159.509850     28.482  34.197888     8.1022     3.9306     28.242    32.7345    25.4805 0.0000e+00
 159.509855     28.623  34.197003     8.0929     3.9059     28.382    32.7422    25.4878 0.0000e+00
 159.509861     28.753  34.197076     8.0907     3.8790     28.511    32.7442    25.4898 -9.990e-29
 159.509867     28.874  34.198210     8.0892     3.8703     28.631    32.7468    25.4920 -9.990e-29
 159.509873     28.995  34.198567     8.0806     3.8554     28.751    32.7551    25.4998 -9.990e-29
 159.509878     29.129  34.198076     8.0632     3.8576     28.884    32.7708    25.5147 0.0000e+00
 159.509884     29.278  34.198897     8.0455     3.8592     29.032    32.7882    25.5309 0.0000e+00
 159.509890     29.431  34.201572     8.0352     3.8440     29.183    32.8006    25.5422 0.0000e+00
 159.509896     29.577  34.204077     8.0310     3.8532     29.328    32.8072    25.5479 0.0000e+00
 159.509902     29.711  34.205279     8.0268     3.8478     29.461    32.8123    25.5526 0.0000e+00
 159.509907     29.839  34.205669     8.0190     3.8467     29.588    32.8200    25.5597 -9.990e-29
 159.509913     29.963  34.205780     8.0108     3.8514     29.711    32.8277    25.5670 -9.990e-29
 159.509919     30.079  34.206330     8.0077     3.8251     29.826    32.8312    25.5701 -9.990e-29
 159.509925     30.182  34.207501     8.0092     3.8217     29.928    32.8310    25.5698 -9.990e-29
 159.509931     30.282  34.208065     8.0109     3.8085     30.027    32.8299    25.5687 -9.990e-29
 159.509936     30.403  34.207104     8.0094     3.8072     30.147    32.8303    25.5692 -9.990e-29
 159.509942     30.557  34.205031     8.0047     3.7938     30.300    32.8324    25.5715 0.0000e+00
 159.509948     30.740  34.203017     7.9985     3.7870     30.481    32.8360    25.5753 0.0000e+00
 159.509954     30.943  34.201186     7.9920     3.7605     30.682    32.8400    25.5794 0.0000e+00
 159.509959     31.158  34.199345     7.9853     3.7544     30.896    32.8443    25.5837 0.0000e+00
 159.509965     31.385  34.197850     7.9772     3.7316     31.121    32.8502    25.5895 0.0000e+00
 159.509971     31.625  34.196959     7.9662     3.7369     31.359    32.8594    25.5984 0.0000e+00
 159.509977     31.873  34.198852     7.9537     3.7322     31.605    32.8731    25.6109 0.0000e+00
 159.509983     32.119  34.204941     7.9438     3.7208     31.848    32.8888    25.6247 0.0000e+00
 159.509988     32.352  34.211593     7.9386     3.7175     32.079    32.9007    25.6348 0.0000e+00
 159.509994     32.567  34.214807     7.9360     3.7003     32.293    32.9065    25.6397 0.0000e+00
 159.510000     32.772  34.214957     7.9294     3.6972     32.496    32.9127    25.6456 0.0000e+00
 159.510006     32.980  34.213375     7.9162     3.6990     32.702    32.9234    25.6558 0.0000e+00
 159.510012     33.183  34.211324     7.9038     3.7135     32.903    32.9328    25.6650 0.0000e+00
 159.510017     33.365  34.211117     7.8984     3.7107     33.084    32.9376    25.6695 0.0000e+00
 159.510023     33.519  34.212485     7.8983     3.7196     33.237    32.9391    25.6707 0.0000e+00
 159.510029     33.652  34.213341     7.8998     3.7053     33.368    32.9385    25.6701 -9.990e-29
 159.510035     33.771  34.213158     7.9012     3.7056     33.486    32.9369    25.6686 -9.990e-29
 159.510041     33.884  34.212264     7.9027     3.6971     33.598    32.9345    25.6665 -9.990e-29
 159.510046     34.002  34.211159     7.9036     3.6975     33.715    32.9324    25.6648 -9.990e-29
 159.510052     34.142  34.210061     7.9020     3.6891     33.854    32.9327    25.6652 0.0000e+00
 159.510058     34.317  34.209201     7.8971     3.6892     34.028    32.9363    25.6688 0.0000e+00
 159.510064     34.534  34.210244     7.8912     3.6711     34.243    32.9429    25.6748 0.0000e+00
 159.510069     34.789  34.214591     7.8859     3.6695     34.496    32.9524    25.6830 0.0000e+00
 159.510075     35.068  34.221329     7.8810     3.6707     34.772    32.9641    25.6929 0.0000e+00
 159.510081     35.355  34.228808     7.8758     3.6756     35.057    32.9769    25.7037 0.0000e+00
 159.510087     35.639  34.236930     7.8706     3.6718     35.339    32.9904    25.7150 0.0000e+00
 159.510093     35.916  34.246455     7.8664     3.6592     35.613    33.0044    25.7267 0.0000e+00
 159.510098     36.186  34.255532     7.8629     3.6448     35.881    33.0173    25.7373 0.0000e+00
 159.510104     36.449  34.261153     7.8591     3.6306     36.142    33.0268    25.7453 0.0000e+00
 159.510110     36.705  34.263542     7.8532     3.6223     36.395    33.0348    25.7525 0.0000e+00
 159.510116     36.954  34.265896     7.8445     3.5791     36.642    33.0454    25.7621 0.0000e+00
 159.510122     37.193  34.270805     7.8364     3.5320     36.879    33.0583    25.7733 0.0000e+00
 159.510127     37.421  34.276423     7.8326     3.4746     37.105    33.0678    25.7813 0.0000e+00
 159.510133     37.639  34.280171     7.8285     3.4129     37.321    33.0756    25.7880 0.0000e+00
 159.510139     37.862  34.285935     7.8120     3.3752     37.543    33.0973    25.8075 0.0000e+00
 159.510145     38.108  34.304211     7.7725     3.3532     37.786    33.1543    25.8579 0.0000e+00
 159.510150     38.379  34.345380     7.7103     3.3328     38.055    33.2577    25.9481 0.0000e+00
 159.510156     38.663  34.404984     7.6419     3.3330     38.337    33.3872    26.0596 0.0000e+00
 159.510162     38.949  34.458898     7.5889     3.3383     38.620    33.4962    26.1529 0.0000e+00
 159.510168     39.231  34.488847     7.5583     3.3450     38.900    33.5580    26.2058 0.0000e+00
 159.510174     39.508  34.500039     7.5434     3.3519     39.175    33.5844    26.2286 0.0000e+00
 159.510179     39.771  34.504037     7.5370     3.3547     39.435    33.5947    26.2377 0.0000e+00
 159.510185     40.016  34.505620     7.5349     3.3644     39.678    33.5984    26.2409 0.0000e+00
 159.510191     40.236  34.506345     7.5356     3.3674     39.896    33.5984    26.2408 0.0000e+00
 159.510197     40.424  34.507190     7.5393     3.3846     40.083    33.5956    26.2381 0.0000e+00
 159.510203     40.579  34.508173     7.5471     3.3893     40.236    33.5891    26.2318 -9.990e-29
