data/oxygen options/ONMS/Olympic_Coast_National_Marine_Sanctuary_CTD_Data_2005_2023/raw_data/2011/CAST_KL027_082511faedb.cnv
* Sea-Bird SBE19 Data File:
* FileName = C:\Documents and Settings\OCNMS\Desktop\2011 mooring data\3rd service\CAST_KL027_082511.hex
* Software Version 1.24
* Temperature SN = 2997
* Conductivity SN = 2997
* System UpLoad Time = Aug 25 2011 15:20:51
** CAST_KL027_082511
* SEACAT PROFILER V3.1c SN 2997   08/25/11  15:20:23.187
# nquan = 9
# nvalues = 27                          
# units = specified
# name 0 = timeJ: Julian Days
# name 1 = prSM: Pressure, Strain Gauge [db]
# name 2 = c0mS/cm: Conductivity [mS/cm]
# name 3 = t090C: Temperature [ITS-90, deg C]
# name 4 = sbeox0ML/L: Oxygen, SBE 43 [ml/l]
# name 5 = depSM: Depth [salt water, m], lat = 47.5
# name 6 = sal00: Salinity, Practical [PSU]
# name 7 = sigma-é00: Density [sigma-theta, kg/m^3]
# name 8 = flag: flag
# span 0 = 237.475626, 237.476354       
# span 1 =      2.000,     28.000       
# span 2 =  34.588905,  38.258749       
# span 3 =     7.6584,    12.6637       
# span 4 =     1.7703,     9.4970       
# span 5 =      1.984,     27.765       
# span 6 =    32.7206,    33.5765       
# span 7 =    24.6933,    26.2053       
# span 8 = 0.0000e+00, 0.0000e+00       
# interval = decibars: 1                
# start_time = Aug 25 2011 11:17:28 [Instrument's time stamp, header]
# bad_flag = -9.990e-29
*END*
 237.475626      2.000  38.258749    12.6637     9.4970      1.984    32.7206    24.6933 0.0000e+00
 237.475663      3.000  38.118503    12.5043     9.3863      2.975    32.7250    24.7272 0.0000e+00
 237.475692      4.000  38.020806    12.3767     9.2004      3.967    32.7423    24.7651 0.0000e+00
 237.475718      5.000  37.942148    12.2860     9.0358      4.958    32.7456    24.7849 0.0000e+00
 237.475746      6.000  37.866538    12.1829     8.2998      5.950    32.7627    24.8177 0.0000e+00
 237.475772      7.000  37.631407    11.8287     6.3560      6.941    32.8466    24.9488 0.0000e+00
 237.475795      8.000  36.789192    10.7650     5.9905      7.933    32.9661    25.2329 0.0000e+00
 237.475817      9.000  36.367384    10.3515     6.1418      8.925    32.9170    25.2666 0.0000e+00
 237.475843     10.000  36.426983    10.4660     4.1698      9.916    32.8733    25.2130 0.0000e+00
 237.475867     11.000  35.828476     9.5270     2.5883     10.908    33.1226    25.5642 0.0000e+00
 237.475888     12.000  35.177557     8.6032     2.4515     11.900    33.3076    25.8545 0.0000e+00
 237.475912     13.000  34.994277     8.3133     2.1311     12.891    33.3883    25.9618 0.0000e+00
 237.475935     14.000  34.712445     7.8479     2.1791     13.883    33.5316    26.1431 0.0000e+00
 237.475963     15.000  34.682948     7.8132     2.2288     14.874    33.5329    26.1491 0.0000e+00
 237.476003     16.000  34.688204     7.8270     2.2104     15.866    33.5248    26.1408 0.0000e+00
 237.476046     17.000  34.683791     7.7910     2.0792     16.857    33.5543    26.1692 0.0000e+00
 237.476077     18.000  34.650378     7.7664     2.0512     17.849    33.5415    26.1628 0.0000e+00
 237.476106     19.000  34.632697     7.7179     1.9071     18.841    33.5688    26.1912 0.0000e+00
 237.476130     20.000  34.606425     7.6808     1.8703     19.832    33.5757    26.2020 0.0000e+00
 237.476156     21.000  34.600364     7.6797     1.8777     20.824    33.5699    26.1975 0.0000e+00
 237.476184     22.000  34.607268     7.6813     1.8455     21.815    33.5753    26.2016 0.0000e+00
 237.476207     23.000  34.597472     7.6692     1.8362     22.807    33.5759    26.2038 0.0000e+00
 237.476230     24.000  34.595147     7.6662     1.8127     23.798    33.5758    26.2042 0.0000e+00
 237.476252     25.000  34.592369     7.6619     1.8065     24.790    33.5765    26.2053 0.0000e+00
 237.476273     26.000  34.588905     7.6584     1.8026     25.781    33.5756    26.2051 0.0000e+00
 237.476296     27.000  34.591393     7.6606     1.7891     26.773    33.5757    26.2050 0.0000e+00
 237.476354     28.000  34.592080     7.6637     1.7703     27.765    33.5730    26.2024 0.0000e+00
