data/oxygen options/ONMS/Olympic_Coast_National_Marine_Sanctuary_CTD_Data_2005_2023/raw_data/2011/CAST_CE065_072111faed.cnv
* Sea-Bird SBE19 Data File:
* FileName = C:\velocity\CATFILES\202_102045_CE065000.hex
* Software Version 1.59
* Temperature SN = 2997
* Conductivity SN = 2997
* System UpLoad Time = Jul 21 2011 18:08:53
* ds
* SEACAT PROFILER V3.1c SN 2997   07/21/11  11:08:04.766
# nquan = 9                                 
# nvalues = 5086                        
# units = specified
# name 0 = timeJ: Julian Days
# name 1 = prSM: Pressure, Strain Gauge [db]
# name 2 = c0mS/cm: Conductivity [mS/cm]
# name 3 = t090C: Temperature [ITS-90, deg C]
# name 4 = sbeox0ML/L: Oxygen, SBE 43 [ml/l]
# name 5 = depSM: Depth [salt water, m], lat = 47.5
# name 6 = sal00: Salinity, Practical [PSU]
# name 7 = sigma-é00: Density [sigma-theta, kg/m^3]
# name 8 = flag: flag
# span 0 = 202.431076, 202.460503       
# span 1 =     -5.727,     65.005       
# span 2 =   0.032083,  37.521274       
# span 3 =     7.3311,    16.0191       
# span 4 =   -13.8339,    16.1046       
# span 5 =     -5.679,     64.452       
# span 6 =     0.0226,    33.8136       
# span 7 =    -0.9069,    26.4391       
# span 8 = 0.0000e+00, 0.0000e+00       
# interval = seconds: 0.5
# start_time = Jul 21 2011 10:20:45 [Instrument's time stamp, header]
# bad_flag = -9.990e-29
*END*
[from data line 321]
 202.432934      1.667  35.184684    15.9042     7.0537      1.653    27.4172    19.9449 0.0000e+00
 202.432940      1.895  35.199617    15.8810     6.9411      1.879    27.4460    19.9721 0.0000e+00
 202.432946      2.129  35.223610    15.8589     6.7802      2.111    27.4820    20.0044 0.0000e+00
 202.432951      2.356  35.243240    15.8463     6.6387      2.336    27.5076    20.0267 0.0000e+00
 202.432957      2.572  35.250459    15.8364     6.5715      2.551    27.5207    20.0389 0.0000e+00
 202.432963      2.782  35.251463    15.8126     6.5352      2.759    27.5380    20.0573 0.0000e+00
 202.432969      2.996  35.253680    15.7438     6.5445      2.971    27.5877    20.1101 0.0000e+00
 202.432975      3.227  35.258882    15.5809     6.6096      3.200    27.7060    20.2355 0.0000e+00
 202.432980      3.476  35.263302    15.3062     6.6940      3.447    27.9035    20.4451 0.0000e+00
 202.432986      3.730  35.275564    15.0219     6.7735      3.699    28.1171    20.6685 0.0000e+00
 202.432992      3.979  35.304649    14.8547     6.8555      3.946    28.2633    20.8155 0.0000e+00
 202.432998      4.226  35.342192    14.7689     6.9430      4.191    28.3589    20.9066 0.0000e+00
 202.433003      4.479  35.419652    14.6655     7.0092      4.442    28.5032    21.0388 0.0000e+00
 202.433009      4.739  35.616149    14.5474     7.0189      4.699    28.7658    21.2651 0.0000e+00
 202.433015      5.004  35.909774    14.4591     6.9882      4.962    29.0950    21.5366 0.0000e+00
 202.433021      5.267  36.184159    14.3899     6.9537      5.223    29.3942    21.7811 0.0000e+00
 202.433027      5.529  36.394114    14.3092     6.9627      5.483    29.6453    21.9909 0.0000e+00
 202.433032      5.789  36.542348    14.2327     7.0053      5.741    29.8383    22.1552 0.0000e+00
 202.433038      6.042  36.627659    14.1903     7.0577      5.991    29.9484    22.2487 0.0000e+00
 202.433044      6.282  36.659566    14.1571     7.1179      6.229    30.0031    22.2976 0.0000e+00
 202.433050      6.518  36.664850    14.0799     7.1516      6.463    30.0679    22.3631 0.0000e+00
 202.433056      6.763  36.672880    13.9644     7.1839      6.706    30.1654    22.4616 0.0000e+00
 202.433061      7.024  36.711653    13.8664     7.1901      6.965    30.2778    22.5680 0.0000e+00
 202.433067      7.297  36.804789    13.8169     7.2042      7.236    30.4022    22.6739 0.0000e+00
 202.433073      7.573  36.927430    13.8059     7.1871      7.510    30.5235    22.7697 0.0000e+00
 202.433079      7.841  37.030785    13.8118     7.1707      7.775    30.6137    22.8381 0.0000e+00
 202.433084      8.086  37.091314    13.8196     7.1656      8.018    30.6630    22.8746 0.0000e+00
 202.433090      8.312  37.110136    13.8198     7.1273      8.242    30.6800    22.8877 0.0000e+00
 202.433096      8.537  37.105562    13.8050     7.0977      8.466    30.6876    22.8965 0.0000e+00
 202.433102      8.772  37.103344    13.7774     7.1320      8.699    30.7075    22.9175 0.0000e+00
 202.433108      9.010  37.112777    13.7525     7.2284      8.935    30.7360    22.9445 0.0000e+00
 202.433113      9.244  37.124525    13.7387     7.2369      9.167    30.7578    22.9641 0.0000e+00
 202.433119      9.477  37.135137    13.7260     7.2552      9.398    30.7777    22.9820 0.0000e+00
 202.433125      9.714  37.151409    13.7061     7.2468      9.633    30.8086    23.0098 0.0000e+00
 202.433131      9.955  37.201685    13.6770     7.3049      9.872    30.8783    23.0694 0.0000e+00
 202.433137     10.187  37.299168    13.6461     7.3745     10.102    30.9932    23.1643 0.0000e+00
 202.433142     10.406  37.379445    13.6222     7.4197     10.319    31.0867    23.2413 0.0000e+00
 202.433148     10.615  37.401075    13.5664     7.3418     10.526    31.1520    23.3029 0.0000e+00
 202.433154     10.829  37.410741    13.4046     7.1977     10.738    31.2932    23.4441 0.0000e+00
 202.433160     11.052  37.450386    13.1434     6.9347     10.959    31.5458    23.6907 0.0000e+00
 202.433166     11.282  37.504477    12.8841     6.6139     11.188    31.8133    23.9481 0.0000e+00
 202.433171     11.516  37.521274    12.6882     6.3273     11.420    31.9946    24.1263 0.0000e+00
 202.433177     11.751  37.484967    12.5455     6.0966     11.653    32.0814    24.2209 0.0000e+00
 202.433183     11.985  37.415907    12.4178     5.9975     11.885    32.1245    24.2786 0.0000e+00
 202.433189     12.222  37.323895    12.2486     5.9219     12.120    32.1814    24.3547 0.0000e+00
 202.433194     12.466  37.216198    12.0130     5.8938     12.362    32.2809    24.4759 0.0000e+00
 202.433200     12.720  37.094723    11.7555     5.8332     12.613    32.3869    24.6057 0.0000e+00
 202.433206     12.976  36.951262    11.5404     5.7819     12.867    32.4350    24.6824 0.0000e+00
 202.433212     13.215  36.810489    11.4173     5.6958     13.104    32.4051    24.6814 0.0000e+00
 202.433218     13.431  36.741034    11.3875     5.6060     13.318    32.3632    24.6542 0.0000e+00
 202.433223     13.633  36.756550    11.3846     5.5044     13.519    32.3808    24.6684 0.0000e+00
 202.433229     13.834  36.785777    11.3162     5.4322     13.718    32.4695    24.7496 0.0000e+00
 202.433235     14.043  36.731524    11.1305     5.3580     13.925    32.5800    24.8687 0.0000e+00
 202.433241     14.255  36.561688    10.8965     5.2337     14.136    32.6196    24.9408 0.0000e+00
 202.433247     14.459  36.376181    10.7401     5.1188     14.338    32.5744    24.9329 0.0000e+00
 202.433252     14.650  36.288139    10.6865     4.9894     14.527    32.5343    24.9111 0.0000e+00
 202.433258     14.841  36.280259    10.6452     4.9181     14.717    32.5632    24.9407 0.0000e+00
 202.433264     15.053  36.242247    10.5219     4.8993     14.927    32.6354    25.0181 0.0000e+00
 202.433270     15.293  36.125014    10.3179     4.9280     15.165    32.7008    25.1039 0.0000e+00
 202.433275     15.548  35.974298    10.1121     4.9939     15.418    32.7344    25.1648 0.0000e+00
 202.433281     15.792  35.839320     9.9706     5.0333     15.660    32.7256    25.1816 0.0000e+00
 202.433287     16.001  35.748820     9.9230     5.0386     15.867    32.6767    25.1513 0.0000e+00
 202.433293     16.162  35.727576     9.9605     4.9982     16.026    32.6212    25.1017 -9.990e-29
 202.433299     16.282  35.769539    10.0270     4.9496     16.145    32.6036    25.0770 -9.990e-29
 202.433304     16.389  35.823623    10.0557     4.8883     16.252    32.6325    25.0947 -9.990e-29
 202.433310     16.521  35.838685    10.0233     4.8645     16.382    32.6769    25.1348 0.0000e+00
 202.433316     16.694  35.806744     9.9575     4.8384     16.554    32.7040    25.1669 0.0000e+00
 202.433322     16.902  35.761277     9.8883     4.7974     16.760    32.7204    25.1912 0.0000e+00
 202.433328     17.129  35.727229     9.8257     4.7710     16.985    32.7425    25.2188 0.0000e+00
 202.433333     17.359  35.693812     9.7818     4.7157     17.213    32.7483    25.2305 0.0000e+00
 202.433339     17.585  35.662839     9.7563     4.7045     17.437    32.7398    25.2280 0.0000e+00
 202.433345     17.808  35.638825     9.7228     4.7114     17.659    32.7457    25.2381 0.0000e+00
 202.433351     18.031  35.603651     9.6774     4.7054     17.880    32.7510    25.2497 0.0000e+00
 202.433356     18.245  35.565755     9.6453     4.6953     18.092    32.7414    25.2474 0.0000e+00
 202.433362     18.442  35.549543     9.6376     4.6898     18.287    32.7317    25.2411 0.0000e+00
 202.433368     18.624  35.552894     9.6434     4.6745     18.468    32.7298    25.2387 0.0000e+00
 202.433374     18.797  35.556106     9.6430     4.6644     18.639    32.7334    25.2415 0.0000e+00
 202.433380     18.971  35.546575     9.6242     4.6770     18.812    32.7407    25.2503 0.0000e+00
 202.433385     19.154  35.524944     9.5943     4.6617     18.993    32.7457    25.2591 0.0000e+00
 202.433391     19.344  35.502036     9.5659     4.6545     19.182    32.7481    25.2655 0.0000e+00
 202.433397     19.536  35.483607     9.5432     4.6095     19.372    32.7498    25.2706 0.0000e+00
 202.433403     19.730  35.467385     9.5295     4.5293     19.564    32.7456    25.2695 0.0000e+00
 202.433409     19.926  35.459643     9.5266     4.4593     19.759    32.7402    25.2657 0.0000e+00
 202.433414     20.122  35.461162     9.5244     4.3698     19.953    32.7437    25.2688 0.0000e+00
 202.433420     20.331  35.457637     9.5034     4.2910     20.160    32.7592    25.2843 0.0000e+00
 202.433426     20.571  35.433083     9.4502     4.2130     20.398    32.7825    25.3111 0.0000e+00
 202.433432     20.844  35.378190     9.3683     4.1883     20.669    32.8009    25.3386 0.0000e+00
 202.433438     21.133  35.298623     9.2742     4.1696     20.956    32.8051    25.3569 0.0000e+00
 202.433443     21.419  35.206892     9.1872     4.1689     21.239    32.7901    25.3590 0.0000e+00
 202.433449     21.689  35.121113     9.1167     4.1956     21.507    32.7660    25.3512 0.0000e+00
 202.433455     21.938  35.063418     9.0590     4.1910     21.754    32.7591    25.3549 0.0000e+00
 202.433461     22.167  35.036279     9.0104     4.2006     21.981    32.7756    25.3754 0.0000e+00
 202.433466     22.372  35.017967     8.9780     4.1764     22.184    32.7864    25.3889 0.0000e+00
 202.433472     22.553  35.000208     8.9697     4.1321     22.364    32.7755    25.3816 0.0000e+00
 202.433478     22.717  34.999537     8.9741     4.0978     22.526    32.7706    25.3772 0.0000e+00
 202.433484     22.880  35.010486     8.9695     4.0350     22.688    32.7862    25.3901 0.0000e+00
 202.433490     23.060  35.006136     8.9417     3.9747     22.866    32.8072    25.4109 0.0000e+00
 202.433495     23.269  34.976685     8.8878     3.8949     23.073    32.8263    25.4341 0.0000e+00
 202.433501     23.507  34.935405     8.8155     3.8121     23.309    32.8500    25.4639 0.0000e+00
 202.433507     23.767  34.891549     8.7309     3.7640     23.567    32.8826    25.5024 0.0000e+00
 202.433513     24.037  34.834695     8.6246     3.7262     23.835    32.9217    25.5493 0.0000e+00
 202.433519     24.304  34.746603     8.4980     3.7100     24.100    32.9471    25.5884 0.0000e+00
 202.433524     24.562  34.646879     8.3891     3.6924     24.356    32.9436    25.6020 0.0000e+00
 202.433530     24.807  34.586648     8.3309     3.6860     24.598    32.9344    25.6034 0.0000e+00
 202.433536     25.034  34.573945     8.3162     3.6628     24.824    32.9346    25.6058 0.0000e+00
 202.433542     25.248  34.579408     8.3147     3.6273     25.036    32.9417    25.6116 0.0000e+00
 202.433547     25.458  34.580556     8.3046     3.5778     25.244    32.9523    25.6214 0.0000e+00
 202.433553     25.669  34.575473     8.2896     3.5178     25.453    32.9608    25.6304 0.0000e+00
 202.433559     25.886  34.573534     8.2793     3.4662     25.668    32.9683    25.6378 0.0000e+00
 202.433565     26.110  34.576543     8.2712     3.3862     25.890    32.9790    25.6474 0.0000e+00
 202.433571     26.342  34.580024     8.2566     3.2935     26.120    32.9963    25.6631 0.0000e+00
 202.433576     26.585  34.579572     8.2270     3.1794     26.361    33.0236    25.6889 0.0000e+00
 202.433582     26.836  34.567777     8.1768     3.0884     26.610    33.0582    25.7235 0.0000e+00
 202.433588     27.095  34.540583     8.1123     3.0363     26.867    33.0900    25.7579 0.0000e+00
 202.433594     27.356  34.509786     8.0434     3.0266     27.126    33.1222    25.7933 0.0000e+00
 202.433600     27.614  34.489652     7.9770     3.0589     27.382    33.1635    25.8354 0.0000e+00
 202.433605     27.861  34.481790     7.9288     3.0649     27.627    33.2008    25.8717 0.0000e+00
 202.433611     28.082  34.483456     7.9122     3.0508     27.846    33.2182    25.8878 0.0000e+00
 202.433617     28.278  34.491733     7.9236     2.9619     28.040    33.2161    25.8845 0.0000e+00
 202.433623     28.466  34.500766     7.9436     2.8781     28.226    33.2067    25.8742 0.0000e+00
 202.433628     28.661  34.504034     7.9515     2.7941     28.420    33.2026    25.8699 0.0000e+00
 202.433634     28.878  34.502456     7.9296     2.7180     28.635    33.2216    25.8880 0.0000e+00
 202.433640     29.124  34.500002     7.8749     2.6916     28.879    33.2709    25.9347 0.0000e+00
 202.433646     29.395  34.497238     7.8181     2.6223     29.148    33.3221    25.9830 0.0000e+00
 202.433652     29.673  34.496546     7.7852     2.5431     29.423    33.3526    26.0118 0.0000e+00
 202.433657     29.946  34.498581     7.7744     2.4428     29.694    33.3650    26.0231 0.0000e+00
 202.433663     30.210  34.502600     7.7743     2.3142     29.956    33.3693    26.0265 0.0000e+00
 202.433669     30.468  34.506590     7.7724     2.2347     30.211    33.3753    26.0315 0.0000e+00
 202.433675     30.729  34.508505     7.7630     2.1625     30.470    33.3862    26.0414 0.0000e+00
 202.433681     30.997  34.513051     7.7515     2.1486     30.736    33.4020    26.0555 0.0000e+00
 202.433686     31.266  34.523404     7.7443     2.1418     31.003    33.4199    26.0706 0.0000e+00
 202.433692     31.529  34.536481     7.7426     2.1677     31.263    33.4355    26.0831 0.0000e+00
 202.433698     31.780  34.548354     7.7451     2.2194     31.512    33.4458    26.0908 0.0000e+00
 202.433704     32.019  34.556848     7.7492     2.2717     31.749    33.4508    26.0942 0.0000e+00
 202.433709     32.248  34.561443     7.7515     2.3213     31.976    33.4535    26.0959 0.0000e+00
 202.433715     32.477  34.562581     7.7510     2.3472     32.203    33.4551    26.0972 0.0000e+00
 202.433721     32.712  34.564493     7.7511     2.3988     32.436    33.4569    26.0987 0.0000e+00
 202.433727     32.946  34.573562     7.7543     2.4301     32.668    33.4635    26.1034 0.0000e+00
 202.433733     33.174  34.586673     7.7584     2.4634     32.894    33.4735    26.1107 0.0000e+00
 202.433738     33.396  34.594345     7.7610     2.5028     33.115    33.4792    26.1147 0.0000e+00
 202.433744     33.619  34.596082     7.7609     2.5305     33.336    33.4810    26.1162 0.0000e+00
 202.433750     33.847  34.596355     7.7570     2.5967     33.562    33.4849    26.1199 0.0000e+00
 202.433756     34.092  34.596562     7.7493     2.6294     33.805    33.4925    26.1269 0.0000e+00
 202.433762     34.360  34.595771     7.7393     2.6619     34.070    33.5011    26.1351 0.0000e+00
 202.433767     34.646  34.592841     7.7288     2.6814     34.354    33.5079    26.1420 0.0000e+00
 202.433773     34.944  34.588254     7.7195     2.6703     34.649    33.5118    26.1464 0.0000e+00
 202.433779     35.245  34.583644     7.7107     2.6753     34.948    33.5151    26.1503 0.0000e+00
 202.433785     35.549  34.580050     7.7006     2.6550     35.249    33.5209    26.1562 0.0000e+00
 202.433791     35.858  34.577072     7.6904     2.6500     35.556    33.5273    26.1628 0.0000e+00
 202.433796     36.164  34.574569     7.6823     2.6360     35.859    33.5323    26.1678 0.0000e+00
 202.433802     36.450  34.573033     7.6776     2.6363     36.143    33.5350    26.1707 0.0000e+00
 202.433808     36.699  34.573124     7.6775     2.6412     36.389    33.5351    26.1707 0.0000e+00
 202.433814     36.905  34.575434     7.6815     2.6230     36.594    33.5336    26.1690 0.0000e+00
 202.433819     37.078  34.579034     7.6863     2.6048     36.765    33.5328    26.1677 0.0000e+00
 202.433825     37.245  34.581361     7.6877     2.5679     36.931    33.5339    26.1683 0.0000e+00
 202.433831     37.434  34.580393     7.6839     2.5495     37.118    33.5364    26.1709 0.0000e+00
 202.433837     37.657  34.576435     7.6769     2.5255     37.339    33.5388    26.1737 0.0000e+00
 202.433843     37.911  34.571962     7.6703     2.4986     37.591    33.5402    26.1758 0.0000e+00
 202.433848     38.183  34.569320     7.6657     2.4749     37.861    33.5417    26.1776 0.0000e+00
