data/oxygen options/ONMS/Olympic_Coast_National_Marine_Sanctuary_CTD_Data_2005_2023/raw_data/2011/CAST_CE065_072111faed.cnv
* Sea-Bird SBE19 Data File:
* FileName = C:\velocity\CATFILES\202_102045_CE065000.hex
* Software Version 1.59
* Temperature SN = 2997
* Conductivity SN = 2997
* System UpLoad Time = Jul 21 2011 18:08:53
* ds
* SEACAT PROFILER V3.1c SN 2997   07/21/11  11:08:04.766
# nquan = 9                                 
# nvalues = 5086                        
# units = specified
# name 0 = timeJ: Julian Days
# name 1 = prSM: Pressure, Strain Gauge [db]
# name 2 = c0mS/cm: Conductivity [mS/cm]
# name 3 = t090C: Temperature [ITS-90, deg C]
# name 4 = sbeox0ML/L: Oxygen, SBE 43 [ml/l]
# name 5 = depSM: Depth [salt water, m], lat = 47.5
# name 6 = sal00: Salinity, Practical [PSU]
# name 7 = sigma-é00: Density [sigma-theta, kg/m^3]
# name 8 = flag: flag
# span 0 = 202.431076, 202.460503       
# span 1 =     -5.727,     65.005       
# span 2 =   0.032083,  37.521274       
# span 3 =     7.3311,    16.0191       
# span 4 =   -13.8339,    16.1046       
# span 5 =     -5.679,     64.452       
# span 6 =     0.0226,    33.8136       
# span 7 =    -0.9069,    26.4391       
# span 8 = 0.0000e+00, 0.0000e+00       
# interval = seconds: 0.5
# start_time = Jul 21 2011 10:20:45 [Instrument's time stamp, header]
# bad_flag = -9.990e-29
*END*
[from data line 2241]
 202.444045      0.383   0.513382    14.7961    -2.0056      0.380     0.3122    -0.6262 -9.990e-29
 202.444051      0.395   0.515353    14.7952    -2.0051      0.392     0.3134    -0.6251 -9.990e-29
 202.444057      0.404   0.517834    14.7958    -2.0051      0.401     0.3150    -0.6240 -9.990e-29
 202.444063      0.412   0.518041    14.7985    -2.0053      0.409     0.3151    -0.6243 -9.990e-29
 202.444068      0.417   0.515143    14.8032    -2.0057      0.414     0.3132    -0.6265 -9.990e-29
 202.444074      0.421   0.510812    14.8090    -2.0056      0.417     0.3105    -0.6295 -9.990e-29
 202.444080      0.424   0.508131    14.8149    -2.0054      0.420     0.3087    -0.6317 -9.990e-29
 202.444086      0.427   0.508509    14.8201    -2.0052      0.423     0.3089    -0.6323 -9.990e-29
 202.444091      0.428   0.509680    14.8244    -2.0048      0.424     0.3096    -0.6324 -9.990e-29
 202.444097      0.429   0.508222    14.8293    -2.0040      0.425     0.3087    -0.6339 -9.990e-29
 202.444103      0.430   0.503853    14.8344    -2.0034      0.426     0.3059    -0.6368 -9.990e-29
 202.444109      0.430   0.499049    14.8364    -2.0033      0.426     0.3029    -0.6394 -9.990e-29
 202.444115      0.429   0.495709    14.8346    -2.0031      0.425     0.3008    -0.6408 -9.990e-29
 202.444120      0.428   0.493808    14.8321    -2.0030      0.424     0.2997    -0.6413 -9.990e-29
 202.444126      0.426   0.491919    14.8324    -2.0029      0.422     0.2985    -0.6423 -9.990e-29
 202.444132      0.423   0.489182    14.8363    -2.0030      0.419     0.2967    -0.6442 -9.990e-29
 202.444138      0.420   0.486378    14.8433    -2.0028      0.416     0.2949    -0.6466 -9.990e-29
 202.444144      0.415   0.484194    14.8539    -2.0027      0.412     0.2935    -0.6493 -9.990e-29
 202.444149      0.409   0.482487    14.8667    -2.0026      0.406     0.2923    -0.6522 -9.990e-29
 202.444155      0.400   0.481194    14.8779    -2.0028      0.397     0.2915    -0.6545 -9.990e-29
 202.444161      0.394   0.480254    14.8857    -2.0028      0.391     0.2908    -0.6562 -9.990e-29
 202.444167      0.394   0.478966    14.8914    -2.0028      0.391     0.2900    -0.6577 -9.990e-29
 202.444172      0.395   0.476719    14.8954    -2.0033      0.392     0.2885    -0.6594 -9.990e-29
 202.444178      0.394   0.473838    14.8977    -2.0041      0.391     0.2867    -0.6612 -9.990e-29
 202.444184      0.389   0.470910    14.8993    -2.0046      0.386     0.2849    -0.6628 -9.990e-29
 202.444190      0.382   0.468458    14.9010    -2.0050      0.379     0.2834    -0.6643 -9.990e-29
 202.444196      0.371   0.467088    14.9024    -2.0049      0.368     0.2825    -0.6651 -9.990e-29
 202.444201      0.355   0.466635    14.9024    -2.0049      0.352     0.2822    -0.6654 -9.990e-29
 202.444207      0.339   0.465940    14.9012    -2.0047      0.336     0.2818    -0.6655 -9.990e-29
 202.444213      0.329   0.464629    14.8991    -2.0045      0.326     0.2810    -0.6658 -9.990e-29
 202.444219      0.325   0.463721    14.8943    -2.0042      0.322     0.2805    -0.6655 -9.990e-29
 202.444225      0.323   0.463665    14.8848    -2.0039      0.320     0.2805    -0.6641 -9.990e-29
 202.444230      0.326   0.463280    14.8727    -2.0036      0.323     0.2803    -0.6624 -9.990e-29
 202.444236      0.335   0.461497    14.8621    -2.0037      0.332     0.2793    -0.6616 -9.990e-29
 202.444242      0.345   0.458707    14.8560    -2.0038      0.342     0.2776    -0.6620 -9.990e-29
 202.444248      0.359   0.455617    14.8548    -2.0038      0.356     0.2757    -0.6633 -9.990e-29
 202.444253      0.372   0.452537    14.8566    -2.0035      0.369     0.2738    -0.6650 -9.990e-29
 202.444259      0.380   0.449788    14.8605    -2.0039      0.377     0.2720    -0.6670 -9.990e-29
 202.444265      0.385   0.447578    14.8658    -2.0041      0.382     0.2706    -0.6689 -9.990e-29
 202.444271      0.386   0.445728    14.8719    -2.0040      0.383     0.2694    -0.6707 -9.990e-29
 202.444277      0.385   0.443987    14.8779    -2.0037      0.382     0.2683    -0.6725 -9.990e-29
 202.444282      0.380   0.442246    14.8818    -2.0037      0.377     0.2672    -0.6739 -9.990e-29
 202.444288      0.375   0.440397    14.8830    -2.0036      0.372     0.2660    -0.6750 -9.990e-29
 202.444294      0.375   0.438743    14.8829    -2.0035      0.372     0.2650    -0.6758 -9.990e-29
 202.444300      0.375   0.437846    14.8832    -2.0034      0.372     0.2645    -0.6762 -9.990e-29
 202.444306      0.376   0.437617    14.8831    -2.0035      0.373     0.2643    -0.6763 -9.990e-29
 202.444311      0.381   0.437751    14.8809    -2.0040      0.378     0.2644    -0.6759 -9.990e-29
 202.444317      0.387   0.437875    14.8790    -2.0051      0.384     0.2645    -0.6756 -9.990e-29
 202.444323      0.390   0.437601    14.8800    -2.0063      0.387     0.2643    -0.6759 -9.990e-29
 202.444329      0.390   0.437116    14.8827    -2.0070      0.387     0.2640    -0.6765 -9.990e-29
 202.444334      0.391   0.436330    14.8856    -2.0071      0.388     0.2635    -0.6773 -9.990e-29
 202.444340      0.398   0.434749    14.8882    -2.0070      0.395     0.2625    -0.6785 -9.990e-29
 202.444346      0.406   0.432479    14.8896    -2.0068      0.403     0.2611    -0.6798 -9.990e-29
 202.444352      0.412   0.430922    14.8881    -2.0065      0.409     0.2601    -0.6803 -9.990e-29
 202.444358      0.417   0.432433    14.8817    -2.0063      0.414     0.2611    -0.6786 -9.990e-29
 202.444363      0.420   0.437365    14.8683    -2.0061      0.416     0.2643    -0.6742 -9.990e-29
 202.444369      0.422   0.442331    14.8488    -2.0060      0.418     0.2675    -0.6688 -9.990e-29
 202.444375      0.423   0.443435    14.8288    -2.0056      0.419     0.2683    -0.6651 -9.990e-29
 202.444381      0.423   0.440489    14.8147    -2.0053      0.419     0.2665    -0.6644 -9.990e-29
 202.444387      0.422   0.436761    14.8087    -2.0049      0.418     0.2643    -0.6652 -9.990e-29
 202.444392      0.420   0.435032    14.8087    -2.0046      0.416     0.2632    -0.6661 -9.990e-29
 202.444398      0.417   0.435213    14.8122    -2.0041      0.414     0.2633    -0.6665 -9.990e-29
 202.444404      0.413   0.435330    14.8173    -2.0039      0.410     0.2633    -0.6673 -9.990e-29
 202.444410      0.407   0.433881    14.8226    -2.0040      0.404     0.2624    -0.6688 -9.990e-29
 202.444416      0.399   0.431149    14.8279    -2.0043      0.396     0.2606    -0.6709 -9.990e-29
 202.444421      0.393   0.428475    14.8339    -2.0049      0.390     0.2590    -0.6731 -9.990e-29
 202.444427      0.392   0.426721    14.8410    -2.0056      0.389     0.2578    -0.6751 -9.990e-29
 202.444433      0.393   0.425766    14.8489    -2.0062      0.390     0.2572    -0.6767 -9.990e-29
 202.444439      0.391   0.424888    14.8574    -2.0066      0.388     0.2566    -0.6785 -9.990e-29
 202.444444      0.386   0.423473    14.8659    -2.0067      0.383     0.2557    -0.6805 -9.990e-29
 202.444450      0.378   0.421849    14.8729    -2.0069      0.375     0.2546    -0.6823 -9.990e-29
 202.444456      0.371   0.421171    14.8766    -2.0070      0.368     0.2542    -0.6832 -9.990e-29
 202.444462      0.372   0.421645    14.8757    -2.0070      0.369     0.2545    -0.6829 -9.990e-29
 202.444468      0.381   0.421688    14.8691    -2.0072      0.378     0.2545    -0.6818 -9.990e-29
 202.444473      0.391   0.420252    14.8575    -2.0071      0.388     0.2537    -0.6807 -9.990e-29
 202.444479      0.399   0.418191    14.8438    -2.0069      0.396     0.2525    -0.6796 -9.990e-29
 202.444485      0.403   0.416634    14.8314    -2.0065      0.400     0.2516    -0.6784 -9.990e-29
 202.444491      0.406   0.415719    14.8225    -2.0061      0.403     0.2511    -0.6775 -9.990e-29
 202.444497      0.406   0.414779    14.8172    -2.0057      0.403     0.2506    -0.6771 -9.990e-29
 202.444502      0.405   0.413117    14.8138    -2.0054      0.402     0.2496    -0.6774 -9.990e-29
 202.444508      0.401   0.410731    14.8114    -2.0050      0.398     0.2481    -0.6782 -9.990e-29
 202.444514      0.396   0.408317    14.8098    -2.0049      0.393     0.2466    -0.6791 -9.990e-29
 202.444520      0.391   0.406531    14.8097    -2.0049      0.388     0.2455    -0.6799 -9.990e-29
 202.444525      0.393   0.405207    14.8123    -2.0051      0.390     0.2447    -0.6810 -9.990e-29
 202.444531      0.396   0.403687    14.8179    -2.0051      0.393     0.2437    -0.6826 -9.990e-29
 202.444537      0.396   0.401604    14.8258    -2.0049      0.393     0.2424    -0.6848 -9.990e-29
 202.444543      0.393   0.398950    14.8349    -2.0047      0.390     0.2407    -0.6874 -9.990e-29
 202.444549      0.387   0.396063    14.8439    -2.0046      0.384     0.2388    -0.6902 -9.990e-29
 202.444554      0.379   0.393521    14.8518    -2.0046      0.376     0.2372    -0.6927 -9.990e-29
 202.444560      0.366   0.391811    14.8580    -2.0048      0.363     0.2361    -0.6944 -9.990e-29
 202.444566      0.354   0.390869    14.8615    -2.0046      0.351     0.2355    -0.6954 -9.990e-29
 202.444572      0.344   0.389994    14.8625    -2.0043      0.341     0.2350    -0.6960 -9.990e-29
 202.444578      0.338   0.388572    14.8622    -2.0039      0.335     0.2341    -0.6966 -9.990e-29
 202.444583      0.333   0.386924    14.8626    -2.0034      0.330     0.2331    -0.6975 -9.990e-29
 202.444589      0.326   0.385620    14.8649    -2.0030      0.323     0.2323    -0.6984 -9.990e-29
 202.444595      0.316   0.384584    14.8681    -2.0026      0.313     0.2316    -0.6994 -9.990e-29
 202.444601      0.312   0.383542    14.8706    -2.0022      0.309     0.2309    -0.7003 -9.990e-29
 202.444606      0.316   0.382211    14.8718    -2.0016      0.313     0.2301    -0.7011 -9.990e-29
 202.444612      0.330   0.380478    14.8731    -2.0016      0.327     0.2290    -0.7022 -9.990e-29
 202.444618      0.350   0.378802    14.8771    -2.0015      0.347     0.2280    -0.7036 -9.990e-29
 202.444624      0.368   0.377717    14.8842    -2.0014      0.365     0.2273    -0.7052 -9.990e-29
 202.444630      0.382   0.376885    14.8935    -2.0015      0.379     0.2267    -0.7070 -9.990e-29
 202.444635      0.393   0.375751    14.9037    -2.0017      0.390     0.2260    -0.7091 -9.990e-29
 202.444641      0.400   0.374465    14.9139    -2.0018      0.397     0.2251    -0.7113 -9.990e-29
 202.444647      0.406   0.373525    14.9235    -2.0019      0.403     0.2245    -0.7133 -9.990e-29
 202.444653      0.409   0.373338    14.9330    -2.0020      0.406     0.2243    -0.7148 -9.990e-29
 202.444659      0.410   0.373658    14.9415    -2.0020      0.407     0.2245    -0.7160 -9.990e-29
 202.444664      0.410   0.373805    14.9468    -2.0019      0.407     0.2245    -0.7167 -9.990e-29
 202.444670      0.407   0.373420    14.9493    -2.0021      0.404     0.2243    -0.7173 -9.990e-29
 202.444676      0.403   0.372547    14.9501    -2.0020      0.400     0.2237    -0.7178 -9.990e-29
 202.444682      0.401   0.371682    14.9490    -2.0016      0.398     0.2232    -0.7181 -9.990e-29
 202.444687      0.406   0.371333    14.9466    -2.0015      0.403     0.2230    -0.7179 -9.990e-29
 202.444693      0.412   0.371588    14.9438    -2.0014      0.409     0.2232    -0.7173 -9.990e-29
 202.444699      0.417   0.372237    14.9412    -2.0015      0.414     0.2236    -0.7166 -9.990e-29
 202.444705      0.420   0.373038    14.9396    -2.0015      0.416     0.2241    -0.7160 -9.990e-29
 202.444711      0.422   0.373952    14.9391    -2.0017      0.418     0.2247    -0.7155 -9.990e-29
 202.444716      0.424   0.374536    14.9389    -2.0017      0.420     0.2250    -0.7152 -9.990e-29
 202.444722      0.424   0.374463    14.9392    -2.0015      0.420     0.2250    -0.7152 -9.990e-29
 202.444728      0.424   0.374191    14.9418    -2.0014      0.420     0.2248    -0.7158 -9.990e-29
 202.444734      0.422   0.373911    14.9462    -2.0012      0.418     0.2246    -0.7166 -9.990e-29
 202.444740      0.420   0.373249    14.9497    -2.0009      0.416     0.2242    -0.7175 -9.990e-29
 202.444745      0.416   0.371879    14.9512    -2.0011      0.413     0.2233    -0.7183 -9.990e-29
 202.444751      0.411   0.370189    14.9511    -2.0010      0.408     0.2223    -0.7191 -9.990e-29
 202.444757      0.405   0.369247    14.9499    -2.0008      0.402     0.2217    -0.7194 -9.990e-29
 202.444763      0.396   0.369460    14.9486    -2.0005      0.393     0.2219    -0.7191 -9.990e-29
 202.444769      0.385   0.370005    14.9488    -2.0005      0.382     0.2222    -0.7189 -9.990e-29
 202.444774      0.370   0.369948    14.9507    -2.0006      0.367     0.2221    -0.7192 -9.990e-29
 202.444780      0.355   0.369214    14.9540    -2.0006      0.352     0.2217    -0.7200 -9.990e-29
 202.444786      0.348   0.368485    14.9579    -2.0009      0.345     0.2212    -0.7210 -9.990e-29
 202.444792      0.347   0.368452    14.9609    -2.0010      0.344     0.2212    -0.7215 -9.990e-29
 202.444797      0.350   0.369072    14.9626    -2.0008      0.347     0.2215    -0.7214 -9.990e-29
 202.444803      0.355   0.369512    14.9648    -2.0008      0.352     0.2218    -0.7216 -9.990e-29
 202.444809      0.364   0.369250    14.9689    -2.0006      0.361     0.2216    -0.7223 -9.990e-29
 202.444815      0.377   0.368491    14.9729    -2.0000      0.374     0.2211    -0.7233 -9.990e-29
 202.444821      0.390   0.367332    14.9744    -1.9996      0.387     0.2204    -0.7241 -9.990e-29
 202.444826      0.400   0.365888    14.9737    -2.0001      0.397     0.2195    -0.7247 -9.990e-29
 202.444832      0.408   0.364450    14.9717    -2.0003      0.405     0.2187    -0.7250 -9.990e-29
 202.444838      0.413   0.363316    14.9691    -2.0000      0.410     0.2180    -0.7252 -9.990e-29
 202.444844      0.418   0.362635    14.9681    -1.9997      0.415     0.2176    -0.7254 -9.990e-29
 202.444850      0.420   0.362053    14.9695    -1.9997      0.416     0.2172    -0.7258 -9.990e-29
 202.444855      0.422   0.361348    14.9729    -1.9997      0.418     0.2168    -0.7267 -9.990e-29
 202.444861      0.423   0.360689    14.9788    -1.9996      0.419     0.2163    -0.7279 -9.990e-29
 202.444867      0.423   0.360305    14.9859    -1.9995      0.419     0.2160    -0.7292 -9.990e-29
 202.444873      0.422   0.360238    14.9896    -1.9993      0.418     0.2160    -0.7298 -9.990e-29
 202.444878      0.420   0.360399    14.9886    -1.9993      0.416     0.2161    -0.7296 -9.990e-29
 202.444884      0.417   0.361005    14.9878    -1.9994      0.414     0.2165    -0.7292 -9.990e-29
 202.444890      0.412   0.361756    14.9901    -1.9994      0.409     0.2169    -0.7292 -9.990e-29
 202.444896      0.406   0.361994    14.9936    -1.9993      0.403     0.2170    -0.7296 -9.990e-29
 202.444902      0.398   0.362035    14.9957    -1.9994      0.395     0.2171    -0.7299 -9.990e-29
 202.444907      0.387   0.362489    14.9967    -2.0005      0.384     0.2173    -0.7299 -9.990e-29
 202.444913      0.373   0.362857    14.9983    -2.0018      0.370     0.2175    -0.7299 -9.990e-29
 202.444919      0.359   0.362522    15.0011    -2.0025      0.356     0.2173    -0.7305 -9.990e-29
 202.444925      0.353   0.362145    15.0037    -2.0027      0.350     0.2171    -0.7311 -9.990e-29
 202.444931      0.354   0.362329    15.0044    -2.0026      0.351     0.2172    -0.7311 -9.990e-29
 202.444936      0.355   0.362769    15.0037    -2.0025      0.352     0.2175    -0.7308 -9.990e-29
 202.444942      0.350   0.362943    15.0025    -2.0024      0.347     0.2176    -0.7305 -9.990e-29
 202.444948      0.343   0.362531    14.9993    -2.0025      0.340     0.2173    -0.7302 -9.990e-29
 202.444954      0.340   0.362094    14.9898    -2.0027      0.337     0.2171    -0.7290 -9.990e-29
 202.444959      0.342   0.362154    14.9723    -2.0032      0.339     0.2173    -0.7262 -9.990e-29
