data/oxygen options/ONMS/Olympic_Coast_National_Marine_Sanctuary_CTD_Data_2005_2023/raw_data/2011/CAST_CE042_060911faed.cnv
* Sea-Bird SBE19 Data File:
* FileName = C:\Documents and Settings\OCNMS\Desktop\2011 mooring data\first service\CAST_CE042_060911.hex
* Software Version 1.24
* Temperature SN = 2997
* Conductivity SN = 2997
* System UpLoad Time = Jun 09 2011 18:37:19
** CAST_CE042_060911
* SEACAT PROFILER V3.1c SN 2997   06/09/11  18:36:43.501
# nquan = 9                                 
# nvalues = 500                         
# units = specified
# name 0 = timeJ: Julian Days
# name 1 = prSM: Pressure, Strain Gauge [db]
# name 2 = c0mS/cm: Conductivity [mS/cm]
# name 3 = t090C: Temperature [ITS-90, deg C]
# name 4 = sbeox0ML/L: Oxygen, SBE 43 [ml/l]
# name 5 = depSM: Depth [salt water, m], lat = 47.5
# name 6 = sal00: Salinity, Practical [PSU]
# name 7 = sigma-é00: Density [sigma-theta, kg/m^3]
# name 8 = flag: flag
# span 0 = 160.525694, 160.528582       
# span 1 =     -6.002,     40.225       
# span 2 =   0.213569,  35.919294       
# span 3 =     8.0655,    14.7599       
# span 4 =    -2.0082,    15.7727       
# span 5 =     -5.952,     39.885       
# span 6 =     0.1280,    33.2307       
# span 7 =    -0.7577,    25.8750       
# span 8 = 0.0000e+00, 0.0000e+00       
# interval = seconds: 0.5
# start_time = Jun 09 2011 12:37:00 [Instrument's time stamp, header]
# bad_flag = -9.990e-29
*END*
 160.525694     -6.002 -9.990e-29    14.7176    -2.0080     -5.952 -9.990e-29 -9.990e-29 -9.990e-29
 160.525700     -5.989   0.213569    14.7187    -2.0082     -5.939     0.1280    -0.7577 -9.990e-29
 160.525706     -5.964   0.228862    14.7193    -2.0079     -5.914     0.1372    -0.7506 -9.990e-29
 160.525712     -5.931   0.260163    14.7184    -2.0076     -5.882     0.1561    -0.7358 -9.990e-29
 160.525718     -5.892   0.309346    14.7161    -1.9682     -5.843     0.1861    -0.7122 -9.990e-29
 160.525723     -5.849   0.371307    14.7134    -1.7217     -5.800     0.2243    -0.6822 -9.990e-29
 160.525729     -5.806   0.438789    14.7112    -1.7221     -5.758     0.2662    -0.6494 -9.990e-29
 160.525735     -5.766   0.506529    14.7116    -1.7226     -5.718     0.3085    -0.6166 -9.990e-29
 160.525741     -5.727   0.565355    14.7151    -1.7215     -5.679     0.3456    -0.5884 -9.990e-29
 160.525747     -5.685   0.602700    14.7196    -1.7208     -5.638     0.3691    -0.5708 -9.990e-29
 160.525752     -5.639   0.629591    14.7237    -1.7216     -5.592     0.3861    -0.5583 -9.990e-29
 160.525758     -5.584   0.712343    14.7271    -1.7229     -5.537     0.4388    -0.5180 -9.990e-29
 160.525764     -5.518   1.023314    14.7284    -1.7217     -5.472     0.6396    -0.3627 -9.990e-29
 160.525770     -5.437   2.023095    14.7266    -1.7209     -5.392     1.3069     0.1531 -9.990e-29
 160.525775     -5.340   5.047495    14.7210    -1.7208     -5.296     3.4441     1.8002 -9.990e-29
 160.525781     -5.228  12.545565    14.7127    -1.7214     -5.184     9.1566     6.1857 -9.990e-29
 160.525787     -5.104  22.487200    14.7044    -1.7214     -5.061    17.2719    12.4067 -9.990e-29
 160.525793     -4.977  28.775081    14.6992    -1.7211     -4.936    22.6402    16.5259 -9.990e-29
 160.525799     -4.860  30.897599    14.6987    -1.7218     -4.819    24.4879    17.9449 -9.990e-29
 160.525804     -4.758  31.644521    14.7001    -1.7220     -4.718    25.1413    18.4467 -9.990e-29
 160.525810     -4.673  31.900971    14.7005    -1.7212     -4.634    25.3662    18.6194 -9.990e-29
 160.525816     -4.606  31.952396    14.6987    -1.7223     -4.568    25.4125    18.6553 -9.990e-29
 160.525822     -4.550  31.956394    14.6951    -1.7213     -4.512    25.4184    18.6605 -9.990e-29
 160.525828     -4.503  31.997813    14.6910    -1.7230     -4.465    25.4574    18.6914 -9.990e-29
 160.525833     -4.461  32.053567    14.6863    -1.7230     -4.424    25.5095    18.7323 -9.990e-29
 160.525839     -4.427  32.079387    14.6816    -1.7219     -4.390    25.5353    18.7531 -9.990e-29
 160.525845     -4.402  32.082318    14.6779    -1.7226     -4.365    25.5403    18.7576 -9.990e-29
 160.525851     -4.381  32.085899    14.6745    -1.7224     -4.344    25.5456    18.7625 -9.990e-29
 160.525856     -4.358  32.086553    14.6699    -1.7221     -4.322    25.5492    18.7661 -9.990e-29
 160.525862     -4.331  32.076799    14.6621    -1.7225     -4.295    25.5458    18.7650 -9.990e-29
 160.525868     -4.299  32.080612    14.6537    -1.7229     -4.263    25.5546    18.7735 -9.990e-29
 160.525874     -4.264  32.100322    14.6498    -1.7235     -4.228    25.5745    18.7895 -9.990e-29
 160.525880     -4.227  32.113557    14.6510    -1.7224     -4.192    25.5854    18.7976 -9.990e-29
 160.525885     -4.188  32.103866    14.6554    -1.7216     -4.153    25.5739    18.7880 -9.990e-29
 160.525891     -4.147  32.066203    14.6612    -1.7210     -4.112    25.5370    18.7584 -9.990e-29
 160.525897     -4.106  32.041063    14.6674    -1.7215     -4.072    25.5108    18.7371 -9.990e-29
 160.525903     -4.063  32.037502    14.6724    -1.7219     -4.029    25.5044    18.7311 -9.990e-29
 160.525909     -4.014  32.023394    14.6686    -1.7218     -3.981    25.4944    18.7243 -9.990e-29
 160.525914     -3.961  32.010755    14.6538    -1.7211     -3.928    25.4930    18.7261 -9.990e-29
 160.525920     -3.909  32.021394    14.6413    -1.7206     -3.876    25.5105    18.7420 -9.990e-29
 160.525926     -3.864  32.047152    14.6412    -1.7211     -3.832    25.5332    18.7595 -9.990e-29
 160.525932     -3.827  32.059728    14.6511    -1.7214     -3.795    25.5378    18.7611 -9.990e-29
 160.525938     -3.791  32.060261    14.6639    -1.7213     -3.759    25.5299    18.7524 -9.990e-29
 160.525943     -3.755  32.075807    14.6736    -1.7214     -3.724    25.5372    18.7561 -9.990e-29
 160.525949     -3.723  32.099718    14.6800    -1.7212     -3.692    25.5540    18.7678 -9.990e-29
 160.525955     -3.699  32.106273    14.6855    -1.7212     -3.668    25.5562    18.7683 -9.990e-29
 160.525961     -3.676  32.085787    14.6909    -1.7214     -3.645    25.5346    18.7507 -9.990e-29
 160.525966     -3.649  32.059121    14.6950    -1.7213     -3.619    25.5085    18.7298 -9.990e-29
 160.525972     -3.621  32.056804    14.6966    -1.7214     -3.591    25.5054    18.7271 -9.990e-29
 160.525978     -3.593  32.079150    14.6965    -1.7216     -3.563    25.5251    18.7423 -9.990e-29
 160.525984     -3.565  32.096112    14.6950    -1.7213     -3.535    25.5410    18.7548 -9.990e-29
 160.525990     -3.534  32.090055    14.6910    -1.7211     -3.505    25.5382    18.7535 -9.990e-29
 160.525995     -3.499  32.080368    14.6856    -1.7209     -3.470    25.5332    18.7507 -9.990e-29
 160.526001     -3.461  32.085520    14.6823    -1.7212     -3.432    25.5399    18.7565 -9.990e-29
 160.526007     -3.426  32.100669    14.6815    -1.7215     -3.397    25.5538    18.7673 -9.990e-29
 160.526013     -3.398  32.114157    14.6822    -1.7219     -3.370    25.5652    18.7759 -9.990e-29
 160.526019     -3.373  32.117704    14.6834    -1.7223     -3.345    25.5675    18.7775 -9.990e-29
 160.526024     -3.351  32.112726    14.6834    -1.7220     -3.323    25.5631    18.7741 -9.990e-29
 160.526030     -3.329  32.106060    14.6818    -1.7215     -3.301    25.5583    18.7707 -9.990e-29
 160.526036     -3.307  32.101175    14.6803    -1.7214     -3.279    25.5550    18.7685 -9.990e-29
 160.526042     -3.284  32.105591    14.6811    -1.7216     -3.257    25.5583    18.7709 -9.990e-29
 160.526047     -3.261  32.121321    14.6842    -1.7214     -3.234    25.5701    18.7793 -9.990e-29
 160.526053     -3.242  32.133563    14.6857    -1.7210     -3.215    25.5799    18.7866 -9.990e-29
 160.526059     -3.221  32.128460    14.6809    -1.7210     -3.194    25.5785    18.7865 -9.990e-29
 160.526065     -3.197  32.109888    14.6698    -1.7208     -3.170    25.5695    18.7817 -9.990e-29
 160.526071     -3.178  32.097341    14.6600    -1.7207     -3.152    25.5648    18.7801 -9.990e-29
 160.526076     -3.165  32.100435    14.6598    -1.7210     -3.139    25.5677    18.7824 -9.990e-29
 160.526082     -3.159  32.111582    14.6689    -1.7212     -3.133    25.5715    18.7835 -9.990e-29
 160.526088     -3.154  32.119381    14.6804    -1.7206     -3.128    25.5709    18.7807 -9.990e-29
 160.526094     -3.142  32.113568    14.6901    -1.7203     -3.116    25.5594    18.7699 -9.990e-29
 160.526100     -3.117  32.095391    14.6975    -1.7202     -3.091    25.5385    18.7524 -9.990e-29
 160.526105     -3.083  32.078717    14.7019    -1.7207     -3.057    25.5210    18.7381 -9.990e-29
 160.526111     -3.046  32.075499    14.7033    -1.7208     -3.021    25.5172    18.7349 -9.990e-29
 160.526117     -3.011  32.084846    14.7049    -1.7207     -2.986    25.5244    18.7401 -9.990e-29
 160.526123     -2.986  32.097998    14.7090    -1.7202     -2.961    25.5333    18.7461 -9.990e-29
 160.526128     -2.969  32.103990    14.7151    -1.7201     -2.944    25.5345    18.7459 -9.990e-29
 160.526134     -2.950  32.092386    14.7216    -1.7204     -2.925    25.5201    18.7334 -9.990e-29
 160.526140     -2.923  32.069026    14.7280    -1.7206     -2.899    25.4954    18.7132 -9.990e-29
 160.526146     -2.891  32.056535    14.7326    -1.7205     -2.867    25.4814    18.7015 -9.990e-29
 160.526152     -2.861  32.062924    14.7345    -1.7198     -2.837    25.4857    18.7045 -9.990e-29
 160.526157     -2.835  32.072693    14.7359    -1.7199     -2.811    25.4934    18.7101 -9.990e-29
 160.526163     -2.812  32.069249    14.7386    -1.7204     -2.789    25.4886    18.7059 -9.990e-29
 160.526169     -2.790  32.051958    14.7423    -1.7206     -2.767    25.4710    18.6916 -9.990e-29
 160.526175     -2.767  32.036985    14.7455    -1.7206     -2.744    25.4558    18.6793 -9.990e-29
 160.526181     -2.746  32.037987    14.7470    -1.7202     -2.723    25.4556    18.6789 -9.990e-29
 160.526186     -2.731  32.049628    14.7474    -1.7199     -2.708    25.4656    18.6864 -9.990e-29
 160.526192     -2.716  32.053894    14.7485    -1.7207     -2.693    25.4686    18.6886 -9.990e-29
 160.526198     -2.696  32.045324    14.7515    11.6207     -2.674    25.4591    18.6807 -9.990e-29
 160.526204     -2.673  32.037159    14.7545    15.4392     -2.651    25.4500    18.6730 -9.990e-29
 160.526209     -2.656  32.040943    14.7537    15.7727     -2.634    25.4538    18.6762 -9.990e-29
 160.526215     -2.647  32.051129    14.7507    12.8497     -2.625    25.4647    18.6851 -9.990e-29
 160.526221     -2.641  32.052243    14.7498     6.5816     -2.619    25.4663    18.6865 -9.990e-29
 160.526227     -2.629  32.041333    14.7522     6.5353     -2.607    25.4552    18.6775 -9.990e-29
 160.526233     -2.607  32.029640    14.7566     6.6279     -2.585    25.4420    18.6665 -9.990e-29
 160.526238     -2.577  32.026801    14.7599     6.6344     -2.556    25.4374    18.6623 -9.990e-29
 160.526244     -2.551  32.031872    14.7594     6.6178     -2.530    25.4421    18.6660 -9.990e-29
 160.526250     -2.534  32.032629    14.7572     6.5883     -2.513    25.4442    18.6681 -9.990e-29
 160.526256     -2.522  32.035721    14.7560     6.5448     -2.501    25.4477    18.6710 -9.990e-29
 160.526262     -2.509  32.054267    14.7551     6.5175     -2.488    25.4646    18.6841 -9.990e-29
 160.526267     -2.496  32.068828    14.7532     6.5008     -2.475    25.4786    18.6953 -9.990e-29
 160.526273     -2.481  32.070319    14.7515     6.4930     -2.460    25.4810    18.6975 -9.990e-29
 160.526279     -2.466  32.070845    14.7512     6.4803     -2.445    25.4817    18.6980 -9.990e-29
 160.526285     -2.457  32.073390    14.7501     6.4709     -2.437    25.4846    18.7005 -9.990e-29
 160.526291     -2.447  32.076352    14.7459     6.4632     -2.427    25.4900    18.7055 -9.990e-29
 160.526296     -2.433  32.082602    14.7393     6.4661     -2.413    25.4998    18.7143 -9.990e-29
 160.526302     -2.412  32.097162    14.7341     6.4777     -2.392    25.5159    18.7278 -9.990e-29
 160.526308     -2.389  32.106468    14.7341     6.4827     -2.369    25.5241    18.7341 -9.990e-29
 160.526314     -2.369  32.097228    14.7376     6.4761     -2.349    25.5137    18.7254 -9.990e-29
 160.526319     -2.352  32.085143    14.7384     6.4714     -2.332    25.5025    18.7166 -9.990e-29
 160.526325     -2.329  32.082685    14.7330     6.4735     -2.310    25.5039    18.7188 -9.990e-29
 160.526331     -2.297  32.089422    14.7236     6.4761     -2.278    25.5160    18.7299 -9.990e-29
 160.526337     -2.268  32.107664    14.7168     6.4710     -2.249    25.5364    18.7470 -9.990e-29
 160.526343     -2.252  32.120922    14.7176     6.4713     -2.233    25.5476    18.7554 -9.990e-29
 160.526348     -2.249  32.113333    14.7230     6.4622     -2.230    25.5373    18.7465 -9.990e-29
 160.526354     -2.245  32.101683    14.7273     6.4676     -2.226    25.5243    18.7356 -9.990e-29
 160.526360     -2.228  32.095107    14.7283     6.4691     -2.209    25.5179    18.7304 -9.990e-29
 160.526366     -2.196  32.088800    14.7262     6.4594     -2.178    25.5137    18.7276 -9.990e-29
 160.526372     -2.160  32.088947    14.7231     6.4610     -2.142    25.5158    18.7299 -9.990e-29
 160.526377     -2.131  32.092989    14.7226     6.4722     -2.113    25.5197    18.7330 -9.990e-29
 160.526383     -2.110  32.089567    14.7250     6.4860     -2.092    25.5151    18.7290 -9.990e-29
 160.526389     -2.094  32.079759    14.7277     6.4773     -2.077    25.5047    18.7205 -9.990e-29
 160.526395     -2.071  32.073475    14.7290     6.4723     -2.054    25.4984    18.7153 -9.990e-29
 160.526400     -2.036  32.076930    14.7274     6.4638     -2.019    25.5024    18.7188 -9.990e-29
 160.526406     -1.991  32.088619    14.7219     6.4443     -1.974    25.5163    18.7305 -9.990e-29
 160.526412     -1.943  32.101226    14.7153     6.4346     -1.927    25.5317    18.7436 -9.990e-29
 160.526418     -1.891  32.105107    14.7138     6.4533     -1.875    25.5360    18.7473 -9.990e-29
 160.526424     -1.833  32.100968    14.7206     6.5141     -1.818    25.5279    18.7397 -9.990e-29
 160.526429     -1.761  32.098184    14.7287     6.5874     -1.746    25.5202    18.7321 -9.990e-29
 160.526435     -1.662  32.101932    14.7288     6.6372     -1.648    25.5234    18.7346 -9.990e-29
 160.526441     -1.529  32.116392    14.7151     6.6553     -1.516    25.5450    18.7539 -9.990e-29
 160.526447     -1.368  32.163017    14.6875     6.6494     -1.357    25.6040    18.8048 -9.990e-29
 160.526453     -1.183  32.263611    14.6585     6.6627     -1.173    25.7116    18.8933 -9.990e-29
 160.526458     -0.982  32.375940    14.6392     6.7073     -0.974    25.8233    18.9830 -9.990e-29
 160.526464     -0.769  32.451586    14.6198     6.7479     -0.763    25.9028    19.0480 -9.990e-29
 160.526470     -0.542  32.525856    14.5759     6.7661     -0.537    25.9976    19.1296 -9.990e-29
 160.526476     -0.296  32.621032    14.4798     6.7202     -0.294    26.1461    19.2629 -9.990e-29
 160.526481     -0.032  32.678690    14.3197     6.6367     -0.032    26.3054    19.4171 -9.990e-29
 160.526487      0.240  32.658102    14.1396     6.6181      0.238    26.4096    19.5326 0.0000e+00
 160.526493      0.517  32.598894    14.0002     6.7206      0.513    26.4519    19.5924 0.0000e+00
 160.526499      0.798  32.551873    13.9024     6.8331      0.791    26.4767    19.6304 0.0000e+00
 160.526505      1.086  32.529237    13.8249     7.0062      1.077    26.5096    19.6707 0.0000e+00
 160.526510      1.380  32.537654    13.7665     7.2995      1.368    26.5574    19.7188 0.0000e+00
 160.526516      1.679  32.577630    13.7224     7.6598      1.665    26.6239    19.7785 0.0000e+00
 160.526522      1.975  32.646418    13.6781     8.0278      1.959    26.7168    19.8586 0.0000e+00
 160.526528      2.271  32.804312    13.6342     8.2650      2.252    26.8904    20.0008 0.0000e+00
 160.526534      2.575  33.255049    13.6144     8.3740      2.553    27.3135    20.3309 0.0000e+00
 160.526539      2.892  34.129903    13.5695     8.4390      2.868    28.1431    20.9794 0.0000e+00
 160.526545      3.214  35.026675    13.4131     8.5005      3.187    29.0826    21.7346 0.0000e+00
 160.526551      3.537  35.455821    13.1913     8.5398      3.507    29.6501    22.2158 0.0000e+00
 160.526557      3.856  35.522533    12.9925     8.5160      3.824    29.8678    22.4222 0.0000e+00
 160.526563      4.169  35.500440    12.8143     8.4160      4.134    29.9879    22.5489 0.0000e+00
 160.526568      4.484  35.478113    12.6159     8.2973      4.447    30.1247    22.6922 0.0000e+00
 160.526574      4.808  35.499028    12.4094     8.2286      4.768    30.3102    22.8744 0.0000e+00
 160.526580      5.140  35.590973    12.2570     8.1836      5.097    30.5210    23.0659 0.0000e+00
 160.526586      5.475  35.744282    12.1744     8.2114      5.429    30.7346    23.2467 0.0000e+00
 160.526591      5.808  35.881584    12.1022     8.2139      5.759    30.9253    23.4078 0.0000e+00
 160.526597      6.141  35.919294    11.9613     8.1641      6.090    31.0783    23.5523 0.0000e+00
 160.526603      6.476  35.861130    11.7267     8.1313      6.422    31.2184    23.7037 0.0000e+00
 160.526609      6.813  35.749859    11.4696     8.0575      6.756    31.3272    23.8344 0.0000e+00
 160.526615      7.145  35.633018    11.2882     8.0059      7.085    31.3670    23.8975 0.0000e+00
