data/oxygen options/ONMS/Olympic_Coast_National_Marine_Sanctuary_CTD_Data_2005_2023/raw_data/2011/CAST_TH015_082511faed.cnv
* Sea-Bird SBE19 Data File:
* FileName = C:\Documents and Settings\OCNMS\Desktop\2011 mooring data\3rd service\CAST_TH015_082511.hex
* Software Version 1.24
* Temperature SN = 2997
* Conductivity SN = 2997
* System UpLoad Time = Aug 25 2011 17:55:54
** CAST_TH015_082511
* SEACAT PROFILER V3.1c SN 2997   08/25/11  17:55:21.156
# nquan = 9                                 
# nvalues = 1388                        
# units = specified
# name 0 = timeJ: Julian Days
# name 1 = prSM: Pressure, Strain Gauge [db]
# name 2 = c0mS/cm: Conductivity [mS/cm]
# name 3 = t090C: Temperature [ITS-90, deg C]
# name 4 = sbeox0ML/L: Oxygen, SBE 43 [ml/l]
# name 5 = depSM: Depth [salt water, m], lat = 47.5
# name 6 = sal00: Salinity, Practical [PSU]
# name 7 = sigma-é00: Density [sigma-theta, kg/m^3]
# name 8 = flag: flag
# span 0 = 237.689919, 237.697946       
# span 1 =     -6.004,     16.075       
# span 2 =   0.139400,  37.675693       
# span 3 =     9.5283,    17.3858       
# span 4 =    -1.9342,    19.1886       
# span 5 =     -5.954,     15.940       
# span 6 =     0.0797,    33.1607       
# span 7 =    -1.2027,    25.5883       
# span 8 = 0.0000e+00, 0.0000e+00       
# interval = seconds: 0.5
# start_time = Aug 25 2011 16:33:29 [Instrument's time stamp, header]
# bad_flag = -9.990e-29
*END*
[from data line 1281]
 237.697332      0.230   2.292065    12.0786     6.7216      0.228     1.5961     0.7347 -9.990e-29
 237.697338      0.226   2.316818    12.1024     6.7153      0.224     1.6132     0.7452 -9.990e-29
 237.697344      0.217   2.455275    12.1287     6.6979      0.215     1.7140     0.8204 -9.990e-29
 237.697350      0.206   2.615973    12.1529     6.7013      0.204     1.8316     0.9089 -9.990e-29
 237.697355      0.198   2.733741    12.1729     6.7087      0.196     1.9179     0.9735 -9.990e-29
 237.697361      0.192   2.746578    12.1891     6.7013      0.190     1.9266     0.9783 -9.990e-29
 237.697367      0.187   2.669938    12.2041     6.6969      0.185     1.8691     0.9318 -9.990e-29
 237.697373      0.184   2.625092    12.2205     6.6833      0.182     1.8351     0.9034 -9.990e-29
 237.697378      0.182   2.656484    12.2406     6.6800      0.180     1.8573     0.9182 -9.990e-29
 237.697384      0.180   2.653491    12.2669     6.6754      0.178     1.8538     0.9123 -9.990e-29
 237.697390      0.179   2.596599    12.3014     6.6598      0.178     1.8102     0.8742 -9.990e-29
 237.697396      0.179   2.616210    12.3403     6.6521      0.178     1.8228     0.8792 -9.990e-29
 237.697402      0.180   2.747342    12.3760     6.6265      0.178     1.9177     0.9485 -9.990e-29
 237.697407      0.181   2.852659    12.4088     6.6324      0.179     1.9939     1.0036 -9.990e-29
 237.697413      0.183   2.853549    12.4454     6.6417      0.181     1.9926     0.9980 -9.990e-29
 237.697419      0.186   2.852132    12.4866     6.6304      0.184     1.9894     0.9904 -9.990e-29
 237.697425      0.190   2.927488    12.5292     6.6216      0.188     2.0428     1.0265 -9.990e-29
 237.697431      0.196   3.070289    12.5729     6.6232      0.194     2.1461     1.1010 -9.990e-29
 237.697436      0.203   3.193076    12.6199     6.6266      0.201     2.2344     1.1635 -9.990e-29
 237.697442      0.213   3.177806    12.6709     6.6276      0.211     2.2201     1.1459 -9.990e-29
 237.697448      0.221   3.088982    12.7263     6.6070      0.219     2.1512     1.0854 -9.990e-29
 237.697454      0.224   3.089379    12.7842     6.5909      0.222     2.1483     1.0757 -9.990e-29
 237.697459      0.227   3.217798    12.8367     6.5756      0.225     2.2400     1.1399 -9.990e-29
 237.697465      0.229   3.349828    12.8846     6.5781      0.227     2.3346     1.2070 -9.990e-29
 237.697471      0.226   3.312608    12.9407     6.5940      0.224     2.3037     1.1757 -9.990e-29
 237.697477      0.222   3.158574    13.0049     6.5827      0.220     2.1867     1.0766 -9.990e-29
 237.697483      0.222   3.060089    13.0645     6.5834      0.220     2.1112     1.0103 -9.990e-29
 237.697488      0.225   2.986800    13.1143     6.5920      0.223     2.0550     0.9602 -9.990e-29
 237.697494      0.232   2.861505    13.1593     6.5874      0.230     1.9616     0.8818 -9.990e-29
 237.697500      0.243   2.727321    13.2043     6.5752      0.241     1.8622     0.7989 -9.990e-29
 237.697506      0.255   2.663740    13.2481     6.5728      0.253     1.8143     0.7559 -9.990e-29
 237.697512      0.259   2.721829    13.2847     6.5750      0.257     1.8544     0.7820 -9.990e-29
 237.697517      0.256   2.864821    13.3102     6.5850      0.254     1.9563     0.8575 -9.990e-29
 237.697523      0.254   2.975615    13.3261     6.5826      0.252     2.0357     0.9167 -9.990e-29
 237.697529      0.254   2.955156    13.3341     6.5713      0.252     2.0204     0.9039 -9.990e-29
 237.697535      0.250   2.884853    13.3331     6.5664      0.248     1.9696     0.8647 -9.990e-29
 237.697541      0.248   2.887804    13.3263     6.5728      0.246     1.9721     0.8675 -9.990e-29
 237.697546      0.246   2.903624    13.3206     6.5785      0.244     1.9838     0.8774 -9.990e-29
 237.697552      0.240   2.919585    13.3192     6.5929      0.238     1.9955     0.8866 -9.990e-29
 237.697558      0.235   3.030718    13.3192     6.6094      0.233     2.0760     0.9489 -9.990e-29
 237.697564      0.234   3.193309    13.3168     6.6188      0.232     2.1943     1.0407 -9.990e-29
 237.697569      0.238   3.278067    13.3098     6.5946      0.236     2.2565     1.0898 -9.990e-29
 237.697575      0.241   3.249357    13.2977     6.5860      0.239     2.2363     1.0758 -9.990e-29
 237.697581      0.241   3.194807    13.2829     6.5964      0.239     2.1973     1.0477 -9.990e-29
 237.697587      0.236   3.221956    13.2697     6.6095      0.234     2.2179     1.0654 -9.990e-29
 237.697593      0.228   3.317658    13.2615     6.6209      0.226     2.2883     1.1209 -9.990e-29
 237.697598      0.218   3.398740    13.2574     6.6169      0.216     2.3479     1.1676 -9.990e-29
 237.697604      0.212   3.366939    13.2509     6.6072      0.210     2.3250     1.1508 -9.990e-29
 237.697610      0.209   3.160424    13.2402     6.5995      0.207     2.1747     1.0359 -9.990e-29
 237.697616      0.209   2.842195    13.2307     6.6028      0.207     1.9440     0.8586 -9.990e-29
 237.697622      0.211   2.553060    13.2252     6.6200      0.209     1.7357     0.6981 -9.990e-29
 237.697627      0.216   2.510741    13.2212     6.6202      0.214     1.7055     0.6753 -9.990e-29
 237.697633      0.219   2.740272    13.2157     6.6179      0.217     1.8710     0.8042 -9.990e-29
 237.697639      0.217   2.906751    13.2102     6.6121      0.215     1.9918     0.8984 -9.990e-29
 237.697645      0.214   2.814657    13.2076     6.6116      0.212     1.9252     0.8472 -9.990e-29
 237.697650      0.214   2.585198    13.2066     6.6176      0.212     1.7597     0.7192 -9.990e-29
 237.697656      0.217   2.407579    13.2037     6.6210      0.215     1.6323     0.6209 -9.990e-29
 237.697662      0.223   2.396472    13.1989     6.6053      0.221     1.6246     0.6155 -9.990e-29
 237.697668      0.232   2.474981    13.1944     6.6041      0.230     1.6810     0.6599 -9.990e-29
 237.697674      0.241   2.484457    13.1917     6.5950      0.239     1.6879     0.6656 -9.990e-29
 237.697679      0.247   2.386535    13.1929     6.5990      0.245     1.6177     0.6110 -9.990e-29
 237.697685      0.253   2.248012    13.1981     6.5929      0.251     1.5186     0.5335 -9.990e-29
 237.697691      0.260   2.157481    13.2031     6.5914      0.258     1.4540     0.4828 -9.990e-29
 237.697697      0.260   2.147223    13.2047     6.5899      0.258     1.4466     0.4769 -9.990e-29
 237.697703      0.253   2.162545    13.2046     6.5852      0.251     1.4575     0.4853 -9.990e-29
 237.697708      0.247   2.160691    13.2047     6.5896      0.245     1.4562     0.4843 -9.990e-29
 237.697714      0.246   2.163575    13.2056     6.5953      0.244     1.4582     0.4857 -9.990e-29
 237.697720      0.246   2.259293    13.2121     6.6054      0.244     1.5261     0.5375 -9.990e-29
 237.697726      0.243   2.483989    13.2279     6.5798      0.241     1.6860     0.6593 -9.990e-29
 237.697731      0.239   2.679344    13.2481     6.5610      0.237     1.8255     0.7646 -9.990e-29
 237.697737      0.240   2.690022    13.2660     6.5650      0.238     1.8324     0.7675 -9.990e-29
 237.697743      0.242   2.560203    13.2806     6.5791      0.240     1.7383     0.6927 -9.990e-29
 237.697749      0.239   2.456119    13.2922     6.5985      0.237     1.6633     0.6330 -9.990e-29
 237.697755      0.233   2.482938    13.3003     6.6000      0.231     1.6821     0.6465 -9.990e-29
 237.697760      0.222   2.592707    13.3060     6.5743      0.220     1.7605     0.7065 -9.990e-29
 237.697766      0.210   2.662893    13.3099     6.5569      0.208     1.8108     0.7449 -9.990e-29
 237.697772      0.201   2.604108    13.3113     6.5708      0.199     1.7685     0.7119 -9.990e-29
 237.697778      0.195   2.456619    13.3118     6.5823      0.193     1.6628     0.6300 -9.990e-29
 237.697784      0.189   2.424600    13.3182     6.5919      0.187     1.6396     0.6112 -9.990e-29
 237.697789      0.186   2.631108    13.3336     6.5871      0.184     1.7868     0.7231 -9.990e-29
 237.697795      0.183   2.881880    13.3495     6.5732      0.181     1.9666     0.8602 -9.990e-29
 237.697801      0.181   2.918546    13.3567     6.5714      0.179     1.9928     0.8794 -9.990e-29
 237.697807      0.181   2.726224    13.3552     6.5804      0.179     1.8542     0.7723 -9.990e-29
 237.697813      0.181   2.511504    13.3523     6.5900      0.179     1.7003     0.6536 -9.990e-29
 237.697818      0.186   2.520361    13.3554     6.5833      0.184     1.7065     0.6580 -9.990e-29
 237.697824      0.196   2.738527    13.3642     6.5879      0.194     1.8626     0.7776 -9.990e-29
 237.697830      0.204   2.875271    13.3743     6.5907      0.202     1.9606     0.8521 -9.990e-29
 237.697836      0.210   2.783015    13.3807     6.5858      0.208     1.8938     0.7996 -9.990e-29
 237.697841      0.218   2.583298    13.3801     6.5766      0.216     1.7504     0.6887 -9.990e-29
 237.697847      0.230   2.470598    13.3750     6.5523      0.228     1.6700     0.6271 -9.990e-29
 237.697853      0.241   2.540256    13.3701     6.5522      0.239     1.7201     0.6665 -9.990e-29
 237.697859      0.249   2.681127    13.3672     6.5494      0.247     1.8212     0.7452 -9.990e-29
 237.697865      0.253   2.710675    13.3648     6.5545      0.251     1.8425     0.7620 -9.990e-29
 237.697870      0.254   2.584570    13.3619     6.5477      0.252     1.7521     0.6925 -9.990e-29
 237.697876      0.255   2.419663    13.3609     6.5410      0.253     1.6343     0.6014 -9.990e-29
 237.697882      0.263   2.338712    13.3628     6.5500      0.261     1.5766     0.5564 -9.990e-29
 237.697888      0.272   2.349091    13.3652     6.5591      0.270     1.5838     0.5617 -9.990e-29
 237.697894      0.279   2.431934    13.3672 -9.990e-29      0.277     1.6428     0.6071 -9.990e-29
 237.697899      0.285   2.618982    13.3719 -9.990e-29      0.283     1.7764     0.7099 -9.990e-29
 237.697905      0.285   2.887404    13.3829 -9.990e-29      0.283     1.9689     0.8574 -9.990e-29
 237.697911      0.279   3.128208    13.4009 -9.990e-29      0.277     2.1422     0.9890 -9.990e-29
 237.697917      0.277   3.232107    13.4202 -9.990e-29      0.275     2.2166     1.0439 -9.990e-29
 237.697922      0.277   3.179559    13.4321 -9.990e-29      0.275     2.1778     1.0122 -9.990e-29
 237.697928      0.276   3.107940    13.4351 -9.990e-29      0.274     2.1257     0.9715 -9.990e-29
 237.697934      0.272   3.134741    13.4344 -9.990e-29      0.270     2.1451     0.9867 -9.990e-29
 237.697940      0.267   3.178117    13.4340 -9.990e-29      0.265     2.1766     1.0111 -9.990e-29
 237.697946      0.264   3.137838 -9.990e-29 -9.990e-29      0.262 -9.990e-29 -9.990e-29 -9.990e-29
