data/oxygen options/ONMS/Olympic_Coast_National_Marine_Sanctuary_CTD_Data_2005_2023/raw_data/2011/CAST_CA042_072211faed.cnv
* Sea-Bird SBE19 Data File:
* FileName = C:\Documents and Settings\OCNMS\Desktop\2011 mooring data\2nd service\CAST_CA042_072211.hex
* Software Version 1.24
* Temperature SN = 2997
* Conductivity SN = 2997
* System UpLoad Time = Jul 22 2011 15:51:37
** CAST_CA042_072211
* SEACAT PROFILER V3.1c SN 2997   07/22/11  15:51:09.237
# nquan = 9                                 
# nvalues = 1231                        
# units = specified
# name 0 = timeJ: Julian Days
# name 1 = prSM: Pressure, Strain Gauge [db]
# name 2 = c0mS/cm: Conductivity [mS/cm]
# name 3 = t090C: Temperature [ITS-90, deg C]
# name 4 = sbeox0ML/L: Oxygen, SBE 43 [ml/l]
# name 5 = depSM: Depth [salt water, m], lat = 47.5
# name 6 = sal00: Salinity, Practical [PSU]
# name 7 = sigma-é00: Density [sigma-theta, kg/m^3]
# name 8 = flag: flag
# span 0 = 203.519456, 203.526574       
# span 1 =     -5.704,     42.572       
# span 2 =   0.303103,  37.981683       
# span 3 =     7.4664,    13.8125       
# span 4 =    -2.0903,    18.7075       
# span 5 =     -5.656,     42.212       
# span 6 =     0.1895,    33.5192       
# span 7 =    -0.4885,    26.1870       
# span 8 = 0.0000e+00, 0.0000e+00       
# interval = seconds: 0.5
# start_time = Jul 22 2011 12:28:01 [Instrument's time stamp, header]
# bad_flag = -9.990e-29
*END*
[from data line 161]
 203.520388     -2.308   0.395976    12.9982    -2.0842     -2.289     0.2498    -0.4260 -9.990e-29
 203.520394     -2.306   0.399179    12.9994    -2.0840     -2.287     0.2519    -0.4246 -9.990e-29
 203.520399     -2.302   0.401168    13.0004    -2.0840     -2.283     0.2532    -0.4237 -9.990e-29
 203.520405     -2.293   0.401828    12.9997    -2.0841     -2.274     0.2536    -0.4233 -9.990e-29
 203.520411     -2.282   0.402037    12.9964    -2.0842     -2.263     0.2538    -0.4227 -9.990e-29
 203.520417     -2.272   0.402627    12.9914    -2.0846     -2.253     0.2542    -0.4218 -9.990e-29
 203.520422     -2.264   0.403276    12.9880    -2.0847     -2.245     0.2546    -0.4210 -9.990e-29
 203.520428     -2.255   0.403187    12.9875    -2.0848     -2.236     0.2546    -0.4210 -9.990e-29
 203.520434     -2.247   0.402243    12.9890    -2.0851     -2.228     0.2539    -0.4216 -9.990e-29
 203.520440     -2.237   0.401397    12.9913    -2.0856     -2.218     0.2534    -0.4224 -9.990e-29
 203.520446     -2.227   0.401738    12.9929    -2.0858     -2.208     0.2536    -0.4224 -9.990e-29
 203.520451     -2.214   0.403163    12.9928    -2.0858     -2.196     0.2545    -0.4217 -9.990e-29
 203.520457     -2.199   0.404805    12.9912    -2.0857     -2.181     0.2556    -0.4206 -9.990e-29
 203.520463     -2.180   0.405531    12.9880    -2.0856     -2.162     0.2561    -0.4198 -9.990e-29
 203.520469     -2.156   0.405199    12.9834    -2.0855     -2.138     0.2559    -0.4194 -9.990e-29
 203.520475     -2.130   0.405582    12.9780    -2.0853     -2.112     0.2562    -0.4185 -9.990e-29
 203.520480     -2.109   0.408849    12.9722    -2.0846     -2.091     0.2583    -0.4161 -9.990e-29
 203.520486     -2.090   0.415481    12.9653    -2.0842     -2.073     0.2627    -0.4118 -9.990e-29
 203.520492     -2.070   0.423246    12.9584    -2.0841     -2.053     0.2678    -0.4070 -9.990e-29
 203.520498     -2.051   0.429209    12.9534    -2.0841     -2.034     0.2717    -0.4033 -9.990e-29
 203.520503     -2.036   0.433015    12.9512    -2.0840     -2.019     0.2742    -0.4010 -9.990e-29
 203.520509     -2.023   0.436970    12.9515    -2.0838     -2.006     0.2768    -0.3991 -9.990e-29
 203.520515     -2.013   0.442468    12.9533    -2.0834     -1.996     0.2804    -0.3965 -9.990e-29
 203.520521     -2.005   0.447981    12.9566    -2.0833     -1.988     0.2839    -0.3942 -9.990e-29
 203.520527     -1.998   0.452001    12.9621    -2.0832     -1.981     0.2865    -0.3928 -9.990e-29
 203.520532     -1.995   0.455456    12.9690    -2.0832     -1.978     0.2887    -0.3920 -9.990e-29
 203.520538     -1.997   0.460185    12.9750    -2.0830     -1.980     0.2918    -0.3904 -9.990e-29
 203.520544     -1.996   0.466955    12.9782    -2.0828     -1.979     0.2962    -0.3874 -9.990e-29
 203.520550     -1.991   0.474272    12.9799    -2.0828     -1.974     0.3010    -0.3839 -9.990e-29
 203.520556     -1.986   0.479712    12.9825    -2.0826     -1.969     0.3045    -0.3814 -9.990e-29
 203.520561     -1.981   0.482773    12.9866    -2.0825     -1.964     0.3065    -0.3804 -9.990e-29
 203.520567     -1.975   0.484769    12.9911    -2.0821     -1.959     0.3077    -0.3800 -9.990e-29
 203.520573     -1.968   0.487253    12.9949    -2.0820     -1.952     0.3093    -0.3792 -9.990e-29
 203.520579     -1.961   0.490212    12.9974    -2.0818     -1.945     0.3113    -0.3781 -9.990e-29
 203.520584     -1.951   0.492056    12.9990    -2.0823     -1.935     0.3125    -0.3773 -9.990e-29
 203.520590     -1.939   0.493028    13.0009    -2.0826     -1.923     0.3131    -0.3771 -9.990e-29
 203.520596     -1.924   0.496084    13.0037    -2.0826     -1.908     0.3151    -0.3759 -9.990e-29
 203.520602     -1.905   0.501976    13.0072    -2.0824     -1.889     0.3189    -0.3734 -9.990e-29
 203.520608     -1.885   0.506376    13.0115    -2.0823     -1.869     0.3217    -0.3717 -9.990e-29
 203.520613     -1.868   0.505185    13.0165    -2.0821     -1.852     0.3209    -0.3730 -9.990e-29
 203.520619     -1.851   0.499580    13.0210    -2.0822     -1.836     0.3172    -0.3764 -9.990e-29
 203.520625     -1.838   0.494270    13.0232    -2.0822     -1.823     0.3137    -0.3794 -9.990e-29
 203.520631     -1.832   0.493249    13.0221    -2.0821     -1.817     0.3131    -0.3798 -9.990e-29
 203.520637     -1.830   0.496263    13.0186    -2.0819     -1.815     0.3151    -0.3778 -9.990e-29
 203.520642     -1.821   0.499022    13.0161    -2.0815     -1.806     0.3169    -0.3761 -9.990e-29
 203.520648     -1.807   0.498007    13.0166    -2.0811     -1.792     0.3162    -0.3766 -9.990e-29
 203.520654     -1.794   0.493526    13.0190    -2.0808     -1.779     0.3133    -0.3793 -9.990e-29
 203.520660     -1.785   0.487909    13.0217    -2.0804     -1.770     0.3096    -0.3825 -9.990e-29
 203.520666     -1.781   0.483077    13.0237    -2.0802     -1.766     0.3064    -0.3852 -9.990e-29
 203.520671     -1.776   0.480340    13.0246    -2.0798     -1.761     0.3046    -0.3867 -9.990e-29
 203.520677     -1.766   0.480477    13.0252    -2.0797     -1.751     0.3047    -0.3867 -9.990e-29
 203.520683     -1.756   0.483117    13.0270    -2.0794     -1.741     0.3064    -0.3856 -9.990e-29
 203.520689     -1.747   0.486795    13.0311    -2.0791     -1.732     0.3088    -0.3843 -9.990e-29
 203.520694     -1.740   0.490325    13.0377    -2.0790     -1.725     0.3110    -0.3834 -9.990e-29
 203.520700     -1.735   0.493429    13.0456    -2.0789     -1.721     0.3130    -0.3829 -9.990e-29
 203.520706     -1.731   0.495261    13.0536    -2.0788     -1.717     0.3141    -0.3830 -9.990e-29
 203.520712     -1.727   0.494389    13.0606    -2.0788     -1.713     0.3135    -0.3844 -9.990e-29
 203.520718     -1.724   0.491863    13.0662    -2.0788     -1.710     0.3118    -0.3864 -9.990e-29
 203.520723     -1.722   0.492067    13.0705    -2.0786     -1.708     0.3119    -0.3869 -9.990e-29
 203.520729     -1.719   0.498595    13.0743    -2.0784     -1.705     0.3161    -0.3841 -9.990e-29
 203.520735     -1.716   0.509630    13.0788    -2.0779     -1.702     0.3233    -0.3791 -9.990e-29
 203.520741     -1.714   0.518842    13.0838    -2.0776     -1.700     0.3293    -0.3750 -9.990e-29
 203.520747     -1.711   0.522455    13.0876    -2.0774     -1.697     0.3317    -0.3737 -9.990e-29
 203.520752     -1.707   0.522519    13.0903    -2.0774     -1.693     0.3317    -0.3740 -9.990e-29
 203.520758     -1.702   0.521885    13.0926    -2.0772     -1.688     0.3313    -0.3747 -9.990e-29
 203.520764     -1.697   0.520814    13.0949    -2.0773     -1.683     0.3305    -0.3755 -9.990e-29
 203.520770     -1.690   0.518432    13.0974    -2.0773     -1.676     0.3289    -0.3771 -9.990e-29
 203.520775     -1.681   0.514885    13.1012    -2.0773     -1.667     0.3266    -0.3794 -9.990e-29
 203.520781     -1.670   0.512088    13.1071    -2.0773     -1.656     0.3247    -0.3816 -9.990e-29
 203.520787     -1.661   0.511295    13.1141    -2.0775     -1.647     0.3241    -0.3830 -9.990e-29
 203.520793     -1.656   0.511446    13.1200    -2.0774     -1.642     0.3242    -0.3837 -9.990e-29
 203.520799     -1.651   0.511636    13.1237    -2.0773     -1.637     0.3243    -0.3841 -9.990e-29
 203.520804     -1.642   0.512118    13.1261    -2.0773     -1.628     0.3246    -0.3842 -9.990e-29
 203.520810     -1.628   0.512980    13.1279    -2.0773     -1.614     0.3251    -0.3840 -9.990e-29
 203.520816     -1.608   0.513709    13.1294    -2.0772     -1.595     0.3256    -0.3838 -9.990e-29
 203.520822     -1.586   0.513062    13.1308    -2.0771     -1.573     0.3252    -0.3843 -9.990e-29
 203.520828     -1.568   0.510174    13.1315    -2.0771     -1.555     0.3233    -0.3859 -9.990e-29
 203.520833     -1.557   0.505624    13.1311    -2.0772     -1.544     0.3203    -0.3882 -9.990e-29
 203.520839     -1.549   0.501096    13.1309    -2.0770     -1.536     0.3173    -0.3905 -9.990e-29
 203.520845     -1.539   0.497751    13.1318    -2.0769     -1.526     0.3151    -0.3923 -9.990e-29
 203.520851     -1.530   0.495005    13.1332    -2.0770     -1.517     0.3133    -0.3939 -9.990e-29
 203.520856     -1.522   0.491964    13.1345    -2.0771     -1.509     0.3113    -0.3956 -9.990e-29
 203.520862     -1.510   0.489002    13.1359    -2.0771     -1.497     0.3094    -0.3973 -9.990e-29
 203.520868     -1.498   0.487151    13.1373    -2.0771     -1.486     0.3082    -0.3984 -9.990e-29
 203.520874     -1.489   0.486527    13.1385    -2.0766     -1.477     0.3077    -0.3989 -9.990e-29
 203.520880     -1.483   0.486299    13.1393    -2.0763     -1.471     0.3076    -0.3991 -9.990e-29
 203.520885     -1.479   0.485423    13.1401    -2.0761     -1.467     0.3070    -0.3997 -9.990e-29
 203.520891     -1.476   0.483839    13.1412    -2.0761     -1.464     0.3060    -0.4006 -9.990e-29
 203.520897     -1.475   0.482571    13.1421    -2.0761     -1.463     0.3051    -0.4014 -9.990e-29
 203.520903     -1.472   0.481591    13.1422    -2.0763     -1.460     0.3045    -0.4019 -9.990e-29
 203.520909     -1.462   0.480146    13.1422    -2.0766     -1.450     0.3036    -0.4026 -9.990e-29
 203.520914     -1.448   0.478524    13.1433    -2.0769     -1.436     0.3025    -0.4036 -9.990e-29
 203.520920     -1.438   0.477332    13.1466    -2.0771     -1.426     0.3017    -0.4047 -9.990e-29
 203.520926     -1.436   0.476087    13.1522    -2.0774     -1.424     0.3008    -0.4060 -9.990e-29
 203.520932     -1.438   0.474235    13.1577    -2.0778     -1.426     0.2996    -0.4077 -9.990e-29
 203.520938     -1.438   0.472630    13.1611    -2.0778     -1.426     0.2985    -0.4090 -9.990e-29
 203.520943     -1.438   0.472454    13.1624    -2.0778     -1.426     0.2984    -0.4093 -9.990e-29
 203.520949     -1.438   0.473471    13.1614    -2.0777     -1.426     0.2991    -0.4086 -9.990e-29
 203.520955     -1.437   0.474269    13.1578    -2.0776     -1.425     0.2996    -0.4077 -9.990e-29
 203.520961     -1.435   0.474251    13.1521    -2.0777     -1.423     0.2996    -0.4070 -9.990e-29
 203.520966     -1.432   0.474500    13.1453    -2.0779     -1.420     0.2999    -0.4059 -9.990e-29
 203.520972     -1.428   0.477009    13.1384    -2.0780     -1.416     0.3015    -0.4037 -9.990e-29
 203.520978     -1.423   0.482355    13.1325    -2.0779     -1.411     0.3051    -0.4002 -9.990e-29
 203.520984     -1.416   0.487146    13.1286    -2.0777     -1.404     0.3082    -0.3972 -9.990e-29
 203.520990     -1.407   0.487250    13.1270    -2.0775     -1.395     0.3083    -0.3970 -9.990e-29
 203.520995     -1.400   0.483359    13.1269    -2.0776     -1.388     0.3058    -0.3989 -9.990e-29
 203.521001     -1.398   0.479695    13.1273    -2.0774     -1.386     0.3034    -0.4008 -9.990e-29
 203.521007     -1.397   0.479126    13.1271    -2.0773     -1.385     0.3030    -0.4011 -9.990e-29
 203.521013     -1.393   0.481448    13.1257    -2.0771     -1.381     0.3045    -0.3997 -9.990e-29
 203.521019     -1.385   0.484219    13.1237    -2.0767     -1.373     0.3064    -0.3981 -9.990e-29
 203.521024     -1.378   0.485042    13.1224    -2.0765     -1.367     0.3069    -0.3975 -9.990e-29
 203.521030     -1.375   0.484460    13.1230    -2.0767     -1.364     0.3065    -0.3978 -9.990e-29
 203.521036     -1.371   0.485020    13.1253    -2.0769     -1.360     0.3069    -0.3979 -9.990e-29
 203.521042     -1.362   0.487470    13.1283    -2.0774     -1.351     0.3084    -0.3970 -9.990e-29
 203.521047     -1.347   0.489538    13.1315    -2.0779     -1.336     0.3098    -0.3964 -9.990e-29
 203.521053     -1.331   0.488447    13.1350    -2.0781     -1.320     0.3090    -0.3974 -9.990e-29
 203.521059     -1.315   0.484401    13.1394    -2.0781     -1.304     0.3064    -0.4001 -9.990e-29
 203.521065     -1.299   0.479758    13.1448    -2.0780     -1.288     0.3033    -0.4032 -9.990e-29
 203.521071     -1.287   0.475525    13.1498    -2.0776     -1.276     0.3005    -0.4060 -9.990e-29
 203.521076     -1.282   0.471595    13.1518    -2.0775     -1.271     0.2979    -0.4083 -9.990e-29
 203.521082     -1.278   0.468817    13.1494    -2.0773     -1.267     0.2961    -0.4094 -9.990e-29
 203.521088     -1.273   0.468472    13.1437    -2.0770     -1.262     0.2959    -0.4088 -9.990e-29
 203.521094     -1.264   0.470099    13.1366    -2.0770     -1.253     0.2971    -0.4070 -9.990e-29
 203.521100     -1.253   0.470882    13.1301    -2.0771     -1.243     0.2976    -0.4057 -9.990e-29
 203.521105     -1.242   0.468543    13.1262    -2.0772     -1.232     0.2961    -0.4064 -9.990e-29
 203.521111     -1.235   0.464393    13.1258    -2.0769     -1.225     0.2934    -0.4084 -9.990e-29
 203.521117     -1.231   0.461204    13.1286    -2.0768     -1.221     0.2913    -0.4104 -9.990e-29
 203.521123     -1.231   0.459709    13.1333    -2.0766     -1.221     0.2903    -0.4118 -9.990e-29
 203.521128     -1.229   0.458466    13.1385    -2.0766     -1.219     0.2895    -0.4131 -9.990e-29
 203.521134     -1.222   0.455819    13.1435    -2.0765     -1.212     0.2877    -0.4151 -9.990e-29
 203.521140     -1.214   0.452113    13.1476    -2.0766     -1.204     0.2853    -0.4176 -9.990e-29
 203.521146     -1.207   0.449052    13.1495    -2.0765     -1.197     0.2833    -0.4194 -9.990e-29
 203.521152     -1.203   0.446982    13.1501    -2.0764     -1.193     0.2819    -0.4205 -9.990e-29
 203.521157     -1.195   0.444805    13.1516    -2.0765     -1.185     0.2805    -0.4218 -9.990e-29
 203.521163     -1.184   0.441833    13.1546    -2.0765     -1.174     0.2785    -0.4237 -9.990e-29
 203.521169     -1.178   0.438534    13.1581    -2.0768     -1.168     0.2764    -0.4259 -9.990e-29
 203.521175     -1.176   0.435491    13.1611    -2.0771     -1.166     0.2744    -0.4278 -9.990e-29
 203.521181     -1.174   0.432522    13.1629    -2.0774     -1.164     0.2724    -0.4295 -9.990e-29
 203.521186     -1.171   0.429545    13.1639    -2.0778     -1.161     0.2705    -0.4312 -9.990e-29
 203.521192     -1.168   0.427020    13.1647    -2.0783     -1.158     0.2689    -0.4326 -9.990e-29
 203.521198     -1.164   0.425456    13.1662    -2.0784     -1.154     0.2678    -0.4335 -9.990e-29
 203.521204     -1.159   0.424427    13.1677    -2.0786     -1.149     0.2672    -0.4343 -9.990e-29
 203.521209     -1.152   0.422562    13.1677    -2.0791     -1.142     0.2660    -0.4352 -9.990e-29
 203.521215     -1.148   0.419589    13.1656    -2.0794     -1.138     0.2640    -0.4364 -9.990e-29
 203.521221     -1.151   0.416527    13.1611    -2.0794     -1.141     0.2621    -0.4374 -9.990e-29
 203.521227     -1.156   0.414279    13.1548    -2.0793     -1.146     0.2607    -0.4377 -9.990e-29
 203.521233     -1.160   0.413168    13.1476    -2.0795     -1.150     0.2600    -0.4372 -9.990e-29
 203.521238     -1.162   0.412819    13.1395    -2.0796     -1.152     0.2598    -0.4363 -9.990e-29
 203.521244     -1.164   0.412767    13.1318    -2.0801     -1.154     0.2598    -0.4353 -9.990e-29
 203.521250     -1.164   0.412388    13.1259    -2.0806     -1.154     0.2596    -0.4347 -9.990e-29
 203.521256     -1.163   0.410622    13.1202    -2.0811     -1.153     0.2585    -0.4349 -9.990e-29
 203.521262     -1.161   0.407331    13.1137    -2.0815     -1.151     0.2564    -0.4356 -9.990e-29
 203.521267     -1.158   0.404217    13.1082    -2.0819     -1.148     0.2545    -0.4365 -9.990e-29
 203.521273     -1.153   0.403218    13.1051    -2.0821     -1.143     0.2538    -0.4366 -9.990e-29
 203.521279     -1.147   0.404663    13.1030    -2.0820     -1.137     0.2548    -0.4356 -9.990e-29
 203.521285     -1.138   0.407711    13.1001    -2.0818     -1.129     0.2568    -0.4336 -9.990e-29
 203.521291     -1.127   0.410887    13.0949    -2.0816     -1.118     0.2589    -0.4313 -9.990e-29
 203.521296     -1.117   0.412890    13.0866    -2.0814     -1.108     0.2602    -0.4292 -9.990e-29
 203.521302     -1.112   0.413621    13.0767    -2.0816     -1.103     0.2608    -0.4275 -9.990e-29
