data/oxygen options/ONMS/Olympic_Coast_National_Marine_Sanctuary_CTD_Data_2005_2023/raw_data/2011/CAST_CE042_072111faed.cnv
* Sea-Bird SBE19 Data File:
* FileName = C:\velocity\CATFILES\202_111642_CE042000.hex
* Software Version 1.59
* Temperature SN = 2997
* Conductivity SN = 2997
* System UpLoad Time = Jul 21 2011 19:19:02
* ds
* SEACAT PROFILER V3.1c SN 2997   07/21/11  12:18:37.244
# nquan = 9                                 
# nvalues = 743                         
# units = specified
# name 0 = timeJ: Julian Days
# name 1 = prSM: Pressure, Strain Gauge [db]
# name 2 = c0mS/cm: Conductivity [mS/cm]
# name 3 = t090C: Temperature [ITS-90, deg C]
# name 4 = sbeox0ML/L: Oxygen, SBE 43 [ml/l]
# name 5 = depSM: Depth [salt water, m], lat = 47.5
# name 6 = sal00: Salinity, Practical [PSU]
# name 7 = sigma-é00: Density [sigma-theta, kg/m^3]
# name 8 = flag: flag
# span 0 = 202.469931, 202.474225       
# span 1 =     -4.597,     45.595       
# span 2 =   0.389619,  37.780065       
# span 3 =     7.5633,    15.9681       
# span 4 =    -1.9662,    17.2464       
# span 5 =     -4.559,     45.209       
# span 6 =     0.2288,    33.6462       
# span 7 =    -0.8694,    26.2734       
# span 8 = 0.0000e+00, 0.0000e+00       
# interval = seconds: 0.5
# start_time = Jul 21 2011 11:16:42 [Instrument's time stamp, header]
# bad_flag = -9.990e-29
*END*
[from data line 321]
 202.471788      9.022  37.159191    13.2308     7.1663      8.947    31.2021    23.4077 0.0000e+00
 202.471794      9.340  37.147396    13.1117     7.0207      9.262    31.2888    23.4981 0.0000e+00
 202.471800      9.653  37.121076    13.0203     6.9118      9.572    31.3395    23.5551 0.0000e+00
 202.471806      9.970  37.089266    12.8715     6.8521      9.887    31.4328    23.6560 0.0000e+00
 202.471811     10.293  37.017300    12.6475     6.8493     10.207    31.5515    23.7909 0.0000e+00
 202.471817     10.622  36.902666    12.4095     6.8602     10.533    31.6423    23.9064 0.0000e+00
 202.471823     10.942  36.779474    12.2224     6.8223     10.850    31.6824    23.9726 0.0000e+00
 202.471829     11.236  36.687198    12.1251     6.7120     11.142    31.6762    23.9860 0.0000e+00
 202.471834     11.505  36.655564    12.1083     6.5822     11.409    31.6600    23.9765 0.0000e+00
 202.471840     11.767  36.676443    12.1181     6.4134     11.668    31.6716    23.9837 0.0000e+00
 202.471846     12.033  36.714855    12.1024     6.2744     11.932    31.7217    24.0255 0.0000e+00
 202.471852     12.313  36.795056    12.0557     6.1535     12.210    31.8385    24.1247 0.0000e+00
 202.471858     12.606  36.948303    12.0011     6.0627     12.500    32.0327    24.2855 0.0000e+00
 202.471863     12.906  37.103852    11.9155     6.0328     12.798    32.2566    24.4751 0.0000e+00
 202.471869     13.206  37.148651    11.7679     5.9835     13.095    32.4282    24.6355 0.0000e+00
 202.471875     13.500  37.071772    11.5958     5.9210     13.387    32.5038    24.7258 0.0000e+00
 202.471881     13.784  36.971687    11.4551     5.7822     13.669    32.5295    24.7713 0.0000e+00
 202.471887     14.064  36.902464    11.3546     5.6160     13.946    32.5501    24.8054 0.0000e+00
 202.471892     14.344  36.842258    11.2698     5.4683     14.224    32.5657    24.8327 0.0000e+00
 202.471898     14.622  36.773417    11.1793     5.3455     14.499    32.5778    24.8583 0.0000e+00
 202.471904     14.894  36.699269    11.0719     5.2961     14.769    32.5997    24.8945 0.0000e+00
 202.471910     15.163  36.618304    10.9346     5.2772     15.036    32.6415    24.9512 0.0000e+00
 202.471916     15.435  36.513204    10.7548     5.2814     15.306    32.6973    25.0261 0.0000e+00
 202.471921     15.704  36.370310    10.5505     5.2910     15.572    32.7376    25.0929 0.0000e+00
 202.471927     15.963  36.205646    10.3806     5.2710     15.829    32.7252    25.1123 0.0000e+00
 202.471933     16.203  36.067238    10.3074     5.1482     16.067    32.6517    25.0674 0.0000e+00
 202.471939     16.420  36.021867    10.3363     4.9196     16.282    32.5800    25.0067 0.0000e+00
 202.471944     16.626  36.065484    10.3922     4.6657     16.487    32.5736    24.9922 0.0000e+00
 202.471950     16.837  36.097673    10.3725     4.4230     16.696    32.6235    25.0345 0.0000e+00
 202.471956     17.074  36.061609    10.2332     4.2374     16.931    32.7125    25.1274 0.0000e+00
 202.471962     17.350  35.960109    10.0197     4.1140     17.204    32.8029    25.2338 0.0000e+00
 202.471968     17.655  35.826882     9.8070     4.0687     17.507    32.8609    25.3143 0.0000e+00
 202.471973     17.976  35.711544     9.6266     4.1057     17.825    32.9078    25.3805 0.0000e+00
 202.471979     18.293  35.613628     9.4767     4.1185     18.140    32.9448    25.4337 0.0000e+00
 202.471985     18.588  35.517817     9.3771     4.1155     18.432    32.9377    25.4441 0.0000e+00
 202.471991     18.855  35.456405     9.3511     4.0349     18.697    32.8982    25.4174 0.0000e+00
 202.471997     19.093  35.460519     9.3730     3.9019     18.933    32.8822    25.4014 0.0000e+00
 202.472002     19.309  35.489070     9.3967     3.7027     19.147    32.8898    25.4035 0.0000e+00
 202.472008     19.517  35.480935     9.4020     3.4464     19.353    32.8764    25.3922 0.0000e+00
 202.472014     19.725  35.435838     9.3819     3.2418     19.559    32.8483    25.3735 0.0000e+00
 202.472020     19.943  35.384851     9.2967     3.0496     19.776    32.8740    25.4072 0.0000e+00
 202.472025     20.184  35.307514     9.1160     2.9407     20.015    32.9606    25.5035 0.0000e+00
 202.472031     20.459  35.167271     8.8814     2.8752     20.287    33.0323    25.5964 0.0000e+00
 202.472037     20.764  35.009423     8.6465     2.7893     20.590    33.0862    25.6748 0.0000e+00
 202.472043     21.085  34.903570     8.4560     2.7296     20.908    33.1534    25.7564 0.0000e+00
 202.472049     21.412  34.846805     8.3412     2.6697     21.232    33.2015    25.8113 0.0000e+00
 202.472054     21.739  34.811144     8.2795     2.6462     21.556    33.2219    25.8365 0.0000e+00
 202.472060     22.067  34.787598     8.2324     2.6509     21.882    33.2413    25.8588 0.0000e+00
 202.472066     22.391  34.765076     8.1910     2.6295     22.203    33.2564    25.8768 0.0000e+00
 202.472072     22.696  34.741523     8.1717     2.6426     22.505    33.2496    25.8743 0.0000e+00
 202.472078     22.977  34.735347     8.1766     2.6040     22.784    33.2382    25.8647 0.0000e+00
 202.472083     23.238  34.748931     8.1755     2.5852     23.043    33.2536    25.8769 0.0000e+00
 202.472089     23.492  34.750537     8.1431     2.5774     23.295    33.2859    25.9071 0.0000e+00
 202.472095     23.747  34.724941     8.0904     2.5408     23.547    33.3086    25.9327 0.0000e+00
 202.472101     24.001  34.694557     8.0464     2.5322     23.799    33.3180    25.9465 0.0000e+00
 202.472106     24.258  34.677645     8.0202     2.5033     24.054    33.3247    25.9557 0.0000e+00
 202.472112     24.525  34.669548     8.0013     2.5010     24.319    33.3340    25.9657 0.0000e+00
 202.472118     24.807  34.661130     7.9810     2.4972     24.598    33.3442    25.9767 0.0000e+00
 202.472124     25.096  34.650110     7.9610     2.4800     24.885    33.3514    25.9852 0.0000e+00
 202.472130     25.380  34.639694     7.9495     2.4845     25.167    33.3511    25.9867 0.0000e+00
 202.472135     25.651  34.636135     7.9451     2.4534     25.435    33.3513    25.9875 0.0000e+00
 202.472141     25.911  34.638589     7.9354     2.4602     25.693    33.3631    25.9982 0.0000e+00
 202.472147     26.170  34.634634     7.9149     2.4391     25.950    33.3783    26.0131 0.0000e+00
 202.472153     26.437  34.620667     7.8916     2.4103     26.215    33.3855    26.0222 0.0000e+00
 202.472159     26.708  34.607726     7.8755     2.3694     26.483    33.3869    26.0256 0.0000e+00
 202.472164     26.974  34.602617     7.8678     2.2699     26.747    33.3887    26.0281 0.0000e+00
 202.472170     27.230  34.602987     7.8615     2.2036     27.001    33.3950    26.0340 0.0000e+00
 202.472176     27.484  34.602035     7.8491     2.1154     27.253    33.4057    26.0442 0.0000e+00
 202.472182     27.752  34.596799     7.8297     2.0512     27.519    33.4186    26.0571 0.0000e+00
 202.472187     28.039  34.592043     7.8041     2.0438     27.803    33.4379    26.0760 0.0000e+00
 202.472193     28.332  34.591488     7.7753     2.0186     28.094    33.4648    26.1013 0.0000e+00
 202.472199     28.617  34.594379     7.7530     2.0219     28.376    33.4892    26.1237 0.0000e+00
 202.472205     28.885  34.599510     7.7451     2.0040     28.642    33.5021    26.1350 0.0000e+00
 202.472211     29.141  34.606425     7.7465     1.9966     28.896    33.5081    26.1395 0.0000e+00
 202.472216     29.392  34.611450     7.7436     1.9941     29.145    33.5162    26.1463 0.0000e+00
 202.472222     29.646  34.609514     7.7317     1.9904     29.396    33.5254    26.1553 0.0000e+00
 202.472228     29.906  34.602503     7.7180     2.0164     29.654    33.5310    26.1616 0.0000e+00
 202.472234     30.167  34.597295     7.7070     2.0066     29.913    33.5358    26.1670 0.0000e+00
 202.472240     30.416  34.595327     7.6985     2.0110     30.160    33.5418    26.1729 0.0000e+00
 202.472245     30.643  34.595078     7.6955     2.0165     30.385    33.5443    26.1753 0.0000e+00
 202.472251     30.854  34.599563     7.6999     2.0165     30.594    33.5448    26.1751 0.0000e+00
 202.472257     31.062  34.607466     7.7055     2.0484     30.800    33.5478    26.1766 0.0000e+00
 202.472263     31.280  34.609155     7.7019     2.0715     31.017    33.5530    26.1812 0.0000e+00
 202.472269     31.523  34.601835     7.6861     2.1090     31.258    33.5602    26.1892 0.0000e+00
 202.472274     31.796  34.591973     7.6654     2.1557     31.528    33.5694    26.1994 0.0000e+00
 202.472280     32.092  34.583763     7.6472     2.1743     31.822    33.5780    26.2087 0.0000e+00
 202.472286     32.396  34.577437     7.6329     2.1922     32.123    33.5848    26.2162 0.0000e+00
 202.472292     32.691  34.572944     7.6235     2.1582     32.416    33.5889    26.2207 0.0000e+00
 202.472297     32.969  34.570435     7.6180     2.1325     32.691    33.5914    26.2235 0.0000e+00
 202.472303     33.227  34.568786     7.6113     2.1111     32.947    33.5960    26.2280 0.0000e+00
 202.472309     33.476  34.567464     7.6015     2.0726     33.194    33.6039    26.2357 0.0000e+00
 202.472315     33.716  34.568053     7.5925     2.0555     33.432    33.6131    26.2442 0.0000e+00
 202.472321     33.948  34.570764     7.5882     2.0226     33.662    33.6201    26.2503 0.0000e+00
 202.472326     34.167  34.574157     7.5886     1.9879     33.879    33.6233    26.2527 0.0000e+00
 202.472332     34.380  34.577704     7.5884     1.9690     34.090    33.6272    26.2559 0.0000e+00
 202.472338     34.601  34.578841     7.5838     1.9304     34.309    33.6328    26.2609 0.0000e+00
 202.472344     34.833  34.576273     7.5783     1.9148     34.539    33.6352    26.2636 0.0000e+00
 202.472350     35.076  34.574401     7.5757     1.8674     34.780    33.6356    26.2643 0.0000e+00
 202.472355     35.328  34.575197     7.5748     1.8388     35.030    33.6372    26.2657 0.0000e+00
 202.472361     35.591  34.575787     7.5739     1.8240     35.291    33.6386    26.2669 0.0000e+00
 202.472367     35.870  34.574706     7.5734     1.7992     35.568    33.6378    26.2663 0.0000e+00
 202.472373     36.156  34.573858     7.5745     1.8061     35.851    33.6357    26.2645 0.0000e+00
 202.472378     36.438  34.574339     7.5770     1.8018     36.131    33.6336    26.2625 0.0000e+00
 202.472384     36.712  34.575655     7.5786     1.8005     36.402    33.6334    26.2621 0.0000e+00
 202.472390     36.984  34.577306     7.5772     1.7990     36.672    33.6364    26.2647 0.0000e+00
 202.472396     37.260  34.577565     7.5738     1.7961     36.946    33.6398    26.2679 0.0000e+00
 202.472402     37.543  34.576204     7.5709     1.8163     37.226    33.6410    26.2692 0.0000e+00
 202.472407     37.820  34.575316     7.5702     1.8119     37.501    33.6406    26.2690 0.0000e+00
 202.472413     38.074  34.575939     7.5716     1.8062     37.753    33.6398    26.2682 0.0000e+00
 202.472419     38.296  34.578329     7.5736     1.8019     37.973    33.6403    26.2683 0.0000e+00
 202.472425     38.495  34.581742     7.5746     1.7775     38.170    33.6430    26.2703 0.0000e+00
 202.472431     38.698  34.583436     7.5737     1.7918     38.371    33.6456    26.2724 0.0000e+00
 202.472436     38.925  34.581739     7.5710     1.7862     38.596    33.6462    26.2734 0.0000e+00
 202.472442     39.182  34.578298     7.5683     1.7948     38.851    33.6450    26.2728 0.0000e+00
 202.472448     39.465  34.575789     7.5664     1.8018     39.132    33.6440    26.2723 0.0000e+00
 202.472454     39.765  34.574773     7.5651     1.7847     39.429    33.6440    26.2725 0.0000e+00
 202.472459     40.076  34.574441     7.5645     1.7904     39.738    33.6441    26.2726 0.0000e+00
 202.472465     40.393  34.574338     7.5642     1.7731     40.052    33.6441    26.2727 0.0000e+00
 202.472471     40.708  34.574311     7.5642     1.7686     40.364    33.6439    26.2725 0.0000e+00
 202.472477     41.018  34.574310     7.5643     1.7673     40.672    33.6437    26.2723 0.0000e+00
 202.472483     41.320  34.574321     7.5642     1.7601     40.971    33.6437    26.2723 0.0000e+00
 202.472488     41.616  34.574343     7.5638     1.7718     41.265    33.6439    26.2726 0.0000e+00
 202.472494     41.904  34.574394     7.5637     1.7603     41.550    33.6439    26.2726 0.0000e+00
 202.472500     42.175  34.574527     7.5639     1.7734     41.819    33.6438    26.2725 0.0000e+00
 202.472506     42.432  34.574906     7.5641     1.7618     42.074    33.6439    26.2725 0.0000e+00
 202.472512     42.676  34.575463     7.5646     1.7618     42.315    33.6439    26.2724 0.0000e+00
 202.472517     42.906  34.576369     7.5656     1.7704     42.543    33.6438    26.2722 0.0000e+00
 202.472523     43.128  34.577699     7.5665     1.7705     42.764    33.6442    26.2725 0.0000e+00
 202.472529     43.356  34.578414     7.5668     1.7719     42.990    33.6446    26.2727 0.0000e+00
 202.472535     43.601  34.577775     7.5661     1.7589     43.233    33.6445    26.2727 0.0000e+00
 202.472541     43.865  34.576598     7.5650     1.7560     43.494    33.6441    26.2726 0.0000e+00
 202.472546     44.139  34.576100     7.5645     1.7488     43.766    33.6439    26.2725 0.0000e+00
 202.472552     44.407  34.576162     7.5647     1.7546     44.032    33.6437    26.2723 0.0000e+00
 202.472558     44.656  34.576293     7.5654     1.7603     44.279    33.6430    26.2717 0.0000e+00
 202.472564     44.875  34.576654     7.5661     1.7530     44.496    33.6426    26.2713 0.0000e+00
 202.472569     45.061  34.577153     7.5664     1.7559     44.680    33.6428    26.2714 0.0000e+00
 202.472575     45.218  34.577321     7.5661     1.7558     44.836    33.6432    26.2717 0.0000e+00
 202.472581     45.348  34.577371     7.5658     1.7486     44.965    33.6435    26.2720 -9.990e-29
 202.472587     45.449  34.577916     7.5661     1.7715     45.065    33.6437    26.2722 -9.990e-29
 202.472593     45.519  34.578550     7.5666     1.7469     45.134    33.6439    26.2722 -9.990e-29
 202.472598     45.564  34.578426     7.5670     1.7511     45.179    33.6433    26.2717 -9.990e-29
 202.472604     45.590  34.577929     7.5673     1.7439     45.205    33.6425    26.2710 -9.990e-29
 202.472610     45.595  34.578064     7.5675     1.7481     45.209    33.6425    26.2710 -9.990e-29
 202.472616     45.574  34.578998     7.5677     1.7552     45.189    33.6433    26.2716 -9.990e-29
 202.472622     45.527  34.580285     7.5683     1.7494     45.142    33.6441    26.2722 -9.990e-29
 202.472627     45.450  34.581388     7.5692     1.7624     45.066    33.6445    26.2723 -9.990e-29
 202.472633     45.342  34.582085     7.5701     1.7522     44.959    33.6444    26.2721 -9.990e-29
 202.472639     45.202  34.582173     7.5708     1.7553     44.820    33.6439    26.2716 0.0000e+00
 202.472645     45.024  34.581758     7.5713     1.7323     44.643    33.6430    26.2709 0.0000e+00
 202.472650     44.815  34.581397     7.5712     1.7238     44.436    33.6428    26.2707 0.0000e+00
 202.472656     44.587  34.581155     7.5706     1.7396     44.210    33.6433    26.2712 0.0000e+00
 202.472662     44.350  34.580702     7.5698     1.7280     43.975    33.6437    26.2716 0.0000e+00
 202.472668     44.116  34.579981     7.5689     1.7438     43.743    33.6439    26.2719 0.0000e+00
 202.472674     43.896  34.579143     7.5679     1.7337     43.525    33.6441    26.2721 0.0000e+00
 202.472679     43.701  34.578178     7.5671     1.7306     43.332    33.6439    26.2721 0.0000e+00
 202.472685     43.543  34.576909     7.5665     1.7391     43.175    33.6432    26.2716 -9.990e-29
 202.472691     43.436  34.575315     7.5658     1.7264     43.069    33.6422    26.2710 -9.990e-29
 202.472697     43.376  34.574059     7.5650     1.7393     43.009    33.6416    26.2706 -9.990e-29
 202.472703     43.347  34.573693     7.5645     1.7222     42.981    33.6417    26.2708 -9.990e-29
