data/oxygen options/ONMS/Olympic_Coast_National_Marine_Sanctuary_CTD_Data_2005_2023/raw_data/2007/CTD_KL027_091807faed.cnv
* Sea-Bird SBE19 Data File:
* FileName = C:\2007_mooring_data\Service_091807\CTD_KL027_091807.hex
* Software Version 1.20
* Temperature SN = 2997
* Conductivity SN = 2997
* System UpLoad Time = Sep 18 2007 18:07:45
* SEACAT PROFILER V3.1c SN 2997   09/18/07  18:06:24.545
* strain gauge pressure sensor: S/N = 184829,  range = 3000 psia,  tc = 40
# nquan = 9                                 
# nvalues = 1836                        
# units = specified
# name 0 = timeJ: Julian Days
# name 1 = prSM: Pressure, Strain Gauge [db]
# name 2 = c0mS/cm: Conductivity [mS/cm]
# name 3 = t090C: Temperature [ITS-90, deg C]
# name 4 = oxML/L: Oxygen, Beckman/YSI [ml/l]
# name 5 = depSM: Depth [salt water, m], lat = 47.5
# name 6 = sal00: Salinity, Practical [PSU]
# name 7 = sigma-é00: Density [sigma-theta, kg/m^3]
# name 8 = flag: flag
# span 0 = 261.731204, 261.741823       
# span 1 =     -5.154,     26.825       
# span 2 =  12.683795,  37.570936       
# span 3 =     7.9353,    12.3930       
# span 4 =   -0.06002,   33.34939       
# span 5 =     -5.111,     26.599       
# span 6 =     9.8483,    33.3398       
# span 7 =     7.0802,    25.9790       
# span 8 = 0.0000e+00, 0.0000e+00       
# interval = seconds: 0.5
# start_time = Sep 18 2007 17:32:56 [Instrument's time stamp, header]
# bad_flag = -9.990e-29
*END*
[from data line 161]
 261.732135     -0.695  37.486293    12.3158    7.61683     -0.689    32.2846    24.4217 -9.990e-29
 261.732141     -0.672  37.486075    12.3159    7.61358     -0.666    32.2843    24.4214 -9.990e-29
 261.732147     -0.649  37.485895    12.3160    7.61384     -0.644    32.2840    24.4212 -9.990e-29
 261.732153     -0.634  37.486078    12.3161    7.61548     -0.629    32.2841    24.4212 -9.990e-29
 261.732159     -0.631  37.486314    12.3160    7.61179     -0.626    32.2844    24.4215 -9.990e-29
 261.732164     -0.629  37.486364    12.3157    7.61032     -0.624    32.2847    24.4218 -9.990e-29
 261.732170     -0.622  37.486303    12.3155    7.61437     -0.617    32.2848    24.4219 -9.990e-29
 261.732176     -0.611  37.486058    12.3155    7.61225     -0.606    32.2846    24.4217 -9.990e-29
 261.732182     -0.602  37.485869    12.3156    7.61879     -0.597    32.2843    24.4215 -9.990e-29
 261.732188     -0.594  37.486051    12.3156    7.62522     -0.589    32.2845    24.4216 -9.990e-29
 261.732193     -0.586  37.486294    12.3155    7.62515     -0.581    32.2848    24.4219 -9.990e-29
 261.732199     -0.577  37.486368    12.3156    7.62640     -0.572    32.2848    24.4218 -9.990e-29
 261.732205     -0.567  37.486378    12.3157    7.62245     -0.562    32.2847    24.4218 -9.990e-29
 261.732211     -0.555  37.486345    12.3157    7.62117     -0.550    32.2847    24.4217 -9.990e-29
 261.732216     -0.540  37.486231    12.3156    7.62636     -0.535    32.2846    24.4217 -9.990e-29
 261.732222     -0.523  37.485893    12.3154    7.62785     -0.519    32.2845    24.4217 -9.990e-29
 261.732228     -0.505  37.485448    12.3154    7.62104     -0.501    32.2841    24.4213 -9.990e-29
 261.732234     -0.494  37.485431    12.3155    7.61959     -0.490    32.2839    24.4212 -9.990e-29
 261.732240     -0.494  37.485823    12.3156    7.61658     -0.490    32.2842    24.4214 -9.990e-29
 261.732245     -0.500  37.486035    12.3157    7.62344     -0.496    32.2844    24.4215 -9.990e-29
 261.732251     -0.505  37.485795    12.3156    7.62808     -0.501    32.2842    24.4214 -9.990e-29
 261.732257     -0.500  37.485350    12.3156    7.62815     -0.496    32.2838    24.4211 -9.990e-29
 261.732263     -0.480  37.484675    12.3157    7.63324     -0.476    32.2830    24.4205 -9.990e-29
 261.732269     -0.453  37.484000    12.3156    7.62656     -0.449    32.2825    24.4201 -9.990e-29
 261.732274     -0.430  37.484112    12.3155    7.62366     -0.426    32.2827    24.4202 -9.990e-29
 261.732280     -0.413  37.484606    12.3156    7.62332     -0.410    32.2830    24.4205 -9.990e-29
 261.732286     -0.403  37.485027    12.3157    7.62161     -0.400    32.2834    24.4207 -9.990e-29
 261.732292     -0.397  37.485382    12.3155    7.62506     -0.394    32.2839    24.4211 -9.990e-29
 261.732297     -0.392  37.485032    12.3151    7.62515     -0.389    32.2839    24.4212 -9.990e-29
 261.732303     -0.382  37.484077    12.3146    7.63034     -0.379    32.2834    24.4209 -9.990e-29
 261.732309     -0.371  37.483493    12.3143    7.63354     -0.368    32.2831    24.4208 -9.990e-29
 261.732315     -0.364  37.483630    12.3145    7.63780     -0.361    32.2830    24.4207 -9.990e-29
 261.732321     -0.359  37.484117    12.3146    7.62648     -0.356    32.2834    24.4210 -9.990e-29
 261.732326     -0.357  37.484488    12.3145    7.62723     -0.354    32.2839    24.4213 -9.990e-29
 261.732332     -0.356  37.484686    12.3149    7.62049     -0.353    32.2837    24.4211 -9.990e-29
 261.732338     -0.354  37.484982    12.3154    7.62435     -0.351    32.2835    24.4209 -9.990e-29
 261.732344     -0.340  37.485218    12.3157    7.63878     -0.337    32.2835    24.4208 -9.990e-29
 261.732350     -0.314  37.485155    12.3157    7.63677     -0.311    32.2834    24.4208 -9.990e-29
 261.732355     -0.288  37.485276    12.3156    7.63323     -0.286    32.2836    24.4210 -9.990e-29
 261.732361     -0.272  37.485750    12.3156    7.61894     -0.270    32.2841    24.4213 -9.990e-29
 261.732367     -0.270  37.486091    12.3157    7.61670     -0.268    32.2843    24.4215 -9.990e-29
 261.732373     -0.274  37.486201    12.3156    7.62470     -0.272    32.2845    24.4216 -9.990e-29
 261.732378     -0.269  37.486234    12.3154    7.63054     -0.267    32.2847    24.4218 -9.990e-29
 261.732384     -0.257  37.486241    12.3154    7.62641     -0.255    32.2847    24.4218 -9.990e-29
 261.732390     -0.241  37.486240    12.3154    7.62334     -0.239    32.2847    24.4218 -9.990e-29
 261.732396     -0.224  37.486235    12.3154    7.62554     -0.222    32.2847    24.4218 -9.990e-29
 261.732402     -0.213  37.486227    12.3153    7.63023     -0.211    32.2848    24.4219 -9.990e-29
 261.732407     -0.208  37.486213    12.3152    7.63362     -0.206    32.2848    24.4220 -9.990e-29
 261.732413     -0.200  37.486181    12.3150    7.63204     -0.198    32.2850    24.4221 -9.990e-29
 261.732419     -0.185  37.486096    12.3150    7.62912     -0.183    32.2849    24.4220 -9.990e-29
 261.732425     -0.169  37.485851    12.3151    7.62238     -0.168    32.2846    24.4218 -9.990e-29
 261.732431     -0.164  37.485687    12.3153    7.62770     -0.163    32.2842    24.4215 -9.990e-29
 261.732436     -0.170  37.485950    12.3156    7.62905     -0.169    32.2842    24.4214 -9.990e-29
 261.732442     -0.180  37.486439    12.3157    7.63705     -0.178    32.2846    24.4217 -9.990e-29
 261.732448     -0.185  37.486693    12.3156    7.63345     -0.183    32.2849    24.4220 -9.990e-29
 261.732454     -0.181  37.486496    12.3154    7.62735     -0.179    32.2849    24.4220 -9.990e-29
 261.732459     -0.168  37.486156    12.3154    7.62763     -0.167    32.2846    24.4217 -9.990e-29
 261.732465     -0.149  37.485784    12.3154    7.63970     -0.148    32.2842    24.4215 -9.990e-29
 261.732471     -0.132  37.485453    12.3153    7.63886     -0.131    32.2840    24.4213 -9.990e-29
 261.732477     -0.119  37.485290    12.3152    7.63729     -0.118    32.2839    24.4213 -9.990e-29
 261.732483     -0.111  37.485082    12.3151    7.63444     -0.110    32.2838    24.4212 -9.990e-29
 261.732488     -0.106  37.485121    12.3152    7.62997     -0.105    32.2838    24.4211 -9.990e-29
 261.732494     -0.105  37.485465    12.3152    7.63970     -0.104    32.2841    24.4214 -9.990e-29
 261.732500     -0.103  37.485458    12.3151    7.63446     -0.102    32.2842    24.4215 -9.990e-29
 261.732506     -0.091  37.485099    12.3153    7.63800     -0.090    32.2836    24.4210 -9.990e-29
 261.732512     -0.068  37.485040    12.3156    7.63265     -0.067    32.2833    24.4207 -9.990e-29
 261.732517     -0.041  37.485207    12.3157    7.62965     -0.041    32.2834    24.4207 -9.990e-29
 261.732523     -0.019  37.485268    12.3155    7.63819     -0.019    32.2836    24.4210 -9.990e-29
 261.732529     -0.002  37.485313    12.3153    7.63789     -0.002    32.2838    24.4212 -9.990e-29
 261.732535      0.013  37.485407    12.3154    7.65313      0.013    32.2838    24.4211 -9.990e-29
 261.732541      0.033  37.485684    12.3158    7.64270      0.033    32.2837    24.4210 -9.990e-29
 261.732546      0.055  37.485959    12.3162    7.63656      0.055    32.2836    24.4208 -9.990e-29
 261.732552      0.070  37.486046    12.3163    7.63340      0.069    32.2836    24.4208 -9.990e-29
 261.732558      0.076  37.486066    12.3163    7.63715      0.075    32.2836    24.4208 -9.990e-29
 261.732564      0.074  37.486052    12.3162    7.65169      0.073    32.2837    24.4209 -9.990e-29
 261.732569      0.066  37.485995    12.3161    7.64645      0.065    32.2837    24.4210 -9.990e-29
 261.732575      0.062  37.485825    12.3159    7.65019      0.061    32.2838    24.4210 -9.990e-29
 261.732581      0.066  37.485321    12.3159    7.64045      0.065    32.2833    24.4206 -9.990e-29
 261.732587      0.077  37.484942    12.3160    7.63746      0.076    32.2828    24.4203 -9.990e-29
 261.732593      0.092  37.485311    12.3163    7.63896      0.091    32.2829    24.4203 -9.990e-29
 261.732598      0.104  37.485804    12.3166    7.63072      0.103    32.2831    24.4204 -9.990e-29
 261.732604      0.108  37.485965    12.3165    7.63207      0.107    32.2834    24.4206 -9.990e-29
 261.732610      0.110  37.486015    12.3163    7.63881      0.109    32.2836    24.4208 -9.990e-29
 261.732616      0.119  37.486029    12.3163    7.64164      0.118    32.2836    24.4208 -9.990e-29
 261.732622      0.134  37.486032    12.3163    7.64456      0.133    32.2836    24.4208 -9.990e-29
 261.732627      0.148  37.486031    12.3163    7.63625      0.147    32.2836    24.4208 -9.990e-29
 261.732633      0.158  37.486029    12.3163    7.63866      0.157    32.2836    24.4208 -9.990e-29
 261.732639      0.165  37.486027    12.3163    7.64054      0.164    32.2836    24.4208 -9.990e-29
 261.732645      0.168  37.486026    12.3164    7.64226      0.167    32.2835    24.4207 -9.990e-29
 261.732650      0.168  37.486025    12.3166    7.64330      0.167    32.2833    24.4205 -9.990e-29
 261.732656      0.166  37.486026    12.3168    7.64007      0.165    32.2831    24.4203 -9.990e-29
 261.732662      0.160  37.486033    12.3168    7.64014      0.159    32.2831    24.4204 -9.990e-29
 261.732668      0.151  37.486060    12.3167    7.64215      0.150    32.2833    24.4205 -9.990e-29
 261.732674      0.141  37.486144    12.3168    7.64697      0.140    32.2833    24.4204 -9.990e-29
 261.732679      0.140  37.486400    12.3172    7.65039      0.139    32.2832    24.4203 -9.990e-29
 261.732685      0.152  37.486612    12.3174    7.65512      0.151    32.2832    24.4203 -9.990e-29
 261.732691      0.172  37.486504    12.3172    7.65543      0.171    32.2832    24.4204 -9.990e-29
 261.732697      0.190  37.486493    12.3170    7.64547      0.188    32.2834    24.4205 -9.990e-29
 261.732703      0.193  37.486569    12.3170    7.64287      0.191    32.2835    24.4206 -9.990e-29
 261.732708      0.181  37.486272    12.3169    7.64676      0.179    32.2833    24.4204 -9.990e-29
 261.732714      0.168  37.485772    12.3167    7.65114      0.167    32.2830    24.4202 -9.990e-29
 261.732720      0.164  37.485525    12.3166    7.64569      0.163    32.2828    24.4201 -9.990e-29
 261.732726      0.170  37.485765    12.3167    7.64231      0.169    32.2830    24.4202 -9.990e-29
 261.732731      0.178  37.486256    12.3166    7.63909      0.177    32.2835    24.4207 -9.990e-29
 261.732737      0.183  37.486530    12.3165    7.64075      0.181    32.2839    24.4210 -9.990e-29
 261.732743      0.190  37.486395    12.3167    7.65073      0.188    32.2836    24.4207 -9.990e-29
 261.732749      0.204  37.486237    12.3169    7.65238      0.202    32.2832    24.4204 -9.990e-29
 261.732755      0.222  37.486406    12.3169    7.65849      0.220    32.2834    24.4205 -9.990e-29
 261.732760      0.236  37.486571    12.3166    7.65199      0.234    32.2838    24.4209 -9.990e-29
 261.732766      0.239  37.486392    12.3165    7.64749      0.237    32.2837    24.4209 -9.990e-29
 261.732772      0.230  37.486192    12.3165    7.64098      0.228    32.2835    24.4207 -9.990e-29
 261.732778      0.218  37.486267    12.3167    7.63813      0.216    32.2834    24.4206 -9.990e-29
 261.732784      0.211  37.486721    12.3173    7.65305      0.209    32.2833    24.4204 -9.990e-29
 261.732789      0.216  37.487604    12.3180    7.65034      0.214    32.2836    24.4205 -9.990e-29
 261.732795      0.234  37.488414    12.3184    7.65192      0.232    32.2840    24.4207 -9.990e-29
 261.732801      0.253  37.488550    12.3184    7.64855      0.251    32.2841    24.4208 -9.990e-29
 261.732807      0.261  37.488195    12.3183    7.64420      0.259    32.2839    24.4206 -9.990e-29
 261.732813      0.265  37.487999    12.3184    7.64751      0.263    32.2836    24.4204 -9.990e-29
 261.732818      0.275  37.488264    12.3187    7.65418      0.273    32.2836    24.4204 -9.990e-29
 261.732824      0.294  37.488787    12.3190    7.64870      0.292    32.2838    24.4205 -9.990e-29
 261.732830      0.313  37.489144    12.3190    7.64743      0.310    32.2842    24.4207 -9.990e-29
 261.732836      0.326  37.489254    12.3189    7.64601      0.323    32.2843    24.4209 -9.990e-29
 261.732841      0.328  37.489265    12.3191    7.65777      0.325    32.2842    24.4207 -9.990e-29
 261.732847      0.325  37.489194    12.3196    7.66376      0.322    32.2837    24.4203 -9.990e-29
 261.732853      0.324  37.488950    12.3201    7.65051      0.321    32.2830    24.4196 -9.990e-29
 261.732859      0.331  37.488773    12.3202    7.65079      0.328    32.2828    24.4194 -9.990e-29
 261.732865      0.345  37.488990    12.3201    7.64669      0.342    32.2831    24.4197 -9.990e-29
 261.732870      0.362  37.489332    12.3201    7.64961      0.359    32.2834    24.4199 -9.990e-29
 261.732876      0.377  37.489695    12.3201    7.66099      0.374    32.2837    24.4202 -9.990e-29
 261.732882      0.388  37.490003    12.3202    7.65912      0.385    32.2839    24.4203 -9.990e-29
 261.732888      0.402  37.490109    12.3204    7.65254      0.399    32.2838    24.4202 -9.990e-29
 261.732894      0.415  37.490160    12.3206    7.64295      0.412    32.2837    24.4201 -9.990e-29
 261.732899      0.424  37.490225    12.3207    7.64541      0.420    32.2837    24.4201 -9.990e-29
 261.732905      0.429  37.490392    12.3206    7.65298      0.425    32.2839    24.4203 -9.990e-29
 261.732911      0.431  37.490326    12.3206    7.65425      0.427    32.2839    24.4202 -9.990e-29
 261.732917      0.433  37.489942    12.3206    7.65425      0.429    32.2835    24.4199 -9.990e-29
 261.732922      0.440  37.489852    12.3207    7.64990      0.436    32.2833    24.4198 -9.990e-29
 261.732928      0.449  37.489938    12.3209    7.65485      0.445    32.2832    24.4197 -9.990e-29
 261.732934      0.456  37.489758    12.3213    7.65973      0.452    32.2827    24.4192 -9.990e-29
 261.732940      0.460  37.489633    12.3213    7.65469      0.456    32.2826    24.4191 -9.990e-29
 261.732946      0.463  37.489398    12.3208    7.65177      0.459    32.2828    24.4193 -9.990e-29
 261.732951      0.465  37.488744    12.3202    7.64647      0.461    32.2827    24.4194 -9.990e-29
 261.732957      0.465  37.488484    12.3201    7.65485      0.461    32.2825    24.4193 -9.990e-29
 261.732963      0.469  37.488833    12.3201    7.65229      0.465    32.2829    24.4195 -9.990e-29
 261.732969      0.480  37.489139    12.3200    7.65096      0.476    32.2832    24.4198 -9.990e-29
 261.732975      0.495  37.489251    12.3200    7.65627      0.491    32.2833    24.4199 -9.990e-29
 261.732980      0.511  37.489320    12.3202    7.66301      0.507    32.2832    24.4198 -9.990e-29
 261.732986      0.528  37.489440    12.3203    7.66765      0.524    32.2832    24.4198 -9.990e-29
 261.732992      0.544  37.489774    12.3203    7.65927      0.539    32.2836    24.4200 -9.990e-29
 261.732998      0.550  37.490211    12.3206    7.65335      0.545    32.2837    24.4201 -9.990e-29
 261.733003      0.544  37.490211    12.3210    7.65702      0.539    32.2834    24.4197 -9.990e-29
 261.733009      0.529  37.489777    12.3212    7.66018      0.525    32.2828    24.4193 -9.990e-29
 261.733015      0.512  37.489456    12.3212    7.66318      0.508    32.2825    24.4190 -9.990e-29
 261.733021      0.501  37.489384    12.3213    7.66144      0.497    32.2823    24.4189 -9.990e-29
 261.733027      0.500  37.489469    12.3211    7.66526      0.496    32.2826    24.4191 -9.990e-29
 261.733032      0.504  37.489826    12.3208    7.66009      0.500    32.2832    24.4196 -9.990e-29
 261.733038      0.509  37.490372    12.3207    7.65868      0.505    32.2838    24.4201 -9.990e-29
 261.733044      0.516  37.490714    12.3209    7.65741      0.512    32.2839    24.4202 -9.990e-29
 261.733050      0.525  37.490752    12.3211    7.65723      0.521    32.2838    24.4201 -9.990e-29
