data/oxygen options/ONMS/Olympic_Coast_National_Marine_Sanctuary_CTD_Data_2005_2023/raw_data/2007/CTD_KL027_051407faed.cnv
* Sea-Bird SBE19 Data File:
* FileName = C:\2007_mooring_data\CTD_KL027_051407.hex
* Software Version 1.1.6
* Temperature SN = 2997
* Conductivity SN = 2997
* System UpLoad Time = May 14 2007 12:46:21
* SEACAT PROFILER V3.1c SN 2997   05/14/07  12:45:36.585
* strain gauge pressure sensor: S/N = 184829,  range = 3000 psia,  tc = 40
# nquan = 9                                 
# nvalues = 18766                       
# units = specified
# name 0 = timeJ: Julian Days
# name 1 = prSM: Pressure, Strain Gauge [db]
# name 2 = c0mS/cm: Conductivity [mS/cm]
# name 3 = t090C: Temperature [ITS-90, deg C]
# name 4 = oxML/L: Oxygen, Beckman/YSI [ml/l]
# name 5 = depSM: Depth [salt water, m], lat = 47.5
# name 6 = sal00: Salinity, Practical [PSU]
# name 7 = sigma-é00: Density [sigma-theta, kg/m^3]
# name 8 = flag: flag
# span 0 = 134.401817, 134.510411       
# span 1 =     -4.616,     27.107       
# span 2 =   0.001651,  35.353404       
# span 3 =     7.6076,    16.0268       
# span 4 =  -13.25737,   38.78202       
# span 5 =     -4.578,     26.879       
# span 6 =     0.0066,    33.6493       
# span 7 =    -0.9950,    26.2701       
# span 8 = 0.0000e+00, 0.0000e+00       
# interval = seconds: 0.5
# start_time = May 14 2007 09:38:37 [Instrument's time stamp, header]
# bad_flag = -9.990e-29
*END*
[from data line 3201]
 134.420341      0.908   0.272281    11.0578   -0.07564      0.900     0.1787    -0.2584 -9.990e-29
 134.420347      0.912   0.273799    11.0763   -0.07566      0.904     0.1796    -0.2596 -9.990e-29
 134.420353      0.921   0.274495    11.0930   -0.07565      0.913     0.1800    -0.2610 -9.990e-29
 134.420359      0.929   0.272524    11.1101   -0.07565      0.921     0.1786    -0.2638 -9.990e-29
 134.420365      0.934   0.268588    11.1312   -0.07563      0.926     0.1759    -0.2682 -9.990e-29
 134.420370      0.942   0.264646    11.1586   -0.07561      0.934     0.1731    -0.2732 -9.990e-29
 134.420376      0.950   0.262096    11.1876   -0.07559      0.942     0.1713    -0.2776 -9.990e-29
 134.420382      0.952   0.260866    11.2096   -0.07557      0.944     0.1704    -0.2806 -9.990e-29
 134.420388      0.950   0.259317    11.2204   -0.07554      0.942     0.1693    -0.2826 -9.990e-29
 134.420394      0.944   0.256494    11.2221   -0.07549      0.936     0.1674    -0.2843 -9.990e-29
 134.420399      0.936   0.253622    11.2212   -0.07545      0.928     0.1655    -0.2857 -9.990e-29
 134.420405      0.936   0.251865    11.2226   -0.07547      0.928     0.1643    -0.2867 -9.990e-29
 134.420411      0.943   0.249989    11.2272   -0.07549      0.935     0.1631    -0.2882 -9.990e-29
 134.420417      0.950   0.246046    11.2348   -0.07549      0.942     0.1604    -0.2911 -9.990e-29
 134.420422      0.956   0.239770    11.2443   -0.07548      0.948     0.1562    -0.2954 -9.990e-29
 134.420428      0.966   0.232220    11.2551   -0.07548      0.958     0.1512    -0.3005 -9.990e-29
 134.420434      0.977   0.224974    11.2678   -0.07547      0.969     0.1463    -0.3056 -9.990e-29
 134.420440      0.985   0.218906    11.2828   -0.07546      0.977     0.1423    -0.3104 -9.990e-29
 134.420446      0.986   0.213690    11.2985   -0.07542      0.978     0.1388    -0.3148 -9.990e-29
 134.420451      0.980   0.209024    11.3090   -0.07536      0.972     0.1357    -0.3183 -9.990e-29
 134.420457      0.976   0.205341    11.3100   -0.07531      0.968     0.1332    -0.3203 -9.990e-29
 134.420463      0.978   0.203278    11.3070   -0.07533      0.970     0.1319    -0.3211 -9.990e-29
 134.420469      0.985   0.202857    11.3063   -0.07533      0.977     0.1316    -0.3212 -9.990e-29
 134.420475      0.994   0.203515    11.3082   -0.07534      0.986     0.1320    -0.3211 -9.990e-29
 134.420480      1.001   0.204468    11.3115   -0.07534      0.993     0.1326    -0.3209 -9.990e-29
 134.420486      1.006   0.204768    11.3169   -0.07533      0.998     0.1328    -0.3214 -9.990e-29
 134.420492      1.011   0.203707    11.3267   -0.07533      1.003     0.1321    -0.3230 -9.990e-29
 134.420498      1.015   0.201534    11.3424   -0.07531      1.007     0.1306    -0.3258 -9.990e-29
 134.420503      1.018   0.199232    11.3615   -0.07528      1.010     0.1291    -0.3290 -9.990e-29
 134.420509      1.020   0.197614    11.3757   -0.07529      1.011     0.1279    -0.3314 -9.990e-29
 134.420515      1.023   0.196741    11.3802   -0.07530      1.014     0.1274    -0.3324 -9.990e-29
 134.420521      1.025   0.196005    11.3794   -0.07532      1.016     0.1269    -0.3327 -9.990e-29
 134.420527      1.028   0.194979    11.3784   -0.07534      1.019     0.1262    -0.3331 -9.990e-29
 134.420532      1.031   0.193958    11.3790   -0.07534      1.022     0.1255    -0.3337 -9.990e-29
 134.420538      1.034   0.193244    11.3815   -0.07535      1.025     0.1251    -0.3343 -9.990e-29
 134.420544      1.033   0.192442    11.3855   -0.07535      1.024     0.1245    -0.3351 -9.990e-29
 134.420550      1.025   0.191036    11.3917   -0.07536      1.016     0.1236    -0.3365 -9.990e-29
 134.420556      1.012   0.189370    11.3973   -0.07535      1.004     0.1225    -0.3380 -9.990e-29
 134.420561      0.998   0.187994    11.3977   -0.07533      0.990     0.1216    -0.3388 -9.990e-29
 134.420567      0.983   0.186737    11.3932   -0.07531      0.975     0.1208    -0.3389 -9.990e-29
 134.420573      0.969   0.185588    11.3872   -0.07529      0.961     0.1200    -0.3388 -9.990e-29
 134.420579      0.965   0.184677    11.3823   -0.07525      0.957     0.1195    -0.3388 -9.990e-29
 134.420584      0.970   0.183346    11.3791   -0.07514      0.962     0.1186    -0.3391 -9.990e-29
 134.420590      0.981   0.180930    11.3770   -0.07500      0.973     0.1170    -0.3401 -9.990e-29
 134.420596      0.992   0.177720    11.3753   -0.07499      0.984     0.1149    -0.3416 -9.990e-29
 134.420602      0.998   0.174428    11.3753   -0.07500      0.990     0.1128    -0.3433 -9.990e-29
 134.420608      0.998   0.171839    11.3796   -0.07501      0.990     0.1111    -0.3450 -9.990e-29
 134.420613      0.996   0.170383    11.3878   -0.07502      0.988     0.1101    -0.3467 -9.990e-29
 134.420619      0.992   0.169410    11.3990   -0.07501      0.984     0.1095    -0.3484 -9.990e-29
 134.420625      0.986   0.168181    11.4151   -0.07501      0.978     0.1086    -0.3508 -9.990e-29
 134.420631      0.977   0.166718    11.4414   -0.07501      0.969     0.1076    -0.3544 -9.990e-29
 134.420637      0.966   0.165291    11.4786   -0.07503      0.958     0.1066    -0.3592 -9.990e-29
 134.420642      0.951   0.164214    11.5141   -0.07502      0.943     0.1058    -0.3636 -9.990e-29
 134.420648      0.936   0.163715    11.5335   -0.07500      0.928     0.1054    -0.3660 -9.990e-29
 134.420654      0.928   0.163685    11.5382   -0.07500      0.920     0.1054    -0.3666 -9.990e-29
 134.420660      0.931   0.164085    11.5373   -0.07502      0.923     0.1057    -0.3663 -9.990e-29
 134.420666      0.941   0.164893    11.5361   -0.07503      0.933     0.1062    -0.3657 -9.990e-29
 134.420671      0.950   0.165524    11.5359   -0.07502      0.942     0.1066    -0.3654 -9.990e-29
 134.420677      0.954   0.165156    11.5361   -0.07497      0.946     0.1064    -0.3656 -9.990e-29
 134.420683      0.954   0.163853    11.5354   -0.07494      0.946     0.1055    -0.3662 -9.990e-29
 134.420689      0.954   0.162652    11.5345   -0.07494      0.946     0.1048    -0.3667 -9.990e-29
 134.420694      0.957   0.162170    11.5358   -0.07497      0.949     0.1044    -0.3671 -9.990e-29
 134.420700      0.961   0.162320    11.5380   -0.07501      0.953     0.1045    -0.3672 -9.990e-29
 134.420706      0.961   0.162747    11.5380   -0.07503      0.953     0.1048    -0.3670 -9.990e-29
 134.420712      0.957   0.162912    11.5361   -0.07505      0.949     0.1049    -0.3667 -9.990e-29
 134.420718      0.948   0.162482    11.5359   -0.07505      0.940     0.1046    -0.3669 -9.990e-29
 134.420723      0.935   0.161437    11.5417   -0.07508      0.927     0.1040    -0.3681 -9.990e-29
 134.420729      0.916   0.160047    11.5524   -0.07509      0.908     0.1030    -0.3700 -9.990e-29
 134.420735      0.895   0.158679    11.5610   -0.07509      0.888     0.1021    -0.3716 -9.990e-29
 134.420741      0.878   0.157726    11.5614   -0.07506      0.871     0.1015    -0.3722 -9.990e-29
 134.420747      0.869   0.157583    11.5536   -0.07505      0.862     0.1014    -0.3714 -9.990e-29
 134.420752      0.867   0.158060    11.5420   -0.07505      0.860     0.1018    -0.3698 -9.990e-29
 134.420758      0.868   0.158684    11.5307   -0.07505      0.861     0.1022    -0.3683 -9.990e-29
 134.420764      0.868   0.159177    11.5221   -0.07500      0.861     0.1025    -0.3671 -9.990e-29
 134.420770      0.871   0.159090    11.5156   -0.07495      0.864     0.1025    -0.3664 -9.990e-29
 134.420775      0.882   0.158307    11.5096   -0.07496      0.875     0.1020    -0.3661 -9.990e-29
 134.420781      0.896   0.157446    11.5060   -0.07499      0.889     0.1015    -0.3662 -9.990e-29
 134.420787      0.911   0.157025    11.5075   -0.07502      0.903     0.1012    -0.3666 -9.990e-29
 134.420793      0.927   0.157036    11.5125   -0.07502      0.919     0.1012    -0.3671 -9.990e-29
 134.420799      0.941   0.156940    11.5173   -0.07498      0.933     0.1011    -0.3677 -9.990e-29
 134.420804      0.950   0.156056    11.5216   -0.07495      0.942     0.1005    -0.3686 -9.990e-29
 134.420810      0.954   0.154868    11.5293   -0.07488      0.946     0.0997    -0.3701 -9.990e-29
 134.420816      0.953   0.154565    11.5419   -0.07482      0.945     0.0995    -0.3716 -9.990e-29
 134.420822      0.953   0.155301    11.5529   -0.07480      0.945     0.1000    -0.3724 -9.990e-29
 134.420828      0.956   0.156394    11.5549   -0.07479      0.948     0.1007    -0.3721 -9.990e-29
 134.420833      0.960   0.157084    11.5493   -0.07476      0.952     0.1011    -0.3711 -9.990e-29
 134.420839      0.959   0.157181    11.5437   -0.07473      0.951     0.1012    -0.3705 -9.990e-29
 134.420845      0.955   0.157370    11.5457   -0.07471      0.947     0.1013    -0.3706 -9.990e-29
 134.420851      0.950   0.157903    11.5572   -0.07471      0.942     0.1016    -0.3716 -9.990e-29
 134.420856      0.953   0.157826    11.5760   -0.07470      0.945     0.1015    -0.3737 -9.990e-29
 134.420862      0.965   0.156485    11.5995   -0.07468      0.957     0.1006    -0.3770 -9.990e-29
 134.420868      0.977   0.154862    11.6214   -0.07465      0.969     0.0995    -0.3803 -9.990e-29
 134.420874      0.986   0.154121    11.6365   -0.07465      0.978     0.0990    -0.3823 -9.990e-29
 134.420880      0.993   0.154386    11.6474   -0.07467      0.985     0.0992    -0.3834 -9.990e-29
 134.420885      0.998   0.154900    11.6583   -0.07471      0.990     0.0995    -0.3844 -9.990e-29
 134.420891      1.001   0.154688    11.6692   -0.07473      0.993     0.0993    -0.3857 -9.990e-29
 134.420897      1.003   0.154020    11.6777   -0.07473      0.995     0.0989    -0.3870 -9.990e-29
 134.420903      1.004   0.153671    11.6833   -0.07474      0.996     0.0986    -0.3878 -9.990e-29
 134.420909      1.003   0.153731    11.6891   -0.07474      0.995     0.0987    -0.3884 -9.990e-29
 134.420914      1.001   0.153724    11.6967   -0.07469      0.993     0.0986    -0.3893 -9.990e-29
 134.420920      0.997   0.153088    11.7033   -0.07464      0.989     0.0982    -0.3903 -9.990e-29
 134.420926      0.992   0.152083    11.7038   -0.07459      0.984     0.0976    -0.3909 -9.990e-29
 134.420932      0.985   0.151589    11.6968   -0.07457      0.977     0.0973    -0.3903 -9.990e-29
 134.420938      0.979   0.152056    11.6863   -0.07452      0.971     0.0976    -0.3889 -9.990e-29
 134.420943      0.984   0.152998    11.6779   -0.07450      0.976     0.0982    -0.3875 -9.990e-29
 134.420949      0.999   0.153453    11.6741   -0.07448      0.991     0.0985    -0.3869 -9.990e-29
 134.420955      1.012   0.152921    11.6740   -0.07445      1.004     0.0982    -0.3871 -9.990e-29
 134.420961      1.012   0.151799    11.6803   -0.07444      1.004     0.0974    -0.3884 -9.990e-29
 134.420966      0.998   0.150812    11.6956   -0.07442      0.990     0.0968    -0.3906 -9.990e-29
 134.420972      0.978   0.150308    11.7157   -0.07445      0.970     0.0964    -0.3931 -9.990e-29
 134.420978      0.960   0.150171    11.7348   -0.07447      0.952     0.0963    -0.3953 -9.990e-29
 134.420984      0.946   0.150218    11.7519   -0.07448      0.938     0.0963    -0.3972 -9.990e-29
 134.420990      0.931   0.150511    11.7681   -0.07448      0.923     0.0964    -0.3989 -9.990e-29
 134.420995      0.915   0.150888    11.7820   -0.07439      0.907     0.0966    -0.4003 -9.990e-29
 134.421001      0.905   0.150741    11.7931   -0.07439      0.897     0.0965    -0.4016 -9.990e-29
 134.421007      0.900   0.149878    11.8024   -0.07440      0.892     0.0959    -0.4031 -9.990e-29
 134.421013      0.896   0.148810    11.8093   -0.07441      0.889     0.0952    -0.4045 -9.990e-29
 134.421019      0.892   0.148332    11.8115   -0.07442      0.885     0.0949    -0.4049 -9.990e-29
 134.421024      0.889   0.148915    11.8081   -0.07442      0.882     0.0953    -0.4043 -9.990e-29
 134.421030      0.885   0.150229    11.8032   -0.07442      0.878     0.0962    -0.4031 -9.990e-29
 134.421036      0.881   0.151255    11.8019   -0.07441      0.874     0.0968    -0.4024 -9.990e-29
 134.421042      0.877   0.151142    11.8091   -0.07439      0.870     0.0967    -0.4033 -9.990e-29
 134.421047      0.872   0.150295    11.8223   -0.07439      0.865     0.0962    -0.4052 -9.990e-29
 134.421053      0.870   0.149803    11.8301   -0.07438      0.863     0.0958    -0.4063 -9.990e-29
 134.421059      0.875   0.150120    11.8301   -0.07438      0.868     0.0960    -0.4062 -9.990e-29
 134.421065      0.889   0.150558    11.8279   -0.07439      0.882     0.0963    -0.4057 -9.990e-29
 134.421071      0.906   0.150040    11.8261   -0.07441      0.898     0.0960    -0.4058 -9.990e-29
 134.421076      0.920   0.148431    11.8254   -0.07442      0.912     0.0950    -0.4065 -9.990e-29
 134.421082      0.928   0.146912    11.8261   -0.07442      0.920     0.0940    -0.4073 -9.990e-29
 134.421088      0.930   0.146787    11.8289   -0.07442      0.922     0.0939    -0.4077 -9.990e-29
 134.421094      0.925   0.147890    11.8329   -0.07443      0.917     0.0946    -0.4076 -9.990e-29
 134.421100      0.914   0.148917    11.8363   -0.07446      0.906     0.0952    -0.4075 -9.990e-29
 134.421105      0.901   0.149022    11.8386   -0.07449      0.893     0.0953    -0.4077 -9.990e-29
 134.421111      0.893   0.148343    11.8385   -0.07452      0.886     0.0949    -0.4080 -9.990e-29
 134.421117      0.889   0.147641    11.8351   -0.07452      0.882     0.0944    -0.4080 -9.990e-29
 134.421123      0.885   0.147644    11.8301   -0.07455      0.878     0.0944    -0.4074 -9.990e-29
 134.421128      0.886   0.148355    11.8257   -0.07453      0.879     0.0949    -0.4065 -9.990e-29
 134.421134      0.890   0.149060    11.8220   -0.07454      0.883     0.0954    -0.4058 -9.990e-29
 134.421140      0.894   0.149036    11.8180   -0.07457      0.887     0.0954    -0.4053 -9.990e-29
 134.421146      0.903   0.148252    11.8119   -0.07462      0.895     0.0949    -0.4050 -9.990e-29
 134.421152      0.918   0.147328    11.8023   -0.07464      0.910     0.0943    -0.4044 -9.990e-29
 134.421157      0.934   0.146695    11.7909   -0.07462      0.926     0.0939    -0.4034 -9.990e-29
 134.421163      0.953   0.146063    11.7811   -0.07461      0.945     0.0935    -0.4026 -9.990e-29
 134.421169      0.971   0.145145    11.7741   -0.07460      0.963     0.0930    -0.4023 -9.990e-29
 134.421175      0.987   0.144379    11.7695   -0.07455      0.979     0.0925    -0.4022 -9.990e-29
 134.421181      0.995   0.144409    11.7663   -0.07457      0.987     0.0925    -0.4018 -9.990e-29
 134.421186      0.994   0.145274    11.7598   -0.07459      0.986     0.0931    -0.4006 -9.990e-29
 134.421192      0.986   0.146466    11.7475   -0.07460      0.978     0.0939    -0.3986 -9.990e-29
 134.421198      0.980   0.147358    11.7345   -0.07460      0.972     0.0945    -0.3967 -9.990e-29
 134.421204      0.979   0.147475    11.7276   -0.07459      0.971     0.0946    -0.3959 -9.990e-29
 134.421209      0.980   0.146973    11.7283   -0.07459      0.972     0.0942    -0.3962 -9.990e-29
 134.421215      0.983   0.146293    11.7335   -0.07460      0.975     0.0938    -0.3971 -9.990e-29
 134.421221      0.992   0.145638    11.7413   -0.07462      0.984     0.0934    -0.3983 -9.990e-29
 134.421227      1.003   0.145245    11.7482   -0.07463      0.995     0.0931    -0.3993 -9.990e-29
 134.421233      1.008   0.145145    11.7488   -0.07464      1.000     0.0930    -0.3994 -9.990e-29
 134.421238      1.004   0.145206    11.7448   -0.07465      0.996     0.0931    -0.3990 -9.990e-29
 134.421244      0.998   0.145509    11.7415   -0.07465      0.990     0.0933    -0.3984 -9.990e-29
 134.421250      1.000   0.145904    11.7402   -0.07468      0.992     0.0935    -0.3981 -9.990e-29
 134.421256      1.004   0.145809    11.7395   -0.07470      0.996     0.0935    -0.3981 -9.990e-29
