data/oxygen options/ONMS/Olympic_Coast_National_Marine_Sanctuary_CTD_Data_2005_2023/raw_data/2007/CTD_CA015_080707faed.cnv
* Sea-Bird SBE19 Data File:
* FileName = C:\2007_mooring_data\CTD_CA015_080707.hex
* Software Version 1.1.6
* Temperature SN = 2997
* Conductivity SN = 2997
* System UpLoad Time = Aug 07 2007 16:24:57
* SEACAT PROFILER V3.1c SN 2997   08/07/07  16:24:16.060
* strain gauge pressure sensor: S/N = 184829,  range = 3000 psia,  tc = 40
# nquan = 9                                 
# nvalues = 1467                        
# units = specified
# name 0 = timeJ: Julian Days
# name 1 = prSM: Pressure, Strain Gauge [db]
# name 2 = c0mS/cm: Conductivity [mS/cm]
# name 3 = t090C: Temperature [ITS-90, deg C]
# name 4 = oxML/L: Oxygen, Beckman/YSI [ml/l]
# name 5 = depSM: Depth [salt water, m], lat = 47.5
# name 6 = sal00: Salinity, Practical [PSU]
# name 7 = sigma-é00: Density [sigma-theta, kg/m^3]
# name 8 = flag: flag
# span 0 = 219.665729, 219.674213       
# span 1 =     -5.516,     20.857       
# span 2 =   2.213889,  36.900472       
# span 3 =     8.6022,    13.5256       
# span 4 =   -0.07084,   33.73224       
# span 5 =     -5.470,     20.682       
# span 6 =     1.4844,    33.2895       
# span 7 =     0.4723,    25.8073       
# span 8 = 0.0000e+00, 0.0000e+00       
# interval = seconds: 0.5
# start_time = Aug 07 2007 15:58:39 [Instrument's time stamp, header]
# bad_flag = -9.990e-29
*END*
[from data line 1281]
 219.673142      3.931  36.598836    11.5633    6.31409      3.898    32.0750    24.3984 -9.990e-29
 219.673148      3.937  36.598938    11.5623    6.30268      3.904    32.0760    24.3993 -9.990e-29
 219.673154      3.950  36.599409    11.5613    6.31225      3.917    32.0773    24.4005 -9.990e-29
 219.673160      3.959  36.599753    11.5609    6.31577      3.926    32.0780    24.4011 -9.990e-29
 219.673166      3.968  36.599867    11.5609    6.31714      3.935    32.0781    24.4012 -9.990e-29
 219.673171      3.975  36.599902    11.5608    6.31688      3.942    32.0782    24.4013 -9.990e-29
 219.673177      3.976  36.599904    11.5609    6.30352      3.943    32.0781    24.4012 -9.990e-29
 219.673183      3.969  36.599878    11.5614    6.30195      3.936    32.0777    24.4008 -9.990e-29
 219.673189      3.956  36.599786    11.5618    6.30067      3.923    32.0772    24.4003 -9.990e-29
 219.673194      3.945  36.599508    11.5619    6.30224      3.912    32.0769    24.4001 -9.990e-29
 219.673200      3.944  36.599234    11.5615    6.30684      3.911    32.0770    24.4002 -9.990e-29
 219.673206      3.953  36.599160    11.5607    6.30492      3.920    32.0776    24.4008 -9.990e-29
 219.673212      3.964  36.599186    11.5600    6.29973      3.931    32.0782    24.4014 -9.990e-29
 219.673218      3.970  36.599345    11.5598    6.29106      3.937    32.0785    24.4017 -9.990e-29
 219.673223      3.965  36.599290    11.5601    6.29653      3.932    32.0782    24.4014 -9.990e-29
 219.673229      3.959  36.598945    11.5606    6.29288      3.926    32.0775    24.4007 -9.990e-29
 219.673235      3.960  36.598971    11.5608    6.30280      3.927    32.0773    24.4006 -9.990e-29
 219.673241      3.964  36.599405    11.5607    6.29895      3.931    32.0778    24.4010 -9.990e-29
 219.673247      3.966  36.599702    11.5607    6.29569      3.933    32.0781    24.4012 -9.990e-29
 219.673252      3.967  36.599699    11.5609    6.29688      3.934    32.0779    24.4010 -9.990e-29
 219.673258      3.966  36.599390    11.5612    6.29546      3.933    32.0774    24.4006 -9.990e-29
 219.673264      3.968  36.598924    11.5612    6.29723      3.935    32.0769    24.4002 -9.990e-29
 219.673270      3.977  36.598802    11.5612    6.29147      3.944    32.0768    24.4001 -9.990e-29
 219.673275      3.990  36.598863    11.5614    6.28995      3.957    32.0767    24.4000 -9.990e-29
 219.673281      4.003  36.598624    11.5615    6.28996      3.970    32.0763    24.3997 -9.990e-29
 219.673287      4.013  36.598326    11.5616    6.29020      3.979    32.0760    24.3994 -9.990e-29
 219.673293      4.016  36.598134    11.5619    6.28647      3.982    32.0755    24.3990 -9.990e-29
 219.673299      4.016  36.597790    11.5627    6.28598      3.982    32.0745    24.3980 -9.990e-29
 219.673304      4.018  36.597398    11.5638    6.29277      3.984    32.0732    24.3968 -9.990e-29
 219.673310      4.022  36.597557    11.5643    6.30174      3.988    32.0729    24.3965 -9.990e-29
 219.673316      4.023  36.597917    11.5641    6.29412      3.989    32.0734    24.3969 -9.990e-29
 219.673322      4.019  36.597837    11.5637    6.28840      3.985    32.0737    24.3972 -9.990e-29
 219.673328      4.012  36.597772    11.5636    6.28498      3.978    32.0737    24.3973 -9.990e-29
 219.673333      4.010  36.597634    11.5639    6.29039      3.976    32.0733    24.3969 -9.990e-29
 219.673339      4.019  36.597240    11.5643    6.30502      3.985    32.0726    24.3963 -9.990e-29
 219.673345      4.030  36.597185    11.5643    6.30801      3.996    32.0725    24.3962 -9.990e-29
 219.673351      4.030  36.597393    11.5641    6.29800      3.996    32.0729    24.3965 -9.990e-29
 219.673356      4.021  36.597582    11.5639    6.29359      3.987    32.0732    24.3969 -9.990e-29
 219.673362      4.013  36.598004    11.5632    6.29758      3.979    32.0743    24.3978 -9.990e-29
 219.673368      4.016  36.598662    11.5621    6.31473      3.982    32.0759    24.3992 -9.990e-29
 219.673374      4.024  36.599312    11.5614    6.31401      3.990    32.0771    24.4003 -9.990e-29
 219.673380      4.031  36.599698    11.5613    6.31773      3.997    32.0776    24.4007 -9.990e-29
 219.673385      4.027  36.599776    11.5614    6.31271      3.993    32.0775    24.4007 -9.990e-29
 219.673391      4.013  36.599647    11.5614    6.31403      3.979    32.0774    24.4006 -9.990e-29
 219.673397      4.001  36.599325    11.5614    6.31152      3.968    32.0771    24.4003 -9.990e-29
 219.673403      4.002  36.598943    11.5615    6.30843      3.969    32.0767    24.4000 -9.990e-29
 219.673409      4.021  36.598743    11.5616    6.31199      3.987    32.0764    24.3997 -9.990e-29
 219.673414      4.051  36.599027    11.5616    6.32608      4.017    32.0766    24.3999 -9.990e-29
 219.673420      4.072  36.599805    11.5613    6.33234      4.038    32.0776    24.4008 -9.990e-29
 219.673426      4.073  36.600439    11.5608    6.33065      4.039    32.0787    24.4017 -9.990e-29
 219.673432      4.058  36.600655    11.5605    6.31823      4.024    32.0792    24.4021 -9.990e-29
 219.673438      4.034  36.600747    11.5602    6.31777      4.000    32.0795    24.4024 -9.990e-29
 219.673443      4.013  36.600846    11.5599    6.31883      3.979    32.0799    24.4028 -9.990e-29
 219.673449      4.002  36.601090    11.5599    6.31316      3.969    32.0801    24.4029 -9.990e-29
 219.673455      3.996  36.601247    11.5602    6.31316      3.963    32.0800    24.4028 -9.990e-29
 219.673461      3.987  36.600972    11.5603    6.31688      3.954    32.0797    24.4025 -9.990e-29
 219.673466      3.973  36.600465    11.5603    6.32565      3.940    32.0792    24.4021 -9.990e-29
 219.673472      3.967  36.600175    11.5601    6.33202      3.934    32.0791    24.4021 -9.990e-29
 219.673478      3.977  36.600283    11.5595    6.33032      3.944    32.0797    24.4027 -9.990e-29
 219.673484      4.002  36.600940    11.5587    6.32703      3.969    32.0810    24.4039 -9.990e-29
 219.673490      4.038  36.601907    11.5585    6.32383      4.004    32.0821    24.4047 -9.990e-29
 219.673495      4.063  36.602236    11.5590    6.32243      4.029    32.0820    24.4046 -9.990e-29
 219.673501      4.068  36.601809    11.5594    6.32293      4.034    32.0812    24.4039 -9.990e-29
 219.673507      4.061  36.601181    11.5598    6.32267      4.027    32.0803    24.4031 -9.990e-29
 219.673513      4.054  36.600644    11.5601    6.32954      4.020    32.0795    24.4024 -9.990e-29
 219.673519      4.051  36.600609    11.5602    6.33827      4.017    32.0794    24.4023 -9.990e-29
 219.673524      4.053  36.601035    11.5601    6.33279      4.019    32.0799    24.4027 -9.990e-29
 219.673530      4.054  36.601373    11.5598    6.32986      4.020    32.0805    24.4032 -9.990e-29
 219.673536      4.051  36.601519    11.5595    6.32523      4.017    32.0809    24.4036 -9.990e-29
 219.673542      4.047  36.601674    11.5593    6.33212      4.013    32.0812    24.4039 -9.990e-29
 219.673547      4.047  36.602051    11.5589    6.34219      4.013    32.0819    24.4045 -9.990e-29
 219.673553      4.051  36.602598    11.5584    6.34362      4.017    32.0829    24.4053 -9.990e-29
 219.673559      4.055  36.602929    11.5583    6.33680      4.021    32.0833    24.4057 -9.990e-29
 219.673565      4.055  36.602929    11.5586    6.32894      4.021    32.0830    24.4054 -9.990e-29
 219.673571      4.054  36.602602    11.5586    6.32614      4.020    32.0827    24.4052 -9.990e-29
 219.673576      4.058  36.602078    11.5585    6.32744      4.024    32.0823    24.4049 -9.990e-29
 219.673582      4.066  36.601788    11.5585    6.33198      4.032    32.0820    24.4046 -9.990e-29
 219.673588      4.074  36.601911    11.5585    6.32474      4.040    32.0821    24.4047 -9.990e-29
 219.673594      4.076  36.602054    11.5584    6.33611      4.042    32.0823    24.4049 -9.990e-29
 219.673600      4.066  36.601852    11.5581    6.33957      4.032    32.0824    24.4050 -9.990e-29
 219.673605      4.048  36.601603    11.5577    6.34140      4.014    32.0825    24.4052 -9.990e-29
 219.673611      4.033  36.601541    11.5574    6.34249      3.999    32.0827    24.4054 -9.990e-29
 219.673617      4.030  36.601591    11.5575    6.33616      3.996    32.0827    24.4054 -9.990e-29
 219.673623      4.034  36.601825    11.5576    6.34135      4.000    32.0828    24.4055 -9.990e-29
 219.673628      4.037  36.601998    11.5576    6.33568      4.003    32.0830    24.4056 -9.990e-29
 219.673634      4.034  36.601787    11.5575    6.32194      4.000    32.0829    24.4055 -9.990e-29
 219.673640      4.030  36.601476    11.5573    6.31731      3.996    32.0827    24.4054 -9.990e-29
 219.673646      4.033  36.601216    11.5570    6.31446      3.999    32.0828    24.4055 -9.990e-29
 219.673652      4.048  36.601227    11.5569    6.32086      4.014    32.0828    24.4056 -9.990e-29
 219.673657      4.066  36.601529    11.5570    6.31937      4.032    32.0830    24.4057 -9.990e-29
 219.673663      4.072  36.601409    11.5572    6.30377      4.038    32.0828    24.4055 -9.990e-29
 219.673669      4.057  36.600711    11.5575    6.30218      4.023    32.0818    24.4047 -9.990e-29
 219.673675      4.030  36.599631    11.5580    6.30222      3.996    32.0803    24.4035 -9.990e-29
 219.673681      4.006  36.598417    11.5583    6.30872      3.973    32.0789    24.4023 -9.990e-29
 219.673686      3.995  36.597700    11.5581    6.30096      3.962    32.0784    24.4019 -9.990e-29
 219.673692      3.998  36.597649    11.5578    6.29949      3.965    32.0786    24.4021 -9.990e-29
 219.673698      4.005  36.597643    11.5577    6.30488      3.972    32.0787    24.4022 -9.990e-29
 219.673704      4.010  36.597679    11.5579    6.31663      3.976    32.0785    24.4021 -9.990e-29
 219.673709      4.003  36.597810    11.5582    6.32573      3.970    32.0784    24.4019 -9.990e-29
 219.673715      3.988  36.597654    11.5584    6.32429      3.955    32.0781    24.4016 -9.990e-29
 219.673721      3.982  36.597570    11.5585    6.33369      3.949    32.0779    24.4015 -9.990e-29
 219.673727      3.988  36.598014    11.5582    6.33926      3.955    32.0786    24.4021 -9.990e-29
 219.673733      3.998  36.599023    11.5575    6.34076      3.965    32.0802    24.4034 -9.990e-29
 219.673738      4.009  36.600267    11.5570    6.33757      3.976    32.0818    24.4048 -9.990e-29
 219.673744      4.022  36.601167    11.5571    6.32410      3.988    32.0826    24.4054 -9.990e-29
 219.673750      4.032  36.601247    11.5575    6.32670      3.998    32.0824    24.4051 -9.990e-29
 219.673756      4.036  36.600619    11.5578    6.32673      4.002    32.0815    24.4044 -9.990e-29
 219.673762      4.035  36.600131    11.5577    6.32869      4.001    32.0811    24.4041 -9.990e-29
 219.673767      4.029  36.600260    11.5576    6.33128      3.995    32.0813    24.4043 -9.990e-29
 219.673773      4.020  36.600063    11.5575    6.33372      3.986    32.0812    24.4042 -9.990e-29
 219.673779      4.014  36.599282    11.5575    6.34912      3.980    32.0804    24.4036 -9.990e-29
 219.673785      4.010  36.599124    11.5574    6.34578      3.976    32.0804    24.4036 -9.990e-29
 219.673791      4.006  36.599945    11.5573    6.34277      3.973    32.0813    24.4043 -9.990e-29
 219.673796      4.004  36.601162    11.5570    6.33651      3.971    32.0827    24.4055 -9.990e-29
 219.673802      4.004  36.602163    11.5566    6.33886      3.971    32.0840    24.4066 -9.990e-29
 219.673808      4.004  36.602605    11.5566    6.33767      3.971    32.0845    24.4069 -9.990e-29
 219.673814      4.004  36.602522    11.5569    6.32944      3.971    32.0841    24.4066 -9.990e-29
 219.673819      4.002  36.601810    11.5573    6.32426      3.969    32.0831    24.4057 -9.990e-29
 219.673825      3.992  36.600646    11.5575    6.31712      3.959    32.0818    24.4047 -9.990e-29
 219.673831      3.978  36.599726    11.5570    6.32601      3.945    32.0813    24.4044 -9.990e-29
 219.673837      3.968  36.599512    11.5561    6.32405      3.935    32.0819    24.4050 -9.990e-29
 219.673843      3.965  36.599723    11.5556    6.31867      3.932    32.0825    24.4056 -9.990e-29
 219.673848      3.965  36.599526    11.5556    6.31855      3.932    32.0823    24.4054 -9.990e-29
 219.673854      3.963  36.598662    11.5558    6.31691      3.930    32.0813    24.4046 -9.990e-29
 219.673860      3.959  36.597667    11.5559    6.32168      3.926    32.0803    24.4038 -9.990e-29
 219.673866      3.954  36.597464    11.5558    6.32288      3.921    32.0802    24.4037 -9.990e-29
 219.673872      3.947  36.597785    11.5560    6.31046      3.914    32.0803    24.4038 -9.990e-29
 219.673877      3.941  36.597945    11.5560    6.30739      3.908    32.0805    24.4039 -9.990e-29
 219.673883      3.945  36.598162    11.5556    6.32008      3.912    32.0810    24.4044 -9.990e-29
 219.673889      3.964  36.598172    11.5552    6.32070      3.931    32.0814    24.4048 -9.990e-29
 219.673895      3.993  36.597994    11.5551    6.31817      3.960    32.0813    24.4047 -9.990e-29
 219.673900      4.024  36.597957    11.5553    6.30508      3.990    32.0811    24.4045 -9.990e-29
 219.673906      4.043  36.598014    11.5555    6.30739      4.009    32.0809    24.4044 -9.990e-29
 219.673912      4.049  36.598248    11.5556    6.31258      4.015    32.0811    24.4044 -9.990e-29
 219.673918      4.042  36.598415    11.5556    6.30344      4.008    32.0812    24.4046 -9.990e-29
 219.673924      4.029  36.598183    11.5556    6.30328      3.995    32.0810    24.4044 -9.990e-29
 219.673929      4.023  36.597807    11.5556    6.29983      3.989    32.0806    24.4041 -9.990e-29
 219.673935      4.024  36.597355    11.5557    6.30796      3.990    32.0801    24.4037 -9.990e-29
 219.673941      4.027  36.596789    11.5559    6.30868      3.993    32.0794    24.4031 -9.990e-29
 219.673947      4.032  36.596480    11.5562    6.30006      3.998    32.0788    24.4026 -9.990e-29
 219.673953      4.041  36.596583    11.5562    6.29148      4.007    32.0789    24.4027 -9.990e-29
 219.673958      4.052  36.596679    11.5559    6.27978      4.018    32.0793    24.4030 -9.990e-29
 219.673964      4.068  36.596344    11.5558    6.29047      4.034    32.0790    24.4028 -9.990e-29
 219.673970      4.085  36.595695    11.5558    6.28957      4.051    32.0784    24.4023 -9.990e-29
 219.673976      4.090  36.594994    11.5560    6.28718      4.056    32.0775    24.4016 -9.990e-29
 219.673981      4.072  36.594433    11.5565    6.27283      4.038    32.0766    24.4008 -9.990e-29
 219.673987      4.030  36.593829    11.5570    6.26698      3.996    32.0756    24.3999 -9.990e-29
 219.673993      3.977  36.592942    11.5571    6.27878      3.944    32.0746    24.3992 -9.990e-29
 219.673999      3.936  36.591718    11.5569    6.27932      3.903    32.0736    24.3984 -9.990e-29
 219.674005      3.922  36.590775    11.5570    6.28420      3.889    32.0726    24.3976 -9.990e-29
 219.674010      3.934  36.591104    11.5573    6.28213      3.901    32.0727    24.3976 -9.990e-29
 219.674016      3.964  36.592028    11.5576    6.28743      3.931    32.0733    24.3981 -9.990e-29
 219.674022      4.001  36.592544    11.5578    6.29937      3.968    32.0736    24.3983 -9.990e-29
 219.674028      4.030  36.592783    11.5577    6.30063      3.996    32.0739    24.3985 -9.990e-29
 219.674034      4.045  36.593068    11.5574    6.30606      4.011    32.0745    24.3990 -9.990e-29
 219.674039      4.046  36.593783    11.5567    6.30966      4.012    32.0758    24.4001 -9.990e-29
 219.674045      4.034  36.594766    11.5561    6.30815      4.000    32.0772    24.4014 -9.990e-29
 219.674051      4.011  36.595090    11.5562    6.30658      3.977    32.0775    24.4016 -9.990e-29
 219.674057      3.986  36.594632    11.5567    6.28081      3.953    32.0766    24.4008 -9.990e-29
