data/oxygen options/ONMS/Olympic_Coast_National_Marine_Sanctuary_CTD_Data_2005_2023/raw_data/2007/CTD_CE065_071107faed.cnv
* Sea-Bird SBE19 Data File:
* FileName = C:\2007_mooring_data\CTD_CE065_071107.hex
* Software Version 1.1.6
* Temperature SN = 2997
* Conductivity SN = 2997
* System UpLoad Time = Jul 11 2007 12:28:40
* SEACAT PROFILER V3.1c SN 2997   07/11/07  12:28:05.180
* strain gauge pressure sensor: S/N = 184829,  range = 3000 psia,  tc = 40
# nquan = 9                                 
# nvalues = 1863                        
# units = specified
# name 0 = timeJ: Julian Days
# name 1 = prSM: Pressure, Strain Gauge [db]
# name 2 = c0mS/cm: Conductivity [mS/cm]
# name 3 = t090C: Temperature [ITS-90, deg C]
# name 4 = oxML/L: Oxygen, Beckman/YSI [ml/l]
# name 5 = depSM: Depth [salt water, m], lat = 47.5
# name 6 = sal00: Salinity, Practical [PSU]
# name 7 = sigma-é00: Density [sigma-theta, kg/m^3]
# name 8 = flag: flag
# span 0 = 192.505069, 192.515845       
# span 1 =     -5.973,     64.810       
# span 2 =   1.197240, 415.391500       
# span 3 =     7.4289,    73.6251       
# span 4 =   -7.76235,   37.05792       
# span 5 =     -5.923,     64.259       
# span 6 =     0.7827,   228.7558       
# span 7 =    -0.0421,   161.7940       
# span 8 = 0.0000e+00, 0.0000e+00       
# interval = seconds: 0.5
# start_time = Jul 11 2007 12:07:18 [Instrument's time stamp, header]
# bad_flag = -9.990e-29
*END*
[from data line 801]
 192.509705     51.982  34.351547     7.6462    2.48165     51.542    33.3192    26.0057 -9.990e-29
 192.509711     51.955  34.390164     7.6388    2.48867     51.515    33.3679    26.0451 -9.990e-29
 192.509716     51.897  34.434825     7.6277    2.48878     51.457    33.4267    26.0929 -9.990e-29
 192.509722     51.821  34.447038     7.6237    2.50076     51.382    33.4438    26.1069 -9.990e-29
 192.509728     51.750  34.414233     7.6257    2.48366     51.312    33.4065    26.0773 -9.990e-29
 192.509734     51.699  34.329622     7.6251    2.48703     51.261    33.3159    26.0062 -9.990e-29
 192.509740     51.679  34.200598     7.6256    2.47445     51.241    33.1764    25.8965 -9.990e-29
 192.509745     51.693  33.973647     7.6339    2.48222     51.255    32.9243    25.6971 -9.990e-29
 192.509751     51.736  33.280751     7.6312    2.48564     51.298    32.1826    25.1147 -9.990e-29
 192.509757     51.794  32.739043     7.6178    2.48981     51.355    31.6145    24.6704 -9.990e-29
 192.509763     51.847  33.287617     7.6148    2.48714     51.408    32.2051    25.1347 -9.990e-29
 192.509769     51.870  34.022069     7.6186    2.50102     51.431    32.9908    25.7516 -9.990e-29
 192.509774     51.845  34.233515     7.6210    2.49087     51.406    33.2162    25.9284 -9.990e-29
 192.509780     51.765  34.281346     7.6284    2.49645     51.327    33.2607    25.9623 -9.990e-29
 192.509786     51.647  34.318056     7.6376    2.49806     51.210    33.2915    25.9852 -9.990e-29
 192.509792     51.526  34.336169     7.6316    2.49576     51.090    33.3168    26.0060 -9.990e-29
 192.509797     51.437  34.341105     7.6123    2.48283     51.001    33.3407    26.0274 -9.990e-29
 192.509803     51.396  34.386543     7.6012    2.49204     50.961    33.4004    26.0759 -9.990e-29
 192.509809     51.405  34.420939     7.6053    2.47629     50.970    33.4335    26.1014 -9.990e-29
 192.509815     51.455  34.401655     7.6075    2.49107     51.019    33.4106    26.0831 -9.990e-29
 192.509821     51.524  34.414207     7.6099    2.48040     51.088    33.4218    26.0915 -9.990e-29
 192.509826     51.587  34.461091     7.6194    2.48564     51.150    33.4632    26.1227 -9.990e-29
 192.509832     51.630  34.458924     7.6201    2.49343     51.193    33.4602    26.1202 -9.990e-29
 192.509838     51.653  34.426029     7.6167    2.49080     51.215    33.4279    26.0954 -9.990e-29
 192.509844     51.659  34.400528     7.6202    2.49060     51.221    33.3971    26.0706 -9.990e-29
 192.509850     51.660  34.380324     7.6161    2.48430     51.222    33.3792    26.0572 -9.990e-29
 192.509855     51.662  34.399638     7.6071    2.48467     51.224    33.4087    26.0816 -9.990e-29
 192.509861     51.680  34.450857     7.6146    2.49070     51.242    33.4567    26.1183 -9.990e-29
 192.509867     51.718  34.454114     7.6331    2.48396     51.280    33.4424    26.1045 -9.990e-29
 192.509873     51.770  34.416394     7.6387    2.48741     51.331    33.3964    26.0674 -9.990e-29
 192.509878     51.832  34.422852     7.6291    2.48891     51.393    33.4125    26.0815 -9.990e-29
 192.509884     51.889  34.454357     7.6221    2.48894     51.449    33.4532    26.1145 -9.990e-29
 192.509890     51.925  34.418815     7.6235    2.48536     51.485    33.4135    26.0831 -9.990e-29
 192.509896     51.933  34.377837     7.6286    1.90935     51.493    33.3644    26.0438 -9.990e-29
 192.509902     51.917  34.394224     7.6246    1.55281     51.477    33.3859    26.0613 -9.990e-29
 192.509907     51.882  34.414249     7.6172    1.30123     51.443    33.4146    26.0849 -9.990e-29
 192.509913     51.833  34.443063     7.6343    2.83346     51.394    33.4293    26.0940 -9.990e-29
 192.509919     51.788  34.419301     7.6859    2.48327     51.349    33.3542    26.0276 -9.990e-29
 192.509925     51.762  34.364011     7.8160    2.49396     51.324    33.1706    25.8647 -9.990e-29
 192.509931     51.758  34.388461     8.2017    2.48870     51.320    32.8330    25.5435 -9.990e-29
 192.509936     51.770  34.402398     9.3611    2.49371     51.331    31.7907    24.5507 -9.990e-29
 192.509942     51.792  34.378089    12.8455    2.48818     51.353    28.8969    21.7005 -9.990e-29
 192.509948     51.816  34.403397    19.1464    2.49371     51.377    24.6836    17.1228 -9.990e-29
 192.509954     51.835  34.451673    24.8268    2.48598     51.396    21.7011    13.3778 -9.990e-29
 192.509959     51.846  34.476638    23.1426    2.49290     51.407    22.5484    14.4840 -9.990e-29
 192.509965     51.849  34.490743    14.8634    2.49015     51.410    27.5201    20.2436 -9.990e-29
 192.509971     51.849  34.523027     9.3831    2.49267     51.410    31.8948    24.6286 -9.990e-29
 192.509977     51.855  34.550602     8.2071    2.48499     51.416    32.9998    25.6736 -9.990e-29
 192.509983     51.876  34.509643     7.8118    2.48407     51.437    33.3308    25.9911 -9.990e-29
 192.509988     51.916  34.431594     7.6827    2.47340     51.476    33.3704    26.0408 -9.990e-29
 192.509994     51.971  34.386321     7.6450    2.48100     51.531    33.3578    26.0363 -9.990e-29
 192.510000     52.022  34.369537     7.6369    2.48398     51.581    33.3475    26.0293 -9.990e-29
 192.510006     52.047  34.363726     7.6267    2.48610     51.606    33.3510    26.0335 -9.990e-29
 192.510012     52.030  34.375570     7.6100    2.49163     51.589    33.3798    26.0585 -9.990e-29
 192.510017     51.971  34.414470     7.6162    2.50410     51.531    33.4158    26.0859 -9.990e-29
 192.510023     51.882  34.434738     7.6391    2.49103     51.443    33.4157    26.0826 -9.990e-29
 192.510029     51.787  34.386097     7.6452    2.49473     51.348    33.3575    26.0360 -9.990e-29
 192.510035     51.712  34.348677     7.6400    2.49131     51.274    33.3222    26.0090 -9.990e-29
 192.510041     51.672  34.373118     7.6353    2.48364     51.234    33.3530    26.0339 -9.990e-29
 192.510046     51.677  34.405155     7.6284    2.47672     51.239    33.3942    26.0672 -9.990e-29
 192.510052     51.725  34.424846     7.6262    2.48600     51.287    33.4175    26.0858 -9.990e-29
 192.510058     51.795  34.399727     7.6298    2.47532     51.356    33.3869    26.0613 -9.990e-29
 192.510064     51.868  34.359118     7.6194    2.49049     51.429    33.3531    26.0362 -9.990e-29
 192.510069     51.922  34.364018     7.6040    2.49495     51.482    33.3731    26.0541 -9.990e-29
 192.510075     51.944  34.380814     7.6113    2.49595     51.504    33.3842    26.0618 -9.990e-29
 192.510081     51.934  34.412001     7.6255    2.47956     51.494    33.4042    26.0755 -9.990e-29
 192.510087     51.906  34.446071     7.6297    2.48582     51.466    33.4369    26.1006 -9.990e-29
 192.510093     51.874  34.413482     7.6319    2.48983     51.435    33.3997    26.0710 -9.990e-29
 192.510098     51.849  34.357227     7.6365    2.48739     51.410    33.3347    26.0193 -9.990e-29
 192.510104     51.834  34.352312     7.6448    2.50159     51.395    33.3214    26.0077 -9.990e-29
 192.510110     51.833  34.340790     7.6434    2.48991     51.394    33.3104    25.9992 -9.990e-29
 192.510116     51.853  34.314970     7.6286    2.49054     51.414    33.2967    25.9906 -9.990e-29
 192.510122     51.896  34.328545     7.6209    2.48036     51.456    33.3187    26.0089 -9.990e-29
 192.510127     51.947  34.322351     7.6308    2.48489     51.507    33.3025    25.9948 -9.990e-29
 192.510133     51.985  34.279481     7.6477    2.48803     51.545    33.2401    25.9434 -9.990e-29
 192.510139     51.994  34.275320     7.6537    2.50559     51.554    33.2299    25.9345 -9.990e-29
 192.510145     51.975  34.311433     7.6498    2.49239     51.535    33.2725    25.9686 -9.990e-29
 192.510150     51.945  34.319339     7.6450    2.48804     51.505    33.2857    25.9796 -9.990e-29
 192.510156     51.921  34.323440     7.6399    2.48728     51.481    33.2950    25.9876 -9.990e-29
 192.510162     51.912  34.351501     7.6339    2.49617     51.472    33.3310    26.0167 -9.990e-29
 192.510168     51.913  34.356368     7.6251    2.49118     51.473    33.3446    26.0287 -9.990e-29
 192.510174     51.911  34.339828     7.6137    2.49509     51.471    33.3377    26.0249 -9.990e-29
 192.510179     51.893  34.316747     7.6077    2.48215     51.453    33.3186    26.0108 -9.990e-29
 192.510185     51.857  34.310700     7.6087    2.48826     51.418    33.3112    26.0048 -9.990e-29
 192.510191     51.814  34.330854     7.6138    2.49074     51.375    33.3280    26.0173 -9.990e-29
 192.510197     51.784  34.324582     7.6299    2.49440     51.345    33.3058    25.9976 -9.990e-29
 192.510203     51.785  34.308063     7.6456    2.47911     51.346    33.2730    25.9695 -9.990e-29
 192.510208     51.821  34.313623     7.6494    2.48736     51.382    33.2754    25.9708 -9.990e-29
 192.510214     51.883  34.296177     7.6503    2.48408     51.444    33.2557    25.9552 -9.990e-29
 192.510220     51.953  34.252510     7.6494    2.48058     51.513    33.2095    25.9191 -9.990e-29
 192.510226     52.009  34.218104     7.6535    2.47935     51.568    33.1685    25.8863 -9.990e-29
 192.510231     52.039  34.195801     7.6593    2.47812     51.598    33.1390    25.8623 -9.990e-29
 192.510237     52.043  34.196141     7.6487    2.48793     51.602    33.1494    25.8720 -9.990e-29
 192.510243     52.031  34.223309     7.6327    2.49916     51.590    33.1940    25.9092 -9.990e-29
 192.510249     52.006  34.234048     7.6283    2.48786     51.565    33.2097    25.9223 -9.990e-29
 192.510255     51.967  34.227287     7.6303    2.49756     51.527    33.2006    25.9148 -9.990e-29
 192.510260     51.915  34.243284     7.6303    2.48446     51.475    33.2178    25.9283 -9.990e-29
 192.510266     51.865  34.281797     7.6275    2.49066     51.426    33.2620    25.9635 -9.990e-29
 192.510272     51.834  34.276469     7.6251    2.49702     51.395    33.2586    25.9611 -9.990e-29
 192.510278     51.825  34.241358     7.6299    2.49288     51.386    33.2162    25.9271 -9.990e-29
 192.510284     51.824  34.219963     7.6356    2.49198     51.385    33.1877    25.9039 -9.990e-29
 192.510289     51.818  34.191420     7.6335    2.49092     51.379    33.1590    25.8816 -9.990e-29
 192.510295     51.803  34.183806     7.6268    2.48640     51.364    33.1571    25.8811 -9.990e-29
 192.510301     51.783  34.182834     7.6108    2.48161     51.344    33.1714    25.8946 -9.990e-29
 192.510307     51.768  34.217358     7.5992    2.49221     51.330    33.2197    25.9342 -9.990e-29
 192.510313     51.771  34.303972     7.6071    2.48955     51.332    33.3055    26.0005 -9.990e-29
 192.510318     51.796  34.335343     7.6158    2.48139     51.357    33.3309    26.0193 -9.990e-29
 192.510324     51.844  34.304750     7.6218    2.47819     51.405    33.2922    25.9880 -9.990e-29
 192.510330     51.915  34.265084     7.6322    2.48055     51.475    33.2395    25.9451 -9.990e-29
 192.510336     52.000  34.233520     7.6371    2.47826     51.560    33.2008    25.9140 -9.990e-29
 192.510341     52.083  34.240278     7.6360    2.47337     51.642    33.2091    25.9206 -9.990e-29
 192.510347     52.143  34.267190     7.6369    2.47369     51.701    33.2371    25.9426 -9.990e-29
 192.510353     52.164  34.252692     7.6310    2.48349     51.722    33.2272    25.9356 -9.990e-29
 192.510359     52.138  34.257057     7.6193    2.49150     51.696    33.2431    25.9497 -9.990e-29
 192.510365     52.071  34.311756     7.6245    2.49906     51.630    33.2971    25.9914 -9.990e-29
 192.510370     51.982  34.286055     7.6336    2.49160     51.542    33.2607    25.9616 -9.990e-29
 192.510376     51.885  34.224728     7.6279    2.49838     51.446    33.2001    25.9148 -9.990e-29
 192.510382     51.791  34.269496     7.6320    2.47852     51.352    33.2445    25.9490 -9.990e-29
 192.510388     51.717  34.344969     7.6495    2.48945     51.279    33.3091    25.9973 -9.990e-29
 192.510394     51.674  34.340259     7.6525    2.48610     51.236    33.3011    25.9907 -9.990e-29
 192.510399     51.664  34.354539     7.6356    2.48751     51.226    33.3327    26.0179 -9.990e-29
 192.510405     51.687  34.440373     7.6167    2.48468     51.249    33.4434    26.1076 -9.990e-29
 192.510411     51.735  34.464733     7.6101    2.48887     51.297    33.4760    26.1341 -9.990e-29
 192.510417     51.789  34.409322     7.6184    2.48444     51.350    33.4082    26.0797 -9.990e-29
 192.510422     51.833  34.330998     7.6338    2.48803     51.394    33.3090    25.9995 -9.990e-29
 192.510428     51.851  34.266174     7.6543    2.49563     51.412    33.2196    25.9263 -9.990e-29
 192.510434     51.837  34.233862     7.6695    2.49060     51.398    33.1703    25.8854 -9.990e-29
 192.510440     51.798  34.235727     7.6602    2.48973     51.359    33.1812    25.8953 -9.990e-29
 192.510446     51.743  34.272372     7.6428    2.49593     51.305    33.2373    25.9418 -9.990e-29
 192.510451     51.671  34.299748     7.6360    2.49048     51.233    33.2733    25.9711 -9.990e-29
 192.510457     51.567  34.325495     7.6367    2.48873     51.130    33.3004    25.9923 -9.990e-29
 192.510463     51.426  34.357327     7.6390    2.49933     50.990    33.3326    26.0173 0.0000e+00
 192.510469     51.246  34.354329     7.6364    2.49633     50.812    33.3319    26.0171 0.0000e+00
 192.510475     51.024  34.337026     7.6324    2.50927     50.592    33.3172    26.0061 0.0000e+00
 192.510480     50.760  34.337773     7.6313    2.49983     50.330    33.3192    26.0079 0.0000e+00
 192.510486     50.455  34.320847     7.6237    2.49312     50.028    33.3084    26.0004 0.0000e+00
 192.510492     50.109  34.280329     7.6092    2.49298     49.685    33.2788    25.9792 0.0000e+00
 192.510498     49.726  34.263122     7.6090    2.49882     49.305    33.2606    25.9649 0.0000e+00
 192.510503     49.313  34.285971     7.6303    2.50368     48.896    33.2650    25.9654 0.0000e+00
 192.510509     48.885  34.320148     7.6487    2.49465     48.471    33.2844    25.9780 0.0000e+00
 192.510515     48.459  34.308217     7.6462    2.50260     48.049    33.2742    25.9703 0.0000e+00
 192.510521     48.037  34.268346     7.6341    2.50409     47.631    33.2430    25.9475 0.0000e+00
 192.510527     47.619  34.249417     7.6261    2.50637     47.216    33.2305    25.9388 0.0000e+00
 192.510532     47.202  34.242844     7.6239    2.52220     46.803    33.2257    25.9354 0.0000e+00
 192.510538     46.783  34.240218     7.6225    2.52664     46.387    33.2244    25.9345 0.0000e+00
 192.510544     46.347  34.242329     7.6204    2.55619     45.955    33.2289    25.9384 0.0000e+00
 192.510550     45.889  34.240556     7.6308    2.55092     45.501    33.2173    25.9277 0.0000e+00
 192.510556     45.417  34.235702     7.6564    2.55776     45.033    33.1878    25.9010 0.0000e+00
 192.510561     44.940  34.223902     7.6696    2.56971     44.560    33.1628    25.8794 0.0000e+00
 192.510567     44.462  34.226853     7.6588    2.58988     44.086    33.1765    25.8917 0.0000e+00
 192.510573     43.987  34.243802     7.6494    2.58923     43.615    33.2039    25.9146 0.0000e+00
 192.510579     43.510  34.239298     7.6506    2.60928     43.142    33.1981    25.9099 0.0000e+00
 192.510584     43.023  34.236336     7.6409    2.62176     42.659    33.2044    25.9162 0.0000e+00
 192.510590     42.533  34.236941     7.6194    1.99242     42.174    33.2258    25.9361 0.0000e+00
 192.510596     42.055  34.241723     7.6124    1.59715     41.700    33.2379    25.9465 0.0000e+00
 192.510602     41.599  34.221479     7.6254    1.34119     41.248    33.2039    25.9179 0.0000e+00
 192.510608     41.166  34.181015     7.6453    2.67146     40.818    33.1415    25.8661 0.0000e+00
 192.510613     40.748  34.202074     7.6749    2.64805     40.404    33.1362    25.8577 0.0000e+00
 192.510619     40.341  34.218760     7.7945    2.65378     40.000    33.0407    25.7656 0.0000e+00
