data/oxygen options/ONMS/Olympic_Coast_National_Marine_Sanctuary_CTD_Data_2005_2023/raw_data/2007/CTD_CA042_071007faed.cnv
* Sea-Bird SBE19 Data File:
* FileName = C:\2007_mooring_data\CTD_CA065_071007.hex
* Software Version 1.1.6
* Temperature SN = 2997
* Conductivity SN = 2997
* System UpLoad Time = Jul 10 2007 15:58:58
* SEACAT PROFILER V3.1c SN 2997   07/10/07  15:58:29.486
* strain gauge pressure sensor: S/N = 184829,  range = 3000 psia,  tc = 40
# nquan = 9                                 
# nvalues = 1718                        
# units = specified
# name 0 = timeJ: Julian Days
# name 1 = prSM: Pressure, Strain Gauge [db]
# name 2 = c0mS/cm: Conductivity [mS/cm]
# name 3 = t090C: Temperature [ITS-90, deg C]
# name 4 = oxML/L: Oxygen, Beckman/YSI [ml/l]
# name 5 = depSM: Depth [salt water, m], lat = 47.5
# name 6 = sal00: Salinity, Practical [PSU]
# name 7 = sigma-é00: Density [sigma-theta, kg/m^3]
# name 8 = flag: flag
# span 0 = 191.640174, 191.650110       
# span 1 =     -5.669,     39.297       
# span 2 =   0.717059,  38.161757       
# span 3 =     6.8613,    17.1308       
# span 4 =   -0.06521,   30.68629       
# span 5 =     -5.622,     38.965       
# span 6 =     0.4210,    33.6291       
# span 7 =    -0.8494,    26.3556       
# span 8 = 0.0000e+00, 0.0000e+00       
# interval = seconds: 0.5
# start_time = Jul 10 2007 15:21:51 [Instrument's time stamp, header]
# bad_flag = -9.990e-29
*END*
[from data line 321]
 191.642031      1.178  37.280946    12.3967    5.77342      1.168    32.0180    24.1997 -9.990e-29
 191.642037      1.179  37.223410    12.3145    5.76959      1.169    32.0331    24.2270 -9.990e-29
 191.642043      1.187  37.161886    12.2585    5.79244      1.177    32.0221    24.2290 -9.990e-29
 191.642049      1.195  37.149996    12.2405    5.80443      1.185    32.0261    24.2354 -9.990e-29
 191.642054      1.207  37.155613    12.2362    5.83722      1.197    32.0351    24.2433 -9.990e-29
 191.642060      1.221  37.158189    12.2203    5.84514      1.211    32.0512    24.2587 -9.990e-29
 191.642066      1.239  37.146026    12.1982    5.84478      1.229    32.0585    24.2685 -9.990e-29
 191.642072      1.258  37.127577    12.1987    5.85070      1.247    32.0403    24.2543 -9.990e-29
 191.642078      1.271  37.126454    12.2232    5.89274      1.260    32.0183    24.2326 -9.990e-29
 191.642083      1.269  37.145639    12.2522    5.94625      1.258    32.0119    24.2222 -9.990e-29
 191.642089      1.257  37.171473    12.2779    5.97773      1.247    32.0146    24.2196 -9.990e-29
 191.642095      1.248  37.194127    12.3035    6.00572      1.238    32.0145    24.2146 -9.990e-29
 191.642101      1.239  37.211863    12.3263    6.03083      1.229    32.0120    24.2084 -9.990e-29
 191.642106      1.232  37.219748    12.3525    6.13917      1.222    31.9972    24.1919 -9.990e-29
 191.642112      1.233  37.230544    12.4096    6.18534      1.223    31.9588    24.1514 -9.990e-29
 191.642118      1.243  37.277152    12.4886    6.11813      1.233    31.9361    24.1188 -9.990e-29
 191.642124      1.255  37.343801    12.5506    5.99180      1.245    31.9469    24.1154 -9.990e-29
 191.642130      1.264  37.392118    12.5902    5.89304      1.253    31.9592    24.1174 -9.990e-29
 191.642135      1.271  37.417031    12.6207    5.89746      1.260    31.9570    24.1099 -9.990e-29
 191.642141      1.277  37.434394    12.6476    5.92094      1.266    31.9507    24.0998 -9.990e-29
 191.642147      1.282  37.463442    12.6525    5.97123      1.271    31.9741    24.1170 -9.990e-29
 191.642153      1.286  37.477323    12.5754    5.95260      1.275    32.0528    24.1928 -9.990e-29
 191.642159      1.289  37.408223    12.4355    5.88726      1.278    32.1064    24.2609 -9.990e-29
 191.642164      1.292  37.274454    12.3693    5.88670      1.281    32.0351    24.2182 -9.990e-29
 191.642170      1.291  37.202042    12.4056    5.89864      1.280    31.9350    24.1337 -9.990e-29
 191.642176      1.282  37.231745    12.4698    5.94437      1.271    31.9087    24.1012 -9.990e-29
 191.642182      1.271  37.298890    12.5211    5.98465      1.260    31.9292    24.1073 -9.990e-29
 191.642188      1.272  37.367453    12.5242    5.97812      1.261    31.9918    24.1553 -9.990e-29
 191.642193      1.289  37.393209    12.4897    5.99276      1.278    32.0458    24.2036 -9.990e-29
 191.642199      1.314  37.363987    12.4692    6.05046      1.303    32.0354    24.1995 -9.990e-29
 191.642205      1.336  37.341170    12.4832    6.11409      1.325    32.0017    24.1707 -9.990e-29
 191.642211      1.353  37.348142    12.5227    6.13331      1.342    31.9747    24.1423 -9.990e-29
 191.642216      1.360  37.375138    12.5554    6.03978      1.349    31.9726    24.1344 -9.990e-29
 191.642222      1.358  37.405464    12.5675    5.92918      1.347    31.9912    24.1465 -9.990e-29
 191.642228      1.357  37.419025    12.5800    5.85764      1.346    31.9934    24.1459 -9.990e-29
 191.642234      1.359  37.426064    12.6004    5.85877      1.348    31.9828    24.1337 -9.990e-29
 191.642240      1.366  37.440453    12.6100    5.89800      1.355    31.9883    24.1362 -9.990e-29
 191.642245      1.378  37.450550    12.5674    5.92638      1.366    32.0341    24.1798 -9.990e-29
 191.642251      1.395  37.427221    12.4539    5.90881      1.383    32.1087    24.2592 -9.990e-29
 191.642257      1.414  37.344417    12.3342    5.86739      1.402    32.1320    24.3000 -9.990e-29
 191.642263      1.427  37.236362    12.2874    5.88042      1.415    32.0686    24.2596 -9.990e-29
 191.642269      1.432  37.189353    12.3117    5.89886      1.420    32.0028    24.2040 -9.990e-29
 191.642274      1.434  37.218046    12.3589    5.92781      1.422    31.9900    24.1852 -9.990e-29
 191.642280      1.440  37.255869    12.3993    5.93296      1.428    31.9917    24.1789 -9.990e-29
 191.642286      1.451  37.267686    12.4108    5.91409      1.439    31.9932    24.1778 -9.990e-29
 191.642292      1.459  37.264778    12.3852    5.85803      1.447    32.0122    24.1974 -9.990e-29
 191.642297      1.460  37.259699    12.3542    5.79560      1.448    32.0338    24.2201 -9.990e-29
 191.642303      1.455  37.259097    12.3460    5.79511      1.443    32.0403    24.2266 -9.990e-29
 191.642309      1.443  37.264557    12.3520    5.79280      1.431    32.0404    24.2255 -9.990e-29
 191.642315      1.427  37.266501    12.3502    5.81508      1.415    32.0438    24.2285 -9.990e-29
 191.642321      1.416  37.255155    12.3298    5.82232      1.404    32.0504    24.2375 -9.990e-29
 191.642326      1.413  37.227699    12.2835    5.80716      1.401    32.0637    24.2565 -9.990e-29
 191.642332      1.417  37.180566    12.2236    5.84723      1.405    32.0698    24.2725 -9.990e-29
 191.642338      1.425  37.134964    12.1908    5.86930      1.413    32.0541    24.2665 -9.990e-29
 191.642344      1.428  37.122544    12.1996    5.85939      1.416    32.0346    24.2498 -9.990e-29
 191.642350      1.423  37.137910    12.2237    5.80031      1.411    32.0288    24.2407 -9.990e-29
 191.642355      1.413  37.158347    12.2392    5.72809      1.401    32.0351    24.2427 -9.990e-29
 191.642361      1.407  37.167915    12.2411    5.76856      1.395    32.0427    24.2482 -9.990e-29
 191.642367      1.403  37.165332    12.2364    5.85284      1.391    32.0442    24.2503 -9.990e-29
 191.642373      1.398  37.163943    12.2326    5.95095      1.386    32.0461    24.2525 -9.990e-29
 191.642378      1.395  37.164665    12.2156    5.92404      1.383    32.0614    24.2675 -9.990e-29
 191.642384      1.399  37.151050    12.1713    5.78910      1.387    32.0863    24.2951 -9.990e-29
 191.642390      1.405  37.106038    12.1438    5.67948      1.393    32.0666    24.2850 -9.990e-29
 191.642396      1.405  37.063752    12.1909    5.61493      1.393    31.9857    24.2134 -9.990e-29
 191.642402      1.399  37.082683    12.2869    5.64363      1.387    31.9219    24.1459 -9.990e-29
 191.642407      1.396  37.143742    12.3474    5.71665      1.384    31.9288    24.1399 -9.990e-29
 191.642413      1.404  37.182016    12.2972    5.76523      1.392    32.0082    24.2109 -9.990e-29
 191.642419      1.428  37.128568    12.1457    5.78574      1.416    32.0866    24.3002 -9.990e-29
 191.642425      1.455  36.993401    12.0028    5.76992      1.443    32.0793    24.3211 -9.990e-29
 191.642431      1.468  36.895591    11.9531    5.79404      1.456    32.0276    24.2902 -9.990e-29
 191.642436      1.461  36.885157    11.9984    5.82078      1.449    31.9786    24.2438 -9.990e-29
 191.642442      1.448  36.930744    12.0952    5.82370      1.436    31.9397    24.1956 -9.990e-29
 191.642448      1.441  37.005089    12.1692    5.79900      1.429    31.9479    24.1882 -9.990e-29
 191.642454      1.443  37.071086    12.1739    5.76412      1.431    32.0072    24.2333 -9.990e-29
 191.642459      1.454  37.096764    12.1364    5.74974      1.442    32.0640    24.2844 -9.990e-29
 191.642465      1.476  37.084952    12.1063    5.73412      1.464    32.0785    24.3012 -9.990e-29
 191.642471      1.509  37.072002    12.1004    5.72500      1.496    32.0711    24.2966 -9.990e-29
 191.642477      1.556  37.071433    12.0966    5.69756      1.543    32.0738    24.2994 -9.990e-29
 191.642483      1.616  37.054981    12.0659    5.68255      1.603    32.0843    24.3132 -9.990e-29
 191.642488      1.683  37.011331    12.0144    5.70477      1.669    32.0865    24.3245 -9.990e-29
 191.642494      1.753  36.966337    11.9697    5.72420      1.738    32.0815    24.3289 -9.990e-29
 191.642500      1.827  36.944612    11.9366    5.69506      1.812    32.0890    24.3409 -9.990e-29
 191.642506      1.913  36.934524    11.8985    5.58546      1.897    32.1120    24.3658 -9.990e-29
 191.642512      2.022  36.914176    11.8580    5.42469      2.005    32.1273    24.3851 -9.990e-29
 191.642517      2.155  36.883308    11.8289    5.26597      2.137    32.1224    24.3867 0.0000e+00
 191.642523      2.318  36.853978    11.8006    5.17047      2.299    32.1184    24.3888 0.0000e+00
 191.642529      2.520  36.826839    11.7535    5.10304      2.499    32.1327    24.4085 0.0000e+00
 191.642535      2.774  36.781928    11.6520    5.00193      2.751    32.1769    24.4613 0.0000e+00
 191.642541      3.092  36.680071    11.4606    4.88810      3.066    32.2439    24.5481 0.0000e+00
 191.642546      3.478  36.499209    11.1990    4.80136      3.449    32.2951    24.6348 0.0000e+00
 191.642552      3.929  36.272247    10.9237    4.74876      3.896    32.3129    24.6972 0.0000e+00
 191.642558      4.441  36.056906    10.6917    4.70822      4.404    32.3037    24.7303 0.0000e+00
 191.642564      4.999  35.900034    10.5145    4.68323      4.957    32.3038    24.7609 0.0000e+00
 191.642569      5.586  35.789107    10.3534    4.65025      5.539    32.3355    24.8130 0.0000e+00
 191.642575      6.194  35.677592    10.1868    4.61983      6.142    32.3716    24.8692 0.0000e+00
 191.642581      6.818  35.558536    10.0342    4.61250      6.761    32.3876    24.9071 0.0000e+00
 191.642587      7.450  35.455282     9.9215    4.58587      7.388    32.3838    24.9228 0.0000e+00
 191.642593      8.084  35.386453     9.8436    4.55041      8.016    32.3835    24.9354 0.0000e+00
 191.642598      8.717  35.341479     9.7786    4.53834      8.644    32.3959    24.9557 0.0000e+00
 191.642604      9.351  35.299010     9.7145    4.52755      9.273    32.4101    24.9772 0.0000e+00
 191.642610      9.996  35.254497     9.6496    4.50526      9.912    32.4229    24.9978 0.0000e+00
 191.642616     10.654  35.212994     9.5865    4.48417     10.565    32.4372    25.0191 0.0000e+00
 191.642622     11.317  35.175721     9.5173    4.43919     11.222    32.4613    25.0492 0.0000e+00
 191.642627     11.982  35.134404     9.4341    4.41185     11.882    32.4940    25.0881 0.0000e+00
 191.642633     12.655  35.086030     9.3494    4.39531     12.549    32.5209    25.1226 0.0000e+00
 191.642639     13.331  35.039468     9.2771    4.39605     13.219    32.5385    25.1478 0.0000e+00
 191.642645     14.000  34.998151     9.2179    4.36092     13.883    32.5495    25.1658 0.0000e+00
 191.642650     14.659  34.960177     9.1604    4.21280     14.536    32.5624    25.1850 0.0000e+00
 191.642656     15.312  34.922502     9.0977    4.09077     15.184    32.5805    25.2089 0.0000e+00
 191.642662     15.960  34.885844     9.0417    3.95277     15.826    32.5934    25.2278 0.0000e+00
 191.642668     16.603  34.857323     8.9965    3.83199     16.464    32.6050    25.2439 0.0000e+00
 191.642674     17.242  34.834731     8.9450    3.71213     17.097    32.6284    25.2703 0.0000e+00
 191.642679     17.880  34.805275     8.8518    3.54814     17.730    32.6832    25.3276 0.0000e+00
 191.642685     18.515  34.747572     8.6778    3.39002     18.360    32.7834    25.4328 0.0000e+00
 191.642691     19.148  34.638443     8.4437    3.22679     18.987    32.8862    25.5487 0.0000e+00
 191.642697     19.781  34.503247     8.2322    3.11213     19.615    32.9409    25.6232 0.0000e+00
 191.642703     20.406  34.400921     8.0893    3.04008     20.235    32.9662    25.6641 0.0000e+00
 191.642708     21.018  34.344000     7.9922    2.98101     20.842    32.9968    25.7022 0.0000e+00
 191.642714     21.620  34.307511     7.9014    2.92714     21.438    33.0433    25.7520 0.0000e+00
 191.642720     22.225  34.271887     7.7902    2.87070     22.038    33.1103    25.8206 0.0000e+00
 191.642726     22.841  34.226568     7.6513    2.82048     22.649    33.1935    25.9059 0.0000e+00
 191.642731     23.469  34.171598     7.5091    2.78799     23.272    33.2700    25.9861 0.0000e+00
 191.642737     24.106  34.123283     7.3987    2.76927     23.903    33.3234    26.0436 0.0000e+00
 191.642743     24.750  34.094468     7.3314    2.76509     24.542    33.3567    26.0791 0.0000e+00
 191.642749     25.399  34.079733     7.2909    2.73728     25.185    33.3794    26.1027 0.0000e+00
 191.642755     26.051  34.068908     7.2602    2.71742     25.832    33.3970    26.1208 0.0000e+00
 191.642760     26.700  34.058723     7.2365    2.69900     26.475    33.4085    26.1331 0.0000e+00
 191.642766     27.341  34.052371     7.2194    2.66553     27.111    33.4178    26.1428 0.0000e+00
 191.642772     27.972  34.051431     7.2038    2.63147     27.737    33.4316    26.1558 0.0000e+00
 191.642778     28.590  34.054613     7.1813    2.57490     28.349    33.4565    26.1786 0.0000e+00
 191.642784     29.196  34.057723     7.1446    2.53099     28.950    33.4952    26.2141 0.0000e+00
 191.642789     29.793  34.051986     7.0993    2.51319     29.542    33.5327    26.2498 0.0000e+00
 191.642795     30.386  34.038125     7.0614    2.50343     30.130    33.5542    26.2719 0.0000e+00
 191.642801     30.982  34.029556     7.0392    2.51019     30.721    33.5661    26.2844 0.0000e+00
 191.642807     31.586  34.030502     7.0306    2.49989     31.320    33.5753    26.2927 0.0000e+00
 191.642812     32.187  34.034903     7.0297    2.48804     31.916    33.5807    26.2971 0.0000e+00
 191.642818     32.778  34.038505     7.0302    2.47436     32.502    33.5838    26.2995 0.0000e+00
 191.642824     33.361  34.039916     7.0291    2.46320     33.080    33.5862    26.3015 0.0000e+00
 191.642830     33.944  34.039865     7.0259    2.45476     33.658    33.5890    26.3042 0.0000e+00
 191.642836     34.521  34.039374     7.0197    2.42513     34.230    33.5942    26.3091 0.0000e+00
 191.642841     35.086  34.036074     7.0051    2.40601     34.790    33.6046    26.3193 0.0000e+00
 191.642847     35.640  34.022170     6.9793    2.37822     35.339    33.6142    26.3304 0.0000e+00
 191.642853     36.184  33.997581     6.9491    2.35258     35.879    33.6165    26.3363 0.0000e+00
 191.642859     36.715  33.973192     6.9217    2.34798     36.405    33.6163    26.3399 0.0000e+00
 191.642865     37.224  33.954545     6.8986    2.33253     36.910    33.6181    26.3444 0.0000e+00
 191.642870     37.703  33.941954     6.8806    2.33541     37.385    33.6217    26.3497 0.0000e+00
 191.642876     38.146  33.934844     6.8691    2.33153     37.824    33.6249    26.3538 0.0000e+00
 191.642882     38.536  33.930984     6.8632    2.33753     38.211    33.6262    26.3556 0.0000e+00
 191.642888     38.862  33.929113     6.8613    2.33781     38.534    33.6259    26.3556 0.0000e+00
 191.642894     39.104  33.929505     6.8627    2.32060     38.774    33.6248    26.3546 0.0000e+00
 191.642899     39.249  33.930969     6.8660    2.33706     38.918    33.6231    26.3528 -9.990e-29
 191.642905     39.297  33.932063     6.8697    2.32889     38.965    33.6207    26.3504 -9.990e-29
 191.642911     39.246  33.934216     6.8741    2.33809     38.915    33.6188    26.3483 -9.990e-29
 191.642917     39.094  33.939711     6.8799    2.34564     38.764    33.6192    26.3478 0.0000e+00
 191.642922     38.844  33.946880     6.8846    2.34306     38.516    33.6226    26.3499 0.0000e+00
 191.642928     38.509  33.950687     6.8842    2.35697     38.184    33.6273    26.3537 0.0000e+00
 191.642934     38.124  33.949458     6.8812    2.35919     37.802    33.6291    26.3555 0.0000e+00
 191.642940     37.729  33.945452     6.8820    2.36795     37.411    33.6241    26.3514 0.0000e+00
 191.642946     37.346  33.943390     6.8880    2.36734     37.031    33.6162    26.3443 0.0000e+00
