data/oxygen options/ONMS/Olympic_Coast_National_Marine_Sanctuary_CTD_Data_2005_2023/raw_data/2007/CTD_TH042_053007faed.cnv
* Sea-Bird SBE19 Data File:
* FileName = C:\2007_mooring_data\CTD_TH042_053007.hex
* Software Version 1.1.6
* Temperature SN = 2997
* Conductivity SN = 2997
* System UpLoad Time = May 30 2007 12:33:35
* SEACAT PROFILER V3.1c SN 2997   05/30/07  12:33:04.771
* strain gauge pressure sensor: S/N = 184829,  range = 3000 psia,  tc = 40
# nquan = 9                                 
# nvalues = 2245                        
# units = specified
# name 0 = timeJ: Julian Days
# name 1 = prSM: Pressure, Strain Gauge [db]
# name 2 = c0mS/cm: Conductivity [mS/cm]
# name 3 = t090C: Temperature [ITS-90, deg C]
# name 4 = oxML/L: Oxygen, Beckman/YSI [ml/l]
# name 5 = depSM: Depth [salt water, m], lat = 47.5
# name 6 = sal00: Salinity, Practical [PSU]
# name 7 = sigma-é00: Density [sigma-theta, kg/m^3]
# name 8 = flag: flag
# span 0 = 150.494676, 150.507662       
# span 1 =     -5.659,     41.676       
# span 2 =   0.095962,  36.314970       
# span 3 =     6.9852,    12.5154       
# span 4 =  -13.16297,   35.52831       
# span 5 =     -5.612,     41.324       
# span 6 =     0.0610,    33.6663       
# span 7 =    -0.5135,    26.3698       
# span 8 = 0.0000e+00, 0.0000e+00       
# interval = seconds: 0.5
# start_time = May 30 2007 11:52:20 [Instrument's time stamp, header]
# bad_flag = -9.990e-29
*END*
 150.494676     -5.659 -9.990e-29    12.5154   -0.07333     -5.612 -9.990e-29 -9.990e-29 -9.990e-29
 150.494682     -5.647   0.095962    12.5149   -0.07339     -5.600     0.0610    -0.5135 -9.990e-29
 150.494688     -5.640   0.096112    12.5104   -0.07343     -5.593     0.0611    -0.5129 -9.990e-29
 150.494693     -5.633   0.096561    12.4978   -0.07345     -5.586     0.0614    -0.5111 -9.990e-29
 150.494699     -5.620   0.097355    12.4781   -0.07347     -5.573     0.0619    -0.5084 -9.990e-29
 150.494705     -5.601   0.098259    12.4522   -0.07353     -5.554     0.0625    -0.5048 -9.990e-29
 150.494711     -5.579   0.099369    12.4208   -0.07360     -5.533     0.0632    -0.5005 -9.990e-29
 150.494716     -5.558   0.101426    12.3883   -0.07367     -5.512     0.0645    -0.4956 -9.990e-29
 150.494722     -5.534   0.104954    12.3571   -0.07372     -5.488     0.0667    -0.4901 -9.990e-29
 150.494728     -5.513   0.109481    12.3277   -0.07349     -5.467     0.0696    -0.4844 -9.990e-29
 150.494734     -5.495   0.114389    12.3012   -0.07354     -5.449     0.0726    -0.4788 -9.990e-29
 150.494740     -5.477   0.119568    12.2793   -0.07341     -5.431     0.0759    -0.4737 -9.990e-29
 150.494745     -5.452   0.125823    12.2610   -0.07342     -5.407     0.0798    -0.4685 -9.990e-29
 150.494751     -5.423   0.134842    12.2404   -0.07351     -5.378     0.0855    -0.4616 -9.990e-29
 150.494757     -5.388   0.147560    12.2133   -0.07349     -5.343     0.0936    -0.4521 -9.990e-29
 150.494763     -5.342   0.164300    12.1819   -0.07301     -5.297     0.1043    -0.4401 -9.990e-29
 150.494769     -5.288   0.187419    12.1514   -0.06120     -5.244     0.1191    -0.4249 -9.990e-29
 150.494774     -5.238   0.225011    12.1268   -0.06238     -5.194     0.1433    -0.4031 -9.990e-29
 150.494780     -5.192   0.304464    12.1118   -0.06267     -5.149     0.1951    -0.3609 -9.990e-29
 150.494786     -5.147   0.507320    12.1066   -0.06272     -5.104     0.3299    -0.2549 -9.990e-29
 150.494792     -5.100   0.798449    12.1079   -0.06274     -5.057     0.5281    -0.1004 -9.990e-29
 150.494797     -5.048   1.039676    12.1073   -0.06273     -5.006     0.6954     0.0302 -9.990e-29
 150.494803     -4.988   1.245902    12.0917   -0.06272     -4.946     0.8407     0.1452 -9.990e-29
 150.494809     -4.916   1.550619    12.0381   -0.06269     -4.875     1.0589     0.3215 -9.990e-29
 150.494815     -4.828   2.425028    11.8790   -0.06263     -4.788     1.7031     0.8415 -9.990e-29
 150.494821     -4.717   5.223088    11.5396   -0.06264     -4.678     3.8812     2.5731 -9.990e-29
 150.494826     -4.578  13.210989    11.1177   -0.06262     -4.540    10.6425     7.8634 -9.990e-29
 150.494832     -4.410  24.763138    10.8180   -0.06282     -4.373    21.2681    16.1357 -9.990e-29
 150.494838     -4.226  32.320863    10.6802   -0.06261     -4.191    28.6258    21.8703 -9.990e-29
 150.494844     -4.043  34.822913    10.6261   -0.06261     -4.009    31.1374    23.8334 -9.990e-29
 150.494850     -3.865  35.668105    10.6046   -0.06265     -3.833    31.9966    24.5060 -9.990e-29
 150.494855     -3.697  35.967095    10.5939   -0.06265     -3.666    32.3042    24.7474 -9.990e-29
 150.494861     -3.547  36.098357    10.5941   -0.06265     -3.517    32.4350    24.8493 -9.990e-29
 150.494867     -3.422  36.189818    10.6087   -0.06265     -3.393    32.5133    24.9077 -9.990e-29
 150.494873     -3.323  36.255781    10.6290   -0.06260     -3.295    32.5610    24.9414 -9.990e-29
 150.494878     -3.243  36.267020    10.6393   -0.06265     -3.216    32.5630    24.9412 -9.990e-29
 150.494884     -3.177  36.218348    10.6321   -0.06273     -3.151    32.5208    24.9096 -9.990e-29
 150.494890     -3.122  36.134591    10.6174   -0.06271     -3.096    32.4503    24.8572 -9.990e-29
 150.494896     -3.073  36.117695    10.6098   -0.06265     -3.047    32.4402    24.8506 -9.990e-29
 150.494902     -3.027  36.228670    10.6151   -0.06270     -3.002    32.5462    24.9323 -9.990e-29
 150.494907     -2.986  36.314970    10.6268   -0.06272     -2.961    32.6220    24.9893 -9.990e-29
 150.494913     -2.951  36.291511    10.6324   -0.06274     -2.926    32.5935    24.9661 -9.990e-29
 150.494919     -2.920  36.240843    10.6280   -0.06269     -2.896    32.5468    24.9305 -9.990e-29
 150.494925     -2.892  36.223815    10.6188   -0.06269     -2.868    32.5380    24.9253 -9.990e-29
 150.494931     -2.865  36.254178    10.6092   -0.06265     -2.841    32.5769    24.9572 -9.990e-29
 150.494936     -2.836  36.287198    10.5978   -0.06273     -2.812    32.6201    24.9928 -9.990e-29
 150.494942     -2.804  36.264863    10.5852   -0.06274     -2.781    32.6090    24.9864 -9.990e-29
 150.494948     -2.771  36.234213    10.5791   -0.06274     -2.748    32.5838    24.9678 -9.990e-29
 150.494954     -2.743  36.265962    10.5846   -0.06268     -2.720    32.6106    24.9877 -9.990e-29
 150.494959     -2.724  36.301523    10.5956   -0.06269     -2.701    32.6363    25.0058 -9.990e-29
 150.494965     -2.703  36.262724    10.5998   -0.06271     -2.680    32.5938    24.9720 -9.990e-29
 150.494971     -2.671  36.190355    10.5967   -0.06267     -2.649    32.5242    24.9183 -9.990e-29
 150.494977     -2.629  36.172399    10.5961   -0.06268     -2.607    32.5068    24.9049 -9.990e-29
 150.494983     -2.584  36.210714    10.5997   -0.06273     -2.562    32.5419    24.9315 -9.990e-29
 150.494988     -2.545  36.241454    10.6018   -0.06274     -2.524    32.5707    24.9536 -9.990e-29
 150.494994     -2.520  36.226557    10.6007   -0.06276     -2.499    32.5568    24.9430 -9.990e-29
 150.495000     -2.501  36.176445    10.5972   -0.06274     -2.480    32.5098    24.9070 -9.990e-29
 150.495006     -2.483  36.145416    10.5924   -0.06270     -2.462    32.4831    24.8870 -9.990e-29
 150.495012     -2.465  36.171161    10.5884   -0.06272     -2.444    32.5124    24.9105 -9.990e-29
 150.495017     -2.447  36.226341    10.5873   -0.06277     -2.427    32.5685    24.9544 -9.990e-29
 150.495023     -2.431  36.260626    10.5907   -0.06278     -2.411    32.5997    24.9782 -9.990e-29
 150.495029     -2.424  36.270959    10.5975   -0.06276     -2.404    32.6040    24.9803 -9.990e-29
 150.495035     -2.427  36.267761    10.6035   -0.06274     -2.407    32.5954    24.9726 -9.990e-29
 150.495041     -2.426  36.224908    10.6038   -0.06272     -2.406    32.5523    24.9390 -9.990e-29
 150.495046     -2.413  36.155357    10.5976   -0.06277     -2.393    32.4883    24.8902 -9.990e-29
 150.495052     -2.392  36.114400    10.5914   -0.06279     -2.372    32.4529    24.8637 -9.990e-29
 150.495058     -2.369  36.122565    10.5909   -0.06280     -2.349    32.4615    24.8705 -9.990e-29
 150.495064     -2.352  36.158787    10.5934   -0.06278     -2.332    32.4955    24.8965 -9.990e-29
 150.495069     -2.340  36.175492    10.5942   -0.06276     -2.320    32.5115    24.9088 -9.990e-29
 150.495075     -2.323  36.143381    10.5922   -0.06274     -2.304    32.4812    24.8856 -9.990e-29
 150.495081     -2.296  36.095900    10.5892   -0.06274     -2.277    32.4364    24.8512 -9.990e-29
 150.495087     -2.266  36.083003    10.5882   -0.06276     -2.247    32.4244    24.8420 -9.990e-29
 150.495093     -2.248  36.109365    10.5897   -0.06278     -2.229    32.4494    24.8612 -9.990e-29
 150.495098     -2.245  36.136696    10.5903   -0.06280     -2.226    32.4761    24.8820 -9.990e-29
 150.495104     -2.244  36.126314    10.5887   -0.06276     -2.225    32.4672    24.8753 -9.990e-29
 150.495110     -2.233  36.082890    10.5862   -0.06276     -2.214    32.4260    24.8436 -9.990e-29
 150.495116     -2.210  36.049452    10.5853   -0.06275     -2.192    32.3934    24.8184 -9.990e-29
 150.495122     -2.183  36.050946    10.5866   -0.06276     -2.165    32.3937    24.8184 -9.990e-29
 150.495127     -2.158  36.077036    10.5877   -0.06278     -2.140    32.4188    24.8378 -9.990e-29
 150.495133     -2.139  36.108693    10.5876   -0.06279     -2.121    32.4505    24.8625 -9.990e-29
 150.495139     -2.119  36.129264    10.5872   -0.06279     -2.101    32.4714    24.8788 -9.990e-29
 150.495145     -2.093  36.125819    10.5867   -0.06277     -2.076    32.4684    24.8766 -9.990e-29
 150.495150     -2.060  36.099937    10.5856   -0.06276     -2.043    32.4435    24.8574 -9.990e-29
 150.495156     -2.022  36.072062    10.5839   -0.06274     -2.005    32.4172    24.8371 -9.990e-29
 150.495162     -1.984  36.070072    10.5831   -0.06276     -1.967    32.4159    24.8363 -9.990e-29
 150.495168     -1.954  36.095807    10.5837   -0.06279     -1.938    32.4410    24.8558 -9.990e-29
 150.495174     -1.933  36.120232    10.5848   -0.06280     -1.917    32.4644    24.8738 -9.990e-29
 150.495179     -1.916  36.126021    10.5863   -0.06279     -1.900    32.4689    24.8770 -9.990e-29
 150.495185     -1.897  36.109690    10.5886   -0.06279     -1.881    32.4505    24.8623 -9.990e-29
 150.495191     -1.875  36.077503    10.5906   -0.06279     -1.859    32.4166    24.8355 -9.990e-29
 150.495197     -1.854  36.053271    10.5919   -0.06280     -1.839    32.3912    24.8156 -9.990e-29
 150.495203     -1.839  36.055153    10.5928   -0.06280     -1.824    32.3923    24.8162 -9.990e-29
 150.495208     -1.835  36.077256    10.5935   -0.06281     -1.820    32.4137    24.8328 -9.990e-29
 150.495214     -1.838  36.098598    10.5936   -0.06279     -1.823    32.4350    24.8493 -9.990e-29
 150.495220     -1.838  36.101110    10.5929   -0.06280     -1.823    32.4381    24.8519 -9.990e-29
 150.495226     -1.823  36.077497    10.5913   -0.06281     -1.808    32.4159    24.8349 -9.990e-29
 150.495231     -1.787  36.044500    10.5890   -0.06281     -1.772    32.3850    24.8112 -9.990e-29
 150.495237     -1.746  36.031016    10.5879   -0.06280     -1.731    32.3725    24.8017 -9.990e-29
 150.495243     -1.710  36.037573    10.5884   -0.06280     -1.696    32.3786    24.8063 -9.990e-29
 150.495249     -1.676  36.041525    10.5872   -0.06280     -1.662    32.3836    24.8104 -9.990e-29
 150.495255     -1.642  36.033570    10.5829   -0.06281     -1.628    32.3794    24.8079 -9.990e-29
 150.495260     -1.611  36.027780    10.5787   -0.06283     -1.598    32.3774    24.8070 -9.990e-29
 150.495266     -1.589  36.036625    10.5780   -0.06285     -1.576    32.3868    24.8145 -9.990e-29
 150.495272     -1.579  36.052283    10.5805   -0.06285     -1.566    32.4002    24.8245 -9.990e-29
 150.495278     -1.575  36.056952    10.5831   -0.06285     -1.562    32.4026    24.8259 -9.990e-29
 150.495284     -1.570  36.042289    10.5836   -0.06283     -1.557    32.3875    24.8141 -9.990e-29
 150.495289     -1.558  36.024632    10.5829   -0.06282     -1.545    32.3705    24.8010 -9.990e-29
 150.495295     -1.544  36.023058    10.5825   -0.06284     -1.531    32.3692    24.8001 -9.990e-29
 150.495301     -1.534  36.032111    10.5820   18.10709     -1.521    32.3787    24.8075 -9.990e-29
 150.495307     -1.528  36.035275    10.5796   33.15814     -1.515    32.3840    24.8121 -9.990e-29
 150.495313     -1.517  36.024444    10.5734   35.52831     -1.504    32.3787    24.8090 -9.990e-29
 150.495318     -1.497  36.006488    10.5641   31.69316     -1.485    32.3690    24.8030 -9.990e-29
 150.495324     -1.469  35.996719    10.5564   21.23764     -1.457    32.3661    24.8021 -9.990e-29
 150.495330     -1.442  36.004546    10.5550   16.38793     -1.430    32.3751    24.8094 -9.990e-29
 150.495336     -1.421  36.021907    10.5595   16.47410     -1.409    32.3885    24.8190 -9.990e-29
 150.495341     -1.411  36.033271    10.5652   14.91240     -1.399    32.3948    24.8229 -9.990e-29
 150.495347     -1.400  36.031373    10.5680    8.10924     -1.388    32.3904    24.8190 -9.990e-29
 150.495353     -1.381  36.013130    10.5673    3.45597     -1.369    32.3728    24.8054 -9.990e-29
 150.495359     -1.357  35.986184    10.5651    1.17161     -1.346    32.3478    24.7863 -9.990e-29
 150.495365     -1.330  35.966755    10.5637    1.62059     -1.319    32.3296    24.7724 -9.990e-29
 150.495370     -1.302  35.959780    10.5641    4.11785     -1.291    32.3223    24.7666 -9.990e-29
 150.495376     -1.276  35.959330    10.5656    5.22333     -1.265    32.3205    24.7650 -9.990e-29
 150.495382     -1.251  35.959767    10.5669    5.83133     -1.241    32.3197    24.7642 -9.990e-29
 150.495388     -1.230  35.958877    10.5675    6.19437     -1.220    32.3183    24.7630 -9.990e-29
 150.495394     -1.210  35.957165    10.5678    6.40985     -1.200    32.3163    24.7614 -9.990e-29
 150.495399     -1.186  35.956466    10.5680    6.52993     -1.176    32.3154    24.7607 -9.990e-29
 150.495405     -1.166  35.956973    10.5682    6.61795     -1.156    32.3158    24.7609 -9.990e-29
 150.495411     -1.157  35.957872    10.5680    6.67019     -1.147    32.3168    24.7617 -9.990e-29
 150.495417     -1.149  35.958689    10.5676    6.71109     -1.139    32.3180    24.7627 -9.990e-29
 150.495422     -1.133  35.960146    10.5678    6.74534     -1.124    32.3193    24.7637 -9.990e-29
 150.495428     -1.118  35.962507    10.5684    6.76249     -1.109    32.3211    24.7650 -9.990e-29
 150.495434     -1.110  35.963882    10.5689    6.78462     -1.101    32.3220    24.7656 -9.990e-29
 150.495440     -1.104  35.963865    10.5694    6.79050     -1.095    32.3216    24.7652 -9.990e-29
 150.495446     -1.097  35.962999    10.5701    6.79774     -1.088    32.3201    24.7639 -9.990e-29
 150.495451     -1.088  35.961256    10.5703    6.81096     -1.079    32.3181    24.7624 -9.990e-29
 150.495457     -1.076  35.958000    10.5700    6.81061     -1.067    32.3151    24.7601 -9.990e-29
 150.495463     -1.065  35.953940    10.5700    6.80708     -1.056    32.3111    24.7569 -9.990e-29
 150.495469     -1.062  35.953199    10.5704    6.80899     -1.053    32.3100    24.7560 -9.990e-29
 150.495475     -1.068  35.955915    10.5706    6.79764     -1.059    32.3125    24.7579 -9.990e-29
 150.495480     -1.074  35.957863    10.5702    6.80114     -1.065    32.3148    24.7598 -9.990e-29
 150.495486     -1.076  35.957724    10.5691    6.81120     -1.067    32.3157    24.7606 -9.990e-29
 150.495492     -1.074  35.957000    10.5680    6.80629     -1.065    32.3159    24.7610 -9.990e-29
 150.495498     -1.068  35.956973    10.5674    6.80697     -1.059    32.3164    24.7615 -9.990e-29
 150.495503     -1.059  35.957050    10.5664    6.80854     -1.050    32.3174    24.7624 -9.990e-29
 150.495509     -1.044  35.956218    10.5647    6.80028     -1.035    32.3181    24.7633 -9.990e-29
 150.495515     -1.025  35.955056    10.5635    6.79043     -1.016    32.3179    24.7634 -9.990e-29
 150.495521     -1.002  35.954821    10.5638    6.79624     -0.994    32.3174    24.7629 -9.990e-29
 150.495527     -0.984  35.955767    10.5651    6.79556     -0.976    32.3172    24.7625 -9.990e-29
 150.495532     -0.970  35.957476    10.5667    6.79714     -0.962    32.3175    24.7625 -9.990e-29
 150.495538     -0.949  35.958867    10.5678    6.80589     -0.941    32.3179    24.7626 -9.990e-29
 150.495544     -0.921  35.958998    10.5680    6.79808     -0.913    32.3179    24.7625 -9.990e-29
 150.495550     -0.893  35.958610    10.5682    6.79460     -0.886    32.3173    24.7621 -9.990e-29
 150.495556     -0.866  35.958873    10.5686    6.78798     -0.859    32.3172    24.7619 -9.990e-29
 150.495561     -0.840  35.959581    10.5688    6.78489     -0.833    32.3177    24.7623 -9.990e-29
 150.495567     -0.816  35.960003    10.5689    6.79755     -0.809    32.3180    24.7625 -9.990e-29
 150.495573     -0.803  35.960143    10.5690    6.79789     -0.796    32.3181    24.7625 -9.990e-29
 150.495579     -0.798  35.959634    10.5695    6.79788     -0.791    32.3171    24.7617 -9.990e-29
 150.495584     -0.797  35.958922    10.5709    6.79638     -0.790    32.3152    24.7599 -9.990e-29
 150.495590     -0.801  35.959306    10.5724    6.78087     -0.794    32.3142    24.7589 -9.990e-29
 150.495596     -0.806  35.960181    10.5730    6.78015     -0.799    32.3146    24.7591 -9.990e-29
