data/oxygen options/ONMS/Olympic_Coast_National_Marine_Sanctuary_CTD_Data_2005_2023/raw_data/2007/CTD_CE015_091807faed.cnv
* Sea-Bird SBE19 Data File:
* FileName = C:\2007_mooring_data\Service_091807\CTD_CE015_091807.hex
* Software Version 1.20
* Temperature SN = 2997
* Conductivity SN = 2997
* System UpLoad Time = Sep 18 2007 14:56:14
* SEACAT PROFILER V3.1c SN 2997   09/18/07  14:55:38.187
* strain gauge pressure sensor: S/N = 184829,  range = 3000 psia,  tc = 40
# nquan = 9                                 
# nvalues = 1307                        
# units = specified
# name 0 = timeJ: Julian Days
# name 1 = prSM: Pressure, Strain Gauge [db]
# name 2 = c0mS/cm: Conductivity [mS/cm]
# name 3 = t090C: Temperature [ITS-90, deg C]
# name 4 = oxML/L: Oxygen, Beckman/YSI [ml/l]
# name 5 = depSM: Depth [salt water, m], lat = 47.5
# name 6 = sal00: Salinity, Practical [PSU]
# name 7 = sigma-é00: Density [sigma-theta, kg/m^3]
# name 8 = flag: flag
# span 0 = 261.607720, 261.615278       
# span 1 =     -5.162,     14.783       
# span 2 =   0.169998,  38.559430       
# span 3 =    10.5256,    13.5267       
# span 4 =   -0.07117,   31.11368       
# span 5 =     -5.119,     14.659       
# span 6 =     0.1049,    32.8469       
# span 7 =    -0.5923,    25.1556       
# span 8 = 0.0000e+00, 0.0000e+00       
# interval = seconds: 0.5
# start_time = Sep 18 2007 14:35:07 [Instrument's time stamp, header]
# bad_flag = -9.990e-29
*END*
[from data line 1121]
 261.614207      4.530  37.473027    12.1732    5.90637      4.492    32.3929    24.5326 -9.990e-29
 261.614213      4.530  37.448891    12.1671    5.92203      4.492    32.3750    24.5199 -9.990e-29
 261.614219      4.513  37.449715    12.1781    5.87972      4.475    32.3663    24.5110 -9.990e-29
 261.614225      4.482  37.467059    12.1963    5.80171      4.445    32.3672    24.5084 -9.990e-29
 261.614230      4.453  37.492088    12.2126    5.72414      4.416    32.3772    24.5130 -9.990e-29
 261.614236      4.445  37.509960    12.2004    5.66467      4.408    32.4049    24.5368 -9.990e-29
 261.614242      4.461  37.488445    12.1427    5.65482      4.424    32.4342    24.5704 -9.990e-29
 261.614248      4.491  37.430815    12.0813    5.68042      4.453    32.4320    24.5802 -9.990e-29
 261.614253      4.518  37.390846    12.0514    5.69356      4.480    32.4194    24.5760 -9.990e-29
 261.614259      4.531  37.385863    12.0465    5.70058      4.493    32.4189    24.5765 -9.990e-29
 261.614265      4.532  37.395188    12.0576    5.69427      4.494    32.4182    24.5739 -9.990e-29
 261.614271      4.529  37.411063    12.0708    5.65986      4.491    32.4221    24.5744 -9.990e-29
 261.614277      4.526  37.424940    12.0726    5.63588      4.488    32.4339    24.5833 -9.990e-29
 261.614282      4.523  37.425611    12.0649    5.64378      4.485    32.4412    24.5904 -9.990e-29
 261.614288      4.524  37.415650    12.0486    5.67526      4.486    32.4458    24.5970 -9.990e-29
 261.614294      4.533  37.391866    12.0263    5.73206      4.495    32.4422    24.5984 -9.990e-29
 261.614300      4.543  37.363463    12.0167    5.78994      4.505    32.4231    24.5853 -9.990e-29
 261.614306      4.541  37.357034    12.0324    5.80526      4.503    32.4033    24.5670 -9.990e-29
 261.614311      4.527  37.373525    12.0643    5.78433      4.489    32.3915    24.5519 -9.990e-29
 261.614317      4.513  37.401280    12.0952    5.74798      4.475    32.3915    24.5461 -9.990e-29
 261.614323      4.511  37.430216    12.1097    5.70331      4.473    32.4068    24.5553 -9.990e-29
 261.614329      4.525  37.437251    12.0997    5.67776      4.487    32.4222    24.5691 -9.990e-29
 261.614334      4.551  37.415511    12.0799    5.67221      4.513    32.4184    24.5699 -9.990e-29
 261.614340      4.584  37.393189    12.0669    5.66790      4.546    32.4082    24.5644 -9.990e-29
 261.614346      4.616  37.382560    12.0622    5.65599      4.577    32.4020    24.5605 -9.990e-29
 261.614352      4.640  37.376731    12.0620    5.63193      4.601    32.3965    24.5563 -9.990e-29
 261.614358      4.655  37.380256    12.0580    5.59421      4.616    32.4034    24.5624 -9.990e-29
 261.614363      4.661  37.388861    12.0472    5.56362      4.622    32.4211    24.5781 -9.990e-29
 261.614369      4.662  37.385984    12.0324    5.53297      4.623    32.4312    24.5887 -9.990e-29
 261.614375      4.667  37.373952    12.0153    5.51537      4.628    32.4344    24.5944 -9.990e-29
 261.614381      4.677  37.360263    11.9980    5.49741      4.638    32.4362    24.5990 -9.990e-29
 261.614387      4.684  37.345717    11.9832    5.46489      4.645    32.4351    24.6008 -9.990e-29
 261.614392      4.680  37.340626    11.9733    5.43024      4.641    32.4388    24.6056 -9.990e-29
 261.614398      4.663  37.342118    11.9648    5.41405      4.624    32.4476    24.6140 -9.990e-29
 261.614404      4.651  37.333675    11.9477    5.41621      4.612    32.4543    24.6224 -9.990e-29
 261.614410      4.656  37.313006    11.9241    5.43812      4.617    32.4549    24.6272 -9.990e-29
 261.614416      4.669  37.295154    11.9095    5.47559      4.630    32.4503    24.6264 -9.990e-29
 261.614421      4.673  37.289945    11.9121    5.48630      4.634    32.4430    24.6202 -9.990e-29
 261.614427      4.661  37.293784    11.9296    5.48466      4.622    32.4315    24.6080 -9.990e-29
 261.614433      4.636  37.302813    11.9519    5.46332      4.597    32.4208    24.5956 -9.990e-29
 261.614439      4.606  37.315614    11.9621    5.43850      4.568    32.4243    24.5965 -9.990e-29
 261.614444      4.580  37.328512    11.9523    5.42719      4.542    32.4454    24.6146 -9.990e-29
 261.614450      4.570  37.327877    11.9299    5.43755      4.532    32.4643    24.6334 -9.990e-29
 261.614456      4.576  37.307813    11.9090    5.46696      4.538    32.4631    24.6364 -9.990e-29
 261.614462      4.585  37.288654    11.9005    5.51357      4.547    32.4519    24.6293 -9.990e-29
 261.614468      4.585  37.285206    11.9078    5.55343      4.547    32.4422    24.6204 -9.990e-29
 261.614473      4.571  37.292301    11.9277    5.55632      4.533    32.4318    24.6086 -9.990e-29
 261.614479      4.547  37.305378    11.9498    5.53606      4.509    32.4252    24.5994 -9.990e-29
 261.614485      4.525  37.322810    11.9629    5.49959      4.487    32.4306    24.6012 -9.990e-29
 261.614491      4.515  37.335888    11.9629    5.44753      4.477    32.4433    24.6110 -9.990e-29
 261.614497      4.521  37.335704    11.9562    5.42152      4.483    32.4489    24.6166 -9.990e-29
 261.614502      4.540  37.326494    11.9487    5.42117      4.502    32.4466    24.6162 -9.990e-29
 261.614508      4.565  37.316715    11.9384    5.48559      4.527    32.4461    24.6177 -9.990e-29
 261.614514      4.587  37.307898    11.9260    5.57235      4.549    32.4483    24.6218 -9.990e-29
 261.614520      4.600  37.298931    11.9218    5.67640      4.562    32.4433    24.6186 -9.990e-29
 261.614525      4.596  37.294111    11.9327    5.75012      4.558    32.4291    24.6056 -9.990e-29
 261.614531      4.567  37.298775    11.9563    5.80496      4.529    32.4131    24.5888 -9.990e-29
 261.614537      4.510  37.313529    11.9928    5.81824      4.472    32.3957    24.5685 -9.990e-29
 261.614543      4.444  37.338984    12.0393    5.77104      4.407    32.3799    24.5476 -9.990e-29
 261.614549      4.398  37.382172    12.0781    5.70775      4.361    32.3879    24.5466 -9.990e-29
 261.614554      4.391  37.428362    12.0858    5.64463      4.354    32.4258    24.5745 -9.990e-29
 261.614560      4.417  37.425346    12.0539    5.63306      4.380    32.4506    24.5997 -9.990e-29
 261.614566      4.459  37.374152    12.0140    5.62611      4.422    32.4358    24.5957 -9.990e-29
 261.614572      4.491  37.341064    12.0090    5.62910      4.453    32.4082    24.5752 -9.990e-29
 261.614578      4.500  37.345859    12.0399    5.61222      4.462    32.3860    24.5522 -9.990e-29
 261.614583      4.490  37.366884    12.0692    5.56000      4.452    32.3809    24.5428 -9.990e-29
 261.614589      4.478  37.385075    12.0669    5.51379      4.441    32.4004    24.5584 -9.990e-29
 261.614595      4.476  37.383771    12.0402    5.48062      4.439    32.4223    24.5804 -9.990e-29
 261.614601      4.483  37.365161    12.0074    5.45513      4.446    32.4329    24.5946 -9.990e-29
 261.614606      4.496  37.341428    11.9799    5.45216      4.458    32.4339    24.6005 -9.990e-29
 261.614612      4.515  37.322962    11.9663    5.44183      4.477    32.4278    24.5984 -9.990e-29
 261.614618      4.539  37.316524    11.9602    5.41055      4.501    32.4269    24.5988 -9.990e-29
 261.614624      4.558  37.318004    11.9499    5.39373      4.520    32.4373    24.6088 -9.990e-29
 261.614630      4.571  37.320400    11.9377    5.38022      4.533    32.4502    24.6211 -9.990e-29
 261.614635      4.582  37.315692    11.9251    5.37436      4.544    32.4567    24.6284 -9.990e-29
 261.614641      4.597  37.299278    11.9098    5.38373      4.559    32.4541    24.6292 -9.990e-29
 261.614647      4.612  37.283463    11.8978    5.37435      4.573    32.4492    24.6277 -9.990e-29
 261.614653      4.620  37.278548    11.8920    5.37309      4.581    32.4495    24.6290 -9.990e-29
 261.614659      4.616  37.280215    11.8891    5.36671      4.577    32.4537    24.6327 -9.990e-29
 261.614664      4.605  37.283389    11.8890    5.36242      4.567    32.4568    24.6352 -9.990e-29
 261.614670      4.600  37.285011    11.8891    5.36115      4.562    32.4583    24.6364 -9.990e-29
 261.614676      4.607  37.281636    11.8847    5.35892      4.568    32.4589    24.6376 -9.990e-29
 261.614682      4.624  37.273245    11.8786    5.36114      4.585    32.4561    24.6366 -9.990e-29
 261.614688      4.642  37.266023    11.8743    5.37063      4.603    32.4528    24.6348 -9.990e-29
 261.614693      4.651  37.265099    11.8729    5.38825      4.612    32.4531    24.6353 -9.990e-29
 261.614699      4.642  37.268677    11.8754    5.40840      4.603    32.4544    24.6359 -9.990e-29
 261.614705      4.623  37.273302    11.8782    5.41594      4.584    32.4565    24.6369 -9.990e-29
 261.614711      4.605  37.275611    11.8765    5.39907      4.567    32.4602    24.6401 -9.990e-29
 261.614716      4.593  37.273264    11.8735    5.34391      4.555    32.4605    24.6410 -9.990e-29
 261.614722      4.585  37.270981    11.8774    5.30281      4.547    32.4549    24.6359 -9.990e-29
 261.614728      4.577  37.273565    11.8878    5.22369      4.539    32.4484    24.6289 -9.990e-29
 261.614734      4.567  37.277734    11.8936    5.13972      4.529    32.4474    24.6270 -9.990e-29
 261.614740      4.569  37.277275    11.8814    5.13034      4.531    32.4576    24.6372 -9.990e-29
 261.614745      4.590  37.263732    11.8454    5.19257      4.552    32.4758    24.6580 -9.990e-29
 261.614751      4.624  37.227459    11.8029    5.31623      4.585    32.4777    24.6674 -9.990e-29
 261.614757      4.651  37.189602    11.7895    5.45181      4.612    32.4527    24.6504 -9.990e-29
 261.614763      4.651  37.185446    11.8190    5.55396      4.612    32.4229    24.6218 -9.990e-29
 261.614769      4.621  37.211679    11.8666    5.59608      4.582    32.4069    24.6006 -9.990e-29
 261.614774      4.576  37.250580    11.9046    5.56958      4.538    32.4115    24.5971 -9.990e-29
 261.614780      4.533  37.290119    11.9309    5.51512      4.495    32.4269    24.6042 -9.990e-29
 261.614786      4.508  37.314635    11.9465    5.46900      4.470    32.4370    24.6092 -9.990e-29
 261.614792      4.512  37.317581    11.9439    5.44057      4.474    32.4421    24.6136 -9.990e-29
 261.614797      4.540  37.307376    11.9306    5.43334      4.502    32.4438    24.6174 -9.990e-29
 261.614803      4.569  37.295080    11.9205    5.44793      4.531    32.4407    24.6169 -9.990e-29
 261.614809      4.580  37.288402    11.9145    5.46057      4.542    32.4395    24.6170 -9.990e-29
 261.614815      4.572  37.287402    11.9093    5.46915      4.534    32.4430    24.6208 -9.990e-29
 261.614821      4.555  37.288503    11.9081    5.46061      4.517    32.4452    24.6226 -9.990e-29
 261.614826      4.535  37.293734    11.9134    5.44402      4.497    32.4456    24.6220 -9.990e-29
 261.614832      4.520  37.300538    11.9187    5.41758      4.482    32.4476    24.6225 -9.990e-29
 261.614838      4.517  37.301731    11.9197    5.38897      4.479    32.4479    24.6226 -9.990e-29
 261.614844      4.526  37.298344    11.9200    5.37834      4.488    32.4443    24.6198 -9.990e-29
 261.614850      4.539  37.295393    11.9182    5.37149      4.501    32.4430    24.6191 -9.990e-29
 261.614855      4.553  37.290064    11.9098    5.36984      4.515    32.4452    24.6223 -9.990e-29
 261.614861      4.569  37.279738    11.8989    5.36086      4.531    32.4447    24.6240 -9.990e-29
 261.614867      4.588  37.271947    11.8937    5.33936      4.550    32.4417    24.6226 -9.990e-29
 261.614873      4.606  37.271998    11.8940    5.30848      4.568    32.4414    24.6223 -9.990e-29
 261.614878      4.616  37.276034    11.8939    5.26588      4.577    32.4454    24.6255 -9.990e-29
 261.614884      4.619  37.278221    11.8873    5.24164      4.580    32.4533    24.6328 -9.990e-29
 261.614890      4.624  37.272506    11.8698    5.22459      4.585    32.4630    24.6436 -9.990e-29
 261.614896      4.635  37.257437    11.8478    5.21044      4.596    32.4676    24.6512 -9.990e-29
 261.614902      4.649  37.241514    11.8334    5.20943      4.610    32.4647    24.6516 -9.990e-29
 261.614907      4.657  37.231531    11.8294    5.19628      4.618    32.4585    24.6476 -9.990e-29
 261.614913      4.656  37.227066    11.8288    5.17923      4.617    32.4547    24.6447 -9.990e-29
 261.614919      4.647  37.227208    11.8276    5.14960      4.608    32.4559    24.6459 -9.990e-29
 261.614925      4.632  37.229343    11.8262    5.11000      4.593    32.4592    24.6487 -9.990e-29
 261.614931      4.624  37.228471    11.8189    5.08690      4.585    32.4647    24.6543 -9.990e-29
 261.614936      4.631  37.219505    11.8003    5.09048      4.592    32.4723    24.6636 -9.990e-29
 261.614942      4.648  37.203386    11.7791    5.10981      4.609    32.4752    24.6697 -9.990e-29
 261.614948      4.669  37.191136    11.7680    5.13290      4.630    32.4729    24.6701 -9.990e-29
 261.614954      4.682  37.189400    11.7658    5.12000      4.643    32.4732    24.6706 -9.990e-29
 261.614959      4.679  37.191372    11.7640    5.07781      4.640    32.4767    24.6737 -9.990e-29
 261.614965      4.669  37.190709    11.7621    5.03585      4.630    32.4777    24.6748 -9.990e-29
 261.614971      4.659  37.189331    11.7629    4.95092      4.620    32.4757    24.6731 -9.990e-29
 261.614977      4.649  37.191009    11.7639    4.85741      4.610    32.4764    24.6735 -9.990e-29
 261.614983      4.642  37.194053    11.7561    4.79330      4.603    32.4862    24.6825 -9.990e-29
 261.614988      4.647  37.185145    11.7228    4.76576      4.608    32.5067    24.7045 -9.990e-29
 261.614994      4.668  37.147365    11.6663    4.81473      4.629    32.5194    24.7248 -9.990e-29
 261.615000      4.694  37.094809    11.6251    4.88297      4.655    32.5043    24.7206 -9.990e-29
 261.615006      4.705  37.071191    11.6270    4.92576      4.666    32.4796    24.7011 -9.990e-29
 261.615012      4.697  37.087610    11.6572    4.94629      4.658    32.4691    24.6874 -9.990e-29
 261.615017      4.683  37.119420    11.6835    4.94233      4.644    32.4771    24.6888 -9.990e-29
 261.615023      4.675  37.143451    11.6841    4.95779      4.636    32.5000    24.7064 -9.990e-29
 261.615029      4.676  37.141861    11.6665    5.00145      4.637    32.5139    24.7204 -9.990e-29
 261.615035      4.682  37.124869    11.6577    5.05208      4.643    32.5050    24.7152 -9.990e-29
 261.615041      4.685  37.119712    11.6657    5.11025      4.646    32.4930    24.7044 -9.990e-29
 261.615046      4.681  37.130717    11.6821    5.15104      4.642    32.4893    24.6985 -9.990e-29
 261.615052      4.673  37.149012    11.7006    5.17451      4.634    32.4909    24.6964 -9.990e-29
 261.615058      4.667  37.166479    11.7156    5.19980      4.628    32.4948    24.6967 -9.990e-29
 261.615064      4.657  37.177818    11.7280    5.20954      4.618    32.4950    24.6945 -9.990e-29
 261.615069      4.642  37.185259    11.7421    5.20423      4.603    32.4899    24.6880 -9.990e-29
 261.615075      4.630  37.194243    11.7564    5.19314      4.591    32.4861    24.6824 -9.990e-29
 261.615081      4.624  37.203858    11.7671    5.18654      4.585    32.4861    24.6804 -9.990e-29
 261.615087      4.625  37.207305    11.7723    5.19210      4.586    32.4849    24.6786 -9.990e-29
 261.615093      4.627  37.203574    11.7739    5.20403      4.588    32.4799    24.6744 -9.990e-29
 261.615098      4.623  37.198907    11.7751    5.21124      4.584    32.4743    24.6698 -9.990e-29
 261.615104      4.608  37.198853    11.7763    5.22579      4.569    32.4732    24.6687 -9.990e-29
 261.615110      4.580  37.202777    11.7781    5.23537      4.542    32.4755    24.6702 -9.990e-29
 261.615116      4.544  37.207504    11.7808    5.23272      4.506    32.4777    24.6714 -9.990e-29
 261.615122      4.504  37.211487    11.7841    5.21936      4.466    32.4787    24.6716 -9.990e-29
