data/oxygen options/ONMS/Olympic_Coast_National_Marine_Sanctuary_CTD_Data_2005_2023/raw_data/2007/CTD_CA015_091007faed.cnv
* Sea-Bird SBE19 Data File:
* FileName = C:\2007_mooring_data\CTD_CA015_091007.hex
* Software Version 1.20
* Temperature SN = 2997
* Conductivity SN = 2997
* System UpLoad Time = Sep 10 2007 17:35:14
* SEACAT PROFILER V3.1c SN 2997   09/10/07  17:34:31.244
* strain gauge pressure sensor: S/N = 184829,  range = 3000 psia,  tc = 40
# nquan = 9                                 
# nvalues = 2008                        
# units = specified
# name 0 = timeJ: Julian Days
# name 1 = prSM: Pressure, Strain Gauge [db]
# name 2 = c0mS/cm: Conductivity [mS/cm]
# name 3 = t090C: Temperature [ITS-90, deg C]
# name 4 = oxML/L: Oxygen, Beckman/YSI [ml/l]
# name 5 = depSM: Depth [salt water, m], lat = 47.5
# name 6 = sal00: Salinity, Practical [PSU]
# name 7 = sigma-é00: Density [sigma-theta, kg/m^3]
# name 8 = flag: flag
# span 0 = 253.663241, 253.674855       
# span 1 =     -5.492,     41.114       
# span 2 =   0.201334,  37.151529       
# span 3 =     7.2234,    14.7758       
# span 4 =   -0.35245,   32.36860       
# span 5 =     -5.446,     40.767       
# span 6 =     0.1206,    33.6962       
# span 7 =    -0.7661,    26.3608       
# span 8 = 0.0000e+00, 0.0000e+00       
# interval = seconds: 0.5
# start_time = Sep 10 2007 15:55:04 [Instrument's time stamp, header]
# bad_flag = -9.990e-29
*END*
[from data line 1441]
 253.671580     20.900  34.233210     7.5009    3.57921     20.725    33.3457    26.0467 0.0000e+00
 253.671586     20.750  34.232608     7.5029    3.58358     20.576    33.3432    26.0445 0.0000e+00
 253.671591     20.574  34.232092     7.5085    3.59314     20.401    33.3373    26.0391 0.0000e+00
 253.671597     20.372  34.231537     7.5170    3.61613     20.201    33.3287    26.0311 0.0000e+00
 253.671603     20.150  34.230577     7.5272    3.64360     19.981    33.3179    26.0212 0.0000e+00
 253.671609     19.919  34.229053     7.5377    3.65019     19.752    33.3063    26.0106 0.0000e+00
 253.671615     19.698  34.226425     7.5453    3.65364     19.533    33.2963    26.0016 0.0000e+00
 253.671620     19.500  34.223667     7.5489    3.61843     19.336    33.2900    25.9961 0.0000e+00
 253.671626     19.323  34.223635     7.5491    3.61765     19.161    33.2898    25.9960 0.0000e+00
 253.671632     19.162  34.226282     7.5474    3.63885     19.001    33.2944    25.9998 0.0000e+00
 253.671638     19.001  34.228409     7.5466    3.64808     18.842    33.2975    26.0024 0.0000e+00
 253.671644     18.823  34.227800     7.5483    3.68019     18.665    33.2953    26.0004 0.0000e+00
 253.671649     18.615  34.224755     7.5520    3.69806     18.459    33.2886    25.9946 0.0000e+00
 253.671655     18.387  34.220251     7.5562    3.68876     18.233    33.2798    25.9871 0.0000e+00
 253.671661     18.157  34.213320     7.5598    3.68743     18.005    33.2690    25.9781 0.0000e+00
 253.671667     17.932  34.205364     7.5627    3.68879     17.782    33.2577    25.9688 0.0000e+00
 253.671672     17.708  34.200339     7.5649    3.69710     17.559    33.2503    25.9627 0.0000e+00
 253.671678     17.477  34.197701     7.5671    3.70717     17.330    33.2455    25.9586 0.0000e+00
 253.671684     17.234  34.194487     7.5708    3.70857     17.089    33.2386    25.9526 0.0000e+00
 253.671690     16.981  34.189769     7.5760    3.69895     16.839    33.2286    25.9440 0.0000e+00
 253.671696     16.728  34.184536     7.5824    3.68787     16.588    33.2170    25.9340 0.0000e+00
 253.671701     16.483  34.177409     7.5898    3.67251     16.345    33.2023    25.9214 0.0000e+00
 253.671707     16.253  34.167846     7.5966    3.68076     16.117    33.1856    25.9073 0.0000e+00
 253.671713     16.032  34.160463     7.6022    3.68208     15.898    33.1724    25.8962 0.0000e+00
 253.671719     15.809  34.157179     7.6076    3.68187     15.676    33.1638    25.8886 0.0000e+00
 253.671725     15.584  34.155849     7.6131    3.67971     15.453    33.1573    25.8827 0.0000e+00
 253.671730     15.359  34.154693     7.6170    3.66256     15.230    33.1524    25.8783 0.0000e+00
 253.671736     15.134  34.153847     7.6186    3.65144     15.007    33.1501    25.8762 0.0000e+00
 253.671742     14.901  34.153861     7.6204    3.64755     14.776    33.1485    25.8747 0.0000e+00
 253.671748     14.656  34.154184     7.6255    3.63905     14.533    33.1441    25.8706 0.0000e+00
 253.671753     14.390  34.154682     7.6362    3.62329     14.269    33.1345    25.8615 0.0000e+00
 253.671759     14.101  34.156012     7.6524    3.59575     13.983    33.1207    25.8483 0.0000e+00
 253.671765     13.794  34.158822     7.6708    3.56403     13.678    33.1063    25.8344 0.0000e+00
 253.671771     13.486  34.162933     7.6874    3.53466     13.373    33.0951    25.8233 0.0000e+00
 253.671777     13.182  34.167659     7.6996    3.51195     13.072    33.0887    25.8165 0.0000e+00
 253.671782     12.888  34.172574     7.7075    3.51188     12.780    33.0866    25.8137 0.0000e+00
 253.671788     12.616  34.177507     7.7128    3.51639     12.510    33.0870    25.8133 0.0000e+00
 253.671794     12.362  34.182308     7.7180    3.51108     12.258    33.0874    25.8128 0.0000e+00
 253.671800     12.112  34.187208     7.7250    3.50481     12.011    33.0861    25.8108 0.0000e+00
 253.671806     11.861  34.190891     7.7328    3.49750     11.762    33.0828    25.8071 0.0000e+00
 253.671811     11.601  34.191537     7.7418    3.48330     11.504    33.0750    25.7997 0.0000e+00
 253.671817     11.332  34.191683     7.7574    3.48386     11.237    33.0605    25.7860 0.0000e+00
 253.671823     11.063  34.196002     7.7830    3.46951     10.970    33.0410    25.7670 0.0000e+00
 253.671829     10.799  34.208007     7.8120    3.44504     10.709    33.0265    25.7515 0.0000e+00
 253.671834     10.539  34.228011     7.8376    3.40939     10.451    33.0238    25.7457 0.0000e+00
 253.671840     10.284  34.249062     7.8632    3.36984     10.198    33.0222    25.7408 0.0000e+00
 253.671846     10.031  34.263365     7.8966    3.35455      9.947    33.0061    25.7233 0.0000e+00
 253.671852      9.769  34.275421     7.9350    3.34928      9.687    32.9828    25.6994 0.0000e+00
 253.671858      9.488  34.291214     7.9652    3.35464      9.409    32.9713    25.6860 0.0000e+00
 253.671863      9.197  34.304903     7.9859    3.34349      9.120    32.9665    25.6793 0.0000e+00
 253.671869      8.907  34.312887     8.0037    3.32669      8.832    32.9584    25.6703 0.0000e+00
 253.671875      8.626  34.318526     8.0183    3.32025      8.554    32.9508    25.6622 0.0000e+00
 253.671881      8.357  34.323732     8.0289    3.31822      8.287    32.9465    25.6572 0.0000e+00
 253.671887      8.096  34.329279     8.0372    3.32662      8.028    32.9447    25.6546 0.0000e+00
 253.671892      7.839  34.334716     8.0459    3.35011      7.773    32.9424    25.6516 0.0000e+00
 253.671898      7.583  34.337198     8.0589    3.35387      7.520    32.9329    25.6422 0.0000e+00
 253.671904      7.324  34.339469     8.0768    3.34218      7.263    32.9187    25.6284 0.0000e+00
 253.671910      7.067  34.345672     8.0971    3.32705      7.008    32.9063    25.6157 0.0000e+00
 253.671916      6.822  34.357350     8.1241    3.32071      6.765    32.8935    25.6017 0.0000e+00
 253.671921      6.593  34.377185     8.1607    3.31953      6.538    32.8803    25.5860 0.0000e+00
 253.671927      6.381  34.398557     8.2076    3.32676      6.328    32.8592    25.5625 0.0000e+00
 253.671933      6.183  34.419699     8.2652    3.33513      6.131    32.8278    25.5293 0.0000e+00
 253.671939      6.006  34.445265     8.3149    3.33777      5.956    32.8085    25.5068 0.0000e+00
 253.671944      5.853  34.464515     8.3414    3.37242      5.804    32.8042    25.4995 -9.990e-29
 253.671950      5.729  34.478464     8.3546    3.36833      5.681    32.8067    25.4995 -9.990e-29
 253.671956      5.630  34.498429     8.3615    3.33503      5.583    32.8214    25.5100 -9.990e-29
 253.671962      5.550  34.513480     8.3651    3.34431      5.504    32.8339    25.5193 -9.990e-29
 253.671968      5.483  34.517902     8.3752    3.34909      5.437    32.8292    25.5141 -9.990e-29
 253.671973      5.430  34.525990     8.3992    3.35541      5.385    32.8154    25.4997 -9.990e-29
 253.671979      5.396  34.542357     8.4333    3.33730      5.351    32.8009    25.4832 -9.990e-29
 253.671985      5.379  34.551273     8.4576    3.30292      5.334    32.7877    25.4692 -9.990e-29
 253.671991      5.368  34.526516     8.4381    3.28962      5.323    32.7798    25.4659 -9.990e-29
 253.671997      5.360  34.473743     8.3709    3.29561      5.315    32.7867    25.4814 -9.990e-29
 253.672002      5.353  34.436910     8.3037    3.29202      5.308    32.8104    25.5100 -9.990e-29
 253.672008      5.347  34.427416     8.2703    3.29838      5.302    32.8316    25.5315 -9.990e-29
 253.672014      5.342  34.426975     8.2621    3.28416      5.297    32.8388    25.5384 -9.990e-29
 253.672020      5.337  34.428816     8.2584    3.27662      5.292    32.8442    25.5432 -9.990e-29
 253.672025      5.332  34.431459     8.2464    3.28429      5.287    32.8582    25.5560 -9.990e-29
 253.672031      5.327  34.433938     8.2323    3.29607      5.282    32.8740    25.5705 -9.990e-29
 253.672037      5.322  34.437871     8.2275    3.36051      5.278    32.8827    25.5780 -9.990e-29
 253.672043      5.315  34.445131     8.2352    3.40898      5.271    32.8832    25.5772 -9.990e-29
 253.672049      5.308  34.454182     8.2516    3.42043      5.264    32.8774    25.5703 -9.990e-29
 253.672054      5.298  34.461952     8.2668    3.41035      5.254    32.8714    25.5633 -9.990e-29
 253.672060      5.290  34.468149     8.2777    3.43090      5.246    32.8678    25.5589 -9.990e-29
 253.672066      5.293  34.481593     8.2966    3.46081      5.249    32.8643    25.5534 -9.990e-29
 253.672072      5.305  34.514601     8.3406    3.50033      5.261    32.8581    25.5419 -9.990e-29
 253.672078      5.320  34.575872     8.4016    3.54122      5.276    32.8659    25.5389 -9.990e-29
 253.672083      5.334  34.635578     8.4386    3.52829      5.289    32.8943    25.5556 -9.990e-29
 253.672089      5.343  34.642193     8.4388    3.51828      5.298    32.9011    25.5609 -9.990e-29
 253.672095      5.341  34.610148     8.4401    3.53225      5.296    32.8661    25.5333 -9.990e-29
 253.672101      5.325  34.591423     8.4659    3.54383      5.280    32.8223    25.4951 -9.990e-29
 253.672106      5.309  34.599709     8.5102    3.56260      5.265    32.7898    25.4630 -9.990e-29
 253.672112      5.304  34.630912     8.5753    3.59022      5.260    32.7621    25.4314 -9.990e-29
 253.672118      5.310  34.682363     8.6478    3.61329      5.266    32.7489    25.4101 -9.990e-29
 253.672124      5.319  34.719551     8.6937    3.63144      5.275    32.7454    25.4003 -9.990e-29
 253.672130      5.322  34.720330     8.7100    3.62168      5.278    32.7311    25.3866 -9.990e-29
 253.672135      5.316  34.713768     8.7096    3.62797      5.272    32.7246    25.3816 -9.990e-29
 253.672141      5.304  34.715773     8.6987    3.63412      5.260    32.7368    25.3928 -9.990e-29
 253.672147      5.294  34.716682     8.6942    3.64101      5.250    32.7419    25.3975 -9.990e-29
 253.672153      5.295  34.721065     8.7179    3.63326      5.251    32.7246    25.3803 -9.990e-29
 253.672159      5.306  34.745961     8.7663    3.63591      5.262    32.7059    25.3583 -9.990e-29
 253.672164      5.319  34.774679     8.8046    3.65695      5.275    32.7005    25.3482 -9.990e-29
 253.672170      5.331  34.774334     8.8165    3.66887      5.286    32.6892    25.3375 -9.990e-29
 253.672176      5.339  34.764084     8.8147    3.68326      5.294    32.6801    25.3307 -9.990e-29
 253.672182      5.334  34.768932     8.8085    3.69260      5.289    32.6909    25.3401 -9.990e-29
 253.672188      5.316  34.775720     8.8009    3.69671      5.272    32.7050    25.3523 -9.990e-29
 253.672193      5.297  34.778359     8.8021    3.68789      5.253    32.7067    25.3534 -9.990e-29
 253.672199      5.289  34.789326     8.8206    3.67380      5.245    32.7011    25.3462 -9.990e-29
 253.672205      5.294  34.810345     8.8426    3.65757      5.250    32.7027    25.3441 -9.990e-29
 253.672211      5.306  34.822360     8.8535    3.66686      5.262    32.7052    25.3443 -9.990e-29
 253.672216      5.311  34.817851     8.8544    3.69471      5.267    32.6996    25.3399 -9.990e-29
 253.672222      5.311  34.811539     8.8484    3.69982      5.267    32.6986    25.3400 -9.990e-29
 253.672228      5.305  34.809011     8.8379    3.68714      5.261    32.7056    25.3471 -9.990e-29
 253.672234      5.288  34.805770     8.8274    3.67219      5.244    32.7120    25.3537 -9.990e-29
 253.672240      5.268  34.801968     8.8220    3.66090      5.224    32.7130    25.3553 -9.990e-29
 253.672245      5.257  34.799252     8.8248    3.66973      5.213    32.7076    25.3506 -9.990e-29
 253.672251      5.258  34.800716     8.8328    3.67424      5.214    32.7017    25.3448 -9.990e-29
 253.672257      5.266  34.803822     8.8393    3.68194      5.222    32.6989    25.3416 -9.990e-29
 253.672263      5.275  34.802057     8.8412    3.68408      5.231    32.6954    25.3385 -9.990e-29
 253.672269      5.280  34.799788     8.8414    3.68695      5.236    32.6928    25.3365 -9.990e-29
 253.672274      5.281  34.802388     8.8449    3.68539      5.237    32.6923    25.3356 -9.990e-29
 253.672280      5.283  34.810514     8.8517    3.68062      5.239    32.6945    25.3362 -9.990e-29
 253.672286      5.290  34.820424     8.8584    3.69539      5.246    32.6986    25.3385 -9.990e-29
 253.672292      5.298  34.824589     8.8634    3.69496      5.254    32.6984    25.3375 -9.990e-29
 253.672297      5.304  34.824074     8.8666    3.69466      5.260    32.6949    25.3342 -9.990e-29
 253.672303      5.308  34.823234     8.8676    3.68270      5.264    32.6931    25.3327 -9.990e-29
 253.672309      5.310  34.823186     8.8669    3.67398      5.266    32.6937    25.3333 -9.990e-29
 253.672315      5.311  34.821622     8.8658    3.68971      5.267    32.6931    25.3329 -9.990e-29
 253.672321      5.305  34.814773     8.8667    3.70300      5.261    32.6851    25.3266 -9.990e-29
 253.672326      5.289  34.810317     8.8710    3.71539      5.245    32.6765    25.3192 -9.990e-29
 253.672332      5.266  34.815199     8.8752    3.71333      5.222    32.6777    25.3195 -9.990e-29
 253.672338      5.243  34.822478     8.8770    3.71331      5.199    32.6837    25.3239 -9.990e-29
 253.672344      5.227  34.828407     8.8773    3.70926      5.183    32.6896    25.3284 -9.990e-29
 253.672350      5.221  34.833607     8.8769    3.71440      5.177    32.6954    25.3330 -9.990e-29
 253.672355      5.225  34.836043     8.8763    3.72309      5.181    32.6985    25.3355 -9.990e-29
 253.672361      5.234  34.836159     8.8757    3.71301      5.190    32.6991    25.3362 -9.990e-29
 253.672367      5.242  34.835226     8.8758    3.70874      5.198    32.6981    25.3353 -9.990e-29
 253.672373      5.243  34.833118     8.8771    3.69774      5.199    32.6947    25.3325 -9.990e-29
 253.672378      5.239  34.831508     8.8786    3.70392      5.195    32.6916    25.3298 -9.990e-29
 253.672384      5.237  34.831608     8.8796    3.71091      5.193    32.6908    25.3290 -9.990e-29
 253.672390      5.245  34.834671     8.8800    3.70605      5.201    32.6936    25.3312 -9.990e-29
 253.672396      5.257  34.838054     8.8787    3.69032      5.213    32.6983    25.3351 -9.990e-29
 253.672402      5.263  34.835058     8.8751    3.69046      5.219    32.6985    25.3358 -9.990e-29
 253.672407      5.265  34.827851     8.8706    3.68779      5.221    32.6952    25.3338 -9.990e-29
 253.672413      5.262  34.822513     8.8659    3.68473      5.218    32.6939    25.3336 -9.990e-29
 253.672419      5.259  34.820332     8.8596    3.67976      5.215    32.6975    25.3373 -9.990e-29
 253.672425      5.264  34.818956     8.8489    3.66843      5.220    32.7059    25.3456 -9.990e-29
 253.672431      5.278  34.812064     8.8324    3.66296      5.234    32.7139    25.3544 -9.990e-29
 253.672436      5.291  34.801112     8.8148    3.67521      5.247    32.7187    25.3609 -9.990e-29
 253.672442      5.302  34.798954     8.8034    3.69031      5.258    32.7270    25.3691 -9.990e-29
 253.672448      5.307  34.803830     8.8001    3.69857      5.263    32.7351    25.3760 -9.990e-29
 253.672454      5.301  34.804303     8.8012    3.69765      5.257    32.7346    25.3754 -9.990e-29
 253.672459      5.289  34.802680     8.8022    3.69026      5.245    32.7320    25.3732 -9.990e-29
 253.672465      5.274  34.802398     8.8028    3.68687      5.230    32.7311    25.3725 -9.990e-29
 253.672471      5.259  34.804200     8.8044    3.70291      5.215    32.7316    25.3725 -9.990e-29
 253.672477      5.247  34.810488     8.8075    3.70585      5.203    32.7353    25.3750 -9.990e-29
 253.672483      5.239  34.818436     8.8116    3.71306      5.195    32.7398    25.3779 -9.990e-29
 253.672488      5.233  34.824071     8.8146    3.70172      5.189    32.7429    25.3799 -9.990e-29
 253.672494      5.229  34.823136     8.8159    3.70932      5.185    32.7407    25.3780 -9.990e-29
