data/oxygen options/ONMS/Olympic_Coast_National_Marine_Sanctuary_CTD_Data_2005_2023/raw_data/2007/CTD_CE015_060607faed.cnv
* Sea-Bird SBE19 Data File:
* FileName = C:\2007_mooring_data\CTD_CE015_060607.hex
* Software Version 1.1.6
* Temperature SN = 2997
* Conductivity SN = 2997
* System UpLoad Time = Jun 06 2007 13:58:58
* SEACAT PROFILER V3.1c SN 2997   06/06/07  13:58:15.426
* strain gauge pressure sensor: S/N = 184829,  range = 3000 psia,  tc = 40
# nquan = 9                                 
# nvalues = 1263                        
# units = specified
# name 0 = timeJ: Julian Days
# name 1 = prSM: Pressure, Strain Gauge [db]
# name 2 = c0mS/cm: Conductivity [mS/cm]
# name 3 = t090C: Temperature [ITS-90, deg C]
# name 4 = oxML/L: Oxygen, Beckman/YSI [ml/l]
# name 5 = depSM: Depth [salt water, m], lat = 47.5
# name 6 = sal00: Salinity, Practical [PSU]
# name 7 = sigma-é00: Density [sigma-theta, kg/m^3]
# name 8 = flag: flag
# span 0 = 157.565046, 157.572350       
# span 1 =     -5.509,     13.291       
# span 2 =   0.587731,  37.496243       
# span 3 =    10.6814,    12.6577       
# span 4 =  -13.65321,   33.23622       
# span 5 =     -5.463,     13.180       
# span 6 =     0.3792,    32.9968       
# span 7 =    -0.2764,    25.2694       
# span 8 = 0.0000e+00, 0.0000e+00       
# interval = seconds: 0.5
# start_time = Jun 06 2007 13:33:40 [Instrument's time stamp, header]
# bad_flag = -9.990e-29
*END*
[from data line 961]
 157.570608      4.857  37.313166    11.4650    7.89999      4.816    32.8590    25.0254 -9.990e-29
 157.570613      4.857  37.313519    11.4657    7.91015      4.816    32.8587    25.0250 -9.990e-29
 157.570619      4.852  37.313927    11.4668    7.91305      4.811    32.8582    25.0244 -9.990e-29
 157.570625      4.847  37.314365    11.4680    7.91285      4.806    32.8575    25.0237 -9.990e-29
 157.570631      4.845  37.314474    11.4687    7.90758      4.805    32.8570    25.0231 -9.990e-29
 157.570637      4.845  37.314397    11.4688    7.90662      4.805    32.8569    25.0230 -9.990e-29
 157.570642      4.849  37.314774    11.4691    7.90098      4.808    32.8570    25.0230 -9.990e-29
 157.570648      4.857  37.315540    11.4695    7.90065      4.816    32.8573    25.0233 -9.990e-29
 157.570654      4.863  37.315658    11.4697    7.90272      4.822    32.8573    25.0232 -9.990e-29
 157.570660      4.866  37.315282    11.4700    7.90186      4.825    32.8566    25.0226 -9.990e-29
 157.570666      4.864  37.315589    11.4707    7.90965      4.823    32.8563    25.0222 -9.990e-29
 157.570671      4.858  37.316426    11.4715    7.90615      4.817    32.8564    25.0222 -9.990e-29
 157.570677      4.852  37.317224    11.4722    7.90298      4.811    32.8566    25.0222 -9.990e-29
 157.570683      4.849  37.317922    11.4728    7.90196      4.808    32.8568    25.0222 -9.990e-29
 157.570689      4.845  37.318328    11.4731    7.89333      4.805    32.8569    25.0222 -9.990e-29
 157.570694      4.836  37.318422    11.4733    7.89642      4.796    32.8568    25.0221 -9.990e-29
 157.570700      4.825  37.318326    11.4735    7.90373      4.785    32.8565    25.0219 -9.990e-29
 157.570706      4.820  37.317909    11.4733    7.90509      4.780    32.8563    25.0218 -9.990e-29
 157.570712      4.824  37.316613    11.4727    7.90294      4.784    32.8556    25.0213 -9.990e-29
 157.570718      4.831  37.314951    11.4722    7.89948      4.791    32.8544    25.0205 -9.990e-29
 157.570723      4.832  37.314630    11.4715    7.89667      4.792    32.8547    25.0208 -9.990e-29
 157.570729      4.830  37.315217    11.4704    7.89784      4.790    32.8562    25.0222 -9.990e-29
 157.570735      4.830  37.315250    11.4692    7.90602      4.790    32.8573    25.0233 -9.990e-29
 157.570741      4.832  37.314770    11.4687    7.91418      4.792    32.8573    25.0234 -9.990e-29
 157.570747      4.837  37.314257    11.4689    7.91566      4.797    32.8566    25.0228 -9.990e-29
 157.570752      4.844  37.314146    11.4690    7.91394      4.804    32.8564    25.0226 -9.990e-29
 157.570758      4.849  37.314288    11.4689    7.90389      4.808    32.8567    25.0228 -9.990e-29
 157.570764      4.850  37.314306    11.4689    7.90680      4.809    32.8567    25.0228 -9.990e-29
 157.570770      4.845  37.314784    11.4691    7.90899      4.805    32.8570    25.0230 -9.990e-29
 157.570775      4.835  37.315793    11.4693    7.90926      4.795    32.8578    25.0236 -9.990e-29
 157.570781      4.819  37.316434    11.4696    7.91019      4.779    32.8582    25.0239 -9.990e-29
 157.570787      4.796  37.316438    11.4702    7.90666      4.756    32.8576    25.0233 -9.990e-29
 157.570793      4.772  37.316368    11.4711    7.91395      4.732    32.8568    25.0225 -9.990e-29
 157.570799      4.760  37.316689    11.4720    7.91489      4.720    32.8563    25.0220 -9.990e-29
 157.570804      4.762  37.317267    11.4730    7.90930      4.722    32.8560    25.0215 -9.990e-29
 157.570810      4.780  37.317751    11.4737    7.90433      4.740    32.8558    25.0213 -9.990e-29
 157.570816      4.810  37.317659    11.4731    7.90296      4.770    32.8562    25.0217 -9.990e-29
 157.570822      4.840  37.316868    11.4714    7.91126      4.800    32.8570    25.0226 -9.990e-29
 157.570828      4.860  37.316002    11.4702    7.90923      4.819    32.8572    25.0230 -9.990e-29
 157.570833      4.867  37.315584    11.4703    7.91207      4.826    32.8567    25.0226 -9.990e-29
 157.570839      4.866  37.315617    11.4709    7.90533      4.825    32.8562    25.0221 -9.990e-29
 157.570845      4.865  37.316142    11.4717    7.90924      4.824    32.8560    25.0218 -9.990e-29
 157.570851      4.868  37.317296    11.4732    7.91416      4.827    32.8558    25.0214 -9.990e-29
 157.570856      4.875  37.318933    11.4752    7.91788      4.834    32.8556    25.0209 -9.990e-29
 157.570862      4.884  37.320429    11.4765    7.91958      4.843    32.8559    25.0209 -9.990e-29
 157.570868      4.885  37.320973    11.4771    7.92350      4.844    32.8559    25.0208 -9.990e-29
 157.570874      4.874  37.320726    11.4774    7.92486      4.833    32.8554    25.0203 -9.990e-29
 157.570880      4.856  37.320478    11.4776    7.91427      4.815    32.8550    25.0199 -9.990e-29
 157.570885      4.833  37.320459    11.4777    7.90440      4.793    32.8549    25.0199 -9.990e-29
 157.570891      4.807  37.320638    11.4775    7.90667      4.767    32.8553    25.0202 -9.990e-29
 157.570897      4.792  37.320691    11.4774    7.90838      4.752    32.8554    25.0203 -9.990e-29
 157.570903      4.793  37.320689    11.4778    7.92037      4.753    32.8550    25.0200 -9.990e-29
 157.570909      4.806  37.321185    11.4782    7.92520      4.766    32.8552    25.0200 -9.990e-29
 157.570914      4.824  37.321717    11.4784    7.91492      4.784    32.8555    25.0202 -9.990e-29
 157.570920      4.840  37.321872    11.4786    7.90233      4.800    32.8555    25.0201 -9.990e-29
 157.570926      4.846  37.321853    11.4789    7.89868      4.805    32.8552    25.0199 -9.990e-29
 157.570932      4.842  37.321629    11.4791    7.90328      4.802    32.8548    25.0195 -9.990e-29
 157.570938      4.840  37.321461    11.4793    7.91182      4.800    32.8544    25.0192 -9.990e-29
 157.570943      4.851  37.321686    11.4795    7.91543      4.810    32.8545    25.0192 -9.990e-29
 157.570949      4.869  37.322040    11.4797    7.92123      4.828    32.8546    25.0193 -9.990e-29
 157.570955      4.887  37.321871    11.4799    7.91935      4.846    32.8543    25.0190 -9.990e-29
 157.570961      4.898  37.320950    11.4802    7.91966      4.857    32.8531    25.0180 -9.990e-29
 157.570966      4.894  37.320290    11.4805    7.91209      4.853    32.8522    25.0173 -9.990e-29
 157.570972      4.870  37.320690    11.4812    7.90530      4.829    32.8520    25.0170 -9.990e-29
 157.570978      4.834  37.321558    11.4821    7.90515      4.794    32.8521    25.0169 -9.990e-29
 157.570984      4.801  37.322367    11.4829    7.91337      4.761    32.8522    25.0168 -9.990e-29
 157.570990      4.789  37.323074    11.4835    7.91817      4.749    32.8523    25.0168 -9.990e-29
 157.570995      4.807  37.323499    11.4835    7.91145      4.767    32.8527    25.0171 -9.990e-29
 157.571001      4.834  37.323647    11.4832    7.90823      4.794    32.8531    25.0175 -9.990e-29
 157.571007      4.850  37.323711    11.4831    7.90493      4.809    32.8533    25.0176 -9.990e-29
 157.571013      4.853  37.323772    11.4832    7.89929      4.812    32.8532    25.0176 -9.990e-29
 157.571019      4.842  37.323907    11.4836    7.90134      4.802    32.8530    25.0173 -9.990e-29
 157.571024      4.821  37.324294    11.4843    7.90615      4.781    32.8528    25.0170 -9.990e-29
 157.571030      4.801  37.324886    11.4853    7.90432      4.761    32.8525    25.0166 -9.990e-29
 157.571036      4.795  37.325349    11.4866    7.90588      4.755    32.8518    25.0158 -9.990e-29
 157.571042      4.806  37.325738    11.4877    7.89726      4.766    32.8512    25.0152 -9.990e-29
 157.571047      4.830  37.326010    11.4882    7.89365      4.790    32.8510    25.0149 -9.990e-29
 157.571053      4.856  37.325964    11.4882    7.89679      4.815    32.8509    25.0149 -9.990e-29
 157.571059      4.873  37.326096    11.4881    7.89675      4.832    32.8512    25.0151 -9.990e-29
 157.571065      4.882  37.326577    11.4881    7.90662      4.841    32.8516    25.0154 -9.990e-29
 157.571071      4.892  37.326925    11.4882    7.90867      4.851    32.8519    25.0156 -9.990e-29
 157.571076      4.904  37.327043    11.4883    7.91587      4.863    32.8519    25.0156 -9.990e-29
 157.571082      4.914  37.327083    11.4885    7.91035      4.873    32.8518    25.0154 -9.990e-29
 157.571088      4.923  37.327098    11.4886    7.90532      4.882    32.8517    25.0154 -9.990e-29
 157.571094      4.928  37.327104    11.4888    7.90160      4.887    32.8515    25.0152 -9.990e-29
 157.571100      4.923  37.327108    11.4891    7.90749      4.882    32.8512    25.0149 -9.990e-29
 157.571105      4.914  37.327111    11.4892    7.91250      4.873    32.8512    25.0149 -9.990e-29
 157.571111      4.908  37.327114    11.4893    7.91202      4.867    32.8511    25.0148 -9.990e-29
 157.571117      4.909  37.327120    11.4895    7.91022      4.868    32.8509    25.0146 -9.990e-29
 157.571123      4.917  37.327137    11.4894    7.90701      4.876    32.8510    25.0147 -9.990e-29
 157.571128      4.929  37.327184    11.4893    7.89996      4.888    32.8511    25.0148 -9.990e-29
 157.571134      4.936  37.327321    11.4895    7.89897      4.895    32.8511    25.0148 -9.990e-29
 157.571140      4.935  37.327725    11.4900    7.90546      4.894    32.8510    25.0146 -9.990e-29
 157.571146      4.929  37.328373    11.4906    7.92197      4.888    32.8511    25.0146 -9.990e-29
 157.571152      4.928  37.329004    11.4907    7.92801      4.887    32.8517    25.0150 -9.990e-29
 157.571157      4.931  37.329338    11.4905    7.93123      4.890    32.8522    25.0154 -9.990e-29
 157.571163      4.930  37.329255    11.4906    7.92142      4.889    32.8520    25.0153 -9.990e-29
 157.571169      4.924  37.329204    11.4911    7.91328      4.883    32.8515    25.0148 -9.990e-29
 157.571175      4.922  37.329673    11.4916    7.91164      4.881    32.8515    25.0147 -9.990e-29
 157.571181      4.929  37.330725    11.4922    7.91696      4.888    32.8520    25.0150 -9.990e-29
 157.571186      4.939  37.332081    11.4928    7.92696      4.898    32.8528    25.0155 -9.990e-29
 157.571192      4.941  37.332741    11.4937    7.92868      4.900    32.8527    25.0152 -9.990e-29
 157.571198      4.926  37.332458    11.4950    7.92760      4.885    32.8512    25.0139 -9.990e-29
 157.571204      4.903  37.332537    11.4962    7.91537      4.862    32.8503    25.0129 -9.990e-29
 157.571209      4.882  37.333081    11.4971    7.91213      4.841    32.8500    25.0125 -9.990e-29
 157.571215      4.871  37.333691    11.4981    7.90989      4.830    32.8497    25.0121 -9.990e-29
 157.571221      4.873  37.334617    11.4991    7.91721      4.832    32.8497    25.0120 -9.990e-29
 157.571227      4.884  37.335412    11.5000    7.92352      4.843    32.8497    25.0118 -9.990e-29
 157.571233      4.901  37.336011    11.5008    7.93016      4.860    32.8496    25.0115 -9.990e-29
 157.571238      4.924  37.336648    11.5014    7.92985      4.883    32.8497    25.0115 -9.990e-29
 157.571244      4.951  37.337049    11.5015    7.92663      4.910    32.8500    25.0117 -9.990e-29
 157.571250      4.975  37.337184    11.5015    7.92507      4.933    32.8501    25.0118 -9.990e-29
 157.571256      4.989  37.337231    11.5021    7.92211      4.947    32.8496    25.0113 -9.990e-29
 157.571262      4.990  37.337250    11.5030    7.92188      4.948    32.8488    25.0105 -9.990e-29
 157.571267      4.981  37.337262    11.5037    7.92869      4.939    32.8482    25.0099 -9.990e-29
 157.571273      4.971  37.337280    11.5040    7.93530      4.929    32.8479    25.0097 -9.990e-29
 157.571279      4.964  37.337328    11.5044    7.93685      4.923    32.8476    25.0094 -9.990e-29
 157.571285      4.954  37.337469    11.5050    7.93482      4.913    32.8473    25.0090 -9.990e-29
 157.571291      4.942  37.337887    11.5057    7.92501      4.901    32.8470    25.0087 -9.990e-29
 157.571296      4.935  37.338576    11.5063    7.92558      4.894    32.8472    25.0087 -9.990e-29
 157.571302      4.936  37.339332    11.5068    7.93307      4.895    32.8475    25.0088 -9.990e-29
 157.571308      4.947  37.340041    11.5075    7.93196      4.906    32.8476    25.0087 -9.990e-29
 157.571314      4.962  37.340522    11.5085    7.92914      4.921    32.8471    25.0082 -9.990e-29
 157.571319      4.976  37.340854    11.5095    7.92543      4.934    32.8466    25.0076 -9.990e-29
 157.571325      4.983  37.341289    11.5103    7.92153      4.941    32.8463    25.0072 -9.990e-29
 157.571331      4.985  37.341847    11.5109    7.92427      4.943    32.8463    25.0071 -9.990e-29
 157.571337      4.982  37.342526    11.5116    7.92598      4.940    32.8463    25.0070 -9.990e-29
 157.571343      4.979  37.342553    11.5117    7.92501      4.937    32.8463    25.0070 -9.990e-29
 157.571348      4.978  37.341780    11.5110    7.93932      4.936    32.8461    25.0070 -9.990e-29
 157.571354      4.980  37.341426    11.5101    7.93541      4.938    32.8466    25.0075 -9.990e-29
 157.571360      4.985  37.341020    11.5096    7.93336      4.943    32.8466    25.0076 -9.990e-29
 157.571366      4.981  37.340025    11.5102    7.92303      4.939    32.8451    25.0064 -9.990e-29
 157.571372      4.954  37.339921    11.5115    7.91567      4.913    32.8439    25.0051 -9.990e-29
 157.571377      4.916  37.341134    11.5130    7.92010      4.875    32.8438    25.0048 -9.990e-29
 157.571383      4.885  37.342483    11.5145    7.91992      4.844    32.8438    25.0045 -9.990e-29
 157.571389      4.873  37.343527    11.5155    7.92952      4.832    32.8439    25.0044 -9.990e-29
 157.571395      4.878  37.343982    11.5153    7.93515      4.837    32.8445    25.0049 -9.990e-29
 157.571400      4.889  37.343340    11.5147    7.92815      4.848    32.8444    25.0050 -9.990e-29
 157.571406      4.893  37.342429    11.5145    7.92230      4.852    32.8437    25.0045 -9.990e-29
 157.571412      4.885  37.342278    11.5150    7.90645      4.844    32.8431    25.0039 -9.990e-29
 157.571418      4.871  37.342691    11.5162    7.89707      4.830    32.8425    25.0032 -9.990e-29
 157.571424      4.856  37.343661    11.5182    7.91200      4.815    32.8416    25.0022 -9.990e-29
 157.571429      4.850  37.345366    11.5202    7.92444      4.809    32.8415    25.0017 -9.990e-29
 157.571435      4.860  37.346718    11.5207    7.93976      4.819    32.8424    25.0023 -9.990e-29
 157.571441      4.887  37.346160    11.5187    7.94071      4.846    32.8436    25.0036 -9.990e-29
 157.571447      4.920  37.342955    11.5150    7.93305      4.879    32.8438    25.0044 -9.990e-29
 157.571453      4.943  37.337880    11.5125    7.93486      4.902    32.8410    25.0027 -9.990e-29
 157.571458      4.946  37.334822    11.5123    7.92500      4.905    32.8382    25.0006 -9.990e-29
 157.571464      4.929  37.336435    11.5137    7.92381      4.888    32.8385    25.0006 -9.990e-29
 157.571470      4.902  37.339829    11.5161    7.91753      4.861    32.8397    25.0011 -9.990e-29
 157.571476      4.878  37.342804    11.5193    7.91303      4.837    32.8398    25.0006 -9.990e-29
 157.571481      4.859  37.345965    11.5231    7.91029      4.818    32.8395    24.9997 -9.990e-29
 157.571487      4.844  37.349046    11.5269    7.90425      4.804    32.8392    24.9987 -9.990e-29
 157.571493      4.837  37.351113    11.5299    7.89135      4.797    32.8386    24.9977 -9.990e-29
 157.571499      4.844  37.352125    11.5321    7.89350      4.804    32.8376    24.9965 -9.990e-29
 157.571505      4.868  37.352875    11.5337    7.89380      4.827    32.8369    24.9957 -9.990e-29
 157.571510      4.901  37.353246    11.5341    7.91316      4.860    32.8369    24.9956 -9.990e-29
 157.571516      4.935  37.352053    11.5329    7.92354      4.894    32.8368    24.9957 -9.990e-29
 157.571522      4.966  37.349954    11.5309    7.91590      4.924    32.8365    24.9959 -9.990e-29
