data/oxygen options/ONMS/Olympic_Coast_National_Marine_Sanctuary_CTD_Data_2005_2023/raw_data/2007/CTD_MB042_052907faedb.cnv
* Sea-Bird SBE19 Data File:
* FileName = C:\2007_mooring_data\CTD_MB042_052907.hex
* Software Version 1.1.6
* Temperature SN = 2997
* Conductivity SN = 2997
* System UpLoad Time = May 29 2007 12:05:54
* SEACAT PROFILER V3.1c SN 2997   05/29/07  12:05:27.273
* strain gauge pressure sensor: S/N = 184829,  range = 3000 psia,  tc = 40
# nquan = 9
# nvalues = 44                          
# units = specified
# name 0 = timeJ: Julian Days
# name 1 = prSM: Pressure, Strain Gauge [db]
# name 2 = c0mS/cm: Conductivity [mS/cm]
# name 3 = t090C: Temperature [ITS-90, deg C]
# name 4 = oxML/L: Oxygen, Beckman/YSI [ml/l]
# name 5 = depSM: Depth [salt water, m], lat = 47.5
# name 6 = sal00: Salinity, Practical [PSU]
# name 7 = sigma-é00: Density [sigma-theta, kg/m^3]
# name 8 = flag: flag
# span 0 = 149.487690, 149.712934       
# span 1 =      1.000,     45.000       
# span 2 =  34.012732,  34.893203       
# span 3 =     6.7365,     8.5469       
# span 4 =    2.49245,    4.44268       
# span 5 =      0.992,     44.620       
# span 6 =    33.0664,    33.8542       
# span 7 =    25.6741,    26.5425       
# span 8 = 0.0000e+00, 0.0000e+00       
# interval = decibars: 1                
# start_time = May 29 2007 11:38:10 [Instrument's time stamp, header]
# bad_flag = -9.990e-29
*END*
 149.487690      1.000  34.893203     8.5469    4.44268      0.992    33.0664    25.6741 0.0000e+00
 149.487717      2.000  34.792606     8.4238    4.40497      1.983    33.0754    25.6998 0.0000e+00
 149.487738      3.000  34.771704     8.3870    4.37255      2.975    33.0874    25.7148 0.0000e+00
 149.487757      4.000  34.761888     8.3665    4.30394      3.967    33.0959    25.7245 0.0000e+00
 149.487774      5.000  34.742084     8.3175    4.18935      4.958    33.1207    25.7512 0.0000e+00
 149.487790      6.000  34.701375     8.2528    4.00882      5.950    33.1380    25.7745 0.0000e+00
 149.487806      7.000  34.634790     8.1330    3.77107      6.941    33.1800    25.8252 0.0000e+00
 149.487823      8.000  34.535612     7.9630    3.58017      7.933    33.2352    25.8935 0.0000e+00
 149.487839      9.000  34.444517     7.7834    3.49173      8.924    33.3082    25.9769 0.0000e+00
 149.487854     10.000  34.398438     7.6941    3.43912      9.916    33.3437    26.0177 0.0000e+00
 149.487869     11.000  34.383494     7.6613    3.41382     10.908    33.3586    26.0340 0.0000e+00
 149.487884     12.000  34.372336     7.6384    3.37605     11.899    33.3681    26.0448 0.0000e+00
 149.487897     13.000  34.359719     7.6048    3.29719     12.891    33.3863    26.0638 0.0000e+00
 149.487911     14.000  34.338297     7.5617    3.18487     13.883    33.4041    26.0840 0.0000e+00
 149.487925     15.000  34.320292     7.5231    3.03623     14.874    33.4213    26.1030 0.0000e+00
 149.487939     16.000  34.288563     7.4266    2.90135     15.866    33.4796    26.1624 0.0000e+00
 149.487951     17.000  34.241968     7.3444    2.86587     16.857    33.5081    26.1964 0.0000e+00
 149.487964     18.000  34.221137     7.2969    2.85509     17.849    33.5310    26.2210 0.0000e+00
 149.487977     19.000  34.209678     7.2651    2.83587     18.841    33.5489    26.2395 0.0000e+00
 149.487990     20.000  34.204899     7.2470    2.79495     19.832    33.5608    26.2513 0.0000e+00
 149.488002     21.000  34.191982     7.1899    2.72026     20.824    33.6018    26.2916 0.0000e+00
 149.488015     22.000  34.159752     7.1140    2.67293     21.815    33.6400    26.3322 0.0000e+00
 149.488028     23.000  34.140491     7.0630    2.64178     22.807    33.6683    26.3615 0.0000e+00
 149.488041     24.000  34.122441     7.0202    2.61960     23.798    33.6898    26.3843 0.0000e+00
 149.488054     25.000  34.107649     6.9904    2.60792     24.790    33.7023    26.3982 0.0000e+00
 149.488067     26.000  34.099841     6.9628    2.60728     25.781    33.7203    26.4162 0.0000e+00
 149.488081     27.000  34.088715     6.9385    2.60095     26.773    33.7315    26.4283 0.0000e+00
 149.488095     28.000  34.085640     6.9310    2.60098     27.764    33.7350    26.4321 0.0000e+00
 149.488109     29.000  34.084536     6.9293    2.60719     28.756    33.7349    26.4322 0.0000e+00
 149.488123     30.000  34.084729     6.9287    2.61269     29.747    33.7353    26.4326 0.0000e+00
 149.488137     31.000  34.084419     6.9276    2.60925     30.739    33.7355    26.4329 0.0000e+00
 149.488151     32.000  34.084477     6.9281    2.61150     31.730    33.7346    26.4321 0.0000e+00
 149.488166     33.000  34.084230     6.9256    2.60055     32.722    33.7362    26.4338 0.0000e+00
 149.488181     34.000  34.081110     6.9148    2.59467     33.714    33.7429    26.4405 0.0000e+00
 149.488199     35.000  34.072124     6.8866    2.58476     34.705    33.7603    26.4580 0.0000e+00
 149.488225     36.000  34.069783     6.8805    2.57479     35.696    33.7633    26.4612 0.0000e+00
 149.488262     37.000  34.059335     6.8524    2.54946     36.688    33.7789    26.4774 0.0000e+00
 149.712934     39.000  34.093917     6.8182    2.50394     38.671    33.8542    26.5425 0.0000e+00
 149.488389     40.000  34.022880     6.7653    2.49380     39.662    33.8230    26.5239 0.0000e+00
 149.488409     41.000  34.017867     6.7514    2.49580     40.654    33.8307    26.5318 0.0000e+00
 149.488429     42.000  34.014252     6.7408    2.49937     41.645    33.8366    26.5379 0.0000e+00
 149.488446     43.000  34.012732     6.7365    2.49322     42.637    33.8387    26.5401 0.0000e+00
 149.488464     44.000  34.013689     6.7367    2.49245     43.628    33.8391    26.5404 0.0000e+00
 149.488487     45.000  34.015775     6.7384    2.50067     44.620    33.8393    26.5403 0.0000e+00
