data/oxygen options/ONMS/Olympic_Coast_National_Marine_Sanctuary_CTD_Data_2005_2023/raw_data/2007/CTD_CA065_080707faed.cnv
* Sea-Bird SBE19 Data File:
* FileName = C:\2007_mooring_data\CTD_CA065_080707.hex
* Software Version 1.1.6
* Temperature SN = 2997
* Conductivity SN = 2997
* System UpLoad Time = Aug 07 2007 14:03:03
* SEACAT PROFILER V3.1c SN 2997   08/07/07  14:02:28.748
* strain gauge pressure sensor: S/N = 184829,  range = 3000 psia,  tc = 40
# nquan = 9                                 
# nvalues = 1983                        
# units = specified
# name 0 = timeJ: Julian Days
# name 1 = prSM: Pressure, Strain Gauge [db]
# name 2 = c0mS/cm: Conductivity [mS/cm]
# name 3 = t090C: Temperature [ITS-90, deg C]
# name 4 = oxML/L: Oxygen, Beckman/YSI [ml/l]
# name 5 = depSM: Depth [salt water, m], lat = 47.5
# name 6 = sal00: Salinity, Practical [PSU]
# name 7 = sigma-é00: Density [sigma-theta, kg/m^3]
# name 8 = flag: flag
# span 0 = 219.558993, 219.570463       
# span 1 =     -5.414,     64.091       
# span 2 =   0.639723,  37.938804       
# span 3 =     7.0415,    14.5027       
# span 4 =   -0.06913,   30.22631       
# span 5 =     -5.369,     63.546       
# span 6 =     0.3955,    33.6835       
# span 7 =    -0.5075,    26.3737       
# span 8 = 0.0000e+00, 0.0000e+00       
# interval = seconds: 0.5
# start_time = Aug 07 2007 13:24:57 [Instrument's time stamp, header]
# bad_flag = -9.990e-29
*END*
[from data line 1121]
 219.565480     34.307  34.053776     7.7327    3.07661     34.018    32.9251    25.6835 0.0000e+00
 219.565486     33.882  34.054381     7.7499    3.12375     33.596    32.9097    25.6689 0.0000e+00
 219.565492     33.464  34.054758     7.7605    3.16998     33.182    32.9003    25.6600 0.0000e+00
 219.565498     33.047  34.054289     7.7682    3.23821     32.769    32.8927    25.6530 0.0000e+00
 219.565503     32.619  34.052347     7.7792    3.27502     32.344    32.8804    25.6418 0.0000e+00
 219.565509     32.178  34.049141     7.7945    3.30457     31.907    32.8628    25.6257 0.0000e+00
 219.565515     31.726  34.047118     7.8117    3.30460     31.459    32.8446    25.6090 0.0000e+00
 219.565521     31.259  34.048623     7.8308    3.28559     30.996    32.8285    25.5935 0.0000e+00
 219.565527     30.783  34.053980     7.8531    3.27837     30.524    32.8134    25.5785 0.0000e+00
 219.565532     30.310  34.062488     7.8801    3.27190     30.055    32.7974    25.5621 0.0000e+00
 219.565538     29.847  34.073723     7.9103    3.27154     29.596    32.7812    25.5450 0.0000e+00
 219.565544     29.397  34.085294     7.9352    3.28980     29.150    32.7704    25.5330 0.0000e+00
 219.565550     28.947  34.093581     7.9493    3.29323     28.703    32.7663    25.5276 0.0000e+00
 219.565556     28.490  34.097866     7.9555    3.30986     28.250    32.7652    25.5259 0.0000e+00
 219.565561     28.037  34.099380     7.9590    3.31243     27.801    32.7638    25.5243 0.0000e+00
 219.565567     27.587  34.099581     7.9638    3.31811     27.355    32.7597    25.5204 0.0000e+00
 219.565573     27.133  34.099853     7.9715    3.32049     26.905    32.7530    25.5140 0.0000e+00
 219.565579     26.678  34.101678     7.9820    3.32134     26.454    32.7453    25.5064 0.0000e+00
 219.565584     26.226  34.105804     7.9957    3.32043     26.005    32.7371    25.4980 0.0000e+00
 219.565590     25.782  34.111568     8.0134    3.31138     25.565    32.7269    25.4874 0.0000e+00
 219.565596     25.349  34.118807     8.0380    3.31216     25.136    32.7118    25.4720 0.0000e+00
 219.565602     24.920  34.128768     8.0751    3.29812     24.711    32.6880    25.4479 0.0000e+00
 219.565608     24.486  34.143524     8.1232    3.28905     24.280    32.6590    25.4181 0.0000e+00
 219.565613     24.048  34.162575     8.1723    3.30672     23.846    32.6337    25.3911 0.0000e+00
 219.565619     23.626  34.181626     8.2136    3.33903     23.427    32.6157    25.3709 0.0000e+00
 219.565625     23.240  34.198067     8.2402    3.35460     23.045    32.6086    25.3614 0.0000e+00
 219.565631     22.905  34.210851     8.2496    3.36101     22.713    32.6135    25.3639 0.0000e+00
 219.565637     22.623  34.218537     8.2536    3.35963     22.433    32.6181    25.3668 0.0000e+00
 219.565642     22.392  34.223528     8.2698    3.36826     22.204    32.6084    25.3569 0.0000e+00
 219.565648     22.203  34.231354     8.3091    3.38516     22.017    32.5803    25.3290 0.0000e+00
 219.565654     22.059  34.247959     8.3733    3.39417     21.874    32.5385    25.2867 -9.990e-29
 219.565660     21.959  34.272506     8.4366    3.41486     21.775    32.5059    25.2518 -9.990e-29
 219.565666     21.887  34.289532     8.4663    3.41003     21.703    32.4965    25.2399 -9.990e-29
 219.565671     21.826  34.289806     8.4745    3.39967     21.643    32.4893    25.2330 -9.990e-29
 219.565677     21.769  34.286028     8.4871    3.42508     21.586    32.4737    25.2190 -9.990e-29
 219.565683     21.715  34.288849     8.5006    3.42410     21.533    32.4643    25.2095 -9.990e-29
 219.565689     21.670  34.296981     8.5065    3.40308     21.488    32.4674    25.2111 -9.990e-29
 219.565694     21.636  34.306694     8.5075    3.39534     21.454    32.4767    25.2183 -9.990e-29
 219.565700     21.610  34.311883     8.5074    3.38500     21.429    32.4823    25.2226 -9.990e-29
 219.565706     21.590  34.309936     8.5091    3.38740     21.409    32.4787    25.2195 -9.990e-29
 219.565712     21.580  34.307220     8.5154    3.40094     21.399    32.4700    25.2118 -9.990e-29
 219.565718     21.587  34.310192     8.5192    3.39664     21.406    32.4696    25.2110 -9.990e-29
 219.565723     21.613  34.311604     8.5114    3.40063     21.431    32.4783    25.2189 -9.990e-29
 219.565729     21.640  34.303246     8.5033    3.40786     21.458    32.4770    25.2191 -9.990e-29
 219.565735     21.655  34.295264     8.5083    3.40464     21.473    32.4640    25.2081 -9.990e-29
 219.565741     21.654  34.296619     8.5223    3.40356     21.472    32.4525    25.1971 -9.990e-29
 219.565747     21.636  34.302387     8.5342    3.41725     21.454    32.4476    25.1915 -9.990e-29
 219.565752     21.609  34.308486     8.5393    3.42033     21.428    32.4494    25.1920 -9.990e-29
 219.565758     21.584  34.314082     8.5403    3.41302     21.403    32.4543    25.1958 -9.990e-29
 219.565764     21.560  34.317109     8.5405    3.41156     21.379    32.4573    25.1981 -9.990e-29
 219.565770     21.535  34.317112     8.5401    3.38678     21.354    32.4577    25.1985 -9.990e-29
 219.565775     21.520  34.315773     8.5394    3.38459     21.339    32.4569    25.1980 -9.990e-29
 219.565781     21.523  34.315783     8.5403    3.38673     21.342    32.4561    25.1972 -9.990e-29
 219.565787     21.545  34.318832     8.5399    3.38660     21.364    32.4597    25.2000 -9.990e-29
 219.565793     21.582  34.320574     8.5297    3.38570     21.401    32.4709    25.2104 -9.990e-29
 219.565799     21.623  34.315482     8.5061    3.39257     21.441    32.4872    25.2267 -9.990e-29
 219.565804     21.654  34.305166     8.4812    3.40188     21.472    32.4993    25.2399 -9.990e-29
 219.565810     21.670  34.296600     8.4760    3.40519     21.488    32.4951    25.2374 -9.990e-29
 219.565816     21.670  34.295722     8.4950    3.41392     21.488    32.4767    25.2201 -9.990e-29
 219.565822     21.654  34.301352     8.5199    3.41010     21.472    32.4597    25.2030 -9.990e-29
 219.565828     21.627  34.308100     8.5345    3.41423     21.445    32.4534    25.1959 -9.990e-29
 219.565833     21.594  34.314316     8.5394    3.42957     21.413    32.4554    25.1968 -9.990e-29
 219.565839     21.562  34.319882     8.5406    3.42111     21.381    32.4601    25.2003 -9.990e-29
 219.565845     21.539  34.322693     8.5404    3.42503     21.358    32.4633    25.2028 -9.990e-29
 219.565851     21.530  34.323128     8.5398    3.42724     21.349    32.4643    25.2037 -9.990e-29
 219.565856     21.535  34.323445     8.5406    3.43331     21.354    32.4639    25.2032 -9.990e-29
 219.565862     21.551  34.325182     8.5445    3.42486     21.370    32.4621    25.2013 -9.990e-29
 219.565868     21.578  34.328968     8.5498    3.43385     21.397    32.4612    25.1998 -9.990e-29
 219.565874     21.609  34.332561     8.5531    3.40711     21.428    32.4619    25.1998 -9.990e-29
 219.565880     21.634  34.334021     8.5550    3.38714     21.452    32.4617    25.1994 -9.990e-29
 219.565885     21.650  34.334170     8.5575    3.38726     21.468    32.4596    25.1973 -9.990e-29
 219.565891     21.662  34.333759     8.5595    3.37791     21.480    32.4573    25.1952 -9.990e-29
 219.565897     21.676  34.332237     8.5581    3.38961     21.494    32.4570    25.1952 -9.990e-29
 219.565903     21.687  34.328691     8.5495    3.40107     21.505    32.4611    25.1997 -9.990e-29
 219.565909     21.693  34.322870     8.5299    3.39686     21.511    32.4731    25.2120 -9.990e-29
 219.565914     21.694  34.313734     8.5027    3.40631     21.512    32.4885    25.2282 -9.990e-29
 219.565920     21.685  34.302542     8.4844    3.41301     21.503    32.4936    25.2349 -9.990e-29
 219.565926     21.657  34.297339     8.4928    3.40440     21.475    32.4804    25.2233 -9.990e-29
 219.565932     21.609  34.302384     8.5224    3.42146     21.428    32.4585    25.2017 -9.990e-29
 219.565937     21.554  34.312626     8.5500    3.42766     21.373    32.4439    25.1861 -9.990e-29
 219.565943     21.515  34.322666     8.5656    3.41960     21.334    32.4401    25.1808 -9.990e-29
 219.565949     21.507  34.330205     8.5728    3.42490     21.326    32.4414    25.1808 -9.990e-29
 219.565955     21.524  34.334648     8.5752    3.42557     21.343    32.4438    25.1823 -9.990e-29
 219.565961     21.551  34.336310     8.5752    3.41708     21.370    32.4456    25.1837 -9.990e-29
 219.565966     21.572  34.335909     8.5746    3.42540     21.391    32.4457    25.1839 -9.990e-29
 219.565972     21.576  34.334587     8.5741    3.42974     21.395    32.4448    25.1832 -9.990e-29
 219.565978     21.567  34.333565     8.5732    3.43079     21.386    32.4445    25.1832 -9.990e-29
 219.565984     21.562  34.333717     8.5715    3.43268     21.381    32.4463    25.1848 -9.990e-29
 219.565990     21.569  34.334308     8.5693    3.43392     21.388    32.4489    25.1872 -9.990e-29
 219.565995     21.580  34.333880     8.5684    3.42427     21.399    32.4493    25.1876 -9.990e-29
 219.566001     21.583  34.332979     8.5694    3.42194     21.402    32.4474    25.1860 -9.990e-29
 219.566007     21.574  34.332641     8.5707    3.42002     21.393    32.4459    25.1846 -9.990e-29
 219.566013     21.555  34.332969     8.5711    3.41816     21.374    32.4458    25.1845 -9.990e-29
 219.566019     21.536  34.333839     8.5703    3.42184     21.355    32.4475    25.1859 -9.990e-29
 219.566024     21.522  34.334166     8.5680    3.43067     21.341    32.4500    25.1882 -9.990e-29
 219.566030     21.519  34.333261     8.5655    3.43393     21.338    32.4513    25.1896 -9.990e-29
 219.566036     21.520  34.332718     8.5639    3.43309     21.339    32.4522    25.1906 -9.990e-29
 219.566042     21.522  34.333487     8.5638    3.42925     21.341    32.4531    25.1913 -9.990e-29
 219.566047     21.525  34.335469     8.5657    3.42582     21.344    32.4534    25.1913 -9.990e-29
 219.566053     21.529  34.337942     8.5686    3.41755     21.348    32.4534    25.1908 -9.990e-29
 219.566059     21.534  34.339155     8.5704    3.42514     21.353    32.4530    25.1902 -9.990e-29
 219.566065     21.542  34.339040     8.5706    3.41871     21.361    32.4527    25.1899 -9.990e-29
 219.566071     21.551  34.338562     8.5692    3.41001     21.370    32.4535    25.1908 -9.990e-29
 219.566076     21.564  34.337639     8.5636    3.41799     21.383    32.4576    25.1949 -9.990e-29
 219.566082     21.575  34.334477     8.5565    3.41798     21.394    32.4608    25.1984 -9.990e-29
 219.566088     21.578  34.331021     8.5564    3.42347     21.397    32.4573    25.1957 -9.990e-29
 219.566094     21.569  34.331062     8.5620    3.42485     21.388    32.4522    25.1909 -9.990e-29
 219.566100     21.554  34.332406     8.5667    3.42187     21.373    32.4493    25.1879 -9.990e-29
 219.566105     21.552  34.333481     8.5691    3.41339     21.371    32.4482    25.1867 -9.990e-29
 219.566111     21.564  34.334598     8.5698    3.42727     21.383    32.4487    25.1870 -9.990e-29
 219.566117     21.581  34.333880     8.5700    3.43126     21.400    32.4478    25.1862 -9.990e-29
 219.566123     21.589  34.332609     8.5713    3.42547     21.408    32.4453    25.1840 -9.990e-29
 219.566128     21.590  34.333567     8.5731    3.43126     21.409    32.4446    25.1832 -9.990e-29
 219.566134     21.591  34.335226     8.5741    3.41649     21.410    32.4454    25.1837 -9.990e-29
 219.566140     21.598  34.336434     8.5743    3.42559     21.417    32.4465    25.1846 -9.990e-29
 219.566146     21.611  34.337678     8.5742    3.42836     21.430    32.4479    25.1857 -9.990e-29
 219.566152     21.626  34.338370     8.5743    3.42643     21.444    32.4485    25.1861 -9.990e-29
 219.566157     21.636  34.338307     8.5747    3.42912     21.454    32.4481    25.1857 -9.990e-29
 219.566163     21.641  34.337963     8.5750    3.42468     21.459    32.4475    25.1852 -9.990e-29
 219.566169     21.650  34.337993     8.5750    3.42534     21.468    32.4475    25.1852 -9.990e-29
 219.566175     21.664  34.338435     8.5749    3.41674     21.482    32.4480    25.1857 -9.990e-29
 219.566181     21.675  34.338755     8.5751    3.43182     21.493    32.4482    25.1857 -9.990e-29
 219.566186     21.679  34.338813     8.5755    3.42643     21.497    32.4479    25.1854 -9.990e-29
 219.566192     21.678  34.338682     8.5758    3.42691     21.496    32.4475    25.1851 -9.990e-29
 219.566198     21.670  34.338745     8.5762    3.42680     21.488    32.4472    25.1848 -9.990e-29
 219.566204     21.659  34.339083     8.5766    3.42116     21.477    32.4472    25.1847 -9.990e-29
 219.566209     21.654  34.339022     8.5767    3.41660     21.472    32.4470    25.1846 -9.990e-29
 219.566215     21.658  34.338478     8.5767    3.42327     21.476    32.4464    25.1841 -9.990e-29
 219.566221     21.668  34.337283     8.5763    3.43299     21.486    32.4455    25.1835 -9.990e-29
 219.566227     21.675  34.333277     8.5753    3.42919     21.493    32.4423    25.1811 -9.990e-29
 219.566233     21.671  34.329522     8.5751    3.43669     21.489    32.4385    25.1782 -9.990e-29
 219.566238     21.648  34.331653     8.5766    3.42457     21.466    32.4394    25.1786 -9.990e-29
 219.566244     21.608  34.335783     8.5785    3.42108     21.427    32.4420    25.1804 -9.990e-29
 219.566250     21.570  34.337889     8.5797    3.43062     21.389    32.4431    25.1811 -9.990e-29
 219.566256     21.549  34.339093     8.5802    3.42293     21.368    32.4439    25.1816 -9.990e-29
 219.566262     21.548  34.339879     8.5801    3.42464     21.367    32.4448    25.1824 -9.990e-29
 219.566267     21.567  34.340172     8.5797    3.42283     21.386    32.4455    25.1829 -9.990e-29
 219.566273     21.602  34.339798     8.5790    3.42899     21.421    32.4457    25.1832 -9.990e-29
 219.566279     21.643  34.338812     8.5783    3.42617     21.461    32.4453    25.1830 -9.990e-29
 219.566285     21.679  34.338137     8.5781    3.42425     21.497    32.4448    25.1826 -9.990e-29
 219.566291     21.710  34.338552     8.5781    3.43056     21.528    32.4452    25.1829 -9.990e-29
 219.566296     21.736  34.339483     8.5780    3.42280     21.553    32.4463    25.1838 -9.990e-29
 219.566302     21.755  34.339927     8.5779    3.42399     21.572    32.4468    25.1842 -9.990e-29
 219.566308     21.761  34.339351     8.5781    3.43058     21.578    32.4460    25.1836 -9.990e-29
 219.566314     21.748  34.338663     8.5784    3.43032     21.565    32.4450    25.1828 -9.990e-29
 219.566319     21.720  34.338621     8.5789    3.42660     21.538    32.4445    25.1823 -9.990e-29
 219.566325     21.684  34.338609     8.5797    3.43141     21.502    32.4438    25.1816 -9.990e-29
 219.566331     21.647  34.338607     8.5804    3.42144     21.465    32.4432    25.1810 -9.990e-29
 219.566337     21.615  34.339167     8.5811    3.43010     21.433    32.4431    25.1809 -9.990e-29
 219.566343     21.589  34.339914     8.5816    3.43338     21.408    32.4435    25.1811 -9.990e-29
 219.566348     21.573  34.340160     8.5819    3.42337     21.392    32.4435    25.1810 -9.990e-29
 219.566354     21.577  34.340228     8.5818    3.42185     21.396    32.4436    25.1812 -9.990e-29
 219.566360     21.612  34.340766     8.5809    3.42612     21.431    32.4450    25.1824 -9.990e-29
 219.566366     21.671  34.341368     8.5793    3.42232     21.489    32.4471    25.1842 -9.990e-29
 219.566372     21.741  34.341712     8.5782    3.42417     21.558    32.4484    25.1854 -9.990e-29
 219.566377     21.808  34.341691     8.5768    3.42978     21.625    32.4496    25.1866 -9.990e-29
 219.566383     21.855  34.340710     8.5729    3.42246     21.671    32.4522    25.1892 -9.990e-29
 219.566389     21.869  34.339137     8.5685    3.43259     21.685    32.4546    25.1917 -9.990e-29
 219.566395     21.851  34.338233     8.5681    3.44008     21.667    32.4540    25.1913 -9.990e-29
