data/oxygen options/ONMS/Olympic_Coast_National_Marine_Sanctuary_CTD_Data_2005_2023/raw_data/2007/CTD_KL027_051407faedb.cnv
* Sea-Bird SBE19 Data File:
* FileName = C:\2007_mooring_data\CTD_KL027_051407.hex
* Software Version 1.1.6
* Temperature SN = 2997
* Conductivity SN = 2997
* System UpLoad Time = May 14 2007 12:46:21
* SEACAT PROFILER V3.1c SN 2997   05/14/07  12:45:36.585
* strain gauge pressure sensor: S/N = 184829,  range = 3000 psia,  tc = 40
# nquan = 9
# nvalues = 25                          
# units = specified
# name 0 = timeJ: Julian Days
# name 1 = prSM: Pressure, Strain Gauge [db]
# name 2 = c0mS/cm: Conductivity [mS/cm]
# name 3 = t090C: Temperature [ITS-90, deg C]
# name 4 = oxML/L: Oxygen, Beckman/YSI [ml/l]
# name 5 = depSM: Depth [salt water, m], lat = 47.5
# name 6 = sal00: Salinity, Practical [PSU]
# name 7 = sigma-é00: Density [sigma-theta, kg/m^3]
# name 8 = flag: flag
# span 0 = 134.405174, 134.405465       
# span 1 =      3.000,     27.000       
# span 2 =  34.612711,  34.893294       
# span 3 =     7.6105,     8.4070       
# span 4 =    2.81587,    4.38945       
# span 5 =      2.975,     26.773       
# span 6 =    33.1700,    33.6486       
# span 7 =    25.7765,    26.2694       
# span 8 = 0.0000e+00, 0.0000e+00       
# interval = decibars: 1                
# start_time = May 14 2007 09:38:37 [Instrument's time stamp, header]
# bad_flag = -9.990e-29
*END*
 134.405174      3.000  34.867618     8.4070    4.38577      2.975    33.1700    25.7765 0.0000e+00
 134.405193      4.000  34.854699     8.3883    4.38945      3.967    33.1735    25.7821 0.0000e+00
 134.405207      5.000  34.852345     8.3849    4.38544      4.958    33.1738    25.7828 0.0000e+00
 134.405220      6.000  34.854429     8.3855    4.37618      5.950    33.1749    25.7836 0.0000e+00
 134.405233      7.000  34.858386     8.3876    4.36373      6.941    33.1767    25.7847 0.0000e+00
 134.405245      8.000  34.868987     8.3932    4.33898      7.933    33.1822    25.7882 0.0000e+00
 134.405256      9.000  34.884277     8.3972    4.30955      8.925    33.1941    25.7969 0.0000e+00
 134.405267     10.000  34.893294     8.3930    4.30469      9.916    33.2071    25.8078 0.0000e+00
 134.405278     11.000  34.892787     8.3850    4.29584     10.908    33.2136    25.8141 0.0000e+00
 134.405288     12.000  34.886709     8.3751    4.30091     11.900    33.2161    25.8176 0.0000e+00
 134.405299     13.000  34.881171     8.3670    4.30186     12.891    33.2174    25.8198 0.0000e+00
 134.405310     14.000  34.879471     8.3604    4.24768     13.883    33.2214    25.8240 0.0000e+00
 134.405320     15.000  34.875245     8.3464    4.14641     14.875    33.2297    25.8326 0.0000e+00
 134.405330     16.000  34.867884     8.3234    4.00271     15.866    33.2432    25.8466 0.0000e+00
 134.405341     17.000  34.854750     8.2841    3.79400     16.858    33.2659    25.8704 0.0000e+00
 134.405351     18.000  34.830699     8.2193    3.56409     17.849    33.3014    25.9078 0.0000e+00
 134.405363     19.000  34.798745     8.1331    3.29672     18.840    33.3488    25.9578 0.0000e+00
 134.405373     20.000  34.748822     7.9890    3.01240     19.832    33.4326    26.0448 0.0000e+00
 134.405385     21.000  34.681271     7.7992    2.86373     20.824    33.5417    26.1582 0.0000e+00
 134.405396     22.000  34.636383     7.6905    2.83156     21.815    33.5977    26.2179 0.0000e+00
 134.405407     23.000  34.620533     7.6479    2.81587     22.807    33.6213    26.2426 0.0000e+00
 134.405419     24.000  34.614983     7.6262    2.81597     23.799    33.6359    26.2571 0.0000e+00
 134.405431     25.000  34.613228     7.6149    2.81981     24.790    33.6445    26.2655 0.0000e+00
 134.405446     26.000  34.613591     7.6105    2.82795     25.781    33.6486    26.2694 0.0000e+00
 134.405465     27.000  34.612711     7.6106    2.82985     26.773    33.6471    26.2682 0.0000e+00
