data/oxygen options/ONMS/Olympic_Coast_National_Marine_Sanctuary_CTD_Data_2005_2023/raw_data/2007/CTD_CE042_101207faedb.cnv
* Sea-Bird SBE19 Data File:
* FileName = C:\2007_mooring_data\retrieval_101207\CTD_CE042_101207.hex
* Software Version 1.20
* Temperature SN = 2997
* Conductivity SN = 2997
* System UpLoad Time = Oct 12 2007 13:29:31
* SEACAT PROFILER V3.1c SN 2997   10/12/07  13:28:59.918
* strain gauge pressure sensor: S/N = 184829,  range = 3000 psia,  tc = 40
# nquan = 9
# nvalues = 42                          
# units = specified
# name 0 = timeJ: Julian Days
# name 1 = prSM: Pressure, Strain Gauge [db]
# name 2 = c0mS/cm: Conductivity [mS/cm]
# name 3 = t090C: Temperature [ITS-90, deg C]
# name 4 = oxML/L: Oxygen, Beckman/YSI [ml/l]
# name 5 = depSM: Depth [salt water, m], lat = 47.5
# name 6 = sal00: Salinity, Practical [PSU]
# name 7 = sigma-é00: Density [sigma-theta, kg/m^3]
# name 8 = flag: flag
# span 0 = 285.487389, 285.488006       
# span 1 =      1.000,     42.000       
# span 2 =  34.981167,  36.960988       
# span 3 =     8.5575,    12.1999       
# span 4 =    3.43654,    6.58685       
# span 5 =      0.992,     41.645       
# span 6 =    31.8169,    33.1302       
# span 7 =    24.0808,    25.7231       
# span 8 = 0.0000e+00, 0.0000e+00       
# interval = decibars: 1                
# start_time = Oct 12 2007 11:37:52 [Instrument's time stamp, header]
# bad_flag = -9.990e-29
*END*
 285.487389      1.000  36.895645    12.1999    6.11822      0.992    31.8169    24.0808 0.0000e+00
 285.487410      2.000  36.960988    12.1529    6.13062      1.983    31.9192    24.1690 0.0000e+00
 285.487427      3.000  36.904479    12.1017    6.18030      2.975    31.9083    24.1701 0.0000e+00
 285.487441      4.000  36.889358    12.0857    6.29395      3.967    31.9069    24.1720 0.0000e+00
 285.487455      5.000  36.881633    12.0713    6.43433      4.958    31.9114    24.1782 0.0000e+00
 285.487470      6.000  36.866980    12.0628    6.51457      5.950    31.9042    24.1742 0.0000e+00
 285.487484      7.000  36.854865    12.0564    6.52689      6.941    31.8975    24.1703 0.0000e+00
 285.487499      8.000  36.844767    12.0476    6.51361      7.933    31.8950    24.1699 0.0000e+00
 285.487514      9.000  36.831376    12.0320    6.52081      8.925    31.8949    24.1729 0.0000e+00
 285.487529     10.000  36.809878    12.0071    6.51862      9.916    31.8952    24.1777 0.0000e+00
 285.487543     11.000  36.790500    11.9864    6.50808     10.908    31.8938    24.1804 0.0000e+00
 285.487557     12.000  36.777141    11.9699    6.49839     11.900    31.8946    24.1841 0.0000e+00
 285.487569     13.000  36.763152    11.9528    6.46567     12.891    31.8953    24.1879 0.0000e+00
 285.487582     14.000  36.745926    11.9349    6.45023     13.882    31.8936    24.1899 0.0000e+00
 285.487594     15.000  36.728615    11.9171    6.44715     14.875    31.8917    24.1917 0.0000e+00
 285.487607     16.000  36.716461    11.9069    6.43106     15.866    31.8883    24.1910 0.0000e+00
 285.487621     17.000  36.712232    11.9026    6.44692     16.857    31.8876    24.1912 0.0000e+00
 285.487635     18.000  36.708659    11.8987    6.44362     17.849    31.8870    24.1915 0.0000e+00
 285.487652     19.000  36.703775    11.8928    6.53862     18.841    31.8870    24.1926 0.0000e+00
 285.487671     20.000  36.697923    11.8877    6.58685     19.832    31.8852    24.1922 0.0000e+00
 285.487688     21.000  36.697424    11.8821    6.53377     20.824    31.8891    24.1962 0.0000e+00
 285.487702     22.000  36.686235    11.8683    6.43970     21.815    31.8897    24.1993 0.0000e+00
 285.487713     23.000  36.675529    11.8551    6.41933     22.806    31.8903    24.2022 0.0000e+00
 285.487726     24.000  36.660873    11.8358    6.46207     23.799    31.8922    24.2072 0.0000e+00
 285.487739     25.000  36.638706    11.8123    6.45852     24.790    31.8906    24.2103 0.0000e+00
 285.487754     26.000  36.609837    11.7617    6.36742     25.781    31.9056    24.2312 0.0000e+00
 285.487769     27.000  36.568415    11.6794    6.38330     26.773    31.9357    24.2696 0.0000e+00
 285.487784     28.000  36.486644    11.5393    6.33006     27.764    31.9765    24.3267 0.0000e+00
 285.487800     29.000  36.423437    11.4671    6.15823     28.756    31.9768    24.3400 0.0000e+00
 285.487816     30.000  36.348082    11.2691    5.88794     29.747    32.0743    24.4512 0.0000e+00
 285.487830     31.000  36.148003    10.9347    5.53014     30.739    32.1689    24.5837 0.0000e+00
 285.487843     32.000  35.997781    10.6130    5.12656     31.731    32.3027    24.7436 0.0000e+00
 285.487856     33.000  35.913057    10.3987    4.81250     32.722    32.4078    24.8621 0.0000e+00
 285.487869     34.000  35.888868    10.2742    4.62067     33.714    32.4942    24.9506 0.0000e+00
 285.487883     35.000  35.829451    10.1472    4.38525     34.705    32.5478    25.0138 0.0000e+00
 285.487899     36.000  35.722371     9.8997    3.99142     35.696    32.6622    25.1442 0.0000e+00
 285.487913     37.000  35.577863     9.5627    3.77239     36.688    32.8210    25.3233 0.0000e+00
 285.487927     38.000  35.371707     9.1888    3.66391     37.679    32.9518    25.4853 0.0000e+00
 285.487944     39.000  35.207623     8.9919    3.62174     38.671    32.9633    25.5254 0.0000e+00
 285.487963     40.000  35.121826     8.8097    3.56658     39.662    33.0428    25.6160 0.0000e+00
 285.487983     41.000  35.034062     8.6354    3.47985     40.654    33.1132    25.6979 0.0000e+00
 285.488006     42.000  34.981167     8.5575    3.43654     41.645    33.1302    25.7231 0.0000e+00
