data/oxygen options/ONMS/Olympic_Coast_National_Marine_Sanctuary_CTD_Data_2005_2023/raw_data/2007/CTD_CA042_080707faed.cnv
* Sea-Bird SBE19 Data File:
* FileName = C:\2007_mooring_data\CTD_CA042_080707.hex
* Software Version 1.1.6
* Temperature SN = 2997
* Conductivity SN = 2997
* System UpLoad Time = Aug 07 2007 15:22:08
* SEACAT PROFILER V3.1c SN 2997   08/07/07  15:21:49.314
* strain gauge pressure sensor: S/N = 184829,  range = 3000 psia,  tc = 40
# nquan = 9                                 
# nvalues = 1869                        
# units = specified
# name 0 = timeJ: Julian Days
# name 1 = prSM: Pressure, Strain Gauge [db]
# name 2 = c0mS/cm: Conductivity [mS/cm]
# name 3 = t090C: Temperature [ITS-90, deg C]
# name 4 = oxML/L: Oxygen, Beckman/YSI [ml/l]
# name 5 = depSM: Depth [salt water, m], lat = 47.5
# name 6 = sal00: Salinity, Practical [PSU]
# name 7 = sigma-é00: Density [sigma-theta, kg/m^3]
# name 8 = flag: flag
# span 0 = 219.616979, 219.627789       
# span 1 =     -5.448,     40.372       
# span 2 =   1.108742,  37.373722       
# span 3 =     7.2411,    14.3896       
# span 4 =   -0.07024,   31.98140       
# span 5 =     -5.403,     40.031       
# span 6 =     0.7017,    33.5433       
# span 7 =    -0.2628,    26.2385       
# span 8 = 0.0000e+00, 0.0000e+00       
# interval = seconds: 0.5
# start_time = Aug 07 2007 14:48:27 [Instrument's time stamp, header]
# bad_flag = -9.990e-29
*END*
[from data line 1601]
 219.626244      3.956  36.775908    12.6916    6.84265      3.923    31.2886    23.5788 -9.990e-29
 219.626250      3.952  36.778520    12.6871    6.84583      3.919    31.2948    23.5845 -9.990e-29
 219.626256      3.955  36.773489    12.6794    6.83414      3.922    31.2965    23.5872 -9.990e-29
 219.626262      3.960  36.764764    12.6761    6.83310      3.927    31.2910    23.5836 -9.990e-29
 219.626267      3.959  36.761457    12.6801    6.83035      3.926    31.2845    23.5778 -9.990e-29
 219.626273      3.948  36.765330    12.6886    6.83495      3.915    31.2811    23.5736 -9.990e-29
 219.626279      3.938  36.774263    12.6954    6.84129      3.905    31.2839    23.5744 -9.990e-29
 219.626285      3.946  36.780555    12.6938    6.82918      3.913    31.2912    23.5804 -9.990e-29
 219.626291      3.969  36.772985    12.6861    6.82381      3.936    31.2904    23.5812 -9.990e-29
 219.626296      3.991  36.759404    12.6803    6.82462      3.958    31.2824    23.5761 -9.990e-29
 219.626302      4.000  36.755346    12.6781    6.83745      3.967    31.2804    23.5750 -9.990e-29
 219.626308      3.992  36.760448    12.6792    6.84286      3.959    31.2843    23.5778 -9.990e-29
 219.626314      3.972  36.766381    12.6840    6.83323      3.939    31.2859    23.5782 -9.990e-29
 219.626319      3.951  36.772093    12.6874    6.82145      3.918    31.2885    23.5795 -9.990e-29
 219.626325      3.940  36.773436    12.6865    6.81972      3.907    31.2905    23.5813 -9.990e-29
 219.626331      3.939  36.768283    12.6871    6.82290      3.906    31.2852    23.5770 -9.990e-29
 219.626337      3.940  36.767712    12.6935    6.82467      3.907    31.2793    23.5712 -9.990e-29
 219.626343      3.937  36.772647    12.7002    6.82758      3.904    31.2784    23.5693 -9.990e-29
 219.626348      3.936  36.774536    12.7004    6.82505      3.903    31.2801    23.5705 -9.990e-29
 219.626354      3.943  36.770303    12.6946    6.83261      3.910    31.2809    23.5722 -9.990e-29
 219.626360      3.961  36.762160    12.6900    6.84292      3.928    31.2770    23.5701 -9.990e-29
 219.626366      3.981  36.758314    12.6913    6.84000      3.948    31.2722    23.5662 -9.990e-29
 219.626372      3.997  36.763171    12.6947    6.84716      3.964    31.2740    23.5669 -9.990e-29
 219.626377      4.005  36.769759    12.6938    6.85055      3.972    31.2810    23.5725 -9.990e-29
 219.626383      4.009  36.771172    12.6907    6.84695      3.976    31.2849    23.5761 -9.990e-29
 219.626389      4.010  36.771543    12.6911    6.84877      3.976    31.2849    23.5760 -9.990e-29
 219.626395      4.005  36.776418    12.6949    6.84230      3.972    31.2864    23.5764 -9.990e-29
 219.626400      3.996  36.782771    12.6981    6.83069      3.963    31.2897    23.5784 -9.990e-29
 219.626406      3.991  36.785626    12.6976    6.82644      3.958    31.2928    23.5809 -9.990e-29
 219.626412      3.996  36.782071    12.6938    6.81757      3.963    31.2926    23.5815 -9.990e-29
 219.626418      4.005  36.773538    12.6910    6.82398      3.972    31.2869    23.5776 -9.990e-29
 219.626424      4.012  36.767716    12.6911    6.81942      3.978    31.2813    23.5732 -9.990e-29
 219.626429      4.011  36.768059    12.6900    6.82105      3.977    31.2825    23.5744 -9.990e-29
 219.626435      4.007  36.769423    12.6842    6.83438      3.974    31.2886    23.5802 -9.990e-29
 219.626441      4.005  36.766347    12.6758    6.82630      3.972    31.2927    23.5850 -9.990e-29
 219.626447      4.004  36.759222    12.6708    6.82429      3.971    31.2901    23.5839 -9.990e-29
 219.626453      3.999  36.754248    12.6711    6.82043      3.966    31.2851    23.5800 -9.990e-29
 219.626458      3.986  36.756571    12.6735    6.82145      3.953    31.2854    23.5797 -9.990e-29
 219.626464      3.969  36.763126    12.6760    6.83700      3.936    31.2895    23.5824 -9.990e-29
 219.626470      3.955  36.767523    12.6771    6.83998      3.922    31.2927    23.5847 -9.990e-29
 219.626476      3.952  36.767785    12.6768    6.84746      3.919    31.2932    23.5852 -9.990e-29
 219.626481      3.960  36.765949    12.6782    6.85121      3.927    31.2903    23.5827 -9.990e-29
 219.626487      3.966  36.765740    12.6834    6.84275      3.933    31.2858    23.5782 -9.990e-29
 219.626493      3.961  36.769129    12.6909    6.83647      3.928    31.2828    23.5744 -9.990e-29
 219.626499      3.955  36.776152    12.6977    6.83112      3.922    31.2838    23.5739 -9.990e-29
 219.626505      3.960  36.783290    12.7008    6.83013      3.927    31.2880    23.5766 -9.990e-29
 219.626510      3.976  36.783251    12.6993    6.82902      3.943    31.2892    23.5778 -9.990e-29
 219.626516      3.995  36.777671    12.6952    6.83670      3.962    31.2873    23.5771 -9.990e-29
 219.626522      4.010  36.774253    12.6898    6.84297      3.976    31.2885    23.5791 -9.990e-29
 219.626528      4.019  36.771809    12.6827    6.84547      3.985    31.2921    23.5832 -9.990e-29
 219.626534      4.025  36.768205    12.6786    6.82927      3.991    31.2921    23.5840 -9.990e-29
 219.626539      4.028  36.768171    12.6826    6.82665      3.994    31.2888    23.5806 -9.990e-29
 219.626545      4.022  36.773349    12.6909    6.82433      3.988    31.2868    23.5775 -9.990e-29
 219.626551      4.009  36.778875    12.6968    6.81716      3.976    31.2871    23.5766 -9.990e-29
 219.626557      4.006  36.780914    12.6967    6.81465      3.973    31.2891    23.5782 -9.990e-29
 219.626563      4.017  36.777708    12.6906    6.80747      3.983    31.2911    23.5809 -9.990e-29
 219.626568      4.034  36.768916    12.6827    6.80218      4.000    31.2894    23.5811 -9.990e-29
 219.626574      4.050  36.760199    12.6782    6.81137      4.016    31.2849    23.5784 -9.990e-29
 219.626580      4.057  36.758435    12.6762    6.82565      4.023    31.2848    23.5788 -9.990e-29
 219.626586      4.051  36.761278    12.6744    6.83541      4.017    31.2890    23.5824 -9.990e-29
 219.626591      4.037  36.762993    12.6734    6.82553      4.003    31.2915    23.5845 -9.990e-29
 219.626597      4.021  36.763071    12.6729    6.81501      3.987    31.2920    23.5850 -9.990e-29
 219.626603      4.007  36.761060    12.6726    6.81645      3.974    31.2903    23.5837 -9.990e-29
 219.626609      3.995  36.758772    12.6754    6.81935      3.962    31.2859    23.5797 -9.990e-29
 219.626615      3.982  36.761569    12.6818    6.82497      3.949    31.2832    23.5765 -9.990e-29
 219.626620      3.970  36.767581    12.6860    6.81150      3.937    31.2854    23.5774 -9.990e-29
 219.626626      3.961  36.769697    12.6817    6.81174      3.928    31.2910    23.5825 -9.990e-29
 219.626632      3.962  36.762896    12.6708    6.80093      3.929    31.2936    23.5866 -9.990e-29
 219.626638      3.975  36.750453    12.6630    6.78653      3.942    31.2883    23.5840 -9.990e-29
 219.626644      3.987  36.743249    12.6612    6.79590      3.954    31.2830    23.5802 -9.990e-29
 219.626649      3.987  36.744574    12.6591    6.81138      3.954    31.2859    23.5829 -9.990e-29
 219.626655      3.973  36.747792    12.6545    6.82784      3.940    31.2928    23.5891 -9.990e-29
 219.626661      3.958  36.747109    12.6474    6.82599      3.925    31.2981    23.5945 -9.990e-29
 219.626667      3.950  36.742181    12.6399    6.81992      3.917    31.2996    23.5972 -9.990e-29
 219.626672      3.939  36.736534    12.6371    6.82005      3.906    31.2966    23.5954 -9.990e-29
 219.626678      3.913  36.734976    12.6430    6.82163      3.880    31.2903    23.5893 -9.990e-29
 219.626684      3.868  36.740479    12.6574    6.83942      3.836    31.2835    23.5814 -9.990e-29
 219.626690      3.821  36.754780    12.6719    6.85705      3.789    31.2851    23.5798 -9.990e-29
 219.626696      3.789  36.766124    12.6753    6.86133      3.757    31.2930    23.5853 -9.990e-29
 219.626701      3.782  36.761057    12.6687    6.84670      3.750    31.2937    23.5871 -9.990e-29
 219.626707      3.796  36.750212    12.6649    6.83913      3.764    31.2865    23.5823 -9.990e-29
 219.626713      3.807  36.747164    12.6725    6.82949      3.775    31.2774    23.5737 -9.990e-29
 219.626719      3.798  36.753455    12.6891    6.84122      3.766    31.2695    23.5645 -9.990e-29
 219.626725      3.777  36.761221    12.7063    6.87364      3.745    31.2626    23.5559 -9.990e-29
 219.626730      3.755  36.762886    12.7110    6.88730      3.724    31.2603    23.5532 -9.990e-29
 219.626736      3.735  36.761241    12.7005    6.88275      3.704    31.2675    23.5607 -9.990e-29
 219.626742      3.712  36.763069    12.6897    6.86965      3.681    31.2782    23.5711 -9.990e-29
 219.626748      3.676  36.767449    12.6906    6.86522      3.645    31.2816    23.5735 -9.990e-29
 219.626753      3.628  36.771252    12.7087    6.89149      3.598    31.2702    23.5613 -9.990e-29
 219.626759      3.588  36.783470    12.7395    6.91425      3.558    31.2562    23.5446 -9.990e-29
 219.626765      3.574  36.804143    12.7591    6.91243      3.544    31.2595    23.5434 -9.990e-29
 219.626771      3.589  36.810389    12.7524    6.87859      3.559    31.2710    23.5535 -9.990e-29
 219.626777      3.612  36.797655    12.7351    6.86723      3.582    31.2733    23.5586 -9.990e-29
 219.626782      3.621  36.787647    12.7326    6.84385      3.591    31.2659    23.5534 -9.990e-29
 219.626788      3.611  36.792246    12.7516    6.84964      3.581    31.2545    23.5409 -9.990e-29
 219.626794      3.593  36.809732    12.7699    6.87676      3.563    31.2559    23.5385 -9.990e-29
 219.626800      3.585  36.822499    12.7614    6.88618      3.555    31.2750    23.5549 -9.990e-29
 219.626806      3.594  36.811143    12.7305    6.89778      3.564    31.2898    23.5723 -9.990e-29
 219.626811      3.608  36.788559    12.7034    6.90329      3.578    31.2910    23.5783 -9.990e-29
 219.626817      3.606  36.776771    12.6960    6.88964      3.576    31.2859    23.5759 -9.990e-29
 219.626823      3.585  36.776873    12.7125    6.88684      3.555    31.2724    23.5622 -9.990e-29
 219.626829      3.555  36.790677    12.7478    6.86986      3.525    31.2562    23.5429 -9.990e-29
 219.626834      3.531  36.819213    12.7763    6.84382      3.502    31.2595    23.5401 -9.990e-29
 219.626840      3.526  36.839994    12.7756    6.82502      3.497    31.2797    23.5558 -9.990e-29
 219.626846      3.538  36.833089    12.7545    6.83062      3.508    31.2907    23.5684 -9.990e-29
 219.626852      3.556  36.814531    12.7307    6.84075      3.526    31.2929    23.5746 -9.990e-29
 219.626858      3.568  36.801058    12.7110    6.85586      3.538    31.2965    23.5812 -9.990e-29
 219.626863      3.575  36.789279    12.6995    6.87542      3.545    31.2949    23.5821 -9.990e-29
 219.626869      3.585  36.779744    12.6986    6.89687      3.555    31.2866    23.5759 -9.990e-29
 219.626875      3.600  36.777677    12.7087    6.92761      3.570    31.2763    23.5660 -9.990e-29
 219.626881      3.615  36.785928    12.7265    6.93259      3.585    31.2693    23.5572 -9.990e-29
 219.626887      3.637  36.799805    12.7463    6.93043      3.607    31.2660    23.5508 -9.990e-29
 219.626892      3.667  36.813711    12.7606    6.92089      3.636    31.2673    23.5491 -9.990e-29
 219.626898      3.698  36.822648    12.7663    6.89379      3.667    31.2710    23.5509 -9.990e-29
 219.626904      3.723  36.823964    12.7693    6.86737      3.692    31.2697    23.5493 -9.990e-29
 219.626910      3.735  36.826707    12.7714    6.82790      3.704    31.2706    23.5496 -9.990e-29
 219.626916      3.736  36.832852    12.7672    6.79426      3.705    31.2799    23.5576 -9.990e-29
 219.626921      3.737  36.831538    12.7513    6.78645      3.706    31.2918    23.5698 -9.990e-29
 219.626927      3.753  36.817092    12.7237    6.80133      3.722    31.3010    23.5823 -9.990e-29
 219.626933      3.784  36.793240    12.6937    6.82916      3.752    31.3034    23.5898 -9.990e-29
 219.626939      3.819  36.771906    12.6709    6.84718      3.787    31.3021    23.5932 -9.990e-29
 219.626944      3.843  36.761080    12.6559    6.84494      3.811    31.3043    23.5977 -9.990e-29
 219.626950      3.845  36.756413    12.6497    6.84448      3.813    31.3050    23.5995 -9.990e-29
 219.626956      3.829  36.756724    12.6594    6.85155      3.797    31.2973    23.5916 -9.990e-29
 219.626962      3.812  36.766354    12.6837    6.85163      3.780    31.2862    23.5784 -9.990e-29
 219.626968      3.805  36.783008    12.7060    6.83838      3.773    31.2835    23.5721 -9.990e-29
 219.626973      3.812  36.796385    12.7133    6.81604      3.780    31.2901    23.5758 -9.990e-29
 219.626979      3.829  36.795739    12.7067    6.81378      3.797    31.2949    23.5808 -9.990e-29
 219.626985      3.849  36.779657    12.6937    6.81577      3.817    31.2905    23.5798 -9.990e-29
 219.626991      3.864  36.760894    12.6866    6.81939      3.832    31.2786    23.5720 -9.990e-29
 219.626997      3.871  36.757038    12.6865    6.83239      3.839    31.2751    23.5693 -9.990e-29
 219.627002      3.871  36.765189    12.6817    6.83741      3.839    31.2867    23.5792 -9.990e-29
 219.627008      3.868  36.768187    12.6717    6.84695      3.836    31.2979    23.5898 -9.990e-29
 219.627014      3.870  36.762747    12.6661    6.84064      3.838    31.2974    23.5904 -9.990e-29
 219.627020      3.877  36.756755    12.6713    6.83719      3.845    31.2874    23.5817 -9.990e-29
 219.627025      3.886  36.756796    12.6861    6.83915      3.854    31.2752    23.5694 -9.990e-29
 219.627031      3.897  36.764045    12.7007    6.82494      3.864    31.2699    23.5626 -9.990e-29
 219.627037      3.910  36.774718    12.7077    6.81289      3.877    31.2742    23.5645 -9.990e-29
 219.627043      3.931  36.782312    12.7068    6.81641      3.898    31.2821    23.5708 -9.990e-29
 219.627049      3.962  36.780140    12.7009    6.82474      3.929    31.2849    23.5742 -9.990e-29
 219.627054      3.990  36.769794    12.6958    6.83114      3.957    31.2794    23.5708 -9.990e-29
 219.627060      4.006  36.763830    12.6919    6.82678      3.973    31.2769    23.5697 -9.990e-29
 219.627066      4.006  36.766067    12.6836    6.82674      3.973    31.2859    23.5783 -9.990e-29
 219.627072      3.995  36.764914    12.6722    6.81880      3.962    31.2943    23.5869 -9.990e-29
 219.627078      3.979  36.758276    12.6666    6.80825      3.946    31.2927    23.5867 -9.990e-29
 219.627083      3.963  36.759166    12.6702    6.80044      3.930    31.2906    23.5844 -9.990e-29
 219.627089      3.950  36.769334    12.6775    6.80285      3.917    31.2941    23.5857 -9.990e-29
 219.627095      3.947  36.775431    12.6813    6.80852      3.914    31.2967    23.5870 -9.990e-29
 219.627101      3.955  36.771574    12.6795    6.81444      3.922    31.2946    23.5857 -9.990e-29
 219.627106      3.964  36.762717    12.6755    6.83005      3.931    31.2895    23.5826 -9.990e-29
 219.627112      3.972  36.754993    12.6735    6.84011      3.939    31.2839    23.5786 -9.990e-29
 219.627118      3.979  36.750436    12.6745    6.84109      3.946    31.2787    23.5744 -9.990e-29
 219.627124      3.981  36.750261    12.6777    6.82858      3.948    31.2759    23.5716 -9.990e-29
 219.627130      3.974  36.756479    12.6813    6.82197      3.941    31.2788    23.5732 -9.990e-29
 219.627135      3.962  36.766170    12.6838    6.82762      3.929    31.2859    23.5782 -9.990e-29
 219.627141      3.948  36.774324    12.6870    6.83898      3.915    31.2910    23.5815 -9.990e-29
 219.627147      3.936  36.780604    12.6894    6.85347      3.903    31.2949    23.5841 -9.990e-29
 219.627153      3.933  36.781613    12.6849    6.86467      3.900    31.2996    23.5886 -9.990e-29
 219.627159      3.940  36.770852    12.6783    6.86601      3.907    31.2949    23.5862 -9.990e-29
