data/oxygen options/ONMS/Olympic_Coast_National_Marine_Sanctuary_CTD_Data_2005_2023/raw_data/2007/CTD_MB042_080707faed.cnv
* Sea-Bird SBE19 Data File:
* FileName = C:\2007_mooring_data\CTD_MB042_080707.hex
* Software Version 1.1.6
* Temperature SN = 2997
* Conductivity SN = 2997
* System UpLoad Time = Aug 07 2007 10:57:14
* SEACAT PROFILER V3.1c SN 2997   08/07/07  10:56:59.132
* strain gauge pressure sensor: S/N = 184829,  range = 3000 psia,  tc = 40
# nquan = 9                                 
# nvalues = 1958                        
# units = specified
# name 0 = timeJ: Julian Days
# name 1 = prSM: Pressure, Strain Gauge [db]
# name 2 = c0mS/cm: Conductivity [mS/cm]
# name 3 = t090C: Temperature [ITS-90, deg C]
# name 4 = oxML/L: Oxygen, Beckman/YSI [ml/l]
# name 5 = depSM: Depth [salt water, m], lat = 47.5
# name 6 = sal00: Salinity, Practical [PSU]
# name 7 = sigma-é00: Density [sigma-theta, kg/m^3]
# name 8 = flag: flag
# span 0 = 219.440289, 219.451615       
# span 1 =     -5.207,     31.883       
# span 2 =  11.310012,  36.244565       
# span 3 =     8.4177,    13.0424       
# span 4 =   -0.06168,   34.10588       
# span 5 =     -5.164,     31.614       
# span 6 =     8.6518,    33.0205       
# span 7 =     6.1270,    25.6580       
# span 8 = 0.0000e+00, 0.0000e+00       
# interval = seconds: 0.5
# start_time = Aug 07 2007 10:34:01 [Instrument's time stamp, header]
# bad_flag = -9.990e-29
*END*
[from data line 1601]
 219.449554      4.952  35.700525    11.1788    5.50210      4.911    31.5273    24.0414 -9.990e-29
 219.449560      4.962  35.700513    11.1790    5.49472      4.921    31.5272    24.0412 -9.990e-29
 219.449566      4.970  35.700508    11.1792    5.49499      4.928    31.5270    24.0411 -9.990e-29
 219.449572      4.980  35.700505    11.1790    5.49676      4.938    31.5271    24.0412 -9.990e-29
 219.449578      4.988  35.700496    11.1788    5.49482      4.946    31.5273    24.0414 -9.990e-29
 219.449583      4.992  35.700470    11.1787    5.50499      4.950    31.5274    24.0415 -9.990e-29
 219.449589      4.991  35.700389    11.1787    5.49925      4.949    31.5273    24.0414 -9.990e-29
 219.449595      4.986  35.700142    11.1788    5.50371      4.944    31.5270    24.0411 -9.990e-29
 219.449601      4.975  35.699960    11.1789    5.49804      4.933    31.5267    24.0409 -9.990e-29
 219.449606      4.962  35.700157    11.1787    5.49488      4.921    31.5271    24.0412 -9.990e-29
 219.449612      4.956  35.700436    11.1781    5.50967      4.915    31.5279    24.0419 -9.990e-29
 219.449618      4.956  35.700608    11.1771    5.49759      4.915    31.5289    24.0429 -9.990e-29
 219.449624      4.953  35.700898    11.1765    5.51206      4.912    31.5297    24.0436 -9.990e-29
 219.449630      4.943  35.701133    11.1769    5.49792      4.902    31.5296    24.0435 -9.990e-29
 219.449635      4.929  35.701062    11.1777    5.50613      4.888    31.5288    24.0428 -9.990e-29
 219.449641      4.920  35.701150    11.1784    5.49815      4.879    31.5283    24.0422 -9.990e-29
 219.449647      4.918  35.701513    11.1785    5.49872      4.877    31.5286    24.0424 -9.990e-29
 219.449653      4.924  35.701514    11.1782    5.50371      4.883    31.5288    24.0427 -9.990e-29
 219.449659      4.934  35.701154    11.1781    5.50039      4.893    31.5286    24.0425 -9.990e-29
 219.449664      4.939  35.701070    11.1785    5.51122      4.898    31.5281    24.0421 -9.990e-29
 219.449670      4.937  35.701150    11.1790    5.50377      4.896    31.5278    24.0417 -9.990e-29
 219.449676      4.930  35.700937    11.1788    5.50822      4.889    31.5278    24.0417 -9.990e-29
 219.449682      4.928  35.700705    11.1781    5.50200      4.887    31.5281    24.0422 -9.990e-29
 219.449688      4.934  35.700706    11.1775    5.49110      4.893    31.5286    24.0427 -9.990e-29
 219.449693      4.945  35.700941    11.1773    5.49667      4.904    31.5290    24.0430 -9.990e-29
 219.449699      4.952  35.701160    11.1773    5.49667      4.911    31.5293    24.0432 -9.990e-29
 219.449705      4.956  35.701093    11.1775    5.50166      4.915    31.5290    24.0430 -9.990e-29
 219.449711      4.961  35.701209    11.1778    5.50476      4.920    31.5289    24.0428 -9.990e-29
 219.449716      4.965  35.701660    11.1778    5.50055      4.924    31.5293    24.0431 -9.990e-29
 219.449722      4.962  35.701924    11.1775    5.50783      4.921    31.5298    24.0436 -9.990e-29
 219.449728      4.952  35.701791    11.1776    5.50227      4.911    31.5296    24.0434 -9.990e-29
 219.449734      4.935  35.701645    11.1785    5.50744      4.894    31.5287    24.0425 -9.990e-29
 219.449740      4.909  35.701849    11.1798    5.50138      4.868    31.5278    24.0416 -9.990e-29
 219.449745      4.878  35.702112    11.1809    5.51151      4.837    31.5271    24.0409 -9.990e-29
 219.449751      4.852  35.702226    11.1814    5.50176      4.811    31.5268    24.0406 -9.990e-29
 219.449757      4.842  35.702341    11.1811    5.49694      4.802    31.5272    24.0409 -9.990e-29
 219.449763      4.848  35.702610    11.1805    5.50284      4.807    31.5280    24.0416 -9.990e-29
 219.449769      4.862  35.702831    11.1799    5.50262      4.821    31.5287    24.0423 -9.990e-29
 219.449774      4.876  35.702735    11.1796    5.51622      4.835    31.5289    24.0425 -9.990e-29
 219.449780      4.882  35.702750    11.1798    5.50899      4.841    31.5287    24.0423 -9.990e-29
 219.449786      4.876  35.702897    11.1803    5.50295      4.835    31.5284    24.0420 -9.990e-29
 219.449792      4.862  35.702808    11.1806    5.50256      4.821    31.5281    24.0417 -9.990e-29
 219.449797      4.848  35.702923    11.1807    5.50096      4.807    31.5281    24.0417 -9.990e-29
 219.449803      4.837  35.703395    11.1809    5.51017      4.797    31.5284    24.0419 -9.990e-29
 219.449809      4.829  35.703732    11.1812    5.50466      4.789    31.5285    24.0419 -9.990e-29
 219.449815      4.823  35.703820    11.1813    5.51051      4.783    31.5285    24.0419 -9.990e-29
 219.449821      4.819  35.703777    11.1812    5.50401      4.779    31.5285    24.0419 -9.990e-29
 219.449826      4.816  35.703542    11.1810    5.49990      4.776    31.5285    24.0419 -9.990e-29
 219.449832      4.814  35.703360    11.1810    5.50228      4.774    31.5283    24.0418 -9.990e-29
 219.449838      4.814  35.703549    11.1810    5.49979      4.774    31.5285    24.0419 -9.990e-29
 219.449844      4.814  35.703800    11.1810    5.50417      4.774    31.5287    24.0421 -9.990e-29
 219.449850      4.816  35.703883    11.1809    5.50428      4.776    31.5289    24.0423 -9.990e-29
 219.449855      4.819  35.703907    11.1808    5.51056      4.779    31.5290    24.0424 -9.990e-29
 219.449861      4.823  35.703904    11.1806    5.50494      4.783    31.5292    24.0425 -9.990e-29
 219.449867      4.829  35.703867    11.1809    5.51051      4.789    31.5289    24.0422 -9.990e-29
 219.449873      4.833  35.703746    11.1813    5.50328      4.793    31.5284    24.0418 -9.990e-29
 219.449878      4.830  35.703379    11.1813    5.50708      4.790    31.5281    24.0415 -9.990e-29
 219.449884      4.825  35.702834    11.1812    5.50439      4.785    31.5276    24.0412 -9.990e-29
 219.449890      4.827  35.702505    11.1811    5.49367      4.787    31.5274    24.0410 -9.990e-29
 219.449896      4.838  35.702512    11.1807    5.49956      4.798    31.5277    24.0414 -9.990e-29
 219.449902      4.857  35.702864    11.1802    5.50073      4.816    31.5285    24.0421 -9.990e-29
 219.449907      4.880  35.703467    11.1799    5.51189      4.839    31.5293    24.0428 -9.990e-29
 219.449913      4.903  35.704003    11.1800    5.50209      4.862    31.5298    24.0431 -9.990e-29
 219.449919      4.920  35.704064    11.1802    5.50890      4.879    31.5296    24.0430 -9.990e-29
 219.449925      4.929  35.703729    11.1806    5.51173      4.888    31.5290    24.0424 -9.990e-29
 219.449931      4.928  35.703669    11.1811    5.51017      4.887    31.5285    24.0419 -9.990e-29
 219.449936      4.918  35.703804    11.1813    5.50749      4.877    31.5284    24.0418 -9.990e-29
 219.449942      4.900  35.703751    11.1814    5.49812      4.859    31.5283    24.0417 -9.990e-29
 219.449948      4.875  35.703439    11.1812    5.50546      4.834    31.5282    24.0417 -9.990e-29
 219.449954      4.855  35.703010    11.1808    5.49533      4.814    31.5281    24.0417 -9.990e-29
 219.449959      4.851  35.703012    11.1804    5.50850      4.810    31.5285    24.0420 -9.990e-29
 219.449965      4.864  35.703450    11.1802    5.50294      4.823    31.5291    24.0425 -9.990e-29
 219.449971      4.881  35.703784    11.1802    5.50879      4.840    31.5294    24.0428 -9.990e-29
 219.449977      4.890  35.703897    11.1803    5.51353      4.849    31.5294    24.0428 -9.990e-29
 219.449983      4.888  35.703936    11.1805    5.50864      4.847    31.5293    24.0426 -9.990e-29
 219.449988      4.880  35.703950    11.1805    5.51740      4.839    31.5293    24.0426 -9.990e-29
 219.449994      4.872  35.703958    11.1805    5.50868      4.831    31.5293    24.0426 -9.990e-29
 219.450000      4.869  35.703970    11.1806    5.50685      4.828    31.5292    24.0426 -9.990e-29
 219.450006      4.871  35.703999    11.1808    5.49796      4.830    31.5291    24.0424 -9.990e-29
 219.450012      4.877  35.704083    11.1810    5.50792      4.836    31.5290    24.0423 -9.990e-29
 219.450017      4.888  35.704333    11.1812    5.50112      4.847    31.5291    24.0423 -9.990e-29
 219.450023      4.906  35.704521    11.1814    5.49940      4.865    31.5291    24.0423 -9.990e-29
 219.450029      4.926  35.704336    11.1818    5.50674      4.885    31.5285    24.0418 -9.990e-29
 219.450035      4.941  35.704089    11.1822    5.49791      4.900    31.5279    24.0413 -9.990e-29
 219.450041      4.948  35.704009    11.1824    5.51040      4.907    31.5277    24.0411 -9.990e-29
 219.450046      4.948  35.703990    11.1824    5.50350      4.907    31.5277    24.0410 -9.990e-29
 219.450052      4.940  35.704007    11.1826    5.50591      4.899    31.5275    24.0409 -9.990e-29
 219.450058      4.928  35.704085    11.1830    5.50278      4.887    31.5273    24.0406 -9.990e-29
 219.450064      4.917  35.704331    11.1831    5.50696      4.876    31.5274    24.0407 -9.990e-29
 219.450069      4.904  35.704515    11.1831    5.50284      4.863    31.5276    24.0409 -9.990e-29
 219.450075      4.894  35.704326    11.1831    5.49995      4.853    31.5274    24.0407 -9.990e-29
 219.450081      4.890  35.704076    11.1828    5.50168      4.849    31.5274    24.0408 -9.990e-29
 219.450087      4.891  35.703995    11.1821    5.49968      4.850    31.5280    24.0413 -9.990e-29
 219.450093      4.899  35.703977    11.1810    5.50884      4.858    31.5289    24.0422 -9.990e-29
 219.450098      4.909  35.704003    11.1803    5.49744      4.868    31.5295    24.0428 -9.990e-29
 219.450104      4.913  35.704109    11.1806    5.50207      4.872    31.5293    24.0427 -9.990e-29
 219.450110      4.908  35.704438    11.1811    5.49500      4.867    31.5292    24.0425 -9.990e-29
 219.450116      4.897  35.704871    11.1812    5.50040      4.856    31.5296    24.0427 -9.990e-29
 219.450122      4.888  35.704865    11.1809    5.49927      4.847    31.5298    24.0430 -9.990e-29
 219.450127      4.884  35.704417    11.1804    5.49594      4.843    31.5298    24.0431 -9.990e-29
 219.450133      4.887  35.704054    11.1805    5.49799      4.846    31.5294    24.0427 -9.990e-29
 219.450139      4.890  35.703855    11.1809    5.48926      4.849    31.5288    24.0422 -9.990e-29
 219.450145      4.891  35.703558    11.1807    5.49076      4.850    31.5287    24.0422 -9.990e-29
 219.450150      4.894  35.703329    11.1795    5.49166      4.853    31.5295    24.0430 -9.990e-29
 219.450156      4.903  35.703427    11.1780    5.49192      4.862    31.5309    24.0443 -9.990e-29
 219.450162      4.914  35.703424    11.1772    5.48946      4.873    31.5316    24.0450 -9.990e-29
 219.450168      4.920  35.703318    11.1776    5.50132      4.879    31.5311    24.0446 -9.990e-29
 219.450174      4.917  35.703531    11.1782    5.49864      4.876    31.5308    24.0442 -9.990e-29
 219.450179      4.904  35.703787    11.1777    5.50431      4.863    31.5315    24.0449 -9.990e-29
 219.450185      4.885  35.703870    11.1764    5.49858      4.844    31.5327    24.0460 -9.990e-29
 219.450191      4.868  35.703896    11.1757    5.49232      4.827    31.5333    24.0466 -9.990e-29
 219.450197      4.854  35.703904    11.1761    5.49398      4.813    31.5330    24.0463 -9.990e-29
 219.450203      4.845  35.703905    11.1768    5.48659      4.805    31.5324    24.0457 -9.990e-29
 219.450208      4.839  35.703904    11.1769    5.49420      4.799    31.5323    24.0456 -9.990e-29
 219.450214      4.839  35.703902    11.1765    5.48970      4.799    31.5327    24.0460 -9.990e-29
 219.450220      4.851  35.703899    11.1761    5.48847      4.810    31.5330    24.0463 -9.990e-29
 219.450226      4.867  35.703894    11.1760    5.49075      4.826    31.5331    24.0464 -9.990e-29
 219.450231      4.874  35.703883    11.1762    5.49509      4.833    31.5329    24.0462 -9.990e-29
 219.450237      4.873  35.703853    11.1764    5.50036      4.832    31.5327    24.0460 -9.990e-29
 219.450243      4.872  35.703768    11.1761    5.49324      4.831    31.5329    24.0462 -9.990e-29
 219.450249      4.876  35.703516    11.1757    5.49736      4.835    31.5330    24.0463 -9.990e-29
 219.450255      4.886  35.703326    11.1755    5.50142      4.845    31.5329    24.0464 -9.990e-29
 219.450260      4.896  35.703510    11.1757    5.50609      4.855    31.5330    24.0463 -9.990e-29
 219.450266      4.901  35.703753    11.1762    5.50770      4.860    31.5328    24.0461 -9.990e-29
 219.450272      4.894  35.703820    11.1769    5.51011      4.853    31.5322    24.0456 -9.990e-29
 219.450278      4.877  35.703804    11.1775    5.50150      4.836    31.5317    24.0450 -9.990e-29
 219.450284      4.852  35.703687    11.1774    5.49989      4.811    31.5317    24.0450 -9.990e-29
 219.450289      4.831  35.703314    11.1765    5.49083      4.791    31.5321    24.0455 -9.990e-29
 219.450295      4.820  35.702752    11.1756    5.48762      4.780    31.5323    24.0459 -9.990e-29
 219.450301      4.815  35.702376    11.1751    5.49801      4.775    31.5324    24.0460 -9.990e-29
 219.450307      4.811  35.702250    11.1751    5.49421      4.771    31.5323    24.0459 -9.990e-29
 219.450313      4.813  35.702206    11.1752    5.49604      4.773    31.5321    24.0458 -9.990e-29
 219.450318      4.824  35.702191    11.1752    5.49427      4.784    31.5321    24.0458 -9.990e-29
 219.450324      4.841  35.702185    11.1752    5.49956      4.801    31.5321    24.0458 -9.990e-29
 219.450330      4.861  35.702183    11.1752    5.49114      4.820    31.5321    24.0457 -9.990e-29
 219.450336      4.880  35.702185    11.1752    5.50088      4.839    31.5321    24.0457 -9.990e-29
 219.450341      4.892  35.702196    11.1753    5.48832      4.851    31.5320    24.0457 -9.990e-29
 219.450347      4.897  35.702234    11.1756    5.49239      4.856    31.5318    24.0454 -9.990e-29
 219.450353      4.905  35.702352    11.1757    5.49003      4.864    31.5318    24.0454 -9.990e-29
 219.450359      4.914  35.702710    11.1752    5.49255      4.873    31.5326    24.0461 -9.990e-29
 219.450365      4.919  35.703228    11.1748    5.49937      4.878    31.5334    24.0469 -9.990e-29
 219.450370      4.914  35.703478    11.1751    5.49776      4.873    31.5334    24.0468 -9.990e-29
 219.450376      4.899  35.703237    11.1756    5.49198      4.858    31.5328    24.0462 -9.990e-29
 219.450382      4.879  35.702747    11.1759    5.48682      4.838    31.5320    24.0456 -9.990e-29
 219.450388      4.859  35.702478    11.1759    5.49400      4.818    31.5318    24.0454 -9.990e-29
 219.450394      4.847  35.702634    11.1757    5.49036      4.806    31.5321    24.0457 -9.990e-29
 219.450399      4.847  35.702866    11.1753    5.49342      4.806    31.5327    24.0462 -9.990e-29
 219.450405      4.855  35.702925    11.1748    5.48447      4.814    31.5332    24.0467 -9.990e-29
 219.450411      4.866  35.702893    11.1740    5.48710      4.825    31.5338    24.0473 -9.990e-29
 219.450417      4.882  35.702732    11.1733    5.48619      4.841    31.5343    24.0478 -9.990e-29
 219.450422      4.898  35.702788    11.1733    5.49231      4.857    31.5343    24.0478 -9.990e-29
 219.450428      4.909  35.703139    11.1739    5.48918      4.868    31.5341    24.0476 -9.990e-29
 219.450434      4.909  35.703134    11.1744    5.49153      4.868    31.5337    24.0471 -9.990e-29
 219.450440      4.903  35.702767    11.1741    5.49485      4.862    31.5336    24.0471 -9.990e-29
 219.450446      4.901  35.702675    11.1733    5.48619      4.860    31.5342    24.0477 -9.990e-29
 219.450451      4.904  35.702738    11.1729    5.48713      4.863    31.5346    24.0481 -9.990e-29
 219.450457      4.911  35.702485    11.1729    5.48610      4.870    31.5343    24.0479 -9.990e-29
 219.450463      4.911  35.702139    11.1728    5.48793      4.870    31.5341    24.0477 -9.990e-29
 219.450469      4.906  35.701801    11.1724    5.48349      4.865    31.5341    24.0478 -9.990e-29
