data/oxygen options/ONMS/Olympic_Coast_National_Marine_Sanctuary_CTD_Data_2005_2023/raw_data/2007/CTD_KL015_101207faed.cnv
* Sea-Bird SBE19 Data File:
* FileName = C:\2007_mooring_data\retrieval_101207\CTD_KL015_101207.hex
* Software Version 1.20
* Temperature SN = 2997
* Conductivity SN = 2997
* System UpLoad Time = Oct 12 2007 15:51:06
* SEACAT PROFILER V3.1c SN 2997   10/12/07  15:50:37.755
* strain gauge pressure sensor: S/N = 184829,  range = 3000 psia,  tc = 40
# nquan = 9                                 
# nvalues = 1199                        
# units = specified
# name 0 = timeJ: Julian Days
# name 1 = prSM: Pressure, Strain Gauge [db]
# name 2 = c0mS/cm: Conductivity [mS/cm]
# name 3 = t090C: Temperature [ITS-90, deg C]
# name 4 = oxML/L: Oxygen, Beckman/YSI [ml/l]
# name 5 = depSM: Depth [salt water, m], lat = 47.5
# name 6 = sal00: Salinity, Practical [PSU]
# name 7 = sigma-é00: Density [sigma-theta, kg/m^3]
# name 8 = flag: flag
# span 0 = 285.646238, 285.653171       
# span 1 =     -5.610,     14.049       
# span 2 =   0.125483,  35.555784       
# span 3 =    12.5373,    13.5313       
# span 4 =   -0.06030,   32.25513       
# span 5 =     -5.563,     13.931       
# span 6 =     0.0777,    30.2321       
# span 7 =    -0.6159,    22.7843       
# span 8 = 0.0000e+00, 0.0000e+00       
# interval = seconds: 0.5
# start_time = Oct 12 2007 15:30:35 [Instrument's time stamp, header]
# bad_flag = -9.990e-29
*END*
[from data line 1121]
 285.652726      4.487  33.875361    12.7603    8.65668      4.450    28.5101    21.4162 -9.990e-29
 285.652731      4.489  33.875533    12.7606    8.65701      4.451    28.5101    21.4161 -9.990e-29
 285.652737      4.496  33.875748    12.7605    8.65216      4.458    28.5103    21.4163 -9.990e-29
 285.652743      4.506  33.875734    12.7604    8.64692      4.468    28.5104    21.4164 -9.990e-29
 285.652749      4.515  33.875471    12.7604    8.64657      4.477    28.5101    21.4162 -9.990e-29
 285.652755      4.523  33.875169    12.7602    8.63700      4.485    28.5100    21.4161 -9.990e-29
 285.652760      4.530  33.874986    12.7596    8.65014      4.492    28.5103    21.4165 -9.990e-29
 285.652766      4.538  33.874676    12.7592    8.66339      4.500    28.5103    21.4165 -9.990e-29
 285.652772      4.542  33.874386    12.7592    8.66603      4.504    28.5100    21.4163 -9.990e-29
 285.652778      4.539  33.874289    12.7596    8.66594      4.501    28.5096    21.4160 -9.990e-29
 285.652784      4.531  33.874257    12.7602    8.65409      4.493    28.5092    21.4155 -9.990e-29
 285.652789      4.520  33.874247    12.7606    8.65466      4.482    28.5088    21.4152 -9.990e-29
 285.652795      4.500  33.874243    12.7607    8.65590      4.462    28.5088    21.4151 -9.990e-29
 285.652801      4.474  33.874241    12.7607    8.65757      4.437    28.5088    21.4151 -9.990e-29
 285.652807      4.449  33.874239    12.7607    8.65890      4.412    28.5088    21.4151 -9.990e-29
 285.652812      4.432  33.874235    12.7609    8.65590      4.395    28.5086    21.4149 -9.990e-29
 285.652818      4.426  33.874225    12.7610    8.66281      4.389    28.5086    21.4149 -9.990e-29
 285.652824      4.426  33.874194    12.7610    8.65774      4.389    28.5085    21.4148 -9.990e-29
 285.652830      4.428  33.874102    12.7610    8.65126      4.391    28.5084    21.4148 -9.990e-29
 285.652836      4.437  33.873825    12.7608    8.64810      4.400    28.5083    21.4147 -9.990e-29
 285.652841      4.453  33.873555    12.7605    8.64476      4.416    28.5083    21.4148 -9.990e-29
 285.652847      4.468  33.873493    12.7604    8.64873      4.431    28.5083    21.4148 -9.990e-29
 285.652853      4.480  33.873555    12.7604    8.64542      4.443    28.5084    21.4148 -9.990e-29
 285.652859      4.488  33.873825    12.7605    8.64594      4.450    28.5085    21.4149 -9.990e-29
 285.652865      4.495  33.874101    12.7604    8.64619      4.457    28.5089    21.4152 -9.990e-29
 285.652870      4.499  33.874192    12.7600    8.65898      4.461    28.5093    21.4156 -9.990e-29
 285.652876      4.501  33.874218    12.7598    8.66514      4.463    28.5094    21.4158 -9.990e-29
 285.652882      4.502  33.874216    12.7601    8.65824      4.464    28.5092    21.4155 -9.990e-29
 285.652888      4.501  33.874181    12.7605    8.66249      4.463    28.5089    21.4152 -9.990e-29
 285.652894      4.498  33.874068    12.7609    8.65792      4.460    28.5085    21.4148 -9.990e-29
 285.652899      4.494  33.873726    12.7610    8.65757      4.456    28.5081    21.4145 -9.990e-29
 285.652905      4.492  33.873258    12.7608    8.65898      4.454    28.5078    21.4143 -9.990e-29
 285.652911      4.496  33.873161    12.7604    8.65616      4.458    28.5080    21.4145 -9.990e-29
 285.652917      4.502  33.873305    12.7601    8.65135      4.464    28.5084    21.4149 -9.990e-29
 285.652922      4.507  33.873322    12.7602    8.65441      4.469    28.5083    21.4148 -9.990e-29
 285.652928      4.510  33.873236    12.7603    8.65590      4.472    28.5081    21.4147 -9.990e-29
 285.652934      4.513  33.872931    12.7605    8.65749      4.475    28.5077    21.4143 -9.990e-29
 285.652940      4.514  33.872561    12.7607    8.66108      4.476    28.5072    21.4139 -9.990e-29
 285.652946      4.515  33.872191    12.7607    8.66474      4.477    28.5069    21.4136 -9.990e-29
 285.652951      4.515  33.871889    12.7607    8.66431      4.477    28.5066    21.4134 -9.990e-29
 285.652957      4.514  33.871812    12.7606    8.66457      4.476    28.5066    21.4134 -9.990e-29
 285.652963      4.512  33.871858    12.7604    8.65599      4.474    28.5068    21.4136 -9.990e-29
 285.652969      4.509  33.872090    12.7606    8.65858      4.471    28.5068    21.4136 -9.990e-29
 285.652975      4.505  33.872254    12.7610    8.66007      4.467    28.5067    21.4134 -9.990e-29
 285.652980      4.500  33.872010    12.7612    8.66832      4.462    28.5063    21.4131 -9.990e-29
 285.652986      4.493  33.871592    12.7609    8.66651      4.455    28.5062    21.4130 -9.990e-29
 285.652992      4.484  33.871565    12.7606    8.65553      4.447    28.5064    21.4132 -9.990e-29
 285.652998      4.472  33.871894    12.7605    8.65892      4.435    28.5067    21.4136 -9.990e-29
 285.653003      4.456  33.871896    12.7603    8.66276      4.419    28.5069    21.4137 -9.990e-29
 285.653009      4.436  33.871571    12.7600    8.65499      4.399    28.5068    21.4137 -9.990e-29
 285.653015      4.410  33.871607    12.7598    8.64613      4.373    28.5070    21.4139 -9.990e-29
 285.653021      4.377  33.872052    12.7596    8.65212      4.340    28.5076    21.4144 -9.990e-29
 285.653027      4.335  33.872381    12.7597    8.65422      4.299    28.5079    21.4146 -9.990e-29
 285.653032      4.280  33.872472    12.7602    8.66977      4.244    28.5076    21.4143 -9.990e-29
 285.653038      4.205  33.872445    12.7604    8.67531      4.170    28.5074    21.4141 -9.990e-29
 285.653044      4.097  33.872265    12.7603    8.66897      4.063    28.5074    21.4141 -9.990e-29
 285.653050      3.944  33.871692    12.7604    8.93216      3.911    28.5068    21.4136 0.0000e+00
 285.653056      3.742  33.870522    12.7605    8.73980      3.711    28.5057    21.4128 0.0000e+00
 285.653061      3.494  33.868313    12.7596    8.78311      3.465    28.5044    21.4119 0.0000e+00
 285.653067      3.215  33.863244    12.7559    8.83517      3.188    28.5026    21.4112 0.0000e+00
 285.653073      2.920  33.852480    12.7498    8.88277      2.896    28.4973    21.4082 0.0000e+00
 285.653079      2.623  33.828394    12.7482    8.89147      2.601    28.4761    21.3921 0.0000e+00
 285.653084      2.324  33.779602    12.7594   10.28598      2.305    28.4223    21.3484 0.0000e+00
 285.653090      2.026  33.711636    12.7949   10.05212      2.009    28.3325    21.2724 0.0000e+00
 285.653096      1.740  33.613429    12.8706    9.30533      1.725    28.1847    21.1441 0.0000e+00
 285.653102      1.475  33.373650    12.9724    8.38104      1.463    27.8873    20.8953 0.0000e+00
 285.653108      1.229  32.644025    13.0475    7.62722      1.219    27.1597    20.3193 0.0000e+00
 285.653113      1.010  32.038107    13.0644    7.25702      1.002    26.5911    19.8771 0.0000e+00
 285.653119      0.823  32.462690    13.0399 -9.990e-29      0.816    26.9984    20.1962 0.0000e+00
 285.653125      0.671  32.978200    12.9979 -9.990e-29      0.665    27.5036    20.5941 -9.990e-29
 285.653131      0.548  32.564604    12.9466 -9.990e-29      0.543    27.1590    20.3374 -9.990e-29
 285.653137      0.446  30.551670    12.8879 -9.990e-29      0.442    25.3496    18.9510 -9.990e-29
 285.653142      0.363  24.204497    12.8240 -9.990e-29      0.360    19.6562    14.5704 -9.990e-29
 285.653148      0.303  14.290658    12.7592 -9.990e-29      0.300    11.0900     7.9806 -9.990e-29
 285.653154      0.261   7.003446    12.6995 -9.990e-29      0.259     5.1501     3.4085 -9.990e-29
 285.653160      0.230   3.974866    12.6511 -9.990e-29      0.228     2.8169     1.6108 -9.990e-29
 285.653166      0.213   2.772649    12.6304 -9.990e-29      0.211     1.9235     0.9212 -9.990e-29
 285.653171      0.209   2.342295 -9.990e-29 -9.990e-29      0.207 -9.990e-29 -9.990e-29 -9.990e-29
