data/oxygen options/ONMS/Olympic_Coast_National_Marine_Sanctuary_CTD_Data_2005_2023/raw_data/2007/CTD_CA065_052907faed.cnv
* Sea-Bird SBE19 Data File:
* FileName = C:\2007_mooring_data\CTD_CA065_052907.hex
* Software Version 1.1.6
* Temperature SN = 2997
* Conductivity SN = 2997
* System UpLoad Time = May 29 2007 14:54:17
* SEACAT PROFILER V3.1c SN 2997   05/29/07  14:53:12.622
* strain gauge pressure sensor: S/N = 184829,  range = 3000 psia,  tc = 40
# nquan = 9                                 
# nvalues = 2289                        
# units = specified
# name 0 = timeJ: Julian Days
# name 1 = prSM: Pressure, Strain Gauge [db]
# name 2 = c0mS/cm: Conductivity [mS/cm]
# name 3 = t090C: Temperature [ITS-90, deg C]
# name 4 = oxML/L: Oxygen, Beckman/YSI [ml/l]
# name 5 = depSM: Depth [salt water, m], lat = 47.5
# name 6 = sal00: Salinity, Practical [PSU]
# name 7 = sigma-é00: Density [sigma-theta, kg/m^3]
# name 8 = flag: flag
# span 0 = 149.596042, 149.609282       
# span 1 =     -4.764,     58.900       
# span 2 =   0.651110,  36.403467       
# span 3 =     6.7172,    11.4978       
# span 4 =  -12.94177,   34.69472       
# span 5 =     -4.724,     58.400       
# span 6 =     0.4537,    33.8784       
# span 7 =    -0.0207,    26.5735       
# span 8 = 0.0000e+00, 0.0000e+00       
# interval = seconds: 0.5
# start_time = May 29 2007 14:18:18 [Instrument's time stamp, header]
# bad_flag = -9.990e-29
*END*
[from data line 1601]
 149.605307     31.728  34.081975     7.9982    3.47665     31.461    32.7068    25.4739 -9.990e-29
 149.605313     31.732  34.082249     7.9980    3.48440     31.465    32.7073    25.4744 -9.990e-29
 149.605318     31.730  34.082502     7.9980    3.48721     31.463    32.7076    25.4746 -9.990e-29
 149.605324     31.726  34.082509     7.9981    3.49521     31.459    32.7075    25.4745 -9.990e-29
 149.605330     31.722  34.082277     7.9981    3.48701     31.455    32.7073    25.4743 -9.990e-29
 149.605336     31.715  34.081493     7.9978    3.48993     31.448    32.7067    25.4739 -9.990e-29
 149.605341     31.706  34.080230     7.9973    3.49004     31.439    32.7058    25.4733 -9.990e-29
 149.605347     31.695  34.079045     7.9969    3.48830     31.428    32.7049    25.4727 -9.990e-29
 149.605353     31.680  34.078598     7.9969    3.49034     31.413    32.7045    25.4723 -9.990e-29
 149.605359     31.661  34.078849     7.9968    3.47884     31.394    32.7048    25.4726 -9.990e-29
 149.605365     31.636  34.079009     7.9964    3.48556     31.370    32.7054    25.4731 -9.990e-29
 149.605370     31.613  34.078731     7.9960    3.48743     31.347    32.7055    25.4732 -9.990e-29
 149.605376     31.602  34.077641     7.9954    3.49775     31.336    32.7049    25.4728 -9.990e-29
 149.605382     31.604  34.075406     7.9943    3.51003     31.338    32.7035    25.4719 -9.990e-29
 149.605388     31.609  34.071844     7.9929    3.50819     31.343    32.7011    25.4702 -9.990e-29
 149.605394     31.614  34.067807     7.9917    3.51409     31.348    32.6979    25.4679 -9.990e-29
 149.605399     31.623  34.065196     7.9909    3.51103     31.357    32.6958    25.4664 -9.990e-29
 149.605405     31.637  34.063890     7.9902    3.51579     31.371    32.6951    25.4659 -9.990e-29
 149.605411     31.648  34.062145     7.9895    3.52351     31.381    32.6939    25.4650 -9.990e-29
 149.605417     31.652  34.059873     7.9889    3.51445     31.385    32.6920    25.4637 -9.990e-29
 149.605422     31.651  34.058528     7.9889    3.51066     31.384    32.6906    25.4625 -9.990e-29
 149.605428     31.643  34.059114     7.9894    3.51383     31.377    32.6908    25.4626 -9.990e-29
 149.605434     31.628  34.061290     7.9902    3.50512     31.362    32.6923    25.4637 -9.990e-29
 149.605440     31.610  34.063471     7.9909    3.50778     31.344    32.6940    25.4649 -9.990e-29
 149.605446     31.592  34.064077     7.9912    3.51446     31.326    32.6944    25.4652 -9.990e-29
 149.605451     31.572  34.062795     7.9910    3.51450     31.306    32.6932    25.4643 -9.990e-29
 149.605457     31.554  34.061277     7.9906    3.52690     31.288    32.6920    25.4634 -9.990e-29
 149.605463     31.541  34.060858     7.9899    3.53475     31.275    32.6922    25.4636 -9.990e-29
 149.605469     31.541  34.059857     7.9885    3.54229     31.275    32.6924    25.4640 -9.990e-29
 149.605475     31.557  34.056937     7.9868    3.55022     31.291    32.6909    25.4631 -9.990e-29
 149.605480     31.578  34.053806     7.9855    3.54634     31.312    32.6888    25.4616 -9.990e-29
 149.605486     31.596  34.052452     7.9850    3.54083     31.330    32.6878    25.4609 -9.990e-29
 149.605492     31.610  34.052748     7.9852    3.54366     31.344    32.6879    25.4610 -9.990e-29
 149.605498     31.614  34.053404     7.9854    3.53412     31.348    32.6884    25.4613 -9.990e-29
 149.605503     31.610  34.053610     7.9854    3.54092     31.344    32.6886    25.4615 -9.990e-29
 149.605509     31.597  34.053078     7.9851    3.54096     31.331    32.6884    25.4613 -9.990e-29
 149.605515     31.579  34.052218     7.9849    3.53915     31.313    32.6876    25.4608 -9.990e-29
 149.605521     31.562  34.051560     7.9848    3.54099     31.296    32.6870    25.4603 -9.990e-29
 149.605527     31.551  34.050788     7.9846    3.54683     31.285    32.6864    25.4599 -9.990e-29
 149.605532     31.545  34.049429     7.9843    3.55634     31.279    32.6852    25.4590 -9.990e-29
 149.605538     31.542  34.047910     7.9835    3.56678     31.276    32.6844    25.4584 -9.990e-29
 149.605544     31.544  34.046447     7.9823    3.56701     31.278    32.6839    25.4583 -9.990e-29
 149.605550     31.550  34.045329     7.9810    3.56907     31.284    32.6840    25.4585 -9.990e-29
 149.605556     31.561  34.045304     7.9802    3.55832     31.295    32.6847    25.4592 -9.990e-29
 149.605561     31.576  34.045214     7.9798    3.56012     31.310    32.6849    25.4594 -9.990e-29
 149.605567     31.598  34.044377     7.9792    3.55157     31.332    32.6846    25.4592 -9.990e-29
 149.605573     31.623  34.044476     7.9787    3.55600     31.357    32.6852    25.4598 -9.990e-29
 149.605579     31.641  34.047322     7.9789    3.55062     31.375    32.6880    25.4620 -9.990e-29
 149.605584     31.638  34.049980     7.9794    3.54780     31.372    32.6904    25.4637 -9.990e-29
 149.605590     31.616  34.048705     7.9796    3.54961     31.350    32.6888    25.4625 -9.990e-29
 149.605596     31.585  34.046277     7.9794    3.56508     31.319    32.6864    25.4607 -9.990e-29
 149.605602     31.553  34.044501     7.9789    3.57265     31.287    32.6850    25.4596 -9.990e-29
 149.605608     31.516  34.042690     7.9785    3.57281     31.251    32.6835    25.4585 -9.990e-29
 149.605613     31.474  34.041789     7.9782    3.56007     31.209    32.6828    25.4580 -9.990e-29
 149.605619     31.427  34.041714     7.9780    3.55015     31.162    32.6830    25.4581 -9.990e-29
 149.605625     31.389  34.041805     7.9788    3.55117     31.125    32.6823    25.4575 -9.990e-29
 149.605631     31.376  34.044421     7.9812    3.55234     31.112    32.6829    25.4576 -9.990e-29
 149.605637     31.390  34.050248     7.9837    3.55531     31.126    32.6867    25.4603 -9.990e-29
 149.605642     31.424  34.054160     7.9850    3.53896     31.159    32.6897    25.4624 -9.990e-29
 149.605648     31.463  34.054083     7.9850    3.53497     31.198    32.6896    25.4623 -9.990e-29
 149.605654     31.501  34.053277     7.9846    3.53418     31.236    32.6891    25.4620 -9.990e-29
 149.605660     31.541  34.054588     7.9849    3.53780     31.275    32.6902    25.4628 -9.990e-29
 149.605666     31.580  34.056956     7.9851    3.54640     31.314    32.6925    25.4646 -9.990e-29
 149.605671     31.613  34.057372     7.9842    3.54636     31.347    32.6938    25.4657 -9.990e-29
 149.605677     31.637  34.055827     7.9829    3.55462     31.371    32.6933    25.4656 -9.990e-29
 149.605683     31.649  34.053620     7.9820    3.55619     31.382    32.6918    25.4645 -9.990e-29
 149.605689     31.647  34.051730     7.9816    3.55584     31.380    32.6902    25.4633 -9.990e-29
 149.605694     31.634  34.050434     7.9814    3.55362     31.368    32.6890    25.4624 -9.990e-29
 149.605700     31.614  34.049123     7.9810    3.55815     31.348    32.6880    25.4616 -9.990e-29
 149.605706     31.590  34.048291     7.9806    3.55920     31.324    32.6875    25.4613 -9.990e-29
 149.605712     31.568  34.049066     7.9805    3.55053     31.302    32.6884    25.4620 -9.990e-29
 149.605718     31.552  34.051922     7.9809    3.53825     31.286    32.6911    25.4641 -9.990e-29
 149.605723     31.541  34.054498     7.9815    3.52395     31.275    32.6933    25.4657 -9.990e-29
 149.605729     31.534  34.055181     7.9827    3.50587     31.268    32.6929    25.4652 -9.990e-29
 149.605735     31.530  34.058241     7.9851    3.49990     31.264    32.6939    25.4657 -9.990e-29
 149.605741     31.529  34.064393     7.9881    3.49429     31.263    32.6976    25.4682 -9.990e-29
 149.605747     31.532  34.069508     7.9914    3.49216     31.266    32.7000    25.4696 -9.990e-29
 149.605752     31.538  34.072555     7.9943    3.48250     31.272    32.7005    25.4696 -9.990e-29
 149.605758     31.547  34.073670     7.9960    3.48438     31.281    32.7001    25.4690 -9.990e-29
 149.605764     31.561  34.073219     7.9965    3.49010     31.295    32.6992    25.4682 -9.990e-29
 149.605770     31.580  34.072840     7.9966    3.50558     31.314    32.6987    25.4678 -9.990e-29
 149.605775     31.602  34.073148     7.9966    3.50680     31.336    32.6990    25.4680 -9.990e-29
 149.605781     31.618  34.072868     7.9966    3.50467     31.352    32.6987    25.4678 -9.990e-29
 149.605787     31.626  34.072184     7.9967    3.50367     31.360    32.6979    25.4671 -9.990e-29
 149.605793     31.626  34.072424     7.9970    3.50098     31.360    32.6978    25.4671 -9.990e-29
 149.605799     31.618  34.073348     7.9974    3.50482     31.352    32.6984    25.4675 -9.990e-29
 149.605804     31.602  34.073956     7.9975    3.50501     31.336    32.6990    25.4679 -9.990e-29
 149.605810     31.577  34.073957     7.9973    3.50419     31.311    32.6992    25.4681 -9.990e-29
 149.605816     31.545  34.073934     7.9971    3.50504     31.279    32.6994    25.4683 -9.990e-29
 149.605822     31.514  34.073872     7.9967    3.50482     31.249    32.6997    25.4686 -9.990e-29
 149.605828     31.488  34.073147     7.9964    3.50509     31.223    32.6992    25.4682 -9.990e-29
 149.605833     31.472  34.071931     7.9964    3.50513     31.207    32.6979    25.4672 -9.990e-29
 149.605839     31.464  34.070861     7.9966    3.50513     31.199    32.6966    25.4662 -9.990e-29
 149.605845     31.463  34.070210     7.9968    3.50579     31.198    32.6957    25.4654 -9.990e-29
 149.605851     31.466  34.069689     7.9968    3.50524     31.201    32.6952    25.4650 -9.990e-29
 149.605856     31.467  34.068619     7.9964    3.50535     31.202    32.6944    25.4645 -9.990e-29
 149.605862     31.468  34.066712     7.9957    3.50535     31.203    32.6930    25.4635 -9.990e-29
 149.605868     31.468  34.065367     7.9953    3.50591     31.203    32.6920    25.4627 -9.990e-29
 149.605874     31.468  34.065608     7.9951    3.51383     31.203    32.6924    25.4631 -9.990e-29
 149.605880     31.471  34.066094     7.9949    3.51567     31.206    32.6931    25.4637 -9.990e-29
 149.605885     31.482  34.065810     7.9948    3.51592     31.217    32.6929    25.4635 -9.990e-29
 149.605891     31.498  34.064955     7.9949    3.51451     31.233    32.6919    25.4627 -9.990e-29
 149.605897     31.515  34.064087     7.9951    3.51969     31.250    32.6908    25.4618 -9.990e-29
 149.605903     31.534  34.063749     7.9949    3.51311     31.268    32.6906    25.4617 -9.990e-29
 149.605909     31.552  34.063506     7.9944    3.51065     31.286    32.6908    25.4619 -9.990e-29
 149.605914     31.562  34.063051     7.9941    3.50937     31.296    32.6906    25.4618 -9.990e-29
 149.605920     31.560  34.062916     7.9941    3.51605     31.294    32.6904    25.4617 -9.990e-29
 149.605926     31.550  34.062939     7.9941    3.52196     31.284    32.6905    25.4617 -9.990e-29
 149.605932     31.541  34.062608     7.9940    3.53954     31.275    32.6902    25.4615 -9.990e-29
 149.605938     31.536  34.061500     7.9934    3.55069     31.270    32.6896    25.4611 -9.990e-29
 149.605943     31.534  34.058156     7.9918    3.54981     31.268    32.6875    25.4597 -9.990e-29
 149.605949     31.535  34.051495     7.9896    3.54736     31.269    32.6825    25.4561 -9.990e-29
 149.605955     31.541  34.044424     7.9882    3.53646     31.275    32.6763    25.4514 -9.990e-29
 149.605961     31.546  34.042105     7.9884    3.54004     31.280    32.6736    25.4493 -9.990e-29
 149.605966     31.546  34.045387     7.9894    3.55177     31.280    32.6762    25.4512 -9.990e-29
 149.605972     31.547  34.049696     7.9901    3.57097     31.281    32.6801    25.4541 -9.990e-29
 149.605978     31.552  34.050705     7.9896    3.58984     31.286    32.6816    25.4554 -9.990e-29
 149.605984     31.561  34.048097     7.9875    3.60617     31.295    32.6808    25.4551 -9.990e-29
 149.605990     31.576  34.042895     7.9836    3.61012     31.310    32.6789    25.4541 -9.990e-29
 149.605995     31.597  34.035468     7.9783    3.60961     31.331    32.6760    25.4526 -9.990e-29
 149.606001     31.621  34.027699     7.9742    3.59983     31.355    32.6715    25.4497 -9.990e-29
 149.606007     31.637  34.023261     7.9733    3.59918     31.371    32.6676    25.4467 -9.990e-29
 149.606013     31.638  34.024657     7.9753    3.60504     31.372    32.6672    25.4462 -9.990e-29
 149.606019     31.627  34.029283     7.9778    3.60335     31.361    32.6698    25.4478 -9.990e-29
 149.606024     31.612  34.031551     7.9786    3.60134     31.346    32.6715    25.4490 -9.990e-29
 149.606030     31.602  34.030021     7.9778    3.60351     31.336    32.6706    25.4485 -9.990e-29
 149.606036     31.599  34.026596     7.9765    3.60258     31.333    32.6682    25.4467 -9.990e-29
 149.606042     31.600  34.024013     7.9759    3.61093     31.334    32.6660    25.4451 -9.990e-29
 149.606047     31.596  34.025012     7.9764    3.61185     31.330    32.6666    25.4455 -9.990e-29
 149.606053     31.586  34.028137     7.9772    3.61661     31.320    32.6692    25.4474 -9.990e-29
 149.606059     31.579  34.029726     7.9771    3.62492     31.313    32.6710    25.4488 -9.990e-29
 149.606065     31.573  34.028552     7.9759    3.62279     31.307    32.6708    25.4489 -9.990e-29
 149.606071     31.566  34.024748     7.9741    3.62917     31.300    32.6685    25.4473 -9.990e-29
 149.606076     31.559  34.020548     7.9727    3.63421     31.293    32.6653    25.4450 -9.990e-29
 149.606082     31.558  34.019337     7.9717    3.64094     31.292    32.6649    25.4449 -9.990e-29
 149.606088     31.561  34.019518     7.9700    3.64110     31.295    32.6667    25.4465 -9.990e-29
 149.606094     31.570  34.017985     7.9679    3.63501     31.304    32.6670    25.4471 -9.990e-29
 149.606100     31.585  34.015515     7.9665    3.62838     31.319    32.6657    25.4463 -9.990e-29
 149.606105     31.602  34.013875     7.9664    3.60785     31.336    32.6641    25.4450 -9.990e-29
 149.606111     31.618  34.014259     7.9677    3.60411     31.352    32.6632    25.4441 -9.990e-29
 149.606117     31.634  34.017195     7.9699    3.60445     31.368    32.6643    25.4447 -9.990e-29
 149.606123     31.644  34.021570     7.9714    3.60808     31.377    32.6676    25.4470 -9.990e-29
 149.606128     31.638  34.024268     7.9714    3.61498     31.372    32.6704    25.4493 -9.990e-29
 149.606134     31.620  34.023859     7.9704    3.59721     31.354    32.6709    25.4498 -9.990e-29
 149.606140     31.599  34.022618     7.9697    3.59347     31.333    32.6703    25.4494 -9.990e-29
 149.606146     31.581  34.022833     7.9703    3.59375     31.315    32.6700    25.4490 -9.990e-29
 149.606152     31.569  34.025929     7.9718    3.60658     31.303    32.6719    25.4503 -9.990e-29
 149.606157     31.563  34.032686     7.9729    3.60638     31.297    32.6780    25.4550 -9.990e-29
 149.606163     31.558  34.037001     7.9724    3.59528     31.292    32.6831    25.4591 -9.990e-29
 149.606169     31.550  34.033435     7.9711    3.58211     31.284    32.6805    25.4572 -9.990e-29
 149.606175     31.542  34.029019     7.9711    3.56954     31.276    32.6758    25.4535 -9.990e-29
 149.606181     31.538  34.030774     7.9738    3.57347     31.272    32.6752    25.4526 -9.990e-29
 149.606186     31.537  34.038256     7.9778    3.57866     31.271    32.6794    25.4554 -9.990e-29
 149.606192     31.536  34.045766     7.9800    3.58448     31.270    32.6854    25.4597 -9.990e-29
 149.606198     31.526  34.046518     7.9792    3.57052     31.260    32.6869    25.4611 -9.990e-29
 149.606204     31.506  34.042095     7.9778    3.55002     31.241    32.6835    25.4586 -9.990e-29
 149.606209     31.483  34.038945     7.9782    3.53777     31.218    32.6798    25.4556 -9.990e-29
 149.606215     31.465  34.040173     7.9812    3.53902     31.200    32.6783    25.4540 -9.990e-29
 149.606221     31.455  34.046315     7.9858    3.54180     31.190    32.6806    25.4551 -9.990e-29
