data/oxygen options/ONMS/Olympic_Coast_National_Marine_Sanctuary_CTD_Data_2005_2023/raw_data/2007/CTD_TH065_080807faed.cnv
* Sea-Bird SBE19 Data File:
* FileName = C:\2007_mooring_data\CTD_TH065_080807.hex
* Software Version 1.1.6
* Temperature SN = 2997
* Conductivity SN = 2997
* System UpLoad Time = Aug 08 2007 10:32:51
* SEACAT PROFILER V3.1c SN 2997   08/08/07  10:30:52.263
* strain gauge pressure sensor: S/N = 184829,  range = 3000 psia,  tc = 40
# nquan = 9                                 
# nvalues = 1900                        
# units = specified
# name 0 = timeJ: Julian Days
# name 1 = prSM: Pressure, Strain Gauge [db]
# name 2 = c0mS/cm: Conductivity [mS/cm]
# name 3 = t090C: Temperature [ITS-90, deg C]
# name 4 = oxML/L: Oxygen, Beckman/YSI [ml/l]
# name 5 = depSM: Depth [salt water, m], lat = 47.5
# name 6 = sal00: Salinity, Practical [PSU]
# name 7 = sigma-é00: Density [sigma-theta, kg/m^3]
# name 8 = flag: flag
# span 0 = 220.414977, 220.425966       
# span 1 =     -5.516,     64.874       
# span 2 =   0.103584,  37.384778       
# span 3 =     6.9699,    14.8655       
# span 4 =   -0.06884,   31.82140       
# span 5 =     -5.470,     64.322       
# span 6 =     0.0629,    33.8474       
# span 7 =    -0.8296,    26.5141       
# span 8 = 0.0000e+00, 0.0000e+00       
# interval = seconds: 0.5
# start_time = Aug 08 2007 09:57:34 [Instrument's time stamp, header]
# bad_flag = -9.990e-29
*END*
[from data line 161]
 220.415909     -0.586  37.095630    12.7293    7.76971     -0.581    31.5615    23.7827 -9.990e-29
 220.415914     -0.588  37.098324    12.7313    7.77068     -0.583    31.5624    23.7830 -9.990e-29
 220.415920     -0.585  37.099799    12.7320    7.76820     -0.580    31.5632    23.7835 -9.990e-29
 220.415926     -0.573  37.101454    12.7321    7.75680     -0.568    31.5646    23.7846 -9.990e-29
 220.415932     -0.555  37.102686    12.7322    7.75663     -0.550    31.5657    23.7855 -9.990e-29
 220.415938     -0.539  37.102891    12.7329    7.74968     -0.535    31.5653    23.7850 -9.990e-29
 220.415943     -0.528  37.103455    12.7340    7.74216     -0.524    31.5649    23.7845 -9.990e-29
 220.415949     -0.518  37.104560    12.7356    7.74530     -0.514    31.5646    23.7840 -9.990e-29
 220.415955     -0.502  37.105992    12.7371    7.74800     -0.498    31.5647    23.7837 -9.990e-29
 220.415961     -0.481  37.107413    12.7375    7.74968     -0.477    31.5657    23.7844 -9.990e-29
 220.415966     -0.452  37.106786    12.7368    7.75182     -0.448    31.5657    23.7846 -9.990e-29
 220.415972     -0.419  37.103270    12.7360    7.75975     -0.416    31.5630    23.7827 -9.990e-29
 220.415978     -0.392  37.098897    12.7359    7.75594     -0.389    31.5590    23.7795 -9.990e-29
 220.415984     -0.382  37.098481    12.7360    7.75103     -0.379    31.5585    23.7791 -9.990e-29
 220.415990     -0.388  37.102018    12.7359    7.75516     -0.385    31.5619    23.7818 -9.990e-29
 220.415995     -0.399  37.104127    12.7357    7.74391     -0.396    31.5641    23.7835 -9.990e-29
 220.416001     -0.401  37.104250    12.7349    7.74978     -0.398    31.5649    23.7843 -9.990e-29
 220.416007     -0.387  37.103666    12.7334    7.75271     -0.384    31.5656    23.7851 -9.990e-29
 220.416013     -0.356  37.101592    12.7323    7.74077     -0.353    31.5645    23.7845 -9.990e-29
 220.416019     -0.322  37.099741    12.7322    7.74256     -0.319    31.5628    23.7832 -9.990e-29
 220.416024     -0.301  37.100120    12.7326    7.73154     -0.298    31.5629    23.7832 -9.990e-29
 220.416030     -0.291  37.101546    12.7327    7.72879     -0.289    31.5641    23.7841 -9.990e-29
 220.416036     -0.284  37.102549    12.7324    7.73358     -0.282    31.5653    23.7851 -9.990e-29
 220.416042     -0.274  37.102778    12.7316    7.72822     -0.272    31.5662    23.7859 -9.990e-29
 220.416047     -0.264  37.102530    12.7310    7.73091     -0.262    31.5665    23.7863 -9.990e-29
 220.416053     -0.264  37.102592    12.7309    7.73954     -0.262    31.5666    23.7864 -9.990e-29
 220.416059     -0.274  37.103039    12.7311    7.72584     -0.272    31.5669    23.7866 -9.990e-29
 220.416065     -0.284  37.103339    12.7313    7.72465     -0.282    31.5670    23.7866 -9.990e-29
 220.416071     -0.287  37.103323    12.7312    7.71756     -0.285    31.5671    23.7867 -9.990e-29
 220.416076     -0.279  37.102964    12.7304    7.71162     -0.277    31.5674    23.7871 -9.990e-29
 220.416082     -0.264  37.101779    12.7290    7.71699     -0.262    31.5674    23.7874 -9.990e-29
 220.416088     -0.246  37.099861    12.7280    7.71480     -0.244    31.5664    23.7868 -9.990e-29
 220.416094     -0.226  37.098569    12.7275    7.72440     -0.224    31.5656    23.7863 -9.990e-29
 220.416100     -0.214  37.098416    12.7265    7.73138     -0.212    31.5663    23.7870 -9.990e-29
 220.416105     -0.207  37.098070    12.7242    7.73215     -0.205    31.5679    23.7887 -9.990e-29
 220.416111     -0.196  37.095940    12.7211    7.73310     -0.194    31.5685    23.7897 -9.990e-29
 220.416117     -0.183  37.092544    12.7194    7.71603     -0.181    31.5667    23.7887 -9.990e-29
 220.416123     -0.172  37.091197    12.7201    7.70582     -0.171    31.5648    23.7871 -9.990e-29
 220.416128     -0.170  37.092896    12.7215    7.69925     -0.169    31.5653    23.7872 -9.990e-29
 220.416134     -0.170  37.094853    12.7214    7.70155     -0.169    31.5672    23.7887 -9.990e-29
 220.416140     -0.161  37.095189    12.7190    7.70942     -0.160    31.5695    23.7909 -9.990e-29
 220.416146     -0.132  37.092662    12.7154    7.71270     -0.131    31.5701    23.7921 -9.990e-29
 220.416152     -0.092  37.088383    12.7132    7.71683     -0.091    31.5679    23.7908 -9.990e-29
 220.416157     -0.058  37.086169    12.7132    7.69611     -0.058    31.5658    23.7892 -9.990e-29
 220.416163     -0.045  37.086982    12.7147    7.68449     -0.045    31.5653    23.7885 -9.990e-29
 220.416169     -0.054  37.089097    12.7167    7.65863     -0.054    31.5656    23.7884 -9.990e-29
 220.416175     -0.071  37.090842    12.7187    7.64781     -0.070    31.5656    23.7880 -9.990e-29
 220.416181     -0.080  37.091733    12.7197    7.64566     -0.079    31.5656    23.7878 -9.990e-29
 220.416186     -0.074  37.091832    12.7194    7.66450     -0.073    31.5660    23.7881 -9.990e-29
 220.416192     -0.057  37.090707    12.7184    7.66875     -0.057    31.5657    23.7881 -9.990e-29
 220.416198     -0.035  37.087971    12.7177    7.67382     -0.035    31.5637    23.7867 -9.990e-29
 220.416204     -0.016  37.085574    12.7181    7.66207     -0.016    31.5611    23.7846 -9.990e-29
 220.416209     -0.007  37.086479    12.7194    7.65837     -0.007    31.5609    23.7842 -9.990e-29
 220.416215     -0.009  37.089642    12.7203    7.66182     -0.009    31.5631    23.7857 -9.990e-29
 220.416221     -0.007  37.092548    12.7202    7.67308     -0.007    31.5660    23.7879 -9.990e-29
 220.416227      0.006  37.094021    12.7193    7.67628      0.006    31.5681    23.7898 -9.990e-29
 220.416233      0.027  37.093777    12.7187    7.66645      0.027    31.5684    23.7901 -9.990e-29
 220.416238      0.045  37.093164    12.7187    7.66232      0.045    31.5678    23.7896 -9.990e-29
 220.416244      0.047  37.093040    12.7195    7.65289      0.047    31.5670    23.7889 -9.990e-29
 220.416250      0.039  37.093230    12.7208    7.64587      0.039    31.5661    23.7879 -9.990e-29
 220.416256      0.037  37.093980    12.7216    7.65231      0.037    31.5661    23.7878 -9.990e-29
 220.416262      0.049  37.094603    12.7213    7.65715      0.049    31.5670    23.7885 -9.990e-29
 220.416267      0.072  37.093682    12.7205    7.66631      0.071    31.5667    23.7885 -9.990e-29
 220.416273      0.095  37.092226    12.7201    7.66061      0.094    31.5657    23.7878 -9.990e-29
 220.416279      0.106  37.092210    12.7204    7.65971      0.105    31.5654    23.7875 -9.990e-29
 220.416285      0.109  37.093043    12.7208    7.64589      0.108    31.5659    23.7878 -9.990e-29
 220.416291      0.119  37.093587    12.7209    7.64342      0.118    31.5663    23.7881 -9.990e-29
 220.416296      0.136  37.094001    12.7211    7.64344      0.135    31.5665    23.7882 -9.990e-29
 220.416302      0.152  37.094270    12.7212    7.64746      0.151    31.5667    23.7883 -9.990e-29
 220.416308      0.165  37.093624    12.7208    7.64144      0.164    31.5664    23.7882 -9.990e-29
 220.416314      0.173  37.092316    12.7203    7.64680      0.172    31.5656    23.7876 -9.990e-29
 220.416319      0.180  37.091399    12.7203    7.63771      0.178    31.5647    23.7870 -9.990e-29
 220.416325      0.184  37.091324    12.7206    7.63774      0.182    31.5644    23.7867 -9.990e-29
 220.416331      0.186  37.091983    12.7208    7.63492      0.184    31.5648    23.7870 -9.990e-29
 220.416337      0.186  37.092566    12.7210    7.63283      0.184    31.5652    23.7872 -9.990e-29
 220.416343      0.189  37.092724    12.7206    7.63777      0.187    31.5657    23.7877 -9.990e-29
 220.416348      0.198  37.092100    12.7192    7.63887      0.196    31.5663    23.7884 -9.990e-29
 220.416354      0.211  37.090418    12.7178    7.64165      0.209    31.5659    23.7883 -9.990e-29
 220.416360      0.223  37.088228    12.7168    7.63089      0.221    31.5646    23.7876 -9.990e-29
 220.416366      0.236  37.085968    12.7152    7.63463      0.234    31.5638    23.7873 -9.990e-29
 220.416372      0.251  37.083421    12.7124    7.63573      0.249    31.5637    23.7877 -9.990e-29
 220.416377      0.267  37.079989    12.7101    7.63860      0.265    31.5624    23.7871 -9.990e-29
 220.416383      0.283  37.076692    12.7100    7.63737      0.281    31.5594    23.7848 -9.990e-29
 220.416389      0.290  37.075854    12.7115    7.62783      0.288    31.5573    23.7829 -9.990e-29
 220.416395      0.285  37.078034    12.7132    7.62459      0.283    31.5580    23.7831 -9.990e-29
 220.416400      0.271  37.081651    12.7144    7.61899      0.269    31.5604    23.7848 -9.990e-29
 220.416406      0.257  37.084799    12.7146    7.62149      0.255    31.5632    23.7869 -9.990e-29
 220.416412      0.250  37.086075    12.7139    7.61713      0.248    31.5650    23.7884 -9.990e-29
 220.416418      0.253  37.085504    12.7133    7.60461      0.251    31.5650    23.7885 -9.990e-29
 220.416424      0.263  37.085130    12.7134    7.59868      0.261    31.5645    23.7881 -9.990e-29
 220.416429      0.277  37.086140    12.7132    7.58782      0.275    31.5656    23.7890 -9.990e-29
 220.416435      0.294  37.087078    12.7125    7.60221      0.292    31.5671    23.7903 -9.990e-29
 220.416441      0.312  37.086957    12.7122    7.60506      0.309    31.5672    23.7905 -9.990e-29
 220.416447      0.323  37.086741    12.7126    7.62148      0.320    31.5667    23.7900 -9.990e-29
 220.416453      0.324  37.087264    12.7136    7.60747      0.321    31.5663    23.7895 -9.990e-29
 220.416458      0.319  37.088106    12.7149    7.60028      0.316    31.5661    23.7890 -9.990e-29
 220.416464      0.316  37.088713    12.7157    7.60727      0.313    31.5660    23.7888 -9.990e-29
 220.416470      0.324  37.089339    12.7155    7.61180      0.321    31.5667    23.7894 -9.990e-29
 220.416476      0.347  37.089141    12.7145    7.62239      0.344    31.5674    23.7901 -9.990e-29
 220.416481      0.379  37.087296    12.7135    7.61586      0.376    31.5664    23.7896 -9.990e-29
 220.416487      0.404  37.085834    12.7137    7.60338      0.401    31.5649    23.7884 -9.990e-29
 220.416493      0.411  37.086170    12.7153    7.60360      0.408    31.5639    23.7873 -9.990e-29
 220.416499      0.401  37.087635    12.7173    7.60022      0.398    31.5636    23.7867 -9.990e-29
 220.416505      0.385  37.089941    12.7187    7.60345      0.382    31.5646    23.7872 -9.990e-29
 220.416510      0.376  37.092244    12.7194    7.61138      0.373    31.5662    23.7883 -9.990e-29
 220.416516      0.377  37.093136    12.7195    7.60431      0.374    31.5669    23.7889 -9.990e-29
 220.416522      0.384  37.093251    12.7195    7.61173      0.381    31.5671    23.7889 -9.990e-29
 220.416528      0.393  37.093867    12.7197    7.59800      0.390    31.5675    23.7892 -9.990e-29
 220.416534      0.405  37.094686    12.7201    7.59412      0.402    31.5679    23.7895 -9.990e-29
 220.416539      0.416  37.095122    12.7206    7.59672      0.413    31.5679    23.7894 -9.990e-29
 220.416545      0.423  37.095201    12.7210    7.59701      0.419    31.5676    23.7891 -9.990e-29
 220.416551      0.426  37.095030    12.7207    7.60888      0.422    31.5677    23.7892 -9.990e-29
 220.416557      0.425  37.094387    12.7202    7.59699      0.421    31.5675    23.7892 -9.990e-29
 220.416563      0.420  37.093538    12.7203    7.58899      0.416    31.5666    23.7885 -9.990e-29
 220.416568      0.412  37.093597    12.7214    7.59105      0.409    31.5658    23.7876 -9.990e-29
 220.416574      0.402  37.094645    12.7230    7.58561      0.399    31.5654    23.7870 -9.990e-29
 220.416580      0.401  37.095842    12.7241    7.59897      0.398    31.5656    23.7870 -9.990e-29
 220.416586      0.411  37.097106    12.7237    7.60229      0.408    31.5672    23.7882 -9.990e-29
 220.416591      0.434  37.097325    12.7223    7.58901      0.430    31.5685    23.7896 -9.990e-29
 220.416597      0.462  37.095671    12.7213    7.59311      0.458    31.5678    23.7892 -9.990e-29
 220.416603      0.480  37.094429    12.7213    7.58429      0.476    31.5666    23.7883 -9.990e-29
 220.416609      0.485  37.094746    12.7218    7.58020      0.481    31.5665    23.7881 -9.990e-29
 220.416615      0.486  37.095368    12.7220    7.58342      0.482    31.5669    23.7884 -9.990e-29
 220.416620      0.487  37.096008    12.7222    7.58188      0.483    31.5674    23.7887 -9.990e-29
 220.416626      0.488  37.096402    12.7218    7.58744      0.484    31.5681    23.7893 -9.990e-29
 220.416632      0.493  37.095396    12.7207    7.59493      0.489    31.5680    23.7895 -9.990e-29
 220.416638      0.508  37.093896    12.7203    7.59778      0.504    31.5669    23.7887 -9.990e-29
 220.416644      0.524  37.093829    12.7215    7.59195      0.520    31.5659    23.7876 -9.990e-29
 220.416649      0.529  37.094549    12.7235    7.59361      0.525    31.5649    23.7865 -9.990e-29
 220.416655      0.525  37.094776    12.7243    7.58100      0.521    31.5644    23.7860 -9.990e-29
 220.416661      0.523  37.094256    12.7222    7.58613      0.519    31.5657    23.7874 -9.990e-29
 220.416667      0.532  37.092300    12.7184    7.58942      0.528    31.5670    23.7891 -9.990e-29
 220.416672      0.544  37.089666    12.7162    7.58303      0.539    31.5664    23.7890 -9.990e-29
 220.416678      0.547  37.089012    12.7162    7.57924      0.542    31.5657    23.7886 -9.990e-29
 220.416684      0.541  37.090031    12.7169    7.57459      0.536    31.5661    23.7887 -9.990e-29
 220.416690      0.535  37.090721    12.7174    7.57811      0.531    31.5664    23.7888 -9.990e-29
 220.416696      0.536  37.090883    12.7174    7.58098      0.532    31.5665    23.7889 -9.990e-29
 220.416701      0.544  37.090177    12.7169    7.58370      0.539    31.5663    23.7888 -9.990e-29
 220.416707      0.552  37.089349    12.7161    7.57724      0.547    31.5661    23.7889 -9.990e-29
 220.416713      0.556  37.089540    12.7151    7.57146      0.551    31.5672    23.7899 -9.990e-29
 220.416719      0.556  37.089325    12.7139    7.58100      0.551    31.5680    23.7907 -9.990e-29
 220.416725      0.555  37.088422    12.7134    7.58048      0.550    31.5675    23.7905 -9.990e-29
 220.416730      0.560  37.087871    12.7136    7.57650      0.555    31.5668    23.7899 -9.990e-29
 220.416736      0.565  37.087505    12.7133    7.57496      0.560    31.5667    23.7899 -9.990e-29
 220.416742      0.566  37.087399    12.7125    7.56461      0.561    31.5673    23.7905 -9.990e-29
 220.416748      0.569  37.087413    12.7122    7.56204      0.564    31.5676    23.7907 -9.990e-29
 220.416753      0.576  37.087010    12.7124    7.57612      0.571    31.5670    23.7903 -9.990e-29
 220.416759      0.590  37.086219    12.7126    7.56379      0.585    31.5661    23.7895 -9.990e-29
 220.416765      0.610  37.085108    12.7126    7.56152      0.605    31.5650    23.7887 -9.990e-29
 220.416771      0.629  37.084443    12.7127    7.56188      0.624    31.5643    23.7881 -9.990e-29
 220.416777      0.636  37.085020    12.7128    7.55483      0.631    31.5648    23.7885 -9.990e-29
 220.416782      0.632  37.085932    12.7128    7.56415      0.627    31.5656    23.7891 -9.990e-29
 220.416788      0.624  37.086154    12.7123    7.56393      0.619    31.5663    23.7897 -9.990e-29
 220.416794      0.620  37.085427    12.7108    7.56357      0.615    31.5668    23.7904 -9.990e-29
 220.416800      0.625  37.083346    12.7090    7.56113      0.620    31.5664    23.7904 -9.990e-29
 220.416806      0.635  37.081063    12.7086    7.56453      0.630    31.5645    23.7891 -9.990e-29
 220.416811      0.646  37.081144    12.7097    7.55888      0.641    31.5637    23.7882 -9.990e-29
 220.416817      0.658  37.083139    12.7105    7.55416      0.653    31.5649    23.7890 -9.990e-29
 220.416823      0.668  37.084666    12.7096    7.56078      0.662    31.5671    23.7909 -9.990e-29
