data/oxygen options/ONMS/Olympic_Coast_National_Marine_Sanctuary_CTD_Data_2005_2023/raw_data/2007/CTD_CA065_050107faedb.cnv
* Sea-Bird SBE19 Data File:
* FileName = C:\2007_mooring_data\CTD_CA065_050107.hex
* Software Version 1.1.6
* Temperature SN = 2997
* Conductivity SN = 2997
* System UpLoad Time = May 01 2007 13:48:02
* SEACAT PROFILER V3.1c SN 2997   05/01/07  13:47:33.731
* strain gauge pressure sensor: S/N = 184829,  range = 3000 psia,  tc = 40
# nquan = 9
# nvalues = 63                          
# units = specified
# name 0 = timeJ: Julian Days
# name 1 = prSM: Pressure, Strain Gauge [db]
# name 2 = c0mS/cm: Conductivity [mS/cm]
# name 3 = t090C: Temperature [ITS-90, deg C]
# name 4 = oxML/L: Oxygen, Beckman/YSI [ml/l]
# name 5 = depSM: Depth [salt water, m], lat = 47.5
# name 6 = sal00: Salinity, Practical [PSU]
# name 7 = sigma-é00: Density [sigma-theta, kg/m^3]
# name 8 = flag: flag
# span 0 = 121.556158, 121.556931       
# span 1 =      1.000,     63.000       
# span 2 =  33.025588,  34.718287       
# span 3 =     7.4959,    10.5526       
# span 4 =    2.41281,    7.44990       
# span 5 =      0.992,     62.464       
# span 6 =    29.4344,    33.8233       
# span 7 =    22.5204,    26.4236       
# span 8 = 0.0000e+00, 0.0000e+00       
# interval = decibars: 1                
# start_time = May 01 2007 13:17:00 [Instrument's time stamp, header]
# bad_flag = -9.990e-29
*END*
 121.556158      1.000  33.042186    10.5526    7.44990      0.992    29.4344    22.5204 0.0000e+00
 121.556182      2.000  33.041020    10.5299    7.31097      1.983    29.4512    22.5372 0.0000e+00
 121.556197      3.000  33.030357    10.4599    7.21449      2.975    29.4969    22.5843 0.0000e+00
 121.556209      4.000  33.026380    10.3505    7.06040      3.967    29.5814    22.6680 0.0000e+00
 121.556222      5.000  33.025588    10.2179    6.88584      4.958    29.6883    22.7728 0.0000e+00
 121.556234      6.000  33.029546    10.0629    6.82366      5.950    29.8191    22.8997 0.0000e+00
 121.556245      7.000  33.067347     9.8420    6.68449      6.941    30.0397    23.1070 0.0000e+00
 121.556257      8.000  33.181766     9.5795    6.40870      7.933    30.3756    23.4105 0.0000e+00
 121.556267      9.000  33.277684     9.3682    6.10466      8.925    30.6520    23.6593 0.0000e+00
 121.556278     10.000  33.285106     9.2423    5.87670      9.916    30.7673    23.7687 0.0000e+00
 121.556290     11.000  33.283271     9.1567    5.74734     10.908    30.8389    23.8380 0.0000e+00
 121.556300     12.000  33.286371     9.0796    5.73038     11.900    30.9084    23.9041 0.0000e+00
 121.556312     13.000  33.316147     9.0264    5.72149     12.891    30.9849    23.9720 0.0000e+00
 121.556322     14.000  33.353283     8.9966    5.70075     13.883    31.0487    24.0265 0.0000e+00
 121.556335     15.000  33.390916     8.9908    5.69376     14.874    31.0923    24.0614 0.0000e+00
 121.556349     16.000  33.405494     8.9670    5.60438     15.866    31.1277    24.0927 0.0000e+00
 121.556362     17.000  33.452814     8.9245    5.37926     16.857    31.2134    24.1663 0.0000e+00
 121.556374     18.000  33.484204     8.8955    5.03413     17.849    31.2710    24.2157 0.0000e+00
 121.556386     19.000  33.498775     8.7899    4.64762     18.840    31.3790    24.3161 0.0000e+00
 121.556397     20.000  33.546343     8.5975    4.43893     19.832    31.5993    24.5174 0.0000e+00
 121.556409     21.000  33.610899     8.4560    4.30596     20.824    31.7934    24.6905 0.0000e+00
 121.556421     22.000  33.661991     8.3755    4.25811     21.815    31.9194    24.8011 0.0000e+00
 121.556434     23.000  33.687169     8.3644    4.16659     22.807    31.9556    24.8311 0.0000e+00
 121.556449     24.000  33.707568     8.2941    4.05667     23.798    32.0405    24.9080 0.0000e+00
 121.556462     25.000  33.748521     8.2316    3.98640     24.790    32.1403    24.9954 0.0000e+00
 121.556475     26.000  33.783946     8.1875    4.00472     25.782    32.2177    25.0625 0.0000e+00
 121.556486     27.000  33.821338     8.1628    4.16312     26.773    32.2795    25.1147 0.0000e+00
 121.556499     28.000  33.890718     8.1911    4.39295     27.764    32.3265    25.1475 0.0000e+00
 121.556511     29.000  34.026939     8.2529    4.51008     28.756    32.4132    25.2063 0.0000e+00
 121.556524     30.000  34.120642     8.2969    4.56346     29.748    32.4711    25.2453 0.0000e+00
 121.556537     31.000  34.153606     8.3109    4.52162     30.739    32.4925    25.2600 0.0000e+00
 121.556550     32.000  34.162514     8.3089    4.34015     31.731    32.5033    25.2688 0.0000e+00
 121.556563     33.000  34.185874     8.2808    4.00750     32.722    32.5535    25.3123 0.0000e+00
 121.556575     34.000  34.203982     8.2033    3.73488     33.713    32.6442    25.3949 0.0000e+00
 121.556588     35.000  34.183833     8.1225    3.57987     34.705    32.6975    25.4486 0.0000e+00
 121.556601     36.000  34.167938     8.0717    3.50695     35.697    32.7277    25.4797 0.0000e+00
 121.556615     37.000  34.177274     8.0358    3.46530     36.688    32.7707    25.5187 0.0000e+00
 121.556629     38.000  34.210854     8.0247    3.43051     37.680    32.8164    25.5562 0.0000e+00
 121.556643     39.000  34.297279     8.0153    3.40372     38.671    32.9169    25.6364 0.0000e+00
 121.556658     40.000  34.351485     8.0040    3.41007     39.663    32.9847    25.6913 0.0000e+00
 121.556672     41.000  34.430186     7.9952    3.44360     40.654    33.0765    25.7647 0.0000e+00
 121.556686     42.000  34.520109     8.0003    3.42679     41.645    33.1672    25.8351 0.0000e+00
 121.556698     43.000  34.593205     7.9826    3.28305     42.636    33.2616    25.9118 0.0000e+00
 121.556710     44.000  34.636225     7.9270    3.03680     43.628    33.3600    25.9972 0.0000e+00
 121.556723     45.000  34.643275     7.8620    2.82359     44.619    33.4293    26.0611 0.0000e+00
 121.556734     46.000  34.641459     7.7696    2.72872     45.611    33.5155    26.1422 0.0000e+00
 121.556747     47.000  34.642696     7.7193    2.68026     46.603    33.5648    26.1883 0.0000e+00
 121.556757     48.000  34.651996     7.7083    2.66563     47.594    33.5850    26.2056 0.0000e+00
 121.556769     49.000  34.667917     7.7010    2.65302     48.585    33.6087    26.2254 0.0000e+00
 121.556780     50.000  34.687065     7.6897    2.65369     49.576    33.6397    26.2514 0.0000e+00
 121.556790     51.000  34.705267     7.6744    2.64630     50.568    33.6737    26.2803 0.0000e+00
 121.556800     52.000  34.717659     7.6581    2.62422     51.560    33.7023    26.3052 0.0000e+00
 121.556810     53.000  34.718287     7.6420    2.58609     52.551    33.7182    26.3200 0.0000e+00
 121.556821     54.000  34.714501     7.6200    2.53672     53.542    33.7348    26.3362 0.0000e+00
 121.556831     55.000  34.707821     7.5866    2.50343     54.534    33.7596    26.3605 0.0000e+00
 121.556843     56.000  34.699146     7.5484    2.46483     55.525    33.7869    26.3874 0.0000e+00
 121.556855     57.000  34.692850     7.5266    2.44765     56.516    33.8009    26.4015 0.0000e+00
 121.556866     58.000  34.690195     7.5133    2.43296     57.508    33.8105    26.4110 0.0000e+00
 121.556878     59.000  34.688150     7.5042    2.42305     58.499    33.8166    26.4171 0.0000e+00
 121.556890     60.000  34.687478     7.4985    2.41575     59.491    33.8210    26.4214 0.0000e+00
 121.556902     61.000  34.687863     7.4973    2.41415     60.482    33.8221    26.4224 0.0000e+00
 121.556915     62.000  34.687966     7.4961    2.41412     61.473    33.8229    26.4232 0.0000e+00
 121.556931     63.000  34.688733     7.4959    2.41281     62.464    33.8233    26.4236 0.0000e+00
