data/oxygen options/ONMS/Olympic_Coast_National_Marine_Sanctuary_CTD_Data_2005_2023/raw_data/2007/CTD_CA042_071007faedb.cnv
* Sea-Bird SBE19 Data File:
* FileName = C:\2007_mooring_data\CTD_CA065_071007.hex
* Software Version 1.1.6
* Temperature SN = 2997
* Conductivity SN = 2997
* System UpLoad Time = Jul 10 2007 15:58:58
* SEACAT PROFILER V3.1c SN 2997   07/10/07  15:58:29.486
* strain gauge pressure sensor: S/N = 184829,  range = 3000 psia,  tc = 40
# nquan = 9
# nvalues = 38                          
# units = specified
# name 0 = timeJ: Julian Days
# name 1 = prSM: Pressure, Strain Gauge [db]
# name 2 = c0mS/cm: Conductivity [mS/cm]
# name 3 = t090C: Temperature [ITS-90, deg C]
# name 4 = oxML/L: Oxygen, Beckman/YSI [ml/l]
# name 5 = depSM: Depth [salt water, m], lat = 47.5
# name 6 = sal00: Salinity, Practical [PSU]
# name 7 = sigma-é00: Density [sigma-theta, kg/m^3]
# name 8 = flag: flag
# span 0 = 191.642514, 191.642891       
# span 1 =      2.000,     39.000       
# span 2 =  33.928310,  36.924285       
# span 3 =     6.8601,    11.9115       
# span 4 =    2.33171,    5.30563       
# span 5 =      1.984,     38.671       
# span 6 =    32.0907,    33.6261       
# span 7 =    24.3471,    26.3559       
# span 8 = 0.0000e+00, 0.0000e+00       
# interval = decibars: 1                
# start_time = Jul 10 2007 15:21:51 [Instrument's time stamp, header]
# bad_flag = -9.990e-29
*END*
 191.642514      2.000  36.924285    11.9115    5.30563      1.984    32.0907    24.3471 0.0000e+00
 191.642539      3.000  36.689012    11.5024    4.93604      2.975    32.2164    24.5190 0.0000e+00
 191.642552      4.000  36.245381    10.9152    4.76190      3.967    32.2937    24.6833 0.0000e+00
 191.642564      5.000  35.899709    10.5141    4.68317      4.958    32.3038    24.7610 0.0000e+00
 191.642573      6.000  35.712771    10.2399    4.62909      5.950    32.3597    24.8510 0.0000e+00
 191.642583      7.000  35.531301    10.0093    4.60305      6.942    32.3822    24.9070 0.0000e+00
 191.642592      8.000  35.397104     9.8555    4.55472      7.933    32.3837    24.9336 0.0000e+00
 191.642601      9.000  35.322614     9.7500    4.53357      8.925    32.4023    24.9653 0.0000e+00
 191.642610     10.000  35.254224     9.6492    4.50514      9.916    32.4230    24.9979 0.0000e+00
 191.642619     11.000  35.193476     9.5505    4.46104     10.908    32.4496    25.0347 0.0000e+00
 191.642627     12.000  35.133321     9.4320    4.41095     11.900    32.4948    25.0891 0.0000e+00
 191.642636     13.000  35.062253     9.3124    4.39557     12.891    32.5299    25.1355 0.0000e+00
 191.642645     14.000  34.998151     9.2179    4.36092     13.883    32.5495    25.1658 0.0000e+00
 191.642653     15.000  34.940504     9.1277    4.14871     14.874    32.5718    25.1974 0.0000e+00
 191.642662     16.000  34.883566     9.0381    3.94460     15.866    32.5943    25.2291 0.0000e+00
 191.642672     17.000  34.842821     8.9650    3.75751     16.857    32.6186    25.2595 0.0000e+00
 191.642680     18.000  34.800168     8.8369    3.52008     17.849    32.6915    25.3364 0.0000e+00
 191.642690     19.000  34.673126     8.5092    3.26595     18.841    32.8616    25.5196 0.0000e+00
 191.642699     20.000  34.469934     8.1904    3.09332     19.832    32.9448    25.6323 0.0000e+00
 191.642708     21.000  34.346104     7.9955    2.98286     20.824    32.9960    25.7011 0.0000e+00
 191.642718     22.000  34.285046     7.8333    2.89189     21.815    33.0837    25.7935 0.0000e+00
 191.642727     23.000  34.210479     7.6136    2.81614     22.807    33.2123    25.9259 0.0000e+00
 191.642736     24.000  34.131732     7.4189    2.77317     23.798    33.3132    26.0327 0.0000e+00
 191.642745     25.000  34.089884     7.3179    2.75258     24.790    33.3646    26.0873 0.0000e+00
 191.642755     26.000  34.069858     7.2629    2.71918     25.781    33.3955    26.1192 0.0000e+00
 191.642763     27.000  34.055830     7.2286    2.68301     26.773    33.4128    26.1376 0.0000e+00
 191.642772     28.000  34.051310     7.2031    2.62998     27.765    33.4321    26.1563 0.0000e+00
 191.642782     29.000  34.056718     7.1582    2.54382     28.756    33.4810    26.2011 0.0000e+00
 191.642791     30.000  34.045887     7.0865    2.51165     29.747    33.5384    26.2560 0.0000e+00
 191.642801     31.000  34.029243     7.0384    2.51023     30.739    33.5666    26.2849 0.0000e+00
 191.642811     32.000  34.033097     7.0290    2.49193     31.731    33.5795    26.2962 0.0000e+00
 191.642820     33.000  34.038828     7.0297    2.47026     32.722    33.5846    26.3002 0.0000e+00
 191.642831     34.000  34.039907     7.0257    2.45386     33.714    33.5893    26.3044 0.0000e+00
 191.642840     35.000  34.037235     7.0093    2.40661     34.705    33.6018    26.3165 0.0000e+00
 191.642851     36.000  34.007665     6.9604    2.36142     35.696    33.6166    26.3349 0.0000e+00
 191.642862     37.000  33.962542     6.9086    2.33953     36.688    33.6173    26.3424 0.0000e+00
 191.642874     38.000  33.936385     6.8721    2.33293     37.679    33.6238    26.3525 0.0000e+00
 191.642891     39.000  33.928310     6.8601    2.33171     38.671    33.6261    26.3559 0.0000e+00
