data/oxygen options/ONMS/Olympic_Coast_National_Marine_Sanctuary_CTD_Data_2005_2023/raw_data/2007/CTD_CA065_080707faed.cnv
* Sea-Bird SBE19 Data File:
* FileName = C:\2007_mooring_data\CTD_CA065_080707.hex
* Software Version 1.1.6
* Temperature SN = 2997
* Conductivity SN = 2997
* System UpLoad Time = Aug 07 2007 14:03:03
* SEACAT PROFILER V3.1c SN 2997   08/07/07  14:02:28.748
* strain gauge pressure sensor: S/N = 184829,  range = 3000 psia,  tc = 40
# nquan = 9                                 
# nvalues = 1983                        
# units = specified
# name 0 = timeJ: Julian Days
# name 1 = prSM: Pressure, Strain Gauge [db]
# name 2 = c0mS/cm: Conductivity [mS/cm]
# name 3 = t090C: Temperature [ITS-90, deg C]
# name 4 = oxML/L: Oxygen, Beckman/YSI [ml/l]
# name 5 = depSM: Depth [salt water, m], lat = 47.5
# name 6 = sal00: Salinity, Practical [PSU]
# name 7 = sigma-é00: Density [sigma-theta, kg/m^3]
# name 8 = flag: flag
# span 0 = 219.558993, 219.570463       
# span 1 =     -5.414,     64.091       
# span 2 =   0.639723,  37.938804       
# span 3 =     7.0415,    14.5027       
# span 4 =   -0.06913,   30.22631       
# span 5 =     -5.369,     63.546       
# span 6 =     0.3955,    33.6835       
# span 7 =    -0.5075,    26.3737       
# span 8 = 0.0000e+00, 0.0000e+00       
# interval = seconds: 0.5
# start_time = Aug 07 2007 13:24:57 [Instrument's time stamp, header]
# bad_flag = -9.990e-29
*END*
[from data line 1281]
 219.566406     21.748  34.339033     8.5760    3.43239     21.565    32.4476    25.1852 -9.990e-29
 219.566412     21.687  34.339554     8.5791    3.42673     21.505    32.4453    25.1829 -9.990e-29
 219.566418     21.638  34.340165     8.5806    3.41697     21.456    32.4446    25.1821 -9.990e-29
 219.566424     21.610  34.340558     8.5817    3.41871     21.429    32.4440    25.1815 -9.990e-29
 219.566429     21.601  34.340693     8.5824    3.42626     21.420    32.4435    25.1810 -9.990e-29
 219.566435     21.602  34.340747     8.5826    3.42971     21.421    32.4434    25.1809 -9.990e-29
 219.566441     21.605  34.340228     8.5823    3.42606     21.424    32.4431    25.1807 -9.990e-29
 219.566447     21.606  34.338999     8.5815    3.43728     21.425    32.4426    25.1804 -9.990e-29
 219.566453     21.609  34.338221     8.5798    3.42964     21.428    32.4433    25.1812 -9.990e-29
 219.566458     21.618  34.338532     8.5785    3.43797     21.436    32.4448    25.1826 -9.990e-29
 219.566464     21.630  34.339785     8.5791    3.43920     21.448    32.4456    25.1831 -9.990e-29
 219.566470     21.633  34.340842     8.5805    3.43441     21.451    32.4454    25.1828 -9.990e-29
 219.566476     21.618  34.340868     8.5813    3.43615     21.436    32.4447    25.1821 -9.990e-29
 219.566481     21.589  34.341012     8.5816    3.44035     21.408    32.4446    25.1820 -9.990e-29
 219.566487     21.551  34.341462     8.5817    3.42621     21.370    32.4450    25.1823 -9.990e-29
 219.566493     21.517  34.341697     8.5819    3.43077     21.336    32.4451    25.1823 -9.990e-29
 219.566499     21.492  34.342026     8.5823    3.43048     21.312    32.4451    25.1822 -9.990e-29
 219.566505     21.474  34.342323     8.5828    3.42983     21.294    32.4449    25.1820 -9.990e-29
 219.566510     21.467  34.342421     8.5831    3.43604     21.287    32.4448    25.1819 -9.990e-29
 219.566516     21.475  34.342448     8.5833    3.43219     21.295    32.4446    25.1817 -9.990e-29
 219.566522     21.494  34.342434     8.5836    3.42375     21.314    32.4443    25.1814 -9.990e-29
 219.566528     21.515  34.342358     8.5841    3.42208     21.334    32.4438    25.1809 -9.990e-29
 219.566534     21.538  34.342115     8.5846    3.43056     21.357    32.4430    25.1803 -9.990e-29
 219.566539     21.558  34.340814     8.5848    3.42516     21.377    32.4415    25.1790 -9.990e-29
 219.566545     21.564  34.339519     8.5849    3.42771     21.383    32.4400    25.1779 -9.990e-29
 219.566551     21.549  34.340422     8.5850    3.43367     21.368    32.4409    25.1785 -9.990e-29
 219.566557     21.518  34.341922     8.5848    3.43346     21.337    32.4427    25.1800 -9.990e-29
 219.566563     21.484  34.342654     8.5848    3.42966     21.304    32.4434    25.1806 -9.990e-29
 219.566568     21.453  34.343028     8.5852    3.43331     21.273    32.4435    25.1805 -9.990e-29
 219.566574     21.432  34.342979     8.5852    3.42334     21.252    32.4434    25.1805 -9.990e-29
 219.566580     21.426  34.343000     8.5851    3.42410     21.246    32.4436    25.1806 -9.990e-29
 219.566586     21.442  34.343117     8.5851    3.43352     21.262    32.4437    25.1807 -9.990e-29
 219.566591     21.470  34.342922     8.5852    3.42519     21.290    32.4434    25.1804 -9.990e-29
 219.566597     21.501  34.342710     8.5852    3.42763     21.320    32.4431    25.1803 -9.990e-29
 219.566603     21.530  34.342751     8.5851    3.43331     21.349    32.4432    25.1804 -9.990e-29
 219.566609     21.558  34.343099     8.5853    3.44161     21.377    32.4434    25.1805 -9.990e-29
 219.566615     21.580  34.343653     8.5859    3.43898     21.399    32.4434    25.1804 -9.990e-29
 219.566620     21.597  34.344026     8.5863    3.43447     21.416    32.4435    25.1803 -9.990e-29
 219.566626     21.612  34.344152     8.5863    3.42979     21.431    32.4436    25.1804 -9.990e-29
 219.566632     21.625  34.344194     8.5862    3.42037     21.443    32.4437    25.1806 -9.990e-29
 219.566638     21.633  34.344204     8.5862    3.43794     21.451    32.4437    25.1806 -9.990e-29
 219.566644     21.632  34.344192     8.5864    3.44171     21.450    32.4435    25.1804 -9.990e-29
 219.566649     21.621  34.344137     8.5867    3.43530     21.439    32.4432    25.1801 -9.990e-29
 219.566655     21.605  34.343963     8.5871    3.43359     21.424    32.4426    25.1796 -9.990e-29
 219.566661     21.591  34.343622     8.5871    3.42604     21.410    32.4423    25.1793 -9.990e-29
 219.566667     21.582  34.343219     8.5866    3.41967     21.401    32.4423    25.1794 -9.990e-29
 219.566672     21.578  34.342958     8.5860    3.42960     21.397    32.4426    25.1797 -9.990e-29
 219.566678     21.579  34.343045     8.5857    3.43986     21.398    32.4430    25.1801 -9.990e-29
 219.566684     21.584  34.343216     8.5859    3.42780     21.403    32.4430    25.1800 -9.990e-29
 219.566690     21.594  34.343137     8.5863    3.42595     21.413    32.4425    25.1796 -9.990e-29
 219.566696     21.610  34.343258     8.5866    3.42804     21.429    32.4424    25.1795 -9.990e-29
 219.566701     21.632  34.343734     8.5868    3.42134     21.450    32.4427    25.1797 -9.990e-29
 219.566707     21.657  34.344074     8.5869    3.42694     21.475    32.4429    25.1798 -9.990e-29
 219.566713     21.676  34.344165     8.5868    3.43324     21.494    32.4431    25.1800 -9.990e-29
 219.566719     21.679  34.344124     8.5866    3.43316     21.497    32.4432    25.1801 -9.990e-29
 219.566725     21.671  34.343891     8.5865    3.42875     21.489    32.4431    25.1800 -9.990e-29
 219.566730     21.661  34.343711     8.5864    3.42511     21.479    32.4430    25.1800 -9.990e-29
 219.566736     21.657  34.343901     8.5862    3.41322     21.475    32.4434    25.1803 -9.990e-29
 219.566742     21.658  34.344151     8.5861    3.42981     21.476    32.4437    25.1806 -9.990e-29
 219.566748     21.656  34.344229     8.5863    3.43708     21.474    32.4436    25.1805 -9.990e-29
 219.566753     21.646  34.344233     8.5866    3.43060     21.464    32.4434    25.1802 -9.990e-29
 219.566759     21.627  34.344163     8.5866    3.43708     21.445    32.4433    25.1802 -9.990e-29
 219.566765     21.604  34.343920     8.5865    3.43152     21.423    32.4432    25.1801 -9.990e-29
 219.566771     21.587  34.343737     8.5866    3.42595     21.406    32.4429    25.1799 -9.990e-29
 219.566777     21.587  34.343927     8.5866    3.42511     21.406    32.4431    25.1800 -9.990e-29
 219.566782     21.605  34.344179     8.5867    3.42981     21.424    32.4432    25.1801 -9.990e-29
 219.566788     21.630  34.344266     8.5867    3.42540     21.448    32.4433    25.1802 -9.990e-29
 219.566794     21.645  34.344298     8.5865    3.43515     21.463    32.4435    25.1804 -9.990e-29
 219.566800     21.643  34.344311     8.5863    3.44348     21.461    32.4437    25.1806 -9.990e-29
 219.566806     21.633  34.344318     8.5862    3.43501     21.451    32.4438    25.1807 -9.990e-29
 219.566811     21.627  34.344322     8.5862    3.43522     21.445    32.4438    25.1807 -9.990e-29
 219.566817     21.628  34.344326     8.5863    3.43793     21.446    32.4438    25.1806 -9.990e-29
 219.566823     21.637  34.344329     8.5864    3.42967     21.455    32.4437    25.1805 -9.990e-29
 219.566829     21.649  34.344333     8.5865    3.43166     21.467    32.4436    25.1804 -9.990e-29
 219.566834     21.658  34.344337     8.5863    3.43803     21.476    32.4438    25.1806 -9.990e-29
 219.566840     21.660  34.344340     8.5862    3.42974     21.478    32.4438    25.1807 -9.990e-29
 219.566846     21.649  34.344344     8.5866    3.43169     21.467    32.4435    25.1803 -9.990e-29
 219.566852     21.627  34.344347     8.5869    3.42974     21.445    32.4432    25.1801 -9.990e-29
 219.566858     21.603  34.344351     8.5869    3.42774     21.422    32.4432    25.1801 -9.990e-29
 219.566863     21.590  34.344355     8.5867    3.42297     21.409    32.4434    25.1803 -9.990e-29
 219.566869     21.590  34.344361     8.5867    3.43785     21.409    32.4434    25.1803 -9.990e-29
 219.566875     21.600  34.344375     8.5866    3.42496     21.419    32.4435    25.1804 -9.990e-29
 219.566881     21.616  34.344410     8.5866    3.42311     21.434    32.4436    25.1804 -9.990e-29
 219.566887     21.634  34.344506     8.5869    3.43148     21.452    32.4434    25.1802 -9.990e-29
 219.566892     21.648  34.344787     8.5871    3.42956     21.466    32.4435    25.1803 -9.990e-29
 219.566898     21.654  34.345060     8.5872    3.43690     21.472    32.4437    25.1804 -9.990e-29
 219.566904     21.648  34.345125     8.5872    3.44271     21.466    32.4438    25.1804 -9.990e-29
 219.566910     21.624  34.345066     8.5873    3.43344     21.442    32.4436    25.1803 -9.990e-29
 219.566916     21.591  34.344798     8.5874    3.42332     21.410    32.4433    25.1800 -9.990e-29
 219.566921     21.564  34.344520     8.5875    3.42781     21.383    32.4429    25.1797 -9.990e-29
 219.566927     21.549  34.344417     8.5874    3.42795     21.368    32.4429    25.1797 -9.990e-29
 219.566933     21.540  34.344350     8.5872    3.42511     21.359    32.4430    25.1798 -9.990e-29
 219.566939     21.534  34.344224     8.5870    3.43257     21.353    32.4430    25.1799 -9.990e-29
 219.566944     21.529  34.343864     8.5869    3.42318     21.348    32.4428    25.1797 -9.990e-29
 219.566950     21.531  34.343347     8.5870    3.42329     21.350    32.4421    25.1792 -9.990e-29
 219.566956     21.546  34.343101     8.5872    3.43351     21.365    32.4417    25.1788 -9.990e-29
 219.566962     21.577  34.343353     8.5874    3.43343     21.396    32.4417    25.1788 -9.990e-29
 219.566968     21.612  34.343875     8.5876    3.42881     21.431    32.4421    25.1791 -9.990e-29
 219.566973     21.636  34.344235     8.5874    3.43333     21.454    32.4426    25.1795 -9.990e-29
 219.566979     21.644  34.344348     8.5868    3.42315     21.462    32.4433    25.1802 -9.990e-29
 219.566985     21.638  34.344361     8.5864    3.42322     21.456    32.4437    25.1805 -9.990e-29
 219.566991     21.628  34.344285     8.5865    3.43322     21.446    32.4435    25.1804 -9.990e-29
 219.566997     21.622  34.344016     8.5867    3.43340     21.440    32.4431    25.1800 -9.990e-29
 219.567002     21.622  34.343750     8.5867    3.42058     21.440    32.4428    25.1798 -9.990e-29
 219.567008     21.626  34.343687     8.5867    3.43096     21.444    32.4427    25.1797 -9.990e-29
 219.567014     21.624  34.343740     8.5866    3.43162     21.442    32.4429    25.1798 -9.990e-29
 219.567020     21.613  34.343973     8.5865    3.42706     21.431    32.4432    25.1801 -9.990e-29
 219.567025     21.596  34.344132     8.5867    3.43634     21.415    32.4432    25.1801 -9.990e-29
 219.567031     21.580  34.343863     8.5868    3.43155     21.399    32.4428    25.1798 -9.990e-29
 219.567037     21.568  34.343365     8.5866    3.42517     21.387    32.4425    25.1796 -9.990e-29
 219.567043     21.560  34.343091     8.5864    3.43263     21.379    32.4424    25.1795 -9.990e-29
 219.567049     21.560  34.343232     8.5862    3.42336     21.379    32.4427    25.1798 -9.990e-29
 219.567054     21.572  34.343410     8.5860    3.43162     21.391    32.4431    25.1801 -9.990e-29
 219.567060     21.589  34.343297     8.5857    3.43445     21.408    32.4432    25.1803 -9.990e-29
 219.567066     21.597  34.343297     8.5857    3.43340     21.416    32.4432    25.1803 -9.990e-29
 219.567072     21.598  34.343406     8.5860    3.42696     21.417    32.4431    25.1801 -9.990e-29
 219.567078     21.597  34.343203     8.5862    3.42879     21.416    32.4427    25.1798 -9.990e-29
 219.567083     21.593  34.342975     8.5863    3.42321     21.412    32.4424    25.1795 -9.990e-29
 219.567089     21.589  34.342974     8.5863    3.43072     21.408    32.4424    25.1795 -9.990e-29
 219.567095     21.587  34.343195     8.5863    3.44296     21.406    32.4426    25.1797 -9.990e-29
 219.567101     21.581  34.343365     8.5862    3.42702     21.400    32.4429    25.1799 -9.990e-29
 219.567106     21.571  34.343148     8.5862    3.42528     21.390    32.4426    25.1797 -9.990e-29
 219.567112     21.557  34.342808     8.5864    3.42722     21.376    32.4421    25.1793 -9.990e-29
 219.567118     21.542  34.342449     8.5864    3.42969     21.361    32.4417    25.1790 -9.990e-29
 219.567124     21.529  34.342149     8.5863    3.42877     21.348    32.4415    25.1788 -9.990e-29
 219.567130     21.517  34.342064     8.5863    3.43340     21.336    32.4414    25.1788 -9.990e-29
 219.567135     21.510  34.342074     8.5862    3.43158     21.329    32.4415    25.1789 -9.990e-29
 219.567141     21.512  34.342190     8.5859    3.42506     21.331    32.4419    25.1792 -9.990e-29
 219.567147     21.523  34.341999     8.5856    3.42520     21.342    32.4420    25.1793 -9.990e-29
 219.567153     21.543  34.341804     8.5857    3.42143     21.362    32.4417    25.1791 -9.990e-29
 219.567159     21.566  34.342461     8.5859    3.42335     21.385    32.4422    25.1794 -9.990e-29
 219.567164     21.579  34.343159     8.5861    3.42691     21.398    32.4427    25.1798 -9.990e-29
 219.567170     21.580  34.343142     8.5863    3.43524     21.399    32.4425    25.1796 -9.990e-29
 219.567176     21.573  34.342943     8.5864    3.42873     21.392    32.4422    25.1794 -9.990e-29
 219.567182     21.566  34.342855     8.5864    3.42709     21.385    32.4421    25.1793 -9.990e-29
 219.567187     21.562  34.342754     8.5864    3.42531     21.381    32.4420    25.1792 -9.990e-29
 219.567193     21.562  34.342501     8.5863    3.40658     21.381    32.4419    25.1791 -9.990e-29
 219.567199     21.565  34.342314     8.5861    3.42325     21.384    32.4419    25.1791 -9.990e-29
 219.567205     21.568  34.342502     8.5857    3.42691     21.387    32.4424    25.1796 -9.990e-29
 219.567211     21.566  34.342750     8.5856    3.42308     21.385    32.4428    25.1799 -9.990e-29
 219.567216     21.563  34.342823     8.5860    3.43185     21.382    32.4425    25.1796 -9.990e-29
 219.567222     21.564  34.342813     8.5864    3.41879     21.383    32.4421    25.1793 -9.990e-29
 219.567228     21.569  34.342701     8.5866    3.41872     21.388    32.4418    25.1790 -9.990e-29
 219.567234     21.578  34.342335     8.5864    3.42880     21.397    32.4416    25.1789 -9.990e-29
 219.567240     21.586  34.341783     8.5861    3.42866     21.405    32.4413    25.1787 -9.990e-29
 219.567245     21.587  34.341424     8.5862    3.42511     21.406    32.4408    25.1783 -9.990e-29
 219.567251     21.580  34.341336     8.5863    3.42061     21.399    32.4406    25.1781 -9.990e-29
 219.567257     21.574  34.341394     8.5862    3.42462     21.393    32.4408    25.1783 -9.990e-29
 219.567263     21.572  34.341673     8.5859    3.42068     21.391    32.4414    25.1788 -9.990e-29
 219.567269     21.574  34.341979     8.5854    3.42246     21.393    32.4421    25.1795 -9.990e-29
 219.567274     21.580  34.342155     8.5852    3.42047     21.399    32.4425    25.1798 -9.990e-29
 219.567280     21.587  34.342431     8.5853    3.41042     21.406    32.4427    25.1799 -9.990e-29
 219.567286     21.590  34.342609     8.5857    3.42061     21.409    32.4425    25.1797 -9.990e-29
 219.567292     21.594  34.342363     8.5859    3.42232     21.413    32.4421    25.1793 -9.990e-29
 219.567297     21.608  34.341921     8.5858    3.41674     21.427    32.4417    25.1790 -9.990e-29
 219.567303     21.632  34.341811     8.5857    3.43264     21.450    32.4417    25.1790 -9.990e-29
 219.567309     21.656  34.341881     8.5855    3.43283     21.474    32.4419    25.1793 -9.990e-29
 219.567315     21.672  34.341658     8.5857    3.42711     21.490    32.4415    25.1789 -9.990e-29
 219.567321     21.682  34.341399     8.5861    3.41616     21.500    32.4408    25.1783 -9.990e-29
