data/oxygen options/ONMS/Olympic_Coast_National_Marine_Sanctuary_CTD_Data_2005_2023/raw_data/2007/CTD_MB042_080707faedb.cnv
* Sea-Bird SBE19 Data File:
* FileName = C:\2007_mooring_data\CTD_MB042_080707.hex
* Software Version 1.1.6
* Temperature SN = 2997
* Conductivity SN = 2997
* System UpLoad Time = Aug 07 2007 10:57:14
* SEACAT PROFILER V3.1c SN 2997   08/07/07  10:56:59.132
* strain gauge pressure sensor: S/N = 184829,  range = 3000 psia,  tc = 40
# nquan = 9
# nvalues = 31                          
# units = specified
# name 0 = timeJ: Julian Days
# name 1 = prSM: Pressure, Strain Gauge [db]
# name 2 = c0mS/cm: Conductivity [mS/cm]
# name 3 = t090C: Temperature [ITS-90, deg C]
# name 4 = oxML/L: Oxygen, Beckman/YSI [ml/l]
# name 5 = depSM: Depth [salt water, m], lat = 47.5
# name 6 = sal00: Salinity, Practical [PSU]
# name 7 = sigma-é00: Density [sigma-theta, kg/m^3]
# name 8 = flag: flag
# span 0 = 219.443256, 219.443659       
# span 1 =      2.000,     32.000       
# span 2 =  34.742746,  35.864564       
# span 3 =     8.4271,    11.4891       
# span 4 =    3.46169,    5.61813       
# span 5 =      1.984,     31.730       
# span 6 =    31.4241,    33.0059       
# span 7 =    23.9061,    25.6452       
# span 8 = 0.0000e+00, 0.0000e+00       
# interval = decibars: 1                
# start_time = Aug 07 2007 10:34:01 [Instrument's time stamp, header]
# bad_flag = -9.990e-29
*END*
 219.443256      2.000  35.864564    11.4891    5.61813      1.984    31.4241    23.9061 0.0000e+00
 219.443280      3.000  35.789424    11.3159    5.41740      2.975    31.4980    23.9944 0.0000e+00
 219.443297      4.000  35.721304    11.1273    5.33303      3.967    31.5923    24.1009 0.0000e+00
 219.443311      5.000  35.704463    11.0251    5.29762      4.958    31.6633    24.1741 0.0000e+00
 219.443324      6.000  35.715050    10.9844    5.27441      5.950    31.7084    24.2163 0.0000e+00
 219.443336      7.000  35.742805    10.9682    5.26740      6.941    31.7494    24.2510 0.0000e+00
 219.443348      8.000  35.773156    10.9513    5.21635      7.933    31.7935    24.2883 0.0000e+00
 219.443359      9.000  35.789047    10.9185    5.17015      8.925    31.8373    24.3281 0.0000e+00
 219.443372     10.000  35.799294    10.8906    5.13483      9.916    31.8712    24.3593 0.0000e+00
 219.443384     11.000  35.792257    10.8107    5.07704     10.908    31.9335    24.4217 0.0000e+00
 219.443395     12.000  35.781813    10.7326    5.09550     11.900    31.9908    24.4799 0.0000e+00
 219.443406     13.000  35.770069    10.6897    5.05575     12.891    32.0164    24.5072 0.0000e+00
 219.443417     14.000  35.755537    10.6507    4.86153     13.883    32.0357    24.5289 0.0000e+00
 219.443430     15.000  35.733978    10.6065    4.72596     14.874    32.0525    24.5496 0.0000e+00
 219.443442     16.000  35.703655    10.4776    4.61046     15.865    32.1354    24.6362 0.0000e+00
 219.443455     17.000  35.589147    10.1409    4.55039     16.857    32.3185    24.8356 0.0000e+00
 219.443466     18.000  35.487362     9.9647    4.44737     17.849    32.3729    24.9074 0.0000e+00
 219.443477     19.000  35.470742     9.9240    4.26950     18.841    32.3922    24.9292 0.0000e+00
 219.443488     20.000  35.444645     9.8419    4.07565     19.832    32.4390    24.9792 0.0000e+00
 219.443499     21.000  35.370612     9.6463    3.87957     20.824    32.5397    25.0898 0.0000e+00
 219.443511     22.000  35.257315     9.3475    3.74472     21.815    32.6949    25.2591 0.0000e+00
 219.443522     23.000  35.126273     9.0831    3.69828     22.807    32.8017    25.3844 0.0000e+00
 219.443533     24.000  35.024128     8.9126    3.67602     23.798    32.8525    25.4508 0.0000e+00
 219.443544     25.000  34.971857     8.8244    3.67996     24.790    32.8791    25.4853 0.0000e+00
 219.443555     26.000  34.956779     8.7958    3.68761     25.781    32.8895    25.4979 0.0000e+00
 219.443566     27.000  34.946611     8.7784    3.66362     26.773    32.8945    25.5045 0.0000e+00
 219.443576     28.000  34.931937     8.7473    3.61318     27.765    32.9077    25.5196 0.0000e+00
 219.443588     29.000  34.903056     8.6994    3.56020     28.756    32.9215    25.5378 0.0000e+00
 219.443601     30.000  34.867698     8.6134    3.49592     29.748    32.9641    25.5843 0.0000e+00
 219.443616     31.000  34.797678     8.4991    3.46169     30.739    32.9968    25.6273 0.0000e+00
 219.443659     32.000  34.742746     8.4271    3.54547     31.730    33.0059    25.6452 0.0000e+00
