data/oxygen options/ONMS/Olympic_Coast_National_Marine_Sanctuary_CTD_Data_2005_2023/raw_data/2007/CTD_CA042_101307faedb.cnv
* Sea-Bird SBE19 Data File:
* FileName = C:\2007_mooring_data\retrieval_101207\CTD_CA042_101307.hex
* Software Version 1.20
* Temperature SN = 2997
* Conductivity SN = 2997
* System UpLoad Time = Oct 13 2007 11:30:37
* SEACAT PROFILER V3.1c SN 2997   10/13/07  11:30:05.488
* strain gauge pressure sensor: S/N = 184829,  range = 3000 psia,  tc = 40
# nquan = 9
# nvalues = 41                          
# units = specified
# name 0 = timeJ: Julian Days
# name 1 = prSM: Pressure, Strain Gauge [db]
# name 2 = c0mS/cm: Conductivity [mS/cm]
# name 3 = t090C: Temperature [ITS-90, deg C]
# name 4 = oxML/L: Oxygen, Beckman/YSI [ml/l]
# name 5 = depSM: Depth [salt water, m], lat = 47.5
# name 6 = sal00: Salinity, Practical [PSU]
# name 7 = sigma-é00: Density [sigma-theta, kg/m^3]
# name 8 = flag: flag
# span 0 = 286.390519, 286.391033       
# span 1 =      2.000,     42.000       
# span 2 =  34.176684,  36.642942       
# span 3 =    10.2899,    12.3845       
# span 4 =    4.73699,    7.57104       
# span 5 =      1.983,     41.645       
# span 6 =    29.2033,    32.4452       
# span 7 =    22.0507,    24.9101       
# span 8 = 0.0000e+00, 0.0000e+00       
# interval = decibars: 1                
# start_time = Oct 13 2007 09:18:48 [Instrument's time stamp, header]
# bad_flag = -9.990e-29
*END*
 286.390519      2.000  34.176684    12.2267    7.57104      1.983    29.2033    22.0507 0.0000e+00
 286.390540      3.000  34.292662    12.2620    6.60502      2.975    29.2851    22.1076 0.0000e+00
 286.390555      4.000  34.898173    12.3534    6.39631      3.967    29.7862    22.4789 0.0000e+00
 286.390565      5.000  35.431271    12.3779    6.38201      4.958    30.2713    22.8500 0.0000e+00
 286.390575      6.000  35.651542    12.3845    6.32709      5.950    30.4746    23.0063 0.0000e+00
 286.390584      7.000  35.856821    12.3628    6.25588      6.941    30.6868    23.1748 0.0000e+00
 286.390593      8.000  36.057085    12.2869    6.24490      7.933    30.9395    23.3847 0.0000e+00
 286.390601      9.000  36.243514    12.1900    6.25207      8.925    31.1974    23.6027 0.0000e+00
 286.390610     10.000  36.397318    12.1027    6.21228      9.916    31.4175    23.7895 0.0000e+00
 286.390618     11.000  36.498593    12.0442    6.14857     10.908    31.5637    23.9137 0.0000e+00
 286.390627     12.000  36.554178    12.0222    6.12220     11.899    31.6353    23.9733 0.0000e+00
 286.390636     13.000  36.603272    12.0148    6.12071     12.891    31.6884    24.0159 0.0000e+00
 286.390643     14.000  36.640023    12.0006    6.13239     13.882    31.7354    24.0550 0.0000e+00
 286.390652     15.000  36.642942    11.9506    6.18802     14.874    31.7805    24.0992 0.0000e+00
 286.390661     16.000  36.633676    11.8890    6.21931     15.866    31.8236    24.1440 0.0000e+00
 286.390669     17.000  36.620693    11.8493    6.20738     16.857    31.8447    24.1677 0.0000e+00
 286.390677     18.000  36.608436    11.8202    6.19627     17.849    31.8573    24.1828 0.0000e+00
 286.390686     19.000  36.595142    11.7938    6.18693     18.841    31.8667    24.1950 0.0000e+00
 286.390694     20.000  36.580848    11.7607    6.14346     19.832    31.8809    24.2121 0.0000e+00
 286.390702     21.000  36.567025    11.7277    6.11191     20.824    31.8953    24.2293 0.0000e+00
 286.390711     22.000  36.553568    11.7045    6.10729     21.815    31.9017    24.2385 0.0000e+00
 286.390720     23.000  36.541122    11.6925    6.07100     22.807    31.8996    24.2391 0.0000e+00
 286.390728     24.000  36.528783    11.6779    6.02830     23.798    31.8997    24.2419 0.0000e+00
 286.390737     25.000  36.511687    11.6490    6.00388     24.790    31.9076    24.2533 0.0000e+00
 286.390746     26.000  36.495568    11.6167    5.99716     25.782    31.9193    24.2682 0.0000e+00
 286.390754     27.000  36.479886    11.5887    5.98542     26.773    31.9278    24.2799 0.0000e+00
 286.390764     28.000  36.462059    11.5576    6.00949     27.764    31.9368    24.2925 0.0000e+00
 286.390773     29.000  36.449307    11.5330    6.02676     28.756    31.9451    24.3035 0.0000e+00
 286.390782     30.000  36.445004    11.5234    6.02742     29.748    31.9488    24.3081 0.0000e+00
 286.390792     31.000  36.442451    11.5189    6.02190     30.739    31.9498    24.3096 0.0000e+00
 286.390802     32.000  36.437911    11.5108    5.99786     31.730    31.9519    24.3129 0.0000e+00
 286.390813     33.000  36.417071    11.4779    5.97193     32.722    31.9596    24.3248 0.0000e+00
 286.390826     34.000  36.394203    11.4301    5.91361     33.714    31.9782    24.3478 0.0000e+00
 286.390840     35.000  36.359468    11.3337    5.70645     34.705    32.0274    24.4032 0.0000e+00
 286.390855     36.000  36.310149    11.2327    5.46769     35.696    32.0663    24.4515 0.0000e+00
 286.390869     37.000  36.245837    11.1055    5.33386     36.688    32.1135    24.5108 0.0000e+00
 286.390884     38.000  36.183504    11.0093    5.29715     37.679    32.1356    24.5449 0.0000e+00
 286.390901     39.000  36.148260    10.9446    5.24239     38.671    32.1571    24.5730 0.0000e+00
 286.390922     40.000  36.104303    10.8833    5.01571     39.662    32.1669    24.5913 0.0000e+00
 286.390949     41.000  35.988760    10.6179    4.73699     40.654    32.2855    24.7296 0.0000e+00
 286.391033     42.000  35.857963    10.2899    4.93181     41.645    32.4452    24.9101 0.0000e+00
