data/oxygen options/ONMS/Olympic_Coast_National_Marine_Sanctuary_CTD_Data_2005_2023/raw_data/2007/CTD_KL027_091807faed.cnv
* Sea-Bird SBE19 Data File:
* FileName = C:\2007_mooring_data\Service_091807\CTD_KL027_091807.hex
* Software Version 1.20
* Temperature SN = 2997
* Conductivity SN = 2997
* System UpLoad Time = Sep 18 2007 18:07:45
* SEACAT PROFILER V3.1c SN 2997   09/18/07  18:06:24.545
* strain gauge pressure sensor: S/N = 184829,  range = 3000 psia,  tc = 40
# nquan = 9                                 
# nvalues = 1836                        
# units = specified
# name 0 = timeJ: Julian Days
# name 1 = prSM: Pressure, Strain Gauge [db]
# name 2 = c0mS/cm: Conductivity [mS/cm]
# name 3 = t090C: Temperature [ITS-90, deg C]
# name 4 = oxML/L: Oxygen, Beckman/YSI [ml/l]
# name 5 = depSM: Depth [salt water, m], lat = 47.5
# name 6 = sal00: Salinity, Practical [PSU]
# name 7 = sigma-é00: Density [sigma-theta, kg/m^3]
# name 8 = flag: flag
# span 0 = 261.731204, 261.741823       
# span 1 =     -5.154,     26.825       
# span 2 =  12.683795,  37.570936       
# span 3 =     7.9353,    12.3930       
# span 4 =   -0.06002,   33.34939       
# span 5 =     -5.111,     26.599       
# span 6 =     9.8483,    33.3398       
# span 7 =     7.0802,    25.9790       
# span 8 = 0.0000e+00, 0.0000e+00       
# interval = seconds: 0.5
# start_time = Sep 18 2007 17:32:56 [Instrument's time stamp, header]
# bad_flag = -9.990e-29
*END*
[from data line 1761]
 261.741395      4.656  37.461470    12.2600    7.51674      4.617    32.3067    24.4495 -9.990e-29
 261.741400      4.674  37.461690    12.2599    7.51982      4.635    32.3070    24.4497 -9.990e-29
 261.741406      4.689  37.461809    12.2601    7.52879      4.650    32.3069    24.4496 -9.990e-29
 261.741412      4.697  37.461432    12.2600    7.54024      4.658    32.3067    24.4494 -9.990e-29
 261.741418      4.699  37.460625    12.2594    7.54427      4.660    32.3064    24.4493 -9.990e-29
 261.741424      4.690  37.459440    12.2589    7.54747      4.651    32.3057    24.4489 -9.990e-29
 261.741429      4.662  37.458545    12.2591    7.54254      4.623    32.3047    24.4481 -9.990e-29
 261.741435      4.608  37.458995    12.2599    7.54122      4.569    32.3044    24.4477 -9.990e-29
 261.741441      4.533  37.460274    12.2607    7.53757      4.495    32.3050    24.4480 -9.990e-29
 261.741447      4.459  37.461294    12.2614    7.52707      4.422    32.3054    24.4482 -9.990e-29
 261.741453      4.411  37.461739    12.2617    7.52056      4.374    32.3056    24.4483 -9.990e-29
 261.741458      4.402  37.461653    12.2617    7.52559      4.365    32.3055    24.4482 -9.990e-29
 261.741464      4.428  37.461489    12.2616    7.52709      4.391    32.3054    24.4482 -9.990e-29
 261.741470      4.469  37.461598    12.2615    7.53313      4.432    32.3056    24.4483 -9.990e-29
 261.741476      4.502  37.461569    12.2614    7.52802      4.464    32.3057    24.4484 -9.990e-29
 261.741481      4.512  37.461367    12.2614    7.52882      4.474    32.3055    24.4482 -9.990e-29
 261.741487      4.504  37.461290    12.2617    7.53336      4.466    32.3051    24.4479 -9.990e-29
 261.741493      4.490  37.461241    12.2628    7.53419      4.452    32.3042    24.4469 -9.990e-29
 261.741499      4.478  37.461725    12.2646    7.54040      4.441    32.3031    24.4458 -9.990e-29
 261.741505      4.476  37.462834    12.2660    7.53304      4.439    32.3029    24.4454 -9.990e-29
 261.741510      4.483  37.463811    12.2668    7.53587      4.446    32.3032    24.4454 -9.990e-29
 261.741516      4.496  37.464282    12.2672    7.53567      4.458    32.3033    24.4454 -9.990e-29
 261.741522      4.515  37.464324    12.2674    7.53455      4.477    32.3031    24.4453 -9.990e-29
 261.741528      4.538  37.464559    12.2671    7.53704      4.500    32.3036    24.4457 -9.990e-29
 261.741534      4.562  37.464748    12.2663    7.54764      4.524    32.3045    24.4465 -9.990e-29
 261.741539      4.588  37.464027    12.2657    7.54374      4.550    32.3043    24.4465 -9.990e-29
 261.741545      4.605  37.463123    12.2657    7.54185      4.567    32.3034    24.4458 -9.990e-29
 261.741551      4.593  37.463077    12.2662    7.53899      4.555    32.3029    24.4454 -9.990e-29
 261.741557      4.551  37.463833    12.2670    7.52807      4.513    32.3030    24.4453 -9.990e-29
 261.741562      4.497  37.464726    12.2681    7.52950      4.459    32.3029    24.4450 -9.990e-29
 261.741568      4.459  37.465272    12.2691    7.53642      4.422    32.3026    24.4446 -9.990e-29
 261.741574      4.455  37.465647    12.2694    7.53251      4.418    32.3027    24.4446 -9.990e-29
 261.741580      4.480  37.465801    12.2689    7.53534      4.443    32.3033    24.4451 -9.990e-29
 261.741586      4.515  37.465384    12.2684    7.53314      4.477    32.3033    24.4452 -9.990e-29
 261.741591      4.541  37.464967    12.2684    7.53665      4.503    32.3029    24.4449 -9.990e-29
 261.741597      4.551  37.465119    12.2683    7.55400      4.513    32.3031    24.4451 -9.990e-29
 261.741603      4.549  37.465489    12.2678    7.55679      4.511    32.3039    24.4458 -9.990e-29
 261.741609      4.545  37.465459    12.2670    7.55500      4.507    32.3046    24.4465 -9.990e-29
 261.741615      4.541  37.464996    12.2666    7.55642      4.503    32.3045    24.4465 -9.990e-29
 261.741620      4.539  37.464609    12.2668    7.54977      4.501    32.3039    24.4460 -9.990e-29
 261.741626      4.537  37.464350    12.2678    7.55145      4.499    32.3028    24.4450 -9.990e-29
 261.741632      4.536  37.464442    12.2695    7.54302      4.498    32.3014    24.4436 -9.990e-29
 261.741638      4.531  37.465575    12.2716    7.53595      4.493    32.3007    24.4426 -9.990e-29
 261.741644      4.517  37.467584    12.2736    7.53401      4.479    32.3009    24.4424 -9.990e-29
 261.741649      4.495  37.469415    12.2754    7.54118      4.457    32.3011    24.4422 -9.990e-29
 261.741655      4.462  37.470711    12.2768    7.54078      4.425    32.3012    24.4420 -9.990e-29
 261.741661      4.420  37.471707    12.2776    7.55416      4.383    32.3015    24.4421 -9.990e-29
 261.741667      4.372  37.472051    12.2777    7.56525      4.335    32.3017    24.4422 -9.990e-29
 261.741672      4.310  37.471827    12.2778    7.55569      4.274    32.3014    24.4420 -9.990e-29
 261.741678      4.225  37.471860    12.2783    7.54820      4.190    32.3011    24.4416 -9.990e-29
 261.741684      4.117  37.472192    12.2796    7.53564      4.083    32.3003    24.4408 -9.990e-29
 261.741690      3.987  37.472706    12.2827    7.54479      3.954    32.2982    24.4386 0.0000e+00
 261.741696      3.836  37.474088    12.2870    7.55756      3.804    32.2959    24.4359 0.0000e+00
 261.741701      3.667  37.477059    12.2910    7.56528      3.636    32.2953    24.4348 0.0000e+00
 261.741707      3.490  37.479977    12.2932    7.56809      3.461    32.2963    24.4351 0.0000e+00
 261.741713      3.306  37.480568    12.2949    7.56478      3.278    32.2955    24.4341 0.0000e+00
 261.741719      3.114  37.480743    12.2996    7.55480      3.088    32.2917    24.4303 0.0000e+00
 261.741725      2.918  37.483539    12.3094    7.54252      2.894    32.2860    24.4240 0.0000e+00
 261.741730      2.714  37.489882    12.3217    7.52736      2.691    32.2816    24.4183 0.0000e+00
 261.741736      2.501  37.499259    12.3319    7.48135      2.480    32.2819    24.4166 0.0000e+00
 261.741742      2.292  37.508479    12.3384    7.42561      2.273    32.2852    24.4179 0.0000e+00
 261.741748      2.096  37.514139    12.3420    7.41394      2.078    32.2876    24.4191 0.0000e+00
 261.741753      1.907  37.516503    12.3442    7.41176      1.891    32.2880    24.4190 0.0000e+00
 261.741759      1.715  37.517602    12.3458    7.36551      1.701    32.2878    24.4185 0.0000e+00
 261.741765      1.516  37.518341    12.3466    8.62000      1.503    32.2879    24.4184 0.0000e+00
 261.741771      1.317  37.518587    12.3470 -9.990e-29      1.306    32.2878    24.4183 0.0000e+00
 261.741777      1.133  37.517546    12.3473 -9.990e-29      1.124    32.2867    24.4173 0.0000e+00
 261.741782      0.969  37.513274    12.3472 -9.990e-29      0.961    32.2827    24.4143 0.0000e+00
 261.741788      0.823  37.503998    12.3441 -9.990e-29      0.816    32.2766    24.4101 0.0000e+00
 261.741794      0.698  37.484642    12.3368 -9.990e-29      0.692    32.2644    24.4020 -9.990e-29
 261.741800      0.600  37.429398    12.3262 -9.990e-29      0.595    32.2206    24.3701 -9.990e-29
 261.741806      0.526  37.262927    12.3136 -9.990e-29      0.522    32.0720    24.2573 -9.990e-29
 261.741811      0.472  36.768310    12.3034 -9.990e-29      0.468    31.6075    23.8991 -9.990e-29
 261.741817      0.438  35.284937    12.2998 -9.990e-29      0.434    30.1971    22.8070 -9.990e-29
 261.741823      0.427  30.828246 -9.990e-29 -9.990e-29      0.423 -9.990e-29 -9.990e-29 -9.990e-29
