data/oxygen options/ONMS/Olympic_Coast_National_Marine_Sanctuary_CTD_Data_2005_2023/raw_data/2007/CTD_MB042_080707faed.cnv
* Sea-Bird SBE19 Data File:
* FileName = C:\2007_mooring_data\CTD_MB042_080707.hex
* Software Version 1.1.6
* Temperature SN = 2997
* Conductivity SN = 2997
* System UpLoad Time = Aug 07 2007 10:57:14
* SEACAT PROFILER V3.1c SN 2997   08/07/07  10:56:59.132
* strain gauge pressure sensor: S/N = 184829,  range = 3000 psia,  tc = 40
# nquan = 9                                 
# nvalues = 1958                        
# units = specified
# name 0 = timeJ: Julian Days
# name 1 = prSM: Pressure, Strain Gauge [db]
# name 2 = c0mS/cm: Conductivity [mS/cm]
# name 3 = t090C: Temperature [ITS-90, deg C]
# name 4 = oxML/L: Oxygen, Beckman/YSI [ml/l]
# name 5 = depSM: Depth [salt water, m], lat = 47.5
# name 6 = sal00: Salinity, Practical [PSU]
# name 7 = sigma-é00: Density [sigma-theta, kg/m^3]
# name 8 = flag: flag
# span 0 = 219.440289, 219.451615       
# span 1 =     -5.207,     31.883       
# span 2 =  11.310012,  36.244565       
# span 3 =     8.4177,    13.0424       
# span 4 =   -0.06168,   34.10588       
# span 5 =     -5.164,     31.614       
# span 6 =     8.6518,    33.0205       
# span 7 =     6.1270,    25.6580       
# span 8 = 0.0000e+00, 0.0000e+00       
# interval = seconds: 0.5
# start_time = Aug 07 2007 10:34:01 [Instrument's time stamp, header]
# bad_flag = -9.990e-29
*END*
[from data line 161]
 219.441221     -0.228  35.838994    11.4178    6.17722     -0.226    31.4609    23.9473 -9.990e-29
 219.441227     -0.214  35.840954    11.4247    6.17584     -0.212    31.4569    23.9430 -9.990e-29
 219.441233     -0.206  35.845380    11.4305    6.15830     -0.204    31.4563    23.9415 -9.990e-29
 219.441238     -0.204  35.848106    11.4315    6.12291     -0.202    31.4581    23.9427 -9.990e-29
 219.441244     -0.198  35.847747    11.4299    6.08086     -0.196    31.4591    23.9438 -9.990e-29
 219.441250     -0.188  35.846649    11.4288    6.05501     -0.186    31.4590    23.9439 -9.990e-29
 219.441256     -0.178  35.847293    11.4300    6.06847     -0.177    31.4586    23.9434 -9.990e-29
 219.441262     -0.164  35.849439    11.4325    6.08281     -0.163    31.4585    23.9429 -9.990e-29
 219.441267     -0.143  35.850924    11.4324    6.09774     -0.142    31.4601    23.9441 -9.990e-29
 219.441273     -0.123  35.848707    11.4276    6.10072     -0.122    31.4620    23.9464 -9.990e-29
 219.441279     -0.108  35.842094    11.4216    6.08686     -0.107    31.4606    23.9465 -9.990e-29
 219.441285     -0.097  35.836305    11.4203    6.07699     -0.096    31.4561    23.9432 -9.990e-29
 219.441291     -0.092  35.837095    11.4254    6.07791     -0.091    31.4525    23.9395 -9.990e-29
 219.441296     -0.098  35.842734    11.4328    6.07853     -0.097    31.4517    23.9375 -9.990e-29
 219.441302     -0.107  35.847308    11.4369    6.08451     -0.106    31.4527    23.9376 -9.990e-29
 219.441308     -0.107  35.849093    11.4356    6.08224     -0.106    31.4555    23.9400 -9.990e-29
 219.441314     -0.093  35.848811    11.4319    6.07885     -0.092    31.4584    23.9429 -9.990e-29
 219.441319     -0.068  35.847790    11.4310    6.07413     -0.067    31.4582    23.9429 -9.990e-29
 219.441325     -0.044  35.849176    11.4339    6.06035     -0.044    31.4570    23.9415 -9.990e-29
 219.441331     -0.033  35.853152    11.4385    6.04809     -0.033    31.4570    23.9406 -9.990e-29
 219.441337     -0.033  35.857193    11.4432    6.04336     -0.033    31.4569    23.9397 -9.990e-29
 219.441343     -0.036  35.859423    11.4474    6.03545     -0.036    31.4555    23.9379 -9.990e-29
 219.441348     -0.037  35.858913    11.4512    6.02347     -0.037    31.4518    23.9343 -9.990e-29
 219.441354     -0.038  35.857812    11.4574    6.00542     -0.038    31.4455    23.9283 -9.990e-29
 219.441360     -0.037  35.858036    11.4680    6.00232     -0.037    31.4367    23.9196 -9.990e-29
 219.441366     -0.035  35.857664    11.4787    6.00334     -0.035    31.4272    23.9103 -9.990e-29
 219.441372     -0.032  35.856222    11.4827    6.00664     -0.032    31.4224    23.9059 -9.990e-29
 219.441377     -0.028  35.853492    11.4784    6.01064     -0.028    31.4234    23.9074 -9.990e-29
 219.441383     -0.021  35.849221    11.4671    6.00024     -0.021    31.4288    23.9137 -9.990e-29
 219.441389     -0.013  35.846146    11.4540    6.02023     -0.013    31.4370    23.9223 -9.990e-29
 219.441395     -0.002  35.845235    11.4489    6.02120     -0.002    31.4404    23.9259 -9.990e-29
 219.441400      0.008  35.849214    11.4534    6.00834      0.008    31.4405    23.9251 -9.990e-29
 219.441406      0.014  35.856683    11.4583    6.00085      0.014    31.4436    23.9267 -9.990e-29
 219.441412      0.019  35.860804    11.4579    6.00099      0.019    31.4479    23.9301 -9.990e-29
 219.441418      0.030  35.860928    11.4532    6.00927      0.030    31.4520    23.9342 -9.990e-29
 219.441424      0.046  35.859487    11.4468    6.00217      0.046    31.4561    23.9384 -9.990e-29
 219.441429      0.064  35.858504    11.4424    5.99917      0.063    31.4589    23.9414 -9.990e-29
 219.441435      0.081  35.857809    11.4426    5.98726      0.080    31.4580    23.9407 -9.990e-29
 219.441441      0.097  35.858177    11.4494    5.99629      0.096    31.4526    23.9352 -9.990e-29
 219.441447      0.111  35.861804    11.4600    6.00527      0.110    31.4471    23.9291 -9.990e-29
 219.441453      0.118  35.866259    11.4673    6.00287      0.117    31.4452    23.9263 -9.990e-29
 219.441458      0.124  35.869097    11.4673    6.00337      0.123    31.4480    23.9285 -9.990e-29
 219.441464      0.136  35.867398    11.4620    5.99276      0.135    31.4508    23.9316 -9.990e-29
 219.441470      0.157  35.860604    11.4580    5.98236      0.156    31.4476    23.9298 -9.990e-29
 219.441476      0.178  35.857615    11.4596    5.97859      0.177    31.4433    23.9262 -9.990e-29
 219.441481      0.196  35.862313    11.4655    5.97232      0.194    31.4429    23.9248 -9.990e-29
 219.441487      0.213  35.868092    11.4708    5.97511      0.211    31.4440    23.9248 -9.990e-29
 219.441493      0.230  35.870907    11.4715    5.99466      0.228    31.4461    23.9263 -9.990e-29
 219.441499      0.249  35.870609    11.4665    6.01387      0.247    31.4501    23.9303 -9.990e-29
 219.441505      0.269  35.865703    11.4578    6.01549      0.267    31.4527    23.9338 -9.990e-29
 219.441510      0.288  35.857518    11.4511    6.01446      0.286    31.4504    23.9333 -9.990e-29
 219.441516      0.299  35.854219    11.4506    5.99799      0.297    31.4476    23.9312 -9.990e-29
 219.441522      0.299  35.858715    11.4533    5.98379      0.297    31.4497    23.9323 -9.990e-29
 219.441528      0.291  35.863566    11.4540    5.97487      0.289    31.4538    23.9354 -9.990e-29
 219.441534      0.283  35.865174    11.4532    5.96710      0.281    31.4561    23.9373 -9.990e-29
 219.441539      0.280  35.865146    11.4541    5.96372      0.278    31.4553    23.9365 -9.990e-29
 219.441545      0.280  35.865147    11.4572    5.96149      0.278    31.4527    23.9339 -9.990e-29
 219.441551      0.285  35.865761    11.4578    5.95835      0.283    31.4527    23.9339 -9.990e-29
 219.441557      0.295  35.864465    11.4507    5.94754      0.293    31.4575    23.9389 -9.990e-29
 219.441563      0.309  35.859554    11.4401    5.94197      0.306    31.4617    23.9440 -9.990e-29
 219.441568      0.325  35.853469    11.4350    5.94692      0.322    31.4601    23.9437 -9.990e-29
 219.441574      0.336  35.851572    11.4391    5.96096      0.333    31.4548    23.9388 -9.990e-29
 219.441580      0.337  35.855837    11.4497    5.95866      0.334    31.4499    23.9332 -9.990e-29
 219.441586      0.332  35.862442    11.4595    5.95048      0.329    31.4480    23.9299 -9.990e-29
 219.441591      0.331  35.866202    11.4619    5.93242      0.328    31.4497    23.9308 -9.990e-29
 219.441597      0.333  35.863746    11.4573    5.92249      0.330    31.4512    23.9328 -9.990e-29
 219.441603      0.334  35.857430    11.4510    5.92117      0.331    31.4504    23.9333 -9.990e-29
 219.441609      0.338  35.853990    11.4468    5.91881      0.335    31.4506    23.9342 -9.990e-29
 219.441615      0.350  35.855025    11.4432    5.93354      0.347    31.4547    23.9380 -9.990e-29
 219.441620      0.371  35.854649    11.4367    5.92466      0.368    31.4598    23.9432 -9.990e-29
 219.441626      0.397  35.849580    11.4282    5.92743      0.394    31.4621    23.9464 -9.990e-29
 219.441632      0.422  35.844290    11.4231    5.92109      0.418    31.4613    23.9467 -9.990e-29
 219.441638      0.438  35.844079    11.4250    5.91229      0.434    31.4594    23.9449 -9.990e-29
 219.441644      0.443  35.848124    11.4318    5.90415      0.439    31.4576    23.9423 -9.990e-29
 219.441649      0.445  35.852312    11.4388    5.90151      0.441    31.4557    23.9396 -9.990e-29
 219.441655      0.454  35.854960    11.4432    5.90627      0.450    31.4546    23.9379 -9.990e-29
 219.441661      0.464  35.855701    11.4439    5.90500      0.460    31.4547    23.9379 -9.990e-29
 219.441667      0.474  35.853863    11.4414    5.90821      0.470    31.4550    23.9386 -9.990e-29
 219.441672      0.483  35.849819    11.4383    5.90122      0.479    31.4537    23.9381 -9.990e-29
 219.441678      0.491  35.847729    11.4379    5.88773      0.487    31.4520    23.9369 -9.990e-29
 219.441684      0.500  35.850434    11.4400    5.88099      0.496    31.4529    23.9372 -9.990e-29
 219.441690      0.510  35.853713    11.4419    5.88831      0.506    31.4544    23.9380 -9.990e-29
 219.441696      0.521  35.854112    11.4425    5.88875      0.517    31.4543    23.9378 -9.990e-29
 219.441701      0.534  35.853305    11.4425    5.89331      0.530    31.4535    23.9372 -9.990e-29
 219.441707      0.547  35.853788    11.4431    5.89269      0.542    31.4535    23.9371 -9.990e-29
 219.441713      0.550  35.855656    11.4455    5.87734      0.545    31.4532    23.9365 -9.990e-29
 219.441719      0.545  35.857682    11.4485    5.87759      0.540    31.4527    23.9355 -9.990e-29
 219.441725      0.540  35.859786    11.4496    5.87032      0.535    31.4538    23.9362 -9.990e-29
 219.441730      0.542  35.861619    11.4491    5.87706      0.537    31.4560    23.9380 -9.990e-29
 219.441736      0.556  35.861162    11.4480    5.89205      0.551    31.4565    23.9385 -9.990e-29
 219.441742      0.575  35.858942    11.4478    5.89529      0.570    31.4545    23.9370 -9.990e-29
 219.441748      0.591  35.858744    11.4511    5.88919      0.586    31.4515    23.9341 -9.990e-29
 219.441753      0.605  35.861440    11.4571    5.88270      0.600    31.4490    23.9311 -9.990e-29
 219.441759      0.615  35.865036    11.4627    5.88084      0.610    31.4477    23.9291 -9.990e-29
 219.441765      0.619  35.868739    11.4667    5.87475      0.614    31.4479    23.9286 -9.990e-29
 219.441771      0.628  35.872460    11.4697    5.87061      0.623    31.4490    23.9289 -9.990e-29
 219.441777      0.642  35.875015    11.4728    5.86950      0.637    31.4489    23.9282 -9.990e-29
 219.441782      0.653  35.874781    11.4755    5.85031      0.648    31.4463    23.9257 -9.990e-29
 219.441788      0.657  35.871466    11.4753    5.85301      0.652    31.4433    23.9234 -9.990e-29
 219.441794      0.655  35.866831    11.4730    5.85437      0.650    31.4407    23.9218 -9.990e-29
 219.441800      0.652  35.863125    11.4716    5.85005      0.647    31.4383    23.9202 -9.990e-29
 219.441806      0.650  35.861588    11.4698    5.85393      0.645    31.4383    23.9205 -9.990e-29
 219.441811      0.650  35.861308    11.4655    5.83134      0.645    31.4417    23.9239 -9.990e-29
 219.441817      0.652  35.860250    11.4608    5.83264      0.647    31.4447    23.9271 -9.990e-29
 219.441823      0.657  35.859260    11.4577    5.84286      0.652    31.4463    23.9289 -9.990e-29
 219.441829      0.663  35.859277    11.4550    5.85605      0.657    31.4487    23.9312 -9.990e-29
 219.441834      0.668  35.858658    11.4519    5.87200      0.662    31.4507    23.9333 -9.990e-29
 219.441840      0.672  35.856035    11.4499    5.87360      0.666    31.4498    23.9330 -9.990e-29
 219.441846      0.680  35.853534    11.4547    5.87643      0.674    31.4433    23.9271 -9.990e-29
 219.441852      0.686  35.856804    11.4690    5.89118      0.680    31.4343    23.9176 -9.990e-29
 219.441858      0.689  35.866299    11.4870    5.90685      0.683    31.4283    23.9097 -9.990e-29
 219.441863      0.692  35.877878    11.5035    5.90361      0.686    31.4255    23.9046 -9.990e-29
 219.441869      0.703  35.892987    11.5182    5.91286      0.697    31.4278    23.9037 -9.990e-29
 219.441875      0.725  35.908252    11.5277    5.91430      0.719    31.4345    23.9072 -9.990e-29
 219.441881      0.748  35.910970    11.5305    5.90686      0.742    31.4348    23.9069 -9.990e-29
 219.441887      0.767  35.903663    11.5310    5.89878      0.761    31.4273    23.9010 -9.990e-29
 219.441892      0.774  35.900711    11.5327    5.88671      0.768    31.4229    23.8973 -9.990e-29
 219.441898      0.769  35.903801    11.5377    5.88620      0.763    31.4217    23.8955 -9.990e-29
 219.441904      0.761  35.908102    11.5474    5.89617      0.755    31.4177    23.8906 -9.990e-29
 219.441910      0.758  35.914322    11.5539    5.90260      0.752    31.4182    23.8898 -9.990e-29
 219.441916      0.767  35.916759    11.5459    5.91073      0.761    31.4273    23.8984 -9.990e-29
 219.441921      0.791  35.908032    11.5313    5.91386      0.784    31.4312    23.9040 -9.990e-29
 219.441927      0.816  35.896704    11.5244    5.89712      0.809    31.4261    23.9013 -9.990e-29
 219.441933      0.833  35.894031    11.5260    5.90582      0.826    31.4221    23.8979 -9.990e-29
 219.441939      0.838  35.899826    11.5309    5.91001      0.831    31.4236    23.8982 -9.990e-29
 219.441944      0.835  35.906697    11.5366    5.90315      0.828    31.4254    23.8986 -9.990e-29
 219.441950      0.833  35.913171    11.5422    5.89984      0.826    31.4270    23.8988 -9.990e-29
 219.441956      0.835  35.922294    11.5440    5.88844      0.828    31.4343    23.9041 -9.990e-29
 219.441962      0.843  35.924387    11.5384    5.86579      0.836    31.4411    23.9104 -9.990e-29
 219.441968      0.853  35.912729    11.5290    5.85774      0.846    31.4377    23.9095 -9.990e-29
 219.441973      0.855  35.901505    11.5233    5.85252      0.848    31.4317    23.9058 -9.990e-29
 219.441979      0.852  35.899308    11.5243    5.85957      0.845    31.4287    23.9033 -9.990e-29
 219.441985      0.850  35.902103    11.5299    5.86510      0.843    31.4266    23.9007 -9.990e-29
 219.441991      0.850  35.905783    11.5374    5.84548      0.843    31.4238    23.8972 -9.990e-29
 219.441997      0.848  35.907427    11.5418    5.84113      0.841    31.4217    23.8948 -9.990e-29
 219.442002      0.847  35.906443    11.5354    5.85132      0.840    31.4262    23.8994 -9.990e-29
 219.442008      0.852  35.899854    11.5197    5.85822      0.845    31.4331    23.9076 -9.990e-29
 219.442014      0.864  35.887303    11.5068    5.87020      0.857    31.4318    23.9089 -9.990e-29
 219.442020      0.878  35.880660    11.5036    5.87221      0.871    31.4281    23.9066 -9.990e-29
 219.442025      0.887  35.885656    11.5048    5.85160      0.880    31.4319    23.9093 -9.990e-29
 219.442031      0.891  35.891028    11.5051    5.83624      0.884    31.4369    23.9131 -9.990e-29
 219.442037      0.896  35.893307    11.5070    5.82776      0.889    31.4375    23.9133 -9.990e-29
 219.442043      0.897  35.896670    11.5142    5.83057      0.890    31.4347    23.9098 -9.990e-29
 219.442049      0.894  35.900573    11.5231    5.85204      0.887    31.4309    23.9052 -9.990e-29
 219.442054      0.896  35.904071    11.5230    5.84958      0.889    31.4344    23.9080 -9.990e-29
 219.442060      0.907  35.898955    11.5107    5.84948      0.899    31.4399    23.9144 -9.990e-29
 219.442066      0.923  35.882348    11.4989    5.85515      0.915    31.4337    23.9118 -9.990e-29
 219.442072      0.938  35.873604    11.5025    5.85737      0.930    31.4221    23.9021 -9.990e-29
 219.442078      0.946  35.881258    11.5186    5.85179      0.938    31.4159    23.8944 -9.990e-29
 219.442083      0.954  35.892548    11.5302    5.84537      0.946    31.4170    23.8932 -9.990e-29
 219.442089      0.967  35.901242    11.5279    5.83190      0.959    31.4274    23.9017 -9.990e-29
 219.442095      0.979  35.903260    11.5182    5.83350      0.971    31.4376    23.9114 -9.990e-29
 219.442101      0.990  35.896270    11.5124    5.83416      0.982    31.4358    23.9109 -9.990e-29
 219.442106      0.997  35.891706    11.5118    5.82407      0.989    31.4318    23.9080 -9.990e-29
 219.442112      1.003  35.892466    11.5082    5.84035      0.995    31.4356    23.9116 -9.990e-29
 219.442118      1.008  35.887809    11.4971    5.83146      1.000    31.4405    23.9174 -9.990e-29
 219.442124      1.017  35.876029    11.4827    5.82806      1.009    31.4413    23.9205 -9.990e-29
 219.442130      1.029  35.864419    11.4743    5.82724      1.020    31.4371    23.9188 -9.990e-29
 219.442135      1.032  35.862738    11.4778    5.81037      1.023    31.4325    23.9146 -9.990e-29
