data/oxygen options/ONMS/Olympic_Coast_National_Marine_Sanctuary_CTD_Data_2005_2023/raw_data/2007/CTD_CE042_101207faed.cnv
* Sea-Bird SBE19 Data File:
* FileName = C:\2007_mooring_data\retrieval_101207\CTD_CE042_101207.hex
* Software Version 1.20
* Temperature SN = 2997
* Conductivity SN = 2997
* System UpLoad Time = Oct 12 2007 13:29:31
* SEACAT PROFILER V3.1c SN 2997   10/12/07  13:28:59.918
* strain gauge pressure sensor: S/N = 184829,  range = 3000 psia,  tc = 40
# nquan = 9                                 
# nvalues = 730                         
# units = specified
# name 0 = timeJ: Julian Days
# name 1 = prSM: Pressure, Strain Gauge [db]
# name 2 = c0mS/cm: Conductivity [mS/cm]
# name 3 = t090C: Temperature [ITS-90, deg C]
# name 4 = oxML/L: Oxygen, Beckman/YSI [ml/l]
# name 5 = depSM: Depth [salt water, m], lat = 47.5
# name 6 = sal00: Salinity, Practical [PSU]
# name 7 = sigma-é00: Density [sigma-theta, kg/m^3]
# name 8 = flag: flag
# span 0 = 285.484630, 285.488848       
# span 1 =     -5.143,     42.340       
# span 2 =   0.321072,  37.183590       
# span 3 =     8.5632,    13.2623       
# span 4 =   -0.07155,   31.75402       
# span 5 =     -5.100,     41.982       
# span 6 =     0.2010,    33.1377       
# span 7 =    -0.4768,    25.7273       
# span 8 = 0.0000e+00, 0.0000e+00       
# interval = seconds: 0.5
# start_time = Oct 12 2007 11:37:52 [Instrument's time stamp, header]
# bad_flag = -9.990e-29
*END*
 285.484630     -5.143 -9.990e-29    13.0886   -0.07155     -5.100 -9.990e-29 -9.990e-29 -9.990e-29
 285.484635     -5.133   0.321072    13.0975   -0.07153     -5.090     0.2010    -0.4768 -9.990e-29
 285.484641     -5.121   0.347183    13.1064   -0.07151     -5.078     0.2177    -0.4649 -9.990e-29
 285.484647     -5.106   0.381716    13.1156   -0.07148     -5.063     0.2399    -0.4488 -9.990e-29
 285.484653     -5.086   0.419706    13.1249   -0.07145     -5.044     0.2644    -0.4309 -9.990e-29
 285.484659     -5.065   0.459577    13.1332   -0.07144     -5.023     0.2902    -0.4119 -9.990e-29
 285.484664     -5.046   0.496973    13.1401   -0.07142     -5.004     0.3146    -0.3938 -9.990e-29
 285.484670     -5.022   0.521133    13.1470   -0.07140     -4.980     0.3303    -0.3825 -9.990e-29
 285.484676     -4.993   0.525862    13.1557   -0.07140     -4.951     0.3333    -0.3812 -9.990e-29
 285.484682     -4.966   0.521089    13.1664   -0.07140     -4.925     0.3301    -0.3851 -9.990e-29
 285.484688     -4.942   0.517641    13.1775   -0.07139     -4.901     0.3278    -0.3884 -9.990e-29
 285.484693     -4.920   0.517576    13.1882   -0.07139     -4.879     0.3277    -0.3899 -9.990e-29
 285.484699     -4.900   0.520806    13.1987   -0.07137     -4.859     0.3297    -0.3897 -9.990e-29
 285.484705     -4.879   0.527758    13.2080   -0.07135     -4.838     0.3341    -0.3874 -9.990e-29
 285.484711     -4.856   0.539940    13.2160   -0.07136     -4.816     0.3420    -0.3823 -9.990e-29
 285.484716     -4.830   0.555851    13.2237   -0.07136     -4.790     0.3524    -0.3752 -9.990e-29
 285.484722     -4.799   0.569536    13.2308   -0.07136     -4.759     0.3613    -0.3692 -9.990e-29
 285.484728     -4.761   0.576507    13.2367   -0.07136     -4.721     0.3658    -0.3665 -9.990e-29
 285.484734     -4.723   0.574414    13.2417   -0.07136     -4.684     0.3644    -0.3682 -9.990e-29
 285.484740     -4.694   0.563797    13.2463   -0.07135     -4.655     0.3574    -0.3743 -9.990e-29
 285.484745     -4.673   0.550461    13.2511   -0.07136     -4.634     0.3486    -0.3817 -9.990e-29
 285.484751     -4.655   0.540471    13.2564   -0.07136     -4.616     0.3420    -0.3876 -9.990e-29
 285.484757     -4.638   0.536035    13.2603   -0.07138     -4.599     0.3391    -0.3903 -9.990e-29
 285.484763     -4.621   0.536230    13.2618   -0.07139     -4.582     0.3392    -0.3905 -9.990e-29
 285.484769     -4.602   0.538544    13.2623   -0.07139     -4.564     0.3407    -0.3893 -9.990e-29
 285.484774     -4.582   0.541073    13.2622   -0.07139     -4.544     0.3424    -0.3880 -9.990e-29
 285.484780     -4.559   0.543863    13.2614   -0.07138     -4.521     0.3442    -0.3865 -9.990e-29
 285.484786     -4.535   0.548415    13.2612   -0.07141     -4.497     0.3472    -0.3842 -9.990e-29
 285.484792     -4.513   0.555255    13.2615   -0.07142     -4.475     0.3517    -0.3807 -9.990e-29
 285.484797     -4.487   0.559089    13.2609   -0.06072     -4.450     0.3542    -0.3787 -9.990e-29
 285.484803     -4.452   0.555048    13.2583   -0.05954     -4.415     0.3516    -0.3804 -9.990e-29
 285.484809     -4.409   0.548833    13.2543   -0.05983     -4.372     0.3475    -0.3830 -9.990e-29
 285.484815     -4.365   0.548242    13.2512   -0.05991     -4.329     0.3472    -0.3829 -9.990e-29
 285.484821     -4.321   0.555814    13.2502   -0.05998     -4.285     0.3521    -0.3789 -9.990e-29
 285.484826     -4.274   0.580536    13.2492   -0.06004     -4.238     0.3684    -0.3661 -9.990e-29
 285.484832     -4.221   0.663689    13.2432   -0.06011     -4.186     0.4232    -0.3227 -9.990e-29
 285.484838     -4.158   0.930564    13.2245   -0.06017     -4.123     0.6018    -0.1814 -9.990e-29
 285.484844     -4.087   1.746974    13.1755   -0.06021     -4.053     1.1651     0.2624 -9.990e-29
 285.484850     -4.011   4.209231    13.0467   -0.06024     -3.978     2.9633     1.6719 -9.990e-29
 285.484855     -3.929  11.610881    12.8339   -0.06021     -3.896     8.8415     6.2371 -9.990e-29
 285.484861     -3.837  23.279393    12.6368   -0.06023     -3.805    18.9291    14.0409 -9.990e-29
 285.484867     -3.728  31.990971    12.5165   -0.06025     -3.697    26.9366    20.2440 -9.990e-29
 285.484873     -3.599  35.449966    12.4450   -0.06030     -3.569    30.2383    22.8118 -9.990e-29
 285.484878     -3.457  36.593842    12.3883   -0.06033     -3.428    31.3713    23.7001 -9.990e-29
 285.484884     -3.308  36.962355    12.3325   -0.06036     -3.280    31.7699    24.0195 -9.990e-29
 285.484890     -3.160  37.084997    12.2840   -0.06037     -3.134    31.9284    24.1514 -9.990e-29
 285.484896     -3.017  37.147175    12.2560   -0.06034     -2.992    32.0118    24.2214 -9.990e-29
 285.484902     -2.878  37.183590    12.2497   -0.06032     -2.854    32.0521    24.2538 -9.990e-29
 285.484907     -2.747  37.178897    12.2519   -0.06035     -2.724    32.0456    24.2484 -9.990e-29
 285.484913     -2.628  37.144798    12.2436   -0.06028     -2.606    32.0200    24.2300 -9.990e-29
 285.484919     -2.524  37.116032    12.2202   -0.06024     -2.503    32.0124    24.2285 -9.990e-29
 285.484925     -2.435  37.113140    12.1951   -0.06020     -2.415    32.0310    24.2477 -9.990e-29
 285.484931     -2.360  37.126684    12.1804   -0.06019     -2.340    32.0566    24.2703 -9.990e-29
 285.484936     -2.295  37.126526    12.1750   -0.06019     -2.276    32.0611    24.2748 -9.990e-29
 285.484942     -2.235  37.097900    12.1706   -0.06021     -2.216    32.0373    24.2572 -9.990e-29
 285.484948     -2.177  37.063213    12.1670   -0.06021     -2.159    32.0070    24.2344 -9.990e-29
 285.484954     -2.121  37.064824    12.1717   -0.06020     -2.103    32.0045    24.2316 -9.990e-29
 285.484959     -2.072  37.101541    12.1922   -0.06022     -2.055    32.0222    24.2414 -9.990e-29
 285.484965     -2.031  37.115261    12.2246   -0.06020     -2.014    32.0077    24.2241 -9.990e-29
 285.484971     -1.996  37.087858    12.2513   -0.06021     -1.979    31.9586    24.1810 -9.990e-29
 285.484977     -1.964  37.064122    12.2657   -0.06022     -1.948    31.9235    24.1511 -9.990e-29
 285.484983     -1.934  37.074111    12.2743   -0.06025     -1.918    31.9257    24.1512 -9.990e-29
 285.484988     -1.903  37.100896    12.2795   -0.06027     -1.887    31.9470    24.1667 -9.990e-29
 285.484994     -1.869  37.111260    12.2819   -0.06027     -1.853    31.9548    24.1723 -9.990e-29
 285.485000     -1.836  37.098863    12.2814   -0.06027     -1.821    31.9434    24.1636 -9.990e-29
 285.485006     -1.804  37.081966    12.2789   -0.06029     -1.789    31.9293    24.1531 -9.990e-29
 285.485012     -1.773  37.080115    12.2795   -0.06028     -1.758    31.9270    24.1512 -9.990e-29
 285.485017     -1.743  37.086942    12.2810   -0.06028     -1.728    31.9322    24.1550 -9.990e-29
 285.485023     -1.718  37.081299    12.2731   -0.06028     -1.704    31.9336    24.1575 -9.990e-29
 285.485029     -1.696  37.071947    12.2560   -0.06028     -1.682    31.9392    24.1651 -9.990e-29
 285.485035     -1.675  37.085129    12.2421   -0.06032     -1.661    31.9637    24.1867 -9.990e-29
 285.485041     -1.655  37.112655    12.2379   -0.06031     -1.641    31.9936    24.2107 -9.990e-29
 285.485046     -1.633  37.115562    12.2377   -0.06031     -1.619    31.9966    24.2130 -9.990e-29
 285.485052     -1.609  37.089899    12.2331   -0.06030     -1.596    31.9759    24.1979 -9.990e-29
 285.485058     -1.585  37.068753    12.2254   -0.06030     -1.572    31.9622    24.1887 -9.990e-29
 285.485064     -1.564  37.071613    12.2252   -0.06030     -1.551    31.9651    24.1910 -9.990e-29
 285.485069     -1.545  37.083815    12.2325   -0.06031     -1.532    31.9706    24.1938 -9.990e-29
 285.485075     -1.531  37.077358    12.2348   -0.06030     -1.518    31.9624    24.1871 -9.990e-29
 285.485081     -1.521  37.052631    12.2254   -0.06030     -1.508    31.9467    24.1767 -9.990e-29
 285.485087     -1.510  37.039486    12.2123   -0.06029     -1.497    31.9453    24.1780 -9.990e-29
 285.485093     -1.497  37.049578    12.2086   -0.06030     -1.485    31.9581    24.1887 -9.990e-29
 285.485098     -1.481  37.064428    12.2155   -0.06030     -1.469    31.9665    24.1938 -9.990e-29
 285.485104     -1.466  37.063494    12.2237   -0.06032     -1.454    31.9585    24.1862 -9.990e-29
 285.485110     -1.455  37.043871    12.2259   -0.06034     -1.443    31.9378    24.1697 -9.990e-29
 285.485116     -1.444  37.024838    12.2212   -0.06034     -1.432    31.9236    24.1595 -9.990e-29
 285.485122     -1.426  37.022533    12.2142   -0.06034     -1.414    31.9274    24.1638 -9.990e-29
 285.485127     -1.406  37.038393    12.2105   -0.06035     -1.394    31.9457    24.1787 -9.990e-29
 285.485133     -1.386  37.063316    12.2114   -0.06035     -1.374    31.9688    24.1965 -9.990e-29
 285.485139     -1.365  37.080659    12.2140   -0.06035     -1.354    31.9833    24.2072 -9.990e-29
 285.485145     -1.342  37.084416    12.2133   -0.06034     -1.331    31.9875    24.2105 -9.990e-29
 285.485150     -1.319  37.080184    12.2067   -0.06033     -1.308    31.9890    24.2130 -9.990e-29
 285.485156     -1.299  37.074122    12.1958   -0.06033     -1.288    31.9925    24.2177 -9.990e-29
 285.485162     -1.278  37.071066    12.1855   -0.06031     -1.267    31.9984    24.2242 -9.990e-29
 285.485168     -1.252  37.074255    12.1794   -0.06031     -1.242    32.0067    24.2318 -9.990e-29
 285.485174     -1.230  37.081799    12.1754   -0.06034     -1.220    32.0173    24.2408 -9.990e-29
 285.485179     -1.214  37.087521    12.1715   -0.06035     -1.204    32.0261    24.2484 -9.990e-29
 285.485185     -1.199  37.091788    12.1699   -0.06034     -1.189    32.0316    24.2529 -9.990e-29
 285.485191     -1.180  37.098072    12.1723   -0.06033     -1.170    32.0356    24.2555 -9.990e-29
 285.485197     -1.159  37.103005    12.1768   -0.06033     -1.149    32.0365    24.2554 -9.990e-29
 285.485203     -1.140  37.103097    12.1800   -0.06034     -1.130    32.0338    24.2527 -9.990e-29
 285.485208     -1.121  37.102980    12.1824   -0.06035     -1.112    32.0316    24.2506 -9.990e-29
 285.485214     -1.106  37.108133    12.1868   -0.06036     -1.097    32.0328    24.2507 -9.990e-29
 285.485220     -1.098  37.113681    12.1912   -0.06036     -1.089    32.0344    24.2511 -9.990e-29
 285.485226     -1.092  37.108543    12.1920   -0.06034     -1.083    32.0287    24.2465 -9.990e-29
 285.485231     -1.083  37.086459    12.1893   -0.06034     -1.074    32.0098    24.2324 -9.990e-29
 285.485237     -1.071  37.058375    12.1851   -0.06034     -1.062    31.9865    24.2151 -9.990e-29
 285.485243     -1.055  37.050786    12.1826   -0.06036     -1.046    31.9813    24.2115 -9.990e-29
 285.485249     -1.034  37.068736    12.1831   -0.06037     -1.025    31.9981    24.2245 -9.990e-29
 285.485255     -1.007  37.085728    12.1844   -0.06039     -0.999    32.0133    24.2360 -9.990e-29
 285.485260     -0.976  37.082953    12.1833   -0.06040     -0.968    32.0116    24.2349 -9.990e-29
 285.485266     -0.948  37.066830    12.1791   -0.06040     -0.940    31.9997    24.2264 -9.990e-29
 285.485272     -0.925  37.054572    12.1753   -0.06039     -0.917    31.9911    24.2205 -9.990e-29
 285.485278     -0.906  37.057333    12.1760   -0.06037     -0.898    31.9932    24.2220 -9.990e-29
 285.485284     -0.890  37.071530    12.1794   -0.06038     -0.883    32.0039    24.2296 -9.990e-29
 285.485289     -0.875  37.081918    12.1814   -0.06038     -0.868    32.0122    24.2357 -9.990e-29
 285.485295     -0.862  37.076585    12.1793   -0.06037     -0.855    32.0088    24.2335 -9.990e-29
 285.485301     -0.848  37.058538    12.1735   -0.06037     -0.841    31.9964    24.2250 -9.990e-29
 285.485307     -0.833  37.039062    12.1655   -0.06037     -0.826    31.9846    24.2173 -9.990e-29
 285.485313     -0.816  37.024169    12.1563   -0.06037     -0.809    31.9781    24.2140 -9.990e-29
 285.485318     -0.797  37.018697    12.1490   -0.06038     -0.790    31.9791    24.2161 -9.990e-29
 285.485324     -0.777  37.031634    12.1481   -0.06041     -0.771    31.9923    24.2265 -9.990e-29
 285.485330     -0.765  37.057265    12.1529   -0.06042     -0.759    32.0128    24.2415 -9.990e-29
 285.485336     -0.760  37.073165    12.1577   -0.06040     -0.754    32.0240    24.2493 -9.990e-29
 285.485341     -0.752  37.068042    12.1598   -0.06041     -0.746    32.0173    24.2437 -9.990e-29
 285.485347     -0.737  37.056398    12.1599   16.76862     -0.731    32.0060    24.2349 -9.990e-29
 285.485353     -0.718  37.056556    12.1586   29.66813     -0.712    32.0072    24.2361 -9.990e-29
 285.485359     -0.703  37.067061    12.1571   31.75402     -0.697    32.0186    24.2452 -9.990e-29
 285.485365     -0.691  37.078009    12.1571   28.26099     -0.685    32.0291    24.2534 -9.990e-29
 285.485370     -0.671  37.081577    12.1566   18.81364     -0.665    32.0330    24.2565 -9.990e-29
 285.485376     -0.644  37.070938    12.1523   14.76965     -0.639    32.0264    24.2522 -9.990e-29
 285.485382     -0.616  37.047606    12.1458   14.67554     -0.611    32.0096    24.2403 -9.990e-29
 285.485388     -0.590  37.028685    12.1420    8.25010     -0.585    31.9946    24.2295 -9.990e-29
 285.485394     -0.563  37.030997    12.1433    2.98821     -0.558    31.9957    24.2301 -9.990e-29
 285.485399     -0.538  37.035757    12.1479    0.84450     -0.534    31.9963    24.2297 -9.990e-29
 285.485405     -0.523  37.008386    12.1514    1.20825     -0.519    31.9670    24.2063 -9.990e-29
 285.485411     -0.516  36.961165    12.1507    4.24526     -0.512    31.9223    24.1717 -9.990e-29
 285.485417     -0.508  36.929246    12.1468    5.78239     -0.504    31.8949    24.1513 -9.990e-29
 285.485422     -0.495  36.914363    12.1438    6.23602     -0.491    31.8832    24.1427 -9.990e-29
 285.485428     -0.480  36.908446    12.1441    6.50558     -0.476    31.8773    24.1380 -9.990e-29
 285.485434     -0.471  36.910334    12.1465    6.65119     -0.467    31.8770    24.1374 -9.990e-29
 285.485440     -0.466  36.913573    12.1488    6.76103     -0.462    31.8782    24.1379 -9.990e-29
 285.485446     -0.458  36.915196    12.1498    6.82129     -0.454    31.8789    24.1382 -9.990e-29
 285.485451     -0.441  36.915127    12.1497    6.83826     -0.437    31.8789    24.1383 -9.990e-29
 285.485457     -0.419  36.912715    12.1504    6.85762     -0.416    31.8760    24.1359 -9.990e-29
 285.485463     -0.398  36.911473    12.1520    6.87275     -0.395    31.8734    24.1336 -9.990e-29
 285.485469     -0.382  36.912547    12.1526    6.88502     -0.379    31.8739    24.1339 -9.990e-29
 285.485475     -0.370  36.911765    12.1506    6.90379     -0.367    31.8749    24.1350 -9.990e-29
 285.485480     -0.361  36.907525    12.1467    6.90639     -0.358    31.8741    24.1351 -9.990e-29
 285.485486     -0.354  36.902582    12.1428    6.91572     -0.351    31.8727    24.1347 -9.990e-29
 285.485492     -0.349  36.899880    12.1410    6.91279     -0.346    31.8716    24.1343 -9.990e-29
 285.485498     -0.346  36.900860    12.1414    6.91723     -0.343    31.8722    24.1346 -9.990e-29
 285.485503     -0.344  36.904028    12.1425    6.91287     -0.341    31.8743    24.1361 -9.990e-29
 285.485509     -0.343  36.906318    12.1432    6.91343     -0.340    31.8759    24.1372 -9.990e-29
 285.485515     -0.344  36.907424    12.1430    6.90702     -0.341    31.8772    24.1382 -9.990e-29
 285.485521     -0.346  36.907698    12.1416    6.89844     -0.343    31.8786    24.1396 -9.990e-29
 285.485527     -0.349  36.906387    12.1388    6.90053     -0.346    31.8797    24.1410 -9.990e-29
 285.485532     -0.350  36.902866    12.1354    6.89300     -0.347    31.8793    24.1412 -9.990e-29
 285.485538     -0.339  36.898606    12.1333    6.88990     -0.336    31.8770    24.1398 -9.990e-29
 285.485544     -0.316  36.897460    12.1335    6.88797     -0.313    31.8757    24.1388 -9.990e-29
 285.485550     -0.293  36.900143    12.1355    6.88556     -0.291    31.8765    24.1391 -9.990e-29
