data/oxygen options/ONMS/Olympic_Coast_National_Marine_Sanctuary_CTD_Data_2005_2023/raw_data/2007/CTD_KL015_101207faed.cnv
* Sea-Bird SBE19 Data File:
* FileName = C:\2007_mooring_data\retrieval_101207\CTD_KL015_101207.hex
* Software Version 1.20
* Temperature SN = 2997
* Conductivity SN = 2997
* System UpLoad Time = Oct 12 2007 15:51:06
* SEACAT PROFILER V3.1c SN 2997   10/12/07  15:50:37.755
* strain gauge pressure sensor: S/N = 184829,  range = 3000 psia,  tc = 40
# nquan = 9                                 
# nvalues = 1199                        
# units = specified
# name 0 = timeJ: Julian Days
# name 1 = prSM: Pressure, Strain Gauge [db]
# name 2 = c0mS/cm: Conductivity [mS/cm]
# name 3 = t090C: Temperature [ITS-90, deg C]
# name 4 = oxML/L: Oxygen, Beckman/YSI [ml/l]
# name 5 = depSM: Depth [salt water, m], lat = 47.5
# name 6 = sal00: Salinity, Practical [PSU]
# name 7 = sigma-é00: Density [sigma-theta, kg/m^3]
# name 8 = flag: flag
# span 0 = 285.646238, 285.653171       
# span 1 =     -5.610,     14.049       
# span 2 =   0.125483,  35.555784       
# span 3 =    12.5373,    13.5313       
# span 4 =   -0.06030,   32.25513       
# span 5 =     -5.563,     13.931       
# span 6 =     0.0777,    30.2321       
# span 7 =    -0.6159,    22.7843       
# span 8 = 0.0000e+00, 0.0000e+00       
# interval = seconds: 0.5
# start_time = Oct 12 2007 15:30:35 [Instrument's time stamp, header]
# bad_flag = -9.990e-29
*END*
[from data line 641]
 285.649948     10.528  34.250689    12.5445    6.70958     10.440    29.0237    21.8535 -9.990e-29
 285.649954     10.534  34.251824    12.5445    6.71285     10.446    29.0247    21.8543 -9.990e-29
 285.649959     10.533  34.251648    12.5446    6.69963     10.445    29.0245    21.8541 -9.990e-29
 285.649965     10.514  34.249943    12.5449    6.68431     10.426    29.0227    21.8527 -9.990e-29
 285.649971     10.483  34.247813    12.5450    6.68488     10.395    29.0206    21.8511 -9.990e-29
 285.649977     10.453  34.246357    12.5445    6.68457     10.365    29.0196    21.8504 -9.990e-29
 285.649983     10.435  34.245331    12.5440    6.69048     10.348    29.0190    21.8500 -9.990e-29
 285.649988     10.434  34.245066    12.5439    6.69153     10.347    29.0189    21.8499 -9.990e-29
 285.649994     10.439  34.246347    12.5437    6.69624     10.352    29.0202    21.8510 -9.990e-29
 285.650000     10.439  34.246977    12.5429    6.70030     10.352    29.0214    21.8521 -9.990e-29
 285.650006     10.434  34.245008    12.5420    6.71391     10.347    29.0203    21.8514 -9.990e-29
 285.650012     10.427  34.241193    12.5412    6.72829     10.340    29.0173    21.8492 -9.990e-29
 285.650017     10.419  34.236066    12.5403    6.72287     10.332    29.0132    21.8462 -9.990e-29
 285.650023     10.408  34.230092    12.5394    6.71168     10.321    29.0083    21.8426 -9.990e-29
 285.650029     10.398  34.225407    12.5387    6.69940     10.311    29.0044    21.8397 -9.990e-29
 285.650035     10.393  34.223065    12.5380    6.69675     10.306    29.0028    21.8386 -9.990e-29
 285.650041     10.392  34.222761    12.5379    6.69285     10.305    29.0026    21.8384 -9.990e-29
 285.650046     10.401  34.226906    12.5392    6.68945     10.314    29.0055    21.8404 -9.990e-29
 285.650052     10.418  34.235442    12.5411    6.68638     10.331    29.0120    21.8451 -9.990e-29
 285.650058     10.442  34.242399    12.5427    6.69496     10.355    29.0173    21.8489 -9.990e-29
 285.650064     10.473  34.245865    12.5442    6.70107     10.385    29.0194    21.8503 -9.990e-29
 285.650069     10.509  34.249918    12.5456    6.70416     10.421    29.0221    21.8521 -9.990e-29
 285.650075     10.545  34.255496    12.5468    6.70324     10.457    29.0264    21.8552 -9.990e-29
 285.650081     10.569  34.258847    12.5471    6.69350     10.481    29.0293    21.8574 -9.990e-29
 285.650087     10.574  34.258292    12.5466    6.68525     10.485    29.0292    21.8574 -9.990e-29
 285.650093     10.565  34.255909    12.5460    6.68387     10.477    29.0274    21.8561 -9.990e-29
 285.650098     10.551  34.253020    12.5453    6.68033     10.463    29.0252    21.8546 -9.990e-29
 285.650104     10.538  34.249712    12.5446    6.68302     10.450    29.0227    21.8527 -9.990e-29
 285.650110     10.530  34.247193    12.5440    6.68395     10.442    29.0208    21.8514 -9.990e-29
 285.650116     10.527  34.246045    12.5435    6.67867     10.439    29.0201    21.8509 -9.990e-29
 285.650122     10.529  34.244754    12.5430    6.68699     10.441    29.0192    21.8504 -9.990e-29
 285.650127     10.535  34.242733    12.5422    6.69517     10.447    29.0180    21.8495 -9.990e-29
 285.650133     10.546  34.240107    12.5416    6.67942     10.458    29.0159    21.8481 -9.990e-29
 285.650139     10.559  34.237872    12.5411    6.68077     10.471    29.0142    21.8469 -9.990e-29
 285.650145     10.565  34.237547    12.5407    6.67730     10.477    29.0142    21.8469 -9.990e-29
 285.650150     10.560  34.237595    12.5405    6.67189     10.472    29.0144    21.8471 -9.990e-29
 285.650156     10.546  34.236415    12.5405    6.67814     10.458    29.0133    21.8463 -9.990e-29
 285.650162     10.524  34.235251    12.5407    6.66986     10.436    29.0121    21.8453 -9.990e-29
 285.650168     10.506  34.236491    12.5412    6.67665     10.418    29.0129    21.8458 -9.990e-29
 285.650174     10.500  34.240126    12.5420    6.67971     10.412    29.0157    21.8478 -9.990e-29
 285.650179     10.502  34.242615    12.5424    6.69326     10.414    29.0177    21.8493 -9.990e-29
 285.650185     10.506  34.243373    12.5427    6.70098     10.418    29.0182    21.8496 -9.990e-29
 285.650191     10.508  34.245666    12.5438    6.70305     10.420    29.0195    21.8504 -9.990e-29
 285.650197     10.510  34.250328    12.5457    6.70202     10.422    29.0224    21.8523 -9.990e-29
 285.650203     10.520  34.255747    12.5476    6.69611     10.432    29.0260    21.8548 -9.990e-29
 285.650208     10.533  34.259641    12.5485    6.70159     10.445    29.0290    21.8569 -9.990e-29
 285.650214     10.534  34.260495    12.5483    6.69379     10.446    29.0299    21.8577 -9.990e-29
 285.650220     10.515  34.259464    12.5480    6.69932     10.427    29.0292    21.8572 -9.990e-29
 285.650226     10.482  34.257990    12.5481    6.68659     10.394    29.0278    21.8560 -9.990e-29
 285.650231     10.442  34.256926    12.5483    6.68643     10.355    29.0266    21.8551 -9.990e-29
 285.650237     10.389  34.256554    12.5482    6.69609     10.302    29.0264    21.8549 -9.990e-29
 285.650243     10.313  34.255834    12.5478    6.68294     10.227    29.0260    21.8547 -9.990e-29
 285.650249     10.216  34.254381    12.5473    6.69161     10.130    29.0251    21.8541 -9.990e-29
 285.650255     10.096  34.252516    12.5467    6.70727     10.011    29.0238    21.8532 -9.990e-29
 285.650260      9.939  34.250012    12.5456    6.73144      9.856    29.0224    21.8523 0.0000e+00
 285.650266      9.732  34.246348    12.5439    6.74680      9.651    29.0203    21.8510 0.0000e+00
 285.650272      9.471  34.240017    12.5424    6.74497      9.392    29.0156    21.8477 0.0000e+00
 285.650278      9.165  34.231559    12.5422    6.75220      9.088    29.0080    21.8418 0.0000e+00
 285.650284      8.828  34.224842    12.5428    6.77223      8.754    29.0013    21.8365 0.0000e+00
 285.650289      8.473  34.221572    12.5440    6.80202      8.402    28.9975    21.8333 0.0000e+00
 285.650295      8.112  34.220771    12.5467    6.84621      8.044    28.9948    21.8307 0.0000e+00
 285.650301      7.752  34.220828    12.5497    6.92656      7.687    28.9926    21.8285 0.0000e+00
 285.650307      7.391  34.220720    12.5519    7.04318      7.329    28.9910    21.8268 0.0000e+00
 285.650312      7.028  34.220880    12.5561    7.21595      6.969    28.9880    21.8237 0.0000e+00
 285.650318      6.670  34.220980    12.5631    7.48693      6.614    28.9829    21.8184 0.0000e+00
 285.650324      6.323  34.218931    12.5720    7.83591      6.270    28.9742    21.8101 0.0000e+00
 285.650330      5.993  34.213699    12.5855    8.16946      5.943    28.9591    21.7959 0.0000e+00
 285.650336      5.683  34.201131    12.6062    8.39205      5.635    28.9315    21.7707 0.0000e+00
 285.650341      5.399  34.167851    12.6345    8.49097      5.354    28.8787    21.7246 0.0000e+00
 285.650347      5.153  34.103121    12.6654    8.49001      5.110    28.7946    21.6538 0.0000e+00
 285.650353      4.955  34.031585    12.6874    8.46145      4.914    28.7110    21.5851 0.0000e+00
 285.650359      4.802  33.992343    12.6971    8.46311      4.762    28.6670    21.5493 -9.990e-29
 285.650365      4.679  33.982397    12.7003    8.46323      4.640    28.6553    21.5396 -9.990e-29
 285.650370      4.574  33.979541    12.7025    8.46735      4.536    28.6510    21.5359 -9.990e-29
 285.650376      4.485  33.973263    12.7078    8.47029      4.448    28.6412    21.5273 -9.990e-29
 285.650382      4.410  33.958010    12.7161    8.47249      4.373    28.6207    21.5099 -9.990e-29
 285.650388      4.345  33.939791    12.7224    8.45740      4.309    28.5989    21.4919 -9.990e-29
 285.650394      4.285  33.931868    12.7240    8.43881      4.249    28.5903    21.4850 -9.990e-29
 285.650399      4.232  33.933219    12.7235    8.42869      4.197    28.5920    21.4863 -9.990e-29
 285.650405      4.190  33.935018    12.7238    8.44054      4.155    28.5935    21.4874 -9.990e-29
 285.650411      4.160  33.935201    12.7255    8.45971      4.125    28.5924    21.4862 -9.990e-29
 285.650417      4.146  33.932345    12.7284    8.46346      4.111    28.5875    21.4820 -9.990e-29
 285.650422      4.150  33.926023    12.7311    8.45972      4.115    28.5796    21.4753 -9.990e-29
 285.650428      4.169  33.919587    12.7329    8.45530      4.134    28.5722    21.4693 -9.990e-29
 285.650434      4.195  33.916419    12.7338    8.45054      4.160    28.5685    21.4663 -9.990e-29
 285.650440      4.217  33.916226    12.7336    8.44310      4.182    28.5685    21.4663 -9.990e-29
 285.650446      4.228  33.917251    12.7334    8.42935      4.193    28.5696    21.4672 -9.990e-29
 285.650451      4.232  33.919173    12.7340    8.42392      4.197    28.5709    21.4681 -9.990e-29
 285.650457      4.235  33.921929    12.7345    8.41268      4.200    28.5731    21.4697 -9.990e-29
 285.650463      4.241  33.924699    12.7346    8.41101      4.206    28.5756    21.4716 -9.990e-29
 285.650469      4.255  33.926684    12.7345    8.40976      4.219    28.5776    21.4731 -9.990e-29
 285.650475      4.273  33.928278    12.7341    8.40151      4.237    28.5793    21.4746 -9.990e-29
 285.650480      4.287  33.930474    12.7330    8.40900      4.251    28.5822    21.4770 -9.990e-29
 285.650486      4.294  33.934509    12.7314    8.41740      4.258    28.5872    21.4812 -9.990e-29
 285.650492      4.300  33.939028    12.7304    8.43389      4.264    28.5922    21.4852 -9.990e-29
 285.650498      4.304  33.939960    12.7304    8.44472      4.268    28.5930    21.4859 -9.990e-29
 285.650503      4.298  33.937416    12.7312    8.46147      4.262    28.5901    21.4834 -9.990e-29
 285.650509      4.281  33.934154    12.7323    8.48054      4.245    28.5862    21.4802 -9.990e-29
 285.650515      4.262  33.930295    12.7336    8.50494      4.226    28.5816    21.4764 -9.990e-29
 285.650521      4.243  33.925725    12.7345    8.52119      4.208    28.5767    21.4725 -9.990e-29
 285.650527      4.224  33.921062    12.7353    8.52561      4.189    28.5717    21.4685 -9.990e-29
 285.650532      4.202  33.917360    12.7365    8.52070      4.167    28.5674    21.4649 -9.990e-29
 285.650538      4.180  33.915273    12.7377    8.51254      4.145    28.5645    21.4625 -9.990e-29
 285.650544      4.167  33.913128    12.7387    8.50698      4.132    28.5618    21.4601 -9.990e-29
 285.650550      4.165  33.910295    12.7398    8.50314      4.130    28.5583    21.4573 -9.990e-29
 285.650556      4.174  33.909149    12.7406    8.50512      4.139    28.5566    21.4558 -9.990e-29
 285.650561      4.191  33.910951    12.7407    8.50377      4.156    28.5582    21.4570 -9.990e-29
 285.650567      4.208  33.913610    12.7404    8.49913      4.173    28.5609    21.4592 -9.990e-29
 285.650573      4.221  33.914495    12.7399    8.48431      4.186    28.5621    21.4602 -9.990e-29
 285.650579      4.233  33.915335    12.7390    8.48522      4.198    28.5636    21.4615 -9.990e-29
 285.650584      4.243  33.918919    12.7378    8.47255      4.208    28.5678    21.4650 -9.990e-29
 285.650590      4.251  33.923292    12.7371    8.46837      4.215    28.5724    21.4687 -9.990e-29
 285.650596      4.259  33.925868    12.7369    8.47614      4.223    28.5750    21.4707 -9.990e-29
 285.650602      4.268  33.926709    12.7370    8.49104      4.232    28.5757    21.4712 -9.990e-29
 285.650608      4.272  33.926366    12.7372    8.50137      4.236    28.5752    21.4708 -9.990e-29
 285.650613      4.270  33.925491    12.7373    8.50936      4.234    28.5743    21.4701 -9.990e-29
 285.650619      4.263  33.925145    12.7374    8.50563      4.227    28.5739    21.4698 -9.990e-29
 285.650625      4.257  33.924856    12.7375    8.51285      4.221    28.5736    21.4695 -9.990e-29
 285.650631      4.251  33.923105    12.7379    8.52128      4.215    28.5717    21.4679 -9.990e-29
 285.650637      4.244  33.920347    12.7384    8.53076      4.209    28.5687    21.4656 -9.990e-29
 285.650642      4.241  33.917937    12.7388    8.51891      4.206    28.5662    21.4635 -9.990e-29
 285.650648      4.245  33.916010    12.7391    8.51310      4.210    28.5641    21.4619 -9.990e-29
 285.650654      4.253  33.914227    12.7394    8.51101      4.217    28.5622    21.4604 -9.990e-29
 285.650660      4.260  33.913001    12.7393    8.51927      4.224    28.5612    21.4596 -9.990e-29
 285.650666      4.268  33.913487    12.7391    8.52858      4.232    28.5618    21.4601 -9.990e-29
 285.650671      4.276  33.915760    12.7391    8.53084      4.240    28.5639    21.4617 -9.990e-29
 285.650677      4.281  33.917236    12.7395    8.52918      4.245    28.5650    21.4625 -9.990e-29
 285.650683      4.279  33.915952    12.7404    8.51842      4.243    28.5631    21.4608 -9.990e-29
 285.650689      4.270  33.913544    12.7412    8.51985      4.234    28.5602    21.4585 -9.990e-29
 285.650694      4.253  33.911829    12.7416    8.51827      4.217    28.5583    21.4570 -9.990e-29
 285.650700      4.236  33.910753    12.7416    8.50937      4.201    28.5573    21.4562 -9.990e-29
 285.650706      4.230  33.910549    12.7414    8.51262      4.195    28.5573    21.4562 -9.990e-29
 285.650712      4.235  33.911495    12.7412    8.49979      4.200    28.5583    21.4570 -9.990e-29
 285.650718      4.243  33.913162    12.7407    8.49261      4.208    28.5603    21.4586 -9.990e-29
 285.650723      4.250  33.915518    12.7401    8.48662      4.214    28.5629    21.4608 -9.990e-29
 285.650729      4.257  33.917771    12.7397    8.47329      4.221    28.5653    21.4627 -9.990e-29
 285.650735      4.264  33.918992    12.7392    8.47164      4.228    28.5668    21.4640 -9.990e-29
 285.650741      4.271  33.920237    12.7384    8.48094      4.235    28.5686    21.4655 -9.990e-29
 285.650747      4.278  33.923155    12.7370    8.48844      4.242    28.5724    21.4687 -9.990e-29
 285.650752      4.287  33.927701    12.7358    8.50717      4.251    28.5775    21.4729 -9.990e-29
 285.650758      4.294  33.930962    12.7357    8.52663      4.258    28.5806    21.4753 -9.990e-29
 285.650764      4.295  33.929993    12.7367    8.53320      4.259    28.5790    21.4738 -9.990e-29
 285.650770      4.289  33.925728    12.7381    8.54546      4.253    28.5739    21.4697 -9.990e-29
 285.650775      4.276  33.920874    12.7395    8.55431      4.240    28.5684    21.4651 -9.990e-29
 285.650781      4.265  33.916791    12.7407    8.56079      4.229    28.5636    21.4612 -9.990e-29
 285.650787      4.263  33.914184    12.7414    8.55729      4.227    28.5607    21.4588 -9.990e-29
 285.650793      4.261  33.912930    12.7418    8.54381      4.225    28.5592    21.4576 -9.990e-29
 285.650799      4.250  33.911904    12.7423    8.54006      4.214    28.5579    21.4565 -9.990e-29
 285.650804      4.235  33.910848    12.7429    8.53323      4.200    28.5564    21.4553 -9.990e-29
 285.650810      4.223  33.910021    12.7435    8.52859      4.188    28.5552    21.4542 -9.990e-29
 285.650816      4.221  33.909992    12.7435    8.52373      4.186    28.5552    21.4542 -9.990e-29
 285.650822      4.234  33.911270    12.7427    8.51725      4.199    28.5570    21.4557 -9.990e-29
 285.650828      4.258  33.913308    12.7418    8.51908      4.222    28.5596    21.4579 -9.990e-29
 285.650833      4.283  33.914328    12.7419    8.52315      4.247    28.5604    21.4585 -9.990e-29
 285.650839      4.300  33.913438    12.7425    8.52565      4.264    28.5591    21.4574 -9.990e-29
 285.650845      4.316  33.912800    12.7424    8.52131      4.280    28.5586    21.4570 -9.990e-29
 285.650851      4.332  33.913794    12.7417    8.53139      4.296    28.5601    21.4583 -9.990e-29
 285.650856      4.339  33.916051    12.7410    8.54123      4.303    28.5627    21.4604 -9.990e-29
 285.650862      4.338  33.919209    12.7406    8.55788      4.302    28.5659    21.4630 -9.990e-29
