data/oxygen options/ONMS/Olympic_Coast_National_Marine_Sanctuary_CTD_Data_2005_2023/raw_data/2007/CTD_CE065_091807faedb.cnv
* Sea-Bird SBE19 Data File:
* FileName = C:\2007_mooring_data\Service_091807\CTD_CE065_091807.hex
* Software Version 1.20
* Temperature SN = 2997
* Conductivity SN = 2997
* System UpLoad Time = Sep 18 2007 12:19:10
* SEACAT PROFILER V3.1c SN 2997   09/18/07  12:18:31.958
* strain gauge pressure sensor: S/N = 184829,  range = 3000 psia,  tc = 40
# nquan = 9
# nvalues = 62                          
# units = specified
# name 0 = timeJ: Julian Days
# name 1 = prSM: Pressure, Strain Gauge [db]
# name 2 = c0mS/cm: Conductivity [mS/cm]
# name 3 = t090C: Temperature [ITS-90, deg C]
# name 4 = oxML/L: Oxygen, Beckman/YSI [ml/l]
# name 5 = depSM: Depth [salt water, m], lat = 47.5
# name 6 = sal00: Salinity, Practical [PSU]
# name 7 = sigma-é00: Density [sigma-theta, kg/m^3]
# name 8 = flag: flag
# span 0 = 261.495912, 261.496778       
# span 1 =      2.000,     63.000       
# span 2 =  34.051171,  37.799103       
# span 3 =     7.3410,    12.6737       
# span 4 =    1.41678,    7.02417       
# span 5 =      1.983,     62.465       
# span 6 =    32.2751,    33.8050       
# span 7 =    24.3467,    26.4309       
# span 8 = 0.0000e+00, 0.0000e+00       
# interval = decibars: 1                
# start_time = Sep 18 2007 11:50:35 [Instrument's time stamp, header]
# bad_flag = -9.990e-29
*END*
 261.495912      2.000  37.799103    12.6737    7.02417      1.983    32.2751    24.3467 0.0000e+00
 261.495941      3.000  37.175578    11.9645    6.24142      2.975    32.2877    24.4898 0.0000e+00
 261.495962      4.000  36.656960    11.2224    5.98270      3.967    32.4294    24.7350 0.0000e+00
 261.495979      5.000  36.401671    10.9827    5.82767      4.958    32.3886    24.7458 0.0000e+00
 261.495995      6.000  36.314836    10.7794    5.73241      5.950    32.4820    24.8540 0.0000e+00
 261.496010      7.000  36.097172    10.5246    5.69532      6.942    32.4912    24.9051 0.0000e+00
 261.496026      8.000  36.012268    10.4674    5.65052      7.933    32.4567    24.8882 0.0000e+00
 261.496042      9.000  35.987157    10.3515    5.50312      8.925    32.5348    24.9687 0.0000e+00
 261.496056     10.000  35.881341    10.1741    5.06750      9.916    32.5869    25.0392 0.0000e+00
 261.496070     11.000  35.780712    10.0113    4.78849     10.908    32.6315    25.1012 0.0000e+00
 261.496083     12.000  35.634108     9.7060    4.61554     11.899    32.7588    25.2509 0.0000e+00
 261.496098     13.000  35.256964     9.2854    4.50907     12.891    32.7552    25.3159 0.0000e+00
 261.496114     14.000  35.098620     9.1131    4.54687     13.883    32.7494    25.3387 0.0000e+00
 261.496129     15.000  34.918580     8.7952    4.51258     14.874    32.8551    25.4709 0.0000e+00
 261.496145     16.000  34.758982     8.6442    4.45611     15.866    32.8277    25.4725 0.0000e+00
 261.496161     17.000  34.694767     8.4724    4.51234     16.858    32.9199    25.5708 0.0000e+00
 261.496177     18.000  34.433203     8.0903    4.51176     17.849    33.0008    25.6910 0.0000e+00
 261.496192     19.000  34.308200     7.9354    4.57052     18.841    33.0131    25.7233 0.0000e+00
 261.496206     20.000  34.211288     7.7959    4.57350     19.832    33.0409    25.7653 0.0000e+00
 261.496220     21.000  34.125804     7.7252    4.57146     20.824    33.0157    25.7556 0.0000e+00
 261.496236     22.000  34.100271     7.6925    4.54639     21.815    33.0189    25.7627 0.0000e+00
 261.496251     23.000  34.075827     7.6428    4.50756     22.807    33.0393    25.7859 0.0000e+00
 261.496265     24.000  34.055447     7.5988    4.43636     23.798    33.0587    25.8073 0.0000e+00
 261.496279     25.000  34.054669     7.5804    4.35555     24.790    33.0749    25.8227 0.0000e+00
 261.496293     26.000  34.055173     7.5511    4.26981     25.781    33.1029    25.8489 0.0000e+00
 261.496307     27.000  34.051171     7.5095    4.09688     26.773    33.1378    25.8822 0.0000e+00
 261.496321     28.000  34.062368     7.5011    3.93240     27.764    33.1575    25.8988 0.0000e+00
 261.496333     29.000  34.079816     7.4925    3.89533     28.756    33.1840    25.9210 0.0000e+00
 261.496345     30.000  34.083305     7.4688    3.86384     29.747    33.2100    25.9447 0.0000e+00
 261.496357     31.000  34.084716     7.4582    3.72551     30.739    33.2212    25.9550 0.0000e+00
 261.496371     32.000  34.102963     7.4505    3.44176     31.731    33.2479    25.9770 0.0000e+00
 261.496383     33.000  34.140775     7.4279    3.11047     32.722    33.3101    26.0291 0.0000e+00
 261.496395     34.000  34.200194     7.4132    2.86080     33.714    33.3880    26.0926 0.0000e+00
 261.496408     35.000  34.262302     7.4091    2.63767     34.705    33.4589    26.1489 0.0000e+00
 261.496423     36.000  34.309974     7.4035    2.41448     35.696    33.5156    26.1942 0.0000e+00
 261.496439     37.000  34.361831     7.3909    2.31324     36.688    33.5836    26.2495 0.0000e+00
 261.496454     38.000  34.388318     7.3880    2.23975     37.679    33.6146    26.2743 0.0000e+00
 261.496467     39.000  34.396311     7.3756    2.14188     38.671    33.6349    26.2920 0.0000e+00
 261.496478     40.000  34.406986     7.3678    2.07768     39.662    33.6536    26.3079 0.0000e+00
 261.496489     41.000  34.416422     7.3639    2.05951     40.654    33.6671    26.3191 0.0000e+00
 261.496500     42.000  34.427214     7.3628    2.04903     41.645    33.6794    26.3289 0.0000e+00
 261.496513     43.000  34.436160     7.3644    2.00967     42.637    33.6871    26.3348 0.0000e+00
 261.496528     44.000  34.438849     7.3633    1.88719     43.628    33.6906    26.3376 0.0000e+00
 261.496541     45.000  34.462190     7.3574    1.72179     44.620    33.7212    26.3625 0.0000e+00
 261.496553     46.000  34.493153     7.3526    1.59291     45.611    33.7591    26.3931 0.0000e+00
 261.496563     47.000  34.513516     7.3485    1.51403     46.602    33.7847    26.4138 0.0000e+00
 261.496574     48.000  34.524416     7.3453    1.46774     47.594    33.7993    26.4257 0.0000e+00
 261.496586     49.000  34.527336     7.3431    1.48025     48.585    33.8041    26.4299 0.0000e+00
 261.496598     50.000  34.528016     7.3427    1.48777     49.576    33.8047    26.4304 0.0000e+00
 261.496612     51.000  34.529200     7.3440    1.46747     50.568    33.8043    26.4299 0.0000e+00
 261.496625     52.000  34.529440     7.3433    1.47267     51.560    33.8047    26.4304 0.0000e+00
 261.496637     53.000  34.528541     7.3422    1.45434     52.551    33.8043    26.4302 0.0000e+00
 261.496649     54.000  34.529305     7.3421    1.44736     53.542    33.8048    26.4306 0.0000e+00
 261.496663     55.000  34.529131     7.3413    1.46421     54.534    33.8049    26.4308 0.0000e+00
 261.496675     56.000  34.529340     7.3410    1.45004     55.525    33.8050    26.4309 0.0000e+00
 261.496689     57.000  34.529551     7.3414    1.43765     56.516    33.8043    26.4303 0.0000e+00
 261.496702     58.000  34.529661     7.3418    1.43140     57.508    33.8036    26.4297 0.0000e+00
 261.496714     59.000  34.530263     7.3421    1.43361     58.499    33.8034    26.4296 0.0000e+00
 261.496726     60.000  34.530963     7.3421    1.44623     59.491    33.8037    26.4298 0.0000e+00
 261.496741     61.000  34.530868     7.3426    1.42761     60.482    33.8026    26.4289 0.0000e+00
 261.496758     62.000  34.531856     7.3435    1.43782     61.473    33.8023    26.4286 0.0000e+00
 261.496778     63.000  34.531408     7.3424    1.41678     62.465    33.8024    26.4288 0.0000e+00
