data/oxygen options/ONMS/Olympic_Coast_National_Marine_Sanctuary_CTD_Data_2005_2023/raw_data/2007/CTD_KL015_091807faed.cnv
* Sea-Bird SBE19 Data File:
* FileName = C:\2007_mooring_data\Service_091807\CTD_KL015_091807.hex
* Software Version 1.20
* Temperature SN = 2997
* Conductivity SN = 2997
* System UpLoad Time = Sep 18 2007 16:53:29
* SEACAT PROFILER V3.1c SN 2997   09/18/07  16:52:52.916
* strain gauge pressure sensor: S/N = 184829,  range = 3000 psia,  tc = 40
# nquan = 9                                 
# nvalues = 1274                        
# units = specified
# name 0 = timeJ: Julian Days
# name 1 = prSM: Pressure, Strain Gauge [db]
# name 2 = c0mS/cm: Conductivity [mS/cm]
# name 3 = t090C: Temperature [ITS-90, deg C]
# name 4 = oxML/L: Oxygen, Beckman/YSI [ml/l]
# name 5 = depSM: Depth [salt water, m], lat = 47.5
# name 6 = sal00: Salinity, Practical [PSU]
# name 7 = sigma-é00: Density [sigma-theta, kg/m^3]
# name 8 = flag: flag
# span 0 = 261.687269, 261.694635       
# span 1 =     -5.395,     14.658       
# span 2 =   1.832134,  39.017872       
# span 3 =    10.8065,    14.2394       
# span 4 =   -0.05781,   29.47502       
# span 5 =     -5.350,     14.535       
# span 6 =     1.1944,    32.6919       
# span 7 =     0.1493,    25.0055       
# span 8 = 0.0000e+00, 0.0000e+00       
# interval = seconds: 0.5
# start_time = Sep 18 2007 16:29:40 [Instrument's time stamp, header]
# bad_flag = -9.990e-29
*END*
 261.687269     -5.395 -9.990e-29    14.2394   -0.05781     -5.350 -9.990e-29 -9.990e-29 -9.990e-29
 261.687274     -5.381   2.251366    14.2275   -0.05759     -5.336     1.4814     0.3616 -9.990e-29
 261.687280     -5.363   2.089218    14.2087   -0.05759     -5.318     1.3698     0.2781 -9.990e-29
 261.687286     -5.335   1.914865    14.1856   -0.05753     -5.291     1.2504     0.1892 -9.990e-29
 261.687292     -5.297   1.832134    14.1616   -0.05761     -5.253     1.1944     0.1493 -9.990e-29
 261.687297     -5.253   1.894251    14.1386   -0.05758     -5.209     1.2377     0.1861 -9.990e-29
 261.687303     -5.201   2.190178    14.1193   -0.05755     -5.158     1.4429     0.3475 -9.990e-29
 261.687309     -5.133   3.080455    14.1003   -0.05753     -5.090     2.0702     0.8348 -9.990e-29
 261.687315     -5.050   5.743206    14.0625   -0.05749     -5.008     4.0202     2.3436 -9.990e-29
 261.687321     -4.951  13.793478    14.0018   -0.05748     -4.910    10.3330     7.2051 -9.990e-29
 261.687326     -4.829  25.945135    13.9505   -0.05752     -4.789    20.5980    15.0979 -9.990e-29
 261.687332     -4.684  34.212077    13.9292   -0.05753     -4.645    27.9577    20.7662 -9.990e-29
 261.687338     -4.526  37.210088    13.9217   -0.05755     -4.488    30.6952    22.8786 -9.990e-29
 261.687344     -4.365  38.330410    13.9117   -0.05760     -4.329    31.7332    23.6818 -9.990e-29
 261.687350     -4.217  38.722006    13.9058   -0.05764     -4.182    32.0993    23.9656 -9.990e-29
 261.687355     -4.085  38.865558    13.9103   -0.05756     -4.051    32.2280    24.0641 -9.990e-29
 261.687361     -3.964  38.942987    13.9270   -0.05760     -3.931    32.2855    24.1050 -9.990e-29
 261.687367     -3.862  39.002065    13.9514   -0.05761     -3.830    32.3195    24.1263 -9.990e-29
 261.687373     -3.778  39.017872    13.9642   -0.05762     -3.747    32.3233    24.1266 -9.990e-29
 261.687378     -3.704  38.990228    13.9529   -0.05765     -3.673    32.3072    24.1165 -9.990e-29
 261.687384     -3.630  38.959163    13.9263   -0.05764     -3.600    32.3009    24.1171 -9.990e-29
 261.687390     -3.562  38.964068    13.9063   -0.05761     -3.532    32.3222    24.1376 -9.990e-29
 261.687396     -3.510  39.003118    13.9045   -0.05759     -3.481    32.3598    24.1670 -9.990e-29
 261.687402     -3.477  39.004495    13.9118   -0.05760     -3.448    32.3549    24.1618 -9.990e-29
 261.687407     -3.456  38.930269    13.9120   -0.05766     -3.427    32.2861    24.1086 -9.990e-29
 261.687413     -3.442  38.863215    13.8981   -0.05767     -3.413    32.2359    24.0726 -9.990e-29
 261.687419     -3.415  38.868195    13.8759   -0.05763     -3.387    32.2591    24.0951 -9.990e-29
 261.687425     -3.371  38.910972    13.8585   -0.05761     -3.343    32.3133    24.1405 -9.990e-29
 261.687431     -3.324  38.961154    13.8573   -0.05762     -3.296    32.3607    24.1774 -9.990e-29
 261.687436     -3.279  38.989242    13.8695   -0.05764     -3.252    32.3764    24.1870 -9.990e-29
 261.687442     -3.238  38.967687    13.8802   -0.05763     -3.211    32.3474    24.1624 -9.990e-29
 261.687448     -3.201  38.932292    13.8798   -0.05763     -3.174    32.3150    24.1375 -9.990e-29
 261.687454     -3.168  38.929006    13.8702   -0.05761     -3.142    32.3200    24.1433 -9.990e-29
 261.687459     -3.136  38.949579    13.8590   -0.05762     -3.110    32.3485    24.1676 -9.990e-29
 261.687465     -3.103  38.954204    13.8533   -0.05764     -3.077    32.3576    24.1758 -9.990e-29
 261.687471     -3.071  38.937884    13.8545   -0.05764     -3.045    32.3414    24.1631 -9.990e-29
 261.687477     -3.042  38.940591    13.8605   -0.05763     -3.017    32.3389    24.1599 -9.990e-29
 261.687483     -3.018  38.972156    13.8690   -0.05761     -2.993    32.3609    24.1752 -9.990e-29
 261.687488     -3.003  38.985559    13.8770   -0.05763     -2.978    32.3665    24.1779 -9.990e-29
 261.687494     -2.992  38.954983    13.8816   -0.05764     -2.967    32.3344    24.1521 -9.990e-29
 261.687500     -2.979  38.910373    13.8797   -0.05764     -2.954    32.2947    24.1219 -9.990e-29
 261.687506     -2.963  38.888195    13.8717   -0.05764     -2.938    32.2809    24.1129 -9.990e-29
 261.687512     -2.943  38.903793    13.8641   -0.05763     -2.918    32.3018    24.1305 -9.990e-29
 261.687517     -2.919  38.941569    13.8634   -0.05762     -2.895    32.3373    24.1581 -9.990e-29
 261.687523     -2.893  38.961097    13.8689   -0.05762     -2.869    32.3507    24.1673 -9.990e-29
 261.687529     -2.871  38.947533    13.8730   -0.05764     -2.847    32.3347    24.1541 -9.990e-29
 261.687535     -2.858  38.923778    13.8720   -0.05762     -2.834    32.3136    24.1380 -9.990e-29
 261.687541     -2.851  38.920459    13.8702   -0.05760     -2.827    32.3120    24.1372 -9.990e-29
 261.687546     -2.846  38.932643    13.8703   -0.05760     -2.822    32.3232    24.1458 -9.990e-29
 261.687552     -2.835  38.929527    13.8689   -0.05761     -2.811    32.3215    24.1447 -9.990e-29
 261.687558     -2.816  38.916541    13.8647   -0.05762     -2.793    32.3130    24.1390 -9.990e-29
 261.687564     -2.793  38.916800    13.8623   -0.05760     -2.770    32.3152    24.1413 -9.990e-29
 261.687569     -2.763  38.934628    13.8657   -0.05760     -2.740    32.3289    24.1511 -9.990e-29
 261.687575     -2.731  38.958520    13.8716   -0.05762     -2.708    32.3460    24.1631 -9.990e-29
 261.687581     -2.697  38.964309    13.8745   -0.05765     -2.675    32.3489    24.1648 -9.990e-29
 261.687587     -2.660  38.944626    13.8752   -0.05767     -2.638    32.3301    24.1501 -9.990e-29
 261.687593     -2.622  38.933843    13.8774   -0.05766     -2.600    32.3182    24.1405 -9.990e-29
 261.687598     -2.588  38.955208    13.8815   -0.05765     -2.566    32.3345    24.1522 -9.990e-29
 261.687604     -2.561  38.978943    13.8845   -0.05766     -2.540    32.3539    24.1666 -9.990e-29
 261.687610     -2.540  38.973383    13.8832   -0.05767     -2.519    32.3499    24.1638 -9.990e-29
 261.687616     -2.522  38.952478    13.8806   -0.05767     -2.501    32.3327    24.1510 -9.990e-29
 261.687622     -2.506  38.951772    13.8807   -0.05765     -2.485    32.3320    24.1504 -9.990e-29
 261.687627     -2.493  38.965891    13.8816   -0.05764     -2.472    32.3443    24.1598 -9.990e-29
 261.687633     -2.480  38.955396    13.8786   -0.05765     -2.459    32.3371    24.1548 -9.990e-29
 261.687639     -2.467  38.911391    13.8714   -0.05768     -2.446    32.3025    24.1295 -9.990e-29
 261.687645     -2.449  38.867783    13.8644   -0.05769     -2.429    32.2680    24.1044 -9.990e-29
 261.687650     -2.421  38.859562    13.8607   -0.05769     -2.401    32.2635    24.1016 -9.990e-29
 261.687656     -2.385  38.879185    13.8606   -0.05768     -2.365    32.2817    24.1157 -9.990e-29
 261.687662     -2.347  38.893989    13.8622   -0.05767     -2.327    32.2941    24.1249 -9.990e-29
 261.687668     -2.313  38.890120    13.8627   -0.05766     -2.294    32.2900    24.1217 -9.990e-29
 261.687674     -2.285  38.880417    13.8624   -0.05765     -2.266    32.2813    24.1151 -9.990e-29
 261.687679     -2.263  38.886764    13.8633   -0.05766     -2.244    32.2864    24.1188 -9.990e-29
 261.687685     -2.243  38.904778    13.8649   -0.05768     -2.224    32.3017    24.1303 -9.990e-29
 261.687691     -2.226  38.905263    13.8639   -0.05768     -2.207    32.3030    24.1315 -9.990e-29
 261.687697     -2.205  38.876019    13.8597   -0.05766     -2.187    32.2795    24.1142 -9.990e-29
 261.687703     -2.176  38.838670    13.8549   -0.05766     -2.158    32.2490    24.0916 -9.990e-29
 261.687708     -2.140  38.826459    13.8528   -0.05764     -2.122    32.2394    24.0847 -9.990e-29
 261.687714     -2.103  38.843903    13.8542   -0.05766     -2.085    32.2544    24.0959 -9.990e-29
 261.687720     -2.073  38.868333    13.8576   -0.05767     -2.056    32.2741    24.1105 -9.990e-29
 261.687726     -2.056  38.886954    13.8615   -0.05767     -2.039    32.2880    24.1204 -9.990e-29
 261.687731     -2.054  38.898293    13.8652   -0.05766     -2.037    32.2954    24.1254 -9.990e-29
 261.687737     -2.059  38.890607    13.8681   -0.05766     -2.042    32.2859    24.1174 -9.990e-29
 261.687743     -2.059  38.858190    13.8708   -0.05767     -2.042    32.2536    24.0920 -9.990e-29
 261.687749     -2.049  38.825161    13.8737   -0.05768     -2.032    32.2206    24.0659 -9.990e-29
 261.687755     -2.029  38.817626    13.8762   -0.05768     -2.012    32.2116    24.0584 -9.990e-29
 261.687760     -2.002  38.831760    13.8780   -0.05767     -1.985    32.2231    24.0669 -9.990e-29
 261.687766     -1.975  38.848895    13.8792   -0.05766     -1.959    32.2379    24.0781 -9.990e-29
 261.687772     -1.949  38.852677    13.8785   -0.05766     -1.933    32.2420    24.0814 -9.990e-29
 261.687778     -1.924  38.836989    13.8755   -0.05767     -1.908    32.2300    24.0728 -9.990e-29
 261.687784     -1.898  38.822461    13.8723   -0.05768     -1.882    32.2192    24.0651 -9.990e-29
 261.687789     -1.869  38.827906    13.8718   -0.05770     -1.853    32.2247    24.0694 -9.990e-29
 261.687795     -1.840  38.841572    13.8735   -0.05771     -1.825    32.2359    24.0777 -9.990e-29
 261.687801     -1.818  38.841359    13.8753   14.96135     -1.803    32.2342    24.0760 -9.990e-29
 261.687807     -1.800  38.823111    13.8757   27.45032     -1.785    32.2170    24.0627 -9.990e-29
 261.687813     -1.782  38.806289    13.8752   29.47502     -1.767    32.2018    24.0511 -9.990e-29
 261.687818     -1.767  38.806645    13.8753   26.30459     -1.752    32.2021    24.0512 -9.990e-29
 261.687824     -1.758  38.820782    13.8764   17.65045     -1.743    32.2142    24.0604 -9.990e-29
 261.687830     -1.754  38.834519    13.8763   13.60473     -1.739    32.2270    24.0703 -9.990e-29
 261.687836     -1.756  38.833145    13.8730   13.67478     -1.741    32.2285    24.0721 -9.990e-29
 261.687841     -1.759  38.814318    13.8658   13.68359     -1.744    32.2171    24.0648 -9.990e-29
 261.687847     -1.754  38.789998    13.8571   13.72486     -1.739    32.2019    24.0549 -9.990e-29
 261.687853     -1.737  38.770986    13.8513   13.76555     -1.723    32.1892    24.0462 -9.990e-29
 261.687859     -1.712  38.757778    13.8510   13.79748     -1.698    32.1772    24.0370 -9.990e-29
 261.687865     -1.689  38.749635    13.8563   13.35228     -1.675    32.1653    24.0267 -9.990e-29
 261.687870     -1.676  38.749209    13.8647    9.16881     -1.662    32.1578    24.0192 -9.990e-29
 261.687876     -1.668  38.754301    13.8721    6.48557     -1.654    32.1563    24.0166 -9.990e-29
 261.687882     -1.659  38.759980    13.8769    5.42517     -1.645    32.1576    24.0165 -9.990e-29
 261.687888     -1.650  38.764343    13.8798    5.86196     -1.636    32.1591    24.0172 -9.990e-29
 261.687894     -1.635  38.767092    13.8811    7.66203     -1.621    32.1606    24.0180 -9.990e-29
 261.687899     -1.609  38.766903    13.8791    8.35247     -1.596    32.1621    24.0196 -9.990e-29
 261.687905     -1.574  38.761334    13.8737    8.61718     -1.561    32.1614    24.0202 -9.990e-29
 261.687911     -1.538  38.754227    13.8693    8.76859     -1.525    32.1586    24.0189 -9.990e-29
 261.687917     -1.506  38.752978    13.8689    8.84693     -1.493    32.1577    24.0183 -9.990e-29
 261.687922     -1.480  38.755974    13.8710    8.90372     -1.468    32.1587    24.0187 -9.990e-29
 261.687928     -1.460  38.758290    13.8732    8.92884     -1.448    32.1590    24.0184 -9.990e-29
 261.687934     -1.443  38.759703    13.8744    8.95236     -1.431    32.1593    24.0184 -9.990e-29
 261.687940     -1.429  38.760471    13.8749    8.97079     -1.417    32.1596    24.0185 -9.990e-29
 261.687946     -1.416  38.759988    13.8744    8.98081     -1.404    32.1596    24.0186 -9.990e-29
 261.687951     -1.405  38.758223    13.8732    8.98179     -1.393    32.1589    24.0184 -9.990e-29
 261.687957     -1.393  38.756801    13.8732    8.98005     -1.381    32.1576    24.0174 -9.990e-29
 261.687963     -1.382  38.757243    13.8752    8.98299     -1.370    32.1563    24.0160 -9.990e-29
 261.687969     -1.368  38.759071    13.8773    8.98676     -1.357    32.1563    24.0155 -9.990e-29
 261.687975     -1.353  38.760850    13.8777    8.98173     -1.342    32.1576    24.0164 -9.990e-29
 261.687980     -1.334  38.762202    13.8762    8.97748     -1.323    32.1601    24.0186 -9.990e-29
 261.687986     -1.311  38.763302    13.8739    8.97710     -1.300    32.1630    24.0214 -9.990e-29
 261.687992     -1.287  38.763418    13.8721    8.97471     -1.276    32.1646    24.0230 -9.990e-29
 261.687998     -1.268  38.762727    13.8717    8.97911     -1.257    32.1643    24.0228 -9.990e-29
 261.688003     -1.258  38.762559    13.8727    8.97472     -1.248    32.1633    24.0219 -9.990e-29
 261.688009     -1.255  38.763244    13.8746    8.96784     -1.245    32.1623    24.0207 -9.990e-29
 261.688015     -1.261  38.764001    13.8768    8.97294     -1.250    32.1612    24.0194 -9.990e-29
 261.688021     -1.270  38.764700    13.8785    8.95507     -1.259    32.1604    24.0184 -9.990e-29
 261.688027     -1.275  38.765137    13.8790    8.96436     -1.264    32.1604    24.0183 -9.990e-29
 261.688032     -1.276  38.764756    13.8790    8.96754     -1.265    32.1601    24.0181 -9.990e-29
 261.688038     -1.278  38.764156    13.8789    8.96201     -1.267    32.1596    24.0177 -9.990e-29
 261.688044     -1.276  38.763644    13.8776    8.95730     -1.265    32.1602    24.0185 -9.990e-29
 261.688050     -1.267  38.762519    13.8748    8.94035     -1.256    32.1615    24.0200 -9.990e-29
 261.688056     -1.248  38.761510    13.8728    8.93535     -1.238    32.1622    24.0210 -9.990e-29
 261.688061     -1.224  38.762620    13.8737    8.93647     -1.214    32.1625    24.0210 -9.990e-29
 261.688067     -1.198  38.766190    13.8769    8.93629     -1.188    32.1631    24.0209 -9.990e-29
 261.688073     -1.167  38.769673    13.8804    8.92908     -1.157    32.1634    24.0204 -9.990e-29
 261.688079     -1.134  38.770408    13.8834    8.91377     -1.125    32.1615    24.0183 -9.990e-29
 261.688084     -1.105  38.770479    13.8858    8.89880     -1.096    32.1596    24.0163 -9.990e-29
 261.688090     -1.088  38.772208    13.8870    8.89609     -1.079    32.1602    24.0165 -9.990e-29
 261.688096     -1.080  38.773401    13.8861    8.91561     -1.071    32.1620    24.0181 -9.990e-29
 261.688102     -1.073  38.771706    13.8832    8.93143     -1.064    32.1629    24.0194 -9.990e-29
 261.688108     -1.063  38.768214    13.8800    8.93203     -1.054    32.1623    24.0196 -9.990e-29
 261.688113     -1.048  38.766101    13.8785    8.92391     -1.039    32.1616    24.0194 -9.990e-29
 261.688119     -1.032  38.766458    13.8792    8.89256     -1.023    32.1614    24.0190 -9.990e-29
 261.688125     -1.018  38.768062    13.8806    8.88847     -1.010    32.1617    24.0190 -9.990e-29
 261.688131     -1.005  38.769671    13.8815    8.88864     -0.997    32.1624    24.0194 -9.990e-29
 261.688137     -0.993  38.771171    13.8823    8.89292     -0.985    32.1631    24.0198 -9.990e-29
 261.688142     -0.976  38.773425    13.8837    8.88679     -0.968    32.1640    24.0202 -9.990e-29
 261.688148     -0.954  38.775497    13.8854    8.88216     -0.946    32.1645    24.0202 -9.990e-29
 261.688154     -0.933  38.775648    13.8865    8.88038     -0.925    32.1637    24.0194 -9.990e-29
 261.688160     -0.916  38.775185    13.8871    8.88328     -0.908    32.1628    24.0185 -9.990e-29
 261.688166     -0.903  38.775717    13.8880    8.88081     -0.895    32.1625    24.0181 -9.990e-29
 261.688171     -0.892  38.777375    13.8890    8.88840     -0.885    32.1632    24.0185 -9.990e-29
 261.688177     -0.883  38.778431    13.8897    8.87974     -0.876    32.1636    24.0186 -9.990e-29
 261.688183     -0.875  38.776912    13.8903    8.87864     -0.868    32.1617    24.0170 -9.990e-29
 261.688189     -0.868  38.774702    13.8912    8.86406     -0.861    32.1589    24.0147 -9.990e-29
