data/oxygen options/ONMS/Olympic_Coast_National_Marine_Sanctuary_CTD_Data_2005_2023/raw_data/2007/CTD_CA015_080707faed.cnv
* Sea-Bird SBE19 Data File:
* FileName = C:\2007_mooring_data\CTD_CA015_080707.hex
* Software Version 1.1.6
* Temperature SN = 2997
* Conductivity SN = 2997
* System UpLoad Time = Aug 07 2007 16:24:57
* SEACAT PROFILER V3.1c SN 2997   08/07/07  16:24:16.060
* strain gauge pressure sensor: S/N = 184829,  range = 3000 psia,  tc = 40
# nquan = 9                                 
# nvalues = 1467                        
# units = specified
# name 0 = timeJ: Julian Days
# name 1 = prSM: Pressure, Strain Gauge [db]
# name 2 = c0mS/cm: Conductivity [mS/cm]
# name 3 = t090C: Temperature [ITS-90, deg C]
# name 4 = oxML/L: Oxygen, Beckman/YSI [ml/l]
# name 5 = depSM: Depth [salt water, m], lat = 47.5
# name 6 = sal00: Salinity, Practical [PSU]
# name 7 = sigma-é00: Density [sigma-theta, kg/m^3]
# name 8 = flag: flag
# span 0 = 219.665729, 219.674213       
# span 1 =     -5.516,     20.857       
# span 2 =   2.213889,  36.900472       
# span 3 =     8.6022,    13.5256       
# span 4 =   -0.07084,   33.73224       
# span 5 =     -5.470,     20.682       
# span 6 =     1.4844,    33.2895       
# span 7 =     0.4723,    25.8073       
# span 8 = 0.0000e+00, 0.0000e+00       
# interval = seconds: 0.5
# start_time = Aug 07 2007 15:58:39 [Instrument's time stamp, header]
# bad_flag = -9.990e-29
*END*
[from data line 641]
 219.669439     10.880  36.705750    11.0590    6.47897     10.789    32.6193    24.9119 -9.990e-29
 219.669444     10.876  36.703895    11.0620    6.47552     10.785    32.6148    24.9078 -9.990e-29
 219.669450     10.870  36.705374    11.0660    6.47718     10.779    32.6127    24.9055 -9.990e-29
 219.669456     10.868  36.709367    11.0705    6.49077     10.777    32.6126    24.9047 -9.990e-29
 219.669462     10.875  36.714478    11.0726    6.50992     10.784    32.6158    24.9068 -9.990e-29
 219.669468     10.892  36.717440    11.0701    6.52445     10.801    32.6209    24.9112 -9.990e-29
 219.669473     10.914  36.714363    11.0665    6.53441     10.823    32.6211    24.9120 -9.990e-29
 219.669479     10.932  36.709560    11.0676    6.53207     10.840    32.6154    24.9073 -9.990e-29
 219.669485     10.933  36.710648    11.0757    6.51857     10.841    32.6092    24.9011 -9.990e-29
 219.669491     10.917  36.716282    11.0876    6.51926     10.826    32.6043    24.8951 -9.990e-29
 219.669497     10.892  36.723328    11.0976    6.50153     10.801    32.6024    24.8919 -9.990e-29
 219.669502     10.864  36.731102    11.1030    6.49044     10.773    32.6053    24.8932 -9.990e-29
 219.669508     10.841  36.737085    11.1057    6.49797     10.750    32.6088    24.8954 -9.990e-29
 219.669514     10.825  36.739174    11.1069    6.50591     10.734    32.6098    24.8960 -9.990e-29
 219.669520     10.820  36.739044    11.1048    6.51655     10.729    32.6115    24.8977 -9.990e-29
 219.669525     10.833  36.738211    11.0968    6.52409     10.742    32.6178    24.9040 -9.990e-29
 219.669531     10.862  36.733330    11.0861    6.52290     10.771    32.6225    24.9096 -9.990e-29
 219.669537     10.887  36.726309    11.0834    6.52267     10.796    32.6179    24.9065 -9.990e-29
 219.669543     10.892  36.725732    11.0932    6.51718     10.801    32.6086    24.8976 -9.990e-29
 219.669549     10.882  36.731951    11.1081    6.51830     10.791    32.6016    24.8894 -9.990e-29
 219.669554     10.873  36.739253    11.1201    6.51440     10.782    32.5981    24.8846 -9.990e-29
 219.669560     10.873  36.745051    11.1264    6.50739     10.782    32.5983    24.8836 -9.990e-29
 219.669566     10.883  36.747559    11.1271    6.49159     10.792    32.6001    24.8849 -9.990e-29
 219.669572     10.898  36.746205    11.1247    6.49084     10.807    32.6009    24.8860 -9.990e-29
 219.669578     10.912  36.743678    11.1220    6.49600     10.821    32.6008    24.8863 -9.990e-29
 219.669583     10.916  36.742222    11.1182    6.50044     10.825    32.6027    24.8885 -9.990e-29
 219.669589     10.910  36.741021    11.1105    6.51671     10.819    32.6084    24.8943 -9.990e-29
 219.669595     10.908  36.738483    11.0997    6.50951     10.817    32.6155    24.9017 -9.990e-29
 219.669601     10.909  36.734594    11.0917    6.49451     10.818    32.6187    24.9057 -9.990e-29
 219.669606     10.900  36.732586    11.0923    6.49106     10.809    32.6162    24.9036 -9.990e-29
 219.669612     10.881  36.734830    11.0995    6.48508     10.790    32.6120    24.8991 -9.990e-29
 219.669618     10.863  36.738720    11.1076    6.49355     10.772    32.6087    24.8950 -9.990e-29
 219.669624     10.857  36.742725    11.1118    6.51115     10.766    32.6089    24.8945 -9.990e-29
 219.669630     10.865  36.744344    11.1073    6.50106     10.774    32.6145    24.8996 -9.990e-29
 219.669635     10.877  36.739580    11.0969    6.49394     10.786    32.6190    24.9050 -9.990e-29
 219.669641     10.885  36.732742    11.0897    6.48432     10.794    32.6187    24.9060 -9.990e-29
 219.669647     10.891  36.730414    11.0887    6.48154     10.800    32.6173    24.9051 -9.990e-29
 219.669653     10.904  36.731740    11.0921    6.48903     10.813    32.6155    24.9031 -9.990e-29
 219.669659     10.923  36.733449    11.0976    6.49810     10.832    32.6123    24.8997 -9.990e-29
 219.669664     10.941  36.735025    11.0995    6.49681     10.849    32.6122    24.8992 -9.990e-29
 219.669670     10.957  36.734092    11.0920    6.50292     10.865    32.6179    24.9050 -9.990e-29
 219.669676     10.970  36.729414    11.0798    6.51375     10.878    32.6241    24.9120 -9.990e-29
 219.669682     10.981  36.725975    11.0741    6.51909     10.889    32.6258    24.9143 -9.990e-29
 219.669688     10.987  36.726484    11.0785    6.50680     10.895    32.6224    24.9109 -9.990e-29
 219.669693     10.984  36.729381    11.0871    6.48585     10.892    32.6176    24.9056 -9.990e-29
 219.669699     10.975  36.732929    11.0939    6.49175     10.883    32.6151    24.9024 -9.990e-29
 219.669705     10.970  36.735702    11.0969    6.49425     10.878    32.6152    24.9020 -9.990e-29
 219.669711     10.972  36.736921    11.0956    6.49622     10.880    32.6175    24.9040 -9.990e-29
 219.669716     10.977  36.736542    11.0898    6.50544     10.885    32.6223    24.9088 -9.990e-29
 219.669722     10.980  36.734067    11.0797    6.50830     10.888    32.6288    24.9156 -9.990e-29
 219.669728     10.982  36.729004    11.0693    6.50448     10.890    32.6330    24.9208 -9.990e-29
 219.669734     10.979  36.724702    11.0659    6.50422     10.887    32.6318    24.9204 -9.990e-29
 219.669740     10.967  36.724959    11.0692    6.49921     10.875    32.6291    24.9178 -9.990e-29
 219.669745     10.952  36.727880    11.0730    6.50318     10.860    32.6287    24.9167 -9.990e-29
 219.669751     10.948  36.730081    11.0764    6.50235     10.856    32.6278    24.9155 -9.990e-29
 219.669757     10.958  36.731704    11.0803    6.49854     10.866    32.6260    24.9133 -9.990e-29
 219.669763     10.979  36.733237    11.0831    6.49939     10.887    32.6250    24.9121 -9.990e-29
 219.669769     11.002  36.733369    11.0836    6.49853     10.910    32.6247    24.9117 -9.990e-29
 219.669774     11.026  36.731726    11.0830    6.50346     10.934    32.6236    24.9110 -9.990e-29
 219.669780     11.047  36.730048    11.0827    6.51148     10.955    32.6222    24.9099 -9.990e-29
 219.669786     11.059  36.729469    11.0830    6.51934     10.966    32.6213    24.9092 -9.990e-29
 219.669792     11.058  36.729784    11.0838    6.52161     10.965    32.6209    24.9088 -9.990e-29
 219.669797     11.044  36.730862    11.0853    6.52762     10.952    32.6207    24.9083 -9.990e-29
 219.669803     11.020  36.731904    11.0894    6.52781     10.928    32.6181    24.9056 -9.990e-29
 219.669809     10.993  36.732625    11.0980    6.52584     10.901    32.6111    24.8987 -9.990e-29
 219.669815     10.971  36.734556    11.1086    6.52749     10.879    32.6037    24.8909 -9.990e-29
 219.669821     10.964  36.738599    11.1147    6.53265     10.872    32.6022    24.8888 -9.990e-29
 219.669826     10.980  36.741745    11.1144    6.53656     10.888    32.6056    24.8914 -9.990e-29
 219.669832     11.013  36.742595    11.1141    6.53572     10.921    32.6067    24.8923 -9.990e-29
 219.669838     11.047  36.744533    11.1173    6.51222     10.955    32.6058    24.8910 -9.990e-29
 219.669844     11.071  36.747345    11.1213    6.50792     10.978    32.6050    24.8897 -9.990e-29
 219.669850     11.083  36.748620    11.1266    6.51822     10.990    32.6015    24.8861 -9.990e-29
 219.669855     11.088  36.749506    11.1339    6.53070     10.995    32.5959    24.8804 -9.990e-29
 219.669861     11.089  36.752315    11.1382    6.54243     10.996    32.5949    24.8789 -9.990e-29
 219.669867     11.089  36.754074    11.1343    6.55830     10.996    32.6001    24.8836 -9.990e-29
 219.669873     11.090  36.749849    11.1266    6.55405     10.997    32.6027    24.8870 -9.990e-29
 219.669878     11.088  36.743544    11.1257    6.55030     10.995    32.5973    24.8830 -9.990e-29
 219.669884     11.066  36.742457    11.1349    6.53761     10.973    32.5881    24.8742 -9.990e-29
 219.669890     11.024  36.747386    11.1478    6.52468     10.932    32.5816    24.8668 -9.990e-29
 219.669896     10.978  36.754257    11.1581    6.53527     10.886    32.5792    24.8632 -9.990e-29
 219.669902     10.949  36.760471    11.1637    6.53485     10.857    32.5804    24.8631 -9.990e-29
 219.669907     10.943  36.764797    11.1631    6.53918     10.851    32.5852    24.8669 -9.990e-29
 219.669913     10.954  36.764043    11.1561    6.52745     10.862    32.5907    24.8724 -9.990e-29
 219.669919     10.976  36.759455    11.1467    6.50696     10.884    32.5945    24.8770 -9.990e-29
 219.669925     10.996  36.756694    11.1411    6.50087     10.904    32.5967    24.8798 -9.990e-29
 219.669931     11.004  36.756564    11.1417    6.50277     10.912    32.5960    24.8791 -9.990e-29
 219.669936     11.000  36.756649    11.1434    6.50965     10.908    32.5946    24.8777 -9.990e-29
 219.669942     10.991  36.755941    11.1409    6.51836     10.899    32.5961    24.8793 -9.990e-29
 219.669948     10.986  36.754621    11.1315    6.52142     10.894    32.6032    24.8865 -9.990e-29
 219.669954     10.989  36.750373    11.1180    6.52176     10.897    32.6109    24.8949 -9.990e-29
 219.669959     10.996  36.743139    11.1115    6.53618     10.904    32.6096    24.8950 -9.990e-29
 219.669965     10.999  36.740089    11.1167    6.52858     10.907    32.6019    24.8882 -9.990e-29
 219.669971     10.994  36.743321    11.1255    6.51712     10.902    32.5973    24.8830 -9.990e-29
 219.669977     10.985  36.747610    11.1300    6.50443     10.893    32.5976    24.8824 -9.990e-29
 219.669983     10.978  36.750269    11.1304    6.50343     10.886    32.5998    24.8841 -9.990e-29
 219.669988     10.984  36.751486    11.1294    6.51476     10.892    32.6019    24.8859 -9.990e-29
 219.669994     11.002  36.750643    11.1275    6.51479     10.910    32.6028    24.8869 -9.990e-29
 219.670000     11.019  36.748857    11.1253    6.52210     10.927    32.6029    24.8874 -9.990e-29
 219.670006     11.030  36.748232    11.1215    6.52854     10.938    32.6057    24.8902 -9.990e-29
 219.670012     11.035  36.747373    11.1152    6.52447     10.943    32.6104    24.8950 -9.990e-29
 219.670017     11.038  36.745135    11.1105    6.52356     10.946    32.6124    24.8974 -9.990e-29
 219.670023     11.043  36.743579    11.1120    6.51700     10.951    32.6095    24.8949 -9.990e-29
 219.670029     11.043  36.745117    11.1184    6.52031     10.951    32.6054    24.8905 -9.990e-29
 219.670035     11.033  36.748994    11.1245    6.51916     10.941    32.6038    24.8882 -9.990e-29
 219.670041     11.025  36.752534    11.1265    6.52515     10.933    32.6055    24.8892 -9.990e-29
 219.670046     11.028  36.753733    11.1238    6.52537     10.936    32.6091    24.8925 -9.990e-29
 219.670052     11.037  36.751388    11.1188    6.52299     10.945    32.6112    24.8950 -9.990e-29
 219.670058     11.049  36.747418    11.1151    6.52464     10.956    32.6106    24.8952 -9.990e-29
 219.670064     11.060  36.745498    11.1151    6.52982     10.967    32.6087    24.8937 -9.990e-29
 219.670069     11.062  36.746433    11.1188    6.53697     10.969    32.6063    24.8912 -9.990e-29
 219.670075     11.051  36.748663    11.1242    6.53736     10.958    32.6037    24.8882 -9.990e-29
 219.670081     11.031  36.751241    11.1284    6.53001     10.939    32.6025    24.8866 -9.990e-29
 219.670087     11.013  36.753120    11.1303    6.52432     10.921    32.6027    24.8864 -9.990e-29
 219.670093     11.009  36.754006    11.1311    6.52692     10.917    32.6029    24.8864 -9.990e-29
 219.670098     11.019  36.755082    11.1324    6.53212     10.927    32.6028    24.8861 -9.990e-29
 219.670104     11.035  36.754980    11.1336    6.53211     10.943    32.6016    24.8849 -9.990e-29
 219.670110     11.048  36.753562    11.1329    6.53405     10.956    32.6008    24.8844 -9.990e-29
 219.670116     11.057  36.753425    11.1309    6.53396     10.964    32.6025    24.8861 -9.990e-29
 219.670122     11.060  36.753265    11.1288    6.52783     10.967    32.6042    24.8878 -9.990e-29
 219.670127     11.060  36.751749    11.1267    6.52188     10.967    32.6045    24.8884 -9.990e-29
 219.670133     11.059  36.751340    11.1244    6.52317     10.966    32.6062    24.8901 -9.990e-29
 219.670139     11.062  36.752615    11.1215    6.52553     10.969    32.6100    24.8936 -9.990e-29
 219.670145     11.069  36.753348    11.1184    6.52163     10.976    32.6135    24.8968 -9.990e-29
 219.670150     11.086  36.752837    11.1140    6.52975     10.993    32.6169    24.9003 -9.990e-29
 219.670156     11.116  36.750961    11.1078    6.53379     11.023    32.6205    24.9042 -9.990e-29
 219.670162     11.150  36.748025    11.1027    6.53672     11.057    32.6221    24.9064 -9.990e-29
 219.670168     11.168  36.745717    11.1006    6.53863     11.074    32.6217    24.9064 -9.990e-29
 219.670174     11.163  36.744881    11.1009    6.53155     11.070    32.6206    24.9055 -9.990e-29
 219.670179     11.138  36.745523    11.1031    6.53805     11.045    32.6193    24.9041 -9.990e-29
 219.670185     11.101  36.746818    11.1071    6.53258     11.008    32.6170    24.9016 -9.990e-29
 219.670191     11.058  36.748253    11.1121    6.51662     10.965    32.6140    24.8984 -9.990e-29
 219.670197     11.014  36.750060    11.1168    6.52091     10.922    32.6117    24.8957 -9.990e-29
 219.670203     10.976  36.752407    11.1202    6.53402     10.884    32.6110    24.8946 -9.990e-29
 219.670208     10.954  36.755062    11.1225    6.54065     10.862    32.6116    24.8946 -9.990e-29
 219.670214     10.954  36.756522    11.1237    6.54074     10.862    32.6120    24.8947 -9.990e-29
 219.670220     10.974  36.755935    11.1220    6.52420     10.882    32.6129    24.8957 -9.990e-29
 219.670226     11.005  36.752517    11.1173    6.50957     10.913    32.6137    24.8972 -9.990e-29
 219.670231     11.032  36.746195    11.1159    6.51049     10.940    32.6087    24.8935 -9.990e-29
 219.670237     11.040  36.743678    11.1207    6.51535     10.948    32.6019    24.8874 -9.990e-29
 219.670243     11.034  36.748334    11.1258    6.52620     10.942    32.6020    24.8866 -9.990e-29
 219.670249     11.031  36.752917    11.1251    6.53704     10.939    32.6071    24.8907 -9.990e-29
 219.670255     11.038  36.752329    11.1176    6.53079     10.946    32.6132    24.8968 -9.990e-29
 219.670260     11.048  36.746349    11.1115    6.52837     10.956    32.6127    24.8975 -9.990e-29
 219.670266     11.048  36.742140    11.1155    6.53047     10.956    32.6050    24.8908 -9.990e-29
 219.670272     11.034  36.746422    11.1251    6.54266     10.942    32.6007    24.8857 -9.990e-29
 219.670278     11.015  36.753128    11.1328    6.54260     10.923    32.6005    24.8842 -9.990e-29
 219.670284     11.005  36.757189    11.1361    6.52659     10.913    32.6016    24.8845 -9.990e-29
 219.670289     11.008  36.758418    11.1348    6.51797     10.916    32.6040    24.8865 -9.990e-29
 219.670295     11.013  36.757334    11.1333    6.50315     10.921    32.6042    24.8870 -9.990e-29
 219.670301     11.010  36.756975    11.1344    6.50593     10.918    32.6029    24.8858 -9.990e-29
 219.670307     11.003  36.757985    11.1348    6.51847     10.911    32.6035    24.8862 -9.990e-29
 219.670312     11.001  36.758348    11.1317    6.52666     10.909    32.6066    24.8892 -9.990e-29
 219.670318     11.008  36.756866    11.1227    6.52895     10.916    32.6132    24.8958 -9.990e-29
 219.670324     11.021  36.751567    11.1089    6.51833     10.929    32.6202    24.9037 -9.990e-29
 219.670330     11.030  36.743792    11.1016    6.52774     10.938    32.6190    24.9041 -9.990e-29
 219.670336     11.029  36.741674    11.1087    6.53326     10.937    32.6106    24.8963 -9.990e-29
 219.670341     11.017  36.746871    11.1206    6.53175     10.925    32.6052    24.8900 -9.990e-29
 219.670347     11.002  36.752294    11.1262    6.52748     10.910    32.6056    24.8893 -9.990e-29
 219.670353     10.988  36.755087    11.1257    6.51017     10.896    32.6088    24.8919 -9.990e-29
