data/oxygen options/ONMS/Olympic_Coast_National_Marine_Sanctuary_CTD_Data_2005_2023/raw_data/2007/CTD_KL015_091807faed.cnv
* Sea-Bird SBE19 Data File:
* FileName = C:\2007_mooring_data\Service_091807\CTD_KL015_091807.hex
* Software Version 1.20
* Temperature SN = 2997
* Conductivity SN = 2997
* System UpLoad Time = Sep 18 2007 16:53:29
* SEACAT PROFILER V3.1c SN 2997   09/18/07  16:52:52.916
* strain gauge pressure sensor: S/N = 184829,  range = 3000 psia,  tc = 40
# nquan = 9                                 
# nvalues = 1274                        
# units = specified
# name 0 = timeJ: Julian Days
# name 1 = prSM: Pressure, Strain Gauge [db]
# name 2 = c0mS/cm: Conductivity [mS/cm]
# name 3 = t090C: Temperature [ITS-90, deg C]
# name 4 = oxML/L: Oxygen, Beckman/YSI [ml/l]
# name 5 = depSM: Depth [salt water, m], lat = 47.5
# name 6 = sal00: Salinity, Practical [PSU]
# name 7 = sigma-é00: Density [sigma-theta, kg/m^3]
# name 8 = flag: flag
# span 0 = 261.687269, 261.694635       
# span 1 =     -5.395,     14.658       
# span 2 =   1.832134,  39.017872       
# span 3 =    10.8065,    14.2394       
# span 4 =   -0.05781,   29.47502       
# span 5 =     -5.350,     14.535       
# span 6 =     1.1944,    32.6919       
# span 7 =     0.1493,    25.0055       
# span 8 = 0.0000e+00, 0.0000e+00       
# interval = seconds: 0.5
# start_time = Sep 18 2007 16:29:40 [Instrument's time stamp, header]
# bad_flag = -9.990e-29
*END*
[from data line 641]
 261.690978     10.787  37.200823    11.9491    6.19236     10.697    32.3221    24.5197 -9.990e-29
 261.690984     10.760  37.272458    12.0416    6.20904     10.670    32.3111    24.4940 -9.990e-29
 261.690990     10.731  37.339748    12.1107    6.14488     10.641    32.3162    24.4850 -9.990e-29
 261.690995     10.719  37.401053    12.1527    6.05316     10.629    32.3389    24.4947 -9.990e-29
 261.691001     10.728  37.445628    12.1667    5.90354     10.638    32.3697    24.5160 -9.990e-29
 261.691007     10.751  37.442659    12.1463    5.78918     10.661    32.3845    24.5313 -9.990e-29
 261.691013     10.783  37.378094    12.1025    5.74909     10.693    32.3602    24.5207 -9.990e-29
 261.691019     10.814  37.307108    12.0671    5.71080     10.723    32.3224    24.4980 -9.990e-29
 261.691024     10.830  37.297044    12.0569    5.68734     10.739    32.3216    24.4992 -9.990e-29
 261.691030     10.831  37.319329    12.0513    5.71090     10.740    32.3479    24.5207 -9.990e-29
 261.691036     10.826  37.326866    12.0263    5.78407     10.735    32.3769    24.5478 -9.990e-29
 261.691042     10.823  37.292699    11.9870    5.92966     10.732    32.3780    24.5560 -9.990e-29
 261.691047     10.826  37.238536    11.9720    6.08949     10.735    32.3387    24.5283 -9.990e-29
 261.691053     10.827  37.235652    12.0037    6.24151     10.736    32.3084    24.4989 -9.990e-29
 261.691059     10.813  37.286349    12.0554    6.36189     10.722    32.3126    24.4925 -9.990e-29
 261.691065     10.787  37.348900    12.0979    6.37272     10.697    32.3361    24.5028 -9.990e-29
 261.691071     10.760  37.399640    12.1245    6.20256     10.670    32.3619    24.5179 -9.990e-29
 261.691076     10.736  37.428307    12.1375    6.01357     10.646    32.3783    24.5281 -9.990e-29
 261.691082     10.717  37.440612    12.1464    5.81905     10.627    32.3824    24.5297 -9.990e-29
 261.691088     10.706  37.450153    12.1549    5.55913     10.616    32.3842    24.5295 -9.990e-29
 261.691094     10.702  37.460118    12.1525    5.38743     10.612    32.3959    24.5390 -9.990e-29
 261.691100     10.714  37.455755    12.1081    5.31512     10.624    32.4302    24.5739 -9.990e-29
 261.691105     10.750  37.400413    11.9842    5.42053     10.660    32.4845    24.6392 -9.990e-29
 261.691111     10.801  37.264585    11.8339    5.69284     10.711    32.4841    24.6667 -9.990e-29
 261.691117     10.839  37.134545    11.7781    5.99104     10.748    32.4066    24.6168 -9.990e-29
 261.691123     10.842  37.118831    11.8450    6.22383     10.751    32.3331    24.5475 -9.990e-29
 261.691128     10.810  37.187478    11.9752    6.36467     10.719    32.2866    24.4873 -9.990e-29
 261.691134     10.761  37.284570    12.1006    6.41195     10.671    32.2718    24.4524 -9.990e-29
 261.691140     10.715  37.375889    12.1795    6.40514     10.625    32.2915    24.4530 -9.990e-29
 261.691146     10.684  37.443635    12.2166    6.37010     10.595    32.3246    24.4716 -9.990e-29
 261.691152     10.681  37.491827    12.2296    6.32195     10.592    32.3597    24.4964 -9.990e-29
 261.691157     10.706  37.509048    12.2258    6.29057     10.616    32.3795    24.5125 -9.990e-29
 261.691163     10.742  37.499756    12.2156    6.27967     10.652    32.3794    24.5143 -9.990e-29
 261.691169     10.770  37.486871    12.2074    6.27785     10.680    32.3741    24.5117 -9.990e-29
 261.691175     10.788  37.484035    12.2022    6.27756     10.698    32.3758    24.5141 -9.990e-29
 261.691181     10.801  37.485215    12.2006    6.28306     10.711    32.3783    24.5163 -9.990e-29
 261.691186     10.811  37.479641    12.2022    6.25685     10.720    32.3716    24.5108 -9.990e-29
 261.691192     10.817  37.472207    12.2048    6.22798     10.726    32.3622    24.5030 -9.990e-29
 261.691198     10.817  37.474294    12.2064    6.21474     10.726    32.3628    24.5032 -9.990e-29
 261.691204     10.809  37.484193    12.2077    6.18130     10.719    32.3712    24.5095 -9.990e-29
 261.691209     10.807  37.492674    12.2089    6.18685     10.717    32.3783    24.5148 -9.990e-29
 261.691215     10.818  37.494219    12.2045    6.21291     10.727    32.3836    24.5197 -9.990e-29
 261.691221     10.840  37.480793    12.1899    6.28109     10.749    32.3833    24.5222 -9.990e-29
 261.691227     10.860  37.444579    12.1758    6.39682     10.769    32.3607    24.5073 -9.990e-29
 261.691233     10.863  37.416885    12.1785    6.45548     10.772    32.3317    24.4843 -9.990e-29
 261.691238     10.844  37.432527    12.1965    6.36744     10.753    32.3312    24.4806 -9.990e-29
 261.691244     10.812  37.465259    12.2178    6.12793     10.721    32.3443    24.4867 -9.990e-29
 261.691250     10.777  37.492572    12.2382    5.89212     10.687    32.3529    24.4895 -9.990e-29
 261.691256     10.753  37.517246    12.2548    5.60280     10.663    32.3623    24.4937 -9.990e-29
 261.691262     10.748  37.530133    12.2555    5.29408     10.658    32.3740    24.5027 -9.990e-29
 261.691267     10.762  37.520942    12.2132    5.08846     10.672    32.4018    24.5322 -9.990e-29
 261.691273     10.795  37.469006    12.0805    5.02346     10.705    32.4669    24.6076 -9.990e-29
 261.691279     10.841  37.326378    11.8677    5.19125     10.750    32.5145    24.6841 -9.990e-29
 261.691285     10.881  37.125422    11.7003    5.52718     10.790    32.4657    24.6770 -9.990e-29
 261.691291     10.897  37.016347    11.6751    5.86956     10.806    32.3815    24.6162 -9.990e-29
 261.691296     10.881  37.040326    11.7649    6.15482     10.790    32.3266    24.5571 -9.990e-29
 261.691302     10.840  37.121101    11.8911    6.32120     10.749    32.2953    24.5096 -9.990e-29
 261.691308     10.790  37.227909    11.9962    6.39853     10.700    32.3074    24.4996 -9.990e-29
 261.691314     10.744  37.336132    12.0797    6.40472     10.654    32.3395    24.5089 -9.990e-29
 261.691319     10.716  37.420796    12.1578    6.35508     10.626    32.3535    24.5051 -9.990e-29
 261.691325     10.713  37.480999    12.2132    6.33173     10.623    32.3634    24.5024 -9.990e-29
 261.691331     10.730  37.507885    12.2247    6.32350     10.640    32.3793    24.5126 -9.990e-29
 261.691337     10.761  37.496945    12.2057    6.34869     10.671    32.3852    24.5207 -9.990e-29
 261.691343     10.794  37.472839    12.1876    6.38388     10.704    32.3777    24.5183 -9.990e-29
 261.691348     10.818  37.463960    12.1882    6.39413     10.727    32.3686    24.5111 -9.990e-29
 261.691354     10.831  37.470786    12.2042    6.38102     10.740    32.3613    24.5025 -9.990e-29
 261.691360     10.829  37.482225    12.2260    6.36541     10.738    32.3535    24.4923 -9.990e-29
 261.691366     10.813  37.496706    12.2490    6.34383     10.722    32.3475    24.4833 -9.990e-29
 261.691372     10.793  37.513349    12.2689    6.32747     10.703    32.3463    24.4786 -9.990e-29
 261.691377     10.782  37.527436    12.2768    6.28926     10.692    32.3530    24.4823 -9.990e-29
 261.691383     10.787  37.531959    12.2664    6.26911     10.697    32.3663    24.4946 -9.990e-29
 261.691389     10.809  37.518373    12.2480    6.25967     10.719    32.3692    24.5003 -9.990e-29
 261.691395     10.832  37.500509    12.2385    6.24593     10.741    32.3602    24.4952 -9.990e-29
 261.691400     10.844  37.497703    12.2402    6.24841     10.753    32.3561    24.4916 -9.990e-29
 261.691406     10.856  37.503399    12.2441    6.24011     10.765    32.3582    24.4925 -9.990e-29
 261.691412     10.871  37.505560    12.2404    6.24698     10.780    32.3634    24.4973 -9.990e-29
 261.691418     10.887  37.498654    12.2285    6.26641     10.796    32.3671    24.5024 -9.990e-29
 261.691424     10.905  37.487484    12.2216    6.33594     10.814    32.3623    24.5000 -9.990e-29
 261.691429     10.916  37.482933    12.2252    6.36916     10.825    32.3548    24.4935 -9.990e-29
 261.691435     10.914  37.486212    12.2310    6.38157     10.823    32.3530    24.4909 -9.990e-29
 261.691441     10.903  37.493834    12.2350    6.25846     10.812    32.3568    24.4932 -9.990e-29
 261.691447     10.886  37.502502    12.2417    6.12696     10.795    32.3594    24.4939 -9.990e-29
 261.691453     10.862  37.508630    12.2537    6.03665     10.771    32.3549    24.4882 -9.990e-29
 261.691458     10.838  37.511973    12.2655    5.83433     10.747    32.3479    24.4805 -9.990e-29
 261.691464     10.829  37.513060    12.2648    5.71993     10.738    32.3496    24.4819 -9.990e-29
 261.691470     10.845  37.505493    12.2350    5.68711     10.754    32.3681    24.5019 -9.990e-29
 261.691476     10.876  37.467975    12.1629    5.73297     10.785    32.3944    24.5359 -9.990e-29
 261.691481     10.913  37.365056    12.0781    5.91040     10.822    32.3687    24.5318 -9.990e-29
 261.691487     10.948  37.264677    12.0425    6.08883     10.856    32.3028    24.4873 -9.990e-29
 261.691493     10.968  37.268986    12.0620    6.22468     10.876    32.2900    24.4738 -9.990e-29
 261.691499     10.960  37.323171    12.1031    6.31945     10.868    32.3067    24.4791 -9.990e-29
 261.691505     10.933  37.373346    12.1527    6.37220     10.841    32.3121    24.4740 -9.990e-29
 261.691510     10.902  37.426438    12.1964    6.40227     10.811    32.3254    24.4761 -9.990e-29
 261.691516     10.873  37.465796    12.2219    6.45207     10.782    32.3412    24.4836 -9.990e-29
 261.691522     10.846  37.490092    12.2353    6.48248     10.755    32.3530    24.4902 -9.990e-29
 261.691528     10.821  37.506504    12.2429    6.50111     10.730    32.3622    24.4959 -9.990e-29
 261.691534     10.803  37.515618    12.2472    6.44435     10.713    32.3672    24.4990 -9.990e-29
 261.691539     10.790  37.523983    12.2538    6.26077     10.700    32.3696    24.4995 -9.990e-29
 261.691545     10.780  37.536028    12.2680    6.13885     10.690    32.3689    24.4963 -9.990e-29
 261.691551     10.779  37.549314    12.2874    5.95914     10.689    32.3648    24.4895 -9.990e-29
 261.691557     10.793  37.558575    12.2991    5.78094     10.703    32.3636    24.4864 -9.990e-29
 261.691562     10.825  37.553178    12.2847    5.69447     10.734    32.3709    24.4947 -9.990e-29
 261.691568     10.867  37.520329    12.2302    5.68137     10.776    32.3864    24.5171 -9.990e-29
 261.691574     10.913  37.440901    12.1363    5.82014     10.822    32.3914    24.5385 -9.990e-29
 261.691580     10.955  37.331758    12.0482    6.03885     10.863    32.3625    24.5326 -9.990e-29
 261.691586     10.977  37.270477    12.0254    6.23405     10.885    32.3232    24.5063 -9.990e-29
 261.691591     10.972  37.291370    12.0681    6.37755     10.880    32.3063    24.4853 -9.990e-29
 261.691597     10.944  37.352763    12.1408    6.46157     10.852    32.3026    24.4688 -9.990e-29
 261.691603     10.900  37.419353    12.2116    6.51323     10.809    32.3055    24.4578 -9.990e-29
 261.691609     10.850  37.475671    12.2585    6.53493     10.759    32.3191    24.4595 -9.990e-29
 261.691615     10.807  37.518346    12.2859    6.52872     10.717    32.3364    24.4678 -9.990e-29
 261.691620     10.783  37.552157    12.3057    6.49834     10.693    32.3518    24.4759 -9.990e-29
 261.691626     10.779  37.571744    12.3190    6.47038     10.689    32.3591    24.4791 -9.990e-29
 261.691632     10.788  37.576317    12.3254    6.42053     10.698    32.3579    24.4770 -9.990e-29
 261.691638     10.795  37.575904    12.3285    6.37462     10.705    32.3548    24.4740 -9.990e-29
 261.691644     10.803  37.577243    12.3309    6.34595     10.713    32.3541    24.4729 -9.990e-29
 261.691649     10.816  37.577636    12.3281    6.30843     10.725    32.3568    24.4756 -9.990e-29
 261.691655     10.835  37.569763    12.3139    6.29012     10.744    32.3615    24.4820 -9.990e-29
 261.691661     10.860  37.552659    12.2932    6.25898     10.769    32.3630    24.4870 -9.990e-29
 261.691667     10.890  37.534352    12.2748    6.22358     10.799    32.3613    24.4892 -9.990e-29
 261.691672     10.918  37.521826    12.2601    6.21084     10.827    32.3620    24.4925 -9.990e-29
 261.691678     10.940  37.511829    12.2527    6.19646     10.848    32.3588    24.4914 -9.990e-29
 261.691684     10.959  37.502803    12.2528    6.19075     10.867    32.3500    24.4846 -9.990e-29
 261.691690     10.971  37.500650    12.2477    6.21177     10.879    32.3524    24.4873 -9.990e-29
 261.691696     10.973  37.501938    12.2280    6.23249     10.881    32.3706    24.5052 -9.990e-29
 261.691701     10.974  37.491572    12.1999    6.25835     10.882    32.3850    24.5216 -9.990e-29
 261.691707     10.977  37.471990    12.1812    6.29296     10.885    32.3824    24.5231 -9.990e-29
 261.691713     10.975  37.465852    12.1825    6.31552     10.883    32.3753    24.5174 -9.990e-29
 261.691719     10.968  37.476740    12.1971    6.34398     10.876    32.3732    24.5130 -9.990e-29
 261.691725     10.959  37.492260    12.2162    6.38531     10.867    32.3716    24.5081 -9.990e-29
 261.691730     10.951  37.509563    12.2361    6.44013     10.859    32.3710    24.5039 -9.990e-29
 261.691736     10.950  37.523134    12.2511    6.46142     10.858    32.3710    24.5012 -9.990e-29
 261.691742     10.949  37.526407    12.2584    6.46521     10.857    32.3679    24.4973 -9.990e-29
 261.691748     10.942  37.526556    12.2676    6.39108     10.850    32.3601    24.4895 -9.990e-29
 261.691753     10.918  37.531629    12.2900    6.31128     10.827    32.3456    24.4741 -9.990e-29
 261.691759     10.877  37.543349    12.3202    6.25697     10.786    32.3308    24.4569 -9.990e-29
 261.691765     10.832  37.560526    12.3414    6.16516     10.741    32.3290    24.4515 -9.990e-29
 261.691771     10.807  37.575235    12.3417    6.12144     10.717    32.3428    24.4622 -9.990e-29
 261.691777     10.817  37.571783    12.3131    6.10891     10.726    32.3642    24.4841 -9.990e-29
 261.691782     10.858  37.532678    12.2565    6.14378     10.767    32.3756    24.5037 -9.990e-29
 261.691788     10.912  37.441664    12.2037    6.23588     10.821    32.3338    24.4812 -9.990e-29
 261.691794     10.957  37.369102    12.1920    6.31464     10.865    32.2741    24.4371 -9.990e-29
 261.691800     10.973  37.397051    12.2136    6.37672     10.881    32.2823    24.4394 -9.990e-29
 261.691806     10.962  37.462425    12.2412    6.40678     10.870    32.3213    24.4645 -9.990e-29
 261.691811     10.941  37.504397    12.2641    6.41760     10.849    32.3418    24.4761 -9.990e-29
 261.691817     10.916  37.528485    12.2813    6.42501     10.825    32.3501    24.4792 -9.990e-29
 261.691823     10.890  37.540469    12.2927    6.42019     10.799    32.3517    24.4784 -9.990e-29
 261.691829     10.871  37.547922    12.2997    6.40656     10.780    32.3529    24.4779 -9.990e-29
 261.691834     10.860  37.554062    12.3050    6.38550     10.769    32.3542    24.4779 -9.990e-29
 261.691840     10.863  37.558669    12.3079    6.35917     10.772    32.3561    24.4788 -9.990e-29
 261.691846     10.878  37.558918    12.3076    6.33314     10.787    32.3566    24.4793 -9.990e-29
 261.691852     10.890  37.556266    12.3046    6.31901     10.799    32.3566    24.4799 -9.990e-29
 261.691858     10.891  37.553344    12.2961    6.31338     10.800    32.3612    24.4850 -9.990e-29
 261.691863     10.894  37.547939    12.2808    6.31989     10.803    32.3692    24.4941 -9.990e-29
 261.691869     10.904  37.537330    12.2666    6.33529     10.813    32.3713    24.4984 -9.990e-29
 261.691875     10.912  37.525872    12.2624    6.34075     10.821    32.3639    24.4935 -9.990e-29
 261.691881     10.910  37.521831    12.2647    6.34912     10.819    32.3580    24.4885 -9.990e-29
 261.691887     10.899  37.525424    12.2671    6.35266     10.808    32.3594    24.4891 -9.990e-29
 261.691892     10.885  37.530791    12.2709    6.33722     10.794    32.3613    24.4899 -9.990e-29
