data/oxygen options/ONMS/Olympic_Coast_National_Marine_Sanctuary_CTD_Data_2005_2023/raw_data/2007/CTD_CA015_091007faed.cnv
* Sea-Bird SBE19 Data File:
* FileName = C:\2007_mooring_data\CTD_CA015_091007.hex
* Software Version 1.20
* Temperature SN = 2997
* Conductivity SN = 2997
* System UpLoad Time = Sep 10 2007 17:35:14
* SEACAT PROFILER V3.1c SN 2997   09/10/07  17:34:31.244
* strain gauge pressure sensor: S/N = 184829,  range = 3000 psia,  tc = 40
# nquan = 9                                 
# nvalues = 2008                        
# units = specified
# name 0 = timeJ: Julian Days
# name 1 = prSM: Pressure, Strain Gauge [db]
# name 2 = c0mS/cm: Conductivity [mS/cm]
# name 3 = t090C: Temperature [ITS-90, deg C]
# name 4 = oxML/L: Oxygen, Beckman/YSI [ml/l]
# name 5 = depSM: Depth [salt water, m], lat = 47.5
# name 6 = sal00: Salinity, Practical [PSU]
# name 7 = sigma-é00: Density [sigma-theta, kg/m^3]
# name 8 = flag: flag
# span 0 = 253.663241, 253.674855       
# span 1 =     -5.492,     41.114       
# span 2 =   0.201334,  37.151529       
# span 3 =     7.2234,    14.7758       
# span 4 =   -0.35245,   32.36860       
# span 5 =     -5.446,     40.767       
# span 6 =     0.1206,    33.6962       
# span 7 =    -0.7661,    26.3608       
# span 8 = 0.0000e+00, 0.0000e+00       
# interval = seconds: 0.5
# start_time = Sep 10 2007 15:55:04 [Instrument's time stamp, header]
# bad_flag = -9.990e-29
*END*
[from data line 801]
 253.667876     32.168  34.303007     7.2256    3.10377     31.897    33.6826    26.3504 -9.990e-29
 253.667882     32.126  34.302363     7.2256    3.09279     31.855    33.6819    26.3499 -9.990e-29
 253.667888     32.087  34.302049     7.2256    3.09156     31.817    33.6816    26.3496 -9.990e-29
 253.667894     32.043  34.302190     7.2257    3.09838     31.773    33.6817    26.3497 -9.990e-29
 253.667899     32.002  34.302397     7.2256    3.08945     31.732    33.6820    26.3500 -9.990e-29
 253.667905     31.976  34.302372     7.2254    3.10027     31.707    33.6822    26.3501 -9.990e-29
 253.667911     31.977  34.302068     7.2255    3.09115     31.708    33.6818    26.3498 -9.990e-29
 253.667917     32.006  34.301625     7.2256    3.07825     31.736    33.6812    26.3493 -9.990e-29
 253.667922     32.051  34.301557     7.2252    3.08737     31.781    33.6815    26.3496 -9.990e-29
 253.667928     32.102  34.301756     7.2248    3.08731     31.832    33.6821    26.3501 -9.990e-29
 253.667934     32.151  34.301913     7.2246    3.09341     31.880    33.6824    26.3504 -9.990e-29
 253.667940     32.182  34.302218     7.2244    3.09529     31.911    33.6829    26.3508 -9.990e-29
 253.667946     32.189  34.302502     7.2242    3.09133     31.918    33.6834    26.3513 -9.990e-29
 253.667951     32.177  34.302568     7.2242    3.09214     31.906    33.6835    26.3513 -9.990e-29
 253.667957     32.153  34.302488     7.2244    3.08321     31.882    33.6832    26.3511 -9.990e-29
 253.667963     32.126  34.302138     7.2247    3.08110     31.855    33.6826    26.3505 -9.990e-29
 253.667969     32.105  34.301599     7.2248    3.08015     31.835    33.6819    26.3500 -9.990e-29
 253.667975     32.102  34.301256     7.2247    3.08286     31.832    33.6816    26.3498 -9.990e-29
 253.667980     32.118  34.301199     7.2247    3.09513     31.847    33.6816    26.3497 -9.990e-29
 253.667986     32.144  34.301335     7.2248    3.09724     31.873    33.6816    26.3497 -9.990e-29
 253.667992     32.175  34.301831     7.2249    3.08838     31.904    33.6820    26.3501 -9.990e-29
 253.667998     32.202  34.302772     7.2251    3.08425     31.931    33.6828    26.3507 -9.990e-29
 253.668003     32.223  34.303715     7.2252    3.08993     31.952    33.6838    26.3514 -9.990e-29
 253.668009     32.237  34.304220     7.2254    3.08416     31.965    33.6841    26.3516 -9.990e-29
 253.668015     32.234  34.304384     7.2258    3.08689     31.962    33.6839    26.3514 -9.990e-29
 253.668021     32.215  34.304409     7.2264    3.08520     31.944    33.6834    26.3509 -9.990e-29
 253.668027     32.191  34.304316     7.2266    3.09151     31.920    33.6831    26.3506 -9.990e-29
 253.668032     32.174  34.303963     7.2263    3.08916     31.903    33.6830    26.3506 -9.990e-29
 253.668038     32.167  34.303425     7.2259    3.08698     31.896    33.6828    26.3505 -9.990e-29
 253.668044     32.165  34.303092     7.2255    3.08506     31.894    33.6828    26.3506 -9.990e-29
 253.668050     32.159  34.303062     7.2253    3.07415     31.888    33.6830    26.3508 -9.990e-29
 253.668056     32.150  34.303280     7.2253    3.08510     31.879    33.6832    26.3510 -9.990e-29
 253.668061     32.145  34.303460     7.2253    3.06925     31.874    33.6834    26.3511 -9.990e-29
 253.668067     32.152  34.303266     7.2252    3.08497     31.881    33.6833    26.3510 -9.990e-29
 253.668073     32.176  34.302985     7.2249    3.08196     31.905    33.6833    26.3511 -9.990e-29
 253.668079     32.209  34.302788     7.2248    3.07994     31.938    33.6832    26.3510 -9.990e-29
 253.668084     32.238  34.302958     7.2252    3.08315     31.966    33.6829    26.3507 -9.990e-29
 253.668090     32.252  34.303705     7.2255    3.08679     31.980    33.6834    26.3511 -9.990e-29
 253.668096     32.250  34.304326     7.2254    3.08413     31.978    33.6842    26.3517 -9.990e-29
 253.668102     32.241  34.304514     7.2252    3.08221     31.969    33.6846    26.3521 -9.990e-29
 253.668108     32.229  34.304505     7.2250    3.08013     31.958    33.6848    26.3522 -9.990e-29
 253.668113     32.214  34.304271     7.2249    3.07808     31.943    33.6847    26.3521 -9.990e-29
 253.668119     32.194  34.304045     7.2251    3.08201     31.923    33.6842    26.3518 -9.990e-29
 253.668125     32.172  34.304068     7.2256    3.08269     31.901    33.6838    26.3513 -9.990e-29
 253.668131     32.155  34.303987     7.2260    3.08276     31.884    33.6833    26.3509 -9.990e-29
 253.668137     32.147  34.303684     7.2261    3.08198     31.876    33.6829    26.3506 -9.990e-29
 253.668142     32.147  34.303490     7.2256    3.07367     31.876    33.6832    26.3509 -9.990e-29
 253.668148     32.160  34.303691     7.2252    3.09782     31.889    33.6838    26.3514 -9.990e-29
 253.668154     32.187  34.304166     7.2253    3.09495     31.916    33.6842    26.3517 -9.990e-29
 253.668160     32.211  34.304419     7.2256    3.08614     31.940    33.6842    26.3516 -9.990e-29
 253.668166     32.221  34.304212     7.2259    3.09038     31.950    33.6836    26.3512 -9.990e-29
 253.668171     32.223  34.303820     7.2261    3.07505     31.952    33.6830    26.3507 -9.990e-29
 253.668177     32.221  34.303828     7.2259    3.07014     31.950    33.6832    26.3509 -9.990e-29
 253.668183     32.215  34.304239     7.2257    3.08778     31.944    33.6839    26.3514 -9.990e-29
 253.668189     32.204  34.304466     7.2256    3.08963     31.933    33.6842    26.3517 -9.990e-29
 253.668194     32.192  34.304240     7.2256    3.09546     31.921    33.6840    26.3515 -9.990e-29
 253.668200     32.187  34.303811     7.2253    3.08640     31.916    33.6838    26.3514 -9.990e-29
 253.668206     32.192  34.303717     7.2248    3.07665     31.921    33.6842    26.3518 -9.990e-29
 253.668212     32.209  34.303821     7.2246    3.08505     31.938    33.6845    26.3520 -9.990e-29
 253.668218     32.233  34.303690     7.2246    3.08074     31.961    33.6843    26.3519 -9.990e-29
 253.668223     32.259  34.303699     7.2248    3.08210     31.987    33.6841    26.3517 -9.990e-29
 253.668229     32.278  34.303848     7.2254    3.08902     32.006    33.6837    26.3513 -9.990e-29
 253.668235     32.279  34.303764     7.2259    3.08002     32.007    33.6831    26.3508 -9.990e-29
 253.668241     32.254  34.303881     7.2262    3.10056     31.982    33.6830    26.3506 -9.990e-29
 253.668247     32.210  34.304346     7.2261    3.11078     31.939    33.6836    26.3511 -9.990e-29
 253.668252     32.161  34.304648     7.2257    3.09288     31.890    33.6843    26.3518 -9.990e-29
 253.668258     32.121  34.304617     7.2251    3.09884     31.850    33.6849    26.3523 -9.990e-29
 253.668264     32.100  34.304202     7.2247    3.09026     31.830    33.6848    26.3523 -9.990e-29
 253.668270     32.097  34.303400     7.2248    3.07318     31.827    33.6839    26.3515 -9.990e-29
 253.668275     32.104  34.302811     7.2250    3.08413     31.834    33.6830    26.3508 -9.990e-29
 253.668281     32.112  34.302759     7.2251    3.09082     31.842    33.6829    26.3507 -9.990e-29
 253.668287     32.117  34.302603     7.2252    3.10551     31.846    33.6826    26.3505 -9.990e-29
 253.668293     32.124  34.302124     7.2254    3.11325     31.853    33.6819    26.3499 -9.990e-29
 253.668299     32.138  34.301792     7.2254    3.09850     31.867    33.6815    26.3496 -9.990e-29
 253.668304     32.160  34.301714     7.2252    3.08183     31.889    33.6816    26.3497 -9.990e-29
 253.668310     32.191  34.301776     7.2248    3.09377     31.920    33.6821    26.3501 -9.990e-29
 253.668316     32.228  34.301488     7.2246    3.09095     31.957    33.6819    26.3500 -9.990e-29
 253.668322     32.262  34.301015     7.2246    3.08579     31.990    33.6814    26.3496 -9.990e-29
 253.668328     32.276  34.301396     7.2246    3.09267     32.004    33.6818    26.3499 -9.990e-29
 253.668333     32.260  34.302006     7.2248    3.08870     31.988    33.6823    26.3503 -9.990e-29
 253.668339     32.217  34.301965     7.2252    3.08572     31.946    33.6819    26.3499 -9.990e-29
 253.668345     32.165  34.301766     7.2253    3.09469     31.894    33.6816    26.3496 -9.990e-29
 253.668351     32.122  34.301697     7.2247    3.08381     31.851    33.6821    26.3501 -9.990e-29
 253.668356     32.099  34.301654     7.2240    3.08390     31.829    33.6828    26.3508 -9.990e-29
 253.668362     32.093  34.301572     7.2236    3.09490     31.823    33.6831    26.3510 -9.990e-29
 253.668368     32.097  34.301329     7.2234    3.08666     31.827    33.6830    26.3510 -9.990e-29
 253.668374     32.101  34.301149     7.2237    3.09745     31.831    33.6825    26.3506 -9.990e-29
 253.668380     32.102  34.301341     7.2242    3.10563     31.832    33.6822    26.3503 -9.990e-29
 253.668385     32.104  34.301588     7.2244    3.10629     31.834    33.6823    26.3503 -9.990e-29
 253.668391     32.112  34.301651     7.2245    3.09944     31.842    33.6823    26.3503 -9.990e-29
 253.668397     32.125  34.301601     7.2244    3.09974     31.854    33.6823    26.3503 -9.990e-29
 253.668403     32.145  34.301360     7.2242    3.08944     31.874    33.6822    26.3503 -9.990e-29
 253.668409     32.174  34.301157     7.2242    3.08061     31.903    33.6820    26.3501 -9.990e-29
 253.668414     32.208  34.301270     7.2243    3.09835     31.937    33.6820    26.3501 -9.990e-29
 253.668420     32.236  34.301836     7.2245    3.08247     31.964    33.6824    26.3504 -9.990e-29
 253.668426     32.249  34.302479     7.2248    3.08461     31.977    33.6828    26.3507 -9.990e-29
 253.668432     32.247  34.302362     7.2250    3.09289     31.975    33.6825    26.3504 -9.990e-29
 253.668438     32.237  34.301880     7.2249    3.08187     31.965    33.6821    26.3501 -9.990e-29
 253.668443     32.229  34.301499     7.2248    3.09735     31.958    33.6817    26.3498 -9.990e-29
 253.668449     32.225  34.301262     7.2249    3.09657     31.954    33.6814    26.3496 -9.990e-29
 253.668455     32.222  34.301402     7.2250    3.09455     31.951    33.6814    26.3496 -9.990e-29
 253.668461     32.215  34.301534     7.2248    3.08851     31.944    33.6818    26.3499 -9.990e-29
 253.668466     32.203  34.301260     7.2246    3.09161     31.932    33.6817    26.3498 -9.990e-29
 253.668472     32.190  34.300765     7.2244    3.08460     31.919    33.6813    26.3496 -9.990e-29
 253.668478     32.183  34.300500     7.2242    3.08466     31.912    33.6813    26.3496 -9.990e-29
 253.668484     32.183  34.300661     7.2242    3.09545     31.912    33.6814    26.3497 -9.990e-29
 253.668490     32.180  34.300892     7.2245    3.09539     31.909    33.6814    26.3496 -9.990e-29
 253.668495     32.171  34.300926     7.2247    3.09029     31.900    33.6812    26.3495 -9.990e-29
 253.668501     32.158  34.300799     7.2248    3.08649     31.887    33.6810    26.3493 -9.990e-29
 253.668507     32.155  34.300328     7.2248    3.09139     31.884    33.6805    26.3489 -9.990e-29
 253.668513     32.173  34.299996     7.2249    3.07749     31.902    33.6800    26.3485 -9.990e-29
 253.668519     32.209  34.300472     7.2250    3.08636     31.938    33.6804    26.3488 -9.990e-29
 253.668524     32.244  34.301259     7.2251    3.08655     31.972    33.6812    26.3494 -9.990e-29
 253.668530     32.264  34.301713     7.2251    3.07758     31.992    33.6817    26.3497 -9.990e-29
 253.668536     32.265  34.301866     7.2252    3.09059     31.993    33.6817    26.3498 -9.990e-29
 253.668542     32.252  34.301910     7.2255    3.08854     31.980    33.6815    26.3496 -9.990e-29
 253.668547     32.232  34.301893     7.2256    3.08165     31.960    33.6814    26.3495 -9.990e-29
 253.668553     32.213  34.301782     7.2255    3.09048     31.942    33.6814    26.3495 -9.990e-29
 253.668559     32.198  34.301419     7.2253    3.08856     31.927    33.6812    26.3493 -9.990e-29
 253.668565     32.185  34.300871     7.2252    3.08211     31.914    33.6807    26.3490 -9.990e-29
 253.668571     32.179  34.300516     7.2253    3.09095     31.908    33.6802    26.3486 -9.990e-29
 253.668576     32.184  34.300428     7.2251    3.08821     31.913    33.6803    26.3487 -9.990e-29
 253.668582     32.194  34.300480     7.2247    3.09104     31.923    33.6807    26.3491 -9.990e-29
 253.668588     32.203  34.300728     7.2245    3.09318     31.932    33.6812    26.3495 -9.990e-29
 253.668594     32.206  34.300932     7.2244    3.08780     31.935    33.6815    26.3497 -9.990e-29
 253.668600     32.205  34.300792     7.2244    3.08927     31.934    33.6814    26.3496 -9.990e-29
 253.668605     32.197  34.300672     7.2244    3.08027     31.926    33.6812    26.3495 -9.990e-29
 253.668611     32.184  34.300959     7.2245    3.08709     31.913    33.6815    26.3497 -9.990e-29
 253.668617     32.165  34.301465     7.2248    3.08924     31.894    33.6817    26.3498 -9.990e-29
 253.668623     32.142  34.301733     7.2251    3.08206     31.871    33.6817    26.3498 -9.990e-29
 253.668628     32.127  34.301547     7.2252    3.08141     31.856    33.6814    26.3496 -9.990e-29
 253.668634     32.131  34.301210     7.2249    3.07742     31.860    33.6814    26.3495 -9.990e-29
 253.668640     32.156  34.301384     7.2246    3.08846     31.885    33.6818    26.3500 -9.990e-29
 253.668646     32.189  34.302288     7.2246    3.08619     31.918    33.6828    26.3507 -9.990e-29
 253.668652     32.221  34.303436     7.2250    3.08366     31.950    33.6837    26.3513 -9.990e-29
 253.668657     32.243  34.304105     7.2255    3.07332     31.971    33.6839    26.3514 -9.990e-29
 253.668663     32.250  34.304055     7.2257    3.07832     31.978    33.6836    26.3512 -9.990e-29
 253.668669     32.242  34.303767     7.2256    3.08339     31.970    33.6834    26.3511 -9.990e-29
 253.668675     32.223  34.303407     7.2252    3.08613     31.952    33.6834    26.3511 -9.990e-29
 253.668681     32.195  34.303045     7.2248    3.07918     31.924    33.6834    26.3512 -9.990e-29
 253.668686     32.169  34.302747     7.2245    3.08235     31.898    33.6834    26.3512 -9.990e-29
 253.668692     32.158  34.302106     7.2244    3.08354     31.887    33.6828    26.3508 -9.990e-29
 253.668698     32.164  34.301378     7.2243    3.07738     31.893    33.6821    26.3502 -9.990e-29
 253.668704     32.179  34.301262     7.2242    3.08619     31.908    33.6821    26.3502 -9.990e-29
 253.668709     32.192  34.301592     7.2243    3.09308     31.921    33.6823    26.3504 -9.990e-29
 253.668715     32.199  34.301673     7.2245    3.10586     31.928    33.6822    26.3503 -9.990e-29
 253.668721     32.199  34.301602     7.2245    3.10109     31.928    33.6822    26.3502 -9.990e-29
 253.668727     32.199  34.301836     7.2245    3.09330     31.928    33.6824    26.3504 -9.990e-29
 253.668733     32.206  34.302114     7.2246    3.09618     31.935    33.6826    26.3506 -9.990e-29
 253.668738     32.224  34.302236     7.2250    3.09628     31.953    33.6823    26.3503 -9.990e-29
 253.668744     32.247  34.302354     7.2253    3.10005     31.975    33.6822    26.3501 -9.990e-29
 253.668750     32.260  34.302613     7.2252    3.08920     31.988    33.6825    26.3504 -9.990e-29
 253.668756     32.253  34.302786     7.2249    3.09220     31.981    33.6830    26.3509 -9.990e-29
 253.668762     32.231  34.302531     7.2247    3.09415     31.960    33.6830    26.3508 -9.990e-29
 253.668767     32.205  34.302058     7.2245    3.09609     31.934    33.6827    26.3506 -9.990e-29
 253.668773     32.192  34.301287     7.2242    3.08922     31.921    33.6821    26.3502 -9.990e-29
 253.668779     32.197  34.300300     7.2239    3.07495     31.926    33.6813    26.3496 -9.990e-29
 253.668785     32.215  34.300010     7.2239    3.08128     31.944    33.6810    26.3494 -9.990e-29
 253.668791     32.232  34.300580     7.2243    3.08525     31.960    33.6812    26.3495 -9.990e-29
