data/oxygen options/ONMS/Olympic_Coast_National_Marine_Sanctuary_CTD_Data_2005_2023/raw_data/2007/CTD_CA042_071007faed.cnv
* Sea-Bird SBE19 Data File:
* FileName = C:\2007_mooring_data\CTD_CA065_071007.hex
* Software Version 1.1.6
* Temperature SN = 2997
* Conductivity SN = 2997
* System UpLoad Time = Jul 10 2007 15:58:58
* SEACAT PROFILER V3.1c SN 2997   07/10/07  15:58:29.486
* strain gauge pressure sensor: S/N = 184829,  range = 3000 psia,  tc = 40
# nquan = 9                                 
# nvalues = 1718                        
# units = specified
# name 0 = timeJ: Julian Days
# name 1 = prSM: Pressure, Strain Gauge [db]
# name 2 = c0mS/cm: Conductivity [mS/cm]
# name 3 = t090C: Temperature [ITS-90, deg C]
# name 4 = oxML/L: Oxygen, Beckman/YSI [ml/l]
# name 5 = depSM: Depth [salt water, m], lat = 47.5
# name 6 = sal00: Salinity, Practical [PSU]
# name 7 = sigma-é00: Density [sigma-theta, kg/m^3]
# name 8 = flag: flag
# span 0 = 191.640174, 191.650110       
# span 1 =     -5.669,     39.297       
# span 2 =   0.717059,  38.161757       
# span 3 =     6.8613,    17.1308       
# span 4 =   -0.06521,   30.68629       
# span 5 =     -5.622,     38.965       
# span 6 =     0.4210,    33.6291       
# span 7 =    -0.8494,    26.3556       
# span 8 = 0.0000e+00, 0.0000e+00       
# interval = seconds: 0.5
# start_time = Jul 10 2007 15:21:51 [Instrument's time stamp, header]
# bad_flag = -9.990e-29
*END*
[from data line 641]
 191.643883     30.101  34.031420     7.0977    2.53907     29.848    33.5116    26.2334 -9.990e-29
 191.643889     30.104  34.024899     7.0906    2.55039     29.851    33.5114    26.2342 -9.990e-29
 191.643895     30.088  34.020996     7.0910    2.56781     29.835    33.5068    26.2305 -9.990e-29
 191.643900     30.057  34.022896     7.0983    2.59499     29.804    33.5018    26.2256 -9.990e-29
 191.643906     30.016  34.028073     7.1105    2.62478     29.763    33.4956    26.2190 -9.990e-29
 191.643912     29.973  34.032208     7.1278    2.64581     29.721    33.4833    26.2070 -9.990e-29
 191.643918     29.936  34.035759     7.1485    2.65482     29.684    33.4671    26.1914 -9.990e-29
 191.643924     29.921  34.040087     7.1655    2.66350     29.669    33.4554    26.1798 -9.990e-29
 191.643929     29.931  34.043666     7.1725    2.67438     29.679    33.4525    26.1766 -9.990e-29
 191.643935     29.955  34.043974     7.1717    2.66305     29.703    33.4536    26.1776 -9.990e-29
 191.643941     29.980  34.042529     7.1691    2.65198     29.728    33.4545    26.1787 -9.990e-29
 191.643947     29.999  34.042432     7.1656    2.62192     29.746    33.4578    26.1817 -9.990e-29
 191.643953     30.014  34.041854     7.1602    2.62098     29.761    33.4624    26.1861 -9.990e-29
 191.643958     30.031  34.039449     7.1552    2.60002     29.778    33.4646    26.1885 -9.990e-29
 191.643964     30.041  34.037600     7.1517    2.58716     29.788    33.4660    26.1901 -9.990e-29
 191.643970     30.037  34.037185     7.1461    2.55498     29.784    33.4710    26.1948 -9.990e-29
 191.643976     30.022  34.036514     7.1345    2.53212     29.769    33.4815    26.2047 -9.990e-29
 191.643981     30.005  34.033556     7.1157    2.54222     29.752    33.4965    26.2191 -9.990e-29
 191.643987     29.992  34.026592     7.0978    2.54526     29.740    33.5063    26.2292 -9.990e-29
 191.643993     29.984  34.019209     7.0924    2.56260     29.732    33.5035    26.2278 -9.990e-29
 191.643999     29.970  34.018354     7.0964    2.57985     29.718    33.4987    26.2234 -9.990e-29
 191.644005     29.950  34.022867     7.1045    2.61023     29.698    33.4958    26.2200 -9.990e-29
 191.644010     29.936  34.027542     7.1209    2.62936     29.684    33.4849    26.2092 -9.990e-29
 191.644016     29.940  34.032435     7.1426    2.65595     29.688    33.4692    26.1939 -9.990e-29
 191.644022     29.961  34.037894     7.1575    2.64425     29.709    33.4607    26.1851 -9.990e-29
 191.644028     29.993  34.040540     7.1601    2.63730     29.741    33.4611    26.1851 -9.990e-29
 191.644034     30.024  34.039966     7.1563    2.62876     29.771    33.4641    26.1880 -9.990e-29
 191.644039     30.045  34.039316     7.1529    2.61936     29.792    33.4667    26.1905 -9.990e-29
 191.644045     30.055  34.039390     7.1506    2.61331     29.802    33.4690    26.1926 -9.990e-29
 191.644051     30.061  34.039147     7.1477    2.59880     29.808    33.4715    26.1950 -9.990e-29
 191.644057     30.062  34.038249     7.1441    2.58792     29.809    33.4741    26.1975 -9.990e-29
 191.644062     30.059  34.037163     7.1386    2.57957     29.806    33.4782    26.2015 -9.990e-29
 191.644068     30.051  34.035545     7.1307    2.58367     29.798    33.4841    26.2072 -9.990e-29
 191.644074     30.047  34.032345     7.1244    2.58201     29.794    33.4867    26.2102 -9.990e-29
 191.644080     30.054  34.030003     7.1240    2.57619     29.801    33.4846    26.2085 -9.990e-29
 191.644086     30.065  34.031543     7.1275    2.56897     29.812    33.4828    26.2067 -9.990e-29
 191.644091     30.072  34.034520     7.1274    2.56024     29.819    33.4862    26.2093 -9.990e-29
 191.644097     30.079  34.036161     7.1224    2.56276     29.826    33.4928    26.2152 -9.990e-29
 191.644103     30.087  34.036400     7.1169    2.55111     29.834    33.4984    26.2204 -9.990e-29
 191.644109     30.088  34.034981     7.1130    2.55728     29.835    33.5007    26.2227 -9.990e-29
 191.644115     30.081  34.032238     7.1088    2.55408     29.828    33.5018    26.2241 -9.990e-29
 191.644120     30.072  34.030097     7.1038    2.55584     29.819    33.5043    26.2268 -9.990e-29
 191.644126     30.059  34.029611     7.1012    2.56426     29.806    33.5063    26.2287 -9.990e-29
 191.644132     30.041  34.030677     7.1037    2.56706     29.788    33.5050    26.2274 -9.990e-29
 191.644138     30.017  34.033020     7.1098    2.56254     29.764    33.5017    26.2239 -9.990e-29
 191.644144     29.990  34.034704     7.1162    2.53405     29.738    33.4973    26.2196 -9.990e-29
 191.644149     29.972  34.034599     7.1206    2.51053     29.720    33.4929    26.2156 -9.990e-29
 191.644155     29.978  34.033112     7.1119    2.48061     29.726    33.4998    26.2221 -9.990e-29
 191.644161     30.012  34.026567     7.0854    2.46408     29.759    33.5183    26.2404 -9.990e-29
 191.644167     30.060  34.016870     7.0604    2.45776     29.807    33.5320    26.2546 -9.990e-29
 191.644172     30.103  34.012925     7.0480    2.45201     29.850    33.5398    26.2624 -9.990e-29
 191.644178     30.132  34.013372     7.0418    2.46417     29.878    33.5463    26.2684 -9.990e-29
 191.644184     30.144  34.013742     7.0383    2.45850     29.890    33.5501    26.2718 -9.990e-29
 191.644190     30.139  34.013953     7.0376    2.48403     29.885    33.5510    26.2727 -9.990e-29
 191.644196     30.118  34.014270     7.0397    2.50664     29.864    33.5493    26.2710 -9.990e-29
 191.644201     30.083  34.015098     7.0479    2.52210     29.830    33.5423    26.2644 -9.990e-29
 191.644207     30.045  34.016407     7.0670    2.52728     29.792    33.5251    26.2482 -9.990e-29
 191.644213     30.019  34.019927     7.0904    2.51776     29.766    33.5062    26.2302 -9.990e-29
 191.644219     30.011  34.025297     7.1006    2.52065     29.758    33.5022    26.2256 -9.990e-29
 191.644225     30.017  34.026778     7.0943    2.50927     29.764    33.5099    26.2325 -9.990e-29
 191.644230     30.028  34.024092     7.0854    2.49914     29.775    33.5156    26.2383 -9.990e-29
 191.644236     30.042  34.022609     7.0805    2.47779     29.789    33.5188    26.2414 -9.990e-29
 191.644242     30.058  34.022016     7.0732    2.47160     29.805    33.5252    26.2475 -9.990e-29
 191.644248     30.074  34.020383     7.0619    2.47746     29.821    33.5344    26.2563 -9.990e-29
 191.644253     30.086  34.019438     7.0547    2.46820     29.833    33.5404    26.2620 -9.990e-29
 191.644259     30.091  34.020708     7.0534    2.48059     29.838    33.5430    26.2642 -9.990e-29
 191.644265     30.085  34.022504     7.0527    2.46390     29.832    33.5457    26.2664 -9.990e-29
 191.644271     30.076  34.022164     7.0526    2.45357     29.823    33.5454    26.2662 -9.990e-29
 191.644277     30.077  34.020338     7.0518    2.45574     29.824    33.5442    26.2654 -9.990e-29
 191.644282     30.091  34.019062     7.0484    2.45635     29.838    33.5461    26.2673 -9.990e-29
 191.644288     30.111  34.019421     7.0456    2.47792     29.858    33.5492    26.2702 -9.990e-29
 191.644294     30.121  34.021318     7.0455    2.48419     29.867    33.5514    26.2719 -9.990e-29
 191.644300     30.117  34.022780     7.0470    2.49267     29.863    33.5515    26.2718 -9.990e-29
 191.644306     30.108  34.023501     7.0508    2.50906     29.855    33.5486    26.2690 -9.990e-29
 191.644311     30.098  34.023865     7.0602    2.52656     29.845    33.5399    26.2608 -9.990e-29
 191.644317     30.090  34.024346     7.0758    2.54501     29.837    33.5252    26.2471 -9.990e-29
 191.644323     30.092  34.026690     7.0945    2.53904     29.839    33.5096    26.2323 -9.990e-29
 191.644329     30.109  34.030647     7.1077    2.51669     29.856    33.5011    26.2238 -9.990e-29
 191.644334     30.137  34.033635     7.1036    2.51181     29.883    33.5083    26.2300 -9.990e-29
 191.644340     30.169  34.032342     7.0868    2.49577     29.915    33.5232    26.2441 -9.990e-29
 191.644346     30.196  34.027835     7.0747    2.52188     29.942    33.5301    26.2511 -9.990e-29
 191.644352     30.201  34.025291     7.0741    2.54928     29.947    33.5279    26.2494 -9.990e-29
 191.644358     30.180  34.025780     7.0825    2.58705     29.926    33.5202    26.2423 -9.990e-29
 191.644363     30.145  34.028257     7.0971    2.62931     29.891    33.5088    26.2312 -9.990e-29
 191.644369     30.111  34.033209     7.1179    2.63919     29.858    33.4940    26.2168 -9.990e-29
 191.644375     30.089  34.039388     7.1423    2.66179     29.836    33.4770    26.2001 -9.990e-29
 191.644381     30.081  34.043815     7.1614    2.65441     29.828    33.4633    26.1867 -9.990e-29
 191.644387     30.087  34.045093     7.1722    2.63759     29.834    33.4543    26.1780 -9.990e-29
 191.644392     30.107  34.045472     7.1770    2.62992     29.854    33.4500    26.1740 -9.990e-29
 191.644398     30.142  34.046567     7.1735    2.60265     29.888    33.4546    26.1781 -9.990e-29
 191.644404     30.187  34.045902     7.1616    2.58680     29.933    33.4654    26.1882 -9.990e-29
 191.644410     30.227  34.043135     7.1488    2.58293     29.973    33.4747    26.1974 -9.990e-29
 191.644416     30.256  34.041285     7.1400    2.58118     30.001    33.4813    26.2037 -9.990e-29
 191.644421     30.271  34.040667     7.1354    2.60454     30.016    33.4850    26.2073 -9.990e-29
 191.644427     30.266  34.040440     7.1354    2.61259     30.011    33.4848    26.2071 -9.990e-29
 191.644433     30.234  34.040844     7.1369    2.63001     29.979    33.4838    26.2061 -9.990e-29
 191.644439     30.183  34.041280     7.1384    2.64726     29.929    33.4828    26.2052 -9.990e-29
 191.644444     30.128  34.041196     7.1475    2.65355     29.874    33.4739    26.1969 -9.990e-29
 191.644450     30.080  34.041586     7.1649    2.67767     29.827    33.4575    26.1816 -9.990e-29
 191.644456     30.055  34.043515     7.1794    2.66352     29.802    33.4456    26.1702 -9.990e-29
 191.644462     30.054  34.045622     7.1852    2.66048     29.801    33.4422    26.1668 -9.990e-29
 191.644468     30.070  34.046221     7.1862    2.67005     29.817    33.4419    26.1664 -9.990e-29
 191.644473     30.095  34.046099     7.1860    2.65585     29.842    33.4420    26.1665 -9.990e-29
 191.644479     30.123  34.045637     7.1852    2.66580     29.869    33.4422    26.1668 -9.990e-29
 191.644485     30.149  34.044765     7.1838    2.65088     29.895    33.4426    26.1673 -9.990e-29
 191.644491     30.172  34.044546     7.1807    2.63314     29.918    33.4454    26.1699 -9.990e-29
 191.644497     30.190  34.044671     7.1752    2.64190     29.936    33.4508    26.1749 -9.990e-29
 191.644502     30.202  34.044171     7.1693    2.63352     29.948    33.4560    26.1798 -9.990e-29
 191.644508     30.210  34.043484     7.1653    2.63716     29.956    33.4591    26.1828 -9.990e-29
 191.644514     30.215  34.043361     7.1625    2.63899     29.961    33.4617    26.1852 -9.990e-29
 191.644520     30.216  34.043621     7.1594    2.62018     29.962    33.4650    26.1883 -9.990e-29
 191.644525     30.219  34.043473     7.1548    2.62043     29.965    33.4693    26.1923 -9.990e-29
 191.644531     30.227  34.042705     7.1499    2.62030     29.973    33.4732    26.1960 -9.990e-29
 191.644537     30.237  34.041958     7.1492    2.62388     29.982    33.4731    26.1960 -9.990e-29
 191.644543     30.240  34.041903     7.1528    2.63179     29.985    33.4695    26.1927 -9.990e-29
 191.644549     30.234  34.042448     7.1561    2.64035     29.979    33.4669    26.1902 -9.990e-29
 191.644554     30.221  34.043185     7.1582    2.63347     29.967    33.4657    26.1890 -9.990e-29
 191.644560     30.209  34.043962     7.1604    2.63966     29.955    33.4644    26.1877 -9.990e-29
 191.644566     30.207  34.044680     7.1616    2.63157     29.953    33.4640    26.1872 -9.990e-29
 191.644572     30.218  34.044601     7.1601    2.63596     29.964    33.4654    26.1885 -9.990e-29
 191.644578     30.234  34.043605     7.1579    2.64090     29.979    33.4664    26.1896 -9.990e-29
 191.644583     30.240  34.043150     7.1564    2.63908     29.985    33.4674    26.1905 -9.990e-29
 191.644589     30.227  34.043174     7.1555    2.64959     29.973    33.4683    26.1914 -9.990e-29
 191.644595     30.203  34.042571     7.1562    2.64765     29.949    33.4670    26.1902 -9.990e-29
 191.644601     30.180  34.042204     7.1592    2.64762     29.926    33.4637    26.1872 -9.990e-29
 191.644606     30.163  34.043250     7.1635    2.65527     29.909    33.4606    26.1843 -9.990e-29
 191.644612     30.162  34.044847     7.1664    2.65253     29.908    33.4596    26.1830 -9.990e-29
 191.644618     30.179  34.045189     7.1669    2.64366     29.925    33.4595    26.1829 -9.990e-29
 191.644624     30.213  34.044157     7.1657    2.64776     29.959    33.4595    26.1830 -9.990e-29
 191.644630     30.256  34.043164     7.1636    2.63700     30.001    33.4604    26.1841 -9.990e-29
 191.644635     30.302  34.042549     7.1614    2.64603     30.047    33.4618    26.1855 -9.990e-29
 191.644641     30.346  34.042036     7.1599    2.64948     30.091    33.4627    26.1864 -9.990e-29
 191.644647     30.383  34.042046     7.1591    2.63906     30.127    33.4635    26.1871 -9.990e-29
 191.644653     30.406  34.042578     7.1589    2.64734     30.150    33.4643    26.1877 -9.990e-29
 191.644659     30.411  34.043203     7.1591    2.64526     30.155    33.4647    26.1881 -9.990e-29
 191.644664     30.396  34.043618     7.1601    2.64719     30.140    33.4642    26.1876 -9.990e-29
 191.644670     30.364  34.043802     7.1635    2.66702     30.108    33.4611    26.1847 -9.990e-29
 191.644676     30.338  34.044544     7.1686    2.66676     30.083    33.4570    26.1807 -9.990e-29
 191.644682     30.333  34.045701     7.1730    2.65789     30.078    33.4540    26.1778 -9.990e-29
 191.644688     30.341  34.046560     7.1751    2.67807     30.086    33.4529    26.1766 -9.990e-29
 191.644693     30.350  34.047133     7.1759    2.66716     30.094    33.4528    26.1764 -9.990e-29
 191.644699     30.355  34.047046     7.1767    2.66726     30.099    33.4519    26.1756 -9.990e-29
 191.644705     30.358  34.046730     7.1780    2.67428     30.102    33.4503    26.1741 -9.990e-29
 191.644711     30.357  34.046868     7.1796    2.66666     30.101    33.4489    26.1728 -9.990e-29
 191.644716     30.354  34.047070     7.1810    2.67072     30.098    33.4477    26.1717 -9.990e-29
 191.644722     30.344  34.047028     7.1819    2.67821     30.089    33.4468    26.1709 -9.990e-29
 191.644728     30.321  34.047233     7.1825    2.65893     30.066    33.4465    26.1705 -9.990e-29
 191.644734     30.294  34.047941     7.1829    2.66357     30.039    33.4469    26.1708 -9.990e-29
 191.644740     30.272  34.048400     7.1831    2.66326     30.017    33.4472    26.1710 -9.990e-29
 191.644745     30.264  34.048089     7.1831    2.65451     30.009    33.4469    26.1707 -9.990e-29
 191.644751     30.272  34.047699     7.1826    2.65727     30.017    33.4469    26.1708 -9.990e-29
 191.644757     30.294  34.047256     7.1807    2.65328     30.039    33.4483    26.1722 -9.990e-29
 191.644763     30.322  34.046153     7.1760    2.64662     30.067    33.4516    26.1754 -9.990e-29
 191.644769     30.349  34.045146     7.1697    2.64832     30.093    33.4566    26.1802 -9.990e-29
 191.644774     30.372  34.044559     7.1650    2.64752     30.116    33.4605    26.1840 -9.990e-29
 191.644780     30.390  34.044151     7.1639    2.65007     30.134    33.4611    26.1846 -9.990e-29
 191.644786     30.390  34.044482     7.1658    2.65471     30.134    33.4596    26.1832 -9.990e-29
 191.644792     30.363  34.045417     7.1693    2.67284     30.107    33.4573    26.1808 -9.990e-29
 191.644797     30.317  34.045945     7.1738    2.67839     30.062    33.4535    26.1772 -9.990e-29
