data/oxygen options/ONMS/Olympic_Coast_National_Marine_Sanctuary_CTD_Data_2005_2023/raw_data/2007/CTD_KL027_091807faedb.cnv
* Sea-Bird SBE19 Data File:
* FileName = C:\2007_mooring_data\Service_091807\CTD_KL027_091807.hex
* Software Version 1.20
* Temperature SN = 2997
* Conductivity SN = 2997
* System UpLoad Time = Sep 18 2007 18:07:45
* SEACAT PROFILER V3.1c SN 2997   09/18/07  18:06:24.545
* strain gauge pressure sensor: S/N = 184829,  range = 3000 psia,  tc = 40
# nquan = 9
# nvalues = 27                          
# units = specified
# name 0 = timeJ: Julian Days
# name 1 = prSM: Pressure, Strain Gauge [db]
# name 2 = c0mS/cm: Conductivity [mS/cm]
# name 3 = t090C: Temperature [ITS-90, deg C]
# name 4 = oxML/L: Oxygen, Beckman/YSI [ml/l]
# name 5 = depSM: Depth [salt water, m], lat = 47.5
# name 6 = sal00: Salinity, Practical [PSU]
# name 7 = sigma-é00: Density [sigma-theta, kg/m^3]
# name 8 = flag: flag
# span 0 = 261.733513, 261.733904       
# span 1 =      1.000,     27.000       
# span 2 =  34.593670,  37.501129       
# span 3 =     7.9335,    12.3376       
# span 4 =    2.58721,    7.70992       
# span 5 =      0.992,     26.773       
# span 6 =    32.2794,    33.3218       
# span 7 =    24.4135,    25.9638       
# span 8 = 0.0000e+00, 0.0000e+00       
# interval = decibars: 1                
# start_time = Sep 18 2007 17:32:56 [Instrument's time stamp, header]
# bad_flag = -9.990e-29
*END*
 261.733513      1.000  37.501129    12.3376    7.58937      0.992    32.2794    24.4135 0.0000e+00
 261.733538      2.000  37.482148    12.3020    7.65094      1.983    32.2914    24.4296 0.0000e+00
 261.733557      3.000  37.416291    12.2132    7.70992      2.975    32.3044    24.4564 0.0000e+00
 261.733574      4.000  37.342155    12.1310    7.70552      3.966    32.3037    24.4713 0.0000e+00
 261.733590      5.000  37.317879    12.1057    7.69414      4.958    32.3018    24.4747 0.0000e+00
 261.733605      6.000  37.307721    12.0905    7.69463      5.950    32.3048    24.4798 0.0000e+00
 261.733620      7.000  37.304519    12.0843    7.48225      6.942    32.3067    24.4824 0.0000e+00
 261.733635      8.000  37.295408    12.0402    7.11273      7.933    32.3357    24.5132 0.0000e+00
 261.733650      9.000  37.196952    11.8094    6.71808      8.925    32.4407    24.6375 0.0000e+00
 261.733663     10.000  36.962448    11.5261    6.58394      9.916    32.4597    24.7041 0.0000e+00
 261.733678     11.000  36.798366    11.3672    6.42332     10.908    32.4382    24.7161 0.0000e+00
 261.733692     12.000  36.741511    11.2893    5.86655     11.900    32.4504    24.7395 0.0000e+00
 261.733706     13.000  36.706227    11.1712    5.45322     12.891    32.5195    24.8144 0.0000e+00
 261.733719     14.000  36.571500    10.9260    5.24217     13.883    32.6032    24.9229 0.0000e+00
 261.733732     15.000  36.348092    10.7183    5.07959     14.874    32.5656    24.9299 0.0000e+00
 261.733746     16.000  36.301462    10.6814    4.63526     15.866    32.5517    24.9254 0.0000e+00
 261.733760     17.000  36.193971    10.3262    4.02205     16.857    32.7619    25.1502 0.0000e+00
 261.733773     18.000  35.829793     9.8651    3.58284     17.849    32.8107    25.2653 0.0000e+00
 261.733786     19.000  35.476711     9.3003    3.13416     18.840    32.9662    25.4784 0.0000e+00
 261.733798     20.000  35.108968     8.7441    2.82105     19.833    33.0997    25.6702 0.0000e+00
 261.733810     21.000  34.872310     8.3492    2.71293     20.823    33.2212    25.8255 0.0000e+00
 261.733822     22.000  34.713061     8.0847    2.68864     21.815    33.3021    25.9284 0.0000e+00
 261.733836     23.000  34.686259     8.1204    2.78131     22.807    33.2393    25.8738 0.0000e+00
 261.733850     24.000  34.752829     8.1987    2.70743     23.798    33.2354    25.8592 0.0000e+00
 261.733866     25.000  34.681188     8.0353    2.61137     24.790    33.3138    25.9448 0.0000e+00
 261.733882     26.000  34.611707     7.9485    2.58789     25.781    33.3218    25.9638 0.0000e+00
 261.733904     27.000  34.593670     7.9335    2.58721     26.773    33.3163    25.9617 0.0000e+00
