data/oxygen options/ONMS/Olympic_Coast_National_Marine_Sanctuary_CTD_Data_2005_2023/raw_data/2007/CTD_TH042_101307faedb.cnv
* Sea-Bird SBE19 Data File:
* FileName = C:\2007_mooring_data\retrieval_101207\CTD_TH042_101307.hex
* Software Version 1.20
* Temperature SN = 2997
* Conductivity SN = 2997
* System UpLoad Time = Oct 13 2007 16:06:02
* SEACAT PROFILER V3.1c SN 2997   10/13/07  16:05:27.519
* strain gauge pressure sensor: S/N = 184829,  range = 3000 psia,  tc = 40
# nquan = 9
# nvalues = 42                          
# units = specified
# name 0 = timeJ: Julian Days
# name 1 = prSM: Pressure, Strain Gauge [db]
# name 2 = c0mS/cm: Conductivity [mS/cm]
# name 3 = t090C: Temperature [ITS-90, deg C]
# name 4 = oxML/L: Oxygen, Beckman/YSI [ml/l]
# name 5 = depSM: Depth [salt water, m], lat = 47.5
# name 6 = sal00: Salinity, Practical [PSU]
# name 7 = sigma-é00: Density [sigma-theta, kg/m^3]
# name 8 = flag: flag
# span 0 = 286.566664, 286.567096       
# span 1 =      2.000,     43.000       
# span 2 =  34.808901,  37.008282       
# span 3 =     8.2064,    12.6341       
# span 4 =    3.19117,    7.58396       
# span 5 =      1.983,     42.637       
# span 6 =    30.7418,    33.2974       
# span 7 =    23.1664,    25.9054       
# span 8 = 0.0000e+00, 0.0000e+00       
# interval = decibars: 1                
# start_time = Oct 13 2007 13:30:42 [Instrument's time stamp, header]
# bad_flag = -9.990e-29
*END*
 286.566664      2.000  36.146644    12.6341    7.56886      1.983    30.7418    23.1664 0.0000e+00
 286.566689      3.000  36.144124    12.5937    7.47480      2.975    30.7721    23.1974 0.0000e+00
 286.566703      4.000  36.160821    12.5672    7.58396      3.966    30.8092    23.2312 0.0000e+00
 286.566715      5.000  36.158318    12.5227    7.35223      4.958    30.8428    23.2657 0.0000e+00
 286.566725      6.000  36.172551    12.4946    6.95674      5.950    30.8789    23.2989 0.0000e+00
 286.566734      7.000  36.269925    12.5276    6.73440      6.941    30.9438    23.3429 0.0000e+00
 286.566743      8.000  36.418094    12.5805    6.66981      7.933    31.0403    23.4077 0.0000e+00
 286.566751      9.000  36.536314    12.6081    6.66840      8.925    31.1290    23.4712 0.0000e+00
 286.566759     10.000  36.605226    12.6190    6.66786      9.916    31.1849    23.5125 0.0000e+00
 286.566767     11.000  36.641114    12.6216    6.65851     10.908    31.2163    23.5363 0.0000e+00
 286.566776     12.000  36.669622    12.6218    6.65695     11.899    31.2428    23.5568 0.0000e+00
 286.566783     13.000  36.693847    12.6203    6.65942     12.891    31.2666    23.5756 0.0000e+00
 286.566792     14.000  36.716795    12.6192    6.67359     13.883    31.2889    23.5930 0.0000e+00
 286.566801     15.000  36.740726    12.6204    6.63503     14.874    31.3101    23.6092 0.0000e+00
 286.566810     16.000  36.769187    12.6264    6.53438     15.866    31.3317    23.6249 0.0000e+00
 286.566819     17.000  36.824792    12.6237    6.48578     16.857    31.3863    23.6677 0.0000e+00
 286.566827     18.000  36.877636    12.6049    6.45162     17.849    31.4516    23.7219 0.0000e+00
 286.566835     19.000  36.922411    12.5639    6.44523     18.841    31.5280    23.7888 0.0000e+00
 286.566844     20.000  36.938380    12.4877    6.43781     19.832    31.6067    23.8643 0.0000e+00
 286.566853     21.000  36.932472    12.4172    6.40701     20.823    31.6601    23.9190 0.0000e+00
 286.566861     22.000  36.955334    12.3639    6.40183     21.815    31.7264    23.9804 0.0000e+00
 286.566870     23.000  36.993629    12.3114    6.37182     22.807    31.8072    24.0529 0.0000e+00
 286.566880     24.000  37.008282    12.2718    6.32517     23.799    31.8544    24.0970 0.0000e+00
 286.566890     25.000  37.002224    12.2445    6.20856     24.790    31.8714    24.1153 0.0000e+00
 286.566899     26.000  36.977861    12.1836    6.05160     25.781    31.8996    24.1486 0.0000e+00
 286.566909     27.000  36.911705    12.0479    5.93001     26.773    31.9514    24.2141 0.0000e+00
 286.566919     28.000  36.791720    11.8505    5.75897     27.764    32.0046    24.2918 0.0000e+00
 286.566928     29.000  36.673379    11.6444    5.43536     28.756    32.0671    24.3780 0.0000e+00
 286.566938     30.000  36.542042    11.4361    4.86274     29.748    32.1191    24.4561 0.0000e+00
 286.566947     31.000  36.408407    11.1928    4.25729     30.739    32.1998    24.5623 0.0000e+00
 286.566957     32.000  36.226485    10.7436    3.79642     31.730    32.4153    24.8085 0.0000e+00
 286.566967     33.000  35.964315    10.1126    3.41143     32.722    32.7165    25.1509 0.0000e+00
 286.566975     34.000  35.598652     9.3616    3.21766     33.714    33.0289    25.5178 0.0000e+00
 286.566985     35.000  35.215349     8.7631    3.19117     34.705    33.1864    25.7355 0.0000e+00
 286.566994     36.000  34.997861     8.4734    3.24548     35.696    33.2297    25.8138 0.0000e+00
 286.567003     37.000  34.920560     8.3513    3.27022     36.688    33.2627    25.8581 0.0000e+00
 286.567013     38.000  34.880090     8.2935    3.31204     37.680    33.2740    25.8756 0.0000e+00
 286.567024     39.000  34.885508     8.3033    3.36149     38.670    33.2701    25.8711 0.0000e+00
 286.567037     40.000  34.899339     8.3096    3.35528     39.662    33.2783    25.8766 0.0000e+00
 286.567050     41.000  34.855830     8.2553    3.32552     40.654    33.2831    25.8885 0.0000e+00
 286.567063     42.000  34.835454     8.2170    3.30692     41.645    33.2974    25.9054 0.0000e+00
 286.567096     43.000  34.808901     8.2064    3.29159     42.637    33.2787    25.8924 0.0000e+00
