data/oxygen options/ONMS/Olympic_Coast_National_Marine_Sanctuary_CTD_Data_2005_2023/raw_data/2007/CTD_TH042_053007faed.cnv
* Sea-Bird SBE19 Data File:
* FileName = C:\2007_mooring_data\CTD_TH042_053007.hex
* Software Version 1.1.6
* Temperature SN = 2997
* Conductivity SN = 2997
* System UpLoad Time = May 30 2007 12:33:35
* SEACAT PROFILER V3.1c SN 2997   05/30/07  12:33:04.771
* strain gauge pressure sensor: S/N = 184829,  range = 3000 psia,  tc = 40
# nquan = 9                                 
# nvalues = 2245                        
# units = specified
# name 0 = timeJ: Julian Days
# name 1 = prSM: Pressure, Strain Gauge [db]
# name 2 = c0mS/cm: Conductivity [mS/cm]
# name 3 = t090C: Temperature [ITS-90, deg C]
# name 4 = oxML/L: Oxygen, Beckman/YSI [ml/l]
# name 5 = depSM: Depth [salt water, m], lat = 47.5
# name 6 = sal00: Salinity, Practical [PSU]
# name 7 = sigma-é00: Density [sigma-theta, kg/m^3]
# name 8 = flag: flag
# span 0 = 150.494676, 150.507662       
# span 1 =     -5.659,     41.676       
# span 2 =   0.095962,  36.314970       
# span 3 =     6.9852,    12.5154       
# span 4 =  -13.16297,   35.52831       
# span 5 =     -5.612,     41.324       
# span 6 =     0.0610,    33.6663       
# span 7 =    -0.5135,    26.3698       
# span 8 = 0.0000e+00, 0.0000e+00       
# interval = seconds: 0.5
# start_time = May 30 2007 11:52:20 [Instrument's time stamp, header]
# bad_flag = -9.990e-29
*END*
[from data line 1601]
 150.503941      5.222  35.138667     9.6884    6.14926      5.178    32.2718    24.8734 -9.990e-29
 150.503947      5.208  35.139653     9.6899    6.14156      5.164    32.2715    24.8729 -9.990e-29
 150.503953      5.191  35.141579     9.6905    6.14966      5.148    32.2729    24.8740 -9.990e-29
 150.503958      5.170  35.143074     9.6911    6.15837      5.127    32.2739    24.8746 -9.990e-29
 150.503964      5.154  35.144437     9.6915    6.15359      5.111    32.2749    24.8754 -9.990e-29
 150.503970      5.153  35.145794     9.6897    6.15532      5.110    32.2779    24.8780 -9.990e-29
 150.503976      5.162  35.145576     9.6866    6.14921      5.119    32.2805    24.8805 -9.990e-29
 150.503981      5.176  35.144603     9.6844    6.15375      5.133    32.2815    24.8816 -9.990e-29
 150.503987      5.193  35.142684     9.6834    6.14836      5.150    32.2804    24.8810 -9.990e-29
 150.503993      5.206  35.141168     9.6831    6.16262      5.162    32.2791    24.8800 -9.990e-29
 150.503999      5.210  35.142505     9.6834    6.17058      5.166    32.2802    24.8808 -9.990e-29
 150.504005      5.207  35.143980     9.6846    6.16975      5.163    32.2807    24.8810 -9.990e-29
 150.504010      5.195  35.143063     9.6873    6.16949      5.152    32.2773    24.8779 -9.990e-29
 150.504016      5.178  35.141882     9.6906    6.16065      5.135    32.2731    24.8741 -9.990e-29
 150.504022      5.169  35.143335     9.6938    6.15541      5.126    32.2718    24.8725 -9.990e-29
 150.504028      5.175  35.147104     9.6965    6.16292      5.132    32.2732    24.8732 -9.990e-29
 150.504034      5.192  35.150355     9.6976    6.16493      5.149    32.2755    24.8748 -9.990e-29
 150.504039      5.212  35.151806     9.6968    6.16575      5.168    32.2777    24.8767 -9.990e-29
 150.504045      5.225  35.151696     9.6959    6.16451      5.181    32.2784    24.8773 -9.990e-29
 150.504051      5.222  35.150425     9.6965    6.16045      5.178    32.2765    24.8758 -9.990e-29
 150.504057      5.208  35.149650     9.6983    6.15944      5.164    32.2741    24.8736 -9.990e-29
 150.504063      5.190  35.150004     9.6999    6.15768      5.147    32.2731    24.8726 -9.990e-29
 150.504068      5.175  35.150826     9.7010    6.15742      5.132    32.2729    24.8723 -9.990e-29
 150.504074      5.167  35.152079     9.7020    6.15763      5.124    32.2733    24.8724 -9.990e-29
 150.504080      5.170  35.153740     9.7031    6.15840      5.127    32.2740    24.8728 -9.990e-29
 150.504086      5.188  35.155767     9.7032    6.16686      5.145    32.2760    24.8743 -9.990e-29
 150.504091      5.214  35.156929     9.7018    6.17638      5.170    32.2784    24.8764 -9.990e-29
 150.504097      5.232  35.156517     9.7006    6.17875      5.188    32.2791    24.8771 -9.990e-29
 150.504103      5.230  35.156211     9.7015    6.17740      5.186    32.2779    24.8761 -9.990e-29
 150.504109      5.209  35.156711     9.7038    6.17009      5.165    32.2764    24.8745 -9.990e-29
 150.504115      5.181  35.157547     9.7056    6.15932      5.138    32.2756    24.8736 -9.990e-29
 150.504120      5.155  35.158703     9.7063    6.15675      5.112    32.2762    24.8740 -9.990e-29
 150.504126      5.138  35.160026     9.7059    6.15675      5.095    32.2779    24.8754 -9.990e-29
 150.504132      5.135  35.159904     9.7039    6.16645      5.092    32.2796    24.8770 -9.990e-29
 150.504138      5.141  35.157601     9.7013    6.17030      5.098    32.2796    24.8774 -9.990e-29
 150.504144      5.147  35.155640     9.6990    6.17858      5.104    32.2796    24.8778 -9.990e-29
 150.504149      5.150  35.155317     9.6971    6.18692      5.107    32.2810    24.8792 -9.990e-29
 150.504155      5.149  35.155626     9.6967    6.18543      5.106    32.2817    24.8798 -9.990e-29
 150.504161      5.141  35.155845     9.6986    6.17599      5.098    32.2802    24.8783 -9.990e-29
 150.504167      5.125  35.155694     9.7021    6.16833      5.082    32.2769    24.8752 -9.990e-29
 150.504172      5.109  35.155516     9.7050    6.16421      5.066    32.2741    24.8726 -9.990e-29
 150.504178      5.099  35.155623     9.7063    6.16694      5.056    32.2731    24.8715 -9.990e-29
 150.504184      5.104  35.156147     9.7065    6.16905      5.061    32.2734    24.8718 -9.990e-29
 150.504190      5.125  35.157213     9.7061    6.16911      5.082    32.2749    24.8730 -9.990e-29
 150.504196      5.154  35.158549     9.7049    6.16943      5.111    32.2773    24.8751 -9.990e-29
 150.504201      5.183  35.159679     9.7034    6.17595      5.140    32.2798    24.8772 -9.990e-29
 150.504207      5.203  35.160415     9.7021    6.17718      5.160    32.2817    24.8789 -9.990e-29
 150.504213      5.202  35.160604     9.7020    6.18476      5.159    32.2820    24.8792 -9.990e-29
 150.504219      5.180  35.159924     9.7035    6.17706      5.137    32.2800    24.8773 -9.990e-29
 150.504225      5.148  35.158575     9.7057    6.17164      5.105    32.2766    24.8744 -9.990e-29
 150.504230      5.121  35.157550     9.7077    6.17009      5.078    32.2738    24.8718 -9.990e-29
 150.504236      5.110  35.157712     9.7091    6.16044      5.067    32.2727    24.8708 -9.990e-29
 150.504242      5.115  35.158706     9.7097    6.17027      5.072    32.2732    24.8710 -9.990e-29
 150.504248      5.123  35.159604     9.7096    6.17821      5.080    32.2742    24.8718 -9.990e-29
 150.504253      5.122  35.159905     9.7097    6.18163      5.079    32.2744    24.8720 -9.990e-29
 150.504259      5.107  35.159436     9.7102    6.19100      5.064    32.2735    24.8712 -9.990e-29
 150.504265      5.082  35.158681     9.7105    6.18027      5.040    32.2724    24.8703 -9.990e-29
 150.504271      5.057  35.158303     9.7106    6.17480      5.015    32.2720    24.8700 -9.990e-29
 150.504277      5.045  35.158345     9.7107    6.17325      5.003    32.2719    24.8699 -9.990e-29
 150.504282      5.049  35.158852     9.7108    6.16393      5.007    32.2724    24.8702 -9.990e-29
 150.504288      5.065  35.159928     9.7108    6.16586      5.023    32.2735    24.8711 -9.990e-29
 150.504294      5.084  35.161312     9.7107    6.16561      5.042    32.2750    24.8723 -9.990e-29
 150.504300      5.101  35.162593     9.7106    6.15964      5.058    32.2763    24.8734 -9.990e-29
 150.504306      5.111  35.163783     9.7108    6.16884      5.068    32.2774    24.8741 -9.990e-29
 150.504311      5.120  35.164773     9.7109    6.16895      5.077    32.2783    24.8748 -9.990e-29
 150.504317      5.132  35.165189     9.7107    6.17833      5.089    32.2789    24.8753 -9.990e-29
 150.504323      5.144  35.165013     9.7104    6.17405      5.101    32.2790    24.8755 -9.990e-29
 150.504329      5.152  35.163997     9.7100    6.16901      5.109    32.2783    24.8750 -9.990e-29
 150.504334      5.162  35.162456     9.7097    6.16747      5.119    32.2770    24.8740 -9.990e-29
 150.504340      5.174  35.161685     9.7097    6.16553      5.131    32.2762    24.8734 -9.990e-29
 150.504346      5.175  35.161764     9.7097    6.17684      5.132    32.2763    24.8735 -9.990e-29
 150.504352      5.157  35.161664     9.7095    6.18019      5.114    32.2764    24.8736 -9.990e-29
 150.504358      5.124  35.161238     9.7098    6.17893      5.081    32.2757    24.8730 -9.990e-29
 150.504363      5.086  35.160465     9.7106    6.17729      5.043    32.2742    24.8717 -9.990e-29
 150.504369      5.057  35.159426     9.7113    6.18010      5.015    32.2725    24.8703 -9.990e-29
 150.504375      5.045  35.158965     9.7116    6.18331      5.003    32.2718    24.8696 -9.990e-29
 150.504381      5.049  35.159017     9.7115    6.18306      5.007    32.2719    24.8698 -9.990e-29
 150.504387      5.065  35.159075     9.7113    6.16722      5.023    32.2721    24.8700 -9.990e-29
 150.504392      5.085  35.159206     9.7109    6.16000      5.042    32.2726    24.8704 -9.990e-29
 150.504398      5.106  35.159569     9.7102    6.15981      5.063    32.2736    24.8713 -9.990e-29
 150.504404      5.134  35.160637     9.7096    6.16218      5.091    32.2752    24.8727 -9.990e-29
 150.504410      5.171  35.163259     9.7094    6.17690      5.128    32.2781    24.8749 -9.990e-29
 150.504416      5.201  35.166995     9.7097    6.17113      5.158    32.2816    24.8776 -9.990e-29
 150.504421      5.210  35.168963     9.7100    6.17728      5.166    32.2833    24.8789 -9.990e-29
 150.504427      5.198  35.167664     9.7101    6.17745      5.155    32.2819    24.8778 -9.990e-29
 150.504433      5.173  35.164724     9.7098    6.16745      5.130    32.2792    24.8757 -9.990e-29
 150.504439      5.146  35.162199     9.7099    6.16752      5.103    32.2765    24.8736 -9.990e-29
 150.504444      5.128  35.161208     9.7105    6.16347      5.085    32.2750    24.8723 -9.990e-29
 150.504450      5.119  35.161364     9.7108    6.16483      5.076    32.2749    24.8722 -9.990e-29
 150.504456      5.113  35.161755     9.7104    6.16856      5.070    32.2757    24.8729 -9.990e-29
 150.504462      5.110  35.161782     9.7097    6.16837      5.067    32.2763    24.8735 -9.990e-29
 150.504468      5.114  35.161483     9.7092    6.17643      5.071    32.2765    24.8737 -9.990e-29
 150.504473      5.130  35.161582     9.7088    6.18503      5.087    32.2769    24.8741 -9.990e-29
 150.504479      5.150  35.162773     9.7087    6.18639      5.107    32.2782    24.8751 -9.990e-29
 150.504485      5.158  35.165522     9.7092    6.18571      5.115    32.2806    24.8769 -9.990e-29
 150.504491      5.146  35.167889     9.7100    6.18074      5.103    32.2823    24.8781 -9.990e-29
 150.504497      5.123  35.167424     9.7113    6.17014      5.080    32.2806    24.8766 -9.990e-29
 150.504502      5.102  35.165752     9.7127    6.17635      5.059    32.2777    24.8741 -9.990e-29
 150.504508      5.097  35.165131     9.7135    6.18410      5.054    32.2763    24.8729 -9.990e-29
 150.504514      5.107  35.165296     9.7137    6.18726      5.064    32.2763    24.8728 -9.990e-29
 150.504520      5.124  35.165907     9.7134    6.18958      5.081    32.2772    24.8736 -9.990e-29
 150.504525      5.140  35.167222     9.7134    6.19238      5.097    32.2785    24.8746 -9.990e-29
 150.504531      5.147  35.167631     9.7138    6.17537      5.104    32.2786    24.8746 -9.990e-29
 150.504537      5.148  35.165997     9.7139    6.17352      5.105    32.2768    24.8732 -9.990e-29
 150.504543      5.149  35.164628     9.7131    6.17146      5.106    32.2761    24.8728 -9.990e-29
 150.504549      5.155  35.164503     9.7118    6.17108      5.112    32.2772    24.8738 -9.990e-29
 150.504554      5.162  35.164334     9.7110    6.17647      5.119    32.2777    24.8744 -9.990e-29
 150.504560      5.163  35.163899     9.7110    6.17660      5.120    32.2773    24.8740 -9.990e-29
 150.504566      5.158  35.163739     9.7111    6.17686      5.115    32.2770    24.8738 -9.990e-29
 150.504572      5.158  35.163642     9.7106    6.17053      5.115    32.2774    24.8742 -9.990e-29
 150.504578      5.168  35.162918     9.7094    6.16854      5.125    32.2777    24.8746 -9.990e-29
 150.504583      5.181  35.161727     9.7082    6.16828      5.138    32.2776    24.8747 -9.990e-29
 150.504589      5.192  35.160723     9.7077    6.16263      5.149    32.2770    24.8744 -9.990e-29
 150.504595      5.198  35.160251     9.7083    6.15679      5.155    32.2760    24.8735 -9.990e-29
 150.504601      5.195  35.160240     9.7093    6.16152      5.152    32.2751    24.8726 -9.990e-29
 150.504606      5.188  35.160118     9.7099    6.16462      5.145    32.2744    24.8720 -9.990e-29
 150.504612      5.184  35.159724     9.7099    6.16958      5.141    32.2740    24.8717 -9.990e-29
 150.504618      5.188  35.159657     9.7096    6.17276      5.145    32.2742    24.8719 -9.990e-29
 150.504624      5.195  35.159827     9.7093    6.16928      5.152    32.2746    24.8723 -9.990e-29
 150.504630      5.198  35.159901     9.7093    6.16934      5.155    32.2747    24.8723 -9.990e-29
 150.504635      5.196  35.159978     9.7093    6.16209      5.153    32.2748    24.8724 -9.990e-29
 150.504641      5.198  35.160163     9.7085    6.16675      5.155    32.2757    24.8732 -9.990e-29
 150.504647      5.204  35.160704     9.7076    6.17612      5.161    32.2771    24.8744 -9.990e-29
 150.504653      5.206  35.161765     9.7075    6.18749      5.162    32.2782    24.8753 -9.990e-29
 150.504659      5.200  35.162518     9.7082    6.18250      5.157    32.2784    24.8753 -9.990e-29
 150.504664      5.190  35.162284     9.7089    6.17609      5.147    32.2775    24.8746 -9.990e-29
 150.504670      5.183  35.161876     9.7095    6.16260      5.140    32.2766    24.8737 -9.990e-29
 150.504676      5.183  35.161872     9.7097    6.16551      5.140    32.2764    24.8735 -9.990e-29
 150.504682      5.187  35.161709     9.7090    6.17029      5.144    32.2768    24.8740 -9.990e-29
 150.504687      5.190  35.161171     9.7082    6.17296      5.147    32.2770    24.8743 -9.990e-29
 150.504693      5.192  35.160662     9.7082    6.19049      5.149    32.2765    24.8739 -9.990e-29
 150.504699      5.189  35.160065     9.7087    6.19819      5.146    32.2754    24.8730 -9.990e-29
 150.504705      5.177  35.159706     9.7096    6.20580      5.134    32.2743    24.8719 -9.990e-29
 150.504711      5.154  35.160228     9.7115    6.19722      5.111    32.2731    24.8707 -9.990e-29
 150.504716      5.125  35.161208     9.7141    6.18522      5.082    32.2718    24.8692 -9.990e-29
 150.504722      5.099  35.162272     9.7162    6.18124      5.056    32.2710    24.8683 -9.990e-29
 150.504728      5.088  35.163718     9.7173    6.18583      5.045    32.2715    24.8685 -9.990e-29
 150.504734      5.095  35.165797     9.7176    6.19143      5.052    32.2733    24.8699 -9.990e-29
 150.504740      5.113  35.170160     9.7175    6.20651      5.070    32.2779    24.8734 -9.990e-29
 150.504745      5.121  35.174219     9.7170    6.20113      5.078    32.2824    24.8771 -9.990e-29
 150.504751      5.107  35.172733     9.7170    6.19623      5.064    32.2809    24.8759 -9.990e-29
 150.504757      5.078  35.169326     9.7179    6.18562      5.036    32.2767    24.8724 -9.990e-29
 150.504763      5.050  35.168427     9.7195    6.18637      5.008    32.2743    24.8703 -9.990e-29
 150.504769      5.034  35.169401     9.7209    6.19040      4.992    32.2741    24.8699 -9.990e-29
 150.504774      5.028  35.171308     9.7215    6.19106      4.986    32.2755    24.8709 -9.990e-29
 150.504780      5.025  35.173329     9.7216    6.19379      4.983    32.2774    24.8724 -9.990e-29
 150.504786      5.023  35.174796     9.7218    6.19059      4.981    32.2788    24.8734 -9.990e-29
 150.504792      5.027  35.174861     9.7218    6.18320      4.985    32.2788    24.8735 -9.990e-29
 150.504797      5.036  35.173615     9.7206    6.17408      4.994    32.2786    24.8735 -9.990e-29
 150.504803      5.053  35.172199     9.7184    6.17246      5.011    32.2792    24.8743 -9.990e-29
 150.504809      5.073  35.171529     9.7166    6.17478      5.031    32.2801    24.8753 -9.990e-29
 150.504815      5.089  35.171833     9.7160    6.19441      5.046    32.2809    24.8761 -9.990e-29
 150.504821      5.094  35.172398     9.7168    6.20842      5.051    32.2808    24.8758 -9.990e-29
 150.504826      5.083  35.172295     9.7187    6.20170      5.041    32.2790    24.8741 -9.990e-29
 150.504832      5.065  35.171385     9.7203    6.18945      5.023    32.2766    24.8720 -9.990e-29
 150.504838      5.056  35.170141     9.7203    6.17145      5.014    32.2753    24.8710 -9.990e-29
 150.504844      5.062  35.168589     9.7188    6.16802      5.020    32.2751    24.8711 -9.990e-29
 150.504850      5.082  35.167464     9.7169    6.17232      5.040    32.2757    24.8718 -9.990e-29
 150.504855      5.106  35.168069     9.7156    6.18542      5.063    32.2774    24.8734 -9.990e-29
