data/oxygen options/ONMS/Olympic_Coast_National_Marine_Sanctuary_CTD_Data_2005_2023/raw_data/2007/CTD_CE065_071107faed.cnv
* Sea-Bird SBE19 Data File:
* FileName = C:\2007_mooring_data\CTD_CE065_071107.hex
* Software Version 1.1.6
* Temperature SN = 2997
* Conductivity SN = 2997
* System UpLoad Time = Jul 11 2007 12:28:40
* SEACAT PROFILER V3.1c SN 2997   07/11/07  12:28:05.180
* strain gauge pressure sensor: S/N = 184829,  range = 3000 psia,  tc = 40
# nquan = 9                                 
# nvalues = 1863                        
# units = specified
# name 0 = timeJ: Julian Days
# name 1 = prSM: Pressure, Strain Gauge [db]
# name 2 = c0mS/cm: Conductivity [mS/cm]
# name 3 = t090C: Temperature [ITS-90, deg C]
# name 4 = oxML/L: Oxygen, Beckman/YSI [ml/l]
# name 5 = depSM: Depth [salt water, m], lat = 47.5
# name 6 = sal00: Salinity, Practical [PSU]
# name 7 = sigma-é00: Density [sigma-theta, kg/m^3]
# name 8 = flag: flag
# span 0 = 192.505069, 192.515845       
# span 1 =     -5.973,     64.810       
# span 2 =   1.197240, 415.391500       
# span 3 =     7.4289,    73.6251       
# span 4 =   -7.76235,   37.05792       
# span 5 =     -5.923,     64.259       
# span 6 =     0.7827,   228.7558       
# span 7 =    -0.0421,   161.7940       
# span 8 = 0.0000e+00, 0.0000e+00       
# interval = seconds: 0.5
# start_time = Jul 11 2007 12:07:18 [Instrument's time stamp, header]
# bad_flag = -9.990e-29
*END*
[from data line 481]
 192.507853     43.612  34.243196     9.1802    2.61320     43.243    31.7915    24.5795 0.0000e+00
 192.507859     44.253  34.243671    12.3827    2.59867     43.879    29.1296    21.9661 0.0000e+00
 192.507865     44.918  34.310111    18.1993    2.56766     44.538    25.1798    17.7237 0.0000e+00
 192.507870     45.594  34.383492    23.5349    2.57091     45.208    22.2851    14.1781 0.0000e+00
 192.507876     46.264  34.440621    22.2540    2.56796     45.873    22.9824    15.0494 0.0000e+00
 192.507882     46.913  34.512282    14.8152    2.56759     46.516    27.5748    20.2953 0.0000e+00
 192.507888     47.537  34.551154     9.5943    2.56536     47.135    31.7381    24.4725 0.0000e+00
 192.507894     48.133  34.497849     8.2864    2.55388     47.726    32.8713    25.5610 0.0000e+00
 192.507899     48.699  34.375799     7.8551    2.54533     48.287    33.1476    25.8409 0.0000e+00
 192.507905     49.242  34.293163     7.7173    2.52629     48.825    33.1897    25.8938 0.0000e+00
 192.507911     49.775  34.275453     7.6691    2.54074     49.354    33.2164    25.9217 0.0000e+00
 192.507917     50.315  34.283639     7.6476    2.52443     49.889    33.2455    25.9476 0.0000e+00
 192.507922     50.870  34.305332     7.6320    2.51568     50.439    33.2835    25.9797 0.0000e+00
 192.507928     51.441  34.301091     7.6171    2.49758     51.005    33.2929    25.9892 0.0000e+00
 192.507934     52.025  34.272931     7.6041    2.47394     51.584    33.2748    25.9768 0.0000e+00
 192.507940     52.614  34.299124     7.5810    2.46652     52.168    33.3249    26.0195 0.0000e+00
 192.507946     53.193  34.369888     7.5573    2.44737     52.742    33.4237    26.1006 0.0000e+00
 192.507951     53.752  34.407570     7.5581    2.41138     53.296    33.4634    26.1316 0.0000e+00
 192.507957     54.291  34.374328     7.5686    2.38239     53.831    33.4171    26.0938 0.0000e+00
 192.507963     54.824  34.324192     7.5586    2.34606     54.359    33.3724    26.0600 0.0000e+00
 192.507969     55.368  34.269527     7.5303    2.29975     54.899    33.3403    26.0388 0.0000e+00
 192.507975     55.936  34.204260     7.5057    2.25155     55.462    33.2931    26.0052 0.0000e+00
 192.507980     56.529  34.219134     7.4936    2.23613     56.050    33.3205    26.0284 0.0000e+00
 192.507986     57.138  34.259423     7.4790    2.21732     56.653    33.3778    26.0755 0.0000e+00
 192.507992     57.751  34.263733     7.4665    2.18867     57.261    33.3942    26.0902 0.0000e+00
 192.507998     58.355  34.296170     7.4605    2.17173     57.860    33.4348    26.1230 0.0000e+00
 192.508003     58.941  34.292199     7.4473    2.15296     58.441    33.4429    26.1313 0.0000e+00
 192.508009     59.508  34.244056     7.4343    2.15450     59.003    33.4031    26.1017 0.0000e+00
 192.508015     60.057  34.250104     7.4345    2.14690     59.547    33.4092    26.1065 0.0000e+00
 192.508021     60.586  34.235971     7.4532    2.14688     60.072    33.3756    26.0775 0.0000e+00
 192.508027     61.089  34.193294     7.4750    2.15030     60.570    33.3082    26.0215 0.0000e+00
 192.508032     61.568  34.208567     7.4796    2.14684     61.045    33.3201    26.0301 0.0000e+00
 192.508038     62.025  34.207904     7.4765    2.13923     61.498    33.3221    26.0322 0.0000e+00
 192.508044     62.461  34.185709     7.4732    2.14292     61.930    33.3011    26.0161 0.0000e+00
 192.508050     62.887  34.231003     7.4605    2.14382     62.353    33.3621    26.0659 0.0000e+00
 192.508056     63.306  34.296406     7.4379    2.14149     62.768    33.4545    26.1417 0.0000e+00
 192.508061     63.705  34.316296     7.4290    2.14186     63.164    33.4844    26.1665 0.0000e+00
 192.508067     64.067  34.304591     7.4429    2.13772     63.522    33.4582    26.1439 0.0000e+00
 192.508073     64.371  34.247160     7.4543    2.13631     63.824    33.3848    26.0847 0.0000e+00
 192.508079     64.599  34.182653     7.4579    2.13970     64.050    33.3114    26.0264 0.0000e+00
 192.508084     64.744  34.161133     7.4589    2.13579     64.194    33.2871    26.0072 -9.990e-29
 192.508090     64.810  34.160455     7.4523    2.14183     64.259    33.2927    26.0125 -9.990e-29
 192.508096     64.802  34.229621     7.4466    2.14166     64.251    33.3731    26.0765 -9.990e-29
 192.508102     64.724  34.335071     7.4513    2.13102     64.174    33.4827    26.1621 -9.990e-29
 192.508108     64.588  34.355345     7.4549    2.13474     64.039    33.5013    26.1762 0.0000e+00
 192.508113     64.406  34.342045     7.4561    2.13851     63.859    33.4858    26.1638 0.0000e+00
 192.508119     64.185  34.369021     7.4650    2.15104     63.639    33.5065    26.1789 0.0000e+00
 192.508125     63.930  34.380250     7.4704    2.14556     63.387    33.5136    26.1836 0.0000e+00
 192.508131     63.644  34.378671     7.4665    2.15147     63.103    33.5158    26.1859 0.0000e+00
 192.508137     63.321  34.378869     7.4707    2.14531     62.783    33.5121    26.1824 0.0000e+00
 192.508142     62.967  34.326283     7.4795    2.14176     62.432    33.4469    26.1299 0.0000e+00
 192.508148     62.592  34.269400     7.4834    2.15444     62.060    33.3817    26.0781 0.0000e+00
 192.508154     62.199  34.256054     7.4876    2.15703     61.671    33.3635    26.0631 0.0000e+00
 192.508160     61.781  34.259234     7.4791    2.14568     61.256    33.3753    26.0736 0.0000e+00
 192.508166     61.339  34.268897     7.4614    2.16287     60.818    33.4030    26.0979 0.0000e+00
 192.508171     60.890  34.296598     7.4471    2.15953     60.373    33.4470    26.1345 0.0000e+00
 192.508177     60.447  34.310369     7.4309    2.16417     59.934    33.4777    26.1610 0.0000e+00
 192.508183     60.017  34.290073     7.4289    2.17908     59.507    33.4579    26.1456 0.0000e+00
 192.508189     59.585  34.301907     7.4432    2.19462     59.079    33.4571    26.1430 0.0000e+00
 192.508194     59.132  34.328785     7.4549    2.20889     58.630    33.4751    26.1555 0.0000e+00
 192.508200     58.659  34.323008     7.4661    2.22257     58.161    33.4583    26.1407 0.0000e+00
 192.508206     58.188  34.320025     7.4773    2.23509     57.694    33.4445    26.1283 0.0000e+00
 192.508212     57.744  34.325229     7.4682    2.22265     57.254    33.4591    26.1410 0.0000e+00
 192.508218     57.338  34.318893     7.4447    2.22538     56.852    33.4751    26.1569 0.0000e+00
 192.508223     56.961  34.310945     7.4392    2.24826     56.478    33.4720    26.1552 0.0000e+00
 192.508229     56.589  34.309723     7.4401    2.26667     56.109    33.4700    26.1535 0.0000e+00
 192.508235     56.194  34.320702     7.4469    2.27752     55.717    33.4755    26.1569 0.0000e+00
 192.508241     55.768  34.321718     7.4692    2.30816     55.295    33.4553    26.1379 0.0000e+00
 192.508247     55.327  34.293653     7.4857    2.32958     54.858    33.4092    26.0993 0.0000e+00
 192.508252     54.895  34.268690     7.5040    2.34203     54.430    33.3648    26.0618 0.0000e+00
 192.508258     54.486  34.269085     7.5289    2.38171     54.024    33.3415    26.0400 0.0000e+00
 192.508264     54.100  34.267573     7.5508    2.38739     53.641    33.3191    26.0192 0.0000e+00
 192.508270     53.726  34.251802     7.5670    2.41534     53.271    33.2867    25.9915 0.0000e+00
 192.508275     53.344  34.233191     7.5808    2.43294     52.892    33.2536    25.9635 0.0000e+00
 192.508281     52.947  34.219935     7.5974    2.44919     52.498    33.2236    25.9376 0.0000e+00
 192.508287     52.557  34.219488     7.6035    2.46355     52.112    33.2175    25.9319 0.0000e+00
 192.508293     52.205  34.253564     7.5908    2.49032     51.763    33.2665    25.9722 0.0000e+00
 192.508299     51.911  34.322923     7.5797    2.47726     51.471    33.3521    26.0411 0.0000e+00
 192.508304     51.682  34.332943     7.5722    2.49198     51.244    33.3703    26.0564 0.0000e+00
 192.508310     51.516  34.297901     7.5573    2.49484     51.080    33.3468    26.0401 -9.990e-29
 192.508316     51.403  34.310474     7.5589    2.49028     50.968    33.3589    26.0493 -9.990e-29
 192.508322     51.324  34.332055     7.5755    2.51002     50.889    33.3663    26.0528 -9.990e-29
 192.508328     51.263  34.323653     7.5753    2.50489     50.829    33.3574    26.0459 -9.990e-29
 192.508333     51.218  34.342534     7.5635    2.48973     50.784    33.3892    26.0725 -9.990e-29
 192.508339     51.182  34.392840     7.5556    2.49596     50.749    33.4511    26.1223 -9.990e-29
 192.508345     51.147  34.388888     7.5573    2.48640     50.714    33.4452    26.1174 -9.990e-29
 192.508351     51.116  34.340396     7.5668    2.48706     50.683    33.3838    26.0678 -9.990e-29
 192.508356     51.095  34.331672     7.5684    2.50618     50.662    33.3728    26.0589 -9.990e-29
 192.508362     51.092  34.363823     7.5690    2.49570     50.659    33.4069    26.0857 -9.990e-29
 192.508368     51.111  34.368623     7.5836    2.49859     50.678    33.3981    26.0766 -9.990e-29
 192.508374     51.144  34.342697     7.6007    2.49597     50.711    33.3537    26.0393 -9.990e-29
 192.508380     51.176  34.267593     7.6113    2.49304     50.743    33.2625    25.9661 -9.990e-29
 192.508385     51.197  34.157787     7.6184    2.49703     50.763    33.1374    25.8668 -9.990e-29
 192.508391     51.199  34.144719     7.6260    2.50291     50.765    33.1161    25.8490 -9.990e-29
 192.508397     51.179  34.218639     7.6275    2.49182     50.746    33.1943    25.9102 -9.990e-29
 192.508403     51.147  34.276400     7.6182    2.49706     50.714    33.2654    25.9675 -9.990e-29
 192.508409     51.124  34.304755     7.6081    2.49920     50.691    33.3057    26.0005 -9.990e-29
 192.508414     51.115  34.326108     7.6013    2.48954     50.682    33.3352    26.0247 -9.990e-29
 192.508420     51.121  34.352962     7.6042    2.50917     50.688    33.3614    26.0449 -9.990e-29
 192.508426     51.142  34.347179     7.6103    2.49099     50.709    33.3493    26.0345 -9.990e-29
 192.508432     51.176  34.302525     7.6054    2.50286     50.743    33.3058    26.0010 -9.990e-29
 192.508438     51.210  34.275200     7.6016    2.50230     50.776    33.2800    25.9813 -9.990e-29
 192.508443     51.231  34.267400     7.6100    2.49326     50.797    33.2635    25.9671 -9.990e-29
 192.508449     51.232  34.275830     7.6178    2.50943     50.798    33.2652    25.9673 -9.990e-29
 192.508455     51.220  34.334034     7.6148    2.50304     50.786    33.3308    26.0193 -9.990e-29
 192.508461     51.212  34.407410     7.6100    2.49687     50.778    33.4145    26.0858 -9.990e-29
 192.508466     51.217  34.397166     7.5999    2.49785     50.783    33.4132    26.0862 -9.990e-29
 192.508472     51.229  34.347404     7.5879    2.48213     50.795    33.3710    26.0547 -9.990e-29
 192.508478     51.243  34.329458     7.5925    2.49830     50.809    33.3472    26.0354 -9.990e-29
 192.508484     51.249  34.337760     7.6048    2.49642     50.815    33.3444    26.0314 -9.990e-29
 192.508490     51.244  34.367972     7.6153    2.48982     50.810    33.3669    26.0476 -9.990e-29
 192.508495     51.231  34.365060     7.6209    2.50095     50.797    33.3584    26.0401 -9.990e-29
 192.508501     51.224  34.372212     7.6159    2.48851     50.790    33.3709    26.0507 -9.990e-29
 192.508507     51.234  34.407764     7.6059    1.88409     50.800    33.4188    26.0898 -9.990e-29
 192.508513     51.262  34.376531     7.6002    1.50774     50.828    33.3906    26.0684 -9.990e-29
 192.508519     51.297  34.341901     7.6121    1.26009     50.863    33.3418    26.0284 -9.990e-29
 192.508524     51.328  34.362162     7.6358    2.55194     50.893    33.3409    26.0243 -9.990e-29
 192.508530     51.352  34.362823     7.6823    2.49837     50.917    33.2971    25.9832 -9.990e-29
 192.508536     51.373  34.349628     7.8293    2.49667     50.938    33.1428    25.8409 -9.990e-29
 192.508542     51.390  34.340234     8.2515    2.48147     50.955    32.7356    25.4597 -9.990e-29
 192.508547     51.405  34.321342     9.4992    2.48309     50.970    31.5858    24.3688 -9.990e-29
 192.508553     51.418  34.306384    13.2395    2.49853     50.983    28.5328    21.3447 -9.990e-29
 192.508559     51.432  34.295471    20.0178    2.48464     50.996    24.0936    16.4627 -9.990e-29
 192.508565     51.445  34.313234    26.2867    2.49118     51.009    20.9295    12.3751 -9.990e-29
 192.508571     51.456  34.375760    25.2546    2.49491     51.020    21.4463    13.0640 -9.990e-29
 192.508576     51.456  34.453421    17.0526    2.48690     51.020    26.0151    18.6221 -9.990e-29
 192.508582     51.445  34.505715    10.6613    2.49479     51.009    30.7705    23.5429 -9.990e-29
 192.508588     51.432  34.479663     8.6393    2.50351     50.996    32.5234    25.2354 -9.990e-29
 192.508594     51.423  34.389624     7.9653    2.49142     50.987    33.0566    25.7536 -9.990e-29
 192.508600     51.422  34.367039     7.7415    2.49456     50.986    33.2450    25.9338 -9.990e-29
 192.508605     51.430  34.431438     7.6677    2.48407     50.994    33.3849    26.0543 -9.990e-29
 192.508611     51.452  34.439769     7.6449    2.47793     51.016    33.4157    26.0818 -9.990e-29
 192.508617     51.487  34.383539     7.6373    2.48203     51.051    33.3624    26.0410 -9.990e-29
 192.508623     51.527  34.347663     7.6354    2.48804     51.091    33.3256    26.0123 -9.990e-29
 192.508628     51.557  34.313655     7.6333    2.48104     51.120    33.2909    25.9854 -9.990e-29
 192.508634     51.569  34.310523     7.6301    2.49042     51.132    33.2906    25.9856 -9.990e-29
 192.508640     51.565  34.371312     7.6312    2.48844     51.128    33.3551    26.0361 -9.990e-29
 192.508646     51.553  34.383059     7.6305    2.48600     51.116    33.3684    26.0466 -9.990e-29
 192.508652     51.549  34.341822     7.6220    2.49953     51.112    33.3321    26.0193 -9.990e-29
 192.508657     51.557  34.329427     7.6208    2.49517     51.120    33.3199    26.0099 -9.990e-29
 192.508663     51.573  34.318185     7.6314    2.49541     51.136    33.2976    25.9909 -9.990e-29
 192.508669     51.591  34.301634     7.6320    2.49927     51.154    33.2792    25.9763 -9.990e-29
 192.508675     51.593  34.293235     7.6218    2.49053     51.156    33.2799    25.9783 -9.990e-29
 192.508681     51.576  34.278506     7.6195    2.51216     51.139    33.2662    25.9679 -9.990e-29
 192.508686     51.547  34.262084     7.6223    2.49097     51.110    33.2459    25.9515 -9.990e-29
 192.508692     51.514  34.242975     7.6219    2.50013     51.078    33.2257    25.9357 -9.990e-29
 192.508698     51.486  34.233477     7.6219    2.49807     51.050    33.2155    25.9277 -9.990e-29
 192.508704     51.475  34.233952     7.6183    3.02996     51.039    33.2194    25.9313 -9.990e-29
 192.508709     51.484  34.219808     7.6076    2.49015     51.048    33.2144    25.9289 -9.990e-29
 192.508715     51.511  34.211651     7.6004    2.48651     51.075    33.2125    25.9284 -9.990e-29
 192.508721     51.546  34.213318     7.5923    2.50144     51.109    33.2220    25.9370 -9.990e-29
 192.508727     51.590  34.232176     7.5822    2.48831     51.153    33.2520    25.9620 -9.990e-29
 192.508733     51.640  34.263643     7.5888    2.49381     51.203    33.2796    25.9828 -9.990e-29
 192.508738     51.686  34.218702     7.6032    2.49292     51.248    33.2173    25.9318 -9.990e-29
 192.508744     51.715  34.048203     7.6051    2.48619     51.277    33.0318    25.7857 -9.990e-29
 192.508750     51.720  33.608713     7.6025    2.49425     51.282    32.5614    25.4164 -9.990e-29
 192.508756     51.709  32.179908     7.6085    2.49522     51.271    31.0253    24.2089 -9.990e-29
 192.508762     51.696  27.693688     7.6195    2.50238     51.258    26.2778    20.4822 -9.990e-29
 192.508767     51.682  24.340122     7.6252    2.50609     51.244    22.7993    17.7555 -9.990e-29
