data/oxygen options/ONMS/Olympic_Coast_National_Marine_Sanctuary_CTD_Data_2005_2023/raw_data/2007/CTD_TH042_091107faedb.cnv
* Sea-Bird SBE19 Data File:
* FileName = C:\2007_mooring_data\CTD_TH042_091107.hex
* Software Version 1.20
* Temperature SN = 2997
* Conductivity SN = 2997
* System UpLoad Time = Sep 11 2007 12:54:51
* SEACAT PROFILER V3.1c SN 2997   09/11/07  12:53:21.102
* strain gauge pressure sensor: S/N = 184829,  range = 3000 psia,  tc = 40
# nquan = 9
# nvalues = 41                          
# units = specified
# name 0 = timeJ: Julian Days
# name 1 = prSM: Pressure, Strain Gauge [db]
# name 2 = c0mS/cm: Conductivity [mS/cm]
# name 3 = t090C: Temperature [ITS-90, deg C]
# name 4 = oxML/L: Oxygen, Beckman/YSI [ml/l]
# name 5 = depSM: Depth [salt water, m], lat = 47.5
# name 6 = sal00: Salinity, Practical [PSU]
# name 7 = sigma-é00: Density [sigma-theta, kg/m^3]
# name 8 = flag: flag
# span 0 = 254.512564, 254.512980       
# span 1 =      3.000,     43.000       
# span 2 =  34.182010,  37.023025       
# span 3 =     7.3071,    11.4142       
# span 4 =    3.23100,    5.48779       
# span 5 =      2.975,     42.637       
# span 6 =    32.6203,    33.5326       
# span 7 =    24.8490,    26.2203       
# span 8 = 0.0000e+00, 0.0000e+00       
# interval = decibars: 1                
# start_time = Sep 11 2007 12:14:07 [Instrument's time stamp, header]
# bad_flag = -9.990e-29
*END*
 254.512564      3.000  37.023025    11.4142    5.48779      2.975    32.6203    24.8490 0.0000e+00
 254.512584      4.000  36.594168    10.8250    5.23185      3.967    32.7201    25.0311 0.0000e+00
 254.512600      5.000  36.266958    10.3565    5.06878      4.958    32.8134    25.1848 0.0000e+00
 254.512615      6.000  36.015798    10.0150    4.93399      5.950    32.8687    25.2856 0.0000e+00
 254.512628      7.000  35.823379     9.7699    4.88333      6.941    32.8960    25.3475 0.0000e+00
 254.512640      8.000  35.632338     9.4976    4.80464      7.933    32.9495    25.4337 0.0000e+00
 254.512650      9.000  35.441208     9.2438    4.64071      8.925    32.9860    25.5029 0.0000e+00
 254.512661     10.000  35.313841     9.0781    4.50242      9.916    33.0069    25.5456 0.0000e+00
 254.512670     11.000  35.193962     8.8615    4.49080     10.908    33.0831    25.6391 0.0000e+00
 254.512679     12.000  35.010889     8.5763    4.46036     11.899    33.1577    25.7413 0.0000e+00
 254.512688     13.000  34.760505     8.2307    4.35339     12.891    33.2183    25.8408 0.0000e+00
 254.512697     14.000  34.475322     7.8956    4.14933     13.882    33.2320    25.9008 0.0000e+00
 254.512705     15.000  34.290126     7.6710    3.87845     14.875    33.2469    25.9449 0.0000e+00
 254.512713     16.000  34.204439     7.5275    3.60135     15.866    33.2914    26.0002 0.0000e+00
 254.512722     17.000  34.182010     7.4341    3.39861     16.857    33.3565    26.0645 0.0000e+00
 254.512730     18.000  34.202831     7.3872    3.31015     17.849    33.4237    26.1240 0.0000e+00
 254.512738     19.000  34.223817     7.3482    3.28969     18.841    33.4837    26.1767 0.0000e+00
 254.512747     20.000  34.234248     7.3238    3.28812     19.832    33.5182    26.2072 0.0000e+00
 254.512756     21.000  34.236727     7.3144    3.29954     20.824    33.5295    26.2175 0.0000e+00
 254.512764     22.000  34.236834     7.3131    3.31495     21.815    33.5304    26.2184 0.0000e+00
 254.512774     23.000  34.238226     7.3122    3.33171     22.806    33.5323    26.2200 0.0000e+00
 254.512784     24.000  34.238581     7.3118    3.34938     23.798    33.5326    26.2203 0.0000e+00
 254.512793     25.000  34.237846     7.3109    3.34511     24.790    33.5322    26.2201 0.0000e+00
 254.512803     26.000  34.236239     7.3093    3.33081     25.781    33.5315    26.2198 0.0000e+00
 254.512813     27.000  34.234625     7.3081    3.32365     26.772    33.5305    26.2191 0.0000e+00
 254.512821     28.000  34.234216     7.3089    3.33883     27.764    33.5288    26.2177 0.0000e+00
 254.512830     29.000  34.234983     7.3109    3.32569     28.756    33.5271    26.2162 0.0000e+00
 254.512839     30.000  34.234573     7.3116    3.31277     29.747    33.5255    26.2148 0.0000e+00
 254.512848     31.000  34.233382     7.3088    3.31006     30.739    33.5265    26.2160 0.0000e+00
 254.512857     32.000  34.233608     7.3074    3.31208     31.731    33.5276    26.2171 0.0000e+00
 254.512866     33.000  34.234339     7.3071    3.31496     32.722    33.5282    26.2176 0.0000e+00
 254.512876     34.000  34.234926     7.3074    3.29937     33.713    33.5281    26.2175 0.0000e+00
 254.512886     35.000  34.235128     7.3076    3.29576     34.705    33.5276    26.2171 0.0000e+00
 254.512895     36.000  34.235438     7.3075    3.28960     35.697    33.5276    26.2171 0.0000e+00
 254.512905     37.000  34.236156     7.3072    3.27108     36.688    33.5281    26.2176 0.0000e+00
 254.512915     38.000  34.237527     7.3075    3.25793     37.680    33.5289    26.2181 0.0000e+00
 254.512924     39.000  34.238545     7.3077    3.26607     38.671    33.5293    26.2185 0.0000e+00
 254.512935     40.000  34.239005     7.3076    3.26710     39.662    33.5294    26.2186 0.0000e+00
 254.512946     41.000  34.238344     7.3078    3.26940     40.654    33.5280    26.2174 0.0000e+00
 254.512959     42.000  34.235972     7.3086    3.26056     41.645    33.5242    26.2144 0.0000e+00
 254.512980     43.000  34.205538     7.3123    3.23100     42.637    33.4871    26.1846 0.0000e+00
