data/oxygen options/ONMS/Olympic_Coast_National_Marine_Sanctuary_CTD_Data_2005_2023/raw_data/2007/CTD_TH065_053007faed.cnv
* Sea-Bird SBE19 Data File:
* FileName = C:\2007_mooring_data\CTD_TH065_053007.hex
* Software Version 1.1.6
* Temperature SN = 2997
* Conductivity SN = 2997
* System UpLoad Time = May 30 2007 11:03:43
* SEACAT PROFILER V3.1c SN 2997   05/30/07  11:02:50.482
* strain gauge pressure sensor: S/N = 184829,  range = 3000 psia,  tc = 40
# nquan = 9                                 
# nvalues = 2183                        
# units = specified
# name 0 = timeJ: Julian Days
# name 1 = prSM: Pressure, Strain Gauge [db]
# name 2 = c0mS/cm: Conductivity [mS/cm]
# name 3 = t090C: Temperature [ITS-90, deg C]
# name 4 = oxML/L: Oxygen, Beckman/YSI [ml/l]
# name 5 = depSM: Depth [salt water, m], lat = 47.5
# name 6 = sal00: Salinity, Practical [PSU]
# name 7 = sigma-é00: Density [sigma-theta, kg/m^3]
# name 8 = flag: flag
# span 0 = 150.428947, 150.441574       
# span 1 =     -5.519,     62.343       
# span 2 =   0.137287,  35.930947       
# span 3 =     6.8166,    12.8591       
# span 4 =  -12.97934,   35.55036       
# span 5 =     -5.473,     61.813       
# span 6 =     0.0860,    33.7893       
# span 7 =    -0.5363,    26.4905       
# span 8 = 0.0000e+00, 0.0000e+00       
# interval = seconds: 0.5
# start_time = May 30 2007 10:17:41 [Instrument's time stamp, header]
# bad_flag = -9.990e-29
*END*
[from data line 1761]
 150.439138     10.730  34.564940     9.3177    6.55512     10.640    32.0143    24.7316 -9.990e-29
 150.439144     10.722  34.565614     9.3182    6.54863     10.632    32.0145    24.7317 -9.990e-29
 150.439149     10.710  34.569242     9.3203    6.54736     10.620    32.0164    24.7328 -9.990e-29
 150.439155     10.698  34.573376     9.3239    6.51722     10.608    32.0174    24.7330 -9.990e-29
 150.439161     10.683  34.577928     9.3291    6.51452     10.594    32.0174    24.7322 -9.990e-29
 150.439167     10.665  34.584488     9.3362    6.52160     10.576    32.0178    24.7314 -9.990e-29
 150.439172     10.644  34.590034     9.3439    6.52951     10.555    32.0166    24.7293 -9.990e-29
 150.439178     10.622  34.591317     9.3501    6.53491     10.533    32.0124    24.7250 -9.990e-29
 150.439184     10.602  34.592294     9.3544    6.52173     10.513    32.0096    24.7221 -9.990e-29
 150.439190     10.591  34.593713     9.3540    6.51035     10.502    32.0114    24.7236 -9.990e-29
 150.439196     10.597  34.581218     9.3479    6.52541     10.508    32.0040    24.7188 -9.990e-29
 150.439201     10.603  34.563376     9.3405    6.53748     10.514    31.9923    24.7108 -9.990e-29
 150.439207     10.593  34.562925     9.3334    6.52888     10.504    31.9982    24.7165 -9.990e-29
 150.439213     10.575  34.567495     9.3282    6.51544     10.486    32.0075    24.7247 -9.990e-29
 150.439219     10.559  34.568608     9.3225    6.48750     10.471    32.0138    24.7305 -9.990e-29
 150.439225     10.550  34.565510     9.3115    6.48693     10.462    32.0205    24.7374 -9.990e-29
 150.439230     10.548  34.552953     9.3016    6.49104     10.460    32.0164    24.7358 -9.990e-29
 150.439236     10.551  34.544466     9.2960    6.48634     10.463    32.0127    24.7338 -9.990e-29
 150.439242     10.559  34.543869     9.2862    6.49279     10.471    32.0209    24.7417 -9.990e-29
 150.439248     10.575  34.537476     9.2682    6.48483     10.486    32.0304    24.7520 -9.990e-29
 150.439253     10.597  34.520688     9.2503    6.49193     10.508    32.0292    24.7538 -9.990e-29
 150.439259     10.625  34.503637     9.2414    6.49840     10.536    32.0196    24.7477 -9.990e-29
 150.439265     10.646  34.496096     9.2415    6.49774     10.557    32.0117    24.7416 -9.990e-29
 150.439271     10.657  34.498662     9.2451    6.50350     10.568    32.0111    24.7406 -9.990e-29
 150.439277     10.669  34.505227     9.2467    6.51759     10.580    32.0165    24.7445 -9.990e-29
 150.439282     10.677  34.508858     9.2446    6.52033     10.588    32.0221    24.7492 -9.990e-29
 150.439288     10.669  34.506553     9.2416    6.53052     10.580    32.0224    24.7499 -9.990e-29
 150.439294     10.640  34.500287     9.2412    6.52522     10.551    32.0163    24.7452 -9.990e-29
 150.439300     10.588  34.497962     9.2429    6.51393     10.499    32.0124    24.7419 -9.990e-29
 150.439306     10.519  34.501526     9.2450    6.50015     10.431    32.0142    24.7430 -9.990e-29
 150.439311     10.454  34.506207     9.2501    6.50206     10.366    32.0145    24.7424 -9.990e-29
 150.439317     10.415  34.513767     9.2562    6.51507     10.328    32.0169    24.7433 -9.990e-29
 150.439323     10.407  34.522522     9.2598    6.54414     10.320    32.0226    24.7472 -9.990e-29
 150.439329     10.422  34.526777     9.2637    6.55713     10.335    32.0235    24.7473 -9.990e-29
 150.439334     10.442  34.528285     9.2671    6.53557     10.355    32.0220    24.7456 -9.990e-29
 150.439340     10.458  34.527379     9.2703    6.52287     10.370    32.0182    24.7421 -9.990e-29
 150.439346     10.461  34.526215     9.2799    6.52078     10.373    32.0084    24.7329 -9.990e-29
 150.439352     10.451  34.532216     9.2966    6.52342     10.364    31.9996    24.7235 -9.990e-29
 150.439358     10.441  34.545539     9.3130    6.52877     10.354    31.9986    24.7201 -9.990e-29
 150.439363     10.443  34.559291     9.3205    6.51718     10.356    32.0061    24.7247 -9.990e-29
 150.439369     10.457  34.562667     9.3158    6.50834     10.369    32.0137    24.7315 -9.990e-29
 150.439375     10.475  34.548405     9.3060    6.51396     10.387    32.0078    24.7284 -9.990e-29
 150.439381     10.490  34.531125     9.2998    6.51896     10.402    31.9956    24.7198 -9.990e-29
 150.439387     10.498  34.527586     9.2970    6.53477     10.410    31.9945    24.7194 -9.990e-29
 150.439392     10.505  34.533820     9.2948    6.53835     10.417    32.0029    24.7263 -9.990e-29
 150.439398     10.511  34.540764     9.2911    6.54119     10.423    32.0133    24.7350 -9.990e-29
 150.439404     10.507  34.540485     9.2880    6.53067     10.419    32.0158    24.7375 -9.990e-29
 150.439410     10.489  34.537086     9.2907    6.51789     10.401    32.0099    24.7324 -9.990e-29
 150.439416     10.456  34.543031     9.2995    6.51629     10.368    32.0081    24.7297 -9.990e-29
 150.439421     10.410  34.553351     9.3103    6.51450     10.323    32.0091    24.7287 -9.990e-29
 150.439427     10.366  34.560499     9.3177    6.51347     10.279    32.0098    24.7281 -9.990e-29
 150.439433     10.342  34.565596     9.3163    6.51463     10.255    32.0164    24.7334 -9.990e-29
 150.439439     10.340  34.563666     9.3064    6.50741     10.253    32.0232    24.7404 -9.990e-29
 150.439444     10.352  34.550450     9.2951    6.50500     10.265    32.0198    24.7394 -9.990e-29
 150.439450     10.370  34.534104     9.2886    6.50770     10.283    32.0088    24.7319 -9.990e-29
 150.439456     10.388  34.525338     9.2856    6.51810     10.301    32.0024    24.7274 -9.990e-29
 150.439462     10.405  34.525346     9.2817    6.52343     10.318    32.0059    24.7307 -9.990e-29
 150.439468     10.431  34.527967     9.2772    6.52892     10.344    32.0126    24.7367 -9.990e-29
 150.439473     10.469  34.529405     9.2750    6.52900     10.381    32.0161    24.7397 -9.990e-29
 150.439479     10.507  34.530450     9.2752    6.53235     10.419    32.0170    24.7404 -9.990e-29
 150.439485     10.532  34.531925     9.2768    6.53291     10.444    32.0170    24.7402 -9.990e-29
 150.439491     10.536  34.534671     9.2808    6.53906     10.448    32.0163    24.7390 -9.990e-29
 150.439497     10.523  34.539539     9.2869    6.53410     10.435    32.0158    24.7376 -9.990e-29
 150.439502     10.498  34.546291     9.2921    6.52866     10.410    32.0181    24.7386 -9.990e-29
 150.439508     10.462  34.551591     9.2943    6.53269     10.374    32.0216    24.7410 -9.990e-29
 150.439514     10.418  34.551294     9.2947    6.52367     10.331    32.0210    24.7404 -9.990e-29
 150.439520     10.363  34.548923     9.2954    6.51735     10.276    32.0179    24.7379 -9.990e-29
 150.439525     10.306  34.549718     9.2967    6.50588     10.220    32.0176    24.7375 -9.990e-29
 150.439531     10.265  34.551373     9.2978    6.51623     10.179    32.0183    24.7379 -9.990e-29
 150.439537     10.251  34.552167     9.2971    6.53173     10.165    32.0198    24.7391 -9.990e-29
 150.439543     10.262  34.550912     9.2920    6.54600     10.176    32.0231    24.7425 -9.990e-29
 150.439549     10.286  34.544248     9.2847    6.53971     10.200    32.0227    24.7434 -9.990e-29
 150.439554     10.312  34.535614     9.2805    6.52895     10.226    32.0176    24.7400 -9.990e-29
 150.439560     10.333  34.531988     9.2807    6.52342     10.247    32.0137    24.7369 -9.990e-29
 150.439566     10.351  34.534694     9.2842    6.52550     10.264    32.0133    24.7361 -9.990e-29
 150.439572     10.375  34.541728     9.2900    6.52236     10.288    32.0154    24.7368 -9.990e-29
 150.439578     10.407  34.550694     9.2957    6.52809     10.320    32.0195    24.7391 -9.990e-29
 150.439583     10.439  34.559527     9.2998    6.53425     10.352    32.0249    24.7427 -9.990e-29
 150.439589     10.466  34.567110     9.3027    6.52731     10.378    32.0300    24.7463 -9.990e-29
 150.439595     10.486  34.572339     9.3064    6.54389     10.398    32.0321    24.7473 -9.990e-29
 150.439601     10.502  34.574892     9.3104    6.54780     10.414    32.0311    24.7459 -9.990e-29
 150.439606     10.513  34.574244     9.3130    6.54597     10.425    32.0281    24.7432 -9.990e-29
 150.439612     10.507  34.571210     9.3164    6.52213     10.419    32.0220    24.7378 -9.990e-29
 150.439618     10.482  34.570706     9.3222    6.51669     10.394    32.0163    24.7324 -9.990e-29
 150.439624     10.450  34.573738     9.3272    6.51457     10.363    32.0149    24.7306 -9.990e-29
 150.439630     10.427  34.575935     9.3299    6.52860     10.340    32.0148    24.7300 -9.990e-29
 150.439635     10.418  34.577420     9.3315    6.54464     10.331    32.0149    24.7299 -9.990e-29
 150.439641     10.424  34.578489     9.3308    6.53525     10.337    32.0166    24.7313 -9.990e-29
 150.439647     10.442  34.574395     9.3283    6.53246     10.355    32.0146    24.7302 -9.990e-29
 150.439653     10.462  34.566401     9.3279    6.52695     10.374    32.0067    24.7241 -9.990e-29
 150.439659     10.483  34.564583     9.3315    6.51155     10.395    32.0016    24.7195 -9.990e-29
 150.439664     10.505  34.572677     9.3368    6.51396     10.417    32.0052    24.7215 -9.990e-29
 150.439670     10.526  34.581851     9.3398    6.52420     10.438    32.0119    24.7263 -9.990e-29
 150.439676     10.539  34.580788     9.3377    6.52963     10.451    32.0127    24.7272 -9.990e-29
 150.439682     10.540  34.572552     9.3281    6.53084     10.452    32.0128    24.7288 -9.990e-29
 150.439687     10.529  34.566334     9.3108    6.51587     10.441    32.0220    24.7387 -9.990e-29
 150.439693     10.509  34.558884     9.2942    6.50790     10.421    32.0292    24.7469 -9.990e-29
 150.439699     10.493  34.549229     9.2863    6.50725     10.405    32.0263    24.7460 -9.990e-29
 150.439705     10.488  34.544666     9.2872    6.50555     10.400    32.0208    24.7415 -9.990e-29
 150.439711     10.489  34.548072     9.2904    6.51304     10.401    32.0215    24.7415 -9.990e-29
 150.439716     10.488  34.552211     9.2899    6.52024     10.400    32.0262    24.7453 -9.990e-29
 150.439722     10.477  34.550825     9.2863    6.52602     10.389    32.0280    24.7472 -9.990e-29
 150.439728     10.453  34.546546     9.2812    6.51552     10.365    32.0282    24.7482 -9.990e-29
 150.439734     10.430  34.541511     9.2735    6.50453     10.343    32.0299    24.7508 -9.990e-29
 150.439740     10.417  34.534046     9.2652    6.49805     10.330    32.0297    24.7519 -9.990e-29
 150.439745     10.419  34.525963     9.2636    6.49312     10.332    32.0228    24.7467 -9.990e-29
 150.439751     10.436  34.525536     9.2694    6.50240     10.349    32.0171    24.7414 -9.990e-29
 150.439757     10.464  34.531628     9.2749    6.50754     10.376    32.0185    24.7416 -9.990e-29
 150.439763     10.497  34.533857     9.2759    6.50907     10.409    32.0198    24.7425 -9.990e-29
 150.439769     10.528  34.531269     9.2737    6.51999     10.440    32.0191    24.7423 -9.990e-29
 150.439774     10.551  34.528256     9.2702    6.50735     10.463    32.0192    24.7429 -9.990e-29
 150.439780     10.563  34.525839     9.2664    6.50250     10.475    32.0201    24.7442 -9.990e-29
 150.439786     10.565  34.523592     9.2626    6.49891     10.477    32.0212    24.7456 -9.990e-29
 150.439792     10.556  34.521315     9.2598    6.49614     10.468    32.0213    24.7462 -9.990e-29
 150.439797     10.537  34.519891     9.2577    6.49661     10.449    32.0218    24.7469 -9.990e-29
 150.439803     10.510  34.519096     9.2544    6.50898     10.422    32.0239    24.7491 -9.990e-29
 150.439809     10.482  34.517304     9.2506    6.51963     10.394    32.0255    24.7509 -9.990e-29
 150.439815     10.455  34.514922     9.2492    6.52829     10.367    32.0243    24.7502 -9.990e-29
 150.439821     10.433  34.513255     9.2503    6.53693     10.346    32.0216    24.7479 -9.990e-29
 150.439826     10.422  34.513436     9.2526    6.53047     10.335    32.0197    24.7461 -9.990e-29
 150.439832     10.421  34.516263     9.2574    6.52437     10.334    32.0183    24.7443 -9.990e-29
 150.439838     10.427  34.522697     9.2676    6.52964     10.340    32.0158    24.7407 -9.990e-29
 150.439844     10.444  34.533463     9.2809    6.52592     10.357    32.0150    24.7379 -9.990e-29
 150.439850     10.472  34.544414     9.2907    6.52551     10.384    32.0174    24.7383 -9.990e-29
 150.439855     10.498  34.551089     9.2964    6.51625     10.410    32.0192    24.7388 -9.990e-29
 150.439861     10.505  34.553977     9.3012    6.51180     10.417    32.0179    24.7370 -9.990e-29
 150.439867     10.493  34.555243     9.3047    6.52121     10.405    32.0160    24.7350 -9.990e-29
 150.439873     10.475  34.556009     9.3054    6.52414     10.387    32.0162    24.7350 -9.990e-29
 150.439878     10.467  34.555611     9.3037    6.51799     10.379    32.0173    24.7362 -9.990e-29
 150.439884     10.473  34.553515     9.3001    6.50799     10.385    32.0184    24.7376 -9.990e-29
 150.439890     10.483  34.549164     9.2953    6.50169     10.395    32.0182    24.7382 -9.990e-29
 150.439896     10.496  34.541234     9.2915    6.51055     10.408    32.0134    24.7351 -9.990e-29
 150.439902     10.511  34.535401     9.2897    6.50953     10.423    32.0091    24.7319 -9.990e-29
 150.439907     10.529  34.537334     9.2877    6.52046     10.441    32.0128    24.7352 -9.990e-29
 150.439913     10.548  34.540075     9.2839    6.52230     10.460    32.0190    24.7406 -9.990e-29
 150.439919     10.564  34.538303     9.2798    6.51933     10.476    32.0209    24.7427 -9.990e-29
 150.439925     10.582  34.535819     9.2790    6.52103     10.493    32.0190    24.7414 -9.990e-29
 150.439931     10.604  34.539392     9.2820    6.51772     10.515    32.0200    24.7417 -9.990e-29
 150.439936     10.622  34.547616     9.2864    6.50997     10.533    32.0245    24.7445 -9.990e-29
 150.439942     10.630  34.549588     9.2915    6.50859     10.541    32.0220    24.7417 -9.990e-29
 150.439948     10.623  34.546251     9.2953    6.51327     10.534    32.0151    24.7358 -9.990e-29
 150.439954     10.605  34.545482     9.2952    6.50956     10.516    32.0145    24.7353 -9.990e-29
 150.439959     10.588  34.545691     9.2916    6.51066     10.499    32.0179    24.7385 -9.990e-29
 150.439965     10.584  34.543228     9.2865    6.51638     10.495    32.0199    24.7409 -9.990e-29
 150.439971     10.592  34.539290     9.2828    6.52267     10.503    32.0192    24.7409 -9.990e-29
 150.439977     10.608  34.537027     9.2811    6.53398     10.519    32.0184    24.7406 -9.990e-29
 150.439983     10.630  34.537899     9.2807    6.53165     10.541    32.0196    24.7416 -9.990e-29
 150.439988     10.650  34.540821     9.2824    6.52538     10.561    32.0211    24.7425 -9.990e-29
 150.439994     10.661  34.542957     9.2866    6.51839     10.572    32.0195    24.7406 -9.990e-29
 150.440000     10.655  34.544346     9.2921    6.52063     10.566    32.0160    24.7370 -9.990e-29
 150.440006     10.636  34.547396     9.2972    6.53043     10.547    32.0146    24.7351 -9.990e-29
 150.440012     10.616  34.551686     9.3014    6.53885     10.527    32.0153    24.7349 -9.990e-29
 150.440017     10.592  34.555644     9.3048    6.55328     10.503    32.0163    24.7352 -9.990e-29
 150.440023     10.565  34.557817     9.3078    6.55762     10.477    32.0159    24.7344 -9.990e-29
 150.440029     10.540  34.558853     9.3121    6.55243     10.452    32.0131    24.7315 -9.990e-29
 150.440035     10.525  34.562372     9.3202    6.55143     10.437    32.0095    24.7274 -9.990e-29
 150.440041     10.526  34.571381     9.3312    6.54681     10.438    32.0089    24.7252 -9.990e-29
 150.440046     10.546  34.582753     9.3410    6.54332     10.458    32.0118    24.7260 -9.990e-29
 150.440052     10.575  34.590346     9.3473    6.54069     10.486    32.0139    24.7266 -9.990e-29
