data/oxygen options/ONMS/Olympic_Coast_National_Marine_Sanctuary_CTD_Data_2005_2023/raw_data/2007/CTD_TH042_071207faed.cnv
* Sea-Bird SBE19 Data File:
* FileName = C:\2007_mooring_data\CTD_TH042_071207.hex
* Software Version 1.1.6
* Temperature SN = 2997
* Conductivity SN = 2997
* System UpLoad Time = Jul 12 2007 12:15:29
* SEACAT PROFILER V3.1c SN 2997   07/12/07  12:14:59.958
* strain gauge pressure sensor: S/N = 184829,  range = 3000 psia,  tc = 40
# nquan = 9                                 
# nvalues = 1763                        
# units = specified
# name 0 = timeJ: Julian Days
# name 1 = prSM: Pressure, Strain Gauge [db]
# name 2 = c0mS/cm: Conductivity [mS/cm]
# name 3 = t090C: Temperature [ITS-90, deg C]
# name 4 = oxML/L: Oxygen, Beckman/YSI [ml/l]
# name 5 = depSM: Depth [salt water, m], lat = 47.5
# name 6 = sal00: Salinity, Practical [PSU]
# name 7 = sigma-é00: Density [sigma-theta, kg/m^3]
# name 8 = flag: flag
# span 0 = 193.488854, 193.499051       
# span 1 =     -5.169,     42.323       
# span 2 =   2.094299,  37.100652       
# span 3 =     7.1189,    12.5240       
# span 4 =   -0.06232,   35.16598       
# span 5 =     -5.126,     41.965       
# span 6 =     1.5575,    33.6682       
# span 7 =     0.8074,    26.3531       
# span 8 = 0.0000e+00, 0.0000e+00       
# interval = seconds: 0.5
# start_time = Jul 12 2007 11:43:57 [Instrument's time stamp, header]
# bad_flag = -9.990e-29
*END*
[from data line 161]
 193.489786     -0.676  36.729929    11.0510    7.16958     -0.670    32.6552    24.9410 -9.990e-29
 193.489792     -0.661  36.735563    11.0526    7.15316     -0.655    32.6593    24.9439 -9.990e-29
 193.489797     -0.632  36.728062    11.0450    7.13896     -0.627    32.6587    24.9448 -9.990e-29
 193.489803     -0.598  36.716491    11.0358    7.13222     -0.593    32.6554    24.9438 -9.990e-29
 193.489809     -0.572  36.711771    11.0295    7.12706     -0.567    32.6563    24.9457 -9.990e-29
 193.489815     -0.562  36.712653    11.0231    7.13875     -0.557    32.6629    24.9519 -9.990e-29
 193.489821     -0.562  36.711341    11.0132    7.15337     -0.557    32.6704    24.9595 -9.990e-29
 193.489826     -0.557  36.703843    11.0028    7.15059     -0.552    32.6722    24.9628 -9.990e-29
 193.489832     -0.536  36.694738    10.9981    7.15077     -0.532    32.6674    24.9598 -9.990e-29
 193.489838     -0.512  36.692068    10.9984    7.16052     -0.508    32.6644    24.9575 -9.990e-29
 193.489844     -0.491  36.693951    10.9991    7.17088     -0.487    32.6657    24.9583 -9.990e-29
 193.489850     -0.472  36.695610    11.0013    7.17598     -0.468    32.6653    24.9577 -9.990e-29
 193.489855     -0.453  36.700940    11.0044    7.17877     -0.449    32.6679    24.9591 -9.990e-29
 193.489861     -0.439  36.706958    11.0042    7.18504     -0.435    32.6740    24.9639 -9.990e-29
 193.489867     -0.432  36.705430    11.0035    7.19925     -0.428    32.6731    24.9633 -9.990e-29
 193.489873     -0.428  36.703290    11.0098    7.20768     -0.424    32.6654    24.9562 -9.990e-29
 193.489878     -0.417  36.709457    11.0234    7.21349     -0.414    32.6594    24.9491 -9.990e-29
 193.489884     -0.399  36.719821    11.0356    7.20319     -0.396    32.6588    24.9465 -9.990e-29
 193.489890     -0.382  36.725216    11.0395    7.19098     -0.379    32.6606    24.9473 -9.990e-29
 193.489896     -0.369  36.725551    11.0378    7.19043     -0.366    32.6625    24.9490 -9.990e-29
 193.489902     -0.358  36.726320    11.0370    7.20836     -0.355    32.6639    24.9503 -9.990e-29
 193.489907     -0.349  36.727987    11.0387    7.22783     -0.346    32.6641    24.9501 -9.990e-29
 193.489913     -0.343  36.729412    11.0405    7.24004     -0.340    32.6639    24.9496 -9.990e-29
 193.489919     -0.337  36.730812    11.0412    7.24789     -0.334    32.6646    24.9501 -9.990e-29
 193.489925     -0.332  36.731812    11.0421    7.25971     -0.329    32.6648    24.9501 -9.990e-29
 193.489931     -0.328  36.733748    11.0483    7.26931     -0.325    32.6612    24.9462 -9.990e-29
 193.489936     -0.319  36.743127    11.0637    7.27796     -0.316    32.6568    24.9400 -9.990e-29
 193.489942     -0.302  36.761240    11.0817    7.28056     -0.299    32.6587    24.9383 -9.990e-29
 193.489948     -0.283  36.776919    11.0913    7.27846     -0.281    32.6656    24.9420 -9.990e-29
 193.489954     -0.275  36.781360    11.0927    7.25619     -0.273    32.6688    24.9442 -9.990e-29
 193.489959     -0.276  36.777684    11.0927    7.22602     -0.274    32.6652    24.9414 -9.990e-29
 193.489965     -0.279  36.773325    11.0940    7.21268     -0.277    32.6597    24.9369 -9.990e-29
 193.489971     -0.278  36.770883    11.0953    7.19370     -0.276    32.6561    24.9339 -9.990e-29
 193.489977     -0.275  36.768221    11.0953    7.17078     -0.273    32.6535    24.9318 -9.990e-29
 193.489983     -0.268  36.765155    11.0932    7.15159     -0.266    32.6523    24.9313 -9.990e-29
 193.489988     -0.258  36.760964    11.0859    7.11165     -0.256    32.6547    24.9344 -9.990e-29
 193.489994     -0.243  36.748938    11.0717    7.09351     -0.241    32.6554    24.9375 -9.990e-29
 193.490000     -0.228  36.729861    11.0575    7.05746     -0.226    32.6491    24.9352 -9.990e-29
 193.490006     -0.216  36.719223    11.0489    7.03505     -0.214    32.6463    24.9344 -9.990e-29
 193.490012     -0.205  36.718536    11.0413    7.03788     -0.203    32.6523    24.9405 -9.990e-29
 193.490017     -0.195  36.710063    11.0320    7.03276     -0.193    32.6522    24.9421 -9.990e-29
 193.490023     -0.185  36.694279    11.0260    7.04114     -0.183    32.6419    24.9351 -9.990e-29
 193.490029     -0.175  36.678168    11.0217    7.04036     -0.174    32.6298    24.9264 -9.990e-29
 193.490035     -0.159  36.660431    11.0068    7.03993     -0.158    32.6255    24.9257 -9.990e-29
 193.490041     -0.138  36.646572    10.9799    7.07062     -0.137    32.6357    24.9384 -9.990e-29
 193.490046     -0.117  36.641100    10.9580    7.08277     -0.116    32.6497    24.9532 -9.990e-29
 193.490052     -0.101  36.646247    10.9510    7.09830     -0.100    32.6611    24.9632 -9.990e-29
 193.490058     -0.087  36.656537    10.9529    7.09444     -0.086    32.6696    24.9695 -9.990e-29
 193.490064     -0.076  36.663260    10.9531    7.07216     -0.075    32.6761    24.9745 -9.990e-29
 193.490069     -0.065  36.658561    10.9507    7.09557     -0.064    32.6735    24.9730 -9.990e-29
 193.490075     -0.056  36.650193    10.9550    7.09706     -0.056    32.6614    24.9628 -9.990e-29
 193.490081     -0.047  36.656152    10.9655    7.11497     -0.047    32.6580    24.9583 -9.990e-29
 193.490087     -0.037  36.669245    10.9736    7.10070     -0.037    32.6637    24.9613 -9.990e-29
 193.490093     -0.025  36.677217    10.9779    7.04150     -0.025    32.6678    24.9637 -9.990e-29
 193.490098     -0.012  36.669957    10.9800    7.02047     -0.012    32.6587    24.9563 -9.990e-29
 193.490104     -0.001  36.656288    10.9812    7.01280     -0.001    32.6441    24.9447 -9.990e-29
 193.490110      0.005  36.660031    10.9813    6.97289      0.005    32.6477    24.9475 -9.990e-29
 193.490116      0.011  36.669920    10.9800    6.95231      0.011    32.6587    24.9563 -9.990e-29
 193.490122      0.021  36.669990    10.9751    6.94047      0.021    32.6631    24.9606 -9.990e-29
 193.490127      0.036  36.646317    10.9652    6.95415      0.036    32.6484    24.9509 -9.990e-29
 193.490133      0.052  36.598173    10.9571    6.99501      0.052    32.6079    24.9208 -9.990e-29
 193.490139      0.067  36.571810    10.9552    7.03144      0.066    32.5835    24.9021 -9.990e-29
 193.490145      0.081  36.583652    10.9511    7.05568      0.080    32.5989    24.9148 -9.990e-29
 193.490150      0.091  36.596226    10.9391    7.09373      0.090    32.6220    24.9349 -9.990e-29
 193.490156      0.097  36.596025    10.9286    7.11901      0.096    32.6311    24.9439 -9.990e-29
 193.490162      0.104  36.602964    10.9288    7.12880      0.103    32.6378    24.9491 -9.990e-29
 193.490168      0.104  36.621808    10.9341    7.10002      0.103    32.6518    24.9590 -9.990e-29
 193.490174      0.092  36.642921    10.9377    7.07818      0.091    32.6695    24.9722 -9.990e-29
 193.490179      0.082  36.659698    10.9411    7.08585      0.081    32.6831    24.9822 -9.990e-29
 193.490185      0.080  36.667040    10.9457    7.07134      0.079    32.6863    24.9838 -9.990e-29
 193.490191      0.086  36.666889    10.9518    7.05783      0.085    32.6807    24.9784 -9.990e-29
 193.490197      0.102  36.663529    10.9537    7.04783      0.101    32.6757    24.9742 -9.990e-29
 193.490203      0.123  36.652481    10.9456    7.03991      0.122    32.6720    24.9727 -9.990e-29
 193.490208      0.143  36.627428    10.9387    7.06319      0.142    32.6533    24.9593 -9.990e-29
 193.490214      0.154  36.612147    10.9458    7.08208      0.153    32.6318    24.9414 -9.990e-29
 193.490220      0.152  36.627748    10.9596    7.10455      0.151    32.6350    24.9414 -9.990e-29
 193.490226      0.146  36.649059    10.9665    7.11371      0.145    32.6500    24.9519 -9.990e-29
 193.490231      0.149  36.655162    10.9648    7.11538      0.148    32.6575    24.9580 -9.990e-29
 193.490237      0.161  36.650838    10.9616    7.11508      0.160    32.6561    24.9575 -9.990e-29
 193.490243      0.173  36.646580    10.9635    7.10891      0.172    32.6502    24.9526 -9.990e-29
 193.490249      0.183  36.649045    10.9695    7.10669      0.181    32.6473    24.9492 -9.990e-29
 193.490255      0.191  36.657032    10.9735    7.09234      0.189    32.6516    24.9519 -9.990e-29
 193.490260      0.201  36.668297    10.9744    7.10814      0.199    32.6620    24.9598 -9.990e-29
 193.490266      0.219  36.678241    10.9741    7.11902      0.217    32.6721    24.9677 -9.990e-29
 193.490272      0.242  36.680875    10.9737    7.12965      0.240    32.6750    24.9701 -9.990e-29
 193.490278      0.262  36.676909    10.9734    7.14243      0.260    32.6714    24.9673 -9.990e-29
 193.490284      0.272  36.669274    10.9734    7.13484      0.270    32.6638    24.9614 -9.990e-29
 193.490289      0.273  36.657318    10.9771    7.15818      0.271    32.6486    24.9490 -9.990e-29
 193.490295      0.270  36.651262    10.9895    7.17391      0.268    32.6316    24.9335 -9.990e-29
 193.490301      0.261  36.664334    11.0086    7.16958      0.259    32.6276    24.9270 -9.990e-29
 193.490307      0.254  36.686488    11.0244    7.17296      0.252    32.6355    24.9304 -9.990e-29
 193.490312      0.259  36.703538    11.0310    7.19096      0.257    32.6465    24.9378 -9.990e-29
 193.490318      0.271  36.710749    11.0315    7.19579      0.269    32.6531    24.9429 -9.990e-29
 193.490324      0.283  36.704842    11.0317    7.17975      0.281    32.6471    24.9382 -9.990e-29
 193.490330      0.286  36.698681    11.0319    7.14773      0.284    32.6408    24.9332 -9.990e-29
 193.490336      0.280  36.703672    11.0283    7.11948      0.278    32.6490    24.9402 -9.990e-29
 193.490341      0.275  36.707407    11.0242    7.10649      0.273    32.6563    24.9467 -9.990e-29
 193.490347      0.273  36.705896    11.0254    7.07611      0.271    32.6538    24.9444 -9.990e-29
 193.490353      0.275  36.707773    11.0264    7.05249      0.273    32.6547    24.9450 -9.990e-29
 193.490359      0.281  36.708811    11.0128    7.05421      0.279    32.6679    24.9576 -9.990e-29
 193.490365      0.291  36.691893    10.9835    7.06645      0.289    32.6772    24.9701 -9.990e-29
 193.490370      0.305  36.657447    10.9599    7.08895      0.302    32.6641    24.9640 -9.990e-29
 193.490376      0.321  36.636348    10.9570    7.11113      0.318    32.6457    24.9503 -9.990e-29
 193.490382      0.332  36.639137    10.9646    7.07778      0.329    32.6417    24.9458 -9.990e-29
 193.490388      0.336  36.648783    10.9682    7.04606      0.333    32.6481    24.9501 -9.990e-29
 193.490394      0.340  36.659084    10.9697    7.06450      0.337    32.6570    24.9568 -9.990e-29
 193.490399      0.343  36.669200    10.9783    7.05906      0.340    32.6593    24.9571 -9.990e-29
 193.490405      0.350  36.676921    10.9928    7.06236      0.347    32.6541    24.9504 -9.990e-29
 193.490411      0.365  36.681887    11.0038    7.07055      0.362    32.6492    24.9447 -9.990e-29
 193.490417      0.390  36.675023    11.0038    7.08143      0.387    32.6424    24.9394 -9.990e-29
 193.490422      0.418  36.639329    10.9973    7.12395      0.415    32.6128    24.9175 -9.990e-29
 193.490428      0.432  36.604019    10.9966    7.16872      0.428    32.5785    24.8909 -9.990e-29
 193.490434      0.431  36.617876    11.0029    7.19014      0.427    32.5866    24.8961 -9.990e-29
 193.490440      0.422  36.656203    11.0082    7.18369      0.418    32.6198    24.9211 -9.990e-29
 193.490446      0.413  36.679843    11.0104    7.14776      0.410    32.6413    24.9374 -9.990e-29
 193.490451      0.408  36.690042    11.0118    7.10312      0.405    32.6501    24.9440 -9.990e-29
 193.490457      0.402  36.694794    11.0148    7.10028      0.399    32.6522    24.9451 -9.990e-29
 193.490463      0.392  36.699309    11.0205    7.09945      0.389    32.6516    24.9436 -9.990e-29
 193.490469      0.379  36.704002    11.0251    7.10829      0.376    32.6521    24.9432 -9.990e-29
 193.490475      0.373  36.706159    11.0205    7.11374      0.370    32.6583    24.9489 -9.990e-29
 193.490480      0.377  36.696322    11.0017    7.07708      0.374    32.6653    24.9576 -9.990e-29
 193.490486      0.386  36.657449    10.9847    7.11530      0.383    32.6420    24.9424 -9.990e-29
 193.490492      0.390  36.622363    10.9923    7.15002      0.387    32.6005    24.9088 -9.990e-29
 193.490498      0.379  36.638462    11.0165    7.14240      0.376    32.5949    24.9002 -9.990e-29
 193.490503      0.361  36.676746    11.0374    7.11815      0.358    32.6142    24.9116 -9.990e-29
 193.490509      0.352  36.702486    11.0440    7.08311      0.349    32.6338    24.9256 -9.990e-29
 193.490515      0.361  36.707400    11.0328    7.10562      0.358    32.6486    24.9391 -9.990e-29
 193.490521      0.378  36.680666    11.0205    7.12039      0.375    32.6331    24.9292 -9.990e-29
 193.490527      0.394  36.656153    11.0197    7.13313      0.391    32.6096    24.9111 -9.990e-29
 193.490532      0.408  36.666206    11.0168    7.12635      0.405    32.6221    24.9213 -9.990e-29
 193.490538      0.425  36.679933    11.0023    7.08852      0.421    32.6486    24.9445 -9.990e-29
 193.490544      0.443  36.674711    10.9881    7.04696      0.439    32.6560    24.9528 -9.990e-29
 193.490550      0.458  36.666564    10.9916    7.03991      0.454    32.6448    24.9435 -9.990e-29
 193.490556      0.468  36.673214    11.0075    7.03578      0.464    32.6373    24.9348 -9.990e-29
 193.490561      0.468  36.683900    11.0150    7.02191      0.464    32.6412    24.9365 -9.990e-29
 193.490567      0.466  36.684838    11.0030    7.04460      0.462    32.6528    24.9476 -9.990e-29
 193.490573      0.477  36.676161    10.9737    7.05163      0.473    32.6703    24.9664 -9.990e-29
 193.490579      0.499  36.649105    10.9439    7.02530      0.495    32.6700    24.9714 -9.990e-29
 193.490584      0.523  36.613562    10.9339    6.96189      0.519    32.6436    24.9527 -9.990e-29
 193.490590      0.536  36.602303    10.9455    6.92647      0.532    32.6221    24.9339 -9.990e-29
 193.490596      0.540  36.618806    10.9614    6.92973      0.535    32.6243    24.9328 -9.990e-29
 193.490602      0.543  36.633494    10.9658    6.92828      0.538    32.6350    24.9403 -9.990e-29
 193.490608      0.549  36.636804    10.9544    6.94024      0.544    32.6484    24.9528 -9.990e-29
 193.490613      0.560  36.628106    10.9211    6.90477      0.555    32.6694    24.9750 -9.990e-29
 193.490619      0.571  36.592997    10.8669    6.88234      0.566    32.6829    24.9950 -9.990e-29
 193.490625      0.575  36.542968    10.8285    6.91651      0.570    32.6675    24.9897 -9.990e-29
 193.490631      0.568  36.521188    10.8421    6.95134      0.563    32.6337    24.9611 -9.990e-29
 193.490637      0.553  36.543452    10.8895    6.94698      0.548    32.6136    24.9371 -9.990e-29
 193.490642      0.538  36.580009    10.9231    6.91556      0.534    32.6200    24.9362 -9.990e-29
 193.490648      0.531  36.598314    10.9179    6.87984      0.527    32.6427    24.9548 -9.990e-29
 193.490654      0.535  36.581299    10.8869    6.89507      0.531    32.6535    24.9686 -9.990e-29
 193.490660      0.546  36.547772    10.8582    6.92082      0.541    32.6458    24.9676 -9.990e-29
 193.490666      0.562  36.539922    10.8462    6.94175      0.557    32.6487    24.9720 -9.990e-29
 193.490671      0.582  36.557364    10.8437    6.95667      0.577    32.6682    24.9876 -9.990e-29
 193.490677      0.605  36.565602    10.8403    6.95495      0.600    32.6794    24.9970 -9.990e-29
 193.490683      0.622  36.553190    10.8389    6.95554      0.617    32.6683    24.9886 -9.990e-29
 193.490689      0.630  36.543382    10.8500    6.99310      0.625    32.6487    24.9713 -9.990e-29
 193.490694      0.631  36.560099    10.8742    7.00615      0.626    32.6437    24.9632 -9.990e-29
 193.490700      0.628  36.589748    10.8967    7.01531      0.623    32.6531    24.9666 -9.990e-29
