data/oxygen options/ONMS/Olympic_Coast_National_Marine_Sanctuary_CTD_Data_2005_2023/raw_data/2007/CTD_TH065_080807faed.cnv
* Sea-Bird SBE19 Data File:
* FileName = C:\2007_mooring_data\CTD_TH065_080807.hex
* Software Version 1.1.6
* Temperature SN = 2997
* Conductivity SN = 2997
* System UpLoad Time = Aug 08 2007 10:32:51
* SEACAT PROFILER V3.1c SN 2997   08/08/07  10:30:52.263
* strain gauge pressure sensor: S/N = 184829,  range = 3000 psia,  tc = 40
# nquan = 9                                 
# nvalues = 1900                        
# units = specified
# name 0 = timeJ: Julian Days
# name 1 = prSM: Pressure, Strain Gauge [db]
# name 2 = c0mS/cm: Conductivity [mS/cm]
# name 3 = t090C: Temperature [ITS-90, deg C]
# name 4 = oxML/L: Oxygen, Beckman/YSI [ml/l]
# name 5 = depSM: Depth [salt water, m], lat = 47.5
# name 6 = sal00: Salinity, Practical [PSU]
# name 7 = sigma-é00: Density [sigma-theta, kg/m^3]
# name 8 = flag: flag
# span 0 = 220.414977, 220.425966       
# span 1 =     -5.516,     64.874       
# span 2 =   0.103584,  37.384778       
# span 3 =     6.9699,    14.8655       
# span 4 =   -0.06884,   31.82140       
# span 5 =     -5.470,     64.322       
# span 6 =     0.0629,    33.8474       
# span 7 =    -0.8296,    26.5141       
# span 8 = 0.0000e+00, 0.0000e+00       
# interval = seconds: 0.5
# start_time = Aug 08 2007 09:57:34 [Instrument's time stamp, header]
# bad_flag = -9.990e-29
*END*
[from data line 1121]
 220.421464     21.288  34.820862     8.5046    4.25237     21.109    33.0205    25.6449 -9.990e-29
 220.421470     21.290  34.822878     8.5055    4.26750     21.111    33.0218    25.6457 -9.990e-29
 220.421476     21.322  34.824527     8.5044    4.25654     21.143    33.0246    25.6481 -9.990e-29
 220.421481     21.376  34.822953     8.4983    4.26575     21.196    33.0286    25.6521 -9.990e-29
 220.421487     21.439  34.814925     8.4857    4.24535     21.259    33.0319    25.6566 -9.990e-29
 220.421493     21.493  34.800376     8.4727    4.25079     21.313    33.0287    25.6561 -9.990e-29
 220.421499     21.521  34.786795     8.4697    4.25879     21.340    33.0172    25.6475 -9.990e-29
 220.421505     21.520  34.785761     8.4775    4.25896     21.339    33.0088    25.6398 -9.990e-29
 220.421510     21.498  34.797004     8.4868    4.27161     21.317    33.0120    25.6408 -9.990e-29
 220.421516     21.463  34.807483     8.4912    4.26200     21.283    33.0189    25.6456 -9.990e-29
 220.421522     21.425  34.812105     8.4916    4.26930     21.245    33.0234    25.6491 -9.990e-29
 220.421528     21.390  34.814223     8.4904    4.27088     21.210    33.0268    25.6519 -9.990e-29
 220.421534     21.356  34.815530     8.4891    4.25633     21.177    33.0294    25.6542 -9.990e-29
 220.421539     21.325  34.816077     8.4877    4.26328     21.146    33.0313    25.6559 -9.990e-29
 220.421545     21.305  34.814902     8.4853    4.24510     21.126    33.0323    25.6570 -9.990e-29
 220.421551     21.297  34.810429     8.4819    4.23675     21.118    33.0308    25.6563 -9.990e-29
 220.421557     21.297  34.804530     8.4792    4.22213     21.118    33.0271    25.6539 -9.990e-29
 220.421562     21.301  34.802217     8.4784    4.20961     21.122    33.0254    25.6527 -9.990e-29
 220.421568     21.313  34.803197     8.4772    4.21694     21.134    33.0276    25.6545 -9.990e-29
 220.421574     21.343  34.803162     8.4724    4.20018     21.164    33.0320    25.6587 -9.990e-29
 220.421580     21.392  34.799811     8.4630    4.18837     21.212    33.0373    25.6643 -9.990e-29
 220.421586     21.451  34.791470     8.4502    4.18730     21.271    33.0404    25.6687 -9.990e-29
 220.421591     21.502  34.777092     8.4378    4.19978     21.321    33.0369    25.6678 -9.990e-29
 220.421597     21.527  34.763835     8.4313    4.21734     21.346    33.0290    25.6625 -9.990e-29
 220.421603     21.523  34.762589     8.4348    4.22473     21.342    33.0244    25.6584 -9.990e-29
 220.421609     21.499  34.772239     8.4456    4.23147     21.318    33.0244    25.6568 -9.990e-29
 220.421615     21.462  34.782663     8.4551    4.24775     21.282    33.0266    25.6571 -9.990e-29
 220.421620     21.421  34.789257     8.4597    4.24535     21.241    33.0292    25.6585 -9.990e-29
 220.421626     21.388  34.793520     8.4614    4.25017     21.208    33.0321    25.6605 -9.990e-29
 220.421632     21.365  34.796084     8.4620    4.23482     21.186    33.0343    25.6621 -9.990e-29
 220.421638     21.346  34.796997     8.4625    4.21865     21.167    33.0348    25.6624 -9.990e-29
 220.421644     21.320  34.797464     8.4631    4.22633     21.141    33.0347    25.6623 -9.990e-29
 220.421649     21.295  34.798095     8.4637    4.20996     21.116    33.0348    25.6623 -9.990e-29
 220.421655     21.292  34.798604     8.4634    4.20968     21.113    33.0357    25.6630 -9.990e-29
 220.421661     21.313  34.797979     8.4601    4.20362     21.134    33.0381    25.6654 -9.990e-29
 220.421667     21.351  34.793693     8.4515    4.20172     21.172    33.0416    25.6694 -9.990e-29
 220.421672     21.397  34.782823     8.4407    4.20877     21.217    33.0403    25.6700 -9.990e-29
 220.421678     21.436  34.769919     8.4352    4.21183     21.256    33.0318    25.6642 -9.990e-29
 220.421684     21.457  34.766344     8.4368    4.23197     21.277    33.0265    25.6598 -9.990e-29
 220.421690     21.459  34.772922     8.4413    4.23765     21.279    33.0292    25.6612 -9.990e-29
 220.421696     21.440  34.781038     8.4474    4.24607     21.260    33.0321    25.6625 -9.990e-29
 220.421701     21.403  34.787493     8.4557    4.25302     21.223    33.0311    25.6605 -9.990e-29
 220.421707     21.360  34.793037     8.4635    4.23007     21.181    33.0297    25.6582 -9.990e-29
 220.421713     21.325  34.797207     8.4682    4.23067     21.146    33.0297    25.6575 -9.990e-29
 220.421719     21.308  34.799953     8.4696    4.21911     21.129    33.0313    25.6586 -9.990e-29
 220.421725     21.313  34.801003     8.4676    4.20940     21.134    33.0342    25.6612 -9.990e-29
 220.421730     21.336  34.798385     8.4627    4.21360     21.157    33.0361    25.6634 -9.990e-29
 220.421736     21.364  34.792520     8.4570    4.19656     21.185    33.0352    25.6636 -9.990e-29
 220.421742     21.388  34.785666     8.4508    4.20549     21.208    33.0338    25.6634 -9.990e-29
 220.421748     21.405  34.777637     8.4443    4.21036     21.225    33.0314    25.6625 -9.990e-29
 220.421753     21.415  34.770605     8.4416    4.21411     21.235    33.0265    25.6591 -9.990e-29
 220.421759     21.419  34.770875     8.4458    4.23534     21.239    33.0229    25.6556 -9.990e-29
 220.421765     21.417  34.778235     8.4522    4.23033     21.237    33.0246    25.6560 -9.990e-29
 220.421771     21.414  34.785115     8.4556    4.22790     21.234    33.0287    25.6587 -9.990e-29
 220.421777     21.418  34.788910     8.4556    4.22353     21.238    33.0327    25.6618 -9.990e-29
 220.421782     21.429  34.790186     8.4533    4.20823     21.249    33.0362    25.6649 -9.990e-29
 220.421788     21.439  34.788954     8.4512    4.22792     21.259    33.0369    25.6657 -9.990e-29
 220.421794     21.441  34.788044     8.4516    4.22679     21.261    33.0355    25.6646 -9.990e-29
 220.421800     21.429  34.789034     8.4546    4.22256     21.249    33.0338    25.6628 -9.990e-29
 220.421806     21.413  34.790430     8.4570    4.22738     21.233    33.0330    25.6618 -9.990e-29
 220.421811     21.404  34.790719     8.4551    4.20748     21.224    33.0351    25.6637 -9.990e-29
 220.421817     21.405  34.788036     8.4496    4.18935     21.225    33.0374    25.6664 -9.990e-29
 220.421823     21.413  34.782717     8.4458    4.15059     21.233    33.0354    25.6654 -9.990e-29
 220.421829     21.419  34.780551     8.4465    4.13675     21.239    33.0324    25.6630 -9.990e-29
 220.421834     21.423  34.781999     8.4469    4.14671     21.243    33.0336    25.6638 -9.990e-29
 220.421840     21.436  34.782254     8.4400    4.13768     21.256    33.0403    25.6701 -9.990e-29
 220.421846     21.460  34.777725     8.4224    4.13417     21.280    33.0520    25.6819 -9.990e-29
 220.421852     21.495  34.761803     8.3940    4.11726     21.314    33.0618    25.6939 -9.990e-29
 220.421858     21.529  34.732301     8.3620    4.11866     21.348    33.0607    25.6978 -9.990e-29
 220.421863     21.547  34.700870     8.3437    4.14065     21.366    33.0447    25.6880 -9.990e-29
 220.421869     21.537  34.688913     8.3536    4.16303     21.356    33.0227    25.6693 -9.990e-29
 220.421875     21.500  34.704567     8.3837    4.19800     21.319    33.0110    25.6556 -9.990e-29
 220.421881     21.449  34.732259     8.4120    4.20381     21.269    33.0138    25.6535 -9.990e-29
 220.421887     21.407  34.755664     8.4281    4.20453     21.227    33.0234    25.6587 -9.990e-29
 220.421892     21.389  34.769559     8.4333    4.18824     21.209    33.0332    25.6656 -9.990e-29
 220.421898     21.394  34.772292     8.4314    4.18262     21.214    33.0379    25.6695 -9.990e-29
 220.421904     21.408  34.764696     8.4282    4.18253     21.228    33.0328    25.6660 -9.990e-29
 220.421910     21.420  34.757368     8.4269    4.17408     21.240    33.0263    25.6611 -9.990e-29
 220.421916     21.427  34.759581     8.4256    4.16669     21.247    33.0299    25.6641 -9.990e-29
 220.421921     21.433  34.764186     8.4210    4.16284     21.253    33.0390    25.6720 -9.990e-29
 220.421927     21.443  34.762181     8.4123    4.15879     21.263    33.0451    25.6780 -9.990e-29
 220.421933     21.453  34.754806     8.4044    4.17291     21.273    33.0447    25.6789 -9.990e-29
 220.421939     21.455  34.748468     8.4031    4.15630     21.275    33.0392    25.6748 -9.990e-29
 220.421944     21.450  34.747031     8.4065    4.15240     21.270    33.0345    25.6706 -9.990e-29
 220.421950     21.441  34.749130     8.4097    4.13768     21.261    33.0337    25.6695 -9.990e-29
 220.421956     21.423  34.751954     8.4101    4.11880     21.243    33.0364    25.6715 -9.990e-29
 220.421962     21.400  34.752542     8.4061    4.12710     21.220    33.0407    25.6756 -9.990e-29
 220.421968     21.383  34.746629     8.3970    4.10049     21.203    33.0431    25.6787 -9.990e-29
 220.421973     21.375  34.735859     8.3829    4.09755     21.196    33.0449    25.6823 -9.990e-29
 220.421979     21.376  34.724365     8.3646    4.09645     21.196    33.0500    25.6890 -9.990e-29
 220.421985     21.385  34.711392     8.3459    4.08383     21.205    33.0538    25.6948 -9.990e-29
 220.421991     21.400  34.699254     8.3322    4.08615     21.220    33.0538    25.6969 -9.990e-29
 220.421997     21.412  34.693619     8.3268    4.08255     21.232    33.0529    25.6970 -9.990e-29
 220.422002     21.418  34.697619     8.3283    4.09068     21.238    33.0558    25.6990 -9.990e-29
 220.422008     21.418  34.705375     8.3323    4.09519     21.238    33.0602    25.7019 -9.990e-29
 220.422014     21.417  34.709852     8.3342    4.09023     21.237    33.0632    25.7039 -9.990e-29
 220.422020     21.423  34.708055     8.3304    4.08319     21.243    33.0648    25.7058 -9.990e-29
 220.422025     21.437  34.697027     8.3222    4.07448     21.257    33.0609    25.7039 -9.990e-29
 220.422031     21.451  34.683921     8.3180    4.08557     21.271    33.0509    25.6967 -9.990e-29
 220.422037     21.460  34.680965     8.3224    4.09353     21.280    33.0437    25.6904 -9.990e-29
 220.422043     21.467  34.689257     8.3291    4.08269     21.287    33.0461    25.6913 -9.990e-29
 220.422049     21.472  34.699677     8.3297    4.08153     21.292    33.0566    25.6994 -9.990e-29
 220.422054     21.474  34.702580     8.3218    4.07834     21.294    33.0671    25.7088 -9.990e-29
 220.422060     21.474  34.695674     8.3101    4.08570     21.294    33.0708    25.7135 -9.990e-29
 220.422066     21.472  34.686004     8.3034    4.09652     21.292    33.0668    25.7114 -9.990e-29
 220.422072     21.468  34.684210     8.3048    4.08844     21.288    33.0636    25.7087 -9.990e-29
 220.422078     21.461  34.690700     8.3096    4.07698     21.281    33.0660    25.7098 -9.990e-29
 220.422083     21.452  34.695069     8.3119    4.05749     21.272    33.0685    25.7114 -9.990e-29
 220.422089     21.443  34.694737     8.3116    4.04719     21.263    33.0684    25.7114 -9.990e-29
 220.422095     21.443  34.694305     8.3107    4.05217     21.263    33.0688    25.7118 -9.990e-29
 220.422101     21.456  34.693758     8.3067    4.03412     21.276    33.0720    25.7149 -9.990e-29
 220.422106     21.479  34.690127     8.2959    4.03830     21.299    33.0783    25.7215 -9.990e-29
 220.422112     21.504  34.682493     8.2768    4.03500     21.323    33.0882    25.7321 -9.990e-29
 220.422118     21.524  34.669082     8.2565    4.03252     21.343    33.0931    25.7389 -9.990e-29
 220.422124     21.533  34.652744     8.2485    4.04651     21.352    33.0833    25.7324 -9.990e-29
 220.422130     21.531  34.647559     8.2547    4.04154     21.350    33.0719    25.7226 -9.990e-29
 220.422135     21.525  34.655575     8.2653    4.03609     21.344    33.0704    25.7199 -9.990e-29
 220.422141     21.521  34.663940     8.2724    4.01621     21.340    33.0726    25.7205 -9.990e-29
 220.422147     21.518  34.668677     8.2752    4.01053     21.337    33.0750    25.7220 -9.990e-29
 220.422153     21.516  34.671060     8.2750    4.00827     21.335    33.0777    25.7242 -9.990e-29
 220.422159     21.514  34.670345     8.2726    4.00909     21.333    33.0792    25.7257 -9.990e-29
 220.422164     21.513  34.667259     8.2662    4.01144     21.332    33.0820    25.7288 -9.990e-29
 220.422170     21.512  34.658246     8.2510    4.00413     21.331    33.0867    25.7348 -9.990e-29
 220.422176     21.512  34.639695     8.2294    4.00809     21.331    33.0874    25.7385 -9.990e-29
 220.422182     21.507  34.619376     8.2158    4.02129     21.326    33.0787    25.7337 -9.990e-29
 220.422188     21.490  34.611664     8.2224    4.01832     21.310    33.0643    25.7214 -9.990e-29
 220.422193     21.454  34.622524     8.2460    4.02792     21.274    33.0536    25.7095 -9.990e-29
 220.422199     21.411  34.642334     8.2713    4.01749     21.231    33.0508    25.7036 -9.990e-29
 220.422205     21.383  34.661640     8.2825    4.01179     21.203    33.0607    25.7097 -9.990e-29
 220.422211     21.381  34.673127     8.2734    3.99614     21.201    33.0815    25.7273 -9.990e-29
 220.422216     21.402  34.666897     8.2524    3.99845     21.222    33.0947    25.7408 -9.990e-29
 220.422222     21.428  34.646414     8.2341    4.01300     21.248    33.0902    25.7400 -9.990e-29
 220.422228     21.446  34.625833     8.2253    4.02077     21.266    33.0766    25.7307 -9.990e-29
 220.422234     21.450  34.618057     8.2269    4.04572     21.270    33.0669    25.7228 -9.990e-29
 220.422240     21.443  34.627284     8.2382    4.04911     21.263    33.0660    25.7204 -9.990e-29
 220.422245     21.427  34.643960     8.2559    4.05609     21.247    33.0670    25.7186 -9.990e-29
 220.422251     21.406  34.657254     8.2757    4.05662     21.226    33.0625    25.7121 -9.990e-29
 220.422257     21.383  34.665838     8.2916    4.04371     21.203    33.0566    25.7051 -9.990e-29
 220.422263     21.361  34.672192     8.2985    4.02443     21.182    33.0569    25.7043 -9.990e-29
 220.422269     21.338  34.676386     8.2968    4.00028     21.159    33.0629    25.7093 -9.990e-29
 220.422274     21.321  34.677289     8.2886    3.97090     21.142    33.0716    25.7173 -9.990e-29
 220.422280     21.322  34.673864     8.2722    3.95243     21.143    33.0834    25.7290 -9.990e-29
 220.422286     21.346  34.661544     8.2439    3.93632     21.167    33.0970    25.7439 -9.990e-29
 220.422292     21.390  34.639033     8.2076    3.91860     21.210    33.1073    25.7574 -9.990e-29
 220.422297     21.439  34.613863     8.1735    3.92059     21.259    33.1128    25.7667 -9.990e-29
 220.422303     21.479  34.592819     8.1468    3.91480     21.299    33.1156    25.7729 -9.990e-29
 220.422309     21.509  34.579777     8.1283    3.94241     21.328    33.1192    25.7784 -9.990e-29
 220.422315     21.526  34.575273     8.1220    3.95851     21.345    33.1203    25.7802 -9.990e-29
 220.422321     21.527  34.577780     8.1316    3.97432     21.346    33.1139    25.7738 -9.990e-29
 220.422326     21.512  34.587273     8.1550    3.99185     21.331    33.1019    25.7609 -9.990e-29
 220.422332     21.485  34.601277     8.1804    4.01135     21.305    33.0929    25.7501 -9.990e-29
 220.422338     21.456  34.614370     8.1958    4.02486     21.276    33.0923    25.7473 -9.990e-29
 220.422344     21.437  34.623276     8.2013    4.00333     21.257    33.0965    25.7498 -9.990e-29
 220.422350     21.426  34.629229     8.2038    3.98045     21.246    33.1005    25.7526 -9.990e-29
 220.422355     21.414  34.633440     8.2082    3.95821     21.234    33.1008    25.7522 -9.990e-29
 220.422361     21.397  34.635920     8.2158    3.94857     21.217    33.0963    25.7475 -9.990e-29
 220.422367     21.380  34.637733     8.2211    3.93833     21.200    33.0932    25.7443 -9.990e-29
 220.422373     21.382  34.637935     8.2134    3.91534     21.202    33.1007    25.7513 -9.990e-29
 220.422378     21.406  34.630070     8.1835    3.90625     21.226    33.1206    25.7713 -9.990e-29
