data/oxygen options/ONMS/Olympic_Coast_National_Marine_Sanctuary_CTD_Data_2005_2023/raw_data/2007/CTD_TH042_091107faed.cnv
* Sea-Bird SBE19 Data File:
* FileName = C:\2007_mooring_data\CTD_TH042_091107.hex
* Software Version 1.20
* Temperature SN = 2997
* Conductivity SN = 2997
* System UpLoad Time = Sep 11 2007 12:54:51
* SEACAT PROFILER V3.1c SN 2997   09/11/07  12:53:21.102
* strain gauge pressure sensor: S/N = 184829,  range = 3000 psia,  tc = 40
# nquan = 9                                 
# nvalues = 1906                        
# units = specified
# name 0 = timeJ: Julian Days
# name 1 = prSM: Pressure, Strain Gauge [db]
# name 2 = c0mS/cm: Conductivity [mS/cm]
# name 3 = t090C: Temperature [ITS-90, deg C]
# name 4 = oxML/L: Oxygen, Beckman/YSI [ml/l]
# name 5 = depSM: Depth [salt water, m], lat = 47.5
# name 6 = sal00: Salinity, Practical [PSU]
# name 7 = sigma-é00: Density [sigma-theta, kg/m^3]
# name 8 = flag: flag
# span 0 = 254.509803, 254.520828       
# span 1 =     -5.305,     42.972       
# span 2 =   0.686167,  37.390978       
# span 3 =     7.3030,    12.1096       
# span 4 =   -0.07440,   34.02918       
# span 5 =     -5.261,     42.609       
# span 6 =     0.4518,    33.5330       
# span 7 =    -0.1527,    26.2206       
# span 8 = 0.0000e+00, 0.0000e+00       
# interval = seconds: 0.5
# start_time = Sep 11 2007 12:14:07 [Instrument's time stamp, header]
# bad_flag = -9.990e-29
*END*
[from data line 1281]
 254.517216     22.004  35.309839     9.1395    4.54318     21.819    32.9404    25.4841 -9.990e-29
 254.517222     21.987  35.309955     9.1391    4.55400     21.802    32.9409    25.4846 -9.990e-29
 254.517228     21.968  35.309548     9.1381    4.54792     21.783    32.9415    25.4851 -9.990e-29
 254.517234     21.956  35.308634     9.1375    4.55395     21.772    32.9411    25.4849 -9.990e-29
 254.517240     21.955  35.307670     9.1369    4.54589     21.771    32.9406    25.4847 -9.990e-29
 254.517245     21.962  35.307047     9.1361    4.54222     21.778    32.9407    25.4849 -9.990e-29
 254.517251     21.971  35.307052     9.1356    4.55193     21.786    32.9412    25.4853 -9.990e-29
 254.517257     21.980  35.307687     9.1355    4.54401     21.795    32.9419    25.4859 -9.990e-29
 254.517263     21.981  35.308112     9.1355    4.54700     21.796    32.9424    25.4862 -9.990e-29
 254.517269     21.977  35.307767     9.1353    4.53658     21.792    32.9422    25.4861 -9.990e-29
 254.517274     21.978  35.306748     9.1347    4.53327     21.793    32.9417    25.4858 -9.990e-29
 254.517280     21.979  35.305375     9.1342    4.53786     21.794    32.9407    25.4852 -9.990e-29
 254.517286     21.971  35.304613     9.1339    4.53140     21.786    32.9402    25.4848 -9.990e-29
 254.517292     21.949  35.305125     9.1340    4.54189     21.765    32.9407    25.4852 -9.990e-29
 254.517297     21.918  35.305905     9.1339    4.54425     21.734    32.9416    25.4859 -9.990e-29
 254.517303     21.878  35.305746     9.1330    4.54665     21.694    32.9423    25.4866 -9.990e-29
 254.517309     21.836  35.304993     9.1316    4.54849     21.653    32.9428    25.4872 -9.990e-29
 254.517315     21.806  35.304319     9.1303    4.54476     21.623    32.9433    25.4878 -9.990e-29
 254.517321     21.795  35.303383     9.1288    4.54438     21.612    32.9437    25.4884 -9.990e-29
 254.517326     21.799  35.301493     9.1271    4.54454     21.616    32.9434    25.4883 -9.990e-29
 254.517332     21.808  35.299488     9.1259    4.53628     21.625    32.9424    25.4878 -9.990e-29
 254.517338     21.819  35.299172     9.1250    4.52638     21.636    32.9429    25.4883 -9.990e-29
 254.517344     21.833  35.299557     9.1229    4.53260     21.650    32.9452    25.4905 -9.990e-29
 254.517350     21.850  35.297791     9.1195    4.53677     21.666    32.9465    25.4920 -9.990e-29
 254.517355     21.867  35.294317     9.1161    4.53426     21.683    32.9461    25.4922 -9.990e-29
 254.517361     21.878  35.292344     9.1145    4.53429     21.694    32.9455    25.4920 -9.990e-29
 254.517367     21.877  35.292598     9.1149    4.53024     21.693    32.9454    25.4918 -9.990e-29
 254.517373     21.866  35.293731     9.1169    4.53171     21.682    32.9447    25.4910 -9.990e-29
 254.517378     21.848  35.295006     9.1197    4.54336     21.665    32.9434    25.4896 -9.990e-29
 254.517384     21.835  35.296438     9.1221    4.54524     21.652    32.9427    25.4886 -9.990e-29
 254.517390     21.838  35.298252     9.1239    4.54549     21.655    32.9429    25.4885 -9.990e-29
 254.517396     21.858  35.299502     9.1247    4.54378     21.674    32.9435    25.4888 -9.990e-29
 254.517402     21.887  35.299045     9.1244    4.54048     21.703    32.9433    25.4887 -9.990e-29
 254.517407     21.919  35.296829     9.1235    4.54050     21.735    32.9418    25.4877 -9.990e-29
 254.517413     21.943  35.294938     9.1232    4.54052     21.759    32.9401    25.4864 -9.990e-29
 254.517419     21.947  35.295889     9.1240    4.54861     21.763    32.9403    25.4865 -9.990e-29
 254.517425     21.932  35.298143     9.1250    4.55131     21.748    32.9418    25.4874 -9.990e-29
 254.517431     21.910  35.299095     9.1252    4.53631     21.726    32.9426    25.4880 -9.990e-29
 254.517436     21.893  35.298888     9.1246    4.52417     21.709    32.9429    25.4884 -9.990e-29
 254.517442     21.882  35.298365     9.1235    4.52740     21.698    32.9434    25.4889 -9.990e-29
 254.517448     21.878  35.297387     9.1220    4.53270     21.694    32.9438    25.4895 -9.990e-29
 254.517454     21.881  35.296324     9.1207    4.53312     21.697    32.9439    25.4898 -9.990e-29
 254.517459     21.890  35.295999     9.1200    4.53256     21.706    32.9442    25.4901 -9.990e-29
 254.517465     21.906  35.295411     9.1195    4.52941     21.722    32.9440    25.4901 -9.990e-29
 254.517471     21.931  35.293587     9.1178    4.53119     21.747    32.9437    25.4901 -9.990e-29
 254.517477     21.965  35.290895     9.1136    4.52633     21.781    32.9448    25.4916 -9.990e-29
 254.517483     22.007  35.287488     9.1079    4.53145     21.822    32.9465    25.4938 -9.990e-29
 254.517488     22.046  35.283313     9.1030    4.52624     21.861    32.9467    25.4947 -9.990e-29
 254.517494     22.069  35.278227     9.1004    4.52614     21.884    32.9438    25.4929 -9.990e-29
 254.517500     22.067  35.275541     9.1003    4.52793     21.882    32.9411    25.4908 -9.990e-29
 254.517506     22.045  35.277847     9.1020    4.52586     21.860    32.9419    25.4912 -9.990e-29
 254.517512     22.010  35.280940     9.1048    4.52853     21.825    32.9426    25.4912 -9.990e-29
 254.517517     21.973  35.282785     9.1075    4.53660     21.788    32.9420    25.4904 -9.990e-29
 254.517523     21.944  35.284732     9.1094    4.53835     21.760    32.9423    25.4903 -9.990e-29
 254.517529     21.925  35.287143     9.1110    4.53877     21.741    32.9433    25.4908 -9.990e-29
 254.517535     21.916  35.289877     9.1127    4.53751     21.732    32.9446    25.4916 -9.990e-29
 254.517541     21.916  35.292103     9.1141    4.54174     21.732    32.9456    25.4921 -9.990e-29
 254.517546     21.920  35.292875     9.1150    4.54224     21.736    32.9456    25.4920 -9.990e-29
 254.517552     21.921  35.292668     9.1154    4.54219     21.737    32.9450    25.4914 -9.990e-29
 254.517558     21.914  35.292895     9.1156    4.54118     21.730    32.9450    25.4915 -9.990e-29
 254.517564     21.903  35.293306     9.1156    4.53769     21.719    32.9455    25.4918 -9.990e-29
 254.517569     21.895  35.293335     9.1156    4.53668     21.711    32.9455    25.4918 -9.990e-29
 254.517575     21.895  35.293029     9.1153    4.53783     21.711    32.9454    25.4918 -9.990e-29
 254.517581     21.902  35.291986     9.1139    4.53802     21.718    32.9457    25.4922 -9.990e-29
 254.517587     21.913  35.290506     9.1123    4.53014     21.729    32.9456    25.4924 -9.990e-29
 254.517593     21.920  35.289426     9.1117    4.52830     21.736    32.9450    25.4921 -9.990e-29
 254.517598     21.918  35.289554     9.1124    4.52831     21.734    32.9445    25.4916 -9.990e-29
 254.517604     21.913  35.291066     9.1136    4.53865     21.729    32.9450    25.4917 -9.990e-29
 254.517610     21.908  35.292061     9.1143    4.53624     21.724    32.9454    25.4919 -9.990e-29
 254.517616     21.903  35.291632     9.1143    4.54232     21.719    32.9449    25.4916 -9.990e-29
 254.517622     21.902  35.290896     9.1137    4.53396     21.718    32.9447    25.4915 -9.990e-29
 254.517627     21.908  35.290563     9.1129    4.53783     21.724    32.9451    25.4919 -9.990e-29
 254.517633     21.923  35.290756     9.1121    4.54090     21.739    32.9460    25.4928 -9.990e-29
 254.517639     21.943  35.291180     9.1115    4.53934     21.759    32.9470    25.4937 -9.990e-29
 254.517645     21.960  35.291284     9.1113    4.53345     21.776    32.9473    25.4939 -9.990e-29
 254.517650     21.972  35.290656     9.1109    4.52863     21.787    32.9470    25.4938 -9.990e-29
 254.517656     21.980  35.289024     9.1097    4.52840     21.795    32.9464    25.4935 -9.990e-29
 254.517662     21.983  35.286463     9.1084    4.52999     21.798    32.9450    25.4926 -9.990e-29
 254.517668     21.978  35.284609     9.1081    4.53255     21.793    32.9433    25.4913 -9.990e-29
 254.517674     21.960  35.285481     9.1095    4.53196     21.776    32.9430    25.4908 -9.990e-29
 254.517679     21.932  35.288008     9.1118    4.53226     21.748    32.9435    25.4908 -9.990e-29
 254.517685     21.901  35.289961     9.1137    4.53298     21.717    32.9437    25.4907 -9.990e-29
 254.517691     21.878  35.291150     9.1143    4.53339     21.694    32.9444    25.4912 -9.990e-29
 254.517697     21.870  35.291486     9.1137    4.53320     21.686    32.9453    25.4920 -9.990e-29
 254.517703     21.868  35.290305     9.1124    4.53277     21.684    32.9453    25.4922 -9.990e-29
 254.517708     21.854  35.288842     9.1122    4.53855     21.670    32.9440    25.4912 -9.990e-29
 254.517714     21.820  35.289076     9.1139    4.54707     21.637    32.9427    25.4899 -9.990e-29
 254.517720     21.767  35.290764     9.1169    4.54835     21.584    32.9417    25.4886 -9.990e-29
 254.517726     21.705  35.292801     9.1194    4.53595     21.523    32.9415    25.4881 -9.990e-29
 254.517731     21.648  35.295110     9.1201    4.53287     21.466    32.9433    25.4894 -9.990e-29
 254.517737     21.594  35.296295     9.1186    4.52672     21.413    32.9459    25.4917 -9.990e-29
 254.517743     21.529  35.294582     9.1170    4.52874     21.348    32.9457    25.4917 -9.990e-29
 254.517749     21.436  35.292738     9.1175    4.53248     21.256    32.9433    25.4898 -9.990e-29
 254.517755     21.304  35.293353     9.1213    4.54118     21.125    32.9405    25.4870 0.0000e+00
 254.517760     21.129  35.295574     9.1286    4.56159     20.952    32.9361    25.4824 0.0000e+00
 254.517766     20.913  35.299006     9.1388    4.59153     20.737    32.9304    25.4763 0.0000e+00
 254.517772     20.659  35.304311     9.1523    4.60721     20.486    32.9235    25.4688 0.0000e+00
 254.517778     20.368  35.312407     9.1708    4.62737     20.197    32.9149    25.4592 0.0000e+00
 254.517784     20.040  35.324569     9.1965    4.64246     19.872    32.9039    25.4465 0.0000e+00
 254.517789     19.678  35.340770     9.2327    4.64717     19.513    32.8875    25.4279 0.0000e+00
 254.517795     19.294  35.361883     9.2789    4.65339     19.132    32.8669    25.4045 0.0000e+00
 254.517801     18.898  35.390291     9.3255    4.65554     18.739    32.8536    25.3866 0.0000e+00
 254.517807     18.499  35.422411     9.3627    4.66186     18.344    32.8527    25.3800 0.0000e+00
 254.517812     18.106  35.448958     9.3850    4.67953     17.954    32.8597    25.3819 0.0000e+00
 254.517818     17.727  35.466111     9.3939    4.69953     17.578    32.8694    25.3880 0.0000e+00
 254.517824     17.366  35.477700     9.3966    4.70838     17.220    32.8790    25.3951 0.0000e+00
 254.517830     17.006  35.479012     9.4019    4.71398     16.863    32.8756    25.3916 0.0000e+00
 254.517836     16.631  35.474046     9.4192    4.70325     16.492    32.8548    25.3725 0.0000e+00
 254.517841     16.236  35.481970     9.4505    4.70593     16.100    32.8344    25.3516 0.0000e+00
 254.517847     15.833  35.504392     9.4857    4.70780     15.700    32.8254    25.3388 0.0000e+00
 254.517853     15.428  35.531424     9.5124    4.71014     15.299    32.8289    25.3372 0.0000e+00
 254.517859     15.027  35.557645     9.5280    4.70594     14.901    32.8417    25.3447 0.0000e+00
 254.517865     14.625  35.578798     9.5364    4.70920     14.502    32.8559    25.3545 0.0000e+00
 254.517870     14.213  35.588910     9.5444    4.70771     14.094    32.8591    25.3557 0.0000e+00
 254.517876     13.788  35.592504     9.5580    4.70706     13.672    32.8505    25.3468 0.0000e+00
 254.517882     13.352  35.600548     9.5726    4.71847     13.240    32.8456    25.3405 0.0000e+00
 254.517888     12.916  35.611444     9.5834    4.71937     12.808    32.8471    25.3399 0.0000e+00
 254.517894     12.490  35.620115     9.5931    4.75803     12.385    32.8473    25.3385 0.0000e+00
 254.517899     12.078  35.627486     9.6067    4.78696     11.977    32.8426    25.3326 0.0000e+00
 254.517905     11.683  35.636110     9.6285    4.83282     11.585    32.8316    25.3205 0.0000e+00
 254.517911     11.306  35.646847     9.6575    4.87777     11.211    32.8163    25.3038 0.0000e+00
 254.517917     10.941  35.661132     9.6876    4.92613     10.849    32.8036    25.2890 0.0000e+00
 254.517922     10.584  35.684009     9.7209    4.97127     10.495    32.7968    25.2782 0.0000e+00
 254.517928     10.236  35.719089     9.7674    5.02027     10.150    32.7903    25.2655 0.0000e+00
 254.517934      9.887  35.767757     9.8412    5.05921      9.804    32.7729    25.2398 0.0000e+00
 254.517940      9.527  35.826530     9.9429    5.08654      9.447    32.7405    25.1977 0.0000e+00
 254.517946      9.155  35.881858    10.0372    5.12521      9.078    32.7113    25.1592 0.0000e+00
 254.517951      8.773  35.925690    10.1000    5.14095      8.700    32.6991    25.1392 0.0000e+00
 254.517957      8.387  35.962126    10.1444    5.14465      8.317    32.6960    25.1293 0.0000e+00
 254.517963      8.006  35.993809    10.1846    5.15558      7.939    32.6919    25.1193 0.0000e+00
 254.517969      7.641  36.022643    10.2194    5.15275      7.577    32.6897    25.1118 0.0000e+00
 254.517975      7.302  36.050652    10.2437    5.15712      7.241    32.6962    25.1128 0.0000e+00
 254.517980      6.999  36.075956    10.2593    5.16680      6.940    32.7078    25.1192 0.0000e+00
 254.517986      6.732  36.099238    10.2721    5.15824      6.676    32.7199    25.1264 0.0000e+00
 254.517992      6.503  36.118478    10.2818    5.16209      6.449    32.7306    25.1331 0.0000e+00
 254.517998      6.314  36.129630    10.2855    5.15648      6.261    32.7386    25.1387 0.0000e+00
 254.518003      6.161  36.135243    10.2870    5.14404      6.109    32.7429    25.1418 0.0000e+00
 254.518009      6.035  36.138326    10.2900    5.13889      5.985    32.7434    25.1417 -9.990e-29
 254.518015      5.932  36.140195    10.2933    5.12752      5.882    32.7423    25.1403 -9.990e-29
 254.518021      5.850  36.142228    10.2966    5.12170      5.801    32.7414    25.1390 -9.990e-29
 254.518027      5.788  36.146584    10.3018    5.12746      5.740    32.7412    25.1379 -9.990e-29
 254.518032      5.745  36.151231    10.3082    5.10454      5.697    32.7401    25.1360 -9.990e-29
 254.518038      5.716  36.148920    10.3118    5.08241      5.668    32.7345    25.1311 -9.990e-29
 254.518044      5.690  36.133774    10.3112    5.07206      5.642    32.7198    25.1197 -9.990e-29
 254.518050      5.660  36.118121    10.3097    5.05157      5.613    32.7054    25.1087 -9.990e-29
 254.518056      5.630  36.119215    10.3082    5.04622      5.583    32.7079    25.1109 -9.990e-29
 254.518061      5.606  36.126752    10.3043    5.03836      5.559    32.7190    25.1202 -9.990e-29
 254.518067      5.594  36.126124    10.2937    5.03458      5.547    32.7280    25.1290 -9.990e-29
 254.518073      5.595  36.105851    10.2726    5.03680      5.548    32.7266    25.1315 -9.990e-29
 254.518079      5.599  36.069740    10.2452    5.08209      5.552    32.7149    25.1270 -9.990e-29
 254.518084      5.603  36.047006    10.2175    5.14362      5.556    32.7169    25.1333 -9.990e-29
 254.518090      5.606  36.044900    10.1929    5.17829      5.559    32.7370    25.1531 -9.990e-29
 254.518096      5.610  36.049967    10.1760    5.18494      5.563    32.7574    25.1719 -9.990e-29
 254.518102      5.614  36.056072    10.1699    5.17305      5.567    32.7691    25.1820 -9.990e-29
 254.518108      5.614  36.060706    10.1743    5.16703      5.567    32.7698    25.1818 -9.990e-29
 254.518113      5.606  36.064447    10.1857    5.17312      5.559    32.7633    25.1748 -9.990e-29
 254.518119      5.594  36.070607    10.2000    5.17680      5.547    32.7566    25.1672 -9.990e-29
 254.518125      5.586  36.080681    10.2146    5.17464      5.539    32.7535    25.1623 -9.990e-29
 254.518131      5.585  36.091295    10.2270    5.17275      5.538    32.7531    25.1599 -9.990e-29
