data/oxygen options/ONMS/Olympic_Coast_National_Marine_Sanctuary_CTD_Data_2005_2023/raw_data/2007/CTD_TH042_071207faed.cnv
* Sea-Bird SBE19 Data File:
* FileName = C:\2007_mooring_data\CTD_TH042_071207.hex
* Software Version 1.1.6
* Temperature SN = 2997
* Conductivity SN = 2997
* System UpLoad Time = Jul 12 2007 12:15:29
* SEACAT PROFILER V3.1c SN 2997   07/12/07  12:14:59.958
* strain gauge pressure sensor: S/N = 184829,  range = 3000 psia,  tc = 40
# nquan = 9                                 
# nvalues = 1763                        
# units = specified
# name 0 = timeJ: Julian Days
# name 1 = prSM: Pressure, Strain Gauge [db]
# name 2 = c0mS/cm: Conductivity [mS/cm]
# name 3 = t090C: Temperature [ITS-90, deg C]
# name 4 = oxML/L: Oxygen, Beckman/YSI [ml/l]
# name 5 = depSM: Depth [salt water, m], lat = 47.5
# name 6 = sal00: Salinity, Practical [PSU]
# name 7 = sigma-é00: Density [sigma-theta, kg/m^3]
# name 8 = flag: flag
# span 0 = 193.488854, 193.499051       
# span 1 =     -5.169,     42.323       
# span 2 =   2.094299,  37.100652       
# span 3 =     7.1189,    12.5240       
# span 4 =   -0.06232,   35.16598       
# span 5 =     -5.126,     41.965       
# span 6 =     1.5575,    33.6682       
# span 7 =     0.8074,    26.3531       
# span 8 = 0.0000e+00, 0.0000e+00       
# interval = seconds: 0.5
# start_time = Jul 12 2007 11:43:57 [Instrument's time stamp, header]
# bad_flag = -9.990e-29
*END*
[from data line 641]
 193.492564     31.225  34.185500     7.1232    2.50088     30.962    33.6547    26.3426 -9.990e-29
 193.492569     31.171  34.185089     7.1233    2.48598     30.909    33.6542    26.3422 -9.990e-29
 193.492575     31.123  34.184806     7.1232    2.48193     30.861    33.6540    26.3420 -9.990e-29
 193.492581     31.091  34.184268     7.1229    2.47981     30.829    33.6537    26.3418 -9.990e-29
 193.492587     31.077  34.183874     7.1226    2.49482     30.815    33.6536    26.3418 -9.990e-29
 193.492593     31.076  34.184211     7.1226    2.50909     30.814    33.6540    26.3421 -9.990e-29
 193.492598     31.087  34.184602     7.1224    2.50280     30.825    33.6546    26.3426 -9.990e-29
 193.492604     31.121  34.184440     7.1220    2.49878     30.859    33.6548    26.3428 -9.990e-29
 193.492610     31.180  34.184063     7.1217    2.49254     30.917    33.6546    26.3427 -9.990e-29
 193.492616     31.249  34.184083     7.1216    2.48157     30.986    33.6547    26.3428 -9.990e-29
 193.492622     31.308  34.184518     7.1217    2.48349     31.044    33.6551    26.3431 -9.990e-29
 193.492627     31.343  34.184820     7.1220    2.49243     31.079    33.6551    26.3430 -9.990e-29
 193.492633     31.352  34.184823     7.1223    2.49650     31.088    33.6548    26.3428 -9.990e-29
 193.492639     31.341  34.184524     7.1222    2.50060     31.077    33.6546    26.3426 -9.990e-29
 193.492645     31.316  34.184077     7.1221    2.50761     31.052    33.6542    26.3423 -9.990e-29
 193.492650     31.286  34.184002     7.1221    2.49671     31.023    33.6541    26.3423 -9.990e-29
 193.492656     31.251  34.184191     7.1223    2.48661     30.988    33.6541    26.3423 -9.990e-29
 193.492662     31.207  34.184331     7.1227    2.49104     30.944    33.6539    26.3420 -9.990e-29
 193.492668     31.154  34.184601     7.1229    2.49088     30.892    33.6540    26.3421 -9.990e-29
 193.492674     31.106  34.184794     7.1229    2.50568     30.844    33.6543    26.3423 -9.990e-29
 193.492679     31.072  34.184600     7.1227    2.50978     30.810    33.6543    26.3423 -9.990e-29
 193.492685     31.060  34.184316     7.1224    2.50578     30.798    33.6543    26.3424 -9.990e-29
 193.492691     31.073  34.184117     7.1221    2.49500     30.811    33.6543    26.3425 -9.990e-29
 193.492697     31.107  34.183731     7.1219    2.48954     30.845    33.6541    26.3423 -9.990e-29
 193.492703     31.156  34.183198     7.1215    2.48037     30.894    33.6539    26.3422 -9.990e-29
 193.492708     31.214  34.182920     7.1209    2.48907     30.951    33.6541    26.3425 -9.990e-29
 193.492714     31.268  34.183080     7.1207    2.49504     31.005    33.6545    26.3428 -9.990e-29
 193.492720     31.300  34.183323     7.1210    2.49645     31.036    33.6544    26.3427 -9.990e-29
 193.492726     31.308  34.183405     7.1212    2.49920     31.044    33.6543    26.3426 -9.990e-29
 193.492731     31.305  34.183428     7.1212    2.49521     31.041    33.6544    26.3426 -9.990e-29
 193.492737     31.304  34.183417     7.1214    2.48699     31.040    33.6541    26.3424 -9.990e-29
 193.492743     31.304  34.183350     7.1215    2.48450     31.040    33.6540    26.3422 -9.990e-29
 193.492749     31.293  34.183132     7.1216    2.49326     31.029    33.6536    26.3420 -9.990e-29
 193.492755     31.258  34.183025     7.1218    2.49734     30.995    33.6533    26.3417 -9.990e-29
 193.492760     31.195  34.183438     7.1218    2.50964     30.932    33.6538    26.3421 -9.990e-29
 193.492766     31.124  34.183795     7.1215    2.50140     30.862    33.6545    26.3427 -9.990e-29
 193.492772     31.072  34.183446     7.1213    2.48628     30.810    33.6544    26.3426 -9.990e-29
 193.492778     31.059  34.183041     7.1212    2.49132     30.797    33.6541    26.3423 -9.990e-29
 193.492784     31.079  34.183158     7.1212    2.48253     30.817    33.6542    26.3424 -9.990e-29
 193.492789     31.117  34.183384     7.1211    2.48657     30.855    33.6545    26.3427 -9.990e-29
 193.492795     31.157  34.183453     7.1211    2.48909     30.895    33.6546    26.3428 -9.990e-29
 193.492801     31.185  34.183446     7.1213    2.48640     30.922    33.6543    26.3426 -9.990e-29
 193.492807     31.199  34.183349     7.1214    2.49930     30.936    33.6541    26.3424 -9.990e-29
 193.492813     31.207  34.183023     7.1214    2.50119     30.944    33.6538    26.3421 -9.990e-29
 193.492818     31.220  34.182589     7.1215    2.50115     30.957    33.6532    26.3416 -9.990e-29
 193.492824     31.238  34.182582     7.1215    2.49007     30.975    33.6532    26.3416 -9.990e-29
 193.492830     31.254  34.182988     7.1211    2.47589     30.991    33.6540    26.3423 -9.990e-29
 193.492836     31.268  34.183217     7.1206    2.47324     31.005    33.6547    26.3430 -9.990e-29
 193.492841     31.281  34.183009     7.1204    2.48455     31.018    33.6547    26.3430 -9.990e-29
 193.492847     31.286  34.182640     7.1208    2.49244     31.023    33.6539    26.3423 -9.990e-29
 193.492853     31.275  34.182732     7.1212    2.50557     31.012    33.6536    26.3420 -9.990e-29
 193.492859     31.242  34.183400     7.1213    2.50557     30.979    33.6543    26.3425 -9.990e-29
 193.492865     31.194  34.183846     7.1213    2.49316     30.931    33.6548    26.3429 -9.990e-29
 193.492870     31.146  34.183539     7.1212    2.48906     30.884    33.6546    26.3427 -9.990e-29
 193.492876     31.110  34.182622     7.1210    2.47588     30.848    33.6538    26.3421 -9.990e-29
 193.492882     31.102  34.181550     7.1207    2.48474     30.840    33.6529    26.3415 -9.990e-29
 193.492888     31.126  34.181130     7.1206    2.49079     30.864    33.6525    26.3412 -9.990e-29
 193.492894     31.174  34.181356     7.1207    2.49305     30.911    33.6526    26.3413 -9.990e-29
 193.492899     31.237  34.181401     7.1208    2.49515     30.974    33.6526    26.3412 -9.990e-29
 193.492905     31.297  34.181315     7.1207    2.49110     31.033    33.6525    26.3412 -9.990e-29
 193.492911     31.342  34.181539     7.1205    2.49171     31.078    33.6530    26.3416 -9.990e-29
 193.492917     31.365  34.181801     7.1205    2.49105     31.101    33.6532    26.3418 -9.990e-29
 193.492922     31.364  34.181884     7.1205    2.49092     31.100    33.6533    26.3419 -9.990e-29
 193.492928     31.343  34.181890     7.1207    2.49108     31.079    33.6531    26.3417 -9.990e-29
 193.492934     31.317  34.181821     7.1210    2.49121     31.053    33.6528    26.3414 -9.990e-29
 193.492940     31.311  34.181579     7.1211    2.50022     31.047    33.6524    26.3411 -9.990e-29
 193.492946     31.337  34.181397     7.1209    2.50202     31.073    33.6524    26.3411 -9.990e-29
 193.492951     31.384  34.181588     7.1208    2.50195     31.120    33.6527    26.3413 -9.990e-29
 193.492957     31.429  34.181839     7.1209    2.49991     31.164    33.6528    26.3414 -9.990e-29
 193.492963     31.458  34.181913     7.1208    2.49591     31.193    33.6530    26.3416 -9.990e-29
 193.492969     31.469  34.181902     7.1208    2.48769     31.204    33.6530    26.3416 -9.990e-29
 193.492975     31.466  34.181783     7.1209    2.48506     31.201    33.6528    26.3414 -9.990e-29
 193.492980     31.462  34.181393     7.1207    2.48503     31.197    33.6525    26.3412 -9.990e-29
 193.492986     31.466  34.180764     7.1204    2.49588     31.201    33.6521    26.3410 -9.990e-29
 193.492992     31.469  34.180175     7.1202    2.50194     31.204    33.6517    26.3406 -9.990e-29
 193.492998     31.459  34.179952     7.1203    2.51089     31.194    33.6514    26.3404 -9.990e-29
 193.493003     31.434  34.180353     7.1203    2.51119     31.169    33.6518    26.3407 -9.990e-29
 193.493009     31.406  34.180783     7.1204    2.49874     31.142    33.6522    26.3410 -9.990e-29
 193.493015     31.391  34.180689     7.1206    2.48521     31.127    33.6519    26.3407 -9.990e-29
 193.493021     31.396  34.180501     7.1206    2.47972     31.132    33.6517    26.3406 -9.990e-29
 193.493027     31.413  34.180521     7.1208    2.48148     31.148    33.6515    26.3404 -9.990e-29
 193.493032     31.430  34.180770     7.1213    2.48755     31.165    33.6513    26.3402 -9.990e-29
 193.493038     31.444  34.181010     7.1217    2.50900     31.179    33.6512    26.3400 -9.990e-29
 193.493044     31.460  34.180996     7.1219    2.50396     31.195    33.6509    26.3398 -9.990e-29
 193.493050     31.484  34.181076     7.1215    2.49362     31.219    33.6514    26.3402 -9.990e-29
 193.493056     31.511  34.181353     7.1206    2.48755     31.246    33.6526    26.3413 -9.990e-29
 193.493061     31.537  34.181441     7.1201    2.48135     31.271    33.6531    26.3418 -9.990e-29
 193.493067     31.553  34.181442     7.1202    2.48750     31.287    33.6530    26.3417 -9.990e-29
 193.493073     31.557  34.181721     7.1209    2.48256     31.291    33.6527    26.3413 -9.990e-29
 193.493079     31.549  34.182080     7.1215    2.48978     31.283    33.6525    26.3411 -9.990e-29
 193.493084     31.533  34.182428     7.1215    2.49180     31.267    33.6529    26.3414 -9.990e-29
 193.493090     31.515  34.182660     7.1213    2.49366     31.250    33.6533    26.3418 -9.990e-29
 193.493096     31.500  34.182518     7.1211    2.49561     31.235    33.6534    26.3418 -9.990e-29
 193.493102     31.486  34.182362     7.1210    2.50031     31.221    33.6533    26.3418 -9.990e-29
 193.493108     31.473  34.182535     7.1212    2.50247     31.208    33.6533    26.3418 -9.990e-29
 193.493113     31.459  34.182699     7.1213    2.48519     31.194    33.6534    26.3418 -9.990e-29
 193.493119     31.453  34.182502     7.1211    2.48773     31.188    33.6534    26.3418 -9.990e-29
 193.493125     31.466  34.182233     7.1209    2.48589     31.201    33.6533    26.3418 -9.990e-29
 193.493131     31.496  34.182085     7.1206    2.48980     31.231    33.6534    26.3419 -9.990e-29
 193.493137     31.527  34.181852     7.1205    2.50470     31.261    33.6532    26.3418 -9.990e-29
 193.493142     31.543  34.181772     7.1205    2.50251     31.277    33.6531    26.3417 -9.990e-29
 193.493148     31.538  34.182291     7.1206    2.49419     31.272    33.6536    26.3421 -9.990e-29
 193.493154     31.520  34.182968     7.1208    2.48936     31.255    33.6541    26.3425 -9.990e-29
 193.493160     31.508  34.183017     7.1208    2.48563     31.243    33.6542    26.3425 -9.990e-29
 193.493166     31.520  34.182494     7.1207    2.48823     31.255    33.6537    26.3422 -9.990e-29
 193.493171     31.552  34.181815     7.1205    2.48274     31.286    33.6532    26.3417 -9.990e-29
 193.493177     31.588  34.181186     7.1204    2.48975     31.322    33.6525    26.3413 -9.990e-29
 193.493183     31.613  34.180880     7.1206    2.49232     31.347    33.6520    26.3408 -9.990e-29
 193.493189     31.618  34.181037     7.1209    2.49360     31.352    33.6519    26.3407 -9.990e-29
 193.493194     31.601  34.181296     7.1210    2.50458     31.335    33.6521    26.3408 -9.990e-29
 193.493200     31.575  34.181433     7.1209    2.50192     31.309    33.6523    26.3410 -9.990e-29
 193.493206     31.550  34.181623     7.1209    2.49349     31.284    33.6526    26.3412 -9.990e-29
 193.493212     31.539  34.181551     7.1207    2.48948     31.273    33.6527    26.3413 -9.990e-29
 193.493218     31.549  34.181113     7.1205    2.48541     31.283    33.6524    26.3411 -9.990e-29
 193.493223     31.571  34.180834     7.1204    2.47913     31.305    33.6522    26.3410 -9.990e-29
 193.493229     31.595  34.180893     7.1205    2.48950     31.329    33.6521    26.3409 -9.990e-29
 193.493235     31.614  34.181360     7.1209    2.49132     31.348    33.6522    26.3410 -9.990e-29
 193.493241     31.619  34.182288     7.1214    2.50171     31.353    33.6528    26.3413 -9.990e-29
 193.493247     31.608  34.183222     7.1217    2.48909     31.342    33.6535    26.3418 -9.990e-29
 193.493252     31.584  34.183716     7.1218    2.48963     31.318    33.6539    26.3422 -9.990e-29
 193.493258     31.554  34.183860     7.1220    2.48136     31.288    33.6539    26.3421 -9.990e-29
 193.493264     31.524  34.183838     7.1220    2.47946     31.259    33.6539    26.3421 -9.990e-29
 193.493270     31.497  34.183610     7.1218    2.48532     31.232    33.6539    26.3421 -9.990e-29
 193.493275     31.476  34.183426     7.1216    2.48261     31.211    33.6539    26.3422 -9.990e-29
 193.493281     31.462  34.183589     7.1217    2.49607     31.197    33.6540    26.3422 -9.990e-29
 193.493287     31.452  34.183749     7.1219    2.49796     31.187    33.6539    26.3422 -9.990e-29
 193.493293     31.449  34.183549     7.1219    2.49786     31.184    33.6537    26.3420 -9.990e-29
 193.493299     31.470  34.183273     7.1218    2.49531     31.205    33.6535    26.3418 -9.990e-29
 193.493304     31.516  34.183106     7.1216    2.49192     31.251    33.6535    26.3419 -9.990e-29
 193.493310     31.568  34.182818     7.1213    2.48301     31.302    33.6535    26.3419 -9.990e-29
 193.493316     31.609  34.182574     7.1211    2.49010     31.343    33.6534    26.3418 -9.990e-29
 193.493322     31.624  34.182596     7.1213    2.49220     31.358    33.6532    26.3417 -9.990e-29
 193.493328     31.606  34.182903     7.1216    2.48526     31.340    33.6532    26.3417 -9.990e-29
 193.493333     31.561  34.183336     7.1218    2.48526     31.295    33.6535    26.3419 -9.990e-29
 193.493339     31.504  34.183340     7.1218    2.49015     31.239    33.6536    26.3419 -9.990e-29
 193.493345     31.449  34.182913     7.1218    2.49420     31.184    33.6531    26.3415 -9.990e-29
 193.493351     31.409  34.182601     7.1216    2.49758     31.144    33.6530    26.3415 -9.990e-29
 193.493356     31.394  34.182538     7.1213    2.50451     31.130    33.6532    26.3417 -9.990e-29
 193.493362     31.409  34.182632     7.1211    2.49404     31.144    33.6535    26.3420 -9.990e-29
 193.493368     31.448  34.183001     7.1211    2.49146     31.183    33.6539    26.3423 -9.990e-29
 193.493374     31.503  34.183565     7.1213    2.48116     31.238    33.6543    26.3425 -9.990e-29
 193.493380     31.560  34.183945     7.1216    2.47701     31.294    33.6544    26.3426 -9.990e-29
 193.493385     31.604  34.184076     7.1218    2.48096     31.338    33.6543    26.3425 -9.990e-29
 193.493391     31.627  34.184125     7.1217    2.48290     31.361    33.6545    26.3426 -9.990e-29
 193.493397     31.629  34.184147     7.1215    2.49537     31.363    33.6547    26.3428 -9.990e-29
 193.493403     31.619  34.184162     7.1215    2.49814     31.353    33.6547    26.3428 -9.990e-29
 193.493409     31.601  34.184179     7.1216    2.49753     31.335    33.6546    26.3428 -9.990e-29
 193.493414     31.578  34.184214     7.1218    2.48725     31.312    33.6545    26.3426 -9.990e-29
 193.493420     31.557  34.184304     7.1220    2.48119     31.291    33.6544    26.3425 -9.990e-29
 193.493426     31.540  34.184559     7.1222    2.49004     31.274    33.6545    26.3426 -9.990e-29
 193.493432     31.523  34.184750     7.1224    2.48560     31.258    33.6545    26.3426 -9.990e-29
 193.493438     31.501  34.184562     7.1224    2.48694     31.236    33.6543    26.3424 -9.990e-29
 193.493443     31.480  34.184294     7.1223    2.48503     31.215    33.6541    26.3423 -9.990e-29
 193.493449     31.471  34.184143     7.1220    2.48313     31.206    33.6543    26.3424 -9.990e-29
 193.493455     31.480  34.183897     7.1217    2.48720     31.215    33.6543    26.3425 -9.990e-29
 193.493461     31.501  34.183222     7.1218    2.49616     31.236    33.6534    26.3418 -9.990e-29
 193.493466     31.528  34.182327     7.1220    2.49763     31.262    33.6523    26.3408 -9.990e-29
 193.493472     31.549  34.182249     7.1221    2.49837     31.283    33.6521    26.3407 -9.990e-29
 193.493478     31.554  34.182874     7.1221    2.48785     31.288    33.6527    26.3412 -9.990e-29
