data/oxygen options/ONMS/Olympic_Coast_National_Marine_Sanctuary_CTD_Data_2005_2023/raw_data/2007/CTD_TH065_053007faed.cnv
* Sea-Bird SBE19 Data File:
* FileName = C:\2007_mooring_data\CTD_TH065_053007.hex
* Software Version 1.1.6
* Temperature SN = 2997
* Conductivity SN = 2997
* System UpLoad Time = May 30 2007 11:03:43
* SEACAT PROFILER V3.1c SN 2997   05/30/07  11:02:50.482
* strain gauge pressure sensor: S/N = 184829,  range = 3000 psia,  tc = 40
# nquan = 9                                 
# nvalues = 2183                        
# units = specified
# name 0 = timeJ: Julian Days
# name 1 = prSM: Pressure, Strain Gauge [db]
# name 2 = c0mS/cm: Conductivity [mS/cm]
# name 3 = t090C: Temperature [ITS-90, deg C]
# name 4 = oxML/L: Oxygen, Beckman/YSI [ml/l]
# name 5 = depSM: Depth [salt water, m], lat = 47.5
# name 6 = sal00: Salinity, Practical [PSU]
# name 7 = sigma-é00: Density [sigma-theta, kg/m^3]
# name 8 = flag: flag
# span 0 = 150.428947, 150.441574       
# span 1 =     -5.519,     62.343       
# span 2 =   0.137287,  35.930947       
# span 3 =     6.8166,    12.8591       
# span 4 =  -12.97934,   35.55036       
# span 5 =     -5.473,     61.813       
# span 6 =     0.0860,    33.7893       
# span 7 =    -0.5363,    26.4905       
# span 8 = 0.0000e+00, 0.0000e+00       
# interval = seconds: 0.5
# start_time = May 30 2007 10:17:41 [Instrument's time stamp, header]
# bad_flag = -9.990e-29
*END*
[from data line 641]
 150.432656     27.460  33.585943     7.7584    6.10188     27.229    32.4028    25.2695 0.0000e+00
 150.432662     27.916  33.552294     7.7007    6.06371     27.681    32.4202    25.2914 0.0000e+00
 150.432668     28.385  33.521732     7.6486    5.95026     28.146    32.4358    25.3109 0.0000e+00
 150.432674     28.872  33.501671     7.6119    5.78479     28.629    32.4482    25.3259 0.0000e+00
 150.432679     29.377  33.494476     7.5984    5.63230     29.130    32.4529    25.3314 0.0000e+00
 150.432685     29.881  33.511819     7.6078    5.49306     29.629    32.4625    25.3376 0.0000e+00
 150.432691     30.365  33.548782     7.6252    5.33547     30.109    32.4857    25.3535 0.0000e+00
 150.432697     30.821  33.587382     7.6417    5.12470     30.561    32.5115    25.3714 0.0000e+00
 150.432703     31.252  33.623591     7.6617    4.88026     30.989    32.5315    25.3843 0.0000e+00
 150.432708     31.669  33.656359     7.6894    4.68828     31.402    32.5406    25.3876 0.0000e+00
 150.432714     32.077  33.691256     7.7260    4.57632     31.807    32.5436    25.3848 0.0000e+00
 150.432720     32.475  33.741735     7.7654    4.52660     32.201    32.5607    25.3926 0.0000e+00
 150.432726     32.864  33.796630     7.7924    4.47411     32.587    32.5940    25.4150 0.0000e+00
 150.432731     33.238  33.826572     7.8018    4.35398     32.958    32.6171    25.4318 0.0000e+00
 150.432737     33.599  33.832804     7.8042    4.18408     33.316    32.6214    25.4348 0.0000e+00
 150.432743     33.967  33.835951     7.8151    3.98552     33.681    32.6144    25.4277 0.0000e+00
 150.432749     34.356  33.853642     7.8404    3.80779     34.066    32.6095    25.4203 0.0000e+00
 150.432755     34.769  33.895438     7.8717    3.66535     34.476    32.6247    25.4277 0.0000e+00
 150.432760     35.203  33.949239     7.8980    3.55486     34.906    32.6574    25.4496 0.0000e+00
 150.432766     35.647  33.999343     7.9148    3.47700     35.346    32.6949    25.4767 0.0000e+00
 150.432772     36.089  34.040806     7.9238    3.42426     35.785    32.7305    25.5034 0.0000e+00
 150.432778     36.530  34.072296     7.9281    3.36952     36.222    32.7599    25.5258 0.0000e+00
 150.432784     36.970  34.093753     7.9294    3.32670     36.658    32.7814    25.5425 0.0000e+00
 150.432789     37.413  34.109107     7.9280    3.28013     37.097    32.7989    25.5564 0.0000e+00
 150.432795     37.855  34.122001     7.9226    3.21677     37.536    32.8175    25.5718 0.0000e+00
 150.432801     38.292  34.134475     7.9102    3.17290     37.969    32.8423    25.5931 0.0000e+00
 150.432807     38.720  34.146892     7.8897    3.12173     38.393    32.8746    25.6214 0.0000e+00
 150.432813     39.142  34.156734     7.8652    3.06699     38.812    32.9080    25.6512 0.0000e+00
 150.432818     39.555  34.162531     7.8402    3.01178     39.221    32.9376    25.6780 0.0000e+00
 150.432824     39.954  34.164705     7.8036    2.95250     39.617    32.9743    25.7121 0.0000e+00
 150.432830     40.352  34.164450     7.7391    2.90256     40.011    33.0350    25.7690 0.0000e+00
 150.432836     40.769  34.163650     7.6520    2.88131     40.425    33.1167    25.8456 0.0000e+00
 150.432841     41.212  34.162898     7.5618    2.86498     40.864    33.2017    25.9252 0.0000e+00
 150.432847     41.674  34.161162     7.4847    2.85947     41.322    33.2734    25.9925 0.0000e+00
 150.432853     42.150  34.157774     7.4284    2.85601     41.794    33.3236    26.0398 0.0000e+00
 150.432859     42.637  34.153227     7.3892    2.86875     42.277    33.3561    26.0709 0.0000e+00
 150.432865     43.125  34.148154     7.3596    2.88302     42.761    33.3789    26.0930 0.0000e+00
 150.432870     43.609  34.142487     7.3360    2.90457     43.240    33.3953    26.1092 0.0000e+00
 150.432876     44.085  34.136494     7.3180    2.92004     43.712    33.4059    26.1200 0.0000e+00
 150.432882     44.548  34.131127     7.3037    2.93277     44.171    33.4137    26.1281 0.0000e+00
 150.432888     44.997  34.127053     7.2882    2.94357     44.617    33.4240    26.1384 0.0000e+00
 150.432894     45.437  34.123303     7.2707    2.92931     45.053    33.4367    26.1508 0.0000e+00
 150.432899     45.869  34.118781     7.2555    2.93431     45.481    33.4462    26.1604 0.0000e+00
 150.432905     46.294  34.114723     7.2457    2.93271     45.902    33.4511    26.1656 0.0000e+00
 150.432911     46.715  34.112420     7.2413    2.94210     46.320    33.4527    26.1675 0.0000e+00
 150.432917     47.128  34.112143     7.2407    2.95487     46.729    33.4527    26.1676 0.0000e+00
 150.432922     47.528  34.113502     7.2411    2.94924     47.126    33.4536    26.1683 0.0000e+00
 150.432928     47.926  34.114370     7.2401    2.94331     47.520    33.4554    26.1698 0.0000e+00
 150.432934     48.336  34.112521     7.2371    2.93352     47.927    33.4560    26.1707 0.0000e+00
 150.432940     48.773  34.108837     7.2334    2.93464     48.360    33.4554    26.1707 0.0000e+00
 150.432946     49.238  34.106235     7.2302    2.94942     48.821    33.4554    26.1712 0.0000e+00
 150.432951     49.719  34.105150     7.2272    2.95808     49.298    33.4569    26.1728 0.0000e+00
 150.432957     50.198  34.103554     7.2241    2.97119     49.773    33.4580    26.1741 0.0000e+00
 150.432963     50.668  34.100980     7.2215    2.97242     50.239    33.4575    26.1740 0.0000e+00
 150.432969     51.129  34.099022     7.2192    2.96057     50.696    33.4573    26.1743 0.0000e+00
 150.432975     51.588  34.097852     7.2163    2.95724     51.151    33.4586    26.1757 0.0000e+00
 150.432980     52.052  34.096451     7.2136    2.95329     51.611    33.4595    26.1768 0.0000e+00
 150.432986     52.523  34.095173     7.2116    2.96450     52.078    33.4598    26.1773 0.0000e+00
 150.432992     52.990  34.094537     7.2105    2.96446     52.541    33.4600    26.1776 0.0000e+00
 150.432998     53.442  34.094237     7.2106    2.97040     52.989    33.4593    26.1770 0.0000e+00
 150.433003     53.872  34.094412     7.2109    2.96902     53.415    33.4590    26.1768 0.0000e+00
 150.433009     54.286  34.095279     7.2103    2.94380     53.826    33.4604    26.1779 0.0000e+00
 150.433015     54.694  34.095173     7.2083    2.90803     54.230    33.4620    26.1795 0.0000e+00
 150.433021     55.100  34.093373     7.2059    2.89561     54.633    33.4621    26.1799 0.0000e+00
 150.433027     55.500  34.091945     7.2030    2.88791     55.029    33.4632    26.1812 0.0000e+00
 150.433032     55.889  34.091767     7.1962    2.90799     55.415    33.4694    26.1870 0.0000e+00
 150.433038     56.275  34.091462     7.1761    2.92069     55.798    33.4884    26.2047 0.0000e+00
 150.433044     56.673  34.088925     7.1288    2.92867     56.192    33.5314    26.2450 0.0000e+00
 150.433050     57.093  34.082999     7.0511    2.94882     56.609    33.6003    26.3100 0.0000e+00
 150.433056     57.530  34.073610     6.9635    2.94686     57.042    33.6754    26.3811 0.0000e+00
 150.433061     57.975  34.062785     6.8952    2.96028     57.483    33.7303    26.4335 0.0000e+00
 150.433067     58.412  34.054552     6.8573    2.97003     57.916    33.7583    26.4607 0.0000e+00
 150.433073     58.830  34.050228     6.8406    2.97232     58.331    33.7697    26.4720 0.0000e+00
 150.433079     59.227  34.048500     6.8321    2.97589     58.724    33.7760    26.4780 0.0000e+00
 150.433084     59.605  34.047602     6.8261    2.97120     59.099    33.7807    26.4826 0.0000e+00
 150.433090     59.973  34.046315     6.8227    2.96777     59.464    33.7825    26.4844 0.0000e+00
 150.433096     60.332  34.045149     6.8211    2.95959     59.820    33.7826    26.4847 0.0000e+00
 150.433102     60.678  34.044772     6.8195    2.96722     60.163    33.7836    26.4857 0.0000e+00
 150.433108     61.014  34.044663     6.8180    2.96084     60.496    33.7847    26.4869 0.0000e+00
 150.433113     61.338  34.044098     6.8174    2.96949     60.817    33.7846    26.4868 0.0000e+00
 150.433119     61.637  34.043425     6.8171    2.96481     61.113    33.7840    26.4864 0.0000e+00
 150.433125     61.895  34.043409     6.8168    2.96087     61.369    33.7841    26.4865 0.0000e+00
 150.433131     62.109  34.044010     6.8166    2.96277     61.581    33.7849    26.4872 0.0000e+00
 150.433137     62.265  34.044889     6.8167    2.96075     61.736    33.7857    26.4878 -9.990e-29
 150.433142     62.343  34.046082     6.8172    2.97382     61.813    33.7864    26.4883 -9.990e-29
 150.433148     62.332  34.047489     6.8179    2.97591     61.802    33.7873    26.4889 -9.990e-29
 150.433154     62.231  34.048736     6.8180    2.96723     61.702    33.7886    26.4900 -9.990e-29
 150.433160     62.050  34.049238     6.8180    2.96288     61.523    33.7893    26.4905 0.0000e+00
 150.433166     61.803  34.048546     6.8187    2.96851     61.278    33.7880    26.4893 0.0000e+00
 150.433171     61.506  34.047419     6.8202    2.95413     60.984    33.7854    26.4871 0.0000e+00
 150.433177     61.172  34.047157     6.8214    2.97216     60.652    33.7841    26.4859 0.0000e+00
 150.433183     60.812  34.047415     6.8210    2.96514     60.296    33.7849    26.4866 0.0000e+00
 150.433189     60.436  34.046856     6.8199    2.96275     59.923    33.7856    26.4873 0.0000e+00
 150.433194     60.063  34.045296     6.8193    2.96693     59.553    33.7846    26.4866 0.0000e+00
 150.433200     59.704  34.043461     6.8190    2.95688     59.197    33.7831    26.4854 0.0000e+00
 150.433206     59.353  34.042268     6.8191    2.95098     58.849    33.7818    26.4844 0.0000e+00
 150.433212     58.997  34.042368     6.8195    2.94682     58.496    33.7817    26.4843 0.0000e+00
 150.433218     58.625  34.043336     6.8195    2.98108     58.127    33.7830    26.4853 0.0000e+00
 150.433223     58.236  34.043660     6.8196    2.99429     57.742    33.7834    26.4856 0.0000e+00
 150.433229     57.834  34.042653     6.8206    2.98570     57.343    33.7815    26.4840 0.0000e+00
 150.433235     57.428  34.041216     6.8236    2.97428     56.941    33.7772    26.4801 0.0000e+00
 150.433241     57.018  34.040237     6.8326    2.96266     56.534    33.7675    26.4712 0.0000e+00
 150.433247     56.592  34.040653     6.8571    2.95914     56.112    33.7440    26.4495 0.0000e+00
 150.433252     56.139  34.043019     6.9094    2.96029     55.663    33.6955    26.4042 0.0000e+00
 150.433258     55.668  34.047126     6.9761    2.96353     55.196    33.6350    26.3474 0.0000e+00
 150.433264     55.206  34.052292     7.0107    2.95847     54.738    33.6071    26.3208 0.0000e+00
 150.433270     54.775  34.055888     7.0059    2.95622     54.311    33.6159    26.3284 0.0000e+00
 150.433275     54.381  34.058246     7.0032    2.94382     53.920    33.6213    26.3330 0.0000e+00
 150.433281     54.016  34.061954     7.0202    2.94342     53.558    33.6089    26.3209 0.0000e+00
 150.433287     53.667  34.065227     7.0526    2.95198     53.212    33.5811    26.2946 0.0000e+00
 150.433293     53.323  34.067384     7.0928    2.95437     52.871    33.5445    26.2602 0.0000e+00
 150.433299     52.980  34.070183     7.1267    2.94612     52.531    33.5147    26.2322 0.0000e+00
 150.433304     52.637  34.072318     7.1521    2.92856     52.191    33.4925    26.2112 0.0000e+00
 150.433310     52.298  34.072724     7.1730    2.92219     51.855    33.4729    26.1929 0.0000e+00
 150.433316     51.968  34.073627     7.1872    2.92285     51.528    33.4603    26.1810 0.0000e+00
 150.433322     51.651  34.076238     7.1941    2.92803     51.214    33.4566    26.1771 0.0000e+00
 150.433328     51.352  34.078998     7.1980    2.93957     50.917    33.4559    26.1761 0.0000e+00
 150.433333     51.079  34.079986     7.2020    2.93203     50.646    33.4533    26.1734 0.0000e+00
 150.433339     50.845  34.079959     7.2058    2.92117     50.414    33.4497    26.1701 0.0000e+00
 150.433345     50.667  34.081127     7.2088    2.91656     50.238    33.4481    26.1684 -9.990e-29
 150.433351     50.557  34.083367     7.2105    2.90556     50.129    33.4490    26.1689 -9.990e-29
 150.433356     50.507  34.085183     7.2113    2.90881     50.079    33.4502    26.1697 -9.990e-29
 150.433362     50.502  34.086196     7.2119    2.91196     50.074    33.4507    26.1701 -9.990e-29
 150.433368     50.520  34.086634     7.2125    2.91392     50.092    33.4506    26.1699 -9.990e-29
 150.433374     50.540  34.086518     7.2132    2.91788     50.112    33.4498    26.1692 -9.990e-29
 150.433380     50.555  34.086814     7.2137    2.90912     50.127    33.4496    26.1690 -9.990e-29
 150.433385     50.571  34.087915     7.2141    2.90707     50.143    33.4504    26.1695 -9.990e-29
 150.433391     50.593  34.088484     7.2143    2.90695     50.165    33.4509    26.1698 -9.990e-29
 150.433397     50.613  34.088161     7.2141    2.90888     50.184    33.4507    26.1697 -9.990e-29
 150.433403     50.621  34.087636     7.2140    2.90321     50.192    33.4502    26.1694 -9.990e-29
 150.433409     50.615  34.087327     7.2144    2.91013     50.186    33.4495    26.1687 -9.990e-29
 150.433414     50.606  34.087383     7.2152    2.91237     50.177    33.4488    26.1681 -9.990e-29
 150.433420     50.600  34.087878     7.2161    2.91461     50.172    33.4485    26.1677 -9.990e-29
 150.433426     50.602  34.088913     7.2166    2.91738     50.174    33.4491    26.1681 -9.990e-29
 150.433432     50.607  34.089626     7.2165    2.91335     50.178    33.4500    26.1688 -9.990e-29
 150.433438     50.607  34.089287     7.2161    2.91153     50.178    33.4500    26.1689 -9.990e-29
 150.433443     50.599  34.088561     7.2161    2.91245     50.171    33.4492    26.1683 -9.990e-29
 150.433449     50.589  34.088161     7.2164    2.91255     50.161    33.4485    26.1677 -9.990e-29
 150.433455     50.590  34.088114     7.2167    2.91267     50.162    33.4481    26.1674 -9.990e-29
 150.433461     50.607  34.088359     7.2167    2.91322     50.178    33.4484    26.1676 -9.990e-29
 150.433466     50.640  34.088660     7.2162    2.90419     50.211    33.4492    26.1683 -9.990e-29
 150.433472     50.688  34.088298     7.2154    2.90143     50.259    33.4495    26.1686 -9.990e-29
 150.433478     50.740  34.087350     7.2151    2.90130     50.310    33.4488    26.1681 -9.990e-29
 150.433484     50.784  34.086793     7.2154    2.91175     50.354    33.4479    26.1673 -9.990e-29
 150.433490     50.808  34.087003     7.2161    2.91853     50.378    33.4474    26.1669 -9.990e-29
 150.433495     50.823  34.087697     7.2166    2.92750     50.393    33.4477    26.1670 -9.990e-29
 150.433501     50.846  34.088121     7.2167    2.91921     50.415    33.4480    26.1673 -9.990e-29
 150.433507     50.872  34.087718     7.2165    2.90425     50.441    33.4478    26.1671 -9.990e-29
 150.433513     50.884  34.087072     7.2163    2.89962     50.453    33.4472    26.1667 -9.990e-29
 150.433519     50.878  34.087001     7.2161    2.89762     50.447    33.4474    26.1668 -9.990e-29
 150.433524     50.860  34.087409     7.2162    2.91261     50.429    33.4477    26.1671 -9.990e-29
 150.433530     50.839  34.087721     7.2164    2.91849     50.408    33.4479    26.1672 -9.990e-29
 150.433536     50.829  34.087792     7.2161    2.91865     50.399    33.4482    26.1675 -9.990e-29
 150.433542     50.833  34.087717     7.2157    2.91650     50.403    33.4486    26.1678 -9.990e-29
 150.433547     50.845  34.087397     7.2154    2.90431     50.414    33.4485    26.1678 -9.990e-29
 150.433553     50.860  34.086965     7.2150    2.90234     50.429    33.4484    26.1678 -9.990e-29
 150.433559     50.873  34.086964     7.2148    2.90182     50.442    33.4486    26.1680 -9.990e-29
 150.433565     50.886  34.087390     7.2148    2.90449     50.455    33.4490    26.1683 -9.990e-29
 150.433571     50.898  34.087692     7.2148    2.91727     50.467    33.4494    26.1686 -9.990e-29
