data/oxygen options/ONMS/Olympic_Coast_National_Marine_Sanctuary_CTD_Data_2005_2023/raw_data/2007/CTD_CA065_052907faed.cnv
* Sea-Bird SBE19 Data File:
* FileName = C:\2007_mooring_data\CTD_CA065_052907.hex
* Software Version 1.1.6
* Temperature SN = 2997
* Conductivity SN = 2997
* System UpLoad Time = May 29 2007 14:54:17
* SEACAT PROFILER V3.1c SN 2997   05/29/07  14:53:12.622
* strain gauge pressure sensor: S/N = 184829,  range = 3000 psia,  tc = 40
# nquan = 9                                 
# nvalues = 2289                        
# units = specified
# name 0 = timeJ: Julian Days
# name 1 = prSM: Pressure, Strain Gauge [db]
# name 2 = c0mS/cm: Conductivity [mS/cm]
# name 3 = t090C: Temperature [ITS-90, deg C]
# name 4 = oxML/L: Oxygen, Beckman/YSI [ml/l]
# name 5 = depSM: Depth [salt water, m], lat = 47.5
# name 6 = sal00: Salinity, Practical [PSU]
# name 7 = sigma-é00: Density [sigma-theta, kg/m^3]
# name 8 = flag: flag
# span 0 = 149.596042, 149.609282       
# span 1 =     -4.764,     58.900       
# span 2 =   0.651110,  36.403467       
# span 3 =     6.7172,    11.4978       
# span 4 =  -12.94177,   34.69472       
# span 5 =     -4.724,     58.400       
# span 6 =     0.4537,    33.8784       
# span 7 =    -0.0207,    26.5735       
# span 8 = 0.0000e+00, 0.0000e+00       
# interval = seconds: 0.5
# start_time = May 29 2007 14:18:18 [Instrument's time stamp, header]
# bad_flag = -9.990e-29
*END*
 149.596042     -4.764 -9.990e-29    11.4545   -0.06162     -4.724 -9.990e-29 -9.990e-29 -9.990e-29
 149.596047     -4.723  36.403467    11.4078   -0.06162     -4.684    32.0226    24.3855 -9.990e-29
 149.596053     -4.675  36.400702    11.3588   -0.06163     -4.636    32.0624    24.4252 -9.990e-29
 149.596059     -4.625  36.396141    11.3353   -0.06164     -4.586    32.0783    24.4417 -9.990e-29
 149.596065     -4.579  36.382572    11.3330   -0.06164     -4.541    32.0670    24.4334 -9.990e-29
 149.596071     -4.542  36.356289    11.3371   -0.06162     -4.504    32.0377    24.4098 -9.990e-29
 149.596076     -4.516  36.325444    11.3441   -0.06161     -4.478    32.0014    24.3804 -9.990e-29
 149.596082     -4.495  36.304263    11.3551   -0.06163     -4.458    31.9711    24.3549 -9.990e-29
 149.596088     -4.474  36.302665    11.3671   -0.06175     -4.437    31.9591    24.3434 -9.990e-29
 149.596094     -4.455  36.311641    11.3741   -0.06189     -4.418    31.9619    24.3443 -9.990e-29
 149.596100     -4.442  36.314600    11.3752   -0.06186     -4.405    31.9638    24.3456 -9.990e-29
 149.596105     -4.434  36.311045    11.3727   -0.06178     -4.397    31.9625    24.3450 -9.990e-29
 149.596111     -4.426  36.307488    11.3703   -0.06175     -4.389    31.9611    24.3444 -9.990e-29
 149.596117     -4.413  36.305954    11.3717   -0.06183     -4.376    31.9583    24.3420 -9.990e-29
 149.596123     -4.398  36.304997    11.3742   -0.06184     -4.361    31.9552    24.3391 -9.990e-29
 149.596128     -4.382  36.302260    11.3661   -0.06183     -4.345    31.9596    24.3439 -9.990e-29
 149.596134     -4.358  36.301420    11.3340   -0.06181     -4.322    31.9865    24.3706 -9.990e-29
 149.596140     -4.329  36.305884    11.2794   -0.06182     -4.293    32.0383    24.4206 -9.990e-29
 149.596146     -4.297  36.312110    11.2345   -0.06183     -4.261    32.0834    24.4637 -9.990e-29
 149.596152     -4.265  36.314416    11.2310   -0.06183     -4.229    32.0887    24.4684 -9.990e-29
 149.596157     -4.240  36.306368    11.2549   -0.06186     -4.205    32.0600    24.4419 -9.990e-29
 149.596163     -4.219  36.283993    11.2678   -0.06188     -4.184    32.0268    24.4138 -9.990e-29
 149.596169     -4.194  36.254507    11.2596   -0.06189     -4.159    32.0050    24.3983 -9.990e-29
 149.596175     -4.161  36.232473    11.2502   -0.06184     -4.126    31.9915    24.3895 -9.990e-29
 149.596181     -4.129  36.222758    11.2496   -0.06178     -4.095    31.9825    24.3826 -9.990e-29
 149.596186     -4.098  36.220855    11.2512   -0.06176     -4.064    31.9792    24.3797 -9.990e-29
 149.596192     -4.068  36.223700    11.2508   -0.06177     -4.034    31.9824    24.3822 -9.990e-29
 149.596198     -4.036  36.225034    11.2488   -0.06176     -4.002    31.9854    24.3849 -9.990e-29
 149.596204     -4.000  36.217143    11.2417   -0.06178     -3.967    31.9838    24.3850 -9.990e-29
 149.596209     -3.962  36.206365    11.2284   -0.06178     -3.929    31.9848    24.3881 -9.990e-29
 149.596215     -3.928  36.208088    11.2195   -0.06184     -3.895    31.9942    24.3970 -9.990e-29
 149.596221     -3.901  36.220721    11.2259   -0.06190     -3.868    32.0010    24.4011 -9.990e-29
 149.596227     -3.878  36.224696    11.2464   -0.06194     -3.846    31.9871    24.3867 -9.990e-29
 149.596233     -3.858  36.216938    11.2682   -0.06198     -3.826    31.9606    24.3622 -9.990e-29
 149.596238     -3.840  36.215738    11.2825   -0.06203     -3.808    31.9470    24.3491 -9.990e-29
 149.596244     -3.823  36.226271    11.2892   -0.06206     -3.791    31.9515    24.3514 -9.990e-29
 149.596250     -3.806  36.232344    11.2873   -0.06199     -3.774    31.9591    24.3577 -9.990e-29
 149.596256     -3.787  36.228078    11.2764   -0.06198     -3.755    31.9643    24.3637 -9.990e-29
 149.596262     -3.762  36.228009    11.2575   -0.06197     -3.731    31.9807    24.3797 -9.990e-29
 149.596267     -3.724  36.237131    11.2290   -0.06199     -3.693    32.0143    24.4110 -9.990e-29
 149.596273     -3.679  36.244654    11.1963   -0.06193     -3.648    32.0502    24.4446 -9.990e-29
 149.596279     -3.633  36.243262    11.1656   -0.06190     -3.603    32.0755    24.4698 -9.990e-29
 149.596285     -3.579  36.231693    11.1355   -0.06188     -3.549    32.0903    24.4866 -9.990e-29
 149.596291     -3.518  36.222591    11.1145   -0.06187     -3.489    32.0997    24.4976 -9.990e-29
 149.596296     -3.463  36.225722    11.1167   -0.06187     -3.434    32.1008    24.4981 -9.990e-29
 149.596302     -3.419  36.217256    11.1326   -0.06185     -3.390    32.0786    24.4780 -9.990e-29
 149.596308     -3.384  36.187621    11.1425   -0.06181     -3.356    32.0408    24.4469 -9.990e-29
 149.596314     -3.354  36.172480    11.1487   -0.06181     -3.326    32.0205    24.4300 -9.990e-29
 149.596319     -3.328  36.185331    11.1622   -0.06179     -3.300    32.0214    24.4283 -9.990e-29
 149.596325     -3.305  36.194567    11.1826   -0.06179     -3.277    32.0127    24.4179 -9.990e-29
 149.596331     -3.283  36.187308    11.2005   -0.06178     -3.256    31.9900    24.3971 -9.990e-29
 149.596337     -3.261  36.183634    11.2129   -0.06178     -3.234    31.9756    24.3837 -9.990e-29
 149.596343     -3.237  36.193829    11.2237   -0.06178     -3.210    31.9762    24.3823 -9.990e-29
 149.596348     -3.214  36.206295    11.2351   -0.06174     -3.187    31.9786    24.3821 -9.990e-29
 149.596354     -3.199  36.209100    11.2488   -0.06166     -3.172    31.9694    24.3725 -9.990e-29
 149.596360     -3.191  36.203217    11.2618   -0.06165     -3.164    31.9524    24.3570 -9.990e-29
 149.596366     -3.181  36.197664    11.2708   -0.06162     -3.154    31.9391    24.3451 -9.990e-29
 149.596372     -3.165  36.200779    11.2788   -0.06161     -3.139    31.9352    24.3406 -9.990e-29
 149.596377     -3.140  36.210030    11.2865   -0.06164     -3.114    31.9376    24.3411 -9.990e-29
 149.596383     -3.110  36.215364    11.2913   -0.06166     -3.084    31.9387    24.3411 -9.990e-29
 149.596389     -3.082  36.217203    11.2957   -0.06162     -3.056    31.9367    24.3387 -9.990e-29
 149.596395     -3.058  36.221961    11.3062   -0.06158     -3.033    31.9322    24.3334 -9.990e-29
 149.596400     -3.036  36.227053    11.3286   -0.06158     -3.011    31.9178    24.3182 -9.990e-29
 149.596406     -3.016  36.232017    11.3575   -0.06159     -2.991    31.8977    24.2974 -9.990e-29
 149.596412     -2.995  36.241266    11.3809   -0.06160     -2.970    31.8865    24.2846 -9.990e-29
 149.596418     -2.972  36.250355    11.3946   -0.06162     -2.947    31.8836    24.2798 -9.990e-29
 149.596424     -2.951  36.254065    11.3958   -0.06159     -2.926    31.8862    24.2816 -9.990e-29
 149.596429     -2.935  36.257945    11.3878   -0.06159     -2.911    31.8969    24.2914 -9.990e-29
 149.596435     -2.917  36.268333    11.3871   -0.06160     -2.893    31.9076    24.2998 -9.990e-29
 149.596441     -2.892  36.281734    11.4008   -0.06160     -2.868    31.9089    24.2984 -9.990e-29
 149.596447     -2.864  36.288580    11.4161   -0.06159     -2.840    31.9023    24.2906 -9.990e-29
 149.596453     -2.839  36.286261    11.4209   -0.06159     -2.815    31.8959    24.2847 -9.990e-29
 149.596458     -2.820  36.282379    11.4168   -0.06157     -2.796    31.8957    24.2852 -9.990e-29
 149.596464     -2.804  36.283576    11.4113   -0.06155     -2.781    31.9016    24.2908 -9.990e-29
 149.596470     -2.793  36.289246    11.4104   -0.06151     -2.770    31.9079    24.2959 -9.990e-29
 149.596476     -2.784  36.292407    11.4139   -0.06149     -2.761    31.9079    24.2953 -9.990e-29
 149.596481     -2.777  36.289460    11.4155   -0.06151     -2.754    31.9037    24.2917 -9.990e-29
 149.596487     -2.772  36.285487    11.4142   -0.06153     -2.749    31.9009    24.2898 -9.990e-29
 149.596493     -2.764  36.284203    11.4147   -0.06152     -2.741    31.8992    24.2884 -9.990e-29
 149.596499     -2.749  36.285616    11.4193   -0.06151     -2.726    31.8966    24.2856 -9.990e-29
 149.596505     -2.725  36.288285    11.4285   -0.06150     -2.702    31.8913    24.2798 -9.990e-29
 149.596510     -2.691  36.289637    11.4419   -0.06149     -2.669    31.8810    24.2694 -9.990e-29
 149.596516     -2.653  36.289272    11.4585   -0.06149     -2.631    31.8664    24.2550 -9.990e-29
 149.596522     -2.621  36.287865    11.4757   -0.06149     -2.599    31.8502    24.2393 -9.990e-29
 149.596528     -2.599  36.285822    11.4849   -0.06148     -2.577    31.8402    24.2300 -9.990e-29
 149.596534     -2.584  36.284386    11.4817   17.88243     -2.562    31.8416    24.2316 -9.990e-29
 149.596539     -2.576  36.284488    11.4743   32.45299     -2.555    31.8480    24.2379 -9.990e-29
 149.596545     -2.570  36.286868    11.4724   34.69472     -2.549    31.8520    24.2414 -9.990e-29
 149.596551     -2.556  36.294176    11.4773   30.86793     -2.535    31.8549    24.2427 -9.990e-29
 149.596557     -2.535  36.305539    11.4851   20.61017     -2.514    31.8593    24.2447 -9.990e-29
 149.596563     -2.513  36.310912    11.4912   15.93324     -2.492    31.8592    24.2436 -9.990e-29
 149.596568     -2.493  36.306285    11.4932   16.01250     -2.472    31.8530    24.2384 -9.990e-29
 149.596574     -2.474  36.301791    11.4916   13.69439     -2.453    31.8500    24.2363 -9.990e-29
 149.596580     -2.454  36.307739    11.4913    6.83889     -2.434    31.8560    24.2411 -9.990e-29
 149.596586     -2.432  36.330417    11.4952    2.47149     -2.412    31.8748    24.2550 -9.990e-29
 149.596591     -2.408  36.360289    11.4978    0.55197     -2.388    31.9017    24.2754 -9.990e-29
 149.596597     -2.383  36.378348    11.4951    1.46883     -2.363    31.9216    24.2914 -9.990e-29
 149.596603     -2.365  36.386285    11.4865    3.99584     -2.345    31.9368    24.3047 -9.990e-29
 149.596609     -2.353  36.387433    11.4686    5.05459     -2.333    31.9533    24.3208 -9.990e-29
 149.596615     -2.336  36.371026    11.4395    5.60404     -2.317    31.9625    24.3331 -9.990e-29
 149.596620     -2.315  36.341018    11.4103    5.89732     -2.296    31.9584    24.3352 -9.990e-29
 149.596626     -2.297  36.310141    11.3963    6.03654     -2.278    31.9403    24.3236 -9.990e-29
 149.596632     -2.283  36.290526    11.3982    6.15054     -2.264    31.9195    24.3071 -9.990e-29
 149.596638     -2.270  36.295860    11.4081    6.23357     -2.251    31.9161    24.3027 -9.990e-29
 149.596644     -2.252  36.312546    11.4134    6.27877     -2.233    31.9278    24.3109 -9.990e-29
 149.596649     -2.233  36.318578    11.4032    6.33500     -2.214    31.9425    24.3241 -9.990e-29
 149.596655     -2.215  36.308023    11.3731    6.36690     -2.197    31.9582    24.3417 -9.990e-29
 149.596661     -2.197  36.273575    11.3262    6.40444     -2.179    31.9651    24.3554 -9.990e-29
 149.596667     -2.178  36.220926    11.2849    6.45919     -2.160    31.9493    24.3505 -9.990e-29
 149.596672     -2.161  36.179153    11.2610    6.48464     -2.143    31.9290    24.3390 -9.990e-29
 149.596678     -2.150  36.155386    11.2337    6.49908     -2.132    31.9294    24.3441 -9.990e-29
 149.596684     -2.139  36.133665    11.1987    6.46288     -2.121    31.9384    24.3573 -9.990e-29
 149.596690     -2.124  36.129918    11.1807    6.41192     -2.106    31.9503    24.3698 -9.990e-29
 149.596696     -2.107  36.150399    11.1951    6.40859     -2.089    31.9579    24.3731 -9.990e-29
 149.596701     -2.092  36.171423    11.2390    6.43316     -2.075    31.9405    24.3518 -9.990e-29
 149.596707     -2.079  36.196386    11.2896    6.46277     -2.062    31.9211    24.3278 -9.990e-29
 149.596713     -2.065  36.228338    11.3173    6.47628     -2.048    31.9285    24.3285 -9.990e-29
 149.596719     -2.047  36.243208    11.3157    6.44976     -2.030    31.9444    24.3412 -9.990e-29
 149.596725     -2.022  36.222748    11.3022    6.42487     -2.005    31.9360    24.3371 -9.990e-29
 149.596730     -1.998  36.189062    11.2968    6.41498     -1.981    31.9077    24.3160 -9.990e-29
 149.596736     -1.978  36.184737    11.3058    6.42629     -1.962    31.8957    24.3051 -9.990e-29
 149.596742     -1.960  36.205722    11.3209    6.44790     -1.944    31.9032    24.3082 -9.990e-29
 149.596748     -1.943  36.220043    11.3275    6.45810     -1.927    31.9115    24.3135 -9.990e-29
 149.596753     -1.926  36.222164    11.3197    6.45560     -1.910    31.9203    24.3218 -9.990e-29
 149.596759     -1.908  36.220001    11.3046    6.44077     -1.892    31.9312    24.3329 -9.990e-29
 149.596765     -1.893  36.218556    11.2936    6.41589     -1.877    31.9393    24.3412 -9.990e-29
 149.596771     -1.887  36.220404    11.2947    6.39726     -1.871    31.9402    24.3417 -9.990e-29
 149.596777     -1.891  36.228026    11.3059    6.40266     -1.875    31.9380    24.3379 -9.990e-29
 149.596782     -1.895  36.239829    11.3140    6.40774     -1.879    31.9425    24.3400 -9.990e-29
 149.596788     -1.897  36.246334    11.3111    6.43592     -1.881    31.9514    24.3475 -9.990e-29
 149.596794     -1.896  36.242214    11.3025    6.43811     -1.880    31.9548    24.3517 -9.990e-29
 149.596800     -1.893  36.230960    11.2918    6.43648     -1.877    31.9530    24.3522 -9.990e-29
 149.596806     -1.886  36.216638    11.2798    6.44079     -1.870    31.9494    24.3515 -9.990e-29
 149.596811     -1.875  36.205391    11.2741    6.43069     -1.859    31.9433    24.3478 -9.990e-29
 149.596817     -1.861  36.205781    11.2790    6.43422     -1.845    31.9394    24.3439 -9.990e-29
 149.596823     -1.841  36.214411    11.2866    6.43166     -1.826    31.9413    24.3440 -9.990e-29
 149.596829     -1.815  36.221491    11.2886    6.43524     -1.800    31.9465    24.3477 -9.990e-29
 149.596834     -1.786  36.225821    11.2883    6.42449     -1.771    31.9510    24.3512 -9.990e-29
 149.596840     -1.759  36.230383    11.2919    6.42746     -1.744    31.9523    24.3516 -9.990e-29
 149.596846     -1.738  36.235662    11.2993    6.43412     -1.724    31.9511    24.3493 -9.990e-29
 149.596852     -1.721  36.241416    11.3073    6.43346     -1.707    31.9498    24.3469 -9.990e-29
 149.596858     -1.707  36.248602    11.3162    6.44047     -1.693    31.9491    24.3448 -9.990e-29
 149.596863     -1.695  36.258403    11.3264    6.42315     -1.681    31.9499    24.3436 -9.990e-29
 149.596869     -1.685  36.266519    11.3335    6.42041     -1.671    31.9517    24.3437 -9.990e-29
 149.596875     -1.675  36.269204    11.3371    6.41878     -1.661    31.9512    24.3427 -9.990e-29
 149.596881     -1.666  36.273415    11.3432    6.41687     -1.652    31.9500    24.3407 -9.990e-29
 149.596887     -1.656  36.284218    11.3525    6.43291     -1.642    31.9525    24.3410 -9.990e-29
 149.596892     -1.646  36.295283    11.3600    6.43489     -1.632    31.9569    24.3430 -9.990e-29
 149.596898     -1.633  36.300630    11.3633    6.43663     -1.619    31.9593    24.3443 -9.990e-29
 149.596904     -1.619  36.302916    11.3641    6.38804     -1.605    31.9608    24.3453 -9.990e-29
 149.596910     -1.605  36.305200    11.3651    6.34596     -1.592    31.9622    24.3462 -9.990e-29
 149.596916     -1.595  36.306051    11.3677    6.34761     -1.582    31.9607    24.3446 -9.990e-29
 149.596921     -1.585  36.306054    11.3730    6.37565     -1.572    31.9561    24.3401 -9.990e-29
 149.596927     -1.569  36.310272    11.3801    6.40031     -1.556    31.9541    24.3373 -9.990e-29
 149.596933     -1.547  36.315369    11.3845    6.39920     -1.534    31.9553    24.3374 -9.990e-29
 149.596939     -1.521  36.307405    11.3797    6.40947     -1.508    31.9516    24.3354 -9.990e-29
 149.596944     -1.498  36.272411    11.3647    6.37653     -1.486    31.9304    24.3216 -9.990e-29
 149.596950     -1.481  36.226536    11.3533    6.35491     -1.469    31.8953    24.2964 -9.990e-29
 149.596956     -1.470  36.208984    11.3552    6.37475     -1.458    31.8765    24.2814 -9.990e-29
 149.596962     -1.462  36.214860    11.3562    6.41919     -1.450    31.8814    24.2850 -9.990e-29
