data/oxygen options/ONMS/Olympic_Coast_National_Marine_Sanctuary_CTD_Data_2005_2023/raw_data/2007/CTD_CE015_060607faed.cnv
* Sea-Bird SBE19 Data File:
* FileName = C:\2007_mooring_data\CTD_CE015_060607.hex
* Software Version 1.1.6
* Temperature SN = 2997
* Conductivity SN = 2997
* System UpLoad Time = Jun 06 2007 13:58:58
* SEACAT PROFILER V3.1c SN 2997   06/06/07  13:58:15.426
* strain gauge pressure sensor: S/N = 184829,  range = 3000 psia,  tc = 40
# nquan = 9                                 
# nvalues = 1263                        
# units = specified
# name 0 = timeJ: Julian Days
# name 1 = prSM: Pressure, Strain Gauge [db]
# name 2 = c0mS/cm: Conductivity [mS/cm]
# name 3 = t090C: Temperature [ITS-90, deg C]
# name 4 = oxML/L: Oxygen, Beckman/YSI [ml/l]
# name 5 = depSM: Depth [salt water, m], lat = 47.5
# name 6 = sal00: Salinity, Practical [PSU]
# name 7 = sigma-é00: Density [sigma-theta, kg/m^3]
# name 8 = flag: flag
# span 0 = 157.565046, 157.572350       
# span 1 =     -5.509,     13.291       
# span 2 =   0.587731,  37.496243       
# span 3 =    10.6814,    12.6577       
# span 4 =  -13.65321,   33.23622       
# span 5 =     -5.463,     13.180       
# span 6 =     0.3792,    32.9968       
# span 7 =    -0.2764,    25.2694       
# span 8 = 0.0000e+00, 0.0000e+00       
# interval = seconds: 0.5
# start_time = Jun 06 2007 13:33:40 [Instrument's time stamp, header]
# bad_flag = -9.990e-29
*END*
[from data line 161]
 157.565978     -0.375  37.384099    12.2767    7.57751     -0.372    32.2202    24.3791 -9.990e-29
 157.565984     -0.356  37.370839    12.2765    7.56612     -0.353    32.2076    24.3694 -9.990e-29
 157.565990     -0.340  37.366418    12.2722    7.58565     -0.337    32.2071    24.3698 -9.990e-29
 157.565995     -0.324  37.368883    12.2629    7.60721     -0.321    32.2174    24.3796 -9.990e-29
 157.566001     -0.309  37.371441    12.2504    7.61365     -0.306    32.2306    24.3921 -9.990e-29
 157.566007     -0.293  37.379197    12.2329    7.62569     -0.291    32.2531    24.4129 -9.990e-29
 157.566013     -0.274  37.391849    12.2142    7.63325     -0.272    32.2814    24.4383 -9.990e-29
 157.566019     -0.253  37.401041    12.2043    7.62537     -0.251    32.2988    24.4537 -9.990e-29
 157.566024     -0.231  37.403336    12.2081    7.63639     -0.229    32.2977    24.4521 -9.990e-29
 157.566030     -0.216  37.396758    12.2206    7.66155     -0.214    32.2806    24.4365 -9.990e-29
 157.566036     -0.207  37.382640    12.2315    7.69044     -0.205    32.2576    24.4166 -9.990e-29
 157.566042     -0.195  37.364605    12.2379    7.69956     -0.193    32.2348    24.3977 -9.990e-29
 157.566047     -0.174  37.344985    12.2414    7.65670     -0.173    32.2129    24.3801 -9.990e-29
 157.566053     -0.149  37.331845    12.2416    7.60918     -0.148    32.2001    24.3702 -9.990e-29
 157.566059     -0.125  37.334037    12.2420    7.60314     -0.124    32.2019    24.3714 -9.990e-29
 157.566065     -0.105  37.341598    12.2466    7.61917     -0.104    32.2052    24.3731 -9.990e-29
 157.566071     -0.089  37.342192    12.2514    7.64042     -0.088    32.2016    24.3695 -9.990e-29
 157.566076     -0.079  37.342232    12.2462    7.63995     -0.078    32.2061    24.3739 -9.990e-29
 157.566082     -0.079  37.347954    12.2275    7.61824     -0.078    32.2277    24.3942 -9.990e-29
 157.566088     -0.085  37.361956    12.2117    7.59370     -0.084    32.2548    24.4182 -9.990e-29
 157.566094     -0.093  37.379926    12.2166    7.58987     -0.092    32.2678    24.4273 -9.990e-29
 157.566100     -0.103  37.383212    12.2339    7.60467     -0.102    32.2560    24.4150 -9.990e-29
 157.566105     -0.116  37.372279    12.2438    7.62317     -0.115    32.2370    24.3984 -9.990e-29
 157.566111     -0.129  37.366773    12.2388    7.63159     -0.128    32.2361    24.3985 -9.990e-29
 157.566117     -0.134  37.372273    12.2247    7.60351     -0.133    32.2535    24.4147 -9.990e-29
 157.566123     -0.130  37.382668    12.2121    7.58454     -0.129    32.2743    24.4333 -9.990e-29
 157.566128     -0.128  37.389960    12.2050    7.56614     -0.127    32.2875    24.4448 -9.990e-29
 157.566134     -0.130  37.393224    12.2040    7.59294     -0.129    32.2915    24.4481 -9.990e-29
 157.566140     -0.132  37.395140    12.2092    7.65436     -0.131    32.2888    24.4450 -9.990e-29
 157.566146     -0.122  37.392107    12.2092    7.66537     -0.121    32.2859    24.4428 -9.990e-29
 157.566152     -0.091  37.390190    12.1950    7.61506     -0.090    32.2963    24.4535 -9.990e-29
 157.566157     -0.049  37.396944    12.1783    7.55787     -0.049    32.3172    24.4729 -9.990e-29
 157.566163     -0.016  37.402323    12.1752    7.53117     -0.016    32.3250    24.4795 -9.990e-29
 157.566169      0.003  37.395561    12.1898    7.53539      0.003    32.3059    24.4619 -9.990e-29
 157.566175      0.013  37.369333    12.2155    7.56802      0.013    32.2585    24.4204 -9.990e-29
 157.566181      0.023  37.325693    12.2312    7.60670      0.023    32.2031    24.3744 -9.990e-29
 157.566186      0.038  37.309100    12.2187    7.59106      0.038    32.1979    24.3728 -9.990e-29
 157.566192      0.054  37.344558    12.1945    7.55907      0.054    32.2528    24.4199 -9.990e-29
 157.566198      0.064  37.381782    12.1805    7.54270      0.063    32.3007    24.4596 -9.990e-29
 157.566204      0.069  37.388537    12.1773    7.55182      0.068    32.3099    24.4674 -9.990e-29
 157.566209      0.078  37.382250    12.1798    7.58509      0.077    32.3017    24.4606 -9.990e-29
 157.566215      0.095  37.375299    12.1842    7.59990      0.094    32.2912    24.4516 -9.990e-29
 157.566221      0.117  37.366842    12.1849    7.58683      0.116    32.2825    24.4447 -9.990e-29
 157.566227      0.138  37.364685    12.1802    7.54318      0.137    32.2845    24.4471 -9.990e-29
 157.566233      0.153  37.374377    12.1789    7.49946      0.152    32.2949    24.4554 -9.990e-29
 157.566238      0.165  37.380816    12.1841    7.51012      0.164    32.2966    24.4558 -9.990e-29
 157.566244      0.173  37.376896    12.1869    7.55414      0.172    32.2904    24.4505 -9.990e-29
 157.566250      0.179  37.374229    12.1829    7.59331      0.178    32.2913    24.4519 -9.990e-29
 157.566256      0.187  37.380489    12.1736    7.63060      0.185    32.3053    24.4645 -9.990e-29
 157.566262      0.201  37.392260    12.1600    7.63254      0.199    32.3284    24.4850 -9.990e-29
 157.566267      0.219  37.402820    12.1487    7.60609      0.217    32.3483    24.5026 -9.990e-29
 157.566273      0.233  37.406631    12.1489    7.56099      0.231    32.3518    24.5052 -9.990e-29
 157.566279      0.235  37.402615    12.1593    7.52886      0.233    32.3390    24.4933 -9.990e-29
 157.566285      0.225  37.396082    12.1714    7.54999      0.223    32.3222    24.4781 -9.990e-29
 157.566291      0.212  37.392916    12.1792    7.59025      0.210    32.3124    24.4690 -9.990e-29
 157.566296      0.203  37.390597    12.1792    7.62134      0.201    32.3102    24.4673 -9.990e-29
 157.566302      0.206  37.387171    12.1667    7.60389      0.204    32.3177    24.4754 -9.990e-29
 157.566308      0.222  37.391546    12.1457    7.55823      0.220    32.3401    24.4967 -9.990e-29
 157.566314      0.237  37.403400    12.1341    7.54225      0.235    32.3615    24.5155 -9.990e-29
 157.566319      0.242  37.409949    12.1379    7.55704      0.240    32.3646    24.5172 -9.990e-29
 157.566325      0.235  37.409276    12.1467    7.54737      0.233    32.3563    24.5091 -9.990e-29
 157.566331      0.230  37.405540    12.1505    7.53612      0.228    32.3494    24.5030 -9.990e-29
 157.566337      0.233  37.406117    12.1449    7.53199      0.231    32.3548    24.5083 -9.990e-29
 157.566343      0.243  37.414036    12.1382    7.56597      0.241    32.3682    24.5200 -9.990e-29
 157.566348      0.254  37.417999    12.1396    7.61130      0.252    32.3708    24.5217 -9.990e-29
 157.566354      0.268  37.415449    12.1369    7.63593      0.266    32.3707    24.5221 -9.990e-29
 157.566360      0.285  37.411409    12.1175    7.62489      0.283    32.3836    24.5358 -9.990e-29
 157.566366      0.307  37.408359    12.0948    7.58626      0.304    32.4004    24.5530 -9.990e-29
 157.566372      0.330  37.407296    12.0932    7.54717      0.327    32.4007    24.5536 -9.990e-29
 157.566377      0.347  37.404568    12.1130    7.52425      0.344    32.3809    24.5345 -9.990e-29
 157.566383      0.356  37.398227    12.1316    7.53565      0.353    32.3587    24.5138 -9.990e-29
 157.566389      0.361  37.392730    12.1380    7.55662      0.358    32.3478    24.5042 -9.990e-29
 157.566395      0.366  37.394226    12.1330    7.57508      0.363    32.3536    24.5096 -9.990e-29
 157.566400      0.373  37.400802    12.1171    7.58349      0.370    32.3737    24.5282 -9.990e-29
 157.566406      0.385  37.406101    12.0976    7.53779      0.382    32.3957    24.5489 -9.990e-29
 157.566412      0.404  37.409349    12.0883    7.52649      0.401    32.4069    24.5593 -9.990e-29
 157.566418      0.422  37.410959    12.0945    7.55514      0.418    32.4031    24.5552 -9.990e-29
 157.566424      0.436  37.410285    12.1043    7.58323      0.432    32.3939    24.5462 -9.990e-29
 157.566429      0.447  37.408680    12.1056    7.60059      0.443    32.3912    24.5439 -9.990e-29
 157.566435      0.460  37.406827    12.0998    7.59889      0.456    32.3945    24.5475 -9.990e-29
 157.566441      0.479  37.404513    12.0922    7.58762      0.475    32.3988    24.5523 -9.990e-29
 157.566447      0.503  37.403154    12.0864    7.56629      0.499    32.4025    24.5563 -9.990e-29
 157.566453      0.523  37.403193    12.0838    7.53568      0.519    32.4048    24.5585 -9.990e-29
 157.566458      0.537  37.404132    12.0814    7.49739      0.533    32.4078    24.5613 -9.990e-29
 157.566464      0.546  37.406112    12.0725    7.50870      0.541    32.4174    24.5704 -9.990e-29
 157.566470      0.550  37.408418    12.0555    7.53821      0.545    32.4344    24.5868 -9.990e-29
 157.566476      0.550  37.409655    12.0352    7.57192      0.545    32.4533    24.6052 -9.990e-29
 157.566481      0.546  37.409806    12.0080    7.61534      0.541    32.4771    24.6288 -9.990e-29
 157.566487      0.541  37.409646    11.9725    7.63015      0.536    32.5079    24.6593 -9.990e-29
 157.566493      0.540  37.409536    11.9468    7.63218      0.535    32.5302    24.6814 -9.990e-29
 157.566499      0.538  37.409902    11.9479    7.64316      0.534    32.5296    24.6807 -9.990e-29
 157.566505      0.526  37.410116    11.9691    7.62724      0.522    32.5113    24.6626 -9.990e-29
 157.566510      0.504  37.409349    11.9968    7.60210      0.500    32.4864    24.6381 -9.990e-29
 157.566516      0.484  37.407716    12.0286    7.56902      0.480    32.4572    24.6095 -9.990e-29
 157.566522      0.476  37.406428    12.0626    7.57066      0.472    32.4264    24.5792 -9.990e-29
 157.566528      0.481  37.406029    12.0886    7.59266      0.477    32.4034    24.5565 -9.990e-29
 157.566534      0.489  37.407691    12.1024    7.62420      0.485    32.3930    24.5459 -9.990e-29
 157.566539      0.498  37.410847    12.1090    7.61625      0.494    32.3904    24.5426 -9.990e-29
 157.566545      0.508  37.413555    12.1074    7.60175      0.504    32.3944    24.5460 -9.990e-29
 157.566551      0.519  37.415518    12.0994    7.59323      0.515    32.4032    24.5543 -9.990e-29
 157.566557      0.533  37.413200    12.0981    7.58748      0.529    32.4021    24.5537 -9.990e-29
 157.566563      0.545  37.406330    12.1062    7.60248      0.540    32.3884    24.5416 -9.990e-29
 157.566568      0.552  37.399219    12.1126    7.60165      0.547    32.3760    24.5308 -9.990e-29
 157.566574      0.560  37.394737    12.1094    7.60470      0.555    32.3745    24.5302 -9.990e-29
 157.566580      0.572  37.393656    12.1011    7.60577      0.567    32.3806    24.5365 -9.990e-29
 157.566586      0.585  37.393989    12.1004    7.59469      0.580    32.3815    24.5374 -9.990e-29
 157.566591      0.592  37.393953    12.1120    7.60593      0.587    32.3714    24.5274 -9.990e-29
 157.566597      0.593  37.392389    12.1261    7.59885      0.588    32.3577    24.5141 -9.990e-29
 157.566603      0.596  37.391152    12.1338    7.58554      0.591    32.3499    24.5065 -9.990e-29
 157.566609      0.607  37.393658    12.1384    7.57450      0.602    32.3483    24.5045 -9.990e-29
 157.566615      0.621  37.397658    12.1456    7.58843      0.616    32.3459    24.5013 -9.990e-29
 157.566620      0.635  37.398969    12.1561    7.61956      0.630    32.3381    24.4932 -9.990e-29
 157.566626      0.650  37.395989    12.1671    7.63599      0.645    32.3257    24.4815 -9.990e-29
 157.566632      0.662  37.390367    12.1733    7.63531      0.656    32.3149    24.4720 -9.990e-29
 157.566638      0.669  37.392008    12.1747    7.64182      0.663    32.3153    24.4721 -9.990e-29
 157.566644      0.671  37.403119    12.1808    7.64892      0.665    32.3207    24.4751 -9.990e-29
 157.566649      0.671  37.404881    12.1958    7.64982      0.665    32.3094    24.4635 -9.990e-29
 157.566655      0.675  37.390125    12.2120    7.58271      0.669    32.2813    24.4387 -9.990e-29
 157.566661      0.678  37.375643    12.2239    7.52096      0.672    32.2571    24.4177 -9.990e-29
 157.566667      0.680  37.371308    12.2321    7.53175      0.674    32.2458    24.4074 -9.990e-29
 157.566672      0.686  37.369675    12.2420    7.55669      0.680    32.2358    24.3977 -9.990e-29
 157.566678      0.697  37.366901    12.2569    7.61850      0.691    32.2203    24.3829 -9.990e-29
 157.566684      0.717  37.371642    12.2636    7.69594      0.711    32.2190    24.3807 -9.990e-29
 157.566690      0.747  37.385186    12.2495    7.68897      0.741    32.2442    24.4028 -9.990e-29
 157.566696      0.777  37.397571    12.2307    7.64800      0.771    32.2722    24.4282 -9.990e-29
 157.566701      0.795  37.402334    12.2276    7.62693      0.788    32.2795    24.4343 -9.990e-29
 157.566707      0.799  37.397985    12.2384    7.60763      0.792    32.2660    24.4219 -9.990e-29
 157.566713      0.792  37.387707    12.2564    7.61237      0.785    32.2406    24.3988 -9.990e-29
 157.566719      0.784  37.373515    12.2895    7.61991      0.777    32.1985    24.3599 -9.990e-29
 157.566725      0.778  37.345476    12.3319    7.60930      0.772    32.1353    24.3029 -9.990e-29
 157.566730      0.774  37.315571    12.3564    7.60519      0.768    32.0857    24.2598 -9.990e-29
 157.566736      0.770  37.305635    12.3629    7.60220      0.764    32.0706    24.2469 -9.990e-29
 157.566742      0.768  37.295155    12.3658    7.60993      0.762    32.0581    24.2367 -9.990e-29
 157.566748      0.766  37.282513    12.3656    7.61400      0.760    32.0462    24.2275 -9.990e-29
 157.566753      0.766  37.296293    12.3651    7.62036      0.760    32.0598    24.2381 -9.990e-29
 157.566759      0.766  37.326283    12.3665    7.59438      0.760    32.0873    24.2591 -9.990e-29
 157.566765      0.766  37.354161    12.3665    7.56933      0.760    32.1139    24.2798 -9.990e-29
 157.566771      0.768  37.376175    12.3662    7.58225      0.762    32.1353    24.2964 -9.990e-29
 157.566777      0.770  37.382997    12.3694    7.61871      0.764    32.1390    24.2987 -9.990e-29
 157.566782      0.773  37.382057    12.3757    7.65718      0.767    32.1327    24.2926 -9.990e-29
 157.566788      0.778  37.387818    12.3809    7.64969      0.772    32.1338    24.2925 -9.990e-29
 157.566794      0.784  37.395640    12.3831    7.61746      0.777    32.1394    24.2964 -9.990e-29
 157.566800      0.792  37.396341    12.3854    7.57934      0.785    32.1381    24.2950 -9.990e-29
 157.566806      0.803  37.389750    12.3928    7.56742      0.796    32.1254    24.2838 -9.990e-29
 157.566811      0.812  37.378870    12.4047    7.56927      0.805    32.1049    24.2655 -9.990e-29
 157.566817      0.816  37.365473    12.4115    7.57197      0.809    32.0862    24.2498 -9.990e-29
 157.566823      0.816  37.357506    12.4061    7.59997      0.809    32.0832    24.2485 -9.990e-29
 157.566829      0.811  37.362311    12.3924    7.62581      0.804    32.0996    24.2638 -9.990e-29
 157.566834      0.806  37.376219    12.3797    7.63222      0.799    32.1237    24.2849 -9.990e-29
 157.566840      0.808  37.390308    12.3717    7.61751      0.801    32.1441    24.3022 -9.990e-29
 157.566846      0.822  37.400944    12.3660    7.59046      0.815    32.1591    24.3149 -9.990e-29
 157.566852      0.840  37.408301    12.3641    7.59290      0.833    32.1678    24.3220 -9.990e-29
 157.566858      0.851  37.409864    12.3725    7.60383      0.844    32.1621    24.3160 -9.990e-29
 157.566863      0.855  37.405486    12.3859    7.62565      0.848    32.1464    24.3013 -9.990e-29
 157.566869      0.862  37.401682    12.3890    7.65311      0.855    32.1401    24.2958 -9.990e-29
 157.566875      0.870  37.404615    12.3813    7.65222      0.863    32.1495    24.3046 -9.990e-29
 157.566881      0.878  37.410362    12.3794    7.61825      0.871    32.1566    24.3104 -9.990e-29
 157.566887      0.885  37.412019    12.3921    7.58779      0.878    32.1473    24.3008 -9.990e-29
 157.566892      0.892  37.409566    12.4117    7.56803      0.885    32.1282    24.2823 -9.990e-29
