data/oxygen options/ONMS/Olympic_Coast_National_Marine_Sanctuary_CTD_Data_2005_2023/raw_data/2007/CTD_CA065_091007faedb.cnv
* Sea-Bird SBE19 Data File:
* FileName = C:\2007_mooring_data\CTD_CA065_091007.hex
* Software Version 1.20
* Temperature SN = 2997
* Conductivity SN = 2997
* System UpLoad Time = Sep 10 2007 15:16:55
* SEACAT PROFILER V3.1c SN 2997   09/10/07  15:16:42.932
* strain gauge pressure sensor: S/N = 184829,  range = 3000 psia,  tc = 40
# nquan = 9
# nvalues = 64                          
# units = specified
# name 0 = timeJ: Julian Days
# name 1 = prSM: Pressure, Strain Gauge [db]
# name 2 = c0mS/cm: Conductivity [mS/cm]
# name 3 = t090C: Temperature [ITS-90, deg C]
# name 4 = oxML/L: Oxygen, Beckman/YSI [ml/l]
# name 5 = depSM: Depth [salt water, m], lat = 47.5
# name 6 = sal00: Salinity, Practical [PSU]
# name 7 = sigma-é00: Density [sigma-theta, kg/m^3]
# name 8 = flag: flag
# span 0 = 253.605969, 253.606589       
# span 1 =      1.000,     64.000       
# span 2 =  34.211524,  37.642111       
# span 3 =     7.1499,    13.0406       
# span 4 =    2.51729,    6.83488       
# span 5 =      0.992,     63.456       
# span 6 =    31.8126,    33.9181       
# span 7 =    23.9193,    26.5451       
# span 8 = 0.0000e+00, 0.0000e+00       
# interval = decibars: 1                
# start_time = Sep 10 2007 14:29:11 [Instrument's time stamp, header]
# bad_flag = -9.990e-29
*END*
 253.605969      1.000  37.642111    13.0406    6.76539      0.992    31.8156    23.9193 0.0000e+00
 253.605990      2.000  37.414110    12.7810    6.83488      1.983    31.8183    23.9717 0.0000e+00
 253.606003      3.000  37.295023    12.6537    6.65527      2.975    31.8126    23.9917 0.0000e+00
 253.606015      4.000  37.255325    12.5770    6.43148      3.967    31.8392    24.0270 0.0000e+00
 253.606024      5.000  37.202323    12.4391    6.25244      4.958    31.9053    24.1045 0.0000e+00
 253.606033      6.000  37.062000    12.2381    6.04884      5.950    31.9418    24.1706 0.0000e+00
 253.606043      7.000  36.921823    12.0573    5.72608      6.941    31.9613    24.2195 0.0000e+00
 253.606051      8.000  36.776138    11.8727    5.49654      7.933    31.9786    24.2671 0.0000e+00
 253.606060      9.000  36.610927    11.6919    5.32334      8.925    31.9736    24.2964 0.0000e+00
 253.606069     10.000  36.444028    11.4625    5.13432      9.916    32.0087    24.3652 0.0000e+00
 253.606077     11.000  36.219207    11.1042    4.97651     10.908    32.0993    24.4995 0.0000e+00
 253.606086     12.000  35.967677    10.7638    4.82456     11.900    32.1481    24.5970 0.0000e+00
 253.606095     13.000  35.868696    10.5336    4.64874     12.891    32.2521    24.7175 0.0000e+00
 253.606103     14.000  35.844689    10.3640    4.53478     13.883    32.3782    24.8447 0.0000e+00
 253.606112     15.000  35.771753    10.1987    4.43098     14.874    32.4521    24.9301 0.0000e+00
 253.606120     16.000  35.661578    10.0626    4.35395     15.866    32.4624    24.9610 0.0000e+00
 253.606128     17.000  35.537820     9.9505    4.29407     16.858    32.4373    24.9599 0.0000e+00
 253.606137     18.000  35.426511     9.8708    4.21052     17.849    32.3955    24.9404 0.0000e+00
 253.606145     19.000  35.350528     9.7773    4.09844     18.841    32.4018    24.9608 0.0000e+00
 253.606154     20.000  35.270776     9.6563    3.99076     19.832    32.4291    25.0017 0.0000e+00
 253.606162     21.000  35.160659     9.4947    3.89470     20.823    32.4620    25.0535 0.0000e+00
 253.606170     22.000  35.022281     9.2829    3.77009     21.815    32.5116    25.1261 0.0000e+00
 253.606178     23.000  34.889154     9.0720    3.69475     22.807    32.5659    25.2017 0.0000e+00
 253.606186     24.000  34.776907     8.9444    3.61224     23.798    32.5658    25.2215 0.0000e+00
 253.606194     25.000  34.687029     8.9250    3.51374     24.790    32.4897    25.1649 0.0000e+00
 253.606202     26.000  34.619386     8.9045    3.42712     25.782    32.4376    25.1274 0.0000e+00
 253.606210     27.000  34.577006     8.8260    3.37636     26.773    32.4648    25.1607 0.0000e+00
 253.606218     28.000  34.552572     8.6416    3.33792     27.764    32.6084    25.3012 0.0000e+00
 253.606226     29.000  34.522774     8.4049    3.29652     28.756    32.7960    25.4839 0.0000e+00
 253.606234     30.000  34.488399     8.1809    3.25455     29.748    32.9685    25.6525 0.0000e+00
 253.606241     31.000  34.450629     8.0409    3.22453     30.739    33.0599    25.7448 0.0000e+00
 253.606250     32.000  34.420188     7.9474    3.19016     31.730    33.1153    25.8020 0.0000e+00
 253.606258     33.000  34.388100     7.8731    3.15883     32.722    33.1510    25.8408 0.0000e+00
 253.606266     34.000  34.352439     7.7955    3.12158     33.713    33.1860    25.8795 0.0000e+00
 253.606275     35.000  34.325149     7.7233    3.07798     34.705    33.2251    25.9206 0.0000e+00
 253.606284     36.000  34.302829     7.6570    3.03544     35.696    33.2640    25.9606 0.0000e+00
 253.606293     37.000  34.288588     7.6113    3.01373     36.688    33.2919    25.9891 0.0000e+00
 253.606302     38.000  34.284758     7.5885    2.98928     37.680    33.3091    26.0058 0.0000e+00
 253.606312     39.000  34.283868     7.5762    2.96066     38.671    33.3195    26.0157 0.0000e+00
 253.606321     40.000  34.280908     7.5562    2.92545     39.662    33.3350    26.0308 0.0000e+00
 253.606330     41.000  34.274353     7.5294    2.89310     40.654    33.3532    26.0489 0.0000e+00
 253.606340     42.000  34.265483     7.5010    2.84772     41.645    33.3704    26.0664 0.0000e+00
 253.606348     43.000  34.256419     7.4724    2.82930     42.637    33.3877    26.0841 0.0000e+00
 253.606357     44.000  34.246601     7.4420    2.87415     43.628    33.4058    26.1026 0.0000e+00
 253.606366     45.000  34.234972     7.4067    2.97661     44.620    33.4268    26.1241 0.0000e+00
 253.606375     46.000  34.220455     7.3550    3.10664     45.611    33.4605    26.1578 0.0000e+00
 253.606383     47.000  34.211524     7.2937    3.18348     46.603    33.5096    26.2050 0.0000e+00
 253.606393     48.000  34.216506     7.2369    3.14110     47.594    33.5697    26.2602 0.0000e+00
 253.606401     49.000  34.229933     7.1899    3.04409     48.585    33.6296    26.3138 0.0000e+00
 253.606410     50.000  34.255060     7.1599    2.97358     49.577    33.6857    26.3622 0.0000e+00
 253.606419     51.000  34.288886     7.1499    2.91907     50.568    33.7320    26.4000 0.0000e+00
 253.606428     52.000  34.330494     7.1581    2.81122     51.559    33.7689    26.4280 0.0000e+00
 253.606438     53.000  34.368282     7.1722    2.67319     52.551    33.7959    26.4473 0.0000e+00
 253.606447     54.000  34.409954     7.1791    2.58758     53.543    33.8342    26.4764 0.0000e+00
 253.606456     55.000  34.444657     7.1724    2.55076     54.534    33.8782    26.5120 0.0000e+00
 253.606466     56.000  34.461784     7.1685    2.53423     55.525    33.9003    26.5300 0.0000e+00
 253.606476     57.000  34.468571     7.1658    2.54385     56.516    33.9098    26.5379 0.0000e+00
 253.606485     58.000  34.469399     7.1620    2.55181     57.508    33.9139    26.5417 0.0000e+00
 253.606496     59.000  34.470285     7.1602    2.52736     58.500    33.9162    26.5437 0.0000e+00
 253.606506     60.000  34.471724     7.1601    2.53814     59.490    33.9174    26.5447 0.0000e+00
 253.606515     61.000  34.473311     7.1607    2.54458     60.482    33.9181    26.5451 0.0000e+00
 253.606526     62.000  34.473690     7.1611    2.53410     61.473    33.9176    26.5447 0.0000e+00
 253.606539     63.000  34.472931     7.1613    2.53925     62.465    33.9161    26.5436 0.0000e+00
 253.606589     64.000  34.473792     7.1648    2.51729     63.456    33.9131    26.5407 0.0000e+00
