data/oxygen options/ONMS/Olympic_Coast_National_Marine_Sanctuary_CTD_Data_2005_2023/raw_data/2007/CTD_CA042_080707faed.cnv
* Sea-Bird SBE19 Data File:
* FileName = C:\2007_mooring_data\CTD_CA042_080707.hex
* Software Version 1.1.6
* Temperature SN = 2997
* Conductivity SN = 2997
* System UpLoad Time = Aug 07 2007 15:22:08
* SEACAT PROFILER V3.1c SN 2997   08/07/07  15:21:49.314
* strain gauge pressure sensor: S/N = 184829,  range = 3000 psia,  tc = 40
# nquan = 9                                 
# nvalues = 1869                        
# units = specified
# name 0 = timeJ: Julian Days
# name 1 = prSM: Pressure, Strain Gauge [db]
# name 2 = c0mS/cm: Conductivity [mS/cm]
# name 3 = t090C: Temperature [ITS-90, deg C]
# name 4 = oxML/L: Oxygen, Beckman/YSI [ml/l]
# name 5 = depSM: Depth [salt water, m], lat = 47.5
# name 6 = sal00: Salinity, Practical [PSU]
# name 7 = sigma-é00: Density [sigma-theta, kg/m^3]
# name 8 = flag: flag
# span 0 = 219.616979, 219.627789       
# span 1 =     -5.448,     40.372       
# span 2 =   1.108742,  37.373722       
# span 3 =     7.2411,    14.3896       
# span 4 =   -0.07024,   31.98140       
# span 5 =     -5.403,     40.031       
# span 6 =     0.7017,    33.5433       
# span 7 =    -0.2628,    26.2385       
# span 8 = 0.0000e+00, 0.0000e+00       
# interval = seconds: 0.5
# start_time = Aug 07 2007 14:48:27 [Instrument's time stamp, header]
# bad_flag = -9.990e-29
*END*
[from data line 1761]
 219.627170      3.931  36.756930    12.6955    6.88146      3.898    31.2675    23.5617 -9.990e-29
 219.627176      3.902  36.768840    12.7145    6.91891      3.869    31.2630    23.5546 -9.990e-29
 219.627182      3.868  36.784472    12.7265    6.93089      3.836    31.2678    23.5560 -9.990e-29
 219.627187      3.843  36.796646    12.7285    6.90885      3.811    31.2777    23.5633 -9.990e-29
 219.627193      3.831  36.798617    12.7254    6.89133      3.799    31.2821    23.5673 -9.990e-29
 219.627199      3.817  36.794141    12.7277    6.87672      3.785    31.2760    23.5621 -9.990e-29
 219.627205      3.797  36.797431    12.7431    6.88867      3.765    31.2664    23.5517 -9.990e-29
 219.627211      3.781  36.813998    12.7634    6.88819      3.749    31.2652    23.5469 -9.990e-29
 219.627216      3.778  36.832298    12.7713    6.87099      3.746    31.2759    23.5537 -9.990e-29
 219.627222      3.787  36.830211    12.7595    6.87257      3.755    31.2837    23.5620 -9.990e-29
 219.627228      3.805  36.812809    12.7397    6.89219      3.773    31.2837    23.5658 -9.990e-29
 219.627234      3.820  36.802303    12.7276    6.90605      3.788    31.2838    23.5682 -9.990e-29
 219.627240      3.825  36.798136    12.7286    6.89652      3.793    31.2790    23.5643 -9.990e-29
 219.627245      3.823  36.800918    12.7373    6.88293      3.791    31.2744    23.5591 -9.990e-29
 219.627251      3.823  36.810433    12.7428    6.89573      3.791    31.2789    23.5615 -9.990e-29
 219.627257      3.831  36.813585    12.7428    6.90656      3.799    31.2818    23.5638 -9.990e-29
 219.627263      3.841  36.811220    12.7446    6.89683      3.809    31.2781    23.5605 -9.990e-29
 219.627269      3.845  36.814763    12.7490    6.86785      3.813    31.2778    23.5595 -9.990e-29
 219.627274      3.846  36.821650    12.7476    6.83641      3.814    31.2855    23.5657 -9.990e-29
 219.627280      3.849  36.818644    12.7383    6.81888      3.817    31.2904    23.5712 -9.990e-29
 219.627286      3.857  36.802303    12.7319    6.82045      3.825    31.2802    23.5646 -9.990e-29
 219.627292      3.861  36.792327    12.7324    6.83291      3.829    31.2704    23.5569 -9.990e-29
 219.627297      3.861  36.798395    12.7264    6.83818      3.829    31.2811    23.5663 -9.990e-29
 219.627303      3.866  36.798330    12.7056    6.82847      3.834    31.2983    23.5836 -9.990e-29
 219.627309      3.876  36.778036    12.6820    6.81632      3.844    31.2987    23.5884 -9.990e-29
 219.627315      3.883  36.751938    12.6739    6.81212      3.851    31.2807    23.5760 -9.990e-29
 219.627321      3.883  36.744657    12.6804    6.79317      3.851    31.2684    23.5653 -9.990e-29
 219.627326      3.877  36.757134    12.6858    6.78761      3.845    31.2757    23.5699 -9.990e-29
 219.627332      3.868  36.771251    12.6853    6.79344      3.836    31.2895    23.5807 -9.990e-29
 219.627338      3.868  36.777248    12.6795    6.79534      3.836    31.3000    23.5899 -9.990e-29
 219.627344      3.887  36.770233    12.6674    6.81217      3.855    31.3034    23.5948 -9.990e-29
 219.627350      3.916  36.752066    12.6554    6.80706      3.883    31.2961    23.5915 -9.990e-29
 219.627355      3.941  36.737768    12.6479    6.78582      3.908    31.2888    23.5873 -9.990e-29
 219.627361      3.954  36.735180    12.6429    6.78479      3.921    31.2905    23.5895 -9.990e-29
 219.627367      3.960  36.736929    12.6399    6.78181      3.927    31.2947    23.5933 -9.990e-29
 219.627373      3.965  36.740303    12.6382    6.78778      3.932    31.2993    23.5972 -9.990e-29
 219.627378      3.968  36.744197    12.6369    6.78309      3.935    31.3040    23.6011 -9.990e-29
 219.627384      3.970  36.744837    12.6349    6.77540      3.937    31.3063    23.6033 -9.990e-29
 219.627390      3.971  36.741395    12.6295    6.76607      3.938    31.3075    23.6053 -9.990e-29
 219.627396      3.974  36.732649    12.6211    6.76698      3.941    31.3062    23.6058 -9.990e-29
 219.627402      3.986  36.720954    12.6150    6.77346      3.953    31.3002    23.6023 -9.990e-29
 219.627407      4.002  36.713703    12.6127    6.77202      3.969    31.2952    23.5989 -9.990e-29
 219.627413      4.014  36.714682    12.6107    6.78056      3.980    31.2978    23.6013 -9.990e-29
 219.627419      4.019  36.718473    12.6078    6.77387      3.985    31.3038    23.6065 -9.990e-29
 219.627425      4.023  36.717985    12.6041    6.78049      3.989    31.3064    23.6092 -9.990e-29
 219.627431      4.028  36.713693    12.6005    6.78929      3.994    31.3054    23.6091 -9.990e-29
 219.627436      4.036  36.709590    12.5993    6.77850      4.002    31.3025    23.6071 -9.990e-29
 219.627442      4.042  36.708054    12.6020    6.77562      4.008    31.2988    23.6037 -9.990e-29
 219.627448      4.035  36.710023    12.6080    6.77110      4.001    31.2956    23.6001 -9.990e-29
 219.627454      4.010  36.714758    12.6149    6.78946      3.976    31.2944    23.5979 -9.990e-29
 219.627459      3.982  36.720725    12.6186    6.79371      3.949    31.2970    23.5992 -9.990e-29
 219.627465      3.966  36.723551    12.6175    6.78543      3.933    31.3006    23.6022 -9.990e-29
 219.627471      3.961  36.719159    12.6155    6.78558      3.928    31.2981    23.6006 -9.990e-29
 219.627477      3.959  36.714025    12.6157    6.79386      3.926    31.2931    23.5967 -9.990e-29
 219.627483      3.950  36.715317    12.6186    6.80502      3.917    31.2919    23.5952 -9.990e-29
 219.627488      3.935  36.720271    12.6250    6.79340      3.902    31.2913    23.5935 -9.990e-29
 219.627494      3.926  36.726524    12.6322    6.78285      3.893    31.2912    23.5921 -9.990e-29
 219.627500      3.925  36.731204    12.6361    6.77495      3.892    31.2924    23.5923 -9.990e-29
 219.627506      3.924  36.731584    12.6379    6.77725      3.891    31.2913    23.5911 -9.990e-29
 219.627512      3.924  36.732656    12.6400    6.78536      3.891    31.2905    23.5901 -9.990e-29
 219.627517      3.928  36.735848    12.6403    6.78536      3.895    31.2933    23.5922 -9.990e-29
 219.627523      3.932  36.736449    12.6364    6.78947      3.899    31.2971    23.5959 -9.990e-29
 219.627529      3.938  36.731895    12.6287    6.78448      3.905    31.2992    23.5990 -9.990e-29
 219.627535      3.948  36.723403    12.6205    6.78161      3.915    31.2980    23.5996 -9.990e-29
 219.627541      3.961  36.716467    12.6170    6.77293      3.928    31.2943    23.5974 -9.990e-29
 219.627546      3.967  36.716412    12.6186    6.77450      3.934    31.2929    23.5960 -9.990e-29
 219.627552      3.963  36.720920    12.6214    6.77953      3.930    31.2949    23.5970 -9.990e-29
 219.627558      3.954  36.724228    12.6230    6.78637      3.921    31.2967    23.5981 -9.990e-29
 219.627564      3.946  36.725703    12.6236    6.79075      3.913    31.2976    23.5987 -9.990e-29
 219.627569      3.945  36.726750    12.6252    6.79493      3.912    31.2972    23.5981 -9.990e-29
 219.627575      3.945  36.728207    12.6293    6.80580      3.912    31.2952    23.5958 -9.990e-29
 219.627581      3.943  36.730894    12.6350    6.81230      3.910    31.2930    23.5930 -9.990e-29
 219.627587      3.937  36.735030    12.6407    6.81514      3.904    31.2922    23.5913 -9.990e-29
 219.627593      3.928  36.740525    12.6463    6.80941      3.895    31.2928    23.5906 -9.990e-29
 219.627598      3.920  36.745178    12.6523    6.80738      3.887    31.2922    23.5890 -9.990e-29
 219.627604      3.916  36.746225    12.6587    6.79795      3.883    31.2879    23.5845 -9.990e-29
 219.627610      3.912  36.746744    12.6669    6.79934      3.879    31.2816    23.5780 -9.990e-29
 219.627616      3.903  36.750792    12.6750    6.80238      3.870    31.2787    23.5743 -9.990e-29
 219.627622      3.893  36.755920    12.6755    6.79729      3.860    31.2831    23.5776 -9.990e-29
 219.627627      3.885  36.754953    12.6656    6.79270      3.853    31.2904    23.5851 -9.990e-29
 219.627633      3.875  36.744920    12.6526    6.77062      3.843    31.2917    23.5886 -9.990e-29
 219.627639      3.858  36.735428    12.6447    6.76614      3.826    31.2893    23.5882 -9.990e-29
 219.627645      3.828  36.735122    12.6405    6.76366      3.796    31.2925    23.5915 -9.990e-29
 219.627650      3.780  36.737983    12.6354    6.77906      3.748    31.2995    23.5979 -9.990e-29
 219.627656      3.714  36.737734    12.6325    6.81429      3.683    31.3017    23.6001 -9.990e-29
 219.627662      3.634  36.736847    12.6334    6.85958      3.604    31.3001    23.5988 -9.990e-29
 219.627668      3.546  36.735259    12.6355    6.91888      3.516    31.2969    23.5959 -9.990e-29
 219.627674      3.437  36.731975    12.6433    6.96636      3.408    31.2874    23.5870 -9.990e-29
 219.627679      3.290  36.733827    12.6670    7.00362      3.263    31.2695    23.5687 0.0000e+00
 219.627685      3.098  36.750572    12.7058    7.05476      3.072    31.2532    23.5487 0.0000e+00
 219.627691      2.875  36.783235    12.7507    7.07938      2.851    31.2470    23.5353 0.0000e+00
 219.627697      2.642  36.824921    12.8020    7.06014      2.620    31.2440    23.5231 0.0000e+00
 219.627703      2.408  36.869555    12.8590    6.98364      2.388    31.2391    23.5083 0.0000e+00
 219.627708      2.173  36.908267    12.9175    6.87988      2.155    31.2273    23.4880 0.0000e+00
 219.627714      1.929  36.943351    12.9790    6.81432      1.913    31.2097    23.4624 0.0000e+00
 219.627720      1.674  36.985719    13.0434    7.92637      1.660    31.1965    23.4398 0.0000e+00
 219.627726      1.418  37.034691    13.1033    7.78576      1.406    31.1933    23.4256 0.0000e+00
 219.627731      1.179  37.081575    13.1490    7.58912      1.169    31.1997    23.4217 0.0000e+00
 219.627737      0.966  37.110414    13.1761 -9.990e-29      0.958    31.2045    23.4201 0.0000e+00
 219.627743      0.784  37.109216    13.1890 -9.990e-29      0.777    31.1928    23.4086 0.0000e+00
 219.627749      0.638  37.067985    13.1957 -9.990e-29      0.633    31.1489    23.3733 -9.990e-29
 219.627755      0.527  36.953053    13.2005 -9.990e-29      0.523    31.0376    23.2863 -9.990e-29
 219.627760      0.441  36.654346    13.2046 -9.990e-29      0.437    30.7556    23.0675 -9.990e-29
 219.627766      0.373  35.827405    13.2092 -9.990e-29      0.370    29.9823    22.4689 -9.990e-29
 219.627772      0.327  33.417855    13.2148 -9.990e-29      0.324    27.7511    20.7445 -9.990e-29
 219.627778      0.302  26.476991    13.2206 -9.990e-29      0.299    21.4651    15.8960 -9.990e-29
 219.627784      0.287  16.176791    13.2233 -9.990e-29      0.285    12.5331     9.0205 -9.990e-29
 219.627789      0.281   9.232615 -9.990e-29 -9.990e-29      0.279 -9.990e-29 -9.990e-29 -9.990e-29
