data/oxygen options/ONMS/Olympic_Coast_National_Marine_Sanctuary_CTD_Data_2005_2023/raw_data/2007/CTD_KL027_101207faedb.cnv
* Sea-Bird SBE19 Data File:
* FileName = C:\2007_mooring_data\retrieval_101207\CTD_KL027_101207.hex
* Software Version 1.20
* Temperature SN = 2997
* Conductivity SN = 2997
* System UpLoad Time = Oct 12 2007 15:49:55
* SEACAT PROFILER V3.1c SN 2997   10/12/07  15:49:31.989
* strain gauge pressure sensor: S/N = 184829,  range = 3000 psia,  tc = 40
# nquan = 9
# nvalues = 25                          
# units = specified
# name 0 = timeJ: Julian Days
# name 1 = prSM: Pressure, Strain Gauge [db]
# name 2 = c0mS/cm: Conductivity [mS/cm]
# name 3 = t090C: Temperature [ITS-90, deg C]
# name 4 = oxML/L: Oxygen, Beckman/YSI [ml/l]
# name 5 = depSM: Depth [salt water, m], lat = 47.5
# name 6 = sal00: Salinity, Practical [PSU]
# name 7 = sigma-é00: Density [sigma-theta, kg/m^3]
# name 8 = flag: flag
# span 0 = 285.604465, 285.604854       
# span 1 =      4.000,     28.000       
# span 2 =  34.175040,  36.855183       
# span 3 =    12.4975,    12.6792       
# span 4 =    6.19825,    7.18239       
# span 5 =      3.967,     27.764       
# span 6 =    28.9911,    31.3849       
# span 7 =    21.8369,    23.6610       
# span 8 = 0.0000e+00, 0.0000e+00       
# interval = decibars: 1                
# start_time = Oct 12 2007 14:26:54 [Instrument's time stamp, header]
# bad_flag = -9.990e-29
*END*
 285.604465      4.000  34.175040    12.4975    7.13221      3.967    28.9911    21.8369 0.0000e+00
 285.604488      5.000  34.385875    12.5347    7.18239      4.958    29.1603    21.9609 0.0000e+00
 285.604506      6.000  34.634929    12.5768    6.90761      5.950    29.3613    22.1087 0.0000e+00
 285.604523      7.000  34.861476    12.5982    6.54300      6.941    29.5572    22.2564 0.0000e+00
 285.604538      8.000  35.033643    12.5623    6.49025      7.933    29.7472    22.4101 0.0000e+00
 285.604553      9.000  35.105357    12.5449    6.54926      8.925    29.8282    22.4760 0.0000e+00
 285.604567     10.000  35.266352    12.5491    6.58967      9.916    29.9763    22.5899 0.0000e+00
 285.604581     11.000  35.378738    12.5659    6.61228     10.908    30.0686    22.6582 0.0000e+00
 285.604596     12.000  35.457968    12.5837    6.62324     11.899    30.1287    22.7015 0.0000e+00
 285.604611     13.000  35.511171    12.5971    6.62431     12.891    30.1678    22.7292 0.0000e+00
 285.604627     14.000  35.560838    12.6107    6.60981     13.882    30.2033    22.7542 0.0000e+00
 285.604641     15.000  35.621294    12.6265    6.59742     14.874    30.2472    22.7853 0.0000e+00
 285.604654     16.000  35.677321    12.6368    6.58158     15.866    30.2914    22.8175 0.0000e+00
 285.604667     17.000  35.726340    12.6448    6.57276     16.857    30.3308    22.8465 0.0000e+00
 285.604680     18.000  35.766781    12.6508    6.55104     17.849    30.3636    22.8709 0.0000e+00
 285.604693     19.000  35.811361    12.6566    6.52487     18.840    30.4007    22.8984 0.0000e+00
 285.604708     20.000  35.869747    12.6621    6.48127     19.832    30.4509    22.9364 0.0000e+00
 285.604723     21.000  35.937352    12.6654    6.36806     20.824    30.5116    22.9826 0.0000e+00
 285.604739     22.000  36.096178    12.6729    6.25936     21.815    30.6549    23.0923 0.0000e+00
 285.604752     23.000  36.437798    12.6792    6.25377     22.807    30.9718    23.3364 0.0000e+00
 285.604768     24.000  36.559956    12.6777    6.25344     23.798    31.0882    23.4267 0.0000e+00
 285.604782     25.000  36.634285    12.6714    6.25731     24.790    31.1632    23.4860 0.0000e+00
 285.604797     26.000  36.728088    12.6648    6.22327     25.781    31.2570    23.5600 0.0000e+00
 285.604813     27.000  36.814743    12.6592    6.19825     26.773    31.3432    23.6278 0.0000e+00
 285.604854     28.000  36.855183    12.6547    6.22308     27.764    31.3849    23.6610 0.0000e+00
