data/oxygen options/ONMS/Olympic_Coast_National_Marine_Sanctuary_CTD_Data_2005_2023/raw_data/2007/CTD_TH042_053007faedb.cnv
* Sea-Bird SBE19 Data File:
* FileName = C:\2007_mooring_data\CTD_TH042_053007.hex
* Software Version 1.1.6
* Temperature SN = 2997
* Conductivity SN = 2997
* System UpLoad Time = May 30 2007 12:33:35
* SEACAT PROFILER V3.1c SN 2997   05/30/07  12:33:04.771
* strain gauge pressure sensor: S/N = 184829,  range = 3000 psia,  tc = 40
# nquan = 9
# nvalues = 41                          
# units = specified
# name 0 = timeJ: Julian Days
# name 1 = prSM: Pressure, Strain Gauge [db]
# name 2 = c0mS/cm: Conductivity [mS/cm]
# name 3 = t090C: Temperature [ITS-90, deg C]
# name 4 = oxML/L: Oxygen, Beckman/YSI [ml/l]
# name 5 = depSM: Depth [salt water, m], lat = 47.5
# name 6 = sal00: Salinity, Practical [PSU]
# name 7 = sigma-é00: Density [sigma-theta, kg/m^3]
# name 8 = flag: flag
# span 0 = 150.496991, 150.497562       
# span 1 =      1.000,     41.000       
# span 2 =  34.079134,  36.074524       
# span 3 =     6.9886,    10.7276       
# span 4 =    2.79784,    6.64582       
# span 5 =      0.992,     40.654       
# span 6 =    32.2728,    33.6650       
# span 7 =    24.7143,    26.3692       
# span 8 = 0.0000e+00, 0.0000e+00       
# interval = decibars: 1                
# start_time = May 30 2007 11:52:20 [Instrument's time stamp, header]
# bad_flag = -9.990e-29
*END*
 150.496991      1.000  36.074524    10.7276    6.64582      0.992    32.2909    24.7143 0.0000e+00
 150.497016      2.000  35.941455    10.4997    6.32166      1.983    32.3597    24.8068 0.0000e+00
 150.497035      3.000  35.573511    10.0861    6.12240      2.975    32.3578    24.8750 0.0000e+00
 150.497051      4.000  35.258946     9.7833    5.94009      3.967    32.3097    24.8876 0.0000e+00
 150.497065      5.000  35.140570     9.6603    5.80044      4.958    32.2991    24.8993 0.0000e+00
 150.497080      6.000  35.039822     9.5355    5.45830      5.950    32.3079    24.9263 0.0000e+00
 150.497096      7.000  34.860845     9.3703    5.00218      6.942    32.2728    24.9253 0.0000e+00
 150.497110      8.000  34.719712     9.0742    4.47444      7.933    32.3951    25.0674 0.0000e+00
 150.497123      9.000  34.442618     8.6892    4.04401      8.924    32.4579    25.1760 0.0000e+00
 150.497135     10.000  34.279901     8.4773    3.86409      9.916    32.4817    25.2266 0.0000e+00
 150.497147     11.000  34.341514     8.3602    3.76954     10.908    32.6544    25.3794 0.0000e+00
 150.497159     12.000  34.428906     8.2411    3.76603     11.899    32.8572    25.5562 0.0000e+00
 150.497170     13.000  34.446842     8.2055    3.76787     12.891    32.9093    25.6022 0.0000e+00
 150.497183     14.000  34.445625     8.1618    3.73978     13.883    32.9485    25.6394 0.0000e+00
 150.497194     15.000  34.441699     8.1481    3.65784     14.875    32.9568    25.6480 0.0000e+00
 150.497206     16.000  34.439864     8.1246    3.53338     15.866    32.9764    25.6669 0.0000e+00
 150.497218     17.000  34.417588     8.0155    3.36223     16.858    33.0552    25.7447 0.0000e+00
 150.497230     18.000  34.376290     7.8691    3.22062     17.849    33.1492    25.8398 0.0000e+00
 150.497242     19.000  34.332832     7.7577    3.15195     18.840    33.2081    25.9021 0.0000e+00
 150.497255     20.000  34.303147     7.6969    3.10002     19.832    33.2338    25.9309 0.0000e+00
 150.497268     21.000  34.290757     7.6716    3.08492     20.824    33.2441    25.9427 0.0000e+00
 150.497283     22.000  34.281578     7.6552    3.07852     21.815    33.2495    25.9493 0.0000e+00
 150.497298     23.000  34.275089     7.6459    3.06222     22.807    33.2509    25.9517 0.0000e+00
 150.497315     24.000  34.269649     7.6402    3.04708     23.798    33.2500    25.9519 0.0000e+00
 150.497332     25.000  34.268896     7.6398    3.03911     24.790    33.2491    25.9512 0.0000e+00
 150.497348     26.000  34.260886     7.6252    2.99457     25.781    33.2539    25.9571 0.0000e+00
 150.497362     27.000  34.249891     7.6113    2.97098     26.773    33.2549    25.9599 0.0000e+00
 150.497374     28.000  34.235649     7.5930    2.94077     27.764    33.2566    25.9638 0.0000e+00
 150.497386     29.000  34.215255     7.5627    2.86562     28.756    33.2631    25.9732 0.0000e+00
 150.497399     30.000  34.198120     7.5376    2.81527     29.747    33.2681    25.9807 0.0000e+00
 150.497411     31.000  34.191887     7.4803    2.80085     30.739    33.3159    26.0264 0.0000e+00
 150.497424     32.000  34.162220     7.3157    2.80286     31.731    33.4419    26.1485 0.0000e+00
 150.497436     33.000  34.118904     7.1497    2.82110     32.722    33.5552    26.2606 0.0000e+00
 150.497448     34.000  34.101478     7.0881    2.81869     33.713    33.5957    26.3010 0.0000e+00
 150.497460     35.000  34.092796     7.0510    2.81958     34.705    33.6220    26.3268 0.0000e+00
 150.497473     36.000  34.086057     7.0281    2.81475     35.697    33.6364    26.3412 0.0000e+00
 150.497487     37.000  34.087828     7.0180    2.82720     36.688    33.6477    26.3516 0.0000e+00
 150.497501     38.000  34.083419     7.0017    2.81604     37.680    33.6583    26.3621 0.0000e+00
 150.497516     39.000  34.079374     6.9952    2.81394     38.671    33.6598    26.3642 0.0000e+00
 150.497532     40.000  34.079466     6.9914    2.80132     39.662    33.6631    26.3673 0.0000e+00
 150.497562     41.000  34.079134     6.9886    2.79784     40.654    33.6650    26.3692 0.0000e+00
