data/oxygen options/ONMS/Olympic_Coast_National_Marine_Sanctuary_CTD_Data_2005_2023/raw_data/2007/CTD_TH042_071207faedb.cnv
* Sea-Bird SBE19 Data File:
* FileName = C:\2007_mooring_data\CTD_TH042_071207.hex
* Software Version 1.1.6
* Temperature SN = 2997
* Conductivity SN = 2997
* System UpLoad Time = Jul 12 2007 12:15:29
* SEACAT PROFILER V3.1c SN 2997   07/12/07  12:14:59.958
* strain gauge pressure sensor: S/N = 184829,  range = 3000 psia,  tc = 40
# nquan = 9
# nvalues = 41                          
# units = specified
# name 0 = timeJ: Julian Days
# name 1 = prSM: Pressure, Strain Gauge [db]
# name 2 = c0mS/cm: Conductivity [mS/cm]
# name 3 = t090C: Temperature [ITS-90, deg C]
# name 4 = oxML/L: Oxygen, Beckman/YSI [ml/l]
# name 5 = depSM: Depth [salt water, m], lat = 47.5
# name 6 = sal00: Salinity, Practical [PSU]
# name 7 = sigma-é00: Density [sigma-theta, kg/m^3]
# name 8 = flag: flag
# span 0 = 193.491351, 193.491772       
# span 1 =      2.000,     42.000       
# span 2 =  34.119293,  36.401641       
# span 3 =     7.1228,    10.6061       
# span 4 =    2.52232,    5.76861       
# span 5 =      1.983,     41.645       
# span 6 =    32.7251,    33.6681       
# span 7 =    25.0732,    26.3530       
# span 8 = 0.0000e+00, 0.0000e+00       
# interval = decibars: 1                
# start_time = Jul 12 2007 11:43:57 [Instrument's time stamp, header]
# bad_flag = -9.990e-29
*END*
 193.491351      2.000  36.401641    10.6061    5.76861      1.983    32.7251    25.0732 0.0000e+00
 193.491369      3.000  36.150721    10.1441    4.40834      2.975    32.8893    25.2800 0.0000e+00
 193.491382      4.000  35.740000     9.5485    3.63270      3.967    33.0150    25.4767 0.0000e+00
 193.491394      5.000  35.230440     8.7539    3.12186      4.958    33.2245    25.7666 0.0000e+00
 193.491405      6.000  34.614979     8.0296    2.99146      5.950    33.2576    25.9017 0.0000e+00
 193.491417      7.000  34.310215     7.7402    3.00374      6.941    33.2063    25.9031 0.0000e+00
 193.491427      8.000  34.240300     7.6076    3.04232      7.933    33.2571    25.9619 0.0000e+00
 193.491438      9.000  34.185530     7.5201    3.04128      8.925    33.2814    25.9934 0.0000e+00
 193.491449     10.000  34.179082     7.4950    3.00638      9.916    33.2980    26.0099 0.0000e+00
 193.491458     11.000  34.187340     7.4759    2.97764     10.908    33.3249    26.0337 0.0000e+00
 193.491468     12.000  34.192993     7.4268    2.93947     11.900    33.3778    26.0823 0.0000e+00
 193.491477     13.000  34.186824     7.3495    2.87531     12.891    33.4451    26.1461 0.0000e+00
 193.491485     14.000  34.160231     7.2694    2.84550     13.883    33.4933    26.1952 0.0000e+00
 193.491494     15.000  34.138698     7.2241    2.83478     14.874    33.5133    26.2172 0.0000e+00
 193.491503     16.000  34.128766     7.2075    2.82563     15.866    33.5181    26.2232 0.0000e+00
 193.491511     17.000  34.122534     7.1872    2.78437     16.858    33.5305    26.2359 0.0000e+00
 193.491520     18.000  34.119293     7.1723    2.73202     17.849    33.5410    26.2462 0.0000e+00
 193.491530     19.000  34.126727     7.1591    2.70199     18.841    33.5614    26.2641 0.0000e+00
 193.491538     20.000  34.143194     7.1433    2.66722     19.832    33.5943    26.2921 0.0000e+00
 193.491547     21.000  34.160608     7.1322    2.62826     20.824    33.6237    26.3168 0.0000e+00
 193.491556     22.000  34.171347     7.1262    2.61124     21.816    33.6408    26.3311 0.0000e+00
 193.491564     23.000  34.178606     7.1240    2.60190     22.807    33.6504    26.3390 0.0000e+00
 193.491573     24.000  34.184080     7.1237    2.59284     23.799    33.6562    26.3436 0.0000e+00
 193.491582     25.000  34.188152     7.1240    2.58420     24.790    33.6599    26.3464 0.0000e+00
 193.491591     26.000  34.190710     7.1234    2.56326     25.781    33.6628    26.3488 0.0000e+00
 193.491600     27.000  34.192912     7.1228    2.58044     26.773    33.6652    26.3509 0.0000e+00
 193.491610     28.000  34.195230     7.1231    2.58145     27.764    33.6670    26.3523 0.0000e+00
 193.491619     29.000  34.197158     7.1236    2.56813     28.756    33.6681    26.3530 0.0000e+00
 193.491629     30.000  34.197211     7.1239    2.55518     29.747    33.6674    26.3524 0.0000e+00
 193.491638     31.000  34.197071     7.1240    2.56076     30.739    33.6667    26.3519 0.0000e+00
 193.491647     32.000  34.196783     7.1248    2.55989     31.730    33.6651    26.3506 0.0000e+00
 193.491656     33.000  34.197513     7.1266    2.55259     32.722    33.6636    26.3492 0.0000e+00
 193.491665     34.000  34.198496     7.1267    2.55174     33.713    33.6642    26.3496 0.0000e+00
 193.491675     35.000  34.198594     7.1255    2.55276     34.705    33.6649    26.3504 0.0000e+00
 193.491685     36.000  34.198950     7.1254    2.54166     35.696    33.6649    26.3504 0.0000e+00
 193.491695     37.000  34.200235     7.1256    2.53351     36.688    33.6656    26.3509 0.0000e+00
 193.491705     38.000  34.199635     7.1252    2.54532     37.680    33.6649    26.3504 0.0000e+00
 193.491716     39.000  34.199423     7.1255    2.53790     38.671    33.6639    26.3496 0.0000e+00
 193.491727     40.000  34.199692     7.1259    2.52232     39.662    33.6633    26.3491 0.0000e+00
 193.491738     41.000  34.200620     7.1260    2.52893     40.654    33.6637    26.3494 0.0000e+00
 193.491772     42.000  34.204211     7.1277    2.52582     41.645    33.6655    26.3506 0.0000e+00
