data/oxygen options/ONMS/Olympic_Coast_National_Marine_Sanctuary_CTD_Data_2005_2023/raw_data/2007/CTD_CE042_101207faed.cnv
* Sea-Bird SBE19 Data File:
* FileName = C:\2007_mooring_data\retrieval_101207\CTD_CE042_101207.hex
* Software Version 1.20
* Temperature SN = 2997
* Conductivity SN = 2997
* System UpLoad Time = Oct 12 2007 13:29:31
* SEACAT PROFILER V3.1c SN 2997   10/12/07  13:28:59.918
* strain gauge pressure sensor: S/N = 184829,  range = 3000 psia,  tc = 40
# nquan = 9                                 
# nvalues = 730                         
# units = specified
# name 0 = timeJ: Julian Days
# name 1 = prSM: Pressure, Strain Gauge [db]
# name 2 = c0mS/cm: Conductivity [mS/cm]
# name 3 = t090C: Temperature [ITS-90, deg C]
# name 4 = oxML/L: Oxygen, Beckman/YSI [ml/l]
# name 5 = depSM: Depth [salt water, m], lat = 47.5
# name 6 = sal00: Salinity, Practical [PSU]
# name 7 = sigma-é00: Density [sigma-theta, kg/m^3]
# name 8 = flag: flag
# span 0 = 285.484630, 285.488848       
# span 1 =     -5.143,     42.340       
# span 2 =   0.321072,  37.183590       
# span 3 =     8.5632,    13.2623       
# span 4 =   -0.07155,   31.75402       
# span 5 =     -5.100,     41.982       
# span 6 =     0.2010,    33.1377       
# span 7 =    -0.4768,    25.7273       
# span 8 = 0.0000e+00, 0.0000e+00       
# interval = seconds: 0.5
# start_time = Oct 12 2007 11:37:52 [Instrument's time stamp, header]
# bad_flag = -9.990e-29
*END*
[from data line 481]
 285.487413      2.197  36.940488    12.1347    6.15793      2.179    31.9150    24.1691 0.0000e+00
 285.487419      2.536  36.921302    12.1167    6.16980      2.515    31.9118    24.1700 0.0000e+00
 285.487425      2.898  36.906829    12.1055    6.17066      2.874    31.9073    24.1686 0.0000e+00
 285.487431      3.276  36.897945    12.0975    6.18719      3.249    31.9054    24.1686 0.0000e+00
 285.487436      3.665  36.891770    12.0908    6.24078      3.634    31.9050    24.1696 0.0000e+00
 285.487442      4.063  36.887354    12.0845    6.29873      4.029    31.9060    24.1715 0.0000e+00
 285.487448      4.466  36.885530    12.0782    6.36323      4.429    31.9095    24.1754 0.0000e+00
 285.487454      4.869  36.883856    12.0726    6.42229      4.828    31.9125    24.1788 0.0000e+00
 285.487459      5.273  36.878410    12.0680    6.46663      5.229    31.9110    24.1785 0.0000e+00
 285.487465      5.677  36.871452    12.0646    6.50857      5.630    31.9071    24.1761 0.0000e+00
 285.487471      6.081  36.865468    12.0620    6.52354      6.030    31.9034    24.1737 0.0000e+00
 285.487477      6.485  36.860319    12.0598    6.52993      6.431    31.9001    24.1716 0.0000e+00
 285.487483      6.890  36.855859    12.0573    6.52907      6.832    31.8978    24.1703 0.0000e+00
 285.487488      7.290  36.851739    12.0544    6.52593      7.229    31.8961    24.1696 0.0000e+00
 285.487494      7.682  36.848062    12.0512    6.51695      7.618    31.8952    24.1694 0.0000e+00
 285.487500      8.069  36.844403    12.0474    6.51012      8.002    31.8948    24.1698 0.0000e+00
 285.487506      8.454  36.839800    12.0424    6.51063      8.383    31.8944    24.1705 0.0000e+00
 285.487512      8.836  36.834275    12.0359    6.51757      8.762    31.8945    24.1718 0.0000e+00
 285.487517      9.218  36.827740    12.0273    6.52452      9.141    31.8954    24.1741 0.0000e+00
 285.487523      9.607  36.819325    12.0169    6.52307      9.527    31.8960    24.1765 0.0000e+00
 285.487529     10.002  36.809573    12.0065    6.51772      9.918    31.8954    24.1779 0.0000e+00
 285.487535     10.397  36.800607    11.9976    6.51506     10.310    31.8942    24.1786 0.0000e+00
 285.487541     10.802  36.793357    11.9898    6.50645     10.712    31.8937    24.1797 0.0000e+00
 285.487546     11.225  36.787120    11.9824    6.50943     11.131    31.8938    24.1812 0.0000e+00
 285.487552     11.662  36.781419    11.9753    6.50803     11.564    31.8942    24.1828 0.0000e+00
 285.487558     12.107  36.775930    11.9683    6.49098     12.006    31.8948    24.1845 0.0000e+00
 285.487564     12.558  36.770053    11.9608    6.48075     12.453    31.8953    24.1864 0.0000e+00
 285.487569     13.019  36.763230    11.9525    6.46068     12.910    31.8957    24.1882 0.0000e+00
 285.487575     13.484  36.755324    11.9442    6.45372     13.371    31.8949    24.1892 0.0000e+00
 285.487581     13.944  36.746996    11.9361    6.44462     13.827    31.8937    24.1897 0.0000e+00
 285.487587     14.400  36.738906    11.9275    6.45064     14.279    31.8930    24.1908 0.0000e+00
 285.487593     14.853  36.730910    11.9190    6.45249     14.729    31.8924    24.1919 0.0000e+00
 285.487598     15.307  36.723549    11.9124    6.44171     15.179    31.8907    24.1918 0.0000e+00
 285.487604     15.761  36.718210    11.9083    6.43370     15.629    31.8889    24.1912 0.0000e+00
 285.487610     16.210  36.715052    11.9058    6.42892     16.074    31.8878    24.1908 0.0000e+00
 285.487616     16.647  36.713221    11.9040    6.43938     16.507    31.8874    24.1908 0.0000e+00
 285.487622     17.072  36.711948    11.9023    6.45130     16.929    31.8875    24.1912 0.0000e+00
 285.487627     17.484  36.710647    11.9005    6.45320     17.337    31.8876    24.1916 0.0000e+00
 285.487633     17.880  36.709257    11.8991    6.44345     17.730    31.8873    24.1916 0.0000e+00
 285.487639     18.251  36.707601    11.8978    6.44317     18.098    31.8866    24.1914 0.0000e+00
 285.487645     18.595  36.705704    11.8961    6.48213     18.439    31.8861    24.1913 0.0000e+00
 285.487650     18.921  36.704390    11.8935    6.53183     18.762    31.8870    24.1924 0.0000e+00
 285.487656     19.237  36.702462    11.8902    6.57672     19.076    31.8878    24.1937 0.0000e+00
 285.487662     19.545  36.699024    11.8876    6.60446     19.381    31.8866    24.1932 0.0000e+00
 285.487668     19.849  36.696774    11.8870    6.59794     19.682    31.8848    24.1920 0.0000e+00
 285.487674     20.154  36.697187    11.8879    6.58067     19.985    31.8843    24.1914 0.0000e+00
 285.487679     20.477  36.698564    11.8882    6.56565     20.305    31.8852    24.1921 0.0000e+00
 285.487685     20.832  36.698811    11.8852    6.55267     20.657    31.8879    24.1947 0.0000e+00
 285.487691     21.225  36.696011    11.8787    6.51181     21.047    31.8906    24.1980 0.0000e+00
 285.487697     21.652  36.690349    11.8725    6.46790     21.470    31.8903    24.1989 0.0000e+00
 285.487703     22.105  36.684916    11.8676    6.43464     21.919    31.8890    24.1989 0.0000e+00
 285.487708     22.575  36.680307    11.8616    6.42031     22.385    31.8895    24.2004 0.0000e+00
 285.487714     23.045  36.674852    11.8537    6.42918     22.851    31.8908    24.2028 0.0000e+00
 285.487720     23.504  36.668558    11.8450    6.44567     23.307    31.8920    24.2053 0.0000e+00
 285.487726     23.963  36.661990    11.8364    6.46191     23.762    31.8928    24.2076 0.0000e+00
 285.487731     24.419  36.653672    11.8281    6.47505     24.214    31.8917    24.2082 0.0000e+00
 285.487737     24.858  36.642593    11.8183    6.46914     24.649    31.8892    24.2081 0.0000e+00
 285.487743     25.275  36.631911    11.8031    6.44760     25.063    31.8917    24.2129 0.0000e+00
 285.487749     25.675  36.621948    11.7817    6.39791     25.459    31.9003    24.2234 0.0000e+00
 285.487755     26.062  36.608942    11.7589    6.34598     25.843    31.9071    24.2329 0.0000e+00
 285.487760     26.438  36.593481    11.7352    6.34133     26.216    31.9123    24.2413 0.0000e+00
 285.487766     26.815  36.577920    11.7028    6.37099     26.589    31.9249    24.2569 0.0000e+00
 285.487772     27.199  36.558320    11.6548    6.39594     26.970    31.9470    24.2829 0.0000e+00
 285.487778     27.589  36.528158    11.5932    6.37806     27.357    31.9706    24.3124 0.0000e+00
 285.487784     27.981  36.488128    11.5347    6.34040     27.746    31.9819    24.3317 0.0000e+00
 285.487789     28.361  36.449308    11.4996    6.27544     28.122    31.9742    24.3321 0.0000e+00
 285.487795     28.722  36.425502    11.4848    6.21901     28.480    31.9637    24.3266 0.0000e+00
 285.487801     29.075  36.418023    11.4706    6.15493     28.830    31.9685    24.3329 0.0000e+00
 285.487807     29.429  36.412404    11.4294    6.06252     29.181    31.9985    24.3636 0.0000e+00
 285.487813     29.794  36.382649    11.3367    5.95779     29.543    32.0496    24.4199 0.0000e+00
 285.487818     30.181  36.315423    11.2068    5.82505     29.927    32.0964    24.4795 0.0000e+00
 285.487824     30.583  36.229269    11.0724    5.69753     30.326    32.1287    24.5283 0.0000e+00
 285.487830     30.988  36.146065    10.9404    5.53912     30.727    32.1620    24.5773 0.0000e+00
 285.487836     31.401  36.074235    10.8006    5.36375     31.137    32.2134    24.6417 0.0000e+00
 285.487841     31.835  36.013828    10.6568    5.18600     31.567    32.2800    24.7184 0.0000e+00
 285.487847     32.291  35.962749    10.5286    5.01633     32.019    32.3423    24.7890 0.0000e+00
 285.487853     32.760  35.924049    10.4322    4.87146     32.484    32.3891    24.8419 0.0000e+00
 285.487859     33.225  35.903270    10.3684    4.75817     32.945    32.4249    24.8806 0.0000e+00
 285.487865     33.672  35.897337    10.3166    4.66878     33.388    32.4650    24.9207 0.0000e+00
 285.487870     34.101  35.885985    10.2603    4.61631     33.814    32.5038    24.9604 0.0000e+00
 285.487876     34.512  35.860228    10.2088    4.54210     34.221    32.5238    24.9847 0.0000e+00
 285.487882     34.905  35.834475    10.1645    4.42299     34.611    32.5374    25.0028 0.0000e+00
 285.487888     35.286  35.810244    10.1061    4.25930     34.989    32.5653    25.0343 0.0000e+00
 285.487894     35.664  35.773706    10.0134    4.09874     35.363    32.6116    25.0859 0.0000e+00
 285.487899     36.051  35.718732     9.8898    3.95605     35.747    32.6674    25.1499 0.0000e+00
 285.487905     36.450  35.657768     9.7569    3.85691     36.143    32.7257    25.2173 0.0000e+00
 285.487911     36.856  35.601987     9.6190    3.78493     36.545    32.7942    25.2933 0.0000e+00
 285.487917     37.262  35.536399     9.4659    3.73510     36.948    32.8669    25.3748 0.0000e+00
 285.487922     37.659  35.450871     9.3057    3.69136     37.341    32.9259    25.4466 0.0000e+00
 285.487928     38.041  35.359684     9.1616    3.65400     37.720    32.9644    25.4996 0.0000e+00
 285.487934     38.408  35.281901     9.0586    3.63533     38.084    32.9789    25.5272 0.0000e+00
 285.487940     38.757  35.225867     9.0067    3.61763     38.430    32.9686    25.5273 0.0000e+00
 285.487946     39.084  35.189138     8.9818    3.61584     38.754    32.9534    25.5192 0.0000e+00
 285.487951     39.390  35.170357     8.9432    3.62252     39.058    32.9695    25.5379 0.0000e+00
 285.487957     39.685  35.153997     8.8781    3.60282     39.350    33.0128    25.5819 0.0000e+00
 285.487963     39.978  35.124405     8.8099    3.56760     39.641    33.0452    25.6179 0.0000e+00
 285.487969     40.268  35.092555     8.7535    3.53320     39.928    33.0644    25.6416 0.0000e+00
 285.487975     40.556  35.065837     8.7032    3.50339     40.214    33.0833    25.6641 0.0000e+00
 285.487980     40.846  35.042795     8.6551    3.49073     40.501    33.1040    25.6877 0.0000e+00
 285.487986     41.137  35.024077     8.6116    3.47495     40.790    33.1249    25.7108 0.0000e+00
 285.487992     41.420  35.007129     8.5789    3.45387     41.070    33.1377    25.7257 0.0000e+00
 285.487998     41.680  34.992315     8.5632    3.44558     41.328    33.1367    25.7273 0.0000e+00
 285.488003     41.899  34.984527     8.5636    3.43976     41.545    33.1280    25.7205 0.0000e+00
 285.488009     42.074  34.985135     8.5730    3.43947     41.719    33.1198    25.7126 0.0000e+00
 285.488015     42.202  34.992140     8.5853    3.46038     41.846    33.1155    25.7074 -9.990e-29
 285.488021     42.284  35.003109     8.5957    3.47764     41.927    33.1173    25.7072 -9.990e-29
 285.488027     42.329  35.011365     8.6007    3.50116     41.971    33.1212    25.7095 -9.990e-29
 285.488032     42.340  35.012784     8.6028    3.51677     41.982    33.1208    25.7088 -9.990e-29
 285.488038     42.313  35.012054     8.6110    3.52336     41.956    33.1123    25.7010 -9.990e-29
 285.488044     42.251  35.014364     8.6310    3.53574     41.894    33.0960    25.6852 -9.990e-29
 285.488050     42.159  35.024469     8.6557    3.54006     41.803    33.0836    25.6716 -9.990e-29
 285.488056     42.043  35.040144     8.6742    3.55462     41.688    33.0828    25.6682 -9.990e-29
 285.488061     41.913  35.050344     8.6845    3.56370     41.559    33.0839    25.6675 0.0000e+00
 285.488067     41.774  35.054100     8.6887    3.56900     41.421    33.0840    25.6669 0.0000e+00
 285.488073     41.621  35.056417     8.6902    3.55545     41.269    33.0851    25.6675 0.0000e+00
 285.488079     41.449  35.057579     8.6922    3.56796     41.099    33.0845    25.6668 0.0000e+00
 285.488084     41.256  35.058571     8.6939    3.56835     40.908    33.0840    25.6661 0.0000e+00
 285.488090     41.037  35.060148     8.6962    3.57472     40.690    33.0836    25.6655 0.0000e+00
 285.488096     40.792  35.061048     8.7103    3.59758     40.448    33.0715    25.6538 0.0000e+00
 285.488102     40.526  35.063025     8.7406    3.60212     40.184    33.0454    25.6287 0.0000e+00
 285.488108     40.253  35.069271     8.7698    3.60325     39.913    33.0248    25.6081 0.0000e+00
 285.488113     39.986  35.077463     8.7847    3.59255     39.648    33.0196    25.6017 0.0000e+00
 285.488119     39.727  35.082276     8.7892    3.58438     39.392    33.0206    25.6018 0.0000e+00
 285.488125     39.475  35.083966     8.7898    3.59400     39.142    33.0219    25.6027 0.0000e+00
 285.488131     39.213  35.086465     8.7884    3.63485     38.882    33.0260    25.6061 0.0000e+00
 285.488137     38.925  35.090302     8.7869    3.69007     38.596    33.0315    25.6106 0.0000e+00
 285.488142     38.613  35.093873     8.7933    3.71408     38.287    33.0294    25.6080 0.0000e+00
 285.488148     38.291  35.098032     8.8239    3.75015     37.968    33.0054    25.5845 0.0000e+00
 285.488154     37.971  35.109459     8.8973    3.81376     37.651    32.9492    25.5291 0.0000e+00
 285.488160     37.655  35.136678     9.0100    3.86640     37.337    32.8733    25.4522 0.0000e+00
 285.488166     37.352  35.187417     9.1378    3.90647     37.037    32.8082    25.3812 0.0000e+00
 285.488171     37.062  35.265462     9.2569    3.94308     36.749    32.7796    25.3400 0.0000e+00
 285.488177     36.779  35.335915     9.3419    3.98536     36.469    32.7744    25.3224 0.0000e+00
 285.488183     36.495  35.362723     9.3884    4.06002     36.187    32.7596    25.3034 0.0000e+00
 285.488189     36.201  35.372698     9.4227    4.16575     35.896    32.7386    25.2815 0.0000e+00
 285.488194     35.889  35.392618     9.4722    4.31499     35.586    32.7140    25.2543 0.0000e+00
 285.488200     35.563  35.418797     9.5503    4.47271     35.263    32.6698    25.2071 0.0000e+00
 285.488206     35.221  35.453649     9.6646    4.62104     34.924    32.6017    25.1355 0.0000e+00
 285.488212     34.865  35.499388     9.8233    4.76003     34.571    32.5049    25.0340 0.0000e+00
 285.488218     34.498  35.558736     9.9993    4.87853     34.207    32.4071    24.9286 0.0000e+00
 285.488223     34.125  35.631266    10.1346    4.96175     33.837    32.3594    24.8689 0.0000e+00
 285.488229     33.757  35.698269    10.2058    5.01296     33.473    32.3636    24.8602 0.0000e+00
 285.488235     33.401  35.747682    10.2319    5.00814     33.120    32.3902    24.8766 0.0000e+00
 285.488241     33.061  35.779290    10.2361    4.98559     32.782    32.4184    24.8979 0.0000e+00
 285.488247     32.735  35.793781    10.2335    4.99959     32.459    32.4355    24.9116 0.0000e+00
 285.488252     32.421  35.799844    10.2346    5.04419     32.148    32.4407    24.9156 0.0000e+00
 285.488258     32.115  35.806699    10.2425    5.12912     31.844    32.4407    24.9142 0.0000e+00
 285.488264     31.811  35.813969    10.2536    5.20206     31.543    32.4382    24.9104 0.0000e+00
 285.488270     31.499  35.815106    10.2721    5.30774     31.234    32.4230    24.8954 0.0000e+00
 285.488275     31.174  35.811081    10.3187    5.42963     30.911    32.3775    24.8521 0.0000e+00
 285.488281     30.847  35.813357    10.4133    5.57074     30.587    32.2958    24.7723 0.0000e+00
 285.488287     30.528  35.832273    10.5400    5.69115     30.271    32.2026    24.6782 0.0000e+00
 285.488293     30.220  35.872329    10.6462    5.77843     29.966    32.1490    24.6183 0.0000e+00
 285.488299     29.927  35.914099    10.6961    5.87543     29.675    32.1468    24.6080 0.0000e+00
 285.488304     29.638  35.931484    10.7176    5.94104     29.389    32.1453    24.6031 0.0000e+00
 285.488310     29.334  35.936486    10.7687    6.01212     29.087    32.1055    24.5633 0.0000e+00
 285.488316     29.006  35.952609    10.8599    6.09743     28.762    32.0418    24.4978 0.0000e+00
 285.488322     28.658  35.982863    10.9689    6.17577     28.417    31.9767    24.4282 0.0000e+00
 285.488328     28.301  36.027811    11.0846    6.26107     28.063    31.9206    24.3642 0.0000e+00
