data/oxygen options/ONMS/Olympic_Coast_National_Marine_Sanctuary_CTD_Data_2005_2023/raw_data/2007/CTD_CA065_071007faedb.cnv
* Sea-Bird SBE19 Data File:
* FileName = C:\2007_mooring_data\CTD_CA065_071007.hex
* Software Version 1.1.6
* Temperature SN = 2997
* Conductivity SN = 2997
* System UpLoad Time = Jul 10 2007 16:03:44
* SEACAT PROFILER V3.1c SN 2997   07/10/07  16:02:43.478
* strain gauge pressure sensor: S/N = 184829,  range = 3000 psia,  tc = 40
# nquan = 9
# nvalues = 65                          
# units = specified
# name 0 = timeJ: Julian Days
# name 1 = prSM: Pressure, Strain Gauge [db]
# name 2 = c0mS/cm: Conductivity [mS/cm]
# name 3 = t090C: Temperature [ITS-90, deg C]
# name 4 = oxML/L: Oxygen, Beckman/YSI [ml/l]
# name 5 = depSM: Depth [salt water, m], lat = 47.5
# name 6 = sal00: Salinity, Practical [PSU]
# name 7 = sigma-é00: Density [sigma-theta, kg/m^3]
# name 8 = flag: flag
# span 0 = 191.588700, 191.589367       
# span 1 =      1.000,     65.000       
# span 2 =  33.813594,  39.104105       
# span 3 =     6.5659,    14.7554       
# span 4 =    1.94933,    6.78838       
# span 5 =      0.992,     64.448       
# span 6 =    31.7449,    33.9359       
# span 7 =    23.5161,    26.6373       
# span 8 = 0.0000e+00, 0.0000e+00       
# interval = decibars: 1                
# start_time = Jul 10 2007 14:04:05 [Instrument's time stamp, header]
# bad_flag = -9.990e-29
*END*
 191.588700      1.000  39.104105    14.7554    6.78838      0.992    31.7449    23.5161 0.0000e+00
 191.588724      2.000  38.842089    14.3215    6.64594      1.983    31.8623    23.6972 0.0000e+00
 191.588739      3.000  38.337484    13.7512    6.30886      2.975    31.8698    23.8198 0.0000e+00
 191.588753      4.000  37.911894    13.3172    5.97474      3.967    31.8356    23.8804 0.0000e+00
 191.588766      5.000  37.581919    12.8955    5.67498      4.958    31.8794    23.9970 0.0000e+00
 191.588778      6.000  37.218978    12.4219    5.39267      5.950    31.9353    24.1311 0.0000e+00
 191.588790      7.000  36.862082    11.9765    5.04771      6.942    31.9729    24.2436 0.0000e+00
 191.588800      8.000  36.545909    11.5538    4.82758      7.933    32.0300    24.3653 0.0000e+00
 191.588811      9.000  36.300364    11.1577    4.71107      8.925    32.1334    24.5164 0.0000e+00
 191.588821     10.000  35.991812    10.7188    4.51157      9.916    32.2126    24.6547 0.0000e+00
 191.588832     11.000  35.720863    10.3338    4.31724     10.908    32.2821    24.7746 0.0000e+00
 191.588843     12.000  35.555334    10.0459    4.11418     11.900    32.3717    24.8928 0.0000e+00
 191.588855     13.000  35.352411     9.6963    3.93172     12.891    32.4795    25.0343 0.0000e+00
 191.588866     14.000  35.075053     9.2940    3.83429     13.882    32.5595    25.1616 0.0000e+00
 191.588875     15.000  34.892685     9.0437    3.79435     14.874    32.5991    25.2320 0.0000e+00
 191.588884     16.000  34.810452     8.9002    3.74227     15.866    32.6449    25.2902 0.0000e+00
 191.588894     17.000  34.770656     8.7903    3.63917     16.858    32.7043    25.3535 0.0000e+00
 191.588902     18.000  34.697657     8.6469    3.51869     17.849    32.7600    25.4191 0.0000e+00
 191.588911     19.000  34.607724     8.4967    3.41552     18.841    32.8045    25.4767 0.0000e+00
 191.588920     20.000  34.514557     8.3698    3.35314     19.832    32.8241    25.5111 0.0000e+00
 191.588929     21.000  34.436720     8.2667    3.31543     20.823    32.8375    25.5370 0.0000e+00
 191.588938     22.000  34.387967     8.1889    3.28572     21.815    32.8582    25.5647 0.0000e+00
 191.588947     23.000  34.354895     8.1357    3.27362     22.807    32.8724    25.5837 0.0000e+00
 191.588956     24.000  34.334891     8.1140    3.26415     23.798    32.8712    25.5859 0.0000e+00
 191.588966     25.000  34.323519     8.0980    3.21951     24.790    32.8736    25.5902 0.0000e+00
 191.588975     26.000  34.311235     8.0733    3.21315     25.781    32.8832    25.6013 0.0000e+00
 191.588984     27.000  34.294080     8.0254    3.22730     26.773    32.9095    25.6290 0.0000e+00
 191.588993     28.000  34.265205     7.9444    3.22521     27.765    32.9545    25.6761 0.0000e+00
 191.589003     29.000  34.201562     7.8173    3.22638     28.756    33.0060    25.7349 0.0000e+00
 191.589011     30.000  34.139526     7.7173    3.22533     29.748    33.0337    25.7710 0.0000e+00
 191.589020     31.000  34.114220     7.6714    3.21525     30.739    33.0497    25.7901 0.0000e+00
 191.589029     32.000  34.099719     7.6462    3.19453     31.731    33.0576    25.7998 0.0000e+00
 191.589038     33.000  34.091448     7.6308    3.16940     32.722    33.0628    25.8062 0.0000e+00
 191.589047     34.000  34.083988     7.6179    3.16961     33.713    33.0666    25.8110 0.0000e+00
 191.589056     35.000  34.079028     7.6017    3.18491     34.705    33.0762    25.8208 0.0000e+00
 191.589065     36.000  34.072944     7.5690    3.19467     35.697    33.1002    25.8444 0.0000e+00
 191.589074     37.000  34.065895     7.5128    3.18796     36.688    33.1458    25.8881 0.0000e+00
 191.589083     38.000  34.055921     7.4544    3.14477     37.679    33.1904    25.9314 0.0000e+00
 191.589092     39.000  34.038776     7.3986    3.07222     38.670    33.2248    25.9663 0.0000e+00
 191.589101     40.000  34.008846     7.3272    2.99196     39.662    33.2604    26.0042 0.0000e+00
 191.589110     41.000  33.975953     7.2580    2.93462     40.653    33.2908    26.0377 0.0000e+00
 191.589118     42.000  33.958394     7.2240    2.88708     41.646    33.3039    26.0527 0.0000e+00
 191.589126     43.000  33.952904     7.2093    2.83451     42.637    33.3116    26.0609 0.0000e+00
 191.589135     44.000  33.952832     7.2011    2.74867     43.628    33.3190    26.0678 0.0000e+00
 191.589144     45.000  33.953841     7.1909    2.65749     44.619    33.3295    26.0774 0.0000e+00
 191.589151     46.000  33.955037     7.1762    2.61067     45.611    33.3445    26.0913 0.0000e+00
 191.589160     47.000  33.956935     7.1540    2.60607     46.603    33.3675    26.1125 0.0000e+00
 191.589169     48.000  33.948119     7.1113    2.61105     47.594    33.3988    26.1429 0.0000e+00
 191.589178     49.000  33.925606     7.0650    2.63726     48.585    33.4186    26.1648 0.0000e+00
 191.589187     50.000  33.907801     7.0329    2.69529     49.577    33.4297    26.1780 0.0000e+00
 191.589197     51.000  33.897292     7.0042    2.71899     50.568    33.4456    26.1944 0.0000e+00
 191.589206     52.000  33.880698     6.9588    2.68413     51.560    33.4710    26.2206 0.0000e+00
 191.589216     53.000  33.850598     6.8958    2.64607     52.551    33.4989    26.2511 0.0000e+00
 191.589225     54.000  33.832355     6.8441    2.61930     53.543    33.5288    26.2816 0.0000e+00
 191.589234     55.000  33.829786     6.7909    2.58274     54.533    33.5776    26.3272 0.0000e+00
 191.589244     56.000  33.819926     6.7316    2.48683     55.525    33.6243    26.3719 0.0000e+00
 191.589253     57.000  33.813594     6.6822    2.37901     56.516    33.6654    26.4108 0.0000e+00
 191.589264     58.000  33.815037     6.6378    2.30879     57.508    33.7101    26.4520 0.0000e+00
 191.589276     59.000  33.819205     6.5963    2.17507     58.499    33.7552    26.4931 0.0000e+00
 191.589287     60.000  33.832776     6.5659    2.01652     59.491    33.7998    26.5322 0.0000e+00
 191.589299     61.000  33.904981     6.5703    1.95457     60.482    33.8750    26.5910 0.0000e+00
 191.589310     62.000  33.967009     6.5812    1.94933     61.473    33.9325    26.6348 0.0000e+00
 191.589321     63.000  33.972542     6.5835    1.95970     62.465    33.9358    26.6373 0.0000e+00
 191.589335     64.000  33.973457     6.5841    1.95702     63.456    33.9359    26.6372 0.0000e+00
 191.589367     65.000  33.966205     6.5883    1.96297     64.448    33.9231    26.6266 0.0000e+00
