data/oxygen options/ONMS/Olympic_Coast_National_Marine_Sanctuary_CTD_Data_2005_2023/raw_data/2007/CTD_KL027_051407faed.cnv
* Sea-Bird SBE19 Data File:
* FileName = C:\2007_mooring_data\CTD_KL027_051407.hex
* Software Version 1.1.6
* Temperature SN = 2997
* Conductivity SN = 2997
* System UpLoad Time = May 14 2007 12:46:21
* SEACAT PROFILER V3.1c SN 2997   05/14/07  12:45:36.585
* strain gauge pressure sensor: S/N = 184829,  range = 3000 psia,  tc = 40
# nquan = 9                                 
# nvalues = 18766                       
# units = specified
# name 0 = timeJ: Julian Days
# name 1 = prSM: Pressure, Strain Gauge [db]
# name 2 = c0mS/cm: Conductivity [mS/cm]
# name 3 = t090C: Temperature [ITS-90, deg C]
# name 4 = oxML/L: Oxygen, Beckman/YSI [ml/l]
# name 5 = depSM: Depth [salt water, m], lat = 47.5
# name 6 = sal00: Salinity, Practical [PSU]
# name 7 = sigma-é00: Density [sigma-theta, kg/m^3]
# name 8 = flag: flag
# span 0 = 134.401817, 134.510411       
# span 1 =     -4.616,     27.107       
# span 2 =   0.001651,  35.353404       
# span 3 =     7.6076,    16.0268       
# span 4 =  -13.25737,   38.78202       
# span 5 =     -4.578,     26.879       
# span 6 =     0.0066,    33.6493       
# span 7 =    -0.9950,    26.2701       
# span 8 = 0.0000e+00, 0.0000e+00       
# interval = seconds: 0.5
# start_time = May 14 2007 09:38:37 [Instrument's time stamp, header]
# bad_flag = -9.990e-29
*END*
[from data line 6881]
 134.441638      1.392   0.163708    12.8323   -0.07253      1.380     0.1024    -0.5201 -9.990e-29
 134.441644      1.400   0.163025    12.8181   -0.07254      1.388     0.1020    -0.5186 -9.990e-29
 134.441649      1.410   0.161927    12.7943   -0.07259      1.398     0.1013    -0.5162 -9.990e-29
 134.441655      1.415   0.161167    12.7682   -0.07260      1.403     0.1009    -0.5132 -9.990e-29
 134.441661      1.411   0.160842    12.7523   -0.07269      1.399     0.1007    -0.5114 -9.990e-29
 134.441667      1.401   0.160519    12.7475   -0.07281      1.389     0.1006    -0.5110 -9.990e-29
 134.441672      1.390   0.160320    12.7502   -0.07286      1.378     0.1004    -0.5114 -9.990e-29
 134.441678      1.376   0.160535    12.7563   -0.07292      1.365     0.1005    -0.5121 -9.990e-29
 134.441684      1.363   0.160897    12.7581   -0.07299      1.352     0.1008    -0.5121 -9.990e-29
 134.441690      1.355   0.161335    12.7523   -0.07300      1.344     0.1011    -0.5112 -9.990e-29
 134.441696      1.350   0.161878    12.7407   -0.07299      1.339     0.1014    -0.5094 -9.990e-29
 134.441701      1.349   0.162142    12.7240   -0.07297      1.338     0.1016    -0.5072 -9.990e-29
 134.441707      1.352   0.161924    12.7003   -0.07296      1.341     0.1015    -0.5044 -9.990e-29
 134.441713      1.359   0.161488    12.6658   -0.07293      1.348     0.1014    -0.5003 -9.990e-29
 134.441719      1.365   0.161362    12.6262   -0.07290      1.354     0.1014    -0.4954 -9.990e-29
 134.441725      1.363   0.161377    12.5918   -0.07287      1.352     0.1015    -0.4911 -9.990e-29
 134.441730      1.352   0.160999    12.5634   -0.07286      1.341     0.1013    -0.4878 -9.990e-29
 134.441736      1.342   0.160278    12.5416   -0.07287      1.331     0.1009    -0.4855 -9.990e-29
 134.441742      1.334   0.159362    12.5308   -0.07288      1.323     0.1003    -0.4846 -9.990e-29
 134.441748      1.329   0.158695    12.5303   -0.07289      1.318     0.0999    -0.4849 -9.990e-29
 134.441753      1.326   0.159050    12.5357   -0.07292      1.315     0.1001    -0.4853 -9.990e-29
 134.441759      1.325   0.160346    12.5444   -0.07292      1.314     0.1009    -0.4858 -9.990e-29
 134.441765      1.326   0.161539    12.5554   -0.07292      1.315     0.1016    -0.4866 -9.990e-29
 134.441771      1.330   0.162001    12.5671   -0.07291      1.319     0.1019    -0.4878 -9.990e-29
 134.441777      1.335   0.161795    12.5769   -0.07289      1.324     0.1017    -0.4891 -9.990e-29
 134.441782      1.343   0.161201    12.5818   -0.07288      1.332     0.1014    -0.4900 -9.990e-29
 134.441788      1.351   0.160535    12.5816   -0.07289      1.340     0.1009    -0.4903 -9.990e-29
 134.441794      1.353   0.160019    12.5782   -0.07288      1.342     0.1006    -0.4901 -9.990e-29
 134.441800      1.351   0.160074    12.5722   -0.07288      1.340     0.1007    -0.4893 -9.990e-29
 134.441806      1.343   0.160773    12.5660   -0.07287      1.332     0.1011    -0.4882 -9.990e-29
 134.441811      1.335   0.161386    12.5632   -0.07289      1.324     0.1015    -0.4876 -9.990e-29
 134.441817      1.329   0.161068    12.5639   -0.07295      1.318     0.1013    -0.4878 -9.990e-29
 134.441823      1.326   0.159948    12.5671   -0.07298      1.315     0.1006    -0.4888 -9.990e-29
 134.441829      1.325   0.159303    12.5718   -0.07302      1.314     0.1002    -0.4897 -9.990e-29
 134.441834      1.325   0.159937    12.5754   -0.07303      1.314     0.1006    -0.4898 -9.990e-29
 134.441840      1.328   0.161033    12.5769   -0.07302      1.317     0.1013    -0.4895 -9.990e-29
 134.441846      1.333   0.161279    12.5783   -0.07300      1.322     0.1014    -0.4895 -9.990e-29
 134.441852      1.340   0.160451    12.5793   -0.07298      1.329     0.1009    -0.4900 -9.990e-29
 134.441858      1.346   0.159663    12.5759   -0.07300      1.335     0.1004    -0.4900 -9.990e-29
 134.441863      1.347   0.160082    12.5649   -0.07299      1.336     0.1007    -0.4884 -9.990e-29
 134.441869      1.347   0.161158    12.5479   -0.07299      1.336     0.1014    -0.4858 -9.990e-29
 134.441875      1.351   0.161553    12.5310   -0.07299      1.340     0.1017    -0.4835 -9.990e-29
 134.441881      1.358   0.161239    12.5186   -0.07300      1.347     0.1015    -0.4822 -9.990e-29
 134.441887      1.365   0.160908    12.5132   -0.07303      1.354     0.1013    -0.4817 -9.990e-29
 134.441892      1.368   0.160672    12.5148   -0.07308      1.357     0.1012    -0.4820 -9.990e-29
 134.441898      1.367   0.160214    12.5197   -0.07314      1.356     0.1009    -0.4828 -9.990e-29
 134.441904      1.366   0.159481    12.5233   -0.07320      1.355     0.1004    -0.4836 -9.990e-29
 134.441910      1.370   0.159157    12.5241   -0.07326      1.359     0.1002    -0.4839 -9.990e-29
 134.441916      1.375   0.159919    12.5238   -0.07329      1.364     0.1007    -0.4835 -9.990e-29
 134.441921      1.380   0.161121    12.5228   -0.07329      1.368     0.1014    -0.4827 -9.990e-29
 134.441927      1.392   0.161594    12.5201   -0.07331      1.380     0.1018    -0.4822 -9.990e-29
 134.441933      1.405   0.161414    12.5129   -0.07333      1.393     0.1017    -0.4814 -9.990e-29
 134.441939      1.412   0.161451    12.4980   -0.07337      1.400     0.1017    -0.4795 -9.990e-29
 134.441944      1.410   0.161753    12.4760   -0.07340      1.398     0.1020    -0.4767 -9.990e-29
 134.441950      1.402   0.161613    12.4507   -0.07344      1.390     0.1019    -0.4737 -9.990e-29
 134.441956      1.397   0.160847    12.4247   -0.07347      1.385     0.1015    -0.4709 -9.990e-29
 134.441962      1.394   0.160096    12.4014   -0.07346      1.382     0.1011    -0.4684 -9.990e-29
 134.441968      1.390   0.160021    12.3850   -0.07348      1.378     0.1011    -0.4665 -9.990e-29
 134.441973      1.387   0.160522    12.3747   -0.07350      1.375     0.1014    -0.4650 -9.990e-29
 134.441979      1.390   0.161159    12.3649   -0.07352      1.378     0.1018    -0.4635 -9.990e-29
 134.441985      1.395   0.161671    12.3523   -0.07354      1.383     0.1022    -0.4617 -9.990e-29
 134.441991      1.397   0.161633    12.3378   -0.07359      1.385     0.1022    -0.4600 -9.990e-29
 134.441997      1.402   0.160997    12.3222   -0.07360      1.390     0.1018    -0.4584 -9.990e-29
 134.442002      1.410   0.160578    12.3071   -0.07358      1.398     0.1016    -0.4568 -9.990e-29
 134.442008      1.417   0.160925    12.2958   -0.07356      1.405     0.1018    -0.4553 -9.990e-29
 134.442014      1.423   0.161391    12.2883   -0.07353      1.411     0.1022    -0.4541 -9.990e-29
 134.442020      1.428   0.161490    12.2809   -0.07353      1.416     0.1022    -0.4532 -9.990e-29
 134.442025      1.434   0.161909    12.2718   -0.07353      1.422     0.1025    -0.4519 -9.990e-29
 134.442031      1.436   0.162651    12.2621   -0.07353      1.424     0.1030    -0.4504 -9.990e-29
 134.442037      1.433   0.162489    12.2511   -0.07353      1.421     0.1029    -0.4492 -9.990e-29
 134.442043      1.432   0.161205    12.2394   -0.07351      1.420     0.1022    -0.4484 -9.990e-29
 134.442049      1.426   0.159860    12.2331   -0.07351      1.414     0.1013    -0.4483 -9.990e-29
 134.442054      1.416   0.159434    12.2358   -0.07347      1.404     0.1010    -0.4488 -9.990e-29
 134.442060      1.409   0.160466    12.2438   -0.07342      1.397     0.1017    -0.4493 -9.990e-29
 134.442066      1.409   0.162116    12.2517   -0.07338      1.397     0.1027    -0.4494 -9.990e-29
 134.442072      1.413   0.162705    12.2564   -0.07333      1.401     0.1031    -0.4497 -9.990e-29
 134.442078      1.411   0.161909    12.2584   -0.07329      1.399     0.1026    -0.4503 -9.990e-29
 134.442083      1.404   0.160883    12.2595   -0.07325      1.392     0.1019    -0.4509 -9.990e-29
 134.442089      1.400   0.161032    12.2620   -0.07321      1.388     0.1020    -0.4512 -9.990e-29
 134.442095      1.402   0.162552    12.2674   -0.07317      1.390     0.1029    -0.4511 -9.990e-29
 134.442101      1.412   0.164144    12.2770   -0.07313      1.400     0.1039    -0.4514 -9.990e-29
 134.442106      1.424   0.164605    12.2920   -0.07309      1.412     0.1042    -0.4530 -9.990e-29
 134.442112      1.432   0.163998    12.3119   -0.07305      1.420     0.1038    -0.4557 -9.990e-29
 134.442118      1.432   0.163176    12.3339   -0.07304      1.420     0.1032    -0.4587 -9.990e-29
 134.442124      1.424   0.162705    12.3557   -0.07309      1.412     0.1028    -0.4616 -9.990e-29
 134.442130      1.411   0.162513    12.3761   -0.07312      1.399     0.1027    -0.4642 -9.990e-29
 134.442135      1.401   0.162343    12.3957   -0.07311      1.389     0.1025    -0.4666 -9.990e-29
 134.442141      1.398   0.161969    12.4155   -0.07308      1.386     0.1022    -0.4692 -9.990e-29
 134.442147      1.402   0.161450    12.4351   -0.07300      1.390     0.1019    -0.4719 -9.990e-29
 134.442153      1.408   0.161201    12.4541   -0.07292      1.396     0.1017    -0.4743 -9.990e-29
 134.442159      1.409   0.161444    12.4717   -0.07284      1.397     0.1018    -0.4763 -9.990e-29
 134.442164      1.404   0.161951    12.4840   -0.07287      1.392     0.1021    -0.4776 -9.990e-29
 134.442170      1.398   0.162291    12.4856   -0.07287      1.386     0.1023    -0.4776 -9.990e-29
 134.442176      1.390   0.162362    12.4781   -0.07282      1.378     0.1023    -0.4767 -9.990e-29
 134.442182      1.384   0.162259    12.4718   -0.07273      1.372     0.1023    -0.4759 -9.990e-29
 134.442187      1.383   0.161844    12.4764   -0.07267      1.371     0.1020    -0.4767 -9.990e-29
 134.442193      1.388   0.161120    12.4941   -0.07266      1.376     0.1015    -0.4792 -9.990e-29
 134.442199      1.395   0.160786    12.5223   -0.07262      1.383     0.1012    -0.4828 -9.990e-29
 134.442205      1.400   0.161505    12.5539   -0.07256      1.388     0.1016    -0.4864 -9.990e-29
 134.442211      1.408   0.162575    12.5775   -0.07246      1.396     0.1022    -0.4888 -9.990e-29
 134.442216      1.419   0.162651    12.5891   -0.07237      1.407     0.1023    -0.4902 -9.990e-29
 134.442222      1.424   0.161833    12.5999   -0.07230      1.412     0.1017    -0.4919 -9.990e-29
 134.442228      1.421   0.161247    12.6206   -0.07222      1.409     0.1013    -0.4948 -9.990e-29
 134.442234      1.413   0.161223    12.6485   -0.07216      1.401     0.1012    -0.4982 -9.990e-29
 134.442240      1.409   0.161730    12.6745   -0.07210      1.397     0.1015    -0.5012 -9.990e-29
 134.442245      1.412   0.162891    12.6962   -0.07202      1.400     0.1022    -0.5034 -9.990e-29
 134.442251      1.418   0.164035    12.7201   -0.07200      1.406     0.1028    -0.5058 -9.990e-29
 134.442257      1.419   0.163919    12.7516   -0.07200      1.407     0.1027    -0.5098 -9.990e-29
 134.442263      1.411   0.162388    12.7902   -0.07198      1.399     0.1016    -0.5154 -9.990e-29
 134.442269      1.398   0.160725    12.8308   -0.07201      1.386     0.1005    -0.5214 -9.990e-29
 134.442274      1.387   0.160041    12.8695   -0.07202      1.375     0.1000    -0.5266 -9.990e-29
 134.442280      1.382   0.160533    12.9054   -0.07202      1.370     0.1002    -0.5309 -9.990e-29
 134.442286      1.383   0.161749    12.9390   -0.07200      1.371     0.1009    -0.5346 -9.990e-29
 134.442292      1.389   0.162539    12.9706   -0.07196      1.377     0.1013    -0.5383 -9.990e-29
 134.442297      1.398   0.162294    12.9969   -0.07192      1.386     0.1011    -0.5418 -9.990e-29
 134.442303      1.404   0.161797    13.0134   -0.07189      1.392     0.1008    -0.5442 -9.990e-29
 134.442309      1.409   0.162049    13.0220   -0.07187      1.397     0.1009    -0.5452 -9.990e-29
 134.442315      1.413   0.162832    13.0249   -0.07183      1.401     0.1014    -0.5452 -9.990e-29
 134.442321      1.415   0.162972    13.0222   -0.07179      1.403     0.1015    -0.5447 -9.990e-29
 134.442326      1.413   0.162103    13.0187   -0.07176      1.401     0.1009    -0.5447 -9.990e-29
 134.442332      1.401   0.160728    13.0204   -0.07171      1.389     0.1001    -0.5456 -9.990e-29
 134.442338      1.383   0.159788    13.0294   -0.07165      1.371     0.0995    -0.5472 -9.990e-29
 134.442344      1.367   0.160249    13.0442   -0.07163      1.356     0.0997    -0.5489 -9.990e-29
 134.442350      1.355   0.161617    13.0609   -0.07166      1.344     0.1005    -0.5504 -9.990e-29
 134.442355      1.347   0.162390    13.0764   -0.07174      1.336     0.1010    -0.5520 -9.990e-29
 134.442361      1.343   0.161934    13.0918   -0.07174      1.332     0.1007    -0.5542 -9.990e-29
 134.442367      1.341   0.160753    13.1094   -0.07168      1.330     0.0999    -0.5571 -9.990e-29
 134.442373      1.343   0.159490    13.1286   -0.07164      1.332     0.0991    -0.5602 -9.990e-29
 134.442378      1.348   0.158678    13.1485   -0.07161      1.337     0.0985    -0.5632 -9.990e-29
 134.442384      1.356   0.158898    13.1697   -0.07158      1.345     0.0986    -0.5659 -9.990e-29
 134.442390      1.369   0.160443    13.1884   -0.07152      1.358     0.0995    -0.5676 -9.990e-29
 134.442396      1.386   0.162604    13.1957   -0.07144      1.374     0.1008    -0.5675 -9.990e-29
 134.442402      1.406   0.163825    13.1881   -0.07140      1.394     0.1016    -0.5659 -9.990e-29
 134.442407      1.419   0.163518    13.1759   -0.07145      1.407     0.1015    -0.5644 -9.990e-29
 134.442413      1.423   0.162383    13.1749   -0.07155      1.411     0.1008    -0.5649 -9.990e-29
 134.442419      1.419   0.161126    13.1871   -0.07155      1.407     0.1000    -0.5671 -9.990e-29
 134.442425      1.405   0.160289    13.2040   -0.07149      1.393     0.0994    -0.5697 -9.990e-29
 134.442431      1.385   0.160419    13.2218   -0.07141      1.373     0.0994    -0.5720 -9.990e-29
 134.442436      1.367   0.161136    13.2431   -0.07135      1.356     0.0998    -0.5744 -9.990e-29
 134.442442      1.354   0.161177    13.2691   -0.07131      1.343     0.0998    -0.5778 -9.990e-29
 134.442448      1.344   0.160598    13.2930   -0.07128      1.333     0.0994    -0.5813 -9.990e-29
 134.442454      1.338   0.160847    13.3028   -0.07125      1.327     0.0995    -0.5824 -9.990e-29
 134.442459      1.339   0.162256    13.2929   -0.07121      1.328     0.1004    -0.5805 -9.990e-29
 134.442465      1.351   0.163377    13.2765   -0.07120      1.340     0.1011    -0.5777 -9.990e-29
 134.442471      1.367   0.162935    13.2751   -0.07127      1.356     0.1009    -0.5778 -9.990e-29
 134.442477      1.379   0.161448    13.2937   -0.07127      1.367     0.0999    -0.5809 -9.990e-29
 134.442483      1.388   0.160262    13.3214   -0.07125      1.376     0.0991    -0.5852 -9.990e-29
 134.442488      1.395   0.160014    13.3482   -0.07121      1.383     0.0989    -0.5889 -9.990e-29
 134.442494      1.403   0.160373    13.3706   -0.07117      1.391     0.0991    -0.5917 -9.990e-29
 134.442500      1.415   0.160709    13.3891   -0.07112      1.403     0.0992    -0.5940 -9.990e-29
 134.442506      1.421   0.160915    13.4048   -0.07105      1.409     0.0993    -0.5960 -9.990e-29
 134.442512      1.418   0.161266    13.4162   -0.07101      1.406     0.0995    -0.5973 -9.990e-29
 134.442517      1.411   0.161679    13.4170   -0.07106      1.399     0.0998    -0.5972 -9.990e-29
 134.442523      1.406   0.161596    13.4096   -0.07108      1.394     0.0997    -0.5963 -9.990e-29
 134.442529      1.404   0.160906    13.4072   -0.07119      1.392     0.0993    -0.5963 -9.990e-29
 134.442535      1.401   0.160354    13.4158   -0.07131      1.389     0.0990    -0.5977 -9.990e-29
 134.442541      1.401   0.160312    13.4323   -0.07141      1.389     0.0989    -0.5999 -9.990e-29
 134.442546      1.403   0.160169    13.4531   -0.07147      1.391     0.0988    -0.6028 -9.990e-29
 134.442552      1.399   0.159737    13.4759   -0.07149      1.387     0.0985    -0.6061 -9.990e-29
