data/oxygen options/ONMS/Olympic_Coast_National_Marine_Sanctuary_CTD_Data_2005_2023/raw_data/2007/CTD_CE065_091807faed.cnv
* Sea-Bird SBE19 Data File:
* FileName = C:\2007_mooring_data\Service_091807\CTD_CE065_091807.hex
* Software Version 1.20
* Temperature SN = 2997
* Conductivity SN = 2997
* System UpLoad Time = Sep 18 2007 12:19:10
* SEACAT PROFILER V3.1c SN 2997   09/18/07  12:18:31.958
* strain gauge pressure sensor: S/N = 184829,  range = 3000 psia,  tc = 40
# nquan = 9                                 
# nvalues = 1884                        
# units = specified
# name 0 = timeJ: Julian Days
# name 1 = prSM: Pressure, Strain Gauge [db]
# name 2 = c0mS/cm: Conductivity [mS/cm]
# name 3 = t090C: Temperature [ITS-90, deg C]
# name 4 = oxML/L: Oxygen, Beckman/YSI [ml/l]
# name 5 = depSM: Depth [salt water, m], lat = 47.5
# name 6 = sal00: Salinity, Practical [PSU]
# name 7 = sigma-é00: Density [sigma-theta, kg/m^3]
# name 8 = flag: flag
# span 0 = 261.493461, 261.504358       
# span 1 =     -5.095,     63.751       
# span 2 =   0.480993,  38.319186       
# span 3 =     7.3410,    13.3051       
# span 4 =   -0.05881,   31.69636       
# span 5 =     -5.053,     63.209       
# span 6 =     0.3040,    33.8052       
# span 7 =    -0.4045,    26.4309       
# span 8 = 0.0000e+00, 0.0000e+00       
# interval = seconds: 0.5
# start_time = Sep 18 2007 11:50:35 [Instrument's time stamp, header]
# bad_flag = -9.990e-29
*END*
[from data line 641]
 261.497170     50.627  34.521251     7.3422    1.37459     50.198    33.7976    26.4249 -9.990e-29
 261.497176     50.550  34.520789     7.3423    1.36990     50.122    33.7970    26.4244 -9.990e-29
 261.497182     50.521  34.520410     7.3426    1.36626     50.093    33.7963    26.4238 -9.990e-29
 261.497188     50.550  34.520178     7.3428    1.37085     50.122    33.7958    26.4234 -9.990e-29
 261.497193     50.634  34.520348     7.3427    1.37481     50.205    33.7961    26.4236 -9.990e-29
 261.497199     50.759  34.520594     7.3425    1.37869     50.329    33.7965    26.4240 -9.990e-29
 261.497205     50.905  34.520687     7.3424    1.36814     50.474    33.7966    26.4241 -9.990e-29
 261.497211     51.052  34.520752     7.3424    1.37082     50.620    33.7966    26.4241 -9.990e-29
 261.497216     51.176  34.520882     7.3424    1.38167     50.743    33.7967    26.4242 -9.990e-29
 261.497222     51.263  34.521252     7.3426    1.38560     50.829    33.7969    26.4243 -9.990e-29
 261.497228     51.319  34.521799     7.3432    1.37867     50.884    33.7968    26.4242 -9.990e-29
 261.497234     51.350  34.522136     7.3436    1.37113     50.915    33.7968    26.4241 -9.990e-29
 261.497240     51.360  34.522160     7.3436    1.35831     50.925    33.7968    26.4241 -9.990e-29
 261.497245     51.353  34.521907     7.3435    1.37578     50.918    33.7966    26.4240 -9.990e-29
 261.497251     51.337  34.521607     7.3435    1.36600     50.902    33.7963    26.4237 -9.990e-29
 261.497257     51.319  34.521424     7.3435    1.37327     50.884    33.7961    26.4236 -9.990e-29
 261.497263     51.309  34.521122     7.3432    1.37488     50.874    33.7961    26.4236 -9.990e-29
 261.497269     51.308  34.520866     7.3431    1.37101     50.873    33.7959    26.4235 -9.990e-29
 261.497274     51.316  34.520879     7.3432    1.38610     50.881    33.7958    26.4234 -9.990e-29
 261.497280     51.335  34.521183     7.3434    1.36640     50.900    33.7960    26.4234 -9.990e-29
 261.497286     51.365  34.521632     7.3434    1.36207     50.930    33.7964    26.4238 -9.990e-29
 261.497292     51.409  34.521708     7.3435    1.36040     50.974    33.7964    26.4238 -9.990e-29
 261.497297     51.465  34.521517     7.3435    1.36000     51.029    33.7962    26.4236 -9.990e-29
 261.497303     51.527  34.521372     7.3432    1.36822     51.091    33.7963    26.4237 -9.990e-29
 261.497309     51.592  34.521081     7.3430    1.35898     51.155    33.7961    26.4236 -9.990e-29
 261.497315     51.651  34.520824     7.3428    1.36586     51.214    33.7960    26.4236 -9.990e-29
 261.497321     51.698  34.520821     7.3427    1.36821     51.260    33.7961    26.4236 -9.990e-29
 261.497326     51.737  34.521074     7.3429    1.37031     51.299    33.7961    26.4237 -9.990e-29
 261.497332     51.766  34.521366     7.3433    1.36349     51.328    33.7961    26.4235 -9.990e-29
 261.497338     51.778  34.521532     7.3436    1.35760     51.339    33.7959    26.4234 -9.990e-29
 261.497344     51.769  34.521796     7.3438    1.36642     51.330    33.7960    26.4234 -9.990e-29
 261.497350     51.745  34.521956     7.3436    1.36151     51.307    33.7964    26.4238 -9.990e-29
 261.497355     51.714  34.521672     7.3434    1.36344     51.276    33.7963    26.4237 -9.990e-29
 261.497361     51.694  34.521130     7.3434    1.36148     51.256    33.7957    26.4233 -9.990e-29
 261.497367     51.696  34.520736     7.3436    1.35977     51.258    33.7951    26.4227 -9.990e-29
 261.497373     51.727  34.520531     7.3435    1.37224     51.289    33.7950    26.4227 -9.990e-29
 261.497378     51.790  34.520247     7.3430    1.36534     51.351    33.7951    26.4228 -9.990e-29
 261.497384     51.873  34.520072     7.3425    1.35476     51.434    33.7954    26.4231 -9.990e-29
 261.497390     51.953  34.520338     7.3424    1.35054     51.513    33.7957    26.4234 -9.990e-29
 261.497396     52.017  34.520842     7.3425    1.34865     51.576    33.7961    26.4237 -9.990e-29
 261.497402     52.057  34.521139     7.3426    1.36354     51.616    33.7963    26.4239 -9.990e-29
 261.497407     52.083  34.521071     7.3429    1.35195     51.642    33.7960    26.4235 -9.990e-29
 261.497413     52.099  34.521113     7.3433    1.34797     51.658    33.7956    26.4232 -9.990e-29
 261.497419     52.107  34.521326     7.3437    1.35480     51.666    33.7955    26.4230 -9.990e-29
 261.497425     52.107  34.521441     7.3439    1.35649     51.666    33.7954    26.4229 -9.990e-29
 261.497431     52.103  34.521614     7.3441    1.36472     51.662    33.7954    26.4229 -9.990e-29
 261.497436     52.104  34.521525     7.3442    1.36277     51.663    33.7952    26.4227 -9.990e-29
 261.497442     52.113  34.521060     7.3438    1.35867     51.672    33.7951    26.4227 -9.990e-29
 261.497448     52.132  34.520724     7.3432    1.35877     51.690    33.7953    26.4229 -9.990e-29
 261.497454     52.158  34.520637     7.3429    1.35879     51.716    33.7955    26.4231 -9.990e-29
 261.497459     52.179  34.520688     7.3429    1.35888     51.737    33.7955    26.4232 -9.990e-29
 261.497465     52.184  34.520949     7.3430    1.35893     51.742    33.7957    26.4233 -9.990e-29
 261.497471     52.173  34.521212     7.3430    1.35893     51.731    33.7960    26.4235 -9.990e-29
 261.497477     52.158  34.521271     7.3429    1.35888     51.716    33.7962    26.4237 -9.990e-29
 261.497483     52.151  34.521213     7.3429    1.34998     51.709    33.7961    26.4236 -9.990e-29
 261.497488     52.156  34.520966     7.3431    1.35663     51.714    33.7956    26.4232 -9.990e-29
 261.497494     52.169  34.520768     7.3434    1.35014     51.727    33.7951    26.4228 -9.990e-29
 261.497500     52.191  34.520921     7.3435    1.35895     51.749    33.7952    26.4228 -9.990e-29
 261.497506     52.231  34.521073     7.3435    1.35417     51.789    33.7953    26.4229 -9.990e-29
 261.497512     52.289  34.520873     7.3434    1.35010     51.846    33.7952    26.4228 -9.990e-29
 261.497517     52.350  34.520621     7.3432    1.36068     51.907    33.7951    26.4228 -9.990e-29
 261.497523     52.402  34.520544     7.3432    1.36099     51.958    33.7949    26.4227 -9.990e-29
 261.497529     52.435  34.520545     7.3432    1.35614     51.991    33.7949    26.4227 -9.990e-29
 261.497535     52.450  34.520628     7.3433    1.35219     52.006    33.7949    26.4226 -9.990e-29
 261.497541     52.458  34.520910     7.3433    1.35709     52.014    33.7952    26.4229 -9.990e-29
 261.497546     52.459  34.521211     7.3431    1.35210     52.015    33.7957    26.4233 -9.990e-29
 261.497552     52.435  34.521380     7.3429    1.35410     51.991    33.7961    26.4237 -9.990e-29
 261.497558     52.373  34.521645     7.3431    1.35213     51.929    33.7963    26.4237 -9.990e-29
 261.497564     52.286  34.521806     7.3433    1.35034     51.843    33.7963    26.4237 -9.990e-29
 261.497569     52.203  34.521524     7.3432    1.37216     51.761    33.7961    26.4236 -9.990e-29
 261.497575     52.143  34.520991     7.3429    1.35833     51.701    33.7959    26.4234 -9.990e-29
 261.497581     52.112  34.520623     7.3426    1.35433     51.671    33.7958    26.4234 -9.990e-29
 261.497587     52.103  34.520498     7.3426    1.35925     51.662    33.7956    26.4233 -9.990e-29
 261.497593     52.107  34.520453     7.3428    1.34837     51.666    33.7954    26.4231 -9.990e-29
 261.497598     52.120  34.520433     7.3429    1.34569     51.678    33.7953    26.4230 -9.990e-29
 261.497604     52.148  34.520415     7.3430    1.35030     51.706    33.7951    26.4229 -9.990e-29
 261.497610     52.200  34.520382     7.3430    1.35029     51.758    33.7951    26.4228 -9.990e-29
 261.497616     52.281  34.520296     7.3427    1.34727     51.838    33.7952    26.4230 -9.990e-29
 261.497622     52.377  34.520048     7.3424    1.34731     51.933    33.7952    26.4230 -9.990e-29
 261.497627     52.465  34.519872     7.3423    1.35254     52.021    33.7951    26.4229 -9.990e-29
 261.497633     52.525  34.520097     7.3423    1.35657     52.080    33.7953    26.4231 -9.990e-29
 261.497639     52.557  34.520465     7.3425    1.36013     52.112    33.7955    26.4232 -9.990e-29
 261.497645     52.571  34.520914     7.3429    1.35806     52.126    33.7956    26.4232 -9.990e-29
 261.497650     52.572  34.521486     7.3434    1.35407     52.127    33.7957    26.4232 -9.990e-29
 261.497656     52.561  34.521830     7.3436    1.35410     52.116    33.7959    26.4234 -9.990e-29
 261.497662     52.536  34.521846     7.3435    1.35404     52.091    33.7960    26.4235 -9.990e-29
 261.497668     52.501  34.521548     7.3434    1.34518     52.056    33.7958    26.4233 -9.990e-29
 261.497674     52.466  34.521093     7.3435    1.35248     52.022    33.7952    26.4229 -9.990e-29
 261.497679     52.436  34.520983     7.3437    1.35417     51.992    33.7949    26.4226 -9.990e-29
 261.497685     52.407  34.521063     7.3438    1.34763     51.963    33.7949    26.4226 -9.990e-29
 261.497691     52.368  34.520870     7.3438    1.34768     51.924    33.7947    26.4224 -9.990e-29
 261.497697     52.312  34.520697     7.3437    1.35265     51.869    33.7947    26.4224 -9.990e-29
 261.497703     52.248  34.520865     7.3437    1.35627     51.805    33.7949    26.4226 -9.990e-29
 261.497708     52.198  34.521028     7.3439    1.36022     51.756    33.7949    26.4225 -9.990e-29
 261.497714     52.171  34.520835     7.3438    1.34974     51.729    33.7948    26.4225 -9.990e-29
 261.497720     52.167  34.520580     7.3435    1.35262     51.725    33.7948    26.4225 -9.990e-29
 261.497726     52.188  34.520476     7.3433    1.35451     51.746    33.7949    26.4226 -9.990e-29
 261.497731     52.236  34.520372     7.3435    1.34754     51.793    33.7945    26.4223 -9.990e-29
 261.497737     52.302  34.520121     7.3435    1.34741     51.859    33.7942    26.4221 -9.990e-29
 261.497743     52.372  34.519939     7.3432    1.36098     51.928    33.7943    26.4222 -9.990e-29
 261.497749     52.433  34.520133     7.3431    1.36726     51.989    33.7946    26.4224 -9.990e-29
 261.497755     52.478  34.520389     7.3431    1.36238     52.033    33.7948    26.4226 -9.990e-29
 261.497760     52.503  34.520480     7.3431    1.36545     52.058    33.7949    26.4227 -9.990e-29
 261.497766     52.512  34.520516     7.3431    1.36842     52.067    33.7950    26.4227 -9.990e-29
 261.497772     52.500  34.520536     7.3435    1.37231     52.055    33.7946    26.4224 -9.990e-29
 261.497778     52.463  34.520555     7.3439    1.36528     52.019    33.7942    26.4220 -9.990e-29
 261.497784     52.406  34.520590     7.3441    1.35738     51.962    33.7941    26.4219 -9.990e-29
 261.497789     52.342  34.520680     7.3440    1.36241     51.899    33.7943    26.4221 -9.990e-29
 261.497795     52.290  34.520936     7.3437    1.35755     51.847    33.7949    26.4226 -9.990e-29
 261.497801     52.267  34.521129     7.3435    1.35991     51.824    33.7954    26.4230 -9.990e-29
 261.497807     52.277  34.520949     7.3435    1.36669     51.834    33.7952    26.4228 -9.990e-29
 261.497813     52.307  34.520708     7.3435    1.36626     51.864    33.7949    26.4226 -9.990e-29
 261.497818     52.337  34.520633     7.3435    1.36164     51.894    33.7948    26.4225 -9.990e-29
 261.497824     52.348  34.520613     7.3435    1.35771     51.905    33.7948    26.4225 -9.990e-29
 261.497830     52.336  34.520611     7.3434    1.35382     51.893    33.7949    26.4226 -9.990e-29
 261.497836     52.318  34.520614     7.3433    1.35579     51.875    33.7950    26.4227 -9.990e-29
 261.497841     52.314  34.520619     7.3431    1.35954     51.871    33.7952    26.4229 -9.990e-29
 261.497847     52.328  34.520623     7.3431    1.35952     51.885    33.7952    26.4229 -9.990e-29
 261.497853     52.344  34.520621     7.3432    1.36813     51.901    33.7951    26.4228 -9.990e-29
 261.497859     52.338  34.520601     7.3435    1.36162     51.895    33.7947    26.4225 -9.990e-29
 261.497865     52.299  34.520525     7.3439    1.35973     51.856    33.7943    26.4221 -9.990e-29
 261.497870     52.247  34.520283     7.3441    1.36657     51.804    33.7939    26.4217 -9.990e-29
 261.497876     52.205  34.520102     7.3443    1.35760     51.763    33.7935    26.4214 -9.990e-29
 261.497882     52.174  34.520295     7.3445    1.35107     51.732    33.7935    26.4214 -9.990e-29
 261.497888     52.140  34.520550     7.3447    1.35572     51.698    33.7936    26.4214 -9.990e-29
 261.497894     52.087  34.520637     7.3448    1.35581     51.646    33.7936    26.4214 -9.990e-29
 261.497899     52.020  34.520659     7.3445    1.35280     51.579    33.7940    26.4217 -9.990e-29
 261.497905     51.965  34.520637     7.3442    1.33496     51.525    33.7943    26.4220 -9.990e-29
 261.497911     51.941  34.520535     7.3441    1.32695     51.501    33.7943    26.4220 -9.990e-29
 261.497917     51.940  34.520210     7.3439    1.33772     51.500    33.7941    26.4219 -9.990e-29
 261.497922     51.943  34.519778     7.3439    1.34766     51.503    33.7937    26.4216 -9.990e-29
 261.497928     51.936  34.519774     7.3440    1.34710     51.496    33.7936    26.4215 -9.990e-29
 261.497934     51.927  34.520180     7.3438    1.34286     51.487    33.7942    26.4220 -9.990e-29
 261.497940     51.924  34.520408     7.3435    1.33890     51.484    33.7947    26.4225 -9.990e-29
 261.497946     51.923  34.520193     7.3434    1.33197     51.483    33.7946    26.4224 -9.990e-29
 261.497951     51.915  34.519798     7.3436    1.34288     51.475    33.7940    26.4219 -9.990e-29
 261.497957     51.892  34.519807     7.3439    1.34485     51.452    33.7937    26.4216 -9.990e-29
 261.497963     51.851  34.520223     7.3443    1.33795     51.412    33.7938    26.4216 -9.990e-29
 261.497969     51.807  34.520470     7.3447    1.33798     51.368    33.7937    26.4215 -9.990e-29
 261.497975     51.783  34.520307     7.3447    1.33401     51.344    33.7935    26.4213 -9.990e-29
 261.497980     51.791  34.520070     7.3444    1.33594     51.352    33.7936    26.4214 -9.990e-29
 261.497986     51.817  34.519996     7.3439    1.33125     51.378    33.7940    26.4218 -9.990e-29
 261.497992     51.843  34.519975     7.3437    1.33786     51.404    33.7941    26.4220 -9.990e-29
 261.497998     51.866  34.519968     7.3439    1.33987     51.427    33.7939    26.4218 -9.990e-29
 261.498003     51.891  34.519956     7.3440    1.33304     51.451    33.7938    26.4216 -9.990e-29
 261.498009     51.915  34.519914     7.3441    1.33303     51.475    33.7936    26.4215 -9.990e-29
 261.498015     51.937  34.519774     7.3442    1.33792     51.497    33.7934    26.4213 -9.990e-29
 261.498021     51.953  34.519902     7.3441    1.33287     51.513    33.7936    26.4215 -9.990e-29
 261.498027     51.955  34.520459     7.3439    1.32582     51.515    33.7944    26.4221 -9.990e-29
 261.498032     51.940  34.521058     7.3439    1.33083     51.500    33.7950    26.4227 -9.990e-29
 261.498038     51.910  34.521366     7.3439    1.33084     51.470    33.7954    26.4229 -9.990e-29
 261.498044     51.877  34.521224     7.3440    1.32830     51.438    33.7952    26.4227 -9.990e-29
 261.498050     51.851  34.520995     7.3441    1.32828     51.412    33.7948    26.4225 -9.990e-29
 261.498056     51.832  34.520923     7.3440    1.33280     51.393    33.7949    26.4225 -9.990e-29
 261.498061     51.803  34.520903     7.3439    1.33671     51.364    33.7949    26.4226 -9.990e-29
 261.498067     51.752  34.520898     7.3439    1.33207     51.314    33.7950    26.4226 -9.990e-29
 261.498073     51.675  34.520892     7.3440    1.33672     51.237    33.7949    26.4225 -9.990e-29
 261.498079     51.584  34.520866     7.3440    1.33515     51.147    33.7949    26.4225 -9.990e-29
 261.498084     51.503  34.520779     7.3438    1.32836     51.067    33.7951    26.4227 -9.990e-29
