data/oxygen options/ONMS/Olympic_Coast_National_Marine_Sanctuary_CTD_Data_2005_2023/raw_data/2007/CTD_TH042_091107faed.cnv
* Sea-Bird SBE19 Data File:
* FileName = C:\2007_mooring_data\CTD_TH042_091107.hex
* Software Version 1.20
* Temperature SN = 2997
* Conductivity SN = 2997
* System UpLoad Time = Sep 11 2007 12:54:51
* SEACAT PROFILER V3.1c SN 2997   09/11/07  12:53:21.102
* strain gauge pressure sensor: S/N = 184829,  range = 3000 psia,  tc = 40
# nquan = 9                                 
# nvalues = 1906                        
# units = specified
# name 0 = timeJ: Julian Days
# name 1 = prSM: Pressure, Strain Gauge [db]
# name 2 = c0mS/cm: Conductivity [mS/cm]
# name 3 = t090C: Temperature [ITS-90, deg C]
# name 4 = oxML/L: Oxygen, Beckman/YSI [ml/l]
# name 5 = depSM: Depth [salt water, m], lat = 47.5
# name 6 = sal00: Salinity, Practical [PSU]
# name 7 = sigma-é00: Density [sigma-theta, kg/m^3]
# name 8 = flag: flag
# span 0 = 254.509803, 254.520828       
# span 1 =     -5.305,     42.972       
# span 2 =   0.686167,  37.390978       
# span 3 =     7.3030,    12.1096       
# span 4 =   -0.07440,   34.02918       
# span 5 =     -5.261,     42.609       
# span 6 =     0.4518,    33.5330       
# span 7 =    -0.1527,    26.2206       
# span 8 = 0.0000e+00, 0.0000e+00       
# interval = seconds: 0.5
# start_time = Sep 11 2007 12:14:07 [Instrument's time stamp, header]
# bad_flag = -9.990e-29
*END*
[from data line 321]
 254.511661      1.677  37.247308    11.8122    6.33007      1.663    32.4901    24.6752 -9.990e-29
 254.511667      1.685  37.244872    11.8110    6.32547      1.671    32.4888    24.6744 -9.990e-29
 254.511672      1.698  37.244456    11.8127    6.32416      1.684    32.4869    24.6726 -9.990e-29
 254.511678      1.706  37.248869    11.8166    6.31966      1.692    32.4878    24.6725 -9.990e-29
 254.511684      1.710  37.253903    11.8204    6.31491      1.696    32.4893    24.6731 -9.990e-29
 254.511690      1.719  37.256180    11.8227    6.30693      1.705    32.4895    24.6728 -9.990e-29
 254.511696      1.734  37.254255    11.8223    6.29339      1.720    32.4880    24.6717 -9.990e-29
 254.511701      1.747  37.252290    11.8200    6.29651      1.732    32.4881    24.6722 -9.990e-29
 254.511707      1.755  37.253835    11.8171    6.30397      1.740    32.4921    24.6758 -9.990e-29
 254.511713      1.762  37.254223    11.8117    6.32376      1.747    32.4972    24.6808 -9.990e-29
 254.511719      1.774  37.248924    11.8042    6.33382      1.759    32.4986    24.6833 -9.990e-29
 254.511725      1.781  37.240968    11.7990    6.33034      1.766    32.4954    24.6818 -9.990e-29
 254.511730      1.777  37.236565    11.8030    6.35331      1.762    32.4877    24.6750 -9.990e-29
 254.511736      1.765  37.238255    11.8172    6.36968      1.750    32.4769    24.6640 -9.990e-29
 254.511742      1.753  37.246607    11.8337    6.35542      1.738    32.4706    24.6561 -9.990e-29
 254.511748      1.749  37.261547    11.8474    6.32217      1.734    32.4731    24.6555 -9.990e-29
 254.511753      1.756  37.277212    11.8553    6.30572      1.741    32.4814    24.6605 -9.990e-29
 254.511759      1.772  37.280852    11.8576    6.29943      1.757    32.4829    24.6612 -9.990e-29
 254.511765      1.788  37.276765    11.8576    6.30485      1.773    32.4790    24.6582 -9.990e-29
 254.511771      1.801  37.279125    11.8541    6.33096      1.786    32.4843    24.6629 -9.990e-29
 254.511777      1.816  37.282671    11.8389    6.33904      1.801    32.5010    24.6787 -9.990e-29
 254.511782      1.835  37.273071    11.8157    6.31979      1.820    32.5120    24.6915 -9.990e-29
 254.511788      1.845  37.249860    11.8097    6.29435      1.830    32.4947    24.6792 -9.990e-29
 254.511794      1.839  37.237031    11.8282    6.29906      1.824    32.4661    24.6536 -9.990e-29
 254.511800      1.821  37.246628    11.8514    6.29065      1.806    32.4552    24.6408 -9.990e-29
 254.511806      1.797  37.262294    11.8678    6.30191      1.782    32.4560    24.6385 -9.990e-29
 254.511811      1.780  37.274086    11.8740    6.29468      1.765    32.4621    24.6420 -9.990e-29
 254.511817      1.782  37.274748    11.8666    6.29382      1.767    32.4692    24.6489 -9.990e-29
 254.511823      1.797  37.251154    11.8541    6.31037      1.782    32.4572    24.6419 -9.990e-29
 254.511829      1.814  37.228471    11.8480    6.30888      1.799    32.4405    24.6301 -9.990e-29
 254.511834      1.830  37.234763    11.8444    6.31720      1.815    32.4498    24.6379 -9.990e-29
 254.511840      1.845  37.248701    11.8390    6.32064      1.830    32.4680    24.6531 -9.990e-29
 254.511846      1.862  37.256913    11.8375    6.32219      1.846    32.4772    24.6605 -9.990e-29
 254.511852      1.880  37.256894    11.8402    6.32374      1.864    32.4749    24.6582 -9.990e-29
 254.511858      1.897  37.253104    11.8441    6.32580      1.881    32.4678    24.6520 -9.990e-29
 254.511863      1.906  37.260113    11.8459    6.31569      1.890    32.4730    24.6557 -9.990e-29
 254.511869      1.906  37.267647    11.8429    6.29052      1.890    32.4829    24.6639 -9.990e-29
 254.511875      1.907  37.268372    11.8385    6.29580      1.891    32.4875    24.6683 -9.990e-29
 254.511881      1.912  37.269425    11.8357    6.29700      1.896    32.4909    24.6715 -9.990e-29
 254.511887      1.918  37.270529    11.8348    6.29167      1.902    32.4928    24.6731 -9.990e-29
 254.511892      1.921  37.269230    11.8339    6.28816      1.905    32.4923    24.6729 -9.990e-29
 254.511898      1.925  37.264358    11.8311    6.27547      1.909    32.4900    24.6716 -9.990e-29
 254.511904      1.936  37.252784    11.8279    6.27647      1.920    32.4816    24.6657 -9.990e-29
 254.511910      1.948  37.239822    11.8250    6.29184      1.932    32.4715    24.6584 -9.990e-29
 254.511916      1.955  37.236223    11.8208    6.28818      1.939    32.4717    24.6593 -9.990e-29
 254.511921      1.953  37.239429    11.8108    6.28692      1.937    32.4836    24.6704 -9.990e-29
 254.511927      1.946  37.238014    11.7957    6.27906      1.930    32.4954    24.6823 -9.990e-29
 254.511933      1.941  37.232325    11.7849    6.27705      1.925    32.4993    24.6874 -9.990e-29
 254.511939      1.940  37.230468    11.7803    6.29170      1.924    32.5015    24.6899 -9.990e-29
 254.511944      1.936  37.231081    11.7786    6.28706      1.920    32.5036    24.6919 -9.990e-29
 254.511950      1.930  37.231607    11.7802    6.28792      1.914    32.5027    24.6909 -9.990e-29
 254.511956      1.922  37.232182    11.7839    6.28005      1.906    32.5001    24.6881 -9.990e-29
 254.511962      1.916  37.231885    11.7877    6.28773      1.900    32.4964    24.6846 -9.990e-29
 254.511968      1.915  37.231995    11.7910    6.29300      1.899    32.4937    24.6819 -9.990e-29
 254.511973      1.919  37.234339    11.7937    6.29242      1.903    32.4936    24.6813 -9.990e-29
 254.511979      1.929  37.238672    11.7949    6.29250      1.913    32.4967    24.6835 -9.990e-29
 254.511985      1.945  37.240114    11.7940    6.29509      1.929    32.4989    24.6854 -9.990e-29
 254.511991      1.963  37.236096    11.7934    6.30944      1.947    32.4955    24.6829 -9.990e-29
 254.511997      1.978  37.234151    11.7957    6.31989      1.961    32.4916    24.6794 -9.990e-29
 254.512002      1.984  37.237288    11.7999    6.29758      1.967    32.4910    24.6781 -9.990e-29
 254.512008      1.983  37.240712    11.8047    6.27671      1.966    32.4901    24.6766 -9.990e-29
 254.512014      1.974  37.244498    11.8101    6.26566      1.958    32.4891    24.6748 -9.990e-29
 254.512020      1.962  37.251447    11.8170    6.27367      1.946    32.4898    24.6741 -9.990e-29
 254.512025      1.953  37.260727    11.8245    6.28541      1.937    32.4923    24.6746 -9.990e-29
 254.512031      1.952  37.266206    11.8289    6.28432      1.936    32.4937    24.6749 -9.990e-29
 254.512037      1.959  37.262852    11.8276    6.28519      1.943    32.4916    24.6735 -9.990e-29
 254.512043      1.969  37.250112    11.8213    6.28886      1.953    32.4848    24.6693 -9.990e-29
 254.512049      1.976  37.236225    11.8167    6.29771      1.959    32.4753    24.6628 -9.990e-29
 254.512054      1.974  37.237429    11.8211    6.29770      1.958    32.4726    24.6600 -9.990e-29
 254.512060      1.964  37.252517    11.8322    6.28329      1.948    32.4776    24.6618 -9.990e-29
 254.512066      1.950  37.264597    11.8419    6.26798      1.934    32.4808    24.6625 -9.990e-29
 254.512072      1.939  37.269025    11.8459    6.25769      1.923    32.4816    24.6624 -9.990e-29
 254.512078      1.934  37.271145    11.8440    6.27273      1.918    32.4853    24.6656 -9.990e-29
 254.512083      1.941  37.270977    11.8356    6.28828      1.925    32.4925    24.6727 -9.990e-29
 254.512089      1.963  37.261003    11.8234    6.28016      1.947    32.4935    24.6757 -9.990e-29
 254.512095      1.993  37.246421    11.8157    6.28411      1.976    32.4861    24.6714 -9.990e-29
 254.512101      2.016  37.245343    11.8178    6.27257      1.999    32.4832    24.6688 -9.990e-29
 254.512106      2.025  37.254640    11.8256    6.27117      2.008    32.4854    24.6690 -9.990e-29
 254.512112      2.030  37.261471    11.8332    6.28112      2.013    32.4854    24.6676 -9.990e-29
 254.512118      2.038  37.266528    11.8378    6.29012      2.021    32.4862    24.6675 -9.990e-29
 254.512124      2.046  37.266461    11.8375    6.29459      2.029    32.4864    24.6677 -9.990e-29
 254.512130      2.047  37.261735    11.8366    6.28321      2.030    32.4826    24.6649 -9.990e-29
 254.512135      2.036  37.262864    11.8379    6.27467      2.019    32.4826    24.6646 -9.990e-29
 254.512141      2.021  37.266861    11.8389    6.27275      2.004    32.4856    24.6668 -9.990e-29
 254.512147      2.013  37.268399    11.8389    6.27540      1.996    32.4871    24.6679 -9.990e-29
 254.512153      2.016  37.270646    11.8389    6.28145      1.999    32.4893    24.6696 -9.990e-29
 254.512159      2.027  37.273229    11.8390    6.28689      2.010    32.4917    24.6715 -9.990e-29
 254.512164      2.038  37.273418    11.8382    6.28830      2.021    32.4926    24.6723 -9.990e-29
 254.512170      2.045  37.270338    11.8357    6.27671      2.028    32.4918    24.6721 -9.990e-29
 254.512176      2.048  37.263799    11.8346    6.25708      2.031    32.4864    24.6682 -9.990e-29
 254.512182      2.047  37.260215    11.8388    6.25267      2.030    32.4792    24.6618 -9.990e-29
 254.512188      2.043  37.266014    11.8454    6.25166      2.026    32.4791    24.6605 -9.990e-29
 254.512193      2.040  37.273225    11.8485    6.25968      2.023    32.4834    24.6633 -9.990e-29
 254.512199      2.045  37.274636    11.8474    6.28626      2.028    32.4857    24.6653 -9.990e-29
 254.512205      2.060  37.269325    11.8436    6.29020      2.043    32.4839    24.6645 -9.990e-29
 254.512211      2.077  37.250764    11.8394    6.26894      2.060    32.4695    24.6542 -9.990e-29
 254.512216      2.087  37.235689    11.8410    6.27334      2.070    32.4535    24.6415 -9.990e-29
 254.512222      2.084  37.247160    11.8502    6.26020      2.067    32.4566    24.6422 -9.990e-29
 254.512228      2.071  37.266826    11.8602    6.25821      2.054    32.4670    24.6483 -9.990e-29
 254.512234      2.065  37.280538    11.8631    6.27594      2.048    32.4777    24.6562 -9.990e-29
 254.512240      2.074  37.286953    11.8558    6.28144      2.057    32.4903    24.6673 -9.990e-29
 254.512245      2.094  37.273316    11.8423    6.29334      2.077    32.4889    24.6687 -9.990e-29
 254.512251      2.113  37.251716    11.8349    6.30120      2.095    32.4744    24.6588 -9.990e-29
 254.512257      2.120  37.249408    11.8404    6.29298      2.102    32.4673    24.6523 -9.990e-29
 254.512263      2.111  37.259943    11.8511    6.29450      2.093    32.4682    24.6510 -9.990e-29
 254.512269      2.094  37.267084    11.8585    6.29080      2.077    32.4687    24.6500 -9.990e-29
 254.512274      2.082  37.275301    11.8613    6.28899      2.065    32.4742    24.6538 -9.990e-29
 254.512280      2.076  37.284898    11.8615    6.28705      2.059    32.4833    24.6608 -9.990e-29
 254.512286      2.077  37.289045    11.8609    6.28448      2.060    32.4879    24.6645 -9.990e-29
 254.512292      2.081  37.287096    11.8600    6.28939      2.064    32.4868    24.6638 -9.990e-29
 254.512297      2.084  37.283175    11.8596    6.28359      2.067    32.4833    24.6612 -9.990e-29
 254.512303      2.085  37.281579    11.8606    6.29878      2.068    32.4809    24.6591 -9.990e-29
 254.512309      2.085  37.284101    11.8635    6.30275      2.068    32.4808    24.6585 -9.990e-29
 254.512315      2.085  37.289049    11.8667    6.30108      2.068    32.4828    24.6595 -9.990e-29
 254.512321      2.083  37.292365    11.8680    6.28708      2.066    32.4849    24.6608 -9.990e-29
 254.512326      2.084  37.292857    11.8670    6.25474      2.067    32.4862    24.6621 -9.990e-29
 254.512332      2.093  37.290616    11.8656    6.25803      2.076    32.4853    24.6616 -9.990e-29
 254.512338      2.105  37.285452    11.8657    6.25830      2.087    32.4802    24.6576 -9.990e-29
 254.512344      2.118  37.282809    11.8668    6.26719      2.100    32.4767    24.6547 -9.990e-29
 254.512350      2.131  37.284762    11.8657    6.26870      2.113    32.4795    24.6571 -9.990e-29
 254.512355      2.147  37.283817    11.8591    6.27227      2.129    32.4844    24.6621 -9.990e-29
 254.512361      2.165  37.272545    11.8482    6.26880      2.147    32.4829    24.6630 -9.990e-29
 254.512367      2.184  37.254973    11.8411    6.27618      2.166    32.4721    24.6559 -9.990e-29
 254.512373      2.194  37.250833    11.8433    6.28704      2.176    32.4661    24.6508 -9.990e-29
 254.512378      2.193  37.263567    11.8501    6.28366      2.175    32.4726    24.6546 -9.990e-29
 254.512384      2.186  37.274264    11.8544    6.28278      2.168    32.4792    24.6589 -9.990e-29
 254.512390      2.179  37.276437    11.8547    6.27530      2.161    32.4810    24.6603 -9.990e-29
 254.512396      2.177  37.273540    11.8532    6.26635      2.159    32.4795    24.6594 -9.990e-29
 254.512402      2.180  37.270678    11.8517    6.26702      2.162    32.4781    24.6585 -9.990e-29
 254.512407      2.184  37.271880    11.8516    6.27031      2.166    32.4793    24.6595 -9.990e-29
 254.512413      2.184  37.274818    11.8532    6.27017      2.166    32.4808    24.6604 -9.990e-29
 254.512419      2.185  37.277235    11.8535    6.26997      2.167    32.4828    24.6619 -9.990e-29
 254.512425      2.192  37.275059    11.8496    6.27563      2.174    32.4841    24.6637 -9.990e-29
 254.512431      2.204  37.265943    11.8430    6.26351      2.186    32.4811    24.6625 -9.990e-29
 254.512436      2.219  37.255109    11.8399    6.26638      2.200    32.4733    24.6570 -9.990e-29
 254.512442      2.228  37.252772    11.8431    6.26857      2.209    32.4682    24.6525 -9.990e-29
 254.512448      2.228  37.261978    11.8487    6.25885      2.209    32.4722    24.6546 -9.990e-29
 254.512454      2.223  37.270885    11.8511    6.25812      2.204    32.4788    24.6592 -9.990e-29
 254.512459      2.222  37.272303    11.8475    6.21502      2.203    32.4833    24.6634 -9.990e-29
 254.512465      2.228  37.263634    11.8380    6.19612      2.209    32.4832    24.6650 -9.990e-29
 254.512471      2.238  37.240602    11.8282    6.20649      2.219    32.4694    24.6561 -9.990e-29
 254.512477      2.243  37.225755    11.8247    6.19450      2.224    32.4580    24.6480 -9.990e-29
 254.512483      2.241  37.236290    11.8224    6.19120      2.222    32.4703    24.6579 -9.990e-29
 254.512488      2.234  37.245881    11.8095    6.18579      2.215    32.4908    24.6763 -9.990e-29
 254.512494      2.236  37.233671    11.7801    6.17858      2.217    32.5047    24.6924 -9.990e-29
 254.512500      2.255  37.199075    11.7461    6.19336      2.236    32.5008    24.6957 -9.990e-29
 254.512506      2.284  37.168282    11.7272    6.23746      2.265    32.4874    24.6887 -9.990e-29
 254.512512      2.311  37.169183    11.7245    6.28715      2.292    32.4906    24.6917 -9.990e-29
 254.512517      2.335  37.181658    11.7267    6.32792      2.315    32.5008    24.6992 -9.990e-29
 254.512523      2.361  37.184771    11.7297    6.26315      2.341    32.5012    24.6990 -9.990e-29
 254.512529      2.399  37.184349    11.7339    6.10828      2.379    32.4971    24.6950 -9.990e-29
 254.512535      2.451  37.188797    11.7399    6.00652      2.431    32.4962    24.6932 -9.990e-29
 254.512541      2.513  37.198431    11.7479    5.90797      2.492    32.4985    24.6936 -9.990e-29
 254.512546      2.588  37.207029    11.7494    5.84444      2.566    32.5055    24.6987 -9.990e-29
 254.512552      2.690  37.204748    11.7227    5.74395      2.668    32.5266    24.7200 -9.990e-29
 254.512558      2.829  37.171721    11.6211    5.60512      2.805    32.5836    24.7829 0.0000e+00
 254.512564      3.010  37.058866    11.4334    5.50273      2.985    32.6386    24.8597 0.0000e+00
 254.512569      3.232  36.882773    11.2258    5.39177      3.205    32.6492    24.9053 0.0000e+00
 254.512575      3.491  36.737721    11.0455    5.30772      3.462    32.6660    24.9505 0.0000e+00
