data/oxygen options/OCNMS/OCNMS1/raw_data/2022/CAST_MB042_220629faed.cnv
* Sea-Bird SBE 19 Data File:
* FileName = C:\2022 Mooring Data\Casts\CAST_MB042_220629.hex
* Software Version SeatermAF 2.1.2
* Temperature SN = 2997
* Conductivity SN = 2997
* System UpLoad Time = Jun 29 2022 20:04:53 (localtime) = Jun 29 2022 20:04:53 (UTC)
** CAST_MB042_220629
* ds
# nquan = 9                                 
# nvalues = 1290                        
# units = specified
# name 0 = timeJ: Julian Days
# name 1 = prSM: Pressure, Strain Gauge [db]
# name 2 = c0mS/cm: Conductivity [mS/cm]
# name 3 = t090C: Temperature [ITS-90, deg C]
# name 4 = sbeox0ML/L: Oxygen, SBE 43 [ml/l]
# name 5 = depSM: Depth [salt water, m], lat = 47.5
# name 6 = sal00: Salinity, Practical [PSU]
# name 7 = sigma-é00: Density [sigma-theta, kg/m^3]
# name 8 = flag: flag
# span 0 = 180.784468, 180.791927       
# span 1 =     -5.951,     39.820       
# span 2 =   0.002409,  36.910045       
# span 3 =     7.8493,    15.4412       
# span 4 =   -12.2825,    16.8176       
# span 5 =     -5.901,     39.484       
# span 6 =     0.0081,    33.4268       
# span 7 =    -0.9602,    26.0572       
# span 8 = 0.0000e+00, 0.0000e+00       
# interval = seconds: 0.5
# start_time = Jun 29 2022 18:49:38 [Instrument's time stamp, header]
# bad_flag = -9.990e-29
*END*
[from data line 161]
 180.785399     -2.710   0.002417    15.3155    -1.8815     -2.687     0.0083    -0.9407 -9.990e-29
 180.785405     -2.703   0.002417    15.3166    -1.8813     -2.680     0.0083    -0.9409 -9.990e-29
 180.785411     -2.694   0.002417    15.3152    -1.8808     -2.672     0.0083    -0.9407 -9.990e-29
 180.785417     -2.684   0.002417    15.3092    -1.8799     -2.662     0.0083    -0.9398 -9.990e-29
 180.785422     -2.671   0.002417    15.2977    -1.8793     -2.649     0.0083    -0.9380 -9.990e-29
 180.785428     -2.655   0.002417    15.2819    -1.8794     -2.633     0.0083    -0.9356 -9.990e-29
 180.785434     -2.635   0.002417    15.2653    -1.8801     -2.613     0.0083    -0.9330 -9.990e-29
 180.785440     -2.613   0.002417    15.2521    -1.8805     -2.591     0.0083    -0.9310 -9.990e-29
 180.785446     -2.598   0.002417    15.2460    -1.8806     -2.576     0.0083    -0.9300 -9.990e-29
 180.785451     -2.591   0.002416    15.2472    -1.8808     -2.569     0.0083    -0.9302 -9.990e-29
 180.785457     -2.589   0.002416    15.2539    -1.8810     -2.567     0.0083    -0.9313 -9.990e-29
 180.785463     -2.582   0.002416    15.2656    -1.8812     -2.560     0.0083    -0.9331 -9.990e-29
 180.785469     -2.571   0.002416    15.2793    -1.8809     -2.550     0.0083    -0.9352 -9.990e-29
 180.785475     -2.563   0.002416    15.2885    -1.8807     -2.542     0.0083    -0.9366 -9.990e-29
 180.785480     -2.558   0.002416    15.2884    -1.8806     -2.537     0.0083    -0.9366 -9.990e-29
 180.785486     -2.546   0.002416    15.2813    -1.8809     -2.525     0.0083    -0.9355 -9.990e-29
 180.785492     -2.528   0.002416    15.2735    -1.8816     -2.507     0.0083    -0.9343 -9.990e-29
 180.785498     -2.510   0.002416    15.2679    -1.8822     -2.489     0.0083    -0.9334 -9.990e-29
 180.785503     -2.495   0.002416    15.2632    -1.8825     -2.474     0.0083    -0.9327 -9.990e-29
 180.785509     -2.484   0.002415    15.2591    -1.8829     -2.463     0.0083    -0.9321 -9.990e-29
 180.785515     -2.474   0.002415    15.2574    -1.8835     -2.453     0.0083    -0.9318 -9.990e-29
 180.785521     -2.465   0.002415    15.2590    -1.8840     -2.444     0.0083    -0.9320 -9.990e-29
 180.785527     -2.457   0.002415    15.2613    -1.8844     -2.437     0.0083    -0.9324 -9.990e-29
 180.785532     -2.449   0.002415    15.2600    -1.8846     -2.429     0.0083    -0.9322 -9.990e-29
 180.785538     -2.441   0.002415    15.2528    -1.8851     -2.421     0.0083    -0.9311 -9.990e-29
 180.785544     -2.432   0.002415    15.2413    -1.8855     -2.412     0.0083    -0.9293 -9.990e-29
 180.785550     -2.421   0.002415    15.2292    -1.8855     -2.401     0.0083    -0.9275 -9.990e-29
 180.785556     -2.409   0.002415    15.2181    -1.8857     -2.389     0.0083    -0.9258 -9.990e-29
 180.785561     -2.393   0.002416    15.2069    -1.8860     -2.373     0.0083    -0.9241 -9.990e-29
 180.785567     -2.378   0.002419    15.1950    -1.8864     -2.358     0.0083    -0.9222 -9.990e-29
 180.785573     -2.367   0.002428    15.1834    -1.8866     -2.347     0.0083    -0.9205 -9.990e-29
 180.785579     -2.359   0.002455    15.1730    -1.8865     -2.339     0.0083    -0.9189 -9.990e-29
 180.785584     -2.354   0.002537    15.1638    -1.8860     -2.334     0.0083    -0.9174 -9.990e-29
 180.785590     -2.346   0.002783    15.1550    -1.8858     -2.326     0.0084    -0.9160 -9.990e-29
 180.785596     -2.331   0.002967    15.1477    -1.8860     -2.312     0.0084    -0.9149 -9.990e-29
 180.785602     -2.313   0.002783    15.1425    -1.8866     -2.294     0.0084    -0.9141 -9.990e-29
 180.785608     -2.299   0.002537    15.1371    -1.8874     -2.280     0.0083    -0.9134 -9.990e-29
 180.785613     -2.292   0.002455    15.1304    -1.8882     -2.273     0.0082    -0.9124 -9.990e-29
 180.785619     -2.288   0.002427    15.1241    -1.8887     -2.269     0.0082    -0.9114 -9.990e-29
 180.785625     -2.277   0.002418    15.1213    -1.8887     -2.258     0.0082    -0.9110 -9.990e-29
 180.785631     -2.259   0.002414    15.1232    -1.8884     -2.240     0.0082    -0.9113 -9.990e-29
 180.785637     -2.242   0.002413    15.1274    -1.8879     -2.223     0.0082    -0.9119 -9.990e-29
 180.785642     -2.229   0.002413    15.1287    -1.8876     -2.210     0.0082    -0.9121 -9.990e-29
 180.785648     -2.219   0.002413    15.1233    -1.8874     -2.200     0.0082    -0.9113 -9.990e-29
 180.785654     -2.210   0.002413    15.1114    -1.8874     -2.192     0.0082    -0.9095 -9.990e-29
 180.785660     -2.203   0.002413    15.0957    -1.8877     -2.185     0.0082    -0.9071 -9.990e-29
 180.785666     -2.198   0.002413    15.0806    -1.8879     -2.180     0.0082    -0.9048 -9.990e-29
 180.785671     -2.193   0.002413    15.0710    -1.8883     -2.175     0.0082    -0.9034 -9.990e-29
 180.785677     -2.190   0.002413    15.0692    -1.8890     -2.172     0.0082    -0.9031 -9.990e-29
 180.785683     -2.186   0.002412    15.0736    -1.8895     -2.168     0.0082    -0.9038 -9.990e-29
 180.785689     -2.183   0.002412    15.0807    -1.8895     -2.165     0.0082    -0.9048 -9.990e-29
 180.785694     -2.179   0.002412    15.0872    -1.8895     -2.161     0.0082    -0.9058 -9.990e-29
 180.785700     -2.175   0.002412    15.0909    -1.8894     -2.157     0.0082    -0.9064 -9.990e-29
 180.785706     -2.171   0.002412    15.0908    -1.8891     -2.153     0.0082    -0.9064 -9.990e-29
 180.785712     -2.165   0.002412    15.0867    -1.8893     -2.147     0.0082    -0.9058 -9.990e-29
 180.785718     -2.159   0.002412    15.0797    -1.8896     -2.141     0.0082    -0.9047 -9.990e-29
 180.785723     -2.151   0.002412    15.0702    -1.8902     -2.133     0.0082    -0.9033 -9.990e-29
 180.785729     -2.140   0.002412    15.0590    -1.8912     -2.122     0.0082    -0.9016 -9.990e-29
 180.785735     -2.131   0.002412    15.0495    -1.8923     -2.113     0.0082    -0.9001 -9.990e-29
 180.785741     -2.128   0.002411    15.0450    -1.8928     -2.110     0.0082    -0.8994 -9.990e-29
 180.785747     -2.125   0.002411    15.0448    -1.8932     -2.107     0.0082    -0.8994 -9.990e-29
 180.785752     -2.118   0.002411    15.0465    -1.8940     -2.100     0.0082    -0.8997 -9.990e-29
 180.785758     -2.112   0.002411    15.0467    -1.8946     -2.094     0.0082    -0.8997 -9.990e-29
 180.785764     -2.109   0.002411    15.0424    -1.8949     -2.091     0.0082    -0.8990 -9.990e-29
 180.785770     -2.106   0.002411    15.0331    -1.8953     -2.088     0.0082    -0.8976 -9.990e-29
 180.785775     -2.098   0.002411    15.0183    -1.8955     -2.081     0.0082    -0.8954 -9.990e-29
 180.785781     -2.084   0.002411    14.9986    -1.8957     -2.067     0.0082    -0.8924 -9.990e-29
 180.785787     -2.068   0.002411    14.9783    -1.8961     -2.051     0.0082    -0.8894 -9.990e-29
 180.785793     -2.058   0.002410    14.9614    -1.8965     -2.041     0.0081    -0.8869 -9.990e-29
 180.785799     -2.053   0.002410    14.9469    -1.8968     -2.036     0.0081    -0.8847 -9.990e-29
 180.785804     -2.044   0.002410    14.9326    -1.8970     -2.027     0.0081    -0.8825 -9.990e-29
 180.785810     -2.030   0.002410    14.9193    -1.8972     -2.013     0.0081    -0.8805 -9.990e-29
 180.785816     -2.019   0.002410    14.9082    -1.8973     -2.002     0.0081    -0.8789 -9.990e-29
 180.785822     -2.010   0.002410    14.8992    -1.8970     -1.993     0.0081    -0.8775 -9.990e-29
 180.785828     -1.999   0.002410    14.8919    -1.8966     -1.982     0.0081    -0.8764 -9.990e-29
 180.785833     -1.988   0.002410    14.8848    -1.8963     -1.971     0.0081    -0.8754 -9.990e-29
 180.785839     -1.983   0.002410    14.8768    -1.8956     -1.966     0.0081    -0.8742 -9.990e-29
 180.785845     -1.982   0.002410    14.8685    -1.8949     -1.965     0.0081    -0.8730 -9.990e-29
 180.785851     -1.985   0.002409    14.8610    -1.8943     -1.968     0.0081    -0.8718 -9.990e-29
 180.785856     -1.988   0.002409    14.8553    -1.8942     -1.971     0.0081    -0.8710 -9.990e-29
 180.785862     -1.983   0.002409    14.8521    -1.8945     -1.966     0.0081    -0.8705 -9.990e-29
 180.785868     -1.970   0.002409    14.8526    -1.8949     -1.954     0.0081    -0.8706 -9.990e-29
 180.785874     -1.956   0.002409    14.8578    -1.8954     -1.940     0.0081    -0.8714 -9.990e-29
 180.785880     -1.944   0.002409    14.8663    -1.8957     -1.928     0.0081    -0.8726 -9.990e-29
 180.785885     -1.935   0.002409    14.8771    -1.8953     -1.919     0.0081    -0.8742 -9.990e-29
 180.785891     -1.926   0.002410    14.8902    -1.8950     -1.910     0.0081    -0.8762 -9.990e-29
 180.785897     -1.919   0.002412    14.9037    -1.8944     -1.903     0.0081    -0.8782 -9.990e-29
 180.785903     -1.911   0.002413    14.9139    -1.8940     -1.895     0.0081    -0.8797 -9.990e-29
 180.785909     -1.903   0.002415    14.9174    -1.8933     -1.887     0.0081    -0.8803 -9.990e-29
 180.785914     -1.895   0.002416    14.9141    -1.8927     -1.879     0.0081    -0.8798 -9.990e-29
 180.785920     -1.885   0.002417    14.9070    -1.8922     -1.869     0.0081    -0.8787 -9.990e-29
 180.785926     -1.874   0.002419    14.9001    -1.8917     -1.858     0.0081    -0.8777 -9.990e-29
 180.785932     -1.859   0.002420    14.8974    -1.8923     -1.843     0.0081    -0.8773 -9.990e-29
 180.785937     -1.846   0.002422    14.9005    -1.8932     -1.831     0.0081    -0.8777 -9.990e-29
 180.785943     -1.836   0.002423    14.9085    -1.8933     -1.821     0.0081    -0.8789 -9.990e-29
 180.785949     -1.826   0.002424    14.9201    -1.8932     -1.811     0.0081    -0.8807 -9.990e-29
 180.785955     -1.811   0.002426    14.9336    -1.8931     -1.796     0.0081    -0.8827 -9.990e-29
 180.785961     -1.793   0.002427    14.9478    -1.8928     -1.778     0.0081    -0.8848 -9.990e-29
 180.785966     -1.775   0.002429    14.9615    -1.8925     -1.760     0.0082    -0.8869 -9.990e-29
 180.785972     -1.754   0.002430    14.9725    -1.8933     -1.739     0.0082    -0.8885 -9.990e-29
 180.785978     -1.730   0.002431    14.9761    -1.8937     -1.716     0.0082    -0.8890 -9.990e-29
 180.785984     -1.716   0.002433    14.9699    -1.8941     -1.702     0.0082    -0.8881 -9.990e-29
 180.785990     -1.711   0.002434    14.9600    -1.8942     -1.697     0.0082    -0.8866 -9.990e-29
 180.785995     -1.710   0.002436    14.9543    -1.8942     -1.696     0.0082    -0.8858 -9.990e-29
 180.786001     -1.709   0.002437    14.9540    -1.8942     -1.695     0.0082    -0.8857 -9.990e-29
 180.786007     -1.703   0.002439    14.9565    -1.8943     -1.689     0.0082    -0.8861 -9.990e-29
 180.786013     -1.696   0.002440    14.9594    -1.8949     -1.682     0.0082    -0.8865 -9.990e-29
 180.786019     -1.693   0.002441    14.9581    -1.8952     -1.679     0.0082    -0.8863 -9.990e-29
 180.786024     -1.693   0.002443    14.9500    -1.8949     -1.679     0.0082    -0.8851 -9.990e-29
 180.786030     -1.695   0.002444    14.9400    -1.8948     -1.681     0.0082    -0.8836 -9.990e-29
 180.786036     -1.697   0.002446    14.9327    -1.8949     -1.683     0.0081    -0.8825 -9.990e-29
 180.786042     -1.693   0.002447    14.9289    -1.8948     -1.679     0.0081    -0.8820 -9.990e-29
 180.786047     -1.687   0.002448    14.9271    -1.8945     -1.673     0.0081    -0.8817 -9.990e-29
 180.786053     -1.685   0.002450    14.9248    -1.8940     -1.671     0.0081    -0.8814 -9.990e-29
 180.786059     -1.685   0.002451    14.9199    -1.8937     -1.671     0.0081    -0.8806 -9.990e-29
 180.786065     -1.687   0.002453    14.9131    -1.8934     -1.673     0.0081    -0.8796 -9.990e-29
 180.786071     -1.692   0.002454    14.9084    -1.8932     -1.678     0.0081    -0.8789 -9.990e-29
 180.786076     -1.700   0.002455    14.9078    -1.8932     -1.686     0.0081    -0.8788 -9.990e-29
 180.786082     -1.707   0.002457    14.9092    -1.8930     -1.693     0.0081    -0.8790 -9.990e-29
 180.786088     -1.706   0.002458    14.9112    -1.8925     -1.692     0.0081    -0.8793 -9.990e-29
 180.786094     -1.695   0.002460    14.9151    -1.8922     -1.681     0.0081    -0.8799 -9.990e-29
 180.786100     -1.683   0.002461    14.9219    -1.8923     -1.669     0.0081    -0.8809 -9.990e-29
 180.786105     -1.673   0.002463    14.9303    -1.8928     -1.659     0.0082    -0.8822 -9.990e-29
 180.786111     -1.665   0.002464    14.9383    -1.8932     -1.651     0.0082    -0.8834 -9.990e-29
 180.786117     -1.658   0.002465    14.9450    -1.8939     -1.644     0.0082    -0.8844 -9.990e-29
 180.786123     -1.653   0.002467    14.9504    -1.8945     -1.639     0.0082    -0.8852 -9.990e-29
 180.786128     -1.647   0.002468    14.9548    -1.8946     -1.633     0.0082    -0.8858 -9.990e-29
 180.786134     -1.642   0.002470    14.9602    -1.8946     -1.628     0.0082    -0.8866 -9.990e-29
 180.786140     -1.636   0.002471    14.9666    -1.8940     -1.622     0.0082    -0.8876 -9.990e-29
 180.786146     -1.629   0.002472    14.9703    -1.8935     -1.615     0.0082    -0.8882 -9.990e-29
 180.786152     -1.622   0.002474    14.9684    -1.8928     -1.608     0.0082    -0.8879 -9.990e-29
 180.786157     -1.613   0.002475    14.9608    -1.8921     -1.600     0.0082    -0.8867 -9.990e-29
 180.786163     -1.606   0.002477    14.9491    -1.8915     -1.593     0.0082    -0.8850 -9.990e-29
 180.786169     -1.605   0.002478    14.9362    -1.8920     -1.592     0.0082    -0.8830 -9.990e-29
 180.786175     -1.606   0.002479    14.9263    -1.8925     -1.593     0.0082    -0.8816 -9.990e-29
 180.786181     -1.604   0.002481    14.9227    -1.8934     -1.591     0.0082    -0.8810 -9.990e-29
 180.786186     -1.600   0.002482    14.9257    -1.8941     -1.587     0.0082    -0.8815 -9.990e-29
 180.786192     -1.597   0.002484    14.9343    -1.8943     -1.584     0.0082    -0.8828 -9.990e-29
 180.786198     -1.599   0.002485    14.9465    -1.8941     -1.586     0.0082    -0.8846 -9.990e-29
 180.786204     -1.602   0.002486    14.9605    -1.8937     -1.589     0.0082    -0.8867 -9.990e-29
 180.786209     -1.603   0.002488    14.9735    -1.8935     -1.590     0.0082    -0.8886 -9.990e-29
 180.786215     -1.602   0.002489    14.9802    -1.8930     -1.589     0.0082    -0.8896 -9.990e-29
 180.786221     -1.597   0.002491    14.9770    -1.8926     -1.584     0.0082    -0.8892 -9.990e-29
 180.786227     -1.589   0.002492    14.9659    -1.8927     -1.576     0.0082    -0.8875 -9.990e-29
 180.786233     -1.582   0.002494    14.9510    -1.8920     -1.569     0.0082    -0.8853 -9.990e-29
 180.786238     -1.580   0.002495    14.9381    -1.8913     -1.567     0.0082    -0.8833 -9.990e-29
 180.786244     -1.577   0.002496    14.9324    -1.8909     -1.564     0.0082    -0.8825 -9.990e-29
 180.786250     -1.570   0.002498    14.9341    -1.8907     -1.557     0.0082    -0.8827 -9.990e-29
 180.786256     -1.558   0.002499    14.9402    -1.8912     -1.545     0.0082    -0.8836 -9.990e-29
 180.786262     -1.541   0.002501    14.9482    -1.8916     -1.528     0.0082    -0.8848 -9.990e-29
 180.786267     -1.521   0.002502    14.9571    -1.8913     -1.508     0.0082    -0.8862 -9.990e-29
 180.786273     -1.506   0.002503    14.9654    -1.8912     -1.493     0.0082    -0.8874 -9.990e-29
 180.786279     -1.495   0.002505    14.9737    -1.8908     -1.483     0.0082    -0.8887 -9.990e-29
 180.786285     -1.484   0.002506    14.9849    -1.8903     -1.472     0.0082    -0.8903 -9.990e-29
 180.786291     -1.474   0.002508    14.9972    -1.8902     -1.462     0.0082    -0.8922 -9.990e-29
 180.786296     -1.471   0.002509    15.0055    -1.8900     -1.459     0.0082    -0.8934 -9.990e-29
 180.786302     -1.474   0.002510    15.0071    -1.8899     -1.462     0.0082    -0.8937 -9.990e-29
 180.786308     -1.478   0.002512    15.0038    -1.8903     -1.466     0.0082    -0.8932 -9.990e-29
 180.786314     -1.476   0.002513    15.0009    -1.8904     -1.464     0.0082    -0.8928 -9.990e-29
