data/oxygen options/OCNMS/OCNMS1/raw_data/2022/CAST_KL027_220919faedb.cnv
* Sea-Bird SBE 19 Data File:
* FileName = C:\2022 Mooring Data\Casts\CAST_KL027_220919.hex
* Software Version SeatermAF 2.1.2
* Temperature SN = 2997
* Conductivity SN = 2997
* System UpLoad Time = Sep 19 2022 22:57:24 (localtime) = Sep 19 2022 22:57:24 (UTC)
** CAST_KL027_220919
* ds
# nquan = 9
# nvalues = 26                          
# units = specified
# name 0 = timeJ: Julian Days
# name 1 = prSM: Pressure, Strain Gauge [db]
# name 2 = c0mS/cm: Conductivity [mS/cm]
# name 3 = t090C: Temperature [ITS-90, deg C]
# name 4 = sbeox0ML/L: Oxygen, SBE 43 [ml/l]
# name 5 = depSM: Depth [salt water, m], lat = 47.5
# name 6 = sal00: Salinity, Practical [PSU]
# name 7 = sigma-é00: Density [sigma-theta, kg/m^3]
# name 8 = flag: flag
# span 0 = 262.926937, 262.927568       
# span 1 =      1.000,     26.000       
# span 2 =  34.956948,  39.626863       
# span 3 =     8.2034,    14.3996       
# span 4 =     0.6285,     7.3918       
# span 5 =      0.992,     25.782       
# span 6 =    32.4903,    33.4606       
# span 7 =    24.1845,    26.0344       
# span 8 = 0.0000e+00, 0.0000e+00       
# interval = decibars: 1                
# start_time = Sep 19 2022 22:08:34 [Instrument's time stamp, header]
# bad_flag = -9.990e-29
*END*
 262.926937      1.000  39.626863    14.3996     7.1941      0.992    32.5151    24.1845 0.0000e+00
 262.926967      2.000  39.405560    14.1873     7.1493      1.983    32.4903    24.2097 0.0000e+00
 262.926996      3.000  39.235978    13.9199     7.3603      2.975    32.5595    24.3182 0.0000e+00
 262.927019      4.000  38.933914    13.6007     7.3918      3.966    32.5500    24.3759 0.0000e+00
 262.927044      5.000  38.741616    13.3935     7.2653      4.958    32.5466    24.4150 0.0000e+00
 262.927070      6.000  38.666070    13.3304     6.6334      5.950    32.5294    24.4144 0.0000e+00
 262.927094      7.000  38.492198    13.0288     6.4272      6.941    32.6242    24.5473 0.0000e+00
 262.927116      8.000  38.246539    12.8540     6.2002      7.933    32.5420    24.5180 0.0000e+00
 262.927141      9.000  38.182247    12.6609     5.9731      8.925    32.6473    24.6369 0.0000e+00
 262.927163     10.000  38.037828    12.5139     5.8380      9.916    32.6366    24.6571 0.0000e+00
 262.927187     11.000  37.997684    12.4343     5.6705     10.908    32.6671    24.6959 0.0000e+00
 262.927209     12.000  37.908231    12.3439     4.8847     11.900    32.6596    24.7074 0.0000e+00
 262.927232     13.000  37.691691    11.9589     4.0428     12.891    32.7875    24.8790 0.0000e+00
 262.927253     14.000  37.269723    11.3890     3.5412     13.883    32.8804    25.0557 0.0000e+00
 262.927276     15.000  36.585052    10.5835     3.5079     14.874    32.9230    25.2312 0.0000e+00
 262.927299     16.000  36.416903    10.3795     2.8886     15.866    32.9385    25.2788 0.0000e+00
 262.927320     17.000  36.167254    10.0206     2.3824     16.857    33.0125    25.3970 0.0000e+00
 262.927340     18.000  35.786160     9.5049     2.3106     17.849    33.0964    25.5474 0.0000e+00
 262.927362     19.000  35.565917     9.2113     2.1332     18.841    33.1406    25.6293 0.0000e+00
 262.927385     20.000  35.461010     8.9831     1.0575     19.832    33.2439    25.7461 0.0000e+00
 262.927404     21.000  35.151400     8.4914     0.7073     20.824    33.3816    25.9298 0.0000e+00
 262.927426     22.000  35.037064     8.3337     0.6448     21.815    33.4098    25.9759 0.0000e+00
 262.927450     23.000  34.986623     8.2236     0.6285     22.807    33.4606    26.0322 0.0000e+00
 262.927472     24.000  34.956948     8.2045     0.6449     23.798    33.4468    26.0243 0.0000e+00
 262.927496     25.000  34.958893     8.2034     0.6441     24.790    33.4494    26.0264 0.0000e+00
 262.927568     26.000  34.970195     8.2048     0.6290     25.782    33.4597    26.0344 0.0000e+00
