data/oxygen options/OCNMS/OCNMS1/raw_data/2022/CAST_KL015_220523faed.cnv
* Sea-Bird SBE 19 Data File:
* FileName = C:\2022 Mooring Data\Casts\CAST_KL015_220523.hex
* Software Version SeatermAF 2.1.2
* Temperature SN = 2997
* Conductivity SN = 2997
* System UpLoad Time = May 23 2022 23:34:18 (localtime) = May 23 2022 23:34:18 (UTC)
** CAST_KL015_220523
* ds
# nquan = 9                                 
# nvalues = 812                         
# units = specified
# name 0 = timeJ: Julian Days
# name 1 = prSM: Pressure, Strain Gauge [db]
# name 2 = c0mS/cm: Conductivity [mS/cm]
# name 3 = t090C: Temperature [ITS-90, deg C]
# name 4 = sbeox0ML/L: Oxygen, SBE 43 [ml/l]
# name 5 = depSM: Depth [salt water, m], lat = 47.5
# name 6 = sal00: Salinity, Practical [PSU]
# name 7 = sigma-é00: Density [sigma-theta, kg/m^3]
# name 8 = flag: flag
# span 0 = 143.974271, 143.978964       
# span 1 =     -5.877,     13.119       
# span 2 =   0.215680,  34.256366       
# span 3 =    10.1829,    13.6246       
# span 4 =   -12.2919,    14.4722       
# span 5 =     -5.828,     13.009       
# span 6 =     0.1335,    30.9305       
# span 7 =    -0.5715,    23.7465       
# span 8 = 0.0000e+00, 0.0000e+00       
# interval = seconds: 0.5
# start_time = May 23 2022 23:22:57 [Instrument's time stamp, header]
# bad_flag = -9.990e-29
*END*
[from data line 321]
 143.976128     -1.369   0.351411    13.3644    -1.9532     -1.358     0.2190    -0.4974 -9.990e-29
 143.976134     -1.368   0.350614    13.3611    -1.9527     -1.357     0.2185    -0.4974 -9.990e-29
 143.976140     -1.366   0.350364    13.3619    -1.9526     -1.355     0.2184    -0.4976 -9.990e-29
 143.976146     -1.363   0.350328    13.3659    -1.9523     -1.352     0.2183    -0.4982 -9.990e-29
 143.976152     -1.359   0.349906    13.3724    -1.9519     -1.348     0.2180    -0.4993 -9.990e-29
 143.976157     -1.354   0.349090    13.3802    -1.9515     -1.343     0.2175    -0.5007 -9.990e-29
 143.976163     -1.347   0.347901    13.3887    -1.9512     -1.336     0.2167    -0.5025 -9.990e-29
 143.976169     -1.339   0.346414    13.3997    -1.9513     -1.328     0.2157    -0.5047 -9.990e-29
 143.976175     -1.328   0.344861    13.4142    -1.9516     -1.317     0.2146    -0.5075 -9.990e-29
 143.976181     -1.314   0.343386    13.4297    -1.9513     -1.303     0.2136    -0.5103 -9.990e-29
 143.976186     -1.296   0.342237    13.4423    -1.9512     -1.285     0.2128    -0.5126 -9.990e-29
 143.976192     -1.273   0.341542    13.4515    -1.9516     -1.262     0.2123    -0.5142 -9.990e-29
 143.976198     -1.248   0.340931    13.4598    -1.9520     -1.238     0.2118    -0.5157 -9.990e-29
 143.976204     -1.227   0.340143    13.4681    -1.9524     -1.217     0.2113    -0.5172 -9.990e-29
 143.976209     -1.213   0.339234    13.4753    -1.9526     -1.203     0.2107    -0.5186 -9.990e-29
 143.976215     -1.207   0.338099    13.4794    -1.9529     -1.197     0.2099    -0.5197 -9.990e-29
 143.976221     -1.202   0.336886    13.4800    -1.9533     -1.192     0.2092    -0.5204 -9.990e-29
 143.976227     -1.195   0.336192    13.4795    -1.9536     -1.185     0.2087    -0.5207 -9.990e-29
 143.976233     -1.190   0.336200    13.4796    -1.9540     -1.180     0.2087    -0.5207 -9.990e-29
 143.976238     -1.189   0.336370    13.4783    -1.9543     -1.179     0.2089    -0.5204 -9.990e-29
 143.976244     -1.189   0.336373    13.4737    -1.9542     -1.179     0.2089    -0.5198 -9.990e-29
 143.976250     -1.186   0.336216    13.4667    -1.9540     -1.176     0.2088    -0.5189 -9.990e-29
 143.976256     -1.184   0.335689    13.4589    -1.9542     -1.174     0.2085    -0.5181 -9.990e-29
 143.976262     -1.186   0.334643    13.4514    -1.9540     -1.176     0.2079    -0.5176 -9.990e-29
 143.976267     -1.189   0.333346    13.4439    -1.9536     -1.179     0.2071    -0.5172 -9.990e-29
 143.976273     -1.184   0.332282    13.4365    -1.9531     -1.174     0.2065    -0.5167 -9.990e-29
 143.976279     -1.172   0.331693    13.4294    -1.9532     -1.162     0.2061    -0.5161 -9.990e-29
 143.976285     -1.159   0.331350    13.4229    -1.9534     -1.149     0.2059    -0.5154 -9.990e-29
 143.976291     -1.149   0.330794    13.4189    -1.9535     -1.139     0.2056    -0.5151 -9.990e-29
 143.976296     -1.143   0.329840    13.4182    -1.9536     -1.133     0.2050    -0.5155 -9.990e-29
 143.976302     -1.138   0.328874    13.4190    -1.9538     -1.129     0.2044    -0.5160 -9.990e-29
 143.976308     -1.135   0.328270    13.4203    -1.9533     -1.126     0.2040    -0.5165 -9.990e-29
 143.976314     -1.134   0.327777    13.4239    -1.9526     -1.125     0.2037    -0.5173 -9.990e-29
 143.976319     -1.134   0.327294    13.4299    -1.9524     -1.125     0.2033    -0.5183 -9.990e-29
 143.976325     -1.137   0.327282    13.4349    -1.9522     -1.128     0.2033    -0.5190 -9.990e-29
 143.976331     -1.136   0.328280    13.4356    -1.9520     -1.127     0.2039    -0.5186 -9.990e-29
 143.976337     -1.129   0.330514    13.4320    -1.9527     -1.120     0.2054    -0.5170 -9.990e-29
 143.976343     -1.119   0.335300    13.4257    -1.9530     -1.110     0.2084    -0.5138 -9.990e-29
 143.976348     -1.110   0.346805    13.4180    -1.9530     -1.101     0.2158    -0.5070 -9.990e-29
 143.976354     -1.101   0.369853    13.4111    -1.9534     -1.092     0.2305    -0.4946 -9.990e-29
 143.976360     -1.091   0.406383    13.4074    -1.9536     -1.082     0.2540    -0.4759 -9.990e-29
 143.976366     -1.085   0.455275    13.4060    -1.9539     -1.076     0.2855    -0.4512 -9.990e-29
 143.976372     -1.086   0.512513    13.4048    -1.9545     -1.077     0.3226    -0.4222 -9.990e-29
 143.976377     -1.089   0.566930    13.4025    -1.9549     -1.080     0.3580    -0.3943 -9.990e-29
 143.976383     -1.092   0.608237    13.3975    -1.9554     -1.083     0.3851    -0.3726 -9.990e-29
 143.976389     -1.093   0.638406    13.3890    -1.9565     -1.084     0.4050    -0.3560 -9.990e-29
 143.976395     -1.094   0.660744    13.3795    -1.9576     -1.085     0.4198    -0.3432 -9.990e-29
 143.976400     -1.093   0.676738    13.3697    -1.9591     -1.084     0.4305    -0.3336 -9.990e-29
 143.976406     -1.092   0.693474    13.3588    -1.9597     -1.083     0.4416    -0.3235 -9.990e-29
 143.976412     -1.090   0.715543    13.3482    -1.9581     -1.081     0.4564    -0.3107 -9.990e-29
 143.976418     -1.086   0.739697    13.3386    -1.8201     -1.077     0.4725    -0.2969 -9.990e-29
 143.976424     -1.081   0.758265    13.3294    -1.6705     -1.072     0.4849    -0.2860 -9.990e-29
 143.976429     -1.075   0.764437    13.3194    -1.6736     -1.066     0.4892    -0.2814 -9.990e-29
 143.976435     -1.066   0.759793    13.3055    -1.6740     -1.057     0.4862    -0.2818 -9.990e-29
 143.976441     -1.054   0.754201    13.2851    -1.6728     -1.045     0.4828    -0.2818 -9.990e-29
 143.976447     -1.039   0.762911    13.2589    -1.7732     -1.030     0.4889    -0.2736 -9.990e-29
 143.976453     -1.020   0.815257    13.2282    -1.6722     -1.011     0.5242    -0.2421 -9.990e-29
 143.976458     -0.995   0.990446    13.1884    -1.6745     -0.987     0.6428    -0.1448 -9.990e-29
 143.976464     -0.963   1.528707    13.1104    -1.6755     -0.955     1.0144     0.1540 -9.990e-29
 143.976470     -0.927   3.152704    12.9716    -1.6750     -0.919     2.1843     1.0791 -9.990e-29
 143.976476     -0.891   7.943027    12.8195    -1.6753     -0.884     5.8764     3.9528 -9.990e-29
 143.976481     -0.859  16.849725    12.7202    -1.6744     -0.852    13.2751     9.6700 -9.990e-29
 143.976487     -0.828  25.711700    12.6793    -1.6741     -0.821    21.0832    15.6952 -9.990e-29
 143.976493     -0.797  30.291902    12.6727    -1.6743     -0.790    25.2554    18.9169 -9.990e-29
 143.976499     -0.763  31.368373    12.6774    -1.6741     -0.757    26.2448    19.6803 -9.990e-29
 143.976505     -0.720  30.382557    12.6703    -1.6743     -0.714    25.3404    18.9830 -9.990e-29
 143.976510     -0.660  29.410465    12.6456    -1.6737     -0.654    24.4638    18.3103 -9.990e-29
 143.976516     -0.590  30.595686    12.6220    -1.6736     -0.585    25.5693    19.1684 -9.990e-29
 143.976522     -0.521  32.125268    12.6115    -1.6730     -0.517    26.9925    20.2701 -9.990e-29
 143.976528     -0.461  32.639800    12.6120    -1.6725     -0.457    27.4706    20.6397 -9.990e-29
 143.976534     -0.416  32.823070    12.6212    -1.6728     -0.413    27.6345    20.7647 -9.990e-29
 143.976539     -0.387  32.890310    12.6312    -1.6728     -0.384    27.6898    20.8057 -9.990e-29
 143.976545     -0.368  32.910445    12.6365    -1.6727     -0.365    27.7047    20.8162 -9.990e-29
 143.976551     -0.353  32.911436    12.6399    -1.6732     -0.350    27.7031    20.8144 -9.990e-29
 143.976557     -0.341  32.909158    12.6455    -1.6737     -0.338    27.6969    20.8085 -9.990e-29
 143.976563     -0.332  32.908405    12.6545    -1.6735     -0.329    27.6896    20.8012 -9.990e-29
 143.976568     -0.325  32.907604    12.6644    -1.6733     -0.322    27.6816    20.7932 -9.990e-29
 143.976574     -0.320  32.907921    12.6739    -1.6730     -0.317    27.6749    20.7863 -9.990e-29
 143.976580     -0.316  32.912571    12.6822    -1.6724     -0.313    27.6731    20.7834 -9.990e-29
 143.976586     -0.313  32.921030    12.6870    -1.6729     -0.310    27.6775    20.7859 -9.990e-29
 143.976591     -0.311  32.922727    12.6878    -1.6727     -0.308    27.6785    20.7865 -9.990e-29
 143.976597     -0.309  32.914879    12.6831    -1.6721     -0.306    27.6746    20.7844 -9.990e-29
 143.976603     -0.308  32.909973    12.6721    -1.6720     -0.305    27.6781    20.7891 -9.990e-29
 143.976609     -0.308  32.913220    12.6636    -1.6723     -0.305    27.6874    20.7978 -9.990e-29
 143.976615     -0.308  32.919982    12.6661    -1.6721     -0.305    27.6918    20.8008 -9.990e-29
 143.976620     -0.308  32.921904    12.6756    -1.6721     -0.305    27.6867    20.7951 -9.990e-29
 143.976626     -0.309  32.913698    12.6849    -1.6716     -0.306    27.6722    20.7822 -9.990e-29
 143.976632     -0.311  32.904015    12.6920    -1.6716     -0.308    27.6580    20.7699 -9.990e-29
 143.976638     -0.313  32.905138    12.6975    -1.6718     -0.310    27.6550    20.7666 -9.990e-29
 143.976644     -0.317  32.907357    12.7011    -1.6715     -0.314    27.6545    20.7655 -9.990e-29
 143.976649     -0.321  32.900185    12.7030    -1.6715     -0.318    27.6464    20.7589 -9.990e-29
 143.976655     -0.327  32.903728    12.7060    -1.6717     -0.324    27.6475    20.7592 -9.990e-29
 143.976661     -0.334  32.922143    12.7117    -1.6722     -0.331    27.6605    20.7682 -9.990e-29
 143.976667     -0.339  32.926217    12.7175    -1.6722     -0.336    27.6600    20.7668 -9.990e-29
 143.976672     -0.338  32.911297    12.7199    -1.6724     -0.335    27.6444    20.7543 -9.990e-29
 143.976678     -0.335  32.901159    12.7194    -1.6724     -0.332    27.6353    20.7474 -9.990e-29
 143.976684     -0.334  32.909719    12.7190    -1.6724     -0.331    27.6436    20.7538 -9.990e-29
 143.976690     -0.336  32.929341    12.7204    -1.6726     -0.333    27.6608    20.7669 -9.990e-29
 143.976696     -0.336  32.939702    12.7213    -1.6720     -0.333    27.6697    20.7736 -9.990e-29
 143.976701     -0.329  32.939489    12.7193    -1.6721     -0.326    27.6710    20.7750 -9.990e-29
 143.976707     -0.320  32.942971    12.7160    -1.6721     -0.317    27.6767    20.7799 -9.990e-29
 143.976713     -0.312  32.946942    12.7144    -1.6725     -0.309    27.6815    20.7840 -9.990e-29
 143.976719     -0.305  32.939327    12.7143    -1.6727     -0.302    27.6745    20.7786 -9.990e-29
 143.976725     -0.299  32.921164    12.7141    -1.6723     -0.297    27.6578    20.7657 -9.990e-29
 143.976730     -0.292  32.902945    12.7143    -1.6724     -0.290    27.6407    20.7524 -9.990e-29
 143.976736     -0.285  32.890611    12.7153    -1.6727     -0.283    27.6285    20.7428 -9.990e-29
 143.976742     -0.277  32.883386    12.7156    -1.6729     -0.275    27.6216    20.7374 -9.990e-29
 143.976748     -0.267  32.878350    12.7146    -1.6725     -0.265    27.6176    20.7345 -9.990e-29
 143.976753     -0.255  32.883340    12.7133    -1.6725     -0.253    27.6232    20.7391 -9.990e-29
 143.976759     -0.245  32.900519    12.7129    -1.6726     -0.243    27.6394    20.7517 -9.990e-29
 143.976765     -0.244  32.910788    12.7127    -1.6730     -0.242    27.6491    20.7593 -9.990e-29
 143.976771     -0.252  32.903190    12.7111    -1.6731     -0.250    27.6432    20.7550 -9.990e-29
 143.976777     -0.261  32.887183    12.7079    -1.6726     -0.259    27.6307    20.7459 -9.990e-29
 143.976782     -0.268  32.882856    12.7050    -1.6728     -0.266    27.6288    20.7450 -9.990e-29
 143.976788     -0.273  32.893393    12.7041    -1.6728     -0.271    27.6393    20.7532 -9.990e-29
 143.976794     -0.276  32.897553    12.7040    -1.6731     -0.274    27.6432    20.7563 -9.990e-29
 143.976800     -0.278  32.887435    12.7024    -1.6733     -0.276    27.6350    20.7502 -9.990e-29
 143.976806     -0.279  32.881459    12.7002    -1.6727     -0.277    27.6310    20.7476 -9.990e-29
 143.976811     -0.278  32.890130    12.6995    -1.6727     -0.276    27.6396    20.7543 -9.990e-29
 143.976817     -0.275  32.898121    12.7003    -1.6730     -0.273    27.6464    20.7595 -9.990e-29
 143.976823     -0.271  32.890317    12.7001    -1.6726     -0.269    27.6393    20.7540 -9.990e-29
 143.976829     -0.265  32.873105    12.6976    -1.6724     -0.263    27.6251    20.7435 -9.990e-29
 143.976834     -0.257  32.869445    12.6954    -1.6725     -0.255    27.6234    20.7425 -9.990e-29
 143.976840     -0.246  32.882290    12.6952    -1.6727     -0.244    27.6354    20.7519 -9.990e-29
 143.976846     -0.231  32.889560    12.6963    -1.6728     -0.229    27.6414    20.7563 -9.990e-29
 143.976852     -0.217  32.883580    12.6984    -1.6726     -0.215    27.6343    20.7504 -9.990e-29
 143.976858     -0.210  32.872607    12.7012    -1.6727     -0.208    27.6220    20.7404 -9.990e-29
 143.976863     -0.215  32.868321    12.7030    -1.6729     -0.213    27.6167    20.7360 -9.990e-29
 143.976869     -0.226  32.871717    12.7037    -1.6730     -0.224    27.6194    20.7379 -9.990e-29
 143.976875     -0.238  32.871078    12.7045    -1.6728     -0.236    27.6182    20.7369 -9.990e-29
 143.976881     -0.245  32.870585    12.7054    -1.6727     -0.243    27.6171    20.7358 -9.990e-29
 143.976887     -0.249  32.879651    12.7058    -1.6731     -0.247    27.6252    20.7421 -9.990e-29
 143.976892     -0.250  32.888516    12.7054    -1.6734     -0.248    27.6338    20.7487 -9.990e-29
 143.976898     -0.247  32.887154    12.7038    11.0269     -0.245    27.6337    20.7490 -9.990e-29
 143.976904     -0.242  32.881021    12.7010    14.3271     -0.240    27.6300    20.7466 -9.990e-29
 143.976910     -0.232  32.881530    12.6989    14.4722     -0.230    27.6320    20.7486 -9.990e-29
 143.976916     -0.223  32.888793    12.6984    11.9641     -0.221    27.6391    20.7542 -9.990e-29
 143.976921     -0.217  32.889523    12.6982     6.6847     -0.215    27.6400    20.7548 -9.990e-29
 143.976927     -0.210  32.881324    12.6972     6.8866     -0.208    27.6331    20.7497 -9.990e-29
 143.976933     -0.197  32.876777    12.6946     7.1865     -0.195    27.6307    20.7484 -9.990e-29
 143.976939     -0.178  32.880451    12.6909     7.2765     -0.177    27.6369    20.7538 -9.990e-29
 143.976944     -0.155  32.883237    12.6886     7.2580     -0.154    27.6411    20.7575 -9.990e-29
 143.976950     -0.136  32.875401    12.6893     7.2152     -0.135    27.6333    20.7513 -9.990e-29
 143.976956     -0.123  32.855446    12.6915     7.1493     -0.122    27.6131    20.7353 -9.990e-29
 143.976962     -0.116  32.832034    12.6928     7.1094     -0.115    27.5904    20.7175 -9.990e-29
 143.976968     -0.115  32.817057    12.6933     7.0623     -0.114    27.5761    20.7064 -9.990e-29
 143.976973     -0.119  32.811260    12.6941     7.0390     -0.118    27.5702    20.7016 -9.990e-29
 143.976979     -0.125  32.809703    12.6954     7.0340     -0.124    27.5678    20.6995 -9.990e-29
 143.976985     -0.127  32.810305    12.6963     7.0386     -0.126    27.5677    20.6993 -9.990e-29
 143.976991     -0.132  32.811618    12.6952     7.0326     -0.131    27.5697    20.7011 -9.990e-29
 143.976997     -0.139  32.812026    12.6923     7.0180     -0.138    27.5722    20.7035 -9.990e-29
 143.977002     -0.140  32.810385    12.6900     7.0072     -0.139    27.5723    20.7041 -9.990e-29
 143.977008     -0.135  32.808419    12.6895     6.9956     -0.134    27.5709    20.7030 -9.990e-29
 143.977014     -0.133  32.807419    12.6900     6.9465     -0.132    27.5696    20.7019 -9.990e-29
 143.977020     -0.132  32.807162    12.6906     6.9627     -0.131    27.5689    20.7013 -9.990e-29
 143.977025     -0.125  32.807296    12.6903     6.9556     -0.124    27.5692    20.7016 -9.990e-29
 143.977031     -0.112  32.806872    12.6891     6.9603     -0.111    27.5697    20.7022 -9.990e-29
 143.977037     -0.099  32.805317    12.6881     6.9845     -0.098    27.5690    20.7018 -9.990e-29
 143.977043     -0.091  32.804470    12.6888     6.9330     -0.090    27.5677    20.7007 -9.990e-29
