data/oxygen options/OCNMS/OCNMS1/raw_data/2022/CAST_TH015_220624faed.cnv
* Sea-Bird SBE 19 Data File:
* FileName = C:\2022 Mooring Data\Casts\CAST_TH015_220624.hex
* Software Version SeatermAF 2.1.2
* Temperature SN = 2997
* Conductivity SN = 2997
* System UpLoad Time = Jun 24 2022 20:40:06 (localtime) = Jun 24 2022 20:40:06 (UTC)
** CAST_TH015_220624
* ds
# nquan = 9                                 
# nvalues = 833                         
# units = specified
# name 0 = timeJ: Julian Days
# name 1 = prSM: Pressure, Strain Gauge [db]
# name 2 = c0mS/cm: Conductivity [mS/cm]
# name 3 = t090C: Temperature [ITS-90, deg C]
# name 4 = sbeox0ML/L: Oxygen, SBE 43 [ml/l]
# name 5 = depSM: Depth [salt water, m], lat = 47.5
# name 6 = sal00: Salinity, Practical [PSU]
# name 7 = sigma-é00: Density [sigma-theta, kg/m^3]
# name 8 = flag: flag
# span 0 = 175.822593, 175.827407       
# span 1 =     -5.929,     14.201       
# span 2 =   0.219885,  35.111756       
# span 3 =     7.7502,    16.9086       
# span 4 =    -1.8649,    13.2625       
# span 5 =     -5.880,     14.082       
# span 6 =     0.1275,    33.2345       
# span 7 =    -1.1003,    25.9208       
# span 8 = 0.0000e+00, 0.0000e+00       
# interval = seconds: 0.5
# start_time = Jun 24 2022 19:44:32 [Instrument's time stamp, header]
# bad_flag = -9.990e-29
*END*
[from data line 801]
 175.827228      0.564  34.814756     9.3589     5.6430      0.559    32.2386    24.9002 -9.990e-29
 175.827234      0.563  34.861292     9.5143     5.5507      0.558    32.1466    24.8036 -9.990e-29
 175.827240      0.561  34.948686     9.7142     5.4596      0.556    32.0571    24.7015 -9.990e-29
 175.827245      0.550  35.037731     9.8530     5.4107      0.545    32.0241    24.6532 -9.990e-29
 175.827251      0.524  35.056145     9.8658     5.3806      0.520    32.0315    24.6569 -9.990e-29
 175.827257      0.487  35.000512     9.7919     5.3311      0.483    32.0407    24.6761 -9.990e-29
 175.827263      0.444  34.943461     9.7208     5.3082      0.440    32.0460    24.6918 -9.990e-29
 175.827269      0.397  34.912563     9.6940     5.2868      0.394    32.0384    24.6902 -9.990e-29
 175.827274      0.343  34.877243     9.7025     5.2311      0.340    31.9949    24.6548 -9.990e-29
 175.827280      0.282  34.838012     9.7351     5.1769      0.280    31.9260    24.5958 -9.990e-29
 175.827286      0.220  34.810341     9.7759     5.1457      0.218    31.8617    24.5390 -9.990e-29
 175.827292      0.157  34.785349     9.8153     5.5875      0.156    31.8015    24.4856 -9.990e-29
 175.827297      0.089  34.752131     9.8632     6.1848      0.088    31.7257    24.4186 -9.990e-29
 175.827303      0.015  34.703374     9.9551     6.3717      0.015    31.5957    24.3023 -9.990e-29
 175.827309     -0.055  34.639056    10.0936     6.6155     -0.055    31.4102    24.1349 -9.990e-29
 175.827315     -0.114  34.596106    10.2171     6.7901     -0.113    31.2603    23.9976 -9.990e-29
 175.827321     -0.162  34.598495    10.2947     6.8113     -0.161    31.1959    23.9346 -9.990e-29
 175.827326     -0.201  34.592301    10.3495     6.9294     -0.199    31.1427    23.8840 -9.990e-29
 175.827332     -0.233  34.471816    10.4002     7.0154     -0.231    30.9792    23.7482 -9.990e-29
 175.827338     -0.261  34.020943    10.4495     7.0289     -0.259    30.4887    23.3581 -9.990e-29
 175.827344     -0.287  32.615556    10.4939     7.0540     -0.285    29.0611    22.2396 -9.990e-29
 175.827350     -0.312  28.378452    10.5287     6.9725     -0.309    24.8986    18.9978 -9.990e-29
 175.827355     -0.334  20.514912    10.5563 -9.990e-29     -0.331    17.4331    13.1996 -9.990e-29
 175.827361     -0.344  12.769940    10.5844 -9.990e-29     -0.341    10.4077     7.7484 -9.990e-29
 175.827367     -0.345   8.558208    10.6122 -9.990e-29     -0.342     6.7543     4.9104 -9.990e-29
 175.827373     -0.345   6.863770    10.6321 -9.990e-29     -0.342     5.3270     3.7994 -9.990e-29
 175.827378     -0.347   6.102018    10.6437 -9.990e-29     -0.344     4.6950     3.3069 -9.990e-29
 175.827384     -0.352   5.641310    10.6549 -9.990e-29     -0.349     4.3157     3.0106 -9.990e-29
 175.827390     -0.361   5.024552    10.6715 -9.990e-29     -0.358     3.8120     2.6170 -9.990e-29
 175.827396     -0.374   4.393480    10.6918 -9.990e-29     -0.371     3.3020     2.2179 -9.990e-29
 175.827402     -0.386   3.980595    10.7022 -9.990e-29     -0.383     2.9719     1.9597 -9.990e-29
 175.827407     -0.392   3.726656 -9.990e-29 -9.990e-29     -0.389 -9.990e-29 -9.990e-29 -9.990e-29
