data/oxygen options/OCNMS/OCNMS1/raw_data/2022/CAST_TH042_220524faedb.cnv
* Sea-Bird SBE 19 Data File:
* FileName = C:\2022 Mooring Data\Casts\CAST_TH042_220524.hex
* Software Version SeatermAF 2.1.2
* Temperature SN = 2997
* Conductivity SN = 2997
* System UpLoad Time = May 24 2022 19:46:03 (localtime) = May 24 2022 19:46:03 (UTC)
** CAST_TH042_220524
* ds
# nquan = 9
# nvalues = 39                          
# units = specified
# name 0 = timeJ: Julian Days
# name 1 = prSM: Pressure, Strain Gauge [db]
# name 2 = c0mS/cm: Conductivity [mS/cm]
# name 3 = t090C: Temperature [ITS-90, deg C]
# name 4 = sbeox0ML/L: Oxygen, SBE 43 [ml/l]
# name 5 = depSM: Depth [salt water, m], lat = 47.5
# name 6 = sal00: Salinity, Practical [PSU]
# name 7 = sigma-é00: Density [sigma-theta, kg/m^3]
# name 8 = flag: flag
# span 0 = 144.815553, 144.816418       
# span 1 =      1.000,     39.000       
# span 2 =  33.135432,  34.462349       
# span 3 =     7.4753,    11.6170       
# span 4 =     2.6648,     8.6313       
# span 5 =      0.992,     38.671       
# span 6 =    28.6847,    33.6098       
# span 7 =    21.7573,    26.2583       
# span 8 = 0.0000e+00, 0.0000e+00       
# interval = decibars: 1                
# start_time = May 24 2022 19:28:29 [Instrument's time stamp, header]
# bad_flag = -9.990e-29
*END*
 144.815553      1.000  33.135432    11.6170     8.4704      0.992    28.6847    21.7573 0.0000e+00
 144.815581      2.000  33.142198    11.4946     8.6220      1.983    28.7857    21.8570 0.0000e+00
 144.815604      3.000  33.245331    11.2860     8.6313      2.975    29.0481    22.0966 0.0000e+00
 144.815629      4.000  33.361477    11.1268     8.4880      3.967    29.2861    22.3087 0.0000e+00
 144.815653      5.000  33.446265    11.0335     8.3399      4.958    29.4427    22.4463 0.0000e+00
 144.815674      6.000  33.541189    10.9589     8.3065      5.950    29.5950    22.5774 0.0000e+00
 144.815696      7.000  33.558010    10.9250     8.2566      6.941    29.6383    22.6168 0.0000e+00
 144.815721      8.000  33.568142    10.8936     7.9758      7.933    29.6733    22.6493 0.0000e+00
 144.815742      9.000  33.628459    10.8246     7.8072      8.925    29.7880    22.7502 0.0000e+00
 144.815762     10.000  33.694818    10.7119     7.6872      9.916    29.9447    22.8910 0.0000e+00
 144.815785     11.000  33.738622    10.6400     7.2918     10.908    30.0465    22.9823 0.0000e+00
 144.815810     12.000  33.726415    10.5377     6.5096     11.900    30.1183    23.0553 0.0000e+00
 144.815831     13.000  33.661348    10.3630     6.0989     12.891    30.1980    23.1462 0.0000e+00
 144.815855     14.000  33.618449    10.2081     4.8547     13.883    30.2839    23.2385 0.0000e+00
 144.815876     15.000  33.614506     9.5206     4.7349     14.874    30.8631    23.8003 0.0000e+00
 144.815899     16.000  33.736239     9.3343     4.7693     15.866    31.1471    24.0514 0.0000e+00
 144.815925     17.000  33.718072     9.2051     4.1695     16.857    31.2412    24.1450 0.0000e+00
 144.815944     18.000  33.811576     8.7376     3.9961     17.849    31.7511    24.6153 0.0000e+00
 144.815966     19.000  33.844800     8.5879     4.0336     18.841    31.9203    24.7703 0.0000e+00
 144.815992     20.000  33.863229     8.5485     3.9910     19.832    31.9747    24.8188 0.0000e+00
 144.816014     21.000  33.865768     8.4469     3.9574     20.823    32.0692    24.9079 0.0000e+00
 144.816033     22.000  33.900914     8.4315     3.9641     21.815    32.1197    24.9498 0.0000e+00
 144.816057     23.000  33.910553     8.4565     3.8608     22.807    32.1066    24.9358 0.0000e+00
 144.816082     24.000  33.934813     8.3810     3.6274     23.798    32.2006    25.0207 0.0000e+00
 144.816102     25.000  34.019265     8.1722     3.5884     24.790    32.4814    25.2716 0.0000e+00
 144.816121     26.000  34.061411     8.1384     3.5829     25.781    32.5570    25.3359 0.0000e+00
 144.816144     27.000  34.081177     8.1054     3.4806     26.773    32.6082    25.3809 0.0000e+00
 144.816166     28.000  34.118562     8.0397     3.3849     27.764    32.7088    25.4694 0.0000e+00
 144.816187     29.000  34.169083     7.9670     3.3524     28.756    32.8302    25.5753 0.0000e+00
 144.816209     30.000  34.186654     7.9412     3.1985     29.747    32.8727    25.6123 0.0000e+00
 144.816232     31.000  34.261858     7.8568     3.1529     30.739    33.0323    25.7499 0.0000e+00
 144.816258     32.000  34.292268     7.8250     2.9659     31.730    33.0946    25.8034 0.0000e+00
 144.816279     33.000  34.367508     7.6401     2.8492     32.722    33.3513    26.0316 0.0000e+00
 144.816299     34.000  34.411980     7.5666     2.8422     33.713    33.4694    26.1349 0.0000e+00
 144.816322     35.000  34.423957     7.5583     2.8310     34.705    33.4899    26.1522 0.0000e+00
 144.816348     36.000  34.427630     7.5363     2.7832     35.696    33.5146    26.1748 0.0000e+00
 144.816369     37.000  34.435364     7.4978     2.7158     36.688    33.5597    26.2157 0.0000e+00
 144.816391     38.000  34.454199     7.4853     2.6947     37.679    33.5917    26.2426 0.0000e+00
 144.816418     39.000  34.462349     7.4753     2.6648     38.671    33.6098    26.2583 0.0000e+00
