data/oxygen options/OCNMS/OCNMS1/raw_data/2022/CAST_MB042_220718faed.cnv
* Sea-Bird SBE 19 Data File:
* FileName = C:\2022 Mooring Data\Casts\CAST_MB042_220718.hex
* Software Version SeatermAF 2.1.2
* Temperature SN = 2997
* Conductivity SN = 2997
* System UpLoad Time = Jul 18 2022 21:30:09 (localtime) = Jul 18 2022 21:30:09 (UTC)
** CAST_MB042_220718
* ds
# nquan = 9                                 
# nvalues = 1170                        
# units = specified
# name 0 = timeJ: Julian Days
# name 1 = prSM: Pressure, Strain Gauge [db]
# name 2 = c0mS/cm: Conductivity [mS/cm]
# name 3 = t090C: Temperature [ITS-90, deg C]
# name 4 = sbeox0ML/L: Oxygen, SBE 43 [ml/l]
# name 5 = depSM: Depth [salt water, m], lat = 47.5
# name 6 = sal00: Salinity, Practical [PSU]
# name 7 = sigma-é00: Density [sigma-theta, kg/m^3]
# name 8 = flag: flag
# span 0 = 199.827940, 199.834705       
# span 1 =     -5.108,     39.416       
# span 2 =   0.342940,  37.089400       
# span 3 =     7.4155,    14.4064       
# span 4 =   -12.6225,    18.2221       
# span 5 =     -5.065,     39.083       
# span 6 =     0.2106,    33.7094       
# span 7 =    -0.6326,    26.3451       
# span 8 = 0.0000e+00, 0.0000e+00       
# interval = seconds: 0.5
# start_time = Jul 18 2022 19:52:14 [Instrument's time stamp, header]
# bad_flag = -9.990e-29
*END*
[from data line 961]
 199.833501     29.905  34.758349     8.3140     3.5548     29.653    33.1296    25.7591 0.0000e+00
 199.833507     29.591  34.800019     8.3706     3.5995     29.342    33.1205    25.7435 0.0000e+00
 199.833513     29.269  34.823857     8.4172     3.6314     29.023    33.1020    25.7220 0.0000e+00
 199.833519     28.936  34.834767     8.4584     3.6513     28.692    33.0750    25.6946 0.0000e+00
 199.833524     28.596  34.847123     8.4947     3.6618     28.355    33.0541    25.6728 0.0000e+00
 199.833530     28.261  34.863417     8.5257     3.6702     28.023    33.0424    25.6589 0.0000e+00
 199.833536     27.942  34.886769     8.5527     3.6756     27.707    33.0418    25.6544 0.0000e+00
 199.833542     27.638  34.917047     8.5753     3.6749     27.405    33.0526    25.6594 0.0000e+00
 199.833547     27.342  34.942432     8.5910     3.6680     27.112    33.0648    25.6665 0.0000e+00
 199.833553     27.042  34.953166     8.6003     3.6826     26.815    33.0675    25.6672 0.0000e+00
 199.833559     26.721  34.953572     8.6094     3.7116     26.496    33.0595    25.6596 0.0000e+00
 199.833565     26.376  34.950444     8.6231     3.7279     26.154    33.0436    25.6450 0.0000e+00
 199.833571     26.016  34.949230     8.6432     3.7568     25.797    33.0237    25.6264 0.0000e+00
 199.833576     25.652  34.959046     8.6684     3.7977     25.436    33.0106    25.6123 0.0000e+00
 199.833582     25.295  34.978510     8.6949     3.8456     25.082    33.0065    25.6050 0.0000e+00
 199.833588     24.948  34.996130     8.7183     3.9057     24.738    33.0033    25.5989 0.0000e+00
 199.833594     24.605  35.005803     8.7475     3.9781     24.398    32.9863    25.5811 0.0000e+00
 199.833600     24.272  35.012679     8.8036     4.0875     24.068    32.9415    25.5373 0.0000e+00
 199.833605     23.951  35.030504     8.8851     4.2083     23.750    32.8846    25.4802 0.0000e+00
 199.833611     23.641  35.056245     8.9681     4.3058     23.442    32.8347    25.4283 0.0000e+00
 199.833617     23.338  35.080623     9.0369     4.3661     23.142    32.7967    25.3878 0.0000e+00
 199.833623     23.036  35.117200     9.0912     4.4183     22.842    32.7848    25.3699 0.0000e+00
 199.833628     22.729  35.163309     9.1380     4.4871     22.538    32.7896    25.3664 0.0000e+00
 199.833634     22.413  35.193130     9.1812     4.5567     22.225    32.7809    25.3528 0.0000e+00
 199.833640     22.088  35.205064     9.2218     4.6182     21.902    32.7561    25.3269 0.0000e+00
 199.833646     21.752  35.214001     9.2607     4.6607     21.569    32.7298    25.3002 0.0000e+00
 199.833652     21.414  35.228034     9.2930     4.6860     21.234    32.7149    25.2834 0.0000e+00
 199.833657     21.084  35.250282     9.3207     4.6792     20.907    32.7126    25.2772 0.0000e+00
 199.833663     20.761  35.280257     9.3565     4.7373     20.587    32.7109    25.2701 0.0000e+00
 199.833669     20.437  35.314882     9.3923     4.7582     20.265    32.7139    25.2668 0.0000e+00
 199.833675     20.106  35.339908     9.4143     4.7594     19.937    32.7197    25.2678 0.0000e+00
 199.833681     19.767  35.345662     9.4326     4.7888     19.601    32.7091    25.2565 0.0000e+00
 199.833686     19.420  35.344957     9.4522     4.7578     19.257    32.6906    25.2389 0.0000e+00
 199.833692     19.069  35.345912     9.4666     4.7896     18.909    32.6786    25.2272 0.0000e+00
 199.833698     18.726  35.348214     9.4800     4.8118     18.569    32.6689    25.2175 0.0000e+00
 199.833704     18.394  35.352230     9.4977     4.8405     18.240    32.6570    25.2054 0.0000e+00
 199.833709     18.070  35.354444     9.5131     4.8909     17.918    32.6454    25.1938 0.0000e+00
 199.833715     17.750  35.351178     9.5246     4.9378     17.601    32.6317    25.1813 0.0000e+00
 199.833721     17.431  35.346016     9.5446     4.9853     17.285    32.6084    25.1598 0.0000e+00
 199.833727     17.114  35.347860     9.5741     5.0513     16.970    32.5836    25.1357 0.0000e+00
 199.833733     16.799  35.362061     9.6066     5.1256     16.658    32.5688    25.1188 0.0000e+00
 199.833738     16.481  35.387480     9.6496     5.2116     16.343    32.5559    25.1018 0.0000e+00
 199.833744     16.152  35.415525     9.7059     5.3431     16.017    32.5338    25.0753 0.0000e+00
 199.833750     15.807  35.438304     9.7706     5.4598     15.674    32.4987    25.0374 0.0000e+00
 199.833756     15.447  35.459395     9.8448     5.6153     15.318    32.4534    24.9899 0.0000e+00
 199.833762     15.078  35.490216     9.9327     5.8069     14.952    32.4058    24.9383 0.0000e+00
 199.833767     14.711  35.535547    10.0315     5.9873     14.588    32.3633    24.8888 0.0000e+00
 199.833773     14.352  35.585898    10.1296     6.1890     14.232    32.3267    24.8438 0.0000e+00
 199.833779     14.002  35.629514    10.2437     6.3486     13.885    32.2691    24.7798 0.0000e+00
 199.833785     13.653  35.675917    10.4077     6.4940     13.539    32.1704    24.6752 0.0000e+00
 199.833791     13.309  35.736098    10.5904     6.6036     13.197    32.0695    24.5656 0.0000e+00
 199.833796     12.980  35.797960    10.7235     6.6457     12.871    32.0145    24.4998 0.0000e+00
 199.833802     12.660  35.855586    10.7966     6.6644     12.554    32.0078    24.4820 0.0000e+00
 199.833808     12.343  35.907499    10.8323     6.6508     12.240    32.0282    24.4917 0.0000e+00
 199.833814     12.026  35.933384    10.8458     6.6574     11.925    32.0422    24.5003 0.0000e+00
 199.833819     11.708  35.930875    10.8526     6.6876     11.610    32.0339    24.4926 0.0000e+00
 199.833825     11.397  35.926981    10.8599     6.7289     11.302    32.0238    24.4835 0.0000e+00
 199.833831     11.090  35.929494    10.8661     6.7771     10.997    32.0210    24.4802 0.0000e+00
 199.833837     10.775  35.928409    10.8710     6.8189     10.685    32.0158    24.4753 0.0000e+00
 199.833843     10.445  35.923496    10.8849     6.8145     10.358    31.9989    24.4597 0.0000e+00
 199.833848     10.105  35.922304    10.9142     6.8561     10.020    31.9723    24.4339 0.0000e+00
 199.833854      9.763  35.930062    10.9471     6.8842      9.681    31.9514    24.4120 0.0000e+00
 199.833860      9.420  35.941523    10.9684     6.8941      9.341    31.9444    24.4027 0.0000e+00
 199.833866      9.078  35.950777    10.9759     6.9297      9.002    31.9471    24.4035 0.0000e+00
 199.833872      8.746  35.960177    10.9788     6.9233      8.673    31.9540    24.4084 0.0000e+00
 199.833877      8.429  35.971149    10.9840     7.0210      8.358    31.9605    24.4125 0.0000e+00
 199.833883      8.127  35.981048    10.9918     7.1037      8.059    31.9636    24.4135 0.0000e+00
 199.833889      7.836  35.988038    11.0027     7.1938      7.770    31.9611    24.4097 0.0000e+00
 199.833895      7.543  35.990887    11.0251     7.2856      7.480    31.9445    24.3929 0.0000e+00
 199.833900      7.245  35.996290    11.0674     7.3395      7.184    31.9132    24.3611 0.0000e+00
 199.833906      6.942  36.015468    11.1221     7.3920      6.884    31.8848    24.3294 0.0000e+00
 199.833912      6.647  36.047194    11.1721     7.4180      6.591    31.8728    24.3112 0.0000e+00
 199.833918      6.360  36.078963    11.2069     7.4415      6.307    31.8740    24.3060 0.0000e+00
 199.833924      6.070  36.101133    11.2311     7.4544      6.019    31.8749    24.3024 0.0000e+00
 199.833929      5.769  36.117031    11.2534     7.4817      5.721    31.8714    24.2957 0.0000e+00
 199.833935      5.461  36.133948    11.2708     7.5371      5.415    31.8731    24.2939 0.0000e+00
 199.833941      5.147  36.152684    11.2779     7.6238      5.104    31.8854    24.3022 0.0000e+00
 199.833947      4.832  36.169746    11.2799     7.7103      4.792    31.9005    24.3136 0.0000e+00
 199.833953      4.518  36.181646    11.2848     7.7763      4.480    31.9081    24.3186 0.0000e+00
 199.833958      4.207  36.188656    11.3009     7.8629      4.172    31.9012    24.3104 0.0000e+00
 199.833964      3.901  36.199097    11.3336     7.9390      3.868    31.8833    24.2906 0.0000e+00
 199.833970      3.595  36.221944    11.3721     7.9933      3.565    31.8725    24.2754 0.0000e+00
 199.833976      3.298  36.250213    11.4019     8.0357      3.270    31.8745    24.2716 0.0000e+00
 199.833981      3.020  36.273514    11.4249     8.0833      2.995    31.8776    24.2699 0.0000e+00
 199.833987      2.761  36.293322    11.4540     8.1080      2.738    31.8720    24.2603 0.0000e+00
 199.833993      2.512  36.317097    11.5005     8.1509      2.491    31.8552    24.2389 0.0000e+00
 199.833999      2.270  36.349741    11.5634     8.1932      2.251    31.8330    24.2103 0.0000e+00
 199.834005      2.042  36.383329    11.6162     8.2348      2.025    31.8204    24.1910 0.0000e+00
 199.834010      1.835  36.421846    11.6388     8.2310      1.820    31.8385    24.2010 0.0000e+00
 199.834016      1.648  36.460167    11.6556     8.2602      1.634    31.8614    24.2157 0.0000e+00
 199.834022      1.478  36.486177    11.6927     8.2740      1.466    31.8549    24.2039 0.0000e+00
 199.834028      1.326  36.526244    11.7338     8.2826      1.315    31.8586    24.1992 -9.990e-29
 199.834034      1.206  36.578978    11.7593     8.2913      1.196    31.8879    24.2173 -9.990e-29
 199.834039      1.121  36.614498    11.7766     8.2811      1.112    31.9075    24.2294 -9.990e-29
 199.834045      1.062  36.642165    11.7971     8.3013      1.053    31.9167    24.2328 -9.990e-29
 199.834051      1.017  36.671511    11.8262     8.3306      1.009    31.9202    24.2301 -9.990e-29
 199.834057      0.974  36.682365    11.8640     8.2945      0.966    31.8983    24.2062 -9.990e-29
 199.834062      0.927  36.685371    11.9043     8.3147      0.919    31.8667    24.1743 -9.990e-29
 199.834068      0.876  36.703128    11.9383     8.2912      0.869    31.8548    24.1588 -9.990e-29
 199.834074      0.827  36.722994    11.9591     8.2416      0.820    31.8562    24.1560 -9.990e-29
 199.834080      0.782  36.736257    11.9682     8.1611      0.775    31.8612    24.1583 -9.990e-29
 199.834086      0.737  36.744454    11.9703     8.0251      0.731    31.8673    24.1626 -9.990e-29
 199.834091      0.689  36.749647    11.9673     9.2914      0.683    31.8749    24.1691 -9.990e-29
 199.834097      0.636  36.754370    11.9609     9.3996      0.631    31.8850    24.1780 -9.990e-29
 199.834103      0.578  36.752128    11.9551     9.0496      0.573    31.8878    24.1813 -9.990e-29
 199.834109      0.520  36.740587    11.9508     8.3363      0.516    31.8804    24.1763 -9.990e-29
 199.834115      0.463  36.722383    11.9501     7.5493      0.459    31.8634    24.1633 -9.990e-29
 199.834120      0.408  36.687906    11.9614     6.9429      0.405    31.8205    24.1279 -9.990e-29
 199.834126      0.359  36.602486    11.9844     6.5866      0.356    31.7186    24.0446 -9.990e-29
 199.834132      0.317  36.361849    12.0086     6.3599      0.314    31.4665    23.8446 -9.990e-29
 199.834138      0.281  35.653648    12.0264     6.3626      0.279    30.7717    23.3025 -9.990e-29
 199.834144      0.247  33.543239    12.0371     6.3800      0.245    28.7501    21.7337 -9.990e-29
 199.834149      0.218  27.228609    12.0456     6.4268      0.216    22.8345    17.1543 -9.990e-29
 199.834155      0.200  17.238407    12.0585     6.4669      0.198    13.8491    10.2122 -9.990e-29
 199.834161      0.193   9.631157    12.0787     6.4989      0.191     7.3725     5.2085 -9.990e-29
 199.834167      0.187   6.547694    12.1022     6.5264      0.185     4.8682     3.2690 -9.990e-29
 199.834172      0.178   5.715387    12.1234     6.5566      0.177     4.2069     2.7544 -9.990e-29
 199.834178      0.165   5.539201    12.1390     6.5877      0.164     4.0668     2.6439 -9.990e-29
 199.834184      0.152   5.408330    12.1490     6.6168      0.151     3.9632     2.5624 -9.990e-29
 199.834190      0.146   5.534256    12.1563     6.6319      0.145     4.0610     2.6373 -9.990e-29
 199.834196      0.146   5.737027    12.1645     6.6414      0.145     4.2193     2.7588 -9.990e-29
 199.834201      0.150   5.490442    12.1768     6.6465      0.149     4.0245     2.6064 -9.990e-29
 199.834207      0.156   4.933017    12.1931     6.6543      0.155     3.5884     2.2666 -9.990e-29
 199.834213      0.162   4.371234    12.2103    -9.1514      0.161     3.1532     1.9272 -9.990e-29
 199.834219      0.163   3.900127    12.2236   -12.6225      0.162     2.7919     1.6455 -9.990e-29
 199.834225      0.163   3.538875    12.2302   -12.5809      0.162     2.5176     1.4320 -9.990e-29
 199.834230      0.166   3.243756    12.2320    -9.0517      0.165     2.2953     1.2593 -9.990e-29
 199.834236      0.170   2.992788    12.2321    -1.9914      0.169     2.1075     1.1135 -9.990e-29
 199.834242      0.169   2.725448    12.2317    -1.9925      0.168     1.9088     0.9593 -9.990e-29
 199.834248      0.168   2.414125    12.2315    -1.9929      0.167     1.6791     0.7809 -9.990e-29
 199.834253      0.171   2.114450    12.2321    -1.9931      0.170     1.4599     0.6105 -9.990e-29
 199.834259      0.173   1.887523    12.2336    -1.9935      0.172     1.2953     0.4823 -9.990e-29
 199.834265      0.172   1.752791    12.2357    -1.9941      0.171     1.1982     0.4065 -9.990e-29
 199.834271      0.171   1.721802    12.2377    -1.9947      0.170     1.1758     0.3889 -9.990e-29
 199.834277      0.174   1.845222    12.2391    -1.9950      0.173     1.2646     0.4578 -9.990e-29
 199.834282      0.177   2.086978    12.2405    -1.9950      0.176     1.4396     0.5937 -9.990e-29
 199.834288      0.176   2.235116    12.2425    -1.9943      0.175     1.5475     0.6773 -9.990e-29
 199.834294      0.171   2.186740    12.2458    -1.9940      0.170     1.5121     0.6494 -9.990e-29
 199.834300      0.166   2.051970    12.2509    -1.9836      0.165     1.4138     0.5724 -9.990e-29
 199.834306      0.165   1.928825    12.2577    -1.9830      0.164     1.3243     0.5020 -9.990e-29
 199.834311      0.168   1.833243    12.2653    -1.9863      0.167     1.2551     0.4472 -9.990e-29
 199.834317      0.175   1.750286    12.2729    -1.9877      0.174     1.1952     0.3997 -9.990e-29
 199.834323      0.182   1.665218    12.2803    -1.9745      0.180     1.1340     0.3512 -9.990e-29
 199.834329      0.185   1.577103    12.2881    -1.9815      0.183     1.0708     0.3011 -9.990e-29
 199.834334      0.185   1.497006    12.2973    -1.9845      0.183     1.0135     0.2554 -9.990e-29
 199.834340      0.182   1.440580    12.3079    -1.9771      0.180     0.9732     0.2228 -9.990e-29
 199.834346      0.179   1.425667    12.3174    -1.9796      0.178     0.9624     0.2132 -9.990e-29
 199.834352      0.181   1.485571    12.3244    -1.9827      0.179     1.0047     0.2453 -9.990e-29
 199.834358      0.184   1.721769    12.3299    -1.9840      0.182     1.1730     0.3755 -9.990e-29
 199.834363      0.183   2.080639    12.3346    -1.9853      0.181     1.4315     0.5759 -9.990e-29
 199.834369      0.183   2.273080    12.3380    -1.9870      0.181     1.5713     0.6842 -9.990e-29
 199.834375      0.188   2.281924    12.3407    -1.9875      0.186     1.5777     0.6888 -9.990e-29
 199.834381      0.193   2.430505    12.3462    -1.9870      0.191     1.6861     0.7723 -9.990e-29
 199.834387      0.196   2.675094    12.3552    -1.9724      0.194     1.8655     0.9105 -9.990e-29
 199.834392      0.197   2.678110    12.3640    -1.9793      0.195     1.8672     0.9108 -9.990e-29
 199.834398      0.194   2.607800    12.3705    -1.9795      0.192     1.8151     0.8695 -9.990e-29
 199.834404      0.189   2.648245    12.3764    -1.9728      0.187     1.8446     0.8917 -9.990e-29
 199.834410      0.181   2.582235    12.3826    -1.9782      0.179     1.7958     0.8530 -9.990e-29
 199.834416      0.173   2.381107    12.3879    -1.9813      0.172     1.6481     0.7377 -9.990e-29
