data/oxygen options/OCNMS/OCNMS1/raw_data/2022/CAST_KL027_220523faed.cnv
* Sea-Bird SBE 19 Data File:
* FileName = C:\2022 Mooring Data\Casts\CAST_KL027_220523.hex
* Software Version SeatermAF 2.1.2
* Temperature SN = 2997
* Conductivity SN = 2997
* System UpLoad Time = May 23 2022 22:48:04 (localtime) = May 23 2022 22:48:04 (UTC)
** CAST_KL027_220523
* ds
# nquan = 9                                 
# nvalues = 882                         
# units = specified
# name 0 = timeJ: Julian Days
# name 1 = prSM: Pressure, Strain Gauge [db]
# name 2 = c0mS/cm: Conductivity [mS/cm]
# name 3 = t090C: Temperature [ITS-90, deg C]
# name 4 = sbeox0ML/L: Oxygen, SBE 43 [ml/l]
# name 5 = depSM: Depth [salt water, m], lat = 47.5
# name 6 = sal00: Salinity, Practical [PSU]
# name 7 = sigma-é00: Density [sigma-theta, kg/m^3]
# name 8 = flag: flag
# span 0 = 143.940046, 143.945145       
# span 1 =     -5.934,     24.484       
# span 2 =   0.255713,  34.535986       
# span 3 =     8.7053,    13.9733       
# span 4 =    -1.9512,    15.1661       
# span 5 =     -5.885,     24.278       
# span 6 =     0.1565,    32.4376       
# span 7 =    -0.6215,    25.1578       
# span 8 = 0.0000e+00, 0.0000e+00       
# interval = seconds: 0.5
# start_time = May 23 2022 22:33:40 [Instrument's time stamp, header]
# bad_flag = -9.990e-29
*END*
[from data line 641]
 143.943756      4.076  33.454235    11.4033     7.0452      4.042    29.1570    22.1610 0.0000e+00
 143.943762      4.313  33.522012    11.3292     7.0445      4.277    29.2810    22.2700 0.0000e+00
 143.943767      4.540  33.628184    11.2475     7.0305      4.502    29.4488    22.4144 0.0000e+00
 143.943773      4.763  33.747324    11.1687     7.0124      4.723    29.6276    22.5669 0.0000e+00
 143.943779      4.986  33.854490    11.1031     6.9941      4.944    29.7848    22.7003 0.0000e+00
 143.943785      5.216  33.936210    11.0524     6.9776      5.172    29.9056    22.8028 0.0000e+00
 143.943791      5.455  33.993252    11.0135     6.9675      5.409    29.9929    22.8774 0.0000e+00
 143.943796      5.700  34.032133    10.9843     6.9648      5.652    30.0547    22.9304 0.0000e+00
 143.943802      5.945  34.058119    10.9637     6.9556      5.895    30.0970    22.9668 0.0000e+00
 143.943808      6.190  34.078332    10.9495     6.9112      6.138    30.1283    22.9936 0.0000e+00
 143.943814      6.440  34.097798    10.9394     6.9388      6.386    30.1556    23.0165 0.0000e+00
 143.943819      6.700  34.112706    10.9339     6.9612      6.644    30.1746    23.0322 0.0000e+00
 143.943825      6.969  34.121571    10.9330     6.9813      6.911    30.1840    23.0397 0.0000e+00
 143.943831      7.242  34.128294    10.9347     6.9652      7.181    30.1890    23.0433 0.0000e+00
 143.943837      7.511  34.133921    10.9352     6.9023      7.448    30.1940    23.0471 0.0000e+00
 143.943843      7.771  34.138598    10.9320     6.9150      7.706    30.2012    23.0532 0.0000e+00
 143.943848      8.027  34.144005    10.9259     6.9328      7.960    30.2114    23.0622 0.0000e+00
 143.943854      8.282  34.150557    10.9186     6.9536      8.213    30.2237    23.0731 0.0000e+00
 143.943860      8.534  34.156271    10.9117     6.9636      8.463    30.2349    23.0829 0.0000e+00
 143.943866      8.784  34.160846    10.9060     6.9487      8.711    30.2440    23.0910 0.0000e+00
 143.943872      9.029  34.166387    10.9011     6.9501      8.953    30.2534    23.0991 0.0000e+00
 143.943877      9.268  34.174041    10.8966     6.9461      9.190    30.2645    23.1085 0.0000e+00
 143.943883      9.499  34.183858    10.8932     6.9466      9.420    30.2769    23.1187 0.0000e+00
 143.943889      9.721  34.195406    10.8905     6.9579      9.640    30.2904    23.1297 0.0000e+00
 143.943895      9.933  34.206641    10.8865     6.9697      9.850    30.3046    23.1415 0.0000e+00
 143.943900     10.141  34.219023    10.8806     6.9913     10.056    30.3216    23.1557 0.0000e+00
 143.943906     10.349  34.234424    10.8734     6.9955     10.262    30.3426    23.1732 0.0000e+00
 143.943912     10.563  34.250336    10.8635     6.9991     10.475    30.3663    23.1934 0.0000e+00
 143.943918     10.788  34.275574    10.8506     6.9942     10.698    30.4018    23.2231 0.0000e+00
 143.943924     11.028  34.311223    10.8387     6.9714     10.936    30.4466    23.2601 0.0000e+00
 143.943929     11.287  34.338638    10.8310     6.9442     11.192    30.4799    23.2873 0.0000e+00
 143.943935     11.563  34.355642    10.8263     6.9016     11.466    30.5004    23.3040 0.0000e+00
 143.943941     11.853  34.368581    10.8218     6.8696     11.754    30.5168    23.3175 0.0000e+00
 143.943947     12.151  34.376146    10.8154     6.8399     12.049    30.5295    23.3285 0.0000e+00
 143.943953     12.448  34.378823    10.8062     6.8147     12.344    30.5397    23.3380 0.0000e+00
 143.943958     12.738  34.377864    10.7963     6.7786     12.631    30.5469    23.3453 0.0000e+00
 143.943964     13.019  34.374714    10.7897     6.7446     12.910    30.5491    23.3482 0.0000e+00
 143.943970     13.286  34.371260    10.7880     6.7311     13.175    30.5470    23.3468 0.0000e+00
 143.943976     13.536  34.368421    10.7886     6.7252     13.423    30.5436    23.3441 0.0000e+00
 143.943981     13.776  34.366254    10.7852     6.7395     13.661    30.5443    23.3451 0.0000e+00
 143.943987     14.016  34.364037    10.7742     6.7287     13.899    30.5511    23.3524 0.0000e+00
 143.943993     14.259  34.360423    10.7592     6.6602     14.140    30.5600    23.3618 0.0000e+00
 143.943999     14.503  34.355559    10.7457     6.6667     14.381    30.5664    23.3691 0.0000e+00
 143.944005     14.748  34.351844    10.7372     6.6495     14.624    30.5697    23.3731 0.0000e+00
 143.944010     14.990  34.349851    10.7339     6.6582     14.864    30.5704    23.3742 0.0000e+00
 143.944016     15.229  34.347402    10.7322     6.6544     15.101    30.5693    23.3737 0.0000e+00
 143.944022     15.463  34.344519    10.7284     6.5718     15.333    30.5695    23.3745 0.0000e+00
 143.944028     15.689  34.341764    10.7206     6.5425     15.557    30.5733    23.3787 0.0000e+00
 143.944034     15.909  34.338190    10.7095     6.4572     15.776    30.5789    23.3850 0.0000e+00
 143.944039     16.133  34.334558    10.6980     6.3246     15.998    30.5849    23.3916 0.0000e+00
 143.944045     16.366  34.332111    10.6879     6.1812     16.229    30.5908    23.3979 0.0000e+00
 143.944051     16.606  34.329751    10.6769     6.0122     16.467    30.5976    23.4050 0.0000e+00
 143.944057     16.859  34.325936    10.6610     5.8904     16.718    30.6070    23.4151 0.0000e+00
 143.944063     17.134  34.320543    10.6396     5.7775     16.990    30.6195    23.4284 0.0000e+00
 143.944068     17.422  34.315829    10.6130     5.6717     17.276    30.6370    23.4465 0.0000e+00
 143.944074     17.711  34.315514    10.5781     5.5955     17.562    30.6659    23.4748 0.0000e+00
 143.944080     17.998  34.322461    10.5308     5.5341     17.847    30.7125    23.5190 0.0000e+00
 143.944086     18.280  34.335771    10.4764     5.4952     18.127    30.7714    23.5741 0.0000e+00
 143.944091     18.550  34.349580    10.4310     5.4729     18.394    30.8235    23.6222 0.0000e+00
 143.944097     18.804  34.360928    10.4016     5.4500     18.646    30.8596    23.6552 0.0000e+00
 143.944103     19.039  34.370294    10.3698     5.4453     18.879    30.8958    23.6887 0.0000e+00
 143.944109     19.259  34.378320    10.3142     5.4659     19.097    30.9510    23.7409 0.0000e+00
 143.944115     19.474  34.387227    10.2455     5.5106     19.311    31.0185    23.8048 0.0000e+00
 143.944120     19.691  34.397607    10.1882     5.5644     19.526    31.0778    23.8606 0.0000e+00
 143.944126     19.918  34.408650    10.1495     5.5841     19.751    31.1220    23.9014 0.0000e+00
 143.944132     20.154  34.420987    10.1246     5.5914     19.985    31.1557    23.9317 0.0000e+00
 143.944138     20.395  34.436977    10.1090     5.5566     20.224    31.1851    23.9572 0.0000e+00
 143.944144     20.633  34.456571    10.1003     5.4830     20.460    31.2121    23.9797 0.0000e+00
 143.944149     20.867  34.475563    10.0920     5.3803     20.692    31.2383    24.0015 0.0000e+00
 143.944155     21.099  34.492305    10.0716     5.2590     20.922    31.2726    24.0316 0.0000e+00
 143.944161     21.335  34.508873    10.0245     5.1475     21.156    31.3300    24.0841 0.0000e+00
 143.944167     21.578  34.525436     9.9434     5.0350     21.397    31.4170    24.1652 0.0000e+00
 143.944172     21.825  34.535986     9.8417     4.9340     21.642    31.5162    24.2591 0.0000e+00
 143.944178     22.075  34.534342     9.7473     4.7833     21.890    31.5972    24.3375 0.0000e+00
 143.944184     22.327  34.524385     9.6759     4.6955     22.139    31.6497    24.3900 0.0000e+00
 143.944190     22.576  34.511792     9.6212     4.5447     22.386    31.6849    24.4263 0.0000e+00
 143.944196     22.811  34.497608     9.5725     4.3605     22.619    31.7134    24.4563 0.0000e+00
 143.944201     23.032  34.487486     9.5198     4.1740     22.839    31.7495    24.4929 0.0000e+00
 143.944207     23.242  34.484656     9.4399     3.9594     23.047    31.8174    24.5586 0.0000e+00
 143.944213     23.447  34.479660     9.3095     3.8979     23.250    31.9283    24.6659 0.0000e+00
 143.944219     23.651  34.466318     9.1431     3.8517     23.452    32.0637    24.7978 0.0000e+00
 143.944225     23.851  34.451406     8.9881     3.8571     23.651    32.1880    24.9191 0.0000e+00
 143.944230     24.037  34.441837     8.8707     3.8924     23.835    32.2845    25.0127 0.0000e+00
 143.944236     24.204  34.438194     8.7827     3.9457     24.001    32.3609    25.0859 0.0000e+00
 143.944242     24.342  34.439079     8.7226     4.0561     24.137    32.4167    25.1388 -9.990e-29
 143.944248     24.438  34.443950     8.7053     4.1907     24.233    32.4376    25.1578 -9.990e-29
 143.944253     24.484  34.455581     8.7350     4.3044     24.278    32.4225    25.1415 -9.990e-29
 143.944259     24.481  34.470491     8.7990     4.3643     24.275    32.3796    25.0981 -9.990e-29
 143.944265     24.427  34.478570     8.8753     4.3956     24.222    32.3184    25.0385 -9.990e-29
 143.944271     24.323  34.480031     8.9360     4.4093     24.119    32.2648    24.9872 -9.990e-29
 143.944277     24.177  34.478036     8.9736     4.4336     23.974    32.2286    24.9531 0.0000e+00
 143.944282     23.995  34.473945     8.9973     4.4885     23.793    32.2030    24.9294 0.0000e+00
 143.944288     23.782  34.470800     9.0022     4.5767     23.582    32.1954    24.9227 0.0000e+00
 143.944294     23.544  34.470097     8.9903     4.6933     23.346    32.2056    24.9325 0.0000e+00
 143.944300     23.281  34.471544     8.9912     4.8455     23.085    32.2064    24.9330 0.0000e+00
 143.944306     22.998  34.472114     9.0291     5.0327     22.805    32.1728    24.9008 0.0000e+00
 143.944311     22.708  34.470402     9.0876     5.2086     22.517    32.1183    24.8491 0.0000e+00
 143.944317     22.421  34.467007     9.1425     5.3474     22.233    32.0655    24.7993 0.0000e+00
 143.944323     22.141  34.464777     9.2074     5.4514     21.955    32.0050    24.7418 0.0000e+00
 143.944329     21.876  34.468676     9.3073     5.5001     21.692    31.9197    24.6595 0.0000e+00
 143.944334     21.634  34.481192     9.4378     5.5334     21.452    31.8164    24.5582 0.0000e+00
 143.944340     21.405  34.498373     9.5677     5.5621     21.225    31.7190    24.4614 0.0000e+00
 143.944346     21.169  34.511852     9.6667     5.5900     20.991    31.6455    24.3882 0.0000e+00
 143.944352     20.916  34.517855     9.7266     5.6023     20.740    31.5991    24.3423 0.0000e+00
 143.944358     20.639  34.516648     9.7696     5.5870     20.466    31.5602    24.3051 0.0000e+00
 143.944363     20.332  34.510080     9.8320     5.5354     20.161    31.4991    24.2473 0.0000e+00
 143.944369     20.002  34.500128     9.9139     5.5463     19.834    31.4178    24.1705 0.0000e+00
 143.944375     19.662  34.485372     9.9812     5.5638     19.497    31.3445    24.1024 0.0000e+00
 143.944381     19.325  34.466400    10.0254     5.6131     19.163    31.2873    24.0506 0.0000e+00
 143.944387     18.998  34.444908    10.0580     5.6729     18.839    31.2376    24.0065 0.0000e+00
 143.944392     18.684  34.424826    10.0815     5.7208     18.527    31.1972    23.9712 0.0000e+00
 143.944398     18.374  34.413081    10.1014     5.8909     18.220    31.1684    23.9454 0.0000e+00
 143.944404     18.061  34.406425    10.1376     6.0416     17.909    31.1307    23.9101 0.0000e+00
 143.944410     17.748  34.396066    10.2077     6.1861     17.599    31.0604    23.8437 0.0000e+00
 143.944416     17.440  34.378362    10.2951     6.2907     17.294    30.9681    23.7574 0.0000e+00
 143.944421     17.143  34.354443    10.3736     6.3180     16.999    30.8776    23.6738 0.0000e+00
 143.944427     16.859  34.328925    10.4411     6.3411     16.718    30.7951    23.5983 0.0000e+00
 143.944433     16.589  34.308219    10.4955     6.3763     16.450    30.7286    23.5375 0.0000e+00
 143.944439     16.326  34.296184    10.5302     6.4410     16.189    30.6876    23.4997 0.0000e+00
 143.944444     16.059  34.290869    10.5469     6.5272     15.924    30.6684    23.4820 0.0000e+00
 143.944450     15.776  34.287518    10.5583     6.6190     15.644    30.6556    23.4701 0.0000e+00
 143.944456     15.471  34.284550    10.5804     6.7083     15.341    30.6342    23.4497 0.0000e+00
 143.944462     15.145  34.285373    10.6147     6.7857     15.018    30.6064    23.4223 0.0000e+00
 143.944468     14.805  34.290609    10.6488     6.8537     14.681    30.5831    23.3985 0.0000e+00
 143.944473     14.458  34.297800    10.6727     6.8867     14.337    30.5704    23.3845 0.0000e+00
 143.944479     14.120  34.307099    10.6874     6.8863     14.002    30.5674    23.3797 0.0000e+00
 143.944485     13.806  34.318671    10.6998     6.8724     13.690    30.5686    23.3786 0.0000e+00
 143.944491     13.515  34.331225    10.7152     6.8688     13.402    30.5682    23.3757 0.0000e+00
 143.944497     13.246  34.342538    10.7298     6.8738     13.135    30.5673    23.3725 0.0000e+00
 143.944502     12.996  34.348731    10.7378     6.8998     12.887    30.5669    23.3708 0.0000e+00
 143.944508     12.752  34.349742    10.7403     6.9280     12.645    30.5659    23.3696 0.0000e+00
 143.944514     12.500  34.349245    10.7409     6.9572     12.395    30.5650    23.3688 0.0000e+00
 143.944520     12.223  34.347220    10.7431     6.9952     12.121    30.5612    23.3655 0.0000e+00
 143.944525     11.911  34.343287    10.7518     7.0162     11.811    30.5502    23.3554 0.0000e+00
 143.944531     11.572  34.341247    10.7670     7.0176     11.475    30.5357    23.3415 0.0000e+00
 143.944537     11.222  34.342945    10.7822     7.0092     11.128    30.5248    23.3305 0.0000e+00
 143.944543     10.881  34.345129    10.7935     7.0031     10.790    30.5177    23.3230 0.0000e+00
 143.944549     10.562  34.344074    10.8024     6.9860     10.474    30.5094    23.3150 0.0000e+00
 143.944554     10.267  34.341821    10.8079     6.9957     10.181    30.5027    23.3089 0.0000e+00
 143.944560      9.988  34.343294    10.8093     6.9887      9.904    30.5031    23.3089 0.0000e+00
 143.944566      9.713  34.345499    10.8093     6.9825      9.632    30.5054    23.3107 0.0000e+00
 143.944572      9.428  34.341935    10.8122     6.9667      9.349    30.4995    23.3057 0.0000e+00
 143.944578      9.129  34.330172    10.8197     6.9056      9.053    30.4818    23.2906 0.0000e+00
 143.944583      8.817  34.311413    10.8305     6.9336      8.743    30.4545    23.2675 0.0000e+00
 143.944589      8.499  34.286497    10.8431     6.9499      8.428    30.4196    23.2383 0.0000e+00
 143.944595      8.184  34.256456    10.8550     6.9564      8.116    30.3803    23.2057 0.0000e+00
 143.944601      7.882  34.225576    10.8647     6.9581      7.816    30.3421    23.1743 0.0000e+00
 143.944606      7.591  34.198701    10.8728     6.9333      7.528    30.3091    23.1472 0.0000e+00
 143.944612      7.301  34.180413    10.8786     6.9501      7.240    30.2864    23.1286 0.0000e+00
 143.944618      7.002  34.169378    10.8812     6.9744      6.943    30.2736    23.1182 0.0000e+00
 143.944624      6.688  34.160488    10.8826     7.0087      6.632    30.2638    23.1103 0.0000e+00
 143.944630      6.360  34.152055    10.8861     7.0209      6.307    30.2527    23.1011 0.0000e+00
 143.944635      6.029  34.142439    10.8928     7.0362      5.979    30.2379    23.0884 0.0000e+00
 143.944641      5.701  34.128985    10.9031     7.0511      5.653    30.2163    23.0699 0.0000e+00
 143.944647      5.383  34.109520    10.9169     7.0674      5.338    30.1860    23.0440 0.0000e+00
 143.944653      5.075  34.083382    10.9322     7.0835      5.033    30.1479    23.0117 0.0000e+00
 143.944659      4.771  34.052213    10.9484     7.1230      4.731    30.1042    22.9750 0.0000e+00
 143.944664      4.464  34.021030    10.9639     7.1788      4.427    30.0610    22.9388 0.0000e+00
 143.944670      4.151  33.999311    10.9757     7.2752      4.116    30.0302    22.9128 0.0000e+00
