data/oxygen options/OCNMS/OCNMS1/raw_data/2022/CAST_KL027_220523faed.cnv
* Sea-Bird SBE 19 Data File:
* FileName = C:\2022 Mooring Data\Casts\CAST_KL027_220523.hex
* Software Version SeatermAF 2.1.2
* Temperature SN = 2997
* Conductivity SN = 2997
* System UpLoad Time = May 23 2022 22:48:04 (localtime) = May 23 2022 22:48:04 (UTC)
** CAST_KL027_220523
* ds
# nquan = 9                                 
# nvalues = 882                         
# units = specified
# name 0 = timeJ: Julian Days
# name 1 = prSM: Pressure, Strain Gauge [db]
# name 2 = c0mS/cm: Conductivity [mS/cm]
# name 3 = t090C: Temperature [ITS-90, deg C]
# name 4 = sbeox0ML/L: Oxygen, SBE 43 [ml/l]
# name 5 = depSM: Depth [salt water, m], lat = 47.5
# name 6 = sal00: Salinity, Practical [PSU]
# name 7 = sigma-é00: Density [sigma-theta, kg/m^3]
# name 8 = flag: flag
# span 0 = 143.940046, 143.945145       
# span 1 =     -5.934,     24.484       
# span 2 =   0.255713,  34.535986       
# span 3 =     8.7053,    13.9733       
# span 4 =    -1.9512,    15.1661       
# span 5 =     -5.885,     24.278       
# span 6 =     0.1565,    32.4376       
# span 7 =    -0.6215,    25.1578       
# span 8 = 0.0000e+00, 0.0000e+00       
# interval = seconds: 0.5
# start_time = May 23 2022 22:33:40 [Instrument's time stamp, header]
# bad_flag = -9.990e-29
*END*
 143.940046     -5.934 -9.990e-29    13.5835    -1.9476     -5.885 -9.990e-29 -9.990e-29 -9.990e-29
 143.940052     -5.929   0.295005    13.5863    -1.9478     -5.880     0.1822    -0.5557 -9.990e-29
 143.940058     -5.922   0.295146    13.5856    -1.9478     -5.873     0.1823    -0.5555 -9.990e-29
 143.940064     -5.913   0.295568    13.5798    -1.9475     -5.864     0.1826    -0.5545 -9.990e-29
 143.940069     -5.901   0.296281    13.5715    -1.9473     -5.852     0.1831    -0.5530 -9.990e-29
 143.940075     -5.886   0.296942    13.5646    -1.9472     -5.837     0.1835    -0.5518 -9.990e-29
 143.940081     -5.867   0.297328    13.5611    -1.9471     -5.818     0.1838    -0.5511 -9.990e-29
 143.940087     -5.843   0.297212    13.5593    -1.9468     -5.794     0.1837    -0.5509 -9.990e-29
 143.940093     -5.811   0.296441    13.5567    -1.9460     -5.763     0.1832    -0.5509 -9.990e-29
 143.940098     -5.775   0.295464    13.5531    -1.9454     -5.727     0.1826    -0.5509 -9.990e-29
 143.940104     -5.740   0.294637    13.5504    -1.9447     -5.692     0.1821    -0.5509 -9.990e-29
 143.940110     -5.709   0.293966    13.5506    -1.9444     -5.661     0.1817    -0.5513 -9.990e-29
 143.940116     -5.680   0.293663    13.5535    -1.9445     -5.633     0.1815    -0.5518 -9.990e-29
 143.940122     -5.650   0.293878    13.5575    -1.9447     -5.603     0.1816    -0.5523 -9.990e-29
 143.940127     -5.618   0.294344    13.5618    -1.9450     -5.571     0.1819    -0.5526 -9.990e-29
 143.940133     -5.586   0.294574    13.5674    -1.9454     -5.539     0.1820    -0.5533 -9.990e-29
 143.940139     -5.560   0.294323    13.5764    -1.9456     -5.514     0.1818    -0.5547 -9.990e-29
 143.940145     -5.540   0.293808    13.5891    -1.9455     -5.494     0.1814    -0.5567 -9.990e-29
 143.940150     -5.514   0.293447    13.6033    -1.9456     -5.468     0.1812    -0.5588 -9.990e-29
 143.940156     -5.483   0.293315    13.6155    -1.9457     -5.437     0.1810    -0.5605 -9.990e-29
 143.940162     -5.451   0.293235    13.6225    -1.9457     -5.406     0.1809    -0.5615 -9.990e-29
 143.940168     -5.421   0.293099    13.6232    -1.9460     -5.376     0.1808    -0.5617 -9.990e-29
 143.940174     -5.392   0.292725    13.6197    -1.9466     -5.347     0.1806    -0.5614 -9.990e-29
 143.940179     -5.362   0.292170    13.6142    -1.9472     -5.317     0.1803    -0.5609 -9.990e-29
 143.940185     -5.328   0.291799    13.6086    -1.9475     -5.284     0.1801    -0.5603 -9.990e-29
 143.940191     -5.292   0.291671    13.6047    -1.9480     -5.248     0.1800    -0.5599 -9.990e-29
 143.940197     -5.262   0.291617    13.6029    -1.9481     -5.218     0.1800    -0.5596 -9.990e-29
 143.940203     -5.235   0.291563    13.6017    -1.9479     -5.191     0.1800    -0.5595 -9.990e-29
 143.940208     -5.205   0.291437    13.5998    -1.9480     -5.162     0.1799    -0.5593 -9.990e-29
 143.940214     -5.174   0.291071    13.5961    -1.9484     -5.131     0.1797    -0.5590 -9.990e-29
 143.940220     -5.146   0.290530    13.5891    -1.9488     -5.103     0.1794    -0.5583 -9.990e-29
 143.940226     -5.117   0.290201    13.5789    -1.9490     -5.074     0.1792    -0.5570 -9.990e-29
 143.940231     -5.086   0.290199    13.5681    -1.9493     -5.044     0.1793    -0.5555 -9.990e-29
 143.940237     -5.052   0.290521    13.5584    -1.9494     -5.010     0.1795    -0.5540 -9.990e-29
 143.940243     -5.016   0.291041    13.5511    -1.9498     -4.974     0.1799    -0.5528 -9.990e-29
 143.940249     -4.980   0.291347    13.5479    -1.9502     -4.938     0.1801    -0.5522 -9.990e-29
 143.940255     -4.943   0.291292    13.5470    -1.9508     -4.902     0.1800    -0.5521 -9.990e-29
 143.940260     -4.905   0.290801    13.5440    -1.9509     -4.864     0.1797    -0.5519 -9.990e-29
 143.940266     -4.873   0.289774    13.5377    -1.9512     -4.832     0.1791    -0.5516 -9.990e-29
 143.940272     -4.850   0.288500    13.5305    -1.9511     -4.810     0.1784    -0.5512 -9.990e-29
 143.940278     -4.830   0.287496    13.5239    -1.9504     -4.790     0.1777    -0.5508 -9.990e-29
 143.940284     -4.806   0.287085    13.5178    -1.9491     -4.766     0.1775    -0.5502 -9.990e-29
 143.940289     -4.778   0.287271    13.5119    -1.9484     -4.738     0.1777    -0.5493 -9.990e-29
 143.940295     -4.744   0.287748    13.5048    -1.9480     -4.704     0.1780    -0.5481 -9.990e-29
 143.940301     -4.706   0.288044    13.4962    -1.9476     -4.667     0.1782    -0.5467 -9.990e-29
 143.940307     -4.670   0.288000    13.4882    -1.9474     -4.631     0.1782    -0.5457 -9.990e-29
 143.940313     -4.638   0.287559    13.4832    -1.9471     -4.599     0.1780    -0.5452 -9.990e-29
 143.940318     -4.607   0.286686    13.4822    -1.9467     -4.569     0.1774    -0.5455 -9.990e-29
 143.940324     -4.582   0.285878    13.4872    -1.9458     -4.544     0.1769    -0.5466 -9.990e-29
 143.940330     -4.563   0.285716    13.5007    -1.9449     -4.525     0.1767    -0.5485 -9.990e-29
 143.940336     -4.545   0.285986    13.5193    -1.9442     -4.507     0.1768    -0.5509 -9.990e-29
 143.940341     -4.523   0.285941    13.5360    -1.9435     -4.485     0.1767    -0.5532 -9.990e-29
 143.940347     -4.497   0.285519    13.5486    -1.9432     -4.460     0.1764    -0.5551 -9.990e-29
 143.940353     -4.467   0.285266    13.5584    -1.9426     -4.430     0.1762    -0.5566 -9.990e-29
 143.940359     -4.441   0.285396    13.5664    -1.9421     -4.404     0.1762    -0.5576 -9.990e-29
 143.940365     -4.422   0.285530    13.5752    -1.9418     -4.385     0.1763    -0.5588 -9.990e-29
 143.940370     -4.404   0.285293    13.5877    -1.9417     -4.367     0.1761    -0.5606 -9.990e-29
 143.940376     -4.382   0.284921    13.6042    -1.9415     -4.345     0.1758    -0.5631 -9.990e-29
 143.940382     -4.358   0.284471    13.6223    -1.9412     -4.322     0.1754    -0.5658 -9.990e-29
 143.940388     -4.336   0.283898    13.6395    -1.9403     -4.300     0.1750    -0.5684 -9.990e-29
 143.940394     -4.313   0.283545    13.6546    -1.9392     -4.277     0.1747    -0.5707 -9.990e-29
 143.940399     -4.289   0.283495    13.6673    -1.9379     -4.253     0.1746    -0.5725 -9.990e-29
 143.940405     -4.267   0.283681    13.6787    -1.9370     -4.231     0.1747    -0.5740 -9.990e-29
 143.940411     -4.248   0.283798    13.6891    -1.9364     -4.213     0.1747    -0.5754 -9.990e-29
 143.940417     -4.227   0.283447    13.6976    -1.9357     -4.192     0.1745    -0.5767 -9.990e-29
 143.940422     -4.204   0.282711    13.7042    -1.9353     -4.169     0.1740    -0.5780 -9.990e-29
 143.940428     -4.185   0.281718    13.7115    -1.9349     -4.150     0.1733    -0.5795 -9.990e-29
 143.940434     -4.170   0.280804    13.7232    -1.9348     -4.135     0.1727    -0.5816 -9.990e-29
 143.940440     -4.152   0.280412    13.7414    -1.9347     -4.117     0.1724    -0.5843 -9.990e-29
 143.940446     -4.130   0.280573    13.7651    -1.9349     -4.096     0.1724    -0.5875 -9.990e-29
 143.940451     -4.105   0.280948    13.7900    -1.9356     -4.071     0.1725    -0.5908 -9.990e-29
 143.940457     -4.081   0.280930    13.8113    -1.9362     -4.047     0.1724    -0.5938 -9.990e-29
 143.940463     -4.067   0.280492    13.8284    -1.9363     -4.033     0.1721    -0.5964 -9.990e-29
 143.940469     -4.056   0.280157    13.8424    -1.9368     -4.022     0.1718    -0.5986 -9.990e-29
 143.940475     -4.045   0.280033    13.8532    -1.9366     -4.011     0.1717    -0.6001 -9.990e-29
 143.940480     -4.033   0.279954    13.8609    -1.9362     -3.999     0.1716    -0.6013 -9.990e-29
 143.940486     -4.018   0.279814    13.8653    -1.9356     -3.985     0.1715    -0.6020 -9.990e-29
 143.940492     -4.000   0.279429    13.8655    -1.9355     -3.967     0.1713    -0.6022 -9.990e-29
 143.940498     -3.977   0.278838    13.8603    -1.9360     -3.944     0.1709    -0.6017 -9.990e-29
 143.940503     -3.949   0.278359    13.8510    -1.9370     -3.916     0.1707    -0.6006 -9.990e-29
 143.940509     -3.917   0.277908    13.8414    -1.9377     -3.884     0.1704    -0.5995 -9.990e-29
 143.940515     -3.889   0.277436    13.8340    -1.9380     -3.857     0.1702    -0.5987 -9.990e-29
 143.940521     -3.866   0.277421    13.8300    -1.9383     -3.834     0.1702    -0.5981 -9.990e-29
 143.940527     -3.847   0.277841    13.8312    -1.9384     -3.815     0.1704    -0.5981 -9.990e-29
 143.940532     -3.832   0.278149    13.8371    -1.9376     -3.800     0.1706    -0.5988 -9.990e-29
 143.940538     -3.818   0.278202    13.8429    -1.9373     -3.786     0.1706    -0.5996 -9.990e-29
 143.940544     -3.806   0.278070    13.8428    -1.9380     -3.774     0.1705    -0.5996 -9.990e-29
 143.940550     -3.794   0.277579    13.8341    -1.9384     -3.762     0.1702    -0.5986 -9.990e-29
 143.940556     -3.781   0.276626    13.8200    -1.9387     -3.749     0.1697    -0.5971 -9.990e-29
 143.940561     -3.768   0.275600    13.8067    -1.9388     -3.737     0.1691    -0.5958 -9.990e-29
 143.940567     -3.752   0.274796    13.7974    -1.9389     -3.721     0.1687    -0.5948 -9.990e-29
 143.940573     -3.738   0.274247    13.7920    -1.9392     -3.707     0.1683    -0.5944 -9.990e-29
 143.940579     -3.728   0.274329    13.7924    -1.9395     -3.697     0.1684    -0.5944 -9.990e-29
 143.940584     -3.718   0.275150    13.7975    -1.9397     -3.687     0.1689    -0.5947 -9.990e-29
 143.940590     -3.703   0.276143    13.7993    -1.9398     -3.672     0.1695    -0.5945 -9.990e-29
 143.940596     -3.681   0.276973    13.7940    -1.9397     -3.650     0.1700    -0.5933 -9.990e-29
 143.940602     -3.656   0.277638    13.7863    -1.9396     -3.626     0.1705    -0.5919 -9.990e-29
 143.940608     -3.631   0.277917    13.7803    -1.9393     -3.601     0.1707    -0.5909 -9.990e-29
 143.940613     -3.604   0.277630    13.7760    -1.9391     -3.574     0.1705    -0.5905 -9.990e-29
 143.940619     -3.577   0.276946    13.7721    -1.9390     -3.547     0.1701    -0.5903 -9.990e-29
 143.940625     -3.553   0.276062    13.7672    -1.9393     -3.523     0.1696    -0.5900 -9.990e-29
 143.940631     -3.530   0.274905    13.7620    -1.9394     -3.501     0.1689    -0.5898 -9.990e-29
 143.940637     -3.507   0.273592    13.7584    -1.9397     -3.478     0.1681    -0.5900 -9.990e-29
 143.940642     -3.483   0.272588    13.7569    -1.9395     -3.454     0.1674    -0.5903 -9.990e-29
 143.940648     -3.460   0.272214    13.7574    -1.9397     -3.431     0.1672    -0.5905 -9.990e-29
 143.940654     -3.442   0.272526    13.7599    -1.9397     -3.413     0.1674    -0.5907 -9.990e-29
 143.940660     -3.426   0.273384    13.7639    -1.9398     -3.397     0.1679    -0.5908 -9.990e-29
 143.940666     -3.412   0.274272    13.7672    -1.9393     -3.384     0.1684    -0.5909 -9.990e-29
 143.940671     -3.399   0.274712    13.7675    -1.9387     -3.371     0.1687    -0.5907 -9.990e-29
 143.940677     -3.387   0.274737    13.7653    -1.9385     -3.359     0.1687    -0.5904 -9.990e-29
 143.940683     -3.370   0.274381    13.7626    -1.9382     -3.342     0.1685    -0.5902 -9.990e-29
 143.940689     -3.347   0.273723    13.7606    -1.9380     -3.319     0.1681    -0.5902 -9.990e-29
 143.940694     -3.325   0.272991    13.7596    -1.9379     -3.297     0.1677    -0.5904 -9.990e-29
 143.940700     -3.307   0.272316    13.7590    -1.9381     -3.279     0.1673    -0.5907 -9.990e-29
 143.940706     -3.292   0.271907    13.7590    -1.9380     -3.265     0.1670    -0.5909 -9.990e-29
 143.940712     -3.278   0.271771    13.7616    -1.9379     -3.251     0.1669    -0.5913 -9.990e-29
 143.940718     -3.266   0.271725    13.7686    -1.9378     -3.239     0.1669    -0.5923 -9.990e-29
 143.940723     -3.255   0.271710    13.7776    -1.9375     -3.228     0.1668    -0.5936 -9.990e-29
 143.940729     -3.242   0.271704    13.7852    -1.9375     -3.215     0.1668    -0.5946 -9.990e-29
 143.940735     -3.229   0.271698    13.7911    -1.9377     -3.202     0.1667    -0.5955 -9.990e-29
 143.940741     -3.213   0.271684    13.7954    -1.9376     -3.186     0.1667    -0.5961 -9.990e-29
 143.940747     -3.195   0.271643    13.7977    -1.9377     -3.168     0.1667    -0.5964 -9.990e-29
 143.940752     -3.172   0.271520    13.7985    -1.9375     -3.146     0.1666    -0.5966 -9.990e-29
 143.940758     -3.144   0.271151    13.7998    -1.9374     -3.118     0.1664    -0.5969 -9.990e-29
 143.940764     -3.112   0.270597    13.8019    -1.9374     -3.086     0.1660    -0.5975 -9.990e-29
 143.940770     -3.084   0.270226    13.8047    -1.9377     -3.058     0.1658    -0.5981 -9.990e-29
 143.940775     -3.062   0.270099    13.8074    -1.9384     -3.036     0.1657    -0.5985 -9.990e-29
 143.940781     -3.044   0.270044    13.8084    -1.9385     -3.019     0.1656    -0.5987 -9.990e-29
 143.940787     -3.030   0.269990    13.8082    -1.9385     -3.005     0.1656    -0.5987 -9.990e-29
 143.940793     -3.018   0.269863    13.8083    -1.9384     -2.993     0.1655    -0.5988 -9.990e-29
 143.940799     -3.007   0.269491    13.8093    -1.9382     -2.982     0.1653    -0.5991 -9.990e-29
 143.940804     -2.998   0.268933    13.8110    -1.9381     -2.973     0.1649    -0.5996 -9.990e-29
 143.940810     -2.989   0.268550    13.8119    -1.9382     -2.964     0.1647    -0.5999 -9.990e-29
 143.940816     -2.980   0.268387    13.8099    -1.9383     -2.955     0.1646    -0.5997 -9.990e-29
 143.940822     -2.970   0.268225    13.8038    -1.9385     -2.945     0.1645    -0.5989 -9.990e-29
 143.940828     -2.958   0.267846    13.7962    -1.9389     -2.933     0.1643    -0.5980 -9.990e-29
 143.940833     -2.945   0.267300    13.7915    -1.9388     -2.920     0.1640    -0.5976 -9.990e-29
 143.940839     -2.928   0.266964    13.7907    -1.9387     -2.904     0.1638    -0.5977 -9.990e-29
 143.940845     -2.912   0.266945    13.7920    -1.9390     -2.888     0.1638    -0.5979 -9.990e-29
 143.940851     -2.899   0.267214    13.7941    -1.9391     -2.875     0.1639    -0.5980 -9.990e-29
 143.940856     -2.885   0.267577    13.7957    -1.9387     -2.861     0.1642    -0.5981 -9.990e-29
 143.940862     -2.864   0.267410    13.7955    -1.9383     -2.840     0.1641    -0.5981 -9.990e-29
 143.940868     -2.838   0.266491    13.7933    -1.9380     -2.814     0.1635    -0.5983 -9.990e-29
 143.940874     -2.816   0.265254    13.7894    -1.9377     -2.793     0.1627    -0.5983 -9.990e-29
 143.940880     -2.800   0.264262    13.7853    -1.9373     -2.777     0.1621    -0.5982 -9.990e-29
 143.940885     -2.789   0.263855    13.7831    -1.9373     -2.766     0.1619    -0.5981 -9.990e-29
 143.940891     -2.782   0.264044    13.7817    -1.9374     -2.759     0.1620    -0.5978 -9.990e-29
 143.940897     -2.778   0.264526    13.7802    -1.9373     -2.755     0.1623    -0.5974 -9.990e-29
 143.940903     -2.774   0.264835    13.7812    -1.9371     -2.751     0.1625    -0.5974 -9.990e-29
 143.940909     -2.765   0.264827    13.7865    -1.9369     -2.742     0.1625    -0.5981 -9.990e-29
 143.940914     -2.754   0.264493    13.7942    -1.9367     -2.731     0.1622    -0.5994 -9.990e-29
 143.940920     -2.745   0.263939    13.8021    -1.9366     -2.722     0.1619    -0.6008 -9.990e-29
 143.940926     -2.737   0.263533    13.8093    -1.9365     -2.714     0.1616    -0.6020 -9.990e-29
 143.940932     -2.730   0.263289    13.8147    -1.9362     -2.707     0.1614    -0.6028 -9.990e-29
 143.940937     -2.723   0.262880    13.8172    -1.9361     -2.700     0.1612    -0.6034 -9.990e-29
 143.940943     -2.717   0.262315    13.8184    -1.9357     -2.694     0.1608    -0.6038 -9.990e-29
 143.940949     -2.710   0.261947    13.8206    -1.9355     -2.687     0.1606    -0.6043 -9.990e-29
 143.940955     -2.703   0.261836    13.8242    -1.9352     -2.680     0.1605    -0.6049 -9.990e-29
 143.940961     -2.694   0.261834    13.8286    -1.9346     -2.672     0.1605    -0.6055 -9.990e-29
 143.940966     -2.683   0.261939    13.8329    -1.9344     -2.661     0.1605    -0.6060 -9.990e-29
