data/oxygen options/OCNMS/OCNMS1/raw_data/2022/CAST_MB042_220521faed.cnv
* Sea-Bird SBE 19 Data File:
* FileName = C:\2022 Mooring Data\Casts\CAST_MB042_220521.hex
* Software Version SeatermAF 2.1.2
* Temperature SN = 2997
* Conductivity SN = 2997
* System UpLoad Time = May 21 2022 22:27:58 (localtime) = May 21 2022 22:27:58 (UTC)
** CAST_MB042_220521
* ds
# nquan = 9                                 
# nvalues = 1454                        
# units = specified
# name 0 = timeJ: Julian Days
# name 1 = prSM: Pressure, Strain Gauge [db]
# name 2 = c0mS/cm: Conductivity [mS/cm]
# name 3 = t090C: Temperature [ITS-90, deg C]
# name 4 = sbeox0ML/L: Oxygen, SBE 43 [ml/l]
# name 5 = depSM: Depth [salt water, m], lat = 47.5
# name 6 = sal00: Salinity, Practical [PSU]
# name 7 = sigma-é00: Density [sigma-theta, kg/m^3]
# name 8 = flag: flag
# span 0 = 141.910278, 141.918686       
# span 1 =     -6.174,     40.204       
# span 2 =   0.206422,  34.377745       
# span 3 =     7.5603,    14.6640       
# span 4 =   -12.8842,    15.7811       
# span 5 =     -6.123,     39.865       
# span 6 =     0.1285,    33.4308       
# span 7 =    -0.6791,    26.1049       
# span 8 = 0.0000e+00, 0.0000e+00       
# interval = seconds: 0.5
# start_time = May 21 2022 21:50:48 [Instrument's time stamp, header]
# bad_flag = -9.990e-29
*END*
[from data line 321]
 141.912135     -1.569   0.320724    13.2971    -1.9661     -1.556     0.1998    -0.5036 -9.990e-29
 141.912141     -1.564   0.319678    13.2779    -1.9667     -1.551     0.1992    -0.5015 -9.990e-29
 141.912147     -1.553   0.318289    13.2594    -1.9671     -1.540     0.1984    -0.4997 -9.990e-29
 141.912153     -1.541   0.316919    13.2434    -1.9674     -1.528     0.1977    -0.4982 -9.990e-29
 141.912159     -1.531   0.315952    13.2301    -1.9675     -1.518     0.1971    -0.4969 -9.990e-29
 141.912164     -1.517   0.315760    13.2156    -1.9673     -1.504     0.1970    -0.4951 -9.990e-29
 141.912170     -1.500   0.316086    13.1975    -1.9672     -1.487     0.1973    -0.4925 -9.990e-29
 141.912176     -1.486   0.316256    13.1775    -1.9672     -1.474     0.1975    -0.4898 -9.990e-29
 141.912182     -1.480   0.315943    13.1585    -1.9673     -1.468     0.1974    -0.4874 -9.990e-29
 141.912187     -1.479   0.315283    13.1423    -1.9683     -1.467     0.1971    -0.4856 -9.990e-29
 141.912193     -1.481   0.314503    13.1292    -1.9687     -1.469     0.1967    -0.4842 -9.990e-29
 141.912199     -1.486   0.313669    13.1192    -1.9680     -1.474     0.1962    -0.4833 -9.990e-29
 141.912205     -1.497   0.312774    13.1130    -1.9663     -1.485     0.1956    -0.4829 -9.990e-29
 141.912211     -1.507   0.311731    13.1110    -1.9664     -1.494     0.1950    -0.4832 -9.990e-29
 141.912216     -1.508   0.310811    13.1116    -1.9672     -1.495     0.1944    -0.4837 -9.990e-29
 141.912222     -1.505   0.310446    13.1119    -1.9680     -1.492     0.1942    -0.4840 -9.990e-29
 141.912228     -1.502   0.310705    13.1100    -1.9690     -1.489     0.1943    -0.4836 -9.990e-29
 141.912234     -1.498   0.311378    13.1041    -1.9699     -1.486     0.1948    -0.4825 -9.990e-29
 141.912240     -1.493   0.311700    13.0963    -1.9699     -1.481     0.1950    -0.4813 -9.990e-29
 141.912245     -1.482   0.310991    13.0950    -1.9700     -1.470     0.1946    -0.4815 -9.990e-29
 141.912251     -1.465   0.309413    13.1050    -1.9703     -1.453     0.1935    -0.4836 -9.990e-29
 141.912257     -1.450   0.307629    13.1182    -1.9708     -1.438     0.1923    -0.4862 -9.990e-29
 141.912263     -1.440   0.306583    13.1209    -1.9710     -1.428     0.1916    -0.4871 -9.990e-29
 141.912269     -1.433   0.306539    13.1109    -1.9717     -1.421     0.1917    -0.4858 -9.990e-29
 141.912274     -1.430   0.306884    13.0944    -1.9720     -1.418     0.1920    -0.4834 -9.990e-29
 141.912280     -1.430   0.306972    13.0767    -1.9724     -1.418     0.1921    -0.4810 -9.990e-29
 141.912286     -1.430   0.306365    13.0628    -1.9728     -1.418     0.1918    -0.4795 -9.990e-29
 141.912292     -1.424   0.305360    13.0550    -1.9735     -1.412     0.1912    -0.4790 -9.990e-29
 141.912297     -1.416   0.304829    13.0493    -1.9746     -1.404     0.1909    -0.4785 -9.990e-29
 141.912303     -1.412   0.305173    13.0421    -1.9752     -1.400     0.1911    -0.4774 -9.990e-29
 141.912309     -1.409   0.305742    13.0338    -1.9761     -1.397     0.1915    -0.4760 -9.990e-29
 141.912315     -1.409   0.305631    13.0249    -1.9769     -1.397     0.1915    -0.4749 -9.990e-29
 141.912321     -1.410   0.304693    13.0152    -1.9774     -1.398     0.1909    -0.4741 -9.990e-29
 141.912326     -1.414   0.303336    13.0055    -1.9776     -1.402     0.1901    -0.4735 -9.990e-29
 141.912332     -1.416   0.301966    12.9957    -1.9778     -1.404     0.1893    -0.4729 -9.990e-29
 141.912338     -1.411   0.300970    12.9837    -1.9780     -1.399     0.1887    -0.4718 -9.990e-29
 141.912344     -1.405   0.300680    12.9680    -1.9780     -1.393     0.1886    -0.4699 -9.990e-29
 141.912350     -1.400   0.300706    12.9496    -1.9780     -1.388     0.1887    -0.4675 -9.990e-29
 141.912355     -1.397   0.300529    12.9312    -1.9780     -1.385     0.1887    -0.4652 -9.990e-29
 141.912361     -1.395   0.300466    12.9137    -1.9784     -1.383     0.1887    -0.4630 -9.990e-29
 141.912367     -1.394   0.300433    12.8985    -1.9787     -1.382     0.1887    -0.4610 -9.990e-29
 141.912373     -1.394   0.299831    12.8874    -1.9783     -1.382     0.1884    -0.4599 -9.990e-29
 141.912378     -1.395   0.298964    12.8802    -1.9769     -1.383     0.1879    -0.4594 -9.990e-29
 141.912384     -1.398   0.298337    12.8752    -1.9762     -1.386     0.1875    -0.4590 -9.990e-29
 141.912390     -1.401   0.297849    12.8714    -1.9768     -1.389     0.1872    -0.4588 -9.990e-29
 141.912396     -1.406   0.297404    12.8689    -1.9774     -1.394     0.1869    -0.4587 -9.990e-29
 141.912402     -1.409   0.297148    12.8675    -1.9786     -1.397     0.1868    -0.4587 -9.990e-29
 141.912407     -1.406   0.297291    12.8653    -1.9784     -1.394     0.1869    -0.4583 -9.990e-29
 141.912413     -1.400   0.297654    12.8623    -1.9784     -1.388     0.1871    -0.4577 -9.990e-29
 141.912419     -1.395   0.297614    12.8628    -1.9783     -1.383     0.1871    -0.4578 -9.990e-29
 141.912425     -1.391   0.297118    12.8716    -1.9785     -1.379     0.1867    -0.4592 -9.990e-29
 141.912431     -1.389   0.296613    12.8858    -1.9784     -1.377     0.1864    -0.4613 -9.990e-29
 141.912436     -1.387   0.295978    12.8944    -1.9785     -1.375     0.1859    -0.4627 -9.990e-29
 141.912442     -1.386   0.294920    12.8911    -1.9789     -1.374     0.1852    -0.4628 -9.990e-29
 141.912448     -1.385   0.293688    12.8796    -1.9801     -1.373     0.1845    -0.4619 -9.990e-29
 141.912454     -1.385   0.292854    12.8680    -1.9812     -1.373     0.1840    -0.4609 -9.990e-29
 141.912459     -1.385   0.292966    12.8624    -1.9816     -1.373     0.1841    -0.4601 -9.990e-29
 141.912465     -1.386   0.293622    12.8614    -1.9820     -1.374     0.1845    -0.4596 -9.990e-29
 141.912471     -1.388   0.293481    12.8606    -1.9828     -1.376     0.1845    -0.4596 -9.990e-29
 141.912477     -1.390   0.292354    12.8592    -1.9832     -1.378     0.1837    -0.4600 -9.990e-29
 141.912483     -1.393   0.291505    12.8569    -1.9838     -1.381     0.1832    -0.4601 -9.990e-29
 141.912488     -1.397   0.291463    12.8516    -1.9839     -1.385     0.1832    -0.4594 -9.990e-29
 141.912494     -1.402   0.291617    12.8400    -1.9834     -1.390     0.1834    -0.4579 -9.990e-29
 141.912500     -1.404   0.291620    12.8223    -1.9827     -1.392     0.1834    -0.4556 -9.990e-29
 141.912506     -1.400   0.291475    12.8040    -1.9832     -1.388     0.1834    -0.4533 -9.990e-29
 141.912512     -1.393   0.290989    12.7896    -1.9830     -1.381     0.1832    -0.4517 -9.990e-29
 141.912517     -1.386   0.290065    12.7770    -1.9831     -1.374     0.1826    -0.4506 -9.990e-29
 141.912523     -1.381   0.289134    12.7646    -1.9828     -1.369     0.1821    -0.4494 -9.990e-29
 141.912529     -1.375   0.288613    12.7536    -1.9830     -1.364     0.1818    -0.4483 -9.990e-29
 141.912535     -1.370   0.288364    12.7459    -1.9833     -1.359     0.1817    -0.4474 -9.990e-29
 141.912541     -1.364   0.288054    12.7443    -1.9830     -1.353     0.1815    -0.4474 -9.990e-29
 141.912546     -1.357   0.287822    12.7489    -1.9830     -1.346     0.1813    -0.4481 -9.990e-29
 141.912552     -1.349   0.287913    12.7540    -1.9830     -1.338     0.1814    -0.4487 -9.990e-29
 141.912558     -1.339   0.287893    12.7555    -1.9827     -1.328     0.1813    -0.4489 -9.990e-29
 141.912564     -1.331   0.287735    12.7560    -1.9829     -1.320     0.1812    -0.4491 -9.990e-29
 141.912569     -1.329   0.287783    12.7573    -1.9841     -1.318     0.1813    -0.4492 -9.990e-29
 141.912575     -1.332   0.287545    12.7581    -1.9848     -1.321     0.1811    -0.4494 -9.990e-29
 141.912581     -1.341   0.286705    12.7567    -1.9851     -1.330     0.1806    -0.4497 -9.990e-29
 141.912587     -1.352   0.285803    12.7551    -1.9850     -1.341     0.1800    -0.4499 -9.990e-29
 141.912593     -1.357   0.285297    12.7560    -1.9850     -1.346     0.1797    -0.4503 -9.990e-29
 141.912598     -1.352   0.285065    12.7575    -1.9850     -1.341     0.1795    -0.4506 -9.990e-29
 141.912604     -1.342   0.284797    12.7583    -1.9850     -1.331     0.1793    -0.4508 -9.990e-29
 141.912610     -1.329   0.284691    12.7574    -1.9849     -1.318     0.1793    -0.4508 -9.990e-29
 141.912616     -1.313   0.285156    12.7504    -1.9846     -1.302     0.1796    -0.4496 -9.990e-29
 141.912622     -1.298   0.285707    12.7368    -1.9844     -1.287     0.1800    -0.4476 -9.990e-29
 141.912627     -1.290   0.285416    12.7234    -1.9840     -1.279     0.1799    -0.4461 -9.990e-29
 141.912633     -1.289   0.284449    12.7157    -1.9832     -1.278     0.1793    -0.4456 -9.990e-29
 141.912639     -1.287   0.283732    12.7132    -1.9828     -1.276     0.1789    -0.4456 -9.990e-29
 141.912645     -1.280   0.283416    12.7131    -1.9826     -1.269     0.1786    -0.4458 -9.990e-29
 141.912650     -1.266   0.283079    12.7138    -1.9829     -1.255     0.1784    -0.4460 -9.990e-29
 141.912656     -1.250   0.282826    12.7155    -1.9832     -1.240     0.1783    -0.4464 -9.990e-29
 141.912662     -1.233   0.282870    12.7191    -1.9833     -1.223     0.1783    -0.4468 -9.990e-29
 141.912668     -1.217   0.282716    12.7245    -1.9839     -1.207     0.1781    -0.4476 -9.990e-29
 141.912674     -1.203   0.282160    12.7313    -1.9843     -1.193     0.1778    -0.4487 -9.990e-29
 141.912679     -1.195   0.281568    12.7403    -1.9840     -1.185     0.1773    -0.4501 -9.990e-29
 141.912685     -1.192   0.281256    12.7504    -1.9835     -1.182     0.1771    -0.4516 -9.990e-29
 141.912691     -1.191   0.281362    12.7584    -1.9823     -1.181     0.1771    -0.4525 -9.990e-29
 141.912697     -1.186   0.281472    12.7616    -1.9803     -1.176     0.1772    -0.4529 -9.990e-29
 141.912703     -1.178   0.281181    12.7598    -1.9784     -1.168     0.1770    -0.4528 -9.990e-29
 141.912708     -1.165   0.280653    12.7554    -1.9767     -1.155     0.1767    -0.4525 -9.990e-29
 141.912714     -1.152   0.280293    12.7499    -1.9754     -1.142     0.1765    -0.4520 -9.990e-29
 141.912720     -1.141   0.280172    12.7438    -1.9740     -1.131     0.1764    -0.4513 -9.990e-29
 141.912726     -1.137   0.280131    12.7405    -1.9733     -1.128     0.1764    -0.4509 -9.990e-29
 141.912731     -1.144   0.280114    12.7452    -1.9729     -1.134     0.1764    -0.4515 -9.990e-29
 141.912737     -1.153   0.280097    12.7603    -1.9736     -1.143     0.1763    -0.4534 -9.990e-29
 141.912743     -1.156   0.280057    12.7866    -1.9744     -1.146     0.1762    -0.4568 -9.990e-29
 141.912749     -1.157   0.279941    12.8222    -1.9756     -1.147     0.1759    -0.4614 -9.990e-29
 141.912755     -1.158   0.279594    12.8611    -1.9763     -1.148     0.1756    -0.4666 -9.990e-29
 141.912760     -1.153   0.279106    12.8975    -1.9765     -1.143     0.1751    -0.4715 -9.990e-29
 141.912766     -1.147   0.278935    12.9293    -1.9764     -1.137     0.1748    -0.4757 -9.990e-29
 141.912772     -1.144   0.278850    12.9548    -1.9761     -1.134     0.1747    -0.4791 -9.990e-29
 141.912778     -1.143   0.278187    12.9711    -1.9746     -1.133     0.1742    -0.4815 -9.990e-29
 141.912784     -1.144   0.277169    12.9754    -1.9736     -1.134     0.1735    -0.4826 -9.990e-29
 141.912789     -1.147   0.276650    12.9680    -1.9733     -1.137     0.1732    -0.4819 -9.990e-29
 141.912795     -1.153   0.277045    12.9524    -1.9737     -1.143     0.1735    -0.4797 -9.990e-29
 141.912801     -1.162   0.277775    12.9346    -1.9748     -1.152     0.1741    -0.4770 -9.990e-29
 141.912807     -1.170   0.278152    12.9213    -1.9759     -1.160     0.1744    -0.4751 -9.990e-29
 141.912813     -1.168   0.278125    12.9163    -1.9766     -1.158     0.1744    -0.4745 -9.990e-29
 141.912818     -1.158   0.277657    12.9193    -1.9758     -1.148     0.1741    -0.4751 -9.990e-29
 141.912824     -1.147   0.276678    12.9305    -1.9749     -1.137     0.1734    -0.4770 -9.990e-29
 141.912830     -1.138   0.275542    12.9481    -1.9728     -1.129     0.1726    -0.4799 -9.990e-29
 141.912836     -1.132   0.274951    12.9637    -1.9712     -1.123     0.1722    -0.4822 -9.990e-29
 141.912841     -1.126   0.275221    12.9692    -1.9701     -1.117     0.1723    -0.4828 -9.990e-29
 141.912847     -1.122   0.275606    12.9628    -1.9684     -1.113     0.1726    -0.4817 -9.990e-29
 141.912853     -1.119   0.275511    12.9476    -1.9661     -1.110     0.1726    -0.4798 -9.990e-29
 141.912859     -1.116   0.275363    12.9320    -1.9636     -1.107     0.1726    -0.4779 -9.990e-29
 141.912865     -1.115   0.275519    12.9265    -1.9611     -1.106     0.1727    -0.4771 -9.990e-29
 141.912870     -1.113   0.275634    12.9362    -1.9589     -1.104     0.1727    -0.4783 -9.990e-29
 141.912876     -1.112   0.275305    12.9595    -1.9563     -1.103     0.1724    -0.4815 -9.990e-29
 141.912882     -1.111   0.274647    12.9923    -1.9537     -1.102     0.1718    -0.4861 -9.990e-29
 141.912888     -1.110   0.273891    13.0276    -1.9515     -1.101     0.1712    -0.4910 -9.990e-29
 141.912894     -1.110   0.273135    13.0633    -1.9499     -1.101     0.1706    -0.4961 -9.990e-29
 141.912899     -1.109   0.272476    13.1044    -1.9479     -1.100     0.1700    -0.5018 -9.990e-29
 141.912905     -1.109   0.272145    13.1531    -1.9455     -1.100     0.1696    -0.5084 -9.990e-29
 141.912911     -1.109   0.272253    13.2072    -1.9430     -1.100     0.1694    -0.5155 -9.990e-29
 141.912917     -1.109   0.272391    13.2630    -1.9410     -1.100     0.1693    -0.5229 -9.990e-29
 141.912922     -1.108   0.272188    13.3192    -1.9391     -1.099     0.1689    -0.5305 -9.990e-29
 141.912928     -1.108   0.271928    13.3762    -1.9373     -1.099     0.1686    -0.5383 -9.990e-29
 141.912934     -1.108   0.271816    13.4320    -1.9358     -1.099     0.1683    -0.5459 -9.990e-29
 141.912940     -1.108   0.271704    13.4833    -1.9350     -1.099     0.1680    -0.5529 -9.990e-29
 141.912946     -1.108   0.271443    13.5309    -1.9346     -1.099     0.1676    -0.5596 -9.990e-29
 141.912951     -1.108   0.271237    13.5798    -1.9347     -1.099     0.1673    -0.5664 -9.990e-29
 141.912957     -1.107   0.271366    13.6325    -1.9345     -1.098     0.1672    -0.5736 -9.990e-29
 141.912963     -1.107   0.271448    13.6854    -1.9346     -1.098     0.1670    -0.5808 -9.990e-29
 141.912969     -1.107   0.271038    13.7346    -1.9344     -1.098     0.1666    -0.5879 -9.990e-29
 141.912975     -1.107   0.270144    13.7796    -1.9341     -1.098     0.1658    -0.5946 -9.990e-29
 141.912980     -1.106   0.269232    13.8198    -1.9337     -1.097     0.1651    -0.6006 -9.990e-29
 141.912986     -1.106   0.268747    13.8518    -1.9333     -1.097     0.1647    -0.6054 -9.990e-29
 141.912992     -1.106   0.268597    13.8732    -1.9333     -1.097     0.1645    -0.6085 -9.990e-29
 141.912998     -1.105   0.268582    13.8846    -1.9346     -1.096     0.1644    -0.6101 -9.990e-29
 141.913003     -1.104   0.268683    13.8896    -1.9361     -1.095     0.1645    -0.6107 -9.990e-29
 141.913009     -1.103   0.269033    13.8922    -1.9369     -1.094     0.1647    -0.6109 -9.990e-29
 141.913015     -1.101   0.269542    13.8947    -1.9380     -1.092     0.1650    -0.6110 -9.990e-29
 141.913021     -1.099   0.269782    13.8988    -1.9382     -1.090     0.1651    -0.6115 -9.990e-29
 141.913027     -1.097   0.269522    13.9050    -1.9385     -1.088     0.1649    -0.6125 -9.990e-29
 141.913032     -1.093   0.268966    13.9113    -1.9388     -1.084     0.1646    -0.6137 -9.990e-29
 141.913038     -1.089   0.268481    13.9140    -1.9386     -1.080     0.1643    -0.6143 -9.990e-29
 141.913044     -1.084   0.267973    13.9072    -1.9378     -1.075     0.1640    -0.6136 -9.990e-29
 141.913050     -1.077   0.267318    13.8879    -1.9374     -1.068     0.1636    -0.6111 -9.990e-29
