data/oxygen options/OCNMS/OCNMS1/raw_data/2022/CAST_CE042_220919faed.cnv
* Sea-Bird SBE 19 Data File:
* FileName = C:\2022 Mooring Data\Casts\CAST_CE042_220919.hex
* Software Version SeatermAF 2.1.2
* Temperature SN = 2997
* Conductivity SN = 2997
* System UpLoad Time = Sep 19 2022 20:02:10 (localtime) = Sep 19 2022 20:02:10 (UTC)
** CAST_CE042_220919
* ds
# nquan = 9                                 
# nvalues = 1546                        
# units = specified
# name 0 = timeJ: Julian Days
# name 1 = prSM: Pressure, Strain Gauge [db]
# name 2 = c0mS/cm: Conductivity [mS/cm]
# name 3 = t090C: Temperature [ITS-90, deg C]
# name 4 = sbeox0ML/L: Oxygen, SBE 43 [ml/l]
# name 5 = depSM: Depth [salt water, m], lat = 47.5
# name 6 = sal00: Salinity, Practical [PSU]
# name 7 = sigma-é00: Density [sigma-theta, kg/m^3]
# name 8 = flag: flag
# span 0 = 262.795856, 262.804797       
# span 1 =     -5.696,     42.816       
# span 2 =   0.007233,  39.766860       
# span 3 =     7.7527,    17.7731       
# span 4 =    -1.8662,    14.9015       
# span 5 =     -5.649,     42.454       
# span 6 =     0.0105,    33.6309       
# span 7 =    -1.3530,    26.2349       
# span 8 = 0.0000e+00, 0.0000e+00       
# interval = seconds: 0.5
# start_time = Sep 19 2022 19:06:02 [Instrument's time stamp, header]
# bad_flag = -9.990e-29
*END*
[from data line 321]
 262.797714     -1.199   0.007281    17.6656    -1.7899     -1.189     0.0110    -1.3335 -9.990e-29
 262.797720     -1.190   0.007281    17.6677    -1.7895     -1.180     0.0110    -1.3339 -9.990e-29
 262.797726     -1.183   0.007281    17.6690    -1.7893     -1.173     0.0110    -1.3341 -9.990e-29
 262.797731     -1.180   0.007281    17.6699    -1.7887     -1.170     0.0110    -1.3343 -9.990e-29
 262.797737     -1.182   0.007281    17.6721    -1.7881     -1.172     0.0110    -1.3347 -9.990e-29
 262.797743     -1.188   0.007281    17.6783    -1.7879     -1.178     0.0110    -1.3358 -9.990e-29
 262.797749     -1.196   0.007281    17.6884    -1.7883     -1.186     0.0110    -1.3376 -9.990e-29
 262.797755     -1.200   0.007281    17.7008    -1.7886     -1.190     0.0111    -1.3399 -9.990e-29
 262.797760     -1.202   0.007281    17.7140    -1.7901     -1.192     0.0111    -1.3423 -9.990e-29
 262.797766     -1.201   0.007281    17.7265    -1.7919     -1.191     0.0111    -1.3445 -9.990e-29
 262.797772     -1.202   0.007281    17.7373    -1.7934     -1.192     0.0111    -1.3465 -9.990e-29
 262.797778     -1.208   0.007281    17.7477    -1.7951     -1.198     0.0111    -1.3484 -9.990e-29
 262.797784     -1.217   0.007281    17.7595    -1.7967     -1.207     0.0111    -1.3505 -9.990e-29
 262.797789     -1.220   0.007281    17.7699    -1.7981     -1.210     0.0111    -1.3524 -9.990e-29
 262.797795     -1.213   0.007281    17.7731    -1.7995     -1.203     0.0111    -1.3530 -9.990e-29
 262.797801     -1.200   0.007281    17.7656    -1.8008     -1.190     0.0111    -1.3517 -9.990e-29
 262.797807     -1.188   0.007281    17.7457    -1.8020     -1.178     0.0111    -1.3480 -9.990e-29
 262.797813     -1.182   0.007281    17.7124    -1.8035     -1.172     0.0111    -1.3420 -9.990e-29
 262.797818     -1.175   0.007281    17.6705    -1.8049     -1.165     0.0110    -1.3344 -9.990e-29
 262.797824     -1.165   0.007281    17.6266    -1.8060     -1.155     0.0110    -1.3265 -9.990e-29
 262.797830     -1.154   0.007281    17.5822    -1.8063     -1.144     0.0110    -1.3184 -9.990e-29
 262.797836     -1.146   0.007281    17.5385    -1.8074     -1.136     0.0110    -1.3106 -9.990e-29
 262.797841     -1.140   0.007281    17.4969    -1.8079     -1.130     0.0110    -1.3031 -9.990e-29
 262.797847     -1.136   0.007281    17.4574    -1.8089     -1.127     0.0110    -1.2961 -9.990e-29
 262.797853     -1.134   0.007281    17.4194    -1.8100     -1.125     0.0110    -1.2893 -9.990e-29
 262.797859     -1.134   0.007281    17.3820    -1.8110     -1.125     0.0109    -1.2826 -9.990e-29
 262.797865     -1.135   0.007281    17.3446    -1.8114     -1.126     0.0109    -1.2760 -9.990e-29
 262.797870     -1.138   0.007281    17.3097    -1.8108     -1.129     0.0109    -1.2698 -9.990e-29
 262.797876     -1.143   0.007281    17.2808    -1.8104     -1.133     0.0109    -1.2647 -9.990e-29
 262.797882     -1.151   0.007281    17.2575    -1.8109     -1.141     0.0109    -1.2606 -9.990e-29
 262.797888     -1.152   0.007281    17.2362    -1.8114     -1.142     0.0109    -1.2568 -9.990e-29
 262.797894     -1.139   0.007281    17.2146    -1.8114     -1.129     0.0109    -1.2530 -9.990e-29
 262.797899     -1.119   0.007281    17.1907    -1.8119     -1.110     0.0109    -1.2488 -9.990e-29
 262.797905     -1.100   0.007281    17.1657    -1.8121     -1.091     0.0109    -1.2444 -9.990e-29
 262.797911     -1.086   0.007281    17.1456    -1.8125     -1.077     0.0109    -1.2409 -9.990e-29
 262.797917     -1.078   0.007281    17.1366    -1.8127     -1.069     0.0109    -1.2393 -9.990e-29
 262.797922     -1.073   0.007281    17.1376    -1.8134     -1.064     0.0109    -1.2395 -9.990e-29
 262.797928     -1.065   0.007281    17.1386    -1.8142     -1.056     0.0109    -1.2396 -9.990e-29
 262.797934     -1.055   0.007281    17.1333    -1.8141     -1.046     0.0109    -1.2387 -9.990e-29
 262.797940     -1.041   0.007281    17.1256    -1.8147     -1.032     0.0109    -1.2374 -9.990e-29
 262.797946     -1.023   0.007281    17.1185    -1.8154     -1.014     0.0109    -1.2361 -9.990e-29
 262.797951     -1.009   0.007281    17.1100    -1.8159     -1.001     0.0109    -1.2346 -9.990e-29
 262.797957     -1.005   0.007281    17.1007    -1.8160     -0.997     0.0109    -1.2330 -9.990e-29
 262.797963     -1.003   0.007281    17.0913    -1.8153     -0.995     0.0109    -1.2314 -9.990e-29
 262.797969     -0.999   0.007281    17.0801    -1.8148     -0.991     0.0108    -1.2294 -9.990e-29
 262.797975     -0.996   0.007282    17.0662    -1.8155     -0.988     0.0108    -1.2270 -9.990e-29
 262.797980     -0.995   0.007283    17.0528    -1.8166     -0.987     0.0108    -1.2247 -9.990e-29
 262.797986     -0.995   0.007284    17.0417    -1.8173     -0.987     0.0108    -1.2227 -9.990e-29
 262.797992     -0.993   0.007285    17.0291    -1.8177     -0.985     0.0108    -1.2205 -9.990e-29
 262.797998     -0.987   0.007286    17.0153    -1.8170     -0.979     0.0108    -1.2181 -9.990e-29
 262.798003     -0.987   0.007287    17.0055    -1.8162     -0.979     0.0108    -1.2164 -9.990e-29
 262.798009     -0.992   0.007288    17.0041    -1.8166     -0.984     0.0108    -1.2162 -9.990e-29
 262.798015     -0.993   0.007289    17.0091    -1.8171     -0.985     0.0108    -1.2171 -9.990e-29
 262.798021     -0.992   0.007290    17.0103    -1.8175     -0.984     0.0108    -1.2173 -9.990e-29
 262.798027     -0.991   0.007291    17.0001    -1.8177     -0.983     0.0108    -1.2155 -9.990e-29
 262.798032     -0.992   0.007292    16.9828    -1.8179     -0.984     0.0108    -1.2125 -9.990e-29
 262.798038     -0.995   0.007293    16.9679    -1.8184     -0.987     0.0108    -1.2099 -9.990e-29
 262.798044     -0.994   0.007294    16.9628    -1.8189     -0.986     0.0108    -1.2090 -9.990e-29
 262.798050     -0.986   0.007295    16.9681    -1.8194     -0.978     0.0108    -1.2099 -9.990e-29
 262.798056     -0.975   0.007296    16.9745    -1.8200     -0.967     0.0108    -1.2111 -9.990e-29
 262.798061     -0.963   0.007297    16.9729    -1.8207     -0.955     0.0108    -1.2108 -9.990e-29
 262.798067     -0.952   0.007298    16.9647    -1.8213     -0.944     0.0108    -1.2094 -9.990e-29
 262.798073     -0.943   0.007299    16.9553    -1.8220     -0.935     0.0108    -1.2077 -9.990e-29
 262.798079     -0.940   0.007300    16.9468    -1.8229     -0.932     0.0108    -1.2063 -9.990e-29
 262.798084     -0.944   0.007301    16.9378    -1.8237     -0.936     0.0108    -1.2047 -9.990e-29
 262.798090     -0.951   0.007302    16.9271    -1.8242     -0.943     0.0108    -1.2028 -9.990e-29
 262.798096     -0.952   0.007303    16.9144    -1.8246     -0.944     0.0108    -1.2007 -9.990e-29
 262.798102     -0.947   0.007304    16.8996    -1.8251     -0.939     0.0108    -1.1981 -9.990e-29
 262.798108     -0.945   0.007305    16.8830    -1.8255     -0.937     0.0108    -1.1952 -9.990e-29
 262.798113     -0.949   0.007306    16.8651    -1.8260     -0.941     0.0108    -1.1922 -9.990e-29
 262.798119     -0.957   0.007307    16.8464    -1.8262     -0.949     0.0108    -1.1889 -9.990e-29
 262.798125     -0.959   0.007308    16.8264    -1.8266     -0.951     0.0108    -1.1855 -9.990e-29
 262.798131     -0.956   0.007309    16.8056    -1.8269     -0.948     0.0108    -1.1819 -9.990e-29
 262.798137     -0.952   0.007310    16.7869    -1.8257     -0.944     0.0108    -1.1787 -9.990e-29
 262.798142     -0.942   0.007311    16.7716    -1.8240     -0.934     0.0108    -1.1761 -9.990e-29
 262.798148     -0.926   0.007312    16.7584    -1.8226     -0.918     0.0108    -1.1739 -9.990e-29
 262.798154     -0.912   0.007313    16.7462    -1.8217     -0.904     0.0107    -1.1718 -9.990e-29
 262.798160     -0.902   0.007314    16.7347    -1.8220     -0.894     0.0107    -1.1698 -9.990e-29
 262.798166     -0.896   0.007315    16.7243    -1.8227     -0.889     0.0107    -1.1680 -9.990e-29
 262.798171     -0.893   0.007316    16.7160    -1.8234     -0.886     0.0107    -1.1666 -9.990e-29
 262.798177     -0.890   0.007317    16.7118    -1.8239     -0.883     0.0107    -1.1659 -9.990e-29
 262.798183     -0.882   0.007318    16.7176    -1.8243     -0.875     0.0107    -1.1669 -9.990e-29
 262.798189     -0.872   0.007319    16.7392    -1.8247     -0.865     0.0107    -1.1706 -9.990e-29
 262.798194     -0.864   0.007320    16.7712    -1.8248     -0.857     0.0108    -1.1760 -9.990e-29
 262.798200     -0.859   0.007321    16.8009    -1.8248     -0.852     0.0108    -1.1811 -9.990e-29
 262.798206     -0.854   0.007322    16.8179    -1.8249     -0.847     0.0108    -1.1840 -9.990e-29
 262.798212     -0.850   0.007323    16.8186    -1.8249     -0.843     0.0108    -1.1842 -9.990e-29
 262.798218     -0.848   0.007324    16.8081    -1.8243     -0.841     0.0108    -1.1824 -9.990e-29
 262.798223     -0.846   0.007325    16.7938    -1.8237     -0.839     0.0108    -1.1799 -9.990e-29
 262.798229     -0.844   0.007326    16.7802    -1.8235     -0.837     0.0108    -1.1776 -9.990e-29
 262.798235     -0.843   0.007327    16.7688    -1.8228     -0.836     0.0108    -1.1756 -9.990e-29
 262.798241     -0.842   0.007328    16.7606    -1.8230     -0.835     0.0108    -1.1742 -9.990e-29
 262.798247     -0.841   0.007329    16.7561    -1.8236     -0.834     0.0108    -1.1735 -9.990e-29
 262.798252     -0.840   0.007330    16.7542    -1.8242     -0.833     0.0108    -1.1731 -9.990e-29
 262.798258     -0.840   0.007331    16.7544    -1.8248     -0.833     0.0108    -1.1732 -9.990e-29
 262.798264     -0.839   0.007332    16.7588    -1.8244     -0.832     0.0108    -1.1739 -9.990e-29
 262.798270     -0.839   0.007333    16.7686    -1.8240     -0.832     0.0108    -1.1756 -9.990e-29
 262.798275     -0.839   0.007334    16.7801    -1.8237     -0.832     0.0108    -1.1776 -9.990e-29
 262.798281     -0.839   0.007335    16.7899    -1.8231     -0.832     0.0108    -1.1792 -9.990e-29
 262.798287     -0.838   0.007336    16.7961    -1.8236     -0.831     0.0108    -1.1803 -9.990e-29
 262.798293     -0.838   0.007337    16.7944    -1.8241     -0.831     0.0108    -1.1800 -9.990e-29
 262.798299     -0.838   0.007338    16.7848    -1.8246     -0.831     0.0108    -1.1784 -9.990e-29
 262.798304     -0.838   0.007339    16.7728    -1.8246     -0.831     0.0108    -1.1763 -9.990e-29
 262.798310     -0.838   0.007340    16.7657    -1.8230     -0.831     0.0108    -1.1751 -9.990e-29
 262.798316     -0.838   0.007341    16.7673    -1.8212     -0.831     0.0108    -1.1754 -9.990e-29
 262.798322     -0.838   0.007342    16.7743    -1.8194     -0.831     0.0108    -1.1766 -9.990e-29
 262.798328     -0.837   0.007343    16.7824    -1.8178     -0.830     0.0108    -1.1780 -9.990e-29
 262.798333     -0.837   0.007344    16.7870    -1.8170     -0.830     0.0108    -1.1787 -9.990e-29
 262.798339     -0.837   0.007345    16.7836    -1.8163     -0.830     0.0108    -1.1782 -9.990e-29
 262.798345     -0.837   0.007346    16.7758    -1.8157     -0.830     0.0108    -1.1768 -9.990e-29
 262.798351     -0.837   0.007347    16.7725    -1.8155     -0.830     0.0108    -1.1763 -9.990e-29
 262.798356     -0.836   0.007348    16.7834    -1.8157     -0.829     0.0108    -1.1781 -9.990e-29
 262.798362     -0.836   0.007349    16.8128    -1.8154     -0.829     0.0108    -1.1832 -9.990e-29
 262.798368     -0.835   0.007350    16.8536    -1.8150     -0.828     0.0108    -1.1902 -9.990e-29
 262.798374     -0.834   0.007351    16.8960    -1.8152     -0.827     0.0108    -1.1975 -9.990e-29
 262.798380     -0.833   0.007352    16.9332    -1.8148     -0.826     0.0108    -1.2039 -9.990e-29
 262.798385     -0.831   0.007353    16.9614    -1.8137     -0.824     0.0108    -1.2088 -9.990e-29
 262.798391     -0.830   0.007354    16.9819    -1.8127     -0.823     0.0108    -1.2123 -9.990e-29
 262.798397     -0.827   0.007355    16.9964    -1.8120     -0.820     0.0109    -1.2148 -9.990e-29
 262.798403     -0.824   0.007356    17.0044    -1.8124     -0.817     0.0109    -1.2162 -9.990e-29
 262.798409     -0.820   0.007357    17.0086    -1.8131     -0.813     0.0109    -1.2169 -9.990e-29
 262.798414     -0.815   0.007358    17.0140    -1.8128     -0.808     0.0109    -1.2179 -9.990e-29
 262.798420     -0.809   0.007359    17.0198    -1.8124     -0.802     0.0109    -1.2189 -9.990e-29
 262.798426     -0.804   0.007360    17.0262    -1.8118     -0.797     0.0109    -1.2200 -9.990e-29
 262.798432     -0.807   0.007361    17.0386    -1.8118     -0.800     0.0109    -1.2222 -9.990e-29
 262.798437     -0.811   0.007362    17.0583    -1.8122     -0.804     0.0109    -1.2256 -9.990e-29
 262.798443     -0.814   0.007363    17.0785    -1.8134     -0.807     0.0109    -1.2291 -9.990e-29
 262.798449     -0.815   0.007364    17.0905    -1.8147     -0.808     0.0109    -1.2312 -9.990e-29
 262.798455     -0.815   0.007365    17.0909    -1.8158     -0.808     0.0109    -1.2313 -9.990e-29
 262.798461     -0.813   0.007366    17.0873    -1.8167     -0.806     0.0109    -1.2306 -9.990e-29
 262.798466     -0.810   0.007367    17.0891    -1.8165     -0.803     0.0109    -1.2310 -9.990e-29
 262.798472     -0.805   0.007368    17.0963    -1.8155     -0.798     0.0109    -1.2322 -9.990e-29
 262.798478     -0.802   0.007369    17.1025    -1.8150     -0.795     0.0109    -1.2333 -9.990e-29
 262.798484     -0.805   0.007370    17.1013    -1.8155     -0.798     0.0109    -1.2331 -9.990e-29
 262.798490     -0.811   0.007371    17.0883    -1.8163     -0.804     0.0109    -1.2308 -9.990e-29
 262.798495     -0.815   0.007372    17.0645    -1.8173     -0.808     0.0109    -1.2267 -9.990e-29
 262.798501     -0.817   0.007373    17.0360    -1.8174     -0.810     0.0109    -1.2217 -9.990e-29
 262.798507     -0.818   0.007374    17.0106    -1.8165     -0.811     0.0109    -1.2173 -9.990e-29
 262.798513     -0.818   0.007375    16.9952    -1.8152     -0.811     0.0109    -1.2146 -9.990e-29
 262.798519     -0.816   0.007376    16.9944    -1.8141     -0.809     0.0109    -1.2145 -9.990e-29
 262.798524     -0.813   0.007377    17.0031    -1.8141     -0.806     0.0109    -1.2160 -9.990e-29
 262.798530     -0.809   0.007378    17.0079    -1.8139     -0.802     0.0109    -1.2168 -9.990e-29
 262.798536     -0.803   0.007379    17.0016    -1.8129     -0.796     0.0109    -1.2157 -9.990e-29
 262.798542     -0.794   0.007380    16.9876    -1.8118     -0.787     0.0109    -1.2133 -9.990e-29
 262.798547     -0.783   0.007381    16.9754    -1.8116     -0.776     0.0109    -1.2112 -9.990e-29
 262.798553     -0.768   0.007382    16.9758    -1.8124     -0.762     0.0109    -1.2112 -9.990e-29
 262.798559     -0.749   0.007383    16.9918    -1.8132     -0.743     0.0109    -1.2140 -9.990e-29
 262.798565     -0.729   0.007384    17.0156    -1.8145     -0.723     0.0109    -1.2182 -9.990e-29
 262.798571     -0.714   0.007385    17.0362    -1.8142     -0.708     0.0109    -1.2217 -9.990e-29
 262.798576     -0.709   0.007386    17.0498    -1.8132     -0.703     0.0109    -1.2241 -9.990e-29
 262.798582     -0.712   0.007387    17.0631    -1.8128     -0.706     0.0109    -1.2264 -9.990e-29
 262.798588     -0.720   0.007388    17.0810    -1.8135     -0.714     0.0109    -1.2295 -9.990e-29
 262.798594     -0.725   0.007389    17.0971    -1.8128     -0.719     0.0109    -1.2323 -9.990e-29
 262.798600     -0.727   0.007390    17.1009    -1.8125     -0.721     0.0109    -1.2330 -9.990e-29
 262.798605     -0.730   0.007391    17.0905    -1.8121     -0.724     0.0109    -1.2312 -9.990e-29
 262.798611     -0.736   0.007392    17.0725    -1.8118     -0.730     0.0109    -1.2281 -9.990e-29
 262.798617     -0.743   0.007393    17.0584    -1.8112     -0.737     0.0109    -1.2256 -9.990e-29
 262.798623     -0.749   0.007394    17.0580    -1.8120     -0.743     0.0109    -1.2255 -9.990e-29
 262.798628     -0.748   0.007395    17.0674    -1.8129     -0.742     0.0109    -1.2272 -9.990e-29
