data/oxygen options/OCNMS/OCNMS1/raw_data/2022/CAST_KL027_220919faed.cnv
* Sea-Bird SBE 19 Data File:
* FileName = C:\2022 Mooring Data\Casts\CAST_KL027_220919.hex
* Software Version SeatermAF 2.1.2
* Temperature SN = 2997
* Conductivity SN = 2997
* System UpLoad Time = Sep 19 2022 22:57:24 (localtime) = Sep 19 2022 22:57:24 (UTC)
** CAST_KL027_220919
* ds
# nquan = 9                                 
# nvalues = 5613                        
# units = specified
# name 0 = timeJ: Julian Days
# name 1 = prSM: Pressure, Strain Gauge [db]
# name 2 = c0mS/cm: Conductivity [mS/cm]
# name 3 = t090C: Temperature [ITS-90, deg C]
# name 4 = sbeox0ML/L: Oxygen, SBE 43 [ml/l]
# name 5 = depSM: Depth [salt water, m], lat = 47.5
# name 6 = sal00: Salinity, Practical [PSU]
# name 7 = sigma-é00: Density [sigma-theta, kg/m^3]
# name 8 = flag: flag
# span 0 = 262.922616, 262.955093       
# span 1 =     -6.087,     25.954       
# span 2 =   0.451431,  40.553703       
# span 3 =     8.1943,    19.3605       
# span 4 =   -10.8872,    14.7562       
# span 5 =     -6.036,     25.736       
# span 6 =     0.2468,    33.4731       
# span 7 =    -1.4757,    26.0450       
# span 8 = 0.0000e+00, 0.0000e+00       
# interval = seconds: 0.5
# start_time = Sep 19 2022 22:08:34 [Instrument's time stamp, header]
# bad_flag = -9.990e-29
*END*
[from data line 4481]
 262.948547     -0.067   0.631961    16.4844    -1.8294     -0.066     0.3714    -0.8490 -9.990e-29
 262.948553     -0.067   0.632486    16.4861    -1.8291     -0.066     0.3717    -0.8491 -9.990e-29
 262.948559     -0.069   0.632849    16.4894    -1.8279     -0.068     0.3719    -0.8495 -9.990e-29
 262.948565     -0.075   0.632983    16.4933    -1.8265     -0.074     0.3719    -0.8501 -9.990e-29
 262.948571     -0.082   0.633064    16.4979    -1.8256     -0.081     0.3719    -0.8509 -9.990e-29
 262.948576     -0.094   0.633200    16.5025    -1.8248     -0.093     0.3720    -0.8516 -9.990e-29
 262.948582     -0.104   0.633574    16.5075    -1.8241     -0.103     0.3722    -0.8523 -9.990e-29
 262.948588     -0.111   0.634130    16.5144    -1.8234     -0.110     0.3724    -0.8533 -9.990e-29
 262.948594     -0.115   0.634504    16.5229    -1.8224     -0.114     0.3726    -0.8546 -9.990e-29
 262.948600     -0.111   0.634640    16.5326    -1.8217     -0.110     0.3726    -0.8562 -9.990e-29
 262.948605     -0.099   0.634717    16.5477    -1.8211     -0.098     0.3725    -0.8589 -9.990e-29
 262.948611     -0.088   0.634840    16.5717    -1.8206     -0.087     0.3723    -0.8630 -9.990e-29
 262.948617     -0.080   0.635173    16.6002    -1.8192     -0.079     0.3723    -0.8679 -9.990e-29
 262.948623     -0.075   0.635607    16.6269    -1.8182     -0.074     0.3723    -0.8724 -9.990e-29
 262.948628     -0.073   0.635612    16.6503    -1.8181     -0.072     0.3721    -0.8766 -9.990e-29
 262.948634     -0.074   0.635195    16.6715    -1.8181     -0.073     0.3717    -0.8805 -9.990e-29
 262.948640     -0.077   0.634908    16.6928    -1.8179     -0.076     0.3713    -0.8845 -9.990e-29
 262.948646     -0.079   0.634922    16.7151    -1.8179     -0.078     0.3711    -0.8884 -9.990e-29
 262.948652     -0.075   0.635254    16.7359    -1.8179     -0.074     0.3711    -0.8920 -9.990e-29
 262.948657     -0.070   0.635795    16.7548    -1.8181     -0.069     0.3713    -0.8951 -9.990e-29
 262.948663     -0.067   0.636157    16.7759    -1.8182     -0.066     0.3713    -0.8987 -9.990e-29
 262.948669     -0.067   0.636269    16.8003    -1.8183     -0.066     0.3712    -0.9030 -9.990e-29
 262.948675     -0.069   0.636283    16.8208    -1.8180     -0.068     0.3710    -0.9067 -9.990e-29
 262.948681     -0.074   0.636217    16.8316    -1.8171     -0.073     0.3709    -0.9087 -9.990e-29
 262.948686     -0.081   0.635981    16.8361    -1.8170     -0.080     0.3707    -0.9096 -9.990e-29
 262.948692     -0.091   0.635816    16.8388    -1.8165     -0.090     0.3706    -0.9102 -9.990e-29
 262.948698     -0.101   0.636055    16.8399    -1.8150     -0.100     0.3707    -0.9102 -9.990e-29
 262.948704     -0.107   0.636463    16.8388    -1.8136     -0.106     0.3710    -0.9099 -9.990e-29
 262.948709     -0.109   0.637031    16.8368    -1.8126     -0.108     0.3713    -0.9092 -9.990e-29
 262.948715     -0.103   0.637963    16.8360    -1.8125     -0.102     0.3719    -0.9087 -9.990e-29
 262.948721     -0.089   0.638841    16.8385    -1.8125     -0.088     0.3724    -0.9087 -9.990e-29
 262.948727     -0.075   0.639174    16.8469    -1.8115     -0.074     0.3725    -0.9100 -9.990e-29
 262.948733     -0.063   0.638851    16.8595    -1.8103     -0.062     0.3722    -0.9125 -9.990e-29
 262.948738     -0.053   0.637996    16.8738    -1.8093     -0.053     0.3716    -0.9154 -9.990e-29
 262.948744     -0.045   0.637130    16.8941    -1.8085     -0.045     0.3709    -0.9195 -9.990e-29
 262.948750     -0.038   0.636759    16.9231    -1.8078     -0.038     0.3704    -0.9249 -9.990e-29
 262.948756     -0.031   0.636944    16.9535    -1.8072     -0.031     0.3702    -0.9303 -9.990e-29
 262.948762     -0.028   0.637375    16.9763    -1.8066     -0.028     0.3703    -0.9342 -9.990e-29
 262.948767     -0.034   0.637521    16.9902    -1.8059     -0.034     0.3703    -0.9367 -9.990e-29
 262.948773     -0.044   0.637576    17.0035    -1.8053     -0.044     0.3702    -0.9391 -9.990e-29
 262.948779     -0.055   0.638167    17.0239    -1.8053     -0.055     0.3704    -0.9425 -9.990e-29
 262.948785     -0.067   0.638975    17.0499    -1.8051     -0.066     0.3706    -0.9468 -9.990e-29
 262.948791     -0.082   0.639417    17.0757    -1.8046     -0.081     0.3706    -0.9513 -9.990e-29
 262.948796     -0.100   0.639527    17.0986    -1.8044     -0.099     0.3705    -0.9555 -9.990e-29
 262.948802     -0.118   0.639455    17.1190    -1.8041     -0.117     0.3703    -0.9592 -9.990e-29
 262.948808     -0.128   0.639103    17.1380    -1.8041     -0.127     0.3699    -0.9629 -9.990e-29
 262.948814     -0.128   0.638555    17.1561    -1.8049     -0.127     0.3694    -0.9664 -9.990e-29
 262.948819     -0.122   0.638187    17.1727    -1.8054     -0.121     0.3691    -0.9696 -9.990e-29
 262.948825     -0.116   0.638065    17.1855    -1.8049     -0.115     0.3689    -0.9720 -9.990e-29
 262.948831     -0.117   0.638025    17.1936    -1.8042     -0.116     0.3688    -0.9735 -9.990e-29
 262.948837     -0.122   0.638011    17.2004    -1.8043     -0.121     0.3687    -0.9748 -9.990e-29
 262.948843     -0.129   0.638005    17.2083    -1.8044     -0.128     0.3686    -0.9762 -9.990e-29
 262.948848     -0.130   0.638001    17.2157    -1.8041     -0.129     0.3686    -0.9776 -9.990e-29
 262.948854     -0.124   0.637991    17.2194    -1.8036     -0.123     0.3685    -0.9783 -9.990e-29
 262.948860     -0.119   0.637963    17.2164    -1.8032     -0.118     0.3685    -0.9777 -9.990e-29
 262.948866     -0.116   0.637880    17.2080    -1.8029     -0.115     0.3686    -0.9762 -9.990e-29
 262.948872     -0.110   0.637632    17.2029    -1.8030     -0.109     0.3685    -0.9754 -9.990e-29
 262.948877     -0.104   0.637443    17.2067    -1.8028     -0.103     0.3683    -0.9762 -9.990e-29
 262.948883     -0.099   0.637612    17.2145    -1.8028     -0.098     0.3684    -0.9776 -9.990e-29
 262.948889     -0.089   0.637813    17.2193    -1.8034     -0.088     0.3684    -0.9784 -9.990e-29
 262.948895     -0.079   0.637758    17.2230    -1.8041     -0.078     0.3684    -0.9791 -9.990e-29
 262.948900     -0.072   0.637375    17.2300    -1.8044     -0.071     0.3681    -0.9805 -9.990e-29
 262.948906     -0.068   0.636708    17.2399    -1.8042     -0.067     0.3676    -0.9826 -9.990e-29
 262.948912     -0.066   0.635973    17.2493    -1.8040     -0.065     0.3671    -0.9847 -9.990e-29
 262.948918     -0.066   0.635298    17.2555    -1.8037     -0.065     0.3666    -0.9862 -9.990e-29
 262.948924     -0.069   0.634892    17.2581    -1.8033     -0.068     0.3664    -0.9868 -9.990e-29
 262.948929     -0.074   0.634764    17.2581    -1.8026     -0.073     0.3663    -0.9869 -9.990e-29
 262.948935     -0.077   0.634744    17.2539    -1.8024     -0.076     0.3663    -0.9861 -9.990e-29
 262.948941     -0.075   0.634806    17.2440    -1.8031     -0.074     0.3664    -0.9843 -9.990e-29
 262.948947     -0.071   0.635033    17.2330    -1.8039     -0.070     0.3667    -0.9821 -9.990e-29
 262.948953     -0.070   0.635175    17.2270    -1.8046     -0.069     0.3668    -0.9810 -9.990e-29
 262.948958     -0.071   0.634867    17.2274    -1.8037     -0.070     0.3666    -0.9812 -9.990e-29
 262.948964     -0.075   0.634252    17.2322    -1.8021     -0.074     0.3662    -0.9824 -9.990e-29
 262.948970     -0.081   0.633616    17.2400    -1.8009     -0.080     0.3658    -0.9841 -9.990e-29
 262.948976     -0.087   0.633220    17.2503    -1.7997     -0.086     0.3654    -0.9862 -9.990e-29
 262.948981     -0.088   0.633087    17.2598    -1.7985     -0.087     0.3653    -0.9880 -9.990e-29
 262.948987     -0.088   0.633040    17.2613    -1.7980     -0.087     0.3652    -0.9883 -9.990e-29
 262.948993     -0.091   0.633016    17.2523    -1.7976     -0.090     0.3653    -0.9866 -9.990e-29
 262.948999     -0.098   0.632983    17.2405    -1.7974     -0.097     0.3654    -0.9845 -9.990e-29
 262.949005     -0.106   0.632897    17.2382    -1.7971     -0.105     0.3653    -0.9841 -9.990e-29
 262.949010     -0.109   0.632644    17.2537    -1.7964     -0.108     0.3651    -0.9870 -9.990e-29
 262.949016     -0.113   0.632440    17.2827    -1.7956     -0.112     0.3647    -0.9925 -9.990e-29
 262.949022     -0.123   0.632566    17.3155    -1.7952     -0.122     0.3645    -0.9985 -9.990e-29
 262.949028     -0.134   0.632639    17.3469    -1.7946     -0.133     0.3642    -1.0043 -9.990e-29
 262.949034     -0.143   0.632386    17.3735    -1.7943     -0.142     0.3639    -1.0093 -9.990e-29
 262.949039     -0.150   0.632023    17.3926    -1.7952     -0.149     0.3635    -1.0130 -9.990e-29
 262.949045     -0.153   0.631805    17.4061    -1.7958     -0.152     0.3632    -1.0156 -9.990e-29
 262.949051     -0.146   0.631994    17.4175    -1.7970     -0.145     0.3633    -1.0176 -9.990e-29
 262.949057     -0.133   0.632473    17.4302    -1.7954     -0.132     0.3634    -1.0198 -9.990e-29
 262.949063     -0.123   0.632773    17.4461    -1.7942     -0.122     0.3635    -1.0226 -9.990e-29
 262.949068     -0.118   0.632743    17.4630    -1.7950     -0.117     0.3633    -1.0258 -9.990e-29
 262.949074     -0.115   0.632342    17.4774    -1.7960     -0.114     0.3630    -1.0286 -9.990e-29
 262.949080     -0.108   0.631588    17.4869    -1.7967     -0.107     0.3624    -1.0307 -9.990e-29
 262.949086     -0.102   0.631137    17.4871    -1.7971     -0.101     0.3622    -1.0310 -9.990e-29
 262.949091     -0.101   0.632049    17.4753    -1.7976     -0.100     0.3628    -1.0284 -9.990e-29
 262.949097     -0.104   0.636092    17.4550    -1.7970     -0.103     0.3654    -1.0227 -9.990e-29
 262.949103     -0.107   0.648104    17.4323    -1.7962     -0.106     0.3727    -1.0130 -9.990e-29
 262.949109     -0.107   0.682438    17.4134    -1.7955     -0.106     0.3933    -0.9938 -9.990e-29
 262.949115     -0.102   0.777678    17.3993    -1.7948     -0.101     0.4504    -0.9474 -9.990e-29
 262.949120     -0.094   0.939001    17.3863    -1.7943     -0.093     0.5480    -0.8700 -9.990e-29
 262.949126     -0.086   1.074197    17.3735    -1.7947     -0.085     0.6306    -0.8043 -9.990e-29
 262.949132     -0.081   1.113790    17.3625    -1.7960     -0.080     0.6551    -0.7835 -9.990e-29
 262.949138     -0.079   1.095068    17.3547    -1.7975     -0.078     0.6437    -0.7909 -9.990e-29
 262.949144     -0.081   1.067280    17.3532    -1.7990     -0.080     0.6267    -0.8037 -9.990e-29
 262.949149     -0.081   1.045431    17.3610    -1.7991     -0.080     0.6132    -0.8154 -9.990e-29
 262.949155     -0.076   1.034170    17.3749    -1.7998     -0.075     0.6062    -0.8233 -9.990e-29
 262.949161     -0.069   1.035096    17.3896    -1.8004     -0.068     0.6065    -0.8257 -9.990e-29
 262.949167     -0.065   1.045567    17.4008    -1.8003     -0.064     0.6127    -0.8229 -9.990e-29
 262.949172     -0.063   1.060715    17.4032    -1.8000     -0.062     0.6220    -0.8163 -9.990e-29
 262.949178     -0.063   1.075819    17.3913    -1.7996     -0.062     0.6314    -0.8069 -9.990e-29
 262.949184     -0.065   1.086097    17.3655    -1.7989     -0.064     0.6381    -0.7972 -9.990e-29
 262.949190     -0.069   1.089745    17.3335    -1.7982     -0.068     0.6408    -0.7893 -9.990e-29
 262.949196     -0.076   1.088859    17.3060    -1.7976     -0.075     0.6407    -0.7845 -9.990e-29
 262.949201     -0.085   1.085025    17.2874    -1.7972     -0.084     0.6386    -0.7828 -9.990e-29
 262.949207     -0.098   1.078116    17.2739    -1.7968     -0.097     0.6346    -0.7835 -9.990e-29
 262.949213     -0.111   1.068334    17.2659    -1.7966     -0.110     0.6287    -0.7866 -9.990e-29
 262.949219     -0.121   1.056480    17.2669    -1.7974     -0.120     0.6214    -0.7923 -9.990e-29
 262.949225     -0.127   1.043363    17.2753    -1.7980     -0.126     0.6132    -0.8001 -9.990e-29
 262.949230     -0.132   1.030323    17.2888    -1.7984     -0.131     0.6050    -0.8088 -9.990e-29
 262.949236     -0.134   1.018801    17.3063    -1.7980     -0.133     0.5977    -0.8175 -9.990e-29
 262.949242     -0.134   1.008939    17.3248    -1.7977     -0.133     0.5915    -0.8257 -9.990e-29
 262.949248     -0.132   0.999771    17.3415    -1.7980     -0.131     0.5856    -0.8331 -9.990e-29
 262.949253     -0.124   0.990699    17.3550    -1.7984     -0.123     0.5799    -0.8399 -9.990e-29
 262.949259     -0.109   0.982365    17.3634    -1.7986     -0.108     0.5747    -0.8454 -9.990e-29
 262.949265     -0.094   0.975842    17.3635    -1.7985     -0.093     0.5707    -0.8485 -9.990e-29
 262.949271     -0.084   0.971291    17.3552    -1.7979     -0.083     0.5681    -0.8491 -9.990e-29
 262.949277     -0.077   0.967627    17.3448    -1.7972     -0.076     0.5660    -0.8488 -9.990e-29
 262.949282     -0.072   0.963841    17.3396    -1.7966     -0.071     0.5638    -0.8496 -9.990e-29
 262.949288     -0.071   0.959870    17.3408    -1.7960     -0.070     0.5613    -0.8517 -9.990e-29
 262.949294     -0.071   0.955402    17.3430    -1.7961     -0.070     0.5586    -0.8542 -9.990e-29
 262.949300     -0.071   0.950017    17.3412    -1.7969     -0.070     0.5553    -0.8564 -9.990e-29
 262.949306     -0.064   0.944286    17.3368    -1.7971     -0.063     0.5519    -0.8582 -9.990e-29
 262.949311     -0.055   0.939428    17.3349    -1.7971     -0.055     0.5490    -0.8601 -9.990e-29
 262.949317     -0.047   0.936163    17.3400    -1.7973     -0.047     0.5469    -0.8626 -9.990e-29
 262.949323     -0.041   0.933463    17.3528    -1.7974     -0.041     0.5451    -0.8663 -9.990e-29
 262.949329     -0.035   0.929389    17.3695    -1.7972     -0.035     0.5424    -0.8713 -9.990e-29
 262.949334     -0.029   0.923490    17.3849    -1.7970     -0.029     0.5386    -0.8770 -9.990e-29
 262.949340     -0.028   0.917315    17.3939    -1.7970     -0.028     0.5348    -0.8816 -9.990e-29
 262.949346     -0.035   0.912598    17.3929    -1.7973     -0.035     0.5319    -0.8836 -9.990e-29
 262.949352     -0.046   0.909692    17.3855    -1.7973     -0.046     0.5303    -0.8835 -9.990e-29
 262.949358     -0.055   0.907494    17.3791    -1.7969     -0.055     0.5290    -0.8834 -9.990e-29
 262.949363     -0.056   0.904732    17.3754    -1.7967     -0.056     0.5274    -0.8839 -9.990e-29
 262.949369     -0.054   0.901047    17.3727    -1.7964     -0.054     0.5252    -0.8852 -9.990e-29
 262.949375     -0.054   0.897061    17.3719    -1.7959     -0.054     0.5228    -0.8869 -9.990e-29
 262.949381     -0.056   0.894660    17.3737    -1.7955     -0.056     0.5213    -0.8883 -9.990e-29
 262.949387     -0.059   0.895071    17.3763    -1.7952     -0.059     0.5215    -0.8886 -9.990e-29
 262.949392     -0.064   0.896073    17.3769    -1.7947     -0.063     0.5221    -0.8883 -9.990e-29
 262.949398     -0.071   0.894572    17.3762    -1.7942     -0.070     0.5212    -0.8888 -9.990e-29
 262.949404     -0.076   0.890782    17.3784    -1.7943     -0.075     0.5189    -0.8910 -9.990e-29
 262.949410     -0.075   0.886847    17.3850    -1.7938     -0.074     0.5164    -0.8941 -9.990e-29
 262.949416     -0.073   0.883612    17.3936    -1.7931     -0.072     0.5144    -0.8972 -9.990e-29
 262.949421     -0.073   0.880640    17.4033    -1.7926     -0.072     0.5125    -0.9004 -9.990e-29
 262.949427     -0.077   0.877842    17.4145    -1.7929     -0.076     0.5106    -0.9038 -9.990e-29
 262.949433     -0.083   0.875364    17.4263    -1.7936     -0.082     0.5090    -0.9072 -9.990e-29
 262.949439     -0.088   0.872672    17.4383    -1.7935     -0.087     0.5072    -0.9107 -9.990e-29
 262.949444     -0.088   0.869498    17.4501    -1.7935     -0.087     0.5052    -0.9144 -9.990e-29
 262.949450     -0.088   0.866594    17.4600    -1.7933     -0.087     0.5033    -0.9177 -9.990e-29
 262.949456     -0.087   0.864517    17.4687    -1.7930     -0.086     0.5019    -0.9203 -9.990e-29
 262.949462     -0.081   0.862710    17.4798    -1.7927     -0.080     0.5007    -0.9232 -9.990e-29
