data/oxygen options/OCNMS/OCNMS1/raw_data/2022/CAST_KL027_220919faed.cnv
* Sea-Bird SBE 19 Data File:
* FileName = C:\2022 Mooring Data\Casts\CAST_KL027_220919.hex
* Software Version SeatermAF 2.1.2
* Temperature SN = 2997
* Conductivity SN = 2997
* System UpLoad Time = Sep 19 2022 22:57:24 (localtime) = Sep 19 2022 22:57:24 (UTC)
** CAST_KL027_220919
* ds
# nquan = 9                                 
# nvalues = 5613                        
# units = specified
# name 0 = timeJ: Julian Days
# name 1 = prSM: Pressure, Strain Gauge [db]
# name 2 = c0mS/cm: Conductivity [mS/cm]
# name 3 = t090C: Temperature [ITS-90, deg C]
# name 4 = sbeox0ML/L: Oxygen, SBE 43 [ml/l]
# name 5 = depSM: Depth [salt water, m], lat = 47.5
# name 6 = sal00: Salinity, Practical [PSU]
# name 7 = sigma-é00: Density [sigma-theta, kg/m^3]
# name 8 = flag: flag
# span 0 = 262.922616, 262.955093       
# span 1 =     -6.087,     25.954       
# span 2 =   0.451431,  40.553703       
# span 3 =     8.1943,    19.3605       
# span 4 =   -10.8872,    14.7562       
# span 5 =     -6.036,     25.736       
# span 6 =     0.2468,    33.4731       
# span 7 =    -1.4757,    26.0450       
# span 8 = 0.0000e+00, 0.0000e+00       
# interval = seconds: 0.5
# start_time = Sep 19 2022 22:08:34 [Instrument's time stamp, header]
# bad_flag = -9.990e-29
*END*
[from data line 4801]
 262.950399     -0.082   0.689041    17.9571    -1.7814     -0.081     0.3922    -1.0937 -9.990e-29
 262.950405     -0.084   0.688050    17.9571    -1.7825     -0.083     0.3916    -1.0942 -9.990e-29
 262.950411     -0.085   0.688564    17.9499    -1.7825     -0.084     0.3920    -1.0926 -9.990e-29
 262.950417     -0.080   0.689608    17.9373    -1.7817     -0.079     0.3927    -1.0897 -9.990e-29
 262.950422     -0.075   0.689992    17.9238    -1.7810     -0.074     0.3931    -1.0869 -9.990e-29
 262.950428     -0.072   0.689675    17.9127    -1.7804     -0.071     0.3930    -1.0849 -9.990e-29
 262.950434     -0.071   0.688971    17.9052    -1.7800     -0.070     0.3926    -1.0838 -9.990e-29
 262.950440     -0.074   0.688051    17.8982    -1.7789     -0.073     0.3922    -1.0829 -9.990e-29
 262.950446     -0.079   0.687533    17.8859    -1.7780     -0.078     0.3920    -1.0808 -9.990e-29
 262.950451     -0.083   0.687833    17.8670    -1.7776     -0.082     0.3923    -1.0770 -9.990e-29
 262.950457     -0.082   0.688244    17.8510    -1.7780     -0.081     0.3927    -1.0738 -9.990e-29
 262.950463     -0.079   0.687654    17.8491    -1.7798     -0.078     0.3924    -1.0737 -9.990e-29
 262.950469     -0.080   0.685829    17.8605    -1.7805     -0.079     0.3912    -1.0767 -9.990e-29
 262.950475     -0.084   0.683655    17.8773    -1.7809     -0.083     0.3898    -1.0809 -9.990e-29
 262.950480     -0.091   0.682110    17.8944    -1.7809     -0.090     0.3887    -1.0848 -9.990e-29
 262.950486     -0.102   0.681350    17.9129    -1.7811     -0.101     0.3881    -1.0887 -9.990e-29
 262.950492     -0.113   0.680913    17.9341    -1.7822     -0.112     0.3876    -1.0930 -9.990e-29
 262.950498     -0.116   0.680216    17.9521    -1.7825     -0.115     0.3870    -1.0968 -9.990e-29
 262.950503     -0.112   0.679437    17.9579    -1.7825     -0.111     0.3865    -1.0982 -9.990e-29
 262.950509     -0.110   0.679198    17.9460    -1.7826     -0.109     0.3865    -1.0961 -9.990e-29
 262.950515     -0.112   0.679182    17.9217    -1.7828     -0.111     0.3867    -1.0914 -9.990e-29
 262.950521     -0.114   0.678812    17.8995    -1.7827     -0.113     0.3867    -1.0873 -9.990e-29
 262.950527     -0.110   0.678150    17.8862    -1.7824     -0.109     0.3864    -1.0851 -9.990e-29
 262.950532     -0.097   0.677418    17.8775    -1.7824     -0.096     0.3861    -1.0837 -9.990e-29
 262.950538     -0.085   0.676749    17.8662    -1.7823     -0.084     0.3858    -1.0819 -9.990e-29
 262.950544     -0.076   0.676356    17.8518    -1.7823     -0.075     0.3857    -1.0793 -9.990e-29
 262.950550     -0.069   0.676270    17.8412    -1.7829     -0.068     0.3857    -1.0773 -9.990e-29
 262.950556     -0.065   0.676374    17.8361    -1.7833     -0.064     0.3858    -1.0763 -9.990e-29
 262.950561     -0.064   0.676254    17.8332    -1.7839     -0.063     0.3858    -1.0758 -9.990e-29
 262.950567     -0.064   0.675198    17.8319    -1.7844     -0.063     0.3852    -1.0760 -9.990e-29
 262.950573     -0.067   0.673456    17.8329    -1.7842     -0.066     0.3841    -1.0770 -9.990e-29
 262.950579     -0.072   0.672028    17.8354    -1.7842     -0.071     0.3833    -1.0781 -9.990e-29
 262.950584     -0.075   0.671226    17.8375    -1.7839     -0.074     0.3828    -1.0789 -9.990e-29
 262.950590     -0.073   0.670533    17.8379    -1.7829     -0.072     0.3824    -1.0793 -9.990e-29
 262.950596     -0.068   0.669578    17.8339    -1.7820     -0.067     0.3818    -1.0789 -9.990e-29
 262.950602     -0.067   0.668748    17.8242    -1.7818     -0.066     0.3814    -1.0775 -9.990e-29
 262.950608     -0.067   0.668597    17.8115    -1.7825     -0.066     0.3815    -1.0751 -9.990e-29
 262.950613     -0.070   0.668924    17.7992    -1.7844     -0.069     0.3818    -1.0726 -9.990e-29
 262.950619     -0.071   0.669057    17.7913    -1.7853     -0.070     0.3819    -1.0711 -9.990e-29
 262.950625     -0.066   0.668621    17.7901    -1.7856     -0.065     0.3817    -1.0710 -9.990e-29
 262.950631     -0.059   0.667587    17.7949    -1.7858     -0.059     0.3810    -1.0724 -9.990e-29
 262.950637     -0.054   0.666238    17.8064    -1.7863     -0.054     0.3801    -1.0752 -9.990e-29
 262.950642     -0.050   0.664988    17.8230    -1.7883     -0.050     0.3792    -1.0789 -9.990e-29
 262.950648     -0.047   0.664384    17.8363    -1.7903     -0.047     0.3788    -1.0818 -9.990e-29
 262.950654     -0.045   0.664729    17.8368    -1.7910     -0.045     0.3790    -1.0817 -9.990e-29
 262.950660     -0.044   0.665374    17.8198    -1.7905     -0.044     0.3795    -1.0782 -9.990e-29
 262.950666     -0.044   0.665519    17.7920    -1.7895     -0.044     0.3798    -1.0728 -9.990e-29
 262.950671     -0.045   0.664803    17.7673    -1.7888     -0.045     0.3796    -1.0684 -9.990e-29
 262.950677     -0.047   0.663381    17.7503    -1.7886     -0.047     0.3789    -1.0659 -9.990e-29
 262.950683     -0.050   0.662123    17.7339    -1.7882     -0.050     0.3783    -1.0633 -9.990e-29
 262.950689     -0.054   0.661566    17.7082    -1.7874     -0.054     0.3782    -1.0587 -9.990e-29
 262.950694     -0.059   0.661520    17.6709    -1.7868     -0.059     0.3785    -1.0517 -9.990e-29
 262.950700     -0.062   0.661926    17.6353    -1.7864     -0.061     0.3791    -1.0448 -9.990e-29
 262.950706     -0.059   0.662771    17.6174    -1.7857     -0.059     0.3798    -1.0410 -9.990e-29
 262.950712     -0.052   0.663521    17.6202    -1.7862     -0.052     0.3802    -1.0412 -9.990e-29
 262.950718     -0.048   0.663513    17.6348    -1.7872     -0.048     0.3800    -1.0439 -9.990e-29
 262.950723     -0.044   0.662735    17.6508    -1.7875     -0.044     0.3794    -1.0473 -9.990e-29
 262.950729     -0.041   0.661812    17.6645    -1.7872     -0.041     0.3788    -1.0503 -9.990e-29
 262.950735     -0.039   0.661175    17.6788    -1.7866     -0.039     0.3783    -1.0533 -9.990e-29
 262.950741     -0.037   0.660527    17.6951    -1.7862     -0.037     0.3777    -1.0567 -9.990e-29
 262.950747     -0.036   0.659557    17.7106    -1.7858     -0.036     0.3770    -1.0601 -9.990e-29
 262.950752     -0.035   0.658634    17.7230    -1.7853     -0.035     0.3764    -1.0628 -9.990e-29
 262.950758     -0.034   0.658186    17.7286    -1.7848     -0.034     0.3761    -1.0641 -9.990e-29
 262.950764     -0.034   0.658169    17.7231    -1.7838     -0.034     0.3761    -1.0631 -9.990e-29
 262.950770     -0.034   0.658562    17.7118    -1.7834     -0.034     0.3764    -1.0607 -9.990e-29
 262.950775     -0.034   0.659336    17.7059    -1.7837     -0.034     0.3769    -1.0593 -9.990e-29
 262.950781     -0.034   0.659860    17.7098    -1.7838     -0.034     0.3772    -1.0598 -9.990e-29
 262.950787     -0.034   0.659725    17.7199    -1.7836     -0.034     0.3770    -1.0617 -9.990e-29
 262.950793     -0.034   0.659307    17.7320    -1.7831     -0.034     0.3767    -1.0642 -9.990e-29
 262.950799     -0.035   0.658599    17.7449    -1.7823     -0.035     0.3762    -1.0670 -9.990e-29
 262.950804     -0.036   0.657211    17.7592    -1.7814     -0.036     0.3752    -1.0703 -9.990e-29
 262.950810     -0.037   0.655507    17.7758    -1.7806     -0.037     0.3741    -1.0743 -9.990e-29
 262.950816     -0.039   0.654538    17.7924    -1.7800     -0.039     0.3733    -1.0779 -9.990e-29
 262.950822     -0.041   0.654671    17.8026    -1.7796     -0.041     0.3733    -1.0797 -9.990e-29
 262.950828     -0.043   0.654978    17.8053    -1.7792     -0.043     0.3735    -1.0801 -9.990e-29
 262.950833     -0.047   0.654760    17.8071    -1.7789     -0.047     0.3734    -1.0805 -9.990e-29
 262.950839     -0.052   0.654280    17.8137    -1.7786     -0.052     0.3730    -1.0820 -9.990e-29
 262.950845     -0.058   0.654005    17.8271    -1.7784     -0.058     0.3727    -1.0847 -9.990e-29
 262.950851     -0.061   0.654121    17.8466    -1.7781     -0.060     0.3726    -1.0884 -9.990e-29
 262.950856     -0.058   0.654229    17.8691    -1.7779     -0.058     0.3725    -1.0926 -9.990e-29
 262.950862     -0.052   0.653920    17.8904    -1.7779     -0.052     0.3721    -1.0968 -9.990e-29
 262.950868     -0.047   0.653335    17.9080    -1.7780     -0.047     0.3716    -1.1004 -9.990e-29
 262.950874     -0.044   0.652803    17.9218    -1.7782     -0.044     0.3712    -1.1033 -9.990e-29
 262.950880     -0.041   0.652166    17.9329    -1.7781     -0.041     0.3707    -1.1057 -9.990e-29
 262.950885     -0.039   0.651128    17.9424    -1.7781     -0.039     0.3700    -1.1080 -9.990e-29
 262.950891     -0.037   0.649966    17.9508    -1.7781     -0.037     0.3693    -1.1102 -9.990e-29
 262.950897     -0.036   0.649344    17.9584    -1.7778     -0.036     0.3689    -1.1119 -9.990e-29
 262.950903     -0.035   0.649543    17.9649    -1.7775     -0.035     0.3689    -1.1131 -9.990e-29
 262.950909     -0.035   0.649720    17.9694    -1.7773     -0.035     0.3690    -1.1138 -9.990e-29
 262.950914     -0.034   0.649001    17.9710    -1.7775     -0.034     0.3685    -1.1145 -9.990e-29
 262.950920     -0.034   0.647536    17.9700    -1.7783     -0.034     0.3677    -1.1149 -9.990e-29
 262.950926     -0.034   0.646139    17.9683    -1.7794     -0.034     0.3669    -1.1152 -9.990e-29
 262.950932     -0.035   0.645716    17.9679    -1.7798     -0.035     0.3666    -1.1154 -9.990e-29
 262.950938     -0.035   0.646258    17.9690    -1.7797     -0.035     0.3670    -1.1153 -9.990e-29
 262.950943     -0.036   0.646826    17.9720    -1.7796     -0.036     0.3673    -1.1156 -9.990e-29
 262.950949     -0.037   0.646516    17.9770    -1.7801     -0.037     0.3670    -1.1167 -9.990e-29
 262.950955     -0.039   0.645466    17.9821    -1.7805     -0.039     0.3664    -1.1182 -9.990e-29
 262.950961     -0.041   0.644492    17.9828    -1.7807     -0.041     0.3658    -1.1188 -9.990e-29
 262.950966     -0.043   0.643955    17.9750    -1.7805     -0.043     0.3656    -1.1175 -9.990e-29
 262.950972     -0.047   0.643693    17.9587    -1.7802     -0.047     0.3655    -1.1145 -9.990e-29
 262.950978     -0.051   0.643357    17.9406    -1.7797     -0.051     0.3655    -1.1112 -9.990e-29
 262.950984     -0.057   0.643053    17.9285    -1.7789     -0.057     0.3654    -1.1090 -9.990e-29
 262.950990     -0.064   0.642928    17.9231    -1.7781     -0.063     0.3654    -1.1080 -9.990e-29
 262.950995     -0.073   0.642814    17.9184    -1.7776     -0.072     0.3654    -1.1072 -9.990e-29
 262.951001     -0.081   0.642560    17.9107    -1.7770     -0.080     0.3653    -1.1058 -9.990e-29
 262.951007     -0.084   0.641827    17.9033    -1.7768     -0.083     0.3649    -1.1047 -9.990e-29
 262.951013     -0.081   0.640746    17.9008    -1.7767     -0.080     0.3643    -1.1047 -9.990e-29
 262.951019     -0.073   0.640090    17.9045    -1.7766     -0.072     0.3639    -1.1057 -9.990e-29
 262.951024     -0.064   0.640090    17.9139    -1.7764     -0.063     0.3638    -1.1075 -9.990e-29
 262.951030     -0.056   0.640191    17.9282    -1.7764     -0.056     0.3637    -1.1102 -9.990e-29
 262.951036     -0.050   0.639976    17.9461    -1.7769     -0.050     0.3635    -1.1138 -9.990e-29
 262.951042     -0.046   0.639712    17.9646    -1.7784     -0.046     0.3632    -1.1174 -9.990e-29
 262.951047     -0.042   0.639599    17.9814    -1.7801     -0.042     0.3629    -1.1207 -9.990e-29
 262.951053     -0.039   0.639486    17.9949    -1.7800     -0.039     0.3628    -1.1233 -9.990e-29
 262.951059     -0.037   0.639224    18.0035    -1.7799     -0.037     0.3625    -1.1251 -9.990e-29
 262.951065     -0.035   0.639016    18.0083    -1.7797     -0.035     0.3624    -1.1261 -9.990e-29
 262.951071     -0.033   0.639137    18.0117    -1.7800     -0.033     0.3624    -1.1267 -9.990e-29
 262.951076     -0.032   0.639196    18.0128    -1.7803     -0.032     0.3624    -1.1269 -9.990e-29
 262.951082     -0.030   0.638718    18.0071    -1.7802     -0.030     0.3622    -1.1260 -9.990e-29
 262.951088     -0.028   0.637620    17.9895    -1.7802     -0.028     0.3617    -1.1231 -9.990e-29
 262.951094     -0.027   0.636098    17.9617    -1.7805     -0.027     0.3611    -1.1185 -9.990e-29
 262.951100     -0.025   0.634337    17.9360    -1.7807     -0.025     0.3602    -1.1144 -9.990e-29
 262.951105     -0.022   0.632757    17.9235    -1.7805     -0.022     0.3594    -1.1127 -9.990e-29
 262.951111     -0.019   0.632017    17.9205    -1.7806     -0.019     0.3590    -1.1124 -9.990e-29
 262.951117     -0.015   0.632054    17.9187    -1.7813     -0.015     0.3590    -1.1121 -9.990e-29
 262.951123     -0.010   0.632365    17.9150    -1.7822     -0.010     0.3593    -1.1112 -9.990e-29
 262.951128     -0.004   0.632627    17.9110    -1.7829     -0.004     0.3594    -1.1104 -9.990e-29
 262.951134     -0.000   0.632633    17.9085    -1.7833     -0.000     0.3595    -1.1099 -9.990e-29
 262.951140     -0.003   0.632208    17.9060    -1.7831     -0.003     0.3592    -1.1096 -9.990e-29
 262.951146     -0.009   0.631336    17.9023    -1.7825     -0.009     0.3588    -1.1093 -9.990e-29
 262.951152     -0.013   0.630515    17.8989    -1.7818     -0.013     0.3583    -1.1090 -9.990e-29
 262.951157     -0.016   0.630312    17.8958    -1.7809     -0.016     0.3582    -1.1085 -9.990e-29
 262.951163     -0.018   0.630457    17.8887    -1.7803     -0.018     0.3584    -1.1071 -9.990e-29
 262.951169     -0.019   0.630033    17.8747    -1.7800     -0.019     0.3582    -1.1046 -9.990e-29
 262.951175     -0.019   0.629029    17.8567    -1.7801     -0.019     0.3578    -1.1016 -9.990e-29
 262.951181     -0.019   0.628321    17.8410    -1.7797     -0.019     0.3575    -1.0989 -9.990e-29
 262.951186     -0.018   0.628073    17.8333    -1.7794     -0.018     0.3574    -1.0976 -9.990e-29
 262.951192     -0.016   0.627954    17.8366    -1.7791     -0.016     0.3573    -1.0983 -9.990e-29
 262.951198     -0.013   0.627805    17.8492    -1.7790     -0.013     0.3571    -1.1007 -9.990e-29
 262.951204     -0.009   0.627426    17.8672    -1.7792     -0.009     0.3568    -1.1043 -9.990e-29
 262.951209     -0.004   0.626865    17.8863    -1.7792     -0.004     0.3563    -1.1082 -9.990e-29
 262.951215     -0.001   0.626481    17.9017    -1.7795     -0.001     0.3559    -1.1113 -9.990e-29
 262.951221     -0.005   0.626317    17.9113    -1.7802     -0.005     0.3557    -1.1133 -9.990e-29
 262.951227     -0.012   0.626153    17.9180    -1.7821     -0.012     0.3556    -1.1146 -9.990e-29
 262.951233     -0.017   0.625770    17.9254    -1.7831     -0.017     0.3553    -1.1162 -9.990e-29
 262.951238     -0.022   0.625210    17.9332    -1.7836     -0.022     0.3549    -1.1179 -9.990e-29
 262.951244     -0.026   0.624833    17.9389    -1.7833     -0.026     0.3546    -1.1192 -9.990e-29
 262.951250     -0.030   0.624690    17.9407    -1.7827     -0.030     0.3546    -1.1196 -9.990e-29
 262.951256     -0.033   0.624591    17.9388    -1.7824     -0.033     0.3545    -1.1193 -9.990e-29
 262.951262     -0.037   0.624401    17.9333    -1.7817     -0.037     0.3544    -1.1183 -9.990e-29
 262.951267     -0.041   0.623867    17.9209    -1.7811     -0.041     0.3542    -1.1162 -9.990e-29
 262.951273     -0.045   0.622831    17.8972    -1.7808     -0.045     0.3538    -1.1121 -9.990e-29
 262.951279     -0.051   0.621575    17.8663    -1.7807     -0.051     0.3533    -1.1068 -9.990e-29
 262.951285     -0.058   0.620638    17.8405    -1.7807     -0.058     0.3530    -1.1023 -9.990e-29
 262.951291     -0.066   0.620429    17.8283    -1.7809     -0.065     0.3530    -1.1001 -9.990e-29
 262.951296     -0.077   0.620670    17.8299    -1.7811     -0.076     0.3531    -1.1003 -9.990e-29
 262.951302     -0.086   0.620574    17.8396    -1.7811     -0.085     0.3530    -1.1022 -9.990e-29
 262.951308     -0.090   0.620013    17.8524    -1.7807     -0.089     0.3525    -1.1049 -9.990e-29
 262.951314     -0.090   0.619345    17.8670    -1.7802     -0.089     0.3520    -1.1079 -9.990e-29
