data/oxygen options/OCNMS/OCNMS1/raw_data/2022/CAST_MB015_220922faed.cnv
* Sea-Bird SBE 19 Data File:
* FileName = C:\2022 Mooring Data\Casts\CAST_MB015_220922.hex
* Software Version SeatermAF 2.1.2
* Temperature SN = 2997
* Conductivity SN = 2997
* System UpLoad Time = Sep 22 2022 19:13:41 (localtime) = Sep 22 2022 19:13:41 (UTC)
** CAST_MB015_220922
* ds
# nquan = 9                                 
# nvalues = 853                         
# units = specified
# name 0 = timeJ: Julian Days
# name 1 = prSM: Pressure, Strain Gauge [db]
# name 2 = c0mS/cm: Conductivity [mS/cm]
# name 3 = t090C: Temperature [ITS-90, deg C]
# name 4 = sbeox0ML/L: Oxygen, SBE 43 [ml/l]
# name 5 = depSM: Depth [salt water, m], lat = 47.5
# name 6 = sal00: Salinity, Practical [PSU]
# name 7 = sigma-é00: Density [sigma-theta, kg/m^3]
# name 8 = flag: flag
# span 0 = 265.780567, 265.785498       
# span 1 =     -6.009,      9.086       
# span 2 =   0.402409,  37.551254       
# span 3 =    10.5431,    16.1649       
# span 4 =    -1.8872,    13.4383       
# span 5 =     -5.959,      9.010       
# span 6 =     0.2372,    32.8340       
# span 7 =    -0.8517,    25.1160       
# span 8 = 0.0000e+00, 0.0000e+00       
# interval = seconds: 0.5
# start_time = Sep 22 2022 18:44:01 [Instrument's time stamp, header]
# bad_flag = -9.990e-29
*END*
[from data line 641]
 265.784277      0.421  36.877774    11.5566     5.6220      0.417    32.3543    24.6165 -9.990e-29
 265.784282      0.423  36.885838    11.5841     5.6211      0.419    32.3382    24.5989 -9.990e-29
 265.784288      0.436  36.900514    11.6223     5.6050      0.432    32.3192    24.5772 -9.990e-29
 265.784294      0.454  36.921760    11.6540     5.6150      0.450    32.3122    24.5660 -9.990e-29
 265.784300      0.468  36.938125    11.6790     5.6032      0.464    32.3064    24.5569 -9.990e-29
 265.784306      0.480  36.950143    11.6992     5.5275      0.476    32.3005    24.5486 -9.990e-29
 265.784311      0.490  36.960394    11.7042     5.5632      0.486    32.3061    24.5521 -9.990e-29
 265.784317      0.499  36.957334    11.6892     5.5600      0.495    32.3161    24.5626 -9.990e-29
 265.784323      0.507  36.929043    11.6707     5.5625      0.503    32.3047    24.5572 -9.990e-29
 265.784329      0.515  36.904479    11.6650     5.5724      0.511    32.2858    24.5435 -9.990e-29
 265.784334      0.524  36.908603    11.6608     5.5087      0.520    32.2934    24.5502 -9.990e-29
 265.784340      0.529  36.906003    11.6366     5.5727      0.525    32.3120    24.5690 -9.990e-29
 265.784346      0.527  36.880326    11.5989     5.6083      0.523    32.3198    24.5820 -9.990e-29
 265.784352      0.522  36.852808    11.5754     5.6252      0.518    32.3135    24.5813 -9.990e-29
 265.784358      0.518  36.842788    11.5751     5.6571      0.514    32.3040    24.5740 -9.990e-29
 265.784363      0.515  36.860431    11.5818     5.6437      0.511    32.3154    24.5816 -9.990e-29
 265.784369      0.512  36.884990    11.5870     5.6384      0.508    32.3348    24.5958 -9.990e-29
 265.784375      0.509  36.902703    11.5994     5.6348      0.505    32.3412    24.5985 -9.990e-29
 265.784381      0.507  36.922061    11.6215     5.6271      0.503    32.3408    24.5942 -9.990e-29
 265.784387      0.504  36.940295    11.6407     5.6514      0.500    32.3418    24.5915 -9.990e-29
 265.784392      0.501  36.950341    11.6480     5.6640      0.497    32.3452    24.5928 -9.990e-29
 265.784398      0.498  36.952149    11.6519     5.6674      0.494    32.3436    24.5908 -9.990e-29
 265.784404      0.494  36.953178    11.6642     5.6729      0.490    32.3339    24.5810 -9.990e-29
 265.784410      0.489  36.961523    11.6817     5.6593      0.485    32.3268    24.5723 -9.990e-29
 265.784416      0.482  36.972060    11.6951     5.6576      0.478    32.3253    24.5687 -9.990e-29
 265.784421      0.475  36.980909    11.7043     5.6592      0.471    32.3259    24.5675 -9.990e-29
 265.784427      0.469  36.991465    11.7120     5.6560      0.465    32.3295    24.5688 -9.990e-29
 265.784433      0.469  36.999316    11.7161     5.6635      0.465    32.3336    24.5712 -9.990e-29
 265.784439      0.471  37.000922    11.7153     5.6540      0.467    32.3358    24.5731 -9.990e-29
 265.784444      0.471  36.997307    11.7132     5.6633      0.467    32.3341    24.5722 -9.990e-29
 265.784450      0.469  36.991494    11.7149     5.6578      0.465    32.3270    24.5664 -9.990e-29
 265.784456      0.468  36.989181    11.7243     5.6539      0.464    32.3166    24.5565 -9.990e-29
 265.784462      0.474  36.992326    11.7414     5.6761      0.470    32.3047    24.5442 -9.990e-29
 265.784468      0.481  36.998395    11.7591     5.6687      0.477    32.2952    24.5336 -9.990e-29
 265.784473      0.487  37.007638    11.7677     5.6712      0.483    32.2967    24.5332 -9.990e-29
 265.784479      0.492  37.016131    11.7634     5.6601      0.488    32.3087    24.5433 -9.990e-29
 265.784485      0.495  37.016150    11.7538     5.6518      0.491    32.3171    24.5515 -9.990e-29
 265.784491      0.498  37.012205    11.7478     5.5986      0.494    32.3185    24.5537 -9.990e-29
 265.784497      0.500  37.008001    11.7457     5.6271      0.496    32.3162    24.5524 -9.990e-29
 265.784502      0.502  37.002412    11.7458     5.6463      0.498    32.3107    24.5481 -9.990e-29
 265.784508      0.503  36.999192    11.7468     5.6472      0.499    32.3067    24.5448 -9.990e-29
 265.784514      0.504  36.998529    11.7461     5.6643      0.500    32.3067    24.5449 -9.990e-29
 265.784520      0.504  36.994497    11.7432     5.6104      0.500    32.3053    24.5443 -9.990e-29
 265.784525      0.505  36.989004    11.7384     5.6275      0.501    32.3041    24.5443 -9.990e-29
 265.784531      0.505  36.985931    11.7309     5.6250      0.501    32.3076    24.5484 -9.990e-29
 265.784537      0.504  36.983982    11.7251     5.6019      0.500    32.3108    24.5519 -9.990e-29
 265.784543      0.504  36.986723    11.7268     5.6021      0.500    32.3120    24.5525 -9.990e-29
 265.784549      0.504  36.992203    11.7333     5.5607      0.500    32.3117    24.5511 -9.990e-29
 265.784554      0.503  36.997080    11.7370     5.5655      0.499    32.3132    24.5516 -9.990e-29
 265.784560      0.502  36.998890    11.7318     5.5744      0.498    32.3195    24.5574 -9.990e-29
 265.784566      0.500  36.987722    11.7105     5.5752      0.496    32.3271    24.5673 -9.990e-29
 265.784572      0.498  36.953167    11.6711     5.5882      0.494    32.3279    24.5751 -9.990e-29
 265.784578      0.496  36.901266    11.6374     5.5810      0.492    32.3067    24.5648 -9.990e-29
 265.784583      0.492  36.869277    11.6343     5.5799      0.488    32.2782    24.5432 -9.990e-29
 265.784589      0.487  36.884019    11.6470     5.5776      0.483    32.2815    24.5435 -9.990e-29
 265.784595      0.482  36.915831    11.6507     5.5832      0.478    32.3093    24.5644 -9.990e-29
 265.784601      0.478  36.930924    11.6429     5.5716      0.474    32.3308    24.5825 -9.990e-29
 265.784606      0.482  36.927014    11.6293     5.5579      0.478    32.3388    24.5912 -9.990e-29
 265.784612      0.488  36.907852    11.6183     5.5614      0.484    32.3298    24.5862 -9.990e-29
 265.784618      0.492  36.890473    11.6166     5.5353      0.488    32.3143    24.5745 -9.990e-29
 265.784624      0.496  36.890926    11.6231     5.5373      0.492    32.3091    24.5692 -9.990e-29
 265.784630      0.498  36.900846    11.6258     5.5360      0.494    32.3164    24.5744 -9.990e-29
 265.784635      0.501  36.899278    11.6045     5.5435      0.497    32.3334    24.5915 -9.990e-29
 265.784641      0.502  36.876290    11.5550     5.5524      0.498    32.3542    24.6167 -9.990e-29
 265.784647      0.504  36.840456    11.5072     5.5558      0.500    32.3610    24.6306 -9.990e-29
 265.784653      0.505  36.815717    11.4895     5.5688      0.501    32.3523    24.6271 -9.990e-29
 265.784659      0.506  36.818945    11.4933     5.5799      0.502    32.3522    24.6263 -9.990e-29
 265.784664      0.506  36.835383    11.4999     5.6182      0.502    32.3625    24.6331 -9.990e-29
 265.784670      0.507  36.846601    11.5073     5.6322      0.503    32.3670    24.6352 -9.990e-29
 265.784676      0.508  36.854673    11.5188     5.6174      0.504    32.3648    24.6314 -9.990e-29
 265.784682      0.508  36.864759    11.5368     5.6505      0.504    32.3589    24.6236 -9.990e-29
 265.784688      0.509  36.875738    11.5646     5.6723      0.505    32.3453    24.6080 -9.990e-29
 265.784693      0.509  36.892163    11.5993     5.6804      0.505    32.3310    24.5906 -9.990e-29
 265.784699      0.510  36.921929    11.6372     5.6809      0.506    32.3270    24.5806 -9.990e-29
 265.784705      0.511  36.962142    11.6756     5.6258      0.507    32.3327    24.5780 -9.990e-29
 265.784711      0.512  36.994142    11.7036     5.6539      0.508    32.3394    24.5781 -9.990e-29
 265.784716      0.513  37.001203    11.7158     5.6596      0.509    32.3356    24.5729 -9.990e-29
 265.784722      0.515  36.992748    11.7222     5.6619      0.511    32.3218    24.5610 -9.990e-29
 265.784728      0.517  36.989449    11.7289     5.6774      0.513    32.3128    24.5528 -9.990e-29
 265.784734      0.520  36.995313    11.7322     5.6522      0.516    32.3156    24.5544 -9.990e-29
 265.784740      0.523  36.997988    11.7308     5.6571      0.519    32.3194    24.5576 -9.990e-29
 265.784745      0.527  36.991513    11.7298     5.6542      0.523    32.3140    24.5536 -9.990e-29
 265.784751      0.533  36.985749    11.7305     5.6620      0.529    32.3078    24.5486 -9.990e-29
 265.784757      0.540  36.984774    11.7310     5.6667      0.535    32.3064    24.5474 -9.990e-29
 265.784763      0.549  36.987102    11.7326     5.6765      0.544    32.3073    24.5478 -9.990e-29
 265.784769      0.561  36.992478    11.7360     5.6760      0.556    32.3095    24.5490 -9.990e-29
 265.784774      0.576  36.998369    11.7397     5.6827      0.571    32.3120    24.5502 -9.990e-29
 265.784780      0.595  37.003118    11.7412     5.6958      0.590    32.3153    24.5525 -9.990e-29
 265.784786      0.620  37.006166    11.7417     5.6891      0.615    32.3179    24.5544 -9.990e-29
 265.784792      0.648  37.008230    11.7448     5.6733      0.643    32.3172    24.5533 -9.990e-29
 265.784797      0.676  37.010397    11.7513     5.6199      0.670    32.3136    24.5493 -9.990e-29
 265.784803      0.710  37.013888    11.7583     5.5725      0.704    32.3109    24.5459 -9.990e-29
 265.784809      0.757  37.019452    11.7640     5.5131      0.751    32.3113    24.5452 -9.990e-29
 265.784815      0.820  37.023318    11.7658     5.4502      0.813    32.3135    24.5465 -9.990e-29
 265.784821      0.899  37.019452    11.7534     5.3833      0.891    32.3205    24.5543 -9.990e-29
 265.784826      0.994  37.003276    11.7065     5.3302      0.986    32.3455    24.5823 -9.990e-29
 265.784832      1.116  36.959962    11.6097     5.3066      1.107    32.3878    24.6328 -9.990e-29
 265.784838      1.272  36.882206    11.4831     5.2824      1.261    32.4226    24.6829 0.0000e+00
 265.784844      1.459  36.795218    11.3702     5.2754      1.447    32.4365    24.7140 0.0000e+00
 265.784850      1.673  36.728137    11.2842     5.2836      1.659    32.4461    24.7370 0.0000e+00
 265.784855      1.909  36.686767    11.2078     5.2703      1.893    32.4727    24.7712 0.0000e+00
 265.784861      2.162  36.656845    11.1385     5.2757      2.144    32.5042    24.8081 0.0000e+00
 265.784867      2.425  36.629292    11.0905     5.2634      2.405    32.5194    24.8284 0.0000e+00
 265.784873      2.699  36.612758    11.0679     5.2453      2.676    32.5229    24.8352 0.0000e+00
 265.784878      2.976  36.610415    11.0604     5.2333      2.951    32.5271    24.8398 0.0000e+00
 265.784884      3.247  36.614101    11.0537     5.1945      3.220    32.5366    24.8483 0.0000e+00
 265.784890      3.517  36.615853    11.0398     5.1252      3.488    32.5505    24.8616 0.0000e+00
 265.784896      3.794  36.616904    11.0199     5.1396      3.762    32.5691    24.8796 0.0000e+00
 265.784902      4.083  36.622589    10.9978     5.1264      4.049    32.5942    24.9031 0.0000e+00
 265.784907      4.377  36.628736    10.9734     5.1007      4.340    32.6219    24.9289 0.0000e+00
 265.784913      4.665  36.627859    10.9486     5.0701      4.626    32.6429    24.9497 0.0000e+00
 265.784919      4.939  36.621042    10.9299     4.9728      4.898    32.6527    24.9606 0.0000e+00
 265.784925      5.195  36.613771    10.9146     4.9614      5.152    32.6590    24.9682 0.0000e+00
 265.784931      5.441  36.603087    10.8909     4.9345      5.396    32.6694    24.9804 0.0000e+00
 265.784936      5.688  36.582039    10.8523     4.9179      5.640    32.6829    24.9977 0.0000e+00
 265.784942      5.935  36.553393    10.8094     4.8845      5.885    32.6926    25.0127 0.0000e+00
 265.784948      6.173  36.529955    10.7820     4.8466      6.121    32.6937    25.0184 0.0000e+00
 265.784954      6.393  36.519140    10.7692     4.8060      6.340    32.6942    25.0210 0.0000e+00
 265.784959      6.599  36.513256    10.7530     4.7873      6.544    32.7028    25.0305 0.0000e+00
 265.784965      6.798  36.499985    10.7251     4.7645      6.741    32.7144    25.0444 0.0000e+00
 265.784971      7.000  36.475092    10.6887     4.7625      6.941    32.7221    25.0568 0.0000e+00
 265.784977      7.203  36.446864    10.6534     4.7419      7.143    32.7255    25.0655 0.0000e+00
 265.784983      7.404  36.426979    10.6301     4.7192      7.342    32.7264    25.0703 0.0000e+00
 265.784988      7.599  36.417505    10.6177     4.6916      7.535    32.7280    25.0737 0.0000e+00
 265.784994      7.787  36.411419    10.6078     4.6929      7.722    32.7307    25.0775 0.0000e+00
 265.785000      7.971  36.405660    10.5952     4.6837      7.904    32.7362    25.0839 0.0000e+00
 265.785006      8.150  36.400409    10.5793     4.6917      8.082    32.7452    25.0936 0.0000e+00
 265.785012      8.323  36.394839    10.5666     4.6857      8.253    32.7509    25.1003 0.0000e+00
 265.785017      8.488  36.393303    10.5614     4.6957      8.417    32.7540    25.1036 0.0000e+00
 265.785023      8.639  36.395445    10.5601     4.6823      8.567    32.7572    25.1064 0.0000e+00
 265.785029      8.771  36.395728    10.5581     4.6796      8.698    32.7592    25.1083 -9.990e-29
 265.785035      8.886  36.393421    10.5552     4.6691      8.812    32.7595    25.1090 -9.990e-29
 265.785041      8.982  36.390507    10.5530     4.6801      8.907    32.7585    25.1086 -9.990e-29
 265.785046      9.051  36.389279    10.5510     4.6711      8.975    32.7591    25.1094 -9.990e-29
 265.785052      9.086  36.388112    10.5475     4.6871      9.010    32.7610    25.1115 -9.990e-29
 265.785058      9.080  36.384342    10.5439     4.6982      9.004    32.7605    25.1117 -9.990e-29
 265.785064      9.025  36.383604    10.5431     4.7195      8.949    32.7605    25.1118 -9.990e-29
 265.785069      8.917  36.388851    10.5448     4.7232      8.842    32.7643    25.1145 -9.990e-29
 265.785075      8.761  36.394205    10.5479     4.6660      8.688    32.7669    25.1160 0.0000e+00
 265.785081      8.569  36.397297    10.5513     4.7126      8.497    32.7670    25.1155 0.0000e+00
 265.785087      8.355  36.398904    10.5537     4.7567      8.285    32.7666    25.1147 0.0000e+00
 265.785093      8.127  36.399506    10.5551     4.8132      8.059    32.7660    25.1141 0.0000e+00
 265.785098      7.886  36.398803    10.5577     4.8840      7.820    32.7631    25.1113 0.0000e+00
 265.785104      7.636  36.397556    10.5646     4.8808      7.572    32.7557    25.1044 0.0000e+00
 265.785110      7.377  36.398599    10.5810     4.9644      7.315    32.7421    25.0910 0.0000e+00
 265.785116      7.105  36.404460    10.6117     5.0172      7.046    32.7206    25.0689 0.0000e+00
 265.785122      6.816  36.416808    10.6529     5.0671      6.759    32.6961    25.0427 0.0000e+00
 265.785127      6.517  36.433636    10.6967     5.0808      6.463    32.6738    25.0177 0.0000e+00
 265.785133      6.215  36.453873    10.7400     5.0808      6.163    32.6554    24.9959 0.0000e+00
 265.785139      5.913  36.478752    10.7823     5.0981      5.864    32.6425    24.9785 0.0000e+00
 265.785145      5.620  36.506734    10.8154     5.1405      5.573    32.6410    24.9715 0.0000e+00
 265.785150      5.340  36.529766    10.8308     5.1915      5.295    32.6502    24.9760 0.0000e+00
 265.785156      5.064  36.539363    10.8372     5.2397      5.022    32.6542    24.9780 0.0000e+00
 265.785162      4.786  36.542179    10.8573     5.2581      4.746    32.6392    24.9628 0.0000e+00
 265.785168      4.507  36.551514    10.8987     5.2810      4.469    32.6117    24.9341 0.0000e+00
 265.785174      4.225  36.566940    10.9439     5.2874      4.190    32.5869    24.9069 0.0000e+00
 265.785179      3.943  36.580469    10.9775     5.2857      3.910    32.5706    24.8883 0.0000e+00
 265.785185      3.671  36.590555    10.9960     5.2797      3.640    32.5643    24.8801 0.0000e+00
 265.785191      3.412  36.596667    11.0031     5.3009      3.383    32.5641    24.8787 0.0000e+00
