data/oxygen options/OCNMS/OCNMS1/raw_data/2022/CAST_CE042_220919faed.cnv
* Sea-Bird SBE 19 Data File:
* FileName = C:\2022 Mooring Data\Casts\CAST_CE042_220919.hex
* Software Version SeatermAF 2.1.2
* Temperature SN = 2997
* Conductivity SN = 2997
* System UpLoad Time = Sep 19 2022 20:02:10 (localtime) = Sep 19 2022 20:02:10 (UTC)
** CAST_CE042_220919
* ds
# nquan = 9                                 
# nvalues = 1546                        
# units = specified
# name 0 = timeJ: Julian Days
# name 1 = prSM: Pressure, Strain Gauge [db]
# name 2 = c0mS/cm: Conductivity [mS/cm]
# name 3 = t090C: Temperature [ITS-90, deg C]
# name 4 = sbeox0ML/L: Oxygen, SBE 43 [ml/l]
# name 5 = depSM: Depth [salt water, m], lat = 47.5
# name 6 = sal00: Salinity, Practical [PSU]
# name 7 = sigma-é00: Density [sigma-theta, kg/m^3]
# name 8 = flag: flag
# span 0 = 262.795856, 262.804797       
# span 1 =     -5.696,     42.816       
# span 2 =   0.007233,  39.766860       
# span 3 =     7.7527,    17.7731       
# span 4 =    -1.8662,    14.9015       
# span 5 =     -5.649,     42.454       
# span 6 =     0.0105,    33.6309       
# span 7 =    -1.3530,    26.2349       
# span 8 = 0.0000e+00, 0.0000e+00       
# interval = seconds: 0.5
# start_time = Sep 19 2022 19:06:02 [Instrument's time stamp, header]
# bad_flag = -9.990e-29
*END*
[from data line 1121]
 262.802344     10.134  37.617331    12.0729     3.6823     10.049    32.6169    24.7254 0.0000e+00
 262.802350     10.412  37.516084    12.0318     3.5123     10.325    32.5549    24.6850 0.0000e+00
 262.802355     10.670  37.524507    11.9897     3.4541     10.581    32.5998    24.7276 0.0000e+00
 262.802361     10.910  37.472709    11.8266     3.3673     10.819    32.6925    24.8298 0.0000e+00
 262.802367     11.140  37.311667    11.5409     3.3079     11.047    32.7876    24.9562 0.0000e+00
 262.802373     11.366  37.127965    11.2483     3.2055     11.271    32.8672    25.0710 0.0000e+00
 262.802378     11.593  36.966166    11.0356     3.0007     11.496    32.8975    25.1325 0.0000e+00
 262.802384     11.824  36.841726    10.8796     2.8896     11.725    32.9139    25.1728 0.0000e+00
 262.802390     12.059  36.727479    10.7354     2.7190     11.958    32.9298    25.2105 0.0000e+00
 262.802396     12.301  36.600343    10.5963     2.5496     12.198    32.9281    25.2333 0.0000e+00
 262.802402     12.548  36.473287    10.4427     2.4219     12.443    32.9395    25.2687 0.0000e+00
 262.802407     12.804  36.334729    10.2338     2.3097     12.697    32.9895    25.3432 0.0000e+00
 262.802413     13.067  36.157191     9.9817     2.2557     12.958    33.0395    25.4247 0.0000e+00
 262.802419     13.328  35.963727     9.7755     2.1903     13.216    33.0313    25.4524 0.0000e+00
 262.802425     13.583  35.832321     9.6745     2.0984     13.469    32.9895    25.4364 0.0000e+00
 262.802431     13.830  35.794283     9.6338     2.0030     13.714    32.9878    25.4417 0.0000e+00
 262.802436     14.069  35.798173     9.5855     1.9296     13.951    33.0362    25.4873 0.0000e+00
 262.802442     14.305  35.784624     9.5162     1.8961     14.185    33.0860    25.5376 0.0000e+00
 262.802448     14.551  35.750011     9.4479     1.8907     14.429    33.1134    25.5700 0.0000e+00
 262.802454     14.803  35.723112     9.3984     1.9321     14.679    33.1314    25.5921 0.0000e+00
 262.802459     15.053  35.713292     9.3694     1.9756     14.927    33.1480    25.6097 0.0000e+00
 262.802465     15.290  35.711803     9.3604     2.0312     15.162    33.1547    25.6164 0.0000e+00
 262.802471     15.513  35.715403     9.3698     2.0539     15.383    33.1496    25.6109 0.0000e+00
 262.802477     15.728  35.732684     9.3857     2.0596     15.596    33.1526    25.6107 0.0000e+00
 262.802483     15.939  35.761355     9.3975     2.0191     15.805    33.1712    25.6233 0.0000e+00
 262.802488     16.151  35.785748     9.4047     1.9816     16.016    33.1895    25.6365 0.0000e+00
 262.802494     16.369  35.799053     9.4093     1.9381     16.232    33.1989    25.6431 0.0000e+00
 262.802500     16.603  35.796482     9.3998     1.9316     16.464    33.2049    25.6494 0.0000e+00
 262.802506     16.863  35.767762     9.3675     1.9328     16.722    33.2052    25.6548 0.0000e+00
 262.802512     17.153  35.723208     9.3306     1.9368     17.009    33.1933    25.6514 0.0000e+00
 262.802517     17.466  35.693475     9.3075     1.9430     17.319    33.1839    25.6478 0.0000e+00
 262.802523     17.778  35.684719     9.2994     1.9506     17.629    33.1822    25.6478 0.0000e+00
 262.802529     18.064  35.686809     9.3036     1.9512     17.912    33.1804    25.6456 0.0000e+00
 262.802535     18.306  35.699040     9.3156     1.9639     18.152    33.1818    25.6448 0.0000e+00
 262.802541     18.507  35.714065     9.3289     1.9547     18.352    33.1848    25.6451 0.0000e+00
 262.802546     18.685  35.721547     9.3385     1.9755     18.528    33.1836    25.6425 0.0000e+00
 262.802552     18.854  35.720695     9.3404     1.9771     18.696    33.1809    25.6401 0.0000e+00
 262.802558     19.026  35.715856     9.3383     1.9808     18.866    33.1777    25.6380 0.0000e+00
 262.802564     19.202  35.713337     9.3411     1.9197     19.041    33.1724    25.6334 0.0000e+00
 262.802569     19.382  35.716938     9.3454     1.9388     19.219    33.1721    25.6325 0.0000e+00
 262.802575     19.577  35.719570     9.3391     1.9247     19.413    33.1806    25.6401 0.0000e+00
 262.802581     19.803  35.709494     9.3174     1.8781     19.637    33.1902    25.6511 0.0000e+00
 262.802587     20.070  35.687719     9.2884     1.8173     19.902    33.1945    25.6592 0.0000e+00
 262.802593     20.383  35.666540     9.2609     1.6638     20.212    33.1981    25.6663 0.0000e+00
 262.802598     20.736  35.648396     9.2303     1.6304     20.562    33.2076    25.6787 0.0000e+00
 262.802604     21.113  35.622970     9.1933     1.6123     20.936    33.2155    25.6908 0.0000e+00
 262.802610     21.499  35.591519     9.1568     1.6406     21.318    33.2167    25.6975 0.0000e+00
 262.802616     21.876  35.564632     9.1254     1.6806     21.692    33.2179    25.7034 0.0000e+00
 262.802622     22.216  35.542737     9.1032     1.7118     22.029    33.2158    25.7052 0.0000e+00
 262.802627     22.499  35.530677     9.0978     1.7312     22.310    33.2081    25.7001 0.0000e+00
 262.802633     22.713  35.536328     9.1126     1.7460     22.522    33.2001    25.6915 0.0000e+00
 262.802639     22.858  35.555331     9.1368     1.7338     22.666    33.1972    25.6854 -9.990e-29
 262.802645     22.956  35.575927     9.1540     1.7144     22.763    33.2025    25.6869 -9.990e-29
 262.802650     23.044  35.587925     9.1592     1.6731     22.850    33.2101    25.6919 -9.990e-29
 262.802656     23.161  35.589841     9.1528     1.6381     22.966    33.2180    25.6991 -9.990e-29
 262.802662     23.336  35.581873     9.1353     1.5911     23.140    33.2259    25.7082 0.0000e+00
 262.802668     23.577  35.565037     9.1123     1.5399     23.379    33.2298    25.7148 0.0000e+00
 262.802674     23.876  35.547009     9.0909     1.4823     23.675    33.2309    25.7191 0.0000e+00
 262.802679     24.219  35.533314     9.0691     1.4291     24.015    33.2369    25.7272 0.0000e+00
 262.802685     24.585  35.514523     9.0362     1.3513     24.378    33.2479    25.7410 0.0000e+00
 262.802691     24.958  35.482817     8.9907     1.3079     24.748    33.2573    25.7555 0.0000e+00
 262.802697     25.328  35.449570     8.9391     1.2794     25.115    33.2708    25.7741 0.0000e+00
 262.802703     25.684  35.420179     8.8869     1.3196     25.468    33.2889    25.7965 0.0000e+00
 262.802708     26.015  35.386691     8.8406     1.3850     25.796    33.2972    25.8102 0.0000e+00
 262.802714     26.308  35.349136     8.8209     1.4556     26.087    33.2762    25.7969 0.0000e+00
 262.802720     26.555  35.329568     8.8538     1.5285     26.332    33.2248    25.7515 0.0000e+00
 262.802726     26.760  35.347696     8.9256     1.5753     26.535    33.1765    25.7025 0.0000e+00
 262.802731     26.930  35.389468     8.9878     1.5866     26.704    33.1618    25.6813 0.0000e+00
 262.802737     27.086  35.431480     9.0167     1.5674     26.858    33.1786    25.6898 0.0000e+00
 262.802743     27.250  35.464099     9.0224     1.5183     27.021    33.2071    25.7113 0.0000e+00
 262.802749     27.433  35.483093     9.0192     1.3660     27.202    33.2298    25.7295 0.0000e+00
 262.802755     27.638  35.487898     9.0108     1.2618     27.405    33.2425    25.7409 0.0000e+00
 262.802760     27.869  35.482553     8.9898     1.1586     27.635    33.2565    25.7551 0.0000e+00
 262.802766     28.127  35.464288     8.9428     1.0822     27.890    33.2814    25.7819 0.0000e+00
 262.802772     28.409  35.423192     8.8556     1.0844     28.170    33.3201    25.8259 0.0000e+00
 262.802778     28.702  35.340195     8.7460     1.0257     28.460    33.3362    25.8554 0.0000e+00
 262.802784     28.990  35.231667     8.6732     1.0489     28.746    33.2907    25.8310 0.0000e+00
 262.802789     29.262  35.175712     8.6615     1.0248     29.016    33.2429    25.7953 0.0000e+00
 262.802795     29.518  35.188884     8.6755     0.9771     29.270    33.2434    25.7936 0.0000e+00
 262.802801     29.769  35.211866     8.6719     0.9248     29.518    33.2708    25.8156 0.0000e+00
 262.802807     30.033  35.214682     8.6030     0.8437     29.780    33.3386    25.8793 0.0000e+00
 262.802813     30.317  35.163998     8.4724     0.8162     30.062    33.4086    25.9541 0.0000e+00
 262.802818     30.613  35.051496     8.3520     0.7893     30.355    33.4037    25.9684 0.0000e+00
 262.802824     30.906  34.945506     8.2635     0.7973     30.646    33.3753    25.9594 0.0000e+00
 262.802830     31.185  34.881592     8.1819     0.8086     30.922    33.3848    25.9791 0.0000e+00
 262.802836     31.447  34.841116     8.1047     0.8345     31.182    33.4152    26.0143 0.0000e+00
 262.802841     31.690  34.814850     8.0506     0.8625     31.423    33.4387    26.0407 0.0000e+00
 262.802847     31.913  34.802421     8.0379     0.8982     31.644    33.4374    26.0416 0.0000e+00
 262.802853     32.117  34.806801     8.0676     0.9004     31.846    33.4137    26.0186 0.0000e+00
 262.802859     32.307  34.833234     8.1305     0.8982     32.035    33.3818    25.9843 0.0000e+00
 262.802865     32.491  34.876600     8.1971     0.8523     32.217    33.3644    25.9608 0.0000e+00
 262.802870     32.684  34.914039     8.2238     0.8002     32.409    33.3787    25.9681 0.0000e+00
 262.802876     32.903  34.922635     8.1916     0.7467     32.626    33.4184    26.0040 0.0000e+00
 262.802882     33.154  34.902073     8.1101     0.7071     32.875    33.4742    26.0598 0.0000e+00
 262.802888     33.431  34.857966     8.0077     0.6818     33.149    33.5249    26.1148 0.0000e+00
 262.802894     33.725  34.802047     7.9212     0.6713     33.441    33.5480    26.1456 0.0000e+00
 262.802899     34.026  34.760541     7.8705     0.6694     33.739    33.5521    26.1562 0.0000e+00
 262.802905     34.319  34.741917     7.8514     0.6778     34.030    33.5503    26.1576 0.0000e+00
 262.802911     34.592  34.735860     7.8519     0.6907     34.300    33.5432    26.1519 0.0000e+00
 262.802917     34.841  34.735378     7.8629     0.7036     34.547    33.5320    26.1415 0.0000e+00
 262.802922     35.070  34.736998     7.8717     0.7309     34.774    33.5252    26.1349 0.0000e+00
 262.802928     35.284  34.737810     7.8714     0.7453     34.987    33.5262    26.1358 0.0000e+00
 262.802934     35.484  34.739993     7.8760     0.7223     35.185    33.5241    26.1334 0.0000e+00
 262.802940     35.669  34.752034     7.8931     0.7078     35.368    33.5204    26.1281 0.0000e+00
 262.802946     35.848  34.772032     7.9060     0.6850     35.546    33.5294    26.1332 0.0000e+00
 262.802951     36.032  34.784053     7.9038     0.6477     35.728    33.5443    26.1453 0.0000e+00
 262.802957     36.237  34.780015     7.8884     0.6395     35.931    33.5547    26.1556 0.0000e+00
 262.802963     36.475  34.764035     7.8609     0.5688     36.167    33.5639    26.1669 0.0000e+00
 262.802969     36.740  34.746146     7.8317     0.6106     36.430    33.5726    26.1780 0.0000e+00
 262.802975     37.012  34.735514     7.8143     0.6211     36.700    33.5779    26.1846 0.0000e+00
 262.802980     37.264  34.733050     7.8104     0.6336     36.950    33.5788    26.1860 0.0000e+00
 262.802986     37.482  34.735995     7.8124     0.6337     37.166    33.5800    26.1866 0.0000e+00
 262.802992     37.676  34.739841     7.8126     0.5878     37.358    33.5838    26.1896 0.0000e+00
 262.802998     37.871  34.739045     7.8097     0.5712     37.551    33.5857    26.1914 0.0000e+00
 262.803003     38.093  34.734202     7.8047     0.5587     37.772    33.5852    26.1918 0.0000e+00
 262.803009     38.351  34.730033     7.7977     0.5484     38.027    33.5873    26.1945 0.0000e+00
 262.803015     38.635  34.728231     7.7889     0.5526     38.309    33.5937    26.2008 0.0000e+00
 262.803021     38.931  34.728044     7.7803     0.5340     38.602    33.6017    26.2083 0.0000e+00
 262.803027     39.222  34.728633     7.7751     0.5403     38.891    33.6072    26.2134 0.0000e+00
 262.803032     39.496  34.729630     7.7737     0.5299     39.163    33.6095    26.2154 0.0000e+00
 262.803038     39.751  34.731216     7.7740     0.5278     39.415    33.6108    26.2164 0.0000e+00
 262.803044     39.989  34.732673     7.7747     0.5341     39.651    33.6115    26.2169 0.0000e+00
 262.803050     40.217  34.732556     7.7749     0.5299     39.877    33.6111    26.2165 0.0000e+00
 262.803056     40.437  34.731241     7.7727     0.5342     40.096    33.6117    26.2173 0.0000e+00
 262.803061     40.649  34.730309     7.7677     0.5217     40.306    33.6154    26.2209 0.0000e+00
 262.803067     40.859  34.730168     7.7622     0.5239     40.514    33.6205    26.2257 0.0000e+00
 262.803073     41.071  34.730043     7.7583     0.5135     40.724    33.6240    26.2291 0.0000e+00
 262.803079     41.287  34.729737     7.7563     0.5343     40.938    33.6255    26.2305 0.0000e+00
 262.803084     41.497  34.729936     7.7559     0.5218     41.147    33.6260    26.2310 0.0000e+00
 262.803090     41.699  34.731435     7.7564     0.5280     41.347    33.6271    26.2317 0.0000e+00
 262.803096     41.885  34.733961     7.7568     0.5176     41.531    33.6293    26.2334 0.0000e+00
 262.803102     42.043  34.735255     7.7565     0.5196     41.688    33.6309    26.2347 0.0000e+00
 262.803108     42.194  34.734212     7.7553     0.5155     41.838    33.6309    26.2349 0.0000e+00
 262.803113     42.356  34.732215     7.7536     0.5113     41.998    33.6303    26.2347 0.0000e+00
 262.803119     42.520  34.730496     7.7527     0.5092     42.161    33.6292    26.2340 0.0000e+00
 262.803125     42.669  34.729537     7.7529     0.5155     42.309    33.6279    26.2329 -9.990e-29
 262.803131     42.777  34.729707     7.7538     0.5259     42.416    33.6272    26.2322 -9.990e-29
 262.803137     42.816  34.731205     7.7546     0.5279     42.454    33.6280    26.2327 -9.990e-29
 262.803142     42.773  34.733199     7.7550     0.5300     42.412    33.6298    26.2341 -9.990e-29
 262.803148     42.657  34.734396     7.7554     0.4674     42.297    33.6307    26.2348 -9.990e-29
 262.803154     42.487  34.734687     7.7562     0.5028     42.128    33.6304    26.2344 0.0000e+00
 262.803160     42.282  34.734433     7.7572     0.5154     41.925    33.6292    26.2333 0.0000e+00
 262.803166     42.058  34.733273     7.7572     0.5300     41.703    33.6281    26.2324 0.0000e+00
 262.803171     41.828  34.731314     7.7564     0.5383     41.475    33.6269    26.2316 0.0000e+00
 262.803177     41.597  34.729840     7.7559     0.4944     41.246    33.6259    26.2309 0.0000e+00
 262.803183     41.360  34.729661     7.7560     0.5152     41.011    33.6257    26.2307 0.0000e+00
 262.803189     41.106  34.730511     7.7562     0.5319     40.759    33.6265    26.2313 0.0000e+00
 262.803194     40.836  34.731816     7.7566     0.5256     40.491    33.6277    26.2322 0.0000e+00
 262.803200     40.562  34.732491     7.7570     0.5318     40.220    33.6282    26.2325 0.0000e+00
 262.803206     40.298  34.731728     7.7569     0.5192     39.958    33.6276    26.2320 0.0000e+00
 262.803212     40.047  34.730167     7.7566     0.5192     39.709    33.6263    26.2311 0.0000e+00
 262.803218     39.803  34.729062     7.7569     0.5254     39.467    33.6249    26.2299 0.0000e+00
 262.803223     39.550  34.729152     7.7581     0.5212     39.216    33.6240    26.2290 0.0000e+00
 262.803229     39.280  34.729972     7.7594     0.5295     38.948    33.6237    26.2286 0.0000e+00
 262.803235     38.994  34.730346     7.7608     0.5316     38.665    33.6229    26.2278 0.0000e+00
 262.803241     38.693  34.730188     7.7631     0.5399     38.366    33.6207    26.2257 0.0000e+00
 262.803247     38.386  34.729823     7.7660     0.5398     38.062    33.6176    26.2229 0.0000e+00
 262.803252     38.074  34.729299     7.7686     0.5523     37.753    33.6147    26.2202 0.0000e+00
 262.803258     37.759  34.729011     7.7704     0.5542     37.440    33.6128    26.2185 0.0000e+00
