data/oxygen options/OCNMS/OCNMS1/raw_data/2022/CAST_TH042_220524faed.cnv
* Sea-Bird SBE 19 Data File:
* FileName = C:\2022 Mooring Data\Casts\CAST_TH042_220524.hex
* Software Version SeatermAF 2.1.2
* Temperature SN = 2997
* Conductivity SN = 2997
* System UpLoad Time = May 24 2022 19:46:03 (localtime) = May 24 2022 19:46:03 (UTC)
** CAST_TH042_220524
* ds
# nquan = 9                                 
# nvalues = 1082                        
# units = specified
# name 0 = timeJ: Julian Days
# name 1 = prSM: Pressure, Strain Gauge [db]
# name 2 = c0mS/cm: Conductivity [mS/cm]
# name 3 = t090C: Temperature [ITS-90, deg C]
# name 4 = sbeox0ML/L: Oxygen, SBE 43 [ml/l]
# name 5 = depSM: Depth [salt water, m], lat = 47.5
# name 6 = sal00: Salinity, Practical [PSU]
# name 7 = sigma-é00: Density [sigma-theta, kg/m^3]
# name 8 = flag: flag
# span 0 = 144.811447, 144.817703       
# span 1 =     -5.901,     39.757       
# span 2 =   0.142307,  34.472422       
# span 3 =     7.4668,    12.6580       
# span 4 =    -2.0068,    18.3924       
# span 5 =     -5.852,     39.421       
# span 6 =     0.0894,    33.6248       
# span 7 =    -0.5085,    26.2708       
# span 8 = 0.0000e+00, 0.0000e+00       
# interval = seconds: 0.5
# start_time = May 24 2022 19:28:29 [Instrument's time stamp, header]
# bad_flag = -9.990e-29
*END*
[from data line 481]
 144.814230     -0.232  33.230045    11.6390    -1.6989     -0.230    28.7588    21.8109 -9.990e-29
 144.814236     -0.217  33.226093    11.6378    -1.6983     -0.215    28.7560    21.8089 -9.990e-29
 144.814242     -0.201  33.215319    11.6366    -1.6989     -0.199    28.7466    21.8018 -9.990e-29
 144.814248     -0.192  33.209128    11.6360    -1.6991     -0.190    28.7411    21.7977 -9.990e-29
 144.814253     -0.193  33.205437    11.6363    -1.6994     -0.191    28.7373    21.7947 -9.990e-29
 144.814259     -0.204  33.199889    11.6373    -1.6987     -0.202    28.7312    21.7898 -9.990e-29
 144.814265     -0.217  33.196283    11.6377    -1.6988     -0.215    28.7275    21.7868 -9.990e-29
 144.814271     -0.217  33.200444    11.6369    -1.6993     -0.215    28.7321    21.7906 -9.990e-29
 144.814277     -0.199  33.207828    11.6352    -1.6996     -0.197    28.7405    21.7974 -9.990e-29
 144.814282     -0.175  33.205870    11.6335    13.9003     -0.174    28.7399    21.7972 -9.990e-29
 144.814288     -0.155  33.206508    11.6326    18.1702     -0.154    28.7412    21.7984 -9.990e-29
 144.814294     -0.147  33.225700    11.6325    18.3924     -0.146    28.7597    21.8127 -9.990e-29
 144.814300     -0.156  33.241422    11.6328    15.1020     -0.155    28.7745    21.8242 -9.990e-29
 144.814306     -0.176  33.232624    11.6334     8.2214     -0.175    28.7656    21.8172 -9.990e-29
 144.814311     -0.202  33.213886    11.6341     8.2784     -0.200    28.7471    21.8027 -9.990e-29
 144.814317     -0.221  33.205577    11.6346     8.5311     -0.219    28.7388    21.7962 -9.990e-29
 144.814323     -0.222  33.207808    11.6345     8.6113     -0.220    28.7410    21.7979 -9.990e-29
 144.814329     -0.206  33.202263    11.6342     8.5826     -0.204    28.7359    21.7940 -9.990e-29
 144.814334     -0.184  33.184336    11.6344     8.5505     -0.182    28.7186    21.7805 -9.990e-29
 144.814340     -0.172  33.166517    11.6350     8.5201     -0.171    28.7010    21.7668 -9.990e-29
 144.814346     -0.177  33.155274    11.6352     8.5051     -0.176    28.6901    21.7583 -9.990e-29
 144.814352     -0.191  33.150727    11.6348     8.4701     -0.189    28.6861    21.7552 -9.990e-29
 144.814358     -0.202  33.149044    11.6341     8.4639     -0.200    28.6850    21.7545 -9.990e-29
 144.814363     -0.208  33.147411    11.6333     8.4369     -0.206    28.6840    21.7539 -9.990e-29
 144.814369     -0.212  33.146438    11.6328     8.4287     -0.210    28.6835    21.7536 -9.990e-29
 144.814375     -0.219  33.146495    11.6326     8.4294     -0.217    28.6837    21.7538 -9.990e-29
 144.814381     -0.224  33.146530    11.6320     8.4266     -0.222    28.6842    21.7543 -9.990e-29
 144.814387     -0.225  33.145459    11.6314     8.4296     -0.223    28.6836    21.7540 -9.990e-29
 144.814392     -0.222  33.144082    11.6318     8.4243     -0.220    28.6820    21.7526 -9.990e-29
 144.814398     -0.213  33.143911    11.6326     8.3725     -0.211    28.6812    21.7519 -9.990e-29
 144.814404     -0.199  33.144148    11.6330     8.3913     -0.197    28.6811    21.7517 -9.990e-29
 144.814410     -0.178  33.143419    11.6328     8.3918     -0.177    28.6806    21.7513 -9.990e-29
 144.814416     -0.154  33.142420    11.6326     8.4003     -0.153    28.6798    21.7507 -9.990e-29
 144.814421     -0.134  33.142049    11.6330     8.4226     -0.133    28.6791    21.7502 -9.990e-29
 144.814427     -0.124  33.142360    11.6337     8.3562     -0.123    28.6789    21.7498 -9.990e-29
 144.814433     -0.128  33.142637    11.6342     8.3790     -0.127    28.6787    21.7497 -9.990e-29
 144.814439     -0.139  33.142677    11.6344     8.3733     -0.138    28.6786    21.7495 -9.990e-29
 144.814444     -0.144  33.143083    11.6343     8.3693     -0.143    28.6791    21.7499 -9.990e-29
 144.814450     -0.139  33.143267    11.6338     8.3895     -0.138    28.6797    21.7504 -9.990e-29
 144.814456     -0.124  33.142901    11.6333     8.3770     -0.123    28.6797    21.7506 -9.990e-29
 144.814462     -0.102  33.142607    11.6329     8.3824     -0.101    28.6797    21.7506 -9.990e-29
 144.814468     -0.084  33.142542    11.6329     8.3768     -0.083    28.6796    21.7506 -9.990e-29
 144.814473     -0.079  33.142609    11.6331     8.3712     -0.078    28.6795    21.7505 -9.990e-29
 144.814479     -0.080  33.142887    11.6333     8.3712     -0.079    28.6797    21.7505 -9.990e-29
 144.814485     -0.085  33.143175    11.6335     8.3872     -0.084    28.6798    21.7506 -9.990e-29
 144.814491     -0.093  33.143286    11.6334     8.3940     -0.092    28.6800    21.7508 -9.990e-29
 144.814497     -0.105  33.143356    11.6330     8.3941     -0.104    28.6803    21.7511 -9.990e-29
 144.814502     -0.118  33.143469    11.6325     8.3907     -0.117    28.6808    21.7516 -9.990e-29
 144.814508     -0.123  33.143206    11.6314     8.3913     -0.122    28.6814    21.7523 -9.990e-29
 144.814514     -0.122  33.142204    11.6299     8.4002     -0.121    28.6816    21.7527 -9.990e-29
 144.814520     -0.121  33.141358    11.6292     8.4020     -0.120    28.6814    21.7526 -9.990e-29
 144.814525     -0.127  33.141767    11.6298     8.4075     -0.126    28.6813    21.7524 -9.990e-29
 144.814531     -0.134  33.142847    11.6306     8.4049     -0.133    28.6817    21.7526 -9.990e-29
 144.814537     -0.136  33.143227    11.6310     8.4155     -0.135    28.6818    21.7526 -9.990e-29
 144.814543     -0.126  33.142843    11.6311     8.4172     -0.125    28.6813    21.7522 -9.990e-29
 144.814549     -0.110  33.142292    11.6311     8.4138     -0.109    28.6808    21.7518 -9.990e-29
 144.814554     -0.095  33.141948    11.6312     8.3963     -0.094    28.6804    21.7515 -9.990e-29
 144.814560     -0.084  33.141902    11.6312     8.3865     -0.083    28.6803    21.7514 -9.990e-29
 144.814566     -0.076  33.142081    11.6307     8.3935     -0.075    28.6809    21.7519 -9.990e-29
 144.814572     -0.071  33.142151    11.6300     8.4056     -0.070    28.6815    21.7525 -9.990e-29
 144.814578     -0.064  33.141635    11.6295     8.4067     -0.063    28.6814    21.7525 -9.990e-29
 144.814583     -0.050  33.140957    11.6290     8.4032     -0.050    28.6811    21.7524 -9.990e-29
 144.814589     -0.038  33.140880    11.6288     8.4057     -0.038    28.6812    21.7525 -9.990e-29
 144.814595     -0.035  33.141290    11.6290     8.4057     -0.035    28.6814    21.7527 -9.990e-29
 144.814601     -0.037  33.141603    11.6293     8.3949     -0.037    28.6815    21.7527 -9.990e-29
 144.814606     -0.039  33.141663    11.6294     8.3825     -0.039    28.6815    21.7526 -9.990e-29
 144.814612     -0.042  33.141541    11.6295     8.3347     -0.042    28.6813    21.7525 -9.990e-29
 144.814618     -0.045  33.141624    11.6296     8.3785     -0.045    28.6813    21.7524 -9.990e-29
 144.814624     -0.049  33.142011    11.6295     8.3909     -0.049    28.6817    21.7528 -9.990e-29
 144.814630     -0.054  33.142087    11.6291     8.4094     -0.054    28.6821    21.7532 -9.990e-29
 144.814635     -0.060  33.141945    11.6289     8.4125     -0.059    28.6821    21.7532 -9.990e-29
 144.814641     -0.065  33.141944    11.6290     8.3460     -0.064    28.6821    21.7532 -9.990e-29
 144.814647     -0.062  33.142070    11.6290     8.3812     -0.061    28.6822    21.7532 -9.990e-29
 144.814653     -0.058  33.141923    11.6289     8.3963     -0.058    28.6821    21.7532 -9.990e-29
 144.814659     -0.055  33.141293    11.6289     8.4109     -0.055    28.6815    21.7527 -9.990e-29
 144.814664     -0.054  33.141012    11.6288     8.4346     -0.054    28.6813    21.7526 -9.990e-29
 144.814670     -0.054  33.141253    11.6286     8.4099     -0.054    28.6817    21.7529 -9.990e-29
 144.814676     -0.056  33.141205    11.6284     8.3909     -0.056    28.6818    21.7531 -9.990e-29
 144.814682     -0.059  33.140793    11.6278     8.3916     -0.059    28.6819    21.7532 -9.990e-29
 144.814687     -0.064  33.140577    11.6272     8.3882     -0.063    28.6821    21.7535 -9.990e-29
 144.814693     -0.072  33.140821    11.6274     8.3733     -0.071    28.6822    21.7536 -9.990e-29
 144.814699     -0.077  33.141277    11.6280     8.3662     -0.076    28.6822    21.7534 -9.990e-29
 144.814705     -0.077  33.141424    11.6285     8.3705     -0.076    28.6820    21.7532 -9.990e-29
 144.814711     -0.076  33.141445    11.6289     8.3897     -0.075    28.6817    21.7529 -9.990e-29
 144.814716     -0.077  33.141918    11.6292     8.3972     -0.076    28.6819    21.7530 -9.990e-29
 144.814722     -0.077  33.142344    11.6292     8.3823     -0.076    28.6823    21.7533 -9.990e-29
 144.814728     -0.072  33.142160    11.6288     8.3659     -0.071    28.6824    21.7535 -9.990e-29
 144.814734     -0.064  33.141671    11.6284     8.3664     -0.063    28.6823    21.7534 -9.990e-29
 144.814740     -0.059  33.141333    11.6282     8.3818     -0.059    28.6821    21.7533 -9.990e-29
 144.814745     -0.056  33.141244    11.6280     8.4061     -0.056    28.6822    21.7534 -9.990e-29
 144.814751     -0.054  33.140714    11.6275     8.4113     -0.054    28.6820    21.7534 -9.990e-29
 144.814757     -0.053  33.138466    11.6266     8.4066     -0.053    28.6806    21.7524 -9.990e-29
 144.814763     -0.055  33.132611    11.6258     8.3999     -0.055    28.6756    21.7487 -9.990e-29
 144.814769     -0.057  33.128772    11.6257     8.3939     -0.057    28.6720    21.7459 -9.990e-29
 144.814774     -0.061  33.133021    11.6258     8.4082     -0.060    28.6760    21.7490 -9.990e-29
 144.814780     -0.063  33.138132    11.6257     8.4328     -0.062    28.6810    21.7529 -9.990e-29
 144.814786     -0.059  33.139707    11.6257     8.4388     -0.059    28.6825    21.7540 -9.990e-29
 144.814792     -0.052  33.140396    11.6256     8.4416     -0.052    28.6832    21.7546 -9.990e-29
 144.814797     -0.046  33.140548    11.6249     8.3963     -0.046    28.6839    21.7553 -9.990e-29
 144.814803     -0.041  33.139794    11.6236     8.4068     -0.041    28.6842    21.7557 -9.990e-29
 144.814809     -0.036  33.138797    11.6225     8.4043     -0.036    28.6841    21.7558 -9.990e-29
 144.814815     -0.032  33.138456    11.6216     8.4146     -0.032    28.6844    21.7563 -9.990e-29
 144.814821     -0.028  33.138305    11.6205     8.4258     -0.028    28.6851    21.7570 -9.990e-29
 144.814826     -0.024  33.138132    11.6196     8.3720     -0.024    28.6857    21.7576 -9.990e-29
 144.814832     -0.020  33.138257    11.6190     8.4147     -0.020    28.6862    21.7581 -9.990e-29
 144.814838     -0.011  33.138273    11.6187     8.4227     -0.011    28.6865    21.7584 -9.990e-29
 144.814844      0.000  33.138192    11.6190     8.4395      0.000    28.6862    21.7581 -9.990e-29
 144.814850      0.000  33.138456    11.6193     8.4419      0.000    28.6862    21.7581 -9.990e-29
 144.814855     -0.007  33.138846    11.6199     8.4104     -0.007    28.6861    21.7579 -9.990e-29
 144.814861     -0.012  33.139311    11.6208     8.4142     -0.012    28.6859    21.7575 -9.990e-29
 144.814867     -0.016  33.139900    11.6216     8.4142     -0.016    28.6858    21.7573 -9.990e-29
 144.814873     -0.019  33.140265    11.6219     8.4192     -0.019    28.6859    21.7574 -9.990e-29
 144.814878     -0.021  33.139765    11.6209     8.4205     -0.021    28.6862    21.7578 -9.990e-29
 144.814884     -0.022  33.137722    11.6189     8.4244     -0.022    28.6858    21.7578 -9.990e-29
 144.814890     -0.023  33.135321    11.6178     8.4261     -0.023    28.6844    21.7569 -9.990e-29
 144.814896     -0.024  33.134948    11.6180     8.4264     -0.024    28.6838    21.7565 -9.990e-29
 144.814902     -0.023  33.136095    11.6184     8.4176     -0.023    28.6846    21.7570 -9.990e-29
 144.814907     -0.023  33.136921    11.6187     8.4264     -0.023    28.6852    21.7574 -9.990e-29
 144.814913     -0.022  33.137396    11.6189     8.4370     -0.022    28.6855    21.7576 -9.990e-29
 144.814919     -0.020  33.137584    11.6189     8.4330     -0.020    28.6857    21.7577 -9.990e-29
 144.814925     -0.018  33.137723    11.6191     8.4102     -0.018    28.6857    21.7577 -9.990e-29
 144.814931     -0.015  33.137989    11.6196     8.3825     -0.015    28.6855    21.7575 -9.990e-29
 144.814936     -0.010  33.138166    11.6198     8.3775     -0.010    28.6855    21.7575 -9.990e-29
 144.814942     -0.005  33.138480    11.6197     8.3933     -0.005    28.6859    21.7578 -9.990e-29
 144.814948      0.002  33.138780    11.6194     8.4221      0.002    28.6864    21.7582 -9.990e-29
 144.814954      0.007  33.138898    11.6196     8.4319      0.007    28.6864    21.7581 -9.990e-29
 144.814959      0.006  33.138976    11.6204     8.4300      0.006    28.6858    21.7576 -9.990e-29
 144.814965      0.003  33.139097    11.6207     8.4157      0.003    28.6857    21.7574 -9.990e-29
 144.814971      0.002  33.139403    11.6204     8.4152      0.002    28.6863    21.7579 -9.990e-29
 144.814977      0.004  33.139729    11.6201     8.4239      0.004    28.6868    21.7584 -9.990e-29
 144.814983      0.007  33.139931    11.6203     8.4271      0.007    28.6868    21.7584 -9.990e-29
 144.814988      0.013  33.140264    11.6207     8.4429      0.013    28.6868    21.7583 -9.990e-29
 144.814994      0.021  33.140596    11.6208     8.4415      0.021    28.6871    21.7585 -9.990e-29
 144.815000      0.029  33.140792    11.6208     8.4240      0.029    28.6873    21.7586 -9.990e-29
 144.815006      0.028  33.141096    11.6209     8.4104      0.028    28.6875    21.7588 -9.990e-29
 144.815012      0.017  33.141339    11.6215     8.3595      0.017    28.6873    21.7585 -9.990e-29
 144.815017      0.006  33.141267    11.6223     8.3891      0.006    28.6866    21.7578 -9.990e-29
 144.815023      0.001  33.141330    11.6228     8.4124      0.001    28.6862    21.7575 -9.990e-29
 144.815029      0.006  33.141596    11.6231     8.4342      0.006    28.6863    21.7574 -9.990e-29
 144.815035      0.014  33.141845    11.6231     8.4472      0.014    28.6865    21.7576 -9.990e-29
 144.815041      0.016  33.142392    11.6230     8.3859      0.016    28.6871    21.7581 -9.990e-29
 144.815046      0.017  33.142828    11.6227     8.3928      0.017    28.6878    21.7587 -9.990e-29
 144.815052      0.021  33.142598    11.6223     8.3944      0.021    28.6878    21.7588 -9.990e-29
 144.815058      0.028  33.141940    11.6219     8.4118      0.028    28.6875    21.7586 -9.990e-29
 144.815064      0.039  33.141080    11.6212     8.4350      0.039    28.6872    21.7585 -9.990e-29
 144.815069      0.050  33.140536    11.6205     8.4268      0.050    28.6872    21.7587 -9.990e-29
 144.815075      0.054  33.140686    11.6202     8.4324      0.054    28.6876    21.7590 -9.990e-29
 144.815081      0.045  33.141153    11.6200     8.4364      0.045    28.6882    21.7595 -9.990e-29
 144.815087      0.029  33.141423    11.6199     8.4206      0.029    28.6886    21.7598 -9.990e-29
 144.815093      0.012  33.141280    11.6203     8.4160      0.012    28.6881    21.7594 -9.990e-29
 144.815098      0.002  33.141078    11.6208     8.4034      0.002    28.6875    21.7588 -9.990e-29
 144.815104      0.003  33.141092    11.6210     8.4085      0.003    28.6874    21.7587 -9.990e-29
 144.815110      0.011  33.141325    11.6208     8.4169      0.011    28.6878    21.7590 -9.990e-29
 144.815116      0.016  33.141512    11.6206     8.4114      0.016    28.6881    21.7593 -9.990e-29
 144.815122      0.016  33.141325    11.6206     8.4188      0.016    28.6879    21.7592 -9.990e-29
 144.815127      0.015  33.141060    11.6206     8.4174      0.015    28.6877    21.7590 -9.990e-29
 144.815133      0.017  33.140906    11.6205     8.4264      0.017    28.6876    21.7589 -9.990e-29
 144.815139      0.022  33.140640    11.6202     8.4231      0.022    28.6876    21.7590 -9.990e-29
 144.815145      0.025  33.140454    11.6201     8.4183      0.025    28.6875    21.7589 -9.990e-29
