data/oxygen options/OCNMS/OCNMS1/raw_data/2022/CAST_TH015_220624faed.cnv
* Sea-Bird SBE 19 Data File:
* FileName = C:\2022 Mooring Data\Casts\CAST_TH015_220624.hex
* Software Version SeatermAF 2.1.2
* Temperature SN = 2997
* Conductivity SN = 2997
* System UpLoad Time = Jun 24 2022 20:40:06 (localtime) = Jun 24 2022 20:40:06 (UTC)
** CAST_TH015_220624
* ds
# nquan = 9                                 
# nvalues = 833                         
# units = specified
# name 0 = timeJ: Julian Days
# name 1 = prSM: Pressure, Strain Gauge [db]
# name 2 = c0mS/cm: Conductivity [mS/cm]
# name 3 = t090C: Temperature [ITS-90, deg C]
# name 4 = sbeox0ML/L: Oxygen, SBE 43 [ml/l]
# name 5 = depSM: Depth [salt water, m], lat = 47.5
# name 6 = sal00: Salinity, Practical [PSU]
# name 7 = sigma-é00: Density [sigma-theta, kg/m^3]
# name 8 = flag: flag
# span 0 = 175.822593, 175.827407       
# span 1 =     -5.929,     14.201       
# span 2 =   0.219885,  35.111756       
# span 3 =     7.7502,    16.9086       
# span 4 =    -1.8649,    13.2625       
# span 5 =     -5.880,     14.082       
# span 6 =     0.1275,    33.2345       
# span 7 =    -1.1003,    25.9208       
# span 8 = 0.0000e+00, 0.0000e+00       
# interval = seconds: 0.5
# start_time = Jun 24 2022 19:44:32 [Instrument's time stamp, header]
# bad_flag = -9.990e-29
*END*
[from data line 321]
 175.824450     -1.380   0.223255    16.2043    -1.8370     -1.368     0.1294    -0.9890 -9.990e-29
 175.824456     -1.379   0.223296    16.2007    -1.8354     -1.367     0.1295    -0.9884 -9.990e-29
 175.824462     -1.378   0.223419    16.2005    -1.8342     -1.367     0.1295    -0.9883 -9.990e-29
 175.824468     -1.377   0.223789    16.2058    -1.8335     -1.366     0.1297    -0.9890 -9.990e-29
 175.824473     -1.377   0.224343    16.2173    -1.8331     -1.366     0.1300    -0.9907 -9.990e-29
 175.824479     -1.376   0.224712    16.2356    -1.8326     -1.365     0.1302    -0.9936 -9.990e-29
 175.824485     -1.375   0.224836    16.2614    -1.8318     -1.364     0.1302    -0.9979 -9.990e-29
 175.824491     -1.375   0.224879    16.2953    -1.8307     -1.364     0.1301    -1.0035 -9.990e-29
 175.824497     -1.374   0.224898    16.3359    -1.8298     -1.363     0.1300    -1.0104 -9.990e-29
 175.824502     -1.372   0.224916    16.3787    -1.8292     -1.361     0.1299    -1.0176 -9.990e-29
 175.824508     -1.371   0.224959    16.4177    -1.8285     -1.360     0.1298    -1.0242 -9.990e-29
 175.824514     -1.369   0.225084    16.4490    -1.8281     -1.358     0.1298    -1.0295 -9.990e-29
 175.824520     -1.367   0.225454    16.4717    -1.8278     -1.356     0.1299    -1.0332 -9.990e-29
 175.824525     -1.364   0.226009    16.4891    -1.8273     -1.353     0.1302    -1.0359 -9.990e-29
 175.824531     -1.360   0.226383    16.5065    -1.8264     -1.349     0.1304    -1.0387 -9.990e-29
 175.824537     -1.356   0.226520    16.5275    -1.8252     -1.345     0.1304    -1.0422 -9.990e-29
 175.824543     -1.350   0.226602    16.5509    -1.8251     -1.339     0.1304    -1.0462 -9.990e-29
 175.824549     -1.342   0.226739    16.5733    -1.8239     -1.331     0.1304    -1.0499 -9.990e-29
 175.824554     -1.332   0.227114    16.5928    -1.8227     -1.321     0.1305    -1.0531 -9.990e-29
 175.824560     -1.323   0.227671    16.6090    -1.8215     -1.312     0.1308    -1.0557 -9.990e-29
 175.824566     -1.320   0.228045    16.6225    -1.8210     -1.309     0.1310    -1.0578 -9.990e-29
 175.824572     -1.317   0.228183    16.6357    -1.8207     -1.306     0.1310    -1.0600 -9.990e-29
 175.824578     -1.310   0.228267    16.6521    -1.8207     -1.299     0.1310    -1.0628 -9.990e-29
 175.824583     -1.303   0.228409    16.6727    -1.8206     -1.292     0.1311    -1.0663 -9.990e-29
 175.824589     -1.304   0.228799    16.6941    -1.8201     -1.293     0.1312    -1.0698 -9.990e-29
 175.824595     -1.314   0.229402    16.7152    -1.8195     -1.303     0.1315    -1.0732 -9.990e-29
 175.824601     -1.324   0.229913    16.7404    -1.8189     -1.313     0.1317    -1.0774 -9.990e-29
 175.824606     -1.330   0.230461    16.7685    -1.8180     -1.319     0.1320    -1.0820 -9.990e-29
 175.824612     -1.334   0.231222    16.7931    -1.8178     -1.323     0.1323    -1.0859 -9.990e-29
 175.824618     -1.330   0.232102    16.8104    -1.8185     -1.319     0.1328    -1.0886 -9.990e-29
 175.824624     -1.319   0.233168    16.8205    -1.8184     -1.308     0.1334    -1.0899 -9.990e-29
 175.824630     -1.309   0.234180    16.8269    -1.8181     -1.298     0.1339    -1.0905 -9.990e-29
 175.824635     -1.299   0.234827    16.8344    -1.8176     -1.288     0.1343    -1.0915 -9.990e-29
 175.824641     -1.284   0.235417    16.8460    -1.8175     -1.273     0.1346    -1.0933 -9.990e-29
 175.824647     -1.267   0.236182    16.8603    -1.8175     -1.256     0.1350    -1.0955 -9.990e-29
 175.824653     -1.256   0.237036    16.8754    -1.8175     -1.246     0.1354    -1.0977 -9.990e-29
 175.824659     -1.250   0.238010    16.8885    -1.8183     -1.240     0.1359    -1.0996 -9.990e-29
 175.824664     -1.240   0.239295    16.8940    -1.8190     -1.230     0.1366    -1.1000 -9.990e-29
 175.824670     -1.226   0.240944    16.8926    -1.8191     -1.216     0.1376    -1.0990 -9.990e-29
 175.824676     -1.215   0.242387    16.8928    -1.8191     -1.205     0.1384    -1.0984 -9.990e-29
 175.824682     -1.206   0.243331    16.8983    -1.8191     -1.196     0.1389    -1.0990 -9.990e-29
 175.824688     -1.195   0.243930    16.9051    -1.8199     -1.185     0.1393    -1.0999 -9.990e-29
 175.824693     -1.186   0.244426    16.9086    -1.8207     -1.176     0.1395    -1.1003 -9.990e-29
 175.824699     -1.181   0.245483    16.9081    -1.8212     -1.171     0.1401    -1.0997 -9.990e-29
 175.824705     -1.177   0.247217    16.9020    -1.8215     -1.167     0.1411    -1.0979 -9.990e-29
 175.824711     -1.169   0.249173    16.8899    -1.8222     -1.159     0.1423    -1.0949 -9.990e-29
 175.824716     -1.160   0.251005    16.8776    -1.8231     -1.150     0.1434    -1.0919 -9.990e-29
 175.824722     -1.154   0.252387    16.8698    -1.8235     -1.144     0.1442    -1.0900 -9.990e-29
 175.824728     -1.152   0.253317    16.8646    -1.8231     -1.142     0.1448    -1.0886 -9.990e-29
 175.824734     -1.152   0.254479    16.8564    -1.8224     -1.142     0.1455    -1.0867 -9.990e-29
 175.824740     -1.155   0.256316    16.8421    -1.8216     -1.145     0.1466    -1.0834 -9.990e-29
 175.824745     -1.162   0.258508    16.8250    -1.8211     -1.152     0.1479    -1.0794 -9.990e-29
 175.824751     -1.167   0.260654    16.8094    -1.8214     -1.157     0.1492    -1.0757 -9.990e-29
 175.824757     -1.167   0.262295    16.7947    -1.8216     -1.157     0.1502    -1.0724 -9.990e-29
 175.824763     -1.163   0.263403    16.7790    -1.8216     -1.153     0.1508    -1.0692 -9.990e-29
 175.824769     -1.153   0.264350    16.7647    -1.8215     -1.143     0.1514    -1.0663 -9.990e-29
 175.824774     -1.142   0.265290    16.7579    -1.8219     -1.132     0.1520    -1.0647 -9.990e-29
 175.824780     -1.133   0.266366    16.7624    -1.8228     -1.124     0.1526    -1.0650 -9.990e-29
 175.824786     -1.126   0.267352    16.7753    -1.8253     -1.117     0.1531    -1.0668 -9.990e-29
 175.824792     -1.120   0.267902    16.7898    -1.8277     -1.111     0.1534    -1.0691 -9.990e-29
 175.824797     -1.115   0.268194    16.7988    -1.8295     -1.106     0.1535    -1.0705 -9.990e-29
 175.824803     -1.110   0.268619    16.8000    -1.8306     -1.101     0.1538    -1.0706 -9.990e-29
 175.824809     -1.105   0.269186    16.7978    -1.8322     -1.096     0.1541    -1.0699 -9.990e-29
 175.824815     -1.100   0.269545    16.7949    -1.8338     -1.091     0.1543    -1.0693 -9.990e-29
 175.824821     -1.094   0.269620    16.7883    -1.8348     -1.085     0.1544    -1.0681 -9.990e-29
 175.824826     -1.087   0.269510    16.7720    -1.6321     -1.078     0.1544    -1.0653 -9.990e-29
 175.824832     -1.080   0.269620    16.7395    -1.6297     -1.071     0.1546    -1.0596 -9.990e-29
 175.824838     -1.070   0.270650    16.6908    -1.6620     -1.061     0.1553    -1.0507 -9.990e-29
 175.824844     -1.058   0.273420    16.6362    -1.6894     -1.049     0.1571    -1.0400 -9.990e-29
 175.824850     -1.042   0.281623    16.5857    -1.6989     -1.033     0.1621    -1.0276 -9.990e-29
 175.824855     -1.023   0.307302    16.5363    -1.6947     -1.014     0.1772    -1.0075 -9.990e-29
 175.824861     -0.998   0.385248    16.4729    -1.6874     -0.990     0.2234    -0.9612 -9.990e-29
 175.824867     -0.966   0.619389    16.3649    -1.6935     -0.958     0.3648    -0.8340 -9.990e-29
 175.824873     -0.925   1.321910    16.1205    -1.6983     -0.917     0.8075    -0.4522 -9.990e-29
 175.824878     -0.872   3.428952    15.4739    -1.6992     -0.865     2.2399     0.7552 -9.990e-29
 175.824884     -0.805   9.749351    14.2958    -1.6982     -0.798     7.0496     4.6370 -9.990e-29
 175.824890     -0.726  20.007515    12.9912    -1.6977     -0.720    15.8919    11.6427 -9.990e-29
 175.824896     -0.649  28.324970    12.0452    -1.6990     -0.644    23.8487    17.9386 -9.990e-29
 175.824902     -0.582  32.235718    11.5712    -1.6930     -0.577    27.8590    21.1249 -9.990e-29
 175.824907     -0.528  33.701913    11.4320    -1.6896     -0.524    29.3752    22.3253 -9.990e-29
 175.824913     -0.484  34.186071    11.3929    -1.6903     -0.480    29.8749    22.7200 -9.990e-29
 175.824919     -0.444  34.389107    11.2995    -1.6905     -0.440    30.1478    22.9482 -9.990e-29
 175.824925     -0.409  34.517310    11.2008    -1.6935     -0.406    30.3536    23.1252 -9.990e-29
 175.824931     -0.380  34.606623    11.1774    -1.6930     -0.377    30.4600    23.2120 -9.990e-29
 175.824936     -0.356  34.623739    11.2074    -1.6881     -0.353    30.4519    23.2005 -9.990e-29
 175.824942     -0.336  34.555589    11.2596    -1.6900     -0.333    30.3425    23.1064 -9.990e-29
 175.824948     -0.323  34.463072    11.3469    -1.6943     -0.320    30.1809    22.9656 -9.990e-29
 175.824954     -0.319  34.362284    11.4584    -1.6913     -0.316    29.9924    22.7998 -9.990e-29
 175.824959     -0.321  34.247644    11.5385    -1.6871     -0.318    29.8170    22.6495 -9.990e-29
 175.824965     -0.320  34.181920    11.5801    -1.6847     -0.317    29.7202    22.5670 -9.990e-29
 175.824971     -0.311  34.174373    11.6187    -1.6848     -0.308    29.6820    22.5306 -9.990e-29
 175.824977     -0.299  34.132043    11.6530    -1.6834     -0.297    29.6138    22.4717 -9.990e-29
 175.824983     -0.288  33.993989    11.6651    -1.6801     -0.286    29.4715    22.3591 -9.990e-29
 175.824988     -0.275  33.848305    11.6518    -1.6854     -0.273    29.3420    22.2610 -9.990e-29
 175.824994     -0.261  33.854677    11.6315    -1.6894     -0.259    29.3642    22.2818 -9.990e-29
 175.825000     -0.248  33.979576    11.6458    -1.6834     -0.246    29.4729    22.3636 -9.990e-29
 175.825006     -0.245  34.017080    11.7147    -1.6877     -0.243    29.4543    22.3370 -9.990e-29
 175.825012     -0.251  33.933723    11.8068    -1.6883     -0.249    29.3017    22.2023 -9.990e-29
 175.825017     -0.259  33.859161    11.8850    -1.6807     -0.257    29.1691    22.0856 -9.990e-29
 175.825023     -0.263  33.835103    11.9408    -1.6761     -0.261    29.1025    22.0240 -9.990e-29
 175.825029     -0.266  33.814349    11.9736    -1.6736     -0.264    29.0572    21.9830 -9.990e-29
 175.825035     -0.266  33.786017    11.9862    -1.6802     -0.264    29.0204    21.9523 -9.990e-29
 175.825041     -0.264  33.798003    11.9941    -1.6837     -0.262    29.0257    21.9549 -9.990e-29
 175.825046     -0.260  33.778343    11.9990    -1.6849     -0.258    29.0032    21.9366 -9.990e-29
 175.825052     -0.254  33.615115    11.9806    -1.6861     -0.252    28.8621    21.8307 -9.990e-29
 175.825058     -0.248  33.488827    11.9698    -1.6835     -0.246    28.7504    21.7460 -9.990e-29
 175.825064     -0.252  33.545240    12.0486    -1.6857     -0.250    28.7433    21.7264 -9.990e-29
 175.825069     -0.266  33.579547    12.1917    -1.6867     -0.264    28.6661    21.6409 -9.990e-29
 175.825075     -0.278  33.478982    12.2851    -1.6916     -0.276    28.4999    21.4953 -9.990e-29
 175.825081     -0.276  33.402893    12.2745    -1.7012     -0.274    28.4362    21.4480 -9.990e-29
 175.825087     -0.259  33.454799    12.1892    -1.7000     -0.257    28.5500    21.5515 -9.990e-29
 175.825093     -0.240  33.548790    12.1083    -1.6897     -0.238    28.7008    21.6828 -9.990e-29
 175.825098     -0.230  33.583364    12.0641    -1.6821     -0.228    28.7676    21.7424 -9.990e-29
 175.825104     -0.228  33.545774    12.0353    -1.6803     -0.226    28.7541    21.7371 -9.990e-29
 175.825110     -0.225  33.495065    12.0110    -1.6791     -0.223    28.7246    21.7186 -9.990e-29
 175.825116     -0.218  33.501362    11.9766    -1.6783     -0.216    28.7571    21.7499 -9.990e-29
 175.825122     -0.206  33.531034    11.8914    -1.6850     -0.204    28.8511    21.8380 -9.990e-29
 175.825127     -0.192  33.516661    11.7332    -1.6919     -0.190    28.9602    21.9505 -9.990e-29
 175.825133     -0.179  33.518577    11.5979    -1.6927     -0.178    29.0677    22.0577 -9.990e-29
 175.825139     -0.168  33.588027    11.6263    -1.6987     -0.167    29.1121    22.0872 -9.990e-29
 175.825145     -0.161  33.648433    11.8134    -1.7095     -0.160    29.0237    21.9856 -9.990e-29
 175.825150     -0.158  33.647556    12.0205    -1.7070     -0.157    28.8621    21.8235 -9.990e-29
 175.825156     -0.150  33.597093    12.1356    -1.6907     -0.149    28.7256    21.6971 -9.990e-29
 175.825162     -0.137  33.530583    12.1589    -1.6858     -0.136    28.6448    21.6303 -9.990e-29
 175.825168     -0.126  33.522889    12.1309    -1.6874     -0.125    28.6589    21.6463 -9.990e-29
 175.825174     -0.121  33.566547    12.0591    -1.6856     -0.120    28.7554    21.7339 -9.990e-29
 175.825179     -0.118  33.525421    11.9538    -1.6852     -0.117    28.7975    21.7853 -9.990e-29
 175.825185     -0.108  33.358090    11.8056    -1.6849     -0.107    28.7524    21.7767 -9.990e-29
 175.825191     -0.089  33.204289    11.5956    -1.6813     -0.088    28.7677    21.8254 -9.990e-29
 175.825197     -0.071  33.202186    11.4262    -1.6781     -0.070    28.8975    21.9555 -9.990e-29
 175.825203     -0.058  33.328777    11.4590    -1.6772     -0.058    28.9938    22.0246 -9.990e-29
 175.825208     -0.057  33.468880    11.6679    -1.6770     -0.057    28.9652    21.9659 -9.990e-29
 175.825214     -0.061  33.559477    11.8628    -1.6776     -0.060    28.9003    21.8812 -9.990e-29
 175.825220     -0.062  33.575187    11.9496    -1.6774     -0.061    28.8481    21.8253 -9.990e-29
 175.825226     -0.057  33.522988    11.9675    -1.6806     -0.057    28.7846    21.7729 -9.990e-29
 175.825231     -0.050  33.501863    11.9693    -1.6860     -0.050    28.7631    21.7559 -9.990e-29
 175.825237     -0.044  33.574352    11.9929    -1.6841     -0.044    28.8138    21.7910 -9.990e-29
 175.825243     -0.038  33.676921    12.0492    -1.6837     -0.038    28.8678    21.8228 -9.990e-29
 175.825249     -0.033  33.754217    12.1076    -1.6820     -0.033    28.8960    21.8341 -9.990e-29
 175.825255     -0.028  33.812399    12.1412    -1.6807     -0.028    28.9252    21.8507 -9.990e-29
 175.825260     -0.027  33.863508    12.1610    -1.6796     -0.027    28.9584    21.8728 -9.990e-29
 175.825266     -0.034  33.898392    12.1899    -1.6775     -0.034    28.9691    21.8758 -9.990e-29
 175.825272     -0.046  33.880099    12.2230    -1.6760     -0.046    28.9262    21.8366 -9.990e-29
 175.825278     -0.055  33.770214    12.2188    -1.6781     -0.055    28.8255    21.7594 -9.990e-29
 175.825284     -0.052  33.572299    12.1595    -1.6773     -0.052    28.6838    21.6604 -9.990e-29
 175.825289     -0.038  33.376951    12.0827    -1.6755     -0.038    28.5575    21.5764 -9.990e-29
 175.825295     -0.024  33.343126    12.0316    -1.6758     -0.024    28.5645    21.5909 -9.990e-29
 175.825301     -0.019  33.501290    12.0210    -1.6785     -0.019    28.7227    21.7154 -9.990e-29
 175.825307     -0.016  33.700530    12.0389    10.0461     -0.016    28.8982    21.8481 -9.990e-29
 175.825313     -0.013  33.835181    12.0677    13.1775     -0.013    29.0038    21.9248 -9.990e-29
 175.825318     -0.009  33.911705    12.1050    13.2625     -0.009    29.0475    21.9519 -9.990e-29
 175.825324     -0.004  33.965471    12.1545    10.8302     -0.004    29.0600    21.9527 -9.990e-29
 175.825330      0.004  33.992544    12.1999     5.8241      0.004    29.0505    21.9371 -9.990e-29
 175.825336      0.009  33.929313    12.2158     5.9259      0.009    28.9783    21.8783 -9.990e-29
 175.825341      0.008  33.814667    12.2071     6.1537      0.008    28.8765    21.8011 -9.990e-29
 175.825347      0.006  33.789197    12.2000     6.2155      0.006    28.8579    21.7879 -9.990e-29
 175.825353      0.006  33.820605    12.2001     6.2280      0.006    28.8875    21.8109 -9.990e-29
 175.825359      0.008  33.717765    12.1989     6.1854      0.008    28.7912    21.7364 -9.990e-29
 175.825365      0.012  33.355854    12.2048     6.1092      0.012    28.4446    21.4670 -9.990e-29
