data/oxygen options/OCNMS/OCNMS1/raw_data/2022/CAST_TH042_220721faedb.cnv
* Sea-Bird SBE 19 Data File:
* FileName = C:\2022 Mooring Data\Casts\CAST_TH042_220721.hex
* Software Version SeatermAF 2.1.2
* Temperature SN = 2997
* Conductivity SN = 2997
* System UpLoad Time = Jul 21 2022 01:05:31 (localtime) = Jul 21 2022 01:05:31 (UTC)
** CAST_TH042_220721
* ds
# nquan = 9
# nvalues = 41                          
# units = specified
# name 0 = timeJ: Julian Days
# name 1 = prSM: Pressure, Strain Gauge [db]
# name 2 = c0mS/cm: Conductivity [mS/cm]
# name 3 = t090C: Temperature [ITS-90, deg C]
# name 4 = sbeox0ML/L: Oxygen, SBE 43 [ml/l]
# name 5 = depSM: Depth [salt water, m], lat = 47.5
# name 6 = sal00: Salinity, Practical [PSU]
# name 7 = sigma-é00: Density [sigma-theta, kg/m^3]
# name 8 = flag: flag
# span 0 = 201.996065, 201.997072       
# span 1 =      1.000,     41.000       
# span 2 =  34.353208,  38.835921       
# span 3 =     7.3995,    14.9548       
# span 4 =     2.2975,     8.2713       
# span 5 =      0.992,     40.654       
# span 6 =    31.3396,    33.7923       
# span 7 =    23.1645,    26.4125       
# span 8 = 0.0000e+00, 0.0000e+00       
# interval = decibars: 1                
# start_time = Jul 20 2022 23:45:51 [Instrument's time stamp, header]
# bad_flag = -9.990e-29
*END*
 201.996065      1.000  38.835921    14.9548     8.2370      0.992    31.3396    23.1645 0.0000e+00
 201.996096      2.000  38.072312    13.6632     8.2713      1.983    31.6986    23.7044 0.0000e+00
 201.996118      3.000  37.087059    12.3216     8.1572      2.975    31.8958    24.1184 0.0000e+00
 201.996140      4.000  36.735464    11.9469     7.4922      3.967    31.8773    24.1747 0.0000e+00
 201.996162      5.000  36.640866    11.6524     5.7924      4.958    32.0385    24.3538 0.0000e+00
 201.996185      6.000  36.129425    10.9409     5.7382      5.950    32.1553    24.5716 0.0000e+00
 201.996208      7.000  35.932348    10.7927     6.2248      6.941    32.0899    24.5465 0.0000e+00
 201.996231      8.000  36.001638    10.7650     6.3144      7.933    32.1825    24.6234 0.0000e+00
 201.996257      9.000  36.040635    10.8183     6.2305      8.925    32.1740    24.6076 0.0000e+00
 201.996280     10.000  35.999588    10.6486     5.5488      9.916    32.2823    24.7212 0.0000e+00
 201.996301     11.000  35.863961    10.3411     4.4631     10.908    32.4195    24.8806 0.0000e+00
 201.996324     12.000  35.476686     9.6174     3.6349     11.899    32.6784    25.2025 0.0000e+00
 201.996348     13.000  35.078433     9.0754     3.3912     12.891    32.7637    25.3556 0.0000e+00
 201.996373     14.000  34.894546     8.7136     2.9560     13.882    32.9063    25.5234 0.0000e+00
 201.996396     15.000  34.675560     8.3623     2.8225     14.874    33.0035    25.6528 0.0000e+00
 201.996419     16.000  34.603572     8.2667     2.7563     15.866    33.0166    25.6774 0.0000e+00
 201.996443     17.000  34.544337     8.1524     2.6830     16.857    33.0608    25.7290 0.0000e+00
 201.996468     18.000  34.489254     8.0498     2.6326     17.849    33.0986    25.7738 0.0000e+00
 201.996490     19.000  34.457955     7.9865     2.6159     18.841    33.1247    25.8035 0.0000e+00
 201.996513     20.000  34.444025     7.9458     2.5803     19.832    33.1479    25.8277 0.0000e+00
 201.996537     21.000  34.438720     7.9224     2.5429     20.824    33.1640    25.8437 0.0000e+00
 201.996565     22.000  34.418293     7.8709     2.5213     21.815    33.1906    25.8720 0.0000e+00
 201.996593     23.000  34.401608     7.8103     2.4951     22.807    33.2299    25.9117 0.0000e+00
 201.996624     24.000  34.401989     7.7826     2.4896     23.798    33.2563    25.9364 0.0000e+00
 201.996659     25.000  34.407274     7.7782     2.4793     24.790    33.2657    25.9445 0.0000e+00
 201.996689     26.000  34.403465     7.7704     2.4785     25.781    33.2686    25.9479 0.0000e+00
 201.996716     27.000  34.399283     7.7599     2.4579     26.773    33.2736    25.9533 0.0000e+00
 201.996746     28.000  34.395746     7.7503     2.4541     27.764    33.2786    25.9586 0.0000e+00
 201.996772     29.000  34.381434     7.7229     2.4661     28.756    33.2889    25.9707 0.0000e+00
 201.996796     30.000  34.357770     7.6736     2.4609     29.747    33.3101    25.9944 0.0000e+00
 201.996818     31.000  34.353208     7.6191     2.4484     30.739    33.3569    26.0390 0.0000e+00
 201.996842     32.000  34.367883     7.5893     2.4402     31.731    33.4010    26.0778 0.0000e+00
 201.996867     33.000  34.373797     7.5586     2.4077     32.722    33.4363    26.1101 0.0000e+00
 201.996888     34.000  34.390231     7.5319     2.3871     33.714    33.4794    26.1477 0.0000e+00
 201.996910     35.000  34.402921     7.5225     2.3870     34.705    33.5016    26.1665 0.0000e+00
 201.996933     36.000  34.431332     7.4913     2.3706     35.696    33.5621    26.2184 0.0000e+00
 201.996956     37.000  34.500735     7.4468     2.3305     36.688    33.6799    26.3175 0.0000e+00
 201.996978     38.000  34.530507     7.4243     2.3285     37.679    33.7337    26.3629 0.0000e+00
 201.996999     39.000  34.545320     7.4136     2.3296     38.671    33.7597    26.3849 0.0000e+00
 201.997025     40.000  34.556244     7.4075     2.3216     39.662    33.7771    26.3994 0.0000e+00
 201.997072     41.000  34.563529     7.3995     2.2975     40.654    33.7923    26.4125 0.0000e+00
