data/oxygen options/OCNMS/OCNMS1/raw_data/2022/CAST_TH042_220721faed.cnv
* Sea-Bird SBE 19 Data File:
* FileName = C:\2022 Mooring Data\Casts\CAST_TH042_220721.hex
* Software Version SeatermAF 2.1.2
* Temperature SN = 2997
* Conductivity SN = 2997
* System UpLoad Time = Jul 21 2022 01:05:31 (localtime) = Jul 21 2022 01:05:31 (UTC)
** CAST_TH042_220721
* ds
# nquan = 9                                 
# nvalues = 1451                        
# units = specified
# name 0 = timeJ: Julian Days
# name 1 = prSM: Pressure, Strain Gauge [db]
# name 2 = c0mS/cm: Conductivity [mS/cm]
# name 3 = t090C: Temperature [ITS-90, deg C]
# name 4 = sbeox0ML/L: Oxygen, SBE 43 [ml/l]
# name 5 = depSM: Depth [salt water, m], lat = 47.5
# name 6 = sal00: Salinity, Practical [PSU]
# name 7 = sigma-é00: Density [sigma-theta, kg/m^3]
# name 8 = flag: flag
# span 0 = 201.990174, 201.998565       
# span 1 =     -6.137,     41.308       
# span 2 =   0.317530,  39.012674       
# span 3 =     7.3979,    17.7475       
# span 4 =    -1.8086,    17.8292       
# span 5 =     -6.086,     40.959       
# span 6 =     0.1786,    33.7994       
# span 7 =    -1.2182,    26.4181       
# span 8 = 0.0000e+00, 0.0000e+00       
# interval = seconds: 0.5
# start_time = Jul 20 2022 23:45:51 [Instrument's time stamp, header]
# bad_flag = -9.990e-29
*END*
[from data line 641]
 201.993883     -0.714   0.470313    17.4530    -1.7924     -0.708     0.2678    -1.0974 -9.990e-29
 201.993889     -0.716   0.470416    17.4617    -1.7923     -0.710     0.2678    -1.0990 -9.990e-29
 201.993895     -0.718   0.469537    17.4696    -1.7927     -0.712     0.2672    -1.1009 -9.990e-29
 201.993900     -0.726   0.469271    17.4762    -1.7938     -0.720     0.2670    -1.1022 -9.990e-29
 201.993906     -0.739   0.472030    17.4829    -1.7951     -0.733     0.2686    -1.1022 -9.990e-29
 201.993912     -0.751   0.482044    17.4905    -1.7961     -0.745     0.2744    -1.0991 -9.990e-29
 201.993918     -0.756   0.509344    17.4963    -1.7970     -0.750     0.2903    -1.0879 -9.990e-29
 201.993924     -0.757   0.583688    17.4974    -1.7974     -0.751     0.3340    -1.0545 -9.990e-29
 201.993929     -0.752   0.724484    17.4948    -1.7975     -0.746     0.4176    -0.9898 -9.990e-29
 201.993935     -0.747   0.865888    17.4905    -1.7979     -0.741     0.5025    -0.9238 -9.990e-29
 201.993941     -0.744   0.932888    17.4820    -1.7981     -0.738     0.5431    -0.8911 -9.990e-29
 201.993947     -0.739   0.951697    17.4636    -1.7984     -0.733     0.5547    -0.8788 -9.990e-29
 201.993953     -0.732   0.970099    17.4339    -1.7982     -0.726     0.5663    -0.8646 -9.990e-29
 201.993958     -0.727   0.997123    17.3995    -1.7981     -0.721     0.5832    -0.8454 -9.990e-29
 201.993964     -0.724   1.029484    17.3692    -1.7983     -0.718     0.6034    -0.8245 -9.990e-29
 201.993970     -0.722   1.060489    17.3486    -1.5157     -0.716     0.6226    -0.8060 -9.990e-29
 201.993976     -0.721   1.078870    17.3382    -1.5457     -0.715     0.6341    -0.7954 -9.990e-29
 201.993981     -0.721   1.074798    17.3334    -1.5597     -0.715     0.6316    -0.7964 -9.990e-29
 201.993987     -0.718   1.054472    17.3277    -1.5630     -0.712     0.6193    -0.8048 -9.990e-29
 201.993993     -0.712   1.037864    17.3174    -1.5644     -0.706     0.6093    -0.8107 -9.990e-29
 201.993999     -0.706   1.055992    17.3007    -1.5664     -0.700     0.6206    -0.7990 -9.990e-29
 201.994005     -0.696   1.165700    17.2694    -1.5664     -0.690     0.6885    -0.7412 -9.990e-29
 201.994010     -0.678   1.507726    17.1959    -1.5741     -0.672     0.9028    -0.5637 -9.990e-29
 201.994016     -0.649   2.497127    16.9998    -1.5868     -0.644     1.5422    -0.0384 -9.990e-29
 201.994022     -0.608   5.365602    16.5326    -1.5955     -0.603     3.5129     1.5531 -9.990e-29
 201.994028     -0.556  13.828127    15.8490    -1.6105     -0.551     9.8850     6.5454 -9.990e-29
 201.994034     -0.500  26.482599    15.2764    -1.6156     -0.496    20.3621    14.6667 -9.990e-29
 201.994039     -0.439  34.907217    14.9659    -1.6092     -0.435    27.8330    20.4616 -9.990e-29
 201.994045     -0.369  37.693313    14.8167    -1.6040     -0.366    30.4257    22.4870 -9.990e-29
 201.994051     -0.287  38.594829    14.7157    -1.5994     -0.285    31.3175    23.1949 -9.990e-29
 201.994057     -0.192  38.852450    14.5664    -1.5960     -0.190    31.6717    23.4992 -9.990e-29
 201.994063     -0.085  38.897121    14.2871    -1.5934     -0.084    31.9417    23.7657 -9.990e-29
 201.994068      0.026  38.890426    13.9019    -1.5937      0.026    32.2565    24.0879 -9.990e-29
 201.994074      0.133  38.880060    13.5403    -1.5939      0.132    32.5527    24.3901 -9.990e-29
 201.994080      0.229  38.870676    13.3115    -1.5935      0.227    32.7399    24.5807 -9.990e-29
 201.994086      0.307  38.733705    13.2504    -1.5939      0.304    32.6637    24.5340 -9.990e-29
 201.994091      0.359  38.401347    13.3282    -1.5936      0.356    32.2856    24.2261 -9.990e-29
 201.994097      0.389  38.117474    13.4721    -1.5932      0.386    31.8993    23.8988 -9.990e-29
 201.994103      0.408  38.035970    13.6060    -1.5947      0.405    31.7121    23.7273 -9.990e-29
 201.994109      0.420  38.051584    13.6981    -1.5998      0.416    31.6503    23.6611 -9.990e-29
 201.994115      0.426  38.115720    13.7564    -1.6015      0.422    31.6615    23.6580 -9.990e-29
 201.994120      0.427  38.217570    13.7897    -1.6071      0.423    31.7281    23.7027 -9.990e-29
 201.994126      0.423  38.286774    13.8046    -1.6031      0.419    31.7797    23.7395 -9.990e-29
 201.994132      0.414  38.294611    13.8102    -1.5989      0.411    31.7823    23.7404 -9.990e-29
 201.994138      0.403  38.283506    13.8139    -1.5969      0.400    31.7690    23.7294 -9.990e-29
 201.994144      0.394  38.277914    13.8144    -1.5971      0.391    31.7634    23.7250 -9.990e-29
 201.994149      0.386  38.265368    13.7897    -1.5964      0.383    31.7723    23.7368 -9.990e-29
 201.994155      0.384  38.248785    13.6982    -1.5967      0.381    31.8329    23.8021 -9.990e-29
 201.994161      0.390  38.246436    13.5566    -1.5991      0.387    31.9487    23.9201 -9.990e-29
 201.994167      0.402  38.294446    13.4519    -1.5995      0.399    32.0812    24.0434 -9.990e-29
 201.994172      0.411  38.375032    13.4427    -1.5993      0.408    32.1641    24.1094 -9.990e-29
 201.994178      0.415  38.363650    13.5255    -1.6061      0.412    32.0838    24.0307 -9.990e-29
 201.994184      0.412  38.236725    13.6356    -1.6081      0.409    31.8737    23.8463 -9.990e-29
 201.994190      0.403  38.119804    13.7043    -1.6062      0.400    31.7083    23.7047 -9.990e-29
 201.994196      0.391  38.073340    13.7122    -1.6053      0.388    31.6588    23.6648 -9.990e-29
 201.994201      0.385  38.076906    13.6814    -1.6106      0.382    31.6876    23.6932 -9.990e-29
 201.994207      0.389  38.140907    13.6515    -1.6162      0.386    31.7717    23.7642 -9.990e-29
 201.994213      0.397  38.242002    13.6383    -1.6169      0.394    31.8764    23.8478 -9.990e-29
 201.994219      0.408  38.267894    13.6163    -1.6136      0.405    31.9188    23.8849 -9.990e-29
 201.994225      0.420  38.188130    13.5365    -1.6116      0.416    31.9113    23.8951 -9.990e-29
 201.994230      0.431  38.119970    13.4199    -1.6108      0.427    31.9453    23.9447 -9.990e-29
 201.994236      0.437  38.131706    13.3682    -1.6067      0.433    31.9996    23.9970 -9.990e-29
 201.994242      0.439  38.148788    13.3886    -1.6041      0.435    31.9985    23.9921 -9.990e-29
 201.994248      0.436  38.080807    13.3669    -1.6042      0.432    31.9532    23.9614 -9.990e-29
 201.994253      0.433  37.957612    13.2476    -1.6046      0.429    31.9381    23.9733 -9.990e-29
 201.994259      0.434  37.886754    13.1077    -1.6061      0.430    31.9893    24.0405 -9.990e-29
 201.994265      0.434  37.906025    13.0509    -1.6120      0.430    32.0554    24.1027 -9.990e-29
 201.994271      0.430  37.971084    13.0903    -1.6124      0.426    32.0833    24.1166 -9.990e-29
 201.994277      0.420  38.021311    13.1752    -1.6108      0.416    32.0588    24.0809 -9.990e-29
 201.994282      0.410  38.027881    13.2784    -1.6094      0.407    31.9780    23.9981 -9.990e-29
 201.994288      0.406  37.990074    13.3867    -1.6133      0.403    31.8519    23.8791 -9.990e-29
 201.994294      0.412  37.932614    13.4616    -1.6181      0.409    31.7359    23.7746 -9.990e-29
 201.994300      0.430  37.895486    13.4746    -1.6195      0.426    31.6905    23.7369 -9.990e-29
 201.994306      0.455  37.891435    13.4383    -1.6187      0.451    31.7169    23.7645 -9.990e-29
 201.994311      0.478  37.919030    13.3717    -1.6179      0.474    31.7981    23.8405 -9.990e-29
 201.994317      0.485  37.950658    13.3041    -1.6171      0.481    31.8842    23.9205 -9.990e-29
 201.994323      0.474  37.932702    13.2780    -1.6169      0.470    31.8892    23.9295 -9.990e-29
 201.994329      0.452  37.861968    13.2863    -1.6153      0.448    31.8161    23.8714 -9.990e-29
 201.994334      0.435  37.793764    13.2704    -1.6156      0.431    31.7656    23.8355 -9.990e-29
 201.994340      0.431  37.755965    13.1980    -1.6167      0.427    31.7908    23.8692 -9.990e-29
 201.994346      0.438  37.731272    13.1079    -1.6176      0.434    31.8431    23.9273 -9.990e-29
 201.994352      0.454  37.699119    13.0496    -1.6213      0.450    31.8618    23.9532 -9.990e-29
 201.994358      0.471  37.662035    13.0252    -1.6215      0.467    31.8474    23.9468 -9.990e-29
 201.994363      0.486  37.652947    13.0174    -1.6208      0.482    31.8454    23.9468 -9.990e-29
 201.994369      0.499  37.692097    13.0181    -1.6220      0.495    31.8817    23.9747 -9.990e-29
 201.994375      0.508  37.757806    13.0286    -1.6183      0.504    31.9347    24.0137 -9.990e-29
 201.994381      0.503  37.815914    13.0479    -1.6102      0.499    31.9731    24.0397 -9.990e-29
 201.994387      0.486  37.849128    13.0667    -1.6096      0.482    31.9885    24.0479 -9.990e-29
 201.994392      0.463  37.844346    13.0710    -1.6099      0.459    31.9804    24.0408 -9.990e-29
 201.994398      0.441  37.782291    13.0409    -1.6125      0.437    31.9474    24.0211 -9.990e-29
 201.994404      0.428  37.688905    12.9809    -1.6103      0.424    31.9100    24.0039 -9.990e-29
 201.994410      0.427  37.626796    12.9354    -1.6110      0.423    31.8898    23.9971 -9.990e-29
 201.994416      0.433  37.628546    12.9350    -1.6112      0.429    31.8918    23.9987 -9.990e-29
 201.994421      0.443  37.668439    12.9887    -1.6116      0.439    31.8842    23.9824 -9.990e-29
 201.994427      0.458  37.679736    13.1049    -1.6131      0.454    31.7972    23.8924 -9.990e-29
 201.994433      0.474  37.654506    13.2329    -1.6133      0.470    31.6666    23.7663 -9.990e-29
 201.994439      0.488  37.650423    13.2943    -1.6151      0.484    31.6117    23.7118 -9.990e-29
 201.994444      0.500  37.688383    13.2869    -1.6214      0.496    31.6533    23.7454 -9.990e-29
 201.994450      0.508  37.743932    13.2600    -1.6195      0.504    31.7277    23.8082 -9.990e-29
 201.994456      0.507  37.793076    13.2429    -1.6226      0.503    31.7879    23.8581 -9.990e-29
 201.994462      0.497  37.838559    13.2279    13.3106      0.493    31.8431    23.9037 -9.990e-29
 201.994468      0.478  37.886087    13.2101    17.5915      0.474    31.9025    23.9532 -9.990e-29
 201.994473      0.457  37.918886    13.1983    17.8292      0.453    31.9432    23.9870 -9.990e-29
 201.994479      0.446  37.925198    13.1959    14.6008      0.442    31.9511    23.9936 -9.990e-29
 201.994485      0.448  37.887082    13.1688     8.0060      0.444    31.9382    23.9889 -9.990e-29
 201.994491      0.459  37.793475    13.0691     8.0686      0.455    31.9341    24.0054 -9.990e-29
 201.994497      0.471  37.725743    12.9432     8.3963      0.467    31.9765    24.0627 -9.990e-29
 201.994502      0.481  37.753803    12.8709     8.5149      0.477    32.0642    24.1447 -9.990e-29
 201.994508      0.489  37.804651    12.8307     8.5223      0.485    32.1465    24.2161 -9.990e-29
 201.994514      0.496  37.745446    12.7388     8.4266      0.492    32.1687    24.2511 -9.990e-29
 201.994520      0.502  37.501698    12.5780     8.3520      0.498    32.0741    24.2087 -9.990e-29
 201.994525      0.507  37.210063    12.4397     8.4072      0.503    31.9140    24.1109 -9.990e-29
 201.994531      0.513  37.066580    12.3877     8.5149      0.509    31.8211    24.0489 -9.990e-29
 201.994537      0.515  37.046279    12.4003     8.6487      0.511    31.7911    24.0232 -9.990e-29
 201.994543      0.513  37.057619    12.4482     8.6739      0.509    31.7614    23.9911 -9.990e-29
 201.994549      0.515  37.074799    12.5051     8.5353      0.511    31.7297    23.9558 -9.990e-29
 201.994554      0.522  37.079813    12.5799     8.4475      0.518    31.6714    23.8964 -9.990e-29
 201.994560      0.526  37.101189    12.7658     8.4207      0.522    31.5358    23.7559 -9.990e-29
 201.994566      0.518  37.217276    13.1073     8.4161      0.514    31.3614    23.5548 -9.990e-29
 201.994572      0.498  37.427089    13.4418     8.4313      0.494    31.2819    23.4277 -9.990e-29
 201.994578      0.477  37.643975    13.5999     8.4482      0.473    31.3536    23.4516 -9.990e-29
 201.994583      0.468  37.791869    13.5750     8.4821      0.464    31.5112    23.5783 -9.990e-29
 201.994589      0.468  37.762653    13.3987     8.4664      0.464    31.6298    23.7051 -9.990e-29
 201.994595      0.470  37.566121    13.1912     8.4308      0.466    31.6186    23.7374 -9.990e-29
 201.994601      0.470  37.423173    13.1177     8.4105      0.466    31.5458    23.6954 -9.990e-29
 201.994606      0.467  37.419938    13.1548     8.3875      0.463    31.5119    23.6620 -9.990e-29
 201.994612      0.462  37.443895    13.1837     8.4663      0.458    31.5104    23.6552 -9.990e-29
 201.994618      0.453  37.451883    13.1989     8.4793      0.449    31.5053    23.6482 -9.990e-29
 201.994624      0.446  37.504980    13.2186     8.4976      0.442    31.5386    23.6701 -9.990e-29
 201.994630      0.447  37.535015    13.2089     8.5201      0.443    31.5748    23.7000 -9.990e-29
 201.994635      0.457  37.464354    13.1992     8.5157      0.453    31.5167    23.6570 -9.990e-29
 201.994641      0.469  37.426245    13.2376     8.5188      0.465    31.4492    23.5973 -9.990e-29
 201.994647      0.478  37.473507    13.3096     8.4917      0.474    31.4339    23.5713 -9.990e-29
 201.994653      0.484  37.539706    13.3844     8.4929      0.480    31.4339    23.5565 -9.990e-29
 201.994659      0.490  37.606644    13.4519     8.5179      0.486    31.4406    23.5483 -9.990e-29
 201.994664      0.494  37.662717    13.5119     8.5289      0.490    31.4433    23.5384 -9.990e-29
 201.994670      0.498  37.701998    13.5580     8.5425      0.494    31.4418    23.5281 -9.990e-29
 201.994676      0.500  37.731471    13.5719     8.5306      0.496    31.4577    23.5376 -9.990e-29
 201.994682      0.502  37.737194    13.5416     8.5219      0.498    31.4879    23.5670 -9.990e-29
 201.994688      0.504  37.713342    13.5107     8.5141      0.500    31.4913    23.5758 -9.990e-29
 201.994693      0.502  37.707098    13.5413     8.4676      0.498    31.4603    23.5457 -9.990e-29
 201.994699      0.490  37.739803    13.6244     8.4610      0.486    31.4223    23.4998 -9.990e-29
 201.994705      0.473  37.779951    13.6951     8.4735      0.469    31.4014    23.4695 -9.990e-29
 201.994711      0.454  37.817185    13.7193     8.4809      0.450    31.4160    23.4759 -9.990e-29
 201.994716      0.440  37.852967    13.7099     8.4873      0.436    31.4568    23.5093 -9.990e-29
 201.994722      0.442  37.876171    13.6921     8.4765      0.438    31.4929    23.5407 -9.990e-29
 201.994728      0.458  37.889142    13.6890     8.4939      0.454    31.5074    23.5526 -9.990e-29
 201.994734      0.475  37.902989    13.7056     8.4991      0.471    31.5066    23.5486 -9.990e-29
 201.994740      0.490  37.913736    13.7265     8.5009      0.486    31.4993    23.5388 -9.990e-29
 201.994745      0.504  37.921121    13.7418     8.5493      0.500    31.4936    23.5313 -9.990e-29
 201.994751      0.517  37.937779    13.7511     8.6273      0.513    31.5013    23.5354 -9.990e-29
 201.994757      0.527  37.952847    13.7590     8.6939      0.523    31.5088    23.5395 -9.990e-29
 201.994763      0.530  37.954460    13.7705     8.6999      0.526    31.5008    23.5311 -9.990e-29
 201.994769      0.529  37.955956    13.7829     8.7243      0.525    31.4920    23.5218 -9.990e-29
 201.994774      0.530  37.954268    13.7819     8.7209      0.526    31.4913    23.5214 -9.990e-29
 201.994780      0.532  37.928637    13.7584     8.6566      0.528    31.4869    23.5228 -9.990e-29
 201.994786      0.536  37.894180    13.7348     8.6265      0.532    31.4744    23.5179 -9.990e-29
 201.994792      0.537  37.887864    13.7344     8.5245      0.533    31.4689    23.5137 -9.990e-29
 201.994797      0.532  37.915251    13.7547     8.5637      0.528    31.4776    23.5163 -9.990e-29
