data/oxygen options/OCNMS/OCNMS1/raw_data/2022/CAST_KL015_220719faed.cnv
* Sea-Bird SBE 19 Data File:
* FileName = C:\2022 Mooring Data\Casts\CAST_KL015_220719.hex
* Software Version SeatermAF 2.1.2
* Temperature SN = 2997
* Conductivity SN = 2997
* System UpLoad Time = Jul 19 2022 18:49:25 (localtime) = Jul 19 2022 18:49:25 (UTC)
** CAST_KL015_220719
* ds
# nquan = 9                                 
# nvalues = 798                         
# units = specified
# name 0 = timeJ: Julian Days
# name 1 = prSM: Pressure, Strain Gauge [db]
# name 2 = c0mS/cm: Conductivity [mS/cm]
# name 3 = t090C: Temperature [ITS-90, deg C]
# name 4 = sbeox0ML/L: Oxygen, SBE 43 [ml/l]
# name 5 = depSM: Depth [salt water, m], lat = 47.5
# name 6 = sal00: Salinity, Practical [PSU]
# name 7 = sigma-é00: Density [sigma-theta, kg/m^3]
# name 8 = flag: flag
# span 0 = 200.747593, 200.752205       
# span 1 =     -5.382,     12.681       
# span 2 =   0.297911,  37.147458       
# span 3 =     8.1715,    14.4189       
# span 4 =    -1.9707,    17.8180       
# span 5 =     -5.337,     12.575       
# span 6 =     0.1825,    33.2852       
# span 7 =    -0.6707,    25.8876       
# span 8 = 0.0000e+00, 0.0000e+00       
# interval = seconds: 0.5
# start_time = Jul 19 2022 17:56:32 [Instrument's time stamp, header]
# bad_flag = -9.990e-29
*END*
[from data line 481]
 200.750376      0.299  36.856858    12.5312     8.0051      0.297    31.5005    23.7733 -9.990e-29
 200.750382      0.302  36.855979    12.5308     8.0244      0.299    31.5000    23.7730 -9.990e-29
 200.750388      0.310  36.853549    12.5311     7.9747      0.307    31.4975    23.7709 -9.990e-29
 200.750394      0.322  36.852526    12.5320     8.0071      0.319    31.4957    23.7694 -9.990e-29
 200.750399      0.335  36.852693    12.5331     8.0202      0.332    31.4950    23.7686 -9.990e-29
 200.750405      0.342  36.853164    12.5339     8.0406      0.339    31.4947    23.7683 -9.990e-29
 200.750411      0.338  36.854567    12.5333     8.0733      0.335    31.4966    23.7698 -9.990e-29
 200.750417      0.327  36.856519    12.5296     8.0591      0.324    31.5015    23.7744 -9.990e-29
 200.750422      0.318  36.856566    12.5238     8.0664      0.315    31.5064    23.7793 -9.990e-29
 200.750428      0.313  36.854190    12.5193     8.0656      0.310    31.5080    23.7813 -9.990e-29
 200.750434      0.314  36.850128    12.5157     8.0646      0.311    31.5071    23.7813 -9.990e-29
 200.750440      0.319  36.842865    12.5108     8.0564      0.316    31.5043    23.7801 -9.990e-29
 200.750446      0.329  36.835025    12.5078     8.0272      0.326    31.4994    23.7768 -9.990e-29
 200.750451      0.341  36.832384    12.5086     8.0185      0.338    31.4962    23.7742 -9.990e-29
 200.750457      0.346  36.834762    12.5103     8.0169      0.343    31.4970    23.7745 -9.990e-29
 200.750463      0.346  36.837467    12.5101     8.0243      0.343    31.4997    23.7767 -9.990e-29
 200.750469      0.347  36.837924    12.5088     8.0332      0.344    31.5013    23.7781 -9.990e-29
 200.750475      0.352  36.837287    12.5081     8.0403      0.349    31.5013    23.7782 -9.990e-29
 200.750480      0.355  36.836928    12.5082     8.0420      0.352    31.5008    23.7779 -9.990e-29
 200.750486      0.356  36.837469    12.5084     8.0415      0.353    31.5012    23.7781 -9.990e-29
 200.750492      0.353  36.838494    12.5080     8.0399      0.350    31.5025    23.7792 -9.990e-29
 200.750498      0.344  36.838548    12.5072     8.0434      0.341    31.5032    23.7799 -9.990e-29
 200.750503      0.337  36.837685    12.5066     8.0454      0.334    31.5029    23.7798 -9.990e-29
 200.750509      0.337  36.836419    12.5063     8.0390      0.334    31.5019    23.7791 -9.990e-29
 200.750515      0.339  36.835846    12.5064     8.0231      0.336    31.5013    23.7786 -9.990e-29
 200.750521      0.338  36.836303    12.5064     8.0170      0.335    31.5017    23.7789 -9.990e-29
 200.750527      0.340  36.836137    12.5063     8.0252      0.337    31.5017    23.7789 -9.990e-29
 200.750532      0.348  36.835671    12.5068     8.0323      0.345    31.5008    23.7781 -9.990e-29
 200.750538      0.358  36.835385    12.5078     8.0518      0.355    31.4997    23.7771 -9.990e-29
 200.750544      0.363  36.835442    12.5086     8.0534      0.360    31.4991    23.7765 -9.990e-29
 200.750550      0.359  36.836458    12.5092     8.0562      0.356    31.4995    23.7767 -9.990e-29
 200.750556      0.350  36.836408    12.5089     8.0482      0.347    31.4997    23.7769 -9.990e-29
 200.750561      0.344  36.832968    12.5071     8.0403      0.341    31.4980    23.7759 -9.990e-29
 200.750567      0.344  36.828256    12.5048     8.0337      0.341    31.4954    23.7744 -9.990e-29
 200.750573      0.346  36.826056    12.5035     8.0018      0.343    31.4944    23.7738 -9.990e-29
 200.750579      0.347  36.826218    12.5040     8.0419      0.344    31.4942    23.7735 -9.990e-29
 200.750584      0.351  36.826698    12.5055     8.0364      0.348    31.4934    23.7726 -9.990e-29
 200.750590      0.361  36.826995    12.5066     8.0490      0.358    31.4927    23.7719 -9.990e-29
 200.750596      0.375  36.828050    12.5073     8.0621      0.372    31.4931    23.7721 -9.990e-29
 200.750602      0.385  36.830128    12.5082     8.0208      0.382    31.4943    23.7729 -9.990e-29
 200.750608      0.392  36.832622    12.5089     8.0730      0.389    31.4961    23.7741 -9.990e-29
 200.750613      0.399  36.833795    12.5074     8.0950      0.396    31.4985    23.7762 -9.990e-29
 200.750619      0.409  36.830150    12.4992     8.1023      0.406    31.5019    23.7804 -9.990e-29
 200.750625      0.420  36.819612    12.4826     8.0990      0.416    31.5058    23.7866 -9.990e-29
 200.750631      0.430  36.803800    12.4678     8.0564      0.426    31.5031    23.7873 -9.990e-29
 200.750637      0.435  36.792424    12.4657     8.0395      0.431    31.4941    23.7807 -9.990e-29
 200.750642      0.436  36.793266    12.4718     8.0447      0.432    31.4898    23.7762 -9.990e-29
 200.750648      0.432  36.799584    12.4776     8.0706      0.428    31.4909    23.7760 -9.990e-29
 200.750654      0.423  36.804657    12.4811     8.0897      0.419    31.4928    23.7768 -9.990e-29
 200.750660      0.413  36.808508    12.4824     8.0932      0.410    31.4954    23.7786 -9.990e-29
 200.750666      0.410  36.810651    12.4809     8.0802      0.407    31.4987    23.7814 -9.990e-29
 200.750671      0.418  36.808886    12.4760     8.0629      0.415    31.5011    23.7842 -9.990e-29
 200.750677      0.433  36.801961    12.4690     8.0582      0.429    31.5004    23.7850 -9.990e-29
 200.750683      0.448  36.791271    12.4645     8.0591      0.444    31.4940    23.7808 -9.990e-29
 200.750689      0.458  36.784394    12.4661     8.0624      0.454    31.4861    23.7744 -9.990e-29
 200.750694      0.462  36.788946    12.4722     8.0514      0.458    31.4853    23.7727 -9.990e-29
 200.750700      0.453  36.797531    12.4775     8.0492      0.449    31.4890    23.7746 -9.990e-29
 200.750706      0.441  36.802527    12.4792     8.0709      0.437    31.4924    23.7768 -9.990e-29
 200.750712      0.438  36.806100    12.4781     8.0788      0.434    31.4967    23.7804 -9.990e-29
 200.750718      0.444  36.807395    12.4757     8.0708      0.440    31.4999    23.7833 -9.990e-29
 200.750723      0.449  36.803077    12.4724     8.0493      0.445    31.4986    23.7829 -9.990e-29
 200.750729      0.451  36.793534    12.4697     8.0516      0.447    31.4918    23.7782 -9.990e-29
 200.750735      0.449  36.787312    12.4700     8.0578      0.445    31.4856    23.7733 -9.990e-29
 200.750741      0.443  36.790663    12.4725     8.0591      0.439    31.4867    23.7737 -9.990e-29
 200.750747      0.437  36.796269    12.4735     8.0597      0.433    31.4912    23.7770 -9.990e-29
 200.750752      0.440  36.798701    12.4721     8.0528      0.436    31.4947    23.7800 -9.990e-29
 200.750758      0.451  36.799505    12.4691     8.0615      0.447    31.4980    23.7831 -9.990e-29
 200.750764      0.463  36.796932    12.4660     8.0661      0.459    31.4981    23.7838 -9.990e-29
 200.750770      0.472  36.793697    12.4651     8.0526      0.468    31.4958    23.7821 -9.990e-29
 200.750775      0.479  36.795553    12.4653     8.0472      0.475    31.4974    23.7833 -9.990e-29
 200.750781      0.480  36.798792    12.4642     8.0379      0.476    31.5014    23.7866 -9.990e-29
 200.750787      0.470  36.798749    12.4633     7.9996      0.466    31.5021    23.7874 -9.990e-29
 200.750793      0.454  36.798151    12.4651     8.0577      0.450    31.5000    23.7854 -9.990e-29
 200.750799      0.439  36.800103    12.4690     8.0725      0.435    31.4986    23.7836 -9.990e-29
 200.750804      0.432  36.803268    12.4725     8.0705      0.428    31.4987    23.7830 -9.990e-29
 200.750810      0.437  36.805685    12.4741     8.0725      0.433    31.4996    23.7834 -9.990e-29
 200.750816      0.451  36.807199    12.4748     8.0218      0.447    31.5005    23.7840 -9.990e-29
 200.750822      0.465  36.808130    12.4757     8.0652      0.461    31.5006    23.7839 -9.990e-29
 200.750828      0.472  36.808579    12.4757     8.0655      0.468    31.5010    23.7842 -9.990e-29
 200.750833      0.468  36.809127    12.4737     8.0658      0.464    31.5032    23.7863 -9.990e-29
 200.750839      0.458  36.809926    12.4706     8.0584      0.454    31.5066    23.7895 -9.990e-29
 200.750845      0.444  36.809783    12.4684     8.0408      0.440    31.5083    23.7912 -9.990e-29
 200.750851      0.431  36.809049    12.4679     8.0463      0.427    31.5080    23.7911 -9.990e-29
 200.750856      0.426  36.809527    12.4677     8.0621      0.422    31.5087    23.7916 -9.990e-29
 200.750862      0.432  36.809596    12.4621     8.0814      0.428    31.5134    23.7964 -9.990e-29
 200.750868      0.446  36.804848    12.4457     8.0711      0.442    31.5227    23.8066 -9.990e-29
 200.750874      0.461  36.796216    12.4276     8.0579      0.457    31.5296    23.8154 -9.990e-29
 200.750880      0.468  36.791781    12.4231     8.0407      0.464    31.5292    23.8159 -9.990e-29
 200.750885      0.465  36.795134    12.4329     8.0563      0.461    31.5241    23.8102 -9.990e-29
 200.750891      0.454  36.801198    12.4466     8.0541      0.450    31.5184    23.8032 -9.990e-29
 200.750897      0.444  36.806274    12.4569     8.0609      0.440    31.5146    23.7983 -9.990e-29
 200.750903      0.443  36.809830    12.4620     8.0609      0.439    31.5137    23.7966 -9.990e-29
 200.750909      0.451  36.811552    12.4634     8.0623      0.447    31.5142    23.7967 -9.990e-29
 200.750914      0.459  36.812037    12.4635     8.0690      0.455    31.5146    23.7970 -9.990e-29
 200.750920      0.464  36.812473    12.4633     8.0665      0.460    31.5152    23.7975 -9.990e-29
 200.750926      0.466  36.813424    12.4632     8.0647      0.462    31.5161    23.7983 -9.990e-29
 200.750932      0.466  36.815020    12.4638     8.0682      0.462    31.5172    23.7989 -9.990e-29
 200.750937      0.463  36.817127    12.4661     8.0618      0.459    31.5172    23.7986 -9.990e-29
 200.750943      0.457  36.818614    12.4701     8.0652      0.453    31.5153    23.7963 -9.990e-29
 200.750949      0.448  36.819206    12.4744     8.0577      0.444    31.5123    23.7931 -9.990e-29
 200.750955      0.440  36.819673    12.4763     8.0479      0.436    31.5111    23.7919 -9.990e-29
 200.750961      0.440  36.819501    12.4753     8.0434      0.436    31.5118    23.7926 -9.990e-29
 200.750966      0.448  36.818443    12.4730     8.0417      0.444    31.5127    23.7938 -9.990e-29
 200.750972      0.457  36.817314    12.4713     8.0315      0.453    31.5131    23.7943 -9.990e-29
 200.750978      0.462  36.816269    12.4716     8.0320      0.458    31.5118    23.7933 -9.990e-29
 200.750984      0.465  36.816136    12.4742     8.0412      0.461    31.5095    23.7910 -9.990e-29
 200.750990      0.465  36.817839    12.4790     8.0457      0.461    31.5071    23.7883 -9.990e-29
 200.750995      0.462  36.821389    12.4847     8.0583      0.458    31.5057    23.7861 -9.990e-29
 200.751001      0.461  36.826461    12.4894     8.0109      0.457    31.5066    23.7859 -9.990e-29
 200.751007      0.465  36.831396    12.4896     8.0586      0.461    31.5111    23.7894 -9.990e-29
 200.751013      0.471  36.831551    12.4840     8.0705      0.467    31.5159    23.7942 -9.990e-29
 200.751019      0.474  36.826556    12.4788     8.0709      0.470    31.5156    23.7949 -9.990e-29
 200.751024      0.475  36.823738    12.4794     8.0835      0.471    31.5124    23.7923 -9.990e-29
 200.751030      0.474  36.825482    12.4835     8.0307      0.470    31.5106    23.7901 -9.990e-29
 200.751036      0.471  36.827932    12.4868     8.0465      0.467    31.5102    23.7892 -9.990e-29
 200.751042      0.470  36.828734    12.4886     8.0457      0.466    31.5094    23.7883 -9.990e-29
 200.751047      0.475  36.829500    12.4898     8.0476      0.471    31.5091    23.7878 -9.990e-29
 200.751053      0.482  36.831235    12.4903     8.0417      0.478    31.5104    23.7887 -9.990e-29
 200.751059      0.488  36.831751    12.4905     8.0442      0.484    31.5107    23.7889 -9.990e-29
 200.751065      0.493  36.831156    12.4913     8.0567      0.489    31.5094    23.7878 -9.990e-29
 200.751071      0.496  36.830880    12.4927     8.0543      0.492    31.5080    23.7864 -9.990e-29
 200.751076      0.499  36.831097    12.4940     8.0552      0.495    31.5071    23.7855 -9.990e-29
 200.751082      0.501  36.831520    12.4948     8.0474      0.497    31.5069    23.7851 -9.990e-29
 200.751088      0.502  36.831574    12.4951     8.0325      0.498    31.5067    23.7849 -9.990e-29
 200.751094      0.504  36.831128    12.4945     8.0463      0.500    31.5067    23.7851 -9.990e-29
 200.751100      0.505  36.830681    12.4931     8.0636      0.501    31.5075    23.7859 -9.990e-29
 200.751105      0.506  36.831048    12.4925     8.0693      0.502    31.5083    23.7867 -9.990e-29
 200.751111      0.506  36.832592    12.4937     8.0726      0.502    31.5088    23.7868 -9.990e-29
 200.751117      0.507  36.834820    12.4956     8.0499      0.503    31.5093    23.7869 -9.990e-29
 200.751123      0.507  36.836664    12.4974     8.0268      0.503    31.5096    23.7867 -9.990e-29
 200.751128      0.507  36.837671    12.4993     8.0174      0.503    31.5089    23.7859 -9.990e-29
 200.751134      0.507  36.839068    12.5008     8.0258      0.503    31.5090    23.7856 -9.990e-29
 200.751140      0.508  36.840365    12.5010     8.0225      0.504    31.5101    23.7864 -9.990e-29
 200.751146      0.508  36.839813    12.4997     8.0202      0.504    31.5106    23.7871 -9.990e-29
 200.751152      0.508  36.838247    12.4977     8.0268      0.504    31.5108    23.7876 -9.990e-29
 200.751157      0.508  36.836826    12.4963     8.0277      0.504    31.5106    23.7877 -9.990e-29
 200.751163      0.513  36.836343    12.4963     8.0419      0.509    31.5102    23.7874 -9.990e-29
 200.751169      0.526  36.837161    12.4973     8.0653      0.522    31.5101    23.7872 -9.990e-29
 200.751175      0.541  36.838016    12.4981     8.0601      0.536    31.5102    23.7871 -9.990e-29
 200.751181      0.549  36.838254    12.4979     8.0638      0.544    31.5106    23.7874 -9.990e-29
 200.751186      0.551  36.838077    12.4975     8.0444      0.546    31.5108    23.7877 -9.990e-29
 200.751192      0.547  36.837697    12.4976     8.0617      0.542    31.5104    23.7873 -9.990e-29
 200.751198      0.542  36.837614    12.4982     8.0697      0.537    31.5098    23.7867 -9.990e-29
 200.751204      0.539  36.838165    12.4990     8.0838      0.535    31.5096    23.7865 -9.990e-29
 200.751209      0.537  36.839409    12.5006     8.0732      0.533    31.5095    23.7860 -9.990e-29
 200.751215      0.542  36.841211    12.5028     8.0170      0.537    31.5093    23.7855 -9.990e-29
 200.751221      0.558  36.842501    12.5042     8.0657      0.553    31.5094    23.7853 -9.990e-29
 200.751227      0.576  36.842643    12.5044     8.0631      0.571    31.5094    23.7852 -9.990e-29
 200.751233      0.587  36.842835    12.5038     8.0745      0.582    31.5100    23.7859 -9.990e-29
 200.751238      0.585  36.843216    12.5018     8.0861      0.580    31.5121    23.7878 -9.990e-29
 200.751244      0.571  36.842499    12.4981     8.0503      0.566    31.5145    23.7904 -9.990e-29
 200.751250      0.548  36.840736    12.4942     8.0536      0.543    31.5161    23.7924 -9.990e-29
 200.751256      0.528  36.838825    12.4917     8.0458      0.524    31.5164    23.7931 -9.990e-29
 200.751262      0.522  36.837466    12.4915     8.0305      0.518    31.5153    23.7922 -9.990e-29
 200.751267      0.529  36.837535    12.4928     8.0481      0.525    31.5142    23.7912 -9.990e-29
 200.751273      0.542  36.838450    12.4941     8.0541      0.537    31.5140    23.7908 -9.990e-29
 200.751279      0.558  36.839077    12.4948     8.0735      0.553    31.5140    23.7906 -9.990e-29
 200.751285      0.572  36.839577    12.4951     8.0924      0.567    31.5142    23.7908 -9.990e-29
 200.751291      0.581  36.839943    12.4942     8.0829      0.576    31.5153    23.7918 -9.990e-29
