data/oxygen options/OCNMS/OCNMS1/raw_data/2022/CAST_CA015_220922faed.cnv
* Sea-Bird SBE 19 Data File:
* FileName = C:\2022 Mooring Data\Casts\CAST_CA015_220922.hex
* Software Version SeatermAF 2.1.2
* Temperature SN = 2997
* Conductivity SN = 2997
* System UpLoad Time = Sep 22 2022 20:52:28 (localtime) = Sep 22 2022 20:52:28 (UTC)
** CAST_CA015_220922
* ds
# nquan = 9                                 
# nvalues = 905                         
# units = specified
# name 0 = timeJ: Julian Days
# name 1 = prSM: Pressure, Strain Gauge [db]
# name 2 = c0mS/cm: Conductivity [mS/cm]
# name 3 = t090C: Temperature [ITS-90, deg C]
# name 4 = sbeox0ML/L: Oxygen, SBE 43 [ml/l]
# name 5 = depSM: Depth [salt water, m], lat = 47.5
# name 6 = sal00: Salinity, Practical [PSU]
# name 7 = sigma-é00: Density [sigma-theta, kg/m^3]
# name 8 = flag: flag
# span 0 = 265.845451, 265.850683       
# span 1 =     -6.197,     14.723       
# span 2 =   0.420830,  37.758581       
# span 3 =    11.0584,    14.4723       
# span 4 =    -1.9226,    14.4405       
# span 5 =     -6.145,     14.600       
# span 6 =     0.2572,    33.3747       
# span 7 =    -0.6073,    25.4415       
# span 8 = 0.0000e+00, 0.0000e+00       
# interval = seconds: 0.5
# start_time = Sep 22 2022 20:17:27 [Instrument's time stamp, header]
# bad_flag = -9.990e-29
*END*
[from data line 801]
 265.850087     14.537  37.051080    11.1417     5.4534     14.415    32.8852    25.1042 -9.990e-29
 265.850093     14.399  37.077307    11.1824     5.4465     14.278    32.8748    25.0888 0.0000e+00
 265.850098     14.232  37.108521    11.2104     5.4240     14.113    32.8807    25.0883 0.0000e+00
 265.850104     14.040  37.140950    11.2242     5.4104     13.922    32.9004    25.1012 0.0000e+00
 265.850110     13.826  37.164038    11.2270     5.3851     13.710    32.9208    25.1165 0.0000e+00
 265.850116     13.591  37.171578    11.2226     5.3792     13.477    32.9322    25.1262 0.0000e+00
 265.850122     13.336  37.170254    11.2148     5.3760     13.224    32.9380    25.1321 0.0000e+00
 265.850127     13.071  37.166139    11.2077     5.3752     12.961    32.9404    25.1353 0.0000e+00
 265.850133     12.800  37.162144    11.2053     5.3634     12.693    32.9387    25.1344 0.0000e+00
 265.850139     12.523  37.161337    11.2079     5.3596     12.418    32.9357    25.1316 0.0000e+00
 265.850145     12.240  37.163193    11.2120     5.3565     12.137    32.9340    25.1295 0.0000e+00
 265.850150     11.954  37.165695    11.2168     5.3599     11.854    32.9323    25.1273 0.0000e+00
 265.850156     11.673  37.172732    11.2264     5.3828     11.575    32.9308    25.1244 0.0000e+00
 265.850162     11.400  37.189756    11.2421     5.4309     11.305    32.9336    25.1238 0.0000e+00
 265.850168     11.131  37.210879    11.2563     5.4664     11.038    32.9419    25.1276 0.0000e+00
 265.850174     10.856  37.220547    11.2661     5.5316     10.765    32.9428    25.1266 0.0000e+00
 265.850179     10.572  37.219317    11.2805     5.5444     10.483    32.9288    25.1131 0.0000e+00
 265.850185     10.278  37.224037    11.3005     5.6573     10.192    32.9157    25.0993 0.0000e+00
 265.850191      9.976  37.237069    11.3156     5.7557      9.893    32.9152    25.0962 0.0000e+00
 265.850197      9.672  37.247765    11.3186     5.8361      9.591    32.9232    25.1018 0.0000e+00
 265.850203      9.369  37.246845    11.3110     5.8827      9.291    32.9292    25.1079 0.0000e+00
 265.850208      9.065  37.233640    11.3003     5.8716      8.989    32.9259    25.1072 0.0000e+00
 265.850214      8.757  37.215191    11.2918     5.8719      8.684    32.9154    25.1006 0.0000e+00
 265.850220      8.447  37.195469    11.2859     5.8773      8.376    32.9014    25.0908 0.0000e+00
 265.850226      8.141  37.177869    11.2829     5.8690      8.073    32.8869    25.0800 0.0000e+00
 265.850231      7.846  37.166374    11.2824     5.8718      7.780    32.8761    25.0717 0.0000e+00
 265.850237      7.560  37.161337    11.2835     5.8751      7.497    32.8703    25.0670 0.0000e+00
 265.850243      7.272  37.160518    11.2856     5.8824      7.211    32.8678    25.0646 0.0000e+00
 265.850249      6.983  37.161136    11.2879     5.8994      6.925    32.8664    25.0632 0.0000e+00
 265.850255      6.694  37.161204    11.2892     5.9396      6.638    32.8655    25.0622 0.0000e+00
 265.850260      6.405  37.160804    11.2870     5.9473      6.351    32.8672    25.0639 0.0000e+00
 265.850266      6.114  37.158275    11.2805     5.9595      6.063    32.8706    25.0677 0.0000e+00
 265.850272      5.821  37.151357    11.2715     5.9682      5.772    32.8719    25.0704 0.0000e+00
 265.850278      5.523  37.142586    11.2635     5.9877      5.477    32.8706    25.0708 0.0000e+00
 265.850284      5.218  37.134267    11.2585     6.0122      5.174    32.8670    25.0688 0.0000e+00
 265.850289      4.909  37.125385    11.2549     6.0414      4.868    32.8616    25.0653 0.0000e+00
 265.850295      4.602  37.114736    11.2517     6.0416      4.564    32.8540    25.0600 0.0000e+00
 265.850301      4.299  37.105484    11.2499     6.0531      4.263    32.8467    25.0546 0.0000e+00
 265.850307      3.997  37.100975    11.2492     6.0509      3.964    32.8430    25.0518 0.0000e+00
 265.850312      3.699  37.098551    11.2489     6.0592      3.668    32.8410    25.0503 0.0000e+00
 265.850318      3.411  37.095531    11.2487     6.0575      3.383    32.8383    25.0483 0.0000e+00
 265.850324      3.132  37.092366    11.2487     6.0749      3.106    32.8353    25.0460 0.0000e+00
 265.850330      2.853  37.090430    11.2496     6.0844      2.829    32.8327    25.0438 0.0000e+00
 265.850336      2.569  37.089935    11.2515     6.1012      2.548    32.8307    25.0418 0.0000e+00
 265.850341      2.283  37.089841    11.2545     6.1032      2.264    32.8280    25.0392 0.0000e+00
 265.850347      2.004  37.090019    11.2593     6.1205      1.987    32.8240    25.0353 0.0000e+00
 265.850353      1.738  37.091454    11.2666     6.1148      1.723    32.8191    25.0301 0.0000e+00
 265.850359      1.495  37.094936    11.2746     6.1141      1.483    32.8155    25.0258 0.0000e+00
 265.850365      1.276  37.099692    11.2804     6.0712      1.265    32.8151    25.0245 0.0000e+00
 265.850370      1.076  37.104223    11.2837     6.1044      1.067    32.8167    25.0251 0.0000e+00
 265.850376      0.895  37.107287    11.2851     6.1148      0.888    32.8185    25.0263 0.0000e+00
 265.850382      0.738  37.108488    11.2854     6.1170      0.732    32.8195    25.0270 0.0000e+00
 265.850388      0.609  37.108869    11.2861     6.1205      0.604    32.8193    25.0267 -9.990e-29
 265.850394      0.504  37.109500    11.2875     6.0657      0.500    32.8187    25.0260 -9.990e-29
 265.850399      0.415  37.110661    11.2894     6.0945      0.412    32.8182    25.0253 -9.990e-29
 265.850405      0.342  37.112218    11.2920     6.1093      0.339    32.8175    25.0242 -9.990e-29
 265.850411      0.283  37.115129    11.2933     6.1238      0.281    32.8192    25.0254 -9.990e-29
 265.850417      0.232  37.117672    11.2910     6.1370      0.230    32.8238    25.0293 -9.990e-29
 265.850422      0.185  37.115953    11.2865     6.1136      0.183    32.8261    25.0319 -9.990e-29
 265.850428      0.147  37.111603    11.2822     6.0995      0.146    32.8257    25.0324 -9.990e-29
 265.850434      0.121  37.107228    11.2790     6.0792      0.120    32.8242    25.0318 -9.990e-29
 265.850440      0.100  37.103718    11.2773     6.0885      0.099    32.8223    25.0306 -9.990e-29
 265.850446      0.074  37.101996    11.2770     6.0821      0.073    32.8209    25.0296 -9.990e-29
 265.850451      0.043  37.102007    11.2782     6.0925      0.043    32.8198    25.0286 -9.990e-29
 265.850457      0.011  37.103764    11.2810     6.0909      0.011    32.8191    25.0275 -9.990e-29
 265.850463     -0.018  37.106247    11.2846     6.0867     -0.018    32.8183    25.0262 -9.990e-29
 265.850469     -0.045  37.108284    11.2876     6.0916     -0.045    32.8177    25.0252 -9.990e-29
 265.850475     -0.070  37.109792    11.2899     6.0887     -0.069    32.8171    25.0243 -9.990e-29
 265.850480     -0.089  37.111100    11.2915     6.1110     -0.088    32.8170    25.0240 -9.990e-29
 265.850486     -0.102  37.112272    11.2924     6.0903     -0.101    32.8174    25.0241 -9.990e-29
 265.850492     -0.112  37.112630    11.2933     6.0245     -0.111    32.8169    25.0236 -9.990e-29
 265.850498     -0.122  37.112090    11.2940     5.9403     -0.121    32.8158    25.0225 -9.990e-29
 265.850503     -0.138  37.111614    11.2933     6.6974     -0.137    32.8159    25.0228 -9.990e-29
 265.850509     -0.161  37.111126    11.2909     6.9916     -0.160    32.8176    25.0245 -9.990e-29
 265.850515     -0.193  37.108855    11.2889     6.9779     -0.191    32.8172    25.0245 -9.990e-29
 265.850521     -0.234  37.104017    11.2917     6.9117     -0.232    32.8099    25.0184 -9.990e-29
 265.850527     -0.285  37.095204    11.3035     6.8267     -0.283    32.7908    25.0014 -9.990e-29
 265.850532     -0.334  37.072904    11.3266     6.7685     -0.331    32.7483    24.9642 -9.990e-29
 265.850538     -0.377  37.006266    11.3598     6.7043     -0.374    32.6535    24.8845 -9.990e-29
 265.850544     -0.416  36.802517    11.3972     6.6966     -0.413    32.4207    24.6968 -9.990e-29
 265.850550     -0.450  36.183832    11.4343     6.6974     -0.446    31.7833    24.1949 -9.990e-29
 265.850556     -0.476  34.319140    11.4711     6.6848     -0.472    29.9405    22.7572 -9.990e-29
 265.850561     -0.497  28.716587    11.5048     6.6762     -0.493    24.5656    18.5836 -9.990e-29
 265.850567     -0.513  19.335395    11.5311     6.6634     -0.509    15.9164    11.8866 -9.990e-29
 265.850573     -0.525  11.445438    11.5505     6.6945     -0.521     9.0072     6.5418 -9.990e-29
 265.850579     -0.535   7.788423    11.5678     6.6374     -0.531     5.9481     4.1720 -9.990e-29
 265.850584     -0.543   6.425605    11.5878     6.6980     -0.538     4.8371     3.3087 -9.990e-29
 265.850590     -0.548   5.670451    11.6111     6.6975     -0.543     4.2289     2.8344 -9.990e-29
 265.850596     -0.553   5.044866    11.6370     6.7029     -0.548     3.7301     2.4444 -9.990e-29
 265.850602     -0.557   4.449522    11.6669     6.7059     -0.552     3.2601     2.0761 -9.990e-29
 265.850608     -0.559   3.782407    11.7002     6.6368     -0.554     2.7403     1.6686 -9.990e-29
 265.850613     -0.561   3.195712    11.7343     6.6727     -0.556     2.2893     1.3142 -9.990e-29
 265.850619     -0.563   2.913672    11.7687     6.6837     -0.558     2.0739     1.1427 -9.990e-29
 265.850625     -0.565   2.885291    11.8033     6.7049     -0.560     2.0506     1.1206 -9.990e-29
 265.850631     -0.566   2.833125    11.8371 -9.990e-29     -0.561     2.0096     1.0848 -9.990e-29
 265.850637     -0.566   2.613825    11.8699 -9.990e-29     -0.561     1.8438     0.9520 -9.990e-29
 265.850642     -0.567   2.389741    11.9011 -9.990e-29     -0.562     1.6758     0.8177 -9.990e-29
 265.850648     -0.567   2.333433    11.9302 -9.990e-29     -0.562     1.6329     0.7809 -9.990e-29
 265.850654     -0.567   2.454068    11.9578 -9.990e-29     -0.562     1.7209     0.8461 -9.990e-29
 265.850660     -0.568   2.578730    11.9839 -9.990e-29     -0.563     1.8122     0.9140 -9.990e-29
 265.850666     -0.568   2.589772    12.0064 -9.990e-29     -0.563     1.8193     0.9168 -9.990e-29
 265.850671     -0.568   2.529640    12.0230 -9.990e-29     -0.563     1.7739     0.8796 -9.990e-29
 265.850677     -0.568   2.457340    12.0295 -9.990e-29     -0.563     1.7201     0.8370 -9.990e-29
 265.850683     -0.568   2.388482 -9.990e-29 -9.990e-29     -0.563 -9.990e-29 -9.990e-29 -9.990e-29
